{"lowlevel": {"average_loudness": 0.801513135433, "barkbands_crest": {"dmean": 1.57513809204, "dmean2": 2.418415308, "dvar": 3.02652835846, "dvar2": 7.74417591095, "max": 24.8772068024, "mean": 12.6294326782, "median": 11.9780607224, "min": 3.85835051537, "var": 16.4889793396}, "barkbands_flatness_db": {"dmean": 0.0164127256721, "dmean2": 0.0260835755616, "dvar": 0.000353927956894, "dvar2": 0.000819712586235, "max": 0.59743976593, "mean": 0.329479157925, "median": 0.316155433655, "min": 0.0532276853919, "var": 0.00711094308645}, "barkbands_kurtosis": {"dmean": 1.19865119457, "dmean2": 1.7993555069, "dvar": 2.89747333527, "dvar2": 6.60114765167, "max": 39.5193328857, "mean": 3.10791897774, "median": 2.01772117615, "min": -1.55949032307, "var": 14.1183109283}, "barkbands_skewness": {"dmean": 0.273268193007, "dmean2": 0.405239462852, "dvar": 0.0850178673863, "dvar2": 0.187533795834, "max": 4.11357498169, "mean": 0.997543513775, "median": 0.967312097549, "min": -3.11911869049, "var": 0.635550141335}, "barkbands_spread": {"dmean": 0.825186908245, "dmean2": 1.26872718334, "dvar": 1.40504729748, "dvar2": 3.36396837234, "max": 37.1594810486, "mean": 5.10617876053, "median": 4.55907535553, "min": 0.476520270109, "var": 9.18323898315}, "dissonance": {"dmean": 0.029830057174, "dmean2": 0.0505646318197, "dvar": 0.00102583854459, "dvar2": 0.00275359302759, "max": 0.499812304974, "mean": 0.375338971615, "median": 0.390811234713, "min": 0.0717457905412, "var": 0.00525556737557}, "dynamic_complexity": 3.59790873528, "erbbands_crest": {"dmean": 1.91811811924, "dmean2": 2.86774492264, "dvar": 5.37201929092, "dvar2": 12.1172046661, "max": 30.9031028748, "mean": 14.1296453476, "median": 12.9823074341, "min": 2.73513960838, "var": 30.5327663422}, "erbbands_flatness_db": {"dmean": 0.0124661987647, "dmean2": 0.019295565784, "dvar": 0.000227614917094, "dvar2": 0.000469606748084, "max": 0.574001967907, "mean": 0.360004246235, "median": 0.347293227911, "min": 0.0834834650159, "var": 0.0051935557276}, "erbbands_kurtosis": {"dmean": 0.86728990078, "dmean2": 1.28873300552, "dvar": 2.267973423, "dvar2": 4.84578084946, "max": 36.5692405701, "mean": 1.46008014679, "median": 0.715576171875, "min": -1.63463079929, "var": 8.34470558167}, "erbbands_skewness": {"dmean": 0.239281326532, "dmean2": 0.351105153561, "dvar": 0.0698579475284, "dvar2": 0.150232166052, "max": 4.15749359131, "mean": 0.741423845291, "median": 0.672155201435, "min": -2.21321511269, "var": 0.514819920063}, "erbbands_spread": {"dmean": 1.64099001884, "dmean2": 2.43932843208, "dvar": 4.39881134033, "dvar2": 8.98652744293, "max": 43.7593574524, "mean": 11.3045225143, "median": 10.1104516983, "min": 0.994123101234, "var": 34.1177177429}, "hfc": {"dmean": 1.98886358738, "dmean2": 2.65786910057, "dvar": 22.1535873413, "dvar2": 42.0904884338, "max": 86.8986129761, "mean": 8.43390655518, "median": 5.42803478241, "min": 1.08236113314e-16, "var": 77.6913299561}, "melbands_crest": {"dmean": 1.9268194437, "dmean2": 2.96582245827, "dvar": 5.14512968063, "dvar2": 13.4025907516, "max": 31.0916481018, "mean": 15.3370609283, "median": 14.2754297256, "min": 1.70216393471, "var": 28.834405899}, "melbands_flatness_db": {"dmean": 0.0174145586789, "dmean2": 0.0274034347385, "dvar": 0.000459595350549, "dvar2": 0.00108256505337, "max": 0.746665000916, "mean": 0.423164397478, "median": 0.406130284071, "min": 0.00329345744103, "var": 0.0116795441136}, "melbands_kurtosis": {"dmean": 1.40978896618, "dmean2": 2.10481643677, "dvar": 3.76848196983, "dvar2": 8.56119823456, "max": 35.075176239, "mean": 3.9499669075, "median": 2.64196681976, "min": -1.53109669685, "var": 20.0781841278}, "melbands_skewness": {"dmean": 0.28069922328, "dmean2": 0.41372063756, "dvar": 0.0906324237585, "dvar2": 0.198208600283, "max": 4.81641769409, "mean": 1.24081885815, "median": 1.18273186684, "min": -2.31448626518, "var": 0.618707895279}, "melbands_spread": {"dmean": 1.27202773094, "dmean2": 1.92303025723, "dvar": 7.96555900574, "dvar2": 15.0092134476, "max": 191.461929321, "mean": 8.09110450745, "median": 7.02542734146, "min": 0.856850385666, "var": 74.8899688721}, "pitch_salience": {"dmean": 0.0437872335315, "dmean2": 0.0678527578712, "dvar": 0.0024559746962, "dvar2": 0.00581801310182, "max": 0.905278623104, "mean": 0.527520477772, "median": 0.528835177422, "min": 0.164131999016, "var": 0.0116141363978}, "silence_rate_20dB": {"dmean": 0, "dmean2": 0, "dvar": 0, "dvar2": 0, "max": 1, "mean": 1, "median": 1, "min": 1, "var": 0}, "silence_rate_30dB": {"dmean": 0.00908152759075, "dmean2": 0.0181649290025, "dvar": 0.00899977050722, "dvar2": 0.0217579826713, "max": 1, "mean": 0.991538524628, "median": 1, "min": 0, "var": 0.00838990136981}, "silence_rate_60dB": {"dmean": 0.0156862754375, "dmean2": 0.0313757881522, "dvar": 0.0154392281547, "dvar2": 0.0330749601126, "max": 1, "mean": 0.0593334026635, "median": 0, "min": 0, "var": 0.0558064207435}, "spectral_centroid": {"dmean": 35.4626960754, "dmean2": 52.3773040771, "dvar": 9077.35546875, "dvar2": 13076.2373047, "max": 11565.3935547, "mean": 542.960571289, "median": 477.066680908, "min": 243.112258911, "var": 398540.625}, "spectral_complexity": {"dmean": 1.1038184166, "dmean2": 1.84105682373, "dvar": 1.15805482864, "dvar2": 2.6779255867, "max": 19, "mean": 9.66329574585, "median": 10, "min": 0, "var": 7.46442270279}, "spectral_decrease": {"dmean": 1.18521215065e-09, "dmean2": 1.61248836505e-09, "dvar": 8.06984005281e-18, "dvar2": 1.55240161931e-17, "max": 2.28515993466e-28, "mean": -4.84642548315e-09, "median": -3.04293834574e-09, "min": -5.02627273136e-08, "var": 2.69552254334e-17}, "spectral_energy": {"dmean": 0.00464796507731, "dmean2": 0.00631752423942, "dvar": 0.000124141573906, "dvar2": 0.000238685141085, "max": 0.197585061193, "mean": 0.0190563946962, "median": 0.0119842346758, "min": 1.02186653623e-20, "var": 0.000415242742747}, "spectral_energyband_high": {"dmean": 6.22849199772e-07, "dmean2": 1.01269472452e-06, "dvar": 1.62885601274e-12, "dvar2": 4.33455138102e-12, "max": 3.10731556965e-05, "mean": 1.94289305e-06, "median": 9.52606569626e-07, "min": 7.17509630364e-21, "var": 8.3191916897e-12}, "spectral_energyband_low": {"dmean": 0.000640932354145, "dmean2": 0.00100183917675, "dvar": 2.66839242613e-06, "dvar2": 6.04606793786e-06, "max": 0.0353127941489, "mean": 0.0014455714263, "median": 0.000537968298886, "min": 1.88867799973e-23, "var": 7.30588817532e-06}, "spectral_energyband_middle_high": {"dmean": 0.000395546201617, "dmean2": 0.000537683372386, "dvar": 8.37852383029e-07, "dvar2": 1.47126638694e-06, "max": 0.0288324374706, "mean": 0.00190655014012, "median": 0.0010619336972, "min": 1.1345499018e-21, "var": 5.88440070715e-06}, "spectral_energyband_middle_low": {"dmean": 0.00430232100189, "dmean2": 0.00590332131833, "dvar": 0.000108474501758, "dvar2": 0.000212189086596, "max": 0.179931923747, "mean": 0.0162251647562, "median": 0.00963001698256, "min": 1.90914373374e-22, "var": 0.00034073140705}, "spectral_entropy": {"dmean": 0.105199873447, "dmean2": 0.158728003502, "dvar": 0.019956542179, "dvar2": 0.0386020503938, "max": 9.82451248169, "mean": 5.81496477127, "median": 5.86617660522, "min": 3.94831228256, "var": 0.391880959272}, "spectral_flux": {"dmean": 0.0149457380176, "dmean2": 0.0243436694145, "dvar": 0.000930790265556, "dvar2": 0.00232930388302, "max": 0.354346305132, "mean": 0.0332359485328, "median": 0.0233400110155, "min": 6.51875359248e-11, "var": 0.00115223007742}, "spectral_kurtosis": {"dmean": 31.9503288269, "dmean2": 55.7332687378, "dvar": 2097.02685547, "dvar2": 6192.56103516, "max": 633.63885498, "mean": 99.8872451782, "median": 52.8261604309, "min": -1.25057446957, "var": 12084.2988281}, "spectral_rms": {"dmean": 0.000440646981588, "dmean2": 0.000586060225032, "dvar": 6.41817848646e-07, "dvar2": 1.0868757272e-06, "max": 0.0138840163127, "mean": 0.00387362577021, "median": 0.00341934734024, "min": 3.15744023809e-12, "var": 3.58666579814e-06}, "spectral_rolloff": {"dmean": 60.6281356812, "dmean2": 103.535812378, "dvar": 74740.1875, "dvar2": 121926.265625, "max": 19659.8144531, "mean": 739.008361816, "median": 667.529296875, "min": 258.3984375, "var": 1216085.875}, "spectral_skewness": {"dmean": 1.30088591576, "dmean2": 2.27946710587, "dvar": 1.72402906418, "dvar2": 4.94717407227, "max": 20.6328048706, "mean": 6.47860765457, "median": 5.05660963058, "min": -0.0593023262918, "var": 16.5993728638}, "spectral_spread": {"dmean": 259474.75, "dmean2": 456043.40625, "dvar": 160525221888, "dvar2": 369212882944, "max": 43239900, "mean": 1351408.125, "median": 1216215.625, "min": 133977.890625, "var": 5637102632960.0}, "spectral_strongpeak": {"dmean": 0.293944746256, "dmean2": 0.45035597682, "dvar": 0.275597661734, "dvar2": 0.577670156956, "max": 7.1225399971, "mean": 1.29797959328, "median": 1.01729393005, "min": 0, "var": 1.00852537155}, "zerocrossingrate": {"dmean": 0.00205798703246, "dmean2": 0.00258992146701, "dvar": 3.87741201848e-05, "dvar2": 6.2559491198e-05, "max": 0.52490234375, "mean": 0.0258787050843, "median": 0.02294921875, "min": 0.009765625, "var": 0.00085889804177}, "barkbands": {"dmean": [6.1645414462e-06, 8.1383586803e-05, 0.000401826924644, 0.000501908361912, 0.000886843423359, 0.000653953815345, 0.00261033838615, 0.000390064669773, 0.000446262361947, 0.000293483491987, 4.76556742797e-05, 8.36595936562e-05, 3.4868815419e-05, 7.48211314203e-05, 1.8215556338e-05, 1.59629926202e-05, 9.97591723717e-06, 5.87396516494e-06, 1.55255247591e-06, 8.85688336894e-07, 3.4557234585e-07, 8.35404279087e-08, 1.75001879654e-08, 7.632433352e-09, 2.76515033093e-09, 1.52870649472e-09, 1.2721322884e-09], "dmean2": [1.08938011181e-05, 0.000133399691549, 0.000645838910714, 0.000768873491324, 0.00116944126785, 0.00100600358564, 0.00374094443396, 0.00049141375348, 0.000606638728641, 0.000395985116484, 6.6316461016e-05, 0.000123995618196, 5.21138936165e-05, 0.00010494968592, 3.01131040032e-05, 2.61553650489e-05, 1.59107803483e-05, 9.67043797573e-06, 2.61800664703e-06, 1.47665173245e-06, 5.77593198159e-07, 1.37531884548e-07, 2.85991923477e-08, 1.278906403e-08, 4.68938443632e-09, 2.64021693397e-09, 2.23996576842e-09], "dvar": [7.00975527623e-11, 5.84299080231e-08, 9.23045263335e-07, 2.28363933275e-06, 2.83559074887e-06, 2.61127820522e-06, 6.75096453051e-05, 2.50395578405e-06, 3.13323653245e-06, 5.62848924801e-07, 2.15183373342e-08, 2.70773785616e-08, 4.62069804641e-09, 5.07706516828e-08, 1.28524024756e-09, 1.23658849827e-09, 4.90773310879e-10, 1.20698687156e-10, 9.15264218582e-12, 2.64861006391e-12, 9.4832529416e-13, 2.56439834645e-14, 2.26104116204e-15, 5.71098518038e-16, 1.47185308737e-17, 6.25872437931e-18, 4.43511621061e-18], "dvar2": [1.8888864084e-10, 1.29337408339e-07, 2.27664190788e-06, 5.0916391956e-06, 4.41202837465e-06, 5.90662693867e-06, 0.000133498513605, 4.23701749241e-06, 6.93762422088e-06, 1.0556630059e-06, 4.09558538195e-08, 5.50481793482e-08, 1.04990096617e-08, 7.43849213336e-08, 3.36285510549e-09, 3.21120707802e-09, 1.06704656222e-09, 3.27344235052e-10, 2.51959494935e-11, 7.32354801802e-12, 2.50620748113e-12, 6.72487510556e-14, 5.21918027527e-15, 1.45280581778e-15, 4.14509469373e-17, 1.8117596336e-17, 1.33669897175e-17], "max": [0.000279271713225, 0.00724349170923, 0.0248547904193, 0.036232419312, 0.0425414741039, 0.047136798501, 0.150291755795, 0.05299603194, 0.0754079818726, 0.0203430783004, 0.0064219115302, 0.0065059713088, 0.00235719024204, 0.0112188337371, 0.000593862496316, 0.000717549584806, 0.000603971711826, 0.000159631003044, 4.97926703247e-05, 3.37619057973e-05, 2.56168987107e-05, 3.41869190379e-06, 1.64472760389e-06, 9.27248777316e-07, 9.79040706284e-08, 9.69246443105e-08, 9.25680652131e-08], "mean": [6.08217214904e-06, 0.000186596706044, 0.000766911893152, 0.00106859265361, 0.00349537283182, 0.00224246224388, 0.00689786067232, 0.00113469944336, 0.00132056616712, 0.00130024377722, 9.67617816059e-05, 0.000209857375012, 8.80602892721e-05, 0.000147025028127, 3.28823589371e-05, 2.83798708551e-05, 1.75899112946e-05, 1.03370739453e-05, 3.05473758999e-06, 2.05385049412e-06, 7.65689605942e-07, 2.37203806819e-07, 5.20905096835e-08, 2.34735306748e-08, 9.69737090628e-09, 4.19272927488e-09, 2.30435270865e-09], "median": [3.18927027365e-06, 5.54090584046e-05, 0.0002519278205, 0.000256011437159, 0.00177313596942, 0.0011868069414, 0.00180952122901, 0.000199412883376, 0.000332201365381, 0.000471522420412, 2.18278146349e-05, 0.000105924576928, 5.04067902511e-05, 4.754987458e-05, 1.50742889673e-05, 1.34833562697e-05, 7.03555042492e-06, 3.80149413104e-06, 1.41079351579e-06, 8.20105810817e-07, 2.95311906484e-07, 1.14653417427e-07, 2.74165596892e-08, 1.62458437813e-08, 7.3029764458e-09, 2.93424551323e-09, 1.45399170481e-09], "min": [6.99090506359e-26, 4.52409835878e-24, 4.89586996518e-25, 1.8238519349e-24, 1.22382807985e-23, 1.20218694309e-23, 2.74164915741e-23, 8.23575518216e-24, 1.65768769377e-23, 2.03189664371e-23, 2.96832612971e-23, 3.1430622912e-23, 2.88436829466e-23, 3.76396271902e-23, 6.41302011653e-23, 3.74675008961e-23, 7.59714956019e-23, 1.05189168037e-22, 9.16166205255e-23, 1.93249300679e-22, 2.77608987789e-22, 2.89587102261e-22, 4.26212181734e-22, 6.69076731275e-22, 8.85111629181e-22, 1.36842835375e-21, 1.88124297308e-21], "var": [7.64183299973e-11, 1.48787918874e-07, 2.27210966841e-06, 6.19659704171e-06, 2.30029236263e-05, 9.81881385087e-06, 0.000189679456525, 1.1484928109e-05, 9.50679532252e-06, 4.03183094022e-06, 7.69824026747e-08, 1.31010921223e-07, 1.35749020913e-08, 1.85917571116e-07, 2.4877933047e-09, 2.20111884275e-09, 1.0858036692e-09, 2.33507990721e-10, 2.22486352258e-11, 8.44277078804e-12, 2.32040840535e-12, 1.11068814736e-13, 6.16300960664e-15, 9.82390188654e-16, 8.08737330394e-17, 1.82511562265e-17, 6.70979713427e-18]}, "erbbands": {"dmean": [0.000703961180989, 0.0275842379779, 0.330573916435, 1.12506580353, 1.38272285461, 3.99407696724, 4.5673956871, 7.74256706238, 44.3892211914, 11.2657308578, 8.06451129913, 8.80067634583, 9.76280117035, 5.23782300949, 2.31630301476, 2.44893527031, 2.05432343483, 2.08127212524, 2.66268730164, 1.00060331821, 0.75046390295, 0.51065081358, 0.309271901846, 0.13260127604, 0.0688586682081, 0.0308753922582, 0.0226030889899, 0.00754816783592, 0.00345744402148, 0.000964454899076, 0.000536560022738, 0.000261993525783, 6.47197593935e-05, 4.05486316595e-05, 1.74770284502e-05, 9.54346887738e-06, 3.08213316202e-06, 9.52710138336e-07, 2.22707762987e-06, 5.19159812029e-06], "dmean2": [0.00117016059812, 0.0446443855762, 0.530367076397, 1.73590219021, 2.05277395248, 5.26599502563, 6.15310716629, 11.7228450775, 64.0950393677, 16.1555080414, 9.73771190643, 12.2920370102, 12.7034664154, 7.19096946716, 3.28654360771, 3.60825634003, 3.03334093094, 3.06782364845, 3.71922421455, 1.64001011848, 1.21429800987, 0.799667954445, 0.510305404663, 0.21856340766, 0.115590155125, 0.0512425266206, 0.0376430749893, 0.0126668922603, 0.00567552028224, 0.00161373417359, 0.000857107748743, 0.000435495428974, 0.000108797983557, 6.80471930536e-05, 2.93968187179e-05, 1.56365094881e-05, 4.9222094276e-06, 1.60491424595e-06, 3.04274522023e-06, 7.04685180608e-06], "dvar": [5.17295893587e-06, 0.00602352293208, 0.610869348049, 10.2071018219, 20.1019878387, 65.0804595947, 95.0520095825, 495.081848145, 22262.1894531, 959.747375488, 888.949645996, 1782.02929688, 516.732788086, 141.498260498, 30.0213260651, 15.4493789673, 12.1311759949, 24.50091362, 87.0108642578, 3.45404291153, 1.63633704185, 1.94809365273, 0.330513358116, 0.0513705164194, 0.0147521030158, 0.0029553163331, 0.00344972359017, 0.000228148550377, 4.85045711685e-05, 2.87742727778e-06, 3.77698370357e-06, 8.17502098016e-07, 2.03261176779e-08, 3.35294569886e-09, 6.09311379129e-10, 2.27882504533e-10, 2.411536075e-11, 2.33902437349e-12, 2.74345147294e-11, 1.54774873473e-10], "dvar2": [1.30814723889e-05, 0.0134470611811, 1.4586905241, 22.7054710388, 41.4154663086, 96.4063568115, 147.650650024, 1076.64172363, 44727.1328125, 2077.41967773, 1495.30627441, 4059.55126953, 952.045898438, 285.993286133, 56.0843925476, 32.3698310852, 26.9370441437, 53.7548713684, 120.908180237, 9.40779304504, 4.16094970703, 3.9467997551, 0.915700852871, 0.137932091951, 0.0412048771977, 0.00813983380795, 0.00929415225983, 0.000623079540674, 0.000126487939269, 7.63975731388e-06, 8.20903824206e-06, 2.05453716262e-06, 5.29848378505e-08, 9.23183662849e-09, 1.73788305968e-09, 6.14505168972e-10, 5.82271592053e-11, 6.53696541342e-12, 5.22114504409e-11, 2.9723506989e-10], "max": [0.074263304472, 2.29994416237, 23.5677471161, 77.6826324463, 135.769989014, 208.292282104, 385.168945312, 404.742553711, 2729.26904297, 712.802307129, 962.91607666, 1899.70544434, 638.464477539, 309.646057129, 197.210098267, 129.755935669, 120.712394714, 154.631347656, 475.582946777, 42.7990150452, 22.5478172302, 42.9705314636, 8.55194759369, 3.04662132263, 2.31466889381, 0.945766210556, 1.51515269279, 0.338852882385, 0.158690154552, 0.0387009195983, 0.0726436451077, 0.0350345559418, 0.00531090563163, 0.00112637376878, 0.00067436369136, 0.000393724854803, 0.000176765330252, 6.3406638219e-05, 9.41579201026e-05, 0.000221417445573], "mean": [0.00151824217755, 0.0673952922225, 0.726313114166, 2.34627819061, 3.4302239418, 14.0907297134, 21.165813446, 25.918800354, 117.391433716, 30.1559562683, 24.9539642334, 25.2550601959, 42.9756317139, 21.3123970032, 5.77175188065, 6.64157581329, 5.52459859848, 4.47560596466, 5.46490526199, 1.82005918026, 1.41005325317, 0.961512207985, 0.609109044075, 0.29122710228, 0.149727627635, 0.0822296068072, 0.0521097369492, 0.0201510731131, 0.00964305363595, 0.00325047760271, 0.00152455701027, 0.000763767166063, 0.000259761756752, 0.000144538033055, 6.64348335704e-05, 3.22831801896e-05, 1.20437389342e-05, 2.94722462968e-06, 9.42769474932e-06, 2.1383715648e-05], "median": [0.000692060333677, 0.0228768642992, 0.256032288074, 0.612643122673, 1.3088350296, 6.96206045151, 9.14368057251, 12.1886415482, 27.3912315369, 12.669175148, 5.56168079376, 8.20581817627, 21.9409427643, 10.1448230743, 2.41571497917, 3.8423409462, 3.64579963684, 1.76547110081, 1.9144141674, 1.0159047842, 0.806491672993, 0.422283381224, 0.278598636389, 0.152154251933, 0.0817082673311, 0.0365263968706, 0.0195383168757, 0.00937773287296, 0.00466294074431, 0.0019792127423, 0.000771677296143, 0.000501859409269, 0.000198534631636, 0.00011234030535, 5.17719672644e-05, 2.48204669333e-05, 9.61561090662e-06, 2.39824180426e-06, 6.16751458438e-06, 1.34824404086e-05], "min": [8.34357984613e-23, 8.51200152318e-22, 1.68736363128e-21, 6.95503071778e-21, 2.76824522291e-20, 3.78558819594e-20, 4.41938593662e-20, 9.38477311608e-20, 2.12854031405e-19, 2.47400570529e-19, 1.87630606192e-19, 4.94276036466e-19, 6.91099113729e-19, 5.3331932327e-19, 1.19664745059e-18, 1.47911112162e-18, 1.35346641907e-18, 2.28259911008e-18, 2.86379006373e-18, 3.64565420681e-18, 3.52812424948e-18, 4.54950867188e-18, 5.52278220191e-18, 6.71995408502e-18, 6.23888403873e-18, 9.56224841296e-18, 1.04305638902e-17, 1.06047457933e-17, 1.0770159582e-17, 1.18183562367e-17, 1.16266620929e-17, 1.23883556435e-17, 1.02793122608e-17, 9.15156647372e-18, 7.03854187076e-18, 4.93227905572e-18, 2.43974150617e-18, 8.99418502242e-19, 2.45068489888e-19, 2.84185718884e-20], "var": [7.76485649112e-06, 0.0162712596357, 1.88796627522, 27.2627220154, 63.320110321, 406.013580322, 1085.24755859, 1336.08337402, 60447.046875, 2347.42163086, 4025.23071289, 4790.45654297, 3133.88745117, 846.75189209, 131.266403198, 75.0290298462, 40.475315094, 72.0939559937, 323.73614502, 5.9023103714, 3.37643456459, 4.4444975853, 0.722720265388, 0.142295449972, 0.0405122973025, 0.0126071413979, 0.00981606636196, 0.000923478452023, 0.000195456828806, 1.68495498656e-05, 7.16916611054e-06, 1.27291980334e-06, 6.80636063066e-08, 1.64823994453e-08, 3.1078362106e-09, 7.94909804647e-10, 8.97270729938e-11, 5.75222855459e-12, 9.40379926706e-11, 5.19258080978e-10]}, "gfcc": {"mean": [-182.851928711, 225.684631348, -125.414367676, -40.5251426697, -45.5567550659, -26.7957954407, -30.3120708466, -19.6909294128, -10.6420297623, -14.2695446014, -7.63009309769, -11.0643463135, -0.272313296795], "cov": [[8734.85644531, -97.2003250122, -2114.74536133, 1341.3605957, -350.793823242, -630.459777832, -12.2875547409, -96.9784622192, -62.9625778198, -124.106193542, -23.4970664978, -102.284416199, -19.1553173065], [-97.2003250122, 1329.89038086, 947.538269043, -933.093200684, 161.983276367, 165.648803711, -49.0179824829, -43.8122291565, 103.943359375, -46.6048622131, -13.7958431244, -74.2252426147, -45.7088851929], [-2114.74536133, 947.538269043, 1415.02099609, -960.042724609, 165.353134155, 257.897735596, -54.7864685059, 7.31482362747, 116.242591858, -1.13171112537, -38.3316230774, -50.3901672363, -39.4769020081], [1341.3605957, -933.093200684, -960.042724609, 1200.43798828, -80.5944366455, -205.87663269, 88.6010971069, 28.3949279785, -89.6589431763, -7.31580257416, -34.9733390808, -13.704539299, -19.4131031036], [-350.793823242, 161.983276367, 165.353134155, -80.5944366455, 148.195053101, 75.8723144531, -4.68557834625, 16.2199764252, 16.8408184052, -13.5836200714, -4.8893032074, -5.37058019638, -21.0156230927], [-630.459777832, 165.648803711, 257.897735596, -205.87663269, 75.8723144531, 187.086654663, 28.026763916, 21.3810024261, 10.1402587891, 0.35472381115, -5.64908313751, 12.090968132, -6.74973583221], [-12.2875547409, -49.0179824829, -54.7864685059, 88.6010971069, -4.68557834625, 28.026763916, 108.371528625, 30.2595386505, -6.64286661148, 9.81743621826, 17.2356014252, 4.9615893364, -8.60976886749], [-96.9784622192, -43.8122291565, 7.31482362747, 28.3949279785, 16.2199764252, 21.3810024261, 30.2595386505, 72.7759933472, 21.2462291718, 0.192654058337, -1.32998585701, 11.8916692734, -2.78354358673], [-62.9625778198, 103.943359375, 116.242591858, -89.6589431763, 16.8408184052, 10.1402587891, -6.64286661148, 21.2462291718, 69.9962539673, 20.8892440796, -0.647373437881, -6.11492300034, -0.931012272835], [-124.106193542, -46.6048622131, -1.13171112537, -7.31580257416, -13.5836200714, 0.35472381115, 9.81743621826, 0.192654058337, 20.8892440796, 64.8017654419, 34.900642395, 10.4855918884, 2.47253799438], [-23.4970664978, -13.7958431244, -38.3316230774, -34.9733390808, -4.8893032074, -5.64908313751, 17.2356014252, -1.32998585701, -0.647373437881, 34.900642395, 83.3037948608, 47.4864044189, 10.3007860184], [-102.284416199, -74.2252426147, -50.3901672363, -13.704539299, -5.37058019638, 12.090968132, 4.9615893364, 11.8916692734, -6.11492300034, 10.4855918884, 47.4864044189, 79.3560562134, 34.8969573975], [-19.1553173065, -45.7088851929, -39.4769020081, -19.4131031036, -21.0156230927, -6.74973583221, -8.60976886749, -2.78354358673, -0.931012272835, 2.47253799438, 10.3007860184, 34.8969573975, 57.3376045227]], "icov": [[0.000573893543333, -0.00149213243276, 0.00120580906514, -0.000811135512777, 0.00131784204859, 0.000136437942274, 0.000765262346249, -0.000412246008636, -0.000555139733478, 0.000342766172253, -8.06880561868e-05, -6.89006483299e-05, 0.00018439903215], [-0.00149213243276, 0.00682117696851, -0.00362217193469, 0.00385607779026, -0.00496224034578, 0.000185357872397, -0.00348652200773, 0.00344179733656, -0.00131763506215, 0.0026645725593, -0.00138466665521, 0.002435865812, 0.000227513737627], [0.00120580906514, -0.00362217193469, 0.00475362921134, -0.000496515713166, 0.00216198363341, -0.000615091877989, 0.00169055256993, -0.00120990897994, -0.00187127012759, -0.000273445242783, 0.00146053673234, -0.000162427400937, 0.00135304732248], [-0.000811135512777, 0.00385607779026, -0.000496515713166, 0.00481404270977, -0.00396870914847, 0.00195798673667, -0.00376598839648, 0.00115128140897, 0.00065263552824, -0.000252683879808, 0.00259737530723, 0.000357592449291, 0.00169459311292], [0.00131784204859, -0.00496224034578, 0.00216198363341, -0.00396870914847, 0.0144566213712, -0.0046761049889, 0.00524808093905, -0.00316050183028, -0.00247686263174, 0.00336551479995, -0.0033918232657, -0.000131344859255, 0.00251602940261], [0.000136437942274, 0.000185357872397, -0.000615091877989, 0.00195798673667, -0.0046761049889, 0.011789242737, -0.00505683431402, -0.000596773636062, 0.00310902507044, -0.00331967999227, 0.00637258123606, -0.00522615248337, 0.00154794042464], [0.000765262346249, -0.00348652200773, 0.00169055256993, -0.00376598839648, 0.00524808093905, -0.00505683431402, 0.0163176301867, -0.00750871561468, 0.00191233062651, -0.00044622819405, -0.00649212813005, 0.00354002974927, -0.000158828959684], [-0.000412246008636, 0.00344179733656, -0.00120990897994, 0.00115128140897, -0.00316050183028, -0.000596773636062, -0.00750871561468, 0.0231900326908, -0.0108276233077, 0.00503686629236, 0.0026689239312, -0.00564402667806, 0.00349504523911], [-0.000555139733478, -0.00131763506215, -0.00187127012759, 0.00065263552824, -0.00247686263174, 0.00310902507044, 0.00191233062651, -0.0108276233077, 0.0275778193027, -0.0142530212179, 0.00498135667294, 0.000202126131626, -0.00303910463117], [0.000342766172253, 0.0026645725593, -0.000273445242783, -0.000252683879808, 0.00336551479995, -0.00331967999227, -0.00044622819405, 0.00503686629236, -0.0142530212179, 0.0313948579133, -0.0173321571201, 0.00800638459623, -0.000359243858838], [-8.06880561868e-05, -0.00138466665521, 0.00146053673234, 0.00259737530723, -0.0033918232657, 0.00637258123606, -0.00649212813005, 0.0026689239312, 0.00498135667294, -0.0173321571201, 0.0342842489481, -0.0224728062749, 0.0077624223195], [-6.89006483299e-05, 0.002435865812, -0.000162427400937, 0.000357592449291, -0.000131344859255, -0.00522615248337, 0.00354002974927, -0.00564402667806, 0.000202126131626, 0.00800638459623, -0.0224728062749, 0.0358736328781, -0.0166159234941], [0.00018439903215, 0.000227513737627, 0.00135304732248, 0.00169459311292, 0.00251602940261, 0.00154794042464, -0.000158828959684, 0.00349504523911, -0.00303910463117, -0.000359243858838, 0.0077624223195, -0.0166159234941, 0.0291235260665]]}, "melbands": {"dmean": [1.33277926579e-05, 0.000127796884044, 0.000203273491934, 0.000156047710334, 0.000179312381078, 0.000219426947297, 0.000592164753471, 0.000104773513158, 6.66001942591e-05, 5.58639585506e-05, 5.2285460697e-05, 2.69919564744e-05, 8.02946033218e-06, 7.6103920037e-06, 7.93834533397e-06, 3.11508506456e-06, 4.33100649389e-06, 5.73299257667e-06, 1.24309747207e-06, 1.49804566263e-06, 8.6279220568e-07, 6.31994225841e-07, 2.4309989044e-07, 4.22196052341e-07, 8.15624474626e-08, 5.75167682371e-08, 5.6267207782e-08, 2.06053005769e-08, 1.64450355555e-08, 1.0225921443e-08, 3.69373753806e-09, 2.6454221036e-09, 1.16868070776e-09, 4.51676945845e-10, 4.07054306928e-10, 2.01628047591e-10, 1.53811477444e-10, 5.18220744095e-11, 3.92242176239e-11, 3.89466132955e-11], "dmean2": [2.1653733711e-05, 0.00020488256996, 0.000307109818095, 0.000211704013054, 0.000239525907091, 0.000329845410306, 0.000857364910189, 0.000147331840708, 8.38263295009e-05, 7.67014935263e-05, 6.79633012624e-05, 3.68079272448e-05, 1.12786137834e-05, 1.12211982923e-05, 1.16622777568e-05, 4.71717794426e-06, 6.33395711702e-06, 7.88523539086e-06, 2.02518867809e-06, 2.4842190669e-06, 1.39433632285e-06, 9.95208097265e-07, 3.96963429239e-07, 6.97947598383e-07, 1.3491177242e-07, 9.69036477727e-08, 9.58180024213e-08, 3.38395196309e-08, 2.72540923163e-08, 1.73276131221e-08, 6.3557297203e-09, 4.37763336691e-09, 1.9800627804e-09, 7.73792696585e-10, 6.46920350622e-10, 3.37852329446e-10, 2.58236487749e-10, 8.75358466268e-11, 6.60156027066e-11, 6.63247859412e-11], "dvar": [1.67572589138e-09, 9.1650036893e-08, 3.4310099295e-07, 1.02629620358e-07, 1.19548303701e-07, 4.65762695967e-07, 3.72995441467e-06, 1.06467076932e-07, 6.17581576989e-08, 5.6178340202e-08, 1.48875809458e-08, 4.10772393877e-09, 4.69812355686e-10, 4.38973246641e-10, 1.47415135654e-10, 4.5598580467e-11, 1.01923768037e-10, 4.59643989537e-10, 7.5731842672e-12, 1.25241102211e-11, 2.40220408669e-12, 2.77682911387e-12, 1.94785322854e-13, 7.18406399907e-13, 2.21934744752e-14, 1.25617298478e-14, 1.09665863901e-14, 1.43754196643e-15, 1.25054864366e-15, 9.82108126683e-16, 4.67740163065e-17, 3.10977657934e-17, 3.96912070381e-18, 7.0320764203e-19, 2.73974667946e-18, 1.44775761598e-19, 3.12334843151e-19, 6.52978233475e-21, 3.66730484186e-21, 3.28481216453e-21], "dvar2": [3.77875597479e-09, 2.20687326191e-07, 7.42158078992e-07, 1.72741991378e-07, 1.86189282658e-07, 1.01795512819e-06, 7.44526914787e-06, 2.22790333737e-07, 1.18907479418e-07, 1.25214342006e-07, 2.74974034653e-08, 8.08986388989e-09, 8.65783778004e-10, 8.73713601468e-10, 3.17987441933e-10, 1.10944461951e-10, 1.98177779742e-10, 6.30619945152e-10, 1.83263387105e-11, 3.3148889883e-11, 6.10612211835e-12, 5.86690071525e-12, 4.58186928069e-13, 1.95655384255e-12, 6.02896909913e-14, 3.29528308666e-14, 3.08622722376e-14, 3.89215027395e-15, 3.4495071611e-15, 2.61142375221e-15, 1.3208868684e-16, 8.15144605245e-17, 1.08841152919e-17, 1.98978565183e-18, 5.89336945609e-18, 3.80745988531e-19, 7.96232580513e-19, 1.78798724474e-20, 1.01561889922e-20, 9.12298224599e-21], "max": [0.00119507673662, 0.00858873780817, 0.0136543773115, 0.00736574362963, 0.010757477954, 0.0128976618871, 0.0350706987083, 0.00733867194504, 0.00807064771652, 0.0102180512622, 0.00324666104279, 0.00172153755557, 0.000954356975853, 0.000846858893055, 0.000271878321655, 0.000159898147103, 0.000394905830035, 0.00109814922325, 5.90400886722e-05, 6.67205167701e-05, 2.86482445517e-05, 4.86454446218e-05, 1.05017170426e-05, 1.28808169393e-05, 2.38974826061e-06, 2.29122815654e-06, 2.16484158955e-06, 5.96746303927e-07, 7.78970274951e-07, 8.06170305623e-07, 1.71324245457e-07, 1.21611336112e-07, 3.79912208359e-08, 1.7799415275e-08, 6.36022008393e-08, 9.46479161712e-09, 2.19992912776e-08, 2.12365192098e-09, 1.48742229644e-09, 1.06148378975e-09], "mean": [3.05918256345e-05, 0.000276611652225, 0.000452114298241, 0.000516217551194, 0.000799851783086, 0.000701966288034, 0.00155803398229, 0.000271587545285, 0.00019363098545, 0.00016349053476, 0.000230164267123, 0.000111502435175, 1.74416290974e-05, 1.79136914085e-05, 2.10369435081e-05, 7.50204435462e-06, 8.7769349193e-06, 1.12682837425e-05, 2.16106536755e-06, 2.44041552833e-06, 1.46553441027e-06, 1.07911273517e-06, 4.55240837027e-07, 6.9982485229e-07, 1.70660840126e-07, 1.14936277384e-07, 9.8817835692e-08, 4.58605562415e-08, 3.63112704349e-08, 1.99033181048e-08, 8.97248142451e-09, 6.19497431131e-09, 2.97035307462e-09, 1.26912613752e-09, 9.43048417135e-10, 5.92201787608e-10, 3.8526498658e-10, 1.71968106422e-10, 1.24334473273e-10, 1.09231290679e-10], "median": [1.06500792754e-05, 9.75989969447e-05, 0.000123154837638, 0.000246157200309, 0.000382106198231, 0.000307156413328, 0.000390226021409, 8.24337330414e-05, 4.05449645768e-05, 4.2957624828e-05, 0.000114377369755, 4.71256935271e-05, 5.42186853636e-06, 6.12699659541e-06, 1.14808090075e-05, 2.97472843158e-06, 3.06934248329e-06, 2.97061455967e-06, 9.59250655796e-07, 9.51252445702e-07, 7.62160198065e-07, 3.98753144282e-07, 2.16978094159e-07, 2.06225536203e-07, 8.33706010894e-08, 6.03394880727e-08, 3.69257762145e-08, 1.55301727034e-08, 1.16943397188e-08, 7.03495395271e-09, 4.01113098292e-09, 2.42044984056e-09, 1.78525294547e-09, 6.69140298726e-10, 4.19684453856e-10, 3.54973467287e-10, 2.54234022723e-10, 1.25213103774e-10, 9.14343878389e-11, 7.78309361404e-11], "min": [1.59516618746e-24, 2.12833193114e-24, 2.27109978056e-24, 2.84552087882e-24, 1.28504741346e-24, 2.23873202875e-24, 4.72037957377e-24, 2.63061603836e-24, 1.62368617159e-24, 2.31990384375e-24, 3.23070588162e-24, 1.71870505927e-24, 4.2113323648e-24, 3.18637584305e-24, 2.79766502644e-24, 3.20318232742e-24, 3.52615263164e-24, 4.06382563072e-24, 4.83339533693e-24, 2.66922880752e-24, 4.28346107281e-24, 3.85221527061e-24, 5.4603547687e-24, 4.1492482227e-24, 4.76121693069e-24, 3.82409040719e-24, 5.44189069035e-24, 5.74663791323e-24, 5.38439653543e-24, 5.2718564554e-24, 4.71003326857e-24, 5.4718835764e-24, 5.44972565686e-24, 6.25771446688e-24, 6.36174116002e-24, 5.75027613972e-24, 7.26435107461e-24, 5.99522928371e-24, 6.83604062384e-24, 7.08430856135e-24], "var": [3.78089426434e-09, 2.59409233649e-07, 9.83594418358e-07, 5.56680561203e-07, 1.27694590901e-06, 1.1659789152e-06, 1.0125980225e-05, 3.18054702575e-07, 2.26074803322e-07, 1.66987319972e-07, 9.30258750031e-08, 2.62458321743e-08, 1.79383208287e-09, 2.1415544893e-09, 6.82670031615e-10, 1.35993397099e-10, 3.40073302851e-10, 1.71884584343e-09, 1.34945448912e-11, 2.08023875903e-11, 4.58450768667e-12, 5.97527669705e-12, 4.53492170031e-13, 1.29949653468e-12, 5.58149480681e-14, 2.96024733589e-14, 2.19909844729e-14, 4.91888422558e-15, 4.18024947272e-15, 1.90751629139e-15, 1.66759479142e-16, 9.82405289663e-17, 1.35047516854e-17, 3.22360308364e-18, 4.20985135517e-18, 6.15452361037e-19, 3.85031352791e-19, 3.0138299769e-20, 1.52485430642e-20, 1.19591220335e-20]}, "mfcc": {"mean": [-807.584533691, 241.604141235, -4.62219190598, -9.9023475647, -7.99481630325, -13.0144290924, -13.2140703201, -13.047369957, -6.10077619553, -8.54344177246, -7.33147239685, -6.89930009842, -6.88857984543], "cov": [[3465.8190918, 497.673126221, -1626.26086426, 805.611999512, 73.7253112793, -286.834686279, 10.3081445694, -44.3595924377, -16.9691867828, -98.9227905273, -3.47808074951, -67.4420166016, -85.0603942871], [497.673126221, 1128.4979248, 515.6484375, -343.042510986, 56.90102005, 32.169834137, -95.6681289673, 8.8415594101, 22.7744350433, 38.7148475647, 23.6136684418, 3.78733634949, -20.5717544556], [-1626.26086426, 515.6484375, 1433.89953613, -616.515991211, -69.0633926392, 211.255996704, -46.1341934204, 22.0852279663, 26.98960495, 100.152000427, 31.4984931946, 43.6274147034, 41.3148498535], [805.611999512, -343.042510986, -616.515991211, 552.21484375, 43.9105987549, -115.486427307, 67.4166107178, -10.7106742859, -4.62323999405, -26.0086727142, 12.3906316757, -15.4430599213, -28.1577587128], [73.7253112793, 56.90102005, -69.0633926392, 43.9105987549, 168.477676392, 3.84159660339, -28.6572265625, 38.3820457458, 25.2647476196, 4.0226984024, 9.21161460876, 1.06417644024, -18.8443470001], [-286.834686279, 32.169834137, 211.255996704, -115.486427307, 3.84159660339, 120.150192261, 33.1189117432, 11.7124128342, 10.8229427338, 16.8232078552, 3.66274118423, 8.71425628662, 19.6123600006], [10.3081445694, -95.6681289673, -46.1341934204, 67.4166107178, -28.6572265625, 33.1189117432, 109.411880493, 30.5485420227, -8.54236125946, 0.873098790646, 6.11844444275, 2.93799543381, 13.7178144455], [-44.3595924377, 8.8415594101, 22.0852279663, -10.7106742859, 38.3820457458, 11.7124128342, 30.5485420227, 95.1274185181, 39.9338493347, -2.39268255234, 2.78285813332, 2.42767572403, 6.84393119812], [-16.9691867828, 22.7744350433, 26.98960495, -4.62323999405, 25.2647476196, 10.8229427338, -8.54236125946, 39.9338493347, 65.5936965942, 26.8506507874, 0.365770667791, 6.34035921097, -3.00711345673], [-98.9227905273, 38.7148475647, 100.152000427, -26.0086727142, 4.0226984024, 16.8232078552, 0.873098790646, -2.39268255234, 26.8506507874, 71.5069732666, 41.8357887268, 0.776387929916, -18.0221538544], [-3.47808074951, 23.6136684418, 31.4984931946, 12.3906316757, 9.21161460876, 3.66274118423, 6.11844444275, 2.78285813332, 0.365770667791, 41.8357887268, 75.6605682373, 21.725358963, -21.0154037476], [-67.4420166016, 3.78733634949, 43.6274147034, -15.4430599213, 1.06417644024, 8.71425628662, 2.93799543381, 2.42767572403, 6.34035921097, 0.776387929916, 21.725358963, 63.9404716492, 37.0725250244], [-85.0603942871, -20.5717544556, 41.3148498535, -28.1577587128, -18.8443470001, 19.6123600006, 13.7178144455, 6.84393119812, -3.00711345673, -18.0221538544, -21.0154037476, 37.0725250244, 86.7854156494]], "icov": [[0.797531187534, -1.11923551559, 1.09539532661, -1.04369080067, 0.988410770893, -0.909436881542, 0.811514317989, -0.72117125988, 0.605071783066, -0.477767676115, 0.340891420841, -0.2257181108, 0.10573463887], [-1.11923551559, 1.57201635838, -1.53767704964, 1.46558308601, -1.38814866543, 1.27759313583, -1.13950812817, 1.01332366467, -0.850665211678, 0.671811580658, -0.479794830084, 0.317778706551, -0.148647934198], [1.09539532661, -1.53767704964, 1.50645124912, -1.43282747269, 1.35898756981, -1.25187718868, 1.11673569679, -0.993236839771, 0.834167838097, -0.660209000111, 0.470343053341, -0.312210381031, 0.145956799388], [-1.04369080067, 1.46558308601, -1.43282747269, 1.37205076218, -1.29718112946, 1.19638192654, -1.07001030445, 0.951502084732, -0.800403594971, 0.631544351578, -0.452447593212, 0.299778461456, -0.140408992767], [0.988410770893, -1.38814866543, 1.35898756981, -1.29718112946, 1.23666667938, -1.13523423672, 1.01679229736, -0.906304180622, 0.759544551373, -0.600471138954, 0.429102241993, -0.286401808262, 0.135585457087], [-0.909436881542, 1.27759313583, -1.25187718868, 1.19638192654, -1.13523423672, 1.06004178524, -0.943003177643, 0.837958455086, -0.707597672939, 0.557336866856, -0.399708271027, 0.26706007123, -0.127116650343], [0.811514317989, -1.13950812817, 1.11673569679, -1.07001030445, 1.01679229736, -0.943003177643, 0.856759607792, -0.759730875492, 0.642650723457, -0.506716012955, 0.361511230469, -0.241578698158, 0.112632013857], [-0.72117125988, 1.01332366467, -0.993236839771, 0.951502084732, -0.906304180622, 0.837958455086, -0.759730875492, 0.69464379549, -0.588421046734, 0.464289963245, -0.333904594183, 0.224158927798, -0.106517829001], [0.605071783066, -0.850665211678, 0.834167838097, -0.800403594971, 0.759544551373, -0.707597672939, 0.642650723457, -0.588421046734, 0.522939324379, -0.408991932869, 0.295465707779, -0.199075356126, 0.094027236104], [-0.477767676115, 0.671811580658, -0.660209000111, 0.631544351578, -0.600471138954, 0.557336866856, -0.506716012955, 0.464289963245, -0.408991932869, 0.345250993967, -0.246054157615, 0.161737412214, -0.0738237500191], [0.340891420841, -0.479794830084, 0.470343053341, -0.452447593212, 0.429102241993, -0.399708271027, 0.361511230469, -0.333904594183, 0.295465707779, -0.246054157615, 0.196696355939, -0.129281148314, 0.0643659904599], [-0.2257181108, 0.317778706551, -0.312210381031, 0.299778461456, -0.286401808262, 0.26706007123, -0.241578698158, 0.224158927798, -0.199075356126, 0.161737412214, -0.129281148314, 0.107254192233, -0.052476387471], [0.10573463887, -0.148647934198, 0.145956799388, -0.140408992767, 0.135585457087, -0.127116650343, 0.112632013857, -0.106517829001, 0.094027236104, -0.0738237500191, 0.0643659904599, -0.052476387471, 0.0395746827126]]}, "spectral_contrast_coeffs": {"dmean": [0.0383386053145, 0.0332963354886, 0.0263146534562, 0.0230543222278, 0.0192134249955, 0.0187555402517], "dmean2": [0.0625393390656, 0.0525817498565, 0.0403138510883, 0.0370741598308, 0.0321171805263, 0.033051405102], "dvar": [0.00106411182787, 0.00122718082275, 0.000637524295598, 0.000378648517653, 0.00027816084912, 0.000315516692353], "dvar2": [0.00278043397702, 0.00283536105417, 0.00151819060557, 0.000941349659115, 0.000767198507674, 0.00094306335086], "max": [-0.27420771122, -0.343749880791, -0.42054527998, -0.516703665257, -0.551174938679, -0.677849292755], "mean": [-0.553084492683, -0.631349384785, -0.658694982529, -0.720540344715, -0.770086526871, -0.811179637909], "median": [-0.555454611778, -0.638073444366, -0.662107229233, -0.72503131628, -0.766479551792, -0.790760397911], "min": [-0.982833206654, -0.976563036442, -0.974755764008, -0.973330438137, -0.967440962791, -0.965553283691], "var": [0.0078370384872, 0.00661093695089, 0.00487272907048, 0.00294955959544, 0.00164849415887, 0.00496973609552]}, "spectral_contrast_valleys": {"dmean": [0.404939115047, 0.27291059494, 0.253029584885, 0.203905746341, 0.19071444869, 0.344682395458], "dmean2": [0.671531021595, 0.434982001781, 0.39853015542, 0.332516014576, 0.325956404209, 0.610290229321], "dvar": [0.146782279015, 0.0990532785654, 0.0859989076853, 0.0595430955291, 0.0663079470396, 0.223319560289], "dvar2": [0.345041453838, 0.196583718061, 0.172854110599, 0.116999775171, 0.166291683912, 0.674530267715], "max": [-5.9371843338, -4.81773233414, -6.17451429367, 