{"lowlevel": {"average_loudness": 0.958056688309, "barkbands_crest": {"dmean": 1.48418521881, "dmean2": 2.29798555374, "dvar": 2.94201946259, "dvar2": 7.09220409393, "max": 26.5772705078, "mean": 9.74696731567, "median": 8.37010574341, "min": 2.1462521553, "var": 30.6905384064}, "barkbands_flatness_db": {"dmean": 0.0124994665384, "dmean2": 0.0180420968682, "dvar": 0.000175704713911, "dvar2": 0.000358912511729, "max": 0.414491266012, "mean": 0.103697232902, "median": 0.0793083012104, "min": 0.0239271577448, "var": 0.0058655962348}, "barkbands_kurtosis": {"dmean": 2.97541809082, "dmean2": 4.96148443222, "dvar": 130.056167603, "dvar2": 377.650360107, "max": 287.348052979, "mean": 9.60664463043, "median": -0.757435321808, "min": -1.95398795605, "var": 1380.11486816}, "barkbands_skewness": {"dmean": 0.418108791113, "dmean2": 0.654555678368, "dvar": 0.300341099501, "dvar2": 0.778161764145, "max": 16.0540161133, "mean": 1.42863118649, "median": 0.77813243866, "min": -10.4331989288, "var": 7.83824634552}, "barkbands_spread": {"dmean": 9.42284202576, "dmean2": 13.0185203552, "dvar": 164.210998535, "dvar2": 301.48550415, "max": 148.224609375, "mean": 51.8152275085, "median": 50.4544296265, "min": 0.769358277321, "var": 656.900024414}, "dissonance": {"dmean": 0.00745547562838, "dmean2": 0.0125067904592, "dvar": 7.08579536877e-05, "dvar2": 0.000147059865412, "max": 0.499999940395, "mean": 0.481803715229, "median": 0.483694851398, "min": 0.0927281528711, "var": 0.000138643794344}, "dynamic_complexity": 3.51804208755, "erbbands_crest": {"dmean": 1.70205152035, "dmean2": 2.59380674362, "dvar": 3.10371208191, "dvar2": 6.59839391708, "max": 29.0997753143, "mean": 7.68540859222, "median": 6.3393907547, "min": 2.3778488636, "var": 17.1553955078}, "erbbands_flatness_db": {"dmean": 0.0123533494771, "dmean2": 0.0160085558891, "dvar": 0.000177797890501, "dvar2": 0.000293214456178, "max": 0.244049564004, "mean": 0.10247118026, "median": 0.0968395397067, "min": 0.02535876818, "var": 0.00136354682036}, "erbbands_kurtosis": {"dmean": 0.505091130733, "dmean2": 0.781470358372, "dvar": 0.475054442883, "dvar2": 1.10684430599, "max": 14.3108482361, "mean": 0.125387653708, "median": -0.0674796104431, "min": -1.83017539978, "var": 1.58984088898}, "erbbands_skewness": {"dmean": 0.224056303501, "dmean2": 0.356009542942, "dvar": 0.0648836418986, "dvar2": 0.166640207171, "max": 1.14455795288, "mean": -0.456693381071, "median": -0.452699452639, "min": -2.16107416153, "var": 0.196579709649}, "erbbands_spread": {"dmean": 7.15928030014, "dmean2": 10.7394523621, "dvar": 51.1746902466, "dvar2": 122.427734375, "max": 129.939605713, "mean": 51.1862640381, "median": 49.3215751648, "min": 6.36431264877, "var": 328.511016846}, "hfc": {"dmean": 35.9133529663, "dmean2": 51.3992843628, "dvar": 4069.46704102, "dvar2": 9877.32617188, "max": 442.565582275, "mean": 68.1214370728, "median": 42.5381774902, "min": 1.14971064183e-16, "var": 5445.26806641}, "melbands_crest": {"dmean": 2.12172365189, "dmean2": 3.27856993675, "dvar": 6.82514476776, "dvar2": 17.5797176361, "max": 29.1618461609, "mean": 15.4338178635, "median": 15.5001144409, "min": 1.52106523514, "var": 20.3424720764}, "melbands_flatness_db": {"dmean": 0.0179071724415, "dmean2": 0.0267116166651, "dvar": 0.000445937272161, "dvar2": 0.00102126901038, "max": 0.54050797224, "mean": 0.162653252482, "median": 0.140516757965, "min": 0.00383229344152, "var": 0.00934624392539}, "melbands_kurtosis": {"dmean": 6.21578598022, "dmean2": 10.1461305618, "dvar": 201.610153198, "dvar2": 566.332397461, "max": 424.158813477, "mean": 27.2156276703, "median": 7.33861160278, "min": -1.5063174963, "var": 4262.73974609}, "melbands_skewness": {"dmean": 0.498622596264, "dmean2": 0.77138698101, "dvar": 0.333147019148, "dvar2": 0.848276078701, "max": 17.0629062653, "mean": 3.47190594673, "median": 2.7151081562, "min": -0.606783509254, "var": 8.48105716705}, "melbands_spread": {"dmean": 11.2977571487, "dmean2": 18.205789566, "dvar": 269.899230957, "dvar2": 711.398132324, "max": 153.598709106, "mean": 42.7529373169, "median": 40.1115379333, "min": 0.594103693962, "var": 684.860534668}, "pitch_salience": {"dmean": 0.0545838177204, "dmean2": 0.0861072018743, "dvar": 0.00435163127258, "dvar2": 0.0107088051736, "max": 0.951482117176, "mean": 0.46399512887, "median": 0.472671985626, "min": 0.0358682982624, "var": 0.0231290254742}, "silence_rate_20dB": {"dmean": 0, "dmean2": 0, "dvar": 0, "dvar2": 0, "max": 1, "mean": 1, "median": 1, "min": 1, "var": 0}, "silence_rate_30dB": {"dmean": 0, "dmean2": 0, "dvar": 0, "dvar2": 0, "max": 1, "mean": 1, "median": 1, "min": 1, "var": 0}, "silence_rate_60dB": {"dmean": 0.000328623078531, "dmean2": 0.000657354132272, "dvar": 0.000328526279191, "dvar2": 0.000656966585666, "max": 1, "mean": 0.0709709227085, "median": 0, "min": 0, "var": 0.06593400985}, "spectral_centroid": {"dmean": 260.649353027, "dmean2": 422.850738525, "dvar": 112767.0625, "dvar2": 272391.4375, "max": 11068.7460938, "mean": 2230.90942383, "median": 2272.89697266, "min": 304.201202393, "var": 462710}, "spectral_complexity": {"dmean": 3.78015112877, "dmean2": 5.98455238342, "dvar": 19.8955535889, "dvar2": 42.5018196106, "max": 63, "mean": 26.3791694641, "median": 27, "min": 0, "var": 117.076652527}, "spectral_decrease": {"dmean": 1.38837219499e-09, "dmean2": 2.17893458831e-09, "dvar": 4.48633233901e-18, "dvar2": 1.14615791765e-17, "max": 1.8203598622e-14, "mean": -6.89796442188e-09, "median": -6.78920208941e-09, "min": -2.71268039143e-08, "var": 1.36451598041e-17}, "spectral_energy": {"dmean": 0.00743983639404, "dmean2": 0.0113831972703, "dvar": 0.000127441482618, "dvar2": 0.000317757221637, "max": 0.126356676221, "mean": 0.0322133004665, "median": 0.0308695528656, "min": 1.06323509882e-20, "var": 0.00031256469083}, "spectral_energyband_high": {"dmean": 0.00357660860755, "dmean2": 0.00530341593549, "dvar": 4.3764430302e-05, "dvar2": 0.00011245351925, "max": 0.0527053177357, "mean": 0.00580916274339, "median": 0.0029711748939, "min": 7.62621266007e-21, "var": 5.26267431269e-05}, "spectral_energyband_low": {"dmean": 0.00385603588074, "dmean2": 0.00595249608159, "dvar": 4.51257365057e-05, "dvar2": 0.000120040567708, "max": 0.0945359840989, "mean": 0.01417510584, "median": 0.0133787197992, "min": 3.60314963696e-23, "var": 0.000102636789961}, "spectral_energyband_middle_high": {"dmean": 0.00132491183467, "dmean2": 0.00191768549848, "dvar": 3.461999313e-06, "dvar2": 7.33429169486e-06, "max": 0.045658480376, "mean": 0.00648429431021, "median": 0.00551568204537, "min": 1.65658053696e-21, "var": 2.35952720686e-05}, "spectral_energyband_middle_low": {"dmean": 0.00194367219228, "dmean2": 0.00318821310066, "dvar": 1.02483600131e-05, "dvar2": 2.80640851997e-05, "max": 0.0336527563632, "mean": 0.006427584216, "median": 0.00562554830685, "min": 3.69361765707e-22, "var": 2.07384091482e-05}, "spectral_entropy": {"dmean": 0.143303290009, "dmean2": 0.186870574951, "dvar": 0.0316836833954, "dvar2": 0.0545315854251, "max": 9.80948734283, "mean": 8.00417804718, "median": 8.05355644226, "min": 6.50428342819, "var": 0.203118041158}, "spectral_flux": {"dmean": 0.0215357895941, "dmean2": 0.0311264507473, "dvar": 0.000958162650932, "dvar2": 0.00193660717923, "max": 0.274404406548, "mean": 0.0719025060534, "median": 0.0608699508011, "min": 1.03113288741e-10, "var": 0.00214148615487}, "spectral_kurtosis": {"dmean": 0.757253348827, "dmean2": 1.20590662956, "dvar": 0.798351407051, "dvar2": 2.45267391205, "max": 18.8509998322, "mean": 2.72244572639, "median": 2.27413511276, "min": -1.17806720734, "var": 5.62358617783}, "spectral_rms": {"dmean": 0.000587343703955, "dmean2": 0.000865553796757, "dvar": 6.35772664737e-07, "dvar2": 1.47144737639e-06, "max": 0.0111029185355, "mean": 0.00528630055487, "median": 0.00548786250874, "min": 3.22071818e-12, "var": 3.4825777675e-06}, "spectral_rolloff": {"dmean": 1492.57727051, "dmean2": 2246.04736328, "dvar": 5405779, "dvar2": 10259836, "max": 19982.8125, "mean": 4460.27490234, "median": 3122.31445312, "min": 86.1328125, "var": 16102024}, "spectral_skewness": {"dmean": 0.138322412968, "dmean2": 0.221098229289, "dvar": 0.0195008907467, "dvar2": 0.0579677522182, "max": 2.84538435936, "mean": 1.19792366028, "median": 1.16113436222, "min": 0.0107475770637, "var": 0.100361317396}, "spectral_spread": {"dmean": 861025.8125, "dmean2": 1087965.375, "dvar": 1439321948160.0, "dvar2": 2392267948030.0, "max": 40312768, "mean": 6664467, "median": 6519751.5, "min": 2500909, "var": 5416337539070.0}, "spectral_strongpeak": {"dmean": 0.408370733261, "dmean2": 0.747558772564, "dvar": 2.60147070885, "dvar2": 6.72260761261, "max": 25.6812362671, "mean": 0.678614914417, "median": 0.283941328526, "min": 0, "var": 3.04501724243}, "zerocrossingrate": {"dmean": 0.0245210900903, "dmean2": 0.0254379678518, "dvar": 0.000812290993053, "dvar2": 0.000933435279876, "max": 0.78955078125, "mean": 0.136407181621, "median": 0.12451171875, "min": 0.0029296875, "var": 0.0100809577852}, "barkbands": {"dmean": [2.04529114853e-05, 0.00197236752138, 0.00219923839904, 0.000789929646999, 0.00105070753489, 0.000486871198518, 0.000313473312417, 0.000143892611959, 0.0001306602353, 0.00018435169477, 6.292033504e-05, 8.91775125638e-05, 0.000166237019585, 0.000350665533915, 0.000550580152776, 0.000350110785803, 0.000238847642322, 0.000209842866752, 0.000244549941272, 0.000299055536743, 0.000429731968325, 0.000627798843198, 0.000413824047428, 0.000553759397008, 0.000813996128272, 0.00047172937775, 0.000470301019959], "dmean2": [3.16309306072e-05, 0.00287734996527, 0.0035168568138, 0.00134997884743, 0.00176552857738, 0.000727439008188, 0.000473949505249, 0.000210280049942, 0.000190902574104, 0.00027669253177, 9.7795498732e-05, 0.000137773502502, 0.000241483096033, 0.000486937206006, 0.00077506096568, 0.000531516096089, 0.00035346619552, 0.00033933550003, 0.000400149583584, 0.000512941449415, 0.000732791842893, 0.00105038715992, 0.000652606890071, 0.000852836936247, 0.00126302894205, 0.000664238992613, 0.000652087153867], "dvar": [1.3060938997e-09, 7.88841316535e-06, 2.47343195952e-05, 3.25532255374e-06, 2.99096177514e-06, 5.12268286457e-07, 2.87510346197e-07, 9.42139166682e-08, 4.57866704551e-08, 7.64832236655e-07, 1.03653023942e-08, 1.42234872769e-08, 6.58669208065e-08, 4.78503750401e-07, 7.79319066169e-07, 3.80419635349e-07, 1.14679558294e-07, 8.35014688505e-08, 1.15448315796e-07, 3.22297609046e-07, 9.11416748295e-07, 2.93498555948e-06, 1.04987964278e-06, 1.07606661004e-06, 3.5643395222e-06, 7.21332526155e-07, 1.22618428122e-06], "dvar2": [2.73867772904e-09, 1.99574242288e-05, 6.32232695352e-05, 8.66117898113e-06, 8.83961638465e-06, 1.19611945593e-06, 6.34695936697e-07, 1.57413083457e-07, 8.85060984501e-08, 1.83800023024e-06, 2.33336550082e-08, 3.12750927378e-08, 1.32459646807e-07, 8.87562066509e-07, 1.51104734414e-06, 7.89391606304e-07, 2.07928209761e-07, 2.15014026139e-07, 2.90323441732e-07, 8.65352717483e-07, 2.54795781984e-06, 8.02723934612e-06, 2.60960473497e-06, 2.82629912363e-06, 9.26780921873e-06, 1.60341267019e-06, 2.78356424133e-06], "max": [0.00066256331047, 0.0489768087864, 0.0775807201862, 0.0182280335575, 0.0170491617173, 0.0181123856455, 0.00999873597175, 0.00876713450998, 0.00495476927608, 0.0302878413349, 0.0024462309666, 0.00244065374136, 0.00553691154346, 0.0161141771823, 0.0211477335542, 0.0101858619601, 0.00989367999136, 0.0055341841653, 0.00450713187456, 0.00729550700635, 0.0105219995603, 0.0167498141527, 0.0184864047915, 0.00965308584273, 0.0141353132203, 0.00756496097893, 0.00925861950964], "mean": [8.44177266117e-05, 0.00865235459059, 0.00481131952256, 0.00104788527824, 0.0019332843367, 0.00149500381667, 0.00105762085877, 0.000426192738814, 0.00037024388439, 0.000470526021672, 0.000136038899655, 0.000200203096028, 0.000484272226458, 0.000993656693026, 0.00161430460867, 0.000756752851885, 0.000610044342466, 0.000428447732702, 0.000542888359632, 0.000583206070587, 0.000885091372766, 0.000976141309366, 0.000671021582093, 0.000816757790744, 0.000989062944427, 0.000582850014325, 0.000593777745962], "median": [9.59882163443e-06, 0.00900695938617, 0.00334808928892, 0.000430442130892, 0.00136648805346, 0.00110939599108, 0.000600537983701, 0.000142683798913, 0.000175930501428, 0.000204531301279, 7.53807471483e-05, 0.000116675488243, 0.000259894295596, 0.000366742751794, 0.000830426462926, 0.00039432849735, 0.000431619497249, 0.000320267077768, 0.000412418303313, 0.000404494785471, 0.000649871304631, 0.000405086349929, 0.000240166118601, 0.000339111225912, 0.000334384501912, 0.000195200220332, 3.36996017722e-05], "min": [1.45951794577e-23, 9.03215286447e-24, 1.58581489224e-23, 2.06901081381e-23, 7.97902892026e-23, 5.9836614274e-23, 4.38504553147e-23, 9.17452805837e-23, 3.18550742553e-23, 1.49542380184e-22, 7.48142050995e-23, 9.80434955639e-23, 7.08293972991e-23, 9.91409967205e-23, 1.12262290551e-22, 2.64443139095e-22, 1.48159563815e-22, 1.4531677417e-22, 3.04867148669e-22, 3.00619366197e-22, 5.44517639068e-22, 5.76287251289e-22, 4.87189387903e-22, 7.38068208883e-22, 1.47122170073e-21, 1.69412708487e-21, 2.24898594572e-21], "var": [1.52971395551e-08, 3.62461541954e-05, 3.50536465703e-05, 3.69443432646e-06, 3.95787128582e-06, 2.40736267187e-06, 1.57190231675e-06, 6.43659006982e-07, 2.98356070516e-07, 1.32783100071e-06, 3.91470393879e-08, 5.98583440592e-08, 3.91401812294e-07, 3.25352266373e-06, 4.69174210593e-06, 1.17838260394e-06, 5.5206385241e-07, 1.52649135998e-07, 2.5648998303e-07, 4.16494202682e-07, 9.84131588666e-07, 3.22106711792e-06, 1.50906123508e-06, 1.26792872379e-06, 3.34734681928e-06, 9.36708147492e-07, 1.7430046455e-06]}, "erbbands": {"dmean": [0.0291842594743, 0.547469973564, 2.36686825752, 2.4484975338, 3.8348171711, 2.64488387108, 4.27993535995, 3.29674220085, 4.37318849564, 3.5984120369, 3.09991574287, 2.14938044548, 4.07692909241, 6.34116840363, 2.89249897003, 3.05249977112, 7.07027101517, 14.9148778915, 22.9239234924, 22.5417098999, 24.8116016388, 10.3732995987, 11.0159435272, 11.5668334961, 12.6272659302, 16.018743515, 18.0063076019, 17.6833992004, 21.6433830261, 18.8831920624, 10.7474040985, 11.2416276932, 9.35488128662, 11.5358715057, 4.65892744064, 2.18125343323, 0.824706733227, 0.308151185513, 0.078687004745, 0.00515031488612], "dmean2": [0.0427038967609, 0.804215431213, 3.70327401161, 4.02228975296, 6.36730384827, 4.5361084938, 6.51176834106, 5.01638221741, 6.71924304962, 5.54713487625, 4.47244215012, 3.25377488136, 6.14476442337, 9.38449478149, 4.42432022095, 4.71618747711, 9.97480487823, 21.2501125336, 28.8998451233, 35.2387542725, 37.2059745789, 15.6743736267, 17.6770305634, 19.1433372498, 20.6796607971, 27.8743114471, 30.9777584076, 29.9574508667, 37.5859336853, 30.695306778, 17.0947303772, 17.9765663147, 14.0794668198, 18.7908172607, 6.992415905, 3.12652564049, 1.16974151134, 0.443367272615, 0.115522660315, 0.00691470783204], "dvar": [0.00251899147406, 0.65956401825, 26.7114715576, 23.4197235107, 45.2925109863, 21.1865234375, 37.7559776306, 27.4395542145, 54.1560440063, 54.7479400635, 43.3561515808, 12.2625713348, 53.3362884521, 1134.44958496, 14.7991218567, 16.869096756, 141.137207031, 575.994689941, 1833.84716797, 1825.76916504, 1818.61157227, 176.231887817, 244.49055481, 211.268692017, 368.936859131, 1136.57897949, 1587.08557129, 1843.46679688, 2961.05810547, 2390.59423828, 541.563476562, 541.677368164, 270.632568359, 843.987121582, 94.2834472656, 16.2472476959, 2.13714766502, 0.461430430412, 0.0358342155814, 0.000137004739372], "dvar2": [0.00473728450015, 1.69782972336, 68.5896377563, 60.5166854858, 128.887176514, 62.6975517273, 93.498298645, 66.7032775879, 116.804992676, 133.130569458, 75.7611083984, 27.0697441101, 121.451599121, 2734.07446289, 32.2913551331, 38.9871559143, 263.837585449, 1082.22485352, 2598.90820312, 4510.59375, 3742.71948242, 371.435119629, 623.735473633, 557.29083252, 884.895507812, 3100.07861328, 4456.41650391, 5162.79150391, 8131.23095703, 6463.09130859, 1340.82568359, 1479.34521484, 641.533508301, 2284.4140625, 226.729827881, 36.7040023804, 4.6434173584, 1.08753085136, 0.0848006978631, 0.00028001924511], "max": [0.984175086021, 13.9717025757, 77.9685058594, 50.898639679, 68.4084472656, 50.8183135986, 132.173828125, 141.329864502, 154.083740234, 187.628479004, 167.486724854, 73.552482605, 178.145477295, 1176.05871582, 78.9827041626, 87.8066940308, 271.047424316, 607.368225098, 1216.13928223, 1121.71936035, 703.59954834, 275.429656982, 325.376647949, 173.521057129, 281.890167236, 489.45803833, 439.049438477, 442.079742432, 521.973083496, 533.935974121, 322.241699219, 231.993438721, 227.238311768, 217.793258667, 113.580589294, 34.2747383118, 15.9693441391, 5.64740467072, 1.6043202877, 0.101101964712], "mean": [0.191877067089, 2.15580964088, 5.77947950363, 4.41916513443, 5.47757768631, 5.25086784363, 12.19880867, 10.2703676224, 14.7281332016, 11.9455604553, 9.27825546265, 6.28682518005, 12.1047239304, 15.7712993622, 7.76776075363, 8.72819519043, 22.7055397034, 43.9433288574, 75.126991272, 60.0469589233, 56.8551216125, 29.9515609741, 25.7031841278, 25.9997787476, 28.7459487915, 29.904964447, 33.6489639282, 33.9967002869, 33.3234939575, 28.937582016, 17.4622421265, 17.0118560791, 13.604060173, 12.643860817, 6.23573112488, 2.74565219879, 1.01520729065, 0.367136567831, 0.0976649448276, 0.00703098950908], "median": [0.117594413459, 2.03827500343, 4.44647216797, 2.36836886406, 2.67056775093, 3.61057066917, 8.70374011993, 6.75903654099, 8.18767261505, 6.85831832886, 3.29370236397, 3.70327973366, 7.19222688675, 6.42645549774, 5.75504827499, 6.02832555771, 12.2475261688, 21.1881866455, 30.1520175934, 33.9893684387, 30.4314651489, 23.8781795502, 20.5071926117, 21.0945587158, 20.9302806854, 20.6819038391, 24.0401363373, 22.6794109344, 15.1349058151, 9.75129890442, 7.20831251144, 6.42179393768, 5.65814876556, 3.87474584579, 2.26523375511, 1.01628386974, 0.306216359138, 0.0681309551001, 0.00579306669533, 0.000274841615465], "min": [3.08483716199e-22, 2.17834722557e-21, 1.74258585355e-20, 3.98681635893e-20, 8.65472547942e-20, 2.18888404447e-19, 5.6353990166e-19, 5.07248916807e-19, 6.48260050191e-19, 1.05223464034e-18, 1.83980560586e-18, 1.02017187903e-18, 3.85839223906e-18, 3.62313710977e-18, 3.40960498413e-18, 3.93207128417e-18, 3.70724731599e-18, 5.12296982951e-18, 2.79482015785e-18, 1.31500285146e-17, 1.09280882132e-17, 8.49595883664e-18, 7.12838112991e-18, 1.02907703667e-17, 1.83786810071e-17, 1.59272865941e-17, 2.33657132156e-17, 1.83510945337e-17, 2.12166318097e-17, 1.63139290104e-17, 1.28822792493e-17, 1.7991476108e-17, 1.00384612547e-17, 1.12547360469e-17, 1.37235748719e-17, 6.69418327303e-18, 2.98382368998e-18, 1.55157689956e-18, 3.03424091701e-19, 2.83147736463e-20], "var": [0.0308657772839, 2.52663874626, 38.8326644897, 32.2372779846, 57.8250045776, 30.0081996918, 154.374542236, 139.126983643, 324.985351562, 217.014785767, 246.738830566, 57.0920448303, 225.105636597, 1895.57421875, 58.1074371338, 100.299797058, 904.95111084, 3928.50634766, 18221.6347656, 5904.10107422, 5931.33496094, 694.668457031, 467.723999023, 409.487762451, 863.925598145, 1341.95019531, 1568.61193848, 1899.95300293, 3050.12084961, 3069.81958008, 747.117492676, 630.927124023, 349.641540527, 680.580078125, 113.721740723, 20.0823612213, 2.88154888153, 0.569273591042, 0.046521384269, 0.000235388230067]}, "gfcc": {"mean": [25.8183860779, 33.944065094, -88.6407394409, 43.789440155, -33.8226127625, 15.0683078766, -34.253944397, 5.6030049324, -15.6030054092, 10.9353399277, -15.0507726669, 0.4834818542, -5.86366558075], "cov": [[39690.3164062, -1844.81530762, -564.177429199, 409.737915039, -2847.65893555, 325.803436279, -2039.20092773, -177.563796997, -809.094543457, 411.20526123, -895.942321777, 46.9773406982, -462.306030273], [-1844.81530762, 1975.5925293, -683.696533203, 473.072631836, 301.646118164, -11.2609844208, 231.939987183, 52.6431312561, 112.082763672, 35.3938865662, 97.3973999023, 23.2810573578, 82.5464172363], [-564.177429199, -683.696533203, 710.467285156, -201.741134644, 186.633209229, -28.6524143219, 85.8590393066, 5.07536268234, -7.31963205338, -54.4715194702, 52.2371368408, -8.52697086334, 17.3325977325], [409.737915039, 473.072631836, -201.741134644, 374.72088623, -87.7127151489, 89.8315582275, -25.3526210785, 23.476020813, -24.4333534241, 17.3173236847, -24.0316162109, 17.1841945648, -19.3557548523], [-2847.65893555, 301.646118164, 186.633209229, -87.7127151489, 514.721313477, -67.670249939, 251.086166382, 7.59485960007, 105.944465637, -30.5469436646, 113.191467285, -21.2017993927, 67.3682022095], [325.803436279, -11.2609844208, -28.6524143219, 89.8315582275, -67.670249939, 132.849243164, -25.0583248138, 31.1703033447, -1.48144102097, 25.8853416443, -21.4479675293, 2.76546144485, -27.6941604614], [-2039.20092773, 231.939987183, 85.8590393066, -25.3526210785, 251.086166382, -25.0583248138, 222.873641968, 27.6878051758, 69.0330200195, -33.9925041199, 66.1759796143, -8.23830509186, 41.5667152405], [-177.563796997, 52.6431312561, 5.07536268234, 23.476020813, 7.59485960007, 31.1703033447, 27.6878051758, 65.8033370972, 25.4693164825, 10.9899101257, 5.03858184814, 8.6645154953, 1.61220002174], [-809.094543457, 112.082763672, -7.31963205338, -24.4333534241, 105.944465637, -1.48144102097, 69.0330200195, 25.4693164825, 101.868209839, 21.8576164246, 32.2854919434, -12.3919448853, 12.5591306686], [411.20526123, 35.3938865662, -54.4715194702, 17.3173236847, -30.5469436646, 25.8853416443, -33.9925041199, 10.9899101257, 21.8576164246, 72.3977508545, 12.8252353668, 4.58041381836, -17.4572601318], [-895.942321777, 97.3973999023, 52.2371368408, -24.0316162109, 113.191467285, -21.4479675293, 66.1759796143, 5.03858184814, 32.2854919434, 12.8252353668, 89.7184448242, 21.4615745544, 27.6121425629], [46.9773406982, 23.2810573578, -8.52697086334, 17.1841945648, -21.2017993927, 2.76546144485, -8.23830509186, 8.6645154953, -12.3919448853, 4.58041381836, 21.4615745544, 62.5545349121, 22.1210594177], [-462.306030273, 82.5464172363, 17.3325977325, -19.3557548523, 67.3682022095, -27.6941604614, 41.5667152405, 1.61220002174, 12.5591306686, -17.4572601318, 27.6121425629, 22.1210594177, 74.5876464844]], "icov": [[6.40622238279e-05, -0.000128162049805, -0.000195876476937, 0.000104651437141, 0.000211776336073, 1.22435194498e-05, 0.000348166446202, 5.54993312107e-05, 0.00013457374007, -0.00034964614315, 0.000410854350775, -2.86188806058e-05, -1.84840919246e-05], [-0.000128162049805, 0.00280184601434, 0.00278584333137, -0.00299724098295, -0.00206216145307, 0.00145066750702, -0.00204988452606, -0.00124158419203, 8.48312338348e-05, 2.64504142251e-05, -0.00201491871849, 0.000513452687301, -0.00116440141574], [-0.000195876476937, 0.00278584333137, 0.00493513420224, -0.00177310034633, -0.00297094113193, 0.000531341938768, -0.00199672044255, -0.00217113085091, 0.00118108314928, 0.00194368499797, -0.0035916173365, 0.000781624403317, -0.000509940844495], [0.000104651437141, -0.00299724098295, -0.00177310034633, 0.0072010345757, 0.00198614620604, -0.00402064761147, 0.00157239020336, 0.000633363437373, 0.00135967007373, 0.000464346114313, 0.00182407128159, -0.00117722037248, 0.00162331713364], [0.000211776336073, -0.00206216145307, -0.00297094113193, 0.00198614620604, 0.00761918723583, -8.33891390357e-05, -0.00265595735982, 0.0027592885308, -0.00190582114737, -0.000990193220787, -0.000511273567099, 0.00170751451515, -0.000919558748137], [1.22435194498e-05, 0.00145066750702, 0.000531341938768, -0.00402064761147, -8.33891390357e-05, 0.0125597789884, -0.0013372170506, -0.00458031566814, -5.48941206944e-05, -0.00378077919595, 0.0016971064033, -0.00033803289989, 0.0014828639105], [0.000348166446202, -0.00204988452606, -0.00199672044255, 0.00157239020336, -0.00265595735982, -0.0013372170506, 0.0162698347121, -0.00367392529733, -0.00273335794918, 0.00583922304213, -0.00169672560878, 0.00109986134339, 0.000342312356224], [5.54993312107e-05, -0.00124158419203, -0.00217113085091, 0.000633363437373, 0.0027592885308, -0.00458031566814, -0.00367392529733, 0.0225598309189, -0.005490292795, -0.00248662149534, 0.00361448642798, -0.00472224596888, 0.000158784852829], [0.00013457374007, 8.48312338348e-05, 0.00118108314928, 0.00135967007373, -0.00190582114737, -5.48941206944e-05, -0.00273335794918, -0.005490292795, 0.0191399976611, -0.00795957539231, -0.000588725961279, 0.00473454361781, -0.00211045192555], [-0.00034964614315, 2.64504142251e-05, 0.00194368499797, 0.000464346114313, -0.000990193220787, -0.00378077919595, 0.00583922304213, -0.00248662149534, -0.00795957539231, 0.0269046295434, -0.0109456591308, -0.000429394538514, 0.00557925691828], [0.000410854350775, -0.00201491871849, -0.0035916173365, 0.00182407128159, -0.000511273567099, 0.0016971064033, -0.00169672560878, 0.00361448642798, -0.000588725961279, -0.0109456591308, 0.0266022887081, -0.00944544095546, -0.00146570859943], [-2.86188806058e-05, 0.000513452687301, 0.000781624403317, -0.00117722037248, 0.00170751451515, -0.00033803289989, 0.00109986134339, -0.00472224596888, 0.00473454361781, -0.000429394538514, -0.00944544095546, 0.0247298572212, -0.0081467339769], [-1.84840919246e-05, -0.00116440141574, -0.000509940844495, 0.00162331713364, -0.000919558748137, 0.0014828639105, 0.000342312356224, 0.000158784852829, -0.00211045192555, 0.00557925691828, -0.00146570859943, -0.0081467339769, 0.0209277495742]]}, "melbands": {"dmean": [0.000392744608689, 0.0010472064605, 0.000430808635429, 0.000268398580374, 0.000123836536659, 7.57296584197e-05, 6.76213749102e-05, 3.62758764823e-05, 2.33237151406e-05, 1.62869710039e-05, 2.07276661968e-05, 2.76249957096e-05, 9.89740237856e-06, 1.14652148113e-05, 1.01233981695e-05, 2.10468551813e-05, 2.87748698611e-05, 3.71128116967e-05, 3.74915871362e-05, 1.95004940906e-05, 3.17000776704e-05, 1.12655534394e-05, 1.18591779028e-05, 1.28776364363e-05, 1.01171199276e-05, 1.01005098259e-05, 9.06296736503e-06, 1.15191605801e-05, 1.31819160742e-05, 9.30858186621e-06, 1.18287844089e-05, 1.40856418511e-05, 1.07418491098e-05, 1.07890809886e-05, 6.77479283695e-06, 6.04529532211e-06, 7.33674687581e-06, 5.91374055148e-06, 8.75487694429e-06, 9.8433210951e-06], "dmean2": [0.000576751015615, 0.00160421140026, 0.000711267057341, 0.000455704139313, 0.000191376922885, 0.000115368529805, 0.000103406571725, 5.55959850317e-05, 3.39381113008e-05, 2.41966445174e-05, 3.11702424369e-05, 4.08627165598e-05, 1.51436070155e-05, 1.76910671144e-05, 1.45716003317e-05, 3.00872397929e-05, 4.11352411902e-05, 4.688932313e-05, 5.49199976376e-05, 3.08813905576e-05, 4.71999446745e-05, 1.69276408997e-05, 1.86061988643e-05, 2.0922629119e-05, 1.68994538399e-05, 1.63446766237e-05, 1.53500877786e-05, 2.01182065211e-05, 2.27469772653e-05, 1.53787750605e-05, 2.05388405448e-05, 2.51838027907e-05, 1.60232866619e-05, 1.8341712348e-05, 1.1164694115e-05, 9.55632731348e-06, 1.19785854622e-05, 9.07295816432e-06, 1.32695877255e-05, 1.64788398251e-05], "dvar": [3.42445702017e-07, 4.14447004005e-06, 6.60774730932e-07, 2.18302886879e-07, 3.07099199404e-08, 1.36801938666e-08, 1.25393713191e-08, 5.4096229718e-09, 2.27868435232e-09, 6.9781536105e-10, 1.45889111902e-09, 2.18461497781e-08, 2.09728262535e-10, 2.47090931049e-10, 3.35867417212e-10, 1.20990373276e-09, 2.00506744541e-09, 5.89943827123e-09, 4.73347316898e-09, 7.67489183318e-10, 2.83140977331e-09, 2.75597461519e-10, 3.05632019693e-10, 3.11707576417e-10, 1.6268153491e-10, 2.38450342804e-10, 1.74174785705e-10, 6.2942112633e-10, 7.58556994995e-10, 2.76760891982e-10, 9.99145433056e-10, 1.35443078975e-09, 6.53698484232e-10, 9.2967950005e-10, 2.42967090891e-10, 1.4127521375e-10, 2.5247318125e-10, 1.03635003357e-10, 2.89592044789e-10, 6.82255696383e-10], "dvar2": [8.08429092558e-07, 1.08026060843e-05, 1.74963406607e-06, 6.48559023375e-07, 7.88941605379e-08, 3.28142135686e-08, 2.67970463597e-08, 1.26195978112e-08, 4.186567093e-09, 1.4338450427e-09, 3.34301564209e-09, 5.25622887437e-08, 4.55327137105e-10, 5.33296740102e-10, 6.36223018713e-10, 2.28943664027e-09, 3.85328835506e-09, 9.2130356677e-09, 1.04491721942e-08, 1.92969684676e-09, 5.75572256523e-09, 5.33921962198e-10, 6.82092382576e-10, 8.10296107989e-10, 4.35115943276e-10, 5.77477232699e-10, 4.33451385895e-10, 1.69842906406e-09, 2.10737449713e-09, 7.31827320966e-10, 2.85496115637e-09, 3.7834393396e-09, 1.45773881854e-09, 2.51126008877e-09, 6.06664607439e-10, 3.53112955542e-10, 6.92849499995e-10, 2.53025184138e-10, 6.77463196652e-10, 1.88733539908e-09], "max": [0.0124331470579, 0.029145123437, 0.0082333907485, 0.00448308745399, 0.00363620556891, 0.00306033832021, 0.00234046136029, 0.00174418638926, 0.00109291565605, 0.000570377102122, 0.0009837790858, 0.0051514771767, 0.000369111687178, 0.000335069315042, 0.000406199513236, 0.000894217460882, 0.00102288019843, 0.00178857950959, 0.00205312413163, 0.00046915069106, 0.000861752021592, 0.000445265875896, 0.000359126715921, 0.000274732970865, 0.00016215199139, 0.000211186605156, 0.000192907216842, 0.000449889164884, 0.000297962629702, 0.00017191292136, 0.00032544034184, 0.000344883359503, 0.000487289391458, 0.00049440539442, 0.000256499683019, 0.000134931586217, 0.000170425104443, 0.00012217850599, 0.000177516645635, 0.000195944536244], "mean": [0.00210505002178, 0.00305234920233, 0.000813616090454, 0.000408777559642, 0.000361354817869, 0.000232556951232, 0.000230579578783, 0.000120431337564, 6.51021618978e-05, 4.64149889012e-05, 6.13191004959e-05, 6.61944795866e-05, 2.3967188099e-05, 2.60150536633e-05, 2.95332920359e-05, 6.29492060398e-05, 8.01625501481e-05, 0.000113633584988, 0.000107154279249, 5.02792827319e-05, 6.85420382069e-05, 2.90106017928e-05, 2.66535189439e-05, 2.34110630117e-05, 1.99655751203e-05, 2.12189279409e-05, 1.93808173208e-05, 1.91171784536e-05, 2.22668641072e-05, 1.83858974196e-05, 1.99853184313e-05, 1.9163449906e-05, 1.80600709427e-05, 1.5343848645e-05, 1.00771931102e-05, 9.89766158455e-06, 1.04851960714e-05, 8.75047589943e-06, 1.0889180885e-05, 1.03334768937e-05], "median": [0.00202955654822, 0.00261251372285, 0.000483335257741, 0.000240380279138, 0.000265149923507, 0.000157923655934, 0.000135176524054, 6.30411013844e-05, 2.14553911064e-05, 2.35955267271e-05, 3.6483121221e-05, 2.44776638283e-05, 1.5864656234e-05, 1.50376963575e-05, 1.35378268169e-05, 2.88685387204e-05, 3.60645899491e-05, 3.42208841175e-05, 5.4530100897e-05, 3.43117208104e-05, 3.31535593432e-05, 2.05187407119e-05, 1.93614596355e-05, 1.66066311067e-05, 1.57353533723e-05, 1.44124969665e-05, 1.45181047628e-05, 1.22400342661e-05, 1.49450024765e-05, 1.33603052745e-05, 1.19987480502e-05, 8.31219585962e-06, 6.07210768067e-06, 4.86591579829e-06, 3.79397511097e-06, 3.74955288862e-06, 3.89448405258e-06, 3.81992367693e-06, 3.43178021467e-06, 3.13658097184e-06], "min": [2.89647143254e-24, 6.68454462016e-24, 9.0724399909e-24, 8.12824764028e-24, 2.00324868662e-23, 1.11427928149e-23, 1.09066394143e-23, 1.4735277999e-23, 1.35452545022e-23, 5.31343494713e-24, 2.00445327722e-23, 1.53706802146e-23, 1.05833405495e-23, 1.15742492429e-23, 8.78599118558e-24, 7.41508030549e-24, 9.92171896399e-24, 3.90278401565e-24, 9.84553156663e-24, 2.2431367125e-23, 1.083979213e-23, 8.66182605682e-24, 6.60076561987e-24, 7.47001421235e-24, 7.67089843073e-24, 1.413145073e-23, 1.20664061511e-23, 8.94822437504e-24, 1.54459454336e-23, 1.41486400091e-23, 8.86313783781e-24, 1.28076056581e-23, 9.99687216471e-24, 8.60665549169e-24, 7.27519870092e-24, 8.6366038071e-24, 1.16587472899e-23, 6.44643287238e-24, 7.233280999e-24, 1.00779165787e-23], "var": [2.36402661358e-06, 6.833705811e-06, 9.41759367379e-07, 2.62445752242e-07, 1.21632538708e-07, 6.88593218001e-08, 7.6387280501e-08, 2.4010168076e-08, 1.15994582828e-08, 4.06539957254e-09, 5.88513904276e-09, 3.67568979698e-08, 8.72177496891e-10, 9.84469172849e-10, 2.04070693677e-09, 8.61299742638e-09, 1.33055415574e-08, 5.55861632279e-08, 1.91863609444e-08, 2.68604005704e-09, 9.59192281158e-09, 1.18171905594e-09, 7.46344930302e-10, 5.49458090138e-10, 2.78300160694e-10, 5.67803304374e-10, 3.33063798763e-10, 7.76920194845e-10, 7.86212539516e-10, 3.6397873604e-10, 9.12353304017e-10, 1.21106003004e-09, 1.63679736431e-09, 1.09042308516e-09, 3.13617021241e-10, 2.07210151815e-10, 2.65692912116e-10, 1.35968264425e-10, 3.33983812828e-10, 5.12522801976e-10]}, "mfcc": {"mean": [-614.065734863, 69.7966766357, 11.872428894, 33.0672149658, 20.8471374512, 15.7641305923, 1.31880187988, -1.95448744297, 6.87518787384, 5.62363195419, 1.65719640255, 0.0818674489856, -0.598224759102], "cov": [[18939.7988281, 208.185180664, 57.8816604614, 82.9384078979, -259.61227417, -122.620033264, -594.489868164, -619.686462402, -163.287582397, -109.924438477, -283.598846436, -239.228729248, -62.3316917419], [208.185180664, 849.75994873, -257.474456787, 225.852554321, 50.8123817444, 65.2270050049, 34.5903625488, 38.4518127441, 46.3165016174, 35.2453384399, 41.1828460693, 46.1694412231, 2.38872814178], [57.8816604614, -257.474456787, 342.414825439, -5.79039239883, 65.3135223389, 7.7048201561, 69.0845413208, 37.4722976685, 0.862656891346, -11.344332695, 1.1745582819, 4.9721288681, -13.5204133987], [82.9384078979, 225.852554321, -5.79039239883, 201.273513794, 36.5830116272, 52.333278656, 25.4767780304, 36.6737251282, 4.28591871262, 6.42468547821, 2.49104499817, 10.0499639511, -10.097735405], [-259.61227417, 50.8123817444, 65.3135223389, 36.5830116272, 142.962081909, 43.237323761, 52.3325958252, 23.5018177032, 26.1107635498, 9.73570919037, 21.4992046356, 30.4518928528, 7.69739961624], [-122.620033264, 65.2270050049, 7.7048201561, 52.333278656, 43.237323761, 92.3041305542, 27.9030456543, 25.9151153564, 10.0215263367, 24.7413730621, 24.0274887085, 5.5350728035, 4.18970632553], [-594.489868164, 34.5903625488, 69.0845413208, 25.4767780304, 52.3325958252, 27.9030456543, 108.943367004, 52.0631980896, 17.7963237762, -1.809491992, 15.7377986908, 24.697271347, -7.82645368576], [-619.686462402, 38.4518127441, 37.4722976685, 36.6737251282, 23.5018177032, 25.9151153564, 52.0631980896, 98.9468536377, 31.4912471771, 12.4879465103, 19.1873378754, 7.59413051605, -1.00944983959], [-163.287582397, 46.3165016174, 0.862656891346, 4.28591871262, 26.1107635498, 10.0215263367, 17.7963237762, 31.4912471771, 68.6119232178, 27.837770462, 13.0970335007, 3.03503918648, 4.79505634308], [-109.924438477, 35.2453384399, -11.344332695, 6.42468547821, 9.73570919037, 24.7413730621, -1.809491992, 12.4879465103, 27.837770462, 77.685218811, 37.0500068665, -7.34687185287, 3.15750670433], [-283.598846436, 41.1828460693, 1.1745582819, 2.49104499817, 21.4992046356, 24.0274887085, 15.7377986908, 19.1873378754, 13.0970335007, 37.0500068665, 69.9852294922, 24.7964954376, 6.95829772949], [-239.228729248, 46.1694412231, 4.9721288681, 10.0499639511, 30.4518928528, 5.5350728035, 24.697271347, 7.59413051605, 3.03503918648, -7.34687185287, 24.7964954376, 94.8145217896, 25.2501163483], [-62.3316917419, 2.38872814178, -13.5204133987, -10.097735405, 7.69739961624, 4.18970632553, -7.82645368576, -1.00944983959, 4.79505634308, 3.15750670433, 6.95829772949, 25.2501163483, 67.6312408447]], "icov": [[8.98474245332e-05, -0.00015744092525, -0.00029557273956, -7.79492165748e-06, 0.000120168784633, -0.000132431508973, 0.00044569655438, 0.000496596272569, -0.00011727866513, 7.53540007281e-05, 0.000182419098564, 8.53023084346e-05, 3.58123070328e-05], [-0.00015744092525, 0.00321296905167, 0.00303329434246, -0.00304805324413, -0.00085651059635, 0.000694236194249, -0.00211399490945, -0.000439164898125, -0.00109972211067, -8.44989335747e-05, -0.00139378465246, -0.000625446205959, 0.000154829962412], [-0.00029557273956, 0.00303329434246, 0.00682049430907, -0.00198687496595, -0.00260733417235, 0.00145834381692, -0.00431835651398, -0.0022629564628, 0.000487665878609, -0.000194770123926, -0.00110673520248, -0.000191261686268, 0.000520004949067], [-7.79492165748e-06, -0.00304805324413, -0.00198687496595, 0.00969165936112, -0.000403964950237, -0.00371190370061, 0.00180813088082, -0.00287465029396, 0.00254578446038, -0.00049490458332, 0.0031105093658, -0.000647490087431, 0.00135687401053], [0.000120168784633, -0.00085651059635, -0.00260733417235, -0.000403964950237, 0.0114121073857, -0.00387509842403, -0.00221419031732, 0.00302106887102, -0.00383750768378, 0.00103437504731, -0.000631254049949, -0.0016186714638, -0.000817427411675], [-0.000132431508973, 0.000694236194249, 0.00145834381692, -0.00371190370061, -0.00387509842403, 0.0169930011034, -0.00303786015138, -0.0020072106272, 0.00229186681099, -0.00373566919006, -0.00315498607233, 0.00177170312963, -0.00172735843807], [0.00044569655438, -0.00211399490945, -0.00431835651398, 0.00180813088082, -0.00221419031732, -0.00303786015138, 0.0193394497037, -0.00434878235683, -0.000667918648105, 0.00264047598466, 0.000910727016162, -0.0024942252785, 0.0032670001965], [0.000496596272569, -0.000439164898125, -0.0022629564628, -0.00287465029396, 0.00302106887102, -0.0020072106272, -0.00434878235683, 0.0198732428253, -0.00745637249202, 0.00180170685053, -0.00241543445736, 0.00180527323391, -0.000815470935777], [-0.00011727866513, -0.00109972211067, 0.000487665878609, 0.00254578446038, -0.00383750768378, 0.00229186681099, -0.000667918648105, -0.00745637249202, 0.02246838063, -0.00830916967243, 0.00297442311421, -6.82689787936e-05, -0.000971072586253], [7.53540007281e-05, -8.44989335747e-05, -0.000194770123926, -0.00049490458332, 0.00103437504731, -0.00373566919006, 0.00264047598466, 0.00180170685053, -0.00830916967243, 0.0230219569057, -0.0119822146371, 0.00469061452895, -0.000598394020926], [0.000182419098564, -0.00139378465246, -0.00110673520248, 0.0031105093658, -0.000631254049949, -0.00315498607233, 0.000910727016162, -0.00241543445736, 0.00297442311421, -0.0119822146371, 0.0255756080151, -0.00678041437641, 0.0010457795579], [8.53023084346e-05, -0.000625446205959, -0.000191261686268, -0.000647490087431, -0.0016186714638, 0.00177170312963, -0.0024942252785, 0.00180527323391, -6.82689787936e-05, 0.00469061452895, -0.00678041437641, 0.0156967006624, -0.00559832528234], [3.58123070328e-05, 0.000154829962412, 0.000520004949067, 0.00135687401053, -0.000817427411675, -0.00172735843807, 0.0032670001965, -0.000815470935777, -0.000971072586253, -0.000598394020926, 0.0010457795579, -0.00559832528234, 0.0177654102445]]}, "spectral_contrast_coeffs": {"dmean": [0.0380710288882, 0.0375542603433, 0.0296282209456, 0.0277809444815, 0.0217087138444, 0.019556645304], "dmean2": [0.0614001043141, 0.0603271797299, 0.0475667193532, 0.0436943210661, 0.0338838361204, 0.0290182717144], "dvar": [0.00115838053171, 0.001132046571, 0.000615525292233, 0.000554975355044, 0.000364010134945, 0.000396089541027], "dvar2": [0.00306654023007, 0.0028355079703, 0.00148487556726, 0.0012513299007, 0.000770165526774, 0.000759299728088], "max": [-0.427750319242, -0.457033932209, -0.547619044781, -0.507685780525, -0.614257693291, -0.578620791435], "mean": [-0.678449332714, -0.69088613987, -0.75714212656, -0.725862264633, -0.757540166378, -0.750438809395], "median": [-0.680957794189, -0.6839184165, -0.75622189045, -0.72404897213, -0.757421433926, -0.752258777618], "min": [-0.98027074337, -0.97075933218, -0.970757842064, -0.958975315094, -0.965124547482, -0.95869988203], "var": [0.00369992805645, 0.00596354249865, 0.00331213558093, 0.00470823934302, 0.00224680709653, 0.00275918166153]}, "spectral_contrast_valleys": {"dmean": [0.318715184927, 0.318586230278, 0.276162445545, 0.248211562634, 0.241453915834, 0.372863739729], "dmean2": [0.500235378742, 0.517256975174, 0.453718841076, 0.383080869913, 0.356798380613, 0.453582942486], "dvar": [0.108939833939, 0.112064518034, 0.077349640429, 0.0710810497403, 0.104315802455, 0.247479200363], "dvar2": [0.219609364867, 0.236818835139, 0.157089084387, 0.118406519294, 0.194367915392, 0.427863657475], "max": [-5.54739809036, -5.14042282104, -6.30950593948, -6.14098834991, -5.31219005585, -6.98744153976], "mean": [-7.22893714905, -7.56104850769, -8.07466506958, -7.98679876328, -7.46864557266, -9.4553565979], "median": [-6.7223906517, -7.13018