{"lowlevel": {"average_loudness": 0.906517088413, "barkbands_crest": {"dmean": 2.9375026226, "dmean2": 4.57891559601, "dvar": 9.09696865082, "dvar2": 21.283908844, "max": 26.4736232758, "mean": 10.2050447464, "median": 9.30087280273, "min": 2.11961269379, "var": 26.9003391266}, "barkbands_flatness_db": {"dmean": 0.032287299633, "dmean2": 0.0472544617951, "dvar": 0.00137462548446, "dvar2": 0.00268246605992, "max": 0.69342315197, "mean": 0.12654659152, "median": 0.102113768458, "min": 0.0159041043371, "var": 0.00784149765968}, "barkbands_kurtosis": {"dmean": 7.33510494232, "dmean2": 11.5972118378, "dvar": 885.611755371, "dvar2": 1755.88183594, "max": 1735.06005859, "mean": 8.94676303864, "median": 1.80138349533, "min": -1.945789814, "var": 1207.79296875}, "barkbands_skewness": {"dmean": 0.946288347244, "dmean2": 1.41275084019, "dvar": 1.65363335609, "dvar2": 3.3188123703, "max": 37.2273750305, "mean": 1.79763329029, "median": 1.4153996706, "min": -5.75305891037, "var": 4.60251188278}, "barkbands_spread": {"dmean": 10.6664199829, "dmean2": 16.583562851, "dvar": 176.338256836, "dvar2": 386.477752686, "max": 132.103485107, "mean": 29.658159256, "median": 27.2181587219, "min": 0.229686871171, "var": 420.576538086}, "dissonance": {"dmean": 0.0138672906905, "dmean2": 0.023122318089, "dvar": 0.000304323795717, "dvar2": 0.000791098340414, "max": 0.500000357628, "mean": 0.476687192917, "median": 0.481912970543, "min": 0.215406313539, "var": 0.000481697905343}, "dynamic_complexity": 4.41067504883, "erbbands_crest": {"dmean": 2.10291361809, "dmean2": 3.3859231472, "dvar": 4.9878745079, "dvar2": 12.2108097076, "max": 25.4623584747, "mean": 6.91893196106, "median": 6.02239179611, "min": 2.06474590302, "var": 11.4919576645}, "erbbands_flatness_db": {"dmean": 0.0215209405869, "dmean2": 0.0303885210305, "dvar": 0.000634250347503, "dvar2": 0.00117037072778, "max": 0.489645570517, "mean": 0.126130789518, "median": 0.11001008004, "min": 0.0414458960295, "var": 0.0039187357761}, "erbbands_kurtosis": {"dmean": 1.18587172031, "dmean2": 1.8336597681, "dvar": 6.4885134697, "dvar2": 15.3779783249, "max": 46.9217605591, "mean": 0.690041005611, "median": -0.192949533463, "min": -1.86171770096, "var": 12.1900186539}, "erbbands_skewness": {"dmean": 0.44973257184, "dmean2": 0.692081868649, "dvar": 0.289346694946, "dvar2": 0.646094977856, "max": 5.9477891922, "mean": 0.0683422461152, "median": -0.0381982587278, "min": -3.96035385132, "var": 0.810523986816}, "erbbands_spread": {"dmean": 14.1100540161, "dmean2": 20.7732315063, "dvar": 295.427856445, "dvar2": 631.424682617, "max": 211.024749756, "mean": 50.9120521545, "median": 44.5196495056, "min": 1.19727468491, "var": 937.798706055}, "hfc": {"dmean": 19.7823181152, "dmean2": 29.2696456909, "dvar": 1186.85473633, "dvar2": 2788.61889648, "max": 254.294769287, "mean": 24.1184616089, "median": 10.0796985626, "min": 1.07244151706e-16, "var": 1382.80725098}, "melbands_crest": {"dmean": 3.89286994934, "dmean2": 6.18536186218, "dvar": 15.1083240509, "dvar2": 35.3718757629, "max": 36.2034721375, "mean": 15.8257322311, "median": 15.4708528519, "min": 1.56007063389, "var": 46.3651771545}, "melbands_flatness_db": {"dmean": 0.0430640056729, "dmean2": 0.0613894201815, "dvar": 0.00242091552354, "dvar2": 0.00441246386617, "max": 0.86818343401, "mean": 0.200152516365, "median": 0.181488111615, "min": 0.00266152690165, "var": 0.0139970816672}, "melbands_kurtosis": {"dmean": 22.445394516, "dmean2": 34.9970703125, "dvar": 3019.79638672, "dvar2": 7005.45996094, "max": 1708.24243164, "mean": 34.9667243958, "median": 10.2762737274, "min": -1.84972929955, "var": 5902.28564453}, "melbands_skewness": {"dmean": 1.35479664803, "dmean2": 2.04557013512, "dvar": 3.42927622795, "dvar2": 7.28634881973, "max": 28.1423854828, "mean": 3.68425583839, "median": 2.86368274689, "min": -4.96443986893, "var": 10.8924093246}, "melbands_spread": {"dmean": 13.7114305496, "dmean2": 20.5932502747, "dvar": 441.037689209, "dvar2": 922.731018066, "max": 247.619750977, "mean": 30.5650253296, "median": 21.207857132, "min": 0.182819202542, "var": 1003.48669434}, "pitch_salience": {"dmean": 0.0912918150425, "dmean2": 0.145116850734, "dvar": 0.00866319332272, "dvar2": 0.0199051443487, "max": 0.975966334343, "mean": 0.546520590782, "median": 0.564659059048, "min": 0.0495263561606, "var": 0.0210460498929}, "silence_rate_20dB": {"dmean": 0, "dmean2": 0, "dvar": 0, "dvar2": 0, "max": 1, "mean": 1, "median": 1, "min": 1, "var": 0}, "silence_rate_30dB": {"dmean": 0.0147628709674, "dmean2": 0.0295284669846, "dvar": 0.0145450821146, "dvar2": 0.040099747479, "max": 1, "mean": 0.990958571434, "median": 1, "min": 0, "var": 0.00895972084254}, "silence_rate_60dB": {"dmean": 0.0597896277905, "dmean2": 0.119590289891, "dvar": 0.0562177225947, "dvar2": 0.112108252943, "max": 1, "mean": 0.128517389297, "median": 0, "min": 0, "var": 0.112014889717}, "spectral_centroid": {"dmean": 404.322143555, "dmean2": 601.985351562, "dvar": 300570.46875, "dvar2": 556676, "max": 11804.9257812, "mean": 1633.9979248, "median": 1459.53466797, "min": 102.306266785, "var": 1533648.25}, "spectral_complexity": {"dmean": 5.38697195053, "dmean2": 7.5871553421, "dvar": 52.6349143982, "dvar2": 98.3384780884, "max": 61, "mean": 17.315158844, "median": 17, "min": 0, "var": 166.507369995}, "spectral_decrease": {"dmean": 2.94978863558e-09, "dmean2": 4.47060788389e-09, "dvar": 2.52063406254e-17, "dvar2": 6.01262168618e-17, "max": 1.47839666801e-28, "mean": -5.26076027185e-09, "median": -2.79450729224e-09, "min": -5.2228717351e-08, "var": 3.93753952705e-17}, "spectral_energy": {"dmean": 0.0125678554177, "dmean2": 0.0188889335841, "dvar": 0.000434267887613, "dvar2": 0.00102257169783, "max": 0.21260330081, "mean": 0.0220428593457, "median": 0.0120078315958, "min": 1.02174132822e-20, "var": 0.000669696717523}, "spectral_energyband_high": {"dmean": 0.00173770741094, "dmean2": 0.00265805912204, "dvar": 9.74638624029e-06, "dvar2": 2.28875724133e-05, "max": 0.0215939749032, "mean": 0.00170593615621, "median": 0.000412589841289, "min": 7.1962346457e-21, "var": 1.04590844785e-05}, "spectral_energyband_low": {"dmean": 0.00599239952862, "dmean2": 0.00951971579343, "dvar": 0.000131821027026, "dvar2": 0.000333385309204, "max": 0.113910771906, "mean": 0.00926732365042, "median": 0.00496018305421, "min": 1.97895066633e-23, "var": 0.000200334136025}, "spectral_energyband_middle_high": {"dmean": 0.00277469307184, "dmean2": 0.00427081435919, "dvar": 7.2843664384e-05, "dvar2": 0.000181457930012, "max": 0.0949077680707, "mean": 0.00408800551668, "median": 0.00183116458356, "min": 1.1972581086e-21, "var": 7.32849439373e-05}, "spectral_energyband_middle_low": {"dmean": 0.00651269080117, "dmean2": 0.010338017717, "dvar": 0.000174735178007, "dvar2": 0.000418009032728, "max": 0.132355958223, "mean": 0.00834874901921, "median": 0.00373351573944, "min": 1.81146003448e-22, "var": 0.000186060176929}, "spectral_entropy": {"dmean": 0.245148181915, "dmean2": 0.3396499753, "dvar": 0.0912641063333, "dvar2": 0.164537608624, "max": 9.8250169754, "mean": 7.71897792816, "median": 7.81692647934, "min": 4.04595565796, "var": 0.50397336483}, "spectral_flux": {"dmean": 0.036932375282, "dmean2": 0.0548842251301, "dvar": 0.00198146770708, "dvar2": 0.00366297527216, "max": 0.360145270824, "mean": 0.081219419837, "median": 0.0587105043232, "min": 6.35822020034e-11, "var": 0.00468746712431}, "spectral_kurtosis": {"dmean": 3.26219439507, "dmean2": 4.81174898148, "dvar": 186.448226929, "dvar2": 350.824310303, "max": 636.721801758, "mean": 7.87810134888, "median": 2.8756775856, "min": -1.28595101833, "var": 624.573181152}, "spectral_rms": {"dmean": 0.00114900327753, "dmean2": 0.00163220975082, "dvar": 2.17338288167e-06, "dvar2": 4.4421790335e-06, "max": 0.0144020086154, "mean": 0.00396786490455, "median": 0.00342271197587, "min": 3.15724681642e-12, "var": 5.76128968532e-06}, "spectral_rolloff": {"dmean": 1251.46777344, "dmean2": 2011.85351562, "dvar": 4225408.5, "dvar2": 8088473.5, "max": 19401.4160156, "mean": 2470.98876953, "median": 1421.19140625, "min": 64.599609375, "var": 10496614}, "spectral_skewness": {"dmean": 0.337174922228, "dmean2": 0.496399879456, "dvar": 0.399780243635, "dvar2": 0.770099759102, "max": 21.7353839874, "mean": 1.74409723282, "median": 1.41589641571, "min": -0.0877103954554, "var": 2.25873541832}, "spectral_spread": {"dmean": 999594.625, "dmean2": 1425084.625, "dvar": 1550966718460.0, "dvar2": 2980889755650.0, "max": 52002112, "mean": 6268206.5, "median": 5713503.5, "min": 195218.09375, "var": 15355314438100.0}, "spectral_strongpeak": {"dmean": 0.406560331583, "dmean2": 0.687417924404, "dvar": 1.6271032095, "dvar2": 4.151263237, "max": 19.2361679077, "mean": 0.527664899826, "median": 0.245849147439, "min": 0, "var": 1.61210680008}, "zerocrossingrate": {"dmean": 0.0252983570099, "dmean2": 0.0275760628283, "dvar": 0.00100338307675, "dvar2": 0.00104129931424, "max": 0.5361328125, "mean": 0.0906525030732, "median": 0.07080078125, "min": 0.00341796875, "var": 0.00627463264391}, "barkbands": {"dmean": [0.000111370791274, 0.00347094726749, 0.00264018028975, 0.00265040015802, 0.00351998326369, 0.000591715506744, 0.000316500256304, 0.000333912932547, 0.000252982630627, 0.000306438974803, 0.000359934434528, 0.000684612256009, 0.000308229355142, 0.000291287346045, 0.000332266004989, 0.000335897144396, 0.000332699913997, 0.000180903589353, 0.000220259316848, 0.000278579624137, 0.000239719520323, 0.000250189128565, 0.000276801496511, 0.00035355964792, 0.000344070140272, 9.71419431153e-05, 5.0883507356e-05], "dmean2": [0.000168522950844, 0.00550924194977, 0.00419423310086, 0.00478182919323, 0.00580091634765, 0.000926247972529, 0.000517413660418, 0.000556209299248, 0.00041563870036, 0.00048218484153, 0.000628022593446, 0.00119765789714, 0.000470750121167, 0.000463971664431, 0.000538761203643, 0.000539534026757, 0.000509435485583, 0.000280362059129, 0.000351249473169, 0.000458955211798, 0.000383166130632, 0.000394585629692, 0.000451589905424, 0.000562041590456, 0.000499507004861, 0.000141631797305, 7.33899869374e-05], "dvar": [4.87070153099e-08, 5.86704773013e-05, 3.33322386723e-05, 6.46518892609e-05, 6.36135519017e-05, 4.2558590394e-06, 4.17153756871e-07, 1.65190624557e-06, 2.31760196812e-07, 5.45141176644e-07, 1.94205222215e-06, 8.78537503013e-06, 9.61025875768e-07, 3.50605006361e-07, 7.62579020375e-07, 9.58445639299e-07, 1.93336813936e-06, 1.7451955614e-07, 2.55606749988e-07, 3.67500291532e-07, 2.55790553183e-07, 2.12962618207e-07, 2.83973321302e-07, 4.87102113311e-07, 4.92606147873e-07, 3.67815715663e-08, 1.07271178607e-08], "dvar2": [9.96116824581e-08, 0.000154389126692, 8.1602272985e-05, 0.000180979535799, 0.000150663763634, 9.39641995501e-06, 1.08302413082e-06, 3.99255577577e-06, 5.97984126216e-07, 1.34465642532e-06, 5.4384786381e-06, 2.45586707024e-05, 2.11417886931e-06, 8.52519121963e-07, 1.83490794825e-06, 2.32854017668e-06, 3.54773032996e-06, 3.83857781117e-07, 6.60208343106e-07, 9.74081558525e-07, 6.5663289206e-07, 5.18546130479e-07, 6.94052801009e-07, 1.2155121567e-06, 1.06676850464e-06, 8.0879523523e-08, 2.31873311662e-08], "max": [0.0030029208865, 0.102959685028, 0.0521824210882, 0.0813307836652, 0.109664902091, 0.0606515258551, 0.0154886515811, 0.04057206586, 0.00516471080482, 0.011272707954, 0.0192297138274, 0.0353814139962, 0.0117844035849, 0.00751929916441, 0.0196788180619, 0.0133833466098, 0.0434182062745, 0.00882879644632, 0.00493557658046, 0.00518621178344, 0.00549413310364, 0.00405453890562, 0.00405771285295, 0.00543994223699, 0.00557199819013, 0.00152968440671, 0.000884613546077], "mean": [0.000165546298376, 0.00476914364845, 0.00305084697902, 0.00225471123122, 0.00386223266833, 0.000823447830044, 0.000487809506012, 0.000377316231607, 0.000382286438253, 0.000424750178354, 0.000350972055458, 0.00067261105869, 0.00036941896542, 0.000459172239061, 0.000420140597271, 0.000390853558201, 0.000432517088484, 0.000270282180281, 0.000274606689345, 0.000267165858531, 0.000244486669544, 0.00023292916012, 0.000233538987231, 0.000321243336657, 0.000359519122867, 9.3693859526e-05, 5.16458931088e-05], "median": [5.18320957781e-05, 0.00181775505189, 0.0011974980589, 0.000901575316675, 0.000851111952215, 0.000383716047509, 0.000288249342702, 0.000142742297612, 0.000189438826055, 0.000167851700098, 8.36263934616e-05, 0.000178581452928, 0.000120681543194, 0.000165546036442, 0.000108531494334, 9.59225508268e-05, 0.000115255577839, 0.00012232256995, 0.000117188654258, 7.28891245672e-05, 6.76101917634e-05, 5.1246232033e-05, 4.02720070269e-05, 5.06344804307e-05, 5.91832613281e-05, 1.11859890239e-05, 4.67410882266e-06], "min": [3.7940866743e-25, 2.17661554335e-24, 1.43223022154e-24, 1.09241951193e-24, 1.20551775049e-23, 8.18016415417e-24, 3.94655711842e-24, 9.86641113707e-24, 1.40644464624e-23, 1.50051346929e-23, 1.65408654374e-23, 2.27406810637e-23, 1.96625347675e-23, 2.214647632e-23, 3.53075303179e-23, 4.52241808505e-23, 8.02346640168e-23, 9.43730519896e-23, 1.12924769628e-22, 1.71448063024e-22, 2.43569374672e-22, 3.59120558865e-22, 4.35583495879e-22, 5.34249573091e-22, 8.28772066854e-22, 1.24360718302e-21, 1.96563902352e-21], "var": [1.15156169045e-07, 8.42898516566e-05, 3.33765347023e-05, 3.97106123273e-05, 7.55184082664e-05, 5.23769449501e-06, 4.82237680899e-07, 1.6905830762e-06, 3.09501245965e-07, 6.39207144104e-07, 1.31037779738e-06, 5.85734051128e-06, 9.99854364636e-07, 5.5722568959e-07, 1.03218712866e-06, 1.01759553672e-06, 3.49347442352e-06, 2.39109084532e-07, 2.30004218338e-07, 2.91027674848e-07, 2.28220756071e-07, 2.04000045301e-07, 2.54513508935e-07, 4.73030894454e-07, 6.13293423157e-07, 4.2685243784e-08, 1.33736532959e-08]}, "erbbands": {"dmean": [0.0920518189669, 0.850986838341, 2.73535752296, 6.24266672134, 10.8702011108, 11.7857208252, 5.44528388977, 4.88520050049, 5.11405849457, 5.34474468231, 7.5991230011, 5.8872551918, 9.24855613708, 8.00295734406, 19.2896575928, 28.518404007, 16.493932724, 15.382894516, 15.2969913483, 17.9438037872, 20.865655899, 14.8841533661, 9.54400062561, 10.5014543533, 11.5862293243, 12.4288845062, 11.5059652328, 8.53643989563, 8.15583133698, 8.80843544006, 7.92151117325, 7.36192893982, 6.01824760437, 2.64805293083, 3.25674891472, 0.680643320084, 0.156194478273, 0.0434608832002, 0.00783161446452, 0.000654556031805], "dmean2": [0.143279418349, 1.35240995884, 4.40554046631, 10.7486953735, 18.390455246, 19.2970848083, 9.15828990936, 7.59492444992, 8.13425254822, 8.78105735779, 12.5607004166, 9.69302177429, 14.8289527893, 12.3364620209, 34.559928894, 49.1140823364, 25.8179702759, 24.1791706085, 23.8100223541, 29.2940387726, 31.7388343811, 22.9841709137, 14.7321920395, 16.3397331238, 18.94257164, 20.2308921814, 18.4251117706, 13.7389974594, 12.9363670349, 14.0116930008, 13.0849132538, 11.5614471436, 9.80529403687, 4.13418626785, 4.63096284866, 0.974987506866, 0.22855861485, 0.0642230510712, 0.0115147223696, 0.000934866489843], "dvar": [0.0534232705832, 3.44476103783, 33.5430526733, 307.462799072, 681.321777344, 788.32434082, 212.568756104, 308.902160645, 212.410430908, 88.6653823853, 1096.52319336, 135.353042603, 477.135314941, 347.104187012, 7185.32958984, 14002.8251953, 3070.14819336, 1021.92895508, 1511.73461914, 2805.24023438, 3896.61669922, 2237.84277344, 512.140991211, 519.649414062, 786.210266113, 655.088439941, 603.951171875, 302.658966064, 242.445419312, 268.380065918, 244.572341919, 208.464736938, 151.816390991, 26.6542053223, 52.1330566406, 1.88647603989, 0.0921022966504, 0.00712047563866, 0.000249503005762, 2.09120935324e-06], "dvar2": [0.132512047887, 9.00828266144, 80.3519439697, 829.237915039, 1786.29919434, 1785.73742676, 492.562438965, 677.198669434, 516.752868652, 225.142562866, 2618.95898438, 348.055541992, 1198.04199219, 791.048828125, 20540.2851562, 38526.6601562, 7408.92919922, 2441.76586914, 3454.68383789, 6948.48779297, 7587.99365234, 4497.01269531, 1137.58105469, 1259.78881836, 2099.77001953, 1690.57446289, 1540.78015137, 788.85168457, 603.465332031, 645.557983398, 612.720947266, 495.583892822, 394.679718018, 64.4109573364, 111.248573303, 4.07444524765, 0.188138708472, 0.0153182651848, 0.000555375241674, 4.47962202088e-06], "max": [3.54275751114, 25.6858386993, 42.2824325562, 174.651260376, 294.51651001, 502.477844238, 409.804931641, 554.446228027, 521.242248535, 201.615402222, 1019.88726807, 148.995635986, 349.729187012, 301.181396484, 1093.15039062, 1361.18945312, 602.532165527, 369.444793701, 582.75402832, 1280.59692383, 1436.2434082, 1227.65527344, 541.672485352, 236.70489502, 276.932922363, 221.510559082, 242.000946045, 178.812805176, 155.927337646, 148.753616333, 134.61680603, 108.347167969, 91.2958068848, 37.5149269104, 61.204826355, 11.6747665405, 2.32287311554, 0.62898594141, 0.143761277199, 0.0131433131173], "mean": [0.130604371428, 1.10117459297, 3.41339874268, 6.14021635056, 10.4394702911, 13.566904068, 6.51143503189, 6.88380432129, 7.52945613861, 7.55336475372, 9.0145072937, 9.03059101105, 12.4761352539, 11.9218616486, 18.7415904999, 28.8310642242, 19.5144290924, 23.1221046448, 21.7181625366, 22.3329048157, 26.0945262909, 19.8072071075, 14.8464126587, 13.9894647598, 13.4566926956, 12.6223659515, 12.0580644608, 8.06384849548, 7.65285205841, 7.87042427063, 6.50425338745, 6.77939271927, 5.19912958145, 2.43082714081, 3.57031106949, 0.687900781631, 0.156742542982, 0.042769279331, 0.00776767125353, 0.000708114996087], "median": [0.0329877659678, 0.426827788353, 1.34230148792, 2.86621975899, 2.85132217407, 2.89881396294, 2.73487854004, 3.20572638512, 3.81526064873, 3.84594750404, 3.10292339325, 4.51048278809, 4.96070432663, 5.04879760742, 6.3237452507, 7.97427034378, 6.52819442749, 8.82890319824, 4.49111795425, 7.07087039948, 5.13859272003, 6.3865609169, 7.16139221191, 6.52646255493, 5.13907146454, 3.72515726089, 3.79303646088, 2.18884658813, 1.78624761105, 1.42521226406, 1.03333044052, 1.10166442394, 0.813497245312, 0.381097823381, 0.497857362032, 0.0965659469366, 0.0205256082118, 0.00537503371015, 0.000690799788572, 6.61382364342e-05], "min": [9.76323412601e-23, 6.56184800331e-22, 3.92297554476e-21, 9.01692783638e-21, 1.76578374609e-20, 3.75711993505e-20, 7.66289908958e-20, 9.60406515881e-20, 1.75313240636e-19, 2.31062124919e-19, 3.43354503862e-19, 4.16857979889e-19, 4.1431933674e-19, 6.79642196956e-19, 5.73157065353e-19, 1.09237016744e-18, 1.33115332545e-18, 1.19479208448e-18, 2.40066197852e-18, 2.55848535106e-18, 3.69266867129e-18, 5.74655110122e-18, 5.57739680186e-18, 4.4585614043e-18, 8.22648572695e-18, 8.55276711957e-18, 9.05709583032e-18, 1.03474893141e-17, 1.05503991999e-17, 1.05455146984e-17, 1.2556333692e-17, 1.01797933342e-17, 9.45799470446e-18, 8.36345856458e-18, 6.12102899941e-18, 4.21845444713e-18, 2.25793982204e-18, 1.04128649134e-18, 2.47673850324e-19, 2.59275303984e-20], "var": [0.0828209891915, 4.46196365356, 36.8758811951, 213.291809082, 551.822937012, 1080.29333496, 279.481872559, 380.912109375, 248.372406006, 112.673828125, 1152.67797852, 170.128189087, 529.548950195, 507.696563721, 4422.60644531, 9992.7109375, 2796.40454102, 1433.46069336, 2236.94946289, 3555.03564453, 6717.99462891, 3698.55810547, 735.545349121, 541.833862305, 645.207946777, 562.919067383, 541.422912598, 254.089080811, 221.670455933, 259.037445068, 207.157562256, 212.54850769, 132.663955688, 26.4730262756, 67.3264312744, 2.31113886833, 0.113732233644, 0.00840832386166, 0.000294365483569, 2.71777025773e-06]}, "gfcc": {"mean": [-37.8864936829, 60.6268959045, -90.2563858032, 28.121471405, -44.7484970093, 19.749792099, -34.3766479492, 7.21694087982, -25.172000885, 0.838451743126, -14.2896575928, -1.63876247406, -8.80356025696], "cov": [[26998.1210938, -1532.94616699, -1822.70996094, 1300.33239746, -1223.11804199, -490.947875977, -911.570495605, 112.754638672, -549.025024414, 91.7040328979, 33.60754776, 71.1908035278, -176.930038452], [-1532.94616699, 3380.81933594, -110.038063049, -350.321746826, 302.13772583, 88.6285095215, 205.864715576, -132.147750854, 82.3854141235, -199.227783203, -40.5311813354, -161.633209229, 6.61787605286], [-1822.70996094, -110.038063049, 1701.61816406, 225.234573364, 309.385803223, 174.105041504, 148.034820557, -5.75397825241, -3.48521399498, -95.9243087769, -89.2710800171, -128.014190674, -74.4887466431], [1300.33239746, -350.321746826, 225.234573364, 730.963012695, -8.94084644318, 17.6322669983, 44.5997810364, 51.3623199463, 5.33158922195, 27.8212432861, 33.8482437134, 19.7169914246, -33.9353599548], [-1223.11804199, 302.13772583, 309.385803223, -8.94084644318, 465.550109863, 196.946090698, 79.4276657104, 18.3199310303, 52.9667129517, -32.5508270264, -42.1780548096, -59.795337677, -7.11610460281], [-490.947875977, 88.6285095215, 174.105041504, 17.6322669983, 196.946090698, 260.795196533, 82.3485794067, 39.8728523254, 10.6689863205, -4.10013484955, -20.5785999298, -28.907705307, 4.59070301056], [-911.570495605, 205.864715576, 148.034820557, 44.5997810364, 79.4276657104, 82.3485794067, 209.8959198, 22.5420627594, 41.2425193787, -10.3360614777, 14.85825634, -3.78182697296, -15.1712522507], [112.754638672, -132.147750854, -5.75397825241, 51.3623199463, 18.3199310303, 39.8728523254, 22.5420627594, 130.245407104, 46.9207305908, 59.6457901001, 36.9679870605, 28.889497757, 18.4039421082], [-549.025024414, 82.3854141235, -3.48521399498, 5.33158922195, 52.9667129517, 10.6689863205, 41.2425193787, 46.9207305908, 108.285568237, 49.8413696289, 35.9849357605, 10.1230449677, 19.0039424896], [91.7040328979, -199.227783203, -95.9243087769, 27.8212432861, -32.5508270264, -4.10013484955, -10.3360614777, 59.6457901001, 49.8413696289, 107.12676239, 59.5091285706, 52.7868385315, 19.1545753479], [33.60754776, -40.5311813354, -89.2710800171, 33.8482437134, -42.1780548096, -20.5785999298, 14.85825634, 36.9679870605, 35.9849357605, 59.5091285706, 99.0137481689, 46.902381897, 33.628993988], [71.1908035278, -161.633209229, -128.014190674, 19.7169914246, -59.795337677, -28.907705307, -3.78182697296, 28.889497757, 10.1230449677, 52.7868385315, 46.902381897, 79.7977371216, 29.5263309479], [-176.930038452, 6.61787605286, -74.4887466431, -33.9353599548, -7.11610460281, 4.59070301056, -15.1712522507, 18.4039421082, 19.0039424896, 19.1545753479, 33.628993988, 29.5263309479, 68.5624771118]], "icov": [[6.80054581608e-05, -1.60950585268e-05, 6.82482932461e-05, -0.000141332377098, 9.73775531747e-05, -3.02083062707e-05, 0.00024951659725, -0.000196777342353, 0.000306585774524, -4.04777965741e-05, -7.6908741903e-05, 0.000155940637342, 0.000198299108888], [-1.60950585268e-05, 0.000461409479612, 0.000127723673359, 0.000173223234015, -0.000205698554055, 3.59717741958e-05, -0.000428400351666, 0.000329737842549, -0.000611534051131, 0.000905339431483, -0.00044607478776, 0.000650036963634, -0.000213201594306], [6.82482932461e-05, 0.000127723673359, 0.0009191436111, -0.000350305112079, -0.000315132871037, -2.06450677069e-05, -0.00027416049852, -0.000216773027205, 0.000382471131161, 0.000241492700297, -1.5473964595e-05, 0.00129605922848, 0.000231158031966], [-0.000141332377098, 0.000173223234015, -0.000350305112079, 0.00193339597899, -0.000128817380755, -6.01998217462e-05, -0.000593201373704, -6.72652313369e-05, -0.000713187735528, 0.000608242989983, -0.000812956131995, -0.000836816732772, 0.000859248044435], [9.73775531747e-05, -0.000205698554055, -0.000315132871037, -0.000128817380755, 0.00420805392787, -0.00280052353628, 0.000910699367523, -0.000160430761753, -0.00227343058214, 0.00114500906784, 0.000594195735175, 0.00019740332209, 0.000667661079206], [-3.02083062707e-05, 3.59717741958e-05, -2.06450677069e-05, -6.01998217462e-05, -0.00280052353628, 0.00750581733882, -0.00307036680169, -0.0017626240151, 0.00368099845946, -0.00356093235314, 0.00198582815938, 0.00321802357212, -0.00351846381091], [0.00024951659725, -0.000428400351666, -0.00027416049852, -0.000593201373704, 0.000910699367523, -0.00307036680169, 0.0089894104749, -0.00123503536452, -0.00315513811074, 0.00477536767721, -0.00320818438195, -0.00384216266684, 0.00548315234482], [-0.000196777342353, 0.000329737842549, -0.000216773027205, -6.72652313369e-05, -0.000160430761753, -0.0017626240151, -0.00123503536452, 0.0126888705418, -0.0037117630709, -0.00412107026204, -5.56153645448e-05, -0.00102639815304, -0.00173693394754], [0.000306585774524, -0.000611534051131, 0.000382471131161, -0.000713187735528, -0.00227343058214, 0.00368099845946, -0.00315513811074, -0.0037117630709, 0.020503828302, -0.0117047457024, -0.000355112977559, 0.00715050846338, -0.00458988919854], [-4.04777965741e-05, 0.000905339431483, 0.000241492700297, 0.000608242989983, 0.00114500906784, -0.00356093235314, 0.00477536767721, -0.00412107026204, -0.0117047457024, 0.0291129238904, -0.00931338500232, -0.0117258373648, 0.00762042310089], [-7.6908741903e-05, -0.00044607478776, -1.5473964595e-05, -0.000812956131995, 0.000594195735175, 0.00198582815938, -0.00320818438195, -5.56153645448e-05, -0.000355112977559, -0.00931338500232, 0.0211400613189, -0.00298815313727, -0.00772259058431], [0.000155940637342, 0.000650036963634, 0.00129605922848, -0.000836816732772, 0.00019740332209, 0.00321802357212, -0.00384216266684, -0.00102639815304, 0.00715050846338, -0.0117258373648, -0.00298815313727, 0.029589580372, -0.00941919907928], [0.000198299108888, -0.000213201594306, 0.000231158031966, 0.000859248044435, 0.000667661079206, -0.00351846381091, 0.00548315234482, -0.00173693394754, -0.00458988919854, 0.00762042310089, -0.00772259058431, -0.00941919907928, 0.0247658360749]]}, "melbands": {"dmean": [0.000870489340741, 0.00126557680778, 0.00112782022916, 0.000902158557437, 0.000238236432779, 0.000112107358291, 7.57518355385e-05, 5.89139381191e-05, 6.12283038208e-05, 3.60650956281e-05, 4.65855773655e-05, 3.15452234645e-05, 5.58582178201e-05, 7.65372096794e-05, 6.16098914179e-05, 2.5158511562e-05, 3.04073037114e-05, 2.44521052082e-05, 2.17509896174e-05, 2.42174428422e-05, 2.69244792435e-05, 1.86754168681e-05, 9.05106480786e-06, 9.88186366158e-06, 8.3304112195e-06, 9.55610630626e-06, 7.63497519074e-06, 8.79990057001e-06, 7.80461050454e-06, 5.83331711823e-06, 4.76776222058e-06, 4.65108769276e-06, 5.16785530635e-06, 4.58577960671e-06, 4.35732454207e-06, 4.87445640829e-06, 4.55618373962e-06, 5.03708452015e-06, 2.84952398033e-06, 1.86029615179e-06], "dmean2": [0.00137308973353, 0.00201536831446, 0.001892818138, 0.00147749239113, 0.000395365292206, 0.000173471809831, 0.000120469085232, 9.77153467829e-05, 0.000101782075944, 5.93431323068e-05, 7.48619786464e-05, 4.8131292715e-05, 9.83893623925e-05, 0.000134182628244, 0.000105022569187, 3.83254773624e-05, 4.87660981889e-05, 3.7980331399e-05, 3.5250417568e-05, 3.97906405851e-05, 4.07931074733e-05, 2.88682385872e-05, 1.40376223499e-05, 1.59035480465e-05, 1.30255511976e-05, 1.55298985192e-05, 1.28665205921e-05, 1.43323977682e-05, 1.27168013933e-05, 9.16596764e-06, 7.8403736552e-06, 7.43153941585e-06, 8.22687525215e-06, 7.32116996005e-06, 7.36318270356e-06, 7.91349884821e-06, 7.05093543729e-06, 8.39043150336e-06, 4.57811847809e-06, 2.94999222206e-06], "dvar": [4.13352472606e-06, 6.6276115831e-06, 9.30862734094e-06, 4.20791684519e-06, 4.36709342466e-07, 1.65346392578e-07, 4.31634106235e-08, 1.43588314572e-08, 6.45846469638e-08, 5.03697883403e-09, 1.25163319709e-08, 5.02286567894e-09, 5.04797839085e-08, 1.09182337837e-07, 6.5555283868e-08, 5.48470069361e-09, 3.83923071112e-09, 3.92758137124e-09, 3.58984819648e-09, 5.88326143358e-09, 7.98322297157e-09, 4.71716088413e-09, 4.22361229324e-10, 5.32816124554e-10, 3.13893938619e-10, 5.68595504014e-10, 3.48856443733e-10, 3.21385751345e-10, 2.8684701836e-10, 1.50952403355e-10, 1.04356974451e-10, 8.55342810469e-11, 9.44235245548e-11, 7.68732508205e-11, 8.44560602009e-11, 1.07633964241e-10, 7.57137130769e-11, 1.1255558291e-10, 3.49997288096e-11, 1.32410428108e-11], "dvar2": [1.06529787445e-05, 1.58229413501e-05, 2.48800442932e-05, 9.92107925413e-06, 9.71095346358e-07, 3.63464891961e-07, 1.04722374772e-07, 3.7356208793e-08, 1.5329361247e-07, 1.30303359214e-08, 3.13957535525e-08, 1.10993498836e-08, 1.43164342603e-07, 3.0765446013e-07, 1.78186638777e-07, 1.10474518422e-08, 9.67769597793e-09, 9.04219543685e-09, 8.78096173551e-09, 1.48288838986e-08, 1.46011593927e-08, 9.15122733147e-09, 9.52863898895e-10, 1.25014687491e-09, 7.66267049812e-10, 1.50995704828e-09, 9.54711976142e-10, 8.20268131196e-10, 7.51791739972e-10, 3.67687047476e-10, 2.79999273767e-10, 2.1691193286e-10, 2.29387828177e-10, 1.86489948484e-10, 2.2356434759e-10, 2.55136384242e-10, 1.79362261155e-10, 2.98303687307e-10, 8.68958169309e-11, 3.25878490859e-11], "max": [0.0291259996593, 0.0223937723786, 0.0318581722677, 0.0241701100022, 0.0206274650991, 0.0122612100095, 0.00729612773284, 0.00276591815054, 0.00747464597225, 0.000781534356065, 0.00182118103839, 0.00129330484197, 0.00316452048719, 0.00392097933218, 0.00293650222011, 0.00103408494033, 0.00070981081808, 0.000912136980332, 0.00140550243668, 0.00144695257768, 0.00249178917147, 0.00198909500614, 0.000543334288523, 0.000317290279781, 0.00018524855841, 0.000241051835474, 0.000216809203266, 0.000157978749485, 0.000177314155735, 0.000154026798555, 0.00010753350216, 0.000115234353871, 8.96274577826e-05, 8.92426323844e-05, 9.13090407266e-05, 7.73718566052e-05, 6.83659527567e-05, 7.98204127932e-05, 5.08460543642e-05, 2.23262723011e-05], "mean": [0.00124240561854, 0.00169423397165, 0.0011341284262, 0.000987015780993, 0.000283212924842, 0.000157981063239, 0.000114015463623, 7.81600829214e-05, 7.46628938941e-05, 5.45733673789e-05, 6.20348437224e-05, 4.71726416436e-05, 5.5132964917e-05, 7.65128206694e-05, 6.0724618379e-05, 3.43099454767e-05, 4.48189639428e-05, 3.48481516994e-05, 2.73462628684e-05, 2.90647076326e-05, 3.25398468703e-05, 2.32884412981e-05, 1.37005999932e-05, 1.37185352287e-05, 1.07006617327e-05, 1.12823572636e-05, 7.73583451519e-06, 8.5837473307e-06, 8.14995382825e-06, 5.8929226725e-06, 4.28093198934e-06, 4.37375319962e-06, 4.63181640953e-06, 4.07826200899e-06, 3.41359987033e-06, 4.12887038692e-06, 4.41221482106e-06, 4.35802758147e-06, 2.39297105509e-06, 1.71330134435e-06], "median": [0.000397066178266, 0.000898145197425, 0.00054000900127, 0.000215653737541, 0.00010456572636, 7.184837159e-05, 6.13841111772e-05, 3.82201506e-05, 2.72276392934e-05, 2.7358173611e-05, 2.40157205553e-05, 1.89193033293e-05, 1.71038318513e-05, 2.32867878367e-05, 1.55568432092e-05, 1.30537628138e-05, 1.6040279661e-05, 6.44866395305e-06, 8.65108177095e-06, 8.16894134914e-06, 5.52155370315e-06, 6.6729980972e-06, 5.83201517657e-06, 5.83838345847e-06, 4.51259802503e-06, 4.15026170231e-06, 2.71730664281e-06, 2.07677544495e-06, 2.41462885242e-06, 1.61946434218e-06, 1.06965785562e-06, 1.01391526641e-06, 8.43015584451e-07, 7.34962611659e-07, 5.25767575255e-07, 5.70816155232e-07, 7.1049834105e-07, 6.58448868762e-07, 3.26690184238e-07, 2.44575716124e-07], "min": [1.39530009269e-24, 1.90319635361e-24, 1.9182221817e-24, 2.58680349255e-24, 2.53994988794e-24, 2.35652927507e-24, 2.49235159864e-24, 2.23111044912e-24, 3.20763327787e-24, 2.25249903206e-24, 2.0596817053e-24, 2.60137947271e-24, 2.10283555226e-24, 2.20336542222e-24, 2.82129969359e-24, 2.04404017127e-24, 1.8073249045e-24, 3.35676289605e-24, 2.69003836655e-24, 2.74067179819e-24, 3.79392554946e-24, 5.05565886913e-24, 3.67604251452e-24, 4.13446851921e-24, 2.79589856965e-24, 5.21953762244e-24, 3.66915457553e-24, 4.7708173679e-24, 4.28165103146e-24, 4.49468883537e-24, 5.29579167855e-24, 3.91809186152e-24, 6.12502490718e-24, 3.92841489532e-24, 6.70909633811e-24, 5.79230231002e-24, 5.28254828168e-24, 5.81785627575e-24, 6.9081220002e-24, 6.7672622081e-24], "var": [6.28698808214e-06, 8.25116057968e-06, 6.71406723995e-06, 4.91635546496e-06, 6.281272249e-07, 2.03814494171e-07, 5.12967481825e-08, 1.52550789778e-08, 6.94053099437e-08, 6.31171559462e-09, 1.3651119346e-08, 8.0186950413e-09, 3.27337765782e-08, 7.10572862772e-08, 4.60497879828e-08, 6.43345066109e-09, 5.375713652e-09, 6.07015238074e-09, 4.52598181155e-09, 6.7982859342e-09, 1.44075711361e-08, 8.04114996811e-09, 6.75858924382e-10, 6.0781180089e-10, 3.2559863139e-10, 4.72797911932e-10, 2.56292681522e-10, 2.79422041061e-10, 2.44437026176e-10, 1.44467646179e-10, 8.00415358992e-11, 7.48119968752e-11, 9.02256672153e-11, 7.27138696477e-11, 6.2807543888e-11, 9.9721071678e-11, 8.27763274591e-11, 9.5208466111e-11, 3.15152452746e-11, 1.26152135613e-11]}, "mfcc": {"mean": [-682.794067383, 99.0425872803, 13.2783174515, 18.8820381165, 11.3989992142, 11.2004880905, 6.65902423859, 5.15702676773, -0.603882968426, 2.52541947365, -3.03855395317, 1.20547163486, -3.89626049995], "cov": [[17108.0488281, -659.173095703, -1310.15856934, 657.644958496, -250.093811035, -499.647338867, -465.801452637, -268.168151855, -482.308776855, -238.432022095, -147.823699951, 138.885375977, -15.3431949615], [-659.173095703, 2372.86645508, 57.482624054, -112.181770325, 128.118835449, 152.984817505, 81.2883224487, 89.104133606, 76.4506378174, 21.3047351837, -34.9628982544, -36.9768943787, -41.9681549072], [-1310.15856934, 57.482624054, 1133.68005371, 225.218612671, 187.518630981, 159.259277344, 170.935501099, 92.2098388672, 77.7173995972, 51.5952796936, 2.66715216637, -36.9210128784, -34.8224143982], [657.644958496, -112.181770325, 225.218612671, 491.657745361, 83.1495056152, 45.8054656982, 16.0079994202, 54.0027694702, -6.83236408234, 18.7233600616, 46.1365432739, 25.2420825958, 6.6126666069], [-250.093811035, 128.118835449, 187.518630981, 83.1495056152, 381.296966553, 140.704849243, 96.9085388184, 45.7947235107, 87.1298828125, 65.1474533081, -8.11745452881, -7.03726911545, -9.36256599426], [-499.647338867, 152.984817505, 159.259277344, 45.8054656982, 140.704849243, 217.007263184, 126.971443176, 73.7128601074, 61.3571968079, 42.7057914734, 7.02419090271, -19.1301193237, -4.59091043472], [-465.801452637, 81.2883224487, 170.935501099, 16.0079994202, 96.9085388184, 126.971443176, 171.441604614, 90.5291366577, 56.3861694336, 33.941368103, 14.6195001602, -2.06035351753, -1.28616833687], [-268.168151855, 89.104133606, 92.2098388672, 54.0027694702, 45.7947235107, 73.7128601074, 90.5291366577, 100.747581482, 55.8960762024, 31.3190307617, 20.948841095, 7.44849443436, 6.25750827789], [-482.308776855, 76.4506378174, 77.7173995972, -6.83236408234, 87.1298828125, 61.3571968079, 56.3861694336, 55.8960762024, 96.0234680176, 50.48279953, 18.4188423157, -2.20859336853, 4.91351652145], [-238.432022095, 21.3047351837, 51.5952796936, 18.7233600616, 65.1474533081, 42.7057914734, 33.941368103, 31.3190307617, 50.48279953, 70.4235458374, 32.1774787903, 17.7701568604, 10.1603870392], [-147.823699951, -34.9628982544, 2.66715216637, 46.1365432739, -8.11745452881, 7.02419090271, 14.6195001602, 20.948841095, 18.4188423157, 32.1774787903, 73.959236145, 36.5428123474, 18.369972229], [138.885375977, -36.9768943787, -36.9210128784, 25.2420825958, -7.03726911545, -19.1301193237, -2.06035351753, 7.44849443436, -2.20859336853, 17.7701568604, 36.5428123474, 77.7862930298, 31.6005382538], [-15.3431949615, -41.9681549072, -34.8224143982, 6.6126666069, -9.36256599426, -4.59091043472, -1.28616833687, 6.25750827789, 4.91351652145, 10.1603870392, 18.369972229, 31.6005382538, 53.0402679443]], "icov": [[8.73475291883e-05, 4.77502999274e-06, 0.000112560250273, -0.000180743198143, -4.17016453866e-05, 9.9760502053e-05, -9.42560927797e-06, -1.85345033969e-05, 0.000285537709715, -5.93765362282e-05, 0.000294743833365, -0.000185772194527, 0.000122231242131], [4.77502999274e-06, 0.000476355431601, 6.18135618424e-06, 0.000189433485502, -0.000108286272734, -0.000330990267685, 0.000374908559024, -0.000648734567221, 1.68734914041e-07, 0.000130709173391, 0.000150402149302, -0.000118817653856, 0.000390247238101], [0.000112560250273, 6.18135618424e-06, 0.0013816007413, -0.000896934012417, -4.89952217322e-05, 0.000171631676494, -0.0013316514669, 0.0006549062673, -0.000254420971032, -0.000420268246671, 0.000809748540632, 0.000107487860078, 0.000712574168574], [-0.000180743198143, 0.000189433485502, -0.000896934012417, 0.00364217115566, -0.00118483405095, -0.000785294512752, 0.00267051416449, -0.00408749096096, 0.00263038161211, 0.000521333480719, -0.00296287168749, 0.000411020300817, -0.00023772327404], [-4.17016453866e-05, -0.000108286272734, -4.89952217322e-05, -0.00118483405095, 0.00497956667095, -0.0017138782423, -0.00190172309522, 0.00377396889962, -0.00412033637986, -0.00233964947984, 0.00315171782859, -0.00139822007623, 0.000828439951874], [9.9760502053e-05, -0.000330990267685, 0.000171631676494, -0.000785294512752, -0.0017138782423, 0.010333776474, -0.00576096586883, -0.000577503058594, 0.000492288614623, -0.00221606227569, 0.000212937360629, 0.00314507633448, -0.00107073667459], [-9.42560927797e-06, 0.000374908559024, -0.0013316514669, 0.00267051416449, -0.00190172309522, -0.00576096586883, 0.0179851800203, -0.0134098399431, 0.00317293847911, 0.00143316027243, -0.00215734471567, -0.000710258434992, 0.000872418168001], [-1.85345033969e-05, -0.000648734567221, 0.0006549062673, -0.00408749096096, 0.00377396889962, -0.000577503058594, -0.0134098399431, 0.030195619911, -0.0137808546424, 0.000645978259854, 0.00133908912539, -0.0026058119256, -0.000608871865552], [0.000285537709715, 1.68734914041e-07, -0.000254420971032, 0.00263038161211, -0.00412033637986, 0.000492288614623, 0.00317293847911, -0.0137808546424, 0.0288204643875, -0.0120715200901, -0.00223393039778, 0.0051165279001, -0.00202626571991], [-5.93765362282e-05, 0.000130709173391, -0.000420268246671, 0.000521333480719, -0.00233964947984, -0.00221606227569, 0.00143316027243, 0.000645978259854, -0.0120715200901, 0.0305141881108, -0.00917572807521, -0.00394319510087, -0.000100730343547], [0.000294743833365, 0.000150402149302, 0.000809748540632, -0.00296287168749, 0.00315171782859, 0.000212937360629, -0.00215734471567, 0.00133908912539, -0.00223393039778, -0.00917572807521, 0.0252728685737, -0.0087552908808, -0.000102348923974], [-0.000185772194527, -0.000118817653856, 0.000107487860078, 0.000411020300817, -0.00139822007623, 0.00314507633448, -0.000710258434992, -0.0026058119256, 0.0051165279001, -0.00394319510087, -0.0087552908808, 0.0233035422862, -0.0103830061853], [0.000122231242131, 0.000390247238101, 0.000712574168574, -0.00023772327404, 0.000828439951874, -0.00107073667459, 0.000872418168001, -0.000608871865552, -0.00202626571991, -0.000100730343547, -0.000102348923974, -0.0103830061853, 0.0262702275068]]}, "spectral_contrast_coeffs": {"dmean": [0.0598118565977, 0.0419344566762, 0.0357305780053, 0.0363859981298, 0.026587292552, 0.0219343230128], "dmean2": [0.0913401991129, 0.0689100772142, 0.0570467561483, 0.0543181672692, 0.0396803915501, 0.0337818451226], "dvar": [0.00324348942377, 0.00128985685296, 0.00100685714278, 0.00110368139576, 0.000637502875179, 0.000629630812909], "dvar2": [0.00659443205222, 0.0031537883915, 0.00239360821433, 0.0022858818993, 0.00124166358728, 0.00122326903511], "max": [-0.280266582966, -0.47831684351, -0.528596997261, -0.539787530899, -0.546389460564, -0.59482049942], "mean": [-0.652259171009, -0.784306824207, -0.801501214504, -0.774106740952, -0.786528766155, -0.790354251862], "median": [-0.658237695694, -0.783789217472, -0.802888691425, -0.776799440384, -0.790272116661, -0.794686675072], "min": [-0.98191255331, -0.976801693439, -0.978843271732, -0.973413228989, -0.968304395676, -0.964418172836], "var": [0.0100094880909, 0.00371378776617, 0.00392977194861, 0.00588737986982, 0.00433189794421, 0.00311486655846]}, "spectral_contrast_valleys": {"dmean": [0.547047674656, 0.504228174686, 0.490603089333, 0.534998118877, 0.564549028873, 0.642755389214], "dmean2": [0.805897831917, 0.751272201538, 0.737794458866, 0.759259521961, 0.762924730778, 0.821985721588], "dvar": [0.401669859886, 0.371394455433, 0.339398354292, 0.346627175808, 0.392864614725, 0.452695906162], "dvar2": [0.677758991718, 0.629896461964, 0.628420472145, 0.618391335011, 0.824354887009, 0.964507997036], "max": [-5.28850984573, -4.78089046478, -4.75760364532, -5.09197187424, -5.18062591553, -7.51483