{"lowlevel": {"average_loudness": 0.83846282959, "barkbands_crest": {"dmean": 1.80844151974, "dmean2": 2.87240624428, "dvar": 3.13998126984, "dvar2": 7.86228609085, "max": 26.5540924072, "mean": 11.7710456848, "median": 11.5738172531, "min": 4.03898859024, "var": 12.280128479}, "barkbands_flatness_db": {"dmean": 0.016517996788, "dmean2": 0.0227846130729, "dvar": 0.00026403053198, "dvar2": 0.000533608836122, "max": 0.476437151432, "mean": 0.182154104114, "median": 0.174263760448, "min": 0.0413888096809, "var": 0.00309421634302}, "barkbands_kurtosis": {"dmean": 2.33116459846, "dmean2": 3.70180392265, "dvar": 32.1710700989, "dvar2": 91.0983123779, "max": 188.983612061, "mean": 4.6539440155, "median": 3.47821521759, "min": -1.56513953209, "var": 35.8118400574}, "barkbands_skewness": {"dmean": 0.419653296471, "dmean2": 0.639643132687, "dvar": 0.153418198228, "dvar2": 0.360937774181, "max": 5.57152748108, "mean": 1.70761239529, "median": 1.6788444519, "min": -2.17129540443, "var": 0.675781428814}, "barkbands_spread": {"dmean": 3.43336987495, "dmean2": 4.95130395889, "dvar": 19.4865779877, "dvar2": 40.7456283569, "max": 69.9259185791, "mean": 15.7380876541, "median": 14.0073060989, "min": 0.335067540407, "var": 72.5780563354}, "dissonance": {"dmean": 0.0336057730019, "dmean2": 0.056445620954, "dvar": 0.000880661827978, "dvar2": 0.00247232150286, "max": 0.497939258814, "mean": 0.409705191851, "median": 0.413958907127, "min": 0.187062844634, "var": 0.00221458170563}, "dynamic_complexity": 3.0214214325, "erbbands_crest": {"dmean": 3.03867459297, "dmean2": 4.86237764359, "dvar": 7.27913379669, "dvar2": 17.539270401, "max": 34.5463523865, "mean": 11.5862722397, "median": 10.4099636078, "min": 3.22437429428, "var": 25.0023059845}, "erbbands_flatness_db": {"dmean": 0.0195174701512, "dmean2": 0.0268458407372, "dvar": 0.000296486687148, "dvar2": 0.000587763672229, "max": 0.512086451054, "mean": 0.182662725449, "median": 0.169184505939, "min": 0.0558569058776, "var": 0.00447000330314}, "erbbands_kurtosis": {"dmean": 1.7017390728, "dmean2": 2.70026135445, "dvar": 33.1326179504, "dvar2": 92.9671859741, "max": 185.408004761, "mean": 2.35899209976, "median": 1.49294233322, "min": -1.50513541698, "var": 31.2308292389}, "erbbands_skewness": {"dmean": 0.378081589937, "dmean2": 0.569141030312, "dvar": 0.15344427526, "dvar2": 0.367987602949, "max": 6.63083410263, "mean": 0.675365030766, "median": 0.657187879086, "min": -1.68841195107, "var": 0.613434255123}, "erbbands_spread": {"dmean": 6.28735113144, "dmean2": 9.18026542664, "dvar": 46.9224777222, "dvar2": 96.5216064453, "max": 92.8722076416, "mean": 26.2079257965, "median": 23.6311359406, "min": 0.454364955425, "var": 160.827423096}, "hfc": {"dmean": 5.53534698486, "dmean2": 8.18075180054, "dvar": 63.9011878967, "dvar2": 124.250617981, "max": 205.634658813, "mean": 22.2572288513, "median": 20.2236289978, "min": 5.64778057655e-10, "var": 237.949020386}, "melbands_crest": {"dmean": 2.07939577103, "dmean2": 3.30894351006, "dvar": 4.88894701004, "dvar2": 12.1497993469, "max": 31.6306629181, "mean": 16.0271644592, "median": 16.1765174866, "min": 2.30276870728, "var": 18.5639133453}, "melbands_flatness_db": {"dmean": 0.0177939720452, "dmean2": 0.0239551197737, "dvar": 0.000320675986586, "dvar2": 0.000634486554191, "max": 0.461997389793, "mean": 0.267827421427, "median": 0.27108874917, "min": 0.0168053507805, "var": 0.00208930275403}, "melbands_kurtosis": {"dmean": 4.539935112, "dmean2": 7.07715559006, "dvar": 40.1641120911, "dvar2": 96.8339157104, "max": 105.970962524, "mean": 10.0539360046, "median": 7.5061378479, "min": -1.31644272804, "var": 94.0938262939}, "melbands_skewness": {"dmean": 0.550087034702, "dmean2": 0.8310739398, "dvar": 0.289868146181, "dvar2": 0.657224059105, "max": 8.13856887817, "mean": 2.35043358803, "median": 2.27888083458, "min": -1.86259531975, "var": 1.15557265282}, "melbands_spread": {"dmean": 3.34160995483, "dmean2": 5.08800983429, "dvar": 19.9270191193, "dvar2": 35.6481742859, "max": 146.355895996, "mean": 15.2496757507, "median": 13.073802948, "min": 0.930764555931, "var": 74.3806381226}, "pitch_salience": {"dmean": 0.0474109016359, "dmean2": 0.0761309862137, "dvar": 0.00199500843883, "dvar2": 0.00494320876896, "max": 0.950591146946, "mean": 0.450625449419, "median": 0.442075669765, "min": 0.113134250045, "var": 0.00899916701019}, "silence_rate_20dB": {"dmean": 0, "dmean2": 0, "dvar": 0, "dvar2": 0, "max": 1, "mean": 1, "median": 1, "min": 1, "var": 0}, "silence_rate_30dB": {"dmean": 0.0216550659388, "dmean2": 0.0433268845081, "dvar": 0.0211862865835, "dvar2": 0.0538284629583, "max": 1, "mean": 0.957479715347, "median": 1, "min": 0, "var": 0.0407125093043}, "silence_rate_60dB": {"dmean": 0.00077339517884, "dmean2": 0.00116054154932, "dvar": 0.000772794999648, "dvar2": 0.00115920242388, "max": 1, "mean": 0.0371086187661, "median": 0, "min": 0, "var": 0.0357316359878}, "spectral_centroid": {"dmean": 112.669807434, "dmean2": 163.908432007, "dvar": 21326.203125, "dvar2": 40325.2695312, "max": 4155.28125, "mean": 860.973022461, "median": 806.112182617, "min": 318.393829346, "var": 127864.8125}, "spectral_complexity": {"dmean": 1.65119874477, "dmean2": 2.73810434341, "dvar": 2.4243452549, "dvar2": 5.52021551132, "max": 30, "mean": 13.9713954926, "median": 15, "min": 0, "var": 23.2377548218}, "spectral_decrease": {"dmean": 1.96239291483e-09, "dmean2": 3.01607516739e-09, "dvar": 7.64713008028e-18, "dvar2": 1.8531285904e-17, "max": -4.55950960538e-21, "mean": -1.17254081999e-08, "median": -1.0914492421e-08, "min": -4.49890542598e-08, "var": 6.13817910049e-17}, "spectral_energy": {"dmean": 0.00774569623172, "dmean2": 0.0118849184364, "dvar": 0.000114875838335, "dvar2": 0.000275539874565, "max": 0.17621023953, "mean": 0.0462731309235, "median": 0.0431138500571, "min": 6.84356678314e-14, "var": 0.000922674953472}, "spectral_energyband_high": {"dmean": 0.000288966402877, "dmean2": 0.000356292177457, "dvar": 3.5450156588e-07, "dvar2": 6.89569958467e-07, "max": 0.00954089872539, "mean": 0.000539900152944, "median": 0.000239577362663, "min": 5.43829270624e-14, "var": 7.95098742401e-07}, "spectral_energyband_low": {"dmean": 0.00459573417902, "dmean2": 0.00740418490022, "dvar": 8.87210044311e-05, "dvar2": 0.000223906317842, "max": 0.146178111434, "mean": 0.0237141717225, "median": 0.0205313786864, "min": 9.26774746491e-16, "var": 0.000463589210995}, "spectral_energyband_middle_high": {"dmean": 0.00278767501004, "dmean2": 0.004361867439, "dvar": 1.4092096535e-05, "dvar2": 3.30630064127e-05, "max": 0.0746502801776, "mean": 0.00717493891716, "median": 0.00555943511426, "min": 1.13802230714e-14, "var": 3.86180363421e-05}, "spectral_energyband_middle_low": {"dmean": 0.00356206693687, "dmean2": 0.00517605990171, "dvar": 1.92600364244e-05, "dvar2": 4.07356092182e-05, "max": 0.087357506156, "mean": 0.0155653581023, "median": 0.0115123512223, "min": 1.11637163679e-15, "var": 0.000185513446922}, "spectral_entropy": {"dmean": 0.16596570611, "dmean2": 0.223604932427, "dvar": 0.0281805060804, "dvar2": 0.0489133559167, "max": 8.96694946289, "mean": 6.96371221542, "median": 6.95480728149, "min": 5.06632947922, "var": 0.171665430069}, "spectral_flux": {"dmean": 0.018182458356, "dmean2": 0.0298781469464, "dvar": 0.000466961355414, "dvar2": 0.0011500462424, "max": 0.330502986908, "mean": 0.0659523829818, "median": 0.062532171607, "min": 1.77534730028e-05, "var": 0.00110692414455}, "spectral_kurtosis": {"dmean": 2.08872795105, "dmean2": 3.01138663292, "dvar": 5.10235500336, "dvar2": 11.4425907135, "max": 30.8126525879, "mean": 7.98586845398, "median": 7.11891078949, "min": 0.249010324478, "var": 24.4977531433}, "spectral_rms": {"dmean": 0.000550821016077, "dmean2": 0.0008369635907, "dvar": 4.12423787566e-07, "dvar2": 9.25346341774e-07, "max": 0.0131115382537, "mean": 0.00625476520509, "median": 0.00648554507643, "min": 8.17107714823e-09, "var": 6.02245654591e-06}, "spectral_rolloff": {"dmean": 280.207641602, "dmean2": 487.217224121, "dvar": 633075.5, "dvar2": 1508745.75, "max": 13178.3203125, "mean": 969.506469727, "median": 732.12890625, "min": 107.666015625, "var": 915664.125}, "spectral_skewness": {"dmean": 0.24625466764, "dmean2": 0.34071329236, "dvar": 0.047876380384, "dvar2": 0.0925212949514, "max": 4.30950927734, "mean": 2.38580155373, "median": 2.38381719589, "min": 0.943467259407, "var": 0.34044277668}, "spectral_spread": {"dmean": 719501.1875, "dmean2": 899607.5625, "dvar": 552376270848, "dvar2": 867261612032, "max": 11995476, "mean": 5123426, "median": 4779162.5, "min": 1779191, "var": 3770408501250.0}, "spectral_strongpeak": {"dmean": 0.443199247122, "dmean2": 0.776804208755, "dvar": 0.838592469692, "dvar2": 2.1980907917, "max": 9.15336513519, "mean": 1.02715790272, "median": 0.527935266495, "min": 4.20246010435e-07, "var": 1.59052205086}, "zerocrossingrate": {"dmean": 0.00886307843029, "dmean2": 0.00989784859121, "dvar": 0.000149486295413, "dvar2": 0.00018302135868, "max": 0.48583984375, "mean": 0.0478823259473, "median": 0.0390625, "min": 0.00830078125, "var": 0.000961789221037}, "barkbands": {"dmean": [0.000229810873861, 0.00325862923637, 0.0017663242761, 0.000478652771562, 0.00163484632503, 0.000958819757216, 0.000923261744902, 0.000866369809955, 0.000908030895516, 0.000574788195081, 0.00123240926769, 0.000924584048335, 0.000628895184491, 0.000146652353578, 0.000339809979778, 9.85322403722e-05, 0.000145198995597, 6.3092338678e-05, 3.53078939952e-05, 1.56864425662e-05, 6.1882295995e-05, 5.00959649798e-05, 2.64884329226e-05, 4.24048375862e-05, 9.71909830696e-05, 2.59456537606e-05, 2.59334119619e-05], "dmean2": [0.000397008203436, 0.0053075090982, 0.00277035147883, 0.00071640702663, 0.00233274721541, 0.00131291721482, 0.00130415521562, 0.00124884711113, 0.00136810564436, 0.000899943639524, 0.00188318372238, 0.00151025142986, 0.00102370383684, 0.00022759087733, 0.000524215050973, 0.00016217364464, 0.000235317842453, 9.82042547548e-05, 5.74310943193e-05, 2.4754082915e-05, 9.4908697065e-05, 7.67892197473e-05, 4.08898267779e-05, 5.48769421584e-05, 0.000127711333334, 3.88038642996e-05, 3.80576748285e-05], "dvar": [6.67801373311e-07, 6.27696499578e-05, 1.48847084347e-05, 1.32159846089e-06, 9.16041608434e-06, 2.83671715806e-06, 2.24457403419e-06, 2.11564542951e-06, 2.95609356726e-06, 1.20443939977e-06, 6.61339572616e-06, 4.91715218232e-06, 1.30542468924e-06, 2.19595037265e-07, 6.89073260673e-07, 1.00207536491e-07, 9.40135009841e-08, 4.59642883754e-08, 3.1329797423e-08, 2.53669329986e-09, 1.40789948588e-08, 4.65608316347e-08, 1.4434172968e-08, 7.68697905329e-09, 2.9168864657e-08, 1.29453674447e-08, 2.582189218e-08], "dvar2": [2.02434034691e-06, 0.000163400152815, 3.8776841393e-05, 3.5885948364e-06, 2.09406207432e-05, 5.04394165546e-06, 4.15294834966e-06, 4.14859096054e-06, 6.74943703416e-06, 2.97752808365e-06, 1.54590034072e-05, 1.18077932711e-05, 3.45410785485e-06, 3.88592269474e-07, 1.60987497111e-06, 2.49007001685e-07, 2.18659138795e-07, 9.68503215404e-08, 8.16959797589e-08, 5.98840799171e-09, 3.4131556248e-08, 1.05137495154e-07, 3.38955175039e-08, 1.56590882483e-08, 5.95785074609e-08, 3.13733465873e-08, 5.89232769244e-08], "max": [0.0180887468159, 0.14178468287, 0.0589184612036, 0.0257441010326, 0.0617287680507, 0.0339814797044, 0.0256854053587, 0.0380240157247, 0.0255947653204, 0.0177357997745, 0.0394987016916, 0.0389145687222, 0.0189176499844, 0.0193515904248, 0.0181660912931, 0.00914813578129, 0.00729439686984, 0.00777868367732, 0.00571649940684, 0.000930048408918, 0.0012016313849, 0.0047215288505, 0.00300944689661, 0.00180791248567, 0.00264239753596, 0.00270044361241, 0.00386927253567], "mean": [0.00045847822912, 0.0162320770323, 0.00656389864162, 0.00110708491411, 0.00518814846873, 0.00262335618027, 0.00225567747839, 0.00205454579554, 0.00177953508683, 0.00103673385456, 0.00195101089776, 0.00152937020175, 0.00113229581621, 0.00028807768831, 0.000841910834424, 0.000163441771292, 0.000337725126883, 0.0001117425345, 6.05799577897e-05, 2.76074533758e-05, 8.85011540959e-05, 7.76655651862e-05, 3.86947431252e-05, 8.35250102682e-05, 0.000177775335032, 3.01110594592e-05, 3.36512239301e-05], "median": [7.5939897215e-05, 0.0121933957562, 0.003971260041, 0.000287724775262, 0.00200775079429, 0.00134727486875, 0.00135409028735, 0.00121743546333, 0.000862708431669, 0.00041198747931, 0.000659156241454, 0.000333317089826, 0.000338495912729, 5.94322918914e-05, 0.000225439798669, 5.22871559951e-05, 0.000100724064396, 3.09448623739e-05, 1.89404981938e-05, 1.06073894131e-05, 3.46196939063e-05, 2.07273369597e-05, 1.27926205096e-05, 3.13308810291e-05, 9.98769173748e-05, 6.23958203505e-06, 3.22072492054e-06], "min": [4.9730056075e-16, 4.88039367203e-16, 1.39837079544e-16, 1.2190782727e-16, 4.33371040224e-16, 1.90831295235e-16, 2.00947581778e-17, 4.30293200426e-17, 2.12049470564e-16, 4.01148451073e-16, 5.83285363385e-16, 5.64049033395e-16, 9.48074872258e-16, 4.0501237715e-16, 2.81421667467e-16, 1.80081893916e-15, 1.77608335364e-15, 1.01743405926e-15, 2.68872906117e-15, 1.9885222873e-15, 4.66263134805e-15, 5.80407516008e-15, 6.95505868067e-15, 1.07871754945e-14, 1.17232146638e-14, 9.19077419286e-15, 4.26221007476e-15], "var": [1.68519818544e-06, 0.000328739464749, 6.12908406765e-05, 4.91654236612e-06, 6.22630323051e-05, 1.5074161638e-05, 8.21129015094e-06, 7.45978150007e-06, 6.13978818365e-06, 2.79693813354e-06, 1.23248037198e-05, 8.97361860552e-06, 3.69485906049e-06, 1.03061483969e-06, 3.84245777241e-06, 1.98108665472e-07, 4.86183182602e-07, 1.11818749815e-07, 5.0557712683e-08, 4.37017755317e-09, 1.99299670101e-08, 7.72546755456e-08, 2.09026751463e-08, 1.93861158237e-08, 6.72726230277e-08, 1.33105766409e-08, 3.30505045554e-08]}, "erbbands": {"dmean": [0.0879758894444, 0.804297208786, 2.10160374641, 1.52585327625, 2.64976835251, 7.3083987236, 8.43542098999, 7.50038194656, 11.0829200745, 13.2017126083, 21.8155651093, 22.4406299591, 16.454246521, 45.3728561401, 24.6121273041, 41.7278251648, 30.9904441833, 13.5274295807, 11.8821287155, 11.1675672531, 5.75754165649, 5.80326509476, 4.02226114273, 2.95614409447, 1.10597360134, 0.513353228569, 0.715670406818, 3.17936491966, 1.67826151848, 1.52100038528, 0.755519449711, 0.720387816429, 0.856589019299, 1.09622251987, 0.64639878273, 0.149783834815, 0.0586918741465, 0.0255073588341, 0.0031305339653, 0.000335585937137], "dmean2": [0.143152073026, 1.30456292629, 3.3560936451, 2.30544185638, 3.79667782784, 10.5458459854, 11.6521682739, 9.91763591766, 15.5000724792, 18.5935211182, 31.7065181732, 33.831413269, 24.5650520325, 70.8029556274, 38.4188919067, 67.8407058716, 49.6295204163, 21.5086212158, 18.4679889679, 17.5849761963, 9.46712589264, 9.269572258, 6.28207445145, 4.67880296707, 1.78831410408, 0.812283277512, 1.0441108942, 4.81776428223, 2.52470564842, 2.20482468605, 1.19731426239, 0.988457322121, 1.08494615555, 1.40609192848, 0.92106628418, 0.22610463202, 0.0891923829913, 0.0368269793689, 0.00470061646774, 0.000541774905287], "dvar": [0.064650632441, 3.1761701107, 18.3750591278, 12.3096628189, 35.7274703979, 204.917205811, 278.830566406, 187.74230957, 396.061248779, 470.265411377, 1417.8861084, 2031.94665527, 1281.1159668, 10898.9189453, 2587.35742188, 9793.53710938, 2775.76953125, 796.708312988, 701.360168457, 792.161193848, 166.923126221, 136.364852905, 189.701187134, 238.551605225, 9.90411472321, 2.39214611053, 2.5584089756, 35.7416877747, 44.2951698303, 57.6326370239, 19.5702781677, 2.47633242607, 4.27153158188, 4.47205066681, 1.48061752319, 0.392045050859, 0.0930510535836, 0.0232746507972, 0.000296864425763, 9.13457643037e-06], "dvar2": [0.172348588705, 8.1573972702, 47.7780303955, 37.4677810669, 80.1459197998, 503.695129395, 492.072631836, 329.61605835, 694.602294922, 868.735412598, 2787.01074219, 4601.80224609, 3025.36645508, 25613.2324219, 6568.04199219, 23718.7910156, 7122.07177734, 1562.15344238, 1558.44067383, 1922.73596191, 400.87197876, 324.495391846, 395.88482666, 593.764831543, 24.0156040192, 5.56798839569, 5.53751754761, 85.0328674316, 103.828903198, 125.932182312, 46.4644355774, 4.34415817261, 9.01190185547, 9.08312606812, 3.18427300453, 0.909891545773, 0.234269455075, 0.05345101282, 0.000624030595645, 2.39053024416e-05], "max": [4.2151465416, 31.0446109772, 63.27186203, 66.7898330688, 172.357925415, 270.084442139, 442.733123779, 347.616790771, 438.174346924, 319.654296875, 1037.08227539, 699.636169434, 707.60723877, 1773.23132324, 1058.57556152, 1968.27893066, 881.958007812, 1056.65209961, 583.74230957, 612.668334961, 294.45980835, 222.547042847, 538.637390137, 505.493896484, 58.3594665527, 30.4700965881, 44.0957489014, 56.2672271729, 127.345909119, 174.412658691, 128.276046753, 50.5628204346, 51.2623786926, 53.8083343506, 21.9096069336, 18.0307674408, 7.44908761978, 4.66802597046, 0.489563673735, 0.0810519009829], "mean": [0.448477417231, 3.6997282505, 7.84546089172, 5.40129184723, 7.34196281433, 20.9779567719, 24.4776611328, 20.1272258759, 28.0842494965, 36.1135826111, 50.9276847839, 45.4992408752, 34.5779075623, 68.2119827271, 46.6755065918, 71.8255157471, 58.0943527222, 28.5528717041, 29.0105838776, 27.7422924042, 13.6662940979, 13.9621667862, 7.25467014313, 5.03419303894, 2.06743407249, 0.982358634472, 1.25676953793, 4.64279651642, 2.64337134361, 2.4297888279, 1.09592413902, 1.2733489275, 1.85368812084, 2.27870988846, 0.97003608942, 0.171340242028, 0.0658900365233, 0.0344683043659, 0.00397448753938, 0.000365932879504], "median": [0.155158132315, 2.54070353508, 5.24327278137, 3.3413465023, 2.23415708542, 7.61543369293, 9.89876651764, 10.6079139709, 15.9893188477, 22.5229282379, 32.1530990601, 23.5552425385, 15.0613994598, 24.8419303894, 18.2308368683, 19.4503993988, 23.1949310303, 11.129907608, 10.5696582794, 8.14820861816, 5.69940710068, 5.0229010582, 2.7769844532, 1.27645409107, 0.867257416248, 0.500246822834, 0.529746711254, 1.82651329041, 0.757181227207, 0.859810531139, 0.23837967217, 0.471642434597, 0.683866143227, 1.15109431744, 0.596360385418, 0.0541050583124, 0.0129548441619, 0.00346701336093, 0.000603611057159, 0.000101102159533], "min": [2.17541371202e-14, 8.37276008616e-14, 1.64992192543e-13, 3.02723070136e-13, 7.87575950636e-13, 1.61582075844e-12, 1.93066135995e-12, 1.37368274308e-12, 5.53437233108e-13, 2.68498656468e-13, 1.41913911178e-12, 4.44130669741e-12, 9.6435420413e-12, 1.91505648145e-11, 2.43189426929e-11, 2.41487611158e-11, 4.50826875831e-11, 2.1783417084e-11, 1.35400649026e-11, 3.9856128814e-11, 1.22231016975e-10, 9.11044087393e-11, 4.96823346352e-11, 1.15534658229e-10, 1.26719967852e-10, 8.26777951657e-11, 2.34135877353e-10, 1.33543037739e-10, 2.19584447847e-10, 1.59793747678e-10, 2.3898924506e-10, 2.05497382999e-10, 1.66895164355e-10, 1.2591699905e-10, 7.93453566739e-11, 4.22218371376e-11, 1.79377710602e-11, 4.71263696469e-12, 7.15364399662e-13, 4.04622759994e-14], "var": [0.307619988918, 18.3960933685, 74.752166748, 48.080406189, 189.828292847, 1088.42041016, 1898.70947266, 876.057189941, 1486.02246094, 1789.54846191, 4813.75390625, 4131.32373047, 3545.01513672, 18229.7519531, 7178.77246094, 18264.5664062, 7554.30615234, 3464.73608398, 3304.19067383, 3955.37524414, 619.656311035, 675.529663086, 438.742523193, 426.665100098, 19.39503479, 3.97938013077, 4.80425739288, 53.6531333923, 69.028465271, 99.1875610352, 29.6569442749, 7.74038600922, 9.73093318939, 14.0416555405, 2.32225322723, 0.421450614929, 0.0874460712075, 0.0328852534294, 0.000398823176511, 7.20791331332e-06]}, "gfcc": {"mean": [-5.25122117996, 89.2721405029, -100.475387573, -10.1174716949, -57.6293258667, 22.6757946014, -38.552318573, 11.8010807037, -13.455452919, 9.20537757874, -11.3879089355, 1.72283041477, -3.1138241291], "cov": [[9786.26367188, 1634.11425781, 1608.12915039, 1391.03735352, 1200.43579102, 783.061889648, 78.0612106323, 244.317047119, -156.650146484, -223.136474609, -84.5349960327, -75.1343078613, -143.014389038], [1634.11425781, 3478.05029297, 1758.38745117, 1441.96447754, 1413.98413086, 364.025268555, 198.84854126, -233.631530762, -351.49621582, -416.683929443, 37.5694656372, -49.6959915161, 16.9618225098], [1608.12915039, 1758.38745117, 1889.39770508, 1206.08642578, 966.835449219, 400.424346924, 134.330596924, -191.771606445, -301.222930908, -247.442016602, -93.2577514648, 52.3668899536, 19.8375740051], [1391.03735352, 1441.96447754, 1206.08642578, 1022.43927002, 817.656005859, 316.164337158, 125.718940735, -89.2902984619, -190.110778809, -174.51222229, -24.2197742462, -19.4768714905, -12.4358596802], [1200.43579102, 1413.98413086, 966.835449219, 817.656005859, 861.732788086, 261.411865234, 163.645065308, -55.8393440247, -129.134933472, -182.74836731, -22.5356025696, -15.3690757751, -22.4126644135], [783.061889648, 364.025268555, 400.424346924, 316.164337158, 261.411865234, 279.964355469, 104.172210693, 7.96873426437, -34.0885696411, -14.2115430832, -14.2330245972, -7.71783542633, 5.4289059639], [78.0612106323, 198.84854126, 134.330596924, 125.718940735, 163.645065308, 104.172210693, 176.549575806, 49.4417686462, 15.6468276978, 7.05661058426, 13.8670663834, -8.13634490967, -2.96525120735], [244.317047119, -233.631530762, -191.771606445, -89.2902984619, -55.8393440247, 7.96873426437, 49.4417686462, 189.160171509, 107.483612061, 53.3173751831, 6.59489488602, -10.8339138031, 15.2975940704], [-156.650146484, -351.49621582, -301.222930908, -190.110778809, -129.134933472, -34.0885696411, 15.6468276978, 107.483612061, 183.244216919, 98.6227340698, 5.89507436752, -21.950094223, -14.3140916824], [-223.136474609, -416.683929443, -247.442016602, -174.51222229, -182.74836731, -14.2115430832, 7.05661058426, 53.3173751831, 98.6227340698, 198.835220337, 70.0961227417, -2.25473189354, -23.6286582947], [-84.5349960327, 37.5694656372, -93.2577514648, -24.2197742462, -22.5356025696, -14.2330245972, 13.8670663834, 6.59489488602, 5.89507436752, 70.0961227417, 145.606964111, 27.3591899872, -27.1821804047], [-75.1343078613, -49.6959915161, 52.3668899536, -19.4768714905, -15.3690757751, -7.71783542633, -8.13634490967, -10.8339138031, -21.950094223, -2.25473189354, 27.3591899872, 121.262542725, 36.8138160706], [-143.014389038, 16.9618225098, 19.8375740051, -12.4358596802, -22.4126644135, 5.4289059639, -2.96525120735, 15.2975940704, -14.3140916824, -23.6286582947, -27.1821804047, 36.8138160706, 139.477615356]], "icov": [[0.000185241660802, 1.01954319689e-05, -4.01186625822e-05, 2.61927561951e-06, -0.00017853549798, -0.000469129619887, 0.000528013391886, -0.000584351771977, 0.000189144077012, 6.44604151603e-05, -6.81428900862e-06, 1.82788608072e-05, 0.000283704226604], [1.01954319689e-05, 0.00133775244467, -0.000348658912117, -0.000102271005744, -0.00156497641001, 0.000268220872385, 8.56068072608e-05, 0.00064978847513, -0.000113381385745, 0.00131638115272, -0.00187820917927, 0.00128323759418, -0.000936487340368], [-4.01186625822e-05, -0.000348658912117, 0.00320540973917, -0.00307696871459, 0.000223687689868, -0.00050263828598, -0.000402100675274, 0.00104848213959, 0.00103101064451, -0.000983066856861, 0.00253461906686, -0.00247450522147, 0.000289340707241], [2.61927561951e-06, -0.000102271005744, -0.00307696871459, 0.0086382990703, -0.00439094100147, -0.00163238181267, 0.00188830553088, -0.00143602315802, 0.00159129768144, -0.000410580047173, -0.00189520488493, 0.00279306340963, -0.000234250241192], [-0.00017853549798, -0.00156497641001, 0.000223687689868, -0.00439094100147, 0.00855207350105, 0.000241909423494, -0.00340303219855, 0.00037095497828, -0.00222213123925, 0.00165898737032, 0.00130044075195, -0.00180597766303, 0.00161883071996], [-0.000469129619887, 0.000268220872385, -0.00050263828598, -0.00163238181267, 0.000241909423494, 0.00827373564243, -0.00394270103425, 0.00108569499571, -0.00017412257148, -0.00169113383163, 0.000749851402361, 0.00033232892747, -0.00131970422808], [0.000528013391886, 8.56068072608e-05, -0.000402100675274, 0.00188830553088, -0.00340303219855, -0.00394270103425, 0.010991753079, -0.00398034974933, 0.000705757993273, -0.000660563528072, -0.00118348014075, 0.000749665603507, 0.000565423513763], [-0.000584351771977, 0.00064978847513, 0.00104848213959, -0.00143602315802, 0.00037095497828, 0.00108569499571, -0.00398034974933, 0.0115851229057, -0.00573929026723, 0.00101965828799, -0.000895135162864, 0.000176610628841, -0.0029305787757], [0.000189144077012, -0.000113381385745, 0.00103101064451, 0.00159129768144, -0.00222213123925, -0.00017412257148, 0.000705757993273, -0.00573929026723, 0.0134789636359, -0.00553394900635, 0.00324388640001, 0.000271606870228, 0.00150345079601], [6.44604151603e-05, 0.00131638115272, -0.000983066856861, -0.000410580047173, 0.00165898737032, -0.00169113383163, -0.000660563528072, 0.00101965828799, -0.00553394900635, 0.0127160074189, -0.00718394480646, 0.00197956408374, -0.000120516015159], [-6.81428900862e-06, -0.00187820917927, 0.00253461906686, -0.00189520488493, 0.00130044075195, 0.000749851402361, -0.00118348014075, -0.000895135162864, 0.00324388640001, -0.00718394480646, 0.0141454385594, -0.00588057702407, 0.00336950365454], [1.82788608072e-05, 0.00128323759418, -0.00247450522147, 0.00279306340963, -0.00180597766303, 0.00033232892747, 0.000749665603507, 0.000176610628841, 0.000271606870228, 0.00197956408374, -0.00588057702407, 0.012786641717, -0.00400063488632], [0.000283704226604, -0.000936487340368, 0.000289340707241, -0.000234250241192, 0.00161883071996, -0.00131970422808, 0.000565423513763, -0.0029305787757, 0.00150345079601, -0.000120516015159, 0.00336950365454, -0.00400063488632, 0.0100037679076]]}, "melbands": {"dmean": [0.000826555828098, 0.00105556263588, 0.000281471788185, 0.000345462904079, 0.000295000732876, 0.000170504048583, 0.000186562479939, 0.000140305652167, 0.000178864123882, 0.00014671763347, 7.76728265919e-05, 0.000171924097231, 0.000102251920907, 8.49980860949e-05, 9.50308676693e-05, 7.43972486816e-05, 2.1067517082e-05, 1.39672338264e-05, 3.00273695757e-05, 9.51489892032e-06, 7.36540368962e-06, 7.82955612522e-06, 3.99973032472e-06, 2.75134630101e-06, 2.63636297859e-06, 7.20485957117e-07, 7.700569995e-07, 3.08578449904e-07, 2.34945389366e-07, 1.28120041154e-06, 2.1581843157e-06, 1.00128772829e-06, 1.13557905479e-06, 6.76578508774e-07, 4.25418647865e-07, 3.33688973342e-07, 6.38602102754e-07, 7.04920864791e-07, 7.41336918963e-07, 9.72814291345e-07], "dmean2": [0.00134553969838, 0.00170107011218, 0.000414341513533, 0.00050097721396, 0.000412534107454, 0.000227743235882, 0.000261086242972, 0.000198671637918, 0.000260551925749, 0.000222084927373, 0.000115311609989, 0.000269104377367, 0.000158007838763, 0.000138929244713, 0.00015529859229, 0.000119075135444, 3.31813535013e-05, 2.18937911995e-05, 4.62716780021e-05, 1.56184723892e-05, 1.22082419693e-05, 1.26688746604e-05, 6.30026852377e-06, 4.23184246756e-06, 4.18465970142e-06, 1.18671982818e-06, 1.21121206575e-06, 5.01651300056e-07, 3.79038681331e-07, 1.87330726931e-06, 3.43158512806e-06, 1.59690205237e-06, 1.79410756118e-06, 9.78276943897e-07, 6.92000753588e-07, 5.42586974461e-07, 9.16272711038e-07, 9.10149651645e-07, 1.00992986063e-06, 1.24335520013e-06], "dvar": [4.94098276249e-06, 4.01927900384e-06, 3.41948634741e-07, 4.5053809572e-07, 3.08749037004e-07, 1.00577693729e-07, 9.77748157993e-08, 5.3642029485e-08, 8.92540015229e-08, 9.70165174863e-08, 3.11902965677e-08, 1.52768976136e-07, 3.95422574684e-08, 3.93011738709e-08, 6.16566353528e-08, 2.31795809214e-08, 3.38248717924e-09, 1.19780341201e-09, 7.36153804581e-09, 8.71465455354e-10, 3.0125865691e-10, 2.80769324457e-10, 1.19515022878e-10, 8.01024038766e-11, 2.07185379963e-10, 6.37061930986e-12, 7.61322515447e-12, 1.09365934278e-12, 4.81326567145e-13, 5.76210607006e-12, 1.77525893291e-11, 2.30739871654e-11, 3.34235070176e-11, 9.45360022903e-12, 7.10147001967e-12, 3.66656358053e-12, 1.67871771171e-12, 2.25161751223e-12, 2.04774283467e-12, 3.92617492337e-12], "dvar2": [1.30361213451e-05, 1.01135510704e-05, 9.39368703712e-07, 1.11381712031e-06, 5.72679425659e-07, 1.73021916794e-07, 1.76317584533e-07, 9.90272042145e-08, 1.75544954573e-07, 2.2232018182e-07, 7.40522381193e-08, 3.60611664973e-07, 9.6173636166e-08, 9.60666923788e-08, 1.51243980895e-07, 6.04900236567e-08, 5.95953286719e-09, 2.68741362497e-09, 1.74228169669e-08, 2.14233097928e-09, 6.99664992609e-10, 6.60686172438e-10, 2.54744669803e-10, 1.71616831857e-10, 5.18099785296e-10, 1.65819892539e-11, 1.82164196921e-11, 2.58515062655e-12, 1.16204767163e-12, 1.2319738979e-11, 4.55358875606e-11, 5.53859805241e-11, 7.51455078718e-11, 2.00737881179e-11, 1.66489287634e-11, 8.52037537746e-12, 3.0378347407e-12, 4.77407219659e-12, 4.22463236269e-12, 8.04183976355e-12], "max": [0.040744561702, 0.0296244416386, 0.00978003069758, 0.0141447233036, 0.0141766853631, 0.00682273739949, 0.00595168350264, 0.00367417302914, 0.00767328543589, 0.00485036196187, 0.00347614195198, 0.00660901982337, 0.00284002441913, 0.00430582510307, 0.00475241802633, 0.00256024301052, 0.00239455653355, 0.000815768609755, 0.00196938263252, 0.000837270345073, 0.000436959177023, 0.000341230741469, 0.000415082409745, 0.000283952162135, 0.000467566453153, 5.64525580558e-05, 5.98033693677e-05, 2.86983631668e-05, 1.72622603714e-05, 3.69567569578e-05, 3.14980534313e-05, 9.67807573033e-05, 0.000165614168509, 7.58041642257e-05, 6.55104522593e-05, 5.14233252034e-05, 4.42802192993e-05, 3.10468603857e-05, 2.64367990894e-05, 5.06474425492e-05], "mean": [0.00433505233377, 0.00450159283355, 0.00101274915505, 0.000988623709418, 0.000928947643843, 0.000457594287582, 0.000466770783532, 0.000389312481275, 0.000405262922868, 0.000280848937109, 0.000156136855367, 0.000252000871114, 0.000173531094333, 0.000152869863086, 0.000154902285431, 0.000134266621899, 4.02604564442e-05, 3.02627086057e-05, 7.59250615374e-05, 1.54059998749e-05, 1.69742652361e-05, 1.84291293408e-05, 6.95948392604e-06, 4.84216616314e-06, 4.16682541982e-06, 1.23795985019e-06, 1.32366199068e-06, 5.20961350503e-07, 4.5052513542e-07, 1.82812209459e-06, 2.93747302749e-06, 1.39625444717e-06, 1.67523398886e-06, 1.05402284589e-06, 5.68294808545e-07, 4.59646656736e-07, 1.02599335605e-06, 1.51141364313e-06, 1.42981843965e-06, 1.99708597393e-06], "median": [0.00269474321976, 0.00345868128352, 0.000610135030001, 0.000380366866011, 0.000371866684873, 0.000238961874857, 0.000275820115348, 0.000240417939494, 0.000250760349445, 0.000131198568852, 5.96525533183e-05, 8.54801692185e-05, 5.931682972e-05, 4.82496106997e-05, 4.60828014184e-05, 3.00783394778e-05, 1.136724768e-05, 1.23907020679e-05, 1.48745557453e-05, 5.09038409291e-06, 5.2707496252e-06, 5.43518490304e-06, 2.87205261884e-06, 1.34984247779e-06, 8.3734613554e-07, 5.23038067968e-07, 4.45511403768e-07, 2.51825042596e-07, 2.10490568975e-07, 6.20926130068e-07, 1.10162125111e-06, 2.47877181891e-07, 6.157944199e-07, 3.69003060996e-07, 1.16800052297e-07, 5.26412229362e-08, 3.88623021763e-07, 5.65622769955e-07, 5.44673014247e-07, 1.01702471511e-06], "min": [1.88785803312e-16, 9.56560064511e-17, 6.43596081229e-17, 8.76299126722e-17, 7.12548996823e-17, 3.14452445164e-17, 7.14574613251e-18, 3.78762693766e-18, 1.28918009254e-17, 3.10859040234e-17, 4.82464540451e-17, 7.44608068911e-17, 8.13271405117e-17, 7.01143698188e-17, 7.69686001327e-17, 8.69327516171e-17, 3.77318171718e-17, 2.33327054004e-17, 2.78700408688e-17, 8.0856666649e-17, 1.64554890608e-16, 1.1239480024e-16, 3.81807181641e-17, 5.39856084973e-17, 9.80840594817e-17, 1.01269684222e-16, 7.74915569508e-17, 4.4519892889e-17, 1.32639258256e-16, 1.44112028359e-16, 5.8315326595e-17, 1.31384233361e-16, 1.0345996584e-16, 8.58351425012e-17, 1.66066010621e-16, 9.29511854051e-17, 1.34752817217e-16, 9.65626361072e-17, 1.35801351362e-16, 1.05038537468e-16], "var": [2.46465206146e-05, 1.94415915757e-05, 1.57831470915e-06, 2.13189127862e-06, 2.49868003266e-06, 4.67434659868e-07, 3.61703826002e-07, 2.09145497365e-07, 2.97798436577e-07, 1.88675272739e-07, 8.50645989203e-08, 2.54661188137e-07, 8.75170158565e-08, 8.10312457133e-08, 1.01771981065e-07, 6.64998438538e-08, 1.57814010748e-08, 4.20144274926e-09, 4.07381790524e-08, 1.74708769674e-09, 1.48090928409e-09, 1.40579592411e-09, 2.75242328929e-10, 1.85737356051e-10, 3.5819969213e-10, 1.1051493054e-11, 1.30195420417e-11, 1.76250615665e-12, 9.13318682835e-13, 9.26812619706e-12, 2.27820332044e-11, 3.39156619455e-11, 5.66583273354e-11, 1.61808153681e-11, 9.91633164471e-12, 5.72480604588e-12, 5.17001459005e-12, 5.08740705812e-12, 4.98919698957e-12, 1.22019330404e-11]}, "mfcc": {"mean": [-665.586853027, 139.394241333, 11.0727968216, -16.1329460144, 5.31423902512, -1.53421425819, -2.61644220352, -3.49003458023, 14.254527092, -9.13712787628, 12.2900323868, 6.01391649246, 2.36438846588], "cov": [[7231.51416016, 1863.61914062, 966.06262207, 987.804321289, 1252.46936035, 798.974243164, 710.819335938, 392.318084717, 168.027297974, -148.177276611, 4.74005842209, -34.1625900269, -37.0640335083], [1863.61914062, 2731.48925781, 926.849304199, 1207.67492676, 1115.52709961, 856.504638672, 720.856933594, 262.269714355, -216.824661255, -121.988807678, -321.235412598, -182.663238525, -60.5682525635], [966.06262207, 926.849304199, 987.264770508, 706.039367676, 649.352722168, 567.078857422, 401.699462891, 115.616653442, -43.070224762, -193.180526733, -159.723709106, -101.25302124, -89.3964996338], [987.804321289, 1207.67492676, 706.039367676, 898.411437988, 742.370422363, 554.970214844, 459.268951416, 174.929763794, -98.9200744629, -54.0901565552, -163.799819946, -115.522415161, -64.5756988525], [1252.46936035, 1115.52709961, 649.352722168, 742.370422363, 750.774047852, 534.639892578, 400.422454834, 170.765441895, -64.925201416, -69.6970748901, -135.729721069, -102.171897888, -71.8047485352], [798.974243164, 856.504638672, 567.078857422, 554.970214844, 534.639892578, 561.287353516, 363.811431885, 99.8139953613, -78.3204498291, -79.3055953979, -71.1876907349, -53.8079147339, -66.8585205078], [710.819335938, 720.856933594, 401.699462891, 459.268951416, 400.422454834, 363.811431885, 398.348937988, 133.140228271, -28.7308731079, -33.2780189514, -87.9112854004, -61.9773979187, -14.7459983826], [392.318084717, 262.269714355, 115.616653442, 174.929763794, 170.765441895, 99.8139953613, 133.140228271, 236.689498901, 76.6821670532, 67.12449646, -83.5012893677, -90.519241333, 10.1520929337], [168.027297974, -216.824661255, -43.070224762, -98.9200744629, -64.925201416, -78.3204498291, -28.7308731079, 76.6821670532, 244.116638184, 90.4328842163, 1.75352573395, -61.5421485901, 20.5779590607], [-148.177276611, -121.988807678, -193.180526733, -54.0901565552, -69.6970748901, -79.3055953979, -33.2780189514, 67.12449646, 90.4328842163, 329.516082764, 37.7061080933, -83.9071884155, -7.68153190613], [4.74005842209, -321.235412598, -159.723709106, -163.799819946, -135.729721069, -71.1876907349, -87.9112854004, -83.5012893677, 1.75352573395, 37.7061080933, 289.422515869, 157.115264893, -2.20494031906], [-34.1625900269, -182.663238525, -101.25302124, -115.522415161, -102.171897888, -53.8079147339, -61.9773979187, -90.519241333, -61.5421485901, -83.9071884155, 157.115264893, 297.2628479, 63.8462142944], [-37.0640335083, -60.5682525635, -89.3964996338, -64.5756988525, -71.8047485352, -66.8585205078, -14.7459983826, 10.1520929337, 20.5779590607, -7.68153190613, -2.20494031906, 63.8462142944, 162.914337158]], "icov": [[0.000247993855737, -8.06098032626e-05, -2.80920130535e-06, 0.000361529760994, -0.000728187616915, 0.000191479877685, -0.000201779810595, -8.0703292042e-05, -0.000277924031252, 0.000122431010823, -0.00026161322603, -4.11846194766e-05, -3.39137550327e-05], [-8.06098032626e-05, 0.0012283064425, 0.000355934171239, -0.000519694760442, -0.000807058240753, -0.000350205024006, -0.000551749370061, 8.17610052763e-05, 0.000622233783361, -7.6180126598e-06, 0.000604190980084, 9.13212425075e-05, -0.000233397542615], [-2.80920130535e-06, 0.000355934171239, 0.00388966919854, -0.00175160891376, -0.000534528051503, -0.00202455720864, -7.04835329088e-05, 0.000463701260742, -0.00131246703677, 0.00179283577017, 0.000563461217098, 0.00023918930674, 0.000634252734017], [0.000361529760994, -0.000519694760442, -0.00175160891376, 0.00897804927081, -0.00663977302611, 0.00127007986885, -0.00277458503842, -5.55882725166e-05, 0.00147897319403, -0.00139711750671, 8.77804050106e-05, -8.50028955028e-05, -0.000384545710403], [-0.000728187616915, -0.000807058240753, -0.000534528051503, -0.00663977302611, 0.012881372124, -0.00382989645004, 0.00214662076905, -0.00155752466526, -0.000288666924462, 0.000380279903766, 0.000314498029184, 1.97391182155e-05, 0.00105711119249], [0.000191479877685, -0.000350205024006, -0.00202455720864, 0.00127007986885, -0.00382989645004, 0.00881641637534, -0.0037381015718, 0.000515634834301, 0.000963504251558, -0.000309705996187, -0.00131979596335, -8.21435532998e-05, 0.000743539247196], [-0.000201779810595, -0.000551749370061, -7.04835329088e-05, -0.00277458503842, 0.00214662076905, -0.0037381015718, 0.00895253289491, -0.00180060556158, -0.000445340905571, 0.000155324858497, -5.3767407735e-06, 8.99114238564e-05, -0.00102665286977], [-8.0703292042e-05, 8.17610052763e-05, 0.000463701260742, -5.55882725166e-05, -0.00155752466526, 0.000515634834301, -0.00180060556158, 0.00766788329929, -0.00208171620034, -0.00118838995695, 0.00132069841493, 0.000403151061619, -0.000804435752798], [-0.000277924031252, 0.000622233783361, -0.00131246703677, 0.00147897319403, -0.000288666924462, 0.000963504251558, -0.000445340905571, -0.00208171620034, 0.00699994526803, -0.00143612851389, -0.000404591555707, 0.00131652480923, -0.00108157144859], [0.000122431010823, -7.6180126598e-06, 0.00179283577017, -0.00139711750671, 0.000380279903766, -0.000309705996187, 0.000155324858497, -0.00118838995695, -0.00143612851389, 0.00522685796022, -0.00166367285419, 0.00182044564281, 0.00027554522967], [-0.00026161322603, 0.000604190980084, 0.000563461217098, 8.77804050106e-05, 0.000314498029184, -0.00131979596335, -5.3767407735e-06, 0.00132069841493, -0.000404591555707, -0.00166367285419, 0.00694176368415, -0.00371706322767, 0.00154662085697], [-4.11846194766e-05, 9.13212425075e-05, 0.00023918930674, -8.50028955028e-05, 1.97391182155e-05, -8.21435532998e-05, 8.99114238564e-05, 0.000403151061619, 0.00131652480923, 0.00182044564281, -0.00371706322767, 0.0069436323829, -0.00277183391154], [-3.39137550327e-05, -0.000233397542615, 0.000634252734017, -0.000384545710403, 0.00105711119249, 0.000743539247196, -0.00102665286977, -0.000804435752798, -0.00108157144859, 0.00027554522967, 0.00154662085697, -0.00277183391154, 0.00822440721095]]}, "spectral_contrast_coeffs": {"dmean": [0.0378010496497, 0.035520311445, 0.0413851253688, 0.032546941191, 0.0214719846845, 0.0160694848746], "dmean2": [0.0618079826236, 0.0569897927344, 0.0660685673356, 0.0534515269101, 0.0346397422254, 0.02462833561], "dvar": [0.0011814358877, 0.000976855866611, 0.00113004364539, 0.000690609158482, 0.000318596110446, 0.00017961525009], "dvar2": [0.00316891004331, 0.0023719642777, 0.00289983814582, 0.00185327173676, 0.000783706316724, 0.000351526949089], "max": [-0.251309603453, -0.297371029854, -0.373800367117, -0.415839254856, -0.604848444462, -0.648151397705], "mean": [-0.654095053673, -0.646926164627, -0.652797162533, -0.675214409828, -0.748737812042, -0.745653808117], "median": [-0.656592071056, -0.655868649483, -0.659059762955, -0.687524914742, -0.754511833191, -0.746165156364], "min": [-0.94721609354, -0.986823379993, -0.97564804554, -0.953461050987, -0.962506055832, -0.938887655735], "var": [0.0144605394453, 0.00768230389804, 0.00561993476003, 0.00523529388011, 0.00195744703524, 0.00107980065513]}, "spectral_contrast_valleys": {"dmean": [0.339468240738, 0.278407752514, 0.261491566896, 0.225309938192, 0.199899226427, 0.263939350843], "dmean2": [0.564339995384, 0.447617858648, 0.426686882973, 0.373094111681, 0.304108768702, 0.349372476339], "dvar": [0.124248728156, 0.09812733531, 0.0753353238106, 0.0752089172602, 0.0552887767553, 0.0909828320146], "dvar2": [0.292977780104, 0.199335336685, 0.164117068052, 0.160064473748, 0.0979884788394, 0.16145