{"lowlevel": {"average_loudness": 0.408635765314, "barkbands_crest": {"dmean": 2.0279686451, "dmean2": 3.28631520271, "dvar": 4.06086111069, "dvar2": 11.5103340149, "max": 26.7973384857, "mean": 10.2437648773, "median": 9.12688350677, "min": 3.45258545876, "var": 20.0201473236}, "barkbands_flatness_db": {"dmean": 0.0165214687586, "dmean2": 0.0261273533106, "dvar": 0.000296042300761, "dvar2": 0.000700341945048, "max": 0.626576006413, "mean": 0.214086785913, "median": 0.176755100489, "min": 0.0506460815668, "var": 0.00944506563246}, "barkbands_kurtosis": {"dmean": 3.79320502281, "dmean2": 5.79052877426, "dvar": 451.413970947, "dvar2": 970.955688477, "max": 851.169555664, "mean": 10.0234746933, "median": 1.43868494034, "min": -1.702891469, "var": 2916.47802734}, "barkbands_skewness": {"dmean": 0.427547961473, "dmean2": 0.66617500782, "dvar": 0.449447572231, "dvar2": 1.09992599487, "max": 20.5691566467, "mean": 1.2427110672, "median": 1.04601049423, "min": -16.9058895111, "var": 3.45594239235}, "barkbands_spread": {"dmean": 2.12170791626, "dmean2": 3.39960122108, "dvar": 5.9863038063, "dvar2": 15.0422496796, "max": 51.3659515381, "mean": 11.4020118713, "median": 10.8111858368, "min": 0.0375109799206, "var": 36.4521408081}, "dissonance": {"dmean": 0.0250795539469, "dmean2": 0.0416244342923, "dvar": 0.000978617812507, "dvar2": 0.00277094799094, "max": 0.499999970198, "mean": 0.430405050516, "median": 0.443052351475, "min": 0.0279096774757, "var": 0.00276524154469}, "dynamic_complexity": 4.21997356415, "erbbands_crest": {"dmean": 2.11422109604, "dmean2": 3.15762495995, "dvar": 4.14863681793, "dvar2": 9.18828201294, "max": 34.7928085327, "mean": 11.4259548187, "median": 9.78090286255, "min": 2.73206400871, "var": 38.8053855896}, "erbbands_flatness_db": {"dmean": 0.013264965266, "dmean2": 0.0186262093484, "dvar": 0.000192581486772, "dvar2": 0.000367563072359, "max": 0.676793754101, "mean": 0.252874106169, "median": 0.215887621045, "min": 0.0872256606817, "var": 0.0104167237878}, "erbbands_kurtosis": {"dmean": 1.25034677982, "dmean2": 1.79706633091, "dvar": 19.2835979462, "dvar2": 38.2990684509, "max": 537.140869141, "mean": 4.64205551147, "median": 0.218905568123, "min": -1.56912195683, "var": 1060.42749023}, "erbbands_skewness": {"dmean": 0.267922312021, "dmean2": 0.400278836489, "dvar": 0.0903912112117, "dvar2": 0.215808704495, "max": 17.9314060211, "mean": 0.469069778919, "median": 0.366546034813, "min": -7.68054199219, "var": 1.70474135876}, "erbbands_spread": {"dmean": 3.5398581028, "dmean2": 5.34037828445, "dvar": 14.6884641647, "dvar2": 34.146282196, "max": 86.8418197632, "mean": 21.5062046051, "median": 21.2034645081, "min": 0.152539953589, "var": 130.954910278}, "hfc": {"dmean": 2.49178934097, "dmean2": 3.63415360451, "dvar": 18.0853614807, "dvar2": 42.3202514648, "max": 91.6136398315, "mean": 12.6409063339, "median": 10.8112468719, "min": 1.15863029582e-16, "var": 101.584632874}, "melbands_crest": {"dmean": 2.52780556679, "dmean2": 4.1536154747, "dvar": 6.24900865555, "dvar2": 17.3599414825, "max": 31.5432090759, "mean": 12.9224910736, "median": 11.676071167, "min": 2.13107061386, "var": 26.8261165619}, "melbands_flatness_db": {"dmean": 0.0191657580435, "dmean2": 0.0306266471744, "dvar": 0.000438524322817, "dvar2": 0.00104342959821, "max": 0.696519851685, "mean": 0.283325999975, "median": 0.249451652169, "min": 0.00661396281794, "var": 0.00949797406793}, "melbands_kurtosis": {"dmean": 3.55367565155, "dmean2": 5.63465499878, "dvar": 48.4173469543, "dvar2": 119.691947937, "max": 561.162475586, "mean": 9.28175735474, "median": 3.28771138191, "min": -1.80457961559, "var": 978.449951172}, "melbands_skewness": {"dmean": 0.480171829462, "dmean2": 0.750490427017, "dvar": 0.296125113964, "dvar2": 0.767565190792, "max": 16.8785171509, "mean": 1.62783765793, "median": 1.45594763756, "min": -6.664894104, "var": 2.59212493896}, "melbands_spread": {"dmean": 2.96266412735, "dmean2": 4.68185997009, "dvar": 15.4626932144, "dvar2": 33.7918510437, "max": 135.335891724, "mean": 14.7842845917, "median": 13.9726829529, "min": 0.223999843001, "var": 65.82371521}, "pitch_salience": {"dmean": 0.0545468777418, "dmean2": 0.087546043098, "dvar": 0.00285888370126, "dvar2": 0.00792816467583, "max": 0.94392234087, "mean": 0.52977347374, "median": 0.545890212059, "min": 0.0107379406691, "var": 0.0151619249955}, "silence_rate_20dB": {"dmean": 0.00589055940509, "dmean2": 0.0117829460651, "dvar": 0.00585578428581, "dvar2": 0.0169151052833, "max": 1, "mean": 0.99643522501, "median": 1, "min": 0, "var": 0.00355213438161}, "silence_rate_30dB": {"dmean": 0.0167415905744, "dmean2": 0.0334883704782, "dvar": 0.0164615381509, "dvar2": 0.0370167605579, "max": 1, "mean": 0.956912577152, "median": 1, "min": 0, "var": 0.0412315167487}, "silence_rate_60dB": {"dmean": 0.0133312661201, "dmean2": 0.0265116281807, "dvar": 0.0131523935124, "dvar2": 0.029528785497, "max": 1, "mean": 0.0977991297841, "median": 0, "min": 0, "var": 0.0882271155715}, "spectral_centroid": {"dmean": 116.887664795, "dmean2": 186.131835938, "dvar": 35245.9296875, "dvar2": 63470.015625, "max": 10845.2314453, "mean": 874.141113281, "median": 803.311035156, "min": 210.710784912, "var": 122320.78125}, "spectral_complexity": {"dmean": 1.78297936916, "dmean2": 2.95596909523, "dvar": 2.96427464485, "dvar2": 7.43959903717, "max": 36, "mean": 15.0730009079, "median": 15, "min": 0, "var": 38.8471565247}, "spectral_decrease": {"dmean": 2.48875653419e-09, "dmean2": 4.06149647247e-09, "dvar": 5.06986938368e-17, "dvar2": 1.27705463392e-16, "max": -3.03169118675e-29, "mean": -7.57772600224e-09, "median": -4.6432853118e-09, "min": -1.33819639814e-07, "var": 1.38809019774e-16}, "spectral_energy": {"dmean": 0.00958225410432, "dmean2": 0.0155984638259, "dvar": 0.000739109877031, "dvar2": 0.00186100963037, "max": 0.513158500195, "mean": 0.0297466814518, "median": 0.018538787961, "min": 1.06235411915e-20, "var": 0.00203973380849}, "spectral_energyband_high": {"dmean": 3.52534625563e-05, "dmean2": 5.37773812539e-05, "dvar": 9.1988612283e-09, "dvar2": 1.8782735367e-08, "max": 0.0034761368297, "mean": 9.41609905567e-05, "median": 5.34127248102e-05, "min": 7.41502391772e-21, "var": 3.46295898623e-08}, "spectral_energyband_low": {"dmean": 0.00593896675855, "dmean2": 0.0102823451161, "dvar": 0.00052797520766, "dvar2": 0.00134603504557, "max": 0.43325433135, "mean": 0.0107586774975, "median": 0.00131590827368, "min": 8.7026686991e-23, "var": 0.00130841927603}, "spectral_energyband_middle_high": {"dmean": 0.00097289349651, "dmean2": 0.0013482804643, "dvar": 1.26160364289e-06, "dvar2": 2.53988878285e-06, "max": 0.0218465030193, "mean": 0.00438391184434, "median": 0.00388087285683, "min": 1.72771493944e-21, "var": 1.05355020423e-05}, "spectral_energyband_middle_low": {"dmean": 0.00514422589913, "dmean2": 0.00803100969642, "dvar": 0.000146700855112, "dvar2": 0.000388936488889, "max": 0.337215483189, "mean": 0.0161751341075, "median": 0.0119556933641, "min": 3.05765667551e-22, "var": 0.00031865175697}, "spectral_entropy": {"dmean": 0.122806549072, "dmean2": 0.186262130737, "dvar": 0.0231778398156, "dvar2": 0.0494210869074, "max": 9.79871273041, "mean": 6.75727558136, "median": 7.00130653381, "min": 2.90558242798, "var": 0.511743545532}, "spectral_flux": {"dmean": 0.0182317569852, "dmean2": 0.0301730018109, "dvar": 0.00122877489775, "dvar2": 0.00315523194149, "max": 0.624154806137, "mean": 0.061674259603, "median": 0.0475251302123, "min": 1.03070565971e-10, "var": 0.00311734294519}, "spectral_kurtosis": {"dmean": 8.10252189636, "dmean2": 14.0135669708, "dvar": 203.658615112, "dvar2": 565.971679688, "max": 319.837890625, "mean": 21.0895652771, "median": 8.35155200958, "min": -1.20179986954, "var": 1023.50958252}, "spectral_rms": {"dmean": 0.000642928702291, "dmean2": 0.00100493466016, "dvar": 1.26726240524e-06, "dvar2": 3.00424130728e-06, "max": 0.0223750416189, "mean": 0.00459034880623, "median": 0.00425283703953, "min": 3.21938352713e-12, "var": 7.9497895058e-06}, "spectral_rolloff": {"dmean": 168.874633789, "dmean2": 286.49041748, "dvar": 190229.703125, "dvar2": 383574.46875, "max": 18841.5527344, "mean": 950.300048828, "median": 947.4609375, "min": 86.1328125, "var": 310062.6875}, "spectral_skewness": {"dmean": 0.542266428471, "dmean2": 0.940957188606, "dvar": 0.574015498161, "dvar2": 1.68347191811, "max": 14.8196744919, "mean": 2.71803832054, "median": 2.01239776611, "min": 0.00982467178255, "var": 3.55910992622}, "spectral_spread": {"dmean": 258555.15625, "dmean2": 411411.0625, "dvar": 361160048640, "dvar2": 530613338112, "max": 39878300, "mean": 2508011, "median": 2607332.75, "min": 275067.6875, "var": 1480541077500.0}, "spectral_strongpeak": {"dmean": 0.39538872242, "dmean2": 0.653708517551, "dvar": 0.271701008081, "dvar2": 0.663302600384, "max": 6.93191623688, "mean": 1.01532554626, "median": 0.780315279961, "min": 0, "var": 0.678538262844}, "zerocrossingrate": {"dmean": 0.0037834038958, "dmean2": 0.00481702713296, "dvar": 5.72942699364e-05, "dvar2": 5.57333041797e-05, "max": 0.50732421875, "mean": 0.0373068228364, "median": 0.03515625, "min": 0.005859375, "var": 0.000264947389951}, "barkbands": {"dmean": [0.000205058735446, 0.00385247915983, 0.00216070376337, 0.00162700994406, 0.00255139032379, 0.00172490940895, 0.00052731228061, 0.000350559799699, 0.000591009273194, 0.000642039987724, 0.000506143958773, 0.000187414058018, 0.000211150807445, 0.000166624435224, 0.000132666391437, 9.68204331002e-05, 0.000100105469755, 5.51929406356e-05, 4.46967242169e-05, 2.83789777313e-05, 1.40806359923e-05, 5.24104234501e-06, 2.99444945995e-06, 2.21411892198e-06, 3.48786170434e-06, 9.24727146412e-07, 3.26798698325e-07], "dmean2": [0.000224571209401, 0.00678400788456, 0.00375085230917, 0.00276704854332, 0.00427692569792, 0.00258598825894, 0.000680959026795, 0.000509268196765, 0.00074315269012, 0.000805400428362, 0.000695813854691, 0.000267109426204, 0.000333208939992, 0.000262864195975, 0.000217877706746, 0.000164160228451, 0.000170658371644, 9.42807819229e-05, 7.6283053204e-05, 4.79005429952e-05, 2.22990220209e-05, 8.28820338938e-06, 4.81940469399e-06, 3.33552202392e-06, 4.96233406011e-06, 1.23908353089e-06, 4.68330455305e-07], "dvar": [9.88684064396e-07, 0.000303670094581, 6.65792176733e-05, 4.41718657385e-05, 4.02658879466e-05, 1.03790562207e-05, 1.42713452078e-06, 6.20977971266e-07, 9.45750628034e-07, 8.66834341195e-07, 5.74958392008e-07, 9.62856034903e-08, 1.28328821347e-07, 6.55882885781e-08, 5.99496132736e-08, 2.65385917686e-08, 2.44266580296e-08, 7.28595495048e-09, 5.39730971028e-09, 1.89982496401e-09, 5.75230485467e-09, 2.61154042835e-10, 1.0801482625e-10, 5.10838732426e-11, 3.74421799121e-10, 2.61319490352e-11, 9.92731764848e-12], "dvar2": [1.03405295704e-06, 0.000758560141549, 0.000179660710273, 0.000117016417789, 0.00010800473683, 3.05437461066e-05, 3.23605308949e-06, 1.58846512477e-06, 1.67603673162e-06, 1.4355929352e-06, 1.07211849354e-06, 2.07889655712e-07, 3.2028472674e-07, 1.60997160492e-07, 1.54256696305e-07, 7.43035357686e-08, 6.88214640832e-08, 2.07709280886e-08, 1.55895580889e-08, 5.19433562829e-09, 1.12142570785e-08, 6.36746322336e-10, 2.85060447469e-10, 1.16234084857e-10, 8.05726985131e-10, 3.19908682878e-11, 1.5121836075e-11], "max": [0.0427640862763, 0.339736372232, 0.1739846766, 0.185733944178, 0.144283369184, 0.0543965473771, 0.0400422848761, 0.0156891420484, 0.0293521098793, 0.024374993518, 0.0137939713895, 0.00671006459743, 0.00675079040229, 0.00462699262425, 0.00391378346831, 0.00316197960638, 0.00245660194196, 0.00152555992827, 0.00106542510912, 0.00109831453301, 0.00290295458399, 0.000435665773693, 0.00032702673343, 0.000212853803532, 0.000430860265624, 0.000364788400475, 0.000175377790583], "mean": [0.000781457812991, 0.00636348361149, 0.00257386639714, 0.00232851109467, 0.00423774588853, 0.00418796017766, 0.00129627040587, 0.000837195257191, 0.00195017969236, 0.00192429672461, 0.00127094401978, 0.000419962248998, 0.000369196553947, 0.000317302532494, 0.000230149496929, 0.000171143488842, 0.000168189668329, 9.89025065792e-05, 9.3751186796e-05, 6.54417963233e-05, 3.06285328406e-05, 1.17291747301e-05, 6.20825858277e-06, 4.5081310418e-06, 5.66182188777e-06, 1.590367674e-06, 3.99610087243e-07], "median": [5.13977647643e-06, 0.000516664818861, 0.000287248811219, 0.000374835741241, 0.00183780537918, 0.0020698395092, 0.000537446234375, 0.00032455046312, 0.000832948018797, 0.000944653758779, 0.00070194847649, 0.000246947456617, 0.000188268662896, 0.000185285549378, 9.60959150689e-05, 9.18020232348e-05, 9.70879409579e-05, 5.95547389821e-05, 6.65879924782e-05, 4.48609134764e-05, 1.49301940837e-05, 5.30610486749e-06, 1.57119870892e-06, 1.04525815914e-06, 5.81046265324e-07, 1.62458604791e-07, 2.94262392231e-08], "min": [1.62352212797e-23, 6.20826842868e-23, 5.84512088636e-24, 1.06896584891e-23, 9.22546259821e-23, 1.53036396595e-23, 2.64863456807e-23, 2.73266844932e-23, 1.18121848381e-22, 5.40256376542e-23, 1.31027574925e-22, 1.8283042974e-22, 1.17143484153e-22, 1.25589559119e-22, 8.39185056047e-23, 1.33124278859e-22, 8.19559837555e-23, 2.26650643283e-22, 4.24960959986e-22, 2.95334174837e-22, 4.72573978896e-22, 5.16756702424e-22, 6.65095924577e-22, 7.58488170026e-22, 1.24804974471e-21, 1.54705938028e-21, 2.45590549907e-21], "var": [1.16309784062e-05, 0.000669605389703, 8.15393286757e-05, 5.43779387954e-05, 5.61965935049e-05, 3.48019202647e-05, 4.24888276029e-06, 1.76073524472e-06, 8.30879616842e-06, 6.1372129494e-06, 2.44779403147e-06, 2.62283663233e-07, 2.86252458181e-07, 1.47248016447e-07, 1.17551415713e-07, 5.02399366553e-08, 4.25721786712e-08, 1.36844695575e-08, 1.18167866603e-08, 6.78892453365e-09, 1.14366276449e-08, 7.4499084679e-10, 2.89648610652e-10, 1.71825179085e-10, 6.68659960734e-10, 1.03936560747e-10, 2.18172528654e-11]}, "erbbands": {"dmean": [0.104898445308, 0.934890925884, 2.57492446899, 3.52073407173, 9.11455631256, 7.23575019836, 6.97717761993, 16.461774826, 12.0494689941, 6.39753627777, 6.86341142654, 16.1453609467, 21.0372428894, 11.1241168976, 21.1327648163, 9.45943260193, 10.0702972412, 8.44772052765, 5.04467105865, 8.03283500671, 4.95289134979, 3.50341057777, 2.93293881416, 3.16949892044, 1.42919790745, 1.42177188396, 0.889118850231, 0.34354403615, 0.173755899072, 0.15216511488, 0.0766065120697, 0.0507333725691, 0.0372609719634, 0.0531796775758, 0.0184900779277, 0.00542267179117, 0.00140841852408, 0.000325223518303, 5.70779520785e-05, 1.30452399389e-05], "dmean2": [0.169733524323, 1.65572488308, 4.57132387161, 5.84580230713, 15.4641218185, 12.2441549301, 11.1525707245, 25.3602867126, 14.5017280579, 9.4251499176, 9.73535633087, 19.9147472382, 25.8761768341, 15.142162323, 29.1787128448, 13.4236764908, 15.8024768829, 13.1371173859, 8.11548233032, 13.4141788483, 8.32975673676, 5.96101570129, 4.9456410408, 5.42663860321, 2.42196679115, 2.38839745522, 1.44745624065, 0.53990238905, 0.27657610178, 0.241131946445, 0.121253438294, 0.0794113501906, 0.0549314022064, 0.0758077502251, 0.0264757312834, 0.00740131130442, 0.00187794188969, 0.000440234522102, 8.33075391711e-05, 2.05693322641e-05], "dvar": [0.230964258313, 17.7213153839, 98.1199417114, 164.445205688, 739.378417969, 306.297302246, 185.987167358, 1120.15356445, 564.507873535, 207.187149048, 294.027191162, 661.847839355, 1187.34338379, 304.595001221, 1070.79736328, 236.289031982, 300.500274658, 180.439117432, 96.4013366699, 229.079315186, 60.9701843262, 27.2506999969, 18.9759216309, 37.1295585632, 6.51422929764, 5.31786966324, 11.3732242584, 1.73393201828, 0.230696052313, 0.267350107431, 0.0536735616624, 0.0248008016497, 0.0143752573058, 0.122659169137, 0.00908163376153, 0.000675170740578, 8.0426754721e-05, 7.88603392721e-06, 2.89204848514e-07, 2.09799022599e-09], "dvar2": [0.478839695454, 46.7287368774, 275.499389648, 410.766479492, 1987.43579102, 830.225402832, 530.121459961, 3418.45043945, 936.427001953, 559.967346191, 748.037902832, 1093.85961914, 1898.69384766, 599.352722168, 1961.18835449, 494.045257568, 751.351074219, 433.448577881, 225.196380615, 618.950012207, 173.996643066, 76.2034988403, 53.829082489, 109.688514709, 17.7396965027, 14.4471092224, 22.775598526, 3.51367998123, 0.572811543941, 0.681943595409, 0.137292906642, 0.0620960406959, 0.0303732827306, 0.266832143068, 0.0207416638732, 0.0010939380154, 8.62932211021e-05, 1.18417228805e-05, 4.67934029302e-07, 4.16153511651e-09], "max": [16.0317306519, 73.9132919312, 173.462615967, 310.593139648, 651.72052002, 505.99609375, 276.791107178, 645.382629395, 534.145629883, 389.393615723, 452.675994873, 824.700012207, 962.633850098, 351.424194336, 684.03137207, 341.939208984, 345.927825928, 254.274932861, 223.959243774, 290.800628662, 100.284248352, 70.4788894653, 71.4017562866, 108.21270752, 52.7131271362, 57.4440231323, 124.369888306, 50.9879417419, 21.6697006226, 12.9621191025, 6.38927268982, 4.09873867035, 4.20670366287, 8.18115901947, 2.89609479904, 1.66223216057, 0.676917552948, 0.179318964481, 0.0266894455999, 0.00205477885902], "mean": [0.242075964808, 1.16940689087, 3.05366373062, 5.57161188126, 13.4359254837, 11.9974584579, 16.9324836731, 37.3609695435, 29.6278171539, 14.8591718674, 20.137550354, 55.5248374939, 64.2404174805, 32.4378471375, 55.0139579773, 23.1910953522, 18.4562225342, 17.4316768646, 10.5060787201, 14.1882572174, 9.52123641968, 6.77337932587, 5.7598772049, 6.23397922516, 3.38283157349, 3.28488492966, 1.96869277954, 0.82861071825, 0.429785490036, 0.30812484026, 0.158793598413, 0.100804574788, 0.0728948265314, 0.0832920074463, 0.0304663963616, 0.00935377832502, 0.00244212336838, 0.000490668579005, 8.18303014967e-05, 3.73228504031e-05], "median": [0.0114296954125, 0.103000923991, 0.349080860615, 0.981579124928, 4.44165325165, 5.27391624451, 9.09773635864, 16.5964736938, 13.0508670807, 7.95808696747, 9.92638015747, 24.7598304749, 25.8129959106, 21.1970367432, 30.5843849182, 15.36510849, 9.98344421387, 10.9349346161, 5.99706888199, 6.87322711945, 5.63665533066, 4.26661586761, 3.76262140274, 3.9836742878, 2.39027118683, 2.33045339584, 1.09187448025, 0.432089775801, 0.196108341217, 0.119260840118, 0.0493550673127, 0.0266622584313, 0.01465963386, 0.00813789479434, 0.00350441155024, 0.00108752888627, 0.000253159640124, 5.26809308212e-05, 1.47585687955e-05, 2.17607557715e-05], "min": [9.92737803124e-22, 1.628030386e-20, 1.53112989309e-20, 2.32172925084e-20, 1.74848559002e-19, 3.83786368421e-19, 1.28114534603e-19, 1.27912612061e-19, 2.91720649256e-19, 7.62748309316e-19, 6.99007063783e-19, 2.3122336827e-18, 2.44426928605e-18, 1.87110177754e-18, 7.1924652935e-18, 6.90686340264e-18, 5.79766383204e-18, 5.57359797489e-18, 5.96099229835e-18, 5.24620112922e-18, 7.07841197628e-18, 4.77468171028e-18, 1.24789236488e-17, 1.95031867278e-17, 1.8032873189e-17, 1.20861584416e-17, 1.32416875711e-17, 2.34224677317e-17, 1.8540816679e-17, 1.76494385791e-17, 1.86018278666e-17, 1.28818284359e-17, 1.52316078466e-17, 1.59283040262e-17, 8.33187515443e-18, 5.62710663436e-18, 2.96897166209e-18, 1.22095342911e-18, 3.04806801643e-19, 3.65514310581e-20], "var": [1.06834316254, 23.7242164612, 117.637542725, 253.250717163, 926.999633789, 393.637634277, 523.903198242, 3407.24365234, 2087.22460938, 411.685974121, 944.70135498, 6442.06835938, 8507.85351562, 1340.52978516, 4507.91503906, 675.576965332, 650.653076172, 429.118560791, 221.099578857, 393.043823242, 119.243225098, 57.7651367188, 40.2697296143, 70.4046096802, 15.8878011703, 17.5223522186, 26.1502418518, 4.68518352509, 1.06472456455, 0.633575618267, 0.158821821213, 0.0721593871713, 0.0519009679556, 0.199622482061, 0.0168499294668, 0.00238482793793, 0.000321786414133, 2.18296536332e-05, 6.01170029313e-07, 5.2387063576e-09]}, "gfcc": {"mean": [-83.6150894165, 155.115005493, -147.05317688, -0.856888353825, -47.5655021667, -8.14452171326, -24.3925743103, -5.17604589462, -27.3804950714, -9.62321662903, -9.01727104187, -3.16569566727, -0.867162585258], "cov": [[19399.6132812, 1036.3527832, 1247.15466309, 3720.05712891, -1005.06555176, -283.515014648, -942.265319824, 1080.94970703, 737.348999023, 834.649658203, -549.354919434, -574.638183594, 2.72538924217], [1036.3527832, 1979.0057373, -310.010223389, -263.746185303, 146.103729248, -661.988586426, 109.56867218, -217.963653564, 304.039215088, -118.62260437, 89.0050888062, -196.528717041, 71.2350082397], [1247.15466309, -310.010223389, 724.327697754, 587.952392578, 45.282169342, 347.759155273, 0.370589017868, 237.051773071, 42.9989585876, 167.279632568, -45.4267616272, 29.5698890686, 5.81606054306], [3720.05712891, -263.746185303, 587.952392578, 1417.10876465, -44.745059967, 263.761230469, -114.37310791, 382.822570801, 177.13822937, 325.505065918, -98.477897644, -54.1976737976, -9.87423324585], [-1005.06555176, 146.103729248, 45.282169342, -44.745059967, 338.754455566, 117.696426392, 122.320503235, -45.3291778564, 14.8513031006, -8.26391410828, 74.6370849609, 38.6852989197, -8.0380115509], [-283.515014648, -661.988586426, 347.759155273, 263.761230469, 117.696426392, 494.246307373, 69.0404281616, 175.949234009, -68.3918609619, 90.3296890259, -3.98142004013, 91.5519485474, -5.16766119003], [-942.265319824, 109.56867218, 0.370589017868, -114.37310791, 122.320503235, 69.0404281616, 215.740463257, 17.6227149963, 40.2142486572, -15.0510511398, 66.2534179688, 42.4732666016, 31.9893913269], [1080.94970703, -217.963653564, 237.051773071, 382.822570801, -45.3291778564, 175.949234009, 17.6227149963, 240.714035034, 73.4936141968, 118.414215088, -25.358631134, 11.6616859436, 15.7995595932], [737.348999023, 304.039215088, 42.9989585876, 177.13822937, 14.8513031006, -68.3918609619, 40.2142486572, 73.4936141968, 167.801971436, 72.5961685181, 31.335187912, -23.336151123, 24.3905296326], [834.649658203, -118.62260437, 167.279632568, 325.505065918, -8.26391410828, 90.3296890259, -15.0510511398, 118.414215088, 72.5961685181, 169.628875732, 26.1465873718, 23.4133300781, 2.4763739109], [-549.354919434, 89.0050888062, -45.4267616272, -98.477897644, 74.6370849609, -3.98142004013, 66.2534179688, -25.358631134, 31.335187912, 26.1465873718, 124.373786926, 61.2325019836, 14.7185974121], [-574.638183594, -196.528717041, 29.5698890686, -54.1976737976, 38.6852989197, 91.5519485474, 42.4732666016, 11.6616859436, -23.336151123, 23.4133300781, 61.2325019836, 108.568962097, 26.552312851], [2.72538924217, 71.2350082397, 5.81606054306, -9.87423324585, -8.0380115509, -5.16766119003, 31.9893913269, 15.7995595932, 24.3905296326, 2.4763739109, 14.7185974121, 26.552312851, 70.3781738281]], "icov": [[0.000324848981109, -0.000638051016722, 9.17891884455e-05, -0.000540807668585, 0.000701172859408, -0.000329679256538, 0.00103821617085, -0.000811609847005, 0.00018517607532, -0.000350984541001, 0.000454420165624, -0.000224242234253, 0.000253689533565], [-0.000638051016722, 0.00414240080863, -0.00110424251761, 0.00113170896657, -0.00325177959166, 0.00382688245736, -0.00264133489691, 0.00228704861365, -0.00323652150109, 0.00212713703513, -0.00309857842512, 0.0051747970283, -0.00357884517871], [9.17891884455e-05, -0.00110424251761, 0.00328626576811, -0.000742918986361, 0.000565051857848, -0.00269149360247, 0.00069622223964, -0.000739568087738, 0.00042224500794, -0.00122892332729, 0.00177723832894, -0.0017023649998, 0.000622291641776], [-0.000540807668585, 0.00113170896657, -0.000742918986361, 0.0031808167696, -0.0019025162328, 0.000627678644378, -0.000648871297017, -0.000299732026178, -0.00105547555722, -0.00201925844885, 0.000535202620085, 0.00147892499808, -0.000658909557387], [0.000701172859408, -0.00325177959166, 0.000565051857848, -0.0019025162328, 0.00864501856267, -0.00566247152165, 0.00047019959311, 0.00225054076873, -0.00053615734214, -0.00014267640654, 0.000232732767472, -0.00324539048597, 0.0041698012501], [-0.000329679256538, 0.00382688245736, -0.00269149360247, 0.000627678644378, -0.00566247152165, 0.0117045110092, -0.00340220145881, -0.00406516622752, 0.00326628168114, 0.000349473237293, -0.00166928069666, 0.0023372429423, -0.00255543924868], [0.00103821617085, -0.00264133489691, 0.00069622223964, -0.000648871297017, 0.00047019959311, -0.00340220145881, 0.0125139579177, -0.00500027276576, -0.00195272010751, 0.00121207314078, -0.000792464998085, -0.00146488158498, -0.000924403837416], [-0.000811609847005, 0.00228704861365, -0.000739568087738, -0.000299732026178, 0.00225054076873, -0.00406516622752, -0.00500027276576, 0.0176921822131, -0.00818115193397, -0.000355851749191, 0.00104194681626, 0.00071032543201, -0.00164294778369], [0.00018517607532, -0.00323652150109, 0.00042224500794, -0.00105547555722, -0.00053615734214, 0.00326628168114, -0.00195272010751, -0.00818115193397, 0.0208415687084, -0.00650914991274, -0.00188114016782, 0.000719406234566, -0.000883320870344], [-0.000350984541001, 0.00212713703513, -0.00122892332729, -0.00201925844885, -0.00014267640654, 0.000349473237293, 0.00121207314078, -0.000355851749191, -0.00650914991274, 0.0184059198946, -0.00781038962305, -0.000480213464471, 0.000639931240585], [0.000454420165624, -0.00309857842512, 0.00177723832894, 0.000535202620085, 0.000232732767472, -0.00166928069666, -0.000792464998085, 0.00104194681626, -0.00188114016782, -0.00781038962305, 0.0224400814623, -0.014437620528, 0.00475799106061], [-0.000224242234253, 0.0051747970283, -0.0017023649998, 0.00147892499808, -0.00324539048597, 0.0023372429423, -0.00146488158498, 0.00071032543201, 0.000719406234566, -0.000480213464471, -0.014437620528, 0.0298692900687, -0.0130557026714], [0.000253689533565, -0.00357884517871, 0.000622291641776, -0.000658909557387, 0.0041698012501, -0.00255543924868, -0.000924403837416, -0.00164294778369, -0.000883320870344, 0.000639931240585, 0.00475799106061, -0.0130557026714, 0.0229694861919]]}, "melbands": {"dmean": [0.000971082947217, 0.00128598406445, 0.000754521344788, 0.000644194136839, 0.000243175090873, 0.000364129780792, 0.000166645317222, 7.21506221453e-05, 6.77082352922e-05, 9.43445629673e-05, 0.00010420835315, 4.57273272332e-05, 7.15284113539e-05, 3.16438527079e-05, 2.38239354076e-05, 1.57689082698e-05, 1.8618777176e-05, 8.7842981884e-06, 8.35154787637e-06, 1.09734055513e-05, 6.3212405621e-06, 4.37727749159e-06, 3.70222187485e-06, 2.83049507743e-06, 2.84152565655e-06, 1.19903290852e-06, 9.74421368483e-07, 9.85090423455e-07, 6.70420888582e-07, 4.73584833571e-07, 1.61156989975e-07, 1.03964772791e-07, 1.2045691733e-07, 7.62393526088e-08, 4.88917741848e-08, 3.79758304803e-08, 3.0531470685e-08, 2.92014075143e-08, 2.20563087794e-08, 6.06579249052e-08], "dmean2": [0.0016582114622, 0.00227210810408, 0.00125712982845, 0.00109231588431, 0.000392781017581, 0.000545807997696, 0.000199978647288, 0.000106407394924, 9.2159716587e-05, 0.000116918046842, 0.000128496540128, 6.27530680504e-05, 9.8705640994e-05, 4.37998096459e-05, 3.64102452295e-05, 2.46554536716e-05, 2.90871012112e-05, 1.42838371175e-05, 1.37300894494e-05, 1.84388682101e-05, 1.07312398541e-05, 7.41944995752e-06, 6.29585156275e-06, 4.89777494295e-06, 4.85072723677e-06, 2.02884893952e-06, 1.66047550465e-06, 1.65424989973e-06, 1.12760517368e-06, 7.42168879242e-07, 2.63703498149e-07, 1.68919726207e-07, 1.92884414218e-07, 1.23073704117e-07, 7.97932457886e-08, 6.04988130704e-08, 4.86018443269e-08, 4.41438139376e-08, 3.40519932251e-08, 8.64429310354e-08], "dvar": [1.99427249754e-05, 2.62025132542e-05, 6.7928694989e-06, 2.78793163488e-06, 2.3160288265e-07, 4.98786391745e-07, 1.12320570622e-07, 2.53593590571e-08, 2.01869081451e-08, 2.20719602595e-08, 2.91398354335e-08, 5.86927439983e-09, 1.13709273108e-08, 2.02885153122e-09, 1.41530820397e-09, 6.38842756473e-10, 9.07345809598e-10, 2.389516085e-10, 2.35279601357e-10, 3.23114285328e-10, 1.11903555866e-10, 4.7456587271e-11, 3.99645108673e-11, 2.53683480472e-11, 3.17527358573e-11, 4.6611781275e-12, 2.44724813331e-12, 2.60375315059e-12, 2.49255477369e-12, 1.14588581679e-11, 1.06960718494e-13, 8.07348098423e-14, 3.18129122221e-13, 7.02095106771e-14, 3.16957424933e-14, 1.26132463916e-14, 1.05036769552e-14, 9.14602036006e-15, 6.45419793457e-15, 2.09922194645e-13], "dvar2": [4.62157076981e-05, 7.22893892089e-05, 1.75517270691e-05, 7.49808486944e-06, 6.59517695567e-07, 1.45895489823e-06, 1.9424864206e-07, 6.76750673279e-08, 4.79211408333e-08, 3.81814402317e-08, 4.67515057778e-08, 1.15391891597e-08, 2.1514996007e-08, 3.8524348156e-09, 3.54905504985e-09, 1.52375867479e-09, 2.19212070718e-09, 5.73915859281e-10, 6.20177798005e-10, 8.87436846231e-10, 3.20039827972e-10, 1.33476132924e-10, 1.1334626987e-10, 7.30515786751e-11, 9.39611513595e-11, 1.26329346289e-11, 6.6576284416e-12, 6.76260046226e-12, 6.01352648233e-12, 2.23938055599e-11, 2.86776543268e-13, 2.09225947114e-13, 8.09796836792e-13, 1.87868221414e-13, 8.32607772875e-14, 3.22046771575e-14, 2.65809374294e-14, 1.9986938401e-14, 1.45619329312e-14, 4.61404135385e-13], "max": [0.1166793257, 0.0832146704197, 0.0700831860304, 0.0360049568117, 0.00869534164667, 0.0126774888486, 0.00846158526838, 0.00381819019094, 0.00375038478523, 0.00488891173154, 0.0047465772368, 0.00152919639368, 0.00184925633948, 0.000804855022579, 0.00060676119756, 0.000469930644613, 0.000566634989809, 0.000317523867125, 0.000254944345215, 0.000319355604006, 0.00014389147691, 0.000111158849904, 0.000112068657472, 0.000119317235658, 9.96622038656e-05, 4.67495483463e-05, 2.92254826491e-05, 3.88585613109e-05, 5.11499965796e-05, 0.000130330503453, 1.23232375699e-05, 1.32749064505e-05, 1.2759675883e-05, 7.89565729065e-06, 5.95663095737e-06, 2.80971789834e-06, 3.02493845084e-06, 3.19281389238e-06, 3.06292076857e-06, 1.07019941424e-05], "mean": [0.00190735899378, 0.00160538905766, 0.0012105734786, 0.000983904115856, 0.000583886110689, 0.00085100706201, 0.000409179425333, 0.000161285643117, 0.000196561202756, 0.000332830968546, 0.000308258720906, 0.000119395423098, 0.000178583577508, 8.10574856587e-05, 4.64473414468e-05, 2.95967347483e-05, 3.54943731509e-05, 1.69694922079e-05, 1.48636936501e-05, 1.89070415217e-05, 1.07229170681e-05, 7.66255288909e-06, 6.28146517556e-06, 4.84120482724e-06, 5.19722470926e-06, 2.4842656785e-06, 2.13110820368e-06, 2.17259253077e-06, 1.36433209263e-06, 8.56410963479e-07, 3.67330642348e-07, 2.42535151074e-07, 2.14557104528e-07, 1.51846592189e-07, 9.32474435444e-08, 7.33292537802e-08, 5.55206369768e-08, 5.44662306368e-08, 3.89642274001e-08, 8.87724311838e-08], "median": [0.000137987488415, 0.000189220590983, 0.00031467305962, 0.000410323147662, 0.000318247242831, 0.000392872549128, 0.000169709237525, 8.27624826343e-05, 9.41916077863e-05, 0.000147513346747, 0.00011805788381, 6.96129864082e-05, 9.74630529527e-05, 5.10960016982e-05, 2.91219221253e-05, 1.57835202117e-05, 2.02842420549e-05, 9.63731508818e-06, 6.12711164649e-06, 1.02455487649e-05, 5.65281061427e-06, 4.43345197709e-06, 3.2555180951e-06, 2.72513079835e-06, 3.01461341223e-06, 1.49758534462e-06, 1.36213748192e-06, 1.46354614117e-06, 7.25932181922e-07, 2.99868361253e-07, 1.74972484501e-07, 1.05091999103e-07, 7.7190087211e-08, 4.80186415075e-08, 2.62125503525e-08, 2.05078798388e-08, 1.32228041849e-08, 9.93202586841e-09, 7.93917465103e-09, 5.887833332e-09], "min": [1.61770838087e-23, 1.44443666076e-23, 6.55914097978e-24, 2.34875540584e-23, 6.3214216903e-24, 3.26332449119e-24, 4.35969146309e-24, 8.14971885639e-24, 6.92528603577e-24, 1.59064903187e-23, 1.22472264812e-23, 6.51606562448e-24, 2.01901959384e-23, 2.01437130984e-23, 1.56238588113e-23, 1.31834229377e-23, 1.0401711637e-23, 1.06996991107e-23, 6.75282132037e-24, 7.98796292778e-24, 8.63257036129e-24, 4.14616929859e-24, 7.89830809704e-24, 1.20694890195e-23, 1.65679091669e-23, 1.68529877209e-23, 1.06929638163e-23, 7.21497311511e-24, 7.22231977672e-24, 1.33020534183e-23, 1.36835007982e-23, 1.18480841624e-23, 7.61017034052e-24, 1.06096009402e-23, 1.04041713053e-23, 9.92806613884e-24, 6.90456187093e-24, 9.24804673929e-24, 1.30837479957e-23, 1.35987440048e-23], "var": [6.20224891463e-05, 3.43339888786e-05, 9.43720442592e-06, 3.60003809874e-06, 5.67010545183e-07, 1.60141496508e-06, 4.10563302466e-07, 5.25528989215e-08, 8.44650074328e-08, 2.26797880032e-07, 2.05204145232e-07, 2.34560797452e-08, 4.84450630722e-08, 7.72437225294e-09, 3.02429858934e-09, 1.90676963108e-09, 2.0209542928e-09, 5.39589650739e-10, 4.53788062682e-10, 5.94770566131e-10, 1.85145468401e-10, 8.74696148845e-11, 7.16314230154e-11, 4.00257570143e-11, 5.81423242885e-11, 1.02073540592e-11, 6.69111424254e-12, 8.4900888403e-12, 8.30383244804e-12, 1.85452226492e-11, 5.54261497809e-13, 3.65021191441e-13, 4.16452923578e-13, 1.80691778814e-13, 6.50513781839e-14, 3.83709381001e-14, 2.45157830126e-14, 3.13920439123e-14, 1.81345840715e-14, 3.23765780895e-13]}, "mfcc": {"mean": [-711.686157227, 180.536468506, -31.29986763, 10.3904104233, -9.04784584045, -5.671895504, 2.22837305069, -1.9785797596, -6.30330848694, -7.70742273331, -10.4407196045, -5.87759542465, -2.13021683693], "cov": [[11037.2236328, 1223.23425293, 527.279907227, 1806.53979492, 280.461730957, 66.2172012329, -285.770111084, -13.3881931305, 560.401367188, 732.657775879, 199.418533325, -134.871185303, -110.052978516], [1223.23425293, 1920.36340332, -228.145095825, -93.1455230713, -58.0493545532, -396.573059082, -211.241958618, -154.205963135, -26.7312145233, 48.4958000183, -27.3940868378, -143.367416382, -165.524032593], [527.279907227, -228.145095825, 460.444732666, 286.997436523, 200.590652466, 221.887115479, 125.410545349, 122.459663391, 142.632461548, 129.086120605, 95.1047897339, 77.4165267944, 83.6753234863], [1806.53979492, -93.1455230713, 286.997436523, 813.78314209, 243.832015991, 266.670135498, 79.6222229004, 111.201728821, 239.056915283, 260.341003418, 135.190887451, 65.6332168579, 70.5511016846], [280.461730957, -58.0493545532, 200.590652466, 243.832015991, 262.473480225, 197.847976685, 95.0097732544, 82.2101287842, 89.6124038696, 89.3722457886, 81.1621551514, 61.3072090149, 59.1002349854], [66.2172012329, -396.573059082, 221.887115479, 266.670135498, 197.847976685, 354.084259033, 195.790725708, 142.717590332, 112.598480225, 85.6382751465, 85.7035751343, 113.418334961, 96.7529373169], [-285.770111084, -211.241958618, 125.410545349, 79.6222229004, 95.0097732544, 195.790725708, 195.41506958, 125.252479553, 65.5323486328, 33.4195365906, 57.1910591125, 79.5878219604, 71.5409317017], [-13.3881931305, -154.205963135, 122.459663391, 111.201728821, 82.2101287842, 142.717590332, 125.252479553, 160.265670776, 98.3282928467, 66.3680648804, 54.3957977295, 61.9794807434, 63.4984741211], [560.401367188, -26.7312145233, 142.632461548, 239.056915283, 89.6124038696, 112.598480225, 65.5323486328, 98.3282928467, 182.747817993, 131.983642578, 58.3698310852, 35.3466758728, 36.4566459656], [732.657775879, 48.4958000183, 129.086120605, 260.341003418, 89.3722457886, 85.6382751465, 33.4195365906, 66.3680648804, 131.983642578, 189.116378784, 80.7568969727, 31.4395942688, 24.0821456909], [199.418533325, -27.3940868378, 95.1047897339, 135.190887451, 81.1621551514, 85.7035751343, 57.1910591125, 54.3957977295, 58.3698310852, 80.7568969727, 128.206237793, 57.6353225708, 35.7180175781], [-134.871185303, -143.367416382, 77.4165267944, 65.6332168579, 61.3072090149, 113.418334961, 79.5878219604, 61.9794807434, 35.3466758728, 31.4395942688, 57.6353225708, 130.569549561, 70.9720001221], [-110.052978516, -165.524032593, 83.6753234863, 70.5511016846, 59.1002349854, 96.7529373169, 71.5409317017, 63.4984741211, 36.4566459656, 24.0821456909, 35.7180175781, 70.9720001221, 127.368133545]], "icov": [[0.000205013086088, -0.000119800875837, -0.000154985449626, -0.00042669303366, 0.000241121655563, -0.000115827773698, 0.000392183777876, 2.21686514124e-05, -6.89292355673e-05, -0.000211706908885, 4.45056648459e-05, 0.000131935317768, 7.81504422775e-05], [-0.000119800875837, 0.000952154165134, 0.000403525598813, 0.000223508934141, -0.00110751471948, 0.00172677065711, -0.000878862338141, 0.000355980591848, -0.000231627462199, -0.000450419785921, -5.33680213266e-05, -0.000117571071314, 0.000495277403388], [-0.000154985449626, 0.000403525598813, 0.00420880876482, 0.000204865733394, -0.00207311217673, 1.03001530078e-05, -0.000748273567297, -0.000152325810632, -0.0010405308567, -0.000559493433684, -0.000347742374288, 5.58412903047e-05, -0.000567609153222], [-0.00042669303366, 0.000223508934141, 0.000204865733394, 0.00407033367082, -0.00120802945457, -0.00183299125638, 0.000796512118541, 0.000892489973921, -0.00167008151766, -0.00176072353497, -0.000597548962105, 0.000373090762878, -0.000636206881609], [0.000241121655563, -0.00110751471948, -0.00207311217673, -0.00120802945457, 0.00961006712168, -0.00539809232578, 0.00212602806278, -0.000375340750907, 0.000665211293381, 0.000323007319821, -0.00173960893881, 0.000885578629095, -0.000822610687464], [-0.000115827773698, 0.00172677065711, 1.03001530078e-05, -0.00183299125638, -0.00539809232578, 0.0145913949236, -0.0092466538772, 0.000446076039225, -0.000247208285145, -6.81939927745e-05, 0.00133293145336, -0.00304642319679, 0.000951929483563], [0.000392183777876, -0.000878862338141, -0.000748273567297, 0.000796512118541, 0.00212602806278, -0.0092466538772, 0.0191170796752, -0.00812861230224, -5.47340714547e-05, 0.00187902187463, -0.00209492817521, -0.000234201113926, -0.00102230277844], [2.21686514124e-05, 0.000355980591848, -0.000152325810632, 0.000892489973921, -0.000375340750907, 0.000446076039225, -0.00812861230224, 0.0176105778664, -0.00623078085482, -0.00126006361097, -0.000360071775503, -0.000333891686751, -0.00198239088058], [-6.89292355673e-05, -0.000231627462199, -0.0010405308567, -0.00167008151766, 0.000665211293381, -0.000247208285145, -5.47340714547e-05, -0.00623078085482, 0.0159671530128, -0.00661608763039, 0.00163484481163, 0.000443041615654, 0.00023958584643], [-0.000211706908885, -0.000450419785921, -0.000559493433684, -0.00176072353497, 0.000323007319821, -6.81939927745e-05, 0.00187902187463, -0.00126006361097, -0.00661608763039, 0.0156857036054, -0.00485062180087, -0.000235663290368, 0.0004688052868], [4.45056648459e-05, -5.33680213266e-05, -0.000347742374288, -0.000597548962105, -0.00173960893881, 0.00133293145336, -0.00209492817521, -0.000360071775503, 0.00163484481163, -0.00485062180087, 0.0139139890671, -0.00409079669043, 0.000506148615386], [0.000131935317768, -0.000117571071314, 5.58412903047e-05, 0.000373090762878, 0.000885578629095, -0.00304642319679, -0.000234201113926, -0.000333891686751, 0.000443041615654, -0.000235663290368, -0.00409079669043, 0.0144846485928, -0.00508708320558], [7.81504422775e-05, 0.000495277403388, -0.000567609153222, -0.000636206881609, -0.000822610687464, 0.000951929483563, -0.00102230277844, -0.00198239088058, 0.00023958584643, 0.0004688052868, 0.000506148615386, -0.00508708320558, 0.0130443014205]]}, "spectral_contrast_coeffs": {"dmean": [0.047946151346, 0.0397297032177, 0.0308517031372, 0.0288916993886, 0.0213814992458, 0.0180248934776], "dmean2": [0.0806335061789, 0.0636045560241, 0.0479607507586, 0.0462933816016, 0.0349278114736, 0.0302554182708], "dvar": [0.00177143095061, 0.00109440460801, 0.000668672146276, 0.000528708158527, 0.000285332702333, 0.000321679282933], "dvar2": [0.00490039167926, 0.00279671698809, 0.00154154270422, 0.0013726905454, 0.000758198497351, 0.000883254338987], "max": [-0.229875996709, -0.345232665539, -0.457273989916, -0.493624329567, -0.604795575142, -0.567856013775], "mean": [-0.594324469566, -0.669965088367, -0.690798997879, -0.733567714691, -0.757720351219, -0.76003497839], "median": [-0.606289982796, -0.667877078056, -0.691388070583, -0.736913263798, -0.761422514915, -0.754020929337], "min": [-0.961987137794, -0.958072662354, -0.956523835659, -0.981281101704, -0.955083668232, -0.959363758564], "var": [0.0143068945035, 0.00853065494448, 0.00398501520976, 0.00296598300338, 0.00225160061382, 0.00210683769546]}, "spectral_contrast_valleys": {"dmean": [0.421457350254, 0.30622369051, 0.252469956875, 0.237067714334, 0.192542672157, 0.267735004425], "dmean2": [0.713587105274, 0.496136367321, 0.403532117605, 0.376569926739, 0.304408758879, 0.412475138903], "dvar": [0.212054297328, 0.143584638834, 0.113