{"lowlevel": {"average_loudness": 0.727583050728, "barkbands_crest": {"dmean": 2.78011083603, "dmean2": 3.93404841423, "dvar": 10.3805646896, "dvar2": 17.8683662415, "max": 26.899394989, "mean": 13.026889801, "median": 10.375872612, "min": 2.03277850151, "var": 64.4608306885}, "barkbands_flatness_db": {"dmean": 0.044163133949, "dmean2": 0.055761795491, "dvar": 0.00368542945944, "dvar2": 0.00463580572978, "max": 0.856208622456, "mean": 0.19271980226, "median": 0.12723864615, "min": 0.0168800912797, "var": 0.0251357033849}, "barkbands_kurtosis": {"dmean": 117.702690125, "dmean2": 167.774154663, "dvar": 197917.265625, "dvar2": 458172.21875, "max": 7955.16162109, "mean": 168.479598999, "median": 4.29557037354, "min": -1.95314729214, "var": 295499.4375}, "barkbands_skewness": {"dmean": 2.73987197876, "dmean2": 3.54077744484, "dvar": 24.0616912842, "dvar2": 45.2673950195, "max": 74.4481964111, "mean": 5.05500888824, "median": 1.42666840553, "min": -5.5528512001, "var": 83.7665100098}, "barkbands_spread": {"dmean": 12.9265909195, "dmean2": 19.7886714935, "dvar": 359.495666504, "dvar2": 813.981994629, "max": 137.451950073, "mean": 29.6647758484, "median": 26.2841033936, "min": 0.0133074605837, "var": 715.65435791}, "dissonance": {"dmean": 0.0130420848727, "dmean2": 0.0221487134695, "dvar": 0.000318845413858, "dvar2": 0.000865185982548, "max": 0.500000059605, "mean": 0.478906452656, "median": 0.48606595397, "min": 0.300849944353, "var": 0.000493888743222}, "dynamic_complexity": 6.07217693329, "erbbands_crest": {"dmean": 2.40484118462, "dmean2": 3.60775828362, "dvar": 7.85622549057, "dvar2": 14.4102315903, "max": 28.4872207642, "mean": 8.28269863129, "median": 5.5744843483, "min": 2.06633687019, "var": 37.2388763428}, "erbbands_flatness_db": {"dmean": 0.0203064680099, "dmean2": 0.0293655879796, "dvar": 0.000638037337922, "dvar2": 0.00123363942839, "max": 0.457010686398, "mean": 0.124876797199, "median": 0.111970253289, "min": 0.0371749475598, "var": 0.00278729642741}, "erbbands_kurtosis": {"dmean": 3.24629402161, "dmean2": 4.73321533203, "dvar": 174.957733154, "dvar2": 320.045471191, "max": 361.784576416, "mean": 3.80417084694, "median": 0.00960254669189, "min": -1.94586658478, "var": 345.250366211}, "erbbands_skewness": {"dmean": 0.627526819706, "dmean2": 0.833238959312, "dvar": 0.857947707176, "dvar2": 1.40494203568, "max": 15.6856117249, "mean": 0.229739367962, "median": -0.156294897199, "min": -4.79313755035, "var": 3.70173287392}, "erbbands_spread": {"dmean": 17.1975517273, "dmean2": 24.2252674103, "dvar": 429.464324951, "dvar2": 808.946411133, "max": 223.741012573, "mean": 59.9333000183, "median": 50.6307106018, "min": 0.662596106529, "var": 1499.77978516}, "hfc": {"dmean": 17.6461181641, "dmean2": 27.038438797, "dvar": 1479.6229248, "dvar2": 3823.40429688, "max": 576.754333496, "mean": 25.2395343781, "median": 7.20496034622, "min": 1.14929334576e-16, "var": 1856.45898438}, "melbands_crest": {"dmean": 4.38039922714, "dmean2": 6.33136796951, "dvar": 25.4272537231, "dvar2": 46.4116821289, "max": 38.5061454773, "mean": 20.2756347656, "median": 18.874376297, "min": 1.68926751614, "var": 136.672821045}, "melbands_flatness_db": {"dmean": 0.0542813502252, "dmean2": 0.0650023445487, "dvar": 0.00556259695441, "dvar2": 0.00609711231664, "max": 0.994166791439, "mean": 0.241545125842, "median": 0.165939226747, "min": 0.00274870311841, "var": 0.0419610701501}, "melbands_kurtosis": {"dmean": 146.619781494, "dmean2": 203.253631592, "dvar": 124362.742188, "dvar2": 255278.8125, "max": 4669.86572266, "mean": 262.839416504, "median": 12.2411689758, "min": -1.87451982498, "var": 308401.34375}, "melbands_skewness": {"dmean": 3.09058904648, "dmean2": 4.07456254959, "dvar": 25.1608314514, "dvar2": 43.2817687988, "max": 50.8737068176, "mean": 7.79295969009, "median": 2.94494700432, "min": -1.92958950996, "var": 93.7405319214}, "melbands_spread": {"dmean": 21.8899822235, "dmean2": 31.1748771667, "dvar": 1396.34667969, "dvar2": 2427.01513672, "max": 277.60446167, "mean": 52.4940032959, "median": 22.3581790924, "min": 0.0607264302671, "var": 4323.50195312}, "pitch_salience": {"dmean": 0.0963040590286, "dmean2": 0.137886628509, "dvar": 0.0171055048704, "dvar2": 0.0283342357725, "max": 0.921807467937, "mean": 0.434953272343, "median": 0.552261948586, "min": 0.00401355326176, "var": 0.0817710906267}, "silence_rate_20dB": {"dmean": 0.0114976419136, "dmean2": 0.0229986738414, "dvar": 0.0113647310063, "dvar2": 0.0304325986654, "max": 1, "mean": 0.992483437061, "median": 1, "min": 0, "var": 0.00746068032458}, "silence_rate_30dB": {"dmean": 0.0884433984756, "dmean2": 0.176912873983, "dvar": 0.0806165263057, "dvar2": 0.164483368397, "max": 1, "mean": 0.811938107014, "median": 1, "min": 0, "var": 0.152685314417}, "silence_rate_60dB": {"dmean": 0.0946344360709, "dmean2": 0.189296767116, "dvar": 0.0856751576066, "dvar2": 0.166730523109, "max": 1, "mean": 0.346352249384, "median": 0, "min": 0, "var": 0.226393848658}, "spectral_centroid": {"dmean": 522.378479004, "dmean2": 710.219299316, "dvar": 468758.53125, "dvar2": 727929.1875, "max": 11674.9853516, "mean": 2130.36157227, "median": 2084.6640625, "min": 45.8446960449, "var": 1973598.625}, "spectral_complexity": {"dmean": 3.56603765488, "dmean2": 5.47191524506, "dvar": 37.4368095398, "dvar2": 73.652885437, "max": 67, "mean": 6.65423727036, "median": 2, "min": 0, "var": 107.594581604}, "spectral_decrease": {"dmean": 5.26706012138e-09, "dmean2": 6.91398938102e-09, "dvar": 1.02008217543e-16, "dvar2": 1.81424041444e-16, "max": 5.44667255742e-10, "mean": -1.28353363493e-08, "median": -1.57238488896e-09, "min": -1.31165364792e-07, "var": 3.64287006576e-16}, "spectral_energy": {"dmean": 0.0204594768584, "dmean2": 0.0272362995893, "dvar": 0.00151722878218, "dvar2": 0.00270840479061, "max": 0.519072115421, "mean": 0.0507326424122, "median": 0.012149548158, "min": 1.05575258779e-20, "var": 0.00537128839642}, "spectral_energyband_high": {"dmean": 0.00151339382865, "dmean2": 0.00226359511726, "dvar": 9.57203337748e-06, "dvar2": 2.38450611505e-05, "max": 0.0432623364031, "mean": 0.00208280258812, "median": 0.000326186127495, "min": 7.59092015913e-21, "var": 1.44725290738e-05}, "spectral_energyband_low": {"dmean": 0.0179946012795, "dmean2": 0.0229598004371, "dvar": 0.00114592851605, "dvar2": 0.00177543354221, "max": 0.400304526091, "mean": 0.0424531660974, "median": 0.00160167808644, "min": 4.13529595541e-23, "var": 0.00443449243903}, "spectral_energyband_middle_high": {"dmean": 0.0010938171763, "dmean2": 0.00192881561816, "dvar": 2.17104934563e-05, "dvar2": 6.2676735979e-05, "max": 0.0828040242195, "mean": 0.00125640805345, "median": 0.000255781109445, "min": 1.46688506097e-21, "var": 1.58628172358e-05}, "spectral_energyband_middle_low": {"dmean": 0.00863025058061, "dmean2": 0.0145071819425, "dvar": 0.000918178353459, "dvar2": 0.00230587995611, "max": 0.446634590626, "mean": 0.00704383989796, "median": 0.000249196949881, "min": 2.41807374954e-22, "var": 0.000805661256891}, "spectral_entropy": {"dmean": 0.2455445081, "dmean2": 0.342576473951, "dvar": 0.152036398649, "dvar2": 0.24981059134, "max": 9.80592250824, "mean": 8.03496265411, "median": 8.29928016663, "min": 3.49332857132, "var": 0.664041399956}, "spectral_flux": {"dmean": 0.045299153775, "dmean2": 0.0573511943221, "dvar": 0.00417302269489, "dvar2": 0.00604445766658, "max": 0.701528608799, "mean": 0.0967858359218, "median": 0.0553617589176, "min": 6.55887913426e-11, "var": 0.0124762598425}, "spectral_kurtosis": {"dmean": 1.03948891163, "dmean2": 1.55310404301, "dvar": 6.73892593384, "dvar2": 16.5567035675, "max": 59.593547821, "mean": 2.27839016914, "median": 1.37019634247, "min": -1.32571339607, "var": 12.6960287094}, "spectral_rms": {"dmean": 0.00131174561102, "dmean2": 0.0016564510297, "dvar": 3.93931804865e-06, "dvar2": 5.74619571125e-06, "max": 0.0225035957992, "mean": 0.00521654821932, "median": 0.00344285019673, "min": 3.20936528221e-12, "var": 2.22831986321e-05}, "spectral_rolloff": {"dmean": 1444.94592285, "dmean2": 2314.50048828, "dvar": 7374562.5, "dvar2": 12377782, "max": 19186.0839844, "mean": 4514.30029297, "median": 1744.18945312, "min": 43.06640625, "var": 27039006}, "spectral_skewness": {"dmean": 0.20654720068, "dmean2": 0.282573312521, "dvar": 0.091738730669, "dvar2": 0.182282850146, "max": 6.66199016571, "mean": 1.21423995495, "median": 1.07364487648, "min": -0.393821775913, "var": 0.351179361343}, "spectral_spread": {"dmean": 893044.4375, "dmean2": 1309418.375, "dvar": 1652117340160.0, "dvar2": 2980420517890.0, "max": 40841492, "mean": 7804060, "median": 7439150, "min": 1326266, "var": 5844271890430.0}, "spectral_strongpeak": {"dmean": 0.36016485095, "dmean2": 0.59234058857, "dvar": 0.576900005341, "dvar2": 1.45305979252, "max": 13.4621686935, "mean": 0.588233113289, "median": 0.329846739769, "min": 0, "var": 0.730303585529}, "zerocrossingrate": {"dmean": 0.0362563207746, "dmean2": 0.0352149903774, "dvar": 0.00229395739734, "dvar2": 0.00170580949634, "max": 0.56298828125, "mean": 0.141941234469, "median": 0.0966796875, "min": 0.001953125, "var": 0.0183584261686}, "barkbands": {"dmean": [0.00147143146023, 0.0161149352789, 0.0058205621317, 0.00559533387423, 0.00276700197719, 0.000637776451185, 0.000442460499471, 0.000282663997496, 0.000245197647018, 0.00019037562015, 7.98979017418e-05, 0.000146946389577, 0.000146172489622, 0.000173048130819, 8.55000253068e-05, 6.64892941131e-05, 0.000111641733383, 9.87204984995e-05, 0.000106673149276, 0.000111299748824, 0.000134923233418, 0.00019290142518, 0.000207618824788, 0.000273169775028, 0.000370688387193, 0.000287756090984, 9.67444066191e-05], "dmean2": [0.0017428988358, 0.0206348318607, 0.00995343271643, 0.00971608702093, 0.00512843206525, 0.00119916140102, 0.000823052832857, 0.000507407297846, 0.000452036067145, 0.000332935829647, 0.000134104469907, 0.000261909532128, 0.00026242408785, 0.000313890341204, 0.000144869321957, 0.000115619797725, 0.000199378206162, 0.000174067594344, 0.000185563098057, 0.000183027295861, 0.000221209484152, 0.000277573853964, 0.000309816125082, 0.000400898657972, 0.000582574051805, 0.000491796818096, 0.000152551830979], "dvar": [8.23075697554e-06, 0.00107858178671, 0.000449802755611, 0.000426746060839, 0.000128938743728, 1.0933203157e-05, 4.19507978222e-06, 1.86767704236e-06, 1.63601032455e-06, 8.44010628498e-07, 7.05109926002e-08, 4.79470202208e-07, 2.44633042712e-07, 8.09043569916e-07, 7.53985602842e-08, 4.34661551196e-08, 1.97961441017e-07, 1.81532399779e-07, 1.36040100074e-07, 8.8946514154e-08, 1.21465177472e-07, 1.6910250622e-07, 1.77523062916e-07, 2.89961974431e-07, 7.57307589083e-07, 4.54903300806e-07, 8.09434723692e-08], "dvar2": [1.13145561045e-05, 0.00171352748293, 0.00118593091611, 0.0011168968631, 0.000364109873772, 3.21147235809e-05, 1.20844069897e-05, 5.10956169819e-06, 4.7761695896e-06, 2.40753661274e-06, 1.91445607811e-07, 1.38998086641e-06, 7.0714878575e-07, 2.40953681896e-06, 2.00609790113e-07, 1.21551963161e-07, 5.82697282425e-07, 5.13728821261e-07, 3.92869878851e-07, 2.39826590587e-07, 3.35434975796e-07, 3.79397562256e-07, 4.2972996539e-07, 6.56909548979e-07, 1.89463742117e-06, 1.20504819279e-06, 1.99185407723e-07], "max": [0.0437980517745, 0.373634845018, 0.235143661499, 0.313318967819, 0.154274329543, 0.0687916874886, 0.0280954800546, 0.024436770007, 0.0236550513655, 0.0158658344299, 0.00485039595515, 0.012795465067, 0.00759451137856, 0.0184570550919, 0.00543705746531, 0.00528285931796, 0.0121050393209, 0.00947218202055, 0.00875519495457, 0.00664813816547, 0.00688803102821, 0.00701419683173, 0.00747607415542, 0.00629351753742, 0.007747201249, 0.00640945136547, 0.00376204401255], "mean": [0.00278000719845, 0.0334947183728, 0.00409791339189, 0.00412538740784, 0.00181000889279, 0.000407851854106, 0.000290058611427, 0.000195056272787, 0.000178207235876, 0.000161970674526, 8.5354949988e-05, 0.000125846578158, 0.000141381548019, 0.000150433552335, 0.000100591809314, 7.47951562516e-05, 0.000118855910841, 0.000108402658952, 0.000119041971629, 0.000158290931722, 0.000199445203179, 0.000299376086332, 0.000308789516566, 0.000387963227695, 0.000416482856963, 0.000289629766485, 0.00010663291323], "median": [5.29212120455e-05, 0.000383185630199, 1.93292326003e-05, 2.12656195799e-05, 5.03702285641e-05, 2.08302917599e-05, 1.54625504365e-05, 1.11360905066e-05, 1.5459714632e-05, 1.23382496895e-05, 1.27303301269e-05, 1.21521798064e-05, 1.67451726156e-05, 1.56941769092e-05, 1.83289430424e-05, 1.63848199008e-05, 2.06120566872e-05, 2.24609084398e-05, 2.3703010811e-05, 3.08121598209e-05, 2.73041787295e-05, 3.75574345526e-05, 5.06332617078e-05, 5.16281215823e-05, 5.14660605404e-05, 3.71570968127e-05, 5.44089834875e-06], "min": [5.64892486834e-24, 1.15395433074e-23, 1.15417158303e-23, 1.43341453842e-23, 2.92749658252e-23, 1.52981286772e-23, 1.21010623884e-23, 2.89490432091e-23, 2.40742393799e-23, 4.20823529689e-23, 5.91802567573e-23, 3.01861695905e-23, 6.82477016809e-23, 3.82221851915e-23, 8.26679212562e-23, 1.85367015136e-22, 1.15976462263e-22, 1.73635555381e-22, 1.88015997434e-22, 2.55284097954e-22, 3.87993019458e-22, 6.38402840542e-22, 5.08447889256e-22, 6.64674609745e-22, 1.04184094873e-21, 1.74754950268e-21, 2.29963015951e-21], "var": [3.18342681567e-05, 0.00334941106848, 0.00031691318145, 0.000344088155543, 7.74576474214e-05, 5.90061108596e-06, 2.40683539232e-06, 1.20171546314e-06, 9.3283398428e-07, 5.78930041684e-07, 7.28682891804e-08, 3.05721727045e-07, 1.9662671491e-07, 5.10562244926e-07, 8.18597385432e-08, 3.99206960822e-08, 1.48936223354e-07, 1.31265394998e-07, 1.07322215115e-07, 1.06685781986e-07, 1.83426863032e-07, 3.88167933352e-07, 3.58059168093e-07, 5.72503779495e-07, 8.1141439523e-07, 4.07430235327e-07, 8.62060502982e-08]}, "erbbands": {"dmean": [0.666298151016, 3.46710586548, 6.63770961761, 13.0283279419, 14.3021249771, 7.72463798523, 5.89920091629, 5.11691093445, 5.88598537445, 7.71266317368, 5.38186883926, 5.65377759933, 4.87949180603, 5.50634098053, 3.16440916061, 6.53108119965, 7.09349107742, 8.09174346924, 6.14231157303, 3.89949917793, 3.76527261734, 6.47197055817, 4.48917388916, 5.92251205444, 6.00455379486, 5.44155979156, 4.70820474625, 6.61090135574, 6.62951040268, 6.33568763733, 6.11173820496, 5.33019924164, 4.7458820343, 4.52920532227, 2.40443730354, 1.18887484074, 0.57698816061, 0.156542226672, 0.0135952122509, 0.0005263472558], "dmean2": [0.785844862461, 4.44152545929, 10.3371162415, 22.3367404938, 25.3560714722, 14.305811882, 10.9513063431, 9.69077110291, 11.044380188, 14.0465154648, 9.8513917923, 10.345492363, 8.87187480927, 9.40151691437, 5.27837610245, 11.6083011627, 12.8100652695, 14.6784524918, 10.7393798828, 6.71463537216, 6.42585134506, 11.6194047928, 7.69802427292, 10.4650001526, 10.4517145157, 8.93583393097, 7.66732883453, 10.6472826004, 9.66129398346, 9.51253509521, 9.20964336395, 7.87669754028, 6.97955036163, 7.16988229752, 3.79464149475, 2.00947809219, 0.978797137737, 0.257507443428, 0.0214625522494, 0.000799681933131], "dvar": [1.47865378857, 63.5225028992, 463.741760254, 1921.68017578, 3198.01831055, 1016.30444336, 782.068237305, 792.412963867, 857.877807617, 1151.27319336, 837.225036621, 844.372741699, 658.957275391, 510.565643311, 121.349876404, 908.860473633, 640.593505859, 1425.0300293, 784.355957031, 150.944137573, 128.817871094, 755.338195801, 231.239379883, 640.082519531, 489.067840576, 210.634033203, 155.450805664, 229.235031128, 217.416442871, 164.127868652, 166.134033203, 114.211349487, 90.3574142456, 114.54510498, 31.3788394928, 8.37773132324, 1.67962396145, 0.180179432034, 0.00147781916894, 3.37005553774e-06], "dvar2": [2.31291985512, 108.918266296, 1136.9708252, 5089.62011719, 8486.57226562, 2888.11206055, 2260.21020508, 2332.33398438, 2487.26074219, 3207.12133789, 2396.54638672, 2460.49707031, 1907.77832031, 1428.93615723, 331.668365479, 2619.92919922, 1854.28100586, 4178.64697266, 2250.83691406, 411.604644775, 360.531341553, 2219.93823242, 640.066955566, 1850.49755859, 1437.5604248, 566.535217285, 431.729705811, 601.87713623, 483.482025146, 390.376831055, 405.06741333, 268.671539307, 198.647338867, 285.145446777, 79.2307510376, 22.6540184021, 4.36390304565, 0.448691129684, 0.00364035111852, 7.94956031314e-06], "max": [19.0351085663, 81.9613418579, 241.018081665, 511.965240479, 914.412902832, 441.960205078, 418.766418457, 596.587097168, 516.185302734, 499.398254395, 571.231750488, 541.770935059, 461.178985596, 338.190887451, 244.786422729, 553.440368652, 415.285461426, 780.603149414, 543.858154297, 247.486495972, 286.156768799, 752.378601074, 299.782104492, 515.981140137, 500.264129639, 304.243621826, 310.715362549, 210.058029175, 280.704284668, 187.303955078, 240.77053833, 139.303512573, 101.766685486, 99.7724227905, 64.7964935303, 35.0139503479, 11.2996740341, 5.56944608688, 0.511142790318, 0.0285233501345], "mean": [1.37590479851, 5.78310728073, 5.8495516777, 9.88403320312, 10.1705970764, 5.06380701065, 3.79781532288, 3.24520850182, 3.76919031143, 5.20620965958, 3.73985719681, 4.29057979584, 3.79773879051, 5.17626476288, 3.59634447098, 5.74471855164, 6.77403450012, 7.22953796387, 6.47078561783, 4.71393251419, 4.37909221649, 6.73454236984, 5.57743644714, 6.37627744675, 6.79304695129, 7.6501121521, 6.96520519257, 9.422706604, 10.4441556931, 9.34261703491, 9.0010509491, 7.99829816818, 6.49764680862, 5.11957406998, 2.67017030716, 1.09990918636, 0.596080183983, 0.176662862301, 0.0153072280809, 0.000618527235929], "median": [0.0123234707862, 0.0684570074081, 0.100346751511, 0.0815856456757, 0.137094646692, 0.163082435727, 0.151517182589, 0.161167785525, 0.196462273598, 0.273729205132, 0.304517745972, 0.406963378191, 0.342714428902, 0.477599859238, 0.650716543198, 0.552492678165, 0.827322483063, 0.833253324032, 0.908142328262, 0.916369497776, 1.0303119421, 1.15187180042, 1.26002395153, 1.38168311119, 1.23335802555, 1.47261607647, 1.10741758347, 1.08813858032, 1.23562884331, 1.43865263462, 1.5185571909, 1.12447690964, 0.850621342659, 0.618715643883, 0.347356408834, 0.179780572653, 0.0600585117936, 0.0123985344544, 0.000885457440745, 0.000114370152005], "min": [1.68054661089e-22, 3.42287256695e-21, 1.37367477102e-20, 3.73182016365e-20, 9.13166489592e-20, 8.42717326279e-20, 3.31298695401e-20, 1.33396535179e-19, 1.85143067295e-19, 2.42977015408e-19, 8.13197951478e-19, 7.61754658606e-19, 9.60461122726e-19, 2.06221296588e-18, 1.31429734912e-18, 1.4331734395e-18, 2.17265646691e-18, 3.66992575393e-18, 4.47535275715e-18, 7.25199913655e-18, 8.93248851567e-18, 7.42652431963e-18, 9.91184885423e-18, 8.90932911288e-18, 1.05702391269e-17, 1.15606381907e-17, 1.51326456125e-17, 1.67934224504e-17, 1.92229296645e-17, 1.88329437841e-17, 1.43132768936e-17, 1.33894501527e-17, 1.11447640388e-17, 8.66879739845e-18, 9.31512820496e-18, 5.68583025399e-18, 3.08730543218e-18, 1.2510032464e-18, 2.97959736574e-19, 3.16361267567e-20], "var": [5.57745027542, 144.139434814, 414.833465576, 1506.25524902, 2330.39916992, 604.963867188, 441.474273682, 423.987518311, 478.863952637, 717.802429199, 485.164489746, 492.110198975, 397.195037842, 438.403411865, 105.860794067, 604.166503906, 489.271606445, 916.131103516, 632.453186035, 159.2056427, 120.833320618, 546.216918945, 221.160079956, 440.738067627, 371.036102295, 249.772720337, 221.278274536, 400.243255615, 492.852416992, 335.139678955, 320.352172852, 246.893264771, 161.026565552, 124.307929993, 33.1443939209, 6.55409622192, 1.67973470688, 0.194894328713, 0.00159511272795, 3.76006073566e-06]}, "gfcc": {"mean": [-75.4749450684, 7.20587921143, -75.6917495728, 36.5802268982, -44.4734153748, 26.366733551, -30.6983757019, 11.2885465622, -21.9908504486, 7.03223514557, -14.820895195, 3.68450284004, -12.8671579361], "cov": [[12110.5761719, -1022.64813232, -130.994644165, 269.697814941, -351.513244629, -19.8081817627, -309.501068115, -222.577133179, -316.17300415, -17.9766101837, -152.235824585, 57.6718215942, -161.693634033], [-1022.64813232, 3335.45214844, 672.918640137, 652.23614502, 860.896972656, 385.965881348, 516.889160156, 209.987091064, 361.244171143, 27.7407093048, 196.56072998, -85.2359237671, 92.5859909058], [-130.994644165, 672.918640137, 1842.57104492, 829.155639648, 833.886047363, 496.378936768, 502.670166016, 199.415359497, 397.11819458, 165.276702881, 232.322616577, 94.2856445312, 153.84324646], [269.697814941, 652.23614502, 829.155639648, 1103.42834473, 650.704162598, 519.697265625, 380.455932617, 231.614974976, 324.974121094, 161.905166626, 219.75970459, 85.0016555786, 157.797042847], [-351.513244629, 860.896972656, 833.886047363, 650.704162598, 848.555419922, 463.671722412, 526.111572266, 226.531066895, 346.235931396, 119.848083496, 216.581817627, 44.3399047852, 153.692184448], [-19.8081817627, 385.965881348, 496.378936768, 519.697265625, 463.671722412, 438.172302246, 351.893218994, 203.364578247, 238.968902588, 114.787704468, 152.969497681, 67.8092651367, 112.640975952], [-309.501068115, 516.889160156, 502.670166016, 380.455932617, 526.111572266, 351.893218994, 518.546813965, 243.944458008, 305.683410645, 125.256484985, 208.819168091, 49.6052856445, 163.383163452], [-222.577133179, 209.987091064, 199.415359497, 231.614974976, 226.531066895, 203.364578247, 243.944458008, 218.6612854, 185.304153442, 111.35093689, 123.062072754, 60.2991027832, 93.0230789185], [-316.17300415, 361.244171143, 397.11819458, 324.974121094, 346.235931396, 238.968902588, 305.683410645, 185.304153442, 286.345947266, 137.846633911, 188.503036499, 70.4672927856, 128.874389648], [-17.9766101837, 27.7407093048, 165.276702881, 161.905166626, 119.848083496, 114.787704468, 125.256484985, 111.35093689, 137.846633911, 138.622238159, 123.193077087, 73.8408737183, 74.8952636719], [-152.235824585, 196.56072998, 232.322616577, 219.75970459, 216.581817627, 152.969497681, 208.819168091, 123.062072754, 188.503036499, 123.193077087, 187.872161865, 81.735458374, 119.777488708], [57.6718215942, -85.2359237671, 94.2856445312, 85.0016555786, 44.3399047852, 67.8092651367, 49.6052856445, 60.2991027832, 70.4672927856, 73.8408737183, 81.735458374, 104.166564941, 72.65284729], [-161.693634033, 92.5859909058, 153.84324646, 157.797042847, 153.692184448, 112.640975952, 163.383163452, 93.0230789185, 128.874389648, 74.8952636719, 119.777488708, 72.65284729, 137.294647217]], "icov": [[9.65362123679e-05, 1.47719738379e-05, 1.0511524124e-05, -0.000116295777843, 7.25152276573e-05, 2.02765633617e-07, -0.000186685385415, 0.000180661387276, 0.000193062762264, -0.00013943099475, 4.97354012623e-05, -0.000221951282583, 0.000212924627704], [1.47719738379e-05, 0.000478184956592, 5.57991297683e-05, -9.99884869088e-05, -0.000470389291877, 0.000167850463185, 0.000166381621966, -0.000231172001804, -0.000354794436134, 0.000656586082187, -0.000555777456611, 0.000608060217928, 0.000232773949392], [1.0511524124e-05, 5.57991297683e-05, 0.00119294470642, -0.000454848137451, -0.000795221421868, 0.000219374007429, -0.000510297948495, 0.00113730493467, -0.00109018327203, -0.000411100860219, 0.000967861269601, -0.00110365764704, 0.000694928981829], [-0.000116295777843, -9.99884869088e-05, -0.000454848137451, 0.00299085956067, -0.00100018340163, -0.00292162643746, 0.00277381460182, -0.000846871756949, -0.000351126975147, -0.000203853065614, -0.0011392304441, 0.00200630049221, -0.00183482293505], [7.25152276573e-05, -0.000470389291877, -0.000795221421868, -0.00100018340163, 0.00620870152488, -0.00168877560645, -0.00385508849286, 0.00187045545317, -0.00101811031345, 0.000948941742536, -2.06469630939e-05, -0.000164806100656, 0.000742078293115], [2.02765633617e-07, 0.000167850463185, 0.000219374007429, -0.00292162643746, -0.00168877560645, 0.0105408532545, -0.00428049918264, -0.00192768161651, 0.000160383060575, -0.000250220211456, 0.00254413927905, -0.00456127570942, 0.00282164732926], [-0.000186685385415, 0.000166381621966, -0.000510297948495, 0.00277381460182, -0.00385508849286, -0.00428049918264, 0.0142463538796, -0.0065674027428, -0.0026581606362, 0.00314137828536, -0.00534624932334, 0.00819272361696, -0.00651439791545], [0.000180661387276, -0.000231172001804, 0.00113730493467, -0.000846871756949, 0.00187045545317, -0.00192768161651, -0.0065674027428, 0.0169403553009, -0.00496600288898, -0.00697073061019, 0.00626705680043, -0.0042632818222, 0.0011453863699], [0.000193062762264, -0.000354794436134, -0.00109018327203, -0.000351126975147, -0.00101811031345, 0.000160383060575, -0.0026581606362, -0.00496600288898, 0.0215271543711, -0.00502325734124, -0.00898314453661, 0.00220884964801, -0.00117069354746], [-0.00013943099475, 0.000656586082187, -0.000411100860219, -0.000203853065614, 0.000948941742536, -0.000250220211456, 0.00314137828536, -0.00697073061019, -0.00502325734124, 0.0267672445625, -0.0129217943177, -0.00491920812055, 0.0042053447105], [4.97354012623e-05, -0.000555777456611, 0.000967861269601, -0.0011392304441, -2.06469630939e-05, 0.00254413927905, -0.00534624932334, 0.00626705680043, -0.00898314453661, -0.0129217943177, 0.0309998821467, -0.00741059659049, -0.00693207001314], [-0.000221951282583, 0.000608060217928, -0.00110365764704, 0.00200630049221, -0.000164806100656, -0.00456127570942, 0.00819272361696, -0.0042632818222, 0.00220884964801, -0.00491920812055, -0.00741059659049, 0.0274546053261, -0.012127995491], [0.000212924627704, 0.000232773949392, 0.000694928981829, -0.00183482293505, 0.000742078293115, 0.00282164732926, -0.00651439791545, 0.0011453863699, -0.00117069354746, 0.0042053447105, -0.00693207001314, -0.012127995491, 0.0238083470613]]}, "melbands": {"dmean": [0.00501195713878, 0.00348893343471, 0.00236712140031, 0.000745586061385, 0.000228488235734, 0.000117174597108, 8.95972916624e-05, 8.01696805866e-05, 4.43511016783e-05, 3.37431847584e-05, 2.47286134254e-05, 2.38134944084e-05, 1.05788931251e-05, 1.41561858982e-05, 1.86490615306e-05, 1.38410032378e-05, 1.58465045388e-05, 1.14328377094e-05, 5.87186104894e-06, 4.83042140331e-06, 4.22570064984e-06, 7.02035140421e-06, 5.38725180377e-06, 4.42210921392e-06, 4.90020465804e-06, 4.11027167502e-06, 4.69004226034e-06, 3.35656159223e-06, 3.05841194859e-06, 3.03701949633e-06, 4.57155783806e-06, 3.94847256757e-06, 3.67213442587e-06, 3.65779715139e-06, 3.55463953383e-06, 3.55164274879e-06, 3.42877569892e-06, 3.21411903315e-06, 3.67523125533e-06, 3.95472443415e-06], "dmean2": [0.0059974710457, 0.00469350814819, 0.00402915710583, 0.00132817775011, 0.000424483441748, 0.000221502705244, 0.000168169121025, 0.000145648489706, 8.16302417661e-05, 6.18216945441e-05, 4.48499558843e-05, 4.08070736739e-05, 1.77443198481e-05, 2.44929160544e-05, 3.38970930898e-05, 2.49357326538e-05, 2.87197653961e-05, 2.05350024771e-05, 9.9358630905e-06, 8.41602104629e-06, 7.17040666132e-06, 1.25426440718e-05, 9.65907656791e-06, 7.645831829e-06, 8.68762435857e-06, 7.1384288276e-06, 8.19811157271e-06, 5.46864430362e-06, 5.09717710884e-06, 4.95478207085e-06, 7.51480592953e-06, 5.75287776883e-06, 5.55312453798e-06, 5.69728445043e-06, 5.32785952601e-06, 5.65592654311e-06, 5.25418045072e-06, 4.70329723612e-06, 5.64154970562e-06, 6.41164160697e-06], "dvar": [8.66513801157e-05, 8.35689133964e-05, 6.57867276459e-05, 8.59560168465e-06, 1.14383715299e-06, 4.09363025256e-07, 1.89481923485e-07, 1.23109145989e-07, 6.14833481904e-08, 2.95589597243e-08, 1.70279896849e-08, 1.01111883311e-08, 1.26656851673e-09, 3.80268705413e-09, 6.25728668879e-09, 2.52329357409e-09, 5.78576964116e-09, 3.07187231208e-09, 3.33977429046e-10, 2.34572333779e-10, 1.35640151888e-10, 9.5383523302e-10, 3.13258141649e-10, 3.03479880115e-10, 4.40299768867e-10, 1.78784917426e-10, 3.25670795887e-10, 5.98502775118e-11, 5.46527025025e-11, 5.68083635688e-11, 1.19328241732e-10, 7.53897430594e-11, 6.53712639576e-11, 5.82887488276e-11, 5.8166686745e-11, 5.67946106811e-11, 4.88723193859e-11, 4.12908700287e-11, 6.60611496062e-11, 9.19924830756e-11], "dvar2": [0.000131230495754, 0.000171452207724, 0.00017156881222, 2.34049621213e-05, 3.29404974764e-06, 1.20415450056e-06, 5.49627600321e-07, 3.40137376043e-07, 1.78125389994e-07, 8.61484821257e-08, 4.92546838871e-08, 2.83578227567e-08, 3.46302275744e-09, 1.0876948231e-08, 1.81857657822e-08, 7.34523419865e-09, 1.69302030173e-08, 8.97649243825e-09, 8.80101991285e-10, 6.53640086501e-10, 3.72967157158e-10, 2.78377054741e-09, 9.1791935164e-10, 8.41467173718e-10, 1.27416066587e-09, 5.22521248492e-10, 9.54887724447e-10, 1.53968254812e-10, 1.46576251137e-10, 1.59931318189e-10, 3.16840914616e-10, 1.5729237357e-10, 1.62320518138e-10, 1.4027179418e-10, 1.39396993948e-10, 1.50136986177e-10, 1.159784907e-10, 9.01363428341e-11, 1.54161641785e-10, 2.33057545485e-10], "max": [0.130613565445, 0.104306153953, 0.109369844198, 0.0459516569972, 0.0165990516543, 0.0135361840948, 0.00717338500544, 0.00543084740639, 0.00479706656188, 0.00310907163657, 0.00237380806357, 0.00153950590175, 0.000771248014644, 0.00131014420185, 0.0014486721484, 0.000781641108915, 0.00159903836902, 0.00106663315091, 0.000324423454003, 0.000371353467926, 0.000275709753623, 0.000872267934028, 0.000305386405671, 0.000379133562092, 0.000426407990744, 0.00027946580667, 0.000438415096141, 0.000130117419758, 0.000164653349202, 0.000148515275214, 0.000162119205925, 0.000158299619216, 0.000152734501171, 0.000129743100842, 0.000161739211762, 9.15456184885e-05, 8.95391276572e-05, 7.23081029719e-05, 7.93364961282e-05, 8.52568628034e-05], "mean": [0.0106160705909, 0.00462847109884, 0.00178552686702, 0.000521739537362, 0.000146398655488, 7.46935256757e-05, 5.74551449972e-05, 5.44400754734e-05, 3.08197886625e-05, 2.54005262832e-05, 1.89620786841e-05, 2.18180630327e-05, 1.17671343105e-05, 1.32165159812e-05, 1.65344936249e-05, 1.3070030036e-05, 1.36763101182e-05, 1.0997575373e-05, 7.16495378583e-06, 5.46971659787e-06, 4.88255454911e-06, 7.00102873452e-06, 5.92670994592e-06, 4.99211864735e-06, 5.1410247579e-06, 4.46385547548e-06, 5.54368489247e-06, 4.8254369176e-06, 4.19873686042e-06, 4.41179963673e-06, 5.93107097302e-06, 5.98536416874e-06, 5.49560490981e-06, 5.10113704877e-06, 5.1717961469e-06, 4.91898663313e-06, 4.96289612784e-06, 4.51996447737e-06, 4.42912232756e-06, 4.31280932389e-06], "median": [0.000127411840367, 8.8492553914e-05, 1.3352330825e-05, 1.13140013127e-05, 6.18408921582e-06, 3.67185293726e-06, 3.01664704239e-06, 2.94229539577e-06, 2.67449172497e-06, 2.32257616517e-06, 1.498152983e-06, 1.78582365606e-06, 2.07799962482e-06, 1.49730431076e-06, 1.63166987477e-06, 1.53829375904e-06, 1.48670142153e-06, 1.32922968987e-06, 1.31558135763e-06, 1.12637383154e-06, 1.18924083381e-06, 1.19301364521e-06, 1.00752265553e-06, 1.07454889076e-06, 1.07158268747e-06, 8.07520450508e-07, 9.35890852816e-07, 9.49186528487e-07, 6.6407687882e-07, 6.40359985482e-07, 6.21172716819e-07, 6.44215504053e-07, 7.65276695347e-07, 7.80703317105e-07, 8.20122238565e-07, 7.98040389327e-07, 6.22383311111e-07, 5.56709778721e-07, 5.35418166692e-07, 5.05153252561e-07], "min": [2.97273278561e-24, 6.08247769426e-24, 7.2198806188e-24, 6.96699390069e-24, 1.40189615315e-24, 3.6612987042e-24, 2.6403385518e-24, 3.66489393778e-24, 6.10555463675e-24, 3.82346641821e-24, 4.83288415506e-24, 7.77446166809e-24, 5.8127420905e-24, 3.34295664692e-24, 5.47865791942e-24, 6.3382390215e-24, 6.68781365975e-24, 7.38493083056e-24, 7.24696458026e-24, 8.94500108938e-24, 7.63633133472e-24, 6.10817759926e-24, 1.03297777776e-23, 7.41877375225e-24, 7.05653276888e-24, 7.73021682649e-24, 7.21128124607e-24, 7.00592418637e-24, 8.69278884735e-24, 7.75542803216e-24, 8.56622400372e-24, 1.07857591023e-23, 1.21924393025e-23, 8.85809228346e-24, 8.18205347604e-24, 7.80581494476e-24, 8.2735763294e-24, 8.29743779406e-24, 6.68042992168e-24, 7.17779962267e-24], "var": [0.000316806923365, 0.00012926729687, 5.24297865923e-05, 5.82294660489e-06, 6.50931553992e-07, 2.19594525674e-07, 1.05872793199e-07, 7.80997950756e-08, 3.45767716681e-08, 1.72255205655e-08, 1.02549417846e-08, 8.47570280627e-09, 1.14033071874e-09, 2.64481414547e-09, 4.28930846397e-09, 1.84970472272e-09, 3.66123997786e-09, 2.27962182464e-09, 4.03162808693e-10, 2.15221881983e-10, 1.32191160795e-10, 6.55672516281e-10, 2.83992412919e-10, 2.40354708358e-10, 2.99482633137e-10, 1.41281333854e-10, 2.494978113e-10, 8.52075146551e-11, 7.7186951275e-11, 9.19064616078e-11, 1.7346800385e-10, 1.74851078061e-10, 1.22153315241e-10, 1.05843327158e-10, 1.1094453134e-10, 9.52122061748e-11, 1.00262687042e-10, 7.85586665164e-11, 8.62527202439e-11, 9.29517435244e-11]}, "mfcc": {"mean": [-734.12109375, 54.1472167969, 25.1724414825, 20.3179454803, 15.6499633789, 15.9487657547, 9.32759284973, 8.05789661407, 3.10831260681, 5.06037378311, 3.7768676281, 2.93225932121, 2.01924347878], "cov": [[11852.3574219, -1146.03747559, -241.13104248, -58.7579269409, -259.166656494, -82.301361084, -189.847717285, -293.364257812, -289.947998047, -362.734924316, -191.139022827, -100.909454346, -265.445739746], [-1146.03747559, 2434.27832031, 286.970550537, 404.519317627, 378.690856934, 296.46862793, 275.967681885, 265.307952881, 231.50769043, 170.894241333, 162.669662476, 167.591323853, 74.1846847534], [-241.13104248, 286.970550537, 1053.51074219, 543.831604004, 486.573822021, 413.177429199, 247.929077148, 233.286636353, 213.712112427, 172.526473999, 175.425674438, 136.94581604, 155.145629883], [-58.7579269409, 404.519317627, 543.831604004, 653.790771484, 483.456787109, 417.206115723, 289.491668701, 255.812744141, 237.046325684, 195.484436035, 169.967086792, 173.36151123, 131.313690186], [-259.166656494, 378.690856934, 486.573822021, 483.456787109, 507.981323242, 408.375427246, 269.716491699, 251.324157715, 214.494598389, 172.32951355, 149.877685547, 144.035980225, 126.075904846], [-82.301361084, 296.46862793, 413.177429199, 417.206115723, 408.375427246, 440.128387451, 296.643829346, 261.532562256, 223.224685669, 181.894882202, 156.65272522, 145.861190796, 127.588516235], [-189.847717285, 275.967681885, 247.929077148, 289.491668701, 269.716491699, 296.643829346, 313.574249268, 242.328369141, 217.468231201, 183.4790802, 147.663040161, 128.138839722, 103.968559265], [-293.364257812, 265.307952881, 233.286636353, 255.812744141, 251.324157715, 261.532562256, 242.328369141, 262.773040771, 210.590454102, 169.44241333, 134.55039978, 120.789375305, 113.554389954], [-289.947998047, 231.50769043, 213.712112427, 237.046325684, 214.494598389, 223.224685669, 217.468231201, 210.590454102, 217.79776001, 174.383224487, 132.027862549, 114.005950928, 102.687911987], [-362.734924316, 170.894241333, 172.526473999, 195.484436035, 172.32951355, 181.894882202, 183.4790802, 169.44241333, 174.383224487, 183.693115234, 139.247772217, 113.261062622, 94.0019989014], [-191.139022827, 162.669662476, 175.425674438, 169.967086792, 149.877685547, 156.65272522, 147.663040161, 134.55039978, 132.027862549, 139.247772217, 149.404144287, 116.518600464, 90.8098526001], [-100.909454346, 167.591323853, 136.94581604, 173.36151123, 144.035980225, 145.861190796, 128.138839722, 120.789375305, 114.005950928, 113.261062622, 116.518600464, 138.124938965, 101.909561157], [-265.445739746, 74.1846847534, 155.145629883, 131.313690186, 126.075904846, 127.588516235, 103.968559265, 113.554389954, 102.687911987, 94.0019989014, 90.8098526001, 101.909561157, 129.74420166]], "icov": [[0.000109292996058, 6.07638066867e-05, 3.7643712858e-06, -9.04351400095e-05, 0.000164870943991, -0.000184364223969, -4.52412787126e-05, 4.23315104854e-05, -0.000149972402141, 0.000547091301996, -0.000123235484352, -0.000367558415746, 0.00039346338599], [6.07638066867e-05, 0.000545666494872, 2.51193050644e-05, -9.50872417889e-05, -0.000271197408438, 0.000217570603127, -0.000110707100248, -0.000291543634376, -0.000417985080276, 0.000742862874176, -0.000232271049754, -0.000828418356832, 0.000877836893778], [3.7643712858e-06, 2.51193050644e-05, 0.00209556031041, -0.00106595014222, -0.000900772516616, -0.000483046402223, 0.000471255887533, 0.000503434159327, -0.000404681661166, 0.000898268772289, -0.00216328166425, 0.00242277840152, -0.00162098673172], [-9.04351400095e-05, -9.50872417889e-05, -0.00106595014222, 0.00655980268493, -0.00399344880134, -0.000779290799983, -0.000269302807283, 0.00131066318136, -0.00161501113325, -0.000976222101599, 0.00193465931807, -0.00401339307427, 0.00200420222245], [0.000164870943991, -0.000271197408438, -0.000900772516616, -0.00399344880134, 0.0120080858469, -0.0067324526608, 0.00120314687956, -0.00199273810722, 0.000713344139513, 0.000704496866092, 0.000378155149519, 0.000192022736883, -0.000147279104567], [-0.000184364223969, 0.000217570603127, -0.000483046402223, -0.000779290799983, -0.0067324526608, 0.0146448845044, -0.00578208966181, -0.00252222665586, 0.000986610772088, 0.00045714477892, -0.000328384514432, 8.50313954288e-05, -0.00110285519622], [-4.52412787126e-05, -0.000110707100248, 0.000471255887533, -0.000269302807283, 0.00120314687956, -0.00578208966181, 0.0166560579091, -0.00583902513608, -0.00446929596364, -0.0024694991298, -0.00152666063514, -0.000614030694123, 0.00283732521348], [4.23315104854e-05, -0.000291543634376, 0.000503434159327, 0.00131066318136, -0.00199273810722, -0.00252222665586, -0.00583902513608, 0.0237308610231, -0.0138291362673, 0.00154973764438, -8.70739895618e-05, 0.000999991083518, -0.00425120024011], [-0.000149972402141, -0.000417985080276, -0.000404681661166, -0.00161501113325, 0.000713344139513, 0.000986610772088, -0.00446929596364, -0.0138291362673, 0.0376123301685, -0.020617607981, 0.00389054394327, 0.00226603099145, -0.00326179573312], [0.000547091301996, 0.000742862874176, 0.000898268772289, -0.000976222101599, 0.000704496866092, 0.00045714477892, -0.0024694991298, 0.00154973764438, -0.020617607981, 0.0401591658592, -0.0196226555854, -0.00139171117917, 0.00214624940418], [-0.000123235484352, -0.000232271049754, -0.00216328166425, 0.00193465931807, 0.000378155149519, -0.000328384514432, -0.00152666063514, -8.70739895618e-05, 0.00389054394327, -0.0196226555854, 0.0362526401877, -0.0169990360737, 0.000880607869476], [-0.000367558415746, -0.000828418356832, 0.00242277840152, -0.00401339307427, 0.000192022736883, 8.50313954288e-05, -0.000614030694123, 0.000999991083518, 0.00226603099145, -0.00139171117917, -0.0169990360737, 0.0362835712731, -0.0171536467969], [0.00039346338599, 0.000877836893778, -0.00162098673172, 0.00200420222245, -0.000147279104567, -0.00110285519622, 0.00283732521348, -0.00425120024011, -0.00326179573312, 0.00214624940418, 0.000880607869476, -0.0171536467969, 0.0244790036231]]}, "spectral_contrast_coeffs": {"dmean": [0.0652322843671, 0.0467959791422, 0.0353872589767, 0.0267480090261, 0.0201500263065, 0.0156633052975], "dmean2": [0.0992070361972, 0.0768195092678, 0.057474244386, 0.0438961721957, 0.0325178802013, 0.0244403462857], "dvar": [0.00420007202774, 0.00169379147701, 0.000992315588519, 0.00063019891968, 0.000349512964021, 0.000215070118429], "dvar2": [0.00952042452991, 0.0044595063664, 0.00230002822354, 0.00150730181485, 0.000789123994764, 0.000494443171192], "max": [-0.269691646099, -0.513884186745, -0.512372136116, -0.552966892719, -0.630560576916, -0.701004326344], "mean": [-0.636888444424, -0.796815752983, -0.823972940445, -0.833566606045, -0.831246554852, -0.81343883276], "median": [-0.647311329842, -0.801630496979, -0.834397256374, -0.839715480804, -0.833199977875, -0.816919088364], "min": [-0.967319071293, -0.979623317719, -0.967156946659, -0.968613266945, -0.961343288422, -0.961673915386], "var": [0.0119923455641, 0.0037648009602, 0.00379433436319, 0.00201267376542, 0.00125999492593, 0.000953888520598]}, "spectral_contrast_valleys": {"dmean": [0.618691265583, 0.630772233009, 0.530792713165, 0.49169164896, 0.469737321138, 0.509948015213], "dmean2": [0.848268151283, 0.959925532341, 0.810420632362, 0.726096689701, 0.666944384575, 0.64410597086], "dvar": [0.437647938728, 0.618189811707, 0.455788910389, 0.418813318014, 0.392809808254, 0.500094473362], "dvar2": [0.622553110123, 1.28721964359, 0.900825798512, 0.81203263998, 0.713316500187, 0.841330885887], "max": [-5.11035060883, -3.66434049606, -4.73423099518, -5.17895650864, -5.20538759232, -7.06165933609], "mean": [-8.