{"lowlevel": {"average_loudness": 0.956715643406, "barkbands_crest": {"dmean": 3.83493828773, "dmean2": 6.00445222855, "dvar": 12.3967761993, "dvar2": 26.93060112, "max": 26.4794006348, "mean": 14.0139169693, "median": 12.9322910309, "min": 2.48820853233, "var": 41.1079788208}, "barkbands_flatness_db": {"dmean": 0.050527382642, "dmean2": 0.0724644139409, "dvar": 0.00346362101845, "dvar2": 0.00696250284091, "max": 0.665561556816, "mean": 0.194325551391, "median": 0.177956238389, "min": 0.016871156171, "var": 0.0103646349162}, "barkbands_kurtosis": {"dmean": 19.2744178772, "dmean2": 30.6105899811, "dvar": 4095.65234375, "dvar2": 10322.6445312, "max": 1624.89978027, "mean": 26.2141704559, "median": 6.32645225525, "min": -1.87571561337, "var": 7343.23291016}, "barkbands_skewness": {"dmean": 1.28725779057, "dmean2": 1.9338350296, "dvar": 2.85009431839, "dvar2": 6.62232637405, "max": 34.9418373108, "mean": 2.89484190941, "median": 2.11033320427, "min": -3.7420861721, "var": 8.41787815094}, "barkbands_spread": {"dmean": 6.49111938477, "dmean2": 9.95091152191, "dvar": 71.7927856445, "dvar2": 159.922393799, "max": 118.261734009, "mean": 14.2227668762, "median": 11.1225814819, "min": 0.0757883414626, "var": 160.725646973}, "dissonance": {"dmean": 0.0325855948031, "dmean2": 0.053691547364, "dvar": 0.00114725437015, "dvar2": 0.00297761545517, "max": 0.500000059605, "mean": 0.438145339489, "median": 0.451514989138, "min": 0.190256908536, "var": 0.00268215709366}, "dynamic_complexity": 3.24981570244, "erbbands_crest": {"dmean": 3.01904129982, "dmean2": 4.97917556763, "dvar": 9.524766922, "dvar2": 23.5379829407, "max": 28.7345943451, "mean": 9.01801681519, "median": 7.88146400452, "min": 2.19247603416, "var": 18.7917461395}, "erbbands_flatness_db": {"dmean": 0.0311242062598, "dmean2": 0.0450332760811, "dvar": 0.00117472652346, "dvar2": 0.00229312106967, "max": 0.423133224249, "mean": 0.159668684006, "median": 0.150312274694, "min": 0.0289051346481, "var": 0.00391218112782}, "erbbands_kurtosis": {"dmean": 2.26448655128, "dmean2": 3.67043566704, "dvar": 24.0667514801, "dvar2": 63.6633987427, "max": 139.0728302, "mean": 2.40241980553, "median": 1.15678596497, "min": -1.82974326611, "var": 29.6970558167}, "erbbands_skewness": {"dmean": 0.554912209511, "dmean2": 0.848400592804, "dvar": 0.35044747591, "dvar2": 0.801486372948, "max": 9.99907207489, "mean": 0.699904084206, "median": 0.648271143436, "min": -3.47369837761, "var": 1.17138719559}, "erbbands_spread": {"dmean": 11.6577539444, "dmean2": 17.5225257874, "dvar": 156.863037109, "dvar2": 349.850524902, "max": 160.052642822, "mean": 34.3570899963, "median": 29.1347770691, "min": 1.64927577972, "var": 488.88067627}, "hfc": {"dmean": 11.136548996, "dmean2": 16.2947273254, "dvar": 378.525939941, "dvar2": 722.622070312, "max": 728.546325684, "mean": 20.4027442932, "median": 13.2464733124, "min": 7.33018923338e-11, "var": 719.008666992}, "melbands_crest": {"dmean": 4.13741064072, "dmean2": 6.41921663284, "dvar": 15.7934923172, "dvar2": 34.7760925293, "max": 37.2831687927, "mean": 18.2009620667, "median": 16.8463611603, "min": 3.14984369278, "var": 72.8065490723}, "melbands_flatness_db": {"dmean": 0.0584264621139, "dmean2": 0.0830750390887, "dvar": 0.00468481983989, "dvar2": 0.00931647885591, "max": 0.829583287239, "mean": 0.288783013821, "median": 0.267298340797, "min": 0.0152552025393, "var": 0.0151280295104}, "melbands_kurtosis": {"dmean": 28.7955493927, "dmean2": 44.5166320801, "dvar": 4490.81445312, "dvar2": 10107.9121094, "max": 1709.15100098, "mean": 42.8053970337, "median": 12.5885457993, "min": -1.52720069885, "var": 9753.41113281}, "melbands_skewness": {"dmean": 1.53157353401, "dmean2": 2.30614256859, "dvar": 3.30992770195, "dvar2": 7.57154846191, "max": 30.8619480133, "mean": 3.80755996704, "median": 2.71710085869, "min": -3.18215322495, "var": 11.1577329636}, "melbands_spread": {"dmean": 6.290766716, "dmean2": 9.73950099945, "dvar": 84.5861663818, "dvar2": 188.787384033, "max": 225.074935913, "mean": 13.160399437, "median": 10.3843946457, "min": 0.0929831042886, "var": 177.623901367}, "pitch_salience": {"dmean": 0.114324696362, "dmean2": 0.181051000953, "dvar": 0.0124551653862, "dvar2": 0.0281136017293, "max": 0.948683142662, "mean": 0.449851930141, "median": 0.473597377539, "min": 0.0153331048787, "var": 0.0374532267451}, "silence_rate_20dB": {"dmean": 0, "dmean2": 0, "dvar": 0, "dvar2": 0, "max": 1, "mean": 1, "median": 1, "min": 1, "var": 0}, "silence_rate_30dB": {"dmean": 0.0608766227961, "dmean2": 0.121769718826, "dvar": 0.0571658052504, "dvar2": 0.125346541405, "max": 1, "mean": 0.937373161316, "median": 1, "min": 0, "var": 0.0587105080485}, "silence_rate_60dB": {"dmean": 0.0110930735245, "dmean2": 0.0220538489521, "dvar": 0.010969161056, "dvar2": 0.0253574755043, "max": 1, "mean": 0.0282699856907, "median": 0, "min": 0, "var": 0.0274724978954}, "spectral_centroid": {"dmean": 282.196777344, "dmean2": 437.857299805, "dvar": 127538.867188, "dvar2": 287636.875, "max": 4869.72119141, "mean": 946.288513184, "median": 746.338928223, "min": 66.7406768799, "var": 389808.875}, "spectral_complexity": {"dmean": 5.42884206772, "dmean2": 8.06643199921, "dvar": 44.701007843, "dvar2": 82.0876922607, "max": 59, "mean": 15.2364397049, "median": 13, "min": 0, "var": 107.416122437}, "spectral_decrease": {"dmean": 4.82457229722e-09, "dmean2": 7.55931761631e-09, "dvar": 3.02068260993e-17, "dvar2": 6.5796586283e-17, "max": -2.9112249064e-24, "mean": -1.14870033485e-08, "median": -9.41071576221e-09, "min": -6.86397854111e-08, "var": 7.31323614448e-17}, "spectral_energy": {"dmean": 0.0189079083502, "dmean2": 0.0294983889908, "dvar": 0.000449565937743, "dvar2": 0.000979382894002, "max": 0.261177062988, "mean": 0.0452052429318, "median": 0.0370362587273, "min": 6.65968558647e-15, "var": 0.00110235111788}, "spectral_energyband_high": {"dmean": 0.000611543480773, "dmean2": 0.000874761783052, "dvar": 4.10200664192e-06, "dvar2": 6.73332442602e-06, "max": 0.0932906642556, "mean": 0.000747849757317, "median": 0.000176273271791, "min": 4.76373912986e-15, "var": 7.22664253772e-06}, "spectral_energyband_low": {"dmean": 0.0143306562677, "dmean2": 0.0227974634618, "dvar": 0.000415943883127, "dvar2": 0.000917845696677, "max": 0.24764829874, "mean": 0.0260366089642, "median": 0.015664504841, "min": 1.03157819923e-16, "var": 0.000882007414475}, "spectral_energyband_middle_high": {"dmean": 0.00292682019062, "dmean2": 0.00462637655437, "dvar": 1.77882266144e-05, "dvar2": 4.52012718597e-05, "max": 0.0615419968963, "mean": 0.00488384719938, "median": 0.00258977944031, "min": 9.57702354615e-16, "var": 4.12055997003e-05}, "spectral_energyband_middle_low": {"dmean": 0.00793440733105, "dmean2": 0.0125207705423, "dvar": 0.000125786202261, "dvar2": 0.000295762525639, "max": 0.127519935369, "mean": 0.014776006341, "median": 0.00905222352594, "min": 1.37998316599e-16, "var": 0.000264203466941}, "spectral_entropy": {"dmean": 0.330504655838, "dmean2": 0.479692161083, "dvar": 0.163479030132, "dvar2": 0.334547013044, "max": 8.82733917236, "mean": 7.30699539185, "median": 7.36577892303, "min": 4.19234085083, "var": 0.431918859482}, "spectral_flux": {"dmean": 0.0408969260752, "dmean2": 0.0621297806501, "dvar": 0.00150595849846, "dvar2": 0.00298051978461, "max": 0.419967234135, "mean": 0.112190283835, "median": 0.101627744734, "min": 2.77538902083e-06, "var": 0.00398382265121}, "spectral_kurtosis": {"dmean": 4.11864042282, "dmean2": 6.42811346054, "dvar": 60.0241088867, "dvar2": 137.870727539, "max": 117.709251404, "mean": 8.85482406616, "median": 5.4867811203, "min": -0.508588552475, "var": 109.95489502}, "spectral_rms": {"dmean": 0.0013604745036, "dmean2": 0.00210063229315, "dvar": 1.63500567396e-06, "dvar2": 3.59562659469e-06, "max": 0.0159626714885, "mean": 0.00619769794866, "median": 0.00601106788963, "min": 2.54897125629e-09, "var": 5.69109079152e-06}, "spectral_rolloff": {"dmean": 360.50302124, "dmean2": 608.306884766, "dvar": 550342.0625, "dvar2": 1310913.75, "max": 18798.4863281, "mean": 750.29083252, "median": 624.462890625, "min": 43.06640625, "var": 1007628.0625}, "spectral_skewness": {"dmean": 0.440033167601, "dmean2": 0.661593079567, "dvar": 0.353861361742, "dvar2": 0.761413753033, "max": 8.94271659851, "mean": 2.15334701538, "median": 1.94715845585, "min": -0.0646570399404, "var": 0.943397641182}, "spectral_spread": {"dmean": 873183.3125, "dmean2": 1204315.875, "dvar": 944636952576, "dvar2": 1678180876290.0, "max": 16214026, "mean": 4666582.5, "median": 4643402, "min": 658216.625, "var": 3793193271300.0}, "spectral_strongpeak": {"dmean": 0.441676259041, "dmean2": 0.763864994049, "dvar": 0.56431055069, "dvar2": 1.54530358315, "max": 9.89575767517, "mean": 0.712208032608, "median": 0.453306823969, "min": 0, "var": 0.726736903191}, "zerocrossingrate": {"dmean": 0.0116759464145, "dmean2": 0.0133805312216, "dvar": 0.000165795965586, "dvar2": 0.000199775575311, "max": 0.5029296875, "mean": 0.0394134037197, "median": 0.033203125, "min": 0.001953125, "var": 0.00099936267361}, "barkbands": {"dmean": [0.00030306368717, 0.0128535171971, 0.00405223481357, 0.00152304500807, 0.00245262333192, 0.00221927464008, 0.00178788194899, 0.000948316359427, 0.00123624084517, 0.000932764436584, 0.000946986896452, 0.000489934056532, 0.000395954732085, 0.000415181042627, 0.000250873359619, 0.0001806813234, 0.000179938506335, 0.000157771675731, 0.000115297116281, 8.21715584607e-05, 8.4353305283e-05, 9.25260901568e-05, 0.000110160581244, 0.000164946512086, 7.00979799149e-05, 5.24898314325e-05, 3.07928530674e-05], "dmean2": [0.000277711689705, 0.0204279795289, 0.00690521905199, 0.00275452574715, 0.00385971437208, 0.00363236200064, 0.00297686946578, 0.00153503927868, 0.00188318802975, 0.00139504473191, 0.00159438000992, 0.000818395405076, 0.000654467381537, 0.000660930760205, 0.000400815275498, 0.000289572984912, 0.000287767121335, 0.000254498125287, 0.000190414852113, 0.000129060834297, 0.000122418932733, 0.000137480470585, 0.000162145952345, 0.000251236109762, 0.000101406847534, 7.70824262872e-05, 4.68189718958e-05], "dvar": [1.84784113344e-07, 0.000368072709534, 8.93756441656e-05, 1.53302971739e-05, 1.86245088116e-05, 1.50359110194e-05, 1.93966916413e-05, 3.32260947289e-06, 3.29353815687e-06, 2.56821408584e-06, 5.29761837242e-06, 1.2072816844e-06, 7.84558721989e-07, 1.32923162255e-06, 2.16771567807e-07, 1.22531190527e-07, 1.12536056918e-07, 8.35367117702e-08, 4.71221177634e-08, 3.99378450311e-08, 6.98724562653e-08, 1.31851791707e-07, 1.98476016067e-07, 7.09125458798e-07, 6.01365854891e-08, 1.33404229885e-08, 4.56862769838e-09], "dvar2": [1.68079907326e-07, 0.000860798871145, 0.000236910258536, 4.31529806519e-05, 4.38020797446e-05, 3.73478615074e-05, 5.10337013111e-05, 8.21458434075e-06, 7.24520214135e-06, 5.02022339788e-06, 1.43263960126e-05, 3.33965840582e-06, 2.13140924643e-06, 3.13310147249e-06, 5.22354184795e-07, 2.94656530286e-07, 2.92376199695e-07, 1.98511045824e-07, 1.19466292858e-07, 9.8652485292e-08, 1.1853416737e-07, 2.25445234037e-07, 3.04895962699e-07, 1.40950942296e-06, 1.35377092647e-07, 2.835908397e-08, 1.06890958307e-08], "max": [0.00571877043694, 0.219264030457, 0.10690844059, 0.0529311001301, 0.0478905141354, 0.0853187069297, 0.0852267816663, 0.0287917256355, 0.0200969092548, 0.0571805797517, 0.0286097340286, 0.0238078385592, 0.0120742060244, 0.0271194148809, 0.00759115209803, 0.00368018331937, 0.00418877322227, 0.00501902820542, 0.00369569705799, 0.00656655617058, 0.0130048738793, 0.0184369217604, 0.0221906770021, 0.0387449413538, 0.0102364094928, 0.00159171957057, 0.000862706801854], "mean": [0.000802183116321, 0.0205454491079, 0.00389267806895, 0.00132780522108, 0.00315734394826, 0.00414774240926, 0.00205419817939, 0.00117036735173, 0.00201405305415, 0.00159671483561, 0.00107853428926, 0.000608920119703, 0.000421172444476, 0.000536572188139, 0.000298189959722, 0.000209527730476, 0.000209414807614, 0.00019392320246, 0.000140202508192, 0.000102526639239, 0.000106216713903, 0.000110349224997, 0.00013407721417, 0.000170598548721, 8.34682068671e-05, 6.17453988525e-05, 3.12047886837e-05], "median": [0.000159357514349, 0.0107630547136, 0.000945617211983, 0.000347145367414, 0.00108883786015, 0.00174914044328, 0.000689903565217, 0.000410558131989, 0.000697916082572, 0.000390926550608, 0.000351799448254, 0.000145232334035, 0.000126817496493, 9.91490960587e-05, 9.50737812673e-05, 4.26394763053e-05, 6.42229206278e-05, 4.75185188407e-05, 4.99712441524e-05, 2.97633232549e-05, 2.34814415307e-05, 1.9945204258e-05, 2.56670027738e-05, 2.1743690013e-05, 1.40618312798e-05, 6.66663254378e-06, 2.08581900552e-06], "min": [5.07221559877e-17, 5.54198271829e-17, 1.7679463581e-17, 9.37026227433e-18, 2.74910366383e-17, 3.3364035531e-17, 3.58696152373e-17, 1.46094274053e-17, 1.09344905912e-17, 2.47348609111e-17, 9.96896898425e-18, 4.83128468698e-17, 1.36414497337e-16, 1.02102383783e-16, 1.12235531576e-16, 4.32728453237e-17, 6.05784795161e-17, 1.59571729605e-16, 2.20183064735e-16, 8.93163023306e-17, 3.94925908814e-16, 2.56344807077e-16, 3.39726862754e-16, 6.3407261187e-16, 7.16381926789e-16, 1.00092263427e-15, 1.59713303221e-15], "var": [1.53861992658e-06, 0.000673160771839, 7.56606532377e-05, 1.02094763861e-05, 2.83403060166e-05, 3.76332500309e-05, 1.78386399057e-05, 4.25954658567e-06, 7.38741800888e-06, 1.2792634152e-05, 5.77992659601e-06, 2.24801920012e-06, 7.53108793106e-07, 2.87121019937e-06, 3.18793013321e-07, 1.54797817231e-07, 1.32416175802e-07, 1.35171049465e-07, 6.03447318781e-08, 5.05232229386e-08, 1.18270122584e-07, 2.24673669891e-07, 3.49649354803e-07, 9.03894658677e-07, 7.16430861303e-08, 2.12518997955e-08, 5.06851050019e-09]}, "erbbands": {"dmean": [0.366228848696, 3.0298166275, 4.91608524323, 4.89591503143, 4.69913864136, 10.1741275787, 16.8579959869, 19.1474170685, 21.0723953247, 23.1623630524, 24.9232273102, 29.3379936218, 30.1352138519, 36.043094635, 25.7731819153, 21.5959682465, 17.7845535278, 22.2963657379, 12.3154916763, 12.9522275925, 9.0597448349, 10.24559021, 8.73811435699, 6.89659309387, 4.85771274567, 3.81653165817, 3.71643447876, 3.1401154995, 3.30736899376, 3.02235126495, 3.31586885452, 4.27292871475, 2.09027671814, 0.925302267075, 0.435261577368, 0.251951217651, 0.0829999297857, 0.0292988289148, 0.00522010121495, 0.000308072543703], "dmean2": [0.571364462376, 4.83613204956, 7.98027944565, 8.50150966644, 8.07305431366, 15.7973489761, 27.3420639038, 31.7990875244, 34.9014892578, 38.7606239319, 39.4747810364, 44.889175415, 44.1592941284, 59.2027244568, 42.7628898621, 35.1160888672, 29.1336231232, 35.3794441223, 19.4533748627, 20.7293262482, 14.3385362625, 16.3277282715, 14.2147789001, 11.2104043961, 8.04984760284, 6.09725570679, 5.51813554764, 4.55205583572, 4.92558765411, 4.58325338364, 4.90431451797, 6.6041097641, 3.04271578789, 1.34464490414, 0.6444054842, 0.381267756224, 0.121996864676, 0.0451770015061, 0.00802729185671, 0.000450709136203], "dvar": [0.298119485378, 23.3217906952, 114.790107727, 137.996551514, 86.7233734131, 399.053863525, 978.338867188, 1023.85766602, 2701.05810547, 3316.92919922, 2122.11621094, 1931.23376465, 3509.86938477, 5389.29541016, 2218.14038086, 2657.88208008, 1329.51757812, 3915.89575195, 485.237792969, 567.907348633, 281.500183105, 379.304901123, 241.896713257, 147.307342529, 116.191169739, 79.3135681152, 113.600135803, 91.8593597412, 174.677017212, 115.097236633, 213.61541748, 374.442138672, 138.415359497, 20.4549274445, 1.36353349686, 0.28089043498, 0.0362674109638, 0.0041724764742, 0.000151157481014, 4.07302394478e-07], "dvar2": [0.63549721241, 54.5763244629, 289.474731445, 377.484130859, 228.816299438, 865.055358887, 2486.85693359, 2587.45605469, 6875.37646484, 9090.39941406, 5194.09082031, 4212.32666016, 6501.66796875, 14585.7695312, 5974.30712891, 7150.49658203, 3602.57836914, 9219.46972656, 1185.0949707, 1402.10571289, 680.34753418, 984.907775879, 583.659606934, 369.570739746, 304.128265381, 189.033676147, 180.449523926, 152.85357666, 336.645477295, 177.254867554, 346.723449707, 746.624572754, 264.770446777, 47.0511245728, 3.13029766083, 0.558087229729, 0.0802361667156, 0.00988184660673, 0.000362071878044, 9.32510374696e-07], "max": [5.88449382782, 57.8595237732, 115.458152771, 170.788497925, 114.382827759, 201.710220337, 812.757385254, 600.181640625, 762.467102051, 1544.31030273, 648.352111816, 501.336669922, 2205.61352539, 857.842895508, 628.254455566, 1206.14831543, 472.578399658, 1472.7833252, 432.61239624, 300.885192871, 157.447647095, 247.528503418, 181.145370483, 236.789413452, 161.833129883, 304.064331055, 495.640014648, 470.252807617, 648.41607666, 474.827850342, 739.92779541, 845.233886719, 545.307312012, 199.462463379, 44.3252677917, 9.20703601837, 2.80216693878, 0.789497315884, 0.17499768734, 0.00797036569566], "mean": [0.690148770809, 4.12509489059, 5.29513454437, 4.80459165573, 5.11780261993, 12.3731689453, 26.4787311554, 33.8112945557, 27.3298625946, 27.8087921143, 33.2637557983, 46.0451698303, 58.4694824219, 46.421459198, 33.2492141724, 27.4183387756, 20.6833457947, 29.7325839996, 15.694311142, 14.6259794235, 11.3790283203, 11.9300756454, 10.6364717484, 9.09084320068, 6.00518512726, 4.81410646439, 4.63708591461, 3.83861899376, 3.83335351944, 3.67631793022, 4.03925800323, 4.18705606461, 2.36662387848, 1.06313788891, 0.515059232712, 0.293695181608, 0.100368082523, 0.0299329198897, 0.00516499485821, 0.000369824381778], "median": [0.282024860382, 2.11516094208, 1.77669930458, 1.44438052177, 1.44928812981, 3.67451643944, 10.9801616669, 15.2755146027, 9.79835987091, 9.86499023438, 13.2015171051, 16.7640342712, 17.1662006378, 15.2174568176, 12.548576355, 7.31278419495, 7.50461959839, 6.09730195999, 5.43912887573, 3.71014499664, 3.01612305641, 3.61090040207, 2.93582653999, 2.85135984421, 1.98966491222, 1.45887565613, 1.04801142216, 0.817557036877, 0.655091404915, 0.727274358273, 0.753190040588, 0.5437515378, 0.307486146688, 0.170156881213, 0.0878707617521, 0.0331186279655, 0.0111488867551, 0.0026411653962, 0.000337352859788, 8.16503597889e-05], "min": [2.35165653498e-15, 9.90502710234e-15, 2.07518091524e-14, 2.80000106895e-14, 4.51402492317e-14, 1.02242636558e-13, 1.92102030897e-13, 2.97023012739e-13, 4.64582419844e-13, 5.13013242998e-13, 2.31707150211e-13, 2.34850713095e-13, 6.18267860953e-13, 7.5460991622e-13, 4.35064988593e-13, 2.6873731105e-12, 6.30309476488e-12, 4.66629729648e-12, 6.15335039866e-12, 5.45174192249e-12, 1.32752120928e-12, 3.78979876994e-12, 7.58299933262e-12, 1.38025988208e-11, 6.87041742942e-12, 4.33735903096e-12, 1.48379138837e-11, 1.17951022213e-11, 7.33806591879e-12, 1.60875930633e-11, 7.85024562716e-12, 1.3340037408e-11, 9.35080225056e-12, 6.87676001213e-12, 6.19491047002e-12, 3.97236583904e-12, 2.04697001537e-12, 8.60646731833e-13, 2.18558393497e-13, 2.24256292654e-14], "var": [0.809274971485, 34.3236541748, 112.20475769, 104.470809937, 93.6847076416, 584.59375, 1863.7121582, 2213.29467773, 2601.51269531, 3115.29174805, 2919.43652344, 3970.47558594, 18775.5410156, 6704.45996094, 2963.12109375, 4731.79541016, 1441.64941406, 8601.74707031, 771.469482422, 702.853149414, 399.1769104, 443.827362061, 328.384490967, 283.370117188, 131.967376709, 106.077423096, 209.96321106, 162.529144287, 262.161468506, 217.264373779, 351.821563721, 491.449676514, 181.316513062, 21.7399406433, 1.7954518795, 0.463705569506, 0.059893976897, 0.00508434418589, 0.000156160633196, 4.90773288675e-07]}, "gfcc": {"mean": [-20.4666614532, 103.811882019, -85.8308334351, 18.3247680664, -44.7971191406, 16.0395526886, -23.2818050385, 12.912021637, -11.4395999908, 3.77090096474, -5.45171308517, 4.27734041214, -4.39531183243], "cov": [[14461.0615234, -1554.6673584, -232.637878418, -743.061035156, -1523.64733887, 104.009986877, -642.758361816, -15.7221384048, -453.330505371, -48.2303123474, -251.771743774, 211.90222168, -255.460998535], [-1554.6673584, 2374.05102539, 172.550811768, -225.704116821, 262.876434326, -180.570663452, 203.6068573, -76.5658798218, 119.525054932, -2.93974065781, 204.022171021, -20.5740680695, 178.315109253], [-232.637878418, 172.550811768, 1221.93212891, 189.123931885, -21.3633041382, 122.613800049, 36.3823928833, -69.2801513672, 18.1628322601, 97.1787033081, -87.7557144165, 8.76585578918, 4.05331134796], [-743.061035156, -225.704116821, 189.123931885, 781.817016602, 347.30291748, 113.60018158, 64.9021606445, 37.934803009, 75.3769073486, -3.79969501495, -5.75891065598, -34.8268051147, -17.7726154327], [-1523.64733887, 262.876434326, -21.3633041382, 347.30291748, 761.111206055, 93.7843017578, 163.125061035, 64.7816314697, 94.2227630615, 2.48283433914, 34.730594635, -37.3296470642, 28.8844490051], [104.009986877, -180.570663452, 122.613800049, 113.60018158, 93.7843017578, 309.778717041, 106.966316223, 36.4166374207, 20.5842685699, 11.7234926224, 4.35291385651, -0.0980464741588, -9.89125823975], [-642.758361816, 203.6068573, 36.3823928833, 64.9021606445, 163.125061035, 106.966316223, 281.515075684, 58.246257782, 51.8471984863, 23.5284290314, 36.7653999329, 6.47352647781, 42.1711425781], [-15.7221384048, -76.5658798218, -69.2801513672, 37.934803009, 64.7816314697, 36.4166374207, 58.246257782, 122.478126526, 41.8475227356, 5.06402826309, 22.5119228363, 3.86360549927, 0.176822900772], [-453.330505371, 119.525054932, 18.1628322601, 75.3769073486, 94.2227630615, 20.5842685699, 51.8471984863, 41.8475227356, 121.339271545, 42.6676597595, 38.4263343811, 3.6778819561, 24.3028182983], [-48.2303123474, -2.93974065781, 97.1787033081, -3.79969501495, 2.48283433914, 11.7234926224, 23.5284290314, 5.06402826309, 42.6676597595, 114.538299561, 40.9679222107, 27.8324966431, 17.9599094391], [-251.771743774, 204.022171021, -87.7557144165, -5.75891065598, 34.730594635, 4.35291385651, 36.7653999329, 22.5119228363, 38.4263343811, 40.9679222107, 144.866409302, 20.9733905792, 34.7534294128], [211.90222168, -20.5740680695, 8.76585578918, -34.8268051147, -37.3296470642, -0.0980464741588, 6.47352647781, 3.86360549927, 3.6778819561, 27.8324966431, 20.9733905792, 89.0202407837, 24.5921325684], [-255.460998535, 178.315109253, 4.05331134796, -17.7726154327, 28.8844490051, -9.89125823975, 42.1711425781, 0.176822900772, 24.3028182983, 17.9599094391, 34.7534294128, 24.5921325684, 80.7047042847]], "icov": [[0.000115225331683, -4.0927912778e-05, 5.57700113859e-05, -1.32798959385e-05, 0.000181591589353, -0.000191367318621, 0.000213884020923, -0.000246718118433, 0.000323919171933, -0.00016924769443, 0.000194132284378, -0.000282700260868, 0.000192434774362], [-4.0927912778e-05, 0.000938190030865, -0.000426318583777, 0.000517875945661, -0.000434031448094, 0.000795532192569, -0.000700304692145, 0.00105206575245, -0.00100838451181, 0.00132253218908, -0.00149681756739, 0.000637532793917, -0.000990889617242], [5.57700113859e-05, -0.000426318583777, 0.00133010721765, -0.000545582966879, 0.000422648474341, -0.000803509145044, 0.000235383864492, 0.000163561722729, 0.000507582968567, -0.00187139236368, 0.00171615520958, -0.000313061318593, 0.000178406349733], [-1.32798959385e-05, 0.000517875945661, -0.000545582966879, 0.00211122073233, -0.000983967096545, 0.000102965779661, -0.000160364739713, 0.000480413465993, -0.00133573717903, 0.0012520001037, -0.00089511211263, 0.00044917766354, 0.000125788195874], [0.000181591589353, -0.000434031448094, 0.000422648474341, -0.000983967096545, 0.00242222682573, -0.000684929953422, -0.000172057349118, -0.000902109430172, 0.000203269213671, -0.000651658221614, 0.000856850412674, 6.44913088763e-05, 0.000132064698846], [-0.000191367318621, 0.000795532192569, -0.000803509145044, 0.000102965779661, -0.000684929953422, 0.00503490725532, -0.00233401241712, 0.000533993472345, -0.000977846561, 0.00136776128784, -0.00170030561276, 0.000544009322766, 0.00033673553844], [0.000213884020923, -0.000700304692145, 0.000235383864492, -0.000160364739713, -0.000172057349118, -0.00233401241712, 0.00617056153715, -0.00279310974292, 0.000865507230628, -0.00135842699092, 0.00107666593976, -0.000608904694673, -0.00150193390436], [-0.000246718118433, 0.00105206575245, 0.000163561722729, 0.000480413465993, -0.000902109430172, 0.000533993472345, -0.00279310974292, 0.0124207697809, -0.00500089256093, 0.0023475214839, -0.00235200999305, 0.000100341174402, 0.000778487825301], [0.000323919171933, -0.00100838451181, 0.000507582968567, -0.00133573717903, 0.000203269213671, -0.000977846561, 0.000865507230628, -0.00500089256093, 0.0145573373884, -0.00575777422637, 0.000820931512862, -1.49378020069e-05, -0.00115154008381], [-0.00016924769443, 0.00132253218908, -0.00187139236368, 0.0012520001037, -0.000651658221614, 0.00136776128784, -0.00135842699092, 0.0023475214839, -0.00575777422637, 0.0150239821523, -0.00543124834076, -0.00188443844672, -0.000679097662214], [0.000194132284378, -0.00149681756739, 0.00171615520958, -0.00089511211263, 0.000856850412674, -0.00170030561276, 0.00107666593976, -0.00235200999305, 0.000820931512862, -0.00543124834076, 0.0121482079849, -0.00182703405153, -0.00114726601169], [-0.000282700260868, 0.000637532793917, -0.000313061318593, 0.00044917766354, 6.44913088763e-05, 0.000544009322766, -0.000608904694673, 0.000100341174402, -1.49378020069e-05, -0.00188443844672, -0.00182703405153, 0.014760970138, -0.00511458003893], [0.000192434774362, -0.000990889617242, 0.000178406349733, 0.000125788195874, 0.000132064698846, 0.00033673553844, -0.00150193390436, 0.000778487825301, -0.00115154008381, -0.000679097662214, -0.00114726601169, -0.00511458003893, 0.0185356158763]]}, "melbands": {"dmean": [0.00346969929524, 0.00285430881195, 0.00081564928405, 0.000491101876833, 0.000565820431802, 0.000405723520089, 0.000346588494722, 0.000227701326367, 0.000208744735573, 0.000186630160897, 0.000147792277858, 0.000142118267831, 0.000106343730295, 5.46877090528e-05, 6.08526679571e-05, 3.02520020341e-05, 4.55364570371e-05, 1.95410339074e-05, 2.05293417821e-05, 1.43674533319e-05, 1.0005207514e-05, 1.05738072307e-05, 9.67062624113e-06, 7.56631152399e-06, 5.62828608963e-06, 3.98905331167e-06, 3.05739740725e-06, 2.52419818025e-06, 2.39690029957e-06, 2.14361421058e-06, 1.78941877493e-06, 1.96001747099e-06, 1.75780974132e-06, 1.6617422034e-06, 1.81018424428e-06, 2.40659414885e-06, 2.7209127893e-06, 1.63085712757e-06, 1.01427144727e-06, 7.03986302142e-07], "dmean2": [0.00551923364401, 0.00446259276941, 0.00140588055365, 0.000767953577451, 0.000898072088603, 0.000671195506584, 0.000572918565013, 0.000377949036192, 0.000330642098561, 0.000284736393951, 0.000216601620195, 0.000233550628764, 0.000177542417077, 8.9741377451e-05, 0.00010071539873, 4.87606084789e-05, 7.23077100702e-05, 3.11271251121e-05, 3.27943162119e-05, 2.30262357945e-05, 1.59742103278e-05, 1.69202958205e-05, 1.61350799317e-05, 1.22365263451e-05, 9.21409809962e-06, 6.76242007103e-06, 4.87164606966e-06, 4.09552603742e-06, 3.6805745367e-06, 3.15930128636e-06, 2.63485776486e-06, 3.00816054732e-06, 2.61400555246e-06, 2.57003216575e-06, 2.67947575594e-06, 3.75076274395e-06, 4.2231072257e-06, 2.37906033362e-06, 1.4475590433e-06, 1.05029778297e-06], "dvar": [2.55902650679e-05, 2.58739182755e-05, 3.53846166945e-06, 7.88121838013e-07, 9.54413053478e-07, 4.67410728788e-07, 7.09690823442e-07, 2.90138984838e-07, 1.39186681736e-07, 7.89744873941e-08, 8.58723794295e-08, 7.96468029307e-08, 5.49813243822e-08, 1.55383066414e-08, 3.4388019543e-08, 2.52377430066e-09, 1.95811100667e-08, 1.37493494368e-09, 1.53573909145e-09, 7.31868454729e-10, 3.46374706695e-10, 4.25176227559e-10, 3.19571896723e-10, 1.99723640404e-10, 9.96858290359e-11, 7.0654537776e-11, 3.99511083937e-11, 4.46415265865e-11, 4.58318070995e-11, 3.85201974484e-11, 3.74115044499e-11, 6.89642162821e-11, 4.32340274692e-11, 3.31517174823e-11, 5.45767112059e-11, 9.96356330774e-11, 1.93450228059e-10, 8.20159773429e-11, 2.97673760641e-11, 1.25129047748e-11], "dvar2": [5.86924070376e-05, 5.89180162933e-05, 9.57659904088e-06, 1.76692356035e-06, 2.40095323534e-06, 1.17391948606e-06, 1.81944301403e-06, 7.91389652477e-07, 3.47740353845e-07, 1.74620993221e-07, 1.5860507574e-07, 2.14745369931e-07, 1.46074384588e-07, 4.31073914342e-08, 9.81398571298e-08, 6.15981754493e-09, 4.62548115365e-08, 3.36772543186e-09, 3.69499364439e-09, 1.72833936052e-09, 8.61774596128e-10, 1.11478293263e-09, 8.00068844509e-10, 4.68952598975e-10, 2.50817894232e-10, 1.90697901914e-10, 9.69795563299e-11, 1.11651611567e-10, 7.59262444583e-11, 6.72873007312e-11, 6.40807962249e-11, 1.3995160586e-10, 7.47676226487e-11, 5.43145840803e-11, 9.03938243701e-11, 1.74624065208e-10, 4.08065747859e-10, 1.51576362573e-10, 6.58495619144e-11, 3.06766764768e-11], "max": [0.0485256798565, 0.056231405586, 0.0255135018378, 0.0132604008541, 0.0211247764528, 0.0122205726802, 0.0119095034897, 0.0138789573684, 0.00450169993564, 0.00314135034569, 0.0109725501388, 0.0031950417906, 0.00341123016551, 0.00262185512111, 0.00288303778507, 0.000442805234343, 0.00338011048734, 0.000781830342021, 0.000678029609844, 0.000306988367811, 0.000195622356841, 0.000304503540974, 0.000207015895285, 0.000347670691554, 0.000198211186216, 0.000111340290459, 8.26731047709e-05, 0.00024894089438, 0.00028892912087, 0.000294044526527, 0.000306629342958, 0.00039992199163, 0.000323925429257, 0.000251567515079, 0.000365859537851, 0.000461780873593, 0.000652012007777, 0.000404168938985, 0.000243093716563, 0.000153675908223], "mean": [0.00591870537028, 0.00381008302793, 0.000836453749798, 0.000581754895393, 0.000863494817168, 0.000743849901482, 0.000440533010988, 0.00027674305602, 0.000279534404399, 0.00029808137333, 0.000284384179395, 0.000179344657226, 0.000125575752463, 7.35188805265e-05, 6.41876686132e-05, 3.64664883818e-05, 5.96497993683e-05, 2.34962444665e-05, 2.36072082771e-05, 1.61724674399e-05, 1.23259260363e-05, 1.22764222397e-05, 1.08498234113e-05, 9.07957382879e-06, 7.26832149667e-06, 4.59560442323e-06, 3.78026538783e-06, 3.00732835967e-06, 2.86189651888e-06, 2.6789509775e-06, 2.07503012462e-06, 2.14735086956e-06, 2.17451247408e-06, 1.95114967028e-06, 2.30317095884e-06, 2.4453424885e-06, 2.64362529379e-06, 1.82829364803e-06, 1.16483226975e-06, 7.89578336935e-07], "median": [0.00288115581498, 0.00173901813105, 0.000247062649578, 0.000160287469043, 0.000362561870134, 0.00032694361289, 0.000158602080774, 9.96060916805e-05, 0.000101085293863, 0.000104745806311, 8.16475367174e-05, 5.10108438903e-05, 4.34279463661e-05, 2.27398722927e-05, 1.34289166454e-05, 1.43959150591e-05, 9.84807775239e-06, 7.85295378591e-06, 6.37796028968e-06, 3.41677196047e-06, 3.24756911141e-06, 3.61946217708e-06, 3.09528786602e-06, 2.19045455196e-06, 2.25258918363e-06, 1.53712687734e-06, 1.1370144648e-06, 8.54717256971e-07, 5.90646266119e-07, 5.84144459026e-07, 3.75109607376e-07, 3.40052451975e-07, 4.08734280199e-07, 3.71073269889e-07, 4.48349851467e-07, 3.46295166764e-07, 2.86776014491e-07, 2.1117550375e-07, 1.62471962994e-07, 1.29645144398e-07], "min": [2.06412515931e-17, 1.1832774822e-17, 5.25387653812e-18, 5.08016157845e-18, 6.48173351323e-18, 6.70779783873e-18, 7.24930418212e-18, 5.21357671227e-18, 1.53528402644e-18, 1.61171075875e-18, 3.18026398942e-18, 3.19250336735e-18, 1.21905184428e-18, 3.51092220146e-18, 1.28849469068e-17, 1.21253949268e-17, 8.4163931607e-18, 1.02888008496e-17, 8.29054507513e-18, 5.3543339012e-18, 6.45480154646e-19, 3.14198889491e-18, 5.84635457803e-18, 7.88617948704e-18, 1.21344153314e-17, 6.65765084128e-18, 3.31630831681e-18, 2.3298673122e-18, 8.39190282431e-18, 9.60121110136e-18, 5.78173564217e-18, 2.12464752454e-18, 8.35696519677e-18, 8.9456878367e-18, 2.80754116169e-18, 8.53317121086e-18, 7.49369634846e-18, 4.74856182808e-18, 8.96403470269e-18, 4.34607890307e-18], "var": [5.44793474546e-05, 3.51789713022e-05, 2.83665053757e-06, 1.19007825106e-06, 1.77359902409e-06, 1.08742176508e-06, 6.84100086801e-07, 2.86239952629e-07, 1.9149597108e-07, 1.63455268876e-07, 4.58283665239e-07, 1.02004428015e-07, 6.50282885317e-08, 2.97804145788e-08, 3.73467479164e-08, 3.180696595e-09, 4.22078763052e-08, 2.00997485322e-09, 2.23439644564e-09, 9.27041499121e-10, 4.66167271451e-10, 4.84989548521e-10, 3.73989922364e-10, 3.25720228567e-10, 1.89766383163e-10, 7.58164642178e-11, 5.35752761599e-11, 5.1706340598e-11, 8.27983584473e-11, 6.60224097615e-11, 6.20917622873e-11, 9.44532924096e-11, 7.66116267648e-11, 5.85358012062e-11, 9.12148342969e-11, 1.51096413159e-10, 2.30203078821e-10, 1.09943582016e-10, 3.40131846299e-11, 1.17282850098e-11]}, "mfcc": {"mean": [-674.647766113, 144.372680664, 18.064743042, 16.4838104248, 7.45464086533, 6.3892250061, 4.48720645905, 11.1151638031, 2.94604039192, 7.85334587097, 3.44302964211, 3.06268405914, 2.76293468475], "cov": [[11488.5595703, -1355.08422852, -243.102355957, -947.28302002, -747.679138184, -549.268005371, -386.489746094, -151.791549683, -352.530548096, -201.229217529, -274.597167969, -90.6409072876, -276.177398682], [-1355.08422852, 2263.57421875, 56.628616333, -39.6995735168, -57.1553573608, -61.8033676147, 40.8617248535, -46.1811599731, -9.37631988525, -5.90167140961, 21.2995758057, -24.8277130127, 102.810180664], [-243.102355957, 56.628616333, 1047.97290039, 49.3345222473, -74.6957092285, 136.792877197, -48.0365066528, -62.1424942017, 19.5717201233, 24.7317905426, -50.717250824, 8.28570079803, -6.48531866074], [-947.28302002, -39.6995735168, 49.3345222473, 629.037414551, 292.586700439, 170.223495483, 74.9106369019, 65.2599029541, 87.6539230347, 20.9788589478, 54.7248458862, 33.0127601624, 49.1769142151], [-747.679138184, -57.1553573608, -74.6957092285, 292.586700439, 464.882415771, 175.303619385, 94.1397628784, 78.535774231, 60.3022422791, 39.0625724792, 68.7058334351, 12.9802341461, 17.3902778625], [-549.268005371, -61.8033676147, 136.792877197, 170.223495483, 175.303619385, 310.449584961, 129.211013794, 76.9308624268, 95.2973632812, 38.9218826294, 32.213809967, 30.0281848907, 47.8934516907], [-386.489746094, 40.8617248535, -48.0365066528, 74.9106369019, 94.1397628784, 129.211013794, 215.848907471, 97.1784210205, 60.772277832, 52.5726242065, 42.6851425171, 16.4353160858, 33.7454872131], [-151.791549683, -46.1811599731, -62.1424942017, 65.2599029541, 78.535774231, 76.9308624268, 97.1784210205, 166.268295288, 61.737953186, 40.9799690247, 27.5194797516, 1.26042425632, 23.5677108765], [-352.530548096, -9.37631988525, 19.5717201233, 87.6539230347, 60.3022422791, 95.2973632812, 60.772277832, 61.737953186, 159.02545166, 32.8936195374, 13.4220590591, 26.6374206543, 30.7574062347], [-201.229217529, -5.90167140961, 24.7317905426, 20.9788589478, 39.0625724792, 38.9218826294, 52.5726242065, 40.9799690247, 32.8936195374, 92.2969818115, 44.8577842712, 13.3418273926, 15.4095058441], [-274.597167969, 21.2995758057, -50.717250824, 54.7248458862, 68.7058334351, 32.213809967, 42.6851425171, 27.5194797516, 13.4220590591, 44.8577842712, 94.62474823, 36.5774154663, 21.4383239746], [-90.6409072876, -24.8277130127, 8.28570079803, 33.0127601624, 12.9802341461, 30.0281848907, 16.4353160858, 1.26042425632, 26.6374206543, 13.3418273926, 36.5774154663, 81.9360351562, 44.7101020813], [-276.177398682, 102.810180664, -6.48531866074, 49.1769142151, 17.3902778625, 47.8934516907, 33.7454872131, 23.5677108765, 30.7574062347, 15.4095058441, 21.4383239746, 44.7101020813, 92.1824951172]], "icov": [[0.000125442122226, 6.18666672381e-05, 2.95287536574e-05, 9.57303709583e-05, 9.02565589058e-05, 2.86581034743e-05, 6.81532546878e-05, -0.000127129314933, 0.000161315387231, 3.95166389353e-05, 0.000227872485993, -0.000199452362722, 0.00021678142366], [6.18666672381e-05, 0.000560758344363, -9.56859294092e-05, 0.000105360901216, 2.17073811655e-05, 0.000333487463649, -0.000278286432149, 0.000273950252449, -6.09673770668e-05, 0.000307668524329, -0.000366577500245, 0.000801292073447, -0.000982996542007], [2.95287536574e-05, -9.56859294092e-05, 0.00131510023493, -0.000225903073442, 0.000523172493558, -0.00119530921802, 0.000675586401485, 0.00040988161345, 0.000237496264162, -0.00120741187129, 0.00115930195898, -0.00062349968357, 0.000733829336241], [9.57303709583e-05, 0.000105360901216, -0.000225903073442, 0.00256833201274, -0.00131840491667, -0.000152639360749, 0.000108501670184, -0.000164066703292, -0.00056232442148, 0.000909739756025, -0.000549280026462, 6.24670938123e-05, -0.000753488799091], [9.02565589058e-05, 2.17073811655e-05, 0.000523172493558, -0.00131840491667, 0.0040272064507, -0.00176933070179, 0.000250032055192, -0.000432809931226, 0.000333617383149, -0.00026724053896, -0.00137330172583, 0.000443564669695, 0.0012025864562], [2.86581034743e-05, 0.000333487463649, -0.00119530921802, -0.000152639360749, -0.00176933070179, 0.00696226023138, -0.00293811946176, -0.000198195280973, -0.00182596792001, 0.00102535891347, -9.50521134655e-05, 0.000257122301264, -0.00211072084494], [6.81532546878e-05, -0.000278286432149, 0.000675586401485, 0.000108501670184, 0.000250032055192, -0.00293811946176, 0.00851537659764, -0.00296265212819, 6.92353496561e-05, -0.00226935138926, -0.000464932556497, -0.000326127425069, 0.000246286101174], [-0.000127129314933, 0.000273950252449, 0.00040988161345, -0.000164066703292, -0.000432809931226, -0.000198195280973, -0.00296265212819, 0.00991896819323, -0.00237668235786, -0.00158707704395, -0.000932592025492, 0.00313294865191, -0.00208114879206], [0.000161315387231, -6.09673770668e-05, 0.000237496264162, -0.00056232442148, 0.000333617383149, -0.00182596792001, 6.92353496561e-05, -0.00237668235786, 0.00947891082615, -0.00233123754151, 0.00288165616803, -0.00324030034244, 0.000464436598122], [3.95166389353e-05, 0.000307668524329, -0.00120741187129, 0.000909739756025, -0.00026724053896, 0.00102535891347, -0.00226935138926, -0.00158707704395, -0.00233123754151, 0.0175371132791, -0.00841406546533, 0.00248434161767, -0.00144268281292], [0.000227872485993, -0.000366577500245, 0.00115930195898, -0.000549280026462, -0.00137330172583, -9.50521134655e-05, -0.000464932556497, -0.000932592025492, 0.00288165616803, -0.00841406546533, 0.0204266663641, -0.00941383372992, 0.00244361627847], [-0.000199452362722, 0.000801292073447, -0.00062349968357, 6.24670938123e-05, 0.000443564669695, 0.000257122301264, -0.000326127425069, 0.00313294865191, -0.00324030034244, 0.00248434161767, -0.00941383372992, 0.0227882303298, -0.0106647862121], [0.00021678142366, -0.000982996542007, 0.000733829336241, -0.000753488799091, 0.0012025864562, -0.00211072084494, 0.000246286101174, -0.00208114879206, 0.000464436598122, -0.00144268281292, 0.00244361627847, -0.0106647862121, 0.0190496202558]]}, "spectral_contrast_coeffs": {"dmean": [0.0596892498434, 0.0579573698342, 0.0536102056503, 0.0346289984882, 0.0245909187943, 0.0172590278089], "dmean2": [0.0963451266289, 0.0934016108513, 0.0831367969513, 0.055128376931, 0.039051707834, 0.0264893304557], "dvar": [0.00240365276113, 0.00228308513761, 0.00226778094657, 0.000908207555767, 0.000459843809949, 0.00024433498038], "dvar2": [0.00599952694029, 0.00589081225917, 0.00506168976426, 0.00220093247481, 0.00110300828237, 0.000567150011193], "max": [-0.362716525793, -0.46083432436, -0.365446716547, -0.512822031975, -0.596787393093, -0.612691342831], "mean": [-0.6852876544, -0.722079873085, -0.743735432625, -0.799994528294, -0.811887919903, -0.796468138695], "median": [-0.695252776146, -0.7233273983, -0.755590856075, -0.81151843071, -0.817485332489, -0.797584056854], "min": [-0.965961039066, -0.978850483894, -0.956817090511, -0.977883934975, -0.955315291882, -0.931264221668], "var": [0.00614803796634, 0.00755784893408, 0.0101297097281, 0.00342830992304, 0.00187048967928, 0.00121101818513]}, "spectral_contrast_valleys": {"dmean": [0.452044546604, 0.554869771004, 0.633305072784, 0.59665709734, 0.568589091301, 0.659601330757], "dmean2": [0.723555982113, 0.847016811371, 0.949017345905, 0.86517560482, 0.770013511181, 0.80709284544], "dvar": [0.151915937662, 0.308840095997, 0.392312139273, 0.40855884552, 0.448574483395, 0.62499833107], "dvar2": [0.340480834246, 0.674154639244, 0.823397815228, 0.779857873917, 0.853864192963, 1.15282547474], "max": [-5.15235328674, -4.25484800339, -5.00521373749, -5.60457658768, -5.49