{"lowlevel": {"average_loudness": 0.234043896198, "barkbands_crest": {"dmean": 3.44767522812, "dmean2": 5.9486541748, "dvar": 7.12870168686, "dvar2": 20.7410984039, "max": 25.2358970642, "mean": 12.9211139679, "median": 12.5645284653, "min": 4.31988096237, "var": 12.3984413147}, "barkbands_flatness_db": {"dmean": 0.0281237624586, "dmean2": 0.0486709326506, "dvar": 0.000477083754959, "dvar2": 0.0014060101239, "max": 0.527460992336, "mean": 0.376912593842, "median": 0.38702839613, "min": 0.0375334732234, "var": 0.00303960358724}, "barkbands_kurtosis": {"dmean": 5.47909593582, "dmean2": 9.61103057861, "dvar": 44.8966369629, "dvar2": 131.694168091, "max": 143.42918396, "mean": 8.68984889984, "median": 6.12637042999, "min": -1.11252439022, "var": 78.546081543}, "barkbands_skewness": {"dmean": 0.619806706905, "dmean2": 1.07400918007, "dvar": 0.279638886452, "dvar2": 0.843879401684, "max": 9.92548465729, "mean": 0.356184452772, "median": 0.0911330059171, "min": -2.93558144569, "var": 1.49373042583}, "barkbands_spread": {"dmean": 0.796151936054, "dmean2": 1.37768232822, "dvar": 0.723862230778, "dvar2": 2.06023788452, "max": 34.0535240173, "mean": 2.21809840202, "median": 1.76852822304, "min": 0.241883054376, "var": 2.95947885513}, "dissonance": {"dmean": 0.0644954815507, "dmean2": 0.111717216671, "dvar": 0.00258188834414, "dvar2": 0.00764199253172, "max": 0.500000178814, "mean": 0.391157537699, "median": 0.396221965551, "min": 0.156726434827, "var": 0.00407104333863}, "dynamic_complexity": 4.22163295746, "erbbands_crest": {"dmean": 3.99931931496, "dmean2": 6.87233352661, "dvar": 9.94240379333, "dvar2": 28.1707210541, "max": 30.0432472229, "mean": 13.8423128128, "median": 13.2532110214, "min": 2.81307005882, "var": 19.4159412384}, "erbbands_flatness_db": {"dmean": 0.0249891038984, "dmean2": 0.0429225079715, "dvar": 0.000375020812498, "dvar2": 0.0010922215879, "max": 0.481647133827, "mean": 0.34765201807, "median": 0.360893309116, "min": 0.0679963082075, "var": 0.0038936981}, "erbbands_kurtosis": {"dmean": 7.53126192093, "dmean2": 12.9425449371, "dvar": 66.7743377686, "dvar2": 185.892776489, "max": 175.148529053, "mean": 16.0120658875, "median": 13.4239883423, "min": -1.53949081898, "var": 150.228317261}, "erbbands_skewness": {"dmean": 0.683878302574, "dmean2": 1.17205893993, "dvar": 0.313347101212, "dvar2": 0.895657598972, "max": 9.23929405212, "mean": 2.18187236786, "median": 2.02350449562, "min": -0.511308312416, "var": 0.986007809639}, "erbbands_spread": {"dmean": 2.08179998398, "dmean2": 3.58856630325, "dvar": 10.9392375946, "dvar2": 32.1852989197, "max": 93.690032959, "mean": 7.88878250122, "median": 3.96417927742, "min": 0.791476130486, "var": 190.414077759}, "hfc": {"dmean": 2.85760378838, "dmean2": 4.92326784134, "dvar": 13.4343004227, "dvar2": 38.3771820068, "max": 69.0116271973, "mean": 6.62154197693, "median": 5.25074911118, "min": 1.11820366318e-16, "var": 34.8949928284}, "melbands_crest": {"dmean": 4.10794210434, "dmean2": 7.06039381027, "dvar": 10.4272108078, "dvar2": 30.062746048, "max": 36.4987640381, "mean": 15.522854805, "median": 14.6363010406, "min": 2.63311672211, "var": 22.5411701202}, "melbands_flatness_db": {"dmean": 0.0290687587112, "dmean2": 0.0504410900176, "dvar": 0.000506880576722, "dvar2": 0.00148904812522, "max": 0.670593082905, "mean": 0.50095385313, "median": 0.512873709202, "min": 0.00568645633757, "var": 0.00360613805242}, "melbands_kurtosis": {"dmean": 4.84696006775, "dmean2": 8.48306465149, "dvar": 79.9421310425, "dvar2": 244.652023315, "max": 295.735046387, "mean": 8.67276859283, "median": 4.49501037598, "min": -1.05768871307, "var": 219.657424927}, "melbands_skewness": {"dmean": 0.600846886635, "dmean2": 1.03599357605, "dvar": 0.305029898882, "dvar2": 0.912460684776, "max": 13.6925315857, "mean": 0.87662166357, "median": 0.583131313324, "min": -1.68662214279, "var": 1.83214509487}, "melbands_spread": {"dmean": 0.855387032032, "dmean2": 1.4686934948, "dvar": 1.19849956036, "dvar2": 2.27923893929, "max": 118.369041443, "mean": 2.61931991577, "median": 2.35166311264, "min": 0.461044192314, "var": 2.26479816437}, "pitch_salience": {"dmean": 0.0920400992036, "dmean2": 0.158688127995, "dvar": 0.00543058849871, "dvar2": 0.0156008265913, "max": 0.916371524334, "mean": 0.666484057903, "median": 0.689180314541, "min": 0.0920789092779, "var": 0.0125384386629}, "silence_rate_20dB": {"dmean": 0, "dmean2": 0, "dvar": 0, "dvar2": 0, "max": 1, "mean": 1, "median": 1, "min": 1, "var": 0}, "silence_rate_30dB": {"dmean": 0.00710377283394, "dmean2": 0.014208227396, "dvar": 0.00705248489976, "dvar2": 0.0179453454912, "max": 1, "mean": 0.992224633694, "median": 1, "min": 0, "var": 0.00771508691832}, "silence_rate_60dB": {"dmean": 0.00902371108532, "dmean2": 0.0180002879351, "dvar": 0.00893813744187, "dvar2": 0.0238299742341, "max": 1, "mean": 0.0859131291509, "median": 0, "min": 0, "var": 0.0784808322787}, "spectral_centroid": {"dmean": 33.3141975403, "dmean2": 57.1974639893, "dvar": 7093.60644531, "dvar2": 12531.6591797, "max": 10564.7128906, "mean": 315.929046631, "median": 284.18661499, "min": 158.301040649, "var": 23308.3320312}, "spectral_complexity": {"dmean": 1.1904579401, "dmean2": 2.08232140541, "dvar": 1.1225771904, "dvar2": 3.15599155426, "max": 14, "mean": 5.95435571671, "median": 6, "min": 0, "var": 4.6463599205}, "spectral_decrease": {"dmean": 2.92169444194e-09, "dmean2": 5.03756059089e-09, "dvar": 1.34969265568e-17, "dvar2": 3.85049365683e-17, "max": -6.61410204109e-29, "mean": -6.90626755784e-09, "median": -5.56279555752e-09, "min": -6.56570406932e-08, "var": 3.58923858652e-17}, "spectral_energy": {"dmean": 0.0112792160362, "dmean2": 0.0194467939436, "dvar": 0.000201224072953, "dvar2": 0.000574108154979, "max": 0.254064023495, "mean": 0.0266664568335, "median": 0.0214798934758, "min": 1.0392079254e-20, "var": 0.000535280269105}, "spectral_energyband_high": {"dmean": 2.58793619423e-07, "dmean2": 4.47347758836e-07, "dvar": 4.03803306439e-14, "dvar2": 1.18823069331e-13, "max": 3.38969925906e-06, "mean": 1.78013124241e-06, "median": 1.76190997081e-06, "min": 7.49278778103e-21, "var": 7.66200525335e-14}, "spectral_energyband_low": {"dmean": 0.00289256428368, "dmean2": 0.00502928253263, "dvar": 1.96388500626e-05, "dvar2": 5.67239221709e-05, "max": 0.208111003041, "mean": 0.00481268204749, "median": 0.00329068349674, "min": 4.03839070409e-23, "var": 3.30021393893e-05}, "spectral_energyband_middle_high": {"dmean": 1.99520454771e-05, "dmean2": 3.40972583217e-05, "dvar": 1.00329344832e-09, "dvar2": 2.83618883934e-09, "max": 0.00106568739284, "mean": 5.74387850065e-05, "median": 3.68133405573e-05, "min": 1.67533427241e-21, "var": 4.37573044465e-09}, "spectral_energyband_middle_low": {"dmean": 0.0107362335548, "dmean2": 0.0185326598585, "dvar": 0.000188078120118, "dvar2": 0.000536186154932, "max": 0.246694222093, "mean": 0.0229947064072, "median": 0.0176986102015, "min": 3.00617826341e-22, "var": 0.00045012566261}, "spectral_entropy": {"dmean": 0.22738558054, "dmean2": 0.390724152327, "dvar": 0.0311380662024, "dvar2": 0.0901598334312, "max": 9.79146003723, "mean": 5.51782417297, "median": 5.37245893478, "min": 4.28922605515, "var": 0.37442368269}, "spectral_flux": {"dmean": 0.0219943728298, "dmean2": 0.0368115417659, "dvar": 0.000475125678349, "dvar2": 0.00128255272284, "max": 0.378152191639, "mean": 0.0914194583893, "median": 0.0892302766442, "min": 1.01941545483e-10, "var": 0.00210040900856}, "spectral_kurtosis": {"dmean": 17.5713272095, "dmean2": 30.3045654297, "dvar": 239.655761719, "dvar2": 704.805236816, "max": 178.906967163, "mean": 47.7394142151, "median": 46.274394989, "min": -1.19431710243, "var": 757.042053223}, "spectral_rms": {"dmean": 0.000985872931778, "dmean2": 0.00168869737536, "dvar": 8.83350480763e-07, "dvar2": 2.53755865742e-06, "max": 0.0157438032329, "mean": 0.0046121366322, "median": 0.00457777176052, "min": 3.1841189841e-12, "var": 4.74441549159e-06}, "spectral_rolloff": {"dmean": 43.2613830566, "dmean2": 75.0837631226, "dvar": 18674.5878906, "dvar2": 21658.6660156, "max": 18927.6855469, "mean": 326.125579834, "median": 322.998046875, "min": 21.533203125, "var": 19895.6015625}, "spectral_skewness": {"dmean": 0.968820691109, "dmean2": 1.67413163185, "dvar": 0.634404540062, "dvar2": 1.86814022064, "max": 10.8726711273, "mean": 5.15235233307, "median": 5.26663589478, "min": 0.0129112219438, "var": 3.21594405174}, "spectral_spread": {"dmean": 350440.84375, "dmean2": 630092.625, "dvar": 147799425024, "dvar2": 333842055168, "max": 40281164, "mean": 1591770.125, "median": 1371288.25, "min": 465764.15625, "var": 730619641856}, "spectral_strongpeak": {"dmean": 0.373830199242, "dmean2": 0.635753154755, "dvar": 0.153844952583, "dvar2": 0.425015032291, "max": 4.71869182587, "mean": 0.60993629694, "median": 0.477154791355, "min": 0, "var": 0.265547662973}, "zerocrossingrate": {"dmean": 0.0013995723566, "dmean2": 0.00197759410366, "dvar": 1.13127453005e-05, "dvar2": 1.19047081171e-05, "max": 0.50244140625, "mean": 0.0131408469751, "median": 0.0126953125, "min": 0.00146484375, "var": 2.48342166742e-05}, "barkbands": {"dmean": [0.000347465538653, 0.00112521473784, 0.00148452178109, 0.00228919135407, 0.00762820150703, 0.00470592826605, 0.000730463594664, 0.000148514605826, 4.18491763412e-05, 1.80509177881e-05, 8.36326671561e-06, 4.37115886598e-06, 2.71578551292e-06, 2.11644578485e-06, 4.200545618e-07, 2.35268700521e-07, 1.58954293283e-07, 1.53221662913e-07, 1.64485570053e-07, 1.72649237129e-07, 1.70940069211e-07, 1.26081587837e-07, 5.63835946821e-08, 9.7825525458e-10, 9.46186018425e-10, 9.97003590797e-10, 3.06879566203e-09], "dmean2": [0.000617038400378, 0.0019619835075, 0.00262846681289, 0.00397682422772, 0.0132374055684, 0.00813186168671, 0.00127508479636, 0.000257357169176, 7.23921475583e-05, 3.12005613523e-05, 1.42820090332e-05, 7.55670680519e-06, 4.68424650535e-06, 3.61884349331e-06, 7.26118344119e-07, 4.12698341279e-07, 2.76738688854e-07, 2.6505972528e-07, 2.83830246417e-07, 2.98221010553e-07, 2.95699692288e-07, 2.16692043864e-07, 9.75837650685e-08, 1.79673231848e-09, 1.73570779971e-09, 1.81269987909e-09, 5.33366595334e-09], "dvar": [9.41011649047e-07, 7.18339606465e-06, 4.57483474747e-06, 1.04343253042e-05, 0.000106253501144, 4.54977052868e-05, 1.21165282962e-06, 3.78016196123e-08, 3.5282810007e-09, 8.60758464505e-10, 2.68518846047e-10, 5.53640709666e-11, 3.53963143518e-11, 2.57723425934e-11, 4.06678163367e-13, 7.67995828608e-14, 1.94660521019e-14, 1.66578193974e-14, 1.87190927093e-14, 1.91160309831e-14, 1.80275140248e-14, 9.81371525656e-15, 1.9213849736e-15, 2.57237040482e-18, 2.38634534327e-18, 2.23897132982e-18, 6.19144026751e-18], "dvar2": [2.4881585432e-06, 2.06233326026e-05, 1.37705983434e-05, 2.9435776014e-05, 0.000302890170133, 0.000129333871882, 3.46397496287e-06, 1.08583293468e-07, 1.00008055171e-08, 2.46743780963e-09, 7.54121431967e-10, 1.60580979069e-10, 1.01076737258e-10, 7.13626657767e-11, 1.19220789924e-12, 2.32973796505e-13, 5.78060209834e-14, 4.89216448656e-14, 5.54240897968e-14, 5.63142062279e-14, 5.3473803212e-14, 2.88818312799e-14, 5.73033416575e-15, 8.08360764692e-18, 7.51031937005e-18, 7.04856729978e-18, 1.8608159107e-17], "max": [0.0426978394389, 0.158105477691, 0.0489753484726, 0.0630045607686, 0.180178433657, 0.149436488748, 0.0358026362956, 0.0034402529709, 0.00108992937021, 0.00090728874784, 0.000715599802788, 0.000201884235139, 0.000119208132674, 8.00500783953e-05, 2.03704730666e-05, 6.03632179264e-06, 3.22148844134e-06, 1.70245084519e-06, 1.89488105207e-06, 1.8094058305e-06, 1.75621130438e-06, 1.22475921671e-06, 5.14736996138e-07, 2.30484662467e-08, 2.23708838121e-08, 2.30654304545e-08, 4.54810127337e-08], "mean": [0.000372817536118, 0.00149199937005, 0.00175362371374, 0.00271960510872, 0.0119092315435, 0.00693469541147, 0.00111539685167, 0.000231862970395, 7.10609892849e-05, 3.08043199766e-05, 1.42806475196e-05, 7.80114623922e-06, 5.37548339707e-06, 3.13144528263e-06, 8.82356232523e-07, 5.34403682195e-07, 4.13017573919e-07, 4.4043704861e-07, 5.2099704817e-07, 5.99949487423e-07, 6.80677203491e-07, 5.33540912784e-07, 2.11060694255e-07, 1.16067133682e-09, 1.238195102e-09, 2.30384911148e-09, 2.20268514539e-08], "median": [0.000160411174875, 0.000812095822766, 0.000975551898591, 0.00144985294901, 0.00784274563193, 0.00422162888572, 0.00071098288754, 0.000166036305018, 4.80174239783e-05, 1.72543441295e-05, 6.92853973305e-06, 3.24102961713e-06, 1.20856248031e-06, 7.77305615429e-07, 5.26580834048e-07, 4.25196475362e-07, 3.75656981078e-07, 4.14200087562e-07, 4.9475357855e-07, 5.74799400965e-07, 6.64372294068e-07, 5.22479638221e-07, 2.06042983564e-07, 6.39732489205e-10, 7.40141337108e-10, 1.88400761658e-09, 2.17794475788e-08], "min": [1.81020117025e-23, 2.36831757857e-23, 1.15059575544e-23, 1.06483868643e-23, 3.57277659884e-23, 4.30844398213e-23, 8.1838481346e-23, 3.61841409547e-23, 7.76529242224e-23, 4.63633717283e-23, 4.28069059331e-23, 6.18849137025e-23, 1.22012131712e-22, 1.30031792649e-22, 3.48055604534e-22, 1.13626843212e-22, 1.50402995877e-22, 3.08961829016e-22, 2.05904485e-22, 3.32654994936e-22, 4.70489921981e-22, 5.25213695225e-22, 7.97932982336e-22, 6.25625464822e-22, 1.20982879014e-21, 1.68188436752e-21, 2.21986539153e-21], "var": [1.15730142625e-06, 9.58298642217e-06, 5.23624794369e-06, 1.35099844556e-05, 0.000174041546416, 6.99436714058e-05, 1.93645496438e-06, 5.77236214383e-08, 6.66400401528e-09, 1.79150749791e-09, 5.75227254718e-10, 1.20761095568e-10, 9.42679614924e-11, 3.60699074775e-11, 9.18249309055e-13, 1.48939061496e-13, 3.87904091443e-14, 2.92355048048e-14, 3.39814812303e-14, 3.50560916016e-14, 2.88964781736e-14, 1.42500655644e-14, 2.6880743047e-15, 2.11681929402e-18, 1.97861478446e-18, 1.96389551905e-18, 8.65826077181e-18]}, "erbbands": {"dmean": [0.0391718484461, 0.257272154093, 1.33546197414, 4.69732761383, 14.0948991776, 29.8318405151, 54.9656219482, 29.5576572418, 12.9916934967, 6.55020809174, 2.44970488548, 0.954336941242, 0.669399082661, 0.377919197083, 0.277540445328, 0.181033954024, 0.128654509783, 0.128793805838, 0.0267442557961, 0.0149574344978, 0.00969167426229, 0.00841974653304, 0.0078854765743, 0.00805197190493, 0.00833183154464, 0.0082383453846, 0.00749940611422, 0.00698893051594, 0.00518426019698, 0.00269036064856, 0.00144400214776, 6.3132669311e-05, 1.67835387401e-05, 1.20441745821e-05, 8.56633323565e-06, 5.89705314269e-06, 3.43683973369e-06, 1.08885637928e-06, 5.1405704653e-06, 1.23754680317e-05], "dmean2": [0.0682278871536, 0.452042460442, 2.35546922684, 8.18460559845, 24.5160255432, 52.2090835571, 94.996673584, 51.2897491455, 22.5957546234, 11.4155406952, 4.22215843201, 1.65432918072, 1.15534675121, 0.650757312775, 0.474115073681, 0.31375426054, 0.22309166193, 0.22152222693, 0.0460414402187, 0.0262012090534, 0.0168803744018, 0.0146299432963, 0.0136239882559, 0.0139093138278, 0.0144177088514, 0.0142251830548, 0.0129699725658, 0.0120906513184, 0.00894482061267, 0.00465150689706, 0.00250138808042, 0.00011025108688, 2.99117418763e-05, 2.1098934667e-05, 1.47089558595e-05, 9.9549006336e-06, 5.76864249524e-06, 1.88915021226e-06, 8.84482142283e-06, 2.13338989852e-05], "dvar": [0.0165251139551, 0.262869477272, 3.83880496025, 42.2311248779, 410.96295166, 1817.6751709, 6790.18212891, 1882.1036377, 382.931640625, 77.596824646, 9.86636829376, 1.87926661968, 1.1082867384, 0.590218007565, 0.244140461087, 0.10121435672, 0.0753676220775, 0.0948596447706, 0.00190315989312, 0.000351042399416, 0.000104511622339, 5.57579114684e-05, 4.56321613456e-05, 4.67011996079e-05, 4.86297794851e-05, 4.47247693955e-05, 3.63407343684e-05, 3.10738359985e-05, 1.68409587786e-05, 4.45421210316e-06, 1.31971194151e-06, 2.88231616352e-09, 6.140518094e-10, 2.92269597413e-10, 1.29468116783e-10, 5.51918753755e-11, 1.71565938539e-11, 1.1616753566e-12, 4.0760277098e-11, 2.42212083723e-10], "dvar2": [0.0436386875808, 0.800780117512, 11.6205415726, 120.370574951, 1179.13012695, 5197.08789062, 19050.515625, 5411.74902344, 1097.40881348, 224.640090942, 28.118391037, 5.4267539978, 3.21054935455, 1.67840743065, 0.682004988194, 0.296396642923, 0.217819795012, 0.262557119131, 0.00555303227156, 0.00106103438884, 0.000308688322548, 0.000166862082551, 0.000134165267809, 0.00013700585987, 0.000144014935358, 0.00013196420332, 0.000107712803583, 9.18908917811e-05, 4.95197455166e-05, 1.31034712467e-05, 3.92280207961e-06, 8.60443893913e-09, 1.86170456828e-09, 8.66022475954e-10, 3.70112607229e-10, 1.5266599096e-10, 4.69172756201e-11, 3.44817121904e-12, 1.15677786794e-10, 6.90930090919e-10], "max": [9.16651821136, 23.8467674255, 49.2249908447, 95.2269668579, 551.711853027, 675.816101074, 1650.76574707, 1006.32788086, 666.24407959, 206.774002075, 45.8367271423, 26.5953655243, 29.3918952942, 29.2852306366, 12.5508584976, 6.27746582031, 5.82396507263, 4.95007371902, 1.1387655735, 0.459468245506, 0.327365458012, 0.202769562602, 0.108754530549, 0.101255148649, 0.100274994969, 0.0928731486201, 0.0762461572886, 0.0696152448654, 0.0482497215271, 0.0255422238261, 0.0131702618673, 0.000815534032881, 0.000429199368227, 0.000312050746288, 0.000214667103137, 0.000141792275826, 8.57741906657e-05, 2.28331555263e-05, 0.000119534357509, 0.000279927247902], "mean": [0.0493510849774, 0.326617538929, 1.71915853024, 6.23704242706, 19.0208702087, 42.3320732117, 73.4220581055, 44.0459823608, 20.9429092407, 10.3439226151, 4.21149635315, 1.7329955101, 1.17083919048, 0.733124494553, 0.513261914253, 0.347379237413, 0.267039746046, 0.213967680931, 0.0627799853683, 0.0368253737688, 0.0260689202696, 0.023791719228, 0.0236762259156, 0.0254071671516, 0.0273473151028, 0.0283275339752, 0.0276603307575, 0.0267572030425, 0.0206150319427, 0.0118516618386, 0.0050000557676, 0.000215696476516, 4.04505917686e-05, 2.88880637527e-05, 2.22905673581e-05, 1.65351593751e-05, 1.17356621558e-05, 5.82830671192e-06, 1.50113801283e-05, 2.9670945878e-05], "median": [0.0230667330325, 0.183554694057, 1.02591347694, 3.7378783226, 11.6243534088, 26.5733661652, 41.2688102722, 28.0901489258, 13.7481718063, 7.31572437286, 3.11522459984, 1.21868062019, 0.716109931469, 0.387696594, 0.260708421469, 0.13211260736, 0.0658891275525, 0.0466867797077, 0.0317180491984, 0.026329593733, 0.0225278139114, 0.0216971542686, 0.0221332293004, 0.0239383690059, 0.0259529128671, 0.0270229261369, 0.0267269276083, 0.0260453876108, 0.0200927238911, 0.0116148851812, 0.00484308740124, 0.000206065087696, 3.24730899592e-05, 2.30022633332e-05, 1.80963616003e-05, 1.35924510687e-05, 1.00407933132e-05, 5.56408394914e-06, 1.2641223293e-05, 2.39551500272e-05], "min": [7.17060880842e-22, 5.20684588546e-21, 1.42454411687e-20, 2.20756023174e-20, 1.05685286725e-19, 1.06997505369e-19, 1.16069233921e-19, 4.57292119194e-19, 1.42371369862e-18, 5.84159756572e-19, 1.13000843628e-18, 1.49205784237e-18, 1.43371058991e-18, 1.25001662673e-18, 2.40075420916e-18, 2.88918057943e-18, 4.69204926222e-18, 6.79036742107e-18, 1.04040527516e-17, 1.92527594517e-17, 5.52803645316e-18, 9.86831102987e-18, 1.39194396604e-17, 1.28731810898e-17, 1.31843441023e-17, 1.43194145738e-17, 1.98524951743e-17, 1.75292608166e-17, 2.19551949089e-17, 1.95968930563e-17, 2.03303739578e-17, 1.58422391922e-17, 9.8853592223e-18, 1.27070691607e-17, 8.76479915317e-18, 5.26592028784e-18, 3.52271117955e-18, 1.23713029016e-18, 2.58873022788e-19, 3.67976206879e-20], "var": [0.0218690056354, 0.300779759884, 4.6325378418, 58.4627952576, 542.643310547, 2558.90087891, 9522.40332031, 2769.33203125, 635.993164062, 121.434692383, 16.8147392273, 3.50434136391, 2.21659064293, 1.35790133476, 0.546241402626, 0.236008808017, 0.205020666122, 0.15655490756, 0.00556190311909, 0.0009633548907, 0.000229581055464, 0.000117037146993, 8.3503080532e-05, 8.43952220748e-05, 8.67986746016e-05, 7.99944391474e-05, 5.95870042162e-05, 4.62836214865e-05, 2.4172673875e-05, 6.27363760941e-06, 1.7945185391e-06, 4.02849709147e-09, 8.64707583315e-10, 5.30582966451e-10, 3.16445147863e-10, 1.67860572664e-10, 5.70972193137e-11, 2.35315239516e-12, 1.12615285153e-10, 6.45481612604e-10]}, "gfcc": {"mean": [-202.469070435, 219.693618774, -58.1202850342, 30.1388702393, -60.3543777466, -45.461643219, -4.55484008789, -42.7254333496, -3.7841668129, -9.45914745331, -8.45333099365, 3.50475168228, -7.96582221985], "cov": [[1868.5892334, 974.462585449, 373.523956299, -616.313476562, -104.894607544, -73.380821228, -120.567497253, -173.584640503, -278.279083252, -77.0503921509, 14.1529369354, -131.486053467, 61.7645568848], [974.462585449, 574.953308105, 226.757324219, -311.637329102, -72.1488037109, -62.727596283, -48.3133430481, -86.6753845215, -135.436004639, -52.5819091797, -4.36072826385, -75.6764602661, 23.1857471466], [373.523956299, 226.757324219, 298.835205078, -14.1012077332, -49.5094146729, -119.511146545, -48.942325592, 12.2760705948, -56.1015396118, -67.6852111816, -39.8268585205, -36.8048744202, 37.7988052368], [-616.313476562, -311.637329102, -14.1012077332, 299.769866943, 47.4183769226, -12.4593019485, 38.3626174927, 88.4352874756, 105.500747681, 4.49773693085, -27.2582206726, 35.9950904846, -14.0061607361], [-104.894607544, -72.1488037109, -49.5094146729, 47.4183769226, 76.9536514282, 67.619430542, 20.6961994171, 0.938258945942, 16.8682556152, 24.928850174, 10.8443193436, 5.8904337883, -8.83835029602], [-73.380821228, -62.727596283, -119.511146545, -12.4593019485, 67.619430542, 121.700157166, 45.3384132385, -4.38682174683, 14.1226806641, 38.7698669434, 27.0230751038, 8.99507808685, -17.4697494507], [-120.567497253, -48.3133430481, -48.942325592, 38.3626174927, 20.6961994171, 45.3384132385, 63.1401786804, 40.0383796692, 32.8242874146, 9.08183383942, 2.76491761208, 16.3676834106, -4.98419713974], [-173.584640503, -86.6753845215, 12.2760705948, 88.4352874756, 0.938258945942, -4.38682174683, 40.0383796692, 82.9049682617, 53.4530410767, 0.0734306275845, -12.0874099731, 16.8245029449, 6.42069530487], [-278.279083252, -135.436004639, -56.1015396118, 105.500747681, 16.8682556152, 14.1226806641, 32.8242874146, 53.4530410767, 80.8370056152, 31.0719223022, 2.07102489471, 20.9572429657, -12.4821891785], [-77.0503921509, -52.5819091797, -67.6852111816, 4.49773693085, 24.928850174, 38.7698669434, 9.08183383942, 0.0734306275845, 31.0719223022, 53.9792327881, 32.1591644287, 11.2420740128, -10.5383272171], [14.1529369354, -4.36072826385, -39.8268585205, -27.2582206726, 10.8443193436, 27.0230751038, 2.76491761208, -12.0874099731, 2.07102489471, 32.1591644287, 42.0096817017, 22.6054344177, 3.3456017971], [-131.486053467, -75.6764602661, -36.8048744202, 35.9950904846, 5.8904337883, 8.99507808685, 16.3676834106, 16.8245029449, 20.9572429657, 11.2420740128, 22.6054344177, 46.4796981812, 21.4422130585], [61.7645568848, 23.1857471466, 37.7988052368, -14.0061607361, -8.83835029602, -17.4697494507, -4.98419713974, 6.42069530487, -12.4821891785, -10.5383272171, 3.3456017971, 21.4422130585, 42.8213043213]], "icov": [[0.0123277939856, -0.0143695706502, -0.00218214117922, 0.00760656734928, -0.00347827700898, -0.00447578821331, 0.010019492358, -0.00851911026984, 0.00719548016787, -0.000263516500127, -0.00578941917047, 0.00758649082854, -0.00700094224885], [-0.0143695706502, 0.0365026332438, -0.013824403286, 0.013864653185, -0.00396728841588, 0.014709006995, -0.0332315042615, 0.0270921010524, -0.0266354661435, 0.0126391146332, -0.00522707030177, 0.00416894024238, 0.00861870776862], [-0.00218214117922, -0.013824403286, 0.0270344372839, -0.0234527774155, 0.00229099090211, 0.00425095949322, 0.0151285370812, -0.0197579506785, 0.0178529769182, 0.00202617817558, -0.00928817037493, 0.014378271997, -0.0147426659241], [0.00760656734928, 0.013864653185, -0.0234527774155, 0.0474651046097, -0.0273846425116, 0.0158593747765, -0.0156107870862, 0.0106728272513, -0.0281014535576, 0.0143241891637, 0.00159774452914, -0.0072189043276, 0.0139727527276], [-0.00347827700898, -0.00396728841588, 0.00229099090211, -0.0273846425116, 0.0535216666758, -0.0373509041965, 0.0104833161458, 0.0037500327453, 0.0124531565234, -0.0179610531777, 0.00935075804591, 0.000509097473696, -0.00912310183048], [-0.00447578821331, 0.014709006995, 0.00425095949322, 0.0158593747765, -0.0373509041965, 0.0551934503019, -0.0363313220441, 0.0075277807191, -0.00559264980257, 0.00646227411926, -0.0162403173745, 0.0135980546474, 0.00379687477835], [0.010019492358, -0.0332315042615, 0.0151285370812, -0.0156107870862, 0.0104833161458, -0.0363313220441, 0.0784078612924, -0.0457894876599, 0.0208893939853, -0.0047787129879, 0.0153681654483, -0.0248800329864, 0.00458579184487], [-0.00851911026984, 0.0270921010524, -0.0197579506785, 0.0106728272513, 0.0037500327453, 0.0075277807191, -0.0457894876599, 0.0655076801777, -0.0486457012594, 0.0165704023093, -0.00556282140315, 0.0108325742185, -0.00784841459244], [0.00719548016787, -0.0266354661435, 0.0178529769182, -0.0281014535576, 0.0124531565234, -0.00559264980257, 0.0208893939853, -0.0486457012594, 0.101515755057, -0.0718680769205, 0.0462510548532, -0.0351616442204, 0.0150046218187], [-0.000263516500127, 0.0126391146332, 0.00202617817558, 0.0143241891637, -0.0179610531777, 0.00646227411926, -0.0047787129879, 0.0165704023093, -0.0718680769205, 0.122095607221, -0.11091607064, 0.0770083218813, -0.0284748505801], [-0.00578941917047, -0.00522707030177, -0.00928817037493, 0.00159774452914, 0.00935075804591, -0.0162403173745, 0.0153681654483, -0.00556282140315, 0.0462510548532, -0.11091607064, 0.178235858679, -0.144422575831, 0.0624072216451], [0.00758649082854, 0.00416894024238, 0.014378271997, -0.0072189043276, 0.000509097473696, 0.0135980546474, -0.0248800329864, 0.0108325742185, -0.0351616442204, 0.0770083218813, -0.144422575831, 0.181591242552, -0.0980639308691], [-0.00700094224885, 0.00861870776862, -0.0147426659241, 0.0139727527276, -0.00912310183048, 0.00379687477835, 0.00458579184487, -0.00784841459244, 0.0150046218187, -0.0284748505801, 0.0624072216451, -0.0980639308691, 0.0893390774727]]}, "melbands": {"dmean": [0.000317891215673, 0.000549298711121, 0.000935600255616, 0.00159000628628, 0.00172627926804, 0.000678935495671, 0.000183557422133, 6.12488875049e-05, 1.78783266165e-05, 5.5587429415e-06, 3.35974846166e-06, 1.63806669207e-06, 1.07922983261e-06, 5.50440461211e-07, 3.63133523251e-07, 2.75677336958e-07, 2.5281087801e-07, 4.22332355754e-08, 2.8860466017e-08, 1.87922370998e-08, 1.25623191849e-08, 1.00604564679e-08, 8.69379679358e-09, 8.02022182e-09, 7.50230100266e-09, 7.21595894149e-09, 6.8633632111e-09, 6.33151930884e-09, 5.60663648841e-09, 5.06732877881e-09, 4.77133221821e-09, 3.82953402323e-09, 2.29345586966e-09, 1.6781871448e-09, 1.24298760174e-09, 1.03875137658e-10, 1.27673991171e-11, 1.12614249523e-11, 9.9688174382e-12, 8.86328510585e-12], "dmean2": [0.000552941055503, 0.000965139653999, 0.00162818096578, 0.00275692809373, 0.00298715312965, 0.00117619358934, 0.000319240643876, 0.000106581319415, 3.078932059e-05, 9.64097944234e-06, 5.80091500524e-06, 2.81813527181e-06, 1.84148632343e-06, 9.54084498517e-07, 6.31402713225e-07, 4.66033128532e-07, 4.33030493241e-07, 7.26443687427e-08, 4.99349539496e-08, 3.31249836449e-08, 2.18764224513e-08, 1.75002821123e-08, 1.50374948049e-08, 1.39274476396e-08, 1.29689246009e-08, 1.24725145767e-08, 1.18919301073e-08, 1.09353015532e-08, 9.69014557484e-09, 8.79128592146e-09, 8.27475865606e-09, 6.61121957179e-09, 3.95859700575e-09, 2.90206703113e-09, 2.15390327796e-09, 1.80831891128e-10, 2.34368999902e-11, 2.06509757211e-11, 1.82578917263e-11, 1.62270856474e-11], "dvar": [8.1654081896e-07, 6.75871604017e-07, 1.61010234478e-06, 5.04684794578e-06, 6.31251123195e-06, 9.43407599152e-07, 7.39989403087e-08, 6.67756694384e-09, 5.29908117386e-10, 6.6283332989e-11, 2.79454185487e-11, 1.05555043872e-11, 4.02166798127e-12, 8.17719644167e-13, 5.51778945885e-13, 3.58096500586e-13, 3.70915646287e-13, 4.94629590582e-15, 1.66848158197e-15, 5.59680619788e-16, 1.88383528836e-16, 8.18589382362e-17, 5.64119112137e-17, 4.78157609525e-17, 4.16359706967e-17, 3.7100516237e-17, 3.22726203436e-17, 2.69135206413e-17, 2.07090754402e-17, 1.7156260263e-17, 1.45818458949e-17, 9.29539663863e-18, 3.27589309927e-18, 1.75898675129e-18, 9.8727087356e-19, 8.2125536596e-21, 4.32793275924e-22, 3.33650373316e-22, 2.57564675898e-22, 2.02781656044e-22], "dvar2": [2.23238794206e-06, 2.0601162305e-06, 4.63145806862e-06, 1.41702612382e-05, 1.78747104655e-05, 2.71314593192e-06, 2.11984158227e-07, 1.93544487104e-08, 1.49636780744e-09, 1.91124435722e-10, 8.09341482721e-11, 2.99155561434e-11, 1.11962583302e-11, 2.38962430572e-12, 1.61758616484e-12, 9.91372240376e-13, 1.02843265588e-12, 1.45182666887e-14, 4.91774793088e-15, 1.69014413196e-15, 5.52556331548e-16, 2.44433697424e-16, 1.64678014788e-16, 1.40716590911e-16, 1.22012409369e-16, 1.10069820531e-16, 9.53263981381e-17, 7.9460147547e-17, 6.10676278082e-17, 5.06527456081e-17, 4.29500198917e-17, 2.72885328982e-17, 9.6260877311e-18, 5.20526023839e-18, 2.93172289192e-18, 2.39713548785e-20, 1.35928695785e-21, 1.04962484754e-21, 8.10601103975e-22, 6.38616804863e-22], "max": [0.0613061189651, 0.0201713759452, 0.0319934561849, 0.0322584286332, 0.0453898310661, 0.019765926525, 0.00891160871834, 0.00198744307272, 0.000386941304896, 0.000162538257428, 0.00014608966012, 0.00011628154607, 6.73961185385e-05, 2.02788924071e-05, 1.54717890837e-05, 8.71206157171e-06, 9.29682119022e-06, 1.76416449449e-06, 1.03025467979e-06, 4.93238019317e-07, 4.56021211903e-07, 2.07475309821e-07, 1.66265138546e-07, 1.14216994973e-07, 9.28225247776e-08, 9.01485677218e-08, 6.62616699287e-08, 6.49932161423e-08, 5.23806740205e-08, 4.93311524963e-08, 4.36223821509e-08, 3.53783811136e-08, 1.9633654702e-08, 1.61702562451e-08, 1.1183326265e-08, 9.1566032534e-10, 2.97426805407e-10, 2.63418759028e-10, 2.32745753226e-10, 2.06839517736e-10], "mean": [0.000434655463323, 0.000734658737201, 0.00132951990236, 0.00225484278053, 0.002452587476, 0.00103604327887, 0.000294445635518, 9.42746555666e-05, 2.8743470466e-05, 9.5449931905e-06, 5.61713613934e-06, 2.97258588944e-06, 1.86726174434e-06, 1.00645831935e-06, 6.96459892424e-07, 5.25799634943e-07, 3.76066680019e-07, 8.67194174248e-08, 6.17840214545e-08, 3.94675758741e-08, 2.87110690778e-08, 2.46306317564e-08, 2.20081783908e-08, 2.08514450151e-08, 2.0349878227e-08, 1.99698995118e-08, 1.95193958774e-08, 1.85791950713e-08, 1.72661618336e-08, 1.62102811174e-08, 1.54108050765e-08, 1.27192008037e-08, 8.08923505957e-09, 6.07131278585e-09, 3.86281495679e-09, 1.90758520091e-10, 1.45006758337e-11, 1.36488303298e-11, 1.28386858436e-11, 1.16076852991e-11], "median": [0.000231571597396, 0.000452627486084, 0.00084975908976, 0.00139621540438, 0.00147948274389, 0.00066717347363, 0.00019303249428, 6.69225701131e-05, 2.04733241844e-05, 6.45201726002e-06, 3.33556886289e-06, 1.50148753164e-06, 8.96900587577e-07, 4.54047153653e-07, 2.00680588591e-07, 1.13192726303e-07, 8.00093076236e-08, 4.81723176904e-08, 3.86028595756e-08, 2.99082145716e-08, 2.4582945457e-08, 2.21213625196e-08, 2.01936689592e-08, 1.93963902717e-08, 1.89472917356e-08, 1.87893522963e-08, 1.83493185091e-08, 1.76014509634e-08, 1.64980118456e-08, 1.55528070422e-08, 1.48415093548e-08, 1.22988090823e-08, 7.86146525655e-09, 5.89862603206e-09, 3.72086383926e-09, 1.7038065403e-10, 7.7964353723e-12, 7.84359556472e-12, 7.7658435238e-12, 7.14586289446e-12], "min": [6.58373253521e-24, 7.29376217574e-24, 6.14661681902e-24, 8.91901206686e-24, 3.52158078827e-24, 1.05979210656e-23, 2.03041453184e-23, 6.49319891342e-24, 1.02537591965e-23, 9.76913196568e-24, 7.31488234876e-24, 5.11230736516e-24, 6.09077335554e-24, 7.37820026931e-24, 8.13603527513e-24, 1.32224825965e-23, 1.21743948981e-23, 1.43311934667e-23, 2.71334829911e-23, 1.57800816695e-23, 4.83515094687e-24, 1.09254561135e-23, 7.23978831261e-24, 1.84200457096e-23, 9.12426815237e-24, 9.7332466831e-24, 9.55809037429e-24, 9.30362356778e-24, 1.2728059291e-23, 1.04494432438e-23, 1.03520709868e-23, 1.20383708234e-23, 9.72855848274e-24, 1.24837293471e-23, 1.27059727634e-23, 9.3691700204e-24, 1.06358936742e-23, 7.37250706016e-24, 6.406275908e-24, 1.22216886871e-23], "var": [1.14160422982e-06, 8.39853953494e-07, 2.36408300225e-06, 7.33613751436e-06, 9.26625762077e-06, 1.45593105572e-06, 1.24526863488e-07, 1.00247143919e-08, 8.65778726489e-10, 1.20952400873e-10, 5.42085647204e-11, 2.32817168322e-11, 8.64465270201e-12, 1.78455666043e-12, 1.28782217095e-12, 8.81592216763e-13, 5.39129450718e-13, 1.12596928241e-14, 4.05524096223e-15, 1.01994688838e-15, 3.20004362322e-16, 1.54600334419e-16, 9.73567758173e-17, 7.63695824029e-17, 6.81610655204e-17, 6.05743237607e-17, 5.3311039399e-17, 4.36496062404e-17, 3.22894451973e-17, 2.48290072997e-17, 2.06532424032e-17, 1.30472463604e-17, 4.60167853953e-18, 2.42456749822e-18, 1.33066094619e-18, 1.00345756707e-20, 3.57083555925e-22, 2.75985297476e-22, 2.14720769233e-22, 1.6891953032e-22]}, "mfcc": {"mean": [-845.342163086, 219.536071777, 68.102722168, 49.7375068665, -13.6183748245, 1.29581677914, -10.8741979599, -13.8073148727, -9.3995923996, -12.6391134262, -2.07903265953, -6.58655071259, 0.0431747250259], "cov": [[1241.54089355, 1078.65185547, 79.9342651367, -251.442260742, -173.809066772, 10.0130701065, 27.214258194, -116.250602722, -160.550460815, -115.033668518, -74.8466644287, -66.0848083496, -68.0124969482], [1078.65185547, 978.970336914, 142.479187012, -174.856811523, -156.290405273, -26.2742595673, 7.25708580017, -96.2402954102, -132.579864502, -106.221237183, -80.8583679199, -68.9722290039, -64.9544525146], [79.9342651367, 142.479187012, 183.084609985, 120.769737244, -21.8860034943, -85.2086029053, -44.0216636658, 9.58320808411, 13.6306295395, -20.1952552795, -42.8761444092, -35.4457359314, -15.4257535934], [-251.442260742, -174.856811523, 120.769737244, 189.88218689, 49.7110328674, -66.7752532959, -42.099811554, 37.4181938171, 56.5242080688, 17.3266468048, -14.554350853, -12.2148714066, 4.64723777771], [-173.809066772, -156.290405273, -21.8860034943, 49.7110328674, 70.1300582886, 33.2410545349, 3.83149647713, 10.5952835083, 19.000087738, 22.1043014526, 18.4157752991, 12.1661558151, 6.75545692444], [10.0130701065, -26.2742595673, -85.2086029053, -66.7752532959, 33.2410545349, 91.9417037964, 45.2787666321, -11.247133255, -17.6572265625, 8.17842197418, 27.2442455292, 19.2922477722, 2.50265312195], [27.214258194, 7.25708580017, -44.0216636658, -42.099811554, 3.83149647713, 45.2787666321, 50.5681991577, 16.5672569275, -2.07333779335, 3.75709629059, 9.50830364227, 9.79460811615, 3.96201848984], [-116.250602722, -96.2402954102, 9.58320808411, 37.4181938171, 10.5952835083, -11.247133255, 16.5672569275, 59.8521156311, 48.4172668457, 17.045419693, 1.36563801765, 1.6917744875, 11.3098115921], [-160.550460815, -132.579864502, 13.6306295395, 56.5242080688, 19.000087738, -17.6572265625, -2.07333779335, 48.4172668457, 67.6125335693, 35.5901184082, 7.40606307983, 4.49429416656, 9.7674036026], [-115.033668518, -106.221237183, -20.1952552795, 17.3266468048, 22.1043014526, 8.17842197418, 3.75709629059, 17.045419693, 35.5901184082, 46.9450340271, 30.9144058228, 13.8201227188, 8.24540233612], [-74.8466644287, -80.8583679199, -42.8761444092, -14.554350853, 18.4157752991, 27.2442455292, 9.50830364227, 1.36563801765, 7.40606307983, 30.9144058228, 47.9912376404, 30.6180706024, 9.05502986908], [-66.0848083496, -68.9722290039, -35.4457359314, -12.2148714066, 12.1661558151, 19.2922477722, 9.79460811615, 1.6917744875, 4.49429416656, 13.8201227188, 30.6180706024, 39.1484184265, 21.8029079437], [-68.0124969482, -64.9544525146, -15.4257535934, 4.64723777771, 6.75545692444, 2.50265312195, 3.96201848984, 11.3098115921, 9.7674036026, 8.24540233612, 9.05502986908, 21.8029079437, 33.9787979126]], "icov": [[697.456115723, -972.648376465, 934.000427246, -870.745056152, 788.336303711, -690.513061523, 585.417053223, -477.179870605, 369.348327637, -270.722869873, 185.327545166, -109.722732544, 45.0517616272], [-972.648376465, 1356.42871094, -1302.54138184, 1214.3293457, -1099.39526367, 962.974243164, -816.414001465, 665.469665527, -515.0859375, 377.546508789, -258.45501709, 153.020690918, -62.8284034729], [934.000427246, -1302.54138184, 1250.8338623, -1166.13122559, 1055.75085449, -924.734558105, 784.000488281, -639.051757812, 494.640350342, -362.559936523, 248.201553345, -146.951919556, 60.341545105], [-870.745056152, 1214.3293457, -1166.13122559, 1087.19091797, -984.290283203, 862.144592285, -730.921447754, 595.787963867, -461.162506104, 338.023834229, -231.404556274, 137.013076782, -56.2607688904], [788.336303711, -1099.39526367, 1055.75085449, -984.290283203, 891.172668457, -780.58190918, 661.76751709, -539.415466309, 417.529510498, -306.051849365, 209.521789551, -124.057685852, 50.9440460205], [-690.513061523, 962.974243164, -924.734558105, 862.144592285, -780.58190918, 683.756103516, -579.688354492, 472.509185791, -365.733917236, 268.089813232, -183.546005249, 108.677978516, -44.6267585754], [585.417053223, -816.414001465, 784.000488281, -730.921447754, 661.76751709, -579.688354492, 491.512268066, -400.640441895, 310.103118896, -227.311782837, 155.632751465, -92.1621780396, 37.8481864929], [-477.179870605, 665.469665527, -639.051757812, 595.787963867, -539.415466309, 472.509185791, -400.640441895, 326.621887207, -252.823867798, 185.319854736, -126.883453369, 75.147026062, -30.8695735931], [369.348327637, -515.0859375, 494.640350342, -461.162506104, 417.529510498, -365.733917236, 310.103118896, -252.823867798, 195.748703003, -143.494857788, 98.2470626831, -58.1861534119, 23.9025726318], [-270.722869873, 377.546508789, -362.559936523, 338.023834229, -306.051849365, 268.089813232, -227.311782837, 185.319854736, -143.494857788, 105.24899292, -72.0751571655, 42.6864891052, -17.5367393494], [185.327545166, -258.45501709, 248.201553345, -231.404556274, 209.521789551, -183.546005249, 155.632751465, -126.883453369, 98.2470626831, -72.0751571655, 49.4183807373, -29.2854270935, 12.0342798233], [-109.722732544, 153.020690918, -146.951919556, 137.013076782, -124.057685852, 108.677978516, -92.1621780396, 75.147026062, -58.1861534119, 42.6864891052, -29.2854270935, 17.411529541, -7.16524839401], [45.0517616272, -62.8284034729, 60.341545105, -56.2607688904, 50.9440460205, -44.6267585754, 37.8481864929, -30.8695735931, 23.9025726318, -17.5367393494, 12.0342798233, -7.16524839401, 2.98603916168]]}, "spectral_contrast_coeffs": {"dmean": [0.0644720122218, 0.0601976439357, 0.0321736969054, 0.0197462104261, 0.0106650758535, 0.0451494716108], "dmean2": [0.11057215929, 0.103179968894, 0.0553198494017, 0.0340088382363, 0.0184871461242, 0.0804482847452], "dvar": [0.00248268200085, 0.00211874698289, 0.000608957489021, 0.000249034928856, 6.4975618443e-05, 0.00131190312095], "dvar2": [0.00736706750467, 0.00627919193357, 0.00178857333958, 0.000734788365662, 0.000195255488507, 0.00407210551202], "max": [-0.263559371233, -0.378185451031, -0.659579277039, -0.714524388313, -0.839783191681, -0.594249427319], "mean": [-0.567834854126, -0.680868327618, -0.822280824184, -0.860512733459, -0.8851339221, -0.677990734577], "median": [-0.557838976383, -0.678030490875, -0.822767615318, -0.873013734818, -0.885356843472, -0.672560453415], "min": [-0.961455285549, -0.955623805523, -0.964666128159, -0.960461735725, -0.959847450256, -0.958756268024], "var": [0.00971753988415, 0.00583627307788, 0.00133720599115, 0.00161955971271, 9.11760798772e-05, 0.00218619592488]}, "spectral_contrast_valleys": {"dmean": [0.422561645508, 0.332367151976, 0.258758187294, 0.194156631827, 0.125003755093, 0.71902513504], "dmean2": [0.727538704872, 0.570927917957, 0.444962769747, 0.333652108908, 0.21513953805, 1.28494882584], "dvar": [0.12071775645, 0.0783364772797, 0.0509107485414, 0.0332812480628, 0.0220233332366, 0.339279711246], "dvar2": [0.328020662069, 0.20050214231, 0.125795349479, 0.074883878231, 0.0378917790949, 1.03634870052], "max": [-4.97188997269, -5.22016572952, -6.7105588913, -8.55592632294, -9.30336475372, -12.0886497498], "mean": [-7.16964530945, -6.75389528275, -8.70761203766, -9.96629142761, -9.88334846497, -14.3829813004], "median": [-7.07818174362, -