{"lowlevel": {"average_loudness": 0.892074525356, "barkbands_crest": {"dmean": 3.07496261597, "dmean2": 5.01499652863, "dvar": 9.00043106079, "dvar2": 22.9234085083, "max": 25.8802223206, "mean": 13.2844047546, "median": 13.2941951752, "min": 2.32452535629, "var": 21.9221515656}, "barkbands_flatness_db": {"dmean": 0.0343423858285, "dmean2": 0.0503656379879, "dvar": 0.00108447077218, "dvar2": 0.00237754872069, "max": 0.458552032709, "mean": 0.153845325112, "median": 0.150155484676, "min": 0.0163741167635, "var": 0.00378577108495}, "barkbands_kurtosis": {"dmean": 9.77615356445, "dmean2": 15.6574172974, "dvar": 268.571655273, "dvar2": 653.748779297, "max": 268.101623535, "mean": 15.4773330688, "median": 10.7272768021, "min": -1.94081246853, "var": 386.813476562}, "barkbands_skewness": {"dmean": 1.07228398323, "dmean2": 1.69641172886, "dvar": 1.62966346741, "dvar2": 3.85927653313, "max": 12.3106498718, "mean": 3.07382774353, "median": 3.01525807381, "min": -2.80292153358, "var": 3.20362591743}, "barkbands_spread": {"dmean": 11.9439945221, "dmean2": 18.9429683685, "dvar": 260.158660889, "dvar2": 583.591369629, "max": 114.07698822, "mean": 21.6605587006, "median": 13.7994022369, "min": 0.369818925858, "var": 414.983520508}, "dissonance": {"dmean": 0.0218214970082, "dmean2": 0.0355395637453, "dvar": 0.000424427300459, "dvar2": 0.00102395995054, "max": 0.500000059605, "mean": 0.448773652315, "median": 0.455065310001, "min": 0.25480094552, "var": 0.00115278258454}, "dynamic_complexity": 3.71839761734, "erbbands_crest": {"dmean": 2.52008605003, "dmean2": 3.87806630135, "dvar": 7.22922372818, "dvar2": 15.6964874268, "max": 29.6112709045, "mean": 8.73031234741, "median": 7.33832216263, "min": 2.26896476746, "var": 21.404712677}, "erbbands_flatness_db": {"dmean": 0.023486295715, "dmean2": 0.032058916986, "dvar": 0.000512735801749, "dvar2": 0.000948025670368, "max": 0.334153354168, "mean": 0.109360262752, "median": 0.100759595633, "min": 0.0352061055601, "var": 0.0018049350474}, "erbbands_kurtosis": {"dmean": 1.34043288231, "dmean2": 2.15407824516, "dvar": 5.84397649765, "dvar2": 13.2941761017, "max": 60.2958297729, "mean": 0.684265911579, "median": -0.23552775383, "min": -1.87707817554, "var": 9.8722820282}, "erbbands_skewness": {"dmean": 0.501567423344, "dmean2": 0.765913665295, "dvar": 0.390386044979, "dvar2": 0.842745184898, "max": 6.52188205719, "mean": 0.767758131027, "median": 0.668403804302, "min": -3.91507720947, "var": 0.757677793503}, "erbbands_spread": {"dmean": 18.1613140106, "dmean2": 27.6310310364, "dvar": 392.231170654, "dvar2": 904.438476562, "max": 182.854171753, "mean": 59.6976203918, "median": 55.6104049683, "min": 2.79238271713, "var": 769.714172363}, "hfc": {"dmean": 14.1478528976, "dmean2": 19.9701213837, "dvar": 570.799987793, "dvar2": 1040.85412598, "max": 245.0728302, "mean": 23.3575668335, "median": 13.2382669449, "min": 1.07955699086e-16, "var": 1067.78283691}, "melbands_crest": {"dmean": 3.3830473423, "dmean2": 5.52400779724, "dvar": 11.8858032227, "dvar2": 29.5480461121, "max": 32.5179328918, "mean": 17.181520462, "median": 17.2595481873, "min": 1.54875457287, "var": 26.0045967102}, "melbands_flatness_db": {"dmean": 0.0439257770777, "dmean2": 0.0645496323705, "dvar": 0.00195971690118, "dvar2": 0.00430541718379, "max": 0.565770030022, "mean": 0.246374890208, "median": 0.248028889298, "min": 0.00312865199521, "var": 0.00701509928331}, "melbands_kurtosis": {"dmean": 28.3729515076, "dmean2": 47.0111160278, "dvar": 3076.40966797, "dvar2": 7907.56152344, "max": 1121.79614258, "mean": 47.1594276428, "median": 30.7419204712, "min": -1.91418302059, "var": 3801.46923828}, "melbands_skewness": {"dmean": 1.48941290379, "dmean2": 2.38263392448, "dvar": 3.66155815125, "dvar2": 9.04936695099, "max": 27.433380127, "mean": 4.82950782776, "median": 4.46673583984, "min": -0.321474850178, "var": 6.49217653275}, "melbands_spread": {"dmean": 9.75957202911, "dmean2": 16.2427539825, "dvar": 495.127746582, "dvar2": 1289.19934082, "max": 271.654998779, "mean": 14.954668045, "median": 7.85628032684, "min": 0.381320536137, "var": 484.413269043}, "pitch_salience": {"dmean": 0.0931195542216, "dmean2": 0.151498541236, "dvar": 0.00785958673805, "dvar2": 0.0202549062669, "max": 0.931506633759, "mean": 0.503098368645, "median": 0.497191250324, "min": 0.115618869662, "var": 0.0183111075312}, "silence_rate_20dB": {"dmean": 0, "dmean2": 0, "dvar": 0, "dvar2": 0, "max": 1, "mean": 1, "median": 1, "min": 1, "var": 0}, "silence_rate_30dB": {"dmean": 0.0823448896408, "dmean2": 0.164708569646, "dvar": 0.0755611658096, "dvar2": 0.145324230194, "max": 1, "mean": 0.893032252789, "median": 1, "min": 0, "var": 0.0955164730549}, "silence_rate_60dB": {"dmean": 0.0556569360197, "dmean2": 0.111326567829, "dvar": 0.0525682941079, "dvar2": 0.117864906788, "max": 1, "mean": 0.133880719543, "median": 0, "min": 0, "var": 0.115965977311}, "spectral_centroid": {"dmean": 332.145568848, "dmean2": 531.858337402, "dvar": 268859.4375, "dvar2": 640934.5, "max": 11363.7363281, "mean": 929.902404785, "median": 753.936279297, "min": 127.972450256, "var": 498281.84375}, "spectral_complexity": {"dmean": 3.51710772514, "dmean2": 4.85388374329, "dvar": 24.2901935577, "dvar2": 41.0623283386, "max": 59, "mean": 13.4481697083, "median": 12, "min": 0, "var": 91.195854187}, "spectral_decrease": {"dmean": 6.40837694021e-09, "dmean2": 1.07352899903e-08, "dvar": 2.50839463497e-16, "dvar2": 6.80521251719e-16, "max": 5.94810133474e-20, "mean": -1.25757591007e-08, "median": -8.26363866224e-09, "min": -1.33807972702e-07, "var": 2.52595045159e-16}, "spectral_energy": {"dmean": 0.0250458084047, "dmean2": 0.0414296388626, "dvar": 0.00364502100274, "dvar2": 0.00982167106122, "max": 0.510296463966, "mean": 0.0495824590325, "median": 0.0334643423557, "min": 1.01362146807e-20, "var": 0.00377976126038}, "spectral_energyband_high": {"dmean": 0.00111016025767, "dmean2": 0.00161961314734, "dvar": 3.70362727153e-06, "dvar2": 7.28041231923e-06, "max": 0.0189263820648, "mean": 0.00136200839188, "median": 0.000485727854539, "min": 7.11626712154e-21, "var": 5.88904822507e-06}, "spectral_energyband_low": {"dmean": 0.0201187208295, "dmean2": 0.0353741981089, "dvar": 0.00346632674336, "dvar2": 0.00967844575644, "max": 0.486541211605, "mean": 0.0337723977864, "median": 0.0109222885221, "min": 3.01523053696e-23, "var": 0.00291751231998}, "spectral_energyband_middle_high": {"dmean": 0.00146748695988, "dmean2": 0.00213541276753, "dvar": 1.4931865735e-05, "dvar2": 3.49743422703e-05, "max": 0.0595249757171, "mean": 0.0025654619094, "median": 0.00123960222118, "min": 1.39956829088e-21, "var": 2.04995340027e-05}, "spectral_energyband_middle_low": {"dmean": 0.00642317114398, "dmean2": 0.0102469269186, "dvar": 0.000133999274112, "dvar2": 0.000337468314683, "max": 0.181297376752, "mean": 0.0133525691926, "median": 0.0102676199749, "min": 1.88131928433e-22, "var": 0.000202710158192}, "spectral_entropy": {"dmean": 0.355528920889, "dmean2": 0.493821144104, "dvar": 0.125457763672, "dvar2": 0.229867726564, "max": 9.8112449646, "mean": 7.55182743073, "median": 7.58822154999, "min": 4.5087018013, "var": 0.380846351385}, "spectral_flux": {"dmean": 0.0472584068775, "dmean2": 0.0685936957598, "dvar": 0.00515020405874, "dvar2": 0.0100904433057, "max": 0.662962257862, "mean": 0.0951257273555, "median": 0.063701055944, "min": 6.45179534797e-11, "var": 0.00935888011009}, "spectral_kurtosis": {"dmean": 1.85983026028, "dmean2": 2.63672184944, "dvar": 5.68041849136, "dvar2": 10.7599382401, "max": 36.9905052185, "mean": 3.94203972816, "median": 2.95408058167, "min": -1.23444986343, "var": 15.0854253769}, "spectral_rms": {"dmean": 0.00143290217966, "dmean2": 0.00215481803752, "dvar": 5.70363363295e-06, "dvar2": 1.37599572554e-05, "max": 0.0223125573248, "mean": 0.00584621494636, "median": 0.00571385491639, "min": 3.14467635959e-12, "var": 1.41947730299e-05}, "spectral_rolloff": {"dmean": 1244.45837402, "dmean2": 2219.40380859, "dvar": 7123546.5, "dvar2": 16642728, "max": 19444.4824219, "mean": 1518.96337891, "median": 409.130859375, "min": 64.599609375, "var": 8558880}, "spectral_skewness": {"dmean": 0.342405229807, "dmean2": 0.494615197182, "dvar": 0.129927307367, "dvar2": 0.258351951838, "max": 4.89275169373, "mean": 1.70852220058, "median": 1.60726094246, "min": -0.017322903499, "var": 0.395201742649}, "spectral_spread": {"dmean": 1673095.125, "dmean2": 2318940.5, "dvar": 2894083391490.0, "dvar2": 5666621095940.0, "max": 41694936, "mean": 7637363.5, "median": 7068580, "min": 2114739.5, "var": 8605257433090.0}, "spectral_strongpeak": {"dmean": 0.223883137107, "dmean2": 0.378496617079, "dvar": 0.086435765028, "dvar2": 0.212805643678, "max": 3.25853514671, "mean": 0.569399237633, "median": 0.501871168613, "min": 0, "var": 0.161216750741}, "zerocrossingrate": {"dmean": 0.0232120715082, "dmean2": 0.028055537492, "dvar": 0.000677640608046, "dvar2": 0.00094266270753, "max": 0.5146484375, "mean": 0.0668860152364, "median": 0.05029296875, "min": 0.00341796875, "var": 0.00314618414268}, "barkbands": {"dmean": [0.00264688348398, 0.0147910937667, 0.00440192921087, 0.00197708676569, 0.00287874694914, 0.00169877696317, 0.00156524963677, 0.000176764035132, 0.000205776857911, 0.000321425352013, 0.000247648480581, 0.000373480055714, 0.000172414715053, 0.00013818788284, 0.000158798720804, 0.000134546193294, 0.00017907214351, 8.76240810612e-05, 8.96777710295e-05, 6.23703963356e-05, 9.42250044318e-05, 0.000143243727507, 0.00011447921861, 0.000214502200834, 0.00031555944588, 0.000247907679295, 6.72338865115e-05], "dmean2": [0.00453323917463, 0.0268918573856, 0.00708884606138, 0.00332186184824, 0.00465411040932, 0.00284762051888, 0.00264394143596, 0.000280291715171, 0.000313476135489, 0.000482861825731, 0.000387169013266, 0.000641260412522, 0.000271613447694, 0.000227702301345, 0.000252230762271, 0.000215632448089, 0.000281165208435, 0.000129468971863, 0.00013047689572, 9.24730411498e-05, 0.000144151286804, 0.000215459804167, 0.000167755395523, 0.000333563890308, 0.000469210586743, 0.000368920271285, 0.000101251614979], "dvar": [0.000112337264, 0.00231525767595, 7.75562075432e-05, 1.85210901691e-05, 3.70616762666e-05, 1.26762961372e-05, 1.2408891962e-05, 1.36925464744e-07, 2.41144249458e-07, 6.48777927381e-07, 4.00442075943e-07, 2.74623289442e-06, 1.94470459292e-07, 2.25382905228e-07, 1.10497573758e-07, 1.42312785556e-07, 1.284028599e-07, 3.3033522584e-08, 2.88174355489e-08, 1.68322085159e-08, 3.19199031651e-08, 5.99009766233e-08, 4.48418262522e-08, 2.0035685111e-07, 3.64724229485e-07, 2.211388761e-07, 2.08713064609e-08], "dvar2": [0.000289050862193, 0.00666691735387, 0.000206346565392, 5.18958258908e-05, 9.00710656424e-05, 3.44289801433e-05, 3.48960675183e-05, 3.4989787423e-07, 5.68929067413e-07, 1.55003954205e-06, 9.48981266902e-07, 7.65911227063e-06, 4.56736813703e-07, 6.10836480064e-07, 2.80673646103e-07, 3.62844758683e-07, 3.18006129874e-07, 7.39176968523e-08, 6.47242401897e-08, 3.89324696926e-08, 7.39510497283e-08, 1.33524835633e-07, 9.57978087968e-08, 4.72730192769e-07, 7.83245980074e-07, 4.74164124853e-07, 4.65650877857e-08], "max": [0.105257436633, 0.405176073313, 0.151246502995, 0.068493552506, 0.138158157468, 0.0472375117242, 0.049220778048, 0.00543239433318, 0.00770147284493, 0.0148467971012, 0.00938697252423, 0.0323919691145, 0.00645332643762, 0.00634591979906, 0.00453558145091, 0.0047990414314, 0.00475521245971, 0.00279570673592, 0.00292508630082, 0.00178915425204, 0.00205785222352, 0.00245289271697, 0.00226898095571, 0.00678980210796, 0.00686073116958, 0.00442683510482, 0.00201775296591], "mean": [0.00217004865408, 0.0233923196793, 0.00685346126556, 0.00292064715177, 0.00467429962009, 0.00255790329538, 0.00237633683719, 0.000323220592691, 0.00032638720586, 0.00048064760631, 0.000332610245096, 0.000405238475651, 0.000246234616498, 0.000165876510437, 0.000246064242674, 0.000158675218699, 0.000291762989946, 0.00012281468662, 0.000138457558933, 8.35316750454e-05, 0.000114442293125, 0.000188211954082, 0.000132258370286, 0.000214095256524, 0.000343126390362, 0.00025636589271, 6.73599643051e-05], "median": [1.27079583763e-05, 0.00128022604622, 0.00256104208529, 0.00116985454224, 0.00200096331537, 0.00113388162572, 0.0013671281049, 0.000110394728836, 0.000114875620056, 9.96293238131e-05, 0.000128811050672, 0.000128345360281, 7.03698824509e-05, 3.04340428556e-05, 0.000125051490613, 4.00611388613e-05, 0.000135662747198, 4.2184463382e-05, 4.50102415925e-05, 2.67153427558e-05, 3.55625707016e-05, 6.72548121656e-05, 3.86920692108e-05, 4.89668636874e-05, 9.36171709327e-05, 5.29283133801e-05, 1.24153048091e-05], "min": [1.34537387486e-24, 4.33876811087e-24, 4.16934563755e-24, 7.41082282319e-24, 2.29404190672e-23, 3.22313861506e-23, 1.30025986633e-23, 7.63365394081e-24, 2.98009025462e-23, 1.51663920615e-23, 2.59567360234e-23, 4.49265373201e-23, 4.05478954459e-23, 5.47930604754e-23, 6.40939009419e-23, 7.92543623471e-23, 7.6026059533e-23, 1.31132424006e-22, 2.13480831352e-22, 1.7511980033e-22, 3.70082721466e-22, 3.38565469004e-22, 3.59383849081e-22, 6.95495165498e-22, 8.97417859302e-22, 1.45491517589e-21, 1.94200157011e-21], "var": [8.20548812044e-05, 0.00174876092933, 0.000122528159409, 2.46729214268e-05, 6.05407403782e-05, 1.39541198223e-05, 1.13921960292e-05, 2.57138879078e-07, 3.95600238789e-07, 9.39451410886e-07, 4.82064763219e-07, 1.9480892206e-06, 2.97451094866e-07, 1.98102227955e-07, 1.43148383813e-07, 1.47945527829e-07, 1.85828994859e-07, 5.09302537921e-08, 5.08772082242e-08, 2.46363764944e-08, 4.36527116676e-08, 9.21915557228e-08, 6.50854943274e-08, 2.22347381396e-07, 4.79068830828e-07, 2.83342188823e-07, 2.38257875651e-08]}, "erbbands": {"dmean": [0.544320762157, 2.89137148857, 5.04180574417, 5.90458488464, 8.97420787811, 9.82894611359, 10.8427553177, 13.831536293, 21.8239784241, 13.3932209015, 4.36963510513, 4.21999597549, 8.97288036346, 8.52578258514, 10.1327152252, 16.3993358612, 8.38707923889, 6.46563625336, 6.78369951248, 8.47591209412, 8.67454051971, 8.72925853729, 5.40360546112, 4.2413110733, 4.23005104065, 2.819201231, 3.52200937271, 4.1081328392, 5.48092508316, 3.98281002045, 3.23596096039, 3.96620392799, 3.72303032875, 3.17078495026, 2.48130655289, 1.22127819061, 0.417135536671, 0.103294149041, 0.0113955838606, 0.000515115098096], "dmean2": [0.985087573528, 5.20677232742, 8.18574810028, 9.6391544342, 14.9555931091, 15.2966842651, 18.5324268341, 23.0326595306, 36.3566703796, 22.6388607025, 6.78019475937, 6.55911493301, 13.459479332, 12.8678836823, 15.9290733337, 28.3417663574, 13.2979669571, 10.6022691727, 10.6875, 13.8519392014, 13.8281059265, 13.6160144806, 7.98614549637, 6.1250576973, 6.27107143402, 4.10755300522, 5.42136907578, 6.1896109581, 8.28019714355, 5.89899015427, 4.7874622345, 6.11008119583, 5.79303026199, 4.80647850037, 3.68291163445, 1.84135448933, 0.621060967445, 0.155195370317, 0.0171964857727, 0.000781946466304], "dvar": [3.96230578423, 71.23097229, 97.5295562744, 166.734100342, 429.906677246, 354.872680664, 568.533325195, 879.81854248, 2097.30029297, 1273.87353516, 76.204864502, 106.541160583, 544.64654541, 441.561431885, 916.810302734, 5743.86132812, 563.421447754, 438.938354492, 269.123626709, 461.821136475, 447.899475098, 347.038665771, 134.905532837, 70.9186019897, 65.6096954346, 33.4903373718, 48.3818092346, 55.7423744202, 88.4512481689, 52.9417762756, 36.6842842102, 68.1108398438, 57.3640441895, 37.2246208191, 24.4205055237, 5.72281360626, 0.613202035427, 0.0486545152962, 0.000579168845434, 1.21109644624e-06], "dvar2": [11.2447357178, 207.249862671, 252.121994019, 476.650543213, 1074.99475098, 840.170471191, 1586.66882324, 2256.83740234, 5752.53613281, 3515.26953125, 188.469436646, 263.638916016, 1304.04882812, 1031.85119629, 2222.09277344, 16227.0498047, 1365.77868652, 1181.26611328, 697.621154785, 1161.00366211, 1155.09020996, 877.096313477, 307.437530518, 155.517776489, 153.704025269, 76.4164047241, 115.763389587, 128.081726074, 198.681869507, 115.344528198, 82.0727844238, 160.325302124, 133.81842041, 80.9227142334, 53.8172798157, 12.6153211594, 1.29186701775, 0.11214967072, 0.0012887774501, 2.49758022619e-06], "max": [17.3355751038, 72.6487121582, 141.909683228, 225.53086853, 520.075866699, 402.254455566, 308.429504395, 470.65133667, 620.868164062, 477.136505127, 160.032440186, 173.663711548, 309.009887695, 289.654327393, 524.403564453, 1391.04382324, 397.771606445, 293.278747559, 261.298370361, 281.195159912, 248.505630493, 262.202270508, 193.802581787, 145.674316406, 121.971817017, 83.0967178345, 79.3667907715, 77.5983047485, 100.642272949, 110.241752625, 65.3978347778, 115.003135681, 106.362632751, 68.8678512573, 60.5073242188, 24.3758354187, 8.14649200439, 3.06714963913, 0.293876469135, 0.0114354304969], "mean": [0.746666610241, 4.89137887955, 8.64214897156, 9.43872451782, 12.9277868271, 17.5402317047, 13.9430103302, 22.0493583679, 33.1246414185, 21.3638458252, 8.89196968079, 6.91265106201, 13.7878799438, 12.8725605011, 13.2460298538, 17.3789672852, 11.6537485123, 8.0416841507, 10.6710414886, 12.2680959702, 11.8734712601, 14.7122354507, 7.89823961258, 6.74814128876, 6.04064130783, 3.84927821159, 4.300303936, 5.17747402191, 7.13551235199, 4.86335706711, 3.64299607277, 4.00457620621, 3.75942420959, 3.48438382149, 2.59003663063, 1.25977671146, 0.43391674757, 0.101706162095, 0.0114261275157, 0.000566360831726], "median": [0.0232223682106, 0.428394496441, 3.93971157074, 4.46867847443, 6.07047843933, 6.826795578, 6.67141103745, 8.83331489563, 16.5985183716, 11.591835022, 5.01808547974, 2.75320267677, 2.65433859825, 4.8978600502, 3.8949842453, 5.32361030579, 3.63921236992, 2.55878686905, 4.5482749939, 5.72569084167, 4.99811124802, 6.28487825394, 3.23503136635, 2.1641395092, 1.9454331398, 1.21037721634, 1.31642925739, 1.71584928036, 2.5070912838, 1.50504899025, 1.02138662338, 0.934712052345, 0.873408734798, 1.00074267387, 0.628240048885, 0.273094177246, 0.0892546772957, 0.019798701629, 0.00213702418841, 0.000140256888699], "min": [1.26749247759e-22, 1.29061127704e-21, 6.54078973379e-21, 1.72668847615e-20, 2.30691350903e-20, 8.94853357065e-20, 1.72287245934e-19, 2.43709199497e-19, 2.17361532434e-19, 1.90576829663e-19, 2.36737617897e-19, 6.96179915545e-19, 8.31975675166e-19, 1.30778785129e-18, 1.23677573987e-18, 1.78414937873e-18, 2.02973227157e-18, 2.26811662512e-18, 3.42674561399e-18, 5.12151605958e-18, 5.11853779579e-18, 5.13248819682e-18, 6.70127179729e-18, 7.68310333794e-18, 9.49269079525e-18, 8.80088325303e-18, 1.30179426601e-17, 1.25605456957e-17, 1.13489990679e-17, 1.1992983163e-17, 1.08523143332e-17, 1.38509218087e-17, 1.05888258753e-17, 8.40924466585e-18, 7.48715169545e-18, 4.28645655169e-18, 2.64105700135e-18, 9.96937202801e-19, 2.59064437552e-19, 2.72435844465e-20], "var": [2.7866461277, 61.9143562317, 151.421936035, 219.17515564, 577.078979492, 754.565429688, 488.491668701, 1274.05407715, 2234.61914062, 1195.89208984, 144.391357422, 157.830535889, 780.685974121, 621.665100098, 1021.87487793, 3874.15991211, 760.287780762, 399.99987793, 330.84274292, 505.980041504, 484.457061768, 491.82421875, 199.621673584, 126.108848572, 105.514602661, 51.28515625, 63.8353652954, 80.1323928833, 133.520751953, 77.5069046021, 50.2121238708, 76.6134796143, 65.5983352661, 48.3151321411, 30.0296077728, 7.0922627449, 0.792816698551, 0.0533689633012, 0.00066306052031, 1.56680880536e-06]}, "gfcc": {"mean": [-6.1307182312, 64.1716079712, -64.0412826538, 21.9446086884, -46.8100090027, 11.0455570221, -46.1131591797, 7.2656545639, -24.0331726074, 4.00599384308, -19.5052909851, 7.05292367935, -13.1900215149], "cov": [[13547.7050781, -297.018890381, -69.6184921265, 183.77482605, 178.373413086, 324.212768555, 278.97567749, 296.75869751, 34.7995758057, 164.157562256, -44.320892334, 190.114761353, 50.2044868469], [-297.018890381, 1565.28771973, -89.4730834961, 138.031295776, 321.317443848, 32.6141967773, 138.923324585, 81.0059280396, 176.088638306, 107.60269928, 159.095016479, 101.47303772, 58.6424064636], [-69.6184921265, -89.4730834961, 699.011901855, 170.248535156, 175.518493652, 119.789916992, 93.8453369141, 66.1829605103, 15.4970703125, 91.5183258057, 32.8045082092, 56.4103546143, 52.8373908997], [183.77482605, 138.031295776, 170.248535156, 533.431762695, 79.6962738037, 153.898590088, 212.93119812, 10.3408193588, -21.483915329, -54.5973320007, -44.4918899536, -20.5293674469, 78.5381317139], [178.373413086, 321.317443848, 175.518493652, 79.6962738037, 356.86315918, 113.035736084, 113.077835083, 141.060424805, 111.997688293, 90.9247360229, 57.2896652222, 48.8818511963, 19.360294342], [324.212768555, 32.6141967773, 119.789916992, 153.898590088, 113.035736084, 169.306350708, 142.507324219, 51.3762016296, 15.9567813873, 10.4306983948, 6.79018592834, 8.04592895508, 24.5504684448], [278.97567749, 138.923324585, 93.8453369141, 212.93119812, 113.077835083, 142.507324219, 242.855148315, 73.5190200806, 29.3063354492, 5.3276758194, 1.93819880486, 15.7965631485, 39.3099784851], [296.75869751, 81.0059280396, 66.1829605103, 10.3408193588, 141.060424805, 51.3762016296, 73.5190200806, 163.298049927, 103.596832275, 56.4982643127, 34.1654434204, 34.1426429749, -0.288636088371], [34.7995758057, 176.088638306, 15.4970703125, -21.483915329, 111.997688293, 15.9567813873, 29.3063354492, 103.596832275, 145.616210938, 87.2289810181, 62.5299377441, 41.7374954224, 0.26863732934], [164.157562256, 107.60269928, 91.5183258057, -54.5973320007, 90.9247360229, 10.4306983948, 5.3276758194, 56.4982643127, 87.2289810181, 136.155975342, 79.2199783325, 53.9452857971, 4.0471496582], [-44.320892334, 159.095016479, 32.8045082092, -44.4918899536, 57.2896652222, 6.79018592834, 1.93819880486, 34.1654434204, 62.5299377441, 79.2199783325, 105.699409485, 56.5097923279, 10.214679718], [190.114761353, 101.47303772, 56.4103546143, -20.5293674469, 48.8818511963, 8.04592895508, 15.7965631485, 34.1426429749, 41.7374954224, 53.9452857971, 56.5097923279, 80.6866226196, 32.6990737915], [50.2044868469, 58.6424064636, 52.8373908997, 78.5381317139, 19.360294342, 24.5504684448, 39.3099784851, -0.288636088371, 0.26863732934, 4.0471496582, 10.214679718, 32.6990737915, 75.4567108154]], "icov": [[9.61315017776e-05, 1.40992215165e-05, 0.000125761245727, -6.75424016663e-05, 5.30104007339e-05, -0.000243228379986, 7.5519674283e-05, -0.00027319783112, 0.000298126280541, -0.000366286927601, 0.000358553428669, -0.000457702000858, 0.000100859258964], [1.40992215165e-05, 0.0012095925631, 0.000464051699964, -0.000420291675255, -0.00135858345311, 0.00112075952347, -0.000738629023544, 0.0011413411703, -0.000871722528245, 0.000497163273394, -0.00143301393837, -0.000450984371128, -9.79721735348e-05], [0.000125761245727, 0.000464051699964, 0.0025317305699, -0.000974499329459, -0.000974175578449, -0.000762935495004, 0.000547712144908, -0.000749781902414, 0.00201939535327, -0.00260983267799, 0.000654782459605, -0.00169266248122, -0.000215193445911], [-6.75424016663e-05, -0.000420291675255, -0.000974499329459, 0.00433753803372, 0.000242375113885, -0.00120096886531, -0.00242113508284, 0.00117026793305, -0.00125056144316, 0.00182806362864, 0.000538316904567, 0.0027849341277, -0.00323968334123], [5.30104007339e-05, -0.00135858345311, -0.000974175578449, 0.000242375113885, 0.00717495661229, -0.0036832918413, 0.000959064054769, -0.00407183496282, -0.000195817730855, -0.00196824828163, 0.00164736399893, 9.01832027012e-05, 0.000136897608172], [-0.000243228379986, 0.00112075952347, -0.000762935495004, -0.00120096886531, -0.0036832918413, 0.0158070065081, -0.00716231018305, 0.00127631658688, 0.000301131600281, 0.00163139740471, -0.00412672851235, 0.0025636323262, -2.75558722933e-05], [7.5519674283e-05, -0.000738629023544, 0.000547712144908, -0.00242113508284, 0.000959064054769, -0.00716231018305, 0.0114439381287, -0.00418200017884, 0.00144345627632, -0.000979101168923, 0.00191121327225, -0.00173554581124, -0.000692573376], [-0.00027319783112, 0.0011413411703, -0.000749781902414, 0.00117026793305, -0.00407183496282, 0.00127631658688, -0.00418200017884, 0.0177165586501, -0.0117266019806, 0.00392355164513, 0.00012050710211, -0.00178768462501, 0.00206730514765], [0.000298126280541, -0.000871722528245, 0.00201939535327, -0.00125056144316, -0.000195817730855, 0.000301131600281, 0.00144345627632, -0.0117266019806, 0.0223048720509, -0.00983535777777, -0.00129558320623, -0.000827046344057, 0.000504022464156], [-0.000366286927601, 0.000497163273394, -0.00260983267799, 0.00182806362864, -0.00196824828163, 0.00163139740471, -0.000979101168923, 0.00392355164513, -0.00983535777777, 0.021763317287, -0.00968197453767, -0.000945686362684, 0.000869607611094], [0.000358553428669, -0.00143301393837, 0.000654782459605, 0.000538316904567, 0.00164736399893, -0.00412672851235, 0.00191121327225, 0.00012050710211, -0.00129558320623, -0.00968197453767, 0.025140196085, -0.0116249853745, 0.00193943420891], [-0.000457702000858, -0.000450984371128, -0.00169266248122, 0.0027849341277, 9.01832027012e-05, 0.0025636323262, -0.00173554581124, -0.00178768462501, -0.000827046344057, -0.000945686362684, -0.0116249853745, 0.0311410836875, -0.012885902077], [0.000100859258964, -9.79721735348e-05, -0.000215193445911, -0.00323968334123, 0.000136897608172, -2.75558722933e-05, -0.000692573376, 0.00206730514765, 0.000504022464156, 0.000869607611094, 0.00193943420891, -0.012885902077, 0.0223999973387]]}, "melbands": {"dmean": [0.00454982044175, 0.00294052809477, 0.00103197211865, 0.000706766091753, 0.000354144111043, 0.0003254491603, 0.000329635367962, 0.000118785450468, 3.83323676942e-05, 2.59554853983e-05, 4.67229474452e-05, 3.57069729944e-05, 3.214233584e-05, 3.94668495574e-05, 3.47318891727e-05, 1.5534225895e-05, 1.24121015688e-05, 1.10431392386e-05, 1.40636166179e-05, 9.68104541244e-06, 1.13779951789e-05, 1.04795717562e-05, 5.42873931408e-06, 4.13399993704e-06, 3.56743157681e-06, 3.4923189105e-06, 2.39050473283e-06, 1.88307069493e-06, 2.21667255573e-06, 2.42320788857e-06, 2.48478636422e-06, 3.40018755196e-06, 2.70227178589e-06, 2.13326075027e-06, 1.75401999059e-06, 2.05154242394e-06, 2.69459474111e-06, 2.57600845543e-06, 2.73874206869e-06, 2.72550278169e-06], "dmean2": [0.00827094260603, 0.00497080152854, 0.00166331860237, 0.00113892066292, 0.000593785953242, 0.000540095381439, 0.000552990764845, 0.000199385831365, 5.91737662035e-05, 4.04152087867e-05, 7.02363540768e-05, 5.38084059372e-05, 5.02058974234e-05, 6.73152535455e-05, 5.78986946493e-05, 2.51186793321e-05, 2.07204684557e-05, 1.7624173779e-05, 2.25808216783e-05, 1.58247694344e-05, 1.82377534657e-05, 1.64511220646e-05, 8.35915670905e-06, 6.19713500782e-06, 5.27720885657e-06, 5.24569668414e-06, 3.59895761903e-06, 2.80674612441e-06, 3.45156217918e-06, 3.81097675017e-06, 3.78299000658e-06, 5.21813672094e-06, 4.18140598413e-06, 3.21698416883e-06, 2.63800075118e-06, 3.0921285088e-06, 4.25538610216e-06, 4.03585545428e-06, 4.28352223025e-06, 4.15046088165e-06], "dvar": [0.000248924887273, 4.36784866906e-05, 4.23785331805e-06, 2.39844712269e-06, 5.48348964458e-07, 4.52385307881e-07, 4.92804076657e-07, 9.78785408279e-08, 5.846968687e-09, 4.22537338451e-09, 1.45865737267e-08, 7.60953966505e-09, 8.03032751406e-09, 2.81784924283e-08, 1.70066627447e-08, 1.61029567458e-09, 1.87721971301e-09, 9.42430133932e-10, 8.94394891482e-10, 7.04761971004e-10, 6.92926327428e-10, 4.43345221646e-10, 1.71285860495e-10, 7.38092295616e-11, 5.16442201504e-11, 4.59655612184e-11, 2.65477015371e-11, 1.47380250365e-11, 2.20746615431e-11, 2.51540576562e-11, 2.18356808329e-11, 3.38136463274e-11, 2.52631283948e-11, 1.67107629817e-11, 1.09133466153e-11, 1.60865036569e-11, 3.60667919141e-11, 2.94146269841e-11, 3.1838136294e-11, 2.84873079986e-11], "dvar2": [0.000708570587449, 0.000120410084492, 1.16699129649e-05, 5.80446976528e-06, 1.51113283664e-06, 1.18719060538e-06, 1.3701124999e-06, 2.67507601848e-07, 1.45657503836e-08, 1.02082458042e-08, 3.49105704345e-08, 1.78600263467e-08, 1.91319209364e-08, 7.73711192892e-08, 4.70552627974e-08, 3.87916276878e-09, 5.11611464304e-09, 2.50132425883e-09, 2.31505725701e-09, 1.77398840062e-09, 1.77126080469e-09, 1.10793263453e-09, 4.19132367702e-10, 1.71641492686e-10, 1.1558182883e-10, 1.06384297205e-10, 6.44932440785e-11, 3.38389351262e-11, 5.41381418862e-11, 6.14252537723e-11, 5.18716458675e-11, 7.75281505661e-11, 5.77656013301e-11, 3.73342051718e-11, 2.51284253822e-11, 3.49610757011e-11, 8.9111565349e-11, 7.06568206721e-11, 7.29419233347e-11, 6.34490376905e-11], "max": [0.136311516166, 0.0552694126964, 0.0338534116745, 0.0365863591433, 0.00964062660933, 0.0101744811982, 0.0091255158186, 0.00406310847029, 0.00138301774859, 0.000994961708784, 0.00176821101923, 0.00137215619907, 0.00144272111356, 0.00330920144916, 0.00239523686469, 0.000604690983891, 0.00065010250546, 0.000525900453795, 0.000396902585635, 0.00033306478872, 0.000324396212818, 0.000280001957435, 0.000202390510822, 0.000119954827824, 0.00012711925956, 9.65843864833e-05, 7.13250046829e-05, 6.33084855508e-05, 6.0792601289e-05, 7.22079130355e-05, 5.81537751714e-05, 6.30998038105e-05, 5.74379810132e-05, 6.61283411318e-05, 3.51466587745e-05, 4.36033515143e-05, 9.33906630962e-05, 8.33740996313e-05, 6.18708072579e-05, 6.55481344438e-05], "mean": [0.00669968267903, 0.00534795830026, 0.0017158271512, 0.00118481763639, 0.000511698424816, 0.000519569672178, 0.000503521121573, 0.00018791538605, 7.27760561858e-05, 4.05116697948e-05, 7.09282103344e-05, 5.32470221515e-05, 4.20610194851e-05, 4.36823393102e-05, 4.00129320042e-05, 2.14073261304e-05, 1.41653181345e-05, 1.56150417752e-05, 2.19971825572e-05, 1.17223762572e-05, 1.52783250087e-05, 1.75109835254e-05, 7.94161769591e-06, 5.87373688177e-06, 5.49241076442e-06, 4.86395629196e-06, 3.22535765918e-06, 2.44979833042e-06, 2.6520128813e-06, 2.73757882496e-06, 3.07865161631e-06, 4.4172638809e-06, 3.22058281199e-06, 2.49240542871e-06, 1.980529305e-06, 2.18943341679e-06, 2.58373370343e-06, 2.52087397712e-06, 2.88374099e-06, 2.94504866361e-06], "median": [0.000254860933637, 0.00192558078561, 0.000884828332346, 0.000501110742334, 0.000271642260486, 0.000224941948545, 0.000285219372017, 0.000102006102679, 3.86586216337e-05, 1.38670875458e-05, 1.2716162928e-05, 1.88788708329e-05, 1.43471152114e-05, 1.23751797219e-05, 1.19180431284e-05, 4.78463198306e-06, 3.79980883736e-06, 4.32426077168e-06, 1.08813919724e-05, 3.40445944857e-06, 6.1407490648e-06, 7.66113680584e-06, 2.98376585306e-06, 2.24619543587e-06, 1.58295654273e-06, 1.44606974573e-06, 1.05073945633e-06, 7.22734739611e-07, 7.59397323691e-07, 8.06659784303e-07, 9.63924208008e-07, 1.54370604832e-06, 9.2556524578e-07, 7.33796412078e-07, 5.59901423003e-07, 5.21148081134e-07, 5.62418790651e-07, 5.39243899311e-07, 7.13891893156e-07, 8.38499545353e-07], "min": [1.17391673205e-24, 5.42366445357e-24, 4.14862502258e-24, 4.36542648187e-24, 6.86646856668e-24, 4.88926443839e-24, 2.85901237245e-24, 2.42195522918e-24, 1.68233778268e-24, 4.43514166994e-24, 3.92365609191e-24, 4.64706165795e-24, 3.75223306733e-24, 5.72943916777e-24, 4.97768667397e-24, 6.22277305638e-24, 3.58854009076e-24, 5.16895862221e-24, 5.63181368645e-24, 4.89661819975e-24, 5.27701205584e-24, 5.30279439681e-24, 5.47864884752e-24, 4.98436990355e-24, 5.25663853967e-24, 8.88859753466e-24, 6.02525017432e-24, 5.63859473479e-24, 6.31851671001e-24, 8.32588964033e-24, 5.77979294822e-24, 6.49030616048e-24, 5.93235036425e-24, 5.90948601977e-24, 6.84306937451e-24, 5.80891256524e-24, 8.96855726487e-24, 6.53799083005e-24, 6.13910922978e-24, 7.40822825967e-24], "var": [0.000178448608494, 5.3413277783e-05, 6.14966347712e-06, 4.02921068599e-06, 5.31329249043e-07, 5.91002390138e-07, 4.87527586301e-07, 9.49908454118e-08, 1.04740944806e-08, 6.41944941648e-09, 2.09537152074e-08, 1.09598081721e-08, 9.29561405627e-09, 2.13298942953e-08, 1.31796902281e-08, 2.43624698193e-09, 1.53270962588e-09, 1.06801645305e-09, 1.14051423861e-09, 7.38282324164e-10, 7.84983911206e-10, 6.53341714063e-10, 2.16972897982e-10, 1.07338742061e-10, 8.84958495373e-11, 7.27974833192e-11, 3.55013171638e-11, 2.20256590744e-11, 2.70089870608e-11, 2.92996842066e-11, 2.96529051313e-11, 5.07494636592e-11, 3.42460261538e-11, 2.26040245549e-11, 1.43985873571e-11, 2.13508221519e-11, 3.59351680357e-11, 3.148196287e-11, 3.80091583208e-11, 3.51302043011e-11]}, "mfcc": {"mean": [-670.930419922, 113.569274902, 34.1542320251, 20.1781177521, 18.3257141113, 4.07276535034, -3.79058909416, 1.25440001488, 1.21371173859, -9.63566017151, -0.556914746761, -0.482352823019, 4.28311872482], "cov": [[10047.9931641, -80.4179077148, -314.20602417, 59.0907440186, -41.0038490295, 170.161102295, 230.15562439, 260.567047119, 221.979202271, 138.287963867, 127.159004211, -0.419622480869, 106.582237244], [-80.4179077148, 1343.99328613, -125.222045898, 90.5488357544, 207.164749146, 13.2140216827, 1.89163136482, 33.7521972656, 43.5249977112, -8.96805763245, 171.148651123, 153.019577026, 173.00227356], [-314.20602417, -125.222045898, 460.214599609, 155.113296509, 68.0783843994, 109.182022095, 96.920715332, 16.5016994476, 43.7092399597, 17.8237247467, -13.4507102966, -7.79425621033, 1.77708804607], [59.0907440186, 90.5488357544, 155.113296509, 337.697174072, 69.1040802002, 152.092437744, 122.305412292, 98.0381851196, 93.0882949829, 42.4551811218, 11.0175085068, -15.7616691589, -9.90373897552], [-41.0038490295, 207.164749146, 68.0783843994, 69.1040802002, 228.088043213, 35.7295722961, 45.899810791, 32.7381324768, 60.120010376, 34.0595054626, 74.2715988159, 64.5068893433, 57.1541442871], [170.161102295, 13.2140216827, 109.182022095, 152.092437744, 35.7295722961, 204.501708984, 134.249649048, 62.9005889893, 57.1670455933, 36.1936416626, -1.42572975159, -11.4131155014, -10.8895158768], [230.15562439, 1.89163136482, 96.920715332, 122.305412292, 45.899810791, 134.249649048, 183.841400146, 99.7020187378, 75.4986419678, 40.4825592041, 18.8013134003, 2.73394274712, -2.47545313835], [260.567047119, 33.7521972656, 16.5016994476, 98.0381851196, 32.7381324768, 62.9005889893, 99.7020187378, 157.040710449, 85.6524887085, 45.6834526062, 36.4362640381, 16.5429935455, 3.48556375504], [221.979202271, 43.5249977112, 43.7092399597, 93.0882949829, 60.120010376, 57.1670455933, 75.4986419678, 85.6524887085, 121.762748718, 53.3683395386, 40.6241569519, 20.5266971588, 22.7247333527], [138.287963867, -8.96805763245, 17.8237247467, 42.4551811218, 34.0595054626, 36.1936416626, 40.4825592041, 45.6834526062, 53.3683395386, 86.3403320312, 40.4323425293, 22.7774772644, 14.1499738693], [127.159004211, 171.148651123, -13.4507102966, 11.0175085068, 74.2715988159, -1.42572975159, 18.8013134003, 36.4362640381, 40.6241569519, 40.4323425293, 128.280609131, 80.6254119873, 58.1329650879], [-0.419622480869, 153.019577026, -7.79425621033, -15.7616691589, 64.5068893433, -11.4131155014, 2.73394274712, 16.5429935455, 20.5266971588, 22.7774772644, 80.6254119873, 118.177375793, 73.2652664185], [106.582237244, 173.00227356, 1.77708804607, -9.90373897552, 57.1541442871, -10.8895158768, -2.47545313835, 3.48556375504, 22.7247333527, 14.1499738693, 58.1329650879, 73.2652664185, 116.596328735]], "icov": [[0.000115928873129, 3.83438382414e-05, 0.000122630168335, 3.34629003191e-05, 6.07849069638e-05, -9.07754147192e-05, -8.20981440484e-05, -7.46010191506e-05, -0.000120363503811, -6.56878910377e-06, -0.000134383677505, 0.000188031743164, -0.000226574513363], [3.83438382414e-05, 0.00125955149997, 0.000621127197519, -0.000616016390268, -0.000662388687488, -0.000336814933689, 0.000206509517739, -4.4800042815e-05, 0.000202363764402, 0.00116555590648, -0.00102088833228, -0.000122575322166, -0.00126163766254], [0.000122630168335, 0.000621127197519, 0.0033122387249, -0.00128407706507, -0.000815592589788, -0.000469193706522, -0.00120816961862, 0.00119751901366, -0.000211737293284, 0.000475014705444, 0.000238013322814, -0.000119069714856, -0.00095896696439], [3.34629003191e-05, -0.000616016390268, -0.00128407706507, 0.00603061169386, -0.000433249253547, -0.00286103831604, 0.000609634327702, -0.00182110653259, -0.00189744646195, -0.000188147387234, 0.000142131262692, 0.00147858913988, 0.000820489716716], [6.07849069638e-05, -0.000662388687488, -0.000815592589788, -0.000433249253547, 0.00695250462741, 0.000204853946343, -0.000706734834239, 0.00110078824218, -0.00210001436062, -0.000375633855583, -0.00163168460131, -0.00136250804644, -0.000409349566326], [-9.07754147192e-05, -0.000336814933689, -0.000469193706522, -0.00286103831604, 0.000204853946343, 0.0118445707485, -0.0073706721887, 0.00192260881886, 0.000494338863064, -0.00211608060636, 0.00166375783738, -0.000241678586463, 0.00062151288148], [-8.20981440484e-05, 0.000206509517739, -0.00120816961862, 0.000609634327702, -0.000706734834239, -0.0073706721887, 0.0150689994916, -0.00585439428687, -0.00155514921062, 0.000628754321951, -0.000595246034209, 0.000187245299458, 0.000397738447646], [-7.46010191506e-05, -4.4800042815e-05, 0.00119751901366, -0.00182110653259, 0.00110078824218, 0.00192260881886, -0.00585439428687, 0.0141087369993, -0.00596194528043, -0.0009244622197, -0.000990384025499, -0.00160884461366, 0.00183454668149], [-0.000120363503811, 0.000202363764402, -0.000211737293284, -0.00189744646195, -0.00210001436062, 0.000494338863064, -0.00155514921062, -0.00596194528043, 0.0187749061733, -0.00548320868984, -0.000863793015014, 0.00158611428924, -0.00268719741143], [-6.56878910377e-06, 0.00116555590648, 0.000475014705444, -0.000188147387234, -0.000375633855583, -0.00211608060636, 0.000628754321951, -0.0009244622197, -0.00548320868984, 0.0187841840088, -0.00481197377667, -0.000726410013158, -7.44696735637e-05], [-0.000134383677505, -0.00102088833228, 0.000238013322814, 0.000142131262692, -0.00163168460131, 0.00166375783738, -0.000595246034209, -0.000990384025499, -0.000863793015014, -0.00481197377667, 0.0177793949842, -0.00833257287741, -0.000258025684161], [0.000188031743164, -0.000122575322166, -0.000119069714856, 0.00147858913988, -0.00136250804644, -0.000241678586463, 0.000187245299458, -0.00160884461366, 0.00158611428924, -0.000726410013158, -0.00833257287741, 0.0202232562006, -0.0079393396154], [-0.000226574513363, -0.00126163766254, -0.00095896696439, 0.000820489716716, -0.000409349566326, 0.00062151288148, 0.000397738447646, 0.00183454668149, -0.00268719741143, -7.44696735637e-05, -0.000258025684161, -0.0079393396154, 0.0166025515646]]}, "spectral_contrast_coeffs": {"dmean": [0.0548583976924, 0.0555613599718, 0.0383616238832, 0.0349470935762, 0.0258472785354, 0.0212245136499], "dmean2": [0.088592171669, 0.0885254964232, 0.059822704643, 0.0535038597882, 0.0389197319746, 0.0325441099703], "dvar": [0.00247249472886, 0.00242342310958, 0.00101618282497, 0.000966670399066, 0.000516898406204, 0.000387384265196], "dvar2": [0.00621626758948, 0.00572032527998, 0.00227020378225, 0.00210660044104, 0.0011127309408, 0.000900201499462], "max": [-0.280053257942, -0.401886224747, -0.541017234325, -0.54343611002, -0.61929756403, -0.671592056751], "mean": [-0.630637288094, -0.680034816265, -0.783353447914, -0.77380669117, -0.793376386166, -0.810291826725], "median": [-0.645688474178, -0.679414868355, -0.792828142643, -0.781193077564, -0.797397375107, -0.813962638378], "min": [-0.973952174187, -0.977266252041, -0.976070404053, -0.965376079082, -0.965232670307, -0.964021742344], "var": [0.00901680067182, 0.0079384688288, 0.0048336321488, 0.00469411211088, 0.00274621299468, 0.00148182292469]}, "spectral_contrast_valleys": {"dmean": [0.487341344357, 0.499012231827, 0.494044661522, 0.489450454712, 0.509658336639, 0.630363404751], "dmean2": [0.739396691322, 0.763526260853, 0.711689591408, 0.68327742815, 0.659562051296, 0.770595610142], "dvar": [0.243817910552, 0.229661017656, 0.246128663421, 0.264352172613, 0.263759285212, 0.308001041412], "dvar2": [0.470617413521, 0.470885515213, 0.446828126907, 0.487077236176, 0.46035194397, 0.520260870457], "max": [-4.62609195709, -4.78467845917, -4.84220075607, -5.49852561951, -5.71607637405, -7.41312837601], "mean": [-7.25378751755, -7.20105218887, -7.97606611252, -8.44793701172, -8.2543182373,