{"lowlevel": {"average_loudness": 0.960754692554, "barkbands_crest": {"dmean": 2.71370363235, "dmean2": 4.27358388901, "dvar": 8.42135620117, "dvar2": 21.7231674194, "max": 26.0490150452, "mean": 14.0859832764, "median": 13.4104118347, "min": 2.09730648994, "var": 26.9444847107}, "barkbands_flatness_db": {"dmean": 0.0374645069242, "dmean2": 0.0569519549608, "dvar": 0.00171472644433, "dvar2": 0.00388301373459, "max": 0.714807271957, "mean": 0.200656428933, "median": 0.177681088448, "min": 0.0138934645802, "var": 0.0137755367905}, "barkbands_kurtosis": {"dmean": 11.6693239212, "dmean2": 18.2137031555, "dvar": 998.185302734, "dvar2": 2681.9765625, "max": 1554.89538574, "mean": 20.5698184967, "median": 5.68875360489, "min": -1.86442232132, "var": 2575.06811523}, "barkbands_skewness": {"dmean": 0.989114940166, "dmean2": 1.53564918041, "dvar": 1.59019589424, "dvar2": 3.88266921043, "max": 29.9354801178, "mean": 2.8719265461, "median": 2.27173781395, "min": -2.58788156509, "var": 7.78749656677}, "barkbands_spread": {"dmean": 7.91301202774, "dmean2": 12.7515268326, "dvar": 123.884811401, "dvar2": 296.239135742, "max": 123.908554077, "mean": 17.7877616882, "median": 14.51496315, "min": 0.130601510406, "var": 222.9972229}, "dissonance": {"dmean": 0.0225021336228, "dmean2": 0.0373063795269, "dvar": 0.000731815292966, "dvar2": 0.00197498872876, "max": 0.5, "mean": 0.449472874403, "median": 0.46488198638, "min": 0.209054410458, "var": 0.00214478839189}, "dynamic_complexity": 3.65309453011, "erbbands_crest": {"dmean": 2.57567405701, "dmean2": 4.02434635162, "dvar": 7.88501214981, "dvar2": 18.2870311737, "max": 33.5611763, "mean": 11.7428512573, "median": 9.3459186554, "min": 2.37324166298, "var": 51.2090492249}, "erbbands_flatness_db": {"dmean": 0.0224373918027, "dmean2": 0.032282885164, "dvar": 0.000558147090487, "dvar2": 0.00116444588639, "max": 0.529466688633, "mean": 0.150407835841, "median": 0.132240369916, "min": 0.0359854735434, "var": 0.00619620271027}, "erbbands_kurtosis": {"dmean": 1.91706752777, "dmean2": 2.90137052536, "dvar": 16.7962398529, "dvar2": 37.056022644, "max": 111.103630066, "mean": 3.33105993271, "median": 0.288238406181, "min": -1.8873398304, "var": 76.014213562}, "erbbands_skewness": {"dmean": 0.445030868053, "dmean2": 0.659758150578, "dvar": 0.245995029807, "dvar2": 0.544852793217, "max": 8.302693367, "mean": 0.559088885784, "median": 0.293321192265, "min": -3.06020283699, "var": 1.71786534786}, "erbbands_spread": {"dmean": 11.0131168365, "dmean2": 16.4767742157, "dvar": 188.824981689, "dvar2": 405.83416748, "max": 200.261291504, "mean": 44.3161468506, "median": 38.6967391968, "min": 1.03361749649, "var": 913.747009277}, "hfc": {"dmean": 8.72370624542, "dmean2": 12.9908380508, "dvar": 183.519241333, "dvar2": 446.205444336, "max": 137.061538696, "mean": 18.7133903503, "median": 13.7802333832, "min": 1.08092091243e-16, "var": 310.292449951}, "melbands_crest": {"dmean": 3.85455799103, "dmean2": 6.40271902084, "dvar": 17.2861156464, "dvar2": 47.1798057556, "max": 38.3941078186, "mean": 20.5765075684, "median": 20.5109729767, "min": 1.47546339035, "var": 55.4915504456}, "melbands_flatness_db": {"dmean": 0.0434730537236, "dmean2": 0.0664857104421, "dvar": 0.00245727645233, "dvar2": 0.00564883137122, "max": 0.88568687439, "mean": 0.295999884605, "median": 0.276906192303, "min": 0.00268853502348, "var": 0.0203654821962}, "melbands_kurtosis": {"dmean": 27.4779815674, "dmean2": 43.0724639893, "dvar": 4087.61108398, "dvar2": 10042.0800781, "max": 2262.86865234, "mean": 55.0772018433, "median": 18.3636703491, "min": -1.81598949432, "var": 11561.9384766}, "melbands_skewness": {"dmean": 1.33538281918, "dmean2": 2.10574793816, "dvar": 3.0394847393, "dvar2": 7.69251728058, "max": 41.4398231506, "mean": 4.58890008926, "median": 3.70642709732, "min": -1.87142384052, "var": 14.4131660461}, "melbands_spread": {"dmean": 6.15010499954, "dmean2": 10.3625440598, "dvar": 86.4046401978, "dvar2": 225.374359131, "max": 178.397674561, "mean": 17.5847072601, "median": 10.3487529755, "min": 0.121844157577, "var": 696.273864746}, "pitch_salience": {"dmean": 0.0823361724615, "dmean2": 0.130679875612, "dvar": 0.00845137517899, "dvar2": 0.0208019632846, "max": 0.90320289135, "mean": 0.420432537794, "median": 0.415996462107, "min": 0.044757951051, "var": 0.0238380823284}, "silence_rate_20dB": {"dmean": 0, "dmean2": 0, "dvar": 0, "dvar2": 0, "max": 1, "mean": 1, "median": 1, "min": 1, "var": 0}, "silence_rate_30dB": {"dmean": 0.0557776018977, "dmean2": 0.111565105617, "dvar": 0.0526680201292, "dvar2": 0.119372934103, "max": 1, "mean": 0.949999988079, "median": 1, "min": 0, "var": 0.0475017502904}, "silence_rate_60dB": {"dmean": 0.00301980646327, "dmean2": 0.00604014936835, "dvar": 0.00301097985357, "dvar2": 0.00689345458522, "max": 1, "mean": 0.0907637625933, "median": 0, "min": 0, "var": 0.0825278609991}, "spectral_centroid": {"dmean": 269.515350342, "dmean2": 434.674041748, "dvar": 144668.53125, "dvar2": 341661.9375, "max": 11717.1318359, "mean": 1292.92236328, "median": 979.664306641, "min": 106.68913269, "var": 2392092.25}, "spectral_complexity": {"dmean": 3.48716592789, "dmean2": 5.70563173294, "dvar": 28.6586208344, "dvar2": 69.0719451904, "max": 57, "mean": 13.5645647049, "median": 12, "min": 0, "var": 104.458282471}, "spectral_decrease": {"dmean": 4.20769552534e-09, "dmean2": 6.56983045744e-09, "dvar": 3.01583764764e-17, "dvar2": 7.46470284081e-17, "max": 3.34266622024e-18, "mean": -1.15710703241e-08, "median": -9.89748105695e-09, "min": -5.76212642045e-08, "var": 7.44966800599e-17}, "spectral_energy": {"dmean": 0.0160192623734, "dmean2": 0.0248727146536, "dvar": 0.000430267769843, "dvar2": 0.00106035382487, "max": 0.220237955451, "mean": 0.0453694686294, "median": 0.0395061373711, "min": 9.94867086382e-21, "var": 0.00109929253813}, "spectral_energyband_high": {"dmean": 0.00069561728742, "dmean2": 0.00110575661529, "dvar": 1.68654355548e-06, "dvar2": 4.19386014983e-06, "max": 0.0128674823791, "mean": 0.000786579388659, "median": 0.000257215404417, "min": 7.03628990385e-21, "var": 1.73566070316e-06}, "spectral_energyband_low": {"dmean": 0.0158816613257, "dmean2": 0.0261585731059, "dvar": 0.000521763460711, "dvar2": 0.00141617178451, "max": 0.210017353296, "mean": 0.0315386801958, "median": 0.0216637402773, "min": 9.30579609072e-24, "var": 0.000872125325259}, "spectral_energyband_middle_high": {"dmean": 0.00154504238162, "dmean2": 0.00240727839991, "dvar": 7.84899475548e-06, "dvar2": 1.8624443328e-05, "max": 0.064364567399, "mean": 0.00442721135914, "median": 0.00222378736362, "min": 1.18648345509e-21, "var": 3.92621950596e-05}, "spectral_energyband_middle_low": {"dmean": 0.00708654616028, "dmean2": 0.0117857111618, "dvar": 0.000297290127492, "dvar2": 0.000772205297835, "max": 0.158104524016, "mean": 0.0110628865659, "median": 0.00600572302938, "min": 1.51463944375e-22, "var": 0.000269352574833}, "spectral_entropy": {"dmean": 0.27081912756, "dmean2": 0.40696310997, "dvar": 0.109305799007, "dvar2": 0.242058426142, "max": 9.82716751099, "mean": 7.3666176796, "median": 7.48947000504, "min": 3.45364236832, "var": 0.952380955219}, "spectral_flux": {"dmean": 0.0355545319617, "dmean2": 0.0477329008281, "dvar": 0.0019363994943, "dvar2": 0.00271399528719, "max": 0.464940875769, "mean": 0.0977333933115, "median": 0.0699197798967, "min": 6.33822716534e-11, "var": 0.00767022790387}, "spectral_kurtosis": {"dmean": 4.46330881119, "dmean2": 6.86010456085, "dvar": 339.671844482, "dvar2": 782.251708984, "max": 687.437011719, "mean": 13.3932199478, "median": 3.85003042221, "min": -1.50897061825, "var": 2349.37329102}, "spectral_rms": {"dmean": 0.00106395815965, "dmean2": 0.00165037636179, "dvar": 1.55971076765e-06, "dvar2": 3.94262497139e-06, "max": 0.0146583188325, "mean": 0.00607859063894, "median": 0.00620826659724, "min": 3.11544865426e-12, "var": 7.31353611627e-06}, "spectral_rolloff": {"dmean": 481.739898682, "dmean2": 873.106506348, "dvar": 1348824.5, "dvar2": 3588633, "max": 19724.4140625, "mean": 1388.70092773, "median": 387.59765625, "min": 43.06640625, "var": 12681104}, "spectral_skewness": {"dmean": 0.341890871525, "dmean2": 0.518801450729, "dvar": 0.286660939455, "dvar2": 0.655229449272, "max": 21.6360740662, "mean": 2.11017274857, "median": 1.62979221344, "min": -0.241980656981, "var": 5.1366853714}, "spectral_spread": {"dmean": 1107382.875, "dmean2": 1566224.125, "dvar": 2113540718590.0, "dvar2": 4185399492610.0, "max": 42940024, "mean": 6683588, "median": 5835991, "min": 116643.773438, "var": 31073608138800.0}, "spectral_strongpeak": {"dmean": 0.308665901423, "dmean2": 0.526081383228, "dvar": 0.442670255899, "dvar2": 1.07405400276, "max": 9.79836463928, "mean": 0.700029730797, "median": 0.403787195683, "min": 0, "var": 1.25722157955}, "zerocrossingrate": {"dmean": 0.0134931551293, "dmean2": 0.0174730774015, "dvar": 0.000253940292168, "dvar2": 0.000356380507583, "max": 0.5537109375, "mean": 0.0597998835146, "median": 0.03662109375, "min": 0.00146484375, "var": 0.00867569539696}, "barkbands": {"dmean": [0.00133769249078, 0.0117225917056, 0.00591657264158, 0.00406670803204, 0.00273377820849, 0.000516686879564, 0.000309865601594, 0.000635828997474, 0.000465294637252, 0.000669505971018, 0.000153343979036, 0.000319416518323, 0.000212622471736, 0.000170151135535, 0.000264079979388, 0.000195514599909, 0.000123627338326, 0.000117461415357, 8.84752444108e-05, 9.02327592485e-05, 0.000104887942143, 0.00011147987243, 8.8371874881e-05, 9.39740857575e-05, 0.000164275377756, 9.68892854871e-05, 3.42390230799e-05], "dmean2": [0.00222393451259, 0.0192557685077, 0.0104184001684, 0.00739719811827, 0.00502443686128, 0.0008213322144, 0.000450350082247, 0.000982736353762, 0.000711760309059, 0.000918149249628, 0.000246821466135, 0.000516186584719, 0.000336282217177, 0.000289968302241, 0.000455129455077, 0.000321491534123, 0.000196478024009, 0.000190561520867, 0.000145043581142, 0.000150906387717, 0.000175633642357, 0.000182347372174, 0.000142467048136, 0.000154327499331, 0.000268454692559, 0.000149778439663, 5.51793273189e-05], "dvar": [4.59740567749e-06, 0.000289920193609, 0.000275132188108, 0.000150178500917, 7.58946698625e-05, 1.07617961476e-06, 3.95672969944e-07, 2.59145440396e-06, 1.74794661234e-06, 3.65894243259e-06, 1.30402398213e-07, 1.215064799e-06, 2.35751983269e-07, 1.91560289409e-07, 2.81064302499e-07, 1.42895572708e-07, 6.94926498568e-08, 9.69714690768e-08, 3.05604253015e-08, 3.98087323106e-08, 6.23637177455e-08, 7.60902523211e-08, 3.87221525955e-08, 3.41618360267e-08, 1.07435276675e-07, 3.31295595402e-08, 4.07148492698e-09], "dvar2": [1.42661519931e-05, 0.000817080610432, 0.000743449549191, 0.00042336183833, 0.00021805545839, 2.67929567599e-06, 8.12811833839e-07, 5.66040807826e-06, 3.36540165335e-06, 6.71839734423e-06, 3.05530221567e-07, 2.78233392237e-06, 5.37857033578e-07, 5.04482613906e-07, 7.59652891702e-07, 3.60494397e-07, 1.70476369021e-07, 2.29149790698e-07, 7.52299555984e-08, 1.03740788404e-07, 1.63703816725e-07, 1.94978724721e-07, 9.45173894706e-08, 8.60525446456e-08, 2.76834100532e-07, 7.30362899048e-08, 9.42236599855e-09], "max": [0.0194698348641, 0.135941743851, 0.145001679659, 0.129319623113, 0.0921251997352, 0.020430566743, 0.018846610561, 0.0556039698422, 0.0593465454876, 0.0565731674433, 0.00979252066463, 0.0522112473845, 0.0147772263736, 0.014453551732, 0.0144772827625, 0.00619084807113, 0.00774809997529, 0.0155338160694, 0.00558554567397, 0.00281964265741, 0.00392855703831, 0.0029157276731, 0.00207709544338, 0.00182478362694, 0.00298601202667, 0.00202018488199, 0.000641570251901], "mean": [0.00251790112816, 0.0214764606208, 0.00550558930263, 0.00372592872009, 0.00259960838594, 0.000984694575891, 0.000667127955239, 0.00131697463803, 0.000882237567566, 0.00210955692455, 0.000272794743069, 0.000486494769575, 0.00039272106369, 0.000223848983296, 0.000384470215067, 0.000344032625435, 0.000255508784903, 0.000216782005737, 0.000156959024025, 0.000127405452076, 0.000117314826639, 0.000119490840007, 9.4906972663e-05, 0.000105550643639, 0.000160413022968, 9.54563511186e-05, 2.92820423056e-05], "median": [0.000972691690549, 0.0118306661025, 0.00170353194699, 0.000767363293562, 0.000700465461705, 0.000371660105884, 0.00020963732095, 0.000136847753311, 0.000151731364895, 0.000181747833267, 6.38779893052e-05, 0.000126937171444, 0.000109484666609, 6.0208440118e-05, 9.53962517087e-05, 6.13213778706e-05, 6.74923066981e-05, 5.62153254577e-05, 5.19860077475e-05, 3.59875157301e-05, 2.95978679787e-05, 2.71983044513e-05, 2.04317402677e-05, 3.55543197657e-05, 4.2228057282e-05, 2.06576805795e-05, 3.91102094e-06], "min": [2.46176075603e-25, 1.2276718835e-24, 7.7188008259e-25, 5.26940102722e-25, 5.57767613468e-24, 6.91745895787e-24, 6.86185451925e-24, 4.9802335114e-24, 8.09327349204e-24, 9.6471788029e-24, 1.36553226866e-23, 1.88771322285e-23, 1.81162143542e-23, 1.80521162502e-23, 3.72314958014e-23, 5.28812339835e-23, 5.47791575908e-23, 8.37664447766e-23, 1.14214714981e-22, 1.55125533775e-22, 2.19329105315e-22, 3.2414504117e-22, 3.46421286687e-22, 5.48533837222e-22, 8.83624885121e-22, 1.27248610596e-21, 1.89009416914e-21], "var": [1.20944323498e-05, 0.00052643410163, 0.000185867756954, 9.54081406235e-05, 4.69913502457e-05, 2.38235884353e-06, 1.74482784132e-06, 1.25863070934e-05, 6.64313665766e-06, 3.5059194488e-05, 3.7716537804e-07, 2.87266652776e-06, 7.40119901366e-07, 2.61197669715e-07, 4.83876931412e-07, 3.38319750881e-07, 2.50112549338e-07, 2.00361526481e-07, 7.59493445912e-08, 5.32710480172e-08, 6.31749159652e-08, 7.24539788166e-08, 3.94791328517e-08, 3.478820787e-08, 9.39553643775e-08, 3.57509790661e-08, 3.89982757198e-09]}, "erbbands": {"dmean": [0.546029150486, 2.20093417168, 5.96023273468, 10.8666143417, 11.5109930038, 8.14848423004, 5.67052984238, 4.08306646347, 4.51115989685, 7.03845739365, 14.3624181747, 12.5166254044, 14.1951646805, 17.8149681091, 7.8411397934, 14.6537017822, 10.4917936325, 8.34860420227, 15.2768516541, 8.66485404968, 10.0434427261, 6.42702436447, 5.81936359406, 5.65523433685, 4.43166971207, 4.33765697479, 4.34295129776, 4.02762794495, 3.85994720459, 3.70705842972, 2.24659729004, 1.71270954609, 1.87171673775, 1.78768563271, 1.11854732037, 0.471363693476, 0.180438756943, 0.0493916347623, 0.00563114415854, 0.000202157825697], "dmean2": [0.873742878437, 3.58896183968, 10.0650033951, 19.1387577057, 21.1139602661, 14.9315080643, 9.65976524353, 6.41034173965, 6.5085735321, 10.4393606186, 22.6666488647, 18.7632274628, 19.0803871155, 25.2787208557, 12.6275691986, 23.4228935242, 16.5660800934, 14.0224246979, 26.4892539978, 14.679315567, 16.0425872803, 10.22336483, 9.44141292572, 9.16049003601, 7.46274518967, 7.25272989273, 7.26516914368, 6.77550411224, 6.25677728653, 6.19833374023, 3.61827516556, 2.74474525452, 3.12042164803, 3.00147128105, 1.7786822319, 0.737613558769, 0.278049141169, 0.0777522325516, 0.00898295175284, 0.000322785403114], "dvar": [0.665870368481, 13.1377506256, 238.308303833, 947.132263184, 1221.05969238, 737.129577637, 195.949691772, 84.6122970581, 82.957862854, 461.993255615, 1319.99438477, 1386.68457031, 2254.62109375, 3311.6628418, 268.492889404, 2874.25439453, 569.932556152, 426.261383057, 1008.01245117, 342.160644531, 364.400512695, 193.828353882, 254.154647827, 179.571228027, 86.5650558472, 94.2730026245, 103.439811707, 93.5332717896, 83.698928833, 91.6825180054, 24.5239944458, 10.4876070023, 15.6244277954, 14.0096893311, 4.46925067902, 0.772393882275, 0.11842892319, 0.00983342994004, 0.00010229475447, 1.17567566349e-07], "dvar2": [2.04988408089, 34.5353088379, 617.442443848, 2564.10595703, 3456.14453125, 2122.72436523, 540.78515625, 199.745422363, 168.159576416, 880.901245117, 3014.31420898, 2655.94335938, 3594.0949707, 6621.02099609, 657.180419922, 6411.29736328, 1280.06896973, 1106.73876953, 2753.92651367, 886.557922363, 858.637390137, 478.734680176, 595.751220703, 435.357666016, 222.068313599, 246.898803711, 268.524932861, 247.912658691, 208.070098877, 243.663925171, 58.4376182556, 25.8180789948, 39.9400444031, 37.3184661865, 10.9806280136, 1.73545670509, 0.261918753386, 0.0223298259079, 0.000240161883994, 2.86227788138e-07], "max": [6.65005111694, 36.5891494751, 124.637969971, 299.780029297, 300.243103027, 309.138122559, 206.220352173, 237.172241211, 275.010192871, 1060.89440918, 913.087463379, 1741.55688477, 2045.58642578, 2073.4230957, 374.706573486, 2642.75146484, 753.907775879, 730.305114746, 887.267700195, 609.140380859, 413.791442871, 402.205505371, 628.77532959, 728.99029541, 187.680923462, 152.940567017, 170.504104614, 117.219215393, 109.021766663, 98.0001296997, 55.4147644043, 37.9629364014, 32.7219238281, 36.1441764832, 19.9189052582, 7.86234521866, 4.16119003296, 1.1517701149, 0.0987086817622, 0.00287771993317], "mean": [0.896602392197, 3.72274160385, 6.26704740524, 10.6538543701, 10.1352033615, 8.00692939758, 8.31341266632, 7.78862953186, 10.5396652222, 14.1212892532, 28.0980262756, 26.1024456024, 49.3946609497, 47.9258842468, 15.4651975632, 23.9027328491, 19.8965301514, 12.9474773407, 21.0209636688, 14.0085935593, 20.1334323883, 13.6321077347, 11.6187906265, 11.0471019745, 7.38387012482, 6.24428272247, 4.91794633865, 4.60998249054, 4.17306184769, 3.69873642921, 2.50518083572, 1.96817910671, 2.00202894211, 1.74386882782, 1.09572350979, 0.472539782524, 0.17286157608, 0.0439471155405, 0.00489377137274, 0.000220800910029], "median": [0.485351115465, 1.78242635727, 2.5479490757, 2.71130347252, 2.60880565643, 1.58293771744, 2.23883533478, 2.6327123642, 3.63838291168, 3.29594564438, 3.82269358635, 5.01718425751, 4.45055103302, 6.53778123856, 5.58485889435, 7.09836673737, 6.52047395706, 4.97267150879, 5.73436260223, 4.15637731552, 4.62784385681, 3.6863360405, 3.38408517838, 3.37971687317, 2.53633737564, 1.81117534637, 1.28031945229, 1.12558329105, 0.990931391716, 0.740867733955, 0.586032629013, 0.590689897537, 0.628108024597, 0.483665645123, 0.282532513142, 0.112668171525, 0.0334022343159, 0.00625668326393, 0.000710014253855, 9.14139236556e-05], "min": [4.63466005455e-23, 1.84382264291e-22, 1.8755524713e-21, 3.37675987313e-21, 9.03177427435e-21, 1.71884302347e-20, 3.13924089752e-20, 7.10825897923e-20, 9.97853305329e-20, 1.59531552202e-19, 2.91812931593e-19, 3.94411606787e-19, 3.77518045438e-19, 5.95089345705e-19, 7.81008631531e-19, 8.38362801965e-19, 9.69836387789e-19, 1.88577864995e-18, 2.25200025165e-18, 2.56474938304e-18, 3.37204291931e-18, 3.46534703125e-18, 4.26957214103e-18, 5.92581685639e-18, 7.21783409571e-18, 7.57989435855e-18, 9.50237542587e-18, 1.02643154763e-17, 9.88033989034e-18, 8.80768267766e-18, 9.52134929476e-18, 9.44169262895e-18, 9.07163352959e-18, 8.0142981834e-18, 5.90744393422e-18, 3.76731055463e-18, 2.1573015132e-18, 9.11284511527e-19, 2.4646528775e-19, 2.59520727826e-20], "var": [1.05559515953, 19.1437587738, 180.148849487, 661.04296875, 756.353271484, 472.821807861, 238.887191772, 210.168243408, 400.247253418, 1939.41479492, 5155.02783203, 5378.37353516, 31095.4433594, 23330.6386719, 780.934997559, 7108.78564453, 1776.98254395, 710.368103027, 1557.85058594, 568.180053711, 1157.27612305, 681.186706543, 568.445068359, 416.43371582, 165.490524292, 125.382736206, 106.514076233, 93.9574356079, 84.6495819092, 77.4992599487, 26.1508998871, 11.9821224213, 14.4064331055, 11.4819726944, 4.2535238266, 0.817600667477, 0.126394733787, 0.00973668973893, 9.88998726825e-05, 1.13340675512e-07]}, "gfcc": {"mean": [-62.6711654663, 84.6128082275, -70.1285552979, 31.4833946228, -30.9906158447, 23.7633609772, -24.3692874908, 15.7582330704, -17.1816158295, 4.36281967163, -11.9225616455, 1.06348598003, -8.24161434174], "cov": [[56091.375, -231.205795288, -4447.54248047, 267.442230225, -1927.46777344, 1351.98120117, -1225.29455566, 1178.60583496, -929.9921875, 621.357299805, -708.871826172, 626.201599121, -455.89465332], [-231.205795288, 2965.99414062, 10.0594491959, 39.0909004211, 400.568847656, -315.32989502, 88.720199585, -221.41619873, 158.755508423, -257.857910156, 152.535171509, -207.038101196, 137.771987915], [-4447.54248047, 10.0594491959, 1603.77099609, 33.8466110229, 28.4662456512, -33.8970146179, -12.1743745804, -146.498291016, 5.02799129486, -43.0664558411, -47.5031089783, -147.960357666, -81.9245147705], [267.442230225, 39.0909004211, 33.8466110229, 758.48626709, 77.2925415039, -74.0073471069, -8.46251869202, -111.421592712, -16.2687454224, -73.181098938, 15.4588956833, -23.4763832092, 40.4665641785], [-1927.46777344, 400.568847656, 28.4662456512, 77.2925415039, 454.441101074, -65.9702758789, 2.32623934746, -82.4069061279, 61.2422714233, -49.1189041138, 73.3133850098, 20.6454410553, 97.1511993408], [1351.98120117, -315.32989502, -33.8970146179, -74.0073471069, -65.9702758789, 302.979736328, 9.42127227783, 108.331802368, -30.8591995239, 58.4440155029, 0.183326870203, 39.0366249084, -31.7034378052], [-1225.29455566, 88.720199585, -12.1743745804, -8.46251869202, 2.32623934746, 9.42127227783, 267.986602783, 47.7260093689, 18.0208892822, -20.2503108978, 54.6846504211, -14.4408473969, 17.829668045], [1178.60583496, -221.41619873, -146.498291016, -111.421592712, -82.4069061279, 108.331802368, 47.7260093689, 247.118927002, 15.1281375885, 69.7578964233, 12.0400800705, 51.277217865, -20.1994476318], [-929.9921875, 158.755508423, 5.02799129486, -16.2687454224, 61.2422714233, -30.8591995239, 18.0208892822, 15.1281375885, 178.874328613, 49.9014968872, 30.0112133026, -24.9131202698, 32.3000869751], [621.357299805, -257.857910156, -43.0664558411, -73.181098938, -49.1189041138, 58.4440155029, -20.2503108978, 69.7578964233, 49.9014968872, 151.203704834, 14.4775915146, 22.2528247833, -26.1021385193], [-708.871826172, 152.535171509, -47.5031089783, 15.4588956833, 73.3133850098, 0.183326870203, 54.6846504211, 12.0400800705, 30.0112133026, 14.4775915146, 124.365829468, 33.2855873108, 25.5220375061], [626.201599121, -207.038101196, -147.960357666, -23.4763832092, 20.6454410553, 39.0366249084, -14.4408473969, 51.277217865, -24.9131202698, 22.2528247833, 33.2855873108, 140.140518188, 47.3229522705], [-455.89465332, 137.771987915, -81.9245147705, 40.4665641785, 97.1511993408, -31.7034378052, 17.829668045, -20.1994476318, 32.3000869751, -26.1021385193, 25.5220375061, 47.3229522705, 116.416481018]], "icov": [[9.40867248573e-05, -0.000251719902735, 0.000205040327273, -0.000214080748265, 0.0002769153798, -0.00031806709012, 0.000295149628073, -0.000234279592405, 0.000439379480667, -0.000584347348195, 0.000729011429939, -0.000548495270777, 0.000291704054689], [-0.000251719902735, 0.0013304350432, -0.000459196395241, 0.000762894516811, -0.000946275657043, 0.00109264953062, -0.000578201375902, 0.000598144892137, -0.00147298548836, 0.0025875326246, -0.00299767660908, 0.00278702122159, -0.00135588424746], [0.000205040327273, -0.000459196395241, 0.00118890963495, -0.00042536429828, 0.000456799956737, -0.000765939592384, 0.000620949664153, -0.00013415417925, 0.000831833167467, -0.00106795202009, 0.00157096027397, -0.000556392129511, 0.00103425397538], [-0.000214080748265, 0.000762894516811, -0.00042536429828, 0.00200829142705, -0.000710309657734, 0.000862532411702, -0.000516464468092, 0.000948773871642, -0.000905260560103, 0.00197804300115, -0.00228527700529, 0.00192644621711, -0.00125466298778], [0.0002769153798, -0.000946275657043, 0.000456799956737, -0.000710309657734, 0.00409246003255, -0.00102240743581, 0.00124783243518, -3.48199537257e-05, 0.000571028562263, -0.00116931390949, 0.000771879276726, -0.00204956415109, -0.00087484146934], [-0.00031806709012, 0.00109264953062, -0.000765939592384, 0.000862532411702, -0.00102240743581, 0.0054562240839, -0.00105911539868, -0.000675331917591, -0.000574446225073, 0.00118134310469, -0.00275169452652, 0.001729810494, -0.000669008994009], [0.000295149628073, -0.000578201375902, 0.000620949664153, -0.000516464468092, 0.00124783243518, -0.00105911539868, 0.00580616574734, -0.00218156957999, 0.00135808403138, -0.000251263962127, -0.000700536475051, 0.000571971875615, -0.000652999733575], [-0.000234279592405, 0.000598144892137, -0.00013415417925, 0.000948773871642, -3.48199537257e-05, -0.000675331917591, -0.00218156957999, 0.00719284173101, -0.00230489415117, 0.000233471451793, -0.00128874985967, -0.00113037868869, 0.000811644131318], [0.000439379480667, -0.00147298548836, 0.000831833167467, -0.000905260560103, 0.000571028562263, -0.000574446225073, 0.00135808403138, -0.00230489415117, 0.0111029241234, -0.00737094506621, 0.0024516840931, 0.00108201731928, -0.00258753472008], [-0.000584347348195, 0.0025875326246, -0.00106795202009, 0.00197804300115, -0.00116931390949, 0.00118134310469, -0.000251263962127, 0.000233471451793, -0.00737094506621, 0.0158815830946, -0.00739778205752, 0.00310831097886, 0.000551123986952], [0.000729011429939, -0.00299767660908, 0.00157096027397, -0.00228527700529, 0.000771879276726, -0.00275169452652, -0.000700536475051, -0.00128874985967, 0.0024516840931, -0.00739778205752, 0.0187106560916, -0.00963275879622, 0.00426731538028], [-0.000548495270777, 0.00278702122159, -0.000556392129511, 0.00192644621711, -0.00204956415109, 0.001729810494, 0.000571971875615, -0.00113037868869, 0.00108201731928, 0.00310831097886, -0.00963275879622, 0.0190420150757, -0.00984167587012], [0.000291704054689, -0.00135588424746, 0.00103425397538, -0.00125466298778, -0.00087484146934, -0.000669008994009, -0.000652999733575, 0.000811644131318, -0.00258753472008, 0.000551123986952, 0.00426731538028, -0.00984167587012, 0.017196027562]]}, "melbands": {"dmean": [0.0037797675468, 0.00282676960342, 0.00182494486216, 0.000699738797266, 0.000226217322052, 9.0280038421e-05, 6.69608052704e-05, 8.68528004503e-05, 0.00011345367966, 7.82479110057e-05, 7.17311777407e-05, 7.75713851908e-05, 2.24516388698e-05, 3.50626069121e-05, 3.07518312184e-05, 1.94021304196e-05, 1.60546114785e-05, 2.38963330048e-05, 1.51937674673e-05, 1.39725634654e-05, 1.09890033855e-05, 7.2382495091e-06, 6.6678562689e-06, 5.64985293749e-06, 4.84323345518e-06, 3.30579291585e-06, 3.13216287395e-06, 3.00470060211e-06, 2.74566014014e-06, 2.76079526884e-06, 2.32633669839e-06, 2.3294330731e-06, 2.09763106795e-06, 2.01607031158e-06, 1.31653837343e-06, 1.12082932446e-06, 1.01119269402e-06, 1.17086983664e-06, 1.59884268669e-06, 1.55173995608e-06], "dmean2": [0.00601388281211, 0.00466325413436, 0.00314340414479, 0.00129213521723, 0.000394019851228, 0.000141728800372, 9.64652208495e-05, 0.000130932065076, 0.000180782037205, 0.000116457013064, 9.6754731203e-05, 0.000109881424578, 3.5957829823e-05, 5.62945751881e-05, 4.9287758884e-05, 3.10205869027e-05, 2.69865377049e-05, 4.13773486798e-05, 2.63058500423e-05, 2.3474352929e-05, 1.7400674551e-05, 1.15632019515e-05, 1.06750558189e-05, 9.14082193049e-06, 7.87745102571e-06, 5.4436618484e-06, 5.36673769602e-06, 5.13474333275e-06, 4.58866315967e-06, 4.68627058581e-06, 3.92819902117e-06, 3.83631731893e-06, 3.48455182575e-06, 3.37802930517e-06, 2.14673332266e-06, 1.79759695129e-06, 1.63924835306e-06, 1.94639392248e-06, 2.7332037007e-06, 2.60643264482e-06], "dvar": [2.90763091471e-05, 3.78894292226e-05, 2.53392081504e-05, 4.89968169859e-06, 3.71527363541e-07, 3.72686486116e-08, 1.86446680317e-08, 6.99699285178e-08, 8.14686771378e-08, 5.92857816173e-08, 5.66549189784e-08, 6.53482530311e-08, 2.68723354679e-09, 1.54299062416e-08, 5.70608982287e-09, 1.85218096416e-09, 1.75783931855e-09, 2.55212695421e-09, 9.36236976834e-10, 7.82769682406e-10, 4.46835624057e-10, 2.66285826722e-10, 2.90135609982e-10, 2.17247039802e-10, 1.35012639957e-10, 4.08531229679e-11, 5.7034710288e-11, 4.85100744296e-11, 3.83095326295e-11, 5.12532551122e-11, 3.02795670482e-11, 2.94869580142e-11, 3.22519511098e-11, 2.51800889167e-11, 9.36104839477e-12, 4.60339275379e-12, 3.90835237438e-12, 6.07624844537e-12, 1.28347532255e-11, 1.04831161113e-11], "dvar2": [8.61996959429e-05, 9.35984862735e-05, 6.66725900373e-05, 1.39962085086e-05, 1.04907439891e-06, 8.88058124815e-08, 3.74180295637e-08, 1.3598882731e-07, 1.90179036963e-07, 1.10681689591e-07, 9.08665711563e-08, 1.30208093196e-07, 6.23245766107e-09, 3.55802001195e-08, 1.32753950055e-08, 4.40027569937e-09, 4.50449100242e-09, 6.92210022635e-09, 2.55449439379e-09, 2.06366856936e-09, 1.04014374891e-09, 6.69880872994e-10, 6.91517287876e-10, 5.18206477729e-10, 3.3319913495e-10, 1.00437755335e-10, 1.54622370463e-10, 1.28614910389e-10, 9.93307172625e-11, 1.35836217274e-10, 8.10422076669e-11, 7.4258182936e-11, 8.45637518343e-11, 6.69285044053e-11, 2.28212396897e-11, 1.08089509565e-11, 9.91912194742e-12, 1.54474662228e-11, 3.42706522882e-11, 2.8002409419e-11], "max": [0.0463660545647, 0.0538855269551, 0.0496161133051, 0.0236859004945, 0.00808552280068, 0.00471508922055, 0.00427799625322, 0.0131856184453, 0.00674276473001, 0.0116607183591, 0.0101493000984, 0.00925786234438, 0.00119321513921, 0.00595905818045, 0.00280208163895, 0.00155078701209, 0.00159098254517, 0.00141008291394, 0.000602130487096, 0.000544177426491, 0.000468154205009, 0.000373004004359, 0.000627711240668, 0.000635175209027, 0.000615982222371, 0.000145558704389, 0.000124899786897, 0.000100273260614, 0.000136362301419, 0.000103628328361, 7.06259161234e-05, 5.96637000854e-05, 7.41301264497e-05, 4.99661364302e-05, 3.6486551835e-05, 2.55665036093e-05, 2.71720109595e-05, 2.30923524214e-05, 3.43864739989e-05, 3.1914554711e-05], "mean": [0.00691437674686, 0.00382546382025, 0.00184362474829, 0.000652039772831, 0.00029480655212, 0.000173638487468, 0.000155005138367, 0.000175062916242, 0.000210385871469, 0.00016364302428, 0.000245443487074, 0.000203259842237, 4.20093310822e-05, 5.74523073738e-05, 5.17084008607e-05, 3.50797199644e-05, 2.26276388275e-05, 3.2114359783e-05, 2.19363701035e-05, 2.21478130698e-05, 2.18760596908e-05, 1.4118458239e-05, 1.2068396245e-05, 1.02504091046e-05, 8.8195238277e-06, 5.58878946322e-06, 4.55901499663e-06, 4.01216675527e-06, 3.03855927086e-06, 2.93039533972e-06, 2.63087986241e-06, 2.48039555117e-06, 2.13370253732e-06, 1.97360395759e-06, 1.44622572407e-06, 1.24710629734e-06, 1.16141416129e-06, 1.28876774852e-06, 1.54509950789e-06, 1.48641106534e-06], "median": [0.00404271669686, 0.00220028730109, 0.000521532318089, 0.000136323084007, 8.66427581059e-05, 5.92728829361e-05, 5.03946066601e-05, 3.54686926585e-05, 2.70869786618e-05, 2.55373961409e-05, 2.08747151191e-05, 2.34500967053e-05, 1.16749833978e-05, 1.7098383978e-05, 1.76542907866e-05, 1.13480009531e-05, 6.65112247589e-06, 8.23628852231e-06, 5.54495363758e-06, 5.01670410813e-06, 5.00098576595e-06, 3.37167102771e-06, 3.05118715005e-06, 2.54250153375e-06, 2.49130926022e-06, 1.68763608599e-06, 1.47660966832e-06, 1.05989488475e-06, 7.55998939894e-07, 7.03208002051e-07, 5.90039519466e-07, 5.62374282254e-07, 4.70797488106e-07, 3.7222332594e-07, 3.23804925983e-07, 3.33502441663e-07, 3.63421662541e-07, 4.23041115027e-07, 4.12691349538e-07, 4.17971079969e-07], "min": [5.30042248928e-25, 5.09541233116e-25, 6.37326198051e-25, 1.02148494212e-24, 9.95453025284e-25, 1.46388277232e-24, 1.66313355559e-24, 1.66490908427e-24, 2.52017294783e-24, 1.61626989301e-24, 1.56386842687e-24, 1.68246853637e-24, 3.05344390584e-24, 1.57391930366e-24, 1.73139901453e-24, 2.02413780228e-24, 1.94048245594e-24, 2.8160955782e-24, 2.6168547543e-24, 2.08457066129e-24, 3.48609269716e-24, 3.10504152271e-24, 3.21023572999e-24, 3.33433873596e-24, 3.88356657514e-24, 3.95419526413e-24, 3.29252733304e-24, 3.93644273832e-24, 5.09760851992e-24, 3.52037816982e-24, 5.53109310936e-24, 4.74008729134e-24, 5.75679449738e-24, 4.44250568649e-24, 4.52688067119e-24, 5.51949409304e-24, 4.93178680219e-24, 5.23491686022e-24, 6.44323798571e-24, 4.96327734067e-24], "var": [5.48079369764e-05, 3.51955677615e-05, 1.87460027519e-05, 3.09479946736e-06, 3.25591429373e-07, 9.20696905382e-08, 9.18913798387e-08, 3.09788731556e-07, 2.85188264115e-07, 2.40695783305e-07, 7.65271295222e-07, 4.60075625597e-07, 8.03418487294e-09, 3.71289132772e-08, 1.33110029665e-08, 5.51901679913e-09, 2.83584333793e-09, 3.82239084828e-09, 1.46513134958e-09, 1.36472022572e-09, 1.44741973962e-09, 8.39517344531e-10, 6.56699195023e-10, 4.56653020953e-10, 2.84701651143e-10, 1.01138972197e-10, 7.39877603628e-11, 5.70420689849e-11, 3.99511361493e-11, 4.80702595784e-11, 2.98848619462e-11, 2.90155018068e-11, 2.83809364898e-11, 2.12806768735e-11, 9.41515528735e-12, 5.45760181839e-12, 4.23860989709e-12, 5.74817016902e-12, 1.04880010926e-11, 8.41874660262e-12]}, "mfcc": {"mean": [-696.305053711, 118.183647156, 25.1851100922, 25.558177948, 22.4548873901, 13.4602813721, 12.5058393478, 10.8276147842, 8.55533027649, 5.28622436523, 5.1621837616, 2.37308430672, 2.42381262779], "cov": [[19494.046875, 896.621520996, -1757.03967285, -686.999389648, -438.227539062, -132.146530151, 49.5740966797, 182.403579712, 201.752929688, 30.2664737701, 65.7793045044, -39.0382843018, 130.449264526], [896.621520996, 1849.61010742, -143.060913086, -27.1660995483, 226.61366272, -14.2411651611, 20.7934799194, 82.2741546631, 49.8128013611, 54.8412399292, 44.7313537598, 34.2770996094, 21.5009498596], [-1757.03967285, -143.060913086, 1370.37145996, 173.74041748, 81.4009246826, 96.5433197021, 26.9652080536, -58.5977592468, -31.5643348694, 33.9142417908, 41.7882919312, 5.25810861588, -68.8933105469], [-686.999389648, -27.1660995483, 173.74041748, 686.272766113, 159.430679321, 99.6463623047, 18.6722164154, 15.4823331833, -25.6959457397, -49.0510139465, -62.1920280457, -24.0822792053, 1.16767024994], [-438.227539062, 226.61366272, 81.4009246826, 159.430679321, 387.484771729, 91.0979995728, -19.2593765259, -15.3990526199, 9.89716339111, -33.9600296021, -40.660949707, 22.0824146271, 34.9847755432], [-132.146530151, -14.2411651611, 96.5433197021, 99.6463623047, 91.0979995728, 193.08140564, 31.7150115967, -8.19502353668, -0.59095710516, 2.30432653427, -19.32289505, -3.69244599342, 5.88017988205], [49.5740966797, 20.7934799194, 26.9652080536, 18.6722164154, -19.2593765259, 31.7150115967, 196.066696167, 91.6325912476, -9.62275409698, 10.5788164139, 21.0331630707, -8.15842819214, -10.3404035568], [182.403579712, 82.2741546631, -58.5977592468, 15.4823331833, -15.3990526199, -8.19502353668, 91.6325912476, 150.156600952, 29.512720108, 1.26808357239, -1.12468874454, -3.09079122543, 5.72041893005], [201.752929688, 49.8128013611, -31.5643348694, -25.6959457397, 9.89716339111, -0.59095710516, -9.62275409698, 29.512720108, 107.697105408, 48.5518455505, 7.13515138626, 13.6307220459, 12.9675941467], [30.2664737701, 54.8412399292, 33.9142417908, -49.0510139465, -33.9600296021, 2.30432653427, 10.5788164139, 1.26808357239, 48.5518455505, 130.244979858, 75.8581314087, 18.8699245453, -4.14870023727], [65.7793045044, 44.7313537598, 41.7882919312, -62.1920280457, -40.660949707, -19.32289505, 21.0331630707, -1.12468874454, 7.13515138626, 75.8581314087, 132.534057617, 60.503868103, -7.1038851738], [-39.0382843018, 34.2770996094, 5.25810861588, -24.0822792053, 22.0824146271, -3.69244599342, -8.15842819214, -3.09079122543, 13.6307220459, 18.8699245453, 60.503868103, 104.711212158, 38.5624427795], [130.449264526, 21.5009498596, -68.8933105469, 1.16767024994, 34.9847755432, 5.88017988205, -10.3404035568, 5.72041893005, 12.9675941467, -4.14870023727, -7.1038851738, 38.5624427795, 84.014465332]], "icov": [[6.41045699012e-05, -3.37704550475e-05, 6.57223135931e-05, 3.14632052323e-05, 8.01686837804e-05, -5.38332024007e-05, -1.01368659671e-05, 7.46496698412e-06, -0.000140974938404, 0.000129901207401, -0.000146109829075, 0.000142480916111, -0.000118386720715], [-3.37704550475e-05, 0.000662554753944, 4.15865215473e-05, 6.04438610026e-05, -0.000582564389333, 0.000201197981369, 9.54825809458e-05, -0.000449825980468, 0.000137964671012, -0.000386915926356, -0.000128521583974, -2.10806902032e-05, 0.000145429818076], [6.57223135931e-05, 4.15865215473e-05, 0.000929421687033, -0.000141683820402, -0.000110189415864, -0.0002969817142, -0.000180635339348, 0.000323230749927, 1.81603991223e-05, -0.000150095336721, -0.000263420981355, -0.000143735640449, 0.000707336352207], [3.14632052323e-05, 6.04438610026e-05, -0.000141683820402, 0.0018186790403, -0.000569641531911, -0.000569860683754, 9.6244722954e-05, -0.000533196958713, 0.00038970191963, 0.000149851373862, 0.000382195517886, 0.000209500169149, 2.86587396658e-06], [8.01686837804e-05, -0.000582564389333, -0.000110189415864, -0.000569641531911, 0.00397477997467, -0.00145096669439, 0.000162322729011, 0.000662963313516, -0.000919581740163, 0.00114267668687, 0.000645373831503, -0.000856392493006, -0.00099057436455], [-5.38332024007e-05, 0.000201197981369, -0.0002969817142, -0.000569860683754, -0.00145096669439, 0.00683265784755, -0.00187575316522, 0.00127040105872, 9.46206855588e-05, -0.0015442474978, 0.00171560188755, -0.000437635346316, -0.000139818454045], [-1.01368659671e-05, 9.54825809458e-05, -0.000180635339348, 9.6244722954e-05, 0.000162322729011, -0.00187575316522, 0.00863415095955, -0.00595867075026, 0.00248239492066, -0.000465478777187, -0.00197132490575, 0.00120030075777, 0.000250167067861], [7.46496698412e-06, -0.000449825980468, 0.000323230749927, -0.000533196958713, 0.000662963313516, 0.00127040105872, -0.00595867075026, 0.0117415273562, -0.00442239269614, 0.00185460911598, 0.000285952381091, 0.000169867431396, -0.000801451562438], [-0.000140974938404, 0.000137964671012, 1.81603991223e-05, 0.00038970191963, -0.000919581740163, 9.46206855588e-05, 0.00248239492066, -0.00442239269614, 0.0148051995784, -0.00813211128116, 0.00478633306921, -0.00309152482077, 0.000312975578709], [0.000129901207401, -0.000386915926356, -0.000150095336721, 0.000149851373862, 0.00114267668687, -0.0015442474978, -0.000465478777187, 0.00185460911598, -0.00813211128116, 0.017163220793, -0.0115437610075, 0.00535277882591, -0.00210943468846], [-0.000146109829075, -0.000128521583974, -0.000263420981355, 0.000382195517886, 0.000645373831503, 0.00171560188755, -0.00197132490575, 0.000285952381091, 0.00478633306921, -0.0115437610075, 0.0213980749249, -0.0132349142805, 0.00596282957122], [0.000142480916111, -2.10806902032e-05, -0.000143735640449, 0.000209500169149, -0.000856392493006, -0.000437635346316, 0.00120030075777, 0.000169867431396, -0.00309152482077, 0.00535277882591, -0.0132349142805, 0.02056004107, -0.00962779857218], [-0.000118386720715, 0.000145429818076, 0.000707336352207, 2.86587396658e-06, -0.00099057436455, -0.000139818454045, 0.000250167067861, -0.000801451562438, 0.000312975578709, -0.00210943468846, 0.00596282957122, -0.00962779857218, 0.017907788977]]}, "spectral_contrast_coeffs": {"dmean": [0.0507896952331, 0.0433439016342, 0.0365532971919, 0.0343710184097, 0.0226715337485, 0.0199326071888], "dmean2": [0.0802757665515, 0.0690028592944, 0.0580326020718, 0.0547933802009, 0.0351875498891, 0.0308322627097], "dvar": [0.00294079002924, 0.00159874628298, 0.00113179266918, 0.00113676593173, 0.000473233230878, 0.00043394145905], "dvar2": [0.00678278459236, 0.00382221559994, 0.00266194459982, 0.00270049995743, 0.00102052255534, 0.000959353055805], "max": [-0.285121232271, -0.372781038284, -0.422780692577, -0.522592902184, -0.582585990429, -0.611297667027], "mean": [-0.678820848465, -0.713425576687, -0.7541898489, -0.77824562788, -0.796505689621, -0.809099197388], "median": [-0.684681475163, -0.71988427639, -0.770539402962, -0.77502155304, -0.800298690796, -0.809264779091], "min": [-0.982918322086, -0.979018449783, -0.979954183102, -0.974460959435, -0.968436539173, -0.964881062508], "var": [0.00950868334621, 0.010193021968, 0.0113085117191, 0.00637363502756, 0.00404257373884, 0.00250777020119]}, "spectral_contrast_valleys": {"dmean": [0.337808191776, 0.44472360611, 0.418042749166, 0.426637321711, 0.364534407854, 0.457479894161], "dmean2": [0.55692243576, 0.680057764053, 0.640963613987, 0.673049390316, 0.529855191708, 0.63145506382], "dvar": [0.10217165947, 0.227348551154, 0.214297696948, 0.307786941528, 0.200996905565, 0.287155032158], "dvar2": [0.244882106781, 0.479491829872, 0.46015509963, 0.715590059757, 0.401890397072, 0.61007976532], "max": [-5.20963335037, -4.73702383041, -5.49206209183, -5.17537498474, -5.58357429