{"lowlevel": {"average_loudness": 0.951640665531, "barkbands_crest": {"dmean": 2.25029993057, "dmean2": 3.49672532082, "dvar": 5.03276968002, "dvar2": 12.3055534363, "max": 25.7254543304, "mean": 10.2713460922, "median": 9.29786491394, "min": 2.59501838684, "var": 17.3040485382}, "barkbands_flatness_db": {"dmean": 0.0204445328563, "dmean2": 0.0289102252573, "dvar": 0.000403263082262, "dvar2": 0.000775474065449, "max": 0.477110981941, "mean": 0.153141722083, "median": 0.143710434437, "min": 0.0261596608907, "var": 0.00394444493577}, "barkbands_kurtosis": {"dmean": 2.36217498779, "dmean2": 3.61328053474, "dvar": 10.2484807968, "dvar2": 23.4357318878, "max": 86.8798751831, "mean": 4.55412721634, "median": 3.15043926239, "min": -1.71055757999, "var": 42.3157272339}, "barkbands_skewness": {"dmean": 0.433206498623, "dmean2": 0.654590010643, "dvar": 0.201807811856, "dvar2": 0.452268958092, "max": 7.98773908615, "mean": 1.84742295742, "median": 1.77403438091, "min": -2.01679372787, "var": 0.81373333931}, "barkbands_spread": {"dmean": 3.94182610512, "dmean2": 5.73694705963, "dvar": 18.0292701721, "dvar2": 37.4897117615, "max": 73.2925567627, "mean": 17.7914829254, "median": 15.5876607895, "min": 1.20473837852, "var": 96.9474716187}, "dissonance": {"dmean": 0.0165112335235, "dmean2": 0.0273054447025, "dvar": 0.000244240189204, "dvar2": 0.000644427491352, "max": 0.500000059605, "mean": 0.461947202682, "median": 0.467010498047, "min": 0.273037046194, "var": 0.000631074595731}, "dynamic_complexity": 2.60672211647, "erbbands_crest": {"dmean": 1.90132582188, "dmean2": 2.98797082901, "dvar": 3.31995034218, "dvar2": 7.79257392883, "max": 27.1447906494, "mean": 7.71907043457, "median": 6.88638782501, "min": 2.43444561958, "var": 12.3420600891}, "erbbands_flatness_db": {"dmean": 0.0180823206902, "dmean2": 0.025044715032, "dvar": 0.000488378456794, "dvar2": 0.000938345619943, "max": 0.430410474539, "mean": 0.170220851898, "median": 0.154704704881, "min": 0.0634847953916, "var": 0.004452356603}, "erbbands_kurtosis": {"dmean": 0.46237295866, "dmean2": 0.72733694315, "dvar": 0.32371109724, "dvar2": 0.702790081501, "max": 16.6228466034, "mean": -0.339538872242, "median": -0.571587085724, "min": -1.69603312016, "var": 1.03352129459}, "erbbands_skewness": {"dmean": 0.259159356356, "dmean2": 0.390493094921, "dvar": 0.0557764656842, "dvar2": 0.113740235567, "max": 4.04193115234, "mean": 0.367887884378, "median": 0.381113857031, "min": -1.79054999352, "var": 0.311935514212}, "erbbands_spread": {"dmean": 6.34026908875, "dmean2": 9.75516796112, "dvar": 43.8453865051, "dvar2": 103.670349121, "max": 96.5419082642, "mean": 40.2009391785, "median": 39.0447998047, "min": 9.07667922974, "var": 187.657287598}, "hfc": {"dmean": 4.67667579651, "dmean2": 7.13020467758, "dvar": 56.6230888367, "dvar2": 139.156967163, "max": 103.404518127, "mean": 17.2804508209, "median": 13.3881063461, "min": 1.18204308057e-16, "var": 174.569946289}, "melbands_crest": {"dmean": 2.84796023369, "dmean2": 4.44661855698, "dvar": 7.78702497482, "dvar2": 18.9611873627, "max": 34.113658905, "mean": 14.7279691696, "median": 13.6237478256, "min": 1.91908323765, "var": 27.1481246948}, "melbands_flatness_db": {"dmean": 0.0254669971764, "dmean2": 0.0360941588879, "dvar": 0.00061955943238, "dvar2": 0.001196313533, "max": 0.530148565769, "mean": 0.222864001989, "median": 0.216237545013, "min": 0.00436223391443, "var": 0.00433304207399}, "melbands_kurtosis": {"dmean": 5.6670832634, "dmean2": 8.9296579361, "dvar": 71.9874649048, "dvar2": 177.755737305, "max": 158.155761719, "mean": 13.4829559326, "median": 10.5099563599, "min": -1.49699890614, "var": 173.895736694}, "melbands_skewness": {"dmean": 0.595345556736, "dmean2": 0.925198495388, "dvar": 0.445804059505, "dvar2": 1.03481674194, "max": 9.59742164612, "mean": 2.87606215477, "median": 2.75830554962, "min": -0.612352669239, "var": 1.43582463264}, "melbands_spread": {"dmean": 4.47512817383, "dmean2": 6.56389522552, "dvar": 34.0027122498, "dvar2": 66.0084991455, "max": 148.361587524, "mean": 16.7238521576, "median": 14.6282835007, "min": 1.08377230167, "var": 106.418151855}, "pitch_salience": {"dmean": 0.0622080080211, "dmean2": 0.0994202718139, "dvar": 0.00324195250869, "dvar2": 0.00804478675127, "max": 0.840616941452, "mean": 0.56512182951, "median": 0.580862045288, "min": 0.151743382215, "var": 0.0119897751138}, "silence_rate_20dB": {"dmean": 0, "dmean2": 0, "dvar": 0, "dvar2": 0, "max": 1, "mean": 1, "median": 1, "min": 1, "var": 0}, "silence_rate_30dB": {"dmean": 0.0259222332388, "dmean2": 0.0518530830741, "dvar": 0.0252498164773, "dvar2": 0.0667788982391, "max": 1, "mean": 0.981558382511, "median": 1, "min": 0, "var": 0.0181022398174}, "silence_rate_60dB": {"dmean": 0.00166168157011, "dmean2": 0.00315771973692, "dvar": 0.00165901856963, "dvar2": 0.00381210958585, "max": 1, "mean": 0.0192723050714, "median": 0, "min": 0, "var": 0.0189007427543}, "spectral_centroid": {"dmean": 207.451293945, "dmean2": 301.737121582, "dvar": 53785.671875, "dvar2": 101942.976562, "max": 10884.3056641, "mean": 1143.6895752, "median": 1041.42932129, "min": 275.622802734, "var": 254537.28125}, "spectral_complexity": {"dmean": 3.48388171196, "dmean2": 5.20242643356, "dvar": 13.4029474258, "dvar2": 27.2274303436, "max": 49, "mean": 20.752450943, "median": 20, "min": 0, "var": 80.0952453613}, "spectral_decrease": {"dmean": 3.36897931774e-09, "dmean2": 5.18287546214e-09, "dvar": 3.03943082395e-17, "dvar2": 6.82996943736e-17, "max": -8.91976473381e-30, "mean": -9.12562736488e-09, "median": -7.51978657121e-09, "min": -4.4400433552e-08, "var": 5.6658020607e-17}, "spectral_energy": {"dmean": 0.0130270924419, "dmean2": 0.0200163479894, "dvar": 0.00045324806706, "dvar2": 0.00102128076833, "max": 0.17050845921, "mean": 0.0360096357763, "median": 0.0297268871218, "min": 1.07551388415e-20, "var": 0.000853003759403}, "spectral_energyband_high": {"dmean": 0.00024890282657, "dmean2": 0.000374651397578, "dvar": 1.92925909914e-07, "dvar2": 4.67151522798e-07, "max": 0.00885788537562, "mean": 0.000654510513414, "median": 0.000199458925636, "min": 7.83051173108e-21, "var": 1.13197791052e-06}, "spectral_energyband_low": {"dmean": 0.00786988809705, "dmean2": 0.0122967176139, "dvar": 0.000230781952268, "dvar2": 0.000494250911288, "max": 0.142466142774, "mean": 0.0169860143214, "median": 0.012320747599, "min": 1.0198431648e-22, "var": 0.000444560224423}, "spectral_energyband_middle_high": {"dmean": 0.00119944079779, "dmean2": 0.00179594231304, "dvar": 2.7730329748e-06, "dvar2": 6.43710291115e-06, "max": 0.029069731012, "mean": 0.0039969808422, "median": 0.00333959283307, "min": 1.55645341362e-21, "var": 7.61792944104e-06}, "spectral_energyband_middle_low": {"dmean": 0.00619589304551, "dmean2": 0.00958638545126, "dvar": 0.000146311955177, "dvar2": 0.000367431319319, "max": 0.130733713508, "mean": 0.0154612828046, "median": 0.0118667986244, "min": 3.34977275224e-22, "var": 0.000197546702111}, "spectral_entropy": {"dmean": 0.156081646681, "dmean2": 0.218677282333, "dvar": 0.032116021961, "dvar2": 0.0632927641273, "max": 9.79899024963, "mean": 7.43747425079, "median": 7.48370361328, "min": 4.90304374695, "var": 0.19259250164}, "spectral_flux": {"dmean": 0.0345555581152, "dmean2": 0.0548174977303, "dvar": 0.00213440437801, "dvar2": 0.0049872524105, "max": 0.385695099831, "mean": 0.0848797559738, "median": 0.0702442079782, "min": 1.03706987442e-10, "var": 0.00373323867097}, "spectral_kurtosis": {"dmean": 2.38286375999, "dmean2": 4.1489481926, "dvar": 12.3925161362, "dvar2": 35.3940467834, "max": 56.5997200012, "mean": 4.88205862045, "median": 3.75210618973, "min": -1.21998810768, "var": 18.8411617279}, "spectral_rms": {"dmean": 0.000972188077867, "dmean2": 0.00146767066326, "dvar": 1.94518929675e-06, "dvar2": 4.20094693254e-06, "max": 0.0128976628184, "mean": 0.00545606017113, "median": 0.00538533600047, "min": 3.23926215712e-12, "var": 5.36281868335e-06}, "spectral_rolloff": {"dmean": 330.784362793, "dmean2": 525.427490234, "dvar": 344533.34375, "dvar2": 614506.25, "max": 18970.7519531, "mean": 990.57824707, "median": 753.662109375, "min": 64.599609375, "var": 805838.3125}, "spectral_skewness": {"dmean": 0.258115142584, "dmean2": 0.431948512793, "dvar": 0.0916843563318, "dvar2": 0.255682438612, "max": 5.42166900635, "mean": 1.46249508858, "median": 1.426389575, "min": 0.0105469357222, "var": 0.198941066861}, "spectral_spread": {"dmean": 473982.09375, "dmean2": 693321.0625, "dvar": 622052573184, "dvar2": 1026037383170.0, "max": 40573564, "mean": 3914487.75, "median": 3854750.5, "min": 1324697.125, "var": 2098028609540.0}, "spectral_strongpeak": {"dmean": 0.283044427633, "dmean2": 0.468666523695, "dvar": 0.134191706777, "dvar2": 0.305249392986, "max": 5.13349580765, "mean": 0.586991131306, "median": 0.46322825551, "min": 0, "var": 0.253054320812}, "zerocrossingrate": {"dmean": 0.0075668990612, "dmean2": 0.00856817141175, "dvar": 0.000104613769508, "dvar2": 0.000120059448818, "max": 0.49609375, "mean": 0.0456556342542, "median": 0.0400390625, "min": 0.001953125, "var": 0.000686743762344}, "barkbands": {"dmean": [0.000956808158662, 0.00514382310212, 0.00340981665067, 0.0014527408639, 0.00372671941295, 0.00147469539661, 0.000595312914811, 0.0008434963529, 0.000391847919673, 0.000390348024666, 0.000246984243859, 0.000265693844995, 0.000310851901304, 0.000291263597319, 0.000124622223666, 0.000181966563105, 0.000112898604129, 0.000203180374228, 0.000114311238576, 0.000112964640721, 7.61164264986e-05, 6.58686840325e-05, 5.05129755766e-05, 3.53606010322e-05, 2.57680276263e-05, 8.28386328067e-06, 1.17668980693e-06], "dmean2": [0.00143828277942, 0.00765389436856, 0.00601016357541, 0.00237518665381, 0.00593133270741, 0.00221749302, 0.000953791895881, 0.00131275027525, 0.000627333647572, 0.000581943721045, 0.000391650450183, 0.000424568279414, 0.000525973853655, 0.000461103540147, 0.000203390009119, 0.000292420299957, 0.000185137032531, 0.000324660242768, 0.000182963456609, 0.000184527554666, 0.000120957440231, 0.000103782927908, 7.79373658588e-05, 5.78462677367e-05, 3.94278140448e-05, 1.26882796394e-05, 1.79303822279e-06], "dvar": [2.31708236242e-06, 8.54444733704e-05, 7.80716873123e-05, 6.26023393124e-06, 8.54434765643e-05, 5.02124294144e-06, 1.01768489458e-06, 2.12119493881e-06, 4.48603486802e-07, 5.70748852624e-07, 2.27316249379e-07, 1.3579163749e-07, 1.94031954948e-07, 1.58450248477e-07, 4.57340902926e-08, 9.39429796176e-08, 2.56510386265e-08, 1.09548174976e-07, 2.32283454693e-08, 6.86603627287e-08, 1.92456575121e-08, 1.77273200563e-08, 9.81030989777e-09, 7.51891082729e-09, 2.95164670483e-09, 3.99587390953e-10, 1.05000634923e-11], "dvar2": [5.00443638884e-06, 0.000168359300005, 0.000222017508349, 1.56843707373e-05, 0.000216281827306, 1.27920020532e-05, 2.56402131527e-06, 5.56447002964e-06, 1.24791267808e-06, 1.35263951506e-06, 6.13802001226e-07, 3.39043396025e-07, 5.76840818667e-07, 3.60050989912e-07, 1.15777893939e-07, 2.04721331443e-07, 6.8647764806e-08, 2.68575831797e-07, 5.7904969708e-08, 1.58220984758e-07, 4.997569647e-08, 4.4862314752e-08, 2.28012915215e-08, 2.04435295359e-08, 6.90787960167e-09, 9.78861880441e-10, 2.49324901003e-11], "max": [0.0176469739527, 0.103762745857, 0.0872294604778, 0.0280221775174, 0.0939053073525, 0.0435359850526, 0.024779830128, 0.022203233093, 0.0104290051386, 0.0148290004581, 0.0128613980487, 0.00755997281522, 0.00680340733379, 0.00575373368338, 0.0039500487037, 0.00485059199855, 0.00245090574026, 0.00418400252238, 0.00223590130918, 0.00613555451855, 0.00299132498913, 0.00328498566523, 0.00162945128977, 0.00199546292424, 0.000844316906296, 0.000343469611835, 5.08995362907e-05], "mean": [0.00163041194901, 0.0098742172122, 0.00464855413884, 0.00215020938776, 0.00525513384491, 0.00406031217426, 0.00126595865004, 0.00159385765437, 0.000708059116732, 0.000742738426197, 0.000472605315736, 0.000465378223453, 0.000547420466319, 0.000473664869787, 0.000198940120754, 0.0003135408042, 0.00021508653299, 0.000359922880307, 0.000247473362833, 0.000240066889091, 0.000171377600054, 0.00014029747399, 0.000105407591036, 6.98880539858e-05, 4.46675658168e-05, 1.3033391042e-05, 1.48065430494e-06], "median": [0.000456476351246, 0.00623007584363, 0.00292165786959, 0.00134622270707, 0.00271497736685, 0.00268445839174, 0.000552638608497, 0.000923212384805, 0.000479749462102, 0.000318438513204, 0.000304465240333, 0.000323776417645, 0.000408145453548, 0.000335345510393, 0.000119187614473, 0.000201970455237, 0.000148204300785, 0.000238368360442, 0.000169225138961, 0.000106872001197, 6.61996164126e-05, 3.69353583665e-05, 1.96462060558e-05, 1.48699091369e-05, 7.33126034902e-06, 2.05943115361e-06, 8.77878321148e-08], "min": [7.66559649658e-24, 7.86010592998e-23, 8.93765758322e-24, 2.09472341947e-23, 8.59990662887e-23, 9.12702916554e-23, 1.65153852301e-23, 3.21257829189e-23, 6.48761480373e-23, 3.01981665872e-23, 5.90720881499e-23, 1.00622016806e-22, 1.22040467596e-22, 6.71126255016e-23, 1.46813022426e-22, 1.821174257e-22, 2.58921920552e-22, 2.15333480654e-22, 3.05500837479e-22, 2.56222173477e-22, 4.87558801999e-22, 5.31707042839e-22, 4.92478820179e-22, 9.58131724768e-22, 1.37313556881e-21, 1.7326675218e-21, 2.34414241232e-21], "var": [6.55520761939e-06, 0.000188058009371, 5.74721161684e-05, 8.10432993603e-06, 8.94340410014e-05, 1.80964616447e-05, 2.79666505776e-06, 3.83118913305e-06, 6.07023764587e-07, 1.30095077111e-06, 3.45022215242e-07, 2.39390857359e-07, 2.7616468401e-07, 2.64653408522e-07, 6.02910859016e-08, 1.49460518628e-07, 5.58656410021e-08, 1.7156686738e-07, 7.2529402928e-08, 2.11970984765e-07, 8.25767116908e-08, 6.15601578602e-08, 3.71403494626e-08, 2.26764633737e-08, 6.84716638943e-09, 6.91651402818e-10, 1.48548864182e-11]}, "erbbands": {"dmean": [0.237954080105, 1.03335416317, 3.68564987183, 4.33422660828, 8.11010932922, 15.5802278519, 9.31675052643, 14.3043384552, 9.87389755249, 14.7909421921, 13.7884492874, 7.69216060638, 15.3564491272, 7.54301786423, 10.2860918045, 8.54436302185, 14.3503007889, 10.7697601318, 11.4922046661, 6.39510297775, 10.0137605667, 6.40206670761, 10.3923540115, 7.64811372757, 4.79214096069, 5.53818941116, 3.37005496025, 2.95350766182, 2.3603219986, 2.17472362518, 1.37142169476, 0.804644405842, 0.532255411148, 0.338960766792, 0.163342684507, 0.0520846173167, 0.0125433253124, 0.00179280061275, 0.000217305598198, 2.27240634558e-05], "dmean2": [0.346625894308, 1.65712201595, 6.47759819031, 7.09917068481, 13.0550870895, 25.6104297638, 15.1314916611, 21.2150688171, 15.8462724686, 23.430185318, 21.7416324615, 12.5370149612, 23.0141677856, 11.5355033875, 16.4897060394, 13.6589727402, 24.1681156158, 17.4265651703, 18.0849227905, 10.2602367401, 16.0937976837, 10.3289680481, 16.6206893921, 12.1789474487, 7.61487007141, 9.10147380829, 5.40076303482, 4.66006088257, 3.77790927887, 3.48140358925, 2.10601520538, 1.33143401146, 0.851437449455, 0.532600998878, 0.246997356415, 0.0785852521658, 0.0194905232638, 0.00270933122374, 0.000331007700879, 3.43580941262e-05], "dvar": [0.193995565176, 4.13659572601, 92.6870346069, 68.8440704346, 247.008514404, 1857.50500488, 341.606506348, 468.553955078, 282.912475586, 721.85534668, 635.842285156, 232.998733521, 779.204223633, 136.053192139, 353.018829346, 140.383117676, 420.706176758, 251.933883667, 291.813201904, 98.2972335815, 265.048431396, 84.1204910278, 336.412322998, 117.539634705, 53.1271018982, 258.59564209, 32.2685966492, 30.6117839813, 23.8938503265, 18.6139431, 7.65034580231, 2.9393184185, 1.6788071394, 0.500358104706, 0.128694176674, 0.0144756222144, 0.00110093911644, 1.90483006008e-05, 3.3918297504e-07, 1.6428725047e-09], "dvar2": [0.385213643312, 9.20438575745, 261.279937744, 176.590133667, 603.570739746, 4868.42529297, 953.80291748, 1148.92590332, 734.537475586, 1917.23352051, 1749.23730469, 664.49395752, 1851.38574219, 347.421051025, 928.461914062, 354.378417969, 1245.76721191, 644.188232422, 653.756774902, 233.771224976, 589.846740723, 218.504302979, 825.601196289, 287.335205078, 128.427810669, 598.717895508, 86.8948059082, 74.1909866333, 60.6122665405, 46.910987854, 17.7241039276, 7.76755952835, 4.56825304031, 1.23576903343, 0.295037388802, 0.0347486995161, 0.00280959182419, 4.469722262e-05, 8.06812920473e-07, 3.93145116462e-09], "max": [4.90934038162, 17.7204875946, 97.2849197388, 86.9902954102, 179.991577148, 418.990325928, 220.287353516, 427.031738281, 306.400482178, 514.680908203, 272.949493408, 235.143951416, 570.004211426, 191.676895142, 496.477783203, 378.810577393, 319.829559326, 263.945220947, 228.925216675, 134.13885498, 232.823226929, 150.678543091, 246.016586304, 154.566055298, 141.064666748, 387.746124268, 104.20199585, 131.923034668, 80.3795700073, 123.912651062, 47.8409461975, 39.9180603027, 27.921962738, 11.7256450653, 6.08287191391, 1.77743780613, 0.740038573742, 0.0717995017767, 0.00789353996515, 0.000537785468623], "mean": [0.426842987537, 1.65643835068, 4.97175121307, 6.64569616318, 11.4050340652, 19.2033081055, 19.5815544128, 39.3625221252, 22.3246002197, 29.5453128815, 28.0836448669, 15.271736145, 30.211774826, 16.6852016449, 20.0226917267, 17.728351593, 26.4447555542, 18.8713340759, 18.2392654419, 11.8796224594, 17.5403747559, 13.3661870956, 19.0893688202, 16.4647655487, 11.0573921204, 11.6278009415, 7.27021789551, 6.4340634346, 4.92133808136, 4.40404415131, 2.83347773552, 1.68298518658, 1.00243389606, 0.585461735725, 0.263615876436, 0.0816664770246, 0.0191665701568, 0.00275451270863, 0.00028856418794, 5.30101679033e-05], "median": [0.212514936924, 1.19870328903, 3.17188096046, 4.95893144608, 5.66274023056, 7.61893224716, 13.383518219, 27.2004394531, 13.24958992, 15.2757663727, 16.702911377, 10.6482181549, 16.0738182068, 12.1882982254, 13.1782474518, 13.4377584457, 19.7262115479, 13.5184288025, 11.9152975082, 7.82995319366, 11.5159292221, 9.41350078583, 13.6574440002, 11.7071046829, 6.68334054947, 4.44269800186, 3.56387162209, 1.84594869614, 1.22802829742, 1.1243288517, 0.520726919174, 0.352128326893, 0.203610420227, 0.100375600159, 0.0410697348416, 0.0137160280719, 0.00289482972585, 0.000289998337394, 3.4745218727e-05, 3.97429612349e-05], "min": [2.08762332422e-21, 1.7435212785e-20, 1.49316084894e-20, 4.86208104512e-20, 1.50783613161e-19, 2.8941565878e-19, 4.11222811966e-19, 1.02065795103e-18, 2.99124587822e-19, 5.67266298621e-19, 8.74332595806e-19, 9.29914686873e-19, 1.75719487129e-18, 1.76717356461e-18, 1.96677431437e-18, 4.25830015082e-18, 6.32490627294e-18, 2.55076734235e-18, 5.45301199879e-18, 9.40651594622e-18, 1.00325196164e-17, 1.56297000969e-17, 1.21675596313e-17, 1.58048770983e-17, 1.39932754562e-17, 1.19213575938e-17, 1.49362150324e-17, 2.3032433875e-17, 1.7568090329e-17, 1.77345885514e-17, 1.38603632482e-17, 1.77580755177e-17, 1.76155787679e-17, 1.67795771013e-17, 8.91116131793e-18, 5.38935672834e-18, 3.45540742221e-18, 1.05276992959e-18, 3.07279554686e-19, 4.01111511254e-20], "var": [0.428582191467, 5.83638381958, 68.4430923462, 76.9872436523, 291.158294678, 1776.75366211, 459.085388184, 1742.41650391, 691.9453125, 1391.94458008, 1077.91137695, 273.04385376, 1791.33007812, 261.492401123, 566.127929688, 265.055145264, 615.939880371, 356.137268066, 486.476989746, 159.020324707, 426.837280273, 193.422210693, 465.607147217, 288.163330078, 189.112686157, 690.558288574, 109.504943848, 135.272827148, 80.9119110107, 60.2534484863, 28.2111282349, 11.1770925522, 4.66627502441, 1.15185081959, 0.273091822863, 0.0254531577229, 0.0017216776032, 3.8031324948e-05, 4.95717415561e-07, 2.54075760431e-09]}, "gfcc": {"mean": [-11.0339441299, 121.157165527, -132.458251953, 33.2915229797, -56.3937797546, -1.00141835213, -32.4025230408, 0.585686028004, -20.8404808044, 0.178698062897, -5.00517177582, -0.0190520696342, -6.72627687454], "cov": [[10383.5429688, -1480.94848633, 2302.67822266, 1212.56286621, -374.487213135, 1954.68798828, -214.979980469, 1061.1270752, -58.9716377258, 477.525726318, -498.571502686, 226.397827148, -314.603271484], [-1480.94848633, 1914.81982422, -814.317565918, -211.22038269, 423.098907471, -586.932312012, 411.857055664, -243.610900879, 152.181533813, -244.206115723, 200.200942993, -229.813659668, 101.584098816], [2302.67822266, -814.317565918, 1485.94946289, 566.74810791, 77.4554290771, 856.000915527, -95.6868133545, 441.289642334, -16.6646881104, 274.624755859, -140.497436523, 162.962982178, -87.4635391235], [1212.56286621, -211.22038269, 566.74810791, 547.709716797, 122.291854858, 417.888366699, 38.5889167786, 218.935012817, 54.5408248901, 76.4047775269, -40.5918693542, 21.8355712891, -12.232506752], [-374.487213135, 423.098907471, 77.4554290771, 122.291854858, 359.146636963, 0.919586479664, 149.623550415, 24.0262451172, 64.3187866211, -11.2057189941, 42.8323173523, -28.705034256, 29.8983001709], [1954.68798828, -586.932312012, 856.000915527, 417.888366699, 0.919586479664, 675.420654297, -61.5771713257, 331.03427124, 4.04324483871, 180.135650635, -101.369018555, 102.841094971, -51.8557701111], [-214.979980469, 411.857055664, -95.6868133545, 38.5889167786, 149.623550415, -61.5771713257, 195.21194458, 10.4956474304, 60.6345558167, -44.2485237122, 43.5834884644, -52.6171417236, 20.2443370819], [1061.1270752, -243.610900879, 441.289642334, 218.935012817, 24.0262451172, 331.03427124, 10.4956474304, 251.232162476, 27.9175033569, 101.497940063, -43.3164558411, 52.0791702271, -31.3899345398], [-58.9716377258, 152.181533813, -16.6646881104, 54.5408248901, 64.3187866211, 4.04324483871, 60.6345558167, 27.9175033569, 83.0752029419, 12.6849918365, 37.9052200317, -10.889418602, 24.1961688995], [477.525726318, -244.206115723, 274.624755859, 76.4047775269, -11.2057189941, 180.135650635, -44.2485237122, 101.497940063, 12.6849918365, 129.177841187, 13.7111721039, 66.7456665039, -5.70415401459], [-498.571502686, 200.200942993, -140.497436523, -40.5918693542, 42.8323173523, -101.369018555, 43.5834884644, -43.3164558411, 37.9052200317, 13.7111721039, 126.627929688, 21.0228996277, 52.2030258179], [226.397827148, -229.813659668, 162.962982178, 21.8355712891, -28.705034256, 102.841094971, -52.6171417236, 52.0791702271, -10.889418602, 66.7456665039, 21.0228996277, 97.520690918, 20.8829078674], [-314.603271484, 101.584098816, -87.4635391235, -12.232506752, 29.8983001709, -51.8557701111, 20.2443370819, -31.3899345398, 24.1961688995, -5.70415401459, 52.2030258179, 20.8829078674, 74.4187088013]], "icov": [[0.000400973629439, -0.000620242732111, 0.000314770411933, -0.000618729798589, 0.000849592674058, -0.000784066680353, 2.65096150542e-05, -0.000380919547752, 0.000441944546765, -0.00100036512595, 0.00149471045006, -0.00125278776977, 0.000837116211187], [-0.000620242732111, 0.00323865446262, -0.000721191463526, 0.0020442281384, -0.00270128669217, 0.00110742088873, -0.00165858049877, 0.000481827970361, -0.00167401810177, 0.00378682161681, -0.00509507209063, 0.00548969395459, -0.00217504170723], [0.000314770411933, -0.000721191463526, 0.00382643262856, -0.00167028477881, -0.000418241135776, -0.00283067324199, 0.000195128668565, -0.000691447814461, 0.0020266356878, -0.00381983746774, 0.00312826922163, -0.00341915967874, 0.00220193667337], [-0.000618729798589, 0.0020442281384, -0.00167028477881, 0.0065800556913, -0.00272921938449, -0.00189719616901, -0.000122760291561, 4.14236237702e-05, -0.00331263896078, 0.00572796631604, -0.00541848596185, 0.00617466541007, -0.00287786824629], [0.000849592674058, -0.00270128669217, -0.000418241135776, -0.00272921938449, 0.00763664394617, -0.000485833064886, -0.00235227076337, 0.000128835410578, 0.000577391474508, -0.00356359197758, 0.00462179817259, -0.00434336811304, 0.00114228157327], [-0.000784066680353, 0.00110742088873, -0.00283067324199, -0.00189719616901, -0.000485833064886, 0.0116452556103, 6.17744881311e-05, -0.00410129269585, 0.000138523697387, -0.00159524811897, 0.000579490675591, 0.000954854069278, -0.00274376804009], [2.65096150542e-05, -0.00165858049877, 0.000195128668565, -0.000122760291561, -0.00235227076337, 6.17744881311e-05, 0.0137050421908, -0.00451793475077, -0.00254555488937, 0.00358514976688, -0.00263714953326, 0.0025753218215, 0.000169115985045], [-0.000380919547752, 0.000481827970361, -0.000691447814461, 4.14236237702e-05, 0.000128835410578, -0.00410129269585, -0.00451793475077, 0.0155098726973, -0.00480322027579, -0.0020981321577, 0.00145358650479, -0.00326585536823, 0.00308531126939], [0.000441944546765, -0.00167401810177, 0.0020266356878, -0.00331263896078, 0.000577391474508, 0.000138523697387, -0.00254555488937, -0.00480322027579, 0.0242659151554, -0.00869244895875, -0.000147946848301, 0.00333238765597, -0.00486551970243], [-0.00100036512595, 0.00378682161681, -0.00381983746774, 0.00572796631604, -0.00356359197758, -0.00159524811897, 0.00358514976688, -0.0020981321577, -0.00869244895875, 0.0297368671745, -0.015750285238, 0.00186188227963, 0.00114532827865], [0.00149471045006, -0.00509507209063, 0.00312826922163, -0.00541848596185, 0.00462179817259, 0.000579490675591, -0.00263714953326, 0.00145358650479, -0.000147946848301, -0.015750285238, 0.0286280941218, -0.0161859318614, -0.000761876348406], [-0.00125278776977, 0.00548969395459, -0.00341915967874, 0.00617466541007, -0.00434336811304, 0.000954854069278, 0.0025753218215, -0.00326585536823, 0.00333238765597, 0.00186188227963, -0.0161859318614, 0.037180852145, -0.0154812382534], [0.000837116211187, -0.00217504170723, 0.00220193667337, -0.00287786824629, 0.00114228157327, -0.00274376804009, 0.000169115985045, 0.00308531126939, -0.00486551970243, 0.00114532827865, -0.000761876348406, -0.0154812382534, 0.0274932477623]]}, "melbands": {"dmean": [0.00165452330839, 0.00170236534905, 0.000815545965452, 0.000895453733392, 0.000405125465477, 0.000307795358822, 0.000148113656905, 0.000176884670509, 9.79814503808e-05, 5.13966260769e-05, 7.769408694e-05, 3.07665904984e-05, 3.1714054785e-05, 3.61616221198e-05, 3.09812457999e-05, 2.56056118815e-05, 2.13399780478e-05, 2.32183065236e-05, 1.03911088445e-05, 1.0924371054e-05, 1.25466094687e-05, 6.58980570734e-06, 8.09158973425e-06, 1.17976715046e-05, 6.44710689812e-06, 3.865101462e-06, 4.2292431317e-06, 3.66958420273e-06, 2.31120066019e-06, 2.16530020225e-06, 1.89428772046e-06, 1.53221662913e-06, 1.35258380851e-06, 1.21871971714e-06, 8.9779962309e-07, 5.9670878727e-07, 5.36220284175e-07, 4.43434430508e-07, 3.42117118635e-07, 2.80140596942e-07], "dmean2": [0.00236295792274, 0.0028909642715, 0.00135134207085, 0.00141085975338, 0.000672162161209, 0.000459474074887, 0.000236955602304, 0.000278323685052, 0.000155414774781, 8.31170254969e-05, 0.000116310497106, 4.69360675197e-05, 5.10698082508e-05, 5.75579761062e-05, 5.15903666383e-05, 4.33738350694e-05, 3.45671323885e-05, 3.66960593965e-05, 1.7015470803e-05, 1.77367601282e-05, 2.02106548386e-05, 1.08772164822e-05, 1.31302431328e-05, 1.90849241335e-05, 1.04012133306e-05, 6.23713503956e-06, 6.94108621246e-06, 6.08910113442e-06, 3.79213065571e-06, 3.54240614797e-06, 3.0697085549e-06, 2.51351912084e-06, 2.18299715016e-06, 1.95306756723e-06, 1.37660572364e-06, 9.66463289842e-07, 9.04040803107e-07, 7.28362124391e-07, 5.58816793728e-07, 4.45337832389e-07], "dvar": [8.77467846294e-06, 1.68276965269e-05, 2.35110860558e-06, 5.30637225893e-06, 7.85521706348e-07, 2.16454864699e-07, 6.0250840761e-08, 9.56629833126e-08, 3.38300978342e-08, 9.32093691119e-09, 1.97852116912e-08, 2.15551732019e-09, 4.07142186631e-09, 2.62155541719e-09, 1.4750367594e-09, 1.68363589736e-09, 1.04231479003e-09, 1.21646015483e-09, 2.66910882285e-10, 4.13956507961e-10, 3.65938612745e-10, 1.01119813911e-10, 1.44356235299e-10, 3.5747085847e-10, 8.22164489267e-11, 2.61139287278e-11, 7.35918409545e-11, 1.09765377343e-10, 1.3942235387e-11, 2.36724355396e-11, 1.4072814962e-11, 1.09645252946e-11, 7.29778477232e-12, 5.91783349754e-12, 3.22626083835e-12, 1.51435569813e-12, 1.96895126071e-12, 1.71173253523e-12, 6.05807125385e-13, 3.69017208283e-13], "dvar2": [1.7423844838e-05, 4.50497900601e-05, 6.0723587012e-06, 1.30256948978e-05, 2.21750678975e-06, 5.40036523944e-07, 1.54723338142e-07, 2.52960148828e-07, 9.40383344528e-08, 2.63059067862e-08, 4.70082106574e-08, 5.46780176691e-09, 1.09247038083e-08, 6.51358611492e-09, 4.27457802488e-09, 4.87660845039e-09, 2.68506594736e-09, 2.70372213507e-09, 6.74592881555e-10, 9.61040580449e-10, 8.4643431153e-10, 2.68968181061e-10, 3.58494373076e-10, 8.85907625037e-10, 2.04947975257e-10, 6.41847269778e-11, 1.78066519863e-10, 2.56540483301e-10, 3.62879934435e-11, 6.90987128626e-11, 3.66257024709e-11, 2.80639626121e-11, 1.93287399974e-11, 1.4707565027e-11, 7.66183470835e-12, 3.7034195155e-12, 5.38152031618e-12, 4.76839314562e-12, 1.62008102246e-12, 9.10675614779e-13], "max": [0.0343871116638, 0.0395052209496, 0.015327882953, 0.0229979306459, 0.00956495385617, 0.00887555349618, 0.00459609925747, 0.00539983110502, 0.0020975258667, 0.00159292423632, 0.00287513341755, 0.000708114763256, 0.00178955204319, 0.00081260065781, 0.000609234382864, 0.000810128112789, 0.00058764196001, 0.000501047063153, 0.000264523463557, 0.000334430573275, 0.000211347491131, 0.000157929564011, 0.000139208466862, 0.000229391633184, 0.000118519143143, 8.25049210107e-05, 0.000176854635356, 0.000244262599153, 6.3527324528e-05, 8.5644707724e-05, 6.90004962962e-05, 5.603916361e-05, 6.06813810009e-05, 5.98030164838e-05, 2.75968341157e-05, 2.20097281272e-05, 3.53040886694e-05, 2.89218096441e-05, 1.93054474948e-05, 9.02588908502e-06], "mean": [0.00316512864083, 0.00247569032945, 0.00128349673469, 0.00115459039807, 0.000744316843338, 0.000842589011882, 0.000337553559802, 0.00034594713361, 0.000198440116947, 9.68270469457e-05, 0.000151358661242, 6.46253756713e-05, 6.28502384643e-05, 6.21238068561e-05, 5.56667764613e-05, 4.62162861368e-05, 3.42669154634e-05, 3.36651537509e-05, 1.63467266248e-05, 1.70701532625e-05, 2.0590814529e-05, 1.25248170662e-05, 1.40065803862e-05, 1.99701116799e-05, 1.29684594867e-05, 8.24167545943e-06, 8.29708187666e-06, 7.29834300728e-06, 4.54071368949e-06, 4.04435058954e-06, 3.66671747543e-06, 2.92885920317e-06, 2.49577715294e-06, 2.38288021137e-06, 1.734615239e-06, 1.18392267723e-06, 1.04011473923e-06, 7.73911267515e-07, 5.82063591992e-07, 4.53816141999e-07], "median": [0.00184156675823, 0.0018196554156, 0.000933703791816, 0.000512074737344, 0.000506474694703, 0.000577803992201, 0.000209294114029, 0.000206841068575, 0.000115268529044, 6.83232210577e-05, 8.0374913523e-05, 4.52916028735e-05, 4.03580816055e-05, 4.27875347668e-05, 4.22673110734e-05, 3.45330881828e-05, 2.3566706659e-05, 2.02489136427e-05, 1.00824900073e-05, 1.01112145785e-05, 1.29036679937e-05, 8.05659874459e-06, 1.00706702142e-05, 1.27830599013e-05, 8.90900082595e-06, 5.58369038117e-06, 3.76995194529e-06, 2.64640607384e-06, 2.53843404607e-06, 1.33379103318e-06, 9.44016733229e-07, 6.89711782798e-07, 6.87186400228e-07, 5.50361733076e-07, 3.0483994351e-07, 2.3162399998e-07, 2.00744352696e-07, 1.4877487331e-07, 1.0954325802e-07, 7.07898664132e-08], "min": [2.09916644186e-23, 1.43167478458e-23, 1.09359290308e-23, 1.52884588202e-23, 1.54834605028e-23, 2.03422094348e-23, 4.69567757782e-24, 6.47636777715e-24, 8.00297968397e-24, 6.77053598086e-24, 8.74361436661e-24, 6.41120983853e-24, 6.50165076916e-24, 1.25109079719e-23, 1.02905556134e-23, 1.21396266426e-23, 3.78631146401e-24, 8.3060127121e-24, 1.2757823013e-23, 1.1466917617e-23, 1.12413191754e-23, 1.68883665547e-23, 1.19052773669e-23, 1.12631974437e-23, 1.32388719707e-23, 9.61206423742e-24, 7.25997605203e-24, 8.83259787672e-24, 9.26702042178e-24, 1.06912890646e-23, 1.32725515982e-23, 9.71117908814e-24, 1.07272193123e-23, 9.24621263769e-24, 7.04026961246e-24, 9.3974538393e-24, 1.18061514721e-23, 1.12421853446e-23, 1.44907074526e-23, 1.41827219557e-23], "var": [2.0386192773e-05, 1.47436467159e-05, 2.63108768195e-06, 5.75097055844e-06, 8.03577449915e-07, 7.94975051122e-07, 1.55271663971e-07, 1.72460559611e-07, 5.61256321419e-08, 1.11708615691e-08, 4.5391285397e-08, 4.32925695293e-09, 6.18493078974e-09, 4.47877201992e-09, 2.6668625086e-09, 1.97290495052e-09, 1.39256106646e-09, 1.96779814665e-09, 3.71107117259e-10, 5.5233928542e-10, 5.91159732277e-10, 2.17065490582e-10, 2.19542314883e-10, 5.61860058479e-10, 1.9769079429e-10, 7.80395123523e-11, 2.17759352217e-10, 2.86044743447e-10, 3.4155067663e-11, 5.90921686583e-11, 4.64401711531e-11, 3.2694381924e-11, 1.87690713666e-11, 1.85875533715e-11, 1.00903270114e-11, 5.26695961151e-12, 5.85685059479e-12, 3.93661969342e-12, 1.25789081842e-12, 7.45943617205e-13]}, "mfcc": {"mean": [-643.959655762, 140.951950073, -12.7443399429, 28.8998947144, -3.35501098633, 0.343521952629, -0.921060979366, -1.11164045334, -9.05655479431, -2.81948304176, 0.993071317673, 0.833319783211, -1.61315047741], "cov": [[7773.28222656, -744.219238281, 1506.47436523, 246.806289673, 359.911804199, 739.054931641, 222.127929688, 598.465393066, 459.009460449, 415.04901123, 221.683029175, 123.888114929, 153.440216064], [-744.219238281, 1611.16345215, -757.723388672, 179.106018066, -73.5790481567, -173.576934814, 118.321563721, -38.0876312256, -26.0093193054, -5.25465869904, 41.554561615, -15.2821121216, -49.7902450562], [1506.47436523, -757.723388672, 1191.06591797, 78.8341293335, 341.508758545, 389.044616699, 129.382385254, 245.928863525, 193.378890991, 178.590332031, 97.4604492188, 95.5993499756, 101.765213013], [246.806289673, 179.106018066, 78.8341293335, 301.902435303, 142.822128296, 117.57434082, 109.844490051, 112.445869446, 94.3436965942, 79.5154418945, 42.4342918396, 37.136051178, 23.1128101349], [359.911804199, -73.5790481567, 341.508758545, 142.822128296, 269.082763672, 190.843276978, 98.612121582, 116.416282654, 104.282829285, 85.5481109619, 53.6447486877, 41.309135437, 43.8841972351], [739.054931641, -173.576934814, 389.044616699, 117.57434082, 190.843276978, 254.960571289, 96.4980239868, 138.078384399, 114.283981323, 98.8230895996, 57.7558479309, 49.0549507141, 44.9783096313], [222.127929688, 118.321563721, 129.382385254, 109.844490051, 98.612121582, 96.4980239868, 136.09526062, 96.3675460815, 71.4169540405, 64.6692810059, 44.3244476318, 32.0896034241, 21.38098526], [598.465393066, -38.0876312256, 245.928863525, 112.445869446, 116.416282654, 138.078384399, 96.3675460815, 172.697372437, 118.731544495, 89.2381210327, 49.7863578796, 38.3107452393, 33.2780189514], [459.009460449, -26.0093193054, 193.378890991, 94.3436965942, 104.282829285, 114.283981323, 71.4169540405, 118.731544495, 135.589950562, 89.4739837646, 40.9159049988, 21.5923652649, 18.1500320435], [415.04901123, -5.25465869904, 178.590332031, 79.5154418945, 85.5481109619, 98.8230895996, 64.6692810059, 89.2381210327, 89.4739837646, 114.969329834, 59.2765235901, 37.3380393982, 20.739812851], [221.683029175, 41.554561615, 97.4604492188, 42.4342918396, 53.6447486877, 57.7558479309, 44.3244476318, 49.7863578796, 40.9159049988, 59.2765235901, 81.7386398315, 43.9974098206, 20.0161361694], [123.888114929, -15.2821121216, 95.5993499756, 37.136051178, 41.309135437, 49.0549507141, 32.0896034241, 38.3107452393, 21.5923652649, 37.3380393982, 43.9974098206, 74.2594223022, 39.4042282104], [153.440216064, -49.7902450562, 101.765213013, 23.1128101349, 43.8841972351, 44.9783096313, 21.38098526, 33.2780189514, 18.1500320435, 20.739812851, 20.0161361694, 39.4042282104, 60.3091392517]], "icov": [[0.0002347206173, -5.19631576026e-05, -0.000178112386493, -5.40137853022e-06, 0.000473593216157, -0.000557376304641, 0.000368465669453, -0.000505749078002, -9.99814437819e-06, -0.000244478025706, -0.000172881569597, 0.000383207283448, -0.000223867755267], [-5.19631576026e-05, 0.00140250951517, 0.00110578746535, -0.000399631768232, -0.000526275951415, 0.000809203891549, -0.00187785620801, 0.000215322128497, 7.98504188424e-05, -0.000221884649363, -0.00107665371615, 0.000260503060417, 0.000143129713251], [-0.000178112386493, 0.00110578746535, 0.00317310029641, 0.00110879621934, -0.00207975925878, -0.00115692743566, -0.00103607412893, -0.000875999743585, 0.000360969424946, -0.0011750444537, -0.00011301428458, -0.000441290292656, -0.00056497490732], [-5.40137853022e-06, -0.000399631768232, 0.00110879621934, 0.00645694276318, -0.00249017192982, -0.000943671737332, -0.00155496515799, -0.00171550526284, -0.000532635196578, -0.00135893747211, 0.00173013238236, -0.00158496072982, 0.000440900941612], [0.000473593216157, -0.000526275951415, -0.00207975925878, -0.00249017192982, 0.0112514775246, -0.00535051245242, -0.000517141888849, 0.00118260586169, -0.00211488571949, 0.000976285664365, -0.00155672361143, 0.0023007709533, -0.0025275729131], [-0.000557376304641, 0.000809203891549, -0.00115692743566, -0.000943671737332, -0.00535051245242, 0.0148625588045, -0.00260805548169, -0.00101286894642, -0.00113843521103, -0.000589273055084, -0.000246641458943, -0.00153044809122, 0.000319462240441], [0.000368465669453, -0.00187785620801, -0.00103607412893, -0.00155496515799, -0.000517141888849, -0.00260805548169, 0.0178776867688, -0.00631505111232, 0.000885540503077, -0.00134982576128, -0.000924116291571, -0.00043942843331, 0.000115816153993], [-0.000505749078002, 0.000215322128497, -0.000875999743585, -0.00171550526284, 0.00118260586169, -0.00101286894642, -0.00631505111232, 0.021830059588, -0.0118533428758, 0.00128159031738, -0.000415969581809, -0.00150433159433, -0.00206433585845], [-9.99814437819e-06, 7.98504188424e-05, 0.000360969424946, -0.000532635196578, -0.00211488571949, -0.00113843521103, 0.000885540503077, -0.0118533428758, 0.0261630564928, -0.0116390623152, 0.00156593904831, 0.00419101724401, 0.001171750715], [-0.000244478025706, -0.000221884649363, -0.0011750444537, -0.00135893747211, 0.000976285664365, -0.000589273055084, -0.00134982576128, 0.00128159031738, -0.0116390623152, 0.0265469998121, -0.00972573738545, -0.00291139562614, 0.00194643682335], [-0.000172881569597, -0.00107665371615, -0.00011301428458, 0.00173013238236, -0.00155672361143, -0.000246641458943, -0.000924116291571, -0.000415969581809, 0.00156593904831, -0.00972573738545, 0.0262736100703, -0.0115487892181, 0.00265144184232], [0.000383207283448, 0.000260503060417, -0.000441290292656, -0.00158496072982, 0.0023007709533, -0.00153044809122, -0.00043942843331, -0.00150433159433, 0.00419101724401, -0.00291139562614, -0.0115487892181, 0.0299641005695, -0.0149595458061], [-0.000223867755267, 0.000143129713251, -0.00056497490732, 0.000440900941612, -0.0025275729131, 0.000319462240441, 0.000115816153993, -0.00206433585845, 0.001171750715, 0.00194643682335, 0.00265144184232, -0.0149595458061, 0.0286244377494]]}, "spectral_contrast_coeffs": {"dmean": [0.0505396053195, 0.0449179857969, 0.0387649536133, 0.0351299680769, 0.0260685235262, 0.0183847267181], "dmean2": [0.0800121799111, 0.0711119398475, 0.0609973520041, 0.0558867454529, 0.0413662232459, 0.0294905342162], "dvar": [0.00237451167777, 0.00164699193556, 0.00114905042574, 0.000936253461987, 0.000525820127223, 0.000347360823071], "dvar2": [0.00585092417896, 0.00397220626473, 0.00261839595623, 0.00204410264269, 0.00121277139988, 0.000827582611237], "max": [-0.263028770685, -0.303491055965, -0.388505637646, -0.474342614412, -0.607308864594, -0.575663745403], "mean": [-0.647752523422, -0.680926799774, -0.751308500767, -0.764564871788, -0.771162450314, -0.736454665661], "median": [-0.67325258255, -0.685925483704, -0.752566218376, -0.769863009453, -0.774689018726, -0.743815422058], "min": [-0.964101314545, -0.942687273026, -0.97310769558, -0.961508750916, -0.958538532257, -0.956922411919], "var": [0.0114589547738, 0.0064872414805, 0.00347156473435, 0.00278610200621, 0.00177734158933, 0.00174966442864]}, "spectral_contrast_valleys": {"dmean": [0.491380184889, 0.390864431858, 0.379259735346, 0.382695913315, 0.281011521816, 0.423007667065], "dmean2": [0.753498077393, 0.610842168331, 0.584291100502, 0.564690709114, 0.41072717309, 0.559859395027], "dvar": [0.393208324909, 0.237986698747, 0.202448099852, 0.223246172071, 0.161652475595, 0.31646463275], "dvar2": [0.698920786381, 0.435286551714, 0.344085544348, 0.355607807636, 0.251748859882, 0.612684845924], "max": [-4.92213439941, -4.37556838989, -5.11052036285, -5.