{"lowlevel": {"average_loudness": 0.543881952763, "barkbands_crest": {"dmean": 2.05023002625, "dmean2": 3.20311355591, "dvar": 5.99718570709, "dvar2": 14.4377527237, "max": 26.6397972107, "mean": 16.1693534851, "median": 15.1902723312, "min": 4.73143482208, "var": 35.2975959778}, "barkbands_flatness_db": {"dmean": 0.0240539647639, "dmean2": 0.0368778444827, "dvar": 0.000941305363085, "dvar2": 0.0019965742249, "max": 0.608128666878, "mean": 0.316142439842, "median": 0.296055823565, "min": 0.0685843601823, "var": 0.00922681298107}, "barkbands_kurtosis": {"dmean": 9.35997581482, "dmean2": 13.7435731888, "dvar": 464.272857666, "dvar2": 906.996643066, "max": 451.288482666, "mean": 25.3158798218, "median": 9.18550014496, "min": -1.96358644962, "var": 1863.01574707}, "barkbands_skewness": {"dmean": 0.697116553783, "dmean2": 0.99296861887, "dvar": 0.910831093788, "dvar2": 1.64027988911, "max": 18.1281585693, "mean": 3.22542667389, "median": 2.47940349579, "min": -8.82307052612, "var": 7.45169639587}, "barkbands_spread": {"dmean": 1.13844561577, "dmean2": 1.67908942699, "dvar": 6.76332187653, "dvar2": 12.508728981, "max": 104.221557617, "mean": 6.13419675827, "median": 4.49057626724, "min": 0.144234493375, "var": 91.3643569946}, "dissonance": {"dmean": 0.0319949761033, "dmean2": 0.0529978536069, "dvar": 0.000826600880828, "dvar2": 0.00230815261602, "max": 0.499624460936, "mean": 0.386161625385, "median": 0.392256677151, "min": 0.175999358296, "var": 0.00240896013565}, "dynamic_complexity": 3.71370029449, "erbbands_crest": {"dmean": 1.98627197742, "dmean2": 2.93053388596, "dvar": 4.79146671295, "dvar2": 10.5504198074, "max": 32.3841705322, "mean": 13.1115474701, "median": 12.1468820572, "min": 2.94793462753, "var": 25.4903697968}, "erbbands_flatness_db": {"dmean": 0.0167775396258, "dmean2": 0.0236508157104, "dvar": 0.000482796924189, "dvar2": 0.000961529032793, "max": 0.520095348358, "mean": 0.265701174736, "median": 0.266348302364, "min": 0.0614325925708, "var": 0.00309068826027}, "erbbands_kurtosis": {"dmean": 1.1659270525, "dmean2": 1.67119300365, "dvar": 11.8949079514, "dvar2": 22.3899555206, "max": 160.226699829, "mean": 2.2367041111, "median": 0.835871577263, "min": -1.56850349903, "var": 70.4007415771}, "erbbands_skewness": {"dmean": 0.266581982374, "dmean2": 0.369458496571, "dvar": 0.10439517349, "dvar2": 0.184307008982, "max": 11.3323793411, "mean": 1.10592997074, "median": 0.972154378891, "min": -0.97225612402, "var": 0.90864700079}, "erbbands_spread": {"dmean": 3.09834241867, "dmean2": 4.41364336014, "dvar": 16.3393535614, "dvar2": 32.6879653931, "max": 122.839508057, "mean": 21.9649391174, "median": 20.337846756, "min": 1.36605739594, "var": 124.007156372}, "hfc": {"dmean": 2.76730537415, "dmean2": 3.97570586205, "dvar": 17.7681064606, "dvar2": 35.6828842163, "max": 51.9337348938, "mean": 14.6432275772, "median": 13.5074872971, "min": 1.13312600143e-16, "var": 70.6283416748}, "melbands_crest": {"dmean": 2.22741818428, "dmean2": 3.42654085159, "dvar": 6.24412870407, "dvar2": 14.1587209702, "max": 32.7847747803, "mean": 19.2483692169, "median": 19.3339633942, "min": 2.01426768303, "var": 35.5982093811}, "melbands_flatness_db": {"dmean": 0.0261442083865, "dmean2": 0.0387877002358, "dvar": 0.00123176956549, "dvar2": 0.00238307192922, "max": 0.771970033646, "mean": 0.406828224659, "median": 0.382156908512, "min": 0.00517241703346, "var": 0.0167953372002}, "melbands_kurtosis": {"dmean": 8.85757732391, "dmean2": 12.9980564117, "dvar": 220.478942871, "dvar2": 417.854980469, "max": 507.040130615, "mean": 29.504907608, "median": 15.8696985245, "min": -1.29677069187, "var": 1584.32568359}, "melbands_skewness": {"dmean": 0.59672164917, "dmean2": 0.872594356537, "dvar": 0.486462563276, "dvar2": 0.906207442284, "max": 13.4374256134, "mean": 3.45746397972, "median": 3.06342983246, "min": -0.411469548941, "var": 4.14182949066}, "melbands_spread": {"dmean": 1.28942966461, "dmean2": 1.89905631542, "dvar": 15.7454948425, "dvar2": 31.5626716614, "max": 141.133834839, "mean": 6.54387569427, "median": 4.59283256531, "min": 0.335020691156, "var": 101.157279968}, "pitch_salience": {"dmean": 0.0574896149337, "dmean2": 0.0896547362208, "dvar": 0.00441480986774, "dvar2": 0.0105135468766, "max": 0.835825204849, "mean": 0.409985005856, "median": 0.428564250469, "min": 0.0626310184598, "var": 0.0262069907039}, "silence_rate_20dB": {"dmean": 0.0274617504328, "dmean2": 0.0549450553954, "dvar": 0.0267080739141, "dvar2": 0.0597762875259, "max": 1, "mean": 0.939607858658, "median": 1, "min": 0, "var": 0.0567447505891}, "silence_rate_30dB": {"dmean": 0.0486465282738, "dmean2": 0.0973312407732, "dvar": 0.0462793856859, "dvar2": 0.0996326506138, "max": 1, "mean": 0.744705855846, "median": 1, "min": 0, "var": 0.19012337923}, "silence_rate_60dB": {"dmean": 0.00235386425629, "dmean2": 0.00470957625657, "dvar": 0.00234829774126, "dvar2": 0.00625723646954, "max": 1, "mean": 0.0533333346248, "median": 0, "min": 0, "var": 0.0504889562726}, "spectral_centroid": {"dmean": 53.1465759277, "dmean2": 73.5135879517, "dvar": 36357.2890625, "dvar2": 39403.8320312, "max": 10681.0615234, "mean": 468.95513916, "median": 410.813171387, "min": 111.890014648, "var": 178671.6875}, "spectral_complexity": {"dmean": 1.21694779396, "dmean2": 1.95604395866, "dvar": 1.73286211491, "dvar2": 3.7390601635, "max": 23, "mean": 10.4396076202, "median": 10, "min": 0, "var": 14.9757900238}, "spectral_decrease": {"dmean": 6.19086604203e-09, "dmean2": 9.05262442785e-09, "dvar": 1.78117343932e-16, "dvar2": 3.59240040169e-16, "max": 4.52484947484e-16, "mean": -2.35681412164e-08, "median": -1.18607825783e-08, "min": -1.96991635448e-07, "var": 8.1373105284e-16}, "spectral_energy": {"dmean": 0.0236007366329, "dmean2": 0.034502658993, "dvar": 0.00257015810348, "dvar2": 0.00518321013078, "max": 0.748201727867, "mean": 0.0902796760201, "median": 0.0461348742247, "min": 1.04274210304e-20, "var": 0.0117080826312}, "spectral_energyband_high": {"dmean": 2.83585286525e-05, "dmean2": 4.17774172092e-05, "dvar": 7.78683162395e-09, "dvar2": 1.52944803489e-08, "max": 0.00132088002283, "mean": 8.40742432047e-05, "median": 7.84831900091e-06, "min": 7.65406457446e-21, "var": 3.16174393333e-08}, "spectral_energyband_low": {"dmean": 0.0212317463011, "dmean2": 0.0314313955605, "dvar": 0.00263835862279, "dvar2": 0.00534555921331, "max": 0.742144823074, "mean": 0.0689009726048, "median": 0.00958636961877, "min": 7.32700256548e-23, "var": 0.0125447632745}, "spectral_energyband_middle_high": {"dmean": 0.000369364570361, "dmean2": 0.000457506685052, "dvar": 3.39770167557e-07, "dvar2": 5.07696654495e-07, "max": 0.0122712599114, "mean": 0.00201298762113, "median": 0.00142028951086, "min": 1.3715453262e-21, "var": 3.88488024328e-06}, "spectral_energyband_middle_low": {"dmean": 0.00486473971978, "dmean2": 0.00732717849314, "dvar": 6.00391977059e-05, "dvar2": 0.00013626353757, "max": 0.12536111474, "mean": 0.02137565054, "median": 0.0167601145804, "min": 2.66919960389e-22, "var": 0.000285451154923}, "spectral_entropy": {"dmean": 0.184856519103, "dmean2": 0.279118180275, "dvar": 0.070484623313, "dvar2": 0.168097361922, "max": 9.80257987976, "mean": 5.91950416565, "median": 5.89272642136, "min": 3.94605875015, "var": 0.311165332794}, "spectral_flux": {"dmean": 0.0358498096466, "dmean2": 0.0575252138078, "dvar": 0.00363172241487, "dvar2": 0.00885787792504, "max": 0.644219636917, "mean": 0.0724131241441, "median": 0.0515042021871, "min": 1.02114747214e-10, "var": 0.00544831203297}, "spectral_kurtosis": {"dmean": 12.5708637238, "dmean2": 21.0560150146, "dvar": 211.313430786, "dvar2": 517.135681152, "max": 191.701049805, "mean": 29.5817546844, "median": 19.664691925, "min": -1.27922642231, "var": 764.478637695}, "spectral_rms": {"dmean": 0.00108020333573, "dmean2": 0.00156450388022, "dvar": 3.17704393638e-06, "dvar2": 6.13870815869e-06, "max": 0.0270176399499, "mean": 0.00802475679666, "median": 0.00670892186463, "min": 3.18952871926e-12, "var": 2.36808537011e-05}, "spectral_rolloff": {"dmean": 76.4092102051, "dmean2": 127.939414978, "dvar": 199363.609375, "dvar2": 342644.875, "max": 19702.8808594, "mean": 695.287658691, "median": 366.064453125, "min": 64.599609375, "var": 5311805}, "spectral_skewness": {"dmean": 0.814088523388, "dmean2": 1.37363743782, "dvar": 0.690457522869, "dvar2": 1.74371170998, "max": 11.2912168503, "mean": 3.64151191711, "median": 3.19987273216, "min": 0.0201851148158, "var": 2.95423913002}, "spectral_spread": {"dmean": 369322.0625, "dmean2": 579029.0625, "dvar": 977652678656, "dvar2": 1295794438140.0, "max": 46317284, "mean": 2328009.75, "median": 1848656.75, "min": 506018.65625, "var": 4522223075330.0}, "spectral_strongpeak": {"dmean": 0.299014061689, "dmean2": 0.497683256865, "dvar": 0.175467401743, "dvar2": 0.421522647142, "max": 3.8190331459, "mean": 1.24404001236, "median": 1.11103188992, "min": 0, "var": 0.583119809628}, "zerocrossingrate": {"dmean": 0.00351106585003, "dmean2": 0.00399152655154, "dvar": 0.000161951902555, "dvar2": 0.000150412030052, "max": 0.7626953125, "mean": 0.0263909306377, "median": 0.017578125, "min": 0.00244140625, "var": 0.00415797717869}, "barkbands": {"dmean": [0.000663087586872, 0.0174690485001, 0.00547187170014, 0.00209023151547, 0.00193636293989, 0.00195389729924, 0.000502274895553, 0.000362725462765, 0.000226446092711, 0.000259113701759, 0.000118680596643, 8.78808496054e-05, 3.78400181944e-05, 5.33721540705e-05, 8.44018650241e-05, 1.56530677486e-05, 1.85082826647e-05, 2.07242374017e-05, 1.50771575136e-05, 1.25877777464e-05, 8.48479976412e-06, 1.08535250547e-05, 3.91977209802e-06, 1.78151105956e-06, 6.81645644818e-07, 1.56317511824e-07, 4.0352867714e-09], "dmean2": [0.0011352073634, 0.0257161073387, 0.00890193041414, 0.0031943093054, 0.00297270854935, 0.00286299572326, 0.000677445204929, 0.00045461425907, 0.000304844928905, 0.000310748640914, 0.000145307829371, 0.000119085540064, 5.17655971635e-05, 7.88651668699e-05, 0.000117667310406, 2.21883237828e-05, 2.68410876743e-05, 2.89397721644e-05, 2.22120143007e-05, 1.98656562134e-05, 1.25672886497e-05, 1.57284885063e-05, 5.74182240598e-06, 2.32618344853e-06, 9.52488392159e-07, 2.25939359666e-07, 7.14724501805e-09], "dvar": [1.652583137e-06, 0.00232641608454, 0.000222483562538, 2.37343992922e-05, 1.83432348422e-05, 1.4518676835e-05, 1.52972268097e-06, 6.84575809373e-07, 1.8351079234e-07, 3.47948486024e-07, 6.17683895143e-08, 5.07028694585e-08, 6.44012088102e-09, 2.0094903519e-08, 2.87260171206e-08, 9.81930203814e-10, 1.15169462855e-09, 2.18073958891e-09, 9.09063879728e-10, 9.39544664291e-10, 8.63227878067e-10, 1.12521203466e-09, 1.29937838267e-10, 4.76415920603e-11, 5.68411723939e-12, 4.15121848571e-13, 5.79807816681e-17], "dvar2": [4.49267054137e-06, 0.00482858438045, 0.000527679163497, 5.12445840286e-05, 4.27700615546e-05, 2.82742275886e-05, 3.20848084812e-06, 1.06888842311e-06, 3.83019994388e-07, 4.79059451663e-07, 8.12772711356e-08, 7.14887988806e-08, 1.06091713192e-08, 4.35520561837e-08, 5.4170367747e-08, 2.01110927911e-09, 2.33840746766e-09, 3.57955332042e-09, 1.96200766744e-09, 2.37181363438e-09, 1.78242420823e-09, 2.32075891837e-09, 2.89790136332e-10, 9.117309685e-11, 1.29308595082e-11, 8.60663699597e-13, 1.68565313681e-16], "max": [0.016792094335, 0.70278275013, 0.267536997795, 0.0953831672668, 0.0909231454134, 0.0707902908325, 0.0314084812999, 0.0177267156541, 0.00693089189008, 0.01060651429, 0.00536993239075, 0.00551625154912, 0.0016608487349, 0.00258595845662, 0.00308466819115, 0.000500338617712, 0.000489339581691, 0.00104383996222, 0.000626407563686, 0.000340530037647, 0.000615992874373, 0.000476147659356, 0.00011460580572, 0.000167909252923, 3.42836756317e-05, 1.05790331872e-05, 1.13622505182e-07], "mean": [0.00102138402872, 0.0570769682527, 0.00899065099657, 0.00429552700371, 0.00568818440661, 0.00692038750276, 0.00188709690701, 0.0013489179546, 0.000622335763182, 0.000891979259904, 0.000397416035412, 0.000337296049111, 0.000106736079033, 0.000132430985104, 0.000293087272439, 3.61512211384e-05, 5.08233206347e-05, 5.16792097187e-05, 3.66594613297e-05, 2.65839353233e-05, 2.11652022699e-05, 3.20855033351e-05, 8.53674464452e-06, 4.18114905187e-06, 1.24780831356e-06, 2.32368520869e-07, 5.54479751003e-09], "median": [0.000215457650484, 0.00288952607661, 0.00199590343982, 0.00112585199531, 0.00245292903855, 0.002232151106, 0.000590484705754, 0.000264912378043, 0.000325101282215, 0.000196917695575, 0.000135926384246, 6.04240558459e-05, 3.69115114154e-05, 2.16797543544e-05, 8.80805164343e-05, 1.56729511218e-05, 1.65927194757e-05, 2.13173698285e-05, 1.11733115773e-05, 5.15120927957e-06, 2.01709190151e-06, 1.78916559435e-06, 3.68260572259e-07, 9.59820312119e-08, 5.09334512344e-08, 1.42921123825e-08, 3.19515724989e-09], "min": [3.84222056072e-23, 3.45840975361e-23, 6.59161079046e-25, 1.43443863764e-24, 1.76551914194e-23, 1.74732595843e-23, 3.2724279066e-23, 5.04860061507e-23, 8.88519028664e-23, 5.12705472536e-23, 7.40398087479e-23, 5.52245737015e-23, 5.57893223789e-23, 7.38958952752e-23, 8.78136735627e-23, 1.29584350743e-22, 1.4970054364e-22, 1.48256423313e-22, 2.43450073659e-22, 2.69592419187e-22, 4.18602589629e-22, 4.73015841977e-22, 5.49280945297e-22, 9.04320758254e-22, 1.16505834631e-21, 1.60477188875e-21, 2.21422053009e-21], "var": [3.05115190713e-06, 0.0113096237183, 0.000430449494161, 7.83707146184e-05, 8.64667599672e-05, 0.000106932122435, 1.38555733429e-05, 5.23603557667e-06, 6.87527176524e-07, 2.82216501546e-06, 3.76360048904e-07, 6.462297506e-07, 3.99232469306e-08, 7.99889150471e-08, 1.799583913e-07, 3.01207281339e-09, 5.58390755856e-09, 8.21477819102e-09, 3.50889362011e-09, 2.62167998422e-09, 3.43418093962e-09, 4.83505768756e-09, 3.174792651e-10, 1.3971873658e-10, 9.9314566987e-12, 7.45160769026e-13, 6.09405662487e-17]}, "erbbands": {"dmean": [0.416009098291, 4.25904560089, 6.60900783539, 5.82079839706, 7.68227577209, 6.14013004303, 7.55261707306, 20.1980056763, 8.48075008392, 8.40673828125, 3.81405043602, 6.17905473709, 8.85710144043, 3.95093250275, 5.9374332428, 2.87068271637, 1.8581610918, 2.40592765808, 4.01643419266, 2.71655464172, 0.856217741966, 0.761499941349, 1.17214465141, 0.812067866325, 0.742516040802, 0.481745630503, 0.530024409294, 0.355300188065, 0.46044510603, 0.166773229837, 0.102266259491, 0.0494594089687, 0.0231118761003, 0.0105003463104, 0.00387770193629, 0.00123565131798, 0.000126243321574, 1.01192026705e-05, 1.05508124761e-05, 2.55861850746e-05], "dmean2": [0.609175503254, 6.33366537094, 10.7183532715, 8.87501716614, 12.2242431641, 8.98605823517, 10.7490148544, 29.2940979004, 11.6482782364, 11.0349235535, 4.98777008057, 8.16749858856, 10.8490276337, 4.95583486557, 7.05448818207, 4.02645683289, 2.53821873665, 3.58482217789, 5.63295555115, 3.9020793438, 1.21439826488, 1.10474431515, 1.62248706818, 1.1549115181, 1.07305002213, 0.746442615986, 0.841361939907, 0.533014774323, 0.684281051159, 0.235454201698, 0.148791745305, 0.0648307353258, 0.0304077398032, 0.0148348445073, 0.00537975737825, 0.00174603878986, 0.000192075254745, 1.64479315572e-05, 1.52507054736e-05, 3.73729089915e-05], "dvar": [1.57737469673, 130.796920776, 277.950653076, 160.014007568, 376.47769165, 177.296447754, 274.614959717, 1586.24926758, 276.641815186, 302.854309082, 49.5694541931, 136.631149292, 510.570861816, 89.0371322632, 146.225265503, 56.2666969299, 16.2449131012, 36.1415252686, 80.3537979126, 59.0216636658, 2.41202878952, 1.85387170315, 6.12173032761, 3.87398743629, 2.64571595192, 1.38141560555, 2.74951195717, 1.30793714523, 2.13139271736, 0.216094836593, 0.0977633595467, 0.025928562507, 0.011280067265, 0.00156141177285, 0.00019306348986, 2.7061880246e-05, 1.91340959077e-07, 1.10045661472e-09, 4.88857454517e-10, 2.98963476197e-09], "dvar2": [3.38176846504, 271.648345947, 669.098876953, 343.914794922, 877.596923828, 363.124969482, 540.65057373, 3153.9284668, 516.155639648, 532.044311523, 82.4153594971, 281.587280273, 739.823059082, 126.615356445, 190.085449219, 108.365226746, 26.5765247345, 83.4613571167, 154.294876099, 111.117271423, 4.96108865738, 4.01795291901, 10.4273424149, 6.68237495422, 5.03514766693, 2.95365476608, 6.68523168564, 2.84341955185, 4.81484174728, 0.437709122896, 0.211850419641, 0.0490507297218, 0.0215229429305, 0.00358739984222, 0.000415816000896, 5.49872565898e-05, 4.60994840523e-07, 2.74573674908e-09, 9.7276553479e-10, 6.0253588785e-09], "max": [20.8897399902, 155.596847534, 259.501312256, 228.841094971, 410.904418945, 284.380950928, 463.400512695, 873.129882812, 577.752258301, 369.821380615, 136.26991272, 202.229553223, 411.237518311, 313.813140869, 270.067871094, 208.469009399, 85.6176376343, 110.740646362, 188.300048828, 129.963058472, 20.6512508392, 17.68708992, 52.3043823242, 58.5049552917, 42.0001449585, 17.3380203247, 25.2714710236, 21.9449748993, 22.0227890015, 6.20396280289, 4.12869405746, 2.82096982002, 3.03918480873, 0.698855161667, 0.218533933163, 0.0874245911837, 0.00739370007068, 0.000538476801012, 0.000328699708916, 0.000807058240753], "mean": [1.38985419273, 13.6176719666, 13.8434638977, 13.2187166214, 16.3252315521, 19.5647678375, 30.7502384186, 66.4799423218, 33.5021591187, 33.6216392517, 14.4768915176, 18.2834949493, 29.0773658752, 14.7831478119, 22.7157421112, 11.0913925171, 5.68870639801, 6.23123931885, 13.8426198959, 8.87541484833, 2.55963397026, 2.15265798569, 3.03045582771, 2.25129079819, 1.69994580746, 1.11032307148, 1.28698515892, 0.803677916527, 1.31854844093, 0.428058177233, 0.235403284431, 0.109690740705, 0.0550183206797, 0.0186385773122, 0.00727110169828, 0.00199340842664, 0.000175888533704, 1.38915092975e-05, 4.15304639318e-05, 9.85432925518e-05], "median": [0.0459547191858, 0.866886138916, 3.60705208778, 4.53034305573, 5.81809043884, 7.42167329788, 12.787153244, 19.6921844482, 15.2813568115, 10.3478813171, 6.66882801056, 9.72408866882, 7.35027551651, 5.57788276672, 8.11914253235, 3.77138996124, 2.1538143158, 2.25946903229, 5.1820602417, 3.08906984329, 1.28092324734, 0.916411817074, 1.45632576942, 0.803920269012, 0.422989726067, 0.228579193354, 0.141141176224, 0.0744233727455, 0.077218003571, 0.0256695337594, 0.00927532836795, 0.00300252856687, 0.00142730236985, 0.000753093569074, 0.000328701804392, 0.000151257394464, 4.96477732668e-05, 5.94150696998e-06, 2.28075004998e-05, 5.14763123647e-05], "min": [1.30503301754e-21, 5.34135522736e-21, 2.34847380143e-21, 4.42218308341e-21, 4.25612504063e-20, 5.48330273243e-20, 8.41745906047e-20, 2.09290989691e-19, 4.37026142488e-19, 8.07245766586e-19, 1.03623427896e-18, 1.4200453594e-18, 2.88671227248e-18, 1.386211501e-18, 3.64882603087e-18, 1.93053801328e-18, 2.71185063368e-18, 2.57510982021e-18, 4.66076156914e-18, 6.26508291668e-18, 5.99812319528e-18, 1.01512473312e-17, 8.45950912295e-18, 1.24116920629e-17, 1.1323654254e-17, 1.39178018428e-17, 1.14387795973e-17, 1.7663905968e-17, 1.69452679955e-17, 1.66618577196e-17, 1.53525681219e-17, 1.78303595227e-17, 1.31552165914e-17, 1.03222247366e-17, 9.57077747226e-18, 5.60577736867e-18, 3.06909815292e-18, 1.41407973282e-18, 2.97758395643e-19, 3.08394710474e-20], "var": [7.79337310791, 626.713012695, 550.159118652, 618.895263672, 1101.04626465, 1042.46325684, 2475.72607422, 10526.4873047, 3241.5168457, 2537.05908203, 357.679351807, 537.160644531, 3476.55810547, 938.118041992, 1072.25842285, 464.621368408, 106.498039246, 143.858093262, 491.771240234, 279.355529785, 11.4738807678, 8.13493919373, 20.5814476013, 18.8588256836, 11.0095691681, 4.17250061035, 10.2761287689, 3.46947383881, 8.28863239288, 0.677932679653, 0.274449199438, 0.079827606678, 0.0316882617772, 0.00250235968269, 0.00042074394878, 5.22534355696e-05, 2.25148880872e-07, 1.07597797339e-09, 2.25169261014e-09, 1.35759128383e-08]}, "gfcc": {"mean": [-111.973686218, 183.958007812, -108.287521362, 16.727191925, -43.3090744019, -10.7272005081, -19.4241638184, -11.8970069885, -7.12697172165, -9.157122612, -3.09607315063, -7.2662153244, 2.05334234238], "cov": [[21964.4589844, 2871.21435547, -2142.53051758, 2993.15161133, -407.274383545, 1216.1685791, 122.48563385, 203.592285156, 151.106567383, -394.645111084, -221.077285767, -287.147064209, 24.7497901917], [2871.21435547, 2752.40332031, 260.782623291, -115.848136902, 1063.58300781, -141.621643066, 576.692260742, -24.1691055298, 153.57951355, -40.4645881653, 73.6299133301, -141.924713135, -185.6668396], [-2142.53051758, 260.782623291, 1624.85754395, 64.2836227417, 731.171569824, 207.113922119, 436.752807617, 314.850830078, 223.498672485, 186.850784302, 101.577125549, 53.2411003113, 0.123794838786], [2993.15161133, -115.848136902, 64.2836227417, 968.282836914, -21.0654373169, 427.597503662, 151.712417603, 173.408691406, 167.32673645, -43.1315040588, -15.2628622055, 0.2864754498, 43.1608772278], [-407.274383545, 1063.58300781, 731.171569824, -21.0654373169, 981.29284668, 61.8805847168, 497.757171631, 137.826095581, 184.664077759, 54.670955658, 79.9887542725, -11.1670179367, -100.630378723], [1216.1685791, -141.621643066, 207.113922119, 427.597503662, 61.8805847168, 356.490386963, 113.683906555, 149.225524902, 96.3703460693, 15.5741701126, -7.86676168442, 24.4576950073, 25.8636989594], [122.48563385, 576.692260742, 436.752807617, 151.712417603, 497.757171631, 113.683906555, 422.069488525, 136.87713623, 185.192703247, 30.4028224945, 25.144947052, -19.61860466, -45.1807823181], [203.592285156, -24.1691055298, 314.850830078, 173.408691406, 137.826095581, 149.225524902, 136.87713623, 224.176635742, 113.245895386, 65.9410095215, 3.68070816994, 11.039393425, 42.2025108337], [151.106567383, 153.57951355, 223.498672485, 167.32673645, 184.664077759, 96.3703460693, 185.192703247, 113.245895386, 191.784484863, 46.8807296753, 31.8459606171, 12.2288980484, 12.6304178238], [-394.645111084, -40.4645881653, 186.850784302, -43.1315040588, 54.670955658, 15.5741701126, 30.4028224945, 65.9410095215, 46.8807296753, 101.963645935, 48.360912323, 32.1775474548, 25.1420269012], [-221.077285767, 73.6299133301, 101.577125549, -15.2628622055, 79.9887542725, -7.86676168442, 25.144947052, 3.68070816994, 31.8459606171, 48.360912323, 148.101242065, 59.9078140259, 12.2925634384], [-287.147064209, -141.924713135, 53.2411003113, 0.2864754498, -11.1670179367, 24.4576950073, -19.61860466, 11.039393425, 12.2288980484, 32.1775474548, 59.9078140259, 99.3774261475, 44.8031234741], [24.7497901917, -185.6668396, 0.123794838786, 43.1608772278, -100.630378723, 25.8636989594, -45.1807823181, 42.2025108337, 12.6304178238, 25.1420269012, 12.2925634384, 44.8031234741, 117.404792786]], "icov": [[0.000628996116575, -0.00145715160761, 0.000844175578095, -0.00172173033934, 0.000702240096871, -0.00142517336644, 0.00100825715344, -0.000863109249622, 0.00092911318643, -0.000908798130695, 0.000405424361816, 1.41635091495e-05, -0.000143976474646], [-0.00145715160761, 0.00428910972551, -0.0016379886074, 0.00388756208122, -0.00263495114632, 0.00370166823268, -0.00290007819422, 0.0023555282969, -0.00204478763044, 0.00214542332105, -0.00145474891178, 0.00112460099626, 0.000109646796773], [0.000844175578095, -0.0016379886074, 0.00258284131996, -0.00218320405111, -8.46594921313e-05, -0.00216868962161, 0.000854706158862, -0.00192510092165, 0.00159821496345, -0.00256496365182, 0.000360109785106, 0.000165983685292, -0.000266034039669], [-0.00172173033934, 0.00388756208122, -0.00218320405111, 0.00772194610909, -0.00121529016178, 0.000628888432402, -0.00304309697822, 0.0019091705326, -0.0042211394757, 0.00508839730173, -0.0021261931397, 0.000812813988887, -8.62975066411e-05], [0.000702240096871, -0.00263495114632, -8.46594921313e-05, -0.00121529016178, 0.00541830528527, -0.00198161508888, -0.00188782333862, -0.00152777065523, 0.00127598794643, -0.000168268830748, -0.000117153314932, -0.00150982046034, 0.00152242276818], [-0.00142517336644, 0.00370166823268, -0.00216868962161, 0.000628888432402, -0.00198161508888, 0.0113312406465, -0.00285379146226, -0.000365952553693, -0.000998907606117, 0.00127809285186, 0.000395786832087, -0.0023985626176, 0.00147170014679], [0.00100825715344, -0.00290007819422, 0.000854706158862, -0.00304309697822, -0.00188782333862, -0.00285379146226, 0.011712776497, -0.00250010192394, -0.00375544442795, 0.000140078074764, 0.00143600674346, 0.00062958925264, 0.000719100469723], [-0.000863109249622, 0.0023555282969, -0.00192510092165, 0.0019091705326, -0.00152777065523, -0.000365952553693, -0.00250010192394, 0.0126528292894, -0.00327719328925, -0.003577651456, 0.00120305316523, 0.00229055969976, -0.00341333565302], [0.00092911318643, -0.00204478763044, 0.00159821496345, -0.0042211394757, 0.00127598794643, -0.000998907606117, -0.00375544442795, -0.00327719328925, 0.014186533168, -0.00523414555937, -0.000184853764949, -0.000552938785404, -0.00100782106165], [-0.000908798130695, 0.00214542332105, -0.00256496365182, 0.00508839730173, -0.000168268830748, 0.00127809285186, 0.000140078074764, -0.003577651456, -0.00523414555937, 0.021553106606, -0.00539325596765, -0.000975679256953, -0.00048480994883], [0.000405424361816, -0.00145474891178, 0.000360109785106, -0.0021261931397, -0.000117153314932, 0.000395786832087, 0.00143600674346, 0.00120305316523, -0.000184853764949, -0.00539325596765, 0.0119335958734, -0.00687357317656, 0.000876186939422], [1.41635091495e-05, 0.00112460099626, 0.000165983685292, 0.000812813988887, -0.00150982046034, -0.0023985626176, 0.00062958925264, 0.00229055969976, -0.000552938785404, -0.000975679256953, -0.00687357317656, 0.019243195653, -0.00622563157231], [-0.000143976474646, 0.000109646796773, -0.000266034039669, -8.62975066411e-05, 0.00152242276818, 0.00147170014679, 0.000719100469723, -0.00341333565302, -0.00100782106165, -0.00048480994883, 0.000876186939422, -0.00622563157231, 0.013733966276]]}, "melbands": {"dmean": [0.00449590012431, 0.00413835747167, 0.00108210998587, 0.00051131012151, 0.000251533172559, 0.000419243588112, 0.000126767743495, 9.55579598667e-05, 2.73786390608e-05, 3.97838666686e-05, 4.33243585576e-05, 1.59634801093e-05, 1.66468707903e-05, 1.35227437568e-05, 4.61362196802e-06, 3.00473243442e-06, 5.29906856173e-06, 6.57989585306e-06, 4.87463103127e-06, 2.51731603385e-06, 9.53734456743e-07, 8.84383041466e-07, 1.09409279503e-06, 9.61677642408e-07, 7.07475294348e-07, 5.88780210364e-07, 3.81838901831e-07, 3.46731695799e-07, 4.57637725049e-07, 2.46346388622e-07, 2.2734019467e-07, 3.27210983642e-07, 1.38810804629e-07, 8.51475689956e-08, 7.02281539589e-08, 3.50986013586e-08, 3.10573575746e-08, 1.96587759405e-08, 9.45448697109e-09, 8.26072277249e-09], "dmean2": [0.00654161069542, 0.00641711894423, 0.00166339520365, 0.000784232513979, 0.000355722731911, 0.000607917259913, 0.00017343237414, 0.00012451162911, 3.65075793525e-05, 5.27463562321e-05, 5.31345940544e-05, 2.03035651793e-05, 2.01624043257e-05, 1.72005547938e-05, 6.66367441227e-06, 4.18310810346e-06, 7.93108574726e-06, 9.3306243798e-06, 6.72915075484e-06, 3.59843807018e-06, 1.39263545407e-06, 1.323607421e-06, 1.49636719016e-06, 1.37132201417e-06, 1.03161255538e-06, 8.63396451223e-07, 5.61145384381e-07, 5.45928116935e-07, 7.46327430079e-07, 3.74888600163e-07, 3.49712394154e-07, 4.99170937474e-07, 2.03926731501e-07, 1.25905771142e-07, 1.01760022631e-07, 5.13727727025e-08, 4.02982465175e-08, 2.592098447e-08, 1.35373703358e-08, 1.21278489473e-08], "dvar": [0.000166375859408, 9.37058575801e-05, 4.94535970574e-06, 1.40036877383e-06, 2.31253778793e-07, 6.56309055103e-07, 7.08406062699e-08, 4.13509084751e-08, 2.35927033465e-09, 5.42289724237e-09, 1.24138930246e-08, 1.73410152904e-09, 1.05057407218e-09, 8.83469464252e-10, 1.0612367235e-10, 3.33306299227e-11, 1.92151072831e-10, 2.40004044416e-10, 9.68699495618e-11, 3.98991985284e-11, 3.41370790143e-12, 2.91692191234e-12, 5.05434062659e-12, 3.64635275099e-12, 3.02729542823e-12, 1.84919484239e-12, 6.79548756675e-13, 7.56951955543e-13, 1.78655712186e-12, 7.95610810306e-13, 5.21215720323e-13, 1.20417900911e-12, 1.3903830344e-13, 6.39437640207e-14, 4.85515727828e-14, 1.25457581945e-14, 1.27473554241e-14, 1.06906425376e-14, 1.07016493073e-15, 1.07859947306e-15], "dvar2": [0.000343592342688, 0.000208047771594, 1.06992947622e-05, 3.25666951539e-06, 4.57576589952e-07, 1.29433283291e-06, 1.42466063835e-07, 7.00151687738e-08, 4.29727320395e-09, 1.11017692817e-08, 1.78129830886e-08, 2.46656806091e-09, 1.41885303506e-09, 1.17981913128e-09, 2.11034245634e-10, 6.03052469073e-11, 4.43367009773e-10, 4.68003968912e-10, 1.82016512973e-10, 7.72099606472e-11, 7.42533118325e-12, 6.93443913402e-12, 8.47792669401e-12, 6.45877015065e-12, 5.49900012678e-12, 3.55661246981e-12, 1.38896110325e-12, 1.69795731295e-12, 4.58178764026e-12, 1.82737245474e-12, 1.19167870016e-12, 2.85187498617e-12, 2.60967462917e-13, 1.40361043643e-13, 1.04468632367e-13, 2.80833943069e-14, 2.31392748522e-14, 1.98539338995e-14, 2.4131022108e-15, 2.54425192191e-15], "max": [0.20133395493, 0.107482589781, 0.0329799205065, 0.021995479241, 0.0132727064192, 0.0169907547534, 0.00772387860343, 0.0040098996833, 0.000917325320188, 0.00136488233693, 0.00200063618831, 0.00139638490509, 0.000715584028512, 0.000711978704203, 0.000255338323768, 0.000106829851575, 0.000255516701145, 0.000280965294223, 0.000135290800245, 9.86794984783e-05, 3.32411000272e-05, 2.5967547117e-05, 3.79677476303e-05, 3.87707113987e-05, 4.77061475976e-05, 3.86970932595e-05, 1.40565362017e-05, 1.10109167508e-05, 2.22306935029e-05, 1.7530790501e-05, 1.40431302498e-05, 1.5949461158e-05, 5.85789211982e-06, 3.5313164517e-06, 2.95160316455e-06, 1.2957096942e-06, 2.17424167204e-06, 3.10154791805e-06, 6.10104621046e-07, 5.79772176934e-07], "mean": [0.0151100978255, 0.0114421900362, 0.0023810446728, 0.00134563818574, 0.00105533248279, 0.00141117465682, 0.000480421818793, 0.000372049747966, 9.95398731902e-05, 0.000113609035907, 0.00014081626432, 5.54776233912e-05, 6.18273988948e-05, 5.51862867724e-05, 1.34076672111e-05, 8.67072412802e-06, 1.24394582599e-05, 2.13319472095e-05, 1.67417165358e-05, 6.78138349031e-06, 2.55412078332e-06, 2.30549585467e-06, 2.65278640654e-06, 2.60548108599e-06, 1.71029012108e-06, 1.29623106204e-06, 8.12574285192e-07, 7.36567926651e-07, 1.00411057247e-06, 5.55926192192e-07, 4.34239865399e-07, 9.15348209674e-07, 3.95217682581e-07, 1.8569018323e-07, 1.6972018102e-07, 5.52043779578e-08, 7.47261310607e-08, 4.74073651446e-08, 1.85782305095e-08, 1.3019477052e-08], "median": [0.000662437581923, 0.00182901043445, 0.000885272515006, 0.000478953676065, 0.000552237441298, 0.000450058432762, 0.000190229708096, 0.000104625098174, 5.07450131408e-05, 6.07817637501e-05, 3.17802332575e-05, 1.46681804836e-05, 2.225883145e-05, 1.41608261401e-05, 4.8165188673e-06, 3.57216822522e-06, 2.31461035582e-06, 6.34730531601e-06, 4.73839554616e-06, 2.12562144952e-06, 1.16110459203e-06, 8.67978883434e-07, 8.94673917173e-07, 1.16782894111e-06, 5.12883332249e-07, 3.0505674431e-07, 1.80507612413e-07, 1.25362618064e-07, 9.56753467563e-08, 4.24108321795e-08, 3.23419868664e-08, 4.31989448657e-08, 2.51759217917e-08, 9.00366181611e-09, 5.97083804621e-09, 1.82367987378e-09, 1.42490375055e-09, 8.64145088819e-10, 7.23886617315e-10, 5.02503816335e-10], "min": [1.46474714694e-23, 3.16888876894e-24, 8.72915513787e-25, 4.89813912357e-24, 3.39041018024e-24, 4.81659654395e-24, 6.42664587429e-24, 1.02840333114e-23, 7.09088923902e-24, 1.16624375813e-23, 1.45323940183e-23, 4.60521140364e-24, 1.26919050069e-23, 7.37204794311e-24, 3.98961235777e-24, 4.77053140582e-24, 4.30899571145e-24, 7.34481015378e-24, 9.34450312875e-24, 8.19739208748e-24, 5.60377717545e-24, 9.72454554731e-24, 8.88958045535e-24, 6.17875185685e-24, 1.08333424033e-23, 6.32308421465e-24, 8.20014915634e-24, 9.09625885707e-24, 6.39345731272e-24, 7.09990039714e-24, 1.00447986201e-23, 9.70080793382e-24, 8.00854509766e-24, 9.47574276211e-24, 7.79005665932e-24, 1.06012745133e-23, 1.08127712775e-23, 9.9065791455e-24, 7.7235154531e-24, 8.94469501135e-24], "var": [0.000848289637361, 0.000316755875247, 1.63921358762e-05, 5.60968373975e-06, 2.22840299102e-06, 4.56630323242e-06, 7.46169064314e-07, 3.34610689379e-07, 1.61650817176e-08, 2.14922106778e-08, 8.50111305795e-08, 1.81574311142e-08, 7.25726190254e-09, 1.0883797863e-08, 6.09873040958e-10, 1.89784368776e-10, 7.42771233408e-10, 1.28133426092e-09, 5.83812942434e-10, 1.68460537187e-10, 1.40384700392e-11, 1.18146039826e-11, 1.87266348262e-11, 1.50602291055e-11, 1.26259098662e-11, 7.57419561098e-12, 2.21642994756e-12, 2.0708419788e-12, 6.49686988236e-12, 2.32684943362e-12, 1.15283639839e-12, 4.42941213222e-12, 6.12358850693e-13, 1.54742863488e-13, 1.49784644323e-13, 2.15595414649e-14, 4.46753094588e-14, 3.13570851685e-14, 2.04582110157e-15, 1.48292482708e-15]}, "mfcc": {"mean": [-746.138000488, 201.325195312, 4.0601067543, 31.1028347015, 1.52351987362, 5.1982831955, -4.38241386414, 1.33441507816, -0.853819131851, -1.53224372864, -1.04500889778, -6.65620183945, 0.779469966888], "cov": [[10681.6337891, 1022.35876465, -524.672790527, 886.117126465, -341.219909668, 469.734344482, -324.004486084, 317.656219482, 94.5095214844, 24.1619567871, -107.984306335, -273.523529053, 2.86217784882], [1022.35876465, 3573.50488281, 48.4027137756, 175.509628296, 559.117126465, 150.492919922, 512.563354492, 139.68145752, 182.397735596, 152.101013184, 304.421173096, 231.699691772, 132.177047729], [-524.672790527, 48.4027137756, 731.455444336, 236.655776978, 207.282241821, 153.047546387, 145.582504272, 174.474029541, 154.502334595, 157.792724609, 98.8236465454, 96.1647033691, 57.8550491333], [886.117126465, 175.509628296, 236.655776978, 467.422973633, 148.952011108, 202.718338013, 93.0745925903, 220.479629517, 187.345275879, 128.049926758, 80.7159881592, 65.6628341675, 66.3982009888], [-341.219909668, 559.117126465, 207.282241821, 148.952011108, 362.557830811, 128.630111694, 212.279083252, 138.073135376, 103.851341248, 80.2156982422, 130.184661865, 109.0470047, 85.6616744995], [469.734344482, 150.492919922, 153.047546387, 202.718338013, 128.630111694, 250.741729736, 105.596824646, 163.881271362, 123.690292358, 63.9154396057, 67.8810348511, 68.9854812622, 76.3341140747], [-324.004486084, 512.563354492, 145.582504272, 93.0745925903, 212.279083252, 105.596824646, 256.511047363, 112.693862915, 95.4463195801, 70.4308624268, 100.937561035, 127.709762573, 48.6994934082], [317.656219482, 139.68145752, 174.474029541, 220.479629517, 138.073135376, 163.881271362, 112.693862915, 227.215499878, 170.274490356, 100.172142029, 66.1496887207, 68.7799682617, 64.9573822021], [94.5095214844, 182.397735596, 154.502334595, 187.345275879, 103.851341248, 123.690292358, 95.4463195801, 170.274490356, 250.0027771, 144.678878784, 45.224811554, 68.04322052, 26.6134605408], [24.1619567871, 152.101013184, 157.792724609, 128.049926758, 80.2156982422, 63.9154396057, 70.4308624268, 100.172142029, 144.678878784, 174.707611084, 73.4293899536, 28.0664329529, 3.20266151428], [-107.984306335, 304.421173096, 98.8236465454, 80.7159881592, 130.184661865, 67.8810348511, 100.937561035, 66.1496887207, 45.224811554, 73.4293899536, 152.675094604, 57.5925979614, 48.6893310547], [-273.523529053, 231.699691772, 96.1647033691, 65.6628341675, 109.0470047, 68.9854812622, 127.709762573, 68.7799682617, 68.04322052, 28.0664329529, 57.5925979614, 184.461471558, 63.4299926758], [2.86217784882, 132.177047729, 57.8550491333, 66.3982009888, 85.6616744995, 76.3341140747, 48.6994934082, 64.9573822021, 26.6134605408, 3.20266151428, 48.6893310547, 63.4299926758, 139.47869873]], "icov": [[0.000227453085245, -0.000188102407265, 0.000211248974665, -0.000493764004204, 0.000379479199182, -0.00050525466213, 0.00045853795018, -0.00045945783495, 0.000517155393027, -0.000182768926607, 0.000284989771899, 0.000152393447934, 0.000155082918354], [-0.000188102407265, 0.000628041801974, 5.39117609151e-05, 0.000278916151728, -0.000691046763677, 0.000539205269888, -0.0011475966312, 0.000915406853892, -0.000756794179324, 0.000179045848199, -0.000630980357528, 1.28542405946e-05, -0.000288053706754], [0.000211248974665, 5.39117609151e-05, 0.00232414528728, -0.000857956125401, -0.000476174784126, -0.000695968803484, 0.000133841022034, -0.000612778472714, 0.000991679728031, -0.00177075434476, 0.000513535924256, -0.000273317768006, 9.74139766186e-05], [-0.000493764004204, 0.000278916151728, -0.000857956125401, 0.00566199887544, -0.00115845829714, -0.000517758948263, 0.000456434470834, -0.00181607843842, -0.00140177155845, -0.000384158978704, -0.000798853172455, -0.000549188873265, -0.000107527434011], [0.000379479199182, -0.000691046763677, -0.000476174784126, -0.00115845829714, 0.0077191889286, -0.00071090873098, -0.0028838578146, -0.00162447651383, 0.000684397877194, 0.000588217109907, -0.00154287286568, 0.000960474193562, -0.00123448495287], [-0.00050525466213, 0.000539205269888, -0.000695968803484, -0.000517758948263, -0.00071090873098, 0.0100374976173, -0.0023313970305, -0.00241985800676, -0.00229997956194, 0.00224619964138, -0.00172585668042, 8.07507603895e-05, -0.00212818081491], [0.00045853795018, -0.0011475966312, 0.000133841022034, 0.000456434470834, -0.0028838578146, -0.0023313970305, 0.0130046820268, -0.00366752059199, 0.00172986683901, -0.00104655767791, -0.000470565195428, -0.00450924737379, 0.00292864139192], [-0.00045945783495, 0.000915406853892, -0.000612778472714, -0.00181607843842, -0.00162447651383, -0.00241985800676, -0.00366752059199, 0.0174476001412, -0.00774187967181, 0.00103208806831, -0.00115669099614, 0.00109118758701, -0.00290135876276], [0.000517155393027, -0.000756794179324, 0.000991679728031, -0.00140177155845, 0.000684397877194, -0.00229997956194, 0.00172986683901, -0.00774187967181, 0.0153594305739, -0.00951688177884, 0.00512712169439, -0.0024628918618, 0.00142055901233], [-0.000182768926607, 0.000179045848199, -0.00177075434476, -0.000384158978704, 0.000588217109907, 0.00224619964138, -0.00104655767791, 0.00103208806831, -0.00951688177884, 0.016659008339, -0.00703950086609, 0.00222839042544, 0.00192297075409], [0.000284989771899, -0.000630980357528, 0.000513535924256, -0.000798853172455, -0.00154287286568, -0.00172585668042, -0.000470565195428, -0.00115669099614, 0.00512712169439, -0.00703950086609, 0.0138099826872, -0.000948857050389, -0.00185148138553], [0.000152393447934, 1.28542405946e-05, -0.000273317768006, -0.000549188873265, 0.000960474193562, 8.07507603895e-05, -0.00450924737379, 0.00109118758701, -0.0024628918618, 0.00222839042544, -0.000948857050389, 0.00998269766569, -0.00299811875448], [0.000155082918354, -0.000288053706754, 9.74139766186e-05, -0.000107527434011, -0.00123448495287, -0.00212818081491, 0.00292864139192, -0.00290135876276, 0.00142055901233, 0.00192297075409, -0.00185148138553, -0.00299811875448, 0.0113962171599]]}, "spectral_contrast_coeffs": {"dmean": [0.0455420985818, 0.0393770225346, 0.0348206087947, 0.0283410642296, 0.023182163015, 0.0301479827613], "dmean2": [0.0750009566545, 0.0624518580735, 0.052990000695, 0.0437561348081, 0.0349953249097, 0.0468255355954], "dvar": [0.00162304216065, 0.00138037919533, 0.00114653399214, 0.000799371220637, 0.000646372267511, 0.000722892815247], "dvar2": [0.00410048384219, 0.00336258346215, 0.00262858695351, 0.00190563313663, 0.00129659380764, 0.00184554362204], "max": [-0.242315798998, -0.30199098587, -0.434716403484, -0.532443940639, -0.48157081008, -0.50263774395], "mean": [-0.576196670532, -0.584161281586, -0.651487410069, -0.684426307678, -0.717020988464, -0.71691429615], "median": [-0.584588646889, -0.584778428078, -0.64655572176, -0.676042556763, -0.713013887405, -0.715671241283], "min": [-0.964600741863, -0.962840735912, -0.964885473251, -0.958413481712, -0.958376944065, -0.962910413742], "var": [0.00985660869628, 0.0110739236698, 0.00700381910428, 0.00589280202985, 0.00589338736609, 0.0076398588717]}, "spectral_contrast_valleys": {"dmean": [0.422856599092, 0.345080256462, 0.343923330307, 0.328691571951, 0.318241894245, 0.568397045135], "dmean2": [0.678829491138, 0.550071418285, 0.532570958138, 0.512438356876, 0.465917170048, 0.852748394012], "dvar": [0.210141390562, 0.221078872681, 0.21441988647, 0.229975029826, 0.258309483528, 0.366558