{"lowlevel": {"average_loudness": 0.634865641594, "barkbands_crest": {"dmean": 1.67091262341, "dmean2": 2.78990364075, "dvar": 2.81440854073, "dvar2": 8.11566066742, "max": 26.1187000275, "mean": 10.9436159134, "median": 10.2773685455, "min": 3.64478874207, "var": 13.9151926041}, "barkbands_flatness_db": {"dmean": 0.0211548954248, "dmean2": 0.0367426723242, "dvar": 0.000351220660377, "dvar2": 0.000968806562014, "max": 0.565717875957, "mean": 0.367780506611, "median": 0.370143204927, "min": 0.0507057122886, "var": 0.00217323936522}, "barkbands_kurtosis": {"dmean": 0.926448345184, "dmean2": 1.47602295876, "dvar": 3.02787923813, "dvar2": 6.99511003494, "max": 80.6191711426, "mean": 1.51494944096, "median": 0.761736273766, "min": -1.78786110878, "var": 10.1957025528}, "barkbands_skewness": {"dmean": 0.283310115337, "dmean2": 0.446982294321, "dvar": 0.0945995151997, "dvar2": 0.231994256377, "max": 8.28823471069, "mean": 0.726783394814, "median": 0.660920083523, "min": -2.45530509949, "var": 0.738589286804}, "barkbands_spread": {"dmean": 0.967898070812, "dmean2": 1.55020999908, "dvar": 3.79380249977, "dvar2": 7.19034814835, "max": 116.66443634, "mean": 6.76630067825, "median": 6.13766002655, "min": 0.697627365589, "var": 36.5689544678}, "dissonance": {"dmean": 0.037217091769, "dmean2": 0.0641233697534, "dvar": 0.00123932643328, "dvar2": 0.00334907276556, "max": 0.500000059605, "mean": 0.398323148489, "median": 0.406689226627, "min": 0.193727329373, "var": 0.00359629420564}, "dynamic_complexity": 3.60806965828, "erbbands_crest": {"dmean": 2.05677223206, "dmean2": 3.25483155251, "dvar": 4.55453634262, "dvar2": 10.4586935043, "max": 31.8364257812, "mean": 13.917766571, "median": 12.9531402588, "min": 2.60490775108, "var": 30.3952598572}, "erbbands_flatness_db": {"dmean": 0.0133923953399, "dmean2": 0.022304918617, "dvar": 0.000165746823768, "dvar2": 0.00041315756971, "max": 0.528582513332, "mean": 0.377870410681, "median": 0.379899322987, "min": 0.0520563796163, "var": 0.00219978345558}, "erbbands_kurtosis": {"dmean": 0.870979785919, "dmean2": 1.39544272423, "dvar": 1.85019886494, "dvar2": 4.89134740829, "max": 38.6614570618, "mean": 1.60623335838, "median": 0.773522377014, "min": -1.79069066048, "var": 8.40179634094}, "erbbands_skewness": {"dmean": 0.249956712127, "dmean2": 0.396374493837, "dvar": 0.0692933052778, "dvar2": 0.1665109694, "max": 5.12188243866, "mean": 0.170537278056, "median": 0.17526730895, "min": -5.67605352402, "var": 0.602132976055}, "erbbands_spread": {"dmean": 1.61376368999, "dmean2": 2.49761199951, "dvar": 3.47530245781, "dvar2": 7.67589044571, "max": 95.2122268677, "mean": 11.5078716278, "median": 10.6434803009, "min": 1.42340362072, "var": 37.5541496277}, "hfc": {"dmean": 2.4641559124, "dmean2": 3.55159640312, "dvar": 23.6280536652, "dvar2": 45.1835861206, "max": 91.7621612549, "mean": 11.1059780121, "median": 8.30346870422, "min": 1.14931412454e-16, "var": 110.493713379}, "melbands_crest": {"dmean": 2.28858757019, "dmean2": 3.82514286041, "dvar": 5.3345913887, "dvar2": 15.2869377136, "max": 33.5194587708, "mean": 13.9999465942, "median": 13.040271759, "min": 2.55063390732, "var": 22.2255172729}, "melbands_flatness_db": {"dmean": 0.024859463796, "dmean2": 0.042498473078, "dvar": 0.000556247541681, "dvar2": 0.00144427106716, "max": 0.756759941578, "mean": 0.483385145664, "median": 0.485783755779, "min": 0.00547951692715, "var": 0.00407032994553}, "melbands_kurtosis": {"dmean": 1.38903534412, "dmean2": 2.19972276688, "dvar": 15.7494239807, "dvar2": 36.179397583, "max": 273.190979004, "mean": 2.85443997383, "median": 1.3565568924, "min": -1.87593066692, "var": 34.9107437134}, "melbands_skewness": {"dmean": 0.317098170519, "dmean2": 0.502080798149, "dvar": 0.120614230633, "dvar2": 0.292188972235, "max": 12.0943489075, "mean": 1.16488301754, "median": 1.04612183571, "min": -1.7821816206, "var": 1.01011073589}, "melbands_spread": {"dmean": 1.47360157967, "dmean2": 2.37080359459, "dvar": 6.60587787628, "dvar2": 14.4214391708, "max": 150.213928223, "mean": 9.51955795288, "median": 8.56693458557, "min": 0.771032571793, "var": 53.7093696594}, "pitch_salience": {"dmean": 0.0440139174461, "dmean2": 0.0728474259377, "dvar": 0.00197051442228, "dvar2": 0.00537804467604, "max": 0.888359904289, "mean": 0.514235317707, "median": 0.514398217201, "min": 0.110947199166, "var": 0.00883637368679}, "silence_rate_20dB": {"dmean": 0, "dmean2": 0, "dvar": 0, "dvar2": 0, "max": 1, "mean": 1, "median": 1, "min": 1, "var": 0}, "silence_rate_30dB": {"dmean": 0.00806353054941, "dmean2": 0.0161290317774, "dvar": 0.00799907743931, "dvar2": 0.018800823018, "max": 1, "mean": 0.988394796848, "median": 1, "min": 0, "var": 0.0114714009687}, "silence_rate_60dB": {"dmean": 0.00464263884351, "dmean2": 0.00928641296923, "dvar": 0.00462100282311, "dvar2": 0.0106661943719, "max": 1, "mean": 0.0397019311786, "median": 0, "min": 0, "var": 0.038128156215}, "spectral_centroid": {"dmean": 41.7150001526, "dmean2": 65.5163421631, "dvar": 12175.6757812, "dvar2": 19247.7109375, "max": 11060.4423828, "mean": 498.594116211, "median": 470.604003906, "min": 150.219223022, "var": 68975.53125}, "spectral_complexity": {"dmean": 1.35369575024, "dmean2": 2.25317692757, "dvar": 2.00662946701, "dvar2": 4.45110082626, "max": 28, "mean": 11.3345956802, "median": 11, "min": 0, "var": 16.6795692444}, "spectral_decrease": {"dmean": 1.43690026544e-09, "dmean2": 2.25614904537e-09, "dvar": 6.05946649591e-18, "dvar2": 1.31391146936e-17, "max": 7.13336972694e-20, "mean": -7.01380509227e-09, "median": -5.52567591683e-09, "min": -4.83532076601e-08, "var": 3.44184955974e-17}, "spectral_energy": {"dmean": 0.00562934903428, "dmean2": 0.00881133973598, "dvar": 9.33307674131e-05, "dvar2": 0.00020099390531, "max": 0.186654597521, "mean": 0.0274790916592, "median": 0.0216589532793, "min": 1.05721105907e-20, "var": 0.00052798667457}, "spectral_energyband_high": {"dmean": 1.00731153907e-06, "dmean2": 1.49271738792e-06, "dvar": 3.8454104484e-11, "dvar2": 8.84025214143e-11, "max": 0.000229916127864, "mean": 1.47308071519e-06, "median": 1.34121734163e-07, "min": 7.8707665079e-21, "var": 4.80168023398e-11}, "spectral_energyband_low": {"dmean": 0.00236863107421, "dmean2": 0.00375833804719, "dvar": 2.75065794995e-05, "dvar2": 6.97736250004e-05, "max": 0.113649256527, "mean": 0.00841055717319, "median": 0.00454097799957, "min": 8.11734148049e-23, "var": 0.000125751743326}, "spectral_energyband_middle_high": {"dmean": 0.000840146094561, "dmean2": 0.00113976059947, "dvar": 4.87103534397e-06, "dvar2": 9.42345104704e-06, "max": 0.0541623309255, "mean": 0.00268532778136, "median": 0.00119182630442, "min": 1.56229628546e-21, "var": 1.80445367732e-05}, "spectral_energyband_middle_low": {"dmean": 0.00414232071489, "dmean2": 0.00653170701116, "dvar": 4.8229641834e-05, "dvar2": 0.000105164683191, "max": 0.135799899697, "mean": 0.0183049086481, "median": 0.0142410155386, "min": 2.90538960762e-22, "var": 0.000267610797891}, "spectral_entropy": {"dmean": 0.119570046663, "dmean2": 0.200427994132, "dvar": 0.0249571446329, "dvar2": 0.063059642911, "max": 9.80143928528, "mean": 5.84368133545, "median": 5.81835412979, "min": 4.82842826843, "var": 0.147607013583}, "spectral_flux": {"dmean": 0.015608063899, "dmean2": 0.0249026082456, "dvar": 0.000669581699185, "dvar2": 0.00158094684593, "max": 0.373156398535, "mean": 0.0453716516495, "median": 0.0361958220601, "min": 1.0282076579e-10, "var": 0.00116983102635}, "spectral_kurtosis": {"dmean": 35.4090118408, "dmean2": 62.0668640137, "dvar": 1083.4362793, "dvar2": 2984.74536133, "max": 372.512756348, "mean": 105.188552856, "median": 102.947158813, "min": -1.23940455914, "var": 3337.75146484}, "spectral_rms": {"dmean": 0.000492659164593, "dmean2": 0.000767688499764, "dvar": 4.70232009775e-07, "dvar2": 9.6130008842e-07, "max": 0.0134945185855, "mean": 0.0047479136847, "median": 0.00459681265056, "min": 3.21158139145e-12, "var": 4.26615406468e-06}, "spectral_rolloff": {"dmean": 63.0674247742, "dmean2": 108.362365723, "dvar": 38964.484375, "dvar2": 68568.8671875, "max": 19336.8164062, "mean": 686.233154297, "median": 645.99609375, "min": 129.19921875, "var": 635157.5625}, "spectral_skewness": {"dmean": 1.95731317997, "dmean2": 3.46288537979, "dvar": 2.6743710041, "dvar2": 7.61542224884, "max": 15.110991478, "mean": 6.77862358093, "median": 6.80780792236, "min": -0.01748082228, "var": 6.79042625427}, "spectral_spread": {"dmean": 265545.75, "dmean2": 471517.28125, "dvar": 155727724544, "dvar2": 241212866560, "max": 40648116, "mean": 917161.125, "median": 813244.25, "min": 244321.328125, "var": 774936854528}, "spectral_strongpeak": {"dmean": 0.389325529337, "dmean2": 0.642404854298, "dvar": 0.466219127178, "dvar2": 1.03292024136, "max": 10.4391860962, "mean": 1.25844705105, "median": 0.80980360508, "min": 0, "var": 1.56384658813}, "zerocrossingrate": {"dmean": 0.00219723582268, "dmean2": 0.00279264175333, "dvar": 1.45660023918e-05, "dvar2": 1.75949444383e-05, "max": 0.501953125, "mean": 0.0233208276331, "median": 0.02099609375, "min": 0.0048828125, "var": 0.000424649944762}, "barkbands": {"dmean": [2.81932670987e-06, 0.000985049875453, 0.00148584647104, 0.000515976862516, 0.000849364383612, 0.00190735608339, 0.000584479537793, 0.000793753191829, 0.00102009123657, 0.000728179584257, 0.000127809355035, 0.000112175781396, 0.000103362224763, 4.75212364108e-05, 6.71027883072e-05, 3.66871790902e-05, 1.33535140776e-05, 5.28876807948e-06, 3.46481533597e-06, 9.5986854376e-07, 3.71067784499e-07, 7.53862181568e-08, 2.16452136215e-08, 5.32741806225e-09, 1.86998971863e-09, 1.2475234179e-09, 1.3185315062e-09], "dmean2": [5.23437165612e-06, 0.0015697759809, 0.00231889053248, 0.00085362419486, 0.00135131087154, 0.0034904202912, 0.000868035946041, 0.00120574887842, 0.00133761344478, 0.00095802929718, 0.000189050522749, 0.000164929966559, 0.000142482662341, 7.05122511135e-05, 9.72228808678e-05, 5.40025939699e-05, 2.00684644369e-05, 8.22444508231e-06, 5.13381928613e-06, 1.41757880101e-06, 5.41678218724e-07, 1.16450721066e-07, 3.54836480199e-08, 8.5814377826e-09, 3.29304827851e-09, 2.29184249356e-09, 2.43080999773e-09], "dvar": [6.67032207247e-10, 5.76619095227e-06, 9.99127223622e-06, 9.07761432245e-07, 2.50991661233e-06, 1.38707910082e-05, 6.38775645712e-06, 3.20477147397e-06, 7.53391032049e-06, 7.58511805543e-06, 2.6663659014e-07, 2.31383040727e-07, 2.67568594836e-07, 1.88777615762e-08, 2.04845889584e-07, 3.3629621754e-08, 1.85322368562e-09, 6.11913686388e-10, 2.56450666258e-10, 2.69783587831e-11, 9.45506607036e-12, 7.74223133521e-13, 3.50588901985e-14, 2.03158755992e-15, 8.64474414429e-17, 3.83038018121e-18, 3.89129624306e-18], "dvar2": [1.95604954456e-09, 1.41869149957e-05, 2.53647267527e-05, 2.45789124165e-06, 5.77660057388e-06, 4.65622761112e-05, 1.10875553219e-05, 7.69051985117e-06, 1.42690741995e-05, 1.29575728351e-05, 5.39356847185e-07, 4.55576611103e-07, 5.45057275758e-07, 4.18123349277e-08, 3.92544393435e-07, 8.45576195729e-08, 4.13510559127e-09, 1.4431071893e-09, 6.13857076281e-10, 6.17202192132e-11, 1.98849617328e-11, 1.97895150787e-12, 9.12118213532e-14, 4.86541950595e-15, 2.01407216265e-16, 1.22792480392e-17, 1.28142510886e-17], "max": [0.00116983405314, 0.059598505497, 0.0787680074573, 0.0299185961485, 0.0423605516553, 0.0565497428179, 0.128915309906, 0.0315206982195, 0.0660166218877, 0.0686045885086, 0.0181976035237, 0.0168676748872, 0.0190341304988, 0.00448056543246, 0.0212167520076, 0.00772877689451, 0.00130283751059, 0.000993789406493, 0.000474698026665, 0.000166227779118, 0.000142003380461, 5.43057467439e-05, 5.5724071899e-06, 1.52162454015e-06, 4.34174779684e-07, 3.37807719575e-08, 3.66923167405e-08], "mean": [3.3436913327e-06, 0.0024773532059, 0.00472711352631, 0.0018355816137, 0.00304614799097, 0.00425473833457, 0.00225555780344, 0.00201402325183, 0.0033799004741, 0.00229913159274, 0.000339185527992, 0.000260466622422, 0.000230541380006, 0.000111673536594, 0.000123120189528, 7.14167617843e-05, 2.94337914966e-05, 1.19231553981e-05, 5.91571324549e-06, 1.78128402695e-06, 5.87118449857e-07, 9.22658998093e-08, 2.39126247692e-08, 5.97184568463e-09, 1.93367744039e-09, 1.27579291576e-09, 2.00739935785e-09], "median": [7.69370956277e-07, 0.00122516485862, 0.00173509970773, 0.000672683585435, 0.00129756540991, 0.00190682813991, 0.00041098264046, 0.000793165061623, 0.00106366560794, 0.00042127200868, 8.90281662578e-05, 7.30904866941e-05, 6.49759094813e-05, 3.3651398553e-05, 3.89365159208e-05, 1.93604173546e-05, 9.1180227173e-06, 1.8818418539e-06, 8.93225490017e-07, 1.80641464453e-07, 2.51160514608e-08, 4.23136814476e-09, 1.30875421611e-09, 7.58346330176e-10, 5.83023518352e-10, 5.9701654731e-10, 1.51263135351e-09], "min": [3.03605070617e-24, 1.91471845599e-23, 2.27069020397e-23, 6.33352502539e-23, 8.90008902924e-23, 3.78990866974e-23, 2.43467797786e-23, 3.71781183171e-23, 3.24380077543e-23, 6.39183699242e-23, 6.99541971455e-23, 1.16994320023e-22, 1.4319882779e-22, 1.02749208636e-22, 1.9877313193e-22, 2.34565909523e-22, 9.71439858726e-23, 1.57786342675e-22, 2.11529454529e-22, 3.23232158709e-22, 4.86305611254e-22, 5.10163491331e-22, 6.29201768892e-22, 8.33043022904e-22, 1.42798939682e-21, 1.53829219475e-21, 2.50637785477e-21], "var": [3.7032168998e-10, 1.47458958963e-05, 6.50088622933e-05, 8.63453351485e-06, 1.7955146177e-05, 3.56080199708e-05, 5.58445317438e-05, 9.45228202909e-06, 3.1077710446e-05, 3.71969763364e-05, 8.81286041476e-07, 4.81481492898e-07, 5.74018827137e-07, 5.63096698158e-08, 3.27833362235e-07, 4.25007264937e-08, 3.93676735655e-09, 1.30686272914e-09, 3.69953484514e-10, 5.39527970911e-11, 1.35856005265e-11, 7.00678013874e-13, 3.25726452104e-14, 2.17994643943e-15, 9.58861082452e-17, 3.54484611915e-18, 3.54305940903e-18]}, "erbbands": {"dmean": [0.00938364490867, 0.297856479883, 1.64189219475, 1.60026168823, 1.7585709095, 3.37868523598, 8.41653060913, 19.0731868744, 8.23620414734, 10.8290805817, 16.0866718292, 28.0439186096, 23.6877880096, 12.0224256516, 5.50922298431, 5.4595079422, 4.58115005493, 3.07566165924, 3.77709698677, 1.98296439648, 1.42242026329, 0.540028691292, 0.416759520769, 0.181203007698, 0.135305017233, 0.0438602007926, 0.0238388683647, 0.0112005444244, 0.00382107286714, 0.00109802093357, 0.000424536759965, 0.000215284453589, 7.26133075659e-05, 2.62385492533e-05, 1.19855649245e-05, 6.18291778665e-06, 3.05359435515e-06, 9.2427154641e-07, 2.66157212536e-06, 6.28936095382e-06], "dmean2": [0.0146237853914, 0.476241827011, 2.63426566124, 2.52458262444, 2.96310544014, 5.25730466843, 14.1270551682, 35.6019248962, 12.2041788101, 16.8552837372, 23.6264305115, 35.9584197998, 31.6188926697, 15.7247085571, 8.05661296844, 7.92002296448, 6.29645776749, 4.42955112457, 5.56337594986, 2.91505146027, 2.11054873466, 0.799703598022, 0.644905388355, 0.268586575985, 0.198329120874, 0.0659007430077, 0.0369054116309, 0.0146677941084, 0.00586751801893, 0.00166109646671, 0.000704203906935, 0.000361093436368, 0.000113654175948, 4.48069804406e-05, 2.06302665902e-05, 1.05709868876e-05, 5.16348836754e-06, 1.60577803854e-06, 4.13193265558e-06, 9.80755248747e-06], "dvar": [0.000507854507305, 0.510359108448, 13.144162178, 9.39561271667, 14.4184370041, 44.5129508972, 170.505065918, 1587.86621094, 1307.35644531, 714.637207031, 1327.75854492, 5941.0078125, 10171.8984375, 1701.64916992, 516.408752441, 568.804443359, 538.60736084, 102.404632568, 527.41003418, 123.963233948, 43.8531570435, 3.35567450523, 3.21526527405, 0.705905616283, 0.561301887035, 0.0574733838439, 0.0264142546803, 0.00887832790613, 0.00206928374246, 0.000135671929456, 1.25483265947e-05, 3.96031055061e-06, 3.26123227978e-07, 2.3625341683e-08, 1.60774116242e-09, 9.07385971916e-11, 2.05982782914e-11, 1.81268335845e-12, 2.09766648496e-11, 1.17174131509e-10], "dvar2": [0.0010929958662, 1.28783905506, 35.1559638977, 23.1513023376, 38.2594604492, 98.7712936401, 477.370574951, 5362.18261719, 2214.98071289, 1563.68859863, 2967.48828125, 11122.5322266, 17140.3554688, 2971.75683594, 1054.48925781, 1118.55969238, 1077.71875, 212.427963257, 1089.99401855, 232.445007324, 111.554656982, 7.64198112488, 7.47539758682, 1.61614739895, 1.36662304401, 0.142530292273, 0.0606420077384, 0.0157912205905, 0.00541044771671, 0.000321202533087, 3.25163782691e-05, 1.02534468169e-05, 7.19468232546e-07, 5.52973205004e-08, 3.75875464087e-09, 2.41258207856e-10, 5.33082918086e-11, 5.20348781424e-12, 4.39751395021e-11, 2.50197307317e-10], "max": [0.563912808895, 18.12251091, 79.7574539185, 83.7227554321, 117.225257874, 194.101272583, 278.119293213, 679.625915527, 1968.68127441, 589.032226562, 773.663024902, 1888.00390625, 2668.93115234, 1552.53503418, 726.705627441, 853.477111816, 744.406616211, 339.590820312, 1259.50537109, 605.330505371, 250.292282104, 52.6188392639, 63.4498596191, 26.2559452057, 25.2583522797, 8.16202354431, 5.95064115524, 5.93862438202, 2.72251009941, 0.701598286629, 0.107847839594, 0.0774835720658, 0.0310324914753, 0.00689645251259, 0.00213885959238, 0.000174444954609, 8.96471901797e-05, 2.77863164229e-05, 8.59218198457e-05, 0.00020502199186], "mean": [0.0319736674428, 0.76032012701, 4.68682050705, 6.60866737366, 6.25929403305, 11.5869626999, 23.6027526855, 38.2639427185, 33.3839988708, 35.0178451538, 44.5430183411, 95.9616394043, 78.4572372437, 34.5764503479, 15.4646492004, 13.126329422, 10.4837608337, 7.69959974289, 6.99360799789, 4.33988189697, 3.09050989151, 1.2993530035, 0.875365018845, 0.32896065712, 0.245136290789, 0.0704815462232, 0.0345135964453, 0.0182337183505, 0.00478685135022, 0.00147236476187, 0.000474467029562, 0.000234394246945, 9.83774516499e-05, 4.35205729445e-05, 2.68038365903e-05, 1.81953346328e-05, 1.0459771147e-05, 2.37161657424e-06, 1.32142331495e-05, 3.07274094666e-05], "median": [0.0201036538929, 0.401466488838, 1.79768574238, 3.05180072784, 2.31844806671, 4.84900379181, 14.4473047256, 13.6008110046, 8.09957122803, 10.8029060364, 25.7041854858, 31.7335319519, 16.7363052368, 10.8234081268, 4.90244293213, 3.70822477341, 3.41215705872, 2.50171279907, 2.55427598953, 1.42423760891, 1.09836125374, 0.4679235816, 0.172540292144, 0.0582522712648, 0.0284671634436, 0.00862509012222, 0.00269449222833, 0.000820966204628, 0.000220537156565, 9.16542630875e-05, 4.74255139125e-05, 3.30297116307e-05, 2.64078225882e-05, 2.20671699935e-05, 1.8062262825e-05, 1.35582758958e-05, 7.99969893706e-06, 1.76978676336e-06, 1.04546670627e-05, 2.42667210841e-05], "min": [4.13911227515e-22, 4.89101798783e-21, 2.06170680243e-20, 1.46938283138e-19, 2.27585303859e-19, 2.00273880909e-19, 4.49657759128e-19, 3.72549249046e-19, 2.72681252151e-19, 4.33488265158e-19, 1.03534526659e-18, 6.75520614458e-19, 1.12554403912e-18, 3.54919708917e-18, 2.75656698362e-18, 4.41613986018e-18, 7.34211467402e-18, 6.0744173719e-18, 9.57321351916e-18, 9.27948499237e-18, 1.27101049135e-17, 6.94534756705e-18, 8.63769540742e-18, 1.04861859961e-17, 1.26576939228e-17, 1.57032248728e-17, 1.50598735709e-17, 2.23382854116e-17, 1.75928362642e-17, 2.0869864462e-17, 1.6178056323e-17, 1.52378878018e-17, 1.73004461156e-17, 1.68569383409e-17, 8.50993322591e-18, 6.40393924457e-18, 2.85298336262e-18, 1.16496943166e-18, 3.59723219113e-19, 3.56510288055e-20], "var": [0.00169819011353, 1.32687139511, 63.2579231262, 90.4492034912, 123.169700623, 305.72869873, 723.069152832, 3665.81323242, 12351.0625, 3470.20507812, 3326.61401367, 24619.0644531, 50872.5, 7029.77880859, 1627.34509277, 1207.2322998, 1174.99768066, 319.692810059, 712.75402832, 241.39680481, 57.5980606079, 7.26587867737, 6.56488466263, 1.12971365452, 0.860519528389, 0.0726663544774, 0.0317470431328, 0.0162592083216, 0.00181151332799, 0.000143595709233, 1.12862217065e-05, 3.41691452377e-06, 4.33853841741e-07, 2.70089035581e-08, 2.11249484572e-09, 2.75808792471e-10, 8.0043971451e-11, 4.50465142618e-12, 1.19678628119e-10, 6.59708454531e-10]}, "gfcc": {"mean": [-186.008911133, 263.955047607, -117.927879333, -45.8575286865, -8.01640224457, -29.342338562, -15.8493175507, -2.94001030922, -7.01409816742, -13.0652503967, -9.4159526825, -15.6539173126, 1.07876586914], "cov": [[8792.51269531, 949.221435547, -1724.3651123, 615.855407715, 179.618972778, -731.744934082, 195.066665649, -336.517303467, -33.9535522461, -90.6220092773, -85.4058609009, -152.865386963, 158.954360962], [949.221435547, 1057.69384766, 299.970825195, -263.072845459, 324.188049316, 5.73922300339, -33.5331420898, 52.2138595581, 10.6575422287, -72.3193054199, 25.6730442047, -84.6783599854, -37.4376144409], [-1724.3651123, 299.970825195, 965.530395508, -105.946502686, 115.161811829, 296.246276855, -35.1170082092, 195.417785645, 71.3777770996, -45.9537200928, 5.88187265396, -28.7322921753, -99.3709793091], [615.855407715, -263.072845459, -105.946502686, 464.579925537, -18.5119514465, -6.26812362671, 107.110321045, -36.779876709, 14.5773105621, 41.5799331665, -41.3032188416, -18.509267807, -27.6120586395], [179.618972778, 324.188049316, 115.161811829, -18.5119514465, 259.680938721, 59.5788078308, -10.0932512283, 13.8602542877, -15.181265831, -1.40152609348, 22.2075977325, -39.4507484436, -43.7428321838], [-731.744934082, 5.73922300339, 296.246276855, -6.26812362671, 59.5788078308, 240.034088135, 19.2249107361, 14.2218389511, -4.38041162491, -17.2295284271, 10.8991823196, 12.4889936447, -50.1159820557], [195.066665649, -33.5331420898, -35.1170082092, 107.110321045, -10.0932512283, 19.2249107361, 112.723800659, 3.32280182838, -10.4034442902, 5.83454465866, -28.2686157227, -9.46534729004, 0.160220369697], [-336.517303467, 52.2138595581, 195.417785645, -36.779876709, 13.8602542877, 14.2218389511, 3.32280182838, 146.704650879, 68.9531860352, -3.3399207592, 5.98124217987, -18.3067970276, -10.5289707184], [-33.9535522461, 10.6575422287, 71.3777770996, 14.5773105621, -15.181265831, -4.38041162491, -10.4034442902, 68.9531860352, 95.3928375244, 30.2872619629, 8.99899864197, -5.32794427872, -10.6327981949], [-90.6220092773, -72.3193054199, -45.9537200928, 41.5799331665, -1.40152609348, -17.2295284271, 5.83454465866, -3.3399207592, 30.2872619629, 90.2336349487, 30.9594707489, -4.37437677383, -19.6937255859], [-85.4058609009, 25.6730442047, 5.88187265396, -41.3032188416, 22.2075977325, 10.8991823196, -28.2686157227, 5.98124217987, 8.99899864197, 30.9594707489, 82.9851303101, 39.9600830078, -9.68157577515], [-152.865386963, -84.6783599854, -28.7322921753, -18.509267807, -39.4507484436, 12.4889936447, -9.46534729004, -18.3067970276, -5.32794427872, -4.37437677383, 39.9600830078, 95.3502655029, 46.718460083], [158.954360962, -37.4376144409, -99.3709793091, -27.6120586395, -43.7428321838, -50.1159820557, 0.160220369697, -10.5289707184, -10.6327981949, -19.6937255859, -9.68157577515, 46.718460083, 101.723991394]], "icov": [[0.000751604209654, -0.00147317687515, 0.0015636307653, -0.0016096100444, 0.00053791468963, 0.000169230668689, -0.000115772811114, 0.000474163942272, -0.00125999713782, 0.00189742434304, -0.00112210656516, 0.00114526355173, -0.000659280980472], [-0.00147317687515, 0.00708055123687, -0.00549440365285, 0.00581126008183, -0.00600343616679, 0.00391557114199, -0.00488578202203, 0.00520631391555, -0.00345927383751, 0.00206091674045, -0.0027768460568, 0.00206047249958, -0.000161144605954], [0.0015636307653, -0.00549440365285, 0.00776683399454, -0.00486466893926, 0.00372574338689, -0.00553907174617, 0.00476473197341, -0.00673181796446, 0.0014429584844, 0.000706696766429, 0.00220278836787, -0.000733159424271, 0.000804194132797], [-0.0016096100444, 0.00581126008183, -0.00486466893926, 0.00845977570862, -0.00455309357494, 0.00281916069798, -0.00607276009396, 0.00443143025041, -0.00283928355202, -0.0013069746783, 0.00103808951098, -0.00091458868701, 0.0020663770847], [0.00053791468963, -0.00600343616679, 0.00372574338689, -0.00455309357494, 0.0113626448438, -0.00596859166399, 0.00629455642775, -0.00705944700167, 0.0075432760641, -0.00479139294475, 0.00140472792555, -0.000175301000127, 0.000633705116343], [0.000169230668689, 0.00391557114199, -0.00553907174617, 0.00281916069798, -0.00596859166399, 0.0140906041488, -0.00916042737663, 0.0104744024575, -0.00714896246791, 0.00751300668344, -0.00557611696422, 0.00080861710012, 0.00181005441118], [-0.000115772811114, -0.00488578202203, 0.00476473197341, -0.00607276009396, 0.00629455642775, -0.00916042737663, 0.0216431170702, -0.0142707750201, 0.0132677853107, -0.0109167797491, 0.0118985921144, -0.00652248552069, 0.00147279025987], [0.000474163942272, 0.00520631391555, -0.00673181796446, 0.00443143025041, -0.00705944700167, 0.0104744024575, -0.0142707750201, 0.0286081470549, -0.0222173351794, 0.0148793002591, -0.0145335523412, 0.0122441379353, -0.00553800351918], [-0.00125999713782, -0.00345927383751, 0.0014429584844, -0.00283928355202, 0.0075432760641, -0.00714896246791, 0.0132677853107, -0.0222173351794, 0.0331967175007, -0.0200239755213, 0.0128780351952, -0.0107644703239, 0.00449851434678], [0.00189742434304, 0.00206091674045, 0.000706696766429, -0.0013069746783, -0.00479139294475, 0.00751300668344, -0.0109167797491, 0.0148793002591, -0.0200239755213, 0.0321417786181, -0.0209429748356, 0.0142888277769, -0.00309856445529], [-0.00112210656516, -0.0027768460568, 0.00220278836787, 0.00103808951098, 0.00140472792555, -0.00557611696422, 0.0118985921144, -0.0145335523412, 0.0128780351952, -0.0209429748356, 0.0378353707492, -0.0257901195437, 0.0122359702364], [0.00114526355173, 0.00206047249958, -0.000733159424271, -0.00091458868701, -0.000175301000127, 0.00080861710012, -0.00652248552069, 0.0122441379353, -0.0107644703239, 0.0142888277769, -0.0257901195437, 0.0344972833991, -0.017052019015], [-0.000659280980472, -0.000161144605954, 0.000804194132797, 0.0020663770847, 0.000633705116343, 0.00181005441118, 0.00147279025987, -0.00553800351918, 0.00449851434678, -0.00309856445529, 0.0122359702364, -0.017052019015, 0.021602941677]]}, "melbands": {"dmean": [0.000172564046807, 0.000688166473992, 0.000260548491497, 0.000169379607541, 0.000280677573755, 0.000394777627662, 0.000122215089505, 0.000132599030621, 0.000134130459628, 0.000172241212567, 0.000115943097626, 5.0348280638e-05, 1.60111212608e-05, 1.58163493325e-05, 9.90301668935e-06, 1.05558010546e-05, 5.27335714651e-06, 5.6945268625e-06, 3.95279857912e-06, 3.22900859828e-06, 1.31249646529e-06, 6.22465506694e-07, 6.1545540575e-07, 2.15286490857e-07, 1.54992193302e-07, 9.98485276682e-08, 6.05233196893e-08, 2.67868358605e-08, 1.769974034e-08, 1.10701492417e-08, 5.04305974758e-09, 2.17666440427e-09, 1.05426367636e-09, 5.35396948997e-10, 2.12120127019e-10, 2.93253893391e-10, 6.95504626114e-11, 6.13888939682e-11, 2.56575941049e-11, 1.98029509457e-11], "dmean2": [0.000271645665634, 0.00110267242417, 0.000412262481404, 0.000272612902336, 0.000473330641398, 0.000734388187993, 0.000178593996679, 0.000208313242183, 0.000192752777366, 0.000221113819862, 0.000155713831191, 6.64015533403e-05, 2.38758311752e-05, 2.31719586736e-05, 1.39192407005e-05, 1.44537698361e-05, 7.83891937317e-06, 8.47622413858e-06, 5.63566800338e-06, 4.75060960525e-06, 1.97051622308e-06, 9.2156477649e-07, 9.59558292379e-07, 3.38153711255e-07, 2.31318168176e-07, 1.48693160895e-07, 8.89971332185e-08, 4.1172679488e-08, 2.75332858735e-08, 1.6029233052e-08, 6.25909590823e-09, 3.39645445102e-09, 1.65254276929e-09, 8.23465795552e-10, 3.53836654421e-10, 5.07140329731e-10, 1.16197981792e-10, 9.68703797732e-11, 4.37136264686e-11, 3.45158207571e-11], "dvar": [1.83100155482e-07, 2.36904907069e-06, 2.31225996572e-07, 1.23987604184e-07, 1.78408242846e-07, 6.5844716346e-07, 3.18619186146e-07, 1.03073681146e-07, 8.07110609458e-08, 2.49419002785e-07, 2.47886333682e-07, 3.25459090789e-08, 4.04162658896e-09, 3.44900397131e-09, 1.73250891411e-09, 3.2428617569e-09, 2.44872094823e-10, 1.06493791563e-09, 1.04590036631e-09, 2.61680843661e-10, 3.20119104835e-11, 4.12643920769e-12, 7.01377541115e-12, 1.20900208248e-12, 6.11322895517e-13, 2.64528497848e-13, 1.18983558357e-13, 2.29079366018e-14, 1.39245745197e-14, 1.09497871856e-14, 3.04621465788e-15, 5.77613948408e-16, 3.12713023302e-16, 2.35155503661e-17, 3.83375797324e-18, 9.34800697995e-18, 4.72269464955e-19, 3.17072442561e-19, 2.17583381628e-20, 1.83296712926e-20], "dvar2": [4.24698754387e-07, 6.29713258604e-06, 5.594341701e-07, 2.77031659834e-07, 5.03181524891e-07, 2.22506810132e-06, 5.40866096799e-07, 2.41226643993e-07, 1.73125371816e-07, 4.67912627755e-07, 4.19605555635e-07, 5.65247049167e-08, 8.43993497313e-09, 6.86509959991e-09, 3.35221228553e-09, 6.63993571237e-09, 5.14816522745e-10, 2.24649765457e-09, 1.76811432162e-09, 6.53778198245e-10, 8.30139013086e-11, 9.21182574665e-12, 1.60412082922e-11, 2.96800583242e-12, 1.37173388967e-12, 6.24218396156e-13, 2.94632048793e-13, 5.56327241761e-14, 3.22403880665e-14, 2.36334830016e-14, 4.74011029877e-15, 1.53052532585e-15, 7.75056640199e-16, 5.8872713979e-17, 1.02344823804e-17, 2.47351636592e-17, 1.24539506525e-18, 6.84897844074e-19, 4.9540981028e-20, 4.39786243859e-20], "max": [0.0108755677938, 0.0355605706573, 0.0126727614552, 0.0106686912477, 0.00815432518721, 0.0133240586147, 0.0301098264754, 0.00567085435614, 0.0056464318186, 0.0127117941156, 0.0131659293547, 0.00697289314121, 0.00188228639308, 0.00186086422764, 0.00120264396537, 0.00247527752072, 0.000409060681704, 0.00180545798503, 0.00194691203069, 0.000703520607203, 0.000177765294211, 6.83094476699e-05, 7.8676501289e-05, 2.85509686364e-05, 2.64560385403e-05, 1.81020932359e-05, 1.28005685838e-05, 5.39677512279e-06, 4.02729256166e-06, 6.39546169623e-06, 4.43986391474e-06, 1.35909169785e-06, 1.18848743114e-06, 2.08006426305e-07, 7.30232443402e-08, 1.40235059121e-07, 2.80865553037e-08, 3.33397025543e-08, 5.522137414e-09, 7.75922348595e-09], "mean": [0.000496768101584, 0.00199134484865, 0.00112515268847, 0.000623549916781, 0.00080256111687, 0.000816219195258, 0.000500726862811, 0.000397833995521, 0.000405583676184, 0.000567956943996, 0.000371412315872, 0.00013747139019, 4.31103362644e-05, 3.91540197597e-05, 2.27486561926e-05, 2.447942461e-05, 1.24448424685e-05, 1.03418742583e-05, 8.13450242276e-06, 6.15046610619e-06, 2.96137432088e-06, 1.46376748944e-06, 1.15185048344e-06, 4.25922706881e-07, 2.583330172e-07, 1.76454861389e-07, 1.13660448164e-07, 3.61275631633e-08, 2.3188519549e-08, 1.67935603201e-08, 7.83430742501e-09, 2.57785393032e-09, 1.20087595423e-09, 6.74196365402e-10, 2.23495555396e-10, 2.78696399292e-10, 7.31598601145e-11, 7.03548608261e-11, 2.69506014727e-11, 2.02906389607e-11], "median": [0.000262657908024, 0.000924335676245, 0.000539051718079, 0.000248320167884, 0.000519506516866, 0.000314963923302, 9.75435686996e-05, 0.000130490690935, 0.000217868451728, 0.000182166841114, 6.57975106151e-05, 4.03486410505e-05, 1.37480274134e-05, 1.08564963739e-05, 7.10512358637e-06, 5.63083722227e-06, 3.43704914485e-06, 3.70572024622e-06, 2.32736238104e-06, 1.5244233964e-06, 1.15719421956e-06, 4.62338903162e-07, 2.09160077702e-07, 5.54998571545e-08, 3.49479805095e-08, 2.00921910221e-08, 1.08452526959e-08, 3.51537932097e-09, 1.30783783803e-09, 6.58980980894e-10, 2.43449038706e-10, 9.77475531072e-11, 4.41072386947e-11, 3.51955617428e-11, 1.7265893576e-11, 1.32596338423e-11, 9.62507504254e-12, 8.28340781384e-12, 6.33846100606e-12, 5.38396107211e-12], "min": [4.74168315695e-24, 9.31286270671e-24, 2.70444553048e-23, 1.47185383706e-23, 1.51030023546e-23, 7.76696827835e-24, 4.34290489746e-24, 4.80335275265e-24, 8.40730087461e-24, 4.22601582726e-24, 5.68278632827e-24, 1.42291432645e-23, 8.39955978255e-24, 1.14355611849e-23, 1.4436214519e-23, 1.45724176651e-23, 1.03373090327e-23, 1.36727833339e-23, 1.41641490145e-23, 1.36675468752e-23, 1.33998137949e-23, 6.51427688238e-24, 7.08821105625e-24, 7.12382102637e-24, 8.8034407888e-24, 6.76277280069e-24, 1.15636327529e-23, 1.0376740245e-23, 7.17701943924e-24, 1.25590837074e-23, 1.3009366301e-23, 9.92764567597e-24, 9.8267219672e-24, 1.24484735756e-23, 9.19323195043e-24, 9.39921142139e-24, 8.65607289424e-24, 1.17139565093e-23, 1.24656746876e-23, 1.50475974977e-23], "var": [5.04636716414e-07, 9.83933023235e-06, 2.32093589148e-06, 9.55699420047e-07, 7.24774849914e-07, 1.56764338044e-06, 2.94009964819e-06, 4.2553295998e-07, 2.62793463435e-07, 9.30509258978e-07, 1.23201687074e-06, 1.32782702167e-07, 1.25235048998e-08, 8.55503756725e-09, 3.8530685309e-09, 6.9752150722e-09, 8.12166778275e-10, 1.39370071039e-09, 2.11532102945e-09, 3.34571148564e-10, 4.41197738066e-11, 1.00860110194e-11, 1.23179903777e-11, 2.22590977768e-12, 9.48202237214e-13, 4.27635438996e-13, 2.0448283366e-13, 2.63394263133e-14, 1.61130772624e-14, 1.36459540431e-14, 6.09799474574e-15, 4.97555729426e-16, 2.88786063078e-16, 2.41179032881e-17, 3.21239561352e-18, 7.41952223575e-18, 3.96458594459e-19, 4.40268897284e-19, 2.6246222732e-20, 1.84114959341e-20]}, "mfcc": {"mean": [-800.547607422, 263.9190979, -1.32824027538, -13.1332416534, 12.3261566162, -8.67028045654, -7.80862379074, 2.05298829079, 5.97335624695, 3.95018911362, -2.58768439293, -4.34677267075, -4.10316324234], "cov": [[4106.1328125, 1515.05480957, -1456.30236816, 476.292266846, 191.711135864, -320.16519165, 62.7796821594, -113.785224915, -64.8888015747, 61.0168190002, -67.4929580688, -77.6549453735, -62.2709541321], [1515.05480957, 1125.25402832, -139.891036987, -2.43473172188, 206.158874512, -33.6016349792, -8.80721664429, 41.3114776611, 7.62051677704, 24.2107639313, 5.8992395401, -9.65121841431, 1.62256228924], [-1456.30236816, -139.891036987, 987.873962402, -136.822509766, 0.0873279646039, 212.523986816, -10.0885725021, 132.224517822, 101.598823547, 9.98493766785, 69.4558868408, 50.8769378662, 26.3699836731], [476.292266846, -2.43473172188, -136.822509766, 360.829071045, 45.1714630127, -59.1148300171, 72.7274093628, -0.124133020639, 31.2536315918, 69.2303237915, 33.5297737122, 5.83043909073, -22.5155448914], [191.711135864, 206.158874512, 0.0873279646039, 45.1714630127, 183.127670288, 55.410369873, 20.030872345, 24.631778717, -16.0358715057, 9.79138565063, 33.0545730591, 28.4756298065, 16.9979801178], [-320.16519165, -33.6016349792, 212.523986816, -59.1148300171, 55.410369873, 212.650512695, 78.654006958, 22.5507354736, -1.63944089413, -40.3604812622, 18.7040863037, 50.894153595, 5.9396572113], [62.7796821594, -8.80721664429, -10.0885725021, 72.7274093628, 20.030872345, 78.654006958, 132.508163452, 31.0853328705, -10.4901456833, -4.91830396652, 8.42834281921, 24.3893585205, -9.70165157318], [-113.785224915, 41.3114776611, 132.224517822, -0.124133020639, 24.631778717, 22.5507354736, 31.0853328705, 90.5570449829, 40.9262390137, -8.9980840683, -1.80403935909, 1.35601866245, 5.99183130264], [-64.8888015747, 7.62051677704, 101.598823547, 31.2536315918, -16.0358715057, -1.63944089413, -10.4901456833, 40.9262390137, 95.4720306396, 47.3620910645, -10.2439012527, -21.5777645111, -8.03078651428], [61.0168190002, 24.2107639313, 9.98493766785, 69.2303237915, 9.79138565063, -40.3604812622, -4.91830396652, -8.9980840683, 47.3620910645, 133.281585693, 50.997341156, -33.554019928, -5.56379747391], [-67.4929580688, 5.8992395401, 69.4558868408, 33.5297737122, 33.0545730591, 18.7040863037, 8.42834281921, -1.80403935909, -10.2439012527, 50.997341156, 99.100692749, 49.7816696167, 2.1656229496], [-77.6549453735, -9.65121841431, 50.8769378662, 5.83043909073, 28.4756298065, 50.894153595, 24.3893585205, 1.35601866245, -21.5777645111, -33.554019928, 49.7816696167, 109.274215698, 40.9684371948], [-62.2709541321, 1.62256228924, 26.3699836731, -22.5155448914, 16.9979801178, 5.9396572113, -9.70165157318, 5.99183130264, -8.03078651428, -5.56379747391, 2.1656229496, 40.9684371948, 90.2693710327]], "icov": [[0.110145106912, -0.154983252287, 0.155207768083, -0.154845073819, 0.149489447474, -0.145046517253, 0.138438865542, -0.126289010048, 0.107046164572, -0.0874000787735, 0.0701519325376, -0.046422611922, 0.0229832921177], [-0.154983252287, 0.219382241368, -0.218328937888, 0.218685731292, -0.212569758296, 0.205503746867, -0.195983678102, 0.178512856364, -0.152315422893, 0.123920597136, -0.0994221940637, 0.0658214241266, -0.0323381051421], [0.155207768083, -0.218328937888, 0.221504360437, -0.218947798014, 0.213177368045, -0.209626108408, 0.200482785702, -0.184894189239, 0.153543129563, -0.126780986786, 0.0997718423605, -0.0672911927104, 0.0331365913153], [-0.154845073819, 0.218685731292, -0.218947798014, 0.224829033017, -0.21616025269, 0.212692990899, -0.206341356039, 0.187873408198, -0.162554845214, 0.13064815104, -0.106331191957, 0.0694205015898, -0.0340126007795], [0.149489447474, -0.212569758296, 0.213177368045, -0.21616025269, 0.219338133931, -0.211449190974, 0.204239711165, -0.190944910049, 0.164966374636, -0.135165095329, 0.106398321688, -0.0725677385926, 0.0347167328], [-0.145046517253, 0.205503746867, -0.209626108408, 0.212692990899, -0.211449190974, 0.218634054065, -0.211441382766, 0.195569247007, -0.168964967132, 0.141681745648, -0.112298391759, 0.0746135041118, -0.0372072868049], [0.138438865542, -0.195983678102, 0.200482785702, -0.206341356039, 0.204239711165, -0.211441382766, 0.218586787581, -0.200905844569, 0.175723776221, -0.148019134998, 0.120398528874, -0.0840354114771, 0.043032169342], [-0.126289010048, 0.178512856364, -0.184894189239, 0.187873408198, -0.190944910049, 0.195569247007, -0.200905844569, 0.20685352385, -0.175710320473, 0.149463504553, -0.119990162551, 0.085377022624, -0.0439790338278], [0.107046164572, -0.152315422893, 0.153543129563, -0.162554845214, 0.164966374636, -0.168964967132, 0.175723776221, -0.175710320473, 0.174033746123, -0.144074216485, 0.120710484684, -0.0824906826019, 0.0429307557642], [-0.0874000787735, 0.123920597136, -0.126780986786, 0.13064815104, -0.135165095329, 0.141681745648, -0.148019134998, 0.149463504553, -0.144074216485, 0.139932826161, -0.117431141436, 0.0853334590793, -0.0426995754242], [0.0701519325376, -0.0994221940637, 0.0997718423605, -0.106331191957, 0.106398321688, -0.112298391759, 0.120398528874, -0.119990162551, 0.120710484684, -0.117431141436, 0.115512669086, -0.0803439319134, 0.0399647019804], [-0.046422611922, 0.0658214241266, -0.0672911927104, 0.0694205015898, -0.0725677385926, 0.0746135041118, -0.0840354114771, 0.085377022624, -0.0824906826019, 0.0853334590793, -0.0803439319134, 0.0709119588137, -0.0345126651227], [0.0229832921177, -0.0323381051421, 0.0331365913153, -0.0340126007795, 0.0347167328, -0.0372072868049, 0.043032169342, -0.0439790338278, 0.0429307557642, -0.0426995754242, 0.0399647019804, -0.0345126651227, 0.0286974236369]]}, "spectral_contrast_coeffs": {"dmean": [0.0368523485959, 0.037840731442, 0.0277612078935, 0.0236274171621, 0.0186634492129, 0.0490972176194], "dmean2": [0.0613382384181, 0.0640525445342, 0.0439139269292, 0.0376535095274, 0.0297726504505, 0.0861012786627], "dvar": [0.000951101363171, 0.00106968008913, 0.000690039945766, 0.000541126122698, 0.000419577059802, 0.00177076342516], "dvar2": [0.00263885152526, 0.00301823252812, 0.00154650164768, 0.00123007106595, 0.000989259104244, 0.00496924109757], "max": [-0.315455675125, -0.328080773354, -0.403299450874, -0.503583133221, -0.581620812416, -0.526084065437], "mean": [-0.630085349083, -0.678789794445, -0.696144044399, -0.74863755703, -0.707317113876, -0.854103386402], "median": [-0.633387863636, -0.679222166538, -0.707193493843, -0.753762722015, -0.703279614449, -0.867119848728], "min": [-0.984610319138, -0.985339164734, -0.965205490589, -0.964288711548, -0.961437702179, -0.965177953243], "var": [0.00573147879913, 0.00807096716017, 0.0070635844022, 0.0037083318457, 0.00236775819212, 0.00548042031005]}, "spectral_contrast_valleys": {"dmean": [0.318892478943, 0.280209511518, 0.236169025302, 0.253643870354, 0.284865051508, 0.931085765362], "dmean2": [0.531872808933, 0.46022439003, 0.38733714819, 0.413535445929, 0.446732789278, 1.66094172001], "dvar": [0.092675998807, 0.0838861167431, 0.0736783146858, 0.118451178074, 0.226487666368, 0.528840601444], "dvar2": [0.219630852342, 0.1811606884, 0.151702135801, 0.245568320155, 0.47261223197, 1.60867512226], "max": [-5.22952127457, -4.74794435501, -5.52837991714, -6.14700841904, -7.31330728531, -11.964928627], "mean": [