{"lowlevel": {"average_loudness": 0.971173107624, "barkbands_crest": {"dmean": 2.48482584953, "dmean2": 3.90874290466, "dvar": 7.62945127487, "dvar2": 19.9234218597, "max": 26.6448554993, "mean": 12.8950977325, "median": 11.7353057861, "min": 2.63388514519, "var": 22.5142841339}, "barkbands_flatness_db": {"dmean": 0.0327403955162, "dmean2": 0.0454014018178, "dvar": 0.00107469665818, "dvar2": 0.00230569229461, "max": 0.586499989033, "mean": 0.214020088315, "median": 0.201611921191, "min": 0.0461087599397, "var": 0.00575638469309}, "barkbands_kurtosis": {"dmean": 9.19551467896, "dmean2": 14.1488027573, "dvar": 323.532012939, "dvar2": 833.870300293, "max": 626.854736328, "mean": 19.7878494263, "median": 11.8538341522, "min": -1.232827425, "var": 1290.84082031}, "barkbands_skewness": {"dmean": 0.866664171219, "dmean2": 1.28997957706, "dvar": 1.057310462, "dvar2": 2.72916173935, "max": 22.4887981415, "mean": 2.99002671242, "median": 2.62672638893, "min": -0.936411678791, "var": 4.07543754578}, "barkbands_spread": {"dmean": 2.76309251785, "dmean2": 4.04603242874, "dvar": 10.9288825989, "dvar2": 22.761510849, "max": 79.196647644, "mean": 7.48329877853, "median": 6.25374412537, "min": 0.159114792943, "var": 30.2671222687}, "dissonance": {"dmean": 0.0312458220869, "dmean2": 0.0498438477516, "dvar": 0.00087207678007, "dvar2": 0.00205576745793, "max": 0.498999595642, "mean": 0.401931524277, "median": 0.406980514526, "min": 0.141193583608, "var": 0.00303016719408}, "dynamic_complexity": 3.41745448112, "erbbands_crest": {"dmean": 2.51992917061, "dmean2": 3.6517188549, "dvar": 6.53850603104, "dvar2": 13.8008012772, "max": 30.5450935364, "mean": 12.5422105789, "median": 11.4455251694, "min": 2.54123449326, "var": 24.3602809906}, "erbbands_flatness_db": {"dmean": 0.0296975634992, "dmean2": 0.0372237376869, "dvar": 0.000783228781074, "dvar2": 0.0013801419409, "max": 0.508670568466, "mean": 0.205967143178, "median": 0.195280432701, "min": 0.0350947864354, "var": 0.00483024353161}, "erbbands_kurtosis": {"dmean": 2.86327695847, "dmean2": 4.00853204727, "dvar": 18.3673305511, "dvar2": 36.143913269, "max": 153.912094116, "mean": 5.69763088226, "median": 3.33319878578, "min": -1.67882919312, "var": 59.676574707}, "erbbands_skewness": {"dmean": 0.498466223478, "dmean2": 0.682474374771, "dvar": 0.251984089613, "dvar2": 0.514069139957, "max": 9.13558578491, "mean": 1.65628492832, "median": 1.50481510162, "min": -1.48475944996, "var": 1.30233120918}, "erbbands_spread": {"dmean": 6.51844882965, "dmean2": 8.86051654816, "dvar": 61.6332588196, "dvar2": 124.499916077, "max": 103.90460968, "mean": 21.9161090851, "median": 18.384929657, "min": 0.993585467339, "var": 195.640731812}, "hfc": {"dmean": 5.76635599136, "dmean2": 7.72084331512, "dvar": 86.0009994507, "dvar2": 168.58543396, "max": 90.0935592651, "mean": 14.5087194443, "median": 10.8019800186, "min": 8.01034403253e-08, "var": 165.087295532}, "melbands_crest": {"dmean": 2.67176938057, "dmean2": 4.21508359909, "dvar": 7.69348144531, "dvar2": 19.0402641296, "max": 30.5474891663, "mean": 14.3982753754, "median": 13.4970703125, "min": 5.91945648193, "var": 20.9761371613}, "melbands_flatness_db": {"dmean": 0.0350173637271, "dmean2": 0.0484235659242, "dvar": 0.00138154509477, "dvar2": 0.00299893086776, "max": 0.682934165001, "mean": 0.297256231308, "median": 0.289288938046, "min": 0.0431766659021, "var": 0.00654784077778}, "melbands_kurtosis": {"dmean": 11.6580934525, "dmean2": 18.0092220306, "dvar": 432.517150879, "dvar2": 1136.42944336, "max": 512.841003418, "mean": 23.3005237579, "median": 14.2727737427, "min": -1.26845359802, "var": 1016.73760986}, "melbands_skewness": {"dmean": 0.848975718021, "dmean2": 1.26974737644, "dvar": 1.17842757702, "dvar2": 2.97580766678, "max": 15.02485466, "mean": 2.84164905548, "median": 2.43391823769, "min": -0.704717934132, "var": 3.13649296761}, "melbands_spread": {"dmean": 2.39245271683, "dmean2": 3.59608817101, "dvar": 11.3619976044, "dvar2": 24.9245510101, "max": 96.8775100708, "mean": 7.46066093445, "median": 6.31694698334, "min": 0.376756966114, "var": 25.2977733612}, "pitch_salience": {"dmean": 0.0680655241013, "dmean2": 0.105184771121, "dvar": 0.00610327348113, "dvar2": 0.015994656831, "max": 0.853126227856, "mean": 0.539140641689, "median": 0.556851387024, "min": 0.0358180887997, "var": 0.0178917720914}, "silence_rate_20dB": {"dmean": 0, "dmean2": 0, "dvar": 0, "dvar2": 0, "max": 1, "mean": 1, "median": 1, "min": 1, "var": 0}, "silence_rate_30dB": {"dmean": 0.00380820501596, "dmean2": 0.00761772831902, "dvar": 0.00379380793311, "dvar2": 0.0110216950998, "max": 1, "mean": 0.997923135757, "median": 1, "min": 0, "var": 0.00207265280187}, "silence_rate_60dB": {"dmean": 0.00207720277831, "dmean2": 0.00398199446499, "dvar": 0.00207313499413, "dvar2": 0.00465808529407, "max": 1, "mean": 0.0330564193428, "median": 0, "min": 0, "var": 0.0319639183581}, "spectral_centroid": {"dmean": 94.1121368408, "dmean2": 134.551208496, "dvar": 17371.0976562, "dvar2": 34862.0859375, "max": 3320.98901367, "mean": 540.366210938, "median": 489.186737061, "min": 161.911315918, "var": 40931.03125}, "spectral_complexity": {"dmean": 2.94097280502, "dmean2": 4.3647851944, "dvar": 20.8179073334, "dvar2": 35.0182533264, "max": 53, "mean": 11.6040153503, "median": 10, "min": 0, "var": 45.9913368225}, "spectral_decrease": {"dmean": 3.29081251138e-09, "dmean2": 5.26593835204e-09, "dvar": 4.20559203676e-17, "dvar2": 1.15381478116e-16, "max": -4.92009468529e-18, "mean": -8.1364532889e-09, "median": -6.75996680854e-09, "min": -4.82084629994e-08, "var": 3.98753432327e-17}, "spectral_energy": {"dmean": 0.0128803476691, "dmean2": 0.0204655062407, "dvar": 0.000618942722213, "dvar2": 0.00168952473905, "max": 0.183758154511, "mean": 0.032024782151, "median": 0.026558002457, "min": 2.58352020333e-11, "var": 0.000603660475463}, "spectral_energyband_high": {"dmean": 0.000276524573565, "dmean2": 0.000385380262742, "dvar": 3.12326136509e-07, "dvar2": 5.77757248266e-07, "max": 0.0053110551089, "mean": 0.000320869788993, "median": 7.92551873019e-05, "min": 4.92344359726e-12, "var": 4.85845703224e-07}, "spectral_energyband_low": {"dmean": 0.00735150463879, "dmean2": 0.0128812985495, "dvar": 0.000624299340416, "dvar2": 0.00171496148687, "max": 0.179231971502, "mean": 0.00703911622986, "median": 0.00136790133547, "min": 7.54733255059e-12, "var": 0.00045427805162}, "spectral_energyband_middle_high": {"dmean": 0.00145502691157, "dmean2": 0.00215723435394, "dvar": 8.41748169478e-06, "dvar2": 2.01224975171e-05, "max": 0.0304691139609, "mean": 0.00258162338287, "median": 0.00129849475343, "min": 2.18233937865e-12, "var": 1.30026419356e-05}, "spectral_energyband_middle_low": {"dmean": 0.00616053678095, "dmean2": 0.00859441421926, "dvar": 7.42264601286e-05, "dvar2": 0.000160098978085, "max": 0.086849629879, "mean": 0.0227469038218, "median": 0.0200057439506, "min": 9.9848376095e-12, "var": 0.000205300806556}, "spectral_entropy": {"dmean": 0.327355623245, "dmean2": 0.412352383137, "dvar": 0.115415349603, "dvar2": 0.214643731713, "max": 8.30920410156, "mean": 6.69308280945, "median": 6.73781394958, "min": 3.65841364861, "var": 0.531472980976}, "spectral_flux": {"dmean": 0.0351664721966, "dmean2": 0.0537574626505, "dvar": 0.00289248907939, "dvar2": 0.00569353532046, "max": 0.40644043684, "mean": 0.0712272524834, "median": 0.0494098886847, "min": 4.4452437578e-05, "var": 0.00442793499678}, "spectral_kurtosis": {"dmean": 5.74312877655, "dmean2": 8.22200393677, "dvar": 121.466125488, "dvar2": 232.452392578, "max": 257.731658936, "mean": 13.588092804, "median": 8.19435024261, "min": 0.194330453873, "var": 416.439849854}, "spectral_rms": {"dmean": 0.000946611864492, "dmean2": 0.00142937002238, "dvar": 2.1548123641e-06, "dvar2": 5.57668408874e-06, "max": 0.0133894076571, "mean": 0.00524823926389, "median": 0.00509021058679, "min": 1.58761068292e-07, "var": 3.69971166947e-06}, "spectral_rolloff": {"dmean": 127.761512756, "dmean2": 223.419967651, "dvar": 74254.171875, "dvar2": 136902.75, "max": 10099.0722656, "mean": 563.083618164, "median": 516.796875, "min": 86.1328125, "var": 100688.976562}, "spectral_skewness": {"dmean": 0.498549491167, "dmean2": 0.684255957603, "dvar": 0.403478205204, "dvar2": 0.767414987087, "max": 13.4331178665, "mean": 2.75022149086, "median": 2.47334909439, "min": 0.533294677734, "var": 1.78734195232}, "spectral_spread": {"dmean": 1014029.875, "dmean2": 1288433.25, "dvar": 788755185664, "dvar2": 1498427817980.0, "max": 12790938, "mean": 4309543.5, "median": 4291913, "min": 365586.65625, "var": 2678349103100.0}, "spectral_strongpeak": {"dmean": 0.450283795595, "dmean2": 0.708828508854, "dvar": 0.387701809406, "dvar2": 0.851860582829, "max": 7.49436378479, "mean": 1.23246312141, "median": 1.04829621315, "min": 0, "var": 0.849194347858}, "zerocrossingrate": {"dmean": 0.00785560626537, "dmean2": 0.00943483505398, "dvar": 8.23751033749e-05, "dvar2": 0.000101630554127, "max": 0.45751953125, "mean": 0.0323693789542, "median": 0.0283203125, "min": 0.0029296875, "var": 0.000293621880701}, "barkbands": {"dmean": [0.000171860549017, 0.00627236673608, 0.00108428578824, 0.000472546584206, 0.00312547083013, 0.00136245391332, 0.00240161782131, 0.00132799823768, 0.000373953371309, 0.000508988567162, 0.000345018866938, 0.00031916302396, 0.000162162206834, 0.000151657208335, 0.000140893695061, 7.56541703595e-05, 5.32881895197e-05, 4.1005150706e-05, 4.5967517508e-05, 3.97771473217e-05, 4.42178679805e-05, 5.37108899152e-05, 5.05144562339e-05, 4.72289939353e-05, 2.46930376306e-05, 5.79787702009e-05, 2.80650556306e-06], "dmean2": [0.000304472225253, 0.011177720502, 0.00185887038242, 0.000807057018392, 0.00473345210776, 0.00177218730096, 0.00308026210405, 0.00180731713772, 0.000634593714494, 0.000757661473472, 0.000462197611341, 0.000474942033179, 0.000280279375147, 0.00023985018197, 0.000245004659519, 0.000118188516353, 8.34933744045e-05, 6.23510277364e-05, 6.88987274771e-05, 6.18908088654e-05, 6.80789817125e-05, 7.91306665633e-05, 7.14026828064e-05, 6.6109772888e-05, 3.30895418301e-05, 9.45727078943e-05, 4.1853240873e-06], "dvar": [2.6940205089e-07, 0.000489128986374, 8.76690774021e-06, 9.31015790684e-07, 2.25980638788e-05, 4.65547873318e-06, 1.94600670511e-05, 6.03607441008e-06, 1.0163381603e-06, 1.29506099711e-06, 9.98528662421e-07, 6.58049998492e-07, 4.62128326717e-07, 1.36856442623e-07, 2.00424750574e-07, 2.12924664567e-08, 1.25545644991e-08, 9.07176644915e-09, 1.09059863362e-08, 1.110765524e-08, 1.3076868477e-08, 2.09074553226e-08, 2.01210159645e-08, 7.54305240491e-09, 1.99186445116e-09, 7.71619568241e-09, 3.42379666285e-11], "dvar2": [7.71983479808e-07, 0.00136517512146, 2.24008308578e-05, 2.65917401521e-06, 5.72938879486e-05, 8.51546701597e-06, 3.60323174391e-05, 1.14600634333e-05, 2.5331762572e-06, 3.01615909848e-06, 1.54085842041e-06, 1.37334154715e-06, 1.3074478602e-06, 2.95437075692e-07, 5.54660744001e-07, 4.74354209246e-08, 2.86392118909e-08, 1.93758129541e-08, 2.34409487376e-08, 2.74853100279e-08, 3.00415656795e-08, 4.07857285722e-08, 4.57417925759e-08, 1.42723539653e-08, 3.81196008092e-09, 1.87660180728e-08, 7.96825452842e-11], "max": [0.00363332917914, 0.156093537807, 0.0292193554342, 0.0106417005882, 0.0669879093766, 0.0308810807765, 0.0480368286371, 0.0315528213978, 0.0173896644264, 0.0264897271991, 0.0220467410982, 0.0176683310419, 0.0162988062948, 0.00899547245353, 0.00450724363327, 0.00145046354737, 0.00127159594558, 0.00207238318399, 0.00154552259482, 0.00123146129772, 0.00121471635066, 0.00128824415151, 0.0012804599246, 0.000830568780657, 0.000480718241306, 0.000589016184676, 8.96249330253e-05], "mean": [0.00014966299932, 0.00528061995283, 0.00131934077945, 0.000749532482587, 0.00848514959216, 0.0044924877584, 0.00514110689983, 0.00283127953298, 0.000480947492179, 0.000951278489083, 0.000531184778083, 0.000489090860356, 0.000148572595208, 0.000218113244046, 0.000127799299662, 9.57532101893e-05, 6.84466358507e-05, 5.73883698962e-05, 6.28501657047e-05, 4.50470470241e-05, 5.36172447028e-05, 6.08198715781e-05, 5.47404706595e-05, 5.2744318964e-05, 2.9143258871e-05, 4.53989960079e-05, 2.68636631517e-06], "median": [2.58920749729e-06, 0.000639478734229, 0.000345083826687, 0.000375428295229, 0.00590781215578, 0.00308762746863, 0.00212633004412, 0.00142599828541, 9.79555479717e-05, 0.000344809610397, 0.000112067558803, 0.000123141537188, 2.42026690103e-05, 7.54430875531e-05, 2.90021198452e-05, 3.01490799757e-05, 2.46553317993e-05, 2.07986267924e-05, 2.21897807933e-05, 1.09178799903e-05, 9.52693881118e-06, 1.09330740088e-05, 9.59957287705e-06, 1.44986133819e-05, 7.31609270588e-06, 5.59905402042e-06, 5.35692720405e-07], "min": [2.12746075097e-12, 3.19382953244e-12, 1.79375698323e-12, 2.36786046499e-12, 4.62593331696e-12, 2.00032850527e-12, 4.03012557137e-13, 2.21087972691e-13, 2.78557531859e-13, 4.219284156e-13, 1.82389219287e-13, 4.83751927405e-13, 2.20531600793e-13, 9.6052824711e-14, 4.48912215452e-14, 1.27529023041e-13, 2.27576041779e-13, 2.48478565197e-13, 7.42638508197e-14, 1.62413770041e-13, 3.84975552955e-13, 3.11455830744e-13, 2.4121343486e-13, 3.93162661715e-13, 8.01427012861e-13, 1.03239042749e-12, 1.87176359481e-12], "var": [2.23537469424e-07, 0.000337890931405, 7.99230565462e-06, 1.15384716537e-06, 7.40809773561e-05, 1.91448853002e-05, 5.18795459357e-05, 1.42013495861e-05, 1.46271611356e-06, 3.80799292543e-06, 2.3872789825e-06, 1.61689183642e-06, 3.10321354391e-07, 2.51404856044e-07, 1.40300102203e-07, 2.86134103078e-08, 1.5691837163e-08, 1.22497105792e-08, 1.4976240692e-08, 1.18396279447e-08, 1.67486859937e-08, 2.75979346043e-08, 2.40454252065e-08, 1.13650431288e-08, 3.35630367942e-09, 7.15831127707e-09, 3.75075526193e-11]}, "erbbands": {"dmean": [0.181986778975, 1.39623892307, 1.71963524818, 1.21196687222, 5.66385126114, 11.6120109558, 9.60729694366, 12.5184240341, 29.4595375061, 47.2865791321, 14.1959600449, 9.20756149292, 15.81275177, 11.2056236267, 15.190747261, 14.5569705963, 8.27470874786, 7.26124620438, 7.26147651672, 6.56510448456, 3.42321777344, 2.88284635544, 2.15999698639, 2.29600071907, 2.57922625542, 1.55839526653, 1.81949651241, 1.63622021675, 2.06165957451, 1.57776510715, 1.34634149075, 1.42045450211, 0.47973549366, 0.309610366821, 0.17113879323, 0.32644572854, 0.0775796249509, 0.00627957470715, 0.000559655658435, 3.03659926431e-05], "dmean2": [0.309615045786, 2.53916621208, 3.02469849586, 2.02359652519, 9.64074134827, 17.3514957428, 12.943151474, 16.5849819183, 38.4592208862, 59.3383827209, 19.5203971863, 15.0720720291, 23.4011726379, 17.8793849945, 19.5834999084, 21.4570102692, 13.9476709366, 11.3408937454, 12.2180604935, 10.8088207245, 5.29631185532, 4.43361520767, 3.26910305023, 3.24981808662, 4.07915019989, 2.37024402618, 2.80615377426, 2.36085700989, 3.04708170891, 2.25248742104, 1.90258073807, 2.03374290466, 0.647488176823, 0.413355052471, 0.242373898625, 0.53245985508, 0.125198349357, 0.00957662425935, 0.000844833324663, 4.51742998848e-05], "dvar": [0.364336788654, 25.3169555664, 29.6562099457, 5.45654535294, 150.294189453, 315.512817383, 200.591217041, 394.327667236, 2927.41186523, 7170.19238281, 738.044311523, 624.737976074, 1344.36096191, 704.868347168, 2522.21972656, 1474.29577637, 1189.66381836, 291.023895264, 419.724121094, 265.931091309, 50.2028427124, 39.466758728, 26.2866973877, 24.0525035858, 49.2613830566, 15.5378227234, 21.2859077454, 17.5930309296, 32.5103225708, 17.6466026306, 12.705406189, 8.18575191498, 0.827635109425, 0.326706916094, 0.0950985401869, 0.238929197192, 0.014403517358, 0.000102410347608, 1.48517790421e-06, 2.65064659111e-09], "dvar2": [0.98128503561, 71.4232635498, 81.4795684814, 14.5264749527, 433.751434326, 752.977844238, 348.721435547, 735.517150879, 5716.08251953, 12248.0087891, 1394.76953125, 1476.91479492, 2861.20141602, 1877.47924805, 3623.55615234, 3045.7109375, 3364.78491211, 620.816345215, 1114.85314941, 696.91204834, 110.601203918, 87.2309646606, 57.8209342957, 49.0981864929, 117.093154907, 34.6257858276, 48.0498123169, 35.0651931763, 61.0455322266, 36.5292930603, 29.2466888428, 17.2415599823, 1.47332155704, 0.642087101936, 0.185978025198, 0.580824375153, 0.0349159352481, 0.000231599929975, 3.524291742e-06, 6.07631500671e-09], "max": [4.15509223938, 35.5359725952, 45.9161224365, 32.4833106995, 155.260101318, 272.532104492, 288.446136475, 279.046722412, 667.333007812, 980.224487305, 536.491577148, 530.382019043, 990.838195801, 352.78817749, 1264.20629883, 912.203063965, 856.579162598, 423.360046387, 183.391708374, 181.503540039, 67.8193969727, 72.2189102173, 113.078308105, 70.1227340698, 109.472831726, 51.7580566406, 46.9431343079, 46.8313598633, 48.8656082153, 35.9474449158, 35.3999290466, 30.8447189331, 11.2525339127, 7.13894796371, 3.34161496162, 3.46516990662, 0.972532689571, 0.116898477077, 0.0164204761386, 0.000645258289296], "mean": [0.163215011358, 1.12083053589, 1.75796461105, 2.08490872383, 10.4921512604, 30.6435527802, 33.632106781, 41.0805625916, 66.6854171753, 102.167610168, 34.333656311, 14.9020586014, 29.6390380859, 17.6931343079, 24.6261978149, 23.164598465, 8.84393215179, 10.8397378922, 7.69078159332, 7.08832597733, 4.24601173401, 3.79339194298, 3.03183817863, 3.20289850235, 3.1607863903, 2.01774787903, 2.16330194473, 2.05861330032, 2.3240480423, 1.79743218422, 1.5229780674, 1.46671485901, 0.597105920315, 0.365677982569, 0.192208498716, 0.2555770576, 0.0619816854596, 0.00572785176337, 0.000536418054253, 5.27981101186e-05], "median": [0.00817017629743, 0.161248907447, 0.377915382385, 1.09004795551, 5.18046522141, 18.0222892761, 22.6772918701, 27.9260654449, 30.8923568726, 43.6765975952, 15.3787136078, 4.15432834625, 9.50315284729, 7.00994968414, 6.32242202759, 5.73729801178, 2.48268866539, 4.24292182922, 2.23074793816, 2.21161317825, 1.34714651108, 1.39028573036, 1.21201515198, 1.21373844147, 0.821706295013, 0.538259327412, 0.427223801613, 0.342012792826, 0.372528016567, 0.331686526537, 0.308242619038, 0.339874833822, 0.167760312557, 0.0918193310499, 0.0483900681138, 0.0310660898685, 0.00855223555118, 0.00111672841012, 0.000109981985588, 3.50176123902e-05], "min": [1.07603211064e-10, 6.85306034143e-10, 1.94624805161e-09, 5.53782220081e-09, 1.12275602149e-08, 1.64110307566e-08, 1.74684071652e-08, 1.52871297843e-08, 8.43887537627e-09, 4.45874759336e-09, 4.2383465626e-09, 6.22629725555e-09, 1.15508731469e-08, 1.12518714346e-08, 1.04733919315e-08, 2.00817460438e-08, 1.18216973988e-08, 3.64920693663e-09, 4.85974682718e-09, 2.8086790671e-09, 8.07248490275e-09, 1.57918425003e-08, 1.48354146745e-08, 6.49351861171e-09, 6.03149308276e-09, 7.02073732484e-09, 1.22317409534e-08, 1.70604081973e-08, 1.00034505124e-08, 6.63335075757e-09, 7.7375563734e-09, 5.18188603138e-09, 9.17734155337e-09, 7.21705761819e-09, 6.52478027163e-09, 5.15381914923e-09, 1.40351452682e-09, 6.86268208927e-10, 2.78645800877e-10, 2.84878336199e-11], "var": [0.298296928406, 16.2336292267, 20.9152317047, 7.52102994919, 212.082946777, 1232.46618652, 1278.5949707, 1616.93493652, 7439.63232422, 21065.2246094, 2695.30883789, 1110.75671387, 4672.75097656, 1047.78015137, 5808.88623047, 3952.81347656, 822.821594238, 547.063903809, 341.862854004, 236.793807983, 63.1322784424, 50.2388000488, 33.6039466858, 36.5478935242, 53.511428833, 20.3010692596, 26.296415329, 26.7946662903, 43.5282058716, 23.2575778961, 15.9546785355, 10.5913276672, 1.42009103298, 0.546570062637, 0.144153520465, 0.222492173314, 0.0136400749907, 0.000118551077321, 1.54660392582e-06, 3.26164006914e-09]}, "gfcc": {"mean": [-48.8947906494, 112.904289246, -90.0397186279, -1.41962039471, -70.7982788086, -4.59102869034, -50.8388595581, -2.44879698753, -27.3062000275, 0.80013602972, -10.4558858871, 4.73383569717, -10.8410959244], "cov": [[15827.5214844, -1529.2220459, -484.652374268, 670.698303223, -1705.0736084, 103.440452576, -239.416442871, 714.821289062, 36.5729789734, 688.595092773, -573.408325195, -11.3805351257, -400.206634521], [-1529.2220459, 1313.38049316, -105.582008362, -167.040039062, 272.403747559, -171.28112793, 118.614959717, -124.85987854, -27.3889446259, -255.703918457, 116.1432724, -144.121841431, 158.326797485], [-484.652374268, -105.582008362, 676.528076172, 304.570404053, 273.864257812, 329.438781738, 122.407554626, 122.599555969, 13.5950956345, 55.8237304688, -24.7501430511, 96.0699234009, -55.0139732361], [670.698303223, -167.040039062, 304.570404053, 697.97833252, 282.695678711, 350.501220703, 279.549468994, 170.557907104, 80.0603942871, 138.785583496, 6.22689914703, 67.2032623291, -26.2926673889], [-1705.0736084, 272.403747559, 273.864257812, 282.695678711, 660.25970459, 351.138366699, 291.597167969, 54.684009552, 24.4224319458, -18.8491458893, 60.8217887878, 36.0536651611, 27.3688411713], [103.440452576, -171.28112793, 329.438781738, 350.501220703, 351.138366699, 496.426696777, 236.331268311, 150.499389648, 8.87619876862, 80.9651565552, -16.4295787811, 68.0954971313, -39.1465873718], [-239.416442871, 118.614959717, 122.407554626, 279.549468994, 291.597167969, 236.331268311, 282.776062012, 111.544715881, 45.6511688232, 41.8990287781, 36.9777069092, 31.3863677979, 9.61204910278], [714.821289062, -124.85987854, 122.599555969, 170.557907104, 54.684009552, 150.499389648, 111.544715881, 182.791763306, 60.1075401306, 89.6971588135, -12.6474905014, 35.5085830688, -36.2197227478], [36.5729789734, -27.3889446259, 13.5950956345, 80.0603942871, 24.4224319458, 8.87619876862, 45.6511688232, 60.1075401306, 115.006126404, 74.5558319092, 33.5993461609, 10.9803028107, -1.09546542168], [688.595092773, -255.703918457, 55.8237304688, 138.785583496, -18.8491458893, 80.9651565552, 41.8990287781, 89.6971588135, 74.5558319092, 171.85710144, 10.2130556107, 38.6410598755, -62.0211601257], [-573.408325195, 116.1432724, -24.7501430511, 6.22689914703, 60.8217887878, -16.4295787811, 36.9777069092, -12.6474905014, 33.5993461609, 10.2130556107, 120.985549927, 21.7729873657, 32.6984214783], [-11.3805351257, -144.121841431, 96.0699234009, 67.2032623291, 36.0536651611, 68.0954971313, 31.3863677979, 35.5085830688, 10.9803028107, 38.6410598755, 21.7729873657, 97.1164169312, 2.25519490242], [-400.206634521, 158.326797485, -55.0139732361, -26.2926673889, 27.3688411713, -39.1465873718, 9.61204910278, -36.2197227478, -1.09546542168, -62.0211601257, 32.6984214783, 2.25519490242, 107.913925171]], "icov": [[0.000357351847924, -0.000564554415178, 0.000677687814459, -0.000671226182021, 0.00115631171502, -0.000715290254448, 0.000740835501347, -0.00121222715825, 0.00075027148705, -0.00121201819275, 0.00132138316985, -0.000630023132544, 0.000233722326811], [-0.000564554415178, 0.00321994302794, -0.00179694895633, 0.00156561273616, -0.00249866931699, 0.00264178961515, -0.00324161769822, 0.00171259965282, -0.00102616613731, 0.00384878623299, -0.00381822325289, 0.00438171904534, -0.00162994104903], [0.000677687814459, -0.00179694895633, 0.00438948906958, -0.00221177237108, 0.00150670530275, -0.0029130440671, 0.00377952377312, -0.00312456744723, 0.000925426080357, -0.00165351689793, 0.00338070373982, -0.00424933154136, 0.00214780308306], [-0.000671226182021, 0.00156561273616, -0.00221177237108, 0.00463759154081, -0.00203555799089, 0.00100948638283, -0.00435447366908, 0.00258102430962, -0.00181248865556, 0.000890432624146, -0.00214622402564, 0.00210271636024, -0.0015475936234], [0.00115631171502, -0.00249866931699, 0.00150670530275, -0.00203555799089, 0.00847565289587, -0.0049916151911, -0.000596041732933, -0.00140403269324, 0.000650015892461, -0.00243555172347, 0.00347249698825, -0.00251171085984, 0.0014550217893], [-0.000715290254448, 0.00264178961515, -0.0029130440671, 0.00100948638283, -0.0049916151911, 0.00914105307311, -0.00442980555817, -1.071931365e-05, 0.00224347901531, 0.00118596071843, -0.00229054084048, 0.00272065587342, -0.00145324377809], [0.000740835501347, -0.00324161769822, 0.00377952377312, -0.00435447366908, -0.000596041732933, -0.00442980555817, 0.0157260969281, -0.00719614839181, 0.00132097874302, -0.00308638531715, 0.00216634408571, -0.00399804627523, 0.000764155760407], [-0.00121222715825, 0.00171259965282, -0.00312456744723, 0.00258102430962, -0.00140403269324, -1.071931365e-05, -0.00719614839181, 0.0169930960983, -0.00751286046579, 0.00255858758464, -0.00190085847862, 0.000587308604736, 0.00068225216819], [0.00075027148705, -0.00102616613731, 0.000925426080357, -0.00181248865556, 0.000650015892461, 0.00224347901531, 0.00132097874302, -0.00751286046579, 0.0193313919008, -0.0108416778967, -0.000138978750329, 0.00165458372794, -0.00369934504852], [-0.00121201819275, 0.00384878623299, -0.00165351689793, 0.000890432624146, -0.00243555172347, 0.00118596071843, -0.00308638531715, 0.00255858758464, -0.0108416778967, 0.0221271831542, -0.00795850530267, 0.000780738540925, 0.00641613826156], [0.00132138316985, -0.00381822325289, 0.00338070373982, -0.00214622402564, 0.00347249698825, -0.00229054084048, 0.00216634408571, -0.00190085847862, -0.000138978750329, -0.00795850530267, 0.018454015255, -0.0079942625016, -0.000839593645651], [-0.000630023132544, 0.00438171904534, -0.00424933154136, 0.00210271636024, -0.00251171085984, 0.00272065587342, -0.00399804627523, 0.000587308604736, 0.00165458372794, 0.000780738540925, -0.0079942625016, 0.0210053455085, -0.0057931127958], [0.000233722326811, -0.00162994104903, 0.00214780308306, -0.0015475936234, 0.0014550217893, -0.00145324377809, 0.000764155760407, 0.00068225216819, -0.00369934504852, 0.00641613826156, -0.000839593645651, -0.0057931127958, 0.0165328551084]]}, "melbands": {"dmean": [0.00171433039941, 0.00124766479712, 0.000298487284454, 0.000626546912827, 0.000418841402279, 0.000303545530187, 0.000454642518889, 0.00048202497419, 9.10396120162e-05, 5.80852611165e-05, 7.99315530458e-05, 4.61529962195e-05, 4.88727600896e-05, 3.85822531825e-05, 2.95803602057e-05, 1.36575954457e-05, 1.42697290357e-05, 1.19404057841e-05, 1.02909452835e-05, 6.72031092108e-06, 3.77315586775e-06, 3.31718206326e-06, 2.37169683714e-06, 1.80050108156e-06, 1.98637189897e-06, 1.71264582605e-06, 1.87629768789e-06, 9.0965693289e-07, 1.11469523745e-06, 1.30972568968e-06, 8.55906250763e-07, 1.16527314731e-06, 1.08476058358e-06, 8.84583528205e-07, 6.86867736022e-07, 1.12065663416e-06, 7.3019964475e-07, 3.24369210603e-07, 2.83391159428e-07, 2.58523840557e-07], "dmean2": [0.00300932186656, 0.00224524387158, 0.0004966952838, 0.00102057610638, 0.000558570784051, 0.000393833674025, 0.000582578941248, 0.000604876258876, 0.000131189168314, 9.65535000432e-05, 0.000118474650662, 7.54085413064e-05, 6.3902574766e-05, 5.46542796656e-05, 4.6865287004e-05, 2.30511705013e-05, 2.21530117415e-05, 1.98292000277e-05, 1.78608661372e-05, 1.06075121948e-05, 5.9096169025e-06, 5.22241134604e-06, 3.69211875295e-06, 2.73781984106e-06, 2.82348764813e-06, 2.68561757366e-06, 3.0677729228e-06, 1.38242683079e-06, 1.73498983713e-06, 2.10668872569e-06, 1.1960445363e-06, 1.75130935531e-06, 1.60954095918e-06, 1.28182534809e-06, 9.93287130768e-07, 1.69951454154e-06, 1.0340196468e-06, 4.48751478643e-07, 3.84721772662e-07, 3.50978240249e-07], "dvar": [3.49271467712e-05, 1.85826938832e-05, 3.1286435842e-07, 1.22325093344e-06, 4.31135163126e-07, 2.48268094083e-07, 6.93388017226e-07, 7.05933189238e-07, 3.76888067422e-08, 2.49922536e-08, 3.50616851108e-08, 1.33084858689e-08, 2.11574651132e-08, 1.05200079759e-08, 6.80274014897e-09, 3.16823078883e-09, 1.24197285789e-09, 1.06467390459e-09, 1.0994932742e-09, 1.84493725852e-10, 6.06780597989e-11, 5.2079691254e-11, 2.82358685044e-11, 1.82275566168e-11, 1.83503472834e-11, 1.8977900848e-11, 3.14944945123e-11, 5.12534285846e-12, 7.97423932442e-12, 1.39670879029e-11, 4.52942284374e-12, 1.0670260682e-11, 8.50044947626e-12, 6.29829088189e-12, 3.99256756128e-12, 5.89740626125e-12, 2.21503371201e-12, 3.83174584727e-13, 2.97658301002e-13, 2.28674745155e-13], "dvar2": [9.63680067798e-05, 5.1883096603e-05, 8.77390846199e-07, 3.51443509317e-06, 7.4484819379e-07, 4.56829980067e-07, 1.31505282752e-06, 1.22576113881e-06, 7.28250171278e-08, 6.02227601121e-08, 7.52929878445e-08, 3.57673890505e-08, 3.05678860002e-08, 1.88930862066e-08, 1.69170721875e-08, 8.91719942331e-09, 2.49167642075e-09, 2.7653244139e-09, 3.07864844729e-09, 4.23603069288e-10, 1.35957717307e-10, 1.18194232179e-10, 6.39394995283e-11, 3.88151455422e-11, 3.88031759502e-11, 4.17788338647e-11, 8.42100833509e-11, 1.04960476074e-11, 1.84677342863e-11, 3.47533564427e-11, 7.91542005552e-12, 2.01729848104e-11, 1.81758288975e-11, 1.34436212162e-11, 9.2195773585e-12, 1.43958742496e-11, 4.34231556962e-12, 6.69029827198e-13, 5.82699578693e-13, 4.6254439081e-13], "max": [0.0414768010378, 0.0319482833147, 0.00542509136721, 0.0137966712937, 0.0138349784538, 0.00732958316803, 0.010576938279, 0.008863363415, 0.00427132612094, 0.002983487444, 0.00500140571967, 0.00156674825121, 0.00320764468051, 0.00198434712365, 0.00141938205343, 0.00138683745172, 0.000980617362075, 0.000314309261739, 0.000394528819015, 0.000146941150888, 7.26817161194e-05, 7.73461506469e-05, 8.73536409927e-05, 8.8822482212e-05, 5.64353031223e-05, 7.68875543145e-05, 9.44969433476e-05, 2.81184875348e-05, 2.91311025649e-05, 4.59918737761e-05, 1.88116464415e-05, 2.75312504527e-05, 3.03916294797e-05, 2.25102176046e-05, 2.00105114345e-05, 2.20612328121e-05, 1.61421394296e-05, 7.93527851783e-06, 9.20091952139e-06, 6.15814042249e-06], "mean": [0.00146781024523, 0.00114100286737, 0.00056776101701, 0.00138777832035, 0.00141859101132, 0.00096285447944, 0.00102278660052, 0.00103436619975, 0.000211580671021, 8.27306503197e-05, 0.000147286555148, 6.81985693518e-05, 7.84978328738e-05, 5.98838814767e-05, 3.86335268558e-05, 1.42664021041e-05, 2.17273573071e-05, 1.30852131406e-05, 9.58372311288e-06, 8.21132744022e-06, 4.48651690022e-06, 4.13923771703e-06, 3.15864872391e-06, 2.42978649112e-06, 2.66142956207e-06, 2.20433844333e-06, 1.99144096769e-06, 1.19891171835e-06, 1.30612647808e-06, 1.41461839576e-06, 1.08223605366e-06, 1.28843566927e-06, 1.1903041468e-06, 9.76905198513e-07, 8.08282266007e-07, 1.08016683953e-06, 7.72249052261e-07, 4.10760350178e-07, 3.4256396475e-07, 2.97664939808e-07], "median": [0.000135809954372, 0.000237020882196, 0.000315125245834, 0.00103759416379, 0.000829364755191, 0.000629236456007, 0.000466405588668, 0.000453341199318, 7.14421912562e-05, 1.94415333681e-05, 4.49403232778e-05, 2.49012209679e-05, 1.77279434865e-05, 1.55121451826e-05, 8.8981614681e-06, 3.55038741873e-06, 8.10709389043e-06, 3.79927632821e-06, 2.38601842284e-06, 2.65807079813e-06, 1.33690048187e-06, 1.43132615449e-06, 1.13032388072e-06, 8.25923621051e-07, 9.85568021861e-07, 6.04631622991e-07, 4.5986303121e-07, 3.05267349177e-07, 2.7311540407e-07, 2.31992430599e-07, 1.7026735577e-07, 1.89937168216e-07, 2.19985196281e-07, 1.59074005524e-07, 1.30639236318e-07, 2.26532065994e-07, 1.84495206668e-07, 1.13502991894e-07, 9.04719428263e-08, 6.9020529736e-08], "min": [1.09236729905e-12, 1.0021751224e-12, 1.10978283854e-12, 1.02857826423e-12, 6.42013840094e-13, 3.46832344745e-13, 1.18480149736e-13, 4.95989595152e-14, 3.04356590115e-14, 4.28475783771e-14, 6.0113372613e-14, 4.91060812076e-14, 2.61339174856e-14, 6.44885823887e-14, 3.13254874514e-14, 1.78787072766e-14, 5.89372682128e-15, 9.60620743107e-15, 2.32825852036e-15, 6.12556312707e-15, 8.71110790516e-15, 1.59450157613e-14, 1.38069377369e-14, 1.15609527973e-14, 4.57298519256e-15, 2.66350780814e-15, 6.82036180733e-15, 3.75697143887e-15, 5.63922264327e-15, 1.24485560816e-14, 9.16789498592e-15, 5.96020196698e-15, 4.48000469187e-15, 3.1737293271e-15, 5.40116106883e-15, 2.70161052648e-15, 3.22270244277e-15, 6.99349491824e-15, 5.83782899951e-15, 6.00592226437e-15], "var": [2.56315470324e-05, 1.21824687085e-05, 4.79401137454e-07, 1.78650964244e-06, 2.85850819637e-06, 9.71096824287e-07, 1.78904633685e-06, 1.98067004931e-06, 1.51957479488e-07, 4.08595894896e-08, 1.20097382705e-07, 1.85946475995e-08, 5.34337871727e-08, 2.40209274693e-08, 1.06894244567e-08, 2.25532925668e-09, 2.63617172536e-09, 9.53598866538e-10, 7.61644580738e-10, 2.26121885105e-10, 7.46677511487e-11, 6.30933361112e-11, 3.66166298671e-11, 2.45730363141e-11, 2.66956890621e-11, 2.39052111439e-11, 2.69056409097e-11, 7.32798891012e-12, 9.59701242087e-12, 1.42282349097e-11, 7.73129997522e-12, 1.40162438947e-11, 1.02241652644e-11, 7.82411375272e-12, 5.06252201618e-12, 6.24101898633e-12, 3.03966010348e-12, 6.63993599687e-13, 4.89425448953e-13, 3.67557790844e-13]}, "mfcc": {"mean": [-700.784973145, 152.954086304, 22.3513641357, 6.04630374908, -4.15469074249, -9.95299243927, -14.0411462784, -9.47992801666, -15.3028812408, -7.41892147064, -8.54424571991, -2.53399896622, -0.872425734997], "cov": [[9523.125, -252.483596802, 117.131622314, 201.748550415, -244.073196411, 178.914535522, -92.7054138184, 1.3955603838, 43.8450927734, 194.210540771, 166.92590332, 171.871002197, 123.329483032], [-252.483596802, 1544.91638184, -157.855453491, -149.49559021, -22.4480476379, -202.797821045, -34.9184036255, -86.9105911255, -146.88621521, -131.367919922, -170.207138062, -120.082298279, -116.765586853], [117.131622314, -157.855453491, 489.627410889, 153.386734009, 147.602111816, 165.352981567, 107.192878723, 135.363510132, 70.638999939, 65.7782363892, 69.3297805786, 18.1600551605, 13.137758255], [201.748550415, -149.49559021, 153.386734009, 423.196350098, 143.058120728, 222.709350586, 187.11076355, 149.054504395, 130.045898438, 112.927955627, 104.038696289, 65.5551834106, 61.3040885925], [-244.073196411, -22.4480476379, 147.602111816, 143.058120728, 248.099075317, 208.563247681, 183.214096069, 140.283996582, 99.7958374023, 82.6135177612, 53.1237831116, 12.5632839203, -0.678005874157], [178.914535522, -202.797821045, 165.352981567, 222.709350586, 208.563247681, 362.586883545, 263.493804932, 190.010147095, 148.08921814, 127.00969696, 94.497467041, 44.6137123108, 27.7853717804], [-92.7054138184, -34.9184036255, 107.192878723, 187.11076355, 183.214096069, 263.493804932, 321.680145264, 209.79788208, 137.961120605, 109.112190247, 74.4736328125, 31.9603347778, 10.7720165253], [1.3955603838, -86.9105911255, 135.363510132, 149.054504395, 140.283996582, 190.010147095, 209.79788208, 220.654769897, 136.074050903, 92.4447250366, 62.3048820496, 24.8979415894, 11.1047925949], [43.8450927734, -146.88621521, 70.638999939, 130.045898438, 99.7958374023, 148.08921814, 137.961120605, 136.074050903, 171.161987305, 108.800857544, 58.6250114441, 27.5644168854, 20.0150966644], [194.210540771, -131.367919922, 65.7782363892, 112.927955627, 82.6135177612, 127.00969696, 109.112190247, 92.4447250366, 108.800857544, 147.661193848, 92.5265350342, 38.0702514648, 21.9498519897], [166.92590332, -170.207138062, 69.3297805786, 104.038696289, 53.1237831116, 94.497467041, 74.4736328125, 62.3048820496, 58.6250114441, 92.5265350342, 130.275741577, 75.4326934814, 43.9678688049], [171.871002197, -120.082298279, 18.1600551605, 65.5551834106, 12.5632839203, 44.6137123108, 31.9603347778, 24.8979415894, 27.5644168854, 38.0702514648, 75.4326934814, 118.067443848, 71.5942764282], [123.329483032, -116.765586853, 13.137758255, 61.3040885925, -0.678005874157, 27.7853717804, 10.7720165253, 11.1047925949, 20.0150966644, 21.9498519897, 43.9678688049, 71.5942764282, 121.208145142]], "icov": [[0.000129508829559, -4.04306447308e-05, -3.98392585339e-05, -3.93683149014e-05, 0.000363144819858, -0.000316642952384, 0.000233693237533, -9.68708191067e-05, 0.000112815090688, -0.000286893890006, 5.9865986259e-05, -0.000143038661918, 1.2327177501e-05], [-4.04306447308e-05, 0.000945374311414, 0.000151830055984, -0.000124096521176, -0.000660375924781, 0.001021143049, -0.000890778785106, 6.54171890346e-05, 0.00077574653551, -0.000216745727812, 0.000984316691756, 3.88727858081e-06, 0.00038536300417], [-3.98392585339e-05, 0.000151830055984, 0.00301140360534, -0.000448978767963, -0.00132515991572, -0.000527765892912, 0.00145011185668, -0.00212644343264, 0.000994523521513, 0.000340319675161, -0.000957682379521, 0.000668671564199, -6.43062821837e-06], [-3.93683149014e-05, -0.000124096521176, -0.000448978767963, 0.00415492430329, -0.000247442832915, -0.00104988506064, -0.000589670380577, 9.23533079913e-05, -0.00117927207612, 0.000212832252146, -0.00124291377142, 1.60388553923e-05, -0.00125147157814], [0.000363144819858, -0.000660375924781, -0.00132515991572, -0.000247442832915, 0.0104458844289, -0.00436179339886, -0.000679113669321, -0.000846372742672, -0.000337492965627, -0.00123271695338, 1.5426408936e-05, 9.6645897429e-05, 0.000675608287565], [-0.000316642952384, 0.001021143049, -0.000527765892912, -0.00104988506064, -0.00436179339886, 0.011261029169, -0.00608805427328, 0.000965626677498, -0.000833942845929, -0.000509330246132, 0.000191049606656, 0.000176922025275, -0.000203001691261], [0.000233693237533, -0.000890778785106, 0.00145011185668, -0.000589670380577, -0.000679113669321, -0.00608805427328, 0.0138037065044, -0.00831119064242, 0.00104228570126, -0.00101831927896, -0.000537078420166, -0.000675052462611, 0.000577500031795], [-9.68708191067e-05, 6.54171890346e-05, -0.00212644343264, 9.23533079913e-05, -0.000846372742672, 0.000965626677498, -0.00831119064242, 0.0175795406103, -0.00780850416049, 0.00211035017855, -0.00105265621096, 0.000375439820345, 0.000314643461024], [0.000112815090688, 0.00077574653551, 0.000994523521513, -0.00117927207612, -0.000337492965627, -0.000833942845929, 0.00104228570126, -0.00780850416049, 0.0182474497706, -0.0101681640372, 0.00490415329114, -0.00102136074565, -0.000414279056713], [-0.000286893890006, -0.000216745727812, 0.000340319675161, 0.000212832252146, -0.00123271695338, -0.000509330246132, -0.00101831927896, 0.00211035017855, -0.0101681640372, 0.0218240618706, -0.0129321152344, 0.00365642062388, 0.000203836287255], [5.9865986259e-05, 0.000984316691756, -0.000957682379521, -0.00124291377142, 1.5426408936e-05, 0.000191049606656, -0.000537078420166, -0.00105265621096, 0.00490415329114, -0.0129321152344, 0.0239792298526, -0.0108252502978, 0.000948094646446], [-0.000143038661918, 3.88727858081e-06, 0.000668671564199, 1.60388553923e-05, 9.6645897429e-05, 0.000176922025275, -0.000675052462611, 0.000375439820345, -0.00102136074565, 0.00365642062388, -0.0108252502978, 0.0194093268365, -0.00797693897039], [1.2327177501e-05, 0.00038536300417, -6.43062821837e-06, -0.00125147157814, 0.000675608287565, -0.000203001691261, 0.000577500031795, 0.000314643461024, -0.000414279056713, 0.000203836287255, 0.000948094646446, -0.00797693897039, 0.0136121250689]]}, "spectral_contrast_coeffs": {"dmean": [0.0498769208789, 0.0483485907316, 0.0429245084524, 0.0359521172941, 0.0214643795043, 0.0207834988832], "dmean2": [0.0789767578244, 0.0744008421898, 0.0656485185027, 0.0576889365911, 0.0332635119557, 0.0318573974073], "dvar": [0.00205307127908, 0.00276728463359, 0.00183211092371, 0.00126922538038, 0.000324146996718, 0.00041695512482], "dvar2": [0.00480192666873, 0.00643736030906, 0.00410025054589, 0.00290954927914, 0.000735416368116, 0.000995252165012], "max": [-0.188345164061, -0.379936039448, -0.417318314314, -0.541952252388, -0.655349195004, -0.632050156593], "mean": [-0.535512685776, -0.621001064777, -0.718273997307, -0.763756811619, -0.805583119392, -0.814051866531], "median": [-0.543883562088, -0.613974153996, -0.718245148659, -0.768534660339, -0.810127735138, -0.814517974854], "min": [-0.911926329136, -0.914609134197, -0.967139720917, -0.931470870972, -0.936468780041, -0.924873352051], "var": [0.0171330496669, 0.00710616493598, 0.00684535922483, 0.00421346537769, 0.00146719440818, 0.00157066562679]}, "spectral_contrast_valleys": {"dmean": [0.424614906311, 0.407011449337, 0.491190284491, 0.519168436527, 0.437967956066, 0.556961238384], "dmean2": [0.683017194271, 0.618891119957, 0.727331936359, 0.734319269657, 0.575591146946, 0.634060919285], "dvar": [0.185611963272, 0.195079997182, 0.309021651745, 0.365752577782, 0.236920237541, 0.20823264122], "dvar2": [0.393122822046, 0.416496127844, 0.643091142178, 0.708522677422, 0.429452419281, 0.33468452096], "max": [-5.08205795288, -4.55647420883, -5.15043306351, -5.53718709946, 