{"lowlevel": {"average_loudness": 0.585291802883, "barkbands_crest": {"dmean": 1.69407021999, "dmean2": 2.65101313591, "dvar": 4.30446052551, "dvar2": 10.2846298218, "max": 26.7672405243, "mean": 15.7678661346, "median": 15.1785869598, "min": 5.19171380997, "var": 21.5541763306}, "barkbands_flatness_db": {"dmean": 0.0296722650528, "dmean2": 0.0516120865941, "dvar": 0.00066596979741, "dvar2": 0.00183013663627, "max": 0.61122584343, "mean": 0.448135137558, "median": 0.451032966375, "min": 0.0506535172462, "var": 0.00363830919378}, "barkbands_kurtosis": {"dmean": 3.33399009705, "dmean2": 5.19375562668, "dvar": 62.907497406, "dvar2": 148.739807129, "max": 246.754318237, "mean": 10.6580810547, "median": 6.88296318054, "min": -1.35133039951, "var": 236.441741943}, "barkbands_skewness": {"dmean": 0.459082752466, "dmean2": 0.735093772411, "dvar": 0.383331030607, "dvar2": 0.915988981724, "max": 14.5849962234, "mean": 1.68625664711, "median": 1.49966096878, "min": -2.66737556458, "var": 2.23463320732}, "barkbands_spread": {"dmean": 0.58391648531, "dmean2": 0.923947393894, "dvar": 2.93399190903, "dvar2": 7.1355919838, "max": 100.636741638, "mean": 2.55825614929, "median": 2.09106850624, "min": 0.13257111609, "var": 5.61307382584}, "dissonance": {"dmean": 0.0444699339569, "dmean2": 0.0751597434282, "dvar": 0.00191328977235, "dvar2": 0.00492175621912, "max": 0.49930024147, "mean": 0.312589079142, "median": 0.314560741186, "min": 0.062741138041, "var": 0.0062734358944}, "dynamic_complexity": 5.03120708466, "erbbands_crest": {"dmean": 1.86923134327, "dmean2": 2.91757130623, "dvar": 5.35121965408, "dvar2": 12.5303621292, "max": 33.240524292, "mean": 16.4972858429, "median": 15.9117994308, "min": 2.5279211998, "var": 28.57721138}, "erbbands_flatness_db": {"dmean": 0.0182482786477, "dmean2": 0.0310639217496, "dvar": 0.000296485464787, "dvar2": 0.000755427521653, "max": 0.572787582874, "mean": 0.43314909935, "median": 0.436189293861, "min": 0.0379237048328, "var": 0.00264937710017}, "erbbands_kurtosis": {"dmean": 1.45854258537, "dmean2": 2.20941615105, "dvar": 5.47038030624, "dvar2": 11.3951072693, "max": 48.6871986389, "mean": 4.3193397522, "median": 2.78902292252, "min": -1.44111287594, "var": 26.9010334015}, "erbbands_skewness": {"dmean": 0.276289761066, "dmean2": 0.424549162388, "dvar": 0.123671576381, "dvar2": 0.274534553289, "max": 5.64184522629, "mean": 1.50951564312, "median": 1.43041670322, "min": -1.61677575111, "var": 0.754841208458}, "erbbands_spread": {"dmean": 1.19800460339, "dmean2": 1.86693763733, "dvar": 2.963763237, "dvar2": 6.44514226913, "max": 73.2418060303, "mean": 7.48327159882, "median": 6.86676645279, "min": 0.859332919121, "var": 23.019493103}, "hfc": {"dmean": 1.46105134487, "dmean2": 2.04313802719, "dvar": 6.82192659378, "dvar2": 14.6642436981, "max": 68.006477356, "mean": 6.48996210098, "median": 4.28895139694, "min": 1.14143632108e-16, "var": 48.209186554}, "melbands_crest": {"dmean": 1.90611350536, "dmean2": 3.04397416115, "dvar": 5.61018133163, "dvar2": 13.4149427414, "max": 33.0159492493, "mean": 17.7697963715, "median": 17.3966960907, "min": 3.78498005867, "var": 26.5392150879}, "melbands_flatness_db": {"dmean": 0.0327707789838, "dmean2": 0.0568301230669, "dvar": 0.000811181089375, "dvar2": 0.00220960914157, "max": 0.766389667988, "mean": 0.569870769978, "median": 0.573916137218, "min": 0.0146113485098, "var": 0.00499154627323}, "melbands_kurtosis": {"dmean": 2.53021717072, "dmean2": 4.00191354752, "dvar": 18.9340858459, "dvar2": 45.240814209, "max": 179.750152588, "mean": 9.08456325531, "median": 6.50356388092, "min": -1.46621966362, "var": 105.811584473}, "melbands_skewness": {"dmean": 0.370556384325, "dmean2": 0.594283223152, "dvar": 0.18172287941, "dvar2": 0.418642044067, "max": 9.63331317902, "mean": 1.58784794807, "median": 1.49041616917, "min": -2.58870387077, "var": 1.44729673862}, "melbands_spread": {"dmean": 0.794344782829, "dmean2": 1.22424018383, "dvar": 5.86067390442, "dvar2": 6.51951122284, "max": 154.112823486, "mean": 3.80658626556, "median": 3.2481906414, "min": 0.425751298666, "var": 12.486738205}, "pitch_salience": {"dmean": 0.048558883369, "dmean2": 0.0778400078416, "dvar": 0.00348973367363, "dvar2": 0.00861543323845, "max": 0.825772404671, "mean": 0.495037853718, "median": 0.498718649149, "min": 0.0759580209851, "var": 0.0192669034004}, "silence_rate_20dB": {"dmean": 0, "dmean2": 0, "dvar": 0, "dvar2": 0, "max": 1, "mean": 1, "median": 1, "min": 1, "var": 0}, "silence_rate_30dB": {"dmean": 0.00355871883221, "dmean2": 0.00711884535849, "dvar": 0.00354593107477, "dvar2": 0.00785927008837, "max": 1, "mean": 0.992883980274, "median": 1, "min": 0, "var": 0.00706589221954}, "silence_rate_60dB": {"dmean": 0.0387504957616, "dmean2": 0.0773185715079, "dvar": 0.0372474826872, "dvar2": 0.0816252678633, "max": 1, "mean": 0.180668115616, "median": 0, "min": 0, "var": 0.148034319282}, "spectral_centroid": {"dmean": 18.8747787476, "dmean2": 27.3691444397, "dvar": 21732.0195312, "dvar2": 22018.546875, "max": 10438.4189453, "mean": 376.382507324, "median": 350.763153076, "min": 231.034088135, "var": 31007.9238281}, "spectral_complexity": {"dmean": 0.885725557804, "dmean2": 1.44730079174, "dvar": 1.39108264446, "dvar2": 2.72189497948, "max": 20, "mean": 6.80569267273, "median": 7, "min": 0, "var": 11.7481861115}, "spectral_decrease": {"dmean": 1.13487996778e-09, "dmean2": 1.62319069297e-09, "dvar": 4.53159648931e-18, "dvar2": 9.48342471803e-18, "max": -1.47861790922e-28, "mean": -5.01596453262e-09, "median": -3.16990944604e-09, "min": -5.57042234561e-08, "var": 3.13496092027e-17}, "spectral_energy": {"dmean": 0.00441295327619, "dmean2": 0.00630650343373, "dvar": 6.81942328811e-05, "dvar2": 0.000142832985148, "max": 0.216408997774, "mean": 0.0195200517774, "median": 0.0123611455783, "min": 1.09112239457e-20, "var": 0.000472475832794}, "spectral_energyband_high": {"dmean": 1.54756861548e-07, "dmean2": 1.94884961502e-07, "dvar": 9.10922270773e-13, "dvar2": 1.7267389775e-12, "max": 3.77628603019e-05, "mean": 2.8713512279e-07, "median": 1.11457483243e-08, "min": 7.19525398431e-21, "var": 2.13334645088e-12}, "spectral_energyband_low": {"dmean": 0.0009684182005, "dmean2": 0.00152925169095, "dvar": 6.73566501064e-06, "dvar2": 1.51817348524e-05, "max": 0.0706453621387, "mean": 0.00211520469747, "median": 0.000453869608464, "min": 6.58650514463e-23, "var": 2.30642999668e-05}, "spectral_energyband_middle_high": {"dmean": 0.000177350040758, "dmean2": 0.000229451194173, "dvar": 2.15198468823e-07, "dvar2": 3.72925512693e-07, "max": 0.0119123551995, "mean": 0.000619552098215, "median": 0.000255299266428, "min": 2.25470169105e-21, "var": 1.20779020563e-06}, "spectral_energyband_middle_low": {"dmean": 0.00389807298779, "dmean2": 0.00564123177901, "dvar": 5.324727681e-05, "dvar2": 0.000118914387713, "max": 0.180217191577, "mean": 0.0170152708888, "median": 0.0107635343447, "min": 3.9872715708e-22, "var": 0.00035655737156}, "spectral_entropy": {"dmean": 0.163959667087, "dmean2": 0.261540323496, "dvar": 0.0513689145446, "dvar2": 0.116361372173, "max": 9.79651260376, "mean": 5.01030302048, "median": 4.97502851486, "min": 3.53883981705, "var": 0.242999449372}, "spectral_flux": {"dmean": 0.0148933297023, "dmean2": 0.0230451561511, "dvar": 0.000540828856174, "dvar2": 0.00123864924535, "max": 0.287917017937, "mean": 0.0322474762797, "median": 0.0203581433743, "min": 1.04456804317e-10, "var": 0.00109445478301}, "spectral_kurtosis": {"dmean": 64.4679260254, "dmean2": 113.997886658, "dvar": 4469.59863281, "dvar2": 13962.7128906, "max": 819.065979004, "mean": 197.861038208, "median": 182.422393799, "min": -1.20107388496, "var": 11871.9072266}, "spectral_rms": {"dmean": 0.000448211794719, "dmean2": 0.000618045392912, "dvar": 4.37831062072e-07, "dvar2": 8.57585121139e-07, "max": 0.014530338347, "mean": 0.00377039983869, "median": 0.00347270118073, "min": 3.26268244193e-12, "var": 4.82802443003e-06}, "spectral_rolloff": {"dmean": 39.3792572021, "dmean2": 66.0550384521, "dvar": 109154.546875, "dvar2": 113349.265625, "max": 18884.6191406, "mean": 446.997375488, "median": 409.130859375, "min": 193.798828125, "var": 177143.421875}, "spectral_skewness": {"dmean": 1.95775043964, "dmean2": 3.42453145981, "dvar": 3.26814222336, "dvar2": 9.14142990112, "max": 22.8378582001, "mean": 10.5221595764, "median": 10.8667469025, "min": 0.100912667811, "var": 12.81919384}, "spectral_spread": {"dmean": 382579.25, "dmean2": 688233.5625, "dvar": 343862968320, "dvar2": 495592538112, "max": 39973132, "mean": 840204.0625, "median": 745536.625, "min": 100498.835938, "var": 723992707072}, "spectral_strongpeak": {"dmean": 0.214750349522, "dmean2": 0.336809515953, "dvar": 0.106809034944, "dvar2": 0.253335893154, "max": 5.12150812149, "mean": 1.04385495186, "median": 0.950994193554, "min": 0, "var": 0.476899236441}, "zerocrossingrate": {"dmean": 0.0013892557472, "dmean2": 0.00175576552283, "dvar": 4.67248646601e-05, "dvar2": 4.21369695687e-05, "max": 0.4912109375, "mean": 0.0176093969494, "median": 0.0166015625, "min": 0.00537109375, "var": 0.000164568729815}, "barkbands": {"dmean": [2.07903144656e-06, 0.000469905731734, 0.000531235942617, 0.000194346226635, 0.00177482771687, 0.00186502828728, 0.000580631603952, 0.000363101658877, 0.000158677779837, 0.000128951680381, 4.43080207333e-05, 2.77218277915e-05, 2.53760845226e-05, 2.15976724576e-05, 2.01887123694e-05, 2.4815501547e-06, 2.28160092774e-06, 1.07042433228e-06, 6.93240508554e-07, 1.80143715056e-07, 6.49732783131e-08, 4.38816272208e-09, 1.02330732776e-09, 8.8897594841e-10, 8.43672409712e-10, 8.25992663156e-10, 8.81740624958e-10], "dmean2": [3.68448991139e-06, 0.000745691068005, 0.000870476826094, 0.000311662442982, 0.00261762714945, 0.0028038462624, 0.000808817683719, 0.000545372720808, 0.000196308086743, 0.000163775359397, 5.19755340065e-05, 4.18829804403e-05, 3.19114042213e-05, 2.86880094791e-05, 2.99211424135e-05, 3.4700501601e-06, 3.42273688148e-06, 1.43804300023e-06, 8.7270137783e-07, 2.13085257883e-07, 9.65837401168e-08, 6.97902180491e-09, 1.83940784826e-09, 1.655831805e-09, 1.57553292635e-09, 1.54247481454e-09, 1.64668156888e-09], "dvar": [3.99341219814e-11, 2.52889003605e-06, 2.31820672525e-06, 3.15110554538e-07, 1.98616489797e-05, 1.92872794287e-05, 2.0778986709e-06, 1.59802004873e-06, 3.83331638432e-07, 1.78060417966e-07, 1.67261600126e-08, 7.05430425185e-09, 1.32071162895e-08, 5.49188472476e-09, 9.52201428817e-09, 7.98317592587e-11, 1.18418191919e-10, 2.47862754627e-11, 1.84623375615e-11, 1.0320161609e-12, 3.11403301149e-13, 8.44543517422e-16, 3.79567871374e-18, 2.2677760335e-18, 2.07182832012e-18, 1.98607781474e-18, 2.2628907048e-18], "dvar2": [1.10922576679e-10, 5.14254725204e-06, 5.94702714807e-06, 7.96885501586e-07, 4.10457178077e-05, 5.16792897542e-05, 4.57825171907e-06, 3.17285366691e-06, 4.62818462665e-07, 2.5855231911e-07, 2.32858070603e-08, 1.63051740998e-08, 2.12376161102e-08, 1.06148467793e-08, 2.20036877607e-08, 1.43785247597e-10, 2.72902422882e-10, 5.2179330301e-11, 3.33256269802e-11, 1.52236730167e-12, 7.35842593455e-13, 2.09933621966e-15, 1.01200096826e-17, 7.45460710143e-18, 6.85481388977e-18, 6.57212739698e-18, 7.4900592353e-18], "max": [0.00016454665456, 0.0594090595841, 0.0300237182528, 0.0115539217368, 0.13445879519, 0.0952062010765, 0.0367081388831, 0.0332200713456, 0.0293702818453, 0.013032278046, 0.0046938508749, 0.00224720174447, 0.00385936163366, 0.00251892209053, 0.00288605922833, 0.000273731828202, 0.000323301559547, 0.000177899099072, 0.000156267007696, 3.64459228877e-05, 1.69690338225e-05, 1.02253102341e-06, 4.73326799977e-08, 1.42481759724e-08, 1.37389966071e-08, 1.34466100477e-08, 1.43966261135e-08], "mean": [1.82998724085e-06, 0.000971254019532, 0.000997536117211, 0.000423181336373, 0.00714808795601, 0.00600500125438, 0.00194047554396, 0.000857753446326, 0.000438550487161, 0.000347735214746, 0.000140829171869, 7.3352639447e-05, 6.4978026785e-05, 5.05735515617e-05, 4.49563194707e-05, 5.60938315175e-06, 4.19824027631e-06, 2.42192027144e-06, 1.32914340156e-06, 3.56291053549e-07, 8.39604794578e-08, 5.52190160263e-09, 1.02966690729e-09, 7.491853804e-10, 7.14014847247e-10, 7.20904891338e-10, 7.87390319612e-10], "median": [4.37400387909e-07, 9.39234159887e-05, 0.000174874076038, 6.12096482655e-05, 0.00231522507966, 0.00286285835318, 0.000828039541375, 0.000178557893378, 0.000108281674329, 7.37900627428e-05, 4.13377347286e-05, 1.32193790705e-05, 8.59189276525e-06, 9.95452501229e-06, 5.99647410127e-06, 7.68252562011e-07, 3.08016240069e-07, 1.54681032427e-07, 2.8307262312e-08, 7.78338549168e-09, 1.73751990573e-09, 5.50646361841e-10, 2.89256563146e-10, 2.29128632734e-10, 2.26836840977e-10, 2.43643077935e-10, 2.79716000362e-10], "min": [1.47140623738e-23, 1.05084744942e-23, 4.75934172943e-23, 6.4064403855e-24, 2.10675938584e-23, 6.39952917511e-24, 1.33199883288e-22, 1.38192766973e-22, 8.41059137122e-23, 3.26945106108e-23, 4.52526839728e-23, 2.41391790407e-22, 2.01630196802e-22, 2.63800211146e-22, 1.98574073924e-22, 7.00111402811e-23, 1.57596258751e-22, 4.43668045358e-22, 3.48067418515e-22, 3.89950732411e-22, 3.88603130793e-22, 6.05555631703e-22, 6.54906113601e-22, 7.04698660529e-22, 9.60724136273e-22, 1.67833542746e-21, 2.27705475269e-21], "var": [3.0098971926e-11, 1.15345746963e-05, 4.62644311483e-06, 9.72634893515e-07, 0.000139677707921, 7.80168265919e-05, 9.33509909373e-06, 6.20325181444e-06, 1.89185891486e-06, 8.13637655028e-07, 9.27392633798e-08, 3.022392292e-08, 5.09759843226e-08, 1.57398556411e-08, 2.58045176338e-08, 2.53886217605e-10, 2.39642833355e-10, 7.00256796993e-11, 4.06336318759e-11, 3.29746668339e-12, 3.63723889332e-13, 9.62276967805e-16, 5.4820667178e-18, 1.96891836652e-18, 1.74590778504e-18, 1.67205544559e-18, 1.89943105916e-18]}, "erbbands": {"dmean": [0.00490385293961, 0.137321308255, 0.605598568916, 0.530439019203, 2.16850948334, 8.19662952423, 11.214922905, 14.4602518082, 9.97017669678, 10.161242485, 6.70593166351, 3.40383958817, 4.53748178482, 2.35193681717, 1.59370183945, 1.06587815285, 1.31877374649, 0.872952282429, 1.27517354488, 0.53257972002, 0.126369103789, 0.113821446896, 0.0564905032516, 0.0589051097631, 0.0182396378368, 0.00854490790516, 0.0039309267886, 0.0010159232188, 0.000224551535212, 5.78319377382e-05, 2.89885829261e-05, 2.01640232262e-05, 1.47213586388e-05, 1.0184002349e-05, 6.73129443385e-06, 4.10945949625e-06, 2.11385622606e-06, 6.02016200446e-07, 2.03943136512e-06, 4.88258865516e-06], "dmean2": [0.0074957231991, 0.218570917845, 0.99486297369, 0.826197147369, 3.30147337914, 11.8591089249, 16.7361526489, 21.5294952393, 14.3843917847, 15.6880779266, 8.88055229187, 4.20190906525, 5.54181957245, 3.26659703255, 1.96329712868, 1.58327174187, 1.6452268362, 1.14922833443, 1.76244986057, 0.825607299805, 0.184890165925, 0.17002543807, 0.0763443931937, 0.0753196999431, 0.0240328684449, 0.00989747419953, 0.00563925085589, 0.00151836569421, 0.000346121290931, 9.74861395662e-05, 5.17539265275e-05, 3.68723049178e-05, 2.68290259555e-05, 1.83088559425e-05, 1.18258776638e-05, 6.98582925907e-06, 3.4963275084e-06, 1.06613538264e-06, 2.90611842502e-06, 6.96930510458e-06], "dvar": [0.000291545322398, 0.200029790401, 2.73401737213, 2.24278354645, 39.0645446777, 558.709594727, 1167.16516113, 1110.05163574, 469.867431641, 1480.43029785, 790.47857666, 141.762817383, 244.467498779, 54.290184021, 18.3144741058, 10.1372251511, 35.7209625244, 9.70767498016, 27.966386795, 4.96087884903, 0.198519423604, 0.368751943111, 0.0593145675957, 0.0979506149888, 0.00816063489765, 0.0020314315334, 0.00090826995438, 6.27211193205e-05, 2.63567426373e-06, 1.01487508175e-07, 3.33925020968e-09, 1.12735087932e-09, 5.91289239793e-10, 2.73173345056e-10, 1.14488724057e-10, 4.14547562944e-11, 1.10389475338e-11, 9.18694807728e-13, 1.43758581428e-11, 8.3057435929e-11], "dvar2": [0.000580492254812, 0.41477483511, 7.14670181274, 4.99340105057, 79.76197052, 1116.96411133, 2661.98461914, 3031.78173828, 1224.03015137, 3948.08349609, 1165.87072754, 177.996353149, 311.572143555, 116.768028259, 27.2081336975, 22.6274394989, 57.3374290466, 18.793592453, 52.3360862732, 14.8145961761, 0.406952500343, 0.906741738319, 0.10943043232, 0.175840288401, 0.0169144105166, 0.00289147859439, 0.00209534051828, 0.00014674506383, 6.46942316962e-06, 2.18652971284e-07, 8.7057765441e-09, 3.60066310101e-09, 1.89240401127e-09, 8.61539062313e-10, 3.45371148347e-10, 1.15539446066e-10, 2.85366417996e-11, 2.84754620057e-12, 2.98078263461e-11, 1.73993125463e-10], "max": [0.646681785583, 16.371805191, 31.2395973206, 37.0965232849, 179.555541992, 821.440429688, 1365.47424316, 608.490539551, 418.789001465, 1003.65112305, 915.862243652, 486.519744873, 505.683563232, 180.71484375, 151.927993774, 103.399902344, 201.626190186, 149.232025146, 170.681060791, 75.2549514771, 13.4826517105, 21.6665916443, 10.3898191452, 10.7995042801, 3.08230257034, 1.769759655, 0.872734606266, 0.294852077961, 0.0641396567225, 0.0159654524177, 0.0014229293447, 0.000395232083974, 0.00028336874675, 0.000216510525206, 0.000164117649547, 0.000115067668958, 6.46683838568e-05, 1.39458998092e-05, 9.99898111331e-05, 0.000239381566644], "mean": [0.00971691776067, 0.285364568233, 1.13733434677, 1.29275238514, 7.16237545013, 33.5075492859, 37.5034141541, 48.6786956787, 33.2730522156, 26.5654067993, 18.5367469788, 9.78845024109, 12.3155269623, 7.2187795639, 5.31184482574, 3.07487368584, 3.63020658493, 2.29732918739, 2.9936029911, 1.13577628136, 0.297166079283, 0.225783243775, 0.138503834605, 0.120270349085, 0.0371305570006, 0.0186398439109, 0.0058574732393, 0.00147497537546, 0.000307964946842, 7.43104683352e-05, 3.74768933398e-05, 2.72402248811e-05, 2.26619613386e-05, 1.90039063455e-05, 1.55324360094e-05, 1.16648789117e-05, 6.82546078679e-06, 1.28701526592e-06, 9.1386746135e-06, 2.16301214095e-05], "median": [0.00137600500602, 0.0338697917759, 0.221175357699, 0.338411748409, 1.6448225975, 7.68562459946, 14.2905015945, 22.3665122986, 15.4686565399, 9.60476970673, 4.17047739029, 2.87496542931, 2.97461748123, 2.60705518723, 1.99240624905, 0.813334941864, 0.588695049286, 0.58185750246, 0.463866561651, 0.201216295362, 0.0455353707075, 0.0174031499773, 0.0109181394801, 0.003911386244, 0.00118336174637, 0.000454087072285, 0.000149484461872, 5.64573601878e-05, 2.92019631161e-05, 1.94143376575e-05, 1.5955298295e-05, 1.40696602102e-05, 1.27187086036e-05, 1.13186988528e-05, 9.59932822298e-06, 7.40971836422e-06, 4.36519985669e-06, 8.12426037555e-07, 5.82904340263e-06, 1.37366660056e-05], "min": [2.09529345036e-22, 3.5337818159e-21, 4.11057711885e-20, 4.19983475371e-20, 4.51521836488e-20, 6.30135140027e-20, 6.41552882043e-20, 8.07766360459e-20, 6.58302074526e-19, 4.3985267034e-18, 1.68082014796e-18, 1.86124054387e-18, 1.85597615966e-18, 1.45012288724e-18, 3.60415207394e-18, 9.86560118619e-18, 1.08407453852e-17, 1.59920382924e-17, 6.26409609021e-18, 8.71394822501e-18, 5.31775721528e-18, 9.29745549118e-18, 2.15066032822e-17, 2.09206103382e-17, 1.84425807095e-17, 1.73658099276e-17, 1.67486653618e-17, 1.46010546831e-17, 1.76080613505e-17, 2.66356756366e-17, 1.98476247349e-17, 1.61323115807e-17, 1.06478079888e-17, 9.72748849367e-18, 7.54538686493e-18, 4.63417557066e-18, 2.97823484418e-18, 1.3298240462e-18, 2.93457340801e-19, 3.70120898799e-20], "var": [0.00115309737157, 0.885764181614, 5.56124591827, 6.19086885452, 215.700515747, 4231.88720703, 4665.42138672, 4912.76953125, 2220.00170898, 3046.13037109, 3930.37475586, 740.128356934, 1104.20117188, 203.271026611, 108.578903198, 46.6537132263, 146.048873901, 31.4016780853, 84.6747741699, 10.9183015823, 0.611996769905, 0.738058269024, 0.201939463615, 0.235453918576, 0.019691567868, 0.00738479988649, 0.00115531671327, 9.18527875911e-05, 3.2369573546e-06, 1.19355306083e-07, 5.19694065559e-09, 1.52824775057e-09, 9.07317665444e-10, 5.4581478226e-10, 3.24814258823e-10, 1.70197175797e-10, 5.65957350429e-11, 2.1795954798e-12, 1.01998950952e-10, 5.77074443786e-10]}, "gfcc": {"mean": [-271.453399658, 262.27545166, -89.5191192627, -67.3557739258, -23.5246505737, -35.3667678833, -36.267162323, -19.1151103973, -14.5215520859, -8.66526412964, 2.17877626419, -9.90518665314, 4.86023378372], "cov": [[12690.9853516, 1885.37426758, -2125.99023438, 616.729431152, 1349.00073242, -553.991027832, 518.520629883, 121.710517883, -0.8791462183, 117.741661072, 55.6450843811, -474.364471436, -56.8795394897], [1885.37426758, 866.716003418, 145.813705444, -133.611480713, 305.928955078, 82.3173522949, 14.746509552, -20.1079349518, 48.194393158, -52.9002990723, -14.0836782455, -114.661590576, -6.61826467514], [-2125.99023438, 145.813705444, 1418.51855469, -142.034927368, -297.675476074, 381.832458496, -202.571304321, -195.506134033, -20.0753517151, -180.188369751, -157.843460083, 16.7640743256, -11.4171686172], [616.729431152, -133.611480713, -142.034927368, 532.003173828, 137.675979614, -68.9874038696, 217.019714355, 116.032943726, -50.7458496094, 44.3596496582, -62.260471344, -87.7649078369, -58.4231643677], [1349.00073242, 305.928955078, -297.675476074, 137.675979614, 368.092956543, -24.5028305054, 95.774055481, 119.802711487, 47.7874450684, 39.256149292, 35.08360672, -74.3631439209, -25.7726783752], [-553.991027832, 82.3173522949, 381.832458496, -68.9874038696, -24.5028305054, 235.749191284, -27.3429908752, -48.6970901489, 38.8279914856, -35.4124565125, -40.8449783325, 28.299747467, 14.9552335739], [518.520629883, 14.746509552, -202.571304321, 217.019714355, 95.774055481, -27.3429908752, 216.060714722, 124.771240234, 4.14143800735, 62.8217124939, 2.97944498062, -43.9560775757, -15.6991491318], [121.710517883, -20.1079349518, -195.506134033, 116.032943726, 119.802711487, -48.6970901489, 124.771240234, 206.272003174, 76.7157745361, 68.256729126, 57.6095046997, -18.6493110657, -43.7969245911], [-0.8791462183, 48.194393158, -20.0753517151, -50.7458496094, 47.7874450684, 38.8279914856, 4.14143800735, 76.7157745361, 126.612182617, 64.8031616211, 49.1416549683, 24.8844070435, -6.43077421188], [117.741661072, -52.9002990723, -180.188369751, 44.3596496582, 39.256149292, -35.4124565125, 62.8217124939, 68.256729126, 64.8031616211, 107.786560059, 70.5889434814, 20.639667511, 6.76249170303], [55.6450843811, -14.0836782455, -157.843460083, -62.260471344, 35.08360672, -40.8449783325, 2.97944498062, 57.6095046997, 49.1416549683, 70.5889434814, 117.008255005, 60.1286201477, 17.9743175507], [-474.364471436, -114.661590576, 16.7640743256, -87.7649078369, -74.3631439209, 28.299747467, -43.9560775757, -18.6493110657, 24.8844070435, 20.639667511, 60.1286201477, 120.797065735, 73.4882965088], [-56.8795394897, -6.61826467514, -11.4171686172, -58.4231643677, -25.7726783752, 14.9552335739, -15.6991491318, -43.7969245911, -6.43077421188, 6.76249170303, 17.9743175507, 73.4882965088, 106.01071167]], "icov": [[0.000434124551248, -0.00105578301009, 0.000903573003598, -0.00123156025074, 0.000417631672462, 8.39437343529e-05, -0.000293188757496, 0.00159523321781, -0.00171558652073, 0.00197947956622, -0.00165733252652, 0.00119634624571, -0.000487736164359], [-0.00105578301009, 0.00973978824914, -0.00566476071253, 0.00728767458349, -0.00942763779312, 0.00541495997459, -0.0101227657869, 0.00614596018568, -0.00563328899443, 0.0051561598666, -0.00264442432672, 0.00386149389669, -0.00146719475742], [0.000903573003598, -0.00566476071253, 0.00632920628414, -0.0067667607218, 0.00817425362766, -0.00736630521715, 0.00739064905792, -0.00214190245606, -0.00054358219495, 0.00366233312525, -0.0042912773788, 0.00456596305594, -0.0023845594842], [-0.00123156025074, 0.00728767458349, -0.0067667607218, 0.014118029736, -0.0118804555386, 0.0077004483901, -0.0102060092613, -0.000537624233402, 0.00729138730094, -0.01179965958, 0.0153765762225, -0.01143003162, 0.00764916324988], [0.000417631672462, -0.00942763779312, 0.00817425362766, -0.0118804555386, 0.0208117607981, -0.013413304463, 0.016107654199, -0.0114068463445, 0.00266541307792, 0.00225294870324, -0.0095495339483, 0.0115150865167, -0.00775217777118], [8.39437343529e-05, 0.00541495997459, -0.00736630521715, 0.0077004483901, -0.013413304463, 0.0208402927965, -0.017821053043, 0.0140802413225, -0.0121054602787, 0.00535526219755, 0.00580123951659, -0.0102254115045, 0.00583935854957], [-0.000293188757496, -0.0101227657869, 0.00739064905792, -0.0102060092613, 0.016107654199, -0.017821053043, 0.036728810519, -0.0288154799491, 0.0246831439435, -0.0245135389268, 0.010519229807, 0.000581390922889, -0.00477893883362], [0.00159523321781, 0.00614596018568, -0.00214190245606, -0.000537624233402, -0.0114068463445, 0.0140802413225, -0.0288154799491, 0.0406543649733, -0.0363913066685, 0.0339965298772, -0.0253594163805, 0.0115389134735, 0.000406227220083], [-0.00171558652073, -0.00563328899443, -0.00054358219495, 0.00729138730094, 0.00266541307792, -0.0121054602787, 0.0246831439435, -0.0363913066685, 0.0567807033658, -0.0551207140088, 0.0372677072883, -0.0280770510435, 0.0137693397701], [0.00197947956622, 0.0051561598666, 0.00366233312525, -0.01179965958, 0.00225294870324, 0.00535526219755, -0.0245135389268, 0.0339965298772, -0.0551207140088, 0.0794770270586, -0.0584070794284, 0.0391749665141, -0.0201844871044], [-0.00165733252652, -0.00264442432672, -0.0042912773788, 0.0153765762225, -0.0095495339483, 0.00580123951659, 0.010519229807, -0.0253594163805, 0.0372677072883, -0.0584070794284, 0.0717655941844, -0.0538363195956, 0.0260372385383], [0.00119634624571, 0.00386149389669, 0.00456596305594, -0.01143003162, 0.0115150865167, -0.0102254115045, 0.000581390922889, 0.0115389134735, -0.0280770510435, 0.0391749665141, -0.0538363195956, 0.0683673471212, -0.0382966585457], [-0.000487736164359, -0.00146719475742, -0.0023845594842, 0.00764916324988, -0.00775217777118, 0.00583935854957, -0.00477893883362, 0.000406227220083, 0.0137693397701, -0.0201844871044, 0.0260372385383, -0.0382966585457, 0.0340461209416]]}, "melbands": {"dmean": [8.76497360878e-05, 0.000270688993623, 0.000122602694319, 0.000359804747859, 0.000388943735743, 0.000332815397996, 0.000150618812768, 0.000103741047496, 5.06390024384e-05, 1.99038986466e-05, 2.25703624892e-05, 9.64065384323e-06, 6.55380063108e-06, 3.05081675833e-06, 3.10973587148e-06, 2.14909823626e-06, 1.68843052961e-06, 2.13843622987e-06, 1.30720718516e-06, 3.16068877737e-07, 1.35943906798e-07, 1.28378943032e-07, 8.25984542985e-08, 5.38143467566e-08, 5.29798924731e-08, 1.34746089842e-08, 8.87897488866e-09, 5.84399773018e-09, 2.88800849901e-09, 1.40323186404e-09, 2.85025947289e-10, 1.44122463963e-10, 4.42425228397e-11, 2.43842428888e-11, 1.68507430232e-11, 1.34265714866e-11, 1.15457044966e-11, 1.01328173283e-11, 8.85221757008e-12, 7.78196691115e-12], "dmean2": [0.00013687365572, 0.000440014933702, 0.000189355312614, 0.000525872630533, 0.000575382844545, 0.000500041758642, 0.000216986154555, 0.000161793694133, 6.40276266495e-05, 2.47786592809e-05, 2.77149811154e-05, 1.37321185321e-05, 7.69244979892e-06, 4.622250799e-06, 4.22639004682e-06, 2.69326710622e-06, 2.23849019676e-06, 2.90490129373e-06, 2.04838624995e-06, 4.4617948447e-07, 2.07009648534e-07, 1.96832019128e-07, 1.11795124269e-07, 7.01356341892e-08, 6.70935094149e-08, 1.83012538457e-08, 1.11438822614e-08, 6.65174093584e-09, 4.28706536937e-09, 2.08319850259e-09, 4.21602586176e-10, 2.22060855815e-10, 7.61779736513e-11, 4.21149885799e-11, 3.02446262479e-11, 2.47465780506e-11, 2.15075630916e-11, 1.88866214335e-11, 1.65158147575e-11, 1.45323622927e-11], "dvar": [9.3789623179e-08, 5.36741197266e-07, 1.12999693158e-07, 9.20269428661e-07, 1.08953872768e-06, 5.79307993576e-07, 1.03530688023e-07, 1.45578198385e-07, 4.84355595631e-08, 4.36937019899e-09, 6.01924821098e-09, 1.09351006028e-09, 3.74595604535e-10, 9.61353358031e-11, 1.30852259583e-10, 7.65000771064e-11, 3.27858955262e-11, 7.21016579774e-11, 5.14594651613e-11, 1.23217647023e-12, 2.92353868978e-13, 5.20856686774e-13, 2.14197190258e-13, 7.14803718061e-14, 9.22661808609e-14, 6.46196480318e-15, 3.02877890818e-15, 1.11608301031e-15, 5.21512626971e-16, 1.39312673505e-16, 4.19632405702e-18, 1.2084529723e-18, 1.38718007779e-19, 1.17394312639e-20, 1.31495938684e-21, 5.18406115914e-22, 3.84661502083e-22, 2.97629368796e-22, 2.25994058575e-22, 1.76167294016e-22], "dvar2": [1.85259281693e-07, 1.31355602662e-06, 2.48946975034e-07, 1.89089860214e-06, 2.4668649985e-06, 1.61275056598e-06, 2.70347612741e-07, 3.87654552014e-07, 6.57741097143e-08, 5.69488101121e-09, 7.6969222107e-09, 2.39032149629e-09, 5.08563524626e-10, 2.30661559297e-10, 2.33824654083e-10, 1.30302268975e-10, 6.34171465341e-11, 1.33456246054e-10, 1.54828191934e-10, 2.37455432921e-12, 6.51860184754e-13, 1.30220563065e-12, 3.33359370924e-13, 1.4268401456e-13, 1.60706910561e-13, 1.48036829106e-14, 4.66251488102e-15, 1.58070292238e-15, 1.22296543925e-15, 3.21213740082e-16, 9.67945990576e-18, 2.9850477105e-18, 3.49783558378e-19, 2.41844992891e-20, 3.31153579326e-21, 1.63588496675e-21, 1.26279914648e-21, 9.76679169936e-22, 7.45640617241e-22, 5.82765250825e-22], "max": [0.0117026818916, 0.0169824045151, 0.00860435143113, 0.0294640772045, 0.0378663688898, 0.0135287055746, 0.00600113300607, 0.00938288029283, 0.00701075652614, 0.00261607090943, 0.00250112311915, 0.000804069801234, 0.000716118724085, 0.000305915193167, 0.000332994124619, 0.000271738565061, 0.000251816498348, 0.000243505783146, 0.000235794490436, 2.57321298704e-05, 1.75808636413e-05, 2.49173135671e-05, 2.75790007436e-05, 1.07875439426e-05, 1.11991512313e-05, 3.20056369674e-06, 2.23836104851e-06, 1.36731671319e-06, 6.43785881493e-07, 4.20668300194e-07, 8.00822164138e-08, 4.5646658009e-08, 1.68763385489e-08, 5.7216582583e-09, 1.08309217151e-09, 3.33754329729e-10, 1.84976922668e-10, 1.63760435767e-10, 1.43038345057e-10, 1.26751817375e-10], "mean": [0.000180711998837, 0.000543589761946, 0.000320670194924, 0.00143690791447, 0.00142948864959, 0.00109915144276, 0.000499803922139, 0.000257885374594, 0.000140873191413, 5.59481886739e-05, 6.01766078034e-05, 2.8270887924e-05, 2.12197392102e-05, 8.00646466814e-06, 8.74938541529e-06, 5.80722371524e-06, 4.145335879e-06, 4.92687922815e-06, 2.59726562035e-06, 6.98015355738e-07, 2.75869467714e-07, 2.30273585089e-07, 1.79298837111e-07, 1.16039011289e-07, 1.03204989443e-07, 2.59536694358e-08, 1.73554379757e-08, 1.19139915711e-08, 3.58989327154e-09, 1.95827110083e-09, 3.7912334383e-10, 1.88626794739e-10, 4.90031071276e-11, 2.64576763276e-11, 1.66246842681e-11, 1.21524257671e-11, 9.77105289041e-12, 8.50512976019e-12, 7.42883272259e-12, 6.56135432445e-12], "median": [1.93362320715e-05, 0.000102600897662, 7.79236215749e-05, 0.000303582055494, 0.000582877313718, 0.000527285796124, 0.000239770932239, 8.73280805536e-05, 2.56456751231e-05, 1.64892480825e-05, 1.31174010676e-05, 8.74520083016e-06, 6.6049524321e-06, 1.54817439579e-06, 1.50526534526e-06, 9.48014871938e-07, 8.91838340067e-07, 6.5473864197e-07, 3.60559425872e-07, 8.21939138973e-08, 2.65337387617e-08, 1.46920990929e-08, 1.21237269113e-08, 4.97473262584e-09, 2.67137201249e-09, 6.74640510123e-10, 4.1691419761e-10, 2.23437726654e-10, 7.30305607655e-11, 3.98403775248e-11, 1.92950187078e-11, 1.26400860265e-11, 7.62585741082e-12, 6.20875876753e-12, 4.55065238963e-12, 3.61578475494e-12, 2.972944807e-12, 2.579962936e-12, 2.28192595028e-12, 2.04748045775e-12], "min": [3.06431223975e-24, 1.6371542755e-23, 8.15750728011e-24, 3.52383298615e-24, 2.95648520919e-24, 1.62952591166e-24, 1.41718183203e-23, 4.75185259954e-23, 1.01824154051e-23, 1.29256728921e-23, 8.99585737422e-24, 5.44445803817e-24, 7.72336556953e-24, 2.68308380826e-23, 2.55750393635e-23, 2.40715682969e-23, 2.84851645978e-23, 6.60354990444e-24, 1.63144402695e-23, 6.86243827632e-24, 6.16928749814e-24, 8.5537844561e-24, 1.52266357911e-23, 2.20894558761e-23, 1.6428976562e-23, 1.28651783047e-23, 1.59982301088e-23, 9.73153091063e-24, 9.92873903719e-24, 1.00515512695e-23, 8.17709154094e-24, 9.17930776659e-24, 1.27374601464e-23, 1.42203979525e-23, 1.21273890433e-23, 8.57913134585e-24, 9.7300060425e-24, 7.69910651898e-24, 6.0126564044e-24, 9.26554761847e-24], "var": [4.21473572487e-07, 1.48328240357e-06, 3.97450293121e-07, 6.82553809384e-06, 5.17145372214e-06, 2.43576482717e-06, 4.89097715217e-07, 2.95167012609e-07, 2.52306620041e-07, 2.18174953659e-08, 2.71942131036e-08, 3.8047338613e-09, 2.10119877053e-09, 3.80824427548e-10, 6.23915197284e-10, 3.20469983883e-10, 1.00184555096e-10, 2.10642336906e-10, 9.43241457163e-11, 4.05262455538e-12, 6.87688838166e-13, 9.38213374178e-13, 6.58873509137e-13, 2.10721753089e-13, 2.11946223918e-13, 1.31141638889e-14, 8.91067987896e-15, 3.79626402674e-15, 5.60861542535e-16, 2.07440195197e-16, 5.5209524784e-18, 1.46675852334e-18, 1.1937074439e-19, 1.43929685078e-20, 1.81425043114e-21, 5.43701666592e-22, 3.35435344663e-22, 2.57032466155e-22, 1.92528067242e-22, 1.4860892423e-22]}, "mfcc": {"mean": [-869.388000488, 240.783828735, 33.5741577148, -18.4518470764, -1.86173582077, -7.61484956741, -15.6465702057, -17.8773765564, -13.9510908127, -6.13220405579, -6.11295795441, -8.78095912933, -3.66728568077], "cov": [[5227.33154297, 3049.43994141, -1333.97155762, 52.8794288635, 715.175292969, -76.0347976685, 193.121765137, 206.616165161, 39.8261680603, 240.577285767, 204.626205444, 33.3738021851, -69.7177352905], [3049.43994141, 2274.80810547, -220.762649536, -93.171081543, 365.399963379, 123.7603302, 75.7090530396, 72.1486968994, 38.6979522705, 107.641937256, 66.8578948975, -43.5203552246, -82.7212905884], [-1333.97155762, -220.762649536, 1080.2824707, 10.0574617386, -230.060058594, 203.459960938, -30.1778717041, -86.0039825439, 17.2511100769, -79.6456680298, -109.861373901, -82.5376434326, -44.6145401001], [52.8794288635, -93.171081543, 10.0574617386, 323.564788818, 124.746307373, -37.558757782, 104.177963257, 87.4172439575, 26.2942466736, 53.6753349304, 42.5733757019, 19.8540763855, -8.41823863983], [715.175292969, 365.399963379, -230.060058594, 124.746307373, 274.303314209, 47.9437599182, 59.2284812927, 100.147567749, 50.8246650696, 67.684463501, 65.018737793, 22.1097621918, -10.3769321442], [-76.0347976685, 123.7603302, 203.459960938, -37.558757782, 47.9437599182, 178.372848511, 37.3345336914, -4.06259012222, 46.6497306824, 5.6824631691, -25.9132041931, -26.7574195862, -29.443063736], [193.121765137, 75.7090530396, -30.1778717041, 104.177963257, 59.2284812927, 37.3345336914, 116.407051086, 70.0161895752, 26.9971122742, 44.6910476685, 26.0435943604, 0.96632540226, -16.1149749756], [206.616165161, 72.1486968994, -86.0039825439, 87.4172439575, 100.147567749, -4.06259012222, 70.0161895752, 119.141494751, 61.1850891113, 47.9682388306, 51.5241088867, 27.333688736, 2.37339711189], [39.8261680603, 38.6979522705, 17.2511100769, 26.2942466736, 50.8246650696, 46.6497306824, 26.9971122742, 61.1850891113, 99.6215744019, 63.1114082336, 23.6535453796, 26.4544353485, 17.8932991028], [240.577285767, 107.641937256, -79.6456680298, 53.6753349304, 67.684463501, 5.6824631691, 44.6910476685, 47.9682388306, 63.1114082336, 111.020706177, 80.0628433228, 41.6570129395, 33.8096656799], [204.626205444, 66.8578948975, -109.861373901, 42.5733757019, 65.018737793, -25.9132041931, 26.0435943604, 51.5241088867, 23.6535453796, 80.0628433228, 122.829673767, 86.6338119507, 37.6334533691], [33.3738021851, -43.5203552246, -82.5376434326, 19.8540763855, 22.1097621918, -26.7574195862, 0.96632540226, 27.333688736, 26.4544353485, 41.6570129395, 86.6338119507, 123.113815308, 84.6544799805], [-69.7177352905, -82.7212905884, -44.6145401001, -8.41823863983, -10.3769321442, -29.443063736, -16.1149749756, 2.37339711189, 17.8932991028, 33.8096656799, 37.6334533691, 84.6544799805, 129.208572388]], "icov": [[1292.56567383, -1789.67675781, 1679.04492188, -1506.64123535, 1290.94299316, -1051.2845459, 809.898925781, -584.453430176, 389.804779053, -235.903900146, 125.321121216, -54.5056686401, 16.077753067], [-1789.67675781, 2477.98730469, -2324.84472656, 2086.1887207, -1787.59069824, 1455.80493164, -1121.60791016, 809.454650879, -539.916442871, 326.779907227, -173.618057251, 75.5207672119, -22.2794456482], [1679.04492188, -2324.84472656, 2181.27954102, -1957.5234375, 1677.54284668, -1366.39526367, 1052.92321777, -760.057922363, 507.101135254, -307.008728027, 163.171020508, -71.0029296875, 20.9563312531], [-1506.64123535, 2086.1887207, -1957.5234375, 1756.96655273, -1505.96520996, 1226.95300293, -945.770446777, 682.961853027, -455.860168457, 276.118988037, -146.838638306, 63.9360961914, -18.8839130402], [1290.94299316, -1787.59069824, 1677.54284668, -1505.96520996, 1291.19714355, -1052.35852051, 811.555908203, -586.369262695, 391.634613037, -237.389694214, 126.353775024, -55.0712432861, 16.2858009338], [-1051.2845459, 1455.80493164, -1366.39526367, 1226.95300293, -1052.35852051, 858.117858887, -662.15045166, 478.760437012, -320.034515381, 194.171951294, -103.472167969, 45.1576156616, -13.3743953705], [809.898925781, -1121.60791016, 1052.92321777, -945.770446777, 811.555908203, -662.15045166, 511.32989502, -370.039215088, 247.617782593, -150.424423218, 80.2841186523, -35.0988998413, 10.4209384918], [-584.453430176, 809.454650879, -760.057922363, 682.961853027, -586.369262695, 478.760437012, -370.039215088, 268.105163574, -179.643264771, 109.29839325, -58.4561653137, 25.6154727936, -7.62686395645], [389.804779053, -539.916442871, 507.101135254, -455.860168457, 391.634613037, -320.034515381, 247.617782593, -179.643264771, 120.583747864, -73.5106811523, 39.4182662964, -17.3299007416, 5.18147182465], [-235.903900146, 326.779907227, -307.008728027, 276.118988037, -237.389694214, 194.171951294, -150.424423218, 109.29839325, -73.5106811523, 44.9437828064, -24.1834487915, 10.6767892838, -3.21509671211], [125.321121216, -173.618057251, 163.171020508, -146.838638306, 126.353775024, -103.472167969, 80.2841186523, -58.4561653137, 39.4182662964, -24.1834487915, 13.0944156647, -5.82188224792, 1.76758170128], [-54.5056686401, 75.5207672119, -71.0029296875, 63.9360961914, -55.0712432861, 45.1576156616, -35.0988998413, 25.6154727936, -17.3299007416, 10.6767892838, -5.82188224792, 2.62626981735, -0.811036288738], [16.077753067, -22.2794456482, 20.9563312531, -18.8839130402, 16.2858009338, -13.3743953705, 10.4209384918, -7.62686395645, 5.18147182465, -3.21509671211, 1.76758170128, -0.811036288738, 0.265318572521]]}, "spectral_contrast_coeffs": {"dmean": [0.0397928357124, 0.0375221483409, 0.0298694018275, 0.0263222716749, 0.0264487303793, 0.0362568236887], "dmean2": [0.0645259097219, 0.0598898977041, 0.046408765018, 0.0406595990062, 0.0437825396657, 0.0650156736374], "dvar": [0.00130467745475, 0.00153249595314, 0.00100650882814, 0.000804930343293, 0.000627657573204, 0.00140604912303], "dvar2": [0.00313176773489, 0.00369636691175, 0.00222079874948, 0.00178641115781, 0.00162129686214, 0.0039677741006], "max": [-0.26877862215, -0.331552565098, -0.44489389658, -0.499549716711, -0.584644496441, -0.631298601627], "mean": [-0.548393249512, -0.586911678314, -0.6865863204, -0.708357214928, -0.751809597015, -0.913056015968], "median": [-0.547945916653, -0.580459833145, -0.683649480343, -0.706833481789, -0.748150587082, -0.928868532181], "min": [-0.953713595867, -0.967230737209, -0.962232589722, -0.957967162132, -0.963652789593, -0.967349290848], "var": [0.014565997757, 0.00857721734792, 0.00493340427056, 0.00458767125383, 0.00412816088647, 0.00299324770458]}, "spectral_contrast_valleys": {"dmean": [0.465120196342, 0.339520037174, 0.323861628771, 0.345971763134, 0.427796542645, 1.00581645966], "dmean2": [0.727906703949, 0.529536247253, 0.509287893772, 0.543155312538, 0.709148705006, 1.80963075161], "dvar": [0.270967841148, 0.213447391987, 0.209873616695, 0.236105903983, 0.249548062682, 0.622561752796], "dvar2": [0.46083176136, 0.352286249399, 0.359137356281, 0.442871540785, 0.551935791969, 1.88656544685], "max": [-5.74362802505, -5.15296125412, -6.58430337906, -7.32285308838, -8.75102901459, -11.8926763535], "mean": [-8.76755237579, -7.6925907135, -9.16496086121, -10.7174139023, -12.6774930954, -14.6438140869], "median": [-8.56604957581, -7.48252773285, -9.04634284973, -10.6523914337, -12