{"lowlevel": {"average_loudness": 0.925270736217, "barkbands_crest": {"dmean": 3.25365281105, "dmean2": 5.35721349716, "dvar": 9.93927383423, "dvar2": 25.9599208832, "max": 26.3435611725, "mean": 16.9371643066, "median": 17.6602573395, "min": 2.26171255112, "var": 23.8841094971}, "barkbands_flatness_db": {"dmean": 0.0476192459464, "dmean2": 0.0711534544826, "dvar": 0.00237419595942, "dvar2": 0.00479853060097, "max": 0.951592624187, "mean": 0.223167926073, "median": 0.202821776271, "min": 0.0217631328851, "var": 0.0128253186122}, "barkbands_kurtosis": {"dmean": 31.1237926483, "dmean2": 49.8808784485, "dvar": 4254.97753906, "dvar2": 10280.4589844, "max": 4110.89453125, "mean": 44.0082092285, "median": 18.4606952667, "min": -1.94234526157, "var": 10527.4365234}, "barkbands_skewness": {"dmean": 1.75696003437, "dmean2": 2.71255207062, "dvar": 4.01364135742, "dvar2": 9.5236787796, "max": 54.4441146851, "mean": 4.54976177216, "median": 3.93143057823, "min": -4.24898767471, "var": 10.7737321854}, "barkbands_spread": {"dmean": 10.9476613998, "dmean2": 16.5910186768, "dvar": 226.900009155, "dvar2": 483.279022217, "max": 128.535598755, "mean": 19.3175373077, "median": 10.8403606415, "min": 0.0543768592179, "var": 465.854003906}, "dissonance": {"dmean": 0.0176023691893, "dmean2": 0.0288133956492, "dvar": 0.000417721166741, "dvar2": 0.00106076733209, "max": 0.5, "mean": 0.46833345294, "median": 0.477214664221, "min": 0.084303997457, "var": 0.000928537920117}, "dynamic_complexity": 2.39458060265, "erbbands_crest": {"dmean": 2.61517214775, "dmean2": 4.22842979431, "dvar": 7.152156353, "dvar2": 17.2401618958, "max": 30.2206783295, "mean": 7.97608566284, "median": 6.60703992844, "min": 1.97023499012, "var": 21.3919219971}, "erbbands_flatness_db": {"dmean": 0.0226860977709, "dmean2": 0.0328926295042, "dvar": 0.000836430408526, "dvar2": 0.00159908889327, "max": 0.530756950378, "mean": 0.117427155375, "median": 0.0911840051413, "min": 0.0273749288172, "var": 0.00605262769386}, "erbbands_kurtosis": {"dmean": 2.9107260704, "dmean2": 4.64959287643, "dvar": 95.0784988403, "dvar2": 232.376861572, "max": 561.019775391, "mean": 4.67218780518, "median": -0.32233273983, "min": -1.90486979485, "var": 1131.79296875}, "erbbands_skewness": {"dmean": 0.6448392272, "dmean2": 0.929395973682, "dvar": 0.547046244144, "dvar2": 1.21360743046, "max": 18.0617923737, "mean": 0.530699133873, "median": 0.274356156588, "min": -4.8364109993, "var": 3.12395906448}, "erbbands_spread": {"dmean": 21.4167232513, "dmean2": 33.6585884094, "dvar": 632.862060547, "dvar2": 1572.42089844, "max": 238.709655762, "mean": 71.4748764038, "median": 69.5754699707, "min": 0.411329209805, "var": 1603.76806641}, "hfc": {"dmean": 31.0934333801, "dmean2": 42.7773208618, "dvar": 2467.84179688, "dvar2": 4600.77978516, "max": 539.337219238, "mean": 50.0611038208, "median": 23.1858272552, "min": 1.23111924309e-16, "var": 4458.91455078}, "melbands_crest": {"dmean": 3.57105755806, "dmean2": 5.82799005508, "dvar": 11.5251045227, "dvar2": 30.5963802338, "max": 37.4404373169, "mean": 22.0979995728, "median": 22.1027698517, "min": 1.86417222023, "var": 35.974029541}, "melbands_flatness_db": {"dmean": 0.0560126416385, "dmean2": 0.0830544680357, "dvar": 0.00321687199175, "dvar2": 0.00652103824541, "max": 1, "mean": 0.333662122488, "median": 0.315411865711, "min": 0.00555744208395, "var": 0.0172722563148}, "melbands_kurtosis": {"dmean": 68.4493865967, "dmean2": 110.850868225, "dvar": 9865.83300781, "dvar2": 24323.8359375, "max": 1899.58337402, "mean": 116.965484619, "median": 73.2695617676, "min": -1.87065184116, "var": 17255.1035156}, "melbands_skewness": {"dmean": 2.31912279129, "dmean2": 3.68935847282, "dvar": 6.2030954361, "dvar2": 15.5447788239, "max": 35.6571540833, "mean": 7.55915021896, "median": 7.04211997986, "min": -2.42193055153, "var": 17.2136306763}, "melbands_spread": {"dmean": 4.81260442734, "dmean2": 7.53211212158, "dvar": 66.5147781372, "dvar2": 148.313049316, "max": 265.109069824, "mean": 9.33238983154, "median": 4.49715328217, "min": 0.0776169151068, "var": 325.502685547}, "pitch_salience": {"dmean": 0.105358175933, "dmean2": 0.173103943467, "dvar": 0.00979230180383, "dvar2": 0.0250253304839, "max": 0.88906031847, "mean": 0.383335888386, "median": 0.364404141903, "min": 0.0023925639689, "var": 0.0274968035519}, "silence_rate_20dB": {"dmean": 0.00322011811659, "dmean2": 0.00644072983414, "dvar": 0.00321013107896, "dvar2": 0.00869791768491, "max": 1, "mean": 0.997930109501, "median": 1, "min": 0, "var": 0.00206538289785}, "silence_rate_30dB": {"dmean": 0.178639888763, "dmean2": 0.357307165861, "dvar": 0.146714106202, "dvar2": 0.300043255091, "max": 1, "mean": 0.498620063066, "median": 0, "min": 0, "var": 0.250000476837}, "silence_rate_60dB": {"dmean": 0.00475350767374, "dmean2": 0.00950774457306, "dvar": 0.00473120110109, "dvar2": 0.0103385681286, "max": 1, "mean": 0.0339619740844, "median": 0, "min": 0, "var": 0.0328145213425}, "spectral_centroid": {"dmean": 377.575256348, "dmean2": 542.048583984, "dvar": 190786.8125, "dvar2": 366754.09375, "max": 11582.3369141, "mean": 1121.87280273, "median": 871.92175293, "min": 48.8387107849, "var": 809477}, "spectral_complexity": {"dmean": 6.07866287231, "dmean2": 8.66546535492, "dvar": 51.0779953003, "dvar2": 99.2527008057, "max": 64, "mean": 15.2775993347, "median": 12, "min": 0, "var": 125.68347168}, "spectral_decrease": {"dmean": 1.23411814101e-08, "dmean2": 2.06805257363e-08, "dvar": 2.31380840298e-16, "dvar2": 6.69499764889e-16, "max": 9.95294775761e-29, "mean": -2.74460454364e-08, "median": -2.3659421089e-08, "min": -1.40966662343e-07, "var": 3.44415295996e-16}, "spectral_energy": {"dmean": 0.0477232225239, "dmean2": 0.0794717520475, "dvar": 0.00337298843078, "dvar2": 0.00969314947724, "max": 0.534914553165, "mean": 0.108128271997, "median": 0.0938278287649, "min": 1.07909806421e-20, "var": 0.0051319017075}, "spectral_energyband_high": {"dmean": 0.002756313188, "dmean2": 0.00376739050262, "dvar": 2.20722176891e-05, "dvar2": 4.16073417e-05, "max": 0.0523492284119, "mean": 0.00373021210544, "median": 0.000989670865238, "min": 8.16671137468e-21, "var": 3.94552080252e-05}, "spectral_energyband_low": {"dmean": 0.0442299507558, "dmean2": 0.0740673243999, "dvar": 0.00317469402216, "dvar2": 0.00926732737571, "max": 0.531149327755, "mean": 0.0916367322206, "median": 0.0753019750118, "min": 7.63872820969e-23, "var": 0.00456335395575}, "spectral_energyband_middle_high": {"dmean": 0.00144437828567, "dmean2": 0.0022374750115, "dvar": 6.02825821261e-06, "dvar2": 1.46430520545e-05, "max": 0.0369371846318, "mean": 0.00216937647201, "median": 0.00122969481163, "min": 1.15636557876e-21, "var": 8.12196867628e-06}, "spectral_energyband_middle_low": {"dmean": 0.00790383759886, "dmean2": 0.0130792688578, "dvar": 0.00017330890114, "dvar2": 0.000468215381261, "max": 0.158999949694, "mean": 0.0125400107354, "median": 0.00733539508656, "min": 2.71557074116e-22, "var": 0.000217418884858}, "spectral_entropy": {"dmean": 0.322735607624, "dmean2": 0.461648464203, "dvar": 0.168266609311, "dvar2": 0.324573516846, "max": 9.8155298233, "mean": 7.58013439178, "median": 7.81461620331, "min": 2.53719544411, "var": 0.866994857788}, "spectral_flux": {"dmean": 0.0575524792075, "dmean2": 0.0899348780513, "dvar": 0.00367264775559, "dvar2": 0.00800801906735, "max": 0.605819523335, "mean": 0.149033129215, "median": 0.128022581339, "min": 1.38637342388e-05, "var": 0.00855700206012}, "spectral_kurtosis": {"dmean": 3.26707148552, "dmean2": 5.06975412369, "dvar": 157.269378662, "dvar2": 360.453582764, "max": 439.320495605, "mean": 6.30959796906, "median": 2.07902693748, "min": -1.3303347826, "var": 325.104797363}, "spectral_rms": {"dmean": 0.00211901264265, "dmean2": 0.0034791873768, "dvar": 5.08365837959e-06, "dvar2": 1.44629248098e-05, "max": 0.0228444281965, "mean": 0.00964390859008, "median": 0.00956761930138, "min": 3.24465497872e-12, "var": 1.24861007862e-05}, "spectral_rolloff": {"dmean": 723.968200684, "dmean2": 1295.10168457, "dvar": 3541108, "dvar2": 9093592, "max": 19035.3515625, "mean": 859.825561523, "median": 150.732421875, "min": 43.06640625, "var": 4405721}, "spectral_skewness": {"dmean": 0.391296684742, "dmean2": 0.56833666563, "dvar": 0.508251607418, "dvar2": 1.03035950661, "max": 18.4668483734, "mean": 1.68456208706, "median": 1.32265138626, "min": -0.58390045166, "var": 1.74530255795}, "spectral_spread": {"dmean": 1404163, "dmean2": 2135546, "dvar": 3645851041790.0, "dvar2": 8141414596610.0, "max": 41266240, "mean": 7561078.5, "median": 7695474, "min": 210905.65625, "var": 11902111449100.0}, "spectral_strongpeak": {"dmean": 0.280577749014, "dmean2": 0.475695818663, "dvar": 0.138438314199, "dvar2": 0.352686434984, "max": 8.98455142975, "mean": 0.615762352943, "median": 0.50333160162, "min": 0, "var": 0.223807394505}, "zerocrossingrate": {"dmean": 0.0185428205878, "dmean2": 0.0217469725758, "dvar": 0.000477564579342, "dvar2": 0.000601826410275, "max": 0.50732421875, "mean": 0.0566463135183, "median": 0.04150390625, "min": 0.00146484375, "var": 0.00296005001292}, "barkbands": {"dmean": [0.00522805843502, 0.036764677614, 0.00986046437174, 0.00433957623318, 0.00293060927652, 0.00110472575761, 0.000445258599939, 0.000484846765175, 0.000551509961952, 0.00023600696295, 0.000199864341994, 0.000175727967871, 0.000238288266701, 0.000168771788594, 0.000132166227559, 0.000176256697159, 0.000170012834133, 0.000135487745865, 0.000202642811928, 0.000210466867429, 0.000246360868914, 0.000334116426529, 0.000415862828959, 0.000468404497951, 0.00052619795315, 0.000668563065119, 0.00022986572003], "dmean2": [0.00883680209517, 0.0616865679622, 0.0169301535934, 0.00733860163018, 0.00498558348045, 0.00185228546616, 0.000740722520277, 0.00075151969213, 0.000896068522707, 0.000376907846658, 0.0003369099868, 0.000283628556645, 0.000412979163229, 0.000286597700324, 0.000219717054279, 0.000289592542686, 0.000262186746113, 0.000206694588996, 0.000309964816552, 0.000319148326525, 0.000362957594916, 0.000499367248267, 0.00063071999466, 0.000709067797288, 0.000720978423487, 0.000975227972958, 0.000300992105622], "dvar": [0.000109555847303, 0.00242860871367, 0.000377609801944, 6.31695147604e-05, 3.55161027983e-05, 4.44280476586e-06, 7.38486903629e-07, 1.74979027179e-06, 2.41177940552e-06, 3.24904732452e-07, 1.96206471514e-07, 1.25099475667e-07, 2.34183104908e-07, 1.63336395076e-07, 8.40670892899e-08, 1.31466336484e-07, 1.2861816856e-07, 6.98596167581e-08, 1.90215800444e-07, 1.98309393795e-07, 2.4695040679e-07, 4.83882786284e-07, 6.17883870291e-07, 9.39080166518e-07, 9.39761264362e-07, 1.93695427697e-06, 2.10105596921e-07], "dvar2": [0.000304795015836, 0.00724305724725, 0.00101631029975, 0.000169675855432, 9.49173918343e-05, 1.17838308142e-05, 1.80251709025e-06, 3.18798038279e-06, 5.66619701203e-06, 7.81994060617e-07, 5.2305972531e-07, 3.06291269681e-07, 6.21859840066e-07, 4.33069828887e-07, 2.18955179321e-07, 3.41372555113e-07, 2.66211515054e-07, 1.43688964727e-07, 3.85928956348e-07, 4.64853457061e-07, 4.92576191391e-07, 1.01200078007e-06, 1.42212718401e-06, 2.26861970987e-06, 1.92466495719e-06, 4.32476872447e-06, 3.84884486948e-07], "max": [0.13709525764, 0.49155202508, 0.254389107227, 0.108479753137, 0.0889998376369, 0.0419204309583, 0.0276520885527, 0.0463360957801, 0.0506355948746, 0.0169684123248, 0.00895346980542, 0.00556963961571, 0.00542521523312, 0.00722264591604, 0.00796366482973, 0.00513663329184, 0.0118500636891, 0.0080719422549, 0.0140817025676, 0.0149475829676, 0.00704768532887, 0.00959412846714, 0.00733421137556, 0.0135444439948, 0.0209559686482, 0.0174636431038, 0.00512671563774], "mean": [0.0081047154963, 0.0675066784024, 0.0141654219478, 0.00518192956224, 0.0035378083121, 0.00146476994269, 0.000596152036451, 0.000779361464083, 0.000750050647184, 0.000364132516552, 0.000215802007006, 0.000208393728826, 0.000237448533881, 0.000170840023202, 0.000149736224557, 0.000197612942429, 0.0002067914902, 0.000187357378309, 0.000256936036749, 0.000269488606136, 0.000322652427712, 0.000426317128586, 0.000495028798468, 0.000582062872127, 0.000676618481521, 0.00078687153291, 0.000287208356895], "median": [0.00433174427599, 0.0536833107471, 0.00553276669234, 0.00228534452617, 0.00118170469068, 0.000447389436886, 0.000149593732203, 0.000254262733506, 0.000228358665481, 0.000119517353596, 7.0046975452e-05, 6.02235268161e-05, 6.77759235259e-05, 5.22170048498e-05, 5.37955856998e-05, 6.35712931398e-05, 7.01971148374e-05, 6.7088752985e-05, 7.55779692554e-05, 8.2007230958e-05, 7.36414367566e-05, 8.9771929197e-05, 0.00010663393914, 0.000115510221804, 0.000140459422255, 0.00013383795158, 4.48737118859e-05], "min": [1.61036329698e-23, 2.56627165199e-23, 2.66473332588e-23, 1.35697123457e-23, 2.37199651028e-23, 3.82662478062e-23, 5.08300757231e-23, 5.48750641442e-23, 7.50957464011e-23, 2.89728825856e-23, 8.67278854128e-23, 4.31057516875e-23, 8.25756497738e-23, 1.02470892197e-22, 1.53561443481e-22, 1.70405908348e-22, 1.24976973917e-22, 1.10648394735e-22, 1.67792973838e-22, 2.46190210413e-22, 5.7237152246e-22, 6.71485571692e-22, 7.57684516402e-22, 9.51378772497e-22, 1.12391449169e-21, 1.56255760668e-21, 2.53693587762e-21], "var": [0.000118649513752, 0.00313597661443, 0.000588355527725, 7.04851045157e-05, 4.19552052335e-05, 6.75789760862e-06, 1.89588172361e-06, 4.93209063279e-06, 4.42627879238e-06, 5.31131263415e-07, 1.74741302317e-07, 1.53538309178e-07, 2.09679839713e-07, 1.31410814674e-07, 8.08829270227e-08, 1.31545505155e-07, 2.07830652244e-07, 1.54545872988e-07, 3.61101911039e-07, 3.32915732315e-07, 3.83138342386e-07, 7.25378072275e-07, 8.09111384115e-07, 1.19489573081e-06, 1.75380512246e-06, 2.44260672844e-06, 3.58158814606e-07]}, "erbbands": {"dmean": [1.35713064671, 7.76554489136, 12.491437912, 11.9524946213, 10.9261760712, 9.97099018097, 10.4002313614, 8.5304813385, 6.28115224838, 7.48350811005, 11.8943090439, 12.2729682922, 10.987695694, 6.84474420547, 7.09825992584, 7.23004961014, 10.5225400925, 7.84021425247, 8.00227355957, 7.7367272377, 9.42889595032, 9.11222362518, 7.52248620987, 7.888484478, 11.2725124359, 9.34525966644, 9.95416736603, 10.8316307068, 11.7029857635, 13.7142572403, 10.9655590057, 9.98239040375, 7.6518907547, 5.37587308884, 4.02813482285, 2.45318388939, 1.69063818455, 0.241916447878, 0.0379033386707, 0.00263081304729], "dmean2": [2.24536752701, 13.2182922363, 21.4912090302, 20.3107337952, 18.4974308014, 16.7774486542, 17.5914993286, 14.5490121841, 10.3617973328, 12.0658321381, 18.4363327026, 20.1709690094, 17.2449436188, 11.3025274277, 11.9677991867, 11.5817937851, 18.2631149292, 13.2199316025, 13.2430772781, 12.7896223068, 15.5168018341, 13.8719367981, 11.6324958801, 12.2384576797, 17.1271152496, 14.2595186234, 15.1639089584, 16.1931228638, 17.4323368073, 21.3202171326, 16.5706710815, 15.2714691162, 11.4539766312, 7.31963920593, 5.65238142014, 3.53387475014, 2.64106249809, 0.315939337015, 0.0493203885853, 0.00334655679762], "dvar": [4.40337181091, 99.5667800903, 488.547088623, 470.478759766, 462.260070801, 389.087646484, 486.123199463, 289.019714355, 132.701675415, 306.205047607, 1305.39794922, 1285.49963379, 774.129089355, 236.715591431, 262.099700928, 202.420608521, 449.968597412, 346.173309326, 277.662353516, 290.844390869, 369.444885254, 352.167602539, 211.740890503, 259.852203369, 618.17175293, 386.127807617, 440.990081787, 492.469573975, 576.906433105, 839.573181152, 421.410217285, 450.583374023, 220.236740112, 94.6921920776, 57.7885017395, 25.2649173737, 15.7894439697, 0.261428654194, 0.00575430365279, 2.64210902969e-05], "dvar2": [12.5102539062, 301.834320068, 1359.27490234, 1243.67333984, 1263.36193848, 1008.5201416, 1334.9720459, 782.21661377, 322.753753662, 615.949035645, 2479.33837891, 2870.85864258, 1720.19262695, 623.061706543, 710.756225586, 485.563018799, 1195.140625, 913.530639648, 699.565307617, 772.223022461, 980.079589844, 753.068481445, 458.969024658, 612.064208984, 1254.6862793, 941.785461426, 943.709716797, 1024.45849609, 1158.10998535, 1958.81616211, 973.053894043, 1117.45678711, 492.796966553, 189.675369263, 121.887374878, 56.5544586182, 39.0696220398, 0.507235050201, 0.0102944606915, 4.79590416944e-05], "max": [21.3273391724, 96.2323913574, 264.619689941, 282.580780029, 332.949157715, 281.782958984, 345.256195068, 407.658569336, 400.918121338, 704.870544434, 1744.60852051, 1284.15454102, 983.129699707, 264.647888184, 430.658111572, 217.711090088, 249.73399353, 321.971038818, 277.789215088, 364.534545898, 282.161834717, 624.363891602, 428.255828857, 403.061431885, 804.339233398, 621.209594727, 398.35357666, 343.689941406, 394.527709961, 377.569519043, 218.109741211, 317.884887695, 261.345001221, 318.304473877, 103.659088135, 79.5155258179, 29.5380687714, 7.89192008972, 0.820134997368, 0.0691130310297], "mean": [2.32409930229, 13.0952415466, 20.8029270172, 16.1307373047, 13.6232128143, 12.5440225601, 12.3380851746, 10.9847574234, 8.63023662567, 11.1303386688, 18.8537769318, 16.4863986969, 17.8836250305, 8.29187488556, 8.48956203461, 8.76673984528, 10.7155437469, 8.38704776764, 8.65073394775, 9.14108943939, 10.8031053543, 11.3360834122, 10.4811182022, 10.8447828293, 14.0072517395, 12.3100328445, 12.5216283798, 14.0201950073, 15.0662088394, 15.6065673828, 13.4917631149, 12.0649709702, 9.70609664917, 7.0299782753, 5.11055374146, 2.9635643959, 1.73970091343, 0.302487820387, 0.047956649214, 0.00342736043967], "median": [1.51042807102, 10.6643981934, 12.8466043472, 7.3037610054, 5.99853420258, 3.94894933701, 3.75368356705, 3.56906080246, 2.21175456047, 3.65705132484, 6.40241956711, 5.41410493851, 5.70511674881, 2.84837627411, 3.06468057632, 2.76028633118, 3.23035478592, 2.76267385483, 2.97412180901, 3.70953416824, 3.82060360909, 4.04462337494, 4.01509571075, 3.72760081291, 3.99692058563, 4.07104682922, 3.05138921738, 3.20316839218, 3.24267959595, 3.10601139069, 3.09499835968, 2.39043354988, 1.93596756458, 1.41807079315, 1.0978320837, 0.588184118271, 0.230814933777, 0.0407716333866, 0.00750119891018, 0.000616546429228], "min": [1.76696441716e-21, 2.28710855142e-21, 1.90602882621e-20, 5.07902208546e-20, 6.76366135216e-20, 5.56197277856e-20, 2.81172984922e-19, 2.20790428717e-19, 5.28446247185e-19, 8.41523820977e-19, 1.66750119593e-18, 1.47722432264e-18, 1.50725594196e-18, 1.11476504855e-18, 3.96713464316e-18, 2.13534441743e-18, 4.17382515795e-18, 3.84700982024e-18, 1.05548808645e-17, 4.54760243416e-18, 1.02545836964e-17, 7.75941736689e-18, 6.39754803356e-18, 5.09700297572e-18, 1.19317577356e-17, 9.94434629896e-18, 2.06694716868e-17, 2.68133904282e-17, 2.56662431198e-17, 1.45375784973e-17, 2.26999502821e-17, 1.61996722067e-17, 1.85922325715e-17, 1.04419401052e-17, 9.46513658187e-18, 5.68173653714e-18, 3.15314301188e-18, 1.42856066682e-18, 3.4637236893e-19, 3.52562697828e-20], "var": [6.26243162155, 118.902381897, 705.678527832, 533.676940918, 492.128173828, 591.554443359, 533.336120605, 396.500427246, 322.669342041, 913.767578125, 2726.8527832, 2359.35302734, 1738.63696289, 238.765960693, 242.67477417, 251.836624146, 407.216217041, 290.168609619, 266.266815186, 266.708496094, 363.082458496, 555.186889648, 454.230438232, 496.657440186, 1047.06835938, 613.708618164, 667.019226074, 727.433044434, 901.798461914, 1020.92663574, 577.713439941, 523.745910645, 338.851501465, 224.653793335, 90.2224655151, 32.7248039246, 15.4978256226, 0.398099631071, 0.00978797767311, 4.83206167701e-05]}, "gfcc": {"mean": [13.749666214, 63.6641273499, -45.7149353027, 41.7167892456, -33.4465827942, 23.2008457184, -20.8004608154, 15.906006813, -14.1325445175, 3.93553900719, -14.1909723282, 0.175657212734, -10.3972978592], "cov": [[11776.5361328, -3078.01660156, 145.001907349, 68.9363098145, -727.889770508, 283.982757568, -315.254272461, 167.879165649, -379.857818604, 316.387634277, -389.369659424, 249.146148682, -252.200836182], [-3078.01660156, 3305.65795898, -256.167907715, -179.831771851, 474.586212158, -204.985137939, 219.153640747, -68.2388000488, 207.310089111, -220.576828003, 211.668670654, -126.207099915, 157.034729004], [145.001907349, -256.167907715, 2229.38378906, 268.116394043, 244.717880249, 348.459197998, 121.349250793, 79.2167282104, -5.48141002655, 109.93523407, -91.1014175415, 54.7060623169, -46.8856811523], [68.9363098145, -179.831771851, 268.116394043, 946.428222656, 214.318984985, 91.7118759155, 94.4593811035, 21.4991893768, 55.6085891724, -31.3919887543, 41.3010444641, -24.2672290802, 17.3525409698], [-727.889770508, 474.586212158, 244.717880249, 214.318984985, 572.388916016, 75.6522521973, 101.845848083, 8.27505493164, 54.4989929199, -30.4409408569, 49.3412895203, -1.31024718285, 27.2632808685], [283.982757568, -204.985137939, 348.459197998, 91.7118759155, 75.6522521973, 330.996002197, 119.667800903, 55.9808082581, -0.836607396603, 41.3677978516, -48.8288650513, -4.44608020782, -52.6063423157], [-315.254272461, 219.153640747, 121.349250793, 94.4593811035, 101.845848083, 119.667800903, 252.882232666, 55.3613090515, 72.7871856689, -4.2280664444, 8.9114818573, -38.8930282593, 0.746222913265], [167.879165649, -68.2388000488, 79.2167282104, 21.4991893768, 8.27505493164, 55.9808082581, 55.3613090515, 188.602050781, 44.8342323303, 24.5530357361, -17.1162528992, 5.63534498215, -11.5557327271], [-379.857818604, 207.310089111, -5.48141002655, 55.6085891724, 54.4989929199, -0.836607396603, 72.7871856689, 44.8342323303, 131.293045044, 1.36635923386, 28.6779499054, -26.0499229431, 30.9468898773], [316.387634277, -220.576828003, 109.93523407, -31.3919887543, -30.4409408569, 41.3677978516, -4.2280664444, 24.5530357361, 1.36635923386, 109.326835632, 0.760175645351, 25.686630249, -18.9391384125], [-389.369659424, 211.668670654, -91.1014175415, 41.3010444641, 49.3412895203, -48.8288650513, 8.9114818573, -17.1162528992, 28.6779499054, 0.760175645351, 109.086051941, 20.5320606232, 36.0457496643], [249.146148682, -126.207099915, 54.7060623169, -24.2672290802, -1.31024718285, -4.44608020782, -38.8930282593, 5.63534498215, -26.0499229431, 25.686630249, 20.5320606232, 82.4634094238, 20.3059902191], [-252.200836182, 157.034729004, -46.8856811523, 17.3525409698, 27.2632808685, -52.6063423157, 0.746222913265, -11.5557327271, 30.9468898773, -18.9391384125, 36.0457496643, 20.3059902191, 86.5713119507]], "icov": [[0.000138941060868, 3.70569287043e-05, 4.29096689913e-05, -8.11609643279e-05, 8.96123019629e-05, -2.4827559173e-05, 1.31975948534e-05, -6.50134315947e-05, 0.000146425838466, -0.000221902795602, 0.000422564044129, -0.000431258784374, 0.00014927709708], [3.70569287043e-05, 0.000618472520728, -5.61840934097e-05, 0.000334378884872, -0.000374325521989, 0.000214931642404, -0.000300512765534, 3.99608616135e-05, -0.000262059766101, 0.000838773907162, -0.000905105145648, 0.000808936310932, -0.000390657834942], [4.29096689913e-05, -5.61840934097e-05, 0.000635151751339, -0.000196130407858, -0.000150071995449, -0.000435385183664, -3.92486072087e-05, 1.8318369257e-05, 5.351746222e-05, -0.000635018630419, 0.000859448802657, -0.000753530242946, 5.65405898669e-05], [-8.11609643279e-05, 0.000334378884872, -0.000196130407858, 0.00150464079343, -0.000562290195376, -0.00014340254711, -0.000182720585144, -1.53331257025e-05, -0.000407670624554, 0.00107554602437, -0.00144837645348, 0.00124015600886, -0.000468129466753], [8.96123019629e-05, -0.000374325521989, -0.000150071995449, -0.000562290195376, 0.00256823096424, -0.000526978110429, -0.000207281220355, 8.15224484541e-05, -0.000181907831575, 0.000183677053428, -5.2683375543e-05, -0.0011649732478, 0.000255539547652], [-2.4827559173e-05, 0.000214931642404, -0.000435385183664, -0.00014340254711, -0.000526978110429, 0.00536210089922, -0.00253019481897, -0.00027900346322, 0.000509328965563, -0.000832449819427, 0.00132671464235, -0.00063890212914, 0.00197290023789], [1.31975948534e-05, -0.000300512765534, -3.92486072087e-05, -0.000182720585144, -0.000207281220355, -0.00253019481897, 0.00678060203791, -0.00102794868872, -0.00200773100369, 0.000150331165059, -0.000816641375422, 0.0022477703169, -0.000505576143041], [-6.50134315947e-05, 3.99608616135e-05, 1.8318369257e-05, -1.53331257025e-05, 8.15224484541e-05, -0.00027900346322, -0.00102794868872, 0.00685190036893, -0.00318663939834, -0.00036897463724, 0.00150917540304, -0.00235322071239, 0.00146137061529], [0.000146425838466, -0.000262059766101, 5.351746222e-05, -0.000407670624554, -0.000181907831575, 0.000509328965563, -0.00200773100369, -0.00318663939834, 0.013496468775, -0.00296077411622, -0.00162697932683, 0.00512483157218, -0.00502562802285], [-0.000221902795602, 0.000838773907162, -0.000635018630419, 0.00107554602437, 0.000183677053428, -0.000832449819427, 0.000150331165059, -0.00036897463724, -0.00296077411622, 0.0139907998964, -0.00371180730872, -0.00232961867005, 0.002869395772], [0.000422564044129, -0.000905105145648, 0.000859448802657, -0.00144837645348, -5.2683375543e-05, 0.00132671464235, -0.000816641375422, 0.00150917540304, -0.00162697932683, -0.00371180730872, 0.0167301949114, -0.00740215042606, -0.000800278619863], [-0.000431258784374, 0.000808936310932, -0.000753530242946, 0.00124015600886, -0.0011649732478, -0.00063890212914, 0.0022477703169, -0.00235322071239, 0.00512483157218, -0.00232961867005, -0.00740215042606, 0.0229510888457, -0.00837819743901], [0.00014927709708, -0.000390657834942, 5.65405898669e-05, -0.000468129466753, 0.000255539547652, 0.00197290023789, -0.000505576143041, 0.00146137061529, -0.00502562802285, 0.002869395772, -0.000800278619863, -0.00837819743901, 0.0188595876098]]}, "melbands": {"dmean": [0.0108459442854, 0.00750284316018, 0.00204034382477, 0.000704345642589, 0.000371908739908, 0.000190368431504, 9.74957438302e-05, 8.45721442602e-05, 9.83729041764e-05, 7.88199977251e-05, 5.34574792255e-05, 2.63543897745e-05, 2.56279927271e-05, 2.11354599742e-05, 2.16425960389e-05, 2.1379933969e-05, 1.45989151861e-05, 1.42317212521e-05, 1.00898650999e-05, 1.23548543343e-05, 1.14255853987e-05, 9.74740578386e-06, 8.67883500177e-06, 6.43626162855e-06, 6.53167762721e-06, 8.78136779647e-06, 7.30940109861e-06, 6.31178772892e-06, 6.73084514347e-06, 5.76832098886e-06, 6.77041180097e-06, 6.54220366414e-06, 7.31757427275e-06, 8.12581492937e-06, 6.58271119391e-06, 5.96001336817e-06, 6.48484547128e-06, 5.30088209416e-06, 5.19475406691e-06, 4.40118037659e-06], "dmean2": [0.0181034933776, 0.0128441639245, 0.00344666955061, 0.00119068229105, 0.000631891714875, 0.000321910192724, 0.000160682990099, 0.000134528148919, 0.000152888620505, 0.000129033665871, 8.39846688905e-05, 4.36515547335e-05, 4.32832457591e-05, 3.41165905411e-05, 3.65759588021e-05, 3.72064641851e-05, 2.48365977313e-05, 2.37535623455e-05, 1.69780887518e-05, 2.03343679459e-05, 1.90684368135e-05, 1.51126432684e-05, 1.36546614158e-05, 9.75508464762e-06, 1.04061100501e-05, 1.34527272166e-05, 1.13052556117e-05, 9.88564988802e-06, 1.05658255052e-05, 8.73633234733e-06, 1.03337142718e-05, 9.76677165454e-06, 1.13678033813e-05, 1.27848961711e-05, 1.02440626506e-05, 8.78033188201e-06, 1.00665592981e-05, 8.04889350547e-06, 7.6905316746e-06, 6.04518072578e-06], "dvar": [0.000240293651586, 0.000111382971227, 1.27187549879e-05, 2.05627407013e-06, 5.77392597734e-07, 1.35297526072e-07, 3.19932524917e-08, 4.30761204484e-08, 1.05694027752e-07, 4.9032628624e-08, 1.83573671819e-08, 3.58916785181e-09, 3.30899907475e-09, 1.8267947155e-09, 1.99514760268e-09, 1.9828594322e-09, 1.2851687492e-09, 9.19022025148e-10, 5.87710602407e-10, 8.09097788768e-10, 6.5650085368e-10, 4.05915134838e-10, 4.52468479351e-10, 2.12443937442e-10, 2.01351851858e-10, 4.50465553747e-10, 2.01818617374e-10, 2.09663314488e-10, 2.48164017114e-10, 1.46380102484e-10, 2.0244929344e-10, 1.69695091312e-10, 3.01947356007e-10, 2.84223922176e-10, 1.5269309428e-10, 1.34940558727e-10, 2.46898862466e-10, 1.17377024766e-10, 1.07383775483e-10, 6.40153277609e-11], "dvar2": [0.000701948243659, 0.000321446714224, 3.36930897902e-05, 5.45983675693e-06, 1.57849717652e-06, 3.61415885664e-07, 7.76591235763e-08, 8.16832539385e-08, 2.07493343396e-07, 1.09042900931e-07, 4.10774383397e-08, 9.43232691952e-09, 8.93946872083e-09, 4.53096360431e-09, 5.16705300768e-09, 5.26389243305e-09, 3.42325789937e-09, 2.35401698134e-09, 1.56481461122e-09, 2.08916262068e-09, 1.77844627913e-09, 8.8872620374e-10, 1.10635434147e-09, 4.08450662182e-10, 5.15430365056e-10, 8.61949567277e-10, 4.81834572241e-10, 5.32195010283e-10, 5.74656044972e-10, 3.04632541415e-10, 4.48171333378e-10, 3.43029465943e-10, 6.90981438733e-10, 6.73797295736e-10, 3.56315726924e-10, 3.30217186928e-10, 6.37971342421e-10, 2.69731320612e-10, 2.33419505946e-10, 1.27371516112e-10], "max": [0.15770688653, 0.103545531631, 0.0462354235351, 0.0231805965304, 0.00977858994156, 0.00857536867261, 0.00621216977015, 0.00848449300975, 0.0177206527442, 0.00865910574794, 0.00466102315113, 0.0009925783379, 0.00137491628993, 0.000755878863856, 0.00055348535534, 0.000535402505193, 0.000643387495074, 0.000462893338408, 0.000688966305461, 0.000536393315997, 0.000466845056508, 0.000547646428458, 0.000790483900346, 0.000508131983224, 0.000363762810593, 0.000770129903685, 0.000266100774752, 0.000499273301102, 0.000426571263233, 0.000229624536587, 0.000226525473408, 0.000187373414519, 0.00025587779237, 0.000208720040973, 0.000140061223647, 0.000144577803439, 0.000263711466687, 0.000151295840624, 0.00033497667755, 0.000232235892327], "mean": [0.0196162164211, 0.0137120867148, 0.00285220425576, 0.000901428691577, 0.000453278538771, 0.000250634271652, 0.000134386456921, 0.000129799285787, 0.000148924533278, 0.000105968050775, 8.62931701704e-05, 3.08342387143e-05, 2.88419214485e-05, 2.52665413427e-05, 2.31223402807e-05, 2.14124429476e-05, 1.50579162437e-05, 1.46006477735e-05, 1.11218696475e-05, 1.40520896821e-05, 1.23486533994e-05, 1.16323299153e-05, 1.08965596155e-05, 8.76432204677e-06, 8.45713748276e-06, 1.04811142592e-05, 8.97406061995e-06, 8.06212665339e-06, 7.93289109424e-06, 7.30678857508e-06, 8.48448598845e-06, 8.25682855066e-06, 8.73526641954e-06, 8.84219844011e-06, 7.89639670984e-06, 7.16907334208e-06, 7.4783506534e-06, 6.65312290948e-06, 6.49743105896e-06, 5.74536079512e-06], "median": [0.0143182128668, 0.0106936898082, 0.00135305000003, 0.000346113636624, 0.000153647968546, 8.03412549431e-05, 3.39413163601e-05, 4.58644426544e-05, 4.87666766276e-05, 3.3350999729e-05, 2.6745696232e-05, 9.43745635595e-06, 1.01470259324e-05, 7.23864104657e-06, 6.74295552017e-06, 6.36509412288e-06, 4.67603604193e-06, 4.54832479591e-06, 3.88399257645e-06, 4.58742442788e-06, 4.17511364503e-06, 3.97619533032e-06, 3.82214602723e-06, 3.12840893457e-06, 2.75459433396e-06, 2.65829180535e-06, 2.51515416494e-06, 2.54352607953e-06, 1.79042137916e-06, 1.6239426941e-06, 1.92691550183e-06, 1.79209541784e-06, 1.66786958289e-06, 1.67784060068e-06, 1.77648894351e-06, 1.51065216869e-06, 1.41458826874e-06, 1.31734759634e-06, 1.2860696188e-06, 1.09907182377e-06], "min": [1.20634889434e-23, 7.80233764589e-24, 9.32067400739e-24, 4.24651674446e-24, 7.99860702797e-24, 6.27061234268e-24, 8.55988471748e-24, 9.35237990489e-24, 1.46040856973e-23, 9.11123932566e-24, 7.30920018366e-24, 3.52270728164e-24, 1.3402200888e-23, 6.13342154266e-24, 7.53342758508e-24, 6.96184579443e-24, 6.73919138165e-24, 1.83390249615e-23, 7.63925012007e-24, 6.66794304241e-24, 1.29347140269e-23, 6.9262721119e-24, 8.50561187606e-24, 4.73087339597e-24, 3.52941930465e-24, 8.49152124257e-24, 7.23267199838e-24, 6.64562301196e-24, 1.08865605377e-23, 1.67440239418e-23, 1.51351941904e-23, 1.76554454327e-23, 7.83180396729e-24, 8.55378918927e-24, 1.39149541655e-23, 1.15777478411e-23, 9.1468469292e-24, 1.32915315916e-23, 1.10966657512e-23, 7.73175510526e-24], "var": [0.000326584005961, 0.000152064603753, 1.50533460328e-05, 2.54128190136e-06, 6.38184587842e-07, 1.96487917492e-07, 7.91420973201e-08, 1.33504983069e-07, 1.9102860449e-07, 9.69258167061e-08, 4.0114823463e-08, 3.6593843511e-09, 2.93901392112e-09, 2.25225393891e-09, 1.93447391439e-09, 1.74912917483e-09, 1.03269681695e-09, 8.26423984801e-10, 5.10507469631e-10, 8.0233036881e-10, 5.8355575927e-10, 5.99906568866e-10, 6.23599338834e-10, 4.41054331946e-10, 3.03598590712e-10, 7.997805751e-10, 2.79592848873e-10, 3.41395967052e-10, 3.47149808899e-10, 2.09551057062e-10, 2.72400241252e-10, 2.55694326823e-10, 4.02679001255e-10, 3.2858749055e-10, 2.02461020171e-10, 1.70013544909e-10, 2.47236897621e-10, 1.58703633568e-10, 2.09476935797e-10, 1.49489975954e-10]}, "mfcc": {"mean": [-653.442932129, 106.807029724, 46.7772216797, 34.817111969, 21.7399673462, 16.4100990295, 12.0477590561, 14.4958486557, 9.85949420929, 9.69132995605, 5.863904953, 4.28032779694, 1.37900459766], "cov": [[9141.69726562, -2106.80908203, -73.4235305786, -178.358581543, -375.10949707, -30.0318412781, -123.360420227, -124.704154968, -47.722820282, -54.5823097229, -40.9096641541, -86.5593414307, -49.1599960327], [-2106.80908203, 2799.07958984, -168.629592896, -91.2313919067, 130.184799194, -74.9658279419, 44.8603210449, 65.0897521973, 5.8584856987, -23.9346008301, 5.57955312729, -12.586224556, -19.7176208496], [-73.4235305786, -168.629592896, 1560.16381836, 200.519973755, 173.036590576, 248.475921631, 133.723510742, 61.9807472229, 126.211174011, 32.0589904785, 49.8142433167, 26.0537662506, 9.68734645844], [-178.358581543, -91.2313919067, 200.519973755, 724.502807617, 265.1534729, 134.729476929, 81.8823318481, 88.0108032227, 37.4178085327, 21.7228927612, 10.1854534149, 16.1052532196, 23.6746196747], [-375.10949707, 130.184799194, 173.036590576, 265.1534729, 397.07208252, 135.537841797, 92.8418502808, 71.4770355225, 31.2673377991, -3.92803001404, 3.52265787125, 16.3151264191, 27.6496944427], [-30.0318412781, -74.9658279419, 248.475921631, 134.729476929, 135.537841797, 317.320465088, 134.828704834, 59.3061218262, 58.6384086609, 13.8493537903, 37.728553772, 19.5891647339, 9.42185497284], [-123.360420227, 44.8603210449, 133.723510742, 81.8823318481, 92.8418502808, 134.828704834, 175.338119507, 91.1140441895, 52.0582771301, 30.9189453125, 45.4904098511, 23.6104774475, 5.55293226242], [-124.704154968, 65.0897521973, 61.9807472229, 88.0108032227, 71.4770355225, 59.3061218262, 91.1140441895, 161.903671265, 75.9484100342, 50.1303482056, 39.8931083679, 9.87045001984, 0.512949287891], [-47.722820282, 5.8584856987, 126.211174011, 37.4178085327, 31.2673377991, 58.6384086609, 52.0582771301, 75.9484100342, 139.429412842, 70.6382141113, 36.3273582458, 16.5543003082, 10.7304754257], [-54.5823097229, -23.9346008301, 32.0589904785, 21.7228927612, -3.92803001404, 13.8493537903, 30.9189453125, 50.1303482056, 70.6382141113, 105.776367188, 48.5082130432, 22.5452251434, 8.92203998566], [-40.9096641541, 5.57955312729, 49.8142433167, 10.1854534149, 3.52265787125, 37.728553772, 45.4904098511, 39.8931083679, 36.3273582458, 48.5082130432, 85.5965194702, 35.4072494507, 7.51325702667], [-86.5593414307, -12.586224556, 26.0537662506, 16.1052532196, 16.3151264191, 19.5891647339, 23.6104774475, 9.87045001984, 16.5543003082, 22.5452251434, 35.4072494507, 62.1660232544, 29.3158092499], [-49.1599960327, -19.7176208496, 9.68734645844, 23.6746196747, 27.6496944427, 9.42185497284, 5.55293226242, 0.512949287891, 10.7304754257, 8.92203998566, 7.51325702667, 29.3158092499, 60.4871635437]], "icov": [[0.00013912205759, 0.000102945232356, 9.36479136726e-06, 8.85198824108e-06, 8.46918337629e-05, -1.35920781759e-05, 5.58612191526e-06, 2.01109251066e-05, -5.55062397325e-05, 0.000115362709039, -8.19008346298e-05, 0.00019966137188, 1.06180623334e-05], [0.000102945232356, 0.000465085933683, 5.02204675286e-05, 0.000116291186714, -0.00017603264132, 0.00020482261607, -0.000146815655171, -9.90004919004e-05, -0.000135668931762, 0.000298280123388, -0.000193465137272, 0.000207825534744, 0.000147973652929], [9.36479136726e-06, 5.02204675286e-05, 0.00079109868966, -8.70143921929e-05, -0.000140923439176, -0.000350932677975, -0.000177652982529, 0.000326568551827, -0.000737291004043, 0.000313398777507, -0.000230020857998, 9.79891228781e-06, 0.000172353349626], [8.85198824108e-06, 0.000116291186714, -8.70143921929e-05, 0.00194999668747, -0.0011457700748, -0.000287619390292, 0.000210580241401, -0.000695500115398, 0.000406322360504, -0.000481061288156, 0.00034192201565, -6.31134098512e-05, -0.000162076277775], [8.46918337629e-05, -0.00017603264132, -0.000140923439176, -0.0011457700748, 0.00419734092429, -0.000883837230504, -0.000712950306479, -0.000827312294859, 8.58074781718e-05, 0.000817496096715, 0.000952290953137, -0.000189851270989, -0.00138814200182], [-1.35920781759e-05, 0.00020482261607, -0.000350932677975, -0.000287619390292, -0.000883837230504, 0.00565358251333, -0.00368366064504, 0.00111302384175, -0.00150223413948, 0.00141153228469, -0.00114065443631, 0.000420343800215, 7.2864255344e-05], [5.58612191526e-06, -0.000146815655171, -0.000177652982529, 0.000210580241401, -0.000712950306479, -0.00368366064504, 0.0120374588296, -0.00478035071865, 0.000596032128669, 3.08789421979e-05, -0.00199061119929, -0.00187191716395, 0.000782075454481], [2.01109251066e-05, -9.90004919004e-05, 0.000326568551827, -0.000695500115398, -0.000827312294859, 0.00111302384175, -0.00478035071865, 0.0118551710621, -0.00428716046736, -0.00108973507304, -0.0020597523544, 0.00214336928912, 0.000885436427779], [-5.55062397325e-05, -0.000135668931762, -0.000737291004043, 0.000406322360504, 8.58074781718e-05, -0.00150223413948, 0.000596032128669, -0.00428716046736, 0.0141709987074, -0.0077585298568, 0.00118424848188, 8.19380584289e-05, -0.00151022977661], [0.000115362709039, 0.000298280123388, 0.000313398777507, -0.000481061288156, 0.000817496096715, 0.00141153228469, 3.08789421979e-05, -0.00108973507304, -0.0077585298568, 0.0185903795063, -0.00717933895066, -0.000681103323586, -0.000401966128265], [-8.19008346298e-05, -0.000193465137272, -0.000230020857998, 0.00034192201565, 0.000952290953137, -0.00114065443631, -0.00199061119929, -0.0020597523544, 0.00118424848188, -0.00717933895066, 0.0218904316425, -0.0105211809278, 0.00294499867596], [0.00019966137188, 0.000207825534744, 9.79891228781e-06, -6.31134098512e-05, -0.000189851270989, 0.000420343800215, -0.00187191716395, 0.00214336928912, 8.19380584289e-05, -0.000681103323586, -0.0105211809278, 0.0286023914814, -0.0120415594429], [1.06180623334e-05, 0.000147973652929, 0.000172353349626, -0.000162076277775, -0.00138814200182, 7.2864255344e-05, 0.000782075454481, 0.000885436427779, -0.00151022977661, -0.000401966128265, 0.00294499867596, -0.0120415594429, 0.022966504097]]}, "spectral_contrast_coeffs": {"dmean": [0.0534063987434, 0.0504842624068, 0.0384780168533, 0.0310756359249, 0.0234288424253, 0.0223452765495], "dmean2": [0.0888665392995, 0.0830535665154, 0.0631429031491, 0.0502550527453, 0.0372085310519, 0.0332213491201], "dvar": [0.00197189184837, 0.00170997076202, 0.00102573214099, 0.000707102473825, 0.000395528244553, 0.000508327793796], "dvar2": [0.00553992204368, 0.00440464168787, 0.00263849669136, 0.00172481744085, 0.000954380840994, 0.00104657362681], "max": [-0.371505022049, -0.264595478773, -0.398690372705, -0.468930721283, -0.577457487583, -0.643201053143], "mean": [-0.657990336418, -0.755339801311, -0.802490890026, -0.816155731678, -0.810260415077, -0.800658643246], "median": [-0.663887739182, -0.765805900097, -0.811881065369, -0.822791278362, -0.814839839935, -0.801824688911], "min": [-0.953558683395, -0.963347256184, -0.979988336563, -0.989467859268, -0.977323710918, -0.961998701096], "var": [0.00606792187318, 0.00652622664347, 0.00393167184666, 0.00230055465363, 0.00175556610338, 0.00207141158171]}, "spectral_contrast_valleys": {"dmean": [0.393435567617, 0.485016286373, 0.4895426929, 0.497727543116, 0.503653645515, 0.497584372759], "dmean2": [0.634667396545, 0.780148327351, 0.745555996895, 0.749574482441, 0.675399422646, 0.616224169731], "dvar": [0.147728711367, 0.211701363325, 0.246375247836, 0.293570041656, 0.324924916029, 0.339869886637], "dvar2": [0.337693691254, 0.475216716528, 0.5011023283, 0.604899585247, 0.629639983177, 0.636468648911], "max": [-4.4976811409, -4.68169403076, -4.924647