{"lowlevel": {"average_loudness": 0.950725793839, "barkbands_crest": {"dmean": 2.61497879028, "dmean2": 4.34566879272, "dvar": 7.61617660522, "dvar2": 20.4748001099, "max": 25.2620697021, "mean": 10.3859872818, "median": 9.58791351318, "min": 2.55484986305, "var": 13.5277414322}, "barkbands_flatness_db": {"dmean": 0.0257312208414, "dmean2": 0.0370461456478, "dvar": 0.000621586397756, "dvar2": 0.00133927550633, "max": 0.61528211832, "mean": 0.175017654896, "median": 0.161991178989, "min": 0.0249816551805, "var": 0.00573571026325}, "barkbands_kurtosis": {"dmean": 5.31085634232, "dmean2": 8.3493642807, "dvar": 83.0574417114, "dvar2": 202.907302856, "max": 206.931793213, "mean": 9.43567752838, "median": 5.30730485916, "min": -1.88592529297, "var": 189.092575073}, "barkbands_skewness": {"dmean": 0.663433015347, "dmean2": 1.02560412884, "dvar": 0.631568729877, "dvar2": 1.52130651474, "max": 11.8109617233, "mean": 2.35096263885, "median": 2.18854188919, "min": -3.12955069542, "var": 1.89144015312}, "barkbands_spread": {"dmean": 4.92597007751, "dmean2": 7.51417446136, "dvar": 33.195941925, "dvar2": 75.0763549805, "max": 106.541885376, "mean": 17.1917114258, "median": 15.4347648621, "min": 0.213447645307, "var": 127.476600647}, "dissonance": {"dmean": 0.0154328495264, "dmean2": 0.0248169545084, "dvar": 0.000230999590713, "dvar2": 0.000565555761568, "max": 0.5, "mean": 0.457569599152, "median": 0.465550094843, "min": 0.127182275057, "var": 0.000985037069768}, "dynamic_complexity": 2.74419569969, "erbbands_crest": {"dmean": 2.2278854847, "dmean2": 3.54742908478, "dvar": 5.32845592499, "dvar2": 12.5092401505, "max": 28.6213626862, "mean": 8.99561595917, "median": 8.00681686401, "min": 2.43733644485, "var": 17.0800876617}, "erbbands_flatness_db": {"dmean": 0.0202532801777, "dmean2": 0.0272745378315, "dvar": 0.000421676697442, "dvar2": 0.000809243065305, "max": 0.502820670605, "mean": 0.166725635529, "median": 0.1554787606, "min": 0.0463099591434, "var": 0.00361283915117}, "erbbands_kurtosis": {"dmean": 1.02173876762, "dmean2": 1.57344663143, "dvar": 4.69142627716, "dvar2": 10.7424974442, "max": 77.7464294434, "mean": 0.330915153027, "median": -0.842671632767, "min": -1.87182450294, "var": 13.8418560028}, "erbbands_skewness": {"dmean": 0.403419643641, "dmean2": 0.588726520538, "dvar": 0.183018267155, "dvar2": 0.378733158112, "max": 7.71968698502, "mean": 0.448022156954, "median": 0.281939983368, "min": -4.31700468063, "var": 1.01695525646}, "erbbands_spread": {"dmean": 8.64815425873, "dmean2": 12.8832654953, "dvar": 83.8510284424, "dvar2": 180.923690796, "max": 152.104507446, "mean": 48.9163513184, "median": 48.8212776184, "min": 2.24981164932, "var": 334.945129395}, "hfc": {"dmean": 5.05530309677, "dmean2": 7.20609283447, "dvar": 72.4927215576, "dvar2": 168.016082764, "max": 93.125793457, "mean": 14.6856012344, "median": 11.6657962799, "min": 1.06885195025e-16, "var": 154.426147461}, "melbands_crest": {"dmean": 3.66501021385, "dmean2": 6.03214025497, "dvar": 17.3941802979, "dvar2": 44.6113510132, "max": 36.9343261719, "mean": 14.3343276978, "median": 13.0859680176, "min": 1.48915398121, "var": 29.3154773712}, "melbands_flatness_db": {"dmean": 0.0294815823436, "dmean2": 0.0426196306944, "dvar": 0.000876983336639, "dvar2": 0.00185879308265, "max": 0.737968981266, "mean": 0.252844423056, "median": 0.241039156914, "min": 0.00212073931471, "var": 0.00819885358214}, "melbands_kurtosis": {"dmean": 12.6713247299, "dmean2": 20.3967723846, "dvar": 540.793579102, "dvar2": 1350.35180664, "max": 474.381866455, "mean": 26.2318496704, "median": 17.2993144989, "min": -1.89903378487, "var": 937.012390137}, "melbands_skewness": {"dmean": 0.915589749813, "dmean2": 1.43887603283, "dvar": 1.41585695744, "dvar2": 3.5227124691, "max": 16.4846687317, "mean": 3.76204156876, "median": 3.47798228264, "min": -1.20083785057, "var": 3.15440058708}, "melbands_spread": {"dmean": 4.97650432587, "dmean2": 7.68054246902, "dvar": 46.5441474915, "dvar2": 106.572441101, "max": 161.227676392, "mean": 15.7810935974, "median": 11.762834549, "min": 0.352035611868, "var": 264.50994873}, "pitch_salience": {"dmean": 0.0788385272026, "dmean2": 0.128790155053, "dvar": 0.00674410210922, "dvar2": 0.0173285920173, "max": 0.894105732441, "mean": 0.583235025406, "median": 0.600938081741, "min": 0.0704561918974, "var": 0.0147260548547}, "silence_rate_20dB": {"dmean": 0, "dmean2": 0, "dvar": 0, "dvar2": 0, "max": 1, "mean": 1, "median": 1, "min": 1, "var": 0}, "silence_rate_30dB": {"dmean": 0.0556795038283, "dmean2": 0.111369810998, "dvar": 0.052584476769, "dvar2": 0.125356778502, "max": 1, "mean": 0.95751696825, "median": 1, "min": 0, "var": 0.0406761579216}, "silence_rate_60dB": {"dmean": 0.014550392516, "dmean2": 0.029103608802, "dvar": 0.0143393138424, "dvar2": 0.0315599255264, "max": 1, "mean": 0.0575169734657, "median": 0, "min": 0, "var": 0.0542024634778}, "spectral_centroid": {"dmean": 229.758850098, "dmean2": 345.00793457, "dvar": 75084.7734375, "dvar2": 157359.28125, "max": 11831.859375, "mean": 1155.08947754, "median": 984.173828125, "min": 167.619308472, "var": 1164916.25}, "spectral_complexity": {"dmean": 3.77572989464, "dmean2": 5.38746595383, "dvar": 24.9120349884, "dvar2": 45.5946578979, "max": 56, "mean": 15.2537345886, "median": 14, "min": 0, "var": 95.6522521973}, "spectral_decrease": {"dmean": 4.36136771143e-09, "dmean2": 7.01965818806e-09, "dvar": 7.28712039818e-17, "dvar2": 1.8318929781e-16, "max": 2.6177324933e-17, "mean": -8.13392375676e-09, "median": -6.04022343254e-09, "min": -6.57963923345e-08, "var": 7.38291717754e-17}, "spectral_energy": {"dmean": 0.0168390348554, "dmean2": 0.0270129088312, "dvar": 0.00106421567034, "dvar2": 0.00267297285609, "max": 0.25020340085, "mean": 0.0320312678814, "median": 0.024063564837, "min": 1.00953718301e-20, "var": 0.00109482964035}, "spectral_energyband_high": {"dmean": 0.000252169091254, "dmean2": 0.000352469389327, "dvar": 2.36476495274e-07, "dvar2": 4.68380164875e-07, "max": 0.00599068170413, "mean": 0.000455575587694, "median": 0.000196204055101, "min": 7.03846206076e-21, "var": 4.72748382663e-07}, "spectral_energyband_low": {"dmean": 0.0107318991795, "dmean2": 0.0178045872599, "dvar": 0.000916345859878, "dvar2": 0.00236121704802, "max": 0.232163131237, "mean": 0.0131045132875, "median": 0.00652094185352, "min": 5.51736495746e-24, "var": 0.000753085827455}, "spectral_energyband_middle_high": {"dmean": 0.00108887872193, "dmean2": 0.00164028652944, "dvar": 3.67794154954e-06, "dvar2": 9.14629345061e-06, "max": 0.0305903721601, "mean": 0.00299190660007, "median": 0.00190219702199, "min": 1.17823376231e-21, "var": 9.40343306866e-06}, "spectral_energyband_middle_low": {"dmean": 0.00715402327478, "dmean2": 0.0116478987038, "dvar": 0.000179120092071, "dvar2": 0.000472766230814, "max": 0.152557000518, "mean": 0.0164680480957, "median": 0.0135495830327, "min": 1.54933846885e-22, "var": 0.000211808262975}, "spectral_entropy": {"dmean": 0.219206422567, "dmean2": 0.309140712023, "dvar": 0.0526259616017, "dvar2": 0.103639528155, "max": 9.81911277771, "mean": 7.19775772095, "median": 7.26185035706, "min": 3.58195614815, "var": 0.414063125849}, "spectral_flux": {"dmean": 0.037954211235, "dmean2": 0.0570812895894, "dvar": 0.00281480653211, "dvar2": 0.0053656375967, "max": 0.443992733955, "mean": 0.0875905379653, "median": 0.065832555294, "min": 6.47101608409e-11, "var": 0.00558044342324}, "spectral_kurtosis": {"dmean": 2.74531912804, "dmean2": 4.62359189987, "dvar": 30.6072120667, "dvar2": 80.9036636353, "max": 279.149963379, "mean": 6.5055398941, "median": 4.3586397171, "min": -1.27904832363, "var": 122.599876404}, "spectral_rms": {"dmean": 0.00117629521992, "dmean2": 0.00177833728958, "dvar": 3.08694893647e-06, "dvar2": 7.15876831237e-06, "max": 0.0156237278134, "mean": 0.00505823548883, "median": 0.00484527088702, "min": 3.1383344274e-12, "var": 5.66445805816e-06}, "spectral_rolloff": {"dmean": 365.164276123, "dmean2": 626.037414551, "dvar": 457277.375, "dvar2": 1040970.3125, "max": 19724.4140625, "mean": 1076.72631836, "median": 430.6640625, "min": 43.06640625, "var": 3912515}, "spectral_skewness": {"dmean": 0.310748636723, "dmean2": 0.500059008598, "dvar": 0.159379586577, "dvar2": 0.41626110673, "max": 12.913028717, "mean": 1.60769426823, "median": 1.43574929237, "min": -0.0741165280342, "var": 0.768086791039}, "spectral_spread": {"dmean": 569746.5, "dmean2": 784633.3125, "dvar": 634775666688, "dvar2": 1248196165630.0, "max": 51411964, "mean": 4474227, "median": 4049665, "min": 284738.0625, "var": 13366282158100.0}, "spectral_strongpeak": {"dmean": 0.290283471346, "dmean2": 0.487104505301, "dvar": 0.130084976554, "dvar2": 0.315677851439, "max": 6.1752614975, "mean": 0.667636156082, "median": 0.528581857681, "min": 0, "var": 0.260860204697}, "zerocrossingrate": {"dmean": 0.00853225216269, "dmean2": 0.0102658905089, "dvar": 8.730431e-05, "dvar2": 0.000106686879008, "max": 0.62890625, "mean": 0.0484213493764, "median": 0.04150390625, "min": 0.001953125, "var": 0.00254755630158}, "barkbands": {"dmean": [0.00237790332176, 0.00804590806365, 0.0016445874935, 0.0012601618655, 0.00462093064561, 0.00213823490776, 0.000632908078842, 0.000241913963691, 0.000262881047092, 0.000165722172824, 0.000153394925292, 0.000164159719134, 0.000165371107869, 0.000126709812321, 0.000159057817655, 0.000191946412087, 0.000208353711059, 0.000175359629793, 0.000167591322679, 0.00012628872355, 6.99456577422e-05, 6.29800997558e-05, 4.28330386057e-05, 2.51728797593e-05, 1.51619233293e-05, 7.01263570591e-06, 3.94323251385e-06], "dmean2": [0.00412599788979, 0.0139199802652, 0.00281388591975, 0.0021120714955, 0.00782742165029, 0.00338081293739, 0.00104225554969, 0.000382569880458, 0.000410353910411, 0.000260854663793, 0.000255851598922, 0.000264725764282, 0.000266900809947, 0.000203182702535, 0.000253712612903, 0.00030314779724, 0.000329411035636, 0.00027891038917, 0.000258617743384, 0.000189564452739, 0.00010597777873, 9.28087538341e-05, 6.08308000665e-05, 3.43994797731e-05, 2.03489198611e-05, 1.01715659184e-05, 5.91895150137e-06], "dvar": [6.15845128777e-05, 0.000660353282001, 1.2554877685e-05, 6.19419461145e-06, 0.000111746143375, 9.97894676402e-06, 1.59116814302e-06, 2.63071626705e-07, 3.03668485913e-07, 1.99589777594e-07, 1.94513091856e-07, 2.02954424822e-07, 1.470658475e-07, 7.79405411322e-08, 9.46172349359e-08, 1.27367655978e-07, 1.22961822058e-07, 7.69296875092e-08, 6.33890167023e-08, 4.43953140916e-08, 2.12328075122e-08, 2.54441818726e-08, 8.3825879571e-09, 3.12034065253e-09, 1.26317067917e-09, 2.29851498945e-10, 1.06140186917e-10], "dvar2": [0.000159559218446, 0.00179749773815, 3.53806863131e-05, 1.66576355696e-05, 0.000303179083858, 2.47905918513e-05, 4.19583602707e-06, 6.45336001526e-07, 7.40592383863e-07, 4.78293941342e-07, 5.17262833455e-07, 5.17076216511e-07, 3.70301165731e-07, 1.98230566184e-07, 2.33483106626e-07, 3.1074264939e-07, 3.05140190449e-07, 1.93090855305e-07, 1.52626782324e-07, 9.60904245062e-08, 4.83730673295e-08, 5.64432021122e-08, 1.66006337565e-08, 6.28777341305e-09, 2.60997889967e-09, 5.01320318591e-10, 2.33119940019e-10], "max": [0.0704574808478, 0.200933232903, 0.0724272727966, 0.0579251535237, 0.122001446784, 0.0504756048322, 0.0186987929046, 0.0101525885984, 0.00850839540362, 0.00815935991704, 0.00890044867992, 0.0134085556492, 0.00554739031941, 0.0050539993681, 0.00655623525381, 0.0105748446658, 0.00604101642966, 0.00381703907624, 0.00347557803616, 0.00291627203114, 0.00264684041031, 0.00260970485397, 0.00227016676217, 0.0016082796501, 0.00171133549884, 0.000191427447135, 0.000129223320982], "mean": [0.00174054142553, 0.00762408645824, 0.0027953449171, 0.00269069941714, 0.00704789767042, 0.00477582775056, 0.00106653058901, 0.000390003871871, 0.000418799871113, 0.000222965696594, 0.000190726510482, 0.000246786716161, 0.000271932804026, 0.000199316433282, 0.000269801414106, 0.000353471084964, 0.000420182477683, 0.000336707977112, 0.000361658399925, 0.000264103611698, 0.000105418788735, 8.98716316442e-05, 6.95121125318e-05, 4.17263945565e-05, 2.39694745687e-05, 9.19216017792e-06, 4.31965872849e-06], "median": [3.33899843099e-05, 0.00240407884121, 0.00148989981972, 0.00157911237329, 0.00467489846051, 0.003249586327, 0.000503104412928, 0.00013011561532, 0.000164678873261, 6.13750817138e-05, 4.03814738092e-05, 5.23704802617e-05, 6.37932389509e-05, 6.50599686196e-05, 9.92167988443e-05, 0.000174146960489, 0.00020373868756, 0.000148827559315, 0.000164129436598, 6.78326323396e-05, 3.28640890075e-05, 2.34157232626e-05, 1.75974855665e-05, 1.32095565277e-05, 8.35082573758e-06, 2.42053329202e-06, 3.27449470205e-07], "min": [2.07316417633e-25, 1.84804432671e-24, 8.1735199732e-25, 1.21449770917e-24, 4.46191363691e-24, 8.24735380405e-24, 4.14884866465e-24, 4.77714876553e-24, 9.49446400912e-24, 1.00322170776e-23, 1.73732856641e-23, 3.57238847927e-23, 3.22531397789e-23, 3.21682741227e-23, 5.07114121103e-23, 6.31665539271e-23, 6.2157278974e-23, 1.03145633329e-22, 1.3771731735e-22, 1.50319136808e-22, 2.42242144598e-22, 3.47452510905e-22, 3.89590153557e-22, 6.10422083073e-22, 7.69862509294e-22, 1.23894268004e-21, 1.93671617681e-21], "var": [4.63994365418e-05, 0.000465012155473, 1.52612028614e-05, 1.30844855448e-05, 9.62202975643e-05, 2.53779126069e-05, 2.56606699622e-06, 4.5423249162e-07, 4.71308965189e-07, 2.63503437736e-07, 2.2304227798e-07, 3.93434589796e-07, 3.70305286879e-07, 1.32177731871e-07, 1.87980560895e-07, 2.48808760261e-07, 3.53475769543e-07, 1.9685067798e-07, 2.04324138053e-07, 1.37576023462e-07, 3.53052840296e-08, 3.55261278173e-08, 1.85226749494e-08, 6.18292084198e-09, 2.17449458439e-09, 3.12025599802e-10, 1.22427928906e-10]}, "erbbands": {"dmean": [0.355671435595, 1.41515934467, 2.06930875778, 2.88632440567, 10.6357746124, 17.5483360291, 16.55610466, 15.3982868195, 12.2003650665, 5.62439107895, 6.32721281052, 5.99288797379, 4.71223926544, 5.97594022751, 5.20242834091, 7.11348485947, 6.99335241318, 6.41190958023, 5.584233284, 11.3079195023, 8.96562004089, 10.1096525192, 9.10574531555, 9.4371137619, 6.69600963593, 6.00266313553, 3.74442315102, 2.29152417183, 2.35351800919, 1.80521023273, 1.11722004414, 0.656412959099, 0.362842977047, 0.234642580152, 0.0701449736953, 0.0291203446686, 0.0133273405954, 0.00418647145852, 0.000754943292122, 4.56539564766e-05], "dmean2": [0.623175621033, 2.55514526367, 3.61509609222, 4.84848833084, 18.2372722626, 29.9301872253, 25.87292099, 24.899723053, 20.0292034149, 9.29241275787, 9.61395835876, 9.38729381561, 7.46628475189, 9.5816822052, 8.56046772003, 11.2544746399, 11.1947154999, 10.2578210831, 8.77556610107, 18.0371685028, 13.9891347885, 15.8828029633, 14.2451963425, 14.6895313263, 10.1126155853, 8.9407453537, 5.73915481567, 3.42552781105, 3.49633741379, 2.58644652367, 1.61465156078, 0.913498818874, 0.494709283113, 0.315716147423, 0.0958526656032, 0.0418779999018, 0.0195773337036, 0.00624767038971, 0.00113388628233, 6.69626751915e-05], "dvar": [1.46782028675, 19.7027587891, 21.4374160767, 37.8762016296, 520.983093262, 1752.13427734, 617.204833984, 691.155029297, 535.262512207, 176.915481567, 162.992523193, 154.207046509, 172.576202393, 238.161697388, 193.482849121, 339.137634277, 267.654052734, 203.787033081, 153.65397644, 459.653564453, 263.660675049, 291.715698242, 203.734375, 211.817657471, 107.871032715, 106.431648254, 55.175113678, 28.2402019501, 35.2282562256, 17.0426559448, 6.02585601807, 1.979398489, 0.716708183289, 0.393740624189, 0.0190347097814, 0.00399458548054, 0.000882159452885, 0.000103651822428, 3.94673406845e-06, 8.05853694885e-09], "dvar2": [3.95114922523, 56.2864570618, 61.7875480652, 104.603668213, 1425.45495605, 4782.10742188, 1400.67248535, 1785.91418457, 1399.46105957, 480.544708252, 382.122802734, 385.977600098, 423.980895996, 601.687744141, 512.641723633, 839.74407959, 688.936157227, 516.094665527, 372.891967773, 1130.05786133, 638.163513184, 721.411010742, 506.364074707, 526.291442871, 247.33380127, 231.005279541, 130.142456055, 62.669960022, 78.8993530273, 33.7578659058, 12.642244339, 3.95562791824, 1.52046000957, 0.823916733265, 0.0387793630362, 0.00912573933601, 0.00193865282927, 0.00022696396627, 8.7263797468e-06, 1.71559619844e-08], "max": [9.52191352844, 38.4258728027, 66.4336242676, 209.138031006, 291.066375732, 441.484436035, 455.254058838, 459.250152588, 387.325012207, 197.924530029, 257.816467285, 213.452514648, 250.407669067, 311.322479248, 231.290649414, 524.690124512, 255.366165161, 241.469299316, 355.90814209, 519.540344238, 448.421600342, 342.591278076, 219.269195557, 186.725845337, 199.595870972, 150.802139282, 141.389007568, 90.0118637085, 95.148147583, 55.2417411804, 55.0842094421, 26.3112430573, 32.8411178589, 31.7799263, 4.80711221695, 1.42218148708, 0.346969813108, 0.136412858963, 0.0258890744299, 0.00126528146211], "mean": [0.275639086962, 1.47970438004, 3.44447374344, 6.44734764099, 15.8727588654, 24.9467697144, 36.3804092407, 32.4985160828, 21.4980697632, 8.70846939087, 11.1406488419, 10.0027036667, 6.72427272797, 8.00918579102, 7.23449468613, 12.0068397522, 12.3988447189, 10.2156791687, 9.52377510071, 21.3318023682, 19.342798233, 21.7140693665, 19.5079860687, 19.9644603729, 15.5035734177, 12.7135734558, 6.29811906815, 3.35366034508, 3.32414627075, 2.77788591385, 1.77921175957, 1.08791017532, 0.592458844185, 0.366196602583, 0.110425695777, 0.0412956178188, 0.0167642012239, 0.00478686951101, 0.00083489069948, 7.07413928467e-05], "median": [0.031877912581, 0.651398897171, 2.1860909462, 4.42492008209, 9.93665313721, 14.4093780518, 22.780002594, 18.7638645172, 9.44712162018, 3.77508759499, 4.22939014435, 4.42503499985, 2.37781977654, 2.51911449432, 2.36007118225, 2.89353990555, 3.14736032486, 3.74117994308, 3.54887366295, 9.50575447083, 9.9582233429, 10.8434085846, 9.80738639832, 9.82050514221, 6.14316558838, 3.18710064888, 2.30222010612, 1.01490092278, 0.857399940491, 0.703147411346, 0.450966656208, 0.322224885225, 0.192792922258, 0.120392307639, 0.0410528108478, 0.0136078428477, 0.00372932897881, 0.000601023959462, 7.74078725954e-05, 3.63494400517e-05], "min": [6.95235989981e-23, 3.68717701799e-22, 1.42273348798e-21, 5.05340145845e-21, 7.74068912541e-21, 2.15122293123e-20, 4.26707839828e-20, 1.06998642742e-19, 1.07638214915e-19, 1.13587304342e-19, 1.3603944186e-19, 2.57951905477e-19, 2.86204466094e-19, 6.7096124662e-19, 1.03838670631e-18, 1.4735142108e-18, 1.69630052293e-18, 1.66951755207e-18, 2.36211825711e-18, 3.50859451521e-18, 4.3030874315e-18, 3.76223621516e-18, 5.7756116105e-18, 5.99454605272e-18, 7.16998583318e-18, 8.28491611106e-18, 1.06176489837e-17, 9.36827207778e-18, 1.27856670353e-17, 1.26739885536e-17, 1.22526938871e-17, 1.17094364024e-17, 1.01033833523e-17, 7.05352459319e-18, 6.10633289506e-18, 4.2659809364e-18, 2.32103922712e-18, 9.25266448819e-19, 2.56309409124e-19, 2.6743187028e-20], "var": [1.02090096474, 12.7778673172, 20.5470275879, 68.4317169189, 469.304077148, 1469.50634766, 1747.546875, 1605.35620117, 1007.72174072, 191.128189087, 322.670593262, 249.558486938, 213.642745972, 298.919769287, 226.007995605, 810.068725586, 737.432861328, 308.696502686, 300.763763428, 957.706604004, 728.629943848, 818.438720703, 601.169494629, 590.157348633, 386.821136475, 328.176879883, 99.4038238525, 41.4853477478, 48.511592865, 30.722454071, 11.9362401962, 4.11657238007, 1.31028985977, 0.633651077747, 0.0346078313887, 0.00545593677089, 0.00115109409671, 0.000124692276586, 4.49431718152e-06, 1.04511395094e-08]}, "gfcc": {"mean": [-38.5254898071, 111.477340698, -102.174942017, 47.6280021667, -43.3232727051, -8.792760849, -46.1422538757, 0.80113452673, -23.5315113068, -6.94732427597, -9.94168281555, -0.758530318737, -6.57663011551], "cov": [[22177.6699219, -1236.57788086, -1390.60498047, 1242.60632324, -1222.92504883, 1097.23742676, -314.545715332, 186.155700684, -432.485168457, 371.494415283, -193.797332764, 206.021636963, -95.8023605347], [-1236.57788086, 1680.75683594, -410.621551514, -95.5657196045, 395.010559082, -478.376861572, 3.51674199104, -74.281463623, 56.3329124451, -188.568222046, 129.857894897, -156.048568726, 75.5731201172], [-1390.60498047, -410.621551514, 994.166381836, 14.8957157135, -24.6063899994, 201.055206299, 7.03218221664, -29.753534317, 130.657089233, 26.785112381, -59.8046417236, 96.62474823, -45.5763282776], [1242.60632324, -95.5657196045, 14.8957157135, 458.328735352, -127.537445068, 216.615966797, 35.7594718933, 30.7172431946, 48.002407074, 4.33938694, 9.88969135284, -8.87286472321, 32.7471122742], [-1222.92504883, 395.010559082, -24.6063899994, -127.537445068, 474.118682861, -179.356781006, 65.9875869751, 44.6242332458, 19.2143764496, -31.601940155, 23.4113063812, -24.7304725647, 11.6268815994], [1097.23742676, -478.376861572, 201.055206299, 216.615966797, -179.356781006, 517.391662598, 83.0565795898, -20.7339420319, 22.4115428925, 78.3780975342, -6.86782693863, 36.3785629272, -11.5482759476], [-314.545715332, 3.51674199104, 7.03218221664, 35.7594718933, 65.9875869751, 83.0565795898, 188.914123535, 24.0163326263, -7.18698310852, 24.0170822144, 22.9789924622, -20.5530033112, 9.71526813507], [186.155700684, -74.281463623, -29.753534317, 30.7172431946, 44.6242332458, -20.7339420319, 24.0163326263, 147.402709961, 9.1378660202, 23.1227149963, -12.3895578384, 3.76624274254, 7.56387710571], [-432.485168457, 56.3329124451, 130.657089233, 48.002407074, 19.2143764496, 22.4115428925, -7.18698310852, 9.1378660202, 168.967041016, -4.36804294586, 6.78606843948, 12.1194982529, 17.4175338745], [371.494415283, -188.568222046, 26.785112381, 4.33938694, -31.601940155, 78.3780975342, 24.0170822144, 23.1227149963, -4.36804294586, 121.077056885, 24.1028766632, 30.6925601959, -14.2068052292], [-193.797332764, 129.857894897, -59.8046417236, 9.88969135284, 23.4113063812, -6.86782693863, 22.9789924622, -12.3895578384, 6.78606843948, 24.1028766632, 108.280555725, 12.3961381912, 11.8582868576], [206.021636963, -156.048568726, 96.62474823, -8.87286472321, -24.7304725647, 36.3785629272, -20.5530033112, 3.76624274254, 12.1194982529, 30.6925601959, 12.3961381912, 88.5151977539, 4.36412191391], [-95.8023605347, 75.5731201172, -45.5763282776, 32.7471122742, 11.6268815994, -11.5482759476, 9.71526813507, 7.56387710571, 17.4175338745, -14.2068052292, 11.8582868576, 4.36412191391, 65.0910186768]], "icov": [[0.000112205911137, -0.000139903888339, 0.000231251236983, -0.000262433983153, 0.00014475347416, -0.000242275142227, 0.000211045015021, -0.00014892416948, 0.000240623819991, -0.000319363985909, 0.000497804081533, -0.000600570871029, 0.000353980343789], [-0.000139903888339, 0.00187811092474, -5.73420184082e-05, 0.000113648711704, -0.00105204514693, 0.00125020137057, -0.000199848029297, 0.00118734373245, -0.00101321889088, 0.0017147542676, -0.00255750794895, 0.00277023855597, -0.0012566348305], [0.000231251236983, -5.73420184082e-05, 0.00206714891829, -0.00048968673218, 9.60812667472e-06, -0.000805605901405, 9.58052332862e-05, 0.000286047317786, -0.000835898914374, -0.00026291582617, 0.00184324698057, -0.00274845166132, 0.00192328030244], [-0.000262433983153, 0.000113648711704, -0.00048968673218, 0.00398860033602, 0.000432808097685, -0.0010443147039, -0.00041329630767, -0.00100290682167, -0.00116922066081, 0.00148921343498, -0.00170544814318, 0.00223108287901, -0.00215307832696], [0.00014475347416, -0.00105204514693, 9.60812667472e-06, 0.000432808097685, 0.00366271380335, 0.000122572411783, -0.0012080471497, -0.00156327534933, 0.000170008948771, -0.000413243455114, 0.000945819425397, -0.00144879485015, 0.000742101517972], [-0.000242275142227, 0.00125020137057, -0.000805605901405, -0.0010443147039, 0.000122572411783, 0.00479640299454, -0.00225891754963, 0.0019934384618, -0.000971788540483, -0.000317804398946, -0.00126685702708, 0.00144598807674, -0.000587700749747], [0.000211045015021, -0.000199848029297, 9.58052332862e-05, -0.00041329630767, -0.0012080471497, -0.00225891754963, 0.00795434135944, -0.00143070914783, 0.00146640266757, -0.00153227359988, -0.000888385286089, 0.00201778928749, -0.00108857045416], [-0.00014892416948, 0.00118734373245, 0.000286047317786, -0.00100290682167, -0.00156327534933, 0.0019934384618, -0.00143070914783, 0.00925408210605, -0.00134960142896, -0.00144235312473, 0.000854346959386, 0.000673270900734, -0.00127626396716], [0.000240623819991, -0.00101321889088, -0.000835898914374, -0.00116922066081, 0.000170008948771, -0.000971788540483, 0.00146640266757, -0.00134960142896, 0.00827163737267, -0.00105743866879, 0.000750162464101, -0.00151749653742, -0.00121044414118], [-0.000319363985909, 0.0017147542676, -0.00026291582617, 0.00148921343498, -0.000413243455114, -0.000317804398946, -0.00153227359988, -0.00144235312473, -0.00105743866879, 0.0138824023306, -0.0058577475138, 5.82833854423e-06, 0.00139920262154], [0.000497804081533, -0.00255750794895, 0.00184324698057, -0.00170544814318, 0.000945819425397, -0.00126685702708, -0.000888385286089, 0.000854346959386, 0.000750162464101, -0.0058577475138, 0.0163420941681, -0.00774497631937, 0.00155310647096], [-0.000600570871029, 0.00277023855597, -0.00274845166132, 0.00223108287901, -0.00144879485015, 0.00144598807674, 0.00201778928749, 0.000673270900734, -0.00151749653742, 5.82833854423e-06, -0.00774497631937, 0.0218625757843, -0.00665874918923], [0.000353980343789, -0.0012566348305, 0.00192328030244, -0.00215307832696, 0.000742101517972, -0.000587700749747, -0.00108857045416, -0.00127626396716, -0.00121044414118, 0.00139920262154, 0.00155310647096, -0.00665874918923, 0.0206397250295]]}, "melbands": {"dmean": [0.00269124144688, 0.00132825912442, 0.000614550022874, 0.00117119355127, 0.000541086192243, 0.000361312646419, 0.000172418847797, 5.53030949959e-05, 5.49031392438e-05, 3.45183325408e-05, 2.35443076235e-05, 2.42651385634e-05, 1.98699381144e-05, 1.79965663847e-05, 1.91019116755e-05, 1.42578574014e-05, 1.24051512103e-05, 9.455129657e-06, 1.23137488117e-05, 1.58375241881e-05, 1.12240213639e-05, 1.12332572826e-05, 1.1754512343e-05, 8.32545174489e-06, 8.41008386487e-06, 5.81442918701e-06, 4.66974688607e-06, 4.1482112465e-06, 2.76174250757e-06, 1.5860593976e-06, 1.33648927658e-06, 1.36105757065e-06, 1.33253342938e-06, 9.47114301653e-07, 7.34080060738e-07, 4.77517971831e-07, 3.92877382183e-07, 2.76001429711e-07, 2.22355566848e-07, 2.02029895036e-07], "dmean2": [0.00460550980642, 0.00235849572346, 0.00103279144969, 0.00200935429893, 0.000856803206261, 0.00058023177553, 0.000282160879578, 9.16374920052e-05, 8.30467033666e-05, 5.44062750123e-05, 3.74116825697e-05, 3.89900487789e-05, 3.27849593305e-05, 2.91150827252e-05, 3.07297814288e-05, 2.31569101743e-05, 1.99392179638e-05, 1.49239722305e-05, 1.96600958589e-05, 2.5339104468e-05, 1.75629429577e-05, 1.78230948222e-05, 1.86807192222e-05, 1.339757182e-05, 1.32309978653e-05, 9.06050991034e-06, 7.02134730091e-06, 6.30666545476e-06, 4.32232218373e-06, 2.42654414251e-06, 2.0292982299e-06, 2.07447942557e-06, 1.998425887e-06, 1.37704500958e-06, 1.09459858777e-06, 7.02340514636e-07, 5.53063784992e-07, 3.86719364087e-07, 3.11781604978e-07, 2.81019708837e-07], "dvar": [7.71533814259e-05, 1.16369010357e-05, 1.20511776913e-06, 8.11750942376e-06, 6.75829085139e-07, 3.52084498445e-07, 1.06514065124e-07, 1.66207918539e-08, 1.15316876048e-08, 5.243352863e-09, 4.40604974727e-09, 3.94991239716e-09, 3.13840753385e-09, 2.4766126927e-09, 2.06246042467e-09, 1.04763719921e-09, 8.12577116704e-10, 4.81109097006e-10, 5.74702174738e-10, 9.6491692414e-10, 4.29975860472e-10, 4.20073892338e-10, 3.61965291074e-10, 1.81797077392e-10, 1.77494574594e-10, 8.40930450274e-11, 5.89538903806e-11, 5.3890735624e-11, 3.12693551607e-11, 1.17977624198e-11, 1.05892733818e-11, 1.24012952685e-11, 1.15487766919e-11, 4.42027404263e-12, 2.76086098427e-12, 1.16593637956e-12, 7.34982604292e-13, 3.40658680735e-13, 5.22787921894e-13, 4.16391801681e-13], "dvar2": [0.000204891301109, 3.34848227794e-05, 3.32061858899e-06, 2.21634236368e-05, 1.61686921274e-06, 9.03501415905e-07, 2.77104476254e-07, 4.49072459219e-08, 2.67238533525e-08, 1.30909185714e-08, 1.08672901789e-08, 9.86651205181e-09, 8.21637513582e-09, 6.4352816409e-09, 5.15816678259e-09, 2.73426725705e-09, 2.05949013399e-09, 1.16870024769e-09, 1.41207623372e-09, 2.37257080649e-09, 1.03988206934e-09, 1.05337982781e-09, 8.87517781489e-10, 4.73339423213e-10, 4.47436976359e-10, 2.03728769965e-10, 1.29412827676e-10, 1.20506687962e-10, 7.50943057737e-11, 2.73452736149e-11, 2.41351435365e-11, 2.91480693748e-11, 2.57672685272e-11, 8.73975718185e-12, 5.98369747848e-12, 2.6031622604e-12, 1.49015522144e-12, 6.88449568621e-13, 1.28481264256e-12, 9.80421039493e-13], "max": [0.0674954429269, 0.0313885472715, 0.0293371919543, 0.0315168201923, 0.01265716739, 0.00926803983748, 0.00534172076732, 0.00186338124331, 0.0019483017968, 0.0012446208857, 0.00127401703503, 0.00134531781077, 0.00119198916946, 0.00133078626823, 0.000943411898334, 0.00055149657419, 0.000515131221619, 0.000634778756648, 0.000446182733867, 0.001045157318, 0.000480429793242, 0.00045958760893, 0.000303161708871, 0.00019867568335, 0.000190967402887, 0.000163374221302, 0.000108145424747, 0.000114937502076, 9.21344471863e-05, 7.11893299012e-05, 6.18742560619e-05, 6.42476661596e-05, 6.18992489763e-05, 3.98523479817e-05, 3.91312642023e-05, 2.8431384635e-05, 1.92201223399e-05, 1.2127527043e-05, 4.06759536418e-05, 4.09315471188e-05], "mean": [0.00234465044923, 0.00188236346003, 0.00132701906841, 0.0015886775218, 0.00119992799591, 0.000781076261774, 0.000300346349832, 8.16537067294e-05, 9.52797636273e-05, 5.63091671211e-05, 3.20075596392e-05, 3.1884850614e-05, 2.58945383393e-05, 2.69730899163e-05, 3.38019235642e-05, 2.18398890866e-05, 1.90169412235e-05, 1.46616430357e-05, 2.09882691706e-05, 2.84894413198e-05, 2.25899839279e-05, 2.25360126933e-05, 2.18340301217e-05, 1.60553099704e-05, 1.63356435223e-05, 1.21932644106e-05, 1.02862886706e-05, 7.85169140727e-06, 4.43042199549e-06, 2.30869795814e-06, 1.81413872724e-06, 1.8245522142e-06, 1.85531689567e-06, 1.45315448208e-06, 1.10095061245e-06, 7.61744104238e-07, 6.21949823199e-07, 4.32423547636e-07, 3.41000628623e-07, 3.00424517263e-07], "median": [0.000501605623867, 0.00121840345673, 0.00100800441578, 0.000961938872933, 0.000803190108854, 0.000479821843328, 0.000126550105051, 3.58959150617e-05, 3.96330506192e-05, 2.294135993e-05, 9.79815195024e-06, 9.20419915929e-06, 6.42141776552e-06, 5.77346554564e-06, 6.98232179275e-06, 6.78534797771e-06, 6.45448926662e-06, 4.33492368757e-06, 7.78579669714e-06, 1.34809342853e-05, 8.60707041284e-06, 1.01150508272e-05, 1.00693905551e-05, 6.54808263789e-06, 7.65871754993e-06, 5.39899019714e-06, 2.7769128792e-06, 1.83243946594e-06, 1.4671406916e-06, 6.51734808343e-07, 4.73955651614e-07, 4.77143771604e-07, 4.41398356088e-07, 3.62690343536e-07, 2.62983974153e-07, 2.11631771663e-07, 1.78434603981e-07, 1.37006821888e-07, 1.09781929325e-07, 9.66508366673e-08], "min": [7.12541620173e-25, 6.2122638514e-25, 1.17137541664e-24, 1.26892132162e-24, 1.44530144952e-24, 2.1224342098e-24, 1.53554713708e-24, 1.12038985722e-24, 9.71819541424e-25, 1.30341525078e-24, 1.23768371168e-24, 1.94979436728e-24, 2.54879282147e-24, 2.9787334533e-24, 3.17742168013e-24, 2.74553453402e-24, 2.44564945533e-24, 3.05114200972e-24, 3.79400285783e-24, 3.71292452286e-24, 5.12507152904e-24, 3.24622100069e-24, 5.04267342977e-24, 4.31017624179e-24, 3.82865002322e-24, 4.75785519994e-24, 4.55048181176e-24, 4.73847604294e-24, 5.7167333796e-24, 4.88475254844e-24, 4.86575598898e-24, 5.77656256281e-24, 4.95221080546e-24, 5.44112983401e-24, 6.16221338797e-24, 6.17842724059e-24, 6.71250106178e-24, 5.78518560136e-24, 5.46483510421e-24, 5.87417936666e-24], "var": [5.62374953006e-05, 8.68822917255e-06, 2.01523653232e-06, 6.43782504994e-06, 1.62625417488e-06, 8.40326151774e-07, 2.05196826641e-07, 1.72082366134e-08, 2.18651052819e-08, 8.33750668505e-09, 5.3735158545e-09, 5.09340969401e-09, 3.77553099895e-09, 4.7698551775e-09, 5.73452485497e-09, 1.81302062252e-09, 1.19516285757e-09, 9.30844179514e-10, 1.1058118865e-09, 1.69298641772e-09, 1.43360046057e-09, 1.04377861909e-09, 9.41247302322e-10, 4.46599951465e-10, 4.40480235619e-10, 2.40350961356e-10, 2.15822540395e-10, 1.37672734324e-10, 5.33507509004e-11, 1.91324837917e-11, 1.42473229395e-11, 1.549039369e-11, 1.59329372612e-11, 8.66007352635e-12, 4.98624188813e-12, 2.15458206831e-12, 1.47059046798e-12, 6.75785436725e-13, 6.48174439469e-13, 5.23394261959e-13]}, "mfcc": {"mean": [-674.949157715, 130.711334229, 7.17707538605, 48.1006011963, 19.5405578613, -2.45221877098, -5.97717571259, -0.205098390579, -9.59786510468, -5.22667264938, -6.19696760178, -4.53577232361, -0.721258163452], "cov": [[10109.3681641, -212.440734863, -575.392822266, 320.953613281, -286.192443848, 302.132202148, 282.454956055, 66.4968948364, 20.6221027374, 266.693572998, 61.1657485962, 96.7024993896, 85.4972839355], [-212.440734863, 1228.93164062, -345.901306152, 202.727111816, 209.173294067, -119.271888733, 47.5516777039, -12.147819519, -50.4787025452, -13.3650693893, -0.822543442249, -13.1142921448, 21.9283218384], [-575.392822266, -345.901306152, 877.703552246, -76.6499633789, -11.0501012802, 191.751174927, -122.942802429, 43.600227356, 59.8648757935, -72.808631897, 26.8981342316, 44.8028907776, -14.6325798035], [320.953613281, 202.727111816, -76.6499633789, 307.712127686, 79.8284454346, -29.8651504517, 51.7517356873, 39.1767807007, 31.4675140381, 41.083984375, -5.57475280762, 30.4313640594, 29.3402786255], [-286.192443848, 209.173294067, -11.0501012802, 79.8284454346, 233.555999756, -6.59556484222, -29.5081634521, 40.7221794128, 24.7994060516, -5.86521959305, 14.9334754944, -7.00313425064, 11.2418756485], [302.132202148, -119.271888733, 191.751174927, -29.8651504517, -6.59556484222, 317.885314941, 80.8827209473, 36.745174408, 37.7283477783, 30.6889038086, 33.6602287292, 41.2832832336, 7.48531675339], [282.454956055, 47.5516777039, -122.942802429, 51.7517356873, -29.5081634521, 80.8827209473, 239.524520874, 20.1809520721, 3.97161769867, 61.9302482605, 11.1306066513, 29.0608234406, 19.9537677765], [66.4968948364, -12.147819519, 43.600227356, 39.1767807007, 40.7221794128, 36.745174408, 20.1809520721, 109.150436401, 54.6503181458, 14.1894598007, 8.01039123535, 4.67510128021, 11.8616523743], [20.6221027374, -50.4787025452, 59.8648757935, 31.4675140381, 24.7994060516, 37.7283477783, 3.97161769867, 54.6503181458, 113.791297913, 40.14087677, 5.6015868187, 7.99589395523, 1.37010169029], [266.693572998, -13.3650693893, -72.808631897, 41.083984375, -5.86521959305, 30.6889038086, 61.9302482605, 14.1894598007, 40.14087677, 109.364089966, 35.4241523743, 10.8503904343, 2.75007820129], [61.1657485962, -0.822543442249, 26.8981342316, -5.57475280762, 14.9334754944, 33.6602287292, 11.1306066513, 8.01039123535, 5.6015868187, 35.4241523743, 82.6730880737, 32.1590919495, 1.09807705879], [96.7024993896, -13.1142921448, 44.8028907776, 30.4313640594, -7.00313425064, 41.2832832336, 29.0608234406, 4.67510128021, 7.99589395523, 10.8503904343, 32.1590919495, 85.5853042603, 33.909198761], [85.4972839355, 21.9283218384, -14.6325798035, 29.3402786255, 11.2418756485, 7.48531675339, 19.9537677765, 11.8616523743, 1.37010169029, 2.75007820129, 1.09807705879, 33.909198761, 73.1394958496]], "icov": [[0.000127282371977, 3.09163187922e-05, 0.000126581362565, -0.000185450277058, 0.000216627959162, -0.000202000621357, 9.52079280978e-05, -0.000105271610664, 9.47185035329e-05, -0.000140087227919, -5.68407594983e-05, 1.14822205433e-05, -8.08407785371e-05], [3.09163187922e-05, 0.00123431172688, 0.000404563412303, -0.000642810133286, -0.000903873122297, 5.89884111832e-05, -0.000263514812104, 0.000338758749422, 0.000317477184581, 0.000623589381576, -0.00040861783782, 0.000197120039957, -3.22047599184e-05], [0.000126581362565, 0.000404563412303, 0.00211081304587, -0.000372412527213, 0.000328974274453, -0.00141520332545, 0.00113484158646, -0.000354776828317, -0.000851698801853, 0.00174193165731, -0.000818269036245, -0.000718281662557, 0.000440387841081], [-0.000185450277058, -0.000642810133286, -0.000372412527213, 0.00517819402739, -0.00159107847139, 0.00121837260667, -0.000706538034137, -0.00105728243943, -0.0001712928497, -0.00222022039816, 0.00257563730702, -0.00262926472351, 8.84228302311e-06], [0.000216627959162, -0.000903873122297, 0.000328974274453, -0.00159107847139, 0.00678134150803, -0.00086847966304, 0.00138294859789, -0.00169573083986, -0.00103754096199, 0.0012453988893, -0.00249114981852, 0.00197294261307, -0.00123856624123], [-0.000202000621357, 5.89884111832e-05, -0.00141520332545, 0.00121837260667, -0.00086847966304, 0.00522116618231, -0.0022694109939, -0.000414060923504, -0.000437279784819, -0.000765930395573, -0.000109454595076, -0.00120234757196, 0.000328055873979], [9.52079280978e-05, -0.000263514812104, 0.00113484158646, -0.000706538034137, 0.00138294859789, -0.0022694109939, 0.00685015926138, -0.00171990960371, 0.00162577931769, -0.00302273849957, 0.00126050342806, -0.00165392982308, -0.000260960281594], [-0.000105271610664, 0.000338758749422, -0.000354776828317, -0.00105728243943, -0.00169573083986, -0.000414060923504, -0.00171990960371, 0.0140918418765, -0.00648696254939, 0.00250704400241, -0.00215418403968, 0.00261278264225, -0.00229025748558], [9.47185035329e-05, 0.000317477184581, -0.000851698801853, -0.0001712928497, -0.00103754096199, -0.000437279784819, 0.00162577931769, -0.00648696254939, 0.0154110621661, -0.00746491225436, 0.0039554242976, -0.00217611459084, 0.00144665176049], [-0.000140087227919, 0.000623589381576, 0.00174193165731, -0.00222022039816, 0.0012453988893, -0.000765930395573, -0.00302273849957, 0.00250704400241, -0.00746491225436, 0.0186002142727, -0.00916647538543, 0.00347955338657, -0.00051414250629], [-5.68407594983e-05, -0.00040861783782, -0.000818269036245, 0.00257563730702, -0.00249114981852, -0.000109454595076, 0.00126050342806, -0.00215418403968, 0.0039554242976, -0.00916647538543, 0.0203071888536, -0.0092250816524, 0.00363424816169], [1.14822205433e-05, 0.000197120039957, -0.000718281662557, -0.00262926472351, 0.00197294261307, -0.00120234757196, -0.00165392982308, 0.00261278264225, -0.00217611459084, 0.00347955338657, -0.0092250816524, 0.0209605135024, -0.0089835524559], [-8.08407785371e-05, -3.22047599184e-05, 0.000440387841081, 8.84228302311e-06, -0.00123856624123, 0.000328055873979, -0.000260960281594, -0.00229025748558, 0.00144665176049, -0.00051414250629, 0.00363424816169, -0.0089835524559, 0.0185632985085]]}, "spectral_contrast_coeffs": {"dmean": [0.0540437623858, 0.0500533767045, 0.0375331416726, 0.0324534066021, 0.0281027462333, 0.0210451278836], "dmean2": [0.0866950899363, 0.0795244500041, 0.0606524795294, 0.0512962527573, 0.0437757633626, 0.0331524945796], "dvar": [0.00259069609456, 0.00198264117353, 0.001019173651, 0.000810729572549, 0.000701760058291, 0.000518421293236], "dvar2": [0.00629236968234, 0.00473231356591, 0.00249518710189, 0.00188388023525, 0.00151737441774, 0.00125963904429], "max": [-0.237241879106, -0.354133307934, -0.484752595425, -0.530119419098, -0.531094193459, -0.616876840591], "mean": [-0.599388599396, -0.660617232323, -0.78117698431, -0.769853115082, -0.760258674622, -0.777186155319], "median": [-0.604002833366, -0.663044452667, -0.786164045334, -0.776637911797, -0.763903081417, -0.777226805687], "min": [-0.981562316418, -0.980755448341, -0.975151956081, -0.969207525253, -0.967221975327, -0.965738654137], "var": [0.00878222752362, 0.00825387891382, 0.00401827227324, 0.00414070161059, 0.00397644750774, 0.00202999310568]}, "spectral_contrast_valleys": {"dmean": [0.428559452295, 0.430539488792, 0.403880208731, 0.386901646852, 0.379941940308, 0.421804100275], "dmean2": [0.684668660164, 0.661736130714, 0.621909618378, 0.572848379612, 0.536878705025, 0.532435774803], "dvar": [0.17478428781, 0.192102462053, 0.177089735866, 0.16582942009, 0.177351132035, 0.230716019869], "dvar2": [0.394775241613, 0.403024882078, 0.372381031513, 0.334717422724, 0.349083602428, 0.428653568029], "max": [-4.9618434906, -4.69384908676, -5.30323028564, -5.822567