{"lowlevel": {"average_loudness": 0.349336028099, "barkbands_crest": {"dmean": 1.59408807755, "dmean2": 2.63002157211, "dvar": 2.71045637131, "dvar2": 7.49501037598, "max": 26.4134693146, "mean": 14.5250444412, "median": 13.7627248764, "min": 4.50692987442, "var": 19.9771289825}, "barkbands_flatness_db": {"dmean": 0.0276130698621, "dmean2": 0.0479147769511, "dvar": 0.000612878473476, "dvar2": 0.0018204486696, "max": 0.684701263905, "mean": 0.463677048683, "median": 0.475811213255, "min": 0.0397776328027, "var": 0.00764940399677}, "barkbands_kurtosis": {"dmean": 2.28547239304, "dmean2": 3.48197388649, "dvar": 17.4047737122, "dvar2": 35.985824585, "max": 166.49319458, "mean": 8.00379943848, "median": 4.81480503082, "min": -1.83834826946, "var": 138.94052124}, "barkbands_skewness": {"dmean": 0.381055384874, "dmean2": 0.605344712734, "dvar": 0.182851701975, "dvar2": 0.438507765532, "max": 9.86452770233, "mean": 0.736216187477, "median": 0.65860491991, "min": -7.74525165558, "var": 2.07910132408}, "barkbands_spread": {"dmean": 0.493447333574, "dmean2": 0.78678393364, "dvar": 2.2449669838, "dvar2": 4.94003820419, "max": 122.130516052, "mean": 2.92755556107, "median": 1.62335038185, "min": 0.145640283823, "var": 35.1309547424}, "dissonance": {"dmean": 0.0437588058412, "dmean2": 0.0745547562838, "dvar": 0.00193002878223, "dvar2": 0.00512229185551, "max": 0.499999850988, "mean": 0.335229367018, "median": 0.337162792683, "min": 0.0655215978622, "var": 0.00735619803891}, "dynamic_complexity": 6.64236783981, "erbbands_crest": {"dmean": 1.9258313179, "dmean2": 3.15658807755, "dvar": 4.75799226761, "dvar2": 13.3611116409, "max": 34.0548667908, "mean": 15.7313957214, "median": 14.4982566833, "min": 2.53594088554, "var": 37.2765235901}, "erbbands_flatness_db": {"dmean": 0.0181823987514, "dmean2": 0.0313567891717, "dvar": 0.000276919279713, "dvar2": 0.00081115285866, "max": 0.62672907114, "mean": 0.461718916893, "median": 0.473164856434, "min": 0.0409479998052, "var": 0.00648984592408}, "erbbands_kurtosis": {"dmean": 1.62169218063, "dmean2": 2.4463429451, "dvar": 6.03054714203, "dvar2": 12.9372558594, "max": 75.3386459351, "mean": 5.53703641891, "median": 3.28419113159, "min": -1.62121212482, "var": 57.6995544434}, "erbbands_skewness": {"dmean": 0.290377229452, "dmean2": 0.444884479046, "dvar": 0.101145327091, "dvar2": 0.242910966277, "max": 5.94831180573, "mean": 1.2565985918, "median": 1.18140602112, "min": -3.33038258553, "var": 1.07362174988}, "erbbands_spread": {"dmean": 0.821293056011, "dmean2": 1.29621136189, "dvar": 1.4511128664, "dvar2": 3.62741947174, "max": 72.6018753052, "mean": 5.97167825699, "median": 4.05471515656, "min": 0.264085173607, "var": 72.7264251709}, "hfc": {"dmean": 1.38424026966, "dmean2": 1.95528268814, "dvar": 10.8823633194, "dvar2": 20.7896652222, "max": 97.4785232544, "mean": 6.04131269455, "median": 2.40312337875, "min": 1.07550155593e-16, "var": 75.3780975342}, "melbands_crest": {"dmean": 1.79517614841, "dmean2": 2.89190196991, "dvar": 4.2097568512, "dvar2": 11.4843091965, "max": 32.6531639099, "mean": 16.1300563812, "median": 15.1974153519, "min": 1.54320406914, "var": 31.978099823}, "melbands_flatness_db": {"dmean": 0.0315231457353, "dmean2": 0.0548509098589, "dvar": 0.000818333704956, "dvar2": 0.00242111762054, "max": 0.806173026562, "mean": 0.594598114491, "median": 0.611841976643, "min": 0.00292162364349, "var": 0.0126659236848}, "melbands_kurtosis": {"dmean": 1.78249025345, "dmean2": 2.75210189819, "dvar": 6.3951215744, "dvar2": 14.3484783173, "max": 72.5120925903, "mean": 6.30359077454, "median": 3.6023273468, "min": -1.58922076225, "var": 71.6938247681}, "melbands_skewness": {"dmean": 0.319617927074, "dmean2": 0.509526908398, "dvar": 0.114890702069, "dvar2": 0.280453503132, "max": 6.88163423538, "mean": 0.782556533813, "median": 0.721074998379, "min": -5.44237852097, "var": 1.45224618912}, "melbands_spread": {"dmean": 0.870571613312, "dmean2": 1.41990768909, "dvar": 8.93797111511, "dvar2": 23.81965065, "max": 153.702880859, "mean": 5.88468933105, "median": 2.79828619957, "min": 0.326424330473, "var": 315.447601318}, "pitch_salience": {"dmean": 0.0447459705174, "dmean2": 0.0724915862083, "dvar": 0.00237485347316, "dvar2": 0.00620365375653, "max": 0.878183245659, "mean": 0.564479887486, "median": 0.598429679871, "min": 0.0649258121848, "var": 0.0247394870967}, "silence_rate_20dB": {"dmean": 0, "dmean2": 0, "dvar": 0, "dvar2": 0, "max": 1, "mean": 1, "median": 1, "min": 1, "var": 0}, "silence_rate_30dB": {"dmean": 0.00144175312016, "dmean2": 0.00288392207585, "dvar": 0.00143961166032, "dvar2": 0.00345219695009, "max": 1, "mean": 0.998558461666, "median": 1, "min": 0, "var": 0.00143940479029}, "silence_rate_60dB": {"dmean": 0.0291234143078, "dmean2": 0.05825522542, "dvar": 0.0282770656049, "dvar2": 0.0597599558532, "max": 1, "mean": 0.346403330564, "median": 0, "min": 0, "var": 0.226415276527}, "spectral_centroid": {"dmean": 23.6696891785, "dmean2": 37.9201278687, "dvar": 16522.6347656, "dvar2": 32501.0703125, "max": 11868.3789062, "mean": 586.511474609, "median": 370.510925293, "min": 245.870147705, "var": 2021863.75}, "spectral_complexity": {"dmean": 0.775086522102, "dmean2": 1.28882479668, "dvar": 1.05552053452, "dvar2": 2.09291434288, "max": 19, "mean": 6.08144712448, "median": 6, "min": 0, "var": 9.85394191742}, "spectral_decrease": {"dmean": 8.36797908743e-10, "dmean2": 1.19777865404e-09, "dvar": 2.54316431175e-18, "dvar2": 5.2467263889e-18, "max": 7.53007844013e-19, "mean": -3.83254894487e-09, "median": -1.7651498041e-09, "min": -3.28915028547e-08, "var": 2.3263144474e-17}, "spectral_energy": {"dmean": 0.00328080356121, "dmean2": 0.00469387089834, "dvar": 3.95722818212e-05, "dvar2": 8.12879297882e-05, "max": 0.129071265459, "mean": 0.015012903139, "median": 0.00687066745013, "min": 9.96194533551e-21, "var": 0.000359585828846}, "spectral_energyband_high": {"dmean": 2.11927950744e-08, "dmean2": 3.54750397946e-08, "dvar": 8.16723262371e-14, "dvar2": 1.83501908872e-13, "max": 1.61886455317e-05, "mean": 2.46718840913e-08, "median": 1.90644589004e-09, "min": 7.16529534429e-21, "var": 8.12837075209e-14}, "spectral_energyband_low": {"dmean": 0.000185634678928, "dmean2": 0.000277399463812, "dvar": 1.79369123998e-07, "dvar2": 3.7202332237e-07, "max": 0.0179602093995, "mean": 0.000560146174394, "median": 0.000115903407277, "min": 6.69630495854e-24, "var": 1.63108325069e-06}, "spectral_energyband_middle_high": {"dmean": 0.000332121708198, "dmean2": 0.000466234661872, "dvar": 6.2298395278e-06, "dvar2": 1.22568753795e-05, "max": 0.0950304716825, "mean": 0.000732681131922, "median": 7.51947009121e-05, "min": 1.1869842871e-21, "var": 1.5567178707e-05}, "spectral_energyband_middle_low": {"dmean": 0.0030818595551, "dmean2": 0.0044410917908, "dvar": 3.259827281e-05, "dvar2": 7.07119106664e-05, "max": 0.124656759202, "mean": 0.0138407284394, "median": 0.00615643663332, "min": 1.59899353941e-22, "var": 0.000311428855639}, "spectral_entropy": {"dmean": 0.11558842659, "dmean2": 0.187628269196, "dvar": 0.0239218045026, "dvar2": 0.0589494332671, "max": 9.82645702362, "mean": 5.04705953598, "median": 4.92422580719, "min": 2.78070926666, "var": 0.727547168732}, "spectral_flux": {"dmean": 0.0103658996522, "dmean2": 0.0160007048398, "dvar": 0.000333257048624, "dvar2": 0.000713291112334, "max": 0.278846412897, "mean": 0.026510104537, "median": 0.0181131996214, "min": 6.39349892473e-11, "var": 0.000779294874519}, "spectral_kurtosis": {"dmean": 112.851676941, "dmean2": 200.752883911, "dvar": 13626.9355469, "dvar2": 41732.15625, "max": 1102.3059082, "mean": 312.719573975, "median": 289.579650879, "min": -1.3262411356, "var": 25842.0859375}, "spectral_rms": {"dmean": 0.000364076637197, "dmean2": 0.000517178326845, "dvar": 3.3457629911e-07, "dvar2": 6.15253441083e-07, "max": 0.0112215494737, "mean": 0.00311111169867, "median": 0.00258903275244, "min": 3.11752641931e-12, "var": 4.96775555803e-06}, "spectral_rolloff": {"dmean": 44.3883323669, "dmean2": 79.8563156128, "dvar": 80097.6328125, "dvar2": 174558.78125, "max": 19767.4804688, "mean": 827.242675781, "median": 430.6640625, "min": 258.3984375, "var": 6456859}, "spectral_skewness": {"dmean": 2.34697079659, "dmean2": 4.14610242844, "dvar": 4.95032262802, "dvar2": 14.3237628937, "max": 26.2706069946, "mean": 13.7771778107, "median": 14.1344919205, "min": -0.0878917127848, "var": 19.1373348236}, "spectral_spread": {"dmean": 356162.375, "dmean2": 633107.1875, "dvar": 470224633856, "dvar2": 1165378977790.0, "max": 49275472, "mean": 1442623.375, "median": 555243.5, "min": 86481.9453125, "var": 28985543098400.0}, "spectral_strongpeak": {"dmean": 0.233698382974, "dmean2": 0.368440777063, "dvar": 0.195980936289, "dvar2": 0.430474817753, "max": 10.9665632248, "mean": 1.01544439793, "median": 0.626267671585, "min": 0, "var": 1.13994598389}, "zerocrossingrate": {"dmean": 0.00152411893941, "dmean2": 0.00218279683031, "dvar": 3.97247640649e-05, "dvar2": 8.40949942358e-05, "max": 0.533203125, "mean": 0.0280153211206, "median": 0.01708984375, "min": 0.00537109375, "var": 0.00450985599309}, "barkbands": {"dmean": [3.16126602229e-06, 0.000131280379719, 6.85490085743e-05, 6.56230113236e-05, 0.000552943674847, 0.00159419258125, 0.00106379110366, 0.000410874927184, 0.000184224947589, 0.000194942229427, 0.000150349136675, 3.27094458044e-05, 8.96198071132e-06, 8.99585938896e-06, 2.57204055742e-06, 7.3897524544e-07, 7.89006378454e-07, 1.11125913804e-07, 1.13941403868e-07, 3.2573602482e-08, 3.03324010353e-09, 1.15325970995e-09, 7.6165190821e-10, 6.28101959332e-10, 6.02029259777e-10, 5.88728787942e-10, 6.27086937932e-10], "dmean2": [5.54685448151e-06, 0.000200212336495, 0.00010707990441, 9.7304036899e-05, 0.000806728377938, 0.00239216140471, 0.00163472141139, 0.000570818374399, 0.00023055409838, 0.000271457538474, 0.000215254345676, 4.8487483582e-05, 1.3174059859e-05, 1.16282444651e-05, 3.87245745515e-06, 1.08332392301e-06, 1.11864130758e-06, 1.59891158091e-07, 1.4288114869e-07, 5.04184214378e-08, 4.95752150442e-09, 1.9468657797e-09, 1.33243815981e-09, 1.13434817095e-09, 1.08792896913e-09, 1.06370856567e-09, 1.13353926245e-09], "dvar": [2.9877222224e-11, 1.08533008358e-07, 3.3531634358e-08, 2.1406076911e-08, 1.34532797347e-06, 1.11186564027e-05, 8.83299162524e-06, 2.43570639213e-06, 7.12982227924e-07, 2.39372025135e-06, 3.21938500747e-06, 6.38974029243e-08, 4.98033037033e-09, 4.09246725397e-09, 1.02822327042e-10, 2.57276543819e-11, 5.42517870905e-11, 4.25217207365e-13, 5.62563179634e-13, 2.15911828889e-13, 8.46248753564e-16, 4.25427062319e-17, 7.25463618834e-18, 1.55724287996e-18, 1.42999675576e-18, 1.36538019804e-18, 1.55624685111e-18], "dvar2": [8.74705724518e-11, 2.31850592058e-07, 6.4984831738e-08, 4.11100238296e-08, 2.8823849334e-06, 2.65171529463e-05, 2.07414232136e-05, 4.92504750582e-06, 1.07870664579e-06, 4.29154260928e-06, 6.53304368825e-06, 1.60904932045e-07, 1.08005444588e-08, 6.25530338638e-09, 2.14657416842e-10, 5.3506563763e-11, 9.98172863809e-11, 9.00790564102e-13, 9.61534346068e-13, 4.73524052001e-13, 2.09167374786e-15, 1.04731885072e-16, 1.71948350037e-17, 4.84007157847e-18, 4.45277279438e-18, 4.25164424203e-18, 4.84583495939e-18], "max": [7.20129246474e-05, 0.015760043636, 0.0102890264243, 0.00413328642026, 0.0249751470983, 0.0680492296815, 0.103223241866, 0.0398847013712, 0.0268220510334, 0.081780269742, 0.0894834846258, 0.011862764135, 0.00432560266927, 0.00453509297222, 0.000393170543248, 0.000263916212134, 0.00026708340738, 2.93265329674e-05, 3.13759046549e-05, 2.6627923944e-05, 1.01907255612e-06, 3.3047089687e-07, 1.51208524812e-07, 1.49082062251e-08, 1.43638647643e-08, 1.40258666903e-08, 1.49047885145e-08], "mean": [3.56310010829e-06, 0.000346736662323, 0.000166563273524, 0.000162075826665, 0.00190379587002, 0.00613634614274, 0.00385338789783, 0.00112710148096, 0.000504859664943, 0.000393210793845, 0.000302567757899, 6.49081339361e-05, 1.74934120878e-05, 1.98918914975e-05, 6.90821343596e-06, 1.50729567849e-06, 1.48077015183e-06, 2.41226132403e-07, 2.06032268579e-07, 4.31718056859e-08, 3.68289421182e-09, 1.27630250812e-09, 7.19519388515e-10, 5.75472502984e-10, 5.6506038737e-10, 5.79211456575e-10, 5.86032500305e-10], "median": [1.4028937585e-06, 4.21323820774e-05, 2.45288883889e-05, 6.84452534188e-05, 0.000826072238851, 0.00186025502626, 0.000575825222768, 0.000165724748513, 4.08377782151e-05, 2.51056881098e-05, 2.10578691622e-05, 6.65977268e-06, 1.51602807819e-06, 1.42558371863e-06, 5.09343465183e-07, 8.44530987365e-08, 4.09086027275e-08, 9.02216701348e-09, 4.13423828505e-09, 9.89865189815e-10, 2.716978309e-10, 1.71183484055e-10, 1.51895218625e-10, 1.4887646671e-10, 1.58325935695e-10, 1.83831699863e-10, 1.64050287244e-10], "min": [1.00090499091e-25, 1.60743573555e-24, 3.99649359144e-25, 7.18296360477e-25, 9.99430205588e-24, 8.18975039189e-24, 8.26086462477e-24, 7.485187163e-24, 1.72554803319e-23, 1.86444324609e-23, 1.61125502535e-23, 2.97089497636e-23, 2.13681577519e-23, 2.33968855414e-23, 4.7664566237e-23, 6.10004428555e-23, 3.03970226441e-23, 6.368482292e-23, 9.79093828991e-23, 1.80721470063e-22, 2.1059666753e-22, 3.33730395366e-22, 3.88907366045e-22, 5.88677138531e-22, 8.32732577739e-22, 1.26807757257e-21, 1.89769328517e-21], "var": [3.36981588467e-11, 8.84781286459e-07, 3.3088107898e-07, 8.25548838179e-08, 6.84391125105e-06, 8.26707764645e-05, 9.42300903262e-05, 8.88011072675e-06, 3.62338232662e-06, 6.4218420448e-06, 7.76733577368e-06, 8.16225664835e-08, 1.02351718212e-08, 1.29833770401e-08, 3.27989385651e-10, 7.32931285108e-11, 1.22931095858e-10, 1.3417336903e-12, 1.42693886221e-12, 2.20330860761e-13, 8.44798950795e-16, 6.01503374485e-17, 8.39554572772e-18, 1.31221947142e-18, 1.19373763599e-18, 1.14213914336e-18, 1.28864833948e-18]}, "erbbands": {"dmean": [0.00297959404998, 0.0327977612615, 0.0803340449929, 0.122725449502, 0.672981798649, 2.01220798492, 10.5810871124, 11.7894468307, 18.7532672882, 7.97653484344, 8.38998699188, 4.051841259, 5.15121459961, 6.68193006516, 3.42760372162, 1.42664456367, 0.51620477438, 0.512627005577, 0.202389985323, 0.0772563591599, 0.0401682816446, 0.035811316222, 0.00860287342221, 0.00691446987912, 0.00346504803747, 0.00176752882544, 0.000262699322775, 0.000116721646918, 4.77591929666e-05, 2.77251492662e-05, 1.99732767214e-05, 1.45657504618e-05, 1.03248839878e-05, 7.2079342317e-06, 4.75419392387e-06, 2.89627951133e-06, 1.49389506987e-06, 4.39871342905e-07, 1.53471160047e-06, 3.66166796084e-06], "dmean2": [0.00488996179774, 0.0492174737155, 0.12513923645, 0.181422770023, 0.931126654148, 3.06836342812, 16.8080463409, 16.4343643188, 28.5980682373, 11.8348274231, 11.0709028244, 5.12442731857, 7.0924782753, 9.36600589752, 5.11866760254, 2.05087947845, 0.734881579876, 0.671129047871, 0.288378953934, 0.109252490103, 0.0583618171513, 0.0491991639137, 0.0123322661966, 0.00870661437511, 0.00439513335004, 0.00279498216696, 0.000419209536631, 0.000196759909159, 7.95478117652e-05, 4.82315190311e-05, 3.4957058233e-05, 2.55895829468e-05, 1.79864455276e-05, 1.23103936858e-05, 7.88145644037e-06, 4.64323420601e-06, 2.33507103076e-06, 7.28324607735e-07, 2.17838623939e-06, 5.23357675775e-06], "dvar": [6.1909428041e-05, 0.00705432938412, 0.0475680679083, 0.0581987500191, 2.21092867851, 18.7457885742, 812.597106934, 654.656921387, 2917.77270508, 733.3359375, 1081.39990234, 305.41418457, 1446.5456543, 5618.30957031, 620.580932617, 121.330368042, 17.5161342621, 11.3887491226, 0.898836672306, 0.0911720618606, 0.0798128843307, 0.122881174088, 0.00243891240098, 0.00151333992835, 0.00151903927326, 0.000961998011917, 7.68260360928e-06, 1.9322415028e-06, 1.05228011194e-07, 9.59235979536e-09, 3.16538351086e-09, 1.03728292622e-09, 3.98385879841e-10, 1.88175336424e-10, 7.8354246702e-11, 2.82202230334e-11, 7.45844185024e-12, 7.14099786248e-13, 8.98139115163e-12, 5.00505574486e-11], "dvar2": [0.000167121048435, 0.0144320754334, 0.0944286286831, 0.121442534029, 4.10949707031, 45.6042747498, 2385.41455078, 1090.08056641, 7230.72314453, 1621.65637207, 1750.17871094, 518.831604004, 2781.74047852, 11775.6992188, 1465.56140137, 303.724731445, 39.0256462097, 17.5914897919, 1.6290128231, 0.183658599854, 0.18043795228, 0.176279753447, 0.00497036334127, 0.00243400270119, 0.00279571022838, 0.00212833331898, 1.81762079592e-05, 4.79168011225e-06, 2.63123041577e-07, 2.38131701025e-08, 8.04123079234e-09, 2.91325941149e-09, 1.1952038248e-09, 5.49113476911e-10, 2.16950207799e-10, 7.14941578162e-11, 1.74381446783e-11, 1.92578331754e-12, 1.79401042633e-11, 1.02220461262e-10], "max": [0.3197440207, 3.93916296959, 11.5563173294, 6.3011059761, 33.1430740356, 78.5625686646, 542.039489746, 720.645263672, 1863.26403809, 589.458679199, 1080.81518555, 627.945800781, 1783.03625488, 3291.48193359, 948.758911133, 549.663024902, 196.843658447, 226.416290283, 48.0097236633, 7.78874588013, 9.27006435394, 18.86054039, 2.12965798378, 2.06394004822, 2.24938225746, 1.83333563805, 0.115490980446, 0.0630657151341, 0.0163112487644, 0.00348010356538, 0.00312224566005, 0.00128131895326, 0.000278954743408, 0.000203588118893, 0.000145843572682, 9.6236661193e-05, 5.17569933436e-05, 1.60337403941e-05, 6.0684618802e-05, 0.000144171906868], "mean": [0.00691589387134, 0.089010566473, 0.20408038795, 0.35705909133, 2.15861463547, 7.25715637207, 27.8011302948, 55.1967391968, 71.7956085205, 24.9471473694, 25.4239578247, 11.5895395279, 11.2852048874, 13.3881988525, 7.05724716187, 2.97828626633, 1.08801758289, 1.10625457764, 0.537240386009, 0.22702512145, 0.0865522399545, 0.0665733367205, 0.0192686077207, 0.0139743136242, 0.00577850267291, 0.00221686507575, 0.000375317729777, 0.000136212664074, 6.10531715211e-05, 3.27138986904e-05, 2.58687850874e-05, 2.14198353206e-05, 1.7778511392e-05, 1.51056920004e-05, 1.23755498862e-05, 9.27487599256e-06, 5.4160259424e-06, 1.10852295165e-06, 7.12188830221e-06, 1.67507132574e-05], "median": [0.00104475871194, 0.00943047739565, 0.031370241195, 0.1568146348, 1.0080344677, 2.85758686066, 9.13963699341, 13.8945150375, 13.431391716, 5.07648277283, 3.64805841446, 1.33804571629, 0.969740390778, 0.871690988541, 0.771248757839, 0.342543661594, 0.116739556193, 0.0979697555304, 0.0467800721526, 0.0212052054703, 0.00532911159098, 0.00228221458383, 0.000948382308707, 0.000373583490727, 0.000147065074998, 5.78210238018e-05, 2.15602231037e-05, 1.28050387502e-05, 1.04300952444e-05, 9.46125237533e-06, 9.24428059079e-06, 8.50039577927e-06, 7.61856881581e-06, 6.77988191455e-06, 5.73742590859e-06, 4.38452252638e-06, 2.56753492067e-06, 4.87630359203e-07, 3.23303675032e-06, 7.61749151934e-06], "min": [3.90508457071e-23, 7.28195002498e-22, 1.0627800687e-21, 5.12268591269e-21, 4.63530326017e-21, 2.96820935053e-20, 5.78062375633e-20, 5.98130940516e-20, 1.14983339647e-19, 1.82563646726e-19, 2.26090407546e-19, 4.03928965969e-19, 4.16456926539e-19, 7.86963401363e-19, 7.49378640774e-19, 1.65403572954e-18, 1.17217986167e-18, 1.75884240828e-18, 2.61016283944e-18, 2.51025927378e-18, 3.79119415405e-18, 2.75635729334e-18, 3.54266856619e-18, 6.3783553754e-18, 6.58264293051e-18, 8.24114419458e-18, 9.47480466887e-18, 8.4491478586e-18, 1.05836667498e-17, 1.22568132466e-17, 1.13531705398e-17, 9.36464654515e-18, 9.78720597081e-18, 7.55368844956e-18, 5.89115550718e-18, 4.15040105736e-18, 2.24877796958e-18, 9.69178675805e-19, 2.61215107144e-19, 2.64097637708e-20], "var": [0.000352654780727, 0.0587022565305, 0.399885833263, 0.306765258312, 9.24129199982, 107.194404602, 2105.23291016, 8425.43945312, 30349.5117188, 2544.33569336, 5981.19921875, 1287.37768555, 3686.51196289, 12777.7041016, 1786.54980469, 163.151596069, 29.7701778412, 35.860408783, 2.85115671158, 0.344867557287, 0.167993918061, 0.297208219767, 0.00722547713667, 0.00461754947901, 0.00326658366248, 0.000941345235333, 8.78061655385e-06, 1.76388857653e-06, 1.41603962334e-07, 1.0666775907e-08, 3.97636990002e-09, 1.43773071226e-09, 6.85273726653e-10, 4.37781227935e-10, 2.67256966557e-10, 1.41644376783e-10, 4.71754788012e-11, 2.37074314173e-12, 8.19922046924e-11, 4.51392867529e-10]}, "gfcc": {"mean": [-340.506011963, 260.637512207, -56.8810691833, -79.7894592285, -41.5845451355, -28.2615318298, -36.8248901367, -18.2519874573, -9.76371192932, -8.49136352539, 5.59904193878, -4.64443969727, 3.33405160904], "cov": [[25951.2363281, 6494.34619141, -3430.82543945, -2306.96484375, 682.051086426, -1168.56567383, -623.020629883, -64.649772644, 102.355575562, -168.437927246, 442.393768311, -318.913299561, 115.324798584], [6494.34619141, 2755.4128418, -158.144393921, -834.283996582, 55.4491462708, -107.046447754, -144.3618927, -129.944549561, 16.6397819519, -129.595611572, 51.2521629333, -143.445449829, 9.0882062912], [-3430.82543945, -158.144393921, 1419.22875977, 187.083175659, -421.363616943, 325.732757568, 75.9512023926, -179.611129761, -16.8575839996, -7.92685604095, -112.66847229, 63.7289085388, 17.080696106], [-2306.96484375, -834.283996582, 187.083175659, 555.483642578, 77.7569122314, 81.1005325317, 140.747253418, 141.712921143, -5.64435195923, 38.9189910889, -30.2212677002, 27.0830116272, -34.8399810791], [682.051086426, 55.4491462708, -421.363616943, 77.7569122314, 482.898284912, -2.97880959511, 36.7730331421, 154.791870117, 65.078086853, -9.47041511536, 35.9964828491, -45.1274604797, -9.10777187347], [-1168.56567383, -107.046447754, 325.732757568, 81.1005325317, -2.97880959511, 232.122085571, 77.5391616821, -44.8963508606, 13.3678369522, 0.427816569805, -61.0766639709, 18.7104587555, 22.4929256439], [-623.020629883, -144.3618927, 75.9512023926, 140.747253418, 36.7730331421, 77.5391616821, 167.452819824, 99.5355606079, 8.1027431488, 17.1572570801, -0.470140069723, -16.8764877319, -27.4815387726], [-64.649772644, -129.944549561, -179.611129761, 141.712921143, 154.791870117, -44.8963508606, 99.5355606079, 218.388015747, 65.6850967407, 25.9472560883, 43.3513298035, -20.4973888397, -53.4399795532], [102.355575562, 16.6397819519, -16.8575839996, -5.64435195923, 65.078086853, 13.3678369522, 8.1027431488, 65.6850967407, 108.948364258, 47.9682350159, 15.1131067276, 0.18160931766, -2.46298336983], [-168.437927246, -129.595611572, -7.92685604095, 38.9189910889, -9.47041511536, 0.427816569805, 17.1572570801, 25.9472560883, 47.9682350159, 71.0206604004, 33.0605812073, 6.5610704422, -4.32097768784], [442.393768311, 51.2521629333, -112.66847229, -30.2212677002, 35.9964828491, -61.0766639709, -0.470140069723, 43.3513298035, 15.1131067276, 33.0605812073, 83.8019332886, 22.6271381378, -14.3904800415], [-318.913299561, -143.445449829, 63.7289085388, 27.0830116272, -45.1274604797, 18.7104587555, -16.8764877319, -20.4973888397, 0.18160931766, 6.5610704422, 22.6271381378, 86.816947937, 44.3936767578], [115.324798584, 9.0882062912, 17.080696106, -34.8399810791, -9.10777187347, 22.4929256439, -27.4815387726, -53.4399795532, -2.46298336983, -4.32097768784, -14.3904800415, 44.3936767578, 83.6996917725]], "icov": [[0.00036538290442, -0.000884415174369, 0.000918388483115, -0.000514848972671, 0.000387227570172, 0.000583316548727, -0.000391579727875, 0.000949169450905, -0.00103726284578, 0.000399295124225, -0.000653218710795, 3.27336238115e-05, -0.000585880945437], [-0.000884415174369, 0.00315846921876, -0.00231477525085, 0.00191059045028, -0.000404459773563, -0.00210681464523, 0.00108978920616, -0.00203528325073, 0.000696081086062, 0.00307923578657, -0.00239943666384, 0.00367334252223, -0.000457601592643], [0.000918388483115, -0.00231477525085, 0.00500892475247, -0.00434637907892, 0.00478910189122, -0.00262629496865, -0.000540450389963, 0.00485538970679, -0.00813522562385, 0.00876018218696, -0.00859563611448, 0.00468079047278, -0.00344357406721], [-0.000514848972671, 0.00191059045028, -0.00434637907892, 0.0107238925993, -0.00726294610649, 0.0041996142827, -0.0013639772078, -0.00839329604059, 0.0150420395657, -0.019495755434, 0.0203038994223, -0.0140032861382, 0.00848134048283], [0.000387227570172, -0.000404459773563, 0.00478910189122, -0.00726294610649, 0.0119873257354, -0.00962141901255, 0.00412720581517, 0.00152078748215, -0.0143530890346, 0.0236112307757, -0.0252343285829, 0.0201999451965, -0.0125299207866], [0.000583316548727, -0.00210681464523, -0.00262629496865, 0.0041996142827, -0.00962141901255, 0.021984456107, -0.0134607581422, 0.00794703699648, 0.00339132780209, -0.0180657617748, 0.0266334228218, -0.0224361941218, 0.0110547170043], [-0.000391579727875, 0.00108978920616, -0.000540450389963, -0.0013639772078, 0.00412720581517, -0.0134607581422, 0.0209331978112, -0.0152820125222, 0.00782708171755, 0.000496701686643, -0.00962493102998, 0.0127277420834, -0.00700339442119], [0.000949169450905, -0.00203528325073, 0.00485538970679, -0.00839329604059, 0.00152078748215, 0.00794703699648, -0.0152820125222, 0.0298121497035, -0.0261221211404, 0.0209438297898, -0.0146586643532, 0.00333972554654, 0.00249602412805], [-0.00103726284578, 0.000696081086062, -0.00813522562385, 0.0150420395657, -0.0143530890346, 0.00339132780209, 0.00782708171755, -0.0261221211404, 0.0522753112018, -0.0574642568827, 0.0453856810927, -0.0292780641466, 0.0145971719176], [0.000399295124225, 0.00307923578657, 0.00876018218696, -0.019495755434, 0.0236112307757, -0.0180657617748, 0.000496701686643, 0.0209438297898, -0.0574642568827, 0.0977966636419, -0.0825183391571, 0.0576112419367, -0.0312142036855], [-0.000653218710795, -0.00239943666384, -0.00859563611448, 0.0203038994223, -0.0252343285829, 0.0266334228218, -0.00962493102998, -0.0146586643532, 0.0453856810927, -0.0825183391571, 0.101439610124, -0.072233915329, 0.0417720191181], [3.27336238115e-05, 0.00367334252223, 0.00468079047278, -0.0140032861382, 0.0201999451965, -0.0224361941218, 0.0127277420834, 0.00333972554654, -0.0292780641466, 0.0576112419367, -0.072233915329, 0.0731411203742, -0.0417893752456], [-0.000585880945437, -0.000457601592643, -0.00344357406721, 0.00848134048283, -0.0125299207866, 0.0110547170043, -0.00700339442119, 0.00249602412805, 0.0145971719176, -0.0312142036855, 0.0417720191181, -0.0417893752456, 0.0401622131467]]}, "melbands": {"dmean": [3.17057674692e-05, 4.12041299569e-05, 3.51340167981e-05, 8.07952310424e-05, 0.000299333973089, 0.000292793178232, 0.000252583762631, 8.32143123262e-05, 6.78003780195e-05, 2.29910037888e-05, 2.60683500528e-05, 2.74789053947e-05, 1.38357227115e-05, 4.71772818855e-06, 2.65633184426e-06, 8.83574614363e-07, 1.02196838725e-06, 3.54855785645e-07, 1.7218121684e-07, 7.60531122523e-08, 4.5841552776e-08, 4.7371898404e-08, 1.18255156778e-08, 5.35419619752e-09, 6.45995301696e-09, 2.06278549797e-09, 1.94625981997e-09, 1.03555441999e-09, 1.74544309561e-10, 8.16697542927e-11, 5.76415269682e-11, 2.90070831938e-11, 1.61237134755e-11, 1.51030837142e-11, 1.12647434783e-11, 1.05373106074e-11, 8.18034442268e-12, 7.13600489463e-12, 6.28475830405e-12, 5.56009925601e-12], "dmean2": [4.9209320423e-05, 6.28650159342e-05, 5.06056749146e-05, 0.000118925476272, 0.000469121790957, 0.000420692289481, 0.000386465952033, 0.000123017263832, 8.85522676981e-05, 2.93411576422e-05, 3.60163467121e-05, 3.81549543818e-05, 2.0039440642e-05, 7.21290371075e-06, 3.76160573978e-06, 1.2981324744e-06, 1.33123955948e-06, 4.99867383041e-07, 2.54236141473e-07, 1.09363313072e-07, 6.77872264987e-08, 6.57570353724e-08, 1.67025397957e-08, 7.69479324703e-09, 8.06362887573e-09, 2.7042703632e-09, 2.59384580481e-09, 1.71276237637e-09, 2.71333455704e-10, 1.35954733582e-10, 9.84776774016e-11, 4.7888436272e-11, 2.85598229094e-11, 2.62764462966e-11, 2.01377525766e-11, 1.84889915877e-11, 1.47683480028e-11, 1.28902695809e-11, 1.13522117054e-11, 1.00456049729e-11], "dvar": [6.4865344207e-09, 1.12989777534e-08, 5.42987166341e-09, 2.94043314142e-08, 5.654336519e-07, 3.60036324309e-07, 4.95737253914e-07, 9.56185672862e-08, 7.31723872605e-08, 1.16721317056e-08, 4.12512299874e-08, 8.58582041019e-08, 1.70167879787e-08, 1.17918796949e-09, 5.68325608796e-10, 5.19569387514e-11, 5.51518518355e-11, 3.50954465142e-12, 5.25248789775e-13, 1.82209065544e-13, 1.50930117471e-13, 2.18820743318e-13, 6.75193425069e-15, 1.00854444848e-15, 1.52950698049e-15, 7.07755743254e-16, 3.01612762408e-16, 4.44895902853e-16, 4.41471752312e-18, 8.91702871681e-19, 7.19879622372e-19, 5.91713440679e-20, 2.93317720145e-21, 3.99302255613e-21, 7.05337877676e-22, 2.0766385434e-21, 2.63774816136e-22, 2.00299899637e-22, 1.55612620674e-22, 1.21521889369e-22], "dvar2": [1.45825866937e-08, 2.33133032879e-08, 1.05256967586e-08, 6.45096065455e-08, 1.61321418091e-06, 7.30504666535e-07, 1.21389939522e-06, 2.14776690655e-07, 1.1382431353e-07, 2.08600869911e-08, 7.73356916284e-08, 1.76756060455e-07, 3.46741302337e-08, 3.18457482607e-09, 1.24622978603e-09, 1.01769710714e-10, 8.34650265569e-11, 6.25937756488e-12, 1.06771243322e-12, 3.56824406177e-13, 3.45414289619e-13, 3.49190511575e-13, 1.14776640476e-14, 2.18693192014e-15, 2.39521689836e-15, 1.38271002975e-15, 5.5267745726e-16, 9.82443339972e-16, 1.12174591526e-17, 2.24372472321e-18, 1.74691942693e-18, 1.46179965311e-19, 7.82940586169e-21, 9.39522564172e-21, 1.96555804222e-21, 4.70506431262e-21, 8.19482895218e-22, 6.23579222743e-22, 4.84488782547e-22, 3.78416273312e-22], "max": [0.0039786323905, 0.00474040303379, 0.0016787876375, 0.00387664372101, 0.0143191954121, 0.0139132076874, 0.0239368453622, 0.00733768520877, 0.00801338721067, 0.00426947930828, 0.00992079917341, 0.012109846808, 0.00604959763587, 0.00149383442476, 0.00131121277809, 0.000590355426539, 0.000519754656125, 0.000106234183477, 2.22925864364e-05, 2.350732575e-05, 1.34449055622e-05, 2.23720053327e-05, 3.8005227907e-06, 1.38115967729e-06, 2.1546870812e-06, 1.47965931774e-06, 9.25154097331e-07, 1.23855954826e-06, 1.21532835351e-07, 4.71034624638e-08, 4.50513972794e-08, 1.41651153029e-08, 2.45461739823e-09, 2.6199848957e-09, 9.90205140106e-10, 3.06528313843e-09, 1.93922780611e-10, 1.70257502541e-10, 1.49940615479e-10, 1.32458169433e-10], "mean": [8.31731813378e-05, 0.000114268310426, 0.000106298932224, 0.000297679798678, 0.000837752595544, 0.00129181123339, 0.000969026412349, 0.000230776815442, 0.000201789865969, 6.26484979875e-05, 5.57281309739e-05, 5.41250774404e-05, 2.79671185126e-05, 9.76003593678e-06, 5.36227298653e-06, 1.68905307874e-06, 2.15391719394e-06, 9.14126530915e-07, 4.81309086808e-07, 1.80875815659e-07, 8.76871695255e-08, 8.57948734279e-08, 2.41739979145e-08, 1.14860823075e-08, 1.25030457099e-08, 3.22735305147e-09, 2.99793900815e-09, 1.13454512451e-09, 2.52565052206e-10, 9.09469444199e-11, 6.06447878027e-11, 3.4958529127e-11, 1.51620035971e-11, 1.41712509782e-11, 1.0404895695e-11, 1.00681364287e-11, 7.45883129566e-12, 6.49300491845e-12, 5.78711471105e-12, 5.16947248896e-12], "median": [1.08821332105e-05, 1.48619674292e-05, 4.99187153764e-05, 0.000129302061396, 0.000301066145767, 0.000343953375705, 0.000179399648914, 4.10871725762e-05, 2.34536910284e-05, 5.9339413383e-06, 4.14636497226e-06, 3.06288870888e-06, 2.5438278044e-06, 1.1897989225e-06, 3.99063338818e-07, 1.57176671678e-07, 1.5794734054e-07, 5.9740891345e-08, 3.43861437102e-08, 1.05636672743e-08, 3.17028847618e-09, 2.19206075514e-09, 9.67672719732e-10, 4.44184966586e-10, 2.29442617683e-10, 8.53625503616e-11, 6.28152807547e-11, 2.00784892185e-11, 1.00930383842e-11, 6.10866392192e-12, 4.55692688445e-12, 3.61763787329e-12, 2.97446182268e-12, 2.58945057237e-12, 2.35455687066e-12, 2.45994457443e-12, 1.90370158873e-12, 1.66645072307e-12, 1.54574042368e-12, 1.43480670053e-12], "min": [6.56901436287e-25, 1.07307033165e-24, 9.68131123654e-25, 6.45374502132e-25, 2.21958598015e-24, 1.48634469913e-24, 1.75768326824e-24, 2.01552501891e-24, 1.96823911853e-24, 2.29826223368e-24, 1.83209296756e-24, 2.60022832743e-24, 1.97814938087e-24, 2.47886266881e-24, 1.98709269695e-24, 2.26321176315e-24, 2.31322219188e-24, 3.64849312513e-24, 3.28665071373e-24, 3.55946228337e-24, 3.76964519966e-24, 1.67843449892e-24, 2.41423622523e-24, 3.47633291004e-24, 4.01700989143e-24, 3.26797088192e-24, 4.00468906739e-24, 4.69651495367e-24, 4.14394865514e-24, 4.38352137332e-24, 4.24970650354e-24, 5.70934609166e-24, 5.51496918689e-24, 6.66508578821e-24, 6.23819213163e-24, 5.94176778573e-24, 5.49723086057e-24, 5.94864586396e-24, 6.41611537007e-24, 5.4814682364e-24], "var": [5.25809582541e-08, 8.75788188637e-08, 2.30026842019e-08, 1.65842024558e-07, 1.64854043305e-06, 3.97083476855e-06, 5.17161652169e-06, 2.69516760909e-07, 4.15729346059e-07, 4.32625562041e-08, 1.07038815145e-07, 1.99304722059e-07, 4.30355235892e-08, 2.4969588619e-09, 8.40600200558e-10, 1.40625344702e-10, 1.75266620661e-10, 1.06348055362e-11, 1.6520030786e-12, 6.47499523616e-13, 2.79854942388e-13, 5.09711901592e-13, 1.85254423428e-14, 3.22144417533e-15, 4.60494543972e-15, 1.31516603435e-15, 6.24895380463e-16, 4.27602295867e-16, 5.13188270061e-18, 8.65055920332e-19, 6.42822836928e-19, 8.56137620859e-20, 2.92517701592e-21, 4.31285589816e-21, 7.36082248399e-22, 2.30507892906e-21, 2.22624322466e-22, 1.67713948908e-22, 1.30048630096e-22, 1.01539392619e-22]}, "mfcc": {"mean": [-909.075805664, 227.854675293, 59.9788589478, -17.4535255432, -16.3753452301, -11.4571943283, -15.4193563461, -16.8037700653, -14.3657751083, -9.63034915924, -6.31180810928, -4.20779371262, 0.800389885902], "cov": [[5484.48486328, 4181.19140625, -738.635620117, -1029.44030762, 214.499786377, 18.5610408783, -303.050292969, -159.647277832, -63.307800293, 9.31775760651, 18.8637523651, -36.3546333313, 29.5103874207], [4181.19140625, 3538.92041016, -25.5044059753, -718.426757812, 14.660323143, 38.1872940063, -200.898895264, -177.650268555, -96.4342727661, -29.7241840363, -21.5317687988, -53.4486618042, 2.20337796211], [-738.635620117, -25.5044059753, 978.945495605, 334.012145996, -249.98815918, -3.45685863495, 102.246116638, -37.765083313, -62.3861885071, -51.3829307556, -45.2297172546, -24.2056999207, -30.697183609], [-1029.44030762, -718.426757812, 334.012145996, 386.251434326, -3.80236053467, -36.7575836182, 81.7140274048, 73.4263458252, 29.4199371338, 13.8932380676, 16.4039516449, 21.5736312866, -1.35948395729], [214.499786377, 14.660323143, -249.98815918, -3.80236053467, 203.648498535, 80.9933853149, -12.7344102859, 39.121421814, 71.4086456299, 52.1825561523, 25.747215271, 8.69175720215, 8.2078666687], [18.5610408783, 38.1872940063, -3.45685863495, -36.7575836182, 80.9933853149, 158.603439331, 62.7595062256, -2.10021924973, 31.0745277405, 30.2428665161, -7.22269010544, -20.967880249, -14.3183078766], [-303.050292969, -200.898895264, 102.246116638, 81.7140274048, -12.7344102859, 62.7595062256, 125.42779541, 68.6475906372, 17.0181999207, 14.4453830719, 14.8898544312, 5.69084119797, -10.8440608978], [-159.647277832, -177.650268555, -37.765083313, 73.4263458252, 39.121421814, -2.10021924973, 68.6475906372, 120.318458557, 74.3409881592, 29.8903980255, 33.3510055542, 33.9249916077, 8.52388954163], [-63.307800293, -96.4342727661, -62.3861885071, 29.4199371338, 71.4086456299, 31.0745277405, 17.0181999207, 74.3409881592, 110.355834961, 73.0486297607, 26.4693450928, 14.3161888123, 8.19855499268], [9.31775760651, -29.7241840363, -51.3829307556, 13.8932380676, 52.1825561523, 30.2428665161, 14.4453830719, 29.8903980255, 73.0486297607, 99.91431427, 63.3412780762, 11.2270736694, -3.03348326683], [18.8637523651, -21.5317687988, -45.2297172546, 16.4039516449, 25.747215271, -7.22269010544, 14.8898544312, 33.3510055542, 26.4693450928, 63.3412780762, 95.082901001, 56.9160614014, 5.77930593491], [-36.3546333313, -53.4486618042, -24.2056999207, 21.5736312866, 8.69175720215, -20.967880249, 5.69084119797, 33.9249916077, 14.3161888123, 11.2270736694, 56.9160614014, 79.8385620117, 41.3075256348], [29.5103874207, 2.20337796211, -30.697183609, -1.35948395729, 8.2078666687, -14.3183078766, -10.8440608978, 8.52388954163, 8.19855499268, -3.03348326683, 5.77930593491, 41.3075256348, 64.9866943359]], "icov": [[-122.709915161, 171.090576172, -163.814376831, 151.921676636, -135.866287231, 116.452880859, -94.7133331299, 72.2107009888, -50.8581886292, 32.2686843872, -17.7377796173, 7.72595977783, -2.14898610115], [171.090576172, -238.475021362, 228.134460449, -211.27746582, 188.607055664, -161.312164307, 130.8959198, -99.5634994507, 69.9649505615, -44.3027610779, 24.3106040955, -10.575088501, 2.93937659264], [-163.814376831, 228.134460449, -217.681152344, 200.766845703, -178.250900269, 151.468444824, -122.039352417, 92.1522064209, -64.2950820923, 40.4510192871, -22.0718536377, 9.56012439728, -2.65095591545], [151.921676636, -211.27746582, 200.766845703, -183.922470093, 161.831985474, -136.006561279, 108.231628418, -80.6618270874, 55.535446167, -34.5103378296, 18.6189212799, -7.99257087708, 2.20490550995], [-135.866287231, 188.607055664, -178.250900269, 161.831985474, -140.620834351, 116.334228516, -90.8852462769, 66.3608779907, -44.7101211548, 27.1925849915, -14.3705568314, 6.06090593338, -1.65376448631], [116.452880859, -161.312164307, 151.468444824, -136.006561279, 116.334228516, -94.2392501831, 71.7459259033, -50.8065338135, 33.0494728088, -19.3659477234, 9.83520507812, -3.99470043182, 1.06126761436], [-94.7133331299, 130.8959198, -122.039352417, 108.231628418, -90.8852462769, 71.7459259033, -52.774433136, 35.7625770569, -22.0011768341, 12.0533771515, -5.63800001144, 2.09223484993, -0.512137830257], [72.2107009888, -99.5634994507, 92.1522064209, -80.6618270874, 66.3608779907, -50.8065338135, 35.7625770569, -22.7268848419, 12.7289161682, -6.07663249969, 2.27237486839, -0.587050974369, 0.0812172070146], [-50.8581886292, 69.9649505615, -64.2950820923, 55.535446167, -44.7101211548, 33.0494728088, -22.0011768341, 12.7289161682, -5.96110630035, 1.91117918491, -0.0180152449757, -0.403817981482, 0.201074838638], [32.2686843872, -44.3027610779, 40.4510192871, -34.5103378296, 27.1925849915, -19.3659477234, 12.0533771515, -6.07663249969, 1.91117918491, 0.325672596693, -1.05389869213, 0.827003240585, -0.316337823868], [-17.7377796173, 24.3106040955, -22.0718536377, 18.6189212799, -14.3705568314, 9.83520507812, -5.63800001144, 2.27237486839, -0.0180152449757, -1.05389869213, 1.22898292542, -0.823251128197, 0.30426260829], [7.72595977783, -10.575088501, 9.56012439728, -7.99257087708, 6.06090593338, -3.99470043182, 2.09223484993, -0.587050974369, -0.403817981482, 0.827003240585, -0.823251128197, 0.551318585873, -0.208358958364], [-2.14898610115, 2.93937659264, -2.65095591545, 2.20490550995, -1.65376448631, 1.06126761436, -0.512137830257, 0.0812172070146, 0.201074838638, -0.316337823868, 0.30426260829, -0.208358958364, 0.0973312333226]]}, "spectral_contrast_coeffs": {"dmean": [0.0358848124743, 0.02997017093, 0.021671032533, 0.0186942368746, 0.0244507305324, 0.0218163020909], "dmean2": [0.059743847698, 0.0492989756167, 0.0344710163772, 0.0305458828807, 0.0417016670108, 0.0393673665822], "dvar": [0.000913711963221, 0.000902445346583, 0.000593663135078, 0.000375209143385, 0.000542292196769, 0.000547741481569], "dvar2": [0.0024220617488, 0.00225860322826, 0.00137737300247, 0.000909422931727, 0.00149300019257, 0.00150782591663], "max": [-0.308761537075, -0.302186906338, -0.439376890659, -0.560194969177, -0.584854245186, -0.665019392967], "mean": [-0.586897671223, -0.635123968124, -0.737933516502, -0.747629702091, -0.802137136459, -0.935070514679], "median": [-0.586494207382, -0.637672066689, -0.740049302578, -0.744848549366, -0.797292411327, -0.942487418652], "min": [-0.977816402912, -0.976037323475, -0.978994548321, -0.97101855278, -0.966721117496, -0.967076539993], "var": [0.0112286899239, 0.0110508818179, 0.00655309762806, 0.00432360265404, 0.00571056595072, 0.000832616118714]}, "spectral_contrast_valleys": {"dmean": [0.374471127987, 0.242140457034, 0.238723784685, 0.24312415719, 0.411458045244, 0.855082035065], "dmean2": [0.620976924896, 0.387913823128, 0.378242045641, 0.394254028797, 0.709104120731, 1.51982867718], "dvar": [0.119537390769, 0.0932419076562, 0.125698879361, 0.152483791113, 0.202924907207, 0.530261576176], "dvar2": [0.273755162954, 0.173203662038, 0.23263156414, 0.30387198925, 0.515533566475, 1.52625775337], "max": [-6.06447029114, -4.81260156631, -5.47494459152, -7.04512405396, -8.86418914795, -12.1889886856], "