{"lowlevel": {"average_loudness": 0.863381028175, "barkbands_crest": {"dmean": 1.90826404095, "dmean2": 3.1554479599, "dvar": 4.2483086586, "dvar2": 11.3289985657, "max": 26.2826728821, "mean": 8.58217716217, "median": 7.84840345383, "min": 2.56062841415, "var": 11.768740654}, "barkbands_flatness_db": {"dmean": 0.0155776301399, "dmean2": 0.0227058418095, "dvar": 0.000298833736451, "dvar2": 0.000603752152529, "max": 0.361954778433, "mean": 0.142258480191, "median": 0.130381017923, "min": 0.0213023424149, "var": 0.00304693100043}, "barkbands_kurtosis": {"dmean": 1.91751027107, "dmean2": 3.01241636276, "dvar": 27.9833679199, "dvar2": 64.062210083, "max": 289.279937744, "mean": 3.69068098068, "median": 1.13598585129, "min": -1.89610528946, "var": 144.253112793}, "barkbands_skewness": {"dmean": 0.371946722269, "dmean2": 0.578319311142, "dvar": 0.239953890443, "dvar2": 0.518935084343, "max": 16.3372211456, "mean": 1.32126891613, "median": 1.1527736187, "min": -4.60420417786, "var": 1.50169992447}, "barkbands_spread": {"dmean": 3.69278240204, "dmean2": 5.56821012497, "dvar": 31.5724487305, "dvar2": 65.7906188965, "max": 108.686889648, "mean": 19.0790481567, "median": 17.8504981995, "min": 1.10525941849, "var": 128.819015503}, "dissonance": {"dmean": 0.0180944483727, "dmean2": 0.0300092101097, "dvar": 0.000476529356092, "dvar2": 0.00120494351722, "max": 0.5, "mean": 0.453141331673, "median": 0.466580122709, "min": 0.144787609577, "var": 0.00186826696154}, "dynamic_complexity": 3.12277293205, "erbbands_crest": {"dmean": 1.79838263988, "dmean2": 2.81344747543, "dvar": 4.03404188156, "dvar2": 9.3121547699, "max": 29.6777324677, "mean": 8.20996952057, "median": 7.20684528351, "min": 2.19522762299, "var": 15.2852449417}, "erbbands_flatness_db": {"dmean": 0.0149152455851, "dmean2": 0.0204961691052, "dvar": 0.000300456711557, "dvar2": 0.000567056878936, "max": 0.385944098234, "mean": 0.175986275077, "median": 0.166875630617, "min": 0.0339406691492, "var": 0.00347742321901}, "erbbands_kurtosis": {"dmean": 0.733296334743, "dmean2": 1.12548494339, "dvar": 2.87816810608, "dvar2": 6.74949550629, "max": 51.9411697388, "mean": 0.485299021006, "median": -0.311031579971, "min": -1.8105328083, "var": 6.68807601929}, "erbbands_skewness": {"dmean": 0.269296646118, "dmean2": 0.410358756781, "dvar": 0.118715837598, "dvar2": 0.251441329718, "max": 5.09983968735, "mean": 0.287169128656, "median": 0.241610109806, "min": -6.04459857941, "var": 0.54368442297}, "erbbands_spread": {"dmean": 6.06656360626, "dmean2": 9.35636043549, "dvar": 88.5584182739, "dvar2": 202.002288818, "max": 167.333267212, "mean": 32.9853858948, "median": 29.6334190369, "min": 2.89805698395, "var": 320.569000244}, "hfc": {"dmean": 5.44595623016, "dmean2": 7.76682043076, "dvar": 220.562408447, "dvar2": 461.277069092, "max": 470.461120605, "mean": 20.8370418549, "median": 16.3395843506, "min": 1.08059394448e-16, "var": 531.571838379}, "melbands_crest": {"dmean": 2.53343653679, "dmean2": 4.19673204422, "dvar": 6.7787361145, "dvar2": 17.869354248, "max": 37.218788147, "mean": 11.8295106888, "median": 11.0966892242, "min": 1.52829313278, "var": 20.4563446045}, "melbands_flatness_db": {"dmean": 0.0194539111108, "dmean2": 0.0286395978183, "dvar": 0.000484346877784, "dvar2": 0.000969863089267, "max": 0.481360524893, "mean": 0.214317753911, "median": 0.203932315111, "min": 0.00194364739582, "var": 0.00532508548349}, "melbands_kurtosis": {"dmean": 4.35565233231, "dmean2": 6.98237466812, "dvar": 98.9951705933, "dvar2": 233.368148804, "max": 388.02243042, "mean": 9.35613250732, "median": 4.31297826767, "min": -1.95963668823, "var": 290.42376709}, "melbands_skewness": {"dmean": 0.508987784386, "dmean2": 0.803746402264, "dvar": 0.472522169352, "dvar2": 1.10495591164, "max": 16.2809047699, "mean": 2.14319062233, "median": 1.85341525078, "min": -2.89318704605, "var": 2.06351661682}, "melbands_spread": {"dmean": 4.92283773422, "dmean2": 7.58192062378, "dvar": 99.7302017212, "dvar2": 205.35736084, "max": 302.732696533, "mean": 22.8527011871, "median": 19.3596153259, "min": 0.670021057129, "var": 402.126953125}, "pitch_salience": {"dmean": 0.0547859184444, "dmean2": 0.0898718982935, "dvar": 0.00296096503735, "dvar2": 0.00762173254043, "max": 0.982951462269, "mean": 0.60685390234, "median": 0.614167392254, "min": 0.0521645359695, "var": 0.00925328303128}, "silence_rate_20dB": {"dmean": 0, "dmean2": 0, "dvar": 0, "dvar2": 0, "max": 1, "mean": 1, "median": 1, "min": 1, "var": 0}, "silence_rate_30dB": {"dmean": 0, "dmean2": 0, "dvar": 0, "dvar2": 0, "max": 1, "mean": 1, "median": 1, "min": 1, "var": 0}, "silence_rate_60dB": {"dmean": 0.0119554204866, "dmean2": 0.0239132642746, "dvar": 0.0118126487359, "dvar2": 0.0243510585278, "max": 1, "mean": 0.0891500338912, "median": 0, "min": 0, "var": 0.0811914354563}, "spectral_centroid": {"dmean": 175.281890869, "dmean2": 269.959533691, "dvar": 102381.148438, "dvar2": 192240.46875, "max": 11789.4257812, "mean": 1217.63342285, "median": 1086.60119629, "min": 186.940307617, "var": 1252603.75}, "spectral_complexity": {"dmean": 2.85045599937, "dmean2": 4.38362550735, "dvar": 11.2307271957, "dvar2": 23.3567371368, "max": 56, "mean": 21.1842765808, "median": 21, "min": 0, "var": 127.115615845}, "spectral_decrease": {"dmean": 1.77029435555e-09, "dmean2": 2.83498025055e-09, "dvar": 6.47238885385e-18, "dvar2": 1.65586685926e-17, "max": 4.42907590513e-20, "mean": -6.84184886524e-09, "median": -6.41424957593e-09, "min": -2.81338721209e-08, "var": 2.0855607177e-17}, "spectral_energy": {"dmean": 0.00704054441303, "dmean2": 0.0111986584961, "dvar": 0.000100873010524, "dvar2": 0.000255559076322, "max": 0.111327588558, "mean": 0.0277126785368, "median": 0.025959610939, "min": 1.0081128814e-20, "var": 0.000339977385011}, "spectral_energyband_high": {"dmean": 0.000432035332778, "dmean2": 0.000620381091721, "dvar": 3.30787202074e-06, "dvar2": 6.88108957547e-06, "max": 0.0537775717676, "mean": 0.000710887950845, "median": 0.000199175759917, "min": 6.83675116033e-21, "var": 5.50665072296e-06}, "spectral_energyband_low": {"dmean": 0.00384458247572, "dmean2": 0.00647503882647, "dvar": 5.7454675698e-05, "dvar2": 0.000154843859491, "max": 0.0726064890623, "mean": 0.00760749261826, "median": 0.00463651493192, "min": 1.24147781709e-23, "var": 8.44374371809e-05}, "spectral_energyband_middle_high": {"dmean": 0.00132502859924, "dmean2": 0.0019461492775, "dvar": 4.58374142909e-06, "dvar2": 9.49899367697e-06, "max": 0.047489348799, "mean": 0.00611117808148, "median": 0.00408222060651, "min": 1.20574822094e-21, "var": 4.66341807623e-05}, "spectral_energyband_middle_low": {"dmean": 0.00435241404921, "dmean2": 0.00694607244805, "dvar": 4.27345221397e-05, "dvar2": 0.000109559885459, "max": 0.0994701310992, "mean": 0.0149282328784, "median": 0.0137551585212, "min": 1.51006026397e-22, "var": 0.000111462533823}, "spectral_entropy": {"dmean": 0.15727737546, "dmean2": 0.219712436199, "dvar": 0.0406848676503, "dvar2": 0.0790309011936, "max": 9.82401847839, "mean": 7.3095946312, "median": 7.42180490494, "min": 5.19158935547, "var": 0.405142575502}, "spectral_flux": {"dmean": 0.0207646358758, "dmean2": 0.0319008789957, "dvar": 0.000663133163471, "dvar2": 0.00139251188375, "max": 0.276081770658, "mean": 0.0701159015298, "median": 0.0642462223768, "min": 6.30434870974e-11, "var": 0.00214111898094}, "spectral_kurtosis": {"dmean": 3.16034650803, "dmean2": 5.31357955933, "dvar": 24.1074542999, "dvar2": 70.6344604492, "max": 82.9225311279, "mean": 8.97005844116, "median": 5.87835502625, "min": -1.24370956421, "var": 92.4660568237}, "spectral_rms": {"dmean": 0.000610484334175, "dmean2": 0.000947509135585, "dvar": 5.93350705458e-07, "dvar2": 1.42743124343e-06, "max": 0.0104217212647, "mean": 0.00481130089611, "median": 0.00503253890201, "min": 3.13611983604e-12, "var": 3.88810758523e-06}, "spectral_rolloff": {"dmean": 307.077392578, "dmean2": 504.193328857, "dvar": 529702.6875, "dvar2": 1034685, "max": 19659.8144531, "mean": 1487.00854492, "median": 1119.7265625, "min": 21.533203125, "var": 4405556}, "spectral_skewness": {"dmean": 0.321105480194, "dmean2": 0.517478168011, "dvar": 0.152999952435, "dvar2": 0.402835100889, "max": 6.88952541351, "mean": 2.02805662155, "median": 1.82359552383, "min": -0.409118413925, "var": 0.824953496456}, "spectral_spread": {"dmean": 500700.9375, "dmean2": 707609.375, "dvar": 992659767296, "dvar2": 1781023637500.0, "max": 42486696, "mean": 4264261, "median": 3613435, "min": 882849.375, "var": 16019706871800.0}, "spectral_strongpeak": {"dmean": 0.456254839897, "dmean2": 0.786138772964, "dvar": 0.637242257595, "dvar2": 1.57818293571, "max": 16.2875919342, "mean": 0.887980461121, "median": 0.549665033817, "min": 0, "var": 1.07105469704}, "zerocrossingrate": {"dmean": 0.00754619622603, "dmean2": 0.00885343085974, "dvar": 0.000191423911019, "dvar2": 0.000240003850195, "max": 0.52587890625, "mean": 0.0549623854458, "median": 0.0458984375, "min": 0, "var": 0.00315346126445}, "barkbands": {"dmean": [7.0493115345e-05, 0.002373323543, 0.00163051253185, 0.00150595686864, 0.00234182272106, 0.000904955260921, 0.000655988056678, 0.000488277291879, 0.000939524092246, 0.000482490460854, 0.000355212570867, 0.000323026120896, 0.000283040921204, 0.000365345418686, 0.000257743755355, 0.000181569354027, 0.000159403018188, 0.000157260597916, 0.000103301434137, 5.89359624428e-05, 8.60261061462e-05, 9.29947491386e-05, 9.54428614932e-05, 0.000126860060846, 4.4018659537e-05, 9.58969849307e-06, 1.85627652627e-06], "dmean2": [0.000122587036458, 0.00403059832752, 0.0028059699107, 0.00253099971451, 0.00389679567888, 0.00141089130193, 0.00101225730032, 0.000737726339139, 0.00138486339711, 0.000691278488375, 0.000549938646145, 0.000506411597598, 0.000446900579846, 0.00056038738694, 0.000405739090638, 0.000285903806798, 0.000252236990491, 0.000253062898992, 0.000160910494742, 9.4161456218e-05, 0.00014016496425, 0.000139181924169, 0.000140798336361, 0.000192578343558, 6.54106916045e-05, 1.38250088639e-05, 2.64014579443e-06], "dvar": [2.71771831706e-08, 3.12121628667e-05, 9.00914892554e-06, 5.32237800144e-06, 2.65260259766e-05, 1.85425551535e-06, 1.65344897596e-06, 1.10304256395e-06, 3.84379472962e-06, 1.12247141715e-06, 1.13700980364e-06, 6.33328056665e-07, 5.42388534086e-07, 4.93753930186e-07, 2.23755179718e-07, 1.14002212115e-07, 7.50177520104e-08, 9.49120391169e-08, 4.51257307077e-08, 1.66825611103e-08, 5.8982195128e-08, 1.1143625045e-07, 2.31222585967e-07, 8.25773895485e-07, 5.93745639321e-08, 7.90397691741e-10, 2.71032970373e-11], "dvar2": [7.55245963546e-08, 8.3317499957e-05, 2.54395999946e-05, 1.4588634258e-05, 7.07070867065e-05, 4.5659803618e-06, 3.67667803403e-06, 2.29463921642e-06, 9.13817075343e-06, 2.31556373365e-06, 2.67477548732e-06, 1.47928369643e-06, 1.34822334985e-06, 1.12339796488e-06, 5.48251364307e-07, 2.67928243147e-07, 1.75514017542e-07, 2.38919739104e-07, 1.04753560493e-07, 4.00245383503e-08, 1.47027535036e-07, 2.3891519163e-07, 5.03949763697e-07, 1.89600700651e-06, 1.27124579308e-07, 1.82544923621e-09, 5.91712026599e-11], "max": [0.00240358058363, 0.0682615637779, 0.0385400205851, 0.0473098531365, 0.0835508927703, 0.0329385213554, 0.0383577495813, 0.0295109096915, 0.0431183874607, 0.0276487562805, 0.0337745919824, 0.0236637052149, 0.0186617411673, 0.0179432071745, 0.0132431797683, 0.0114400498569, 0.00550155621022, 0.00785087235272, 0.00740750087425, 0.00343296770006, 0.0104515794665, 0.0146917290986, 0.0139579996467, 0.0320221297443, 0.0102467695251, 0.000973412359599, 0.000160086070537], "mean": [8.11942154542e-05, 0.00343846157193, 0.00273875775747, 0.00281642191112, 0.00411272188649, 0.0025126368273, 0.00168432493228, 0.00105678779073, 0.00222079269588, 0.00117001740728, 0.00079897150863, 0.000736184185371, 0.000575708399992, 0.00089355011005, 0.000593893870246, 0.000425356905907, 0.000392035610275, 0.000389482534956, 0.000295155448839, 0.000123859572341, 0.000125339574879, 0.000134700414492, 0.000140248303069, 0.000172939267941, 6.71527523082e-05, 1.36198013934e-05, 2.36680966736e-06], "median": [3.09236056637e-05, 0.0015399849508, 0.00110878446139, 0.00169864075724, 0.00234026671387, 0.0015880628489, 0.000877744343597, 0.00046587336692, 0.00107478641439, 0.000572921067942, 0.000211984210182, 0.000262587942416, 0.000257970939856, 0.000467841309728, 0.000274382124189, 0.000218298038817, 0.000230308942264, 0.000166289057233, 0.000116690702271, 5.03480914631e-05, 3.31738847308e-05, 2.61959321506e-05, 2.10846574191e-05, 2.19947614823e-05, 1.42692415466e-05, 2.35948550653e-06, 3.61785907899e-07], "min": [4.23149722726e-25, 4.73081304811e-24, 2.67643199505e-25, 1.32156782768e-24, 8.14877222331e-24, 3.78643925947e-24, 4.80110331578e-24, 9.401884871e-24, 1.85598870823e-23, 8.40987729433e-24, 1.65643040726e-23, 2.98057650848e-23, 1.3722492615e-23, 2.44582142701e-23, 4.04905673462e-23, 4.88095378875e-23, 7.27025696066e-23, 8.59876688264e-23, 1.23151991544e-22, 1.67999781613e-22, 2.33582420855e-22, 3.36927566573e-22, 3.70236227487e-22, 5.03492934003e-22, 8.62007521476e-22, 1.37814075873e-21, 1.99138683762e-21], "var": [2.26877521214e-08, 3.26211666106e-05, 1.74524921022e-05, 1.12143907245e-05, 3.51743292413e-05, 8.18767239252e-06, 6.38745268589e-06, 3.76621687792e-06, 9.35015668801e-06, 4.09698395742e-06, 3.91965568269e-06, 2.89830813927e-06, 1.34051288114e-06, 2.0937688987e-06, 7.58336341278e-07, 3.33166411792e-07, 2.34036690472e-07, 3.22824774912e-07, 1.75994699703e-07, 3.58574148152e-08, 8.53287289715e-08, 1.98919266836e-07, 3.79335006073e-07, 1.04617652141e-06, 8.05149937833e-08, 1.09253039948e-09, 3.77446719713e-11]}, "erbbands": {"dmean": [0.063395537436, 0.573119461536, 1.62262272835, 3.44668412209, 7.05956554413, 8.99972820282, 4.52875423431, 8.45099163055, 9.51072597504, 11.3294124603, 10.242808342, 25.3899230957, 14.9630413055, 11.2389450073, 12.3034324646, 13.3232746124, 13.0174684525, 17.2002353668, 10.3764486313, 16.2472648621, 8.92669773102, 7.4729514122, 9.10592937469, 5.51968955994, 4.44575452805, 2.773250103, 2.90282559395, 3.77859330177, 3.49905014038, 2.74603128433, 2.75102782249, 3.13005208969, 1.77565562725, 0.653840184212, 0.257727026939, 0.0615853816271, 0.0144271757454, 0.0028547863476, 0.000320696417475, 2.19270878006e-05], "dmean2": [0.103353559971, 0.990438938141, 2.85916352272, 5.79407930374, 11.8161935806, 15.0828714371, 6.80827903748, 13.5561418533, 15.0873975754, 16.9363479614, 15.1278991699, 37.2619819641, 21.7415046692, 16.6069927216, 19.0107097626, 21.0053977966, 20.3693370819, 26.2351989746, 16.2654685974, 25.4396572113, 13.9938964844, 11.6776599884, 14.5812711716, 8.67268180847, 6.91288709641, 4.39919567108, 4.77647447586, 6.03875255585, 5.31303358078, 4.06893444061, 4.03426790237, 4.74784374237, 2.65355157852, 0.963959038258, 0.389564156532, 0.0913107991219, 0.0203668605536, 0.0039626210928, 0.000451420812169, 3.1590629078e-05], "dvar": [0.0235779620707, 1.756914258, 9.99087715149, 26.4563598633, 138.056274414, 576.457458496, 44.5724830627, 171.132949829, 358.760955811, 410.277526855, 528.138977051, 2988.94335938, 748.094665527, 1332.91418457, 1041.57287598, 1122.38330078, 1076.63378906, 1201.51464844, 413.889190674, 953.89666748, 255.222473145, 173.427337646, 298.452575684, 119.747314453, 86.5145874023, 35.6939353943, 64.3582458496, 130.047409058, 146.393951416, 107.748451233, 229.184295654, 439.033782959, 192.298202515, 18.5545425415, 1.52646684647, 0.0407662764192, 0.00162778247613, 5.966084791e-05, 7.63231469136e-07, 2.94642243936e-09], "dvar2": [0.0606407932937, 4.84574270248, 29.1272506714, 72.2569351196, 380.50100708, 1545.3425293, 102.086219788, 449.038665771, 795.977355957, 916.536132812, 1105.79455566, 7078.24414062, 1591.23986816, 2956.43383789, 2475.43432617, 2679.34472656, 2659.24926758, 2599.9362793, 1000.68920898, 2277.35058594, 589.271240234, 390.35647583, 733.971496582, 272.851898193, 208.962753296, 83.7355957031, 167.760955811, 308.432250977, 304.561004639, 238.061080933, 493.468383789, 1019.56390381, 435.07711792, 38.3143920898, 3.70265269279, 0.0997371450067, 0.00355065939948, 0.000122186902445, 1.65807875874e-06, 6.70307098716e-09], "max": [2.02877259254, 14.8063459396, 34.8335723877, 97.795135498, 193.391311646, 388.878692627, 183.167449951, 264.992828369, 587.018920898, 472.770446777, 832.642944336, 1221.42053223, 803.809326172, 1150.70129395, 817.640258789, 1117.79174805, 926.351745605, 1084.97314453, 496.647766113, 898.270751953, 319.26864624, 304.589996338, 424.070495605, 300.648986816, 254.573669434, 178.71661377, 228.79989624, 616.79486084, 510.780883789, 307.787780762, 453.965209961, 681.21685791, 617.632141113, 189.354324341, 54.2084541321, 7.38525772095, 1.16221213341, 0.181002914906, 0.0240697674453, 0.00210749474354], "mean": [0.0919260159135, 0.81797927618, 2.64030218124, 7.02892208099, 12.2521781921, 14.6994791031, 12.0187168121, 22.1138496399, 24.2149105072, 27.9763221741, 24.7465763092, 58.0401573181, 41.2325782776, 29.4142246246, 32.8798828125, 31.7202911377, 29.0754890442, 42.3164710999, 28.1561927795, 37.9055786133, 23.7151737213, 20.2959861755, 23.5683059692, 15.6328334808, 12.2533817291, 6.10073471069, 4.53851699829, 5.40946388245, 4.99696207047, 4.08900260925, 4.00030517578, 4.3251619339, 2.29269242287, 0.938193023205, 0.397712171078, 0.0906865373254, 0.0207260660827, 0.0038919148501, 0.000424882251536, 5.26895710209e-05], "median": [0.0338927581906, 0.368006110191, 1.25974225998, 4.89771032333, 8.04102325439, 6.76482772827, 8.47039699554, 13.9173822403, 12.5292434692, 15.0097703934, 14.3099737167, 27.5926914215, 26.7980422974, 10.8672027588, 9.7425365448, 12.2225294113, 13.7690515518, 22.5160160065, 15.203540802, 17.2693481445, 13.3365907669, 12.4971532822, 10.6546630859, 7.22630405426, 4.61535358429, 2.58252048492, 1.27027654648, 1.44515728951, 0.998949468136, 0.692175090313, 0.571498513222, 0.53703981638, 0.304397314787, 0.183264553547, 0.0804915055633, 0.0170246735215, 0.00354046723805, 0.000607591413427, 7.93862345745e-05, 3.72918912035e-05], "min": [1.08142227815e-22, 8.61871913131e-22, 2.54688022032e-21, 4.15692467865e-21, 1.85352563709e-20, 2.02706505999e-20, 4.09150091221e-20, 3.94534003668e-20, 5.31867472661e-20, 1.62229220824e-19, 1.83920145382e-19, 5.01824214651e-19, 4.8085446234e-19, 9.44286019438e-19, 1.09372860481e-18, 1.47865803343e-18, 1.12210369155e-18, 1.80936949522e-18, 2.84359899857e-18, 2.61015849674e-18, 3.70007276495e-18, 3.5672006752e-18, 5.00413127245e-18, 5.44896749918e-18, 6.54090215603e-18, 8.83599541567e-18, 9.25087943242e-18, 1.11162081097e-17, 1.11705505672e-17, 1.2355859026e-17, 1.0713864151e-17, 1.04333134386e-17, 8.38916733802e-18, 7.96310149374e-18, 6.76207370822e-18, 4.04409180504e-18, 2.38635816457e-18, 8.67376730637e-19, 2.47241674303e-19, 2.89147057726e-20], "var": [0.0255195125937, 1.76931512356, 14.3429822922, 56.0783424377, 227.763366699, 644.21661377, 165.247802734, 628.508483887, 1358.19470215, 1396.16796875, 1678.47619629, 6871.33300781, 2767.67089844, 5339.54345703, 5736.69189453, 5080.30957031, 3001.25610352, 4998.45019531, 1610.05407715, 3328.74414062, 898.18536377, 623.043029785, 1085.1965332, 472.985778809, 293.113311768, 83.7741394043, 94.8001327515, 198.767242432, 272.17880249, 197.441619873, 366.676330566, 586.589599609, 223.427902222, 24.8713569641, 1.84533369541, 0.0524986125529, 0.00253854691982, 9.54353599809e-05, 1.08222093331e-06, 4.34401492555e-09]}, "gfcc": {"mean": [-30.7857646942, 113.658416748, -119.475028992, 16.4773464203, -51.3008651733, 8.28171253204, -41.4948425293, 7.08384227753, -18.5727729797, -3.14920210838, -14.8420257568, -6.17522621155, -10.5823526382], "cov": [[29333.9453125, 716.866210938, -1722.2800293, 1303.98486328, -1716.59570312, 774.883544922, -926.469604492, 289.004241943, -581.367736816, -207.026138306, -372.342071533, -162.737350464, -305.131774902], [716.866210938, 1847.81115723, -469.257446289, -584.679748535, 234.111251831, -312.681243896, -15.0465993881, -105.828674316, 52.6746025085, -78.3821716309, 87.349281311, -65.2585296631, 78.4276199341], [-1722.2800293, -469.257446289, 1427.38098145, 251.146957397, -106.862129211, 334.197540283, -2.54680895805, 11.6518764496, -20.8194122314, 6.18995714188, -70.4025421143, 22.1793880463, -45.018825531], [1303.98486328, -584.679748535, 251.146957397, 755.089233398, -82.671875, 212.155166626, 22.6145095825, 87.520690918, -18.4711284637, 17.8926715851, -41.5968856812, -33.9188842773, -26.4658412933], [-1716.59570312, 234.111251831, -106.862129211, -82.671875, 408.24206543, -88.5409545898, 106.690170288, 30.4423694611, 77.5534744263, 44.1323280334, 48.6086654663, 15.2337055206, 41.0353317261], [774.883544922, -312.681243896, 334.197540283, 212.155166626, -88.5409545898, 349.165313721, 14.5120239258, 59.841293335, -35.9555549622, -8.2566204071, -25.5468959808, -0.744908094406, -30.5132827759], [-926.469604492, -15.0465993881, -2.54680895805, 22.6145095825, 106.690170288, 14.5120239258, 176.109695435, 22.177942276, 28.0743408203, 27.5065822601, 28.7318000793, 24.2146453857, 16.9947338104], [289.004241943, -105.828674316, 11.6518764496, 87.520690918, 30.4423694611, 59.841293335, 22.177942276, 128.975997925, 21.5563201904, 12.6128282547, 9.19201755524, 7.29007959366, -6.72117376328], [-581.367736816, 52.6746025085, -20.8194122314, -18.4711284637, 77.5534744263, -35.9555549622, 28.0743408203, 21.5563201904, 100.897964478, 41.3449745178, 15.1534118652, 6.66081094742, 15.629576683], [-207.026138306, -78.3821716309, 6.18995714188, 17.8926715851, 44.1323280334, -8.2566204071, 27.5065822601, 12.6128282547, 41.3449745178, 87.4629211426, 18.2188301086, 23.9774799347, 3.8848938942], [-372.342071533, 87.349281311, -70.4025421143, -41.5968856812, 48.6086654663, -25.5468959808, 28.7318000793, 9.19201755524, 15.1534118652, 18.2188301086, 93.748588562, 19.236000061, 12.8608169556], [-162.737350464, -65.2585296631, 22.1793880463, -33.9188842773, 15.2337055206, -0.744908094406, 24.2146453857, 7.29007959366, 6.66081094742, 23.9774799347, 19.236000061, 70.9971542358, 13.1245412827], [-305.131774902, 78.4276199341, -45.018825531, -26.4658412933, 41.0353317261, -30.5132827759, 16.9947338104, -6.72117376328, 15.629576683, 3.8848938942, 12.8608169556, 13.1245412827, 64.4990081787]], "icov": [[0.000202742259717, -0.000492673309054, 0.000459336064523, -0.000535456754733, 0.000684600381646, -0.000595793768298, 0.000736892572604, -0.000580945576075, 0.000756966124754, -0.000745970988646, 0.000810137134977, -0.000875301193446, 0.000565051392186], [-0.000492673309054, 0.00219043157995, -0.00105250731576, 0.00187239679508, -0.00202661496587, 0.00165143818595, -0.00168272666633, 0.00172969419509, -0.00223500235006, 0.00273613282479, -0.00268827308901, 0.00334596307948, -0.00203429954126], [0.000459336064523, -0.00105250731576, 0.00201656878926, -0.00130070128944, 0.00148962624371, -0.00225824164227, 0.00176685478073, -0.000804099836387, 0.00134973705281, -0.00163220055401, 0.00228979042731, -0.00251873512752, 0.0015884191962], [-0.000535456754733, 0.00187239679508, -0.00130070128944, 0.00357280648313, -0.00170709833037, 0.00100245734211, -0.00227087805979, 0.000701233511791, -0.00179807550739, 0.00154114735778, -0.00207349308766, 0.00429127877578, -0.00213683606125], [0.000684600381646, -0.00202661496587, 0.00148962624371, -0.00170709833037, 0.00612211413682, -0.00138776376843, 0.000648347486276, -0.00294211669825, 0.00130099942908, -0.00338285742328, 0.00235789152794, -0.00261842506006, 0.000964438950177], [-0.000595793768298, 0.00165143818595, -0.00225824164227, 0.00100245734211, -0.00138776376843, 0.00671166414395, -0.00296827265993, -0.000204972588108, -0.000926508335397, 0.00253987265751, -0.00244259671308, 0.00284997257404, -0.00119403190911], [0.000736892572604, -0.00168272666633, 0.00176685478073, -0.00227087805979, 0.000648347486276, -0.00296827265993, 0.0102063696831, -0.00202974723652, 0.00221849838272, -0.0031050061807, 0.00178619741928, -0.00483852159232, 0.00139395543374], [-0.000580945576075, 0.00172969419509, -0.000804099836387, 0.000701233511791, -0.00294211669825, -0.000204972588108, -0.00202974723652, 0.0118810152635, -0.00492432946339, 0.0031599290669, -0.0033420890104, 0.00127727212384, -0.000167883772519], [0.000756966124754, -0.00223500235006, 0.00134973705281, -0.00179807550739, 0.00130099942908, -0.000926508335397, 0.00221849838272, -0.00492432946339, 0.0179512742907, -0.00944274943322, 0.00343618984334, -0.00156430655625, -8.83149550646e-06], [-0.000745970988646, 0.00273613282479, -0.00163220055401, 0.00154114735778, -0.00338285742328, 0.00253987265751, -0.0031050061807, 0.0031599290669, -0.00944274943322, 0.0201867446303, -0.00509662507102, -0.00090353487758, -0.000589281320572], [0.000810137134977, -0.00268827308901, 0.00228979042731, -0.00207349308766, 0.00235789152794, -0.00244259671308, 0.00178619741928, -0.0033420890104, 0.00343618984334, -0.00509662507102, 0.0166058000177, -0.00656411284581, 0.00187310797628], [-0.000875301193446, 0.00334596307948, -0.00251873512752, 0.00429127877578, -0.00261842506006, 0.00284997257404, -0.00483852159232, 0.00127727212384, -0.00156430655625, -0.00090353487758, -0.00656411284581, 0.0235976260155, -0.00684383837506], [0.000565051392186, -0.00203429954126, 0.0015884191962, -0.00213683606125, 0.000964438950177, -0.00119403190911, 0.00139395543374, -0.000167883772519, -8.83149550646e-06, -0.000589281320572, 0.00187310797628, -0.00684383837506, 0.0203762464225]]}, "melbands": {"dmean": [0.000616883800831, 0.000787296099588, 0.000649305758998, 0.000605360313784, 0.000195019936655, 0.000188035643077, 0.000141253389302, 0.000121814198792, 0.000103531187051, 0.000145298501593, 7.58873575251e-05, 4.6880748414e-05, 4.68380894745e-05, 3.87490908906e-05, 3.04742370645e-05, 2.53958933172e-05, 3.68208020518e-05, 2.00654303626e-05, 1.8435279344e-05, 1.88503745449e-05, 1.09573784357e-05, 9.1006859293e-06, 9.450838661e-06, 7.63401840231e-06, 4.68721282232e-06, 4.21034201281e-06, 2.33216019296e-06, 1.89699744624e-06, 1.73619605448e-06, 2.38717234424e-06, 2.16626085603e-06, 2.08509504773e-06, 1.74958483967e-06, 1.51845165419e-06, 1.5335056105e-06, 1.92998186321e-06, 1.96881910597e-06, 1.4424258552e-06, 7.69579287407e-07, 5.04283605096e-07], "dmean2": [0.00102017901372, 0.00138526456431, 0.00108731689397, 0.00101544312201, 0.000301717867842, 0.000298960192595, 0.000222464630497, 0.000182275864063, 0.000151152082253, 0.000214322353713, 0.000110283137474, 6.90785673214e-05, 7.27874066797e-05, 6.04980850767e-05, 4.73245127068e-05, 3.93713307858e-05, 5.61981978535e-05, 3.19247956213e-05, 2.90513180516e-05, 2.96308880934e-05, 1.72735035449e-05, 1.43015604408e-05, 1.52944339789e-05, 1.23719628391e-05, 7.41372468838e-06, 6.63685386826e-06, 3.67123493561e-06, 3.07529126076e-06, 2.87382044917e-06, 3.9996743908e-06, 3.4242655147e-06, 3.22099754158e-06, 2.66549295702e-06, 2.28637486543e-06, 2.27532768804e-06, 2.95116819871e-06, 3.04351988234e-06, 2.19041612581e-06, 1.14100089377e-06, 7.57922350658e-07], "dvar": [2.18246827899e-06, 2.60077945313e-06, 8.67431083407e-07, 1.87561215625e-06, 1.1177243664e-07, 8.23697803298e-08, 7.95827688194e-08, 4.92093299442e-08, 4.96648517867e-08, 9.74057030589e-08, 2.01104271014e-08, 2.25861978009e-08, 1.77471068952e-08, 1.00915782397e-08, 6.43231956587e-09, 3.78053277572e-09, 5.50805712152e-09, 1.64207880626e-09, 1.12385234452e-09, 1.15676113133e-09, 4.17904072458e-10, 2.53395832095e-10, 3.12109144085e-10, 2.49400528007e-10, 8.58607837606e-11, 9.02752247955e-11, 2.31015623298e-11, 1.74804719311e-11, 2.44667931748e-11, 4.51241370658e-11, 5.34144881104e-11, 5.29531765658e-11, 4.95304249004e-11, 3.19268465832e-11, 6.45669767652e-11, 1.59422475221e-10, 1.85206835979e-10, 1.3547533928e-10, 3.56051299555e-11, 9.30831453583e-12], "dvar2": [5.65686013942e-06, 7.53182894186e-06, 2.420022156e-06, 5.02912598677e-06, 2.79298802752e-07, 2.10483733554e-07, 1.76240135374e-07, 1.08417580691e-07, 1.07821669815e-07, 2.32204698136e-07, 4.24340882432e-08, 4.95621037544e-08, 4.26713988588e-08, 2.42286564145e-08, 1.48171404035e-08, 8.64481197738e-09, 1.20533725223e-08, 4.05013578231e-09, 2.74430100866e-09, 2.74104183795e-09, 9.7759611517e-10, 5.81139303346e-10, 7.73463182391e-10, 6.32520036348e-10, 1.97618130193e-10, 2.2128456012e-10, 5.22209463172e-11, 4.27880855747e-11, 6.52555995351e-11, 1.18723295084e-10, 1.25479640567e-10, 1.08419571931e-10, 1.18829279749e-10, 6.88499743329e-11, 1.39896608187e-10, 3.64263508246e-10, 4.42814174217e-10, 3.13217063397e-10, 7.71740796268e-11, 1.91470814898e-11], "max": [0.0193259418011, 0.0172721985728, 0.017338976264, 0.0227314662188, 0.00785873550922, 0.00607609702274, 0.00889624096453, 0.00609258981422, 0.00687773758546, 0.00689572654665, 0.00401689577848, 0.00453275023028, 0.00400422513485, 0.00326499086805, 0.00326585373841, 0.00225095171481, 0.00199218932539, 0.000944067374803, 0.000983841251582, 0.0010108621791, 0.0004359682207, 0.000367131986422, 0.000412986206356, 0.000446529709734, 0.000269016600214, 0.000314748875098, 0.000120813267131, 0.000129206673591, 0.000104961676698, 0.000184198099305, 0.000466312747449, 0.000328307331074, 0.00030184185016, 0.000196941458853, 0.000242830559728, 0.000401950645028, 0.000475304987049, 0.000555845559575, 0.000274338293821, 0.000123501755297], "mean": [0.000910742382985, 0.00130812369753, 0.00138871197123, 0.00101187056862, 0.000482447561808, 0.000509846315254, 0.000363011582522, 0.000291853502858, 0.00024077091075, 0.000337433128152, 0.000196325447178, 0.000116569412057, 0.000113326248538, 9.11244569579e-05, 6.80878802086e-05, 5.64182882954e-05, 8.4989820607e-05, 4.86004537379e-05, 4.24032805313e-05, 4.42579803348e-05, 2.58196523646e-05, 2.15827076318e-05, 2.28400185733e-05, 1.77857218659e-05, 1.19786536743e-05, 1.08928643385e-05, 5.72631779505e-06, 3.57937824447e-06, 2.73742375612e-06, 3.04214222524e-06, 3.08704920826e-06, 2.8917970667e-06, 2.43149247581e-06, 2.22477251555e-06, 2.1714115519e-06, 2.62979483523e-06, 2.65606263383e-06, 1.79522987764e-06, 9.80456434263e-07, 7.24642347905e-07], "median": [0.000371547415853, 0.000659658806399, 0.0010622960981, 0.000601250620093, 0.000330491893692, 0.000327065237798, 0.00019213440828, 0.000155353292939, 0.00013871268311, 0.000162833879585, 0.000121534088976, 4.30862455687e-05, 3.08171620418e-05, 2.98461891362e-05, 3.05143057631e-05, 2.74981575785e-05, 4.34194298577e-05, 2.39186592808e-05, 2.04799071071e-05, 2.0860141376e-05, 1.3501079593e-05, 1.23898316815e-05, 1.06882071123e-05, 7.43769396649e-06, 5.2653581406e-06, 3.73454099645e-06, 2.19099069909e-06, 1.32655020479e-06, 6.71716406941e-07, 7.46658542994e-07, 7.72872908783e-07, 5.52795086151e-07, 4.11699971892e-07, 3.3614566064e-07, 2.81522176238e-07, 3.5830004208e-07, 2.93292686138e-07, 2.10745881191e-07, 1.44898606891e-07, 1.4355534006e-07], "min": [1.8134279269e-24, 1.40500120828e-24, 1.59817480435e-24, 1.30001999345e-24, 1.73819445958e-24, 1.01668097642e-24, 8.15888463125e-25, 1.61301564456e-24, 1.13911938727e-24, 2.82778866618e-24, 2.24834015736e-24, 2.95475346229e-24, 3.16882881551e-24, 2.04566956347e-24, 2.61276786317e-24, 1.8126508989e-24, 2.63881328924e-24, 3.79304675842e-24, 2.58626884207e-24, 3.34562654665e-24, 4.22441877836e-24, 3.56685351562e-24, 3.00076436623e-24, 3.81820866028e-24, 4.1807442832e-24, 4.21623829077e-24, 5.06133117347e-24, 5.33069640703e-24, 4.66485757111e-24, 4.30319403392e-24, 4.76868271029e-24, 5.0959724224e-24, 5.13597240346e-24, 6.31519836662e-24, 5.05066498517e-24, 4.93523018005e-24, 5.005011238e-24, 5.44153530851e-24, 5.86085787256e-24, 5.85570108882e-24], "var": [2.38604957303e-06, 3.26752297042e-06, 1.85004137165e-06, 2.26844554163e-06, 2.95849616805e-07, 3.29315184899e-07, 3.12876437647e-07, 1.63601839631e-07, 1.40941494919e-07, 2.27694073374e-07, 7.00753233218e-08, 8.95487275443e-08, 7.16095485132e-08, 4.82336623975e-08, 2.00426750752e-08, 1.08331636994e-08, 2.10259667455e-08, 5.69798208616e-09, 3.6411269555e-09, 4.02727451387e-09, 1.22235976896e-09, 7.61091190071e-10, 1.07181186149e-09, 7.072001873e-10, 3.06905362235e-10, 2.74759187624e-10, 7.14956358006e-11, 3.36005147317e-11, 3.91599426497e-11, 5.11689197957e-11, 8.21487322611e-11, 1.00969989314e-10, 6.93072127467e-11, 6.54856377458e-11, 1.07217339174e-10, 2.05976985468e-10, 2.41453051997e-10, 1.51126791637e-10, 4.20956706992e-11, 1.29012373701e-11]}, "mfcc": {"mean": [-663.513244629, 146.483001709, -8.41537761688, 11.6435136795, 8.38346195221, -1.59187686443, -6.50054597855, 1.24136686325, -2.15531754494, 2.02906608582, -0.547491908073, -1.99876785278, -6.7160077095], "cov": [[13885.2050781, -614.40435791, 396.529876709, 468.502471924, -17.8211650848, 237.370285034, 56.0471763611, 341.254089355, -126.356788635, 154.26940918, 17.919593811, -236.179992676, -367.346282959], [-614.40435791, 2499.15698242, -595.020324707, -285.438415527, 53.2137145996, -207.681930542, -74.6116104126, -136.219512939, -37.4948616028, -76.53881073, -46.6360816956, 8.07462024689, 12.9642066956], [396.529876709, -595.020324707, 1358.03808594, 16.006029129, 67.6143569946, 224.036575317, 40.8923492432, 103.117156982, 1.14322245121, 17.3082962036, 15.7951221466, -60.7257080078, -36.2089347839], [468.502471924, -285.438415527, 16.006029129, 405.317932129, 71.2001647949, 45.8449401855, 37.618270874, 18.0122776031, 55.112449646, 47.5843925476, 29.1073074341, 2.56824088097, 40.9731369019], [-17.8211650848, 53.2137145996, 67.6143569946, 71.2001647949, 210.596099854, 36.4246788025, 25.3159103394, 31.1758232117, 31.5470581055, 44.7472801208, 17.3569164276, 3.85374760628, 9.51177787781], [237.370285034, -207.681930542, 224.036575317, 45.8449401855, 36.4246788025, 190.670547485, 63.0698394775, 44.227104187, 30.4998168945, 27.6765670776, 8.75029087067, 4.30732631683, -6.21829509735], [56.0471763611, -74.6116104126, 40.8923492432, 37.618270874, 25.3159103394, 63.0698394775, 139.191329956, 64.7830963135, 9.26455688477, 23.7318840027, 7.4263677597, 18.4671955109, 6.29609394073], [341.254089355, -136.219512939, 103.117156982, 18.0122776031, 31.1758232117, 44.227104187, 64.7830963135, 125.6222229, 19.7098007202, 26.2976360321, 16.940782547, 6.05425262451, -1.39188373089], [-126.356788635, -37.4948616028, 1.14322245121, 55.112449646, 31.5470581055, 30.4998168945, 9.26455688477, 19.7098007202, 105.566314697, 26.4440402985, 14.3292350769, 10.1264123917, 21.5722503662], [154.26940918, -76.53881073, 17.3082962036, 47.5843925476, 44.7472801208, 27.6765670776, 23.7318840027, 26.2976360321, 26.4440402985, 85.6181793213, 16.904050827, 8.07358551025, 1.31276750565], [17.919593811, -46.6360816956, 15.7951221466, 29.1073074341, 17.3569164276, 8.75029087067, 7.4263677597, 16.940782547, 14.3292350769, 16.904050827, 74.1693572998, 18.7945785522, 13.3015384674], [-236.179992676, 8.07462024689, -60.7257080078, 2.56824088097, 3.85374760628, 4.30732631683, 18.4671955109, 6.05425262451, 10.1264123917, 8.07358551025, 18.7945785522, 84.9185028076, 36.4441108704], [-367.346282959, 12.9642066956, -36.2089347839, 40.9731369019, 9.51177787781, -6.21829509735, 6.29609394073, -1.39188373089, 21.5722503662, 1.31276750565, 13.3015384674, 36.4441108704, 110.871376038]], "icov": [[0.000101392593933, -2.27744749282e-05, 1.84178625204e-05, -0.000181435942068, 0.000107151114207, -0.000132786342874, 0.000179286755156, -0.000370101770386, 0.000231826561503, -0.00014239011216, -1.84122945939e-05, 0.000159007686307, 0.00028672334156], [-2.27744749282e-05, 0.000559327076189, 0.000176276269485, 0.000453701039078, -0.000511646852829, 0.000335543940309, -0.000215765088797, 0.000514611194376, -0.000156979585881, 0.000341271836078, 9.62228878052e-05, 5.07089534949e-05, -0.000171241248609], [1.84178625204e-05, 0.000176276269485, 0.00109072809573, 0.000168083599419, -0.00031390748336, -0.00121065380517, 0.000455671455711, -0.000642509898171, 0.000402660720283, 0.000277218292467, -0.00021434770315, 0.000835206883494, -7.08517545718e-05], [-0.000181435942068, 0.000453701039078, 0.000168083599419, 0.00365126226097, -0.00111429579556, 0.00011517272651, -0.00106088409666, 0.0014455774799, -0.0013787492644, -0.000424302445026, -0.000631925242487, 0.000684604165144, -0.00164413126186], [0.000107151114207, -0.000511646852829, -0.00031390748336, -0.00111429579556, 0.0062366402708, -0.000589471717831, 0.000234029619605, -0.00125693983864, -0.000310486124363, -0.00256166490726, -0.000419209158281, 0.000232644131756, 0.0001915096218], [-0.000132786342874, 0.000335543940309, -0.00121065380517, 0.00011517272651, -0.000589471717831, 0.00861729215831, -0.0033987800125, 0.0010127176065, -0.00225341366604, -0.000416480383137, 0.000376729673008, -0.00102874566801, 0.000558799656574], [0.000179286755156, -0.000215765088797, 0.000455671455711, -0.00106088409666, 0.000234029619605, -0.0033987800125, 0.0115881059319, -0.00590251432732, 0.00192736252211, -0.001073882333, 0.000880494131707, -0.00148487708066, 0.000237427462707], [-0.000370101770386, 0.000514611194376, -0.000642509898171, 0.0014455774799, -0.00125693983864, 0.0010127176065, -0.00590251432732, 0.0135779762641, -0.00241463375278, -0.000661103811581, -0.00155051099136, -0.000311224430334, -0.000594230776187], [0.000231826561503, -0.000156979585881, 0.000402660720283, -0.0013787492644, -0.000310486124363, -0.00225341366604, 0.00192736252211, -0.00241463375278, 0.0123644089326, -0.00246779387817, -0.000688721251208, 0.000300347513985, -0.00120464677457], [-0.00014239011216, 0.000341271836078, 0.000277218292467, -0.000424302445026, -0.00256166490726, -0.000416480383137, -0.001073882333, -0.000661103811581, -0.00246779387817, 0.0155727248639, -0.00171137566213, -0.000949292909354, 0.000797877961304], [-1.84122945939e-05, 9.62228878052e-05, -0.00021434770315, -0.000631925242487, -0.000419209158281, 0.000376729673008, 0.000880494131707, -0.00155051099136, -0.000688721251208, -0.00171137566213, 0.0156076960266, -0.00323837646283, -0.000574854959268], [0.000159007686307, 5.07089534949e-05, 0.000835206883494, 0.000684604165144, 0.000232644131756, -0.00102874566801, -0.00148487708066, -0.000311224430334, 0.000300347513985, -0.000949292909354, -0.00323837646283, 0.0157965812832, -0.00430768588558], [0.00028672334156, -0.000171241248609, -7.08517545718e-05, -0.00164413126186, 0.0001915096218, 0.000558799656574, 0.000237427462707, -0.000594230776187, -0.00120464677457, 0.000797877961304, -0.000574854959268, -0.00430768588558, 0.0122777717188]]}, "spectral_contrast_coeffs": {"dmean": [0.0478490516543, 0.0402432605624, 0.0348255038261, 0.0287609212101, 0.0222022999078, 0.0178190972656], "dmean2": [0.0778932645917, 0.0653718784451, 0.0546187348664, 0.0456083007157, 0.0346640013158, 0.0281798373908], "dvar": [0.00186132977251, 0.00141372182406, 0.00106208235957, 0.000714124238584, 0.000437792594312, 0.000375429721316], "dvar2": [0.00476782675833, 0.00349610066041, 0.00248855096288, 0.00163638277445, 0.000937928212807, 0.000881947635207], "max": [-0.286760807037, -0.380391806364, -0.436872661114, -0.462929129601, -0.524884104729, -0.610723614693], "mean": [-0.626175582409, -0.698843538761, -0.721595406532, -0.762110054493, -0.762075543404, -0.782812356949], "median": [-0.626078248024, -0.707573533058, -0.727003335953, -0.768859565258, -0.76081597805, -0.778681993484], "min": [-0.985021591187, -0.977989494801, -0.97730743885, -0.976776957512, -0.975005805492, -0.966983675957], "var": [0.00936365127563, 0.00814428552985, 0.00655424501747, 0.00481758965179, 0.00393746374175, 0.00225915852934]}, "spectral_contrast_valleys": {"dmean": [0.384526520967, 0.342440783978, 0.327556997538, 0.292741388083, 0.280688166618, 0.283112406731], "dmean2": [0.623196125031, 0.542848706245, 0.504315197468, 0.446251213551, 0.40921869874, 0.362118750811], "dvar": [0.178832903504, 0.175888508558, 0.180158510804, 0.162765160203, 0.163190379739, 0.162061586976], "dvar2": [0.361878305674, 0.33499404788, 0.326098740101, 0.291534274817, 0.291949927807, 0.266504824162], "max": [-5.24601459503, -4.82851409912, -5.36176490784, -5.69105482101, -5.80944252014, -6.79628038406], "mean": [-7.62065029144, -7.02301502228, 