{"lowlevel": {"average_loudness": 0.832482278347, "barkbands_crest": {"dmean": 1.29063880444, "dmean2": 1.99616265297, "dvar": 1.73437345028, "dvar2": 4.13272571564, "max": 22.8167476654, "mean": 11.7967033386, "median": 11.2232189178, "min": 5.06684207916, "var": 12.3952312469}, "barkbands_flatness_db": {"dmean": 0.0141227766871, "dmean2": 0.022910406813, "dvar": 0.000232243008213, "dvar2": 0.000516212137882, "max": 0.550724089146, "mean": 0.42331430316, "median": 0.431840211153, "min": 0.0385085977614, "var": 0.00474101537839}, "barkbands_kurtosis": {"dmean": 1.43551135063, "dmean2": 2.22253131866, "dvar": 6.32457971573, "dvar2": 17.2592315674, "max": 58.7530403137, "mean": 4.94542551041, "median": 3.23269224167, "min": -1.4752061367, "var": 40.3657188416}, "barkbands_skewness": {"dmean": 0.259410649538, "dmean2": 0.392704933882, "dvar": 0.0848671719432, "dvar2": 0.180699586868, "max": 6.13298082352, "mean": 1.11154603958, "median": 1.10821425915, "min": -2.27328038216, "var": 1.09863567352}, "barkbands_spread": {"dmean": 0.454785376787, "dmean2": 0.726353526115, "dvar": 2.90046405792, "dvar2": 7.68668031693, "max": 67.2734451294, "mean": 3.35998439789, "median": 2.649330616, "min": 0.359737277031, "var": 16.4677028656}, "dissonance": {"dmean": 0.0435177758336, "dmean2": 0.0743476822972, "dvar": 0.00190987903625, "dvar2": 0.00525342673063, "max": 0.499991774559, "mean": 0.310919970274, "median": 0.313219130039, "min": 0.125715762377, "var": 0.00623657973483}, "dynamic_complexity": 5.13449525833, "erbbands_crest": {"dmean": 1.5060300827, "dmean2": 2.27551865578, "dvar": 2.45204305649, "dvar2": 5.60193634033, "max": 30.6402835846, "mean": 13.1632680893, "median": 12.7145195007, "min": 2.42615294456, "var": 18.7164173126}, "erbbands_flatness_db": {"dmean": 0.0105775361881, "dmean2": 0.0173406917602, "dvar": 0.000136720293085, "dvar2": 0.000311066629365, "max": 0.508023619652, "mean": 0.403980761766, "median": 0.419764727354, "min": 0.0366067923605, "var": 0.00469917804003}, "erbbands_kurtosis": {"dmean": 0.744489967823, "dmean2": 1.18374109268, "dvar": 1.48772907257, "dvar2": 4.01981258392, "max": 26.79728508, "mean": 2.19657492638, "median": 1.42295789719, "min": -1.53267860413, "var": 7.90724563599}, "erbbands_skewness": {"dmean": 0.201154276729, "dmean2": 0.308523535728, "dvar": 0.0449474528432, "dvar2": 0.107912577689, "max": 4.21155595779, "mean": 0.822059631348, "median": 0.751588284969, "min": -1.14020204544, "var": 0.501315534115}, "erbbands_spread": {"dmean": 1.15578711033, "dmean2": 1.75994682312, "dvar": 8.88621997833, "dvar2": 15.706111908, "max": 131.943756104, "mean": 9.17699146271, "median": 7.53099298477, "min": 1.71652448177, "var": 85.7709884644}, "hfc": {"dmean": 1.35849738121, "dmean2": 1.86104524136, "dvar": 3.04063630104, "dvar2": 5.54366588593, "max": 48.5485992432, "mean": 10.1718015671, "median": 10.1534090042, "min": 1.18481512824e-16, "var": 44.7365760803}, "melbands_crest": {"dmean": 1.70876133442, "dmean2": 2.70006394386, "dvar": 3.2344186306, "dvar2": 8.04242801666, "max": 29.6966686249, "mean": 15.045340538, "median": 14.4907608032, "min": 1.72730767727, "var": 23.9490222931}, "melbands_flatness_db": {"dmean": 0.0159148480743, "dmean2": 0.0257810279727, "dvar": 0.000332454830641, "dvar2": 0.000671326939482, "max": 0.70644390583, "mean": 0.555645406246, "median": 0.571528732777, "min": 0.00553352385759, "var": 0.0103754084557}, "melbands_kurtosis": {"dmean": 1.78545987606, "dmean2": 2.64142084122, "dvar": 23.2343463898, "dvar2": 38.3482055664, "max": 277.893005371, "mean": 6.32230901718, "median": 3.51509284973, "min": -1.31364834309, "var": 260.203369141}, "melbands_skewness": {"dmean": 0.261846780777, "dmean2": 0.394131749868, "dvar": 0.112439721823, "dvar2": 0.188482418656, "max": 13.9557209015, "mean": 1.38287210464, "median": 1.29021334648, "min": -1.03422141075, "var": 1.45750403404}, "melbands_spread": {"dmean": 0.83074015379, "dmean2": 1.25762677193, "dvar": 18.6472473145, "dvar2": 24.3381958008, "max": 171.772415161, "mean": 6.98689413071, "median": 4.01117134094, "min": 0.388045996428, "var": 312.341033936}, "pitch_salience": {"dmean": 0.0435198433697, "dmean2": 0.0699518620968, "dvar": 0.00199378910474, "dvar2": 0.00482506677508, "max": 0.863834559917, "mean": 0.542590081692, "median": 0.544588983059, "min": 0.161189094186, "var": 0.0137625141069}, "silence_rate_20dB": {"dmean": 0, "dmean2": 0, "dvar": 0, "dvar2": 0, "max": 1, "mean": 1, "median": 1, "min": 1, "var": 0}, "silence_rate_30dB": {"dmean": 0.00285171112046, "dmean2": 0.00570613425225, "dvar": 0.00284355855547, "dvar2": 0.00757552636787, "max": 1, "mean": 0.990973889828, "median": 1, "min": 0, "var": 0.00894507393241}, "silence_rate_60dB": {"dmean": 0.00665399245918, "dmean2": 0.0133143132553, "dvar": 0.00660965498537, "dvar2": 0.0188431181014, "max": 1, "mean": 0.129216149449, "median": 0, "min": 0, "var": 0.112518772483}, "spectral_centroid": {"dmean": 23.8896274567, "dmean2": 33.2929458618, "dvar": 29071.7558594, "dvar2": 28744.6660156, "max": 11331.4042969, "mean": 432.520721436, "median": 343.423706055, "min": 130.156448364, "var": 371780.78125}, "spectral_complexity": {"dmean": 0.95342206955, "dmean2": 1.62339520454, "dvar": 1.00830292702, "dvar2": 2.35650110245, "max": 16, "mean": 8.8983373642, "median": 10, "min": 0, "var": 12.3954277039}, "spectral_decrease": {"dmean": 1.14702392029e-09, "dmean2": 1.6768784139e-09, "dvar": 2.09007096135e-18, "dvar2": 4.02847504866e-18, "max": 1.02320697272e-19, "mean": -8.52031512011e-09, "median": -8.20939760615e-09, "min": -4.31858886429e-08, "var": 3.53474128079e-17}, "spectral_energy": {"dmean": 0.00444670254365, "dmean2": 0.00648926943541, "dvar": 3.1308067264e-05, "dvar2": 6.03262706136e-05, "max": 0.166755318642, "mean": 0.0330801531672, "median": 0.0319437123835, "min": 1.05214061963e-20, "var": 0.000528889184352}, "spectral_energyband_high": {"dmean": 1.22332863839e-08, "dmean2": 2.07400816521e-08, "dvar": 3.67097011909e-16, "dvar2": 9.74770915535e-16, "max": 3.23376497136e-07, "mean": 4.82026365489e-08, "median": 4.00058013383e-08, "min": 7.62262363325e-21, "var": 7.56563687499e-16}, "spectral_energyband_low": {"dmean": 0.00132789148483, "dmean2": 0.00211340235546, "dvar": 5.14937119078e-06, "dvar2": 1.12481038741e-05, "max": 0.059068992734, "mean": 0.00503303296864, "median": 0.00303031969815, "min": 4.8457472421e-23, "var": 4.12979243265e-05}, "spectral_energyband_middle_high": {"dmean": 0.000127421735669, "dmean2": 0.000173675172846, "dvar": 5.43097371519e-08, "dvar2": 9.5917606302e-08, "max": 0.00579683296382, "mean": 0.000638883560896, "median": 0.000487703742692, "min": 1.61820074998e-21, "var": 3.82526906151e-07}, "spectral_energyband_middle_low": {"dmean": 0.0040836725384, "dmean2": 0.00600027292967, "dvar": 2.51758046943e-05, "dvar2": 5.02645525557e-05, "max": 0.130632415414, "mean": 0.0292536523193, "median": 0.028622969985, "min": 1.64086829575e-22, "var": 0.000407295359764}, "spectral_entropy": {"dmean": 0.101598478854, "dmean2": 0.161518037319, "dvar": 0.0180143844336, "dvar2": 0.0367276482284, "max": 9.79770755768, "mean": 5.1802945137, "median": 5.08260774612, "min": 4.18710279465, "var": 0.467026919127}, "spectral_flux": {"dmean": 0.0139893908054, "dmean2": 0.0225333217531, "dvar": 0.000267183582764, "dvar2": 0.000638878846075, "max": 0.178400546312, "mean": 0.0365513712168, "median": 0.0316495224833, "min": 1.02573907701e-10, "var": 0.000558462692425}, "spectral_kurtosis": {"dmean": 48.5505180359, "dmean2": 83.6854400635, "dvar": 1957.90307617, "dvar2": 5487.27783203, "max": 472.638122559, "mean": 230.704055786, "median": 240.899383545, "min": -1.26052343845, "var": 7946.54589844}, "spectral_rms": {"dmean": 0.00037289535976, "dmean2": 0.000545805320144, "dvar": 1.69866410715e-07, "dvar2": 3.30983937147e-07, "max": 0.0127549245954, "mean": 0.0051949005574, "median": 0.00558252586052, "min": 3.2038705456e-12, "var": 5.28637656316e-06}, "spectral_rolloff": {"dmean": 46.9142608643, "dmean2": 68.74609375, "dvar": 226527.859375, "dvar2": 233957.53125, "max": 18949.21875, "mean": 880.46673584, "median": 473.73046875, "min": 129.19921875, "var": 7296969.5}, "spectral_skewness": {"dmean": 1.58619308472, "dmean2": 2.77407884598, "dvar": 2.4944434166, "dvar2": 6.75871562958, "max": 17.179189682, "mean": 11.7154092789, "median": 12.4398441315, "min": -0.0317885316908, "var": 9.81889057159}, "spectral_spread": {"dmean": 291230.9375, "dmean2": 496999.84375, "dvar": 716038799360, "dvar2": 1003453153280.0, "max": 42792712, "mean": 1009078, "median": 580581.5, "min": 190817.171875, "var": 3876539072510.0}, "spectral_strongpeak": {"dmean": 0.303615510464, "dmean2": 0.520918607712, "dvar": 0.1700001508, "dvar2": 0.403211981058, "max": 4.30307722092, "mean": 1.14523661137, "median": 0.982868015766, "min": 0, "var": 0.718973815441}, "zerocrossingrate": {"dmean": 0.0021380870603, "dmean2": 0.00265385396779, "dvar": 0.000121475073684, "dvar2": 0.000146349149873, "max": 0.5087890625, "mean": 0.0283924527466, "median": 0.01611328125, "min": 0.0048828125, "var": 0.00545078609139}, "barkbands": {"dmean": [7.46259104289e-07, 0.00017994272639, 0.000754921813495, 0.00136731017847, 0.00169767602347, 0.00172370602377, 0.000720988959074, 0.000609915703535, 0.000103932135971, 5.79876468692e-05, 3.57576391252e-05, 4.94948508276e-05, 2.76220780506e-05, 1.98294164875e-05, 7.84799158282e-06, 1.25434371512e-06, 2.04080876642e-07, 1.82248687253e-08, 2.88551458283e-08, 8.66822791323e-09, 3.67641872501e-09, 1.65158375864e-09, 1.4218241029e-09, 1.382423509e-09, 1.45214618108e-09, 1.60635538204e-09, 1.77867798268e-09], "dmean2": [1.33575622385e-06, 0.000263843219727, 0.00111266912427, 0.00201255013235, 0.00272445147857, 0.002617651131, 0.000980616314337, 0.000700541015249, 0.000138572926517, 8.18272746983e-05, 4.51146261184e-05, 7.17677976354e-05, 3.81034260499e-05, 3.23924759869e-05, 1.16607170639e-05, 1.35313462124e-06, 2.42677174356e-07, 2.825834855e-08, 3.93024848222e-08, 1.26741976914e-08, 5.64427926619e-09, 2.93878588131e-09, 2.53989629329e-09, 2.46576870033e-09, 2.55511456437e-09, 2.82481193992e-09, 3.09675418642e-09], "dvar": [1.10001330961e-12, 2.04106996193e-07, 2.1853763883e-06, 5.46707997273e-06, 6.04187516728e-06, 6.8994272624e-06, 2.64467735178e-06, 1.92039988178e-06, 4.56530031556e-08, 2.13473647648e-08, 5.44614842113e-09, 9.77081526798e-09, 3.996759812e-09, 1.81293668966e-09, 7.47728656769e-10, 4.73126503253e-11, 1.45853793453e-12, 1.10407896526e-15, 5.03734220677e-15, 6.99338882736e-16, 8.86575555431e-17, 4.78359623574e-18, 3.39320344015e-18, 2.92623475535e-18, 2.81462617043e-18, 2.94117218965e-18, 3.18901742146e-18], "dvar2": [3.37296661955e-12, 3.05808583789e-07, 4.10585334976e-06, 1.0162806575e-05, 1.60125400726e-05, 1.32887425934e-05, 4.0767408791e-06, 2.69709289569e-06, 7.02781903783e-08, 3.99630906145e-08, 9.45768086069e-09, 1.75999836927e-08, 7.8231092715e-09, 5.25204857382e-09, 1.69861602561e-09, 5.6186413161e-11, 1.57910544449e-12, 2.67397395899e-15, 8.19240356299e-15, 1.62995661771e-15, 1.69701409856e-16, 1.52262179377e-17, 1.07727048167e-17, 9.25023423155e-18, 9.0764799808e-18, 9.30835442293e-18, 1.00538443325e-17], "max": [1.21581460917e-05, 0.0288158804178, 0.0399297997355, 0.0670042708516, 0.0356986857951, 0.0408073626459, 0.0536055788398, 0.0310493484139, 0.0063938354142, 0.00310687883757, 0.00170309981331, 0.00300713442266, 0.00126780930441, 0.000667800544761, 0.000554238271434, 0.000352649338311, 6.44763422315e-05, 7.10234189683e-07, 1.30582463953e-06, 6.19691547854e-07, 1.93842254248e-07, 3.07147978162e-08, 2.56312429059e-08, 2.56605847682e-08, 2.58530157282e-08, 2.74144067447e-08, 2.86012014072e-08], "mean": [8.9223027544e-07, 0.000563718378544, 0.00271756132133, 0.00772366905585, 0.00728883780539, 0.00612794049084, 0.00449046725407, 0.00300043448806, 0.000433599692769, 0.000265206792392, 0.000149946747115, 0.000181447467185, 7.52732521505e-05, 3.68801520381e-05, 1.79860217031e-05, 5.62054719921e-06, 5.83079497574e-07, 4.35228102447e-08, 8.47788967917e-08, 1.85317592383e-08, 8.69040928109e-09, 3.40840067281e-09, 3.39604677713e-09, 4.04606836923e-09, 5.38452216148e-09, 7.26894011649e-09, 9.25028942333e-09], "median": [5.00647047375e-07, 0.000197226399905, 0.0010984785622, 0.0030112657696, 0.00571533758193, 0.00333586684428, 0.00108411512338, 0.00190673582256, 0.000200881360797, 0.000102297402918, 8.66242844495e-05, 9.81477642199e-05, 2.33361861319e-05, 1.4849208128e-05, 5.6315366237e-06, 5.99134182266e-07, 7.5136973976e-08, 2.62938542051e-08, 2.70129731916e-08, 8.70374083917e-09, 4.51757875553e-09, 2.82032441845e-09, 2.95065061273e-09, 3.65619734488e-09, 5.06806019374e-09, 6.95883217716e-09, 8.9699465633e-09], "min": [9.84593861885e-24, 3.53357526056e-23, 2.57815954918e-24, 5.17793467602e-24, 2.02087578355e-23, 9.16043348057e-24, 3.55165784577e-23, 4.64794794318e-23, 3.36699402756e-23, 8.26354769849e-23, 7.4676047156e-23, 3.58075829348e-23, 1.33243819685e-22, 1.22596355788e-22, 1.77262939772e-22, 1.21678008098e-22, 2.77775216559e-22, 2.37354337186e-22, 2.37121339229e-22, 2.98734758562e-22, 3.57089387185e-22, 4.99067891331e-22, 8.06762166023e-22, 7.65943852214e-22, 1.23765253274e-21, 1.64154224802e-21, 2.29033629257e-21], "var": [1.36871145928e-12, 3.30532861881e-06, 2.19817266043e-05, 9.94456204353e-05, 4.6272212785e-05, 5.29068420292e-05, 4.98987574247e-05, 1.46524953379e-05, 4.61581834088e-07, 1.74185259993e-07, 3.3011001932e-08, 6.43287734192e-08, 1.68562088732e-08, 3.69140096268e-09, 1.89841720122e-09, 4.40743941343e-10, 9.16715921923e-12, 3.14511210722e-15, 2.6259773029e-14, 1.10157386532e-15, 2.61653533135e-16, 4.4293354589e-18, 3.04419463981e-18, 2.69559901619e-18, 2.66076375226e-18, 2.91860939088e-18, 3.49212079972e-18]}, "erbbands": {"dmean": [0.00248047988862, 0.0584633871913, 0.652687907219, 2.74194908142, 5.01660728455, 6.44995689392, 11.4596452713, 14.5548858643, 8.53583145142, 14.8146009445, 8.66870307922, 2.39861273766, 1.98788785934, 1.2787643671, 1.37168526649, 2.24622821808, 1.37114024162, 1.25065612793, 0.412616729736, 0.20296356082, 0.0509717687964, 0.0128007661551, 0.00160318543203, 0.00099841854535, 0.00151214504149, 0.000432774453657, 0.000219730180106, 9.21388345887e-05, 6.11608993495e-05, 5.00301030115e-05, 4.05890423281e-05, 3.12445372401e-05, 2.34549879679e-05, 1.70141702256e-05, 1.19079068099e-05, 7.23089078747e-06, 3.59550608664e-06, 1.25718884192e-06, 2.07609241443e-06, 4.90302136313e-06], "dmean2": [0.00368611863814, 0.0845793932676, 0.936550915241, 4.31352472305, 7.45084095001, 10.4875020981, 18.0113506317, 21.8199195862, 11.9767904282, 18.2406311035, 9.86012172699, 3.13062548637, 2.84325385094, 1.71996152401, 1.7810741663, 3.18204784393, 1.9549612999, 1.9439343214, 0.655283331871, 0.285871207714, 0.0562956370413, 0.0143991848454, 0.00231255893596, 0.00144650100265, 0.00206128018908, 0.000614754972048, 0.000322741252603, 0.000151990185259, 0.000108169107989, 8.86985144462e-05, 7.19923846191e-05, 5.52757483092e-05, 4.13672205468e-05, 2.95270892821e-05, 2.04433727049e-05, 1.24018515635e-05, 6.08250002188e-06, 2.18333821067e-06, 3.02526791529e-06, 7.13912595529e-06], "dvar": [4.46003214165e-05, 0.0177637990564, 1.68921768665, 19.0239925385, 68.4057159424, 109.9270401, 328.312438965, 611.484130859, 336.215820312, 951.528381348, 272.661560059, 16.9779033661, 32.3891639709, 6.33829164505, 9.0116891861, 22.934015274, 8.05983352661, 6.36989498138, 1.17396748066, 0.793396949768, 0.065912373364, 0.0072374464944, 1.92124716705e-05, 7.90238482296e-06, 1.65868987096e-05, 1.36667631523e-06, 4.41776876414e-07, 1.55067585439e-08, 6.45145981082e-09, 4.14409218052e-09, 2.63207411422e-09, 1.44689360493e-09, 7.77601261159e-10, 3.61789376235e-10, 1.52195034353e-10, 5.05460846789e-11, 1.24369178151e-11, 1.44952333556e-12, 6.50128518728e-12, 3.79281536733e-11], "dvar2": [6.51527298032e-05, 0.028288083151, 3.00805306435, 44.1954841614, 135.108612061, 296.314178467, 733.399169922, 1168.33239746, 597.321838379, 1323.39428711, 336.983703613, 31.4299068451, 61.4055709839, 12.302863121, 15.4767723083, 38.5352210999, 16.8996181488, 16.6458091736, 2.7061355114, 1.75442659855, 0.0775378569961, 0.00776676647365, 2.63520560111e-05, 1.48998342411e-05, 2.7716941986e-05, 3.09844813273e-06, 8.43193163291e-07, 3.98044051053e-08, 2.05093488859e-08, 1.31901245481e-08, 8.30544433228e-09, 4.5045043251e-09, 2.45874542948e-09, 1.12994702484e-09, 4.7316328633e-10, 1.51031215312e-10, 3.59878238321e-11, 4.42911592818e-12, 1.23189097812e-11, 7.29907176367e-11], "max": [0.404585361481, 7.67764425278, 37.4123725891, 115.252059937, 240.129364014, 144.086761475, 342.32421875, 415.707885742, 562.945068359, 678.443237305, 458.818267822, 94.4501419067, 107.609634399, 65.6923065186, 67.2857513428, 154.990280151, 51.9503135681, 60.1085662842, 29.2094650269, 21.1440353394, 13.2468233109, 4.65496635437, 0.220795273781, 0.0799906328321, 0.0642352625728, 0.0271318200976, 0.0140721462667, 0.00170443917159, 0.00113036506809, 0.000934352749027, 0.00077580974903, 0.000619856757112, 0.000479206239106, 0.000357394455932, 0.000247982476139, 0.000163689343026, 8.69360810611e-05, 2.19733392441e-05, 7.76236920501e-05, 0.000183979864232], "mean": [0.00840402580798, 0.209610044956, 2.58395433426, 12.1342611313, 29.9136505127, 22.65558815, 36.9461250305, 55.0688972473, 51.1176300049, 83.543586731, 45.691493988, 11.4430294037, 9.06985473633, 5.1103758812, 6.3775305748, 8.52142238617, 4.07874441147, 2.78057813644, 0.934088230133, 0.612229526043, 0.231096684933, 0.0421285331249, 0.00449391687289, 0.00293631106615, 0.00436595408246, 0.00106005521957, 0.000540604349226, 0.000221113179578, 0.000138860952575, 0.000120726886962, 0.000111131128506, 9.91385240923e-05, 8.66509944899e-05, 7.35518551664e-05, 5.83940891374e-05, 4.09329841204e-05, 2.30308251048e-05, 6.81737037667e-06, 1.66267545865e-05, 3.66644489986e-05], "median": [0.0026646759361, 0.0882351249456, 1.11756443977, 6.24092054367, 15.1001310349, 14.5297784805, 25.4108715057, 26.1205120087, 20.0249996185, 50.1046218872, 33.7682723999, 8.59624671936, 3.09792423248, 3.4709239006, 3.33599090576, 4.39719772339, 1.95157718658, 1.57233381271, 0.455074608326, 0.149442583323, 0.0366730317473, 0.00569594651461, 0.00238443212584, 0.00154426367953, 0.00127630704083, 0.000493424828164, 0.000276879873127, 0.000155232570251, 0.000116724571853, 0.000104549333628, 9.85585647868e-05, 8.98902144399e-05, 8.08944896562e-05, 7.02176694176e-05, 5.66374728805e-05, 3.97915937356e-05, 2.2483884095e-05, 6.63479295326e-06, 1.62181841006e-05, 3.54737094312e-05], "min": [1.55652500432e-21, 5.73942014518e-21, 4.78499467827e-21, 1.18151239445e-20, 1.60867355187e-20, 9.86152447824e-20, 9.57943650231e-20, 8.89383302147e-20, 3.20005237272e-19, 1.03187255559e-18, 7.384636307e-19, 6.5832921639e-19, 1.42791050285e-18, 3.87926945054e-18, 2.19629315291e-18, 1.49505554491e-18, 5.09457065113e-18, 6.08990260655e-18, 9.95040539695e-18, 8.72853638229e-18, 9.10296795837e-18, 1.36701960797e-17, 1.43702299332e-17, 1.21033240937e-17, 1.02264967787e-17, 1.56089659877e-17, 1.53419140356e-17, 1.50334302611e-17, 2.04218237376e-17, 1.64981917636e-17, 2.31970510887e-17, 1.56401788209e-17, 1.34108733033e-17, 1.26794049323e-17, 9.57807237808e-18, 5.31067117257e-18, 2.79004318981e-18, 1.63196851535e-18, 3.15324222186e-19, 3.3945857365e-20], "var": [0.000612021132838, 0.261177927256, 17.8787937164, 199.111602783, 1299.07995605, 570.58782959, 1627.74731445, 5585.56933594, 5341.01025391, 10086.921875, 2616.55249023, 134.805343628, 218.990646362, 31.931016922, 64.954788208, 158.614425659, 32.9699897766, 15.6353311539, 3.0249838829, 2.34396743774, 0.613173127174, 0.0481016077101, 0.000115797236504, 3.31035371346e-05, 7.74380532675e-05, 2.79340429188e-06, 1.25299550291e-06, 4.02565696334e-08, 6.93905155558e-09, 4.21511181514e-09, 2.81078316178e-09, 1.77109638066e-09, 1.05853592558e-09, 6.3846311571e-10, 3.70923430859e-10, 1.87595591838e-10, 6.08761305254e-11, 2.85305785074e-12, 1.11693057581e-10, 6.40478281522e-10]}, "gfcc": {"mean": [-231.377868652, 248.881195068, -51.0030937195, -67.5656967163, -37.3770675659, -10.78647995, -34.7594032288, -26.5573730469, -17.9952545166, -5.86277151108, -6.7885556221, -20.6760292053, -12.5178089142], "cov": [[10680.2431641, 6246.57519531, -1083.1776123, -2043.85339355, 581.216186523, -654.434265137, -433.246124268, -693.718566895, 190.188522339, -187.755325317, 148.038330078, -573.833984375, 163.35295105], [6246.57519531, 4255.15673828, -48.7891654968, -1147.34533691, 259.456604004, -270.151794434, -166.368347168, -420.267242432, 77.5373153687, -142.184082031, 108.143585205, -336.859893799, 10.2390298843], [-1083.1776123, -48.7891654968, 997.15637207, 450.64630127, -153.703460693, 219.156890869, 178.147445679, 68.0654602051, -77.9608535767, -44.1551742554, -11.2138357162, 57.8224830627, -137.953338623], [-2043.85339355, -1147.34533691, 450.64630127, 641.220397949, -40.5061759949, 159.199127197, 121.870674133, 152.807571411, -57.6568908691, 15.7770519257, -60.5139770508, 97.1173095703, -32.3342399597], [581.216186523, 259.456604004, -153.703460693, -40.5061759949, 196.214096069, -24.0613861084, -56.366973877, -41.7415390015, 22.507768631, -33.6053962708, -22.7943153381, -37.7103462219, 40.6933364868], [-654.434265137, -270.151794434, 219.156890869, 159.199127197, -24.0613861084, 138.070663452, 73.5812225342, 36.4433822632, -23.3681488037, -0.343028306961, -13.0484380722, 35.561050415, -50.5032653809], [-433.246124268, -166.368347168, 178.147445679, 121.870674133, -56.366973877, 73.5812225342, 102.198738098, 56.7249565125, -22.0756931305, 14.4897146225, 5.84718179703, 4.50128221512, -41.1162986755], [-693.718566895, -420.267242432, 68.0654602051, 152.807571411, -41.7415390015, 36.4433822632, 56.7249565125, 99.2992553711, 15.9255285263, 31.7681350708, 7.97284173965, 45.8271484375, -9.51395988464], [190.188522339, 77.5373153687, -77.9608535767, -57.6568908691, 22.507768631, -23.3681488037, -22.0756931305, 15.9255285263, 68.7375869751, 35.9285011292, 25.151342392, 11.6847076416, 13.3322696686], [-187.755325317, -142.184082031, -44.1551742554, 15.7770519257, -33.6053962708, -0.343028306961, 14.4897146225, 31.7681350708, 35.9285011292, 76.1890563965, 40.4087219238, 20.557598114, 2.39224433899], [148.038330078, 108.143585205, -11.2138357162, -60.5139770508, -22.7943153381, -13.0484380722, 5.84718179703, 7.97284173965, 25.151342392, 40.4087219238, 76.1356277466, 41.0279273987, -3.51086091995], [-573.833984375, -336.859893799, 57.8224830627, 97.1173095703, -37.7103462219, 35.561050415, 4.50128221512, 45.8271484375, 11.6847076416, 20.557598114, 41.0279273987, 121.800857544, 22.9002170563], [163.35295105, 10.2390298843, -137.953338623, -32.3342399597, 40.6933364868, -50.5032653809, -41.1162986755, -9.51395988464, 13.3322696686, 2.39224433899, -3.51086091995, 22.9002170563, 96.3906707764]], "icov": [[0.00289393006824, -0.00445647630841, 0.00453054951504, -0.00381630682386, 0.00189820223022, 0.000988659565337, -0.00205468130298, 0.00437484448776, -0.00481973541901, 0.00520276743919, -0.00324887223542, 0.00159248360433, 8.57944323798e-05], [-0.00445647630841, 0.00925208162516, -0.0107650319114, 0.0111119449139, -0.00731647992507, 0.00194394274149, 0.00037692632759, -0.0040792808868, 0.00674273492768, -0.00898807682097, 0.00414893403649, -0.000688102445565, -0.00163921178319], [0.00453054951504, -0.0107650319114, 0.0184970982373, -0.0214297585189, 0.0170429050922, -0.00925690028816, -0.00112252263352, 0.0109634492546, -0.0170364361256, 0.0240808986127, -0.016021836549, 0.00656696083024, 0.000923049927223], [-0.00381630682386, 0.0111119449139, -0.0214297585189, 0.032403871417, -0.0257595237345, 0.0150302294642, -0.00462579540908, -0.0158751346171, 0.0264865979552, -0.0358576476574, 0.0303715728223, -0.0164005067199, 0.00292582414113], [0.00189820223022, -0.00731647992507, 0.0170429050922, -0.0257595237345, 0.0316197685897, -0.0224943254143, 0.0128476293758, 0.00771276792511, -0.0247107762843, 0.0370139144361, -0.0316149443388, 0.0227205883712, -0.00963241141289], [0.000988659565337, 0.00194394274149, -0.00925690028816, 0.0150302294642, -0.0224943254143, 0.0445149838924, -0.034840926528, 0.0146227702498, 0.00709646800533, -0.0271625276655, 0.0395504049957, -0.0346617102623, 0.0186808742583], [-0.00205468130298, 0.00037692632759, -0.00112252263352, -0.00462579540908, 0.0128476293758, -0.034840926528, 0.0628547668457, -0.0411796309054, 0.0188621077687, 0.00542006269097, -0.0303150527179, 0.0326972156763, -0.0122637795284], [0.00437484448776, -0.0040792808868, 0.0109634492546, -0.0158751346171, 0.00771276792511, 0.0146227702498, -0.0411796309054, 0.0650334581733, -0.0430633090436, 0.0224548112601, -0.0068582338281, -0.00599940121174, 0.00321807898581], [-0.00481973541901, 0.00674273492768, -0.0170364361256, 0.0264865979552, -0.0247107762843, 0.00709646800533, 0.0188621077687, -0.0430633090436, 0.0685684233904, -0.0561477020383, 0.0343321599066, -0.0215092636645, 0.00817002914846], [0.00520276743919, -0.00898807682097, 0.0240808986127, -0.0358576476574, 0.0370139144361, -0.0271625276655, 0.00542006269097, 0.0224548112601, -0.0561477020383, 0.0900233834982, -0.0735723152757, 0.0460724718869, -0.01884964481], [-0.00324887223542, 0.00414893403649, -0.016021836549, 0.0303715728223, -0.0316149443388, 0.0395504049957, -0.0303150527179, -0.0068582338281, 0.0343321599066, -0.0735723152757, 0.101922512054, -0.0689152702689, 0.0299463216215], [0.00159248360433, -0.000688102445565, 0.00656696083024, -0.0164005067199, 0.0227205883712, -0.0346617102623, 0.0326972156763, -0.00599940121174, -0.0215092636645, 0.0460724718869, -0.0689152702689, 0.0649707838893, -0.0292403511703], [8.57944323798e-05, -0.00163921178319, 0.000923049927223, 0.00292582414113, -0.00963241141289, 0.0186808742583, -0.0122637795284, 0.00321807898581, 0.00817002914846, -0.01884964481, 0.0299463216215, -0.0292403511703, 0.0290217138827]]}, "melbands": {"dmean": [3.52141250914e-05, 0.000244734575972, 0.000529343495145, 0.000361649465049, 0.000372548704036, 0.000317152967909, 0.000142283082823, 0.000161327698152, 6.24414824415e-05, 1.29314848891e-05, 9.73667920334e-06, 5.04940680912e-06, 4.00937778977e-06, 5.30137640453e-06, 4.75797787658e-06, 2.69494012173e-06, 2.49781373896e-06, 5.99638781296e-07, 6.32693286207e-07, 1.13965626269e-07, 3.71702491009e-08, 1.64906506228e-08, 2.12220507834e-09, 8.467467838e-10, 8.27763801947e-10, 1.44825940129e-09, 5.38266431427e-10, 2.36952152344e-10, 1.51206477894e-10, 8.56662171755e-11, 4.88200660453e-11, 3.69931134336e-11, 3.16367036735e-11, 2.77093660517e-11, 2.4675298263e-11, 2.21491314872e-11, 1.93769965351e-11, 1.76425384718e-11, 1.61655463321e-11, 1.50386526149e-11], "dmean2": [5.15169085702e-05, 0.000351773749571, 0.000784836476669, 0.000576503633056, 0.000587152666412, 0.000474376603961, 0.000196398526896, 0.000195511776838, 7.13355693733e-05, 1.77445035661e-05, 1.3942930309e-05, 6.86000248606e-06, 5.20534649695e-06, 7.25366589904e-06, 7.22702907296e-06, 3.45489002029e-06, 4.04459751735e-06, 9.59193926064e-07, 9.27927487737e-07, 1.25974182197e-07, 4.07840268224e-08, 1.89129778505e-08, 3.52809337301e-09, 1.24984489425e-09, 1.25670296391e-09, 1.95356575361e-09, 7.66492203041e-10, 3.38882671924e-10, 2.23118287734e-10, 1.31985172791e-10, 8.32324764666e-11, 6.54306261949e-11, 5.60798456284e-11, 4.90001858533e-11, 4.38473805875e-11, 3.89126265932e-11, 3.43760471477e-11, 3.10261018266e-11, 2.82925124301e-11, 2.6307339987e-11], "dvar": [9.34352062387e-09, 2.34207604421e-07, 7.96055928731e-07, 2.5560578365e-07, 3.19982547126e-07, 2.67956124844e-07, 9.65374908901e-08, 1.21821742027e-07, 1.45048719702e-08, 5.77250414135e-10, 7.92706067454e-10, 9.6943446326e-11, 6.84030540543e-11, 1.16335718836e-10, 6.9218901444e-11, 4.75584259474e-11, 2.82232917592e-11, 2.04957231742e-12, 6.98381803776e-12, 3.44405873178e-13, 3.43228727774e-14, 1.25371514927e-14, 2.13489509292e-17, 2.76994104656e-18, 7.35469278242e-18, 1.65278180644e-17, 2.42571148901e-18, 3.07870445987e-19, 2.06106602826e-19, 2.94044645498e-20, 3.67717365586e-21, 2.19209829546e-21, 1.59116198078e-21, 1.17855607194e-21, 9.16837721523e-22, 6.73035525599e-22, 5.02724671834e-22, 3.96280123174e-22, 3.16517652362e-22, 2.51854963775e-22], "dvar2": [1.29801511761e-08, 4.26863891789e-07, 1.46848799432e-06, 6.41630776954e-07, 7.67723065564e-07, 5.10390520958e-07, 1.6468669628e-07, 1.71655955228e-07, 1.79387100729e-08, 1.18386889181e-09, 1.49838297325e-09, 1.87939025453e-10, 1.17518633713e-10, 1.93309160346e-10, 1.57982099624e-10, 7.18703430103e-11, 8.02350824669e-11, 4.95590764607e-12, 1.58665997008e-11, 4.12881724253e-13, 3.98841929535e-14, 1.35490111223e-14, 4.59363371176e-17, 6.12877637303e-18, 1.43944878318e-17, 2.72819435774e-17, 5.2918499185e-18, 7.11810475497e-19, 4.01676682408e-19, 5.63320143036e-20, 1.07109896919e-20, 6.96087591203e-21, 5.063315105e-21, 3.77088255639e-21, 2.90453304352e-21, 2.11199142691e-21, 1.57496117593e-21, 1.27571707828e-21, 1.01258771445e-21, 7.97216772365e-22], "max": [0.00629418157041, 0.0130407009274, 0.0273964703083, 0.00993928778917, 0.00984479580075, 0.00870125181973, 0.00849651452154, 0.00742133287713, 0.0034130171407, 0.000505188887473, 0.000529451470356, 0.000238056920352, 0.000171748950379, 0.000324499909766, 0.000180490358616, 0.000175569410203, 9.78702009888e-05, 3.840313002e-05, 6.14590899204e-05, 2.98204904539e-05, 9.57564225246e-06, 6.07469928582e-06, 1.85817285114e-07, 3.09520729047e-08, 7.84812641541e-08, 6.26706651019e-08, 3.4440791552e-08, 1.24069945429e-08, 9.55087831045e-09, 3.74710040774e-09, 7.73085429007e-10, 6.30722141182e-10, 5.4769000446e-10, 4.73343919616e-10, 4.23170692931e-10, 3.73439029699e-10, 3.32014526983e-10, 2.84783779891e-10, 2.80805073638e-10, 2.39230218968e-10], "mean": [0.000114901267807, 0.000935262185521, 0.00310289091431, 0.00175254722126, 0.00129490718246, 0.00117436680011, 0.000873803975992, 0.000890075287316, 0.000322314503137, 5.40151850146e-05, 4.29651081504e-05, 1.89242018678e-05, 1.77687379619e-05, 2.19841258513e-05, 1.45068706843e-05, 8.48894160299e-06, 4.72843521493e-06, 1.23419499687e-06, 1.55106226885e-06, 4.98351880651e-07, 1.67381230654e-07, 4.88857985204e-08, 4.33367208785e-09, 1.89658777572e-09, 2.03590522219e-09, 4.08933154006e-09, 1.26793486821e-09, 5.36401256745e-10, 3.33865268765e-10, 2.00316457866e-10, 1.00006052051e-10, 7.26282992081e-11, 6.33113700355e-11, 5.84607640075e-11, 5.55034004868e-11, 5.30781738006e-11, 4.97040707204e-11, 4.79496997663e-11, 4.71393167556e-11, 4.64305364989e-11], "median": [3.58041397703e-05, 0.000387373554986, 0.00143069750629, 0.00126341357827, 0.000983489793725, 0.000584357301705, 0.000274407531833, 0.000542251102161, 0.000226516684052, 3.59024452337e-05, 1.21212051454e-05, 1.23236304717e-05, 9.52071059146e-06, 1.25266815303e-05, 9.32392867981e-06, 1.83507825113e-06, 2.30141540669e-06, 5.84101144341e-07, 3.39343017686e-07, 6.04047230013e-08, 2.51050646938e-08, 4.19861745371e-09, 1.99941818657e-09, 1.16461551514e-09, 9.28587040594e-10, 9.62815160932e-10, 5.39574496194e-10, 2.41231062903e-10, 1.69479472123e-10, 1.0889923685e-10, 7.26482762836e-11, 5.95250376767e-11, 5.30332756876e-11, 4.99467550652e-11, 4.84995932304e-11, 4.76501893498e-11, 4.45835243723e-11, 4.39168527933e-11, 4.358570449e-11, 4.35707789292e-11], "min": [1.21187273506e-23, 4.21532360655e-24, 1.95646438345e-24, 3.6847448336e-24, 4.06696490269e-24, 2.34149989711e-24, 5.01581113822e-24, 1.19259258011e-23, 5.60570278492e-24, 4.38308316109e-24, 7.67395053357e-24, 1.59857124639e-23, 7.92557507423e-24, 4.55300458893e-24, 4.80780863347e-24, 1.54713499102e-23, 9.23840685903e-24, 1.62383483243e-23, 1.39224767431e-23, 8.42649386044e-24, 1.26448100108e-23, 1.56064139412e-23, 1.2278431452e-23, 1.18205552834e-23, 9.77125557923e-24, 7.88572655446e-24, 6.76122978876e-24, 1.14235917984e-23, 8.67837320317e-24, 8.8857252921e-24, 9.34448498495e-24, 1.20366242853e-23, 8.78888472738e-24, 9.87940130959e-24, 1.33316751453e-23, 1.3647380435e-23, 7.5330962635e-24, 9.34240318102e-24, 1.0102449364e-23, 1.0225002061e-23], "var": [1.53304426931e-07, 2.38861230173e-06, 1.42023491208e-05, 2.98298573398e-06, 1.66102336152e-06, 2.36629762185e-06, 1.68300675796e-06, 1.10459802727e-06, 1.42122573266e-07, 3.85011045267e-09, 5.3392033017e-09, 4.7887915855e-10, 4.7791287594e-10, 8.04946220789e-10, 3.23117393952e-10, 2.83018469771e-10, 5.62848552488e-11, 4.99148292143e-12, 1.88546140506e-11, 3.1611792177e-12, 3.26217243322e-13, 7.9554384727e-14, 9.093892629e-17, 6.96954756305e-18, 2.92266269995e-17, 8.07872695044e-17, 5.16875179487e-18, 6.6103849139e-19, 5.49596945255e-19, 9.60914327229e-20, 6.55841376993e-21, 2.22554276667e-21, 1.48963888919e-21, 1.10263912765e-21, 8.53137039343e-22, 6.64230626206e-22, 4.95832375172e-22, 3.85606595313e-22, 3.22296456079e-22, 2.60397860373e-22]}, "mfcc": {"mean": [-864.283752441, 266.575378418, 57.7526626587, -27.478975296, -4.9921169281, 9.29337024689, -8.97821140289, -21.2798919678, -12.8361186981, -3.06144785881, -4.18848705292, -4.03503131866, -0.339442849159], "cov": [[5213.76513672, 4318.24902344, -380.646484375, -1328.72705078, -80.8644104004, 162.692337036, -439.70123291, -602.878234863, -200.176116943, 31.0801391602, -159.43548584, -160.489807129, 82.1421966553], [4318.24902344, 3763.96313477, 5.61642074585, -1000.89483643, -125.933891296, 145.775924683, -291.139587402, -458.631958008, -188.915390015, 5.68172073364, -84.3882522583, -95.5715103149, 41.6739006042], [-380.646484375, 5.61642074585, 619.860473633, 350.891204834, -60.8203239441, -1.73747587204, 168.768356323, 133.234115601, -8.94222450256, -22.1184768677, 81.299369812, 52.0330238342, -53.381149292], [-1328.72705078, -1000.89483643, 350.891204834, 579.404724121, 111.78326416, -27.8735961914, 160.524627686, 222.773010254, 86.3299560547, -5.83579206467, 32.3651199341, 31.4847240448, -32.0874023438], [-80.8644104004, -125.933891296, -60.8203239441, 111.78326416, 177.70703125, 59.3727607727, -25.1071929932, 29.4781742096, 59.2896766663, -11.2922935486, -45.347869873, 4.45220327377, 17.1467323303], [162.692337036, 145.775924683, -1.73747587204, -27.8735961914, 59.3727607727, 80.7162857056, 15.7498435974, -10.2830028534, 2.72126626968, -3.67882394791, -4.12711811066, 7.08646821976, -6.29667472839], [-439.70123291, -291.139587402, 168.768356323, 160.524627686, -25.1071929932, 15.7498435974, 133.06539917, 98.3141708374, 1.73775374889, 3.84111833572, 49.5919113159, 13.3951044083, -39.0537796021], [-602.878234863, -458.631958008, 133.234115601, 222.773010254, 29.4781742096, -10.2830028534, 98.3141708374, 140.218276978, 46.9776344299, -21.3749885559, 22.5575504303, 34.8399353027, -18.1417064667], [-200.176116943, -188.915390015, -8.94222450256, 86.3299560547, 59.2896766663, 2.72126626968, 1.73775374889, 46.9776344299, 64.1942214966, 23.4876232147, -18.4014015198, -17.3329029083, -1.45621287823], [31.0801391602, 5.68172073364, -22.1184768677, -5.83579206467, -11.2922935486, -3.67882394791, 3.84111833572, -21.3749885559, 23.4876232147, 96.2208862305, 33.4710464478, -60.2596473694, -26.1137390137], [-159.43548584, -84.3882522583, 81.299369812, 32.3651199341, -45.347869873, -4.12711811066, 49.5919113159, 22.5575504303, -18.4014015198, 33.4710464478, 106.796470642, 62.1658401489, -14.3930587769], [-160.489807129, -95.5715103149, 52.0330238342, 31.4847240448, 4.45220327377, 7.08646821976, 13.3951044083, 34.8399353027, -17.3329029083, -60.2596473694, 62.1658401489, 156.563674927, 60.2105484009], [82.1421966553, 41.6739006042, -53.381149292, -32.0874023438, 17.1467323303, -6.29667472839, -39.0537796021, -18.1417064667, -1.45621287823, -26.1137390137, -14.3930587769, 60.2105484009, 83.8413467407]], "icov": [[98.694694519, -132.424377441, 112.610351562, -84.5663757324, 54.1517829895, -26.9576530457, 6.82423973083, 4.81818246841, -8.9746799469, 8.18333148956, -5.25448656082, 2.44255042076, -0.680076062679], [-132.424377441, 183.464370728, -172.338592529, 154.809371948, -132.377243042, 107.038764954, -81.1248703003, 56.8857536316, -36.2454681396, 20.4542732239, -9.77236461639, 3.66656637192, -0.86729067564], [112.610351562, -172.338592529, 206.530715942, -248.379318237, 281.213317871, -291.177490234, 272.276519775, -227.351318359, 167.27583313, -106.247032166, 55.8784713745, -22.7609653473, 5.77639055252], [-84.5663757324, 154.809371948, -248.379318237, 368.107086182, -473.554260254, 530.12298584, -520.893249512, 449.393981934, -338.15725708, 218.25932312, -116.144844055, 47.7534637451, -12.2156400681], [54.1517829895, -132.377243042, 281.213317871, -473.554260254, 647.00012207, -747.647705078, 748.39666748, -653.286560059, 495.473907471, -321.640777588, 171.909835815, -70.949760437, 18.2219429016], [-26.9576530457, 107.038764954, -291.177490234, 530.12298584, -747.647705078, 877.652893066, -886.439025879, 778.179138184, -592.506591797, 385.76574707, -206.67880249, 85.4952011108, -22.0207710266], [6.82423973083, -81.1248703003, 272.276519775, -520.893249512, 748.39666748, -886.439025879, 899.995544434, -792.781799316, 605.155212402, -394.859985352, 211.986068726, -87.9050064087, 22.7345123291], [4.81818246841, 56.8857536316, -227.351318359, 449.393981934, -653.286560059, 778.179138184, -792.781799316, 700.068908691, -535.447509766, 350.066650391, -188.336257935, 78.3132781982, -20.3482513428], [-8.9746799469, -36.2454681396, 167.27583313, -338.15725708, 495.473907471, -592.506591797, 605.155212402, -535.447509766, 410.318725586, -268.800933838, 144.963424683, -60.4840774536, 15.814696312], [8.18333148956, 20.4542732239, -106.247032166, 218.25932312, -321.640777588, 385.76574707, -394.859985352, 350.066650391, -268.800933838, 176.577987671, -95.5428771973, 40.0713005066, -10.5776901245], [-5.25448703766, -9.77236461639, 55.8784713745, -116.144844055, 171.909835815, -206.67880249, 211.986068726, -188.336257935, 144.963424683, -95.5428771973, 51.9312591553, -21.9268722534, 5.86545419693], [2.44255042076, 3.66656637192, -22.7609653473, 47.7534637451, -70.949760437, 85.4952011108, -87.9050064087, 78.3132781982, -60.4840774536, 40.0713005066, -21.9268722534, 9.37125873566, -2.56510901451], [-0.680076062679, -0.86729067564, 5.77639055252, -12.2156400681, 18.2219429016, -22.0207710266, 22.7345123291, -20.3482513428, 15.814696312, -10.5776901245, 5.86545419693, -2.56510901451, 0.747551083565]]}, "spectral_contrast_coeffs": {"dmean": [0.0347466953099, 0.031857136637, 0.026353597641, 0.0238747447729, 0.0153859052807, 0.017319727689], "dmean2": [0.0568966157734, 0.0517108812928, 0.0423010066152, 0.0386677756906, 0.0246064420789, 0.0304556395859], "dvar": [0.000874628429301, 0.000960602832492, 0.000702262099367, 0.00064163969364, 0.000213317747694, 0.000224687551963], "dvar2": [0.00223913346417, 0.00228519877419, 0.00171856966335, 0.00152606412303, 0.000482884352095, 0.000660538964439], "max": [-0.267334222794, -0.403069555759, -0.530352115631, -0.517850995064, -0.64728808403, -0.834892392159], "mean": [-0.525983691216, -0.630810558796, -0.705763876438, -0.688086330891, -0.822882950306, -0.896132707596], "median": [-0.511702716351, -0.620488762856, -0.699961185455, -0.676029503345, -0.81876707077, -0.893866121769], "min": [-0.967797398567, -0.963365256786, -0.949986755848, -0.962371170521, -0.959789454937, -0.962149441242], "var": [0.0115199023858, 0.00814188551158, 0.00463423877954, 0.00600936450064, 0.00217787921429, 0.000324977532728]}, "spectral_contrast_valleys": {"dmean": [0.342098474503, 0.264068752527, 0.295305460691, 0.289539009333, 0.221524715424, 0.403880089521], "dmean2": [0.55038022995, 0.427389770746, 0.470071703196, 0.466509371996, 0.362539082766, 0.711518466473], "dvar": [0.158763512969, 0.143599927425, 0.175023421645, 0.191793113947, 0.139231920242, 0.206753060222], "dvar2": [0.295508801937, 0.208879292011, 0.282336056232, 0.338772058487, 0.210133180022, 0.467134207487], "max": [-5.8762178421, -4.88155317307, -6.65326786041, -7.6772108078, -10.3940086365, -12.4457044601], "mean": [-7.92245101929, -7.03657531738, -8.89023208618, -10.7120847702