{"lowlevel": {"average_loudness": 0.0264251548797, "barkbands_crest": {"dmean": 1.63943982124, "dmean2": 2.50987648964, "dvar": 3.88554358482, "dvar2": 8.92358207703, "max": 26.8072490692, "mean": 17.3687095642, "median": 17.4079856873, "min": 4.42308712006, "var": 28.8793411255}, "barkbands_flatness_db": {"dmean": 0.0190129987895, "dmean2": 0.0284426286817, "dvar": 0.000481238501379, "dvar2": 0.00106957100797, "max": 0.540955901146, "mean": 0.345426797867, "median": 0.347801655531, "min": 0.0462453104556, "var": 0.00604803394526}, "barkbands_kurtosis": {"dmean": 5.99220371246, "dmean2": 8.84206199646, "dvar": 192.105621338, "dvar2": 436.820129395, "max": 474.028137207, "mean": 15.492515564, "median": 5.72288370132, "min": -1.95033311844, "var": 763.129699707}, "barkbands_skewness": {"dmean": 0.651285350323, "dmean2": 1.0123167038, "dvar": 0.760623335838, "dvar2": 1.92615008354, "max": 13.7597723007, "mean": -0.0199937019497, "median": 0.0842573717237, "min": -14.0700540543, "var": 4.85867214203}, "barkbands_spread": {"dmean": 1.13560903072, "dmean2": 1.70948255062, "dvar": 3.54237413406, "dvar2": 8.22078132629, "max": 76.8709259033, "mean": 5.59565210342, "median": 3.68619918823, "min": 0.139108195901, "var": 53.8531684875}, "dissonance": {"dmean": 0.0493722744286, "dmean2": 0.0862510278821, "dvar": 0.0026055239141, "dvar2": 0.00701709324494, "max": 0.499999940395, "mean": 0.363829404116, "median": 0.366452127695, "min": 0.0903259962797, "var": 0.00686877872795}, "dynamic_complexity": 14.0844631195, "erbbands_crest": {"dmean": 2.0988547802, "dmean2": 3.18707108498, "dvar": 6.28282976151, "dvar2": 13.7254772186, "max": 34.7009162903, "mean": 21.9521064758, "median": 22.754196167, "min": 2.58410978317, "var": 53.3477668762}, "erbbands_flatness_db": {"dmean": 0.0170242656022, "dmean2": 0.0249368082732, "dvar": 0.000401661440264, "dvar2": 0.000868682924192, "max": 0.589266896248, "mean": 0.402699321508, "median": 0.408304810524, "min": 0.0756372213364, "var": 0.00723331514746}, "erbbands_kurtosis": {"dmean": 5.24980449677, "dmean2": 7.30814218521, "dvar": 94.991607666, "dvar2": 181.220794678, "max": 322.288665771, "mean": 15.4755907059, "median": 6.95411586761, "min": -1.82751905918, "var": 630.932312012}, "erbbands_skewness": {"dmean": 0.485955029726, "dmean2": 0.697006702423, "dvar": 0.381582349539, "dvar2": 0.788558125496, "max": 11.6181287766, "mean": 0.799869656563, "median": 0.737965226173, "min": -13.4292898178, "var": 4.67036771774}, "erbbands_spread": {"dmean": 1.26333785057, "dmean2": 1.85999488831, "dvar": 3.74757361412, "dvar2": 8.16239356995, "max": 74.5740737915, "mean": 7.37138414383, "median": 4.11128997803, "min": 0.205239266157, "var": 82.9931335449}, "hfc": {"dmean": 2.06581878662, "dmean2": 2.74892663956, "dvar": 51.4453697205, "dvar2": 97.1410751343, "max": 347.828033447, "mean": 7.46710729599, "median": 0.860354065895, "min": 1.22508003053e-16, "var": 266.817169189}, "melbands_crest": {"dmean": 1.7938605547, "dmean2": 2.75720000267, "dvar": 4.90195608139, "dvar2": 11.0301895142, "max": 36.6143074036, "mean": 19.589799881, "median": 19.1804656982, "min": 1.72507059574, "var": 40.8480186462}, "melbands_flatness_db": {"dmean": 0.0191774144769, "dmean2": 0.0289070010185, "dvar": 0.000616723846179, "dvar2": 0.00136734673288, "max": 0.651990234852, "mean": 0.4340531528, "median": 0.443395256996, "min": 0.0039348709397, "var": 0.00852958578616}, "melbands_kurtosis": {"dmean": 4.02991437912, "dmean2": 5.98124599457, "dvar": 55.3836517334, "dvar2": 127.574203491, "max": 198.104995728, "mean": 11.0117511749, "median": 5.01339292526, "min": -1.93092894554, "var": 259.095581055}, "melbands_skewness": {"dmean": 0.537580192089, "dmean2": 0.820701479912, "dvar": 0.431154489517, "dvar2": 1.05603015423, "max": 7.92137384415, "mean": -0.235675752163, "median": -0.15008726716, "min": -9.83905792236, "var": 4.32759380341}, "melbands_spread": {"dmean": 2.21265220642, "dmean2": 3.38256788254, "dvar": 16.2255077362, "dvar2": 38.2494812012, "max": 178.977737427, "mean": 10.483751297, "median": 6.94993305206, "min": 0.343955248594, "var": 255.598587036}, "pitch_salience": {"dmean": 0.0456845313311, "dmean2": 0.0717265829444, "dvar": 0.00341075495817, "dvar2": 0.0085510853678, "max": 0.908355355263, "mean": 0.389531642199, "median": 0.401105731726, "min": 0.0446568541229, "var": 0.0185034871101}, "silence_rate_20dB": {"dmean": 0, "dmean2": 0, "dvar": 0, "dvar2": 0, "max": 1, "mean": 1, "median": 1, "min": 1, "var": 0}, "silence_rate_30dB": {"dmean": 0.00628005107865, "dmean2": 0.0125613342971, "dvar": 0.00623969128355, "dvar2": 0.0143639249727, "max": 1, "mean": 0.987833619118, "median": 1, "min": 0, "var": 0.0120165348053}, "silence_rate_60dB": {"dmean": 0.0290452353656, "dmean2": 0.0579980388284, "dvar": 0.028201168403, "dvar2": 0.0599293224514, "max": 1, "mean": 0.597233116627, "median": 1, "min": 0, "var": 0.240530058742}, "spectral_centroid": {"dmean": 38.6163215637, "dmean2": 55.5303535461, "dvar": 16268.6230469, "dvar2": 21464.3496094, "max": 11424.2890625, "mean": 813.611633301, "median": 726.174682617, "min": 175.167327881, "var": 238533.90625}, "spectral_complexity": {"dmean": 0.61328625679, "dmean2": 0.997841000557, "dvar": 1.37022185326, "dvar2": 2.71651744843, "max": 22, "mean": 3.67435240746, "median": 3, "min": 0, "var": 13.6717815399}, "spectral_decrease": {"dmean": 6.90442703011e-10, "dmean2": 9.21528853226e-10, "dvar": 4.54545755483e-18, "dvar2": 8.02615002721e-18, "max": 3.49610168914e-17, "mean": -2.72776246035e-09, "median": -3.09087921924e-10, "min": -7.37075609436e-08, "var": 3.16520165085e-17}, "spectral_energy": {"dmean": 0.00279081379995, "dmean2": 0.00372296851128, "dvar": 7.48466263758e-05, "dvar2": 0.000132496556034, "max": 0.30973803997, "mean": 0.0109725147486, "median": 0.00124504137784, "min": 1.09372550934e-20, "var": 0.000513645296451}, "spectral_energyband_high": {"dmean": 1.42720023177e-06, "dmean2": 2.00004569706e-06, "dvar": 1.38286748719e-09, "dvar2": 2.47732279135e-09, "max": 0.00366700068116, "mean": 2.04936350201e-06, "median": 2.79169469763e-08, "min": 7.92147978804e-21, "var": 2.58782129059e-09}, "spectral_energyband_low": {"dmean": 0.000232822043472, "dmean2": 0.000369135494111, "dvar": 1.28962949475e-06, "dvar2": 3.04098784909e-06, "max": 0.0486692488194, "mean": 0.000686316459905, "median": 3.97766561946e-05, "min": 8.54111187898e-23, "var": 5.62270270166e-06}, "spectral_energyband_middle_high": {"dmean": 0.000855292833876, "dmean2": 0.00118686317001, "dvar": 2.01019665838e-05, "dvar2": 4.09227868658e-05, "max": 0.240261673927, "mean": 0.0021914166864, "median": 0.000209592297324, "min": 1.73784527661e-21, "var": 5.76099882892e-05}, "spectral_energyband_middle_low": {"dmean": 0.00211169105023, "dmean2": 0.00278460187837, "dvar": 4.58457434434e-05, "dvar2": 7.82451315899e-05, "max": 0.223982006311, "mean": 0.0087970495224, "median": 0.000613361713476, "min": 2.05493911298e-22, "var": 0.000372205162421}, "spectral_entropy": {"dmean": 0.181346863508, "dmean2": 0.274255275726, "dvar": 0.0634483546019, "dvar2": 0.145308196545, "max": 9.7886762619, "mean": 5.4854722023, "median": 5.42018032074, "min": 3.38306641579, "var": 0.566782176495}, "spectral_flux": {"dmean": 0.0088953115046, "dmean2": 0.0145068606362, "dvar": 0.00048686566879, "dvar2": 0.00114630255848, "max": 0.44441011548, "mean": 0.017336519435, "median": 0.0074647963047, "min": 1.04581329707e-10, "var": 0.000830536009744}, "spectral_kurtosis": {"dmean": 20.1913566589, "dmean2": 34.5574569702, "dvar": 403.297912598, "dvar2": 1116.19689941, "max": 297.744903564, "mean": 72.0123138428, "median": 67.1373291016, "min": -1.22590446472, "var": 1848.24584961}, "spectral_rms": {"dmean": 0.000287022732664, "dmean2": 0.00037601677468, "dvar": 3.90305643805e-07, "dvar2": 6.29730038781e-07, "max": 0.0173834245652, "mean": 0.00213371613063, "median": 0.0011021225946, "min": 3.26657212564e-12, "var": 6.15218186795e-06}, "spectral_rolloff": {"dmean": 71.7753829956, "dmean2": 126.346298218, "dvar": 96006.9375, "dvar2": 176198.875, "max": 18970.7519531, "mean": 1202.92089844, "median": 796.728515625, "min": 129.19921875, "var": 5375771.5}, "spectral_skewness": {"dmean": 1.17707264423, "dmean2": 2.04454398155, "dvar": 1.22677278519, "dvar2": 3.42676711082, "max": 14.5050029755, "mean": 5.99540948868, "median": 5.877140522, "min": -0.0227650813758, "var": 5.33191299438}, "spectral_spread": {"dmean": 321409.03125, "dmean2": 564946.3125, "dvar": 316614639616, "dvar2": 586854498304, "max": 42391276, "mean": 1638795.25, "median": 1168240, "min": 324887.21875, "var": 3054078263300.0}, "spectral_strongpeak": {"dmean": 0.31756156683, "dmean2": 0.462040573359, "dvar": 0.517376363277, "dvar2": 1.0075019598, "max": 22.4954509735, "mean": 1.38974189758, "median": 0.657743155956, "min": 0, "var": 3.46799755096}, "zerocrossingrate": {"dmean": 0.00226590107195, "dmean2": 0.00282345409505, "dvar": 4.06855688198e-05, "dvar2": 5.54439611733e-05, "max": 0.5244140625, "mean": 0.0436273925006, "median": 0.03369140625, "min": 0.00537109375, "var": 0.0034199715592}, "barkbands": {"dmean": [1.98779775928e-06, 4.43795979663e-05, 0.000153192260768, 0.000101658901258, 8.4433464508e-05, 0.000282572727883, 0.000214545565541, 0.000376089796191, 0.00112417899072, 0.000589127594139, 0.000171825930011, 8.78696664586e-05, 0.000107344254502, 0.000102180114482, 4.30705622421e-05, 3.08177186525e-05, 3.01914133161e-06, 6.41731776341e-06, 2.64826076091e-06, 1.15333000394e-06, 2.55090270684e-07, 2.88111863256e-07, 7.4503674341e-08, 1.1620725715e-08, 1.20583170116e-08, 1.27783272852e-09, 7.2567529763e-10], "dmean2": [3.57216777047e-06, 7.57621237426e-05, 0.000251312594628, 0.000158591894433, 0.000125693753944, 0.000419664895162, 0.000273268407909, 0.00050750997616, 0.00148582493421, 0.000822533736937, 0.000238848413574, 0.000122612036648, 0.000167067002621, 0.000142233286169, 6.64471299388e-05, 3.997519525e-05, 4.49375920653e-06, 1.02035273812e-05, 3.60713875125e-06, 1.62273011028e-06, 3.76107323063e-07, 4.6045991553e-07, 1.21017009747e-07, 1.89686932828e-08, 1.77151910918e-08, 2.12914441633e-09, 1.23491084025e-09], "dvar": [4.09016223668e-11, 3.62556029643e-08, 7.30373017177e-07, 2.11483381918e-07, 4.1178856236e-07, 4.08998039347e-06, 3.20413164445e-06, 5.23751987203e-06, 2.30194964388e-05, 1.10837190732e-05, 5.46063711226e-06, 3.89123727018e-07, 4.11711141624e-07, 1.67134191997e-06, 5.8314560647e-07, 3.10789090463e-07, 2.69724798052e-10, 2.21480522811e-08, 3.9596526058e-10, 6.43845698978e-10, 1.02309246144e-11, 1.08705870694e-10, 7.39323879895e-12, 2.1552325083e-13, 3.67757121414e-13, 1.06051373145e-15, 5.47528797268e-18], "dvar2": [1.20063639586e-10, 9.58793719974e-08, 1.9382496248e-06, 4.49197528951e-07, 8.02974739145e-07, 9.74275735643e-06, 5.31505793333e-06, 7.98326072982e-06, 3.89455235563e-05, 2.13414477912e-05, 1.23528961922e-05, 8.44954968215e-07, 9.64926584857e-07, 3.48080516233e-06, 1.52481493387e-06, 6.23154051027e-07, 5.3115378762e-10, 6.12607777839e-08, 8.23696444385e-10, 1.0226205438e-09, 1.85485689308e-11, 2.72269762291e-10, 1.91690378848e-11, 5.38225876628e-13, 8.49298170853e-13, 2.15472476287e-15, 1.44411226204e-17], "max": [0.000174200366018, 0.00668794149533, 0.0372430309653, 0.0154700372368, 0.0329253859818, 0.0984290391207, 0.106096163392, 0.114607036114, 0.204019069672, 0.175804287195, 0.187817901373, 0.0313416980207, 0.0343982540071, 0.104414410889, 0.0463432148099, 0.0492874123156, 0.000806653348263, 0.0120842820033, 0.00102166994475, 0.00235413457267, 0.00029401073698, 0.000929921865463, 0.000251002056757, 4.30970576417e-05, 5.52149613213e-05, 2.73995760836e-06, 1.40826159623e-07], "mean": [1.94394624486e-06, 5.04758136231e-05, 0.00036436622031, 0.000386601983337, 0.000292621436529, 0.000776878732722, 0.000742527074181, 0.00144218187779, 0.00412666238844, 0.00168462342117, 0.000381889170967, 0.00018900843861, 0.000200285270694, 0.00017535155348, 6.79520817357e-05, 6.59769648337e-05, 5.84907547818e-06, 9.79067954177e-06, 5.13283521286e-06, 1.53542032422e-06, 3.98692691306e-07, 2.99119363945e-07, 7.80098829978e-08, 1.19154544009e-08, 1.14943405904e-08, 2.54055576576e-09, 1.84382920043e-09], "median": [2.02837213692e-07, 2.0862466954e-06, 1.31989181682e-05, 1.8439915948e-05, 3.85255407309e-06, 5.25848827237e-06, 3.39360622092e-06, 1.03688053059e-05, 4.85680357087e-05, 1.4305993318e-05, 3.32531658387e-06, 3.04498985315e-06, 4.61177523903e-06, 3.04665809381e-06, 7.12458472663e-07, 5.70213728679e-07, 1.81841272706e-07, 1.67409638152e-07, 1.27386400095e-07, 1.72674923249e-08, 4.74733052869e-09, 3.25772320231e-09, 4.63872107392e-10, 3.64676427944e-10, 4.45896652934e-10, 6.04410355098e-10, 7.64655727625e-10], "min": [8.77678044565e-24, 2.8951902041e-23, 2.79357103555e-23, 2.90571455521e-23, 3.24362754158e-23, 4.59351748735e-23, 1.56837933074e-23, 3.91088301391e-23, 3.37471129602e-23, 5.2578333484e-23, 6.49376918097e-23, 8.54061394997e-23, 1.85347148463e-22, 8.55735484056e-23, 2.05665782001e-22, 1.6813653854e-22, 1.94771978931e-22, 1.16530570785e-22, 4.10973761939e-22, 4.00656496284e-22, 3.94208460841e-22, 5.47733919642e-22, 6.05653475699e-22, 8.30024096396e-22, 1.14881028553e-21, 1.74025431898e-21, 2.66277133415e-21], "var": [3.56380029654e-11, 4.2791718613e-08, 2.73477576229e-06, 1.55104009991e-06, 2.22157291319e-06, 2.2318747142e-05, 1.89562251762e-05, 3.51581875293e-05, 0.000173551045009, 4.66543642688e-05, 1.18205098261e-05, 8.71781708156e-07, 7.00680175214e-07, 2.67902669293e-06, 6.74994055316e-07, 7.33836827749e-07, 7.47348460894e-10, 1.85712192291e-08, 6.43873010464e-10, 1.21359333694e-09, 3.36978570048e-11, 9.85312595403e-11, 8.03064906241e-12, 2.18061178381e-13, 3.56557285867e-13, 1.25016282015e-15, 1.0969704497e-17]}, "erbbands": {"dmean": [0.00047095795162, 0.0140046514571, 0.129249840975, 0.313777506351, 0.143647313118, 0.327976703644, 0.905137836933, 2.67409825325, 1.90211093426, 6.44157457352, 9.71840763092, 19.3399219513, 29.1062831879, 13.3972396851, 6.55303859711, 4.46746444702, 5.95537567139, 5.74204015732, 2.01723790169, 3.1084625721, 0.548132836819, 0.141353011131, 0.225784242153, 0.290307074785, 0.0876628980041, 0.0753378644586, 0.0140490448102, 0.009786054492, 0.00542864855379, 0.0107032256201, 0.00255073560402, 0.000610296614468, 0.000238683016505, 0.000211696489714, 3.09501047013e-05, 9.80513232207e-06, 2.1382545583e-06, 6.83577297877e-07, 1.44952946357e-06, 3.23167296301e-06], "dmean2": [0.000755179324187, 0.0237103290856, 0.209827899933, 0.485630780458, 0.23425142467, 0.49317368865, 1.14716517925, 4.06360816956, 2.90320301056, 8.32743835449, 13.1732578278, 25.8643245697, 37.6011238098, 18.4127044678, 8.91555690765, 6.24509429932, 9.05276966095, 8.10306167603, 3.14064049721, 4.21050548553, 0.692232847214, 0.203477367759, 0.342954874039, 0.443995624781, 0.118634000421, 0.105938881636, 0.0207299552858, 0.0135903358459, 0.0084361070767, 0.0175357274711, 0.00408803950995, 0.000983059988357, 0.00039263459621, 0.000328449998051, 5.24076567672e-05, 1.67722828337e-05, 3.22867367686e-06, 1.02135550151e-06, 1.92256970877e-06, 4.30700629295e-06], "dvar": [3.5383118302e-06, 0.00343349552713, 0.471757650375, 2.2447052002, 0.476307541132, 7.18934440613, 34.4902267456, 383.118133545, 140.199157715, 2921.20800781, 3576.61035156, 6418.29248047, 17152.3476562, 13106.5908203, 7300.30957031, 921.444396973, 1162.57006836, 4549.97949219, 1166.75512695, 4513.80810547, 51.4998893738, 0.548897206783, 14.7247743607, 27.3890380859, 0.792091369629, 3.14896559715, 0.0292609948665, 0.0317073725164, 0.0103623019531, 0.228117227554, 0.0130578195676, 0.000694084854331, 0.000116167822853, 0.0001242201688, 2.07134007724e-06, 1.33571376182e-07, 2.80934220331e-10, 5.04495837467e-12, 2.18808408892e-11, 1.01786690188e-10], "dvar2": [8.00747875473e-06, 0.00883077085018, 1.29215860367, 4.74609661102, 1.29158616066, 14.1866807938, 46.3432693481, 923.766418457, 462.190338135, 4952.73583984, 5258.08300781, 12565.2597656, 26411.1738281, 25277.3359375, 17215.8691406, 2033.32055664, 2685.61547852, 9513.37890625, 3105.66967773, 10057.1171875, 106.481819153, 1.06636798382, 39.9131240845, 74.8399810791, 1.79143404961, 5.08364152908, 0.0478441640735, 0.0527433604002, 0.0225552227348, 0.589009463787, 0.0345139540732, 0.00181692535989, 0.000295564066619, 0.000306396483211, 3.99799637307e-06, 2.52486216823e-07, 5.59676194278e-10, 1.00517337509e-11, 3.98122923517e-11, 1.80950893158e-10], "max": [0.0590114109218, 1.94201052189, 28.2913665771, 52.4968261719, 29.0866756439, 135.191360474, 349.440246582, 889.120239258, 460.341552734, 3171.1875, 3153.60571289, 2914.36938477, 6929.57324219, 7042.14355469, 6889.43261719, 1580.93994141, 1856.87585449, 5196.45751953, 2562.4609375, 5993.11865234, 653.691772461, 36.9037780762, 310.003631592, 416.369537354, 57.4375305176, 164.206451416, 14.3660650253, 18.7783966064, 9.9827299118, 41.5320510864, 10.307182312, 2.41119527817, 0.983937799931, 0.988600313663, 0.117944777012, 0.0288721099496, 0.00139202130958, 0.000127578197862, 0.000222341812332, 0.00038132123882], "mean": [0.000732150685508, 0.0188422147185, 0.281265676022, 1.12570393085, 0.499190241098, 1.21644711494, 2.91035246849, 7.20404195786, 6.14691305161, 21.455904007, 37.6478118896, 69.4586334229, 112.388763428, 32.8930778503, 15.562502861, 10.2256193161, 11.697271347, 10.1691646576, 3.07215428352, 6.21774530411, 1.22450268269, 0.301985889673, 0.387279510498, 0.466389477253, 0.160728156567, 0.102262727916, 0.0195622537285, 0.0171585697681, 0.00678263045847, 0.010306273587, 0.00272644497454, 0.000667232787237, 0.000245140487095, 0.000192802224774, 4.84959309688e-05, 2.00311114895e-05, 7.62397030485e-06, 2.45939418164e-06, 5.75257990931e-06, 1.26443574118e-05], "median": [4.09975837101e-05, 0.000855719321407, 0.012469349429, 0.0574855282903, 0.0296051725745, 0.0116423796862, 0.029399074614, 0.0528756454587, 0.0518514364958, 0.149063646793, 0.6073564291, 1.5615067482, 1.21321856976, 0.577320694923, 0.403768032789, 0.464851975441, 0.492929518223, 0.459914386272, 0.0975711941719, 0.053397282958, 0.0288188233972, 0.016697620973, 0.0111780846491, 0.0124983517453, 0.00414499640465, 0.00129413488321, 0.000422002689447, 0.00016977636551, 0.000121568147733, 4.53757602372e-05, 1.58621733135e-05, 9.59550652624e-06, 7.31680256649e-06, 5.81990298087e-06, 4.27693430538e-06, 2.93515540761e-06, 1.61878779181e-06, 5.94809648646e-07, 7.48153297536e-07, 1.45943488405e-06], "min": [7.94494356583e-22, 6.79622738825e-21, 2.27704081825e-20, 8.92459897038e-20, 7.78094099417e-20, 8.91192888984e-20, 1.84959898488e-19, 4.38310547184e-19, 3.93510160865e-19, 2.90331528664e-19, 9.08255065931e-19, 1.0381266614e-18, 1.33931346219e-18, 2.32546567737e-18, 2.40363527923e-18, 3.95577703976e-18, 9.54886049475e-18, 4.46397819655e-18, 6.46429199642e-18, 1.43164483041e-17, 7.64256735202e-18, 1.23017870565e-17, 6.85678630194e-18, 1.90872174501e-17, 1.69690510924e-17, 2.14456053294e-17, 1.46303335681e-17, 1.6013286908e-17, 1.65277618162e-17, 2.37442740773e-17, 1.83369596714e-17, 1.68285015258e-17, 1.38732540309e-17, 1.16329941605e-17, 8.75874749981e-18, 6.73793781871e-18, 3.49271967849e-18, 1.02961166418e-18, 3.45217237053e-19, 4.24408213102e-20], "var": [6.94856134942e-06, 0.00491513917223, 1.46321856976, 13.1541557312, 2.9502427578, 39.875995636, 272.065948486, 1939.39025879, 538.988220215, 15899.8144531, 23614.3046875, 33486.5078125, 143298.171875, 37485.5117188, 14672.8144531, 2007.7532959, 2034.62243652, 7428.82568359, 1238.18615723, 8234.83886719, 112.134933472, 1.5087133646, 13.7086000443, 23.7246761322, 1.17019307613, 5.81724405289, 0.0603738725185, 0.124838225543, 0.0142119703814, 0.193933233619, 0.0131552200764, 0.000715017435141, 0.000110588742245, 0.000107807572931, 2.63946117229e-06, 1.67021298125e-07, 5.36015509756e-10, 2.59987083945e-11, 1.39096636986e-10, 6.84176826304e-10]}, "gfcc": {"mean": [-346.296081543, 175.733718872, -133.06010437, -48.3809318542, -28.2350559235, -4.81362009048, -5.93883895874, -1.79731535912, -15.4589185715, -12.8227376938, -15.8467054367, -19.0151443481, -18.5752544403], "cov": [[26665.609375, 7230.63085938, -4039.92626953, 74.1594696045, 532.396057129, -2361.08618164, 1141.46582031, -630.950012207, 715.054016113, -520.049621582, 417.485290527, -489.60269165, 238.947692871], [7230.63085938, 3600.60083008, -344.700592041, -361.549957275, 108.42338562, -802.822265625, -62.2438850403, -386.837982178, 34.6481742859, -160.793869019, 153.434326172, -168.211700439, -12.7348613739], [-4039.92626953, -344.700592041, 1630.34020996, -89.6394271851, -385.927886963, 257.271270752, -379.740692139, -65.162727356, -185.098129272, -4.34825468063, -169.357269287, 30.8267383575, -51.37084198], [74.1594696045, -361.549957275, -89.6394271851, 480.98223877, 146.722961426, 9.61483383179, -53.690536499, -132.881790161, -51.5211639404, 42.9221076965, 29.6589031219, 32.3222618103, 16.006608963], [532.396057129, 108.42338562, -385.927886963, 146.722961426, 495.951538086, 90.2636184692, -107.400268555, -139.219070435, -43.9481697083, 92.9812698364, 135.204376221, 47.2343482971, 30.5982761383], [-2361.08618164, -802.822265625, 257.271270752, 9.61483383179, 90.2636184692, 484.031402588, -0.413964897394, 71.258895874, -63.8906440735, -24.3226737976, -114.601783752, 57.0655975342, 53.4134941101], [1141.46582031, -62.2438850403, -379.740692139, -53.690536499, -107.400268555, -0.413964897394, 464.454223633, 247.134719849, 119.907218933, -162.793746948, -133.828292847, -96.2934875488, 40.3858757019], [-630.950012207, -386.837982178, -65.162727356, -132.881790161, -139.219070435, 71.258895874, 247.134719849, 347.635070801, 116.509391785, -96.1800537109, -116.505813599, -47.2363128662, -4.49598407745], [715.054016113, 34.6481742859, -185.098129272, -51.5211639404, -43.9481697083, -63.8906440735, 119.907218933, 116.509391785, 185.488143921, 26.2266979218, -25.315196991, -61.4268302917, -31.795331955], [-520.049621582, -160.793869019, -4.34825468063, 42.9221076965, 92.9812698364, -24.3226737976, -162.793746948, -96.1800537109, 26.2266979218, 312.958526611, 248.76348877, 20.3874015808, -173.167678833], [417.485290527, 153.434326172, -169.357269287, 29.6589031219, 135.204376221, -114.601783752, -133.828292847, -116.505813599, -25.315196991, 248.76348877, 388.497070312, 110.214279175, -160.975234985], [-489.60269165, -168.211700439, 30.8267383575, 32.3222618103, 47.2343482971, 57.0655975342, -96.2934875488, -47.2363128662, -61.4268302917, 20.3874015808, 110.214279175, 202.011199951, 91.4724578857], [238.947692871, -12.7348613739, -51.37084198, 16.006608963, 30.5982761383, 53.4134941101, 40.3858757019, -4.49598407745, -31.795331955, -173.167678833, -160.975234985, 91.4724578857, 318.534179688]], "icov": [[0.000527440337464, -0.000699176976923, 0.000661843456328, -0.00055078783771, 0.000285803660518, 0.000371188827557, -0.000833669677377, 0.00134605099447, -0.0017169296043, 0.00125357252546, -0.00112647167407, 0.000617064128164, -0.000490561709739], [-0.000699176976923, 0.00216594105586, -0.00148888339754, 0.00207857741043, -0.00168106798083, 0.00128601270262, 0.000528388132807, 0.000313083466608, 0.000970625842456, 0.000834239821415, 7.14369307389e-05, 0.000226512158406, 0.000671242771205], [0.000661843456328, -0.00148888339754, 0.00305588170886, -0.00136444182135, 0.0030063954182, -0.00160595017951, 0.00131745741237, 0.000483669165988, -0.000509129080456, 0.000352066126652, -0.000187557656318, 0.000664700462949, -0.000319406739436], [-0.00055078783771, 0.00207857741043, -0.00136444182135, 0.00473716389388, -0.00265861791559, 0.00210791639984, -0.000720689713489, 0.00196792650968, 0.00104564393405, 0.000179093927727, 0.00158761418425, -0.00121708109509, 0.00141281122342], [0.000285803660518, -0.00168106798083, 0.0030063954182, -0.00265861791559, 0.00730217806995, -0.00492285564542, 0.00321409595199, -0.000997156254016, 0.000331364106387, -0.000491778540891, -0.00296570011415, 0.00319208926521, -0.00261037936434], [0.000371188827557, 0.00128601270262, -0.00160595017951, 0.00210791639984, -0.00492285564542, 0.00813096016645, -0.00393600063398, 0.00282517424785, -0.000760207301937, 0.000859477440827, 0.00291960686445, -0.00323227746412, 0.00185142760165], [-0.000833669677377, 0.000528388132807, 0.00131745741237, -0.000720689713489, 0.00321409595199, -0.00393600063398, 0.00944234244525, -0.00596324494109, 0.00193403742742, 0.00100904877763, -0.00147266418207, 0.00357176130638, -0.00106319307815], [0.00134605099447, 0.000313083466608, 0.000483669165988, 0.00196792650968, -0.000997156254016, 0.00282517424785, -0.00596324494109, 0.0140871591866, -0.00970095396042, 0.00828329008073, -0.00418966962025, 0.00124011025764, 0.000620207807515], [-0.0017169296043, 0.000970625842456, -0.000509129080456, 0.00104564393405, 0.000331364106387, -0.000760207301937, 0.00193403742742, -0.00970095396042, 0.018398322165, -0.0126288961619, 0.00986636150628, -0.00408787140623, 0.00203651702031], [0.00125357252546, 0.000834239821415, 0.000352066126652, 0.000179093927727, -0.000491778540891, 0.000859477440827, 0.00100904877763, 0.00828329008073, -0.0126288961619, 0.0213898364455, -0.015983697027, 0.00926822796464, -0.00133845466189], [-0.00112647167407, 7.14369307389e-05, -0.000187557656318, 0.00158761418425, -0.00296570011415, 0.00291960686445, -0.00147266418207, -0.00418966962025, 0.00986636150628, -0.015983697027, 0.0236263666302, -0.0174753367901, 0.00991442613304], [0.000617064128164, 0.000226512158406, 0.000664700462949, -0.00121708109509, 0.00319208926521, -0.00323227746412, 0.00357176130638, 0.00124011025764, -0.00408787140623, 0.00926822796464, -0.0174753367901, 0.0211097411811, -0.0107483165339], [-0.000490561709739, 0.000671242771205, -0.000319406739436, 0.00141281122342, -0.00261037936434, 0.00185142760165, -0.00106319307815, 0.000620207807515, 0.00203651702031, -0.00133845466189, 0.00991442613304, -0.0107483165339, 0.0110681345686]]}, "melbands": {"dmean": [8.05697163742e-06, 5.08012599312e-05, 4.75506603834e-05, 1.28773408505e-05, 3.13536656904e-05, 5.89688679611e-05, 3.31642913807e-05, 6.73538961564e-05, 8.88637150638e-05, 0.000139197305543, 0.000142639997648, 5.37307823834e-05, 2.65745293291e-05, 9.91016895568e-06, 1.18935513456e-05, 1.12089028335e-05, 1.07379619294e-05, 2.97556903206e-06, 3.29080535266e-06, 3.34104106514e-06, 3.14362694098e-07, 1.21328625369e-07, 2.15298413764e-07, 3.07582268988e-07, 2.46219144628e-07, 7.0752221859e-08, 3.70720805165e-08, 5.68560842851e-08, 6.17521989099e-09, 5.60139978845e-09, 5.83987036507e-09, 2.65731481264e-09, 6.59387300317e-09, 4.31185487315e-09, 1.01050012802e-09, 1.4062369047e-09, 1.50377946206e-10, 2.20688814445e-10, 1.71389943904e-10, 1.43961481625e-10], "dmean2": [1.3638060409e-05, 8.26017640065e-05, 7.40107207093e-05, 2.0507895897e-05, 3.94936287194e-05, 8.89865259524e-05, 4.89329650009e-05, 8.93258184078e-05, 0.000122307785205, 0.000183398631634, 0.00018420071865, 7.43296477594e-05, 3.66146268789e-05, 1.38137565955e-05, 1.76675912371e-05, 1.68231945281e-05, 1.51164913405e-05, 4.68430971523e-06, 4.83322537548e-06, 4.39781069872e-06, 3.72987472019e-07, 1.86509552691e-07, 2.98354450479e-07, 4.98036570207e-07, 3.73437700318e-07, 9.43786275798e-08, 5.12492732696e-08, 8.08379851946e-08, 9.81572423342e-09, 8.69425154093e-09, 8.09076006192e-09, 4.35299618573e-09, 1.08297619761e-08, 7.06025238273e-09, 1.63698887778e-09, 2.30783503419e-09, 2.46485831745e-10, 3.72297415119e-10, 2.72096040144e-10, 2.19634199716e-10], "dvar": [1.15654441579e-09, 6.73939055673e-08, 4.83927315997e-08, 7.13141856679e-09, 4.08497342619e-08, 1.82885671052e-07, 4.19667252061e-08, 2.69083102467e-07, 2.48294355742e-07, 3.26200847667e-07, 4.21092607894e-07, 2.41148683244e-07, 1.36458041311e-07, 4.35327374149e-09, 3.98501676102e-09, 4.33283720014e-09, 2.10412842705e-08, 2.73250977401e-09, 3.30907812263e-09, 5.15362463815e-09, 2.12939713605e-12, 4.64115074497e-13, 3.4306953979e-12, 7.30952867678e-11, 1.63757445104e-11, 3.97389423885e-13, 1.6773828691e-13, 2.18164787451e-12, 4.41606386875e-15, 3.23362662669e-15, 1.54369349064e-14, 8.39967210167e-16, 8.51885700653e-14, 3.31469369368e-14, 1.72467163011e-15, 4.18172796873e-15, 3.36324721834e-17, 9.71751732769e-17, 8.07552543059e-17, 5.5879471597e-17], "dvar2": [2.99364733003e-09, 1.79243329512e-07, 1.05617111501e-07, 1.5028708944e-08, 5.88328425977e-08, 4.5408418714e-07, 1.17064331562e-07, 4.62166326543e-07, 3.80292789259e-07, 5.80471862577e-07, 6.44978683795e-07, 4.63604749257e-07, 3.12546376335e-07, 8.97427288038e-09, 9.24339627062e-09, 9.46519929101e-09, 4.48222969851e-08, 7.14265846469e-09, 7.97393973073e-09, 1.11467990394e-08, 2.82474542888e-12, 1.06871076658e-12, 5.71322156251e-12, 2.02086750112e-10, 4.43745803991e-11, 9.12015580244e-13, 3.12336311328e-13, 3.51860055849e-12, 1.03033595924e-14, 7.12089926142e-15, 2.51777494253e-14, 2.06732006832e-15, 2.20620532477e-13, 8.49378618654e-14, 4.52653178815e-15, 1.11375718489e-14, 8.5526266643e-17, 2.51690255153e-16, 2.03437038079e-16, 1.34198976784e-16], "max": [0.00118606630713, 0.0109209353104, 0.0075522121042, 0.00383718148805, 0.010686090216, 0.0193727780133, 0.00866435840726, 0.0297698285431, 0.0247400980443, 0.0214258655906, 0.0342915467918, 0.0305248368531, 0.0297152064741, 0.00291079073213, 0.00267623877153, 0.00377593375742, 0.0119859548286, 0.00362391257659, 0.00441049830988, 0.0064700464718, 8.20498607936e-05, 2.63792408077e-05, 0.00013348198263, 0.000700632692315, 0.000314950797474, 4.14665701101e-05, 2.16318276216e-05, 0.000137582610478, 4.11182600146e-06, 2.6684358545e-06, 1.30153330247e-05, 1.8752075448e-06, 2.5263057978e-05, 1.5923202227e-05, 3.78298364012e-06, 5.82009215577e-06, 5.31827652139e-07, 8.93864751106e-07, 7.87528506407e-07, 6.69004066367e-07], "mean": [1.01540244941e-05, 0.000108187916339, 0.00017327547539, 4.52096464869e-05, 0.000106217790744, 0.00016221505939, 0.000105880702904, 0.000227253825869, 0.000322473148117, 0.000514357932843, 0.000549570890144, 0.000121077828226, 6.16359538981e-05, 2.16352927964e-05, 2.43464073719e-05, 2.21935515583e-05, 1.80707975233e-05, 4.12500548919e-06, 5.89670116824e-06, 6.85950863044e-06, 7.14213229003e-07, 2.21580734205e-07, 4.31987388083e-07, 4.25063603871e-07, 3.97437702304e-07, 1.48591212223e-07, 5.24924317347e-08, 7.5019158885e-08, 7.26896631775e-09, 7.65152563531e-09, 1.06473532213e-08, 3.07113490194e-09, 6.27672269715e-09, 4.10691791686e-09, 1.0658701699e-09, 1.47402923201e-09, 1.52020868116e-10, 2.11795317395e-10, 1.48681664203e-10, 1.28184546311e-10], "median": [4.87969600727e-07, 4.6473733164e-06, 9.44218754739e-06, 1.39969915836e-06, 9.59031467573e-07, 9.99122562462e-07, 7.06168862052e-07, 1.41550481203e-06, 3.96610175812e-06, 8.07547712611e-06, 3.42149451171e-06, 1.06531501842e-06, 6.32178853266e-07, 4.39200448454e-07, 7.77329148605e-07, 8.0115921719e-07, 3.58052943739e-07, 5.95681513005e-08, 5.95875349063e-08, 3.29438130109e-08, 1.7233393379e-08, 7.55545492837e-09, 7.27964799552e-09, 4.55304771663e-09, 8.14768874591e-09, 2.2994939286e-09, 8.84090245457e-10, 5.32187849345e-10, 1.46666470635e-10, 1.23521137763e-10, 6.73657796213e-11, 6.67269156596e-11, 2.3157512366e-11, 1.78364475967e-11, 6.87564328389e-12, 5.87914049041e-12, 4.64983346965e-12, 4.34080462547e-12, 4.19352486764e-12, 3.95873741774e-12], "min": [8.71289375638e-24, 1.17706692974e-23, 1.48551422581e-23, 4.72089785539e-24, 7.01094607489e-24, 1.01990761474e-23, 5.18396117891e-24, 4.16744329948e-24, 6.90949540703e-24, 6.20289652258e-24, 6.81217205943e-24, 9.34125854385e-24, 8.22197457101e-24, 8.34643631147e-24, 2.02231687465e-23, 1.38406939553e-23, 7.98127023186e-24, 9.86257806193e-24, 1.48324104423e-23, 1.6779270247e-23, 7.00366567759e-24, 1.37568743287e-23, 6.83274870729e-24, 6.10719152313e-24, 1.6937774491e-23, 1.41700418055e-23, 1.02362307072e-23, 1.54948011672e-23, 8.9109096765e-24, 8.11662535256e-24, 9.26910932546e-24, 7.84976396352e-24, 1.26638625794e-23, 1.32608275474e-23, 1.0897884636e-23, 8.5128449417e-24, 1.11620205106e-23, 1.08179138617e-23, 8.09578522517e-24, 1.02040136278e-23], "var": [1.58386037619e-09, 2.15626329236e-07, 2.93155750342e-07, 3.55437279609e-08, 3.07657586518e-07, 9.24654671053e-07, 1.96344743131e-07, 1.47682430907e-06, 1.51631024892e-06, 2.26789984481e-06, 3.52447295882e-06, 6.79269703596e-07, 2.92712286409e-07, 1.07447410969e-08, 7.39108241277e-09, 8.89200091336e-09, 3.10839851636e-08, 2.90779644807e-09, 5.04665775836e-09, 1.01249915119e-08, 1.00119496027e-11, 9.8556991561e-13, 1.05658537475e-11, 6.06343517062e-11, 1.45422510839e-11, 6.64150646371e-13, 2.79325797518e-13, 4.02485943879e-12, 4.84879733139e-15, 6.11104201774e-15, 6.2226631725e-14, 7.45671796709e-16, 7.20282530451e-14, 2.84854469656e-14, 1.82068037946e-15, 4.2618767673e-15, 3.29838269256e-17, 9.1621628228e-17, 6.71809226689e-17, 5.04244470678e-17]}, "mfcc": {"mean": [-931.948791504, 161.912475586, -2.50477313995, -23.3498477936, -9.38164329529, -3.17445111275, 5.91446828842, 4.94503736496, 0.356892168522, 5.97460508347, 6.96568250656, -5.23361063004, -11.0654468536], "cov": [[11989.4873047, 7119.40429688, -2059.30078125, -244.37147522, 36.9252967834, -614.26574707, -99.1186828613, 14.3130178452, -164.802764893, 196.370849609, 341.510162354, -217.948944092, -154.545959473], [7119.40429688, 4866.27099609, -696.476379395, -274.382965088, -37.5101394653, -431.117492676, -132.888092041, -66.5501403809, -162.380462646, 71.9861679077, 186.811050415, -110.501976013, -145.451461792], [-2059.30078125, -696.476379395, 1053.68505859, 130.597717285, -118.987976074, 24.8943996429, -87.7716827393, -97.7881851196, -37.0290794373, -106.404998779, -134.829391479, -8.55996799469, -48.6444854736], [-244.37147522, -274.382965088, 130.597717285, 339.210449219, 116.597305298, 20.4247703552, -38.9234199524, -99.5257568359, -94.2303848267, -81.1585464478, -53.2611122131, -5.05725622177, 42.3517112732], [36.9252967834, -37.5101394653, -118.987976074, 116.597305298, 320.649536133, 193.61857605, 1.28546571732, -133.121032715, -155.478134155, -111.617416382, -32.5046539307, 64.9062194824, 97.9515151978], [-614.26574707, -431.117492676, 24.8943996429, 20.4247703552, 193.61857605, 311.269073486, 87.1949768066, -66.1634902954, -61.1259880066, -92.9456787109, -80.1476364136, 20.4134883881, 42.9434089661], [-99.1186828613, -132.888092041, -87.7716827393, -38.9234199524, 1.28546571732, 87.1949768066, 146.14541626, 108.209976196, 48.3627204895, 15.2006921768, -16.3733310699, -33.7066993713, -22.7268486023], [14.3130178452, -66.5501403809, -97.7881851196, -99.5257568359, -133.121032715, -66.1634902954, 108.209976196, 292.215820312, 268.556854248, 106.870635986, -68.9146270752, -165.70173645, -101.161315918], [-164.802764893, -162.380462646, -37.0290794373, -94.2303848267, -155.478134155, -61.1259880066, 48.3627204895, 268.556854248, 402.898742676, 192.602203369, -138.579879761, -267.43258667, -163.485580444], [196.370849609, 71.9861679077, -106.404998779, -81.1585464478, -111.617416382, -92.9456787109, 15.2006921768, 106.870635986, 192.602203369, 271.501983643, 132.17755127, -109.635734558, -143.043502808], [341.510162354, 186.811050415, -134.829391479, -53.2611122131, -32.5046539307, -80.1476364136, -16.3733310699, -68.9146270752, -138.579879761, 132.17755127, 409.709869385, 264.09085083, 2.84501576424], [-217.948944092, -110.501976013, -8.55996799469, -5.05725622177, 64.9062194824, 20.4134883881, -33.7066993713, -165.70173645, -267.43258667, -109.635734558, 264.09085083, 464.568603516, 246.236465454], [-154.545959473, -145.451461792, -48.6444854736, 42.3517112732, 97.9515151978, 42.9434089661, -22.7268486023, -101.161315918, -163.485580444, -143.043502808, 2.84501576424, 246.236465454, 332.973754883]], "icov": [[0.0219043921679, -0.030854197219, 0.0311830788851, -0.0304765179753, 0.0305361207575, -0.03001813218, 0.0293008834124, -0.0269446652383, 0.0242783389986, -0.019293082878, 0.0148724960163, -0.00800473149866, 0.00324769690633], [-0.030854197219, 0.0438109561801, -0.0438233949244, 0.0434652492404, -0.0435304902494, 0.0433487333357, -0.0418569967151, 0.0387731529772, -0.0345901101828, 0.0280043166131, -0.0215892028064, 0.0119975330308, -0.00461650406942], [0.0311830788851, -0.0438233949244, 0.0462975613773, -0.0445096902549, 0.0459330454469, -0.0449766106904, 0.0450432822108, -0.0408522635698, 0.0381866134703, -0.0305833406746, 0.0250404980034, -0.0141017502174, 0.00653151422739], [-0.0304765179753, 0.0434652492404, -0.0445096902549, 0.0481846891344, -0.0469308905303, 0.0472610592842, -0.0461147539318, 0.0440945848823, -0.0395345948637, 0.0334487333894, -0.026221210137, 0.0161362923682, -0.00658077653497], [0.0305361207575, -0.0435304902494, 0.0459330454469, -0.0469308905303, 0.0549174621701, -0.0534283593297, 0.0515089966357, -0.046817753464, 0.0454101935029, -0.036283493042, 0.0289826057851, -0.0162318702787, 0.0063293534331], [-0.03001813218, 0.0433487333357, -0.0449766106904, 0.0472610592842, -0.0534283593297, 0.0616153180599, -0.0623509325087, 0.0585214942694, -0.0530748330057, 0.0438442453742, -0.0329541191459, 0.0196660794318, -0.0077696624212], [0.0293008834124, -0.0418569967151, 0.0450432822108, -0.0461147539318, 0.0515089966357, -0.0623509325087, 0.0785169526935, -0.0728699341416, 0.0661362186074, -0.0538395605981, 0.042484562844, -0.0257030259818, 0.0118579650298], [-0.0269446652383, 0.0387731529772, -0.0408522635698, 0.0440945848823, -0.046817753464, 0.0585214942694, -0.0728699341416, 0.0818714797497, -0.0763041004539, 0.0630943626165, -0.0507912300527, 0.0316301546991, -0.0143368430436], [0.0242783389986, -0.0345901101828, 0.0381866134703, -0.0395345948637, 0.0454101935029, -0.0530748330057, 0.0661362186074, -0.0763041004539, 0.0847720503807, -0.0734839215875, 0.0611162595451, -0.035474576056, 0.0173496939242], [-0.019293082878, 0.0280043166131, -0.0305833406746, 0.0334487333894, -0.036283493042, 0.0438442453742, -0.0538395605981, 0.0630943626165, -0.0734839215875, 0.0770934224129, -0.0641296058893, 0.0407714433968, -0.0174945611507], [0.0148724960163, -0.0215892028064, 0.0250404980034, -0.026221210137, 0.0289826057851, -0.0329541191459, 0.042484562844, -0.0507912300527, 0.0611162595451, -0.0641296058893, 0.0614124312997, -0.0410548746586, 0.0199517067522], [-0.00800473149866, 0.0119975330308, -0.0141017502174, 0.0161362923682, -0.0162318702787, 0.0196660794318, -0.0257030259818, 0.0316301546991, -0.035474576056, 0.0407714433968, -0.0410548746586, 0.0334019251168, -0.016745666042], [0.00324769690633, -0.00461650406942, 0.00653151422739, -0.00658077653497, 0.0063293534331, -0.0077696624212, 0.0118579650298, -0.0143368430436, 0.0173496939242, -0.0174945611507, 0.0199517067522, -0.016745666042, 0.0130949923769]]}, "spectral_contrast_coeffs": {"dmean": [0.0358141846955, 0.0327777415514, 0.0285430122167, 0.0265935100615, 0.0165586806834, 0.023562271148], "dmean2": [0.059284389019, 0.0540384016931, 0.0452045053244, 0.0414420850575, 0.0255029406399, 0.0411932431161], "dvar": [0.000880234350916, 0.000923048297409, 0.00081533176126, 0.000612413219642, 0.000289788818918, 0.00081282708561], "dvar2": [0.00228702020831, 0.00227424991317, 0.00187571323477, 0.00145164865535, 0.000606079935096, 0.00229415670037], "max": [-0.310167253017, -0.365916550159, -0.305542230606, -0.465178251266, -0.549320995808, -0.626601815224], "mean": [-0.663237452507, -0.715199589729, -0.65519964695, -0.725681185722, -0.783190071583, -0.845750153065], "median": [-0.659185171127, -0.719478845596, -0.664214909077, -0.723017215729, -0.77090382576, -0.859990894794], "min": [-0.972055494785, -0.97105628252, -0.977260649204, -0.970959365368, -0.963463068008, -0.961163163185], "var": [0.0139666572213, 0.0130784530193, 0.0131344432011, 0.00472238427028, 0.00439090235159, 0.00314532616176]}, "spectral_contrast_valleys": {"dmean": [0.455444693565, 0.36974349618, 0.317825138569, 0.308596491814, 0.251182943583, 0.353444129229], "dmean2": [0.728164553642, 0.592919230461, 0.510775327682, 0.493941247463, 0.402159273624, 0.628635108471], "dvar": [0.198485136032, 0.206173196435, 0.185861513019, 0.219643