{"lowlevel": {"average_loudness": 0.660065889359, "barkbands_crest": {"dmean": 3.04384016991, "dmean2": 4.74511575699, "dvar": 7.7234249115, "dvar2": 17.2833347321, "max": 25.3978366852, "mean": 14.5318727493, "median": 14.2021827698, "min": 3.99722456932, "var": 26.2160625458}, "barkbands_flatness_db": {"dmean": 0.023344071582, "dmean2": 0.0338966622949, "dvar": 0.000378783006454, "dvar2": 0.000826854782645, "max": 0.353125989437, "mean": 0.226851388812, "median": 0.226893931627, "min": 0.0717460662127, "var": 0.00208571902476}, "barkbands_kurtosis": {"dmean": 4.41351270676, "dmean2": 6.62392187119, "dvar": 33.1306304932, "dvar2": 58.6129074097, "max": 107.405212402, "mean": 7.49253892899, "median": 4.52436065674, "min": -1.92933595181, "var": 93.3028259277}, "barkbands_skewness": {"dmean": 0.643720209599, "dmean2": 0.99034589529, "dvar": 0.377637594938, "dvar2": 0.89083057642, "max": 8.23163890839, "mean": -1.32911849022, "median": -1.40777730942, "min": -8.38688373566, "var": 2.19489383698}, "barkbands_spread": {"dmean": 4.14811992645, "dmean2": 6.70809078217, "dvar": 21.477191925, "dvar2": 52.7730827332, "max": 91.7574996948, "mean": 10.0045070648, "median": 7.59232711792, "min": 0.638270974159, "var": 87.290725708}, "dissonance": {"dmean": 0.0448750369251, "dmean2": 0.0789357796311, "dvar": 0.00202178955078, "dvar2": 0.00560976518318, "max": 0.499969571829, "mean": 0.44615650177, "median": 0.46524438262, "min": 0.225397959352, "var": 0.00294207362458}, "dynamic_complexity": 4.46609020233, "erbbands_crest": {"dmean": 3.80480504036, "dmean2": 6.03343772888, "dvar": 11.9103765488, "dvar2": 27.9912204742, "max": 33.8226127625, "mean": 18.4061031342, "median": 17.3309364319, "min": 3.35841274261, "var": 40.2360725403}, "erbbands_flatness_db": {"dmean": 0.024334108457, "dmean2": 0.034336566925, "dvar": 0.000389727472793, "dvar2": 0.000825282011647, "max": 0.438616365194, "mean": 0.329648762941, "median": 0.333076179028, "min": 0.0688741654158, "var": 0.00255663483404}, "erbbands_kurtosis": {"dmean": 4.77625370026, "dmean2": 7.1231675148, "dvar": 45.4502258301, "dvar2": 93.7898254395, "max": 163.484436035, "mean": 8.93439674377, "median": 4.94756698608, "min": -1.4601995945, "var": 147.089889526}, "erbbands_skewness": {"dmean": 0.63313293457, "dmean2": 0.967048585415, "dvar": 0.274348914623, "dvar2": 0.610017240047, "max": 7.16104316711, "mean": -0.00564053142443, "median": -0.0300938114524, "min": -4.29374551773, "var": 2.37651991844}, "erbbands_spread": {"dmean": 1.5491232872, "dmean2": 2.28633761406, "dvar": 5.68709230423, "dvar2": 11.0140037537, "max": 94.2939987183, "mean": 5.41031169891, "median": 4.62020397186, "min": 0.534996628761, "var": 24.7553443909}, "hfc": {"dmean": 7.03103017807, "dmean2": 9.87708759308, "dvar": 72.7428588867, "dvar2": 141.901733398, "max": 123.608039856, "mean": 19.4329967499, "median": 14.6868419647, "min": 3.43188403349e-05, "var": 298.539306641}, "melbands_crest": {"dmean": 3.60708785057, "dmean2": 5.58684587479, "dvar": 10.2858505249, "dvar2": 23.9388790131, "max": 34.0225105286, "mean": 15.7239961624, "median": 15.1370067596, "min": 2.64052915573, "var": 36.7106323242}, "melbands_flatness_db": {"dmean": 0.0244585834444, "dmean2": 0.0371608175337, "dvar": 0.000438303715782, "dvar2": 0.00104358408134, "max": 0.419271856546, "mean": 0.299551308155, "median": 0.300271034241, "min": 0.00812976900488, "var": 0.0025338337291}, "melbands_kurtosis": {"dmean": 2.93085837364, "dmean2": 4.56302595139, "dvar": 15.0784072876, "dvar2": 31.4459133148, "max": 65.3834991455, "mean": 3.68811678886, "median": 1.40194201469, "min": -1.86310195923, "var": 50.8918037415}, "melbands_skewness": {"dmean": 0.58834207058, "dmean2": 0.905198812485, "dvar": 0.283640563488, "dvar2": 0.74937671423, "max": 6.59955024719, "mean": -0.924546897411, "median": -0.961806416512, "min": -4.40081501007, "var": 1.43841063976}, "melbands_spread": {"dmean": 8.29562282562, "dmean2": 13.3546304703, "dvar": 67.9307861328, "dvar2": 161.76953125, "max": 185.036605835, "mean": 22.3675765991, "median": 19.2549495697, "min": 1.09304022789, "var": 221.816314697}, "pitch_salience": {"dmean": 0.0722795203328, "dmean2": 0.116659782827, "dvar": 0.00400103628635, "dvar2": 0.0105378739536, "max": 0.845584869385, "mean": 0.437173038721, "median": 0.441950261593, "min": 0.11126653105, "var": 0.0097638014704}, "silence_rate_20dB": {"dmean": 0, "dmean2": 0, "dvar": 0, "dvar2": 0, "max": 1, "mean": 1, "median": 1, "min": 1, "var": 0}, "silence_rate_30dB": {"dmean": 0.00601503765211, "dmean2": 0.0120361084118, "dvar": 0.00597890140489, "dvar2": 0.0128943165764, "max": 1, "mean": 0.993487000465, "median": 1, "min": 0, "var": 0.00647049443796}, "silence_rate_60dB": {"dmean": 0.017042607069, "dmean2": 0.0341023057699, "dvar": 0.0167519655079, "dvar2": 0.0479834005237, "max": 1, "mean": 0.134769544005, "median": 0, "min": 0, "var": 0.116608254611}, "spectral_centroid": {"dmean": 79.5554351807, "dmean2": 116.987312317, "dvar": 11556.0820312, "dvar2": 18712.0175781, "max": 4535.39941406, "mean": 1276.67224121, "median": 1287.08105469, "min": 511.063964844, "var": 93746.5703125}, "spectral_complexity": {"dmean": 2.00400996208, "dmean2": 3.10882639885, "dvar": 4.03605747223, "dvar2": 7.69378376007, "max": 23, "mean": 10.46342659, "median": 10, "min": 0, "var": 24.1204528809}, "spectral_decrease": {"dmean": 1.50277823519e-09, "dmean2": 2.18041762423e-09, "dvar": 4.44518630739e-18, "dvar2": 8.6786044518e-18, "max": 5.40295076474e-13, "mean": -4.40825331793e-09, "median": -3.18685877687e-09, "min": -3.80798290678e-08, "var": 2.32638277251e-17}, "spectral_energy": {"dmean": 0.00629939837381, "dmean2": 0.00910631474108, "dvar": 7.48811362428e-05, "dvar2": 0.000146322898217, "max": 0.154932975769, "mean": 0.0184003300965, "median": 0.0133730303496, "min": 2.68072919418e-09, "var": 0.000384463521186}, "spectral_energyband_high": {"dmean": 1.66957706824e-05, "dmean2": 2.53384841926e-05, "dvar": 1.3276209021e-09, "dvar2": 2.81596945761e-09, "max": 0.000372297450667, "mean": 2.48977048614e-05, "median": 1.08595604615e-05, "min": 2.15832329786e-09, "var": 1.88576132487e-09}, "spectral_energyband_low": {"dmean": 0.000564987130929, "dmean2": 0.00102237297688, "dvar": 6.83827295234e-07, "dvar2": 2.13876660382e-06, "max": 0.00808238424361, "mean": 0.000722469470929, "median": 0.000439770636149, "min": 6.72508715382e-11, "var": 7.83439304541e-07}, "spectral_energyband_middle_high": {"dmean": 0.00495552737266, "dmean2": 0.00711232237518, "dvar": 3.73734437744e-05, "dvar2": 7.50205363147e-05, "max": 0.0810237750411, "mean": 0.0128944087774, "median": 0.0107326358557, "min": 2.00741673284e-10, "var": 0.000123525518575}, "spectral_energyband_middle_low": {"dmean": 0.00185116461944, "dmean2": 0.00253047910519, "dvar": 4.72250030725e-05, "dvar2": 8.41593064251e-05, "max": 0.145205706358, "mean": 0.00560626480728, "median": 0.000385678373277, "min": 4.16872265874e-11, "var": 0.000293819088256}, "spectral_entropy": {"dmean": 0.200377866626, "dmean2": 0.294320076704, "dvar": 0.0308224055916, "dvar2": 0.0687457844615, "max": 9.0578584671, "mean": 6.41305208206, "median": 6.38819599152, "min": 5.28497171402, "var": 0.198394075036}, "spectral_flux": {"dmean": 0.0169089473784, "dmean2": 0.0283511746675, "dvar": 0.000352190545527, "dvar2": 0.000923329323996, "max": 0.206199705601, "mean": 0.0523460097611, "median": 0.0479442924261, "min": 0.000113627735118, "var": 0.000900528102648}, "spectral_kurtosis": {"dmean": 9.99831390381, "dmean2": 17.3486709595, "dvar": 81.467666626, "dvar2": 227.528366089, "max": 82.3305587769, "mean": 36.4825744629, "median": 36.0812072754, "min": 1.54436206818, "var": 197.578277588}, "spectral_rms": {"dmean": 0.000661167840008, "dmean2": 0.000960439210758, "dvar": 4.25425639605e-07, "dvar2": 8.58836472162e-07, "max": 0.0122944749892, "mean": 0.00372890196741, "median": 0.00361204333603, "min": 1.61720299729e-06, "var": 4.04682532462e-06}, "spectral_rolloff": {"dmean": 191.596282959, "dmean2": 335.384185791, "dvar": 1037807.0625, "dvar2": 2272963, "max": 19659.8144531, "mean": 1827.70776367, "median": 1550.390625, "min": 473.73046875, "var": 6316167.5}, "spectral_skewness": {"dmean": 0.676831960678, "dmean2": 1.17570316792, "dvar": 0.366214752197, "dvar2": 1.05626046658, "max": 6.91813802719, "mean": 4.10734128952, "median": 4.1200799942, "min": 1.24517285824, "var": 0.859046816826}, "spectral_spread": {"dmean": 241447.984375, "dmean2": 406484.65625, "dvar": 141418168320, "dvar2": 257650606080, "max": 15313783, "mean": 1923198.625, "median": 1512400.75, "min": 936947.9375, "var": 3037997826050.0}, "spectral_strongpeak": {"dmean": 1.31832242012, "dmean2": 1.90063488483, "dvar": 1.90216350555, "dvar2": 3.66504979134, "max": 13.705578804, "mean": 3.58885979652, "median": 3.10380363464, "min": 0, "var": 6.72505187988}, "zerocrossingrate": {"dmean": 0.00529399653897, "dmean2": 0.00617355015129, "dvar": 0.000280576088699, "dvar2": 0.000274165504379, "max": 0.71875, "mean": 0.0662739053369, "median": 0.05712890625, "min": 0.02197265625, "var": 0.00333284540102}, "barkbands": {"dmean": [9.30113856157e-06, 0.000450961611932, 0.000153627741383, 3.20273757097e-05, 3.27569905494e-05, 7.064503734e-05, 0.000887941685505, 0.00023025473638, 0.000398814707296, 0.000996702350676, 0.000949374574702, 0.00131125107873, 0.00199880823493, 0.00149554107338, 0.000325237982906, 0.000231266240007, 5.01059039379e-05, 8.35493210616e-06, 7.70115093474e-06, 1.9066812456e-05, 3.5785660657e-06, 1.39871838201e-06, 6.01677811574e-07, 1.24451801753e-07, 3.06102698744e-08, 2.9724656514e-08, 2.86609463274e-07], "dmean2": [1.66761383298e-05, 0.000824778282549, 0.00026902553509, 5.580261859e-05, 5.6637396483e-05, 0.000121735029097, 0.00123616307974, 0.000366520485841, 0.000579085608479, 0.00143213197589, 0.00149699801113, 0.00189708487596, 0.00281745521352, 0.00194524100516, 0.000380536162993, 0.000320553604979, 8.36999024614e-05, 1.41100745168e-05, 1.30132575578e-05, 2.91598917102e-05, 6.23508231001e-06, 2.09493941838e-06, 9.90696662484e-07, 2.2553689405e-07, 5.42679643445e-08, 5.05019670527e-08, 4.90690808874e-07], "dvar": [1.17105936059e-10, 4.32258872252e-07, 6.13605806166e-08, 2.03408512256e-09, 2.13294981677e-09, 1.10790399077e-08, 1.68315582414e-05, 7.11307848178e-07, 4.48808486908e-06, 1.96676883206e-05, 4.04739421356e-06, 1.16013225124e-05, 2.27877371799e-05, 7.29272733224e-06, 5.42574753126e-07, 5.0523851769e-07, 6.9227112931e-08, 2.6128155195e-10, 2.85968776437e-10, 2.25621854533e-09, 6.44399880678e-11, 1.15550459825e-11, 1.87168856802e-12, 7.12371310487e-14, 4.68389568667e-15, 5.45441837126e-16, 5.1174976122e-14], "dvar2": [3.65343644226e-10, 1.3880729739e-06, 1.87457757761e-07, 5.7441380541e-09, 5.97017679738e-09, 2.85517778309e-08, 3.35985896527e-05, 1.77533036094e-06, 8.63222703629e-06, 2.5885503419e-05, 1.05559056465e-05, 2.76490591204e-05, 4.06645558542e-05, 1.12284005809e-05, 8.67903736435e-07, 9.89254544947e-07, 1.72104179796e-07, 7.25911886157e-10, 6.80699774325e-10, 5.00004926351e-09, 2.02992997411e-10, 2.49024984661e-11, 4.91061488347e-12, 1.95922298567e-13, 1.32496391856e-14, 1.59821829318e-15, 1.43869969106e-13], "max": [8.52604935062e-05, 0.00577046675608, 0.00335416593589, 0.000557013088837, 0.000439822906628, 0.000990946777165, 0.12256538868, 0.0188324470073, 0.0623712614179, 0.140138342977, 0.027949905023, 0.044467240572, 0.0762104317546, 0.0332393907011, 0.0132428528741, 0.0101125873625, 0.00578962638974, 0.000151335989358, 0.000174454587977, 0.000677053059917, 5.48270327272e-05, 3.7709109165e-05, 1.08147660285e-05, 2.01156899493e-06, 1.00158160876e-06, 3.00407378973e-07, 3.49995025317e-06], "mean": [1.04340369944e-05, 0.000514937215485, 0.000176757501322, 3.66413551092e-05, 5.18680171808e-05, 9.3695576652e-05, 0.00250522280112, 0.000433382054325, 0.000858840590809, 0.00221841107123, 0.002169564832, 0.0021062369924, 0.00332880439237, 0.00270498567261, 0.000670991488732, 0.000381008983823, 8.00181587692e-05, 1.25507904158e-05, 1.09811953735e-05, 2.55486429523e-05, 3.95262486563e-06, 2.06591994356e-06, 7.57384157168e-07, 1.87905030202e-07, 8.28565447364e-08, 1.80418922469e-07, 2.27419604926e-06], "median": [6.5616432039e-06, 0.000293717399472, 8.67535709403e-05, 2.25869753194e-05, 3.59579935321e-05, 5.69682597416e-05, 8.1302569015e-05, 4.76495224575e-05, 4.51336527476e-05, 0.000274129997706, 0.000386936066207, 0.000383466627682, 0.000822477566544, 0.000707486877218, 0.000195040251128, 0.000114238304377, 1.80566476047e-05, 6.77190655551e-06, 4.81550796394e-06, 7.3718706517e-06, 1.31219951527e-06, 6.88143472871e-07, 2.73566001852e-07, 8.91888092269e-08, 6.57043273122e-08, 1.78325365141e-07, 2.27106193051e-06], "min": [5.97946969716e-11, 2.79367865647e-11, 6.24976025793e-12, 1.92618273762e-12, 3.44099336698e-12, 1.95837183276e-12, 4.05391258756e-12, 9.16908042548e-12, 1.75053374574e-11, 4.77873209753e-12, 1.07534172539e-11, 1.27098097671e-11, 1.04450424004e-11, 2.92000833235e-11, 1.04131685913e-11, 1.24157559234e-11, 2.01343421102e-11, 3.23600972407e-11, 2.76413874428e-11, 7.95832982847e-11, 1.00211582088e-10, 1.17457460425e-10, 7.75694092292e-11, 1.6880291609e-10, 2.31602764744e-10, 3.70545399919e-10, 1.07991782183e-09], "var": [1.35570249471e-10, 4.3143782591e-07, 7.14412493608e-08, 2.09017403385e-09, 3.08660852433e-09, 1.38424294249e-08, 0.000103614154796, 2.71858652923e-06, 1.96021846932e-05, 9.21920727706e-05, 1.37074212034e-05, 1.87575678865e-05, 5.59684485779e-05, 2.98086470139e-05, 1.88690069081e-06, 1.17784372833e-06, 1.19759818062e-07, 3.6207215004e-10, 3.740694976e-10, 3.68508379367e-09, 5.84436457562e-11, 1.98747060476e-11, 2.1713449181e-12, 7.21293074639e-14, 4.12799050449e-15, 7.93099871343e-16, 7.47067880648e-14]}, "erbbands": {"dmean": [0.00715331407264, 0.121136762202, 0.232061967254, 0.0934282541275, 0.08379676193, 0.113700568676, 0.370009332895, 0.875536620617, 8.84908103943, 15.205701828, 3.19268941879, 11.2810659409, 31.1514644623, 36.3800010681, 33.9159965515, 42.0374526978, 102.272575378, 82.3181762695, 14.9483451843, 28.4425945282, 4.79888153076, 1.81943416595, 0.799525380135, 0.569083690643, 0.306701034307, 1.09898400307, 0.179128989577, 0.0939031541348, 0.046974401921, 0.033423691988, 0.0119648305699, 0.00410707620904, 0.00123062985949, 0.0004894087906, 0.000143273558933, 5.47244926565e-05, 5.75732192374e-05, 7.60104376241e-05, 4.59202019556e-05, 1.12314583021e-05], "dmean2": [0.0125003242865, 0.223032742739, 0.414547204971, 0.161490231752, 0.145849972963, 0.197134554386, 0.643324196339, 1.36597895622, 11.9130363464, 22.6940383911, 4.89592647552, 15.4852657318, 42.6501655579, 56.6408653259, 51.3273963928, 60.4717979431, 143.415206909, 106.61580658, 19.2839641571, 34.4016571045, 6.88194417953, 3.03228616714, 1.31654524803, 0.948204517365, 0.484216213226, 1.66319322586, 0.294375181198, 0.15995682776, 0.0689553171396, 0.0545265898108, 0.0197416897863, 0.00714198825881, 0.00222880532965, 0.000859503168613, 0.000248541415203, 9.56557341851e-05, 9.80122058536e-05, 0.000131060907734, 7.85808078945e-05, 1.76852645382e-05], "dvar": [9.55672658165e-05, 0.0313581973314, 0.126625597477, 0.0179970022291, 0.0118210138753, 0.0306510347873, 0.241811200976, 3.8807888031, 2558.12207031, 5318.98730469, 158.579544067, 3556.78466797, 30502.3691406, 4295.18603516, 5736.17333984, 6966.69726562, 59291.5507812, 21164.7617188, 609.360168457, 5922.61425781, 140.140808105, 72.718788147, 1.90044510365, 1.47716128826, 1.17297852039, 7.30587816238, 0.0897906571627, 0.0408415347338, 0.0154133941978, 0.00629688985646, 0.000748709251639, 8.16120955278e-05, 6.33296212982e-06, 1.18982768527e-06, 5.81297747715e-08, 3.53413298626e-09, 2.0091011077e-09, 3.39852346265e-09, 1.26227006625e-09, 1.21600465808e-10], "dvar2": [0.000282042456092, 0.100967951119, 0.383586585522, 0.0489345304668, 0.0329244025052, 0.0872197449207, 0.708135962486, 7.54685163498, 4335.85888672, 12860.1787109, 320.528015137, 6939.23876953, 39998.4882812, 10186.5253906, 14597.1308594, 16063.5625, 105426.023438, 33116.6015625, 951.343444824, 9420.82714844, 293.070587158, 187.972290039, 4.70528030396, 3.48764204979, 2.79597234726, 15.4290866852, 0.251034528017, 0.127221018076, 0.0334811545908, 0.0165560375899, 0.00201724586077, 0.000205956646823, 1.79220623977e-05, 3.31126739184e-06, 1.68223735386e-07, 9.99437421711e-09, 5.70545166667e-09, 9.73968816709e-09, 3.61374019597e-09, 2.50977544303e-10], "max": [0.0927193537354, 1.60184681416, 4.27560281754, 2.00751161575, 1.18953299522, 1.94454145432, 4.05509185791, 61.5193977356, 1716.62426758, 1629.25537109, 285.95602417, 1762.86730957, 5513.54150391, 819.60144043, 1003.10736084, 1021.00213623, 3872.19213867, 1791.64404297, 362.368682861, 1139.97045898, 168.635681152, 186.353530884, 15.5389308929, 12.7813949585, 23.7456912994, 27.0899333954, 2.05992913246, 1.42437434196, 1.67051100731, 0.7632843256, 0.257668197155, 0.109836958349, 0.0265095178038, 0.0151234772056, 0.0028731697239, 0.000775674881879, 0.000646179658361, 0.000799543398898, 0.000491720042191, 0.000223655268201], "mean": [0.00895942933857, 0.13258087635, 0.27133128047, 0.131730571389, 0.110737882555, 0.168059080839, 0.46452960372, 1.51258385181, 22.1131038666, 41.3991165161, 8.29442405701, 24.9796924591, 74.7553863525, 80.0409088135, 73.2571487427, 75.3209609985, 175.717453003, 153.347915649, 31.845746994, 55.0711631775, 9.08142757416, 3.08694124222, 1.38890469074, 0.841747045517, 0.512014687061, 1.41371405125, 0.233282804489, 0.110420577228, 0.0700885802507, 0.0454680807889, 0.0154586872086, 0.00594005687162, 0.00218043057248, 0.00111287191976, 0.000511092599481, 0.000285483634798, 0.000370613997802, 0.000486801000079, 0.000307224108838, 6.40625803499e-05], "median": [0.00578833650798, 0.0717934444547, 0.132750466466, 0.0898152366281, 0.0728626549244, 0.103957802057, 0.279173463583, 0.564792990685, 1.14291632175, 1.22855782509, 0.916452825069, 1.12384867668, 6.09437799454, 31.9129180908, 26.8595161438, 31.1057777405, 47.1223983765, 46.4722366333, 13.1215515137, 18.4281730652, 3.67208909988, 1.08354640007, 0.766297578812, 0.394036889076, 0.167023316026, 0.435946404934, 0.107166349888, 0.0380131863058, 0.0258854031563, 0.0151771698147, 0.00576202850789, 0.00233750091866, 0.00128050695639, 0.000812492275145, 0.000455843255622, 0.000275783677353, 0.000367946835468, 0.000482671486679, 0.000304847257212, 5.89581795793e-05], "min": [1.76920222916e-09, 1.34330291335e-09, 5.48847189918e-09, 1.0066231404e-08, 1.16457856691e-08, 1.25497328085e-08, 5.54419576915e-09, 2.28448975292e-08, 4.20012042923e-08, 1.30727244141e-07, 2.04597142783e-07, 4.52462330713e-07, 2.19089216102e-07, 3.12728246854e-07, 3.09345551841e-07, 5.66007201996e-07, 5.61374690733e-07, 1.14609633783e-06, 9.9987687463e-07, 5.40343023658e-07, 8.04785258879e-07, 1.15807756629e-06, 1.6096297486e-06, 1.54923645823e-06, 1.87588648259e-06, 3.75295780941e-06, 4.35925858255e-06, 4.04705360779e-06, 3.49263132193e-06, 3.82333882953e-06, 1.93655864678e-06, 2.41747875407e-06, 3.89168690162e-06, 3.11610210701e-06, 1.24000860069e-06, 1.14175816179e-06, 6.69056248626e-07, 3.5753404859e-07, 1.41005656928e-07, 1.92979001667e-08], "var": [0.000107321437099, 0.0309464465827, 0.155666574836, 0.023490620777, 0.0153766889125, 0.0413998700678, 0.300163596869, 16.9629478455, 13290.2138672, 26972.125, 803.660827637, 15609.3076172, 137863.609375, 12969.7490234, 12218.2871094, 12397.8486328, 146399.875, 87200.6953125, 2585.49658203, 17119.7890625, 319.731842041, 117.109565735, 3.89057230949, 1.93333244324, 2.49889183044, 10.2073774338, 0.107299596071, 0.0385031253099, 0.0253775175661, 0.00753932632506, 0.000790034362581, 0.00011180232832, 5.85176712775e-06, 1.07191488041e-06, 6.12902368857e-08, 5.00127761427e-09, 3.18632187302e-09, 5.2148232399e-09, 1.97638527766e-09, 5.88281978686e-10]}, "gfcc": {"mean": [-123.460083008, 122.477142334, -154.977935791, -35.9836044312, -3.36559939384, 14.0076189041, 1.15891242027, -16.1259040833, -6.65000534058, 7.24504232407, 0.207774937153, -1.19855594635, -6.25998544693], "cov": [[6102.16210938, 2454.68359375, -1429.19384766, 410.364776611, -148.601333618, -177.03237915, 216.537460327, -152.033004761, 167.205230713, 22.8649520874, -38.6220207214, -11.1147670746, 43.7799606323], [2454.68359375, 1201.07226562, -521.031494141, 45.5172653198, -30.7019062042, -123.779930115, 81.799118042, -1.19678211212, 98.3510284424, 39.5690994263, -22.4570274353, -11.4922552109, -11.1808643341], [-1429.19384766, -521.031494141, 463.760467529, -98.1706619263, -45.0382995605, 11.3094053268, -50.0560646057, 68.5402832031, 6.85870790482, 11.7002086639, 26.5454692841, -19.0622634888, -65.3788146973], [410.364776611, 45.5172653198, -98.1706619263, 251.120346069, 89.0196685791, 69.1423492432, 5.20419120789, -93.9481506348, -13.354010582, 5.30470371246, -5.95154476166, 5.94726514816, 22.6121349335], [-148.601333618, -30.7019062042, -45.0382995605, 89.0196685791, 368.296630859, 171.92489624, -29.7083377838, -95.9930877686, -94.4140777588, -5.43529939651, -24.2613239288, 51.2549476624, 89.5540313721], [-177.03237915, -123.779930115, 11.3094053268, 69.1423492432, 171.92489624, 192.35836792, 25.4890937805, -73.0380020142, -89.0441360474, -41.103302002, 4.91202783585, 43.4079360962, 63.7756004333], [216.537460327, 81.799118042, -50.0560646057, 5.20419120789, -29.7083377838, 25.4890937805, 101.112091064, 29.6652450562, -22.8602657318, -21.274230957, -0.655236840248, -0.647094905376, 9.30411815643], [-152.033004761, -1.19678211212, 68.5402832031, -93.9481506348, -95.9930877686, -73.0380020142, 29.6652450562, 142.99407959, 63.344493866, -38.6477394104, -30.9674949646, -19.3880558014, -7.99467754364], [167.205230713, 98.3510284424, 6.85870790482, -13.354010582, -94.4140777588, -89.0441360474, -22.8602657318, 63.344493866, 142.695678711, 53.5394134521, -27.2371253967, -49.2148208618, -52.0967292786], [22.8649520874, 39.5690994263, 11.7002086639, 5.30470371246, -5.43529939651, -41.103302002, -21.274230957, -38.6477394104, 53.5394134521, 149.934082031, 53.1634292603, -42.3955383301, -80.0808792114], [-38.6220207214, -22.4570274353, 26.5454692841, -5.95154476166, -24.2613239288, 4.91202783585, -0.655236840248, -30.9674949646, -27.2371253967, 53.1634292603, 101.716529846, 28.9131526947, -49.8551330566], [-11.1147670746, -11.4922552109, -19.0622634888, 5.94726514816, 51.2549476624, 43.4079360962, -0.647094905376, -19.3880558014, -49.2148208618, -42.3955383301, 28.9131526947, 84.5056228638, 43.0909957886], [43.7799606323, -11.1808643341, -65.3788146973, 22.6121349335, 89.5540313721, 63.7756004333, 9.30411815643, -7.99467754364, -52.0967292786, -80.0808792114, -49.8551330566, 43.0909957886, 142.007385254]], "icov": [[0.00817414466292, -0.0117419045419, 0.0103327259421, -0.00687693431973, 0.00536807859316, -0.00225785700604, -0.0018724949332, 0.00586874363944, -0.00656006671488, 0.00750616332516, -0.00734218256548, 0.0048742457293, -0.00174103991594], [-0.0117419045419, 0.0192157011479, -0.0127509599552, 0.0108200069517, -0.00964502245188, 0.00589352101088, -0.000538755441085, -0.0060488441959, 0.00560692790896, -0.00823811721057, 0.00839202105999, -0.00638968404382, 0.00296642421745], [0.0103327259421, -0.0127509599552, 0.0199152231216, -0.00876295287162, 0.00861625745893, -0.0072134649381, 0.00290484260768, -0.000189655736904, -0.0045218556188, 0.00556388031691, -0.00707942433655, 0.00503538642079, 0.00144492415711], [-0.00687693431973, 0.0108200069517, -0.00876295287162, 0.0138268675655, -0.00874480418861, 0.00571220321581, -0.00579311186448, 0.0070801274851, -0.00478189298883, 0.00222511100583, 0.00037740310654, -0.000331194256432, 0.00019698793767], [0.00536807859316, -0.00964502245188, 0.00861625745893, -0.00874480418861, 0.0180738884956, -0.0169552471489, 0.0141521058977, -0.0119656743482, 0.0138616934419, -0.0145126963034, 0.0124093005434, -0.00684728380293, 0.000896400073543], [-0.00225785700604, 0.00589352101088, -0.0072134649381, 0.00571220321581, -0.0169552471489, 0.0290641244501, -0.02236889489, 0.0238262657076, -0.0181449521333, 0.0208623856306, -0.0161749143153, 0.00731958681718, -0.00541534926742], [-0.0018724949332, -0.000538755441085, 0.00290484260768, -0.00579311186448, 0.0141521058977, -0.02236889489, 0.0369975715876, -0.0343026146293, 0.0311607606709, -0.0262951087207, 0.0196218173951, -0.00857858825475, 0.00565571757033], [0.00586874363944, -0.0060488441959, -0.000189655736904, 0.0070801274851, -0.0119656743482, 0.0238262657076, -0.0343026146293, 0.0554269962013, -0.0438397116959, 0.0417320355773, -0.0286738853902, 0.016665155068, -0.00895989034325], [-0.00656006671488, 0.00560692790896, -0.0045218556188, -0.00478189298883, 0.0138616934419, -0.0181449521333, 0.0311607606709, -0.0438397116959, 0.0540988631546, -0.0441464148462, 0.0385871455073, -0.0187501627952, 0.0102292746305], [0.00750616332516, -0.00823811721057, 0.00556388031691, 0.00222511100583, -0.0145126963034, 0.0208623856306, -0.0262951087207, 0.0417320355773, -0.0441464148462, 0.0559715144336, -0.0444828271866, 0.0290564782917, -0.00596618885174], [-0.00734218256548, 0.00839202105999, -0.00707942433655, 0.00037740310654, 0.0124093005434, -0.0161749143153, 0.0196218173951, -0.0286738853902, 0.0385871455073, -0.0444828271866, 0.056921645999, -0.0343849547207, 0.0156323574483], [0.0048742457293, -0.00638968404382, 0.00503538642079, -0.000331194256432, -0.00684728380293, 0.00731958681718, -0.00857858825475, 0.016665155068, -0.0187501627952, 0.0290564782917, -0.0343849547207, 0.0380575805902, -0.01121673733], [-0.00174103991594, 0.00296642421745, 0.00144492415711, 0.00019698793767, 0.000896400073543, -0.00541534926742, 0.00565571757033, -0.00895989034325, 0.0102292746305, -0.00596618885174, 0.0156323574483, -0.01121673733, 0.0187178198248]]}, "melbands": {"dmean": [9.54644274316e-05, 0.000139600131661, 1.58216062118e-05, 5.43405940334e-06, 1.1182120943e-05, 1.67409143614e-05, 0.000147293394548, 0.000142466757097, 3.17923477269e-05, 6.54803297948e-05, 0.000154871871928, 0.000137364142574, 0.000108817577711, 0.000184085511137, 0.000180202929187, 0.000140957170515, 0.000177391440957, 2.29213255807e-05, 3.48446665157e-05, 2.56977673416e-05, 3.87038426197e-06, 2.13530597648e-06, 1.64908692568e-06, 3.03044203065e-07, 5.37642563359e-07, 7.93614560735e-08, 5.65513971651e-07, 7.32306602913e-07, 4.09652329836e-08, 1.69387021742e-07, 2.0273331458e-08, 3.31817950894e-08, 2.05772092698e-08, 1.86504021116e-08, 7.90881937718e-09, 2.666152632e-09, 2.95924773575e-09, 9.24506693423e-10, 5.77183467687e-10, 3.87078563646e-10], "dmean2": [0.000172289030161, 0.000254397658864, 2.77694289252e-05, 9.30234818952e-06, 1.93201940419e-05, 2.79791365756e-05, 0.000200024864171, 0.0002143796155, 4.65085722681e-05, 9.15224081837e-05, 0.000211926468182, 0.000216173648369, 0.000171474181116, 0.000264839152806, 0.000253237580182, 0.000198360168724, 0.000229143086472, 3.09099086735e-05, 4.21215700044e-05, 3.22253399645e-05, 6.3153438532e-06, 3.61493766832e-06, 2.72194824902e-06, 4.84438430703e-07, 9.01833573153e-07, 1.35579540483e-07, 8.92950822617e-07, 1.10603707526e-06, 7.07302305614e-08, 2.96381728049e-07, 3.06522700555e-08, 4.71558330162e-08, 3.40164980628e-08, 3.05486373975e-08, 1.31585098373e-08, 4.20907353416e-09, 5.35388711143e-09, 1.68028380099e-09, 1.04054964645e-09, 6.67962962719e-10], "dvar": [1.86089099685e-08, 4.25988631036e-08, 4.98954932926e-10, 7.25994334094e-11, 2.07482198089e-10, 8.61323290469e-10, 6.20530158812e-07, 4.53051001159e-07, 2.8223736237e-08, 1.12184523005e-07, 7.51304582991e-07, 6.03654015663e-08, 5.31142099192e-08, 2.36287789335e-07, 1.76890836201e-07, 1.07438133057e-07, 1.08239213148e-07, 1.7019935461e-09, 6.49135101227e-09, 6.97797064575e-09, 2.15519102564e-10, 1.87657070438e-10, 1.02912652358e-11, 4.27389867204e-13, 1.43104235059e-12, 4.02085794673e-14, 4.48075430926e-12, 3.72867448722e-12, 1.34329074692e-14, 1.79896963754e-13, 3.06992649821e-15, 1.00445080178e-14, 4.38257599766e-15, 2.39899678288e-15, 4.57672918407e-16, 1.52009670915e-16, 4.97827468183e-17, 3.24451917261e-18, 2.50380106115e-18, 6.50542551693e-19], "dvar2": [5.86469681707e-08, 1.32036447553e-07, 1.36438160769e-09, 1.98591434963e-10, 6.04653049852e-10, 2.08765049692e-09, 1.05903689018e-06, 1.09872030407e-06, 4.80533977054e-08, 2.22851213039e-07, 9.87730004454e-07, 1.46120086697e-07, 1.52198310843e-07, 5.61604736049e-07, 3.100960555e-07, 1.95229148403e-07, 1.63769797723e-07, 2.46726905573e-09, 1.05145003815e-08, 1.16414913265e-08, 5.11965803085e-10, 4.81729822699e-10, 2.54261837279e-11, 9.40296993913e-13, 3.3808292537e-12, 1.16975277121e-13, 1.07783157399e-11, 7.88077242353e-12, 3.61018486427e-14, 5.75528773944e-13, 6.22656926494e-15, 1.91611693688e-14, 1.19109222471e-14, 6.34667514872e-15, 1.20391979755e-15, 3.33922675362e-16, 1.40399231488e-16, 9.34698541189e-18, 7.30167464106e-18, 1.71475254426e-18], "max": [0.00114747555926, 0.00203786301427, 0.000326675624819, 0.000109705644718, 0.000116784969578, 0.000616849516518, 0.0269850902259, 0.0152244567871, 0.00493157701567, 0.00968495942652, 0.0273819155991, 0.00299653736874, 0.00389200472273, 0.00621465779841, 0.00681968545541, 0.00504166213796, 0.00407514022663, 0.000495157379191, 0.00148590712342, 0.00124449946452, 0.000305683235638, 0.000299462088151, 4.1965427954e-05, 9.66909101408e-06, 1.25395217765e-05, 2.85891974272e-06, 4.49758845207e-05, 1.95374159375e-05, 1.50521032083e-06, 2.84956922769e-06, 6.25082577699e-07, 1.48561230162e-06, 8.64245464527e-07, 4.35755794115e-07, 2.35431059536e-07, 2.4692363354e-07, 5.60899877655e-08, 1.43667451269e-08, 1.68576175241e-08, 9.43075928461e-09], "mean": [0.000114584654511, 0.000162452561199, 2.33834307437e-05, 8.65806305228e-06, 1.44260557136e-05, 2.48383494181e-05, 0.00038634284283, 0.000376434152713, 7.6406809967e-05, 0.000145951897139, 0.000363507802831, 0.000294102763291, 0.000257186562521, 0.000297047023196, 0.00029664640897, 0.000251400226261, 0.00031847320497, 4.25760918006e-05, 7.06613573129e-05, 4.56765919807e-05, 6.24162930762e-06, 3.31406590703e-06, 2.58868180936e-06, 4.74354379776e-07, 7.42659096886e-07, 1.20396620673e-07, 8.30140265862e-07, 9.00927034309e-07, 5.49632765967e-08, 1.72820733724e-07, 2.97348083933e-08, 4.81401087882e-08, 2.76010769795e-08, 2.36190516034e-08, 9.46335276808e-09, 3.78817732738e-09, 3.80183706739e-09, 1.55280199809e-09, 1.0491738589e-09, 8.71377581202e-10], "median": [6.980150647e-05, 8.56316110003e-05, 1.65174569702e-05, 5.75119793211e-06, 8.98591861187e-06, 1.23064273794e-05, 1.75482637133e-05, 1.29144609673e-05, 6.73585282129e-06, 6.84585529598e-06, 1.73805274244e-05, 0.00012041303853, 8.99480219232e-05, 4.79264272144e-05, 7.59896356612e-05, 6.7837187089e-05, 8.18564731162e-05, 1.24323723867e-05, 1.96721412067e-05, 1.22275541798e-05, 1.30077000904e-06, 4.96866050526e-07, 1.01824639387e-06, 2.13242216773e-07, 2.73805966344e-07, 5.18608622713e-08, 1.76067956659e-07, 2.34926574194e-07, 2.04840198137e-08, 4.51317845318e-08, 8.92915430484e-09, 1.22485372955e-08, 7.24580484501e-09, 7.24897564197e-09, 2.78001577314e-09, 7.75528641306e-10, 1.48557321999e-09, 8.80998718422e-10, 7.04677149965e-10, 6.47981668322e-10], "min": [1.50984988401e-11, 2.30029840662e-12, 1.88607766557e-12, 8.88056826426e-13, 2.70820231475e-13, 4.61810223309e-13, 7.21273409922e-13, 1.6996205875e-12, 1.7137257325e-12, 2.84116285186e-12, 9.89524976715e-13, 1.18286608806e-12, 1.28535311734e-12, 1.29896278196e-12, 1.25172615328e-12, 1.21172820042e-12, 2.45761917761e-12, 2.00841101562e-12, 6.26738136215e-13, 8.56096877416e-13, 9.3129735694e-13, 1.3134601913e-12, 1.01483567643e-12, 1.69619472547e-12, 1.16871952654e-12, 1.26266618689e-12, 1.81830516355e-12, 2.62697567692e-12, 2.97618939042e-12, 1.80440048753e-12, 2.64885465992e-12, 2.07906673648e-12, 2.08068414928e-12, 1.81582537635e-12, 7.3580508006e-13, 1.61065973926e-12, 1.43769479828e-12, 2.80836725403e-12, 2.43261227134e-12, 2.92252073236e-12], "var": [1.91406073213e-08, 4.9377810285e-08, 6.78244627128e-10, 1.05248643134e-10, 2.66682842476e-10, 1.97094163212e-09, 3.44482373293e-06, 2.24291534323e-06, 1.36024723929e-07, 4.94416156016e-07, 3.38708991876e-06, 1.73363005729e-07, 1.56849296218e-07, 3.85973265793e-07, 4.39121748741e-07, 2.76798971299e-07, 4.32831853914e-07, 6.93940815921e-09, 2.22454925591e-08, 1.89161735165e-08, 3.95433852329e-10, 3.04446551302e-10, 2.33122861293e-11, 7.34993879994e-13, 1.87583347293e-12, 4.25662346896e-14, 9.02263333491e-12, 4.98139507074e-12, 1.54211631529e-14, 1.53052321251e-13, 5.74137481671e-15, 1.89178727073e-14, 4.82272777486e-15, 2.71640183932e-15, 4.45279873476e-16, 2.89629152028e-16, 4.8056645873e-17, 2.97240839074e-18, 1.97830852083e-18, 6.50695166516e-19]}, "mfcc": {"mean": [-780.710693359, 190.037826538, -66.2678222656, -21.12733078, 0.19547572732, 29.648273468, 15.8076000214, -1.35969913006, 0.338348329067, 8.36087417603, 3.81989312172, 3.64132237434, 11.4017372131], "cov": [[6073.99023438, 2028.9420166, -1054.44946289, 345.85369873, -348.032775879, 101.50050354, -173.215270996, -8.92231559753, 46.8296394348, 97.9917984009, -27.8384399414, -44.6754951477, 143.619827271], [2028.9420166, 991.469116211, -369.111236572, 40.3484916687, -94.9452209473, -35.5146408081, -53.2948379517, -21.2865428925, 34.5261764526, 42.9299163818, 39.8575439453, 26.6977958679, 41.1684303284], [-1054.44946289, -369.111236572, 362.806304932, -32.6124534607, -59.8805503845, -112.112373352, -36.6477851868, 21.0439395905, -21.0296192169, 16.3359565735, 91.5442504883, 53.1079711914, -87.1764984131], [345.85369873, 40.3484916687, -32.6124534607, 124.734359741, -0.157086059451, 16.5293331146, -37.7122344971, -15.1326436996, 13.1688928604, 17.594203949, 17.2135124207, 11.9760656357, 7.70727729797], [-348.032775879, -94.9452209473, -59.8805503845, -0.157086059451, 252.074890137, 169.962387085, 79.4752197266, -18.4834041595, 3.38284492493, -46.3010215759, -94.4201965332, -24.3421897888, 59.487247467], [101.50050354, -35.5146408081, -112.112373352, 16.5293331146, 169.962387085, 286.200286865, 140.023910522, -28.3330001831, -38.4565620422, -57.6233863831, -72.5958938599, -42.3835983276, 39.5129356384], [-173.215270996, -53.2948379517, -36.6477851868, -37.7122344971, 79.4752197266, 140.023910522, 192.248977661, 35.6847343445, -44.8405227661, -56.7199020386, -82.5279922485, -50.9888420105, 32.0443305969], [-8.92231559753, -21.2865428925, 21.0439395905, -15.1326436996, -18.4834041595, -28.3330001831, 35.6847343445, 131.947616577, 36.5845451355, -9.99426174164, -67.1025466919, -73.8296737671, 19.5117397308], [46.8296394348, 34.5261764526, -21.0296192169, 13.1688928604, 3.38284492493, -38.4565620422, -44.8405227661, 36.5845451355, 108.562797546, 55.465927124, -32.2407264709, -57.824672699, -6.08098840714], [97.9917984009, 42.9299163818, 16.3359565735, 17.594203949, -46.3010215759, -57.6233863831, -56.7199020386, -9.99426174164, 55.465927124, 133.743133545, 39.3966445923, -82.8661499023, -43.5941696167], [-27.8384399414, 39.8575439453, 91.5442504883, 17.2135124207, -94.4201965332, -72.5958938599, -82.5279922485, -67.1025466919, -32.2407264709, 39.3966445923, 281.277191162, 161.453643799, -154.196380615], [-44.6754951477, 26.6977958679, 53.1079711914, 11.9760656357, -24.3421897888, -42.3835983276, -50.9888420105, -73.8296737671, -57.824672699, -82.8661499023, 161.453643799, 301.185394287, -30.7845230103], [143.619827271, 41.1684303284, -87.1764984131, 7.70727729797, 59.487247467, 39.5129356384, 32.0443305969, 19.5117397308, -6.08098840714, -43.5941696167, -154.196380615, -30.7845230103, 209.661453247]], "icov": [[0.00413154996932, -0.00539189158008, 0.00630333879963, -0.00645683472976, 0.00765215512365, -0.00718821771443, 0.00641108863056, -0.00615310156718, 0.00625672191381, -0.00474066380411, 0.00518960226327, -0.00321939168498, 0.00240293866955], [-0.00539189158008, 0.00925978459418, -0.00539260683581, 0.00861198082566, -0.00928133353591, 0.00984813366085, -0.00838028918952, 0.00734787574038, -0.00798554997891, 0.00505754211918, -0.00738531816751, 0.00347475730814, -0.00341049768031], [0.00630333879963, -0.00539260683581, 0.017098531127, -0.00906160660088, 0.0116288904101, -0.00881301332265, 0.00995113234967, -0.0119528304785, 0.0120091997087, -0.00985896401107, 0.00723920064047, -0.00658504618332, 0.00479214033112], [-0.00645683472976, 0.00861198082566, -0.00906160660088, 0.0200202688575, -0.0111826565117, 0.00825736112893, -0.00672222021967, 0.00846599880606, -0.00992832798511, 0.00535869831219, -0.00838645920157, 0.00386052438989, -0.00469032721594], [0.00765215512365, -0.00928133353591, 0.0116288904101, -0.0111826565117, 0.0225479826331, -0.018025977537, 0.0118054924533, -0.00970184803009, 0.0082276519388, -0.00806121900678, 0.0110853035003, -0.00695272535086, 0.00361955258995], [-0.00718821771443, 0.00984813366085, -0.00881301332265, 0.00825736112893, -0.018025977537, 0.0236816033721, -0.0172143504024, 0.0140349101275, -0.010480822064, 0.0113170277327, -0.0110819526017, 0.00833381619304, -0.00387887167744], [0.00641108863056, -0.00838028918952, 0.00995113234967, -0.00672222021967, 0.0118054924533, -0.0172143504024, 0.0230790171772, -0.0149001879618, 0.0154743781313, -0.00826035439968, 0.0106165204197, -0.00547598069534, 0.00512778479606], [-0.00615310156718, 0.00734787574038, -0.0119528304785, 0.00846599880606, -0.00970184803009, 0.0140349101275, -0.0149001879618, 0.0247807502747, -0.0177106782794, 0.0154485013336, -0.00912537332624, 0.0101860780269, -0.00494741369039], [0.00625672191381, -0.00798554997891, 0.0120091997087, -0.00992832798511, 0.0082276519388, -0.010480822064, 0.0154743781313, -0.0177106782794, 0.0301480777562, -0.0178153607994, 0.0136965410784, -0.00829842779785, 0.00758923217654], [-0.00474066380411, 0.00505754211918, -0.00985896401107, 0.00535869831219, -0.00806121900678, 0.0113170277327, -0.00826035439968, 0.0154485013336, -0.0178153607994, 0.029518513009, -0.0148876858875, 0.0158679056913, -0.00506115425378], [0.00518960226327, -0.00738531816751, 0.00723920064047, -0.00838645920157, 0.0110853035003, -0.0110819526017, 0.0106165204197, -0.00912537332624, 0.0136965410784, -0.0148876858875, 0.0222063791007, -0.0128546273336, 0.0111295031384], [-0.00321939168498, 0.00347475730814, -0.00658504618332, 0.00386052438989, -0.00695272535086, 0.00833381619304, -0.00547598069534, 0.0101860780269, -0.00829842779785, 0.0158679056913, -0.0128546273336, 0.0148466238752, -0.00528123509139], [0.00240293866955, -0.00341049768031, 0.00479214033112, -0.00469032721594, 0.00361955258995, -0.00387887167744, 0.00512778479606, -0.00494741369039, 0.00758923217654, -0.00506115425378, 0.0111295031384, -0.00528123509139, 0.0119165135548]]}, "spectral_contrast_coeffs": {"dmean": [0.0416228920221, 0.0389410853386, 0.0403929539025, 0.0334597043693, 0.0217934865505, 0.0178887154907], "dmean2": [0.0704125389457, 0.0658660978079, 0.0645766407251, 0.0517106987536, 0.0368001051247, 0.0288539659232], "dvar": [0.000940347264986, 0.000960166449659, 0.00115829077549, 0.000718518334907, 0.000325726665324, 0.000322663661791], "dvar2": [0.00274702045135, 0.00259720114991, 0.0028547742404, 0.00156714033801, 0.000914580887184, 0.000733321649022], "max": [-0.637038707733, -0.358345866203, -0.458767741919, -0.489759624004, -0.634803116322, -0.666431188583], "mean": [-0.769876003265, -0.789891064167, -0.714340031147, -0.661466836929, -0.740036308765, -0.783085346222], "median": [-0.771013617516, -0.81739461422, -0.715285599232, -0.668503522873, -0.733138918877, -0.779557406902], "min": [-0.904616594315, -0.943245232105, -0.937217772007, -0.945326864719, -0.945085823536, -0.907198190689], "var": [0.00188276194967, 0.00912568811327, 0.00816384609789, 0.00394419254735, 0.0019596926868, 0.00208583148196]}, "spectral_contrast_valleys": {"dmean": [0.391855299473, 0.342391610146, 0.305578798056, 0.266096204519, 0.249167621136, 0.134320944548], "dmean2": [0.657793343067, 0.549010396004, 0.498506963253, 0.447936534882, 0.420499175787, 0.230749875307], "dvar": [0.115013539791, 0.0952180027962, 0.0941006466746, 0.0758145973086, 0.0898432135582