{"lowlevel": {"average_loudness": 0.922919690609, "barkbands_crest": {"dmean": 2.09144210815, "dmean2": 3.33564591408, "dvar": 5.88806581497, "dvar2": 14.578871727, "max": 26.3350543976, "mean": 11.4216213226, "median": 10.7690925598, "min": 1.97295117378, "var": 16.3264026642}, "barkbands_flatness_db": {"dmean": 0.0299513731152, "dmean2": 0.0405757986009, "dvar": 0.00147476885468, "dvar2": 0.00297019723803, "max": 0.544615089893, "mean": 0.202292233706, "median": 0.189023375511, "min": 0.0161530543119, "var": 0.0093497261405}, "barkbands_kurtosis": {"dmean": 2.62306880951, "dmean2": 4.01905536652, "dvar": 27.3450450897, "dvar2": 60.5729637146, "max": 105.055839539, "mean": 5.46500778198, "median": 3.14897274971, "min": -1.95488595963, "var": 79.4906082153}, "barkbands_skewness": {"dmean": 0.520584702492, "dmean2": 0.770637631416, "dvar": 0.382640182972, "dvar2": 0.836026251316, "max": 8.33732223511, "mean": 1.42405164242, "median": 1.5185085535, "min": -3.86759614944, "var": 2.03804993629}, "barkbands_spread": {"dmean": 3.80554819107, "dmean2": 5.42774677277, "dvar": 30.7029056549, "dvar2": 65.3486328125, "max": 61.3711700439, "mean": 14.4979295731, "median": 11.5383777618, "min": 0.283841848373, "var": 122.409263611}, "dissonance": {"dmean": 0.0266344584525, "dmean2": 0.0443543866277, "dvar": 0.000880709209014, "dvar2": 0.00231461040676, "max": 0.499993652105, "mean": 0.429157286882, "median": 0.442497730255, "min": 0.192842125893, "var": 0.00248949299566}, "dynamic_complexity": 5.02675676346, "erbbands_crest": {"dmean": 2.51127481461, "dmean2": 3.73133134842, "dvar": 10.0300312042, "dvar2": 19.8162555695, "max": 34.9723358154, "mean": 13.2528343201, "median": 10.7630147934, "min": 2.4618768692, "var": 50.8938903809}, "erbbands_flatness_db": {"dmean": 0.0309551469982, "dmean2": 0.0387539640069, "dvar": 0.00132091867272, "dvar2": 0.00240920204669, "max": 0.501734137535, "mean": 0.230930075049, "median": 0.233211278915, "min": 0.0458550862968, "var": 0.0069979140535}, "erbbands_kurtosis": {"dmean": 1.63266372681, "dmean2": 2.52463364601, "dvar": 14.8121595383, "dvar2": 32.6095199585, "max": 157.414505005, "mean": 2.66618013382, "median": 1.23691439629, "min": -1.90532243252, "var": 53.4261207581}, "erbbands_skewness": {"dmean": 0.430669128895, "dmean2": 0.606577694416, "dvar": 0.301751166582, "dvar2": 0.599278569221, "max": 5.28304672241, "mean": 0.324572473764, "median": 0.637955784798, "min": -11.2260847092, "var": 1.91590774059}, "erbbands_spread": {"dmean": 7.08746480942, "dmean2": 10.2327222824, "dvar": 123.971359253, "dvar2": 271.65927124, "max": 143.207565308, "mean": 24.1820869446, "median": 20.2045707703, "min": 0.981486678123, "var": 266.775115967}, "hfc": {"dmean": 8.08427524567, "dmean2": 12.4516735077, "dvar": 531.77746582, "dvar2": 1343.75061035, "max": 248.226806641, "mean": 13.1875104904, "median": 4.31365585327, "min": 1.11294252978e-16, "var": 593.364685059}, "melbands_crest": {"dmean": 2.57160639763, "dmean2": 4.04151916504, "dvar": 10.6575908661, "dvar2": 26.1827964783, "max": 33.4131202698, "mean": 13.2399206161, "median": 12.2912120819, "min": 1.87063145638, "var": 24.3538646698}, "melbands_flatness_db": {"dmean": 0.0308834593743, "dmean2": 0.0413111411035, "dvar": 0.00177136238199, "dvar2": 0.00387602043338, "max": 0.691810429096, "mean": 0.266045749187, "median": 0.249950349331, "min": 0.00850880332291, "var": 0.011182053946}, "melbands_kurtosis": {"dmean": 5.57713603973, "dmean2": 8.6660118103, "dvar": 179.639602661, "dvar2": 414.865203857, "max": 253.624542236, "mean": 9.82804203033, "median": 5.94616222382, "min": -1.94420862198, "var": 274.601013184}, "melbands_skewness": {"dmean": 0.640277862549, "dmean2": 0.964094877243, "dvar": 0.853752017021, "dvar2": 1.90312087536, "max": 13.674448967, "mean": 1.98983073235, "median": 1.91559243202, "min": -2.42707872391, "var": 2.32377481461}, "melbands_spread": {"dmean": 5.38959884644, "dmean2": 8.36105155945, "dvar": 86.0516815186, "dvar2": 218.198394775, "max": 134.152099609, "mean": 20.0685901642, "median": 12.9823875427, "min": 0.371959626675, "var": 316.597930908}, "pitch_salience": {"dmean": 0.0633713230491, "dmean2": 0.100081436336, "dvar": 0.00622092932463, "dvar2": 0.016231616959, "max": 0.92685085535, "mean": 0.512190699577, "median": 0.522829115391, "min": 0.0967530086637, "var": 0.0171293504536}, "silence_rate_20dB": {"dmean": 0, "dmean2": 0, "dvar": 0, "dvar2": 0, "max": 1, "mean": 1, "median": 1, "min": 1, "var": 0}, "silence_rate_30dB": {"dmean": 0, "dmean2": 0, "dvar": 0, "dvar2": 0, "max": 1, "mean": 1, "median": 1, "min": 1, "var": 0}, "silence_rate_60dB": {"dmean": 0.0612028464675, "dmean2": 0.122424244881, "dvar": 0.0574575848877, "dvar2": 0.117747284472, "max": 1, "mean": 0.217812776566, "median": 0, "min": 0, "var": 0.170366078615}, "spectral_centroid": {"dmean": 168.144317627, "dmean2": 253.000732422, "dvar": 87547.828125, "dvar2": 200728.6875, "max": 10750.9423828, "mean": 985.649963379, "median": 788.32421875, "min": 147.880966187, "var": 380283.8125}, "spectral_complexity": {"dmean": 2.8498711586, "dmean2": 3.92636370659, "dvar": 38.2547149658, "dvar2": 65.7168197632, "max": 70, "mean": 11.1023931503, "median": 10, "min": 0, "var": 81.6935424805}, "spectral_decrease": {"dmean": 1.56266666274e-09, "dmean2": 2.36755903771e-09, "dvar": 1.34717132646e-17, "dvar2": 3.31931267816e-17, "max": -1.45359682923e-28, "mean": -3.08751335609e-09, "median": -1.87219750813e-09, "min": -3.09962118195e-08, "var": 1.59246230725e-17}, "spectral_energy": {"dmean": 0.00656842952594, "dmean2": 0.00994406454265, "dvar": 0.000244211754762, "dvar2": 0.000599191174842, "max": 0.126460418105, "mean": 0.0128491204232, "median": 0.007558577694, "min": 1.06433418274e-20, "var": 0.000289584277198}, "spectral_energyband_high": {"dmean": 0.000347917783074, "dmean2": 0.000497755012475, "dvar": 1.12621580683e-06, "dvar2": 2.64712139142e-06, "max": 0.0136199602857, "mean": 0.000402460951591, "median": 2.68506082648e-05, "min": 7.65951960442e-21, "var": 1.31638967105e-06}, "spectral_energyband_low": {"dmean": 0.00175986858085, "dmean2": 0.00258566951379, "dvar": 3.45644803019e-05, "dvar2": 7.63566567912e-05, "max": 0.0669460147619, "mean": 0.00193608226255, "median": 0.000180403905688, "min": 4.00393673074e-23, "var": 4.06232902606e-05}, "spectral_energyband_middle_high": {"dmean": 0.00275864824653, "dmean2": 0.00446764286608, "dvar": 6.39589634375e-05, "dvar2": 0.000170556173543, "max": 0.0863308981061, "mean": 0.00428739050403, "median": 0.000868857197929, "min": 1.51496725648e-21, "var": 6.91009627189e-05}, "spectral_energyband_middle_low": {"dmean": 0.00297641893849, "dmean2": 0.00464106397703, "dvar": 6.80606099195e-05, "dvar2": 0.00018168715178, "max": 0.0863503664732, "mean": 0.00638976925984, "median": 0.00483233761042, "min": 5.85001172931e-22, "var": 6.17783516645e-05}, "spectral_entropy": {"dmean": 0.281826227903, "dmean2": 0.359964072704, "dvar": 0.147032871842, "dvar2": 0.278931856155, "max": 9.80821704865, "mean": 6.6939997673, "median": 6.66017341614, "min": 4.07720041275, "var": 0.713266909122}, "spectral_flux": {"dmean": 0.0244966577739, "dmean2": 0.0362674929202, "dvar": 0.001631335821, "dvar2": 0.00322792772204, "max": 0.340256363153, "mean": 0.0481067411602, "median": 0.0267940703779, "min": 1.03166572507e-10, "var": 0.00331789185293}, "spectral_kurtosis": {"dmean": 6.70110177994, "dmean2": 10.6874103546, "dvar": 141.233810425, "dvar2": 331.642150879, "max": 382.20401001, "mean": 17.967748642, "median": 8.43208694458, "min": -1.20083367825, "var": 1434.79919434}, "spectral_rms": {"dmean": 0.000678333453834, "dmean2": 0.0009396513924, "dvar": 1.59567775881e-06, "dvar2": 3.4963793496e-06, "max": 0.0111074754968, "mean": 0.00299486098811, "median": 0.00271555199288, "min": 3.22238243033e-12, "var": 3.56658370038e-06}, "spectral_rolloff": {"dmean": 236.54234314, "dmean2": 415.023986816, "dvar": 363858, "dvar2": 871959.5625, "max": 18410.8886719, "mean": 1200.46179199, "median": 796.728515625, "min": 64.599609375, "var": 849837.875}, "spectral_skewness": {"dmean": 0.503465652466, "dmean2": 0.790804684162, "dvar": 0.458025187254, "dvar2": 1.03294205666, "max": 16.5213356018, "mean": 2.7044634819, "median": 2.19759702682, "min": 0.0186814032495, "var": 3.51791954041}, "spectral_spread": {"dmean": 861391.25, "dmean2": 1087766.125, "dvar": 1438379147260.0, "dvar2": 2788420747260.0, "max": 40224268, "mean": 3634303.25, "median": 3100363.5, "min": 263160.46875, "var": 4204775866370.0}, "spectral_strongpeak": {"dmean": 0.711292266846, "dmean2": 1.13429117203, "dvar": 2.15323829651, "dvar2": 4.53692865372, "max": 17.3214244843, "mean": 1.67048668861, "median": 0.608687281609, "min": 0, "var": 6.15976333618}, "zerocrossingrate": {"dmean": 0.00787855591625, "dmean2": 0.0083063300699, "dvar": 9.89588079392e-05, "dvar2": 0.000106701860204, "max": 0.5107421875, "mean": 0.0499438047409, "median": 0.04296875, "min": 0.005859375, "var": 0.000881531217601}, "barkbands": {"dmean": [0.000337555713486, 0.00099596392829, 0.000701652141288, 0.000531230412889, 0.00164896063507, 0.000564801506698, 0.00037925131619, 0.000234350314713, 0.000186500023119, 9.51155889197e-05, 0.000261247769231, 0.000228810153203, 0.000467528792797, 0.000322122854413, 0.000594464188907, 0.000579610234126, 0.000322615378536, 0.000245529838139, 0.00012662440713, 7.45525539969e-05, 7.07132494426e-05, 7.52927953727e-05, 5.67404167668e-05, 3.9262813516e-05, 4.27095983468e-05, 2.74399499176e-05, 1.42336466524e-05], "dmean2": [0.000509157369379, 0.001557547017, 0.00123611663003, 0.000927034590859, 0.00278241676278, 0.000813670572825, 0.000550263852347, 0.00032534924685, 0.000278495950624, 0.000148183127749, 0.000429606181569, 0.000378521974199, 0.000714969646651, 0.000536011648364, 0.00101917539723, 0.000963978236541, 0.000522240938153, 0.000391964218579, 0.000204537078389, 0.000123653895571, 0.000110847613541, 0.00010958538769, 8.21218272904e-05, 5.53153986402e-05, 6.08129921602e-05, 3.90151217289e-05, 2.16946118599e-05], "dvar": [1.3952194422e-06, 1.36752569233e-05, 7.48903721615e-06, 3.8449652493e-06, 3.39919351973e-05, 8.28694680877e-07, 5.89565331666e-07, 2.43033952074e-07, 1.92764545659e-07, 1.29525545844e-07, 8.0613051523e-07, 8.71409156389e-07, 3.23491372001e-06, 1.70328428339e-06, 5.38504218639e-06, 4.59982811662e-06, 1.68720112015e-06, 7.89226987763e-07, 2.32979019188e-07, 8.09984044281e-08, 6.09497874393e-08, 5.90908690867e-08, 3.01857419061e-08, 1.65391433882e-08, 1.39535059063e-08, 6.21162987713e-09, 2.62757882119e-09], "dvar2": [2.92318441097e-06, 3.30519251293e-05, 2.01723178179e-05, 1.04931777969e-05, 9.02471729205e-05, 1.94161430045e-06, 1.35922539357e-06, 6.0705190208e-07, 4.98776557833e-07, 3.45465537066e-07, 2.24017617256e-06, 2.31848343901e-06, 7.11778329787e-06, 4.48609307568e-06, 1.52320535562e-05, 1.19370051834e-05, 4.12012923334e-06, 1.72589102476e-06, 5.53690540528e-07, 2.1485308821e-07, 1.62766014e-07, 1.34418883135e-07, 7.02667577457e-08, 3.69944999079e-08, 3.14279553493e-08, 1.46761491848e-08, 7.05546199242e-09], "max": [0.0099772028625, 0.0354881323874, 0.0370654538274, 0.0279869232327, 0.0566683895886, 0.0148977888748, 0.0115894423798, 0.00862704683095, 0.00857381522655, 0.0076517444104, 0.0173147320747, 0.0132868774235, 0.0515655502677, 0.0231932345778, 0.0356474146247, 0.0364357382059, 0.0244197975844, 0.0235057771206, 0.00974287930876, 0.0032356234733, 0.00338081573136, 0.00403101881966, 0.00201883120462, 0.00361566524953, 0.00155801372603, 0.000966179359239, 0.000891720992513], "mean": [0.00030186920776, 0.000900982413441, 0.00059265026357, 0.000517405278515, 0.00240762578323, 0.00161020655651, 0.000708024716005, 0.000666598323733, 0.000429882609751, 0.000133214256493, 0.000363109837053, 0.000267490977421, 0.000818831962533, 0.000376706710085, 0.000722512602806, 0.00073870230699, 0.000407410698244, 0.000310308125336, 0.000141192096635, 7.17961447663e-05, 7.72317507653e-05, 8.21469366201e-05, 6.61531448714e-05, 4.5780056098e-05, 4.79938134959e-05, 2.96861671814e-05, 1.36331436806e-05], "median": [3.45217313225e-06, 6.15449607722e-06, 4.60262381239e-05, 0.000123017322039, 0.00117557868361, 0.00123596889898, 0.000377724441933, 0.000368889217498, 0.000242937152507, 5.59989202884e-05, 0.000155242145411, 3.64621228073e-05, 3.5507400753e-05, 3.25711807818e-05, 3.03118340526e-05, 1.55702909979e-05, 1.9537161279e-05, 1.57374506671e-05, 1.08016538434e-05, 6.36899312667e-06, 6.59717079543e-06, 4.42366945208e-06, 2.38214011006e-06, 1.13320641049e-06, 8.4185887772e-07, 2.8083354664e-07, 4.3146293649e-08], "min": [2.74869017486e-24, 9.72269172419e-24, 1.3869965428e-23, 2.10724958401e-23, 1.47091493481e-23, 2.75767925276e-22, 4.98387615551e-23, 1.03889705867e-22, 8.18812186744e-23, 7.41582388578e-23, 3.5530976747e-23, 6.9696435267e-23, 8.54996226724e-23, 1.75451487942e-22, 1.25737574669e-22, 1.24201706662e-22, 2.13487419918e-22, 1.78295098002e-22, 2.28082230189e-22, 3.35023470918e-22, 6.65728527915e-22, 5.99030275269e-22, 5.63869697116e-22, 9.22978669193e-22, 1.25646382348e-21, 1.59541117689e-21, 2.16215803275e-21], "var": [1.50349922023e-06, 1.31025308292e-05, 5.52099982087e-06, 2.60142860498e-06, 2.62664671027e-05, 2.38534198616e-06, 1.06506877273e-06, 7.21639992207e-07, 3.23964542304e-07, 1.03358111403e-07, 6.29827468401e-07, 9.86719214779e-07, 7.9464080045e-06, 2.11058818422e-06, 7.3702226473e-06, 6.68594248054e-06, 2.76156492873e-06, 1.7985711338e-06, 3.71650145325e-07, 6.74177655924e-08, 5.90158855118e-08, 6.66777921765e-08, 3.54362903465e-08, 1.98788328021e-08, 1.74762373462e-08, 7.1178813954e-09, 2.14639528373e-09]}, "erbbands": {"dmean": [0.0477759316564, 0.176220834255, 0.704478561878, 1.20813071728, 5.95234918594, 4.17025995255, 2.87340784073, 5.40479803085, 6.52036523819, 4.75199365616, 4.48303365707, 4.92285776138, 2.64079475403, 5.0499048233, 10.7235479355, 11.5985679626, 22.6007995605, 14.7120389938, 25.1306762695, 35.5965156555, 22.6893043518, 15.5748710632, 15.6582107544, 8.60850429535, 4.33109235764, 3.43984889984, 3.11248207092, 2.76362013817, 2.38437986374, 2.30681324005, 1.72122120857, 1.00519967079, 0.570093631744, 0.484036445618, 0.300836056471, 0.129369184375, 0.0485396310687, 0.0134253231809, 0.00243156030774, 0.000143098237459], "dmean2": [0.0751432999969, 0.302615106106, 1.24349737167, 2.06120109558, 10.3253641129, 7.08687019348, 4.4993019104, 7.9132900238, 9.25908660889, 6.71223497391, 6.50565767288, 7.21491193771, 4.08003568649, 8.37829685211, 17.1939888, 18.4336853027, 34.4537124634, 23.5081577301, 42.1456069946, 59.3340950012, 37.5079841614, 25.5320568085, 24.4798088074, 14.3299160004, 7.05845308304, 5.71478700638, 5.03300714493, 4.27704572678, 3.49946904182, 3.32578325272, 2.55025959015, 1.45808899403, 0.80491912365, 0.6939240098, 0.427272945642, 0.183639585972, 0.0709162652493, 0.0196566190571, 0.00367200002074, 0.000222422604566], "dvar": [0.0329495035112, 0.517373681068, 7.52251625061, 13.5027856827, 539.711669922, 185.923095703, 33.4625205994, 79.5220108032, 158.303451538, 83.2824401855, 117.944068909, 111.150588989, 94.2155990601, 368.1277771, 1185.79785156, 1687.75476074, 7697.40332031, 2800.12548828, 11360.5224609, 15353.7431641, 7494.82910156, 3690.19335938, 3247.79370117, 1088.79907227, 255.108032227, 169.546646118, 144.223297119, 84.6785583496, 60.3587837219, 61.1489028931, 30.5751628876, 11.5734596252, 2.79848527908, 1.85739791393, 0.672459244728, 0.131941214204, 0.0231103226542, 0.00170997891109, 7.84247167758e-05, 3.18619328254e-07], "dvar2": [0.0772769674659, 1.39141976833, 20.5479640961, 36.2689819336, 1434.27185059, 509.976593018, 90.0336532593, 187.008499146, 353.670898438, 219.095077515, 297.24118042, 284.524261475, 243.515380859, 990.125, 3249.78100586, 4344.14013672, 16905.453125, 7017.2890625, 30724.9746094, 41523.109375, 19945.1191406, 9599.40332031, 7018.07617188, 2767.43481445, 604.826721191, 449.520080566, 402.019989014, 214.687530518, 142.716964722, 137.444580078, 72.9145584106, 27.5963783264, 6.05282783508, 4.25114679337, 1.51296627522, 0.305532187223, 0.0567019209266, 0.00427007721737, 0.000210575934034, 8.72820407949e-07], "max": [1.65169250965, 7.43804788589, 36.1503067017, 42.3377380371, 248.770706177, 176.085891724, 106.190879822, 154.370742798, 189.309951782, 145.949905396, 188.363616943, 177.54473877, 167.934555054, 311.593444824, 597.649597168, 663.464172363, 2577.56445312, 1062.71081543, 2051.7565918, 2800.69384766, 1263.22924805, 902.323242188, 1651.1151123, 705.221252441, 189.997879028, 155.73538208, 174.842041016, 96.4543457031, 97.592628479, 192.87210083, 85.7431716919, 75.1797637939, 36.0913543701, 19.6396617889, 10.4079294205, 4.43105173111, 2.1445851326, 0.645834267139, 0.167192488909, 0.0152247343212], "mean": [0.0433577001095, 0.141618937254, 0.574671804905, 1.27862453461, 5.29219245911, 7.86525917053, 9.40663909912, 14.6342086792, 12.6003398895, 12.2561969757, 12.2503643036, 12.2553510666, 4.14493942261, 6.17250442505, 15.7597227097, 16.8596191406, 40.0103340149, 20.82853508, 32.1467628479, 44.6063423157, 28.6190185547, 18.871799469, 22.1929111481, 10.8493700027, 4.39446020126, 3.41643595695, 3.18780612946, 3.02672314644, 2.58206176758, 2.59087324142, 1.9575304985, 1.14509952068, 0.672611176968, 0.536272644997, 0.336935520172, 0.143116399646, 0.051211129874, 0.0137985376641, 0.00238348729908, 0.000140455173096], "median": [0.000188445410458, 0.00234924908727, 0.0432756021619, 0.32451915741, 1.21138203144, 4.13646459579, 7.08968496323, 10.2671489716, 7.1752614975, 7.42403316498, 7.0995464325, 7.56938505173, 2.0991897583, 2.06083226204, 7.1050863266, 2.81452465057, 2.20741796494, 2.33623409271, 2.27142429352, 1.2479557991, 1.11336112022, 1.08951795101, 1.0513677597, 0.764495491982, 0.467061579227, 0.359601736069, 0.335551083088, 0.24756577611, 0.153302580118, 0.0977040529251, 0.0698520690203, 0.0305183418095, 0.0164634697139, 0.010348350741, 0.00516614690423, 0.00168361375108, 0.000408099440392, 8.29643104225e-05, 1.42063981912e-05, 1.10339587991e-05], "min": [4.53148866018e-22, 1.83282564421e-21, 1.12972862628e-20, 5.4012544936e-20, 3.30290698276e-20, 4.31314880411e-20, 5.85587728803e-19, 3.05644063519e-18, 1.22857558826e-18, 7.97593344319e-19, 2.68975974145e-18, 1.73713594823e-18, 3.06573876566e-18, 1.53723668967e-18, 2.25651438305e-18, 2.35863417237e-18, 3.10580160427e-18, 6.44668752503e-18, 9.80524760715e-18, 6.17380849917e-18, 8.40356524376e-18, 1.21777546324e-17, 1.09329065403e-17, 7.88668158567e-18, 1.6367644465e-17, 1.61524716266e-17, 2.50219240165e-17, 2.35786526663e-17, 2.30938834683e-17, 1.70485878171e-17, 1.75391588599e-17, 1.6827229322e-17, 1.73909942685e-17, 1.15602436256e-17, 1.07666035325e-17, 5.7616810618e-18, 3.36552163415e-18, 1.26146387583e-18, 2.601802008e-19, 3.17430463132e-20], "var": [0.0321343131363, 0.379311025143, 5.33609628677, 10.152929306, 376.389099121, 170.536895752, 90.2199630737, 234.147613525, 297.354431152, 205.643371582, 275.195739746, 222.757369995, 79.2748565674, 277.5340271, 1004.01239014, 2421.67211914, 18603.328125, 4734.04345703, 15772.9892578, 23642.9199219, 8704.84765625, 4723.81054688, 8700.44433594, 2139.99829102, 244.723083496, 142.197998047, 120.117851257, 87.3753662109, 65.5133895874, 69.8205871582, 33.6530723572, 12.5382452011, 3.71409368515, 2.24948811531, 0.85091573, 0.159201785922, 0.024751458317, 0.00170708959922, 6.46154003334e-05, 2.41112786625e-07]}, "gfcc": {"mean": [-120.007453918, 112.103614807, -124.242416382, -3.45448207855, -69.3817901611, -14.7959899902, -47.9587898254, -14.991476059, -24.1927108765, -4.90973949432, -12.9882678986, -2.27260613441, -10.045665741], "cov": [[24176.9726562, -5387.69775391, -1143.36022949, 1377.7154541, 188.403060913, 1222.7890625, -586.163024902, 639.006164551, -142.915130615, 508.847381592, -386.094848633, 426.533905029, -362.462188721], [-5387.69775391, 2887.59033203, -225.846954346, -498.713409424, -133.010299683, -582.944458008, 267.534423828, -481.160583496, 67.2101669312, -301.967529297, 174.279006958, -314.252960205, 110.392723083], [-1143.36022949, -225.846954346, 1700.26916504, 277.160186768, 337.846374512, 490.812255859, 182.791656494, 249.967285156, 47.6254463196, 205.122817993, -58.5019416809, 66.2353134155, -148.405151367], [1377.7154541, -498.713409424, 277.160186768, 532.279663086, 220.762893677, 262.423126221, 58.6023902893, 254.149856567, 81.8263244629, 95.7243118286, 1.89685571194, 94.0372314453, -28.3765697479], [188.403060913, -133.010299683, 337.846374512, 220.762893677, 558.823608398, 302.978118896, 83.14453125, 182.547363281, 72.9370422363, 111.808021545, -46.5393295288, 13.4953804016, -2.95904803276], [1222.7890625, -582.944458008, 490.812255859, 262.423126221, 302.978118896, 538.996826172, 101.587394714, 165.528656006, 27.1142177582, 206.118057251, -28.7761116028, 60.5083007812, -78.6592407227], [-586.163024902, 267.534423828, 182.791656494, 58.6023902893, 83.14453125, 101.587394714, 250.751358032, 17.9807796478, 30.3293228149, 23.950510025, 62.5601158142, 21.1962184906, -18.1642284393], [639.006164551, -481.160583496, 249.967285156, 254.149856567, 182.547363281, 165.528656006, 17.9807796478, 402.934997559, 69.0830917358, 99.0774917603, 15.7222471237, 129.882553101, 9.31211948395], [-142.915130615, 67.2101669312, 47.6254463196, 81.8263244629, 72.9370422363, 27.1142177582, 30.3293228149, 69.0830917358, 144.167388916, 47.1047058105, 3.97977685928, 14.3120937347, 48.91040802], [508.847381592, -301.967529297, 205.122817993, 95.7243118286, 111.808021545, 206.118057251, 23.950510025, 99.0774917603, 47.1047058105, 195.768951416, 17.4298915863, 51.1249084473, -24.1462631226], [-386.094848633, 174.279006958, -58.5019416809, 1.89685571194, -46.5393295288, -28.7761116028, 62.5601158142, 15.7222471237, 3.97977685928, 17.4298915863, 154.722320557, 48.0512657166, -11.9497909546], [426.533905029, -314.252960205, 66.2353134155, 94.0372314453, 13.4953804016, 60.5083007812, 21.1962184906, 129.882553101, 14.3120937347, 51.1249084473, 48.0512657166, 177.810562134, 9.44246292114], [-362.462188721, 110.392723083, -148.405151367, -28.3765697479, -2.95904803276, -78.6592407227, -18.1642284393, 9.31211948395, 48.91040802, -24.1462631226, -11.9497909546, 9.44246292114, 172.808395386]], "icov": [[0.000100264362118, 0.000109526670713, 0.000166235331562, -0.000188873149455, 6.00390558247e-05, -0.00016618151858, 5.77202808927e-05, 3.38773461408e-05, 2.52333866229e-05, -4.74229054817e-05, 0.000182332514669, -3.59729128832e-05, 0.000182513525942], [0.000109526670713, 0.00141037837602, -0.000174105545739, 0.00031538377516, -0.000550829223357, 0.000976318086032, -0.00119383854326, 0.000819187029265, -0.00101554312278, 0.000851687567774, -0.00157814496197, 0.00166056980379, -0.000297060585581], [0.000166235331562, -0.000174105545739, 0.00129764410667, -0.000392201676732, 0.000219252280658, -0.00100768019911, -0.000105185310531, -0.000507926859427, 0.000228083925322, -0.000565176655073, 0.0013924917439, -0.00056077435147, 0.00105468789116], [-0.000188873149455, 0.00031538377516, -0.000392201676732, 0.00401325337589, -0.000580541905947, -0.000631039554719, -0.000532565580215, -0.00114547845442, -0.00196271971799, 0.00160622131079, -0.00116692285519, 0.000198156238184, 0.000121559503896], [6.00390558247e-05, -0.000550829223357, 0.000219252280658, -0.000580541905947, 0.00343990023248, -0.00204448169097, 0.00010924446542, -0.0012467863271, -0.000120822463941, -0.000303965789499, 0.00158923747949, 0.000114562397357, -0.000126909581013], [-0.00016618151858, 0.000976318086032, -0.00100768019911, -0.000631039554719, -0.00204448169097, 0.00707780616358, -0.00261450977996, 0.000934046693146, 0.000933082250413, -0.00365641852841, -0.000216627857299, 0.00124066416174, 6.25096436124e-05], [5.77202808927e-05, -0.00119383854326, -0.000105185310531, -0.000532565580215, 0.00010924446542, -0.00261450977996, 0.00710746413097, 6.35995529592e-05, -0.000393396796426, 0.000925027765334, -0.00136389839463, -0.00183253968135, 0.000507787161041], [3.38773461408e-05, 0.000819187029265, -0.000507926859427, -0.00114547845442, -0.0012467863271, 0.000934046693146, 6.35995529592e-05, 0.00539541663602, -0.00128529500216, 8.08067670732e-06, -0.00133476697374, -0.00151661725249, -0.000601315288804], [2.52333866229e-05, -0.00101554312278, 0.000228083925322, -0.00196271971799, -0.000120822463941, 0.000933082250413, -0.000393396796426, -0.00128529500216, 0.0113227684051, -0.00426948815584, 0.00181026710197, -0.000257917010458, -0.0026361932978], [-4.74229054817e-05, 0.000851687567774, -0.000565176655073, 0.00160622131079, -0.000303965789499, -0.00365641852841, 0.000925027765334, 8.08067670732e-06, -0.00426948815584, 0.0115951988846, -0.00368413003162, 0.000129713313072, 0.00012884294847], [0.000182332514669, -0.00157814496197, 0.0013924917439, -0.00116692285519, 0.00158923747949, -0.000216627857299, -0.00136389839463, -0.00133476697374, 0.00181026710197, -0.00368413003162, 0.0123321413994, -0.00458008004352, 0.00232787942514], [-3.59729128832e-05, 0.00166056980379, -0.00056077435147, 0.000198156238184, 0.000114562397357, 0.00124066416174, -0.00183253968135, -0.00151661725249, -0.000257917010458, 0.000129713313072, -0.00458008004352, 0.0109695037827, -0.00195448100567], [0.000182513525942, -0.000297060585581, 0.00105468789116, 0.000121559503896, -0.000126909581013, 6.25096436124e-05, 0.000507787161041, -0.000601315288804, -0.0026361932978, 0.00012884294847, 0.00232787942514, -0.00195448100567, 0.00842901039869]]}, "melbands": {"dmean": [0.000346869404893, 0.000312179065077, 0.000355284311809, 0.000400602963055, 0.000109791333671, 0.000118468815344, 9.48108718148e-05, 5.05404677824e-05, 3.69214612874e-05, 2.83887238766e-05, 1.27433322632e-05, 1.8714397811e-05, 3.76080788556e-05, 2.75578477158e-05, 4.55216177215e-05, 3.85220700991e-05, 2.75207967206e-05, 3.88062035199e-05, 4.40273215645e-05, 5.45572293049e-05, 2.07218308788e-05, 1.54314602696e-05, 1.86391680472e-05, 1.09931743282e-05, 6.95290918884e-06, 3.63745925824e-06, 2.4959899747e-06, 2.27194664149e-06, 2.06633876587e-06, 1.75968523308e-06, 1.61631260198e-06, 1.38269081162e-06, 1.51369431478e-06, 1.12787802209e-06, 1.13286489523e-06, 7.32831551886e-07, 5.83847281632e-07, 4.18117252821e-07, 3.54761567678e-07, 4.46825680456e-07], "dmean2": [0.000523345079273, 0.000540414883289, 0.000609631417319, 0.000684459053446, 0.000172788699274, 0.000171124949702, 0.000134081608849, 7.0864240115e-05, 5.34183855052e-05, 4.21528966399e-05, 1.98001180252e-05, 3.09278257191e-05, 6.15423050476e-05, 4.40479780082e-05, 7.04425474396e-05, 5.87140821153e-05, 4.42972959718e-05, 6.48866480333e-05, 7.60057810112e-05, 9.04318949324e-05, 3.39899743267e-05, 2.55566628766e-05, 2.93912289635e-05, 1.79413746082e-05, 1.16265691759e-05, 5.98557835474e-06, 4.15774957219e-06, 3.78613322027e-06, 3.45758417097e-06, 2.77717595054e-06, 2.51604251389e-06, 2.1046907932e-06, 2.22050857701e-06, 1.63669312769e-06, 1.6955158344e-06, 1.12945213004e-06, 8.46848877245e-07, 5.95649794377e-07, 5.17043815762e-07, 6.55328449284e-07], "dvar": [1.60719764608e-06, 1.47631794789e-06, 1.36873029533e-06, 2.17699630412e-06, 5.61821060785e-08, 3.72091406575e-08, 3.38701724445e-08, 9.81674297407e-09, 7.88453746736e-09, 4.05508648882e-09, 2.3517428005e-09, 5.07242114978e-09, 1.63838613787e-08, 1.14424762998e-08, 3.15203969592e-08, 1.92605718041e-08, 1.14249631977e-08, 2.76803309163e-08, 2.96506126318e-08, 3.89003496082e-08, 7.4678343509e-09, 4.02849931191e-09, 4.79759121319e-09, 1.64225089083e-09, 8.20504497678e-10, 2.16109768969e-10, 9.07950867268e-11, 7.84795770037e-11, 7.38888394913e-11, 3.73386703501e-11, 2.94354228492e-11, 2.30062479484e-11, 2.33628567881e-11, 1.47999546646e-11, 1.41765765793e-11, 6.22470087627e-12, 5.08088753362e-12, 1.79515777243e-12, 1.00197714709e-12, 1.66856047208e-12], "dvar2": [3.67408165403e-06, 3.99003420171e-06, 3.64004540643e-06, 5.78678418606e-06, 1.55246510758e-07, 8.60173159367e-08, 7.51140660782e-08, 2.5332198561e-08, 2.01050784909e-08, 1.04257562583e-08, 6.09496186854e-09, 1.35796280887e-08, 4.52933051065e-08, 3.02961318255e-08, 7.32607077225e-08, 4.23184189913e-08, 2.7704945893e-08, 7.4614938228e-08, 8.70794281127e-08, 9.92077602291e-08, 1.94754008476e-08, 1.05258024519e-08, 1.05534470052e-08, 3.87931953227e-09, 2.0588271088e-09, 5.1992266048e-10, 2.35214459021e-10, 2.10747919116e-10, 2.090504575e-10, 1.00134123215e-10, 7.44438954925e-11, 5.78583674027e-11, 5.1212919322e-11, 3.39404268579e-11, 3.31349565841e-11, 1.57636976389e-11, 1.14913894372e-11, 3.83153057892e-12, 2.32843366983e-12, 3.90600963032e-12], "max": [0.0111486166716, 0.0149848740548, 0.0130900656804, 0.014726947993, 0.00433847447857, 0.00349993165582, 0.00276317377575, 0.00140979187563, 0.00141232740134, 0.00117429636884, 0.00085173320258, 0.00107840355486, 0.00241012498736, 0.00173753732815, 0.00476179877296, 0.00326425698586, 0.00228983140551, 0.00301905581728, 0.00243958993815, 0.00359273748472, 0.00156918482389, 0.0010777534917, 0.00176257442217, 0.000939308607485, 0.000687739055138, 0.000188820093172, 0.000125695238239, 0.000117500887427, 0.000121869685245, 0.000118421128718, 7.00683449395e-05, 6.41717488179e-05, 9.13221665542e-05, 8.38775813463e-05, 7.51907500671e-05, 3.63469152944e-05, 8.14538580016e-05, 4.29127976531e-05, 1.28083465825e-05, 1.8892233129e-05], "mean": [0.000322791573126, 0.000260412954958, 0.000335525517585, 0.000488905818202, 0.000357263401384, 0.000322712876368, 0.00018119806191, 0.000136082337121, 9.94146612356e-05, 6.73219692544e-05, 1.79255421244e-05, 2.20668989641e-05, 5.17413682246e-05, 3.70712805307e-05, 7.48217935325e-05, 6.50709844194e-05, 3.73434886569e-05, 4.75366978208e-05, 4.64571021439e-05, 7.57622910896e-05, 2.41393445322e-05, 1.74793785845e-05, 2.69093943643e-05, 1.31344331749e-05, 8.73161934578e-06, 3.38565268976e-06, 2.37275662585e-06, 2.23292795454e-06, 1.93755317923e-06, 2.01148259293e-06, 1.68907365605e-06, 1.41440773405e-06, 1.65301264587e-06, 1.28400108679e-06, 1.28781891817e-06, 7.83993129971e-07, 6.62984632527e-07, 4.88549630973e-07, 3.92497980783e-07, 4.85553471208e-07], "median": [1.95296365746e-06, 1.61702682817e-05, 8.06750831543e-05, 0.000198150897631, 0.000260920496657, 0.000233144499362, 0.0001014257723, 7.78666289989e-05, 5.86110400036e-05, 3.92112342524e-05, 7.72153180151e-06, 5.65869959246e-06, 2.21059272008e-05, 9.9488406704e-06, 5.69228541281e-06, 3.26643476001e-06, 3.45898524756e-06, 3.11432859235e-06, 1.65936012309e-06, 1.36363928505e-06, 1.05703429654e-06, 9.4160941444e-07, 9.1190963758e-07, 7.57754378355e-07, 5.24363031218e-07, 3.22537459851e-07, 2.4711084734e-07, 2.15664584857e-07, 1.8387025591e-07, 1.79176041115e-07, 1.02129256163e-07, 8.58481286059e-08, 5.39435980329e-08, 4.52037625109e-08, 4.02573405722e-08, 2.23612381944e-08, 1.42747644816e-08, 1.13345768327e-08, 7.98946864222e-09, 8.00888955155e-09], "min": [3.65644089875e-24, 4.54345463881e-24, 8.610464901e-24, 1.79569275602e-24, 1.80730967949e-23, 6.18939004059e-23, 1.7406577172e-23, 1.03804699794e-23, 2.12259056203e-23, 1.0516052292e-23, 1.52558867534e-23, 5.99242093889e-24, 6.74555906688e-24, 7.1939980925e-24, 5.45343448641e-24, 8.92365845759e-24, 1.15988979908e-23, 1.82676835366e-23, 8.84810136009e-24, 6.87884816087e-24, 1.11488765102e-23, 1.20399461786e-23, 1.12378600203e-23, 8.37216185445e-24, 5.67776522861e-24, 1.02232121356e-23, 1.45001359181e-23, 8.6849365259e-24, 1.5504687172e-23, 1.37128842891e-23, 1.41931286088e-23, 1.27282139078e-23, 1.10517125125e-23, 8.70468329208e-24, 1.0097520561e-23, 9.21881549845e-24, 1.04974233417e-23, 1.15470209199e-23, 1.14419596357e-23, 8.88045017923e-24], "var": [1.66659538081e-06, 1.07991115783e-06, 9.83632617135e-07, 1.58475677381e-06, 1.3824254097e-07, 1.07219193524e-07, 6.44141877615e-08, 2.73231517411e-08, 1.70719065551e-08, 7.49044826165e-09, 1.92114368858e-09, 3.89715237858e-09, 1.28909887209e-08, 1.33298243554e-08, 6.65342412276e-08, 4.76305430652e-08, 2.18733156032e-08, 3.61419942863e-08, 3.12041876782e-08, 6.74713902526e-08, 8.53700843351e-09, 4.62850424654e-09, 1.32073738612e-08, 2.84607626355e-09, 1.82431103557e-09, 1.92306920388e-10, 7.55549026121e-11, 6.34838362434e-11, 5.57329321582e-11, 3.67185726269e-11, 2.95249207027e-11, 2.17800187607e-11, 2.77027654288e-11, 1.65870858715e-11, 1.56949592212e-11, 6.07776632841e-12, 5.58307306636e-12, 2.31325267101e-12, 1.20672374003e-12, 1.92188018971e-12]}, "mfcc": {"mean": [-756.578369141, 141.170593262, -5.4873752594, 3.959679842, -11.8697099686, -9.84600067139, -20.1321754456, -15.507818222, -16.427570343, -14.0005693436, -8.18154525757, -4.42431116104, -5.01434421539], "cov": [[16161.84375, -1513.29455566, -938.516235352, 307.147064209, 378.69342041, 551.188781738, -16.4879798889, 358.618743896, 173.049285889, 141.207077026, 144.142272949, 212.034194946, 151.344055176], [-1513.29455566, 1676.68078613, -311.509552002, -132.04914856, -284.308319092, -191.563491821, -73.1201248169, -197.660293579, -150.585693359, -101.867927551, -23.5883998871, -84.6750488281, -138.552474976], [-938.516235352, -311.509552002, 1059.16540527, 189.871795654, 302.288848877, 299.770721436, 223.15965271, 191.656509399, 149.441955566, 159.6043396, 182.665222168, 90.4440307617, 33.05859375], [307.147064209, -132.04914856, 189.871795654, 348.897766113, 247.868240356, 126.605484009, 124.059555054, 178.903060913, 145.502105713, 93.183380127, 101.661010742, 100.698348999, 44.0624389648], [378.69342041, -284.308319092, 302.288848877, 247.868240356, 515.841125488, 296.717285156, 219.853683472, 204.672790527, 233.360473633, 180.604324341, 114.29850769, 111.839401245, 93.9246826172], [551.188781738, -191.563491821, 299.770721436, 126.605484009, 296.717285156, 438.925231934, 232.269042969, 135.623291016, 144.374130249, 144.708847046, 122.893920898, 100.054244995, 86.7090530396], [-16.4879798889, -73.1201248169, 223.15965271, 124.059555054, 219.853683472, 232.269042969, 293.454162598, 169.449234009, 103.692222595, 95.5223388672, 130.856918335, 107.279060364, 67.7151489258], [358.618743896, -197.660293579, 191.656509399, 178.903060913, 204.672790527, 135.623291016, 169.449234009, 251.580032349, 134.771896362, 64.5366287231, 103.09954834, 125.621749878, 86.0448532104], [173.049285889, -150.585693359, 149.441955566, 145.502105713, 233.360473633, 144.374130249, 103.692222595, 134.771896362, 247.775115967, 131.272720337, 18.8316650391, 54.6601791382, 111.311210632], [141.207077026, -101.867927551, 159.6043396, 93.183380127, 180.604324341, 144.708847046, 95.5223388672, 64.5366287231, 131.272720337, 184.767623901, 74.5593948364, 25.4655208588, 47.7087173462], [144.142272949, -23.5883998871, 182.665222168, 101.661010742, 114.29850769, 122.893920898, 130.856918335, 103.09954834, 18.8316650391, 74.5593948364, 224.922927856, 111.865447998, -20.5270786285], [212.034194946, -84.6750488281, 90.4440307617, 100.698348999, 111.839401245, 100.054244995, 107.279060364, 125.621749878, 54.6601791382, 25.4655208588, 111.865447998, 225.825332642, 75.8192749023], [151.344055176, -138.552474976, 33.05859375, 44.0624389648, 93.9246826172, 86.7090530396, 67.7151489258, 86.0448532104, 111.311210632, 47.7087173462, -20.5270786285, 75.8192749023, 199.88142395]], "icov": [[9.44039711612e-05, 7.8391210991e-05, 0.00018318615912, -3.83552251151e-05, 2.24183331738e-05, -0.000263916270342, 0.000243125134148, -0.000242039634031, 6.54348477838e-05, -5.61477791052e-05, -7.39584138501e-05, 2.03242998396e-05, 4.84549964312e-05], [7.8391210991e-05, 0.00081915827468, 0.000291364529403, -0.00017744131037, 0.000357481156243, -3.09526330966e-05, -0.000386109983083, 0.000554225349333, -0.00030079879798, 0.00016732023505, -0.00032044944237, 1.03962993308e-05, 0.000327779824147], [0.00018318615912, 0.000291364529403, 0.00171324983239, -0.000157928297995, -1.83436623047e-05, -0.000971393543296, 0.000315129960654, -0.000817354652099, -4.36372693002e-06, -0.000342165643815, -0.000683267251588, 0.000315047218464, 0.000384256447433], [-3.83552251151e-05, -0.00017744131037, -0.000157928297995, 0.00569844571874, -0.00160680431873, 0.000511292892043, 0.000670109526254, -0.00257028150372, -0.00114577519707, -0.000185809854884, -0.000610398827121, -0.000532605103217, 0.000910417642444], [2.24183331738e-05, 0.000357481156243, -1.83436623047e-05, -0.00160680431873, 0.00582394888625, -0.00165176601149, -0.000980014330707, -0.000497774162795, -0.0022695385851, -0.00147429027129, 0.000469543359941, -0.000402745965403, 0.000930963200517], [-0.000263916270342, -3.09526330966e-05, -0.000971393543296, 0.000511292892043, -0.00165176601149, 0.00612742407247, -0.0034803468734, 0.00217709876597, -0.000441400712589, -0.000603074789979, -0.000428702158388, -0.000356931530405, -0.000932616530918], [0.000243125134148, -0.000386109983083, 0.000315129960654, 0.000670109526254, -0.000980014330707, -0.0034803468734, 0.00981963798404, -0.00494981743395, 0.0013483306393, -0.000722414173651, -0.00186130777001, 0.0002431319881, -0.000738955219276], [-0.000242039634031, 0.000554225349333, -0.000817354652099, -0.00257028150372, -0.000497774162795, 0.00217709876597, -0.00494981743395, 0.013454945758, -0.00423890212551, 0.00383551395498, -0.00252406462096, -0.00149322254583, -0.00180419371463], [6.54348477838e-05, -0.00030079879798, -4.36372693002e-06, -0.00114577519707, -0.0022695385851, -0.000441400712589, 0.0013483306393, -0.00423890212551, 0.0128203714266, -0.00622189417481, 0.00374265084974, 1.07065770862e-05, -0.00265295174904], [-5.61477791052e-05, 0.00016732023505, -0.000342165643815, -0.000185809854884, -0.00147429027129, -0.000603074789979, -0.000722414173651, 0.00383551395498, -0.00622189417481, 0.013417175971, -0.00519364932552, 0.00259525422007, -0.0014513352653], [-7.39584138501e-05, -0.00032044944237, -0.000683267251588, -0.000610398827121, 0.000469543359941, -0.000428702158388, -0.00186130777001, -0.00252406462096, 0.00374265084974, -0.00519364932552, 0.0115793375298, -0.00461043277755, 0.0038573006168], [2.03242998396e-05, 1.03962993308e-05, 0.000315047218464, -0.000532605103217, -0.000402745965403, -0.000356931530405, 0.0002431319881, -0.00149322254583, 1.07065770862e-05, 0.00259525422007, -0.00461043277755, 0.00874552875757, -0.00345460651442], [4.84549964312e-05, 0.000327779824147, 0.000384256447433, 0.000910417642444, 0.000930963200517, -0.000932616530918, -0.000738955219276, -0.00180419371463, -0.00265295174904, -0.0014513352653, 0.0038573006168, -0.00345460651442, 0.00945369806141]]}, "spectral_contrast_coeffs": {"dmean": [0.0514352433383, 0.0375029817224, 0.0444464571774, 0.0378099009395, 0.0299087502062, 0.024721480906], "dmean2": [0.0825770422816, 0.0580094084144, 0.0643728673458, 0.0565486885607, 0.0442728959024, 0.0360880456865], "dvar": [0.00304495193996, 0.00143214676064, 0.00216683186591, 0.001438888954, 0.000947689695749, 0.000714392226655], "dvar2": [0.00648537790403, 0.002976447111, 0.00400445284322, 0.00279897544533, 0.00185824581422, 0.00140796287451], "max": [-0.208677411079, -0.42822855711, -0.43486097455, -0.419259250164, -0.547366917133, -0.570599377155], "mean": [-0.524064660072, -0.681191384792, -0.676256597042, -0.715554177761, -0.763251721859, -0.768277585506], "median": [-0.509083747864, -0.67945420742, -0.668185591698, -0.718972682953, -0.765378594398, -0.770711898804], "min": [-0.952385425568, -0.968600571156, -0.97642326355, -0.987165570259, -0.984063506126, -0.958766460419], "var": [0.0185470357537, 0.00670745735988, 0.00898767262697, 0.00873976759613, 0.00511440215632, 0.00303936284035]}, "spectral_contrast_valleys": {"dmean": [0.65227407217, 0.416377276182, 0.538088321686, 0.522417783737, 0.535870373249, 0.723569273949], "dmean2": [0.982956111431, 0.612390995026, 0.760051548481, 0.726449966431, 0.669490396976, 0.827354669571], "dvar": [0.49829608202, 0.30294573307, 0.507302045822, 0.520899951458, 0.57538241148, 0.777090609074], "dvar2": [0.877741038799, 0.523302674294, 0.826767385006, 0.832956671715, 0.993703007698, 1.29667079449], "max": [-5.4297246933, -4.84366941452, -4.87418222427, -4.83544921875, -5.23716878891, -7.8503537