{"lowlevel": {"average_loudness": 0.96334540844, "barkbands_crest": {"dmean": 3.26686215401, "dmean2": 4.96812915802, "dvar": 9.58436870575, "dvar2": 20.2196903229, "max": 26.9224910736, "mean": 12.8558235168, "median": 11.3374156952, "min": 1.87843477726, "var": 42.1608657837}, "barkbands_flatness_db": {"dmean": 0.0275137461722, "dmean2": 0.0392654836178, "dvar": 0.000760186929256, "dvar2": 0.00138891662937, "max": 0.533240258694, "mean": 0.150876045227, "median": 0.138341635466, "min": 0.0178493279964, "var": 0.00510982237756}, "barkbands_kurtosis": {"dmean": 8.20209026337, "dmean2": 12.3420639038, "dvar": 3059.43676758, "dvar2": 8008.06201172, "max": 3506.19482422, "mean": 11.1901655197, "median": 3.10823917389, "min": -1.92253661156, "var": 2725.93261719}, "barkbands_skewness": {"dmean": 0.856136500835, "dmean2": 1.19782781601, "dvar": 1.40370500088, "dvar2": 3.05945086479, "max": 55.9531517029, "mean": 2.09754943848, "median": 1.62769961357, "min": -7.65141487122, "var": 4.5778875351}, "barkbands_spread": {"dmean": 7.81953430176, "dmean2": 11.4188041687, "dvar": 101.57459259, "dvar2": 197.924591064, "max": 105.416419983, "mean": 21.3658294678, "median": 16.000919342, "min": 0.0561611615121, "var": 314.489562988}, "dissonance": {"dmean": 0.0239136181772, "dmean2": 0.0396138764918, "dvar": 0.000562276574783, "dvar2": 0.00146819883958, "max": 0.5, "mean": 0.458097219467, "median": 0.466027259827, "min": 0.148273840547, "var": 0.00114479719196}, "dynamic_complexity": 3.24839448929, "erbbands_crest": {"dmean": 2.90351080894, "dmean2": 4.7622590065, "dvar": 7.5698132515, "dvar2": 18.2451953888, "max": 31.2128219604, "mean": 8.73017883301, "median": 7.71430253983, "min": 2.59276032448, "var": 17.5400485992}, "erbbands_flatness_db": {"dmean": 0.0226107817143, "dmean2": 0.0324157811701, "dvar": 0.000499992165715, "dvar2": 0.000949837267399, "max": 0.470559149981, "mean": 0.146742612123, "median": 0.138471692801, "min": 0.0444031991065, "var": 0.00287877162918}, "erbbands_kurtosis": {"dmean": 1.83334255219, "dmean2": 2.80080151558, "dvar": 51.3664245605, "dvar2": 96.7415466309, "max": 417.259246826, "mean": 1.71136176586, "median": 0.661504983902, "min": -1.85492646694, "var": 84.035774231}, "erbbands_skewness": {"dmean": 0.527526259422, "dmean2": 0.776543259621, "dvar": 0.313057601452, "dvar2": 0.636793315411, "max": 16.4259128571, "mean": 0.480610191822, "median": 0.465404063463, "min": -3.09877371788, "var": 0.958692312241}, "erbbands_spread": {"dmean": 11.6520786285, "dmean2": 16.9065628052, "dvar": 160.87612915, "dvar2": 326.285552979, "max": 169.616409302, "mean": 38.6969413757, "median": 34.400188446, "min": 0.610090494156, "var": 505.449127197}, "hfc": {"dmean": 12.2407341003, "dmean2": 18.3717765808, "dvar": 448.93862915, "dvar2": 1026.60998535, "max": 215.782165527, "mean": 26.0584545135, "median": 19.8940887451, "min": 1.16469055186e-16, "var": 684.056152344}, "melbands_crest": {"dmean": 4.18377923965, "dmean2": 6.36310243607, "dvar": 14.773273468, "dvar2": 34.1724815369, "max": 34.1442375183, "mean": 18.0598258972, "median": 16.7252540588, "min": 2.50230050087, "var": 70.2071304321}, "melbands_flatness_db": {"dmean": 0.0340132042766, "dmean2": 0.0480306744576, "dvar": 0.00124039361253, "dvar2": 0.00220332690515, "max": 0.656410157681, "mean": 0.224938750267, "median": 0.212433829904, "min": 0.00862608198076, "var": 0.00922767072916}, "melbands_kurtosis": {"dmean": 14.6702413559, "dmean2": 21.1928291321, "dvar": 818.134094238, "dvar2": 1609.86328125, "max": 803.098754883, "mean": 25.7530612946, "median": 8.72060775757, "min": -1.76633048058, "var": 1985.01037598}, "melbands_skewness": {"dmean": 1.12350547314, "dmean2": 1.56904923916, "dvar": 1.6727206707, "dvar2": 3.03806304932, "max": 21.3899402618, "mean": 3.28062224388, "median": 2.4683675766, "min": -2.73468732834, "var": 7.49339675903}, "melbands_spread": {"dmean": 8.60201740265, "dmean2": 12.7755289078, "dvar": 190.184417725, "dvar2": 390.744842529, "max": 219.406982422, "mean": 23.0692462921, "median": 16.0097351074, "min": 0.197774201632, "var": 729.715576172}, "pitch_salience": {"dmean": 0.0951766297221, "dmean2": 0.149706915021, "dvar": 0.0102430963889, "dvar2": 0.0221428759396, "max": 0.897466063499, "mean": 0.492553174496, "median": 0.53608071804, "min": 0.050932765007, "var": 0.0377203188837}, "silence_rate_20dB": {"dmean": 0, "dmean2": 0, "dvar": 0, "dvar2": 0, "max": 1, "mean": 1, "median": 1, "min": 1, "var": 0}, "silence_rate_30dB": {"dmean": 0.079471565783, "dmean2": 0.158959537745, "dvar": 0.0731470882893, "dvar2": 0.14339530468, "max": 1, "mean": 0.808668732643, "median": 1, "min": 0, "var": 0.154730021954}, "silence_rate_60dB": {"dmean": 0.0134172774851, "dmean2": 0.0268373247236, "dvar": 0.0132377305999, "dvar2": 0.0310692060739, "max": 1, "mean": 0.0539731681347, "median": 0, "min": 0, "var": 0.0510611236095}, "spectral_centroid": {"dmean": 351.456756592, "dmean2": 503.139709473, "dvar": 175094.59375, "dvar2": 325446.4375, "max": 10969.0244141, "mean": 1263.99121094, "median": 1081.50134277, "min": 113.251220703, "var": 604326.1875}, "spectral_complexity": {"dmean": 4.12653541565, "dmean2": 6.05677127838, "dvar": 25.4163303375, "dvar2": 45.2459983826, "max": 58, "mean": 18.5907115936, "median": 17, "min": 0, "var": 86.3215332031}, "spectral_decrease": {"dmean": 4.09289491188e-09, "dmean2": 5.86757131771e-09, "dvar": 4.13121493393e-17, "dvar2": 8.16452344706e-17, "max": 1.69475450582e-16, "mean": -1.31529267478e-08, "median": -7.39889882695e-09, "min": -7.00114455299e-08, "var": 1.85251465695e-16}, "spectral_energy": {"dmean": 0.016048617661, "dmean2": 0.0231223739684, "dvar": 0.000601368607022, "dvar2": 0.00119715568144, "max": 0.267235100269, "mean": 0.0520057529211, "median": 0.0308032762259, "min": 1.05637256935e-20, "var": 0.00268238270655}, "spectral_energyband_high": {"dmean": 0.00103576667607, "dmean2": 0.00153490970843, "dvar": 5.66962444282e-06, "dvar2": 1.25753667817e-05, "max": 0.0254511255771, "mean": 0.00144147907849, "median": 0.000446353893494, "min": 7.50260731963e-21, "var": 8.27600888442e-06}, "spectral_energyband_low": {"dmean": 0.01211001724, "dmean2": 0.016038602218, "dvar": 0.000544578535482, "dvar2": 0.000975724367891, "max": 0.251076608896, "mean": 0.0338005311787, "median": 0.00704016443342, "min": 3.93646545752e-23, "var": 0.00240908260457}, "spectral_energyband_middle_high": {"dmean": 0.0019993155729, "dmean2": 0.00294580915943, "dvar": 7.62407762522e-06, "dvar2": 1.58115617523e-05, "max": 0.043225582689, "mean": 0.00501261139289, "median": 0.00377062475309, "min": 1.64538986975e-21, "var": 2.05796222872e-05}, "spectral_energyband_middle_low": {"dmean": 0.00980100035667, "dmean2": 0.0165672432631, "dvar": 0.000351963273715, "dvar2": 0.00099369592499, "max": 0.147379949689, "mean": 0.0137184513733, "median": 0.00855554826558, "min": 3.77860359877e-22, "var": 0.000288643612294}, "spectral_entropy": {"dmean": 0.259595364332, "dmean2": 0.375387012959, "dvar": 0.0742217674851, "dvar2": 0.15408475697, "max": 9.80145835876, "mean": 7.57140254974, "median": 7.5973482132, "min": 3.71798276901, "var": 0.346870720387}, "spectral_flux": {"dmean": 0.0401210971177, "dmean2": 0.0590924322605, "dvar": 0.0028754924424, "dvar2": 0.00438581127673, "max": 0.528226196766, "mean": 0.115312427282, "median": 0.0936482474208, "min": 1.02779985911e-10, "var": 0.00678239483386}, "spectral_kurtosis": {"dmean": 2.24809741974, "dmean2": 3.29889035225, "dvar": 14.6961278915, "dvar2": 31.7795085907, "max": 123.680130005, "mean": 6.0181555748, "median": 4.26381540298, "min": -1.21769857407, "var": 62.9204978943}, "spectral_rms": {"dmean": 0.00108015607111, "dmean2": 0.00153227709234, "dvar": 1.79440780812e-06, "dvar2": 3.42381781593e-06, "max": 0.0161467380822, "mean": 0.00623393803835, "median": 0.00548196863383, "min": 3.2103074539e-12, "var": 1.1875114069e-05}, "spectral_rolloff": {"dmean": 780.549194336, "dmean2": 1263.10632324, "dvar": 2798741.5, "dvar2": 6335909.5, "max": 19595.2148438, "mean": 1751.99694824, "median": 947.4609375, "min": 64.599609375, "var": 7734530.5}, "spectral_skewness": {"dmean": 0.324248343706, "dmean2": 0.455443769693, "dvar": 0.122643359005, "dvar2": 0.245401844382, "max": 9.56388092041, "mean": 1.90194308758, "median": 1.81289720535, "min": 0.0515993349254, "var": 0.698845028877}, "spectral_spread": {"dmean": 1128550.5, "dmean2": 1573994.375, "dvar": 1959741358080.0, "dvar2": 3719866875900.0, "max": 41087696, "mean": 5735137.5, "median": 5191059, "min": 785265.5625, "var": 6498055880700.0}, "spectral_strongpeak": {"dmean": 0.419418662786, "dmean2": 0.672666370869, "dvar": 0.370334982872, "dvar2": 0.993319988251, "max": 12.8741312027, "mean": 0.816697239876, "median": 0.61560946703, "min": 0, "var": 0.534035086632}, "zerocrossingrate": {"dmean": 0.0167328417301, "dmean2": 0.0184619501233, "dvar": 0.000427927210694, "dvar2": 0.000477350462461, "max": 0.7373046875, "mean": 0.0679938942194, "median": 0.05078125, "min": 0.00341796875, "var": 0.0048140338622}, "barkbands": {"dmean": [0.00033926955075, 0.0105371121317, 0.00467087328434, 0.00407952349633, 0.00360268144868, 0.0013475662563, 0.0016538167838, 0.00124814908486, 0.0011209754739, 0.000631706498098, 0.000480153306853, 0.000535521248821, 0.000429023406468, 0.000295392004773, 0.000256544037256, 0.000185501325177, 0.000140462012496, 0.000221591180889, 0.000168753089383, 0.000175352892256, 0.000219920475502, 0.000148726758198, 0.000167939491803, 0.000160915602464, 0.000186879347893, 0.000165360601386, 2.84966681647e-05], "dmean2": [0.000406951527111, 0.0122408969328, 0.00829724222422, 0.0073194950819, 0.00640736240894, 0.00222710054368, 0.00265414081514, 0.00197994150221, 0.00173386360984, 0.00101783766877, 0.000772668805439, 0.000861956679728, 0.000691745080985, 0.00046109163668, 0.000407283834647, 0.000288797687972, 0.000218586370465, 0.000333179050358, 0.000253213831456, 0.000267082621576, 0.000335076445481, 0.000227474898566, 0.000240663328441, 0.000234501843806, 0.000285854155663, 0.00026495984639, 4.89479643875e-05], "dvar": [3.92320771425e-07, 0.000468186073704, 0.000218040353502, 0.000110785709694, 6.51825466775e-05, 6.6284605964e-06, 1.53271612362e-05, 9.08614765649e-06, 6.10206734564e-06, 1.80325196197e-06, 1.00330680652e-06, 1.13381440769e-06, 7.14623638487e-07, 4.81895426674e-07, 3.8192135321e-07, 1.38482306511e-07, 1.1028139113e-07, 3.30165420337e-07, 1.30905760898e-07, 2.16367240569e-07, 3.53705587486e-07, 1.8626130327e-07, 1.66182090311e-07, 1.16730916488e-07, 1.55119323608e-07, 1.31326316932e-07, 1.16244631698e-08], "dvar2": [5.78733477141e-07, 0.000720047100913, 0.000596043129917, 0.000316313205985, 0.000184855423868, 1.58231596288e-05, 3.46882006852e-05, 2.09574664041e-05, 1.37629467645e-05, 4.35765196016e-06, 2.43719250648e-06, 2.84133420791e-06, 1.75021568793e-06, 1.06144807432e-06, 9.4665170991e-07, 3.10254989699e-07, 2.40744640223e-07, 6.77164337048e-07, 2.9298064419e-07, 4.96286133966e-07, 8.01763974323e-07, 4.09685270597e-07, 3.28413563011e-07, 2.55865245435e-07, 3.30819091232e-07, 3.10472614728e-07, 3.07818979195e-08], "max": [0.00684922235087, 0.214539423585, 0.118140295148, 0.0836472138762, 0.0712052732706, 0.054351426661, 0.0649238601327, 0.0526445731521, 0.0439577363431, 0.0287683550268, 0.0299629680812, 0.0265841893852, 0.025318948552, 0.0171626135707, 0.0116834500805, 0.00847775116563, 0.00704105617478, 0.0126546090469, 0.0059148799628, 0.00894462596625, 0.0088093848899, 0.00606573233381, 0.00957612972707, 0.00372075429186, 0.0063725807704, 0.00591613957658, 0.00102672365028], "mean": [0.000901459192391, 0.0278078410774, 0.00320727867074, 0.00316959177144, 0.00331280985847, 0.00169081729837, 0.00228188326582, 0.00146433140617, 0.00164163508452, 0.000896315672435, 0.000738896371331, 0.000874824763741, 0.000691269000527, 0.000428329687566, 0.000359301484423, 0.000270337535767, 0.000198983165319, 0.000298187718727, 0.000228025004617, 0.000237662083237, 0.000263418827672, 0.000177448004251, 0.000228135744692, 0.000226851494517, 0.000229391516768, 0.000158573253429, 2.20723050006e-05], "median": [6.66535415803e-05, 0.00169961899519, 0.000258838641457, 0.000446665188065, 0.00126361497678, 0.000456259847851, 0.000473338703159, 0.000333468662575, 0.000688336382154, 0.000349523645127, 0.000417641014792, 0.00048952572979, 0.000446124584414, 0.000170002196683, 0.000159678194905, 0.000134382396936, 7.99924164312e-05, 6.89381995471e-05, 6.34171447018e-05, 4.73701074952e-05, 4.02824152843e-05, 3.09450697387e-05, 5.13740560564e-05, 8.79821018316e-05, 5.91962816543e-05, 2.29198121815e-05, 2.18298100663e-06], "min": [3.14389848376e-23, 1.09333565554e-23, 1.2767390318e-23, 1.26934914062e-23, 4.42994149886e-23, 1.32538224626e-23, 1.95507878871e-23, 1.8847752524e-22, 7.90964387048e-23, 4.38237350181e-23, 1.47298582091e-22, 6.44361088026e-23, 4.14856712019e-23, 6.37166929006e-23, 1.14476578936e-22, 1.86971065968e-22, 1.67228553327e-22, 2.28446040216e-22, 3.41271476479e-22, 4.01642231628e-22, 5.02850031298e-22, 5.22140898983e-22, 5.51915362067e-22, 7.11957493522e-22, 1.37154148918e-21, 1.40887003381e-21, 2.47425594358e-21], "var": [1.89057038824e-06, 0.00198652059771, 0.000139909010613, 6.80114389979e-05, 4.33864370279e-05, 1.08890753836e-05, 2.54982569459e-05, 1.17925474115e-05, 9.93027697405e-06, 2.551556463e-06, 1.37259610256e-06, 1.76099217697e-06, 9.98325845103e-07, 8.69194991537e-07, 4.76604867572e-07, 2.33324627175e-07, 1.66880397501e-07, 6.1250869976e-07, 1.95224487243e-07, 3.44880248804e-07, 4.71961925541e-07, 2.85402336431e-07, 3.26369956838e-07, 1.66605360619e-07, 2.48907923606e-07, 1.45401912732e-07, 8.32566549036e-09]}, "erbbands": {"dmean": [0.418732076883, 2.44419336319, 5.26999616623, 10.390786171, 12.4875020981, 12.919631958, 8.40837192535, 12.6403245926, 22.4902076721, 22.4220867157, 29.2263965607, 25.4696464539, 17.7401809692, 20.2267513275, 18.3885421753, 19.4250965118, 16.2752151489, 14.5717401505, 13.4125347137, 11.5981178284, 9.3068561554, 8.3034658432, 11.0975084305, 11.4743518829, 6.97241544724, 7.37522554398, 10.5382356644, 7.26147651672, 5.34162664413, 5.1218662262, 4.93319034576, 3.97825980186, 2.36016726494, 2.12320327759, 1.36352467537, 0.777708530426, 0.283785760403, 0.0617293231189, 0.00440836185589, 0.000147071230458], "dmean2": [0.410322129726, 2.83069705963, 8.76746082306, 18.3829269409, 23.0363712311, 22.3480377197, 14.5596408844, 20.5653076172, 36.0319442749, 35.2978591919, 46.0735740662, 39.2844047546, 28.0311012268, 32.4874343872, 29.0519390106, 30.8544845581, 25.9702548981, 22.802362442, 20.6740894318, 18.0095863342, 14.3852071762, 12.7754621506, 16.6063117981, 17.1310024261, 10.196305275, 10.8188724518, 16.250919342, 11.1979579926, 8.29204559326, 7.1930513382, 7.27081203461, 5.88947439194, 3.47094655037, 3.3104455471, 2.09852838516, 1.23040783405, 0.458372801542, 0.101572692394, 0.0076976371929, 0.000255326071056], "dvar": [0.548639833927, 28.378692627, 251.705673218, 756.854553223, 1111.46228027, 672.501831055, 265.40536499, 704.211669922, 2967.55371094, 2863.5559082, 5322.81396484, 3602.17895508, 1514.58618164, 1668.35083008, 1334.27404785, 1643.26635742, 1051.21875, 1124.10217285, 857.797241211, 691.705749512, 322.690307617, 329.418365479, 851.262939453, 642.169921875, 308.166412354, 367.514923096, 845.607177734, 456.188964844, 249.550491333, 176.073989868, 152.157043457, 81.3514328003, 23.7104358673, 20.1717033386, 9.03488445282, 2.77678585052, 0.411935865879, 0.0271131210029, 0.00032166033634, 3.22242698303e-07], "dvar2": [0.714484453201, 49.7257461548, 655.190185547, 2145.82885742, 3211.78881836, 1845.41137695, 694.138427734, 1681.9140625, 6737.97460938, 6783.73535156, 12337.0478516, 7889.94238281, 3755.95043945, 3927.85058594, 2910.88476562, 4022.85839844, 2488.73876953, 2525.87084961, 1914.73327637, 1644.52282715, 727.822753906, 719.919189453, 1730.93078613, 1418.3392334, 701.035949707, 789.367126465, 1961.0411377, 1080.46618652, 579.000549316, 329.334472656, 328.516448975, 182.919113159, 51.4279632568, 45.6856880188, 19.4277591705, 6.27020359039, 0.980350792408, 0.0661333948374, 0.0008781812503, 8.84114967903e-07], "max": [9.11259269714, 52.946472168, 136.28074646, 219.852264404, 264.448272705, 273.510192871, 272.720153809, 636.78692627, 1128.06311035, 1082.5032959, 1265.08337402, 1270.5546875, 879.38079834, 1009.82006836, 1235.67175293, 929.535888672, 759.254211426, 807.251098633, 679.692138672, 503.135955811, 430.619659424, 381.470794678, 773.219970703, 498.19052124, 392.11807251, 418.83190918, 552.426452637, 290.281921387, 219.323181152, 325.983459473, 225.788040161, 116.61328125, 70.9712677002, 91.9449005127, 51.6249504089, 27.2182121277, 10.1259098053, 1.4103358984, 0.178462967277, 0.00538386916742], "mean": [1.09306550026, 5.03671741486, 4.47588205338, 8.12752723694, 9.93948173523, 12.3142280579, 9.35677146912, 16.3782024384, 30.5768451691, 30.4303855896, 36.4030189514, 37.6435012817, 26.9914131165, 32.5241622925, 31.6300430298, 33.5262107849, 27.6247653961, 22.8058776855, 21.2353515625, 17.2793712616, 14.3085765839, 12.4019298553, 15.4725542068, 15.4574155807, 9.86892223358, 10.4870405197, 12.7170438766, 8.46207332611, 6.30422115326, 6.8196015358, 6.41979408264, 5.3238325119, 3.35064053535, 2.58332276344, 1.58113181591, 0.815367817879, 0.260178655386, 0.0518064796925, 0.00342018320225, 0.000161856180057], "median": [0.0712679848075, 0.281944513321, 0.55226790905, 1.19332873821, 3.37746143341, 3.93562698364, 3.24593496323, 4.54711723328, 7.06086444855, 8.27363777161, 10.4949855804, 14.9726333618, 13.5195617676, 17.4900817871, 19.9228019714, 19.3499565125, 17.4217071533, 11.4502725601, 9.92648696899, 8.03561401367, 7.98091268539, 5.26115703583, 4.22684621811, 3.76920199394, 2.74287843704, 2.03550505638, 1.77894222736, 1.51667547226, 1.13858306408, 1.29089176655, 1.43003797531, 1.79604029655, 1.34578073025, 0.706346571445, 0.33451205492, 0.137487769127, 0.0343148373067, 0.00544785521924, 0.000417738599936, 6.82561076246e-05], "min": [2.6122670706e-22, 3.12345984239e-21, 1.24838186904e-20, 2.96301879218e-20, 1.03583162294e-19, 1.27020924285e-19, 1.09919352862e-19, 1.37532489941e-19, 1.83699520803e-19, 1.94921740587e-18, 3.71328945678e-18, 1.54129080525e-18, 1.81575098686e-18, 3.53486701224e-18, 4.23204626536e-18, 2.79838820142e-18, 1.8985037897e-18, 3.24346782605e-18, 5.51693899807e-18, 5.53717431739e-18, 1.07561239813e-17, 1.07639946049e-17, 1.00602814521e-17, 2.17317370295e-17, 1.72108012439e-17, 1.59038575304e-17, 1.48102685123e-17, 2.41590340169e-17, 1.89958156468e-17, 1.41701432148e-17, 1.72675375621e-17, 1.49927776427e-17, 1.30359445917e-17, 1.27445602948e-17, 1.12575054476e-17, 5.30539748257e-18, 2.7253493941e-18, 1.02113171873e-18, 3.76051066471e-19, 3.87111091646e-20], "var": [2.92880988121, 81.0928192139, 196.728088379, 470.088378906, 633.925292969, 527.561157227, 326.460266113, 1168.4029541, 4722.96435547, 4165.58105469, 6905.28564453, 6048.125, 1955.24743652, 2473.3581543, 2163.11499023, 2699.94555664, 1623.12719727, 1898.4765625, 1527.33642578, 990.274108887, 515.00201416, 539.867614746, 1581.55664062, 1035.34753418, 452.927703857, 682.929016113, 1115.55187988, 541.157409668, 346.242675781, 361.934265137, 258.921875, 111.707557678, 35.3232688904, 28.828371048, 13.9501161575, 3.75768947601, 0.41964250803, 0.0242064595222, 0.000213030391023, 2.10985746207e-07]}, "gfcc": {"mean": [1.58700251579, 75.2177429199, -99.6843490601, 11.0568990707, -53.822177887, 25.7348766327, -37.0898284912, 14.2933340073, -25.2152366638, 3.46536016464, -13.6905927658, 1.01736664772, -11.3130607605], "cov": [[14766.3486328, 105.603904724, -149.661560059, 616.781494141, -546.956054688, 272.756744385, -16.7532463074, 476.518218994, -33.5820426941, 421.269927979, 48.1215858459, 236.758544922, -65.9177093506], [105.603904724, 1910.75463867, -158.626800537, -268.114318848, 223.079803467, -46.4595680237, 41.7669563293, 40.5029067993, 123.513275146, -25.6346607208, 172.232208252, -143.534042358, 126.12752533], [-149.661560059, -158.626800537, 955.287231445, 227.030517578, 177.223693848, 201.489456177, 60.474357605, 45.0090065002, 99.268409729, 79.9145507812, 40.6773643494, 153.410339355, -6.99257516861], [616.781494141, -268.114318848, 227.030517578, 598.057678223, 148.849380493, 109.172424316, 182.501953125, 110.956436157, 79.8141937256, 72.2003097534, 66.1420135498, 83.5829391479, 47.3925476074], [-546.956054688, 223.079803467, 177.223693848, 148.849380493, 434.767974854, 209.184127808, 179.935180664, 107.903701782, 97.3280715942, 35.5780830383, 60.6034088135, 33.8764877319, 72.8905944824], [272.756744385, -46.4595680237, 201.489456177, 109.172424316, 209.184127808, 439.509796143, 191.081375122, 106.109901428, 120.80847168, 35.6177139282, 30.6586532593, 82.5822296143, 23.8832435608], [-16.7532463074, 41.7669563293, 60.474357605, 182.501953125, 179.935180664, 191.081375122, 324.12701416, 176.092132568, 135.028427124, 109.186073303, 91.4774703979, 39.6939620972, 66.3356323242], [476.518218994, 40.5029067993, 45.0090065002, 110.956436157, 107.903701782, 106.109901428, 176.092132568, 276.562408447, 156.604248047, 124.97908783, 93.1890258789, 59.6496086121, 70.2360153198], [-33.5820426941, 123.513275146, 99.268409729, 79.8141937256, 97.3280715942, 120.80847168, 135.028427124, 156.604248047, 242.948516846, 102.383781433, 102.076210022, 69.5558319092, 67.6280593872], [421.269927979, -25.6346607208, 79.9145507812, 72.2003097534, 35.5780830383, 35.6177139282, 109.186073303, 124.97908783, 102.383781433, 205.323104858, 95.0213928223, 45.1759033203, 51.7705879211], [48.1215858459, 172.232208252, 40.6773643494, 66.1420135498, 60.6034088135, 30.6586532593, 91.4774703979, 93.1890258789, 102.076210022, 95.0213928223, 164.646713257, 52.5322685242, 55.6554908752], [236.758544922, -143.534042358, 153.410339355, 83.5829391479, 33.8764877319, 82.5822296143, 39.6939620972, 59.6496086121, 69.5558319092, 45.1759033203, 52.5322685242, 150.395401001, 35.3689575195], [-65.9177093506, 126.12752533, -6.99257516861, 47.3925476074, 72.8905944824, 23.8832435608, 66.3356323242, 70.2360153198, 67.6280593872, 51.7705879211, 55.6554908752, 35.3689575195, 127.906646729]], "icov": [[0.000136584756547, -0.000196317618247, 0.000113984970085, -0.000316778256092, 0.000354250892997, -0.000313036114676, 0.000298067549011, -0.000399298209231, 0.000383989070542, -0.000486474629724, 0.000326696201228, -0.000378768832888, 0.000265292124823], [-0.000196317618247, 0.00126419437584, -0.000258513115114, 0.000987963401712, -0.00100871326867, 0.000595213728957, -0.000323343207128, 0.000630761904176, -0.00103998044506, 0.0014540249249, -0.00193652673624, 0.00196439679712, -0.00118217023555], [0.000113984970085, -0.000258513115114, 0.00167721381877, -0.000727372244, -0.000269302807283, -0.000609738344792, 0.000778525602072, 9.24646083149e-05, 1.65630754054e-05, -0.0012224355014, 0.000703873112798, -0.0017355796881, 0.00114732480142], [-0.000316778256092, 0.000987963401712, -0.000727372244, 0.00332157826051, -0.00133355229627, 0.00119097926654, -0.00194135913625, 0.000827955256682, -0.000839070882648, 0.00167266826611, -0.00156061560847, 0.000859803985804, -0.00111026887316], [0.000354250892997, -0.00100871326867, -0.000269302807283, -0.00133355229627, 0.00506627885625, -0.00207795505412, -0.000306272238959, -0.0014147059992, 0.00139351782855, -0.000619137019385, 0.000918096629903, -0.000487283949042, -0.000657750468235], [-0.000313036114676, 0.000595213728957, -0.000609738344792, 0.00119097926654, -0.00207795505412, 0.00499110482633, -0.00286062597297, 0.00108154304326, -0.00201889453456, 0.0018582403427, 0.000251799239777, -0.000713775749318, 0.000322159496136], [0.000298067549011, -0.000323343207128, 0.000778525602072, -0.00194135913625, -0.000306272238959, -0.00286062597297, 0.00826939940453, -0.0030081209261, 0.00040291910409, -0.0024487148039, -0.000552790123038, 0.000880425679497, 8.12865691842e-05], [-0.000399298209231, 0.000630761904176, 9.24646083149e-05, 0.000827955256682, -0.0014147059992, 0.00108154304326, -0.0030081209261, 0.00893493089825, -0.0038184451405, -0.000627705827355, -0.000870583113283, 0.00021020793065, -0.00127781741321], [0.000383989070542, -0.00103998044506, 1.65630754054e-05, -0.000839070882648, 0.00139351782855, -0.00201889453456, 0.00040291910409, -0.0038184451405, 0.00967545434833, -0.00232481351122, -0.000708956154995, -0.00242923363112, -0.000188631689525], [-0.000486474629724, 0.0014540249249, -0.0012224355014, 0.00167266826611, -0.000619137019385, 0.0018582403427, -0.0024487148039, -0.000627705827355, -0.00232481351122, 0.0109402332455, -0.00501541048288, 0.00261143920943, -0.00248927786015], [0.000326696201228, -0.00193652673624, 0.000703873112798, -0.00156061560847, 0.000918096629903, 0.000251799239777, -0.000552790123038, -0.000870583113283, -0.000708956154995, -0.00501541048288, 0.0135794738308, -0.00516730127856, 0.000814150669612], [-0.000378768832888, 0.00196439679712, -0.0017355796881, 0.000859803985804, -0.000487283949042, -0.000713775749318, 0.000880425679497, 0.00021020793065, -0.00242923363112, 0.00261143920943, -0.00516730127856, 0.0136870341375, -0.00401572138071], [0.000265292124823, -0.00118217023555, 0.00114732480142, -0.00111026887316, -0.000657750468235, 0.000322159496136, 8.12865691842e-05, -0.00127781741321, -0.000188631689525, -0.00248927786015, 0.000814150669612, -0.00401572138071, 0.0124324047938]]}, "melbands": {"dmean": [0.00324447010644, 0.00257604778744, 0.00183432491031, 0.000924874620978, 0.00033252328285, 0.000281834654743, 0.000343091232935, 0.000245215429459, 0.000241966801696, 0.000158389389981, 9.31524773478e-05, 8.76773701748e-05, 6.03638109169e-05, 6.5026601078e-05, 5.08925004397e-05, 3.80541387131e-05, 2.72100023722e-05, 2.41166144406e-05, 2.01235034183e-05, 1.44370978887e-05, 1.01429204733e-05, 8.47705723572e-06, 9.13314033824e-06, 1.17157132991e-05, 9.69128905126e-06, 5.21272522747e-06, 5.34704713573e-06, 5.04087665831e-06, 6.95369863024e-06, 5.87245995121e-06, 4.01565648644e-06, 3.0468092973e-06, 2.81131201518e-06, 2.99956445815e-06, 3.04011132357e-06, 2.49561185228e-06, 2.52594986705e-06, 1.70387659182e-06, 1.71553506334e-06, 1.86030092664e-06], "dmean2": [0.00344272796065, 0.00365436542779, 0.0032725725323, 0.00165907945484, 0.000569968600757, 0.000458342838101, 0.000546998344362, 0.000385616993299, 0.000380684272386, 0.000244275230216, 0.000148835897562, 0.000141325203003, 9.54886054387e-05, 0.000105113285827, 8.2171682152e-05, 6.08759692113e-05, 4.31472144555e-05, 3.74357914552e-05, 3.18826605508e-05, 2.27215004998e-05, 1.59965602506e-05, 1.32069890242e-05, 1.4165133507e-05, 1.77099718712e-05, 1.46576112456e-05, 7.83880113886e-06, 7.96320000518e-06, 7.55522387408e-06, 1.09046932266e-05, 9.02210194909e-06, 6.32421824776e-06, 4.79879281556e-06, 4.18653962697e-06, 4.19494745074e-06, 4.5089300329e-06, 3.82685266231e-06, 3.73228454009e-06, 2.52665381595e-06, 2.62312664745e-06, 2.95128529615e-06], "dvar": [3.70439156541e-05, 4.59434668301e-05, 2.41578309215e-05, 4.53226448371e-06, 3.84483882954e-07, 3.18507659358e-07, 6.52170115245e-07, 3.12866234253e-07, 3.53084175231e-07, 1.33980549322e-07, 4.14268050974e-08, 3.03387643896e-08, 1.38780542613e-08, 1.68971041603e-08, 1.06389732579e-08, 7.49178052928e-09, 4.47227099798e-09, 2.80784084872e-09, 2.55161025642e-09, 9.58402024409e-10, 4.15441542279e-10, 3.90481202928e-10, 6.53556542218e-10, 9.90696746861e-10, 4.62703098059e-10, 1.34704580823e-10, 2.29144481168e-10, 1.84282381022e-10, 3.76709913263e-10, 2.74844258463e-10, 1.51497175915e-10, 7.97399091201e-11, 6.88489612544e-11, 5.89762821912e-11, 5.70740538164e-11, 4.45931763737e-11, 2.56373741681e-11, 1.14944191318e-11, 1.54829950944e-11, 1.59832390378e-11], "dvar2": [5.01642789459e-05, 0.000107212123112, 6.8573957833e-05, 1.29043719426e-05, 1.02325009266e-06, 7.57822590458e-07, 1.47292496422e-06, 7.3595356298e-07, 8.28047063806e-07, 2.97352301004e-07, 1.03965717813e-07, 7.13622654303e-08, 3.12604946373e-08, 4.19420658204e-08, 2.63921986488e-08, 1.79513399701e-08, 1.01196429014e-08, 6.10802564083e-09, 6.37341424081e-09, 2.22436824515e-09, 9.76433822686e-10, 8.79682438004e-10, 1.54515755746e-09, 2.04676164905e-09, 1.04514108479e-09, 2.91787066731e-10, 5.40008815442e-10, 4.05167926987e-10, 8.98275398509e-10, 6.29838625699e-10, 3.74988651242e-10, 1.87425588938e-10, 1.4212543642e-10, 1.11391638968e-10, 1.24079219121e-10, 1.03245002825e-10, 5.60765253677e-11, 2.55825430284e-11, 3.44827708054e-11, 3.75563746768e-11], "max": [0.0697731822729, 0.0666869953275, 0.0391302630305, 0.0190091654658, 0.00868996698409, 0.012870519422, 0.0150011442602, 0.0105484994128, 0.00924629811198, 0.00808094348758, 0.0046364935115, 0.00387189886533, 0.00333771761507, 0.00378971779719, 0.00251111830585, 0.00289151538163, 0.00177525426261, 0.00142249150667, 0.00107602926437, 0.000773870677222, 0.000424669560743, 0.000489385798573, 0.000590588606428, 0.000784228730481, 0.000465040735435, 0.000289227522444, 0.000333738367772, 0.000340545317158, 0.000462347728899, 0.000235944084125, 0.000158911105245, 0.000132169996505, 0.000156606329256, 0.000207154007512, 0.000163161428645, 7.10392414476e-05, 6.67604181217e-05, 5.74653422518e-05, 0.000121375000163, 6.99624288245e-05], "mean": [0.0086121018976, 0.00377291045152, 0.00143521011341, 0.000814971805084, 0.000367955712136, 0.00036514759995, 0.000473425228847, 0.000323820509948, 0.000299541046843, 0.000231714220718, 0.000136719623697, 0.000136302638566, 0.000100200333691, 0.000104728802398, 7.89305777289e-05, 5.7280605688e-05, 3.98147822125e-05, 3.56756463589e-05, 2.74846333923e-05, 2.03073577723e-05, 1.49146326294e-05, 1.20550284919e-05, 1.22505998661e-05, 1.52111560965e-05, 1.25838478198e-05, 7.30218926037e-06, 7.16615841156e-06, 6.87072770233e-06, 8.21172125143e-06, 6.70238614475e-06, 4.34407002103e-06, 3.50216737388e-06, 3.31302749146e-06, 4.02109526476e-06, 3.901879154e-06, 3.01040950035e-06, 3.46161550624e-06, 2.43394924837e-06, 2.12375630326e-06, 2.16989542423e-06], "median": [0.000549775140826, 0.000430205924204, 0.000263742724201, 0.000312440271955, 0.000134917252581, 0.000100591612863, 0.000111192668555, 8.68456918397e-05, 8.42493318487e-05, 9.38303855946e-05, 6.64960243739e-05, 6.92395260558e-05, 6.11359646427e-05, 5.89212577324e-05, 4.2338106141e-05, 3.17130834446e-05, 1.74083197635e-05, 1.52808024723e-05, 1.18721645777e-05, 8.97758036444e-06, 8.18525404611e-06, 5.00145870319e-06, 3.6879127947e-06, 3.6004530557e-06, 2.86212662104e-06, 2.27944815379e-06, 1.19901892504e-06, 1.26806889966e-06, 1.15517502763e-06, 8.90656963293e-07, 7.25352151676e-07, 5.56931297524e-07, 4.85886857859e-07, 7.95263417785e-07, 8.30563180898e-07, 6.11823281815e-07, 1.30571424961e-06, 1.0224689504e-06, 6.05512752827e-07, 5.38953543128e-07], "min": [4.55181025352e-24, 5.91168339182e-24, 7.29039137309e-24, 8.94741658148e-24, 4.74217580059e-24, 2.95292369942e-24, 2.71196337491e-24, 2.73351000613e-23, 2.89791682293e-23, 8.88275680852e-24, 8.78366325705e-24, 1.30654125017e-23, 1.72381758791e-23, 7.69396551246e-24, 6.11841859153e-24, 3.77160236357e-24, 6.3800876981e-24, 7.7425577665e-24, 9.1733045351e-24, 8.39119864581e-24, 1.28302294e-23, 9.83372626318e-24, 8.96976501092e-24, 1.14257327669e-23, 1.92396090812e-23, 1.01995029211e-23, 1.5690465493e-23, 8.90275127702e-24, 8.98431949462e-24, 1.1156034634e-23, 1.3977988885e-23, 9.81085324123e-24, 1.14659331186e-23, 6.39587083266e-24, 9.32018806907e-24, 1.01648845492e-23, 9.27986386618e-24, 8.72398356299e-24, 9.58945153957e-24, 1.09946786579e-23], "var": [0.00018455114332, 6.3999221311e-05, 1.46940055856e-05, 2.88775663648e-06, 4.13864000848e-07, 5.34798004992e-07, 1.0593770412e-06, 4.44366918373e-07, 4.65775286784e-07, 2.2351761686e-07, 5.24535046509e-08, 4.52546586871e-08, 2.15636699608e-08, 2.49526408425e-08, 1.59396922328e-08, 9.93001592065e-09, 7.31880689386e-09, 5.10583042512e-09, 3.048430397e-09, 1.52189083558e-09, 5.84814918714e-10, 5.7605575865e-10, 9.40950539707e-10, 1.69033087527e-09, 7.06221248148e-10, 2.05910052897e-10, 3.39776040637e-10, 3.2494840152e-10, 4.80027129157e-10, 3.4420849504e-10, 1.6308490669e-10, 1.08309909652e-10, 1.15930633149e-10, 1.19704149371e-10, 9.76713640521e-11, 6.03132682686e-11, 3.70306910136e-11, 1.71355134942e-11, 2.01671752215e-11, 2.21459760252e-11]}, "mfcc": {"mean": [-646.691711426, 119.617851257, 9.51271629333, -1.92462551594, 8.27388477325, 3.61935067177, 7.30449962616, 5.44540786743, -0.188149139285, 3.60814595222, -1.8813148737, 3.21573519707, -1.84521913528], "cov": [[9208.77734375, -318.643676758, 237.506988525, 442.31539917, -124.199249268, -8.41163921356, 203.856246948, 115.480979919, 147.851654053, 225.615524292, 169.725830078, 261.782867432, 125.445129395], [-318.643676758, 1748.09020996, -141.257232666, -193.563339233, 142.328964233, -93.9562225342, 65.9965591431, -44.5826301575, 44.6005630493, 85.5134658813, 32.2333221436, 74.4787216187, 17.8526382446], [237.506988525, -141.257232666, 709.655273438, 121.190444946, 133.039230347, 154.305480957, -13.8904285431, 98.5031967163, 1.10470247269, -2.16664958, 63.6998786926, 42.3118019104, 76.3744735718], [442.31539917, -193.563339233, 121.190444946, 486.368774414, 69.5600662231, 24.4673309326, 97.5998916626, 25.5283679962, 76.4143295288, 12.8440856934, 51.0936775208, 97.4934387207, 36.4966850281], [-124.199249268, 142.328964233, 133.039230347, 69.5600662231, 296.765167236, 132.679168701, 70.0641479492, 118.332435608, 67.8124771118, 29.907869339, 23.2466907501, 36.5727081299, 41.1974868774], [-8.41163921356, -93.9562225342, 154.305480957, 24.4673309326, 132.679168701, 329.024353027, 114.225463867, 147.462097168, 66.7757873535, 49.4065361023, 44.4181671143, -7.95992708206, 53.7650222778], [203.856246948, 65.9965591431, -13.8904285431, 97.5998916626, 70.0641479492, 114.225463867, 253.022598267, 90.3472061157, 104.428840637, 77.6986160278, 67.3885879517, 59.1432952881, 42.7864646912], [115.480979919, -44.5826301575, 98.5031967163, 25.5283679962, 118.332435608, 147.462097168, 90.3472061157, 269.627166748, 105.44947052, 68.1402816772, 57.4839706421, 55.7892189026, 59.7283058167], [147.851654053, 44.6005630493, 1.10470247269, 76.4143295288, 67.8124771118, 66.7757873535, 104.428840637, 105.44947052, 209.292297363, 105.250579834, 72.8769454956, 67.9498519897, 59.0459594727], [225.615524292, 85.5134658813, -2.16664958, 12.8440856934, 29.907869339, 49.4065361023, 77.6986160278, 68.1402816772, 105.250579834, 181.675460815, 78.4612960815, 63.0565071106, 61.5465354919], [169.725830078, 32.2333221436, 63.6998786926, 51.0936775208, 23.2466907501, 44.4181671143, 67.3885879517, 57.4839706421, 72.8769454956, 78.4612960815, 154.570373535, 84.7988739014, 52.1665077209], [261.782867432, 74.4787216187, 42.3118019104, 97.4934387207, 36.5727081299, -7.95992708206, 59.1432952881, 55.7892189026, 67.9498519897, 63.0565071106, 84.7988739014, 177.065963745, 63.2589988708], [125.445129395, 17.8526382446, 76.3744735718, 36.4966850281, 41.1974868774, 53.7650222778, 42.7864646912, 59.7283058167, 59.0459594727, 61.5465354919, 52.1665077209, 63.2589988708, 130.472366333]], "icov": [[0.000122850047774, 1.24865182443e-05, -4.75009655929e-05, -8.43583111418e-05, 0.000117114723253, 3.44826949004e-05, -6.35476753814e-05, -3.97103722207e-05, 3.45958651451e-05, -0.00014132502838, 3.25796136167e-05, -9.83451682259e-05, 5.07227741764e-06], [1.24865182443e-05, 0.00076436571544, 6.38679339318e-05, 0.000490702746902, -0.000687255931552, 0.000409715605201, -0.000350452115526, 0.000403050682507, -3.46582783095e-05, -0.00025242465199, -3.53907453245e-05, -0.000358423916623, 1.00308334368e-05], [-4.75009655929e-05, 6.38679339318e-05, 0.00201277993619, -0.000427939492511, -0.000615775003098, -0.000791313883383, 0.000900292943697, -0.000242163921939, 0.00062123691896, 0.000387471605791, -0.000837402243633, -2.31343692576e-05, -0.000803329108749], [-8.43583111418e-05, 0.000490702746902, -0.000427939492511, 0.00309669878334, -0.000803167757113, 0.000434260291513, -0.00113661994692, 0.000887833652087, -0.000925651926082, 0.000756365130655, 7.58371825214e-05, -0.00140375935007, 0.000151592641487], [0.000117114723253, -0.000687255931552, -0.000615775003098, -0.000803167757113, 0.00553986057639, -0.00150763732381, 1.35576999583e-06, -0.00144708133303, -0.000610089628026, 0.000319487124216, 0.00102491897997, -0.000430656044045, 2.49881504715e-05], [3.44826949004e-05, 0.000409715605201, -0.000791313883383, 0.000434260291513, -0.00150763732381, 0.00591499218717, -0.00216722674668, -0.00163855555002, 0.000209505946259, -0.000374628405552, -0.00068221782567, 0.00228087115102, -0.000999260460958], [-6.35476753814e-05, -0.000350452115526, 0.000900292943697, -0.00113661994692, 1.35576999583e-06, -0.00216722674668, 0.00672136666253, -0.000454542139778, -0.00117838056758, -0.000595399236772, -0.00092501938343, -0.000524078728631, 0.000234635590459], [-3.97103722207e-05, 0.000403050682507, -0.000242163921939, 0.000887833652087, -0.00144708133303, -0.00163855555002, -0.000454542139778, 0.00660123489797, -0.00189821259119, -0.000137246548547, 9.03853560885e-06, -0.00137198739685, -0.000278934574453], [3.45958651451e-05, -3.46582783095e-05, 0.00062123691896, -0.000925651926082, -0.000610089628026, 0.000209505946259, -0.00117838056758, -0.00189821259119, 0.00897752400488, -0.00311453011818, -0.00103864795528, -5.74301302549e-05, -0.000922042585444], [-0.00014132502838, -0.00025242465199, 0.000387471605791, 0.000756365130655, 0.000319487124216, -0.000374628405552, -0.000595399236772, -0.000137246548547, -0.00311453011818, 0.00977806653827, -0.00240614381619, -0.000464711454697, -0.00197205576114], [3.25796136167e-05, -3.53907453245e-05, -0.000837402243633, 7.58371825214e-05, 0.00102491897997, -0.00068221782567, -0.00092501938343, 9.03853560885e-06, -0.00103864795528, -0.00240614381619, 0.0110746407881, -0.00375040783547, -0.000305302150082], [-9.83451682259e-05, -0.000358423916623, -2.31343692576e-05, -0.00140375935007, -0.000430656044045, 0.00228087115102, -0.000524078728631, -0.00137198739685, -5.74301302549e-05, -0.000464711454697, -0.00375040783547, 0.010506208986, -0.00280333869159], [5.07227741764e-06, 1.00308334368e-05, -0.000803329108749, 0.000151592641487, 2.49881504715e-05, -0.000999260460958, 0.000234635590459, -0.000278934574453, -0.000922042585444, -0.00197205576114, -0.000305302150082, -0.00280333869159, 0.0113694705069]]}, "spectral_contrast_coeffs": {"dmean": [0.0635202527046, 0.0595105811954, 0.0430266521871, 0.0340260975063, 0.0265704579651, 0.023455876857], "dmean2": [0.0978740155697, 0.0948406681418, 0.0691149830818, 0.0553395785391, 0.0419405736029, 0.0345092564821], "dvar": [0.00297534978017, 0.00252060592175, 0.00116755627096, 0.000752688094508, 0.00049135053996, 0.000471935549285], "dvar2": [0.00698917685077, 0.00582332955673, 0.00298029603437, 0.00190793373622, 0.0011412971653, 0.000940959493164], "max": [-0.262489378452, -0.394378244877, -0.519575953484, -0.587113916874, -0.609955310822, -0.577831864357], "mean": [-0.612258255482, -0.72709530592, -0.762962281704, -0.770923376083, -0.785144209862, -0.803618192673], "median": [-0.619556307793, -0.742517650127, -0.764905810356, -0.771153748035, -0.787323236465, -0.807044804096], "min": [-0.98385310173, -0.972500324249, -0.965089261532, -0.960080087185, -0.964160561562, -0.959849655628], "var": [0.0104237273335, 0.00862250290811, 0.00366614293307, 0.00246890657581, 0.00195475015789, 0.00203061336651]}, "spectral_contrast_valleys": {"dmean": [0.453067749739, 0.488513082266, 0.359683960676, 0.351393133402, 0.371021091938, 0.418402165174], "dmean2": [0.723964869976, 0.781958460808, 0.567712605, 0.530211746693, 0.505204975605, 0.533341884613], "dvar": [0.189613640308, 0.181186422706, 0.107828341424, 0.104016691446, 0.145020276308, 0.175043106079], "dvar2": [0.417643636465, 0.444344013929, 0.238508686423, 0.206533581018, 0.246909305453, 0.318702429533], "max": [-5.2163772583, -4.81456947327, -5.28908157349, -5.70419406891, -5.44439649582, -7.41382265091], "mean": [-7.6346321106, -6.866939