{"lowlevel": {"average_loudness": 0.925391674042, "barkbands_crest": {"dmean": 2.19992041588, "dmean2": 3.55226635933, "dvar": 4.23204183578, "dvar2": 11.1860332489, "max": 25.9575424194, "mean": 10.2294187546, "median": 9.34272384644, "min": 2.2231938839, "var": 15.7293272018}, "barkbands_flatness_db": {"dmean": 0.0239864233881, "dmean2": 0.035109333694, "dvar": 0.000581041618716, "dvar2": 0.00125392642803, "max": 0.549814462662, "mean": 0.160462498665, "median": 0.141833513975, "min": 0.00977450236678, "var": 0.00632462371141}, "barkbands_kurtosis": {"dmean": 5.3922290802, "dmean2": 8.52175426483, "dvar": 160.354736328, "dvar2": 382.26864624, "max": 658.994873047, "mean": 11.6055755615, "median": 4.23844718933, "min": -1.8640024662, "var": 830.225036621}, "barkbands_skewness": {"dmean": 0.617188036442, "dmean2": 0.953286588192, "dvar": 0.518286764622, "dvar2": 1.25431501865, "max": 17.8095855713, "mean": 2.09849190712, "median": 1.84348797798, "min": -2.71359038353, "var": 2.10460591316}, "barkbands_spread": {"dmean": 4.86906766891, "dmean2": 7.46376752853, "dvar": 44.6722602844, "dvar2": 97.6083602905, "max": 112.158813477, "mean": 16.2382335663, "median": 14.2440567017, "min": 0.215109080076, "var": 153.01121521}, "dissonance": {"dmean": 0.0199112184346, "dmean2": 0.0328737460077, "dvar": 0.000367015571101, "dvar2": 0.000988098210655, "max": 0.500000119209, "mean": 0.450896292925, "median": 0.464662492275, "min": 0.12791877985, "var": 0.00261885114014}, "dynamic_complexity": 3.11084938049, "erbbands_crest": {"dmean": 2.44926762581, "dmean2": 3.88202095032, "dvar": 5.69619417191, "dvar2": 13.4334030151, "max": 33.5942955017, "mean": 9.48113059998, "median": 8.0957698822, "min": 1.94992494583, "var": 25.1694736481}, "erbbands_flatness_db": {"dmean": 0.0199083294719, "dmean2": 0.0265453513712, "dvar": 0.000349535112036, "dvar2": 0.000634869444184, "max": 0.461068242788, "mean": 0.150705233216, "median": 0.140764951706, "min": 0.0224190149456, "var": 0.00352441053838}, "erbbands_kurtosis": {"dmean": 1.79540610313, "dmean2": 2.66146016121, "dvar": 33.2971763611, "dvar2": 66.7164840698, "max": 371.287963867, "mean": 3.17718577385, "median": 0.22858953476, "min": -1.81133663654, "var": 266.436462402}, "erbbands_skewness": {"dmean": 0.403539925814, "dmean2": 0.608031511307, "dvar": 0.198266521096, "dvar2": 0.420623272657, "max": 13.0995130539, "mean": 0.707091569901, "median": 0.512419223785, "min": -4.17422294617, "var": 1.45860350132}, "erbbands_spread": {"dmean": 9.05434703827, "dmean2": 13.3305854797, "dvar": 108.887229919, "dvar2": 228.888839722, "max": 177.461166382, "mean": 38.3787117004, "median": 34.5656204224, "min": 0.579328835011, "var": 486.041229248}, "hfc": {"dmean": 5.55224275589, "dmean2": 7.83588790894, "dvar": 51.4962806702, "dvar2": 106.978424072, "max": 108.016815186, "mean": 19.6395683289, "median": 17.4939231873, "min": 1.14865939454e-16, "var": 216.533706665}, "melbands_crest": {"dmean": 2.82719612122, "dmean2": 4.64388895035, "dvar": 7.12279510498, "dvar2": 19.0399723053, "max": 35.6923141479, "mean": 14.0152673721, "median": 13.3606834412, "min": 1.69508218765, "var": 20.6595783234}, "melbands_flatness_db": {"dmean": 0.0287505183369, "dmean2": 0.0423255600035, "dvar": 0.000842195528094, "dvar2": 0.00182518025395, "max": 0.710441529751, "mean": 0.253376990557, "median": 0.233016461134, "min": 0.00463738432154, "var": 0.00906451791525}, "melbands_kurtosis": {"dmean": 10.7144041061, "dmean2": 17.1249408722, "dvar": 589.305297852, "dvar2": 1478.62805176, "max": 888.588806152, "mean": 22.2563400269, "median": 11.5306444168, "min": -1.8248745203, "var": 1306.80456543}, "melbands_skewness": {"dmean": 0.818102955818, "dmean2": 1.25420022011, "dvar": 1.02486348152, "dvar2": 2.46784520149, "max": 22.0997810364, "mean": 3.09621286392, "median": 2.69475984573, "min": -1.51390302181, "var": 3.84917783737}, "melbands_spread": {"dmean": 4.42849874496, "dmean2": 6.96393013, "dvar": 41.3474998474, "dvar2": 95.8630447388, "max": 158.563995361, "mean": 14.4467878342, "median": 12.4077110291, "min": 0.290140807629, "var": 148.989074707}, "pitch_salience": {"dmean": 0.0710743144155, "dmean2": 0.115148670971, "dvar": 0.00420870445669, "dvar2": 0.0113086504862, "max": 0.960827171803, "mean": 0.560759902, "median": 0.572855830193, "min": 0.060606200248, "var": 0.0122811254114}, "silence_rate_20dB": {"dmean": 0, "dmean2": 0, "dvar": 0, "dvar2": 0, "max": 1, "mean": 1, "median": 1, "min": 1, "var": 0}, "silence_rate_30dB": {"dmean": 0.00692718941718, "dmean2": 0.0138554219157, "dvar": 0.00687853386626, "dvar2": 0.0186368972063, "max": 1, "mean": 0.99533200264, "median": 1, "min": 0, "var": 0.00464669894427}, "silence_rate_60dB": {"dmean": 0.00828250870109, "dmean2": 0.0165662653744, "dvar": 0.00821398198605, "dvar2": 0.0190029032528, "max": 1, "mean": 0.0676103010774, "median": 0, "min": 0, "var": 0.0630407482386}, "spectral_centroid": {"dmean": 220.647354126, "dmean2": 341.831085205, "dvar": 89997.96875, "dvar2": 194583.78125, "max": 11252.0068359, "mean": 895.498291016, "median": 806.513061523, "min": 123.899940491, "var": 296158.0625}, "spectral_complexity": {"dmean": 3.21963715553, "dmean2": 4.96325302124, "dvar": 13.5338792801, "dvar2": 29.3440551758, "max": 50, "mean": 17.3129806519, "median": 18, "min": 0, "var": 79.4183883667}, "spectral_decrease": {"dmean": 2.92888935327e-09, "dmean2": 4.56923521241e-09, "dvar": 1.51581260841e-17, "dvar2": 3.82245521191e-17, "max": 1.02608698296e-19, "mean": -1.00791570645e-08, "median": -9.75447722595e-09, "min": -5.40462536947e-08, "var": 3.67856846785e-17}, "spectral_energy": {"dmean": 0.0113497506827, "dmean2": 0.0176359154284, "dvar": 0.000223235329031, "dvar2": 0.000559655192774, "max": 0.206467911601, "mean": 0.0398225672543, "median": 0.0385270863771, "min": 1.03097941701e-20, "var": 0.00056206935551}, "spectral_energyband_high": {"dmean": 0.000354493589839, "dmean2": 0.000507309334353, "dvar": 4.89593332986e-07, "dvar2": 9.7062036275e-07, "max": 0.0115749482065, "mean": 0.000663042475935, "median": 0.000294837896945, "min": 7.46265061863e-21, "var": 1.33143419134e-06}, "spectral_energyband_low": {"dmean": 0.0076080262661, "dmean2": 0.0123756462708, "dvar": 0.000166575220646, "dvar2": 0.000454572931631, "max": 0.190383300185, "mean": 0.0174992345273, "median": 0.0158246420324, "min": 2.55358818859e-23, "var": 0.000228062097449}, "spectral_energyband_middle_high": {"dmean": 0.00175800302532, "dmean2": 0.00259115011431, "dvar": 7.43329428587e-06, "dvar2": 1.55529396579e-05, "max": 0.0828305333853, "mean": 0.00517885293812, "median": 0.00364609714597, "min": 1.39519075657e-21, "var": 3.23934073094e-05}, "spectral_energyband_middle_low": {"dmean": 0.00641021737829, "dmean2": 0.0101356059313, "dvar": 6.72117312206e-05, "dvar2": 0.000168082784512, "max": 0.121962979436, "mean": 0.0185771938413, "median": 0.0160495489836, "min": 2.54049738897e-22, "var": 0.000205471180379}, "spectral_entropy": {"dmean": 0.213365346193, "dmean2": 0.296526551247, "dvar": 0.0487110950053, "dvar2": 0.0915166586637, "max": 9.81226444244, "mean": 7.29534912109, "median": 7.44183063507, "min": 3.45347356796, "var": 0.565494596958}, "spectral_flux": {"dmean": 0.0262186303735, "dmean2": 0.0412450395525, "dvar": 0.000896450772416, "dvar2": 0.00200197147205, "max": 0.410779505968, "mean": 0.0891623198986, "median": 0.0852243676782, "min": 6.71781241746e-11, "var": 0.00224956846796}, "spectral_kurtosis": {"dmean": 2.17666721344, "dmean2": 3.31028914452, "dvar": 11.5637645721, "dvar2": 26.1928386688, "max": 105.093978882, "mean": 7.3978934288, "median": 4.66737604141, "min": -1.23671364784, "var": 116.856262207}, "spectral_rms": {"dmean": 0.000858513114508, "dmean2": 0.00130446476396, "dvar": 9.7011923117e-07, "dvar2": 2.25486496674e-06, "max": 0.0141926780343, "mean": 0.00585407670587, "median": 0.00613085646182, "min": 3.17148781195e-12, "var": 4.58076556242e-06}, "spectral_rolloff": {"dmean": 312.91003418, "dmean2": 528.006286621, "dvar": 503324.34375, "dvar2": 1122544.375, "max": 19509.0820312, "mean": 897.45526123, "median": 624.462890625, "min": 64.599609375, "var": 2024188}, "spectral_skewness": {"dmean": 0.279510349035, "dmean2": 0.408315241337, "dvar": 0.0923884287477, "dvar2": 0.191379845142, "max": 9.26157188416, "mean": 1.97485613823, "median": 1.76257824898, "min": 0.0025257228408, "var": 1.06803250313}, "spectral_spread": {"dmean": 629885.625, "dmean2": 846776.3125, "dvar": 506281492480, "dvar2": 922935427072, "max": 42043960, "mean": 4629882, "median": 4405836, "min": 813889.9375, "var": 2895637381120.0}, "spectral_strongpeak": {"dmean": 0.411242157221, "dmean2": 0.709068179131, "dvar": 0.628380715847, "dvar2": 1.48496437073, "max": 15.6440963745, "mean": 0.723197638988, "median": 0.40029796958, "min": 0, "var": 1.05501067638}, "zerocrossingrate": {"dmean": 0.0089243222028, "dmean2": 0.0105278287083, "dvar": 0.000116682160296, "dvar2": 0.000138493996928, "max": 0.5205078125, "mean": 0.0441328398883, "median": 0.03759765625, "min": 0.0029296875, "var": 0.0014730343828}, "barkbands": {"dmean": [0.000126747196191, 0.00379621121101, 0.0040664486587, 0.00252367113717, 0.0036534932442, 0.00148161919788, 0.000855111167766, 0.000722622557078, 0.000698988151271, 0.000711842789315, 0.00052341283299, 0.000454577821074, 0.000296457728837, 0.00035226115142, 0.000235314582824, 0.000136332062539, 0.000115905691928, 0.000125846301671, 9.67013111222e-05, 9.35422940529e-05, 8.45946051413e-05, 9.45533756749e-05, 5.07506047143e-05, 3.71451242245e-05, 4.64176919195e-05, 4.87826036988e-05, 1.1148043086e-05], "dmean2": [0.000193625324755, 0.00604936107993, 0.00682384381071, 0.00419263634831, 0.00595649052411, 0.00237980182283, 0.00135837681592, 0.00114098342601, 0.0010841517942, 0.00109719345346, 0.000770291429944, 0.000719945121091, 0.000457459100289, 0.000560192856938, 0.000373953749659, 0.000214970612433, 0.000185171258636, 0.000204167954507, 0.000154527209816, 0.000148742008605, 0.000128394691274, 0.000143318218761, 7.60069960961e-05, 5.41713852726e-05, 6.71012676321e-05, 7.44260105421e-05, 1.71264709934e-05], "dvar": [3.43751516141e-08, 2.41954439844e-05, 8.31754368846e-05, 1.56477617566e-05, 2.83522240352e-05, 6.96526012689e-06, 3.51610856342e-06, 1.85325006896e-06, 2.15528621084e-06, 2.84808061224e-06, 2.41153065872e-06, 1.23013387565e-06, 7.01506564837e-07, 7.08833454155e-07, 3.29212298311e-07, 8.6826211998e-08, 5.43613580817e-08, 1.0661260319e-07, 4.76361137203e-08, 6.31180441246e-08, 3.80640230446e-08, 4.02363689034e-08, 1.25528307748e-08, 6.50197939933e-09, 1.93027620554e-08, 1.60274264971e-08, 1.3490513151e-09], "dvar2": [8.09287996617e-08, 6.23809028184e-05, 0.000235026396695, 4.14818496211e-05, 7.44552889955e-05, 1.87674904737e-05, 7.81751350587e-06, 4.32399292549e-06, 4.88297882839e-06, 5.62417517358e-06, 4.67121481051e-06, 2.95516088045e-06, 1.46692423186e-06, 1.54113797635e-06, 7.27261124212e-07, 2.02742185706e-07, 1.31450548224e-07, 2.80912843209e-07, 1.1616040041e-07, 1.54978394562e-07, 8.258950146e-08, 9.27031109654e-08, 2.75361298208e-08, 1.44835174964e-08, 3.73978039647e-08, 3.70437369668e-08, 3.30275762295e-09], "max": [0.00345471897162, 0.0713813826442, 0.149235159159, 0.0906573608518, 0.0760265514255, 0.0805710479617, 0.0724460631609, 0.0332816131413, 0.0486320070922, 0.118606425822, 0.0509067177773, 0.0347531400621, 0.0328815504909, 0.0614171624184, 0.017174128443, 0.00970029179007, 0.0055442424491, 0.00978888291866, 0.00796787347645, 0.00828775390983, 0.00433862581849, 0.00470917392522, 0.00304412376136, 0.00215451512486, 0.0042813597247, 0.00334747857414, 0.000618165708147], "mean": [0.000270914897555, 0.00961278844625, 0.00587642518803, 0.00361905852333, 0.00684599205852, 0.00304086296819, 0.00168021873105, 0.00128994125407, 0.00146832154132, 0.0013337826822, 0.000932159251533, 0.000758310139645, 0.000529971381184, 0.00061731383903, 0.000418404961238, 0.000232800608501, 0.000208916710108, 0.000190170496353, 0.000166796526173, 0.000142807868542, 0.000143951096106, 0.000150545864017, 8.46277325763e-05, 5.86492933508e-05, 7.46757141314e-05, 6.12460571574e-05, 1.28131050587e-05], "median": [8.21323483251e-05, 0.00889026746154, 0.003636125708, 0.00203513586894, 0.00494038686156, 0.00168721936643, 0.000758234935347, 0.000497258151881, 0.000504767871462, 0.000482054863824, 0.000254551967373, 0.000312216463499, 0.000183048454346, 0.000242436377448, 0.000167691046954, 0.000110318367661, 0.000100517347164, 8.12549260445e-05, 8.93505784916e-05, 6.97913274053e-05, 6.1031030782e-05, 6.40694488538e-05, 3.37518868037e-05, 1.95180928131e-05, 1.70536004589e-05, 8.81902269612e-06, 1.21497487271e-06], "min": [2.9470184839e-24, 1.07445198208e-23, 5.53187210951e-24, 5.48766276665e-24, 1.92524485813e-23, 3.26020561127e-23, 9.09119831437e-24, 2.10088331873e-23, 7.53717656764e-23, 3.52539729733e-23, 2.84297076762e-23, 9.49861673069e-23, 4.68694764861e-23, 6.6502211244e-23, 8.31197239847e-23, 5.94250686951e-23, 1.33790279411e-22, 1.85900853088e-22, 2.31503286432e-22, 2.59932924688e-22, 2.22114074611e-22, 3.6381391522e-22, 5.0785754362e-22, 6.60388659027e-22, 1.05802044803e-21, 1.49116642682e-21, 2.36414620832e-21], "var": [1.47270768025e-07, 6.04099404882e-05, 7.68056852394e-05, 2.56003331742e-05, 5.02888942719e-05, 1.87845107575e-05, 1.15773036669e-05, 4.78984611618e-06, 7.64433298173e-06, 9.99208077701e-06, 6.93082756698e-06, 2.35985862673e-06, 1.91503568203e-06, 2.22106154979e-06, 7.98190797013e-07, 1.75054054807e-07, 1.05573597864e-07, 1.21086173976e-07, 7.07376699438e-08, 7.4714762377e-08, 8.30247657291e-08, 7.142386238e-08, 2.76603024929e-08, 1.30617232585e-08, 4.62487044217e-08, 2.71924989192e-08, 1.63013824661e-09]}, "erbbands": {"dmean": [0.080705627799, 1.01882433891, 4.17984390259, 6.44530773163, 12.075835228, 12.4871482849, 12.8028669357, 12.2128782272, 12.7533340454, 13.1714200974, 15.4224529266, 17.2203197479, 22.1980037689, 16.7053375244, 21.0801753998, 19.846075058, 13.3590183258, 17.8444080353, 13.2821931839, 9.31296730042, 6.78977251053, 6.05586290359, 6.25244998932, 5.99975395203, 4.43127393723, 4.43099737167, 3.6005218029, 3.44524621964, 3.41895270348, 2.29356455803, 1.39804589748, 0.924668669701, 0.5343952775, 0.426625430584, 0.398616999388, 0.244990363717, 0.0827029794455, 0.0142731703818, 0.00210568401963, 9.18200676097e-05], "dmean2": [0.127363666892, 1.63409757614, 7.00765991211, 10.5543117523, 19.8603725433, 20.6658420563, 20.5738792419, 20.0332565308, 20.1916866302, 21.0711994171, 23.9342651367, 26.396774292, 33.93775177, 25.8849945068, 31.0029582977, 31.4664344788, 20.5588417053, 28.0796852112, 20.7797737122, 15.025349617, 10.5934667587, 9.61821460724, 9.95814990997, 9.7301902771, 7.07815313339, 7.05089044571, 5.4732875824, 5.2476940155, 5.1877155304, 3.46818900108, 2.09079670906, 1.36941444874, 0.777118444443, 0.619282484055, 0.583630979061, 0.376035511494, 0.12553294003, 0.0214045327157, 0.00327556789853, 0.000140882577398], "dvar": [0.0110628185794, 1.97589194775, 77.2548904419, 111.764915466, 433.540802002, 400.632171631, 482.744567871, 650.166687012, 743.364807129, 640.02545166, 955.848266602, 1425.76306152, 3555.88769531, 1427.58996582, 3750.96459961, 2482.19897461, 1447.09875488, 1945.45812988, 1042.10839844, 414.220367432, 229.495422363, 155.736968994, 221.61239624, 203.515411377, 133.649429321, 136.059829712, 78.3271179199, 58.46118927, 56.833694458, 22.8397121429, 10.4342060089, 4.04068613052, 1.68004560471, 1.60602223873, 1.56796360016, 0.461881548166, 0.0439743027091, 0.00158299901523, 5.24890638189e-05, 8.9984567353e-08], "dvar2": [0.0270145274699, 5.19979524612, 220.300247192, 292.336181641, 1126.61413574, 1091.70349121, 1143.01013184, 1861.53308105, 1683.29467773, 1549.11193848, 2207.74975586, 3203.02563477, 7056.88134766, 3286.37988281, 7208.50195312, 5969.11035156, 3030.7434082, 4107.10888672, 2283.76586914, 1026.57189941, 528.510559082, 377.205993652, 556.961730957, 543.759460449, 332.997619629, 330.281616211, 174.908096313, 129.718780518, 130.622268677, 54.1536941528, 22.4488201141, 9.13313865662, 3.64806127548, 3.15888571739, 3.2252035141, 1.04927420616, 0.100383378565, 0.00361701264046, 0.000131783279357, 2.23657593779e-07], "max": [1.64689004421, 20.4403419495, 133.344192505, 159.145980835, 332.404876709, 347.32220459, 540.092468262, 810.879821777, 1050.41809082, 979.001037598, 941.12677002, 1461.52636719, 4457.60400391, 1283.5501709, 2088.13085938, 1631.04626465, 1584.11193848, 3534.28686523, 1049.92236328, 753.189941406, 447.356384277, 317.325073242, 386.478668213, 407.054534912, 424.128662109, 333.88659668, 265.495269775, 144.111099243, 189.984237671, 108.855514526, 109.975349426, 53.2897605896, 38.1497688293, 58.4700622559, 36.1799125671, 17.7213478088, 4.55296516418, 0.912347793579, 0.129788532853, 0.00490787997842], "mean": [0.201832428575, 2.36129307747, 6.9419298172, 9.92478084564, 19.2539539337, 21.5734729767, 24.7593860626, 23.3793087006, 24.7594223022, 25.4574337006, 28.9074363708, 37.6061096191, 43.9614295959, 33.148147583, 39.7659568787, 34.8192062378, 26.4817028046, 33.7497940063, 24.5753765106, 17.2781429291, 12.6820869446, 11.0899085999, 10.4464654922, 9.82532596588, 7.47205972672, 6.87116909027, 6.10929441452, 5.58844518661, 5.4319434166, 3.73049283028, 2.31726908684, 1.39648079872, 0.893086671829, 0.701078951359, 0.602750301361, 0.319021850824, 0.101273670793, 0.0179743599147, 0.00237335171551, 0.000136598420795], "median": [0.12867847085, 2.04037332535, 4.99180603027, 6.09276723862, 12.1043586731, 14.0375442505, 13.5850448608, 12.016204834, 11.7061395645, 11.3511695862, 12.2474689484, 14.1010217667, 17.008939743, 13.1697835922, 13.8846054077, 15.2203559875, 10.9473791122, 13.9612922668, 10.4210119247, 8.36537456512, 6.57173156738, 5.6901807785, 4.90412139893, 5.05075550079, 4.27845096588, 3.35304403305, 2.66940784454, 2.29451990128, 2.2563867569, 1.63144087791, 0.877987980843, 0.456715613604, 0.28832834959, 0.187482118607, 0.118363685906, 0.0476930513978, 0.0141064422205, 0.00229803752154, 0.000246816372965, 6.02555337537e-05], "min": [5.86113656134e-22, 1.53113655738e-21, 5.70493018715e-21, 9.39947786705e-21, 3.88704092872e-20, 5.29059291416e-20, 2.15801999711e-19, 2.7808150078e-19, 1.04856328966e-19, 3.7120172013e-19, 8.47063191045e-19, 1.57296985816e-18, 9.01923825523e-19, 1.01629157477e-18, 1.74651865792e-18, 3.45287728351e-18, 2.25512596039e-18, 2.97323639853e-18, 4.14556039642e-18, 3.10298608826e-18, 5.04792469562e-18, 8.1025691081e-18, 1.0101339389e-17, 1.05699165265e-17, 1.19313888131e-17, 1.34424046011e-17, 8.84412742827e-18, 1.09471572079e-17, 1.33559203865e-17, 1.61337823078e-17, 1.38178569181e-17, 1.20552574555e-17, 1.23978831098e-17, 1.08528395929e-17, 7.87430200063e-18, 6.05523505349e-18, 2.52484991261e-18, 1.26643843663e-18, 3.10899297047e-19, 3.11034999904e-20], "var": [0.0479647368193, 4.16076612473, 73.2966079712, 167.265579224, 607.435424805, 669.44744873, 1320.27124023, 1415.11437988, 2047.13867188, 1970.8203125, 2593.52197266, 5313.2578125, 12690.6035156, 3659.6184082, 11092.6689453, 4751.52587891, 4316.47998047, 6757.98144531, 2636.97265625, 795.792175293, 450.784912109, 275.243011475, 306.899749756, 237.050048828, 165.647262573, 168.651260376, 149.768753052, 121.032730103, 102.014572144, 39.4275131226, 23.5845451355, 7.54692745209, 3.60741472244, 3.69997668266, 3.41810178757, 0.824403524399, 0.0751543194056, 0.00255253096111, 5.82668835705e-05, 9.91874529177e-08]}, "gfcc": {"mean": [-7.51704883575, 106.361244202, -87.1213378906, 30.0706596375, -49.3304977417, 13.2776498795, -30.7434425354, 1.13975977898, -25.4535503387, 1.41039228439, -17.1721534729, 1.11021244526, -11.4809265137], "cov": [[19775.5390625, -712.514465332, -2591.3046875, -119.883834839, -510.398956299, 873.819335938, -157.088760376, 782.05859375, 62.8736572266, 526.491210938, -418.890533447, 300.449584961, -285.1875], [-712.514465332, 1285.53613281, -32.9612236023, -145.812896729, 55.1662902832, -165.572113037, 13.1210660934, -139.39604187, 40.589630127, -142.673553467, 101.964508057, -87.5707473755, 59.1613616943], [-2591.3046875, -32.9612236023, 1025.50891113, 163.872894287, 64.5129699707, -143.352096558, 19.8448066711, -163.574264526, -85.3443374634, -82.7105102539, 11.8028707504, -37.7288398743, 27.376411438], [-119.883834839, -145.812896729, 163.872894287, 505.008972168, 65.1625442505, 27.0239620209, 9.54235744476, 6.36491155624, -17.0934696198, -27.5633182526, 37.2330436707, -16.658493042, 21.3914699554], [-510.398956299, 55.1662902832, 64.5129699707, 65.1625442505, 216.607803345, 35.5803375244, 11.8329811096, -15.2532520294, 11.8036594391, -13.004743576, 25.7281684875, -11.5135116577, 6.80097579956], [873.819335938, -165.572113037, -143.352096558, 27.0239620209, 35.5803375244, 228.357177734, 47.3423881531, 64.7939453125, 8.58618068695, 48.2446594238, -10.585026741, 22.0046958923, -8.8799943924], [-157.088760376, 13.1210660934, 19.8448066711, 9.54235744476, 11.8329811096, 47.3423881531, 134.004776001, 34.5506629944, -5.46921396255, -15.4212713242, 1.72800076008, -6.08684062958, 5.43976163864], [782.05859375, -139.39604187, -163.574264526, 6.36491155624, -15.2532520294, 64.7939453125, 34.5506629944, 152.211700439, 41.5827026367, 29.7197494507, -23.587556839, 13.7368917465, -10.9644393921], [62.8736572266, 40.589630127, -85.3443374634, -17.0934696198, 11.8036594391, 8.58618068695, -5.46921396255, 41.5827026367, 102.445793152, 34.1735572815, 4.99117612839, -3.16579222679, 0.0325096286833], [526.491210938, -142.673553467, -82.7105102539, -27.5633182526, -13.004743576, 48.2446594238, -15.4212713242, 29.7197494507, 34.1735572815, 115.122558594, 3.79735183716, 20.6343383789, -20.4865055084], [-418.890533447, 101.964508057, 11.8028707504, 37.2330436707, 25.7281684875, -10.585026741, 1.72800076008, -23.587556839, 4.99117612839, 3.79735183716, 108.072181702, 5.38644266129, 17.4127693176], [300.449584961, -87.5707473755, -37.7288398743, -16.658493042, -11.5135116577, 22.0046958923, -6.08684062958, 13.7368917465, -3.16579222679, 20.6343383789, 5.38644266129, 91.5737686157, 8.84099388123], [-285.1875, 59.1613616943, 27.376411438, 21.3914699554, 6.80097579956, -8.8799943924, 5.43976163864, -10.9644393921, 0.0325096286833, -20.4865055084, 17.4127693176, 8.84099388123, 69.7402648926]], "icov": [[0.000150569831021, -0.000205042815651, 0.000221550377319, -0.000186346238479, 0.000248941301834, -0.000366767781088, 0.000339181307936, -0.000504651805386, 0.000501234258991, -0.0005164212198, 0.000564769259654, -0.000346814893419, 0.000334097014274], [-0.000205042815651, 0.00176118221134, 7.22179393051e-05, 0.000746124074794, -0.00056698260596, 0.00104177324101, -0.00097853562329, 0.00199003634043, -0.0019328512717, 0.0024068467319, -0.00193980231415, 0.00143898534589, -0.00100274570286], [0.000221550377319, 7.22179393051e-05, 0.00187049678061, -0.00063180946745, -6.8890498369e-05, 0.000431037624367, -0.000392267043935, 0.000872164731845, 0.000980172306299, -0.000452631822554, 0.00101235113107, -0.00021175245638, 0.00017423304962], [-0.000186346238479, 0.000746124074794, -0.00063180946745, 0.00276051089168, -0.000795661646407, 5.63933026569e-05, -7.85754891695e-05, 0.000104509956145, -0.000628002919257, 0.00167409761343, -0.00201226444915, 0.00125314795878, -0.00105072476435], [0.000248941301834, -0.00056698260596, -6.8890498369e-05, -0.000795661646407, 0.00590902706608, -0.00223445007578, 0.00067657843465, -0.00023204262834, -0.000498465029523, 2.54339593084e-05, -8.97095833352e-06, -0.000278419087408, 0.000865296868142], [-0.000366767781088, 0.00104177324101, 0.000431037624367, 5.63933026569e-05, -0.00223445007578, 0.00779589777812, -0.00334841501899, 0.000541693763807, -0.000240517169004, -0.000974925002083, -0.0007894996088, 0.000297222402878, -0.00114000646863], [0.000339181307936, -0.00097853562329, -0.000392267043935, -7.85754891695e-05, 0.00067657843465, -0.00334841501899, 0.0104193091393, -0.0045186067, 0.00229077064432, 0.000350758840796, 0.000490814738441, -2.81749435089e-05, 0.000362740742275], [-0.000504651805386, 0.00199003634043, 0.000872164731845, 0.000104509956145, -0.00023204262834, 0.000541693763807, -0.0045186067, 0.0137262912467, -0.00642122374848, 0.00270194699988, -0.00051027466543, 0.000683876802213, -0.000686763552949], [0.000501234258991, -0.0019328512717, 0.000980172306299, -0.000628002919257, -0.000498465029523, -0.000240517169004, 0.00229077064432, -0.00642122374848, 0.0159550439566, -0.00695845345035, 0.00208187731914, -7.28922968847e-05, -0.000235098501435], [-0.0005164212198, 0.0024068467319, -0.000452631822554, 0.00167409761343, 2.54339593084e-05, -0.000974925002083, 0.000350758840796, 0.00270194699988, -0.00695845345035, 0.0163862351328, -0.00486828107387, 0.000149716070155, 0.00179476442281], [0.000564769259654, -0.00193980231415, 0.00101235113107, -0.00201226444915, -8.97095833352e-06, -0.0007894996088, 0.000490814738441, -0.00051027466543, 0.00208187731914, -0.00486828107387, 0.0139778228477, -0.00295551586896, -0.000589644419961], [-0.000346814893419, 0.00143898534589, -0.00021175245638, 0.00125314795878, -0.000278419087408, 0.000297222402878, -2.81749435089e-05, 0.000683876802213, -7.28922968847e-05, 0.000149716070155, -0.00295551586896, 0.0138627151027, -0.00374090578407], [0.000334097014274, -0.00100274570286, 0.00017423304962, -0.00105072476435, 0.000865296868142, -0.00114000646863, 0.000362740742275, -0.000686763552949, -0.000235098501435, 0.00179476442281, -0.000589644419961, -0.00374090578407, 0.0175926517695]]}, "melbands": {"dmean": [0.000859398161992, 0.00187355093658, 0.00123488542158, 0.000854472746141, 0.000462589698145, 0.000273593323072, 0.000189633792615, 0.000142538439832, 0.000124147918541, 0.000109641085146, 0.000111550762085, 6.86530765961e-05, 7.7139462519e-05, 5.49085198145e-05, 3.44008331012e-05, 3.24567554344e-05, 3.61376514775e-05, 2.31029644056e-05, 1.53012588271e-05, 1.10989203677e-05, 8.17101863504e-06, 6.80783932694e-06, 6.13610654909e-06, 6.46587977826e-06, 5.052259894e-06, 3.72735416931e-06, 3.20372282658e-06, 3.09290476252e-06, 2.46102194978e-06, 2.12933082366e-06, 2.13231351154e-06, 2.12005511457e-06, 1.72189106706e-06, 1.14415945518e-06, 8.41409018904e-07, 8.01305475306e-07, 4.7353958621e-07, 3.73735616677e-07, 3.932397874e-07, 3.65219705145e-07], "dmean2": [0.00136799924076, 0.00309835397638, 0.00200868514366, 0.00139811378904, 0.000750711711589, 0.000445453770226, 0.000300251995213, 0.000227545810048, 0.000191979881492, 0.000168621918419, 0.000170785191585, 0.000107632688014, 0.000113513655378, 8.59683568706e-05, 5.43829628441e-05, 4.98310037074e-05, 5.7201985328e-05, 3.63519902749e-05, 2.4407325327e-05, 1.79757498699e-05, 1.27536786749e-05, 1.09729280666e-05, 9.7696620287e-06, 1.05192029878e-05, 8.24950529932e-06, 5.98373753746e-06, 5.16676254847e-06, 4.97739620187e-06, 3.81597692467e-06, 3.28804185301e-06, 3.30574744112e-06, 3.26828694597e-06, 2.64830828201e-06, 1.75293075699e-06, 1.28528222376e-06, 1.21243806461e-06, 7.06212858859e-07, 5.52762060124e-07, 5.91702189467e-07, 5.37954406354e-07], "dvar": [1.13383862299e-06, 1.27675848489e-05, 3.56497412213e-06, 1.74720776158e-06, 5.29809597083e-07, 2.84383219196e-07, 1.70706300651e-07, 6.97868713928e-08, 6.01601257699e-08, 5.71894247514e-08, 9.01543941723e-08, 2.47335787407e-08, 5.75420280313e-08, 1.7906726768e-08, 6.10218897634e-09, 9.89523663009e-09, 9.10216524375e-09, 3.11428260957e-09, 1.37847266934e-09, 6.02567939989e-10, 3.44271194885e-10, 2.11292941477e-10, 1.88217788577e-10, 3.03606806362e-10, 1.42618528098e-10, 7.93152835077e-11, 1.08402176124e-10, 6.64471255796e-11, 4.01091972135e-11, 2.97710814334e-11, 2.18394538565e-11, 2.3070269653e-11, 1.3897488195e-11, 5.89133603013e-12, 4.15381748095e-12, 3.5224028555e-12, 9.990496928e-13, 8.49605379539e-13, 1.02250044369e-12, 1.47023387388e-12], "dvar2": [2.89452850666e-06, 3.60333542631e-05, 9.21894570638e-06, 4.59637249151e-06, 1.32328102609e-06, 8.03342004474e-07, 3.78337517759e-07, 1.68437054526e-07, 1.37003141276e-07, 1.28048981196e-07, 1.78693156272e-07, 5.71571341368e-08, 1.11360492383e-07, 4.16342444964e-08, 1.45718539457e-08, 2.1021195451e-08, 1.91339477595e-08, 7.04699232301e-09, 3.20149418087e-09, 1.48030088187e-09, 7.8776007939e-10, 5.16952591845e-10, 4.50526005391e-10, 8.13555112167e-10, 3.81219777967e-10, 1.91226479096e-10, 2.81093037735e-10, 1.62419314109e-10, 9.54589254865e-11, 6.6698438439e-11, 5.08777291131e-11, 5.44280349957e-11, 3.23215065823e-11, 1.42526277239e-11, 9.27094772479e-12, 8.03916742204e-12, 2.24453572048e-12, 1.90744707355e-12, 2.23416033937e-12, 3.00540994001e-12], "max": [0.014491405338, 0.0514517128468, 0.0306465495378, 0.0199598222971, 0.0144619150087, 0.0170498788357, 0.0165165420622, 0.00886478275061, 0.00778757687658, 0.00802597403526, 0.0224157366902, 0.00512663926929, 0.00839638151228, 0.00497457385063, 0.00266059697606, 0.00431064516306, 0.00803627725691, 0.00181971176062, 0.000998089788482, 0.000860653002746, 0.000532662204932, 0.000354837626219, 0.000322679872625, 0.00057617307175, 0.000314304052154, 0.000289271032671, 0.000533827755135, 0.000223522540182, 0.00022663809068, 0.00013199672685, 9.9532524473e-05, 0.000130380911287, 9.21253158594e-05, 6.05853056186e-05, 7.74365471443e-05, 5.03548653796e-05, 2.31258163694e-05, 2.10549005715e-05, 3.67560132872e-05, 6.00234197918e-05], "mean": [0.00220418791287, 0.00364307197742, 0.00203495542519, 0.00149986776523, 0.000893567339517, 0.000538791355211, 0.000374217983335, 0.000272359669907, 0.000231665660976, 0.000233132159337, 0.000214721192606, 0.000128838742967, 0.000138817471452, 9.50278918026e-05, 6.25318934908e-05, 5.82131397096e-05, 6.3860519731e-05, 3.96276409447e-05, 2.71516746579e-05, 1.8834392904e-05, 1.41409091157e-05, 1.1747741155e-05, 9.90767330222e-06, 9.50981211645e-06, 7.79863421485e-06, 6.15528233538e-06, 4.60461433249e-06, 4.52065478385e-06, 3.95762799599e-06, 3.40092424267e-06, 3.17449962495e-06, 3.19824016515e-06, 2.68091844191e-06, 1.80291033303e-06, 1.35476147989e-06, 1.14827764719e-06, 7.0802167329e-07, 6.02746865752e-07, 6.12852602444e-07, 5.79482446028e-07], "median": [0.00191935745534, 0.00292285857722, 0.00134665705264, 0.00105650559999, 0.000530431512743, 0.000286060094368, 0.000176320187165, 0.000121695309645, 9.45733045228e-05, 7.89201876614e-05, 7.74841901148e-05, 4.67874924652e-05, 4.04096281272e-05, 3.87109321309e-05, 2.76861501334e-05, 2.11343285628e-05, 2.40012268478e-05, 1.55222369358e-05, 1.13840051199e-05, 8.73626413522e-06, 6.55803660266e-06, 5.50445292902e-06, 4.46548392574e-06, 3.84543454857e-06, 3.76378147848e-06, 3.23622589349e-06, 2.28235876421e-06, 2.02269347938e-06, 1.66866175277e-06, 1.24715347738e-06, 1.26217059915e-06, 1.31130752834e-06, 1.08275821731e-06, 7.69937400946e-07, 5.03175385802e-07, 3.56391637979e-07, 2.28858453966e-07, 1.90907911701e-07, 1.80209497103e-07, 1.39385903708e-07], "min": [5.57940413449e-24, 3.66420329006e-24, 2.97160550338e-24, 2.45582023898e-24, 7.4330529235e-24, 5.77082123314e-24, 1.6074571334e-24, 4.96571294872e-24, 9.29206044464e-24, 9.79763745449e-24, 3.31485505489e-24, 3.66102220846e-24, 5.05738608008e-24, 8.31819903537e-24, 4.48371144145e-24, 4.72327272114e-24, 5.8154581386e-24, 5.96096550472e-24, 6.26246064852e-24, 2.13080047413e-24, 6.71976962616e-24, 6.62466061112e-24, 1.02095466982e-23, 8.92581599217e-24, 8.14414792068e-24, 8.42753042366e-24, 9.08715697995e-24, 7.7545697515e-24, 5.84016920646e-24, 4.1849938769e-24, 7.28241993365e-24, 6.5604351061e-24, 6.65104721954e-24, 7.61123766933e-24, 8.18285653644e-24, 6.84089290727e-24, 7.43312707642e-24, 8.31675620877e-24, 7.49700903253e-24, 8.93775224653e-24], "var": [3.30657690029e-06, 1.41713971971e-05, 5.63198864256e-06, 2.77888875644e-06, 1.31559954752e-06, 6.62953709707e-07, 5.10282688992e-07, 2.0486876906e-07, 1.71721239894e-07, 2.10072940376e-07, 3.21449476814e-07, 6.02685119588e-08, 1.65775659866e-07, 3.76215965048e-08, 1.44123131207e-08, 2.35371437896e-08, 3.08235996727e-08, 7.20127202314e-09, 3.00456592939e-09, 1.12519948914e-09, 6.38102959361e-10, 3.57790241878e-10, 3.26234428361e-10, 3.3172822822e-10, 1.65259972373e-10, 1.16027243369e-10, 1.033648514e-10, 8.20707321547e-11, 6.41830616432e-11, 6.08446001915e-11, 3.89405764578e-11, 3.84837231526e-11, 2.32022942526e-11, 9.7562886589e-12, 8.75920343202e-12, 6.35529476267e-12, 1.91943704854e-12, 1.71149509495e-12, 2.01704234912e-12, 3.14825487728e-12]}, "mfcc": {"mean": [-654.76940918, 138.503295898, 18.8381824493, 27.248128891, 5.22287797928, 14.2719459534, 2.9737610817, 3.87541294098, -1.72987806797, -1.10191273689, -0.0223659686744, -4.01102256775, -2.31226038933], "cov": [[12602.3652344, 195.989746094, -1662.42614746, -676.485961914, -494.695800781, 50.8557090759, -134.01940918, 230.938110352, 331.443756104, 261.778533936, 357.016571045, 111.557579041, 164.770050049], [195.989746094, 1149.49145508, -137.562530518, -128.711639404, -19.8723430634, -44.1044502258, -46.8593826294, 3.633487463, -25.0801906586, -23.4551639557, 13.1309833527, -12.1326398849, 14.3302955627], [-1662.42614746, -137.562530518, 738.660522461, 251.012557983, 79.1274108887, 29.8993301392, 49.8633651733, -50.4265670776, -57.4970817566, -58.7137374878, -94.3547058105, -27.2016277313, -42.0585517883], [-676.485961914, -128.711639404, 251.012557983, 394.12878418, 119.326568604, 25.7572212219, 43.4544029236, 12.9761581421, -32.7882766724, -7.06043720245, -46.3404998779, -11.5527582169, -14.2636470795], [-494.695800781, -19.8723430634, 79.1274108887, 119.326568604, 216.178909302, 50.6871566772, 19.0049953461, -13.7750558853, -17.375246048, -8.07107925415, -17.9573574066, 15.6136207581, -5.03718423843], [50.8557090759, -44.1044502258, 29.8993301392, 25.7572212219, 50.6871566772, 154.015518188, 50.5088577271, 9.17735767365, 2.87655925751, 1.87533783913, 6.29786682129, 13.5530719757, 5.09397745132], [-134.01940918, -46.8593826294, 49.8633651733, 43.4544029236, 19.0049953461, 50.5088577271, 149.101760864, 44.7060699463, -0.0105220619589, 10.376203537, -10.8452711105, 6.24896860123, -1.85787045956], [230.938110352, 3.633487463, -50.4265670776, 12.9761581421, -13.7750558853, 9.17735767365, 44.7060699463, 117.327384949, 38.14503479, 11.3915805817, 2.8456902504, 0.37384596467, 2.44791603088], [331.443756104, -25.0801906586, -57.4970817566, -32.7882766724, -17.375246048, 2.87655925751, -0.0105220619589, 38.14503479, 109.281013489, 39.3873329163, 13.6045541763, -2.890365839, 1.79495096207], [261.778533936, -23.4551639557, -58.7137374878, -7.06043720245, -8.07107925415, 1.87533783913, 10.376203537, 11.3915805817, 39.3873329163, 94.5870132446, 36.7850379944, 4.11810112, -3.97178125381], [357.016571045, 13.1309833527, -94.3547058105, -46.3404998779, -17.9573574066, 6.29786682129, -10.8452711105, 2.8456902504, 13.6045541763, 36.7850379944, 99.9968338013, 20.7693557739, 2.54572343826], [111.557579041, -12.1326398849, -27.2016277313, -11.5527582169, 15.6136207581, 13.5530719757, 6.24896860123, 0.37384596467, -2.890365839, 4.11810112, 20.7693557739, 92.4638748169, 33.5591316223], [164.770050049, 14.3302955627, -42.0585517883, -14.2636470795, -5.03718423843, 5.09397745132, -1.85787045956, 2.44791603088, 1.79495096207, -3.97178125381, 2.54572343826, 33.5591316223, 75.3319396973]], "icov": [[0.000132912333356, 1.40828535677e-06, 0.000231447076658, -2.22501985263e-05, 0.000230381279835, -0.000170846804394, 0.00010080022912, -8.93088799785e-05, -0.000168239130289, -8.26050527394e-05, -0.000135233916808, -4.7015320888e-05, -0.000108461063064], [1.40828535677e-06, 0.000945595034864, 8.15839230199e-05, 0.000317336933222, -0.000190702601685, 0.000195902903215, 0.000187670477317, -0.00027316075284, 0.000377493328415, 0.000151130079757, -8.30443314044e-05, 0.000278668157989, -0.000212180690141], [0.000231447076658, 8.15839230199e-05, 0.00254081026651, -0.001223350293, 0.000611388531979, -0.000503739633132, -0.000452484062407, 0.00106249283999, -0.000353454961441, 0.000701644108631, 0.000867904920597, -0.000205361749977, 0.000802002323326], [-2.22501985263e-05, 0.000317336933222, -0.001223350293, 0.00418140832335, -0.00199242518283, 0.000317472207826, -3.67075990653e-05, -0.00152461091056, 0.00131005025469, -0.00111662817653, 0.000594214419834, 0.000632294977549, -0.000400885968702], [0.000230381279835, -0.000190702601685, 0.000611388531979, -0.00199242518283, 0.00671347230673, -0.00215077144094, 0.000204061463592, 0.0010121188825, -0.000398928270442, 7.94652078184e-05, 0.000533865415491, -0.00162890192587, 0.00078425440006], [-0.000170846804394, 0.000195902903215, -0.000503739633132, 0.000317472207826, -0.00215077144094, 0.00833223201334, -0.00280297361314, 0.00034219698864, -0.000411260261899, 0.000751273299102, -0.0011452215258, -0.000147745900904, -0.000518275483046], [0.00010080022912, 0.000187670477317, -0.000452484062407, -3.67075990653e-05, 0.000204061463592, -0.00280297361314, 0.00943327974528, -0.00409615086392, 0.00160706008319, -0.00208781287074, 0.00120789976791, -0.000665621948428, 0.000160518509801], [-8.93088799785e-05, -0.00027316075284, 0.00106249283999, -0.00152461091056, 0.0010121188825, 0.00034219698864, -0.00409615086392, 0.0122559564188, -0.00441616447642, 0.00162104831543, 4.4130567403e-05, -0.000147752900375, 0.00035210934584], [-0.000168239130289, 0.000377493328415, -0.000353454961441, 0.00131005025469, -0.000398928270442, -0.000411260261899, 0.00160706008319, -0.00441616447642, 0.0132243447006, -0.0051936795935, 0.00100493163336, 0.000955926487222, -0.000517582520843], [-8.26050527394e-05, 0.000151130079757, 0.000701644108631, -0.00111662817653, 7.94652078184e-05, 0.000751273299102, -0.00208781287074, 0.00162104831543, -0.0051936795935, 0.0153169883415, -0.00484092533588, -2.79280193354e-05, 0.00128993496764], [-0.000135233916808, -8.30443314044e-05, 0.000867904920597, 0.000594214419834, 0.000533865415491, -0.0011452215258, 0.00120789976791, 4.4130567403e-05, 0.00100493163336, -0.00484092533588, 0.0141208488494, -0.00304625486024, 0.00165084074251], [-4.7015320888e-05, 0.000278668157989, -0.000205361749977, 0.000632294977549, -0.00162890192587, -0.000147745900904, -0.000665621948428, -0.000147752900375, 0.000955926487222, -2.79280193354e-05, -0.00304625486024, 0.0142860710621, -0.00634116772562], [-0.000108461063064, -0.000212180690141, 0.000802002323326, -0.000400885968702, 0.00078425440006, -0.000518275483046, 0.000160518509801, 0.00035210934584, -0.000517582520843, 0.00128993496764, 0.00165084074251, -0.00634116772562, 0.0168534796685]]}, "spectral_contrast_coeffs": {"dmean": [0.0487402155995, 0.0464198477566, 0.0379243679345, 0.0290879067034, 0.022395497188, 0.0194619800895], "dmean2": [0.0802071616054, 0.0760524123907, 0.0609937012196, 0.0468015000224, 0.0357865132391, 0.0300680175424], "dvar": [0.00161552696954, 0.0014009407023, 0.000945808540564, 0.000559676904231, 0.000372137408704, 0.000309181545163], "dvar2": [0.0042882822454, 0.0037536486052, 0.00236014137045, 0.00139381142799, 0.000877151382156, 0.000708502484486], "max": [-0.278017759323, -0.434414863586, -0.411770254374, -0.555252313614, -0.619391560555, -0.59364926815], "mean": [-0.636527895927, -0.718580007553, -0.758154332638, -0.787457823753, -0.803193926811, -0.764473676682], "median": [-0.638175606728, -0.721481144428, -0.760673284531, -0.792172551155, -0.804378986359, -0.763089776039], "min": [-0.96305924654, -0.972982525826, -0.980772256851, -0.963789105415, -0.96654766798, -0.959944784641], "var": [0.00566864293069, 0.0052856374532, 0.00504963612184, 0.00323558528908, 0.00174992461689, 0.00174953299575]}, "spectral_contrast_valleys": {"dmean": [0.38436293602, 0.349180430174, 0.325019568205, 0.309048473835, 0.322261124849, 0.359177678823], "dmean2": [0.630698621273, 0.573325514793, 0.516689121723, 0.460594296455, 0.440369904041, 0.441873461008], "dvar": [0.130375877023, 0.0951810926199, 0.0874751657248, 0.089150711894, 0.107165813446, 0.130013898015], "dvar2": [0.302116781473, 0.236688047647, 0.2050909549, 0.189681351185, 0.204494819045, 0.218191221356], "max": [-5.10426330566, -4.74528169632, -5.14282