{"lowlevel": {"average_loudness": 0.826888442039, "barkbands_crest": {"dmean": 2.41419744492, "dmean2": 3.90946674347, "dvar": 5.05915689468, "dvar2": 13.5031261444, "max": 25.5771789551, "mean": 12.3537111282, "median": 11.6946678162, "min": 2.97079825401, "var": 22.2303638458}, "barkbands_flatness_db": {"dmean": 0.0244475677609, "dmean2": 0.0378434434533, "dvar": 0.000680564087816, "dvar2": 0.00156897166744, "max": 0.555043280125, "mean": 0.206243664026, "median": 0.185627192259, "min": 0.0303905848414, "var": 0.00956389214844}, "barkbands_kurtosis": {"dmean": 8.63335609436, "dmean2": 14.0855636597, "dvar": 640.786743164, "dvar2": 1876.92810059, "max": 807.652099609, "mean": 18.9747753143, "median": 9.21728420258, "min": -1.68737304211, "var": 1225.0135498}, "barkbands_skewness": {"dmean": 0.683152854443, "dmean2": 1.07374083996, "dvar": 0.690394937992, "dvar2": 1.86717569828, "max": 19.3932704926, "mean": 2.85162782669, "median": 2.75688028336, "min": -4.53534269333, "var": 4.02128267288}, "barkbands_spread": {"dmean": 4.01108646393, "dmean2": 6.15260124207, "dvar": 27.7684173584, "dvar2": 64.6699829102, "max": 69.2899398804, "mean": 15.7322225571, "median": 11.2200679779, "min": 0.164546087384, "var": 197.10005188}, "dissonance": {"dmean": 0.0148245152086, "dmean2": 0.02452054061, "dvar": 0.000266488874331, "dvar2": 0.000682060257532, "max": 0.499999970198, "mean": 0.458021312952, "median": 0.466397792101, "min": 0.27403229475, "var": 0.00120132579468}, "dynamic_complexity": 9.31069660187, "erbbands_crest": {"dmean": 2.04339885712, "dmean2": 3.33842086792, "dvar": 3.86359524727, "dvar2": 10.3232536316, "max": 24.4369258881, "mean": 8.88979244232, "median": 8.11371040344, "min": 2.64248800278, "var": 12.864777565}, "erbbands_flatness_db": {"dmean": 0.0165999494493, "dmean2": 0.0250840857625, "dvar": 0.000383326841984, "dvar2": 0.000890358060133, "max": 0.335807591677, "mean": 0.172779381275, "median": 0.161996692419, "min": 0.0412526242435, "var": 0.00233056838624}, "erbbands_kurtosis": {"dmean": 1.18504238129, "dmean2": 1.93804323673, "dvar": 9.32245349884, "dvar2": 25.9086666107, "max": 70.3134460449, "mean": 1.5026870966, "median": -0.573932647705, "min": -1.71267592907, "var": 35.4147109985}, "erbbands_skewness": {"dmean": 0.341881006956, "dmean2": 0.526010334492, "dvar": 0.133379340172, "dvar2": 0.325723618269, "max": 6.83133506775, "mean": 0.774627029896, "median": 0.590550661087, "min": -1.72635281086, "var": 1.40130698681}, "erbbands_spread": {"dmean": 7.66518878937, "dmean2": 12.0576953888, "dvar": 96.1498031616, "dvar2": 228.901412964, "max": 122.229232788, "mean": 47.6229057312, "median": 49.2780456543, "min": 4.42360401154, "var": 453.313690186}, "hfc": {"dmean": 3.38347148895, "dmean2": 5.03275346756, "dvar": 39.0873413086, "dvar2": 89.1095581055, "max": 84.3245162964, "mean": 12.0012159348, "median": 9.96213912964, "min": 1.09103097858e-16, "var": 140.594360352}, "melbands_crest": {"dmean": 2.968947649, "dmean2": 4.79965257645, "dvar": 7.60475826263, "dvar2": 20.5211677551, "max": 35.511680603, "mean": 17.6931228638, "median": 17.6058654785, "min": 1.00299417973, "var": 33.2775917053}, "melbands_flatness_db": {"dmean": 0.0278934985399, "dmean2": 0.0426568537951, "dvar": 0.000922887877095, "dvar2": 0.00202034343965, "max": 0.678747713566, "mean": 0.274886727333, "median": 0.256574064493, "min": 7.33436138489e-08, "var": 0.0157433450222}, "melbands_kurtosis": {"dmean": 14.5660381317, "dmean2": 23.3215179443, "dvar": 625.446350098, "dvar2": 1757.37683105, "max": 406.167358398, "mean": 39.6639060974, "median": 27.026260376, "min": -1.37442350388, "var": 1831.03552246}, "melbands_skewness": {"dmean": 0.848493278027, "dmean2": 1.32575500011, "dvar": 0.928889334202, "dvar2": 2.35719513893, "max": 13.3167285919, "mean": 4.29366922379, "median": 4.23873281479, "min": -0.643078505993, "var": 5.28248310089}, "melbands_spread": {"dmean": 4.61615991592, "dmean2": 7.11432695389, "dvar": 65.1596069336, "dvar2": 151.893615723, "max": 147.828567505, "mean": 14.9215841293, "median": 7.72890853882, "min": 0.202447772026, "var": 338.171600342}, "pitch_salience": {"dmean": 0.0700237154961, "dmean2": 0.113944657147, "dvar": 0.00450816890225, "dvar2": 0.0123066240922, "max": 0.996050238609, "mean": 0.463498771191, "median": 0.45568805933, "min": 0.118129760027, "var": 0.0193431023508}, "silence_rate_20dB": {"dmean": 0, "dmean2": 0, "dvar": 0, "dvar2": 0, "max": 1, "mean": 1, "median": 1, "min": 1, "var": 0}, "silence_rate_30dB": {"dmean": 0.0199292823672, "dmean2": 0.0398713834584, "dvar": 0.0195316988975, "dvar2": 0.0453534536064, "max": 1, "mean": 0.972686350346, "median": 1, "min": 0, "var": 0.0265689548105}, "silence_rate_60dB": {"dmean": 0.00707168132067, "dmean2": 0.0141479102895, "dvar": 0.00702127208933, "dvar2": 0.0171614699066, "max": 1, "mean": 0.227185085416, "median": 0, "min": 0, "var": 0.175571113825}, "spectral_centroid": {"dmean": 204.182632446, "dmean2": 305.147125244, "dvar": 86131.2109375, "dvar2": 170158.75, "max": 11370.0439453, "mean": 1041.52246094, "median": 791.616577148, "min": 103.842971802, "var": 721587.3125}, "spectral_complexity": {"dmean": 1.9762134552, "dmean2": 3.14533758163, "dvar": 8.99224185944, "dvar2": 19.584280014, "max": 42, "mean": 11.6568126678, "median": 11, "min": 0, "var": 78.8391799927}, "spectral_decrease": {"dmean": 2.61781218924e-09, "dmean2": 4.25659418823e-09, "dvar": 1.9341431559e-17, "dvar2": 4.86738582676e-17, "max": 6.18362935319e-15, "mean": -8.75393357802e-09, "median": -7.07093494867e-09, "min": -6.30840233384e-08, "var": 7.17194509318e-17}, "spectral_energy": {"dmean": 0.010104348883, "dmean2": 0.0164015647024, "dvar": 0.00028617575299, "dvar2": 0.000719105999451, "max": 0.240002408624, "mean": 0.0341279022396, "median": 0.0279907155782, "min": 1.020780377e-20, "var": 0.00106851570308}, "spectral_energyband_high": {"dmean": 0.000251765100984, "dmean2": 0.000379474920919, "dvar": 4.04079003147e-07, "dvar2": 9.58165060183e-07, "max": 0.0117963952944, "mean": 0.000484674295876, "median": 0.000153722896357, "min": 7.54556335814e-21, "var": 7.49648961573e-07}, "spectral_energyband_low": {"dmean": 0.00802249554545, "dmean2": 0.0127297826111, "dvar": 0.000212064056541, "dvar2": 0.000540067034308, "max": 0.237233057618, "mean": 0.0210834611207, "median": 0.011192759499, "min": 4.57657496392e-23, "var": 0.000698663119692}, "spectral_energyband_middle_high": {"dmean": 0.000533360114787, "dmean2": 0.000737457943615, "dvar": 1.00853571894e-06, "dvar2": 1.88457363492e-06, "max": 0.0178017411381, "mean": 0.00181994074956, "median": 0.00093629816547, "min": 1.38896408181e-21, "var": 4.93418792757e-06}, "spectral_energyband_middle_low": {"dmean": 0.00474647572264, "dmean2": 0.00796694308519, "dvar": 7.60699404054e-05, "dvar2": 0.000203088129638, "max": 0.17317469418, "mean": 0.0159317795187, "median": 0.0139004373923, "min": 2.24379203504e-22, "var": 0.000236597363255}, "spectral_entropy": {"dmean": 0.192150443792, "dmean2": 0.303911685944, "dvar": 0.0622945614159, "dvar2": 0.150327771902, "max": 9.8121137619, "mean": 6.95150136948, "median": 7.03087472916, "min": 4.98666238785, "var": 0.514261543751}, "spectral_flux": {"dmean": 0.0223418492824, "dmean2": 0.0360352620482, "dvar": 0.000989999272861, "dvar2": 0.00241608242504, "max": 0.342666149139, "mean": 0.0555514395237, "median": 0.0469050034881, "min": 6.54535037281e-11, "var": 0.00239803176373}, "spectral_kurtosis": {"dmean": 3.11730623245, "dmean2": 5.5167222023, "dvar": 33.1125144958, "dvar2": 100.584205627, "max": 86.7783966064, "mean": 7.67380666733, "median": 4.21188879013, "min": -1.23034620285, "var": 109.759841919}, "spectral_rms": {"dmean": 0.000745734141674, "dmean2": 0.00120095699094, "dvar": 1.04304695014e-06, "dvar2": 2.61069931184e-06, "max": 0.0153019176796, "mean": 0.00484131183475, "median": 0.00522570684552, "min": 3.15576189312e-12, "var": 9.85725364444e-06}, "spectral_rolloff": {"dmean": 327.712554932, "dmean2": 552.864807129, "dvar": 792127.25, "dvar2": 2024689.625, "max": 19315.2832031, "mean": 1715.04418945, "median": 366.064453125, "min": 43.06640625, "var": 14524288}, "spectral_skewness": {"dmean": 0.303159803152, "dmean2": 0.516490340233, "dvar": 0.174804568291, "dvar2": 0.482242971659, "max": 7.72312307358, "mean": 1.80089092255, "median": 1.47159528732, "min": -0.0142599893734, "var": 1.03765130043}, "spectral_spread": {"dmean": 453086.4375, "dmean2": 720028.3125, "dvar": 599329013760, "dvar2": 1288833597440.0, "max": 40584464, "mean": 4138806, "median": 3988796, "min": 958803.0625, "var": 3719847477250.0}, "spectral_strongpeak": {"dmean": 0.182532936335, "dmean2": 0.30394551158, "dvar": 0.0912384837866, "dvar2": 0.218936279416, "max": 6.37950229645, "mean": 0.592633128166, "median": 0.535783648491, "min": 0, "var": 0.251173466444}, "zerocrossingrate": {"dmean": 0.00804322119802, "dmean2": 0.00998527277261, "dvar": 0.000177786248969, "dvar2": 0.000195894856006, "max": 0.74951171875, "mean": 0.0641793310642, "median": 0.0341796875, "min": 0.00146484375, "var": 0.0119259562343}, "barkbands": {"dmean": [6.56684715068e-05, 0.00145843136124, 0.00589216547087, 0.00249474565499, 0.00283696153201, 0.000652256829198, 0.000426306680311, 5.21977272001e-05, 6.15022072452e-05, 3.46283595718e-05, 5.0930713769e-05, 9.74739232333e-05, 6.65514380671e-05, 3.96225659642e-05, 7.23980629118e-05, 9.52663758653e-05, 0.000116724921099, 0.000123144913232, 8.95901684999e-05, 0.000112169225758, 9.51072288444e-05, 5.46226619917e-05, 2.47212610702e-05, 1.91375784198e-05, 1.73927292053e-05, 5.42283260074e-06, 5.40195799204e-07], "dmean2": [0.000110539265734, 0.0023975528311, 0.00928979832679, 0.00409394642338, 0.00482425140217, 0.00109925970901, 0.000662491307594, 7.25065692677e-05, 8.83083121153e-05, 5.11252655997e-05, 6.92117610015e-05, 0.000145201658597, 0.000100551980722, 5.94224584347e-05, 0.00011270151299, 0.000138846167829, 0.000171861596755, 0.000179533963092, 0.00013581373787, 0.000171309424331, 0.000142824297654, 8.64575340529e-05, 3.76300085918e-05, 3.0607021472e-05, 2.8635322451e-05, 9.10912058316e-06, 9.23165202948e-07], "dvar": [2.32530339872e-07, 3.217392441e-05, 0.000126566883409, 2.16244770854e-05, 4.41333613708e-05, 1.33326091145e-06, 7.66017251408e-07, 1.47967114117e-08, 3.1025351177e-08, 8.53164205949e-09, 2.5256571945e-08, 5.46165743742e-08, 3.09116749975e-08, 1.30563702072e-08, 2.99012832272e-08, 4.9367351096e-08, 5.70732368033e-08, 8.00482595764e-08, 4.92316694078e-08, 7.62158762768e-08, 1.34258371531e-07, 2.40246631478e-08, 4.20902468434e-09, 2.86003953853e-09, 2.1673680628e-09, 2.71833111576e-10, 3.37813869759e-12], "dvar2": [5.97079690579e-07, 9.22669423744e-05, 0.000316317105899, 6.07356196269e-05, 0.000113574533316, 3.78208687835e-06, 1.95768166122e-06, 2.58749199844e-08, 6.41260342604e-08, 1.82087909195e-08, 4.67546890093e-08, 1.1147374579e-07, 6.31006642493e-08, 2.67106301521e-08, 6.2137424095e-08, 9.27779097992e-08, 1.15444649396e-07, 1.53357262889e-07, 1.1160660307e-07, 1.69682891737e-07, 3.1117477306e-07, 5.89859929789e-08, 1.00854249396e-08, 7.58371232479e-09, 5.77152281522e-09, 7.35586536127e-10, 9.34877609354e-12], "max": [0.0139296175912, 0.192246109247, 0.155271872878, 0.0816179588437, 0.160255432129, 0.0168785192072, 0.0138604529202, 0.00316244247369, 0.00591058470309, 0.00237273029052, 0.00423407601193, 0.00461209239438, 0.00475650420412, 0.00261188601144, 0.00377203174867, 0.00542263593525, 0.0045298426412, 0.00451939925551, 0.00346577377059, 0.00372021482326, 0.0107524963096, 0.00281540607102, 0.000894176890142, 0.000726669153664, 0.000555689563043, 0.000241727189859, 2.96298458125e-05], "mean": [7.61209157645e-05, 0.002314243, 0.0135136917233, 0.00707996403798, 0.00565427122638, 0.00158869626466, 0.00126249634195, 0.000155509522301, 0.000177610825631, 8.99818405742e-05, 0.000127352279378, 0.000231630721828, 0.000150623556692, 8.72687451192e-05, 0.000145952624734, 0.000217992594116, 0.000263427908067, 0.000250865297858, 0.000165742167155, 0.00021913080127, 0.000171487772604, 9.88151223282e-05, 3.56132259185e-05, 2.45359824476e-05, 1.93270043383e-05, 5.06737114847e-06, 4.5852243602e-07], "median": [1.04868126982e-06, 0.000446463003755, 0.00526722054929, 0.00313906464726, 0.00271580019034, 0.000924849067815, 0.000621133309323, 4.96518041473e-05, 7.21804535715e-05, 3.36666307703e-05, 2.990818939e-05, 6.05495079071e-05, 4.4054188038e-05, 2.96827565762e-05, 5.35527906322e-05, 6.52406743029e-05, 6.79730001139e-05, 7.12529872544e-05, 4.8228619562e-05, 6.12200092291e-05, 4.41822703579e-05, 2.57709834841e-05, 7.77378954808e-06, 4.54870951216e-06, 3.07014124701e-06, 3.82542907573e-07, 3.24652518202e-08], "min": [3.84736140946e-24, 1.59718711105e-23, 7.83284841912e-24, 2.36084880129e-23, 1.80018153235e-23, 8.78388966013e-24, 1.23602686712e-23, 2.07405794588e-23, 1.07417548633e-22, 1.9948716149e-23, 5.36382753953e-23, 9.55378461369e-23, 8.13275582258e-23, 1.08710081449e-22, 6.20579203653e-23, 9.75037947978e-23, 1.44786419828e-22, 1.52751756647e-22, 1.46435744965e-22, 2.8994437421e-22, 3.80314386246e-22, 3.77804218224e-22, 5.82611315663e-22, 6.85571673964e-22, 1.18879788463e-21, 1.56651902633e-21, 1.88840668838e-21], "var": [3.40803410381e-07, 5.47826348338e-05, 0.00038485051482, 9.73524947767e-05, 7.58295063861e-05, 4.04970342061e-06, 3.02853914036e-06, 6.79529108538e-08, 9.95313840235e-08, 2.75067861821e-08, 1.04259328282e-07, 1.94250660002e-07, 1.03229758963e-07, 3.32528280467e-08, 9.97623601506e-08, 1.67673732676e-07, 1.91259843518e-07, 2.29258375839e-07, 1.00884250287e-07, 1.8654743883e-07, 1.91089085888e-07, 4.29176836292e-08, 5.52215606575e-09, 3.06250091953e-09, 2.02981187414e-09, 2.21887688778e-10, 2.4967393604e-12]}, "erbbands": {"dmean": [0.0229922235012, 0.473778784275, 5.14624834061, 8.30472946167, 9.01120662689, 9.71871376038, 5.40687465668, 5.33214855194, 6.64522886276, 2.98976230621, 1.00633442402, 1.20462179184, 1.40657258034, 1.66654646397, 1.93797004223, 3.21829462051, 3.35593342781, 1.91404533386, 2.06660056114, 3.9211192131, 5.33398389816, 7.58496046066, 6.87926578522, 4.62640810013, 4.73076581955, 5.56365346909, 5.50761365891, 2.51167035103, 2.04558825493, 1.17543315887, 0.653089761734, 0.500774383545, 0.278462797403, 0.183976620436, 0.127250224352, 0.0367713049054, 0.00783293321729, 0.00137573806569, 9.65912840911e-05, 1.2701308151e-05], "dmean2": [0.0390654206276, 0.770412266254, 8.10300922394, 13.0980787277, 15.5720663071, 16.3184967041, 8.5790643692, 9.19345569611, 10.7514610291, 4.42175006866, 1.35211479664, 1.72935020924, 2.08523344994, 2.31286239624, 2.74317860603, 4.85444402695, 4.99337530136, 2.79791855812, 3.20657205582, 5.92049264908, 7.77381849289, 11.0881557465, 10.1132249832, 7.01132917404, 6.92678356171, 8.42634487152, 8.29259586334, 3.78504037857, 3.21813297272, 1.82433760166, 0.998327434063, 0.765838682652, 0.459493935108, 0.3005194664, 0.214565515518, 0.0620449259877, 0.0132490424439, 0.00234146113507, 0.000163659613463, 2.04336083698e-05], "dvar": [0.0204620901495, 2.50137639046, 108.313804626, 174.368148804, 539.157043457, 419.376037598, 80.8653640747, 109.517913818, 205.841812134, 52.3539505005, 4.88862371445, 7.67657089233, 17.5239715576, 25.5266437531, 18.6929111481, 53.4455871582, 76.5555343628, 36.676776886, 19.700838089, 68.6205596924, 129.066894531, 254.661026001, 275.634918213, 197.167251587, 126.320045471, 186.207122803, 495.600524902, 39.3745994568, 32.9393768311, 14.301733017, 2.88792347908, 1.66127455235, 0.749950945377, 0.24455717206, 0.138829708099, 0.0127844335511, 0.000607738329563, 1.9518789486e-05, 9.4505224979e-08, 4.41857300748e-10], "dvar2": [0.0584681406617, 6.98403644562, 262.956542969, 466.148956299, 1396.3494873, 1149.57006836, 212.808242798, 316.709991455, 563.795471191, 101.362327576, 8.21403121948, 16.6105937958, 37.977848053, 49.730846405, 34.469745636, 116.18196106, 153.078887939, 72.3146286011, 42.8585700989, 141.533981323, 241.8775177, 509.664703369, 521.745361328, 468.34854126, 254.318054199, 396.319091797, 1152.1895752, 93.4452896118, 81.4125671387, 35.4696273804, 6.99773788452, 4.12421035767, 2.06239128113, 0.636349856853, 0.379439502954, 0.0349311232567, 0.00167995516676, 5.33156999154e-05, 2.60298634203e-07, 1.12035225541e-09], "max": [3.83440256119, 53.138004303, 152.035140991, 189.41986084, 501.617858887, 383.939910889, 132.66696167, 140.217224121, 202.355453491, 148.129730225, 59.5904769897, 77.5506286621, 133.336639404, 129.364303589, 92.4074172974, 152.673614502, 235.152755737, 145.694915771, 81.486618042, 163.086730957, 227.618789673, 300.944000244, 278.590667725, 362.584197998, 206.748062134, 200.187988281, 664.834594727, 132.193405151, 110.107551575, 81.9411468506, 19.8245563507, 17.8970890045, 14.0903110504, 8.0480928421, 5.30319404602, 1.68947887421, 0.394941687584, 0.0549086518586, 0.00484608812258, 0.000259412394371], "mean": [0.0356009788811, 0.843033254147, 11.6127939224, 25.060628891, 17.8230457306, 19.9957504272, 13.6338558197, 13.5512342453, 19.4366359711, 9.22286891937, 3.3833770752, 3.52956795692, 4.09969902039, 4.75756072998, 4.94015932083, 7.8833656311, 8.09915542603, 4.57345104218, 4.87071895599, 8.73178386688, 13.4063653946, 17.0465240479, 14.398680687, 9.50595760345, 9.18410110474, 10.562669754, 9.58713340759, 4.8564915657, 3.70887422562, 1.90882623196, 0.952451944351, 0.686118066311, 0.334049493074, 0.215217545629, 0.131773322821, 0.0355181246996, 0.0071081421338, 0.00120950257406, 9.91495471681e-05, 4.0657716454e-05], "median": [0.00592624722049, 0.237171605229, 4.51007795334, 14.4956169128, 9.74885940552, 7.35689353943, 8.98257827759, 7.75066375732, 9.7716293335, 4.68286132812, 1.4661744833, 1.66810441017, 1.98998737335, 1.83614063263, 1.69414579868, 2.82025742531, 2.36209750175, 1.94444441795, 2.29574537277, 3.84996509552, 3.87102150917, 4.6244392395, 4.34082317352, 3.10140180588, 2.79394936562, 2.83706665039, 2.07036352158, 1.70936977863, 1.02499365807, 0.471912771463, 0.205710560083, 0.129150420427, 0.0567393563688, 0.0364652425051, 0.0175640620291, 0.00371144199744, 0.000438429939095, 6.05389795965e-05, 2.65664166363e-05, 3.35671720677e-05], "min": [4.09098595391e-22, 3.91538188134e-21, 8.97720216434e-21, 6.05658801078e-20, 8.30260826359e-20, 7.06753713617e-20, 6.56953821826e-20, 9.75387855374e-20, 5.65145110262e-20, 4.39327203855e-19, 4.65371347333e-19, 1.81403892978e-18, 2.03660738323e-18, 7.83517883919e-19, 2.39314145919e-18, 4.25056435774e-18, 4.44563546646e-18, 5.46288026349e-18, 4.41063331884e-18, 4.94099919373e-18, 8.06199755342e-18, 7.85813061965e-18, 7.11302038593e-18, 7.22101295081e-18, 1.0896353429e-17, 1.24456445184e-17, 1.08084332289e-17, 1.55394133331e-17, 1.33102500906e-17, 1.8530749891e-17, 1.41143085234e-17, 1.22851541087e-17, 1.24021265463e-17, 1.15419803048e-17, 8.92944697255e-18, 5.68782541363e-18, 2.67264971728e-18, 1.07553797256e-18, 2.84774968748e-19, 2.61145943859e-20], "var": [0.0358541198075, 4.18780517578, 329.022888184, 923.638183594, 795.462219238, 1006.59686279, 239.205871582, 318.773132324, 715.737976074, 231.102005005, 24.8791694641, 27.2577171326, 51.7495498657, 116.388015747, 66.8046951294, 188.075775146, 272.507385254, 92.3780899048, 66.4189910889, 222.182098389, 531.459777832, 831.307434082, 769.767944336, 360.286804199, 307.259002686, 451.1875, 682.315979004, 79.2235336304, 59.7281494141, 19.6269340515, 3.84727334976, 2.12447571754, 0.702891945839, 0.257586866617, 0.112599775195, 0.0101306550205, 0.000474662665511, 1.51505882968e-05, 7.3699986558e-08, 1.4631402756e-09]}, "gfcc": {"mean": [-121.204231262, 106.017234802, -105.190322876, 48.4468345642, -47.9583969116, -6.56451797485, -35.0461502075, -11.9686317444, -27.2574100494, -9.31977558136, -11.9179649353, -4.43702220917, -9.90997505188], "cov": [[40707.0898438, 4442.33154297, -1265.69458008, 4276.01074219, -2096.88085938, 598.598693848, -2628.52001953, 967.357177734, -985.747253418, 228.757598877, -1986.30444336, -989.74420166, -512.642211914], [4442.33154297, 3300.203125, 649.576049805, 750.160217285, 278.910369873, -159.27835083, 25.4864082336, -114.600166321, 267.661468506, -105.82598877, -117.869689941, -377.20880127, 59.665309906], [-1265.69458008, 649.576049805, 1079.11950684, 186.735992432, 278.176177979, 110.807136536, 199.872894287, 7.94184303284, 178.524612427, 11.154343605, 42.7592468262, -30.0723609924, -8.71743106842], [4276.01074219, 750.160217285, 186.735992432, 886.42590332, -182.75177002, 158.813308716, -154.41947937, 86.1376571655, 19.3905239105, -7.16558885574, -194.763122559, -150.243545532, -12.4469022751], [-2096.88085938, 278.910369873, 278.176177979, -182.75177002, 414.551879883, -62.2551231384, 235.149993896, -82.0703659058, 135.503707886, -35.2464027405, 110.363769531, -14.6804237366, 41.3886947632], [598.598693848, -159.27835083, 110.807136536, 158.813308716, -62.2551231384, 186.098464966, -11.7882299423, 57.3609809875, -18.2787094116, 14.6658115387, -29.7470149994, 14.7306041718, -21.4823036194], [-2628.52001953, 25.4864082336, 199.872894287, -154.41947937, 235.149993896, -11.7882299423, 343.999847412, -75.3183135986, 146.555221558, -36.4000663757, 152.285598755, 38.4888572693, 52.7933998108], [967.357177734, -114.600166321, 7.94184303284, 86.1376571655, -82.0703659058, 57.3609809875, -75.3183135986, 145.72505188, -31.0882587433, 54.5423355103, -71.0683746338, 0.201652988791, -29.9282608032], [-985.747253418, 267.661468506, 178.524612427, 19.3905239105, 135.503707886, -18.2787094116, 146.555221558, -31.0882587433, 181.569595337, -13.5147571564, 61.9612617493, -24.5121765137, 34.5599517822], [228.757598877, -105.82598877, 11.154343605, -7.16558885574, -35.2464027405, 14.6658115387, -36.4000663757, 54.5423355103, -13.5147571564, 107.691375732, 2.78879380226, 36.1421394348, -22.024936676], [-1986.30444336, -117.869689941, 42.7592468262, -194.763122559, 110.363769531, -29.7470149994, 152.285598755, -71.0683746338, 61.9612617493, 2.78879380226, 178.442947388, 64.8370895386, 31.7670345306], [-989.74420166, -377.20880127, -30.0723609924, -150.243545532, -14.6804237366, 14.7306041718, 38.4888572693, 0.201652988791, -24.5121765137, 36.1421394348, 64.8370895386, 128.566955566, 11.9394340515], [-512.642211914, 59.665309906, -8.71743106842, -12.4469022751, 41.3886947632, -21.4823036194, 52.7933998108, -29.9282608032, 34.5599517822, -22.024936676, 31.7670345306, 11.9394340515, 89.3712768555]], "icov": [[0.000326999637764, -0.000489616882987, 0.000587511342019, -0.000829703116324, -6.63455211907e-05, -0.000553741527256, 0.000903592270333, -0.000550296565052, 0.000637596764136, -0.000357148936018, 0.00100676517468, -0.000313406606438, 0.000673336675391], [-0.000489616882987, 0.00149501021951, -0.00123213883489, 0.000639087869786, -0.000155119007104, 0.00182975584175, -0.00113367964514, 0.00127462204546, -0.00122591957916, 0.000370288325939, -0.0015776649816, 0.00176795362495, -0.0013396552531], [0.000587511342019, -0.00123213883489, 0.00277006044053, -0.00165104877669, -0.00116014527157, -0.00230783433653, 0.00136757886503, -0.00127708143555, 0.000436924106907, -0.000874730409123, 0.00194912648294, -0.00149817205966, 0.002102679573], [-0.000829703116324, 0.000639087869786, -0.00165104877669, 0.00510851107538, 0.00156175578013, -0.00117236725055, -0.00222633872181, 0.00154766649939, -0.00241047167219, 0.000466312048957, -0.000975040253252, 0.00220060464926, -0.00270750024356], [-6.63455211907e-05, -0.000155119007104, -0.00116014527157, 0.00156175578013, 0.00581084331498, 0.000637680117507, -0.00269718561321, 0.000817674037535, -0.000660618243273, -0.000250095472438, -6.90875167493e-05, 0.00204709661193, -0.000898430123925], [-0.000553741527256, 0.00182975584175, -0.00230783433653, -0.00117236725055, 0.000637680117507, 0.011052726768, -0.002634834731, -0.0012189920526, 0.00010932564328, 0.00181974901352, -0.00235715252347, -0.000512473343406, 3.59158075298e-05], [0.000903592270333, -0.00113367964514, 0.00136757886503, -0.00222633872181, -0.00269718561321, -0.002634834731, 0.011064001359, -0.00165360851679, -0.00211198511533, 0.0015422378201, -0.000926752458327, -0.00244248192757, 0.0011420478113], [-0.000550296565052, 0.00127462204546, -0.00127708143555, 0.00154766649939, 0.000817674037535, -0.0012189920526, -0.00165360851679, 0.01384131331, -0.002052082913, -0.00541045423597, 0.00345079530962, 0.00119281979278, -0.000902040454093], [0.000637596764136, -0.00122591957916, 0.000436924106907, -0.00241047167219, -0.000660618243273, 0.00010932564328, -0.00211198511533, -0.002052082913, 0.0127932373434, -0.00194379931781, -0.000166708487086, 0.00226931273937, -0.000594822573476], [-0.000357148936018, 0.000370288325939, -0.000874730409123, 0.000466312048957, -0.000250095472438, 0.00181974901352, 0.0015422378201, -0.00541045423597, -0.00194379931781, 0.0153787126765, -0.00425065681338, -0.00476776156574, 0.00220363563858], [0.00100676517468, -0.0015776649816, 0.00194912648294, -0.000975040253252, -6.90875167493e-05, -0.00235715252347, -0.000926752458327, 0.00345079530962, -0.000166708487086, -0.00425065681338, 0.017713451758, -0.00493042683229, 0.00143028167076], [-0.000313406606438, 0.00176795362495, -0.00149817205966, 0.00220060464926, 0.00204709661193, -0.000512473343406, -0.00244248192757, 0.00119281979278, 0.00226931273937, -0.00476776156574, -0.00493042683229, 0.0185022987425, -0.00481842970476], [0.000673336675391, -0.0013396552531, 0.002102679573, -0.00270750024356, -0.000898430123925, 3.59158075298e-05, 0.0011420478113, -0.000902040454093, -0.000594822573476, 0.00220363563858, 0.00143028167076, -0.00481842970476, 0.0161304008216]]}, "melbands": {"dmean": [0.000282774941297, 0.0019949208945, 0.00136858283076, 0.000744230404962, 0.000210216428968, 0.000119455551612, 9.59265598794e-05, 2.67648083536e-05, 7.20566822565e-06, 8.75203386386e-06, 7.26102416593e-06, 6.70543886372e-06, 6.16942816123e-06, 1.03647134893e-05, 9.45940155361e-06, 6.53749157209e-06, 3.36647735821e-06, 2.62689104602e-06, 7.19148238204e-06, 5.44323165741e-06, 6.20389619144e-06, 8.58473867993e-06, 6.30222348263e-06, 5.44506519873e-06, 3.85058001484e-06, 3.60299964086e-06, 3.50784853254e-06, 3.99562622988e-06, 4.49455183116e-06, 1.89344791579e-06, 1.32126785957e-06, 1.21970322198e-06, 1.08375468244e-06, 5.2408523743e-07, 3.72004137716e-07, 4.07822511761e-07, 2.83399543832e-07, 2.0128327094e-07, 1.76161393028e-07, 1.55031131044e-07], "dmean2": [0.000473302090541, 0.00315123959444, 0.00220308825374, 0.00127435382456, 0.000338182930136, 0.000204470430617, 0.000153545232024, 3.88223925256e-05, 9.68333733908e-06, 1.25388733068e-05, 1.07131791083e-05, 9.32512466534e-06, 8.43782800075e-06, 1.55370726134e-05, 1.39889061757e-05, 9.76291994448e-06, 5.01644126416e-06, 4.13977568314e-06, 1.1138345144e-05, 8.00857105787e-06, 9.11158258532e-06, 1.25546403069e-05, 9.31131489779e-06, 7.9556430137e-06, 5.97031203142e-06, 5.44751492271e-06, 5.17668786415e-06, 6.26497421763e-06, 6.8178114816e-06, 2.90386583401e-06, 2.01819898393e-06, 1.90995183402e-06, 1.78488255642e-06, 8.20441869109e-07, 5.83209441629e-07, 6.21393326128e-07, 4.48553691967e-07, 3.35546474162e-07, 2.91102224992e-07, 2.55790297388e-07], "dvar": [1.70664543475e-06, 1.62765827554e-05, 4.97781729791e-06, 3.14277372127e-06, 1.01636672412e-07, 4.954045707e-08, 3.94058901065e-08, 4.19031698229e-09, 2.50829024218e-10, 5.1790660649e-10, 4.67705651985e-10, 3.67637698062e-10, 2.36715563817e-10, 7.94808885374e-10, 8.46572367763e-10, 2.49976261912e-10, 1.12948705944e-10, 3.51519577335e-11, 3.4308839103e-10, 3.0472635526e-10, 1.92152779799e-10, 3.81438713948e-10, 1.84205900533e-10, 1.44412634628e-10, 1.61522115127e-10, 8.34799174232e-11, 7.65573576755e-11, 1.01670595554e-10, 3.61720681186e-10, 2.81487454873e-11, 1.01869658542e-11, 1.01862112495e-11, 1.38051133025e-11, 2.70717931579e-12, 1.10090766798e-12, 1.34274286568e-12, 6.36059889654e-13, 4.76138334489e-13, 3.801171346e-13, 1.8249295033e-13], "dvar2": [4.91718265039e-06, 4.00842691306e-05, 1.36912949529e-05, 8.17922682472e-06, 2.68682072146e-07, 1.41744550319e-07, 1.06557692447e-07, 8.00356314556e-09, 4.42736791673e-10, 1.10864051273e-09, 1.00630259681e-09, 7.17613857226e-10, 4.15393747177e-10, 1.6023095073e-09, 1.76450354328e-09, 5.17856535431e-10, 2.26784813151e-10, 8.48401904285e-11, 6.96083135576e-10, 5.80825554319e-10, 3.56809970459e-10, 7.57770735049e-10, 3.55152462994e-10, 2.89227281014e-10, 3.90672244555e-10, 1.86674412039e-10, 1.61342078586e-10, 2.3010139627e-10, 8.45891634516e-10, 6.64335114697e-11, 2.40955831676e-11, 2.47105374357e-11, 3.56915851041e-11, 6.60790519524e-12, 2.68281490773e-12, 3.18411659886e-12, 1.60440551903e-12, 1.322092609e-12, 1.02940757047e-12, 4.69764635178e-13], "max": [0.0358027741313, 0.0593882501125, 0.0289493966848, 0.0424909815192, 0.00395381404087, 0.00295463763177, 0.00317031517625, 0.00129091541748, 0.000385333056329, 0.000721234711818, 0.000671948597301, 0.000475466571515, 0.00044404095388, 0.00065702048596, 0.00079970411025, 0.000293860037345, 0.000251254095929, 0.000161244475748, 0.000409108499298, 0.00053639797261, 0.000294230238069, 0.000422019627877, 0.000219397654291, 0.000181554103619, 0.000337496865541, 0.000181537383469, 0.000174454995431, 0.000168320038938, 0.000570899341255, 0.000102533274912, 5.72910576011e-05, 5.19480963703e-05, 7.18599912943e-05, 3.23537606164e-05, 1.4852734239e-05, 1.87550249393e-05, 1.29081536215e-05, 1.41337050081e-05, 1.32282957566e-05, 7.48510819903e-06], "mean": [0.000442417571321, 0.00443927384913, 0.00400678440928, 0.0014149780618, 0.00053581019165, 0.000311485840939, 0.000282920576865, 8.17737964098e-05, 2.21159189095e-05, 2.49250897468e-05, 2.06163167604e-05, 1.88767662621e-05, 1.59565752256e-05, 2.3003842216e-05, 2.25922431127e-05, 1.43450597534e-05, 7.5683342402e-06, 5.79756306252e-06, 1.41171340147e-05, 1.15724060379e-05, 1.54970093718e-05, 1.81694103958e-05, 1.33361745611e-05, 1.10838318506e-05, 7.33781052986e-06, 6.31950024399e-06, 6.66178038955e-06, 7.0894639066e-06, 7.2899879342e-06, 3.44593263435e-06, 2.48569745054e-06, 2.18972468247e-06, 1.69518227722e-06, 7.86974908351e-07, 5.22570758221e-07, 5.50121512788e-07, 3.67446830296e-07, 2.35889956457e-07, 1.96195969693e-07, 1.76419476361e-07], "median": [7.59549293434e-05, 0.00171877164394, 0.00271480483934, 0.000603853201028, 0.000377959629986, 0.000190869468497, 0.000155191577505, 3.79509147024e-05, 7.1473814387e-06, 1.01303921838e-05, 8.82552467374e-06, 7.10510812496e-06, 5.06327296534e-06, 6.42352551949e-06, 4.64964068669e-06, 4.38183769802e-06, 2.65603830485e-06, 2.65849666903e-06, 4.91656010126e-06, 4.35524452769e-06, 3.94519111069e-06, 4.41380325356e-06, 3.77603782908e-06, 3.32626950694e-06, 2.19350522457e-06, 1.70499538399e-06, 1.88953765701e-06, 1.69686268237e-06, 1.23593440549e-06, 7.95568439571e-07, 7.87854446571e-07, 5.76700131205e-07, 3.18731878224e-07, 1.86285831205e-07, 1.01072089365e-07, 8.75985222137e-08, 6.37722550323e-08, 3.35171357335e-08, 2.99844131746e-08, 2.65319854975e-08], "min": [4.83741182223e-24, 5.09127120583e-24, 1.05109530951e-23, 5.02133710886e-24, 3.07430671298e-24, 1.94257490949e-24, 1.14602961158e-24, 4.99113990784e-24, 3.32564193891e-24, 1.29682327268e-23, 9.69318990405e-24, 2.4560756327e-24, 7.49654439345e-24, 8.77446671662e-24, 1.08874566837e-23, 1.02941575523e-23, 1.04189174822e-23, 7.62684764892e-24, 5.44299706777e-24, 5.38789237253e-24, 1.15966812916e-23, 8.60678802032e-24, 4.7214575522e-24, 6.94129517898e-24, 5.71988606221e-24, 6.32201688585e-24, 9.75144491532e-24, 6.9973295468e-24, 6.67728631097e-24, 5.43502483946e-24, 8.15550515113e-24, 7.16413102977e-24, 7.90165917817e-24, 1.1129764777e-23, 8.80567720947e-24, 7.52381925925e-24, 6.6787023163e-24, 8.0297899107e-24, 1.01272180187e-23, 1.00206176668e-23], "var": [3.03564047499e-06, 4.78078000015e-05, 2.10302205232e-05, 5.30483976036e-06, 3.27924368548e-07, 1.53185425233e-07, 1.40595474818e-07, 1.85511304096e-08, 1.20141208093e-09, 1.70816749634e-09, 1.38705280595e-09, 1.65999081148e-09, 8.81853867707e-10, 2.39709696537e-09, 2.85348766838e-09, 8.13507372577e-10, 2.85213380691e-10, 9.85306627954e-11, 1.13855802564e-09, 8.15276235411e-10, 8.66127114474e-10, 1.16444243137e-09, 5.4894128132e-10, 3.98710231497e-10, 2.63190219618e-10, 1.68320274385e-10, 1.68135852463e-10, 2.30315780336e-10, 4.75050554449e-10, 5.45386340256e-11, 2.05466130221e-11, 1.97867573021e-11, 1.90870305672e-11, 3.48819194015e-12, 1.39084490453e-12, 1.72027398836e-12, 7.63415155744e-13, 4.37338289498e-13, 3.12835206958e-13, 2.0771652085e-13]}, "mfcc": {"mean": [-751.660400391, 121.603500366, 9.7163734436, 47.0366172791, 7.1078915596, 7.82281351089, -0.794200122356, -2.23338127136, -8.18126964569, -12.4908742905, -8.2845249176, -0.716200113297, -0.989506423473], "cov": [[29087.328125, 3593.24462891, -994.414245605, 2438, 201.233505249, -33.0993156433, -945.37512207, -398.554840088, 179.08946228, -215.448348999, -635.299804688, -367.411651611, -532.293334961], [3593.24462891, 2866.93945312, 349.191650391, 773.332397461, 331.489715576, 147.473114014, -73.1475143433, -60.128490448, 84.3619537354, 28.1640834808, -77.1794052124, -85.0382003784, -43.1265029907], [-994.414245605, 349.191650391, 766.997253418, 156.130828857, 208.212799072, 160.193389893, 91.5741958618, 92.2610015869, 74.6539916992, 89.5480957031, 78.2000350952, 33.3526077271, 33.0967292786], [2438, 773.332397461, 156.130828857, 524.327331543, 147.616455078, 108.814804077, -42.0101013184, 6.23811626434, 88.685874939, 49.6047554016, -42.0155639648, -37.4603347778, -44.3255500793], [201.233505249, 331.489715576, 208.212799072, 147.616455078, 196.015686035, 74.9125137329, 30.0824069977, 19.4473934174, 51.751739502, 54.822555542, 3.94103860855, -5.83738851547, 1.32799112797], [-33.0993156433, 147.473114014, 160.193389893, 108.814804077, 74.9125137329, 153.316543579, 52.3298912048, 50.6806755066, 31.8065223694, 23.1318855286, 22.0788173676, -6.13822793961, 11.3603830338], [-945.37512207, -73.1475143433, 91.5741958618, -42.0101013184, 30.0824069977, 52.3298912048, 145.393783569, 46.4396705627, -0.0176101662219, 10.9574632645, 32.1943778992, 20.3894042969, 38.3672409058], [-398.554840088, -60.128490448, 92.2610015869, 6.23811626434, 19.4473934174, 50.6806755066, 46.4396705627, 100.148406982, 28.988111496, 23.2875099182, 19.3111763, 0.825335860252, 13.9884996414], [179.08946228, 84.3619537354, 74.6539916992, 88.685874939, 51.751739502, 31.8065223694, -0.0176101662219, 28.988111496, 135.51713562, 49.9405937195, 4.48388433456, 10.5955152512, -9.18946647644], [-215.448348999, 28.1640834808, 89.5480957031, 49.6047554016, 54.822555542, 23.1318855286, 10.9574632645, 23.2875099182, 49.9405937195, 118.269767761, 16.8905982971, 5.23457860947, -0.130210593343], [-635.299804688, -77.1794052124, 78.2000350952, -42.0155639648, 3.94103860855, 22.0788173676, 32.1943778992, 19.3111763, 4.48388433456, 16.8905982971, 122.640365601, 36.1492729187, 17.8755493164], [-367.411651611, -85.0382003784, 33.3526077271, -37.4603347778, -5.83738851547, -6.13822793961, 20.3894042969, 0.825335860252, 10.5955152512, 5.23457860947, 36.1492729187, 88.9415512085, 35.8110122681], [-532.293334961, -43.1265029907, 33.0967292786, -44.3255500793, 1.32799112797, 11.3603830338, 38.3672409058, 13.9884996414, -9.18946647644, -0.130210593343, 17.8755493164, 35.8110122681, 75.8607330322]], "icov": [[9.39276360441e-05, 2.11121914617e-07, 0.00013013415446, -0.000458611524664, -2.65603939624e-05, 4.18623058067e-05, 0.000299074425129, 2.19837766053e-05, 3.59385630873e-05, 0.000207505479921, 0.000119223615911, -5.76444508624e-05, 0.000177151567186], [2.11121914617e-07, 0.000673179805744, -0.00012558423623, -0.00088908377802, -0.000585610163398, 0.000176663539605, 8.8643944764e-05, 0.000498712237459, 0.000109673557745, 0.000378325901693, -3.14934040944e-05, 0.000406010221923, -0.000403826066758], [0.00013013415446, -0.00012558423623, 0.00250094756484, -0.000541219254956, -0.00176584068686, -0.000936367083341, 0.000308987306198, -0.00106138852425, 0.000160774958204, -0.000156729744049, -0.000646222324576, -0.000818782486022, 0.000202941591851], [-0.000458611524664, -0.00088908377802, -0.000541219254956, 0.00670127384365, -0.00065618683584, -0.00258685066365, -0.000190185222891, -0.000161651187227, -0.00138806470204, -0.00164047582075, 0.000473669293569, -0.000118875483167, 0.000726716476493], [-2.65603939624e-05, -0.000585610163398, -0.00176584068686, -0.00065618683584, 0.0101931961253, -0.00149675621651, -0.00163438683376, 0.0015748537844, -0.00125389720779, -0.00249416520819, 0.000723582284991, 0.000734029163141, -0.000223559443839], [4.18623058067e-05, 0.000176663539605, -0.000936367083341, -0.00258685066365, -0.00149675621651, 0.012047432363, -0.00254261540249, -0.00311409425922, -0.000186795077752, 0.00121661380399, -0.00149536877871, 0.00200700387359, -0.00124217802659], [0.000299074425129, 8.8643944764e-05, 0.000308987306198, -0.000190185222891, -0.00163438683376, -0.00254261540249, 0.0115341860801, -0.00283726281486, 0.000956319679972, 0.000783973780926, -0.00026671559317, -0.000856111524627, -0.00241379882209], [2.19837766053e-05, 0.000498712237459, -0.00106138852425, -0.000161651187227, 0.0015748537844, -0.00311409425922, -0.00283726281486, 0.0152133628726, -0.00269301980734, -0.000982517376542, -0.000352354400093, 0.00242751184851, -0.00151598849334], [3.59385630873e-05, 0.000109673557745, 0.000160774958204, -0.00138806470204, -0.00125389720779, -0.000186795077752, 0.000956319679972, -0.00269301980734, 0.0105617884547, -0.00284159812145, 0.000452749809483, -0.00274513568729, 0.00195989618078], [0.000207505479921, 0.000378325901693, -0.000156729744049, -0.00164047582075, -0.00249416520819, 0.00121661380399, 0.000783973780926, -0.000982517376542, -0.00284159812145, 0.0119176264852, -0.000992982648313, 0.000297940219752, 0.000196644090465], [0.000119223615911, -3.14934040944e-05, -0.000646222324576, 0.000473669293569, 0.000723582284991, -0.00149536877871, -0.00026671559317, -0.000352354400093, 0.000452749809483, -0.000992982648313, 0.0108112012967, -0.00394162768498, 0.0011548147304], [-5.76444508624e-05, 0.000406010221923, -0.000818782486022, -0.000118875483167, 0.000734029163141, 0.00200700387359, -0.000856111524627, 0.00242751184851, -0.00274513568729, 0.000297940219752, -0.00394162768498, 0.0169991999865, -0.0076418616809], [0.000177151567186, -0.000403826066758, 0.000202941591851, 0.000726716476493, -0.000223559443839, -0.00124217802659, -0.00241379882209, -0.00151598849334, 0.00195989618078, 0.000196644090465, 0.0011548147304, -0.0076418616809, 0.0197949316353]]}, "spectral_contrast_coeffs": {"dmean": [0.046081032604, 0.0366261713207, 0.0302487816662, 0.0276911184192, 0.0245158709586, 0.0189965907484], "dmean2": [0.0761856287718, 0.0601175837219, 0.0471988208592, 0.0431354939938, 0.0374790802598, 0.0290183220059], "dvar": [0.00151743926108, 0.00100774399471, 0.000812654674519, 0.000703407917172, 0.000735485460609, 0.000412565830629], "dvar2": [0.00406107725576, 0.00262047047727, 0.00182661041617, 0.00156161887571, 0.00150540331379, 0.000903136678971], "max": [-0.263844668865, -0.455579131842, -0.488241761923, -0.513777077198, -0.506213843822, -0.593660712242], "mean": [-0.553785681725, -0.683756828308, -0.764023005962, -0.758328258991, -0.753559887409, -0.727063119411], "median": [-0.517588376999, -0.667904257774, -0.758084535599, -0.751975595951, -0.743628025055, -0.721971452236], "min": [-0.982064187527, -0.986613750458, -0.9975887537, -0.987832486629, -0.989264667034, -0.961595118046], "var": [0.0193064957857, 0.00800088234246, 0.00533575331792, 0.00583099201322, 0.00766066834331, 0.00425645289943]}, "spectral_contrast_valleys": {"dmean": [0.438178658485, 0.300483316183, 0.298346400261, 0.300897836685, 0.291225463152, 0.386609524488], "dmean2": [0.713423788548, 0.48357078433, 0.478059202433, 0.476208627224, 0.452697873116, 0.57746809721], "dvar": [0.159032002091, 0.0902127549052, 0.107208944857, 0.125444799662, 0.167600288987, 0.293899744749], "dvar2": [0.377944886684, 0.195119544864, 0.220080196857, 0.245719373226, 0.334287047386, 0.6595