{"lowlevel": {"average_loudness": 0.971553981304, "barkbands_crest": {"dmean": 0.911882579327, "dmean2": 1.28700935841, "dvar": 2.93175625801, "dvar2": 6.11737155914, "max": 25.6764984131, "mean": 17.8139400482, "median": 18.3989906311, "min": 2.43642807007, "var": 28.8379249573}, "barkbands_flatness_db": {"dmean": 0.0268730074167, "dmean2": 0.0379194766283, "dvar": 0.00102755508851, "dvar2": 0.00246022618376, "max": 0.612922847271, "mean": 0.351911306381, "median": 0.34480920434, "min": 0.0158667452633, "var": 0.00566301587969}, "barkbands_kurtosis": {"dmean": 4.21614789963, "dmean2": 6.01021194458, "dvar": 85.1500320435, "dvar2": 143.086227417, "max": 210.891235352, "mean": 13.4647331238, "median": 6.26425743103, "min": -1.80608081818, "var": 417.834228516}, "barkbands_skewness": {"dmean": 0.400252044201, "dmean2": 0.564478933811, "dvar": 0.449848592281, "dvar2": 0.812445580959, "max": 11.7019443512, "mean": 2.75327539444, "median": 2.28839349747, "min": -1.9743039608, "var": 3.27293801308}, "barkbands_spread": {"dmean": 1.03584468365, "dmean2": 1.3906441927, "dvar": 4.7622795105, "dvar2": 9.84266090393, "max": 72.1844787598, "mean": 5.60248565674, "median": 4.47311973572, "min": 0.437403708696, "var": 17.863861084}, "dissonance": {"dmean": 0.0385981313884, "dmean2": 0.0655016601086, "dvar": 0.00156213110313, "dvar2": 0.00444861641154, "max": 0.498455703259, "mean": 0.363161116838, "median": 0.368593931198, "min": 0.147036403418, "var": 0.00394591316581}, "dynamic_complexity": 2.54128503799, "erbbands_crest": {"dmean": 1.62706112862, "dmean2": 2.2935667038, "dvar": 4.50783491135, "dvar2": 8.52073097229, "max": 32.329914093, "mean": 12.6928920746, "median": 11.3704576492, "min": 2.85315585136, "var": 28.2437210083}, "erbbands_flatness_db": {"dmean": 0.022295197472, "dmean2": 0.0315153151751, "dvar": 0.000534706516191, "dvar2": 0.00126817845739, "max": 0.471130430698, "mean": 0.265498161316, "median": 0.254761517048, "min": 0.0601662248373, "var": 0.00446966476738}, "erbbands_kurtosis": {"dmean": 0.96843957901, "dmean2": 1.31940758228, "dvar": 2.40049409866, "dvar2": 4.22861146927, "max": 40.3530807495, "mean": 1.63119566441, "median": 0.76388502121, "min": -1.60392057896, "var": 9.20251846313}, "erbbands_skewness": {"dmean": 0.28304502368, "dmean2": 0.376319915056, "dvar": 0.0969099774957, "dvar2": 0.172368824482, "max": 2.84222984314, "mean": 0.066471926868, "median": 0.102485023439, "min": -3.50198531151, "var": 0.757851839066}, "erbbands_spread": {"dmean": 2.76153111458, "dmean2": 3.98537611961, "dvar": 17.5972518921, "dvar2": 38.3826828003, "max": 74.6466445923, "mean": 18.2612361908, "median": 16.3839416504, "min": 2.57077383995, "var": 85.9303283691}, "hfc": {"dmean": 2.1887357235, "dmean2": 2.89344453812, "dvar": 32.0463409424, "dvar2": 62.2299003601, "max": 158.3671875, "mean": 12.6382493973, "median": 9.22396850586, "min": 1.14582117242e-16, "var": 124.976638794}, "melbands_crest": {"dmean": 0.921500086784, "dmean2": 1.3980653286, "dvar": 2.84146499634, "dvar2": 5.92084312439, "max": 32.2139396667, "mean": 20.8394832611, "median": 20.4215869904, "min": 2.11706018448, "var": 36.574672699}, "melbands_flatness_db": {"dmean": 0.0312943905592, "dmean2": 0.0441178418696, "dvar": 0.00137221487239, "dvar2": 0.00318543170579, "max": 0.795727133751, "mean": 0.475088983774, "median": 0.46420198679, "min": 0.0053851059638, "var": 0.00880096666515}, "melbands_kurtosis": {"dmean": 5.41843605042, "dmean2": 7.93952035904, "dvar": 125.070861816, "dvar2": 251.917404175, "max": 197.051651001, "mean": 20.104101181, "median": 11.2868127823, "min": -1.69956481457, "var": 552.722412109}, "melbands_skewness": {"dmean": 0.395917832851, "dmean2": 0.569943368435, "dvar": 0.421324253082, "dvar2": 0.824509084225, "max": 10.1150760651, "mean": 3.36361241341, "median": 2.94454550743, "min": -0.0738407671452, "var": 3.17412853241}, "melbands_spread": {"dmean": 1.17109286785, "dmean2": 1.51765799522, "dvar": 11.6793336868, "dvar2": 15.3087673187, "max": 129.688842773, "mean": 5.91619205475, "median": 4.40495204926, "min": 0.597397148609, "var": 38.9402885437}, "pitch_salience": {"dmean": 0.0269467886537, "dmean2": 0.0404180809855, "dvar": 0.00222471961752, "dvar2": 0.00497658411041, "max": 0.873939096928, "mean": 0.347110271454, "median": 0.328184306622, "min": 0.0858008041978, "var": 0.0222110301256}, "silence_rate_20dB": {"dmean": 0, "dmean2": 0, "dvar": 0, "dvar2": 0, "max": 1, "mean": 1, "median": 1, "min": 1, "var": 0}, "silence_rate_30dB": {"dmean": 0.0224284604192, "dmean2": 0.0448742732406, "dvar": 0.021925855428, "dvar2": 0.0467293970287, "max": 1, "mean": 0.955933511257, "median": 1, "min": 0, "var": 0.0421262346208}, "silence_rate_60dB": {"dmean": 0.00077339517884, "dmean2": 0.00116054154932, "dvar": 0.000772794999648, "dvar2": 0.00115920021199, "max": 1, "mean": 0.0173946656287, "median": 0, "min": 0, "var": 0.0170920789242}, "spectral_centroid": {"dmean": 50.9164848328, "dmean2": 70.2399597168, "dvar": 49206.640625, "dvar2": 54770.9648438, "max": 10985.1894531, "mean": 454.214050293, "median": 405.200378418, "min": 160.213531494, "var": 81026.0859375}, "spectral_complexity": {"dmean": 1.02938902378, "dmean2": 1.70290136337, "dvar": 2.14531731606, "dvar2": 4.4695558548, "max": 24, "mean": 9.56088161469, "median": 9, "min": 0, "var": 7.76850366592}, "spectral_decrease": {"dmean": 1.31930799618e-09, "dmean2": 2.06902339706e-09, "dvar": 9.51118820811e-18, "dvar2": 2.41329910625e-17, "max": 1.24174959092e-28, "mean": -1.74682881493e-08, "median": -1.71207386046e-08, "min": -5.69357894165e-08, "var": 3.55627808609e-17}, "spectral_energy": {"dmean": 0.00513902306557, "dmean2": 0.00801613274962, "dvar": 0.000144770514453, "dvar2": 0.000363784783985, "max": 0.229253068566, "mean": 0.0670753866434, "median": 0.0657689571381, "min": 1.06228012526e-20, "var": 0.000539755332284}, "spectral_energyband_high": {"dmean": 1.76367957465e-05, "dmean2": 2.6466745112e-05, "dvar": 8.41001768226e-10, "dvar2": 1.97989891149e-09, "max": 0.000501457310747, "mean": 2.61473323917e-05, "median": 8.82425956661e-06, "min": 7.72312769326e-21, "var": 2.22412022133e-09}, "spectral_energyband_low": {"dmean": 0.00365843926556, "dmean2": 0.00593240419403, "dvar": 5.27720367245e-05, "dvar2": 0.000157741000294, "max": 0.135612025857, "mean": 0.0502359680831, "median": 0.0521545521915, "min": 4.03956358249e-23, "var": 0.000306206697132}, "spectral_energyband_middle_high": {"dmean": 0.000974715978373, "dmean2": 0.00123219075613, "dvar": 1.17100444186e-05, "dvar2": 2.28042463277e-05, "max": 0.113544039428, "mean": 0.0026863636449, "median": 0.000867366616149, "min": 1.52922764021e-21, "var": 4.33430323028e-05}, "spectral_energyband_middle_low": {"dmean": 0.00262487586588, "dmean2": 0.00367691391148, "dvar": 4.03340163757e-05, "dvar2": 8.14816521597e-05, "max": 0.0945594608784, "mean": 0.0155842239037, "median": 0.0106757665053, "min": 3.10013550997e-22, "var": 0.000230898600421}, "spectral_entropy": {"dmean": 0.215776205063, "dmean2": 0.305257439613, "dvar": 0.0681594014168, "dvar2": 0.162548303604, "max": 9.80131053925, "mean": 5.98507642746, "median": 5.94463682175, "min": 4.85390377045, "var": 0.263684988022}, "spectral_flux": {"dmean": 0.0147124892101, "dmean2": 0.0225530155003, "dvar": 0.000844415277243, "dvar2": 0.00177700270433, "max": 0.34446772933, "mean": 0.0361137092113, "median": 0.0261744018644, "min": 1.03066971624e-10, "var": 0.00137245480437}, "spectral_kurtosis": {"dmean": 18.2890853882, "dmean2": 29.2765922546, "dvar": 792.978027344, "dvar2": 1999.14038086, "max": 521.659790039, "mean": 53.9216499329, "median": 23.0668563843, "min": -1.28506028652, "var": 6436.33203125}, "spectral_rms": {"dmean": 0.000291154341539, "dmean2": 0.000441623385996, "dvar": 3.65482065945e-07, "dvar2": 8.56401015881e-07, "max": 0.0149553176016, "mean": 0.0079260841012, "median": 0.00801029521972, "min": 3.21927142062e-12, "var": 2.61678519564e-06}, "spectral_rolloff": {"dmean": 65.8066635132, "dmean2": 101.184646606, "dvar": 195389.296875, "dvar2": 205718.65625, "max": 19250.6835938, "mean": 340.193115234, "median": 258.3984375, "min": 64.599609375, "var": 509098.40625}, "spectral_skewness": {"dmean": 0.989596664906, "dmean2": 1.54549837112, "dvar": 1.22837936878, "dvar2": 2.87413954735, "max": 18.8279151917, "mean": 4.94990158081, "median": 3.93234443665, "min": -0.00473723420873, "var": 10.3251228333}, "spectral_spread": {"dmean": 573297.125, "dmean2": 817951.5625, "dvar": 1560455020540.0, "dvar2": 1912687689730.0, "max": 50468952, "mean": 2321646, "median": 2174980.25, "min": 207204.6875, "var": 2909044473860.0}, "spectral_strongpeak": {"dmean": 0.109971895814, "dmean2": 0.208071559668, "dvar": 0.465663015842, "dvar2": 1.13478899002, "max": 14.272228241, "mean": 0.62784487009, "median": 0.54714089632, "min": 0, "var": 0.577387928963}, "zerocrossingrate": {"dmean": 0.00235606078058, "dmean2": 0.0029349764809, "dvar": 0.000121134347864, "dvar2": 0.000130114640342, "max": 0.50732421875, "mean": 0.0122026903555, "median": 0.01025390625, "min": 0.001953125, "var": 0.000386539177271}, "barkbands": {"dmean": [0.000100733472209, 0.00320116314106, 0.00093432754511, 0.000321084953612, 0.000772293598857, 0.00109831045847, 0.000353216280928, 0.000410557957366, 0.0007367155049, 0.00019296669052, 0.000113814770884, 0.000494996085763, 0.000194163483684, 6.65703119012e-05, 6.21208309894e-05, 2.30512996495e-05, 1.2747227629e-05, 3.47190393768e-06, 2.65606536232e-06, 3.29124713971e-06, 1.0630495126e-05, 3.54292319571e-06, 1.32817513077e-06, 1.71929730186e-06, 9.23041795886e-07, 6.10782024069e-07, 1.11765565691e-07], "dmean2": [0.000173949752934, 0.00508467620239, 0.00157316331752, 0.000486649165396, 0.00120332394727, 0.00152961560525, 0.000471842271509, 0.000627687375527, 0.000931382877752, 0.000259856897173, 0.000132449611556, 0.000628434470855, 0.000255577091593, 9.24353153096e-05, 9.78119278443e-05, 3.6809611629e-05, 1.92800889636e-05, 5.6319217947e-06, 4.49468143415e-06, 5.91185607846e-06, 1.67352955032e-05, 5.5108239394e-06, 2.01768352781e-06, 2.61129116552e-06, 1.59212743256e-06, 1.01210389403e-06, 2.13300324958e-07], "dvar": [1.41075304327e-07, 4.43594508397e-05, 4.24751169703e-06, 8.45312740694e-07, 4.22089306085e-06, 5.26899657416e-06, 1.05452488697e-06, 1.32856212076e-06, 5.00812302562e-06, 1.01319437817e-06, 2.09181862942e-07, 9.54428560362e-06, 4.56089111367e-07, 5.62516540015e-08, 7.1947361846e-08, 8.22662027389e-09, 3.40855588199e-09, 1.48046602755e-10, 6.11247649718e-11, 7.75434161326e-11, 4.69426941763e-10, 3.55134116559e-11, 4.90491198005e-12, 6.23581611695e-12, 4.40304129962e-12, 1.53597599049e-12, 9.59361306759e-14], "dvar2": [3.94613863364e-07, 0.000131191074615, 1.11464769361e-05, 2.26093766287e-06, 1.00119486888e-05, 1.04748733065e-05, 1.97123449652e-06, 3.10446625917e-06, 1.01358382381e-05, 2.18299283006e-06, 2.56035946222e-07, 1.84348100447e-05, 8.9181361318e-07, 1.08217520278e-07, 1.76214996372e-07, 2.05808188269e-08, 7.83361997492e-09, 3.81264214644e-10, 1.62853647234e-10, 2.27039470557e-10, 1.13487896858e-09, 8.66254845633e-11, 1.1532637692e-11, 1.41056671552e-11, 1.23531029156e-11, 4.28554457546e-12, 2.72828038373e-13], "max": [0.00551511533558, 0.107676029205, 0.0358407124877, 0.0151672195643, 0.0362511910498, 0.0438940264285, 0.0222137868404, 0.0204929150641, 0.0421488247812, 0.0273937918246, 0.0188081804663, 0.111886173487, 0.0170823857188, 0.00628931634128, 0.00605551246554, 0.00137903122231, 0.0009279846563, 0.000166528756381, 0.000131633380079, 0.000106548322947, 0.000462301570224, 4.42783930339e-05, 3.91162284359e-05, 2.47159041464e-05, 1.68770820892e-05, 1.03694228528e-05, 2.3342604436e-06], "mean": [0.000891027913895, 0.0431254506111, 0.00484776450321, 0.00168861844577, 0.00380607671104, 0.00470737461001, 0.0015504079638, 0.00121681846213, 0.00241332873702, 0.000470960338134, 0.000265082082478, 0.00138209969737, 0.000361431535566, 0.000114538132038, 0.000150103282067, 2.84850375465e-05, 1.89775819308e-05, 4.18913214162e-06, 3.98862766815e-06, 3.89946308132e-06, 1.42315566336e-05, 4.13404632127e-06, 2.30733371609e-06, 2.66673123406e-06, 9.39847666359e-07, 6.19583659045e-07, 7.28008515694e-08], "median": [0.000414070731495, 0.0471935607493, 0.00283244554885, 0.000420422438765, 0.00209804507904, 0.00246462319046, 0.000553258112632, 0.000420806143666, 0.00101101095788, 7.34050117899e-05, 1.37858633025e-05, 7.89537152741e-05, 3.03306878777e-05, 1.3258179024e-05, 9.66549669101e-06, 2.92839740723e-06, 1.78138657247e-06, 5.59673935641e-07, 9.01542421161e-07, 5.0978451327e-07, 3.61314096153e-06, 1.36818664487e-06, 8.42250301503e-07, 1.34325250656e-06, 3.09766733153e-07, 1.96491171778e-07, 1.28526753684e-08], "min": [3.05668296872e-23, 7.75184897024e-24, 1.18571615848e-23, 1.58965443604e-23, 1.87971322663e-23, 4.73468414634e-23, 5.8497122146e-23, 4.08492119127e-23, 4.28523506321e-23, 4.73552728088e-23, 5.88511124332e-23, 8.68732314568e-23, 3.91710996635e-23, 1.05256574624e-22, 1.12290765274e-22, 6.6395815996e-23, 1.42660130455e-22, 3.14712763855e-22, 2.70568511495e-22, 2.52452352361e-22, 4.75583464317e-22, 3.21227417024e-22, 4.69055936938e-22, 7.93468054856e-22, 1.31085024194e-21, 1.45735834753e-21, 2.19248886365e-21], "var": [7.10905396772e-07, 0.000292374548735, 2.47681728069e-05, 8.9593740995e-06, 2.29523029702e-05, 3.30579568981e-05, 6.58843146084e-06, 4.0874874685e-06, 1.58612165251e-05, 2.40183794631e-06, 1.49406491801e-06, 3.75988638552e-05, 1.14356623726e-06, 1.31157449346e-07, 2.53588382293e-07, 8.67174687613e-09, 4.91456475515e-09, 1.47677564621e-10, 9.90229911957e-11, 1.17419352019e-10, 1.22639498557e-09, 4.06489598925e-11, 1.74051831975e-11, 1.05490616242e-11, 3.36479065097e-12, 1.24217281426e-12, 5.41892648375e-14]}, "erbbands": {"dmean": [0.0675093606114, 0.80678242445, 1.26072382927, 1.09110462666, 1.6676094532, 2.73852658272, 7.35887432098, 8.213971138, 5.22697257996, 6.75978660583, 11.2874488831, 16.6746463776, 9.04735851288, 5.84157419205, 5.7455701828, 25.1848583221, 10.093791008, 4.60512304306, 3.71181583405, 1.44076621532, 1.39311981201, 0.637278676033, 0.226706311107, 0.123555853963, 0.152228787541, 0.184767231345, 0.186523765326, 0.492376029491, 0.142735362053, 0.0607372745872, 0.0397794470191, 0.0406733043492, 0.0228363964707, 0.00848788488656, 0.00786356348544, 0.00323754106648, 0.00111159356311, 0.000165494930116, 1.96679957298e-05, 6.25568372925e-06], "dmean2": [0.108879461884, 1.2712996006, 2.11639738083, 1.69557654858, 2.74864935875, 4.12517356873, 9.5858373642, 11.7492752075, 8.56023311615, 8.25186634064, 16.8486347198, 21.2135372162, 11.7206172943, 7.4202413559, 7.0973405838, 31.5521678925, 12.7401924133, 6.45594263077, 5.73990726471, 2.19567394257, 2.13038754463, 1.00225770473, 0.367106229067, 0.20258679986, 0.261599987745, 0.334974080324, 0.302857637405, 0.766447424889, 0.215085297823, 0.100347347558, 0.0590896829963, 0.0602267757058, 0.0366983674467, 0.0153936482966, 0.0130187291652, 0.00535461492836, 0.00180257856846, 0.000305431283778, 3.65305895684e-05, 9.86056056718e-06], "dvar": [0.0362919196486, 2.40664243698, 4.6997718811, 7.6665353775, 29.1051673889, 55.0724525452, 217.000366211, 390.193450928, 214.720275879, 422.31729126, 764.379760742, 3492.43383789, 1304.47033691, 709.028259277, 354.815368652, 24406.6074219, 1090.03198242, 387.618408203, 214.752151489, 43.9188308716, 30.4773902893, 8.42923355103, 0.668642103672, 0.252466887236, 0.15360827744, 0.264878898859, 0.262556672096, 0.697752416134, 0.0477048382163, 0.017189418897, 0.00437056599185, 0.00316761014983, 0.00134587136563, 0.000521900423337, 0.000254347949522, 4.34747962572e-05, 4.70156464871e-06, 2.08467184848e-07, 2.60689625442e-09, 1.83149162503e-10], "dvar2": [0.108948782086, 6.80657434464, 13.1348190308, 21.2142353058, 76.0483856201, 125.851478577, 369.282714844, 889.154541016, 552.12109375, 667.543212891, 1775.18969727, 7076.84033203, 2675.05664062, 1582.56140137, 593.039001465, 46878.3515625, 2037.70178223, 827.294372559, 529.66003418, 97.8563919067, 74.3500442505, 21.8423271179, 1.72885131836, 0.661961615086, 0.433500260115, 0.785040080547, 0.631866753101, 1.65509188175, 0.100083678961, 0.0479566603899, 0.00979923456907, 0.00726418476552, 0.00323290936649, 0.00150137045421, 0.000695510243531, 0.000121503144328, 1.29183872559e-05, 5.96498693994e-07, 7.38765715269e-09, 4.51452403238e-10], "max": [3.26832914352, 25.6238155365, 36.289730072, 43.0750656128, 99.2284469604, 154.325622559, 255.304336548, 465.419616699, 291.815368652, 551.714111328, 548.347717285, 1190.92358398, 1057.64331055, 583.181640625, 559.71661377, 5655.13574219, 873.184936523, 547.185241699, 320.404815674, 231.746673584, 94.5087280273, 42.5162200928, 10.9505090714, 9.53803157806, 7.12069225311, 6.40563869476, 12.95865345, 13.3869218826, 1.56134176254, 1.45069766045, 0.954161405563, 0.634127140045, 0.360000252724, 0.2346971035, 0.122545741498, 0.0548028312624, 0.0159841235727, 0.00402844697237, 0.000423835415859, 0.000267284776783], "mean": [1.43734753132, 8.812458992, 7.33914470673, 6.81301736832, 6.39481306076, 13.6727323532, 29.6313381195, 36.9958457947, 20.321023941, 29.9998226166, 35.5514907837, 56.7106323242, 27.3813152313, 13.9881906509, 14.7167205811, 71.3326721191, 21.4565563202, 8.2868680954, 9.13714790344, 2.35068011284, 1.91119849682, 0.884826958179, 0.323258668184, 0.166198253632, 0.247924104333, 0.217395201325, 0.320211023092, 0.597239732742, 0.180838033557, 0.073079444468, 0.0647393614054, 0.069856710732, 0.030768705532, 0.00761702423915, 0.00895947497338, 0.00349720846862, 0.00110514543485, 0.000118895521155, 4.25477664976e-05, 7.40156392567e-05], "median": [1.352622509, 8.50358581543, 6.46349239349, 3.42104673386, 3.0231897831, 8.4049987793, 13.2515830994, 16.3717765808, 10.2895517349, 7.32510042191, 16.4080505371, 22.2831668854, 9.00425338745, 2.90427017212, 3.04603672028, 4.6417593956, 3.17711019516, 1.41477298737, 0.850389003754, 0.350907474756, 0.214038521051, 0.098875425756, 0.0432067252696, 0.0462014712393, 0.04568214342, 0.0295014027506, 0.079147875309, 0.15976986289, 0.0565375201404, 0.0186848863959, 0.0274425111711, 0.0376817584038, 0.0131009425968, 0.00179937528446, 0.00340751372278, 0.00111935276072, 0.000372900278307, 2.41384568653e-05, 3.34685246344e-05, 7.2423092206e-05], "min": [4.22759974952e-22, 1.24558587336e-21, 1.32880296929e-20, 3.06077603095e-20, 4.76062346558e-20, 9.91483433001e-20, 1.12185944063e-19, 2.91973352933e-19, 7.64257758838e-19, 1.06365655703e-18, 7.15926474526e-19, 6.98408495212e-19, 1.60572414246e-18, 3.47354604548e-18, 1.87585144862e-18, 2.5100791552e-18, 2.32117715948e-18, 4.29061851095e-18, 8.45186431973e-18, 3.66747647214e-18, 5.78154994012e-18, 6.41884379843e-18, 1.50354386556e-17, 1.70358475813e-17, 1.33370689404e-17, 1.35749098363e-17, 1.35515386752e-17, 1.90721925414e-17, 1.09462894954e-17, 1.31294019389e-17, 1.19063467472e-17, 1.42325391028e-17, 1.5006596522e-17, 1.34460615666e-17, 8.5283611556e-18, 4.59368756122e-18, 2.90252610464e-18, 1.42964365303e-18, 2.89040067083e-19, 3.21984447833e-20], "var": [0.449352055788, 19.0896663666, 26.4880809784, 75.2919616699, 82.6997680664, 306.598022461, 1471.49353027, 2422.29663086, 666.543701172, 3559.34643555, 2684.40966797, 11253.4228516, 3502.85742188, 1573.4375, 1901.39074707, 96692.703125, 3075.48461914, 709.037658691, 823.239379883, 83.3334350586, 36.1577644348, 8.62595176697, 0.726381897926, 0.234722927213, 0.36260035634, 0.396977007389, 1.04469907284, 1.30624914169, 0.0715102031827, 0.025617018342, 0.00935556087643, 0.00659051025286, 0.00181372871157, 0.000361473299563, 0.000219370223931, 3.61966813216e-05, 3.86584679291e-06, 1.22123537949e-07, 1.62468782872e-09, 6.74713895865e-10]}, "gfcc": {"mean": [-100.008247375, 192.637817383, -55.1656188965, 1.11379349232, -47.6360816956, 22.8741035461, -10.4801702499, -3.86677217484, -1.34276986122, 8.27906990051, -3.35669255257, -3.35959625244, 1.6959079504], "cov": [[7003.56054688, -1118.20678711, -1226.13464355, 1218.01525879, -456.796447754, 288.748352051, -120.605903625, 106.951919556, -91.8537979126, 300.897491455, -27.4997520447, 133.886001587, -21.1702442169], [-1118.20678711, 1647.45239258, 318.46774292, -1007.38195801, 430.652893066, -284.895629883, -71.5059509277, -99.1849441528, 151.281356812, -235.320358276, 95.7961044312, -57.8139686584, 48.9616584778], [-1226.13464355, 318.46774292, 942.264221191, -151.68258667, -179.008239746, -1.11804544926, 167.887054443, 42.3481559753, 67.9635162354, -0.0667554587126, 12.8484992981, -17.1028289795, 39.0705375671], [1218.01525879, -1007.38195801, -151.68258667, 865.01159668, -305.624450684, 147.629699707, 81.467628479, 80.7343597412, -55.628944397, 138.972702026, -42.4466018677, 24.2621860504, 7.33977556229], [-456.796447754, 430.652893066, -179.008239746, -305.624450684, 566.831359863, -8.38223457336, -85.8612518311, -6.16674041748, 85.6265792847, -63.7201271057, 60.2423934937, -1.98655128479, -8.68284797668], [288.748352051, -284.895629883, -1.11804544926, 147.629699707, -8.38223457336, 270.727783203, 83.6489868164, -11.1241168976, 4.63046836853, 91.186958313, 30.7130374908, 28.6175174713, -15.8013916016], [-120.605903625, -71.5059509277, 167.887054443, 81.467628479, -85.8612518311, 83.6489868164, 172.656478882, 50.8105010986, 7.25786161423, 12.9756002426, 27.4451065063, 18.9399280548, 12.3961553574], [106.951919556, -99.1849441528, 42.3481559753, 80.7343597412, -6.16674041748, -11.1241168976, 50.8105010986, 148.181869507, 44.3107643127, -1.21300876141, -13.6826982498, 16.7327594757, 4.10739374161], [-91.8537979126, 151.281356812, 67.9635162354, -55.628944397, 85.6265792847, 4.63046836853, 7.25786161423, 44.3107643127, 143.819854736, 26.5531253815, 4.25571060181, -29.0268154144, 14.6970863342], [300.897491455, -235.320358276, -0.0667554587126, 138.972702026, -63.7201271057, 91.186958313, 12.9756002426, -1.21300876141, 26.5531253815, 129.956542969, 17.9481143951, -12.0087528229, -23.3677616119], [-27.4997520447, 95.7961044312, 12.8484992981, -42.4466018677, 60.2423934937, 30.7130374908, 27.4451065063, -13.6826982498, 4.25571060181, 17.9481143951, 110.00453186, 31.6175861359, -22.5136184692], [133.886001587, -57.8139686584, -17.1028289795, 24.2621860504, -1.98655128479, 28.6175174713, 18.9399280548, 16.7327594757, -29.0268154144, -12.0087528229, 31.6175861359, 97.4338531494, 0.240092858672], [-21.1702442169, 48.9616584778, 39.0705375671, 7.33977556229, -8.68284797668, -15.8013916016, 12.3961553574, 4.10739374161, 14.6970863342, -23.3677616119, -22.5136184692, 0.240092858672, 58.9156646729]], "icov": [[0.000867883209139, -0.00310859805904, 0.00157237774692, -0.00282562896609, 0.00128306646366, -0.00206182571128, 0.00154163315892, -0.00259095733054, 0.0022168958094, -0.00349747226574, 0.00187696015928, -0.00166135607287, 0.000480687245727], [-0.00310859805904, 0.0168227925897, -0.00642386544496, 0.0143782282248, -0.00513357203454, 0.00991066917777, -0.00618613930419, 0.0122758997604, -0.0126901017502, 0.0176290553063, -0.0115736313164, 0.00778368348256, -0.00457796780393], [0.00157237774692, -0.00642386544496, 0.00463162269443, -0.00505082681775, 0.00313410302624, -0.00388023606502, 0.0013324158499, -0.00517580285668, 0.00396202178672, -0.00732170650735, 0.00393079454079, -0.00306725618429, 0.000585166388191], [-0.00282562896609, 0.0143782282248, -0.00505082681775, 0.0147249801084, -0.00366131053306, 0.00795267056674, -0.00583663396537, 0.00901837088168, -0.00961727183312, 0.0130642894655, -0.00940455310047, 0.0068463194184, -0.00529746012762], [0.00128306646366, -0.00513357203454, 0.00313410302624, -0.00366131053306, 0.00557478191331, -0.00497721461579, 0.00434945896268, -0.00514763547108, 0.00162917980924, -0.00308972527273, 0.000745345605537, -0.00187229108997, 0.000695974216796], [-0.00206182571128, 0.00991066917777, -0.00388023606502, 0.00795267056674, -0.00497721461579, 0.0135988267139, -0.00895772781223, 0.0104743279517, -0.00746621144935, 0.00534035917372, -0.00447075208649, 0.00178659299854, -0.00106142985169], [0.00154163315892, -0.00618613930419, 0.0013324158499, -0.00583663396537, 0.00434945896268, -0.00895772781223, 0.0156472530216, -0.00980838015676, 0.00509733194485, -0.00305066560395, -0.00138757377863, -0.00114191521425, -0.00183863320854], [-0.00259095733054, 0.0122758997604, -0.00517580285668, 0.00901837088168, -0.00514763547108, 0.0104743279517, -0.00980838015676, 0.0210498441011, -0.0140834320337, 0.0137051604688, -0.00422763964161, 0.00166301825084, 0.00114967057016], [0.0022168958094, -0.0126901017502, 0.00396202178672, -0.00961727183312, 0.00162917980924, -0.00746621144935, 0.00509733194485, -0.0140834320337, 0.0224701929837, -0.0186450760812, 0.00796633120626, -0.00201629148796, -0.00188788177911], [-0.00349747226574, 0.0176290553063, -0.00732170650735, 0.0130642894655, -0.00308972527273, 0.00534035917372, -0.00305066560395, 0.0137051604688, -0.0186450760812, 0.0361247360706, -0.0159459337592, 0.011406166479, 0.00082336057676], [0.00187696015928, -0.0115736313164, 0.00393079454079, -0.00940455310047, 0.000745345605537, -0.00447075208649, -0.00138757377863, -0.00422763964161, 0.00796633120626, -0.0159459337592, 0.0236416961998, -0.0113770300522, 0.00912373233587], [-0.00166135607287, 0.00778368348256, -0.00306725618429, 0.0068463194184, -0.00187229108997, 0.00178659299854, -0.00114191521425, 0.00166301825084, -0.00201629148796, 0.011406166479, -0.0113770300522, 0.0188043173403, -0.00495400791988], [0.000480687245727, -0.00457796780393, 0.000585166388191, -0.00529746012762, 0.000695974216796, -0.00106142985169, -0.00183863320854, 0.00114967057016, -0.00188788177911, 0.00082336057676, 0.00912373233587, -0.00495400791988, 0.0256513357162]]}, "melbands": {"dmean": [0.000751462241169, 0.000780536676757, 0.000183569820365, 0.000175071167178, 0.000206119890208, 0.000187508194358, 7.94894294813e-05, 7.34339482733e-05, 0.00010372835095, 0.000101514116977, 4.33529894508e-05, 2.35059305851e-05, 1.72085347003e-05, 5.61447632208e-05, 3.91694011341e-05, 1.61970656336e-05, 7.40991481507e-06, 5.51056928089e-06, 3.13069222102e-06, 1.60092349688e-06, 1.64223524735e-06, 7.13981137324e-07, 3.2116093962e-07, 1.78693809971e-07, 9.38215691804e-08, 1.14817638064e-07, 1.15445317306e-07, 1.20925747638e-07, 6.39590211904e-08, 2.77592619113e-07, 3.38811446454e-07, 9.72724194526e-08, 3.55701494925e-08, 3.18767625629e-08, 2.7874502706e-08, 1.78052523836e-08, 3.1321782501e-08, 2.2037539793e-08, 6.95125867978e-09, 6.88860657405e-09], "dmean2": [0.00118490215391, 0.001285432023, 0.000283932487946, 0.000273641664535, 0.000270347372862, 0.000267208291916, 0.000126886749058, 9.20010425034e-05, 0.000150169245899, 0.000128079089336, 5.62261157029e-05, 2.9989543691e-05, 2.00516187761e-05, 7.14810521458e-05, 4.89874837513e-05, 2.1525322154e-05, 1.04450355138e-05, 8.51151617098e-06, 5.11870257469e-06, 2.46536410486e-06, 2.49883578363e-06, 1.1127461903e-06, 5.3075558526e-07, 2.93400006512e-07, 1.56132713869e-07, 1.94551532218e-07, 2.04229039014e-07, 2.21927038524e-07, 1.06329295591e-07, 4.48366307637e-07, 5.24463018792e-07, 1.49006098127e-07, 6.16237798567e-08, 5.3725710103e-08, 4.23748005574e-08, 2.82688805697e-08, 4.68675231957e-08, 3.4660800452e-08, 1.27651507142e-08, 1.27837926911e-08], "dvar": [3.30025613948e-06, 1.62266701409e-06, 2.4975128099e-07, 2.56488903005e-07, 1.72537866661e-07, 1.86961514714e-07, 4.6633985562e-08, 4.49550334736e-08, 6.59714700646e-08, 1.06947133816e-07, 3.2587983867e-08, 1.32329125435e-08, 4.44611281125e-09, 1.2190807297e-07, 3.13219139514e-08, 2.85272028222e-09, 1.08103936913e-09, 4.63686311569e-10, 2.2517282483e-10, 4.29733262863e-11, 4.57320188663e-11, 1.2385291577e-11, 1.83361442349e-12, 3.53729063185e-13, 1.59597853054e-13, 1.09243892415e-13, 9.10982511757e-14, 1.15174010737e-13, 2.30365399201e-14, 9.62131307784e-13, 3.11631417286e-13, 2.35917056425e-14, 7.32265234506e-15, 4.80161081997e-15, 2.53891497907e-15, 8.45141363864e-16, 1.96217956264e-15, 1.1591372715e-15, 4.06933262586e-16, 3.65082476393e-16], "dvar2": [9.94343827188e-06, 4.67603422294e-06, 6.86905991643e-07, 6.02331510891e-07, 2.9842198046e-07, 4.20210767516e-07, 1.14702203291e-07, 7.82494353757e-08, 1.4923293179e-07, 2.17010793335e-07, 6.66585151521e-08, 2.96056743565e-08, 5.47917311522e-09, 2.36003828036e-07, 6.01684675416e-08, 5.8962621452e-09, 2.29053132017e-09, 1.12084563852e-09, 5.96679372578e-10, 9.80823408603e-11, 1.10629519434e-10, 3.01322716778e-11, 5.12528734731e-12, 9.27436838265e-13, 4.14399471769e-13, 2.9346536594e-13, 2.69074693082e-13, 3.39705992286e-13, 6.18127917558e-14, 2.30568645773e-12, 7.23610461915e-13, 5.19995186504e-14, 2.06798740323e-14, 1.32436879321e-14, 5.78150935533e-15, 2.1749197224e-15, 4.56466394089e-15, 2.66331870803e-15, 1.16781808866e-15, 1.0485182626e-15], "max": [0.0288227181882, 0.0223373323679, 0.007483843714, 0.0087518915534, 0.00732164597139, 0.00992647651583, 0.00410859612748, 0.00503749912605, 0.00414057960734, 0.00640508485958, 0.0052869617939, 0.00256866193376, 0.00274445745163, 0.0125021925196, 0.00625360943377, 0.00112744490616, 0.000913201889489, 0.000479343318148, 0.000298597558867, 0.000196403983864, 0.000116848255857, 5.00603309774e-05, 1.98521101993e-05, 7.8599596236e-06, 7.76709657657e-06, 5.99160102865e-06, 5.04699164594e-06, 4.18816898673e-06, 3.12777751788e-06, 2.10184316529e-05, 4.01561055696e-06, 1.21860512081e-06, 8.52649691296e-07, 1.07990058495e-06, 6.18423030119e-07, 5.39809320799e-07, 4.1525316874e-07, 3.26157021391e-07, 2.14634368945e-07, 1.68865923911e-07], "mean": [0.0126308780164, 0.00663734972477, 0.00105716683902, 0.000769816222601, 0.000901375489775, 0.00082263967488, 0.000330751790898, 0.00030241481727, 0.000324025604641, 0.000335567892762, 0.000127389095724, 5.41037552466e-05, 4.07251282013e-05, 0.000157200964168, 0.000102346682979, 2.95436493616e-05, 1.25190272229e-05, 1.34599868034e-05, 6.39442350803e-06, 1.92958418666e-06, 2.24375799007e-06, 9.66454763329e-07, 4.70676098985e-07, 2.18778680505e-07, 1.12805274455e-07, 1.81006896582e-07, 1.70137752775e-07, 1.24383319644e-07, 1.1016724244e-07, 3.81862150789e-07, 3.65631706245e-07, 1.16700491049e-07, 3.3484173656e-08, 4.08642293337e-08, 3.87252327982e-08, 3.39781962566e-08, 4.7866709707e-08, 2.86614731948e-08, 5.62452306951e-09, 5.66274716007e-09], "median": [0.0129887145013, 0.00740506500006, 0.000573709141463, 0.000360988604371, 0.000444412697107, 0.000382844620617, 0.000161360192578, 7.4596653576e-05, 0.000151441403432, 0.000139407697134, 2.80712883978e-05, 8.19564684207e-06, 4.1094244807e-06, 9.88139890978e-06, 8.63878813107e-06, 3.29918088937e-06, 1.22001381442e-06, 1.09546988369e-06, 5.2664853456e-07, 2.71467513357e-07, 1.71971407781e-07, 9.1090058163e-08, 4.14578948948e-08, 2.45123477072e-08, 3.21798943048e-08, 3.84686273946e-08, 2.25535803366e-08, 1.46498715381e-08, 2.45707827418e-08, 6.84386805005e-08, 1.00699217853e-07, 3.72349830968e-08, 9.35109145672e-09, 9.08930086752e-09, 1.49881564937e-08, 1.7897582083e-08, 2.69691025068e-08, 1.24974288696e-08, 8.30435831212e-10, 1.05804565109e-09], "min": [5.105145297e-24, 4.77141808548e-24, 6.72994750956e-24, 4.86541046791e-24, 4.18554765725e-24, 8.15176989475e-24, 1.05648993481e-23, 1.08467861708e-23, 5.83969352333e-24, 4.61638246292e-24, 7.5930536366e-24, 1.27960038808e-23, 5.95686421688e-24, 1.2198901651e-23, 3.59364125981e-24, 5.28034380988e-24, 6.70947814679e-24, 1.44446332426e-23, 6.51051480472e-24, 3.07084617741e-24, 7.84370866721e-24, 7.01499608678e-24, 7.81808883159e-24, 1.58339608693e-23, 1.32314393232e-23, 1.07055153822e-23, 7.82287248412e-24, 9.19055218994e-24, 7.4094202285e-24, 1.10690114433e-23, 9.76387815205e-24, 6.24742377637e-24, 5.41930165833e-24, 8.30025008319e-24, 6.78478596425e-24, 6.15963262952e-24, 8.45636171203e-24, 1.01713248096e-23, 1.14049731033e-23, 1.16611998585e-23], "var": [2.58087820839e-05, 1.07724117697e-05, 1.53991288698e-06, 1.30004639232e-06, 1.22975984596e-06, 1.12314364742e-06, 1.66219209063e-07, 3.21575697626e-07, 2.26596483799e-07, 3.37211758961e-07, 8.85381794546e-08, 2.87006667321e-08, 3.20393027664e-08, 4.82890868625e-07, 1.1886544371e-07, 6.07619377035e-09, 2.02951988548e-09, 1.83912585161e-09, 4.65374627723e-10, 5.96050986346e-11, 5.63923734098e-11, 1.46606754514e-11, 1.76650469426e-12, 3.49272910941e-13, 1.39796269179e-13, 2.07126335397e-13, 2.26140693628e-13, 1.30774921057e-13, 1.08075501944e-13, 2.11296193216e-12, 3.64164725935e-13, 3.07212751332e-14, 5.44954655539e-15, 1.09509747258e-14, 3.91882376498e-15, 2.24722923104e-15, 3.22215674179e-15, 1.63484950353e-15, 2.69891457942e-16, 2.50208741589e-16]}, "mfcc": {"mean": [-765.805786133, 225.251907349, 53.2397575378, 12.2573471069, -4.64745759964, 26.0123729706, 0.980092406273, 3.50475549698, 5.8045091629, 11.7197265625, 4.93965339661, 16.8513126373, -6.15032577515], "cov": [[4406.65478516, -562.882507324, -1088.96154785, 357.176635742, 1.51481926441, 91.6203308105, -135.698104858, 4.20747327805, -35.7743110657, -51.1050300598, -51.3308258057, 198.159088135, -73.9731903076], [-562.882507324, 1524.16796875, 153.023849487, -452.045440674, 136.941955566, -116.118209839, -83.3276824951, -44.4489135742, -10.572517395, -57.3816452026, -2.16325902939, -20.4922714233, 64.9962539673], [-1088.96154785, 153.023849487, 932.917663574, 25.0351428986, -256.712799072, 17.9926338196, 56.4272232056, 16.7552013397, 48.1625137329, 75.4150619507, 40.7213783264, -56.7195358276, -51.6666908264], [357.176635742, -452.045440674, 25.0351428986, 343.831359863, -38.6317596436, 4.33440876007, 21.8211231232, 41.6574172974, 24.6977615356, 51.1262207031, 5.16306495667, 20.7030944824, -63.7037124634], [1.51481926441, 136.941955566, -256.712799072, -38.6317596436, 276.862823486, 27.6606388092, -14.8263292313, -5.50846004486, 2.2910592556, 6.14401006699, 34.5668182373, 16.3600635529, 50.4444770813], [91.6203308105, -116.118209839, 17.9926338196, 4.33440876007, 27.6606388092, 216.671096802, 48.9669761658, -1.31172275543, 1.93447363377, 39.9636306763, 32.6654930115, 62.9944763184, -1.4341622591], [-135.698104858, -83.3276824951, 56.4272232056, 21.8211231232, -14.8263292313, 48.9669761658, 132.845748901, 55.7882766724, -9.04266166687, -1.75328838825, 9.99328422546, 22.2667980194, 41.8584861755], [4.20747327805, -44.4489135742, 16.7552013397, 41.6574172974, -5.50846004486, -1.31172275543, 55.7882766724, 143.097000122, 45.4905815125, -28.6461601257, -8.04847812653, 52.7777099609, 18.0861778259], [-35.7743110657, -10.572517395, 48.1625137329, 24.6977615356, 2.2910592556, 1.93447363377, -9.04266166687, 45.4905815125, 115.566741943, 33.4310531616, -10.4702367783, -18.9343223572, 3.44690990448], [-51.1050300598, -57.3816452026, 75.4150619507, 51.1262207031, 6.14401006699, 39.9636306763, -1.75328838825, -28.6461601257, 33.4310531616, 166.429153442, 58.6936683655, -41.6227722168, -46.1398887634], [-51.3308258057, -2.16325902939, 40.7213783264, 5.16306495667, 34.5668182373, 32.6654930115, 9.99328422546, -8.04847812653, -10.4702367783, 58.6936683655, 129.313873291, 39.894859314, -18.7689971924], [198.159088135, -20.4922714233, -56.7195358276, 20.7030944824, 16.3600635529, 62.9944763184, 22.2667980194, 52.7777099609, -18.9343223572, -41.6227722168, 39.894859314, 183.069549561, 46.2831192017], [-73.9731903076, 64.9962539673, -51.6666908264, -63.7037124634, 50.4444770813, -1.4341622591, 41.8584861755, 18.0861778259, 3.44690990448, -46.1398887634, -18.7689971924, 46.2831192017, 153.575698853]], "icov": [[0.000530693505425, -0.000291615549941, 0.000967154221144, -0.000956620031502, 0.00108878826723, -0.00072004419053, 0.000650484464131, -0.000155626941705, 3.11104349748e-06, 9.70972105279e-05, -0.000332970055752, 7.51195620978e-05, -0.000249949342106], [-0.000291615549941, 0.00172198016662, -0.00133226276375, 0.0026849755086, -0.00211305101402, 0.00171621190384, -0.000265394570306, 0.000301125604892, -8.54398895171e-05, -0.000427819526521, 0.00110165181104, -0.00124463671818, 0.000926375214476], [0.000967154221144, -0.00133226276375, 0.0038942724932, -0.00272857397795, 0.00453363312408, -0.00228332169354, 0.000749256520066, -0.000554569764063, -0.000616188684944, 0.000196428052732, -0.00225050305016, 0.00151814264245, -0.00110109604429], [-0.000956620031502, 0.0026849755086, -0.00272857397795, 0.00850637909025, -0.00399653520435, 0.00398830324411, -0.00251577142626, 0.000360905396519, -0.000813339545857, -0.00226156041026, 0.00305124628358, -0.00350190373138, 0.00377363851294], [0.00108878826723, -0.00211305101402, 0.00453363312408, -0.00399653520435, 0.00995357241482, -0.00422095740214, 0.00299207284115, -0.00173944269773, -2.12696591007e-06, 0.000490639009513, -0.00462752394378, 0.00328339985572, -0.00404093507677], [-0.00072004419053, 0.00171621190384, -0.00228332169354, 0.00398830324411, -0.00422095740214, 0.00949513167143, -0.0054999566637, 0.00374872912653, -0.00205573462881, -0.0024042299483, 0.00297354301438, -0.00585621967912, 0.00379785033874], [0.000650484464131, -0.000265394570306, 0.000749256520066, -0.00251577142626, 0.00299207284115, -0.0054999566637, 0.0161357130855, -0.00877925101668, 0.00602969294414, -0.000474143802421, -0.00287394062616, 0.00485163135454, -0.00685518234968], [-0.000155626941705, 0.000301125604892, -0.000554569764063, 0.000360905396519, -0.00173944269773, 0.00374872912653, -0.00877925101668, 0.0155211361125, -0.00837000552565, 0.00244431151077, 0.00200651842169, -0.00631060171872, 0.00400134455413], [3.11104349748e-06, -8.54398895171e-05, -0.000616188684944, -0.000813339545857, -2.12696591007e-06, -0.00205573462881, 0.00602969294414, -0.00837000552565, 0.0147791681811, -0.00381889566779, 0.00104441761505, 0.00362503039651, -0.00362713681534], [9.70972105279e-05, -0.000427819526521, 0.000196428052732, -0.00226156041026, 0.000490639009513, -0.0024042299483, -0.000474143802421, 0.00244431151077, -0.00381889566779, 0.0113483164459, -0.00572123331949, 0.00354462256655, 0.000741290976293], [-0.000332970055752, 0.00110165181104, -0.00225050305016, 0.00305124628358, -0.00462752394378, 0.00297354301438, -0.00287394062616, 0.00200651842169, 0.00104441761505, -0.00572123331949, 0.0143844895065, -0.00674200057983, 0.00402419036254], [7.51195620978e-05, -0.00124463671818, 0.00151814264245, -0.00350190373138, 0.00328339985572, -0.00585621967912, 0.00485163135454, -0.00631060171872, 0.00362503039651, 0.00354462256655, -0.00674200057983, 0.0132034784183, -0.00591079285368], [-0.000249949342106, 0.000926375214476, -0.00110109604429, 0.00377363851294, -0.00404093507677, 0.00379785033874, -0.00685518234968, 0.00400134455413, -0.00362713681534, 0.000741290976293, 0.00402419036254, -0.00591079285368, 0.0125311352313]]}, "spectral_contrast_coeffs": {"dmean": [0.0286084711552, 0.029473554343, 0.0298266112804, 0.0304119586945, 0.0217348244041, 0.023238228634], "dmean2": [0.0471249930561, 0.0478957779706, 0.0458050556481, 0.0458164662123, 0.0332654565573, 0.0366552695632], "dvar": [0.000597328820731, 0.000919432030059, 0.000943383667618, 0.000803782022558, 0.000388555810787, 0.000441398296971], "dvar2": [0.00166658591479, 0.00226959167048, 0.00208406616002, 0.00172122148797, 0.000815226638224, 0.00108517415356], "max": [-0.375293910503, -0.465956181288, -0.438712090254, -0.472261458635, -0.607405781746, -0.659501850605], "mean": [-0.659259736538, -0.657476425171, -0.638810634613, -0.720894634724, -0.815707504749, -0.768697857857], "median": [-0.662624359131, -0.653095722198, -0.640695989132, -0.724264979362, -0.824497878551, -0.751359045506], "min": [-0.961798071861, -0.962198257446, -0.972510397434, -0.959123373032, -0.957174420357, -0.96399974823], "var": [0.0038821818307, 0.00352542987093, 0.00427553709596, 0.00430244347081, 0.00231633917429, 0.00364689179696]}, "spectral_contrast_valleys": {"dmean": [0.256757646799, 0.272487252951, 0.337277054787, 0.395220160484, 0.435883522034, 0.444193959236], "dmean2": [0.411224275827, 0.432230144739, 0.523864507675, 0.596324026585, 0.617943406105, 0.645976603031], "dvar": [0.206505179405, 0.29655149579, 0.320125818253, 0.359126627445, 0.327082663774, 0.296528