{"lowlevel": {"average_loudness": 0.971264541149, "barkbands_crest": {"dmean": 3.67659664154, "dmean2": 5.6765460968, "dvar": 13.2231636047, "dvar2": 26.7471675873, "max": 26.2472820282, "mean": 14.3020095825, "median": 13.9951162338, "min": 2.51858043671, "var": 42.7694168091}, "barkbands_flatness_db": {"dmean": 0.0378535352647, "dmean2": 0.0544849708676, "dvar": 0.00175233767368, "dvar2": 0.00315066007897, "max": 0.877872645855, "mean": 0.160320967436, "median": 0.136237919331, "min": 0.0174174383283, "var": 0.00996024627239}, "barkbands_kurtosis": {"dmean": 15.2557601929, "dmean2": 23.8637428284, "dvar": 2721.84350586, "dvar2": 6130.78808594, "max": 1957.11376953, "mean": 18.87200737, "median": 3.58636045456, "min": -1.92976415157, "var": 4568.23632812}, "barkbands_skewness": {"dmean": 1.31973791122, "dmean2": 1.89991569519, "dvar": 2.88414621353, "dvar2": 5.85741758347, "max": 33.0819206238, "mean": 2.45195484161, "median": 1.89253890514, "min": -4.35376358032, "var": 8.46090221405}, "barkbands_spread": {"dmean": 13.7143259048, "dmean2": 20.8518867493, "dvar": 299.431610107, "dvar2": 599.621337891, "max": 129.48286438, "mean": 32.3218612671, "median": 23.1256408691, "min": 0.0594815053046, "var": 777.218200684}, "dissonance": {"dmean": 0.0190483927727, "dmean2": 0.0322575904429, "dvar": 0.000541778455954, "dvar2": 0.00146993121598, "max": 0.5, "mean": 0.470891803503, "median": 0.480008065701, "min": 0.191843256354, "var": 0.000906326516997}, "dynamic_complexity": 3.0106086731, "erbbands_crest": {"dmean": 2.67189216614, "dmean2": 4.27817964554, "dvar": 7.01175069809, "dvar2": 16.0624923706, "max": 31.4822444916, "mean": 8.07456207275, "median": 6.74105930328, "min": 2.15305423737, "var": 19.4776992798}, "erbbands_flatness_db": {"dmean": 0.0222027320415, "dmean2": 0.0321521945298, "dvar": 0.00053146854043, "dvar2": 0.00101902766619, "max": 0.49779856205, "mean": 0.12381914258, "median": 0.111496657133, "min": 0.0241526961327, "var": 0.00305851409212}, "erbbands_kurtosis": {"dmean": 1.75662410259, "dmean2": 2.73179125786, "dvar": 17.8929958344, "dvar2": 35.5857696533, "max": 171.7421875, "mean": 1.33746063709, "median": 0.0383400917053, "min": -1.88877856731, "var": 43.1322860718}, "erbbands_skewness": {"dmean": 0.556039750576, "dmean2": 0.82480430603, "dvar": 0.31471773982, "dvar2": 0.658481240273, "max": 8.97485351562, "mean": 0.158824920654, "median": 0.136045157909, "min": -3.57327723503, "var": 1.23587656021}, "erbbands_spread": {"dmean": 15.1944293976, "dmean2": 23.2220840454, "dvar": 255.523284912, "dvar2": 570.217346191, "max": 220.730728149, "mean": 50.8379440308, "median": 47.3444709778, "min": 0.740980565548, "var": 702.887390137}, "hfc": {"dmean": 35.1421203613, "dmean2": 51.5740318298, "dvar": 4374.96777344, "dvar2": 9555.72460938, "max": 449.129241943, "mean": 46.7196960449, "median": 19.5705051422, "min": 1.14048764418e-16, "var": 5444.6953125}, "melbands_crest": {"dmean": 4.18287229538, "dmean2": 6.02001571655, "dvar": 17.2571220398, "dvar2": 30.7719459534, "max": 37.8685913086, "mean": 20.9101028442, "median": 20.1581611633, "min": 1.76612532139, "var": 83.5880355835}, "melbands_flatness_db": {"dmean": 0.0493749380112, "dmean2": 0.0677850916982, "dvar": 0.00270734867081, "dvar2": 0.00435123965144, "max": 1, "mean": 0.234449833632, "median": 0.218016415834, "min": 0.00413957284763, "var": 0.0165943540633}, "melbands_kurtosis": {"dmean": 38.6829338074, "dmean2": 59.6558609009, "dvar": 14906.6835938, "dvar2": 32469.3222656, "max": 3622.63867188, "mean": 56.2676582336, "median": 16.2891921997, "min": -1.82906448841, "var": 31069.2597656}, "melbands_skewness": {"dmean": 1.81098079681, "dmean2": 2.67300748825, "dvar": 5.91257238388, "dvar2": 12.0728416443, "max": 45.4366989136, "mean": 4.65075349808, "median": 3.52549695969, "min": -1.55801343918, "var": 17.9264144897}, "melbands_spread": {"dmean": 15.2820463181, "dmean2": 22.7901821136, "dvar": 615.330078125, "dvar2": 1228.26416016, "max": 281.156890869, "mean": 29.0510959625, "median": 15.9954185486, "min": 0.0715704038739, "var": 1350.25341797}, "pitch_salience": {"dmean": 0.113705433905, "dmean2": 0.171634882689, "dvar": 0.0138803776354, "dvar2": 0.0276089422405, "max": 0.8848721385, "mean": 0.427097052336, "median": 0.435693055391, "min": 0.028803056106, "var": 0.044085521251}, "silence_rate_20dB": {"dmean": 0, "dmean2": 0, "dvar": 0, "dvar2": 0, "max": 1, "mean": 1, "median": 1, "min": 1, "var": 0}, "silence_rate_30dB": {"dmean": 0.0896634608507, "dmean2": 0.179348483682, "dvar": 0.0816251710057, "dvar2": 0.166189521551, "max": 1, "mean": 0.886912643909, "median": 1, "min": 0, "var": 0.100309096277}, "silence_rate_60dB": {"dmean": 0.0360576920211, "dmean2": 0.0720038488507, "dvar": 0.0347587168217, "dvar2": 0.08052624017, "max": 1, "mean": 0.0522773712873, "median": 0, "min": 0, "var": 0.0495535992086}, "spectral_centroid": {"dmean": 479.491851807, "dmean2": 704.93182373, "dvar": 303953.96875, "dvar2": 566629.0625, "max": 10896.1416016, "mean": 1744.22375488, "median": 1557.52416992, "min": 55.8043937683, "var": 1035192.75}, "spectral_complexity": {"dmean": 5.79206752777, "dmean2": 8.24702453613, "dvar": 40.2597732544, "dvar2": 71.6765289307, "max": 59, "mean": 15.962264061, "median": 14, "min": 0, "var": 118.728034973}, "spectral_decrease": {"dmean": 5.16241227544e-09, "dmean2": 7.78620545816e-09, "dvar": 5.53910082104e-17, "dvar2": 1.25201170778e-16, "max": 5.48012087098e-11, "mean": -1.11352864707e-08, "median": -7.74414754545e-09, "min": -6.54307399373e-08, "var": 1.1836852657e-16}, "spectral_energy": {"dmean": 0.0209532324225, "dmean2": 0.0309151019901, "dvar": 0.000801726011559, "dvar2": 0.00180881528649, "max": 0.248967811465, "mean": 0.0462648756802, "median": 0.0339417047799, "min": 1.0450544929e-20, "var": 0.00172253930941}, "spectral_energyband_high": {"dmean": 0.00299722515047, "dmean2": 0.00441112555563, "dvar": 3.52397328243e-05, "dvar2": 7.58599926485e-05, "max": 0.0421747528017, "mean": 0.00356134073809, "median": 0.000961678684689, "min": 7.58709121762e-21, "var": 4.40026560682e-05}, "spectral_energyband_low": {"dmean": 0.017244560644, "dmean2": 0.0253672841936, "dvar": 0.000726618920453, "dvar2": 0.00174205901567, "max": 0.243756130338, "mean": 0.0306359287351, "median": 0.015678441152, "min": 6.9990491058e-23, "var": 0.00148083665408}, "spectral_energyband_middle_high": {"dmean": 0.00234857364558, "dmean2": 0.00349901011214, "dvar": 1.70696657733e-05, "dvar2": 3.34674987243e-05, "max": 0.118163496256, "mean": 0.00464909663424, "median": 0.00246545835398, "min": 1.57936839665e-21, "var": 6.46066546324e-05}, "spectral_energyband_middle_low": {"dmean": 0.00656949123368, "dmean2": 0.0108893597499, "dvar": 0.00015920457372, "dvar2": 0.000423892168328, "max": 0.0962521657348, "mean": 0.00835525244474, "median": 0.00381044228561, "min": 2.30793993193e-22, "var": 0.000163199481904}, "spectral_entropy": {"dmean": 0.262303709984, "dmean2": 0.366765588522, "dvar": 0.0871948078275, "dvar2": 0.15195260942, "max": 9.79022312164, "mean": 7.89293193817, "median": 7.99371480942, "min": 3.45393443108, "var": 0.43409076333}, "spectral_flux": {"dmean": 0.0482758618891, "dmean2": 0.0742124319077, "dvar": 0.00287230475806, "dvar2": 0.00600083405152, "max": 0.39282938838, "mean": 0.112726859748, "median": 0.0883489772677, "min": 1.02227906695e-10, "var": 0.00584251526743}, "spectral_kurtosis": {"dmean": 2.67682909966, "dmean2": 4.02602291107, "dvar": 280.366882324, "dvar2": 666.798706055, "max": 1009.14318848, "mean": 5.21256828308, "median": 2.4593873024, "min": -1.18137514591, "var": 573.743408203}, "spectral_rms": {"dmean": 0.0014471366303, "dmean2": 0.00205489736982, "dvar": 2.66916163127e-06, "dvar2": 5.20689263794e-06, "max": 0.0155851030722, "mean": 0.00604736292735, "median": 0.00575446430594, "min": 3.19306321835e-12, "var": 8.5655865405e-06}, "spectral_rolloff": {"dmean": 1671.76928711, "dmean2": 2566.32128906, "dvar": 7928886.5, "dvar2": 13415109, "max": 18906.1523438, "mean": 3007.58837891, "median": 882.861328125, "min": 21.533203125, "var": 18265422}, "spectral_skewness": {"dmean": 0.32254716754, "dmean2": 0.474474072456, "dvar": 0.355057388544, "dvar2": 0.712031841278, "max": 27.3962574005, "mean": 1.4883440733, "median": 1.34145665169, "min": -0.141189455986, "var": 1.39787828922}, "spectral_spread": {"dmean": 1070727.375, "dmean2": 1408056.125, "dvar": 1476605509630.0, "dvar2": 2304430047230.0, "max": 40497952, "mean": 7044073, "median": 6673874, "min": 192163.671875, "var": 7758618296320.0}, "spectral_strongpeak": {"dmean": 0.408779263496, "dmean2": 0.686291694641, "dvar": 0.939553976059, "dvar2": 2.39738202095, "max": 30.1332321167, "mean": 0.690220296383, "median": 0.399306178093, "min": 0, "var": 1.44719028473}, "zerocrossingrate": {"dmean": 0.0322267971933, "dmean2": 0.0344451032579, "dvar": 0.0016767999623, "dvar2": 0.00174019148108, "max": 0.498046875, "mean": 0.0991629883647, "median": 0.06591796875, "min": 0.001953125, "var": 0.00894157588482}, "barkbands": {"dmean": [0.000535722938366, 0.0159477330744, 0.00306684221141, 0.00209044804797, 0.00179694674443, 0.00174546916969, 0.000631070462987, 0.000431254826253, 0.00084603682626, 0.000485609081807, 0.000767552352045, 0.00060504488647, 0.000284614914563, 0.000262189394562, 0.000209760051803, 0.000304103683447, 0.000166071476997, 0.000200552938622, 0.000195621061721, 0.000208205397939, 0.000230916077271, 0.000292561249807, 0.000320366380038, 0.000626299239229, 0.000494646956213, 0.000890110793989, 0.000222689763177], "dmean2": [0.000627237837762, 0.0252426769584, 0.0053355791606, 0.00391400698572, 0.00302086700685, 0.00277436082251, 0.00105575809721, 0.000690738728736, 0.00133325532079, 0.000771508493926, 0.00119274086319, 0.000977741903625, 0.000439895287855, 0.00041883677477, 0.000328036403516, 0.000494118197821, 0.000255051796557, 0.000308602553559, 0.000306542002363, 0.000336224475177, 0.00036257278407, 0.000445350597147, 0.000495454703923, 0.000941698381212, 0.000721273536328, 0.00136591563933, 0.000339559541317], "dvar": [6.34129889932e-07, 0.000730687810574, 7.47924204916e-05, 4.15651593357e-05, 1.66889294633e-05, 9.60809120443e-06, 2.21294203584e-06, 1.90403420675e-06, 5.90819718127e-06, 9.84770622381e-07, 3.96596215069e-06, 4.25575808549e-06, 9.90905391518e-07, 1.03925890471e-06, 4.7924794444e-07, 1.50945572841e-06, 2.16154006694e-07, 1.13190390039e-06, 1.8743030239e-07, 1.51879788746e-07, 1.84910277312e-07, 2.48267525649e-07, 3.50910028146e-07, 1.58864827426e-06, 1.10983580726e-06, 4.81438564748e-06, 2.66791630565e-07], "dvar2": [7.11843597401e-07, 0.00191241770517, 0.000196593537112, 0.000119059994176, 4.45508158009e-05, 2.17458600673e-05, 5.86799887969e-06, 4.81868391944e-06, 1.19371070468e-05, 2.21702453018e-06, 8.10274832475e-06, 9.10880862648e-06, 1.71214662714e-06, 2.34762956097e-06, 1.0616106465e-06, 3.50822824657e-06, 4.92332446811e-07, 2.24368909585e-06, 4.30734473866e-07, 3.83688330885e-07, 4.17805466668e-07, 5.6640647017e-07, 7.94863353804e-07, 3.41527947967e-06, 2.45205910687e-06, 1.10833170766e-05, 6.49827597954e-07], "max": [0.0103361736983, 0.229444265366, 0.0733935758471, 0.048226967454, 0.0539656542242, 0.0683148279786, 0.048943631351, 0.0826265960932, 0.0437767356634, 0.0395530462265, 0.0678722709417, 0.101249180734, 0.0624872259796, 0.0467977151275, 0.0228198319674, 0.0637225955725, 0.0143121825531, 0.0820193886757, 0.012930393219, 0.00651471316814, 0.00628479197621, 0.00597557192668, 0.0102763930336, 0.0119235720485, 0.00879752542824, 0.012871359475, 0.00396941462532], "mean": [0.00158078037202, 0.0257258359343, 0.0025063646026, 0.00138084101491, 0.00187289575115, 0.0027045221068, 0.000751636631321, 0.000470569095341, 0.000945263949689, 0.000604355358519, 0.00104037870187, 0.000852288212627, 0.000379623001209, 0.000340556551237, 0.000303027802147, 0.000381321151508, 0.00023064535344, 0.000256084953435, 0.000271734723356, 0.000281666900264, 0.000296196580166, 0.000401505443733, 0.000414856156567, 0.000658964912873, 0.000551563513, 0.00082789832959, 0.000233421043959], "median": [0.000266460701823, 0.012649577111, 0.000225560928811, 0.000159515242558, 0.000402204372222, 0.000709664891474, 0.000159787785378, 0.000114609552838, 0.00023796503956, 0.000185061129741, 0.000343965250067, 0.000237581640249, 9.35105708777e-05, 6.68415887048e-05, 4.86868411826e-05, 0.00010492392903, 5.90633680986e-05, 6.29018904874e-05, 0.000110439148557, 0.000133393070428, 8.64249741426e-05, 0.000157184462296, 0.000120971933939, 0.000125452017528, 9.42723127082e-05, 6.50141955703e-05, 1.56027399498e-05], "min": [3.58302642635e-23, 2.67447544252e-23, 1.2255462189e-23, 2.11190181231e-23, 3.29941736252e-23, 3.70043291042e-23, 2.76331727321e-23, 1.68642337219e-23, 8.15276070405e-23, 7.93248802011e-23, 3.22994743131e-23, 7.04611822721e-23, 7.71251131679e-23, 8.61858874838e-23, 1.77077323956e-22, 7.49365479596e-23, 2.52949145405e-22, 2.49156579852e-22, 3.19295225299e-22, 3.91524718176e-22, 5.41687180897e-22, 5.35544112769e-22, 6.34893229929e-22, 8.92430339872e-22, 1.26983300896e-21, 1.24438922816e-21, 2.6098562107e-21], "var": [3.97645226258e-06, 0.00120335549582, 5.63802168472e-05, 2.39901200985e-05, 1.97930585273e-05, 2.65829658019e-05, 3.33484376824e-06, 1.86738282082e-06, 6.96976303516e-06, 1.48134063238e-06, 7.12007386028e-06, 8.06906518847e-06, 3.00104738926e-06, 1.7170374349e-06, 1.45709009303e-06, 1.73571447704e-06, 3.83979966045e-07, 1.7472525542e-06, 3.27652230681e-07, 2.02801899718e-07, 2.72109531352e-07, 3.89094708453e-07, 5.27960366981e-07, 1.89714137377e-06, 1.34867559609e-06, 4.79766049466e-06, 2.82137591512e-07]}, "erbbands": {"dmean": [0.564738810062, 3.31811761856, 3.53429865837, 6.13686180115, 5.61975240707, 6.12916660309, 10.2380485535, 14.4876689911, 10.5607852936, 8.57140731812, 11.5467290878, 19.071062088, 16.0169620514, 20.6502952576, 31.9617328644, 21.162530899, 12.9077177048, 13.1304197311, 11.1194782257, 12.3170719147, 12.6362171173, 9.38302230835, 10.3776378632, 10.9048423767, 8.57632637024, 10.2963781357, 9.6417131424, 9.14144325256, 10.0093660355, 10.6935300827, 8.57511711121, 10.053237915, 11.652586937, 5.35003328323, 3.93330645561, 2.62910985947, 2.10887479782, 0.428570598364, 0.0248242504895, 0.00210473989137], "dmean2": [0.859037220478, 5.19600248337, 5.73681640625, 11.3118658066, 9.74545001984, 10.5151834488, 16.7823181152, 23.1263847351, 16.8161754608, 14.1481819153, 18.2456455231, 29.6398735046, 25.669506073, 32.0781097412, 50.0044822693, 33.308719635, 19.936706543, 20.3531646729, 17.2821960449, 19.3570919037, 20.4029960632, 14.3162565231, 15.512881279, 17.2762069702, 13.5352182388, 16.759552002, 15.2787256241, 14.3263549805, 15.1790447235, 16.4916992188, 13.1714954376, 15.4389734268, 17.6155643463, 7.70956373215, 5.83560991287, 3.86467242241, 3.33813595772, 0.662991404533, 0.0365105904639, 0.00319991842844], "dvar": [0.693904995918, 43.2418746948, 80.0741424561, 374.093200684, 211.102279663, 211.88269043, 442.678070068, 804.482910156, 558.050842285, 347.335906982, 1231.359375, 2853.85498047, 1433.13037109, 2921.41845703, 7500.72900391, 5586.37792969, 1889.62280273, 2475.75488281, 1498.86584473, 1499.82629395, 3301.79492188, 707.326416016, 4373.52636719, 1052.66503906, 261.381835938, 368.573699951, 367.044281006, 285.190490723, 281.51852417, 359.50869751, 240.489273071, 419.666503906, 572.770080566, 119.076896667, 76.7301254272, 37.7790489197, 29.0615634918, 1.1203584671, 0.00279873399995, 2.10922571569e-05], "dvar2": [1.66275978088, 105.246055603, 171.244750977, 1067.65136719, 564.468444824, 575.725646973, 1137.47607422, 1762.13256836, 1285.72021484, 900.772766113, 3139.59985352, 5756.80224609, 3049.87817383, 5493.44482422, 14800.3017578, 11658.7978516, 3366.06762695, 5617.16552734, 3371.21801758, 3467.67797852, 7568.65478516, 1510.27758789, 7981.63623047, 2700.86474609, 605.584655762, 934.000854492, 803.499084473, 683.823608398, 616.855407715, 841.746154785, 551.37298584, 959.048583984, 1227.53149414, 252.789871216, 170.543899536, 82.1064987183, 69.9684906006, 2.68820405006, 0.00638881186023, 4.94633604831e-05], "max": [7.34425163269, 57.0115966797, 73.1374435425, 153.705963135, 124.938453674, 287.368835449, 454.713531494, 655.517944336, 766.972717285, 298.900695801, 1994.81591797, 932.095825195, 647.884338379, 2303.13671875, 4090.30102539, 5094.66894531, 3201.20556641, 2548.08959961, 1438.70336914, 1461.39660645, 2716.26879883, 941.571655273, 5588.6640625, 1016.4598999, 372.518951416, 268.732818604, 350.180084229, 347.295501709, 195.964157104, 252.951873779, 244.281036377, 225.018280029, 222.780456543, 99.537322998, 63.5957946777, 37.8795928955, 31.539648056, 7.06238174438, 0.42468470335, 0.0372888743877], "mean": [0.984388113022, 4.68016052246, 3.98691105843, 4.27661895752, 4.67250394821, 6.49260044098, 13.4250001907, 22.1015014648, 15.7207374573, 9.26575374603, 13.0355434418, 21.4587173462, 19.5830745697, 26.1686534882, 47.6062965393, 31.573348999, 18.3323497772, 19.0571842194, 17.0677890778, 17.4768199921, 17.1808357239, 13.4704914093, 13.9126081467, 14.9521656036, 11.9711885452, 13.6013250351, 12.5695285797, 11.9993515015, 13.243885994, 14.6656312943, 11.3124046326, 11.4614906311, 11.7114019394, 6.13016605377, 4.17130374908, 2.69929456711, 1.83195436001, 0.398967564106, 0.0291860811412, 0.00231612590142], "median": [0.428790867329, 2.05630660057, 0.790987849236, 0.553807139397, 0.79113137722, 1.35613501072, 3.38442993164, 5.50155544281, 3.40489554405, 2.6102142334, 3.37275791168, 5.37345075607, 6.10043048859, 8.70625209808, 15.4487819672, 10.2628555298, 4.96731996536, 4.40573787689, 2.99632906914, 5.52641820908, 5.67977285385, 3.51314878464, 3.50256991386, 5.36686229706, 4.88441419601, 6.25103139877, 4.84784650803, 3.83033323288, 4.34397983551, 6.1699795723, 3.36270523071, 2.76820445061, 1.78810787201, 1.13826227188, 0.587079465389, 0.304473549128, 0.10638525337, 0.0238187219948, 0.00237500225194, 0.000224142568186], "min": [1.94111703616e-21, 1.8294615879e-21, 9.00144647267e-21, 5.0311748569e-20, 6.24676329595e-20, 1.27072455053e-19, 3.21146849915e-19, 2.4133387282e-19, 2.19492246294e-19, 7.05346989588e-19, 6.43787639715e-19, 1.92117536272e-18, 1.84592384726e-18, 2.02299219714e-18, 1.92503602143e-18, 2.57537968789e-18, 3.3946048909e-18, 4.8556093391e-18, 4.01121882031e-18, 1.03872378241e-17, 8.20621897476e-18, 1.1762565386e-17, 1.33663850485e-17, 1.38372154259e-17, 1.76885890375e-17, 1.60662016518e-17, 2.70378707028e-17, 1.69569229703e-17, 1.89961399016e-17, 2.35065738021e-17, 1.56655137087e-17, 1.56750759166e-17, 1.71939002896e-17, 1.15500585507e-17, 9.48543890282e-18, 5.07674325457e-18, 2.30191977444e-18, 1.33330937171e-18, 3.36061485046e-19, 3.59717163892e-20], "var": [1.56599211693, 59.902671814, 89.398651123, 221.674285889, 162.568054199, 296.715820312, 880.310424805, 2063.69238281, 1497.2565918, 369.948791504, 1224.63781738, 3471.21191406, 1817.58312988, 4578.23974609, 17507.3261719, 12645.1484375, 6147.27783203, 5544.66943359, 4414.38378906, 2801.50244141, 3893.73046875, 1439.99108887, 6941.08349609, 1554.20092773, 474.671783447, 473.486541748, 533.346984863, 419.185424805, 457.527648926, 537.559509277, 373.274871826, 501.293212891, 662.196228027, 155.455368042, 87.4789352417, 42.4616203308, 26.4965114594, 1.08784139156, 0.00367174413987, 2.42140085902e-05]}, "gfcc": {"mean": [8.32893276215, 43.158454895, -79.0937805176, 23.461183548, -51.6829681396, 23.7626514435, -20.8451194763, 12.1586074829, -19.6334095001, 5.19967222214, -6.40833711624, 11.4360609055, -4.20517301559], "cov": [[9625.49316406, -2050.21313477, 7.8943104744, 179.321060181, -207.100067139, 47.04662323, -356.565002441, 165.258407593, -145.68409729, 225.308258057, -318.392913818, 198.934295654, -30.8101406097], [-2050.21313477, 3672.66723633, -150.505386353, 165.992370605, 425.409088135, 145.685638428, 419.287841797, 68.7524490356, 318.621520996, -91.9812545776, 370.698944092, -86.6287765503, 143.814193726], [7.8943104744, -150.505386353, 1225.58886719, 130.328292847, 77.9317550659, 130.865509033, 181.551376343, 86.7649459839, 33.0662498474, 38.7529907227, -23.9279098511, 61.1844406128, 36.0641899109], [179.321060181, 165.992370605, 130.328292847, 816.803771973, 347.208190918, 201.556289673, 161.33821106, 145.587402344, 200.37210083, 63.4873733521, 61.9594345093, -6.53561687469, 51.5365028381], [-207.100067139, 425.409088135, 77.9317550659, 347.208190918, 806.371704102, 280.7527771, 247.938064575, 152.372177124, 272.471557617, 94.8563995361, 90.8126754761, -39.0746192932, 65.9139022827], [47.04662323, 145.685638428, 130.865509033, 201.556289673, 280.7527771, 377.415802002, 218.816238403, 108.539054871, 147.148284912, 99.2451400757, 66.0337142944, 7.44209241867, 30.0799064636], [-356.565002441, 419.287841797, 181.551376343, 161.33821106, 247.938064575, 218.816238403, 361.290679932, 150.309661865, 156.637420654, 46.7501182556, 118.234977722, 8.30631256104, 51.8500480652], [165.258407593, 68.7524490356, 86.7649459839, 145.587402344, 152.372177124, 108.539054871, 150.309661865, 205.172576904, 122.982582092, 58.7543334961, 45.8745193481, 40.8577537537, 35.14610672], [-145.68409729, 318.621520996, 33.0662498474, 200.37210083, 272.471557617, 147.148284912, 156.637420654, 122.982582092, 239.754714966, 85.2116851807, 72.7688598633, -3.47387290001, 61.097820282], [225.308258057, -91.9812545776, 38.7529907227, 63.4873733521, 94.8563995361, 99.2451400757, 46.7501182556, 58.7543334961, 85.2116851807, 137.316314697, 57.1205558777, 36.8318595886, 26.2191638947], [-318.392913818, 370.698944092, -23.9279098511, 61.9594345093, 90.8126754761, 66.0337142944, 118.234977722, 45.8745193481, 72.7688598633, 57.1205558777, 176.749801636, 74.928894043, 50.3503646851], [198.934295654, -86.6287765503, 61.1844406128, -6.53561687469, -39.0746192932, 7.44209241867, 8.30631256104, 40.8577537537, -3.47387290001, 36.8318595886, 74.928894043, 155.630065918, 64.8388061523], [-30.8101406097, 143.814193726, 36.0641899109, 51.5365028381, 65.9139022827, 30.0799064636, 51.8500480652, 35.14610672, 61.097820282, 26.2191638947, 50.3503646851, 64.8388061523, 105.76776886]], "icov": [[0.000144128833199, 1.4168377902e-06, 4.48314749519e-05, -6.88258005539e-05, -3.49067022398e-06, -3.02873668261e-05, 4.78611473227e-05, -0.000151558255311, 0.000171978826984, -0.000372924958356, 0.000479261536384, -0.000331543764332, 6.4192157879e-05], [1.4168377902e-06, 0.00057205039775, -4.26010155934e-05, 0.000126213300973, 2.21390509978e-05, -0.000109951048216, 0.000106396801129, -2.99488765449e-05, -0.000607561902143, 0.00129995821044, -0.00174352724571, 0.00116288126446, -0.000703288824297], [4.48314749519e-05, -4.26010155934e-05, 0.00105417799205, -0.000186031669728, -1.76833345904e-05, 8.38665873744e-05, -0.00105097400956, 0.000257635256276, 0.000333623785991, -0.000674312934279, 0.00151204876602, -0.00116156844888, 0.000185661832802], [-6.88258005539e-05, 0.000126213300973, -0.000186031669728, 0.00177320733201, -0.000299497769447, -0.000515416439157, 0.000529651006218, -0.000628627080005, -0.00095429434441, 0.000980383367278, -0.00102935510222, 0.000802388007287, -0.000403417041525], [-3.49067022398e-06, 2.21390509978e-05, -1.76833345904e-05, -0.000299497769447, 0.00237291539088, -0.000870156683959, -2.65385042439e-05, -0.000185227865586, -0.00160213396885, 0.000265198352281, -0.000493481697049, 0.00109210330993, -0.00061073951656], [-3.02873668261e-05, -0.000109951048216, 8.38665873744e-05, -0.000515416439157, -0.000870156683959, 0.00571322999895, -0.00336758373305, 0.00112500612158, -0.000168879516423, -0.00327163212933, 0.00198315968737, -0.0014588519698, 0.0014165409375], [4.78611473227e-05, 0.000106396801129, -0.00105097400956, 0.000529651006218, -2.65385042439e-05, -0.00336758373305, 0.00893899798393, -0.00450316863135, -0.000659661192913, 0.00359044712968, -0.00608094083145, 0.00425905082375, -0.00216703256592], [-0.000151558255311, -2.99488765449e-05, 0.000257635256276, -0.000628627080005, -0.000185227865586, 0.00112500612158, -0.00450316863135, 0.0107435891405, -0.00394895020872, -0.00142268068157, 0.00343128736131, -0.0052217352204, 0.00284949596971], [0.000171978826984, -0.000607561902143, 0.000333623785991, -0.00095429434441, -0.00160213396885, -0.000168879516423, -0.000659661192913, -0.00394895020872, 0.0132538462058, -0.00567125109956, 0.000651574344374, 0.00319270091131, -0.00460823997855], [-0.000372924958356, 0.00129995821044, -0.000674312934279, 0.000980383367278, 0.000265198352281, -0.00327163212933, 0.00359044712968, -0.00142268068157, -0.00567125109956, 0.0166993383318, -0.00858327560127, 0.00231688166969, -0.000844082678668], [0.000479261536384, -0.00174352724571, 0.00151204876602, -0.00102935510222, -0.000493481697049, 0.00198315968737, -0.00608094083145, 0.00343128736131, 0.000651574344374, -0.00858327560127, 0.0200307182968, -0.0121821761131, 0.00376450805925], [-0.000331543764332, 0.00116288126446, -0.00116156844888, 0.000802388007287, 0.00109210330993, -0.0014588519698, 0.00425905082375, -0.0052217352204, 0.00319270091131, 0.00231688166969, -0.0121821761131, 0.0193508956581, -0.010773146525], [6.4192157879e-05, -0.000703288824297, 0.000185661832802, -0.000403417041525, -0.00061073951656, 0.0014165409375, -0.00216703256592, 0.00284949596971, -0.00460823997855, -0.000844082678668, 0.00376450805925, -0.010773146525, 0.0183395445347]]}, "melbands": {"dmean": [0.00464816950262, 0.00265271263197, 0.00102367729414, 0.000415732385591, 0.000330456765369, 0.00032567823655, 0.000158687005751, 9.13957264856e-05, 0.000101670972072, 0.000125375736388, 7.84440126154e-05, 8.06175157777e-05, 9.77354429779e-05, 8.19872002467e-05, 3.71714049834e-05, 2.78081606666e-05, 2.58494237642e-05, 1.94955191546e-05, 1.50185715029e-05, 2.51530418609e-05, 1.27329185489e-05, 1.00335664683e-05, 1.01948362499e-05, 9.75860075414e-06, 9.31110116653e-06, 7.31654154151e-06, 5.76667844143e-06, 7.5688076322e-06, 6.00107159698e-06, 6.34651905784e-06, 5.54953612664e-06, 5.84210920351e-06, 5.74496334593e-06, 6.34846946923e-06, 5.21881383975e-06, 4.56832094642e-06, 6.89489070282e-06, 8.99701171875e-06, 6.18495096205e-06, 3.99400460083e-06], "dmean2": [0.00726450094953, 0.0037741176784, 0.00186289660633, 0.000703739060555, 0.000547085946891, 0.000516062078532, 0.00025433828705, 0.000149956162204, 0.00015912418894, 0.000196757973754, 0.000126482904307, 0.00012615484593, 0.000153035987751, 0.000128652172862, 5.87950562476e-05, 4.35847105109e-05, 4.06274521083e-05, 3.06846850435e-05, 2.35133466049e-05, 4.14616879425e-05, 2.02429837373e-05, 1.52746524691e-05, 1.58919137903e-05, 1.49164616232e-05, 1.48469162013e-05, 1.16088103823e-05, 9.3500566436e-06, 1.24554662762e-05, 9.49569948716e-06, 1.03419006336e-05, 8.83701341081e-06, 9.04543958313e-06, 8.80307652551e-06, 1.00017523437e-05, 8.13141832623e-06, 6.99231577528e-06, 1.0668502e-05, 1.38658788273e-05, 9.14430984267e-06, 5.72041153646e-06], "dvar": [5.09141755174e-05, 3.1420164305e-05, 9.55050109042e-06, 9.89077761915e-07, 4.48204218628e-07, 3.69488986962e-07, 1.25647261484e-07, 4.24870520987e-08, 7.27717122118e-08, 1.45504614579e-07, 3.35607488466e-08, 4.31007691759e-08, 6.17304038997e-08, 6.82629206494e-08, 1.0375541315e-08, 1.31732411646e-08, 1.04660049516e-08, 4.78374717616e-09, 2.4290067735e-09, 9.81559367119e-09, 4.92523843931e-09, 8.8925805608e-10, 1.9463823886e-09, 3.63650598523e-09, 8.01511856885e-10, 2.23405460797e-10, 1.35653599465e-10, 1.8784437894e-10, 1.50774004393e-10, 1.57525284483e-10, 1.09034531404e-10, 9.78826672493e-11, 9.87865345081e-11, 1.40451691943e-10, 8.97568477876e-11, 8.33411881174e-11, 2.04676664506e-10, 3.29660909681e-10, 1.78318873556e-10, 6.35093019841e-11], "dvar2": [0.000133951340104, 6.54257455608e-05, 2.71437256743e-05, 2.64556547336e-06, 1.18033369745e-06, 8.06855666724e-07, 3.00219397786e-07, 1.07698504337e-07, 1.79671687306e-07, 2.90327591301e-07, 7.25483388919e-08, 8.07770135225e-08, 1.22757626286e-07, 1.39968278745e-07, 2.15156337191e-08, 2.40193749335e-08, 2.36959074584e-08, 1.06306128345e-08, 5.33731592256e-09, 2.46653701907e-08, 1.21948406928e-08, 1.84965198713e-09, 4.43806413841e-09, 6.58611609694e-09, 2.0853505589e-09, 5.02389796431e-10, 3.41962180794e-10, 4.81660822338e-10, 3.29335031468e-10, 3.77274600449e-10, 2.71033140375e-10, 2.20202314716e-10, 2.25365212603e-10, 3.33590238766e-10, 2.10681042057e-10, 1.90664109501e-10, 4.75491368501e-10, 7.08449521269e-10, 3.89280191415e-10, 1.34349739667e-10], "max": [0.0560920760036, 0.0490223690867, 0.0246410463005, 0.00962005369365, 0.0133528076112, 0.0133189866319, 0.0113092893735, 0.00702593801543, 0.013513748534, 0.00705130584538, 0.00307694426738, 0.0086149154231, 0.0103132808581, 0.0117866406217, 0.00522400438786, 0.007576179225, 0.00445101829246, 0.00224599987268, 0.00176280748565, 0.00499443057925, 0.00361676281318, 0.00133080116939, 0.00203435798176, 0.00516464561224, 0.000923783634789, 0.000580704479944, 0.000227410026127, 0.000158946742886, 0.00023833544401, 0.000176054134499, 0.000236901905737, 0.000138410599902, 0.000150732477778, 0.000220993591938, 0.000176720132004, 8.66651680553e-05, 0.000175547189428, 0.000178321817657, 0.000115367591206, 7.74843865656e-05], "mean": [0.00787161849439, 0.00357708171941, 0.000740785268135, 0.000390248489566, 0.000433193607023, 0.000507631222717, 0.000228894117754, 9.59076933214e-05, 0.000114540249342, 0.000139277501148, 9.43119739532e-05, 9.7445321444e-05, 0.000141642944072, 0.000121368408145, 4.76749592053e-05, 3.98410484195e-05, 3.46060842276e-05, 2.72582528851e-05, 2.06528820854e-05, 3.1362316804e-05, 1.66155277839e-05, 1.40038528116e-05, 1.2426397916e-05, 1.2426826288e-05, 1.21616567412e-05, 9.56885560299e-06, 7.39651250115e-06, 9.64668834058e-06, 8.03777857072e-06, 7.20735079085e-06, 7.09199775883e-06, 7.33331989977e-06, 7.86407053965e-06, 8.26582800073e-06, 6.62239062876e-06, 5.81628137297e-06, 7.58832629799e-06, 8.82756467036e-06, 6.42101531412e-06, 4.79266327602e-06], "median": [0.00381551985629, 0.00129540474154, 0.000106684798084, 7.0788380981e-05, 0.000107351290353, 0.000129828680656, 4.67033351015e-05, 2.27839791478e-05, 2.87170441879e-05, 3.40854676324e-05, 2.76223945548e-05, 2.80015410681e-05, 4.77623616462e-05, 3.36053162755e-05, 1.46549273268e-05, 8.61982334754e-06, 7.57113730288e-06, 4.18572017225e-06, 3.4994222915e-06, 8.19522483653e-06, 5.39726261195e-06, 3.34594892593e-06, 2.99141720461e-06, 3.25876089846e-06, 4.32599108535e-06, 3.74677256332e-06, 2.70587997875e-06, 4.5050251174e-06, 3.64603852177e-06, 1.86057411611e-06, 2.27897794502e-06, 2.32320576288e-06, 3.09189385916e-06, 3.21562470162e-06, 1.96461019186e-06, 1.52509721829e-06, 1.89374225101e-06, 1.45573619648e-06, 8.9213051524e-07, 1.06580034753e-06], "min": [1.33113540884e-23, 3.72656037803e-24, 8.61174916656e-24, 7.17664473031e-24, 9.49532307864e-24, 5.88608091114e-24, 3.60840913038e-24, 6.94877752467e-24, 7.7796713055e-24, 1.10193455495e-23, 9.06795216121e-24, 8.62237670067e-24, 5.38618685525e-24, 6.03601497023e-24, 7.7448943725e-24, 8.61033631668e-24, 9.26997391701e-24, 5.15868015905e-24, 1.5177737459e-23, 8.87944438158e-24, 1.1056581362e-23, 1.43175319735e-23, 8.21601946003e-24, 1.46562388695e-23, 1.02263249808e-23, 1.22285336332e-23, 1.23162794205e-23, 1.03130113279e-23, 1.71892002387e-23, 1.42770255437e-23, 8.15728324361e-24, 9.94913503589e-24, 1.16243434881e-23, 1.32641991389e-23, 8.07711683184e-24, 8.91735940327e-24, 1.03689068562e-23, 1.31785793317e-23, 8.56222369007e-24, 1.08953445039e-23], "var": [9.92715504253e-05, 4.52529166068e-05, 5.786364909e-06, 9.0175205969e-07, 8.93980882211e-07, 1.02923706891e-06, 3.06909356595e-07, 4.48417694088e-08, 7.81354216883e-08, 1.75073424202e-07, 4.20459222994e-08, 6.91368953198e-08, 1.36218872626e-07, 1.3779711594e-07, 2.42114133187e-08, 4.54648514392e-08, 1.97949159286e-08, 1.20331336007e-08, 6.45189768278e-09, 9.61991730719e-09, 5.25642773752e-09, 1.90752680318e-09, 2.38492381399e-09, 5.67076652302e-09, 1.12238429661e-09, 4.01078947831e-10, 1.91709051411e-10, 2.32271105127e-10, 2.23123117205e-10, 1.90764584684e-10, 1.51499188195e-10, 1.5026876965e-10, 1.53289977933e-10, 1.95360699839e-10, 1.34712546673e-10, 1.14888848435e-10, 2.32388983057e-10, 3.73572700552e-10, 2.07313319289e-10, 8.71934191515e-11]}, "mfcc": {"mean": [-650.060913086, 88.720161438, 26.8757762909, 13.7446546555, 2.28410935402, 11.6068468094, 11.5458192825, 13.2408838272, 2.12172055244, 1.69656932354, -0.289961844683, 2.23552703857, 8.37468910217], "cov": [[8021.10888672, -1258.66882324, -329.787353516, -8.61523246765, -16.4920444489, -115.656425476, -188.08354187, -159.499633789, 38.4074745178, -13.2821025848, -144.862792969, -12.2818336487, -20.3972129822], [-1258.66882324, 2587.65332031, -6.36426496506, 91.3176116943, 92.7881851196, 106.419845581, 203.212783813, 215.090957642, 28.9938373566, 115.726593018, 153.797348022, 55.4067993164, 127.176773071], [-329.787353516, -6.36426496506, 1032.38134766, 112.33732605, -111.84412384, 33.5310516357, 89.9898681641, 82.7412567139, 59.0155639648, -42.4013137817, -34.7763328552, 24.1455307007, 49.508266449], [-8.61523246765, 91.3176116943, 112.33732605, 571.07244873, 267.877349854, 135.488876343, 100.874557495, 155.384643555, 128.394607544, 98.6484069824, 79.7130584717, 84.4263916016, 52.2547683716], [-16.4920444489, 92.7881851196, -111.84412384, 267.877349854, 466.357299805, 241.834503174, 102.507415771, 101.814971924, 154.860717773, 145.429397583, 114.907325745, 87.1838531494, 37.0973052979], [-115.656425476, 106.419845581, 33.5310516357, 135.488876343, 241.834503174, 347.010070801, 162.59185791, 100.349380493, 127.15776825, 144.957382202, 119.213905334, 92.1322784424, 42.6426086426], [-188.08354187, 203.212783813, 89.9898681641, 100.874557495, 102.507415771, 162.59185791, 241.267990112, 148.518157959, 94.5660705566, 90.1981811523, 95.6128463745, 73.5891494751, 61.8148994446], [-159.499633789, 215.090957642, 82.7412567139, 155.384643555, 101.814971924, 100.349380493, 148.518157959, 223.640579224, 123.522064209, 75.811668396, 79.2781143188, 67.436416626, 77.0963516235], [38.4074745178, 28.9938373566, 59.0155639648, 128.394607544, 154.860717773, 127.15776825, 94.5660705566, 123.522064209, 209.60534668, 134.805389404, 74.4378890991, 79.163192749, 45.9014549255], [-13.2821025848, 115.726593018, -42.4013137817, 98.6484069824, 145.429397583, 144.957382202, 90.1981811523, 75.811668396, 134.805389404, 186.334823608, 118.945091248, 63.1248283386, 11.2973394394], [-144.862792969, 153.797348022, -34.7763328552, 79.7130584717, 114.907325745, 119.213905334, 95.6128463745, 79.2781143188, 74.4378890991, 118.945091248, 167.066879272, 81.813835144, 2.67130851746], [-12.2818336487, 55.4067993164, 24.1455307007, 84.4263916016, 87.1838531494, 92.1322784424, 73.5891494751, 67.436416626, 79.163192749, 63.1248283386, 81.813835144, 116.993408203, 68.5110702515], [-20.3972129822, 127.176773071, 49.508266449, 52.2547683716, 37.0973052979, 42.6426086426, 61.8148994446, 77.0963516235, 45.9014549255, 11.2973394394, 2.67130851746, 68.5110702515, 169.78477478]], "icov": [[0.000141058364534, 6.04181586823e-05, 5.14735656907e-05, -2.78145471384e-05, 1.87482382898e-05, 3.12477022817e-05, 2.12940176425e-05, 4.7870536946e-05, -5.5358348618e-05, -0.000101093522971, 0.000164782890351, -9.65276849456e-05, -1.81423329195e-05], [6.04181586823e-05, 0.00049650541041, 9.64738046605e-06, 3.70786838175e-05, -5.40557157365e-05, 0.000114012866106, -0.00012086937204, -0.000393531809095, 0.000469723949209, -0.000386361294659, -0.00029877628549, 0.000331597606419, -0.00040338121471], [5.14735656907e-05, 9.64738046605e-06, 0.00128342024982, -0.000489487603772, 0.000885683402885, -0.00048656295985, -0.000439599010861, 0.000178849513759, -0.00108126015402, 0.00104248407297, 0.000150610358105, 6.22666775598e-05, -2.16512507905e-05], [-2.78145471384e-05, 3.70786838175e-05, -0.000489487603772, 0.00299766450189, -0.0018233632436, 0.00054337416077, 0.000372402137145, -0.00191479327623, 0.000988417305052, -0.000972761365119, 0.000865053967573, -0.00132631859742, 0.000503929622937], [1.87482382898e-05, -5.40557157365e-05, 0.000885683402885, -0.0018233632436, 0.00523517187685, -0.00273986719549, 0.000526314193849, 0.000877233629581, -0.00250838650391, 0.000968999811448, -0.00122614204884, 0.000852993165608, -0.000411262066336], [3.12477022817e-05, 0.000114012866106, -0.00048656295985, 0.00054337416077, -0.00273986719549, 0.00701780151576, -0.00300183705986, 0.000646189844701, 0.000834933540318, -0.00285297306255, 0.000310937932227, -0.00164275139105, 0.00015065347543], [2.12940176425e-05, -0.00012086937204, -0.000439599010861, 0.000372402137145, 0.000526314193849, -0.00300183705986, 0.00974978413433, -0.00484111206606, 0.00111166283023, -0.000807903707027, -0.0012824239675, -0.000551245699171, -0.000609984155744], [4.7870536946e-05, -0.000393531809095, 0.000178849513759, -0.00191479327623, 0.000877233629581, 0.000646189844701, -0.00484111206606, 0.0127787692472, -0.006920251064, 0.00419420329854, -0.00468117557466, 0.00373616209254, -0.00339849130251], [-5.5358348618e-05, 0.000469723949209, -0.00108126015402, 0.000988417305052, -0.00250838650391, 0.000834933540318, 0.00111166283023, -0.006920251064, 0.0166676044464, -0.0116581870243, 0.00689248740673, -0.00703751249239, 0.00172953563742], [-0.000101093522971, -0.000386361294659, 0.00104248407297, -0.000972761365119, 0.000968999811448, -0.00285297306255, -0.000807903707027, 0.00419420329854, -0.0116581870243, 0.0202030818909, -0.0112255215645, 0.00581116136163, -0.00119367451407], [0.000164782890351, -0.00029877628549, 0.000150610358105, 0.000865053967573, -0.00122614204884, 0.000310937932227, -0.0012824239675, -0.00468117557466, 0.00689248740673, -0.0112255215645, 0.0210962165147, -0.0136500233784, 0.00677544390783], [-9.65276849456e-05, 0.000331597606419, 6.22666775598e-05, -0.00132631859742, 0.000852993165608, -0.00164275139105, -0.000551245699171, 0.00373616209254, -0.00703751249239, 0.00581116136163, -0.0136500233784, 0.0248808506876, -0.00944871176034], [-1.81423329195e-05, -0.00040338121471, -2.16512507905e-05, 0.000503929622937, -0.000411262066336, 0.00015065347543, -0.000609984155744, -0.00339849130251, 0.00172953563742, -0.00119367451407, 0.00677544390783, -0.00944871176034, 0.0111762601882]]}, "spectral_contrast_coeffs": {"dmean": [0.0597804225981, 0.0549608580768, 0.0432524718344, 0.0358853563666, 0.0247664507478, 0.018554136157], "dmean2": [0.0957857519388, 0.0889855399728, 0.0701675340533, 0.0578396394849, 0.0393566191196, 0.028457434848], "dvar": [0.00260315160267, 0.00226310850121, 0.00127960555255, 0.000903352047317, 0.000449410959845, 0.000272348552244], "dvar2": [0.00653008045629, 0.00552439503372, 0.00311917276122, 0.00218883389607, 0.00103220157325, 0.000620626087766], "max": [-0.248641461134, -0.370255172253, -0.434048712254, -0.431403279305, -0.50821185112, -0.574798941612], "mean": [-0.681921541691, -0.734688580036, -0.782838463783, -0.789118766785, -0.800013244152, -0.791214466095], "median": [-0.70066267252, -0.755563616753, -0.794063270092, -0.800630807877, -0.807663321495, -0.795409023762], "min": [-0.981824457645, -0.963502109051, -0.963853478432, -0.955148935318, -0.96136122942, -0.960429787636], "var": [0.00962047185749, 0.0100991902873, 0.00493152532727, 0.00364033528604, 0.00219606189057, 0.00147429539356]}, "spectral_contrast_valleys": {"dmean": [0.551102280617, 0.573694348335, 0.482173144817, 0.487813591957, 0.492542088032, 0.555475234985], "dmean2": [0.814362227917, 0.880427241325, 0.724550426006, 0.690429151058, 0.674416422844, 0.685000479221], "dvar": [0.38906109333, 0.391293644905, 0.269355118275, 0.282369226217, 0.3067266047, 0.393017739058], "dvar2": [0.633726537228, 0.781861007214, 0.510956823826, 0.502039074898, 0.570165395737, 0.673953175545], "max": [-4.91470861435, -4.555580616, -4.98046207428, -5.66794776917, -5.40006494522, -7.00534343719], "mean": [-7.48916339874, -7.15165281296, -7.27562999725, -8.04222106934, -7.75542116165, -9.47458744049], "median": [-7.10574626923, -7.14520025253, -7.1929588317