{"lowlevel": {"average_loudness": 0.742530822754, "barkbands_crest": {"dmean": 3.48405909538, "dmean2": 5.35298871994, "dvar": 10.4900197983, "dvar2": 22.3968429565, "max": 26.4408855438, "mean": 11.2086458206, "median": 10.2378149033, "min": 2.19814157486, "var": 32.8247146606}, "barkbands_flatness_db": {"dmean": 0.0379430800676, "dmean2": 0.0559164397418, "dvar": 0.00154143676627, "dvar2": 0.00319548160769, "max": 0.414116591215, "mean": 0.129648834467, "median": 0.112679600716, "min": 0.018898639828, "var": 0.00468051340431}, "barkbands_kurtosis": {"dmean": 9.60433101654, "dmean2": 15.9234828949, "dvar": 1052.48950195, "dvar2": 2689.86206055, "max": 634.130004883, "mean": 10.0294094086, "median": 1.65019512177, "min": -1.85058867931, "var": 1097.92907715}, "barkbands_skewness": {"dmean": 1.13936924934, "dmean2": 1.80212771893, "dvar": 2.72352957726, "dvar2": 6.48555421829, "max": 23.9032058716, "mean": 1.84660577774, "median": 1.31671667099, "min": -4.11020088196, "var": 5.57570266724}, "barkbands_spread": {"dmean": 13.4734630585, "dmean2": 21.9413585663, "dvar": 234.710403442, "dvar2": 557.338378906, "max": 103.725860596, "mean": 28.30818367, "median": 24.9081878662, "min": 0.371983677149, "var": 366.124847412}, "dissonance": {"dmean": 0.0206922776997, "dmean2": 0.0343327559531, "dvar": 0.000513825681992, "dvar2": 0.00132013647817, "max": 0.500000178814, "mean": 0.467444211245, "median": 0.477572977543, "min": 0.279815763235, "var": 0.000988407875411}, "dynamic_complexity": 3.85011816025, "erbbands_crest": {"dmean": 2.69446563721, "dmean2": 4.24758243561, "dvar": 7.37752246857, "dvar2": 17.3638877869, "max": 31.0463447571, "mean": 8.51523780823, "median": 7.11076688766, "min": 2.22482800484, "var": 22.4838638306}, "erbbands_flatness_db": {"dmean": 0.026047937572, "dmean2": 0.0378369614482, "dvar": 0.000693442707416, "dvar2": 0.00127388723195, "max": 0.487035751343, "mean": 0.13484172523, "median": 0.119774408638, "min": 0.0304562207311, "var": 0.00411138823256}, "erbbands_kurtosis": {"dmean": 1.41342115402, "dmean2": 2.26483654976, "dvar": 4.05994796753, "dvar2": 10.3662261963, "max": 56.8423118591, "mean": 0.912917673588, "median": 0.281235218048, "min": -1.81101381779, "var": 6.36659002304}, "erbbands_skewness": {"dmean": 0.602634966373, "dmean2": 0.953559339046, "dvar": 0.367796361446, "dvar2": 0.914458334446, "max": 6.31966638565, "mean": 0.33883407712, "median": 0.400382310152, "min": -3.86538076401, "var": 0.806021630764}, "erbbands_spread": {"dmean": 15.984369278, "dmean2": 24.8208560944, "dvar": 316.968444824, "dvar2": 746.36730957, "max": 174.69078064, "mean": 45.9543914795, "median": 41.1148643494, "min": 2.47495961189, "var": 740.035827637}, "hfc": {"dmean": 15.5831642151, "dmean2": 25.4608383179, "dvar": 652.000366211, "dvar2": 1742.19348145, "max": 216.808151245, "mean": 22.9833889008, "median": 14.5465536118, "min": 1.00932396663e-07, "var": 738.813232422}, "melbands_crest": {"dmean": 4.0123128891, "dmean2": 6.21550893784, "dvar": 13.4132547379, "dvar2": 32.4605026245, "max": 34.2617950439, "mean": 15.6123170853, "median": 15.7087993622, "min": 2.14185500145, "var": 48.490650177}, "melbands_flatness_db": {"dmean": 0.0514874570072, "dmean2": 0.0762078538537, "dvar": 0.00287038530223, "dvar2": 0.00631039496511, "max": 0.537557721138, "mean": 0.192391440272, "median": 0.184637948871, "min": 0.0150446631014, "var": 0.00879740621895}, "melbands_kurtosis": {"dmean": 24.2109165192, "dmean2": 39.2237854004, "dvar": 3290.58154297, "dvar2": 7852.57373047, "max": 719.254577637, "mean": 31.8382968903, "median": 7.56269550323, "min": -1.80695044994, "var": 4950.05810547}, "melbands_skewness": {"dmean": 1.45360291004, "dmean2": 2.25165367126, "dvar": 4.02882957458, "dvar2": 9.35127639771, "max": 22.0945606232, "mean": 3.38865995407, "median": 2.34232616425, "min": -2.17300701141, "var": 10.4506511688}, "melbands_spread": {"dmean": 18.6786766052, "dmean2": 31.1127872467, "dvar": 750.24029541, "dvar2": 1901.99414062, "max": 214.296081543, "mean": 31.05626297, "median": 21.3388957977, "min": 0.39904615283, "var": 956.619506836}, "pitch_salience": {"dmean": 0.107990600169, "dmean2": 0.16585482657, "dvar": 0.0108487270772, "dvar2": 0.0254310052842, "max": 0.931888818741, "mean": 0.516927540302, "median": 0.525048673153, "min": 0.0610362030566, "var": 0.0306398104876}, "silence_rate_20dB": {"dmean": 0, "dmean2": 0, "dvar": 0, "dvar2": 0, "max": 1, "mean": 1, "median": 1, "min": 1, "var": 0}, "silence_rate_30dB": {"dmean": 0.0101214572787, "dmean2": 0.0202463306487, "dvar": 0.0100191701204, "dvar2": 0.027260273695, "max": 1, "mean": 0.993422150612, "median": 1, "min": 0, "var": 0.00653441157192}, "silence_rate_60dB": {"dmean": 0.0890688225627, "dmean2": 0.17799898982, "dvar": 0.081136867404, "dvar2": 0.188836365938, "max": 1, "mean": 0.125316247344, "median": 0, "min": 0, "var": 0.109613798559}, "spectral_centroid": {"dmean": 573.498840332, "dmean2": 931.530395508, "dvar": 469541.65625, "dvar2": 1120422.375, "max": 5824.85058594, "mean": 1613.03137207, "median": 1535.95275879, "min": 152.349136353, "var": 721367.125}, "spectral_complexity": {"dmean": 6.04520940781, "dmean2": 9.5044708252, "dvar": 52.362827301, "dvar2": 119.651245117, "max": 67, "mean": 15.137966156, "median": 14, "min": 0, "var": 114.652503967}, "spectral_decrease": {"dmean": 2.86867418708e-09, "dmean2": 4.19898338322e-09, "dvar": 1.68451344736e-17, "dvar2": 3.77706351036e-17, "max": -7.72621185556e-18, "mean": -6.79923450875e-09, "median": -4.02821775936e-09, "min": -3.9710975841e-08, "var": 5.35585583081e-17}, "spectral_energy": {"dmean": 0.011452681385, "dmean2": 0.0169380698353, "dvar": 0.000243788643274, "dvar2": 0.000544337613974, "max": 0.161483228207, "mean": 0.0277465470135, "median": 0.0173126645386, "min": 3.83154098726e-11, "var": 0.000820033543278}, "spectral_energyband_high": {"dmean": 0.00143591337837, "dmean2": 0.00246864231303, "dvar": 6.60508567307e-06, "dvar2": 1.79059934453e-05, "max": 0.0204830914736, "mean": 0.00142327102367, "median": 0.000697825162206, "min": 5.98279585595e-12, "var": 5.18205433764e-06}, "spectral_energyband_low": {"dmean": 0.00845845602453, "dmean2": 0.0125969164073, "dvar": 0.000259701308096, "dvar2": 0.00060082267737, "max": 0.147646203637, "mean": 0.01654593274, "median": 0.00507645541802, "min": 1.20677458911e-12, "var": 0.000612929230556}, "spectral_energyband_middle_high": {"dmean": 0.00267266202718, "dmean2": 0.00422199722379, "dvar": 2.55577051576e-05, "dvar2": 5.73860997974e-05, "max": 0.156597822905, "mean": 0.00508294114843, "median": 0.00209301407449, "min": 2.63232977082e-11, "var": 8.43949164846e-05}, "spectral_energyband_middle_low": {"dmean": 0.00417363177985, "dmean2": 0.0067324321717, "dvar": 5.54446560272e-05, "dvar2": 0.000144579491462, "max": 0.0648166164756, "mean": 0.00573823740706, "median": 0.00297619425692, "min": 4.92308624422e-12, "var": 6.09410089965e-05}, "spectral_entropy": {"dmean": 0.332280755043, "dmean2": 0.477327823639, "dvar": 0.118807248771, "dvar2": 0.238995850086, "max": 8.91784095764, "mean": 7.8141207695, "median": 7.94835615158, "min": 5.4425163269, "var": 0.329080671072}, "spectral_flux": {"dmean": 0.0375537239015, "dmean2": 0.0581034608185, "dvar": 0.00149848603178, "dvar2": 0.003511948511, "max": 0.375246196985, "mean": 0.0882826223969, "median": 0.0678872838616, "min": 1.78069731191e-05, "var": 0.00398168060929}, "spectral_kurtosis": {"dmean": 2.0654091835, "dmean2": 3.09758281708, "dvar": 13.0071353912, "dvar2": 28.5867710114, "max": 67.3302078247, "mean": 3.78269457817, "median": 2.62251186371, "min": -0.754965782166, "var": 19.0209503174}, "spectral_rms": {"dmean": 0.0010493643349, "dmean2": 0.00147781462874, "dvar": 1.24465270801e-06, "dvar2": 2.54848851e-06, "max": 0.0125516774133, "mean": 0.00448736501858, "median": 0.00410979380831, "min": 1.93341378463e-07, "var": 6.93339097779e-06}, "spectral_rolloff": {"dmean": 1593.57080078, "dmean2": 2734.09423828, "dvar": 5211078, "dvar2": 12010423, "max": 14771.7773438, "mean": 2496.93212891, "median": 1248.92578125, "min": 64.599609375, "var": 8759571}, "spectral_skewness": {"dmean": 0.365903526545, "dmean2": 0.529093027115, "dvar": 0.188005164266, "dvar2": 0.403234004974, "max": 6.38215208054, "mean": 1.52036798, "median": 1.4349206686, "min": 0.0127116777003, "var": 0.379028558731}, "spectral_spread": {"dmean": 1309165.25, "dmean2": 2001755.75, "dvar": 2129271324670.0, "dvar2": 4348870656000.0, "max": 13714977, "mean": 6509380.5, "median": 6253650.5, "min": 1127941.5, "var": 5308419145730.0}, "spectral_strongpeak": {"dmean": 0.447821706533, "dmean2": 0.721533954144, "dvar": 0.853958129883, "dvar2": 2.06270694733, "max": 15.2299594879, "mean": 0.804780006409, "median": 0.384495019913, "min": 4.67193194709e-06, "var": 1.91454553604}, "zerocrossingrate": {"dmean": 0.0250426176935, "dmean2": 0.0299182869494, "dvar": 0.00063243159093, "dvar2": 0.000785335607361, "max": 0.4541015625, "mean": 0.0875973626971, "median": 0.07080078125, "min": 0.00390625, "var": 0.00396565254778}, "barkbands": {"dmean": [0.000112107627501, 0.00638599740341, 0.00368486251682, 0.00183508603368, 0.000879146566149, 0.000596450874582, 0.000468993646791, 0.000759856833611, 0.000467835081508, 0.000449761835625, 0.00057151488727, 0.000584087101743, 0.000205440825084, 0.000292869925033, 0.000296389858704, 0.000188148158486, 0.000206171665923, 0.000307133945171, 0.000466714147478, 0.000271684053587, 0.00024516688427, 0.000327487417962, 0.000263627443928, 0.000247707124799, 0.000163626071298, 9.35561183724e-05, 5.54991383979e-05], "dmean2": [0.000152721899212, 0.0098196323961, 0.00567100476474, 0.00334347505122, 0.00142349477392, 0.00099140626844, 0.000728234532289, 0.00120738416445, 0.000732150103431, 0.000722088909242, 0.000835903279949, 0.000875874247868, 0.000324834720232, 0.000471621140605, 0.000469632592285, 0.000311296986183, 0.00035030359868, 0.000543079571798, 0.00083599507343, 0.000481581955682, 0.000439818802988, 0.000598103390075, 0.000459340430098, 0.000424068217399, 0.000264615344349, 0.000154840774485, 9.11602328415e-05], "dvar": [5.2209198742e-08, 0.000173808293766, 8.43532834551e-05, 3.05376088363e-05, 4.84423526359e-06, 1.69698046193e-06, 7.9535277564e-07, 2.54719589066e-06, 1.63074821558e-06, 5.1187871577e-06, 4.72853616884e-06, 4.69364931632e-06, 2.08459468354e-07, 1.34904496463e-06, 5.81386302656e-07, 2.22956202833e-07, 3.63999049569e-07, 6.99594011166e-07, 1.64183995821e-06, 4.60076222453e-07, 3.73811758436e-07, 5.30495981366e-07, 2.05246124096e-07, 2.09935066664e-07, 6.65411192813e-08, 2.3670935434e-08, 1.27123156446e-08], "dvar2": [9.99843834393e-08, 0.000391132489312, 0.000194446911337, 8.75802579685e-05, 1.24712323668e-05, 4.74558009955e-06, 1.71528199644e-06, 5.43609985471e-06, 3.44263935403e-06, 1.12170109787e-05, 7.13452982382e-06, 9.90607804852e-06, 4.35669846865e-07, 2.98815348287e-06, 1.27829355279e-06, 4.7954870297e-07, 7.52039738927e-07, 1.84425186944e-06, 4.53972370451e-06, 1.29544923766e-06, 1.05286824237e-06, 1.49077163769e-06, 5.55922554213e-07, 5.74460614189e-07, 1.65890639892e-07, 5.99588290129e-08, 2.90730817198e-08], "max": [0.00636452203616, 0.139411658049, 0.078409999609, 0.0572605133057, 0.0347107164562, 0.0164506677538, 0.0397195443511, 0.0200196038932, 0.026314791292, 0.101868785918, 0.134075596929, 0.100451171398, 0.0116366008297, 0.0505941100419, 0.0232172086835, 0.0150087131187, 0.0269132219255, 0.0155570944771, 0.0168889649212, 0.00641942489892, 0.00459748785943, 0.00688031828031, 0.00408484553918, 0.00379397324286, 0.00255744089372, 0.0014595745597, 0.000833354250062], "mean": [0.000314647186315, 0.011096553877, 0.00415462814271, 0.0015219503548, 0.000988328130916, 0.000746321573388, 0.000737924827263, 0.000949891575146, 0.00068712112261, 0.000536635227036, 0.000902064377442, 0.001088014571, 0.000276753591606, 0.00051186355995, 0.000426439917646, 0.000256331986748, 0.000233667073189, 0.000298497616313, 0.000439248135081, 0.000268786359811, 0.000211583959754, 0.000261084991507, 0.000258701154962, 0.000247374729952, 0.000190281614778, 9.60792094702e-05, 4.57969254057e-05], "median": [4.14476235164e-05, 0.00291136559099, 0.000780070084147, 0.000287103350274, 0.000253295147559, 0.000282312656054, 0.000215775842662, 0.00035889443825, 0.000182231538929, 0.000147864338942, 0.000308596674586, 0.000273898127489, 9.20398306334e-05, 8.18760963739e-05, 0.000115274786367, 7.05954516889e-05, 5.88112307014e-05, 4.32628548879e-05, 5.42799971299e-05, 6.96291754139e-05, 5.2784133004e-05, 6.33428426227e-05, 0.000111225475848, 0.000107285952254, 0.000100752884464, 4.09623826272e-05, 6.6823281486e-06], "min": [4.71960849308e-13, 1.46430393852e-13, 2.64082257174e-14, 2.38875386756e-14, 3.34728908003e-13, 9.31179612584e-13, 9.62280385583e-13, 5.89686285912e-13, 3.79097090091e-13, 3.27217593299e-12, 5.82818038622e-12, 4.65532560417e-12, 2.48840466462e-12, 4.53942395826e-12, 3.79464949046e-12, 3.11230370902e-13, 1.76610787626e-13, 7.13903762495e-13, 5.59873382464e-13, 7.31581136816e-13, 5.60806230013e-13, 2.64857309262e-13, 1.18900733443e-12, 5.92475721262e-13, 6.28271848609e-13, 6.24623183038e-13, 1.53038790408e-12], "var": [3.80540427614e-07, 0.000334449519869, 9.50907342485e-05, 1.8495014956e-05, 4.44109809905e-06, 1.83946053767e-06, 6.56081738271e-06, 3.38825793733e-06, 3.17618832923e-06, 7.60465582061e-06, 1.15614175229e-05, 1.45893700392e-05, 3.40190155157e-07, 6.21143317403e-06, 9.71606596067e-07, 5.37972994152e-07, 8.59669796682e-07, 8.34516072246e-07, 1.5195657852e-06, 3.50176236452e-07, 2.58686128518e-07, 3.46930704609e-07, 1.63910527817e-07, 1.60711081776e-07, 7.01670117564e-08, 2.12052455595e-08, 1.18008278704e-08]}, "erbbands": {"dmean": [0.141750440001, 1.60724663734, 4.19789934158, 5.36775827408, 3.76073002815, 2.951141119, 4.29157781601, 5.13445997238, 4.89638137817, 13.5003013611, 11.8148097992, 11.3720369339, 11.6465702057, 19.186170578, 23.270740509, 19.6934108734, 9.73794746399, 10.6511478424, 16.6585483551, 11.5104837418, 10.8431138992, 11.7244644165, 16.7299671173, 23.3734531403, 18.6306648254, 13.4768753052, 9.85750579834, 9.97740745544, 10.4708747864, 10.5504550934, 7.20358562469, 6.29599475861, 3.51045918465, 2.06563639641, 0.982562720776, 0.477578431368, 0.157542794943, 0.0406539589167, 0.00788506586105, 0.000820493325591], "dmean2": [0.21073050797, 2.49362397194, 6.19555902481, 9.35996055603, 6.57554721832, 4.88515853882, 7.23210525513, 8.49589538574, 7.72992706299, 20.3862400055, 19.419424057, 16.6506671906, 18.7093486786, 28.073261261, 33.1822547913, 29.4166183472, 15.6054878235, 16.9893093109, 26.3795394897, 18.4217319489, 17.6021938324, 19.746213913, 29.6645851135, 41.5071792603, 33.4049987793, 24.2623329163, 17.8148231506, 17.9344100952, 18.98005867, 19.1449203491, 12.3934993744, 11.0057764053, 5.87956190109, 3.35379815102, 1.6141242981, 0.787290632725, 0.264562368393, 0.0680457577109, 0.0130811622366, 0.00134709500708], "dvar": [0.0828706398606, 11.4249982834, 102.097206116, 234.836364746, 90.035369873, 69.0760574341, 103.166191101, 115.991088867, 122.135932922, 575.08770752, 692.765075684, 884.875244141, 1762.6373291, 7578.515625, 3876.49560547, 6715.12402344, 524.608337402, 1042.60742188, 3155.37915039, 727.239807129, 815.244750977, 1009.08215332, 2070.00732422, 4121.93261719, 2329.54516602, 1325.95141602, 628.797546387, 614.842529297, 498.701171875, 497.395874023, 139.038482666, 145.374557495, 34.1878013611, 10.8470458984, 2.34296393394, 0.658295035362, 0.0664255991578, 0.0047329235822, 0.000237731335801, 3.72216095457e-06], "dvar2": [0.187248170376, 26.0511989594, 230.948104858, 655.042724609, 246.653533936, 186.963760376, 286.775817871, 314.999420166, 264.208251953, 1138.41894531, 1552.50732422, 1565.37036133, 3798.98291016, 12822.5283203, 6720.40820312, 14450.7539062, 1327.07800293, 2552.52734375, 6357.14111328, 1724.3092041, 1724.09411621, 2102.63085938, 5524.79785156, 10889.7929688, 6599.61376953, 3779.31860352, 1767.84765625, 1739.07519531, 1392.64611816, 1387.12011719, 373.152648926, 402.313140869, 90.1989746094, 27.5288581848, 5.84720563889, 1.66221761703, 0.168895497918, 0.0121363587677, 0.000579016108532, 8.34983620734e-06], "max": [3.78402733803, 31.6264076233, 90.0043563843, 154.996383667, 94.0645980835, 154.003158569, 125.754676819, 140.540267944, 734.139892578, 237.880004883, 386.289825439, 542.859069824, 1528.27600098, 5167.2421875, 1617.84521484, 4322.12255859, 1008.47357178, 1516.65478516, 2390.40112305, 791.955993652, 945.124511719, 1696.14379883, 759.607788086, 1202.15185547, 366.195922852, 344.191772461, 220.168777466, 179.442337036, 192.329071045, 192.502044678, 107.179016113, 111.562797546, 50.1983795166, 30.0603923798, 13.5703392029, 8.24897766113, 2.44530487061, 0.549711227417, 0.130963042378, 0.0145499445498], "mean": [0.28005990386, 2.6000828743, 5.27570915222, 5.20320320129, 3.46039485931, 3.28658461571, 4.97776460648, 6.76663589478, 9.30740737915, 17.6440315247, 15.623249054, 17.2855911255, 14.384428978, 30.8706989288, 37.4905738831, 37.1041374207, 16.5104217529, 16.0992298126, 29.7278690338, 17.3399238586, 15.3176364899, 14.1268081665, 16.893415451, 21.7641048431, 18.479019165, 12.3179569244, 8.72644996643, 8.47489070892, 8.64595603943, 8.80466556549, 7.19304800034, 6.00761032104, 3.72411489487, 2.35901832581, 1.16014933586, 0.522571444511, 0.151704758406, 0.0349384099245, 0.00652426667511, 0.000687024788931], "median": [0.105185292661, 0.446475803852, 0.765139698982, 1.32076466084, 0.66183000803, 0.95138835907, 1.55751562119, 2.56050515175, 2.51523160934, 6.54004907608, 7.18812179565, 4.44561243057, 5.5296087265, 7.31162786484, 15.1394758224, 11.5462503433, 6.13086509705, 4.79269504547, 6.31523990631, 5.99221324921, 3.94710803032, 3.54177379608, 2.67754435539, 2.56473588943, 3.55228090286, 3.1670293808, 2.13448643684, 2.19636940956, 2.30569791794, 2.49074912071, 2.93631958961, 2.37680602074, 1.8030923605, 1.25745880604, 0.592483103275, 0.232093796134, 0.0622712783515, 0.0100976498798, 0.00112901709508, 0.000101542922494], "min": [1.73412777194e-11, 4.88937536292e-11, 1.03001010499e-10, 2.58009669185e-10, 4.25695423356e-10, 1.12993259194e-09, 2.16298978728e-09, 1.12699272137e-08, 1.34358488779e-08, 1.37128077782e-08, 1.24125323353e-08, 8.90842777324e-09, 5.00423453786e-08, 1.82261388204e-07, 2.36589201563e-07, 1.74622201143e-07, 1.12721714629e-07, 2.37804314906e-07, 2.0881937246e-07, 1.13346644071e-07, 1.80463182176e-08, 1.05428226149e-08, 2.39116246803e-08, 4.79843542678e-08, 2.26323759733e-08, 3.6324681929e-08, 4.109731222e-08, 1.03053254819e-08, 9.75726521801e-09, 1.76055969803e-08, 3.78900182341e-08, 1.46655345645e-08, 1.01610888592e-08, 9.73353131428e-09, 3.07372838293e-09, 2.54466048233e-09, 1.06534392419e-09, 8.51017478709e-10, 3.32599947583e-10, 1.13893850948e-11], "var": [0.1792101264, 21.3631038666, 135.712265015, 166.292617798, 63.7953643799, 55.4804611206, 102.633117676, 163.697662354, 2001.54040527, 918.924255371, 914.158447266, 2058.02978516, 2235.90307617, 25271.734375, 10075.3300781, 15563.5361328, 1213.6217041, 2411.64453125, 13216.4169922, 1192.13049316, 2255.8371582, 2434.09985352, 2589.359375, 4060.88745117, 1832.17504883, 865.646484375, 434.591033936, 414.934143066, 338.217559814, 334.391815186, 117.417015076, 106.178253174, 29.7575626373, 11.0169610977, 2.51161766052, 0.616232573986, 0.0570607483387, 0.00385671877302, 0.000203744493774, 3.50577374775e-06]}, "gfcc": {"mean": [-14.282374382, 45.4926681519, -101.720314026, 13.644701004, -57.3715171814, 22.6664886475, -31.7436962128, 10.970240593, -21.1336765289, 2.99754738808, -12.3067455292, -0.967067658901, -13.9885845184], "cov": [[13491.5087891, -18.5604038239, 2142.2722168, 1771.03833008, 408.508911133, 417.609649658, -59.7534370422, 175.121002197, -71.7154312134, -131.413909912, -350.400421143, 6.00710916519, -155.623275757], [-18.5604038239, 2343.98364258, 391.00213623, 304.228851318, 473.72869873, 205.727203369, 198.347595215, 140.012741089, 128.800750732, -11.3532981873, 127.200035095, -44.1426811218, 107.064102173], [2142.2722168, 391.00213623, 1859.18591309, 829.302307129, 255.265960693, 308.152893066, 166.777206421, 80.2137374878, 74.2478256226, 38.3604240417, -109.696838379, 65.7813262939, 6.1413526535], [1771.03833008, 304.228851318, 829.302307129, 1148.81286621, 498.477050781, 319.298217773, 281.726623535, 169.357192993, 82.7378234863, 39.0424003601, 14.5195178986, 41.1358375549, 18.8358078003], [408.508911133, 473.72869873, 255.265960693, 498.477050781, 599.086730957, 247.00843811, 277.491241455, 161.91166687, 70.5360107422, 70.5596694946, 84.4902038574, 26.7838954926, 38.7653999329], [417.609649658, 205.727203369, 308.152893066, 319.298217773, 247.00843811, 377.131378174, 182.740890503, 127.450942993, 62.7022972107, 79.0960769653, 36.5992126465, 28.093957901, 40.0394134521], [-59.7534370422, 198.347595215, 166.777206421, 281.726623535, 277.491241455, 182.740890503, 302.682647705, 108.215934753, 83.2248001099, 56.1098899841, 69.2220001221, 21.8265628815, 40.5085983276], [175.121002197, 140.012741089, 80.2137374878, 169.357192993, 161.91166687, 127.450942993, 108.215934753, 192.976028442, 64.4260177612, 60.1939964294, 55.3718261719, 32.6875991821, 17.4003295898], [-71.7154312134, 128.800750732, 74.2478256226, 82.7378234863, 70.5360107422, 62.7022972107, 83.2248001099, 64.4260177612, 120.083450317, 28.8040866852, 28.4264659882, 10.7087278366, 15.7616357803], [-131.413909912, -11.3532981873, 38.3604240417, 39.0424003601, 70.5596694946, 79.0960769653, 56.1098899841, 60.1939964294, 28.8040866852, 117.393714905, 51.581653595, 30.0903968811, 18.0653095245], [-350.400421143, 127.200035095, -109.696838379, 14.5195178986, 84.4902038574, 36.5992126465, 69.2220001221, 55.3718261719, 28.4264659882, 51.581653595, 129.780349731, 20.5863399506, 33.2795753479], [6.00710916519, -44.1426811218, 65.7813262939, 41.1358375549, 26.7838954926, 28.093957901, 21.8265628815, 32.6875991821, 10.7087278366, 30.0903968811, 20.5863399506, 84.1433410645, 35.5327644348], [-155.623275757, 107.064102173, 6.1413526535, 18.8358078003, 38.7653999329, 40.0394134521, 40.5085983276, 17.4003295898, 15.7616357803, 18.0653095245, 33.2795753479, 35.5327644348, 101.176605225]], "icov": [[0.000116637456813, 1.74921933649e-05, -6.84760088916e-05, -0.000155249916133, -2.03129311558e-05, -5.44617032574e-05, 0.00019942453946, -0.000138194809551, 0.000100602461316, 0.000122926256154, 0.000144033139804, 3.54189432983e-05, 6.97743889759e-05], [1.74921933649e-05, 0.000667015789077, -0.000241259927861, 0.00018848934269, -0.00062221835833, -5.79549850954e-05, 0.000368618697394, -0.000179201015271, -0.000447824393632, 0.000714188441634, -0.00067802000558, 0.000902343657799, -0.000706439255737], [-6.84760088916e-05, -0.000241259927861, 0.00108359323349, -0.000650623405818, 0.000400709104724, -0.000327293295413, -0.000235498344409, 0.000434006738942, -0.000220052068471, -0.000642315426376, 0.00119007693138, -0.000930435257033, 0.000285249989247], [-0.000155249916133, 0.00018848934269, -0.000650623405818, 0.00232856441289, -0.00128508883063, -0.00028835007106, -0.000525739800651, -0.000309130584355, -0.000181194394827, 0.000865152222104, -0.000402426725486, 4.17701958213e-05, 2.9332268241e-05], [-2.03129311558e-05, -0.00062221835833, 0.000400709104724, -0.00128508883063, 0.0045641832985, -0.000453615008155, -0.00241109961644, -0.000799204397481, 0.00115758378524, -0.000850955024362, -0.000169733946677, -0.000407629617257, 0.000546251540072], [-5.44617032574e-05, -5.79549850954e-05, -0.000327293295413, -0.00028835007106, -0.000453615008155, 0.00511456048116, -0.00145698862616, -0.00136985245626, 0.000152155509568, -0.00205246265978, 0.000848134339321, 0.000717675953638, -0.00116843881551], [0.00019942453946, 0.000368618697394, -0.000235498344409, -0.000525739800651, -0.00241109961644, -0.00145698862616, 0.00798656232655, -0.000248829543125, -0.00267849583179, 0.000566148664802, -0.00163846625946, 0.000896857352927, -0.00108545599505], [-0.000138194809551, -0.000179201015271, 0.000434006738942, -0.000309130584355, -0.000799204397481, -0.00136985245626, -0.000248829543125, 0.00945021025836, -0.00285862828605, -0.00180797395296, -0.00142470735591, -0.00240461691283, 0.00141222507227], [0.000100602461316, -0.000447824393632, -0.000220052068471, -0.000181194394827, 0.00115758378524, 0.000152155509568, -0.00267849583179, -0.00285862828605, 0.011932647787, -0.000869383162353, 0.000116227121907, 0.000200585782295, -7.63477801229e-05], [0.000122926256154, 0.000714188441634, -0.000642315426376, 0.000865152222104, -0.000850955024362, -0.00205246265978, 0.000566148664802, -0.00180797395296, -0.000869383162353, 0.0138259781525, -0.00449597463012, -0.00192739861086, 0.000356305652531], [0.000144033139804, -0.00067802000558, 0.00119007693138, -0.000402426725486, -0.000169733946677, 0.000848134339321, -0.00163846625946, -0.00142470735591, 0.000116227121907, -0.00449597463012, 0.0135591048747, -0.00139308581129, -0.00161391671281], [3.54189432983e-05, 0.000902343657799, -0.000930435257033, 4.17701958213e-05, -0.000407629617257, 0.000717675953638, 0.000896857352927, -0.00240461691283, 0.000200585782295, -0.00192739861086, -0.00139308581129, 0.017287293449, -0.00622513936833], [6.97743889759e-05, -0.000706439255737, 0.000285249989247, 2.9332268241e-05, 0.000546251540072, -0.00116843881551, -0.00108545599505, 0.00141222507227, -7.63477801229e-05, 0.000356305652531, -0.00161391671281, -0.00622513936833, 0.0138259930536]]}, "melbands": {"dmean": [0.0015798478853, 0.00203454052098, 0.000866998918355, 0.000223280701903, 0.000144743113196, 0.000112322602945, 8.05919189588e-05, 0.000164419208886, 8.53401143104e-05, 7.41666954127e-05, 6.15584140178e-05, 7.809267845e-05, 7.12500113877e-05, 6.62877719151e-05, 3.83451260859e-05, 1.94323511096e-05, 2.28069820878e-05, 2.91037667921e-05, 2.45275350608e-05, 1.19643455037e-05, 1.39283965837e-05, 1.2081362911e-05, 1.55240541062e-05, 1.43419310916e-05, 2.0817749828e-05, 1.47209120769e-05, 1.2313696061e-05, 8.23007030704e-06, 6.27896224614e-06, 5.3462372307e-06, 6.23230698693e-06, 5.80900905334e-06, 6.61013064018e-06, 5.49836249775e-06, 4.20933474743e-06, 3.76605021302e-06, 4.08816185882e-06, 2.41818634095e-06, 2.2981780603e-06, 1.60559602591e-06], "dmean2": [0.00240076356567, 0.00298204901628, 0.00149333744776, 0.000376833108021, 0.000243305315962, 0.000185706332559, 0.000125789112644, 0.000249552045716, 0.000141313284985, 0.000112546840683, 9.98730101855e-05, 0.000115622955491, 0.000102653270005, 9.84479702311e-05, 6.10489587416e-05, 3.11928379233e-05, 3.58612560376e-05, 4.63932701678e-05, 3.8459438656e-05, 1.99573314603e-05, 2.27565269597e-05, 2.01932580239e-05, 2.69199626928e-05, 2.56071834883e-05, 3.6866778828e-05, 2.61726181634e-05, 2.19616194954e-05, 1.49125844473e-05, 1.13297901407e-05, 9.61203659244e-06, 1.1326747881e-05, 1.05309745777e-05, 1.20838913062e-05, 9.94402944343e-06, 7.23378025214e-06, 6.53069400869e-06, 7.23908260625e-06, 4.03085641665e-06, 3.89000933865e-06, 2.60942124441e-06], "dvar": [1.05724402601e-05, 1.88416543097e-05, 5.63113053431e-06, 3.31112431695e-07, 1.14149962371e-07, 5.54469146152e-08, 2.75180909171e-08, 9.15933711099e-08, 3.34792531476e-08, 4.42821956881e-08, 5.44252074519e-08, 1.31427412953e-07, 3.93059593762e-08, 5.19704705937e-08, 4.12960048379e-08, 1.28616561845e-09, 6.35018659878e-09, 1.40223548328e-08, 4.85944839923e-09, 7.18685555512e-10, 1.8804857671e-09, 1.39694644741e-09, 2.35002328708e-09, 1.56668455986e-09, 3.3366398533e-09, 1.43360834315e-09, 9.64725410668e-10, 5.24711163408e-10, 2.62331795176e-10, 1.7025976462e-10, 2.58166071854e-10, 1.62211924448e-10, 2.01411554102e-10, 1.35738351115e-10, 4.9646540351e-11, 4.59795083951e-11, 7.11544226317e-11, 1.58778667297e-11, 1.5127871178e-11, 6.55140525163e-12], "dvar2": [2.36101041082e-05, 4.41375595983e-05, 1.55534253281e-05, 8.80951631643e-07, 3.15443742238e-07, 1.50950981492e-07, 5.97863873963e-08, 1.84798665259e-07, 7.54759028609e-08, 8.43153955543e-08, 1.14796321782e-07, 2.43223354346e-07, 6.35666239646e-08, 1.09427219286e-07, 9.99105509436e-08, 3.03595903972e-09, 1.50952566003e-08, 2.81594658702e-08, 1.06665671851e-08, 1.7789424378e-09, 3.89034537918e-09, 2.55194620991e-09, 5.84609383125e-09, 4.12399314698e-09, 8.6757117046e-09, 3.91945098599e-09, 2.68593769448e-09, 1.50331036508e-09, 7.22425508304e-10, 4.86092999186e-10, 7.3095862696e-10, 4.54725646026e-10, 5.62291879724e-10, 3.785748659e-10, 1.33029878779e-10, 1.26752816576e-10, 1.99005131818e-10, 4.16105656875e-11, 3.96230097344e-11, 1.6382183804e-11], "max": [0.038223657757, 0.0383298359811, 0.02514334023, 0.0090092709288, 0.00408764742315, 0.00404925318435, 0.00929331220686, 0.00294346013106, 0.00373875512742, 0.00421216292307, 0.00800689030439, 0.0190279558301, 0.00867936108261, 0.00690783979371, 0.0112233646214, 0.00101314217318, 0.003597763367, 0.00523091806099, 0.00213588867337, 0.000862654182129, 0.00148211978376, 0.00241560814902, 0.00143621396273, 0.000723219302017, 0.00123091018759, 0.000476401182823, 0.000326944078552, 0.00022581013036, 0.00014412215387, 0.000101902216556, 0.000119898482808, 0.000107322390249, 0.000140927106258, 0.000106024861452, 7.26388461771e-05, 7.97460816102e-05, 7.18266383046e-05, 3.51828894054e-05, 3.70120287698e-05, 2.21003629122e-05], "mean": [0.00285831931978, 0.00310346973129, 0.000864850007929, 0.000226399497478, 0.000170631741639, 0.000153774773935, 0.000139536481583, 0.00021151835972, 0.000113236055768, 0.000110122673505, 6.87272768118e-05, 0.000119183510833, 0.00011180157162, 0.000125509948703, 6.9094079663e-05, 2.58081981883e-05, 3.14257304126e-05, 5.23884227732e-05, 3.5831322748e-05, 1.49707057062e-05, 1.84104355867e-05, 1.44467276186e-05, 1.55574234668e-05, 1.30757589432e-05, 1.87275345525e-05, 1.46561942529e-05, 1.20071808851e-05, 7.1059421316e-06, 5.54666576136e-06, 4.66486335426e-06, 5.06814421897e-06, 4.77346156913e-06, 5.21836136613e-06, 4.69237375e-06, 4.1209864321e-06, 3.90931882066e-06, 3.65245932699e-06, 2.59587727669e-06, 2.3684297048e-06, 1.86961187865e-06], "median": [0.000942242739256, 0.000481775059598, 0.000221804453759, 5.40004111826e-05, 5.47667477804e-05, 5.58920364711e-05, 4.04118800361e-05, 8.16758984001e-05, 5.26604271727e-05, 2.4447330361e-05, 2.34975523199e-05, 2.42484074988e-05, 4.26198384957e-05, 3.75412564608e-05, 1.64279717865e-05, 9.50502817432e-06, 6.89983471602e-06, 8.21502999315e-06, 9.50741014094e-06, 5.10608015247e-06, 3.62718878932e-06, 3.72530826098e-06, 2.2214371711e-06, 1.88332614925e-06, 2.00128692995e-06, 2.13429598261e-06, 2.55319878306e-06, 1.74041019818e-06, 1.24399059587e-06, 1.17705303637e-06, 1.22106280287e-06, 1.23362224258e-06, 1.23140750929e-06, 1.47068362821e-06, 1.62998458109e-06, 1.7270212993e-06, 1.30519049435e-06, 1.19222477224e-06, 1.22877702324e-06, 9.58263854045e-07], "min": [1.64931680509e-13, 5.99297833039e-14, 2.50514737535e-14, 4.93498335729e-14, 2.86499373758e-14, 2.01134234593e-13, 2.05877795281e-13, 1.45714061477e-13, 9.46538515427e-14, 5.16240933194e-14, 2.55810482389e-13, 7.10610715236e-13, 8.03621112797e-13, 6.0144792792e-13, 2.65036527881e-13, 2.99505130983e-13, 4.55556057287e-13, 3.27796329577e-13, 2.69928366768e-13, 4.80804157881e-14, 1.5122172381e-14, 1.11754393039e-14, 1.06628945853e-14, 3.38711501067e-14, 4.05451971368e-14, 1.94379560191e-14, 1.03384225212e-14, 2.84568443571e-14, 3.27528768809e-14, 8.00686353699e-15, 5.64228170276e-15, 6.89183952962e-15, 3.32932144446e-15, 1.32121605187e-14, 2.37039188733e-14, 1.69037062857e-14, 5.85604783117e-15, 6.26212813158e-15, 8.24893877705e-15, 7.8654810326e-15], "var": [2.03226700251e-05, 3.33192001563e-05, 4.15863496528e-06, 2.61577639549e-07, 1.13282609959e-07, 1.05069155154e-07, 3.34052629114e-07, 1.39663299592e-07, 5.03633970084e-08, 9.41398354826e-08, 6.72339197649e-08, 3.9560157461e-07, 9.57390255962e-08, 1.98621108893e-07, 7.98122599122e-08, 1.96520599793e-09, 1.34588411527e-08, 6.40957651399e-08, 8.27902280065e-09, 9.85566628309e-10, 4.8592396773e-09, 4.2432852787e-09, 3.27654481325e-09, 1.54145540776e-09, 3.35607963642e-09, 1.51244738955e-09, 8.21359147363e-10, 3.32918165258e-10, 1.85936391284e-10, 1.23417373543e-10, 1.65944646913e-10, 1.0842340914e-10, 1.33991026607e-10, 9.16271364337e-11, 4.09773881493e-11, 3.71696597112e-11, 4.81285185316e-11, 1.44002804472e-11, 1.27883320253e-11, 7.03435573679e-12]}, "mfcc": {"mean": [-664.190185547, 89.8923797607, 11.1810302734, 1.00459945202, 1.76768910885, 5.48374652863, 4.37070989609, 5.71355581284, -1.39184784889, 4.85894727707, -0.960357546806, 0.855791151524, 5.8130607605], "cov": [[9066.77246094, -206.269256592, 543.52355957, 854.873168945, 390.620483398, 243.097106934, 168.879776001, 279.74810791, 108.882865906, 125.581352234, 82.6314315796, -3.17280864716, -135.322937012], [-206.269256592, 1950.71630859, 118.564796448, 65.1885986328, 215.819030762, 62.1013565063, 147.385620117, 68.5620727539, 105.894897461, 83.6032409668, -5.12932634354, 114.756729126, 95.0268630981], [543.52355957, 118.564796448, 1193.99694824, 399.744018555, 192.841995239, 273.726745605, 99.8899612427, 121.997955322, 171.795730591, 21.1426849365, 44.7547340393, 80.1030883789, -24.0503482819], [854.873168945, 65.1885986328, 399.744018555, 820.759033203, 349.092803955, 301.977264404, 276.25769043, 235.018157959, 160.102294922, 98.3044891357, 131.745498657, 72.4366378784, 17.6418876648], [390.620483398, 215.819030762, 192.841995239, 349.092803955, 333.676849365, 201.87677002, 207.104553223, 159.574966431, 109.512565613, 95.0379104614, 82.1032333374, 60.8011169434, 45.1980438232], [243.097106934, 62.1013565063, 273.726745605, 301.977264404, 201.87677002, 348.91973877, 219.224456787, 151.750839233, 141.748336792, 92.9903106689, 83.5623245239, 49.0154571533, 33.2199859619], [168.879776001, 147.385620117, 99.8899612427, 276.25769043, 207.104553223, 219.224456787, 305.98739624, 157.125228882, 101.316329956, 127.720932007, 93.2452011108, 53.6678848267, 68.5216064453], [279.74810791, 68.5620727539, 121.997955322, 235.018157959, 159.574966431, 151.750839233, 157.125228882, 198.076416016, 113.343780518, 77.2559432983, 75.8408737183, 60.1725769043, 44.7115440369], [108.882865906, 105.894897461, 171.795730591, 160.102294922, 109.512565613, 141.748336792, 101.316329956, 113.343780518, 161.127914429, 61.7740745544, 48.2056465149, 59.1677436829, 29.5040721893], [125.581352234, 83.6032409668, 21.1426849365, 98.3044891357, 95.0379104614, 92.9903106689, 127.720932007, 77.2559432983, 61.7740745544, 140.003143311, 60.4661254883, 39.9469490051, 39.8482322693], [82.6314315796, -5.12932634354, 44.7547340393, 131.745498657, 82.1032333374, 83.5623245239, 93.2452011108, 75.8408737183, 48.2056465149, 60.4661254883, 122.128898621, 50.2349014282, 35.5637550354], [-3.17280864716, 114.756729126, 80.1030883789, 72.4366378784, 60.8011169434, 49.0154571533, 53.6678848267, 60.1725769043, 59.1677436829, 39.9469490051, 50.2349014282, 98.0287322998, 46.9671783447], [-135.322937012, 95.0268630981, -24.0503482819, 17.6418876648, 45.1980438232, 33.2199859619, 68.5216064453, 44.7115440369, 29.5040721893, 39.8482322693, 35.5637550354, 46.9671783447, 98.649520874]], "icov": [[0.000131640466861, 1.29255322463e-05, -2.40702956944e-05, -0.00011310098489, -7.2818264016e-05, 3.3726759284e-05, 0.000105679369881, -0.000170191866346, 0.000104933700641, -0.000157048707479, 5.27580195921e-05, 4.5217191655e-05, 0.000199730551685], [1.29255322463e-05, 0.000644739135168, -3.11023977702e-05, 0.000137249444379, -0.000571848126128, 0.00026793620782, -0.000293836346827, 0.000314795091981, -0.000297229446005, -6.61788435536e-05, 0.000581381667871, -0.000642326893285, -0.000190414328245], [-2.40702956944e-05, -3.11023977702e-05, 0.00126842700411, -0.000386701343814, -9.31244867388e-05, -0.000856426777318, 0.000444945704658, 0.000337326724548, -0.000662626873236, 0.000398445001338, 0.000326247274643, -0.000891307892743, 0.000588424445596], [-0.00011310098489, 0.000137249444379, -0.000386701343814, 0.00305136595853, -0.00180075189564, -0.000209097226616, -0.00107782997657, -0.000966134248301, -0.000134748843266, 0.00100617983844, -0.00106143346056, -5.75629419473e-05, 0.00119860947598], [-7.2818264016e-05, -0.000571848126128, -9.31244867388e-05, -0.00180075189564, 0.0079096602276, -0.00102721725125, -0.00145493389573, -0.00171287590638, 0.000391954818042, -0.0007011735579, -3.45028929587e-05, -0.000173890191945, -0.000479585985886], [3.3726759284e-05, 0.00026793620782, -0.000856426777318, -0.000209097226616, -0.00102721725125, 0.00782359484583, -0.00368941249326, 2.78059815173e-05, -0.00342165934853, 0.000254596350715, -0.000849114556331, 0.0013956775656, 0.000565014779568], [0.000105679369881, -0.000293836346827, 0.000444945704658, -0.00107782997657, -0.00145493389573, -0.00368941249326, 0.0110602164641, -0.00258939014748, 0.00168776873033, -0.00451758597046, -0.000639634497929, 0.00171424727887, -0.00313605484553], [-0.000170191866346, 0.000314795091981, 0.000337326724548, -0.000966134248301, -0.00171287590638, 2.78059815173e-05, -0.00258939014748, 0.0137375583872, -0.00527756940573, 0.000243256014073, -0.00144229305442, -0.00149004918057, -0.00122451386414], [0.000104933700641, -0.000297229446005, -0.000662626873236, -0.000134748843266, 0.000391954818042, -0.00342165934853, 0.00168776873033, -0.00527756940573, 0.014389006421, -0.0022735518869, 0.00126534653828, -0.00386248412542, 0.000482813396957], [-0.000157048707479, -6.61788435536e-05, 0.000398445001338, 0.00100617983844, -0.0007011735579, 0.000254596350715, -0.00451758597046, 0.000243256014073, -0.0022735518869, 0.0134028689936, -0.00283345836215, -0.000874465971719, -0.000267449911917], [5.27580195921e-05, 0.000581381667871, 0.000326247274643, -0.00106143346056, -3.45028929587e-05, -0.000849114556331, -0.000639634497929, -0.00144229305442, 0.00126534653828, -0.00283345836215, 0.0144272055477, -0.0050825336948, -0.000833763740957], [4.5217191655e-05, -0.000642326893285, -0.000891307892743, -5.75629419473e-05, -0.000173890191945, 0.0013956775656, 0.00171424727887, -0.00149004918057, -0.00386248412542, -0.000874465971719, -0.0050825336948, 0.0194457620382, -0.00634937360883], [0.000199730551685, -0.000190414328245, 0.000588424445596, 0.00119860947598, -0.000479585985886, 0.000565014779568, -0.00313605484553, -0.00122451386414, 0.000482813396957, -0.000267449911917, -0.000833763740957, -0.00634937360883, 0.0165733098984]]}, "spectral_contrast_coeffs": {"dmean": [0.0608022622764, 0.0473165176809, 0.0435156710446, 0.040125053376, 0.0297437924892, 0.0252307597548], "dmean2": [0.0987977236509, 0.0759936273098, 0.0666729211807, 0.0597359016538, 0.0453882925212, 0.0413206964731], "dvar": [0.00305635365658, 0.00157960341312, 0.0014750061091, 0.00114734913222, 0.000708276231308, 0.000666327017825], "dvar2": [0.00761786149815, 0.00387384695932, 0.00320463441312, 0.00238104420714, 0.00151083769742, 0.00170845456887], "max": [-0.237920239568, -0.380278468132, -0.355769634247, -0.473177552223, -0.470550447702, -0.642907977104], "mean": [-0.660597026348, -0.768984436989, -0.773759663105, -0.778797149658, -0.795545816422, -0.801956534386], "median": [-0.667770564556, -0.775218069553, -0.786132097244, -0.792249321938, -0.809394717216, -0.809346318245], "min": [-0.972396492958, -0.96445274353, -0.949628174305, -0.945212781429, -0.934076845646, -0.917391121387], "var": [0.0131651386619, 0.00449628941715, 0.005765106529, 0.00484150089324, 0.00308464886621, 0.00141387467738]}, "spectral_contrast_valleys": {"dmean": [0.524146556854, 0.559190154076, 0.537489891052, 0.529090046883, 0.647063195705, 0.686995506287], "dmean2": [0.801059782505, 0.887356460094, 0.833758056164, 0.812421023846, 0.961946427822, 0.935029745102], "dvar": [0.211599767208, 0.294432759285, 0.269831895828, 0.288936823606, 0.467287093401, 0.579839885235], "dvar2": [0.461777955294, 0.695285618305, 0.622761189938, 0.664850592613, 1.07410430908, 1.21246564388], "max": [-5.15749788284, -4.50188398361, -5.39464569092, -5.60632276535, -5.13261508942, -7.51764297485], "mean