{"lowlevel": {"average_loudness": 0.198379531503, "barkbands_crest": {"dmean": 1.6954843998, "dmean2": 2.87746810913, "dvar": 3.96863460541, "dvar2": 11.0045280457, "max": 26.1824455261, "mean": 13.1777667999, "median": 12.3512496948, "min": 3.01288700104, "var": 23.4198627472}, "barkbands_flatness_db": {"dmean": 0.0145937958732, "dmean2": 0.0233195461333, "dvar": 0.000371963367797, "dvar2": 0.000830335891806, "max": 0.756249785423, "mean": 0.292667657137, "median": 0.285694897175, "min": 0.0135541437194, "var": 0.010201908648}, "barkbands_kurtosis": {"dmean": 3.02306866646, "dmean2": 4.82501602173, "dvar": 255.40335083, "dvar2": 690.936157227, "max": 956.018920898, "mean": 11.6383914948, "median": 4.45480871201, "min": -1.56191384792, "var": 1390.50439453}, "barkbands_skewness": {"dmean": 0.355265796185, "dmean2": 0.562080979347, "dvar": 0.344748646021, "dvar2": 0.794410467148, "max": 22.95911026, "mean": 1.71800410748, "median": 1.45855140686, "min": -3.62200427055, "var": 3.98599028587}, "barkbands_spread": {"dmean": 1.07810926437, "dmean2": 1.77016949654, "dvar": 5.00069093704, "dvar2": 13.0601615906, "max": 81.5018234253, "mean": 6.37574100494, "median": 4.9400343895, "min": 0.0974610224366, "var": 42.0023155212}, "dissonance": {"dmean": 0.0273046530783, "dmean2": 0.0474775619805, "dvar": 0.000825510011055, "dvar2": 0.00230566086248, "max": 0.5, "mean": 0.398630708456, "median": 0.408252179623, "min": 0.147294044495, "var": 0.00390588701703}, "dynamic_complexity": 5.45971059799, "erbbands_crest": {"dmean": 1.49858760834, "dmean2": 2.39618062973, "dvar": 3.07386231422, "dvar2": 7.69767475128, "max": 33.7967071533, "mean": 12.7902650833, "median": 11.1697492599, "min": 2.32378530502, "var": 39.9408111572}, "erbbands_flatness_db": {"dmean": 0.0108279017732, "dmean2": 0.0157905872911, "dvar": 0.000182751129614, "dvar2": 0.000341670704074, "max": 0.567067146301, "mean": 0.286327302456, "median": 0.289131343365, "min": 0.0537085309625, "var": 0.00735288253054}, "erbbands_kurtosis": {"dmean": 1.26576554775, "dmean2": 1.95860409737, "dvar": 5.76350641251, "dvar2": 12.1782073975, "max": 69.1471786499, "mean": 3.95130443573, "median": 1.53011608124, "min": -1.45059323311, "var": 55.5515670776}, "erbbands_skewness": {"dmean": 0.243751659989, "dmean2": 0.382721096277, "dvar": 0.0827111154795, "dvar2": 0.175103977323, "max": 7.19929504395, "mean": 1.1359565258, "median": 0.943131029606, "min": -1.64465022087, "var": 1.12378907204}, "erbbands_spread": {"dmean": 2.05763173103, "dmean2": 3.15292429924, "dvar": 11.47108078, "dvar2": 27.5473670959, "max": 124.511497498, "mean": 15.4809932709, "median": 12.7039518356, "min": 0.895889401436, "var": 132.244216919}, "hfc": {"dmean": 1.17185235023, "dmean2": 1.70568060875, "dvar": 10.9643344879, "dvar2": 20.5126972198, "max": 115.572937012, "mean": 7.20344495773, "median": 2.98501253128, "min": 1.06793027252e-16, "var": 112.730415344}, "melbands_crest": {"dmean": 2.03068590164, "dmean2": 3.4314801693, "dvar": 6.48588275909, "dvar2": 16.8518733978, "max": 35.3426208496, "mean": 15.080904007, "median": 14.0330591202, "min": 1.59391462803, "var": 34.5868644714}, "melbands_flatness_db": {"dmean": 0.0165180917829, "dmean2": 0.0263498984277, "dvar": 0.000533952319529, "dvar2": 0.00115933641791, "max": 0.942748010159, "mean": 0.39603510499, "median": 0.389153033495, "min": 0.00296088145114, "var": 0.0166448578238}, "melbands_kurtosis": {"dmean": 3.54552030563, "dmean2": 5.50966596603, "dvar": 116.218353271, "dvar2": 257.431396484, "max": 550.140197754, "mean": 12.997382164, "median": 5.57646656036, "min": -1.50103747845, "var": 1446.29675293}, "melbands_skewness": {"dmean": 0.381013095379, "dmean2": 0.612016916275, "dvar": 0.40154671669, "dvar2": 0.991727471352, "max": 17.9193668365, "mean": 1.8721473217, "median": 1.61078810692, "min": -3.09321141243, "var": 2.65303826332}, "melbands_spread": {"dmean": 1.54869019985, "dmean2": 2.57811927795, "dvar": 19.9903964996, "dvar2": 51.1703834534, "max": 165.748687744, "mean": 9.9660282135, "median": 5.98199939728, "min": 0.275478392839, "var": 400.633605957}, "pitch_salience": {"dmean": 0.0457887649536, "dmean2": 0.0773532986641, "dvar": 0.0029401211068, "dvar2": 0.00781154632568, "max": 0.920484483242, "mean": 0.504396080971, "median": 0.513026475906, "min": 0.061501391232, "var": 0.0195604749024}, "silence_rate_20dB": {"dmean": 0, "dmean2": 0, "dvar": 0, "dvar2": 0, "max": 1, "mean": 1, "median": 1, "min": 1, "var": 0}, "silence_rate_30dB": {"dmean": 0.00755584752187, "dmean2": 0.0151141779497, "dvar": 0.00749883055687, "dvar2": 0.0185002535582, "max": 1, "mean": 0.990474641323, "median": 1, "min": 0, "var": 0.00943484436721}, "silence_rate_60dB": {"dmean": 0.0177398156375, "dmean2": 0.0354854613543, "dvar": 0.0174236986786, "dvar2": 0.0394880138338, "max": 1, "mean": 0.210215136409, "median": 0, "min": 0, "var": 0.166025161743}, "spectral_centroid": {"dmean": 51.0489349365, "dmean2": 83.9320831299, "dvar": 30604.9804688, "dvar2": 54517.5429688, "max": 11883.3486328, "mean": 714.14453125, "median": 448.80255127, "min": 87.0291442871, "var": 2348816.25}, "spectral_complexity": {"dmean": 0.912943482399, "dmean2": 1.55018889904, "dvar": 1.32195425034, "dvar2": 3.01828241348, "max": 24, "mean": 8.43061256409, "median": 8, "min": 0, "var": 20.7280406952}, "spectral_decrease": {"dmean": 1.08105868701e-09, "dmean2": 1.7427163046e-09, "dvar": 8.63225421335e-18, "dvar2": 2.07515660539e-17, "max": 6.67627044745e-21, "mean": -4.63161420328e-09, "median": -2.72497868714e-09, "min": -5.92153881485e-08, "var": 3.23690596769e-17}, "spectral_energy": {"dmean": 0.00417911540717, "dmean2": 0.00672038597986, "dvar": 0.000126792670926, "dvar2": 0.000303308159346, "max": 0.225744575262, "mean": 0.0181341469288, "median": 0.0105749424547, "min": 9.88380180922e-21, "var": 0.00049844244495}, "spectral_energyband_high": {"dmean": 4.12353165302e-06, "dmean2": 5.57051635042e-06, "dvar": 8.02889477125e-10, "dvar2": 1.50340440097e-09, "max": 0.00129689322785, "mean": 1.13928508654e-05, "median": 1.35144159685e-06, "min": 7.11429206627e-21, "var": 2.34662711485e-09}, "spectral_energyband_low": {"dmean": 0.00222681788728, "dmean2": 0.0037753439974, "dvar": 0.000101776349766, "dvar2": 0.000259414140601, "max": 0.203852027655, "mean": 0.00440718047321, "median": 0.000968825654127, "min": 8.07363479981e-24, "var": 0.000115693663247}, "spectral_energyband_middle_high": {"dmean": 0.000213903898839, "dmean2": 0.000304896500893, "dvar": 1.57760212005e-06, "dvar2": 2.7789719752e-06, "max": 0.0777112096548, "mean": 0.000989591819234, "median": 0.000265610200586, "min": 1.14578065576e-21, "var": 8.24610469863e-06}, "spectral_energyband_middle_low": {"dmean": 0.00234915339388, "dmean2": 0.00363817205653, "dvar": 3.17509220622e-05, "dvar2": 6.64737744955e-05, "max": 0.15562158823, "mean": 0.0130862304941, "median": 0.00590926827863, "min": 1.69145409596e-22, "var": 0.000340984843206}, "spectral_entropy": {"dmean": 0.103945828974, "dmean2": 0.165123030543, "dvar": 0.0221648942679, "dvar2": 0.045984249562, "max": 9.82421779633, "mean": 5.96816110611, "median": 5.88959169388, "min": 3.75801467896, "var": 0.891211986542}, "spectral_flux": {"dmean": 0.0124650448561, "dmean2": 0.0202636178583, "dvar": 0.000781938666478, "dvar2": 0.00194947968703, "max": 0.411141395569, "mean": 0.0319760255516, "median": 0.0226562153548, "min": 6.4514532605e-11, "var": 0.00133066414855}, "spectral_kurtosis": {"dmean": 14.0130395889, "dmean2": 23.3984985352, "dvar": 336.364257812, "dvar2": 855.916625977, "max": 400.530059814, "mean": 55.1800231934, "median": 33.6689224243, "min": -1.3275860548, "var": 3660.08251953}, "spectral_rms": {"dmean": 0.000394319999032, "dmean2": 0.000629853107966, "dvar": 6.0268365587e-07, "dvar2": 1.35003870128e-06, "max": 0.0148404380307, "mean": 0.00356932682917, "median": 0.00321201141924, "min": 3.1052751516e-12, "var": 4.95172889714e-06}, "spectral_rolloff": {"dmean": 75.9915542603, "dmean2": 133.306991577, "dvar": 99621.953125, "dvar2": 207014.6875, "max": 19638.28125, "mean": 970.532897949, "median": 516.796875, "min": 64.599609375, "var": 7862319}, "spectral_skewness": {"dmean": 0.750232696533, "dmean2": 1.25795948505, "dvar": 0.673561275005, "dvar2": 1.72800076008, "max": 17.2313575745, "mean": 5.05208206177, "median": 4.28097248077, "min": -0.0769586637616, "var": 8.85986614227}, "spectral_spread": {"dmean": 301592.6875, "dmean2": 503867.625, "dvar": 1552895049730.0, "dvar2": 4224430899200.0, "max": 53712156, "mean": 2717505, "median": 1605900.625, "min": 252513.640625, "var": 33191899430900.0}, "spectral_strongpeak": {"dmean": 0.202321618795, "dmean2": 0.340614467859, "dvar": 0.189949914813, "dvar2": 0.458304345608, "max": 11.0240917206, "mean": 0.935019314289, "median": 0.421769946814, "min": 0, "var": 1.50568580627}, "zerocrossingrate": {"dmean": 0.00260381912813, "dmean2": 0.00364891369827, "dvar": 5.6048764236e-05, "dvar2": 0.000107969011879, "max": 0.5224609375, "mean": 0.034924980253, "median": 0.01953125, "min": 0.0029296875, "var": 0.0061593609862}, "barkbands": {"dmean": [0.000223286580876, 0.00187898729928, 0.00029881534283, 0.000248449825449, 0.000566497212276, 0.000835648970678, 0.00065828562947, 0.000578299979679, 0.000282855588011, 0.000147743252455, 4.97710570926e-05, 2.24334871746e-05, 3.31080846081e-05, 5.46636729268e-05, 3.57386343239e-05, 2.18419718294e-05, 1.3095099348e-05, 5.86612441111e-06, 4.71611110697e-06, 1.68883855167e-06, 1.42589169627e-06, 1.09333097953e-06, 7.96366521172e-07, 4.19821873265e-07, 3.54139842784e-07, 1.08663712695e-07, 2.39743709329e-08], "dmean2": [0.000383773411158, 0.00320615433156, 0.000506159092765, 0.000453363318229, 0.0009147778037, 0.00145392445847, 0.000883214524947, 0.000823916925583, 0.000344551051967, 0.000181160634384, 6.86427374603e-05, 3.25813889503e-05, 5.01686954522e-05, 8.22072543087e-05, 5.69514995732e-05, 3.50719892594e-05, 2.07172561204e-05, 8.88264639798e-06, 7.50825574869e-06, 2.64853019871e-06, 2.19594858208e-06, 1.58351258506e-06, 1.18846548958e-06, 5.93367474266e-07, 5.08874506977e-07, 1.56932102868e-07, 3.71642805419e-08], "dvar": [1.89336935819e-06, 7.69703547121e-05, 1.60464855981e-06, 1.67719775845e-07, 8.56659482906e-07, 6.56297652313e-06, 1.14840722745e-05, 5.80967298447e-06, 2.21465120376e-06, 3.97011444875e-06, 1.99058849404e-08, 4.16909218259e-09, 7.13158421206e-09, 7.18746804296e-08, 1.25528503148e-08, 5.35488497988e-09, 1.9428778586e-09, 4.32061525446e-10, 2.28354071763e-10, 6.57960352868e-11, 9.13427181115e-11, 8.66039531755e-11, 2.91305417288e-11, 7.15898000603e-12, 4.06040565754e-12, 3.50603796212e-13, 4.40170022284e-14], "dvar2": [4.64650020149e-06, 0.000202243158128, 4.58079102827e-06, 5.6722814179e-07, 2.26697443395e-06, 2.23726965487e-05, 1.9328072085e-05, 1.09483935375e-05, 3.48890694113e-06, 6.11199675404e-06, 2.92657809098e-08, 7.6952595407e-09, 1.50791894526e-08, 1.54574706812e-07, 3.1832836811e-08, 1.38417632911e-08, 4.26310586832e-09, 9.27518228888e-10, 6.00157590291e-10, 1.50623347128e-10, 1.98882077473e-10, 1.94024810107e-10, 5.57888839292e-11, 1.31203988646e-11, 8.40823244364e-12, 7.50139262772e-13, 1.15359084047e-13], "max": [0.0256215333939, 0.175675138831, 0.0428379401565, 0.00520392553881, 0.0215478967875, 0.0559690259397, 0.133110150695, 0.0884522795677, 0.0712861418724, 0.133210733533, 0.00602996954694, 0.00277234660462, 0.00252121407539, 0.0111276526004, 0.00393783021718, 0.0017862834502, 0.0017671106616, 0.000755488290451, 0.000451274361694, 0.000282070890535, 0.000399995857151, 0.000478665780975, 0.000202182403882, 0.000107260915684, 7.61891278671e-05, 2.02417359105e-05, 1.09390293801e-05], "mean": [0.00021694554016, 0.00324375368655, 0.000801083631814, 0.00055515387794, 0.00196809694171, 0.00292985048145, 0.00346545106731, 0.00244639301673, 0.00128503039014, 0.000535607687198, 0.000138143906952, 8.83380998857e-05, 9.00793456822e-05, 0.000148849125253, 9.27697765292e-05, 5.46877818124e-05, 3.42241182807e-05, 1.58999628184e-05, 1.08882977656e-05, 3.66196491086e-06, 3.19520177072e-06, 2.26493511946e-06, 1.73088233169e-06, 1.04210357676e-06, 7.3021112712e-07, 2.35549222793e-07, 5.55270815994e-08], "median": [3.36426319336e-06, 0.00052477628924, 0.000169060396729, 0.000295650912449, 0.00109872187022, 0.000714466790669, 0.000197299901629, 0.000602974148933, 0.00015550320677, 4.23013952968e-05, 3.1523504731e-05, 1.77941401489e-05, 1.86451779882e-05, 1.62762644322e-05, 1.30134631036e-05, 7.12094924893e-06, 5.40740120414e-06, 2.00039357878e-06, 1.50452501657e-06, 4.45171195906e-07, 2.91349493864e-07, 1.45417374142e-07, 1.32201463998e-07, 1.06069457217e-07, 6.22064177946e-08, 2.49587390755e-08, 2.47124614106e-08], "min": [3.65044225252e-25, 1.30925607553e-24, 9.31118410931e-26, 4.13840276576e-25, 4.7765772358e-24, 5.69934333538e-24, 6.81038528948e-24, 8.43961971704e-24, 1.46832068684e-23, 2.07764095211e-23, 1.42532177216e-23, 3.03666798983e-23, 2.56160333093e-23, 3.20764601797e-23, 2.73130498213e-23, 5.38246232737e-23, 6.88171835238e-23, 8.75652202429e-23, 9.19687554118e-23, 1.6146105872e-22, 2.3584038058e-22, 2.74004436189e-22, 3.92584467605e-22, 5.85467572742e-22, 8.7678459017e-22, 1.0456113252e-21, 1.93494064655e-21], "var": [1.74372951278e-06, 8.07153483038e-05, 2.55838585872e-06, 4.88261434839e-07, 6.13160773355e-06, 2.72919987765e-05, 0.000162196112797, 4.22042176069e-05, 1.79523158295e-05, 2.08846176974e-05, 1.27143124473e-07, 5.11632975986e-08, 4.03859026221e-08, 2.45221229989e-07, 4.92122289586e-08, 1.67174540877e-08, 8.2734521456e-09, 2.03606398408e-09, 7.31156690748e-10, 1.586251408e-10, 2.02748887124e-10, 1.61763297202e-10, 7.55355777926e-11, 2.27421241561e-11, 1.13476641278e-11, 1.07571102633e-12, 5.3609931571e-14]}, "erbbands": {"dmean": [0.0783372893929, 0.345868051052, 0.43358784914, 0.462631165981, 1.67002820969, 1.81068253517, 3.76657366753, 8.39822006226, 6.18123149872, 16.3888282776, 8.2560338974, 7.73908662796, 5.25140333176, 1.79865789413, 2.02233719826, 1.04576957226, 1.54895985126, 2.71619415283, 1.84715211391, 1.97397685051, 0.808036923409, 0.597903490067, 0.330749422312, 0.318706005812, 0.18629874289, 0.08554392308, 0.0624323375523, 0.0511968322098, 0.0375250205398, 0.0339038334787, 0.0203589871526, 0.0109315626323, 0.00619509024546, 0.00454207370058, 0.00238423072733, 0.000690213171765, 0.000157181289978, 2.90390489681e-05, 5.68940004086e-06, 4.67746258437e-06], "dmean2": [0.13646094501, 0.591058850288, 0.744524598122, 0.819440841675, 3.04682826996, 2.7503054142, 5.83049535751, 15.0683021545, 8.1739692688, 23.1469554901, 11.6110315323, 9.47477722168, 6.3055229187, 2.39717721939, 2.78906464577, 1.48452723026, 2.35679554939, 4.1096405983, 2.77137684822, 3.23979210854, 1.28836739063, 0.937386155128, 0.510793864727, 0.49363219738, 0.300739705563, 0.136408567429, 0.0942003875971, 0.0765706375241, 0.0555394813418, 0.0503398664296, 0.0298854447901, 0.0154924904928, 0.00870526582003, 0.00639233971015, 0.00354564958252, 0.00100532197393, 0.000226218180615, 4.13464804296e-05, 8.78017362993e-06, 7.4993099588e-06], "dvar": [0.215451732278, 1.87733793259, 2.94765353203, 0.931779205799, 8.76081180573, 12.7587118149, 59.8774909973, 754.294677734, 1318.37023926, 6043.99462891, 1154.81298828, 1667.9263916, 5809.55908203, 69.4119567871, 32.4212913513, 10.0418958664, 14.4361581802, 187.18989563, 37.801700592, 53.2973899841, 8.03954219818, 6.91444444656, 1.58246576786, 0.915088474751, 0.4164699018, 0.142132937908, 0.129486531019, 0.131052985787, 0.0993426591158, 0.0800010859966, 0.0186729524285, 0.0047854706645, 0.00162062130403, 0.000649307621643, 0.000176917397766, 1.41498185258e-05, 7.30792351078e-07, 2.89698274258e-08, 1.67068270329e-09, 1.57956203672e-10], "dvar2": [0.577206671238, 5.18955135345, 8.6866569519, 2.73332476616, 28.7021179199, 32.095500946, 166.492996216, 2630.66113281, 2184.87670898, 11497.40625, 2073.66625977, 2613.63793945, 8821.8359375, 114.111999512, 46.7148742676, 17.4545536041, 31.9564571381, 404.489624023, 82.8324966431, 153.924331665, 19.8717765808, 14.3737411499, 3.82288885117, 2.27648806572, 1.09195959568, 0.332754522562, 0.288218289614, 0.278820157051, 0.214980378747, 0.181337490678, 0.0346586927772, 0.00844565033913, 0.00291379354894, 0.00124750763644, 0.000405111757573, 3.09388706228e-05, 1.45608203184e-06, 5.78838523779e-08, 4.30034718946e-09, 3.75496966853e-10], "max": [8.91069698334, 32.3330612183, 49.3259925842, 27.0639972687, 75.5625457764, 92.5858306885, 182.130935669, 593.213562012, 1812.52539062, 3344.10839844, 1479.45690918, 1949.66967773, 5121.75537109, 476.291717529, 297.750030518, 141.268585205, 97.6375350952, 550.111755371, 246.378570557, 213.760009766, 74.0207290649, 118.259910583, 43.9975662231, 23.8142337799, 18.7033348083, 13.3645477295, 15.4927396774, 15.9051418304, 15.2551031113, 14.0102052689, 5.06851291656, 2.75576782227, 1.65585517883, 1.01607978344, 0.419433474541, 0.119252085686, 0.0287003871053, 0.00782485399395, 0.00215208344162, 0.000249362637987], "mean": [0.0912996456027, 0.709919810295, 1.21867930889, 1.19164896011, 4.03565835953, 6.82162714005, 14.9247312546, 26.9012126923, 35.4981231689, 73.5100250244, 40.2864303589, 37.7199363708, 20.7865867615, 5.47395849228, 6.25897121429, 4.47125530243, 4.40038013458, 8.04602909088, 4.94676446915, 4.97474861145, 2.36196684837, 1.68195605278, 0.944658398628, 0.774511516094, 0.403112590313, 0.200484767556, 0.141918942332, 0.111866213381, 0.0783292129636, 0.068460278213, 0.0463110879064, 0.0269818287343, 0.0146638378501, 0.00962838903069, 0.00453917589039, 0.00147942267358, 0.000345919484971, 6.53677561786e-05, 1.84480431926e-05, 2.08129131352e-05], "median": [0.0083530228585, 0.132005825639, 0.318299233913, 0.725082337856, 1.98844325542, 3.48987770081, 7.3807387352, 6.47365760803, 4.07353496552, 9.57783317566, 10.221159935, 5.23016452789, 2.15762901306, 1.14559185505, 1.65888953209, 0.983632624149, 1.18461191654, 1.0812073946, 0.851237893105, 0.778404474258, 0.388273566961, 0.248572096229, 0.156662836671, 0.129210650921, 0.053373452276, 0.0282989218831, 0.0148274945095, 0.00927412137389, 0.00556596321985, 0.00561253400519, 0.00339649897069, 0.00265267188661, 0.00128978304565, 0.000770670187194, 0.000409139523981, 0.000144224512042, 4.89579833811e-05, 1.66613608599e-05, 1.09142774818e-05, 1.21265766211e-05], "min": [5.16265317811e-23, 3.63955985914e-22, 1.41989106436e-21, 4.81011019196e-21, 9.42029470727e-21, 6.39667289909e-21, 2.50133213381e-20, 4.69473335991e-20, 8.90020489713e-20, 2.08094111043e-19, 2.33798877825e-19, 3.13920858578e-19, 4.35136241583e-19, 8.23264325943e-19, 8.77399884914e-19, 1.29182502322e-18, 1.30165647839e-18, 1.56289076579e-18, 1.55925654777e-18, 2.9413833275e-18, 4.0914991803e-18, 4.24657403846e-18, 5.81585436089e-18, 5.55799652136e-18, 7.04831997278e-18, 7.89243876274e-18, 7.32171640012e-18, 8.60762325625e-18, 9.78954771913e-18, 1.17955599662e-17, 1.0014358866e-17, 1.0702249708e-17, 9.23496447744e-18, 8.21115062557e-18, 6.15449838136e-18, 3.765844377e-18, 2.23354585219e-18, 9.1827305033e-19, 2.60616797067e-19, 2.62760771667e-20], "var": [0.1745698452, 2.29884934425, 4.73615121841, 2.10126376152, 51.8764076233, 79.8872375488, 403.313720703, 2690.44018555, 21332.296875, 62474.5429688, 10601.1601562, 14086.7167969, 31211.0332031, 356.881225586, 255.380828857, 130.583389282, 78.2684936523, 669.008239746, 156.845245361, 128.448989868, 31.6425132751, 32.2259216309, 6.08233594894, 3.31774282455, 1.19136834145, 0.391738981009, 0.314279139042, 0.283604770899, 0.195287421346, 0.148739024997, 0.0521974079311, 0.0157197080553, 0.00477220490575, 0.00198741443455, 0.000415969116148, 4.1006875108e-05, 2.30923615163e-06, 8.84477628915e-08, 2.0843773374e-09, 6.45254349951e-10]}, "gfcc": {"mean": [-200.868804932, 180.92640686, -87.8349609375, -14.0519046783, -48.1598587036, -9.1196603775, -35.9519615173, -7.34947776794, -7.01872158051, -4.39708566666, -7.8450050354, -9.89510631561, -7.61468601227], "cov": [[41599.5546875, 5228.24169922, -5311.06494141, 458.144104004, -844.209655762, -124.15410614, -917.000183105, 821.38458252, 87.5856933594, 137.324691772, -159.036499023, -180.673782349, -122.142616272], [5228.24169922, 2500.87329102, -185.393661499, -716.299621582, 299.274627686, -164.444900513, -77.0009384155, -87.6191177368, 147.35774231, -200.18019104, -39.2258605957, -92.7145996094, 0.670443415642], [-5311.06494141, -185.393661499, 1968.54956055, -105.565765381, -154.844390869, 434.170501709, 155.951889038, -232.16178894, -55.7673339844, -124.825996399, -136.006439209, 51.1646461487, 12.342833519], [458.144104004, -716.299621582, -105.565765381, 1153.00134277, 117.479423523, 301.496124268, 343.951293945, 250.046051025, 17.1693897247, 212.703781128, 136.6065979, -4.21791362762, 79.7290649414], [-844.209655762, 299.274627686, -154.844390869, 117.479423523, 686.661560059, -36.6603469849, 244.807678223, 196.060943604, 177.465499878, 60.8442497253, 148.574996948, 17.0746746063, 76.0575714111], [-124.15410614, -164.444900513, 434.170501709, 301.496124268, -36.6603469849, 441.586639404, 140.877487183, 36.9815750122, 12.1817588806, 39.620388031, -40.6452674866, 35.3498344421, 61.8068847656], [-917.000183105, -77.0009384155, 155.951889038, 343.951293945, 244.807678223, 140.877487183, 325.299407959, 125.52180481, 71.4201583862, 70.5535507202, 79.7843780518, -15.8835630417, 56.2841033936], [821.38458252, -87.6191177368, -232.16178894, 250.046051025, 196.060943604, 36.9815750122, 125.52180481, 274.528717041, 108.092018127, 88.468208313, 87.2298660278, 50.0544815063, 20.496711731], [87.5856933594, 147.35774231, -55.7673339844, 17.1693897247, 177.465499878, 12.1817588806, 71.4201583862, 108.092018127, 194.781890869, 68.1264343262, 68.9519882202, 30.8580684662, 40.1557350159], [137.324691772, -200.18019104, -124.825996399, 212.703781128, 60.8442497253, 39.620388031, 70.5535507202, 88.468208313, 68.1264343262, 146.457244873, 78.2599487305, 11.3566246033, 21.8924236298], [-159.036499023, -39.2258605957, -136.006439209, 136.6065979, 148.574996948, -40.6452674866, 79.7843780518, 87.2298660278, 68.9519882202, 78.2599487305, 138.163909912, 19.2070426941, 0.782454609871], [-180.673782349, -92.7145996094, 51.1646461487, -4.21791362762, 17.0746746063, 35.3498344421, -15.8835630417, 50.0544815063, 30.8580684662, 11.3566246033, 19.2070426941, 102.19291687, 19.9828796387], [-122.142616272, 0.670443415642, 12.342833519, 79.7290649414, 76.0575714111, 61.8068847656, 56.2841033936, 20.496711731, 40.1557350159, 21.8924236298, 0.782454609871, 19.9828796387, 113.541297913]], "icov": [[0.000296667363727, -0.000953103706706, 0.000714481517207, -0.000540254521184, 0.000840513559524, -0.00056151865283, 0.000686664832756, -0.00109078374226, 0.000428009836469, -0.000659939600155, 0.000727235281374, -0.0002655700373, 0.000243223446887], [-0.000953103706706, 0.00375237967819, -0.00213420414366, 0.00212990632281, -0.00294284056872, 0.00141899415758, -0.00215942203067, 0.00359049183317, -0.00208767154254, 0.00322763202712, -0.00269825244322, 0.00172924727667, -0.000859659863636], [0.000714481517207, -0.00213420414366, 0.00282607367262, -0.000977775081992, 0.00211985991336, -0.00233902409673, 0.00034767924808, -0.00128461723216, 0.000553373538423, -0.000794426479843, 0.00201109284535, -0.00170451914892, 0.00131697684992], [-0.000540254521184, 0.00212990632281, -0.000977775081992, 0.00364296510816, -0.00108862761408, -0.000400012329919, -0.00278035504743, 0.000660940713715, 0.000729980762117, 0.000146445439896, -0.00302863586694, 0.00179179187398, -0.00142051884905], [0.000840513559524, -0.00294284056872, 0.00211985991336, -0.00108862761408, 0.00574344908819, -0.00106364104431, -0.000226943011512, -0.00420209672302, 0.000382426864235, -0.000879903440364, 2.7223500183e-06, -0.000724668439943, -0.000779794354457], [-0.00056151865283, 0.00141899415758, -0.00233902409673, -0.000400012329919, -0.00106364104431, 0.0062821386382, -0.00236216350459, 0.00180379278027, -0.00109956029337, -0.000469059275929, 0.00210672849789, -0.00157450267579, -0.00119725393597], [0.000686664832756, -0.00215942203067, 0.00034767924808, -0.00278035504743, -0.000226943011512, -0.00236216350459, 0.0110380211845, -0.00492966640741, 0.00100931641646, -0.00091832067119, -0.00100481440313, 0.00420951005071, -0.00139173492789], [-0.00109078374226, 0.00359049183317, -0.00128461723216, 0.000660940713715, -0.00420209672302, 0.00180379278027, -0.00492966640741, 0.0135341845453, -0.00481986626983, 0.00208030501381, -0.000980960903689, -0.00437744194642, 0.00239503243938], [0.000428009836469, -0.00208767154254, 0.000553373538423, 0.000729980762117, 0.000382426864235, -0.00109956029337, 0.00100931641646, -0.00481986626983, 0.011573006399, -0.00576841505244, -0.000936989323236, -0.000792962615378, -0.00222258572467], [-0.000659939600155, 0.00322763202712, -0.000794426479843, 0.000146445439896, -0.000879903440364, -0.000469059275929, -0.00091832067119, 0.00208030501381, -0.00576841505244, 0.0178202856332, -0.00836423691362, 0.00297551462427, -0.00168298510835], [0.000727235281374, -0.00269825244322, 0.00201109284535, -0.00302863586694, 2.7223500183e-06, 0.00210672849789, -0.00100481440313, -0.000980960903689, -0.000936989323236, -0.00836423691362, 0.0201485585421, -0.00627923291177, 0.00514330994338], [-0.0002655700373, 0.00172924727667, -0.00170451914892, 0.00179179187398, -0.000724668439943, -0.00157450267579, 0.00420951005071, -0.00437744194642, -0.000792962615378, 0.00297551462427, -0.00627923291177, 0.0172669123858, -0.00461170030758], [0.000243223446887, -0.000859659863636, 0.00131697684992, -0.00142051884905, -0.000779794354457, -0.00119725393597, -0.00139173492789, 0.00239503243938, -0.00222258572467, -0.00168298510835, 0.00514330994338, -0.00461170030758, 0.0132468156517]]}, "melbands": {"dmean": [0.000591153278947, 0.000301247579046, 0.000121731456602, 0.000117700881674, 0.000128804895212, 0.00017450634914, 0.000102145655546, 0.000171263935044, 6.55404946883e-05, 4.25572216045e-05, 2.52955869655e-05, 7.06614218871e-06, 7.07681738277e-06, 3.20368849316e-06, 3.09854112857e-06, 3.0770054309e-06, 5.91447587794e-06, 3.15015608976e-06, 2.18835589294e-06, 2.57009810412e-06, 7.66245250361e-07, 6.88670127147e-07, 5.20677872373e-07, 2.72913041499e-07, 2.81185464246e-07, 1.57224164354e-07, 9.49557303898e-08, 6.17815842929e-08, 4.10337683832e-08, 3.7939031472e-08, 3.32967076133e-08, 2.32496315533e-08, 2.31005845563e-08, 1.88492155218e-08, 1.40080578248e-08, 9.23382259543e-09, 6.373888084e-09, 4.62945370927e-09, 4.23688595319e-09, 4.01502964209e-09], "dmean2": [0.0010166016873, 0.000516572792549, 0.000221270238399, 0.000198741079657, 0.000199918620638, 0.000310661824187, 0.0001339072478, 0.000242517722654, 9.04452463146e-05, 5.20543653693e-05, 3.05122102873e-05, 9.56155236054e-06, 9.78834759735e-06, 4.52491212855e-06, 4.61552372144e-06, 4.63562719233e-06, 8.99129099707e-06, 4.66143546873e-06, 3.47449690707e-06, 4.22086804974e-06, 1.22477047171e-06, 1.0710909919e-06, 8.28833492506e-07, 4.18337492647e-07, 4.38105558942e-07, 2.54379187936e-07, 1.52705851519e-07, 9.88312933714e-08, 6.23956140089e-08, 5.9950068021e-08, 5.13164160054e-08, 3.50373703384e-08, 3.42711317103e-08, 2.93390272077e-08, 2.10182076188e-08, 1.36583508947e-08, 9.20672071913e-09, 6.64512711523e-09, 5.97320637397e-09, 5.9166307409e-09], "dvar": [9.70657038124e-06, 1.2343467688e-06, 4.35682245836e-08, 4.39152429976e-08, 6.12562871538e-08, 3.12339039965e-07, 3.36357857122e-07, 6.14213433892e-07, 7.36025569381e-08, 4.94606027246e-08, 1.44608392816e-07, 8.21698709075e-10, 3.93733684545e-10, 7.63297550166e-11, 4.87065665578e-11, 8.85350612267e-11, 9.56652979056e-10, 1.15340077766e-10, 4.97409197164e-11, 7.41551264838e-11, 8.05185692426e-12, 1.15123154065e-11, 3.88514914684e-12, 9.57652251769e-13, 7.3824068603e-13, 3.60841049965e-13, 1.52140398803e-13, 6.88895555184e-14, 4.39248111625e-14, 6.04360515083e-14, 5.20759887849e-14, 3.13767702141e-14, 3.69191507335e-14, 2.18524488462e-14, 7.97193274528e-15, 3.25925106741e-15, 1.56242797478e-15, 8.70158958418e-16, 7.19562853143e-16, 4.52430631496e-16], "dvar2": [2.54615824815e-05, 3.58947136192e-06, 1.42425292893e-07, 1.22762955357e-07, 1.72512457652e-07, 1.0846196119e-06, 5.61373440178e-07, 1.19213984817e-06, 1.33425515969e-07, 7.8334018383e-08, 2.19184570938e-07, 1.47341649992e-09, 5.90313298243e-10, 1.24024984727e-10, 1.04545191948e-10, 1.74942491049e-10, 2.08041428529e-09, 2.51674264762e-10, 1.31286537197e-10, 2.08239619992e-10, 1.9722588146e-11, 2.36900880857e-11, 9.26058014994e-12, 1.8717174078e-12, 1.88806587552e-12, 1.00887245606e-12, 3.75615852441e-13, 1.69531232043e-13, 9.5858108777e-14, 1.37358332174e-13, 1.17543466822e-13, 6.94822685173e-14, 8.09723382095e-14, 5.05012393395e-14, 1.59998848616e-14, 5.92872918728e-15, 2.91105233994e-15, 1.66816669748e-15, 1.29325975063e-15, 9.6402143216e-16], "max": [0.0593748763204, 0.0227201748639, 0.00450347876176, 0.00505665363744, 0.00576015748084, 0.0121574206278, 0.0275873374194, 0.0303221885115, 0.0115016400814, 0.010568773374, 0.0255156103522, 0.0013249508338, 0.00081639358541, 0.00036462728167, 0.00019152193272, 0.000349739158992, 0.00126752164215, 0.00037010514643, 0.000175719440449, 0.000202186725801, 8.9971741545e-05, 0.000164325261721, 6.22855950496e-05, 4.73740838061e-05, 1.91588933376e-05, 1.96733217308e-05, 1.23966019601e-05, 8.31181750982e-06, 9.31840895646e-06, 1.05309018181e-05, 1.01210316643e-05, 8.69406085258e-06, 8.95793800737e-06, 7.21658489056e-06, 3.1040972317e-06, 2.02292403628e-06, 1.56726707701e-06, 1.13116254852e-06, 1.33104174438e-06, 6.64038452669e-07], "mean": [0.000863371300511, 0.000771669961978, 0.000303912471281, 0.000375477655325, 0.000529235403519, 0.000577392813284, 0.000579207320698, 0.000757868692745, 0.000312807591399, 0.000200821348699, 9.49337991187e-05, 1.93261748791e-05, 1.98233356059e-05, 1.26963923321e-05, 9.54166443989e-06, 9.11999813979e-06, 1.65012588695e-05, 7.98263863544e-06, 6.11726090938e-06, 6.01909277975e-06, 2.15337195186e-06, 1.88005992641e-06, 1.21056336866e-06, 7.19320723874e-07, 6.28476925613e-07, 3.20842985957e-07, 1.82839329455e-07, 1.2744433775e-07, 8.83543904706e-08, 7.3539773382e-08, 6.55725216347e-08, 4.46007106802e-08, 4.24520010256e-08, 3.56865683671e-08, 2.90834663019e-08, 1.98254799244e-08, 1.49517376258e-08, 1.01874340075e-08, 9.09082409351e-09, 7.80302489289e-09], "median": [0.000128449464682, 0.00019732376677, 0.00018425975577, 0.000209129939321, 0.000289769319352, 0.000140518255648, 4.4378622988e-05, 0.000116471557703, 7.06453938619e-05, 2.58035943261e-05, 6.98025542079e-06, 3.59136538464e-06, 4.93949210068e-06, 2.71279418484e-06, 2.431266239e-06, 1.656810241e-06, 1.7017520122e-06, 1.23143308883e-06, 8.63238255988e-07, 8.05694639894e-07, 2.73935512496e-07, 2.32660511301e-07, 1.3421228573e-07, 8.21751058311e-08, 8.86261659616e-08, 3.68054067224e-08, 1.94717664215e-08, 1.25584440624e-08, 7.72574537677e-09, 7.21268600401e-09, 3.98755561903e-09, 2.74440137282e-09, 2.72750111385e-09, 2.72381606159e-09, 1.60451185671e-09, 1.76202963331e-09, 1.31074751053e-09, 8.30544855113e-10, 6.29577501243e-10, 5.78781800264e-10], "min": [5.88504582703e-25, 1.26605578439e-24, 1.00162645351e-24, 1.01947689668e-24, 6.91783139883e-25, 1.19619564313e-24, 1.34551015058e-24, 2.48445155111e-24, 1.68022738254e-24, 2.05076737985e-24, 1.8201567132e-24, 2.92714569719e-24, 2.03260642131e-24, 2.52447440913e-24, 2.6154766143e-24, 2.91414448061e-24, 2.56101582677e-24, 2.364452594e-24, 2.17828220923e-24, 3.09643998062e-24, 4.532022861e-24, 2.96978737621e-24, 4.22857331431e-24, 3.86404069001e-24, 4.04903882748e-24, 3.02537367103e-24, 3.60923191231e-24, 4.43281886901e-24, 4.10497774313e-24, 4.80418855078e-24, 3.9833452523e-24, 4.70738585137e-24, 5.93126686379e-24, 5.56044622921e-24, 5.13545412184e-24, 5.79539267262e-24, 6.22786594238e-24, 6.07412799601e-24, 5.09005990991e-24, 6.23008934684e-24], "var": [9.18954810913e-06, 1.75597938323e-06, 1.44441557381e-07, 2.59181149431e-07, 4.31429640457e-07, 1.16262981464e-06, 5.26459689354e-06, 5.85059933655e-06, 6.57162729567e-07, 4.13454444015e-07, 7.69413986745e-07, 3.81977605102e-09, 2.41689890323e-09, 9.06780650567e-10, 3.44452522061e-10, 5.71174996189e-10, 3.2642100134e-09, 4.29745350417e-10, 2.00960109664e-10, 1.81159962032e-10, 3.37396083294e-11, 5.39311616199e-11, 1.23222170315e-11, 5.25611455401e-12, 2.33272038838e-12, 8.86530486608e-13, 3.66010173558e-13, 1.70399366275e-13, 1.21091803034e-13, 1.10613856399e-13, 1.0177834053e-13, 6.12946515375e-14, 6.67673585148e-14, 3.94063274579e-14, 2.06152064549e-14, 9.05915628429e-15, 5.01762200921e-15, 2.33455875142e-15, 2.03882947986e-15, 1.26792160704e-15]}, "mfcc": {"mean": [-823.81439209, 206.513595581, 16.8686790466, 5.02308416367, 3.01566576958, -4.04219484329, -12.9692697525, -8.04224681854, -4.88138914108, 1.03715503216, 0.739136874676, -1.29083180428, -2.57646274567], "cov": [[12157.8476562, 3189.43066406, -2283.39526367, 522.431152344, 343.439941406, -138.048721313, -263.784332275, 116.551681519, 223.988723755, 429.691864014, 360.851470947, 277.807159424, 180.306488037], [3189.43066406, 3237.88305664, -120.823753357, -365.071899414, 152.763900757, -105.311798096, -283.182006836, -145.601608276, -11.4929037094, 9.57570457458, 11.0482606888, -3.26694393158, -11.5286140442], [-2283.39526367, -120.823753357, 1514.96337891, -93.176574707, -205.864013672, 246.584884644, 131.824172974, -10.3522748947, -34.4948577881, -97.2906265259, -144.15965271, -125.275123596, -71.4496536255], [522.431152344, -365.071899414, -93.176574707, 578.08215332, 174.383789062, 116.110412598, 248.811096191, 168.142211914, 120.017555237, 150.185272217, 134.167190552, 113.694015503, 90.9271850586], [343.439941406, 152.763900757, -205.864013672, 174.383789062, 330.623199463, 98.5358581543, 79.1582489014, 127.916687012, 129.438720703, 100.775848389, 107.022361755, 114.940727234, 99.6867599487], [-138.048721313, -105.311798096, 246.584884644, 116.110412598, 98.5358581543, 274.72076416, 171.676864624, 96.6810302734, 130.028869629, 81.9138793945, 12.3878698349, 22.813249588, 16.4296550751], [-263.784332275, -283.182006836, 131.824172974, 248.811096191, 79.1582489014, 171.676864624, 276.433532715, 139.445327759, 88.0169906616, 88.0615997314, 56.0450172424, 48.8375740051, 34.0395278931], [116.551681519, -145.601608276, -10.3522748947, 168.142211914, 127.916687012, 96.6810302734, 139.445327759, 199.594894409, 109.538444519, 73.9633178711, 77.7177505493, 69.7163085938, 74.2761459351], [223.988723755, -11.4929037094, -34.4948577881, 120.017555237, 129.438720703, 130.028869629, 88.0169906616, 109.538444519, 188.555480957, 107.613464355, 43.3982315063, 59.7536201477, 48.5368766785], [429.691864014, 9.57570457458, -97.2906265259, 150.185272217, 100.775848389, 81.9138793945, 88.0615997314, 73.9633178711, 107.613464355, 158.158081055, 90.6615371704, 58.7879219055, 53.0126571655], [360.851470947, 11.0482606888, -144.15965271, 134.167190552, 107.022361755, 12.3878698349, 56.0450172424, 77.7177505493, 43.3982315063, 90.6615371704, 166.375549316, 104.443855286, 66.7508926392], [277.807159424, -3.26694393158, -125.275123596, 113.694015503, 114.940727234, 22.813249588, 48.8375740051, 69.7163085938, 59.7536201477, 58.7879219055, 104.443855286, 146.723373413, 94.4809951782], [180.306488037, -11.5286140442, -71.4496536255, 90.9271850586, 99.6867599487, 16.4296550751, 34.0395278931, 74.2761459351, 48.5368766785, 53.0126571655, 66.7508926392, 94.4809951782, 144.642028809]], "icov": [[0.000324225315126, -0.000396823423216, 0.000580487772822, -0.000711102911737, 0.000895595469046, -0.000944397586863, 0.000946621294133, -0.000680669967551, 0.000398262229282, -0.000382952042855, 0.000144775302033, -0.000242877096753, 1.33148605528e-05], [-0.000396823423216, 0.000882160675246, -0.000795023166575, 0.00113636662718, -0.00157377857249, 0.00131349021103, -0.000923183979467, 0.00107628433034, -0.000499683374073, 0.000127310035168, -0.000248683558311, 0.000304726534523, 9.46431900957e-05], [0.000580487772822, -0.000795023166575, 0.00219168514013, -0.00127600634005, 0.00254215416498, -0.00335886725225, 0.00146753748413, -0.00134954764508, 0.00104900449514, 0.000278331892332, 0.000209805599297, 7.7974247688e-05, -0.00052684469847], [-0.000711102911737, 0.00113636662718, -0.00127600634005, 0.00540630146861, -0.00299040647224, 0.00336951646022, -0.00513716740534, 0.00160280056298, -0.001033954788, -0.000652269460261, -0.000781299662776, 0.00021600179025, -0.00018227113469], [0.000895595469046, -0.00157377857249, 0.00254215416498, -0.00299040647224, 0.00942235812545, -0.00535685801879, 0.00384983466938, -0.00359316938557, -0.000221087539103, 0.000149954634253, -0.000793435785454, -0.00181809836067, -0.0014794660965], [-0.000944397586863, 0.00131349021103, -0.00335886725225, 0.00336951646022, -0.00535685801879, 0.013980855234, -0.008145801723, 0.00335464882664, -0.00599180627614, -0.000783036579378, 0.000916310527828, 0.00086302618729, 0.00111378112342], [0.000946621294133, -0.000923183979467, 0.00146753748413, -0.00513716740534, 0.00384983466938, -0.008145801723, 0.0146531602368, -0.00727566471323, 0.00467308238149, -0.00347714941017, 0.00155355595052, -0.00263298931532, 0.00196967227384], [-0.000680669967551, 0.00107628433034, -0.00134954764508, 0.00160280056298, -0.00359316938557, 0.00335464882664, -0.00727566471323, 0.0148265408352, -0.00718646030873, 0.00477941101417, -0.0048922249116, 0.00367886759341, -0.00403155013919], [0.000398262229282, -0.000499683374073, 0.00104900449514, -0.001033954788, -0.000221087539103, -0.00599180627614, 0.00467308238149, -0.00718646030873, 0.0168779976666, -0.00937379151583, 0.00634091626853, -0.0052266814746, 0.00231520622037], [-0.000382952042855, 0.000127310035168, 0.000278331892332, -0.000652269460261, 0.000149954634253, -0.000783036579378, -0.00347714941017, 0.00477941101417, -0.00937379151583, 0.0191829577088, -0.00963327940553, 0.00584400910884, -0.00387224764563], [0.000144775302033, -0.000248683558311, 0.000209805599297, -0.000781299662776, -0.000793435785454, 0.000916310527828, 0.00155355595052, -0.0048922249116, 0.00634091626853, -0.00963327940553, 0.0176800265908, -0.0105067137629, 0.00309066055343], [-0.000242877096753, 0.000304726534523, 7.7974247688e-05, 0.00021600179025, -0.00181809836067, 0.00086302618729, -0.00263298931532, 0.00367886759341, -0.0052266814746, 0.00584400910884, -0.0105067137629, 0.0205727703869, -0.00886223744601], [1.33148605528e-05, 9.46431900957e-05, -0.00052684469847, -0.00018227113469, -0.0014794660965, 0.00111378112342, 0.00196967227384, -0.00403155013919, 0.00231520622037, -0.00387224764563, 0.00309066055343, -0.00886223744601, 0.014263628982]]}, "spectral_contrast_coeffs": {"dmean": [0.034536473453, 0.0290546622127, 0.0220174528658, 0.0209457408637, 0.015256700106, 0.013552040793], "dmean2": [0.0592964403331, 0.0482689477503, 0.0347391068935, 0.0336652100086, 0.0244535561651, 0.022250669077], "dvar": [0.00105101813097, 0.000789261539467, 0.000479382521007, 0.0004183324927, 0.000206887081731, 0.000169604885741], "dvar2": [0.00295798154548, 0.00193482928444, 0.00110776384827, 0.001028335304, 0.000446034304332, 0.000467514561024], "max": [-0.253788024187, -0.334695518017, -0.351797163486, -0.53104609251, -0.491833269596, -0.669928908348], "mean": [-0.617037594318, -0.665682792664, -0.728073000908, -0.72579485178, -0.763698756695, -0.810212254524], "median": [-0.634293019772, -0.669222533703, -0.729810833931, -0.722258388996, -0.758898496628, -0.800627410412], "min": [-0.981358528137, -0.982644081116, -0.977309465408, -0.969534218311, -0.968585193157, -0.965934276581], "var": [0.0166685711592, 0.0118106296286, 0.00693261250854, 0.00489779235795, 0.00619100732729, 0.00276679499075]}, "spectral_contrast_valleys": {"dmean": [0.324168324471, 0.256496757269, 0.2366117239, 0.23286357522, 0.186367198825, 0.215684011579], "dmean2": [0.537902712822, 0.423771500587, 0.38487431407, 0.379147917032, 0.290648907423, 0.331276237965], "dvar": [0.165893748403, 0.128495559096, 0.138048276305, 0.15173