{"lowlevel": {"average_loudness": 0.658242464066, "barkbands_crest": {"dmean": 1.97895884514, "dmean2": 3.18823266029, "dvar": 4.2586183548, "dvar2": 11.015206337, "max": 25.1948680878, "mean": 12.4112739563, "median": 11.6102952957, "min": 2.85578203201, "var": 21.8315143585}, "barkbands_flatness_db": {"dmean": 0.0260226484388, "dmean2": 0.0387420915067, "dvar": 0.000993421766907, "dvar2": 0.00201114756055, "max": 0.616732418537, "mean": 0.211288064718, "median": 0.197677820921, "min": 0.0364767126739, "var": 0.0070773344487}, "barkbands_kurtosis": {"dmean": 3.27306056023, "dmean2": 5.23194885254, "dvar": 58.8696327209, "dvar2": 154.290100098, "max": 185.851821899, "mean": 6.67479801178, "median": 2.40078759193, "min": -1.92852818966, "var": 175.713485718}, "barkbands_skewness": {"dmean": 0.493108540773, "dmean2": 0.763564109802, "dvar": 0.384766846895, "dvar2": 0.900389194489, "max": 10.9992218018, "mean": 1.36977565289, "median": 1.34187150002, "min": -8.75384807587, "var": 3.43634819984}, "barkbands_spread": {"dmean": 4.09247541428, "dmean2": 6.41222524643, "dvar": 35.4033355713, "dvar2": 82.8205337524, "max": 113.767219543, "mean": 16.3878669739, "median": 14.9761562347, "min": 0.290420562029, "var": 125.594619751}, "dissonance": {"dmean": 0.025662144646, "dmean2": 0.0433350913227, "dvar": 0.000784891599324, "dvar2": 0.00212324224412, "max": 0.500000119209, "mean": 0.435151040554, "median": 0.448030382395, "min": 0.14571814239, "var": 0.00241867080331}, "dynamic_complexity": 6.57811403275, "erbbands_crest": {"dmean": 2.14935159683, "dmean2": 3.33154058456, "dvar": 5.14281988144, "dvar2": 12.1510858536, "max": 32.9416694641, "mean": 12.9225616455, "median": 11.7709598541, "min": 2.77573275566, "var": 33.3958892822}, "erbbands_flatness_db": {"dmean": 0.0220080278814, "dmean2": 0.031637981534, "dvar": 0.000701254408341, "dvar2": 0.00144566397648, "max": 0.497054725885, "mean": 0.21478228271, "median": 0.203833475709, "min": 0.0407925918698, "var": 0.00544063560665}, "erbbands_kurtosis": {"dmean": 1.46847140789, "dmean2": 2.27415561676, "dvar": 8.73309135437, "dvar2": 20.2010135651, "max": 94.5502471924, "mean": 3.08228373528, "median": 0.649372696877, "min": -1.83781170845, "var": 63.3575134277}, "erbbands_skewness": {"dmean": 0.396336376667, "dmean2": 0.603873968124, "dvar": 0.235167235136, "dvar2": 0.577571213245, "max": 6.92826652527, "mean": 0.0494531393051, "median": 0.0936717838049, "min": -5.25707530975, "var": 1.37740075588}, "erbbands_spread": {"dmean": 6.17906999588, "dmean2": 9.74380779266, "dvar": 73.3382415771, "dvar2": 190.568267822, "max": 158.752288818, "mean": 28.0731449127, "median": 25.7268066406, "min": 0.493922293186, "var": 312.047790527}, "hfc": {"dmean": 3.8028793335, "dmean2": 5.70879173279, "dvar": 54.5599250793, "dvar2": 125.812828064, "max": 136.117233276, "mean": 15.8013887405, "median": 9.32414722443, "min": 1.11876270492e-16, "var": 350.701690674}, "melbands_crest": {"dmean": 2.31569623947, "dmean2": 3.6678686142, "dvar": 5.26135826111, "dvar2": 12.8736743927, "max": 31.6010398865, "mean": 15.5794029236, "median": 15.0053749084, "min": 1.82358324528, "var": 30.8131427765}, "melbands_flatness_db": {"dmean": 0.0293012112379, "dmean2": 0.0433136448264, "dvar": 0.00134016585071, "dvar2": 0.00266312737949, "max": 0.774226605892, "mean": 0.283588707447, "median": 0.271060019732, "min": 0.00399070931599, "var": 0.0116103580222}, "melbands_kurtosis": {"dmean": 6.17727851868, "dmean2": 9.95527935028, "dvar": 226.904830933, "dvar2": 607.921020508, "max": 537.627929688, "mean": 14.2360639572, "median": 6.3726272583, "min": -1.88607597351, "var": 691.744018555}, "melbands_skewness": {"dmean": 0.617604494095, "dmean2": 0.952431797981, "dvar": 0.564426422119, "dvar2": 1.37463676929, "max": 19.5294475555, "mean": 2.36482024193, "median": 2.18388223648, "min": -5.94452953339, "var": 4.58979988098}, "melbands_spread": {"dmean": 4.81919145584, "dmean2": 7.61269664764, "dvar": 59.4734191895, "dvar2": 146.570297241, "max": 164.337646484, "mean": 20.5955924988, "median": 16.650510788, "min": 0.244279071689, "var": 323.075836182}, "pitch_salience": {"dmean": 0.0500801466405, "dmean2": 0.080195337534, "dvar": 0.0027613134589, "dvar2": 0.00668952055275, "max": 0.890843331814, "mean": 0.444691002369, "median": 0.440503120422, "min": 0.0419906415045, "var": 0.014507564716}, "silence_rate_20dB": {"dmean": 0, "dmean2": 0, "dvar": 0, "dvar2": 0, "max": 1, "mean": 1, "median": 1, "min": 1, "var": 0}, "silence_rate_30dB": {"dmean": 0.011521843262, "dmean2": 0.0230473745614, "dvar": 0.0113884443417, "dvar2": 0.0276388470083, "max": 1, "mean": 0.980319976807, "median": 1, "min": 0, "var": 0.0192935168743}, "silence_rate_60dB": {"dmean": 0.0275244042277, "dmean2": 0.055057618767, "dvar": 0.026768958196, "dvar2": 0.0558630749583, "max": 1, "mean": 0.210879996419, "median": 0, "min": 0, "var": 0.166419684887}, "spectral_centroid": {"dmean": 167.176452637, "dmean2": 260.01550293, "dvar": 76165.640625, "dvar2": 173589.90625, "max": 11212.6689453, "mean": 1088.5411377, "median": 1038.50292969, "min": 102.588829041, "var": 363408.3125}, "spectral_complexity": {"dmean": 1.50072014332, "dmean2": 2.34667086601, "dvar": 3.45301866531, "dvar2": 7.78499746323, "max": 48, "mean": 10.3491201401, "median": 10, "min": 0, "var": 39.2932128906}, "spectral_decrease": {"dmean": 1.67359981429e-09, "dmean2": 2.61538679602e-09, "dvar": 6.95193771499e-18, "dvar2": 1.86401461813e-17, "max": 7.21452477769e-16, "mean": -7.1725376749e-09, "median": -4.47811654425e-09, "min": -5.55899433152e-08, "var": 5.5894777747e-17}, "spectral_energy": {"dmean": 0.00652071414515, "dmean2": 0.0101499194279, "dvar": 0.000102576763311, "dvar2": 0.000273299287073, "max": 0.215325340629, "mean": 0.028504004702, "median": 0.018311554566, "min": 1.06135600942e-20, "var": 0.000866504618898}, "spectral_energyband_high": {"dmean": 0.000229255238082, "dmean2": 0.000371382921003, "dvar": 2.91410373165e-07, "dvar2": 7.47121134737e-07, "max": 0.00568929407746, "mean": 0.00032118850504, "median": 9.04676126083e-05, "min": 7.48146978536e-21, "var": 3.7468521441e-07}, "spectral_energyband_low": {"dmean": 0.00492709735408, "dmean2": 0.00807660445571, "dvar": 8.83287211764e-05, "dvar2": 0.000251967314398, "max": 0.155069410801, "mean": 0.0139829637483, "median": 0.00224792584777, "min": 5.67049185218e-23, "var": 0.000388490385376}, "spectral_energyband_middle_high": {"dmean": 0.00137998140417, "dmean2": 0.00198118924163, "dvar": 1.01268733488e-05, "dvar2": 2.13977382373e-05, "max": 0.0933155789971, "mean": 0.00667482055724, "median": 0.00324452854693, "min": 1.39871839108e-21, "var": 0.000100158984424}, "spectral_energyband_middle_low": {"dmean": 0.00207756762393, "dmean2": 0.00295977597125, "dvar": 1.3192764527e-05, "dvar2": 2.96330872516e-05, "max": 0.0987551957369, "mean": 0.0084774820134, "median": 0.00376265635714, "min": 3.99329872055e-22, "var": 0.000140115895192}, "spectral_entropy": {"dmean": 0.251751244068, "dmean2": 0.383264154196, "dvar": 0.108311019838, "dvar2": 0.252643615007, "max": 9.78234863281, "mean": 6.72147226334, "median": 6.79379034042, "min": 3.89872169495, "var": 0.546541571617}, "spectral_flux": {"dmean": 0.0162736289203, "dmean2": 0.0247574970126, "dvar": 0.000419245800003, "dvar2": 0.000905401888303, "max": 0.27096170187, "mean": 0.0464512705803, "median": 0.0376336835325, "min": 1.03022132492e-10, "var": 0.00146387924906}, "spectral_kurtosis": {"dmean": 5.35895729065, "dmean2": 8.87140083313, "dvar": 109.491188049, "dvar2": 258.225280762, "max": 259.894165039, "mean": 13.128531456, "median": 5.65072441101, "min": -1.18124377728, "var": 505.977081299}, "spectral_rms": {"dmean": 0.000534564722329, "dmean2": 0.000791375758126, "dvar": 4.52027421716e-07, "dvar2": 1.05960691599e-06, "max": 0.0144939124584, "mean": 0.00445063319057, "median": 0.00422669295222, "min": 3.21787084825e-12, "var": 8.00066118245e-06}, "spectral_rolloff": {"dmean": 272.792694092, "dmean2": 485.623931885, "dvar": 598131.5, "dvar2": 1464312.5, "max": 19767.4804688, "mean": 1369.28833008, "median": 1184.32617188, "min": 64.599609375, "var": 5688131.5}, "spectral_skewness": {"dmean": 0.451264232397, "dmean2": 0.738351047039, "dvar": 0.383921653032, "dvar2": 0.924302339554, "max": 13.2191572189, "mean": 2.29396390915, "median": 1.85629343987, "min": -0.0140635157004, "var": 2.14124727249}, "spectral_spread": {"dmean": 762871.125, "dmean2": 1147639.375, "dvar": 1428489764860.0, "dvar2": 2883667361790.0, "max": 48119788, "mean": 3927609.25, "median": 3470826, "min": 356616.53125, "var": 5814631268350.0}, "spectral_strongpeak": {"dmean": 0.41635158658, "dmean2": 0.718293845654, "dvar": 1.16753304005, "dvar2": 3.03092718124, "max": 13.6652507782, "mean": 1.22483098507, "median": 0.51010799408, "min": 0, "var": 3.38980007172}, "zerocrossingrate": {"dmean": 0.00781210931018, "dmean2": 0.00973295792937, "dvar": 0.000150720617967, "dvar2": 0.00018472589727, "max": 0.74853515625, "mean": 0.0542475767434, "median": 0.04248046875, "min": 0.00244140625, "var": 0.00607496220618}, "barkbands": {"dmean": [8.47627452458e-05, 0.00422414438799, 0.000892801152077, 0.00062816235004, 0.00108442129567, 0.000611820316408, 0.000372174923541, 0.000193565065274, 0.000187104975339, 0.000169647450093, 0.000149863393744, 0.000329880596837, 0.000414592941524, 0.000564132409636, 0.000183922733413, 0.000103439080704, 8.73404642334e-05, 2.91754786303e-05, 2.42344976868e-05, 4.88008081447e-05, 3.14307908411e-05, 4.7484121751e-05, 4.62158568553e-05, 3.29149443132e-05, 4.30072213931e-05, 2.44830516749e-05, 9.41656617215e-06], "dmean2": [0.000121876466437, 0.00709972670302, 0.00133444846142, 0.00103084929287, 0.00151946325786, 0.000901314953808, 0.000554434256628, 0.000252070341958, 0.000233853439568, 0.000233263737755, 0.000215595660848, 0.000481878872961, 0.000586493697483, 0.000834227539599, 0.000286085938569, 0.000157498187036, 0.000131123044412, 4.66153869638e-05, 3.83041297027e-05, 8.31591169117e-05, 4.7164845455e-05, 8.09673365438e-05, 7.43986092857e-05, 5.33479033038e-05, 7.23618431948e-05, 4.09498679801e-05, 1.56023033924e-05], "dvar": [4.99685057775e-08, 7.25470235921e-05, 3.38891732099e-06, 3.64872812497e-06, 5.48066918782e-06, 2.06825347959e-06, 8.85858469246e-07, 4.89660180847e-07, 3.0318295785e-07, 2.16552109578e-07, 2.36722087266e-07, 1.26029885905e-06, 2.19276967073e-06, 3.16206273965e-06, 5.45427099041e-07, 2.63463675765e-07, 1.68257116684e-07, 1.13546576586e-08, 5.26462962114e-09, 2.3862355647e-08, 5.03138419816e-09, 1.32421975607e-08, 1.45721203992e-08, 8.96786467308e-09, 2.28594387863e-08, 5.28227639407e-09, 1.29427679685e-09], "dvar2": [9.2861171197e-08, 0.000215409265365, 7.92871924205e-06, 1.01874893517e-05, 1.16429455375e-05, 4.65329321742e-06, 2.03234003493e-06, 7.95150810973e-07, 5.11074631504e-07, 4.22392133714e-07, 3.88069594237e-07, 2.71858311862e-06, 4.10438997278e-06, 7.18201226846e-06, 1.14529211714e-06, 5.55928352242e-07, 3.53455078539e-07, 3.23766613519e-08, 1.45184912981e-08, 6.85058623162e-08, 1.08718039016e-08, 3.80501923303e-08, 3.7993999058e-08, 2.177198688e-08, 6.07330861158e-08, 1.34339224189e-08, 3.39101791091e-09], "max": [0.00512033328414, 0.116508796811, 0.0420056506991, 0.0480219721794, 0.0631965994835, 0.0369323268533, 0.0357463508844, 0.0355195440352, 0.020488852635, 0.0148418145254, 0.0230538584292, 0.0480846390128, 0.0809976682067, 0.0527840033174, 0.0346220806241, 0.0318684391677, 0.0108770914376, 0.00360551988706, 0.00156813592184, 0.00253306701779, 0.00194982241374, 0.00126084149815, 0.00188725010958, 0.000971929868683, 0.00157185748685, 0.000658051518258, 0.000383018545108], "mean": [0.000228902499657, 0.0103816967458, 0.0024861106649, 0.00136200943962, 0.00365104456432, 0.00142301758751, 0.00105841318145, 0.000491894606967, 0.000353307696059, 0.000485903292429, 0.000506612297613, 0.00147514801938, 0.00137037073728, 0.00159358582459, 0.000500084424857, 0.000413555651903, 0.000261238135863, 5.29359422217e-05, 4.88052464789e-05, 7.56531444495e-05, 6.76032577758e-05, 5.84467597946e-05, 5.56374980079e-05, 3.39957987308e-05, 3.73500552087e-05, 2.31859303312e-05, 7.51723746362e-06], "median": [9.1595484264e-06, 0.000814637751319, 0.000718486553524, 0.000243829505052, 0.00103285163641, 0.000440805219114, 0.000143461977132, 5.26122385054e-05, 4.02034529543e-05, 4.95492349728e-05, 3.25511427945e-05, 0.00026350247208, 0.000145508005517, 0.000219462555833, 7.55804940127e-05, 2.61154145846e-05, 1.91312210518e-05, 1.46814672917e-05, 1.82506119017e-05, 1.96744404093e-05, 1.71146548382e-05, 1.06332936411e-05, 6.9944326242e-06, 4.06459002988e-06, 1.28678880174e-06, 3.33231298555e-07, 8.7451283548e-08], "min": [5.40825129477e-24, 3.17105928028e-23, 1.51061909303e-23, 3.10795955864e-23, 6.25850940202e-23, 2.64016314858e-23, 6.4864693777e-23, 7.83673292799e-23, 4.41611371382e-23, 7.7420065105e-23, 2.11208593245e-23, 4.87191375832e-23, 6.01546956127e-23, 1.37738850097e-22, 1.31108859153e-22, 1.05031970147e-22, 1.28344816758e-22, 1.8698181972e-22, 2.22129675124e-22, 2.78082481037e-22, 3.40925084501e-22, 5.99240150135e-22, 7.17919666378e-22, 9.3760276198e-22, 1.12049601029e-21, 1.54527870034e-21, 2.28529465097e-21], "var": [2.38059300273e-07, 0.000248763593845, 1.81976847671e-05, 1.16538349175e-05, 4.18747767981e-05, 7.45163879401e-06, 6.44625106361e-06, 3.17728790833e-06, 9.82613755696e-07, 1.46745992424e-06, 2.75017987406e-06, 1.37825982165e-05, 2.23524766625e-05, 1.10679420686e-05, 2.86508907266e-06, 2.77139520222e-06, 7.08302025032e-07, 1.63231579364e-08, 8.30689828035e-09, 2.31307932808e-08, 1.71442486874e-08, 1.62678031046e-08, 1.83245045804e-08, 8.98905039293e-09, 1.76954451092e-08, 4.94085838909e-09, 9.83090386875e-10]}, "erbbands": {"dmean": [0.125356927514, 0.953675270081, 1.21492648125, 1.60630500317, 3.00201034546, 3.21586680412, 5.11116504669, 4.50218296051, 6.96674823761, 2.88378143311, 4.24044322968, 3.63651275635, 4.99454641342, 4.64470100403, 7.03833055496, 13.9564008713, 19.7816543579, 22.404706955, 19.5762367249, 6.23273038864, 5.3232922554, 4.92177629471, 1.89635658264, 1.33444190025, 1.30300545692, 2.61690020561, 1.35631072521, 1.34620153904, 1.49522256851, 1.54978656769, 1.35087740421, 0.780079424381, 0.568352878094, 0.604619383812, 0.228012412786, 0.125787273049, 0.0345583260059, 0.0115496953949, 0.00170201214496, 9.11116585485e-05], "dmean2": [0.211535722017, 1.59430372715, 1.89931619167, 2.57669472694, 4.22103786469, 4.80847454071, 7.80350446701, 6.48681974411, 10.3358020782, 3.91616559029, 5.41266155243, 4.58263778687, 6.61713171005, 6.64624452591, 10.1540851593, 20.3560943604, 27.8747501373, 32.644744873, 30.0389518738, 9.53355979919, 8.00823783875, 7.3207359314, 3.05333518982, 2.07091569901, 2.11392998695, 4.51488018036, 2.05158185959, 2.1461827755, 2.49966835976, 2.555382967, 2.20973491669, 1.28194975853, 0.928770184517, 1.02970349789, 0.375519573689, 0.210872754455, 0.0562257692218, 0.0195466838777, 0.00284125609323, 0.000151869258843], "dvar": [0.0664454624057, 3.88786792755, 6.77436590195, 19.9190998077, 51.9006576538, 48.8558578491, 189.599609375, 107.410697937, 299.841033936, 63.8684997559, 187.519821167, 140.570648193, 168.763381958, 193.608734131, 366.028930664, 2380.86376953, 4776.35693359, 6455.82763672, 3248.93359375, 225.204147339, 974.171691895, 618.927368164, 56.2231750488, 15.240937233, 16.7326812744, 79.594291687, 10.9643220901, 10.3758716583, 13.5269060135, 18.4617366791, 13.7893161774, 4.90193080902, 3.0339307785, 5.03492069244, 0.512190878391, 0.115374691784, 0.0131432153285, 0.00227290368639, 4.55117769889e-05, 1.0698844477e-07], "dvar2": [0.195913314819, 11.3930244446, 17.8851222992, 56.0396881104, 109.054199219, 113.718551636, 445.177246094, 228.900909424, 703.99621582, 122.930419922, 304.509063721, 249.803329468, 289.483428955, 410.351348877, 670.220336914, 5129.68554688, 8844.54589844, 14861.3378906, 6657.53857422, 506.371185303, 2009.82727051, 1224.79748535, 156.074783325, 42.1576118469, 45.5871429443, 230.699264526, 23.2599964142, 26.7046852112, 38.9198608398, 48.0694007874, 37.1737213135, 12.3548069, 7.43179130554, 13.4716663361, 1.3130491972, 0.299807310104, 0.032706361264, 0.00603949604556, 0.000121198565466, 2.80967611843e-07], "max": [3.49020957947, 29.531993866, 55.9747657776, 108.164611816, 188.0597229, 176.79397583, 271.554656982, 316.716339111, 647.65625, 283.72567749, 605.910766602, 586.714050293, 277.0546875, 472.317047119, 731.804138184, 2271.57788086, 3473.62451172, 2701.97412109, 1922.22058105, 572.594055176, 1922.79931641, 760.579406738, 228.020431519, 120.905029297, 87.1630554199, 155.236190796, 115.53212738, 73.2421264648, 39.5343742371, 67.7515945435, 59.9770317078, 27.1429309845, 18.440196991, 22.9568405151, 11.8329849243, 3.20354294777, 1.21387732029, 0.497495442629, 0.080273501575, 0.00359035143629], "mean": [0.305299729109, 2.27019691467, 3.31597709656, 4.26191091537, 8.94188117981, 9.97861099243, 13.4250402451, 10.9977445602, 19.6997013092, 8.03132724762, 10.5144109726, 7.49046993256, 12.8852539062, 13.7036933899, 27.4698181152, 63.6869812012, 72.4783248901, 68.2949905396, 56.4292182922, 19.6312713623, 24.9460372925, 14.8259134293, 4.0767159462, 2.86913180351, 2.5104227066, 3.87552118301, 2.97821211815, 2.37606739998, 1.9665927887, 1.82168495655, 1.5943775177, 0.848197042942, 0.5373904109, 0.502124428749, 0.214729204774, 0.129142269492, 0.0318074859679, 0.00885573681444, 0.0013558738865, 0.000102084137325], "median": [0.0138322953135, 0.201865315437, 0.839226126671, 1.19017910957, 1.97559928894, 2.81889390945, 2.76347064972, 3.52166032791, 3.11903095245, 1.52666139603, 1.47680068016, 1.37985110283, 2.426207304, 1.84580767155, 5.9891166687, 13.2264518738, 12.602853775, 11.6376895905, 9.01180839539, 5.09137630463, 2.3320684433, 1.39372897148, 1.07765698433, 1.14777445793, 0.915395736694, 0.992064714432, 0.863143801689, 0.573181331158, 0.40444278717, 0.267994880676, 0.203463420272, 0.118601158261, 0.0449188873172, 0.0210622139275, 0.00624239537865, 0.00193408736959, 0.000543977948837, 0.000128488332848, 3.48957910319e-05, 3.30692018906e-05], "min": [9.08795227796e-22, 7.02192975761e-21, 2.30794037622e-20, 3.72372477964e-20, 2.05071890353e-19, 1.82244445482e-19, 1.85613745988e-19, 3.06514205825e-19, 1.0621477796e-18, 9.87252985779e-19, 1.56073306516e-18, 1.06912163594e-18, 2.39799928413e-18, 1.49748880008e-18, 8.90654420255e-19, 2.38488185397e-18, 3.30618383291e-18, 7.96356140617e-18, 5.52392495193e-18, 7.82099682759e-18, 5.92455581955e-18, 6.69740514152e-18, 1.04552734295e-17, 1.07524959672e-17, 9.8647343009e-18, 1.32739426519e-17, 1.36493552642e-17, 1.36774347373e-17, 1.52260508472e-17, 2.29320703969e-17, 2.00021304928e-17, 1.94268726988e-17, 1.67447064754e-17, 1.20256667234e-17, 7.85228989735e-18, 5.41091057356e-18, 3.05851913327e-18, 1.21733223918e-18, 3.18242541236e-19, 3.23974301883e-20], "var": [0.233799263835, 13.014383316, 31.0371799469, 71.9400863647, 318.86541748, 287.520965576, 722.754638672, 456.687561035, 2108.81445312, 341.949371338, 1175.24523926, 475.379425049, 861.750976562, 1225.20056152, 4320.87011719, 24661.1933594, 50346.5664062, 22313.6660156, 18745.453125, 1574.28356934, 10300.7548828, 2494.55224609, 119.979736328, 27.107049942, 22.5682220459, 69.6029205322, 37.919418335, 19.962474823, 17.4338569641, 21.7548904419, 15.713555336, 4.74051332474, 2.91709756851, 3.72305941582, 0.463003754616, 0.127937495708, 0.0117174647748, 0.00163007597439, 3.32943054673e-05, 8.52074322211e-08]}, "gfcc": {"mean": [-95.1482391357, 116.930076599, -114.286888123, 21.4244251251, -37.184928894, 17.6328086853, -30.7679443359, -16.5142803192, -18.5368461609, 3.81313061714, -4.96694946289, -2.32834982872, -6.7239780426], "cov": [[26529.5839844, -1027.04699707, -772.300354004, 1697.62255859, -782.508483887, 1644.70812988, -1141.63525391, 206.303375244, -598.424621582, 647.370605469, -462.493408203, 126.626182556, -254.450332642], [-1027.04699707, 3333.59326172, -2.1428463459, 156.279220581, 727.413818359, -408.642333984, 336.516357422, -148.203308105, 332.910400391, -303.959136963, 158.598648071, -306.644470215, 56.8806190491], [-772.300354004, -2.1428463459, 1326.53491211, 34.2857017517, 110.600814819, 25.6314067841, 32.0978164673, 91.3665313721, -49.9293785095, 41.6661453247, -84.2475280762, -51.3354148865, -102.673606873], [1697.62255859, 156.279220581, 34.2857017517, 948.134399414, 22.3252925873, 118.52696228, 132.876312256, 118.421607971, 116.278884888, 78.1204147339, 57.6431388855, -85.3966598511, 30.4104633331], [-782.508483887, 727.413818359, 110.600814819, 22.3252925873, 630.114746094, 56.0468330383, 158.902938843, -21.9115352631, 152.432006836, -46.9933242798, 87.796257019, -42.1306991577, 81.9390640259], [1644.70812988, -408.642333984, 25.6314067841, 118.52696228, 56.0468330383, 531.713867188, 94.6038970947, 10.2182674408, -121.984146118, 102.095237732, 79.2097473145, 58.6852111816, 23.8264923096], [-1141.63525391, 336.516357422, 32.0978164673, 132.876312256, 158.902938843, 94.6038970947, 507.009918213, 63.1270484924, 9.67007446289, -32.2882423401, 182.57043457, 23.7403659821, 66.9511795044], [206.303375244, -148.203308105, 91.3665313721, 118.421607971, -21.9115352631, 10.2182674408, 63.1270484924, 236.205673218, 55.4779510498, 23.4608745575, -15.9131250381, 17.1622104645, 4.32903337479], [-598.424621582, 332.910400391, -49.9293785095, 116.278884888, 152.432006836, -121.984146118, 9.67007446289, 55.4779510498, 311.616271973, 25.4576530457, -14.9327917099, -76.387336731, 17.6500988007], [647.370605469, -303.959136963, 41.6661453247, 78.1204147339, -46.9933242798, 102.095237732, -32.2882423401, 23.4608745575, 25.4576530457, 212.468002319, 32.3505516052, -13.1745414734, -11.3705091476], [-462.493408203, 158.598648071, -84.2475280762, 57.6431388855, 87.796257019, 79.2097473145, 182.57043457, -15.9131250381, -14.9327917099, 32.3505516052, 248.508728027, 39.7609024048, 49.3160896301], [126.626182556, -306.644470215, -51.3354148865, -85.3966598511, -42.1306991577, 58.6852111816, 23.7403659821, 17.1622104645, -76.387336731, -13.1745414734, 39.7609024048, 228.292861938, 32.8156890869], [-254.450332642, 56.8806190491, -102.673606873, 30.4104633331, 81.9390640259, 23.8264923096, 66.9511795044, 4.32903337479, 17.6500988007, -11.3705091476, 49.3160896301, 32.8156890869, 149.243621826]], "icov": [[0.000115687325888, -0.000168104190379, 0.000123853096738, -0.000210653815884, 8.75830592122e-05, -0.000404937280109, 0.000345700711478, -0.000217654625885, 0.00030453648651, -0.000340659025824, 0.000315391342156, -0.000233399696299, 0.000142362769111], [-0.000168104190379, 0.000943168648519, -0.000176907007699, 0.000180191360414, -0.000701216806192, 0.00102385599166, -0.000734890811145, 0.000704490463249, -0.00067802099511, 0.00126915774308, -0.000873044016771, 0.00102177087683, -3.30216353177e-05], [0.000123853096738, -0.000176907007699, 0.00108501396608, -0.000268387753749, -0.000384714192478, -0.000273632555036, 0.000175217850483, -0.000660007586703, 0.000915987067856, -0.000798431574367, 0.000836377614178, -0.000140956457471, 0.00086062628543], [-0.000210653815884, 0.000180191360414, -0.000268387753749, 0.00174505321775, 0.000207633784157, 0.000251246499829, -0.000784030999057, -0.000151159052621, -0.00105946999975, 0.000397867319407, -0.000736786692869, 0.000895763922017, -0.000563936890103], [8.75830592122e-05, -0.000701216806192, -0.000384714192478, 0.000207633784157, 0.00318131200038, -0.00147025450133, 0.00015702235396, 0.000192132676602, -0.00143790023867, 0.000255776220001, -0.000161856019986, -0.0003362611169, -0.0011613642564], [-0.000404937280109, 0.00102385599166, -0.000273632555036, 0.000251246499829, -0.00147025450133, 0.0045728739351, -0.00171498616692, 0.000850803160574, 0.000550462456886, -7.45624711271e-05, -0.00118969276082, 0.000735465378966, -0.000337594130542], [0.000345700711478, -0.000734890811145, 0.000175217850483, -0.000784030999057, 0.00015702235396, -0.00171498616692, 0.00442270096391, -0.00178469868843, 0.000977295450866, -9.22984399949e-05, -0.00130737689324, -0.0007210263866, -0.000126964499941], [-0.000217654625885, 0.000704490463249, -0.000660007586703, -0.000151159052621, 0.000192132676602, 0.000850803160574, -0.00178469868843, 0.00611454760656, -0.00209844508208, 0.000725938763935, 0.000216223023017, -0.000236134263105, -0.000396949762944], [0.00030453648651, -0.00067802099511, 0.000915987067856, -0.00105946999975, -0.00143790023867, 0.000550462456886, 0.000977295450866, -0.00209844508208, 0.00664504244924, -0.00292683183216, 0.00173414661549, 8.18025655462e-05, 0.000347814755514], [-0.000340659025824, 0.00126915774308, -0.000798431574367, 0.000397867319407, 0.000255776220001, -7.45624711271e-05, -9.22984399949e-05, 0.000725938763935, -0.00292683183216, 0.00854424387217, -0.00333916558884, 0.00200016098097, -0.000142343589687], [0.000315391342156, -0.000873044016771, 0.000836377614178, -0.000736786692869, -0.000161856019986, -0.00118969276082, -0.00130737689324, 0.000216223023017, 0.00173414661549, -0.00333916558884, 0.00792968459427, -0.00200664345175, -0.000183551790542], [-0.000233399696299, 0.00102177087683, -0.000140956457471, 0.000895763922017, -0.0003362611169, 0.000735465378966, -0.0007210263866, -0.000236134263105, 8.18025655462e-05, 0.00200016098097, -0.00200664345175, 0.00671206088737, -0.00133940461092], [0.000142362769111, -3.30216353177e-05, 0.00086062628543, -0.000563936890103, -0.0011613642564, -0.000337594130542, -0.000126964499941, -0.000396949762944, 0.000347814755514, -0.000142343589687, -0.000183551790542, -0.00133940461092, 0.0087259169668]]}, "melbands": {"dmean": [0.00117246469017, 0.00082199217286, 0.000278208288364, 0.000243773916736, 0.000163907272508, 0.000109402775706, 9.47306543821e-05, 3.47965396941e-05, 3.54969524778e-05, 2.33923365158e-05, 2.5863875635e-05, 1.96419568965e-05, 2.08236706385e-05, 3.03141223412e-05, 5.12118531333e-05, 3.83473779948e-05, 4.62988609797e-05, 3.87156542274e-05, 1.10413702714e-05, 8.48185391078e-06, 5.81045969739e-06, 5.57016437597e-06, 2.65964149548e-06, 1.51839321916e-06, 1.13338057872e-06, 9.26887139485e-07, 1.53511405188e-06, 1.80450876996e-06, 8.57208419802e-07, 8.23724803922e-07, 8.37051857161e-07, 9.44911619172e-07, 9.09261302695e-07, 8.30120200135e-07, 8.85616259438e-07, 5.93134643623e-07, 4.80205983422e-07, 4.11924418131e-07, 4.15024373979e-07, 5.53096413114e-07], "dmean2": [0.00198406493291, 0.00132144766394, 0.000436587492004, 0.000339771504514, 0.000250515644439, 0.000157728180056, 0.000139946423587, 4.60998417111e-05, 4.49600629508e-05, 2.97133301501e-05, 3.43401807186e-05, 2.80862586806e-05, 2.97815095109e-05, 4.40256044385e-05, 7.45044962969e-05, 5.29065000592e-05, 6.82629179209e-05, 5.93094773649e-05, 1.760907071e-05, 1.273838825e-05, 8.72620603332e-06, 8.27769054013e-06, 4.2749052227e-06, 2.46674881055e-06, 1.7689391143e-06, 1.46677780322e-06, 2.58772865891e-06, 3.1230104014e-06, 1.27511157189e-06, 1.28606802718e-06, 1.35006291657e-06, 1.59581441039e-06, 1.53561404659e-06, 1.3465947859e-06, 1.44974740124e-06, 9.78630396276e-07, 8.18684100068e-07, 6.81017581883e-07, 6.93967365351e-07, 9.48653848809e-07], "dvar": [5.5671885093e-06, 2.85614282802e-06, 4.97586256643e-07, 3.08554433559e-07, 1.77354834818e-07, 5.67679556696e-08, 5.32880832793e-08, 1.24518457767e-08, 1.16559837338e-08, 5.3177853232e-09, 4.55778792485e-09, 3.48538398143e-09, 4.55827642298e-09, 1.0148931473e-08, 2.72462195028e-08, 2.10423181102e-08, 3.21706501438e-08, 1.26070700546e-08, 1.52432244604e-09, 8.58755622168e-10, 1.38026179375e-09, 7.45175920969e-10, 1.96891794535e-10, 4.06099737171e-11, 9.51673288785e-12, 8.3078049648e-12, 2.3955434858e-11, 4.18886661468e-11, 6.4745058273e-12, 3.86988748338e-12, 4.3744062192e-12, 6.94302861731e-12, 6.41478536956e-12, 5.77936786969e-12, 6.88099447213e-12, 2.67035243744e-12, 2.43001842606e-12, 1.62120859272e-12, 2.60095309006e-12, 4.06529584301e-12], "dvar2": [1.6723473891e-05, 8.00084762886e-06, 1.34823653752e-06, 6.43511100407e-07, 4.15474261217e-07, 1.19158208634e-07, 1.23100107885e-07, 2.23562537371e-08, 1.99411438473e-08, 9.21147780275e-09, 7.97713184397e-09, 7.43101402634e-09, 7.23216020404e-09, 2.21908251774e-08, 5.38164215413e-08, 3.71432129498e-08, 7.54501883193e-08, 2.58227714767e-08, 3.7473033565e-09, 1.8206179897e-09, 2.82615753022e-09, 1.4997412201e-09, 4.94028262743e-10, 1.17052575965e-10, 2.58901216438e-11, 2.30766170062e-11, 6.48376768941e-11, 1.2129644511e-10, 1.25389386374e-11, 8.54627479896e-12, 1.15377239013e-11, 2.01946497719e-11, 1.69003110118e-11, 1.45630070503e-11, 1.83216063848e-11, 6.93170607718e-12, 6.45581461553e-12, 4.0486117063e-12, 6.80053973204e-12, 1.09211849633e-11], "max": [0.0297484993935, 0.0326320193708, 0.0182902570814, 0.0139269419014, 0.00862683076411, 0.00825671292841, 0.00835746806115, 0.00500981789082, 0.00396194588393, 0.00320935482159, 0.00153761915863, 0.00209307856858, 0.00336714624427, 0.00485837412998, 0.00638202112168, 0.0105377584696, 0.00622309511527, 0.00325201242231, 0.00176826771349, 0.00127134739887, 0.0021839463152, 0.000806663068943, 0.000621847226284, 0.000213640538277, 7.99923654995e-05, 6.77782736602e-05, 8.03875373094e-05, 0.000109425229311, 9.92979694274e-05, 8.76246631378e-05, 3.49968649971e-05, 3.0058045013e-05, 3.87581749237e-05, 4.99911257066e-05, 5.16943473485e-05, 2.60482793237e-05, 2.00077884074e-05, 1.90296632354e-05, 1.50096020661e-05, 2.18288496399e-05], "mean": [0.00285712932236, 0.00222894037142, 0.00081651925575, 0.000756372930482, 0.000459704577224, 0.000273631158052, 0.000267785886535, 9.09490991035e-05, 8.33439044072e-05, 4.5616812713e-05, 6.60650621285e-05, 5.57582534384e-05, 7.52644846216e-05, 0.000128799729282, 0.000201543516596, 0.000135685520945, 0.000131120672449, 0.000107527244836, 2.89775707643e-05, 2.8103522709e-05, 2.68928615696e-05, 1.64160137501e-05, 5.98415454078e-06, 2.64179288934e-06, 2.23277493205e-06, 1.85031490219e-06, 2.27708005696e-06, 2.53958910434e-06, 1.92421475731e-06, 1.56775161031e-06, 1.29169256979e-06, 1.15642717446e-06, 1.02786009393e-06, 9.81953348855e-07, 1.01219495718e-06, 6.74635714404e-07, 4.64815769874e-07, 3.89665473222e-07, 3.42795914321e-07, 4.59641995576e-07], "median": [0.000184091608389, 0.00042917690007, 0.000278896826785, 0.000206343567697, 9.73516143858e-05, 8.24597082101e-05, 4.20524738729e-05, 1.11977733468e-05, 9.34335002967e-06, 6.22099196335e-06, 1.02279536804e-05, 4.01429360863e-06, 9.24952200876e-06, 2.92485310638e-05, 2.76197970379e-05, 9.72363250185e-06, 1.76346820808e-05, 1.2739844351e-05, 5.12391761731e-06, 2.80365907201e-06, 1.99408395929e-06, 1.17169270197e-06, 7.59916360948e-07, 7.69293137637e-07, 8.27019448479e-07, 5.70090037399e-07, 5.06831383973e-07, 6.02042405262e-07, 4.87157649331e-07, 3.40004731925e-07, 2.71216720193e-07, 1.93358914657e-07, 1.83114678975e-07, 1.18694600815e-07, 1.10423698629e-07, 7.73037385216e-08, 5.85790722596e-08, 2.95439548381e-08, 1.5367568551e-08, 1.5258798669e-08], "min": [8.13967665707e-24, 1.08449512804e-23, 1.40139767195e-23, 1.37518745283e-23, 7.81101353813e-24, 5.79983001521e-24, 1.50969817681e-23, 1.17439064024e-23, 1.30790700505e-23, 5.95214170107e-24, 1.19759127612e-23, 6.1123565899e-24, 2.77711618593e-24, 3.5028820238e-24, 9.33658848729e-24, 7.76644210812e-24, 1.51716506082e-23, 7.45874139002e-24, 9.99122234291e-24, 9.51501778e-24, 6.6137739362e-24, 6.46770135124e-24, 9.99836626726e-24, 8.47687603987e-24, 8.87550086591e-24, 8.1080528011e-24, 7.15542594968e-24, 9.53488208645e-24, 7.07388534221e-24, 7.78523593033e-24, 8.29453084163e-24, 7.01848995173e-24, 1.30532821876e-23, 1.44577299113e-23, 9.70811199694e-24, 9.54892144399e-24, 1.2608421435e-23, 1.13376690686e-23, 1.08928572254e-23, 9.1721322878e-24], "var": [1.88741996681e-05, 1.14741824291e-05, 2.1273024231e-06, 1.99858459382e-06, 8.16702026896e-07, 2.76332599469e-07, 3.65828867643e-07, 6.81488856458e-08, 6.12181452198e-08, 1.78646430982e-08, 2.31955823438e-08, 2.25073684135e-08, 5.3971614733e-08, 8.53404742429e-08, 2.77969775198e-07, 2.41394872091e-07, 9.27744494561e-08, 6.91924242346e-08, 5.71365887936e-09, 7.16214376695e-09, 1.38824489682e-08, 3.11340087045e-09, 6.71343369785e-10, 5.74492745042e-11, 1.67788682254e-11, 1.45004685342e-11, 2.59166420963e-11, 3.46770008541e-11, 2.21420937141e-11, 1.07580966704e-11, 6.82561125676e-12, 7.68877409657e-12, 6.8317422032e-12, 7.46512660715e-12, 7.78100760906e-12, 2.81094852256e-12, 1.95886969839e-12, 1.56213095844e-12, 2.01139712525e-12, 3.01137044988e-12]}, "mfcc": {"mean": [-734.169250488, 140.965255737, 0.521977007389, 16.2878265381, 11.4328308105, 27.6102256775, 3.61738991737, -6.77514982224, -9.49757671356, 0.312620133162, -2.77832055092, 1.23710811138, 1.7019610405], "cov": [[15299.8242188, 146.198577881, -789.401733398, 140.839782715, 97.7043304443, 754.92175293, -35.3333930969, -46.4038505554, -143.698730469, 35.5547103882, 69.0701446533, 90.3001480103, -131.378463745], [146.198577881, 2103.9909668, -45.7159194946, 194.416213989, 384.689697266, 76.4427032471, 61.1647796631, 34.279083252, 58.5353050232, 90.2327651978, 23.5356254578, -3.01255941391, 7.62222623825], [-789.401733398, -45.7159194946, 1030.24609375, 190.96937561, 12.3517141342, -57.1421318054, 43.2591819763, -6.45773696899, 54.3913917542, 54.6383361816, 69.2785110474, -38.6538047791, -30.0802059174], [140.839782715, 194.416213989, 190.96937561, 646.235656738, 102.083900452, 16.0481891632, 64.4141998291, 84.0638885498, 101.053108215, 146.968811035, 30.8261928558, 71.0041732788, 30.8900241852], [97.7043304443, 384.689697266, 12.3517141342, 102.083900452, 398.254119873, 82.7584991455, -45.913066864, -10.7820053101, 89.1773452759, 80.775390625, 3.60871338844, 23.6743583679, 22.3929786682], [754.92175293, 76.4427032471, -57.1421318054, 16.0481891632, 82.7584991455, 409.399353027, 200.339355469, 11.4445333481, -31.3700447083, 51.6230354309, 14.9513835907, 56.0581741333, 22.6619186401], [-35.3333930969, 61.1647796631, 43.2591819763, 64.4141998291, -45.913066864, 200.339355469, 473.965270996, 122.877418518, -63.2941131592, 40.2408866882, 31.3374671936, 29.1477813721, 64.4308319092], [-46.4038505554, 34.279083252, -6.45773696899, 84.0638885498, -10.7820053101, 11.4445333481, 122.877418518, 259.022125244, 55.7161445618, -48.106678009, -17.8129882812, 17.4323921204, 73.3469924927], [-143.698730469, 58.5353050232, 54.3913917542, 101.053108215, 89.1773452759, -31.3700447083, -63.2941131592, 55.7161445618, 223.216156006, 79.5529251099, -0.504303276539, 16.1714229584, -7.92189359665], [35.5547103882, 90.2327651978, 54.6383361816, 146.968811035, 80.775390625, 51.6230354309, 40.2408866882, -48.106678009, 79.5529251099, 282.729553223, 76.6658935547, 8.52849292755, -51.2567596436], [69.0701446533, 23.5356254578, 69.2785110474, 30.8261928558, 3.60871338844, 14.9513835907, 31.3374671936, -17.8129882812, -0.504303276539, 76.6658935547, 178.199584961, 45.4253234863, -18.100566864], [90.3001480103, -3.01255941391, -38.6538047791, 71.0041732788, 23.6743583679, 56.0581741333, 29.1477813721, 17.4323921204, 16.1714229584, 8.52849292755, 45.4253234863, 174.445297241, 75.1139450073], [-131.378463745, 7.62222623825, -30.0802059174, 30.8900241852, 22.3929786682, 22.6619186401, 64.4308319092, 73.3469924927, -7.92189359665, -51.2567596436, -18.100566864, 75.1139450073, 216.550415039]], "icov": [[7.94266306912e-05, -7.44155897792e-07, 5.83993969485e-05, -5.62277091376e-05, 2.24818522838e-05, -0.00019210773462, 9.90887492662e-05, -3.19001410389e-05, 5.24497227161e-05, 2.90582320304e-05, -6.12358926446e-05, 2.44197635766e-05, 5.86557507631e-05], [-7.44155897792e-07, 0.000603043765295, 7.73486681283e-05, -0.000125696416944, -0.000633536779787, 9.25721033127e-05, -0.000166443438502, -3.49166548403e-05, 7.78949251981e-05, 5.8101653849e-05, -0.000112362511572, 0.000151952670421, 7.86733653513e-05], [5.83993969485e-05, 7.73486681283e-05, 0.00118447537534, -0.000452956330264, -5.97917751293e-05, 5.44071444892e-05, -0.000237962507526, 0.00032751148683, -0.000342891202308, 0.000327060901327, -0.000630325172096, 0.000581438711379, 3.27146335621e-05], [-5.62277091376e-05, -0.000125696416944, -0.000452956330264, 0.00226332410239, -0.000203792791581, 0.000359231897164, -7.71343256929e-05, -0.000836866733152, -6.52535527479e-05, -0.00128192279954, 0.000543418340385, -0.00104923371691, -2.20268630073e-05], [2.24818522838e-05, -0.000633536779787, -5.97917751293e-05, -0.000203792791581, 0.0039176796563, -0.00116012769286, 0.000895938952453, 0.000307933922159, -0.00111013196874, -0.000540524546523, 0.000133907451527, 0.00014982050925, -0.000807204225566], [-0.00019210773462, 9.25721033127e-05, 5.44071444892e-05, 0.000359231897164, -0.00116012769286, 0.00418295431882, -0.00201041554101, 0.000439086172264, 0.000299051986076, -0.00041281664744, 0.000580560939852, -0.0012418582337, 0.000360684003681], [9.90887492662e-05, -0.000166443438502, -0.000237962507526, -7.71343256929e-05, 0.000895938952453, -0.00201041554101, 0.00409897277132, -0.00219975225627, 0.00166993134189, -0.00123624585103, -0.000293935590889, 0.000248097552685, -0.000654994277284], [-3.19001410389e-05, -3.49166548403e-05, 0.00032751148683, -0.000836866733152, 0.000307933922159, 0.000439086172264, -0.00219975225627, 0.00654743937775, -0.00295254238881, 0.00228759925812, -0.000297387276078, 0.00078321719775, -0.00135728123132], [5.24497227161e-05, 7.78949251981e-05, -0.000342891202308, -6.52535527479e-05, -0.00111013196874, 0.000299051986076, 0.00166993134189, -0.00295254238881, 0.00733272824436, -0.00258445576765, 0.00101489666849, -0.00112807902042, 0.000710081832949], [2.90582320304e-05, 5.8101653849e-05, 0.000327060901327, -0.00128192279954, -0.000540524546523, -0.00041281664744, -0.00123624585103, 0.00228759925812, -0.00258445576765, 0.00639958865941, -0.00234944210388, 0.000944336643443, 0.000832248479128], [-6.12358926446e-05, -0.000112362511572, -0.000630325172096, 0.000543418340385, 0.000133907451527, 0.000580560939852, -0.000293935590889, -0.000297387276078, 0.00101489666849, -0.00234944210388, 0.00761928642169, -0.0028620318044, 0.00102593959309], [2.44197635766e-05, 0.000151952670421, 0.000581438711379, -0.00104923371691, 0.00014982050925, -0.0012418582337, 0.000248097552685, 0.00078321719775, -0.00112807902042, 0.000944336643443, -0.0028620318044, 0.00865108612925, -0.00304246763699], [5.86557507631e-05, 7.86733653513e-05, 3.27146335621e-05, -2.20268630073e-05, -0.000807204225566, 0.000360684003681, -0.000654994277284, -0.00135728123132, 0.000710081832949, 0.000832248479128, 0.00102593959309, -0.00304246763699, 0.00672274176031]]}, "spectral_contrast_coeffs": {"dmean": [0.0399280078709, 0.0404759570956, 0.0363093689084, 0.0318792276084, 0.0291765630245, 0.0251356810331], "dmean2": [0.0636415630579, 0.0631149709225, 0.0571723543108, 0.0516940653324, 0.0461115054786, 0.0399986878037], "dvar": [0.00131531420629, 0.0012302295072, 0.00112932175398, 0.000926630338654, 0.000844192691147, 0.000647767155897], "dvar2": [0.00300655537285, 0.00292267207988, 0.00257035833783, 0.00223986268975, 0.00199523800984, 0.00149000971578], "max": [-0.230433836579, -0.395936191082, -0.379960119724, -0.407130748034, -0.460114389658, -0.495514780283], "mean": [-0.643272519112, -0.666360795498, -0.676166415215, -0.65497303009, -0.722089588642, -0.745263040066], "median": [-0.654978871346, -0.668587803841, -0.683377385139, -0.649976670742, -0.726020693779, -0.740552306175], "min": [-0.95907920599, -0.970571398735, -0.978621244431, -0.968550682068, -0.96322876215, -0.961151599884], "var": [0.0113363265991, 0.00785963702947, 0.00989808700979, 0.0112400325015, 0.0055550406687, 0.00477243540809]}, "spectral_contrast_valleys": {"dmean": [0.373108327389, 0.347881883383, 0.362389087677, 0.372557044029, 0.41304475069, 0.602988302708], "dmean2": [0.586496829987, 0.55285012722, 0.571847200394, 0.592431128025, 0.641184866428, 0.882149338722], "dvar": [0.177314266562, 0.141029581428, 0.167672485113, 0.213510647416, 0.271052896976, 0.510526359081], "dvar2": [0.320804715157, 0.273325622082, 0.32470867037