{"lowlevel": {"average_loudness": 0.272958487272, "barkbands_crest": {"dmean": 2.66129755974, "dmean2": 4.58469438553, "dvar": 6.7455124855, "dvar2": 24.0589046478, "max": 24.3822174072, "mean": 10.7315568924, "median": 10.0782060623, "min": 3.92337036133, "var": 14.2508039474}, "barkbands_flatness_db": {"dmean": 0.0185895189643, "dmean2": 0.0315201021731, "dvar": 0.000309304712573, "dvar2": 0.0011054109782, "max": 0.422215342522, "mean": 0.224330455065, "median": 0.220594003797, "min": 0.0583643876016, "var": 0.00378191121854}, "barkbands_kurtosis": {"dmean": 3.09181141853, "dmean2": 5.43369197845, "dvar": 31.0074234009, "dvar2": 104.947395325, "max": 94.5517349243, "mean": 6.24363422394, "median": 1.96326398849, "min": -1.70070374012, "var": 94.3597869873}, "barkbands_skewness": {"dmean": 0.473684936762, "dmean2": 0.787138342857, "dvar": 0.263467848301, "dvar2": 0.845261216164, "max": 8.16226387024, "mean": 1.42937517166, "median": 1.25604820251, "min": -2.68861794472, "var": 1.93764209747}, "barkbands_spread": {"dmean": 2.37374615669, "dmean2": 3.82423639297, "dvar": 6.61937761307, "dvar2": 16.8365097046, "max": 46.6400337219, "mean": 11.1591396332, "median": 10.5026369095, "min": 0.772576093674, "var": 46.3785209656}, "dissonance": {"dmean": 0.0314604453743, "dmean2": 0.0536565482616, "dvar": 0.000869037699886, "dvar2": 0.00247672642581, "max": 0.49984228611, "mean": 0.419069617987, "median": 0.428324103355, "min": 0.123898044229, "var": 0.00244494783692}, "dynamic_complexity": 7.85919237137, "erbbands_crest": {"dmean": 2.99215841293, "dmean2": 4.85398769379, "dvar": 6.84652900696, "dvar2": 17.6474246979, "max": 32.3332633972, "mean": 11.5558309555, "median": 10.4476385117, "min": 2.53520035744, "var": 24.4325523376}, "erbbands_flatness_db": {"dmean": 0.0151994777843, "dmean2": 0.0234371311963, "dvar": 0.000163309188792, "dvar2": 0.000375770730898, "max": 0.407838433981, "mean": 0.226589471102, "median": 0.227695778012, "min": 0.0278474707156, "var": 0.00247041531838}, "erbbands_kurtosis": {"dmean": 1.37106132507, "dmean2": 2.21154308319, "dvar": 3.50505685806, "dvar2": 7.95347595215, "max": 45.0561561584, "mean": 1.64112555981, "median": 0.811693191528, "min": -1.69511771202, "var": 8.86137866974}, "erbbands_skewness": {"dmean": 0.411736756563, "dmean2": 0.655306577682, "dvar": 0.118571154773, "dvar2": 0.292898416519, "max": 3.67535400391, "mean": 0.59980994463, "median": 0.534012556076, "min": -2.94088768959, "var": 0.706483244896}, "erbbands_spread": {"dmean": 4.54428005219, "dmean2": 7.19241809845, "dvar": 19.0904426575, "dvar2": 46.3258705139, "max": 113.378898621, "mean": 22.5383396149, "median": 20.3126449585, "min": 1.1727656126, "var": 153.778060913}, "hfc": {"dmean": 2.91988658905, "dmean2": 4.46792221069, "dvar": 25.4881153107, "dvar2": 60.98279953, "max": 125.394477844, "mean": 11.269990921, "median": 5.8963727951, "min": 1.20356023206e-16, "var": 208.531600952}, "melbands_crest": {"dmean": 3.20818471909, "dmean2": 5.46022129059, "dvar": 8.82626533508, "dvar2": 29.0672416687, "max": 30.0382537842, "mean": 14.6180009842, "median": 14.13514328, "min": 1.61933588982, "var": 24.7001800537}, "melbands_flatness_db": {"dmean": 0.0204124040902, "dmean2": 0.0346548743546, "dvar": 0.000410996261053, "dvar2": 0.00143093732186, "max": 0.579198539257, "mean": 0.323591768742, "median": 0.323275923729, "min": 0.00264471280389, "var": 0.00704095419496}, "melbands_kurtosis": {"dmean": 5.11846113205, "dmean2": 8.82683467865, "dvar": 71.9562759399, "dvar2": 225.956741333, "max": 131.737335205, "mean": 11.9199943542, "median": 4.54189300537, "min": -1.66277348995, "var": 277.987457275}, "melbands_skewness": {"dmean": 0.550558269024, "dmean2": 0.898290097713, "dvar": 0.321482330561, "dvar2": 0.966812372208, "max": 8.93344116211, "mean": 2.07752108574, "median": 1.89012861252, "min": -2.18025779724, "var": 2.44395184517}, "melbands_spread": {"dmean": 3.05638766289, "dmean2": 4.85944986343, "dvar": 23.5849647522, "dvar2": 44.5831069946, "max": 173.288146973, "mean": 14.3913526535, "median": 12.4450244904, "min": 0.730090141296, "var": 248.788116455}, "pitch_salience": {"dmean": 0.0677762553096, "dmean2": 0.118497565389, "dvar": 0.004437063355, "dvar2": 0.0154293067753, "max": 0.840614438057, "mean": 0.517625153065, "median": 0.517615377903, "min": 0.179640620947, "var": 0.0104890177026}, "silence_rate_20dB": {"dmean": 0, "dmean2": 0, "dvar": 0, "dvar2": 0, "max": 1, "mean": 1, "median": 1, "min": 1, "var": 0}, "silence_rate_30dB": {"dmean": 0.00445009535179, "dmean2": 0.00890302099288, "dvar": 0.00443040439859, "dvar2": 0.0113678826019, "max": 1, "mean": 0.987289488316, "median": 1, "min": 0, "var": 0.0125483730808}, "silence_rate_60dB": {"dmean": 0.0158931985497, "dmean2": 0.0317965038121, "dvar": 0.015640405938, "dvar2": 0.0384170636535, "max": 1, "mean": 0.164283439517, "median": 0, "min": 0, "var": 0.137297466397}, "spectral_centroid": {"dmean": 96.7489776611, "dmean2": 153.835800171, "dvar": 30600.9238281, "dvar2": 46997.4179688, "max": 10792.5546875, "mean": 743.716247559, "median": 673.571289062, "min": 174.462844849, "var": 262258.71875}, "spectral_complexity": {"dmean": 1.38143670559, "dmean2": 2.3707473278, "dvar": 1.96192741394, "dvar2": 5.30289173126, "max": 35, "mean": 10.5198602676, "median": 10, "min": 0, "var": 47.2469215393}, "spectral_decrease": {"dmean": 1.39042288794e-09, "dmean2": 2.15300066664e-09, "dvar": 4.28330540715e-18, "dvar2": 1.03511570329e-17, "max": 5.26936756304e-18, "mean": -5.94885785077e-09, "median": -3.93653332154e-09, "min": -5.39737925465e-08, "var": 4.18471730682e-17}, "spectral_energy": {"dmean": 0.005475230515, "dmean2": 0.00847611017525, "dvar": 6.70323133818e-05, "dvar2": 0.00016135063197, "max": 0.212565541267, "mean": 0.0234745237976, "median": 0.0154350092635, "min": 1.12321853715e-20, "var": 0.00065384892514}, "spectral_energyband_high": {"dmean": 1.24071702885e-05, "dmean2": 2.07328321267e-05, "dvar": 1.46246015298e-09, "dvar2": 3.83528142578e-09, "max": 0.000767477729823, "mean": 3.22508894897e-05, "median": 8.78577156982e-06, "min": 8.59042010317e-21, "var": 3.50912943148e-09}, "spectral_energyband_low": {"dmean": 0.00227767019533, "dmean2": 0.00354591221549, "dvar": 1.68907154148e-05, "dvar2": 4.74388252769e-05, "max": 0.100857883692, "mean": 0.0087922224775, "median": 0.00477959401906, "min": 5.78118355222e-23, "var": 0.000143163721077}, "spectral_energyband_middle_high": {"dmean": 0.0015100465389, "dmean2": 0.00244021601975, "dvar": 9.02979263628e-06, "dvar2": 2.31641988648e-05, "max": 0.0560865961015, "mean": 0.0041611767374, "median": 0.00167931988835, "min": 1.35145640896e-21, "var": 3.74046030629e-05}, "spectral_energyband_middle_low": {"dmean": 0.00389557005838, "dmean2": 0.00588093791157, "dvar": 5.11018115503e-05, "dvar2": 0.000120394353871, "max": 0.186542645097, "mean": 0.0110233491287, "median": 0.00555645534769, "min": 5.00829386178e-22, "var": 0.000231525438721}, "spectral_entropy": {"dmean": 0.127858623862, "dmean2": 0.201716899872, "dvar": 0.0122867589816, "dvar2": 0.029461953789, "max": 9.80343151093, "mean": 6.56697463989, "median": 6.54622459412, "min": 4.96430158615, "var": 0.247304290533}, "spectral_flux": {"dmean": 0.0114385252818, "dmean2": 0.0193241424859, "dvar": 0.000180818082299, "dvar2": 0.000529383833054, "max": 0.238900601864, "mean": 0.0545109063387, "median": 0.0480572246015, "min": 1.05982007892e-10, "var": 0.00139383412898}, "spectral_kurtosis": {"dmean": 5.61142730713, "dmean2": 9.91994094849, "dvar": 28.305639267, "dvar2": 88.1790466309, "max": 105.980712891, "mean": 15.1864700317, "median": 12.9203681946, "min": -1.18812036514, "var": 93.1607513428}, "spectral_rms": {"dmean": 0.000507517019287, "dmean2": 0.000804883486126, "dvar": 2.83678616597e-07, "dvar2": 7.82835400059e-07, "max": 0.0144007299095, "mean": 0.0040801698342, "median": 0.00388053408824, "min": 3.31032163486e-12, "var": 6.25421898803e-06}, "spectral_rolloff": {"dmean": 173.503311157, "dmean2": 302.301940918, "dvar": 258052.3125, "dvar2": 439388.0625, "max": 19143.0175781, "mean": 931.053527832, "median": 667.529296875, "min": 86.1328125, "var": 4584615.5}, "spectral_skewness": {"dmean": 0.44388744235, "dmean2": 0.777153015137, "dvar": 0.145623445511, "dvar2": 0.44966095686, "max": 8.64797306061, "mean": 2.72193813324, "median": 2.59549427032, "min": -0.00137801386882, "var": 0.683709323406}, "spectral_spread": {"dmean": 254495.640625, "dmean2": 425219.1875, "dvar": 383370231808, "dvar2": 487512768512, "max": 40891504, "mean": 2590322.75, "median": 2328253, "min": 850083.9375, "var": 1970251759620.0}, "spectral_strongpeak": {"dmean": 0.454171091318, "dmean2": 0.762546420097, "dvar": 0.722481429577, "dvar2": 1.75831973553, "max": 9.87158298492, "mean": 0.881443142891, "median": 0.200739771128, "min": 0, "var": 1.7836843729}, "zerocrossingrate": {"dmean": 0.00367592275143, "dmean2": 0.00482785189524, "dvar": 0.000104514430859, "dvar2": 0.000124796686578, "max": 0.521484375, "mean": 0.0340015664697, "median": 0.02685546875, "min": 0.0029296875, "var": 0.00333363213576}, "barkbands": {"dmean": [0.000348081055563, 0.00188296765555, 0.000542445166502, 0.000318370759487, 0.000792123668361, 0.000829575699754, 0.000501453643665, 0.00157601572573, 0.00140417460352, 0.000902318628505, 0.000718642724678, 0.000359671248589, 0.000183129377547, 0.000229943238082, 0.000264828297077, 4.02109144488e-05, 5.1561921282e-05, 3.61181155313e-05, 2.87413040496e-05, 1.89264046639e-05, 3.15176203003e-06, 7.30860563181e-07, 6.49404682918e-07, 8.71040924721e-07, 1.06840082026e-06, 9.11310166885e-07, 4.45478072209e-08], "dmean2": [0.000580769497901, 0.00297302333638, 0.00077681656694, 0.000509568490088, 0.00123604724649, 0.0012656779727, 0.000749385973904, 0.00223284913227, 0.00214605266228, 0.00143799139187, 0.00117294490337, 0.000599559745751, 0.000295455130981, 0.000386817060644, 0.000438959425082, 6.79751465213e-05, 8.95785487955e-05, 5.99939194217e-05, 4.79004593217e-05, 3.26212866639e-05, 5.32365265826e-06, 1.22023379845e-06, 1.06139464151e-06, 1.42412795867e-06, 1.699457016e-06, 1.55764746523e-06, 7.20526287523e-08], "dvar": [1.04301500414e-06, 1.30491735035e-05, 8.76527906257e-07, 2.14734200199e-07, 2.2180340693e-06, 3.43870669894e-06, 1.41190105296e-06, 2.14134997805e-05, 1.65085002664e-05, 7.31149430067e-06, 4.30710360888e-06, 9.97946017378e-07, 2.07871210023e-07, 4.64038123482e-07, 5.96124550611e-07, 1.46991920857e-08, 1.4184629471e-08, 7.6873121202e-09, 3.47908546416e-09, 1.86893567289e-09, 4.7781244239e-11, 2.90532077563e-11, 1.78578957177e-11, 1.27598501209e-10, 1.72561881451e-10, 2.18985496403e-10, 2.82967957876e-13], "dvar2": [3.33193156621e-06, 3.68498222088e-05, 2.08554479286e-06, 5.67356153169e-07, 6.10293591308e-06, 7.9442452261e-06, 3.2093853406e-06, 4.39669347543e-05, 4.21750446549e-05, 1.81792111107e-05, 1.15205302791e-05, 2.71866088042e-06, 5.71567341012e-07, 1.39060819038e-06, 1.59727301252e-06, 4.00022166502e-08, 3.71556936329e-08, 2.06935872882e-08, 9.12703779221e-09, 5.78312242538e-09, 1.33930463941e-10, 8.20429349457e-11, 3.71918676412e-11, 3.34875294161e-10, 4.38875685793e-10, 5.47972611731e-10, 7.32764868748e-13], "max": [0.0327371172607, 0.0684606209397, 0.0253212638199, 0.00944520253688, 0.0393640622497, 0.0597669817507, 0.0224549788982, 0.160519987345, 0.0776654183865, 0.0539292432368, 0.0503928624094, 0.0186764057726, 0.0156455002725, 0.0151695357636, 0.0214699935168, 0.00280659273267, 0.00293597881682, 0.0015657977201, 0.00106294406578, 0.0010495739989, 0.000127091363538, 0.000222654460231, 0.000186311124708, 0.000460060575278, 0.000478005415061, 0.000487271638121, 2.44129223574e-05], "mean": [0.0012584629003, 0.00553089659661, 0.00179404264782, 0.000685422332026, 0.00165001023561, 0.0016549252905, 0.000958903692663, 0.00288163381629, 0.00242907973006, 0.00137756578624, 0.00116777839139, 0.000530536170118, 0.000290199182928, 0.000420808268245, 0.000491313519888, 6.35454634903e-05, 9.47545195231e-05, 7.4624804256e-05, 6.16775650997e-05, 4.31599328294e-05, 6.72836358717e-06, 1.83439192369e-06, 1.88152171177e-06, 1.86644388123e-06, 1.87242437732e-06, 9.94026322587e-07, 9.32363235506e-08], "median": [0.00030405074358, 0.00272230338305, 0.000738618546166, 0.000334157550242, 0.000847167917527, 0.000695756170899, 0.00025738729164, 0.000116734263429, 0.000189860395039, 9.52709306148e-05, 0.000190788676264, 9.06129425857e-05, 9.3081544037e-05, 2.86363047053e-05, 3.85053936043e-05, 1.03372640297e-05, 1.51584208652e-05, 1.15242601169e-05, 2.10137022805e-05, 8.26509767649e-06, 2.41024008574e-06, 4.77183732528e-07, 3.03585437678e-07, 5.96857148594e-07, 2.68604935627e-07, 5.45025073961e-08, 1.29155699469e-08], "min": [3.77035312344e-23, 1.06820775358e-23, 4.03495805475e-24, 6.69898345685e-23, 8.84588860525e-23, 6.30775262408e-23, 1.15091675872e-22, 4.79476379288e-23, 7.42835225914e-23, 9.4462805428e-23, 4.45780185722e-23, 8.78478028409e-23, 5.66013126859e-23, 8.13721698877e-23, 1.30902543627e-22, 1.28801624021e-22, 1.27743995049e-22, 1.70118636761e-22, 3.47805264259e-22, 2.54725761138e-22, 4.21698938102e-22, 7.50917579204e-22, 9.21574622999e-22, 9.99750864924e-22, 1.2203544413e-21, 2.01376574865e-21, 2.23811991056e-21], "var": [7.77846435085e-06, 6.62685997668e-05, 7.95658525021e-06, 9.03705597466e-07, 6.92205048836e-06, 1.02491258076e-05, 3.94950575355e-06, 7.387190999e-05, 3.96492469008e-05, 1.41923674164e-05, 9.45965985011e-06, 1.78567916009e-06, 3.12227030008e-07, 1.13943212909e-06, 1.51197218656e-06, 2.36051285185e-08, 3.6283871907e-08, 2.60684807074e-08, 1.11494538046e-08, 6.71484956527e-09, 1.18726126153e-10, 2.37108648687e-11, 2.85565703029e-11, 1.02563457727e-10, 1.53599105657e-10, 1.81766005025e-10, 2.52956076224e-13]}, "erbbands": {"dmean": [0.0927680134773, 0.318336516619, 0.618801772594, 0.693860948086, 1.42147862911, 3.10712146759, 4.86308813095, 7.19278860092, 8.76855754852, 16.3362388611, 35.2053108215, 31.1832714081, 32.2872047424, 21.8627471924, 23.7709140778, 14.6457853317, 9.26139640808, 10.759721756, 12.7542762756, 8.49587249756, 1.61995017529, 2.55764746666, 1.78302061558, 1.70064151287, 1.38727331161, 0.926818907261, 0.241703897715, 0.0555867142975, 0.0236418079585, 0.0265431068838, 0.0177527070045, 0.0273650567979, 0.0105813872069, 0.0182181634009, 0.00428686616942, 0.00579824158922, 0.000740725896321, 0.000172247280716, 8.8451870397e-06, 6.29080795989e-06], "dmean2": [0.147597789764, 0.500041723251, 0.890836954117, 1.05711185932, 2.2749273777, 4.76332092285, 7.4678196907, 10.8412122726, 13.1330623627, 21.7063884735, 53.0570755005, 46.1541786194, 50.769241333, 36.115234375, 38.2754478455, 24.6434497833, 14.8335952759, 18.3320236206, 21.2724876404, 14.1198244095, 2.75940036774, 4.49904584885, 2.90859222412, 2.92107605934, 2.29917812347, 1.60039556026, 0.404219716787, 0.0915338248014, 0.038620788604, 0.0447278767824, 0.0288539864123, 0.0455810837448, 0.0172661729157, 0.0285657308996, 0.00701235607266, 0.00966693460941, 0.00123377947602, 0.000274044577964, 1.45173989949e-05, 9.73841724772e-06], "dvar": [0.0519809611142, 0.311608463526, 1.15456748009, 1.16106557846, 5.29029941559, 45.6831970215, 127.421607971, 315.09765625, 438.116027832, 1767.24560547, 15560.96875, 7138.32666016, 10163.2451172, 5279.49804688, 3338.99926758, 1776.3359375, 458.949890137, 1124.08911133, 1895.52416992, 433.619171143, 16.0101795197, 31.5397472382, 18.0004577637, 10.0989294052, 12.2838573456, 3.77792739868, 0.263035833836, 0.03621198982, 0.0175748951733, 0.026668112725, 0.0131601803005, 0.149696066976, 0.0105221075937, 0.0419491678476, 0.00269466964528, 0.00806704908609, 0.00012450266513, 4.45355863121e-06, 4.75886308138e-09, 8.8541909915e-11], "dvar2": [0.131043508649, 0.995247781277, 2.98401021957, 2.57235527039, 13.7966957092, 124.707992554, 299.810180664, 679.385375977, 985.139526367, 3063.43286133, 35294.2460938, 16121.1054688, 25339.1484375, 13759.5908203, 8659.44824219, 4932.08056641, 1228.24133301, 3492.72021484, 5031.33398438, 1149.12585449, 41.8273735046, 89.8245697021, 47.1880874634, 28.6864490509, 33.3137054443, 11.5946035385, 0.761723339558, 0.094573661685, 0.0481572374701, 0.0707538947463, 0.0295006316155, 0.395130544901, 0.0283236000687, 0.0960066318512, 0.00701199192554, 0.0196626354009, 0.000319902785122, 9.1209076345e-06, 1.24393633172e-08, 2.12296374924e-10], "max": [3.74626636505, 11.0268154144, 24.37200737, 29.2091522217, 29.2583522797, 180.216156006, 225.167114258, 657.056518555, 373.427215576, 1202.64489746, 4372.34960938, 2120.51855469, 2122.00683594, 1642.00256348, 1102.57849121, 724.616516113, 606.946655273, 815.529296875, 1228.65112305, 372.788391113, 94.1530227661, 77.6449508667, 83.5838317871, 38.1376304626, 70.4487533569, 30.5527076721, 9.61703681946, 7.89771413803, 5.27961921692, 5.90284919739, 4.84617948532, 15.0865545273, 3.78914237022, 6.30337572098, 1.70932090282, 3.06061601639, 0.408566474915, 0.0895181894302, 0.00233841268346, 0.000242276597419], "mean": [0.232771858573, 0.948394834995, 1.88682866096, 2.48497152328, 2.83233261108, 6.47560167313, 10.0856733322, 14.0743589401, 16.5849304199, 33.8792304993, 61.3363380432, 58.9734764099, 52.1489944458, 36.9778327942, 38.6378593445, 23.1672306061, 16.217256546, 21.030878067, 25.8004741669, 15.494603157, 3.41446185112, 4.85289096832, 4.06871891022, 3.58833646774, 3.13675570488, 2.13973021507, 0.63236451149, 0.144872531295, 0.0649643242359, 0.0644269511104, 0.0509782470763, 0.04908689484, 0.0246122721583, 0.0298658851534, 0.00820662640035, 0.00581068079919, 0.00110749364831, 0.000260600209003, 2.64465961664e-05, 2.72949127975e-05], "median": [0.0868715196848, 0.489745795727, 0.983314335346, 1.23019576073, 1.66487133503, 2.77898073196, 3.31949806213, 5.73717164993, 5.09000015259, 5.31935691833, 4.7609295845, 6.07189416885, 6.07307386398, 6.75675058365, 9.4003162384, 6.19078922272, 5.98496437073, 2.49006438255, 1.0356593132, 2.56600141525, 0.582293331623, 0.769561648369, 0.757500171661, 1.29827153683, 0.741095244884, 0.455050140619, 0.199175015092, 0.0551877506077, 0.0153627870604, 0.0165903475136, 0.0113392500207, 0.0140696428716, 0.00732770049945, 0.00422378815711, 0.00122077192646, 0.000334031152306, 8.71817610459e-05, 2.27472683036e-05, 1.23541731227e-05, 1.79139133252e-05], "min": [9.13122779882e-22, 5.50596538095e-22, 4.38115726763e-21, 1.04305336206e-19, 2.12239617156e-19, 4.11995088465e-19, 3.57705984092e-19, 5.99713026835e-19, 1.44533413188e-18, 1.4623993849e-18, 1.18378231053e-18, 1.76713737546e-18, 3.41477548334e-18, 1.33864365269e-18, 2.85681755155e-18, 3.03174619198e-18, 2.69545963626e-18, 3.81427166596e-18, 5.93733079693e-18, 6.99485680825e-18, 6.2652355315e-18, 7.95869758416e-18, 9.98002508032e-18, 2.00363079413e-17, 1.08944153449e-17, 1.23623217881e-17, 1.29514844881e-17, 2.13655540985e-17, 2.33921201294e-17, 3.05711495282e-17, 2.14833909398e-17, 1.94240139626e-17, 1.74786208195e-17, 1.31584591394e-17, 9.11024218468e-18, 6.27857547324e-18, 4.04052458864e-18, 1.43980556686e-18, 3.13711840377e-19, 3.34537786046e-20], "var": [0.166792690754, 1.73685312271, 6.94380760193, 12.0376310349, 12.027466774, 144.963409424, 412.688476562, 889.598876953, 1184.70373535, 8059.93017578, 44875.0273438, 22489.03125, 19852.5039062, 10364.8476562, 6247.64404297, 3070.27709961, 851.538391113, 2698.21948242, 5290.15771484, 995.455383301, 48.5012321472, 74.6072845459, 68.1153945923, 28.4759140015, 41.0671615601, 14.7491111755, 1.23118460178, 0.0610822327435, 0.02010210976, 0.0267974883318, 0.0190700814128, 0.118058115244, 0.00849728938192, 0.046205189079, 0.00217656418681, 0.0068537062034, 0.000108065833047, 5.76659977014e-06, 4.4120000986e-09, 8.64203208994e-10]}, "gfcc": {"mean": [-140.773590088, 165.290374756, -110.514633179, 18.0695323944, -37.5186195374, 1.46734452248, -19.4275493622, 7.74279117584, -15.8943576813, -2.20155024529, 2.28153991699, -9.26593494415, -2.44829082489], "cov": [[32367.0039062, 2953.98608398, -4120.86767578, -1331.76708984, -455.844329834, 366.257659912, 26.2488327026, 826.573120117, -431.28918457, 223.2787323, 637.23034668, -397.235443115, 328.076934814], [2953.98608398, 1729.02172852, -61.3473892212, 99.6424789429, -2.20166730881, -94.540397644, 283.428161621, -139.263580322, -15.8709497452, -231.109085083, 186.734481812, -203.278167725, 56.9310188293], [-4120.86767578, -61.3473892212, 912.405700684, 326.825897217, 96.4625015259, -59.6284332275, -13.8551902771, -150.992431641, 80.786781311, -62.8525009155, -82.9257278442, 33.9549369812, -84.4660568237], [-1331.76708984, 99.6424789429, 326.825897217, 506.490112305, 104.305725098, -74.0780181885, -44.5841751099, -188.800415039, 138.196334839, -81.7985229492, -72.7925415039, 17.671339035, -2.64475131035], [-455.844329834, -2.20166730881, 96.4625015259, 104.305725098, 209.891174316, 33.4688529968, -51.5287628174, -29.7344055176, 24.7296772003, -1.33328080177, -20.6811733246, 45.847076416, 8.7830953598], [366.257659912, -94.540397644, -59.6284332275, -74.0780181885, 33.4688529968, 130.48399353, -2.7707130909, 14.8360652924, -29.2439880371, 17.5849781036, 18.4763813019, 15.4166984558, -13.8573770523], [26.2488327026, 283.428161621, -13.8551902771, -44.5841751099, -51.5287628174, -2.7707130909, 274.363006592, 14.7841596603, -65.8417663574, -73.16456604, 81.540687561, -95.9187850952, 13.8927021027], [826.573120117, -139.263580322, -150.992431641, -188.800415039, -29.7344055176, 14.8360652924, 14.7841596603, 179.717712402, -48.3938140869, 60.2998733521, 4.31658554077, -9.07686901093, -0.146760463715], [-431.28918457, -15.8709497452, 80.786781311, 138.196334839, 24.7296772003, -29.2439880371, -65.8417663574, -48.3938140869, 173.99130249, 16.4035701752, -47.6305732727, 10.8770360947, -3.54431867599], [223.2787323, -231.109085083, -62.8525009155, -81.7985229492, -1.33328080177, 17.5849781036, -73.16456604, 60.2998733521, 16.4035701752, 130.697845459, 2.09078788757, 35.9521408081, -21.2297172546], [637.23034668, 186.734481812, -82.9257278442, -72.7925415039, -20.6811733246, 18.4763813019, 81.540687561, 4.31658554077, -47.6305732727, 2.09078788757, 131.59828186, -11.5350399017, 3.926258564], [-397.235443115, -203.278167725, 33.9549369812, 17.671339035, 45.847076416, 15.4166984558, -95.9187850952, -9.07686901093, 10.8770360947, 35.9521408081, -11.5350399017, 116.74181366, 10.2724275589], [328.076934814, 56.9310188293, -84.4660568237, -2.64475131035, 8.7830953598, -13.8573770523, 13.8927021027, -0.146760463715, -3.54431867599, -21.2297172546, 3.926258564, 10.2724275589, 77.4223937988]], "icov": [[0.00021013825608, -0.000571778800804, 0.000766577839386, -0.000528886390384, 0.000450101710157, -0.000817451160401, 0.000662779726554, -0.000979554606602, 0.000327341724187, -0.000475774111692, -7.1705893788e-05, 9.33173214435e-05, -9.41396210692e-05], [-0.000571778800804, 0.00288949930109, -0.00196250737645, 0.00167852267623, -0.00195840350352, 0.00319603946991, -0.00163988594431, 0.00325872120447, -0.00138512870762, 0.00306331552565, -0.00189045572188, 0.0016578087816, -3.84092127206e-05], [0.000766577839386, -0.00196250737645, 0.00475499778986, -0.00241768267006, 0.000954396731686, -0.00199982756749, 0.00146865739953, -0.00274227187037, 0.00113879248966, -0.00117872783449, 0.000629637215752, -0.000832733756397, 0.00237226020545], [-0.000528886390384, 0.00167852267623, -0.00241768267006, 0.00673579005525, -0.00314985308796, 0.00432933075354, -0.00205380609259, 0.00620032753795, -0.00320146162994, 0.00288008060306, 0.00109705817886, -0.000278451800114, 0.000736332440283], [0.000450101710157, -0.00195840350352, 0.000954396731686, -0.00314985308796, 0.00810427498072, -0.00518330140039, 0.00219305627979, -0.00359572190791, 0.00123546633404, -0.00205621100031, 0.000594208890107, -0.00189655087888, -0.0020668185316], [-0.000817451160401, 0.00319603946991, -0.00199982756749, 0.00432933075354, -0.00518330140039, 0.0143510494381, -0.00334340264089, 0.00594196096063, -0.00117195490748, 0.00318912416697, -0.00104934221599, -0.000747523328755, 0.00382097600959], [0.000662779726554, -0.00163988594431, 0.00146865739953, -0.00205380609259, 0.00219305627979, -0.00334340264089, 0.0104469684884, -0.00506546860561, 0.00207633548416, 0.00175931688864, -0.00525035848841, 0.0060422681272, -0.00275993300602], [-0.000979554606602, 0.00325872120447, -0.00274227187037, 0.00620032753795, -0.00359572190791, 0.00594196096063, -0.00506546860561, 0.0162590183318, -0.00081900274381, -0.00113727850839, 0.00277288374491, 0.000558092317078, 0.000821858586278], [0.000327341724187, -0.00138512870762, 0.00113879248966, -0.00320146162994, 0.00123546633404, -0.00117195490748, 0.00207633548416, -0.00081900274381, 0.00953149050474, -0.00439059128985, 0.00205466058105, 0.000918194302358, -0.000953204522375], [-0.000475774111692, 0.00306331552565, -0.00117872783449, 0.00288008060306, -0.00205621100031, 0.00318912416697, 0.00175931688864, -0.00113727850839, -0.00439059128985, 0.0175950583071, -0.00504799094051, -0.000495505752042, 0.00400759885088], [-7.1705893788e-05, -0.00189045572188, 0.000629637215752, 0.00109705817886, 0.000594208890107, -0.00104934221599, -0.00525035848841, 0.00277288374491, 0.00205466058105, -0.00504799094051, 0.0153374709189, -0.00535363750532, 0.00175290962216], [9.33173214435e-05, 0.0016578087816, -0.000832733756397, -0.000278451800114, -0.00189655087888, -0.000747523328755, 0.0060422681272, 0.000558092317078, 0.000918194302358, -0.000495505752042, -0.00535363750532, 0.0179488956928, -0.0057380925864], [-9.41396210692e-05, -3.84092127206e-05, 0.00237226020545, 0.000736332440283, -0.0020668185316, 0.00382097600959, -0.00275993300602, 0.000821858586278, -0.000953204522375, 0.00400759885088, 0.00175290962216, -0.0057380925864, 0.0190994273871]]}, "melbands": {"dmean": [0.000633703835774, 0.000327089976054, 0.000135525100632, 0.000143767814734, 0.000168859536643, 0.000164635799592, 0.00012230068387, 0.000209701960557, 0.000300719810184, 0.000191146653378, 0.00015983004414, 8.7697066192e-05, 9.01582170627e-05, 4.09680906159e-05, 3.9094062231e-05, 1.43650368045e-05, 2.27501896006e-05, 2.09836125578e-05, 1.60788404173e-05, 6.81126448399e-06, 1.75370360012e-06, 2.91982246381e-06, 2.7872042665e-06, 1.86325110008e-06, 1.47379853388e-06, 1.11263466351e-06, 9.12802420316e-07, 6.16441298007e-07, 1.98822888819e-07, 8.71670948754e-08, 2.64268447125e-08, 1.3223680817e-08, 1.77201577856e-08, 1.67172569121e-08, 1.35239037746e-08, 9.6863441712e-09, 1.98425880171e-08, 4.40425163006e-09, 1.51454955244e-08, 1.63649094276e-08], "dmean2": [0.00100884865969, 0.000488208315801, 0.000211546081118, 0.000224710340262, 0.000260497414274, 0.000249027798418, 0.000183045005542, 0.000277636077954, 0.000463869626401, 0.000282797613181, 0.000251926016062, 0.000144604302477, 0.000144873571116, 6.82818426867e-05, 6.39051213511e-05, 2.30087534874e-05, 3.91479479731e-05, 3.41331833624e-05, 2.59250282397e-05, 1.1378660929e-05, 3.00818464893e-06, 5.13207442054e-06, 4.7187581913e-06, 3.18586944559e-06, 2.52806603385e-06, 1.8549625338e-06, 1.53091457378e-06, 1.05582921606e-06, 3.33653332518e-07, 1.46440285675e-07, 4.42844765303e-08, 2.14401634224e-08, 3.03852765171e-08, 2.76872604843e-08, 2.23125624643e-08, 1.63598929959e-08, 3.31573133394e-08, 7.13592340773e-09, 2.56870329451e-08, 2.48985045914e-08], "dvar": [1.8059223521e-06, 3.11904244654e-07, 3.95441297485e-08, 5.52107124463e-08, 1.41346902183e-07, 1.45532624174e-07, 8.08136562114e-08, 2.8444247846e-07, 1.09642098778e-06, 2.54783174114e-07, 2.52004980439e-07, 8.36149425254e-08, 4.63597373823e-08, 1.18411511707e-08, 1.31687967198e-08, 7.97400701025e-10, 5.64119506663e-09, 4.52957760189e-09, 1.81165971114e-09, 3.16106502085e-10, 2.85747033674e-11, 4.55192342153e-11, 5.23979505618e-11, 2.32948643014e-11, 7.61078353118e-12, 7.44849494583e-12, 5.2998434634e-12, 1.81364103423e-12, 2.42211117699e-13, 4.1242681335e-14, 1.14918078037e-14, 1.07040506457e-15, 5.31460556715e-14, 7.66685434757e-15, 9.12650387392e-15, 2.87260699677e-15, 9.41061058289e-14, 1.31585456625e-16, 5.33576682187e-14, 3.88174532123e-14], "dvar2": [4.77692947243e-06, 9.05347462776e-07, 9.76174661105e-08, 1.46597869843e-07, 3.5577448898e-07, 3.2221836932e-07, 1.83089412076e-07, 4.69831718419e-07, 2.6403947686e-06, 5.72460464809e-07, 6.27081021776e-07, 2.16596191649e-07, 1.21229319916e-07, 3.26685629659e-08, 3.42648291962e-08, 2.06092343191e-09, 1.76041439204e-08, 1.16678329221e-08, 4.81133932695e-09, 8.49830206207e-10, 7.11835937417e-11, 1.27526586513e-10, 1.48318732296e-10, 6.34883673412e-11, 2.17458637902e-11, 2.09234747583e-11, 1.48737792915e-11, 5.53319499594e-12, 6.87009043404e-13, 1.08238593056e-13, 3.04150693346e-14, 2.50669575158e-15, 1.51609085529e-13, 1.60604782105e-14, 1.97199705567e-14, 7.42602255187e-15, 2.50190764373e-13, 3.2982634462e-16, 1.48730840469e-13, 7.6731433978e-14], "max": [0.0265388712287, 0.0136685129255, 0.0045589231886, 0.00534211145714, 0.00763098662719, 0.0133981918916, 0.00523081701249, 0.0149601045996, 0.0322012118995, 0.0116954268888, 0.010504710488, 0.00606771791354, 0.00408671423793, 0.0022874281276, 0.00290988571942, 0.000581821252126, 0.00185325648636, 0.00172415177803, 0.00101048615761, 0.000315179611789, 0.000171438136022, 0.000129306441522, 0.000107907508209, 0.000104292928881, 3.11048424919e-05, 5.47866402485e-05, 6.31884977338e-05, 2.00524227694e-05, 9.45402916841e-06, 3.67419738723e-06, 4.58334216091e-06, 1.02641115518e-06, 9.75103284873e-06, 3.82707366953e-06, 3.99112468585e-06, 1.81950258593e-06, 1.21923030747e-05, 2.60496250348e-07, 9.57761039899e-06, 7.86746022641e-06], "mean": [0.0018363049021, 0.00111613096669, 0.000455465778941, 0.000302534550428, 0.000360544829164, 0.000325608678395, 0.000230804871535, 0.000425103207817, 0.00050965504488, 0.000351836439222, 0.000250157114351, 0.000142151664477, 0.000147964674397, 5.9523164964e-05, 6.10250426689e-05, 2.52760382864e-05, 4.07926272601e-05, 4.06815888709e-05, 2.90522220894e-05, 1.08082176666e-05, 3.0578089536e-06, 4.96882103107e-06, 4.90602815262e-06, 3.51670269083e-06, 2.75381717074e-06, 2.18385980588e-06, 2.03016634259e-06, 1.2900816273e-06, 4.55635444041e-07, 1.68751569163e-07, 5.57355086528e-08, 3.66055168399e-08, 3.13022177068e-08, 3.93314998348e-08, 3.30853531239e-08, 2.38661534979e-08, 3.07514973485e-08, 1.40662388404e-08, 2.24975877927e-08, 2.67143036581e-08], "median": [0.000791190541349, 0.000654390838463, 0.000250081589911, 0.00016513466835, 0.000128906627651, 0.000132913744892, 7.14776615496e-05, 4.52095009678e-05, 3.38060417562e-05, 3.0489431083e-05, 1.78022655746e-05, 1.46110141941e-05, 2.69996453426e-05, 1.20863060147e-05, 8.87394526217e-06, 7.73446572566e-06, 2.97560814033e-06, 1.23802715279e-06, 2.46454396802e-06, 2.19920320887e-06, 2.24498478474e-07, 6.59434704176e-07, 5.92738842897e-07, 6.93821164077e-07, 1.01113437267e-06, 6.08125958479e-07, 3.82517072239e-07, 2.54438674574e-07, 1.07018756523e-07, 5.82877746069e-08, 1.707419095e-08, 6.15000006476e-09, 8.99460683712e-09, 7.88421949949e-09, 5.25296250942e-09, 8.66648885989e-09, 7.84721532199e-09, 3.7664005248e-09, 4.50496884241e-09, 2.99705149587e-09], "min": [7.83428335711e-24, 1.20243681479e-24, 2.39854309969e-23, 1.98297890566e-23, 1.53143082143e-23, 1.3102620704e-23, 2.29668758842e-23, 1.4756869122e-23, 1.01562701881e-23, 1.07295306747e-23, 1.73189094819e-23, 5.50506267164e-24, 7.69943941828e-24, 8.31896738589e-24, 9.15003866043e-24, 5.07736437694e-24, 7.23194703521e-24, 9.08559187991e-24, 1.05000715478e-23, 9.14574015735e-24, 6.55770840838e-24, 8.88158613894e-24, 7.32374125672e-24, 8.91052944555e-24, 1.83379962868e-23, 8.61810344115e-24, 6.96196491242e-24, 8.86267004329e-24, 7.53284461687e-24, 9.72349557345e-24, 1.48743036895e-23, 1.33715725745e-23, 1.36047645912e-23, 1.93531577199e-23, 1.1580067881e-23, 1.35661261841e-23, 1.06267586649e-23, 1.15998675008e-23, 1.26308140406e-23, 1.08727357503e-23], "var": [8.78493665368e-06, 1.92244078789e-06, 3.33023137955e-07, 1.79359687991e-07, 4.6462849923e-07, 4.16275156567e-07, 2.17942186964e-07, 1.31607055209e-06, 2.85116539089e-06, 7.78472326601e-07, 4.91325977237e-07, 1.62249676805e-07, 1.05266309447e-07, 1.87787119188e-08, 2.42978597242e-08, 1.93653826308e-09, 1.23794974272e-08, 1.36848763432e-08, 4.30869295798e-09, 5.86492077126e-10, 7.53559784017e-11, 9.53096698786e-11, 1.16264352312e-10, 5.70775891828e-11, 1.69510586123e-11, 1.93385897573e-11, 1.74208147907e-11, 5.67586255773e-12, 8.32711666548e-13, 8.90699325276e-14, 1.48411404016e-14, 4.33388430869e-15, 3.28354490407e-14, 1.20043491342e-14, 1.26226416811e-14, 3.3328897825e-15, 7.14896823922e-14, 6.13475152873e-16, 3.53593056798e-14, 5.21960743399e-14]}, "mfcc": {"mean": [-772.176513672, 185.32321167, -0.589289009571, 24.8238677979, 6.96388483047, -2.69409012794, 14.4110193253, 2.50771331787, -3.75379133224, 9.4917383194, 0.719878911972, 1.19182860851, 1.5169262886], "cov": [[17121.5292969, 4177.59619141, -3090.81860352, -717.913696289, -747.970458984, -746.071777344, 414.419219971, -19.9255580902, -173.369598389, 662.37097168, -22.376285553, -107.231521606, 261.281646729], [4177.59619141, 2363.58740234, -372.198028564, -0.659315049648, -252.799453735, -165.824157715, 363.771881104, 72.8549728394, -138.902313232, 147.423461914, -29.9653224945, -0.104794338346, 42.3609199524], [-3090.81860352, -372.198028564, 957.472045898, 266.35357666, 169.032821655, 180.259689331, -72.4430084229, 8.74488353729, 16.6103572845, -129.597244263, 33.1649284363, 58.8518943787, -92.4759979248], [-717.913696289, -0.659315049648, 266.35357666, 341.341583252, 142.478530884, 91.0895385742, -44.3327941895, -4.89549398422, 26.5778388977, -57.939868927, 2.88201975822, 36.2391815186, -78.5093154907], [-747.970458984, -252.799453735, 169.032821655, 142.478530884, 318.765289307, 130.602416992, -165.863952637, -19.0374336243, 58.5770454407, -98.4621658325, 15.6575536728, 26.2299594879, -28.3251495361], [-746.071777344, -165.824157715, 180.259689331, 91.0895385742, 130.602416992, 170.736755371, -49.4710540771, 7.60216236115, 4.19211101532, -51.1823959351, 2.63243436813, 15.2969722748, -33.2991905212], [414.419219971, 363.771881104, -72.4430084229, -44.3327941895, -165.863952637, -49.4710540771, 294.373840332, 55.1760749817, -68.6087722778, 45.5478897095, -21.551399231, -20.0127620697, 24.8175411224], [-19.9255580902, 72.8549728394, 8.74488353729, -4.89549398422, -19.0374336243, 7.60216236115, 55.1760749817, 79.6957702637, 3.81210947037, -4.6245341301, -10.7759332657, -14.1497411728, 0.457779079676], [-173.369598389, -138.902313232, 16.6103572845, 26.5778388977, 58.5770454407, 4.19211101532, -68.6087722778, 3.81210947037, 101.613021851, 6.28535509109, 3.74645495415, -11.0185823441, -11.0817804337], [662.37097168, 147.423461914, -129.597244263, -57.939868927, -98.4621658325, -51.1823959351, 45.5478897095, -4.6245341301, 6.28535509109, 132.565414429, 14.2478284836, -16.2684116364, 17.454372406], [-22.376285553, -29.9653224945, 33.1649284363, 2.88201975822, 15.6575536728, 2.63243436813, -21.551399231, -10.7759332657, 3.74645495415, 14.2478284836, 68.0672912598, 33.6884536743, 4.31482219696], [-107.231521606, -0.104794338346, 58.8518943787, 36.2391815186, 26.2299594879, 15.2969722748, -20.0127620697, -14.1497411728, -11.0185823441, -16.2684116364, 33.6884536743, 85.8660430908, 13.9654178619], [261.281646729, 42.3609199524, -92.4759979248, -78.5093154907, -28.3251495361, -33.2991905212, 24.8175411224, 0.457779079676, -11.0817804337, 17.454372406, 4.31482219696, 13.9654178619, 105.934677124]], "icov": [[0.000389424152672, -0.000571715238038, 0.00101927225478, 4.43148637714e-05, 7.11778329787e-06, 9.82474521152e-05, 0.000435302732512, 0.00010986761481, 3.73353759642e-05, -0.000401238154154, -0.000355210097041, -9.9222343124e-05, 0.00021863981965], [-0.000571715238038, 0.001476962585, -0.00131460442208, -0.000436844420619, -0.000235851533944, 0.000363924860721, -0.00112956727389, -0.00064298970392, 0.000681574281771, -3.14443532261e-05, 0.000770213839132, -0.000166196448845, -0.000266085145995], [0.00101927225478, -0.00131460442208, 0.00440018530935, -0.000827995478176, 0.000486057339003, -0.000827827549074, 0.00100365024991, 6.03967018833e-05, -1.34693700602e-05, 4.21441882281e-06, -0.00188238057308, -0.000581318803597, 0.00102478661574], [4.43148637714e-05, -0.000436844420619, -0.000827995478176, 0.00547205470502, -0.00190977973398, -0.000289702642476, -0.00072108785389, 0.000706097052898, -0.0011708320817, -0.000206725773751, 0.00140136131085, -0.00235158461146, 0.00312666618265], [7.11778329787e-06, -0.000235851533944, 0.000486057339003, -0.00190977973398, 0.00877208914608, -0.00466025527567, 0.00269033689983, 0.00102800957393, -0.00325460126624, 0.00444757565856, -0.00222178548574, 0.00101549585816, -0.00178503862116], [9.82474521152e-05, 0.000363924860721, -0.000827827549074, -0.000289702642476, -0.00466025527567, 0.0110851945356, -0.000250599201536, -0.00247000530362, 0.00316704367287, -0.0016237749951, 0.00127418304328, -0.00087249482749, 0.00164455967024], [0.000435302732512, -0.00112956727389, 0.00100365024991, -0.00072108785389, 0.00269033689983, -0.000250599201536, 0.00740069290623, -0.00349313928746, 0.00284888478927, -0.000911696173716, 3.31477785949e-05, 0.000877629499882, -0.00102714076638], [0.00010986761481, -0.00064298970392, 6.03967018833e-05, 0.000706097052898, 0.00102800957393, -0.00247000530362, -0.00349313928746, 0.01678461954, -0.00435011554509, 0.0026297592558, -0.000137575698318, 0.00192241906188, -0.000329760601744], [3.73353759642e-05, 0.000681574281771, -1.34693700602e-05, -0.0011708320817, -0.00325460126624, 0.00316704367287, 0.00284888478927, -0.00435011554509, 0.0154778044671, -0.00436541857198, 0.000300469517242, 0.00191943359096, 0.000305689580273], [-0.000401238154154, -3.14443532261e-05, 4.21441882281e-06, -0.000206725773751, 0.00444757565856, -0.0016237749951, -0.000911696173716, 0.0026297592558, -0.00436541857198, 0.0138448653743, -0.0050191427581, 0.00296039716341, -0.0011899638921], [-0.000355210097041, 0.000770213839132, -0.00188238057308, 0.00140136131085, -0.00222178548574, 0.00127418304328, 3.31477785949e-05, -0.000137575698318, 0.000300469517242, -0.0050191427581, 0.0215683467686, -0.00882905907929, 0.000906583620235], [-9.9222343124e-05, -0.000166196448845, -0.000581318803597, -0.00235158461146, 0.00101549585816, -0.00087249482749, 0.000877629499882, 0.00192241906188, 0.00191943359096, 0.00296039716341, -0.00882905907929, 0.0182813312858, -0.00449310662225], [0.00021863981965, -0.000266085145995, 0.00102478661574, 0.00312666618265, -0.00178503862116, 0.00164455967024, -0.00102714076638, -0.000329760601744, 0.000305689580273, -0.0011899638921, 0.000906583620235, -0.00449310662225, 0.0132838720456]]}, "spectral_contrast_coeffs": {"dmean": [0.038874913007, 0.0414070524275, 0.0359304770827, 0.0282680783421, 0.0189330819994, 0.0123731298372], "dmean2": [0.064956754446, 0.0662174895406, 0.0578373558819, 0.0468751229346, 0.0319709144533, 0.02087934874], "dvar": [0.00096966791898, 0.0010599718662, 0.000872023752891, 0.000521062116604, 0.000227730386541, 0.000111140543595], "dvar2": [0.00281286984682, 0.00287450384349, 0.00217816606164, 0.00142228149343, 0.000622858002316, 0.000305114430375], "max": [-0.460854202509, -0.35904443264, -0.378802001476, -0.472394824028, -0.573670983315, -0.604992628098], "mean": [-0.721045792103, -0.695583581924, -0.709021389484, -0.701423466206, -0.745587468147, -0.792489230633], "median": [-0.722456753254, -0.696963965893, -0.709479212761, -0.689297258854, -0.741258382797, -0.807908177376], "min": [-0.959279716015, -0.976078212261, -0.962038099766, -0.953610897064, -0.955753087997, -0.9593141675], "var": [0.0045399852097, 0.00999228283763, 0.0118679422885, 0.00727172615007, 0.00258521805517, 0.00363823841326]}, "spectral_contrast_valleys": {"dmean": [0.285641849041, 0.280437111855, 0.245943278074, 0.203799650073, 0.138785079122, 0.113551497459], "dmean2": [0.482777178288, 0.459048777819, 0.405769705772, 0.341466456652, 0.222908347845, 0.181861534715], "dvar": [0.094002045691, 0.0887105613947, 0.0778306126595, 0.