{"lowlevel": {"average_loudness": 0.967080295086, "barkbands_crest": {"dmean": 2.66557049751, "dmean2": 4.21596574783, "dvar": 6.0954413414, "dvar2": 15.0017118454, "max": 23.4417533875, "mean": 10.9802532196, "median": 10.4404363632, "min": 3.15611243248, "var": 15.8215341568}, "barkbands_flatness_db": {"dmean": 0.0280023794621, "dmean2": 0.0461083687842, "dvar": 0.000992613844573, "dvar2": 0.00277688284405, "max": 0.339200496674, "mean": 0.169287368655, "median": 0.165855839849, "min": 0.0422032400966, "var": 0.00212340941653}, "barkbands_kurtosis": {"dmean": 5.34040594101, "dmean2": 8.7505607605, "dvar": 123.858711243, "dvar2": 324.242462158, "max": 117.972953796, "mean": 6.1423034668, "median": 3.29716491699, "min": -1.7274954319, "var": 116.306106567}, "barkbands_skewness": {"dmean": 0.738119244576, "dmean2": 1.08707261086, "dvar": 0.854397654533, "dvar2": 1.92010641098, "max": 8.16457653046, "mean": 1.66072452068, "median": 1.54292953014, "min": -2.14551854134, "var": 1.93199396133}, "barkbands_spread": {"dmean": 4.19631528854, "dmean2": 6.86175060272, "dvar": 24.0224018097, "dvar2": 67.1851119995, "max": 64.3433761597, "mean": 14.3334169388, "median": 13.0401391983, "min": 1.21305513382, "var": 63.1497459412}, "dissonance": {"dmean": 0.0303674321622, "dmean2": 0.0505399256945, "dvar": 0.000801344169304, "dvar2": 0.00211559631862, "max": 0.499988943338, "mean": 0.426793158054, "median": 0.434118211269, "min": 0.235689625144, "var": 0.00205721450038}, "dynamic_complexity": 3.81091475487, "erbbands_crest": {"dmean": 2.95772957802, "dmean2": 4.68147659302, "dvar": 7.43693208694, "dvar2": 18.2114982605, "max": 32.6907119751, "mean": 12.132604599, "median": 11.3243103027, "min": 2.86203336716, "var": 22.1385631561}, "erbbands_flatness_db": {"dmean": 0.0244754273444, "dmean2": 0.0361410789192, "dvar": 0.000614138320088, "dvar2": 0.00127842056099, "max": 0.345725566149, "mean": 0.174666270614, "median": 0.169808611274, "min": 0.070961073041, "var": 0.00217015715316}, "erbbands_kurtosis": {"dmean": 1.35854315758, "dmean2": 2.13461256027, "dvar": 3.85014414787, "dvar2": 8.55551624298, "max": 40.8866882324, "mean": 1.98022925854, "median": 1.13005304337, "min": -1.64279699326, "var": 12.0302219391}, "erbbands_skewness": {"dmean": 0.421003937721, "dmean2": 0.652191340923, "dvar": 0.165921643376, "dvar2": 0.38924780488, "max": 3.70881199837, "mean": 0.417701870203, "median": 0.465724349022, "min": -3.10072302818, "var": 0.702103555202}, "erbbands_spread": {"dmean": 7.9977350235, "dmean2": 12.2667684555, "dvar": 88.1357650757, "dvar2": 202.206939697, "max": 97.9911651611, "mean": 27.6089668274, "median": 24.7481937408, "min": 1.96254229546, "var": 212.415756226}, "hfc": {"dmean": 6.11281442642, "dmean2": 9.18242835999, "dvar": 70.0098724365, "dvar2": 155.657653809, "max": 70.652923584, "mean": 14.94460392, "median": 11.9559001923, "min": 1.12202867868e-16, "var": 126.65196228}, "melbands_crest": {"dmean": 3.50025749207, "dmean2": 5.62502527237, "dvar": 11.0975046158, "dvar2": 28.0107307434, "max": 30.3128051758, "mean": 15.3646945953, "median": 14.8821649551, "min": 3.15584039688, "var": 35.4074363708}, "melbands_flatness_db": {"dmean": 0.0331115536392, "dmean2": 0.0538078658283, "dvar": 0.00147916609421, "dvar2": 0.00393382227048, "max": 0.456326782703, "mean": 0.253585427999, "median": 0.25705036521, "min": 0.00992160011083, "var": 0.0051025156863}, "melbands_kurtosis": {"dmean": 10.388835907, "dmean2": 16.7420959473, "dvar": 422.694030762, "dvar2": 1055.83740234, "max": 205.86416626, "mean": 12.5391521454, "median": 6.30636405945, "min": -1.75796353817, "var": 430.756713867}, "melbands_skewness": {"dmean": 0.923363864422, "dmean2": 1.37954008579, "dvar": 1.37900030613, "dvar2": 2.96647620201, "max": 11.0570688248, "mean": 2.30431318283, "median": 2.06452035904, "min": -1.91386032104, "var": 3.01149916649}, "melbands_spread": {"dmean": 4.64846515656, "dmean2": 7.2657661438, "dvar": 30.2594337463, "dvar2": 62.2692070007, "max": 139.36579895, "mean": 16.8604049683, "median": 13.8889284134, "min": 0.841332316399, "var": 179.130844116}, "pitch_salience": {"dmean": 0.0727107077837, "dmean2": 0.12104280293, "dvar": 0.00544607872143, "dvar2": 0.0156484525651, "max": 0.80753749609, "mean": 0.487118244171, "median": 0.481527894735, "min": 0.143773049116, "var": 0.0124296406284}, "silence_rate_20dB": {"dmean": 0, "dmean2": 0, "dvar": 0, "dvar2": 0, "max": 1, "mean": 1, "median": 1, "min": 1, "var": 0}, "silence_rate_30dB": {"dmean": 0.108925871551, "dmean2": 0.217934161425, "dvar": 0.0970634520054, "dvar2": 0.178004011512, "max": 1, "mean": 0.885822296143, "median": 1, "min": 0, "var": 0.101138740778}, "silence_rate_60dB": {"dmean": 0.00226928899065, "dmean2": 0.00416193716228, "dvar": 0.0022642321419, "dvar2": 0.00490118004382, "max": 1, "mean": 0.0582230612636, "median": 0, "min": 0, "var": 0.0548334009945}, "spectral_centroid": {"dmean": 158.775787354, "dmean2": 256.351745605, "dvar": 61559.7929688, "dvar2": 97042.71875, "max": 11118.6572266, "mean": 885.32800293, "median": 714.07623291, "min": 183.027114868, "var": 491027.59375}, "spectral_complexity": {"dmean": 2.23071098328, "dmean2": 3.53537654877, "dvar": 7.80539894104, "dvar2": 17.390630722, "max": 36, "mean": 11.9814748764, "median": 12, "min": 0, "var": 22.7976703644}, "spectral_decrease": {"dmean": 7.82105402664e-09, "dmean2": 1.28515251774e-08, "dvar": 2.45414111591e-16, "dvar2": 6.31224198887e-16, "max": 1.59643060896e-14, "mean": -1.14426121911e-08, "median": -6.9738077535e-09, "min": -1.0067140721e-07, "var": 2.22908843229e-16}, "spectral_energy": {"dmean": 0.0300041846931, "dmean2": 0.0491929389536, "dvar": 0.00356465415098, "dvar2": 0.00915179401636, "max": 0.384359270334, "mean": 0.0445425584912, "median": 0.0274561680853, "min": 1.04090501891e-20, "var": 0.00326341041364}, "spectral_energyband_high": {"dmean": 0.000172821586602, "dmean2": 0.000278187711956, "dvar": 9.07343249423e-08, "dvar2": 2.31568790809e-07, "max": 0.00290694879368, "mean": 0.000275123515166, "median": 0.000125483202282, "min": 7.33712434509e-21, "var": 1.31181764118e-07}, "spectral_energyband_low": {"dmean": 0.0245463903993, "dmean2": 0.0420033708215, "dvar": 0.00331881688908, "dvar2": 0.00877614784986, "max": 0.341259181499, "mean": 0.0260152351111, "median": 0.00995532888919, "min": 1.35737200747e-22, "var": 0.00262047885917}, "spectral_energyband_middle_high": {"dmean": 0.00191720493603, "dmean2": 0.00281441025436, "dvar": 7.93855269876e-06, "dvar2": 1.68710139405e-05, "max": 0.048625163734, "mean": 0.00491944747046, "median": 0.00352400960401, "min": 1.76422801646e-21, "var": 2.87241946353e-05}, "spectral_energyband_middle_low": {"dmean": 0.00742951082066, "dmean2": 0.0115828374401, "dvar": 0.000212460334296, "dvar2": 0.000511359248776, "max": 0.149890616536, "mean": 0.0147666139528, "median": 0.00971078407019, "min": 3.08184580144e-22, "var": 0.000277653540252}, "spectral_entropy": {"dmean": 0.270360022783, "dmean2": 0.434041053057, "dvar": 0.0762877389789, "dvar2": 0.200592473149, "max": 9.81467628479, "mean": 7.14249181747, "median": 7.14398622513, "min": 5.68692016602, "var": 0.212087541819}, "spectral_flux": {"dmean": 0.0535227321088, "dmean2": 0.0864797532558, "dvar": 0.00740647083148, "dvar2": 0.0136531088501, "max": 0.526188850403, "mean": 0.10374096036, "median": 0.0642938092351, "min": 1.0202474976e-10, "var": 0.0112637355924}, "spectral_kurtosis": {"dmean": 3.05276799202, "dmean2": 4.97379827499, "dvar": 16.2361774445, "dvar2": 42.9996566772, "max": 43.1442260742, "mean": 8.11898803711, "median": 6.60775279999, "min": -1.22444283962, "var": 34.3795471191}, "spectral_rms": {"dmean": 0.00166812026873, "dmean2": 0.00253355340101, "dvar": 7.15431906428e-06, "dvar2": 1.67233392858e-05, "max": 0.0193645209074, "mean": 0.00570799410343, "median": 0.00517556816339, "min": 3.18671803355e-12, "var": 1.08749845822e-05}, "spectral_rolloff": {"dmean": 236.579849243, "dmean2": 403.820281982, "dvar": 267650.3125, "dvar2": 433533.96875, "max": 19509.0820312, "mean": 1332.12646484, "median": 818.26171875, "min": 86.1328125, "var": 7943068.5}, "spectral_skewness": {"dmean": 0.358859747648, "dmean2": 0.58291041851, "dvar": 0.146669566631, "dvar2": 0.394191741943, "max": 4.74535369873, "mean": 2.19108200073, "median": 2.14465165138, "min": -0.00874119717628, "var": 0.391370028257}, "spectral_spread": {"dmean": 883977.3125, "dmean2": 1343257.5, "dvar": 1640518254590.0, "dvar2": 3189136424960.0, "max": 41435380, "mean": 4539063, "median": 4383567.5, "min": 1312169.375, "var": 3313460051970.0}, "spectral_strongpeak": {"dmean": 0.477081477642, "dmean2": 0.789913535118, "dvar": 0.483556240797, "dvar2": 1.18593275547, "max": 6.94173431396, "mean": 0.8991497159, "median": 0.527818262577, "min": 0, "var": 0.954929709435}, "zerocrossingrate": {"dmean": 0.0085574798286, "dmean2": 0.0114771034569, "dvar": 0.000155839094077, "dvar2": 0.000248312717304, "max": 0.57958984375, "mean": 0.0527280978858, "median": 0.0361328125, "min": 0.0068359375, "var": 0.00449888361618}, "barkbands": {"dmean": [0.000331121351337, 0.0156314950436, 0.00968044716865, 0.0016671406338, 0.00523781683296, 0.000814735714812, 0.0006743746344, 0.00051752361469, 0.000553098216187, 0.0008681830368, 0.0004981791717, 0.000312727963319, 0.000381946971174, 0.00030483523733, 0.000116775925562, 5.89802948525e-05, 6.12406583969e-05, 5.52158235223e-05, 3.86732717743e-05, 2.71042572422e-05, 2.8421605748e-05, 2.85643618554e-05, 3.5062963434e-05, 2.19794001168e-05, 6.97982904967e-05, 6.56589190839e-06, 4.15045406044e-06], "dmean2": [0.000293047574814, 0.0269051529467, 0.0172800365835, 0.00281536043622, 0.00830707605928, 0.00129425968044, 0.0010324625764, 0.000707492348738, 0.000779939582571, 0.00120313314255, 0.000805850082543, 0.000473541935207, 0.000590229523368, 0.000501904869452, 0.000183567521162, 8.69817231433e-05, 8.84038527147e-05, 9.26628781599e-05, 6.5458836616e-05, 4.4730524678e-05, 4.42532364104e-05, 4.58728172816e-05, 5.96970130573e-05, 3.29685681209e-05, 0.000120849726954, 9.39059100347e-06, 6.04715387453e-06], "dvar": [1.8663639878e-07, 0.00145786907524, 0.000540381937753, 7.44238695916e-06, 0.000150880689034, 3.36494736075e-06, 9.90510557131e-07, 2.09614654523e-06, 1.40793849823e-06, 4.56963425677e-06, 1.40815689065e-06, 3.02218154502e-07, 4.20812767743e-07, 9.72597035798e-07, 1.0092803393e-07, 2.61129411427e-08, 2.45826985434e-08, 3.20498827477e-08, 8.44700043245e-09, 2.9548892222e-09, 3.97398602914e-09, 2.16309059553e-09, 5.69377167636e-09, 1.13382148115e-09, 2.80025265198e-08, 1.53554585713e-10, 8.7786777847e-11], "dvar2": [2.36233688611e-07, 0.00390725908801, 0.00147438584827, 1.92498300748e-05, 0.000367747852579, 8.13355291029e-06, 2.33557739193e-06, 3.33602611136e-06, 3.10312179863e-06, 7.79173115006e-06, 3.50452341991e-06, 6.83221060171e-07, 9.90300009107e-07, 3.04932837025e-06, 2.57754265931e-07, 4.25557082906e-08, 4.08305815824e-08, 8.39882616788e-08, 2.27499192818e-08, 7.96419730165e-09, 1.07032835928e-08, 5.540575998e-09, 1.51024082129e-08, 2.45970421808e-09, 7.53175442014e-08, 2.96385888054e-10, 1.5162844591e-10], "max": [0.00494263973087, 0.228934168816, 0.141816079617, 0.0294562093914, 0.1348490417, 0.0351233407855, 0.015390874818, 0.0399978794158, 0.0169691853225, 0.0470665246248, 0.0197252519429, 0.00942615885288, 0.00711376452819, 0.0145930424333, 0.00828504841775, 0.00468777352944, 0.00420494377613, 0.00333950808272, 0.00111160066444, 0.00108735158574, 0.00158412021119, 0.000656417454593, 0.000727236736566, 0.000471150822705, 0.00122085097246, 0.000113741116365, 0.000104951985122], "mean": [0.000795559899416, 0.0147541007027, 0.0091181891039, 0.00230763130821, 0.00685602845624, 0.00150531716645, 0.00152516015805, 0.00119321444072, 0.00125595368445, 0.00193877262063, 0.000700506265275, 0.000622279127128, 0.000595108838752, 0.000531580823008, 0.000209180478123, 0.000108116910269, 0.000108103129605, 6.83143371134e-05, 4.79180052935e-05, 4.79536611238e-05, 4.74814842164e-05, 4.32050364907e-05, 4.6291268518e-05, 3.6466630263e-05, 6.50847068755e-05, 8.81628147908e-06, 6.27757208349e-06], "median": [0.000178007525392, 0.00241395877674, 0.00277458783239, 0.00128133315593, 0.00234317150898, 0.000833010533825, 0.000889430055395, 0.000269213342108, 0.000398279022193, 0.000604745117016, 0.000134552494274, 0.000169705992448, 0.000161826319527, 9.87841485767e-05, 9.4587165222e-05, 4.69743317808e-05, 4.28085404565e-05, 2.67600571533e-05, 2.01952607313e-05, 2.05261949304e-05, 2.2273083232e-05, 1.63945915119e-05, 1.49975539898e-05, 1.38350696943e-05, 1.54294866661e-05, 2.38241659645e-06, 2.74232684205e-06], "min": [2.4620518457e-24, 2.13353963585e-23, 7.28899777142e-23, 7.47239215466e-23, 3.0493828499e-23, 1.71479207252e-23, 9.26008854324e-23, 4.71721340165e-23, 2.50832618975e-23, 6.49872322745e-23, 1.28345927475e-22, 9.25190395357e-23, 5.29086768767e-23, 9.35485724368e-23, 1.96079165628e-22, 1.82909000286e-22, 3.35979696553e-22, 1.96473835894e-22, 3.12642969544e-22, 2.18432403969e-22, 3.16524139954e-22, 5.1804624388e-22, 7.63566768182e-22, 6.47129989803e-22, 1.39785475878e-21, 1.46769770129e-21, 2.34412161164e-21], "var": [1.09370500923e-06, 0.00114071648568, 0.000370361027308, 8.09682933323e-06, 0.000173277207068, 5.3184016906e-06, 3.74378123524e-06, 1.19113146866e-05, 4.0930135583e-06, 2.20619531319e-05, 2.13182261177e-06, 1.1253463299e-06, 9.87591192825e-07, 1.60731087817e-06, 1.65748488712e-07, 8.49969481465e-08, 7.50729611809e-08, 3.12884260723e-08, 7.64196705916e-09, 6.07529404562e-09, 5.22170218176e-09, 4.48042225543e-09, 5.93065019316e-09, 2.71460121049e-09, 2.10526334143e-08, 2.5722415864e-10, 1.57038021475e-10]}, "erbbands": {"dmean": [0.24083609879, 4.34228658676, 12.7338552475, 6.5801525116, 9.1973695755, 19.2825508118, 19.3645782471, 4.22788143158, 9.13636493683, 7.92869997025, 12.2008066177, 12.3840856552, 16.3589038849, 27.1679515839, 17.9774951935, 13.3423452377, 17.1597537994, 12.7625312805, 10.9637060165, 4.66412591934, 3.73126220703, 3.01858830452, 3.05171990395, 2.30951738358, 1.80966711044, 1.22246873379, 1.29211449623, 1.06906831264, 1.08493101597, 0.591177821159, 1.36491429806, 0.61466729641, 0.326880097389, 1.16469204426, 0.280826807022, 0.0363022014499, 0.0110247107223, 0.0044510262087, 0.000715866859537, 5.83055225434e-05], "dmean2": [0.355605781078, 7.73872900009, 23.0082550049, 11.1606788635, 15.4399871826, 30.5883960724, 29.8623046875, 6.79977846146, 14.2685337067, 11.1409311295, 16.5266246796, 16.7340927124, 22.1760120392, 41.0114517212, 28.4561023712, 20.2865715027, 25.781293869, 20.9041061401, 17.727191925, 7.40426826477, 5.18368005753, 4.61255836487, 5.04625225067, 3.81004476547, 3.07844662666, 2.01349258423, 2.04154706001, 1.66020298004, 1.75228214264, 0.966062963009, 2.32990980148, 0.961101472378, 0.493567675352, 2.03439164162, 0.477410256863, 0.0553800053895, 0.0158230029047, 0.00641581928357, 0.00100800709333, 8.52447192301e-05], "dvar": [0.202220901847, 125.087760925, 1022.19232178, 161.474304199, 671.452392578, 2119.18164062, 2660.19873047, 68.5666503906, 229.611022949, 153.12008667, 999.178344727, 559.043945312, 2099.71899414, 2992.06860352, 1378.30822754, 589.765380859, 1009.37072754, 895.020507812, 1403.31530762, 188.602737427, 125.209838867, 34.9921798706, 96.2390975952, 26.9993286133, 15.2845582962, 7.48127555847, 9.60381317139, 3.68576145172, 3.1602563858, 0.923581123352, 10.3543653488, 0.950140297413, 0.315260440111, 8.20430755615, 0.400402456522, 0.00414842367172, 0.000442418211605, 8.21976937004e-05, 2.79850223706e-06, 1.03010711072e-08], "dvar2": [0.42699483037, 340.019897461, 2812.10253906, 416.959655762, 1763.25524902, 5183.27929688, 6271.62890625, 169.549499512, 564.935058594, 284.305084229, 1674.28210449, 1067.03259277, 3428.86572266, 6561.99316406, 3371.84741211, 1357.01074219, 2243.2578125, 2580.39160156, 4242.58789062, 434.713623047, 195.972808838, 67.8787689209, 259.263671875, 71.5194854736, 41.0907402039, 20.2427444458, 26.1493930817, 9.50449180603, 8.03197574615, 2.38896894455, 27.44282341, 2.06815814972, 0.772183775902, 22.0632400513, 1.07369065285, 0.00946278590709, 0.000829402066302, 0.000144282865222, 4.72188958156e-06, 2.10488622088e-08], "max": [3.18613004684, 63.2938232422, 183.609069824, 135.445205688, 261.828521729, 547.947937012, 952.852783203, 113.592651367, 266.990142822, 254.802871704, 820.002990723, 472.095916748, 1115.29394531, 1350.62329102, 636.153320312, 477.853729248, 376.841674805, 431.74230957, 679.886962891, 414.5987854, 327.258850098, 109.995109558, 210.621444702, 66.7886276245, 39.551815033, 58.1298027039, 83.4806289673, 32.0504608154, 25.875869751, 18.6520557404, 31.6916561127, 9.79462623596, 7.97046518326, 20.4952888489, 4.63294410706, 0.735814392567, 0.226819440722, 0.105418279767, 0.022111594677, 0.00111408019438], "mean": [0.40192386508, 3.37554717064, 10.95520401, 8.65746879578, 10.5172519684, 26.1851406097, 27.9222316742, 9.58285140991, 20.7973232269, 18.239654541, 29.1051597595, 30.586523056, 41.0669517517, 51.9525947571, 30.4538993835, 27.0938625336, 28.2278671265, 24.9691486359, 19.0462741852, 7.91933059692, 7.31020498276, 5.3753156662, 4.07735967636, 3.02914834023, 2.49931526184, 2.23336005211, 2.11441802979, 1.75074648857, 1.62747204304, 0.956831991673, 1.655995965, 0.944095313549, 0.506646752357, 1.02572035789, 0.295906245708, 0.048056550324, 0.0144779989496, 0.00558233074844, 0.00105137936771, 0.000114302201837], "median": [0.0638754367828, 0.572653949261, 2.69913649559, 5.15338468552, 4.38937044144, 7.43986082077, 10.5581436157, 6.27393293381, 10.039683342, 10.0705089569, 10.3869752884, 11.0822591782, 11.7343530655, 25.1891288757, 13.2799606323, 10.8594150543, 9.66261672974, 6.00964069366, 6.47141599655, 3.75426220894, 2.95511317253, 2.72637701035, 1.56312346458, 1.37241399288, 1.19920492172, 0.913046956062, 0.920509815216, 0.828804314137, 0.637726485729, 0.361290752888, 0.487759143114, 0.342758446932, 0.19047549367, 0.210085853934, 0.0857692584395, 0.0164110176265, 0.00365214282647, 0.00113718397915, 0.000404961057939, 7.73527717683e-05], "min": [6.20937485344e-22, 5.53963462072e-21, 6.1563951065e-20, 1.93295410445e-19, 1.81184672021e-19, 6.71283691963e-20, 8.03923589526e-20, 2.23857097441e-19, 9.8874666717e-19, 1.49402105216e-18, 7.7665419769e-19, 5.66341975985e-19, 1.35773591181e-18, 3.17030514843e-18, 5.18188452787e-18, 4.9556220926e-18, 2.53500955168e-18, 4.99869917736e-18, 8.55769298012e-18, 8.93764185088e-18, 1.37849276851e-17, 1.60918459052e-17, 1.33236007856e-17, 7.9922058436e-18, 1.87522341174e-17, 1.11652582656e-17, 8.69289565124e-18, 1.42604432135e-17, 1.59635716988e-17, 2.44246963055e-17, 2.08227184758e-17, 1.34707471176e-17, 1.32923259139e-17, 1.56871742602e-17, 1.0955053474e-17, 5.73466327505e-18, 2.66336978478e-18, 1.21027990408e-18, 3.15805356959e-19, 3.54782094498e-20], "var": [0.387763351202, 85.5421524048, 669.757568359, 141.384994507, 547.485229492, 2674.59326172, 3668.84301758, 127.899299622, 863.588867188, 666.265258789, 5157.34521484, 2436.59472656, 11064.0214844, 7913.37011719, 2277.25683594, 1944.56274414, 2381.3918457, 2268.83959961, 2357.15136719, 376.120697021, 441.658233643, 92.001663208, 89.7574234009, 27.5649108887, 14.6549854279, 16.125295639, 12.3533601761, 6.06212520599, 6.27055931091, 1.98991262913, 9.31345367432, 1.84375274181, 0.631064355373, 5.99371147156, 0.3287076056, 0.00557754328474, 0.00075570133049, 0.000143168188515, 5.03375486005e-06, 1.63605289316e-08]}, "gfcc": {"mean": [-26.1988353729, 109.356262207, -96.4840698242, 13.2570552826, -51.4170799255, 17.0496006012, -27.7270965576, 1.58969128132, -19.59126091, -3.95432710648, -10.8521461487, -5.33234786987, -3.88218808174], "cov": [[11346.4316406, 2226.79980469, 1549.1394043, 576.770263672, -760.064697266, 1351.49462891, -863.79119873, 327.29876709, -846.128479004, -182.221237183, -439.717803955, 276.38848877, -5.5171289444], [2226.79980469, 2242.53637695, 177.358139038, 6.90834188461, 171.993209839, 307.447509766, -96.8938522339, -40.6001396179, -58.8307914734, -64.9541702271, 93.8639984131, 86.1624679565, 169.352462769], [1549.1394043, 177.358139038, 807.855407715, 32.7792778015, -20.8403015137, 266.200195312, -73.8173217773, 138.569961548, -124.83870697, -7.04346513748, -156.78604126, 67.0876846313, -56.9487800598], [576.770263672, 6.90834188461, 32.7792778015, 362.66229248, -24.3639144897, 61.1221389771, -23.0840930939, 44.4368286133, 6.24859666824, 28.1501522064, 27.8584823608, 24.8574962616, 46.0012321472], [-760.064697266, 171.993209839, -20.8403015137, -24.3639144897, 373.297790527, -60.9464988708, 157.60269165, -41.5349388123, 88.5955734253, 49.4631652832, 52.5050048828, -10.5952787399, 14.5487661362], [1351.49462891, 307.447509766, 266.200195312, 61.1221389771, -60.9464988708, 409.00088501, -108.619316101, 42.8426208496, -127.808692932, -13.0560026169, -18.3001613617, 44.8092155457, -2.13688659668], [-863.79119873, -96.8938522339, -73.8173217773, -23.0840930939, 157.60269165, -108.619316101, 261.286132812, 19.4774055481, 86.1287384033, 14.5526733398, 30.9288063049, -2.49248933792, 19.9644641876], [327.29876709, -40.6001396179, 138.569961548, 44.4368286133, -41.5349388123, 42.8426208496, 19.4774055481, 158.431564331, 34.0199623108, -0.0529099851847, -38.9072494507, 22.4068393707, -18.1530685425], [-846.128479004, -58.8307914734, -124.83870697, 6.24859666824, 88.5955734253, -127.808692932, 86.1287384033, 34.0199623108, 206.730575562, 61.2967567444, 51.0294532776, -26.2755050659, 12.3556804657], [-182.221237183, -64.9541702271, -7.04346513748, 28.1501522064, 49.4631652832, -13.0560026169, 14.5526733398, -0.0529099851847, 61.2967567444, 106.67603302, 42.1620368958, 4.30603981018, -3.71934437752], [-439.717803955, 93.8639984131, -156.78604126, 27.8584823608, 52.5050048828, -18.3001613617, 30.9288063049, -38.9072494507, 51.0294532776, 42.1620368958, 145.540603638, 28.5276298523, 36.620891571], [276.38848877, 86.1624679565, 67.0876846313, 24.8574962616, -10.5952787399, 44.8092155457, -2.49248933792, 22.4068393707, -26.2755050659, 4.30603981018, 28.5276298523, 97.4353866577, 45.0677490234], [-5.5171289444, 169.352462769, -56.9487800598, 46.0012321472, 14.5487661362, -2.13688659668, 19.9644641876, -18.1530685425, 12.3556804657, -3.71934437752, 36.620891571, 45.0677490234, 113.091667175]], "icov": [[0.000500254740473, -0.000528229633346, -1.21929751913e-05, -0.000671066285577, 0.000531254103407, -0.000454548717244, 0.000398810399929, -0.000499919406138, 0.00108868582174, -0.000752156425733, 0.00133337883744, -0.000702562916558, 0.000559186795726], [-0.000528229633346, 0.00127237266861, -0.000213083665585, 0.000920825230423, -0.00113076786511, 4.40064504801e-05, 0.000145148907905, 0.000427207967732, -0.00128746416885, 0.00158878206275, -0.00209614285268, 0.00106536061503, -0.0017766043311], [-1.21929751913e-05, -0.000213083665585, 0.00287952553481, -0.000136833332363, -0.00069728953531, -0.00101796246599, 0.000114848364319, -0.00125142233446, 0.000623158877715, -0.00122738303617, 0.00323578063399, -0.0024593481794, 0.00149731489364], [-0.000671066285577, 0.000920825230423, -0.000136833332363, 0.00429992191494, -0.00080179417273, 0.000302065629512, 2.92158274533e-05, -0.000912715680897, -0.000916119490284, 0.000145619575051, -0.00287145981565, 0.0020759566687, -0.00306498492137], [0.000531254103407, -0.00113076786511, -0.00069728953531, -0.00080179417273, 0.00556260347366, -0.000433914159657, -0.00268411962315, 0.00194783112966, -0.000219046516577, -0.00214648991823, 0.00118520681281, -0.000563086126931, 0.00155086186714], [-0.000454548717244, 4.40064504801e-05, -0.00101796246599, 0.000302065629512, -0.000433914159657, 0.00495973229408, 0.000505074567627, -0.00111031287815, 0.00170770008117, -8.82201420609e-05, -0.00286405766383, 0.00142861763015, -0.000672759546433], [0.000398810399929, 0.000145148907905, 0.000114848364319, 2.92158274533e-05, -0.00268411962315, 0.000505074567627, 0.00717353401706, -0.00286667468026, 0.000522598915268, 0.000762942188885, -2.08332658076e-05, -0.000242549271206, -0.00145222595893], [-0.000499919406138, 0.000427207967732, -0.00125142233446, -0.000912715680897, 0.00194783112966, -0.00111031287815, -0.00286667468026, 0.0130197666585, -0.00713583081961, 0.0024909011554, 0.00209088483825, -0.00440163398162, 0.00333990715444], [0.00108868582174, -0.00128746416885, 0.000623158877715, -0.000916119490284, -0.000219046516577, 0.00170770008117, 0.000522598915268, -0.00713583081961, 0.0139461886138, -0.00661643827334, -6.04347587796e-06, 0.00351905892603, -0.0016514074523], [-0.000752156425733, 0.00158878206275, -0.00122738303617, 0.000145619575051, -0.00214648991823, -8.82201420609e-05, 0.000762942188885, 0.0024909011554, -0.00661643827334, 0.015947651118, -0.00579230068251, -0.000326255598338, 0.00069946545409], [0.00133337883744, -0.00209614285268, 0.00323578063399, -0.00287145981565, 0.00118520681281, -0.00286405766383, -2.08332658076e-05, 0.00209088483825, -6.04347587796e-06, -0.00579230068251, 0.0186621919274, -0.00934606231749, 0.00362561852671], [-0.000702562916558, 0.00106536061503, -0.0024593481794, 0.0020759566687, -0.000563086126931, 0.00142861763015, -0.000242549271206, -0.00440163398162, 0.00351905892603, -0.000326255598338, -0.00934606231749, 0.0211192946881, -0.01006173715], [0.000559186795726, -0.0017766043311, 0.00149731489364, -0.00306498492137, 0.00155086186714, -0.000672759546433, -0.00145222595893, 0.00333990715444, -0.0016514074523, 0.00069946545409, 0.00362561852671, -0.01006173715, 0.0171501114964]]}, "melbands": {"dmean": [0.0032269153744, 0.00651382189244, 0.00116795848589, 0.00104814372025, 0.000749722123146, 0.000101207639091, 0.000138765826705, 9.2490518e-05, 9.90072730929e-05, 7.58227179176e-05, 8.91402596608e-05, 0.000120510332636, 7.53711356083e-05, 3.73597940779e-05, 3.5877328628e-05, 3.49306355929e-05, 2.36548839894e-05, 2.15820655285e-05, 7.08281731931e-06, 4.65558059659e-06, 4.53178518001e-06, 3.2974971873e-06, 2.85953024104e-06, 3.20008575727e-06, 1.73780438217e-06, 1.55618033659e-06, 1.17885235795e-06, 8.16025192307e-07, 8.11605445961e-07, 7.89419004832e-07, 6.63655043809e-07, 7.74260342951e-07, 3.66246808881e-07, 3.11582198265e-07, 9.40394841109e-07, 5.04351703512e-07, 3.11319126922e-07, 2.14811251453e-07, 2.72296318826e-07, 1.36383096105e-06], "dmean2": [0.00524460151792, 0.011729054153, 0.00199275976047, 0.00166947441176, 0.00116438406985, 0.000163700606208, 0.000214897765545, 0.000127228762722, 0.000133488632855, 0.00010588522855, 0.000119813485071, 0.00017847745039, 0.000121220793517, 5.65856971662e-05, 5.43453461432e-05, 5.36372608622e-05, 3.91916546505e-05, 3.527136505e-05, 1.13179003165e-05, 7.24394340068e-06, 6.22322158961e-06, 5.0661046771e-06, 4.50587231171e-06, 5.28405735167e-06, 2.89722333946e-06, 2.65780658992e-06, 1.97857093553e-06, 1.34835238441e-06, 1.32471620873e-06, 1.24604832763e-06, 1.06742038497e-06, 1.25329665934e-06, 6.00094494985e-07, 5.19919012731e-07, 1.62555568295e-06, 8.17736918179e-07, 4.82306063532e-07, 3.23290748838e-07, 4.46783985808e-07, 2.39604787566e-06], "dvar": [5.1635561249e-05, 0.000272954552202, 4.72781812277e-06, 8.43489942781e-06, 3.59065506927e-06, 3.99101836024e-08, 4.92739751223e-08, 3.16523660615e-08, 4.81061945834e-08, 2.51958205411e-08, 6.30313152783e-08, 6.33900398839e-08, 3.12284278436e-08, 4.44906422814e-09, 3.27128768518e-09, 3.5194878123e-09, 3.56837248638e-09, 7.28321314369e-09, 5.69015612406e-10, 1.212670242e-10, 2.03649722086e-10, 4.4619120898e-11, 6.26080992605e-11, 1.44034423277e-10, 1.53512116213e-11, 1.3595154516e-11, 5.80414102197e-12, 3.89534021358e-12, 3.6580248379e-12, 3.05738919425e-12, 1.43518747234e-12, 1.82757715211e-12, 3.41649289155e-13, 2.58172877608e-13, 4.55738441776e-12, 8.81061174539e-13, 2.31005969561e-13, 1.5123396513e-13, 2.57106618981e-13, 1.20654953042e-11], "dvar2": [0.000132352535729, 0.000746143632568, 1.21058865261e-05, 2.07815173781e-05, 8.4857811089e-06, 9.8608460064e-08, 1.20180374097e-07, 5.07347088785e-08, 8.06987188184e-08, 5.34524602358e-08, 9.91046888998e-08, 1.32784677476e-07, 7.71820012346e-08, 1.00349168974e-08, 7.78908848531e-09, 8.5988016707e-09, 1.06986890458e-08, 2.25319620739e-08, 1.55119606049e-09, 2.38220221327e-10, 3.16357551267e-10, 8.47649797575e-11, 1.25184057564e-10, 3.68688468644e-10, 4.17561298038e-11, 3.68141801765e-11, 1.56280023644e-11, 1.07539506813e-11, 9.87149858384e-12, 8.45975286351e-12, 3.67273138985e-12, 4.81284413364e-12, 8.5806980011e-13, 6.90732031034e-13, 1.21166288808e-11, 2.08613985461e-12, 5.14768349474e-13, 3.64822701129e-13, 6.52914517157e-13, 3.24344197333e-11], "max": [0.045393563807, 0.0939628630877, 0.0212227012962, 0.0297214314342, 0.0358020700514, 0.00317541998811, 0.00345893274061, 0.00480820098892, 0.00557020865381, 0.00253635947593, 0.00620147399604, 0.00600495096296, 0.00299518811516, 0.00109646480996, 0.000633067800663, 0.00095371005591, 0.000731719599571, 0.00148623378482, 0.000728149840143, 0.000384466256946, 0.000401012570364, 0.000182822128409, 0.000179068316356, 0.000220602785703, 6.31775255897e-05, 4.0245387936e-05, 4.46068333986e-05, 4.27371051046e-05, 5.14801686222e-05, 3.5133867641e-05, 1.66858226294e-05, 2.02521168831e-05, 8.82834137883e-06, 1.05729022835e-05, 2.10720809264e-05, 9.00776012713e-06, 7.18823139323e-06, 6.8504614319e-06, 7.65892218624e-06, 2.48585292866e-05], "mean": [0.00378237036057, 0.0054041207768, 0.00154672306962, 0.00131370814051, 0.00109106546734, 0.000221539303311, 0.000313849217491, 0.000217369146412, 0.000240194596699, 0.000174717701157, 0.000218804343604, 0.00023646633781, 0.000113380359835, 7.57985981181e-05, 6.01483989158e-05, 5.93166259932e-05, 4.34733119619e-05, 3.5127686715e-05, 1.20820131997e-05, 7.86682267062e-06, 8.61130956764e-06, 5.61638989893e-06, 4.23158917329e-06, 3.88223133996e-06, 2.2296978841e-06, 1.91023605112e-06, 1.72974773704e-06, 1.4135461015e-06, 1.25032454434e-06, 1.24199345919e-06, 9.81891844276e-07, 1.07758330614e-06, 5.54135795028e-07, 4.85087753077e-07, 1.10221685645e-06, 6.65348750317e-07, 4.97657993037e-07, 3.36977052484e-07, 3.49891280393e-07, 1.12904854177e-06], "median": [0.000578945619054, 0.00138458621223, 0.000938213197514, 0.00041153060738, 0.000433704233728, 0.000136444054078, 0.000162185126101, 0.000100294826552, 9.74529684754e-05, 5.6777636928e-05, 5.62327259104e-05, 0.000102656078525, 3.10324248858e-05, 1.92835705093e-05, 2.11875340028e-05, 1.49819561557e-05, 7.89738442109e-06, 8.97921108844e-06, 5.95958999838e-06, 3.41268150805e-06, 3.00445640278e-06, 2.77738513432e-06, 1.3634203242e-06, 1.29570446461e-06, 1.03985735223e-06, 8.20447439764e-07, 7.46756654735e-07, 4.86164765334e-07, 5.25590621692e-07, 5.36022582764e-07, 4.41562121978e-07, 4.1352336666e-07, 1.97446425432e-07, 1.74798486796e-07, 2.93771080351e-07, 2.18445990186e-07, 1.81215099815e-07, 1.1498658381e-07, 1.21406387166e-07, 1.84084214538e-07], "min": [5.25451650384e-24, 2.41923476347e-23, 3.4958699181e-23, 7.36393293098e-24, 3.22844895057e-24, 4.50499845854e-24, 1.68060362975e-23, 1.55751008964e-23, 5.3682615689e-24, 3.82159602901e-24, 6.21251944233e-24, 1.1283697572e-23, 1.85532164744e-23, 1.29260073691e-23, 7.1928258452e-24, 5.23452755736e-24, 9.85384379398e-24, 1.1271986143e-23, 1.64982732594e-23, 9.65469743618e-24, 1.95268428032e-23, 1.87091332546e-23, 1.12781613462e-23, 1.02857640723e-23, 4.81376295558e-24, 1.58372867069e-23, 9.78703437506e-24, 6.73398174423e-24, 4.89339412523e-24, 6.31720601762e-24, 9.66344669248e-24, 7.96977573961e-24, 1.18567001012e-23, 1.30773921434e-23, 1.16254305385e-23, 1.15218886004e-23, 6.69757029143e-24, 9.04033019661e-24, 9.8581454525e-24, 1.3849650682e-23], "var": [5.19291679666e-05, 0.000180774484761, 4.17952196585e-06, 8.442248145e-06, 4.94657115269e-06, 7.51062998461e-08, 1.7770601346e-07, 1.71627206669e-07, 2.5712361662e-07, 8.08904232485e-08, 3.45667302781e-07, 1.95818159909e-07, 4.7688491378e-08, 1.73896133049e-08, 8.20326295781e-09, 8.55016590862e-09, 7.63939755899e-09, 1.1740188377e-08, 6.28306684458e-10, 3.36790845212e-10, 7.33412386378e-10, 1.21296500621e-10, 1.46118825373e-10, 1.52090270933e-10, 1.44555652171e-11, 1.21291683294e-11, 7.35383021838e-12, 8.17284087629e-12, 4.37124598671e-12, 4.15285687783e-12, 2.1136024788e-12, 3.05517395237e-12, 7.53769225856e-13, 5.53951903879e-13, 4.11565920233e-12, 1.13593856543e-12, 5.49738694237e-13, 3.54187978859e-13, 3.08965065988e-13, 8.63606842288e-12]}, "mfcc": {"mean": [-678.817138672, 146.710281372, 15.0615501404, 9.31848907471, 3.39670181274, 8.58315849304, 4.66336965561, 2.78642272949, 2.75245118141, 0.344845026731, -2.13194060326, -1.64095973969, -2.54684114456], "cov": [[8611.81542969, 1895.73071289, 1242.11157227, 51.1207351685, 287.050567627, 373.79006958, 253.456573486, 269.475830078, 3.74378538132, -211.059234619, -100.710144043, -235.550994873, -209.032623291], [1895.73071289, 2170.45605469, 98.46068573, -16.9568271637, 215.28237915, 204.149246216, 106.400444031, 101.734657288, 14.4950208664, -78.3579483032, 5.73539161682, -3.77898287773, -30.7565860748], [1242.11157227, 98.46068573, 633.945556641, -40.4400405884, 83.0884628296, 59.9045257568, 42.5634841919, 111.860237122, 59.7013473511, -24.2072944641, -23.66456604, -38.8625259399, 3.39981007576], [51.1207351685, -16.9568271637, -40.4400405884, 290.770568848, 19.7470417023, -6.03778362274, 13.4934539795, -0.0390771329403, 55.6008720398, 19.5994739532, -0.668426632881, 22.7855911255, 16.301700592], [287.050567627, 215.28237915, 83.0884628296, 19.7470417023, 192.37828064, 97.0988998413, 31.2281703949, 17.7300453186, -3.44144845009, 6.85013532639, 33.186050415, 3.36238002777, 1.70547604561], [373.79006958, 204.149246216, 59.9045257568, -6.03778362274, 97.0988998413, 178.797103882, 84.987663269, 9.31550312042, -14.0812482834, -7.72275161743, 19.2136707306, -4.61239957809, -22.4941196442], [253.456573486, 106.400444031, 42.5634841919, 13.4934539795, 31.2281703949, 84.987663269, 145.1146698, 52.796131134, 1.00307548046, -11.7249488831, 9.51420497894, -20.0402851105, -27.9432449341], [269.475830078, 101.734657288, 111.860237122, -0.0390771329403, 17.7300453186, 9.31550312042, 52.796131134, 135.56111145, 49.0483055115, 1.24168944359, -5.94117212296, -5.94912338257, 11.2809514999], [3.74378538132, 14.4950208664, 59.7013473511, 55.6008720398, -3.44144845009, -14.0812482834, 1.00307548046, 49.0483055115, 135.94519043, 36.0609130859, -0.774265885353, 10.7027626038, 13.7638092041], [-211.059234619, -78.3579483032, -24.2072944641, 19.5994739532, 6.85013532639, -7.72275161743, -11.7249488831, 1.24168944359, 36.0609130859, 107.394515991, 48.2117500305, 10.3793611526, 1.14437067509], [-100.710144043, 5.73539161682, -23.66456604, -0.668426632881, 33.186050415, 19.2136707306, 9.51420497894, -5.94117212296, -0.774265885353, 48.2117500305, 112.812286377, 38.2160224915, -15.12059021], [-235.550994873, -3.77898287773, -38.8625259399, 22.7855911255, 3.36238002777, -4.61239957809, -20.0402851105, -5.94912338257, 10.7027626038, 10.3793611526, 38.2160224915, 111.265090942, 61.4951896667], [-209.032623291, -30.7565860748, 3.39981007576, 16.301700592, 1.70547604561, -22.4941196442, -27.9432449341, 11.2809514999, 13.7638092041, 1.14437067509, -15.12059021, 61.4951896667, 166.842483521]], "icov": [[0.000241948975599, -0.000179336493602, -0.000448811799288, -0.00022137670021, 0.000161631804076, -0.000219002919039, 7.56770023145e-05, -0.00010063128866, 0.00023179751588, 0.000177734196768, -3.62522732757e-05, 0.00027101545129, 0.000165629098774], [-0.000179336493602, 0.000716130016372, 0.000456694891909, 0.000231584446738, -0.000603203079663, -0.000292309356155, 6.57743075863e-05, -0.000365530344425, -0.000367200875189, 0.000400723598432, 1.44728137457e-05, -0.000251568708336, -5.3802000366e-07], [-0.000448811799288, 0.000456694891909, 0.00298127136193, 0.000806597818155, -0.00110591622069, -0.000185329437954, 0.000320878112689, -0.00134414748754, -0.00133570760954, 0.000463710079202, 0.000108134307084, 0.000258300249698, -0.000465127784992], [-0.00022137670021, 0.000231584446738, 0.000806597818155, 0.00433013960719, -0.00127587025054, 0.00104447640479, -0.001405713032, 0.00104735186324, -0.00221032463014, -0.000433480628999, 0.000904991058633, -0.00116773147602, -0.000128836923977], [0.000161631804076, -0.000603203079663, -0.00110591622069, -0.00127587025054, 0.00885559804738, -0.00474108569324, 0.0019745293539, -0.000949095701799, 0.00114552304149, -0.000166582569364, -0.00257317582145, 0.0013315975666, -0.000913714524359], [-0.000219002919039, -0.000292309356155, -0.000185329437954, 0.00104447640479, -0.00474108569324, 0.0120792398229, -0.00690489867702, 0.00321059813723, -1.60035015142e-05, -0.000709333107807, 0.000846291368362, -0.00173421727959, 0.000599022547249], [7.56770023145e-05, 6.57743075863e-05, 0.000320878112689, -0.001405713032, 0.0019745293539, -0.00690489867702, 0.0132427206263, -0.00584310153499, 0.00101521576289, 0.00181711267214, -0.0021782561671, 0.00236424827017, 0.000734588888008], [-0.00010063128866, -0.000365530344425, -0.00134414748754, 0.00104735186324, -0.000949095701799, 0.00321059813723, -0.00584310153499, 0.0126056168228, -0.00372660788707, -0.000451192870969, 0.000652987801004, -0.000299429753795, -0.00117671512999], [0.00023179751588, -0.000367200875189, -0.00133570760954, -0.00221032463014, 0.00114552304149, -1.60035015142e-05, 0.00101521576289, -0.00372660788707, 0.0113635882735, -0.00405168393627, 0.00158135069069, -0.00113665917888, 0.000526649120729], [0.000177734196768, 0.000400723598432, 0.000463710079202, -0.000433480628999, -0.000166582569364, -0.000709333107807, 0.00181711267214, -0.000451192870969, -0.00405168393627, 0.0145983854309, -0.00714887725189, 0.00290874019265, -0.00091551541118], [-3.62522732757e-05, 1.44728137457e-05, 0.000108134307084, 0.000904991058633, -0.00257317582145, 0.000846291368362, -0.0021782561671, 0.000652987801004, 0.00158135069069, -0.00714887725189, 0.0157517567277, -0.00739140808582, 0.00366852222942], [0.00027101545129, -0.000251568708336, 0.000258300249698, -0.00116773147602, 0.0013315975666, -0.00173421727959, 0.00236424827017, -0.000299429753795, -0.00113665917888, 0.00290874019265, -0.00739140808582, 0.0157863218337, -0.00584380980581], [0.000165629098774, -5.3802000366e-07, -0.000465127784992, -0.000128836923977, -0.000913714524359, 0.000599022547249, 0.000734588888008, -0.00117671512999, 0.000526649120729, -0.00091551541118, 0.00366852222942, -0.00584380980581, 0.00896508153528]]}, "spectral_contrast_coeffs": {"dmean": [0.0541373863816, 0.0420833714306, 0.0453486703336, 0.0323632098734, 0.0243747215718, 0.0213901344687], "dmean2": [0.0880989283323, 0.0668557956815, 0.0709362402558, 0.0512972362339, 0.0393287986517, 0.0350722782314], "dvar": [0.00255201407708, 0.0012771601323, 0.00156708667055, 0.000742337258998, 0.00049773347564, 0.000400487246225], "dvar2": [0.00624104402959, 0.00319087738171, 0.0036671217531, 0.00182556733489, 0.00118332158308, 0.000989099149592], "max": [-0.252037256956, -0.490297853947, -0.422590315342, -0.569292485714, -0.655408799648, -0.649897754192], "mean": [-0.63893944025, -0.688325762749, -0.685825884342, -0.76033437252, -0.801366329193, -0.781255841255], "median": [-0.636771142483, -0.68332362175, -0.680063188076, -0.76598751545, -0.806658029556, -0.785847604275], "min": [-0.96004742384, -0.95815718174, -0.968073010445, -0.9677926898, -0.954220890999, -0.962010324001], "var": [0.00889921188354, 0.00525381183252, 0.00726051907986, 0.00406393455341, 0.00170642032754, 0.00135152344592]}, "spectral_contrast_valleys": {"dmean": [0.461704641581, 0.368334919214, 0.39815980196, 0.365362823009, 0.39695173502, 0.49224627018], "dmean2": [0.723340570927, 0.582960903645, 0.608166277409, 0.546198487282, 0.578456819057, 0.674103736877], "dvar": [0.373388648033, 0.266494482756, 0.2772577703, 0.250091642141, 0.280974388123, 0.372269421816], "dvar2": [0.569669246674, 0.372992098331, 0.42163130641, 0.344386667013, 0.407057374716, 0.628003120422], "max": [-4.5194067955, -5.3943939209, -5.54893398285, -5.75296545029, -