{"lowlevel": {"average_loudness": 0.68352741003, "barkbands_crest": {"dmean": 1.31039428711, "dmean2": 2.04698109627, "dvar": 2.74040007591, "dvar2": 6.15421152115, "max": 25.7328338623, "mean": 13.2734460831, "median": 12.9794149399, "min": 5.19708681107, "var": 14.2164001465}, "barkbands_flatness_db": {"dmean": 0.0230244472623, "dmean2": 0.0331466309726, "dvar": 0.000912536052056, "dvar2": 0.00182808027603, "max": 0.539489328861, "mean": 0.363744050264, "median": 0.371142059565, "min": 0.0669943615794, "var": 0.00574699649587}, "barkbands_kurtosis": {"dmean": 5.63762187958, "dmean2": 8.90185451508, "dvar": 157.106887817, "dvar2": 376.789306641, "max": 354.097717285, "mean": 20.3375453949, "median": 9.37603187561, "min": -1.52539181709, "var": 1398.046875}, "barkbands_skewness": {"dmean": 0.448523104191, "dmean2": 0.696271896362, "dvar": 0.497643202543, "dvar2": 1.23748874664, "max": 14.5963897705, "mean": 2.22897434235, "median": 1.96171581745, "min": -1.95225453377, "var": 2.59628009796}, "barkbands_spread": {"dmean": 0.546324431896, "dmean2": 0.839745759964, "dvar": 2.10575580597, "dvar2": 5.0385556221, "max": 35.5276985168, "mean": 2.6149764061, "median": 2.23374509811, "min": 0.149171814322, "var": 4.41246986389}, "dissonance": {"dmean": 0.0351510345936, "dmean2": 0.0589883178473, "dvar": 0.00116173585411, "dvar2": 0.00311584607698, "max": 0.5, "mean": 0.351142138243, "median": 0.359464645386, "min": 0.135056778789, "var": 0.00521930679679}, "dynamic_complexity": 6.07195472717, "erbbands_crest": {"dmean": 1.57308065891, "dmean2": 2.40305066109, "dvar": 3.90044093132, "dvar2": 9.17736053467, "max": 32.2609519958, "mean": 14.8112821579, "median": 13.4963874817, "min": 3.04485607147, "var": 33.6125183105}, "erbbands_flatness_db": {"dmean": 0.0207892619073, "dmean2": 0.0296356175095, "dvar": 0.000745883735362, "dvar2": 0.00162130407989, "max": 0.453586250544, "mean": 0.305319875479, "median": 0.313104838133, "min": 0.0707373693585, "var": 0.00358740822412}, "erbbands_kurtosis": {"dmean": 2.79307317734, "dmean2": 4.22301387787, "dvar": 31.9160480499, "dvar2": 75.2172698975, "max": 168.428771973, "mean": 10.7622747421, "median": 4.73646020889, "min": -1.62267887592, "var": 375.583221436}, "erbbands_skewness": {"dmean": 0.343102157116, "dmean2": 0.506742656231, "dvar": 0.234897747636, "dvar2": 0.513417840004, "max": 10.8515024185, "mean": 1.91282904148, "median": 1.56117284298, "min": -1.33559584618, "var": 2.54043483734}, "erbbands_spread": {"dmean": 2.49545669556, "dmean2": 3.85109710693, "dvar": 24.0320892334, "dvar2": 56.8987464905, "max": 67.4214477539, "mean": 11.2539625168, "median": 9.23744869232, "min": 1.23329734802, "var": 68.3473205566}, "hfc": {"dmean": 1.52145397663, "dmean2": 2.14075064659, "dvar": 16.0452270508, "dvar2": 31.8382167816, "max": 94.3830947876, "mean": 5.64787149429, "median": 3.2790350914, "min": 1.18004818563e-16, "var": 51.7467346191}, "melbands_crest": {"dmean": 1.55271267891, "dmean2": 2.38649058342, "dvar": 4.06762838364, "dvar2": 9.11322689056, "max": 32.2679672241, "mean": 18.4943771362, "median": 17.700881958, "min": 2.26551437378, "var": 27.949048996}, "melbands_flatness_db": {"dmean": 0.0263007432222, "dmean2": 0.0365761518478, "dvar": 0.00122821878176, "dvar2": 0.00240570516326, "max": 0.689963281155, "mean": 0.485821902752, "median": 0.495886594057, "min": 0.00524975638837, "var": 0.00844442937523}, "melbands_kurtosis": {"dmean": 7.13820743561, "dmean2": 11.5625867844, "dvar": 412.161804199, "dvar2": 1099.18518066, "max": 603.037841797, "mean": 20.7798137665, "median": 11.472284317, "min": -1.27179086208, "var": 1166.7545166}, "melbands_skewness": {"dmean": 0.436756283045, "dmean2": 0.681966483593, "dvar": 0.540179312229, "dvar2": 1.37669205666, "max": 16.0914764404, "mean": 2.38387608528, "median": 2.19136047363, "min": -1.23044729233, "var": 1.97352445126}, "melbands_spread": {"dmean": 0.591295897961, "dmean2": 0.893201649189, "dvar": 7.05726575851, "dvar2": 10.6931085587, "max": 135.947906494, "mean": 3.03067517281, "median": 2.5933611393, "min": 0.288316428661, "var": 10.2470417023}, "pitch_salience": {"dmean": 0.0421352349222, "dmean2": 0.0657720714808, "dvar": 0.00265107047744, "dvar2": 0.00625913497061, "max": 0.845143556595, "mean": 0.463966578245, "median": 0.478483438492, "min": 0.0408993922174, "var": 0.0207551307976}, "silence_rate_20dB": {"dmean": 0.000278706807876, "dmean2": 0.000557491264772, "dvar": 0.000278659834294, "dvar2": 0.000836048915517, "max": 1, "mean": 0.999860644341, "median": 1, "min": 0, "var": 0.000139300202136}, "silence_rate_30dB": {"dmean": 0.0206243023276, "dmean2": 0.0412543565035, "dvar": 0.0202003754675, "dvar2": 0.043737359345, "max": 1, "mean": 0.96767449379, "median": 1, "min": 0, "var": 0.0312782675028}, "silence_rate_60dB": {"dmean": 0.0178372357041, "dmean2": 0.0356794409454, "dvar": 0.0175197590142, "dvar2": 0.0371911227703, "max": 1, "mean": 0.254841864109, "median": 0, "min": 0, "var": 0.18989521265}, "spectral_centroid": {"dmean": 26.0503406525, "dmean2": 38.0327911377, "dvar": 24767.6523438, "dvar2": 30994.5527344, "max": 10860.0849609, "mean": 285.998687744, "median": 270.342010498, "min": 135.875274658, "var": 32626.0078125}, "spectral_complexity": {"dmean": 0.77647715807, "dmean2": 1.27609753609, "dvar": 1.42494082451, "dvar2": 2.87620162964, "max": 20, "mean": 5.97032165527, "median": 6, "min": 0, "var": 11.7916717529}, "spectral_decrease": {"dmean": 1.66008684577e-09, "dmean2": 2.39042319272e-09, "dvar": 2.20140636987e-17, "dvar2": 4.3853999261e-17, "max": 8.94490037654e-30, "mean": -6.29339513836e-09, "median": -3.60508733976e-09, "min": -1.02980770578e-07, "var": 6.87102009505e-17}, "spectral_energy": {"dmean": 0.006399392616, "dmean2": 0.00920942611992, "dvar": 0.000326002860675, "dvar2": 0.000649360299576, "max": 0.395988374949, "mean": 0.0242649000138, "median": 0.0139249740168, "min": 1.09293217528e-20, "var": 0.00101799529511}, "spectral_energyband_high": {"dmean": 9.19092417462e-06, "dmean2": 1.43613651744e-05, "dvar": 1.34533351126e-09, "dvar2": 3.45307848981e-09, "max": 0.000705766957253, "mean": 9.97719507723e-06, "median": 3.24462320123e-07, "min": 7.82549856421e-21, "var": 1.43776890393e-09}, "spectral_energyband_low": {"dmean": 0.00210045231506, "dmean2": 0.00316063174978, "dvar": 3.10857831209e-05, "dvar2": 6.74991388223e-05, "max": 0.118100568652, "mean": 0.0097757037729, "median": 0.00420635007322, "min": 3.70737835738e-23, "var": 0.00020230805967}, "spectral_energyband_middle_high": {"dmean": 0.00017934065545, "dmean2": 0.000231831319979, "dvar": 3.93429900214e-07, "dvar2": 7.5975327718e-07, "max": 0.0187418255955, "mean": 0.000530929886736, "median": 0.00010209181346, "min": 1.63707817882e-21, "var": 1.49242191583e-06}, "spectral_energyband_middle_low": {"dmean": 0.00515044713393, "dmean2": 0.00746232550591, "dvar": 0.000226823700359, "dvar2": 0.000447872036602, "max": 0.316134423018, "mean": 0.0154740205035, "median": 0.00856289826334, "min": 4.11803466906e-22, "var": 0.000511061050929}, "spectral_entropy": {"dmean": 0.210127592087, "dmean2": 0.317545622587, "dvar": 0.0978002026677, "dvar2": 0.219595506787, "max": 9.80220127106, "mean": 5.26567745209, "median": 5.18555307388, "min": 3.86451506615, "var": 0.399154007435}, "spectral_flux": {"dmean": 0.0168353486806, "dmean2": 0.0271142441779, "dvar": 0.00119998573791, "dvar2": 0.00310020288453, "max": 0.392826616764, "mean": 0.0324485637248, "median": 0.0189504250884, "min": 1.05615891033e-10, "var": 0.00191269558854}, "spectral_kurtosis": {"dmean": 19.0024414062, "dmean2": 31.0671348572, "dvar": 411.683654785, "dvar2": 954.958862305, "max": 266.008605957, "mean": 63.8639755249, "median": 51.8578529358, "min": -1.27117192745, "var": 2291.046875}, "spectral_rms": {"dmean": 0.000472339539556, "dmean2": 0.000660231569782, "dvar": 1.02798480839e-06, "dvar2": 1.85407088793e-06, "max": 0.0196552816778, "mean": 0.00403094477952, "median": 0.00368582969531, "min": 3.26538709267e-12, "var": 7.42462407288e-06}, "spectral_rolloff": {"dmean": 33.8476448059, "dmean2": 55.9883422852, "dvar": 101251.421875, "dvar2": 114255.757812, "max": 18583.1542969, "mean": 318.00668335, "median": 322.998046875, "min": 107.666015625, "var": 109827.039062}, "spectral_skewness": {"dmean": 1.06454992294, "dmean2": 1.74122548103, "dvar": 1.04649925232, "dvar2": 2.39113211632, "max": 14.1530227661, "mean": 6.01126241684, "median": 5.71267604828, "min": 0.0142140043899, "var": 6.34344053268}, "spectral_spread": {"dmean": 533126.875, "dmean2": 882833.4375, "dvar": 749495451648, "dvar2": 1296541941760.0, "max": 47082580, "mean": 1875619.125, "median": 1567519.875, "min": 396074.46875, "var": 1607375388670.0}, "spectral_strongpeak": {"dmean": 0.165192335844, "dmean2": 0.268465012312, "dvar": 0.100250400603, "dvar2": 0.209018424153, "max": 4.34762859344, "mean": 0.637895524502, "median": 0.492750406265, "min": 0, "var": 0.286523044109}, "zerocrossingrate": {"dmean": 0.00187351391651, "dmean2": 0.00239649112336, "dvar": 5.28507916897e-05, "dvar2": 4.94324303872e-05, "max": 0.48974609375, "mean": 0.0127786546946, "median": 0.01171875, "min": 0.00439453125, "var": 0.000100289122202}, "barkbands": {"dmean": [4.07305606132e-06, 0.000445581768872, 0.00156546314247, 0.00068154965993, 0.00415340531617, 0.000609853770584, 0.000414648646256, 4.79932095914e-05, 6.4491541707e-05, 8.74202451087e-05, 3.67141910829e-05, 2.93814100587e-05, 2.17418546526e-05, 1.3189764104e-05, 7.33459773983e-06, 6.64399021844e-06, 1.14082149594e-05, 5.62278046345e-06, 2.65662674792e-06, 2.68925805358e-06, 2.40198551182e-06, 1.26882514451e-06, 1.85452552159e-06, 1.78582831722e-06, 8.86620512119e-07, 4.83461917611e-07, 7.91703627101e-08], "dmean2": [7.03645764588e-06, 0.000732216110919, 0.00230554421432, 0.00114577088971, 0.00609713187441, 0.000877584156115, 0.000588111637626, 7.2604707384e-05, 8.26517571113e-05, 0.000113454465463, 5.29585850018e-05, 3.91093744838e-05, 3.10709074256e-05, 2.08609399124e-05, 1.14850618047e-05, 9.46012187342e-06, 1.68657097674e-05, 8.99273618415e-06, 4.12811959905e-06, 3.87363797927e-06, 3.61354796041e-06, 1.95663551494e-06, 2.93910125038e-06, 3.06454012389e-06, 1.56527960371e-06, 8.92743571512e-07, 1.48269862166e-07], "dvar": [2.10190961858e-10, 2.18582158595e-06, 1.81830728252e-05, 2.78025777334e-06, 0.00019704947772, 2.2193435143e-06, 1.15057571293e-06, 4.07549407555e-08, 1.491652597e-07, 1.70193942495e-07, 4.58586306706e-08, 1.27549615314e-08, 8.3673805662e-09, 7.0131784824e-09, 9.60876489486e-10, 6.48250564339e-10, 7.10288716732e-09, 1.24654697675e-09, 4.2994513505e-10, 1.34750322012e-10, 1.5887682836e-10, 2.82612197533e-11, 9.5092114738e-11, 7.68295843612e-11, 1.82570798757e-11, 6.04735185539e-12, 1.74733152752e-13], "dvar2": [5.09318698327e-10, 4.9654599934e-06, 3.90624336433e-05, 8.14774375613e-06, 0.000392418703996, 4.47445017926e-06, 2.40070949076e-06, 8.87277167294e-08, 2.61732679974e-07, 3.13991421308e-07, 9.39137194678e-08, 2.4319508185e-08, 1.85310717882e-08, 1.81794010956e-08, 2.34678543265e-09, 1.43216005721e-09, 1.94840783507e-08, 3.46301365362e-09, 1.04350461605e-09, 3.35629912751e-10, 4.01946892437e-10, 7.22601700698e-11, 2.3639240565e-10, 2.0485793617e-10, 4.98328947551e-11, 1.70528331039e-11, 5.04194667787e-13], "max": [0.000531604804564, 0.0296781230718, 0.101077660918, 0.0286728367209, 0.302216857672, 0.0262004733086, 0.0479511357844, 0.00652527436614, 0.013376201503, 0.0152608025819, 0.00804329011589, 0.00533966720104, 0.00349275046028, 0.00361704686657, 0.000935518648475, 0.000608726229984, 0.00365990889259, 0.00117113429587, 0.000932751398068, 0.000303412700305, 0.000445409474196, 0.000133766385261, 0.00034901368781, 0.000146319696796, 9.11475071916e-05, 5.32922385901e-05, 6.3228108047e-06], "mean": [3.70719112652e-06, 0.00122490758076, 0.00703383656219, 0.00254182820208, 0.00882300361991, 0.0023587460164, 0.00144299073145, 0.00011238497973, 0.000176271045348, 0.000217878143303, 0.000108538959466, 7.39512761356e-05, 5.76378406549e-05, 2.14364918065e-05, 1.28011324705e-05, 1.40824949995e-05, 1.69744689629e-05, 7.43806958781e-06, 3.84263375963e-06, 4.44119086751e-06, 2.79987784779e-06, 1.34482695557e-06, 1.80005304173e-06, 1.35582888561e-06, 6.17595731001e-07, 3.18130418009e-07, 6.93553658948e-08], "median": [1.05055630684e-06, 0.000109150583739, 0.00223840726539, 0.00126732548233, 0.00228277500719, 0.000991527922451, 0.000418171664933, 2.02579522011e-05, 2.38327083935e-05, 1.81919440365e-05, 1.15030188681e-05, 9.63242928265e-06, 7.71938630351e-06, 2.19529579226e-06, 7.62154115819e-07, 9.71277700046e-07, 8.14263614757e-07, 6.11114842286e-07, 1.19792574083e-07, 1.88219345887e-07, 6.62574564103e-08, 3.42317960644e-08, 2.25286189703e-08, 1.73109775403e-08, 1.81360437779e-08, 2.00677270357e-08, 2.37924329127e-08], "min": [3.61027178875e-23, 4.54220666086e-24, 1.33113477775e-23, 9.70065410594e-24, 8.45904131475e-23, 6.47226167725e-23, 5.98690143691e-23, 2.14787087192e-23, 5.58300402234e-23, 4.93153428782e-23, 5.50180940927e-23, 4.86958156994e-23, 4.62883573671e-23, 6.83127732393e-23, 8.80859631036e-23, 1.12006522913e-22, 1.78728378276e-22, 2.63895934684e-22, 3.02773852614e-22, 2.25299835734e-22, 3.43039761841e-22, 4.64932756624e-22, 5.47972168258e-22, 7.83352510401e-22, 1.24939502392e-21, 1.7149623024e-21, 2.47194666372e-21], "var": [1.98221480896e-10, 8.17197815195e-06, 0.00013271633361, 1.04301407191e-05, 0.000370064546587, 1.07987671072e-05, 7.2739208008e-06, 9.17168634373e-08, 3.83797498671e-07, 6.42034933662e-07, 1.51244933022e-07, 4.33034479386e-08, 2.65992987636e-08, 7.49655182375e-09, 1.9608550339e-09, 1.57827206859e-09, 6.71123112639e-09, 1.00774544265e-09, 5.73957659178e-10, 2.00079772195e-10, 1.80368664449e-10, 2.95039478959e-11, 9.68208568874e-11, 5.69707267473e-11, 1.24749871891e-11, 3.73965702155e-12, 1.03363613513e-13]}, "erbbands": {"dmean": [0.00300452322699, 0.152671664953, 1.5140465498, 1.99910247326, 10.2007598877, 13.5736436844, 7.62846565247, 3.55605983734, 7.25606155396, 1.78985202312, 1.26571941376, 1.32842338085, 2.30254459381, 1.76990437508, 0.930732727051, 1.09737408161, 1.22266769409, 0.424464732409, 0.464339822531, 0.520520746708, 0.389561146498, 0.63323622942, 0.413541257381, 0.108486667275, 0.203817903996, 0.105312153697, 0.0769801810384, 0.104640558362, 0.0424107126892, 0.0498292669654, 0.0525797866285, 0.0535652004182, 0.0211654230952, 0.0110730910674, 0.0048893080093, 0.00274154939689, 0.00082130957162, 0.000127142368001, 1.51016529344e-05, 7.27592714611e-06], "dmean2": [0.00508309854195, 0.244257614017, 2.24270153046, 3.09090924263, 15.435587883, 19.9134140015, 10.9433832169, 5.11238908768, 10.3989677429, 2.66207265854, 1.70981442928, 1.6962543726, 3.11163020134, 2.25806641579, 1.32052397728, 1.5076816082, 1.65427422523, 0.632602870464, 0.750130653381, 0.775488138199, 0.566560089588, 0.934469342232, 0.625293850899, 0.161775708199, 0.307025253773, 0.150421455503, 0.115265540779, 0.1579631567, 0.0672191083431, 0.0782537907362, 0.0830640122294, 0.0904434248805, 0.0361600629985, 0.019328199327, 0.00878441799432, 0.00501840189099, 0.00152089167386, 0.000236419320572, 2.71277131105e-05, 1.05576036731e-05], "dvar": [9.75394214038e-05, 0.245379567146, 19.2122402191, 18.0061073303, 1387.57458496, 1965.02185059, 396.031188965, 78.4183120728, 375.982452393, 28.0896759033, 58.483921051, 63.289932251, 114.984458923, 61.2779502869, 20.6060161591, 16.7520008087, 21.7907657623, 4.7044467926, 8.46794700623, 4.59701013565, 2.8671104908, 19.0244865417, 6.47388601303, 0.330516457558, 1.55054199696, 0.270727276802, 0.150579303503, 0.364642083645, 0.0447953604162, 0.0447515621781, 0.078489035368, 0.0765741094947, 0.0104088513181, 0.00343069946393, 0.000557046965696, 0.000181913070264, 2.11012738873e-05, 4.19823919628e-07, 4.83613282753e-09, 4.08880901359e-10], "dvar2": [0.000248254422331, 0.540939986706, 40.5280189514, 44.1157073975, 2678.19873047, 4141.59033203, 763.276306152, 151.364059448, 780.928405762, 66.0735092163, 100.075180054, 114.895103455, 237.796539307, 110.334609985, 41.2551651001, 32.8765792847, 45.6025733948, 11.4944658279, 22.0541362762, 10.1496171951, 7.03950071335, 51.3137168884, 17.6973590851, 0.850120663643, 3.75874781609, 0.711304366589, 0.399620771408, 0.916157901287, 0.122892268002, 0.114726893604, 0.191743969917, 0.199602648616, 0.0270842015743, 0.00932664331049, 0.00153210107237, 0.00051060214173, 5.95391575189e-05, 1.18713205666e-06, 1.38465576782e-08, 8.26480883731e-10], "max": [0.166212826967, 10.7337121964, 97.7151565552, 105.390388489, 672.231872559, 1108.4296875, 583.033630371, 203.527359009, 872.72479248, 217.166900635, 311.764282227, 304.376831055, 405.916687012, 288.859191895, 197.417297363, 189.144073486, 169.871627808, 86.1600875854, 113.68825531, 77.0923919678, 42.2917251587, 171.035995483, 71.4911880493, 19.2117443085, 50.6204109192, 18.2638626099, 10.6888656616, 24.6536865234, 7.66277170181, 4.60272979736, 9.71405887604, 6.55867195129, 2.26192808151, 1.43009376526, 0.412638366222, 0.21022503078, 0.141930446029, 0.00980150420219, 0.00118521682452, 0.00044454500312], "mean": [0.0072985002771, 0.504556536674, 6.71087646484, 9.20136356354, 16.5397815704, 32.779876709, 29.019487381, 17.1431179047, 24.8920516968, 6.00310659409, 3.37222266197, 3.68486118317, 5.62355995178, 5.19947147369, 2.96227931976, 2.81886005402, 3.41919398308, 0.920236051083, 0.703904986382, 1.04626441002, 0.791618108749, 0.958008944988, 0.580620646477, 0.165286123753, 0.315453588963, 0.175573080778, 0.101093657315, 0.119050048292, 0.0426199473441, 0.0515001639724, 0.0512499511242, 0.0425846576691, 0.016250371933, 0.00791402813047, 0.00335565651767, 0.00178936845623, 0.000548556155991, 9.20810271055e-05, 2.2238571546e-05, 2.72478118859e-05], "median": [0.00138194824103, 0.0651936456561, 1.77314591408, 5.93367242813, 4.03795146942, 7.65053606033, 10.5947504044, 8.55667591095, 6.96275424957, 2.55806469917, 0.639782428741, 0.599527299404, 0.74118834734, 0.759187102318, 0.502183318138, 0.46465960145, 0.504982054234, 0.134016290307, 0.0758583694696, 0.0652041584253, 0.0524992533028, 0.057777389884, 0.0433548018336, 0.0124058127403, 0.0143654150888, 0.00820964481682, 0.00360898510553, 0.00238936534151, 0.00127145904116, 0.00098225986585, 0.000587459187955, 0.000413002097048, 0.000285524089122, 0.000207439210499, 0.000143229190144, 8.58760904521e-05, 4.3553794967e-05, 1.5320667444e-05, 1.0766185369e-05, 1.57806844072e-05], "min": [1.77589111668e-22, 1.52384339317e-21, 1.21178914357e-20, 3.18615948659e-20, 3.54292506972e-20, 4.38502453086e-19, 3.43675191446e-19, 5.0391062265e-19, 8.31903865549e-19, 7.4250921598e-19, 5.74685953619e-19, 1.03238571776e-18, 1.7464810212e-18, 2.25935016498e-18, 2.16113363418e-18, 2.80653262173e-18, 2.12032840097e-18, 3.12334507108e-18, 3.54156510725e-18, 5.19231031231e-18, 7.48731216849e-18, 1.01044255998e-17, 1.15479566848e-17, 1.64125322481e-17, 1.21763426351e-17, 1.01406461845e-17, 9.82677250105e-18, 1.41714154186e-17, 1.7269410299e-17, 1.27351362261e-17, 1.68869434905e-17, 1.54877873367e-17, 1.33629059268e-17, 1.23616137215e-17, 8.93867251793e-18, 6.00942289603e-18, 3.39505425677e-18, 1.1308438887e-18, 3.36439222242e-19, 3.71699553611e-20], "var": [0.000216083237319, 1.14918494225, 140.973693848, 98.76146698, 2221.23120117, 4653.21484375, 1978.78686523, 530.037780762, 2323.40039062, 105.601737976, 139.401992798, 177.927825928, 356.449829102, 227.815307617, 90.1796417236, 52.7733345032, 75.721786499, 7.85975170135, 9.20394706726, 12.1275691986, 5.0866894722, 18.9480628967, 5.94704198837, 0.379431158304, 2.22022557259, 0.345382779837, 0.153011754155, 0.418370097876, 0.0363313779235, 0.0481287799776, 0.0825651213527, 0.0610226467252, 0.00827320851386, 0.00238736346364, 0.000365921354387, 0.000113651592983, 1.28535948534e-05, 2.58351207094e-07, 3.2500993008e-09, 1.25489552083e-09]}, "gfcc": {"mean": [-209.355316162, 187.559555054, -52.5596351624, 4.11428403854, -41.4477767944, -14.5731115341, -35.5768280029, -21.5046272278, -28.1596946716, -15.2241258621, -9.81273174286, -5.71705532074, -11.6824827194], "cov": [[11990.9980469, 1009.14129639, -3404.16796875, -95.8122787476, -162.717376709, -314.439697266, -55.0882415771, -79.3939437866, 129.049041748, -335.99432373, 188.375808716, -19.9021873474, 456.93661499], [1009.14129639, 1379.82775879, -120.442253113, -691.215270996, 256.883789062, -243.783447266, 90.7267227173, -129.091949463, 79.1864547729, -53.531337738, 105.276733398, -21.4351978302, 127.21774292], [-3404.16796875, -120.442253113, 1680.82946777, 26.9522972107, 45.6882286072, 238.457672119, -6.80887889862, 16.1136474609, -13.4270563126, 122.269546509, -48.0090293884, 17.4160346985, -129.623458862], [-95.8122787476, -691.215270996, 26.9522972107, 628.428833008, -50.0526618958, 88.9730148315, 3.96437239647, 50.0803489685, -4.1604180336, 0.274170666933, -50.6091690063, -19.6014690399, -41.6515045166], [-162.717376709, 256.883789062, 45.6882286072, -50.0526618958, 301.570098877, -17.2915859222, 20.9580135345, -8.50585842133, 13.4881649017, -38.0211906433, -44.3064231873, -29.3776321411, 38.4618492126], [-314.439697266, -243.783447266, 238.457672119, 88.9730148315, -17.2915859222, 261.634460449, 11.8998031616, 30.003030777, 5.11692094803, 25.3353729248, -31.8658046722, 8.88304138184, -21.3927383423], [-55.0882415771, 90.7267227173, -6.80887889862, 3.96437239647, 20.9580135345, 11.8998031616, 143.980422974, 28.409280777, 5.36127138138, 18.4080448151, 30.0339813232, -10.5909633636, -5.19488954544], [-79.3939437866, -129.091949463, 16.1136474609, 50.0803489685, -8.50585842133, 30.003030777, 28.409280777, 133.023086548, 27.9958763123, 21.4377498627, 2.38427734375, 6.25744247437, -22.2421016693], [129.049041748, 79.1864547729, -13.4270563126, -4.1604180336, 13.4881649017, 5.11692094803, 5.36127138138, 27.9958763123, 99.2651367188, 14.5752716064, -2.20250558853, -4.2457151413, 0.32001259923], [-335.99432373, -53.531337738, 122.269546509, 0.274170666933, -38.0211906433, 25.3353729248, 18.4080448151, 21.4377498627, 14.5752716064, 104.39390564, 37.8078804016, 2.18011307716, -36.4773826599], [188.375808716, 105.276733398, -48.0090293884, -50.6091690063, -44.3064231873, -31.8658046722, 30.0339813232, 2.38427734375, -2.20250558853, 37.8078804016, 108.455711365, 20.997133255, -20.9230461121], [-19.9021873474, -21.4351978302, 17.4160346985, -19.6014690399, -29.3776321411, 8.88304138184, -10.5909633636, 6.25744247437, -4.2457151413, 2.18011307716, 20.997133255, 65.2919082642, 4.97245931625], [456.93661499, 127.21774292, -129.623458862, -41.6515045166, 38.4618492126, -21.3927383423, -5.19488954544, -22.2421016693, 0.32001259923, -36.4773826599, -20.9230461121, 4.97245931625, 93.4047775269]], "icov": [[0.000498572655488, -0.00185243354645, 0.00113087613136, -0.00159648351837, 0.00116571947001, -0.00139690248761, 0.00149384804536, -0.00115832767915, 0.00111749011558, -0.000281319167698, 0.000529129174538, -0.000254829006735, -3.28182250087e-05], [-0.00185243354645, 0.0150139210746, -0.00541454320773, 0.0126468511298, -0.00835811346769, 0.00891776289791, -0.0101275509223, 0.00946291722357, -0.0120749883354, 0.00584193784744, -0.0105261756107, 0.00497303297743, -0.0063870549202], [0.00113087613136, -0.00541454320773, 0.00362420547754, -0.00450131809339, 0.00287536485121, -0.0043195602484, 0.00410855468363, -0.00313210533932, 0.00397646194324, -0.00233229459263, 0.00327036948875, -0.00177631387487, 0.00207668938674], [-0.00159648351837, 0.0126468511298, -0.00450131809339, 0.0125385439023, -0.00671683438122, 0.0070569193922, -0.00869329832494, 0.00744610419497, -0.0098727857694, 0.00498016970232, -0.00773460324854, 0.00453790044412, -0.0043942858465], [0.00116571947001, -0.00835811346769, 0.00287536485121, -0.00671683438122, 0.00890908762813, -0.00470502115786, 0.00481793703511, -0.00536626158282, 0.0059086708352, -0.00182386673987, 0.00655069341883, -0.00101924769115, 0.00170928402804], [-0.00139690248761, 0.00891776289791, -0.0043195602484, 0.0070569193922, -0.00470502115786, 0.010607236065, -0.00702852057293, 0.0050869253464, -0.00688294367865, 0.00221808045171, -0.00358379632235, 0.00144142028876, -0.00296250986867], [0.00149384804536, -0.0101275509223, 0.00410855468363, -0.00869329832494, 0.00481793703511, -0.00702852057293, 0.0154578415677, -0.00819756835699, 0.00813192687929, -0.00401494139805, 0.00302594341338, -0.000677340838592, 0.00274305138737], [-0.00115832767915, 0.00946291722357, -0.00313210533932, 0.00744610419497, -0.00536626158282, 0.0050869253464, -0.00819756835699, 0.015251130797, -0.0099964812398, 0.00259843282402, -0.00555122084916, 0.00112356513273, -0.00195196073037], [0.00111749011558, -0.0120749883354, 0.00397646194324, -0.0098727857694, 0.0059086708352, -0.00688294367865, 0.00813192687929, -0.0099964812398, 0.0214376356453, -0.00738787371665, 0.0101392213255, -0.00382814742625, 0.00567404879257], [-0.000281319167698, 0.00584193784744, -0.00233229459263, 0.00498016970232, -0.00182386673987, 0.00221808045171, -0.00401494139805, 0.00259843282402, -0.00738787371665, 0.0174661763012, -0.0103171663359, 0.00430553173646, -0.0016358391149], [0.000529129174538, -0.0105261756107, 0.00327036948875, -0.00773460324854, 0.00655069341883, -0.00358379632235, 0.00302594341338, -0.00555122084916, 0.0101392213255, -0.0103171663359, 0.024939166382, -0.00982494372874, 0.0102114230394], [-0.000254829006735, 0.00497303297743, -0.00177631387487, 0.00453790044412, -0.00101924769115, 0.00144142028876, -0.000677340838592, 0.00112356513273, -0.00382814742625, 0.00430553173646, -0.00982494372874, 0.0211056135595, -0.0066183344461], [-3.28182250087e-05, -0.0063870549202, 0.00207668938674, -0.0043942858465, 0.00170928402804, -0.00296250986867, 0.00274305138737, -0.00195196073037, 0.00567404879257, -0.0016358391149, 0.0102114230394, -0.0066183344461, 0.0207751039416]]}, "melbands": {"dmean": [6.78779324517e-05, 0.000583434535656, 0.000466605648398, 0.00104446825571, 0.000287614413537, 9.24548439798e-05, 9.61463301792e-05, 1.41152204378e-05, 1.24525631691e-05, 7.22449658497e-06, 1.2380989574e-05, 8.42389090394e-06, 4.39105406258e-06, 1.57351382768e-06, 4.81389497509e-06, 1.51295387241e-06, 8.54855727539e-07, 1.00080296761e-06, 5.52706183043e-07, 5.78252581818e-07, 4.60369420807e-07, 6.77684397488e-07, 5.55182452899e-07, 2.71696478649e-07, 6.27088709848e-08, 1.15057169126e-07, 1.55958048254e-07, 5.98856146894e-08, 4.6098723061e-08, 5.90684088309e-08, 5.57231132348e-08, 2.13884092659e-08, 2.69135913555e-08, 2.63694577285e-08, 2.70905857747e-08, 4.34223821344e-08, 2.7963370286e-08, 1.57610973162e-08, 1.16983116527e-08, 8.35695868062e-09], "dmean2": [0.000113032292575, 0.000872995529789, 0.000716464535799, 0.00154447520617, 0.000416470749769, 0.000132792658405, 0.000138100993354, 2.15364416363e-05, 1.65357123478e-05, 9.31370504986e-06, 1.65908204508e-05, 1.05376402644e-05, 6.3806351136e-06, 2.06851200346e-06, 6.62926504447e-06, 2.09624590752e-06, 1.32377181217e-06, 1.63060417435e-06, 8.6109713493e-07, 8.34538298022e-07, 7.01027659034e-07, 1.00300223949e-06, 8.39593667479e-07, 4.11400094436e-07, 9.67646371919e-08, 1.79652460019e-07, 2.30690176295e-07, 8.6498872065e-08, 6.96364281794e-08, 8.79793446984e-08, 8.55639967767e-08, 3.47940449785e-08, 4.15631582484e-08, 4.19218899594e-08, 4.27737525399e-08, 7.09399117227e-08, 4.82545523539e-08, 2.70349946874e-08, 2.00833909503e-08, 1.47275329709e-08], "dvar": [5.01989774193e-08, 2.85785677079e-06, 1.31822389449e-06, 1.42200542541e-05, 5.7044701407e-07, 4.95833276659e-08, 6.35527044324e-08, 2.57134891157e-09, 6.58909948825e-09, 1.82091675072e-09, 3.41490258293e-09, 1.27789190341e-09, 5.49960410545e-10, 3.09323469616e-11, 3.2810507089e-10, 4.96153569618e-11, 2.51691219949e-11, 4.59818814968e-11, 5.07879155398e-12, 5.16983461249e-12, 4.85509202286e-12, 2.23971795971e-11, 1.99936213419e-11, 2.69410253655e-12, 1.33696534204e-13, 8.31603015616e-13, 4.99504300769e-13, 1.19414813324e-13, 6.41002753806e-14, 1.16632709892e-13, 1.07176589923e-13, 1.47853090719e-14, 1.38270259703e-14, 1.42947651871e-14, 2.33790021169e-14, 6.72552969263e-14, 2.54225063716e-14, 7.17095213233e-15, 4.0637985361e-15, 2.00129490887e-15], "dvar2": [1.1751080109e-07, 6.06188359598e-06, 2.86776639769e-06, 2.8453012419e-05, 1.15221462238e-06, 9.8093572376e-08, 1.35065008067e-07, 6.15027184736e-09, 1.10924247565e-08, 3.33163319155e-09, 6.86261936167e-09, 2.19090923181e-09, 1.13783227285e-09, 5.22513872447e-11, 6.54573006909e-10, 1.10195248759e-10, 6.42094016845e-11, 1.20007920268e-10, 1.22143952938e-11, 1.0964372639e-11, 1.24263394713e-11, 5.95454588415e-11, 5.50140384636e-11, 7.07655895688e-12, 3.35641426761e-13, 2.13802565062e-12, 1.15214294268e-12, 3.19229831371e-13, 1.68574450731e-13, 2.9206772092e-13, 2.76929792032e-13, 4.16804381265e-14, 3.43759512501e-14, 3.72698393143e-14, 5.64080811954e-14, 1.71656891717e-13, 6.81691235036e-14, 1.88530950156e-14, 1.06986664807e-14, 5.50982989024e-15], "max": [0.00433528190479, 0.0376827642322, 0.0205684043467, 0.0849206894636, 0.0214347857982, 0.00445760507137, 0.0111521743238, 0.0020345991943, 0.00336461141706, 0.0016549002612, 0.00216791406274, 0.00117267470341, 0.000956816016696, 0.000251698395004, 0.000807817676105, 0.000300551066175, 0.000216931584873, 0.000274090765743, 6.41103542875e-05, 7.10577805876e-05, 6.09724265814e-05, 0.000164855096955, 0.000187308891327, 5.43051719433e-05, 1.56325058924e-05, 3.66524036508e-05, 2.56743151112e-05, 1.14648637464e-05, 7.14054976925e-06, 1.38121358759e-05, 1.09319153125e-05, 4.55210465589e-06, 3.3688863823e-06, 3.14290150527e-06, 5.41944791621e-06, 1.06173565655e-05, 3.86541705666e-06, 2.27640225603e-06, 1.3654155282e-06, 1.0571978919e-06], "mean": [0.000175056993612, 0.00252022827044, 0.00171596556902, 0.00191897840705, 0.00114055839367, 0.000426100712502, 0.000324982218444, 4.2987667257e-05, 3.182511864e-05, 2.00941503863e-05, 3.01474283333e-05, 2.42594378506e-05, 1.33163439386e-05, 4.24814788857e-06, 1.2356705156e-05, 4.13870702687e-06, 1.53796941049e-06, 1.39424162171e-06, 9.69045800048e-07, 1.22741232644e-06, 8.64897344854e-07, 1.01653915863e-06, 7.46816283481e-07, 3.89221213482e-07, 8.95616523167e-08, 1.65737191082e-07, 2.48725456231e-07, 9.53272945026e-08, 6.13422841411e-08, 7.14558154868e-08, 5.99742335794e-08, 2.06372448019e-08, 2.72989950645e-08, 2.68818940441e-08, 2.77896692324e-08, 3.64357823912e-08, 2.09590034217e-08, 1.19377823182e-08, 8.69086491662e-09, 5.76869174651e-09], "median": [1.79381677299e-05, 0.000680206285324, 0.00104084424675, 0.000432823551819, 0.000424957368523, 0.000218250657781, 9.45272040553e-05, 1.12173238449e-05, 3.71218175133e-06, 3.12944803227e-06, 3.21644006362e-06, 3.24575489685e-06, 1.75139962266e-06, 7.55205405767e-07, 1.7804984509e-06, 4.6576241175e-07, 1.85506024764e-07, 1.13305567595e-07, 6.02288849905e-08, 7.47605426454e-08, 4.32434710262e-08, 5.88321533712e-08, 3.2611843892e-08, 2.94447897176e-08, 4.9685646708e-09, 6.7877250487e-09, 1.00934638425e-08, 3.07566394575e-09, 2.20080886848e-09, 1.49940870831e-09, 1.15873133311e-09, 6.66401211991e-10, 5.60799018334e-10, 4.73098005216e-10, 3.08518294245e-10, 2.80644452122e-10, 2.16492920813e-10, 1.84217863186e-10, 1.73795450253e-10, 1.56231694248e-10], "min": [2.74388443422e-24, 5.19235860324e-24, 4.69458382217e-24, 1.60448943868e-23, 1.55042753867e-23, 1.23269929405e-23, 1.22261268185e-23, 7.02525758943e-24, 3.99274650214e-24, 8.00857191893e-24, 8.38564112074e-24, 8.76013074738e-24, 7.93788288207e-24, 4.05627544299e-24, 7.3997164505e-24, 4.44600112916e-24, 4.89056527002e-24, 5.23648551013e-24, 8.19970581651e-24, 6.9954954452e-24, 8.74145052115e-24, 1.08066512946e-23, 9.77159636715e-24, 1.19764349871e-23, 1.32494095747e-23, 1.06749982981e-23, 8.54654744616e-24, 5.77202030172e-24, 5.76610897252e-24, 6.90532312171e-24, 8.37425312471e-24, 9.21570265332e-24, 9.00188821584e-24, 6.22748452813e-24, 9.36100846547e-24, 9.04926010206e-24, 9.09781685736e-24, 9.78238482889e-24, 8.55323540891e-24, 1.07602899392e-23], "var": [1.62325434871e-07, 1.98119287234e-05, 4.29915507993e-06, 2.46190393227e-05, 2.93494713333e-06, 3.03959865278e-07, 3.83461781439e-07, 8.50853965062e-09, 1.56159210007e-08, 5.13027487159e-09, 1.11770344091e-08, 5.18689979856e-09, 2.12784345699e-09, 1.7055172552e-10, 1.01950836662e-09, 1.55170779004e-10, 3.05826856895e-11, 4.77601985738e-11, 1.0948372417e-11, 1.50949808209e-11, 7.33026486732e-12, 2.32578643844e-11, 1.80919272619e-11, 2.70893008546e-12, 1.56286713172e-13, 9.44078907932e-13, 8.35143532021e-13, 1.38752548405e-13, 6.36056216919e-14, 1.386138925e-13, 1.09573503428e-13, 1.07449449728e-14, 1.46327499678e-14, 1.4802073548e-14, 2.64512363564e-14, 5.76184269025e-14, 1.83144955636e-14, 5.48950914632e-15, 3.06853312901e-15, 1.33627896583e-15]}, "mfcc": {"mean": [-864.683227539, 208.202819824, 50.4528884888, 26.372385025, 10.8760442734, 3.84069800377, -0.775603532791, -5.9080324173, -16.2459907532, -17.1877040863, -14.4593038559, -3.96042943001, -3.75096774101], "cov": [[10546.3789062, 2037.3762207, -2830.36352539, -362.440246582, -350.034301758, -158.950286865, -318.088409424, 103.626808167, 47.7915496826, 82.8744049072, -332.537109375, 90.6646347046, -57.6283035278], [2037.3762207, 2130.39086914, -516.777648926, -521.340148926, -50.9501533508, -144.64654541, -87.3302841187, -50.8855934143, 45.4312362671, -68.8764038086, -27.3648509979, 59.2534751892, 21.2116584778], [-2830.36352539, -516.777648926, 1303.14941406, 87.4894180298, 50.3268241882, 113.660331726, 101.648384094, 1.6367944479, -26.6796321869, 3.76992487907, 146.078735352, 16.1189460754, 41.5544052124], [-362.440246582, -521.340148926, 87.4894180298, 385.880493164, 68.3631668091, 35.3461837769, 44.5791015625, 23.3671836853, 11.7488098145, 40.8155708313, 7.69779920578, -7.42456960678, 18.5289020538], [-350.034301758, -50.9501533508, 50.3268241882, 68.3631668091, 218.401733398, 43.7940711975, -4.06416940689, 31.0815868378, 64.82081604, 25.124004364, 12.1140270233, -11.2392282486, -8.15431213379], [-158.950286865, -144.64654541, 113.660331726, 35.3461837769, 43.7940711975, 156.537521362, 48.9393692017, 20.5092601776, 24.7126464844, 31.1398162842, 16.8862037659, 1.19446015358, -3.81359624863], [-318.088409424, -87.3302841187, 101.648384094, 44.5791015625, -4.06416940689, 48.9393692017, 146.26890564, 25.9385108948, -14.8953132629, 18.3761348724, 26.1030063629, 5.39432859421, 22.9711017609], [103.626808167, -50.8855934143, 1.6367944479, 23.3671836853, 31.0815868378, 20.5092601776, 25.9385108948, 108.414489746, 43.8501396179, 21.2815742493, 22.1262931824, 6.19898891449, 3.59793567657], [47.7915496826, 45.4312362671, -26.6796321869, 11.7488098145, 64.82081604, 24.7126464844, -14.8953132629, 43.8501396179, 137.98274231, 56.5980453491, -2.56100511551, 3.84502577782, -4.660343647], [82.8744049072, -68.8764038086, 3.76992487907, 40.8155708313, 25.124004364, 31.1398162842, 18.3761348724, 21.2815742493, 56.5980453491, 118.426544189, 36.9211654663, -0.35065305233, 13.1981267929], [-332.537109375, -27.3648509979, 146.078735352, 7.69779920578, 12.1140270233, 16.8862037659, 26.1030063629, 22.1262931824, -2.56100511551, 36.9211654663, 128.895889282, 54.1315116882, 12.4561328888], [90.6646347046, 59.2534751892, 16.1189460754, -7.42456960678, -11.2392282486, 1.19446015358, 5.39432859421, 6.19898891449, 3.84502577782, -0.35065305233, 54.1315116882, 111.883323669, 34.1598129272], [-57.6283035278, 21.2116584778, 41.5544052124, 18.5289020538, -8.15431213379, -3.81359624863, 22.9711017609, 3.59793567657, -4.660343647, 13.1981267929, 12.4561328888, 34.1598129272, 99.7862930298]], "icov": [[0.000419574935222, -0.000340153172147, 0.000686390732881, -0.000256742845522, 0.000592808064539, -0.000603093998507, 0.000749825441744, -0.0010331235826, 0.000829330529086, -0.0010303928284, 0.000890558934771, -0.00073766882997, 0.000282863649772], [-0.000340153172147, 0.00115267117508, -0.000254981190665, 0.0013212346239, -0.000715789094102, 0.000952311325818, -0.00087346683722, 0.00132972479332, -0.00137700862251, 0.00133015215397, -0.00106439227238, 0.000460628856672, -0.000714651192538], [0.000686390732881, -0.000254981190665, 0.00227286689915, -0.000207341901842, 0.000846124778036, -0.00147122540511, 0.000806125288364, -0.00104280945379, 0.000847349409014, -0.000639721460175, -0.000305651774397, -0.000440765550593, -0.000279223255347], [-0.000256742845522, 0.0013212346239, -0.000207341901842, 0.00457205530256, -0.0016563932877, 0.00096355273854, -0.0014068010496, 0.000841863744427, -0.000652594317216, 4.70581908303e-05, -0.000235294282902, 0.000144157573231, -0.00105346832424], [0.000592808064539, -0.000715789094102, 0.000846124778036, -0.0016563932877, 0.0069842133671, -0.00225261924788, 0.00187705724966, -0.00191020953935, -0.0015435492387, -0.000444454839453, 2.72770867014e-05, 0.000309379887767, 0.000448523729574], [-0.000603093998507, 0.000952311325818, -0.00147122540511, 0.00096355273854, -0.00225261924788, 0.00950287375599, -0.00376363610849, 0.00142578815576, -0.00193138921168, -5.51020093553e-05, -0.00037470436655, 2.8729054975e-05, 0.000831133918837], [0.000749825441744, -0.00087346683722, 0.000806125288364, -0.0014068010496, 0.00187705724966, -0.00376363610849, 0.0106398174539, -0.00434370478615, 0.00383938616142, -0.00294041098095, 0.00117841979954, -0.00078959640814, -0.00104748725425], [-0.0010331235826, 0.00132972479332, -0.00104280945379, 0.000841863744427, -0.00191020953935, 0.00142578815576, -0.00434370478615, 0.0149235213175, -0.00697520701215, 0.00444841384888, -0.00539905996993, 0.00282230461016, -0.00144746468868], [0.000829330529086, -0.00137700862251, 0.000847349409014, -0.000652594317216, -0.0015435492387, -0.00193138921168, 0.00383938616142, -0.00697520701215, 0.0154920713976, -0.00935214571655, 0.00634900666773, -0.00440221000463, 0.00238264561631], [-0.0010303928284, 0.00133015215397, -0.000639721460175, 4.70581908303e-05, -0.000444454839453, -5.51020093553e-05, -0.00294041098095, 0.00444841384888, -0.00935214571655, 0.0174666941166, -0.00912724807858, 0.0060340501368, -0.00381537247449], [0.000890558934771, -0.00106439227238, -0.000305651774397, -0.000235294282902, 2.72770867014e-05, -0.00037470436655, 0.00117841979954, -0.00539905996993, 0.00634900666773, -0.00912724807858, 0.0173535011709, -0.00957276299596, 0.00343741173856], [-0.00073766882997, 0.000460628856672, -0.000440765550593, 0.000144157573231, 0.000309379887767, 2.8729054975e-05, -0.00078959640814, 0.00282230461016, -0.00440221000463, 0.0060340501368, -0.00957276299596, 0.0157459080219, -0.00545979291201], [0.000282863649772, -0.000714651192538, -0.000279223255347, -0.00105346832424, 0.000448523729574, 0.000831133918837, -0.00104748725425, -0.00144746468868, 0.00238264561631, -0.00381537247449, 0.00343741173856, -0.00545979291201, 0.0130661996081]]}, "spectral_contrast_coeffs": {"dmean": [0.039706081152, 0.0290039684623, 0.026818299666, 0.024200540036, 0.0209947526455, 0.0187249425799], "dmean2": [0.0655147209764, 0.0465118028224, 0.0419390797615, 0.0374593995512, 0.03099151887, 0.0272345189005], "dvar": [0.00131486461032, 0.000874564109836, 0.000761667732149, 0.000624929380137, 0.000468368380098, 0.000340874015819], "dvar2": [0.00328676076606, 0.00214081839658, 0.00161607970949, 0.00124335149303, 0.000872490578331, 0.000695944938343], "max": [-0.254332721233, -0.331387937069, -0.44974437356, -0.521863639355, -0.564471781254, -0.619278550148], "mean": [-0.492581039667, -0.616475522518, -0.73572742939, -0.757303595543, -0.797258257866, -0.827990472317], "median": [-0.493541508913, -0.620280981064, -0.734934568405, -0.75318479538, -0.799492120743, -0.843083560467], "min": [-0.965927243233, -0.975074768066, -0.974495112896, -0.975766777992, -0.967059314251, -0.960400044918], "var": [0.00747068691999, 0.0079267481342, 0.00771912373602, 0.00705580739304, 0.00652303313836, 0.00260419817641]}, "spectral_contrast_valleys": {"dmean": [0.44463711977, 0.280050039291, 0.310643672943, 0.334714472294, 0.358828872442, 0.369561880827], "dmean2": [0.730278432369, 0.443475246429, 0.487402379513, 0