{"lowlevel": {"average_loudness": 0.917089939117, "barkbands_crest": {"dmean": 2.56238603592, "dmean2": 4.19800233841, "dvar": 4.85290336609, "dvar2": 12.9884300232, "max": 24.5914783478, "mean": 11.7128047943, "median": 11.163936615, "min": 3.07717084885, "var": 14.5212831497}, "barkbands_flatness_db": {"dmean": 0.0255976226181, "dmean2": 0.0374037846923, "dvar": 0.000620922422968, "dvar2": 0.00143126887269, "max": 0.427745372057, "mean": 0.157740160823, "median": 0.150139018893, "min": 0.0387580767274, "var": 0.00346967740916}, "barkbands_kurtosis": {"dmean": 7.19441652298, "dmean2": 11.5165061951, "dvar": 110.59526062, "dvar2": 284.578430176, "max": 194.964920044, "mean": 14.969335556, "median": 11.0706033707, "min": -1.79029893875, "var": 215.543228149}, "barkbands_skewness": {"dmean": 0.728939473629, "dmean2": 1.14730334282, "dvar": 0.644643366337, "dvar2": 1.65387630463, "max": 9.21070957184, "mean": 3.00498056412, "median": 2.86842417717, "min": -2.22310972214, "var": 1.77709841728}, "barkbands_spread": {"dmean": 5.4328622818, "dmean2": 7.78084897995, "dvar": 50.6333580017, "dvar2": 109.887718201, "max": 127.960327148, "mean": 16.6119251251, "median": 11.3110980988, "min": 0.361359089613, "var": 209.905685425}, "dissonance": {"dmean": 0.0199314616621, "dmean2": 0.032461669296, "dvar": 0.000337797100656, "dvar2": 0.000858832441736, "max": 0.500000059605, "mean": 0.4519726336, "median": 0.457956016064, "min": 0.275037258863, "var": 0.000986569561064}, "dynamic_complexity": 4.91743278503, "erbbands_crest": {"dmean": 2.21759915352, "dmean2": 3.46520972252, "dvar": 5.07708406448, "dvar2": 12.0982370377, "max": 27.1739120483, "mean": 9.17082023621, "median": 8.13603496552, "min": 2.52285718918, "var": 18.9806652069}, "erbbands_flatness_db": {"dmean": 0.0162611361593, "dmean2": 0.0204343255609, "dvar": 0.000314803008223, "dvar2": 0.000573690689635, "max": 0.388622641563, "mean": 0.122512385249, "median": 0.11337389797, "min": 0.0447046793997, "var": 0.00304928817786}, "erbbands_kurtosis": {"dmean": 1.14836549759, "dmean2": 1.65068495274, "dvar": 3.09275388718, "dvar2": 6.43945264816, "max": 49.7406730652, "mean": 1.25928735733, "median": 0.326006650925, "min": -1.78366303444, "var": 10.9192743301}, "erbbands_skewness": {"dmean": 0.343990892172, "dmean2": 0.495105594397, "dvar": 0.120509430766, "dvar2": 0.25979617238, "max": 5.65719366074, "mean": 1.08449268341, "median": 1.02391505241, "min": -2.46813082695, "var": 0.689397513866}, "erbbands_spread": {"dmean": 11.18861866, "dmean2": 15.0598554611, "dvar": 162.721252441, "dvar2": 309.370727539, "max": 141.264129639, "mean": 55.8837890625, "median": 49.0911102295, "min": 2.98795366287, "var": 868.911743164}, "hfc": {"dmean": 8.01089477539, "dmean2": 10.5245351791, "dvar": 262.685943604, "dvar2": 568.001159668, "max": 135.156478882, "mean": 13.8318490982, "median": 4.43184089661, "min": 1.05228504459e-16, "var": 471.374816895}, "melbands_crest": {"dmean": 3.04843568802, "dmean2": 5.00065946579, "dvar": 6.93601083755, "dvar2": 18.1735286713, "max": 30.6365737915, "mean": 15.3345489502, "median": 14.8100156784, "min": 1.35233736038, "var": 18.9893760681}, "melbands_flatness_db": {"dmean": 0.0300814453512, "dmean2": 0.0438485592604, "dvar": 0.000873108278029, "dvar2": 0.0020009141881, "max": 0.530953526497, "mean": 0.253315269947, "median": 0.250644236803, "min": 0.00100890221074, "var": 0.00512060476467}, "melbands_kurtosis": {"dmean": 18.2110099792, "dmean2": 30.0565757751, "dvar": 792.044067383, "dvar2": 2095.37426758, "max": 264.287841797, "mean": 39.5440406799, "median": 30.2411804199, "min": -1.70720779896, "var": 1170.49243164}, "melbands_skewness": {"dmean": 1.07292497158, "dmean2": 1.69358968735, "dvar": 1.66094398499, "dvar2": 4.15096235275, "max": 12.820643425, "mean": 4.44981479645, "median": 4.20035934448, "min": -0.794804930687, "var": 3.96251320839}, "melbands_spread": {"dmean": 3.33548927307, "dmean2": 5.10413837433, "dvar": 33.5950965881, "dvar2": 66.6276245117, "max": 176.632995605, "mean": 10.850728035, "median": 7.28939914703, "min": 0.62920165062, "var": 228.343307495}, "pitch_salience": {"dmean": 0.0758764445782, "dmean2": 0.12491068989, "dvar": 0.00479914853349, "dvar2": 0.0129351364449, "max": 0.933969259262, "mean": 0.548788845539, "median": 0.552483618259, "min": 0.141614988446, "var": 0.0115402750671}, "silence_rate_20dB": {"dmean": 0, "dmean2": 0, "dvar": 0, "dvar2": 0, "max": 1, "mean": 1, "median": 1, "min": 1, "var": 0}, "silence_rate_30dB": {"dmean": 0.0607142858207, "dmean2": 0.121445253491, "dvar": 0.057032238692, "dvar2": 0.141048148274, "max": 1, "mean": 0.955912649632, "median": 1, "min": 0, "var": 0.0421433113515}, "silence_rate_60dB": {"dmean": 0.0631868168712, "dmean2": 0.126390993595, "dvar": 0.059197742492, "dvar2": 0.125531300902, "max": 1, "mean": 0.175937369466, "median": 0, "min": 0, "var": 0.144978314638}, "spectral_centroid": {"dmean": 167.557937622, "dmean2": 251.352554321, "dvar": 52290.2382812, "dvar2": 114509.796875, "max": 11657.5400391, "mean": 785.280456543, "median": 610.462524414, "min": 158.195175171, "var": 524000.40625}, "spectral_complexity": {"dmean": 3.22664833069, "dmean2": 4.69542503357, "dvar": 27.4675064087, "dvar2": 52.1070594788, "max": 50, "mean": 9.65664100647, "median": 8, "min": 0, "var": 59.1414642334}, "spectral_decrease": {"dmean": 5.09049424835e-09, "dmean2": 8.76352501678e-09, "dvar": 1.32681040803e-16, "dvar2": 3.63558055316e-16, "max": 1.44160430421e-28, "mean": -6.40279207431e-09, "median": -3.27600502281e-09, "min": -8.37698053147e-08, "var": 1.05053737739e-16}, "spectral_energy": {"dmean": 0.0198142211884, "dmean2": 0.0338824540377, "dvar": 0.0019854225684, "dvar2": 0.00541705219075, "max": 0.32162335515, "mean": 0.0254201907665, "median": 0.012914467603, "min": 9.86520640131e-21, "var": 0.00161125906743}, "spectral_energyband_high": {"dmean": 0.000553007645067, "dmean2": 0.000682251178659, "dvar": 1.39716428293e-06, "dvar2": 2.71645717476e-06, "max": 0.0108115756884, "mean": 0.000933372939471, "median": 0.000122885074234, "min": 7.04654968995e-21, "var": 3.00749388771e-06}, "spectral_energyband_low": {"dmean": 0.012160256505, "dmean2": 0.0218671970069, "dvar": 0.00117471150588, "dvar2": 0.00333358417265, "max": 0.291896432638, "mean": 0.0121425511315, "median": 0.00481355004013, "min": 2.47436762104e-23, "var": 0.000770209822804}, "spectral_energyband_middle_high": {"dmean": 0.000514335755724, "dmean2": 0.000736399844754, "dvar": 1.4002765738e-06, "dvar2": 3.20836625178e-06, "max": 0.013575322926, "mean": 0.000886755587999, "median": 0.000428107538028, "min": 1.31551373517e-21, "var": 1.93408595806e-06}, "spectral_energyband_middle_low": {"dmean": 0.00937909632921, "dmean2": 0.0154486969113, "dvar": 0.000543233240023, "dvar2": 0.0014290335821, "max": 0.285627126694, "mean": 0.0128798186779, "median": 0.00595104834065, "min": 2.44990182582e-22, "var": 0.000499099842273}, "spectral_entropy": {"dmean": 0.211705178022, "dmean2": 0.280022203922, "dvar": 0.0506553687155, "dvar2": 0.0980419665575, "max": 9.82050228119, "mean": 7.39981794357, "median": 7.4987578392, "min": 4.6902089119, "var": 0.389139533043}, "spectral_flux": {"dmean": 0.0416863188148, "dmean2": 0.066659770906, "dvar": 0.00533329322934, "dvar2": 0.0116173811257, "max": 0.539944052696, "mean": 0.0785031542182, "median": 0.0474712178111, "min": 6.47277370591e-11, "var": 0.00750567018986}, "spectral_kurtosis": {"dmean": 1.82495117188, "dmean2": 2.77451014519, "dvar": 14.0852413177, "dvar2": 35.6425704956, "max": 92.0869827271, "mean": 5.19298267365, "median": 3.15749406815, "min": -1.23841869831, "var": 52.5856971741}, "spectral_rms": {"dmean": 0.00143873237539, "dmean2": 0.00226005073637, "dvar": 6.18337844571e-06, "dvar2": 1.57095273607e-05, "max": 0.017713803798, "mean": 0.00404636189342, "median": 0.00354957464151, "min": 3.10235257622e-12, "var": 8.42708868731e-06}, "spectral_rolloff": {"dmean": 294.731536865, "dmean2": 494.741668701, "dvar": 608956.5625, "dvar2": 1359345.5, "max": 19466.015625, "mean": 765.616149902, "median": 344.53125, "min": 86.1328125, "var": 2278453.25}, "spectral_skewness": {"dmean": 0.241276368499, "dmean2": 0.347940683365, "dvar": 0.101661756635, "dvar2": 0.236347034574, "max": 7.62082290649, "mean": 1.78393626213, "median": 1.63721859455, "min": -0.0548422783613, "var": 0.588739156723}, "spectral_spread": {"dmean": 684183.6875, "dmean2": 830945.375, "dvar": 682210885632, "dvar2": 1223559872510.0, "max": 41874644, "mean": 6625273, "median": 6409149, "min": 983376.875, "var": 7621182488580.0}, "spectral_strongpeak": {"dmean": 0.227461740375, "dmean2": 0.37415856123, "dvar": 0.0937490239739, "dvar2": 0.232614114881, "max": 6.08987617493, "mean": 0.443173766136, "median": 0.310553848743, "min": 0, "var": 0.169702112675}, "zerocrossingrate": {"dmean": 0.0125215966254, "dmean2": 0.0135829932988, "dvar": 0.000211921680602, "dvar2": 0.000228260323638, "max": 0.5263671875, "mean": 0.0561653524637, "median": 0.0419921875, "min": 0.0048828125, "var": 0.00219899485819}, "barkbands": {"dmean": [0.000215349704376, 0.00546003924683, 0.00576826510951, 0.00399579573423, 0.00482723210007, 0.000935411546379, 0.000392170069972, 0.000272620207397, 0.000274205958704, 0.000146057049278, 7.04999038135e-05, 6.13059310126e-05, 6.27889749012e-05, 4.70083723485e-05, 5.23207963852e-05, 4.77167995996e-05, 3.56350901711e-05, 4.18162780988e-05, 5.13866216352e-05, 8.27224284876e-05, 8.43452507979e-05, 0.000119821845146, 5.86272253713e-05, 5.16576437803e-05, 0.000107807558379, 0.000106544241135, 1.83369229489e-05], "dmean2": [0.000387355772546, 0.00978752411902, 0.0105435466394, 0.00686990376562, 0.00809950008988, 0.00133031990845, 0.000654605566524, 0.000445636280347, 0.000473876367323, 0.000243953923928, 0.00010499223572, 9.3120514066e-05, 0.000105601669929, 7.67323581385e-05, 7.87275566836e-05, 7.87243552622e-05, 5.58689025638e-05, 6.75221672282e-05, 7.80711125117e-05, 0.000130622443976, 0.000127112682094, 0.000177249952685, 8.05399031378e-05, 6.74727998558e-05, 0.000139072319143, 0.000134834641358, 2.57857427641e-05], "dvar": [3.67303840676e-07, 0.000233919723541, 0.000282580702333, 9.94086512947e-05, 0.000154379726155, 2.72560623671e-06, 1.1290206885e-06, 4.0844432192e-07, 6.68084396693e-07, 2.40803871066e-07, 1.66798006518e-08, 1.22749419518e-08, 2.33100116986e-08, 1.23718510991e-08, 1.26751187324e-08, 1.0811945117e-08, 5.58230262016e-09, 8.92468232649e-09, 1.47135521544e-08, 3.05305611903e-08, 4.55255637632e-08, 6.8802258113e-08, 1.78945285256e-08, 1.2213723366e-08, 6.03356156148e-08, 6.16867339431e-08, 2.0234960374e-09], "dvar2": [1.03083289105e-06, 0.0006706668064, 0.000811532372609, 0.000269654061412, 0.000402924546506, 6.25694974588e-06, 3.13179725708e-06, 9.9366059203e-07, 1.89546040019e-06, 6.19791023837e-07, 3.71646109443e-08, 2.86908150571e-08, 6.21394491418e-08, 3.10134922188e-08, 2.83955881031e-08, 2.79049938712e-08, 1.25424142183e-08, 2.2352638851e-08, 3.24239124438e-08, 7.04057612211e-08, 1.05771846393e-07, 1.50282289724e-07, 3.72115529501e-08, 2.17221032273e-08, 1.19837892498e-07, 1.20874460663e-07, 4.60567095573e-09], "max": [0.00537888053805, 0.162224620581, 0.138428464532, 0.0963419824839, 0.194204688072, 0.0336677096784, 0.0195552092046, 0.00976735819131, 0.00760666839778, 0.00690888473764, 0.0026277359575, 0.00193581194617, 0.00157492409926, 0.00131609186064, 0.00177912146319, 0.0019327220507, 0.000995333422907, 0.00170498434454, 0.00193651684094, 0.0027352233883, 0.00450601615012, 0.00261868303642, 0.00144146115053, 0.00119381060358, 0.00280003924854, 0.00242963409983, 0.000377898453735], "mean": [0.000177356749191, 0.00563237210736, 0.00492887850851, 0.00364640681073, 0.00556259090081, 0.00234970869496, 0.000532620353624, 0.000412845256506, 0.000344312604284, 0.000171864419826, 0.000128905448946, 0.000110657172627, 7.76682718424e-05, 6.37840566924e-05, 7.55208384362e-05, 6.0146812757e-05, 5.07114891661e-05, 4.9172744184e-05, 6.6899243393e-05, 0.000109993532533, 0.00011773796723, 0.000178004629561, 9.20090897125e-05, 9.11638926482e-05, 0.000188953432371, 0.000173796128365, 2.61126187979e-05], "median": [2.39342589339e-05, 0.00190029980149, 0.0010347077623, 0.000641506165266, 0.00174320931546, 0.0011684675701, 0.000163264048751, 0.000157922433573, 0.00010527123959, 4.22755074396e-05, 6.84226251906e-05, 5.14522507729e-05, 2.55468039541e-05, 2.35479856201e-05, 2.48079559242e-05, 2.14482752199e-05, 1.62968353834e-05, 1.51270196511e-05, 1.39085441333e-05, 2.20569254452e-05, 1.79035705514e-05, 2.16998250835e-05, 1.35002901516e-05, 1.24906282508e-05, 1.6533789676e-05, 6.85877103024e-06, 9.72178440861e-07], "min": [1.72858297831e-24, 4.71387699333e-24, 1.14266650033e-24, 1.11921573637e-24, 1.39130104122e-23, 5.73647462376e-24, 1.52765880413e-23, 2.54718894893e-23, 2.59575248843e-23, 1.27308068936e-23, 3.8092698407e-23, 2.93844186981e-23, 4.08006243918e-23, 4.7533097834e-23, 3.67015611333e-23, 6.16837604825e-23, 1.01336787895e-22, 1.43489911153e-22, 1.12254351455e-22, 1.98775795124e-22, 3.27200368876e-22, 3.225260714e-22, 4.84516197042e-22, 5.83832649049e-22, 9.27628127016e-22, 1.3331182833e-21, 2.10679953571e-21], "var": [2.47552520705e-07, 0.000156037873239, 0.000178901609615, 7.75010485086e-05, 0.000140941905556, 1.06498509922e-05, 1.15291561542e-06, 5.33214347342e-07, 5.27968552433e-07, 2.26055760777e-07, 3.36110694832e-08, 2.57765400136e-08, 2.39673401126e-08, 1.39747644567e-08, 1.93512033064e-08, 1.14530189776e-08, 8.54168114017e-09, 9.13279940562e-09, 2.21749498763e-08, 4.4045783909e-08, 6.86511114623e-08, 1.15490912833e-07, 3.22247899476e-08, 2.86907813063e-08, 1.33104705924e-07, 1.28978271619e-07, 3.14868819906e-09]}, "erbbands": {"dmean": [0.112334936857, 1.4412047863, 5.73084068298, 10.340678215, 22.8146705627, 9.40282344818, 9.34631633759, 5.6905169487, 5.01831865311, 5.54936695099, 6.01584434509, 5.66833353043, 3.63774061203, 5.77081108093, 2.24658560753, 2.5444996357, 2.95555734634, 2.34338736534, 2.8571472168, 2.21476387978, 2.465747118, 2.04418802261, 2.11133503914, 2.0801653862, 3.23758459091, 3.5878765583, 2.88777637482, 4.52974843979, 4.8786034584, 2.55448627472, 1.46262872219, 1.16268777847, 0.872389495373, 1.30850887299, 0.720573604107, 0.547737598419, 0.179486468434, 0.0315129831433, 0.00323554268107, 8.96654746612e-05], "dmean2": [0.200532317162, 2.5875582695, 10.4629383087, 18.0499172211, 38.9890937805, 15.0273704529, 14.3587837219, 7.94172382355, 8.19039726257, 9.20878124237, 9.75447654724, 9.91306686401, 6.08636045456, 9.47431182861, 3.38790202141, 3.90304613113, 4.92799377441, 3.78382062912, 4.47866916656, 3.30270266533, 4.07927751541, 3.20513224602, 3.36843705177, 3.15014672279, 4.99783182144, 5.66487169266, 4.38964223862, 6.92858839035, 7.16376686096, 3.52627468109, 2.06359386444, 1.6142796278, 1.1003215313, 1.79226374626, 0.921309530735, 0.719625115395, 0.237574011087, 0.0416876412928, 0.00443905778229, 0.000121091128676], "dvar": [0.0853607058525, 16.7910175323, 289.392333984, 560.424377441, 3788.80053711, 411.722625732, 372.451293945, 90.0637054443, 204.421051025, 183.613922119, 199.796279907, 324.672119141, 108.976127625, 338.632415771, 15.9136610031, 22.7017669678, 53.2763404846, 30.2757110596, 44.5338249207, 20.3775730133, 27.5988769531, 20.1686763763, 25.5813655853, 20.6323852539, 56.944442749, 62.4794502258, 44.5808753967, 120.316665649, 114.518455505, 39.0445022583, 9.95375156403, 6.74972724915, 3.15725398064, 9.0276184082, 2.68471169472, 1.59006226063, 0.182402014732, 0.0056197764352, 6.20726350462e-05, 3.82235398888e-08], "dvar2": [0.239461496472, 48.41771698, 838.318786621, 1518.30151367, 9996.8046875, 1012.11224365, 975.815551758, 210.139892578, 564.558532715, 481.753448486, 499.011810303, 922.403198242, 292.860961914, 873.942321777, 35.833656311, 54.3214187622, 143.502380371, 75.0810928345, 104.373092651, 44.8190841675, 70.4202270508, 46.6177825928, 64.2304763794, 44.7374801636, 130.671066284, 146.57093811, 100.559638977, 280.9425354, 251.210479736, 85.7273712158, 20.48396492, 14.0439996719, 5.04170703888, 19.117559433, 5.06847858429, 3.10763430595, 0.377634316683, 0.0119500933215, 0.000138554518344, 8.43067695655e-08], "max": [2.67918133736, 43.1664924622, 140.318496704, 172.397521973, 830.663696289, 347.605987549, 289.568695068, 183.93145752, 279.708679199, 185.051376343, 167.176895142, 173.809555054, 119.392662048, 252.535858154, 63.7055091858, 75.3057022095, 78.0020446777, 65.4875335693, 105.042221069, 75.7451934814, 90.9622879028, 55.512638092, 101.642799377, 102.870956421, 106.109893799, 139.524856567, 93.0774307251, 218.734924316, 101.215446472, 66.5423965454, 36.5081481934, 26.1091823578, 18.4134426117, 33.5266685486, 19.3011493683, 12.2391996384, 4.01231861115, 0.655781745911, 0.0729028955102, 0.00163322372828], "mean": [0.116542562842, 1.46395576, 5.16083335876, 9.21840190887, 21.7334880829, 14.3555707932, 20.3751659393, 13.1024169922, 7.55567073822, 7.59272956848, 9.9678144455, 6.72485589981, 4.86512136459, 7.28090524673, 4.3266248703, 4.3778424263, 3.89627170563, 3.27893257141, 4.06447410583, 3.38675808907, 3.32177066803, 2.8686413765, 2.55340194702, 2.87597084045, 3.9921438694, 4.67458343506, 4.12233161926, 6.45549201965, 7.24443435669, 3.63944959641, 2.47786331177, 1.89049768448, 1.56139934063, 2.16076993942, 1.28395688534, 0.900623142719, 0.281533330679, 0.0481773465872, 0.00465827248991, 0.000138682051329], "median": [0.041116707027, 0.458126336336, 1.44924736023, 2.27504563332, 4.15589237213, 5.5226893425, 9.78949451447, 7.25408506393, 2.38996124268, 2.84408164024, 4.19729089737, 2.25254130363, 1.48181152344, 2.58428740501, 2.65708017349, 2.16724538803, 1.40553152561, 1.22587478161, 1.65172672272, 1.20040988922, 1.22896754742, 0.927474617958, 0.799801528454, 0.806256353855, 0.783439040184, 0.963690578938, 0.772721648216, 0.805391311646, 0.846612453461, 0.497539371252, 0.376011997461, 0.262166082859, 0.202283322811, 0.195818245411, 0.106662236154, 0.0422376915812, 0.0106833456084, 0.00151799677406, 0.000176149318577, 2.48269370786e-05], "min": [1.7524775988e-22, 1.34016496951e-21, 1.91058768999e-21, 4.62904366782e-21, 9.2168939027e-21, 4.39220045192e-20, 8.72766212993e-20, 1.35365276736e-19, 1.9264581517e-19, 2.85216760744e-19, 3.69097372651e-19, 7.20213182954e-19, 1.12073874014e-18, 1.17589214486e-18, 1.23295519941e-18, 1.55929490827e-18, 1.97821401545e-18, 2.24570644117e-18, 1.49653051134e-18, 2.07207606071e-18, 4.6172398748e-18, 4.97064451971e-18, 6.7244303729e-18, 3.91766014354e-18, 8.65710271895e-18, 8.77345559828e-18, 1.27027984272e-17, 1.23016464358e-17, 1.17149834756e-17, 1.34839274135e-17, 1.34906317124e-17, 1.17362800676e-17, 9.24732503733e-18, 9.04749226341e-18, 6.93938607637e-18, 4.3829107742e-18, 2.5581594419e-18, 1.03963388788e-18, 2.70251254005e-19, 3.12180321935e-20], "var": [0.0600269697607, 11.0264425278, 181.13243103, 421.332275391, 3144.54858398, 648.528747559, 856.981018066, 268.075408936, 225.316772461, 200.996810913, 257.023468018, 237.206481934, 108.88104248, 311.941162109, 29.5043296814, 40.5839195251, 53.6660957336, 35.3908233643, 54.6314544678, 35.2382659912, 31.7522087097, 28.5461082458, 25.9928607941, 40.51587677, 71.9993133545, 87.0549545288, 66.9577636719, 188.622528076, 189.734893799, 57.1777153015, 20.5876407623, 13.0672655106, 8.28914451599, 18.0304756165, 6.08465671539, 3.36475777626, 0.348800867796, 0.0102438051254, 0.000100776793261, 6.48411031534e-08]}, "gfcc": {"mean": [-54.7346801758, 82.5946502686, -67.5377807617, 28.3713741302, -57.2975845337, 10.9785423279, -38.1450195312, 1.44340741634, -29.1686306, 5.67858886719, -20.4506015778, 3.14107656479, -9.27507400513], "cov": [[16210.5234375, -1556.95947266, 1037.6451416, 1026.13903809, -67.8685379028, 554.421691895, -39.2443847656, 264.425689697, -329.363037109, 308.364807129, -572.055603027, 27.2294406891, -224.510147095], [-1556.95947266, 1708.9362793, -309.976409912, -207.916137695, 236.090682983, -208.905334473, -54.7438964844, -238.456970215, 29.1910076141, -296.792266846, 80.525100708, -120.168830872, 142.69859314], [1037.6451416, -309.976409912, 751.557434082, 177.220443726, 150.652740479, 182.16078186, 122.281806946, 45.688331604, -23.7680969238, 87.3256988525, -87.2153091431, 81.0792770386, 7.4724946022], [1026.13903809, -207.916137695, 177.220443726, 346.772186279, 87.2292098999, 129.322402954, 80.6823120117, 47.09167099, 6.21426534653, 29.5312461853, -38.9953765869, -17.7587928772, -29.0487804413], [-67.8685379028, 236.090682983, 150.652740479, 87.2292098999, 246.600769043, 49.1756858826, 60.0046348572, -30.4546432495, -0.903338134289, -51.4645996094, -19.089553833, -29.4749221802, 13.9456911087], [554.421691895, -208.905334473, 182.16078186, 129.322402954, 49.1756858826, 169.496841431, 75.26146698, 63.0892944336, 10.8729028702, 58.0949897766, -27.6230869293, 21.890630722, -22.3907470703], [-39.2443847656, -54.7438964844, 122.281806946, 80.6823120117, 60.0046348572, 75.26146698, 118.704856873, 43.3784484863, 35.0679359436, 27.5436935425, -3.87289237976, 10.9434614182, 3.49208068848], [264.425689697, -238.456970215, 45.688331604, 47.09167099, -30.4546432495, 63.0892944336, 43.3784484863, 116.606887817, 44.5394821167, 78.4142913818, 4.23014879227, 20.5439357758, -22.4213638306], [-329.363037109, 29.1910076141, -23.7680969238, 6.21426534653, -0.903338134289, 10.8729028702, 35.0679359436, 44.5394821167, 96.2886581421, 45.1924324036, 39.7697257996, 14.0853366852, 11.8599681854], [308.364807129, -296.792266846, 87.3256988525, 29.5312461853, -51.4645996094, 58.0949897766, 27.5436935425, 78.4142913818, 45.1924324036, 146.054824829, 35.1545829773, 62.6331634521, -6.00422048569], [-572.055603027, 80.525100708, -87.2153091431, -38.9953765869, -19.089553833, -27.6230869293, -3.87289237976, 4.23014879227, 39.7697257996, 35.1545829773, 106.159545898, 42.0919418335, 28.3159408569], [27.2294406891, -120.168830872, 81.0792770386, -17.7587928772, -29.4749221802, 21.890630722, 10.9434614182, 20.5439357758, 14.0853366852, 62.6331634521, 42.0919418335, 98.0474700928, 36.4486274719], [-224.510147095, 142.69859314, 7.4724946022, -29.0487804413, 13.9456911087, -22.3907470703, 3.49208068848, -22.4213638306, 11.8599681854, -6.00422048569, 28.3159408569, 36.4486274719, 72.9314575195]], "icov": [[0.000135051901452, -0.000176906774868, 2.18191817112e-05, -0.000442237505922, 0.000113834335934, -3.27296547766e-05, 0.000362970546121, -0.000300595391309, 0.000524261267856, -0.000610924267676, 0.000879044528119, -0.000415007991251, 0.000172455023858], [-0.000176906774868, 0.00233549880795, -8.46095135785e-05, 0.00142968981527, -0.00135894853156, -0.000307467998937, -4.41404481535e-05, 0.00200984114781, -0.00270017166622, 0.00352069339715, -0.00321781495586, 0.0032713317778, -0.00340729975142], [2.18191817112e-05, -8.46095135785e-05, 0.00316446414217, -0.000417893839767, -0.0017785175005, -0.000606021436397, -0.00132866681088, 0.000640921643935, 0.00113863614388, -0.00221649208106, 0.00378009676933, -0.00360358599573, 0.000122393583297], [-0.000442237505922, 0.00142968981527, -0.000417893839767, 0.00631116144359, -0.00146219867747, -0.00256583141163, -0.00192939513363, 0.00139294960536, -0.00216828030534, 0.00259193428792, -0.00387429189868, 0.00437340373173, -0.00170515489299], [0.000113834335934, -0.00135894853156, -0.0017785175005, -0.00146219867747, 0.00821566395462, -0.00163508218247, -0.00175936857704, 0.000775163352955, 0.000516632164363, 0.00103774783202, -0.00073445221642, 0.00187898229342, 0.000206305252505], [-3.27296547766e-05, -0.000307467998937, -0.000606021436397, -0.00256583141163, -0.00163508218247, 0.0140517838299, -0.00419690134004, -0.00331046828069, 0.00164035067428, -0.00258255447261, 0.00276603852399, -0.00397891597822, 0.00378611148335], [0.000362970546121, -4.41404481535e-05, -0.00132866681088, -0.00192939513363, -0.00175936857704, -0.00419690134004, 0.0171146802604, -0.00395709974691, -0.00352362520061, 0.000900731247384, 0.00110854918603, 0.00023840132053, -0.00231909635477], [-0.000300595391309, 0.00200984114781, 0.000640921643935, 0.00139294960536, 0.000775163352955, -0.00331046828069, -0.00395709974691, 0.021147120744, -0.00815446302295, -0.00312400842085, -0.00103691604454, 0.00231739133596, 0.00147080130409], [0.000524261267856, -0.00270017166622, 0.00113863614388, -0.00216828030534, 0.000516632164363, 0.00164035067428, -0.00352362520061, -0.00815446302295, 0.0224999990314, -0.0092875212431, 0.000625707500149, -0.00026087203878, -0.000552708806936], [-0.000610924267676, 0.00352069339715, -0.00221649208106, 0.00259193428792, 0.00103774783202, -0.00258255447261, 0.000900731247384, -0.00312400842085, -0.0092875212431, 0.0250884201378, -0.0112270144746, -0.00130101374816, -0.000919754616916], [0.000879044528119, -0.00321781495586, 0.00378009676933, -0.00387429189868, -0.00073445221642, 0.00276603852399, 0.00110854918603, -0.00103691604454, 0.000625707500149, -0.0112270144746, 0.0273504257202, -0.0146761462092, 0.00337905972265], [-0.000415007991251, 0.0032713317778, -0.00360358599573, 0.00437340373173, 0.00187898229342, -0.00397891597822, 0.00023840132053, 0.00231739133596, -0.00026087203878, -0.00130101374816, -0.0146761462092, 0.0325570367277, -0.0170844551176], [0.000172455023858, -0.00340729975142, 0.000122393583297, -0.00170515489299, 0.000206305252505, 0.00378611148335, -0.00231909635477, 0.00147080130409, -0.000552708806936, -0.000919754616916, 0.00337905972265, -0.0170844551176, 0.0291440300643]]}, "melbands": {"dmean": [0.00129050668329, 0.00264514400624, 0.00222096103244, 0.00119333225302, 0.000300129933748, 0.000136579968967, 7.7203651017e-05, 6.10774877714e-05, 4.7441903007e-05, 3.77588439733e-05, 1.86255183507e-05, 2.45855371759e-05, 8.11078734841e-06, 6.93453785061e-06, 6.57824602968e-06, 6.19070078756e-06, 4.48986793344e-06, 4.69489987154e-06, 3.58649845111e-06, 3.21315246765e-06, 2.97021392726e-06, 2.17544993575e-06, 2.11536280403e-06, 1.88489309494e-06, 1.65689755249e-06, 2.0576001134e-06, 2.71212502412e-06, 2.49020285992e-06, 2.07053631129e-06, 1.81030554813e-06, 3.17792000715e-06, 2.92150139103e-06, 1.96503901861e-06, 1.3580936411e-06, 9.26675056689e-07, 6.73187741995e-07, 7.48859918076e-07, 5.5814246025e-07, 7.76320462137e-07, 1.31291130856e-06], "dmean2": [0.00230746506713, 0.00481612700969, 0.00383193325251, 0.0020030066371, 0.000461869174615, 0.000190427264897, 0.000127427629195, 0.000101063858892, 7.6110183727e-05, 6.64809558657e-05, 3.118173845e-05, 4.07273073506e-05, 1.21641205624e-05, 1.06251090983e-05, 1.04078308141e-05, 1.03698366729e-05, 7.3052406151e-06, 7.4415384006e-06, 5.31778732693e-06, 5.18504475622e-06, 4.95020594826e-06, 3.45922057932e-06, 3.36898642672e-06, 3.09491929329e-06, 2.51712049248e-06, 3.15566853715e-06, 4.22453331339e-06, 4.03290869144e-06, 3.26380700244e-06, 2.70537225333e-06, 4.97966584589e-06, 4.39947552877e-06, 2.79497589872e-06, 1.92863171833e-06, 1.36194000788e-06, 9.46528757595e-07, 1.0957669474e-06, 7.32190585495e-07, 1.04729588202e-06, 1.87057992207e-06], "dvar": [1.2280996998e-05, 6.28714915365e-05, 2.63060792349e-05, 9.69044867816e-06, 3.6617663568e-07, 5.19693443835e-08, 4.67486920286e-08, 2.14145163824e-08, 1.21173417966e-08, 1.45710172816e-08, 2.87915269404e-09, 6.4273262268e-09, 2.1505189296e-10, 1.67210897906e-10, 1.91163695984e-10, 2.19845641691e-10, 1.11086570498e-10, 1.24342952601e-10, 5.47516997018e-11, 4.67078459243e-11, 3.94638315082e-11, 2.31217874708e-11, 2.79219911081e-11, 1.7444996836e-11, 1.44640072489e-11, 2.72621664826e-11, 3.74747975707e-11, 3.03127523082e-11, 2.00855252569e-11, 2.76686711737e-11, 5.39987984882e-11, 4.06786097862e-11, 1.99866234674e-11, 1.2254433579e-11, 4.19883355515e-12, 2.44325414935e-12, 2.96151059405e-12, 1.3664898206e-12, 2.59076375804e-12, 9.98533981195e-12], "dvar2": [3.48445173586e-05, 0.000182231786312, 7.04313933966e-05, 2.52402769547e-05, 9.48938691181e-07, 1.19448898772e-07, 1.29642671709e-07, 5.45140146357e-08, 3.0580110888e-08, 4.16146903603e-08, 7.7360953199e-09, 1.663346616e-08, 4.90033957856e-10, 4.06438938061e-10, 4.60257082446e-10, 5.75872960429e-10, 2.79141959547e-10, 2.91820762e-10, 1.15275365642e-10, 1.17074169803e-10, 1.01441480216e-10, 5.36679034546e-11, 6.95908469739e-11, 4.44710726577e-11, 3.09731545967e-11, 5.96251312213e-11, 8.69312191676e-11, 7.38229061215e-11, 4.74284153618e-11, 6.61970200877e-11, 1.26463492456e-10, 9.08240010977e-11, 4.30862741319e-11, 2.74582353382e-11, 9.12788941654e-12, 5.12422222709e-12, 6.64122836586e-12, 2.27854649211e-12, 4.69434950981e-12, 2.2509284367e-11], "max": [0.035832285881, 0.0677697211504, 0.0452768318355, 0.0493085198104, 0.00902554485947, 0.00396663043648, 0.00405753497034, 0.00182349281386, 0.00140497635584, 0.00116175634321, 0.000627165252808, 0.00111667148303, 0.000241027082666, 0.000205830554478, 0.000390126515413, 0.000186300079804, 0.000123931764392, 0.000202482638997, 0.000156317808433, 0.000123370540678, 9.47355874814e-05, 6.4952619141e-05, 0.000114130751172, 4.60136325273e-05, 0.000103608137579, 0.000120196738862, 8.98888829397e-05, 8.39357380755e-05, 6.9004818215e-05, 0.00015750239254, 8.78134887898e-05, 6.53359893477e-05, 4.36270456703e-05, 3.66672356904e-05, 2.33812406805e-05, 1.84228119906e-05, 1.80066836037e-05, 1.35719292302e-05, 1.87031491805e-05, 3.59652622137e-05], "mean": [0.00135105359368, 0.00250942003913, 0.00208630366251, 0.00133617664687, 0.000655485666357, 0.000331169751007, 0.000110469009087, 8.47208139021e-05, 8.01550340839e-05, 4.23320052505e-05, 2.43946469709e-05, 2.98315371765e-05, 1.52050752149e-05, 1.21909397421e-05, 1.04157061287e-05, 7.53637732487e-06, 5.96298013988e-06, 6.39364452582e-06, 5.4312249631e-06, 4.23161691288e-06, 3.79889888791e-06, 3.0177689041e-06, 2.56331395576e-06, 2.15728186959e-06, 2.30023010772e-06, 2.52619861385e-06, 3.2922189348e-06, 3.14794328915e-06, 2.77535355053e-06, 2.53522784988e-06, 4.24904465035e-06, 4.28999192081e-06, 2.82039036392e-06, 1.83965335054e-06, 1.54804240537e-06, 1.05095318759e-06, 1.1768403283e-06, 9.7475003713e-07, 1.33008779812e-06, 2.05378478313e-06], "median": [0.000485898548504, 0.000868651783094, 0.000495045329444, 0.000390478904592, 0.000344810076058, 0.000178222908289, 3.40803053405e-05, 2.97340102406e-05, 3.28850765072e-05, 1.3066352949e-05, 6.70771441946e-06, 9.82701931207e-06, 8.85712506715e-06, 6.02672935202e-06, 3.71133387489e-06, 2.51065876e-06, 1.98674001695e-06, 2.51310530075e-06, 1.73180433194e-06, 1.52682798671e-06, 1.29064142129e-06, 9.70918108578e-07, 7.15442013188e-07, 6.74103375786e-07, 5.98812164299e-07, 5.10232723627e-07, 5.54961616217e-07, 6.53443237297e-07, 5.12745316428e-07, 3.89290079283e-07, 4.64658796773e-07, 4.86147030188e-07, 3.59164971542e-07, 2.43210934059e-07, 2.2367474628e-07, 1.51022845785e-07, 1.57293229108e-07, 1.32642043127e-07, 1.38714142395e-07, 1.73080650256e-07], "min": [2.45393111433e-24, 1.59980113971e-24, 1.62373143249e-24, 1.90517481676e-24, 3.37701098333e-24, 3.57176023045e-24, 2.88468230074e-24, 3.16938062371e-24, 3.35411508442e-24, 4.46596443766e-24, 5.30897196656e-24, 4.16937324768e-24, 4.3215535882e-24, 3.62018209053e-24, 4.25011552791e-24, 3.96863930731e-24, 3.7638210396e-24, 1.73121363221e-24, 2.51864117717e-24, 2.88057963239e-24, 5.57305577635e-24, 4.20403697915e-24, 4.74934654621e-24, 5.88285052573e-24, 2.37996988244e-24, 4.9276007118e-24, 7.05496372454e-24, 5.29866273782e-24, 7.20213834818e-24, 5.57064817287e-24, 6.46720949647e-24, 5.22173341677e-24, 6.4451884443e-24, 6.99716073057e-24, 7.18422805019e-24, 7.21383005566e-24, 5.87419238287e-24, 6.09513141761e-24, 5.83087405841e-24, 6.14342982096e-24], "var": [8.40601296659e-06, 3.91466965084e-05, 2.10174639506e-05, 8.66013124323e-06, 8.2907564547e-07, 1.79824240831e-07, 4.92087082193e-08, 2.48377549639e-08, 1.60930273552e-08, 1.04507922316e-08, 2.89743118387e-09, 5.82861314768e-09, 4.18674650504e-10, 2.88229745626e-10, 4.08821421161e-10, 2.32389482657e-10, 1.27966290342e-10, 1.49433881935e-10, 1.06403968969e-10, 5.45805137198e-11, 4.47759607169e-11, 3.31807324672e-11, 2.94266000456e-11, 1.70247236447e-11, 3.22164100952e-11, 3.45500641985e-11, 5.04111613564e-11, 3.8224545057e-11, 2.73196916478e-11, 4.31604335605e-11, 7.99281960062e-11, 6.65675847777e-11, 3.11532952213e-11, 1.65728663432e-11, 8.04426490697e-12, 4.45414972267e-12, 5.12905776878e-12, 3.31366965117e-12, 6.30518076986e-12, 1.74959057658e-11]}, "mfcc": {"mean": [-712.645202637, 122.421096802, 38.0358657837, 25.0893249512, 5.15370464325, 9.79938411713, 0.712314546108, -3.61402606964, 0.724610328674, -5.7155418396, -2.84865045547, -5.10588788986, 0.996612012386], "cov": [[11358.3037109, -1123.24719238, 697.049316406, 535.801879883, 134.797714233, 317.576385498, 221.737609863, 56.4465408325, 302.870788574, 79.5578460693, 127.519477844, -92.2397079468, -52.5519866943], [-1123.24719238, 1505.13879395, -194.104385376, -22.9686717987, 140.95690918, -19.8803100586, -50.4594154358, -9.63617610931, -80.7527923584, -98.4830932617, -169.945449829, -95.1345825195, -46.742805481], [697.049316406, -194.104385376, 454.454711914, 96.564956665, 51.0432815552, 132.946273804, 85.6257476807, 44.7998313904, 95.4641189575, 23.4312572479, 34.2729682922, -12.2544107437, 35.7869682312], [535.801879883, -22.9686717987, 96.564956665, 210.528488159, 86.4962234497, 94.396987915, 68.0857696533, 37.9361953735, 47.2593688965, 22.5322246552, 1.89459061623, -4.07748746872, -0.28525686264], [134.797714233, 140.95690918, 51.0432815552, 86.4962234497, 150.755065918, 80.2161178589, 51.4767189026, 31.1401062012, 19.1916847229, 2.08099842072, -16.6016197205, -17.4416503906, -0.689457178116], [317.576385498, -19.8803100586, 132.946273804, 94.396987915, 80.2161178589, 153.065979004, 81.2798233032, 46.4207000732, 56.6750144958, 16.5166244507, 5.59497308731, 0.705907821655, 16.2044315338], [221.737609863, -50.4594154358, 85.6257476807, 68.0857696533, 51.4767189026, 81.2798233032, 102.501327515, 44.6492042542, 40.7973899841, 17.8008708954, 11.0114927292, 1.9879502058, 12.9408740997], [56.4465408325, -9.63617610931, 44.7998313904, 37.9361953735, 31.1401062012, 46.4207000732, 44.6492042542, 74.9604415894, 41.2822227478, 22.574180603, 11.1355895996, 4.92020511627, 3.53524780273], [302.870788574, -80.7527923584, 95.4641189575, 47.2593688965, 19.1916847229, 56.6750144958, 40.7973899841, 41.2822227478, 96.6681671143, 46.421749115, 20.622505188, 9.62719345093, 16.9494304657], [79.5578460693, -98.4830932617, 23.4312572479, 22.5322246552, 2.08099842072, 16.5166244507, 17.8008708954, 22.574180603, 46.421749115, 79.4622192383, 43.2001457214, 27.1188735962, 10.1576499939], [127.519477844, -169.945449829, 34.2729682922, 1.89459061623, -16.6016197205, 5.59497308731, 11.0114927292, 11.1355895996, 20.622505188, 43.2001457214, 88.3669815063, 47.2603874207, 17.7036685944], [-92.2397079468, -95.1345825195, -12.2544107437, -4.07748746872, -17.4416503906, 0.705907821655, 1.9879502058, 4.92020511627, 9.62719345093, 27.1188735962, 47.2603874207, 89.9247665405, 50.4529190063], [-52.5519866943, -46.742805481, 35.7869682312, -0.28525686264, -0.689457178116, 16.2044315338, 12.9408740997, 3.53524780273, 16.9494304657, 10.1576499939, 17.7036685944, 50.4529190063, 80.243598938]], "icov": [[0.000120593511383, 7.28049344616e-05, -5.03862574988e-05, -0.000247764837695, -1.78322952706e-05, -5.09532765136e-06, -1.73593821273e-06, 0.00021364656277, -0.000330973300152, 0.000214635467273, -0.000180297123734, 0.000171696025063, 0.000109285298095], [7.28049344616e-05, 0.00106773362495, 0.000263984460616, 0.000117773874081, -0.0011997128604, 6.03222224527e-06, 0.000603161461186, -0.000307942245854, -4.88357272843e-07, 0.000340345490258, 0.00128439592663, 0.0002555353567, -2.99119092233e-05], [-5.03862574988e-05, 0.000263984460616, 0.00388851598836, -0.000290140713332, 0.000167504389537, -0.00211705593392, -0.000257280451478, 0.00034067229717, -0.00231335801072, 0.00146991305519, -0.00206128926948, 0.00292560178787, -0.00224113534205], [-0.000247764837695, 0.000117773874081, -0.000290140713332, 0.00827349163592, -0.00291057256982, -0.00183579639997, -0.00168415775988, -0.000108071944851, -0.000268651696388, -0.00135992979631, 0.00155785004608, -0.00154800910968, 0.00154572864994], [-1.78322952706e-05, -0.0011997128604, 0.000167504389537, -0.00291057256982, 0.0124318720773, -0.00434261281043, -0.00159876479302, -0.00117614038754, 0.0020979847759, -0.00112149736378, -4.89328740514e-05, 0.00180972507223, -0.000930405862164], [-5.09532765136e-06, 6.03222224527e-06, -0.00211705593392, -0.00183579639997, -0.00434261281043, 0.0166809931397, -0.00656537665054, -0.000987768289633, -0.00360349891707, 0.00179813720752, 0.000862636079546, -0.00182433356531, 0.000124505007989], [-1.73593821273e-06, 0.000603161461186, -0.000257280451478, -0.00168415775988, -0.00159876479302, -0.00656537665054, 0.0204217229038, -0.00637253839523, 0.000315888843033, -0.000103532511275, -0.000929288333282, 0.00194831192493, -0.00231520179659], [0.00021364656277, -0.000307942245854, 0.00034067229717, -0.000108071944851, -0.00117614038754, -0.000987768289633, -0.00637253839523, 0.0219984147698, -0.00699860369787, -0.000420903670602, -0.00111816357821, -0.00141150003765, 0.00272184121422], [-0.000330973300152, -4.88357272843e-07, -0.00231335801072, -0.000268651696388, 0.0020979847759, -0.00360349891707, 0.000315888843033, -0.00699860369787, 0.0238864831626, -0.0119606303051, 0.00299033103511, 0.00147395208478, -0.00330103677697], [0.000214635467273, 0.000340345490258, 0.00146991305519, -0.00135992979631, -0.00112149736378, 0.00179813720752, -0.000103532511275, -0.000420903670602, -0.0119606303051, 0.0249573606998, -0.00917615368962, -0.00204231287353, 0.00201665074565], [-0.000180297123734, 0.00128439592663, -0.00206128926948, 0.00155785004608, -4.89328740514e-05, 0.000862636079546, -0.000929288333282, -0.00111816357821, 0.00299033103511, -0.00917615368962, 0.0241065993905, -0.0114218201488, 0.00397230684757], [0.000171696025063, 0.0002555353567, 0.00292560178787, -0.00154800910968, 0.00180972507223, -0.00182433356531, 0.00194831192493, -0.00141150003765, 0.00147395208478, -0.00204231287353, -0.0114218201488, 0.0276344679296, -0.0158249940723], [0.000109285298095, -2.99119092233e-05, -0.00224113534205, 0.00154572864994, -0.000930405862164, 0.000124505007989, -0.00231520179659, 0.00272184121422, -0.00330103677697, 0.00201665074565, 0.00397230684757, -0.0158249940723, 0.0232570283115]]}, "spectral_contrast_coeffs": {"dmean": [0.059161696583, 0.0417032800615, 0.0325685292482, 0.0238859057426, 0.0185199975967, 0.0150647107512], "dmean2": [0.0961748212576, 0.0666831359267, 0.0524629876018, 0.0379898585379, 0.0292113870382, 0.0240817070007], "dvar": [0.00298694428056, 0.00131677300669, 0.000813568069134, 0.000386329134926, 0.000250114564551, 0.000206067546969], "dvar2": [0.00709084235132, 0.00329299387522, 0.00209605833516, 0.000938580022193, 0.000592256896198, 0.000450239604106], "max": [-0.287328451872, -0.458144962788, -0.5619328022, -0.614338874817, -0.646239519119, -0.63227969408], "mean": [-0.640613615513, -0.70953643322, -0.791086494923, -0.812981843948, -0.823013007641, -0.793450415134], "median": [-0.652127504349, -0.710605561733, -0.792482435703, -0.817807197571, -0.825406014919, -0.795785427094], "min": [-0.974294602871, -0.971731245518, -0.982806742191, -0.964685082436, -0.963752627373, -0.962905585766], "var": [0.00995611865073, 0.00576432654634, 0.00273991795257, 0.00181970372796, 0.00120694818906, 0.00101138767786]}, "spectral_contrast_valleys": {"dmean": [0.499651700258, 0.42299798131, 0.393159747124, 0.394080728292, 0.410780966282, 0.419561475515], "dmean2": [0.777564108372, 0.646997928619, 0.570365071297, 0.547285914421, 0.520869791508, 0.459089279175], "dvar": [0.25921779871, 0.245168849826, 0.205771118402, 0.232078760862, 0.275587230921, 0.290414094925], "dvar2": [0.536693811417, 0.46162083745, 0.344671905041, 0.404813051224, 0.490687012672, 0.465411484241], "max": [-4.91428089142, -4.52472877502, -5.87956285477, -6.0614323616, -6.06695270538, -7.8828959465], "mean": [-7.44312000275,