{"lowlevel": {"average_loudness": 0.730985939503, "barkbands_crest": {"dmean": 1.51869666576, "dmean2": 2.42140483856, "dvar": 2.98121571541, "dvar2": 7.77970981598, "max": 26.0882511139, "mean": 14.5953035355, "median": 14.189874649, "min": 4.69567775726, "var": 21.9226608276}, "barkbands_flatness_db": {"dmean": 0.0242344904691, "dmean2": 0.0363080576062, "dvar": 0.000862472283188, "dvar2": 0.0019136830233, "max": 0.650726139545, "mean": 0.324827939272, "median": 0.312315821648, "min": 0.0614850372076, "var": 0.00733695691451}, "barkbands_kurtosis": {"dmean": 3.41782212257, "dmean2": 5.19379138947, "dvar": 67.5929107666, "dvar2": 156.17868042, "max": 197.101379395, "mean": 9.95099258423, "median": 6.48271179199, "min": -1.9586545229, "var": 188.746459961}, "barkbands_skewness": {"dmean": 0.391269207001, "dmean2": 0.583386778831, "dvar": 0.369232326746, "dvar2": 0.822423040867, "max": 12.2837677002, "mean": 2.13480997086, "median": 2.08330059052, "min": -8.64071941376, "var": 2.13161826134}, "barkbands_spread": {"dmean": 1.69880867004, "dmean2": 2.46961307526, "dvar": 8.86324691772, "dvar2": 17.6266269684, "max": 85.6443252563, "mean": 9.77160549164, "median": 7.13344669342, "min": 0.388611793518, "var": 77.1420211792}, "dissonance": {"dmean": 0.0275639947504, "dmean2": 0.046078864485, "dvar": 0.00088632904226, "dvar2": 0.00229280861095, "max": 0.499963343143, "mean": 0.414043843746, "median": 0.425150662661, "min": 0.184354811907, "var": 0.00274376315065}, "dynamic_complexity": 4.81481599808, "erbbands_crest": {"dmean": 1.96846628189, "dmean2": 2.98202991486, "dvar": 5.23279190063, "dvar2": 12.1010169983, "max": 33.7182655334, "mean": 14.3723096848, "median": 13.4872674942, "min": 2.87314033508, "var": 31.291223526}, "erbbands_flatness_db": {"dmean": 0.0185020323843, "dmean2": 0.0267352089286, "dvar": 0.00059800123563, "dvar2": 0.00124545395374, "max": 0.482647687197, "mean": 0.274510413408, "median": 0.275128990412, "min": 0.0751761570573, "var": 0.00377372233197}, "erbbands_kurtosis": {"dmean": 1.77589583397, "dmean2": 2.499522686, "dvar": 41.7966651917, "dvar2": 74.2515716553, "max": 387.005432129, "mean": 3.88769841194, "median": 0.705606222153, "min": -1.81276679039, "var": 214.226837158}, "erbbands_skewness": {"dmean": 0.337541460991, "dmean2": 0.48627024889, "dvar": 0.242346048355, "dvar2": 0.4906668365, "max": 14.277888298, "mean": 0.796163380146, "median": 0.725036323071, "min": -6.47879838943, "var": 2.10061001778}, "erbbands_spread": {"dmean": 4.42808532715, "dmean2": 6.56400871277, "dvar": 49.6092224121, "dvar2": 111.668754578, "max": 118.074272156, "mean": 28.3125019073, "median": 26.2792186737, "min": 0.378204554319, "var": 254.719924927}, "hfc": {"dmean": 1.59338498116, "dmean2": 2.22655296326, "dvar": 12.2131309509, "dvar2": 22.2822799683, "max": 92.2650222778, "mean": 9.00898933411, "median": 5.73352909088, "min": 1.17262486829e-16, "var": 99.7337646484}, "melbands_crest": {"dmean": 1.77388381958, "dmean2": 2.82701683044, "dvar": 4.2814245224, "dvar2": 10.6834163666, "max": 34.7000694275, "mean": 17.7950839996, "median": 16.6402797699, "min": 1.9102088213, "var": 35.7887268066}, "melbands_flatness_db": {"dmean": 0.0276071820408, "dmean2": 0.0409924201667, "dvar": 0.00118550215848, "dvar2": 0.00259973970242, "max": 0.804433047771, "mean": 0.430153906345, "median": 0.418765425682, "min": 0.00540729658678, "var": 0.0126009620726}, "melbands_kurtosis": {"dmean": 5.46486520767, "dmean2": 8.34883403778, "dvar": 150.734161377, "dvar2": 312.981506348, "max": 377.296844482, "mean": 18.1295566559, "median": 13.0460948944, "min": -1.80432498455, "var": 459.082061768}, "melbands_skewness": {"dmean": 0.455804228783, "dmean2": 0.685372114182, "dvar": 0.437799841166, "dvar2": 0.982189893723, "max": 14.0904464722, "mean": 2.91085577011, "median": 2.80836701393, "min": -5.65937900543, "var": 2.29150104523}, "melbands_spread": {"dmean": 1.70060241222, "dmean2": 2.48301315308, "dvar": 14.1488037109, "dvar2": 30.5765094757, "max": 158.913131714, "mean": 9.69892883301, "median": 6.61276102066, "min": 0.477930724621, "var": 152.833724976}, "pitch_salience": {"dmean": 0.039632819593, "dmean2": 0.0630240142345, "dvar": 0.00193630356807, "dvar2": 0.00487705646083, "max": 0.842939853668, "mean": 0.423416614532, "median": 0.420662730932, "min": 0.115097530186, "var": 0.0128751397133}, "silence_rate_20dB": {"dmean": 0, "dmean2": 0, "dvar": 0, "dvar2": 0, "max": 1, "mean": 1, "median": 1, "min": 1, "var": 0}, "silence_rate_30dB": {"dmean": 0.00779301766306, "dmean2": 0.0155884642154, "dvar": 0.0077324709855, "dvar2": 0.0184637848288, "max": 1, "mean": 0.98706561327, "median": 1, "min": 0, "var": 0.0127673596144}, "silence_rate_60dB": {"dmean": 0.00187032413669, "dmean2": 0.00374123151414, "dvar": 0.00186682539061, "dvar2": 0.00466253142804, "max": 1, "mean": 0.0508025549352, "median": 0, "min": 0, "var": 0.0482212640345}, "spectral_centroid": {"dmean": 101.786445618, "dmean2": 149.336013794, "dvar": 33817.0664062, "dvar2": 61477.78125, "max": 10796.3251953, "mean": 722.320373535, "median": 590.25402832, "min": 143.572418213, "var": 255572.890625}, "spectral_complexity": {"dmean": 1.07824194431, "dmean2": 1.75463759899, "dvar": 2.05536031723, "dvar2": 4.22545433044, "max": 29, "mean": 8.74380588531, "median": 8, "min": 0, "var": 19.6864719391}, "spectral_decrease": {"dmean": 1.418340001e-09, "dmean2": 2.24394702819e-09, "dvar": 7.68311905437e-18, "dvar2": 1.9176263443e-17, "max": 4.61153482666e-16, "mean": -7.92251331205e-09, "median": -6.5395076021e-09, "min": -5.63040956081e-08, "var": 4.00882264351e-17}, "spectral_energy": {"dmean": 0.00546874385327, "dmean2": 0.00863703992218, "dvar": 0.000113174413855, "dvar2": 0.000281178741716, "max": 0.216894701123, "mean": 0.0307184774429, "median": 0.0253305044025, "min": 1.07639777187e-20, "var": 0.000603454478551}, "spectral_energyband_high": {"dmean": 2.36034975387e-05, "dmean2": 3.48242865584e-05, "dvar": 5.64018165505e-09, "dvar2": 1.30935831066e-08, "max": 0.00130398920737, "mean": 4.69519036415e-05, "median": 6.91348850523e-06, "min": 7.67251215615e-21, "var": 1.16043192833e-08}, "spectral_energyband_low": {"dmean": 0.0031580850482, "dmean2": 0.00525303930044, "dvar": 7.14342095307e-05, "dvar2": 0.000191352228285, "max": 0.15916223824, "mean": 0.0158822890371, "median": 0.0108777424321, "min": 1.71858295938e-22, "var": 0.000215697509702}, "spectral_energyband_middle_high": {"dmean": 0.000365098705515, "dmean2": 0.000443709548563, "dvar": 1.04587650185e-06, "dvar2": 1.68174130977e-06, "max": 0.0270159356296, "mean": 0.00177228939719, "median": 0.000655358948279, "min": 1.52388226823e-21, "var": 8.19209890324e-06}, "spectral_energyband_middle_low": {"dmean": 0.00321419420652, "dmean2": 0.00488526280969, "dvar": 4.4308755605e-05, "dvar2": 9.83059580904e-05, "max": 0.211632609367, "mean": 0.0137374689803, "median": 0.00890808273107, "min": 3.79992177587e-22, "var": 0.000271550728939}, "spectral_entropy": {"dmean": 0.240454867482, "dmean2": 0.364735752344, "dvar": 0.109074324369, "dvar2": 0.250175952911, "max": 9.80345344543, "mean": 6.00770521164, "median": 6.02690029144, "min": 3.9337413311, "var": 0.444013208151}, "spectral_flux": {"dmean": 0.015442814678, "dmean2": 0.024072194472, "dvar": 0.000527024560142, "dvar2": 0.00119859364349, "max": 0.329458326101, "mean": 0.0381502471864, "median": 0.0287285540253, "min": 1.03749592251e-10, "var": 0.00119824672583}, "spectral_kurtosis": {"dmean": 12.0239562988, "dmean2": 20.2684249878, "dvar": 291.905090332, "dvar2": 717.502502441, "max": 467.796813965, "mean": 24.0456237793, "median": 13.4764480591, "min": -1.19732916355, "var": 1010.69598389}, "spectral_rms": {"dmean": 0.000431557069533, "dmean2": 0.00067834276706, "dvar": 4.57333214854e-07, "dvar2": 1.13733744911e-06, "max": 0.0145466346294, "mean": 0.00501097692177, "median": 0.00497118569911, "min": 3.24059290686e-12, "var": 4.85920509163e-06}, "spectral_rolloff": {"dmean": 95.39503479, "dmean2": 168.995223999, "dvar": 237414.265625, "dvar2": 505207, "max": 19853.6132812, "mean": 775.571655273, "median": 301.46484375, "min": 64.599609375, "var": 6042666}, "spectral_skewness": {"dmean": 0.871067166328, "dmean2": 1.46576476097, "dvar": 0.924729704857, "dvar2": 2.23309493065, "max": 16.4407978058, "mean": 2.95394134521, "median": 2.40185928345, "min": 0.028751341626, "var": 3.84630942345}, "spectral_spread": {"dmean": 436407.5, "dmean2": 690391.625, "dvar": 490669473792, "dvar2": 929134346240, "max": 40518960, "mean": 2495879.5, "median": 2160787, "min": 195904.15625, "var": 4153291046910.0}, "spectral_strongpeak": {"dmean": 0.172490090132, "dmean2": 0.299370765686, "dvar": 0.205727875233, "dvar2": 0.458404481411, "max": 7.5445895195, "mean": 0.647109270096, "median": 0.38076916337, "min": 1.90646987086e-09, "var": 0.669704794884}, "zerocrossingrate": {"dmean": 0.00390465185046, "dmean2": 0.00467745261267, "dvar": 9.5377326943e-05, "dvar2": 8.72679884196e-05, "max": 0.77587890625, "mean": 0.0318552330136, "median": 0.01806640625, "min": 0.001953125, "var": 0.00666605401784}, "barkbands": {"dmean": [9.81916091405e-05, 0.00253321416676, 0.000855831953231, 0.000420019990997, 0.00234599085525, 0.000882513064425, 0.00011576628458, 6.88117215759e-05, 0.000191264785826, 0.000108256070234, 1.0428531823e-05, 3.38283462042e-05, 2.28896606131e-05, 2.71181434073e-05, 0.0001134879858, 3.82320758945e-05, 4.93040533911e-05, 2.63107594947e-05, 8.4355873696e-05, 3.16864679917e-05, 7.1487202149e-06, 4.22607990913e-06, 1.60378147029e-06, 1.77134813839e-06, 1.27173314013e-06, 1.59263663591e-06, 6.14693135503e-07], "dmean2": [0.000139860014315, 0.00421315105632, 0.00142373633571, 0.000607152702287, 0.00362019240856, 0.00137190578971, 0.000159195114975, 0.000102744947071, 0.000245104252826, 0.000146364298416, 1.59555092978e-05, 4.92067265441e-05, 2.64866066573e-05, 3.42235216522e-05, 0.00012348999735, 5.16426989634e-05, 6.75568444422e-05, 3.82772632292e-05, 0.000118805917737, 4.19753414462e-05, 1.08961476144e-05, 6.66725054543e-06, 2.58092995864e-06, 2.9670134154e-06, 1.9747569695e-06, 2.66003144134e-06, 8.97339418771e-07], "dvar": [2.31045390819e-07, 5.44960239495e-05, 4.08173309552e-06, 1.36353185098e-06, 3.56732853106e-05, 3.28877877109e-06, 1.775615317e-07, 4.73095020936e-08, 7.96022789018e-07, 8.36745712718e-08, 1.56969059972e-09, 2.36990320701e-08, 2.04485637312e-08, 1.5724607394e-08, 1.7739077407e-07, 2.41481554752e-08, 7.04536162743e-08, 1.63684745758e-08, 9.85831931644e-08, 1.361635249e-08, 6.35609453958e-10, 2.73759348524e-10, 7.87976559002e-11, 9.10251110597e-11, 4.6104467466e-11, 7.15373663085e-11, 1.54605599156e-11], "dvar2": [4.21165992748e-07, 0.00014732737327, 1.2575562323e-05, 2.61100262833e-06, 8.14447412267e-05, 6.84236829329e-06, 3.61257093573e-07, 1.03633965409e-07, 1.42039709772e-06, 1.77750877128e-07, 3.69698183178e-09, 4.62602223195e-08, 3.01535401093e-08, 2.20613678437e-08, 2.01678773237e-07, 4.41605507717e-08, 1.31905451894e-07, 4.04517734864e-08, 1.75748965603e-07, 2.6046784285e-08, 1.47930301342e-09, 6.98892388407e-10, 2.10394146549e-10, 2.41548725466e-10, 1.06313256809e-10, 1.87679941033e-10, 3.24218846215e-11], "max": [0.0144295599312, 0.144200220704, 0.0396309345961, 0.0386558659375, 0.209571391344, 0.0460547693074, 0.0169082116336, 0.00650923419744, 0.0447054468095, 0.00721416156739, 0.00142817676533, 0.00480807665735, 0.00790587998927, 0.00513957161456, 0.0174928810447, 0.00437823031098, 0.0136045403779, 0.00489211874083, 0.00836777128279, 0.00352218723856, 0.000482068950078, 0.000235910076299, 0.000155147659825, 0.00017792750441, 0.000157026632223, 0.000145531885209, 9.57420488703e-05], "mean": [0.000463852833491, 0.0129924472421, 0.00179814605508, 0.001100406982, 0.00718408031389, 0.0036977911368, 0.000497870903928, 0.000264669768512, 0.000789840123616, 0.000342983839801, 3.1070318073e-05, 8.52911980473e-05, 7.56754598115e-05, 9.60622783168e-05, 0.00060561025748, 0.000142597942613, 0.000142002929351, 7.04139529262e-05, 0.000226310628932, 8.63437235239e-05, 1.20803679238e-05, 6.37993798591e-06, 1.8622861262e-06, 1.59970579716e-06, 1.26284226099e-06, 1.32267678055e-06, 6.26710516372e-07], "median": [0.000363379745977, 0.00777256861329, 0.000869383686222, 0.000405965663958, 0.00303184287623, 0.00170155521482, 7.22655458958e-05, 5.89408009546e-05, 8.24428789201e-05, 0.000125678736367, 3.51989365299e-06, 1.10506844067e-05, 6.15599674347e-06, 8.56538645166e-06, 3.48183893948e-05, 1.5547773728e-05, 1.52273505591e-05, 9.60209854384e-06, 2.23669449042e-05, 1.43282468343e-05, 1.4324256199e-06, 6.04183412634e-07, 6.9193127672e-08, 1.68858562688e-08, 3.74997943808e-09, 1.94356308825e-09, 3.61850216457e-09], "min": [8.6284154309e-23, 8.08196706423e-23, 3.50489448686e-23, 3.29934952048e-23, 2.59928248321e-23, 1.35281542066e-22, 1.95619739347e-23, 2.82749300111e-23, 1.20170930359e-22, 8.60322804883e-23, 1.39303230692e-22, 1.22888587732e-22, 8.20732147969e-23, 1.5629799565e-22, 5.96472561023e-23, 1.15835981913e-22, 1.55414294731e-22, 1.92857154768e-22, 2.38787514435e-22, 2.6119555652e-22, 4.77780460871e-22, 4.34576833633e-22, 4.48966716773e-22, 1.23278396091e-21, 1.17895754534e-21, 1.47392175073e-21, 2.56013550691e-21], "var": [4.87543502459e-07, 0.000166610479937, 8.09192533779e-06, 4.61878835267e-06, 0.000179393435246, 2.7934605896e-05, 2.0595184651e-06, 2.93668421136e-07, 7.74547515903e-06, 3.16599283678e-07, 1.15783862498e-08, 8.54082884416e-08, 1.05510807202e-07, 1.19385575204e-07, 2.37817812376e-06, 1.51394729642e-07, 3.47986627958e-07, 3.79437068432e-08, 3.80113363008e-07, 5.55445645034e-08, 1.11893039278e-09, 3.64573177203e-10, 6.85467307915e-11, 7.7722335512e-11, 5.21863871561e-11, 5.85147069687e-11, 1.87997846457e-11]}, "erbbands": {"dmean": [0.0788268446922, 0.566871106625, 1.08604204655, 1.05768847466, 4.44963788986, 9.62077331543, 8.94047546387, 6.15655517578, 2.79263997078, 1.18361473083, 2.00772953033, 4.06458473206, 4.54719638824, 1.77875089645, 0.625061810017, 1.47088634968, 0.989127516747, 1.30860245228, 6.14701747894, 2.61352133751, 2.69405531883, 2.06526827812, 1.5897578001, 4.07082939148, 2.94921851158, 1.37972819805, 0.411068469286, 0.210754349828, 0.170185998082, 0.0642416551709, 0.0513831973076, 0.0324847623706, 0.0314572192729, 0.0145609648898, 0.00992316007614, 0.00691739888862, 0.00264976476319, 0.000624745734967, 0.000106878040242, 1.09162492663e-05], "dmean2": [0.130685329437, 0.950977623463, 1.82716166973, 1.62626850605, 6.63146734238, 15.186132431, 13.9046993256, 9.68278121948, 4.16517066956, 1.59717142582, 2.81035900116, 5.07636785507, 6.10311460495, 2.45502352715, 0.925410270691, 2.10263395309, 1.12628436089, 1.613235116, 6.54332017899, 2.96880793571, 3.7663500309, 2.78640413284, 2.24229502678, 5.62192201614, 4.35411500931, 1.79656648636, 0.604409873486, 0.315445184708, 0.271209359169, 0.10153824836, 0.0840007960796, 0.0535510107875, 0.0530520156026, 0.0226398725063, 0.0158154070377, 0.0117311831564, 0.00438502524048, 0.000906227913219, 0.000156629146659, 1.69266986632e-05], "dvar": [0.0762231275439, 2.37164664268, 6.26501655579, 5.81392240524, 177.761489868, 747.989624023, 280.804016113, 261.898284912, 65.3837280273, 18.2601890564, 38.9082717896, 489.571228027, 164.392578125, 27.6518249512, 5.2362074852, 44.4616012573, 46.9875831604, 24.2380962372, 605.538635254, 100.27217865, 125.25289917, 95.6961669922, 73.6708297729, 202.253143311, 143.439071655, 16.7177028656, 1.91036176682, 0.665211975574, 0.527265310287, 0.0641434341669, 0.093842253089, 0.0290096215904, 0.0316865220666, 0.00827230978757, 0.0024756542407, 0.00137880351394, 0.000187990764971, 1.55928591994e-05, 5.10958443556e-07, 1.25212074042e-09], "dvar2": [0.182940855622, 6.89404344559, 19.4031772614, 13.8266067505, 375.807922363, 1852.51953125, 721.897766113, 552.397644043, 138.274124146, 34.9875640869, 79.551399231, 796.732421875, 362.227905273, 61.4310684204, 10.8083086014, 87.3303222656, 68.2611083984, 35.9536018372, 631.494750977, 148.477432251, 241.697509766, 180.183059692, 173.639648438, 362.80557251, 290.947998047, 26.990442276, 4.42772245407, 1.49988889694, 1.38594186306, 0.163547471166, 0.248887479305, 0.0766289979219, 0.082750864327, 0.0202271249145, 0.00589584605768, 0.0037072065752, 0.000485425203806, 3.25827058987e-05, 1.10250914531e-06, 2.87300183643e-09], "max": [6.04104948044, 29.3493728638, 39.5106697083, 61.3155212402, 356.749969482, 904.067626953, 307.861206055, 449.623413086, 330.206054688, 156.633880615, 214.287841797, 1221.92297363, 280.461791992, 112.090446472, 94.2602615356, 241.387939453, 388.540466309, 214.535232544, 1051.83776855, 278.421966553, 272.633911133, 414.826141357, 322.172454834, 503.252655029, 326.110229492, 125.213935852, 27.2944698334, 19.8689155579, 8.76216316223, 4.29535055161, 5.4094877243, 2.82359695435, 3.39633059502, 2.1459980011, 1.05649983883, 0.58898383379, 0.213886633515, 0.102185055614, 0.017268192023, 0.000793066574261], "mean": [0.397261470556, 2.73760104179, 2.93530154228, 3.17596507072, 9.48939704895, 29.0691452026, 35.230506897, 26.3328018188, 12.2591972351, 5.0058631897, 8.67102718353, 18.2253704071, 15.6292886734, 5.7773399353, 1.97315084934, 3.72173547745, 3.02889275551, 5.52573680878, 33.2515983582, 12.5564613342, 9.24455451965, 6.09135723114, 4.74709367752, 11.2042570114, 7.90347480774, 3.82185935974, 0.857183039188, 0.37808033824, 0.250248044729, 0.0884482264519, 0.0535424686968, 0.0297646354884, 0.0291230715811, 0.0146750304848, 0.00916788727045, 0.00570678105578, 0.00222980510443, 0.000638161262032, 0.00012082815374, 3.96134855691e-05], "median": [0.327180981636, 1.16480946541, 1.71885716915, 1.49371910095, 2.81354570389, 10.1561641693, 18.0658550262, 8.19055175781, 2.67781448364, 1.1670743227, 2.11216115952, 2.6114923954, 6.3281993866, 2.41996049881, 0.634733557701, 0.580976486206, 0.425988554955, 0.782525777817, 1.77337026596, 1.32361280918, 1.08026504517, 0.834692895412, 0.762233674526, 1.16005790234, 1.01659238338, 0.766222298145, 0.153374135494, 0.0513583309948, 0.0223719943315, 0.0062761195004, 0.00201453547925, 0.000613479118329, 0.000242294045165, 7.26807338651e-05, 4.75733322673e-05, 2.90733823931e-05, 1.45088743011e-05, 3.1177053188e-06, 1.69552422449e-05, 2.9366763556e-05], "min": [2.05996144326e-21, 1.94340882729e-20, 5.54113687442e-20, 6.89059286339e-20, 6.04532736846e-20, 1.00733718955e-19, 3.25582812745e-19, 1.50030948597e-18, 3.98490046646e-19, 4.98979592224e-19, 6.72669891573e-19, 2.69110639149e-18, 2.56289794604e-18, 3.764717757e-18, 7.39116317563e-18, 4.46986648174e-18, 3.83787650551e-18, 5.81909484094e-18, 7.14296349693e-18, 3.15678115901e-18, 7.09458418444e-18, 8.86240811981e-18, 8.88959837372e-18, 1.01588499482e-17, 1.50941585529e-17, 1.39229154733e-17, 1.81269914534e-17, 1.73318773245e-17, 1.70798287744e-17, 1.59711271666e-17, 1.24273216406e-17, 2.12757652973e-17, 2.0757543261e-17, 1.53567999779e-17, 7.62004239676e-18, 6.10449324538e-18, 2.90387358185e-18, 1.14838084147e-18, 4.10066904608e-19, 3.24511872346e-20], "var": [0.112842217088, 11.0011396408, 13.2867307663, 24.0256252289, 528.048828125, 3905.49975586, 1902.52160645, 2393.48339844, 1043.15759277, 163.057342529, 320.434875488, 5664.50390625, 628.207397461, 81.6813354492, 23.6659965515, 155.573348999, 226.239440918, 201.216705322, 8452.94824219, 910.63079834, 606.173034668, 417.832427979, 171.636550903, 804.851867676, 485.334533691, 80.6013946533, 3.75185489655, 1.27717542648, 0.607120752335, 0.0795483663678, 0.0750445500016, 0.0240119248629, 0.030279032886, 0.00843710359186, 0.00258248439059, 0.00109368446283, 0.000158027032739, 1.94645399461e-05, 5.92445189795e-07, 2.1734551936e-09]}, "gfcc": {"mean": [-153.124069214, 192.621643066, -104.503128052, 36.5207519531, -14.832649231, -28.0446548462, -3.83218169212, -0.993657290936, -9.56084823608, -5.02810764313, -5.44088697433, -5.99961471558, 12.185423851], "cov": [[21413.4355469, 2358.76123047, -2292.30541992, 2679.18798828, 163.963516235, -616.956420898, -1799.66369629, -884.370849609, -336.337158203, 226.414047241, 142.187973022, 152.986328125, 22.6624031067], [2358.76123047, 2787.24121094, -514.044799805, 182.339996338, 571.436523438, -488.343566895, 290.812408447, -296.900512695, -52.3325271606, -67.5732803345, 154.240890503, -111.472396851, 246.507980347], [-2292.30541992, -514.044799805, 1708.73193359, -528.602722168, -135.865905762, 404.914367676, -153.769363403, 309.256225586, -180.579345703, -50.4262428284, -68.1656951904, 79.5775756836, -66.1900634766], [2679.18798828, 182.339996338, -528.602722168, 642.551696777, 68.9739074707, -185.749389648, -193.61656189, -181.370361328, 26.4079627991, 33.8770103455, 42.2174110413, 26.910779953, 13.9084501266], [163.963516235, 571.436523438, -135.865905762, 68.9739074707, 492.525848389, -122.546516418, -115.309143066, -161.515655518, -1.80086314678, 46.4886894226, 72.7939605713, -66.2979354858, 40.176700592], [-616.956420898, -488.343566895, 404.914367676, -185.749389648, -122.546516418, 431.0027771, 48.7598152161, 63.752784729, -63.4196281433, 2.56201982498, -70.0268249512, 42.9769020081, -79.005859375], [-1799.66369629, 290.812408447, -153.769363403, -193.61656189, -115.309143066, 48.7598152161, 742.066894531, 125.974357605, 19.6859970093, -69.6611404419, -43.2963943481, -32.0240211487, 59.3231315613], [-884.370849609, -296.900512695, 309.256225586, -181.370361328, -161.515655518, 63.752784729, 125.974357605, 278.596801758, -9.39875411987, -26.9616413116, -43.0420150757, -8.20726490021, -21.696855545], [-336.337158203, -52.3325271606, -180.579345703, 26.4079627991, -1.80086314678, -63.4196281433, 19.6859970093, -9.39875411987, 209.867980957, 31.6414260864, -21.9380874634, -6.86320638657, -10.2451686859], [226.414047241, -67.5732803345, -50.4262428284, 33.8770103455, 46.4886894226, 2.56201982498, -69.6611404419, -26.9616413116, 31.6414260864, 156.495132446, 36.5685005188, -74.0773925781, -27.5246715546], [142.187973022, 154.240890503, -68.1656951904, 42.2174110413, 72.7939605713, -70.0268249512, -43.2963943481, -43.0420150757, -21.9380874634, 36.5685005188, 138.742095947, -6.68987846375, 7.05545473099], [152.986328125, -111.472396851, 79.5775756836, 26.910779953, -66.2979354858, 42.9769020081, -32.0240211487, -8.20726490021, -6.86320638657, -74.0773925781, -6.68987846375, 201.029678345, 18.0054779053], [22.6624031067, 246.507980347, -66.1900634766, 13.9084501266, 40.176700592, -79.005859375, 59.3231315613, -21.696855545, -10.2451686859, -27.5246715546, 7.05545473099, 18.0054779053, 103.704017639]], "icov": [[0.000481943512568, -0.000937610398978, 0.000747652666178, -0.00135698786471, 0.000970444292761, -0.00096010993002, 0.00159815361258, -0.00102053303272, 0.00111144594848, -0.000931342656258, 0.000887467584107, -0.000578794104513, 0.000450183753856], [-0.000937610398978, 0.00263657839969, -0.0016498506302, 0.00252412445843, -0.0024851008784, 0.0025082193315, -0.00365970935673, 0.00270204176195, -0.00196280982345, 0.00224327226169, -0.00202853581868, 0.00150150898844, -0.00164263811894], [0.000747652666178, -0.0016498506302, 0.002593471203, -0.00131622643676, 0.00141251843888, -0.00247545866296, 0.00333539396524, -0.00307040312327, 0.00236245570704, -0.00148821622133, 0.00150877423584, -0.00140325259417, 0.000586076639593], [-0.00135698786471, 0.00252412445843, -0.00131622643676, 0.00656388048083, -0.00242904177867, 0.00324394530617, -0.00377393933013, 0.00340947066434, -0.00258112954907, 0.00202382472344, -0.00212840782478, 0.000780858506914, -0.000847819552291], [0.000970444292761, -0.0024851008784, 0.00141251843888, -0.00242904177867, 0.00542886788025, -0.00193458667491, 0.00383741734549, -0.000794482708443, 0.0020035256166, -0.00225154240616, 0.00119280011859, -0.00033958684071, 0.000562105327845], [-0.00096010993002, 0.0025082193315, -0.00247545866296, 0.00324394530617, -0.00193458667491, 0.00714985141531, -0.00449973437935, 0.00395154440776, -0.000689047039486, 0.000539609056432, 8.71911324793e-05, -4.74944026791e-05, 0.00190741231199], [0.00159815361258, -0.00365970935673, 0.00333539396524, -0.00377393933013, 0.00383741734549, -0.00449973437935, 0.00786896422505, -0.00498440442607, 0.00334431324154, -0.00244504306465, 0.00293002813123, -0.00149640929885, 0.000267940136837], [-0.00102053303272, 0.00270204176195, -0.00307040312327, 0.00340947066434, -0.000794482708443, 0.00395154440776, -0.00498440442607, 0.00970808137208, -0.0024083876051, 0.00242891535163, -0.00152994319797, 0.0023189666681, -0.000307958369376], [0.00111144594848, -0.00196280982345, 0.00236245570704, -0.00258112954907, 0.0020035256166, -0.000689047039486, 0.00334431324154, -0.0024083876051, 0.00890780705959, -0.00421780068427, 0.00415402557701, -0.00261636055075, 0.00249089859426], [-0.000931342656258, 0.00224327226169, -0.00148821622133, 0.00202382472344, -0.00225154240616, 0.000539609056432, -0.00244504306465, 0.00242891535163, -0.00421780068427, 0.0121883032843, -0.00501429568976, 0.00538684800267, -0.000935738789849], [0.000887467584107, -0.00202853581868, 0.00150877423584, -0.00212840782478, 0.00119280011859, 8.71911324793e-05, 0.00293002813123, -0.00152994319797, 0.00415402557701, -0.00501429568976, 0.0115248858929, -0.00285978172906, 0.00227647460997], [-0.000578794104513, 0.00150150898844, -0.00140325259417, 0.000780858506914, -0.00033958684071, -4.74944026791e-05, -0.00149640929885, 0.0023189666681, -0.00261636055075, 0.00538684800267, -0.00285978172906, 0.00853300932795, -0.00312215066515], [0.000450183753856, -0.00164263811894, 0.000586076639593, -0.000847819552291, 0.000562105327845, 0.00190741231199, 0.000267940136837, -0.000307958369376, 0.00249089859426, -0.000935738789849, 0.00227647460997, -0.00312215066515, 0.0153394239023]]}, "melbands": {"dmean": [0.000696627190337, 0.000614461896475, 0.000245241477387, 0.000542380148545, 0.000316329067573, 0.000140486590681, 4.08929081459e-05, 1.23798390632e-05, 1.85179233085e-05, 2.6471039746e-05, 2.26425054279e-05, 7.66768243921e-06, 1.78400352979e-06, 3.96059749619e-06, 2.89160880129e-06, 2.01755096896e-06, 2.42331884692e-06, 9.23342304304e-06, 5.73885836275e-06, 2.47007528742e-06, 3.81345898859e-06, 2.18517220674e-06, 2.18053992285e-06, 1.42714736739e-06, 3.80861183658e-06, 2.85904707198e-06, 1.79706751169e-06, 7.7948402577e-07, 3.02330818158e-07, 1.242176495e-07, 1.33028876803e-07, 1.03981783184e-07, 6.60291732402e-08, 2.74079976492e-08, 3.31164606848e-08, 2.25495941919e-08, 1.78187402611e-08, 2.62057735512e-08, 1.3148447664e-08, 1.15392593258e-08], "dmean2": [0.00116293434985, 0.00103780510835, 0.000367779895896, 0.000833360012621, 0.000493577448651, 0.000219564215513, 6.08999180258e-05, 1.72813015524e-05, 2.46233848884e-05, 3.37971650879e-05, 3.05802132061e-05, 1.07145642687e-05, 2.69824295174e-06, 5.71587270315e-06, 3.71382088815e-06, 2.43140675593e-06, 3.03012598124e-06, 9.88181727735e-06, 6.48834657113e-06, 2.99960356642e-06, 5.39298071089e-06, 2.97682390737e-06, 3.02550824927e-06, 2.04862271858e-06, 5.27838392372e-06, 4.03502644986e-06, 2.5241251933e-06, 1.01688465293e-06, 4.54704121466e-07, 1.93234825474e-07, 2.01056835181e-07, 1.65533236895e-07, 1.08407327559e-07, 4.31832916092e-08, 5.49252341386e-08, 3.70406390005e-08, 2.96230542318e-08, 4.48094148453e-08, 2.0766703912e-08, 1.78146368768e-08], "dvar": [4.82909990751e-06, 2.12276245293e-06, 3.71030836277e-07, 2.5662079679e-06, 3.32911127998e-07, 1.19831057077e-07, 1.40217837341e-08, 1.72825853628e-09, 5.15943376911e-09, 1.63316578039e-08, 4.24746060546e-09, 6.08863348628e-10, 4.24826458734e-11, 3.43957307081e-10, 2.41807185386e-10, 8.80317901908e-11, 1.09502698575e-10, 1.31889954513e-09, 4.18422768655e-10, 1.0179049964e-10, 2.5591986863e-10, 9.62508475699e-11, 1.76044345768e-10, 2.69514289358e-11, 1.80355466672e-10, 1.33046962336e-10, 4.8073881681e-11, 5.04991014283e-12, 1.0715536531e-12, 2.0629908914e-13, 3.29319308368e-13, 1.88835289094e-13, 1.08797580591e-13, 1.15018112629e-14, 4.48400743077e-14, 1.15900653197e-14, 1.07705338382e-14, 2.07758513355e-14, 7.19882883366e-15, 5.35673164964e-15], "dvar2": [1.24238922581e-05, 6.36382765151e-06, 7.71005659317e-07, 5.74952537136e-06, 8.50196329338e-07, 2.48164838013e-07, 2.98806241972e-08, 3.45548323288e-09, 9.38728383915e-09, 2.81846759265e-08, 9.40738598132e-09, 1.37530908884e-09, 9.7026969792e-11, 6.6299887802e-10, 4.00222466279e-10, 1.31978858398e-10, 1.63723562485e-10, 1.37147604384e-09, 5.69978675369e-10, 1.42289333094e-10, 5.06861441707e-10, 1.81737666582e-10, 3.66717739508e-10, 6.43444117432e-11, 3.25316856786e-10, 2.39289837944e-10, 1.04203513873e-10, 7.73279183741e-12, 2.49007758857e-12, 5.19324221213e-13, 7.20061109263e-13, 4.88469670528e-13, 2.86760659706e-13, 2.93815129561e-14, 1.19964869744e-13, 3.04809854386e-14, 2.88527644973e-14, 5.47760994278e-14, 1.83652158964e-14, 1.2721361677e-14], "max": [0.0459251776338, 0.0241708159447, 0.0156921129674, 0.0599146299064, 0.0162894278765, 0.0090754404664, 0.00446501094848, 0.00143968244083, 0.00368361454457, 0.00660460582003, 0.00138685968705, 0.000503796851262, 0.000210334881558, 0.000640812853817, 0.000749928702135, 0.000481108028907, 0.000493121042382, 0.00152751582209, 0.00070850213524, 0.000459610047983, 0.000392765185097, 0.000396730261855, 0.000612852221821, 0.000156258232892, 0.000491849204991, 0.000363590370398, 0.000189483660506, 7.17086804798e-05, 1.97692370421e-05, 6.80501852912e-06, 1.64300963661e-05, 5.86421083426e-06, 6.28217867416e-06, 2.2851356789e-06, 3.69823897017e-06, 1.78418781616e-06, 1.85220744697e-06, 2.77853678199e-06, 1.75658658463e-06, 1.816196459e-06], "mean": [0.00362248742022, 0.00235187727958, 0.000627978763077, 0.00142338499427, 0.00126872095279, 0.000602503074333, 0.000175243651029, 4.93833431392e-05, 8.40495922603e-05, 0.000111986155389, 7.57410889491e-05, 2.32002876146e-05, 5.60036005481e-06, 1.02953408714e-05, 6.88595082465e-06, 7.12096925781e-06, 8.6957388703e-06, 4.9225793191e-05, 2.89692416118e-05, 1.0832706721e-05, 1.13071073429e-05, 5.99675149715e-06, 5.85910311202e-06, 4.00028784497e-06, 9.99018629955e-06, 7.64831656852e-06, 4.37896096628e-06, 2.06854906537e-06, 5.96497613969e-07, 2.10669867329e-07, 2.29824962616e-07, 1.58408766993e-07, 7.92443941577e-08, 3.85859202368e-08, 3.41426726891e-08, 2.07798098728e-08, 1.56743809043e-08, 2.35240769086e-08, 1.30127197906e-08, 1.16773062331e-08], "median": [0.00248639541678, 0.00112602009904, 0.000299978157273, 0.000462735188194, 0.000639199046418, 0.000207312317798, 3.2721174648e-05, 1.0255057532e-05, 1.41690788951e-05, 1.59018090926e-05, 2.80699059658e-05, 7.83601990406e-06, 1.07731045773e-06, 1.25089195535e-06, 6.94420066338e-07, 6.90562046657e-07, 9.4715466048e-07, 2.18411582864e-06, 1.9591277578e-06, 1.17842398595e-06, 8.10702431409e-07, 7.39925894777e-07, 6.67791312026e-07, 5.29578016994e-07, 8.534162248e-07, 6.64790206883e-07, 6.27297879419e-07, 3.64857953628e-07, 7.36931511369e-08, 2.14878852489e-08, 2.00562961794e-08, 1.19089262895e-08, 4.16034895423e-09, 1.61081803451e-09, 9.22040832574e-10, 4.79628892158e-10, 1.93682486715e-10, 1.30457755709e-10, 6.22384505045e-11, 2.04033699658e-11], "min": [2.49221149695e-23, 2.82705628771e-23, 1.17170890759e-23, 5.50551468894e-24, 1.07153942873e-23, 3.0399575398e-23, 6.0960405798e-24, 5.7931219365e-24, 4.29250339093e-24, 1.97589335701e-23, 1.24235053391e-23, 1.37816303616e-23, 2.37389845393e-23, 1.47890230925e-23, 9.30670406962e-24, 7.6740830622e-24, 1.19465403142e-23, 1.424251919e-23, 3.1748904227e-24, 6.47986321982e-24, 7.86426717126e-24, 8.99187283779e-24, 8.92239706901e-24, 8.67925751624e-24, 7.78747392872e-24, 9.91168938644e-24, 1.16977272738e-23, 7.87536092217e-24, 8.4933245786e-24, 1.39713056554e-23, 8.66074847282e-24, 1.07862300523e-23, 7.33586525997e-24, 9.55880981543e-24, 6.41417043351e-24, 1.00061878231e-23, 1.29035027452e-23, 1.3197713153e-23, 1.54470766601e-23, 1.26922489502e-23], "var": [1.06072775452e-05, 7.57492125558e-06, 1.10364078409e-06, 1.14629219752e-05, 2.80291169474e-06, 1.14181045774e-06, 2.0947345547e-07, 1.42088518729e-08, 5.60637616331e-08, 1.68442809922e-07, 1.59847850512e-08, 1.65284053111e-09, 2.75340805711e-10, 1.29846344787e-09, 9.80478032098e-10, 5.72146108269e-10, 7.21298409889e-10, 1.83137895959e-08, 4.58162041639e-09, 1.07474185107e-09, 1.10403708398e-09, 4.39327657586e-10, 6.09864381218e-10, 8.5848529674e-11, 6.89304946455e-10, 4.85278150997e-10, 1.57124424582e-10, 2.6261770536e-11, 2.07853656162e-12, 3.23704252422e-13, 6.89461075037e-13, 2.47957443423e-13, 1.0450881561e-13, 1.54820614337e-14, 3.51762720243e-14, 9.47696544992e-15, 8.51969285864e-15, 1.96101036071e-14, 6.97737376367e-15, 5.67671825074e-15]}, "mfcc": {"mean": [-786.204589844, 198.210800171, 3.33504748344, 59.9627761841, 16.0842494965, -3.85581994057, 7.8568687439, 1.99860024452, 6.64730167389, 11.7514028549, -3.44488883018, -13.9445209503, -2.84550476074], "cov": [[10329.9003906, 1432.72302246, -2419.65869141, 1787.53710938, 287.214630127, 7.52295875549, -474.979888916, -623.320556641, -501.235961914, -15.3827733994, -133.543487549, -523.952880859, 85.5246963501], [1432.72302246, 1872.14978027, -35.8150100708, 274.651000977, 230.064346313, -119.508773804, 109.889152527, -74.5660400391, -50.4805679321, 17.0143013, -108.017700195, -79.3283996582, 23.2958774567], [-2419.65869141, -35.8150100708, 1670.77294922, -596.892578125, -44.8098258972, 31.8342914581, 155.842819214, 326.753692627, 184.33392334, -56.2570915222, -15.6522026062, 219.654022217, -41.3527450562], [1787.53710938, 274.651000977, -596.892578125, 597.097900391, 107.165481567, -49.0203971863, -126.394393921, -161.611251831, -95.6394348145, 16.1794166565, -36.9737319946, -126.9036026, 54.3112182617], [287.214630127, 230.064346313, -44.8098258972, 107.165481567, 449.241668701, 66.7751693726, -107.631797791, -155.331634521, -156.682281494, -14.8580646515, -30.3264465332, -63.1481552124, -6.66461038589], [7.52295875549, -119.508773804, 31.8342914581, -49.0203971863, 66.7751693726, 244.804489136, -5.41174030304, -31.2517356873, -23.1423492432, -38.5792732239, 49.3397789001, -2.44185090065, -59.6239280701], [-474.979888916, 109.889152527, 155.842819214, -126.394393921, -107.631797791, -5.41174030304, 251.022750854, 108.824821472, 39.8690910339, -2.43477034569, -15.0348806381, 72.7005844116, 8.54315948486], [-623.320556641, -74.5660400391, 326.753692627, -161.611251831, -155.331634521, -31.2517356873, 108.824821472, 279.199645996, 142.822433472, -66.0592803955, -22.915769577, 88.4164428711, 7.4844250679], [-501.235961914, -50.4805679321, 184.33392334, -95.6394348145, -156.682281494, -23.1423492432, 39.8690910339, 142.822433472, 221.253112793, 52.5193786621, 20.4263038635, 20.4105453491, -34.4898414612], [-15.3827733994, 17.0143013, -56.2570915222, 16.1794166565, -14.8580646515, -38.5792732239, -2.43477034569, -66.0592803955, 52.5193786621, 258.19519043, 97.0331802368, -81.7231445312, -47.3794326782], [-133.543487549, -108.017700195, -15.6522026062, -36.9737319946, -30.3264465332, 49.3397789001, -15.0348806381, -22.915769577, 20.4263038635, 97.0331802368, 206.19883728, 5.29903507233, -134.949935913], [-523.952880859, -79.3283996582, 219.654022217, -126.9036026, -63.1481552124, -2.44185090065, 72.7005844116, 88.4164428711, 20.4105453491, -81.7231445312, 5.29903507233, 186.290176392, 42.166229248], [85.5246963501, 23.2958774567, -41.3527450562, 54.3112182617, -6.66461038589, -59.6239280701, 8.54315948486, 7.4844250679, -34.4898414612, -47.3794326782, -134.949935913, 42.166229248, 232.704315186]], "icov": [[0.000288448412903, -0.000200761365704, 0.000176432222361, -0.000574561709072, 0.000344242929714, -0.000344838073943, 0.000406372069847, -0.000273313140497, 0.000568087561987, -0.000171363353729, 0.000282262539258, 1.78876289283e-05, 0.000204668729566], [-0.000200761365704, 0.000903481093701, -0.000270177988568, -5.8853867813e-05, -0.000761423434597, 0.000726773345377, -0.00115205335896, 0.000563482346479, -0.000769675825723, 0.000350020156475, -9.86892700894e-05, 0.000275606347714, -1.23410291053e-05], [0.000176432222361, -0.000270177988568, 0.00135038723238, 0.000594904122408, -0.000224870615057, -0.000406830018619, 0.000617281009909, -0.00120894738939, 0.000192160194274, -0.000659279467072, 0.000811341917142, -0.00100453873165, 0.000515657302458], [-0.000574561709072, -5.8853867813e-05, 0.000594904122408, 0.00447387201712, -0.000839640910272, 0.00100345723331, 0.000166980724316, 0.00063178059645, -0.00113345880527, 0.000644895771984, -0.000803538132459, 0.000760103343055, -0.00115518807434], [0.000344242929714, -0.000761423434597, -0.000224870615057, -0.000839640910272, 0.00462081842124, -0.00167689437512, 0.00218298914842, 5.67046081414e-05, 0.00336365378462, -0.00106838217471, 0.00176474777982, -0.00012312423496, 0.00105316215195], [-0.000344838073943, 0.000726773345377, -0.000406830018619, 0.00100345723331, -0.00167689437512, 0.00614880491048, -0.00189220358152, 0.00198652315885, -0.00193941709585, 0.00291079701856, -0.00269963894971, 0.00143098470289, -0.000239176049945], [0.000406372069847, -0.00115205335896, 0.000617281009909, 0.000166980724316, 0.00218298914842, -0.00189220358152, 0.0076744700782, -0.00335537851788, 0.00329167023301, -0.0030592919793, 0.00282723666169, -0.00275924918242, 0.00144510343671], [-0.000273313140497, 0.000563482346479, -0.00120894738939, 0.00063178059645, 5.67046081414e-05, 0.00198652315885, -0.00335537851788, 0.0103569542989, -0.00618654396385, 0.00445764465258, -0.00165051443037, 0.0006978494348, -0.00111051090062], [0.000568087561987, -0.000769675825723, 0.000192160194274, -0.00113345880527, 0.00336365378462, -0.00193941709585, 0.00329167023301, -0.00618654396385, 0.0119679654017, -0.00497109629214, 0.00323048047721, -0.00115475256462, 0.00268883747049], [-0.000171363353729, 0.000350020156475, -0.000659279467072, 0.000644895771984, -0.00106838217471, 0.00291079701856, -0.0030592919793, 0.00445764465258, -0.00497109629214, 0.00984981562942, -0.00684759113938, 0.00543227326125, -0.00324228848331], [0.000282262539258, -9.86892700894e-05, 0.000811341917142, -0.000803538132459, 0.00176474777982, -0.00269963894971, 0.00282723666169, -0.00165051443037, 0.00323048047721, -0.00684759113938, 0.0140298493207, -0.00604591658339, 0.00786230992526], [1.78876289283e-05, 0.000275606347714, -0.00100453873165, 0.000760103343055, -0.00012312423496, 0.00143098470289, -0.00275924918242, 0.0006978494348, -0.00115475256462, 0.00543227326125, -0.00604591658339, 0.0116918515414, -0.00463794311509], [0.000204668729566, -1.23410291053e-05, 0.000515657302458, -0.00115518807434, 0.00105316215195, -0.000239176049945, 0.00144510343671, -0.00111051090062, 0.00268883747049, -0.00324228848331, 0.00786230992526, -0.00463794311509, 0.00967439450324]]}, "spectral_contrast_coeffs": {"dmean": [0.035497367382, 0.0352545939386, 0.0332780331373, 0.0306258350611, 0.0290919225663, 0.0367500111461], "dmean2": [0.0574805662036, 0.0571099668741, 0.0518896207213, 0.0464779511094, 0.0438860617578, 0.0616864524782], "dvar": [0.00103440275416, 0.00108137249481, 0.0012476638658, 0.00103318388574, 0.00111410033423, 0.00139453297015], "dvar2": [0.00265925051644, 0.00275161815807, 0.00289240968414, 0.00218659942038, 0.00228512147442, 0.00358487735502], "max": [-0.337733566761, -0.328154921532, -0.400179684162, -0.433246940374, -0.501600980759, -0.526241600513], "mean": [-0.674488902092, -0.623936355114, -0.661215662956, -0.688215970993, -0.6994997859, -0.755537450314], "median": [-0.678364336491, -0.627426207066, -0.659153282642, -0.68702930212, -0.696411788464, -0.761192798615], "min": [-0.975042760372, -0.957896709442, -0.962206244469, -0.963056623936, -0.966657042503, -0.963968336582], "var": [0.00787675566971, 0.0100153498352, 0.00838960055262, 0.00964540988207, 0.00771052250639, 0.007054772228]}, "spectral_contrast_valleys": {"dmean": [0.250364661217, 0.33607468009, 0.382487386465, 0.417870730162, 0.484137028456, 0.628160893917], "dmean2": [0.403716653585, 0.540993392467, 0.588903784752, 0.64062666893, 0.7105281353, 1.03041052818], "dvar": [0.0732234194875, 0.13624446094, 0.205061405897, 0.270665645599,