{"lowlevel": {"average_loudness": 0.923750162125, "barkbands_crest": {"dmean": 3.66126203537, "dmean2": 5.61205196381, "dvar": 8.85072040558, "dvar2": 19.0717868805, "max": 26.3236408234, "mean": 15.1870002747, "median": 14.7045660019, "min": 2.66328930855, "var": 33.6662750244}, "barkbands_flatness_db": {"dmean": 0.0488320477307, "dmean2": 0.0732558742166, "dvar": 0.00269790994935, "dvar2": 0.00529448222369, "max": 0.507066905499, "mean": 0.164725571871, "median": 0.144838780165, "min": 0.0188723616302, "var": 0.00699602812529}, "barkbands_kurtosis": {"dmean": 38.0333366394, "dmean2": 62.0371932983, "dvar": 9458.453125, "dvar2": 24263.0351562, "max": 1192.10009766, "mean": 36.8550491333, "median": 7.68238258362, "min": -1.86455047131, "var": 8820.984375}, "barkbands_skewness": {"dmean": 2.06799077988, "dmean2": 3.2119884491, "dvar": 8.74188709259, "dvar2": 20.831949234, "max": 28.46118927, "mean": 3.85396766663, "median": 2.58741354942, "min": -2.01229524612, "var": 12.9387283325}, "barkbands_spread": {"dmean": 12.1454629898, "dmean2": 19.3969650269, "dvar": 217.791061401, "dvar2": 494.214599609, "max": 103.04510498, "mean": 20.3769893646, "median": 14.8874549866, "min": 0.110954709351, "var": 347.244781494}, "dissonance": {"dmean": 0.0168332550675, "dmean2": 0.0280183702707, "dvar": 0.000295008620014, "dvar2": 0.000792270468082, "max": 0.500000119209, "mean": 0.472956866026, "median": 0.478580772877, "min": 0.322595655918, "var": 0.00048121472355}, "dynamic_complexity": 3.04125475883, "erbbands_crest": {"dmean": 3.21756196022, "dmean2": 5.46281051636, "dvar": 11.4222249985, "dvar2": 27.389383316, "max": 27.0312843323, "mean": 7.61036062241, "median": 6.14552259445, "min": 1.96063494682, "var": 18.7761535645}, "erbbands_flatness_db": {"dmean": 0.0199396442622, "dmean2": 0.0322469584644, "dvar": 0.000567480339669, "dvar2": 0.0013234578073, "max": 0.301877349615, "mean": 0.110217817128, "median": 0.107281848788, "min": 0.0368803478777, "var": 0.00150032935198}, "erbbands_kurtosis": {"dmean": 2.2324681282, "dmean2": 3.82836270332, "dvar": 60.2982025146, "dvar2": 162.507949829, "max": 108.040077209, "mean": 1.08877921104, "median": -0.287731647491, "min": -1.86153376102, "var": 51.2877807617}, "erbbands_skewness": {"dmean": 0.667774498463, "dmean2": 1.06965863705, "dvar": 0.864344000816, "dvar2": 1.97710335255, "max": 9.34529209137, "mean": 0.378724932671, "median": 0.286883085966, "min": -2.98162865639, "var": 1.40354681015}, "erbbands_spread": {"dmean": 15.6346693039, "dmean2": 24.1092987061, "dvar": 288.820617676, "dvar2": 695.724487305, "max": 196.285934448, "mean": 59.3341789246, "median": 52.0782699585, "min": 3.90004205704, "var": 845.824707031}, "hfc": {"dmean": 12.6246891022, "dmean2": 20.0914821625, "dvar": 360.368469238, "dvar2": 871.996887207, "max": 332.395751953, "mean": 19.9999866486, "median": 9.1236333847, "min": 5.24759524723e-09, "var": 626.776916504}, "melbands_crest": {"dmean": 4.37508201599, "dmean2": 6.4402050972, "dvar": 15.7437047958, "dvar2": 30.5189304352, "max": 37.1975708008, "mean": 21.3376674652, "median": 20.6812553406, "min": 3.53909921646, "var": 66.5590591431}, "melbands_flatness_db": {"dmean": 0.0565290078521, "dmean2": 0.0847339779139, "dvar": 0.00343960383907, "dvar2": 0.0069402595982, "max": 0.628542304039, "mean": 0.253092676401, "median": 0.232693403959, "min": 0.0371652804315, "var": 0.009376863949}, "melbands_kurtosis": {"dmean": 78.8568954468, "dmean2": 123.995124817, "dvar": 30320.5, "dvar2": 68416.5390625, "max": 2085.39208984, "mean": 99.6710205078, "median": 27.7525291443, "min": -1.42889225483, "var": 38177.8007812}, "melbands_skewness": {"dmean": 2.49470281601, "dmean2": 3.69585466385, "dvar": 10.3892421722, "dvar2": 19.5937633514, "max": 36.8732681274, "mean": 6.37485027313, "median": 4.43132209778, "min": -0.02814071998, "var": 27.0221424103}, "melbands_spread": {"dmean": 7.45893907547, "dmean2": 11.9182081223, "dvar": 82.201385498, "dvar2": 190.183609009, "max": 207.494903564, "mean": 13.4324970245, "median": 9.90689182281, "min": 0.142449036241, "var": 204.47567749}, "pitch_salience": {"dmean": 0.105293668807, "dmean2": 0.153138309717, "dvar": 0.00794518738985, "dvar2": 0.0143736796454, "max": 0.839425861835, "mean": 0.397023022175, "median": 0.437669098377, "min": 0.0259623732418, "var": 0.0349028781056}, "silence_rate_20dB": {"dmean": 0, "dmean2": 0, "dvar": 0, "dvar2": 0, "max": 1, "mean": 1, "median": 1, "min": 1, "var": 0}, "silence_rate_30dB": {"dmean": 0.109165981412, "dmean2": 0.218349993229, "dvar": 0.0972546711564, "dvar2": 0.259369939566, "max": 1, "mean": 0.935100317001, "median": 1, "min": 0, "var": 0.0606870576739}, "silence_rate_60dB": {"dmean": 0.00726672168821, "dmean2": 0.0145346438512, "dvar": 0.00721450522542, "dvar2": 0.0154818743467, "max": 1, "mean": 0.0447527058423, "median": 0, "min": 0, "var": 0.0427605435252}, "spectral_centroid": {"dmean": 514.659667969, "dmean2": 833.424987793, "dvar": 392774.6875, "dvar2": 957509.3125, "max": 4790.24755859, "mean": 1251.71228027, "median": 1034.75976562, "min": 96.7414321899, "var": 686450.8125}, "spectral_complexity": {"dmean": 4.53691148758, "dmean2": 7.2714509964, "dvar": 30.8220348358, "dvar2": 68.4200515747, "max": 53, "mean": 13.3467922211, "median": 12, "min": 0, "var": 72.0634384155}, "spectral_decrease": {"dmean": 5.33126476299e-09, "dmean2": 8.15711587165e-09, "dvar": 3.50673625397e-17, "dvar2": 9.08960055424e-17, "max": -2.87466149173e-19, "mean": -1.14019318431e-08, "median": -7.81680853379e-09, "min": -3.96325958718e-08, "var": 9.46754533181e-17}, "spectral_energy": {"dmean": 0.0201304964721, "dmean2": 0.0308857467026, "dvar": 0.000493644620292, "dvar2": 0.00128048821352, "max": 0.152067050338, "mean": 0.0448476299644, "median": 0.0320528708398, "min": 1.56093627607e-12, "var": 0.00139480794314}, "spectral_energyband_high": {"dmean": 0.0013035624288, "dmean2": 0.00214565382339, "dvar": 4.77753383166e-06, "dvar2": 1.18325269796e-05, "max": 0.0321194268763, "mean": 0.00158890208695, "median": 0.000257638399489, "min": 3.03312198491e-13, "var": 7.83336327004e-06}, "spectral_energyband_low": {"dmean": 0.0173245240003, "dmean2": 0.0265438016504, "dvar": 0.000459099537693, "dvar2": 0.00117666309234, "max": 0.136249274015, "mean": 0.0322535149753, "median": 0.0148704936728, "min": 3.02536072366e-13, "var": 0.00127064471599}, "spectral_energyband_middle_high": {"dmean": 0.000975006085355, "dmean2": 0.00163361721206, "dvar": 2.83166536974e-06, "dvar2": 7.75605622039e-06, "max": 0.0152348689735, "mean": 0.00171846710145, "median": 0.00120795913972, "min": 5.87920228994e-13, "var": 3.28252281179e-06}, "spectral_energyband_middle_low": {"dmean": 0.0093797231093, "dmean2": 0.0152516355738, "dvar": 0.000461670308141, "dvar2": 0.00114102149382, "max": 0.141088694334, "mean": 0.0106579689309, "median": 0.00424887659028, "min": 3.46579237748e-13, "var": 0.000401849654736}, "spectral_entropy": {"dmean": 0.299680888653, "dmean2": 0.47107681632, "dvar": 0.152485474944, "dvar2": 0.339845538139, "max": 8.88707733154, "mean": 7.84011363983, "median": 7.87232398987, "min": 4.81834220886, "var": 0.312690675259}, "spectral_flux": {"dmean": 0.0398044101894, "dmean2": 0.0603035725653, "dvar": 0.00177626207005, "dvar2": 0.00327733741142, "max": 0.405087083578, "mean": 0.107361219823, "median": 0.089991748333, "min": 1.19909082059e-05, "var": 0.00548409763724}, "spectral_kurtosis": {"dmean": 1.15192615986, "dmean2": 1.84911644459, "dvar": 2.94785165787, "dvar2": 6.89967298508, "max": 34.7104034424, "mean": 2.91645336151, "median": 2.56987380981, "min": -0.862636089325, "var": 7.81634283066}, "spectral_rms": {"dmean": 0.00135305314325, "dmean2": 0.00202316232026, "dvar": 1.56356713887e-06, "dvar2": 3.82169264412e-06, "max": 0.0121802343056, "mean": 0.00595756061375, "median": 0.00559205655009, "min": 3.90238987791e-08, "var": 8.26101677376e-06}, "spectral_rolloff": {"dmean": 663.811340332, "dmean2": 1154.53930664, "dvar": 1658191, "dvar2": 4153490.25, "max": 15590.0390625, "mean": 906.661376953, "median": 387.59765625, "min": 43.06640625, "var": 2339563}, "spectral_skewness": {"dmean": 0.247568711638, "dmean2": 0.392395585775, "dvar": 0.100556716323, "dvar2": 0.22153532505, "max": 4.65999698639, "mean": 1.39865648746, "median": 1.38391411304, "min": 0.190539687872, "var": 0.285413920879}, "spectral_spread": {"dmean": 827591.25, "dmean2": 1251680.625, "dvar": 1068703744000.0, "dvar2": 2167457579010.0, "max": 13719330, "mean": 6397774, "median": 5729168.5, "min": 1795589.375, "var": 3588215537660.0}, "spectral_strongpeak": {"dmean": 0.255675971508, "dmean2": 0.421506971121, "dvar": 0.141823500395, "dvar2": 0.384433597326, "max": 15.0910797119, "mean": 0.507206559181, "median": 0.386263221502, "min": 0, "var": 0.167435675859}, "zerocrossingrate": {"dmean": 0.0168357435614, "dmean2": 0.0211249291897, "dvar": 0.000317429774441, "dvar2": 0.000439319264842, "max": 0.45556640625, "mean": 0.0479574352503, "median": 0.0400390625, "min": 0.001953125, "var": 0.0013234714279}, "barkbands": {"dmean": [0.00175112753641, 0.0145059125498, 0.00345317204483, 0.00387883069925, 0.00630122423172, 0.000372808746761, 0.000393977941712, 0.000480821094243, 0.000256449740846, 0.000249352073297, 0.000206778742722, 0.00015133760462, 0.000115348826512, 0.000116688017442, 0.000136614544317, 8.02552385721e-05, 6.07476031291e-05, 9.35491625569e-05, 8.19910201244e-05, 0.000131958106067, 0.000159556933795, 0.000193296757061, 0.000260084023466, 0.000332852650899, 0.000270542426733, 8.73593453434e-05, 1.68998067238e-05], "dmean2": [0.00216553336941, 0.0210060980171, 0.00561235565692, 0.00686611561105, 0.0109763666987, 0.000596557336394, 0.000633132527582, 0.000807074888144, 0.000439948955318, 0.00042757493793, 0.000353172363248, 0.000261048873654, 0.000196840672288, 0.000200270718778, 0.000250076962402, 0.000129867868964, 0.000103283840872, 0.000159101793543, 0.000136451722938, 0.00023455437622, 0.000261128327111, 0.000314689939842, 0.000434343412053, 0.000551116187125, 0.00045270632836, 0.000138442337629, 2.71124226856e-05], "dvar": [7.68091013015e-06, 0.000365059997421, 8.88431313797e-05, 0.00014715467114, 0.000265945971478, 6.62230263515e-07, 7.28107067971e-07, 1.4134277535e-06, 3.08083286882e-07, 1.54898145865e-07, 1.12624015003e-07, 7.58916698373e-08, 5.25600505341e-08, 5.21575280743e-08, 9.87981678691e-08, 1.3699654744e-08, 1.02208383979e-08, 3.93181203151e-08, 2.7326665375e-08, 5.94286007072e-08, 7.07124812038e-08, 1.016625788e-07, 1.99021599201e-07, 3.20137360177e-07, 4.17049506041e-07, 3.16485468943e-08, 1.73022207672e-09], "dvar2": [1.03489637695e-05, 0.000858824700117, 0.000220648449613, 0.000402974052122, 0.00074717233656, 1.55462782914e-06, 1.73674629877e-06, 3.55853239853e-06, 8.2110045696e-07, 4.26356194794e-07, 3.0738860346e-07, 2.10719775851e-07, 1.4289229e-07, 1.4258603187e-07, 2.9145334679e-07, 3.25316236172e-08, 2.82850169953e-08, 1.06967675606e-07, 7.10262213488e-08, 1.65555007925e-07, 1.76722707579e-07, 2.46529765491e-07, 5.09464030074e-07, 8.10905646631e-07, 1.12297186661e-06, 7.21305539741e-08, 4.23365165148e-09], "max": [0.0215168800205, 0.1263705194, 0.0646135509014, 0.0773734599352, 0.115003831685, 0.0146486777812, 0.0192793663591, 0.0192671567202, 0.0101982103661, 0.00500031886622, 0.00728872977197, 0.00509227206931, 0.00604432495311, 0.00323432125151, 0.00315818586387, 0.00199085846543, 0.00102279067505, 0.00219209957868, 0.00229460629635, 0.00335639575496, 0.00505208363757, 0.00417981203645, 0.00462178653106, 0.00665926514193, 0.0218141805381, 0.00237676687539, 0.000376295793103], "mean": [0.00262287515216, 0.0249731615186, 0.00335757108405, 0.00296643120237, 0.00582793401554, 0.00046989886323, 0.000469005986815, 0.000481164432131, 0.000298614875646, 0.00033893136424, 0.000279052415863, 0.000197057801415, 0.000162995784194, 0.000148926337715, 0.000147815284436, 0.000119530013762, 9.02390092961e-05, 0.000120655720821, 0.000107837149699, 0.000148860315676, 0.00020830341964, 0.000250728946412, 0.000290091760689, 0.000381407531677, 0.000276756676612, 9.61193727562e-05, 1.56627629622e-05], "median": [0.000240262539592, 0.00910431239754, 0.000651724170893, 0.00049636332551, 0.00152090936899, 0.000235933752265, 0.000217093460378, 0.000167497986695, 0.000149043044075, 0.000192683350178, 0.000156768481247, 0.000114496513561, 9.38070224947e-05, 7.93661820353e-05, 7.85039446782e-05, 7.34010973247e-05, 5.64652655157e-05, 5.55371407245e-05, 4.96126631333e-05, 4.81482311443e-05, 5.62980749237e-05, 5.18630658917e-05, 4.32831548096e-05, 3.99950731662e-05, 2.58000745816e-05, 9.7743823062e-06, 8.64936737344e-07], "min": [8.54751924621e-14, 1.5872241401e-13, 7.89324118219e-14, 3.36062761278e-14, 6.22243413479e-14, 4.9467787993e-14, 5.53726477919e-14, 1.02054005708e-13, 2.79626514543e-14, 1.1534906873e-13, 1.01258180985e-13, 1.78757060694e-13, 4.33429503497e-14, 3.86805938638e-15, 6.89574807845e-14, 3.28015914398e-14, 1.54957613445e-14, 7.16201593474e-15, 1.72697431036e-14, 1.44868925883e-14, 1.66547514441e-14, 1.69046837618e-14, 1.40391179381e-14, 1.94321284324e-14, 2.86528342285e-14, 7.96228859755e-14, 1.24706465315e-13], "var": [1.91604049178e-05, 0.000987908919342, 8.1988684542e-05, 9.55837458605e-05, 0.000178584727109, 6.8448980528e-07, 7.30400870452e-07, 1.21351865801e-06, 2.75149830031e-07, 1.89416567764e-07, 1.36398028872e-07, 7.61108793768e-08, 5.39470974559e-08, 4.91373484124e-08, 6.4928833865e-08, 1.90540294653e-08, 1.17823777401e-08, 4.10635792036e-08, 3.52381093194e-08, 7.1675586355e-08, 1.39626749274e-07, 2.11289986396e-07, 2.94811911772e-07, 5.60129365113e-07, 4.11001082057e-07, 4.1513654736e-08, 1.62619695487e-09]}, "erbbands": {"dmean": [0.696589291096, 2.45664906502, 2.9414741993, 9.60420513153, 22.0803470612, 17.9492073059, 4.8800535202, 3.4444899559, 5.38216400146, 10.2962799072, 7.98215913773, 5.24417591095, 7.44690465927, 8.47779369354, 6.181661129, 6.40917158127, 5.33789730072, 5.88122034073, 5.42834377289, 6.48341321945, 3.96133589745, 3.31602668762, 4.63792657852, 4.60253047943, 4.87598371506, 6.40990447998, 5.13743591309, 8.22002792358, 6.30502891541, 6.70455217361, 7.66607904434, 6.55277395248, 5.36819076538, 3.73867225647, 1.52311456203, 0.482576668262, 0.141661688685, 0.0292931050062, 0.00281571340747, 0.000125466365716], "dmean2": [0.863572955132, 3.88010311127, 4.72117567062, 16.6757469177, 38.4298171997, 30.7918357849, 7.71696329117, 5.50898265839, 8.55899906158, 17.0567588806, 13.3696594238, 8.99397754669, 12.6900539398, 14.5814552307, 10.5100984573, 10.9535961151, 9.0495223999, 10.0034399033, 9.75806808472, 11.4945173264, 6.54040241241, 5.61257505417, 7.84955835342, 7.65607595444, 8.3198928833, 11.4032030106, 8.70972919464, 13.4076824188, 10.2545166016, 11.2255964279, 12.5421714783, 10.6108131409, 9.11913871765, 6.30952072144, 2.51890730858, 0.776335954666, 0.222101911902, 0.0460651814938, 0.00454434100538, 0.000203662260901], "dvar": [0.800025105476, 15.0024833679, 42.5519676208, 908.420959473, 4050.24243164, 1632.61425781, 87.7373275757, 60.0194969177, 125.405822754, 879.000488281, 305.845611572, 107.934448242, 172.420410156, 218.921310425, 113.751525879, 127.930412292, 105.376411438, 130.802398682, 144.11706543, 177.245315552, 37.4901123047, 31.9356880188, 100.713912964, 84.9399337769, 108.506752014, 139.954605103, 90.6411514282, 187.449478149, 105.234489441, 137.157043457, 164.801223755, 115.495193481, 93.2618637085, 56.5115966797, 20.3774986267, 0.880447030067, 0.086943089962, 0.00498802401125, 4.50314655609e-05, 7.52101030344e-08], "dvar2": [1.34594678879, 39.3414955139, 102.906539917, 2428.2512207, 11146.265625, 4457.203125, 189.555541992, 141.057617188, 296.003112793, 2177.52856445, 792.734985352, 287.269805908, 466.753601074, 610.395263672, 306.277404785, 350.845611572, 284.448699951, 357.020812988, 416.954193115, 513.605224609, 95.8453445435, 87.3210830688, 276.913238525, 225.053451538, 288.781921387, 387.668457031, 240.585830688, 449.613372803, 251.437698364, 346.223876953, 414.036346436, 287.789764404, 239.619689941, 148.440536499, 56.2251358032, 2.1057612896, 0.193357273936, 0.0119289904833, 0.00010962048691, 1.87988021594e-07], "max": [6.99814891815, 31.2087783813, 54.4308929443, 200.454772949, 475.810302734, 357.152374268, 234.978973389, 137.369598389, 254.759262085, 547.921203613, 310.875732422, 166.218307495, 253.778747559, 354.603118896, 188.135681152, 227.415679932, 261.183013916, 137.814865112, 134.136123657, 130.484558105, 83.2004013062, 59.6696853638, 120.974014282, 129.115478516, 172.811172485, 166.764450073, 231.220581055, 120.659431458, 149.411849976, 229.232666016, 141.449142456, 138.283538818, 111.511451721, 195.211669922, 174.408218384, 20.6755084991, 2.890645504, 0.463360965252, 0.0699463561177, 0.00313556450419], "mean": [1.12296581268, 3.95596528053, 4.02232217789, 7.77462053299, 18.9900379181, 17.3682155609, 5.83589363098, 4.34383535385, 6.73488283157, 10.2118520737, 8.94334697723, 6.41389989853, 9.74217224121, 11.8446855545, 8.98512935638, 8.7754278183, 7.89061927795, 7.93331813812, 6.64513301849, 7.827896595, 6.14355993271, 5.11269283295, 6.10042715073, 6.12217712402, 6.28918123245, 7.0954246521, 6.83145236969, 9.67968845367, 8.21379089355, 8.5324716568, 8.76742267609, 8.10626411438, 5.73354625702, 3.78116512299, 1.57181620598, 0.538347005844, 0.15374840796, 0.0288127660751, 0.00266475277022, 0.000160695431987], "median": [0.368366420269, 1.41028738022, 1.14445650578, 1.60409009457, 3.65383386612, 4.70817661285, 2.03300833702, 2.18850755692, 3.23565673828, 3.51972484589, 3.76087546349, 3.45926141739, 5.45694160461, 6.11936235428, 5.45234107971, 5.21894836426, 4.76102304459, 4.34601783752, 3.75680828094, 4.4789686203, 3.94802713394, 3.23184871674, 3.06376051903, 2.79329013824, 2.44809961319, 2.23136997223, 2.13797831535, 2.2658932209, 1.8749319315, 1.43672907352, 1.21633434296, 0.920652508736, 0.598037838936, 0.341964513063, 0.157880678773, 0.0595170557499, 0.0146793341264, 0.00224176608026, 0.000165068340721, 6.5963693487e-05], "min": [5.5185855885e-12, 3.25949128799e-11, 8.84688919345e-11, 1.12529208174e-10, 1.07731878973e-10, 2.2583196424e-10, 4.52261755823e-10, 3.57246204841e-10, 5.40872957533e-10, 1.52333745618e-09, 2.1025869934e-09, 6.60667132113e-10, 1.8760244469e-09, 4.73827732606e-09, 4.80853312723e-09, 6.98771707164e-09, 2.51575205112e-09, 4.12256839777e-10, 2.40001685192e-09, 2.86753820689e-09, 1.80995340937e-09, 7.40794370291e-10, 4.39578151656e-10, 5.83239734286e-10, 1.04145359003e-09, 6.0964555626e-10, 5.23652066153e-10, 6.97474800138e-10, 6.88775314561e-10, 4.26515961438e-10, 4.73436567727e-10, 2.77364742285e-10, 4.14890455325e-10, 2.96895730223e-10, 2.17965506755e-10, 1.49892723234e-10, 1.93494373302e-10, 8.27241747325e-11, 2.00603630929e-11, 1.45235418744e-12], "var": [2.44452500343, 31.6565647125, 60.96326828, 630.95135498, 2785.28588867, 1269.83764648, 127.247695923, 61.5345230103, 135.034332275, 736.478881836, 284.599029541, 99.612663269, 189.144058228, 290.699951172, 126.741073608, 138.359512329, 114.905212402, 127.112800598, 105.736457825, 130.864074707, 49.4194793701, 37.3181533813, 93.172164917, 107.14781189, 143.08770752, 172.5677948, 180.225967407, 255.354324341, 211.884109497, 306.970428467, 271.2371521, 240.938201904, 135.771224976, 64.7435150146, 17.2186489105, 1.23484456539, 0.109336443245, 0.00500962045044, 4.29926185461e-05, 8.18504801714e-08]}, "gfcc": {"mean": [-9.00647830963, 72.7093582153, -80.8104553223, 41.8015480042, -50.7249565125, 31.46342659, -30.2213535309, 12.6238889694, -20.907491684, 3.80950331688, -14.6778106689, 3.15070033073, -7.72130537033], "cov": [[10892.1933594, -1875.92199707, 142.990142822, 601.680908203, -592.610900879, 430.082946777, -170.175613403, 266.923919678, -97.7796325684, 171.971878052, -77.6987762451, 79.1422729492, -77.835723877], [-1875.92199707, 1429.79833984, -406.901306152, -291.454620361, 97.0946121216, -264.259124756, -93.2268676758, -166.214508057, -58.5443687439, -192.821731567, -55.1751289368, -110.420913696, -6.693795681], [142.990142822, -406.901306152, 685.214233398, 242.747955322, 76.7626419067, 140.310821533, 138.82119751, 102.394851685, 130.462661743, 82.8637771606, 98.3728103638, 30.4051685333, 63.5450553894], [601.680908203, -291.454620361, 242.747955322, 355.617492676, 45.8434333801, 142.905349731, 113.381721497, 46.4544792175, 51.7770652771, 37.9030265808, 51.6852722168, -6.56870031357, 18.2289848328], [-592.610900879, 97.0946121216, 76.7626419067, 45.8434333801, 255.379684448, 92.8409042358, 106.148300171, 28.1841869354, 69.0738372803, 4.45730876923, 43.7480506897, 4.09501791, 22.2312221527], [430.082946777, -264.259124756, 140.310821533, 142.905349731, 92.8409042358, 235.581253052, 136.352127075, 92.8384399414, 79.9633483887, 72.3453445435, 52.8928985596, 24.5611667633, 29.412071228], [-170.175613403, -93.2268676758, 138.82119751, 113.381721497, 106.148300171, 136.352127075, 183.462051392, 78.2878799438, 90.3765792847, 62.1622695923, 73.5084915161, 19.6946125031, 43.5471458435], [266.923919678, -166.214508057, 102.394851685, 46.4544792175, 28.1841869354, 92.8384399414, 78.2878799438, 137.728408813, 94.7417297363, 58.6452140808, 50.5462112427, 33.4714660645, 26.5841789246], [-97.7796325684, -58.5443687439, 130.462661743, 51.7770652771, 69.0738372803, 79.9633483887, 90.3765792847, 94.7417297363, 143.577667236, 86.1696243286, 73.1606292725, 31.3554420471, 37.5698432922], [171.971878052, -192.821731567, 82.8637771606, 37.9030265808, 4.45730876923, 72.3453445435, 62.1622695923, 58.6452140808, 86.1696243286, 127.805473328, 69.4782028198, 46.7340583801, 29.0498580933], [-77.6987762451, -55.1751289368, 98.3728103638, 51.6852722168, 43.7480506897, 52.8928985596, 73.5084915161, 50.5462112427, 73.1606292725, 69.4782028198, 95.5155944824, 45.1502494812, 44.4125785828], [79.1422729492, -110.420913696, 30.4051685333, -6.56870031357, 4.09501791, 24.5611667633, 19.6946125031, 33.4714660645, 31.3554420471, 46.7340583801, 45.1502494812, 67.680015564, 36.7058677673], [-77.835723877, -6.693795681, 63.5450553894, 18.2289848328, 22.2312221527, 29.412071228, 43.5471458435, 26.5841789246, 37.5698432922, 29.0498580933, 44.4125785828, 36.7058677673, 62.0945396423]], "icov": [[0.00018152409757, 5.25413415744e-05, 7.22468394088e-05, -0.000342062674463, 0.000316467223456, -0.00044035067549, 0.000555249629542, -0.000483049545437, 0.000315889337799, -0.000177217807504, 0.000140997304698, -0.000106510568003, 2.62687390205e-05], [5.25413415744e-05, 0.00235013477504, 0.00113980914466, 0.00114719860721, -0.000503465067595, 0.00111034978181, -0.000135142501676, 0.00197165785357, -0.00296039902605, 0.00347508233972, -0.00278251152486, 0.00435528764501, -0.00269799050875], [7.22468394088e-05, 0.00113980914466, 0.00285464827903, -0.000834485224914, -0.000190295584616, 0.000479970069136, 0.00018329800514, 0.000449293438578, -0.0023755361326, 0.00167384953238, -0.00170641252771, 0.00240798830055, -0.00249175261706], [-0.000342062674463, 0.00114719860721, -0.000834485224914, 0.00636667245999, 0.000119692529552, -0.00114282569848, -0.00242205290124, 0.00311935390346, -0.00193804199807, 0.00329599995166, -0.00425296789035, 0.00455181254074, -0.000476781424368], [0.000316467223456, -0.000503465067595, -0.000190295584616, 0.000119692529552, 0.00782108958811, -0.00370005820878, -0.00205969973467, 0.00236886902712, -0.00388611061499, 0.00427403161302, -0.00126534677111, -0.00253586075269, 0.00264057470486], [-0.00044035067549, 0.00111034978181, 0.000479970069136, -0.00114282569848, -0.00370005820878, 0.0126111330464, -0.0058332872577, -0.00243264390156, 0.000658934295643, -0.00268240622245, 0.00256029772572, 0.00143078935798, -0.00192512827925], [0.000555249629542, -0.000135142501676, 0.00018329800514, -0.00242205290124, -0.00205969973467, -0.0058332872577, 0.0173699446023, -0.00454287370667, 0.00136321154423, -0.00246450584382, -0.00469108903781, 0.00507556740195, -0.00484822876751], [-0.000483049545437, 0.00197165785357, 0.000449293438578, 0.00311935390346, 0.00236886902712, -0.00243264390156, -0.00454287370667, 0.0213550329208, -0.0157769471407, 0.00880162697285, -0.00284478464164, -0.00222318246961, 0.00135592010338], [0.000315889337799, -0.00296039902605, -0.0023755361326, -0.00193804199807, -0.00388611061499, 0.000658934295643, 0.00136321154423, -0.0157769471407, 0.0301102716476, -0.0169530585408, -0.000198483874556, 0.00158062111586, -0.00112470868044], [-0.000177217807504, 0.00347508233972, 0.00167384953238, 0.00329599995166, 0.00427403161302, -0.00268240622245, -0.00246450584382, 0.00880162697285, -0.0169530585408, 0.0282491352409, -0.0126113267615, -0.00203774590045, 0.0024386276491], [0.000140997304698, -0.00278251152486, -0.00170641252771, -0.00425296789035, -0.00126534677111, 0.00256029772572, -0.00469108903781, -0.00284478464164, -0.000198483874556, -0.0126113267615, 0.0356630273163, -0.0153715908527, -0.00378130562603], [-0.000106510568003, 0.00435528764501, 0.00240798830055, 0.00455181254074, -0.00253586075269, 0.00143078935798, 0.00507556740195, -0.00222318246961, 0.00158062111586, -0.00203774590045, -0.0153715908527, 0.0423298180103, -0.0198730509728], [2.62687390205e-05, -0.00269799050875, -0.00249175261706, -0.000476781424368, 0.00264057470486, -0.00192512827925, -0.00484822876751, 0.00135592010338, -0.00112470868044, 0.0024386276491, -0.00378130562603, -0.0198730509728, 0.0353142544627]]}, "melbands": {"dmean": [0.00486474717036, 0.00185608235188, 0.00182335346472, 0.00158003985416, 0.000272591569228, 7.93051585788e-05, 8.31844881759e-05, 0.000114608737931, 6.52847375022e-05, 3.14089375024e-05, 3.70904381271e-05, 3.36067896569e-05, 2.32935544773e-05, 1.80867300514e-05, 1.4596004803e-05, 1.07316645881e-05, 1.16361370601e-05, 8.26564610179e-06, 1.14546564873e-05, 7.005538464e-06, 4.48385526397e-06, 3.57831595466e-06, 3.82827329304e-06, 4.43111912318e-06, 3.79555945074e-06, 3.12107954414e-06, 4.43223643742e-06, 4.26887618232e-06, 3.23944527736e-06, 3.44374120687e-06, 5.42795896763e-06, 3.49241531694e-06, 3.93309710489e-06, 4.12273766415e-06, 4.96573375131e-06, 3.94008065996e-06, 4.00813314627e-06, 4.06978233514e-06, 3.58351462637e-06, 3.04917557514e-06], "dmean2": [0.00658382335678, 0.00313031114638, 0.00297114741988, 0.00276835728437, 0.0004341568565, 0.000126789178466, 0.000132139059133, 0.000190177757759, 0.000110427114123, 5.3777021094e-05, 6.33092931821e-05, 5.79501465836e-05, 3.97528856411e-05, 3.08998460241e-05, 2.47718216997e-05, 1.82647127076e-05, 1.98956713575e-05, 1.47708924487e-05, 2.08629644476e-05, 1.17045119623e-05, 7.54286520532e-06, 6.18599324298e-06, 6.45017780698e-06, 7.50681783757e-06, 6.33338368061e-06, 5.16406635143e-06, 7.76999058871e-06, 7.64916239859e-06, 5.5832315411e-06, 5.6993162616e-06, 8.80315383256e-06, 5.66490871279e-06, 6.44393685434e-06, 7.06053242538e-06, 8.22087713459e-06, 6.41333735985e-06, 6.51406844554e-06, 6.97527366356e-06, 6.12764733887e-06, 5.11336384079e-06], "dvar": [3.7098852772e-05, 1.0250680134e-05, 2.56117837125e-05, 1.82215735549e-05, 2.98406888533e-07, 3.39308456887e-08, 2.98121776154e-08, 1.11318399831e-07, 2.56621088823e-08, 3.45080275466e-09, 4.30859081746e-09, 3.43992412333e-09, 1.38862576993e-09, 1.17527199084e-09, 5.72317526704e-10, 5.20493426137e-10, 4.960441502e-10, 3.19239773505e-10, 6.81636025401e-10, 1.2176343267e-10, 5.23298765431e-11, 3.89239369902e-11, 5.7006750015e-11, 8.51979042871e-11, 5.66635557919e-11, 4.16490314459e-11, 8.41210989755e-11, 6.08569791782e-11, 3.26612660528e-11, 4.9802720975e-11, 8.80303815953e-11, 3.24883141223e-11, 4.82027161242e-11, 5.45472174374e-11, 7.68782398852e-11, 3.91956710144e-11, 4.63167559861e-11, 5.89438359233e-11, 4.71376028488e-11, 4.36815340843e-11], "dvar2": [7.61529663578e-05, 2.72038105322e-05, 6.31820221315e-05, 5.093879372e-05, 6.65643767661e-07, 7.94878047827e-08, 7.0760201254e-08, 2.76986952485e-07, 6.74890614505e-08, 9.24488485765e-09, 1.16677263406e-08, 9.61220170126e-09, 3.76200581798e-09, 3.20262238951e-09, 1.56389490247e-09, 1.42811362736e-09, 1.35185040939e-09, 9.12589059876e-10, 2.00920791116e-09, 3.08420289308e-10, 1.39324218829e-10, 1.07442457709e-10, 1.55975829474e-10, 2.28716198758e-10, 1.49951384643e-10, 1.05962454089e-10, 2.30970104154e-10, 1.69846928189e-10, 8.60452264995e-11, 1.35868524764e-10, 2.11262146665e-10, 7.72657493542e-11, 1.21335760883e-10, 1.4177406471e-10, 1.95515340029e-10, 1.01123318053e-10, 1.14841240684e-10, 1.52319615254e-10, 1.22672663694e-10, 1.15708914672e-10], "max": [0.0447337701917, 0.0253448020667, 0.0320712774992, 0.030006216839, 0.0128159280866, 0.00347801484168, 0.00338165555149, 0.00605879863724, 0.00313539872877, 0.00086395314429, 0.00125589990057, 0.00136517197825, 0.00068406527862, 0.000704071600921, 0.000422706827521, 0.000521933659911, 0.000282588094706, 0.000275556900306, 0.000264600443188, 0.000156363632414, 8.40120119392e-05, 6.27486224403e-05, 8.29824784887e-05, 0.000128461324493, 0.000114478061732, 8.96361088962e-05, 0.000140143863973, 0.000100464108982, 0.000114270980703, 0.000180705857929, 6.91672976245e-05, 8.7910273578e-05, 0.000105166473077, 0.000123550664284, 9.26772045204e-05, 6.76185809425e-05, 0.000104708036815, 0.000100100129202, 9.7956006357e-05, 0.000203483039513], "mean": [0.00827845558524, 0.00314853992313, 0.00168214796577, 0.00142026331741, 0.000310778006678, 9.83779900707e-05, 0.000103768863482, 0.000112101814011, 7.26493017282e-05, 3.84651248169e-05, 4.76580025861e-05, 4.64224940515e-05, 3.26833069266e-05, 2.34354629356e-05, 2.09541431104e-05, 1.48255539898e-05, 1.50105352077e-05, 9.84841153695e-06, 1.20669319585e-05, 9.37778895604e-06, 6.66823279971e-06, 5.22027403349e-06, 5.20030107509e-06, 5.72858243686e-06, 4.87932493343e-06, 4.00348926632e-06, 5.25496079717e-06, 4.47295087724e-06, 3.95128563468e-06, 4.77004505228e-06, 5.94051698499e-06, 4.38941242464e-06, 5.00592159369e-06, 4.8181505008e-06, 5.38541962669e-06, 4.68865164294e-06, 4.94710457133e-06, 4.22524544774e-06, 3.57605813406e-06, 3.06930814986e-06], "median": [0.00302475038916, 0.00127850682475, 0.000364120845916, 0.000352836679667, 9.51076726778e-05, 4.71158855362e-05, 5.02091133967e-05, 3.72487083951e-05, 2.92902986985e-05, 2.11549577216e-05, 2.58712188952e-05, 2.30839668802e-05, 1.94155745703e-05, 1.37017641464e-05, 1.27074536067e-05, 8.11233894638e-06, 7.8547927842e-06, 5.29697490492e-06, 6.10565439274e-06, 5.34240371053e-06, 4.14318128605e-06, 3.21897300637e-06, 3.06644096781e-06, 2.42875330514e-06, 2.21202776629e-06, 1.72964223566e-06, 1.62439675933e-06, 1.40858685427e-06, 1.37399888445e-06, 1.20041011087e-06, 1.30153523514e-06, 1.07218784251e-06, 8.86716406967e-07, 7.84038945767e-07, 7.36844924631e-07, 5.96325321567e-07, 5.56069551294e-07, 4.49408844361e-07, 3.29238162067e-07, 2.83091964093e-07], "min": [5.08338149677e-14, 4.64115880873e-14, 1.93812251404e-14, 1.08858692324e-14, 1.52687209393e-14, 8.27464792107e-15, 9.06995256623e-15, 1.84733853919e-14, 1.59527881356e-14, 3.18657521702e-15, 9.79997129996e-15, 1.9452711333e-14, 1.44932690523e-14, 1.95009363068e-14, 1.36530411678e-14, 2.46600725341e-15, 3.40083145987e-16, 3.04405175925e-15, 5.11525187374e-15, 2.60928224116e-15, 2.16041343615e-15, 9.0080810446e-16, 3.44518501667e-16, 3.48678148122e-16, 4.6456379613e-16, 7.08876314903e-16, 7.35786022242e-16, 3.32382901813e-16, 2.5376350064e-16, 4.02084660707e-16, 3.95144708012e-16, 4.40675190617e-16, 2.62473805135e-16, 1.96626734365e-16, 2.92052645639e-16, 2.05304335446e-16, 1.64609338945e-16, 2.31639529454e-16, 4.26930307572e-16, 1.7644391123e-16], "var": [0.000112576839456, 2.13763432839e-05, 2.13975090446e-05, 1.20830845844e-05, 4.06453438018e-07, 3.46621078506e-08, 3.17342063738e-08, 9.2634003579e-08, 2.2779156339e-08, 3.25822080427e-09, 4.72256944661e-09, 4.64521399124e-09, 1.6577826889e-09, 1.13766962517e-09, 7.2471428858e-10, 4.9182308226e-10, 4.81429618393e-10, 2.46718118158e-10, 4.53280718515e-10, 1.35165642567e-10, 6.50229592392e-11, 4.19276557917e-11, 5.35591744566e-11, 1.01216111881e-10, 7.02832236854e-11, 5.14125131357e-11, 1.19210155636e-10, 6.77884415268e-11, 4.71693413495e-11, 1.29439833851e-10, 1.00124290803e-10, 6.32608479489e-11, 9.6772617697e-11, 9.79990047445e-11, 1.10469550174e-10, 6.98127805565e-11, 1.00090290223e-10, 8.33201077577e-11, 5.40556835404e-11, 4.69855994389e-11]}, "mfcc": {"mean": [-657.385620117, 102.438362122, 30.4545860291, 21.8874130249, 13.3435773849, 17.5622158051, 8.81952857971, 11.2955036163, 5.59802484512, 4.15630912781, 0.588126301765, 1.68612742424, 0.441239655018], "cov": [[6468.66601562, -684.945495605, 244.420578003, -68.6852111816, -101.883422852, -35.2138328552, 33.2591323853, -3.60041117668, -25.1985416412, 23.3378925323, -8.12642860413, 0.637759327888, 12.8887376785], [-684.945495605, 1333.0456543, -377.930419922, -67.6935501099, -3.11381220818, -116.471420288, -123.101776123, -41.8516578674, -70.27684021, -85.1131515503, -80.8281173706, -97.1872940063, -81.1708526611], [244.420578003, -377.930419922, 570.882385254, 148.307235718, 62.9100952148, 80.1852416992, 81.1890716553, 52.2528762817, 75.5085830688, 80.322479248, 63.5206184387, 75.2554931641, 63.2209739685], [-68.6852111816, -67.6935501099, 148.307235718, 185.629516602, 48.0186004639, 57.7894630432, 46.6522827148, 25.4681873322, 13.3885822296, 20.9036846161, 14.9488630295, 18.3176670074, 8.47926712036], [-101.883422852, -3.11381220818, 62.9100952148, 48.0186004639, 146.290878296, 66.368309021, 46.7908973694, 62.3824920654, 40.1229972839, 37.0236053467, 31.7796173096, 16.9056243896, 22.6198959351], [-35.2138328552, -116.471420288, 80.1852416992, 57.7894630432, 66.368309021, 171.942337036, 103.911094666, 42.9386520386, 57.9938583374, 40.4567985535, 39.6219100952, 50.9028549194, 31.8279342651], [33.2591323853, -123.101776123, 81.1890716553, 46.6522827148, 46.7908973694, 103.911094666, 130.898651123, 70.6644744873, 50.2268371582, 49.752281189, 30.8139648438, 35.9728546143, 32.4185066223], [-3.60041117668, -41.8516578674, 52.2528762817, 25.4681873322, 62.3824920654, 42.9386520386, 70.6644744873, 108.265304565, 58.0252685547, 48.3302230835, 33.5208702087, 17.8637313843, 26.1011428833], [-25.1985416412, -70.27684021, 75.5085830688, 13.3885822296, 40.1229972839, 57.9938583374, 50.2268371582, 58.0252685547, 93.4964294434, 62.2388725281, 47.7131919861, 51.2694969177, 36.4203224182], [23.3378925323, -85.1131515503, 80.322479248, 20.9036846161, 37.0236053467, 40.4567985535, 49.752281189, 48.3302230835, 62.2388725281, 88.610496521, 55.0926780701, 47.7819061279, 40.4062805176], [-8.12642860413, -80.8281173706, 63.5206184387, 14.9488630295, 31.7796173096, 39.6219100952, 30.8139648438, 33.5208702087, 47.7131919861, 55.0926780701, 77.6919250488, 58.6516532898, 41.1496238708], [0.637759327888, -97.1872940063, 75.2554931641, 18.3176670074, 16.9056243896, 50.9028549194, 35.9728546143, 17.8637313843, 51.2694969177, 47.7819061279, 58.6516532898, 89.1481552124, 55.1135482788], [12.8887376785, -81.1708526611, 63.2209739685, 8.47926712036, 22.6198959351, 31.8279342651, 32.4185066223, 26.1011428833, 36.4203224182, 40.4062805176, 41.1496238708, 55.1135482788, 68.4348602295]], "icov": [[0.000170233324752, 7.80243426561e-05, -7.94007501099e-05, 0.00013301744184, 0.000103492835478, 1.75492514245e-05, -2.69595893769e-05, -8.85173649294e-05, 0.00018250469293, -0.000117259245599, 8.62907982082e-05, -4.33586728832e-06, 4.52286149084e-05], [7.80243426561e-05, 0.0010627231095, 0.000597005069721, -0.000194578591618, -0.000454481953057, 0.000271515105851, 0.000607271445915, -0.000208364828723, -0.00020251054957, 3.35424920195e-05, 0.000489303900395, -8.50288688525e-06, 0.000334735377692], [-7.94007501099e-05, 0.000597005069721, 0.00305737601593, -0.00215509580448, -0.000491461483762, 0.000697660667356, -0.000286274502287, 0.000708009698428, -0.001502759289, -0.000466803292511, 5.56675440748e-05, -0.000133838082547, -0.00098112388514], [0.00013301744184, -0.000194578591618, -0.00215509580448, 0.00810123980045, -0.00124614872038, -0.00169102731161, -0.000632882351056, -0.00100806821138, 0.00325659755617, -0.000873624172527, 0.000786739110481, -0.00177723844536, 0.00235485401936], [0.000103492835478, -0.000454481953057, -0.000491461483762, -0.00124614872038, 0.0116297956556, -0.00491987075657, 0.0035279376898, -0.00617282418534, 0.00122647162061, -0.00143439846579, -0.0018006892642, 0.00310546229593, -0.00204692129046], [1.75492514245e-05, 0.000271515105851, 0.000697660667356, -0.00169102731161, -0.00491987075657, 0.0165659319609, -0.0133116757497, 0.00742938788608, -0.00706541724503, 0.00512680504471, -0.00248569902033, -0.00265332101844, 0.00164230214432], [-2.69595893769e-05, 0.000607271445915, -0.000286274502287, -0.000632882351056, 0.0035279376898, -0.0133116757497, 0.0254749450833, -0.0140427406877, 0.00599277159199, -0.00722865434363, 0.00620297435671, -0.00225344137289, -0.00145498896018], [-8.85173649294e-05, -0.000208364828723, 0.000708009698428, -0.00100806821138, -0.00617282418534, 0.00742938788608, -0.0140427406877, 0.0263691134751, -0.0132842855528, 0.00165623077191, -0.00610172282904, 0.00971006788313, -0.00363871944137], [0.00018250469293, -0.00020251054957, -0.001502759289, 0.00325659755617, 0.00122647162061, -0.00706541724503, 0.00599277159199, -0.0132842855528, 0.0321849249303, -0.0131072048098, 0.00295590772294, -0.0113517586142, 0.00379374856129], [-0.000117259245599, 3.35424920195e-05, -0.000466803292511, -0.000873624172527, -0.00143439846579, 0.00512680504471, -0.00722865434363, 0.00165623077191, -0.0131072048098, 0.0313148573041, -0.0131660588086, 0.00251555046998, -0.0041393279098], [8.62907982082e-05, 0.000489303900395, 5.56675440748e-05, 0.000786739110481, -0.0018006892642, -0.00248569902033, 0.00620297435671, -0.00610172282904, 0.00295590772294, -0.0131660588086, 0.0361846238375, -0.0179013162851, 0.000414836307755], [-4.33586728832e-06, -8.50288688525e-06, -0.000133838082547, -0.00177723844536, 0.00310546229593, -0.00265332101844, -0.00225344137289, 0.00971006788313, -0.0113517586142, 0.00251555046998, -0.0179013162851, 0.0405418798327, -0.0194239206612], [4.52286149084e-05, 0.000334735377692, -0.00098112388514, 0.00235485401936, -0.00204692129046, 0.00164230214432, -0.00145498896018, -0.00363871944137, 0.00379374856129, -0.0041393279098, 0.000414836307755, -0.0194239206612, 0.0334238633513]]}, "spectral_contrast_coeffs": {"dmean": [0.0668737664819, 0.049149941653, 0.0357010774314, 0.0249340683222, 0.0199504103512, 0.0160256568342], "dmean2": [0.105570599437, 0.0801995322108, 0.0604921653867, 0.0418943427503, 0.0328442640603, 0.0257523097098], "dvar": [0.00341143785045, 0.00165596813895, 0.000819117354695, 0.000397536001401, 0.000355966330972, 0.000196672219317], "dvar2": [0.00717426696792, 0.00422996794805, 0.00230140169151, 0.00108323583845, 0.000890802941285, 0.000467643985758], "max": [-0.305464804173, -0.522299408913, -0.615541517735, -0.667556881905, -0.687547206879, -0.700883746147], "mean": [-0.654643416405, -0.786254823208, -0.817932903767, -0.826234579086, -0.827167332172, -0.79695892334], "median": [-0.668565034866, -0.793370604515, -0.821501016617, -0.828930854797, -0.830978393555, -0.791191697121], "min": [-0.962310314178, -0.973073542118, -0.964016973972, -0.940264582634, -0.947487235069, -0.933797359467], "var": [0.0110534708947, 0.00362187600695, 0.00209841993637, 0.00121501425747, 0.000962184858508, 0.000919146055821]}, "spectral_contrast_valleys": {"dmean": [0.375922262669, 0.424225151539, 0.384245574474, 0.356622725725, 0.367309629917, 0.512901961803], "dmean2": [0.625050783157, 0.654323875904, 0.610901892185, 0.571307599545, 0.573458790779, 0.750747859478], "dvar": [0.0979332402349, 0.126933097839, 0.13118712604, 0.151902392507, 0.198816761374, 0.411863595247], "dvar2": [0.249088421464, 0.275374382734, 0.303148120642, 0.346765488386, 0.434503048658, 0.864297747612], "max": [-5.33177042007, -5.25339317322, -5.47710943222, -5.80595636368, -5.79734516144, -7.43051815033], "mean": [-6.9784040451, -7.06233787537, -7.40179920197, -7.83670568466, -7.77101182938, -9.64699745178], "me