{"lowlevel": {"average_loudness": 0.949447333813, "barkbands_crest": {"dmean": 2.18155169487, "dmean2": 3.52793478966, "dvar": 6.19386291504, "dvar2": 15.3063335419, "max": 26.0754070282, "mean": 14.5498180389, "median": 14.5897045135, "min": 4.90490865707, "var": 17.9536323547}, "barkbands_flatness_db": {"dmean": 0.0283391233534, "dmean2": 0.0417260602117, "dvar": 0.00100014405325, "dvar2": 0.00216382066719, "max": 0.610106170177, "mean": 0.273217827082, "median": 0.276676982641, "min": 0.0521900504827, "var": 0.00495850527659}, "barkbands_kurtosis": {"dmean": 8.60702133179, "dmean2": 13.1254119873, "dvar": 196.400588989, "dvar2": 426.778594971, "max": 243.398468018, "mean": 17.5166072845, "median": 10.6406936646, "min": -1.62569725513, "var": 459.532958984}, "barkbands_skewness": {"dmean": 0.785845041275, "dmean2": 1.15337002277, "dvar": 0.7684071064, "dvar2": 1.61897492409, "max": 13.3095531464, "mean": 2.70947265625, "median": 2.43594431877, "min": -2.30167651176, "var": 2.74946546555}, "barkbands_spread": {"dmean": 2.36861109734, "dmean2": 3.79246282578, "dvar": 20.9707221985, "dvar2": 51.6866111755, "max": 69.5486984253, "mean": 6.39216566086, "median": 5.02752542496, "min": 0.24996522069, "var": 32.0134963989}, "dissonance": {"dmean": 0.0472518764436, "dmean2": 0.0788868144155, "dvar": 0.00173769239336, "dvar2": 0.00442402157933, "max": 0.499932795763, "mean": 0.36826428771, "median": 0.375812709332, "min": 0.0984916687012, "var": 0.00511074671522}, "dynamic_complexity": 3.20384883881, "erbbands_crest": {"dmean": 2.74033927917, "dmean2": 4.20447635651, "dvar": 7.60312128067, "dvar2": 17.6261940002, "max": 30.7845859528, "mean": 15.6776866913, "median": 15.0661725998, "min": 2.80785894394, "var": 37.6804466248}, "erbbands_flatness_db": {"dmean": 0.0212369915098, "dmean2": 0.029578667134, "dvar": 0.000447629310656, "dvar2": 0.000890130351763, "max": 0.424497038126, "mean": 0.209799587727, "median": 0.209678217769, "min": 0.0747070387006, "var": 0.0028576774057}, "erbbands_kurtosis": {"dmean": 3.34909939766, "dmean2": 5.05842924118, "dvar": 19.062538147, "dvar2": 38.0183258057, "max": 89.1878509521, "mean": 8.07033348083, "median": 6.41460418701, "min": -1.8577696085, "var": 63.7001914978}, "erbbands_skewness": {"dmean": 0.510202646255, "dmean2": 0.762363672256, "dvar": 0.27475938201, "dvar2": 0.583712399006, "max": 8.68281555176, "mean": 1.62499320507, "median": 1.62494015694, "min": -1.47901153564, "var": 1.30542492867}, "erbbands_spread": {"dmean": 8.26569652557, "dmean2": 12.0592756271, "dvar": 176.679916382, "dvar2": 379.340270996, "max": 148.211639404, "mean": 21.3708305359, "median": 15.2342386246, "min": 0.89411097765, "var": 325.147888184}, "hfc": {"dmean": 4.47301149368, "dmean2": 6.6618771553, "dvar": 50.5959014893, "dvar2": 115.152603149, "max": 73.615776062, "mean": 13.9056034088, "median": 12.2646856308, "min": 1.02569337165e-16, "var": 120.347602844}, "melbands_crest": {"dmean": 2.24140310287, "dmean2": 3.70052742958, "dvar": 6.93640422821, "dvar2": 17.8877754211, "max": 33.5443916321, "mean": 17.3712711334, "median": 17.3307952881, "min": 1.4597799778, "var": 19.5103034973}, "melbands_flatness_db": {"dmean": 0.0326617881656, "dmean2": 0.047542784363, "dvar": 0.00155582325533, "dvar2": 0.00310596497729, "max": 0.767851173878, "mean": 0.380010038614, "median": 0.389492303133, "min": 0.00291765318252, "var": 0.0084198275581}, "melbands_kurtosis": {"dmean": 11.930680275, "dmean2": 17.7712783813, "dvar": 421.620391846, "dvar2": 915.51159668, "max": 318.617401123, "mean": 21.9393920898, "median": 11.9940080643, "min": -1.40678679943, "var": 905.65032959}, "melbands_skewness": {"dmean": 0.807190597057, "dmean2": 1.16808068752, "dvar": 0.870205163956, "dvar2": 1.74728810787, "max": 13.1773433685, "mean": 2.77604556084, "median": 2.4967019558, "min": -1.31762802601, "var": 2.7603161335}, "melbands_spread": {"dmean": 1.94049954414, "dmean2": 3.10888552666, "dvar": 13.0309009552, "dvar2": 31.3193778992, "max": 167.275787354, "mean": 7.43163490295, "median": 4.85658407211, "min": 0.516613960266, "var": 251.43321228}, "pitch_salience": {"dmean": 0.0605968981981, "dmean2": 0.0977417081594, "dvar": 0.00488723395392, "dvar2": 0.0122571289539, "max": 0.824054837227, "mean": 0.44052696228, "median": 0.430738270283, "min": 0.117116957903, "var": 0.0140822613612}, "silence_rate_20dB": {"dmean": 0.00126342382282, "dmean2": 0.00252724695019, "dvar": 0.00126173195895, "dvar2": 0.00315235718153, "max": 1, "mean": 0.999052584171, "median": 1, "min": 0, "var": 0.000946564832702}, "silence_rate_30dB": {"dmean": 0.0938092246652, "dmean2": 0.18764808774, "dvar": 0.0850028842688, "dvar2": 0.172015547752, "max": 1, "mean": 0.883941233158, "median": 1, "min": 0, "var": 0.102594047785}, "silence_rate_60dB": {"dmean": 0.012318382971, "dmean2": 0.0246406570077, "dvar": 0.0121674388647, "dvar2": 0.0275110062212, "max": 1, "mean": 0.0671087950468, "median": 0, "min": 0, "var": 0.0626034364104}, "spectral_centroid": {"dmean": 85.0265350342, "dmean2": 132.957000732, "dvar": 34715.5703125, "dvar2": 61337.8242188, "max": 11962.9384766, "mean": 581.803833008, "median": 396.741394043, "min": 129.546340942, "var": 1700523.625}, "spectral_complexity": {"dmean": 1.67877447605, "dmean2": 2.77965569496, "dvar": 6.2107963562, "dvar2": 15.1492023468, "max": 35, "mean": 8.51286888123, "median": 8, "min": 0, "var": 16.8125991821}, "spectral_decrease": {"dmean": 5.22130694236e-09, "dmean2": 8.16791079217e-09, "dvar": 9.78185609748e-17, "dvar2": 2.21895752119e-16, "max": 1.59432416916e-28, "mean": -1.62558375649e-08, "median": -1.67545728402e-08, "min": -1.17683363499e-07, "var": 1.72020175784e-16}, "spectral_energy": {"dmean": 0.0200036820024, "dmean2": 0.0312102269381, "dvar": 0.00141743232962, "dvar2": 0.00321272131987, "max": 0.449597120285, "mean": 0.0626147538424, "median": 0.0643963590264, "min": 9.53628497776e-21, "var": 0.00252378871664}, "spectral_energyband_high": {"dmean": 0.000232389211305, "dmean2": 0.000357350276317, "dvar": 3.81068389288e-07, "dvar2": 9.70316136772e-07, "max": 0.00580773409456, "mean": 0.000269189738901, "median": 6.38624405838e-05, "min": 6.96384940015e-21, "var": 3.74802766601e-07}, "spectral_energyband_low": {"dmean": 0.0166083294898, "dmean2": 0.0262774135917, "dvar": 0.00125444249716, "dvar2": 0.00287616392598, "max": 0.427037268877, "mean": 0.0436416678131, "median": 0.0422964654863, "min": 1.85616998846e-23, "var": 0.00185272516683}, "spectral_energyband_middle_high": {"dmean": 0.00039344796096, "dmean2": 0.000645741878543, "dvar": 1.0732131841e-06, "dvar2": 2.62000571638e-06, "max": 0.0185100156814, "mean": 0.000863569322973, "median": 0.000344196829246, "min": 1.1535788929e-21, "var": 2.07531729757e-06}, "spectral_energyband_middle_low": {"dmean": 0.0075492830947, "dmean2": 0.0123161440715, "dvar": 0.000160574534675, "dvar2": 0.000434116169345, "max": 0.148560196161, "mean": 0.0208891443908, "median": 0.0181113537401, "min": 1.55982489153e-22, "var": 0.000288440845907}, "spectral_entropy": {"dmean": 0.276978582144, "dmean2": 0.413219571114, "dvar": 0.105812720954, "dvar2": 0.238546639681, "max": 9.81906032562, "mean": 6.36659097672, "median": 6.30447101593, "min": 4.27775812149, "var": 0.575155138969}, "spectral_flux": {"dmean": 0.0405296422541, "dmean2": 0.0623659417033, "dvar": 0.00356121989898, "dvar2": 0.00813637021929, "max": 0.603038132191, "mean": 0.0805875062943, "median": 0.053732406348, "min": 6.46543721339e-11, "var": 0.00647954968736}, "spectral_kurtosis": {"dmean": 4.35525655746, "dmean2": 6.586165905, "dvar": 45.4703063965, "dvar2": 107.974479675, "max": 258.812469482, "mean": 13.160036087, "median": 10.3647947311, "min": -1.25567531586, "var": 224.52822876}, "spectral_rms": {"dmean": 0.00111587054562, "dmean2": 0.001671501901, "dvar": 3.02308285427e-06, "dvar2": 6.26911105428e-06, "max": 0.0209435280412, "mean": 0.00708376709372, "median": 0.00792626757175, "min": 3.05019551283e-12, "var": 1.09077263915e-05}, "spectral_rolloff": {"dmean": 114.829269409, "dmean2": 198.963912964, "dvar": 200774.28125, "dvar2": 476931.53125, "max": 19552.1484375, "mean": 685.606018066, "median": 430.6640625, "min": 86.1328125, "var": 5236276}, "spectral_skewness": {"dmean": 0.470133900642, "dmean2": 0.681450128555, "dvar": 0.278475224972, "dvar2": 0.589444696903, "max": 13.3407354355, "mean": 2.98444604874, "median": 2.93317985535, "min": -0.101777985692, "var": 1.45584189892}, "spectral_spread": {"dmean": 945591.6875, "dmean2": 1333739.5, "dvar": 1588682424320.0, "dvar2": 2945942290430.0, "max": 42721748, "mean": 5179409, "median": 4207381, "min": 434903.375, "var": 23272630517800.0}, "spectral_strongpeak": {"dmean": 0.222005620599, "dmean2": 0.385305047035, "dvar": 0.146999254823, "dvar2": 0.361558616161, "max": 5.80067300797, "mean": 0.728896260262, "median": 0.653451681137, "min": 0, "var": 0.294279396534}, "zerocrossingrate": {"dmean": 0.00614523375407, "dmean2": 0.00773537438363, "dvar": 8.46575130709e-05, "dvar2": 0.000134568588692, "max": 0.5224609375, "mean": 0.0290871597826, "median": 0.01806640625, "min": 0.00244140625, "var": 0.00373725802638}, "barkbands": {"dmean": [0.000134173111292, 0.0109517266974, 0.00605267006904, 0.00352081377059, 0.00243473239243, 0.00129968847614, 0.00191708444618, 0.000996210146695, 0.000539045257028, 0.000128263360239, 5.92232026975e-05, 0.000146181278978, 7.7240569226e-05, 3.42016392096e-05, 4.83883959532e-05, 1.67507387232e-05, 1.37011038532e-05, 1.16385754154e-05, 1.39218827826e-05, 1.26623335746e-05, 3.05792455038e-05, 7.14534908184e-05, 3.10293617076e-05, 4.13835587096e-05, 4.25578909926e-05, 2.44717211899e-05, 1.58767954872e-06], "dmean2": [0.000240297158598, 0.0176780242473, 0.0105520468205, 0.00619281921536, 0.00404132576659, 0.00209517311305, 0.00289996224456, 0.00155842117965, 0.000876362842973, 0.000201174305403, 9.93166177068e-05, 0.00024190248223, 0.000133015331812, 5.89226838201e-05, 8.52683879202e-05, 2.90997577395e-05, 2.38436932705e-05, 2.08261717489e-05, 2.32381644309e-05, 2.22372236749e-05, 5.16656618856e-05, 0.000112199311843, 4.93978586746e-05, 6.42950981273e-05, 6.91958412062e-05, 3.77148717234e-05, 2.73042724075e-06], "dvar": [2.93043797228e-07, 0.000621960207354, 0.000260446424363, 7.6004100265e-05, 2.35839015659e-05, 7.16965996617e-06, 1.14692848001e-05, 5.14422799824e-06, 1.46914669585e-06, 1.51980472651e-07, 1.95684055626e-08, 2.16752695792e-07, 3.66651562445e-08, 7.02221969462e-09, 3.61028646978e-08, 4.23156043539e-09, 1.49746337552e-09, 2.72629363529e-09, 2.37235942002e-09, 3.62077390292e-09, 1.35310820326e-08, 2.96213453765e-08, 8.74285799313e-09, 1.05249435833e-08, 1.98942657903e-08, 2.63683519464e-09, 7.58487439523e-11], "dvar2": [8.28124711916e-07, 0.00143171974923, 0.000716598588042, 0.000221814305405, 6.41280421405e-05, 1.90672853932e-05, 2.44517650572e-05, 9.39712663239e-06, 3.94578501073e-06, 3.11010808218e-07, 5.27726697896e-08, 5.29875649136e-07, 1.0282444407e-07, 1.96032505784e-08, 1.00625520361e-07, 1.15621991981e-08, 4.07476896669e-09, 7.77238096106e-09, 6.38393382602e-09, 1.02042445604e-08, 3.64545762466e-08, 7.52056621423e-08, 2.21509530718e-08, 2.61360781906e-08, 5.28003809563e-08, 5.96576654743e-09, 2.11861056476e-10], "max": [0.00795405823737, 0.35464733839, 0.175010621548, 0.100469112396, 0.078823402524, 0.0458810068667, 0.0628345012665, 0.0942330732942, 0.0261432733387, 0.0129196438938, 0.00237838923931, 0.00954499468207, 0.00411368720233, 0.00226069591008, 0.00316223921254, 0.00129848450888, 0.000495564716402, 0.000778165471274, 0.000832868157886, 0.000881024869159, 0.00126532022841, 0.00161962211132, 0.000994794303551, 0.00100858474616, 0.00164834212046, 0.00101933476981, 0.000299524370348], "mean": [0.000171661376953, 0.0309232100844, 0.00951364729553, 0.00504568498582, 0.00431997375563, 0.00228537339717, 0.00572471693158, 0.00248653441668, 0.00098432332743, 0.000211754420889, 8.91913441592e-05, 0.000302735308651, 0.000116148097732, 4.23695928475e-05, 5.99759587203e-05, 2.02107203222e-05, 1.64471766766e-05, 1.20927479657e-05, 1.37714650918e-05, 1.07877722257e-05, 2.61548557319e-05, 7.85652373452e-05, 3.41774830304e-05, 4.72670581075e-05, 4.41090705863e-05, 3.21523075399e-05, 1.55053203343e-06], "median": [6.04587648922e-06, 0.0278980247676, 0.00499857123941, 0.00198983517475, 0.00222596991807, 0.00106720637996, 0.0039273374714, 0.00134429801255, 0.000241734014708, 4.50335355708e-05, 3.08083544951e-05, 6.17648474872e-05, 2.16155294765e-05, 1.84658165381e-05, 1.2776235053e-05, 8.27748499432e-06, 4.73722639072e-06, 3.12440533889e-06, 3.01354043586e-06, 1.52395591613e-06, 2.05570790968e-06, 1.87019213627e-05, 6.57604959997e-06, 1.16237642942e-05, 7.82786810305e-06, 7.90080594015e-06, 1.76534058483e-07], "min": [1.44961831826e-25, 4.83177896094e-24, 2.72696568509e-25, 3.26384321654e-25, 6.64070051991e-24, 6.53863966814e-24, 5.60827723248e-24, 1.0203524534e-23, 1.65835759445e-23, 1.68169588656e-23, 1.05712709777e-23, 2.95742186319e-23, 1.70658697248e-23, 3.43173110889e-23, 3.94738897224e-23, 5.01700231819e-23, 5.9740960156e-23, 9.50443284437e-23, 8.41532832318e-23, 1.56464842887e-22, 2.37558784689e-22, 2.92811359797e-22, 3.54754611341e-22, 5.9057969433e-22, 7.75371459472e-22, 1.34964826403e-21, 1.8682185135e-21], "var": [2.27213945436e-07, 0.000997902010567, 0.000237191547058, 7.19840027159e-05, 3.42629027728e-05, 1.30554826683e-05, 4.63736832899e-05, 1.58231996465e-05, 3.22119649354e-06, 3.92965915808e-07, 2.51525271722e-08, 5.42304405826e-07, 5.68888403052e-08, 7.65537322422e-09, 2.9462757567e-08, 3.14407389013e-09, 1.31588095975e-09, 1.76107073369e-09, 1.84517245927e-09, 2.53581888821e-09, 1.11388329671e-08, 2.77999596676e-08, 8.45588132847e-09, 1.06681063983e-08, 1.69836322783e-08, 3.61892982248e-09, 5.98571470167e-11]}, "erbbands": {"dmean": [0.218759998679, 2.7868437767, 6.37027692795, 10.6090993881, 8.12888813019, 9.71523761749, 8.43755817413, 11.8094072342, 21.7923622131, 27.7474098206, 21.4658374786, 11.1175031662, 6.45387649536, 3.49101781845, 3.04594349861, 5.22639656067, 3.50234389305, 2.51455068588, 1.69672429562, 1.99601280689, 0.958717942238, 0.733789861202, 0.691806674004, 0.474051177502, 0.859964370728, 0.636434674263, 0.860314249992, 1.36877250671, 2.39968061447, 2.24964237213, 0.738349676132, 1.09802353382, 0.531665086746, 0.565849781036, 0.228668734431, 0.178305357695, 0.0216502677649, 0.00367159582675, 0.000269902986474, 2.6241859814e-05], "dmean2": [0.354970723391, 4.49293899536, 10.6520805359, 18.4576816559, 13.9384393692, 16.0858135223, 14.5286092758, 18.1336708069, 32.1580734253, 43.1035728455, 33.6167945862, 18.0540504456, 10.4404878616, 5.65079069138, 5.19218683243, 8.58916854858, 5.99132299423, 4.30573129654, 2.89648008347, 3.61658191681, 1.65744483471, 1.27729797363, 1.22383058071, 0.824144482613, 1.44315576553, 1.10901451111, 1.46605753899, 2.2940132618, 3.80837464333, 3.49033999443, 1.14819586277, 1.69255232811, 0.868804514408, 0.939441919327, 0.363676607609, 0.269450813532, 0.034647192806, 0.00616792263463, 0.000457260844996, 4.05529572163e-05], "dvar": [0.281362265348, 39.6821022034, 238.297897339, 740.44317627, 261.444976807, 423.30456543, 452.879974365, 550.409790039, 1789.4654541, 2715.33227539, 2322.40576172, 581.047058105, 246.417724609, 84.2439575195, 64.9692840576, 315.311187744, 92.8993988037, 30.96824646, 22.1588191986, 107.16796875, 11.517165184, 4.18707418442, 7.94860506058, 4.01449680328, 10.809214592, 9.02815723419, 11.0199356079, 25.2943477631, 39.6079025269, 24.392539978, 5.2324385643, 6.0556473732, 2.90847373009, 4.75248384476, 0.398373991251, 0.119133360684, 0.00407168176025, 0.000362907070667, 1.59311025527e-06, 2.80691092591e-09], "dvar2": [0.663733243942, 90.3560943604, 622.627319336, 2100.26855469, 769.289794922, 1129.28161621, 1276.01330566, 1339.24914551, 3514.28027344, 6428.12011719, 4438.14013672, 1560.4395752, 622.143493652, 189.868301392, 175.347595215, 755.276184082, 248.449951172, 87.0228500366, 56.7450180054, 306.576385498, 30.7414360046, 11.2461385727, 22.4573307037, 11.1924419403, 29.5438709259, 25.348197937, 29.4898471832, 67.2843017578, 104.076950073, 59.644733429, 13.2182426453, 14.3603515625, 7.60143709183, 12.7098417282, 1.0423643589, 0.262035280466, 0.010146073997, 0.00100132462103, 4.36947811977e-06, 6.6644103569e-09], "max": [8.1706609726, 85.7032928467, 195.615264893, 335.772247314, 171.901596069, 343.334411621, 381.803924561, 438.414550781, 843.54083252, 967.960388184, 1849.93188477, 534.530212402, 321.930297852, 235.638412476, 128.312393188, 366.65625, 207.237136841, 110.744628906, 85.4054260254, 183.439285278, 69.6334609985, 23.894821167, 40.732131958, 34.7425994873, 57.3678245544, 44.2242546082, 35.7474365234, 57.9247436523, 66.2272186279, 41.374294281, 28.4534778595, 23.7164039612, 17.7567539215, 21.8367061615, 8.36635875702, 4.55727243423, 1.74649405479, 0.687874436378, 0.0345062315464, 0.00126848893706], "mean": [0.646687448025, 7.67376327515, 12.4759531021, 15.5992136002, 13.7598543167, 15.7748966217, 13.6244525909, 22.5162734985, 58.9439353943, 90.0567474365, 56.3556976318, 21.1770019531, 10.738940239, 5.94962882996, 4.84472465515, 11.3097782135, 6.58756732941, 3.41410040855, 2.63001346588, 2.0298678875, 1.1965085268, 0.939390063286, 0.796578466892, 0.452802300453, 0.83779579401, 0.549343168736, 0.745686650276, 1.21383357048, 2.48667812347, 2.60561084747, 0.832998454571, 1.2896797657, 0.540932655334, 0.532143175602, 0.271051675081, 0.234774649143, 0.0268035344779, 0.00392692163587, 0.00029455558979, 7.70028782426e-05], "median": [0.415766119957, 6.34823894501, 8.99042415619, 7.82441282272, 5.98496341705, 7.79628324509, 5.62262010574, 10.4798021317, 21.9566879272, 49.1312866211, 21.205871582, 9.30666255951, 2.97329902649, 2.11830043793, 1.92256486416, 2.25049495697, 1.27973937988, 1.33372056484, 0.643461585045, 0.425453752279, 0.545989751816, 0.303229957819, 0.225532397628, 0.116107746959, 0.165421888232, 0.0823767408729, 0.0850431323051, 0.110716275871, 0.521314203739, 0.659538209438, 0.166752040386, 0.320480823517, 0.106635801494, 0.061903372407, 0.0585458502173, 0.057201616466, 0.00591252325103, 0.000593126344029, 6.68125867378e-05, 7.50071267248e-05], "min": [9.16309146851e-23, 7.67316142023e-22, 2.67275021003e-21, 3.0153126416e-21, 1.34824195602e-20, 2.99819755579e-20, 3.15863214365e-20, 7.32467075323e-20, 8.69120672938e-20, 1.89729693318e-19, 2.69735532743e-19, 4.55333820793e-19, 5.20073628422e-19, 9.33695522658e-19, 8.20890472681e-19, 1.27658752916e-18, 9.69467672031e-19, 1.4365655004e-18, 2.20782156911e-18, 2.75945405076e-18, 3.6566366838e-18, 4.72354292327e-18, 5.50032838418e-18, 4.9032330221e-18, 6.79110113027e-18, 7.82599630721e-18, 9.37634122465e-18, 1.11434115985e-17, 1.02714515635e-17, 1.21227984068e-17, 9.68171066421e-18, 1.09384494776e-17, 9.60518404984e-18, 8.12681542622e-18, 5.58387031733e-18, 4.35772064301e-18, 2.39687804081e-18, 9.50191158434e-19, 2.63499418105e-19, 2.56110029516e-20], "var": [0.569659113884, 63.7614784241, 255.517669678, 658.632385254, 360.05670166, 591.115844727, 487.347259521, 1383.84118652, 9086.24316406, 10106.6699219, 7943.19140625, 1104.75134277, 498.501434326, 171.726242065, 76.0768661499, 782.631835938, 215.64906311, 40.2956466675, 36.8596878052, 66.5251693726, 9.12708759308, 3.84712386131, 5.53937911987, 2.7447309494, 8.25384044647, 6.25549840927, 9.01750278473, 21.335319519, 34.170425415, 26.0093364716, 5.0527100563, 6.7319021225, 2.47769021988, 3.7571246624, 0.389889121056, 0.165072277188, 0.00492411432788, 0.000299984152662, 1.35603841045e-06, 4.79055328739e-09]}, "gfcc": {"mean": [-79.7717437744, 130.611312866, -43.5868301392, 14.2319841385, -66.9565505981, 21.8711357117, -36.6863861084, 7.77541303635, -5.94993877411, 9.16107940674, -13.3246841431, 3.01139307022, -20.701669693], "cov": [[29505.3476562, 1444.72692871, -432.447265625, 910.557067871, -1132.33996582, 1058.9954834, -660.53717041, 591.811218262, -54.317401886, 466.691711426, -448.423675537, 172.238037109, -537.25], [1444.72692871, 1479.32727051, 26.931470871, 0.350008368492, 187.122802734, 13.0696249008, 165.133651733, 32.1723403931, 32.1772232056, -137.591415405, 159.024917603, -173.010437012, -15.8902435303], [-432.447265625, 26.931470871, 908.326171875, 382.995117188, 241.513519287, 198.452545166, 134.022598267, 28.0402622223, 106.6847229, -2.46928834915, -43.6591262817, 53.6755409241, -48.1811790466], [910.557067871, 0.350008368492, 382.995117188, 502.449188232, 143.665679932, 86.9814758301, 49.1768264771, 0.0855239778757, 76.3192138672, 47.2045059204, -54.1580123901, 36.175491333, 23.1423130035], [-1132.33996582, 187.122802734, 241.513519287, 143.665679932, 357.743560791, 77.4674606323, 142.435089111, 33.5500297546, 97.1666564941, -14.9356517792, 57.9580001831, -39.5946350098, 38.2999267578], [1058.9954834, 13.0696249008, 198.452545166, 86.9814758301, 77.4674606323, 273.986694336, 66.4345550537, 54.5771331787, 46.9976959229, 38.7540588379, -33.4375915527, 27.519575119, -58.3743286133], [-660.53717041, 165.133651733, 134.022598267, 49.1768264771, 142.435089111, 66.4345550537, 228.479278564, 42.5487289429, 0.0637076720595, -4.8132815361, 63.7878074646, -53.5608177185, 13.7155447006], [591.811218262, 32.1723403931, 28.0402622223, 0.0855239778757, 33.5500297546, 54.5771331787, 42.5487289429, 169.614776611, 73.1659317017, 35.9054336548, 52.890335083, 0.874958217144, -20.7219982147], [-54.317401886, 32.1772232056, 106.6847229, 76.3192138672, 97.1666564941, 46.9976959229, 0.0637076720595, 73.1659317017, 198.471313477, 77.3366394043, 19.9545860291, 35.8924064636, 13.4605045319], [466.691711426, -137.591415405, -2.46928834915, 47.2045059204, -14.9356517792, 38.7540588379, -4.8132815361, 35.9054336548, 77.3366394043, 128.032516479, 5.89999628067, 35.4852905273, 2.86553859711], [-448.423675537, 159.024917603, -43.6591262817, -54.1580123901, 57.9580001831, -33.4375915527, 63.7878074646, 52.890335083, 19.9545860291, 5.89999628067, 141.911376953, -19.1301364899, 3.33725428581], [172.238037109, -173.010437012, 53.6755409241, 36.175491333, -39.5946350098, 27.519575119, -53.5608177185, 0.874958217144, 35.8924064636, 35.4852905273, -19.1301364899, 113.554733276, -1.39443778992], [-537.25, -15.8902435303, -48.1811790466, 23.1423130035, 38.2999267578, -58.3743286133, 13.7155447006, -20.7219982147, 13.4605045319, 2.86553859711, 3.33725428581, -1.39443778992, 88.4329605103]], "icov": [[0.00018595266738, -0.000468633661512, 0.000249024538789, -0.000597489299253, 0.000479563575936, -0.000703167286702, 0.000734727480449, -0.000951392750721, 0.000798883440439, -0.000871259428095, 0.000526698364411, -0.000120804164908, 0.000213640989386], [-0.000468633661512, 0.00238194479607, -0.000460165902041, 0.001106640324, -0.000784770934843, 0.00121151516214, -0.00211107870564, 0.00296628521755, -0.00332270329818, 0.00409945938736, -0.00285988068208, 0.00190291192848, -0.000286426598905], [0.000249024538789, -0.000460165902041, 0.00286750355735, -0.00224507320672, -0.00014698819723, -0.0011167274788, -0.000465790508315, -0.000902588944882, -5.45439252164e-05, 0.000374107738025, 0.00139132130425, -0.00154467183165, 0.00268659740686], [-0.000597489299253, 0.001106640324, -0.00224507320672, 0.00560269132257, -0.00255797384307, 0.00257407594472, -0.00203078426421, 0.00276925461367, -0.00165992416441, 0.00044399293256, 8.20310524432e-05, -0.000252548226854, -0.00211835815571], [0.000479563575936, -0.000784770934843, -0.00014698819723, -0.00255797384307, 0.00831766612828, -0.00406169006601, 0.000186413584743, -0.0010228207102, -0.00210600765422, 0.0015037212288, -0.00201121461578, 0.00276426365599, -0.00279895542189], [-0.000703167286702, 0.00121151516214, -0.0011167274788, 0.00257407594472, -0.00406169006601, 0.0102185169235, -0.00521154981107, 0.00181747565512, -0.00212919060141, 0.000438491028035, 0.00259867915884, -0.00271469866857, 0.0045712296851], [0.000734727480449, -0.00211107870564, -0.000465790508315, -0.00203078426421, 0.000186413584743, -0.00521154981107, 0.0122420368716, -0.00514522986487, 0.00647300947458, -0.00532842567191, -0.00132941070478, 0.00303677492775, -0.00297778681852], [-0.000951392750721, 0.00296628521755, -0.000902588944882, 0.00276925461367, -0.0010228207102, 0.00181747565512, -0.00514522986487, 0.0142723359168, -0.00844134483486, 0.00557714002207, -0.0065020089969, 0.00201151403598, 0.000702909135725], [0.000798883440439, -0.00332270329818, -5.45439252164e-05, -0.00165992416441, -0.00210600765422, -0.00212919060141, 0.00647300947458, -0.00844134483486, 0.0159795153886, -0.0116866836324, 0.00397654622793, -0.00356176006608, -0.00107409700286], [-0.000871259428095, 0.00409945938736, 0.000374107738025, 0.00044399293256, 0.0015037212288, 0.000438491028035, -0.00532842567191, 0.00557714002207, -0.0116866836324, 0.020525014028, -0.00625754706562, 0.00132040551398, -0.00132664502598], [0.000526698364411, -0.00285988068208, 0.00139132130425, 8.20310524432e-05, -0.00201121461578, 0.00259867915884, -0.00132941070478, -0.0065020089969, 0.00397654622793, -0.00625754706562, 0.0158613752574, -0.00433282833546, 0.00362213072367], [-0.000120804164908, 0.00190291192848, -0.00154467183165, -0.000252548226854, 0.00276426365599, -0.00271469866857, 0.00303677492775, 0.00201151403598, -0.00356176006608, 0.00132040551398, -0.00433282833546, 0.0156814102083, -0.00324614485726], [0.000213640989386, -0.000286426598905, 0.00268659740686, -0.00211835815571, -0.00279895542189, 0.0045712296851, -0.00297778681852, 0.000702909135725, -0.00107409700286, -0.00132664502598, 0.00362213072367, -0.00324614485726, 0.0194473769516]]}, "melbands": {"dmean": [0.00261342269368, 0.00343123311177, 0.00172770710196, 0.000591445772443, 0.000326241337461, 0.000254900020082, 0.000356457079761, 0.000278282765066, 0.0001672415965, 6.78527358104e-05, 3.31087430823e-05, 1.52901629917e-05, 9.03147520148e-06, 1.62979940797e-05, 1.06052129922e-05, 7.58731857786e-06, 4.25552252636e-06, 2.27928103413e-06, 4.03857666242e-06, 1.44449802519e-06, 1.09241602786e-06, 7.90968329056e-07, 7.37692573693e-07, 5.26130975231e-07, 3.60328584748e-07, 5.75822696192e-07, 5.83114569963e-07, 3.79883488222e-07, 4.62023621139e-07, 7.84554231359e-07, 7.33087858862e-07, 1.12665759389e-06, 1.86275178748e-06, 1.03530169326e-06, 4.1115924887e-07, 4.83023370634e-07, 7.01757244315e-07, 3.2635784919e-07, 4.33300812119e-07, 5.01277384046e-07], "dmean2": [0.00422416720539, 0.00543894059956, 0.00299782096408, 0.000987300649285, 0.000555318896659, 0.000398598553147, 0.000529166602064, 0.000430858082836, 0.000265128095634, 0.000110980399768, 5.33974452992e-05, 2.45167684625e-05, 1.5266257833e-05, 2.73701662081e-05, 1.74378765223e-05, 1.30297075884e-05, 7.30539977667e-06, 3.90852801502e-06, 7.19292575013e-06, 2.59478815678e-06, 1.89013530871e-06, 1.39267274335e-06, 1.26942302359e-06, 9.53544770255e-07, 6.25757365924e-07, 9.729571957e-07, 1.00850616036e-06, 6.56668078136e-07, 7.90646367932e-07, 1.32277534703e-06, 1.24194696127e-06, 1.8157758177e-06, 2.94329470307e-06, 1.62613332577e-06, 6.51906702842e-07, 7.71580289438e-07, 1.07946937078e-06, 5.48058778804e-07, 7.15504711479e-07, 8.39902781991e-07], "dvar": [3.65782216249e-05, 5.62692148378e-05, 1.71744104591e-05, 1.33410617309e-06, 5.96169854816e-07, 2.6145195875e-07, 4.47697658501e-07, 2.73394022088e-07, 1.2832055063e-07, 2.3120435344e-08, 6.72826061532e-09, 1.79240977616e-09, 4.74992600807e-10, 2.46243936353e-09, 2.09731831902e-09, 3.68999691913e-10, 9.5989494131e-11, 4.03576339014e-11, 3.21764809241e-10, 5.35087148201e-11, 1.32216824295e-11, 5.59122236357e-12, 4.34716108597e-12, 6.65318624846e-12, 2.258348673e-12, 4.6121812966e-12, 6.42444474355e-12, 3.18204989268e-12, 3.40731045809e-12, 8.83085705256e-12, 8.00655028388e-12, 1.0600893427e-11, 1.87095079013e-11, 5.63934142439e-12, 1.86496000934e-12, 1.58098664368e-12, 2.51653906047e-12, 1.03849079943e-12, 2.71362468086e-12, 3.82520751185e-12], "dvar2": [8.52666635183e-05, 0.000133979687234, 4.86049975734e-05, 3.63323920283e-06, 1.64449659223e-06, 6.5730012011e-07, 8.98793132365e-07, 6.16769341377e-07, 2.57052931829e-07, 6.18305620037e-08, 1.67589107036e-08, 3.86641385575e-09, 1.28264654453e-09, 6.24453910802e-09, 4.87352336265e-09, 1.01126762519e-09, 2.69682609577e-10, 1.04326450256e-10, 9.1405849556e-10, 1.52052981317e-10, 3.49072298844e-11, 1.53506582445e-11, 1.18616991229e-11, 1.91294931284e-11, 6.24415059589e-12, 1.25870026207e-11, 1.83440051343e-11, 8.82820119091e-12, 9.08413361894e-12, 2.41185873356e-11, 2.13042621738e-11, 2.83497825909e-11, 4.70460059798e-11, 1.39050992942e-11, 4.66295101489e-12, 4.05658015859e-12, 5.95010629309e-12, 2.72925844251e-12, 7.1696147283e-12, 1.02729101267e-11], "max": [0.0904971435666, 0.102394968271, 0.0471199676394, 0.0196700599045, 0.0130381574854, 0.00897035188973, 0.0126578100026, 0.0114064067602, 0.0122176008299, 0.00279801920988, 0.00176438817289, 0.00108492688742, 0.000361867743777, 0.000923437182792, 0.00155560660642, 0.000532882811967, 0.00023754852009, 0.000104659688077, 0.000302424916299, 0.000125565216877, 7.7016200521e-05, 2.92502973025e-05, 3.46727974829e-05, 3.75266572519e-05, 2.85515161522e-05, 3.76453754143e-05, 4.07515835832e-05, 2.85446130874e-05, 2.03088948183e-05, 4.08596242778e-05, 4.23438541475e-05, 3.82356556656e-05, 4.14728674514e-05, 2.17858378164e-05, 1.58232251124e-05, 1.66883983184e-05, 1.47898517753e-05, 1.09223810796e-05, 1.62076903507e-05, 2.20819310925e-05], "mean": [0.00753211416304, 0.00825667567551, 0.00267473584972, 0.00102899980266, 0.00052952952683, 0.000467953970656, 0.000999377691187, 0.000877252197824, 0.000410511274822, 0.00011716465815, 5.29672506673e-05, 2.51602778008e-05, 1.43922216012e-05, 2.62027006102e-05, 2.86183567368e-05, 1.02940120996e-05, 5.38062795385e-06, 3.45112243849e-06, 4.46787453257e-06, 1.41837472256e-06, 1.36851008392e-06, 9.00500310763e-07, 9.81580910775e-07, 5.01149713728e-07, 3.26947741769e-07, 5.68683390156e-07, 5.22112827639e-07, 3.21802673398e-07, 3.88677989349e-07, 6.80306413869e-07, 6.38239271211e-07, 1.10985206447e-06, 2.04815796678e-06, 1.18834225304e-06, 4.36310301666e-07, 5.54270116027e-07, 8.11127563338e-07, 3.30328560949e-07, 3.99913574256e-07, 4.67976576601e-07], "median": [0.00701952818781, 0.00758269475773, 0.00159288861323, 0.000519200228155, 0.000270211312454, 0.000212665327126, 0.000507636286784, 0.000514742801897, 0.000115002600069, 3.86090832762e-05, 1.23966492538e-05, 7.74858381192e-06, 4.85672899231e-06, 7.41724716136e-06, 3.09793472297e-06, 2.37898939304e-06, 1.96630571736e-06, 7.11763902927e-07, 1.06623349438e-06, 2.42451079657e-07, 6.56893121231e-07, 2.10121257282e-07, 3.02462325408e-07, 1.2131035021e-07, 7.00419207078e-08, 1.30745917204e-07, 8.12957310359e-08, 4.46627161921e-08, 4.55232900265e-08, 4.42317400484e-08, 4.38685106019e-08, 2.1247485904e-07, 4.81972904254e-07, 2.91167793876e-07, 6.58206857906e-08, 1.26800443923e-07, 1.99811609036e-07, 6.17291817662e-08, 3.72130877224e-08, 5.18845766351e-08], "min": [1.6617607404e-24, 1.73664809499e-24, 6.96351433385e-25, 1.57013829334e-24, 1.16983782813e-24, 1.91848999997e-24, 1.235190714e-24, 2.54239949827e-24, 2.21917458919e-24, 2.72592147977e-24, 2.60323645128e-24, 3.23590033347e-24, 1.85777413711e-24, 2.85269931584e-24, 2.80331583432e-24, 1.7747654595e-24, 2.29834664179e-24, 2.84170417255e-24, 2.87685305347e-24, 4.51088572748e-24, 3.6587483169e-24, 3.91520265845e-24, 5.15471849958e-24, 4.30495713805e-24, 3.21333299512e-24, 3.83535021332e-24, 5.19899016244e-24, 5.02328283429e-24, 3.90692080224e-24, 4.94889482865e-24, 5.19657230377e-24, 4.67116924722e-24, 4.50269064597e-24, 5.26412601296e-24, 4.87327028354e-24, 5.94804080765e-24, 6.16114329816e-24, 6.04390831245e-24, 5.61101852413e-24, 5.62133406375e-24], "var": [6.16892721155e-05, 7.68241079641e-05, 1.58554521477e-05, 2.00773888537e-06, 6.69839437251e-07, 6.11592554378e-07, 2.13109569813e-06, 9.48679712565e-07, 4.43157006202e-07, 4.46174119872e-08, 1.37465789862e-08, 3.91956556101e-09, 6.15419604166e-10, 3.64606012049e-09, 9.12600661707e-09, 5.4285992368e-10, 1.20239651569e-10, 7.14089828935e-11, 2.15747822385e-10, 3.39957298423e-11, 1.08201598722e-11, 4.59890372312e-12, 4.09318542602e-12, 4.07694060803e-12, 1.58501944209e-12, 3.44100941317e-12, 4.44038035508e-12, 2.2553428309e-12, 2.69852456353e-12, 7.47600766016e-12, 6.52324852121e-12, 8.64583318133e-12, 1.76968648069e-11, 6.05598123732e-12, 1.77716944893e-12, 1.54769318021e-12, 2.74748062842e-12, 8.76680997762e-13, 2.18854730345e-12, 3.00435175869e-12]}, "mfcc": {"mean": [-738.133605957, 169.164672852, 65.4868621826, 10.9629669189, 4.08821153641, 12.0918455124, -13.7832069397, 8.3347530365, -3.47865414619, 5.23421812057, 13.6175336838, 6.18616294861, 8.24529743195], "cov": [[10312.4833984, 846.695251465, 583.173156738, -112.913070679, 80.5674819946, 149.460235596, -53.4226531982, 154.648376465, 137.445373535, 121.38747406, 203.806564331, 100.916465759, 92.8608856201], [846.695251465, 1705.16577148, 252.473007202, 55.6748542786, 111.675109863, 27.2714977264, 176.230499268, 152.37538147, -35.9475440979, 75.9797744751, 123.613571167, 48.5106697083, 11.571559906], [583.173156738, 252.473007202, 719.68951416, 266.958648682, 166.259521484, 245.74508667, 32.7384109497, 170.082931519, 45.9541625977, 30.2998981476, 63.2003707886, 14.9925746918, 57.5544319153], [-112.913070679, 55.6748542786, 266.958648682, 444.621856689, 135.154327393, 183.252807617, 10.3180904388, 31.4592075348, 62.3469734192, 22.2879676819, -38.8740921021, -0.107114441693, 60.9710884094], [80.5674819946, 111.675109863, 166.259521484, 135.154327393, 276.411254883, 96.0046463013, -3.56827235222, 80.8310089111, 66.8195648193, 65.9886322021, 53.5611190796, 36.8278007507, 47.8420219421], [149.460235596, 27.2714977264, 245.74508667, 183.252807617, 96.0046463013, 308.737854004, 10.6958780289, 73.3786239624, 40.7766571045, 24.3206806183, 6.12519741058, 3.63218045235, 27.6803874969], [-53.4226531982, 176.230499268, 32.7384109497, 10.3180904388, -3.56827235222, 10.6958780289, 298.281280518, 53.6018829346, 18.2210712433, 17.8775196075, 49.2474250793, 34.7584915161, -43.4354133606], [154.648376465, 152.37538147, 170.082931519, 31.4592075348, 80.8310089111, 73.3786239624, 53.6018829346, 170.116348267, 18.049829483, 21.2207565308, 50.3170394897, 22.7895812988, 20.5060214996], [137.445373535, -35.9475440979, 45.9541625977, 62.3469734192, 66.8195648193, 40.7766571045, 18.2210712433, 18.049829483, 128.774978638, 54.3938026428, 13.4626464844, 16.8818511963, 13.2159357071], [121.38747406, 75.9797744751, 30.2998981476, 22.2879676819, 65.9886322021, 24.3206806183, 17.8775196075, 21.2207565308, 54.3938026428, 112.104873657, 65.9887771606, 41.1168899536, 29.7147789001], [203.806564331, 123.613571167, 63.2003707886, -38.8740921021, 53.5611190796, 6.12519741058, 49.2474250793, 50.3170394897, 13.4626464844, 65.9887771606, 136.067108154, 64.382850647, 15.7430963516], [100.916465759, 48.5106697083, 14.9925746918, -0.107114441693, 36.8278007507, 3.63218045235, 34.7584915161, 22.7895812988, 16.8818511963, 41.1168899536, 64.382850647, 102.317504883, 47.8632392883], [92.8608856201, 11.571559906, 57.5544319153, 60.9710884094, 47.8420219421, 27.6803874969, -43.4354133606, 20.5060214996, 13.2159357071, 29.7147789001, 15.7430963516, 47.8632392883, 108.898529053]], "icov": [[0.000113476562547, -5.84704102948e-05, -0.000109766158857, 0.00011914721108, 6.5157582867e-05, -3.79864250135e-05, 7.35201174393e-05, 4.94667765452e-05, -0.000192925392184, 3.893734538e-05, -7.79809852247e-05, -3.2919626392e-05, -5.96771242272e-05], [-5.84704102948e-05, 0.000764961354434, -0.000124424754176, -0.000143737939652, -0.000175487162778, 0.000244585011387, -0.000381378253223, -0.00038061500527, 0.00073623197386, -0.000560941349249, -0.000124421858345, 0.000129460226162, 7.40924297133e-05], [-0.000109766158857, -0.000124424754176, 0.00291745481081, -0.00129790988285, -0.000132263608975, -0.00105918524787, 0.000148317951243, -0.0016869927058, -7.17143630027e-05, 0.00107880425639, -0.00173537444789, 0.00105428614188, -0.000502417853568], [0.00011914721108, -0.000143737939652, -0.00129790988285, 0.00458083488047, -0.00131099764258, -0.00140605412889, -0.000788260018453, 0.00153125135694, -0.000856620375998, -0.000320585211739, 0.00255723809823, 0.000129852502141, -0.00186984241009], [6.5157582867e-05, -0.000175487162778, -0.000132263608975, -0.00131099764258, 0.00605671526864, -0.000258451735135, 0.000990842003375, -0.00179514696356, -0.00168413307983, -0.00115425395779, -0.00140530173667, -0.000340454746038, -0.000222796908929], [-3.79864250135e-05, 0.000244585011387, -0.00105918524787, -0.00140605412889, -0.000258451735135, 0.00526822544634, 7.22130498616e-05, -0.00115687644575, 1.37256765811e-05, -0.000784777570516, 0.000537588144653, -6.17068799329e-05, 0.000536396866664], [7.35201174393e-05, -0.000381378253223, 0.000148317951243, -0.000788260018453, 0.000990842003375, 7.22130498616e-05, 0.00486531946808, -0.00151945522521, -0.000853608420584, 0.000134931673529, -0.000793016341049, -0.00261319195852, 0.00344380433671], [4.94667765452e-05, -0.00038061500527, -0.0016869927058, 0.00153125135694, -0.00179514696356, -0.00115687644575, -0.00151945522521, 0.00988859124482, -0.000534708611667, 0.00146898580715, -0.00167026766576, 0.000764470547438, -0.00178334570955], [-0.000192925392184, 0.00073623197386, -7.17143630027e-05, -0.000856620375998, -0.00168413307983, 1.37256765811e-05, -0.000853608420584, -0.000534708611667, 0.0120702162385, -0.00638036523014, 0.00276953331195, -0.000958326621912, 0.00139737664722], [3.893734538e-05, -0.000560941349249, 0.00107880425639, -0.000320585211739, -0.00115425395779, -0.000784777570516, 0.000134931673529, 0.00146898580715, -0.00638036523014, 0.0182099305093, -0.00836742669344, 0.000604181026574, -0.00313095352612], [-7.79809852247e-05, -0.000124421858345, -0.00173537444789, 0.00255723809823, -0.00140530173667, 0.000537588144653, -0.000793016341049, -0.00167026766576, 0.00276953331195, -0.00836742669344, 0.0178835187107, -0.00824349652976, 0.00302898650989], [-3.2919626392e-05, 0.000129460226162, 0.00105428614188, 0.000129852502141, -0.000340454746038, -6.17068799329e-05, -0.00261319195852, 0.000764470547438, -0.000958326621912, 0.000604181026574, -0.00824349652976, 0.01984622702, -0.00921625737101], [-5.96771242272e-05, 7.40924297133e-05, -0.000502417853568, -0.00186984241009, -0.000222796908929, 0.000536396866664, 0.00344380433671, -0.00178334570955, 0.00139737664722, -0.00313095352612, 0.00302898650989, -0.00921625737101, 0.0165068618953]]}, "spectral_contrast_coeffs": {"dmean": [0.0409141592681, 0.0458183512092, 0.040386158973, 0.0332312434912, 0.0215167403221, 0.0185976140201], "dmean2": [0.0679215043783, 0.0743534117937, 0.0652400776744, 0.0542239323258, 0.0351331308484, 0.0287839733064], "dvar": [0.00168649270199, 0.00198131310754, 0.0013671182096, 0.000878564082086, 0.000383409525966, 0.000328741065459], "dvar2": [0.00450710300356, 0.00493708159775, 0.00353323295712, 0.00223930203356, 0.000988044659607, 0.000719330215361], "max": [-0.262083113194, -0.325238972902, -0.513406038284, -0.476457118988, -0.675262570381, -0.645419538021], "mean": [-0.623601317406, -0.632295131683, -0.735245764256, -0.764646053314, -0.809953987598, -0.794740855694], "median": [-0.630853831768, -0.63455092907, -0.735694885254, -0.768629729748, -0.809797108173, -0.79379427433], "min": [-0.977163434029, -0.984257638454, -0.978922724724, -0.972509086132, -0.96659719944, -0.965743899345], "var": [0.00827801972628, 0.0104893920943, 0.00521846907213, 0.00482713477686, 0.00159727537539, 0.0028074530419]}, "spectral_contrast_valleys": {"dmean": [0.447830468416, 0.433504611254, 0.466528058052, 0.424479007721, 0.360157430172, 0.323790341616], "dmean2": [0.665130853653, 0.701058745384, 0.7620023489, 0.679701209068, 0.537854254246, 0.430168062449], "dvar": [0.30513754487, 0.231296092272, 0.302659779787, 0.276003926992, 0.228214398026, 0.176324009895], "dvar2": [0.54020524025, 0.516008913517, 0.679481804371, 0.6077247262, 0.498064935207, 0.30899310112], "max