{"lowlevel": {"average_loudness": 0.845703184605, "barkbands_crest": {"dmean": 2.31056427956, "dmean2": 3.40877699852, "dvar": 5.71991157532, "dvar2": 13.5676202774, "max": 26.9316806793, "mean": 12.0253734589, "median": 10.64590168, "min": 2.53744101524, "var": 28.6698036194}, "barkbands_flatness_db": {"dmean": 0.0251129567623, "dmean2": 0.0349005162716, "dvar": 0.000773469917476, "dvar2": 0.00160626356956, "max": 0.624204754829, "mean": 0.183906376362, "median": 0.159009128809, "min": 0.0272912345827, "var": 0.0103640817106}, "barkbands_kurtosis": {"dmean": 6.67538404465, "dmean2": 10.5876646042, "dvar": 360.247009277, "dvar2": 838.722961426, "max": 893.215759277, "mean": 18.886095047, "median": 3.55337572098, "min": -1.97315347195, "var": 6350.90869141}, "barkbands_skewness": {"dmean": 0.750817537308, "dmean2": 1.15666103363, "dvar": 1.24820899963, "dvar2": 3.10171318054, "max": 26.0847434998, "mean": 1.78356981277, "median": 1.46954870224, "min": -23.7537155151, "var": 9.97704124451}, "barkbands_spread": {"dmean": 5.83230495453, "dmean2": 8.51606082916, "dvar": 95.0086975098, "dvar2": 198.52192688, "max": 147.503387451, "mean": 14.8664684296, "median": 11.4210252762, "min": 0.0571017153561, "var": 178.659240723}, "dissonance": {"dmean": 0.0342196449637, "dmean2": 0.0573525801301, "dvar": 0.0017297003651, "dvar2": 0.00485009606928, "max": 0.499197542667, "mean": 0.411978632212, "median": 0.426122605801, "min": 0.0975561439991, "var": 0.00442416826263}, "dynamic_complexity": 4.44816875458, "erbbands_crest": {"dmean": 2.73596262932, "dmean2": 3.85319590569, "dvar": 9.06300449371, "dvar2": 16.6576595306, "max": 34.4341545105, "mean": 13.574388504, "median": 11.4953165054, "min": 2.67104578018, "var": 55.5466079712}, "erbbands_flatness_db": {"dmean": 0.0274545364082, "dmean2": 0.0350825898349, "dvar": 0.000959122378845, "dvar2": 0.00170879042707, "max": 0.64896696806, "mean": 0.19961720705, "median": 0.18132416904, "min": 0.0428620353341, "var": 0.0110577326268}, "erbbands_kurtosis": {"dmean": 2.08753824234, "dmean2": 2.91283655167, "dvar": 19.1140174866, "dvar2": 36.663192749, "max": 114.506858826, "mean": 3.83752346039, "median": 1.16297292709, "min": -1.70705246925, "var": 90.5243911743}, "erbbands_skewness": {"dmean": 0.417170226574, "dmean2": 0.587618470192, "dvar": 0.227340251207, "dvar2": 0.469565719366, "max": 5.68363046646, "mean": 0.880270004272, "median": 0.770213425159, "min": -2.26248955727, "var": 1.01929140091}, "erbbands_spread": {"dmean": 9.03216838837, "dmean2": 13.1330919266, "dvar": 166.141830444, "dvar2": 361.758972168, "max": 200.402664185, "mean": 28.2889881134, "median": 24.8144359589, "min": 0.167117267847, "var": 419.558105469}, "hfc": {"dmean": 11.4466552734, "dmean2": 17.522403717, "dvar": 524.639526367, "dvar2": 1348.88916016, "max": 235.038894653, "mean": 21.016702652, "median": 14.188914299, "min": 1.16553639366e-16, "var": 601.171936035}, "melbands_crest": {"dmean": 2.69779491425, "dmean2": 3.98946666718, "dvar": 7.93156480789, "dvar2": 16.1340999603, "max": 34.3823356628, "mean": 14.6282939911, "median": 12.8981904984, "min": 2.24570798874, "var": 39.2368011475}, "melbands_flatness_db": {"dmean": 0.0289723090827, "dmean2": 0.0403092987835, "dvar": 0.0011380861979, "dvar2": 0.00240123830736, "max": 0.70371311903, "mean": 0.266643166542, "median": 0.238777205348, "min": 0.00826216768473, "var": 0.0126704294235}, "melbands_kurtosis": {"dmean": 9.5902223587, "dmean2": 15.6832647324, "dvar": 554.751525879, "dvar2": 1496.95202637, "max": 913.262145996, "mean": 20.7388515472, "median": 6.91505432129, "min": -1.46540236473, "var": 4364.31152344}, "melbands_skewness": {"dmean": 0.815213680267, "dmean2": 1.2241756916, "dvar": 1.53885710239, "dvar2": 3.8481824398, "max": 22.4405784607, "mean": 2.02626299858, "median": 1.90005576611, "min": -9.58162975311, "var": 5.44161272049}, "melbands_spread": {"dmean": 4.53365802765, "dmean2": 6.92212915421, "dvar": 53.1099319458, "dvar2": 125.412948608, "max": 144.470092773, "mean": 14.2893047333, "median": 12.6196479797, "min": 0.325197249651, "var": 102.615158081}, "pitch_salience": {"dmean": 0.0617821514606, "dmean2": 0.0932815298438, "dvar": 0.00431382888928, "dvar2": 0.0101374862716, "max": 0.962533116341, "mean": 0.485111325979, "median": 0.50053435564, "min": 0.0314049497247, "var": 0.0174993872643}, "silence_rate_20dB": {"dmean": 0.00200080033392, "dmean2": 0.00400240160525, "dvar": 0.00199673627503, "dvar2": 0.0055870981887, "max": 1, "mean": 0.998799741268, "median": 1, "min": 0, "var": 0.00119879480917}, "silence_rate_30dB": {"dmean": 0.0560224093497, "dmean2": 0.112067237496, "dvar": 0.0528854168952, "dvar2": 0.102314606309, "max": 1, "mean": 0.935387074947, "median": 1, "min": 0, "var": 0.0604403093457}, "silence_rate_60dB": {"dmean": 0.0104041621089, "dmean2": 0.0208124872297, "dvar": 0.0102946087718, "dvar2": 0.0207812134176, "max": 1, "mean": 0.118223644793, "median": 0, "min": 0, "var": 0.104246750474}, "spectral_centroid": {"dmean": 172.487213135, "dmean2": 259.175140381, "dvar": 88544.421875, "dvar2": 185316.515625, "max": 11238.0390625, "mean": 897.878967285, "median": 817.427734375, "min": 114.644729614, "var": 203096.53125}, "spectral_complexity": {"dmean": 2.57342934608, "dmean2": 4.16409826279, "dvar": 14.7893953323, "dvar2": 34.7424964905, "max": 56, "mean": 14.7135429382, "median": 12, "min": 0, "var": 102.258674622}, "spectral_decrease": {"dmean": 6.01784710952e-09, "dmean2": 1.04350155183e-08, "dvar": 4.23033611908e-16, "dvar2": 1.20245188945e-15, "max": 5.85175096644e-25, "mean": -9.08083208628e-09, "median": -5.37425437486e-09, "min": -2.04604702958e-07, "var": 2.91030753328e-16}, "spectral_energy": {"dmean": 0.0235106740147, "dmean2": 0.0406004376709, "dvar": 0.00618454953656, "dvar2": 0.0175684895366, "max": 0.780495047569, "mean": 0.0361794121563, "median": 0.0220837108791, "min": 1.04802491141e-20, "var": 0.00429639779031}, "spectral_energyband_high": {"dmean": 0.00078392890282, "dmean2": 0.00124124286231, "dvar": 4.15871090809e-06, "dvar2": 1.08672365968e-05, "max": 0.024676091969, "mean": 0.000802831607871, "median": 0.000231783793424, "min": 7.88137526082e-21, "var": 3.44982254319e-06}, "spectral_energyband_low": {"dmean": 0.0173853598535, "dmean2": 0.0322096049786, "dvar": 0.00551037490368, "dvar2": 0.015747860074, "max": 0.749841034412, "mean": 0.014556854032, "median": 0.00109349249396, "min": 4.07870875387e-23, "var": 0.00339305330999}, "spectral_energyband_middle_high": {"dmean": 0.00208134995773, "dmean2": 0.0026135048829, "dvar": 2.05734195333e-05, "dvar2": 3.11658768624e-05, "max": 0.100116081536, "mean": 0.00562532106414, "median": 0.00359340454452, "min": 1.31111358264e-21, "var": 6.0432623286e-05}, "spectral_energyband_middle_low": {"dmean": 0.00660227844492, "dmean2": 0.00983044411987, "dvar": 0.000533407495823, "dvar2": 0.00146013079211, "max": 0.527815639973, "mean": 0.0168119445443, "median": 0.0136898057535, "min": 3.4180424158e-22, "var": 0.000466013938421}, "spectral_entropy": {"dmean": 0.255230695009, "dmean2": 0.319926977158, "dvar": 0.0941111966968, "dvar2": 0.170040234923, "max": 9.8024892807, "mean": 6.91961574554, "median": 7.1097240448, "min": 3.15253853798, "var": 0.861997485161}, "spectral_flux": {"dmean": 0.0393746756017, "dmean2": 0.0651819035411, "dvar": 0.00832556653768, "dvar2": 0.0159679595381, "max": 0.797969460487, "mean": 0.0796766728163, "median": 0.0527919717133, "min": 1.02373089172e-10, "var": 0.0111356405541}, "spectral_kurtosis": {"dmean": 4.93147230148, "dmean2": 7.41546344757, "dvar": 101.818595886, "dvar2": 238.298156738, "max": 316.993713379, "mean": 15.8786554337, "median": 5.68259525299, "min": -1.24169147015, "var": 912.145202637}, "spectral_rms": {"dmean": 0.00123624294065, "dmean2": 0.00192002195399, "dvar": 7.90104149928e-06, "dvar2": 2.12694976653e-05, "max": 0.0275945384055, "mean": 0.00497605325654, "median": 0.00464166840538, "min": 3.19759800235e-12, "var": 1.0535898582e-05}, "spectral_rolloff": {"dmean": 573.019348145, "dmean2": 971.287902832, "dvar": 2749257, "dvar2": 6201545, "max": 18884.6191406, "mean": 1178.85473633, "median": 796.728515625, "min": 86.1328125, "var": 2711707.75}, "spectral_skewness": {"dmean": 0.416205883026, "dmean2": 0.619044542313, "dvar": 0.311144143343, "dvar2": 0.81773519516, "max": 14.753033638, "mean": 2.52252817154, "median": 1.91253340244, "min": -0.00657883472741, "var": 3.38676714897}, "spectral_spread": {"dmean": 1154323.5, "dmean2": 1429618.25, "dvar": 2400873086980.0, "dvar2": 3678247059460.0, "max": 42034836, "mean": 4726746, "median": 3794952.25, "min": 240896.609375, "var": 7929106792450.0}, "spectral_strongpeak": {"dmean": 0.551309585571, "dmean2": 0.832832217216, "dvar": 0.799729287624, "dvar2": 1.45489287376, "max": 12.543261528, "mean": 1.29191744328, "median": 0.878409206867, "min": 2.05200145764e-09, "var": 1.98022770882}, "zerocrossingrate": {"dmean": 0.0141504844651, "dmean2": 0.015723887831, "dvar": 0.000487573532155, "dvar2": 0.000635462580249, "max": 0.515625, "mean": 0.0522480458021, "median": 0.04248046875, "min": 0.0029296875, "var": 0.00141868775245}, "barkbands": {"dmean": [0.000271495315246, 0.0118952468038, 0.00530438637361, 0.00166386191268, 0.00340547296219, 0.00112192076631, 0.000394184549805, 0.000412463006796, 0.00045759047498, 0.00151753553655, 0.00103207246866, 0.000139260228025, 0.00017752063286, 0.000122198311146, 0.00012637967302, 0.000164023353136, 0.00014566675236, 7.21384567441e-05, 8.63725581439e-05, 0.000152067645104, 7.99397603259e-05, 6.65009647491e-05, 0.000100866920548, 0.000105938714114, 0.000154768189532, 0.000121536722872, 8.12052458059e-05], "dmean2": [0.000483813986648, 0.0215791147202, 0.00990442931652, 0.00291964528151, 0.00512870261446, 0.00157528766431, 0.000578954291996, 0.00056251802016, 0.000663809769321, 0.00194164144341, 0.00120653829072, 0.000199296264327, 0.000275814149063, 0.000199711372261, 0.000204717944143, 0.000277955230558, 0.000239790213527, 0.000125657228637, 0.000150283740368, 0.000275408587186, 0.000123971243738, 0.000113173140562, 0.000167933045304, 0.000170388346305, 0.000239681627136, 0.000188698104466, 0.000126939426991], "dvar": [1.11165923045e-06, 0.00240721786395, 0.000549000396859, 5.23653397977e-05, 0.000226621705224, 4.05738092013e-06, 5.68402185763e-07, 4.58314502794e-07, 1.01232581073e-06, 1.34111996886e-05, 1.58238526637e-05, 1.1890767837e-07, 1.74974005063e-07, 5.46217648889e-08, 6.69416593269e-08, 1.59229642804e-07, 7.77446516054e-08, 2.79082623678e-08, 6.09601613633e-08, 4.6568177936e-07, 2.39065940377e-08, 6.56028618096e-08, 7.12569629968e-08, 6.69179343049e-08, 1.33253820422e-07, 8.50823269616e-08, 3.75756847859e-08], "dvar2": [3.19469540955e-06, 0.00684010563418, 0.00160499452613, 0.000145050886204, 0.000625181011856, 7.87092812971e-06, 1.42634121403e-06, 8.97720781268e-07, 2.03737636184e-06, 2.14749252336e-05, 2.22462113015e-05, 2.19454108219e-07, 4.20499077336e-07, 1.40267900406e-07, 1.6578171369e-07, 4.33603247529e-07, 2.06564578775e-07, 7.95598751324e-08, 1.72697696144e-07, 1.35664913614e-06, 5.75296574823e-08, 1.85157503552e-07, 1.93904867274e-07, 1.77981590355e-07, 3.14287262881e-07, 2.05323871683e-07, 9.19537797017e-08], "max": [0.0145751684904, 0.532873034477, 0.225842088461, 0.140465483069, 0.331570714712, 0.0648326724768, 0.013915669173, 0.0123652340844, 0.0218849983066, 0.0670012533665, 0.0879180952907, 0.00672032497823, 0.00731201237068, 0.0050685997121, 0.00490452395752, 0.00490945484489, 0.00439120875672, 0.00296980747953, 0.00317016104236, 0.0102221062407, 0.00268082646653, 0.00367869460024, 0.00300726853311, 0.00254763406701, 0.0028830091469, 0.00253902189434, 0.00175473664422], "mean": [0.000298116880003, 0.00996723119169, 0.00382621423341, 0.00149813177995, 0.0058408100158, 0.00382031244226, 0.00111350545194, 0.00119640782941, 0.00108746625483, 0.00288205849938, 0.00199791090563, 0.000266670394922, 0.000298042286886, 0.000195738204638, 0.000219950277824, 0.000253956386587, 0.000276605511317, 0.000121052049508, 0.00014202298189, 0.000196673514438, 0.000119412652566, 6.74938928569e-05, 8.72158343554e-05, 9.51599649852e-05, 0.000137038281537, 0.000106589475763, 6.77104544593e-05], "median": [1.60001436598e-05, 0.000457905465737, 0.000344062049408, 0.000361370533938, 0.00357809662819, 0.00228211609647, 0.000759561313316, 0.000715045665856, 0.00018054357497, 0.00141116790473, 0.000531793164555, 9.74074791884e-05, 7.736072439e-05, 9.06507339096e-05, 6.08278896834e-05, 6.02388754487e-05, 8.0414560216e-05, 2.48836204264e-05, 5.92344222241e-05, 4.36175359937e-05, 3.68309192709e-05, 1.9845299903e-05, 1.07396990643e-05, 9.50214962359e-06, 6.26645351076e-06, 3.45961916537e-06, 1.16959461138e-06], "min": [4.70648102792e-24, 2.86051475805e-24, 1.61654433772e-23, 2.37381357249e-23, 7.57903163401e-23, 2.09643603649e-23, 2.58715280016e-23, 6.90188984127e-23, 1.01404857125e-22, 8.28414138573e-23, 3.78308849389e-23, 9.79407480087e-23, 6.12777306192e-23, 1.48836154036e-22, 1.17771253351e-22, 1.31509083e-22, 1.18235015211e-22, 1.84459698878e-22, 2.63359938409e-22, 3.11861883652e-22, 4.97576401484e-22, 4.40640990427e-22, 6.50298963967e-22, 9.49880921275e-22, 1.35690295708e-21, 1.53006956306e-21, 2.41856261611e-21], "var": [8.18158980564e-07, 0.00154452200513, 0.000310979754431, 3.48501962435e-05, 0.000169287028257, 2.52223562711e-05, 1.6113814354e-06, 2.0335003228e-06, 6.02305954089e-06, 2.82900473394e-05, 4.49130493507e-05, 3.51550596633e-07, 3.9929946638e-07, 9.92262911836e-08, 1.55866487717e-07, 2.24734066023e-07, 2.03029273393e-07, 4.87163909213e-08, 6.3889217472e-08, 2.91587781476e-07, 3.78274620516e-08, 4.32968931818e-08, 5.28577324133e-08, 5.53707870665e-08, 1.28446984604e-07, 8.12751892454e-08, 3.51163116363e-08]}, "erbbands": {"dmean": [0.275258660316, 2.89425897598, 6.76657438278, 5.17213249207, 12.7850189209, 8.15473365784, 7.35401821136, 9.80074214935, 8.89660358429, 7.11115789413, 6.05706119537, 12.8616704941, 54.3885726929, 17.9856872559, 44.3241500854, 7.50950860977, 8.23163700104, 6.43154668808, 6.2737455368, 7.61404180527, 7.36928892136, 6.01722049713, 4.72202205658, 4.24082374573, 4.328602314, 6.81873989105, 5.79524326324, 1.97184872627, 2.74781274796, 2.36307311058, 2.8485159874, 2.25199079514, 1.69922912121, 1.34374713898, 1.27603960037, 0.782616138458, 0.167449444532, 0.0618954002857, 0.0115317320451, 0.000952767091803], "dmean2": [0.468734949827, 5.39283800125, 12.6230421066, 9.53725528717, 19.7219047546, 12.791021347, 10.9449415207, 13.955083847, 12.1501569748, 9.78147792816, 8.54667758942, 17.8965950012, 70.5325164795, 22.1496887207, 52.5514068604, 10.1446685791, 12.6545906067, 10.4276065826, 10.218006134, 12.5470705032, 12.4344244003, 9.96398448944, 8.08266353607, 7.38115692139, 7.61280441284, 12.1793031693, 9.45067882538, 3.2105152607, 4.75771284103, 3.84188723564, 4.74327707291, 3.66939377785, 2.66836380959, 2.01162576675, 2.03806757927, 1.24485898018, 0.253174841404, 0.0965044423938, 0.0180154349655, 0.00147353822831], "dvar": [1.0516256094, 153.617385864, 891.962097168, 436.809783936, 4084.87280273, 954.365966797, 220.887359619, 336.171905518, 196.698684692, 137.195465088, 134.277435303, 750.260620117, 20913.8046875, 2016.18603516, 28784.8476562, 389.664031982, 355.551513672, 179.157501221, 193.360488892, 250.799118042, 248.092788696, 127.530677795, 112.735595703, 109.229827881, 222.999893188, 735.019836426, 286.394500732, 22.8792037964, 146.407058716, 35.0557022095, 64.0418014526, 31.2366943359, 18.0821228027, 8.73506736755, 9.92254829407, 3.88001990318, 0.1437843889, 0.0219411309808, 0.000745815807022, 4.86250428366e-06], "dvar2": [2.87543725967, 441.016845703, 2603.12792969, 1260.4621582, 11089.2675781, 2698.4128418, 566.161071777, 598.514038086, 402.848693848, 283.770874023, 284.451782227, 1446.60241699, 34082.2578125, 2937.15454102, 40783.9804688, 657.508117676, 830.264831543, 473.033782959, 493.64453125, 639.495605469, 677.88293457, 330.394805908, 320.497009277, 306.361938477, 631.320251465, 2130.84741211, 784.029602051, 59.7508811951, 416.478240967, 93.6159667969, 175.579803467, 84.4629745483, 46.9823989868, 19.7150115967, 24.4722518921, 9.62211608887, 0.326136648655, 0.0533986352384, 0.00182571529876, 1.17698145914e-05], "max": [9.27065753937, 147.132064819, 323.910461426, 220.398895264, 1400.03857422, 674.075195312, 410.808807373, 788.044372559, 368.044830322, 194.77444458, 338.962402344, 622.069396973, 2662.23803711, 836.785766602, 4344.46777344, 496.172271729, 294.001525879, 261.186676025, 307.209899902, 265.221954346, 214.08052063, 170.487182617, 199.113830566, 191.75567627, 202.850067139, 406.208068848, 240.731643677, 84.8629150391, 180.184249878, 62.3750267029, 98.7087402344, 48.7179908752, 49.5402297974, 30.1908664703, 24.2828121185, 16.5024986267, 3.19083547592, 1.35492479801, 0.234683990479, 0.0194172076881], "mean": [0.257058352232, 2.30186390877, 5.01180744171, 4.26372337341, 16.4809703827, 15.5753326416, 18.3083782196, 32.7159538269, 29.0272712708, 20.4467048645, 17.359796524, 32.7776794434, 100.119239807, 37.6231575012, 87.7392196655, 15.868976593, 14.6975164413, 10.9258956909, 11.267414093, 13.0164966583, 13.3668327332, 12.5411977768, 8.61532020569, 7.29915761948, 6.80159378052, 9.61663532257, 7.76311206818, 2.8437461853, 2.61454176903, 2.35602116585, 2.45277070999, 2.01639962196, 1.52610421181, 1.26976931095, 1.09117507935, 0.661641836166, 0.153809159994, 0.0521697252989, 0.00971322786063, 0.000827405659948], "median": [0.0148954717442, 0.0858617946506, 0.373625725508, 1.10610592365, 4.6189789772, 10.4121332169, 10.1003417969, 19.4419689178, 18.6349315643, 12.995549202, 10.5603427887, 8.81907081604, 47.533115387, 14.18085289, 25.8359565735, 6.70994853973, 4.31734418869, 5.22055673599, 3.15078282356, 3.9314057827, 3.51921820641, 3.37043642998, 2.3549349308, 2.91186738014, 2.12483167648, 2.31806302071, 2.337059021, 0.854016363621, 0.714349925518, 0.564304471016, 0.330336600542, 0.211783111095, 0.133019819856, 0.0660254508257, 0.049097571522, 0.0203148014843, 0.00532803172246, 0.00146931456402, 0.000201101793209, 5.06239193783e-05], "min": [1.09832889264e-22, 7.63688341114e-22, 1.23249539685e-20, 7.28470435871e-20, 1.04066810921e-19, 3.85639408089e-19, 2.50073837323e-19, 8.2619155011e-20, 1.74018043818e-19, 1.14203822732e-18, 2.15917094138e-18, 1.8995319752e-18, 1.86865063459e-18, 2.56989361927e-18, 1.29183908529e-18, 4.19623927101e-18, 3.77124462562e-18, 6.74875982267e-18, 5.87201661576e-18, 6.60995188485e-18, 7.5695330942e-18, 7.17836517278e-18, 7.98599289002e-18, 1.2365747143e-17, 1.3773276019e-17, 1.59191123953e-17, 2.13804681649e-17, 1.88926199023e-17, 1.75500147782e-17, 1.46367789594e-17, 1.96972168297e-17, 1.96095257586e-17, 1.50806887438e-17, 1.59154992704e-17, 9.70561949263e-18, 5.73172058002e-18, 2.85247154461e-18, 1.30353583275e-18, 3.10444709601e-19, 3.5611508313e-20], "var": [0.785080432892, 94.0836486816, 514.435424805, 254.275222778, 3025.00830078, 768.95098877, 610.325561523, 2069.45507812, 1123.3302002, 544.332641602, 653.039123535, 4692.65478516, 41223.2617188, 6575.03027344, 80451.640625, 1142.40539551, 873.343261719, 301.690490723, 434.610961914, 468.111175537, 471.944335938, 398.046569824, 218.968917847, 134.795501709, 210.207489014, 509.838531494, 247.689056396, 27.1310977936, 90.6914138794, 28.8603343964, 46.1844139099, 24.8390045166, 15.3809547424, 9.37623596191, 8.80372524261, 3.44354820251, 0.15328887105, 0.0203616768122, 0.000703081197571, 4.73476438856e-06]}, "gfcc": {"mean": [-51.2597732544, 103.433540344, -102.062294006, -2.0353064537, -54.77709198, -2.45837831497, -27.9533157349, 5.37533569336, -26.9583206177, -4.5519361496, -16.075345993, 1.86817777157, -2.44732093811], "cov": [[30282.5058594, -3124.62036133, -8.72410011292, 2080.32666016, -2252.59594727, -305.802459717, -1481.1920166, -372.625701904, -611.493835449, 562.227294922, -105.668914795, 461.500946045, 240.264160156], [-3124.62036133, 2417.2878418, -1174.43884277, -377.651733398, 323.165893555, -245.709030151, 277.302856445, -11.3051605225, 102.697731018, -162.313461304, 51.608631134, -138.420761108, 51.4612503052], [-8.72410011292, -1174.43884277, 1844.49462891, 454.510498047, -3.71884036064, 371.132751465, -9.90643501282, 110.413665771, -4.05496883392, 152.884597778, 34.0326042175, 159.664611816, -6.41165924072], [2080.32666016, -377.651733398, 454.510498047, 1082.21679688, 5.0452132225, 93.5444793701, -90.1585388184, -9.06007385254, 20.8315582275, 165.514511108, 13.4232769012, 57.7483253479, 21.5975990295], [-2252.59594727, 323.165893555, -3.71884036064, 5.0452132225, 504.14151001, 168.63621521, 252.504425049, 127.525535583, 120.114845276, -10.6092042923, 21.998468399, -52.9228515625, -7.11022615433], [-305.802459717, -245.709030151, 371.132751465, 93.5444793701, 168.63621521, 270.900024414, 128.520263672, 83.2219772339, 30.6721935272, 42.720500946, 23.0229129791, 52.9769287109, 15.1515493393], [-1481.1920166, 277.302856445, -9.90643501282, -90.1585388184, 252.504425049, 128.520263672, 254.746780396, 95.3807983398, 64.9683456421, -32.9881668091, 11.1494626999, -27.6350345612, 24.1275196075], [-372.625701904, -11.3051605225, 110.413665771, -9.06007385254, 127.525535583, 83.2219772339, 95.3807983398, 144.751251221, 83.3327484131, 27.0268611908, 3.67620182037, -4.69549226761, -3.84445810318], [-611.493835449, 102.697731018, -4.05496883392, 20.8315582275, 120.114845276, 30.6721935272, 64.9683456421, 83.3327484131, 123.65511322, 39.4230499268, 5.71008729935, -29.5904273987, -8.52903270721], [562.227294922, -162.313461304, 152.884597778, 165.514511108, -10.6092042923, 42.720500946, -32.9881668091, 27.0268611908, 39.4230499268, 120.549736023, 47.7061920166, 42.9627456665, 5.33894586563], [-105.668914795, 51.608631134, 34.0326042175, 13.4232769012, 21.998468399, 23.0229129791, 11.1494626999, 3.67620182037, 5.71008729935, 47.7061920166, 99.4279556274, 69.5219192505, 13.2574138641], [461.500946045, -138.420761108, 159.664611816, 57.7483253479, -52.9228515625, 52.9769287109, -27.6350345612, -4.69549226761, -29.5904273987, 42.9627456665, 69.5219192505, 124.269218445, 40.2964820862], [240.264160156, 51.4612503052, -6.41165924072, 21.5975990295, -7.11022615433, 15.1515493393, 24.1275196075, -3.84445810318, -8.52903270721, 5.33894586563, 13.2574138641, 40.2964820862, 71.9510498047]], "icov": [[9.60748075158e-05, 4.24648314947e-05, 0.00015653243463, -0.000162817421369, 0.000348524859874, -0.000275048427284, 0.000337486329954, -0.000452659209259, 0.000420629687142, -0.000239822358708, 3.32760391757e-05, 0.000172634405317, -0.000368524371879], [4.24648314947e-05, 0.000973246409558, 0.000378464115784, -0.000137354712933, -0.000144705787534, 0.000874642864801, -0.000836963008624, 0.000224560208153, -0.000469287013402, 0.000712997396477, -0.00118483114056, 0.000461485178676, -0.000817440799437], [0.00015653243463, 0.000378464115784, 0.00134159333538, -0.000510774436407, 0.000770652142819, -0.00144203030504, 0.00047171470942, -0.00116256740876, 0.000765497854445, -0.000430008629337, 0.000178149057319, -0.000394655071432, -5.01467147842e-05], [-0.000162817421369, -0.000137354712933, -0.000510774436407, 0.00167475722264, -0.00117792282254, 0.000480181362946, -8.91088639037e-05, 0.00147605862003, -0.00051241798792, -0.00183240592014, 0.00124057510402, -0.000572670658585, 0.000152302192873], [0.000348524859874, -0.000144705787534, 0.000770652142819, -0.00117792282254, 0.00689883762971, -0.00383087992668, -0.00132069201209, -0.0023300726898, -0.000858474581037, 0.00117580371443, -0.00294497003779, 0.0034630310256, -0.000417108560214], [-0.000275048427284, 0.000874642864801, -0.00144203030504, 0.000480181362946, -0.00383087992668, 0.0127937765792, -0.00747293932363, 0.00146859406959, 0.000448168924777, -0.00305260391906, 0.0046261260286, -0.00752093130723, 0.00317131867632], [0.000337486329954, -0.000836963008624, 0.00047171470942, -8.91088639037e-05, -0.00132069201209, -0.00747293932363, 0.0164104253054, -0.00632465444505, 0.00123739906121, 0.00465744687244, -0.00559611665085, 0.00782488193363, -0.00840744469315], [-0.000452659209259, 0.000224560208153, -0.00116256740876, 0.00147605862003, -0.0023300726898, 0.00146859406959, -0.00632465444505, 0.018322635442, -0.0107290418819, -0.00107847177424, 0.00428347475827, -0.00564584555104, 0.00454556010664], [0.000420629687142, -0.000469287013402, 0.000765497854445, -0.00051241798792, -0.000858474581037, 0.000448168924777, 0.00123739906121, -0.0107290418819, 0.0221592467278, -0.00970132276416, 0.000797753862571, 0.00523302191868, -0.00174550502561], [-0.000239822358708, 0.000712997396477, -0.000430008629337, -0.00183240592014, 0.00117580371443, -0.00305260391906, 0.00465744687244, -0.00107847177424, -0.00970132276416, 0.0233005490154, -0.0131380688399, 0.00371177261695, -0.0025947811082], [3.32760391757e-05, -0.00118483114056, 0.000178149057319, 0.00124057510402, -0.00294497003779, 0.0046261260286, -0.00559611665085, 0.00428347475827, 0.000797753862571, -0.0131380688399, 0.031041007489, -0.0220909975469, 0.0089421318844], [0.000172634405317, 0.000461485178676, -0.000394655071432, -0.000572670658585, 0.0034630310256, -0.00752093130723, 0.00782488193363, -0.00564584555104, 0.00523302191868, 0.00371177261695, -0.0220909975469, 0.0322150215507, -0.0153962867334], [-0.000368524371879, -0.000817440799437, -5.01467147842e-05, 0.000152302192873, -0.000417108560214, 0.00317131867632, -0.00840744469315, 0.00454556010664, -0.00174550502561, -0.0025947811082, 0.0089421318844, -0.0153962867334, 0.0249772761017]]}, "melbands": {"dmean": [0.00293069914915, 0.00374160171486, 0.00116144760977, 0.000791659404058, 0.000275924161542, 0.000224981136853, 0.000122520286823, 8.5700492491e-05, 5.0900678616e-05, 8.53821329656e-05, 0.000269372889306, 6.39840218355e-05, 0.000144676363561, 4.51007508673e-05, 1.55236011778e-05, 1.53641685756e-05, 1.33451094371e-05, 1.02465537566e-05, 7.24033498045e-06, 1.49484121721e-05, 8.37045536173e-06, 6.64174012854e-06, 7.23540279068e-06, 3.31465162162e-06, 3.77209426006e-06, 3.12582483275e-06, 3.00502165373e-06, 5.47715444554e-06, 4.54205974165e-06, 2.17291994886e-06, 8.68160157097e-07, 1.58140323947e-06, 1.25492954339e-06, 1.41234238527e-06, 1.49859306475e-06, 1.83319707503e-06, 1.30799912768e-06, 1.19387789255e-06, 1.1505189832e-06, 1.09600557607e-06], "dmean2": [0.00519118178636, 0.00699715735391, 0.00201563583687, 0.00121492263861, 0.000404851016356, 0.000313066469971, 0.000168339684024, 0.000117647221487, 7.16579379514e-05, 0.000120289994811, 0.000349323148839, 8.10087003629e-05, 0.000169167062268, 5.69938565604e-05, 2.39887558564e-05, 2.4077229682e-05, 2.16542357521e-05, 1.68130700331e-05, 1.18123107313e-05, 2.51413057413e-05, 1.41943792187e-05, 1.1039810488e-05, 1.20860640891e-05, 5.73320721742e-06, 6.55282201478e-06, 5.36503330295e-06, 5.30346460437e-06, 9.89062209555e-06, 7.74605723564e-06, 3.38307609127e-06, 1.46549211877e-06, 2.7673556815e-06, 2.09384006666e-06, 2.33661808124e-06, 2.57660440184e-06, 2.92151685244e-06, 2.19542585e-06, 1.97006647795e-06, 1.70428597812e-06, 1.66747088315e-06], "dvar": [0.0001356122375, 0.000271593598882, 1.99323403649e-05, 1.52551692736e-05, 2.83335339191e-07, 1.57116261335e-07, 3.98823871706e-08, 1.99577616655e-08, 9.65809121567e-09, 3.12407415493e-08, 5.08620530582e-07, 3.09615337812e-08, 3.10586841579e-07, 3.17342561118e-08, 1.02759101228e-09, 1.74888803439e-09, 6.97249147308e-10, 5.05709196741e-10, 2.03097441642e-10, 1.15556220148e-09, 3.2398042582e-10, 1.82212675504e-10, 2.25419793942e-10, 5.79402775758e-11, 8.89330276088e-11, 8.51653123024e-11, 8.53140544321e-11, 5.79958803204e-10, 2.78537026777e-10, 1.72044444663e-11, 6.08010343461e-12, 5.26687825297e-11, 1.77181359862e-11, 1.15716837154e-11, 1.99958730129e-11, 2.11291938806e-11, 1.08806253937e-11, 1.1066016159e-11, 5.60488547935e-12, 6.46440973667e-12], "dvar2": [0.000381124962587, 0.00078847410623, 5.56091727049e-05, 4.22917146352e-05, 7.38715129955e-07, 2.81214283859e-07, 8.4480042517e-08, 3.92132442073e-08, 1.95781240109e-08, 6.22018490049e-08, 8.23726509225e-07, 4.64182861037e-08, 4.3074251721e-07, 4.50078481151e-08, 2.37311525986e-09, 4.20960066805e-09, 1.80045556242e-09, 1.31818722604e-09, 5.0734472179e-10, 3.06276093376e-09, 8.91183515872e-10, 4.88576679114e-10, 6.05515304564e-10, 1.6051215912e-10, 2.50203691099e-10, 2.33175673214e-10, 2.44743142419e-10, 1.68814251467e-09, 7.92129306593e-10, 4.13019722589e-11, 1.62311414309e-11, 1.50493020823e-10, 4.88748694294e-11, 3.11352471583e-11, 5.57241544574e-11, 5.58756686753e-11, 2.98521034281e-11, 2.99255828451e-11, 1.16496066266e-11, 1.53691000898e-11], "max": [0.104169622064, 0.191601872444, 0.0766411721706, 0.0869671329856, 0.0134951872751, 0.0154099371284, 0.00504591688514, 0.00243284087628, 0.0025640942622, 0.0042677456513, 0.0131692178547, 0.00321863102727, 0.0117136444896, 0.00513914227486, 0.00052702537505, 0.000865034817252, 0.000596339639742, 0.000470253697131, 0.00031665575807, 0.000455132161733, 0.00031542556826, 0.000207953402423, 0.000283676170511, 0.000112290450488, 0.000181382565643, 0.000137953742524, 0.000125192571431, 0.000365897954907, 0.000243952774326, 6.97864961694e-05, 4.09366148233e-05, 0.000107366053271, 5.78904327995e-05, 2.81534339592e-05, 5.88919392612e-05, 4.49887556897e-05, 2.83127046714e-05, 4.03306949011e-05, 2.30726509471e-05, 3.03658507619e-05], "mean": [0.00254714838229, 0.00286401901394, 0.00113360129762, 0.00122339942027, 0.000686425075401, 0.000778814137448, 0.000388715416193, 0.000241334550083, 0.000140468182508, 0.000203937408514, 0.000493120576721, 0.000129442676553, 0.000280189182376, 9.2446396593e-05, 2.75290203717e-05, 2.61162203969e-05, 2.0472536562e-05, 1.77396250365e-05, 1.2723803593e-05, 2.26778302022e-05, 1.4718919374e-05, 1.31521537696e-05, 1.2071826859e-05, 5.49489004698e-06, 5.90755234953e-06, 4.89384729008e-06, 4.71602470498e-06, 6.92398953106e-06, 5.54232110517e-06, 2.89837635137e-06, 1.24024245451e-06, 1.47741400269e-06, 1.24962252812e-06, 1.33994240059e-06, 1.27591158616e-06, 1.58887246471e-06, 1.14614647373e-06, 1.00264560388e-06, 1.14943486551e-06, 1.01495629679e-06], "median": [0.00012928651995, 0.00017342697538, 0.000317775818985, 0.000582627719268, 0.000429583509685, 0.000480241258629, 0.000246527226409, 0.000147742670379, 7.14063644409e-05, 5.71251439396e-05, 0.000230755191296, 3.70440211555e-05, 7.47068188502e-05, 3.30921866407e-05, 8.1827147369e-06, 5.81408448852e-06, 1.00043844213e-05, 4.41687552666e-06, 4.21706590714e-06, 6.60019622956e-06, 3.24594384438e-06, 3.30376451529e-06, 3.02057355839e-06, 1.25741644297e-06, 2.23934171117e-06, 1.59394642196e-06, 1.23287691167e-06, 1.47291655139e-06, 1.37242648179e-06, 9.28938959532e-07, 3.32297332761e-07, 3.7227121652e-07, 3.13584394007e-07, 2.83922332756e-07, 1.81072323358e-07, 1.18647278669e-07, 1.26524994926e-07, 9.45069942304e-08, 8.23504393566e-08, 4.81884505632e-08], "min": [9.93838720049e-25, 4.57541454953e-24, 1.08429933276e-23, 1.89918404927e-23, 9.60258922909e-24, 2.35955179563e-24, 3.07474591129e-24, 1.24175005299e-23, 2.1887764653e-23, 1.02733410907e-23, 9.15943320495e-24, 1.05983028743e-23, 4.56749241389e-24, 6.29575965062e-24, 1.35332969486e-23, 7.90341281596e-24, 1.25666023407e-23, 9.25053796203e-24, 9.10584430593e-24, 9.76816876651e-24, 7.90460084048e-24, 7.96860112572e-24, 5.50880778879e-24, 9.18687688698e-24, 9.6865161408e-24, 1.16679596076e-23, 6.40470410264e-24, 1.19786351202e-23, 1.47082563576e-23, 8.0750089955e-24, 1.21536170907e-23, 1.05374706544e-23, 7.21731287656e-24, 9.05597961925e-24, 1.19597860777e-23, 1.07552704172e-23, 1.2680782857e-23, 1.00646518825e-23, 1.02258650749e-23, 1.43503974965e-23], "var": [9.11972601898e-05, 0.000158955197548, 1.32668055812e-05, 1.10585988295e-05, 6.87926558385e-07, 1.03044067146e-06, 2.08690451586e-07, 8.323335976e-08, 5.25763219628e-08, 1.79725219596e-07, 1.01316811651e-06, 1.03159308651e-07, 8.93834453564e-07, 8.99322927239e-08, 2.66644528679e-09, 3.99656130412e-09, 1.17105336539e-09, 1.08256736908e-09, 4.37412245313e-10, 1.74055381219e-09, 6.34027330637e-10, 4.93187712891e-10, 4.48971415601e-10, 9.71642002967e-11, 1.00815321369e-10, 1.03417351072e-10, 8.13520362186e-11, 3.66158936504e-10, 1.96924684892e-10, 2.22649555043e-11, 7.16656465075e-12, 3.20661899811e-11, 1.2614603806e-11, 9.3345817187e-12, 1.35966923484e-11, 1.7315628098e-11, 8.2153268563e-12, 8.18743337017e-12, 6.86950149542e-12, 6.38467577418e-12]}, "mfcc": {"mean": [-694.661560059, 141.396484375, 6.70134353638, 10.4170131683, -8.30532550812, -6.3128285408, -0.799574673176, 2.13896632195, 1.6788892746, -3.08258533478, -12.8981485367, -4.64648342133, 0.474317371845], "cov": [[18505.6679688, 85.0005340576, -104.89743042, 1442.2130127, 161.302581787, -12.6545419693, -193.245925903, -765.164550781, -705.070495605, -211.275680542, -227.501724243, 135.580154419, -236.313751221], [85.0005340576, 1635.8996582, -435.2628479, 115.106376648, -158.991241455, -87.0699005127, -56.5872955322, -25.079826355, -50.5377655029, -65.9016571045, -45.4296417236, -125.852340698, -46.7965011597], [-104.89743042, -435.2628479, 854.615234375, -100.199539185, 126.604217529, 34.972492218, 80.6775817871, 48.7848358154, 10.7438306808, 9.19692134857, 16.3215732574, 40.041343689, 39.9068412781], [1442.2130127, 115.106376648, -100.199539185, 603.804504395, 160.464416504, 105.66545105, 20.6482028961, -80.6124420166, -71.1793518066, 31.0287704468, 62.1914596558, 62.9771270752, -22.0533905029], [161.302581787, -158.991241455, 126.604217529, 160.464416504, 224.368927002, 125.908187866, 90.1613082886, 47.870929718, 44.4485931396, 59.3548927307, 67.8387527466, 69.4792709351, 13.3429470062], [-12.6545419693, -87.0699005127, 34.972492218, 105.66545105, 125.908187866, 172.719421387, 112.8568573, 50.3878555298, 37.4301071167, 38.0718383789, 40.1888160706, 37.5766410828, 16.1430683136], [-193.245925903, -56.5872955322, 80.6775817871, 20.6482028961, 90.1613082886, 112.8568573, 164.281326294, 103.474891663, 63.8396720886, 42.8618621826, 26.0026512146, 22.2777500153, 17.1869449615], [-765.164550781, -25.079826355, 48.7848358154, -80.6124420166, 47.870929718, 50.3878555298, 103.474891663, 171.268325806, 126.254142761, 50.641960144, 26.4282722473, 6.7150812149, 9.19258785248], [-705.070495605, -50.5377655029, 10.7438306808, -71.1793518066, 44.4485931396, 37.4301071167, 63.8396720886, 126.254142761, 179.408493042, 102.074729919, 40.0348052979, 7.40373039246, -10.2835226059], [-211.275680542, -65.9016571045, 9.19692134857, 31.0287704468, 59.3548927307, 38.0718383789, 42.8618621826, 50.641960144, 102.074729919, 130.020263672, 71.2202377319, 10.7724132538, -33.8317527771], [-227.501724243, -45.4296417236, 16.3215732574, 62.1914596558, 67.8387527466, 40.1888160706, 26.0026512146, 26.4282722473, 40.0348052979, 71.2202377319, 110.448570251, 52.50390625, -16.7903499603], [135.580154419, -125.852340698, 40.041343689, 62.9771270752, 69.4792709351, 37.5766410828, 22.2777500153, 6.7150812149, 7.40373039246, 10.7724132538, 52.50390625, 125.090995789, 69.5590133667], [-236.313751221, -46.7965011597, 39.9068412781, -22.0533905029, 13.3429470062, 16.1430683136, 17.1869449615, 9.19258785248, -10.2835226059, -33.8317527771, -16.7903499603, 69.5590133667, 149.852859497]], "icov": [[9.77044473984e-05, -1.06528832475e-05, -1.79964208655e-05, -0.000162048498169, -2.9528477171e-05, 8.53780948091e-05, -0.000153254659381, 0.000240632783971, 0.000236245323322, -0.000246660609264, 0.000623698579147, -0.000494305801112, 0.000387797335861], [-1.06528832475e-05, 0.000859940075316, 0.000328434602125, -0.00041224094457, 0.000369050278096, 0.000462707481347, -0.000335318094585, -0.000162497861311, -0.000315013137879, 0.000871571071912, -0.000873410433996, 0.00125658977777, -0.000436660891864], [-1.79964208655e-05, 0.000328434602125, 0.00164282193873, 0.000507163640577, -0.00143905659206, 0.00101185834501, -0.000928511959501, 2.68433032033e-05, 0.000493477506097, 0.000202809722396, -0.000307613634504, 0.000508028897457, -0.000355328025762], [-0.000162048498169, -0.00041224094457, 0.000507163640577, 0.00346525735222, -0.00233182869852, -0.00106194533873, 0.000384754850529, 0.000664479332045, 0.00166211929172, -0.00132011226378, -0.000366586231394, -0.000631364469882, 0.000295782345347], [-2.9528477171e-05, 0.000369050278096, -0.00143905659206, -0.00233182869852, 0.0120549052954, -0.00536156725138, 0.00020970107289, -0.00163110054564, -0.000646604399662, -0.00100633490365, -0.00131478207186, -0.0025803076569, 0.000467808247777], [8.53780948091e-05, 0.000462707481347, 0.00101185834501, -0.00106194533873, -0.00536156725138, 0.0160419493914, -0.0101810209453, 0.00379528920166, -0.00230313464999, 0.00276876077987, -0.00218494259752, 0.00175333872903, -0.00105412921403], [-0.000153254659381, -0.000335318094585, -0.000928511959501, 0.000384754850529, 0.00020970107289, -0.0101810209453, 0.0196521393955, -0.012080100365, 0.00549091538414, -0.00544120091945, 0.00311458017677, -0.00080344825983, -0.000607023423072], [0.000240632783971, -0.000162497861311, 2.68433032033e-05, 0.000664479332045, -0.00163110054564, 0.00379528920166, -0.012080100365, 0.0232119318098, -0.0155215160921, 0.00894630793482, -0.00416710646823, 0.00197418313473, -0.000311334151775], [0.000236245323322, -0.000315013137879, 0.000493477506097, 0.00166211929172, -0.000646604399662, -0.00230313464999, 0.00549091538414, -0.0155215160921, 0.026008259505, -0.0193416327238, 0.00885638874024, -0.00530153792351, 0.00188674172387], [-0.000246660609264, 0.000871571071912, 0.000202809722396, -0.00132011226378, -0.00100633490365, 0.00276876077987, -0.00544120091945, 0.00894630793482, -0.0193416327238, 0.0293510295451, -0.0164443291724, 0.00786410085857, -0.000692203640938], [0.000623698579147, -0.000873410433996, -0.000307613634504, -0.000366586231394, -0.00131478207186, -0.00218494259752, 0.00311458017677, -0.00416710646823, 0.00885638874024, -0.0164443291724, 0.0283434633166, -0.0159194152802, 0.00845007784665], [-0.000494305801112, 0.00125658977777, 0.000508028897457, -0.000631364469882, -0.0025803076569, 0.00175333872903, -0.00080344825983, 0.00197418313473, -0.00530153792351, 0.00786410085857, -0.0159194152802, 0.0239306651056, -0.0120836356655], [0.000387797335861, -0.000436660891864, -0.000355328025762, 0.000295782345347, 0.000467808247777, -0.00105412921403, -0.000607023423072, -0.000311334151775, 0.00188674172387, -0.000692203640938, 0.00845007784665, -0.0120836356655, 0.013976175338]]}, "spectral_contrast_coeffs": {"dmean": [0.0496691837907, 0.041100397706, 0.0418547876179, 0.0312892980874, 0.0220088586211, 0.0240568481386], "dmean2": [0.0789720639586, 0.0643246099353, 0.0609697960317, 0.0482510849833, 0.0357306152582, 0.0386493355036], "dvar": [0.0020133969374, 0.00126018677838, 0.00132436014246, 0.000708795560058, 0.000367918924894, 0.000619829574134], "dvar2": [0.00501963216811, 0.00297774211504, 0.0027260161005, 0.00165518932045, 0.000911474344321, 0.0014601808507], "max": [-0.245227992535, -0.397702038288, -0.386058688164, -0.598608911037, -0.616719067097, -0.621757030487], "mean": [-0.599477291107, -0.652809023857, -0.654674172401, -0.757356762886, -0.7838139534, -0.795115947723], "median": [-0.597459435463, -0.648026883602, -0.65349984169, -0.756566882133, -0.7871555686, -0.798584163189], "min": [-0.959599673748, -0.965015292168, -0.973466932774, -0.962069392204, -0.963153719902, -0.960632205009], "var": [0.0118663068861, 0.00763974897563, 0.00771736074239, 0.00329719576985, 0.0022200809326, 0.00352484663017]}, "spectral_contrast_valleys": {"dmean": [0.47281563282, 0.368377536535, 0.380112409592, 0.342921406031, 0.332666397095, 0.593821942806], "dmean2": [0.770730435848, 0.578539967537, 0.565751492977, 0.486878246069, 0.473650634289, 0.732457637787], "dvar": [0.288020521402, 0.221691831946, 0.23047991097, 0.249755784869, 0.240635976195, 0.529074311256], "dvar2": [0.563774168491, 0.366568565369, 0.364786356688, 0.405819028616, 0.440011262894, 1.06494379044], "max": [-4.6138420105, -4.57496786118, -5.38618564606, -5.81470060349, -