{"lowlevel": {"average_loudness": 0.689656436443, "barkbands_crest": {"dmean": 2.04736733437, "dmean2": 3.23820471764, "dvar": 3.98461031914, "dvar2": 10.0743846893, "max": 26.9349975586, "mean": 12.8237752914, "median": 11.9710254669, "min": 3.86857676506, "var": 21.3332519531}, "barkbands_flatness_db": {"dmean": 0.0168573055416, "dmean2": 0.0265440233052, "dvar": 0.000329994567437, "dvar2": 0.000762419018429, "max": 0.657150506973, "mean": 0.362346321344, "median": 0.354958176613, "min": 0.0591030716896, "var": 0.00652693584561}, "barkbands_kurtosis": {"dmean": 4.90311908722, "dmean2": 7.96032857895, "dvar": 676.377807617, "dvar2": 1935.52722168, "max": 959.116577148, "mean": 11.7340660095, "median": 1.92856526375, "min": -1.97062802315, "var": 3579.64086914}, "barkbands_skewness": {"dmean": 0.536058664322, "dmean2": 0.853091657162, "dvar": 1.19836544991, "dvar2": 3.53048086166, "max": 20.7488670349, "mean": 0.60502499342, "median": 0.489191174507, "min": -9.95868015289, "var": 2.56721019745}, "barkbands_spread": {"dmean": 1.36182796955, "dmean2": 2.07345676422, "dvar": 7.22651910782, "dvar2": 17.8609352112, "max": 94.0796203613, "mean": 6.544069767, "median": 4.06874036789, "min": 0.0261429622769, "var": 42.1698493958}, "dissonance": {"dmean": 0.0512807220221, "dmean2": 0.0884620025754, "dvar": 0.00259156292304, "dvar2": 0.00711572030559, "max": 0.499999970198, "mean": 0.346173018217, "median": 0.359807431698, "min": 0.0618175007403, "var": 0.00754136452451}, "dynamic_complexity": 7.62838888168, "erbbands_crest": {"dmean": 2.52054023743, "dmean2": 3.96340298653, "dvar": 5.69147872925, "dvar2": 13.7128162384, "max": 34.4852561951, "mean": 16.0860042572, "median": 15.4760036469, "min": 3.2151324749, "var": 28.5800666809}, "erbbands_flatness_db": {"dmean": 0.0148410256952, "dmean2": 0.0225978475064, "dvar": 0.00027582779876, "dvar2": 0.000566760310903, "max": 0.599419772625, "mean": 0.365115016699, "median": 0.371048152447, "min": 0.0449166931212, "var": 0.00650296080858}, "erbbands_kurtosis": {"dmean": 2.00771760941, "dmean2": 3.08620262146, "dvar": 14.3863639832, "dvar2": 32.5469932556, "max": 119.086868286, "mean": 6.1708521843, "median": 2.29247975349, "min": -1.72060596943, "var": 126.885009766}, "erbbands_skewness": {"dmean": 0.369479715824, "dmean2": 0.551348984241, "dvar": 0.155194297433, "dvar2": 0.352238565683, "max": 8.94427108765, "mean": 0.675351023674, "median": 0.490044265985, "min": -7.64257383347, "var": 2.21219205856}, "erbbands_spread": {"dmean": 1.91221952438, "dmean2": 2.90178394318, "dvar": 11.4867219925, "dvar2": 25.2987499237, "max": 104.964103699, "mean": 10.1943626404, "median": 7.31195354462, "min": 0.357456237078, "var": 92.6749343872}, "hfc": {"dmean": 2.15048623085, "dmean2": 3.083963871, "dvar": 15.5777311325, "dvar2": 33.2293663025, "max": 74.719078064, "mean": 8.20649051666, "median": 5.44269180298, "min": 1.17318139541e-16, "var": 81.1544570923}, "melbands_crest": {"dmean": 2.35947847366, "dmean2": 3.68300700188, "dvar": 5.22447824478, "dvar2": 12.6680707932, "max": 31.5078392029, "mean": 15.9127721786, "median": 15.5546560287, "min": 2.18816256523, "var": 26.661157608}, "melbands_flatness_db": {"dmean": 0.0162125304341, "dmean2": 0.0247958693653, "dvar": 0.000373580493033, "dvar2": 0.000811329809949, "max": 0.775686383247, "mean": 0.464452236891, "median": 0.453522652388, "min": 0.00768299633637, "var": 0.0126455575228}, "melbands_kurtosis": {"dmean": 2.21677732468, "dmean2": 3.45327377319, "dvar": 18.9992218018, "dvar2": 48.1444091797, "max": 180.157516479, "mean": 5.4343585968, "median": 2.23855209351, "min": -1.94985473156, "var": 132.454956055}, "melbands_skewness": {"dmean": 0.369285672903, "dmean2": 0.549660801888, "dvar": 0.16663827002, "dvar2": 0.370097607374, "max": 8.80050754547, "mean": 0.942283153534, "median": 0.796216905117, "min": -4.72492837906, "var": 1.36991536617}, "melbands_spread": {"dmean": 2.08255553246, "dmean2": 3.14642167091, "dvar": 21.3770160675, "dvar2": 45.2512512207, "max": 159.77053833, "mean": 10.3012628555, "median": 4.85950899124, "min": 0.271781086922, "var": 159.433059692}, "pitch_salience": {"dmean": 0.0487014167011, "dmean2": 0.0789829492569, "dvar": 0.00211963569745, "dvar2": 0.00551502266899, "max": 0.834428787231, "mean": 0.487700164318, "median": 0.489409565926, "min": 0.0354928486049, "var": 0.0158437900245}, "silence_rate_20dB": {"dmean": 0.000767607009038, "dmean2": 0.00153550866526, "dvar": 0.0007669928018, "dvar2": 0.00230080471374, "max": 1, "mean": 0.999616265297, "median": 1, "min": 0, "var": 0.000383574195439}, "silence_rate_30dB": {"dmean": 0.0049894452095, "dmean2": 0.00998080614954, "dvar": 0.00496445223689, "dvar2": 0.0106485188007, "max": 1, "mean": 0.992709159851, "median": 1, "min": 0, "var": 0.00723794661462}, "silence_rate_60dB": {"dmean": 0.0203415844589, "dmean2": 0.0406909771264, "dvar": 0.0199266374111, "dvar2": 0.0440288968384, "max": 1, "mean": 0.254029154778, "median": 0, "min": 0, "var": 0.189488813281}, "spectral_centroid": {"dmean": 63.1284980774, "dmean2": 92.610496521, "dvar": 25697.3105469, "dvar2": 45450.6367188, "max": 10716.2431641, "mean": 617.993530273, "median": 380.63470459, "min": 192.806488037, "var": 219450.34375}, "spectral_complexity": {"dmean": 0.729610443115, "dmean2": 1.23301339149, "dvar": 0.815552711487, "dvar2": 1.80674672127, "max": 20, "mean": 6.72294712067, "median": 7, "min": 0, "var": 15.2196884155}, "spectral_decrease": {"dmean": 1.12174225464e-09, "dmean2": 1.58843005416e-09, "dvar": 7.96042473728e-18, "dvar2": 1.54689772495e-17, "max": 1.02845185356e-17, "mean": -4.54018511675e-09, "median": -2.69127520269e-09, "min": -1.12099115768e-07, "var": 3.69830632075e-17}, "spectral_energy": {"dmean": 0.00441677169874, "dmean2": 0.00625582179055, "dvar": 0.000119184536743, "dvar2": 0.000232699647313, "max": 0.428776472807, "mean": 0.0178800504655, "median": 0.0107696130872, "min": 1.0797950285e-20, "var": 0.000557667342946}, "spectral_energyband_high": {"dmean": 1.61808668508e-06, "dmean2": 2.57911437984e-06, "dvar": 9.14292044851e-11, "dvar2": 2.33024877172e-10, "max": 0.000304759654682, "mean": 3.05537673739e-06, "median": 8.4133496614e-08, "min": 7.84288955191e-21, "var": 1.87208720748e-10}, "spectral_energyband_low": {"dmean": 0.00123498402536, "dmean2": 0.00156570400577, "dvar": 5.26115072716e-05, "dvar2": 7.84909789218e-05, "max": 0.404388308525, "mean": 0.00344319501892, "median": 0.000501550850458, "min": 5.12757348029e-23, "var": 0.000146686201333}, "spectral_energyband_middle_high": {"dmean": 0.000865981855895, "dmean2": 0.0012174154399, "dvar": 3.97249368689e-06, "dvar2": 7.84106214269e-06, "max": 0.0326177664101, "mean": 0.00238856207579, "median": 0.00017210142687, "min": 1.54492650234e-21, "var": 1.73047919816e-05}, "spectral_energyband_middle_low": {"dmean": 0.0032425201498, "dmean2": 0.00479614362121, "dvar": 6.99231677572e-05, "dvar2": 0.000166967569385, "max": 0.200075909495, "mean": 0.0126862907782, "median": 0.00575356651098, "min": 4.18000000871e-22, "var": 0.000350535177859}, "spectral_entropy": {"dmean": 0.111544072628, "dmean2": 0.172668635845, "dvar": 0.0232432037592, "dvar2": 0.0499500520527, "max": 9.80379104614, "mean": 5.3417596817, "median": 5.33864593506, "min": 2.76693606377, "var": 0.475133448839}, "spectral_flux": {"dmean": 0.012143031694, "dmean2": 0.0205523539335, "dvar": 0.000413493893575, "dvar2": 0.00107608246617, "max": 0.327864557505, "mean": 0.0340464822948, "median": 0.0272301509976, "min": 1.03913183613e-10, "var": 0.00108743039891}, "spectral_kurtosis": {"dmean": 24.8539276123, "dmean2": 42.8139533997, "dvar": 924.95501709, "dvar2": 2762.5234375, "max": 462.981445312, "mean": 97.9761581421, "median": 54.0487785339, "min": -1.22595691681, "var": 8834.765625}, "spectral_rms": {"dmean": 0.000415144255385, "dmean2": 0.000577480706852, "dvar": 4.44006872158e-07, "dvar2": 8.12741234313e-07, "max": 0.0204528365284, "mean": 0.00343280122615, "median": 0.00324144074693, "min": 3.2457027517e-12, "var": 5.65983827983e-06}, "spectral_rolloff": {"dmean": 104.244239807, "dmean2": 190.605056763, "dvar": 212880.90625, "dvar2": 520087.03125, "max": 18626.2207031, "mean": 802.553649902, "median": 516.796875, "min": 21.533203125, "var": 981412.625}, "spectral_skewness": {"dmean": 1.03709864616, "dmean2": 1.78385782242, "dvar": 0.961783707142, "dvar2": 2.75840139389, "max": 17.657491684, "mean": 6.9614944458, "median": 5.38328552246, "min": 0.0418830700219, "var": 18.4416255951}, "spectral_spread": {"dmean": 311802.3125, "dmean2": 538588.25, "dvar": 381261119488, "dvar2": 716684853248, "max": 41140804, "mean": 1649313.5, "median": 1266574.25, "min": 238298.453125, "var": 2368148865020.0}, "spectral_strongpeak": {"dmean": 0.436648666859, "dmean2": 0.708917081356, "dvar": 0.612044453621, "dvar2": 1.34002220631, "max": 10.5238933563, "mean": 1.30468320847, "median": 0.802840352058, "min": 0, "var": 1.96269261837}, "zerocrossingrate": {"dmean": 0.00318502541631, "dmean2": 0.00404026964679, "dvar": 8.27451076475e-05, "dvar2": 0.000121358156321, "max": 0.52734375, "mean": 0.0293484013528, "median": 0.01904296875, "min": 0.00439453125, "var": 0.00102014339063}, "barkbands": {"dmean": [4.43576354883e-05, 0.000306544388877, 0.000845347298309, 0.000374503957573, 0.000675220566336, 0.0020288231317, 0.000599801889621, 0.000507934775669, 0.000173014763277, 0.000368585402612, 6.09000926488e-05, 7.09436499164e-05, 0.000310058938339, 0.000239929388044, 0.000173045700649, 1.68267561094e-05, 1.32944705911e-05, 5.70503516428e-06, 2.1507303245e-05, 2.02611772693e-06, 5.16621241786e-07, 8.5262314542e-08, 1.63924624985e-08, 9.45236244831e-09, 9.1787848433e-09, 6.44654507553e-09, 2.36142594368e-09], "dmean2": [7.98439796199e-05, 0.000459680799395, 0.000998841947876, 0.000595695280936, 0.00106556864921, 0.00315112154931, 0.00102431210689, 0.000689041859005, 0.000166497469763, 0.000495532993227, 9.00547747733e-05, 9.6329356893e-05, 0.00046121320338, 0.000319816521369, 0.000280531123281, 2.65670805675e-05, 1.87118093891e-05, 8.34819365991e-06, 3.27939305862e-05, 3.25486803376e-06, 8.6932556087e-07, 1.34484764658e-07, 2.82871468471e-08, 1.62020921124e-08, 1.56732067325e-08, 1.14906555382e-08, 4.30273860985e-09], "dvar": [6.31812735463e-09, 2.24203222388e-06, 3.8589729229e-05, 9.88576971395e-07, 2.49717527367e-06, 4.33934874309e-05, 1.07333544292e-05, 2.20815536522e-06, 3.29015620082e-07, 1.49321056142e-06, 1.08839500967e-07, 5.49771179692e-08, 6.27406109288e-07, 1.26006455048e-06, 2.88948314164e-07, 4.75219508189e-09, 2.38896391558e-09, 3.53740065018e-10, 8.97416541079e-09, 9.53041395801e-11, 3.25443578336e-12, 7.7061072096e-14, 1.90930560614e-14, 1.38299355285e-14, 1.41667861321e-14, 1.30708491651e-14, 1.47253490919e-15], "dvar2": [1.84859363372e-08, 4.93616926178e-06, 5.3278854466e-05, 2.41162433667e-06, 6.85562235958e-06, 0.000102187150333, 3.27505440509e-05, 3.89935485146e-06, 2.45009857736e-07, 3.07845380121e-06, 2.45591735393e-07, 1.06322950444e-07, 1.33314608775e-06, 2.25564235734e-06, 7.33133731501e-07, 1.17111307318e-08, 4.35576641422e-09, 7.62788554542e-10, 1.77505636856e-08, 2.45112735664e-10, 8.50887589554e-12, 2.00452108796e-13, 5.51635661792e-14, 4.02410885918e-14, 4.10209924839e-14, 3.79832409557e-14, 4.27980506666e-15], "max": [0.00121043762192, 0.0510172918439, 0.364941060543, 0.0319876559079, 0.026061013341, 0.151586949825, 0.110873147845, 0.0477955937386, 0.0182484723628, 0.0232137776911, 0.00847642682493, 0.00546990521252, 0.0114374132827, 0.0282518193126, 0.0134675726295, 0.00142053875607, 0.00182793359272, 0.000437506794697, 0.00397434504703, 0.000292106851703, 3.85973326047e-05, 8.37737115944e-06, 6.82905738358e-06, 6.22716015641e-06, 6.2384406192e-06, 6.05072773396e-06, 2.02937781069e-06], "mean": [4.23290730396e-05, 0.000763029500376, 0.00210500624962, 0.000976573559456, 0.00204548425972, 0.005924182944, 0.00124179990962, 0.00175003556069, 0.000500529888086, 0.000803730625194, 0.000105938779598, 0.000126814091345, 0.000600511964876, 0.000471739651402, 0.00031792363734, 2.7842081181e-05, 2.73879886663e-05, 1.16069022624e-05, 3.30626025971e-05, 3.44323575519e-06, 8.36162314499e-07, 1.81212371331e-07, 2.71854823097e-08, 2.07955359599e-08, 1.84086204058e-08, 1.16633680491e-08, 3.6438947415e-09], "median": [1.56299138325e-05, 4.23776000389e-05, 0.000153165106894, 0.000114158116048, 0.000695529917721, 0.000972331268713, 0.000237233587541, 0.000320162449498, 7.69857360865e-05, 9.57252632361e-06, 3.48488765667e-06, 2.79907817458e-06, 8.91078525456e-06, 8.84745986696e-07, 3.07737127514e-06, 4.99251086694e-07, 2.46371598678e-07, 1.50535498733e-07, 1.16321622556e-07, 2.94520638988e-08, 1.10366507045e-08, 9.42508471269e-09, 5.92182747283e-09, 7.24561477483e-09, 8.63326832246e-09, 9.03950336806e-09, 2.71451083833e-09], "min": [7.27037087218e-24, 4.23079103898e-23, 1.89404320052e-24, 4.13015581664e-24, 1.05045519622e-22, 3.91308646019e-23, 4.63942288115e-23, 1.36842729352e-22, 7.11984958503e-23, 1.50729950324e-22, 4.84196260302e-23, 5.75739592494e-23, 1.12990478586e-22, 7.96106434863e-23, 2.40130294535e-22, 1.02789484718e-22, 1.45845651765e-22, 1.92249277487e-22, 1.59402207488e-22, 3.92036303939e-22, 4.0096267529e-22, 6.63067908341e-22, 6.27833770486e-22, 8.17961920906e-22, 1.46056064318e-21, 1.5302779738e-21, 2.43340420731e-21], "var": [6.13077943967e-09, 4.69253836854e-06, 0.000105479441117, 5.07060485688e-06, 9.39152141655e-06, 0.000177284731762, 1.47281725731e-05, 1.36447051773e-05, 2.38234656535e-06, 4.44456600235e-06, 2.52791693356e-07, 1.68770696973e-07, 1.8001984472e-06, 3.9238680074e-06, 9.34481249715e-07, 1.02864357032e-08, 1.13057563311e-08, 1.3965167911e-09, 1.83269008858e-08, 1.75705533456e-10, 6.08115034023e-12, 1.69807188601e-13, 1.18946261803e-14, 8.16843168355e-15, 8.23782231665e-15, 7.24143120278e-15, 8.10713392086e-16]}, "erbbands": {"dmean": [0.00434454344213, 0.0986818671227, 0.826552987099, 1.06922495365, 1.53308212757, 2.29993128777, 8.51936149597, 20.4143428802, 9.33650684357, 7.91926431656, 9.57593727112, 5.34866857529, 5.63895130157, 11.4787483215, 3.37912559509, 4.16514492035, 13.7989168167, 15.0401916504, 11.3655424118, 2.41936326027, 0.772548317909, 0.40928953886, 0.388669669628, 0.995803833008, 0.772212922573, 0.116339556873, 0.0377769470215, 0.013581215404, 0.00457136565819, 0.00178104871884, 0.000422137585701, 0.00019814708503, 0.000173460459337, 0.000132653061883, 5.39927132195e-05, 3.02009302686e-05, 1.16274777611e-05, 3.84889654015e-06, 2.2493832148e-06, 4.96911934533e-06], "dmean2": [0.00608793040738, 0.141522929072, 0.992044091225, 1.50689649582, 2.57986521721, 3.59641695023, 13.0865430832, 32.346912384, 15.7297458649, 11.9168558121, 12.2990436554, 5.28711605072, 6.75656175613, 16.0440483093, 5.00162601471, 5.77901649475, 20.6399765015, 20.3765258789, 17.809135437, 3.8970515728, 1.20536637306, 0.573034286499, 0.529686570168, 1.39922392368, 1.27223539352, 0.188250124454, 0.0618429481983, 0.0225536022335, 0.00729275355116, 0.00294854282402, 0.000720598443877, 0.000339752237778, 0.000293548539048, 0.000224261588301, 9.32746770559e-05, 5.25183786522e-05, 2.07121429412e-05, 6.85876557327e-06, 3.23085964737e-06, 7.0381374826e-06], "dvar": [0.000266114308033, 0.252637267113, 34.037021637, 19.2757835388, 14.4327487946, 34.2964744568, 604.801208496, 5053.33300781, 2746.78076172, 712.435302734, 979.941772461, 278.999023438, 345.50567627, 2049.96533203, 278.817077637, 142.642913818, 1242.30969238, 3349.90551758, 932.59576416, 103.740234375, 5.35881519318, 2.40369367599, 1.94119358063, 43.4591178894, 4.45633840561, 0.197023406625, 0.0294761825353, 0.00558487512171, 0.000385741092032, 6.60610530758e-05, 1.35497148221e-05, 6.66055439069e-06, 3.79382572646e-06, 1.81942311883e-06, 7.15825478892e-07, 2.12203659089e-07, 4.57122588671e-08, 5.95008664561e-09, 4.24878777994e-11, 1.44564735183e-10], "dvar2": [0.000448734703241, 0.527754545212, 49.3194961548, 28.5172977448, 42.5709114075, 91.6562652588, 1459.25427246, 11950.3925781, 8330.99316406, 1745.42456055, 1374.11779785, 223.160324097, 520.112976074, 4406.00878906, 636.697387695, 279.209350586, 2673.03051758, 6121.94091797, 2326.77563477, 253.241027832, 12.9927139282, 4.12278270721, 3.56621098518, 84.8176422119, 12.1932010651, 0.510375678539, 0.0755828544497, 0.0141560425982, 0.000984644168057, 0.000177124122274, 3.91707326344e-05, 1.93470859813e-05, 1.10396695163e-05, 5.2418672567e-06, 2.07867969948e-06, 6.16705165157e-07, 1.3278325639e-07, 1.72617102834e-08, 9.93886431488e-11, 2.83415207969e-10], "max": [0.583822011948, 17.2358207703, 332.659301758, 239.144439697, 63.4587402344, 132.553634644, 573.487915039, 1548.83825684, 1806.9362793, 1017.35095215, 901.385986328, 554.85144043, 465.672393799, 904.374023438, 434.379333496, 279.7734375, 562.084594727, 1401.46594238, 575.601745605, 434.563964844, 42.0686569214, 63.5936889648, 49.673789978, 291.186462402, 35.6224784851, 13.1227884293, 5.1756644249, 1.87483334541, 0.499744534492, 0.239362433553, 0.189855903387, 0.136423766613, 0.103087678552, 0.0695319697261, 0.0447323545814, 0.0243738163263, 0.0112940752879, 0.00409858999774, 0.000229204146308, 0.000466055586003], "mean": [0.0116659589112, 0.248618140817, 2.11648821831, 3.00951480865, 3.9668815136, 7.11687278748, 27.0871391296, 54.4679412842, 19.8917751312, 23.6365814209, 35.6026611328, 17.0138759613, 15.5392570496, 22.5776939392, 5.84451293945, 8.07680606842, 27.2070217133, 30.9425849915, 20.6622886658, 5.38481378555, 1.413823843, 0.908726632595, 0.904381632805, 1.73488664627, 1.15507411957, 0.215031817555, 0.0656518191099, 0.0245347134769, 0.00907991360873, 0.0033962095622, 0.000818325206637, 0.000432362256106, 0.000375500880182, 0.000270247546723, 0.000115307200758, 6.51953305351e-05, 2.3959475584e-05, 7.38772041586e-06, 9.0755202109e-06, 2.01343464141e-05], "median": [0.00123296142556, 0.0132033163682, 0.165869504213, 0.558175265789, 0.680925011635, 2.37549114227, 5.52741718292, 8.63089561462, 4.34057807922, 5.72352409363, 5.48471260071, 3.29086017609, 0.970896840096, 0.49662810564, 0.609664916992, 0.575375437737, 0.777421295643, 0.294326663017, 0.30235183239, 0.137226060033, 0.0615706369281, 0.018331842497, 0.0122904665768, 0.0118316281587, 0.00350686279126, 0.00185267999768, 0.00070691597648, 0.000481531606056, 0.000337278877851, 0.000247741205385, 0.00018146376533, 0.000154901761562, 0.00013825824135, 0.000105792176328, 7.25428908481e-05, 4.2233565182e-05, 1.82566036528e-05, 5.84602867093e-06, 5.76031425226e-06, 1.23445133795e-05], "min": [2.20252408313e-21, 5.45470320509e-21, 2.56535102607e-21, 1.31262165245e-20, 2.68144140642e-19, 3.32612400385e-19, 1.87078010768e-19, 3.21542087151e-19, 5.30680720513e-19, 2.03291691692e-18, 2.10739439812e-18, 1.39177894351e-18, 3.9817285907e-18, 3.57802267916e-18, 2.26699600218e-18, 1.84056392369e-18, 4.97729422465e-18, 4.53217220701e-18, 8.10954720375e-18, 1.0141569318e-17, 6.4053926009e-18, 8.56797235359e-18, 7.74237413755e-18, 9.77593315342e-18, 1.32709250971e-17, 1.9151861615e-17, 1.03425477371e-17, 2.12435548843e-17, 2.01401058733e-17, 2.38973041449e-17, 1.98934687388e-17, 1.32588093826e-17, 1.64850693704e-17, 1.88857559575e-17, 9.24011615829e-18, 5.2364184777e-18, 2.9471646996e-18, 1.2953930668e-18, 3.39854831937e-19, 3.51093385953e-20], "var": [0.0013373142574, 0.534652173519, 93.0780105591, 71.701789856, 53.039440155, 124.271095276, 2693.703125, 16999.6074219, 3740.78857422, 2912.01342773, 7018.6953125, 2077.10400391, 1607.92443848, 5326.71533203, 626.888793945, 470.591278076, 3483.86303711, 10570.7333984, 2222.23608398, 586.208679199, 12.1037120819, 12.885383606, 10.6850547791, 95.8812866211, 7.9974861145, 0.389344990253, 0.0544717088342, 0.0110989082605, 0.000815459352452, 0.000104836944956, 8.72729560797e-06, 3.92888296119e-06, 2.28278327086e-06, 1.14712497634e-06, 4.01581615961e-07, 1.20030165363e-07, 2.52762557551e-08, 3.28580096465e-09, 1.30875629778e-10, 6.82474132763e-10]}, "gfcc": {"mean": [-242.115936279, 196.837020874, -84.0426864624, -22.7410507202, -46.0615272522, -21.0976390839, -31.3383331299, -12.3425827026, -14.6606750488, 2.16352319717, -3.18927502632, -15.6253089905, -9.48677921295], "cov": [[17210.2402344, 3860.97412109, -6660.34228516, -905.07434082, 1848.65478516, -402.296630859, 798.647583008, -729.046936035, 128.739974976, -371.01574707, 595.397644043, -1151.63879395, 615.207885742], [3860.97412109, 2475.09667969, 560.229431152, -808.998657227, 121.95148468, -236.169250488, -186.949569702, -514.559509277, 43.9577255249, -194.805496216, 96.1287765503, -241.050567627, 129.325057983], [-6660.34228516, 560.229431152, 6103.55664062, -164.195877075, -1316.02270508, -45.4257354736, -850.927490234, -131.733291626, -34.9935302734, -55.5581932068, -368.416534424, 623.86920166, -175.888977051], [-905.07434082, -808.998657227, -164.195877075, 1074.6583252, 216.539672852, 148.090805054, 218.810638428, 216.472244263, -70.5715637207, 50.0519714355, -115.105506897, 10.9948205948, -18.4828300476], [1848.65478516, 121.95148468, -1316.02270508, 216.539672852, 584.9375, 103.449913025, 224.211349487, -11.1252288818, 23.4744434357, 14.5457820892, 62.1183242798, -218.954467773, 48.0266838074], [-402.296630859, -236.169250488, -45.4257354736, 148.090805054, 103.449913025, 276.636169434, 132.873321533, 65.3431015015, 0.796593606472, 22.1292362213, -48.900554657, -49.4280395508, 15.3291368484], [798.647583008, -186.949569702, -850.927490234, 218.810638428, 224.211349487, 132.873321533, 320.200805664, 116.611816406, -9.93116474152, 11.5985527039, 35.1400718689, -124.759353638, 0.100985996425], [-729.046936035, -514.559509277, -131.733291626, 216.472244263, -11.1252288818, 65.3431015015, 116.611816406, 282.241699219, 52.9737167358, 40.5302352905, -23.4876918793, 32.0071487427, -86.3799438477], [128.739974976, 43.9577255249, -34.9935302734, -70.5715637207, 23.4744434357, 0.796593606472, -9.93116474152, 52.9737167358, 129.375289917, 51.5874633789, 0.145618140697, -13.4719657898, 7.52451992035], [-371.01574707, -194.805496216, -55.5581932068, 50.0519714355, 14.5457820892, 22.1292362213, 11.5985527039, 40.5302352905, 51.5874633789, 124.213859558, 33.5613441467, -5.08903932571, -30.2525577545], [595.397644043, 96.1287765503, -368.416534424, -115.105506897, 62.1183242798, -48.900554657, 35.1400718689, -23.4876918793, 0.145618140697, 33.5613441467, 125.643875122, -18.9443187714, 0.794428229332], [-1151.63879395, -241.050567627, 623.86920166, 10.9948205948, -218.954467773, -49.4280395508, -124.759353638, 32.0071487427, -13.4719657898, -5.08903932571, -18.9443187714, 229.584945679, 22.3627948761], [615.207885742, 129.325057983, -175.888977051, -18.4828300476, 48.0266838074, 15.3291368484, 0.100985996425, -86.3799438477, 7.52451992035, -30.2525577545, 0.794428229332, 22.3627948761, 189.624984741]], "icov": [[0.000841042608954, -0.00177583913319, 0.00119564286433, -0.000666852400173, 0.000655441835988, -0.000101259174698, 1.17751869766e-05, -8.98102225619e-05, -0.000639676116407, 0.000726146390662, -0.00034185370896, -0.000241415182245, -0.000501065922435], [-0.00177583913319, 0.00626183580607, -0.0038221986033, 0.00235615228303, -0.00320098130032, 0.00253088772297, -0.00178049097303, 0.00251798774116, -0.001195339486, 0.00226737046614, -0.0018964279443, 0.00394894881174, -0.000119348849694], [0.00119564286433, -0.0038221986033, 0.00301883392967, -0.00188245705795, 0.00300745922141, -0.00229213922285, 0.00185533077456, -0.000309148803353, -0.00060175487306, -0.00025892467238, 0.00108022580389, -0.00274495291524, 0.000927892979234], [-0.000666852400173, 0.00235615228303, -0.00188245705795, 0.0036600001622, -0.00359599525109, 0.00254593929276, -0.00240086042322, -0.00137812457979, 0.00355505710468, -0.00262109306641, 0.00317209819332, 0.000623606320005, -0.00140037760139], [0.000655441835988, -0.00320098130032, 0.00300745922141, -0.00359599525109, 0.00824445486069, -0.00448821205646, 0.00249338964932, 0.00117868324742, -0.00304658780806, 0.00108552526217, -0.00179758504964, -0.000450987485237, 0.00166083406657], [-0.000101259174698, 0.00253088772297, -0.00229213922285, 0.00254593929276, -0.00448821205646, 0.00974060874432, -0.00575071806088, -0.000143712226418, 0.00136918970384, -0.00101534696296, 0.00258071045391, 0.00359303504229, -0.0036394558847], [1.17751869766e-05, -0.00178049097303, 0.00185533077456, -0.00240086042322, 0.00249338964932, -0.00575071806088, 0.0121177919209, -0.00501593528315, 0.00247308681719, 0.000127701641759, -0.00304770306684, 0.0015881647123, -4.72526371595e-05], [-8.98102225619e-05, 0.00251798774116, -0.000309148803353, -0.00137812457979, 0.00117868324742, -0.000143712226418, -0.00501593528315, 0.0139065440744, -0.0109954103827, 0.00647252378985, -0.00232162815519, -0.00173876783811, 0.00588734075427], [-0.000639676116407, -0.001195339486, -0.00060175487306, 0.00355505710468, -0.00304658780806, 0.00136918970384, 0.00247308681719, -0.0109954103827, 0.0218078773469, -0.0145819969475, 0.00853981915861, -0.000601477571763, -0.00482682744041], [0.000726146390662, 0.00226737046614, -0.00025892467238, -0.00262109306641, 0.00108552526217, -0.00101534696296, 0.000127701641759, 0.00647252378985, -0.0145819969475, 0.023054452613, -0.0134672429413, 0.00517936563119, 0.00205996003933], [-0.00034185370896, -0.0018964279443, 0.00108022580389, 0.00317209819332, -0.00179758504964, 0.00258071045391, -0.00304770306684, -0.00232162815519, 0.00853981915861, -0.0134672429413, 0.0218800585717, -0.00739303324372, 0.00119711935986], [-0.000241415182245, 0.00394894881174, -0.00274495291524, 0.000623606320005, -0.000450987485237, 0.00359303504229, 0.0015881647123, -0.00173876783811, -0.000601477571763, 0.00517936563119, -0.00739303324372, 0.0162619370967, -0.00640108948573], [-0.000501065922435, -0.000119348849694, 0.000927892979234, -0.00140037760139, 0.00166083406657, -0.0036394558847, -4.72526371595e-05, 0.00588734075427, -0.00482682744041, 0.00205996003933, 0.00119711935986, -0.00640108948573, 0.0115302838385]]}, "melbands": {"dmean": [6.05333261774e-05, 0.000324273220031, 0.000192606734345, 0.000130899381475, 0.000262531946646, 0.000420215976192, 0.000136236529215, 8.78960199771e-05, 7.08715815563e-05, 3.26551598846e-05, 2.76756363746e-05, 4.93788684253e-05, 8.43950510898e-06, 1.01574560176e-05, 1.34144047479e-05, 3.52408242179e-05, 2.95816153084e-05, 1.77350848389e-05, 8.62893921294e-06, 1.57736837991e-06, 7.20048774383e-07, 3.92910664004e-07, 5.96103234329e-07, 4.31455589478e-07, 8.79546576016e-07, 6.72166493132e-07, 1.77077922103e-07, 7.40960643952e-08, 3.89581842342e-08, 4.36371561108e-09, 1.13019664738e-08, 3.21800475156e-09, 1.12662379426e-09, 8.35068958427e-10, 2.61635463294e-10, 1.56430562948e-10, 1.16674434003e-10, 1.43138945141e-10, 1.15735983297e-10, 1.21274962295e-10], "dmean2": [8.81007581484e-05, 0.000399376120185, 0.000280063366517, 0.000213402367081, 0.000401231547585, 0.000661187455989, 0.000229766519624, 0.000130460655782, 9.04977641767e-05, 3.1204905099e-05, 3.34266806021e-05, 6.90638480592e-05, 1.26275390357e-05, 1.40423153425e-05, 2.02260544029e-05, 5.1771170547e-05, 3.96244431613e-05, 2.72248307738e-05, 1.39556568683e-05, 2.51753795055e-06, 1.1124861885e-06, 5.82311258768e-07, 7.78399510182e-07, 6.11624273006e-07, 1.22179380924e-06, 1.11877284326e-06, 2.89013797783e-07, 1.20501454148e-07, 6.38320045709e-08, 7.08263936389e-09, 1.89538358342e-08, 5.14325293466e-09, 1.85326654023e-09, 1.40071432231e-09, 4.53817650126e-10, 2.66186461761e-10, 1.98902908033e-10, 2.42466352551e-10, 1.94326194025e-10, 2.06744205089e-10], "dvar": [6.62848904653e-08, 4.72792180517e-06, 5.29215355982e-07, 9.4213248758e-08, 5.47047079635e-07, 2.06916956813e-06, 5.87121007811e-07, 8.40184455342e-08, 5.88709845317e-08, 1.20950414129e-08, 8.50711412426e-09, 3.91692509538e-08, 1.96320293355e-09, 1.05175868015e-09, 1.87780413441e-09, 9.07246366921e-09, 1.7451894152e-08, 2.33429919838e-09, 1.2344655298e-09, 4.09305714322e-11, 4.46123563438e-12, 1.71788462362e-12, 1.00492322797e-11, 2.79174903681e-12, 4.06055918056e-11, 3.61730719163e-12, 2.09867049412e-13, 1.6806364243e-13, 3.9668612904e-14, 2.4086363884e-16, 4.80671800512e-15, 1.78914018123e-16, 1.77632139637e-17, 1.732986893e-17, 4.73501136887e-18, 3.27313424513e-18, 2.1571265645e-18, 1.91704814505e-18, 1.54587235187e-18, 1.25081475262e-18], "dvar2": [1.34790113293e-07, 7.15657006367e-06, 8.39497033667e-07, 2.77860124243e-07, 1.32233765271e-06, 4.87689521833e-06, 1.77810409241e-06, 1.96021900933e-07, 8.14405893834e-08, 8.98368934799e-09, 1.28868924421e-08, 8.39816181042e-08, 4.45694059437e-09, 2.17195994523e-09, 4.35454516889e-09, 1.87779090055e-08, 3.18646655728e-08, 5.54557955113e-09, 3.04408365182e-09, 1.00979689888e-10, 1.05763410183e-11, 3.69124782823e-12, 1.62637923962e-11, 5.93879589603e-12, 7.81761461122e-11, 1.00423332844e-11, 5.55195321141e-13, 4.3637595165e-13, 1.01354220969e-13, 6.05269309438e-16, 1.22299097729e-14, 4.56599939421e-16, 4.85707220801e-17, 4.69410108373e-17, 1.37179682417e-17, 9.47706535348e-18, 6.26386696118e-18, 5.59621805592e-18, 4.45834426939e-18, 3.59576694407e-18], "max": [0.00796141568571, 0.12130664289, 0.0382585227489, 0.00532251503319, 0.0173729434609, 0.0311269890517, 0.0265473686159, 0.0115928798914, 0.00687475223094, 0.00353732728399, 0.00229567475617, 0.00395623315126, 0.00112856714986, 0.000611597264651, 0.000852598401252, 0.00158004986588, 0.00323206093162, 0.000852385303006, 0.00142193620559, 0.000135129404953, 4.06246981584e-05, 3.92184811062e-05, 0.000130982734845, 5.25842478964e-05, 0.000283804169158, 3.20332837873e-05, 7.35406001695e-06, 1.26055701912e-05, 6.0478123487e-06, 4.60000251223e-07, 1.70610610439e-06, 3.52469498921e-07, 1.5240043183e-07, 1.25755946101e-07, 1.12382743112e-07, 9.46577003447e-08, 7.75465807124e-08, 7.30425782081e-08, 6.53361951208e-08, 5.61308226565e-08], "mean": [0.000159883056767, 0.000828286807518, 0.000544795941096, 0.000389995519072, 0.000852052646223, 0.00116356101353, 0.000286055408651, 0.000274459074717, 0.000259401800577, 9.51276233536e-05, 7.50379622332e-05, 9.60882243817e-05, 1.44342066051e-05, 1.77090514626e-05, 2.61293826043e-05, 6.81298552081e-05, 5.91071438976e-05, 3.11789117404e-05, 1.7892318283e-05, 2.62366711468e-06, 1.23903907934e-06, 7.69993278027e-07, 1.35568461701e-06, 8.33324747873e-07, 1.45541787333e-06, 9.68058998296e-07, 2.77062468967e-07, 1.24874588892e-07, 6.1527750006e-08, 7.24277526842e-09, 1.82352746236e-08, 5.91606541533e-09, 2.14294093581e-09, 1.38858391452e-09, 4.38818897885e-10, 2.82833617637e-10, 2.29108690353e-10, 2.72330963336e-10, 2.28256705204e-10, 2.12829989743e-10], "median": [1.36917815325e-05, 6.65426196065e-05, 9.72720736172e-05, 9.85802398645e-05, 0.000195960412384, 0.000181639275979, 5.83737491979e-05, 6.92095345585e-05, 3.42581624864e-05, 1.4643907889e-05, 3.21660286318e-06, 1.01315913525e-06, 5.89047033372e-07, 4.85378961912e-07, 1.19381491004e-06, 7.53427229938e-07, 1.94385378904e-07, 3.19924879477e-07, 1.6316903384e-07, 6.11579764609e-08, 3.02425107179e-08, 1.08762696627e-08, 9.95865256925e-09, 5.62583402086e-09, 3.47420248126e-09, 2.68670485859e-09, 1.25806232099e-09, 1.04881547891e-09, 4.39609487701e-10, 2.56758836414e-10, 2.35690772454e-10, 1.87971721521e-10, 1.40754394251e-10, 1.20619347843e-10, 9.73377420332e-11, 8.91459683849e-11, 8.74219308056e-11, 8.86417883539e-11, 8.34328162114e-11, 7.41777472779e-11], "min": [1.5097379354e-23, 3.21908379112e-24, 6.91386017442e-24, 2.77955613271e-23, 6.72134103709e-24, 7.05189978878e-24, 8.35239142244e-24, 2.6311835449e-23, 1.50285039084e-23, 9.31219533038e-24, 2.17279650994e-23, 1.68482955762e-23, 7.65754380446e-24, 5.69820461466e-24, 6.65843411306e-24, 1.14159295924e-23, 7.76315334701e-24, 9.84644191211e-24, 2.17255133197e-23, 8.24253938595e-24, 5.99609663627e-24, 9.76484292894e-24, 5.40661519725e-24, 1.03257324989e-23, 7.27586371066e-24, 7.93628149443e-24, 1.27513961632e-23, 1.21509097201e-23, 5.53733970444e-24, 9.28468538403e-24, 1.22002379814e-23, 9.7613246093e-24, 1.56137724357e-23, 1.12018264319e-23, 1.23910815781e-23, 8.78096140845e-24, 7.30160345314e-24, 1.0719434044e-23, 1.35763987308e-23, 1.73652787259e-23], "var": [2.01168404601e-07, 1.25750402731e-05, 1.87803175322e-06, 4.24490195883e-07, 2.48219657806e-06, 7.51737343307e-06, 8.13194787952e-07, 3.84075235615e-07, 4.0209752683e-07, 8.30114430528e-08, 3.9275089847e-08, 1.03084886405e-07, 4.53542448042e-09, 2.82315837374e-09, 4.88431295409e-09, 2.71865037149e-08, 5.42868114906e-08, 5.40173239472e-09, 6.43204067785e-09, 9.00990185237e-11, 9.82876540573e-12, 6.52884604019e-12, 5.29541827055e-11, 8.33302524206e-12, 8.8738905113e-11, 6.352922962e-12, 3.89274007993e-13, 2.96329231769e-13, 7.04140928507e-14, 5.37939031038e-16, 8.89057470493e-15, 3.42979151634e-16, 3.11025899108e-17, 2.14274106647e-17, 2.98037227888e-18, 1.94605406041e-18, 1.26271984619e-18, 1.17840873847e-18, 9.35011360218e-19, 8.03882450215e-19]}, "mfcc": {"mean": [-875.829528809, 209.757919312, 28.2676372528, 11.4762001038, -0.909809172153, -8.23087310791, -8.11563968658, -19.5706291199, -11.2914867401, 5.62522745132, 5.95756340027, -2.61629390717, -2.23655700684], "cov": [[10975.6464844, 4375.74951172, -4694.27001953, -874.18371582, -59.8124885559, 24.6649093628, 515.416320801, -366.203857422, -62.6161613464, 670.038452148, 289.342041016, -523.006713867, -347.535491943], [4375.74951172, 3594.95825195, -46.76820755, -684.67767334, -131.401824951, 4.39154529572, -132.162384033, -363.30947876, -258.400939941, -45.6042366028, -135.20022583, -208.109100342, -173.714370728], [-4694.27001953, -46.76820755, 4153.15039062, 379.616760254, -89.9062042236, 34.5049057007, -510.184570312, -17.4557571411, -153.282531738, -655.338012695, -457.513183594, 155.741439819, 154.34526062], [-874.18371582, -684.67767334, 379.616760254, 634.136657715, 167.503097534, 42.9403419495, 102.473747253, 123.894515991, 82.0689468384, -23.7292900085, -26.0824546814, 7.59673643112, 75.2801742554], [-59.8124885559, -131.401824951, -89.9062042236, 167.503097534, 242.04649353, 104.681526184, 59.9707450867, 22.0441169739, 37.3019523621, 68.3312911987, 17.8363552094, -5.56421422958, -14.6920385361], [24.6649093628, 4.39154529572, 34.5049057007, 42.9403419495, 104.681526184, 236.957275391, 107.495872498, -19.9075069427, 73.6535186768, 71.4434509277, -58.9281044006, -93.4428482056, -53.7111701965], [515.416320801, -132.162384033, -510.184570312, 102.473747253, 59.9707450867, 107.495872498, 258.079437256, 77.6981887817, 60.3694419861, 156.514129639, 72.7809295654, -45.8351860046, -40.3121414185], [-366.203857422, -363.30947876, -17.4557571411, 123.894515991, 22.0441169739, -19.9075069427, 77.6981887817, 190.897232056, 96.3064346313, -16.2979850769, 30.7958621979, 44.5141029358, 47.9559249878], [-62.6161613464, -258.400939941, -153.282531738, 82.0689468384, 37.3019523621, 73.6535186768, 60.3694419861, 96.3064346313, 196.511428833, 112.429260254, -13.3804559708, -56.2000694275, -11.1723079681], [670.038452148, -45.6042366028, -655.338012695, -23.7292900085, 68.3312911987, 71.4434509277, 156.514129639, -16.2979850769, 112.429260254, 327.692382812, 137.597335815, -73.3142471313, -89.702255249], [289.342041016, -135.20022583, -457.513183594, -26.0824546814, 17.8363552094, -58.9281044006, 72.7809295654, 30.7958621979, -13.3804559708, 137.597335815, 236.638473511, 117.459877014, -27.5167560577], [-523.006713867, -208.109100342, 155.741439819, 7.59673643112, -5.56421422958, -93.4428482056, -45.8351860046, 44.5141029358, -56.2000694275, -73.3142471313, 117.459877014, 214.908340454, 67.6543807983], [-347.535491943, -173.714370728, 154.34526062, 75.2801742554, -14.6920385361, -53.7111701965, -40.3121414185, 47.9559249878, -11.1723079681, -89.702255249, -27.5167560577, 67.6543807983, 143.099304199]], "icov": [[0.0302692409605, -0.0421838089824, 0.0406986325979, -0.0373488292098, 0.0344463400543, -0.0302809346467, 0.0251427553594, -0.0206065028906, 0.014544066973, -0.00976371020079, 0.00500077055767, -0.000379921344575, 0.000370959285647], [-0.0421838089824, 0.0593450628221, -0.0572058707476, 0.0534575283527, -0.0496093221009, 0.0444871373475, -0.0380317829549, 0.0320826508105, -0.0229406096041, 0.0163485296071, -0.00914354994893, 0.00264243874699, -0.00123964005616], [0.0406986325979, -0.0572058707476, 0.0569248870015, -0.05439081043, 0.0520402565598, -0.0492375344038, 0.0451451130211, -0.039220482111, 0.0309815481305, -0.0228669997305, 0.0160449873656, -0.00777467060834, 0.00418124999851], [-0.0373488292098, 0.0534575283527, -0.05439081043, 0.057404845953, -0.0564443655312, 0.0559918135405, -0.0559989139438, 0.0502428822219, -0.0430658124387, 0.0343211516738, -0.0248909890652, 0.0155983762816, -0.0087466603145], [0.0344463400543, -0.0496093221009, 0.0520402565598, -0.0564443655312, 0.0632205605507, -0.0635000318289, 0.0640598684549, -0.0606963224709, 0.0536390729249, -0.0442537367344, 0.0325577743351, -0.022048547864, 0.0111736580729], [-0.0302809346467, 0.0444871373475, -0.0492375344038, 0.0559918135405, -0.0635000318289, 0.0782240256667, -0.0808724761009, 0.0782582983375, -0.0714628919959, 0.0570159777999, -0.0410909540951, 0.0295541286469, -0.0137650631368], [0.0251427553594, -0.0380317829549, 0.0451451130211, -0.0559989139438, 0.0640598684549, -0.0808724761009, 0.0984776616096, -0.0952647402883, 0.0875746905804, -0.0740336030722, 0.0550748854876, -0.0380792990327, 0.0205725580454], [-0.0206065028906, 0.0320826508105, -0.039220482111, 0.0502428822219, -0.0606963224709, 0.0782582983375, -0.0952647402883, 0.106487736106, -0.096615113318, 0.0809073224664, -0.0633366256952, 0.0419854968786, -0.0234640464187], [0.014544066973, -0.0229406096041, 0.0309815481305, -0.0430658124387, 0.0536390729249, -0.0714628919959, 0.0875746905804, -0.096615113318, 0.0981539860368, -0.080187022686, 0.0637671276927, -0.0422311611474, 0.0220710523427], [-0.00976371020079, 0.0163485296071, -0.0228669997305, 0.0343211516738, -0.0442537367344, 0.0570159777999, -0.0740336030722, 0.0809073224664, -0.080187022686, 0.0763868317008, -0.062325656414, 0.0437985807657, -0.0194392297417], [0.00500077055767, -0.00914354994893, 0.0160449873656, -0.0248909890652, 0.0325577743351, -0.0410909540951, 0.0550748854876, -0.0633366256952, 0.0637671276927, -0.062325656414, 0.065537750721, -0.0469927377999, 0.0222229193896], [-0.000379921344575, 0.00264243874699, -0.00777467060834, 0.0155983762816, -0.022048547864, 0.0295541286469, -0.0380792990327, 0.0419854968786, -0.0422311611474, 0.0437985807657, -0.0469927377999, 0.0421823523939, -0.0183245558292], [0.000370959285647, -0.00123964005616, 0.00418124999851, -0.0087466603145, 0.0111736580729, -0.0137650631368, 0.0205725580454, -0.0234640464187, 0.0220710523427, -0.0194392297417, 0.0222229193896, -0.0183245558292, 0.0185894910246]]}, "spectral_contrast_coeffs": {"dmean": [0.0373506657779, 0.0315053090453, 0.0290475301445, 0.0258264690638, 0.017761932686, 0.0155854318291], "dmean2": [0.0623395033181, 0.0513188689947, 0.0450764074922, 0.040747422725, 0.0285557229072, 0.0266424864531], "dvar": [0.00108450115658, 0.00102722388692, 0.000724893703591, 0.000571189273614, 0.000304481975036, 0.00025450263638], "dvar2": [0.00280435639434, 0.00258909864351, 0.00165710342117, 0.00131794798654, 0.000691697758157, 0.000740464834962], "max": [-0.288272500038, -0.276001751423, -0.321590036154, -0.331054389477, -0.489421188831, -0.63562297821], "mean": [-0.598848521709, -0.624962627888, -0.666480302811, -0.684364616871, -0.777340590954, -0.840048193932], "median": [-0.597084522247, -0.628243207932, -0.683871984482, -0.708181381226, -0.797749757767, -0.873953700066], "min": [-0.956304609776, -0.962077200413, -0.955801010132, -0.95786345005, -0.961472809315, -0.962259531021], "var": [0.0113084586337, 0.00968650262803, 0.0163827948272, 0.0218634586781, 0.0135619584471, 0.0037257745862]}, "spectral_contrast_valleys": {"dmean": [0.401213467121, 0.270312011242, 0.279323637486, 0.234994798899, 0.175517484546, 0.247237741947], "dmean2": [0.671226322651, 0.443942636251, 0.456276744604, 0.387631177902, 0.28603336215, 0.42462921142