{"lowlevel": {"average_loudness": 0.586402893066, "barkbands_crest": {"dmean": 1.7653952837, "dmean2": 2.55774641037, "dvar": 2.85370230675, "dvar2": 6.11778306961, "max": 26.4323558807, "mean": 11.8083820343, "median": 11.0963420868, "min": 3.97211837769, "var": 17.0167808533}, "barkbands_flatness_db": {"dmean": 0.0135921090841, "dmean2": 0.0189784038812, "dvar": 0.000317374098813, "dvar2": 0.000530117191374, "max": 0.654504477978, "mean": 0.220442682505, "median": 0.215836644173, "min": 0.0589109510183, "var": 0.00560607016087}, "barkbands_kurtosis": {"dmean": 4.52188014984, "dmean2": 6.43043518066, "dvar": 104.193946838, "dvar2": 198.425003052, "max": 182.565826416, "mean": 10.7350111008, "median": 5.54390382767, "min": -1.47441124916, "var": 273.060546875}, "barkbands_skewness": {"dmean": 0.444450646639, "dmean2": 0.646254360676, "dvar": 0.310325264931, "dvar2": 0.61351621151, "max": 9.28261375427, "mean": 1.88006770611, "median": 1.81295132637, "min": -2.17051911354, "var": 2.18726992607}, "barkbands_spread": {"dmean": 1.69223666191, "dmean2": 2.61733198166, "dvar": 5.06929302216, "dvar2": 11.8395671844, "max": 40.3048973083, "mean": 8.70001029968, "median": 7.33295822144, "min": 0.13643604517, "var": 40.3393592834}, "dissonance": {"dmean": 0.0300614032894, "dmean2": 0.0491162873805, "dvar": 0.000876850332133, "dvar2": 0.00232123699971, "max": 0.499950319529, "mean": 0.39286121726, "median": 0.402969866991, "min": 0.0614252015948, "var": 0.00446396926418}, "dynamic_complexity": 6.03833818436, "erbbands_crest": {"dmean": 2.40702152252, "dmean2": 3.75672698021, "dvar": 5.32478141785, "dvar2": 12.6371107101, "max": 30.8489723206, "mean": 11.0764560699, "median": 10.1259670258, "min": 2.64397835732, "var": 26.1780033112}, "erbbands_flatness_db": {"dmean": 0.0133718987927, "dmean2": 0.0203331336379, "dvar": 0.000245909264777, "dvar2": 0.00045630990644, "max": 0.569383442402, "mean": 0.19368968904, "median": 0.194525524974, "min": 0.0859285444021, "var": 0.00236386945471}, "erbbands_kurtosis": {"dmean": 2.09427642822, "dmean2": 2.95528054237, "dvar": 27.5923442841, "dvar2": 46.4606437683, "max": 138.670684814, "mean": 3.77779340744, "median": 0.411073803902, "min": -1.50411653519, "var": 119.887779236}, "erbbands_skewness": {"dmean": 0.385340303183, "dmean2": 0.567309141159, "dvar": 0.17779687047, "dvar2": 0.349356114864, "max": 9.42338562012, "mean": 0.813707828522, "median": 0.509210705757, "min": -1.96453738213, "var": 1.8248257637}, "erbbands_spread": {"dmean": 3.93901109695, "dmean2": 6.09249830246, "dvar": 19.9525413513, "dvar2": 43.1111679077, "max": 81.043548584, "mean": 24.2802524567, "median": 22.8427028656, "min": 1.22324132919, "var": 125.30921936}, "hfc": {"dmean": 1.20724761486, "dmean2": 1.9719889164, "dvar": 6.00826644897, "dvar2": 15.5832767487, "max": 54.3582992554, "mean": 7.654753685, "median": 3.88126516342, "min": 1.08454687519e-16, "var": 79.0898208618}, "melbands_crest": {"dmean": 2.20192432404, "dmean2": 3.10262298584, "dvar": 4.46386289597, "dvar2": 9.1314535141, "max": 34.2460746765, "mean": 16.7762794495, "median": 16.5069961548, "min": 1.00199568272, "var": 40.2700805664}, "melbands_flatness_db": {"dmean": 0.0141695085913, "dmean2": 0.0195206608623, "dvar": 0.000553703401238, "dvar2": 0.000961628800724, "max": 0.769248664379, "mean": 0.319268584251, "median": 0.326973974705, "min": 1.98459375156e-07, "var": 0.0113424472511}, "melbands_kurtosis": {"dmean": 5.87592363358, "dmean2": 8.48504066467, "dvar": 109.109886169, "dvar2": 211.161209106, "max": 178.498931885, "mean": 15.4537162781, "median": 9.15259742737, "min": -1.40205073357, "var": 401.920898438}, "melbands_skewness": {"dmean": 0.488329797983, "dmean2": 0.706594824791, "dvar": 0.301652193069, "dvar2": 0.636609494686, "max": 8.95726490021, "mean": 2.50404906273, "median": 2.35844326019, "min": -0.38692253828, "var": 2.12962436676}, "melbands_spread": {"dmean": 2.48295497894, "dmean2": 3.90709686279, "dvar": 32.2159500122, "dvar2": 71.3010406494, "max": 154.82019043, "mean": 15.4512529373, "median": 7.42767620087, "min": 0.326649814844, "var": 880.813598633}, "pitch_salience": {"dmean": 0.0443161800504, "dmean2": 0.0654889717698, "dvar": 0.00184238969814, "dvar2": 0.00380578660406, "max": 0.996060729027, "mean": 0.500305294991, "median": 0.492470055819, "min": 0.139777109027, "var": 0.014530973509}, "silence_rate_20dB": {"dmean": 0, "dmean2": 0, "dvar": 0, "dvar2": 0, "max": 1, "mean": 1, "median": 1, "min": 1, "var": 0}, "silence_rate_30dB": {"dmean": 0.00789993442595, "dmean2": 0.015810277313, "dvar": 0.00783736631274, "dvar2": 0.0168777573854, "max": 1, "mean": 0.970394730568, "median": 1, "min": 0, "var": 0.028729390353}, "silence_rate_60dB": {"dmean": 0.0131665570661, "dmean2": 0.0263504609466, "dvar": 0.0129933785647, "dvar2": 0.0296086315066, "max": 1, "mean": 0.200657889247, "median": 0, "min": 0, "var": 0.160392597318}, "spectral_centroid": {"dmean": 85.9745864868, "dmean2": 134.200378418, "dvar": 97721.3359375, "dvar2": 168469.34375, "max": 11678.1787109, "mean": 1060.03820801, "median": 437.60244751, "min": 164.978027344, "var": 6020103.5}, "spectral_complexity": {"dmean": 0.996708333492, "dmean2": 1.69301712513, "dvar": 1.2211792469, "dvar2": 2.97294092178, "max": 27, "mean": 9.53947353363, "median": 9, "min": 0, "var": 40.7562789917}, "spectral_decrease": {"dmean": 1.16507159476e-09, "dmean2": 1.66320335282e-09, "dvar": 7.72262437324e-18, "dvar2": 1.63638609409e-17, "max": 2.25827467486e-28, "mean": -6.53150911134e-09, "median": -2.81318035533e-09, "min": -6.7195614406e-08, "var": 8.08905612018e-17}, "spectral_energy": {"dmean": 0.00448510842398, "dmean2": 0.00642873859033, "dvar": 0.000113948946819, "dvar2": 0.00024277245393, "max": 0.257364034653, "mean": 0.0253456998616, "median": 0.0109081156552, "min": 9.95698467522e-21, "var": 0.00120068597607}, "spectral_energyband_high": {"dmean": 2.01323673537e-05, "dmean2": 3.25549444824e-05, "dvar": 4.82903628196e-09, "dvar2": 1.23693055798e-08, "max": 0.00141960266046, "mean": 7.2739465395e-05, "median": 1.53974760906e-05, "min": 7.19712887317e-21, "var": 2.64647237458e-08}, "spectral_energyband_low": {"dmean": 0.00266782031395, "dmean2": 0.00305335735902, "dvar": 6.16035977146e-05, "dvar2": 7.32949265512e-05, "max": 0.213055744767, "mean": 0.0114592304453, "median": 0.00353667931631, "min": 9.58420403683e-24, "var": 0.000503861752804}, "spectral_energyband_middle_high": {"dmean": 0.000412032968597, "dmean2": 0.000632191775367, "dvar": 3.38869085681e-07, "dvar2": 7.71270833866e-07, "max": 0.013630525209, "mean": 0.00186728674453, "median": 0.000944964180235, "min": 1.16049875552e-21, "var": 5.40422479389e-06}, "spectral_energyband_middle_low": {"dmean": 0.00363940442912, "dmean2": 0.00606455933303, "dvar": 9.60009201663e-05, "dvar2": 0.000276440609014, "max": 0.1750562042, "mean": 0.0125156342983, "median": 0.005012312904, "min": 1.65214256959e-22, "var": 0.000301955471514}, "spectral_entropy": {"dmean": 0.1392365098, "dmean2": 0.199194550514, "dvar": 0.0390742458403, "dvar2": 0.0641023665667, "max": 9.82656955719, "mean": 6.51819562912, "median": 6.39840984344, "min": 3.19801402092, "var": 0.897927224636}, "spectral_flux": {"dmean": 0.010226151906, "dmean2": 0.0169920921326, "dvar": 0.000419205694925, "dvar2": 0.00108079868369, "max": 0.353574097157, "mean": 0.0368239060044, "median": 0.0280586443841, "min": 6.46105738356e-11, "var": 0.00120554922614}, "spectral_kurtosis": {"dmean": 2.8881456852, "dmean2": 4.52721071243, "dvar": 86.2638473511, "dvar2": 158.141876221, "max": 345.721466064, "mean": 13.6296758652, "median": 12.2129135132, "min": -1.25016021729, "var": 395.915985107}, "spectral_rms": {"dmean": 0.000350151676685, "dmean2": 0.000485861004563, "dvar": 3.4479688793e-07, "dvar2": 7.04546550878e-07, "max": 0.0158457215875, "mean": 0.00402357056737, "median": 0.00326221552677, "min": 3.11675013055e-12, "var": 8.53845722304e-06}, "spectral_rolloff": {"dmean": 160.144683838, "dmean2": 286.9949646, "dvar": 496121.375, "dvar2": 1002951.1875, "max": 19616.7480469, "mean": 1583.76855469, "median": 473.73046875, "min": 86.1328125, "var": 18456222}, "spectral_skewness": {"dmean": 0.244735047221, "dmean2": 0.382750868797, "dvar": 0.187967553735, "dvar2": 0.305021703243, "max": 16.9701442719, "mean": 2.95513916016, "median": 3.0685749054, "min": -0.0828839838505, "var": 1.66596198082}, "spectral_spread": {"dmean": 406045, "dmean2": 631867.25, "dvar": 1254819889150.0, "dvar2": 2054602620930.0, "max": 42237716, "mean": 5759901, "median": 3634654.5, "min": 604929.1875, "var": 72821413773300.0}, "spectral_strongpeak": {"dmean": 0.205086559057, "dmean2": 0.35524520278, "dvar": 0.0899680107832, "dvar2": 0.251089513302, "max": 3.19960737228, "mean": 0.548104643822, "median": 0.45906239748, "min": 0, "var": 0.20746190846}, "zerocrossingrate": {"dmean": 0.00475937593728, "dmean2": 0.00694176414981, "dvar": 0.000333918083925, "dvar2": 0.000665547791868, "max": 0.52783203125, "mean": 0.0509759187698, "median": 0.0224609375, "min": 0.0048828125, "var": 0.0125804627314}, "barkbands": {"dmean": [9.54911138251e-06, 0.000593502714764, 0.00213458831422, 0.00072116474621, 0.00291474396363, 0.00061962637119, 0.000359794794349, 0.000484305841383, 9.32790499064e-05, 0.000161301213666, 0.000208315977943, 7.89201658336e-05, 9.43120758166e-05, 3.03919969156e-05, 0.000137933951919, 1.84562541108e-05, 9.51189394982e-06, 4.6755430958e-06, 6.2633134803e-06, 5.20825824424e-06, 8.68801089382e-06, 2.95980066767e-06, 4.0919321691e-06, 3.14613021146e-06, 3.73177817892e-06, 1.28616602524e-06, 4.28042824296e-07], "dmean2": [1.54057470354e-05, 0.000792062026449, 0.00229639047757, 0.00113022222649, 0.00489162886515, 0.00106708938256, 0.000566148140933, 0.000801677932031, 0.000140102725709, 0.000217505104956, 0.000296404148685, 0.000134301371872, 0.000156821712153, 4.55306762888e-05, 0.000232918042457, 3.06772017211e-05, 1.3832715922e-05, 7.16324530003e-06, 1.04444743556e-05, 9.33614501264e-06, 1.4053214727e-05, 4.72582360089e-06, 6.78551805322e-06, 4.88344585392e-06, 6.23905771135e-06, 2.12844065572e-06, 7.38914650356e-07], "dvar": [1.19147447464e-09, 2.32486854657e-06, 4.21219228883e-05, 3.27054453919e-06, 8.71249867487e-05, 2.1753985493e-06, 3.28944935291e-07, 6.11504447079e-07, 4.56978099805e-08, 9.8069996568e-08, 8.73180354688e-08, 2.20073435031e-08, 7.26177589172e-08, 4.48646053641e-09, 6.73173801147e-08, 1.83859205638e-09, 6.04438943341e-10, 2.56726917502e-10, 4.49653259071e-10, 3.32373795153e-10, 1.27470611844e-09, 1.01146334364e-10, 3.70499908531e-10, 1.4264875392e-10, 3.2204153233e-10, 2.87978529911e-11, 3.153885356e-12], "dvar2": [3.18698267776e-09, 3.57929775419e-06, 5.06151518493e-05, 7.86104919825e-06, 0.000251543679042, 8.26723498903e-06, 8.92344814929e-07, 1.63853951562e-06, 8.52780033256e-08, 1.66968490589e-07, 1.5955960464e-07, 6.80825706922e-08, 1.95455982066e-07, 1.1082755158e-08, 1.83989413927e-07, 4.88752371908e-09, 1.06826103519e-09, 5.98925853357e-10, 1.20275811533e-09, 1.1049551274e-09, 3.21115023461e-09, 2.20030008102e-10, 1.00619246268e-09, 3.34346411668e-10, 8.63084936853e-10, 7.54312237672e-11, 8.14102084357e-12], "max": [0.000602310989052, 0.0449627786875, 0.166210904717, 0.040338434279, 0.168840527534, 0.0212112665176, 0.00837826356292, 0.00920646078885, 0.00607725046575, 0.0063389185816, 0.00627921707928, 0.00331446272321, 0.00502275303006, 0.00124750076793, 0.00287772202864, 0.000567657174543, 0.00088913179934, 0.000327114597894, 0.000350328802597, 0.000329776434228, 0.000772053841501, 0.000323687883792, 0.00043187951087, 0.000383421720471, 0.000362994498573, 0.000122431345517, 4.3441181333e-05], "mean": [1.71914689417e-05, 0.00196426850744, 0.00894152838737, 0.0023594761733, 0.00617113243788, 0.00193308468442, 0.00104329676833, 0.000702628516592, 0.000202888171771, 0.000414157431806, 0.000484077434521, 0.000308897113428, 0.000200814305572, 0.00010882406059, 0.000254474609392, 5.38519598194e-05, 5.83702094445e-05, 1.87191217265e-05, 2.86538179353e-05, 1.00936804301e-05, 2.69101728918e-05, 1.22958635984e-05, 9.00705890672e-06, 9.12025916477e-06, 7.96851509222e-06, 2.91884930448e-06, 1.10825976662e-06], "median": [7.31879481464e-06, 0.000871959957294, 0.00241439696401, 0.000149732572027, 0.00198795180768, 0.000800603302196, 0.000357354350854, 0.000326665467583, 6.40311845927e-05, 0.000102632388007, 0.000246318522841, 4.41188931291e-05, 1.54847602971e-05, 1.6136746126e-05, 2.63512247329e-05, 3.78141930923e-06, 3.35578465638e-06, 1.5316139752e-06, 2.1096659566e-06, 1.04856110283e-06, 2.15707996176e-06, 1.60788795256e-06, 1.3615097032e-06, 2.39907808464e-06, 2.53012763096e-06, 1.07803850824e-06, 8.67839844432e-07], "min": [3.47852801411e-25, 2.3435515271e-24, 4.15729253317e-25, 6.69788415946e-25, 1.08391137097e-23, 7.81916799331e-24, 3.34291089298e-24, 9.92744057214e-24, 8.01664038827e-24, 1.76565593043e-23, 9.51509351065e-24, 1.97709368776e-23, 3.64156590086e-23, 3.88838186099e-23, 5.07295653774e-23, 5.58308543279e-23, 6.80123560739e-23, 6.80593027641e-23, 1.34204185262e-22, 1.54966158628e-22, 2.08023908128e-22, 2.68608425649e-22, 3.83822961873e-22, 6.03495808594e-22, 9.28570115289e-22, 1.27254982068e-21, 1.90144185122e-21], "var": [1.366772584e-09, 1.44336509038e-05, 0.000337085482897, 3.22097548633e-05, 0.000167124468135, 9.15294549486e-06, 1.90079458662e-06, 1.06351649265e-06, 1.464814261e-07, 5.27783925008e-07, 4.37464422021e-07, 3.56567710469e-07, 1.95961007421e-07, 3.82964380208e-08, 1.75431708271e-07, 8.05833799689e-09, 1.60503308422e-08, 1.69163483221e-09, 3.49933682031e-09, 7.33754945692e-10, 4.50922454931e-09, 1.36759359393e-09, 6.94305113402e-10, 7.80486841823e-10, 4.5790946035e-10, 8.69735602982e-11, 3.99054183794e-12]}, "erbbands": {"dmean": [0.00527473166585, 0.210471019149, 2.23621630669, 1.77178668976, 7.79003858566, 11.1872205734, 3.32385420799, 6.23461103439, 1.87329161167, 15.3530902863, 3.57898139954, 2.13063120842, 3.1186375618, 5.80201387405, 8.30974006653, 3.40391349792, 4.63562345505, 1.9141395092, 6.4596581459, 4.74591684341, 0.732089817524, 0.459366768599, 0.329299628735, 0.3160122931, 0.228073254228, 0.320040941238, 0.328342586756, 0.289818167686, 0.0949606671929, 0.114807903767, 0.0923070535064, 0.0754121467471, 0.0586250163615, 0.034637413919, 0.0316856652498, 0.00802657194436, 0.00227666110732, 0.000587135204114, 6.90629385645e-05, 6.57556756778e-06], "dmean2": [0.00612210808322, 0.262230485678, 2.29803109169, 2.58655905724, 13.2805747986, 18.6712398529, 5.6964969635, 10.9857082367, 2.67783141136, 25.7086296082, 5.93222284317, 2.9631280899, 5.03701543808, 7.46726512909, 12.2511205673, 5.86432790756, 7.73095941544, 2.9250125885, 10.852763176, 7.98732328415, 1.17679667473, 0.670792400837, 0.483732640743, 0.525780558586, 0.382441490889, 0.573453247547, 0.549392402172, 0.433508604765, 0.146591350436, 0.182587370276, 0.152949735522, 0.120636820793, 0.0903056040406, 0.0565022341907, 0.0530614778399, 0.0130324745551, 0.00393005646765, 0.00102883554064, 0.000121138647955, 1.03118209154e-05], "dvar": [7.29356106604e-05, 0.343552023172, 46.243144989, 14.5620670319, 607.071289062, 1006.83380127, 40.3823013306, 250.177536011, 5.86931943893, 615.362487793, 33.1203956604, 34.5522689819, 42.1347007751, 123.535713196, 127.896331787, 39.3658027649, 177.85017395, 15.4838514328, 176.246826172, 145.103744507, 2.13861346245, 1.34210848808, 1.05033648014, 1.63471388817, 0.395590692759, 1.4167560339, 2.78803730011, 1.44809043407, 0.171617090702, 0.210730463266, 0.191204920411, 0.0987187772989, 0.052005238831, 0.0179289057851, 0.0343730971217, 0.0012590775732, 0.000112751316919, 6.29239957561e-06, 6.55249792203e-08, 3.16173809356e-10], "dvar2": [0.000127759034513, 0.442906916142, 50.9391670227, 32.1936187744, 1801.67687988, 2797.27050781, 124.894134521, 963.809692383, 12.9066438675, 1842.359375, 90.2015228271, 60.3006515503, 119.033424377, 185.298278809, 265.393096924, 122.573791504, 470.917816162, 37.558795929, 482.080505371, 409.922058105, 5.54797554016, 2.61680650711, 2.27701377869, 4.57524681091, 0.981355965137, 4.73709058762, 7.83977985382, 2.79593157768, 0.350769639015, 0.514169991016, 0.527898967266, 0.238295167685, 0.121026158333, 0.0482351183891, 0.0931423828006, 0.00311119714752, 0.000327174377162, 1.73185071617e-05, 1.66264925383e-07, 8.06903488471e-10], "max": [0.219269767404, 17.3283920288, 183.847763062, 76.5552520752, 391.682647705, 581.61730957, 149.337387085, 170.908538818, 45.7519226074, 291.379638672, 76.9139251709, 170.301452637, 110.950630188, 230.963500977, 197.660873413, 129.285949707, 273.704711914, 62.8884658813, 145.617004395, 153.061965942, 38.1016921997, 36.8434867859, 25.4682731628, 25.5106983185, 15.3573293686, 20.5677890778, 40.55493927, 36.4427642822, 12.4670410156, 9.32764434814, 10.2893104553, 8.26475048065, 6.44280099869, 2.21547293663, 3.99908661842, 0.808149397373, 0.1750549227, 0.0523262321949, 0.00584775162861, 0.000404197955504], "mean": [0.0233695097268, 0.760625839233, 9.46101760864, 7.02642440796, 16.6733379364, 22.7806797028, 12.5710754395, 16.8106250763, 7.01254940033, 30.1824970245, 6.68790483475, 5.07778930664, 7.34996509552, 15.3253135681, 19.6926765442, 13.0123004913, 12.939702034, 6.87213134766, 11.6473178864, 8.23305702209, 3.49090862274, 2.76270389557, 1.56276941299, 1.38963103294, 0.975319862366, 0.579884290695, 0.970340132713, 0.987581372261, 0.37617701292, 0.306543380022, 0.233989432454, 0.201205939054, 0.15869268775, 0.0841978117824, 0.0583884306252, 0.0180123839527, 0.00383735261858, 0.00109435268678, 0.00019295058155, 3.86451829399e-05], "median": [0.0157971996814, 0.25920727849, 2.54982089996, 1.97578024864, 3.96595621109, 7.16301870346, 4.35365486145, 6.97884082794, 3.47157430649, 15.2579231262, 4.19683885574, 1.65254926682, 2.64627456665, 4.65497541428, 11.3088569641, 2.49569320679, 1.02206540108, 1.57828807831, 1.79896473885, 0.846458554268, 0.263278007507, 0.221618801355, 0.113141998649, 0.0785732790828, 0.0979066863656, 0.0553987547755, 0.0751074403524, 0.0833385959268, 0.050308406353, 0.054101921618, 0.0403958521783, 0.0407442599535, 0.0420408546925, 0.031525477767, 0.0155940521508, 0.0059410687536, 0.00156577455346, 0.000704419799149, 0.000144270554301, 2.21939735638e-05], "min": [7.75235952102e-23, 4.07113240752e-22, 1.47135104868e-21, 3.12374559937e-21, 1.32261672459e-20, 2.2414384477e-20, 5.45938881168e-20, 9.95630774421e-20, 4.66630645805e-20, 1.47241780874e-19, 2.92920371337e-19, 2.71503967344e-19, 4.0747529605e-19, 6.87885620447e-19, 6.03786684557e-19, 8.71548305864e-19, 1.60837318837e-18, 2.29504445598e-18, 2.86819480049e-18, 3.20914624128e-18, 3.37597016606e-18, 4.64631568692e-18, 3.4414007729e-18, 5.85571081794e-18, 6.83981503732e-18, 7.06386435085e-18, 9.32318990721e-18, 9.40318985298e-18, 1.00129634123e-17, 1.16371614964e-17, 1.03679901584e-17, 1.19715500862e-17, 9.39779663538e-18, 8.11223388638e-18, 6.38021280947e-18, 3.53527729382e-18, 2.47534790923e-18, 9.607096905e-19, 2.54348448235e-19, 2.50678732533e-20], "var": [0.000665424508043, 2.4739382267, 384.709381104, 138.198348999, 1090.33752441, 2497.42602539, 434.848846436, 687.195251465, 73.7874526978, 1523.44128418, 67.1946411133, 105.602989197, 170.841873169, 644.21081543, 595.320007324, 567.596069336, 723.857177734, 126.013168335, 390.420318604, 305.436431885, 38.841217041, 32.5251121521, 11.6993808746, 8.84169101715, 3.97486758232, 2.6319205761, 7.09035825729, 6.59773159027, 1.19044625759, 0.708271086216, 0.405577927828, 0.404338300228, 0.254814743996, 0.0376052446663, 0.0379587672651, 0.00341511750594, 0.000125835620565, 6.99840211382e-06, 1.04462934303e-07, 2.18293338961e-09]}, "gfcc": {"mean": [-161.481826782, 128.103927612, -61.7350845337, 6.98682689667, -47.9731636047, 15.9234657288, -35.1288070679, -2.56535863876, -24.4780139923, -3.50228309631, -13.1156005859, -4.56955051422, -8.31777000427], "cov": [[74626.8984375, 7245.96533203, -6771.04736328, -7.87544298172, -2508.67895508, 847.698669434, -2339.11425781, -689.141113281, -1651.90112305, 104.227134705, -1144.2253418, -188.852966309, -615.868286133], [7245.96533203, 1375.2467041, -346.403717041, -42.4925231934, -354.6980896, 70.5117645264, -273.842529297, -25.0874900818, -155.450546265, -51.3179893494, -52.7631454468, -41.7683944702, -53.7206535339], [-6771.04736328, -346.403717041, 1079.63452148, 119.955787659, 64.9372329712, -20.7329597473, 224.014831543, 136.336349487, 91.0690078735, -55.8878669739, 128.725540161, -7.6256480217, 15.5451221466], [-7.87544298172, -42.4925231934, 119.955787659, 347.582580566, -18.0272598267, 6.08335828781, 7.75002193451, 34.3477363586, -76.4795455933, -65.4505691528, 38.4039115906, 7.24579048157, -56.1603851318], [-2508.67895508, -354.6980896, 64.9372329712, -18.0272598267, 306.141296387, -25.6496753693, 64.4656143188, -29.7794036865, 113.734817505, 4.48823833466, -7.05567884445, -16.1282997131, 52.5486183167], [847.698669434, 70.5117645264, -20.7329597473, 6.08335828781, -25.6496753693, 129.635604858, 7.86423254013, 22.8292255402, -16.0974502563, 1.70517551899, -36.852432251, -10.2578382492, 7.94028997421], [-2339.11425781, -273.842529297, 224.014831543, 7.75002193451, 64.4656143188, 7.86423254013, 200.287811279, 34.8650550842, 27.7355709076, 16.3806476593, 31.5604171753, 14.7990531921, -2.07849264145], [-689.141113281, -25.0874900818, 136.336349487, 34.3477363586, -29.7794036865, 22.8292255402, 34.8650550842, 90.5517883301, 24.2079410553, -16.2269992828, 30.1721992493, 5.23657417297, -13.9009952545], [-1651.90112305, -155.450546265, 91.0690078735, -76.4795455933, 113.734817505, -16.0974502563, 27.7355709076, 24.2079410553, 139.812438965, 35.1543617249, -5.51553869247, -11.6364192963, 41.4908485413], [104.227134705, -51.3179893494, -55.8878669739, -65.4505691528, 4.48823833466, 1.70517551899, 16.3806476593, -16.2269992828, 35.1543617249, 101.420005798, 8.83489227295, -5.58235836029, -6.9068980217], [-1144.2253418, -52.7631454468, 128.725540161, 38.4039115906, -7.05567884445, -36.852432251, 31.5604171753, 30.1721992493, -5.51553869247, 8.83489227295, 121.423561096, 45.0557785034, -42.3279647827], [-188.852966309, -41.7683944702, -7.6256480217, 7.24579048157, -16.1282997131, -10.2578382492, 14.7990531921, 5.23657417297, -11.6364192963, -5.58235836029, 45.0557785034, 74.4699783325, 5.00105285645], [-615.868286133, -53.7206535339, 15.5451221466, -56.1603851318, 52.5486183167, 7.94028997421, -2.07849264145, -13.9009952545, 41.4908485413, -6.9068980217, -42.3279647827, 5.00105285645, 99.9662322998]], "icov": [[0.000328754482325, -0.00096181454137, 0.00115619308781, -0.000416054826928, 0.000262208719505, -0.00062149198493, 0.000933441624511, -0.000613707990851, 0.00143089611083, -0.00137933716178, 0.00235390593298, -0.00110955012497, 0.00130359269679], [-0.00096181454137, 0.00435757450759, -0.00319505808875, 0.00159431935754, 0.000896719226148, 0.000848122406751, -0.00150768982712, 0.00271248188801, -0.00454151257873, 0.00534828612581, -0.00786340795457, 0.0046392288059, -0.00369133870117], [0.00115619308781, -0.00319505808875, 0.00628528697416, -0.00210722675547, 0.00227726693265, -0.00247934274375, 0.00107638409827, -0.00210368144326, 0.00287625892088, -0.00252349884249, 0.00456571299583, -0.000600270403083, 0.00256965379231], [-0.000416054826928, 0.00159431935754, -0.00210722675547, 0.00510179391131, -0.00174809852615, 0.000722946715541, 9.80588811217e-05, -0.00144156825263, 0.00187379505951, 0.00282784900628, -0.00242704548873, 0.000869621057063, 0.000496952154208], [0.000262208719505, 0.000896719226148, 0.00227726693265, -0.00174809852615, 0.0104916812852, -0.00293117994443, -0.00186677649617, 0.00859634112567, -0.00911512225866, 0.00523886596784, -0.00376892508939, 0.00452478928491, -0.00104163598735], [-0.00062149198493, 0.000848122406751, -0.00247934274375, 0.000722946715541, -0.00293117994443, 0.0126730790362, -0.00231375684962, -0.00647746538743, 0.0025835505221, -0.00187167397235, 0.00188600027468, -4.80663511553e-05, -0.00339668616652], [0.000933441624511, -0.00150768982712, 0.00107638409827, 9.80588811217e-05, -0.00186677649617, -0.00231375684962, 0.012761130929, -0.00541984150186, 0.00830171816051, -0.00756508577615, 0.00973859149963, -0.00682057626545, 0.00600139517337], [-0.000613707990851, 0.00271248188801, -0.00210368144326, -0.00144156825263, 0.00859634112567, -0.00647746538743, -0.00541984150186, 0.0286645870656, -0.0184863675386, 0.0129749020562, -0.0132031841204, 0.00601038010791, -0.000258951942669], [0.00143089611083, -0.00454151257873, 0.00287625892088, 0.00187379505951, -0.00911512225866, 0.0025835505221, 0.00830171816051, -0.0184863675386, 0.0310345944017, -0.017395760864, 0.01703219302, -0.0077140503563, 0.00268345419317], [-0.00137933716178, 0.00534828612581, -0.00252349884249, 0.00282784900628, 0.00523886596784, -0.00187167397235, -0.00756508577615, 0.0129749020562, -0.017395760864, 0.0255054440349, -0.0186206195503, 0.0111683392897, -0.00406163930893], [0.00235390593298, -0.00786340795457, 0.00456571299583, -0.00242704548873, -0.00376892508939, 0.00188600027468, 0.00973859149963, -0.0132031841204, 0.01703219302, -0.0186206195503, 0.0419679172337, -0.0247058663517, 0.0190509520471], [-0.00110955012497, 0.0046392288059, -0.000600270403083, 0.000869621057063, 0.00452478928491, -4.80663511553e-05, -0.00682057626545, 0.00601038010791, -0.0077140503563, 0.0111683392897, -0.0247058663517, 0.0304593034089, -0.0134529164061], [0.00130359269679, -0.00369133870117, 0.00256965379231, 0.000496952154208, -0.00104163598735, -0.00339668616652, 0.00600139517337, -0.000258951942669, 0.00268345419317, -0.00406163930893, 0.0190509520471, -0.0134529164061, 0.0241817627102]]}, "melbands": {"dmean": [9.31310205488e-05, 0.000837446772493, 0.000380850920919, 0.000774833490141, 0.000171759398654, 0.000129672844196, 3.56598429789e-05, 0.000163596501807, 2.04442676477e-05, 1.2872026673e-05, 1.56861879077e-05, 2.4502613087e-05, 2.96296257147e-05, 8.73015960678e-06, 1.35944010253e-05, 6.55803069094e-06, 3.30447255692e-06, 9.82192796073e-06, 6.49385356155e-06, 3.94143307858e-06, 6.91710852152e-07, 4.74161822694e-07, 5.82584164022e-07, 2.05858597724e-07, 2.94972693382e-07, 2.31426284358e-07, 1.65375155348e-07, 2.05524983699e-07, 1.55489871645e-07, 2.49070467362e-07, 1.79078639917e-07, 6.62123511574e-08, 3.8284511561e-08, 8.30897093351e-08, 6.00138960749e-08, 6.34316137393e-08, 4.16191774377e-08, 4.19445917998e-08, 4.07068121433e-08, 2.77545098015e-08], "dmean2": [0.000123829391669, 0.000885287823621, 0.000589703558944, 0.0012952410616, 0.000296815094771, 0.000225523966947, 5.09760866407e-05, 0.000273509940598, 3.30377624778e-05, 1.86901324923e-05, 2.51190867857e-05, 3.14129429171e-05, 4.20631986344e-05, 1.43234155985e-05, 2.26950141951e-05, 1.06023553599e-05, 5.03468618263e-06, 1.64345983649e-05, 1.10773471533e-05, 6.52885546515e-06, 1.07833216134e-06, 7.04981289346e-07, 8.27524104352e-07, 3.20360953765e-07, 4.90432682909e-07, 3.83126462111e-07, 2.92620939035e-07, 3.68459751598e-07, 2.62755520453e-07, 4.1510170945e-07, 2.5560478889e-07, 1.0539230999e-07, 5.75993119867e-08, 1.33735568397e-07, 1.015200084e-07, 1.06120069177e-07, 6.32036574189e-08, 6.355332971e-08, 6.59914078938e-08, 4.62334774909e-08], "dvar": [4.45429613194e-08, 6.40912412564e-06, 7.72345913447e-07, 6.43654129817e-06, 1.3531280274e-07, 1.03910366533e-07, 2.3636781421e-09, 6.86008831963e-08, 1.1101676245e-09, 1.04334063611e-09, 1.01547070752e-09, 2.40790076766e-09, 1.82381809655e-09, 1.43911216277e-10, 1.04293773617e-09, 2.72678130075e-10, 6.24461177212e-11, 4.08992673062e-10, 1.67851593735e-10, 1.14132987783e-10, 3.19919785108e-12, 1.35599496041e-12, 2.54520363119e-12, 4.62205957102e-13, 1.44127385807e-12, 3.94277546809e-13, 2.70570024719e-13, 5.83655086067e-13, 6.74231287121e-13, 9.33235043063e-13, 7.08959312697e-13, 9.31892367093e-14, 1.53729127681e-14, 1.4930793418e-13, 1.21180016434e-13, 1.10978466813e-13, 2.57385665515e-14, 2.6176424987e-14, 2.83514277186e-14, 1.08743377259e-14], "dvar2": [7.17119519322e-08, 7.21772676116e-06, 1.88397780221e-06, 1.85113458429e-05, 3.89593310501e-07, 3.9917591721e-07, 5.24141974267e-09, 2.02828559281e-07, 2.76988076919e-09, 1.85275872422e-09, 2.84514545257e-09, 3.6308707152e-09, 3.26730420497e-09, 3.74205666454e-10, 2.93474688995e-09, 7.07925107424e-10, 1.56612500746e-10, 1.11995235308e-09, 4.64633526098e-10, 3.20649090613e-10, 7.57556864461e-12, 2.78316302296e-12, 4.85073656589e-12, 1.13054064808e-12, 4.04633878487e-12, 9.9782682117e-13, 8.37332698837e-13, 1.95621643884e-12, 1.89889120053e-12, 2.56379965001e-12, 1.25721124049e-12, 2.14315923949e-13, 3.3262888971e-14, 3.89104492984e-13, 3.4519276001e-13, 2.87804421137e-13, 5.39653194907e-14, 5.42284350291e-14, 7.02784049489e-14, 2.99396094125e-14], "max": [0.00623320136219, 0.0693070068955, 0.0155439386144, 0.047044634819, 0.00566527759656, 0.00384647818282, 0.000849121133797, 0.00302314432338, 0.000449824350653, 0.000932840048335, 0.000544247217476, 0.00101994664874, 0.000937184377108, 0.000176056695636, 0.000675908406265, 0.000331994961016, 0.000125827165903, 0.000222401155042, 0.000144632314914, 0.000134695525048, 6.31295697531e-05, 3.52118768205e-05, 4.88379155286e-05, 1.30014313982e-05, 2.32490056078e-05, 1.40158072099e-05, 7.86223336036e-06, 1.3307448171e-05, 2.01970979106e-05, 2.08303263207e-05, 2.91164760711e-05, 9.10751532501e-06, 2.36943969867e-06, 8.42913595989e-06, 9.42712995311e-06, 8.35597074911e-06, 5.21860602021e-06, 5.40956716577e-06, 2.87650345854e-06, 1.53293296989e-06], "mean": [0.000332028663252, 0.00347541924566, 0.00159536849242, 0.00164443149697, 0.000538514694199, 0.000367859465769, 0.000124958154629, 0.000307381706079, 3.86930551031e-05, 2.98725935863e-05, 3.64637708117e-05, 6.13085576333e-05, 7.03915065969e-05, 2.25799085456e-05, 5.11261387146e-05, 1.82181574928e-05, 1.07797213786e-05, 1.74706310645e-05, 1.25297665363e-05, 6.35831156615e-06, 4.53214852314e-06, 3.01121986013e-06, 2.59291323346e-06, 6.91950219789e-07, 1.17863942251e-06, 9.75423859018e-07, 3.93597076709e-07, 3.36234364795e-07, 4.06928904795e-07, 8.46233547236e-07, 5.36311347332e-07, 2.54696885804e-07, 1.12501304272e-07, 1.8969549842e-07, 1.34648274752e-07, 1.37049553928e-07, 1.12286322462e-07, 1.12467368751e-07, 9.47639762217e-08, 6.3255733096e-08], "median": [0.000184030403034, 0.000948825618252, 0.000398239964852, 0.000575221027248, 0.000169952574652, 0.000148724022438, 5.51442790311e-05, 0.000168873317307, 2.25525054702e-05, 9.22778781387e-06, 1.24307061924e-05, 1.53871224029e-05, 3.67771499441e-05, 1.23021636682e-05, 1.67227949532e-06, 1.4508420918e-06, 1.60847389452e-06, 1.84319492291e-06, 1.52001075548e-06, 2.59812225067e-07, 1.40105271385e-07, 2.09380871752e-07, 1.30438237989e-07, 7.61198393207e-08, 4.90238036832e-08, 1.04748579588e-07, 2.11798223404e-08, 3.57298972631e-08, 4.81322572909e-08, 3.49961837287e-08, 5.08578352765e-08, 2.71059441559e-08, 2.48352804988e-08, 2.70757265497e-08, 2.30414372027e-08, 2.01052046123e-08, 2.26105161261e-08, 2.93351654079e-08, 2.58346641857e-08, 2.70088946763e-08], "min": [1.02077348819e-24, 7.75613711951e-25, 6.59469079926e-25, 1.67663037403e-24, 1.34930752977e-24, 2.49818206959e-24, 6.89925175236e-25, 1.55266482708e-24, 2.19835773319e-24, 1.38964563633e-24, 2.00556762214e-24, 2.42450778586e-24, 1.92383532147e-24, 2.78389979807e-24, 2.60535414838e-24, 3.72479254074e-24, 3.52939721655e-24, 2.81440090776e-24, 4.06066111519e-24, 3.52795281223e-24, 3.284431648e-24, 3.87739255526e-24, 2.47121900107e-24, 3.53747712437e-24, 3.8402912436e-24, 4.25206993081e-24, 4.43787388969e-24, 4.43487779597e-24, 4.24084799e-24, 4.22933456509e-24, 5.07553974166e-24, 5.4997335218e-24, 5.01238550974e-24, 5.09637000829e-24, 4.47910212718e-24, 4.20863998253e-24, 6.43107414498e-24, 5.56226494803e-24, 6.12716074808e-24, 5.85213070436e-24], "var": [2.82015292896e-07, 5.23200178577e-05, 7.57090492698e-06, 1.22826022562e-05, 8.44258920552e-07, 3.31097481876e-07, 2.48161491356e-08, 1.55878083774e-07, 2.37948261095e-09, 3.39013395134e-09, 4.21404244833e-09, 1.17666250077e-08, 9.38995103894e-09, 8.62079518882e-10, 1.04920028221e-08, 1.2162330032e-09, 3.53157170174e-10, 8.94676832619e-10, 4.42519743071e-10, 2.24910576274e-10, 9.149893343e-11, 3.71118864806e-11, 3.97364884053e-11, 2.57304637666e-12, 6.95643325929e-12, 3.73905203674e-12, 9.02729497057e-13, 1.04186429449e-12, 1.34567107891e-12, 4.89544776244e-12, 2.69187103163e-12, 6.25415572195e-13, 8.44381734129e-14, 3.27464238451e-13, 1.5379033767e-13, 2.45762259285e-13, 1.39255198085e-13, 1.68222708441e-13, 6.80142926571e-14, 2.09981466622e-14]}, "mfcc": {"mean": [-785.24597168, 164.820648193, 38.2127380371, 8.55316638947, 9.37637042999, 8.97262382507, 3.45405983925, -1.24690151215, -1.01464080811, -6.36617183685, -3.90415239334, -2.3789794445, -2.05577015877], "cov": [[20732.6484375, 4368.09326172, -1762.13659668, -357.190673828, 20.2967472076, 499.316314697, -162.11769104, -393.421661377, -256.231903076, -413.925231934, -289.171844482, 34.7877388, -164.773345947], [4368.09326172, 2311.29882812, 289.239898682, -142.780792236, 92.45362854, 62.7838897705, -10.6550159454, -49.2443122864, 15.8362321854, -61.6460990906, -36.9749946594, -46.0316467285, 26.4626045227], [-1762.13659668, 289.239898682, 846.475708008, 195.794372559, 7.2968711853, -52.1708297729, 110.696929932, 101.646057129, 22.4107456207, 9.90099334717, 56.2046279907, 20.424533844, 33.8583831787], [-357.190673828, -142.780792236, 195.794372559, 307.314483643, 54.7456588745, 11.0750360489, 59.5690536499, 49.4718704224, -50.5754394531, -49.8024139404, 22.0724468231, 77.5250854492, -12.9329967499], [20.2967472076, 92.45362854, 7.2968711853, 54.7456588745, 148.853652954, 20.8795585632, -22.8916835785, 11.3397264481, -7.26386880875, 26.3998088837, -11.4242887497, -44.0400047302, -13.6354045868], [499.316314697, 62.7838897705, -52.1708297729, 11.0750360489, 20.8795585632, 98.0729598999, 24.7960414886, -14.8178253174, 30.0993232727, 3.289041996, -16.9403324127, -23.345500946, -14.8232507706], [-162.11769104, -10.6550159454, 110.696929932, 59.5690536499, -22.8916835785, 24.7960414886, 99.0044555664, 45.350730896, -0.675205945969, -16.3068904877, 12.6455621719, 27.992181778, -3.28156876564], [-393.421661377, -49.2443122864, 101.646057129, 49.4718704224, 11.3397264481, -14.8178253174, 45.350730896, 100.797637939, 14.6891365051, -16.4536514282, 3.74428486824, 9.68483066559, 16.1347427368], [-256.231903076, 15.8362321854, 22.4107456207, -50.5754394531, -7.26386880875, 30.0993232727, -0.675205945969, 14.6891365051, 135.531234741, 58.9847640991, -45.8744812012, -69.9300613403, 8.41612911224], [-413.925231934, -61.6460990906, 9.90099334717, -49.8024139404, 26.3998088837, 3.289041996, -16.3068904877, -16.4536514282, 58.9847640991, 126.881576538, -8.98289394379, -75.5504226685, -19.2340888977], [-289.171844482, -36.9749946594, 56.2046279907, 22.0724468231, -11.4242887497, -16.9403324127, 12.6455621719, 3.74428486824, -45.8744812012, -8.98289394379, 113.671737671, 66.3949432373, 3.0168569088], [34.7877388, -46.0316467285, 20.424533844, 77.5250854492, -44.0400047302, -23.345500946, 27.992181778, 9.68483066559, -69.9300613403, -75.5504226685, 66.3949432373, 175.157363892, 42.2240715027], [-164.773345947, 26.4626045227, 33.8583831787, -12.9329967499, -13.6354045868, -14.8232507706, -3.28156876564, 16.1347427368, 8.41612911224, -19.2340888977, 3.0168569088, 42.2240715027, 79.8926239014]], "icov": [[0.000318088481436, -0.000787670142017, 0.000945896899793, -0.000655064184684, 0.00101981102489, -0.00104904279578, 0.000415161019191, -0.000453363434644, 0.000828079588246, -0.000174962100573, 0.000448029517429, -1.68704882526e-05, 0.000360692327376], [-0.000787670142017, 0.00259852223098, -0.00290974485688, 0.00257679913193, -0.00344955269247, 0.00207363534719, -0.00105095817707, 0.00173023762181, -0.002142297104, 0.00134251418058, -0.000762665295042, -0.000300053623505, -0.000695273920428], [0.000945896899793, -0.00290974485688, 0.00541255762801, -0.0042925933376, 0.00371122872457, -0.000422514363891, -0.00129889708478, -0.00144716119394, 0.00147997145541, -0.00126549857669, -0.000457133864984, 0.0018705832772, -0.000712095410563], [-0.000655064184684, 0.00257679913193, -0.0042925933376, 0.00932991318405, -0.00653884978965, -4.41551492258e-06, -0.00159953278489, 0.000367747008568, -0.00100672652479, 0.00242931582034, 0.00157345284242, -0.00493007339537, 0.00310528790578], [0.00101981102489, -0.00344955269247, 0.00371122872457, -0.00653884978965, 0.0163803938776, -0.00798885896802, 0.00808153860271, -0.00722025567666, 0.00752781890333, -0.00550414808095, 0.00106432673056, 0.00385699537583, -0.000478681555251], [-0.00104904279578, 0.00207363534719, -0.000422514363891, -4.41551492258e-06, -0.00798885896802, 0.0233618654311, -0.0129771931097, 0.00983229838312, -0.0104239359498, 0.00433101691306, -0.0034459924791, 0.00279648206197, -0.00142678583506], [0.000415161019191, -0.00105095817707, -0.00129889708478, -0.00159953278489, 0.00808153860271, -0.0129771931097, 0.0241743382066, -0.0122409835458, 0.00533832842484, -0.00326717505231, 0.00208521354944, -0.00350175239146, 0.00435552513227], [-0.000453363434644, 0.00173023762181, -0.00144716119394, 0.000367747008568, -0.00722025567666, 0.00983229838312, -0.0122409835458, 0.0206135492772, -0.00760228838772, 0.00610305741429, -0.00231813569553, 0.00223854416981, -0.00373452482745], [0.000828079588246, -0.002142297104, 0.00147997145541, -0.00100672652479, 0.00752781890333, -0.0104239359498, 0.00533832842484, -0.00760228838772, 0.0186867360026, -0.0077700917609, 0.00539000099525, 0.00228960602544, -0.00252018123865], [-0.000174962100573, 0.00134251418058, -0.00126549857669, 0.00242931582034, -0.00550414808095, 0.00433101691306, -0.00326717505231, 0.00610305741429, -0.0077700917609, 0.0162529423833, -0.00370537000708, 0.0037918058224, 0.00148879864719], [0.000448029517429, -0.000762665295042, -0.000457133864984, 0.00157345284242, 0.00106432673056, -0.0034459924791, 0.00208521354944, -0.00231813569553, 0.00539000099525, -0.00370537000708, 0.0151465674862, -0.00738275004551, 0.00359122129157], [-1.68704882526e-05, -0.000300053623505, 0.0018705832772, -0.00493007339537, 0.00385699537583, 0.00279648206197, -0.00350175239146, 0.00223854416981, 0.00228960602544, 0.0037918058224, -0.00738275004551, 0.0168723464012, -0.00891176424921], [0.000360692327376, -0.000695273920428, -0.000712095410563, 0.00310528790578, -0.000478681555251, -0.00142678583506, 0.00435552513227, -0.00373452482745, -0.00252018123865, 0.00148879864719, 0.00359122129157, -0.00891176424921, 0.0200804136693]]}, "spectral_contrast_coeffs": {"dmean": [0.0346130505204, 0.0346049033105, 0.0280715152621, 0.0244631115347, 0.0150658609346, 0.01071939338], "dmean2": [0.0524265617132, 0.0551596842706, 0.0440996289253, 0.0411517210305, 0.0245556384325, 0.017695242539], "dvar": [0.000905584020074, 0.000821183726657, 0.000574950128794, 0.000440281815827, 0.000198886511498, 0.000134654110298], "dvar2": [0.0021071927622, 0.00216594315134, 0.00140681886114, 0.00122723774984, 0.000464552227641, 0.000303646287648], "max": [-0.319786369801, -0.432656347752, -0.554261684418, -0.568519353867, -0.628967881203, -0.639643847942], "mean": [-0.584374010563, -0.683001637459, -0.71748393774, -0.753320872784, -0.803654789925, -0.829567193985], "median": [-0.572225153446, -0.670120239258, -0.700930714607, -0.728919327259, -0.81192356348, -0.838916063309], "min": [-0.976925969124, -0.994601249695, -0.996983647346, -0.986795842648, -0.987924218178, -0.965071499348], "var": [0.0159366764128, 0.00876188557595, 0.00655346689746, 0.00920911692083, 0.00460454309359, 0.00396334426478]}, "spectral_contrast_valleys": {"dmean": [0.315241932869, 0.281792879105, 0.240644320846, 0.2185664922, 0.175559073687, 0.141417428851], "dmean2": [0.501939177513, 0.444599926472, 0.390261083841, 0.360190182924, 0.283066511154, 0.220129683614], "dvar": [0.206452876329, 0.155074447393, 0.135486260056, 0.107920914888, 0.119215138257, 0.0881830230355], "dvar2": [0.338919430971, 0.22489541769, 0.18696