{"lowlevel": {"average_loudness": 0.586069703102, "barkbands_crest": {"dmean": 1.9403629303, "dmean2": 2.91872167587, "dvar": 4.79955244064, "dvar2": 10.4041261673, "max": 26.0226287842, "mean": 14.3527469635, "median": 13.5612182617, "min": 3.44122958183, "var": 22.6206359863}, "barkbands_flatness_db": {"dmean": 0.0215878207237, "dmean2": 0.0343097485602, "dvar": 0.000494740263093, "dvar2": 0.00117095455062, "max": 0.499399930239, "mean": 0.3742826581, "median": 0.383116692305, "min": 0.0633299797773, "var": 0.00298469047993}, "barkbands_kurtosis": {"dmean": 2.40185379982, "dmean2": 3.60465359688, "dvar": 38.3063278198, "dvar2": 92.3554153442, "max": 118.789474487, "mean": 5.40999794006, "median": 2.71399784088, "min": -1.89272391796, "var": 111.831756592}, "barkbands_skewness": {"dmean": 0.413356840611, "dmean2": 0.593184053898, "dvar": 0.366153210402, "dvar2": 0.765662252903, "max": 10.7573833466, "mean": 1.02052378654, "median": 1.06689965725, "min": -9.0962896347, "var": 2.37647795677}, "barkbands_spread": {"dmean": 1.3680087328, "dmean2": 2.14172244072, "dvar": 19.1287841797, "dvar2": 55.2833709717, "max": 129.035064697, "mean": 6.18959188461, "median": 4.34552431107, "min": 0.455893933773, "var": 47.6451148987}, "dissonance": {"dmean": 0.0392830222845, "dmean2": 0.0662338659167, "dvar": 0.00174902472645, "dvar2": 0.00446926569566, "max": 0.499999850988, "mean": 0.375917762518, "median": 0.376886844635, "min": 0.160807311535, "var": 0.00475430674851}, "dynamic_complexity": 5.90752983093, "erbbands_crest": {"dmean": 2.36819195747, "dmean2": 3.49601387978, "dvar": 7.8632311821, "dvar2": 15.5488233566, "max": 33.3257408142, "mean": 16.5010452271, "median": 15.1643486023, "min": 3.18064522743, "var": 51.2755241394}, "erbbands_flatness_db": {"dmean": 0.0144530376419, "dmean2": 0.0222114529461, "dvar": 0.000261747423792, "dvar2": 0.000535073690116, "max": 0.544203519821, "mean": 0.407471001148, "median": 0.415923386812, "min": 0.061330743134, "var": 0.00417486159131}, "erbbands_kurtosis": {"dmean": 1.67918801308, "dmean2": 2.42786407471, "dvar": 9.97259426117, "dvar2": 17.8864841461, "max": 81.315071106, "mean": 4.2093963623, "median": 1.52962303162, "min": -1.70553159714, "var": 61.2849464417}, "erbbands_skewness": {"dmean": 0.322770833969, "dmean2": 0.454095900059, "dvar": 0.186408340931, "dvar2": 0.320252209902, "max": 7.33190774918, "mean": 0.314016401768, "median": 0.492151081562, "min": -4.82105970383, "var": 2.04042601585}, "erbbands_spread": {"dmean": 1.94271469116, "dmean2": 2.86073184013, "dvar": 9.19791984558, "dvar2": 21.3395900726, "max": 81.771736145, "mean": 11.3073139191, "median": 10.0160484314, "min": 0.572004973888, "var": 72.0895080566}, "hfc": {"dmean": 3.34007167816, "dmean2": 4.1762638092, "dvar": 24.2401103973, "dvar2": 41.6735038757, "max": 83.1997833252, "mean": 12.2082033157, "median": 9.29090309143, "min": 1.16240872451e-16, "var": 139.472412109}, "melbands_crest": {"dmean": 2.21800994873, "dmean2": 3.37990641594, "dvar": 6.86773109436, "dvar2": 15.4640712738, "max": 35.3945579529, "mean": 16.1465549469, "median": 15.4224357605, "min": 2.04963326454, "var": 31.5940971375}, "melbands_flatness_db": {"dmean": 0.0239217653871, "dmean2": 0.0383371859789, "dvar": 0.00068851368269, "dvar2": 0.00155182299204, "max": 0.626603007317, "mean": 0.477359443903, "median": 0.486797422171, "min": 0.0074019706808, "var": 0.00432223081589}, "melbands_kurtosis": {"dmean": 3.42026233673, "dmean2": 5.15672302246, "dvar": 207.58757019, "dvar2": 490.471008301, "max": 530.005554199, "mean": 7.46912574768, "median": 3.24377155304, "min": -1.8857241869, "var": 598.873840332}, "melbands_skewness": {"dmean": 0.429313361645, "dmean2": 0.626481115818, "dvar": 0.475666165352, "dvar2": 1.11431956291, "max": 19.0315418243, "mean": 1.24775230885, "median": 1.18811750412, "min": -4.01492261887, "var": 3.16630196571}, "melbands_spread": {"dmean": 1.85474169254, "dmean2": 2.74028921127, "dvar": 14.0804510117, "dvar2": 26.97889328, "max": 131.667007446, "mean": 9.94054889679, "median": 6.91936445236, "min": 0.497653096914, "var": 111.613685608}, "pitch_salience": {"dmean": 0.0544785968959, "dmean2": 0.0851255357265, "dvar": 0.00401733582839, "dvar2": 0.00984714366496, "max": 0.917493522167, "mean": 0.465360701084, "median": 0.468097627163, "min": 0.0620209872723, "var": 0.014221964404}, "silence_rate_20dB": {"dmean": 0, "dmean2": 0, "dvar": 0, "dvar2": 0, "max": 1, "mean": 1, "median": 1, "min": 1, "var": 0}, "silence_rate_30dB": {"dmean": 0.00583515688777, "dmean2": 0.0116745717824, "dvar": 0.00580120505765, "dvar2": 0.0144572108984, "max": 1, "mean": 0.991979598999, "median": 1, "min": 0, "var": 0.00795623846352}, "silence_rate_60dB": {"dmean": 0.0291757844388, "dmean2": 0.0583728551865, "dvar": 0.0283248815686, "dvar2": 0.0593432299793, "max": 1, "mean": 0.171345248818, "median": 0, "min": 0, "var": 0.141985908151}, "spectral_centroid": {"dmean": 56.8820877075, "dmean2": 79.914604187, "dvar": 31553.0820312, "dvar2": 41754.7070312, "max": 11333.3896484, "mean": 629.965270996, "median": 555.315246582, "min": 242.32862854, "var": 156311.265625}, "spectral_complexity": {"dmean": 1.24361777306, "dmean2": 1.9182779789, "dvar": 2.700694561, "dvar2": 4.96152067184, "max": 23, "mean": 8.95588779449, "median": 9, "min": 0, "var": 19.285276413}, "spectral_decrease": {"dmean": 1.44893752552e-09, "dmean2": 1.79491765895e-09, "dvar": 4.68882243065e-18, "dvar2": 7.26927728519e-18, "max": 1.06447053998e-15, "mean": -5.67459190748e-09, "median": -4.58771287626e-09, "min": -5.23340339953e-08, "var": 3.01506406833e-17}, "spectral_energy": {"dmean": 0.00576365925372, "dmean2": 0.00714302482083, "dvar": 7.33098131604e-05, "dvar2": 0.000113909336505, "max": 0.205067262053, "mean": 0.0225245486945, "median": 0.0181871764362, "min": 1.08449404446e-20, "var": 0.000470472004963}, "spectral_energyband_high": {"dmean": 6.48650370749e-07, "dmean2": 9.5519203569e-07, "dvar": 6.46167537879e-12, "dvar2": 1.54912940115e-11, "max": 4.38255992776e-05, "mean": 1.05140725282e-06, "median": 1.27120060256e-07, "min": 7.70792663392e-21, "var": 8.36663724413e-12}, "spectral_energyband_low": {"dmean": 0.000282625260297, "dmean2": 0.000396997813368, "dvar": 1.04086711872e-06, "dvar2": 2.21840946324e-06, "max": 0.0161102898419, "mean": 0.000618091493379, "median": 2.72456345556e-05, "min": 5.61942604588e-23, "var": 2.90540765491e-06}, "spectral_energyband_middle_high": {"dmean": 0.00136073294561, "dmean2": 0.00182609027252, "dvar": 8.15610201244e-06, "dvar2": 1.67701182363e-05, "max": 0.0403045117855, "mean": 0.0038225739263, "median": 0.00158294232097, "min": 1.94618210377e-21, "var": 3.16030600516e-05}, "spectral_energyband_middle_low": {"dmean": 0.0049377148971, "dmean2": 0.00603128131479, "dvar": 6.33145173197e-05, "dvar2": 9.58136370173e-05, "max": 0.199590280652, "mean": 0.0192668549716, "median": 0.0134538253769, "min": 2.9291672637e-22, "var": 0.000422992889071}, "spectral_entropy": {"dmean": 0.169851884246, "dmean2": 0.260040670633, "dvar": 0.0492708981037, "dvar2": 0.115921705961, "max": 9.79389286041, "mean": 5.59121417999, "median": 5.50639009476, "min": 3.98815131187, "var": 0.27359738946}, "spectral_flux": {"dmean": 0.019134612754, "dmean2": 0.0302610620856, "dvar": 0.00074634118937, "dvar2": 0.00172101799399, "max": 0.230220228434, "mean": 0.03841246292, "median": 0.0280936378986, "min": 1.0413904461e-10, "var": 0.00122243445367}, "spectral_kurtosis": {"dmean": 33.7901000977, "dmean2": 58.2949028015, "dvar": 1050.48181152, "dvar2": 2850.94604492, "max": 344.91192627, "mean": 102.874679565, "median": 103.389373779, "min": -1.2243026495, "var": 2927.88085938}, "spectral_rms": {"dmean": 0.000569870288018, "dmean2": 0.000692804402206, "dvar": 5.64737263176e-07, "dvar2": 9.07471246592e-07, "max": 0.014144456014, "mean": 0.00409173686057, "median": 0.00421231379732, "min": 3.25275722156e-12, "var": 5.2328800848e-06}, "spectral_rolloff": {"dmean": 105.741691589, "dmean2": 189.13180542, "dvar": 689310.9375, "dvar2": 1798297.375, "max": 19724.4140625, "mean": 885.499572754, "median": 710.595703125, "min": 64.599609375, "var": 1951220}, "spectral_skewness": {"dmean": 1.88133966923, "dmean2": 3.30422973633, "dvar": 2.66408896446, "dvar2": 7.35209274292, "max": 14.4928245544, "mean": 6.68560314178, "median": 6.82703495026, "min": -0.0289712585509, "var": 6.29253292084}, "spectral_spread": {"dmean": 278411.4375, "dmean2": 478672.5, "dvar": 385758625792, "dvar2": 565370748928, "max": 41826324, "mean": 1115083.625, "median": 819615.5, "min": 264104.5, "var": 3310001061890.0}, "spectral_strongpeak": {"dmean": 0.504531800747, "dmean2": 0.780139386654, "dvar": 0.616289317608, "dvar2": 1.29074287415, "max": 7.92042255402, "mean": 1.64191114902, "median": 1.17540276051, "min": 0, "var": 2.23844313622}, "zerocrossingrate": {"dmean": 0.00345126865432, "dmean2": 0.00412090867758, "dvar": 0.000143772515003, "dvar2": 0.00016685166338, "max": 0.74072265625, "mean": 0.0334384553134, "median": 0.02734375, "min": 0.0078125, "var": 0.00212330068462}, "barkbands": {"dmean": [8.76141768913e-07, 1.0892872524e-05, 0.000111176887003, 0.00063521246193, 0.00140988896601, 0.0010501332581, 0.00042992256931, 0.000846854643896, 0.00139635708183, 0.00102027098183, 0.000321428233292, 0.000216602129512, 0.00019152877212, 0.000138594026794, 6.13377269474e-05, 3.7322701246e-05, 2.13123694266e-05, 3.73303259948e-06, 4.26261703979e-06, 8.56254814607e-07, 1.44061431229e-07, 5.57031185622e-08, 2.2524584864e-08, 4.59551152687e-09, 1.08774989016e-09, 8.28509760797e-10, 1.25737664725e-09], "dmean2": [1.50979167302e-06, 1.85200606211e-05, 0.000176316316356, 0.000831625133287, 0.00205790065229, 0.00118450634181, 0.000629922491498, 0.00115522777196, 0.00186921120621, 0.00129212671891, 0.000471881299745, 0.000248212047154, 0.000270878546871, 0.00018042132433, 9.09566952032e-05, 5.00082314829e-05, 2.79164614767e-05, 5.4570687098e-06, 6.42360646452e-06, 1.26029556213e-06, 2.08754926234e-07, 9.36717228228e-08, 3.5248127972e-08, 8.70248761942e-09, 2.00867167344e-09, 1.49966983276e-09, 2.20354268166e-09], "dvar": [2.44869033904e-12, 6.72156441617e-10, 3.39388179782e-07, 3.76144180336e-06, 8.60513409862e-06, 1.3058703189e-05, 8.96344658941e-07, 3.9691526581e-06, 1.50620453496e-05, 8.85077861312e-06, 9.93631260826e-07, 1.18999503229e-06, 5.77985360906e-07, 2.74608510153e-07, 1.14017517205e-07, 1.4226912981e-08, 7.71618946516e-09, 1.73408121196e-10, 3.60084989603e-10, 2.1702485295e-11, 4.41244507295e-13, 7.56318998315e-13, 7.38656843482e-14, 7.17983411982e-15, 4.25592895488e-17, 1.77251735816e-18, 2.15476372308e-18], "dvar2": [6.77361335424e-12, 1.70195901816e-09, 8.56206270328e-07, 6.74134344081e-06, 1.88129015442e-05, 1.2904635696e-05, 2.02480373446e-06, 7.45058378016e-06, 2.79646192212e-05, 1.49367306221e-05, 2.38710777012e-06, 1.64573975781e-06, 1.14072133783e-06, 4.59624033056e-07, 2.19057127993e-07, 2.59442813899e-08, 1.4670569648e-08, 3.84397097486e-10, 8.05829569739e-10, 5.44947281744e-11, 9.08417709545e-13, 2.07166640613e-12, 1.87478816651e-13, 2.11726811891e-14, 1.25431179928e-16, 5.35079191382e-18, 6.4361761274e-18], "max": [3.09538118017e-05, 0.000602147774771, 0.0122315697372, 0.0330575332046, 0.04610440135, 0.125412374735, 0.017348408699, 0.0331849679351, 0.0661230906844, 0.0543965175748, 0.016978725791, 0.026932798326, 0.0253972783685, 0.0138815455139, 0.0108866356313, 0.00300679728389, 0.00279894680716, 0.000318753853207, 0.000402423611376, 0.000121983568533, 1.89119236893e-05, 2.740641321e-05, 8.57154918776e-06, 2.32410866374e-06, 1.75635094024e-07, 1.42441942685e-08, 2.09373283155e-08], "mean": [1.0087096598e-06, 1.3861995285e-05, 0.000225573545322, 0.00134692585561, 0.00523928040639, 0.0035716816783, 0.00126593699679, 0.00233177701011, 0.00382099440321, 0.00249818479642, 0.000648711225949, 0.000445669080364, 0.000492603925522, 0.000333268602844, 0.000151063024532, 7.7919132309e-05, 4.37635499111e-05, 7.11929124009e-06, 7.44094904803e-06, 1.49219272316e-06, 1.64143116876e-07, 6.4121572052e-08, 2.6588498514e-08, 3.42782024987e-09, 1.079435763e-09, 1.22386589751e-09, 6.2239080556e-09], "median": [4.40029566562e-07, 5.53348536414e-06, 4.33631339547e-06, 0.00013017951278, 0.00253218552098, 0.000347708701156, 0.000456749927253, 0.000575625977945, 0.0002873330086, 0.000392353686038, 0.000151670450578, 6.26554101473e-05, 8.56651531649e-05, 4.61026793346e-05, 3.14031240123e-05, 1.40783149618e-05, 7.83778250479e-06, 1.17742513339e-06, 5.83239739171e-07, 1.19542860944e-07, 1.11085682875e-08, 2.7772333322e-09, 1.08011355415e-09, 5.16208464862e-10, 4.81353401582e-10, 7.84896758699e-10, 5.90740034667e-09], "min": [4.88897745079e-23, 2.12678288443e-23, 1.46296889669e-23, 6.63884590792e-24, 5.597440808e-23, 4.87119810371e-23, 9.55583312769e-23, 3.71233492822e-23, 2.59088458555e-23, 7.07263846866e-23, 5.46242063764e-23, 9.11448438388e-23, 5.13417340616e-23, 8.03481337694e-23, 1.87037128336e-22, 1.50761466894e-22, 3.3587475912e-22, 3.7524858657e-22, 3.36467654355e-22, 3.21813925641e-22, 4.99939450102e-22, 5.22627796556e-22, 7.9578056589e-22, 7.51772224798e-22, 1.10831155505e-21, 1.54938370529e-21, 2.64679257155e-21], "var": [2.61975228837e-12, 1.11000297842e-09, 7.23080916032e-07, 1.32914010464e-05, 4.10207394452e-05, 9.19772355701e-05, 4.38068354924e-06, 1.85992321349e-05, 6.48300265311e-05, 3.3837150113e-05, 1.9510302991e-06, 4.37318294644e-06, 3.9128995013e-06, 1.15607997486e-06, 3.44248832107e-07, 3.94589960706e-08, 1.61737929716e-08, 3.54210133446e-10, 6.55352827561e-10, 2.40332823087e-11, 5.70431072169e-13, 6.62311731067e-13, 6.20106722048e-14, 3.99515413902e-15, 2.32761097029e-17, 1.5977142424e-18, 2.54287831406e-18]}, "erbbands": {"dmean": [0.000283565954305, 0.00423639360815, 0.0927225649357, 0.98618710041, 3.6713912487, 5.15041542053, 5.2648525238, 10.6860809326, 5.71868753433, 15.4170427322, 15.9300603867, 35.2541503906, 34.324382782, 18.7521533966, 13.2882432938, 11.1303110123, 9.28277873993, 7.79952049255, 3.57313203812, 2.71163034439, 1.48235046864, 0.793242454529, 0.349182188511, 0.302369356155, 0.111159063876, 0.0338429771364, 0.0144653087482, 0.00496432092041, 0.00193773722276, 0.000462728814455, 0.000671445159242, 0.000127257095301, 7.77469904278e-05, 4.29206957051e-05, 8.3949389591e-06, 4.97249948239e-06, 2.66393976744e-06, 8.34989123177e-07, 2.84745078716e-06, 6.55429039398e-06], "dmean2": [0.000479593727505, 0.00715935090557, 0.144691646099, 1.28516876698, 4.94418382645, 7.85243272781, 7.22478628159, 12.0544013977, 6.84889268875, 21.9104404449, 22.3007030487, 47.9632644653, 40.1110916138, 27.1199073792, 19.6382827759, 11.9867830276, 12.7532815933, 10.2381877899, 4.97755908966, 4.00360965729, 1.92776286602, 1.05328607559, 0.519084274769, 0.443220108747, 0.171065554023, 0.0485644340515, 0.0210760720074, 0.00739739229903, 0.00324082165025, 0.000717439281289, 0.00105683039874, 0.00021032046061, 0.000144378325786, 7.97106840764e-05, 1.3597979887e-05, 7.5006150837e-06, 3.85349449061e-06, 1.31192189201e-06, 3.53357381755e-06, 8.12520647742e-06], "dvar": [1.76678540242e-07, 0.000244580616709, 0.203000724316, 9.38981819153, 100.155181885, 127.830047607, 137.461349487, 1663.9822998, 213.098724365, 1376.03234863, 1578.30456543, 9850.05078125, 10229.546875, 5912.89404297, 2407.10546875, 3002.82714844, 1197.65869141, 741.635498047, 402.083618164, 57.2988471985, 21.7558689117, 9.83550071716, 1.84766805172, 1.15440309048, 0.833288908005, 0.0161184761673, 0.00414333166555, 0.000871615542565, 0.000759990070947, 5.9562989918e-06, 9.27834116737e-05, 4.25649159297e-06, 1.99050464289e-06, 5.62057834941e-07, 4.31450930538e-10, 5.13469648744e-11, 1.42082465585e-11, 1.23837550457e-12, 1.72591507058e-11, 9.35965749349e-11], "dvar2": [4.68270087595e-07, 0.000635161704849, 0.522220015526, 17.0338153839, 196.704803467, 319.278137207, 230.426559448, 1673.50402832, 246.931640625, 3103.1706543, 3091.52026367, 19232.7539062, 14905.703125, 13202.6279297, 5919.95458984, 3907.05615234, 2369.52734375, 1256.22387695, 735.028198242, 125.11517334, 38.9307327271, 18.5796833038, 3.80596876144, 2.17626857758, 2.1980483532, 0.0381061546504, 0.00981705542654, 0.00214823172428, 0.00209643901326, 1.52449410962e-05, 0.00023441601661, 1.09070178951e-05, 5.84536837778e-06, 1.6567074681e-06, 1.19551324396e-09, 1.13050360739e-10, 2.83525650874e-11, 2.8807874055e-12, 2.66987092157e-11, 1.45801690166e-10], "max": [0.00554009806365, 0.29745849967, 9.11937522888, 46.4178733826, 167.544235229, 178.447509766, 230.598510742, 1463.58361816, 519.096008301, 708.374328613, 716.62322998, 1790.30725098, 2451.9765625, 1390.35144043, 934.939453125, 1387.77966309, 1114.15100098, 754.793762207, 706.751953125, 155.757263184, 115.735832214, 90.9711380005, 31.2758979797, 23.0010128021, 26.4120845795, 2.5701508522, 1.39183425903, 0.74765920639, 0.860432446003, 0.0464330837131, 0.307104170322, 0.0659012719989, 0.0389605984092, 0.0205566696823, 0.000527081487235, 0.000144848061609, 8.2860715338e-05, 2.01961465791e-05, 9.89306790871e-05, 0.000229138793657], "mean": [0.000424807803938, 0.0066037918441, 0.18414452672, 2.28855848312, 10.2770595551, 17.9869689941, 18.7565937042, 36.2616958618, 23.3171081543, 40.7427558899, 45.6732406616, 101.486816406, 93.2648849487, 38.8822097778, 27.1873912811, 24.1524925232, 24.6217250824, 20.8327789307, 8.91782855988, 6.4002532959, 3.30388402939, 1.71587228775, 0.735615611076, 0.593689858913, 0.160355597734, 0.0645082890987, 0.0206804256886, 0.00580524140969, 0.00225695921108, 0.000683481513988, 0.00077682902338, 0.000135787500767, 7.24488272681e-05, 4.54888540844e-05, 2.12224495044e-05, 1.53525343194e-05, 9.45914871409e-06, 3.24210986946e-06, 1.17703211799e-05, 2.56469375017e-05], "median": [0.000209854537388, 0.00164340273477, 0.0108569553122, 0.22592972219, 2.20027756691, 7.48487186432, 7.17804574966, 3.96414041519, 7.40701580048, 8.93520927429, 14.3670949936, 10.6870698929, 15.3389387131, 8.58487033844, 7.44190120697, 4.06818819046, 4.94118928909, 3.36095380783, 1.62771725655, 2.12966322899, 0.728281617165, 0.350477993488, 0.170088544488, 0.0790162011981, 0.0179419778287, 0.00705036474392, 0.00227825017646, 0.000470246566692, 0.000156982932822, 7.32974440325e-05, 4.33733112004e-05, 2.91715077765e-05, 2.39409928326e-05, 2.01862749236e-05, 1.62311989698e-05, 1.21881466839e-05, 7.72833209339e-06, 2.72224019682e-06, 9.70512428466e-06, 2.08692927117e-05], "min": [8.24794996201e-22, 4.26475179125e-21, 2.07387233511e-20, 1.82445201571e-20, 3.50761770538e-20, 1.6942816077e-19, 7.36020707858e-19, 2.26486420265e-19, 1.37025611756e-18, 6.30451420289e-19, 1.09853152563e-18, 6.85310245309e-19, 2.16207227738e-18, 1.07535826757e-18, 3.65117481022e-18, 3.53849502641e-18, 2.39936371855e-18, 3.44125291437e-18, 1.00111824925e-17, 9.12034288714e-18, 1.00947757108e-17, 1.86997693599e-17, 2.08445064132e-17, 1.98013439796e-17, 1.5889461279e-17, 1.6549996431e-17, 2.57935875751e-17, 1.34777508559e-17, 1.69300164393e-17, 2.22903486407e-17, 1.82114184698e-17, 1.45921078976e-17, 1.44251514171e-17, 1.24441026537e-17, 7.85989416872e-18, 4.82081315945e-18, 3.3661169974e-18, 1.33458943371e-18, 3.46345614807e-19, 3.93467554601e-20], "var": [3.1623602581e-07, 0.000316934281727, 0.360192596912, 32.1957702637, 372.908935547, 579.472839355, 834.826904297, 11373.5439453, 2085.23193359, 5514.7734375, 6239.859375, 43537.0585938, 49401.5234375, 12796.8535156, 4044.75463867, 11624.7841797, 8236.84472656, 4096.75341797, 1511.36523438, 142.436172485, 61.7445411682, 22.0245475769, 4.38979005814, 2.88649177551, 0.93693447113, 0.0270079486072, 0.00493302755058, 0.000882862252183, 0.000636929937173, 6.21007802692e-06, 7.83200812293e-05, 3.41760960509e-06, 1.12127690954e-06, 3.12634824695e-07, 5.67990154909e-10, 2.00483171731e-10, 6.67429306267e-11, 4.38868039132e-12, 1.11119786983e-10, 5.98992966339e-10]}, "gfcc": {"mean": [-226.507904053, 226.96156311, -146.688476562, -68.6185684204, -20.4615421295, -42.4890708923, -31.9240131378, -18.7905464172, -20.3089847565, -19.6247520447, -11.3042783737, -15.9744987488, -1.76899349689], "cov": [[13827.8974609, 3377.83178711, -2930.95141602, -876.67767334, -1036.73474121, -1882.65539551, -228.879516602, -310.751586914, -492.923858643, -599.379638672, -355.360290527, -607.477539062, 0.690607786179], [3377.83178711, 1890.4609375, -194.515823364, -583.502990723, -151.677261353, -479.192779541, -236.433074951, -103.471061707, -303.355041504, -253.444610596, -70.5465316772, -186.861541748, -48.0659980774], [-2930.95141602, -194.515823364, 1263.5826416, 96.6974411011, 322.68447876, 512.682678223, -52.6215133667, 5.25761604309, -20.2004814148, 30.1313934326, 52.0752487183, 56.5366630554, -72.178894043], [-876.67767334, -583.502990723, 96.6974411011, 557.555908203, 167.952804565, 218.998199463, 122.53692627, -37.5120620728, 81.013633728, 62.7060661316, -12.6141443253, 50.4960517883, -20.3003730774], [-1036.73474121, -151.677261353, 322.68447876, 167.952804565, 309.430938721, 272.106140137, -9.22797107697, -30.3580036163, -15.9833126068, 31.8211269379, 35.5176925659, 42.9714546204, -38.3809051514], [-1882.65539551, -479.192779541, 512.682678223, 218.998199463, 272.106140137, 564.616333008, 124.707511902, -54.3605194092, 18.0534934998, 53.985370636, 13.9959182739, 90.4324035645, 1.96318781376], [-228.879516602, -236.433074951, -52.6215133667, 122.53692627, -9.22797107697, 124.707511902, 308.354553223, 109.167030334, -12.7783613205, -36.9083938599, -109.572929382, 2.00378847122, 80.2590179443], [-310.751586914, -103.471061707, 5.25761604309, -37.5120620728, -30.3580036163, -54.3605194092, 109.167030334, 238.307113647, 96.4474639893, -29.2580490112, -63.2483062744, 3.2594628334, 32.3845596313], [-492.923858643, -303.355041504, -20.2004814148, 81.013633728, -15.9833126068, 18.0534934998, -12.7783613205, 96.4474639893, 216.230560303, 84.2619476318, -20.4235782623, 31.8138446808, -1.68462014198], [-599.379638672, -253.444610596, 30.1313934326, 62.7060661316, 31.8211269379, 53.985370636, -36.9083938599, -29.2580490112, 84.2619476318, 165.227722168, 91.0663452148, 25.9680328369, -21.5864067078], [-355.360290527, -70.5465316772, 52.0752487183, -12.6141443253, 35.5176925659, 13.9959182739, -109.572929382, -63.2483062744, -20.4235782623, 91.0663452148, 196.146469116, 72.9573440552, -57.7872505188], [-607.477539062, -186.861541748, 56.5366630554, 50.4960517883, 42.9714546204, 90.4324035645, 2.00378847122, 3.2594628334, 31.8138446808, 25.9680328369, 72.9573440552, 150.063201904, 57.2273330688], [0.690607786179, -48.0659980774, -72.178894043, -20.3003730774, -38.3809051514, 1.96318781376, 80.2590179443, 32.3845596313, -1.68462014198, -21.5864067078, -57.7872505188, 57.2273330688, 158.724853516]], "icov": [[0.000667293090373, -0.000924485910218, 0.00107605906669, -0.000309417810058, 0.000184502801858, 0.000385834166082, -0.000623083848041, 0.0012459839927, -0.00122066319454, 0.00177615717985, -0.00116042944137, 0.00166054069996, -0.000524997711182], [-0.000924485910218, 0.00283612590283, -0.00180109625217, 0.00182454870082, -0.00145903928205, 0.00114884949289, 0.000417841452872, -0.000197509929421, 0.00179759121966, -0.000961534096859, 0.00199684430845, -0.00202059792355, 0.00108301499858], [0.00107605906669, -0.00180109625217, 0.0041034524329, -0.00162204622757, 0.00195777206682, -0.00338664697483, 0.0034633167088, -0.0026963732671, 0.0025128046982, 0.000136401838972, 0.000657725671772, 0.00169258145615, 9.70976107055e-05], [-0.000309417810058, 0.00182454870082, -0.00162204622757, 0.00577465211973, -0.00511125894263, 0.00428644195199, -0.00633194670081, 0.00680462364107, -0.0058271009475, 0.00308646610938, -0.00127763068303, -0.000630339607596, 0.00119927630294], [0.000184502801858, -0.00145903928205, 0.00195777206682, -0.00511125894263, 0.0125473756343, -0.00908801425248, 0.0105089563876, -0.0107868034393, 0.0117385312915, -0.00772603554651, 0.00654246006161, -0.00339905940928, 0.00250866659917], [0.000385834166082, 0.00114884949289, -0.00338664697483, 0.00428644195199, -0.00908801425248, 0.0137666687369, -0.0134137487039, 0.0144521994516, -0.0122936107218, 0.00799755286425, -0.0054727755487, 0.00111583573744, -0.000617074780166], [-0.000623083848041, 0.000417841452872, 0.0034633167088, -0.00633194670081, 0.0105089563876, -0.0134137487039, 0.0237633213401, -0.0216123573482, 0.0231918226928, -0.0151166133583, 0.0156997796148, -0.00677777500823, 0.00234488560818], [0.0012459839927, -0.000197509929421, -0.0026963732671, 0.00680462364107, -0.0107868034393, 0.0144521994516, -0.0216123573482, 0.028277317062, -0.0264878422022, 0.0195222012699, -0.0150564508513, 0.00878446921706, -0.00432428112254], [-0.00122066319454, 0.00179759121966, 0.0025128046982, -0.0058271009475, 0.0117385312915, -0.0122936107218, 0.0231918226928, -0.0264878422022, 0.0380054414272, -0.0278644561768, 0.0272267367691, -0.0178873371333, 0.0105904880911], [0.00177615717985, -0.000961534096859, 0.000136401838972, 0.00308646610938, -0.00772603554651, 0.00799755286425, -0.0151166133583, 0.0195222012699, -0.0278644561768, 0.0334940217435, -0.0272005833685, 0.0195422563702, -0.010838075541], [-0.00116042944137, 0.00199684430845, 0.000657725671772, -0.00127763068303, 0.00654246006161, -0.0054727755487, 0.0156997796148, -0.0150564508513, 0.0272267367691, -0.0272005833685, 0.0364794395864, -0.0256339628249, 0.0166415665299], [0.00166054069996, -0.00202059792355, 0.00169258145615, -0.000630339607596, -0.00339905940928, 0.00111583573744, -0.00677777500823, 0.00878446921706, -0.0178873371333, 0.0195422563702, -0.0256339628249, 0.0299180429429, -0.0167823862284], [-0.000524997711182, 0.00108301499858, 9.70976107055e-05, 0.00119927630294, 0.00250866659917, -0.000617074780166, 0.00234488560818, -0.00432428112254, 0.0105904880911, -0.010838075541, 0.0166415665299, -0.0167823862284, 0.0178867913783]]}, "melbands": {"dmean": [2.56625344264e-06, 3.13625496347e-05, 0.000269236275926, 0.000296786834951, 0.000209792357055, 0.000226614138228, 8.53201927384e-05, 0.000176593166543, 0.000147284212289, 0.000216696513235, 0.000167385209352, 7.77383611421e-05, 4.12658082496e-05, 3.11654075631e-05, 2.09769204957e-05, 1.94048643607e-05, 1.59622013598e-05, 5.80699406783e-06, 4.0620202526e-06, 3.77660103368e-06, 1.39499218221e-06, 9.72029511104e-07, 6.38531844288e-07, 1.96905332928e-07, 2.82045022004e-07, 6.81485090581e-08, 5.38129611982e-08, 1.86106188238e-08, 1.16568399378e-08, 6.06896977118e-09, 1.75516856604e-09, 1.58314317211e-09, 2.13106143843e-10, 2.5903915124e-10, 3.56212254138e-10, 3.23632148858e-10, 1.34003129773e-11, 2.12829354834e-11, 1.18543466709e-10, 7.91010573015e-12], "dmean2": [4.37550215793e-06, 5.06769101776e-05, 0.000353827053914, 0.000428734521847, 0.000295325240586, 0.000253178062849, 0.000107064399344, 0.000247980497079, 0.000203953110031, 0.000291228992864, 0.000196122389752, 0.000113970105303, 6.06819921813e-05, 3.9675651351e-05, 2.44634193223e-05, 2.77183917206e-05, 2.07639805012e-05, 7.96132007963e-06, 5.98399174123e-06, 5.32020249011e-06, 1.78228140157e-06, 1.23188294765e-06, 9.726738881e-07, 2.78191919278e-07, 4.15089175476e-07, 1.06543488698e-07, 8.25212751465e-08, 2.53598582134e-08, 1.72538285881e-08, 8.72088889992e-09, 2.82616774427e-09, 2.6816238119e-09, 3.37044725462e-10, 3.94178301111e-10, 5.51687695527e-10, 5.28273480516e-10, 2.38923950069e-11, 3.85102609524e-11, 2.27486890436e-10, 1.43391947621e-11], "dvar": [2.16346315862e-11, 2.70134012936e-08, 5.94951586663e-07, 4.87870920551e-07, 1.83825051181e-07, 6.87522515364e-07, 4.40811831481e-08, 1.81408566391e-07, 1.32437023126e-07, 3.62779786656e-07, 2.52681502388e-07, 1.12982107225e-07, 1.80896329027e-08, 1.72511764873e-08, 5.47020784225e-09, 6.94944501944e-09, 3.61024454776e-09, 9.16300979537e-10, 3.0407198981e-10, 1.30095725859e-10, 2.35986057084e-11, 1.83640047613e-11, 1.10506950812e-11, 5.66921130266e-13, 1.15419121743e-12, 4.37236916595e-13, 1.19329337535e-13, 3.82351731182e-15, 4.36897476611e-15, 9.83689960712e-16, 4.58577390775e-16, 6.5444513068e-16, 1.84194242018e-18, 2.2027321336e-18, 1.77716247361e-17, 3.92516821381e-17, 7.66242483398e-22, 4.55345317311e-20, 6.71919059731e-18, 1.68312839486e-22], "dvar2": [5.66333403784e-11, 6.95335771184e-08, 1.13075043373e-06, 9.87771386463e-07, 3.53282956667e-07, 6.80288735566e-07, 5.67842697308e-08, 3.82378203767e-07, 2.63702560233e-07, 6.92428670845e-07, 3.67305347027e-07, 2.49987635925e-07, 4.43721361876e-08, 2.97406206329e-08, 7.96478083487e-09, 1.2804177274e-08, 5.9833338284e-09, 1.64711833062e-09, 6.13297690411e-10, 2.51650783545e-10, 4.2832310615e-11, 3.43135173053e-11, 2.31279925766e-11, 1.28536341727e-12, 2.15270574803e-12, 1.15771530817e-12, 3.14474547748e-13, 7.78967073679e-15, 1.04506933503e-14, 1.94359184813e-15, 1.25175947725e-15, 1.80473096083e-15, 4.64992550311e-18, 5.62025799248e-18, 4.49122577408e-17, 1.00056613927e-16, 2.12205693865e-21, 1.33531236372e-19, 1.98276913365e-17, 5.0357911548e-22], "max": [0.000109629705548, 0.00343914655969, 0.0113514568657, 0.0124374870211, 0.00719815166667, 0.0298874694854, 0.00721893412992, 0.00816465262324, 0.00583425024524, 0.00957226194441, 0.0121467923746, 0.00604558177292, 0.00243710284121, 0.00295102037489, 0.00184905459173, 0.00302388868295, 0.00163617136423, 0.00108653854113, 0.000485403230414, 0.000285730173346, 0.000137762428494, 0.000149471467012, 7.65699878684e-05, 1.97518256755e-05, 2.37133572227e-05, 1.95715147129e-05, 8.12088455859e-06, 1.24266375678e-06, 1.4939025732e-06, 1.02650756162e-06, 6.64355297886e-07, 8.02751060291e-07, 3.17419015516e-08, 3.89851315674e-08, 1.29995882503e-07, 2.00798368155e-07, 5.18642961911e-10, 5.92729998417e-09, 7.08960357088e-08, 1.32452507295e-10], "mean": [3.3664152852e-06, 5.94338853261e-05, 0.00065476767486, 0.000988747691736, 0.000804283714388, 0.00078423100058, 0.000328249181621, 0.000474130210932, 0.000421947741415, 0.000609919836279, 0.000444696401246, 0.000150283449329, 8.28567062854e-05, 6.58124990878e-05, 4.76178211102e-05, 5.18618981005e-05, 3.87633808714e-05, 1.36506423587e-05, 1.07445666799e-05, 7.82879942562e-06, 3.09532379106e-06, 1.98210022972e-06, 1.26704310333e-06, 3.82493681172e-07, 5.46401793144e-07, 8.96061322919e-08, 7.63836638384e-08, 3.56335974061e-08, 1.58864690292e-08, 6.82757361758e-09, 1.96494132076e-09, 1.7704598898e-09, 2.70530209345e-10, 4.02181454806e-10, 4.6193215919e-10, 2.7279165038e-10, 1.62620975713e-11, 2.02511878794e-11, 7.6644246505e-11, 8.85168414261e-12], "median": [1.54784174811e-06, 2.43640329245e-06, 8.92176976777e-05, 0.000442243006546, 0.000335541146342, 7.42181873647e-05, 9.79392425506e-05, 0.000100051773188, 9.74506983766e-05, 5.40734508832e-05, 6.46240005153e-05, 2.4409742764e-05, 2.14619267354e-05, 1.08336607809e-05, 8.36347771838e-06, 8.86433190317e-06, 5.36930383532e-06, 1.68062524608e-06, 2.46711601903e-06, 1.59820240242e-06, 4.74727499977e-07, 3.06626361635e-07, 1.38485134471e-07, 5.72269129862e-08, 5.20788496772e-08, 8.4349149887e-09, 4.27226787281e-09, 3.6711942375e-09, 9.93094828594e-10, 3.39190120435e-10, 8.81608466785e-11, 6.36509109309e-11, 3.09403509757e-11, 2.58487207333e-11, 1.35276139249e-11, 8.27660596309e-12, 6.36989462913e-12, 5.80652192994e-12, 5.19224854084e-12, 4.46497483084e-12], "min": [7.93605903566e-24, 8.8832111924e-24, 3.46680465359e-24, 4.84635592717e-24, 2.2165055572e-23, 6.43854308003e-24, 2.02255085079e-23, 5.9849165051e-24, 8.65120167815e-24, 3.79782922765e-24, 1.12345120946e-23, 4.54127264955e-24, 9.85151349887e-24, 1.25606614292e-23, 4.68695435393e-24, 6.62281704319e-24, 5.19946071797e-24, 1.60775737386e-23, 1.13750650198e-23, 1.00121571336e-23, 1.29764558129e-23, 2.21011925486e-23, 1.57503999891e-23, 1.74986545946e-23, 1.57304891398e-23, 1.33663424267e-23, 1.16404141625e-23, 9.1157886865e-24, 1.77151211824e-23, 9.92006156723e-24, 7.35330224142e-24, 8.92323799473e-24, 1.14562451178e-23, 1.4064528504e-23, 9.43854165954e-24, 1.28406502526e-23, 7.07585118359e-24, 8.94687384517e-24, 1.18127542379e-23, 1.0281931786e-23], "var": [3.77845914279e-11, 4.96151351115e-08, 2.00036902243e-06, 1.91822732631e-06, 1.32647232931e-06, 4.90956563226e-06, 4.02573903102e-07, 7.95777225449e-07, 5.74250350382e-07, 1.54707095135e-06, 1.21582456813e-06, 2.45453264824e-07, 3.22381268347e-08, 5.90197579697e-08, 2.72901203857e-08, 4.75964760938e-08, 1.62705671158e-08, 3.63849927965e-09, 8.54737836065e-10, 3.52970430662e-10, 6.43425174252e-11, 3.79717195187e-11, 2.56264003073e-11, 1.10531104668e-12, 2.88321016367e-12, 4.83757185785e-13, 1.25761136531e-13, 8.6441939964e-15, 5.09038806861e-15, 1.29062219591e-15, 4.03239246024e-16, 5.53028023021e-16, 1.66372180771e-18, 2.3895655574e-18, 1.59173637355e-17, 3.17639704413e-17, 1.2069653639e-21, 2.61639101832e-20, 3.7129300468e-18, 1.48299753864e-22]}, "mfcc": {"mean": [-833.950683594, 231.391571045, -22.2654533386, -34.8488273621, -1.86471533775, -18.7929191589, -18.2767124176, -11.4534769058, -11.2739133835, -8.50897121429, -11.052573204, -12.5905513763, -11.2204523087], "cov": [[6231.19091797, 3517.29101562, -1706.61181641, -428.983764648, -101.43170929, -945.147338867, -476.143341064, -295.993774414, -404.250091553, -159.210403442, -247.474853516, -329.845245361, -285.941558838], [3517.29101562, 2604.33178711, -446.040710449, -494.729614258, -91.4384536743, -440.217987061, -321.46194458, -166.717727661, -292.04699707, -234.524276733, -188.774429321, -235.824584961, -187.382873535], [-1706.61181641, -446.040710449, 1025.5246582, 20.6260852814, -1.90470612049, 389.554626465, 137.125823975, 97.603187561, 91.4826507568, -64.037437439, -1.0609061718, 24.518579483, 51.6985931396], [-428.983764648, -494.729614258, 20.6260852814, 340.97454834, 115.234970093, 43.5018196106, 97.414932251, 56.5623397827, 72.9498901367, 71.2102050781, 10.3753089905, 49.1674766541, 61.2537727356], [-101.43170929, -91.4384536743, -1.90470612049, 115.234970093, 204.535446167, 123.660919189, 20.9413986206, -19.0532608032, -52.6223487854, -35.036693573, 6.75013256073, 46.242805481, 55.2051467896], [-945.147338867, -440.217987061, 389.554626465, 43.5018196106, 123.660919189, 476.458282471, 230.998428345, 4.35893774033, 9.10830116272, -34.8067092896, -18.8525047302, 16.2804527283, 53.071269989], [-476.143341064, -321.46194458, 137.125823975, 97.414932251, 20.9413986206, 230.998428345, 284.154022217, 120.311584473, 50.4591636658, 19.7378044128, -38.8294258118, -27.783164978, 34.8145675659], [-295.993774414, -166.717727661, 97.603187561, 56.5623397827, -19.0532608032, 4.35893774033, 120.311584473, 225.309188843, 178.028656006, 34.2551956177, -37.2463226318, -27.2767086029, -4.12848043442], [-404.250091553, -292.04699707, 91.4826507568, 72.9498901367, -52.6223487854, 9.10830116272, 50.4591636658, 178.028656006, 318.011566162, 132.474578857, -58.4402618408, -32.4090003967, -24.7150630951], [-159.210403442, -234.524276733, -64.037437439, 71.2102050781, -35.036693573, -34.8067092896, 19.7378044128, 34.2551956177, 132.474578857, 166.692016602, 49.0075111389, -20.0065860748, -24.3635063171], [-247.474853516, -188.774429321, -1.0609061718, 10.3753089905, 6.75013256073, -18.8525047302, -38.8294258118, -37.2463226318, -58.4402618408, 49.0075111389, 194.07800293, 104.654914856, -28.29088974], [-329.845245361, -235.824584961, 24.518579483, 49.1674766541, 46.242805481, 16.2804527283, -27.783164978, -27.2767086029, -32.4090003967, -20.0065860748, 104.654914856, 201.983001709, 90.1352157593], [-285.941558838, -187.382873535, 51.6985931396, 61.2537727356, 55.2051467896, 53.071269989, 34.8145675659, -4.12848043442, -24.7150630951, -24.3635063171, -28.29088974, 90.1352157593, 192.868392944]], "icov": [[0.109495781362, -0.153969228268, 0.152847081423, -0.14978775382, 0.143736839294, -0.136665463448, 0.122164137661, -0.101895317435, 0.082877472043, -0.0578299872577, 0.0339619554579, -0.0149944042787, 0.0068815657869], [-0.153969228268, 0.217631131411, -0.215428441763, 0.212758541107, -0.204557642341, 0.19513939321, -0.17401997745, 0.145400866866, -0.117362141609, 0.0823423415422, -0.0470330789685, 0.0214593186975, -0.00884036812931], [0.152847081423, -0.215428441763, 0.216753020883, -0.212910458446, 0.207673668861, -0.199988469481, 0.179734364152, -0.151033744216, 0.121021404862, -0.0829182416201, 0.0484194532037, -0.0213285759091, 0.00883869640529], [-0.14978775382, 0.212758541107, -0.212910458446, 0.218664392829, -0.213818445802, 0.205901458859, -0.188164517283, 0.158710926771, -0.128343299031, 0.0872315615416, -0.0512607619166, 0.0232271365821, -0.00963402539492], [0.143736839294, -0.204557642341, 0.207673668861, -0.213818445802, 0.221927031875, -0.214831709862, 0.199909985065, -0.173806026578, 0.14273840189, -0.0988084822893, 0.060673803091, -0.0300162471831, 0.0111243436113], [-0.136665463448, 0.19513939321, -0.199988469481, 0.205901458859, -0.214831709862, 0.21960644424, -0.208092659712, 0.185005813837, -0.152660518885, 0.110165655613, -0.0686436071992, 0.0350239723921, -0.0143106775358], [0.122164137661, -0.17401997745, 0.179734364152, -0.188164517283, 0.199909985065, -0.208092659712, 0.207599133253, -0.187661409378, 0.157809793949, -0.116095043719, 0.0760159641504, -0.0385899022222, 0.0169199798256], [-0.101895317435, 0.145400866866, -0.151033744216, 0.158710926771, -0.173806026578, 0.185005813837, -0.187661409378, 0.184144243598, -0.158296331763, 0.119940757751, -0.0813710317016, 0.0451075471938, -0.0212153438479], [0.082877472043, -0.117362141609, 0.121021404862, -0.128343299031, 0.14273840189, -0.152660518885, 0.157809793949, -0.158296331763, 0.14857852459, -0.117708176374, 0.0846965685487, -0.0483125969768, 0.025617858395], [-0.0578299872577, 0.0823423415422, -0.0829182416201, 0.0872315615416, -0.0988084822893, 0.110165655613, -0.116095043719, 0.119940757751, -0.117708176374, 0.106567516923, -0.0754114463925, 0.0458876378834, -0.023851685226], [0.0339619554579, -0.0470330789685, 0.0484194532037, -0.0512607619166, 0.060673803091, -0.0686436071992, 0.0760159641504, -0.0813710317016, 0.0846965685487, -0.0754114463925, 0.0667766258121, -0.0410818606615, 0.0243369080126], [-0.0149944042787, 0.0214593186975, -0.0213285759091, 0.0232271365821, -0.0300162471831, 0.0350239723921, -0.0385899022222, 0.0451075471938, -0.0483125969768, 0.0458876378834, -0.0410818606615, 0.033502522856, -0.0182330068201], [0.0068815657869, -0.00884036812931, 0.00883869640529, -0.00963402539492, 0.0111243436113, -0.0143106775358, 0.0169199798256, -0.0212153438479, 0.025617858395, -0.023851685226, 0.0243369080126, -0.0182330068201, 0.0170948971063]]}, "spectral_contrast_coeffs": {"dmean": [0.0380438454449, 0.0359437055886, 0.0327123142779, 0.0287651401013, 0.021756215021, 0.0419061034918], "dmean2": [0.0604577846825, 0.0571724399924, 0.0507213994861, 0.0441226176918, 0.0329155400395, 0.0727840512991], "dvar": [0.00128696882166, 0.00115755468141, 0.0010895289015, 0.000924493884668, 0.000481124705402, 0.0015034932876], "dvar2": [0.00264790002257, 0.00268092355691, 0.00232507660985, 0.0021208350081, 0.00100178574212, 0.0043875942938], "max": [-0.177009016275, -0.423214912415, -0.379427731037, -0.457120120525, -0.540079891682, -0.604006290436], "mean": [-0.472876816988, -0.661817371845, -0.663173854351, -0.671690523624, -0.682635247707, -0.86783427], "median": [-0.449133247137, -0.657463431358, -0.655549585819, -0.668272674084, -0.671659827232, -0.881542444229], "min": [-0.978333771229, -0.956942260265, -0.966835677624, -0.977363049984, -0.961748659611, -0.962029099464], "var": [0.0185722727329, 0.00967488251626, 0.0135980565101, 0.00461035827175, 0.00466376263648, 0.00344342878088]}, "spectral_contrast_valleys": {"dmean": [0.438812553883, 0.347771763802, 0.360558539629, 0.378259807825, 0.370495826006, 0.800052583218], "dmean2": [0.718406975269, 0.539954960346, 0.549751222134, 0.562449514866, 0.550504505634, 1.40849637985], "dvar": [0.176733776927, 0.209465265274, 0.222036063671, 0.273740559816, 0.279343336821, 0.476378202438], "dvar2": [0.36881378293, 0.33638510108, 0.386452972889, 0.471714258194, 0.514530301094, 1.37340688705], "max": [-7.01986026764, -4.96709918976, -5.79834127426, -6