{"lowlevel": {"average_loudness": 0.973126590252, "barkbands_crest": {"dmean": 2.42320418358, "dmean2": 4.01683616638, "dvar": 5.61874580383, "dvar2": 15.1873550415, "max": 21.7287826538, "mean": 10.1257410049, "median": 9.55513763428, "min": 3.32219314575, "var": 10.443734169}, "barkbands_flatness_db": {"dmean": 0.0465762317181, "dmean2": 0.0530324950814, "dvar": 0.00176845176611, "dvar2": 0.00286195473745, "max": 0.544015705585, "mean": 0.236094206572, "median": 0.232612013817, "min": 0.0492525622249, "var": 0.00824353192002}, "barkbands_kurtosis": {"dmean": 15.5038042068, "dmean2": 24.6505718231, "dvar": 595.168457031, "dvar2": 1590.62304688, "max": 245.183120728, "mean": 18.7403469086, "median": 8.90085315704, "min": -1.9412560463, "var": 650.39630127}, "barkbands_skewness": {"dmean": 1.32431161404, "dmean2": 2.06090545654, "dvar": 2.47117304802, "dvar2": 6.73721456528, "max": 12.8662595749, "mean": 2.85419893265, "median": 2.33011388779, "min": -2.4581849575, "var": 3.71744251251}, "barkbands_spread": {"dmean": 11.055524826, "dmean2": 16.9766311646, "dvar": 372.37097168, "dvar2": 884.475036621, "max": 139.427612305, "mean": 14.5281677246, "median": 7.53428554535, "min": 0.55367410183, "var": 432.814788818}, "dissonance": {"dmean": 0.0395298227668, "dmean2": 0.0577588826418, "dvar": 0.0011195508996, "dvar2": 0.00230127829127, "max": 0.499872326851, "mean": 0.401085346937, "median": 0.408847808838, "min": 0.173399418592, "var": 0.00365298753604}, "dynamic_complexity": 2.23003602028, "erbbands_crest": {"dmean": 3.09701251984, "dmean2": 4.55180454254, "dvar": 8.56617259979, "dvar2": 16.8319358826, "max": 31.1623287201, "mean": 11.6019878387, "median": 10.8100624084, "min": 2.53964996338, "var": 23.1223831177}, "erbbands_flatness_db": {"dmean": 0.041643448174, "dmean2": 0.0439248122275, "dvar": 0.0014648924116, "dvar2": 0.00204884284176, "max": 0.396057754755, "mean": 0.164043158293, "median": 0.161054775119, "min": 0.0280010215938, "var": 0.00597366597503}, "erbbands_kurtosis": {"dmean": 3.3489985466, "dmean2": 4.6135802269, "dvar": 23.8096523285, "dvar2": 41.4932403564, "max": 65.4996643066, "mean": 4.46967840195, "median": 1.84832000732, "min": -1.73311328888, "var": 67.2551345825}, "erbbands_skewness": {"dmean": 0.658086240292, "dmean2": 0.90753620863, "dvar": 0.394604474306, "dvar2": 0.828146457672, "max": 6.1963634491, "mean": 1.31052291393, "median": 1.10511946678, "min": -1.70900785923, "var": 1.48160302639}, "erbbands_spread": {"dmean": 21.0636978149, "dmean2": 28.4669761658, "dvar": 737.166015625, "dvar2": 1385.94641113, "max": 171.617080688, "mean": 40.3562164307, "median": 24.4654045105, "min": 2.07714152336, "var": 1370.67407227}, "hfc": {"dmean": 9.81872749329, "dmean2": 12.8669757843, "dvar": 122.254440308, "dvar2": 245.972839355, "max": 70.4009780884, "mean": 20.077293396, "median": 15.9289970398, "min": 7.60523866106e-11, "var": 246.698120117}, "melbands_crest": {"dmean": 2.68916368484, "dmean2": 4.39554738998, "dvar": 6.3940911293, "dvar2": 17.0504074097, "max": 32.1705589294, "mean": 14.525144577, "median": 14.0118846893, "min": 4.36992406845, "var": 15.6196527481}, "melbands_flatness_db": {"dmean": 0.0524310916662, "dmean2": 0.0627202391624, "dvar": 0.00252084084786, "dvar2": 0.0043264082633, "max": 0.70105522871, "mean": 0.359469652176, "median": 0.356793105602, "min": 0.0152808809653, "var": 0.0109157329425}, "melbands_kurtosis": {"dmean": 30.5331802368, "dmean2": 44.8516540527, "dvar": 2257.37915039, "dvar2": 5182.27539062, "max": 452.638793945, "mean": 47.0851707458, "median": 19.2786941528, "min": -1.27261316776, "var": 4045.09985352}, "melbands_skewness": {"dmean": 1.52430951595, "dmean2": 2.03540921211, "dvar": 2.99511432648, "dvar2": 5.86325263977, "max": 14.6000595093, "mean": 3.96983647346, "median": 2.964802742, "min": -0.132666304708, "var": 7.80966377258}, "melbands_spread": {"dmean": 3.49275875092, "dmean2": 5.23977565765, "dvar": 81.6220779419, "dvar2": 163.175979614, "max": 160.726287842, "mean": 7.07271194458, "median": 4.81951141357, "min": 0.480823785067, "var": 110.520217896}, "pitch_salience": {"dmean": 0.0737138465047, "dmean2": 0.120490431786, "dvar": 0.00454776687548, "dvar2": 0.0114261321723, "max": 0.919237136841, "mean": 0.531855404377, "median": 0.534152746201, "min": 0.223923459649, "var": 0.0094101484865}, "silence_rate_20dB": {"dmean": 0, "dmean2": 0, "dvar": 0, "dvar2": 0, "max": 1, "mean": 1, "median": 1, "min": 1, "var": 0}, "silence_rate_30dB": {"dmean": 0.0607012026012, "dmean2": 0.121465966105, "dvar": 0.0570168793201, "dvar2": 0.14021936059, "max": 1, "mean": 0.937238514423, "median": 1, "min": 0, "var": 0.0588218681514}, "silence_rate_60dB": {"dmean": 0.00941915251315, "dmean2": 0.0183246079832, "dvar": 0.00933056417853, "dvar2": 0.0179887283593, "max": 1, "mean": 0.0303347278386, "median": 0, "min": 0, "var": 0.0294139161706}, "spectral_centroid": {"dmean": 181.597793579, "dmean2": 266.627166748, "dvar": 165451.78125, "dvar2": 285606, "max": 11401.1835938, "mean": 483.164154053, "median": 388.029846191, "min": 119.502845764, "var": 229672.25}, "spectral_complexity": {"dmean": 2.43642067909, "dmean2": 3.7450261116, "dvar": 11.7551212311, "dvar2": 27.8695240021, "max": 34, "mean": 8.29393291473, "median": 7, "min": 0, "var": 24.0485076904}, "spectral_decrease": {"dmean": 6.72071553964e-09, "dmean2": 1.12017284337e-08, "dvar": 8.37303715064e-17, "dvar2": 2.46072944405e-16, "max": 1.15302600801e-10, "mean": -1.39515865527e-08, "median": -1.21515579821e-08, "min": -6.37256007963e-08, "var": 9.36665179639e-17}, "spectral_energy": {"dmean": 0.025539027527, "dmean2": 0.0424821339548, "dvar": 0.0011965399608, "dvar2": 0.003500724677, "max": 0.242966234684, "mean": 0.0544775277376, "median": 0.0476205982268, "min": 6.49186633676e-15, "var": 0.00136814825237}, "spectral_energyband_high": {"dmean": 0.00065241928678, "dmean2": 0.000894166179933, "dvar": 8.17357147298e-07, "dvar2": 1.66670076851e-06, "max": 0.00435641547665, "mean": 0.000700218894053, "median": 0.000153984234203, "min": 4.82745548925e-15, "var": 1.1482196669e-06}, "spectral_energyband_low": {"dmean": 0.0197181049734, "dmean2": 0.0339396446943, "dvar": 0.00100306782406, "dvar2": 0.00288866413757, "max": 0.231907382607, "mean": 0.034078605473, "median": 0.0274410359561, "min": 1.18061450657e-16, "var": 0.000924051448237}, "spectral_energyband_middle_high": {"dmean": 0.00120733398944, "dmean2": 0.00162793544587, "dvar": 3.52134384229e-06, "dvar2": 6.12060011917e-06, "max": 0.0250214524567, "mean": 0.00225611287169, "median": 0.000640591140836, "min": 7.43833946972e-16, "var": 1.05197268567e-05}, "spectral_energyband_middle_low": {"dmean": 0.00964862015098, "dmean2": 0.014387153089, "dvar": 0.000120568474813, "dvar2": 0.000320722814649, "max": 0.0975904986262, "mean": 0.0230947062373, "median": 0.0192024298012, "min": 7.99765001552e-17, "var": 0.000295140314847}, "spectral_entropy": {"dmean": 0.521891832352, "dmean2": 0.549709975719, "dvar": 0.219576299191, "dvar2": 0.333222210407, "max": 9.80805492401, "mean": 6.64265632629, "median": 6.67295742035, "min": 4.11996078491, "var": 0.941528141499}, "spectral_flux": {"dmean": 0.0462640412152, "dmean2": 0.0731658041477, "dvar": 0.00281304563396, "dvar2": 0.00565345305949, "max": 0.395601004362, "mean": 0.105380401015, "median": 0.0860314816236, "min": 2.38867341977e-05, "var": 0.00507988780737}, "spectral_kurtosis": {"dmean": 7.16107416153, "dmean2": 9.42434883118, "dvar": 109.666755676, "dvar2": 209.817230225, "max": 124.094085693, "mean": 13.745136261, "median": 7.13565731049, "min": -1.2072378397, "var": 266.408874512}, "spectral_rms": {"dmean": 0.00168421573471, "dmean2": 0.00271529983729, "dvar": 3.9332499e-06, "dvar2": 1.12141015052e-05, "max": 0.0153961107135, "mean": 0.00683949096128, "median": 0.00681609287858, "min": 2.51665022155e-09, "var": 6.37029506834e-06}, "spectral_rolloff": {"dmean": 853.600280762, "dmean2": 1574.40319824, "dvar": 8772984, "dvar2": 22420336, "max": 19186.0839844, "mean": 942.045959473, "median": 301.46484375, "min": 64.599609375, "var": 7640860}, "spectral_skewness": {"dmean": 0.697859942913, "dmean2": 0.82203912735, "dvar": 0.558364629745, "dvar2": 0.949827432632, "max": 9.7518529892, "mean": 2.80682659149, "median": 2.39340305328, "min": -0.00943925511092, "var": 2.03687620163}, "spectral_spread": {"dmean": 2010431.625, "dmean2": 2225726, "dvar": 5285840158720.0, "dvar2": 7694542962690.0, "max": 40968564, "mean": 6170754.5, "median": 5154113.5, "min": 815540.375, "var": 15240648458200.0}, "spectral_strongpeak": {"dmean": 0.405337780714, "dmean2": 0.711972236633, "dvar": 0.347536832094, "dvar2": 0.851824581623, "max": 6.46785068512, "mean": 0.625269651413, "median": 0.440849006176, "min": 0, "var": 0.450728029013}, "zerocrossingrate": {"dmean": 0.0303370598704, "dmean2": 0.034485694021, "dvar": 0.00168014911469, "dvar2": 0.00213665980846, "max": 0.55517578125, "mean": 0.0553050003946, "median": 0.029296875, "min": 0.0029296875, "var": 0.00434932112694}, "barkbands": {"dmean": [0.00068826408824, 0.0129147237167, 0.00643075909466, 0.00397099927068, 0.0044433567673, 0.0017340646591, 0.00063400977524, 0.000230454388657, 0.000416140363086, 0.00131610513199, 0.000105899773189, 0.000334879179718, 9.54953866312e-05, 9.07623179955e-05, 7.57206507842e-05, 3.26473309542e-05, 1.64415214385e-05, 4.31863772974e-05, 1.91700019059e-05, 1.93568557734e-05, 3.27405650751e-05, 4.05432292609e-05, 5.05157877342e-05, 4.95305503136e-05, 7.50356775825e-05, 0.000164897792274, 0.000261101085925], "dmean2": [0.00115904025733, 0.0231346860528, 0.0104668335989, 0.00647813128307, 0.00726236030459, 0.00232831062749, 0.000901377177797, 0.000377578428015, 0.000656887015793, 0.00165076286066, 0.000189322629012, 0.000415114656789, 0.000155568210175, 0.000143829383887, 0.000121588207548, 5.48730567971e-05, 2.57673182205e-05, 6.32685696473e-05, 2.90057905659e-05, 2.79542800854e-05, 4.52181702713e-05, 5.78662256885e-05, 7.93130020611e-05, 6.91027671564e-05, 9.77413437795e-05, 0.000240298875724, 0.00036662974162], "dvar": [1.36316668886e-06, 0.000563408888411, 6.92731482559e-05, 2.23229453695e-05, 4.44095931016e-05, 6.3899642555e-06, 1.03740933355e-06, 5.28074110662e-07, 1.20758841149e-06, 6.70372583045e-06, 1.02359400955e-07, 3.53897092964e-07, 4.08064551038e-08, 2.79263456804e-08, 1.58202215772e-08, 7.29622540163e-09, 1.47384882077e-09, 4.80024864302e-09, 1.67412250729e-09, 1.33809452407e-09, 2.89796919795e-09, 6.3822551688e-09, 1.46513441379e-08, 5.06699038283e-09, 1.02719948103e-08, 6.14736848092e-08, 1.45334055901e-07], "dvar2": [3.41945587934e-06, 0.00163790630177, 0.000189494341612, 6.12479561823e-05, 0.000125057253172, 1.08512022052e-05, 1.95075062948e-06, 1.40317229125e-06, 2.75795468951e-06, 9.18389014259e-06, 2.96962952007e-07, 4.98537815474e-07, 1.04837035053e-07, 7.01859690366e-08, 3.81417493145e-08, 1.93926776859e-08, 3.35240768479e-09, 9.73503766488e-09, 4.07008338144e-09, 2.91697022092e-09, 6.31741725599e-09, 1.52601202785e-08, 3.90677072915e-08, 1.06151798462e-08, 1.94219573757e-08, 1.33310038564e-07, 3.13616624226e-07], "max": [0.0145466988906, 0.177674919367, 0.068273678422, 0.0440973490477, 0.0695903450251, 0.0407101586461, 0.0140910902992, 0.0162862613797, 0.0155997658148, 0.0452280752361, 0.00266760564409, 0.00852399226278, 0.00280892080627, 0.00150104111526, 0.00155375548638, 0.000664978986606, 0.000302209984511, 0.00105540256482, 0.000390175584471, 0.000314543343848, 0.000439997500507, 0.000637369405013, 0.000932760071009, 0.000490199832711, 0.000593910575844, 0.00131228694227, 0.00188718352001], "mean": [0.00081682135351, 0.0169791169465, 0.0116390325129, 0.00733118085191, 0.00776641676202, 0.00376122561283, 0.0012462149607, 0.000260905217147, 0.000550280557945, 0.00236253207549, 8.8535984105e-05, 0.000519035093021, 0.00010081048822, 0.000100003853731, 0.000105290280771, 3.53560863005e-05, 1.90325717995e-05, 5.68590330658e-05, 2.5541665309e-05, 3.15042416332e-05, 3.98990487156e-05, 4.97124601679e-05, 5.01485556015e-05, 5.98828592047e-05, 8.55517573655e-05, 0.000152299209731, 0.000244344526436], "median": [0.000251956662396, 0.0121095776558, 0.00972992740571, 0.00550887500867, 0.00523656606674, 0.00192549545318, 0.000393056659959, 3.35598524543e-05, 8.32251826068e-05, 0.000223904789891, 1.68157002918e-05, 9.49699897319e-05, 2.89230956696e-05, 1.60848157975e-05, 2.71136559604e-05, 7.81233666203e-06, 5.20799494552e-06, 1.45104077092e-05, 1.05818971861e-05, 1.00967554317e-05, 1.68727456185e-05, 1.17756007967e-05, 8.98465532373e-06, 1.62673677551e-05, 1.73839962372e-05, 1.21788943943e-05, 8.69484938448e-06], "min": [6.00595130172e-17, 6.42471711166e-17, 1.92295156765e-17, 8.93784202859e-18, 1.863542298e-17, 1.8786631596e-17, 1.42676115607e-17, 3.96419608403e-18, 9.8514183474e-18, 2.98822437356e-17, 2.44086638909e-17, 2.80808296499e-17, 4.09324105724e-17, 9.78370170286e-17, 6.49924079089e-17, 3.1355875923e-17, 1.76353688986e-16, 1.12669966833e-16, 8.29581355388e-17, 2.31028474592e-16, 1.94964882192e-16, 2.43614113638e-16, 4.20131412333e-16, 4.91645345278e-16, 6.65946779312e-16, 1.19155671641e-15, 1.64525149164e-15], "var": [1.72939985532e-06, 0.000408724823501, 0.000103832528112, 4.2835745262e-05, 6.18145422777e-05, 2.35460574913e-05, 3.38859513249e-06, 6.11926964211e-07, 2.25667463383e-06, 1.99369351321e-05, 6.36571044765e-08, 1.03067372947e-06, 4.74602579459e-08, 3.59995588894e-08, 2.56244927499e-08, 7.46732187196e-09, 1.76926295836e-09, 9.01207908299e-09, 2.01131955535e-09, 2.62142019203e-09, 3.95871335712e-09, 8.253342898e-09, 1.23946977126e-08, 7.18343384776e-09, 1.6107273737e-08, 7.26112645566e-08, 1.82946436666e-07]}, "erbbands": {"dmean": [0.330691933632, 3.06989908218, 7.26357460022, 10.9210338593, 15.1635751724, 13.0184164047, 8.76524066925, 15.1671190262, 17.2608394623, 3.86032438278, 5.04491949081, 10.1020565033, 53.168800354, 7.0831618309, 5.12993049622, 16.0798053741, 5.0799741745, 5.11418056488, 2.50901460648, 4.24210691452, 1.83670020103, 1.17371022701, 2.39792013168, 0.857095122337, 1.05866110325, 0.968269705772, 1.47440731525, 1.12075173855, 1.66591632366, 1.50283658504, 1.34127020836, 0.92199331522, 0.879255533218, 0.662124872208, 0.634773433208, 0.543288946152, 0.324138909578, 0.174354329705, 0.0447257757187, 0.00268983072601], "dmean2": [0.58989495039, 5.48352003098, 12.2146310806, 17.4557056427, 24.7343940735, 21.8698749542, 12.931804657, 20.9522705078, 23.154920578, 6.45666265488, 8.0311870575, 15.6284999847, 66.9132003784, 9.94220924377, 8.09927082062, 19.9559230804, 7.97176790237, 8.02132129669, 3.94006681442, 6.7883439064, 3.03601455688, 1.80913805962, 3.5225880146, 1.22172105312, 1.6103862524, 1.43808281422, 1.99152505398, 1.67855417728, 2.52486467361, 2.195073843, 2.14875006676, 1.38690066338, 1.21013879776, 0.871184289455, 0.85390073061, 0.775488853455, 0.479698091745, 0.2542091012, 0.0613936670125, 0.00383099378087], "dvar": [0.342915862799, 31.2232112885, 116.902526855, 181.302505493, 384.648803711, 568.54498291, 515.870544434, 487.450744629, 759.702392578, 85.0908279419, 302.824523926, 523.381774902, 10369.3261719, 199.195785522, 126.547531128, 862.300415039, 96.8770370483, 84.2447509766, 23.577457428, 61.7335395813, 20.9663009644, 5.28300619125, 15.0214767456, 2.70698618889, 5.20125722885, 3.49335813522, 4.7853012085, 4.81863641739, 10.5641069412, 10.2997922897, 11.1018362045, 2.37528800964, 1.47383272648, 0.797892928123, 0.778110444546, 0.653380095959, 0.242861106992, 0.0687532499433, 0.00411886814982, 1.58768652909e-05], "dvar2": [0.98425590992, 91.0929260254, 332.994537354, 472.752410889, 1078.44030762, 1607.82202148, 712.102844238, 964.465087891, 1253.44433594, 240.906600952, 785.823120117, 1397.2277832, 14268.3486328, 414.359466553, 340.635040283, 1234.14025879, 248.858032227, 209.015670776, 57.6734924316, 155.327972412, 55.6064720154, 12.4906978607, 30.9722862244, 5.94731664658, 12.6786708832, 8.08412075043, 10.0189228058, 10.5845499039, 26.470993042, 25.6313819885, 30.1876983643, 5.75733137131, 2.69257378578, 1.46383416653, 1.58673286438, 1.35264146328, 0.543200850487, 0.152732491493, 0.00839227624238, 3.62985883839e-05], "max": [4.57304096222, 40.2981681824, 77.2971038818, 138.710601807, 209.960128784, 276.348876953, 648.01159668, 272.977203369, 352.990966797, 81.2204360962, 447.192047119, 184.879058838, 1773.44238281, 332.868774414, 102.372161865, 435.933685303, 139.551956177, 81.2145614624, 64.8215255737, 107.81628418, 37.4944877625, 19.2680912018, 57.4540061951, 14.6024513245, 21.5477867126, 17.1703510284, 17.2186088562, 18.5774993896, 24.4961986542, 26.2245597839, 26.2909698486, 11.8094139099, 6.53418540955, 5.42459392548, 4.83862018585, 4.86599254608, 2.54509329796, 1.30145525932, 0.325590401888, 0.019623786211], "mean": [0.399970114231, 4.13727664948, 12.0872545242, 23.071893692, 27.4241542816, 20.9610614777, 18.1269779205, 31.6540966034, 36.100151062, 5.00910997391, 6.12677812576, 13.35658741, 95.6525344849, 12.0697183609, 6.59737586975, 24.5104942322, 6.23713779449, 5.91628599167, 3.03293800354, 5.95736122131, 2.11307477951, 1.50537955761, 3.14089202881, 1.20003426075, 1.4320179224, 1.56659758091, 1.9037348032, 1.32668375969, 1.90289878845, 1.71167707443, 1.31434607506, 1.00484383106, 1.10331022739, 0.816955447197, 0.673855185509, 0.524088859558, 0.291348516941, 0.158661574125, 0.0432392694056, 0.00252223596908], "median": [0.270095705986, 3.00309300423, 9.50873565674, 18.4400367737, 20.5119380951, 12.6405601501, 7.37035655975, 13.5419893265, 11.4079589844, 1.88682031631, 1.07008492947, 2.41573810577, 8.1364812851, 3.82746124268, 2.09853458405, 4.4185051918, 2.43769359589, 1.46641659737, 0.776759624481, 1.54441070557, 0.595817863941, 0.554797589779, 0.779833495617, 0.507639765739, 0.586713075638, 0.454033344984, 0.6684923172, 0.443419158459, 0.432629257441, 0.374830186367, 0.254021286964, 0.267848670483, 0.298992693424, 0.209118634462, 0.116937614977, 0.0538972988725, 0.0201814174652, 0.00797265768051, 0.00147239724174, 0.000149913510541], "min": [2.7560533574e-15, 1.13679131416e-14, 2.2901438165e-14, 2.80608412076e-14, 3.68554199746e-14, 6.82463390271e-14, 1.10975573349e-13, 1.66227993284e-13, 2.18713854536e-13, 1.38931848339e-13, 1.0830784647e-13, 2.16689581317e-13, 5.93491727117e-13, 1.2574134442e-12, 6.78335154974e-13, 1.4067437536e-12, 1.95899915213e-12, 3.6353082003e-12, 5.26066733578e-12, 1.59474094086e-12, 3.98933793985e-12, 9.5345927334e-12, 6.24858628381e-12, 4.64077084053e-12, 3.88964945322e-12, 1.17493436855e-11, 9.37476572066e-12, 8.90999166808e-12, 9.24278535652e-12, 9.78045769373e-12, 1.20701781903e-11, 7.49990521076e-12, 9.32695760902e-12, 6.5927133544e-12, 6.22556997273e-12, 3.86318884868e-12, 2.07596353302e-12, 9.10614791037e-13, 2.26960702836e-13, 2.4913946096e-14], "var": [0.267778545618, 22.7599067688, 125.345542908, 388.684753418, 621.678588867, 640.050170898, 1877.97216797, 1642.13537598, 2853.31933594, 80.7530059814, 391.818847656, 638.44128418, 30851.71875, 432.467926025, 161.311798096, 2422.06762695, 124.274520874, 111.638435364, 33.9497146606, 89.0092315674, 22.6468315125, 6.92898797989, 27.4682273865, 4.34469127655, 6.03248357773, 6.54302549362, 7.69112348557, 6.08570718765, 12.2200546265, 11.0994272232, 8.87017440796, 2.5828101635, 2.32854604721, 1.30447816849, 1.10578799248, 0.816903114319, 0.275271564722, 0.0802868977189, 0.00554158817977, 1.88980611711e-05]}, "gfcc": {"mean": [-32.0874290466, 106.533592224, -33.0638008118, 19.5417671204, -35.5139732361, 14.1575145721, -24.2209091187, -3.05684089661, -27.0933570862, -4.93189907074, -14.5111036301, 0.75493490696, -4.62921333313], "cov": [[8628.62890625, -2290.78735352, -532.458190918, -397.694732666, -247.654937744, -231.644226074, -94.3693466187, 133.066101074, 81.1361541748, 147.002075195, -134.209289551, 98.5857315063, -318.314453125], [-2290.78735352, 3579.09521484, -1016.29437256, -184.606719971, 114.158325195, 43.9859390259, -110.613098145, -94.6089935303, -2.44364881516, -327.448791504, 163.371780396, -111.480499268, 155.244750977], [-532.458190918, -1016.29437256, 1238.30517578, 371.383575439, 135.535858154, 0.527344584465, 54.5470428467, -65.682144165, -96.7484970093, 104.179756165, -70.0087203979, 14.5829191208, -8.5187587738], [-397.694732666, -184.606719971, 371.383575439, 456.019470215, -19.0774688721, 31.569234848, 11.8429527283, -48.8672828674, -39.385684967, -6.86731481552, -30.8525314331, -31.6159172058, 14.2206001282], [-247.654937744, 114.158325195, 135.535858154, -19.0774688721, 213.717163086, 25.9167823792, 21.6534557343, -22.3578090668, -5.65635538101, -5.02725505829, 7.54853105545, -8.41234111786, -2.10538506508], [-231.644226074, 43.9859390259, 0.527344584465, 31.569234848, 25.9167823792, 126.095809937, 50.5611457825, 3.49153184891, -17.4781990051, 5.50536108017, -3.92989492416, -0.91284686327, 7.97663116455], [-94.3693466187, -110.613098145, 54.5470428467, 11.8429527283, 21.6534557343, 50.5611457825, 83.0653076172, 32.5556373596, 1.53390932083, 0.316769421101, -9.88688755035, 3.30987691879, 6.30677938461], [133.066101074, -94.6089935303, -65.682144165, -48.8672828674, -22.3578090668, 3.49153184891, 32.5556373596, 100.377960205, 29.9263801575, 2.36140441895, -18.8000812531, 7.64940404892, 3.40149617195], [81.1361541748, -2.44364881516, -96.7484970093, -39.385684967, -5.65635538101, -17.4781990051, 1.53390932083, 29.9263801575, 89.7780532837, 31.241601944, 4.33500480652, -13.4179677963, -16.3885746002], [147.002075195, -327.448791504, 104.179756165, -6.86731481552, -5.02725505829, 5.50536108017, 0.316769421101, 2.36140441895, 31.241601944, 115.310516357, 17.6976299286, -0.714852273464, -39.4937705994], [-134.209289551, 163.371780396, -70.0087203979, -30.8525314331, 7.54853105545, -3.92989492416, -9.88688755035, -18.8000812531, 4.33500480652, 17.6976299286, 63.6306190491, 7.03076601028, -7.79377841949], [98.5857315063, -111.480499268, 14.5829191208, -31.6159172058, -8.41234111786, -0.91284686327, 3.30987691879, 7.64940404892, -13.4179677963, -0.714852273464, 7.03076601028, 46.9322319031, 11.2005691528], [-318.314453125, 155.244750977, -8.5187587738, 14.2206001282, -2.10538506508, 7.97663116455, 6.30677938461, 3.40149617195, -16.3885746002, -39.4937705994, -7.79377841949, 11.2005691528, 62.2262878418]], "icov": [[0.000232112230151, 0.000135639376822, 0.000289470131975, -1.25970436784e-05, -6.47826382192e-05, 0.000344581058016, 7.26433936507e-05, 1.67003618117e-05, 0.000234224266023, 1.05957442429e-05, 0.000677014002576, -0.000571697950363, 0.00109293684363], [0.000135639376822, 0.0011108617764, 0.000346236309269, 0.000335752934916, -0.000416625698563, -0.000997202354483, 0.00170970417093, -2.96207417705e-05, -0.000468219746836, 0.00284796697088, -0.00303544825874, 0.00295933661982, -0.00139345880598], [0.000289470131975, 0.000346236309269, 0.00283645908348, -0.00175041914918, -0.00202701427042, 0.00258139986545, -0.00184522627387, 0.000994525616989, 0.00293056550436, -0.00343327480368, 0.00344746303745, -0.00204906542785, 0.000531875062734], [-1.25970436784e-05, 0.000335752934916, -0.00175041914918, 0.00419750763103, 0.0018296596827, -0.00235890527256, 0.00125782191753, 0.000907781592105, -0.0012670350261, 0.00323284254409, -0.00215216330253, 0.0045571452938, -0.00128550815862], [-6.47826382192e-05, -0.000416625698563, -0.00202701427042, 0.0018296596827, 0.0068735727109, -0.00198135245591, -0.000941069796681, 0.00123710662592, -0.00201232172549, 0.00237371167168, -0.0016976891784, 0.00154040229972, 0.00101335439831], [0.000344581058016, -0.000997202354483, 0.00258139986545, -0.00235890527256, -0.00198135245591, 0.0156325548887, -0.0111492853612, 0.00193708413281, 0.00616260105744, -0.00879489630461, 0.00786385964602, -0.0051013128832, 0.00204046908766], [7.26433936507e-05, 0.00170970417093, -0.00184522627387, 0.00125782191753, -0.000941069796681, -0.0111492853612, 0.0245956983417, -0.00769699551165, -0.0037926544901, 0.00840375572443, -0.00768016092479, 0.00529974093661, -0.00268968124874], [1.67003618117e-05, -2.96207417705e-05, 0.000994525616989, 0.000907781592105, 0.00123710662592, 0.00193708413281, -0.00769699551165, 0.0163605455309, -0.00386344199069, -0.0015034454409, 0.00623266445473, -0.0035407403484, -0.000786408258136], [0.000234224266023, -0.000468219746836, 0.00293056550436, -0.0012670350261, -0.00201232172549, 0.00616260105744, -0.0037926544901, -0.00386344199069, 0.019812753424, -0.0100658480078, 0.00469847861677, 0.00163762201555, 0.00191778945737], [1.05957442429e-05, 0.00284796697088, -0.00343327480368, 0.00323284254409, 0.00237371167168, -0.00879489630461, 0.00840375572443, -0.0015034454409, -0.0100658480078, 0.0269231051207, -0.0169466529042, 0.00929208286107, 0.00281971204095], [0.000677014002576, -0.00303544825874, 0.00344746303745, -0.00215216330253, -0.0016976891784, 0.00786385964602, -0.00768016092479, 0.00623266445473, 0.00469847861677, -0.0169466529042, 0.0366592295468, -0.0185193568468, 0.00977889914066], [-0.000571697950363, 0.00295933661982, -0.00204906542785, 0.0045571452938, 0.00154040229972, -0.0051013128832, 0.00529974093661, -0.0035407403484, 0.00163762201555, 0.00929208286107, -0.0185193568468, 0.0404795706272, -0.0145440204069], [0.00109293684363, -0.00139345880598, 0.000531875062734, -0.00128550815862, 0.00101335439831, 0.00204046908766, -0.00268968124874, -0.000786408258136, 0.00191778945737, 0.00281971204095, 0.00977889914066, -0.0145440204069, 0.0317299775779]]}, "melbands": {"dmean": [0.0032612986397, 0.00389269529842, 0.00188120093662, 0.00109532219358, 0.000339213671396, 0.000360518926755, 0.000235896746744, 4.14123533119e-05, 4.01682627853e-05, 7.33141641831e-05, 0.000262704357738, 2.18372751988e-05, 1.56594032887e-05, 3.84179911634e-05, 2.16526623262e-05, 9.74581598712e-06, 9.98000996333e-06, 3.87029740523e-06, 5.19030436408e-06, 3.98060865336e-06, 2.07661855711e-06, 9.50452829329e-07, 2.91341643788e-06, 1.34998560952e-06, 6.54955101709e-07, 7.66251446294e-07, 7.56797533086e-07, 6.3151452423e-07, 1.00148201909e-06, 8.79405718024e-07, 5.71109694647e-07, 1.05267611161e-06, 6.90616730026e-07, 9.35703610594e-07, 8.37535537812e-07, 5.76141644615e-07, 5.5874966165e-07, 6.20114576577e-07, 5.88764635268e-07, 5.60674720873e-07], "dmean2": [0.0058367960155, 0.00666064582765, 0.00301326578483, 0.00181942572817, 0.000521469919477, 0.000487953861011, 0.000315508397762, 7.17642324162e-05, 6.45716136205e-05, 0.000110022381705, 0.000330297800247, 3.19447426591e-05, 2.74932117463e-05, 4.73456639156e-05, 2.95597710647e-05, 1.57775393745e-05, 1.55773504957e-05, 6.25441589364e-06, 8.21029516374e-06, 6.47399201625e-06, 3.55649035555e-06, 1.5185811435e-06, 4.35554829892e-06, 2.03670697374e-06, 9.61642285802e-07, 1.17157514978e-06, 1.17663535093e-06, 9.76068349701e-07, 1.3867980897e-06, 1.32964805744e-06, 8.51055176554e-07, 1.6608171336e-06, 9.7264978649e-07, 1.39172084346e-06, 1.39000815125e-06, 8.99690689948e-07, 8.36411516048e-07, 8.84595522166e-07, 7.97949894604e-07, 7.49249011278e-07], "dvar": [3.53658142558e-05, 3.93351401726e-05, 4.53488928542e-06, 3.12562451654e-06, 5.22194682162e-07, 2.69127667707e-07, 1.38493049917e-07, 1.26727774941e-08, 1.83698798395e-08, 2.55917012026e-08, 2.54502651842e-07, 2.82842749222e-09, 2.09831241271e-09, 4.71093786203e-09, 1.32841659894e-09, 3.60496826834e-10, 3.1894345498e-10, 6.72229771848e-11, 7.41505537527e-11, 5.09512744495e-11, 3.58245828835e-11, 4.87045256556e-12, 2.48402253628e-11, 4.59451747481e-12, 1.78121894404e-12, 2.30050397135e-12, 3.09717984766e-12, 1.3895748701e-12, 1.91519001179e-12, 2.32982600226e-12, 1.51245021281e-12, 4.12180706233e-12, 2.22636405839e-12, 3.7971240735e-12, 5.43031895492e-12, 1.24486347879e-12, 7.70860534693e-13, 7.47653729292e-13, 6.67279437001e-13, 5.81370238409e-13], "dvar2": [0.000102564015833, 0.000113224115921, 1.22661349451e-05, 8.92196203495e-06, 9.07870287392e-07, 4.98452607189e-07, 2.27853092838e-07, 3.59403635741e-08, 4.83143409724e-08, 6.22355571522e-08, 3.50212758349e-07, 6.20027007514e-09, 6.03403416122e-09, 6.51436282695e-09, 2.42100384185e-09, 9.55970747007e-10, 7.55453755108e-10, 1.70588820847e-10, 1.74789169249e-10, 1.31309449425e-10, 9.64606172715e-11, 1.16737635183e-11, 5.02402390523e-11, 1.05905154438e-11, 3.91022370733e-12, 5.36795564596e-12, 7.71708131425e-12, 3.19043229335e-12, 3.91957560159e-12, 5.58130061265e-12, 3.23830350556e-12, 1.06169933956e-11, 5.19405699007e-12, 9.49698392844e-12, 1.513450823e-11, 3.19317424065e-12, 1.81321331647e-12, 1.32265465941e-12, 1.29600150056e-12, 1.04532452572e-12], "max": [0.0462781339884, 0.0455440245569, 0.0196709726006, 0.0181010495871, 0.0180279482156, 0.00673203449696, 0.00478296540678, 0.000881651998498, 0.00340946740471, 0.00177826732397, 0.00878178328276, 0.0014441566309, 0.000389275490306, 0.000958585063927, 0.0004756731214, 0.000176439469215, 0.000184574586456, 9.50589892454e-05, 0.000105503262603, 9.01194798644e-05, 4.96711218148e-05, 1.93803225557e-05, 7.85895244917e-05, 1.75265722646e-05, 1.15366574391e-05, 1.41622576848e-05, 1.52901648107e-05, 1.1227352843e-05, 1.13727228381e-05, 1.19471033031e-05, 1.08868707684e-05, 1.49524994413e-05, 1.34664378493e-05, 1.51404101416e-05, 1.85354183486e-05, 9.49543027673e-06, 6.54938185107e-06, 4.76810964756e-06, 5.01254862684e-06, 4.76657351101e-06], "mean": [0.00426802178845, 0.00630316277966, 0.00407530833036, 0.00180742912926, 0.00066586502362, 0.000765539123677, 0.000493892119266, 4.30002510257e-05, 4.60614719486e-05, 0.000104344348074, 0.000473566382425, 3.58196957677e-05, 1.45836638694e-05, 6.04127344559e-05, 3.07032096316e-05, 1.04195260064e-05, 1.13180331027e-05, 4.23225128543e-06, 7.44017143006e-06, 5.29277849637e-06, 2.09003383134e-06, 1.06136394606e-06, 3.57352541869e-06, 1.78890093139e-06, 8.48445949941e-07, 1.01964894839e-06, 9.49378431869e-07, 1.05362153136e-06, 1.25043402477e-06, 9.78462139756e-07, 6.90545675752e-07, 1.13146609237e-06, 8.94967854492e-07, 1.01370517314e-06, 7.77209265834e-07, 6.11403663697e-07, 6.07798426699e-07, 7.67179585637e-07, 7.46491764403e-07, 6.8498110295e-07], "median": [0.00294745946303, 0.00504594249651, 0.00352822686546, 0.0012888929341, 0.000294347992167, 0.000334902375471, 0.000159329152666, 8.40831853566e-06, 6.02985801379e-06, 1.5432249711e-05, 3.99598502554e-05, 1.17951985885e-05, 2.53654206972e-06, 1.08163349068e-05, 7.46476598579e-06, 3.05537128042e-06, 1.91170829567e-06, 8.57027998791e-07, 1.93313962882e-06, 1.52667416842e-06, 4.33392500554e-07, 2.66372808255e-07, 7.1342458341e-07, 5.88910893384e-07, 2.74767955943e-07, 4.15739634718e-07, 3.5993690517e-07, 2.77874249832e-07, 4.07048389661e-07, 4.45451519226e-07, 1.67518734884e-07, 2.42242947479e-07, 2.34269009525e-07, 2.05243935625e-07, 1.25643140336e-07, 1.64406145586e-07, 1.53792271362e-07, 1.93900831391e-07, 2.01900917318e-07, 1.60474044719e-07], "min": [2.41196502936e-17, 1.32580061902e-17, 5.09945763419e-18, 3.67806976066e-18, 3.82031711546e-18, 3.75868306084e-18, 3.26286479782e-18, 1.30308512271e-18, 9.48206235156e-19, 1.4124167896e-18, 3.04262589178e-18, 5.16249003763e-18, 2.77830094742e-18, 2.43344397338e-18, 4.42315890127e-18, 4.05024602879e-18, 7.45539705891e-18, 9.52309216431e-18, 4.24960482822e-18, 7.64365964402e-19, 5.95298684438e-18, 1.09997286717e-17, 7.10050100736e-18, 4.63739288965e-18, 3.58695664336e-18, 3.67772358557e-18, 2.64430823474e-18, 9.373168987e-18, 6.88806282809e-18, 4.40678155232e-18, 5.25061868728e-18, 5.27010706251e-18, 4.3537274286e-18, 6.5269604404e-18, 9.01667151379e-18, 2.64481178094e-18, 5.77085077248e-18, 6.50804033825e-18, 7.34641105013e-18, 4.27936595948e-18], "var": [2.65477374342e-05, 3.49921465386e-05, 8.98377129488e-06, 3.71414034817e-06, 1.68667509115e-06, 9.71572035269e-07, 5.29360931978e-07, 1.0223308422e-08, 2.25792202713e-08, 4.24869455173e-08, 7.55987286993e-07, 5.54326451407e-09, 1.49395862348e-09, 1.40770124446e-08, 3.23198845464e-09, 3.82455567216e-10, 4.55249588027e-10, 8.20171708327e-11, 1.27734212096e-10, 6.95028687381e-11, 3.29969593316e-11, 5.49517679624e-12, 4.2986884885e-11, 7.28398591443e-12, 2.79024112843e-12, 2.86606285579e-12, 3.26002939921e-12, 3.04157762344e-12, 3.26664823663e-12, 2.59749123252e-12, 1.99407873026e-12, 4.43830302371e-12, 2.86911336703e-12, 3.93527441536e-12, 3.95779676393e-12, 1.18846837753e-12, 8.81470569279e-13, 1.14384304979e-12, 1.06715667119e-12, 9.39350810678e-13]}, "mfcc": {"mean": [-712.677062988, 155.676605225, 56.918888092, 27.9826450348, 17.3714675903, 18.0582389832, 13.9680366516, 3.84063506126, 0.990715801716, -3.50324487686, -5.61877918243, -7.62301301956, -2.62498354912], "cov": [[7835.30029297, -1598.57617188, -806.763183594, -434.170928955, -354.741882324, -302.609344482, -364.088684082, -63.4847679138, -78.5937347412, 88.3262939453, 181.39225769, 192.206588745, -173.020095825], [-1598.57617188, 2505.37670898, -541.459350586, -140.874649048, 121.53112793, -4.20531463623, 37.6372718811, 46.0981330872, -142.475967407, -62.5933761597, -57.3593635559, -107.389190674, -46.0757102966], [-806.763183594, -541.459350586, 760.054931641, 317.975402832, 93.833480835, 111.729431152, 89.4195709229, -22.6040458679, 53.8466072083, -43.8797721863, -40.7623825073, -7.56172466278, 61.0365982056], [-434.170928955, -140.874649048, 317.975402832, 287.35534668, 84.3977050781, 61.1805801392, 34.3954200745, -3.64337563515, 13.8275442123, -15.2545785904, -45.1813087463, -20.4528160095, 16.2927780151], [-354.741882324, 121.53112793, 93.833480835, 84.3977050781, 133.562820435, 63.2646598816, 42.7967071533, -6.44789505005, -3.07765102386, -14.9449481964, -10.9455060959, -9.27151203156, 2.60825204849], [-302.609344482, -4.20531463623, 111.729431152, 61.1805801392, 63.2646598816, 130.036560059, 60.2986755371, -1.21596884727, 1.53978812695, -15.710308075, -9.37662124634, 0.65912270546, 25.0406208038], [-364.088684082, 37.6372718811, 89.4195709229, 34.3954200745, 42.7967071533, 60.2986755371, 119.273429871, 32.9946937561, 5.91774654388, -22.1196174622, -32.7436752319, -12.5802640915, 6.7885966301], [-63.4847679138, 46.0981330872, -22.6040458679, -3.64337563515, -6.44789505005, -1.21596884727, 32.9946937561, 84.7549285889, 33.22265625, -10.9941368103, -23.5193042755, -24.1872768402, -18.4440975189], [-78.5937347412, -142.475967407, 53.8466072083, 13.8275442123, -3.07765102386, 1.53978812695, 5.91774654388, 33.22265625, 84.4035415649, 35.6485595703, 0.164418041706, -12.6899223328, 0.507728457451], [88.3262939453, -62.5933761597, -43.8797721863, -15.2545785904, -14.9449481964, -15.710308075, -22.1196174622, -10.9941368103, 35.6485595703, 91.4600372314, 38.6049079895, 12.5658903122, -4.0780582428], [181.39225769, -57.3593635559, -40.7623825073, -45.1813087463, -10.9455060959, -9.37662124634, -32.7436752319, -23.5193042755, 0.164418041706, 38.6049079895, 89.9337158203, 54.4940185547, 5.90621328354], [192.206588745, -107.389190674, -7.56172466278, -20.4528160095, -9.27151203156, 0.65912270546, -12.5802640915, -24.1872768402, -12.6899223328, 12.5658903122, 54.4940185547, 83.8403701782, 31.6421585083], [-173.020095825, -46.0757102966, 61.0365982056, 16.2927780151, 2.60825204849, 25.0406208038, 6.7885966301, -18.4440975189, 0.507728457451, -4.0780582428, 5.90621328354, 31.6421585083, 72.7130737305]], "icov": [[0.000256361206993, 0.000235561776208, 0.000282628781861, 5.72105127503e-05, 7.05357306288e-05, -1.54792760441e-05, 0.000442840653704, -0.00011966501188, 0.00036493211519, 4.2288658733e-05, 0.000181639523362, -0.000522160611581, 0.000652611837722], [0.000235561776208, 0.000898839498404, 0.000797713233624, 6.37454795651e-05, -0.00090263603488, 0.000189265425433, 0.000202060531592, -0.000716627284419, 0.00159151945263, -2.49909680861e-05, -0.000220886955503, 0.000869750743732, -0.000160316893016], [0.000282628781861, 0.000797713233624, 0.00439519714564, -0.00373102840967, 0.000360932928743, -6.90361339366e-05, -0.00207087676972, 0.00268394430168, -0.00271756132133, 0.00333521817811, -0.00197879457846, 0.0010755934054, -0.000891734147444], [5.72105127503e-05, 6.37454795651e-05, -0.00373102840967, 0.00886633526534, -0.00372391939163, -0.000802844238933, 0.00323465885594, -0.00274798064493, 0.00317715783603, -0.00375389750116, 0.00504172965884, -0.00144014542457, 0.000717224436812], [7.05357306288e-05, -0.00090263603488, 0.000360932928743, -0.00372391939163, 0.0135338418186, -0.00404387898743, -0.00278678396717, 0.0038950429298, -0.00294642639346, 0.00241861632094, -0.00215600477532, -0.000422919722041, 0.00279802526347], [-1.54792760441e-05, 0.000189265425433, -6.90361339366e-05, -0.000802844238933, -0.00404387898743, 0.013275003992, -0.00540916761383, 0.000973972724751, -2.31024678214e-05, 0.00100460648537, -0.00243121758103, 0.00190193823073, -0.00392720475793], [0.000442840653704, 0.000202060531592, -0.00207087676972, 0.00323465885594, -0.00278678396717, -0.00540916761383, 0.0167987700552, -0.00791809335351, 0.00399588048458, -0.00272083026357, 0.00658116536215, -0.00406557880342, 0.00163537147455], [-0.00011966501188, -0.000716627284419, 0.00268394430168, -0.00274798064493, 0.0038950429298, 0.000973972724751, -0.00791809335351, 0.0239036418498, -0.0148485805839, 0.00833282154053, -0.000322964013321, 6.69589280733e-05, 0.00451947748661], [0.00036493211519, 0.00159151945263, -0.00271756132133, 0.00317715783603, -0.00294642639346, -2.31024678214e-05, 0.00399588048458, -0.0148485805839, 0.0279599279165, -0.0134535934776, 0.000947150867432, 0.00473955925554, -0.00366892968304], [4.2288658733e-05, -2.49909680861e-05, 0.00333521817811, -0.00375389750116, 0.00241861632094, 0.00100460648537, -0.00272083026357, 0.00833282154053, -0.0134535934776, 0.0217841658741, -0.0093987705186, 0.00180817313958, 0.00135351892095], [0.000181639523362, -0.000220886955503, -0.00197879457846, 0.00504172965884, -0.00215600477532, -0.00243121758103, 0.00658116536215, -0.000322964013321, 0.000947150867432, -0.0093987705186, 0.028922079131, -0.018575258553, 0.00624214438722], [-0.000522160611581, 0.000869750743732, 0.0010755934054, -0.00144014542457, -0.000422919722041, 0.00190193823073, -0.00406557880342, 6.69589280733e-05, 0.00473955925554, 0.00180817313958, -0.018575258553, 0.0309034939855, -0.0133857764304], [0.000652611837722, -0.000160316893016, -0.000891734147444, 0.000717224436812, 0.00279802526347, -0.00392720475793, 0.00163537147455, 0.00451947748661, -0.00366892968304, 0.00135351892095, 0.00624214438722, -0.0133857764304, 0.0234571099281]]}, "spectral_contrast_coeffs": {"dmean": [0.0489129573107, 0.0676035434008, 0.0632511824369, 0.0432328060269, 0.0227357652038, 0.0134441293776], "dmean2": [0.0811333209276, 0.0982889458537, 0.0871404111385, 0.0601745471358, 0.0333115085959, 0.0208368543535], "dvar": [0.00172171113081, 0.00347386533394, 0.00321859377436, 0.00140613783151, 0.000413988163928, 0.000128776446218], "dvar2": [0.00458554876968, 0.00729330116883, 0.00563287641853, 0.0025169479195, 0.00080846430501, 0.000302022352116], "max": [-0.339801192284, -0.36260586977, -0.379727065563, -0.553875505924, -0.652648925781, -0.748656928539], "mean": [-0.6214889884, -0.641594290733, -0.700496077538, -0.781462967396, -0.820798993111, -0.818867325783], "median": [-0.620522379875, -0.642681777477, -0.726547777653, -0.796526074409, -0.828709065914, -0.819165349007], "min": [-0.953544616699, -0.968796849251, -0.969576597214, -0.957181334496, -0.964518368244, -0.960108995438], "var": [0.00453502545133, 0.0117455385625, 0.0139574063942, 0.00549102155492, 0.00156617118046, 0.000509960053023]}, "spectral_contrast_valleys": {"dmean": [0.46758261323, 0.613020062447, 0.621132910252, 0.648978292942, 0.535046875477, 0.65881061554], "dmean2": [0.754196405411, 0.928857982159, 0.946095407009, 0.929693639278, 0.617311894894, 0.636304795742], "dvar": [0.481078267097, 0.557749390602, 0.590172290802, 0.651899933815, 0.454040139914, 0.594186544418], "dvar2": [0.673738539219, 0.929928898811, 1.04368579388, 1.12657737732, 0.575261950493, 0.825563490391], "max": [-5.12034988403, -5.02766084671, -5.67707586288, -6.26330900192, -6.53926563263, -8.33863353729], "mean": [-6.38991451263, -7.66185760498