{"lowlevel": {"average_loudness": 0.305505871773, "barkbands_crest": {"dmean": 2.4862101078, "dmean2": 3.98246264458, "dvar": 6.2035241127, "dvar2": 15.9783649445, "max": 26.9920215607, "mean": 12.1236534119, "median": 10.9348783493, "min": 2.47436714172, "var": 28.3840503693}, "barkbands_flatness_db": {"dmean": 0.0239458810538, "dmean2": 0.0357098095119, "dvar": 0.000967405852862, "dvar2": 0.00174071046058, "max": 0.834013164043, "mean": 0.165193587542, "median": 0.137823984027, "min": 0.0197082776576, "var": 0.0105253746733}, "barkbands_kurtosis": {"dmean": 9.06216430664, "dmean2": 13.7125358582, "dvar": 30218.9511719, "dvar2": 65477.0429688, "max": 15286.9335938, "mean": 12.6050214767, "median": 4.22035503387, "min": -1.88741648197, "var": 30587.28125}, "barkbands_skewness": {"dmean": 0.646980047226, "dmean2": 0.984170377254, "dvar": 2.37000441551, "dvar2": 4.59702587128, "max": 112.441352844, "mean": 2.09251308441, "median": 1.79815125465, "min": -6.34671831131, "var": 5.54319047928}, "barkbands_spread": {"dmean": 4.70376157761, "dmean2": 7.18443250656, "dvar": 51.2210617065, "dvar2": 96.4162597656, "max": 100.142280579, "mean": 18.4426574707, "median": 15.2705669403, "min": 0.00428402703255, "var": 193.545593262}, "dissonance": {"dmean": 0.0190833751112, "dmean2": 0.0308234728873, "dvar": 0.00082139816368, "dvar2": 0.00199487176724, "max": 0.500000119209, "mean": 0.453145235777, "median": 0.47309088707, "min": 0.0110595133156, "var": 0.00406726496294}, "dynamic_complexity": 5.79248571396, "erbbands_crest": {"dmean": 2.23925876617, "dmean2": 3.59531354904, "dvar": 5.73374605179, "dvar2": 13.1715745926, "max": 33.9278450012, "mean": 9.78083896637, "median": 8.231590271, "min": 2.32186985016, "var": 33.1457252502}, "erbbands_flatness_db": {"dmean": 0.0148421386257, "dmean2": 0.021372500807, "dvar": 0.000470920582302, "dvar2": 0.000796351116151, "max": 0.741667926311, "mean": 0.163188397884, "median": 0.14419580996, "min": 0.0426699519157, "var": 0.00720625789836}, "erbbands_kurtosis": {"dmean": 1.96110486984, "dmean2": 3.00179219246, "dvar": 134.131240845, "dvar2": 291.854370117, "max": 429.602722168, "mean": 2.44011521339, "median": 0.0776891708374, "min": -1.77743709087, "var": 251.919494629}, "erbbands_skewness": {"dmean": 0.375433802605, "dmean2": 0.551120460033, "dvar": 0.332707852125, "dvar2": 0.617087364197, "max": 15.4326896667, "mean": 0.532436847687, "median": 0.343229860067, "min": -4.7162194252, "var": 1.49145138264}, "erbbands_spread": {"dmean": 6.84961462021, "dmean2": 10.7594099045, "dvar": 71.9307632446, "dvar2": 171.143356323, "max": 150.843200684, "mean": 39.4642906189, "median": 37.8398628235, "min": 0.166984826326, "var": 422.156951904}, "hfc": {"dmean": 5.47373247147, "dmean2": 8.50394916534, "dvar": 196.488250732, "dvar2": 475.310974121, "max": 201.222106934, "mean": 17.8894462585, "median": 10.7031173706, "min": 1.05512564899e-16, "var": 460.242614746}, "melbands_crest": {"dmean": 2.74851512909, "dmean2": 4.40093517303, "dvar": 7.8218255043, "dvar2": 20.3412799835, "max": 34.8396186829, "mean": 15.3128051758, "median": 14.3931598663, "min": 1.61356890202, "var": 38.3118247986}, "melbands_flatness_db": {"dmean": 0.0279761664569, "dmean2": 0.0410074815154, "dvar": 0.00133002002258, "dvar2": 0.00236497097649, "max": 0.925535440445, "mean": 0.237538963556, "median": 0.220335677266, "min": 0.00259056920186, "var": 0.0121234795079}, "melbands_kurtosis": {"dmean": 10.7372589111, "dmean2": 16.9548988342, "dvar": 743.170532227, "dvar2": 1577.65075684, "max": 1100.49157715, "mean": 23.6596851349, "median": 11.2603273392, "min": -1.87955439091, "var": 1750.61303711}, "melbands_skewness": {"dmean": 0.788194715977, "dmean2": 1.23130083084, "dvar": 0.983897984028, "dvar2": 2.28182673454, "max": 22.0799121857, "mean": 3.25349640846, "median": 2.68591403961, "min": -4.17666053772, "var": 5.50549793243}, "melbands_spread": {"dmean": 5.85185289383, "dmean2": 8.86047363281, "dvar": 121.507614136, "dvar2": 238.624343872, "max": 231.868896484, "mean": 20.2184829712, "median": 12.3359861374, "min": 0.129009231925, "var": 595.245178223}, "pitch_salience": {"dmean": 0.0719308331609, "dmean2": 0.114138200879, "dvar": 0.00546705164015, "dvar2": 0.0137034729123, "max": 0.945467412472, "mean": 0.518696427345, "median": 0.540381193161, "min": 0.00518131349236, "var": 0.0241069868207}, "silence_rate_20dB": {"dmean": 0, "dmean2": 0, "dvar": 0, "dvar2": 0, "max": 1, "mean": 1, "median": 1, "min": 1, "var": 0}, "silence_rate_30dB": {"dmean": 0.0353836640716, "dmean2": 0.0707746148109, "dvar": 0.0341310575604, "dvar2": 0.0723470821977, "max": 1, "mean": 0.944358766079, "median": 1, "min": 0, "var": 0.0525417104363}, "silence_rate_60dB": {"dmean": 0.00822875928134, "dmean2": 0.0164592117071, "dvar": 0.00816195551306, "dvar2": 0.0174261443317, "max": 1, "mean": 0.178751409054, "median": 0, "min": 0, "var": 0.146821469069}, "spectral_centroid": {"dmean": 210.175430298, "dmean2": 313.261810303, "dvar": 116773.96875, "dvar2": 205109.265625, "max": 11633.5839844, "mean": 1301.2869873, "median": 1094.1685791, "min": 130.249694824, "var": 1979596.375}, "spectral_complexity": {"dmean": 3.1641638279, "dmean2": 4.85382175446, "dvar": 20.7155990601, "dvar2": 40.6544418335, "max": 62, "mean": 17.4816417694, "median": 16, "min": 0, "var": 173.33807373}, "spectral_decrease": {"dmean": 2.85008772138e-09, "dmean2": 4.72410821573e-09, "dvar": 3.86552286681e-17, "dvar2": 1.0625583631e-16, "max": 2.54271815724e-28, "mean": -7.86289788834e-09, "median": -4.89183804575e-09, "min": -9.85390187225e-08, "var": 9.55463553891e-17}, "spectral_energy": {"dmean": 0.0111043369398, "dmean2": 0.0184127073735, "dvar": 0.000571040029172, "dvar2": 0.00156442099251, "max": 0.379450917244, "mean": 0.0312990061939, "median": 0.0199342835695, "min": 9.96051311752e-21, "var": 0.00145176204387}, "spectral_energyband_high": {"dmean": 0.000429205829278, "dmean2": 0.000662372098304, "dvar": 2.00538943318e-06, "dvar2": 4.78196579934e-06, "max": 0.0215530972928, "mean": 0.000817502732389, "median": 0.000310189003358, "min": 7.06587049648e-21, "var": 2.86178737952e-06}, "spectral_energyband_low": {"dmean": 0.00884070433676, "dmean2": 0.0145814847201, "dvar": 0.0005243649357, "dvar2": 0.00144549680408, "max": 0.334713250399, "mean": 0.0160744581372, "median": 0.00417649606243, "min": 1.35679516082e-23, "var": 0.000888757174835}, "spectral_energyband_middle_high": {"dmean": 0.00114134163596, "dmean2": 0.00176841986831, "dvar": 4.49955086879e-06, "dvar2": 1.06805819087e-05, "max": 0.046661131084, "mean": 0.00425079325214, "median": 0.00183427822776, "min": 1.21255044862e-21, "var": 3.12314732582e-05}, "spectral_energyband_middle_low": {"dmean": 0.00418271217495, "dmean2": 0.00690022995695, "dvar": 0.000100401899545, "dvar2": 0.00027227436658, "max": 0.210020408034, "mean": 0.0110355298966, "median": 0.00786618329585, "min": 1.25907476375e-22, "var": 0.000162514741533}, "spectral_entropy": {"dmean": 0.159152448177, "dmean2": 0.228932127357, "dvar": 0.068154387176, "dvar2": 0.111401222646, "max": 9.824177742, "mean": 7.40981769562, "median": 7.62407922745, "min": 2.16615533829, "var": 0.760244548321}, "spectral_flux": {"dmean": 0.0209276210517, "dmean2": 0.0330161079764, "dvar": 0.000994472764432, "dvar2": 0.00221163453534, "max": 0.481372475624, "mean": 0.0733037590981, "median": 0.0566917546093, "min": 6.4177455017e-11, "var": 0.00413056276739}, "spectral_kurtosis": {"dmean": 3.62573456764, "dmean2": 6.04435443878, "dvar": 478.572143555, "dvar2": 1436.71191406, "max": 717.737304688, "mean": 8.53707313538, "median": 3.79026317596, "min": -1.27788639069, "var": 993.133911133}, "spectral_rms": {"dmean": 0.000745196535718, "dmean2": 0.00120288552716, "dvar": 1.339486289e-06, "dvar2": 3.56834675586e-06, "max": 0.0192404780537, "mean": 0.00467214686796, "median": 0.004409997724, "min": 3.1173022063e-12, "var": 8.70679650689e-06}, "spectral_rolloff": {"dmean": 368.320220947, "dmean2": 596.967712402, "dvar": 864820.8125, "dvar2": 1633367.75, "max": 19896.6796875, "mean": 1385.11962891, "median": 581.396484375, "min": 64.599609375, "var": 6980246.5}, "spectral_skewness": {"dmean": 0.265448004007, "dmean2": 0.41936942935, "dvar": 0.467219352722, "dvar2": 1.14313113689, "max": 23.3524913788, "mean": 1.82737994194, "median": 1.52325320244, "min": -0.0757045522332, "var": 2.59277033806}, "spectral_spread": {"dmean": 461764.53125, "dmean2": 685153.25, "dvar": 761816219648, "dvar2": 1282366767100.0, "max": 43252456, "mean": 5188415, "median": 4707524, "min": 143180.40625, "var": 22875794833400.0}, "spectral_strongpeak": {"dmean": 0.314767062664, "dmean2": 0.542609333992, "dvar": 0.468680232763, "dvar2": 1.28482341766, "max": 10.2074260712, "mean": 0.656240105629, "median": 0.381277769804, "min": 0, "var": 0.75540715456}, "zerocrossingrate": {"dmean": 0.00926202535629, "dmean2": 0.0110406512395, "dvar": 0.000236792693613, "dvar2": 0.000280777021544, "max": 0.52685546875, "mean": 0.055850174278, "median": 0.04150390625, "min": 0.0029296875, "var": 0.00453947484493}, "barkbands": {"dmean": [0.000458909751615, 0.00741651840508, 0.0021097464487, 0.00119318021461, 0.00237334496342, 0.000901293358766, 0.000558076484594, 0.00069099641405, 0.000392810994526, 0.000283329398371, 0.000239496861468, 0.000260776549112, 0.000293584656902, 0.000279684056295, 0.000225728741498, 0.000147776328959, 0.000188883030205, 0.000160267198225, 0.000120112163131, 0.000135000955197, 0.000110664885142, 0.000107532752736, 6.25744651188e-05, 5.63504763704e-05, 4.35996880697e-05, 2.52339286817e-05, 1.06892475742e-05], "dmean2": [0.000806849973742, 0.0124034630135, 0.00370715465397, 0.00198107492179, 0.00403102301061, 0.00146555283573, 0.000864523579367, 0.00106440624222, 0.000604252971243, 0.000460452662082, 0.000391179812141, 0.000416822877014, 0.000475600216305, 0.000446185324108, 0.000345220498275, 0.000233140774071, 0.000301221734844, 0.000259588879999, 0.00019549523131, 0.000217159249587, 0.000182599527761, 0.000172855143319, 0.000100361459772, 8.48050040076e-05, 6.60200676066e-05, 4.00798962801e-05, 1.71063238668e-05], "dvar": [2.56475459537e-06, 0.000376033101929, 3.93930495193e-05, 1.40725860547e-05, 5.05204807268e-05, 4.18256058765e-06, 2.85982559944e-06, 2.27468854064e-06, 2.00416911866e-06, 3.4111280911e-07, 3.05797556166e-07, 3.32690717642e-07, 4.75629803987e-07, 4.93903655752e-07, 4.97689825352e-07, 1.89417605156e-07, 2.0715621929e-07, 1.23349124692e-07, 9.34314385859e-08, 1.23328348423e-07, 1.58587056376e-07, 1.28245275732e-07, 4.62534472945e-08, 5.37509059484e-08, 3.13089714155e-08, 9.21021126032e-09, 1.33364952415e-09], "dvar2": [7.29252178644e-06, 0.00106831139419, 0.00012042956223, 3.49745860149e-05, 0.000142990058521, 1.11510853458e-05, 6.20958735453e-06, 5.17008538736e-06, 4.20156857217e-06, 9.0010638587e-07, 7.96409324266e-07, 7.92906291736e-07, 1.17408103506e-06, 1.17089734886e-06, 1.01389252904e-06, 4.22044763582e-07, 5.21703725553e-07, 3.03885997255e-07, 2.30865254025e-07, 3.00240827755e-07, 4.21890888447e-07, 3.12451760465e-07, 1.11282702164e-07, 1.1441538561e-07, 6.69662227892e-08, 2.21431761815e-08, 3.37067018741e-09], "max": [0.0257966537029, 0.277881979942, 0.07521879673, 0.0744624733925, 0.1528788656, 0.0479610264301, 0.0595138892531, 0.0419501066208, 0.0603745691478, 0.0117626851425, 0.0151228765026, 0.0226712673903, 0.0218450892717, 0.0187734086066, 0.0266143754125, 0.0117549486458, 0.0140550732613, 0.0100096222013, 0.00918752420694, 0.00679056346416, 0.00530759477988, 0.00701177725568, 0.00246947095729, 0.00844006519765, 0.0081012044102, 0.00348598044366, 0.000480652553961], "mean": [0.000472796033137, 0.0122730219737, 0.00258267764002, 0.00169097410981, 0.00410065380856, 0.00171558465809, 0.00111751432996, 0.00146844459232, 0.000671806687023, 0.000494285603054, 0.000435606896644, 0.000529963581357, 0.00059903471265, 0.000515192339662, 0.000419952062657, 0.000279923726339, 0.00044829637045, 0.000338469399139, 0.000216374639422, 0.000261983164819, 0.000171452527866, 0.000175564564415, 9.77878880803e-05, 9.22957333387e-05, 7.4101408245e-05, 4.18593881477e-05, 1.34001165861e-05], "median": [6.17128825979e-05, 0.00251667946577, 0.000773020205088, 0.000600918603595, 0.0024521779269, 0.000720742973499, 0.000479885580717, 0.000450025720056, 0.000249191361945, 0.000179828726687, 0.000142475124449, 0.000147269369336, 0.000149662591866, 0.000123659410747, 7.95508458395e-05, 4.22759840149e-05, 9.56732910709e-05, 0.000130339118186, 7.43349373806e-05, 0.000107141815533, 5.67143433727e-05, 4.70010272693e-05, 2.76443643088e-05, 2.31196445384e-05, 1.5426587197e-05, 8.51380809763e-06, 1.28106819375e-06], "min": [5.34904516377e-26, 1.23855264196e-24, 1.15184893987e-24, 4.83730098727e-25, 9.36469165704e-24, 9.90040709778e-24, 4.53980339611e-24, 6.07551323576e-24, 1.60625017622e-23, 1.37820468802e-23, 1.22612106184e-23, 2.58271040885e-23, 3.83133617349e-23, 3.55897500399e-23, 2.6087152086e-23, 5.98916073454e-23, 6.45342935863e-23, 8.3446394441e-23, 1.2256478873e-22, 1.63946753122e-22, 2.51332599016e-22, 2.45042032832e-22, 3.47763208506e-22, 5.58308088895e-22, 7.89975256447e-22, 1.27967809403e-21, 1.84667062011e-21], "var": [2.09023096431e-06, 0.00057553400984, 3.40798615071e-05, 1.71597912413e-05, 4.13426896557e-05, 8.8828310254e-06, 7.42914016882e-06, 1.02351805253e-05, 4.21078721047e-06, 7.57258078465e-07, 8.4147995949e-07, 1.55693771831e-06, 1.58239845405e-06, 1.32198329084e-06, 1.40318468311e-06, 6.04691820172e-07, 1.06688139567e-06, 4.22654210297e-07, 1.89522154415e-07, 1.83384202046e-07, 1.65570028798e-07, 1.81617522799e-07, 5.2877005885e-08, 1.09167828555e-07, 6.79966305484e-08, 1.52569850087e-08, 1.47197254385e-09]}, "erbbands": {"dmean": [0.232822164893, 1.72057330608, 2.62757086754, 2.94217157364, 7.08629512787, 7.41419363022, 6.44067716599, 7.83816671371, 9.02694511414, 10.5806360245, 12.472858429, 8.43555164337, 9.46214962006, 7.07688426971, 9.72681903839, 10.249956131, 12.9538984299, 13.8432569504, 11.9882030487, 9.56771564484, 7.17598056793, 10.0881204605, 9.008685112, 6.13969039917, 5.48916244507, 6.4150595665, 5.53997755051, 3.89608621597, 4.26647901535, 2.55574965477, 1.71020460129, 1.30510210991, 0.904990077019, 0.622457802296, 0.237893775105, 0.126036241651, 0.0443099476397, 0.00997122563422, 0.00184890767559, 0.000123766847537], "dmean2": [0.386045515537, 2.91766285896, 4.58842658997, 4.82477712631, 11.790804863, 12.7999286652, 10.681473732, 12.7393827438, 14.0796422958, 16.004776001, 19.3526611328, 12.9003572464, 15.5637683868, 11.7226705551, 15.6493272781, 16.3684692383, 20.8865470886, 21.8731536865, 18.4613304138, 14.8334980011, 11.3781700134, 16.0661029816, 14.5510635376, 9.9938621521, 8.82328987122, 10.3279809952, 9.2268409729, 6.17479658127, 6.89117860794, 4.04664421082, 2.77993679047, 2.01128983498, 1.38433229923, 0.944628596306, 0.358936548233, 0.199774682522, 0.0686141699553, 0.0157143715769, 0.00294525828212, 0.00020335408044], "dvar": [0.369614928961, 20.5822238922, 51.2007484436, 86.4798812866, 392.572998047, 508.577301025, 312.23223877, 367.856323242, 811.313476562, 696.874816895, 831.924560547, 979.567810059, 420.064727783, 266.143951416, 452.506011963, 492.088623047, 950.130859375, 1199.05456543, 1331.35266113, 922.690185547, 365.994659424, 638.911621094, 415.831634521, 210.146728516, 262.221954346, 262.913909912, 336.719482422, 187.88822937, 211.482025146, 62.5753517151, 34.4651031494, 26.3103141785, 14.8711538315, 8.77205371857, 0.574287474155, 0.217343121767, 0.0350085757673, 0.00131251977291, 3.89102715417e-05, 1.98139801455e-07], "dvar2": [1.03560674191, 58.7131538391, 154.544586182, 225.23626709, 1066.83813477, 1438.08081055, 861.488830566, 953.447814941, 1851.28942871, 1512.90441895, 1908.65344238, 2085.68066406, 1129.24645996, 704.797729492, 1143.07373047, 1202.39807129, 2373.35766602, 2824.86914062, 2959.68896484, 2076.05029297, 864.753845215, 1620.13745117, 1006.28173828, 515.364074707, 659.727111816, 654.614318848, 877.274963379, 476.735198975, 522.100646973, 145.870864868, 85.8325881958, 60.2207450867, 32.1602859497, 19.034620285, 1.24016022682, 0.517013132572, 0.085738837719, 0.0032404968515, 9.86143058981e-05, 5.17331216088e-07], "max": [5.97785758972, 67.613319397, 88.5329666138, 162.129318237, 427.270263672, 472.814147949, 425.234985352, 503.397827148, 921.65435791, 888.756713867, 851.610961914, 1277.37524414, 442.362182617, 384.849578857, 666.450134277, 701.484436035, 719.373291016, 1048.92102051, 1374.56152344, 1100.86694336, 489.755706787, 967.699279785, 731.645690918, 327.836914062, 613.700500488, 286.137481689, 260.648132324, 212.562194824, 236.809829712, 93.4935684204, 67.7805633545, 175.342773438, 127.675895691, 154.660171509, 28.4692497253, 20.4865627289, 7.60027456284, 1.10348904133, 0.0744463726878, 0.00720748631284], "mean": [0.342470318079, 2.72922945023, 3.64342212677, 4.63379955292, 11.8204336166, 11.7008724213, 11.6123800278, 14.7443962097, 18.8965339661, 24.2229442596, 25.2334194183, 15.8820304871, 17.2786445618, 12.8838453293, 20.8292007446, 21.7421569824, 28.9752559662, 28.2506656647, 23.7949943542, 19.1895084381, 16.2783889771, 24.3241844177, 20.6313285828, 12.5586614609, 10.33481884, 12.4606266022, 8.79661178589, 6.44620943069, 6.76677942276, 4.25853061676, 2.54141545296, 2.06928825378, 1.43661761284, 0.989048779011, 0.417983561754, 0.212494850159, 0.0714041739702, 0.0144509784877, 0.002350701252, 0.000172096551978], "median": [0.05435359478, 0.601039886475, 0.973061025143, 1.91614305973, 6.20231103897, 7.36076068878, 5.41602373123, 6.0040678978, 7.74143600464, 8.71035766602, 8.23582172394, 6.50435876846, 6.19167709351, 5.4651966095, 6.47299098969, 7.32251214981, 7.21002435684, 7.54747676849, 5.29255056381, 3.47151684761, 2.91819000244, 5.71182823181, 7.6253194809, 5.53568935394, 3.79524254799, 5.30089092255, 3.40033626556, 1.8372900486, 1.7523444891, 1.27152705193, 0.73539853096, 0.568030357361, 0.331494837999, 0.204549029469, 0.0855573415756, 0.03625100106, 0.0147758778185, 0.00268865656108, 0.000265333248535, 4.43435237685e-05], "min": [4.99257602912e-23, 3.61889523752e-22, 2.41335113591e-21, 1.74974892261e-21, 1.56137465359e-20, 1.87694050298e-20, 5.89395913247e-20, 7.04317343596e-20, 9.05206039419e-20, 1.0506620666e-19, 2.26091002082e-19, 4.29776628202e-19, 5.44018387505e-19, 6.49203139486e-19, 9.70867468423e-19, 1.20495596286e-18, 1.84855841752e-18, 1.89021895548e-18, 1.80904668799e-18, 2.9890922101e-18, 4.00270382309e-18, 4.901581556e-18, 4.62819257329e-18, 6.9091261552e-18, 7.13925855496e-18, 8.8466519835e-18, 1.08136841714e-17, 1.06320849398e-17, 8.75336172684e-18, 1.18355285063e-17, 1.0443148616e-17, 9.38960175705e-18, 9.49670510277e-18, 7.69464250748e-18, 6.06901960481e-18, 4.31132821835e-18, 2.30664566407e-18, 9.0552195779e-19, 2.34589197202e-19, 2.59731448856e-20], "var": [0.529320299625, 28.6439533234, 57.3574066162, 105.051704407, 406.563110352, 395.962158203, 455.275787354, 792.743347168, 2073.70385742, 3539.94238281, 2471.32250977, 1973.96606445, 998.452453613, 512.477966309, 1967.19165039, 1925.07019043, 3715.9375, 3418.14404297, 3331.0456543, 2952.09472656, 1562.58898926, 2587.16674805, 1516.58374023, 460.692901611, 473.286834717, 395.143676758, 338.851837158, 251.251190186, 287.523925781, 83.6668930054, 36.4019126892, 43.0947799683, 30.3036708832, 19.2218437195, 1.16752171516, 0.369609475136, 0.0558509714901, 0.00173739076126, 4.29316896771e-05, 2.06321146834e-07]}, "gfcc": {"mean": [-59.999420166, 93.2001342773, -103.252120972, 28.1480827332, -56.6175308228, 6.53813886642, -37.7833824158, -0.171117350459, -20.7787914276, 0.209280312061, -11.9002161026, -2.5213394165, -13.2769317627], "cov": [[43040.5234375, -136.476074219, -1759.36621094, 2072.97705078, 461.002838135, 1505.48828125, 327.758209229, 1020.8269043, -1228.15234375, 472.535125732, -343.277740479, 864.193359375, -124.873252869], [-136.476074219, 2186.69213867, -35.3412971497, 21.1993713379, -38.5516738892, -119.733886719, 210.107971191, -130.420761108, 233.587738037, -103.718727112, 240.274795532, -101.69278717, 72.9372787476], [-1759.36621094, -35.3412971497, 1136.69152832, 58.7431602478, 227.539260864, -18.6858406067, 202.482055664, 52.6126747131, 10.6349697113, 105.131271362, 85.1940155029, 85.1289596558, 42.6936378479], [2072.97705078, 21.1993713379, 58.7431602478, 647.95880127, 193.088623047, 195.187057495, 109.907089233, -4.24084711075, -75.0830688477, -4.65654706955, 11.1252212524, 36.3017120361, 77.6619262695], [461.002838135, -38.5516738892, 227.539260864, 193.088623047, 550.244628906, 165.824234009, 332.65057373, 203.05657959, 39.5024108887, 142.617782593, 54.7299156189, 89.5226745605, 40.8809585571], [1505.48828125, -119.733886719, -18.6858406067, 195.187057495, 165.824234009, 320.463623047, 157.824707031, 91.4688796997, -76.1748352051, 30.6360473633, -3.26591277122, 50.2356529236, -0.496777117252], [327.758209229, 210.107971191, 202.482055664, 109.907089233, 332.65057373, 157.824707031, 543.984375, 224.097045898, 71.3774337769, 149.908676147, 101.329551697, 61.4521522522, 11.7193450928], [1020.8269043, -130.420761108, 52.6126747131, -4.24084711075, 203.05657959, 91.4688796997, 224.097045898, 330.666381836, 37.9574584961, 177.373626709, 28.4199466705, 70.1871032715, -31.7810344696], [-1228.15234375, 233.587738037, 10.6349697113, -75.0830688477, 39.5024108887, -76.1748352051, 71.3774337769, 37.9574584961, 217.813934326, 51.1832351685, 39.1628799438, -41.9855613708, 13.3725967407], [472.535125732, -103.718727112, 105.131271362, -4.65654706955, 142.617782593, 30.6360473633, 149.908676147, 177.373626709, 51.1832351685, 204.555496216, 45.2879180908, 41.1277885437, -16.6615371704], [-343.277740479, 240.274795532, 85.1940155029, 11.1252212524, 54.7299156189, -3.26591277122, 101.329551697, 28.4199466705, 39.1628799438, 45.2879180908, 122.38633728, 22.8633499146, 22.5246906281], [864.193359375, -101.69278717, 85.1289596558, 36.3017120361, 89.5226745605, 50.2356529236, 61.4521522522, 70.1871032715, -41.9855613708, 41.1277885437, 22.8633499146, 125.22151947, 29.9728069305], [-124.873252869, 72.9372787476, 42.6936378479, 77.6619262695, 40.8809585571, -0.496777117252, 11.7193450928, -31.7810344696, 13.3725967407, -16.6615371704, 22.5246906281, 29.9728069305, 100.571678162]], "icov": [[6.63091850583e-05, -0.000124806625536, 0.000112283487397, -0.000192336956388, 8.00711568445e-05, -9.11783863558e-05, 5.68029281567e-05, -0.000124988728203, 0.000295060162898, -0.000308121932903, 0.000392258283682, -0.000466760975542, 0.000155563247972], [-0.000124806625536, 0.00105646578595, -0.000119986376376, 0.000255993276369, -2.68723561021e-05, 0.000348385539837, -0.000516765750945, 0.000325531029375, -0.00114693085197, 0.00146373605821, -0.00234542158432, 0.00132817472331, -0.000367690081475], [0.000112283487397, -0.000119986376376, 0.00129180843942, -0.000348111556377, -0.000211642196518, 0.000316948251566, -0.000263363996055, 0.000286219816189, 0.000683104328346, -0.000906271568965, 0.000242165537202, -0.00122839096002, 0.000226474920055], [-0.000192336956388, 0.000255993276369, -0.000348111556377, 0.00290078250691, -0.000849744770676, -0.000893161166459, -0.00014685158385, 0.000767847406678, -3.55008342012e-05, 0.000622086517978, -0.00095637794584, 0.00202269642614, -0.00219676992856], [8.00711568445e-05, -2.68723561021e-05, -0.000211642196518, -0.000849744770676, 0.00393531098962, -0.000819949025754, -0.00127730332315, -0.000890373019502, -0.000378912285669, -0.000902148953173, 0.000829758122563, -0.00134415773209, -0.000755611457862], [-9.11783863558e-05, 0.000348385539837, 0.000316948251566, -0.000893161166459, -0.000819949025754, 0.00565665680915, -0.00144174892921, -0.000418073352193, 0.00123428821098, 0.00110364716966, -0.000215496576857, 0.000160121722729, 0.000605681212619], [5.68029281567e-05, -0.000516765750945, -0.000263363996055, -0.00014685158385, -0.00127730332315, -0.00144174892921, 0.00442332820967, -0.00163370918017, -0.000317405938404, -0.000593532575294, -0.0011005399283, -0.000156971102115, 0.000388028100133], [-0.000124988728203, 0.000325531029375, 0.000286219816189, 0.000767847406678, -0.000890373019502, -0.000418073352193, -0.00163370918017, 0.00819872971624, -0.00129006325733, -0.00415082648396, 0.000520582660101, -0.00191637605894, 0.00197375542484], [0.000295060162898, -0.00114693085197, 0.000683104328346, -3.55008342012e-05, -0.000378912285669, 0.00123428821098, -0.000317405938404, -0.00129006325733, 0.00914456602186, -0.00331593700685, 0.00173475511838, 0.00152172066737, -0.00188228511252], [-0.000308121932903, 0.00146373605821, -0.000906271568965, 0.000622086517978, -0.000902148953173, 0.00110364716966, -0.000593532575294, -0.00415082648396, -0.00331593700685, 0.0130537403747, -0.00557208340615, 0.00198580371216, 0.000849514908623], [0.000392258283682, -0.00234542158432, 0.000242165537202, -0.00095637794584, 0.000829758122563, -0.000215496576857, -0.0011005399283, 0.000520582660101, 0.00173475511838, -0.00557208340615, 0.0168046914041, -0.00527864648029, -0.000566182483453], [-0.000466760975542, 0.00132817472331, -0.00122839096002, 0.00202269642614, -0.00134415773209, 0.000160121722729, -0.000156971102115, -0.00191637605894, 0.00152172066737, 0.00198580371216, -0.00527864648029, 0.016926176846, -0.0063588898629], [0.000155563247972, -0.000367690081475, 0.000226474920055, -0.00219676992856, -0.000755611457862, 0.000605681212619, 0.000388028100133, 0.00197375542484, -0.00188228511252, 0.000849514908623, -0.000566182483453, -0.0063588898629, 0.0153047461063]]}, "melbands": {"dmean": [0.00204274547286, 0.00161137152463, 0.000581154308748, 0.000561243097764, 0.000237887710682, 0.000176538786036, 0.000128629792016, 0.000127887062263, 9.91818596958e-05, 5.20965695614e-05, 4.74009211757e-05, 2.88800965791e-05, 3.28395326505e-05, 2.93889825116e-05, 2.55308805208e-05, 3.13157470373e-05, 2.81556694972e-05, 2.08018809644e-05, 1.61950320035e-05, 1.15724587886e-05, 9.0385610747e-06, 1.11947501864e-05, 1.113147664e-05, 6.9588804763e-06, 5.2006430451e-06, 5.04479885421e-06, 4.08254800277e-06, 4.5720671551e-06, 3.95830875277e-06, 2.85439068648e-06, 2.15222439692e-06, 2.70461168839e-06, 1.99410351343e-06, 1.33812523018e-06, 1.08334666038e-06, 8.25414474548e-07, 8.52284188113e-07, 6.61373178446e-07, 6.25034147106e-07, 5.24482345554e-07], "dmean2": [0.003433233127, 0.00276036537252, 0.000947845226619, 0.000956315780059, 0.000392947345972, 0.00028580360231, 0.000201102462597, 0.000194134001504, 0.000152374443132, 8.01445276011e-05, 7.79997571954e-05, 4.78985020891e-05, 5.34493556188e-05, 4.71793318866e-05, 4.09133936046e-05, 5.0469639973e-05, 4.48331120424e-05, 3.29034519382e-05, 2.48036521953e-05, 1.83691317943e-05, 1.43654278872e-05, 1.78223617695e-05, 1.78372210939e-05, 1.13835831144e-05, 8.53467736306e-06, 8.2787591964e-06, 6.58242424834e-06, 7.3857750067e-06, 6.58301132717e-06, 4.80376138512e-06, 3.35296545018e-06, 4.39209043179e-06, 3.25550104208e-06, 2.13118573811e-06, 1.81071800398e-06, 1.32140246478e-06, 1.31637204959e-06, 1.01915270534e-06, 9.72453904069e-07, 8.13513793219e-07], "dvar": [2.88518876914e-05, 1.71240753843e-05, 2.59937837654e-06, 2.97123028759e-06, 3.94511658897e-07, 1.78888583946e-07, 1.57471532702e-07, 9.60486588042e-08, 6.43171489401e-08, 3.06849159415e-08, 1.05273754158e-08, 4.42587477778e-09, 5.69710190135e-09, 4.45001635541e-09, 2.97503399693e-09, 5.92087578966e-09, 5.21664800246e-09, 3.90734600231e-09, 2.79926837266e-09, 1.40057765385e-09, 5.45673339847e-10, 8.73438987803e-10, 6.50980214179e-10, 2.7282853754e-10, 1.47135012507e-10, 1.83259629694e-10, 1.49567552787e-10, 1.16640308523e-10, 1.37256830901e-10, 1.10416918664e-10, 4.82840295524e-11, 7.99198623946e-11, 4.65845036157e-11, 1.61786729846e-11, 1.28542176903e-11, 8.64520087462e-12, 1.30151783448e-11, 8.004375808e-12, 7.73498105844e-12, 6.63792415131e-12], "dvar2": [8.23326336103e-05, 4.87229262944e-05, 6.63570881443e-06, 8.32352725411e-06, 1.09609095489e-06, 4.6831240752e-07, 3.58921226962e-07, 2.11639843428e-07, 1.39162722235e-07, 6.59108181367e-08, 2.82808247931e-08, 1.17157918922e-08, 1.48921257548e-08, 1.06219495422e-08, 7.02905866845e-09, 1.47287817498e-08, 1.24100161258e-08, 9.13943321024e-09, 6.16636475215e-09, 3.15561643482e-09, 1.31348965038e-09, 2.13754036693e-09, 1.61698798795e-09, 6.85769552256e-10, 3.62636282114e-10, 4.71983008232e-10, 3.7511443951e-10, 2.87775830943e-10, 3.46603384882e-10, 3.01320079998e-10, 1.13834781879e-10, 1.9413282093e-10, 1.1934826738e-10, 3.8555870302e-11, 3.23585533368e-11, 2.2266443897e-11, 2.82552835296e-11, 1.75825031618e-11, 1.60890467615e-11, 1.52052554575e-11], "max": [0.0657475143671, 0.0656594336033, 0.0262524392456, 0.0371525138617, 0.0147048830986, 0.0119730895385, 0.0131231760606, 0.0100822374225, 0.00890811532736, 0.00688718492165, 0.00221552699804, 0.00145497568883, 0.00188576534856, 0.00343920453452, 0.00163731828798, 0.00262571079656, 0.0021020967979, 0.00198056339286, 0.00175218714867, 0.00103949836921, 0.000604775210377, 0.00100703025237, 0.000744924822357, 0.000579520477913, 0.000309438124532, 0.000449505314464, 0.000475055509014, 0.000197079585632, 0.000188583653653, 0.000155256377184, 0.000158717579325, 0.000173052641912, 9.24942723941e-05, 4.53989887319e-05, 3.8266145566e-05, 3.91212161048e-05, 0.000146916834638, 8.85326517164e-05, 0.000134675530717, 0.000134293164592], "mean": [0.00332087511197, 0.00260273157619, 0.00100781046785, 0.000901612103917, 0.000431184860645, 0.000343115010764, 0.000269296142505, 0.000286834838334, 0.000193457060959, 9.34307900025e-05, 8.38011983433e-05, 4.85123309772e-05, 6.46986663924e-05, 6.32484516245e-05, 5.17690095876e-05, 6.46786938887e-05, 5.13201885042e-05, 3.80361707357e-05, 3.03363940475e-05, 2.25607236644e-05, 1.85393982974e-05, 2.48280557571e-05, 2.49800050369e-05, 1.40828497024e-05, 9.60960915108e-06, 8.30911540106e-06, 7.13839472155e-06, 8.59292504174e-06, 6.05927971264e-06, 4.06605204262e-06, 3.58295869773e-06, 4.18572426497e-06, 2.86765930468e-06, 2.16511807594e-06, 1.48700075897e-06, 1.22867334085e-06, 1.28668136767e-06, 1.00215504517e-06, 9.54300389822e-07, 7.98184828454e-07], "median": [0.000637894729152, 0.000674858514685, 0.000481083232444, 0.000536687322892, 0.000228057062486, 0.000141449301736, 0.000113707559649, 9.58994278335e-05, 6.08035516052e-05, 3.67450265912e-05, 2.90818716167e-05, 1.98286852537e-05, 1.9360524675e-05, 1.78733407665e-05, 1.78508962563e-05, 1.43942570503e-05, 1.29834470499e-05, 8.22841866466e-06, 5.56603345103e-06, 3.25535802403e-06, 3.14420140057e-06, 5.26883650309e-06, 6.81028359395e-06, 5.76646698391e-06, 4.03478816224e-06, 2.1478765575e-06, 3.12300835503e-06, 3.40374504049e-06, 2.13844168684e-06, 1.2198938748e-06, 8.99986389413e-07, 9.90632543107e-07, 7.50992398935e-07, 6.30600652585e-07, 3.86360909488e-07, 3.40215564165e-07, 3.13667669616e-07, 2.22777785552e-07, 1.67173098475e-07, 1.73456498942e-07], "min": [5.98092299537e-25, 7.83198461643e-25, 9.34681350513e-25, 1.73220917468e-24, 2.03932672736e-24, 1.59709830503e-24, 1.45008283408e-24, 1.34088841175e-24, 1.94473717723e-24, 2.2910753164e-24, 2.44048734678e-24, 1.7755387404e-24, 2.70781869971e-24, 2.68725723743e-24, 2.38771452438e-24, 4.28503840019e-24, 2.55238371632e-24, 2.81602931388e-24, 3.76995206655e-24, 3.05617099799e-24, 3.96704699157e-24, 4.21558787495e-24, 2.02574451472e-24, 3.80788957078e-24, 4.34553062098e-24, 4.26418170672e-24, 4.15800812862e-24, 4.54313751673e-24, 4.50492351676e-24, 4.99260876685e-24, 5.08342992844e-24, 4.9622415663e-24, 3.65711419153e-24, 5.05275862201e-24, 5.69804881463e-24, 5.13812914917e-24, 4.9904981695e-24, 5.67457310296e-24, 5.65047143015e-24, 6.1085239092e-24], "var": [4.35182919318e-05, 2.48676533374e-05, 3.58401166523e-06, 2.39090877585e-06, 5.10824804678e-07, 4.0856986061e-07, 3.97930961071e-07, 5.06164212766e-07, 1.79650015752e-07, 6.2106316534e-08, 2.44741311661e-08, 7.89088527853e-09, 1.88673094925e-08, 2.48252476354e-08, 9.12702979861e-09, 2.00906171699e-08, 1.32757680404e-08, 8.87885409639e-09, 7.86019693777e-09, 4.89472018472e-09, 2.26299712303e-09, 3.4638887314e-09, 2.37092079303e-09, 8.18536904923e-10, 2.90331481079e-10, 3.76258996182e-10, 1.96441335421e-10, 1.84100193423e-10, 1.48699955127e-10, 1.05994095445e-10, 8.35910715646e-11, 1.18896628654e-10, 5.31661936698e-11, 2.17126212843e-11, 1.31028816269e-11, 8.97911866388e-12, 2.4058543352e-11, 1.41660476752e-11, 1.89679921075e-11, 1.25475298554e-11]}, "mfcc": {"mean": [-690.798034668, 118.976051331, 7.21502590179, 21.283405304, 2.58545613289, 5.155397892, -4.66095685959, -1.30493807793, -7.40661144257, -3.3661916256, 1.1358114481, 0.951739132404, -4.04022216797], "cov": [[20009.2695312, 1446.1114502, -312.497833252, 1233.72302246, 492.660247803, 734.262634277, 1457.32592773, 834.392211914, 606.554382324, 456.263000488, 356.460021973, 267.497497559, 174.236953735], [1446.1114502, 1858.3092041, 23.4397277832, 203.467590332, -21.312625885, 134.678359985, 209.559432983, 187.12651062, 46.8747406006, 70.210395813, 87.4011230469, 113.955848694, 119.186470032], [-312.497833252, 23.4397277832, 551.383605957, 122.895996094, 15.6556873322, 66.9891052246, 57.0065307617, -11.4942378998, -31.2319412231, -35.1062774658, -49.7034263611, 21.1498088837, 33.6780319214], [1233.72302246, 203.467590332, 122.895996094, 501.736358643, 128.923782349, 180.016174316, 271.281829834, 101.54384613, 147.659545898, 112.349052429, 51.3149223328, 86.8310546875, 104.314849854], [492.660247803, -21.312625885, 15.6556873322, 128.923782349, 241.432342529, 78.3215332031, 68.4991607666, 29.1959857941, 60.1214141846, 50.780506134, 8.2181892395, 0.412205070257, 34.6549987793], [734.262634277, 134.678359985, 66.9891052246, 180.016174316, 78.3215332031, 272.041503906, 205.525497437, 93.8262863159, 93.4804000854, 31.0509471893, 28.2397079468, 63.3092155457, 23.814409256], [1457.32592773, 209.559432983, 57.0065307617, 271.281829834, 68.4991607666, 205.525497437, 515.109008789, 207.214355469, 167.947052002, 182.554351807, 122.033531189, 143.14755249, 121.527732849], [834.392211914, 187.12651062, -11.4942378998, 101.54384613, 29.1959857941, 93.8262863159, 207.214355469, 191.878601074, 106.061180115, 83.6885452271, 73.7315597534, 72.8928070068, 66.6009902954], [606.554382324, 46.8747406006, -31.2319412231, 147.659545898, 60.1214141846, 93.4804000854, 167.947052002, 106.061180115, 232.548248291, 134.434631348, 96.3687133789, 91.2918319702, 88.7490844727], [456.263000488, 70.210395813, -35.1062774658, 112.349052429, 50.780506134, 31.0509471893, 182.554351807, 83.6885452271, 134.434631348, 233.210342407, 132.220108032, 83.5949630737, 82.9139251709], [356.460021973, 87.4011230469, -49.7034263611, 51.3149223328, 8.2181892395, 28.2397079468, 122.033531189, 73.7315597534, 96.3687133789, 132.220108032, 165.085342407, 96.991317749, 62.0872955322], [267.497497559, 113.955848694, 21.1498088837, 86.8310546875, 0.412205070257, 63.3092155457, 143.14755249, 72.8928070068, 91.2918319702, 83.5949630737, 96.991317749, 150.225967407, 91.3634033203], [174.236953735, 119.186470032, 33.6780319214, 104.314849854, 34.6549987793, 23.814409256, 121.527732849, 66.6009902954, 88.7490844727, 82.9139251709, 62.0872955322, 91.3634033203, 156.22857666]], "icov": [[7.67206802266e-05, -3.28459354932e-05, 6.7052365921e-05, -0.000119675314636, -8.33882950246e-05, 4.60975061287e-05, -0.000156304537086, -0.000151327272761, -3.88039370591e-05, 9.31418253458e-05, -6.23802479822e-05, 6.46356056677e-05, 0.000162118885783], [-3.28459354932e-05, 0.000670582114253, 2.99158418784e-05, -0.000196309483727, 0.000282130757114, -0.00028820609441, 0.000264157395577, -0.000600836472586, 0.000516093394253, -9.27269211388e-05, -0.000103121732536, -9.13058320293e-05, -0.000467908539576], [6.7052365921e-05, 2.99158418784e-05, 0.0022509440314, -0.000633504474536, 7.47087979107e-05, -0.000409441621741, -0.000278766296105, 0.000221926122322, 0.000736178422812, 0.000154033012222, 0.000833960599266, -0.000517495383974, -0.000520506233443], [-0.000119675314636, -0.000196309483727, -0.000633504474536, 0.00396318780258, -0.000881067942828, -0.00104949995875, -0.000907828798518, 0.00107988447417, -0.00106401473749, -0.000505021307617, 0.000760130700655, 3.81999161618e-05, -0.00107716605999], [-8.33882950246e-05, 0.000282130757114, 7.47087979107e-05, -0.000881067942828, 0.00569672090933, -0.00176025764085, 0.00077725580195, 6.3515988586e-05, -0.000126201441162, -0.00138187268749, 0.00036958817509, 0.00203394540586, -0.00170833850279], [4.60975061287e-05, -0.00028820609441, -0.000409441621741, -0.00104949995875, -0.00176025764085, 0.00768408970907, -0.00250072171912, -0.000628341920674, -0.00202233111486, 0.00257623777725, 0.000295874051517, -0.00215656403452, 0.00331492442638], [-0.000156304537086, 0.000264157395577, -0.000278766296105, -0.000907828798518, 0.00077725580195, -0.00250072171912, 0.00622939830646, -0.00343096232973, 0.00120295537636, -0.0030677865725, 0.000688947737217, -0.00141598039772, -0.0010362281464], [-0.000151327272761, -0.000600836472586, 0.000221926122322, 0.00107988447417, 6.3515988586e-05, -0.000628341920674, -0.00343096232973, 0.0115657355636, -0.00247871479951, 0.00107420107815, -0.00143826112617, 0.000595449761022, -0.00126033753622], [-3.88039370591e-05, 0.000516093394253, 0.000736178422812, -0.00106401473749, -0.000126201441162, -0.00202233111486, 0.00120295537636, -0.00247871479951, 0.00957062840462, -0.00322155025788, -0.000508643162902, -0.00132487376686, -0.00209162849933], [9.31418253458e-05, -9.27269211388e-05, 0.000154033012222, -0.000505021307617, -0.00138187268749, 0.00257623777725, -0.0030677865725, 0.00107420107815, -0.00322155025788, 0.0116597199813, -0.00676235090941, 0.00164697074797, -0.000520570727531], [-6.23802479822e-05, -0.000103121732536, 0.000833960599266, 0.000760130700655, 0.00036958817509, 0.000295874051517, 0.000688947737217, -0.00143826112617, -0.000508643162902, -0.00676235090941, 0.0159289967269, -0.00747170206159, 0.0013280302519], [6.46356056677e-05, -9.13058320293e-05, -0.000517495383974, 3.81999161618e-05, 0.00203394540586, -0.00215656403452, -0.00141598039772, 0.000595449761022, -0.00132487376686, 0.00164697074797, -0.00747170206159, 0.0172486156225, -0.00643039634451], [0.000162118885783, -0.000467908539576, -0.000520506233443, -0.00107716605999, -0.00170833850279, 0.00331492442638, -0.0010362281464, -0.00126033753622, -0.00209162849933, -0.000520570727531, 0.0013280302519, -0.00643039634451, 0.0133227016777]]}, "spectral_contrast_coeffs": {"dmean": [0.0461775176227, 0.0435835793614, 0.0324995927513, 0.0269617084414, 0.0194992963225, 0.0162197779864], "dmean2": [0.0751772150397, 0.0699870660901, 0.0532875396311, 0.0439716093242, 0.0315440408885, 0.0254310257733], "dvar": [0.00170432648156, 0.00151088635903, 0.000724626821466, 0.000469561142381, 0.000296966522001, 0.000220885049202], "dvar2": [0.00449645053595, 0.0036892730277, 0.00184959662147, 0.00119461119175, 0.000687498773914, 0.00050754158292], "max": [-0.237012535334, -0.302440583706, -0.467915028334, -0.550582408905, -0.570064485073, -0.598449170589], "mean": [-0.618851900101, -0.71785980463, -0.794444084167, -0.798078536987, -0.802981853485, -0.775531947613], "median": [-0.64752560854, -0.73007106781, -0.799082994461, -0.804668784142, -0.803377985954, -0.773296356201], "min": [-0.985444843769, -0.989795148373, -0.996692240238, -0.995670795441, -0.992792069912, -0.965471565723], "var": [0.0182458367199, 0.00904860440642, 0.00421057548374, 0.00369035406038, 0.003107909346, 0.00267563876696]}, "spectral_contrast_valleys": {"dmean": [0.40495455265, 0.368232756853, 0.318933486938, 0.29272633791, 0.265377819538, 0.281941473484], "dmean2": [0.654805362225, 0.594138085842, 0.510695457458, 0.450038701296, 0.374183982611, 0.381133019924], "dvar": [0.253871381283, 0.292973279953, 0.194173127413, 0.176487341523, 0.186711072922, 0.215737134218], "dvar2": [0.539969921112, 0.572988212109, 0.356558024883, 0.267263531685, 0.260312587023, 0.338119477034], "max": [-4.6914396286, -4.55744695663, -5.29250764847, 