{"lowlevel": {"average_loudness": 0.817178010941, "barkbands_crest": {"dmean": 2.87940144539, "dmean2": 4.83537721634, "dvar": 6.94563579559, "dvar2": 18.6946220398, "max": 26.6967086792, "mean": 13.1519088745, "median": 12.1862049103, "min": 2.90860557556, "var": 30.5667228699}, "barkbands_flatness_db": {"dmean": 0.022970629856, "dmean2": 0.0368227176368, "dvar": 0.000452736683656, "dvar2": 0.00113578850869, "max": 0.642623782158, "mean": 0.204952254891, "median": 0.185416072607, "min": 0.0210160743445, "var": 0.00812337454408}, "barkbands_kurtosis": {"dmean": 4.92681264877, "dmean2": 8.09344100952, "dvar": 161.579025269, "dvar2": 402.606994629, "max": 494.047607422, "mean": 9.2173948288, "median": 2.62513327599, "min": -1.86396861076, "var": 617.744995117}, "barkbands_skewness": {"dmean": 0.613294541836, "dmean2": 1.00131309032, "dvar": 0.522207856178, "dvar2": 1.3720498085, "max": 18.5639152527, "mean": 1.78435432911, "median": 1.44921684265, "min": -6.23912286758, "var": 3.60845589638}, "barkbands_spread": {"dmean": 3.24224638939, "dmean2": 5.32109737396, "dvar": 12.2543764114, "dvar2": 31.6417770386, "max": 105.32409668, "mean": 13.4791526794, "median": 12.3169364929, "min": 0.0816152691841, "var": 102.275802612}, "dissonance": {"dmean": 0.0202645510435, "dmean2": 0.0345350541174, "dvar": 0.0004580449895, "dvar2": 0.00128766277339, "max": 0.500000059605, "mean": 0.440797269344, "median": 0.45072928071, "min": 0.144640415907, "var": 0.00209757802077}, "dynamic_complexity": 3.46958041191, "erbbands_crest": {"dmean": 2.78976535797, "dmean2": 4.5384979248, "dvar": 6.98228168488, "dvar2": 17.9954624176, "max": 32.4776687622, "mean": 12.2969865799, "median": 11.1072311401, "min": 2.29324293137, "var": 32.8355827332}, "erbbands_flatness_db": {"dmean": 0.0180977880955, "dmean2": 0.0269121397287, "dvar": 0.00028809014475, "dvar2": 0.000608345493674, "max": 0.554635643959, "mean": 0.227206140757, "median": 0.2173281461, "min": 0.0393550954759, "var": 0.00445972010493}, "erbbands_kurtosis": {"dmean": 1.39676916599, "dmean2": 2.16643071175, "dvar": 8.42601585388, "dvar2": 17.311580658, "max": 83.797203064, "mean": 1.65154719353, "median": -0.312615036964, "min": -1.8468515873, "var": 49.6273078918}, "erbbands_skewness": {"dmean": 0.402806818485, "dmean2": 0.637080729008, "dvar": 0.155992120504, "dvar2": 0.373575329781, "max": 7.34510946274, "mean": 0.564259231091, "median": 0.355916202068, "min": -6.96600103378, "var": 1.42487585545}, "erbbands_spread": {"dmean": 4.67602109909, "dmean2": 7.37953996658, "dvar": 21.6468753815, "dvar2": 53.7381439209, "max": 88.4416427612, "mean": 28.0711231232, "median": 27.8804359436, "min": 0.754768550396, "var": 157.789001465}, "hfc": {"dmean": 3.47062110901, "dmean2": 5.1659450531, "dvar": 26.4025421143, "dvar2": 48.7557258606, "max": 187.479019165, "mean": 14.562169075, "median": 12.5037651062, "min": 1.10201183429e-16, "var": 171.602462769}, "melbands_crest": {"dmean": 3.63757371902, "dmean2": 6.16794538498, "dvar": 10.9054927826, "dvar2": 30.1128940582, "max": 36.4393730164, "mean": 15.9332103729, "median": 14.9626216888, "min": 1.62244474888, "var": 38.3465042114}, "melbands_flatness_db": {"dmean": 0.0228074733168, "dmean2": 0.0368126146495, "dvar": 0.000453753193142, "dvar2": 0.00114302604925, "max": 0.768273234367, "mean": 0.275948554277, "median": 0.258438199759, "min": 0.00182289874647, "var": 0.0100311804563}, "melbands_kurtosis": {"dmean": 6.68178272247, "dmean2": 10.9829483032, "dvar": 155.614685059, "dvar2": 414.521118164, "max": 315.248443604, "mean": 15.3430557251, "median": 6.92817926407, "min": -1.93650615215, "var": 563.881591797}, "melbands_skewness": {"dmean": 0.635324656963, "dmean2": 1.01759958267, "dvar": 0.451228380203, "dvar2": 1.16959607601, "max": 12.9753360748, "mean": 2.56090307236, "median": 2.23775100708, "min": -3.91979646683, "var": 3.4568836689}, "melbands_spread": {"dmean": 4.24344587326, "dmean2": 6.87308979034, "dvar": 27.9164524078, "dvar2": 70.0507049561, "max": 148.795730591, "mean": 16.8043994904, "median": 13.6656236649, "min": 0.308083951473, "var": 295.4637146}, "pitch_salience": {"dmean": 0.0663168206811, "dmean2": 0.109641470015, "dvar": 0.0034218581859, "dvar2": 0.00915046129376, "max": 0.957502067089, "mean": 0.510426819324, "median": 0.517554759979, "min": 0.0704455971718, "var": 0.0168688166887}, "silence_rate_20dB": {"dmean": 0, "dmean2": 0, "dvar": 0, "dvar2": 0, "max": 1, "mean": 1, "median": 1, "min": 1, "var": 0}, "silence_rate_30dB": {"dmean": 0.00598720926791, "dmean2": 0.0119760483503, "dvar": 0.00595120806247, "dvar2": 0.01482756529, "max": 1, "mean": 0.993197262287, "median": 1, "min": 0, "var": 0.00675621908158}, "silence_rate_60dB": {"dmean": 0.00952510535717, "dmean2": 0.0190528035164, "dvar": 0.00943450815976, "dvar2": 0.0225006956607, "max": 1, "mean": 0.0809523835778, "median": 0, "min": 0, "var": 0.0743976309896}, "spectral_centroid": {"dmean": 142.875106812, "dmean2": 234.278121948, "dvar": 61550.8476562, "dvar2": 136790.796875, "max": 11648.9990234, "mean": 928.236572266, "median": 785.10534668, "min": 177.667755127, "var": 930090.6875}, "spectral_complexity": {"dmean": 1.73248064518, "dmean2": 2.92433309555, "dvar": 2.47164916992, "dvar2": 6.73228740692, "max": 40, "mean": 13.6661224365, "median": 14, "min": 0, "var": 48.3762969971}, "spectral_decrease": {"dmean": 2.40107045357e-09, "dmean2": 3.93786692143e-09, "dvar": 1.14423364739e-17, "dvar2": 3.20320332081e-17, "max": 2.29899600117e-19, "mean": -7.25694615511e-09, "median": -6.32323526872e-09, "min": -6.85307668391e-08, "var": 3.23897391922e-17}, "spectral_energy": {"dmean": 0.00932148937136, "dmean2": 0.0152481766418, "dvar": 0.000169041231857, "dvar2": 0.000469939521281, "max": 0.26070651412, "mean": 0.0287102945149, "median": 0.0251807961613, "min": 1.00201767504e-20, "var": 0.000497609784361}, "spectral_energyband_high": {"dmean": 2.40503759414e-05, "dmean2": 3.66990971088e-05, "dvar": 1.24207510943e-09, "dvar2": 2.76897105245e-09, "max": 0.00104096077848, "mean": 8.47592309583e-05, "median": 5.80129599257e-05, "min": 7.29792212328e-21, "var": 8.34923952198e-09}, "spectral_energyband_low": {"dmean": 0.00211516511627, "dmean2": 0.00342904939316, "dvar": 2.06316817639e-05, "dvar2": 5.14118000865e-05, "max": 0.14379709959, "mean": 0.00426375633106, "median": 0.00228251842782, "min": 1.65214310601e-23, "var": 4.84871816298e-05}, "spectral_energyband_middle_high": {"dmean": 0.0015820551198, "dmean2": 0.00206753378734, "dvar": 1.7097707314e-05, "dvar2": 2.33307582675e-05, "max": 0.191643238068, "mean": 0.00564151117578, "median": 0.00341968005523, "min": 1.20972589744e-21, "var": 0.000104862287117}, "spectral_energyband_middle_low": {"dmean": 0.00701493304223, "dmean2": 0.0116648580879, "dvar": 9.12855321076e-05, "dvar2": 0.000264217262156, "max": 0.124704487622, "mean": 0.0181206278503, "median": 0.0150816626847, "min": 1.67877716432e-22, "var": 0.00022623683617}, "spectral_entropy": {"dmean": 0.158550754189, "dmean2": 0.255685180426, "dvar": 0.025225346908, "dvar2": 0.0606209151447, "max": 9.81326580048, "mean": 6.89401960373, "median": 7.02233743668, "min": 3.45279526711, "var": 0.505121171474}, "spectral_flux": {"dmean": 0.0209751464427, "dmean2": 0.034381415695, "dvar": 0.000537595828064, "dvar2": 0.00144619087223, "max": 0.427853703499, "mean": 0.0665192604065, "median": 0.0621869117022, "min": 6.48494799527e-11, "var": 0.00150440866128}, "spectral_kurtosis": {"dmean": 6.36962938309, "dmean2": 10.9104270935, "dvar": 434.317077637, "dvar2": 1254.24182129, "max": 535.982177734, "mean": 16.3476257324, "median": 8.05507850647, "min": -1.2740790844, "var": 1790.84106445}, "spectral_rms": {"dmean": 0.000790365331341, "dmean2": 0.0012785011204, "dvar": 7.36369372589e-07, "dvar2": 1.97162148652e-06, "max": 0.01594828628, "mean": 0.00486450642347, "median": 0.00495647359639, "min": 3.12662461026e-12, "var": 4.34651519754e-06}, "spectral_rolloff": {"dmean": 234.345535278, "dmean2": 417.729553223, "dvar": 192661.609375, "dvar2": 461554.625, "max": 19789.0136719, "mean": 1158.31201172, "median": 818.26171875, "min": 21.533203125, "var": 4779643}, "spectral_skewness": {"dmean": 0.408126503229, "dmean2": 0.67840731144, "dvar": 0.359962940216, "dvar2": 0.956147611141, "max": 18.9629077911, "mean": 2.2546787262, "median": 1.85982584953, "min": -0.0889782011509, "var": 3.96644830704}, "spectral_spread": {"dmean": 324461.90625, "dmean2": 509205.90625, "dvar": 915705888768, "dvar2": 2095292350460.0, "max": 46099568, "mean": 3102332.75, "median": 2742146.75, "min": 168989.734375, "var": 10454432743400.0}, "spectral_strongpeak": {"dmean": 0.572358548641, "dmean2": 0.938230514526, "dvar": 0.925169765949, "dvar2": 2.04994392395, "max": 18.3020172119, "mean": 1.42347884178, "median": 1.05516684055, "min": 0, "var": 2.65545630455}, "zerocrossingrate": {"dmean": 0.00481969257817, "dmean2": 0.0064632142894, "dvar": 5.32755620952e-05, "dvar2": 9.92970817606e-05, "max": 0.53125, "mean": 0.0430340543389, "median": 0.03466796875, "min": 0.0029296875, "var": 0.00324890622869}, "barkbands": {"dmean": [0.00200189440511, 0.000419079820858, 0.00126122008078, 0.000407988467487, 0.0049859341234, 0.00258441688493, 0.000782462651841, 0.000201922055567, 0.000268746865913, 0.000757628295105, 0.000158202543389, 0.000437306851381, 0.000129548585392, 0.000180897885002, 0.000485575437779, 0.000155937770614, 0.000215368214413, 3.41667400789e-05, 6.73106187605e-05, 2.56774801528e-05, 1.07154710349e-05, 4.19383286498e-06, 2.44962075158e-06, 9.09452410269e-07, 1.53710880113e-06, 1.72356942585e-06, 2.29694364862e-06], "dmean2": [0.0035161129199, 0.000681348552462, 0.00210029771551, 0.000677932053804, 0.00821532402188, 0.00447799451649, 0.00121704221237, 0.000292634067591, 0.000315828423481, 0.000883485248778, 0.000204376759939, 0.000603562162723, 0.000199555768631, 0.000272117875284, 0.000762984505855, 0.000256338069448, 0.000328224705299, 5.78075341764e-05, 9.648539708e-05, 4.23354613304e-05, 1.71412484633e-05, 6.50498805044e-06, 3.3422497836e-06, 1.34443735078e-06, 2.19947105506e-06, 2.40815461439e-06, 3.46434285348e-06], "dvar": [7.2739814641e-05, 1.25581709653e-06, 6.86297289576e-06, 6.46799662718e-07, 7.23443445168e-05, 3.00913106912e-05, 2.83307940663e-06, 3.74099528244e-07, 5.33244133294e-07, 1.03914007923e-05, 4.05691167771e-07, 4.07513107348e-06, 5.4837169472e-08, 1.95098948552e-07, 1.34674553465e-06, 1.00765930711e-07, 2.74103427955e-07, 2.57285548422e-09, 1.19820242617e-07, 2.21774887343e-09, 2.49831655363e-10, 1.14948363328e-10, 1.23742280311e-10, 3.52697059926e-12, 1.6156036578e-11, 1.69281619972e-11, 3.21977097761e-11], "dvar2": [0.000219213558012, 2.96260418509e-06, 1.8240440113e-05, 1.68511724041e-06, 0.000201062663109, 9.7464020655e-05, 8.18541866465e-06, 7.64502601669e-07, 5.19876152794e-07, 1.1454802916e-05, 4.69428783845e-07, 7.10113590685e-06, 1.03682729957e-07, 3.29635071239e-07, 3.13583450406e-06, 2.36662060615e-07, 5.49691776541e-07, 7.27778814991e-09, 1.53375168566e-07, 5.09691178152e-09, 5.7392784969e-10, 2.22436832842e-10, 1.7514580064e-10, 8.31531805218e-12, 3.72274815141e-11, 3.74087913424e-11, 7.36437300031e-11], "max": [0.231190681458, 0.056175429374, 0.043674916029, 0.0176927521825, 0.114306516945, 0.084518134594, 0.0440616309643, 0.0175918377936, 0.03650630638, 0.181554600596, 0.0356423929334, 0.10624884814, 0.0079924846068, 0.0339025184512, 0.02591185458, 0.0121796960011, 0.0147895896807, 0.00090361275943, 0.0224190298468, 0.00323609588668, 0.000290537573164, 0.00046922150068, 0.000673357979394, 4.08203777624e-05, 0.000116618131869, 6.96252973285e-05, 6.52988237562e-05], "mean": [0.00213640765287, 0.000885468616616, 0.00198438111693, 0.000654115166981, 0.0083874668926, 0.0055851037614, 0.00204860791564, 0.000394411763409, 0.000773675099481, 0.00197520758957, 0.000350316695403, 0.000927896238863, 0.000282746128505, 0.000396318733692, 0.000845608767122, 0.000296954880469, 0.000412903580582, 7.85764786997e-05, 0.000167080055689, 6.98382864357e-05, 3.01181917166e-05, 1.15672601169e-05, 6.6496781983e-06, 2.16884200199e-06, 2.54471524386e-06, 2.02586875275e-06, 2.15126897274e-06], "median": [0.000109120170237, 0.000398501695599, 0.000845163944177, 0.000312658958137, 0.00387275661342, 0.00180725194514, 0.000613125797827, 0.000100936042145, 0.000232208607486, 0.000241005196585, 5.84715380683e-05, 0.000168755781488, 0.000127645223984, 0.000133335677674, 0.000286932394374, 0.000151877145981, 0.000153979301103, 5.21552428836e-05, 6.65325205773e-05, 4.66017627332e-05, 1.9725472157e-05, 5.28529562871e-06, 1.63667914421e-06, 9.1189633622e-07, 6.65624952489e-07, 1.78609255386e-07, 3.80739173522e-08], "min": [5.09612970154e-25, 4.49960107223e-24, 2.62797138218e-24, 1.0720179912e-24, 1.06574051222e-23, 1.10746028894e-23, 9.15396245457e-24, 1.13472805499e-23, 1.24044417264e-23, 1.36685865939e-23, 2.12287707631e-23, 2.85492516577e-23, 2.7961903693e-23, 3.77417625893e-23, 5.45893829006e-23, 5.35164752715e-23, 9.09808301903e-23, 1.00567572782e-22, 1.27199100423e-22, 1.78647712516e-22, 2.95537511624e-22, 3.17649345906e-22, 4.24272719867e-22, 5.24035932204e-22, 9.01419769607e-22, 1.17788772374e-21, 1.93645202831e-21], "var": [9.16518838494e-05, 3.77583251066e-06, 1.07891855805e-05, 1.12106749839e-06, 0.000143690253026, 7.12137771188e-05, 1.54738463607e-05, 9.35206969643e-07, 4.86157341584e-06, 5.89093942835e-05, 1.51556832861e-06, 1.60414510901e-05, 2.96054480486e-07, 1.24741291074e-06, 3.0772403079e-06, 2.47335350423e-07, 9.6648204817e-07, 7.75790542917e-09, 6.12626877228e-07, 1.27658088545e-08, 1.15353071539e-09, 5.92599413984e-10, 6.67221833339e-10, 1.22297632091e-11, 3.59093831059e-11, 2.28473455433e-11, 3.37330788303e-11]}, "erbbands": {"dmean": [0.0189689509571, 0.104643434286, 1.13564276695, 1.63440752029, 8.00517749786, 22.9876155853, 9.92448139191, 26.2789592743, 11.1269254684, 5.98427295685, 5.74411773682, 7.44115209579, 12.388586998, 21.8002490997, 5.48852729797, 21.7867259979, 5.82051229477, 7.56374788284, 28.553861618, 12.9987611771, 8.95063591003, 7.64631700516, 2.17996191978, 2.83186626434, 2.64526867867, 1.32466936111, 0.62332201004, 0.24560007453, 0.176059439778, 0.0714832618833, 0.0705256685615, 0.0218429733068, 0.0197166148573, 0.0172073319554, 0.0105373822153, 0.00731294183061, 0.00303348107263, 0.0014118248364, 0.000504945812281, 2.54605638474e-05], "dmean2": [0.0302333254367, 0.173142358661, 1.87727987766, 2.74904704094, 13.4059362411, 37.2292785645, 15.6320295334, 47.1496963501, 17.5449142456, 9.28549098969, 8.10761260986, 8.69731140137, 15.1820745468, 24.7715892792, 7.54305410385, 29.9920024872, 8.28462409973, 11.7969493866, 44.390586853, 20.9206409454, 14.1124515533, 11.6066360474, 3.59317684174, 4.24219036102, 3.90730333328, 2.1646232605, 0.999079048634, 0.391019374132, 0.276179105043, 0.110134124756, 0.0932850092649, 0.0302915498614, 0.0295443553478, 0.0254176910967, 0.0148924039677, 0.010251969099, 0.00423876568675, 0.0020457834471, 0.000771308434196, 4.01968391088e-05], "dvar": [0.00683856010437, 0.0511637926102, 5.55395364761, 10.6636333466, 182.668304443, 1632.33520508, 297.200897217, 3312.875, 488.452148438, 194.529220581, 290.562652588, 407.235198975, 1831.46252441, 11968.6015625, 166.746932983, 10521.4873047, 169.189376831, 172.781890869, 5053.50683594, 606.856201172, 284.337799072, 373.36416626, 14.3512134552, 156.653411865, 128.470230103, 5.40700531006, 0.834994733334, 0.185629963875, 0.162839129567, 0.0829187631607, 0.128893643618, 0.0124442093074, 0.00240145879798, 0.00195788033307, 0.000605068111327, 0.000320025690598, 5.8366873418e-05, 1.07310288513e-05, 1.65228470905e-06, 2.24073137822e-09], "dvar2": [0.0148985870183, 0.139697894454, 14.7239532471, 28.6378479004, 540.628601074, 4205.50341797, 793.899291992, 11137.4384766, 1397.3215332, 505.734283447, 603.718444824, 402.006439209, 2616.70385742, 12357.4912109, 290.888702393, 18262.8496094, 295.915527344, 403.521362305, 11610.8525391, 1458.27172852, 621.451416016, 807.906738281, 32.5728912354, 208.133239746, 176.935272217, 13.5917329788, 1.93561780453, 0.394208222628, 0.343050509691, 0.172343701124, 0.183645755053, 0.0163450520486, 0.0057894163765, 0.00465020909905, 0.00127819832414, 0.000701733340975, 0.000126181563246, 2.31976173382e-05, 3.85077873943e-06, 5.43606359926e-09], "max": [3.9059882164, 5.4803071022, 43.8783721924, 56.8201255798, 216.814819336, 565.754577637, 260.32699585, 851.291625977, 458.19418335, 509.576812744, 499.546203613, 995.705627441, 1378.58398438, 6593.71191406, 406.51473999, 5456.55224609, 409.866607666, 472.980987549, 1594.1307373, 856.276428223, 392.711914062, 476.486450195, 199.030410767, 859.911621094, 556.181213379, 78.0421676636, 18.4089336395, 17.079914093, 15.7127752304, 11.698679924, 17.5604457855, 7.92594575882, 1.12256038189, 1.06255984306, 0.776528120041, 0.400638997555, 0.289065331221, 0.038127861917, 0.013903323561, 0.000627517525572], "mean": [0.0303396862, 0.23219846189, 1.94199895859, 2.85687685013, 14.9660711288, 36.5569267273, 24.8499851227, 50.2219429016, 29.6553668976, 16.7209873199, 12.9824619293, 21.7762908936, 32.871295929, 57.2765312195, 14.3088665009, 46.8418617249, 15.2586183548, 16.7001647949, 51.1141014099, 26.0803470612, 19.7242412567, 15.760187149, 5.58693695068, 7.19451904297, 6.70744562149, 3.5426492691, 1.79542803764, 0.763529717922, 0.47785744071, 0.205859810114, 0.191524490714, 0.0554761737585, 0.0421642251313, 0.0311217326671, 0.0165927838534, 0.00896393228322, 0.00362785765901, 0.00144524232019, 0.000477679161122, 4.88871919515e-05], "median": [0.00815788004547, 0.11691133678, 0.818820655346, 1.74340057373, 6.38796043396, 15.673204422, 11.010807991, 17.4630680084, 13.0461578369, 4.58779287338, 4.25553512573, 6.7374162674, 5.50310897827, 9.28002738953, 4.96090221405, 8.69416809082, 6.68935012817, 9.30791854858, 17.811668396, 13.4298772812, 10.9130477905, 6.6840133667, 3.68467473984, 3.29939317703, 3.27601361275, 2.32288503647, 1.22718143463, 0.481586933136, 0.223561257124, 0.090559899807, 0.0411979109049, 0.0204169526696, 0.0152470460162, 0.00964785926044, 0.00381616386585, 0.00120962131768, 0.00027815985959, 5.6541099184e-05, 2.8089954867e-05, 3.47719651472e-05], "min": [8.06642902876e-23, 7.32443390815e-22, 2.68410697978e-21, 6.78627294812e-21, 1.88221733368e-20, 5.33604002647e-20, 6.7529396697e-20, 7.54873200918e-20, 6.04578554897e-20, 2.12711265202e-19, 3.93201570797e-19, 3.84971511443e-19, 5.85298887673e-19, 1.10539722812e-18, 8.15330940085e-19, 1.50963946289e-18, 1.52415131276e-18, 2.41929215387e-18, 2.77461089471e-18, 3.36518186972e-18, 3.45182159426e-18, 5.24642281362e-18, 5.21824573323e-18, 7.18719780736e-18, 6.02885088708e-18, 8.71969547591e-18, 1.05248169851e-17, 1.10645870764e-17, 1.08149712645e-17, 1.16752498549e-17, 1.21305383358e-17, 9.99995847872e-18, 8.44405408039e-18, 8.35265227706e-18, 6.66731148365e-18, 4.43543302079e-18, 2.31412089527e-18, 9.01429895299e-19, 2.5379656367e-19, 2.78524087644e-20], "var": [0.0149502372369, 0.161299362779, 10.0366668701, 16.3231468201, 508.346618652, 3173.9128418, 1095.71533203, 5923.75390625, 2171.14599609, 1689.02160645, 730.604553223, 3705.42578125, 9631.1484375, 67835.703125, 797.424987793, 42090.78125, 952.299255371, 617.409851074, 12346.8847656, 1600.17492676, 984.449523926, 1178.76757812, 71.8156204224, 804.216674805, 628.946105957, 21.6482753754, 3.78818297386, 1.00748956203, 0.871347248554, 0.236816614866, 0.694447815418, 0.0674803331494, 0.00647706026211, 0.00451180012897, 0.00147456803825, 0.000436673464719, 0.000101094745332, 1.27100784084e-05, 1.66351821917e-06, 3.03655145473e-09]}, "gfcc": {"mean": [-78.1979751587, 141.342956543, -131.334625244, 17.2435474396, -37.2065391541, -14.7972354889, -37.1358718872, -12.1478242874, -25.7554607391, -5.38056278229, -14.2853946686, -7.76556110382, 1.36022496223], "cov": [[24504.0644531, 1348.61169434, -2635.65795898, 385.870330811, -744.772277832, -118.010231018, -327.989227295, 80.3060455322, -250.872772217, 347.513641357, -105.725692749, 55.8770828247, -75.1248779297], [1348.61169434, 1774.04992676, -40.7599945068, -46.2712554932, 138.985336304, -168.996047974, 22.1289405823, -213.708526611, 32.9220314026, -240.520782471, 70.8770141602, -132.772628784, 210.023086548], [-2635.65795898, -40.7599945068, 1016.03399658, -204.875, 179.802947998, -65.7256393433, 3.62369990349, -56.5990943909, -51.2378082275, -26.0940074921, -12.209277153, 62.3974761963, -8.83029460907], [385.870330811, -46.2712554932, -204.875, 490.86428833, -89.642616272, 60.6011543274, -13.26308918, -25.0397472382, -1.54349803925, -28.6218833923, 31.0743675232, -74.7953872681, 4.89364528656], [-744.772277832, 138.985336304, 179.802947998, -89.642616272, 248.127716064, 14.8600730896, 35.4800033569, 10.2244329453, 21.9122867584, -23.569852829, -11.4519481659, -6.57347774506, 9.34248065948], [-118.010231018, -168.996047974, -65.7256393433, 60.6011543274, 14.8600730896, 218.130752563, 89.6264572144, 73.1048049927, 36.4098815918, 17.5170478821, -8.09087657928, -13.3410148621, -34.7766799927], [-327.989227295, 22.1289405823, 3.62369990349, -13.26308918, 35.4800033569, 89.6264572144, 192.287185669, 85.3265380859, 39.1117324829, 15.6104812622, 12.9268636703, 2.9617228508, -13.2667655945], [80.3060455322, -213.708526611, -56.5990943909, -25.0397472382, 10.2244329453, 73.1048049927, 85.3265380859, 206.716995239, 68.5149917603, 76.0650100708, -14.7866373062, 24.5864467621, -21.3753013611], [-250.872772217, 32.9220314026, -51.2378082275, -1.54349803925, 21.9122867584, 36.4098815918, 39.1117324829, 68.5149917603, 147.817352295, 56.5859413147, 34.9993782043, -2.71643471718, 14.5474424362], [347.513641357, -240.520782471, -26.0940074921, -28.6218833923, -23.569852829, 17.5170478821, 15.6104812622, 76.0650100708, 56.5859413147, 192.877685547, 52.4779891968, 65.2654495239, -60.2979354858], [-105.725692749, 70.8770141602, -12.209277153, 31.0743675232, -11.4519481659, -8.09087657928, 12.9268636703, -14.7866373062, 34.9993782043, 52.4779891968, 128.284072876, 56.0609359741, 23.4203662872], [55.8770828247, -132.772628784, 62.3974761963, -74.7953872681, -6.57347774506, -13.3410148621, 2.9617228508, 24.5864467621, -2.71643471718, 65.2654495239, 56.0609359741, 131.595062256, 13.9030427933], [-75.1248779297, 210.023086548, -8.83029460907, 4.89364528656, 9.34248065948, -34.7766799927, -13.2667655945, -21.3753013611, 14.5474424362, -60.2979354858, 23.4203662872, 13.9030427933, 137.037353516]], "icov": [[0.000105177801743, -0.000268404633971, 0.000236610983848, -9.339893586e-05, 0.000166348181665, -0.000115731447295, 0.000249090604484, -0.000184687378351, 0.000383671489544, -0.000472759711556, 0.000494057778269, -0.000439581897808, 0.000153605564265], [-0.000268404633971, 0.00191438000184, -0.000390668865293, 0.000628922600299, -0.000964346749242, 0.00114362093154, -0.00145262654405, 0.00137238623574, -0.00136604288127, 0.0019683225546, -0.00248868647031, 0.00264987372793, -0.00153175904416], [0.000236610983848, -0.000390668865293, 0.00187079666648, 8.87408459675e-05, -0.000608321861364, 0.000188291800441, 0.000213893203181, 0.000162676515174, 0.000987758394331, -0.000740920077078, 0.00112864212133, -0.00152482686099, 0.000512107217219], [-9.339893586e-05, 0.000628922600299, 8.87408459675e-05, 0.00311239645816, 0.000492606428452, -0.00068304076558, 7.54758875701e-05, 0.000244048962486, 0.000207485631108, 0.000822200556286, -0.00278524984606, 0.00317556224763, -0.000788471952546], [0.000166348181665, -0.000964346749242, -0.000608321861364, 0.000492606428452, 0.00575394788757, -0.00106125872117, 0.000256440369412, -0.000793620652985, -0.000197215296794, -0.000352379458491, 0.00116464984603, -0.000528194359504, 0.000472228392027], [-0.000115731447295, 0.00114362093154, 0.000188291800441, -0.00068304076558, -0.00106125872117, 0.00742784142494, -0.00329546676949, -0.000136574060889, -0.00170830648858, 0.00170774781145, -0.000583357992582, 0.00080824107863, 0.000787855882663], [0.000249090604484, -0.00145262654405, 0.000213893203181, 7.54758875701e-05, 0.000256440369412, -0.00329546676949, 0.0090898424387, -0.00415147794411, 0.00114015804138, -0.00020717215375, -0.000600064755417, -0.00118449353613, 0.00176312006079], [-0.000184687378351, 0.00137238623574, 0.000162676515174, 0.000244048962486, -0.000793620652985, -0.000136574060889, -0.00415147794411, 0.0102256909013, -0.00397203443572, -0.00160468497779, 0.00291833258234, -0.0006953694392, -0.00170287000947], [0.000383671489544, -0.00136604288127, 0.000987758394331, 0.000207485631108, -0.000197215296794, -0.00170830648858, 0.00114015804138, -0.00397203443572, 0.0128378951922, -0.00561598688364, -0.00147321482655, 0.00257457699627, -0.00241244817153], [-0.000472759711556, 0.0019683225546, -0.000740920077078, 0.000822200556286, -0.000352379458491, 0.00170774781145, -0.00020717215375, -0.00160468497779, -0.00561598688364, 0.0145095065236, -0.00645125936717, -0.0016354273539, 0.00508311996236], [0.000494057778269, -0.00248868647031, 0.00112864212133, -0.00278524984606, 0.00116464984603, -0.000583357992582, -0.000600064755417, 0.00291833258234, -0.00147321482655, -0.00645125936717, 0.0182808097452, -0.00995126366615, -0.000370054214727], [-0.000439581897808, 0.00264987372793, -0.00152482686099, 0.00317556224763, -0.000528194359504, 0.00080824107863, -0.00118449353613, -0.0006953694392, 0.00257457699627, -0.0016354273539, -0.00995126366615, 0.0189058128744, -0.0057061156258], [0.000153605564265, -0.00153175904416, 0.000512107217219, -0.000788471952546, 0.000472228392027, 0.000787855882663, 0.00176312006079, -0.00170287000947, -0.00241244817153, 0.00508311996236, -0.000370054214727, -0.0057061156258, 0.012997912243]]}, "melbands": {"dmean": [0.000208376121009, 0.000433396111475, 0.000282053428236, 0.0013912669383, 0.000404744409025, 0.000544954265933, 0.000168238941114, 5.39160537301e-05, 5.04871168232e-05, 4.33970126323e-05, 6.69324290357e-05, 9.83202917268e-05, 1.68546885106e-05, 4.78293914057e-05, 3.06654874294e-05, 1.3268213479e-05, 1.41998289109e-05, 4.58689246443e-05, 2.25270396186e-05, 1.74016822712e-05, 1.25895376186e-05, 1.11943163574e-05, 2.94232836495e-06, 2.20517813432e-06, 2.58546810983e-06, 2.8999886581e-06, 1.23859797441e-06, 8.72341502145e-07, 4.98069198329e-07, 2.65691653567e-07, 1.35759961495e-07, 1.35213824137e-07, 4.47395969161e-08, 4.42361454134e-08, 4.79966004718e-08, 2.88178529928e-08, 9.19611231609e-09, 1.17772636088e-08, 2.17266507008e-08, 1.29445787422e-08], "dmean2": [0.000333543168381, 0.000716573907994, 0.000464748678496, 0.00230863131583, 0.000634733587503, 0.000966280407738, 0.000262881774688, 8.41066794237e-05, 6.82693062117e-05, 5.12898986926e-05, 8.18365952e-05, 0.000111716843094, 2.27146138059e-05, 6.63181199343e-05, 4.20333890361e-05, 2.05148498935e-05, 2.21239224629e-05, 7.11296452209e-05, 3.51848138962e-05, 2.86280665023e-05, 1.96664313989e-05, 1.69676713995e-05, 4.74356329505e-06, 3.75551667275e-06, 3.88602393286e-06, 4.12714325648e-06, 1.99805458578e-06, 1.44664193158e-06, 8.11070322015e-07, 4.30160383758e-07, 2.18863704049e-07, 2.1459106847e-07, 7.14295396165e-08, 6.93821107234e-08, 6.59695444938e-08, 3.65445949058e-08, 1.45573304522e-08, 1.80165802277e-08, 3.24870441659e-08, 1.93828118e-08], "dvar": [5.89734895584e-07, 7.98681242031e-07, 2.35933427462e-07, 5.77577748118e-06, 3.59185776233e-07, 1.39188489356e-06, 1.22302054706e-07, 1.58730966149e-08, 2.12518305176e-08, 1.35994762118e-08, 5.57386030664e-08, 2.39435081539e-07, 2.21416618373e-09, 5.00048358276e-08, 1.55141126612e-08, 4.91379270606e-10, 7.53982987156e-10, 1.20135581483e-08, 2.43451103721e-09, 1.18084864109e-09, 7.35580596434e-10, 8.4160711733e-10, 6.58722382196e-11, 1.14234359819e-11, 1.3971415691e-10, 2.29148408581e-10, 1.03954657382e-11, 2.30150772572e-12, 4.68102986928e-13, 2.21247309752e-13, 8.45522653628e-14, 1.05108867302e-13, 1.25714715737e-14, 2.95057150912e-14, 5.69930523131e-14, 6.84518427726e-14, 5.0789699586e-16, 5.42534555354e-16, 8.55654726218e-15, 1.06512815518e-15], "dvar2": [1.35117488753e-06, 2.12161967283e-06, 6.2797244027e-07, 1.63255917869e-05, 9.43823010857e-07, 4.6356240091e-06, 3.54457824869e-07, 4.09947702451e-08, 4.23694643814e-08, 1.40397453663e-08, 7.86904337247e-08, 2.470908953e-07, 3.02552205511e-09, 8.67997442811e-08, 2.95700068875e-08, 1.02731356755e-09, 1.73847114482e-09, 2.70252744627e-08, 5.6065174725e-09, 2.78368994522e-09, 1.54575430233e-09, 1.7708347011e-09, 1.18419482553e-10, 3.2628687946e-11, 1.86075946318e-10, 2.93387231176e-10, 1.81160451224e-11, 6.17521572072e-12, 1.18428910342e-12, 5.37202769248e-13, 1.56230958075e-13, 2.23894470672e-13, 2.71044817179e-14, 6.34721564045e-14, 8.84034598997e-14, 8.12406443658e-14, 1.38073157254e-15, 1.33532817135e-15, 2.02885329522e-14, 2.1849485925e-15], "max": [0.0327862352133, 0.0163012687117, 0.00792188663036, 0.0310301855206, 0.00799896195531, 0.0177237093449, 0.00764186540619, 0.00452505238354, 0.00415702210739, 0.00535419303924, 0.00793665181845, 0.0295368786901, 0.00233513745479, 0.0116329081357, 0.00617023091763, 0.000629193498753, 0.0010743677849, 0.00355407991447, 0.00105047703255, 0.0011361213401, 0.000723031000234, 0.000749796046875, 0.000528416770976, 5.49453106942e-05, 0.000812846585177, 0.000927172310185, 0.0002128847118, 3.31262745021e-05, 1.10896908154e-05, 9.95489517663e-06, 1.57501999638e-05, 1.23721956697e-05, 4.30675981988e-06, 5.7633283177e-06, 1.06516545202e-05, 1.91064809769e-05, 5.76502998229e-07, 6.11369216585e-07, 2.65519111053e-06, 1.4560072259e-06], "mean": [0.000371417350834, 0.000775331107434, 0.00060407113051, 0.002235974418, 0.000961738522165, 0.00109661789611, 0.000446684513008, 0.00014867320715, 0.000118243529869, 0.000122873752844, 0.000173437510966, 0.000256094441283, 3.95016941184e-05, 0.00010140795348, 6.9551730121e-05, 2.78931547655e-05, 2.94629571727e-05, 8.26765099191e-05, 4.2086787289e-05, 3.13263190037e-05, 2.43534523179e-05, 2.13781531784e-05, 6.04029219176e-06, 4.38181814388e-06, 5.91388698012e-06, 6.69956762067e-06, 3.05263279188e-06, 2.11926226257e-06, 1.22618575915e-06, 6.91485752213e-07, 3.54522597945e-07, 3.29401501631e-07, 1.17025614088e-07, 1.07182472675e-07, 1.24765108467e-07, 7.10345560151e-08, 1.94933491571e-08, 2.43130724442e-08, 4.04519511221e-08, 2.1565503161e-08], "median": [0.000125863574794, 0.000363440893125, 0.000373600167222, 0.00100422510877, 0.00053329905495, 0.000373990187654, 0.000161936754012, 3.75249655917e-05, 3.10894029099e-05, 3.6640863982e-05, 2.36007545027e-05, 3.75531017198e-05, 1.00127108453e-05, 1.86784200196e-05, 1.71689498529e-05, 1.34339470605e-05, 1.27737321236e-05, 2.76253995253e-05, 1.54901717906e-05, 1.42569188029e-05, 1.06750485429e-05, 7.79970287113e-06, 2.69874158221e-06, 2.87919510811e-06, 2.34552589973e-06, 2.44224997914e-06, 1.86396982826e-06, 1.39114479225e-06, 8.42532926981e-07, 4.14731516685e-07, 2.10273697121e-07, 1.37786599907e-07, 6.54698268931e-08, 3.90050445276e-08, 2.43818654155e-08, 1.44433380811e-08, 1.02424895232e-08, 1.01483577097e-08, 9.71139257899e-09, 6.47462305992e-09], "min": [1.27966274753e-24, 1.78989028964e-24, 1.43176459639e-24, 3.03197860618e-24, 1.74965759461e-24, 1.96520654e-24, 1.2226062132e-24, 2.92563128147e-24, 2.79123226019e-24, 2.0403918868e-24, 2.02509626828e-24, 4.10221160236e-24, 2.43947326609e-24, 3.57444472411e-24, 4.40114294822e-24, 3.18974230697e-24, 3.55132439427e-24, 3.82337648807e-24, 4.6559410763e-24, 2.41931629224e-24, 3.18550750441e-24, 4.76048802321e-24, 5.0411402786e-24, 4.14324578007e-24, 4.59123121068e-24, 4.33757614205e-24, 4.44961766198e-24, 4.81855646887e-24, 5.89829405568e-24, 6.94607330949e-24, 5.66875762036e-24, 6.46120153181e-24, 5.86932984425e-24, 5.6885789339e-24, 6.20249972554e-24, 5.56469858392e-24, 6.27667868304e-24, 5.05458167956e-24, 6.85289937025e-24, 5.85859818049e-24], "var": [1.34344020353e-06, 1.53003043124e-06, 5.61021920475e-07, 1.06249517557e-05, 1.23153552067e-06, 2.76046125691e-06, 5.87392605667e-07, 1.36989015687e-07, 6.8502899353e-08, 1.15767512909e-07, 2.91760017035e-07, 1.36702863074e-06, 9.55022816385e-09, 1.8967654114e-07, 5.95426428163e-08, 2.1154855645e-09, 2.74243538989e-09, 3.38079360063e-08, 6.23479889938e-09, 2.85665135991e-09, 2.51045650934e-09, 2.70967714933e-09, 3.48727713373e-10, 2.35844226093e-11, 7.13602399394e-10, 1.16460341371e-09, 5.75080920384e-11, 6.95396865091e-12, 1.67455903744e-12, 8.39127487114e-13, 4.06629076114e-13, 5.21009830331e-13, 4.01710999534e-14, 7.96032957975e-14, 2.8733680474e-13, 3.80357149856e-13, 7.55347983461e-16, 1.61315953085e-15, 1.9254265066e-14, 3.5374014407e-15]}, "mfcc": {"mean": [-709.079528809, 170.318374634, -27.5340118408, 32.7471885681, 5.12292766571, 2.7640516758, -3.35721445084, -11.8733711243, -3.52476477623, -5.48238039017, -12.0372514725, -10.1356229782, -2.45832467079], "cov": [[10445.7128906, 1631.86877441, -1536.74389648, 468.03894043, -283.672821045, -59.5001945496, -83.9415512085, -222.106262207, 16.9656333923, 128.786178589, 65.723991394, 78.123298645, 238.621200562], [1631.86877441, 1433.90283203, -63.5861053467, 124.745544434, 63.3041954041, 16.9110603333, -7.46966266632, -47.2197952271, -22.6953029633, -30.1665153503, -93.1527099609, -88.9970092773, -54.4365348816], [-1536.74389648, -63.5861053467, 789.753051758, -30.9741630554, 77.3045578003, 50.8305587769, 27.1346378326, 22.8440437317, -43.2644233704, -74.2256164551, -54.2846755981, -34.9498977661, -67.7046279907], [468.03894043, 124.745544434, -30.9741630554, 268.100402832, 35.9423484802, 15.152794838, 1.83629059792, -33.8709983826, -41.3934707642, -2.26960635185, -13.3837966919, -26.5933418274, -28.3384914398], [-283.672821045, 63.3041954041, 77.3045578003, 35.9423484802, 166.93057251, 30.9835643768, -5.48911619186, -10.0794029236, -2.09465742111, -11.0004138947, -15.3705320358, -21.687702179, -30.0521888733], [-59.5001945496, 16.9110603333, 50.8305587769, 15.152794838, 30.9835643768, 128.831771851, 45.4441566467, 28.2604026794, -9.04654884338, 9.52410507202, 12.6560115814, 1.78408157825, -5.59676170349], [-83.9415512085, -7.46966266632, 27.1346378326, 1.83629059792, -5.48911619186, 45.4441566467, 119.132865906, 61.1511039734, 24.0624103546, 1.00163757801, 18.1931419373, 12.9729557037, 4.15248584747], [-222.106262207, -47.2197952271, 22.8440437317, -33.8709983826, -10.0794029236, 28.2604026794, 61.1511039734, 128.082626343, 69.9893035889, 33.7793426514, 11.9634523392, 1.62600553036, -0.631500661373], [16.9656333923, -22.6953029633, -43.2644233704, -41.3934707642, -2.09465742111, -9.04654884338, 24.0624103546, 69.9893035889, 143.730773926, 68.7366485596, 34.7413444519, 17.9635391235, 9.17095947266], [128.786178589, -30.1665153503, -74.2256164551, -2.26960635185, -11.0004138947, 9.52410507202, 1.00163757801, 33.7793426514, 68.7366485596, 133.96987915, 69.8501739502, 12.6835355759, 11.7353754044], [65.723991394, -93.1527099609, -54.2846755981, -13.3837966919, -15.3705320358, 12.6560115814, 18.1931419373, 11.9634523392, 34.7413444519, 69.8501739502, 118.70930481, 76.7258529663, 49.0094833374], [78.123298645, -88.9970092773, -34.9498977661, -26.5933418274, -21.687702179, 1.78408157825, 12.9729557037, 1.62600553036, 17.9635391235, 12.6835355759, 76.7258529663, 160.018035889, 112.876274109], [238.621200562, -54.4365348816, -67.7046279907, -28.3384914398, -30.0521888733, -5.59676170349, 4.15248584747, -0.631500661373, 9.17095947266, 11.7353754044, 49.0094833374, 112.876274109, 136.036193848]], "icov": [[0.000212155398913, -0.000216418819036, 0.000309832801577, -0.000294193509035, 0.000355367286829, -0.000157852453412, 3.32436429744e-05, 0.0003087624209, -0.000208376673982, 2.92102358799e-05, -5.11120379088e-05, 0.00016964970564, -0.000404222868383], [-0.000216418819036, 0.00101399933919, -0.000216588683543, 3.62162463716e-05, -0.000545512360986, -7.69366397435e-06, -0.000232758306083, 9.58656819421e-05, -9.96777725959e-06, -0.000155158806592, 0.000732631538995, 1.78218033398e-05, 0.000307181908283], [0.000309832801577, -0.000216588683543, 0.00200110254809, -0.00011099884432, -9.23668267205e-05, -0.000584237277508, -7.66222365201e-05, -3.04246550513e-05, 0.000170031547896, 0.000547134375665, 0.000316798774293, -0.00037853125832, 0.000441717187641], [-0.000294193509035, 3.62162463716e-05, -0.00011099884432, 0.00484015326947, -0.00134750327561, 0.000143795550684, -0.00103276059963, 0.00048407210852, 0.00173417699989, -0.00117487052921, 0.000547335948795, -0.000578631821554, 0.00149295572191], [0.000355367286829, -0.000545512360986, -9.23668267205e-05, -0.00134750327561, 0.00781342200935, -0.00234982254915, 0.00109967938624, 0.00152527471073, -0.0019503099611, 0.000885911053047, -0.000113253670861, 0.00021304989059, 0.000353684881702], [-0.000157852453412, -7.69366397435e-06, -0.000584237277508, 0.000143795550684, -0.00234982254915, 0.0106662660837, -0.00354984193109, -0.00219318969175, 0.00326861557551, -0.00191840576008, -0.000587157497648, -0.000539892876986, 0.00063554168446], [3.32436429744e-05, -0.000232758306083, -7.66222365201e-05, -0.00103276059963, 0.00109967938624, -0.00354984193109, 0.0136579899117, -0.00614303350449, -0.000930644804612, 0.003946560435, -0.0035532375332, 0.000311904062983, -9.66821608017e-06], [0.0003087624209, 9.58656819421e-05, -3.04246550513e-05, 0.00048407210852, 0.00152527471073, -0.00219318969175, -0.00614303350449, 0.0158137548715, -0.00638154381886, -0.00205487105995, 0.00266689457931, 0.00079840188846, -0.000925683998503], [-0.000208376673982, -9.96777725959e-06, 0.000170031547896, 0.00173417699989, -0.0019503099611, 0.00326861557551, -0.000930644804612, -0.00638154381886, 0.0137897226959, -0.00592682603747, 0.000911430048291, -0.00262145814486, 0.00193826155737], [2.92102358799e-05, -0.000155158806592, 0.000547134375665, -0.00117487052921, 0.000885911053047, -0.00191840576008, 0.003946560435, -0.00205487105995, -0.00592682603747, 0.0168842915446, -0.0111945820972, 0.00562158832327, -0.00178745109588], [-5.11120379088e-05, 0.000732631538995, 0.000316798774293, 0.000547335948795, -0.000113253670861, -0.000587157497648, -0.0035532375332, 0.00266689457931, 0.000911430048291, -0.0111945820972, 0.0216460060328, -0.010606136173, 0.00263255299069], [0.00016964970564, 1.78218033398e-05, -0.00037853125832, -0.000578631821554, 0.00021304989059, -0.000539892876986, 0.000311904062983, 0.00079840188846, -0.00262145814486, 0.00562158832327, -0.010606136173, 0.0213762465864, -0.0148044992238], [-0.000404222868383, 0.000307181908283, 0.000441717187641, 0.00149295572191, 0.000353684881702, 0.00063554168446, -9.66821608017e-06, -0.000925683998503, 0.00193826155737, -0.00178745109588, 0.00263255299069, -0.0148044992238, 0.0201732441783]]}, "spectral_contrast_coeffs": {"dmean": [0.0521789826453, 0.0423405915499, 0.0311849862337, 0.0270880647004, 0.0180925801396, 0.0158740021288], "dmean2": [0.0862221419811, 0.071113795042, 0.0490237735212, 0.0443614162505, 0.0299790203571, 0.0257331151515], "dvar": [0.00176186894532, 0.00127877225168, 0.000617283571046, 0.000458231283119, 0.000217348788283, 0.000251345016295], "dvar2": [0.00468186149374, 0.00348950340413, 0.00146195327397, 0.00121700344607, 0.000560990069062, 0.000634759082459], "max": [-0.193197757006, -0.287036508322, -0.3695333004, -0.527429521084, -0.587347269058, -0.603018641472], "mean": [-0.559846103191, -0.658344507217, -0.724986970425, -0.741358220577, -0.788963198662, -0.75352615118], "median": [-0.561408638954, -0.660714268684, -0.729032158852, -0.741034507751, -0.791218876839, -0.74203234911], "min": [-0.978067696095, -0.977778375149, -0.977260649204, -0.971608996391, -0.964261114597, -0.964548528194], "var": [0.0133050670847, 0.0111036626622, 0.00680046342313, 0.00400318205357, 0.00212718034163, 0.00249346229248]}, "spectral_contrast_valleys": {"dmean": [0.378179132938, 0.299368828535, 0.245826244354, 0.203088417649, 0.150614202023, 0.230253711343], "dmean2": [0.642415463924, 0.496267557144, 0.409179270267, 0.333276182413, 0.246844738722, 0.334230452776], "dvar": [0.148946031928, 0.123199120164, 0.102495796978, 0.0934411436319, 0.0932186245918, 0.132