{"lowlevel": {"average_loudness": 0.905338704586, "barkbands_crest": {"dmean": 2.39363241196, "dmean2": 3.75054597855, "dvar": 8.66402816772, "dvar2": 19.1933441162, "max": 26.9992389679, "mean": 17.1250534058, "median": 16.6303443909, "min": 3.86510705948, "var": 36.253780365}, "barkbands_flatness_db": {"dmean": 0.0617714449763, "dmean2": 0.0879868045449, "dvar": 0.00578431785107, "dvar2": 0.010162262246, "max": 0.89372086525, "mean": 0.385883331299, "median": 0.337724775076, "min": 0.057632047683, "var": 0.0355457402766}, "barkbands_kurtosis": {"dmean": 355.672485352, "dmean2": 661.650939941, "dvar": 3461713, "dvar2": 9714876, "max": 88814.5, "mean": 4179.83007812, "median": 20.3952674866, "min": -1.91123068333, "var": 294248192}, "barkbands_skewness": {"dmean": 4.94379138947, "dmean2": 8.94815540314, "dvar": 212.748825073, "dvar2": 788.741210938, "max": 220.424728394, "mean": 10.9413509369, "median": 2.84665131569, "min": -86.7503738403, "var": 1385.6072998}, "barkbands_spread": {"dmean": 6.48800230026, "dmean2": 10.3689317703, "dvar": 166.26121521, "dvar2": 344.03515625, "max": 121.819122314, "mean": 9.91930866241, "median": 2.80393075943, "min": 0.000737215334084, "var": 283.76739502}, "dissonance": {"dmean": 0.0564708933234, "dmean2": 0.0926192328334, "dvar": 0.00337767833844, "dvar2": 0.00853099487722, "max": 0.5, "mean": 0.363720625639, "median": 0.391789078712, "min": 0.0188855938613, "var": 0.010291704908}, "dynamic_complexity": 3.6484310627, "erbbands_crest": {"dmean": 3.29049944878, "dmean2": 5.1411857605, "dvar": 18.7908649445, "dvar2": 39.8550109863, "max": 35.0536880493, "mean": 19.8660926819, "median": 18.9599819183, "min": 3.24616265297, "var": 69.9203567505}, "erbbands_flatness_db": {"dmean": 0.0475864745677, "dmean2": 0.0655088797212, "dvar": 0.00366138084792, "dvar2": 0.00603179074824, "max": 0.796043932438, "mean": 0.328569978476, "median": 0.275858879089, "min": 0.0722915232182, "var": 0.0304210409522}, "erbbands_kurtosis": {"dmean": 16.438829422, "dmean2": 25.6588115692, "dvar": 1768.03991699, "dvar2": 4228.79833984, "max": 617.172973633, "mean": 27.72747612, "median": 3.76507353783, "min": -1.97723078728, "var": 3375.71020508}, "erbbands_skewness": {"dmean": 1.20238244534, "dmean2": 1.81949448586, "dvar": 3.40882873535, "dvar2": 7.78811120987, "max": 20.2830886841, "mean": 1.8897998333, "median": 1.07867360115, "min": -10.3990345001, "var": 11.2075719833}, "erbbands_spread": {"dmean": 16.2825813293, "dmean2": 24.9443511963, "dvar": 800.358215332, "dvar2": 1658.10839844, "max": 198.206680298, "mean": 29.6296691895, "median": 19.7015991211, "min": 0.136260256171, "var": 1211.31494141}, "hfc": {"dmean": 9.28298854828, "dmean2": 15.445066452, "dvar": 484.668212891, "dvar2": 1162.52905273, "max": 257.097991943, "mean": 13.313378334, "median": 7.74395656586, "min": 7.92334997612e-09, "var": 436.476043701}, "melbands_crest": {"dmean": 2.7579562664, "dmean2": 4.43728542328, "dvar": 11.6647090912, "dvar2": 28.7177066803, "max": 36.2684860229, "mean": 22.5449867249, "median": 23.1107463837, "min": 2.35211968422, "var": 34.8582611084}, "melbands_flatness_db": {"dmean": 0.0717340558767, "dmean2": 0.102609157562, "dvar": 0.00733971828595, "dvar2": 0.0128139015287, "max": 1, "mean": 0.477276146412, "median": 0.446910351515, "min": 0.00990142952651, "var": 0.0396598987281}, "melbands_kurtosis": {"dmean": 55.1709213257, "dmean2": 91.2273101807, "dvar": 14334.4365234, "dvar2": 37893.1171875, "max": 1341.13989258, "mean": 69.9447402954, "median": 31.7611598969, "min": -1.86797368526, "var": 15128.4082031}, "melbands_skewness": {"dmean": 1.98977375031, "dmean2": 3.11131429672, "dvar": 9.02753162384, "dvar2": 20.7515945435, "max": 27.855424881, "mean": 4.02350234985, "median": 3.52801370621, "min": -9.49407863617, "var": 20.7009067535}, "melbands_spread": {"dmean": 6.2948551178, "dmean2": 10.0985889435, "dvar": 271.851806641, "dvar2": 603.406677246, "max": 238.480407715, "mean": 11.4371051788, "median": 2.28748035431, "min": 0.153801724315, "var": 631.255493164}, "pitch_salience": {"dmean": 0.0867416858673, "dmean2": 0.136276498437, "dvar": 0.012330382131, "dvar2": 0.0279739592224, "max": 0.875815570354, "mean": 0.307315975428, "median": 0.305851906538, "min": 0.00380424875766, "var": 0.0338486433029}, "silence_rate_20dB": {"dmean": 0, "dmean2": 0, "dvar": 0, "dvar2": 0, "max": 1, "mean": 1, "median": 1, "min": 1, "var": 0}, "silence_rate_30dB": {"dmean": 0.0204576049, "dmean2": 0.0409262254834, "dvar": 0.0200395099819, "dvar2": 0.0473306812346, "max": 1, "mean": 0.98331540823, "median": 1, "min": 0, "var": 0.0164063088596}, "silence_rate_60dB": {"dmean": 0.0279946159571, "dmean2": 0.0557350553572, "dvar": 0.0272100623697, "dvar2": 0.0580137595534, "max": 1, "mean": 0.114908501506, "median": 0, "min": 0, "var": 0.101710595191}, "spectral_centroid": {"dmean": 174.637634277, "dmean2": 275.638427734, "dvar": 181629.890625, "dvar2": 374944.25, "max": 6461.10449219, "mean": 682.75793457, "median": 288.244750977, "min": 102.875045776, "var": 691677.4375}, "spectral_complexity": {"dmean": 2.19596242905, "dmean2": 3.61577820778, "dvar": 20.3512687683, "dvar2": 46.1848449707, "max": 45, "mean": 4.5557050705, "median": 3, "min": 0, "var": 24.1454925537}, "spectral_decrease": {"dmean": 3.30488614253e-09, "dmean2": 5.36574429333e-09, "dvar": 3.03242725113e-17, "dvar2": 8.00627188448e-17, "max": -5.92518261566e-20, "mean": -9.11601549802e-09, "median": -8.42637248866e-09, "min": -6.07451084988e-08, "var": 6.0347782152e-17}, "spectral_energy": {"dmean": 0.0130573166534, "dmean2": 0.0212222728878, "dvar": 0.000447471684311, "dvar2": 0.00118013611063, "max": 0.232103079557, "mean": 0.0356134474277, "median": 0.0329363942146, "min": 9.42299840587e-13, "var": 0.000892840966117}, "spectral_energyband_high": {"dmean": 0.000868229719345, "dmean2": 0.00145344168413, "dvar": 7.03370687916e-06, "dvar2": 1.6772750314e-05, "max": 0.0332492254674, "mean": 0.000661028025206, "median": 1.34695856104e-05, "min": 6.62507321138e-13, "var": 5.95157280259e-06}, "spectral_energyband_low": {"dmean": 0.00877883564681, "dmean2": 0.0146605381742, "dvar": 0.000413570873206, "dvar2": 0.0010882987408, "max": 0.214341267943, "mean": 0.014429371804, "median": 0.00430586421862, "min": 1.31771653525e-14, "var": 0.000498386856634}, "spectral_energyband_middle_high": {"dmean": 0.000988054089248, "dmean2": 0.00167392916046, "dvar": 1.11767512863e-05, "dvar2": 3.00543852063e-05, "max": 0.0469827018678, "mean": 0.00162470131181, "median": 0.000456432171632, "min": 2.17940249181e-13, "var": 1.16910177894e-05}, "spectral_energyband_middle_low": {"dmean": 0.00684018619359, "dmean2": 0.0111580220982, "dvar": 0.00013658219541, "dvar2": 0.000377224059775, "max": 0.126194134355, "mean": 0.0236720219254, "median": 0.0198592692614, "min": 3.64436298251e-14, "var": 0.000527432828676}, "spectral_entropy": {"dmean": 0.660516440868, "dmean2": 0.936954021454, "dvar": 0.687936544418, "dvar2": 1.22057783604, "max": 8.79620265961, "mean": 5.36912584305, "median": 5.56905698776, "min": 2.17406368256, "var": 2.98599696159}, "spectral_flux": {"dmean": 0.0350461527705, "dmean2": 0.0530805438757, "dvar": 0.00204652082175, "dvar2": 0.00373985548504, "max": 0.402775228024, "mean": 0.0664823353291, "median": 0.0420551151037, "min": 8.35895407363e-05, "var": 0.0045541189611}, "spectral_kurtosis": {"dmean": 37.3929862976, "dmean2": 65.4477996826, "dvar": 5736.734375, "dvar2": 18735.7285156, "max": 916.953552246, "mean": 55.308971405, "median": 16.6151161194, "min": -1.52046716213, "var": 7668.31005859}, "spectral_rms": {"dmean": 0.000979996402748, "dmean2": 0.00152514374349, "dvar": 1.82900225809e-06, "dvar2": 4.51137930213e-06, "max": 0.015047990717, "mean": 0.0052376948297, "median": 0.00566860381514, "min": 3.03202405405e-08, "var": 7.31137788534e-06}, "spectral_rolloff": {"dmean": 475.719085693, "dmean2": 880.417297363, "dvar": 2392323.75, "dvar2": 5536049.5, "max": 15783.8378906, "mean": 1140.85412598, "median": 236.865234375, "min": 43.06640625, "var": 4941097.5}, "spectral_skewness": {"dmean": 1.72612810135, "dmean2": 2.7306137085, "dvar": 5.45553731918, "dvar2": 13.9602193832, "max": 26.7615203857, "mean": 5.00279188156, "median": 3.43256044388, "min": -0.336994975805, "var": 18.0198383331}, "spectral_spread": {"dmean": 1912012.25, "dmean2": 2758621, "dvar": 6487090921470.0, "dvar2": 10653418913800.0, "max": 17613058, "mean": 4614915, "median": 3238657, "min": 180168.3125, "var": 14921020473300.0}, "spectral_strongpeak": {"dmean": 0.304424881935, "dmean2": 0.497797697783, "dvar": 0.338845431805, "dvar2": 0.754889369011, "max": 10.6923770905, "mean": 1.30159437656, "median": 1.0825843811, "min": 0, "var": 1.02675056458}, "zerocrossingrate": {"dmean": 0.0126252574846, "dmean2": 0.0152280908078, "dvar": 0.000494028092362, "dvar2": 0.00060193578247, "max": 0.60498046875, "mean": 0.0430963374674, "median": 0.01806640625, "min": 0.00390625, "var": 0.00338841159828}, "barkbands": {"dmean": [0.000193893603864, 0.00422242889181, 0.00378699111752, 0.00375673477538, 0.00350393145345, 0.00041531395982, 0.00013731897343, 0.000116746989079, 0.000172150830622, 0.000150175808812, 0.000176507761353, 0.000422526238253, 0.000115203896712, 6.82509780745e-05, 5.11570833623e-05, 5.67087008676e-05, 5.19703935424e-05, 5.3132600442e-05, 1.89367037819e-05, 1.06412553578e-05, 3.58011420758e-05, 0.000110490691441, 0.000344188825693, 0.00014630399528, 0.000222459901124, 8.6580594143e-06, 7.31880277272e-07], "dmean2": [0.000308781571221, 0.00733388122171, 0.00654121721163, 0.00621933490038, 0.00555899599567, 0.00072845100658, 0.000225965792197, 0.000163296237588, 0.000287227507215, 0.000274663761957, 0.000262095796643, 0.000706547987647, 0.000212697428651, 0.000112750894914, 9.01741877897e-05, 0.000100332414149, 8.99515944184e-05, 9.25359854591e-05, 3.22678861266e-05, 1.87917412404e-05, 5.89503761148e-05, 0.000187768644537, 0.000582252861932, 0.000241161018494, 0.000382474710932, 1.47633463712e-05, 1.18915295388e-06], "dvar": [1.64706051464e-07, 0.000135947935632, 9.39446981647e-05, 5.89233131905e-05, 4.88552723255e-05, 1.89560694253e-06, 1.71633459445e-07, 2.29872426871e-07, 3.80272268785e-07, 2.37710423789e-07, 1.19809953958e-06, 4.02774685426e-06, 2.1880254053e-07, 3.38990737703e-08, 2.68909889911e-08, 5.1429061898e-08, 3.23384661272e-08, 7.36555492153e-08, 7.21953563598e-09, 1.38594791199e-09, 3.33632783622e-08, 3.20561980516e-07, 1.82245889846e-06, 1.08090837614e-07, 2.97786556303e-07, 4.70130989694e-10, 4.21899104194e-12], "dvar2": [3.92437954133e-07, 0.00037062264164, 0.00025784902391, 0.000171208856045, 0.000123981604702, 4.13506359109e-06, 3.33174995149e-07, 3.83252597658e-07, 8.66567177127e-07, 6.72294049764e-07, 2.01395209842e-06, 1.08260192064e-05, 6.3749871515e-07, 7.75514479301e-08, 7.02393379015e-08, 1.32251628315e-07, 8.47818029115e-08, 1.92964435541e-07, 1.73682757065e-08, 3.63884566923e-09, 7.65417169646e-08, 7.99014458153e-07, 4.39933455709e-06, 2.61271623003e-07, 7.76908791522e-07, 1.24863108741e-09, 9.47617765507e-12], "max": [0.00630054622889, 0.108993530273, 0.142271220684, 0.0837433934212, 0.105770021677, 0.0383962132037, 0.0171234309673, 0.0181125570089, 0.017490690574, 0.00595479272306, 0.0424517020583, 0.0298924874514, 0.00755833089352, 0.0029382656794, 0.00204301159829, 0.0028400728479, 0.00225279689766, 0.00358850858174, 0.00093720149016, 0.000450715306215, 0.0024478319101, 0.00789539515972, 0.0165909770876, 0.00259116780944, 0.00468695256859, 0.000293446617434, 3.3749252907e-05], "mean": [0.000365224521374, 0.00366201507859, 0.00564803928137, 0.00986562855542, 0.0122874593362, 0.000822530186269, 0.000177497669938, 0.000280187145108, 0.000197052606381, 0.000129893509438, 0.000205048825592, 0.000828303862363, 0.000125162419863, 0.000147267259308, 6.63312530378e-05, 4.18928866566e-05, 4.7677240218e-05, 3.78171571356e-05, 1.52902339323e-05, 9.52220852923e-06, 2.95067620755e-05, 8.32422228996e-05, 0.000258162384853, 0.000118971664051, 0.000154774475959, 7.21984315533e-06, 1.74188221536e-06], "median": [1.09263664854e-05, 0.000386814732337, 0.000748028804082, 0.00375534780324, 0.00275600515306, 1.38386440085e-05, 5.56990335099e-06, 2.29474462685e-05, 1.07084515548e-05, 9.82863821264e-06, 4.82660834678e-06, 2.5158864446e-05, 4.40309213445e-06, 5.88065176998e-06, 2.2208455448e-06, 1.35012419378e-06, 1.96088421944e-06, 7.59515671689e-07, 7.80415803092e-07, 6.26759515399e-07, 7.6839569374e-07, 1.39018789014e-06, 1.82987764674e-06, 1.58634929903e-06, 1.34602055368e-06, 3.25487917507e-07, 9.4768637382e-09], "min": [1.70801313902e-14, 4.9397652818e-15, 4.7567909186e-16, 3.34062144631e-16, 3.00633528793e-15, 2.78073568573e-15, 1.70747849182e-14, 3.96667985595e-15, 5.38372955429e-15, 1.42940519853e-14, 1.205046669e-14, 7.15032179787e-15, 1.56089266404e-14, 1.47843841119e-14, 1.65639630647e-14, 3.53000065973e-14, 2.44063158626e-14, 2.67093120489e-14, 2.64121390096e-14, 6.01574725364e-14, 3.97453947466e-14, 6.84344006702e-14, 7.38217402789e-14, 8.26862382275e-14, 9.22828843506e-14, 1.28922114412e-13, 1.47192059431e-13], "var": [5.37383755272e-07, 9.8071708635e-05, 0.000117253919598, 0.000190423786989, 0.000292129698209, 1.37084916787e-05, 5.72987005398e-07, 1.27145494844e-06, 6.90379181378e-07, 1.85374389616e-07, 2.25912890528e-06, 4.70009081255e-06, 1.72389277964e-07, 1.19165704859e-07, 5.43931300001e-08, 3.79601203804e-08, 3.07645251496e-08, 5.19185796577e-08, 5.89104098836e-09, 1.06911468567e-09, 2.9076900887e-08, 2.45625813022e-07, 1.47660966832e-06, 9.87024435517e-08, 2.19288963876e-07, 3.44715672673e-10, 1.36437727435e-11]}, "erbbands": {"dmean": [0.0668303146958, 1.15259003639, 4.00992822647, 8.69017028809, 15.2692089081, 9.59780693054, 4.95560407639, 2.84813189507, 1.92824077606, 1.94788646698, 3.13342881203, 4.36515522003, 4.61835813522, 4.99493360519, 8.26384830475, 19.2635784149, 6.16393232346, 3.97500920296, 2.70199465752, 2.57889485359, 3.68869996071, 2.61994314194, 2.60382127762, 2.19208049774, 0.458049684763, 0.520526111126, 1.62403512001, 1.14559459686, 2.82670807838, 9.37325286865, 8.90200996399, 3.03663849831, 3.22349143028, 2.88375306129, 1.39920389652, 0.121439702809, 0.00922231376171, 0.00113784603309, 0.000166707221069, 2.18784498429e-05], "dmean2": [0.113557800651, 2.00382781029, 6.86685609818, 14.4656448364, 24.8538284302, 14.7522306442, 7.90814113617, 5.20838260651, 3.30379843712, 3.05405759811, 4.27250385284, 7.27016019821, 8.29821014404, 8.52509403229, 12.9829750061, 31.5723781586, 11.117805481, 6.55419635773, 4.82865905762, 4.52545404434, 6.51068782806, 4.50619697571, 4.54097032547, 3.75687599182, 0.788283407688, 0.910075366497, 2.71207022667, 1.94214212894, 4.84680938721, 15.8930425644, 14.9893064499, 5.01628494263, 5.46228218079, 4.94625806808, 2.41861057281, 0.205016329885, 0.0159300994128, 0.00193775817752, 0.000268729461823, 3.56297350663e-05], "dvar": [0.0274604149163, 10.204908371, 103.498962402, 347.711914062, 898.93951416, 501.485870361, 301.584533691, 60.5131568909, 29.0054073334, 54.2875747681, 168.651443481, 243.665374756, 276.284179688, 265.279449463, 2245.23144531, 7333.57519531, 600.393981934, 127.531028748, 73.1850280762, 72.8707122803, 213.200286865, 95.4721298218, 169.390945435, 116.145446777, 3.18581843376, 3.15033769608, 72.268737793, 32.5778961182, 195.338897705, 2216.39233398, 981.371459961, 63.5416679382, 53.7510719299, 49.6142425537, 12.2849502563, 0.0842595919967, 0.000828347750939, 1.57847480295e-05, 1.68801463474e-07, 9.74197056358e-10], "dvar2": [0.074887663126, 27.7293376923, 279.583068848, 999.775024414, 2367.3815918, 1063.40710449, 574.535339355, 164.529129028, 68.5135955811, 86.4838790894, 276.715606689, 553.895751953, 772.97064209, 610.779052734, 4863.59765625, 18670.7910156, 1741.95861816, 300.299957275, 193.352462769, 189.823852539, 562.577758789, 230.86038208, 444.159790039, 289.088653564, 8.04513454437, 8.00241374969, 179.859664917, 78.6727600098, 495.256561279, 5369.81347656, 2368.58813477, 146.42868042, 136.066772461, 130.518264771, 31.9280700684, 0.214064761996, 0.00231096358038, 4.42236669187e-05, 3.83467892107e-07, 2.51442044963e-09], "max": [1.94133770466, 27.7946586609, 137.270507812, 245.509979248, 387.07131958, 451.456115723, 659.888671875, 93.7850646973, 138.634597778, 430.363311768, 486.303436279, 466.857391357, 245.436203003, 433.20199585, 1458.76037598, 1542.11499023, 386.458526611, 158.800323486, 125.804107666, 131.262405396, 188.245132446, 112.644668579, 167.948074341, 133.018218994, 20.112827301, 20.1573753357, 128.075149536, 66.6630325317, 186.610275269, 599.435852051, 395.934417725, 82.7432403564, 62.5630073547, 63.1311454773, 27.6900291443, 2.32374811172, 0.531333625317, 0.0724751353264, 0.00674439501017, 0.000327306595864], "mean": [0.0689690038562, 0.999003052711, 5.50875663757, 22.0308761597, 45.8889427185, 36.3831253052, 16.8519191742, 3.45602822304, 2.27819943428, 3.02854919434, 7.81056833267, 5.47363853455, 3.78838992119, 5.21587753296, 10.5877771378, 41.156211853, 8.05927276611, 8.99962329865, 3.74365139008, 2.86910247803, 2.9450109005, 2.25829410553, 1.88334536552, 1.63720023632, 0.400493770838, 0.485721856356, 1.23612713814, 0.931530714035, 2.16181540489, 7.02842283249, 6.73601388931, 2.35944533348, 2.58287715912, 2.02707695961, 0.957732617855, 0.0891160443425, 0.00917579978704, 0.00178200495429, 0.00038048409624, 5.38936474186e-05], "median": [0.00835479982197, 0.113411217928, 1.14209222794, 9.22757720947, 19.650062561, 5.13996648788, 0.96668189764, 0.224395141006, 0.140004456043, 0.184362411499, 0.726029038429, 0.350691795349, 0.370784640312, 0.476787686348, 0.94914406538, 1.3360054493, 1.18698596954, 0.489489108324, 0.22838152945, 0.132645428181, 0.124703660607, 0.0998861789703, 0.0614018402994, 0.0423109903932, 0.0287376344204, 0.0321361422539, 0.0389616042376, 0.0338063389063, 0.0434659719467, 0.0550935640931, 0.049130924046, 0.0319943577051, 0.0269331540912, 0.0154301505536, 0.00820355210453, 0.00220834207721, 0.000498295587022, 6.0726677475e-05, 3.39215184795e-05, 4.59877010144e-05], "min": [3.3231945841e-13, 5.35756226709e-13, 8.24164141881e-13, 8.44345047438e-13, 2.60226432416e-12, 1.30314786739e-11, 1.16831622501e-11, 3.05650053878e-11, 1.85671700237e-10, 2.44562536889e-10, 6.74365979725e-11, 1.51688397954e-10, 3.46670053775e-10, 5.04729480433e-10, 4.00022459601e-10, 3.08637171376e-10, 6.72035205262e-10, 6.2754540453e-10, 1.05441999576e-09, 1.08377495867e-09, 1.88036941573e-09, 1.48600953764e-09, 1.18521126247e-09, 1.38144728989e-09, 1.72663350284e-09, 2.98374769336e-09, 2.18649631734e-09, 1.78071701828e-09, 1.97380733979e-09, 1.97769445265e-09, 2.43529418853e-09, 1.15615717e-09, 1.78156145392e-09, 8.67539096117e-10, 8.29664559276e-10, 4.93534046964e-10, 2.17591222818e-10, 8.95192878159e-11, 2.2646155784e-11, 2.00093869425e-12], "var": [0.0239620078355, 7.34433889389, 115.321777344, 878.50592041, 3496.99633789, 4896.5234375, 3706.1081543, 101.923278809, 52.7211494446, 264.942749023, 940.955749512, 473.878204346, 205.121063232, 359.3331604, 3113.38964844, 10660.3935547, 459.681060791, 414.883209229, 139.239868164, 123.334892273, 157.478347778, 84.009979248, 119.10383606, 89.42212677, 2.45925593376, 2.63328051567, 55.8796615601, 26.3260345459, 145.567886353, 1772.34399414, 804.044494629, 57.8615646362, 45.5356178284, 36.5687179565, 8.95554065704, 0.0642838478088, 0.000625542714261, 1.59311293828e-05, 5.32132389708e-07, 2.01252059462e-09]}, "gfcc": {"mean": [-172.128982544, 108.914810181, -67.0568084717, 5.22953748703, -39.4245834351, 32.6679534912, -37.5093727112, -15.8282089233, -29.1117019653, -21.1200256348, -13.1210956573, -13.8075428009, -12.6831140518], "cov": [[20472.3203125, -1853.66699219, 2811.69140625, 4585.91943359, -1954.78759766, 560.353881836, -1905.2869873, 1585.65539551, 450.121063232, 516.413024902, -1374.24914551, -4.48580026627, -371.784301758], [-1853.66699219, 5294.90087891, 2466.07910156, 352.773223877, 1337.81518555, -553.322998047, -65.5902633667, -690.998535156, -29.6946849823, -554.83203125, -161.133132935, -811.647277832, 110.839324951], [2811.69140625, 2466.07910156, 4230.41210938, 2400.73168945, 31.2782554626, -239.900741577, -917.953308105, -10.9473762512, 211.990097046, -466.597320557, -698.694091797, -661.046691895, 44.740196228], [4585.91943359, 352.773223877, 2400.73168945, 2641.45068359, -392.996032715, 65.7229919434, -841.807922363, 339.032165527, 287.05557251, -212.021743774, -637.953796387, -342.266052246, -17.7174396515], [-1954.78759766, 1337.81518555, 31.2782554626, -392.996032715, 1160.57727051, 49.005657196, 405.471191406, -342.159637451, -109.336845398, -74.48487854, 122.596244812, -121.993431091, -8.44510364532], [560.353881836, -553.322998047, -239.900741577, 65.7229919434, 49.005657196, 836.91784668, 97.7228317261, 227.654159546, -38.5753517151, 93.9206008911, 135.206192017, 76.8244476318, -73.7778625488], [-1905.2869873, -65.5902633667, -917.953308105, -841.807922363, 405.471191406, 97.7228317261, 757.54095459, 81.5195083618, -11.5277786255, 98.5720596313, 231.605682373, 96.8001708984, -105.872268677], [1585.65539551, -690.998535156, -10.9473762512, 339.032165527, -342.159637451, 227.654159546, 81.5195083618, 552.335998535, 208.193130493, 123.453582764, -90.5337371826, 74.6541519165, -110.141555786], [450.121063232, -29.6946849823, 211.990097046, 287.05557251, -109.336845398, -38.5753517151, -11.5277786255, 208.193130493, 287.975341797, 90.7553253174, -96.9554824829, -80.9147109985, -60.5673141479], [516.413024902, -554.83203125, -466.597320557, -212.021743774, -74.48487854, 93.9206008911, 98.5720596313, 123.453582764, 90.7553253174, 362.641357422, 121.775688171, 108.383049011, -106.616081238], [-1374.24914551, -161.133132935, -698.694091797, -637.953796387, 122.596244812, 135.206192017, 231.605682373, -90.5337371826, -96.9554824829, 121.775688171, 373.572906494, 215.196853638, 18.5700321198], [-4.48580026627, -811.647277832, -661.046691895, -342.266052246, -121.993431091, 76.8244476318, 96.8001708984, 74.6541519165, -80.9147109985, 108.383049011, 215.196853638, 439.695983887, 95.4078903198], [-371.784301758, 110.839324951, 44.740196228, -17.7174396515, -8.44510364532, -73.7778625488, -105.872268677, -110.141555786, -60.5673141479, -106.616081238, 18.5700321198, 95.4078903198, 195.189331055]], "icov": [[0.000224649673328, -0.000199197718757, 0.000147388607729, -0.000280675187241, 0.000127127554151, -0.000107094812847, 0.000363874307368, -0.00041266833432, 0.000572727352846, -0.00063876376953, 0.000877749058418, -0.000580673397053, 0.000440417672507], [-0.000199197718757, 0.000947935681324, -0.000559256528504, 0.000455287576187, -0.000867466966156, 0.000561815861147, -0.000124480371596, -4.04703459935e-05, -0.00048860302195, 0.000928336521611, -0.00183148030192, 0.0017490403261, -0.000988944782875], [0.000147388607729, -0.000559256528504, 0.00103725027293, -0.000782765622716, 0.000201178438147, -0.000114235393994, 0.000542143476196, -0.000295805133646, 0.000389698223444, -0.000273736164672, 0.000923173385672, -0.00049711758038, 0.000508743687533], [-0.000280675187241, 0.000455287576187, -0.000782765622716, 0.00187483150512, -0.000542835798115, -9.69758111751e-05, 0.000602339103352, -0.000138056508149, -0.00126760010608, 0.00115612638183, -0.000313064781949, 0.00056988641154, -0.000265492621111], [0.000127127554151, -0.000867466966156, 0.000201178438147, -0.000542835798115, 0.00285119353794, -0.00112908391748, -0.00191477057524, 0.00227709929459, -6.06036883255e-05, -0.000913260213565, 0.00189835927449, -0.0015513303224, 0.00064231059514], [-0.000107094812847, 0.000561815861147, -0.000114235393994, -9.69758111751e-05, -0.00112908391748, 0.00239455071278, 0.00052489025984, -0.00202874001116, 0.00114013510756, 0.000408476684242, -0.00271914992481, 0.00185154937208, -0.000578899343964], [0.000363874307368, -0.000124480371596, 0.000542143476196, 0.000602339103352, -0.00191477057524, 0.00052489025984, 0.00527939153835, -0.00359980459325, 0.00081791105913, 0.000231613172218, -8.28404517961e-05, -0.000472882937174, 0.00226135202684], [-0.00041266833432, -4.04703459935e-05, -0.000295805133646, -0.000138056508149, 0.00227709929459, -0.00202874001116, -0.00359980459325, 0.0082659330219, -0.00465396651998, 0.00100638403092, 0.00175409915391, -0.00254863966256, 0.00152012950275], [0.000572727352846, -0.00048860302195, 0.000389698223444, -0.00126760010608, -6.06036883255e-05, 0.00114013510756, 0.00081791105913, -0.00465396651998, 0.00896963849664, -0.00405354658142, 0.00141916505527, 0.00121515558567, -0.000750031322241], [-0.00063876376953, 0.000928336521611, -0.000273736164672, 0.00115612638183, -0.000913260213565, 0.000408476684242, 0.000231613172218, 0.00100638403092, -0.00405354658142, 0.00762767158449, -0.00423535797745, 0.000608209054917, 0.00224645948038], [0.000877749058418, -0.00183148030192, 0.000923173385672, -0.000313064781949, 0.00189835927449, -0.00271914992481, -8.28404517961e-05, 0.00175409915391, 0.00141916505527, -0.00423535797745, 0.0128458589315, -0.00710548367351, 0.0028490293771], [-0.000580673397053, 0.0017490403261, -0.00049711758038, 0.00056988641154, -0.0015513303224, 0.00185154937208, -0.000472882937174, -0.00254863966256, 0.00121515558567, 0.000608209054917, -0.00710548367351, 0.00992997642606, -0.00646392535418], [0.000440417672507, -0.000988944782875, 0.000508743687533, -0.000265492621111, 0.00064231059514, -0.000578899343964, 0.00226135202684, 0.00152012950275, -0.000750031322241, 0.00224645948038, 0.0028490293771, -0.00646392535418, 0.0121591268107]]}, "melbands": {"dmean": [0.00089377554832, 0.00194990064483, 0.00166585366242, 0.000915140437428, 0.000196858381969, 6.50388828944e-05, 2.94869660138e-05, 2.07612956729e-05, 2.55801969615e-05, 2.70310429187e-05, 2.2984608222e-05, 1.97412809939e-05, 2.70550026471e-05, 4.70150953333e-05, 3.10236027872e-05, 9.0610492407e-06, 7.36571428206e-06, 4.29845795225e-06, 3.28545388584e-06, 3.36596599482e-06, 4.88421119371e-06, 2.99684984384e-06, 1.70366911334e-06, 2.97485030387e-06, 1.73812588855e-06, 4.26024143962e-07, 1.67222083292e-07, 3.84630340022e-07, 8.85967892827e-07, 1.04179218852e-06, 5.02756279275e-07, 9.8473003618e-07, 3.17840658681e-06, 6.38735900793e-06, 5.83187193115e-06, 3.39269035976e-06, 1.0680722653e-06, 2.01221996576e-06, 2.26498923439e-06, 2.65372773356e-06], "dmean2": [0.00153453426901, 0.00333647755906, 0.00274585164152, 0.00145979668014, 0.000305001070956, 0.000118683296023, 4.99410707562e-05, 3.23102794937e-05, 3.49114343408e-05, 4.58557151433e-05, 4.15458343923e-05, 3.44009276887e-05, 4.04128295486e-05, 7.88465840742e-05, 5.29942117282e-05, 1.61666048371e-05, 1.19640808407e-05, 7.71100349084e-06, 5.84112922297e-06, 5.92544029132e-06, 8.65181300469e-06, 5.19456079928e-06, 2.88146634375e-06, 5.25950099473e-06, 2.9679454201e-06, 7.37667789963e-07, 2.93003267871e-07, 6.78295805301e-07, 1.50681273681e-06, 1.71775059243e-06, 8.66749132911e-07, 1.70879172856e-06, 5.37405276191e-06, 1.09063403215e-05, 9.82796973403e-06, 5.70354586671e-06, 1.7394055476e-06, 3.37532651429e-06, 3.86493775295e-06, 4.60565615867e-06], "dvar": [5.6891017266e-06, 2.5059649488e-05, 9.81252924248e-06, 3.24453776557e-06, 3.39503486657e-07, 3.35578569377e-08, 6.513541706e-09, 5.10479125637e-09, 1.02106527677e-08, 8.71238370337e-09, 6.9752275067e-09, 3.86455578649e-09, 3.01377518497e-08, 5.20925844683e-08, 1.70448490877e-08, 1.06085606966e-09, 4.3481937495e-10, 1.82917042624e-10, 1.07969452823e-10, 1.23452845169e-10, 3.90447868481e-10, 1.08880612859e-10, 6.06960245952e-11, 2.35880648347e-10, 7.28347174239e-11, 3.19111100391e-12, 2.24121136688e-13, 1.76678246686e-12, 2.04835280682e-11, 2.93206257884e-11, 6.15165947696e-12, 2.13906670155e-11, 2.66794614179e-10, 1.05980513254e-09, 4.84429940606e-10, 8.65963412089e-11, 7.10292111586e-12, 2.02744366434e-11, 2.86919654702e-11, 4.3846631187e-11], "dvar2": [1.54361860041e-05, 6.72588794259e-05, 2.78802544926e-05, 8.39206768433e-06, 6.67407789479e-07, 8.75226007224e-08, 1.49184451459e-08, 8.63244586924e-09, 1.68931961753e-08, 2.06139709746e-08, 1.95111820034e-08, 9.65958424359e-09, 5.31594253061e-08, 1.42414961601e-07, 4.60121967194e-08, 3.01970826122e-09, 9.60238999426e-10, 4.88595830461e-10, 2.92067092733e-10, 3.18819581846e-10, 1.05849495835e-09, 2.7361546362e-10, 1.4497553158e-10, 6.28930019175e-10, 1.78043649268e-10, 8.22068368239e-12, 5.72723183982e-13, 4.64628162333e-12, 5.23212445591e-11, 6.77774850133e-11, 1.57425409514e-11, 5.55804673119e-11, 6.52748743946e-10, 2.59972288141e-09, 1.18752940814e-09, 2.03782851704e-10, 1.59249870235e-11, 5.00133996717e-11, 7.46433262422e-11, 1.16457940513e-10], "max": [0.0241956114769, 0.0570027530193, 0.0354079380631, 0.0293124616146, 0.0199792720377, 0.00286153052002, 0.00210014148615, 0.00388458603993, 0.00354263558984, 0.00250236690044, 0.00120491057169, 0.00131529872306, 0.00649723829702, 0.00338384020142, 0.00193206954282, 0.000464350741822, 0.000365238083759, 0.000188991427422, 0.000158790076966, 0.000134071946377, 0.000256948493188, 0.000112146764877, 8.95250195754e-05, 0.0001967644057, 0.000103643833427, 2.04904445127e-05, 5.28745067641e-06, 1.56577389134e-05, 6.6136548412e-05, 7.2048351285e-05, 2.83299141302e-05, 6.08168447798e-05, 0.000224623610848, 0.000405758881243, 0.000291679927614, 9.98767791316e-05, 2.70875261776e-05, 3.71895293938e-05, 4.8139012506e-05, 6.09293238085e-05], "mean": [0.000842438894324, 0.00236530858092, 0.00461649429053, 0.00306097348221, 0.000767043617088, 8.81345695234e-05, 3.51264206984e-05, 3.4510572732e-05, 6.24134845566e-05, 2.99917664961e-05, 1.82500880328e-05, 1.98260968318e-05, 3.13130185532e-05, 9.3081886007e-05, 5.32535377715e-05, 1.1906432519e-05, 1.7313645003e-05, 5.64563924854e-06, 3.78516756427e-06, 3.2023726817e-06, 3.81530435334e-06, 2.65591916104e-06, 1.3683055613e-06, 2.07652874451e-06, 1.3094836504e-06, 3.55378887207e-07, 1.54964865828e-07, 3.59083713874e-07, 6.69344672133e-07, 8.19813749331e-07, 4.0984360794e-07, 7.91460479377e-07, 2.38396773966e-06, 4.69877932119e-06, 4.43438102593e-06, 2.51049618782e-06, 8.64687933699e-07, 1.68278882029e-06, 1.70022281054e-06, 1.81068946858e-06], "median": [0.000107478888822, 0.000383670267183, 0.00296062743291, 0.00102162687108, 2.38198899751e-05, 2.24504447033e-06, 1.26305576487e-06, 2.3252785013e-06, 5.59608042749e-06, 1.68074143403e-06, 1.42670182868e-06, 1.68903011399e-06, 7.72058911025e-07, 2.95456948152e-06, 2.38839288613e-06, 5.22056780028e-07, 6.19209231445e-07, 2.27570865263e-07, 1.36335870593e-07, 8.90041604862e-08, 1.27252860693e-07, 1.04589361172e-07, 4.39292264787e-08, 3.98792749934e-08, 1.73237602041e-08, 2.23242118125e-08, 1.16377236736e-08, 2.10450057381e-08, 2.37530386471e-08, 1.10297904143e-08, 1.44724836559e-08, 2.01713739045e-08, 2.85828747337e-08, 2.2231528618e-08, 2.98836866364e-08, 1.81954149525e-08, 1.22806351754e-08, 1.86639041999e-08, 1.33397985991e-08, 1.00510479939e-08], "min": [3.0087652137e-15, 5.07347112659e-16, 1.40506606149e-16, 5.72809259894e-16, 4.66078502798e-16, 7.56701330353e-16, 3.05439021989e-15, 2.31242450996e-15, 5.21758001828e-16, 8.82327486677e-16, 1.76189957518e-15, 2.07017605166e-15, 1.52258470961e-15, 9.38112600128e-16, 1.18730101112e-15, 1.39739747517e-15, 1.08690092533e-15, 1.72429935913e-15, 1.28297761768e-15, 2.05878938775e-15, 2.03341736285e-15, 1.48447140336e-15, 1.28992275845e-15, 1.11782673351e-15, 1.10508746387e-15, 9.18636771571e-16, 1.49998280008e-15, 2.12752589966e-15, 1.52937060819e-15, 1.06723123211e-15, 1.08214642352e-15, 1.01979346954e-15, 1.4628584048e-15, 9.31111237544e-16, 1.46232615047e-15, 1.04682483198e-15, 5.55531799473e-16, 1.13161208885e-15, 1.23961175424e-15, 5.83929055486e-16], "var": [4.38285997006e-06, 2.39712280745e-05, 2.77073195321e-05, 1.67366197275e-05, 4.64684580948e-06, 9.39576594305e-08, 1.33811788317e-08, 2.36561863431e-08, 5.44620135656e-08, 1.47442262843e-08, 5.14949638486e-09, 4.51149739789e-09, 5.36201092416e-08, 5.90660675925e-08, 1.76850978306e-08, 1.08278841449e-09, 1.75271852587e-09, 3.29102106678e-10, 1.5815979082e-10, 1.46875581142e-10, 2.82356277248e-10, 1.00636027289e-10, 5.01608823922e-11, 1.61021251888e-10, 5.76813874442e-11, 2.3563332275e-12, 1.82368172213e-13, 1.44748817967e-12, 1.51592887548e-11, 2.53042743009e-11, 4.62860695952e-12, 1.5591732766e-11, 2.10587200455e-10, 8.2976359117e-10, 3.88292731301e-10, 7.42996567049e-11, 6.91569327846e-12, 1.80613718426e-11, 2.26102001705e-11, 3.11484379956e-11]}, "mfcc": {"mean": [-834.392028809, 133.429214478, 45.7788581848, 1.67163729668, 21.0092906952, 23.3833866119, 9.61200618744, 7.98980998993, -7.66043758392, -7.59501647949, -5.82274913788, -3.24947166443, -7.48753738403], "cov": [[17510.0878906, -68.2205734253, 974.902160645, 330.803741455, 1044.85217285, -201.5519104, -825.688171387, 388.473327637, 571.420227051, 858.882019043, 73.7740020752, -666.549926758, -460.540344238], [-68.2205734253, 4278.03027344, 1026.26367188, 1000.13696289, 850.348022461, 379.951171875, 239.167205811, -179.41595459, 227.673629761, 434.952331543, 9.63233375549, -738.967651367, -875.094848633], [974.902160645, 1026.26367188, 2142.00390625, 718.370544434, 891.892333984, 224.778244019, -116.219345093, 39.2639503479, 156.558349609, 276.984069824, -71.4231796265, -610.927124023, -664.15411377], [330.803741455, 1000.13696289, 718.370544434, 987.475036621, 541.529418945, 173.04019165, -62.183631897, -0.642863154411, 189.400131226, 192.521316528, -82.740486145, -432.810668945, -476.301849365], [1044.85217285, 850.348022461, 891.892333984, 541.529418945, 856.747192383, 390.253143311, 80.755279541, 63.0277633667, 94.2497558594, 164.899093628, -24.0045814514, -382.073822021, -425.238647461], [-201.5519104, 379.951171875, 224.778244019, 173.04019165, 390.253143311, 401.050567627, 229.376403809, 52.5411872864, -2.89276409149, 46.2258033752, 61.2365951538, -51.763507843, -136.45223999], [-825.688171387, 239.167205811, -116.219345093, -62.183631897, 80.755279541, 229.376403809, 406.571838379, 116.827842712, -34.8202400208, -40.9790000916, 84.5574111938, 146.166564941, 92.4093322754], [388.473327637, -179.41595459, 39.2639503479, -0.642863154411, 63.0277633667, 52.5411872864, 116.827842712, 302.759460449, 141.012039185, 32.2920303345, 13.2315120697, 78.9152679443, 137.362960815], [571.420227051, 227.673629761, 156.558349609, 189.400131226, 94.2497558594, -2.89276409149, -34.8202400208, 141.012039185, 298.723114014, 235.864318848, 37.3868904114, -67.1671142578, -64.3640136719], [858.882019043, 434.952331543, 276.984069824, 192.521316528, 164.899093628, 46.2258033752, -40.9790000916, 32.2920303345, 235.864318848, 390.33984375, 185.428268433, -89.1392211914, -180.399703979], [73.7740020752, 9.63233375549, -71.4231796265, -82.740486145, -24.0045814514, 61.2365951538, 84.5574111938, 13.2315120697, 37.3868904114, 185.428268433, 279.450500488, 198.54359436, 69.0983352661], [-666.549926758, -738.967651367, -610.927124023, -432.810668945, -382.073822021, -51.763507843, 146.166564941, 78.9152679443, -67.1671142578, -89.1392211914, 198.54359436, 586.444824219, 536.06640625], [-460.540344238, -875.094848633, -664.15411377, -476.301849365, -425.238647461, -136.45223999, 92.4093322754, 137.362960815, -64.3640136719, -180.399703979, 69.0983352661, 536.06640625, 676.919433594]], "icov": [[9.70254623098e-05, 7.99502413429e-06, 8.03216680652e-05, 8.22186848382e-05, -0.000306234403979, 0.000196458364371, 0.000211508871871, -0.000250977929682, 0.000222892791498, -0.000352669885615, 9.53131457209e-05, 1.25297565319e-05, -1.01584610093e-05], [7.99502413429e-06, 0.000475877721328, -1.60590172982e-06, -0.000205434276722, -0.000181331153726, 0.000250845216215, -0.000785031239502, 0.000641473627184, -0.000259206513874, -0.000275459402474, -8.41094370116e-05, 0.000552950426936, -0.000139202616992], [8.03216680652e-05, -1.60590172982e-06, 0.00110638653859, -1.7570852151e-06, -0.00134180078749, 0.00082658912288, 0.000344601954566, -0.00069739157334, 0.000703914731275, -0.000747474259697, 0.000268281495664, -0.000137514449307, 0.000504281197209], [8.22186848382e-05, -0.000205434276722, -1.7570852151e-06, 0.00226303609088, -0.00106755190063, 0.000143216893775, 0.000546154391486, -1.59470855579e-05, -0.00123121927027, 0.000394342525396, 0.000189592377865, -0.0001487400732, 0.000754355161916], [-0.000306234403979, -0.000181331153726, -0.00134180078749, -0.00106755190063, 0.00659494521096, -0.00535826478153, 0.000391388894059, -0.000358178600436, 5.16885556863e-05, 0.000656550691929, -0.00070364412386, 0.0021854210645, -0.000907324429136], [0.000196458364371, 0.000250845216215, 0.00082658912288, 0.000143216893775, -0.00535826478153, 0.0095075275749, -0.00348601141013, -1.01570867628e-05, 0.000717073853593, -0.000584823428653, -4.83244621137e-05, -0.00200667558238, 0.00190452043898], [0.000211508871871, -0.000785031239502, 0.000344601954566, 0.000546154391486, 0.000391388894059, -0.00348601141013, 0.00720879482105, -0.00372594012879, 0.00151381548494, 0.000653971277643, -0.000760522612836, -0.00146519625559, 0.000722752825823], [-0.000250977929682, 0.000641473627184, -0.00069739157334, -1.59470855579e-05, -0.000358178600436, -1.01570867628e-05, -0.00372594012879, 0.00945305265486, -0.00731188990176, 0.00386109948158, -0.00208255159669, 0.00250643538311, -0.00311216898263], [0.000222892791498, -0.000259206513874, 0.000703914731275, -0.00123121927027, 5.16885556863e-05, 0.000717073853593, 0.00151381548494, -0.00731188990176, 0.0166602823883, -0.0143357310444, 0.00923211500049, -0.003754820209, 0.000889744667802], [-0.000352669885615, -0.000275459402474, -0.000747474259697, 0.000394342525396, 0.000656550691929, -0.000584823428653, 0.000653971277643, 0.00386109948158, -0.0143357310444, 0.0211653765291, -0.0164209287614, 0.00594129413366, -0.000381501478842], [9.53131457209e-05, -8.41094370116e-05, 0.000268281495664, 0.000189592377865, -0.00070364412386, -4.83244621137e-05, -0.000760522612836, -0.00208255159669, 0.00923211500049, -0.0164209287614, 0.02130818367, -0.0124165276065, 0.00458683585748], [1.25297565319e-05, 0.000552950426936, -0.000137514449307, -0.0001487400732, 0.0021854210645, -0.00200667558238, -0.00146519625559, 0.00250643538311, -0.003754820209, 0.00594129413366, -0.0124165276065, 0.0173467136919, -0.0100998748094], [-1.01584610093e-05, -0.000139202616992, 0.000504281197209, 0.000754355161916, -0.000907324429136, 0.00190452043898, 0.000722752825823, -0.00311216898263, 0.000889744667802, -0.000381501478842, 0.00458683585748, -0.0100998748094, 0.0101757859811]]}, "spectral_contrast_coeffs": {"dmean": [0.0523278601468, 0.0468961186707, 0.0447976179421, 0.0370159558952, 0.0307246111333, 0.026265706867], "dmean2": [0.081109970808, 0.0772269144654, 0.0705117508769, 0.059542696923, 0.0507148057222, 0.0417268909514], "dvar": [0.00240027997643, 0.0021387564484, 0.00217160559259, 0.00163090659771, 0.0010353293037, 0.000819111184683], "dvar2": [0.00523940334097, 0.00508346501738, 0.00447897752747, 0.00349129689857, 0.00232237624004, 0.00159554288257], "max": [-0.147633865476, -0.332754731178, -0.342896193266, -0.449699521065, -0.495127230883, -0.557829260826], "mean": [-0.52698636055, -0.74852758646, -0.725622415543, -0.765282154083, -0.811987876892, -0.843295991421], "median": [-0.499340593815, -0.770254433155, -0.752499222755, -0.786248683929, -0.832556247711, -0.855130076408], "min": [-0.980368077755, -0.97789400816, -0.96648901701, -0.949584245682, -0.957894682884, -0.965790808201], "var": [0.0340535864234, 0.0146490624174, 0.0202858615667, 0.010527533479, 0.00469612283632, 0.00551483454183]}, "spectral_contrast_valleys": {"dmean": [0.619160532951, 0.724530339241, 0.762261748314, 0.744650542736, 0.778189063072, 0.950182974339], "dmean2": [0.906467735767, 1.11244237423, 1.16872262955, 1.14305651188, 1.14008629322, 1.32141709328], "dvar": [0.380971252918, 0.636839807034, 0.780355393887, 0.790186703205, 0.810340046883, 1.00165593624], "dvar2": [0.788570821285, 1.25977993011, 1.61171722412, 1.60546255112, 1.61087071896, 1.81855845451], "max": [-5.01466703415, -5.18035