{"lowlevel": {"average_loudness": 0.898132503033, "barkbands_crest": {"dmean": 2.84375548363, "dmean2": 4.62838554382, "dvar": 6.25715017319, "dvar2": 16.1527633667, "max": 25.3017997742, "mean": 11.5826416016, "median": 11.0012264252, "min": 2.92888498306, "var": 17.2362785339}, "barkbands_flatness_db": {"dmean": 0.0267590433359, "dmean2": 0.040006428957, "dvar": 0.000655485433526, "dvar2": 0.00151440664195, "max": 0.386767208576, "mean": 0.157223567367, "median": 0.150081366301, "min": 0.0204923208803, "var": 0.00289489747956}, "barkbands_kurtosis": {"dmean": 4.67979097366, "dmean2": 7.38689851761, "dvar": 93.8084869385, "dvar2": 233.026763916, "max": 179.424255371, "mean": 7.77156734467, "median": 3.13011598587, "min": -1.83658456802, "var": 259.892974854}, "barkbands_skewness": {"dmean": 0.689747989178, "dmean2": 1.04360854626, "dvar": 0.60284537077, "dvar2": 1.38426566124, "max": 11.9998502731, "mean": 1.7323577404, "median": 1.55780279636, "min": -2.86510038376, "var": 3.47096657753}, "barkbands_spread": {"dmean": 5.12481355667, "dmean2": 7.93834638596, "dvar": 43.7291412354, "dvar2": 106.38949585, "max": 94.5344924927, "mean": 16.7500705719, "median": 15.4606761932, "min": 1.14538037777, "var": 95.0973587036}, "dissonance": {"dmean": 0.0250569172204, "dmean2": 0.0408651791513, "dvar": 0.000558458617888, "dvar2": 0.00138468202204, "max": 0.500000119209, "mean": 0.438455551863, "median": 0.450610280037, "min": 0.133754193783, "var": 0.00248371437192}, "dynamic_complexity": 4.04945516586, "erbbands_crest": {"dmean": 2.9350464344, "dmean2": 4.61086177826, "dvar": 7.93252944946, "dvar2": 18.7179775238, "max": 31.4672355652, "mean": 10.6692028046, "median": 9.22714233398, "min": 2.30293035507, "var": 28.3985061646}, "erbbands_flatness_db": {"dmean": 0.0254260580987, "dmean2": 0.0343316607177, "dvar": 0.000702250166796, "dvar2": 0.00131721852813, "max": 0.446925610304, "mean": 0.162275820971, "median": 0.156801626086, "min": 0.0307609811425, "var": 0.00395362591371}, "erbbands_kurtosis": {"dmean": 1.31144678593, "dmean2": 1.99648916721, "dvar": 3.39033222198, "dvar2": 7.07044363022, "max": 35.1089744568, "mean": 1.39887976646, "median": 0.415892839432, "min": -1.70863521099, "var": 10.1020679474}, "erbbands_skewness": {"dmean": 0.394787311554, "dmean2": 0.591653704643, "dvar": 0.125815749168, "dvar2": 0.273831427097, "max": 4.67829656601, "mean": 0.305062502623, "median": 0.338754832745, "min": -2.96722507477, "var": 0.837279498577}, "erbbands_spread": {"dmean": 9.64042186737, "dmean2": 13.8479604721, "dvar": 136.192047119, "dvar2": 275.716247559, "max": 133.788879395, "mean": 34.5769348145, "median": 29.0913009644, "min": 1.54808175564, "var": 494.386413574}, "hfc": {"dmean": 8.01361942291, "dmean2": 11.5020389557, "dvar": 124.124740601, "dvar2": 265.318634033, "max": 123.937774658, "mean": 19.544424057, "median": 12.1360988617, "min": 1.06848177038e-16, "var": 391.39932251}, "melbands_crest": {"dmean": 3.25126266479, "dmean2": 5.16484022141, "dvar": 8.99873924255, "dvar2": 22.4222602844, "max": 35.39818573, "mean": 14.6511421204, "median": 13.7226858139, "min": 1.55663430691, "var": 36.3760185242}, "melbands_flatness_db": {"dmean": 0.0301931258291, "dmean2": 0.0454059839249, "dvar": 0.000866368412971, "dvar2": 0.00194751948584, "max": 0.516691148281, "mean": 0.236491277814, "median": 0.227444797754, "min": 0.00376955489628, "var": 0.00514048850164}, "melbands_kurtosis": {"dmean": 11.4589939117, "dmean2": 18.025718689, "dvar": 686.971801758, "dvar2": 1695.51025391, "max": 602.656494141, "mean": 19.3943576813, "median": 6.71930789948, "min": -1.82400143147, "var": 1774.27954102}, "melbands_skewness": {"dmean": 0.926374077797, "dmean2": 1.37984025478, "dvar": 1.26517724991, "dvar2": 2.83059620857, "max": 19.7415237427, "mean": 2.64566969872, "median": 2.10883760452, "min": -2.43623447418, "var": 6.12280130386}, "melbands_spread": {"dmean": 5.38734006882, "dmean2": 8.33027839661, "dvar": 43.3492851257, "dvar2": 101.057022095, "max": 159.836730957, "mean": 19.6622867584, "median": 14.7325277328, "min": 0.658282697201, "var": 320.594268799}, "pitch_salience": {"dmean": 0.0779273808002, "dmean2": 0.123624131083, "dvar": 0.00558980181813, "dvar2": 0.0136715667322, "max": 0.888198137283, "mean": 0.470668762922, "median": 0.470482796431, "min": 0.0954137742519, "var": 0.016284307465}, "silence_rate_20dB": {"dmean": 0, "dmean2": 0, "dvar": 0, "dvar2": 0, "max": 1, "mean": 1, "median": 1, "min": 1, "var": 0}, "silence_rate_30dB": {"dmean": 0.0453896671534, "dmean2": 0.0907922908664, "dvar": 0.0433330908418, "dvar2": 0.119948334992, "max": 1, "mean": 0.97331237793, "median": 1, "min": 0, "var": 0.0259766094387}, "silence_rate_60dB": {"dmean": 0.026834141463, "dmean2": 0.0536759458482, "dvar": 0.0261115171015, "dvar2": 0.0584989003837, "max": 1, "mean": 0.110460966825, "median": 0, "min": 0, "var": 0.0982635617256}, "spectral_centroid": {"dmean": 203.457931519, "dmean2": 311.616943359, "dvar": 73194.6171875, "dvar2": 163691.53125, "max": 11615.0019531, "mean": 1113.89172363, "median": 930.410400391, "min": 215.407455444, "var": 1236357.625}, "spectral_complexity": {"dmean": 3.08164429665, "dmean2": 4.43083524704, "dvar": 15.209859848, "dvar2": 29.7795619965, "max": 53, "mean": 13.839589119, "median": 13, "min": 0, "var": 53.035572052}, "spectral_decrease": {"dmean": 3.91450116766e-09, "dmean2": 6.09631412019e-09, "dvar": 4.68583589505e-17, "dvar2": 1.11132893202e-16, "max": 2.26315791645e-20, "mean": -7.81959652585e-09, "median": -5.48340262085e-09, "min": -5.34832764743e-08, "var": 6.84255978802e-17}, "spectral_energy": {"dmean": 0.0153664229438, "dmean2": 0.0238210167736, "dvar": 0.000698238611221, "dvar2": 0.00164836784825, "max": 0.206240952015, "mean": 0.0312857404351, "median": 0.0223144367337, "min": 9.92210172561e-21, "var": 0.00105136318598}, "spectral_energyband_high": {"dmean": 0.000330679351464, "dmean2": 0.000462018448161, "dvar": 3.83816853855e-07, "dvar2": 8.50596450164e-07, "max": 0.00752208009362, "mean": 0.000449028651929, "median": 0.000170448009158, "min": 7.00287229178e-21, "var": 5.43125736385e-07}, "spectral_energyband_low": {"dmean": 0.0099864481017, "dmean2": 0.0162765868008, "dvar": 0.000544977548998, "dvar2": 0.00135093007702, "max": 0.189553290606, "mean": 0.013275728561, "median": 0.00335951824673, "min": 1.6434250886e-23, "var": 0.000612952222582}, "spectral_energyband_middle_high": {"dmean": 0.00302467215806, "dmean2": 0.00445060851052, "dvar": 2.86236863758e-05, "dvar2": 6.07888432569e-05, "max": 0.0985307767987, "mean": 0.00714012142271, "median": 0.00209611677565, "min": 1.09482624924e-21, "var": 0.000108467684186}, "spectral_energyband_middle_low": {"dmean": 0.00578732695431, "dmean2": 0.00915384385735, "dvar": 0.000141266224091, "dvar2": 0.000359337689588, "max": 0.12527307868, "mean": 0.0106495898217, "median": 0.00700164958835, "min": 1.48853445868e-22, "var": 0.000159751332831}, "spectral_entropy": {"dmean": 0.229379296303, "dmean2": 0.316875398159, "dvar": 0.0560551546514, "dvar2": 0.111654601991, "max": 9.82457351685, "mean": 7.30702018738, "median": 7.31729412079, "min": 4.96713018417, "var": 0.312437713146}, "spectral_flux": {"dmean": 0.0368424057961, "dmean2": 0.0585128329694, "dvar": 0.00274954340421, "dvar2": 0.00621274067089, "max": 0.418436378241, "mean": 0.082606613636, "median": 0.0641073733568, "min": 6.43231717889e-11, "var": 0.00457841297612}, "spectral_kurtosis": {"dmean": 2.27103352547, "dmean2": 3.5753531456, "dvar": 10.2496032715, "dvar2": 26.5304813385, "max": 89.1565551758, "mean": 7.34328079224, "median": 5.9038438797, "min": -1.29792118073, "var": 51.9569587708}, "spectral_rms": {"dmean": 0.00115757866297, "dmean2": 0.00170844816603, "dvar": 2.67927589448e-06, "dvar2": 5.78959406994e-06, "max": 0.0141848754138, "mean": 0.00482419552281, "median": 0.00466585252434, "min": 3.1112857516e-12, "var": 7.24981828171e-06}, "spectral_rolloff": {"dmean": 321.193908691, "dmean2": 547.787902832, "dvar": 627300.6875, "dvar2": 1540983.75, "max": 19552.1484375, "mean": 1241.45654297, "median": 753.662109375, "min": 43.06640625, "var": 4336265.5}, "spectral_skewness": {"dmean": 0.264727562666, "dmean2": 0.408056437969, "dvar": 0.0879534184933, "dvar2": 0.202988937497, "max": 7.54184532166, "mean": 2.01609301567, "median": 1.92902064323, "min": -0.0698257386684, "var": 0.505643069744}, "spectral_spread": {"dmean": 859834.375, "dmean2": 1176750, "dvar": 1745373102080.0, "dvar2": 4104552972290.0, "max": 48972448, "mean": 5160196, "median": 4440257.5, "min": 923367.4375, "var": 17226001285100.0}, "spectral_strongpeak": {"dmean": 0.930576324463, "dmean2": 1.57107758522, "dvar": 3.29061412811, "dvar2": 7.74891614914, "max": 15.7592182159, "mean": 1.58701121807, "median": 0.566865563393, "min": 0, "var": 6.36994314194}, "zerocrossingrate": {"dmean": 0.0101007865742, "dmean2": 0.0121185062453, "dvar": 0.000142168646562, "dvar2": 0.000197268978809, "max": 0.51953125, "mean": 0.0552448406816, "median": 0.048828125, "min": 0.0029296875, "var": 0.00290633249097}, "barkbands": {"dmean": [0.000121551704069, 0.00779836345464, 0.00251041073352, 0.00104113877751, 0.00359739572741, 0.00154812273104, 0.000320858613122, 0.00015161340707, 0.000592208758462, 0.000236353458604, 0.000541615998372, 0.000759794551414, 0.000462403375423, 0.00108029891271, 0.000513494247571, 0.000363277620636, 0.000144159188494, 0.000134144342155, 8.28305855975e-05, 7.64511351008e-05, 5.97595062573e-05, 5.64536712773e-05, 6.26029141131e-05, 2.81922475551e-05, 6.94714835845e-05, 4.26569022238e-05, 1.96030650841e-05], "dmean2": [0.000195391330635, 0.0130525333807, 0.00398303521797, 0.00172737147659, 0.00578513974324, 0.00241757533513, 0.000484893651446, 0.000228320030146, 0.000849555595778, 0.00035917252535, 0.000751984014641, 0.00113530794624, 0.000696174742188, 0.0016317574773, 0.000791710801423, 0.000565107271541, 0.000216342305066, 0.000205786855076, 0.000127018443891, 0.000123502104543, 8.60057189129e-05, 8.39116473799e-05, 9.42669212236e-05, 3.89595661545e-05, 0.000103714504803, 6.65477637085e-05, 3.06776819343e-05], "dvar": [1.12531566288e-07, 0.000358006218448, 3.42948151228e-05, 9.31734120968e-06, 6.98585354257e-05, 5.42832094652e-06, 3.7012125631e-07, 8.56578665775e-08, 8.85303791165e-07, 4.84355837216e-07, 4.29609235653e-06, 7.93356684881e-06, 2.47623461291e-06, 9.57973043114e-06, 1.89347883861e-06, 1.43262536767e-06, 1.6724649754e-07, 1.71052690234e-07, 7.41524388559e-08, 7.17174941656e-08, 1.34123361306e-08, 1.74378822493e-08, 2.07408987762e-08, 3.00379432439e-09, 1.78291230668e-08, 7.20438775303e-09, 1.85227710947e-09], "dvar2": [2.80719234524e-07, 0.000902738538571, 8.68534261826e-05, 2.2892601919e-05, 0.000182874660823, 1.27794764921e-05, 8.31379111332e-07, 1.63217123372e-07, 1.79544554157e-06, 9.85534938991e-07, 8.24667495181e-06, 1.72857762664e-05, 5.10421659783e-06, 2.13342300412e-05, 4.21870527134e-06, 2.96676398648e-06, 3.82289726986e-07, 4.27501134936e-07, 1.93237283952e-07, 1.93597401221e-07, 2.88877242127e-08, 4.19191543699e-08, 4.72754528857e-08, 5.97581095718e-09, 4.11116261034e-08, 1.75816481374e-08, 4.63794069816e-09], "max": [0.00341193960048, 0.163570284843, 0.0642389282584, 0.0380572639406, 0.0915528014302, 0.036318808794, 0.0152026927099, 0.0121668307111, 0.0262783132493, 0.0169168114662, 0.0891209170222, 0.0632714629173, 0.0550429224968, 0.0530812107027, 0.0264331735671, 0.0315840356052, 0.0111298104748, 0.00997152738273, 0.00744350114837, 0.00860265642405, 0.00187108188402, 0.00282277236693, 0.0025477244053, 0.000709683459718, 0.0013771133963, 0.000892071519047, 0.000407066632761], "mean": [0.000172747226316, 0.00968673452735, 0.00321051105857, 0.000855983351357, 0.00419857213274, 0.00308524840511, 0.00082232587738, 0.000360132195055, 0.00126600288786, 0.00039789089351, 0.000983083038591, 0.00132494932041, 0.000720417359844, 0.00161932781339, 0.000996817252599, 0.00051716825692, 0.000232429723837, 0.00018393357459, 0.000114115522592, 0.000123844438349, 9.04459884623e-05, 7.80958071118e-05, 7.33299384592e-05, 3.89724118577e-05, 7.23682460375e-05, 4.18113486376e-05, 1.85001717909e-05], "median": [9.04054013517e-06, 0.00198607519269, 0.000506422482431, 9.14953561733e-05, 0.00120722211432, 0.00187157036271, 0.000430300278822, 0.000171117266291, 0.000801929214504, 9.30649985094e-05, 0.000129758103867, 0.0001623602584, 0.000137248207466, 0.000156790905748, 0.000107899897557, 0.0001227795874, 5.95051897108e-05, 5.02728944412e-05, 3.40225087712e-05, 3.34245232807e-05, 3.91116518585e-05, 2.7863028663e-05, 1.76757093868e-05, 9.10137805477e-06, 1.38964232974e-05, 8.03953207651e-06, 3.63439380635e-06], "min": [3.06491468296e-25, 3.70135390553e-24, 4.82226086108e-25, 8.5659595381e-25, 8.43730283256e-24, 1.06238390907e-23, 8.6066270927e-24, 8.53399114713e-24, 2.31282042502e-23, 1.45380469955e-23, 1.33256719138e-23, 2.97270809427e-23, 3.22343333349e-23, 3.9006104672e-23, 5.22902004607e-23, 5.80676410256e-23, 5.32047111309e-23, 1.02645211525e-22, 1.29968835238e-22, 1.92156343362e-22, 2.50844212074e-22, 2.91491096942e-22, 4.54264681369e-22, 5.70554441318e-22, 7.49662671898e-22, 1.23646012846e-21, 1.96027588008e-21], "var": [1.62995917208e-07, 0.000370486581232, 4.20967844548e-05, 7.90350532043e-06, 6.6448796133e-05, 1.25003916764e-05, 1.43436113831e-06, 3.39867710863e-07, 2.21811751544e-06, 1.20448225971e-06, 1.31130600494e-05, 2.36610776483e-05, 5.53812969883e-06, 1.96779874386e-05, 7.25875497665e-06, 2.27350346904e-06, 3.45835843518e-07, 1.7905991001e-07, 7.53331477199e-08, 8.30160900023e-08, 2.12222683871e-08, 2.14486863825e-08, 2.68017537053e-08, 5.18439913222e-09, 2.07079313697e-08, 7.38570049563e-09, 1.7765923177e-09]}, "erbbands": {"dmean": [0.183368057013, 1.88955521584, 3.58087253571, 2.37345433235, 10.2253217697, 12.3205509186, 11.3934717178, 12.8790426254, 6.03723096848, 4.07026720047, 4.79398536682, 9.10457324982, 13.4169778824, 11.7981929779, 19.3084049225, 26.3617897034, 26.8270168304, 44.4601821899, 27.7295227051, 33.4422454834, 15.1375198364, 9.18814277649, 6.61422204971, 5.60548448563, 3.62443065643, 3.5973007679, 2.13349437714, 2.49889779091, 2.21417331696, 1.55090200901, 2.02760767937, 0.71824157238, 0.44098636508, 0.364728033543, 0.660376012325, 0.318317651749, 0.0578085184097, 0.0141703225672, 0.00294850976206, 0.000267948315013], "dmean2": [0.30647662282, 3.17926764488, 5.61604881287, 3.95300292969, 17.308473587, 19.2181072235, 18.5639247894, 19.6137237549, 8.99094867706, 6.15885353088, 7.0572142601, 13.4946184158, 19.3733329773, 17.0306720734, 26.5839176178, 39.5901374817, 39.4768791199, 66.534286499, 43.1725921631, 50.6031723022, 23.9433746338, 13.4891967773, 9.98727893829, 8.66512775421, 5.42331361771, 5.73445272446, 3.12033414841, 3.66671466827, 3.26915073395, 2.22923946381, 3.14372801781, 1.02726209164, 0.629648864269, 0.514171659946, 1.02023172379, 0.498783528805, 0.0895745307207, 0.0218173023313, 0.00459772348404, 0.000418714305852], "dvar": [0.243655666709, 20.5890331268, 65.3781509399, 35.2593078613, 1133.90246582, 519.222351074, 324.14151001, 451.161010742, 135.541442871, 42.3276748657, 55.1536483765, 209.196151733, 540.334655762, 949.882446289, 4533.91845703, 9966.83789062, 7786.4140625, 20641.2089844, 7778.27685547, 10057.5771484, 1237.60620117, 727.229736328, 323.269317627, 249.230056763, 137.115371704, 148.859909058, 14.9996929169, 28.7662124634, 29.5594749451, 11.1507081985, 23.7303619385, 1.81922721863, 0.877671301365, 0.5346570611, 1.77347266674, 0.396216273308, 0.0175674613565, 0.000958854507189, 4.72703977721e-05, 3.24639898963e-07], "dvar2": [0.606135249138, 52.8072891235, 161.762527466, 91.8389816284, 2966.01245117, 1305.33605957, 825.949707031, 978.51940918, 294.086212158, 105.49131012, 111.096466064, 448.187255859, 1128.67565918, 1831.7689209, 8508.99023438, 20894.0742188, 15601.8417969, 44810.0273438, 19189.6328125, 21916.265625, 3077.95166016, 1667.48718262, 765.830322266, 632.333190918, 329.123962402, 391.761108398, 31.8262462616, 66.5844421387, 71.1541137695, 23.3817806244, 58.7869529724, 4.01146268845, 1.7142367363, 1.14935576916, 4.2154045105, 0.960583627224, 0.0444832406938, 0.002365907887, 0.000117784366012, 8.2420609715e-07], "max": [4.27754640579, 38.87657547, 78.9673919678, 90.4210891724, 328.713287354, 255.443252563, 280.453186035, 446.192687988, 263.953979492, 117.838821411, 220.774902344, 327.726531982, 529.952819824, 1110.53649902, 2546.40771484, 2262.70043945, 2882.34863281, 2413.421875, 2075.64111328, 2295.11547852, 1010.60736084, 776.902038574, 348.339080811, 294.206512451, 328.778869629, 453.018890381, 45.6562805176, 100.273040771, 123.992706299, 56.1814651489, 60.0540161133, 15.986117363, 11.4555654526, 8.58608627319, 14.0189313889, 5.83696842194, 1.51562952995, 0.286560207605, 0.0719159021974, 0.00539230136201], "mean": [0.199508175254, 2.37817668915, 4.89819383621, 2.33962845802, 8.52528953552, 16.3974246979, 18.6354465485, 25.7329673767, 12.6227169037, 13.5281915665, 11.5236473083, 19.0960826874, 25.936006546, 22.726398468, 35.1633796692, 46.8770141602, 42.8229522705, 65.6200637817, 50.2330627441, 66.1676254272, 25.6633338928, 15.9235534668, 9.72534751892, 8.02730560303, 5.78286218643, 6.07347488403, 3.34734606743, 3.59671640396, 3.10934472084, 2.13579511642, 2.18946576118, 0.960194170475, 0.601558625698, 0.453439354897, 0.653069376945, 0.304078131914, 0.0588387735188, 0.0142642166466, 0.00280227162875, 0.000270398653811], "median": [0.0379897728562, 0.431006461382, 0.75453966856, 0.553087413311, 1.19579100609, 4.98276281357, 11.0102138519, 13.5599002838, 6.24603557587, 7.48432254791, 6.72114419937, 12.4925575256, 13.4167537689, 5.81432771683, 6.84157657623, 6.51669740677, 6.92896652222, 9.11902236938, 5.68013334274, 7.1185297966, 7.90066719055, 4.62120962143, 3.34098124504, 2.72359800339, 2.09388899803, 1.51945734024, 1.60967028141, 1.33488202095, 1.11879146099, 0.664170265198, 0.494317144156, 0.255315870047, 0.132502928376, 0.0971512198448, 0.118616059422, 0.0581743717194, 0.0109468158334, 0.00275434087962, 0.00053266476607, 7.6215234003e-05], "min": [1.17909587999e-22, 5.71548835199e-22, 1.38522288688e-21, 4.57520866945e-21, 9.79772978908e-21, 2.81788963059e-20, 3.52229402202e-20, 1.24158659646e-19, 1.55499563704e-19, 1.31026287908e-19, 2.29484613943e-19, 5.43806784365e-19, 7.53334425259e-19, 4.67289837668e-19, 1.01071875559e-18, 1.51749302582e-18, 1.56137661168e-18, 2.77471284472e-18, 2.11491905336e-18, 3.1308025179e-18, 3.21783143091e-18, 3.53596261296e-18, 5.66287185609e-18, 5.97830436139e-18, 6.38681660589e-18, 9.63225849847e-18, 7.6515323355e-18, 8.76513829722e-18, 9.82206832491e-18, 1.17129568831e-17, 1.18622423041e-17, 1.14250864494e-17, 9.45514010417e-18, 8.26692989582e-18, 5.94881661332e-18, 4.02261778274e-18, 2.40628701348e-18, 9.18178234752e-19, 2.48526828632e-19, 2.79390656271e-20], "var": [0.236177504063, 21.3912982941, 85.2277603149, 29.809633255, 844.964050293, 756.183532715, 485.533966064, 1147.78759766, 395.392791748, 243.432418823, 196.071868896, 481.70413208, 1340.65551758, 2847.57202148, 12781.7294922, 28181.3457031, 19056.3027344, 33391.9648438, 23994.0019531, 38265.2148438, 2507.05102539, 1655.75524902, 375.884429932, 264.990142822, 171.394180298, 214.882919312, 24.6587123871, 42.2027931213, 35.3922958374, 17.3518753052, 24.4926605225, 2.85933732986, 1.4252846241, 0.772731900215, 1.87420856953, 0.395362615585, 0.0172416511923, 0.000983078381978, 4.56566885987e-05, 3.01934591107e-07]}, "gfcc": {"mean": [-46.8780822754, 90.7415084839, -100.663482666, 9.25466346741, -48.365436554, 4.45160007477, -34.6925201416, 2.33648681641, -17.6059265137, 7.63658714294, -15.7055654526, 7.57153511047, -4.06809616089], "cov": [[38134.2109375, 201.759155273, -2396.5925293, 858.356323242, -468.095550537, 507.574890137, -1238.7869873, -679.963745117, -960.572387695, 22.7805118561, -402.027374268, 233.997558594, 54.0030021667], [201.759155273, 1351.76501465, -298.340545654, -33.8800010681, 68.2995452881, -85.1170730591, 177.977172852, 81.6112518311, 129.276168823, 23.2805728912, 41.2753105164, 9.22155761719, 12.4430780411], [-2396.5925293, -298.340545654, 1332.16601562, 353.842803955, 119.497344971, 259.718139648, 180.846130371, 199.944061279, 101.121261597, 21.0063476562, -22.9893131256, 29.7209091187, -42.536907196], [858.356323242, -33.8800010681, 353.842803955, 533.307617188, 233.235519409, 222.688262939, 87.5468597412, 48.1735038757, 3.22643947601, -17.8014163971, -2.51187992096, 13.2532052994, 1.22861135006], [-468.095550537, 68.2995452881, 119.497344971, 233.235519409, 430.949462891, 183.240447998, 145.63520813, 63.8686065674, 52.0914497375, 14.9638385773, 51.6730613708, 2.60813212395, 1.60849297047], [507.574890137, -85.1170730591, 259.718139648, 222.688262939, 183.240447998, 287.979827881, 104.093780518, 76.1006546021, 26.4160404205, 39.9595489502, 28.8443641663, 31.1523456573, -27.2052974701], [-1238.7869873, 177.977172852, 180.846130371, 87.5468597412, 145.63520813, 104.093780518, 222.154510498, 115.614830017, 73.4032058716, 27.2244567871, 53.4764709473, -0.836885690689, -8.13665103912], [-679.963745117, 81.6112518311, 199.944061279, 48.1735038757, 63.8686065674, 76.1006546021, 115.614830017, 192.721237183, 94.4043884277, 29.670003891, 6.16087150574, 15.0990943909, -3.9639351368], [-960.572387695, 129.276168823, 101.121261597, 3.22643947601, 52.0914497375, 26.4160404205, 73.4032058716, 94.4043884277, 169.413482666, 53.132976532, 14.3434076309, 3.31872153282, 7.33351707458], [22.7805118561, 23.2805728912, 21.0063476562, -17.8014163971, 14.9638385773, 39.9595489502, 27.2244567871, 29.670003891, 53.132976532, 108.720695496, 48.2990989685, 0.518896043301, -5.1540594101], [-402.027374268, 41.2753105164, -22.9893131256, -2.51187992096, 51.6730613708, 28.8443641663, 53.4764709473, 6.16087150574, 14.3434076309, 48.2990989685, 109.573875427, 22.1068210602, -11.32188797], [233.997558594, 9.22155761719, 29.7209091187, 13.2532052994, 2.60813212395, 31.1523456573, -0.836885690689, 15.0990943909, 3.31872153282, 0.518896043301, 22.1068210602, 101.661216736, 24.2037200928], [54.0030021667, 12.4430780411, -42.536907196, 1.22861135006, 1.60849297047, -27.2052974701, -8.13665103912, -3.9639351368, 7.33351707458, -5.1540594101, -11.32188797, 24.2037200928, 80.1655197144]], "icov": [[7.30078827473e-05, -9.19953818084e-05, 0.000167974620126, -0.000209088611882, 0.000112697271106, -0.000340223603416, 0.00041091159801, -0.000101582241768, 0.000369107612642, -0.000343551218975, 0.000306581612676, -0.000140144256875, 6.15284761807e-06], [-9.19953818084e-05, 0.00123594631441, 0.000247329589911, -9.07148278202e-05, -0.000105838960735, 0.0012677895138, -0.00196183472872, 0.000194602471311, -0.001119891298, 0.000197252971702, 0.000127133855131, -0.000510636833496, 0.00053288124036], [0.000167974620126, 0.000247329589911, 0.00175765634049, -0.0012673222227, 0.000700003118254, -0.000879482016899, -0.00017279588792, -0.000764220196288, 0.000310334347887, -0.000950576970354, 0.00154613878112, -0.000936593685765, 0.000844314461574], [-0.000209088611882, -9.07148278202e-05, -0.0012673222227, 0.0043152817525, -0.0014740122715, -0.00136467220727, -0.000375044677639, 0.000620394712314, -0.000560667249374, 0.00230152835138, -0.00101907132193, 0.00120364152826, -0.00133266649209], [0.000112697271106, -0.000105838960735, 0.000700003118254, -0.0014740122715, 0.00454864744097, -0.00246896734461, -0.000903525738977, 0.000180451374035, -0.000509995094035, 0.000732164364308, -0.00101742637344, 0.000808821234386, -0.000971563626081], [-0.000340223603416, 0.0012677895138, -0.000879482016899, -0.00136467220727, -0.00246896734461, 0.0105276219547, -0.0044494709, -0.000194176333025, -0.000572868157178, -0.00251106102951, 0.00082062149886, -0.00309234648012, 0.00368818501011], [0.00041091159801, -0.00196183472872, -0.00017279588792, -0.000375044677639, -0.000903525738977, -0.0044494709, 0.0142504069954, -0.00500582763925, 0.00164643570315, 0.000838966690935, -0.00424363836646, 0.00290167657658, -0.00192332197912], [-0.000101582241768, 0.000194602471311, -0.000764220196288, 0.000620394712314, 0.000180451374035, -0.000194176333025, -0.00500582763925, 0.0105477198958, -0.00410554138944, -0.000339935708325, 0.00234598154202, -0.00175478635356, 0.000782016199082], [0.000369107612642, -0.001119891298, 0.000310334347887, -0.000560667249374, -0.000509995094035, -0.000572868157178, 0.00164643570315, -0.00410554138944, 0.0122967129573, -0.00632603140548, 0.00285908370279, -0.000697188894264, -0.0010389626259], [-0.000343551218975, 0.000197252971702, -0.000950576970354, 0.00230152835138, 0.000732164364308, -0.00251106102951, 0.000838966690935, -0.000339935708325, -0.00632603140548, 0.0177400223911, -0.00961966719478, 0.00425759796053, -0.00206216075458], [0.000306581612676, 0.000127133855131, 0.00154613878112, -0.00101907132193, -0.00101742637344, 0.00082062149886, -0.00424363836646, 0.00234598154202, 0.00285908370279, -0.00961966719478, 0.018376801163, -0.00671819737181, 0.00433767260984], [-0.000140144256875, -0.000510636833496, -0.000936593685765, 0.00120364152826, 0.000808821234386, -0.00309234648012, 0.00290167657658, -0.00175478635356, -0.000697188894264, 0.00425759796053, -0.00671819737181, 0.0144667504355, -0.00617880001664], [6.15284761807e-06, 0.00053288124036, 0.000844314461574, -0.00133266649209, -0.000971563626081, 0.00368818501011, -0.00192332197912, 0.000782016199082, -0.0010389626259, -0.00206216075458, 0.00433767260984, -0.00617880001664, 0.0164109412581]]}, "melbands": {"dmean": [0.00192201731261, 0.00211531459354, 0.000669956672937, 0.000831162789837, 0.000403755373554, 0.000281196320429, 8.74201068655e-05, 3.99263080908e-05, 4.72244355478e-05, 6.99391966918e-05, 6.9651476224e-05, 4.58759423054e-05, 7.8226417827e-05, 4.99489360664e-05, 0.000116588831588, 6.01709725743e-05, 7.97734610387e-05, 5.38095300726e-05, 4.32141641795e-05, 3.29867543769e-05, 1.71880892594e-05, 1.00908500826e-05, 5.63331968806e-06, 7.4922299973e-06, 4.56118050352e-06, 2.75036336461e-06, 3.21168045048e-06, 2.24197469834e-06, 1.34364961468e-06, 1.27632563363e-06, 1.63379399964e-06, 1.34201491164e-06, 1.05714332221e-06, 8.48035540457e-07, 1.32776676764e-06, 6.75130991112e-07, 3.91283805357e-07, 3.0153461239e-07, 3.17281262596e-07, 2.95029735753e-07], "dmean2": [0.0032457599882, 0.00340264849365, 0.00111091427971, 0.0013424071949, 0.000649733701721, 0.000430587417213, 0.000130653352244, 6.00753046456e-05, 6.99951415299e-05, 0.00010197271331, 0.000100684359495, 6.67101703584e-05, 0.000107568237581, 7.28321028873e-05, 0.000170593208168, 9.07217763597e-05, 0.000119684118545, 8.29289419926e-05, 6.66842242936e-05, 5.00026835653e-05, 2.77261679003e-05, 1.50440546349e-05, 8.53974233905e-06, 1.16379578685e-05, 7.20438720236e-06, 4.18923036705e-06, 5.06695778313e-06, 3.61299930773e-06, 2.00531212613e-06, 1.89344063983e-06, 2.45666524279e-06, 2.05331593861e-06, 1.59502667429e-06, 1.23361883198e-06, 2.09048175748e-06, 1.00712861695e-06, 5.76278125664e-07, 4.44024180979e-07, 4.46781626806e-07, 4.32408029383e-07], "dvar": [2.38939956034e-05, 2.32752536249e-05, 3.29723343384e-06, 4.30367390436e-06, 3.91319872506e-07, 2.0011295021e-07, 2.53604568456e-08, 4.35479519112e-09, 5.25101029325e-09, 1.30348372096e-08, 1.53146775261e-08, 1.3091006501e-08, 9.18111382475e-08, 4.15054941527e-08, 2.4251596642e-07, 3.63735601638e-08, 6.27967935429e-08, 3.83570402107e-08, 1.29647022007e-08, 1.26377441845e-08, 2.03776551189e-09, 8.82984518835e-10, 3.55566076582e-10, 6.34044039494e-10, 1.67942562634e-10, 1.26018848134e-10, 1.90751553442e-10, 5.66704946858e-11, 6.05631430423e-12, 7.78512670996e-12, 1.48581390247e-11, 1.3020418077e-11, 5.6502246458e-12, 4.31562945102e-12, 1.12614292891e-11, 2.1420567143e-12, 5.9470088359e-13, 4.13637277642e-13, 4.54447026885e-13, 3.83656783643e-13], "dvar2": [6.04674278293e-05, 5.8100111346e-05, 8.32393288874e-06, 1.13660889838e-05, 9.85017322819e-07, 4.41934901119e-07, 5.56331407608e-08, 1.01362003235e-08, 1.0907871939e-08, 2.71236508809e-08, 3.1763040198e-08, 2.53692142849e-08, 1.76193751145e-07, 7.58274794066e-08, 4.50143403441e-07, 8.0434517713e-08, 1.35914874022e-07, 9.07516906068e-08, 2.90105823808e-08, 2.66316320108e-08, 5.1771684717e-09, 2.00711647302e-09, 8.42431013837e-10, 1.60355340117e-09, 4.29926483303e-10, 3.38036099112e-10, 5.01119812313e-10, 1.4800372039e-10, 1.31989263269e-11, 1.75455362045e-11, 3.61065691235e-11, 3.28290172824e-11, 1.318281595e-11, 8.15956503752e-12, 2.72660696105e-11, 5.14217097722e-12, 1.31484872903e-12, 8.34134139798e-13, 8.76408754596e-13, 8.82941289526e-13], "max": [0.0420125164092, 0.0407768450677, 0.0176185332239, 0.0240981522948, 0.00899061560631, 0.00880669709295, 0.00346810882911, 0.00180124887265, 0.00145338766742, 0.00311161275022, 0.00271365139633, 0.00378203950822, 0.0127169694752, 0.00607889378443, 0.0100056882948, 0.00374261802062, 0.00419395882636, 0.00487878685817, 0.00210986216553, 0.00292675592937, 0.00143571465742, 0.000843891117256, 0.000612845004071, 0.000646311033051, 0.000252080149949, 0.000336517841788, 0.000547301955521, 0.0003077214933, 3.97423973482e-05, 3.82780344808e-05, 8.34930542624e-05, 8.23452064651e-05, 4.16324546677e-05, 5.12481892656e-05, 5.50639815629e-05, 2.40020253841e-05, 1.29650798044e-05, 8.27479925647e-06, 9.39225446928e-06, 7.33806245989e-06], "mean": [0.00224917870946, 0.00290896114893, 0.000614558754023, 0.000901969906408, 0.000678176991642, 0.000572533463128, 0.000196709603188, 0.000129410647787, 0.000104440179712, 0.000143193334225, 0.000131549633807, 8.60277723405e-05, 0.000142056422192, 8.70291987667e-05, 0.0001742454333, 8.76405392773e-05, 0.000117804789625, 8.91563686309e-05, 7.82762072049e-05, 6.04338565608e-05, 2.53095277003e-05, 1.63534623425e-05, 8.07264314062e-06, 1.04964901766e-05, 6.11619952906e-06, 3.93990922021e-06, 5.05638081449e-06, 3.5373072933e-06, 1.99411647372e-06, 1.82090673206e-06, 2.24752898248e-06, 1.81230666385e-06, 1.40171107432e-06, 1.14564568321e-06, 1.38866334964e-06, 8.07596848063e-07, 5.25485972958e-07, 4.02643593134e-07, 4.12555493767e-07, 3.53579764578e-07], "median": [0.000480427406728, 0.000539624132216, 0.000118298034067, 0.000206411699764, 0.000382257916499, 0.000323871237924, 0.000106097781099, 6.86691128067e-05, 5.95250894548e-05, 8.8618202426e-05, 6.43794846837e-05, 1.86551969819e-05, 2.20185502258e-05, 1.57350386871e-05, 1.17806539492e-05, 1.50387559188e-05, 1.44681698657e-05, 5.3946614571e-06, 8.97269001143e-06, 7.2422321864e-06, 6.97741324984e-06, 3.71056216864e-06, 2.3437019081e-06, 2.59447460849e-06, 1.99605983653e-06, 1.32971479161e-06, 1.35823847813e-06, 7.24039921352e-07, 8.51023230553e-07, 7.82540610089e-07, 6.95121286753e-07, 6.33075046608e-07, 4.69100228884e-07, 2.86837916974e-07, 2.64165663566e-07, 2.08740161156e-07, 1.15658131961e-07, 8.7653958758e-08, 8.51663841672e-08, 7.18919821452e-08], "min": [1.71302486632e-24, 1.25678686597e-24, 1.33838673661e-24, 1.25782895122e-24, 1.4033863114e-24, 3.02898231524e-24, 2.04743680911e-24, 1.58034901308e-24, 1.61112878788e-24, 3.18235561067e-24, 3.25048104679e-24, 1.4126057288e-24, 2.45582654987e-24, 3.24418692285e-24, 2.97786077593e-24, 2.97820590257e-24, 4.06514460615e-24, 2.59483153276e-24, 3.54181309833e-24, 4.90440267916e-24, 3.24921886935e-24, 3.52606388479e-24, 3.60502452267e-24, 4.09410881758e-24, 4.2806594333e-24, 3.47034387804e-24, 4.04784843637e-24, 6.36956311033e-24, 3.7869965897e-24, 5.31156140248e-24, 4.44633994492e-24, 5.04863682378e-24, 5.37679980491e-24, 5.00235238232e-24, 5.92355850946e-24, 5.43163628744e-24, 6.18433147003e-24, 6.2184938804e-24, 6.11628669493e-24, 7.15261366055e-24], "var": [2.32926740864e-05, 2.83319277514e-05, 2.76099763141e-06, 3.81627660317e-06, 6.44113924864e-07, 5.04742672547e-07, 7.83774893875e-08, 2.43774369579e-08, 1.62073430232e-08, 2.99148688043e-08, 3.79516329474e-08, 3.90800103389e-08, 2.72808904356e-07, 1.13148530545e-07, 5.451091738e-07, 6.01155392133e-08, 1.07380948577e-07, 1.11986246054e-07, 3.98220443287e-08, 3.69552424218e-08, 3.21999382713e-09, 2.01173899761e-09, 4.14093176415e-10, 6.79099887435e-10, 1.71728548048e-10, 1.10507596129e-10, 1.94304294876e-10, 8.19147180642e-11, 9.59714859666e-12, 1.02808222005e-11, 2.15553616623e-11, 1.3886986179e-11, 7.21449289198e-12, 7.63242767599e-12, 1.23185706427e-11, 2.52423169173e-12, 9.54686633567e-13, 6.51936458377e-13, 7.21618999364e-13, 4.98378898914e-13]}, "mfcc": {"mean": [-686.200744629, 134.829269409, 0.5908831954, 15.4603652954, -0.766907215118, 6.37048101425, -8.54622173309, -1.12512767315, -0.779880166054, -0.474124372005, -0.270315945148, -2.59047102928, -1.49095392227], "cov": [[14479.0742188, 1406.84399414, -571.497741699, 368.208465576, 595.590026855, 676.225708008, 244.122329712, -69.2545700073, -150.050521851, -110.722328186, -269.939361572, -287.465057373, -2.15771174431], [1406.84399414, 1649.36560059, -236.714767456, 117.485702515, -75.6070785522, 30.680316925, -49.0827445984, 44.1621818542, 26.904920578, 7.16110038757, 85.9300842285, 48.9490203857, 29.0518398285], [-571.497741699, -236.714767456, 1004.14770508, 173.521011353, 111.993927002, 79.6700134277, 55.6717605591, 130.140411377, 124.857192993, 63.2578544617, 58.782989502, 93.3201599121, 20.8494720459], [368.208465576, 117.485702515, 173.521011353, 303.306518555, 167.569320679, 130.036056519, 108.311454773, 113.801979065, 76.5534133911, 27.3489227295, 13.8632259369, -3.1249961853, 16.7492237091], [595.590026855, -75.6070785522, 111.993927002, 167.569320679, 280.266418457, 169.36869812, 126.836479187, 107.50630188, 71.07837677, 37.3407325745, -3.213804245, 11.8024816513, 31.6231555939], [676.225708008, 30.680316925, 79.6700134277, 130.036056519, 169.36869812, 238.924530029, 137.38381958, 93.3298339844, 44.3911209106, 12.245177269, 25.1710720062, 27.6959667206, 37.6912460327], [244.122329712, -49.0827445984, 55.6717605591, 108.311454773, 126.836479187, 137.38381958, 232.97946167, 97.7395019531, 25.1657733917, 34.7407455444, 35.6615600586, 26.488948822, 16.5390739441], [-69.2545700073, 44.1621818542, 130.140411377, 113.801979065, 107.50630188, 93.3298339844, 97.7395019531, 204.687286377, 87.757598877, 20.2567825317, 25.4312763214, 56.6612358093, 39.6732025146], [-150.050521851, 26.904920578, 124.857192993, 76.5534133911, 71.07837677, 44.3911209106, 25.1657733917, 87.757598877, 142.095687866, 67.8803939819, 13.3646936417, 14.283946991, 29.51861763], [-110.722328186, 7.16110038757, 63.2578544617, 27.3489227295, 37.3407325745, 12.245177269, 34.7407455444, 20.2567825317, 67.8803939819, 150.828170776, 59.1478385925, -4.8332452774, 2.2528553009], [-269.939361572, 85.9300842285, 58.782989502, 13.8632259369, -3.213804245, 25.1710720062, 35.6615600586, 25.4312763214, 13.3646936417, 59.1478385925, 152.02772522, 71.1614837646, -20.0166435242], [-287.465057373, 48.9490203857, 93.3201599121, -3.1249961853, 11.8024816513, 27.6959667206, 26.488948822, 56.6612358093, 14.283946991, -4.8332452774, 71.1614837646, 143.913619995, 41.5667228699], [-2.15771174431, 29.0518398285, 20.8494720459, 16.7492237091, 31.6231555939, 37.6912460327, 16.5390739441, 39.6732025146, 29.51861763, 2.2528553009, -20.0166435242, 41.5667228699, 110.121368408]], "icov": [[0.000114862494229, -0.000130377258756, 7.83518589742e-06, 6.04930064583e-05, -0.00023686249915, -0.000328352442011, 1.92113839148e-05, 0.000119444448501, 0.000218386689085, -5.24139541085e-05, 0.000249288859777, 0.000126301660202, 0.000100620141893], [-0.000130377258756, 0.000947576249018, 0.000330562063027, -0.000839665182866, 0.00093345483765, 1.06315201265e-05, 0.000472889310913, -0.000310177274514, -0.000344157073414, -1.795994649e-05, -0.000668703520205, -0.000410128588555, -0.000292507989798], [7.83518589742e-06, 0.000330562063027, 0.00142102048267, -0.000955324154347, 0.000294653058518, -0.000199226939003, 0.000391787994886, -0.000145335550769, -0.000662797945552, -0.000361924699973, 0.00014267466031, -0.00117854890414, 0.000422159413574], [6.04930064583e-05, -0.000839665182866, -0.000955324154347, 0.00695208879188, -0.00297710462473, -0.000406729435781, -0.00118357955944, -0.0010823252378, -0.000996934599243, 0.00132934260182, -0.000963453843724, 0.00278600119054, -7.86975724623e-05], [-0.00023686249915, 0.00093345483765, 0.000294653058518, -0.00297710462473, 0.00943056028336, -0.00371345179155, -0.000486842705868, -0.00105790514499, -0.00109384418465, -0.00195087178145, 0.0020390516147, -0.00171245948877, 0.00051338103367], [-0.000328352442011, 1.06315201265e-05, -0.000199226939003, -0.000406729435781, -0.00371345179155, 0.0107877934352, -0.00336219137534, -0.000196694236365, -0.00127502006944, 0.00267666229047, -0.00324500189163, 0.000965373648796, -0.0026270034723], [1.92113839148e-05, 0.000472889310913, 0.000391787994886, -0.00118357955944, -0.000486842705868, -0.00336219137534, 0.00835215859115, -0.0027917213738, 0.00285053951666, -0.00230937846936, -0.000279834144749, -0.00050436030142, 0.000446060876129], [0.000119444448501, -0.000310177274514, -0.000145335550769, -0.0010823252378, -0.00105790514499, -0.000196694236365, -0.0027917213738, 0.0103700719774, -0.00507761491463, 0.0020006946288, 0.000251024757745, -0.00247598951682, -0.00036892000935], [0.000218386689085, -0.000344157073414, -0.000662797945552, -0.000996934599243, -0.00109384418465, -0.00127502006944, 0.00285053951666, -0.00507761491463, 0.0152170751244, -0.00671286555007, 0.00234872754663, 0.000179563154234, -0.00105864810757], [-5.24139541085e-05, -1.795994649e-05, -0.000361924699973, 0.00132934260182, -0.00195087178145, 0.00267666229047, -0.00230937846936, 0.0020006946288, -0.00671286555007, 0.0132548771799, -0.00764632830396, 0.00510440859944, -0.002648151014], [0.000249288859777, -0.000668703520205, 0.00014267466031, -0.000963453843724, 0.0020390516147, -0.00324500189163, -0.000279834144749, 0.000251024757745, 0.00234872754663, -0.00764632830396, 0.016082463786, -0.00937467347831, 0.00676625967026], [0.000126301660202, -0.000410128588555, -0.00117854890414, 0.00278600119054, -0.00171245948877, 0.000965373648796, -0.00050436030142, -0.00247598951682, 0.000179563154234, 0.00510440859944, -0.00937467347831, 0.0159517806023, -0.00683860993013], [0.000100620141893, -0.000292507989798, 0.000422159413574, -7.86975724623e-05, 0.00051338103367, -0.0026270034723, 0.000446060876129, -0.00036892000935, -0.00105864810757, -0.002648151014, 0.00676625967026, -0.00683860993013, 0.01405887492]]}, "spectral_contrast_coeffs": {"dmean": [0.053832154721, 0.0427739173174, 0.0408466681838, 0.0368166565895, 0.0238986741751, 0.0177192017436], "dmean2": [0.0872089415789, 0.068462215364, 0.0629716068506, 0.0570586398244, 0.0371068902314, 0.0277282167226], "dvar": [0.00249242503196, 0.00131479278207, 0.00122095737606, 0.001023364719, 0.000472633517347, 0.000280485925032], "dvar2": [0.00571386376396, 0.00334297632799, 0.00282782665454, 0.00224648648873, 0.0010149149457, 0.000677701958921], "max": [-0.259155809879, -0.468546926975, -0.425592660904, -0.472226828337, -0.606556892395, -0.607913017273], "mean": [-0.636489570141, -0.681593298912, -0.719461739063, -0.751504778862, -0.792778849602, -0.770621418953], "median": [-0.642130792141, -0.674545526505, -0.716107964516, -0.765965223312, -0.795713126659, -0.769424200058], "min": [-0.97923874855, -0.978206753731, -0.978114068508, -0.9719851017, -0.97038012743, -0.964957356453], "var": [0.0131663363427, 0.00601987168193, 0.00597313605249, 0.00742350704968, 0.00290934136137, 0.0018686192343]}, "spectral_contrast_valleys": {"dmean": [0.473530083895, 0.354800909758, 0.366839975119, 0.367508858442, 0.352187275887, 0.501875698566], "dmean2": [0.730356872082, 0.557086408138, 0.559522092342, 0.527583062649, 0.472864210606, 0.568159759045], "dvar": [0.285585045815, 0.139648124576, 0.155564650893, 0.176527753472, 0.198936596513, 0.307596206665], "dvar2": [0.507279336452, 0.288457900286, 0.307688772678, 0.330118596554, 0.361231207848, 0.590211749077], "max": [-4.79333925247, -5.08134746552, -5.67724752426, -5.93053674698, -5.84225845337, -8.32184505463], "mean": [-7