{"lowlevel": {"average_loudness": 0.217338711023, "barkbands_crest": {"dmean": 1.65250432491, "dmean2": 2.71405792236, "dvar": 3.26675891876, "dvar2": 9.12862586975, "max": 25.8765583038, "mean": 13.2177343369, "median": 12.5367069244, "min": 4.31963634491, "var": 20.0556335449}, "barkbands_flatness_db": {"dmean": 0.0196932572871, "dmean2": 0.034120503813, "dvar": 0.00039262874634, "dvar2": 0.00109317176975, "max": 0.590918958187, "mean": 0.42541205883, "median": 0.430689543486, "min": 0.0623321570456, "var": 0.00309546128847}, "barkbands_kurtosis": {"dmean": 1.72503042221, "dmean2": 2.77159261703, "dvar": 8.69382858276, "dvar2": 21.6779689789, "max": 95.7169036865, "mean": 6.2276391983, "median": 2.63290786743, "min": -1.64742398262, "var": 130.030090332}, "barkbands_skewness": {"dmean": 0.314110338688, "dmean2": 0.507783710957, "dvar": 0.126197129488, "dvar2": 0.330146819353, "max": 9.19729423523, "mean": 1.30359280109, "median": 1.11960637569, "min": -4.58537769318, "var": 2.02731442451}, "barkbands_spread": {"dmean": 0.635281324387, "dmean2": 1.03398370743, "dvar": 0.814299821854, "dvar2": 1.95123457909, "max": 64.7585754395, "mean": 3.92061090469, "median": 3.36739373207, "min": 0.348193079233, "var": 11.4730072021}, "dissonance": {"dmean": 0.0389656722546, "dmean2": 0.0671641007066, "dvar": 0.00161071459297, "dvar2": 0.00437103398144, "max": 0.500000178814, "mean": 0.352366685867, "median": 0.356202363968, "min": 0.0511864349246, "var": 0.00609065406024}, "dynamic_complexity": 9.60486698151, "erbbands_crest": {"dmean": 1.83517861366, "dmean2": 2.99873590469, "dvar": 4.49492120743, "dvar2": 12.4997396469, "max": 32.0124168396, "mean": 14.3208618164, "median": 13.078997612, "min": 2.37869167328, "var": 33.0301971436}, "erbbands_flatness_db": {"dmean": 0.0139893991873, "dmean2": 0.0239249262959, "dvar": 0.000237554966589, "dvar2": 0.000610111746937, "max": 0.586031794548, "mean": 0.405516088009, "median": 0.412567138672, "min": 0.0365816242993, "var": 0.00408450653777}, "erbbands_kurtosis": {"dmean": 0.945055007935, "dmean2": 1.46988546848, "dvar": 2.2222507, "dvar2": 4.80515861511, "max": 60.1970787048, "mean": 2.94666647911, "median": 0.761769294739, "min": -1.7289274931, "var": 50.6170120239}, "erbbands_skewness": {"dmean": 0.251620948315, "dmean2": 0.402697980404, "dvar": 0.0712089240551, "dvar2": 0.179702118039, "max": 6.14321136475, "mean": 0.778928756714, "median": 0.634428679943, "min": -2.75493431091, "var": 0.931707143784}, "erbbands_spread": {"dmean": 1.49231362343, "dmean2": 2.41487002373, "dvar": 3.372153759, "dvar2": 8.31797981262, "max": 153.012527466, "mean": 11.5703239441, "median": 9.3906288147, "min": 0.633275747299, "var": 191.005615234}, "hfc": {"dmean": 1.20551502705, "dmean2": 1.721539855, "dvar": 14.5714941025, "dvar2": 26.6133728027, "max": 122.420646667, "mean": 5.26918506622, "median": 1.43068861961, "min": 1.16663872763e-16, "var": 100.127403259}, "melbands_crest": {"dmean": 1.95677876472, "dmean2": 3.22635602951, "dvar": 4.7250123024, "dvar2": 13.509262085, "max": 32.3603134155, "mean": 16.7907867432, "median": 15.8413419724, "min": 2.74298238754, "var": 30.9779624939}, "melbands_flatness_db": {"dmean": 0.0226956773549, "dmean2": 0.0395257584751, "dvar": 0.000575328827836, "dvar2": 0.00155369017739, "max": 0.740533769131, "mean": 0.570292890072, "median": 0.578944921494, "min": 0.00684048654512, "var": 0.00446756137535}, "melbands_kurtosis": {"dmean": 2.31119298935, "dmean2": 3.68526768684, "dvar": 18.1284217834, "dvar2": 41.712928772, "max": 507.093719482, "mean": 11.2154045105, "median": 4.10033607483, "min": -1.74943888187, "var": 1304.38146973}, "melbands_skewness": {"dmean": 0.322827756405, "dmean2": 0.519752502441, "dvar": 0.129018619657, "dvar2": 0.335234373808, "max": 16.9960594177, "mean": 1.77790570259, "median": 1.52666568756, "min": -2.84264731407, "var": 3.53668236732}, "melbands_spread": {"dmean": 0.856132864952, "dmean2": 1.39178681374, "dvar": 4.45400047302, "dvar2": 6.62503385544, "max": 146.731582642, "mean": 4.95023393631, "median": 4.40031957626, "min": 0.595079898834, "var": 11.8445444107}, "pitch_salience": {"dmean": 0.0461413450539, "dmean2": 0.077937617898, "dvar": 0.00247840327211, "dvar2": 0.00696008792147, "max": 0.810162603855, "mean": 0.494485020638, "median": 0.503503262997, "min": 0.112856850028, "var": 0.0143968351185}, "silence_rate_20dB": {"dmean": 0, "dmean2": 0, "dvar": 0, "dvar2": 0, "max": 1, "mean": 1, "median": 1, "min": 1, "var": 0}, "silence_rate_30dB": {"dmean": 0.00736471358687, "dmean2": 0.0147317852825, "dvar": 0.00730994204059, "dvar2": 0.0164348781109, "max": 1, "mean": 0.982391536236, "median": 1, "min": 0, "var": 0.0172997619957}, "silence_rate_60dB": {"dmean": 0.0300992634147, "dmean2": 0.0602081678808, "dvar": 0.0291917230934, "dvar2": 0.0636333078146, "max": 1, "mean": 0.420841991901, "median": 0, "min": 0, "var": 0.243744239211}, "spectral_centroid": {"dmean": 25.8139705658, "dmean2": 41.168888092, "dvar": 19464.8242188, "dvar2": 21126.6132812, "max": 11041.8583984, "mean": 358.688690186, "median": 343.92868042, "min": 145.312088013, "var": 32595.2597656}, "spectral_complexity": {"dmean": 0.792186975479, "dmean2": 1.33002400398, "dvar": 1.30832338333, "dvar2": 2.60927248001, "max": 29, "mean": 6.2670083046, "median": 6, "min": 0, "var": 21.8164749146}, "spectral_decrease": {"dmean": 8.56280546468e-10, "dmean2": 1.29526478432e-09, "dvar": 4.76797906578e-18, "dvar2": 9.50294452613e-18, "max": -3.02501753856e-29, "mean": -3.76442654826e-09, "median": -1.25771382198e-09, "min": -5.57402373147e-08, "var": 3.95010804015e-17}, "spectral_energy": {"dmean": 0.00333623308688, "dmean2": 0.00503629073501, "dvar": 7.321479643e-05, "dvar2": 0.000145301004522, "max": 0.217586994171, "mean": 0.0146857891232, "median": 0.0048761437647, "min": 1.06959348432e-20, "var": 0.000604408676736}, "spectral_energyband_high": {"dmean": 1.95182110474e-07, "dmean2": 2.73157667152e-07, "dvar": 6.83906360363e-12, "dvar2": 1.47416436697e-11, "max": 0.00011746736709, "mean": 3.00894555494e-07, "median": 2.53483478652e-09, "min": 7.7066850552e-21, "var": 1.15015106814e-11}, "spectral_energyband_low": {"dmean": 0.000949218170717, "dmean2": 0.00153997389134, "dvar": 8.36438448459e-06, "dvar2": 1.91386152437e-05, "max": 0.121846154332, "mean": 0.00327417999506, "median": 0.000779563910328, "min": 1.83299000496e-22, "var": 4.99182060594e-05}, "spectral_energyband_middle_high": {"dmean": 0.000188601145055, "dmean2": 0.000256355153397, "dvar": 6.81344374698e-07, "dvar2": 1.19895128137e-06, "max": 0.0380666516721, "mean": 0.000690461602062, "median": 0.00010357915744, "min": 1.40258428914e-21, "var": 3.21826678373e-06}, "spectral_energyband_middle_low": {"dmean": 0.00288216536865, "dmean2": 0.00440721120685, "dvar": 5.53806603421e-05, "dvar2": 0.000118943251437, "max": 0.167744204402, "mean": 0.011435831897, "median": 0.00336361769587, "min": 3.56060308668e-22, "var": 0.000395457202103}, "spectral_entropy": {"dmean": 0.107370883226, "dmean2": 0.175174474716, "dvar": 0.0228353943676, "dvar2": 0.0524029284716, "max": 9.79928207397, "mean": 5.25434207916, "median": 5.21930599213, "min": 3.72628045082, "var": 0.263720810413}, "spectral_flux": {"dmean": 0.010286132805, "dmean2": 0.0166806951165, "dvar": 0.000472820538562, "dvar2": 0.00112625746988, "max": 0.321343004704, "mean": 0.0254422854632, "median": 0.0152880698442, "min": 1.03421153586e-10, "var": 0.000966350839008}, "spectral_kurtosis": {"dmean": 50.5990715027, "dmean2": 88.4255981445, "dvar": 2575.07568359, "dvar2": 7471.09423828, "max": 629.305603027, "mean": 205.145690918, "median": 202.810668945, "min": -1.2214423418, "var": 10165.9873047}, "spectral_rms": {"dmean": 0.000339471705956, "dmean2": 0.000508685305249, "dvar": 4.26174977974e-07, "dvar2": 7.66026971633e-07, "max": 0.0145698320121, "mean": 0.00285427970812, "median": 0.00218110368587, "min": 3.23033418591e-12, "var": 6.18061858404e-06}, "spectral_rolloff": {"dmean": 45.2860031128, "dmean2": 79.735710144, "dvar": 64323.9960938, "dvar2": 78747.34375, "max": 19099.9511719, "mean": 431.455047607, "median": 409.130859375, "min": 107.666015625, "var": 85926.0859375}, "spectral_skewness": {"dmean": 1.74413406849, "dmean2": 3.06151628494, "dvar": 3.13336873055, "dvar2": 8.53729248047, "max": 20.9012546539, "mean": 10.6514701843, "median": 11.1880731583, "min": -0.0085830790922, "var": 12.5686607361}, "spectral_spread": {"dmean": 276040.65625, "dmean2": 483717.46875, "dvar": 314586365952, "dvar2": 435996917760, "max": 40944476, "mean": 903138.75, "median": 636585.875, "min": 159146.984375, "var": 2009584238590.0}, "spectral_strongpeak": {"dmean": 0.178823336959, "dmean2": 0.287524998188, "dvar": 0.168238431215, "dvar2": 0.371804058552, "max": 8.60314941406, "mean": 0.729853928089, "median": 0.354601293802, "min": 0, "var": 0.993151426315}, "zerocrossingrate": {"dmean": 0.0015534942504, "dmean2": 0.0020587563049, "dvar": 4.17515184381e-05, "dvar2": 4.37103917648e-05, "max": 0.5, "mean": 0.0166991874576, "median": 0.015625, "min": 0.00390625, "var": 0.00015054018877}, "barkbands": {"dmean": [7.06721993993e-06, 0.000193523534108, 0.000634590978734, 0.000469628197607, 0.0011768824188, 0.000869337760378, 0.000393907597754, 0.000650384637993, 0.000238614244154, 7.47206358938e-05, 4.37180351582e-05, 6.31096409052e-05, 4.86281860503e-05, 1.5149869796e-05, 9.12115137908e-06, 6.94052050676e-06, 2.81582970274e-06, 1.42369128753e-06, 9.24823496007e-07, 2.63865445049e-07, 6.99519233649e-08, 1.42934162284e-08, 7.55947127118e-09, 1.63449431767e-09, 6.40229147475e-10, 5.7907956208e-10, 6.20550666408e-10], "dmean2": [1.26099521367e-05, 0.000311953335768, 0.00101170083508, 0.000778494984843, 0.00184924411587, 0.00140289519913, 0.000640733051114, 0.000930053764023, 0.000310772127705, 0.00010849928367, 6.22617299086e-05, 9.0144269052e-05, 6.6205044277e-05, 2.29062607104e-05, 1.36655007736e-05, 1.11342696982e-05, 4.16413058701e-06, 1.8848571699e-06, 1.16334240374e-06, 3.47089496699e-07, 1.03867364487e-07, 2.2566300828e-08, 1.13056133344e-08, 2.87849877267e-09, 1.14006648566e-09, 1.04033959225e-09, 1.12593845358e-09], "dvar": [2.38994601887e-10, 3.87148304526e-07, 5.10946847498e-06, 2.76199057225e-06, 1.3071151443e-05, 1.00967881735e-05, 2.33096989177e-06, 1.04646469481e-05, 4.47145930593e-06, 1.0230910874e-07, 1.94063218828e-07, 7.97562194066e-08, 1.06523216914e-07, 5.34109467765e-09, 2.61202037777e-09, 1.89560989128e-09, 5.25539056717e-10, 5.73901148826e-10, 1.74525116581e-10, 1.37054161423e-11, 1.61632458719e-12, 8.63315902057e-14, 2.02889429161e-14, 3.58780736554e-16, 3.8946905787e-18, 2.1190003625e-18, 2.38049159287e-18], "dvar2": [7.00390523356e-10, 9.37247705224e-07, 1.17282443171e-05, 9.03810905584e-06, 3.01993859466e-05, 2.6560292099e-05, 5.41179406355e-06, 2.04391944862e-05, 7.70978385845e-06, 2.03662310128e-07, 3.891955771e-07, 1.37430660629e-07, 1.61594670089e-07, 1.23004451069e-08, 5.91511994941e-09, 4.62305305149e-09, 1.15262743794e-09, 1.04144737278e-09, 2.26577812068e-10, 2.81911091693e-11, 2.77633731977e-12, 2.24880904913e-13, 4.95553203778e-14, 9.66113921177e-16, 1.04095634288e-17, 6.64658564622e-18, 7.6147757378e-18], "max": [0.000286389113171, 0.0222297720611, 0.0930926352739, 0.0423972606659, 0.124913930893, 0.0958005487919, 0.0509235821664, 0.113939158618, 0.11318064481, 0.0135167045519, 0.034286338836, 0.00966866407543, 0.0173344220966, 0.00226600863971, 0.002281232737, 0.0018209797563, 0.000915480253752, 0.00141531822737, 0.000780950475018, 0.000199734975467, 7.50177568989e-05, 1.6201638573e-05, 7.27981932869e-06, 6.31446994248e-07, 5.03358137394e-08, 2.69507651751e-08, 2.77418870098e-08], "mean": [7.56155259296e-06, 0.000666342733894, 0.00191614800133, 0.00116026599426, 0.00355561845936, 0.00258695962839, 0.000949648208916, 0.00241111963987, 0.0007101863157, 0.00018212076975, 0.000100535457022, 0.00019600270025, 0.00015197173343, 3.63110520993e-05, 2.51940618909e-05, 1.80628267117e-05, 6.60080286252e-06, 2.66461597676e-06, 1.87751766134e-06, 4.13751564565e-07, 1.14127615802e-07, 1.63272559917e-08, 9.27658128091e-09, 1.60493363044e-09, 7.93028864798e-10, 8.24810941769e-10, 9.08333852578e-10], "median": [2.43233807851e-06, 6.57167111058e-05, 0.000286267284537, 0.000177974681719, 0.000619920203462, 0.00031096721068, 9.45380088524e-05, 0.000141636613989, 4.06682702305e-05, 3.58445904567e-05, 1.37736778925e-05, 1.54000790644e-05, 6.83067628415e-06, 1.77056040229e-06, 8.66134200805e-07, 2.76727263326e-07, 5.76047121115e-08, 1.00512762558e-08, 2.04099426249e-09, 5.02380026468e-10, 3.00204694437e-10, 2.16111351037e-10, 1.92653532016e-10, 2.16544837617e-10, 2.79928857871e-10, 3.73615582916e-10, 4.3126416327e-10], "min": [7.72646279522e-23, 4.9616908625e-23, 8.04729378755e-23, 1.33117406302e-23, 3.25241134999e-23, 2.45730187754e-23, 9.68625518561e-23, 3.40193046824e-23, 1.18382879299e-22, 1.12235229467e-22, 4.71148879583e-23, 1.53666608106e-22, 1.20719725114e-22, 8.80563776642e-23, 6.85798373656e-23, 9.26002543436e-23, 1.50847244474e-22, 3.69191624187e-22, 1.46163909808e-22, 2.53852940189e-22, 4.55777022388e-22, 6.96840394223e-22, 6.92445997219e-22, 8.98030368774e-22, 9.66491378444e-22, 1.69828479836e-21, 2.27055120668e-21], "var": [3.45222683773e-10, 2.81989855466e-06, 2.49724762398e-05, 6.99006886862e-06, 9.62101403275e-05, 4.75487395306e-05, 7.88035595178e-06, 6.93945403327e-05, 1.62543783517e-05, 3.02179586242e-07, 3.29820238676e-07, 4.12752712009e-07, 5.02214447806e-07, 1.86479844899e-08, 1.11850777529e-08, 8.53417425617e-09, 1.37566391611e-09, 1.15345188956e-09, 5.32740074277e-10, 2.33483336831e-11, 4.00598478001e-12, 7.63950263726e-14, 2.29368797176e-14, 3.00834921464e-16, 4.34651648161e-18, 2.09256739244e-18, 2.08962097509e-18]}, "erbbands": {"dmean": [0.00154484051745, 0.0631267279387, 0.575250327587, 1.23603773117, 1.67643880844, 5.64346122742, 5.7525935173, 8.00489425659, 5.72347164154, 9.78913879395, 10.2485904694, 5.92852926254, 2.84524512291, 1.52968478203, 2.06294202805, 2.67569756508, 2.11596059799, 1.11846017838, 0.510656476021, 0.555098176003, 0.295918673277, 0.145559951663, 0.107694782317, 0.0343163274229, 0.0470152907073, 0.0160991959274, 0.00281705101952, 0.00322942435741, 0.00102446903475, 0.000250380835496, 0.00021848261531, 7.3928546044e-05, 1.72409181687e-05, 8.42606732476e-06, 5.10159679834e-06, 3.07119921672e-06, 1.56472867729e-06, 4.47492624289e-07, 1.54880342507e-06, 3.70063753508e-06], "dmean2": [0.00239104125649, 0.101543031633, 0.928552031517, 2.01456642151, 2.78134298325, 8.84120082855, 9.07957458496, 12.7818412781, 9.18423080444, 14.5498857498, 14.7837371826, 7.63286685944, 4.20250368118, 2.18216538429, 2.88207626343, 3.77501225471, 2.86394810677, 1.58382081985, 0.7965695858, 0.841262280941, 0.464676976204, 0.216022640467, 0.142360329628, 0.0451031439006, 0.0562302954495, 0.020091606304, 0.00402416102588, 0.00459667108953, 0.00155000493396, 0.000415481685195, 0.000315613171551, 0.000108738066046, 2.93764951493e-05, 1.43034876601e-05, 8.42879398988e-06, 4.95462154504e-06, 2.47395428232e-06, 7.44195119751e-07, 2.31283343055e-06, 5.57104067411e-06], "dvar": [2.65716571448e-05, 0.0401513725519, 4.19987678528, 14.3540744781, 17.4979190826, 388.707427979, 332.769744873, 918.094604492, 434.396728516, 2434.7434082, 2376.79663086, 3557.52416992, 263.246276855, 40.6226921082, 470.140625, 131.61781311, 174.018554688, 37.2231521606, 8.46927261353, 10.5097303391, 3.04124379158, 1.85563600063, 2.95817875862, 0.0958807319403, 0.816437423229, 0.0645001828671, 0.00104657572228, 0.00483711715788, 0.00033443805296, 1.40088841363e-05, 1.55984980665e-05, 1.20111485558e-06, 1.66395537349e-08, 1.00540731296e-09, 1.76782893879e-10, 5.52119044928e-11, 1.2928881056e-11, 1.13744441383e-12, 1.62470054771e-11, 9.13808195779e-11], "dvar2": [5.8430723584e-05, 0.095814883709, 9.88912963867, 39.4706993103, 49.0835723877, 923.36114502, 800.408813477, 2343.11401367, 1007.64758301, 4813.69970703, 5047.75048828, 6241.30175781, 489.469268799, 77.6473770142, 914.822998047, 236.211364746, 269.256896973, 68.0699005127, 22.0544166565, 24.2918338776, 7.21010637283, 4.00376415253, 5.37159967422, 0.1735753268, 1.0155081749, 0.129791796207, 0.00221845251508, 0.00802795775235, 0.000780058966484, 3.73535403924e-05, 3.62180253433e-05, 2.70687041848e-06, 4.11734895067e-08, 2.52633336473e-09, 4.23362733759e-10, 1.2757597756e-10, 2.8300825225e-11, 2.92901098341e-12, 3.12824280368e-11, 1.80273088124e-10], "max": [0.271953225136, 6.0082449913, 70.3338546753, 149.471038818, 135.925918579, 743.048400879, 775.082275391, 949.363891602, 859.932800293, 2089.99536133, 1711.8145752, 3240.98974609, 791.30847168, 325.105072021, 1688.55322266, 357.499908447, 683.430664062, 238.544830322, 167.588943481, 116.592597961, 86.2650604248, 63.1658439636, 102.063919067, 12.462433815, 55.542640686, 13.7041044235, 1.20027661324, 4.24051046371, 0.855086088181, 0.143588244915, 0.192612618208, 0.0531785972416, 0.00581570854411, 0.00111900595948, 0.000449064129498, 0.000244739407208, 9.92550703813e-05, 2.92670993076e-05, 0.000101553981949, 0.000241907429881], "mean": [0.00656964629889, 0.21598687768, 1.70262634754, 3.66707968712, 4.75821685791, 17.6134815216, 15.5485343933, 23.7258281708, 15.5957021713, 34.179725647, 36.3538665771, 18.3963546753, 7.38588666916, 4.3784661293, 5.02146291733, 8.909948349, 6.73092699051, 3.46914958954, 1.30867767334, 1.53101944923, 0.806237518787, 0.349733412266, 0.206850349903, 0.0763460546732, 0.0882886946201, 0.0257240030915, 0.00465262960643, 0.00536700244993, 0.00138687400613, 0.000284278823528, 0.000280913809547, 9.36364740483e-05, 2.78957541013e-05, 1.77461897692e-05, 1.37382567118e-05, 9.93857338472e-06, 5.7366269175e-06, 1.26323959648e-06, 6.97299628882e-06, 1.63292916113e-05], "median": [0.00104642822407, 0.0351182632148, 0.343996942043, 0.696692585945, 1.24424827099, 2.32141423225, 2.52226042747, 2.59894776344, 2.06028938293, 2.35840034485, 3.39112496376, 1.36444163322, 1.19054508209, 0.874108493328, 0.667274296284, 0.74626737833, 0.415744930506, 0.166241854429, 0.0618778765202, 0.0465088225901, 0.014425274916, 0.0033805007115, 0.00106665329076, 0.000261670618784, 7.63936113799e-05, 3.02982207359e-05, 1.75472559931e-05, 1.22803739941e-05, 1.04404070953e-05, 9.35590833251e-06, 8.49343996379e-06, 7.90374087956e-06, 7.14605494068e-06, 6.31585407973e-06, 5.30788292963e-06, 3.94639482693e-06, 2.33781747738e-06, 5.52669916942e-07, 2.33718969866e-06, 5.40476094102e-06], "min": [2.07243054476e-21, 1.04022073698e-20, 7.47951508649e-20, 8.62073546483e-20, 4.43677514718e-20, 1.54829237215e-19, 9.96592695e-20, 3.1276962996e-19, 1.12584616683e-18, 1.16596732168e-18, 1.12651690691e-18, 2.76702750965e-18, 2.73274459557e-18, 3.2682032147e-18, 3.15950961426e-18, 6.72580804221e-18, 5.51670904186e-18, 4.34609007001e-18, 5.33766662545e-18, 3.36361436246e-18, 4.77742464119e-18, 9.8311863368e-18, 1.83240804693e-17, 1.21575573634e-17, 7.30154642806e-18, 1.08080750597e-17, 1.71093359612e-17, 2.12572860824e-17, 2.62280575744e-17, 2.04326780016e-17, 1.8223963491e-17, 2.05710719355e-17, 1.46160018368e-17, 9.97219333428e-18, 7.20860855034e-18, 5.84480940464e-18, 3.17741021631e-18, 1.26241596071e-18, 3.02003925986e-19, 3.73752900235e-20], "var": [0.000407821091358, 0.251307398081, 16.7589149475, 69.7947921753, 125.560836792, 2881.12011719, 1443.80883789, 4893.14648438, 2067.78833008, 15898.921875, 13070.3964844, 12300.7480469, 885.876647949, 142.861709595, 863.784667969, 821.821655273, 788.347839355, 199.577316284, 33.4939880371, 39.1340026855, 15.7230634689, 4.46364736557, 5.94907951355, 0.322159767151, 2.44072556496, 0.112544566393, 0.00198502233252, 0.0124111827463, 0.000455176399555, 1.22375377032e-05, 1.9594845071e-05, 1.50143614519e-06, 2.15284980953e-08, 1.61226587636e-09, 5.81009462763e-10, 2.60393512308e-10, 8.04730310167e-11, 4.06455685081e-12, 1.35595146222e-10, 7.51767093021e-10]}, "gfcc": {"mean": [-325.326324463, 260.599334717, -59.1895141602, -64.1553726196, -22.6704597473, -10.2178106308, -33.4636154175, -18.5666351318, -11.3907375336, -13.5550355911, -8.81956672668, -13.9384279251, -7.37290287018], "cov": [[18967.8574219, 4084.4519043, -5364.46826172, -2191.22070312, 1606.0123291, -1344.35522461, -114.760185242, -166.746612549, 212.412521362, -342.269561768, 591.042480469, -360.218505859, -1.28684592247], [4084.4519043, 1921.4263916, -809.787780762, -1154.03869629, 319.703460693, -51.6044921875, -42.8621902466, -160.709869385, 119.692611694, -121.236961365, 119.774414062, -96.9547729492, 59.0864868164], [-5364.46826172, -809.787780762, 2167.93920898, 680.856811523, -529.807128906, 504.166595459, 125.163246155, 14.1376876831, -41.6074829102, 92.2889862061, -169.801300049, 104.24407959, 27.1145782471], [-2191.22070312, -1154.03869629, 680.856811523, 1139.04223633, -47.6081390381, 52.2590560913, 158.873092651, 183.728530884, -63.4970283508, 104.482940674, -60.6441764832, 65.8980636597, -34.9733123779], [1606.0123291, 319.703460693, -529.807128906, -47.6081390381, 461.365325928, -21.4452857971, -29.2104091644, 27.4101219177, 21.2272796631, -53.6477546692, 56.8145294189, -6.30568647385, 1.87748467922], [-1344.35522461, -51.6044921875, 504.166595459, 52.2590560913, -21.4452857971, 351.846221924, 94.8009033203, -27.5383453369, 10.6666412354, 26.3982696533, -56.3762664795, 9.61036777496, 9.67008495331], [-114.760185242, -42.8621902466, 125.163246155, 158.873092651, -29.2104091644, 94.8009033203, 194.873092651, 79.9330596924, 5.14091682434, 48.6628646851, -4.82113695145, -40.3760871887, -27.305480957], [-166.746612549, -160.709869385, 14.1376876831, 183.728530884, 27.4101219177, -27.5383453369, 79.9330596924, 169.106185913, 61.1829223633, 35.8832588196, 3.10771608353, -5.13153266907, -33.0493659973], [212.412521362, 119.692611694, -41.6074829102, -63.4970283508, 21.2272796631, 10.6666412354, 5.14091682434, 61.1829223633, 136.244934082, 56.3601608276, 5.92627859116, -1.79391765594, 9.17544460297], [-342.269561768, -121.236961365, 92.2889862061, 104.482940674, -53.6477546692, 26.3982696533, 48.6628646851, 35.8832588196, 56.3601608276, 108.817825317, 17.0299663544, -13.7743835449, -6.97218179703], [591.042480469, 119.774414062, -169.801300049, -60.6441764832, 56.8145294189, -56.3762664795, -4.82113695145, 3.10771608353, 5.92627859116, 17.0299663544, 82.440322876, 9.88789844513, -14.237402916], [-360.218505859, -96.9547729492, 104.24407959, 65.8980636597, -6.30568647385, 9.61036777496, -40.3760871887, -5.13153266907, -1.79391765594, -13.7743835449, 9.88789844513, 82.7865600586, 33.7617721558], [-1.28684592247, 59.0864868164, 27.1145782471, -34.9733123779, 1.87748467922, 9.67008495331, -27.305480957, -33.0493659973, 9.17544460297, -6.97218179703, -14.237402916, 33.7617721558, 72.1047897339]], "icov": [[0.00083815009566, -0.0010432342533, 0.00121810205746, -0.000967298285104, -0.000376475945814, 0.00165144575294, -0.00198227819055, 0.00238269870169, -0.00249482458457, 0.00266538350843, -0.0021366821602, 0.00145160162356, -0.000454009830719], [-0.0010432342533, 0.00549408048391, -0.00341712543741, 0.00540555501357, -0.00362761784345, 0.00198730896227, -0.00417282804847, 0.00191722461022, -0.00217394088395, 0.000596477184445, -0.000203611823963, 4.30622421845e-05, -0.00121345778462], [0.00121810205746, -0.00341712543741, 0.00462657725438, -0.00472892774269, 0.00392452161759, -0.00289806351066, 0.00204741512425, 0.000277623679722, -0.00160933821462, 0.00387829472311, -0.00349195883609, 0.00243400922045, -0.0012718931539], [-0.000967298285104, 0.00540555501357, -0.00472892774269, 0.00928276311606, -0.00695518404245, 0.00577935343608, -0.00735883973539, 0.000723790901247, 0.00247818976641, -0.00679511483759, 0.00693925982341, -0.00695864949375, 0.00244096852839], [-0.000376475945814, -0.00362761784345, 0.00392452161759, -0.00695518404245, 0.0115893781185, -0.0111095458269, 0.0121410861611, -0.00833693984896, 0.00317360693589, 0.00353126553819, -0.00579068111256, 0.00505728647113, -0.00349249644205], [0.00165144575294, 0.00198730896227, -0.00289806351066, 0.00577935343608, -0.0111095458269, 0.0194224864244, -0.0194129701704, 0.0154351545498, -0.00976716540754, 0.0016752864467, 0.00455737579614, -0.00537121063098, 0.00452137412503], [-0.00198227819055, -0.00417282804847, 0.00204741512425, -0.00735883973539, 0.0121410861611, -0.0194129701704, 0.0309869516641, -0.02244403027, 0.0166557915509, -0.00917259696871, -0.000694870715961, 0.00708670401946, -0.00368239125237], [0.00238269870169, 0.00191722461022, 0.000277623679722, 0.000723790901247, -0.00833693984896, 0.0154351545498, -0.02244403027, 0.0305014010519, -0.0238312222064, 0.0144084244967, -0.00529448222369, 0.000472955289297, 0.00550508126616], [-0.00249482458457, -0.00217394088395, -0.00160933821462, 0.00247818976641, 0.00317360693589, -0.00976716540754, 0.0166557915509, -0.0238312222064, 0.0352268144488, -0.0294433757663, 0.0179992187768, -0.0125271258876, 0.00224561407231], [0.00266538350843, 0.000596477184445, 0.00387829472311, -0.00679511483759, 0.00353126553819, 0.0016752864467, -0.00917259696871, 0.0144084244967, -0.0294433757663, 0.0447122305632, -0.0315577834845, 0.0248531941324, -0.0121796848252], [-0.0021366821602, -0.000203611823963, -0.00349195883609, 0.00693925982341, -0.00579068111256, 0.00455737579614, -0.000694870715961, -0.00529448222369, 0.0179992187768, -0.0315577834845, 0.0451807752252, -0.0305197294801, 0.0195268765092], [0.00145160162356, 4.30622421845e-05, 0.00243400922045, -0.00695864949375, 0.00505728647113, -0.00537121063098, 0.00708670401946, 0.000472955289297, -0.0125271258876, 0.0248531941324, -0.0305197294801, 0.0421253889799, -0.0225641783327], [-0.000454009830719, -0.00121345778462, -0.0012718931539, 0.00244096852839, -0.00349249644205, 0.00452137412503, -0.00368239125237, 0.00550508126616, 0.00224561407231, -0.0121796848252, 0.0195268765092, -0.0225641783327, 0.0300880223513]]}, "melbands": {"dmean": [3.23297645082e-05, 0.000224505842198, 0.000213528575841, 0.000247022428084, 0.000224651885219, 0.000174972607056, 8.13716978882e-05, 0.000125433274661, 7.36467191018e-05, 3.6473335058e-05, 1.37846882353e-05, 6.89880334903e-06, 6.02497539148e-06, 7.9200754044e-06, 4.67492645839e-06, 5.46604178453e-06, 1.6738473505e-06, 9.16499175219e-07, 7.23623202248e-07, 7.09291839485e-07, 2.89067401127e-07, 1.67824111941e-07, 1.00414560222e-07, 6.85277683488e-08, 2.41124364919e-08, 3.71475046279e-08, 1.86570989769e-08, 8.99387142539e-09, 1.85478787884e-09, 5.59730539695e-10, 2.5938009518e-09, 4.08516553918e-10, 2.7333410535e-10, 1.12432604893e-10, 9.78790173911e-11, 1.32845068279e-10, 2.36146519006e-11, 1.26729564343e-11, 8.22019275565e-12, 6.15971293069e-12], "dmean2": [5.15449028171e-05, 0.00036068999907, 0.000351532245986, 0.000392457208363, 0.000353233248461, 0.000281340500806, 0.000130984029965, 0.000183381707757, 0.000105486651591, 4.7059442295e-05, 2.06309523492e-05, 9.9949329524e-06, 8.48935906106e-06, 1.11119643407e-05, 6.60185287416e-06, 7.44911267248e-06, 2.44510965786e-06, 1.45325498124e-06, 1.09160771444e-06, 1.12014674869e-06, 4.60888060161e-07, 2.49874574365e-07, 1.42748248777e-07, 8.85952857743e-08, 3.3361072127e-08, 4.59476225956e-08, 2.29627783455e-08, 1.12506075567e-08, 2.71426947585e-09, 9.07678043838e-10, 3.61614693745e-09, 6.38063712977e-10, 4.33137775646e-10, 1.9907744897e-10, 1.43340464498e-10, 1.91169191588e-10, 4.12419022544e-11, 2.20683714358e-11, 1.46081497593e-11, 1.09624262792e-11], "dvar": [1.10192086566e-08, 5.9434717059e-07, 4.06483991355e-07, 5.75291664973e-07, 4.57588186009e-07, 4.11724414562e-07, 9.19530833698e-08, 4.00629517117e-07, 1.10948654708e-07, 1.62823226901e-07, 5.1533715073e-09, 8.80870543174e-10, 3.46812734087e-09, 1.78193426681e-09, 3.32357141808e-10, 1.88105264698e-09, 7.85314799301e-11, 3.21282341009e-11, 1.51544176513e-11, 1.8594124504e-11, 2.65533038266e-12, 2.46066231627e-12, 1.12956540822e-12, 1.37757741412e-12, 5.65014343906e-14, 4.54598571243e-13, 7.87267454461e-14, 2.70484504884e-14, 5.78252399492e-16, 4.5849092724e-17, 3.52265544412e-15, 6.2451811993e-17, 3.84007812943e-17, 3.98041668225e-18, 2.77529786821e-18, 5.98340930654e-18, 8.79961068735e-20, 1.02120874992e-20, 2.00184513899e-21, 4.21179627812e-22], "dvar2": [2.61422510306e-08, 1.38653501836e-06, 1.18585455766e-06, 1.30487399019e-06, 1.08978804292e-06, 1.06153174784e-06, 2.12055013549e-07, 7.73268652665e-07, 2.34316360093e-07, 2.83624814301e-07, 9.95065363441e-09, 1.72842373747e-09, 6.82347112146e-09, 3.08839531726e-09, 6.11890982327e-10, 2.81439116456e-09, 1.67673583351e-10, 8.52044129696e-11, 3.352204625e-11, 4.50497868176e-11, 6.35401974092e-12, 5.37308478959e-12, 2.11207028429e-12, 2.53317223968e-12, 1.07624507722e-13, 5.69973267802e-13, 1.05774804605e-13, 5.58002571287e-14, 1.13220289433e-15, 1.17025807295e-16, 5.73196597473e-15, 1.6438413406e-16, 9.81042493061e-17, 1.12614618524e-17, 6.41627085314e-18, 1.36464998367e-17, 2.34505083273e-19, 2.67323480539e-20, 5.44758008142e-21, 1.14694721064e-21], "max": [0.00463728280738, 0.0257219821215, 0.0210863072425, 0.0317704826593, 0.0226206164807, 0.0194066669792, 0.0110419671983, 0.0261666271836, 0.0113234994933, 0.0219827741385, 0.00322411465459, 0.00162498489954, 0.00456269877031, 0.00194842577912, 0.000627321715001, 0.00236243079416, 0.000299173028907, 0.000321797677316, 0.00012238623458, 0.000142090968438, 8.39203057694e-05, 6.88955406076e-05, 5.52072378923e-05, 7.04322810634e-05, 1.22211968119e-05, 4.11243709095e-05, 1.63449913089e-05, 9.15594682738e-06, 1.18837692753e-06, 2.29854663303e-07, 3.68322253053e-06, 4.19539560426e-07, 3.50552511463e-07, 9.69261435557e-08, 7.91432057667e-08, 1.18489623446e-07, 1.00333839015e-08, 4.51004433799e-09, 1.94656624153e-09, 5.90444082516e-10], "mean": [0.000120595614135, 0.000709787360393, 0.000624757725745, 0.000810321711469, 0.000618263962679, 0.000516733794939, 0.000213121500565, 0.000452536565717, 0.000255500606727, 0.000107578234747, 3.397636101e-05, 1.81503637577e-05, 1.41466261994e-05, 2.29481011047e-05, 1.59237279149e-05, 1.64514367498e-05, 4.81249207951e-06, 2.09391350836e-06, 1.93944174498e-06, 1.90820969692e-06, 7.17106161119e-07, 3.85663867064e-07, 2.03697410939e-07, 1.24861799122e-07, 5.49152332496e-08, 6.97077737755e-08, 3.28028910701e-08, 1.3389628073e-08, 2.93407209639e-09, 8.53678294721e-10, 4.3000820682e-09, 4.51077702968e-10, 3.12860376495e-10, 1.0714967108e-10, 1.21654283869e-10, 1.61935728715e-10, 2.27815283999e-11, 1.42093342301e-11, 8.92143997566e-12, 7.1855737506e-12], "median": [1.25566239149e-05, 0.000154075707542, 0.000146794962347, 0.000123077028547, 0.000112400506623, 5.86521127843e-05, 2.62212070083e-05, 2.33976879827e-05, 2.61236709775e-05, 6.04354909228e-06, 5.15482270202e-06, 3.45198691321e-06, 1.7909893586e-06, 1.69049712895e-06, 1.53933592628e-06, 5.99135830726e-07, 2.21389910848e-07, 7.25101116927e-08, 6.91440860123e-08, 3.09822922873e-08, 9.56412371522e-09, 3.06189740229e-09, 1.1359881924e-09, 4.07980538242e-10, 1.39911471297e-10, 5.41594234738e-11, 2.58316666668e-11, 1.32749410423e-11, 9.78926575218e-12, 7.03043916486e-12, 5.27210913814e-12, 4.5606682493e-12, 3.90162164729e-12, 3.43450593486e-12, 3.11194147708e-12, 2.89112288797e-12, 2.6849078516e-12, 2.5642849389e-12, 2.51941501515e-12, 2.43148014743e-12], "min": [2.03355861586e-23, 3.12677957103e-23, 1.28205153668e-23, 8.1486270729e-24, 4.29386180941e-24, 7.09451011058e-24, 1.7669513978e-23, 1.13872434545e-23, 1.00206160891e-23, 1.8267284373e-23, 1.3291211314e-23, 1.35119708829e-23, 8.68406010143e-24, 1.72355899931e-23, 1.72735815343e-23, 8.5154742151e-24, 8.11636739504e-24, 9.0067681094e-24, 3.72168640093e-24, 7.21746907101e-24, 5.09152088031e-24, 8.58016238705e-24, 1.57913544918e-23, 1.61192839701e-23, 9.24907620277e-24, 5.61329320455e-24, 5.12386654401e-24, 7.60363620564e-24, 1.1374525439e-23, 9.46328664842e-24, 1.30701480337e-23, 1.64292463525e-23, 1.11144640309e-23, 1.1099803051e-23, 9.58284325177e-24, 1.27688623325e-23, 1.26736625984e-23, 1.03345693187e-23, 8.28555912655e-24, 8.71903661625e-24], "var": [1.07925771431e-07, 2.61404693447e-06, 1.70901148522e-06, 5.96423205934e-06, 1.87304249266e-06, 2.10650000554e-06, 3.93771529161e-07, 2.74448370874e-06, 5.98845588229e-07, 5.60522835258e-07, 1.6723015861e-08, 2.8253415163e-09, 6.23364959651e-09, 7.02967062338e-09, 1.97423655202e-09, 8.26030532863e-09, 3.95740995529e-10, 1.12731643465e-10, 5.88321127926e-11, 7.3805933587e-11, 1.33362357616e-11, 6.00471842388e-12, 2.43014354299e-12, 2.70356827203e-12, 2.1895300243e-13, 1.35881204292e-12, 2.2629172299e-13, 4.45964066457e-14, 1.27126156383e-15, 5.70249843965e-17, 9.19466969739e-15, 5.42305896162e-17, 3.56400296039e-17, 2.8390323412e-18, 3.50786907782e-18, 7.65031886154e-18, 7.26501358272e-20, 1.22586066517e-20, 1.68609680902e-21, 4.20721280694e-22]}, "mfcc": {"mean": [-901.229003906, 225.175949097, 48.7082366943, -12.963555336, 0.537285029888, 4.3030834198, -4.8847951889, -8.65898036957, -7.26294994354, -5.38845062256, -3.76700401306, -1.66559648514, -2.29281425476], "cov": [[7867.54443359, 5034.72021484, -2090.70117188, -1387.31616211, 290.602996826, -230.692642212, -484.58682251, -188.156784058, -114.425361633, -104.836448669, -46.2852134705, 92.374130249, 72.087348938], [5034.72021484, 3712.484375, -859.010803223, -1094.14221191, 18.4757995605, -77.387588501, -304.531433105, -162.453414917, -79.9778137207, -91.1879196167, -56.6556892395, 30.657661438, 22.3200740814], [-2090.70117188, -859.010803223, 1200.94396973, 355.799285889, -281.006317139, 107.492973328, 199.417388916, 36.9814910889, 25.6751422882, 40.5298309326, 12.4262914658, -43.059677124, -33.4343070984], [-1387.31616211, -1094.14221191, 355.799285889, 646.370544434, 123.677780151, 7.88487863541, 155.168731689, 118.949005127, 48.4231262207, 61.2034835815, 52.5590438843, 18.2862987518, 25.379327774], [290.602996826, 18.4757995605, -281.006317139, 123.677780151, 338.369842529, 95.9473953247, -10.4413795471, 56.2426795959, 44.1760673523, -11.2556734085, -6.69252681732, 26.4362068176, 38.4024887085], [-230.692642212, -77.387588501, 107.492973328, 7.88487863541, 95.9473953247, 208.247756958, 112.619979858, 28.0524177551, 28.7696342468, 9.93267345428, -11.8144378662, -14.4616928101, -5.81369304657], [-484.58682251, -304.531433105, 199.417388916, 155.168731689, -10.4413795471, 112.619979858, 209.136764526, 97.9645462036, 17.2824611664, 44.1960144043, 40.1522979736, -2.76457619667, -14.7545967102], [-188.156784058, -162.453414917, 36.9814910889, 118.949005127, 56.2426795959, 28.0524177551, 97.9645462036, 128.962677002, 66.8939437866, 25.0337867737, 32.8451194763, 24.951215744, 8.89222431183], [-114.425361633, -79.9778137207, 25.6751422882, 48.4231262207, 44.1760673523, 28.7696342468, 17.2824611664, 66.8939437866, 113.581573486, 70.7280731201, 21.0406417847, 14.9282026291, 24.0927715302], [-104.836448669, -91.1879196167, 40.5298309326, 61.2034835815, -11.2556734085, 9.93267345428, 44.1960144043, 25.0337867737, 70.7280731201, 136.083770752, 79.9860534668, 14.5082626343, 15.838013649], [-46.2852134705, -56.6556892395, 12.4262914658, 52.5590438843, -6.69252681732, -11.8144378662, 40.1522979736, 32.8451194763, 21.0406417847, 79.9860534668, 111.596084595, 53.9572219849, 5.64545869827], [92.374130249, 30.657661438, -43.059677124, 18.2862987518, 26.4362068176, -14.4616928101, -2.76457619667, 24.951215744, 14.9282026291, 14.5082626343, 53.9572219849, 80.8643569946, 50.3816795349], [72.087348938, 22.3200740814, -33.4343070984, 25.379327774, 38.4024887085, -5.81369304657, -14.7545967102, 8.89222431183, 24.0927715302, 15.838013649, 5.64545869827, 50.3816795349, 87.6848068237]], "icov": [[2.2485666275, -3.16639900208, 3.12248373032, -3.05919265747, 2.94102501869, -2.78055620193, 2.5479490757, -2.22812724113, 1.84115040302, -1.40373539925, 0.962939441204, -0.571563839912, 0.229828283191], [-3.16639900208, 4.45969152451, -4.39784622192, 4.31067991257, -4.14451646805, 3.91904044151, -3.5910847187, 3.13968253136, -2.59349489212, 1.976547122, -1.35544645786, 0.804070055485, -0.323462456465], [3.12248373032, -4.39784622192, 4.34075880051, -4.25553369522, 4.09564256668, -3.87447571754, 3.54945755005, -3.10214519501, 2.56012821198, -1.94866335392, 1.33478701115, -0.790501594543, 0.317308485508], [-3.05919265747, 4.31067991257, -4.25553369522, 4.18027925491, -4.02516317368, 3.81261563301, -3.49595546722, 3.0526509285, -2.51749229431, 1.91322183609, -1.30888867378, 0.774189949036, -0.311430156231], [2.94102501869, -4.14451646805, 4.09564256668, -4.02516317368, 3.88724970818, -3.68628430367, 3.38336253166, -2.95712685585, 2.43414235115, -1.84546267986, 1.2585965395, -0.741439044476, 0.295644581318], [-2.78055620193, 3.91904044151, -3.87447571754, 3.81261563301, -3.68628430367, 3.511480093, -3.22939753532, 2.8246421814, -2.32733416557, 1.76144659519, -1.19584918022, 0.702708244324, -0.280543506145], [2.5479490757, -3.5910847187, 3.54945755005, -3.49595546722, 3.38336253166, -3.22939753532, 2.98924612999, -2.62172651291, 2.16193461418, -1.63749229908, 1.10822081566, -0.648011565208, 0.260364294052], [-2.22812724113, 3.13968253136, -3.10214519501, 3.0526509285, -2.95712685585, 2.8246421814, -2.62172651291, 2.32083487511, -1.91662049294, 1.45430576801, -0.987586975098, 0.574361979961, -0.230442330241], [1.84115040302, -2.59349489212, 2.56012821198, -2.51749229431, 2.43414235115, -2.32733416557, 2.16193461418, -1.91662049294, 1.6046526432, -1.22424721718, 0.836328923702, -0.492356389761, 0.198427557945], [-1.40373539925, 1.976547122, -1.94866335392, 1.91322183609, -1.84546267986, 1.76144659519, -1.63749229908, 1.45430576801, -1.22424721718, 0.96049785614, -0.670618414879, 0.404817193747, -0.170400992036], [0.962939441204, -1.35544645786, 1.33478701115, -1.30888867378, 1.2585965395, -1.19584918022, 1.10822081566, -0.987586975098, 0.836328923702, -0.670618414879, 0.495402038097, -0.311144202948, 0.135518819094], [-0.571563839912, 0.804070055485, -0.790501594543, 0.774189949036, -0.741439044476, 0.702708244324, -0.648011565208, 0.574361979961, -0.492356389761, 0.404817193747, -0.311144202948, 0.222474962473, -0.101889111102], [0.229828283191, -0.323462456465, 0.317308485508, -0.311430156231, 0.295644581318, -0.280543506145, 0.260364294052, -0.230442330241, 0.198427557945, -0.170400992036, 0.135518819094, -0.101889111102, 0.0610998421907]]}, "spectral_contrast_coeffs": {"dmean": [0.0337065830827, 0.0293047372252, 0.0214934945107, 0.0188246425241, 0.0158052295446, 0.0227661542594], "dmean2": [0.0568944215775, 0.0481289811432, 0.0343313701451, 0.0304982531816, 0.02584416233, 0.0401067622006], "dvar": [0.000917515601031, 0.000997245893814, 0.000539395608939, 0.000411414861446, 0.000287437142106, 0.000620138423983], "dvar2": [0.00256433989853, 0.00249123456888, 0.00128485437017, 0.000972733832896, 0.000623967323918, 0.00169702782296], "max": [-0.234913855791, -0.347276479006, -0.432845294476, -0.506603062153, -0.545530974865, -0.623658239841], "mean": [-0.579969108105, -0.686108052731, -0.747507810593, -0.730793595314, -0.792384982109, -0.910586774349], "median": [-0.585942029953, -0.692393600941, -0.748615324497, -0.72664308548, -0.789660215378, -0.910109639168], "min": [-0.963733017445, -0.954497992992, -0.956576764584, -0.964083850384, -0.955137073994, -0.96407854557], "var": [0.0131519120187, 0.0111868996173, 0.00539811793715, 0.00561379641294, 0.00712875137106, 0.00139913917519]}, "spectral_contrast_valleys": {"dmean": [0.337011307478, 0.251016616821, 0.21965393424, 0.224650472403, 0.226359456778, 0.613703846931], "dmean2": [0.559667170048, 0.40208402276, 0.348170131445, 0.356530845165, 0.376975029707, 1.08150315285], "dvar": [0.1528005898, 0.140076830983, 0.123889297247, 0.149706676602, 0.13940359652, 0.377962976694], "dvar2": [0.292306154966, 0.218097493052, 0.187720924616, 0.243023633957, 0.266431570053, 1.09971880913], "max": [-5.66110372543, -4.59097003937, -5.88025760651, -6.44920158386, -8.06982135773, -12.0465660095], "mean": [-8.73159980774, -7.92379903793, -9.35225296021, -11.1367559433, -13.2561120987, -15.0377702713], "med