{"lowlevel": {"average_loudness": 0.773505568504, "barkbands_crest": {"dmean": 2.17652344704, "dmean2": 3.4738175869, "dvar": 3.7340798378, "dvar2": 9.81525993347, "max": 24.7566986084, "mean": 12.1165065765, "median": 11.5954437256, "min": 4.70747041702, "var": 14.5877809525}, "barkbands_flatness_db": {"dmean": 0.0183306802064, "dmean2": 0.0275961551815, "dvar": 0.000350356189301, "dvar2": 0.000840051157866, "max": 0.426682025194, "mean": 0.251371562481, "median": 0.253337442875, "min": 0.048837210983, "var": 0.00417039962485}, "barkbands_kurtosis": {"dmean": 4.38362550735, "dmean2": 6.91356658936, "dvar": 31.6290225983, "dvar2": 83.3913726807, "max": 81.5657806396, "mean": 13.1080350876, "median": 10.7520809174, "min": -0.474683761597, "var": 110.893157959}, "barkbands_skewness": {"dmean": 0.501595675945, "dmean2": 0.802985727787, "dvar": 0.249464616179, "dvar2": 0.634751617908, "max": 6.87508440018, "mean": 2.44045758247, "median": 2.45447278023, "min": -2.40720009804, "var": 1.82224464417}, "barkbands_spread": {"dmean": 1.20931529999, "dmean2": 1.86671483517, "dvar": 3.90237522125, "dvar2": 9.59529495239, "max": 54.6113929749, "mean": 5.70787143707, "median": 4.26279878616, "min": 0.919892251492, "var": 29.0806999207}, "dissonance": {"dmean": 0.0214177910239, "dmean2": 0.0365287400782, "dvar": 0.000418918731157, "dvar2": 0.00117021857295, "max": 0.499999970198, "mean": 0.422238320112, "median": 0.427861392498, "min": 0.253406822681, "var": 0.00153803406283}, "dynamic_complexity": 3.72429490089, "erbbands_crest": {"dmean": 2.01278686523, "dmean2": 3.19960856438, "dvar": 3.38986420631, "dvar2": 8.52541446686, "max": 24.9171047211, "mean": 9.32226753235, "median": 8.63324546814, "min": 2.66764712334, "var": 12.9841041565}, "erbbands_flatness_db": {"dmean": 0.0134273720905, "dmean2": 0.020782308653, "dvar": 0.000230449790251, "dvar2": 0.000545640650671, "max": 0.311785072088, "mean": 0.209566265345, "median": 0.212372988462, "min": 0.0609064884484, "var": 0.00192745914683}, "erbbands_kurtosis": {"dmean": 0.856185674667, "dmean2": 1.33629024029, "dvar": 0.746625185013, "dvar2": 1.81650984287, "max": 12.0992555618, "mean": 1.01350903511, "median": 0.583133101463, "min": -1.25313591957, "var": 2.87851953506}, "erbbands_skewness": {"dmean": 0.280402809381, "dmean2": 0.429282993078, "dvar": 0.0538283362985, "dvar2": 0.128616526723, "max": 2.96473574638, "mean": 0.960197210312, "median": 0.97779750824, "min": -0.892883777618, "var": 0.422216564417}, "erbbands_spread": {"dmean": 3.81285071373, "dmean2": 6.16272926331, "dvar": 23.8449115753, "dvar2": 61.8611717224, "max": 93.9502716064, "mean": 25.376001358, "median": 23.9906654358, "min": 6.03374767303, "var": 86.1895141602}, "hfc": {"dmean": 1.80596065521, "dmean2": 2.82900834084, "dvar": 8.64255142212, "dvar2": 23.6054363251, "max": 51.7072067261, "mean": 8.2105550766, "median": 6.16864204407, "min": 1.10090447107e-16, "var": 46.7393798828}, "melbands_crest": {"dmean": 2.78283452988, "dmean2": 4.38818693161, "dvar": 6.03285169601, "dvar2": 14.987247467, "max": 32.3104667664, "mean": 16.3108539581, "median": 16.3585586548, "min": 1.57283341885, "var": 30.6388950348}, "melbands_flatness_db": {"dmean": 0.0206806398928, "dmean2": 0.0312112551183, "dvar": 0.000520316883922, "dvar2": 0.00118213903625, "max": 0.559579312801, "mean": 0.361639022827, "median": 0.37044519186, "min": 0.00371044455096, "var": 0.00946876313537}, "melbands_kurtosis": {"dmean": 7.41354894638, "dmean2": 12.0972547531, "dvar": 114.824691772, "dvar2": 312.113922119, "max": 160.259872437, "mean": 23.8455448151, "median": 19.2614364624, "min": -1.40884029865, "var": 410.937866211}, "melbands_skewness": {"dmean": 0.561253368855, "dmean2": 0.916693270206, "dvar": 0.313637912273, "dvar2": 0.814524114132, "max": 9.11714458466, "mean": 3.28855109215, "median": 3.23544311523, "min": -0.34463468194, "var": 2.06242895126}, "melbands_spread": {"dmean": 1.77667570114, "dmean2": 2.82914996147, "dvar": 37.4583969116, "dvar2": 86.4442138672, "max": 158.071899414, "mean": 10.1859016418, "median": 4.00228118896, "min": 0.678744137287, "var": 705.944091797}, "pitch_salience": {"dmean": 0.0690008625388, "dmean2": 0.111362151802, "dvar": 0.00370219233446, "dvar2": 0.00974384881556, "max": 0.919667124748, "mean": 0.589009642601, "median": 0.599526643753, "min": 0.177225738764, "var": 0.0137716410682}, "silence_rate_20dB": {"dmean": 0.00130123621784, "dmean2": 0.00260416674428, "dvar": 0.00129953026772, "dvar2": 0.00389941292815, "max": 1, "mean": 0.999349832535, "median": 1, "min": 0, "var": 0.000649769441225}, "silence_rate_30dB": {"dmean": 0.0312296673656, "dmean2": 0.0625, "dvar": 0.0302549917251, "dvar2": 0.07421875, "max": 1, "mean": 0.907672286034, "median": 1, "min": 0, "var": 0.083802446723}, "silence_rate_60dB": {"dmean": 0.00260247243568, "dmean2": 0.00520833348855, "dvar": 0.00259571452625, "dvar2": 0.00518125854433, "max": 1, "mean": 0.0903771147132, "median": 0, "min": 0, "var": 0.082208506763}, "spectral_centroid": {"dmean": 74.2340774536, "dmean2": 118.06414032, "dvar": 88430.8359375, "dvar2": 149672.265625, "max": 11646.8798828, "mean": 810.921508789, "median": 343.140258789, "min": 174.618865967, "var": 4598467}, "spectral_complexity": {"dmean": 1.31034481525, "dmean2": 2.19401049614, "dvar": 1.81977200508, "dvar2": 4.43630218506, "max": 24, "mean": 10.3133935928, "median": 11, "min": 0, "var": 16.3555736542}, "spectral_decrease": {"dmean": 3.39228711788e-09, "dmean2": 5.47726131117e-09, "dvar": 3.94654719305e-17, "dvar2": 1.12618761045e-16, "max": 1.6223961228e-19, "mean": -1.08745110694e-08, "median": -7.35411553876e-09, "min": -1.16737027156e-07, "var": 1.40734616831e-16}, "spectral_energy": {"dmean": 0.0129541670904, "dmean2": 0.0209059324116, "dvar": 0.00057379307691, "dvar2": 0.00163709791377, "max": 0.445281773806, "mean": 0.0417875126004, "median": 0.0282493084669, "min": 1.02139349231e-20, "var": 0.00205502938479}, "spectral_energyband_high": {"dmean": 1.74454980879e-05, "dmean2": 2.89413201244e-05, "dvar": 3.8304732719e-09, "dvar2": 9.80360148617e-09, "max": 0.000813667429611, "mean": 3.29352078552e-05, "median": 1.17443541967e-05, "min": 7.16263851125e-21, "var": 5.75752467924e-09}, "spectral_energyband_low": {"dmean": 0.0105682974681, "dmean2": 0.0176319573075, "dvar": 0.000524806731846, "dvar2": 0.00151055201422, "max": 0.415734738111, "mean": 0.023862330243, "median": 0.010836083442, "min": 2.05485028724e-23, "var": 0.00153411936481}, "spectral_energyband_middle_high": {"dmean": 0.000197442408535, "dmean2": 0.000282123946818, "dvar": 7.30852036668e-08, "dvar2": 1.55663258283e-07, "max": 0.0066360575147, "mean": 0.000954602495767, "median": 0.000769841310102, "min": 1.26671755112e-21, "var": 7.24852213807e-07}, "spectral_energyband_middle_low": {"dmean": 0.00566598214209, "dmean2": 0.00863252673298, "dvar": 5.39374741493e-05, "dvar2": 0.000144515492138, "max": 0.121355339885, "mean": 0.0185976307839, "median": 0.0150196161121, "min": 1.85320125244e-22, "var": 0.000234591963817}, "spectral_entropy": {"dmean": 0.15644736588, "dmean2": 0.242335602641, "dvar": 0.0314463451505, "dvar2": 0.0762073919177, "max": 9.82019901276, "mean": 6.44902896881, "median": 6.32452869415, "min": 5.2627658844, "var": 0.615572035313}, "spectral_flux": {"dmean": 0.0206038951874, "dmean2": 0.0345789566636, "dvar": 0.000788080447819, "dvar2": 0.00192461733241, "max": 0.406140804291, "mean": 0.0678664371371, "median": 0.0526774376631, "min": 6.43862047012e-11, "var": 0.00280878343619}, "spectral_kurtosis": {"dmean": 6.29609775543, "dmean2": 10.8006830215, "dvar": 36.9051628113, "dvar2": 107.321868896, "max": 64.2440032959, "mean": 18.4965782166, "median": 16.9334983826, "min": -1.2620049715, "var": 111.944587708}, "spectral_rms": {"dmean": 0.000809822813608, "dmean2": 0.00126579997595, "dvar": 1.17234537811e-06, "dvar2": 3.21936204273e-06, "max": 0.0208427738398, "mean": 0.00561860203743, "median": 0.0052497908473, "min": 3.15670948582e-12, "var": 9.19957619772e-06}, "spectral_rolloff": {"dmean": 89.887046814, "dmean2": 157.853271484, "dvar": 456408.90625, "dvar2": 914039.75, "max": 19552.1484375, "mean": 1113.58959961, "median": 279.931640625, "min": 107.666015625, "var": 14131317}, "spectral_skewness": {"dmean": 0.455997347832, "dmean2": 0.777073085308, "dvar": 0.167386293411, "dvar2": 0.470705062151, "max": 5.71183538437, "mean": 3.07631731033, "median": 3.07126140594, "min": -0.0633552595973, "var": 0.973341703415}, "spectral_spread": {"dmean": 394328.90625, "dmean2": 659651.4375, "dvar": 1388104777730.0, "dvar2": 2707764281340.0, "max": 42298116, "mean": 3866860.75, "median": 2102801.25, "min": 877385.1875, "var": 59368242413600.0}, "spectral_strongpeak": {"dmean": 0.25586643815, "dmean2": 0.418302506208, "dvar": 0.0938012003899, "dvar2": 0.236812397838, "max": 2.89863300323, "mean": 0.716755390167, "median": 0.587285816669, "min": 0, "var": 0.321364849806}, "zerocrossingrate": {"dmean": 0.00341002666391, "dmean2": 0.00502999639139, "dvar": 0.000270466378424, "dvar2": 0.000509051431436, "max": 0.52392578125, "mean": 0.0365842655301, "median": 0.01513671875, "min": 0.00390625, "var": 0.00981750432402}, "barkbands": {"dmean": [0.000584816094488, 0.00617548031732, 0.00549478409812, 0.00290462584235, 0.00351817486808, 0.000815090839751, 0.000176020752406, 0.000297120306641, 6.58082863083e-05, 0.000158028822625, 7.60532275308e-05, 4.51455198345e-05, 0.000111230030598, 1.47739865497e-05, 2.00781796593e-05, 1.62318792718e-05, 1.99815694941e-05, 7.51967218093e-06, 6.91299601385e-06, 6.01118608756e-06, 5.07876029587e-06, 2.16260559682e-06, 2.85310647996e-06, 3.04339300783e-06, 2.67732525572e-06, 1.12749307846e-06, 1.00414702331e-07], "dmean2": [0.00102015922312, 0.0102060036734, 0.00937824416906, 0.00475733913481, 0.00524375587702, 0.00113438058179, 0.000269287469564, 0.000509357487317, 8.16928732092e-05, 0.000236776351812, 9.28928566282e-05, 7.13828922017e-05, 0.000166019177414, 2.3609116397e-05, 3.15565666824e-05, 2.75174479611e-05, 3.17786871165e-05, 1.15049797387e-05, 1.0812266737e-05, 1.00852439573e-05, 8.28925931273e-06, 3.73416423827e-06, 4.68842335977e-06, 5.16723366673e-06, 4.14865689891e-06, 1.95549273485e-06, 1.74621504812e-07], "dvar": [1.14992030831e-06, 0.000141753669595, 0.000226733085583, 1.86789493455e-05, 2.83114131889e-05, 1.23519123463e-06, 8.38635330069e-08, 3.01231892763e-07, 7.35457783563e-09, 8.46568894985e-08, 7.8852560037e-09, 8.34462632326e-09, 3.98226589482e-08, 5.77083880682e-10, 8.27115653745e-10, 8.1930345841e-10, 1.87210091873e-09, 4.71936212332e-10, 3.09553910283e-10, 4.18241830058e-10, 1.79819631407e-10, 1.56945581531e-10, 1.56288135211e-10, 2.03493777384e-10, 1.82171958074e-10, 5.65084576354e-11, 1.95400065486e-13], "dvar2": [3.25628047904e-06, 0.000390554807382, 0.000683314166963, 5.32252597623e-05, 6.61819649395e-05, 2.51064261647e-06, 2.48013009241e-07, 9.74488216343e-07, 1.13596554385e-08, 2.12699887925e-07, 1.14234319781e-08, 2.35333459386e-08, 8.68873897275e-08, 1.46667555878e-09, 1.97264138357e-09, 2.29459273804e-09, 4.25099733192e-09, 8.94070095736e-10, 7.86145371023e-10, 1.15302356551e-09, 4.6922382646e-10, 4.36339325782e-10, 4.00982164139e-10, 5.54754187032e-10, 4.14174000651e-10, 1.55960022674e-10, 5.29143731869e-13], "max": [0.00989140477031, 0.154333367944, 0.30550429225, 0.0621668174863, 0.106525927782, 0.0390941798687, 0.00422158045694, 0.00594028457999, 0.00185668165796, 0.00684252567589, 0.00160469312686, 0.00202435441315, 0.00264217541553, 0.000484797783429, 0.000388121203287, 0.000419590534875, 0.000746342935599, 0.000568064977415, 0.000267606024863, 0.000474719970953, 0.000175705295987, 0.000255896418821, 0.000162123906193, 0.00017632971867, 0.000233353639487, 0.000155110785272, 8.25229017209e-06], "mean": [0.000616387347691, 0.0116324881092, 0.0100970976055, 0.00546911824495, 0.008140954189, 0.00321297370829, 0.000585872563533, 0.000618804362603, 0.000218266373849, 0.000422402459662, 0.000197837740416, 0.000124404468806, 0.000211890495848, 3.957865556e-05, 5.17653206771e-05, 3.026043305e-05, 3.87455147575e-05, 1.84812270163e-05, 2.13377261389e-05, 1.18946627481e-05, 1.03169613794e-05, 3.28550117956e-06, 4.27652685175e-06, 3.9824817577e-06, 3.78698496206e-06, 1.23629592963e-06, 1.67441470467e-07], "median": [7.97070679255e-05, 0.00553294969723, 0.00306400284171, 0.00255253608339, 0.00511434441432, 0.00122338288929, 0.000273151788861, 0.000342644285411, 0.000148378472659, 0.000219210764044, 0.000142861012137, 6.87102292432e-05, 8.80805382621e-05, 1.98831949092e-05, 2.9696004276e-05, 2.03090585273e-05, 1.97483623197e-05, 6.39503195998e-06, 4.98211693412e-06, 6.63118680677e-06, 1.49801530824e-06, 9.89573891275e-07, 2.69095949079e-07, 2.98784385677e-07, 2.25447990942e-07, 2.00082240553e-07, 1.27233818148e-07], "min": [1.08745609772e-24, 2.4481047849e-24, 8.56174406264e-25, 4.87506573096e-25, 1.23014938006e-23, 9.00371048453e-24, 9.37036987784e-24, 8.09147173374e-24, 1.66168232762e-23, 1.8245148936e-23, 6.1641307144e-24, 3.24343442843e-23, 4.25019891051e-23, 3.12676758035e-23, 4.60665770122e-23, 3.42962895234e-23, 7.73158534239e-23, 1.20750295052e-22, 1.3051213952e-22, 1.58336992831e-22, 2.2240235594e-22, 3.35142923392e-22, 4.46454680728e-22, 5.55800596689e-22, 8.90290494713e-22, 1.28671538964e-21, 2.00213735831e-21], "var": [1.34609217639e-06, 0.000315399724059, 0.000637943099719, 5.64061811019e-05, 9.13849362405e-05, 3.03521119349e-05, 5.75552292048e-07, 6.6479429961e-07, 5.34419264397e-08, 4.45633020263e-07, 3.66864441048e-08, 2.78662977138e-08, 1.13834076387e-07, 3.18751136597e-09, 3.53407902942e-09, 1.15575460313e-09, 3.84909526474e-09, 2.00824268326e-09, 1.64707225636e-09, 4.59728421998e-10, 4.86356399598e-10, 1.31920641078e-10, 1.92593233028e-10, 2.20098425596e-10, 2.96867669336e-10, 5.07245773163e-11, 1.63054547078e-13]}, "erbbands": {"dmean": [0.114528849721, 1.70988690853, 6.48534917831, 6.11486339569, 13.2192277908, 11.9246587753, 4.01028013229, 7.48869562149, 2.00142073631, 6.12788438797, 3.02946782112, 1.69428241253, 6.47860145569, 1.33475923538, 2.68807053566, 2.32377004623, 5.31206941605, 0.838431954384, 1.03689861298, 0.812066674232, 0.999211370945, 0.752810955048, 0.436847925186, 0.281143009663, 0.340397506952, 0.317992538214, 0.265535145998, 0.102052688599, 0.0613105297089, 0.089269682765, 0.0721981301904, 0.0822501853108, 0.0461498089135, 0.026798678562, 0.0202624760568, 0.00542422523722, 0.00200507114641, 0.000507870456204, 2.49008899118e-05, 1.42047492773e-05], "dmean2": [0.193718373775, 2.82809615135, 11.0819501877, 10.3700895309, 21.0372753143, 17.308763504, 5.90299797058, 10.7710418701, 2.65156006813, 10.3865394592, 5.1993432045, 1.99448299408, 9.90295505524, 1.68110311031, 3.31212425232, 3.5509929657, 7.98008108139, 1.30686807632, 1.62755692005, 1.32335686684, 1.63495218754, 1.20036661625, 0.684968948364, 0.444021701813, 0.520759403706, 0.541241288185, 0.440523505211, 0.164407208562, 0.102888971567, 0.151085227728, 0.119833856821, 0.142472416162, 0.0769945904613, 0.0442105941474, 0.0303768347949, 0.00792159885168, 0.0035940867383, 0.000936675583944, 4.28603525506e-05, 2.2716651074e-05], "dvar": [0.0436391346157, 11.80037117, 287.224884033, 112.668632507, 380.208648682, 343.987548828, 32.2048912048, 96.0256652832, 6.93421316147, 151.826980591, 27.8338451385, 4.80561685562, 146.438095093, 2.48212480545, 9.16331481934, 17.1545295715, 90.3683242798, 2.36643958092, 2.48530244827, 0.962317466736, 3.44389081001, 2.25003767014, 1.12407541275, 0.601761341095, 0.786243200302, 1.55746197701, 0.375194698572, 0.0819573253393, 0.088794618845, 0.213699087501, 0.103608362377, 0.18344078958, 0.0566079542041, 0.0165467225015, 0.0119323208928, 0.000721605494618, 0.000218585031689, 1.82223720913e-05, 1.35639695031e-08, 7.06346037216e-10], "dvar2": [0.131336972117, 32.7858467102, 850.97454834, 336.563934326, 1128.69128418, 655.124084473, 69.7515335083, 228.601974487, 13.7233047485, 508.588409424, 87.8762512207, 6.13670539856, 381.037109375, 4.16089057922, 13.7730369568, 46.7866477966, 198.015182495, 5.85699892044, 5.94396829605, 2.39038968086, 8.70662403107, 5.16345405579, 2.34541726112, 1.41542851925, 1.93225157261, 4.3410115242, 0.98908084631, 0.209757134318, 0.243727937341, 0.584056437016, 0.260305404663, 0.516080856323, 0.152228474617, 0.0404402054846, 0.0254071559757, 0.00155077304225, 0.000625160522759, 5.32981175638e-05, 3.73690838273e-08, 2.00634842074e-09], "max": [2.26205992699, 40.8332557678, 337.70098877, 124.074325562, 230.970855713, 461.494812012, 159.001220703, 325.179626465, 62.2500114441, 140.528793335, 63.2948493958, 49.7027053833, 266.352355957, 37.2638397217, 51.1159973145, 89.0730438232, 125.068489075, 30.7245330811, 26.9421730042, 12.5826215744, 28.7652072906, 20.8668308258, 27.2786865234, 12.998468399, 11.9364690781, 29.3171749115, 7.7275595665, 3.6500210762, 6.28226804733, 8.97658538818, 4.23142623901, 5.24231910706, 4.62887859344, 1.78480410576, 2.24136209488, 0.545882344246, 0.279165327549, 0.0850192978978, 0.00206350628287, 0.000483149866341], "mean": [0.204072311521, 3.06340384483, 12.1084051132, 12.6883201599, 27.0096874237, 28.8155403137, 18.7204227448, 27.6244258881, 9.2566242218, 13.4848384857, 7.59792232513, 6.22549772263, 15.5022439957, 5.00565004349, 8.10000705719, 6.83111381531, 10.4003953934, 2.59434628487, 2.57741189003, 2.10179376602, 1.94966983795, 1.71493709087, 1.10208284855, 0.805623829365, 1.07903313637, 0.609533429146, 0.548467993736, 0.2132614851, 0.112558670342, 0.123162865639, 0.110576190054, 0.104909382761, 0.060508530587, 0.0410433039069, 0.02554500103, 0.00766823301092, 0.00177649594843, 0.000428076775279, 5.10060053784e-05, 4.75348788314e-05], "median": [0.0811229869723, 1.21992182732, 3.96391963959, 6.29894161224, 17.8877677917, 16.4423389435, 11.2539415359, 11.7040901184, 5.68199062347, 6.57629299164, 5.0723567009, 4.40491199493, 7.17782688141, 3.6455821991, 6.1539940834, 4.14014816284, 4.59027290344, 1.32343912125, 1.59361088276, 1.53063344955, 1.26585566998, 0.959894418716, 0.504683732986, 0.292429625988, 0.215802162886, 0.331357359886, 0.184788018465, 0.0320969335735, 0.0216521956027, 0.0320144221187, 0.00846907868981, 0.00637857802212, 0.0044968072325, 0.00271413149312, 0.00153028196655, 0.000845736358315, 0.000374411290977, 0.000115540038678, 3.7033449189e-05, 3.26152003254e-05], "min": [1.52246999264e-22, 7.51033093684e-22, 1.19744834399e-21, 3.12889609115e-21, 1.39075605067e-20, 4.14094046345e-20, 4.2394835238e-20, 1.04204743288e-19, 9.99755691491e-20, 2.2258993429e-19, 4.62984414278e-19, 3.01176719524e-19, 4.03245921578e-19, 7.77589635566e-19, 9.91783557392e-19, 1.22180997464e-18, 1.72959454259e-18, 2.58617460168e-18, 1.96708119838e-18, 2.7101648396e-18, 3.37738299055e-18, 4.96285744142e-18, 6.71679094635e-18, 6.4811673081e-18, 7.75501014859e-18, 8.09493340387e-18, 1.12184162005e-17, 1.12057049161e-17, 1.11750851713e-17, 1.02688500804e-17, 1.27492777058e-17, 1.20924632122e-17, 9.9983851812e-18, 8.19761795075e-18, 6.0700779824e-18, 4.4842635603e-18, 2.54237849017e-18, 1.07841325237e-18, 2.46504010143e-19, 2.71211778717e-20], "var": [0.0915327444673, 24.5801830292, 760.863464355, 295.496734619, 885.339477539, 1449.13781738, 561.2890625, 2037.92163086, 104.987190247, 368.26663208, 71.520980835, 40.0044784546, 656.23449707, 22.9772644043, 47.9782447815, 64.4789733887, 259.382781982, 13.0719089508, 9.06924343109, 3.93474078178, 5.6452665329, 5.66054105759, 4.34628725052, 2.01302266121, 3.97188329697, 1.55631089211, 0.932534694672, 0.201425850391, 0.099187463522, 0.180599316955, 0.129468098283, 0.197029262781, 0.054368391633, 0.0245722085238, 0.0194485057145, 0.00133871100843, 0.000147969796672, 1.09764368972e-05, 1.22211414322e-08, 2.51569010068e-09]}, "gfcc": {"mean": [-131.996337891, 169.574157715, -83.9520721436, 15.9787940979, -30.9635562897, -0.908787190914, -24.4829292297, -5.82061719894, -23.8193492889, -7.89284086227, -10.1578378677, -6.12822580338, -3.08378124237], "cov": [[51513.6328125, 7221.25292969, -3765.39550781, 1103.4395752, -1835.1427002, 87.2166671753, -1416.7755127, -115.911193848, -1113.36560059, -199.062515259, -249.474853516, -317.971710205, -332.948242188], [7221.25292969, 1900.64819336, -657.376159668, -19.2446708679, -3.85964632034, -167.200317383, -29.0272884369, -115.072616577, -134.206497192, -129.704086304, -91.9978179932, -82.9361038208, 28.2117614746], [-3765.39550781, -657.376159668, 573.301208496, 16.0439624786, 226.859268188, 77.8338470459, 107.309768677, 67.6015396118, 92.3381500244, 26.9368495941, 39.4491348267, 2.76665019989, -14.420425415], [1103.4395752, -19.2446708679, 16.0439624786, 352.076782227, 38.2841110229, 153.423233032, 35.8423957825, 21.7307758331, 33.7868385315, 22.2314186096, 31.8145027161, -55.6549377441, -17.6268863678], [-1835.1427002, -3.85964632034, 226.859268188, 38.2841110229, 303.099578857, 18.0682163239, 150.435058594, 2.33975982666, 73.0866775513, -16.5156917572, 1.21011519432, -32.3257369995, 14.4879245758], [87.2166671753, -167.200317383, 77.8338470459, 153.423233032, 18.0682163239, 166.482666016, 27.3000869751, 52.7173843384, 15.0124521255, 21.8125972748, 18.4586009979, -16.7484531403, -26.207742691], [-1416.7755127, -29.0272884369, 107.309768677, 35.8423957825, 150.435058594, 27.3000869751, 171.240707397, 14.1779031754, 67.8866043091, -4.42498779297, 4.84602689743, -23.3363494873, 11.024684906], [-115.911193848, -115.072616577, 67.6015396118, 21.7307758331, 2.33975982666, 52.7173843384, 14.1779031754, 81.8127441406, 20.4574337006, 22.0051116943, 4.93678474426, -1.99758017063, -18.5350666046], [-1113.36560059, -134.206497192, 92.3381500244, 33.7868385315, 73.0866775513, 15.0124521255, 67.8866043091, 20.4574337006, 87.969329834, 19.7645359039, 9.0300951004, -8.59070301056, 5.02905893326], [-199.062515259, -129.704086304, 26.9368495941, 22.2314186096, -16.5156917572, 21.8125972748, -4.42498779297, 22.0051116943, 19.7645359039, 61.6172790527, 34.8534622192, 10.8294630051, -15.6217517853], [-249.474853516, -91.9978179932, 39.4491348267, 31.8145027161, 1.21011519432, 18.4586009979, 4.84602689743, 4.93678474426, 9.0300951004, 34.8534622192, 80.158203125, 13.41755867, -13.0737476349], [-317.971710205, -82.9361038208, 2.76665019989, -55.6549377441, -32.3257369995, -16.7484531403, -23.3363494873, -1.99758017063, -8.59070301056, 10.8294630051, 13.41755867, 55.3428039551, 14.7302818298], [-332.948242188, 28.2117614746, -14.420425415, -17.6268863678, 14.4879245758, -26.207742691, 11.024684906, -18.5350666046, 5.02905893326, -15.6217517853, -13.0737476349, 14.7302818298, 60.3484382629]], "icov": [[0.00037616174086, -0.00146460533142, 9.33248811634e-05, -0.0014665927738, 0.00120555213653, -0.000290319265332, 0.00161539425608, -0.00119548174553, 0.00105398183223, -0.000634444702882, 0.000477320107166, -0.000413770292653, 0.0012284880504], [-0.00146460533142, 0.00724585261196, 0.00178298656829, 0.00544623378664, -0.00650272378698, 0.00225388701074, -0.00624382263049, 0.00380097073503, -0.0026024475228, 0.00383355072699, -0.00214013899677, 0.00279255886562, -0.00453892350197], [9.33248811634e-05, 0.00178298656829, 0.00643036421388, 0.000238938620896, -0.00499888136983, -0.000130279717268, 0.0015732194297, -0.00303983758204, 0.000390574772609, 0.00204893085174, -0.00151991005987, 0.000409163709264, 0.00127887947019], [-0.0014665927738, 0.00544623378664, 0.000238938620896, 0.0127032920718, -0.00494429701939, -0.00586121715605, -0.00495989294723, 0.00692674377933, -0.00680037261918, 0.00156774814241, -0.00451534707099, 0.00760580971837, -0.00705681508407], [0.00120555213653, -0.00650272378698, -0.00499888136983, -0.00494429701939, 0.0145426560193, -0.00120431405958, -0.000181939903996, -0.000835954735521, 0.000999988988042, -0.00197412190028, 0.00205254741013, -0.000195824366529, 0.00271271448582], [-0.000290319265332, 0.00225388701074, -0.000130279717268, -0.00586121715605, -0.00120431405958, 0.0161344986409, -0.00377464829944, -0.00616701273248, 0.00406415760517, 0.00110534345731, 0.000801817805041, -0.00221990677528, 0.00235590408556], [0.00161539425608, -0.00624382263049, 0.0015732194297, -0.00495989294723, -0.000181939903996, -0.00377464829944, 0.0202214475721, -0.00605138018727, -0.00226295157336, -0.000413291912992, -3.62286918971e-05, 0.000722343858797, 0.00350753450766], [-0.00119548174553, 0.00380097073503, -0.00303983758204, 0.00692674377933, -0.000835954735521, -0.00616701273248, -0.00605138018727, 0.0238658618182, -0.00715827569366, -0.00313860457391, 0.00142649782356, 0.00142264692113, -0.00137177086435], [0.00105398183223, -0.0026024475228, 0.000390574772609, -0.00680037261918, 0.000999988988042, 0.00406415760517, -0.00226295157336, -0.00715827569366, 0.0264782626182, -0.00881766714156, 0.00331810093485, 0.000679161108565, 0.000942283659242], [-0.000634444702882, 0.00383355072699, 0.00204893085174, 0.00156774814241, -0.00197412190028, 0.00110534345731, -0.000413291912992, -0.00313860457391, -0.00881766714156, 0.0311881117523, -0.0107605820522, -0.00318699795753, 0.00297548575327], [0.000477320107166, -0.00214013899677, -0.00151991005987, -0.00451534707099, 0.00205254741013, 0.000801817805041, -3.62286918971e-05, 0.00142649782356, 0.00331810093485, -0.0107605820522, 0.0200996380299, -0.00710945343599, 0.0052797193639], [-0.000413770292653, 0.00279255886562, 0.000409163709264, 0.00760580971837, -0.000195824366529, -0.00221990677528, 0.000722343858797, 0.00142264692113, 0.000679161108565, -0.00318699795753, -0.00710945343599, 0.0328039079905, -0.0123097877949], [0.0012284880504, -0.00453892350197, 0.00127887947019, -0.00705681508407, 0.00271271448582, 0.00235590408556, 0.00350753450766, -0.00137177086435, 0.000942283659242, 0.00297548575327, 0.0052797193639, -0.0123097877949, 0.027864318341]]}, "melbands": {"dmean": [0.00128375180066, 0.00297258608043, 0.00129291170742, 0.000979466130957, 0.00017868517898, 0.000161139643751, 2.97232145385e-05, 7.2328170063e-05, 2.02652026928e-05, 1.06436091301e-05, 3.1667019357e-05, 4.87802162752e-06, 1.12671441457e-05, 4.40504936705e-06, 1.19844999062e-05, 6.92399316904e-06, 1.53505777689e-06, 1.67552275343e-06, 1.2287955542e-06, 1.34166089083e-06, 1.35672144097e-06, 9.26836605686e-07, 7.04901140125e-07, 3.43705181649e-07, 2.21366178721e-07, 3.40977720725e-07, 1.86896727428e-07, 2.3109927838e-07, 1.37720704174e-07, 1.93671965576e-07, 2.84634911196e-08, 3.98678956515e-08, 4.14874499199e-08, 5.09692199557e-08, 3.4134732374e-08, 6.59878907072e-08, 4.54198882949e-08, 2.83563501569e-08, 3.3787106446e-08, 1.92048741354e-08], "dmean2": [0.00214166543446, 0.00504105864093, 0.00215815310366, 0.00143020774703, 0.000268995587248, 0.000227449068916, 4.01825527661e-05, 0.000122501791338, 3.42754356097e-05, 1.38416899063e-05, 4.83022195112e-05, 5.93430695517e-06, 1.3734267668e-05, 6.57036662233e-06, 1.78487625817e-05, 1.05438493847e-05, 2.45648948294e-06, 2.59612920672e-06, 1.95698248717e-06, 2.22639073399e-06, 2.21554250857e-06, 1.45303783938e-06, 1.11919882784e-06, 5.46238652532e-07, 3.58837610293e-07, 5.20241144386e-07, 3.02083037695e-07, 3.96146077719e-07, 2.30957212466e-07, 3.16818415058e-07, 4.71763854648e-08, 6.6121579323e-08, 7.25940410007e-08, 8.41347400637e-08, 5.45170273369e-08, 1.13944800262e-07, 7.83669946713e-08, 4.78864414788e-08, 5.59069803785e-08, 3.20297637302e-08], "dvar": [5.30071019966e-06, 5.02368566231e-05, 4.09027825299e-06, 2.12182135328e-06, 5.96560028043e-08, 4.53639970033e-08, 1.68583258464e-09, 1.98680254471e-08, 1.105301628e-09, 2.05396255559e-10, 3.50301032626e-09, 3.52974489914e-11, 1.78025233444e-10, 3.41661178516e-11, 4.54404153194e-10, 1.38649647319e-10, 7.62344441047e-12, 6.11163029907e-12, 3.23796718604e-12, 4.15137672502e-12, 9.21363506323e-12, 3.71173361144e-12, 3.21175161119e-12, 8.01390963139e-13, 3.76456651225e-13, 8.32397464758e-13, 3.88044224574e-13, 6.50865320841e-13, 7.97695853057e-14, 2.6406066461e-13, 1.23857435064e-14, 3.91599831717e-14, 6.25680334366e-14, 4.77304692081e-14, 1.55587517967e-14, 1.37488097621e-13, 5.88330382675e-14, 2.21060488166e-14, 2.63237324869e-14, 8.2746614736e-15], "dvar2": [1.48497965711e-05, 0.00014662531612, 1.21688608488e-05, 4.86796034238e-06, 1.37598647143e-07, 1.01033926114e-07, 3.4414482375e-09, 6.60015260223e-08, 3.43958928006e-09, 3.71321418058e-10, 9.0679161957e-09, 5.26084696639e-11, 2.56907911611e-10, 8.83626991022e-11, 1.0356724367e-09, 3.06022346352e-10, 2.00154216118e-11, 1.44356878881e-11, 7.54826669919e-12, 1.17736419572e-11, 2.26893764194e-11, 8.19563774485e-12, 7.11604213055e-12, 1.76505468227e-12, 8.96102419698e-13, 2.03896665177e-12, 1.01240587094e-12, 1.80979612806e-12, 2.05036183344e-13, 6.92432656352e-13, 3.12578976103e-14, 1.08749414909e-13, 1.72964127829e-13, 1.26541748542e-13, 3.6542298999e-14, 3.84463050588e-13, 1.66331344856e-13, 5.8360908879e-14, 6.75208044858e-14, 2.06735788834e-14], "max": [0.0299475900829, 0.130736738443, 0.0226822309196, 0.0292881261557, 0.00521501339972, 0.00731986155733, 0.000840620778035, 0.00155120517593, 0.000415037269704, 0.00027011934435, 0.00131429207977, 0.000165685545653, 0.000242608381086, 0.000121457895148, 0.000297077582218, 0.000148953113239, 6.00255880272e-05, 4.78986767121e-05, 2.51834226219e-05, 2.7391295589e-05, 4.52355961897e-05, 3.32073395839e-05, 4.16900220443e-05, 1.75846580532e-05, 1.01126970549e-05, 1.51963458848e-05, 1.21802513604e-05, 1.91142135009e-05, 4.21675258622e-06, 7.94889456301e-06, 1.92038100977e-06, 4.26817223342e-06, 4.59869443148e-06, 4.18755553255e-06, 1.8430740738e-06, 5.36777906746e-06, 3.74433807337e-06, 2.88524756797e-06, 2.36679534282e-06, 1.16906562653e-06], "mean": [0.00248291739263, 0.00574038876221, 0.00281733251177, 0.00225656386465, 0.000757630215958, 0.000611003721133, 0.000125533624669, 0.000156668189447, 5.42731286259e-05, 3.66635977116e-05, 7.54852153477e-05, 1.70888324647e-05, 2.99901330436e-05, 1.39531985042e-05, 2.72117777058e-05, 1.38449213409e-05, 4.12473536926e-06, 3.87148747905e-06, 3.30751549882e-06, 2.58209729509e-06, 2.38299185185e-06, 1.9260926365e-06, 1.4344993815e-06, 7.89314810845e-07, 5.71921589199e-07, 1.05874835299e-06, 4.39661334894e-07, 4.00894037966e-07, 2.86014540052e-07, 3.64060497304e-07, 5.56194024171e-08, 7.13452834589e-08, 5.21904865991e-08, 7.55337765668e-08, 5.91801700978e-08, 7.80860958116e-08, 5.67834170795e-08, 3.53485880566e-08, 4.72672319063e-08, 2.98680653543e-08], "median": [0.00125386286527, 0.00209706276655, 0.0014584074961, 0.00141071877442, 0.000533079553861, 0.000246673007496, 7.31300679035e-05, 7.9008153989e-05, 3.84828381357e-05, 2.60195956798e-05, 3.44256768585e-05, 1.19433516375e-05, 2.14079045691e-05, 1.01046734926e-05, 1.14644371934e-05, 6.44564670438e-06, 1.84532348158e-06, 2.28581257034e-06, 1.9581750621e-06, 1.7684087652e-06, 1.32373065753e-06, 1.00570184713e-06, 6.29001760899e-07, 3.23701385696e-07, 2.15425444594e-07, 1.8753988229e-07, 1.00125205904e-07, 2.02424331519e-07, 1.37002388101e-07, 4.32104627635e-08, 9.15013664837e-09, 9.93324533738e-09, 1.45836391852e-08, 1.53221719756e-08, 3.82336828864e-09, 3.04180458599e-09, 4.1384380367e-09, 3.22701509958e-09, 2.36223263173e-09, 2.22269092021e-09], "min": [1.67900898687e-24, 9.39013478782e-25, 4.6965011486e-25, 2.02795924172e-24, 1.49471244258e-24, 2.41884100354e-24, 2.27346912428e-24, 2.2124822877e-24, 3.07711446616e-24, 2.08092001023e-24, 2.14981478296e-24, 3.03352911229e-24, 2.65035097163e-24, 3.16018151948e-24, 2.50368930479e-24, 2.68291633309e-24, 3.98283288715e-24, 2.77127762916e-24, 3.66793736315e-24, 4.12067449742e-24, 3.29635508337e-24, 4.40874204532e-24, 5.11925091885e-24, 5.63696889246e-24, 4.30592309822e-24, 3.82838891026e-24, 4.45295454361e-24, 4.11703035447e-24, 6.0858212812e-24, 3.86465600152e-24, 5.55492301959e-24, 5.46631185182e-24, 5.52666957184e-24, 5.77989392241e-24, 6.16414649162e-24, 6.54123186508e-24, 6.6758774054e-24, 5.78530038063e-24, 7.34933269335e-24, 6.31026364722e-24], "var": [1.28366718855e-05, 0.000125778082293, 1.2553160559e-05, 7.11211077942e-06, 6.67318261094e-07, 1.04219725472e-06, 2.15288036287e-08, 4.79914170626e-08, 2.93966517795e-09, 1.35146493996e-09, 1.5976809209e-08, 3.15251269534e-10, 8.50853998369e-10, 1.71257980019e-10, 1.56017221364e-09, 3.92510579594e-10, 4.05248126722e-11, 2.2714679096e-11, 1.53823776633e-11, 7.32459665836e-12, 1.44216305564e-11, 8.82835731603e-12, 9.2352870143e-12, 2.43796823007e-12, 1.07567405504e-12, 4.98758282938e-12, 7.07530063183e-13, 6.68111833219e-13, 1.70925949718e-13, 7.46196344732e-13, 1.77730466927e-14, 4.4880342254e-14, 4.7929376261e-14, 5.02026907187e-14, 2.62770609715e-14, 1.32720399883e-13, 5.9651231437e-14, 2.02207110241e-14, 3.29797258567e-14, 1.29777305981e-14]}, "mfcc": {"mean": [-760.019104004, 203.503234863, 9.56460285187, 27.706577301, 12.8606700897, 6.70532178879, 8.24919223785, 1.40924036503, -2.27016949654, -3.0316092968, -9.75219154358, 0.203549489379, 1.58499121666], "cov": [[10866.2558594, 3138.58789062, 208.543060303, 689.921386719, 106.344810486, 80.4469528198, 91.0963592529, -95.7188644409, -318.29284668, 19.0022716522, 103.649543762, 80.1076278687, -148.814346313], [3138.58789062, 2717.1484375, -122.141845703, 257.579711914, 111.521148682, -14.1574163437, 65.6849212646, 7.91327762604, 28.9494495392, -51.6900558472, -129.515289307, -43.4281845093, -13.804309845], [208.543060303, -122.141845703, 229.188842773, 53.4179954529, 89.7594223022, 63.2687110901, 62.2451553345, 42.6588935852, 8.31888198853, 34.4412345886, 18.3646869659, 23.9495563507, 10.0864696503], [689.921386719, 257.579711914, 53.4179954529, 192.922866821, 85.5490493774, 79.4025421143, 53.0942420959, 25.275800705, 19.8841915131, 43.9529380798, 0.950124561787, 18.0185279846, 19.7202968597], [106.344810486, 111.521148682, 89.7594223022, 85.5490493774, 159.457336426, 70.5640487671, 68.4450912476, 42.7149772644, 35.7183570862, 37.7573890686, -4.63160228729, 22.8721313477, 17.6358757019], [80.4469528198, -14.1574163437, 63.2687110901, 79.4025421143, 70.5640487671, 117.807914734, 60.6059913635, 41.035282135, 24.8638324738, 41.5812187195, 2.80365872383, 16.5850334167, 41.7791938782], [91.0963592529, 65.6849212646, 62.2451553345, 53.0942420959, 68.4450912476, 60.6059913635, 104.562042236, 48.7412033081, 16.3191165924, 32.8168525696, 21.5425872803, 20.9326324463, 9.78918361664], [-95.7188644409, 7.91327762604, 42.6588935852, 25.275800705, 42.7149772644, 41.035282135, 48.7412033081, 75.8848800659, 41.9506530762, 33.1544265747, 5.1502904892, -1.36062180996, 19.7914772034], [-318.29284668, 28.9494495392, 8.31888198853, 19.8841915131, 35.7183570862, 24.8638324738, 16.3191165924, 41.9506530762, 98.9687728882, 35.3095703125, -31.3658790588, 3.76352095604, 20.8842487335], [19.0022716522, -51.6900558472, 34.4412345886, 43.9529380798, 37.7573890686, 41.5812187195, 32.8168525696, 33.1544265747, 35.3095703125, 80.76146698, 24.1838359833, 7.17289400101, 23.73595047], [103.649543762, -129.515289307, 18.3646869659, 0.950124561787, -4.63160228729, 2.80365872383, 21.5425872803, 5.1502904892, -31.3658790588, 24.1838359833, 96.8590698242, 24.2460861206, -19.0848579407], [80.1076278687, -43.4281845093, 23.9495563507, 18.0185279846, 22.8721313477, 16.5850334167, 20.9326324463, -1.36062180996, 3.76352095604, 7.17289400101, 24.2460861206, 74.1377716064, 5.68832540512], [-148.814346313, -13.804309845, 10.0864696503, 19.7202968597, 17.6358757019, 41.7791938782, 9.78918361664, 19.7914772034, 20.8842487335, 23.73595047, -19.0848579407, 5.68832540512, 92.3438491821]], "icov": [[0.000272592180409, -0.00033178034937, -0.000434654881246, -0.00064344384009, 0.000441305717686, -0.000147398386616, 0.000473947497085, -0.000126645289129, 0.00112856738269, -0.000600982224569, 3.72399040316e-06, -0.000467274367111, 0.000462680094643], [-0.00033178034937, 0.000971664790995, 0.00101647304837, -0.000270449119853, -0.000848464726005, 0.0010368131334, -0.00128652446438, 3.55378069798e-05, -0.00130832463037, 0.00126764993183, 0.000612202507909, 0.000846550043207, -0.000576541700866], [-0.000434654881246, 0.00101647304837, 0.00738954497501, 0.000494656094816, -0.00348281627521, -0.000374339113478, -0.001764378394, -0.00200185528956, 0.000170991988853, 0.000401064986363, 0.000747416110244, -0.000115238275612, 9.12224913918e-06], [-0.00064344384009, -0.000270449119853, 0.000494656094816, 0.0117895063013, -0.00303424033336, -0.00519413454458, -0.000410986569477, 0.00184442743193, -0.00183627346996, -0.00236646528356, 9.24694904825e-05, 5.40287728654e-05, -3.19944083458e-05], [0.000441305717686, -0.000848464726005, -0.00348281627521, -0.00303424033336, 0.0131895337254, -0.0024205497466, -0.00261197448708, -0.000651111884508, 0.000201198869036, -0.00201940606348, 0.0019096173346, -0.00247750035487, 0.00162619410548], [-0.000147398386616, 0.0010368131334, -0.000374339113478, -0.00519413454458, -0.0024205497466, 0.0202098712325, -0.00637353677303, -0.00199034926482, 4.51114792668e-05, -0.000908104004338, 0.00150156358723, 0.000192723135115, -0.00598982395604], [0.000473947497085, -0.00128652446438, -0.001764378394, -0.000410986569477, -0.00261197448708, -0.00637353677303, 0.0222998261452, -0.00990874320269, 0.00477047776803, -0.00241117645055, -0.00238009239547, -0.00432685017586, 0.00330960308202], [-0.000126645289129, 3.55378069798e-05, -0.00200185528956, 0.00184442743193, -0.000651111884508, -0.00199034926482, -0.00990874320269, 0.0290770102292, -0.0119020994753, 0.000465060089482, -0.00513026351109, 0.00683447159827, -0.00343971699476], [0.00112856738269, -0.00130832463037, 0.000170991988853, -0.00183627346996, 0.000201198869036, 4.51114792668e-05, 0.00477047776803, -0.0119020994753, 0.0258665345609, -0.0123675633222, 0.0106359962374, -0.00713024940342, 0.0039493702352], [-0.000600982224569, 0.00126764993183, 0.000401064986363, -0.00236646528356, -0.00201940606348, -0.000908104004338, -0.00241117645055, 0.000465060089482, -0.0123675633222, 0.0263931453228, -0.0103273270652, 0.0052504921332, -0.00580982724205], [3.72399040316e-06, 0.000612202507909, 0.000747416110244, 9.24694904825e-05, 0.0019096173346, 0.00150156358723, -0.00238009239547, -0.00513026351109, 0.0106359962374, -0.0103273270652, 0.0206430349499, -0.00695100054145, 0.00524754729122], [-0.000467274367111, 0.000846550043207, -0.000115238275612, 5.40287728654e-05, -0.00247750035487, 0.000192723135115, -0.00432685017586, 0.00683447159827, -0.00713024940342, 0.0052504921332, -0.00695100054145, 0.0189841799438, -0.00358858401887], [0.000462680094643, -0.000576541700866, 9.12224913918e-06, -3.19944083458e-05, 0.00162619410548, -0.00598982395604, 0.00330960308202, -0.00343971699476, 0.0039493702352, -0.00580982724205, 0.00524754729122, -0.00358858401887, 0.0161858852953]]}, "spectral_contrast_coeffs": {"dmean": [0.0463837124407, 0.0331026725471, 0.0252481084317, 0.0231070071459, 0.018276212737, 0.0154166296124], "dmean2": [0.0745304301381, 0.057090010494, 0.0401716902852, 0.0381408259273, 0.0311468020082, 0.0247442368418], "dvar": [0.00149452441838, 0.00070746592246, 0.00040293353959, 0.000368319830159, 0.000298158847727, 0.000225945506827], "dvar2": [0.00401746574789, 0.00215320265852, 0.00102980341762, 0.00101960683241, 0.000762769428547, 0.000570501899347], "max": [-0.355207234621, -0.452430456877, -0.618971288204, -0.65231013298, -0.666001558304, -0.671218574047], "mean": [-0.620218396187, -0.703486442566, -0.747218728065, -0.781274199486, -0.782247543335, -0.793683469296], "median": [-0.616771161556, -0.703301906586, -0.738835096359, -0.776004314423, -0.777529001236, -0.790090858936], "min": [-0.980167627335, -0.976381421089, -0.973117828369, -0.972295463085, -0.968819737434, -0.964881658554], "var": [0.0107654798776, 0.00822106003761, 0.00354799069464, 0.0026652875822, 0.00226724031381, 0.00268493895419]}, "spectral_contrast_valleys": {"dmean": [0.368897527456, 0.26187685132, 0.235179245472, 0.212052926421, 0.205503389239, 0.236293360591], "dmean2": [0.598661243916, 0.415741950274, 0.367652386427, 0.343553036451, 0.341149955988, 0.385456651449], "dvar": [0.181243374944, 0.139791846275, 0.131258741021, 0.13478720188