{"lowlevel": {"average_loudness": 0.950623989105, "barkbands_crest": {"dmean": 1.52605378628, "dmean2": 2.46158123016, "dvar": 2.10168385506, "dvar2": 5.78723669052, "max": 25.0709476471, "mean": 11.56183815, "median": 11.1742248535, "min": 4.25852680206, "var": 11.3370046616}, "barkbands_flatness_db": {"dmean": 0.0238246209919, "dmean2": 0.0415923781693, "dvar": 0.000428360304795, "dvar2": 0.00123710313346, "max": 0.520902872086, "mean": 0.389017909765, "median": 0.391543507576, "min": 0.0756982192397, "var": 0.00214490131475}, "barkbands_kurtosis": {"dmean": 1.10122156143, "dmean2": 1.72642862797, "dvar": 3.60867762566, "dvar2": 8.49568367004, "max": 105.095184326, "mean": 3.58634448051, "median": 2.20194911957, "min": -1.77356231213, "var": 56.2321548462}, "barkbands_skewness": {"dmean": 0.248924717307, "dmean2": 0.388753414154, "dvar": 0.0704463273287, "dvar2": 0.166745811701, "max": 7.56752109528, "mean": 1.06646347046, "median": 1.15888190269, "min": -7.9378657341, "var": 1.35496485233}, "barkbands_spread": {"dmean": 0.651149988174, "dmean2": 1.00562381744, "dvar": 2.68387293816, "dvar2": 3.3650033474, "max": 134.101715088, "mean": 4.75779056549, "median": 4.4969625473, "min": 1.43000805378, "var": 10.6325807571}, "dissonance": {"dmean": 0.034503698349, "dmean2": 0.0585101768374, "dvar": 0.00133377476595, "dvar2": 0.00359220616519, "max": 0.49996483326, "mean": 0.377752244473, "median": 0.381732404232, "min": 0.165272802114, "var": 0.00366435479373}, "dynamic_complexity": 2.48206353188, "erbbands_crest": {"dmean": 1.40054428577, "dmean2": 2.17271304131, "dvar": 2.38063430786, "dvar2": 4.99442052841, "max": 27.8616981506, "mean": 10.7028722763, "median": 9.36098003387, "min": 2.69776773453, "var": 19.5447940826}, "erbbands_flatness_db": {"dmean": 0.0156546346843, "dmean2": 0.02667362988, "dvar": 0.000250887591392, "dvar2": 0.000649052788503, "max": 0.488271147013, "mean": 0.389822512865, "median": 0.394829630852, "min": 0.0355260558426, "var": 0.00238601583987}, "erbbands_kurtosis": {"dmean": 0.406826227903, "dmean2": 0.597978770733, "dvar": 0.33504524827, "dvar2": 0.638568401337, "max": 12.2754249573, "mean": 0.308844029903, "median": -0.150724411011, "min": -1.59605288506, "var": 2.67652082443}, "erbbands_skewness": {"dmean": 0.172734946012, "dmean2": 0.259562939405, "dvar": 0.0318025052547, "dvar2": 0.0755682960153, "max": 2.81955122948, "mean": 0.365572988987, "median": 0.382523953915, "min": -2.10908150673, "var": 0.268915176392}, "erbbands_spread": {"dmean": 1.34397768974, "dmean2": 2.05252575874, "dvar": 4.49407672882, "dvar2": 8.44403648376, "max": 141.373703003, "mean": 12.9564704895, "median": 12.2295084, "min": 2.17579936981, "var": 36.7404403687}, "hfc": {"dmean": 2.00737047195, "dmean2": 2.84618210793, "dvar": 7.99461364746, "dvar2": 14.375872612, "max": 63.6999053955, "mean": 11.4107999802, "median": 10.0803880692, "min": 1.2018316231e-16, "var": 47.2544364929}, "melbands_crest": {"dmean": 1.75379121304, "dmean2": 2.96868634224, "dvar": 2.95480012894, "dvar2": 8.52777004242, "max": 28.1681365967, "mean": 12.6681184769, "median": 12.4681110382, "min": 1.63124895096, "var": 11.0112323761}, "melbands_flatness_db": {"dmean": 0.0291441101581, "dmean2": 0.0512040406466, "dvar": 0.000686307495926, "dvar2": 0.00196081749164, "max": 0.676261246204, "mean": 0.519119977951, "median": 0.526781499386, "min": 0.00441718287766, "var": 0.00642286147922}, "melbands_kurtosis": {"dmean": 1.24211287498, "dmean2": 1.92856407166, "dvar": 3.64751696587, "dvar2": 6.8527264595, "max": 135.149780273, "mean": 3.72823810577, "median": 3.04618549347, "min": -1.64503145218, "var": 22.5485038757}, "melbands_skewness": {"dmean": 0.253101885319, "dmean2": 0.396912097931, "dvar": 0.0747875124216, "dvar2": 0.179167285562, "max": 8.79966163635, "mean": 1.48971307278, "median": 1.50569367409, "min": -0.741380929947, "var": 0.573132097721}, "melbands_spread": {"dmean": 1.05962896347, "dmean2": 1.67700195312, "dvar": 7.12815523148, "dvar2": 14.5131835938, "max": 153.140441895, "mean": 8.48937416077, "median": 6.57136678696, "min": 1.15444552898, "var": 194.775634766}, "pitch_salience": {"dmean": 0.0406837873161, "dmean2": 0.066213786602, "dvar": 0.0016953011509, "dvar2": 0.00438384898007, "max": 0.986356019974, "mean": 0.578462541103, "median": 0.577556371689, "min": 0.114568814635, "var": 0.0107387360185}, "silence_rate_20dB": {"dmean": 0, "dmean2": 0, "dvar": 0, "dvar2": 0, "max": 1, "mean": 1, "median": 1, "min": 1, "var": 0}, "silence_rate_30dB": {"dmean": 0.00196302961558, "dmean2": 0.00392670137808, "dvar": 0.0019591441378, "dvar2": 0.00522005185485, "max": 1, "mean": 0.998691499233, "median": 1, "min": 0, "var": 0.00130685057957}, "silence_rate_60dB": {"dmean": 0.000327171612298, "dmean2": 0.00049083767226, "dvar": 0.000327076733811, "dvar2": 0.000490594247822, "max": 1, "mean": 0.0539744831622, "median": 0, "min": 0, "var": 0.0510611608624}, "spectral_centroid": {"dmean": 30.3380889893, "dmean2": 46.2376403809, "dvar": 20171.7949219, "dvar2": 21644.609375, "max": 11019.9609375, "mean": 447.626098633, "median": 381.301635742, "min": 176.497650146, "var": 198467.625}, "spectral_complexity": {"dmean": 1.05512845516, "dmean2": 1.78141355515, "dvar": 1.14807581902, "dvar2": 2.71536493301, "max": 22, "mean": 11.6764802933, "median": 12, "min": 0, "var": 10.5875062943}, "spectral_decrease": {"dmean": 1.56876200919e-09, "dmean2": 2.45616327277e-09, "dvar": 3.87351434143e-18, "dvar2": 9.26352206091e-18, "max": 4.09249844757e-16, "mean": -8.25181079023e-09, "median": -7.71182140369e-09, "min": -3.07063459104e-08, "var": 1.85755036708e-17}, "spectral_energy": {"dmean": 0.00608968595043, "dmean2": 0.0095124328509, "dvar": 5.85837406106e-05, "dvar2": 0.000138888179208, "max": 0.121067546308, "mean": 0.0321792587638, "median": 0.0300108976662, "min": 1.0814569022e-20, "var": 0.000283449538983}, "spectral_energyband_high": {"dmean": 1.60754154876e-07, "dmean2": 2.87301105573e-07, "dvar": 9.21536718462e-13, "dvar2": 2.628810147e-12, "max": 2.34569888562e-05, "mean": 1.46663310829e-07, "median": 2.33919763559e-08, "min": 8.14018504953e-21, "var": 5.74769127692e-13}, "spectral_energyband_low": {"dmean": 0.0016703971196, "dmean2": 0.00281195249408, "dvar": 7.01974386175e-06, "dvar2": 1.99627902475e-05, "max": 0.0614081174135, "mean": 0.00427852664143, "median": 0.00302906008437, "min": 1.32786747365e-23, "var": 1.81810191862e-05}, "spectral_energyband_middle_high": {"dmean": 0.000405065802624, "dmean2": 0.000562231638469, "dvar": 3.75487047677e-07, "dvar2": 8.37262575715e-07, "max": 0.0113895246759, "mean": 0.00179310084786, "median": 0.00157932785805, "min": 1.43586710066e-21, "var": 1.52295785938e-06}, "spectral_energyband_middle_low": {"dmean": 0.00538815371692, "dmean2": 0.00847128219903, "dvar": 4.90474230901e-05, "dvar2": 0.000118753974675, "max": 0.112857200205, "mean": 0.0273678917438, "median": 0.0246792137623, "min": 2.77426274982e-22, "var": 0.00025780996657}, "spectral_entropy": {"dmean": 0.103411369026, "dmean2": 0.168904796243, "dvar": 0.0166960842907, "dvar2": 0.0380315631628, "max": 9.8104133606, "mean": 5.61302137375, "median": 5.5870923996, "min": 4.60399913788, "var": 0.239133551717}, "spectral_flux": {"dmean": 0.0174949895591, "dmean2": 0.0267461836338, "dvar": 0.00041038589552, "dvar2": 0.000954280432779, "max": 0.224558368325, "mean": 0.0469113178551, "median": 0.0400203168392, "min": 1.03993119671e-10, "var": 0.000870659016073}, "spectral_kurtosis": {"dmean": 42.3406257629, "dmean2": 74.1238021851, "dvar": 1681.50463867, "dvar2": 4828.30615234, "max": 398.782470703, "mean": 156.142913818, "median": 160.863891602, "min": -1.20826458931, "var": 4682.58789062}, "spectral_rms": {"dmean": 0.000499991874676, "dmean2": 0.000777536595706, "dvar": 3.18078434702e-07, "dvar2": 7.29207442873e-07, "max": 0.0108680576086, "mean": 0.00533785391599, "median": 0.005410999991, "min": 3.24819945247e-12, "var": 2.90161642624e-06}, "spectral_rolloff": {"dmean": 57.7651100159, "dmean2": 98.0471191406, "dvar": 112289.257812, "dvar2": 165922.140625, "max": 19918.2128906, "mean": 841.359680176, "median": 559.86328125, "min": 129.19921875, "var": 5565498}, "spectral_skewness": {"dmean": 2.01011896133, "dmean2": 3.63153290749, "dvar": 3.64036750793, "dvar2": 10.636218071, "max": 15.7063083649, "mean": 8.82722759247, "median": 9.36105728149, "min": 0.0219282321632, "var": 8.30816841125}, "spectral_spread": {"dmean": 313441.5625, "dmean2": 571149.125, "dvar": 326078267392, "dvar2": 453991235584, "max": 41347136, "mean": 926198.8125, "median": 696230.75, "min": 172398.953125, "var": 2315922440190.0}, "spectral_strongpeak": {"dmean": 0.324921250343, "dmean2": 0.539906561375, "dvar": 0.194106593728, "dvar2": 0.398222476244, "max": 6.86048221588, "mean": 1.06697976589, "median": 0.860876441002, "min": 0, "var": 0.932815253735}, "zerocrossingrate": {"dmean": 0.00202637119219, "dmean2": 0.00256531406194, "dvar": 4.46246413048e-05, "dvar2": 2.79807136394e-05, "max": 0.7978515625, "mean": 0.0304054506123, "median": 0.01904296875, "min": 0.00341796875, "var": 0.00832186825573}, "barkbands": {"dmean": [5.04585841554e-05, 0.000402045319788, 0.000960790377576, 0.00178485980723, 0.0029534958303, 0.000950228015427, 0.000589553033933, 0.000961158017162, 0.0005844370462, 0.000253580335993, 0.000142967764987, 7.14324196451e-05, 2.94294659398e-05, 2.2414178602e-05, 1.90883929463e-05, 9.41218422668e-06, 2.25694657274e-06, 1.5682366211e-05, 2.43117767695e-07, 7.33483958015e-08, 4.39825669218e-08, 3.50451436759e-08, 3.97861832369e-08, 2.11696118413e-08, 4.20512513699e-09, 2.38244801665e-09, 1.9243386884e-09], "dmean2": [8.42311565066e-05, 0.000670551962685, 0.00158476200886, 0.0030798278749, 0.00490655750036, 0.00142499816138, 0.000835070037283, 0.00141929194797, 0.000643577310257, 0.000393707712647, 0.000167549180333, 9.68104141066e-05, 4.70772502013e-05, 3.34008764185e-05, 2.70890996035e-05, 1.42547451105e-05, 3.10492259814e-06, 1.56750065798e-05, 3.73620423488e-07, 1.05235194781e-07, 7.79333646506e-08, 6.27352392257e-08, 7.25947160163e-08, 3.75243978112e-08, 7.74378516866e-09, 4.34554037199e-09, 3.58093443786e-09], "dvar": [5.07279196427e-08, 4.22968525982e-07, 2.92189156426e-06, 9.1121182777e-06, 1.71824813151e-05, 2.66284860118e-06, 1.10908013085e-06, 6.59709348838e-06, 3.52951155946e-06, 2.80384199414e-07, 1.05476374301e-07, 1.46006415847e-08, 5.02816677184e-09, 3.60586449588e-09, 1.84240700474e-09, 6.57117360525e-10, 1.2064596544e-10, 1.22984262774e-08, 2.48134000326e-12, 1.2147162616e-13, 7.60693455925e-14, 4.33427809431e-14, 9.29006559723e-14, 3.23644919458e-14, 4.99479870645e-16, 4.16326685917e-17, 6.33291668999e-18], "dvar2": [1.28090789531e-07, 1.25171823129e-06, 7.18867977412e-06, 2.85842506855e-05, 4.97017681482e-05, 6.34111256659e-06, 2.1201619802e-06, 1.15831317089e-05, 4.67454583486e-06, 6.7506960022e-07, 1.37085294227e-07, 3.05452765303e-08, 1.54952530806e-08, 9.54584056245e-09, 4.59008653309e-09, 1.39593503423e-09, 2.02282607331e-10, 1.68318283755e-08, 5.41993099706e-12, 2.73736139008e-13, 2.18793787341e-13, 1.22725695708e-13, 2.6356916866e-13, 8.73611350361e-14, 1.41976676828e-15, 1.09329480648e-16, 1.9958787883e-17], "max": [0.0062388125807, 0.00875501707196, 0.0556861124933, 0.0328273959458, 0.0572673566639, 0.0247536040843, 0.0216846372932, 0.0666475594044, 0.0551860034466, 0.0135889090598, 0.00786732695997, 0.0018708249554, 0.00141926109791, 0.00144575419836, 0.000762547366321, 0.000659037206788, 0.00039265822852, 0.00472198659554, 7.33658816898e-05, 1.03171005321e-05, 7.14086991138e-06, 4.32576734966e-06, 6.28465704722e-06, 4.43704129793e-06, 4.52507919135e-07, 1.965700136e-07, 3.42353771998e-08], "mean": [4.29415449616e-05, 0.0012808899628, 0.00173876946792, 0.00460921321064, 0.0114725427702, 0.00370211526752, 0.00221858359873, 0.00306926458143, 0.00215820479207, 0.000854186015204, 0.000461100047687, 0.000274359277682, 0.000103456070065, 6.13143274677e-05, 5.30788929609e-05, 2.62610301434e-05, 7.01881754139e-06, 4.51191408501e-05, 5.7882806459e-07, 1.67622033587e-07, 4.27987068008e-08, 2.52508449705e-08, 2.67509836505e-08, 1.5184610902e-08, 3.56420715164e-09, 2.40890329906e-09, 3.37552319429e-09], "median": [6.27211966275e-06, 0.000882239372004, 0.000867288967129, 0.00288174021989, 0.0107293017209, 0.00236097257584, 0.0012219697237, 0.0010672705248, 0.00115637201816, 0.000688539585099, 0.000168791098986, 0.000216671760427, 4.58538816019e-05, 2.25868352572e-05, 2.65513990598e-05, 1.14119011414e-05, 2.45092815021e-06, 1.45301328303e-06, 1.39166019153e-07, 4.6856513336e-08, 4.7861696828e-09, 1.6768375577e-09, 1.1978242842e-09, 1.23576193722e-09, 1.13207909713e-09, 1.05790554095e-09, 2.53380516568e-09], "min": [1.70381826791e-24, 8.26101845265e-24, 1.79421758613e-24, 1.07058814137e-23, 2.6873098939e-23, 7.14438568354e-23, 4.42857803167e-23, 2.52400685128e-23, 9.35463446936e-23, 3.34412905199e-23, 2.63617940101e-23, 5.57512992833e-23, 1.91690562018e-22, 5.72664297141e-23, 1.67739217701e-22, 2.38629237383e-22, 1.269300673e-22, 1.89953591279e-22, 2.70293508273e-22, 3.7583746808e-22, 4.11584049979e-22, 5.80786207073e-22, 7.77581835107e-22, 6.81144965217e-22, 1.5061521082e-21, 1.75488426827e-21, 2.2822829946e-21], "var": [4.04639344254e-08, 1.56024600528e-06, 7.38172866477e-06, 2.62123194261e-05, 5.77266946493e-05, 1.53553392011e-05, 7.62619629313e-06, 4.60576775367e-05, 1.89445090655e-05, 1.06103243525e-06, 5.27669499206e-07, 5.87335655666e-08, 2.1613795198e-08, 1.5445255741e-08, 5.04337371865e-09, 2.2229567076e-09, 5.1089077413e-10, 5.79147467761e-08, 1.03542825355e-11, 1.91697813222e-13, 4.80110302372e-14, 2.71679024628e-14, 5.53449565907e-14, 2.15558365428e-14, 3.06985439453e-16, 3.69609807939e-17, 6.2461851484e-18]}, "erbbands": {"dmean": [0.00303194415756, 0.126794993877, 0.96213132143, 3.16048312187, 7.89467906952, 12.754655838, 7.37401390076, 9.11494827271, 7.73038959503, 13.3027362823, 20.5065402985, 8.62712001801, 12.9404678345, 8.19284439087, 4.87489080429, 2.33523869514, 1.51208472252, 1.26452505589, 1.18000686169, 0.472910612822, 0.45609909296, 0.17626735568, 0.462916076183, 0.439117074013, 0.0180958509445, 0.00376477115788, 0.00184198701754, 0.00170039432123, 0.00121255463455, 0.00137768615969, 0.0010990020819, 0.000749924045522, 0.000121202429, 6.10239221714e-05, 2.36222804233e-05, 1.01108207673e-05, 5.24402048541e-06, 1.38483846968e-06, 2.79075311482e-06, 6.72557371217e-06], "dmean2": [0.00508239259943, 0.212581917644, 1.60512125492, 5.50530290604, 12.8257694244, 21.0181846619, 11.7342128754, 13.647110939, 11.9396905899, 18.7838134766, 29.9497299194, 9.91166114807, 14.7240753174, 12.8137464523, 5.71143913269, 3.29220080376, 2.32844495773, 1.84619927406, 1.68424832821, 0.739737212658, 0.687185585499, 0.212108656764, 0.475959986448, 0.434666097164, 0.0206618066877, 0.00520154135302, 0.0031278966926, 0.00305406237021, 0.00216299016029, 0.00250625167973, 0.00200613122433, 0.0013325343607, 0.000217695589527, 0.000112455971248, 4.26205770054e-05, 1.79016624315e-05, 9.08919719222e-06, 2.50768607657e-06, 4.302576599e-06, 1.04731170723e-05], "dvar": [2.39983764914e-05, 0.041934132576, 2.75507307053, 30.479221344, 167.699478149, 444.647827148, 116.049240112, 293.681182861, 200.414276123, 766.47064209, 2987.85083008, 482.364227295, 1721.30224609, 246.30255127, 93.3349838257, 15.3725681305, 11.9156894684, 11.6761894226, 7.49264192581, 0.913914501667, 2.43205809593, 0.817018508911, 8.22739124298, 14.9655733109, 0.0113398740068, 0.000463952776045, 8.93496908247e-05, 0.000159858056577, 5.79618354095e-05, 0.000107957144792, 9.16355129448e-05, 4.93108491355e-05, 4.44084207629e-07, 1.2207866007e-07, 8.80525252711e-09, 4.64600358185e-10, 4.06216726923e-10, 8.15031028778e-12, 1.23745779249e-11, 7.18141449085e-11], "dvar2": [6.94331683917e-05, 0.12107051909, 7.07220363617, 98.1125106812, 448.90447998, 1356.87207031, 291.832550049, 675.789978027, 481.152038574, 1395.82653809, 5416.83935547, 621.332946777, 2508.9296875, 692.307678223, 123.623344421, 34.551322937, 35.4350357056, 28.6955165863, 18.6946163177, 2.13069629669, 5.33474731445, 1.03799319267, 10.9210233688, 20.1311435699, 0.0146621754393, 0.000985696096905, 0.000251524616033, 0.000460485753138, 0.00016591194435, 0.000299169274513, 0.000261464680079, 0.000133455643663, 1.22584140172e-06, 3.47119794242e-07, 2.49303280242e-08, 1.19333087856e-09, 1.06124775634e-09, 2.05499211398e-11, 2.82889475733e-11, 1.6837896355e-10], "max": [0.0704542696476, 2.79476809502, 43.7964706421, 66.4111099243, 166.917938232, 330.347442627, 153.787216187, 292.634399414, 262.563995361, 564.185424805, 1248.02868652, 640.378967285, 1196.23803711, 333.848083496, 235.586807251, 56.424118042, 73.7399291992, 86.688331604, 44.7218208313, 16.6143817902, 42.5558242798, 41.4595870972, 110.546211243, 171.233352661, 4.88101911545, 0.681143581867, 0.232224524021, 0.337951719761, 0.179649233818, 0.251724034548, 0.261901199818, 0.178825825453, 0.0160693116486, 0.00690162694082, 0.00187177199405, 0.000399260403356, 0.000716269074474, 6.95130511303e-05, 5.92936848989e-05, 0.000136304865009], "mean": [0.0101936431602, 0.391728460789, 1.9894015789, 7.75462961197, 26.1399250031, 49.0371246338, 25.6673736572, 36.8479423523, 28.2253131866, 49.9331130981, 66.3301620483, 33.0503234863, 49.3095207214, 28.8750400543, 17.4996147156, 9.22797679901, 6.1253080368, 3.79064655304, 3.43559217453, 1.43712294102, 1.17603635788, 0.60351729393, 1.3549592495, 1.24873423576, 0.0520652532578, 0.00940397661179, 0.0024798756931, 0.00136781169567, 0.000906890432816, 0.000941871781833, 0.000768077501561, 0.000528987147845, 0.000124604877783, 6.86944040353e-05, 3.8632984797e-05, 2.45409155468e-05, 1.3867663256e-05, 2.84993870991e-06, 1.53287273861e-05, 3.58049655915e-05], "median": [0.00803270097822, 0.267014294863, 1.16573572159, 5.12226963043, 20.5105762482, 44.0726394653, 20.9918193817, 21.8471221924, 15.9180335999, 27.7452106476, 25.034942627, 20.0863075256, 25.35572052, 26.4480819702, 9.8367099762, 7.77106189728, 3.56376743317, 1.33574700356, 1.76920151711, 0.803059577942, 0.496744245291, 0.175687536597, 0.103087492287, 0.0164992325008, 0.00734898913652, 0.00222705979832, 0.000431332387961, 0.000154442619532, 8.20973946247e-05, 6.08705850027e-05, 4.95807544212e-05, 4.24069803557e-05, 3.83238366339e-05, 3.27842499246e-05, 2.57716164924e-05, 1.91448889382e-05, 1.12081979751e-05, 2.13991233977e-06, 1.4230970919e-05, 3.33265525114e-05], "min": [3.0208770771e-22, 1.40327848674e-21, 3.17505644479e-21, 1.66541167954e-20, 1.00540397798e-19, 4.49046886246e-20, 1.7538966437e-19, 8.70108184417e-19, 7.11605438102e-19, 4.52246731048e-19, 8.64090135268e-19, 2.22247941636e-18, 9.86052953505e-19, 1.73933169917e-18, 1.10691158902e-18, 3.0964819671e-18, 8.13958544052e-18, 4.8940339465e-18, 6.54615764805e-18, 9.18213824198e-18, 1.33911549719e-17, 6.34061939586e-18, 8.63002744314e-18, 1.61631058606e-17, 1.11660209262e-17, 1.47385569163e-17, 1.86137078346e-17, 1.97524691859e-17, 1.85943451908e-17, 2.22196478594e-17, 2.2788913557e-17, 1.64124429126e-17, 1.07789078441e-17, 1.4802815615e-17, 1.20932664046e-17, 5.62078862884e-18, 3.84703132694e-18, 1.13312473584e-18, 3.26780906314e-19, 3.65940179349e-20], "var": [9.6510972071e-05, 0.1385153234, 6.23708820343, 70.7583694458, 638.060974121, 1312.52856445, 393.314880371, 1907.63818359, 1149.52624512, 4420.19433594, 18714.8027344, 2744.11743164, 9990.078125, 531.540039062, 461.608764648, 54.7794189453, 55.2960510254, 55.2158203125, 20.1077690125, 3.88555526733, 6.23911762238, 4.66418075562, 42.0262527466, 66.629699707, 0.0559571832418, 0.000832285790239, 7.48742459109e-05, 9.49852692429e-05, 3.55239208147e-05, 6.80237717461e-05, 5.35990366188e-05, 3.22926098306e-05, 3.26655765548e-07, 7.44138333175e-08, 6.09509243077e-09, 6.14794770648e-10, 3.56000062762e-10, 1.02253734993e-11, 6.35914376712e-11, 3.51464524151e-10]}, "gfcc": {"mean": [-196.409057617, 270.828979492, -94.4548339844, -63.7997589111, -14.2759904861, -25.2695350647, -30.6498641968, -9.90417289734, -17.3647613525, -26.987165451, -8.25659561157, -15.3478450775, -3.50373506546], "cov": [[14327.7695312, 4458.58837891, -2311.69873047, -732.926147461, 583.301452637, -883.292663574, -643.366333008, -115.812240601, -173.307220459, -389.115570068, -19.7960014343, -292.870300293, -79.6556549072], [4458.58837891, 2341.60449219, -299.224639893, -614.770874023, 252.821014404, -221.768814087, -225.394729614, -75.2595901489, -106.641532898, -121.57572937, -41.1017074585, -113.563972473, 21.6752948761], [-2311.69873047, -299.224639893, 919.490905762, 42.1419563293, -279.597259521, 254.375915527, 105.268478394, -35.7162475586, 32.8027877808, 53.614692688, -50.0604438782, 66.7566223145, 14.539894104], [-732.926147461, -614.770874023, 42.1419563293, 437.583190918, -65.2332611084, 42.9185333252, 139.161209106, 73.1543960571, 24.9560508728, 42.9047431946, 55.107208252, 60.5399551392, 1.31381118298], [583.301452637, 252.821014404, -279.597259521, -65.2332611084, 311.578430176, -53.4831161499, -16.0913162231, 43.2395401001, -21.7749977112, 9.02064800262, 46.0473632812, -29.9187545776, 27.4455165863], [-883.292663574, -221.768814087, 254.375915527, 42.9185333252, -53.4831161499, 225.26550293, 63.0683135986, -39.4131584167, 54.025478363, 52.3503990173, -22.3426628113, 43.9370307922, 22.3122520447], [-643.366333008, -225.394729614, 105.268478394, 139.161209106, -16.0913162231, 63.0683135986, 146.846557617, 54.2574653625, -14.3864250183, 46.9364967346, 21.2565288544, 14.0488767624, 25.2806987762], [-115.812240601, -75.2595901489, -35.7162475586, 73.1543960571, 43.2395401001, -39.4131584167, 54.2574653625, 138.972045898, 27.6002941132, -36.2604141235, 26.2072715759, 7.25774526596, -21.3294200897], [-173.307220459, -106.641532898, 32.8027877808, 24.9560508728, -21.7749977112, 54.025478363, -14.3864250183, 27.6002941132, 134.225357056, 28.5771331787, -32.4625892639, 31.4865779877, 2.06707262993], [-389.115570068, -121.57572937, 53.614692688, 42.9047431946, 9.02064800262, 52.3503990173, 46.9364967346, -36.2604141235, 28.5771331787, 125.423706055, 15.0888090134, 6.21100759506, 49.7463874817], [-19.7960014343, -41.1017074585, -50.0604438782, 55.107208252, 46.0473632812, -22.3426628113, 21.2565288544, 26.2072715759, -32.4625892639, 15.0888090134, 76.6243286133, 17.8291873932, -4.24757242203], [-292.870300293, -113.563972473, 66.7566223145, 60.5399551392, -29.9187545776, 43.9370307922, 14.0488767624, 7.25774526596, 31.4865779877, 6.21100759506, 17.8291873932, 75.6684341431, 23.5339393616], [-79.6556549072, 21.6752948761, 14.539894104, 1.31381118298, 27.4455165863, 22.3122520447, 25.2806987762, -21.3294200897, 2.06707262993, 49.7463874817, -4.24757242203, 23.5339393616, 77.5924072266]], "icov": [[0.00100057269447, -0.00213080528192, 0.00230774702504, -0.00184882141184, 0.00154758919962, -0.000566570088267, 0.00120595830958, 0.000346346350852, -0.000504564144649, 0.000611100927927, -0.000185102166142, 0.00105810130481, -0.000170325220097], [-0.00213080528192, 0.0053589688614, -0.00506838411093, 0.0049114827998, -0.00375715270638, 0.00197228370234, -0.00312760728411, 0.000197724599275, 0.000345991458744, 7.06175455889e-07, -0.000391911453335, -0.00162072840612, -0.000522260204889], [0.00230774702504, -0.00506838411093, 0.00794115848839, -0.00387477851473, 0.00583270005882, -0.0045201103203, 0.00423533748835, -0.00269839097746, 0.00224292301573, -0.00168175622821, 0.00199000840075, 0.000409112661146, 0.000480789167341], [-0.00184882141184, 0.0049114827998, -0.00387477851473, 0.00917312409729, -0.00247755437158, 0.00305223697796, -0.00862965732813, 0.00188370770775, -0.00218354118988, 0.000795950181782, -0.00296015338972, -0.00386393535882, 0.00118666095659], [0.00154758919962, -0.00375715270638, 0.00583270005882, -0.00247755437158, 0.0100942105055, -0.00532692857087, 0.00646253535524, -0.00627203565091, 0.00199677445926, -0.00138978450559, -0.00374269695021, 0.00549121201038, -0.00531365722418], [-0.000566570088267, 0.00197228370234, -0.0045201103203, 0.00305223697796, -0.00532692857087, 0.0157416071743, -0.0156162176281, 0.0157647393644, -0.012603062205, 0.00769731448963, -0.00354986754246, -0.00288206408732, 0.00252252281643], [0.00120595830958, -0.00312760728411, 0.00423533748835, -0.00862965732813, 0.00646253535524, -0.0156162176281, 0.0395753383636, -0.0310834683478, 0.0261393841356, -0.0223169866949, 0.0143762789667, -0.00108870910481, -0.00304109998979], [0.000346346350852, 0.000197724599275, -0.00269839097746, 0.00188370770775, -0.00627203565091, 0.0157647393644, -0.0310834683478, 0.0420851893723, -0.0324566587806, 0.0299881957471, -0.022361215204, 0.00965822022408, -0.00235940422863], [-0.000504564144649, 0.000345991458744, 0.00224292301573, -0.00218354118988, 0.00199677445926, -0.012603062205, 0.0261393841356, -0.0324566587806, 0.0410026200116, -0.0324203893542, 0.0313596203923, -0.0208903905004, 0.01222722698], [0.000611100927927, 7.06175455889e-07, -0.00168175622821, 0.000795950181782, -0.00138978450559, 0.00769731448963, -0.0223169866949, 0.0299881957471, -0.0324203893542, 0.0422006733716, -0.0310305468738, 0.0230716243386, -0.0201669018716], [-0.000185102166142, -0.000391911453335, 0.00199000840075, -0.00296015338972, -0.00374269695021, -0.00354986754246, 0.0143762789667, -0.022361215204, 0.0313596203923, -0.0310305468738, 0.0485191941261, -0.029324291274, 0.0217196047306], [0.00105810130481, -0.00162072840612, 0.000409112661146, -0.00386393535882, 0.00549121201038, -0.00288206408732, -0.00108870910481, 0.00965822022408, -0.0208903905004, 0.0230716243386, -0.029324291274, 0.0422887355089, -0.0252429377288], [-0.000170325220097, -0.000522260204889, 0.000480789167341, 0.00118666095659, -0.00531365722418, 0.00252252281643, -0.00304109998979, -0.00235940422863, 0.01222722698, -0.0201669018716, 0.0217196047306, -0.0252429377288, 0.0356940813363]]}, "melbands": {"dmean": [6.592747377e-05, 0.000376361305825, 0.000717246264685, 0.000654504226986, 0.000354231859092, 0.00019450749096, 0.000121195131214, 0.000161945601576, 0.000145470694406, 6.81960445945e-05, 6.71558227623e-05, 3.55382398993e-05, 2.11961323657e-05, 7.84443909652e-06, 5.66095286558e-06, 2.65708081315e-06, 2.23083134188e-06, 1.96391920326e-06, 8.63993648181e-07, 6.03887713169e-07, 5.54118400942e-07, 1.1204960515e-07, 4.0389284095e-07, 6.69091662076e-07, 3.4128905213e-07, 6.81963419069e-09, 3.84242326845e-09, 1.86889081988e-09, 1.14818321517e-09, 9.04215424757e-10, 1.14423415187e-09, 6.85776435638e-10, 7.09474479166e-10, 7.57113871597e-10, 6.93487822723e-10, 4.27500534972e-10, 4.49510734191e-10, 6.08838535143e-11, 4.61855970135e-11, 5.87590393009e-11], "dmean2": [0.000110171880806, 0.000627410016023, 0.00120772619266, 0.00110327615403, 0.000565827474929, 0.000293321209028, 0.000183691081475, 0.00023038557265, 0.00021277378255, 7.43511409382e-05, 7.66468874644e-05, 5.64292167837e-05, 2.46882882493e-05, 1.02840976979e-05, 8.69191808306e-06, 3.97579060518e-06, 3.28881355927e-06, 2.83308850157e-06, 1.31209867504e-06, 9.16070803214e-07, 8.40670168145e-07, 1.51086581468e-07, 4.09670008139e-07, 6.76335901062e-07, 3.36507810061e-07, 1.01752251069e-08, 5.28643040454e-09, 2.88289014883e-09, 2.00389305149e-09, 1.56238388893e-09, 2.08400763313e-09, 1.20923304703e-09, 1.28885457862e-09, 1.38202760347e-09, 1.2712472186e-09, 7.76444075701e-10, 7.91476328921e-10, 1.10485599836e-10, 8.31227517373e-11, 1.09280050287e-10], "dvar": [1.13002807112e-08, 4.22217169671e-07, 1.25747510538e-06, 9.38416519602e-07, 2.58322160107e-07, 1.31039712414e-07, 4.42834036107e-08, 1.31483474775e-07, 1.43110938211e-07, 4.40223892895e-08, 4.39268355024e-08, 4.9971111693e-09, 2.20246643146e-09, 2.04260289238e-10, 1.31474553466e-10, 3.46729520095e-11, 4.16614555354e-11, 2.04912857515e-11, 3.33456938277e-12, 1.88598203894e-12, 4.19085165876e-12, 3.24961981152e-13, 1.27069283914e-11, 3.38414365975e-11, 9.12152731819e-12, 7.37611484123e-16, 1.36189888022e-16, 1.76654663615e-16, 4.15994424009e-17, 2.21585886953e-17, 9.65123038212e-17, 1.95375544279e-17, 2.35493969424e-17, 3.83773059085e-17, 4.15113046523e-17, 1.15604123704e-17, 2.20806715903e-17, 6.20804607341e-20, 4.99444480653e-20, 1.81140947771e-19], "dvar2": [3.33650191919e-08, 1.09672635062e-06, 3.8094365209e-06, 2.79242090073e-06, 6.96585175319e-07, 3.12010740799e-07, 1.02808527913e-07, 2.30323351502e-07, 2.59480117393e-07, 5.58730484101e-08, 6.33680130591e-08, 1.42813885162e-08, 2.85117041088e-09, 4.03153316286e-10, 3.49044820824e-10, 8.45557790452e-11, 1.0930361477e-10, 5.10783117191e-11, 9.24305597338e-12, 3.77376688926e-12, 9.35702036686e-12, 4.7194182156e-13, 1.50112353103e-11, 4.64448271509e-11, 1.22469291652e-11, 1.41538263162e-15, 2.82762308864e-16, 3.94893748032e-16, 1.19516203274e-16, 6.20798652674e-17, 2.79466000741e-16, 5.49539193573e-17, 6.51658048176e-17, 1.06135464987e-16, 1.18458775283e-16, 3.22729776856e-17, 5.92221216872e-17, 1.74849592978e-19, 1.38264738653e-19, 5.19242828894e-19], "max": [0.00140799814835, 0.016364492476, 0.0114430654794, 0.01530280523, 0.00780179956928, 0.00590481609106, 0.00400472618639, 0.00911930110306, 0.00847757048905, 0.00625585997477, 0.00606809090823, 0.00149135955144, 0.00113926490303, 0.000238885491854, 0.000172708634636, 0.000171269377461, 0.000149427331053, 6.06569410593e-05, 3.65784071619e-05, 3.13267955789e-05, 5.88307957514e-05, 2.2440801331e-05, 0.000178140064236, 0.000255651393672, 0.000133631619974, 1.04108391952e-06, 2.68229712219e-07, 4.24368693075e-07, 1.52798747877e-07, 9.12966271471e-08, 2.63168914216e-07, 9.9748433513e-08, 1.05634740066e-07, 1.55926997536e-07, 1.61975279411e-07, 6.1744160007e-08, 1.22448923889e-07, 4.40994885054e-09, 6.21407325596e-09, 8.66405880373e-09], "mean": [0.000221362890443, 0.000862198183313, 0.00208125845529, 0.00253614829853, 0.0013166796416, 0.000767751422245, 0.000461148301838, 0.000594745215494, 0.000469268095912, 0.000250265293289, 0.000254811544437, 0.00012055246043, 6.94690606906e-05, 2.88398714474e-05, 2.0532967028e-05, 1.03492375274e-05, 5.98863834966e-06, 5.57125349587e-06, 2.3442296424e-06, 1.7543601416e-06, 1.29714646846e-06, 3.84819088595e-07, 1.20090408018e-06, 1.87531702522e-06, 9.63623392636e-07, 1.54582178169e-08, 1.11027853578e-08, 3.33299055022e-09, 1.36188205158e-09, 9.29823051887e-10, 7.79560138664e-10, 4.98242724856e-10, 4.98817986916e-10, 4.958748967e-10, 4.688476829e-10, 2.90373891598e-10, 3.06162928343e-10, 5.68342421736e-11, 4.49106654643e-11, 4.47069707643e-11], "median": [0.000165013887454, 0.000565528171137, 0.00147935235873, 0.00225669355132, 0.00118774012662, 0.000457861693576, 0.000274815887678, 0.000319684913848, 0.000186084536836, 0.000131399196107, 0.000134345275001, 0.00011111938511, 3.04588047584e-05, 1.93824125745e-05, 1.5287190763e-05, 3.5740590647e-06, 1.75296986527e-06, 2.74378771792e-06, 1.4186257431e-06, 7.38340474982e-07, 4.55428448731e-07, 1.56338018087e-07, 1.12978312927e-07, 4.3619415635e-08, 9.18790377114e-09, 4.15267553677e-09, 3.73060693448e-09, 6.33432084562e-10, 1.54792803575e-10, 1.11830371352e-10, 5.08121184017e-11, 3.47146061896e-11, 2.96312210879e-11, 2.20317063204e-11, 1.97174533645e-11, 1.68831806174e-11, 1.46613381158e-11, 1.36229066222e-11, 1.31400237913e-11, 1.06006124018e-11], "min": [2.24736650579e-24, 1.82897006445e-24, 6.02414892449e-24, 4.99678972965e-24, 5.70746386954e-24, 1.72890747624e-23, 1.02452008445e-23, 4.68881567123e-24, 7.84626930971e-24, 1.45857983238e-23, 4.06961665862e-24, 6.80132601085e-24, 3.38019403709e-24, 5.92303904455e-24, 1.21825753857e-23, 1.87366250572e-23, 7.56729732804e-24, 8.61459695442e-24, 1.2390424457e-23, 1.61981243067e-23, 1.39994537902e-23, 5.47834119177e-24, 8.35988560104e-24, 8.607708621e-24, 1.39199066342e-23, 9.57871198721e-24, 5.94032732572e-24, 1.14409585712e-23, 1.31199835325e-23, 9.88881715336e-24, 1.22148847618e-23, 9.95185266171e-24, 1.23209171338e-23, 1.20238242283e-23, 1.23546354155e-23, 1.26129431857e-23, 9.33015059344e-24, 7.23964158448e-24, 8.01465798081e-24, 1.34321760246e-23], "var": [4.48239632078e-08, 9.89752265923e-07, 3.80528354071e-06, 3.08642893287e-06, 7.84964584e-07, 8.01667056294e-07, 2.72884363994e-07, 8.75105286013e-07, 8.88991394277e-07, 2.46377112489e-07, 2.56428279499e-07, 1.0399864081e-08, 1.07394573234e-08, 8.66870575322e-10, 3.51174950231e-10, 2.80697326493e-10, 1.72704128776e-10, 5.47498678338e-11, 7.53000786724e-12, 1.01281647999e-11, 1.05303361517e-11, 1.48204105238e-12, 6.75427075381e-11, 1.46551104585e-10, 4.07050677886e-11, 2.71918222497e-15, 4.12900794988e-16, 2.43159495174e-16, 2.93269871689e-17, 1.61762332169e-17, 5.49456343162e-17, 1.23290236325e-17, 1.52038526283e-17, 2.41656580793e-17, 2.42171186395e-17, 7.10231418727e-18, 1.46866099739e-17, 4.91178813758e-20, 3.62965948059e-20, 1.04453621255e-19]}, "mfcc": {"mean": [-809.987426758, 278.635314941, 17.1738777161, -24.2986698151, 9.81707572937, -7.2095580101, -11.6383171082, 2.56524515152, -3.25994706154, -9.61053657532, -8.42745876312, -9.55473995209, -8.46426486969], "cov": [[4112.00830078, 2731.23486328, -771.504760742, -429.981201172, 214.949447632, -196.367584229, -183.656341553, 36.9915733337, -114.881820679, -71.9682540894, 10.7940607071, -59.0156745911, -79.7668914795], [2731.23486328, 2190.61157227, -223.389770508, -442.476928711, 94.467010498, -59.1008300781, -150.523880005, -24.4978523254, -29.6282253265, -68.9743270874, -49.4720230103, -50.443031311, -50.6820793152], [-771.504760742, -223.389770508, 515.082763672, 65.3427352905, -120.329238892, 88.3452148438, 28.6905193329, -27.4622592926, 59.8262405396, -2.91349291801, -45.833152771, 9.90144252777, 16.4937000275], [-429.981201172, -442.476928711, 65.3427352905, 283.817901611, 28.7537078857, -47.4745254517, 73.7318572998, 65.357925415, -10.6453084946, 24.0056819916, 47.7512283325, 25.9073257446, 17.9819068909], [214.949447632, 94.467010498, -120.329238892, 28.7537078857, 130.554275513, 21.9975337982, 3.19778156281, 32.5242385864, 6.60398483276, 13.6916122437, 32.9952316284, 19.7278614044, 10.8265886307], [-196.367584229, -59.1008300781, 88.3452148438, -47.4745254517, 21.9975337982, 164.981201172, 49.7461204529, -44.0713996887, 30.361541748, 24.1302928925, -23.8949832916, 9.9916639328, 34.6772537231], [-183.656341553, -150.523880005, 28.6905193329, 73.7318572998, 3.19778156281, 49.7461204529, 138.30921936, 42.3722991943, -28.3300361633, 19.7110443115, 20.2975292206, -8.80394077301, 6.31457567215], [36.9915733337, -24.4978523254, -27.4622592926, 65.357925415, 32.5242385864, -44.0713996887, 42.3722991943, 130.114730835, 24.0755691528, -5.75385713577, 50.2980880737, 7.20796346664, -30.3364086151], [-114.881820679, -29.6282253265, 59.8262405396, -10.6453084946, 6.60398483276, 30.361541748, -28.3300361633, 24.0755691528, 109.582702637, 33.5170555115, -9.69747447968, 26.9624652863, 24.5952625275], [-71.9682540894, -68.9743270874, -2.91349291801, 24.0056819916, 13.6916122437, 24.1302928925, 19.7110443115, -5.75385713577, 33.5170555115, 70.080078125, 27.7362537384, 1.43740987778, 12.1073389053], [10.7940607071, -49.4720230103, -45.833152771, 47.7512283325, 32.9952316284, -23.8949832916, 20.2975292206, 50.2980880737, -9.69747447968, 27.7362537384, 86.512046814, 11.0523376465, -35.1375808716], [-59.0156745911, -50.443031311, 9.90144252777, 25.9073257446, 19.7278614044, 9.9916639328, -8.80394077301, 7.20796346664, 26.9624652863, 1.43740987778, 11.0523376465, 75.12084198, 46.0723762512], [-79.7668914795, -50.6820793152, 16.4937000275, 17.9819068909, 10.8265886307, 34.6772537231, 6.31457567215, -30.3364086151, 24.5952625275, 12.1073389053, -35.1375808716, 46.0723762512, 100.846870422]], "icov": [[0.0924334302545, -0.13175290823, 0.135026142001, -0.135771200061, 0.132328242064, -0.122613012791, 0.104420214891, -0.0852369293571, 0.0662160515785, -0.0499967224896, 0.033517383039, -0.0228923931718, 0.0167896263301], [-0.13175290823, 0.188795655966, -0.193245694041, 0.195987552404, -0.191001415253, 0.176725059748, -0.149311602116, 0.121172226965, -0.0935657098889, 0.0705562531948, -0.0469263419509, 0.0325323268771, -0.0239990353584], [0.135026142001, -0.193245694041, 0.202435687184, -0.203311532736, 0.200617641211, -0.185159683228, 0.154102668166, -0.124013386667, 0.0933042168617, -0.0696399062872, 0.0477005243301, -0.0330588631332, 0.0253318864852], [-0.135771200061, 0.195987552404, -0.203311532736, 0.213284358382, -0.205167084932, 0.191846817732, -0.160125285387, 0.125101298094, -0.0946722775698, 0.0694853439927, -0.0480161942542, 0.0316927060485, -0.02641854994], [0.132328242064, -0.191001415253, 0.200617641211, -0.205167084932, 0.213900253177, -0.1930757761, 0.16108609736, -0.131150022149, 0.0978674963117, -0.0722122639418, 0.0442704185843, -0.0323657952249, 0.0213501472026], [-0.122613012791, 0.176725059748, -0.185159683228, 0.191846817732, -0.1930757761, 0.190713942051, -0.159990519285, 0.131234452128, -0.101349726319, 0.0727324038744, -0.0472934544086, 0.0297218170017, -0.0215187966824], [0.104420214891, -0.149311602116, 0.154102668166, -0.160125285387, 0.16108609736, -0.159990519285, 0.151057332754, -0.124449253082, 0.101353667676, -0.0772565305233, 0.0484339185059, -0.0259228553623, 0.0150032443926], [-0.0852369293571, 0.121172226965, -0.124013386667, 0.125101298094, -0.131150022149, 0.131234452128, -0.124449253082, 0.121698394418, -0.0970596373081, 0.0789973735809, -0.0550414733589, 0.0275969412178, -0.0127904163674], [0.0662160515785, -0.0935657098889, 0.0933042168617, -0.0946722775698, 0.0978674963117, -0.101349726319, 0.101353667676, -0.0970596373081, 0.094959653914, -0.0759444832802, 0.0514533556998, -0.0298374705017, 0.0132901510224], [-0.0499967224896, 0.0705562531948, -0.0696399062872, 0.0694853439927, -0.0722122639418, 0.0727324038744, -0.0772565305233, 0.0789973735809, -0.0759444832802, 0.0843358561397, -0.0564252175391, 0.0319358110428, -0.0195963066071], [0.033517383039, -0.0469263419509, 0.0477005243301, -0.0480161942542, 0.0442704185843, -0.0472934544086, 0.0484339185059, -0.0550414733589, 0.0514533556998, -0.0564252175391, 0.0611971989274, -0.0312839336693, 0.0254477281123], [-0.0228923931718, 0.0325323268771, -0.0330588631332, 0.0316927060485, -0.0323657952249, 0.0297218170017, -0.0259228553623, 0.0275969412178, -0.0298374705017, 0.0319358110428, -0.0312839336693, 0.0389171279967, -0.024059260264], [0.0167896263301, -0.0239990353584, 0.0253318864852, -0.02641854994, 0.0213501472026, -0.0215187966824, 0.0150032443926, -0.0127904163674, 0.0132901510224, -0.0195963066071, 0.0254477281123, -0.024059260264, 0.0309926029295]]}, "spectral_contrast_coeffs": {"dmean": [0.0380591601133, 0.0336170829833, 0.0275630448014, 0.0217590313405, 0.0227561183274, 0.035907369107], "dmean2": [0.0641398876905, 0.0549777932465, 0.0424760617316, 0.0344047881663, 0.0380037203431, 0.0645576044917], "dvar": [0.00103292206768, 0.0010548743885, 0.000865685171448, 0.000563718494959, 0.000610134913586, 0.00116918573622], "dvar2": [0.00290966336615, 0.0026939783711, 0.00192513770889, 0.00130353379063, 0.0015492857201, 0.00327150709927], "max": [-0.285299152136, -0.380490779877, -0.479851186275, -0.600789070129, -0.47203591466, -0.683496057987], "mean": [-0.519643783569, -0.667033553123, -0.674431622028, -0.718746542931, -0.68982231617, -0.908676326275], "median": [-0.519760251045, -0.666778564453, -0.675083398819, -0.711750149727, -0.685038685799, -0.919105470181], "min": [-0.996545433998, -0.984501540661, -0.981446027756, -0.975699365139, -0.958897650242, -0.96512401104], "var": [0.00970968883485, 0.00584531296045, 0.00557424593717, 0.00304887560196, 0.00526494905353, 0.00233602221124]}, "spectral_contrast_valleys": {"dmean": [0.339220762253, 0.272493451834, 0.250250786543, 0.261848986149, 0.34613597393, 0.934737980366], "dmean2": [0.570067405701, 0.43520873785, 0.386119633913, 0.404979556799, 0.557022035122, 1.71874141693], "dvar": [0.153949975967, 0.13781927526, 0.138185963035, 0.148287981749, 0.206288009882, 0.587488532066], "dvar2": [0.303666800261, 0.226061403751, 0.225102454424, 0.259543716908, 0.437999814749, 1.84005582333], "max": 