{"lowlevel": {"average_loudness": 0.949964642525, "barkbands_crest": {"dmean": 2.06651878357, "dmean2": 3.15910291672, "dvar": 4.72716808319, "dvar2": 10.7059135437, "max": 26.6945056915, "mean": 10.6969633102, "median": 9.76459312439, "min": 2.59556436539, "var": 18.7739696503}, "barkbands_flatness_db": {"dmean": 0.0269607584924, "dmean2": 0.0354219451547, "dvar": 0.00108410976827, "dvar2": 0.00206638430245, "max": 0.498944848776, "mean": 0.175435781479, "median": 0.16116347909, "min": 0.0253038518131, "var": 0.00713406410068}, "barkbands_kurtosis": {"dmean": 2.68734288216, "dmean2": 3.95136451721, "dvar": 23.9513530731, "dvar2": 51.3956031799, "max": 122.965751648, "mean": 5.95876121521, "median": 2.61122584343, "min": -1.8892223835, "var": 104.925521851}, "barkbands_skewness": {"dmean": 0.502787292004, "dmean2": 0.726333796978, "dvar": 0.35762244463, "dvar2": 0.804671883583, "max": 8.12331962585, "mean": 1.36519992352, "median": 1.32301962376, "min": -10.7227287292, "var": 2.42344617844}, "barkbands_spread": {"dmean": 4.58241415024, "dmean2": 6.82258892059, "dvar": 50.2286872864, "dvar2": 122.889297485, "max": 105.213928223, "mean": 16.462064743, "median": 14.6087417603, "min": 0.696032702923, "var": 114.634300232}, "dissonance": {"dmean": 0.027165081352, "dmean2": 0.0444391295314, "dvar": 0.000814892468043, "dvar2": 0.00216057081707, "max": 0.499884098768, "mean": 0.426673650742, "median": 0.43623316288, "min": 0.197746053338, "var": 0.0022326875478}, "dynamic_complexity": 5.24565458298, "erbbands_crest": {"dmean": 2.68177103996, "dmean2": 3.83713626862, "dvar": 9.04823589325, "dvar2": 18.0695381165, "max": 35.0927391052, "mean": 13.5417308807, "median": 12.2380666733, "min": 2.6483643055, "var": 46.404510498}, "erbbands_flatness_db": {"dmean": 0.0264799427241, "dmean2": 0.0327582806349, "dvar": 0.000861904292833, "dvar2": 0.00152083288413, "max": 0.496991842985, "mean": 0.195876091719, "median": 0.185789138079, "min": 0.0444064028561, "var": 0.00564643554389}, "erbbands_kurtosis": {"dmean": 2.24707961082, "dmean2": 3.211124897, "dvar": 21.3177547455, "dvar2": 40.64610672, "max": 215.34967041, "mean": 4.46232223511, "median": 0.897975206375, "min": -1.77755820751, "var": 136.170303345}, "erbbands_skewness": {"dmean": 0.448602974415, "dmean2": 0.634987175465, "dvar": 0.324751317501, "dvar2": 0.668957710266, "max": 6.65416812897, "mean": 0.5469789505, "median": 0.556023478508, "min": -10.7934246063, "var": 2.71468305588}, "erbbands_spread": {"dmean": 8.05702877045, "dmean2": 11.437669754, "dvar": 132.252883911, "dvar2": 300.517547607, "max": 157.590698242, "mean": 28.3046836853, "median": 26.2168426514, "min": 0.406106442213, "var": 319.480834961}, "hfc": {"dmean": 9.63526248932, "dmean2": 13.886475563, "dvar": 561.525817871, "dvar2": 1231.87133789, "max": 234.382843018, "mean": 15.1352272034, "median": 5.36424922943, "min": 1.19995226875e-16, "var": 741.825378418}, "melbands_crest": {"dmean": 2.6945245266, "dmean2": 4.27436923981, "dvar": 8.11211872101, "dvar2": 21.3455352783, "max": 36.3745079041, "mean": 13.7395172119, "median": 12.7826623917, "min": 2.29674577713, "var": 27.6730384827}, "melbands_flatness_db": {"dmean": 0.0292805340141, "dmean2": 0.0396994464099, "dvar": 0.00155335792806, "dvar2": 0.00316227227449, "max": 0.586099743843, "mean": 0.248369023204, "median": 0.236716210842, "min": 0.00490684853867, "var": 0.00870467722416}, "melbands_kurtosis": {"dmean": 5.26100254059, "dmean2": 7.95150327682, "dvar": 105.790901184, "dvar2": 268.378326416, "max": 198.750930786, "mean": 11.7912864685, "median": 5.98591470718, "min": -1.93484640121, "var": 302.291168213}, "melbands_skewness": {"dmean": 0.618249475956, "dmean2": 0.905413150787, "dvar": 0.620397686958, "dvar2": 1.4549369812, "max": 11.7236089706, "mean": 2.06090259552, "median": 1.90801930428, "min": -6.25649833679, "var": 2.90701627731}, "melbands_spread": {"dmean": 5.56582164764, "dmean2": 8.59774780273, "dvar": 96.9929885864, "dvar2": 237.433197021, "max": 182.126220703, "mean": 20.954460144, "median": 15.9922466278, "min": 0.841038405895, "var": 282.439025879}, "pitch_salience": {"dmean": 0.0649527087808, "dmean2": 0.101432226598, "dvar": 0.00522356620058, "dvar2": 0.0117765581235, "max": 0.965751588345, "mean": 0.518793880939, "median": 0.519687950611, "min": 0.0636120885611, "var": 0.0179961752146}, "silence_rate_20dB": {"dmean": 0, "dmean2": 0, "dvar": 0, "dvar2": 0, "max": 1, "mean": 1, "median": 1, "min": 1, "var": 0}, "silence_rate_30dB": {"dmean": 0.000262708519585, "dmean2": 0.000525486073457, "dvar": 0.000262669462245, "dvar2": 0.000788072822616, "max": 1, "mean": 0.999868690968, "median": 1, "min": 0, "var": 0.000131309468998}, "silence_rate_60dB": {"dmean": 0.0591094195843, "dmean2": 0.118234366179, "dvar": 0.0556065142155, "dvar2": 0.112135365605, "max": 1, "mean": 0.190701335669, "median": 0, "min": 0, "var": 0.154340431094}, "spectral_centroid": {"dmean": 198.11416626, "dmean2": 301.498291016, "dvar": 119154.382812, "dvar2": 269618.65625, "max": 10950.5957031, "mean": 997.992004395, "median": 877.566040039, "min": 239.123641968, "var": 307785.71875}, "spectral_complexity": {"dmean": 3.50164198875, "dmean2": 4.67656326294, "dvar": 50.1593437195, "dvar2": 81.0517044067, "max": 79, "mean": 11.5749931335, "median": 9, "min": 0, "var": 116.900978088}, "spectral_decrease": {"dmean": 1.75532377522e-09, "dmean2": 2.67193245307e-09, "dvar": 1.51079956302e-17, "dvar2": 3.65528002488e-17, "max": -1.03739927565e-28, "mean": -3.56185259065e-09, "median": -2.14765694118e-09, "min": -3.38206014305e-08, "var": 1.95492706141e-17}, "spectral_energy": {"dmean": 0.00744620943442, "dmean2": 0.0112124234438, "dvar": 0.000272769510048, "dvar2": 0.000650337315165, "max": 0.145342618227, "mean": 0.0148160615936, "median": 0.00873360782862, "min": 1.12754524105e-20, "var": 0.000356145290425}, "spectral_energyband_high": {"dmean": 0.000575799611397, "dmean2": 0.000815423380118, "dvar": 2.09206518775e-06, "dvar2": 4.03103604185e-06, "max": 0.0147215751931, "mean": 0.000643664505333, "median": 4.53676912002e-05, "min": 8.51169173434e-21, "var": 2.88757269118e-06}, "spectral_energyband_low": {"dmean": 0.00201690662652, "dmean2": 0.00342258322053, "dvar": 5.01922804688e-05, "dvar2": 0.000133273031679, "max": 0.0867263376713, "mean": 0.00278176786378, "median": 0.00120848813094, "min": 7.52892760693e-23, "var": 4.60215305793e-05}, "spectral_energyband_middle_high": {"dmean": 0.00272212387063, "dmean2": 0.00409250147641, "dvar": 4.88133773615e-05, "dvar2": 0.00012110152602, "max": 0.0841052830219, "mean": 0.00495407683775, "median": 0.00138117233291, "min": 1.47532377744e-21, "var": 6.73424219713e-05}, "spectral_energyband_middle_low": {"dmean": 0.00324080884457, "dmean2": 0.00499368598685, "dvar": 6.83692705934e-05, "dvar2": 0.000173969339812, "max": 0.110092416406, "mean": 0.00662016216666, "median": 0.00430388562381, "min": 3.65695796552e-22, "var": 7.53457643441e-05}, "spectral_entropy": {"dmean": 0.28622725606, "dmean2": 0.360731124878, "dvar": 0.140305310488, "dvar2": 0.267293691635, "max": 9.81780529022, "mean": 6.90716362, "median": 6.92196846008, "min": 4.33188867569, "var": 0.653210997581}, "spectral_flux": {"dmean": 0.0259514600039, "dmean2": 0.0388949252665, "dvar": 0.00179769238457, "dvar2": 0.00348802492954, "max": 0.33852776885, "mean": 0.0525623485446, "median": 0.032785333693, "min": 1.06185935045e-10, "var": 0.00333932391368}, "spectral_kurtosis": {"dmean": 3.38803768158, "dmean2": 5.41414165497, "dvar": 29.0594596863, "dvar2": 65.8904342651, "max": 163.479919434, "mean": 9.49511814117, "median": 5.96736526489, "min": -1.18149673939, "var": 193.226623535}, "spectral_rms": {"dmean": 0.000745826342609, "dmean2": 0.00105852971319, "dvar": 1.70530199739e-06, "dvar2": 3.65372011402e-06, "max": 0.0119078829885, "mean": 0.0032367289532, "median": 0.0029190054629, "min": 3.31669132263e-12, "var": 3.97831627197e-06}, "spectral_rolloff": {"dmean": 326.477600098, "dmean2": 566.056396484, "dvar": 790305.5, "dvar2": 2018284.125, "max": 17678.7597656, "mean": 1135.94836426, "median": 947.4609375, "min": 129.19921875, "var": 974759.0625}, "spectral_skewness": {"dmean": 0.33599755168, "dmean2": 0.526002585888, "dvar": 0.175752982497, "dvar2": 0.400891214609, "max": 10.8006515503, "mean": 2.17134666443, "median": 1.92747533321, "min": -0.0208944883198, "var": 1.17286837101}, "spectral_spread": {"dmean": 830633.0625, "dmean2": 1076322.875, "dvar": 1389608828930.0, "dvar2": 2659176415230.0, "max": 39389076, "mean": 4190061.75, "median": 3722075, "min": 560031.1875, "var": 3578925416450.0}, "spectral_strongpeak": {"dmean": 0.611827671528, "dmean2": 0.958965301514, "dvar": 1.21070325375, "dvar2": 2.45465803146, "max": 12.8730306625, "mean": 1.50057733059, "median": 0.590360641479, "min": 0, "var": 4.39050531387}, "zerocrossingrate": {"dmean": 0.0101921418682, "dmean2": 0.0112472753972, "dvar": 0.0001730320364, "dvar2": 0.000204288415262, "max": 0.4921875, "mean": 0.0510663054883, "median": 0.044921875, "min": 0.0029296875, "var": 0.000847538176458}, "barkbands": {"dmean": [0.000216150539927, 0.00097693852149, 0.0010549321305, 0.000342542829458, 0.00153131724801, 0.000537646585144, 0.00118245696649, 0.000238913737121, 0.000205056523555, 0.000264566362603, 0.00048892427003, 0.000551820499822, 0.000202676659683, 0.000416730210418, 0.000462305120891, 0.000302385858959, 0.000287505536107, 0.000165555436979, 0.000146285616211, 0.000130704342155, 0.000118990516057, 0.000109721193439, 0.000101090779935, 8.47831688588e-05, 6.97892173775e-05, 4.86758290208e-05, 1.81861396413e-05], "dmean2": [0.000357871118467, 0.00164561241399, 0.00190737994853, 0.00058061000891, 0.00243452587165, 0.000830684322864, 0.0018977484433, 0.000380197947379, 0.000325091677951, 0.000410298380302, 0.000737233727705, 0.000795423868112, 0.000307656096993, 0.000625693239272, 0.000717878516298, 0.000500643043779, 0.000485570606543, 0.000274583348073, 0.000240704699536, 0.00020632086671, 0.000180912917131, 0.000158641778398, 0.000141639524372, 0.000124290192616, 0.000100174111139, 7.1049980761e-05, 2.72101133305e-05], "dvar": [6.18558601673e-07, 1.02173680716e-05, 1.73930620804e-05, 7.96886865828e-07, 2.10578473343e-05, 1.22458163787e-06, 7.94703828433e-06, 4.12134284034e-07, 3.91734914729e-07, 5.88331317886e-07, 2.2455258204e-06, 2.50275707003e-06, 3.70080471157e-07, 1.58737691436e-06, 2.16230796468e-06, 1.0322739854e-06, 1.71285751094e-06, 4.55060103377e-07, 2.75869950883e-07, 2.14191004488e-07, 1.36375703619e-07, 9.93847706354e-08, 6.04175838248e-08, 4.44222187923e-08, 2.62225245962e-08, 1.24953976055e-08, 1.88746018814e-09], "dvar2": [1.56881378643e-06, 2.57161809714e-05, 5.00812420796e-05, 2.11932729144e-06, 5.75826015847e-05, 3.2128393741e-06, 2.0461378881e-05, 1.10259099984e-06, 9.74106683316e-07, 1.38138398142e-06, 5.16227009939e-06, 5.04073796037e-06, 7.92075638856e-07, 3.56087957698e-06, 4.90657521368e-06, 2.64109394266e-06, 4.70261966257e-06, 1.23506049476e-06, 7.44948920328e-07, 5.17336218309e-07, 3.06365933511e-07, 2.08390275702e-07, 1.22441207395e-07, 9.46826759218e-08, 5.27793311278e-08, 2.62493262682e-08, 4.06280786791e-09], "max": [0.00893397815526, 0.0395040661097, 0.0501701831818, 0.0158807355911, 0.0549029521644, 0.0205903034657, 0.0354273170233, 0.00963258557022, 0.0107916835696, 0.0112178232521, 0.0312971174717, 0.0362479425967, 0.0130189992487, 0.0240109786391, 0.0272154565901, 0.0133391683921, 0.0179458111525, 0.00943655986339, 0.00582456495613, 0.00585296796635, 0.00518803950399, 0.00351936835796, 0.00272974791005, 0.003000800265, 0.00164654490072, 0.00103247829247, 0.00050396163715], "mean": [0.000191828148672, 0.00144499959424, 0.00098590622656, 0.000446015503258, 0.00261694798246, 0.00136007019319, 0.00153215706814, 0.000354927760782, 0.000268018629868, 0.000334439275321, 0.000803673407063, 0.00106078502722, 0.000292607117444, 0.000675437331665, 0.000726270547602, 0.000399463897338, 0.000314496195642, 0.000155373825692, 0.00014094854123, 0.000132956687594, 0.000128248386318, 0.000118575429951, 0.000114134847536, 8.48026538733e-05, 7.11989123374e-05, 4.52655622212e-05, 1.6512163711e-05], "median": [8.43483030621e-06, 0.000662523845676, 0.000415393034928, 0.00016833312111, 0.00126662559342, 0.000982090132311, 0.000489458325319, 0.000110631772259, 6.46802654956e-05, 2.92840741167e-05, 5.35271246918e-05, 9.5593270089e-05, 3.96453688154e-05, 2.74816920864e-05, 2.3786784368e-05, 2.52509526035e-05, 3.30694456352e-05, 1.8812759663e-05, 1.85194039659e-05, 1.32786390168e-05, 1.22187802845e-05, 7.45738543628e-06, 5.15565534442e-06, 4.4274247557e-06, 2.31532885664e-06, 8.00816678748e-07, 1.68851073568e-07], "min": [1.93383255572e-23, 2.6387207953e-23, 3.1482482628e-23, 1.55831376141e-24, 6.13310513055e-23, 3.10327688031e-23, 6.99153725672e-23, 9.65783347383e-23, 8.9123037515e-23, 3.12471496427e-23, 1.01254153137e-22, 7.92531759003e-23, 7.76478313364e-23, 7.01861096299e-23, 6.69220935049e-23, 1.63292882094e-22, 1.99285626461e-22, 2.4526465569e-22, 2.64378919506e-22, 5.86269762241e-22, 3.70197832049e-22, 6.07094528935e-22, 5.85481961564e-22, 1.1530514037e-21, 1.47385722822e-21, 1.91510567941e-21, 2.2036832669e-21], "var": [5.77866046569e-07, 1.08999174699e-05, 1.11522322186e-05, 7.81251060289e-07, 1.90667815332e-05, 2.13306066144e-06, 7.72927614889e-06, 4.504406661e-07, 4.36776133483e-07, 9.02970384686e-07, 5.28756527274e-06, 9.04696298676e-06, 6.77421155615e-07, 3.96596487917e-06, 6.14011833022e-06, 1.65911785643e-06, 1.75534989921e-06, 3.39624307344e-07, 2.15765751932e-07, 2.03937446486e-07, 1.50944941879e-07, 1.22259407931e-07, 8.67137330829e-08, 5.25739949353e-08, 3.40763577356e-08, 1.46960950076e-08, 2.08519179701e-09]}, "erbbands": {"dmean": [0.0353955961764, 0.253940999508, 1.17040503025, 1.05199229717, 3.56796121597, 4.62518358231, 6.02306032181, 5.43155813217, 15.7191066742, 10.4640493393, 4.71092653275, 4.23628234863, 6.79420804977, 16.8031806946, 16.4557609558, 17.1677284241, 8.7816028595, 17.4216918945, 20.6997737885, 24.2795829773, 16.6296882629, 16.5422534943, 10.0825471878, 6.62404441833, 7.4396739006, 5.86531591415, 5.23884916306, 4.56956195831, 3.84683084488, 3.29050326347, 2.71696019173, 1.97875487804, 1.37748777866, 0.809256076813, 0.509713828564, 0.226444870234, 0.0827731192112, 0.0211439561099, 0.00317660719156, 0.000165700505022], "dmean2": [0.0555021762848, 0.444349706173, 2.12872052193, 1.8239659071, 6.06616258621, 7.65341281891, 7.8381819725, 8.48313140869, 25.3099212646, 17.0577220917, 7.4490904808, 6.72317695618, 10.6536045074, 24.3714160919, 25.2827510834, 25.4007225037, 13.1326370239, 25.8229579926, 31.4416446686, 38.5505332947, 26.6150684357, 27.7024345398, 16.9567527771, 10.6794567108, 11.8496217728, 9.26852416992, 8.27195835114, 6.81280851364, 5.64426660538, 4.55777978897, 3.80253386497, 2.85264635086, 2.02010273933, 1.17324781418, 0.73694896698, 0.327562183142, 0.123614050448, 0.0315926447511, 0.00476316455752, 0.000247715768637], "dvar": [0.0131795741618, 0.895758926868, 21.7504386902, 11.4931535721, 156.431091309, 231.053329468, 89.621711731, 125.385139465, 1349.72607422, 764.112060547, 170.627807617, 157.486968994, 443.137298584, 2381.07421875, 2104.86425781, 2464.23730469, 615.477478027, 2671.40136719, 3459.52807617, 6224.20996094, 2706.33886719, 5373.96972656, 1951.65234375, 516.826171875, 688.305786133, 499.511627197, 323.892303467, 183.013046265, 133.046463013, 68.32447052, 43.0427093506, 23.8070774078, 12.061047554, 3.80148720741, 1.4425419569, 0.27301850915, 0.0391253232956, 0.00263772928156, 5.92175674683e-05, 1.64945674896e-07], "dvar2": [0.0318452231586, 2.49455857277, 62.2899360657, 32.2621498108, 417.097473145, 647.16229248, 165.664276123, 325.723175049, 3471.87890625, 1964.50866699, 444.837554932, 395.918609619, 1075.10974121, 4825.16015625, 5197.31689453, 5398.85791016, 1356.69177246, 5769.59326172, 8060.52636719, 15069.5078125, 6468.16601562, 14511.1503906, 5450.57958984, 1323.93945312, 1777.84533691, 1217.37451172, 782.696350098, 388.580749512, 282.315948486, 142.29788208, 86.4634552002, 49.9412956238, 26.6022624969, 7.70185041428, 3.02814435959, 0.571288883686, 0.0859274938703, 0.00568252662197, 0.000128491403302, 3.60062699656e-07], "max": [1.44873869419, 11.323340416, 52.0256881714, 55.0092811584, 143.834503174, 201.004089355, 140.982254028, 189.554595947, 469.189758301, 343.335662842, 206.144683838, 192.578689575, 357.187591553, 1260.6015625, 788.711730957, 1149.53869629, 684.738952637, 1192.2401123, 1009.07885742, 1334.03186035, 906.333435059, 1007.78686523, 620.072021484, 289.257385254, 306.386016846, 293.939819336, 260.051422119, 152.228546143, 146.428070068, 90.1231918335, 72.995010376, 56.8165588379, 62.336227417, 27.0717868805, 13.2735204697, 5.3100810051, 2.19675827026, 0.890240192413, 0.093634173274, 0.00606053555384], "mean": [0.0462860539556, 0.309997916222, 1.09242904186, 1.31265735626, 3.91733002663, 7.0606918335, 15.8918800354, 13.0037117004, 22.3157234192, 12.9262752533, 7.08586072922, 5.62608003616, 8.86051464081, 31.5159931183, 28.5559101105, 29.9598941803, 14.237200737, 27.5512447357, 33.5737113953, 31.9571704865, 25.3274650574, 19.4610385895, 9.53317070007, 6.9868850708, 7.36292886734, 5.87674188614, 5.36596727371, 4.93338727951, 4.14745378494, 3.65320134163, 3.07590270042, 2.02962470055, 1.33023262024, 0.808952629566, 0.521643519402, 0.217437893152, 0.074634604156, 0.0192345678806, 0.00287443702109, 0.000159549017553], "median": [0.0196812283248, 0.151752442122, 0.458579421043, 0.537098526955, 1.19374287128, 3.39184904099, 7.50371932983, 8.51408004761, 7.29489612579, 4.03162288666, 2.39435219765, 1.64484262466, 1.37627267838, 1.88507044315, 4.08531284332, 3.31610417366, 2.63135194778, 1.68415594101, 2.44795465469, 1.8502959013, 2.39711904526, 1.94812488556, 1.32330620289, 1.06284928322, 0.953813135624, 0.553869724274, 0.475973457098, 0.338242650032, 0.295241862535, 0.221076905727, 0.138070821762, 0.0988602340221, 0.0595553144813, 0.0318557471037, 0.0144671611488, 0.00414152257144, 0.00142912962474, 0.000268835981842, 3.29637914547e-05, 1.40837073559e-05], "min": [6.88357097644e-22, 7.02756250216e-21, 3.77979825477e-20, 1.62259958985e-20, 1.21311646149e-19, 1.70255780823e-19, 2.51604767691e-19, 2.83989534907e-19, 5.62669552559e-19, 2.31357082016e-18, 1.57854226375e-18, 2.56277965921e-18, 1.28141164649e-18, 3.17872377912e-18, 2.55227053632e-18, 3.13119274035e-18, 4.18319380557e-18, 3.69466507169e-18, 3.32692290523e-18, 4.82970741899e-18, 9.5773461135e-18, 1.25433370303e-17, 1.41752138319e-17, 1.09378431542e-17, 1.5633895557e-17, 2.62362598973e-17, 2.31672709322e-17, 1.22710366172e-17, 2.36678177732e-17, 2.01364331914e-17, 1.59331314523e-17, 2.27515233389e-17, 1.97257264367e-17, 1.30580675372e-17, 1.3281815757e-17, 7.14398092908e-18, 3.39625945892e-18, 1.55805051843e-18, 2.98508338266e-19, 2.65404890038e-20], "var": [0.0157174933702, 0.631384909153, 13.713095665, 9.00633811951, 121.266891479, 177.155029297, 376.139282227, 223.525939941, 1470.47290039, 687.543395996, 199.035552979, 163.909286499, 579.58996582, 8055.24560547, 4532.00683594, 6598.22753906, 1237.21875, 6523.55419922, 7956.98681641, 10240.7421875, 6138.57617188, 6486.94921875, 1345.17663574, 454.098144531, 588.179260254, 453.759796143, 317.343841553, 217.229278564, 161.053878784, 91.9365386963, 62.2627296448, 29.3498840332, 13.6353492737, 4.76432514191, 1.81918895245, 0.329207569361, 0.0425818637013, 0.00291034951806, 6.45637555863e-05, 1.79972218461e-07]}, "gfcc": {"mean": [-94.3188934326, 104.503471375, -107.524627686, 18.6251468658, -57.0352134705, -0.213320046663, -44.2940597534, -4.98997879028, -20.7618160248, 1.20976877213, -5.82872915268, 7.15293359756, -3.70215654373], "cov": [[27320.1523438, -3933.31152344, -778.726501465, 1172.74707031, 548.321594238, 2131.38769531, 204.688964844, 473.68057251, -229.399490356, 465.78137207, -462.280822754, 23.4710960388, -574.07611084], [-3933.31152344, 2266.48754883, -117.240036011, 229.610488892, 280.974639893, -203.445373535, 217.130996704, -126.42427063, 115.889572144, -128.052932739, 247.091659546, -71.5037078857, 187.485534668], [-778.726501465, -117.240036011, 1102.69494629, 102.509498596, 61.7103805542, 148.180297852, 103.761802673, 105.189193726, 21.7108364105, 89.7267608643, 7.42417430878, 68.4969177246, -98.201171875], [1172.74707031, 229.610488892, 102.509498596, 462.795715332, 292.856384277, 275.730560303, 146.841140747, 62.2349205017, 53.1235923767, 45.7223358154, -1.7919421196, -29.1517391205, -23.0594558716], [548.321594238, 280.974639893, 61.7103805542, 292.856384277, 471.620880127, 261.324371338, 82.5886917114, -5.48380756378, 72.258644104, 44.5205802917, -25.9114074707, -93.452796936, -71.5310592651], [2131.38769531, -203.445373535, 148.180297852, 275.730560303, 261.324371338, 573.190063477, 219.027618408, 71.0400238037, -13.3940906525, 96.4476699829, -28.9300460815, -17.5417175293, -108.09513855], [204.688964844, 217.130996704, 103.761802673, 146.841140747, 82.5886917114, 219.027618408, 278.292633057, 70.6901245117, -3.16145086288, 6.42252254486, 38.336025238, 10.2619333267, 13.6890621185], [473.68057251, -126.42427063, 105.189193726, 62.2349205017, -5.48380756378, 71.0400238037, 70.6901245117, 136.654281616, 21.2677268982, 15.014046669, -17.6646366119, 40.5846061707, 0.973584532738], [-229.399490356, 115.889572144, 21.7108364105, 53.1235923767, 72.258644104, -13.3940906525, -3.16145086288, 21.2677268982, 110.899589539, 25.5686683655, -5.27243232727, -18.470249176, 16.9709587097], [465.78137207, -128.052932739, 89.7267608643, 45.7223358154, 44.5205802917, 96.4476699829, 6.42252254486, 15.014046669, 25.5686683655, 122.206344604, 16.3835105896, -9.52037143707, -58.4947967529], [-462.280822754, 247.091659546, 7.42417430878, -1.7919421196, -25.9114074707, -28.9300460815, 38.336025238, -17.6646366119, -5.27243232727, 16.3835105896, 129.00012207, 36.637260437, 6.3331193924], [23.4710960388, -71.5037078857, 68.4969177246, -29.1517391205, -93.452796936, -17.5417175293, 10.2619333267, 40.5846061707, -18.470249176, -9.52037143707, 36.637260437, 163.432220459, 72.1697387695], [-574.07611084, 187.485534668, -98.201171875, -23.0594558716, -71.5310592651, -108.09513855, 13.6890621185, 0.973584532738, 16.9709587097, -58.4947967529, 6.3331193924, 72.1697387695, 204.19128418]], "icov": [[9.30520400289e-05, 0.000136020622449, 0.00014239383745, -0.000242726047873, 4.91781174787e-05, -0.000259656168055, 0.000127192950458, -0.000128607978695, 9.41244288697e-05, -2.53467369475e-05, -2.66148017545e-05, -3.92524416384e-05, 4.92615581607e-05], [0.000136020622449, 0.00151752249803, 0.000134696019813, -0.000762057374232, -0.000843567890115, 0.000587972986978, -0.0010490315035, 0.000821739900857, -0.000695060298312, 0.00123368692584, -0.00241351267323, 0.000751068058889, -0.000729492108803], [0.00014239383745, 0.000134696019813, 0.00137017015368, -0.000413554284023, -1.23886165966e-05, -0.000145092591993, -0.000301323074382, -0.000560928951018, 4.3860218284e-05, -0.000741441152059, 0.000492259918246, -0.00105131021701, 0.000970897148363], [-0.000242726047873, -0.000762057374232, -0.000413554284023, 0.00531279714778, -0.00210497458465, -0.000615592987742, -0.0003546224616, -0.00150465220213, -0.000347670400515, -0.000387240637792, 3.61973652616e-05, 0.000220977701247, -0.000775216787588], [4.91781174787e-05, -0.000843567890115, -1.23886165966e-05, -0.00210497458465, 0.00582995358855, -0.00255993031897, 0.00136006833054, 0.00119807419833, -0.00235640211031, 0.000311710959068, 0.00170907576103, 0.000757936621085, 0.00122363131959], [-0.000259656168055, 0.000587972986978, -0.000145092591993, -0.000615592987742, -0.00255993031897, 0.00687705306336, -0.00500712823123, 0.00134570302907, 0.00147691834718, -0.00243596592918, 0.00132997252513, -0.00133568013553, 0.00127414183225], [0.000127192950458, -0.0010490315035, -0.000301323074382, -0.0003546224616, 0.00136006833054, -0.00500712823123, 0.00970349367708, -0.00471134157851, 0.00146199180745, 0.00152853201143, -0.00253224885091, 0.00209755403921, -0.00201290706173], [-0.000128607978695, 0.000821739900857, -0.000560928951018, -0.00150465220213, 0.00119807419833, 0.00134570302907, -0.00471134157851, 0.013427563943, -0.00443786755204, 0.000472471379908, 0.00245212391019, -0.00355634302832, 0.00151324644685], [9.41244288697e-05, -0.000695060298312, 4.3860218284e-05, -0.000347670400515, -0.00235640211031, 0.00147691834718, 0.00146199180745, -0.00443786755204, 0.0146086132154, -0.00516065023839, 0.0014063315466, 0.00157506903633, -0.00252868118696], [-2.53467369475e-05, 0.00123368692584, -0.000741441152059, -0.000387240637792, 0.000311710959068, -0.00243596592918, 0.00152853201143, 0.000472471379908, -0.00516065023839, 0.014567328617, -0.00583084858954, 0.00145142991096, 0.00138046871871], [-2.66148017545e-05, -0.00241351267323, 0.000492259918246, 3.61973652616e-05, 0.00170907576103, 0.00132997252513, -0.00253224885091, 0.00245212391019, 0.0014063315466, -0.00583084858954, 0.0163163878024, -0.00604864628986, 0.00368743343279], [-3.92524416384e-05, 0.000751068058889, -0.00105131021701, 0.000220977701247, 0.000757936621085, -0.00133568013553, 0.00209755403921, -0.00355634302832, 0.00157506903633, 0.00145142991096, -0.00604864628986, 0.0120857479051, -0.00564498128369], [4.92615581607e-05, -0.000729492108803, 0.000970897148363, -0.000775216787588, 0.00122363131959, 0.00127414183225, -0.00201290706173, 0.00151324644685, -0.00252868118696, 0.00138046871871, 0.00368743343279, -0.00564498128369, 0.00980238802731]]}, "melbands": {"dmean": [0.000264355883701, 0.000519168097526, 0.000236835869146, 0.000319834798574, 0.000210407830309, 0.000118531723274, 0.000241719462792, 9.87659441307e-05, 3.35840195476e-05, 2.89804102067e-05, 3.41214799846e-05, 6.46043772576e-05, 5.85301750107e-05, 6.68783613946e-05, 2.90432417387e-05, 2.3459600925e-05, 3.35033146257e-05, 3.3331096347e-05, 4.36808368249e-05, 2.22681555897e-05, 1.88811645785e-05, 1.80863753485e-05, 1.25615597426e-05, 7.48259117245e-06, 4.99855514136e-06, 6.7470864451e-06, 4.37601420344e-06, 3.91400226363e-06, 3.56956388714e-06, 2.79909272649e-06, 2.6838172289e-06, 2.40547069552e-06, 1.95494362742e-06, 1.87707507848e-06, 1.76633079718e-06, 1.35280947688e-06, 1.20498089018e-06, 1.06448055703e-06, 6.72908186061e-07, 6.88451677888e-07], "dmean2": [0.000425211212132, 0.000934608513489, 0.000403494253987, 0.000546953931917, 0.00028118051705, 0.000184660035302, 0.000391273380956, 0.000159803734277, 5.29006247234e-05, 4.62742355012e-05, 5.35452527402e-05, 9.37232689466e-05, 9.17278157431e-05, 9.79248943622e-05, 4.36632399214e-05, 3.3933265513e-05, 5.03728151671e-05, 5.09926358063e-05, 6.72884925734e-05, 3.76027819584e-05, 3.02777025354e-05, 3.00544834317e-05, 2.18033310375e-05, 1.23471118059e-05, 8.13515453046e-06, 1.12599800559e-05, 6.85996428729e-06, 6.26220025879e-06, 5.7930847106e-06, 4.31755006502e-06, 4.04042430091e-06, 3.6163180539e-06, 2.87634611595e-06, 2.67650329988e-06, 2.50866901297e-06, 1.98113775696e-06, 1.77670381163e-06, 1.58978059517e-06, 9.7677445865e-07, 1.01007924513e-06], "dvar": [6.750011039e-07, 4.21670756623e-06, 4.24981863034e-07, 1.47439993725e-06, 1.08494973006e-07, 5.82795998127e-08, 3.28075969946e-07, 6.5794438342e-08, 9.21931953002e-09, 7.7761654893e-09, 1.16137570672e-08, 3.39129577753e-08, 3.12573291694e-08, 4.18274872516e-08, 1.59914090858e-08, 4.90930451846e-09, 9.41426758772e-09, 1.16558185326e-08, 2.07464214697e-08, 7.20148118916e-09, 3.86965925969e-09, 6.05051919678e-09, 4.29531032964e-09, 7.83074771693e-10, 2.89983009827e-10, 6.48039788498e-10, 2.01636554675e-10, 2.52001419732e-10, 1.62810334658e-10, 8.1308189348e-11, 6.44132455707e-11, 5.86080489695e-11, 3.01816523163e-11, 2.4768281176e-11, 1.85975089495e-11, 1.40636131213e-11, 1.02857609582e-11, 7.61642138247e-12, 2.65136458795e-12, 2.95164305324e-12], "dvar2": [1.55175212058e-06, 1.19861051644e-05, 1.12455916224e-06, 4.05925356972e-06, 2.09971091181e-07, 1.50280300204e-07, 8.47402304771e-07, 1.695482581e-07, 2.3666579807e-08, 1.96414298159e-08, 2.78173590829e-08, 6.90121098046e-08, 8.152940012e-08, 8.53196908679e-08, 3.39551817774e-08, 9.80417880214e-09, 2.09721449096e-08, 2.67639030938e-08, 4.57720119584e-08, 1.94578113621e-08, 9.30275145805e-09, 1.57294159919e-08, 1.22968657479e-08, 2.0648380783e-09, 7.45123074353e-10, 1.77577297311e-09, 4.69359717759e-10, 6.28412988313e-10, 4.07966771476e-10, 1.86089477161e-10, 1.38925079773e-10, 1.28511992714e-10, 6.64895846714e-11, 5.39919151055e-11, 3.81359076262e-11, 3.1106391768e-11, 2.27382609269e-11, 1.73905143758e-11, 5.35777195179e-12, 6.19397502039e-12], "max": [0.00996971223503, 0.0218360759318, 0.00848460011184, 0.0142862936482, 0.00482975691557, 0.00412668427452, 0.00718043744564, 0.00338001828641, 0.00163002463523, 0.00153869588394, 0.00176722102333, 0.00475292094052, 0.00233679334633, 0.0051609063521, 0.00506152119488, 0.00152938067913, 0.00205939100124, 0.00230868905783, 0.00306578096934, 0.00101556465961, 0.00109885050915, 0.00118998880498, 0.000975162605755, 0.00038911117008, 0.000233003753237, 0.000301103194943, 0.000191627943423, 0.000219156470848, 0.000192781735677, 0.000106451429019, 8.53533856571e-05, 0.000104224825918, 7.75018997956e-05, 6.17300611339e-05, 5.21997571923e-05, 6.36773911538e-05, 4.082662781e-05, 4.91442260682e-05, 2.45834780799e-05, 2.72483302979e-05], "mean": [0.000408568012062, 0.000523644033819, 0.000299786333926, 0.000371680012904, 0.000541290792171, 0.000285488611553, 0.000327826914145, 0.000125949009089, 4.9762576964e-05, 3.72573667846e-05, 4.23598794441e-05, 0.000119985124911, 9.31547401706e-05, 0.000123867604998, 4.48097744083e-05, 3.7821377191e-05, 5.14504245075e-05, 4.99052039231e-05, 7.12083128747e-05, 2.20006968448e-05, 2.85534752038e-05, 2.15948330151e-05, 1.03110996861e-05, 7.38654534871e-06, 5.2553509704e-06, 6.10831057202e-06, 4.77479579786e-06, 3.66245376426e-06, 3.51647190655e-06, 2.87123089038e-06, 2.83133954326e-06, 2.45610431193e-06, 2.15059367292e-06, 2.05441938306e-06, 1.98841144083e-06, 1.38941209116e-06, 1.18799607662e-06, 9.93291450868e-07, 6.80952325638e-07, 6.75459716604e-07], "median": [0.000185813260032, 0.000230578938499, 0.000115792528959, 0.000151234125951, 0.000253894948401, 0.000201085756999, 0.000111317523988, 4.0073733544e-05, 1.42661174323e-05, 9.93960020423e-06, 5.23777680428e-06, 6.49760704619e-06, 1.02254798549e-05, 1.17917788884e-05, 2.70307600658e-06, 4.34349749412e-06, 1.85668022823e-06, 3.25823930325e-06, 2.00551721719e-06, 1.48639537656e-06, 2.44563966589e-06, 2.05612468562e-06, 9.07709022613e-07, 9.10810058485e-07, 7.8884852428e-07, 7.02933277807e-07, 6.03243279329e-07, 2.36746387827e-07, 3.06677350181e-07, 1.89542475937e-07, 1.66838503901e-07, 1.4383650182e-07, 1.16837455266e-07, 1.01482896753e-07, 7.37960093034e-08, 6.19698710125e-08, 4.56025048834e-08, 4.01111144299e-08, 2.79324101626e-08, 2.14769890761e-08], "min": [8.91471671923e-24, 1.60089254849e-23, 5.08234287811e-24, 1.19136353482e-23, 8.08488553404e-24, 6.56785868164e-24, 9.44780525315e-24, 2.50117958326e-23, 1.17117879306e-23, 1.54904308778e-23, 5.31062896889e-24, 1.15461429177e-23, 1.08642223634e-23, 7.7184549104e-24, 9.02082718845e-24, 8.70199090981e-24, 6.51864243863e-24, 4.89261749167e-24, 5.68918162363e-24, 8.14221915577e-24, 1.16428675199e-23, 1.30302703261e-23, 1.30345932838e-23, 1.15721295737e-23, 8.11167446152e-24, 1.13920010746e-23, 1.11470921068e-23, 1.99141135542e-23, 1.75766082515e-23, 7.55409731852e-24, 6.56011561743e-24, 1.46514709942e-23, 1.15862738497e-23, 1.09280743428e-23, 8.76991656691e-24, 1.02793182898e-23, 1.49627144866e-23, 1.27284324222e-23, 1.43238633711e-23, 9.19935745536e-24], "var": [9.05897934445e-07, 2.70875102615e-06, 3.84653219498e-07, 1.03598983969e-06, 4.31059987704e-07, 1.00038015205e-07, 3.27951397594e-07, 6.1284737285e-08, 1.17862120064e-08, 7.91932741606e-09, 1.5894821459e-08, 1.13915952227e-07, 4.5973823859e-08, 1.46436960335e-07, 4.09086560182e-08, 1.33681270498e-08, 2.18867448609e-08, 2.66038195917e-08, 6.55146621398e-08, 5.82183767861e-09, 8.81299566657e-09, 9.38147692864e-09, 2.63862842687e-09, 6.44125142113e-10, 2.55757554024e-10, 4.743055948e-10, 2.15472154008e-10, 2.1519065696e-10, 1.49753626166e-10, 8.51349199471e-11, 7.46323003398e-11, 6.65918917231e-11, 3.61098581592e-11, 3.15377897409e-11, 2.6869792849e-11, 1.64767730709e-11, 1.14812291618e-11, 8.08716375117e-12, 3.33103965418e-12, 3.52854724606e-12]}, "mfcc": {"mean": [-735.680541992, 131.746673584, 7.50385141373, 19.6707248688, 2.8530819416, 0.421242982149, -8.64912796021, -4.75615501404, -10.458732605, -8.53944396973, -7.44065523148, 0.289435833693, 5.5625743866], "cov": [[17146.8222656, -248.367019653, -592.764526367, -95.7274246216, 189.375396729, 937.840332031, 414.884613037, 483.048522949, 243.483474731, 391.265930176, 236.605789185, -22.7872486115, -9.71083164215], [-248.367019653, 1558.20214844, -173.509246826, 332.888458252, 138.074539185, 99.2969894409, 146.534988403, 70.295135498, 8.23083400726, -21.0387535095, 46.5880126953, 96.5289154053, 59.6768608093], [-592.764526367, -173.509246826, 594.077941895, 58.4414901733, 62.5878791809, 49.0596923828, 90.9288482666, 87.1896209717, 51.6165161133, -4.50531053543, 56.7013702393, 52.6579704285, 64.9380187988], [-95.7274246216, 332.888458252, 58.4414901733, 318.755462646, 175.943618774, 129.996948242, 100.287094116, 71.5519180298, 73.6736602783, 38.743347168, 38.9875984192, 61.2266159058, 39.960144043], [189.375396729, 138.074539185, 62.5878791809, 175.943618774, 336.422790527, 250.583175659, 128.983551025, 70.5389785767, 68.4013519287, 94.572303772, 97.7191543579, 4.09373092651, 23.5042934418], [937.840332031, 99.2969894409, 49.0596923828, 129.996948242, 250.583175659, 459.993499756, 261.756195068, 142.63961792, 103.643356323, 125.697128296, 122.717048645, 26.3859291077, 56.973400116], [414.884613037, 146.534988403, 90.9288482666, 100.287094116, 128.983551025, 261.756195068, 300.7527771, 140.939208984, 71.0720443726, 68.3938598633, 91.4759521484, 31.559431076, 48.2758026123], [483.048522949, 70.295135498, 87.1896209717, 71.5519180298, 70.5389785767, 142.63961792, 140.939208984, 178.734710693, 84.5792770386, 27.1561183929, 24.9735794067, 44.9743881226, 50.7524261475], [243.483474731, 8.23083400726, 51.6165161133, 73.6736602783, 68.4013519287, 103.643356323, 71.0720443726, 84.5792770386, 182.143859863, 29.1859149933, -38.9456939697, 20.3931922913, 87.6682739258], [391.265930176, -21.0387535095, -4.50531053543, 38.743347168, 94.572303772, 125.697128296, 68.3938598633, 27.1561183929, 29.1859149933, 219.838043213, 83.8757781982, -65.4579467773, -74.3892745972], [236.605789185, 46.5880126953, 56.7013702393, 38.9875984192, 97.7191543579, 122.717048645, 91.4759521484, 24.9735794067, -38.9456939697, 83.8757781982, 222.285797119, 37.6960372925, -48.9213676453], [-22.7872486115, 96.5289154053, 52.6579704285, 61.2266159058, 4.09373092651, 26.3859291077, 31.559431076, 44.9743881226, 20.3931922913, -65.4579467773, 37.6960372925, 170.954605103, 79.2448806763], [-9.71083164215, 59.6768608093, 64.9380187988, 39.960144043, 23.5042934418, 56.973400116, 48.2758026123, 50.7524261475, 87.6682739258, -74.3892745972, -48.9213676453, 79.2448806763, 206.177490234]], "icov": [[7.85415395512e-05, 2.07397861232e-05, 0.000110965273052, 4.39945324615e-05, 9.09957598196e-05, -0.000192397550563, 0.000104837723484, -0.000237313579419, -2.08092078537e-05, -4.17657720391e-05, -6.50306828902e-05, 1.94300118892e-05, 1.76185164946e-06], [2.07397861232e-05, 0.000992323504761, 0.000511293823365, -0.00110607990064, 2.55971408478e-05, 0.000258049723925, -0.000484870688524, -0.000213069230085, 0.000450202584034, 0.000164542696439, -0.000137167618959, -3.95438437408e-05, -0.000290565221803], [0.000110965273052, 0.000511293823365, 0.00236656097695, -0.000470915343612, -0.000191079656361, 0.000565582653508, -0.000480782240629, -0.00115282717161, -7.76624219725e-05, 0.00016977886844, -0.000881903630216, 5.49378710275e-05, -0.00067111622775], [4.39945324615e-05, -0.00110607990064, -0.000470915343612, 0.0065642464906, -0.00291442149319, 0.000439871451817, -0.000400421326049, -3.14015305776e-05, -0.00135879020672, -0.000794024672359, 0.00101129279938, -0.00228231074288, 0.000918929756153], [9.09957598196e-05, 2.55971408478e-05, -0.000191079656361, -0.00291442149319, 0.00720792030916, -0.00351374363527, 0.00144245522097, 8.74439047038e-06, -0.000527661002707, -1.56862904532e-06, -0.00190450111404, 0.00193416781258, -0.000540227629244], [-0.000192397550563, 0.000258049723925, 0.000565582653508, 0.000439871451817, -0.00351374363527, 0.00765148084611, -0.00423836288974, -0.000346564716892, -0.000607739842962, -0.00138590065762, -0.000744373770431, -0.000451072730357, -0.00122808630113], [0.000104837723484, -0.000484870688524, -0.000480782240629, -0.000400421326049, 0.00144245522097, -0.00423836288974, 0.00913132354617, -0.00405752938241, 0.000168899365235, 0.000112992376671, -0.00181702943519, 0.00134645099752, -0.000737905560527], [-0.000237313579419, -0.000213069230085, -0.00115282717161, -3.14015305776e-05, 8.74439047038e-06, -0.000346564716892, -0.00405752938241, 0.0119438711554, -0.00306017138064, -1.4234921764e-05, 0.00116831460036, -0.0022244444117, 0.000952673377469], [-2.08092078537e-05, 0.000450202584034, -7.76624219725e-05, -0.00135879020672, -0.000527661002707, -0.000607739842962, 0.000168899365235, -0.00306017138064, 0.0108965514228, -0.00276632304303, 0.00320739834569, -0.000223790018936, -0.00368597684428], [-4.17657720391e-05, 0.000164542696439, 0.00016977886844, -0.000794024672359, -1.56862904532e-06, -0.00138590065762, 0.000112992376671, -1.4234921764e-05, -0.00276632304303, 0.00906666461378, -0.00306434510276, 0.00351969944313, 0.00277864746749], [-6.50306828902e-05, -0.000137167618959, -0.000881903630216, 0.00101129279938, -0.00190450111404, -0.000744373770431, -0.00181702943519, 0.00116831460036, 0.00320739834569, -0.00306434510276, 0.00946832541376, -0.00448802206665, 0.00218124594539], [1.94300118892e-05, -3.95438437408e-05, 5.49378710275e-05, -0.00228231074288, 0.00193416781258, -0.000451072730357, 0.00134645099752, -0.0022244444117, -0.000223790018936, 0.00351969944313, -0.00448802206665, 0.0109434267506, -0.00333212059923], [1.76185164946e-06, -0.000290565221803, -0.00067111622775, 0.000918929756153, -0.000540227629244, -0.00122808630113, -0.000737905560527, 0.000952673377469, -0.00368597684428, 0.00277864746749, 0.00218124594539, -0.00333212059923, 0.0096749830991]]}, "spectral_contrast_coeffs": {"dmean": [0.047655839473, 0.0415588393807, 0.039756461978, 0.0365466810763, 0.0264747440815, 0.0193301644176], "dmean2": [0.0762022063136, 0.0652536600828, 0.06000578776, 0.0560545511544, 0.0398386977613, 0.0295087173581], "dvar": [0.0024646690581, 0.00165042304434, 0.00154224981088, 0.00139818689786, 0.000710673979484, 0.00042218939052], "dvar2": [0.0057469708845, 0.00400793273002, 0.00324322609231, 0.00300880684517, 0.00146353221498, 0.000931656628381], "max": [-0.192979156971, -0.446703851223, -0.464101940393, -0.447437524796, -0.557636320591, -0.628293573856], "mean": [-0.630322396755, -0.662541925907, -0.723266363144, -0.732948899269, -0.767691016197, -0.772273182869], "median": [-0.642146348953, -0.660937190056, -0.726653754711, -0.735723733902, -0.769301474094, -0.76882570982], "min": [-0.971248626709, -0.957692086697, -0.970369160175, -0.966512978077, -0.962468326092, -0.959323823452], "var": [0.00995096936822, 0.00507471058518, 0.00679177278653, 0.00768209248781, 0.00345817930065, 0.00197969074361]}, "spectral_contrast_valleys": {"dmean": [0.416192114353, 0.495176404715, 0.518062710762, 0.516217768192, 0.515314519405, 0.668602049351], "dmean2": [0.669461190701, 0.725799381733, 0.72322756052, 0.69853669405, 0.634224832058, 0.714179575443], "dvar": [0.274886250496, 0.414287894964, 0.507936239243, 0.607816278934, 0.572797954082, 0.709408521652], "dvar2": [0.53689289093, 0.677625179291, 0.787755668163, 1.01006400585, 0.922526717186, 1.14703452587], "max": [-5.23777437