{"lowlevel": {"average_loudness": 0.859738469124, "barkbands_crest": {"dmean": 2.32131433487, "dmean2": 3.93597960472, "dvar": 5.18095111847, "dvar2": 15.3364315033, "max": 25.4889144897, "mean": 12.1302347183, "median": 11.6125268936, "min": 3.89495253563, "var": 15.5816164017}, "barkbands_flatness_db": {"dmean": 0.0223085228354, "dmean2": 0.0373977683485, "dvar": 0.000404758931836, "dvar2": 0.00106662511826, "max": 0.603540837765, "mean": 0.398074030876, "median": 0.39391091466, "min": 0.0795575752854, "var": 0.00345262605697}, "barkbands_kurtosis": {"dmean": 2.02518987656, "dmean2": 3.32411170006, "dvar": 7.0694437027, "dvar2": 19.4296035767, "max": 60.9255409241, "mean": 4.8252696991, "median": 3.61891174316, "min": -1.87025630474, "var": 23.8534812927}, "barkbands_skewness": {"dmean": 0.366141617298, "dmean2": 0.585146248341, "dvar": 0.142068848014, "dvar2": 0.363355994225, "max": 5.80286169052, "mean": 1.13043856621, "median": 1.16333937645, "min": -3.72969961166, "var": 0.947728872299}, "barkbands_spread": {"dmean": 0.791748821735, "dmean2": 1.29378378391, "dvar": 0.798771083355, "dvar2": 1.9359112978, "max": 28.1582221985, "mean": 3.91742682457, "median": 3.52877569199, "min": 0.350279152393, "var": 4.72591781616}, "dissonance": {"dmean": 0.0409730561078, "dmean2": 0.0700196623802, "dvar": 0.00158319924958, "dvar2": 0.00431554345414, "max": 0.499999970198, "mean": 0.376820802689, "median": 0.390468358994, "min": 0.0720269456506, "var": 0.00549328979105}, "dynamic_complexity": 2.18633508682, "erbbands_crest": {"dmean": 2.10487389565, "dmean2": 3.377846241, "dvar": 4.9412522316, "dvar2": 12.4324703217, "max": 33.7660293579, "mean": 13.2943210602, "median": 11.9997634888, "min": 2.83200764656, "var": 31.9259319305}, "erbbands_flatness_db": {"dmean": 0.0150224734098, "dmean2": 0.0246152617037, "dvar": 0.000214843574213, "dvar2": 0.000524059229065, "max": 0.570650815964, "mean": 0.400482356548, "median": 0.398503899574, "min": 0.10477463156, "var": 0.00231232494116}, "erbbands_kurtosis": {"dmean": 1.11107492447, "dmean2": 1.70173478127, "dvar": 3.36806058884, "dvar2": 6.54846143723, "max": 66.8642654419, "mean": 2.40404176712, "median": 0.892022132874, "min": -1.88167273998, "var": 22.0933551788}, "erbbands_skewness": {"dmean": 0.287391096354, "dmean2": 0.456624507904, "dvar": 0.090116687119, "dvar2": 0.222003549337, "max": 4.39653968811, "mean": 0.80029630661, "median": 0.805301964283, "min": -5.72407054901, "var": 0.710559248924}, "erbbands_spread": {"dmean": 1.62769043446, "dmean2": 2.6118478775, "dvar": 3.13357925415, "dvar2": 7.92925548553, "max": 39.2643127441, "mean": 10.5509128571, "median": 10.4747219086, "min": 0.705699503422, "var": 26.128370285}, "hfc": {"dmean": 2.43541836739, "dmean2": 3.8397333622, "dvar": 9.39158630371, "dvar2": 22.8236541748, "max": 54.0482673645, "mean": 10.4401283264, "median": 9.33356761932, "min": 1.25191681362e-16, "var": 42.4390029907}, "melbands_crest": {"dmean": 2.74171543121, "dmean2": 4.58686161041, "dvar": 7.38492536545, "dvar2": 21.214214325, "max": 32.9291114807, "mean": 15.1875867844, "median": 14.3636398315, "min": 2.04020762444, "var": 24.4506645203}, "melbands_flatness_db": {"dmean": 0.024910043925, "dmean2": 0.041557520628, "dvar": 0.000524920760654, "dvar2": 0.00131654809229, "max": 0.761317372322, "mean": 0.52495765686, "median": 0.522799491882, "min": 0.00872418563813, "var": 0.00535954162478}, "melbands_kurtosis": {"dmean": 2.21713137627, "dmean2": 3.64416837692, "dvar": 8.75708389282, "dvar2": 23.4451560974, "max": 70.0379257202, "mean": 5.34395694733, "median": 4.06264257431, "min": -1.88955938816, "var": 30.4060935974}, "melbands_skewness": {"dmean": 0.389006525278, "dmean2": 0.631334662437, "dvar": 0.155515581369, "dvar2": 0.411485493183, "max": 6.14674425125, "mean": 1.3640935421, "median": 1.39133942127, "min": -2.62075257301, "var": 1.10162258148}, "melbands_spread": {"dmean": 1.14074742794, "dmean2": 1.8342165947, "dvar": 5.04816102982, "dvar2": 7.16587209702, "max": 137.918136597, "mean": 5.8129992485, "median": 5.14357566833, "min": 0.505065083504, "var": 14.5410823822}, "pitch_salience": {"dmean": 0.0583273656666, "dmean2": 0.0975395962596, "dvar": 0.00341353705153, "dvar2": 0.00935190077871, "max": 0.850046694279, "mean": 0.556103646755, "median": 0.570394814014, "min": 0.129259213805, "var": 0.0143224755302}, "silence_rate_20dB": {"dmean": 0, "dmean2": 0, "dvar": 0, "dvar2": 0, "max": 1, "mean": 1, "median": 1, "min": 1, "var": 0}, "silence_rate_30dB": {"dmean": 0.00244319578633, "dmean2": 0.00488698855042, "dvar": 0.0024372250773, "dvar2": 0.0065734772943, "max": 1, "mean": 0.998289942741, "median": 1, "min": 0, "var": 0.00170709867962}, "silence_rate_60dB": {"dmean": 0.00464207166806, "dmean2": 0.00916310306638, "dvar": 0.00462109502405, "dvar2": 0.0110339019448, "max": 1, "mean": 0.010260168463, "median": 0, "min": 0, "var": 0.0101554952562}, "spectral_centroid": {"dmean": 33.5692253113, "dmean2": 52.8150062561, "dvar": 15256.5048828, "dvar2": 16903.2851562, "max": 11068.4384766, "mean": 397.35043335, "median": 377.411712646, "min": 122.549552917, "var": 26982.7207031}, "spectral_complexity": {"dmean": 1.23039340973, "dmean2": 2.04434943199, "dvar": 1.57895302773, "dvar2": 3.62552714348, "max": 23, "mean": 10.982167244, "median": 11, "min": 0, "var": 13.4864463806}, "spectral_decrease": {"dmean": 2.10418082958e-09, "dmean2": 3.47064066375e-09, "dvar": 6.24827791535e-18, "dvar2": 1.80272285085e-17, "max": 1.1511773186e-28, "mean": -7.90659271388e-09, "median": -6.9594232599e-09, "min": -3.13804910945e-08, "var": 2.46517110616e-17}, "spectral_energy": {"dmean": 0.00815141759813, "dmean2": 0.0134318955243, "dvar": 9.33784176596e-05, "dvar2": 0.000268538919045, "max": 0.122784376144, "mean": 0.0307881981134, "median": 0.0271447338164, "min": 1.10793791014e-20, "var": 0.000371064787032}, "spectral_energyband_high": {"dmean": 4.4852097858e-07, "dmean2": 6.445035865e-07, "dvar": 9.85822968397e-12, "dvar2": 2.26714411133e-11, "max": 0.000112569628982, "mean": 6.92411106229e-07, "median": 3.01222016219e-08, "min": 7.935723612e-21, "var": 1.20515724136e-11}, "spectral_energyband_low": {"dmean": 0.00212327786721, "dmean2": 0.00338527536951, "dvar": 2.36150135606e-05, "dvar2": 6.96905262885e-05, "max": 0.0775062590837, "mean": 0.00551243172958, "median": 0.00283805001527, "min": 3.21705050214e-23, "var": 5.76747952437e-05}, "spectral_energyband_middle_high": {"dmean": 0.000413459463743, "dmean2": 0.000563165696803, "dvar": 1.38140819672e-06, "dvar2": 2.63583729065e-06, "max": 0.0339001640677, "mean": 0.00160079530906, "median": 0.00109696981963, "min": 1.33655766636e-21, "var": 4.91027367389e-06}, "spectral_energyband_middle_low": {"dmean": 0.00728541333228, "dmean2": 0.012177137658, "dvar": 8.05720555945e-05, "dvar2": 0.000231593265198, "max": 0.120379596949, "mean": 0.0256074890494, "median": 0.0221990570426, "min": 2.63771155821e-22, "var": 0.000290527503239}, "spectral_entropy": {"dmean": 0.148518130183, "dmean2": 0.242305278778, "dvar": 0.0285200569779, "dvar2": 0.0655238106847, "max": 9.79095649719, "mean": 5.49656867981, "median": 5.55886316299, "min": 4.01257944107, "var": 0.247356340289}, "spectral_flux": {"dmean": 0.0201833881438, "dmean2": 0.031694855541, "dvar": 0.00046822958393, "dvar2": 0.00108722154982, "max": 0.223775535822, "mean": 0.0570317432284, "median": 0.0496325194836, "min": 1.06394004717e-10, "var": 0.00133349956013}, "spectral_kurtosis": {"dmean": 51.2420043945, "dmean2": 89.4955978394, "dvar": 3153.38305664, "dvar2": 9289.04394531, "max": 754.050964355, "mean": 159.289108276, "median": 132.234786987, "min": -1.22604227066, "var": 12614.265625}, "spectral_rms": {"dmean": 0.000692120287567, "dmean2": 0.00112322857603, "dvar": 5.03396734075e-07, "dvar2": 1.40689735417e-06, "max": 0.0109448451549, "mean": 0.00521045085043, "median": 0.00514613138512, "min": 3.28772729527e-12, "var": 2.88851697405e-06}, "spectral_rolloff": {"dmean": 55.1364707947, "dmean2": 94.2941360474, "dvar": 88786.078125, "dvar2": 96647.3359375, "max": 19250.6835938, "mean": 498.898681641, "median": 452.197265625, "min": 172.265625, "var": 115563.554688}, "spectral_skewness": {"dmean": 2.06934690475, "dmean2": 3.64059114456, "dvar": 3.16801285744, "dvar2": 8.75505542755, "max": 22.2047023773, "mean": 8.6688375473, "median": 8.08352470398, "min": 0.0145738562569, "var": 15.8195266724}, "spectral_spread": {"dmean": 261064, "dmean2": 454392.96875, "dvar": 284979429376, "dvar2": 361904275456, "max": 41209676, "mean": 750977.8125, "median": 709896.8125, "min": 118533.710938, "var": 355851010048}, "spectral_strongpeak": {"dmean": 0.37945535779, "dmean2": 0.623177051544, "dvar": 0.230670437217, "dvar2": 0.534728348255, "max": 8.08210372925, "mean": 1.22813081741, "median": 0.993517756462, "min": 3.25779514476e-09, "var": 0.848681569099}, "zerocrossingrate": {"dmean": 0.0017887938302, "dmean2": 0.00234756805003, "dvar": 4.98951267218e-05, "dvar2": 5.12344558956e-05, "max": 0.50830078125, "mean": 0.0187424980104, "median": 0.017578125, "min": 0.00634765625, "var": 9.35841744649e-05}, "barkbands": {"dmean": [1.49923980644e-05, 0.000581156811677, 0.00113027973566, 0.00129047723021, 0.00457924511284, 0.0023310482502, 0.00125938630663, 0.000648528512102, 0.000280880951323, 0.000217914115638, 0.000170845378307, 0.000110912769742, 5.0857936003e-05, 1.91035851458e-05, 1.93233790924e-05, 1.90663704416e-05, 7.59194108468e-06, 2.66617439593e-06, 2.04243679036e-06, 6.17075443188e-07, 1.42021235661e-07, 6.20457996092e-08, 9.31574017926e-09, 1.79160608571e-09, 1.12917952766e-09, 1.00329977659e-09, 1.08341002836e-09], "dmean2": [2.45697592618e-05, 0.000890170107596, 0.00177832168993, 0.00206216401421, 0.00800377875566, 0.00375859136693, 0.00209712190554, 0.000947594176978, 0.000420652126195, 0.000303963723127, 0.000246249837801, 0.000145226047607, 8.08660042821e-05, 2.80873573502e-05, 2.65774269792e-05, 2.74958692899e-05, 1.13534670163e-05, 4.10823122365e-06, 2.96707071357e-06, 9.38606149248e-07, 1.9680861385e-07, 9.53805496806e-08, 1.5228895478e-08, 3.00573477219e-09, 1.97023219961e-09, 1.81133907873e-09, 1.94554883315e-09], "dvar": [3.48406503647e-09, 1.66085271758e-06, 8.09615903563e-06, 5.92021842749e-06, 5.47476083739e-05, 1.93133600987e-05, 5.02397915625e-06, 3.67390384781e-06, 1.18540754102e-06, 5.32253068286e-07, 4.58869948261e-07, 3.69117174159e-07, 2.3010047201e-08, 6.1143978769e-09, 3.31343796844e-09, 4.03197519816e-09, 8.97574126135e-10, 9.85592579772e-11, 6.99782037872e-11, 1.73190767283e-11, 8.93542564159e-13, 2.13396628927e-13, 7.24107036674e-15, 6.20343240116e-17, 7.08657045867e-18, 1.93123449935e-18, 2.28304454684e-18], "dvar2": [8.12918976578e-09, 4.48540413345e-06, 2.31655576499e-05, 1.72804320755e-05, 0.000171427062014, 5.31745972694e-05, 1.41872133099e-05, 8.20668537926e-06, 2.73352179647e-06, 1.10251710339e-06, 9.12128882646e-07, 5.83801124776e-07, 5.396408298e-08, 1.16293783492e-08, 6.50688569692e-09, 7.89683163305e-09, 2.11615192036e-09, 2.49021470111e-10, 1.49438336705e-10, 4.30362655235e-11, 2.1749572629e-12, 5.16280377824e-13, 1.90439789725e-14, 1.19598524288e-16, 1.21986359798e-17, 5.42558517121e-18, 6.31656787878e-18], "max": [0.00234663812444, 0.0222573857754, 0.0443004742265, 0.0367978736758, 0.0873587802052, 0.0893813371658, 0.051383882761, 0.0640415847301, 0.0391226448119, 0.0348351486027, 0.0243655648082, 0.0302336364985, 0.00865180138499, 0.00411034515128, 0.00183184340131, 0.00186770013534, 0.00120482826605, 0.000221794747631, 0.000225532596232, 0.000109480424726, 5.40935252502e-05, 1.96107084776e-05, 3.09312622448e-06, 5.45083196357e-07, 2.36479948512e-07, 3.83420299954e-08, 4.60029383476e-08], "mean": [1.49981515278e-05, 0.00144779216498, 0.00226702634245, 0.00297480984591, 0.00897796545178, 0.00696019735187, 0.00376196019351, 0.0019484545337, 0.000642421247903, 0.000750191684347, 0.000479888985865, 0.000252253346844, 0.000130412052386, 5.43789174117e-05, 4.84809315822e-05, 4.97567962157e-05, 1.6496373064e-05, 5.59316686122e-06, 3.95609367843e-06, 9.32714556257e-07, 2.26071733778e-07, 7.25972029159e-08, 1.16560618935e-08, 2.22997198485e-09, 1.59985102943e-09, 1.70567915347e-09, 1.99975391801e-09], "median": [2.65183143711e-06, 0.000643858627882, 0.000839389394969, 0.00186761061195, 0.00554473232478, 0.00434951065108, 0.00226605846547, 0.000895464967471, 0.000314709439408, 0.000359208701411, 0.000194687832845, 0.000111682245915, 6.36084296275e-05, 2.32965467148e-05, 1.46341662912e-05, 1.08314543468e-05, 4.81709912492e-06, 1.46016338931e-06, 4.78541267057e-07, 3.43640138567e-08, 6.7093539613e-09, 2.25993979086e-09, 1.16575837872e-09, 9.77854131001e-10, 1.02241204392e-09, 1.26554888791e-09, 1.5330915426e-09], "min": [1.04856164606e-23, 9.13886839001e-24, 6.40430770004e-24, 5.53848118617e-24, 5.76388351702e-23, 4.13138194315e-23, 1.63507436483e-23, 2.51434425182e-24, 3.97622310051e-23, 2.19665292589e-23, 5.64732963382e-23, 3.77725754963e-23, 1.37995425529e-22, 1.33442322332e-22, 4.54692546902e-23, 1.08347748169e-22, 1.61585042411e-22, 1.84745645178e-22, 1.7104942952e-22, 3.24281962179e-22, 4.64089571601e-22, 5.23097377054e-22, 5.52346521884e-22, 7.48356520187e-22, 1.2501045696e-21, 1.92825837621e-21, 2.23085118209e-21], "var": [3.42244144136e-09, 4.76138984595e-06, 1.68710776052e-05, 1.30985226861e-05, 0.000106554900412, 7.1293747169e-05, 2.2362522941e-05, 1.30553107738e-05, 2.2235437882e-06, 2.46131298809e-06, 1.52950508436e-06, 9.85535962172e-07, 5.15114173538e-08, 1.59944057998e-08, 1.01016759402e-08, 1.56022306186e-08, 1.79499581865e-09, 1.77262385326e-10, 1.41577860546e-10, 1.93281085581e-11, 1.1107275039e-12, 2.30929560413e-13, 7.5273285394e-15, 1.08231977411e-16, 1.54671326368e-17, 1.80794819214e-18, 2.26300361495e-18]}, "erbbands": {"dmean": [0.00569413835183, 0.168233707547, 0.958136081696, 3.44347429276, 12.5879802704, 14.2396364212, 11.8374652863, 19.027961731, 22.028678894, 13.2629785538, 14.4578065872, 6.14443206787, 6.51055860519, 7.96637678146, 4.72794532776, 4.71886873245, 2.61276507378, 1.20825815201, 0.913366675377, 0.887011706829, 0.81037914753, 0.313929706812, 0.213780209422, 0.127669289708, 0.0588502436876, 0.025484059006, 0.0108611136675, 0.00420809956267, 0.00203396403231, 0.00100586446933, 0.000229798839428, 5.7014865888e-05, 2.38553966483e-05, 1.51748563439e-05, 9.10833659873e-06, 5.70338261241e-06, 3.07789355247e-06, 7.6796590065e-07, 3.73072134607e-06, 8.98258167581e-06], "dmean2": [0.00822746474296, 0.257718652487, 1.46766519547, 5.65115833282, 22.3763809204, 24.3414592743, 18.7964820862, 31.0869979858, 34.8810920715, 22.5092811584, 20.6999378204, 9.35293960571, 8.80516910553, 11.5626392365, 6.4656920433, 5.89353275299, 3.97100329399, 1.80096280575, 1.25921773911, 1.25274968147, 1.17962360382, 0.473628729582, 0.321804106236, 0.185635268688, 0.0840329155326, 0.0376909226179, 0.015111525543, 0.00635161343962, 0.0031002999749, 0.00163340370636, 0.000359077210305, 9.33312549023e-05, 3.99413474952e-05, 2.50573939411e-05, 1.56218156917e-05, 9.66489278653e-06, 5.15622741659e-06, 1.31871740905e-06, 6.12016810919e-06, 1.47824430314e-05], "dvar": [0.000185679236893, 0.135926678777, 4.77796792984, 63.0946083069, 438.474853516, 603.852600098, 539.88861084, 1764.45556641, 1631.85168457, 618.867248535, 2551.51000977, 348.646636963, 580.780334473, 696.678833008, 586.989929199, 851.478942871, 71.4495010376, 24.8937492371, 5.45950317383, 6.08900642395, 7.35363721848, 1.72051548958, 0.735074222088, 0.304077774286, 0.0777688398957, 0.0286035165191, 0.00355982244946, 0.001918665017, 0.000223451279453, 8.44683308969e-05, 5.40312476005e-06, 1.01162562771e-07, 8.94838780852e-09, 2.94848789828e-09, 1.39074626815e-10, 4.23445688236e-11, 1.18062564933e-11, 9.17935540946e-13, 1.931762042e-11, 1.12888282056e-10], "dvar2": [0.000379666947993, 0.365169852972, 12.5385503769, 192.970687866, 1437.05627441, 1679.52075195, 1369.79333496, 5013.73779297, 3676.82739258, 1696.77807617, 5754.59179688, 852.546875, 1045.33544922, 1682.71313477, 896.938232422, 1336.51062012, 131.981826782, 48.9660797119, 11.2556333542, 11.6243867874, 16.0706501007, 4.24626541138, 1.82931804657, 0.653261423111, 0.165796130896, 0.0673707649112, 0.00795815791935, 0.00510329194367, 0.000540025939699, 0.000215152133023, 1.3177841538e-05, 2.11213702528e-07, 1.45849634592e-08, 4.25148050098e-09, 3.57201435097e-10, 1.11519987689e-10, 3.08981035202e-11, 2.40919350442e-12, 5.4863457527e-11, 3.233219803e-10], "max": [0.350654780865, 6.33318567276, 32.1254310608, 126.566215515, 235.382904053, 383.051635742, 449.353881836, 837.297119141, 1035.71594238, 612.137390137, 1784.90759277, 608.691833496, 1367.02893066, 1052.02246094, 1148.30310059, 1553.07702637, 522.859619141, 286.863983154, 47.708114624, 65.5210647583, 83.0223693848, 50.569103241, 32.2090492249, 17.5307426453, 8.39894866943, 5.50630950928, 1.67693352699, 2.83855986595, 0.831629097462, 0.267895281315, 0.0867337062955, 0.0166788157076, 0.0080567477271, 0.00552720017731, 0.000315077719279, 0.000150810330524, 7.49827449908e-05, 2.79466348729e-05, 5.76789898332e-05, 0.000136740753078], "mean": [0.0183519106358, 0.421925455332, 2.13288450241, 7.97265815735, 23.3345718384, 27.3037662506, 34.1867027283, 54.0455474854, 74.9895095825, 35.2930221558, 44.1839141846, 16.3460903168, 21.5459098816, 26.2035331726, 14.4535779953, 11.0097732544, 6.98943185806, 3.50807499886, 2.7183945179, 2.34579610825, 2.13516736031, 0.755015134811, 0.481729954481, 0.252378344536, 0.123773045838, 0.0413377135992, 0.0174782983959, 0.00560137769207, 0.00254983175546, 0.0011744548101, 0.000287553324597, 8.61791340867e-05, 4.73266518384e-05, 3.66116182704e-05, 2.76238333754e-05, 2.04003390536e-05, 1.19439473565e-05, 2.54611722994e-06, 1.45641761264e-05, 3.41613886121e-05], "median": [0.00451368419454, 0.198868498206, 1.02469563484, 4.05509757996, 13.0195922852, 15.2798032761, 16.659954071, 28.9473361969, 40.4651947021, 22.7700614929, 20.0739765167, 9.75910282135, 10.9820213318, 14.0781764984, 6.5686955452, 5.18657636642, 3.66444301605, 1.88430666924, 1.20329523087, 0.783614575863, 0.596123933792, 0.250295549631, 0.143501862884, 0.045181311667, 0.0151689117774, 0.00255432655104, 0.000622912542894, 0.00020841578953, 0.000104989041574, 6.67241256451e-05, 4.64058211946e-05, 3.81965983252e-05, 3.29641698045e-05, 2.8800981454e-05, 2.38030152104e-05, 1.80220413313e-05, 1.06224233605e-05, 2.24521613745e-06, 1.28740612126e-05, 3.01548952848e-05], "min": [2.37422267576e-22, 1.09831329212e-21, 6.81113441073e-21, 2.68727021861e-20, 9.34360472473e-20, 1.89824418423e-19, 1.55447955388e-19, 3.91758786863e-19, 3.3521054884e-19, 1.03617761708e-19, 2.38056066245e-19, 8.95959853306e-19, 1.2594425566e-18, 1.48401227014e-18, 1.59381615376e-18, 2.72256220903e-18, 6.74364205622e-18, 5.80816158119e-18, 2.85442224329e-18, 4.44868114548e-18, 7.29848006953e-18, 9.69295866618e-18, 9.93800099648e-18, 6.60945640366e-18, 1.14876386745e-17, 1.33389218249e-17, 1.71634418451e-17, 1.67231534574e-17, 1.64910680842e-17, 1.62346387856e-17, 1.77560869755e-17, 1.58738325285e-17, 1.27116203084e-17, 1.27879558441e-17, 9.02121025381e-18, 6.57546465716e-18, 3.72328386653e-18, 1.40964914666e-18, 3.08214578971e-19, 3.22592877948e-20], "var": [0.00117660802789, 0.377158761024, 11.1934261322, 123.867980957, 787.543884277, 1301.05480957, 2489.22412109, 5853.89550781, 10697.7861328, 1960.31066895, 8492.07421875, 642.608764648, 3170.35205078, 1753.37524414, 2474.23876953, 2254.95141602, 195.394363403, 56.1404075623, 19.0104045868, 22.4918556213, 23.9293003082, 3.19536876678, 1.27719032764, 0.606118857861, 0.167169123888, 0.0347442366183, 0.00527762528509, 0.00154102337547, 0.000250710931141, 8.39456770336e-05, 5.44542535863e-06, 1.48076011897e-07, 1.83548554133e-08, 7.36985006355e-09, 2.98729263548e-10, 1.26317817317e-10, 4.14892183109e-11, 1.85872563001e-12, 7.91389592747e-11, 4.52537729512e-10]}, "gfcc": {"mean": [-188.498413086, 268.285339355, -99.655921936, -57.4456672668, -15.9229354858, -33.8656921387, -31.4546737671, -13.84375, -15.6393451691, -19.4085330963, -5.04575300217, -11.0930967331, -3.65715408325], "cov": [[3537.29272461, -62.1205711365, -1496.97094727, 826.400756836, 325.145477295, -477.928497314, 342.193206787, 80.4939193726, -43.1782188416, 97.5327529907, -38.078868866, -120.620773315, -9.7519826889], [-62.1205711365, 506.900634766, 537.898986816, -153.643753052, 187.151870728, 177.362503052, -52.062625885, 67.6412353516, 57.3924255371, 13.7596254349, 42.738822937, -43.7669143677, -19.1508789062], [-1496.97094727, 537.898986816, 1608.97399902, -405.407958984, -98.812286377, 446.688903809, -195.650772095, -44.2409362793, 143.340805054, 12.2005491257, 33.7576026917, 3.34645009041, 4.70646286011], [826.400756836, -153.643753052, -405.407958984, 465.221221924, 66.0177383423, -140.063903809, 182.022796631, 28.5327625275, 4.23928499222, 38.893951416, -47.1480407715, -20.0485095978, 13.2485742569], [325.145477295, 187.151870728, -98.812286377, 66.0177383423, 285.504516602, 24.129863739, 8.32593917847, 99.9843826294, -9.40221786499, -19.0492553711, 34.7996711731, -16.7135467529, -17.200460434], [-477.928497314, 177.362503052, 446.688903809, -140.063903809, 24.129863739, 289.023651123, -14.9794254303, -43.938129425, 32.8235702515, -20.9563140869, -13.8706493378, 8.05547428131, 0.470082849264], [342.193206787, -52.062625885, -195.650772095, 182.022796631, 8.32593917847, -14.9794254303, 184.270645142, 36.4104919434, -18.5162372589, 23.8253192902, -36.4008903503, -30.4808349609, 9.74595165253], [80.4939193726, 67.6412353516, -44.2409362793, 28.5327625275, 99.9843826294, -43.938129425, 36.4104919434, 171.420822144, 46.1899681091, 5.94630622864, 49.3155212402, -3.63858938217, -24.0251350403], [-43.1782188416, 57.3924255371, 143.340805054, 4.23928499222, -9.40221786499, 32.8235702515, -18.5162372589, 46.1899681091, 131.87197876, 61.766456604, 11.293885231, 15.7254104614, 0.731077969074], [97.5327529907, 13.7596254349, 12.2005491257, 38.893951416, -19.0492553711, -20.9563140869, 23.8253192902, 5.94630622864, 61.766456604, 100.881385803, 25.7812786102, -6.38562631607, 15.8910522461], [-38.078868866, 42.738822937, 33.7576026917, -47.1480407715, 34.7996711731, -13.8706493378, -36.4008903503, 49.3155212402, 11.293885231, 25.7812786102, 106.362930298, 48.0721092224, -19.1893558502], [-120.620773315, -43.7669143677, 3.34645009041, -20.0485095978, -16.7135467529, 8.05547428131, -30.4808349609, -3.63858938217, 15.7254104614, -6.38562631607, 48.0721092224, 102.148674011, 30.9963779449], [-9.7519826889, -19.1508789062, 4.70646286011, 13.2485742569, -17.200460434, 0.470082849264, 9.74595165253, -24.0251350403, 0.731077969074, 15.8910522461, -19.1893558502, 30.9963779449, 87.4532470703]], "icov": [[0.00155425304547, -0.00294171809219, 0.00200629141182, -0.00213081226684, 0.000967113359366, 0.000825828930829, -0.000810759491287, 0.00265794596635, -0.00291260378435, 0.00295703765005, -0.00349572184496, 0.00277430913411, -0.00151305214968], [-0.00294171809219, 0.016145825386, -0.00841739121825, 0.00971827562898, -0.0137444743887, 0.00460993917659, -0.00846764631569, 0.00332868448459, -0.00386213464662, 0.000227821481531, 0.000328325084411, 0.000719270610716, 0.00112642813474], [0.00200629141182, -0.00841739121825, 0.00659323856235, -0.00606047222391, 0.00847260281444, -0.00554098142311, 0.00638578273356, -0.0020746786613, 0.000278696359601, 0.00120829779189, -0.00347661436535, 0.00355674140155, -0.00288703828119], [-0.00213081226684, 0.00971827562898, -0.00606047222391, 0.0135641852394, -0.0126463081688, 0.00931402016431, -0.0150038348511, 0.00843043997884, -0.00847256369889, 0.00334162218496, 0.000928994559217, -0.00199936563149, 0.00198862468824], [0.000967113359366, -0.0137444743887, 0.00847260281444, -0.0126463081688, 0.0235339533538, -0.0149256978184, 0.020209832117, -0.0177685637027, 0.0155109455809, -0.00792983453721, 0.00373671483248, -0.00134101079311, -0.00126030342653], [0.000825828930829, 0.00460993917659, -0.00554098142311, 0.00931402016431, -0.0149256978184, 0.0213639754802, -0.0224652439356, 0.0212926063687, -0.0203880742192, 0.0165232885629, -0.00920513086021, 0.00365078123286, -0.000854384736158], [-0.000810759491287, -0.00846764631569, 0.00638578273356, -0.0150038348511, 0.020209832117, -0.0224652439356, 0.0394750908017, -0.0324429497123, 0.0341762527823, -0.0296889916062, 0.0231684781611, -0.0115969507024, 0.00507152639329], [0.00265794596635, 0.00332868448459, -0.0020746786613, 0.00843043997884, -0.0177685637027, 0.0212926063687, -0.0324429497123, 0.0432509705424, -0.0422672815621, 0.038067843765, -0.0351855121553, 0.0221588630229, -0.0103903245181], [-0.00291260378435, -0.00386213464662, 0.000278696359601, -0.00847256369889, 0.0155109455809, -0.0203880742192, 0.0341762527823, -0.0422672815621, 0.0588412359357, -0.052925541997, 0.0451842658222, -0.0332186371088, 0.0186514779925], [0.00295703765005, 0.000227821481531, 0.00120829779189, 0.00334162218496, -0.00792983453721, 0.0165232885629, -0.0296889916062, 0.038067843765, -0.052925541997, 0.0645854324102, -0.0529965236783, 0.0387297682464, -0.0247226897627], [-0.00349572184496, 0.000328325084411, -0.00347661436535, 0.000928994559217, 0.00373671483248, -0.00920513086021, 0.0231684781611, -0.0351855121553, 0.0451842658222, -0.0529965236783, 0.065463386476, -0.0463617034256, 0.0283134076744], [0.00277430913411, 0.000719270610716, 0.00355674140155, -0.00199936563149, -0.00134101079311, 0.00365078123286, -0.0115969507024, 0.0221588630229, -0.0332186371088, 0.0387297682464, -0.0463617034256, 0.0468921884894, -0.0258780680597], [-0.00151305214968, 0.00112642813474, -0.00288703828119, 0.00198862468824, -0.00126030342653, -0.000854384736158, 0.00507152639329, -0.0103903245181, 0.0186514779925, -0.0247226897627, 0.0283134076744, -0.0258780680597, 0.0274249669164]]}, "melbands": {"dmean": [0.000106765553937, 0.000404462130973, 0.000709973974153, 0.00117215386126, 0.000380319223041, 0.00044019613415, 0.00033772282768, 0.000137667870149, 0.000113676549518, 3.57313292625e-05, 3.22247069562e-05, 3.18127167702e-05, 1.72406162164e-05, 1.35940890686e-05, 8.38030609884e-06, 5.04903073306e-06, 2.16913622353e-06, 1.32885338644e-06, 1.43773081618e-06, 1.63463300851e-06, 8.03710975106e-07, 3.35583564492e-07, 3.3069269989e-07, 1.12435643018e-07, 1.14294984144e-07, 5.08257969045e-08, 3.26512719084e-08, 1.53088901556e-08, 9.38742061862e-09, 2.92805091284e-09, 2.18347073755e-09, 1.13123133083e-09, 1.19384224728e-09, 3.18069126592e-10, 1.56801877038e-10, 4.5868465276e-11, 2.77542780425e-11, 1.67154016323e-11, 1.20808814341e-11, 1.15846065379e-11], "dmean2": [0.00016127715935, 0.000625428045169, 0.00119097344577, 0.00206226343289, 0.000606537621934, 0.000707384315319, 0.000547610339709, 0.000229277458857, 0.000163117554621, 5.39393695362e-05, 4.35038637079e-05, 4.62331445306e-05, 2.45458777499e-05, 1.75891709659e-05, 1.07350188046e-05, 8.25681127026e-06, 3.16987006954e-06, 1.88247861388e-06, 1.99564760806e-06, 2.3466507173e-06, 1.19315586744e-06, 5.12902829541e-07, 4.95456163208e-07, 1.71748425259e-07, 1.67695674236e-07, 7.42775370099e-08, 4.93098895049e-08, 2.25537242216e-08, 1.33371980127e-08, 4.24192281301e-09, 3.37309580267e-09, 1.71806224802e-09, 1.97182270512e-09, 5.20298970574e-10, 2.45680226163e-10, 7.42369429818e-11, 4.5864118059e-11, 2.84622169583e-11, 2.11005570655e-11, 1.95759259497e-11], "dvar": [5.82236765467e-08, 7.97571203748e-07, 1.45075614455e-06, 4.05210448662e-06, 4.2400066036e-07, 8.61613330017e-07, 3.6415485738e-07, 7.63199565768e-08, 1.81430223734e-07, 1.08787894249e-08, 1.43346285952e-08, 1.15011697943e-08, 5.40207034661e-09, 4.06108524587e-09, 3.74970943184e-09, 1.69427194496e-10, 9.02889013554e-11, 1.02328865867e-11, 2.6139861109e-11, 3.02393457496e-11, 7.78626035175e-12, 1.77488091498e-12, 3.23835749882e-12, 2.0041298265e-13, 2.78013126843e-13, 5.13124190761e-14, 4.0647600032e-14, 1.67005640681e-14, 3.3168205087e-15, 5.23892736613e-16, 5.04325852015e-16, 6.50790037929e-17, 1.39979950179e-16, 9.07746018982e-18, 3.2035946186e-18, 7.68298730001e-20, 2.48287405081e-20, 8.23211438082e-21, 7.48546806059e-22, 2.44037284047e-21], "dvar2": [1.47880754753e-07, 2.1095286229e-06, 4.42768077846e-06, 1.25890519485e-05, 1.06545701328e-06, 2.35500851886e-06, 8.88504871455e-07, 1.94706089474e-07, 4.20221454078e-07, 2.46970497386e-08, 2.56989789449e-08, 2.76663527643e-08, 9.58154711128e-09, 6.31215035796e-09, 5.56947998831e-09, 4.26606111548e-10, 1.73913272672e-10, 2.1744685913e-11, 4.84689371971e-11, 5.59235505126e-11, 1.80653998705e-11, 4.518438141e-12, 7.80027518271e-12, 4.8522660499e-13, 5.97644709329e-13, 1.09044148494e-13, 1.04119600582e-13, 3.80379254028e-14, 7.53937588901e-15, 1.34016938816e-15, 1.33632692907e-15, 1.55340905913e-16, 3.650383248e-16, 2.3750428301e-17, 7.7900511737e-18, 1.77689097226e-19, 4.90836503156e-20, 1.45099887151e-20, 1.22526885541e-21, 3.8109256913e-21], "max": [0.00485666887835, 0.0127906063572, 0.0175274051726, 0.02494828403, 0.0124937305227, 0.0195595659316, 0.0147234685719, 0.0079291742295, 0.0144015913829, 0.00441884016618, 0.00675265444443, 0.00452268635854, 0.00312008312903, 0.00329243368469, 0.00415014615282, 0.000457365851616, 0.000485386757646, 7.10078893462e-05, 0.00019352902018, 0.0001595053036, 8.97891077329e-05, 5.98055230512e-05, 9.08223519218e-05, 1.25294163809e-05, 1.67077669175e-05, 5.97104508415e-06, 5.33211959919e-06, 5.23816606801e-06, 1.76390824436e-06, 1.43942884279e-06, 1.38782536396e-06, 4.41953829977e-07, 3.1387656918e-07, 9.86561374816e-08, 6.813399267e-08, 1.39020475132e-08, 1.19843077684e-08, 7.74618946764e-09, 2.1775028447e-09, 4.98029839591e-09], "mean": [0.000289508723654, 0.000954438699409, 0.00165965827182, 0.00208015204407, 0.00106878578663, 0.00130182958674, 0.00110284832772, 0.000365064362995, 0.000330376351485, 9.04351327335e-05, 0.000104640152131, 0.000103198915895, 5.12503938808e-05, 3.29746981151e-05, 2.0333325665e-05, 1.24338093883e-05, 5.92677224631e-06, 3.95679853682e-06, 3.4019440136e-06, 4.16471539211e-06, 1.94166864276e-06, 7.2001114404e-07, 7.2015961905e-07, 2.51142836305e-07, 2.08763012211e-07, 1.06247874498e-07, 5.46757803477e-08, 2.17839559724e-08, 1.36555371455e-08, 4.57722615366e-09, 2.55447218933e-09, 1.4103781476e-09, 1.26147214896e-09, 3.89956789082e-10, 1.78432699172e-10, 5.41659425646e-11, 3.29144003719e-11, 2.14128957621e-11, 1.65427654214e-11, 1.56950216712e-11], "median": [0.000106887251604, 0.000479836366139, 0.00115789403208, 0.00106257048901, 0.00063334510196, 0.000717331597116, 0.000629122951068, 0.000219922672841, 0.000145885642269, 5.34190039616e-05, 5.10571335326e-05, 5.32666490471e-05, 2.25230432989e-05, 1.44439700307e-05, 8.33757258079e-06, 6.21468961981e-06, 2.4874036626e-06, 1.80701454155e-06, 1.01407113107e-06, 9.3843925697e-07, 5.24177153238e-07, 2.29394203188e-07, 1.65003541497e-07, 5.82465276011e-08, 2.69944777642e-08, 1.05891695412e-08, 3.41364292389e-09, 5.35696376147e-10, 3.11939252207e-10, 1.55071441799e-10, 7.4249946469e-11, 4.93026314219e-11, 3.57955366737e-11, 2.39823404191e-11, 1.78280411267e-11, 1.44801930863e-11, 1.24794124687e-11, 1.10862976785e-11, 1.01070965833e-11, 9.19616553047e-12], "min": [2.5228976734e-24, 2.40357536174e-24, 5.931520877e-24, 8.87693028187e-24, 5.94022911254e-24, 8.72390625462e-24, 4.69785759493e-24, 1.00370401731e-24, 3.16022904835e-24, 5.15966899619e-24, 5.78263560849e-24, 4.5401335344e-24, 6.86994428783e-24, 3.26874219067e-24, 1.30495492977e-23, 1.02606270195e-23, 1.15271029709e-23, 4.07716724078e-24, 4.41495984697e-24, 7.45852287554e-24, 7.67739470028e-24, 9.03928416705e-24, 7.84503553125e-24, 9.43544380277e-24, 4.58709205751e-24, 6.88843360972e-24, 7.04883585303e-24, 8.35328993501e-24, 8.57136737682e-24, 1.41891196176e-23, 8.42477414366e-24, 9.30494412094e-24, 8.81151714675e-24, 8.86610474367e-24, 9.67970432688e-24, 1.12412576442e-23, 7.70418520548e-24, 8.23339412147e-24, 1.06797724843e-23, 1.0968311771e-23], "var": [2.14499024764e-07, 2.0361173938e-06, 3.26220629177e-06, 7.74783711677e-06, 1.93052619579e-06, 3.28115697812e-06, 2.14269903154e-06, 2.42324858846e-07, 5.17996852523e-07, 2.540446431e-08, 7.85756100186e-08, 2.84891417124e-08, 2.04326937592e-08, 1.24907080234e-08, 9.97150095827e-09, 3.88236359727e-10, 2.33002783734e-10, 3.64717492318e-11, 7.29275390077e-11, 1.27902355374e-10, 2.16819687204e-11, 2.8993350689e-12, 5.71538909949e-12, 4.22377058459e-13, 5.39437797816e-13, 1.03492769096e-13, 4.94910136364e-14, 1.94446424972e-14, 4.37863729446e-15, 5.66498176223e-16, 3.97509809289e-16, 7.32725718673e-17, 1.20648699559e-16, 9.60584662151e-18, 3.13952203553e-18, 8.52895266728e-20, 4.21493338483e-20, 1.46912430512e-20, 1.72222113539e-21, 5.66563910805e-21]}, "mfcc": {"mean": [-809.327148438, 271.800140381, 15.2257795334, -15.0701379776, 8.05773735046, -10.8781547546, -12.0982465744, -4.15171909332, -8.42095470428, -10.6412277222, -7.63962030411, -4.94864368439, -1.42570793629], "cov": [[2569.73388672, 499.765289307, -1545.28259277, 375.043060303, 356.659942627, -288.49508667, 95.582069397, 125.436843872, 5.05644750595, 127.251106262, 96.7211074829, -57.6406898499, -7.31247329712], [499.765289307, 507.906341553, 59.7857398987, 1.61879873276, 190.676452637, 81.1568374634, 31.5835266113, 45.5235214233, 14.7969608307, 79.3318939209, 109.542900085, 21.928812027, -46.6770629883], [-1545.28259277, 59.7857398987, 1452.81787109, -122.501922607, -180.072067261, 347.90057373, -5.65993881226, -98.1099243164, 47.6610603333, 13.1800060272, 32.7803726196, 72.9542160034, -34.4671554565], [375.043060303, 1.61879873276, -122.501922607, 281.316223145, 42.8793563843, -61.038394928, 48.9937362671, 9.02459049225, 34.5608863831, 58.1493263245, 12.2326164246, -3.74623942375, 22.3037414551], [356.659942627, 190.676452637, -180.072067261, 42.8793563843, 233.661148071, 11.5552682877, -8.67681407928, 74.5951461792, 12.3588314056, 20.1386241913, 45.740447998, 4.31173706055, -2.94716715813], [-288.49508667, 81.1568374634, 347.90057373, -61.038394928, 11.5552682877, 229.061782837, 55.7459602356, -22.3659801483, 31.9749622345, 10.5834360123, 8.24568367004, 5.45196676254, -31.8452301025], [95.582069397, 31.5835266113, -5.65993881226, 48.9937362671, -8.67681407928, 55.7459602356, 148.039764404, 48.0609092712, 1.92693448067, 30.941411972, -7.2850985527, -24.0578517914, -4.6949877739], [125.436843872, 45.5235214233, -98.1099243164, 9.02459049225, 74.5951461792, -22.3659801483, 48.0609092712, 133.975769043, 32.6849632263, -13.693614006, 16.7967166901, 14.5969457626, 12.0072479248], [5.05644750595, 14.7969608307, 47.6610603333, 34.5608863831, 12.3588314056, 31.9749622345, 1.92693448067, 32.6849632263, 103.236068726, 49.6881904602, 3.77491855621, 18.7548713684, -0.00819385796785], [127.251106262, 79.3318939209, 13.1800060272, 58.1493263245, 20.1386241913, 10.5834360123, 30.941411972, -13.693614006, 49.6881904602, 138.232025146, 57.155670166, -26.8169670105, -12.0215291977], [96.7211074829, 109.542900085, 32.7803726196, 12.2326164246, 45.740447998, 8.24568367004, -7.2850985527, 16.7967166901, 3.77491855621, 57.155670166, 119.825309753, 53.8685874939, -11.3646020889], [-57.6406898499, 21.928812027, 72.9542160034, -3.74623942375, 4.31173706055, 5.45196676254, -24.0578517914, 14.5969457626, 18.7548713684, -26.8169670105, 53.8685874939, 142.088302612, 51.5874900818], [-7.31247329712, -46.6770629883, -34.4671554565, 22.3037414551, -2.94716715813, -31.8452301025, -4.6949877739, 12.0072479248, -0.00819385796785, -12.0215291977, -11.3646020889, 51.5874900818, 98.8488235474]], "icov": [[0.517492294312, -0.722365558147, 0.698075294495, -0.661114633083, 0.602027654648, -0.539790630341, 0.465124547482, -0.383239597082, 0.299919843674, -0.218733534217, 0.143572449684, -0.0819298774004, 0.0351377017796], [-0.722365558147, 1.01257681847, -0.975342988968, 0.924542069435, -0.845627486706, 0.756042540073, -0.653589069843, 0.538744032383, -0.4212885499, 0.306689798832, -0.203814849257, 0.114736288786, -0.0481675080955], [0.698075294495, -0.975342988968, 0.944380879402, -0.894900262356, 0.81852555275, -0.737283110619, 0.637370944023, -0.52729845047, 0.415051668882, -0.304789304733, 0.201400324702, -0.116125121713, 0.0502211153507], [-0.661114633083, 0.924542069435, -0.894900262356, 0.856323421001, -0.781984746456, 0.707694768906, -0.617790818214, 0.51504611969, -0.409628272057, 0.301254212856, -0.202508121729, 0.117026560009, -0.0525696910918], [0.602027654648, -0.845627486706, 0.81852555275, -0.781984746456, 0.728569030762, -0.657381117344, 0.579116106033, -0.488698661327, 0.389118134975, -0.290334910154, 0.195879787207, -0.113479167223, 0.0503505021334], [-0.539790630341, 0.756042540073, -0.737283110619, 0.707694768906, -0.657381117344, 0.6107416749, -0.540001034737, 0.459753990173, -0.375173598528, 0.284448415041, -0.195118501782, 0.115532658994, -0.052186626941], [0.465124547482, -0.653589069843, 0.637370944023, -0.617790818214, 0.579116106033, -0.540001034737, 0.495799064636, -0.426319390535, 0.353011876345, -0.274528354406, 0.193350970745, -0.114696748555, 0.0547796860337], [-0.383239597082, 0.538744032383, -0.52729845047, 0.51504611969, -0.488698661327, 0.459753990173, -0.426319390535, 0.384244024754, -0.320929735899, 0.254341512918, -0.182737380266, 0.111008167267, -0.0554420538247], [0.299919843674, -0.4212885499, 0.415051668882, -0.409628272057, 0.389118134975, -0.375173598528, 0.353011876345, -0.320929735899, 0.290265381336, -0.231217890978, 0.170039117336, -0.108209520578, 0.0548128373921], [-0.218733534217, 0.306689798832, -0.304789304733, 0.301254212856, -0.290334910154, 0.284448415041, -0.274528354406, 0.254341512918, -0.231217890978, 0.2014118433, -0.149352565408, 0.0969005152583, -0.0498277395964], [0.143572449684, -0.203814849257, 0.201400324702, -0.202508121729, 0.195879787207, -0.195118501782, 0.193350970745, -0.182737380266, 0.170039117336, -0.149352565408, 0.126320317388, -0.0800633430481, 0.0428150855005], [-0.0819298774004, 0.114736288786, -0.116125121713, 0.117026560009, -0.113479167223, 0.115532658994, -0.114696748555, 0.111008167267, -0.108209520578, 0.0969005152583, -0.0800633430481, 0.0621669813991, -0.0337463915348], [0.0351377017796, -0.0481675080955, 0.0502211153507, -0.0525696910918, 0.0503505021334, -0.052186626941, 0.0547796860337, -0.0554420538247, 0.0548128373921, -0.0498277395964, 0.0428150855005, -0.0337463915348, 0.0298476982862]]}, "spectral_contrast_coeffs": {"dmean": [0.0454793721437, 0.0388061925769, 0.0271791517735, 0.0234612654895, 0.0209021996707, 0.0368963591754], "dmean2": [0.0764357075095, 0.0647720694542, 0.0432796142995, 0.0374394282699, 0.0336350798607, 0.0644521936774], "dvar": [0.0014636531705, 0.00115491752513, 0.000663306564093, 0.000545745366253, 0.00037541022175, 0.000983822974376], "dvar2": [0.00406552385539, 0.00310787581839, 0.0016048559919, 0.0013199779205, 0.000919521087781, 0.00266641541384], "max": [-0.231287926435, -0.345617562532, -0.442601144314, -0.487211465836, -0.55611371994, -0.615623772144], "mean": [-0.5316182971, -0.650123178959, -0.731860637665, -0.736997067928, -0.718983471394, -0.876547336578], "median": [-0.533937811852, -0.656265318394, -0.738325953484, -0.737005233765, -0.710241854191, -0.893993318081], "min": [-0.948692619801, -0.970476508141, -0.981986165047, -0.982741236687, -0.981141209602, -0.980544388294], "var": [0.00717161269858, 0.00758701842278, 0.00376125983894, 0.00263434508815, 0.00341651495546, 0.00398610346019]}, "spectral_contrast_valleys": {"dmean": [0.36495500803, 0.289867073298, 0.25139054656, 0.26707342267, 0.310867458582, 0.766414761543], "dmean2": [0.594688534737, 0.469032257795, 0.393381983042, 0.413452714682, 0.49656689167, 1.35599434376], "dvar": [0.168287888169, 0.147893875837, 0.135580092669, 0.155171468854, 0.180858761072, 0.352253913879], "dvar2": [0.3255661726, 0.242797508836, 0.208009183407, 0.268684595823, 0.340471893549, 0.979850411415], "max": [-5.50515460968, -4.5559630394, -5.72399139404, -7.03765153885, -7.90549707413, -12.2058439255], "mean": [-7.66415929794, -6.51916217804, -7.67614