{"lowlevel": {"average_loudness": 0.985203444958, "barkbands_crest": {"dmean": 2.77450871468, "dmean2": 4.48791790009, "dvar": 8.6140127182, "dvar2": 21.8043727875, "max": 23.5783691406, "mean": 13.6978263855, "median": 13.776348114, "min": 2.93198680878, "var": 19.0328063965}, "barkbands_flatness_db": {"dmean": 0.0351408645511, "dmean2": 0.0518974810839, "dvar": 0.00128418172244, "dvar2": 0.00300308060832, "max": 0.326207131147, "mean": 0.162490859628, "median": 0.164299845695, "min": 0.0265298746526, "var": 0.0029421930667}, "barkbands_kurtosis": {"dmean": 6.18218755722, "dmean2": 9.43755054474, "dvar": 61.0863990784, "dvar2": 137.392196655, "max": 72.7721328735, "mean": 10.7437791824, "median": 7.79934597015, "min": -1.91126906872, "var": 122.556915283}, "barkbands_skewness": {"dmean": 0.863647401333, "dmean2": 1.31093120575, "dvar": 0.866998374462, "dvar2": 2.0231385231, "max": 7.78236436844, "mean": 2.70410752296, "median": 2.67369842529, "min": -1.86105406284, "var": 2.03625035286}, "barkbands_spread": {"dmean": 13.0186567307, "dmean2": 19.6276187897, "dvar": 340.410980225, "dvar2": 731.235778809, "max": 110.463493347, "mean": 23.0001049042, "median": 15.2230787277, "min": 2.3496029377, "var": 448.316131592}, "dissonance": {"dmean": 0.0176282934844, "dmean2": 0.0283345002681, "dvar": 0.00027835223591, "dvar2": 0.00066552014323, "max": 0.49831238389, "mean": 0.457542926073, "median": 0.462609857321, "min": 0.337834179401, "var": 0.000663477170747}, "dynamic_complexity": 2.01768112183, "erbbands_crest": {"dmean": 2.67479419708, "dmean2": 4.1662774086, "dvar": 7.64509725571, "dvar2": 17.5715236664, "max": 28.9024600983, "mean": 9.15265655518, "median": 7.82504653931, "min": 2.46234583855, "var": 23.0950183868}, "erbbands_flatness_db": {"dmean": 0.0219083838165, "dmean2": 0.0327095165849, "dvar": 0.000397998170229, "dvar2": 0.000936344440561, "max": 0.283958882093, "mean": 0.115447230637, "median": 0.111018255353, "min": 0.0566478595138, "var": 0.000972757174168}, "erbbands_kurtosis": {"dmean": 0.881246984005, "dmean2": 1.39432907104, "dvar": 1.54799950123, "dvar2": 3.71010136604, "max": 18.5716152191, "mean": 0.0879243984818, "median": -0.320443868637, "min": -1.82993006706, "var": 2.91201400757}, "erbbands_skewness": {"dmean": 0.477556914091, "dmean2": 0.731519937515, "dvar": 0.291086196899, "dvar2": 0.707568764687, "max": 2.73984408379, "mean": 0.404311209917, "median": 0.395191520452, "min": -2.88524007797, "var": 0.506880760193}, "erbbands_spread": {"dmean": 16.5840702057, "dmean2": 23.9868030548, "dvar": 291.711547852, "dvar2": 542.318847656, "max": 153.957687378, "mean": 60.3958320618, "median": 54.2629432678, "min": 4.72382688522, "var": 752.361572266}, "hfc": {"dmean": 31.8111801147, "dmean2": 52.0992965698, "dvar": 3217.63256836, "dvar2": 8357.41308594, "max": 319.977111816, "mean": 32.4952316284, "median": 11.8831100464, "min": 1.27225910395e-16, "var": 2574.94165039}, "melbands_crest": {"dmean": 2.86848759651, "dmean2": 4.75494480133, "dvar": 11.2486619949, "dvar2": 29.7048206329, "max": 31.9378376007, "mean": 19.4459400177, "median": 19.2444877625, "min": 2.48093891144, "var": 28.3648948669}, "melbands_flatness_db": {"dmean": 0.0430498458445, "dmean2": 0.0640595108271, "dvar": 0.00197655335069, "dvar2": 0.00467524444684, "max": 0.405672371387, "mean": 0.242152944207, "median": 0.249085023999, "min": 0.00835447851568, "var": 0.00457843998447}, "melbands_kurtosis": {"dmean": 17.1115646362, "dmean2": 26.6279945374, "dvar": 474.168334961, "dvar2": 1143.31164551, "max": 235.084381104, "mean": 38.0458145142, "median": 28.3458690643, "min": -1.17807519436, "var": 1120.44250488}, "melbands_skewness": {"dmean": 1.15341055393, "dmean2": 1.79277074337, "dvar": 1.46703195572, "dvar2": 3.47048640251, "max": 12.1610841751, "mean": 4.74134206772, "median": 4.45181894302, "min": -0.115749940276, "var": 4.82871294022}, "melbands_spread": {"dmean": 9.31353187561, "dmean2": 15.5805215836, "dvar": 291.202056885, "dvar2": 755.554626465, "max": 142.00642395, "mean": 15.1971054077, "median": 9.50207138062, "min": 1.39036715031, "var": 268.641967773}, "pitch_salience": {"dmean": 0.0890942364931, "dmean2": 0.145824700594, "dvar": 0.0100822523236, "dvar2": 0.0265355613083, "max": 0.94227540493, "mean": 0.437619000673, "median": 0.435921251774, "min": 0.116483256221, "var": 0.0185917951167}, "silence_rate_20dB": {"dmean": 0, "dmean2": 0, "dvar": 0, "dvar2": 0, "max": 1, "mean": 1, "median": 1, "min": 1, "var": 0}, "silence_rate_30dB": {"dmean": 0.0604554861784, "dmean2": 0.12096106261, "dvar": 0.0568006932735, "dvar2": 0.124555386603, "max": 1, "mean": 0.94701987505, "median": 1, "min": 0, "var": 0.0501737445593}, "silence_rate_60dB": {"dmean": 0.000828157353681, "dmean2": 0.00124275067355, "dvar": 0.000827500945888, "dvar2": 0.00124121143017, "max": 1, "mean": 0.00124172191136, "median": 0, "min": 0, "var": 0.00124018767383}, "spectral_centroid": {"dmean": 357.845062256, "dmean2": 565.862121582, "dvar": 275005.9375, "dvar2": 613647.5, "max": 10766.4726562, "mean": 1032.41394043, "median": 882.855529785, "min": 151.834533691, "var": 390152.8125}, "spectral_complexity": {"dmean": 5.00786733627, "dmean2": 7.25020694733, "dvar": 41.5132789612, "dvar2": 74.1058120728, "max": 53, "mean": 15.8878307343, "median": 12, "min": 0, "var": 101.034172058}, "spectral_decrease": {"dmean": 3.80623355056e-09, "dmean2": 5.55834889227e-09, "dvar": 3.21030648616e-17, "dvar2": 6.67507887504e-17, "max": 1.2705052898e-28, "mean": -1.03096517989e-08, "median": -7.87301068783e-09, "min": -4.71190020335e-08, "var": 6.67257615738e-17}, "spectral_energy": {"dmean": 0.0165192633867, "dmean2": 0.0243657827377, "dvar": 0.000536172185093, "dvar2": 0.00110721809324, "max": 0.185400769114, "mean": 0.0418584533036, "median": 0.0326683372259, "min": 1.10602513575e-20, "var": 0.0010752659291}, "spectral_energyband_high": {"dmean": 0.00305023300461, "dmean2": 0.00509071489796, "dvar": 3.81081154046e-05, "dvar2": 0.000100029596069, "max": 0.0354947932065, "mean": 0.00248030247167, "median": 0.000430454325397, "min": 7.73906465254e-21, "var": 2.87028706225e-05}, "spectral_energyband_low": {"dmean": 0.00903905928135, "dmean2": 0.0134571772069, "dvar": 0.00029078614898, "dvar2": 0.000698308635037, "max": 0.13655513525, "mean": 0.0242726095021, "median": 0.0149873197079, "min": 9.2948747848e-23, "var": 0.000577058293857}, "spectral_energyband_middle_high": {"dmean": 0.002363282023, "dmean2": 0.00380648951977, "dvar": 3.26657718688e-05, "dvar2": 8.27125986689e-05, "max": 0.0510155074298, "mean": 0.00306710507721, "median": 0.00141014694236, "min": 1.71161460391e-21, "var": 2.93620414595e-05}, "spectral_energyband_middle_low": {"dmean": 0.00800448190421, "dmean2": 0.013157395646, "dvar": 0.000217546068598, "dvar2": 0.000579016981646, "max": 0.140737175941, "mean": 0.0136982146651, "median": 0.00925906561315, "min": 1.81247267945e-22, "var": 0.000232638660236}, "spectral_entropy": {"dmean": 0.449279874563, "dmean2": 0.627105891705, "dvar": 0.181041151285, "dvar2": 0.396796733141, "max": 9.80035972595, "mean": 7.5290222168, "median": 7.56583023071, "min": 5.68868923187, "var": 0.356514453888}, "spectral_flux": {"dmean": 0.0456365197897, "dmean2": 0.065297909081, "dvar": 0.00321401120164, "dvar2": 0.00587309431285, "max": 0.390249073505, "mean": 0.0867158845067, "median": 0.0561045557261, "min": 1.05167728692e-10, "var": 0.00552248489112}, "spectral_kurtosis": {"dmean": 1.98422455788, "dmean2": 3.04452109337, "dvar": 4.75310659409, "dvar2": 11.1999197006, "max": 21.2040920258, "mean": 3.27105569839, "median": 3.09867715836, "min": -1.18982625008, "var": 6.79232263565}, "spectral_rms": {"dmean": 0.00117314839736, "dmean2": 0.00167818635236, "dvar": 2.16209832615e-06, "dvar2": 4.23669098382e-06, "max": 0.0134491184726, "mean": 0.00594520196319, "median": 0.00564548932016, "min": 3.28488798662e-12, "var": 5.4920956245e-06}, "spectral_rolloff": {"dmean": 1150.26293945, "dmean2": 2028.40698242, "dvar": 6076245.5, "dvar2": 14085713, "max": 19293.75, "mean": 1252.35266113, "median": 409.130859375, "min": 107.666015625, "var": 5083997.5}, "spectral_skewness": {"dmean": 0.362064808607, "dmean2": 0.515026271343, "dvar": 0.127007052302, "dvar2": 0.267894774675, "max": 3.5978500843, "mean": 1.48372554779, "median": 1.51158666611, "min": 0.0415773354471, "var": 0.253168195486}, "spectral_spread": {"dmean": 1738086.25, "dmean2": 2468773.75, "dvar": 3188883980290.0, "dvar2": 5433558827010.0, "max": 40128444, "mean": 6846264, "median": 6214175, "min": 2711356, "var": 6540597657600.0}, "spectral_strongpeak": {"dmean": 0.205206513405, "dmean2": 0.335613787174, "dvar": 0.118798136711, "dvar2": 0.30402469635, "max": 4.71319055557, "mean": 0.678069889545, "median": 0.582018971443, "min": 0, "var": 0.194465428591}, "zerocrossingrate": {"dmean": 0.0212486255914, "dmean2": 0.0259454529732, "dvar": 0.000621323531959, "dvar2": 0.000855761521962, "max": 0.50244140625, "mean": 0.0541996248066, "median": 0.0439453125, "min": 0.005859375, "var": 0.00145763671026}, "barkbands": {"dmean": [3.70835405192e-05, 0.00475801248103, 0.00520140631124, 0.00169939140324, 0.00445425277576, 0.000965766317677, 0.000560981745366, 0.000441288342699, 0.000732854998205, 0.00097805482801, 0.000262973539066, 0.000321706029354, 0.000225571959163, 0.000148315055412, 0.000268702686299, 0.000186904173461, 0.000178796268301, 0.000107879532152, 9.68313906924e-05, 0.000125967795611, 0.000160834722919, 0.000443522876594, 0.000728004262783, 0.000623787986115, 0.000615683442447, 0.000441284268163, 4.50836887467e-05], "dmean2": [6.3149840571e-05, 0.0073248683475, 0.00840556342155, 0.00303189014085, 0.00716966018081, 0.00159854162484, 0.000992481247522, 0.000784698757343, 0.00118615431711, 0.00175106432289, 0.000421481381636, 0.000527565658558, 0.000382403435651, 0.000233714657952, 0.000427299877629, 0.000318321428495, 0.000307058449835, 0.000174005501322, 0.000151811123942, 0.000203622475965, 0.000256893486949, 0.000737009453587, 0.00122962112073, 0.00104541366454, 0.00104500679299, 0.000741501688026, 7.78163230279e-05], "dvar": [1.38455762411e-08, 0.000103181329905, 0.000143099183333, 1.74982214958e-05, 6.72946480336e-05, 4.50728521173e-06, 3.81312588615e-06, 4.35753645434e-06, 3.69319809579e-06, 9.71312874753e-06, 2.95274020345e-07, 5.14785369887e-07, 2.64075566747e-07, 9.03360941606e-08, 3.1244519505e-07, 1.49420159801e-07, 2.1443892706e-07, 4.93607146268e-08, 3.49271012112e-08, 4.37998330938e-08, 8.04178270641e-08, 7.76251908974e-07, 2.58350178228e-06, 1.85191970559e-06, 1.65157337051e-06, 8.62065064666e-07, 1.50453782766e-08], "dvar2": [3.86247229756e-08, 0.000265670852968, 0.000374519237084, 4.80303096992e-05, 0.000176933084731, 1.1859825463e-05, 1.09751163109e-05, 1.19250280477e-05, 8.85701138031e-06, 2.70617892966e-05, 7.10362542122e-07, 1.33579339945e-06, 6.98764608842e-07, 1.65541763408e-07, 6.30143063063e-07, 3.913417288e-07, 5.68281222968e-07, 1.26551967128e-07, 8.03961910378e-08, 1.08042229385e-07, 2.00967889441e-07, 2.03743593374e-06, 6.89995613357e-06, 4.92544177177e-06, 4.25363532486e-06, 2.23985762204e-06, 4.15295673406e-08], "max": [0.00148164480925, 0.0960610210896, 0.112625852227, 0.0374449193478, 0.0774925425649, 0.0203645098954, 0.0236908532679, 0.0273387357593, 0.0289825536311, 0.027463901788, 0.00486034993082, 0.0057064644061, 0.00486372830346, 0.00264840060845, 0.00522165838629, 0.00319709908217, 0.00404973886907, 0.00218584481627, 0.00153934804257, 0.00168466905598, 0.00198451848701, 0.00577329844236, 0.00969630572945, 0.00880948174745, 0.00685456488281, 0.00583850964904, 0.0010457218159], "mean": [3.26969602611e-05, 0.0109092807397, 0.011880938895, 0.00209397450089, 0.00747500173748, 0.00111539999489, 0.000914713018574, 0.000334729556926, 0.00135600753129, 0.00084188679466, 0.000369685149053, 0.000401300319936, 0.000296106503811, 0.000175697758095, 0.00032679468859, 0.000215036270674, 0.000196783890715, 0.000175766122993, 0.000144627221744, 0.000178246555151, 0.00017518614186, 0.000384045037208, 0.000561866909266, 0.00049802637659, 0.000448240491096, 0.000323310727254, 3.30858820234e-05], "median": [2.00073282031e-06, 0.00502135977149, 0.00584290642291, 0.000412575085647, 0.00444793887436, 0.000333066564053, 0.000282526423689, 4.09315543948e-05, 0.000380621582735, 0.000257949985098, 0.000149280938786, 0.000132996021421, 9.8970507679e-05, 3.17799494951e-05, 9.43071645452e-05, 8.20015993668e-05, 5.77694227104e-05, 8.11146601336e-05, 5.78845829295e-05, 8.17993714008e-05, 4.70967133879e-05, 8.72169621289e-05, 9.4770846772e-05, 6.05983186688e-05, 4.22672528657e-05, 3.34723372362e-05, 3.75268177777e-06], "min": [1.77780316563e-24, 8.22746898721e-23, 7.22344074807e-24, 1.92135632607e-24, 3.55237255375e-23, 4.38459588076e-23, 6.19725593045e-23, 1.06854159952e-23, 2.0004250379e-23, 5.87346134547e-23, 5.31566852789e-23, 1.21921393775e-22, 7.9933375949e-23, 1.35230512232e-22, 2.14417922376e-22, 1.84217550134e-22, 2.2506827666e-22, 3.06766195614e-22, 2.00270768581e-22, 2.94951558365e-22, 3.15174796532e-22, 5.19196390458e-22, 6.81631256944e-22, 8.69094193464e-22, 1.09602875094e-21, 1.90026731938e-21, 2.48908481204e-21], "var": [1.01079642434e-08, 0.000207040880923, 0.000246664654696, 1.96844794118e-05, 8.52425146149e-05, 4.31137914347e-06, 3.54041230821e-06, 2.85337182504e-06, 8.74409852258e-06, 6.0848224166e-06, 3.78548406843e-07, 5.01375325257e-07, 2.71909186722e-07, 1.28574384917e-07, 4.0283191538e-07, 1.37203755912e-07, 1.85308238088e-07, 6.21433002834e-08, 4.87259192994e-08, 5.6049419328e-08, 9.09075907884e-08, 6.06580954354e-07, 1.84820055438e-06, 1.37915299092e-06, 1.24736573071e-06, 6.51678647046e-07, 1.01348778259e-08]}, "erbbands": {"dmean": [0.0582928061485, 1.34738790989, 5.5710067749, 5.81723403931, 10.4171609879, 17.4419841766, 10.4179983139, 6.63115358353, 6.50715398788, 8.67262268066, 11.1465291977, 19.0875339508, 24.5429229736, 24.1660041809, 12.2393102646, 12.5930204391, 10.3822431564, 7.060546875, 14.1479730606, 9.92617893219, 10.3046188354, 9.43162918091, 6.83599662781, 3.93157553673, 6.9991402626, 5.27328443527, 6.84804916382, 7.5060172081, 13.2188234329, 17.2596035004, 24.3899497986, 15.0975961685, 8.45983219147, 5.88460159302, 4.81321716309, 2.91649913788, 0.60558450222, 0.0771863386035, 0.00671884045005, 0.000280237494735], "dmean2": [0.0918711870909, 2.08687734604, 8.87737941742, 9.5814743042, 16.9365348816, 28.3412361145, 17.5950889587, 10.8376321793, 11.0963382721, 15.9336662292, 19.8175010681, 30.3876247406, 42.8778915405, 42.9472541809, 19.7799472809, 20.4875259399, 17.4281005859, 11.3346223831, 22.4289855957, 16.0445690155, 17.9752655029, 16.1486606598, 11.0119228363, 5.89157867432, 11.126294136, 8.4640417099, 11.5066242218, 11.3790311813, 21.7129020691, 29.4869117737, 41.1703987122, 25.3559474945, 14.1357297897, 9.8550825119, 8.22910499573, 4.96849775314, 1.00280547142, 0.130820631981, 0.0113320909441, 0.000457296846434], "dvar": [0.0154849709943, 8.05805683136, 145.917526245, 187.468566895, 499.885467529, 1054.42272949, 470.321746826, 230.277664185, 310.635864258, 1303.20532227, 2979.27416992, 2558.87475586, 6530.25976562, 8673.77734375, 612.787658691, 810.488525391, 534.820861816, 202.616256714, 931.442932129, 418.132629395, 513.348937988, 600.49609375, 202.772476196, 62.4837722778, 178.886566162, 80.0884552002, 177.324295044, 141.102325439, 629.802124023, 1344.52478027, 2987.67919922, 1091.57800293, 316.341552734, 148.23109436, 105.01109314, 42.129360199, 1.4539951086, 0.0400383248925, 0.000287137605483, 2.50619564213e-07], "dvar2": [0.0439269281924, 20.4888305664, 385.527069092, 464.628936768, 1289.91455078, 2818.14770508, 1263.86486816, 594.527954102, 877.649353027, 3765.29174805, 8219.51367188, 5997.18701172, 18172.1445312, 24326.3789062, 1466.25305176, 2114.76708984, 1376.6875, 411.084869385, 1881.27880859, 1004.59008789, 1384.09863281, 1552.64306641, 525.473815918, 146.882492065, 426.859527588, 201.772689819, 475.853057861, 328.355712891, 1621.20007324, 3585.10107422, 7982.53857422, 2912.23706055, 829.183166504, 376.452911377, 273.729034424, 110.461669922, 3.71335506439, 0.109677612782, 0.000776771688834, 6.41968483706e-07], "max": [1.19461250305, 26.8637008667, 104.601211548, 112.797241211, 254.103500366, 312.88973999, 184.592529297, 194.720291138, 253.118621826, 435.867889404, 717.852172852, 787.739074707, 886.102783203, 1013.92248535, 222.868438721, 244.842010498, 205.711074829, 136.024169922, 347.678527832, 169.984283447, 175.33454895, 222.671524048, 129.397277832, 72.681350708, 129.181396484, 76.6248321533, 87.8121490479, 89.148147583, 175.886032104, 214.403030396, 324.663757324, 217.423858643, 106.547355652, 65.1760025024, 57.8143539429, 39.7476615906, 7.41875648499, 1.81063461304, 0.153138011694, 0.00374531140551], "mean": [0.107407867908, 3.20113301277, 13.2865753174, 10.991394043, 14.6497135162, 31.8303661346, 11.5543613434, 9.11595821381, 13.4603767395, 8.88372516632, 9.09198474884, 37.3945999146, 28.7280864716, 20.2639427185, 16.5394859314, 17.4665317535, 13.8070993423, 9.64346599579, 16.9134960175, 12.1261825562, 11.7048377991, 10.6411399841, 11.1947317123, 6.29556560516, 10.0332374573, 7.50814056396, 7.1843585968, 7.90826034546, 12.4262037277, 13.4861288071, 18.3912811279, 12.2227916718, 6.62663888931, 4.40727901459, 3.44343709946, 2.07755303383, 0.458874225616, 0.0578233636916, 0.00520083494484, 0.000261434790445], "median": [0.0427889674902, 1.55549371243, 8.46571445465, 2.67472743988, 7.17925214767, 17.6227436066, 4.61115932465, 3.83140087128, 5.19693660736, 2.94856500626, 1.73754286766, 10.8242254257, 12.3811073303, 3.28413724899, 7.70634460449, 6.17419910431, 5.10772609711, 2.61453390121, 5.71120214462, 3.61022186279, 4.33640575409, 3.11679553986, 5.27495574951, 2.41272211075, 4.38390159607, 3.38245391846, 2.17109179497, 1.82952976227, 3.28718280792, 2.55525445938, 2.75048089027, 1.69963860512, 0.797294259071, 0.464222967625, 0.310859590769, 0.175755903125, 0.0518059507012, 0.00708884373307, 0.000644900137559, 7.62675044825e-05], "min": [3.15754933676e-21, 1.49356151455e-20, 8.61120220827e-21, 1.31516240556e-20, 2.45911167213e-20, 1.68236878517e-19, 2.38163496327e-19, 4.75529280352e-19, 9.56005100767e-19, 4.19712373388e-19, 3.06478688757e-19, 5.39768436915e-19, 9.84697928265e-19, 1.88656550551e-18, 3.21980094795e-18, 5.51613663287e-18, 2.92401915208e-18, 4.6956082068e-18, 1.08536609833e-17, 1.12678361062e-17, 1.08288902326e-17, 1.34229658567e-17, 1.70473867508e-17, 1.30908032099e-17, 8.66513960579e-18, 1.46630551787e-17, 1.38699833587e-17, 1.26235297091e-17, 1.74645885276e-17, 2.50832313348e-17, 1.4134746502e-17, 1.65457745012e-17, 1.47782781293e-17, 1.21685944343e-17, 8.56708396161e-18, 5.68639190963e-18, 3.62152907066e-18, 1.41461450509e-18, 3.21064959034e-19, 3.97624912661e-20], "var": [0.0223552752286, 16.0075054169, 222.908493042, 389.633392334, 510.823577881, 1632.87487793, 405.587188721, 251.018493652, 520.028686523, 772.67956543, 1921.21838379, 6653.94238281, 4316.51367188, 5413.32714844, 684.317077637, 866.34161377, 548.056884766, 284.819580078, 1138.14685059, 472.339752197, 422.250915527, 544.524597168, 241.322357178, 95.9924240112, 210.177490234, 102.116149902, 163.801757812, 176.360153198, 534.01550293, 961.175476074, 2128.19750977, 813.074829102, 238.927566528, 115.197029114, 77.4989700317, 30.7821750641, 1.1581864357, 0.0276523772627, 0.000208517973078, 2.0914640686e-07]}, "gfcc": {"mean": [20.6785545349, 69.3647155762, -74.8330078125, 36.396648407, -51.089641571, 21.9582462311, -32.433757782, 6.89007425308, -27.4247531891, -3.22103190422, -22.5629615784, 1.96298706532, -13.9779806137], "cov": [[4483.52246094, -1160.6192627, 129.21307373, -11.129942894, -404.231140137, 264.934387207, -296.376922607, 38.0116119385, -140.218963623, -54.5195007324, -201.182662964, 47.0246658325, -45.3653869629], [-1160.6192627, 988.240600586, -296.077148438, -20.8744983673, 261.228302002, -234.243118286, 149.378509521, -82.1405639648, 49.481880188, -45.870475769, 36.3147621155, -68.7653884888, 37.0526351929], [129.21307373, -296.077148438, 701.755554199, 141.676223755, -162.908798218, 69.7592163086, -13.1238899231, 100.135818481, -1.57253336906, -3.2259414196, -54.9079704285, 12.9250602722, -58.1225395203], [-11.129942894, -20.8744983673, 141.676223755, 232.764175415, -8.51373386383, 31.8121433258, 30.0458850861, 49.9568748474, 20.2437362671, -21.9573135376, 9.78788948059, -11.8565034866, -23.4607162476], [-404.231140137, 261.228302002, -162.908798218, -8.51373386383, 252.647186279, -20.4767475128, 66.1172180176, -27.7537078857, 36.5222053528, 15.9638977051, 36.3303108215, 15.8053283691, 39.2661437988], [264.934387207, -234.243118286, 69.7592163086, 31.8121433258, -20.4767475128, 206.059753418, 19.8392524719, 28.7577228546, -29.3486614227, -3.31177568436, 2.63159418106, 43.8965110779, -7.48821401596], [-296.376922607, 149.378509521, -13.1238899231, 30.0458850861, 66.1172180176, 19.8392524719, 163.040863037, 36.4495773315, -1.49613666534, -22.372341156, 26.9887218475, 3.1357216835, 3.84202575684], [38.0116119385, -82.1405639648, 100.135818481, 49.9568748474, -27.7537078857, 28.7577228546, 36.4495773315, 132.836471558, 49.7602462769, -4.4955124855, -6.77834272385, -2.04198455811, -7.97436904907], [-140.218963623, 49.481880188, -1.57253336906, 20.2437362671, 36.5222053528, -29.3486614227, -1.49613666534, 49.7602462769, 96.9370193481, 37.9200134277, 4.61140918732, -3.54536676407, 9.62262630463], [-54.5195007324, -45.870475769, -3.2259414196, -21.9573135376, 15.9638977051, -3.31177568436, -22.372341156, -4.4955124855, 37.9200134277, 115.666305542, 53.482635498, 21.972694397, 13.3017482758], [-201.182662964, 36.3147621155, -54.9079704285, 9.78788948059, 36.3303108215, 2.63159418106, 26.9887218475, -6.77834272385, 4.61140918732, 53.482635498, 101.279960632, 51.2824478149, 9.71894550323], [47.0246658325, -68.7653884888, 12.9250602722, -11.8565034866, 15.8053283691, 43.8965110779, 3.1357216835, -2.04198455811, -3.54536676407, 21.972694397, 51.2824478149, 97.8508071899, 32.4312324524], [-45.3653869629, 37.0526351929, -58.1225395203, -23.4607162476, 39.2661437988, -7.48821401596, 3.84202575684, -7.97436904907, 9.62262630463, 13.3017482758, 9.71894550323, 32.4312324524, 62.5913314819]], "icov": [[0.000416979804868, 0.000293852266623, 0.000363082130207, -0.000304024550132, 0.000206381970202, 3.31842566084e-05, 0.00027432263596, -0.000319593993481, 0.000667052809149, -0.000468694284791, 0.00140556052793, -0.000883881759364, 0.000405194849009], [0.000293852266623, 0.00331430207007, 0.000176640605787, 6.50703295832e-05, -0.00148621795233, 0.00243099359795, -0.00218321522698, 0.00227455352433, -0.0019088924164, 0.00240707723424, -0.00133085425477, 0.00181386561599, -0.000864859961439], [0.000363082130207, 0.000176640605787, 0.00305716274306, -0.00204990897328, 0.0011175009422, 0.000626129331067, -0.000296729325783, -0.00184072030243, 0.00210104114376, -0.00308543327264, 0.00547747127712, -0.00432532187551, 0.0031099927146], [-0.000304024550132, 6.50703295832e-05, -0.00204990897328, 0.0067593017593, -0.00062515825266, -0.00140900758561, -5.86775095144e-05, 0.000472180341603, -0.00355940079316, 0.00464604934677, -0.00666218344122, 0.00474546151236, -0.00120600161608], [0.000206381970202, -0.00148621795233, 0.0011175009422, -0.00062515825266, 0.00760958530009, -0.00163213000633, -0.00163874786813, 0.00168071885128, -0.00257246452384, -0.00115154474042, 0.00123545830138, -0.00177708675619, -0.00145241536666], [3.31842566084e-05, 0.00243099359795, 0.000626129331067, -0.00140900758561, -0.00163213000633, 0.00919485278428, -0.00276641338132, -0.000875353696756, 0.00282501266338, -0.00120646110736, 0.00324345682748, -0.00449669454247, 0.0024688669946], [0.00027432263596, -0.00218321522698, -0.000296729325783, -5.86775095144e-05, -0.00163874786813, -0.00276641338132, 0.0116164861247, -0.00580374384299, 0.00418115966022, 0.0012866264442, -0.00295976665802, 0.0009636550094, -0.000517638691235], [-0.000319593993481, 0.00227455352433, -0.00184072030243, 0.000472180341603, 0.00168071885128, -0.000875353696756, -0.00580374384299, 0.0172776933759, -0.0134265655652, 0.00625605229288, -0.00497588748112, 0.00423115771264, -0.00239711464383], [0.000667052809149, -0.0019088924164, 0.00210104114376, -0.00355940079316, -0.00257246452384, 0.00282501266338, 0.00418115966022, -0.0134265655652, 0.0258788391948, -0.0129939513281, 0.0110118249431, -0.00641885306686, 0.00261382479221], [-0.000468694284791, 0.00240707723424, -0.00308543327264, 0.00464604934677, -0.00115154474042, -0.00120646110736, 0.0012866264442, 0.00625605229288, -0.0129939513281, 0.022903168574, -0.0196434669197, 0.0106884501874, -0.00694983452559], [0.00140556052793, -0.00133085425477, 0.00547747127712, -0.00666218344122, 0.00123545830138, 0.00324345682748, -0.00295976665802, -0.00497588748112, 0.0110118249431, -0.0196434669197, 0.0373715572059, -0.0237351320684, 0.0125334551558], [-0.000883881759364, 0.00181386561599, -0.00432532187551, 0.00474546151236, -0.00177708675619, -0.00449669454247, 0.0009636550094, 0.00423115771264, -0.00641885306686, 0.0106884501874, -0.0237351320684, 0.0306635629386, -0.0163826663047], [0.000405194849009, -0.000864859961439, 0.0031099927146, -0.00120600161608, -0.00145241536666, 0.0024688669946, -0.000517638691235, -0.00239711464383, 0.00261382479221, -0.00694983452559, 0.0125334551558, -0.0163826663047, 0.0277686510235]]}, "melbands": {"dmean": [0.000915127398912, 0.00249139708467, 0.00103084754664, 0.00110301980749, 0.000422078126576, 0.000153106549988, 0.000105523780803, 9.05831475393e-05, 9.38396842685e-05, 0.000122253448353, 0.000122787838336, 0.000102571953903, 3.83982696803e-05, 3.81433274015e-05, 2.86981430691e-05, 1.98965753953e-05, 1.2763014638e-05, 2.19936628127e-05, 1.87980203918e-05, 1.18704883789e-05, 1.23947820612e-05, 1.05791168608e-05, 7.46349951442e-06, 5.41412191524e-06, 2.90110051537e-06, 4.25160351369e-06, 5.94510538576e-06, 2.98260238196e-06, 4.12060217059e-06, 4.05661148761e-06, 4.76903278468e-06, 7.38077642382e-06, 9.23313291423e-06, 9.40184963838e-06, 1.86250053957e-05, 8.07634478406e-06, 9.22635535971e-06, 5.72516046304e-06, 5.62614013688e-06, 4.57064425063e-06], "dmean2": [0.00143188820221, 0.00388791318983, 0.00170298700687, 0.0017660416197, 0.000715687638149, 0.000251378689427, 0.000182058865903, 0.000165192032, 0.000167456935742, 0.000193270258023, 0.000216026732232, 0.000183376119821, 6.20698847342e-05, 6.24870081083e-05, 4.702390288e-05, 3.41262748407e-05, 2.03929939744e-05, 3.47629866155e-05, 2.98442300846e-05, 2.01927960006e-05, 2.19430330617e-05, 1.83231513802e-05, 1.23576892292e-05, 8.49216303322e-06, 4.43993258159e-06, 6.78968581269e-06, 9.73044006969e-06, 4.78396350445e-06, 7.03402020008e-06, 6.59311945128e-06, 7.17655029803e-06, 1.20597542264e-05, 1.55997313414e-05, 1.61788484547e-05, 3.17729100061e-05, 1.34566744237e-05, 1.5531135432e-05, 9.39147957979e-06, 9.68095173448e-06, 7.590342193e-06], "dvar": [3.82314874514e-06, 2.57691444858e-05, 5.20818184668e-06, 4.66362280349e-06, 5.52022697775e-07, 1.16242105719e-07, 9.80726468924e-08, 1.34963627829e-07, 1.97931072421e-07, 1.01818649512e-07, 1.65423827525e-07, 1.67238653148e-07, 6.58478294113e-09, 6.53029852415e-09, 5.7318363389e-09, 1.47667489347e-09, 6.68223698597e-10, 2.28283081327e-09, 1.52619428206e-09, 5.42839106998e-10, 8.23912105208e-10, 7.1704170379e-10, 3.86991161339e-10, 1.07392650328e-10, 3.31126653874e-11, 7.56141399494e-11, 1.22395454882e-10, 2.81942802438e-11, 6.53166201681e-11, 5.1556640901e-11, 5.57584568794e-11, 1.83727963399e-10, 3.89049070737e-10, 4.03205829835e-10, 1.86694903981e-09, 2.88120416414e-10, 4.06182920631e-10, 1.40340877808e-10, 1.39473571581e-10, 8.94661220108e-11], "dvar2": [1.03445227069e-05, 6.56134725432e-05, 1.26780732899e-05, 1.20903287097e-05, 1.55326756612e-06, 3.0236392945e-07, 2.80051182244e-07, 3.84728537028e-07, 5.49490152935e-07, 2.2939289579e-07, 4.60706388594e-07, 4.70297976563e-07, 1.57245292343e-08, 1.6869877939e-08, 1.4720140662e-08, 3.91391541399e-09, 1.30653599051e-09, 4.73553152247e-09, 3.35980598898e-09, 1.40345401967e-09, 2.26204210918e-09, 1.89556903507e-09, 1.01095687377e-09, 2.61116211986e-10, 7.5986300585e-11, 1.82050194364e-10, 2.93140595131e-10, 7.32206378862e-11, 1.77044726102e-10, 1.31139737958e-10, 1.29041763386e-10, 4.67995531217e-10, 1.04579001015e-09, 1.07795505855e-09, 5.00685093385e-09, 7.68994923295e-10, 1.07274999994e-09, 3.62205737625e-10, 3.66642549654e-10, 2.24518154068e-10], "max": [0.0191764440387, 0.0395961403847, 0.0190394558012, 0.0204947646707, 0.00638977158815, 0.00410435115919, 0.0042842165567, 0.00444911653176, 0.00579173769802, 0.0054906043224, 0.00441071065143, 0.00446989992633, 0.000732038286515, 0.000637612014543, 0.000681619858369, 0.000489724916406, 0.000257175561273, 0.00056537281489, 0.000353224488208, 0.00020945641154, 0.000226960066357, 0.000249216449447, 0.000185708631761, 0.000107653366285, 5.58126375836e-05, 7.49931787141e-05, 0.000122788347653, 4.83643016196e-05, 5.94130360696e-05, 5.33765596629e-05, 5.15166138939e-05, 9.38245066209e-05, 0.000133339271997, 0.000121727971418, 0.000254192651482, 0.000122715951875, 0.000128129104269, 7.46743171476e-05, 6.43991224933e-05, 5.44024296687e-05], "mean": [0.00199416023679, 0.00633088080212, 0.00191366893705, 0.00190336245578, 0.000558315019589, 0.000199218164198, 0.000205835240195, 8.65112888278e-05, 7.20261014067e-05, 0.000248148455285, 0.000136926551932, 8.13054939499e-05, 5.05413772771e-05, 5.20886169397e-05, 3.33650350512e-05, 2.91775650112e-05, 1.5721501768e-05, 2.51681540249e-05, 2.27338514378e-05, 1.47754572026e-05, 1.30803173306e-05, 1.13811283882e-05, 9.0788844318e-06, 1.00449442471e-05, 4.20745482188e-06, 6.02038926445e-06, 8.63446894073e-06, 3.94104608858e-06, 4.23746314482e-06, 4.28955308962e-06, 4.83670510221e-06, 7.08430707164e-06, 7.48360253056e-06, 7.2272541729e-06, 1.35046120704e-05, 6.71938278174e-06, 7.58464693718e-06, 4.73039517601e-06, 4.03950116379e-06, 3.4660727124e-06], "median": [0.000896491459571, 0.00412104604766, 0.000640184036456, 0.00103286327794, 0.000304825371131, 7.58148016757e-05, 7.57284506108e-05, 2.66557617579e-05, 1.22672936413e-05, 6.99719821569e-05, 5.71802811464e-05, 9.32837701839e-06, 1.99603782676e-05, 2.26652737183e-05, 1.08129725049e-05, 1.07065116026e-05, 3.44537033925e-06, 7.88949910202e-06, 5.79974675929e-06, 6.09791550232e-06, 4.45594514531e-06, 3.29149224854e-06, 3.00226633954e-06, 4.93643392474e-06, 1.02191461337e-06, 2.65568087343e-06, 3.80449500881e-06, 1.72237946572e-06, 1.26614997953e-06, 1.15203795303e-06, 1.02598937701e-06, 1.90562695934e-06, 1.49729339682e-06, 1.40897213896e-06, 1.75236596078e-06, 1.13485111797e-06, 9.1954166237e-07, 5.94810785515e-07, 4.02746337613e-07, 3.64914171769e-07], "min": [2.50579173743e-23, 1.01673363289e-23, 2.04337279494e-24, 6.52267706773e-24, 8.1733736395e-24, 9.29681017615e-24, 1.45995749907e-23, 3.6496701056e-24, 2.76448277575e-24, 3.14538722206e-24, 5.3614020289e-24, 7.96347747414e-24, 8.54877203391e-24, 1.67621582762e-23, 8.65343257679e-24, 6.68868692877e-24, 8.6429841141e-24, 1.7429256923e-23, 1.71964956243e-23, 1.15146728897e-23, 1.42151299394e-23, 1.46378820762e-23, 1.25371407525e-23, 1.6297060086e-23, 1.0157711437e-23, 6.34717326569e-24, 6.91108101745e-24, 1.02773879472e-23, 9.54022267478e-24, 5.55821651387e-24, 8.07648022109e-24, 9.52918177755e-24, 1.21710114737e-23, 1.50355831462e-23, 7.28233315895e-24, 9.17473710651e-24, 1.12549846128e-23, 1.02923447499e-23, 1.15757149465e-23, 8.95371248036e-24], "var": [7.02128272678e-06, 4.26928818342e-05, 9.82458004728e-06, 6.11663290329e-06, 5.22755613019e-07, 1.21196734426e-07, 1.33547757741e-07, 8.19965748633e-08, 1.26493020502e-07, 3.00609201531e-07, 1.07000268201e-07, 1.02912757427e-07, 7.51711226599e-09, 6.47026343614e-09, 5.0487960479e-09, 2.3071287103e-09, 9.36496102888e-10, 2.69289235355e-09, 1.99529415212e-09, 5.52950185639e-10, 6.2061777939e-10, 6.24440055219e-10, 3.52955858984e-10, 1.71177891306e-10, 5.39689785917e-11, 8.8176445312e-11, 1.48790230137e-10, 3.21270926529e-11, 5.90788043486e-11, 5.63139188059e-11, 6.70938721248e-11, 1.63139141085e-10, 2.8002836161e-10, 2.84981510612e-10, 1.30205379811e-09, 2.18046608547e-10, 3.13124526308e-10, 1.12348276515e-10, 1.00646081747e-10, 7.11174938384e-11]}, "mfcc": {"mean": [-638.660339355, 107.12461853, 31.8012733459, 25.9730606079, 11.0435838699, 16.3376197815, 4.39915895462, 11.5647277832, 0.405194759369, 2.23700141907, -6.6022400856, -4.82369995117, -2.55287718773], "cov": [[3654.19091797, -1048.34020996, 158.789215088, -385.343322754, -44.5120162964, -33.0047187805, -113.123291016, 8.13055324554, -2.14001774788, -101.739112854, -65.0637359619, -77.4516067505, -109.060714722], [-1048.34020996, 907.108276367, -405.200195312, 170.157516479, 8.34850883484, -7.50442695618, 28.4872188568, -61.8593215942, 19.82670784, -12.7451000214, -17.9975032806, 8.26330184937, -7.4968419075], [158.789215088, -405.200195312, 813.387268066, 58.6812820435, -7.51361942291, -27.1441802979, -24.1876773834, 87.5047531128, 29.211774826, 19.2955608368, 40.3750152588, 28.1285266876, -3.8296649456], [-385.343322754, 170.157516479, 58.6812820435, 238.351455688, 26.7899398804, -23.1117191315, 10.9448184967, 19.8001270294, 30.1489200592, 29.2000293732, 8.41822147369, 34.5377082825, 10.3708953857], [-44.5120162964, 8.34850883484, -7.51361942291, 26.7899398804, 121.572998047, 28.4531936646, -15.4933986664, 13.5382165909, 26.3514499664, 9.8214673996, 8.08627223969, 10.183429718, 15.0086927414], [-33.0047187805, -7.50442695618, -27.1441802979, -23.1117191315, 28.4531936646, 127.258811951, 65.6535873413, 11.5022239685, -17.4962310791, -30.6428833008, 12.4388847351, -1.46982872486, 10.1075515747], [-113.123291016, 28.4872188568, -24.1876773834, 10.9448184967, -15.4933986664, 65.6535873413, 141.466522217, 58.9210586548, -7.36082410812, -5.97940158844, 1.73456823826, 6.38423252106, 12.2132930756], [8.13055324554, -61.8593215942, 87.5047531128, 19.8001270294, 13.5382165909, 11.5022239685, 58.9210586548, 157.522872925, 41.0468292236, 6.34642839432, 2.43200182915, 0.193927437067, -13.5298252106], [-2.14001774788, 19.82670784, 29.211774826, 30.1489200592, 26.3514499664, -17.4962310791, -7.36082410812, 41.0468292236, 100.420639038, 39.227355957, 8.05547618866, 2.22801613808, -13.4243307114], [-101.739112854, -12.7451000214, 19.2955608368, 29.2000293732, 9.8214673996, -30.6428833008, -5.97940158844, 6.34642839432, 39.227355957, 106.466117859, 17.1245632172, -4.29840135574, 12.3561983109], [-65.0637359619, -17.9975032806, 40.3750152588, 8.41822147369, 8.08627223969, 12.4388847351, 1.73456823826, 2.43200182915, 8.05547618866, 17.1245632172, 67.4518814087, 32.6757240295, 6.38130331039], [-77.4516067505, 8.26330184937, 28.1285266876, 34.5377082825, 10.183429718, -1.46982872486, 6.38423252106, 0.193927437067, 2.22801613808, -4.29840135574, 32.6757240295, 77.3601074219, 41.0343017578], [-109.060714722, -7.4968419075, -3.8296649456, 10.3708953857, 15.0086927414, 10.1075515747, 12.2132930756, -13.5298252106, -13.4243307114, 12.3561983109, 6.38130331039, 41.0343017578, 96.3084945679]], "icov": [[0.000537520041689, 0.00070310960291, 0.000202743540285, 0.000292828917736, 2.36687355937e-05, 0.000188320394955, 8.66207774379e-05, 0.000198877663934, -0.000506146636326, 0.000570288335439, 0.000452094391221, -0.00017721200129, 0.000535286846571], [0.00070310960291, 0.00291351112537, 0.0013037029421, -0.00136541936081, 0.000177710302523, 0.000580100575462, -0.000484902848257, 0.00107248360291, -0.0014921737602, 0.00161552894861, 0.000337913865224, 7.97563188826e-05, 0.000873827491887], [0.000202743540285, 0.0013037029421, 0.00206069950946, -0.00112583953887, 0.0005722422502, 0.00011043210543, 0.000622505322099, -0.000663415994495, -0.000482461851789, 0.000608292932156, -0.000719279050827, -5.3212777857e-05, 0.000186378019862], [0.000292828917736, -0.00136541936081, -0.00112583953887, 0.00683987233788, -0.00152887112927, 0.001087437151, -0.000816223560832, -0.000265793991275, -8.08684126241e-05, -0.00163622049149, 0.00167408050038, -0.00331216212362, 0.00113324972335], [2.36687355937e-05, 0.000177710302523, 0.0005722422502, -0.00152887112927, 0.0116090457886, -0.0055686654523, 0.00488117570058, -0.00194418942556, -0.00252069765702, -0.000915443757549, 0.000602668034844, -0.000824801565614, -0.00181124068331], [0.000188320394955, 0.000580100575462, 0.00011043210543, 0.001087437151, -0.0055686654523, 0.015786729753, -0.00868567544967, 0.00228176591918, 9.98802279355e-05, 0.00562197621912, -0.00562720000744, 0.00490403547883, -0.00164525397122], [8.66207774379e-05, -0.000484902848257, 0.000622505322099, -0.000816223560832, 0.00488117570058, -0.00868567544967, 0.0146873211488, -0.00617801304907, 0.00172467227094, -0.00259460671805, 0.00222383229993, -0.00233867391944, -0.000984228448942], [0.000198877663934, 0.00107248360291, -0.000663415994495, -0.000265793991275, -0.00194418942556, 0.00228176591918, -0.00617801304907, 0.0106664830819, -0.00434996234253, 0.00178413512185, 0.000143437442603, 0.000555176695343, 0.00157509441487], [-0.000506146636326, -0.0014921737602, -0.000482461851789, -8.08684126241e-05, -0.00252069765702, 9.98802279355e-05, 0.00172467227094, -0.00434996234253, 0.0158462952822, -0.00627434812486, 0.000420635944465, -0.00244379742071, 0.00287987780757], [0.000570288335439, 0.00161552894861, 0.000608292932156, -0.00163622049149, -0.000915443757549, 0.00562197621912, -0.00259460671805, 0.00178413512185, -0.00627434812486, 0.0161872990429, -0.00679486757144, 0.00779824703932, -0.00471951067448], [0.000452094391221, 0.000337913865224, -0.000719279050827, 0.00167408050038, 0.000602668034844, -0.00562720000744, 0.00222383229993, 0.000143437442603, 0.000420635944465, -0.00679486757144, 0.0245490986854, -0.0143776359037, 0.00599387986585], [-0.00017721200129, 7.97563188826e-05, -5.3212777857e-05, -0.00331216212362, -0.000824801565614, 0.00490403547883, -0.00233867391944, 0.000555176695343, -0.00244379742071, 0.00779824703932, -0.0143776359037, 0.0275658629835, -0.0119850048795], [0.000535286846571, 0.000873827491887, 0.000186378019862, 0.00113324972335, -0.00181124068331, -0.00164525397122, -0.000984228448942, 0.00157509441487, 0.00287987780757, -0.00471951067448, 0.00599387986585, -0.0119850048795, 0.0174601320177]]}, "spectral_contrast_coeffs": {"dmean": [0.0456728003919, 0.0530998893082, 0.0499255806208, 0.0407724864781, 0.035648163408, 0.0295280385762], "dmean2": [0.0746744722128, 0.083764128387, 0.0819341391325, 0.0650628432631, 0.0536623559892, 0.0482991077006], "dvar": [0.00184768775944, 0.00227990723215, 0.00194603367709, 0.00141888519283, 0.000966658408288, 0.000621326791588], "dvar2": [0.00405147857964, 0.00565900094807, 0.00517375627533, 0.00328534422442, 0.00235241302289, 0.00148921075743], "max": [-0.331755399704, -0.469214320183, -0.448099404573, -0.550052702427, -0.58356744051, -0.636068463326], "mean": [-0.56270056963, -0.714813292027, -0.724222004414, -0.766513943672, -0.764455020428, -0.782891631126], "median": [-0.568442106247, -0.714818954468, -0.727296233177, -0.780320286751, -0.777705609798, -0.788557052612], "min": [-0.970231115818, -0.977805137634, -0.966076850891, -0.948591351509, -0.958587527275, -0.961020052433], "var": [0.00809650309384, 0.0059830523096, 0.00697002653033, 0.00453328434378, 0.00316996360198, 0.0012178956531]}, "spectral_contrast_valleys": {"dmean": [0.46794000268, 0.623099863529, 0.605200171471, 0.675171077251, 0.692494153976, 0.948403537273], "dmean2": [0.738638997078, 0.927276551723, 0.91218996048, 0.984738469124, 0.911275207996, 1.23187148571], "dvar": [0.370304554701, 0.613332211971, 0.59015840292, 0.644503951073, 0.583196699619, 0.844605624676], "dvar2": [0.512966036797, 1.09233319759, 1.05656719208, 1.12556266785, 1.07879364491, 1.71918082237], "max": [-5.34646081924, -4.32675409317, -4.92962026596, -5.58035707474, -5.6976890564, -7.1486325264], "mean": [-7.19783163071, -7.39474201202, -7.62704181671, -8.24908638, -8.