{"lowlevel": {"average_loudness": 0.941186845303, "barkbands_crest": {"dmean": 2.6587805748, "dmean2": 3.97243213654, "dvar": 7.84226131439, "dvar2": 15.9666624069, "max": 25.3168563843, "mean": 10.7620668411, "median": 9.20623874664, "min": 2.0886952877, "var": 35.705039978}, "barkbands_flatness_db": {"dmean": 0.0232381988317, "dmean2": 0.0331870503724, "dvar": 0.000719101401046, "dvar2": 0.00142308184877, "max": 0.367553144693, "mean": 0.0985534489155, "median": 0.0791050493717, "min": 0.0102886874229, "var": 0.00378236966208}, "barkbands_kurtosis": {"dmean": 3.66848683357, "dmean2": 5.46569871902, "dvar": 132.121963501, "dvar2": 259.807800293, "max": 427.430328369, "mean": 4.21489524841, "median": -0.181555390358, "min": -1.88662052155, "var": 282.428131104}, "barkbands_skewness": {"dmean": 0.657435536385, "dmean2": 0.949740111828, "dvar": 0.656692802906, "dvar2": 1.28977262974, "max": 16.5749588013, "mean": 1.37445747852, "median": 0.901176929474, "min": -2.05184268951, "var": 2.95268583298}, "barkbands_spread": {"dmean": 10.0753574371, "dmean2": 15.0601930618, "dvar": 138.519104004, "dvar2": 290.053283691, "max": 116.585578918, "mean": 40.8662643433, "median": 39.48021698, "min": 0.565828382969, "var": 487.890045166}, "dissonance": {"dmean": 0.00764583982527, "dmean2": 0.0130913890898, "dvar": 9.4779083156e-05, "dvar2": 0.000245776580414, "max": 0.500000119209, "mean": 0.487969756126, "median": 0.491205275059, "min": 0.236304149032, "var": 0.000141180760693}, "dynamic_complexity": 2.93393921852, "erbbands_crest": {"dmean": 1.72784650326, "dmean2": 2.85347008705, "dvar": 3.05260920525, "dvar2": 7.72145414352, "max": 23.7830295563, "mean": 6.59019994736, "median": 5.80325555801, "min": 2.5663561821, "var": 8.50593948364}, "erbbands_flatness_db": {"dmean": 0.0126285720617, "dmean2": 0.019020119682, "dvar": 0.000175007357029, "dvar2": 0.000307640613755, "max": 0.300863474607, "mean": 0.113120444119, "median": 0.100624978542, "min": 0.0455735214055, "var": 0.00200851564296}, "erbbands_kurtosis": {"dmean": 0.712549209595, "dmean2": 1.10303533077, "dvar": 0.617343723774, "dvar2": 1.36300480366, "max": 10.8501558304, "mean": 0.531261384487, "median": 0.313617348671, "min": -1.77405536175, "var": 1.90016806126}, "erbbands_skewness": {"dmean": 0.280957937241, "dmean2": 0.428664475679, "dvar": 0.0653618276119, "dvar2": 0.14929227531, "max": 2.75367689133, "mean": -0.416256576777, "median": -0.393190741539, "min": -3.30561828613, "var": 0.339566379786}, "erbbands_spread": {"dmean": 10.1942415237, "dmean2": 15.478304863, "dvar": 169.612335205, "dvar2": 356.791564941, "max": 163.985794067, "mean": 42.8109664917, "median": 37.2004432678, "min": 9.578956604, "var": 466.45501709}, "hfc": {"dmean": 21.5412254333, "dmean2": 33.975479126, "dvar": 1832.02026367, "dvar2": 4685.05908203, "max": 516.165588379, "mean": 38.4016304016, "median": 23.4464035034, "min": 1.09608114783e-16, "var": 2225.9621582}, "melbands_crest": {"dmean": 3.34358406067, "dmean2": 5.07206916809, "dvar": 13.4437398911, "dvar2": 29.6265125275, "max": 35.1532173157, "mean": 17.3012294769, "median": 16.4741706848, "min": 1.57555413246, "var": 61.346206665}, "melbands_flatness_db": {"dmean": 0.0335391126573, "dmean2": 0.0481526106596, "dvar": 0.00133009173442, "dvar2": 0.00275008101016, "max": 0.500741422176, "mean": 0.166167035699, "median": 0.148407384753, "min": 0.000621024810243, "var": 0.00662737200037}, "melbands_kurtosis": {"dmean": 11.9259433746, "dmean2": 18.2097949982, "dvar": 699.690368652, "dvar2": 1544.15270996, "max": 731.49621582, "mean": 20.368560791, "median": 5.93562936783, "min": -1.467030406, "var": 1685.42236328}, "melbands_skewness": {"dmean": 0.978422224522, "dmean2": 1.45601320267, "dvar": 1.57095313072, "dvar2": 3.33693790436, "max": 18.0213241577, "mean": 3.27479219437, "median": 2.50780677795, "min": -0.581954181194, "var": 6.68780708313}, "melbands_spread": {"dmean": 13.492972374, "dmean2": 20.7806529999, "dvar": 267.478851318, "dvar2": 627.978942871, "max": 186.874862671, "mean": 39.2490615845, "median": 34.4730758667, "min": 0.309041798115, "var": 883.76159668}, "pitch_salience": {"dmean": 0.0777305066586, "dmean2": 0.119589284062, "dvar": 0.00687814410776, "dvar2": 0.0144272213802, "max": 0.972384393215, "mean": 0.526168525219, "median": 0.554815709591, "min": 0.0632592663169, "var": 0.0269470997155}, "silence_rate_20dB": {"dmean": 0, "dmean2": 0, "dvar": 0, "dvar2": 0, "max": 1, "mean": 1, "median": 1, "min": 1, "var": 0}, "silence_rate_30dB": {"dmean": 0.0156485103071, "dmean2": 0.0313064418733, "dvar": 0.0154034327716, "dvar2": 0.0393561981618, "max": 1, "mean": 0.98405534029, "median": 1, "min": 0, "var": 0.0156905129552}, "silence_rate_60dB": {"dmean": 0.00120373151731, "dmean2": 0.00240818783641, "dvar": 0.00120226491708, "dvar2": 0.00300437444821, "max": 1, "mean": 0.056257519871, "median": 0, "min": 0, "var": 0.0530938655138}, "spectral_centroid": {"dmean": 346.989959717, "dmean2": 542.151611328, "dvar": 167674.59375, "dvar2": 349461.03125, "max": 11427.8535156, "mean": 2285.92285156, "median": 2199.79052734, "min": 275.896972656, "var": 1043279.875}, "spectral_complexity": {"dmean": 5.36743927002, "dmean2": 7.82721233368, "dvar": 39.4871063232, "dvar2": 68.5418167114, "max": 66, "mean": 25.9482555389, "median": 25, "min": 0, "var": 188.712341309}, "spectral_decrease": {"dmean": 2.65386290721e-09, "dmean2": 4.07019706827e-09, "dvar": 1.69565375041e-17, "dvar2": 3.99884155137e-17, "max": 1.28585639591e-28, "mean": -7.05021729885e-09, "median": -4.78671058346e-09, "min": -6.38327648517e-08, "var": 4.29880536562e-17}, "spectral_energy": {"dmean": 0.0113839805126, "dmean2": 0.0175273548812, "dvar": 0.000289045099635, "dvar2": 0.000674926617648, "max": 0.252933233976, "mean": 0.0300922803581, "median": 0.0215035211295, "min": 1.01529384309e-20, "var": 0.000703240511939}, "spectral_energyband_high": {"dmean": 0.0020117117092, "dmean2": 0.00318834627979, "dvar": 1.79696762643e-05, "dvar2": 4.56005109299e-05, "max": 0.0503906682134, "mean": 0.00306604430079, "median": 0.00127861031797, "min": 7.1691242858e-21, "var": 2.39815854002e-05}, "spectral_energyband_low": {"dmean": 0.00771882850677, "dmean2": 0.0116281574592, "dvar": 0.00019240778056, "dvar2": 0.000451364699984, "max": 0.216233640909, "mean": 0.0173586979508, "median": 0.00806336477399, "min": 2.81936678715e-23, "var": 0.000497476547025}, "spectral_energyband_middle_high": {"dmean": 0.00225214916281, "dmean2": 0.00359384482726, "dvar": 1.93281248357e-05, "dvar2": 5.08922821609e-05, "max": 0.0443217866123, "mean": 0.00520164100453, "median": 0.00417011464015, "min": 1.25656792788e-21, "var": 2.35034040088e-05}, "spectral_energyband_middle_low": {"dmean": 0.00417371792719, "dmean2": 0.00705093098804, "dvar": 9.05721462914e-05, "dvar2": 0.000242702619289, "max": 0.088673979044, "mean": 0.00567335588858, "median": 0.0027955872938, "min": 1.98012152524e-22, "var": 8.75328187249e-05}, "spectral_entropy": {"dmean": 0.146104961634, "dmean2": 0.209579482675, "dvar": 0.0306521449238, "dvar2": 0.0581924915314, "max": 9.82073020935, "mean": 7.99618530273, "median": 8.03646659851, "min": 6.12804174423, "var": 0.154149442911}, "spectral_flux": {"dmean": 0.0280960220844, "dmean2": 0.0415791608393, "dvar": 0.00130710890517, "dvar2": 0.00242158817127, "max": 0.398253917694, "mean": 0.0872033387423, "median": 0.0711438730359, "min": 6.38676334042e-11, "var": 0.00352062983438}, "spectral_kurtosis": {"dmean": 1.11665868759, "dmean2": 1.71402418613, "dvar": 1.89515638351, "dvar2": 4.47130060196, "max": 17.2676410675, "mean": 3.88494491577, "median": 3.75093913078, "min": -1.24167215824, "var": 5.53109550476}, "spectral_rms": {"dmean": 0.000894141499884, "dmean2": 0.00134143757168, "dvar": 1.25913732063e-06, "dvar2": 2.73033060694e-06, "max": 0.0157087277621, "mean": 0.00490470277146, "median": 0.00458028912544, "min": 3.14726955435e-12, "var": 5.30215947947e-06}, "spectral_rolloff": {"dmean": 1176.40637207, "dmean2": 1911.64099121, "dvar": 3227420.25, "dvar2": 7519054, "max": 19573.6816406, "mean": 3053.92211914, "median": 2400.95214844, "min": 64.599609375, "var": 8662251}, "spectral_skewness": {"dmean": 0.182919666171, "dmean2": 0.280012130737, "dvar": 0.0434329286218, "dvar2": 0.0960431471467, "max": 3.61159849167, "mean": 1.42596840858, "median": 1.46492576599, "min": -0.0555027686059, "var": 0.186562120914}, "spectral_spread": {"dmean": 840891.875, "dmean2": 1191514.625, "dvar": 1876847755260.0, "dvar2": 2953035120640.0, "max": 41737348, "mean": 5914309, "median": 5621479, "min": 1729540.5, "var": 11996651061200.0}, "spectral_strongpeak": {"dmean": 0.251786470413, "dmean2": 0.43020683527, "dvar": 0.385944604874, "dvar2": 1.08923172951, "max": 11.0923814774, "mean": 0.436620950699, "median": 0.285022139549, "min": 0, "var": 0.4645370543}, "zerocrossingrate": {"dmean": 0.0205833390355, "dmean2": 0.0233942866325, "dvar": 0.000470115046483, "dvar2": 0.000579689571168, "max": 0.515625, "mean": 0.105118401349, "median": 0.09521484375, "min": 0.00341796875, "var": 0.00456181447953}, "barkbands": {"dmean": [0.000620890466962, 0.00571677787229, 0.0026560171973, 0.00238017505035, 0.00163850421086, 0.000331926654326, 0.000265298935119, 0.000201686649234, 0.000228129661991, 0.000311684590997, 0.000191527622519, 0.000262729590759, 0.000334380049026, 0.000292380631436, 0.00029653654201, 0.000382788333809, 0.000418449897552, 0.000329299888108, 0.000400119606638, 0.000402417383157, 0.000394483271521, 0.000296324229566, 0.000280245993054, 0.000314306147629, 0.000440533360234, 0.000252276047831, 6.07032707194e-05], "dmean2": [0.000953401904553, 0.00791405327618, 0.00449586380273, 0.00419333809987, 0.00290818302892, 0.000575431855395, 0.000439257157268, 0.000323434156599, 0.000367872416973, 0.000513942854013, 0.000321350496961, 0.000440271309344, 0.000558700645342, 0.000495581596624, 0.000484300224343, 0.000632431765553, 0.000694215064868, 0.000522151705809, 0.000657290511299, 0.0006655465113, 0.000631417671684, 0.000473296822747, 0.000439226656454, 0.000508765340783, 0.000759353279136, 0.000397328927647, 8.99299557204e-05], "dvar": [1.68364374531e-06, 0.000118098359962, 6.60236546537e-05, 4.29303036071e-05, 2.1903319066e-05, 5.53577194751e-07, 2.89452913194e-07, 1.20841889384e-07, 1.586725773e-07, 2.66850690878e-07, 1.06471482297e-07, 1.97591191409e-07, 3.59255267313e-07, 2.21030376224e-07, 1.91431567487e-07, 4.29567819538e-07, 8.16737099285e-07, 4.52316584187e-07, 6.84460360389e-07, 6.64509116177e-07, 7.3742216955e-07, 5.00826502048e-07, 4.2593416083e-07, 5.0434817922e-07, 1.50177447722e-06, 3.27646972664e-07, 2.05479420146e-08], "dvar2": [3.38685094903e-06, 0.000236327163293, 0.000179858485353, 0.000121579119877, 6.2122620875e-05, 1.54787574047e-06, 8.06869422831e-07, 2.91203576808e-07, 4.15628733208e-07, 7.09681387434e-07, 2.87600613547e-07, 5.30106206043e-07, 9.66761376731e-07, 6.01217550411e-07, 4.99842485624e-07, 1.13488340503e-06, 2.17582805817e-06, 1.13011390113e-06, 1.82654798664e-06, 1.74631202299e-06, 1.90300363556e-06, 1.26619249841e-06, 1.02162186977e-06, 1.2394142459e-06, 4.06436993217e-06, 8.01760052127e-07, 4.88814464461e-08], "max": [0.0196980237961, 0.130054891109, 0.13399258256, 0.057822983712, 0.0636395215988, 0.00803855992854, 0.00810717884451, 0.00430860137567, 0.0053914966993, 0.00593102863058, 0.00393991637975, 0.00539382873103, 0.00940909981728, 0.00644647702575, 0.00665435614064, 0.008819562383, 0.0101037239656, 0.00895413663238, 0.00990530196577, 0.00914670340717, 0.00861775316298, 0.0088279787451, 0.00853057485074, 0.0107310153544, 0.0113112507388, 0.0086196931079, 0.00191407115199], "mean": [0.00101038359571, 0.012226392515, 0.00301518919878, 0.0023957202211, 0.00164422416128, 0.000433798588347, 0.000373615243006, 0.000305746361846, 0.000357625074685, 0.000495506741572, 0.000266715476755, 0.000384162733098, 0.000482698029373, 0.000497252622154, 0.000543888192624, 0.000650342612062, 0.000608685193583, 0.000506340409629, 0.000560773245525, 0.000548748823348, 0.000498462643009, 0.000431184656918, 0.000451742875157, 0.00047695619287, 0.000470731116366, 0.000338984391419, 0.000116444702144], "median": [0.000286722177407, 0.00444406177849, 0.00103664025664, 0.000513319508173, 0.000564861344174, 0.000226916788961, 0.000187707919395, 0.000174772692844, 0.000200265581952, 0.000291756441584, 0.000166790647199, 0.00023462541867, 0.000284455658402, 0.000339554884704, 0.000367516360711, 0.000432164641097, 0.000352937087882, 0.000265345559455, 0.00032386474777, 0.000224042960326, 0.000171864958247, 0.000126687125885, 0.000105303333839, 0.000110285938717, 0.000122832920169, 0.000126564496895, 2.50868524745e-05], "min": [1.97914926207e-24, 4.82831980587e-24, 9.81416823197e-25, 3.49616053446e-24, 8.88383597024e-24, 7.01478624977e-24, 1.18231814013e-23, 1.01221527428e-23, 1.34086064385e-23, 8.25977678559e-24, 2.19825257804e-23, 2.39380125679e-23, 3.21497800677e-23, 3.15556384329e-23, 4.46181526596e-23, 5.98274445548e-23, 7.81046007332e-23, 1.16333115745e-22, 1.35678673579e-22, 1.82795517912e-22, 3.23174149033e-22, 3.45646158272e-22, 3.4583669658e-22, 6.41592060031e-22, 9.22643333888e-22, 1.42609703942e-21, 2.10501289829e-21], "var": [3.19280752592e-06, 0.000344715226674, 4.96715365443e-05, 3.9002054109e-05, 1.46852962644e-05, 4.54458557897e-07, 3.12745214615e-07, 1.60501443247e-07, 2.146005329e-07, 4.19684681674e-07, 1.16946466733e-07, 2.43042620696e-07, 4.98051292652e-07, 3.20356065231e-07, 3.93990319481e-07, 5.75839010253e-07, 8.2001889723e-07, 5.8826339e-07, 6.56970030377e-07, 7.34188404294e-07, 7.65526920077e-07, 6.84866506617e-07, 8.5573128672e-07, 9.23014567888e-07, 1.13664805212e-06, 3.52047123897e-07, 3.95911392559e-08]}, "erbbands": {"dmean": [0.249615371227, 1.06799340248, 2.65787005424, 5.63495206833, 7.64969396591, 4.64473581314, 2.1282658577, 3.09509706497, 3.68624854088, 4.29198551178, 3.6735560894, 5.35630702972, 8.19060134888, 8.83157253265, 9.05893707275, 10.9866085052, 14.989985466, 15.4775037766, 15.2093172073, 14.6411876678, 20.9152374268, 20.7551403046, 16.1333522797, 21.0922107697, 19.6969337463, 18.9218940735, 18.3006515503, 13.300901413, 10.8394908905, 9.67080211639, 7.79264545441, 6.17161941528, 5.87398958206, 5.01806592941, 3.07531905174, 1.27129876614, 0.452407002449, 0.0836533457041, 0.0114218732342, 0.000554335652851], "dmean2": [0.325633138418, 1.6238026619, 4.34096097946, 9.62495231628, 13.5558242798, 8.16873264313, 3.62651133537, 5.3900346756, 6.10848236084, 7.01953077316, 6.0444521904, 8.57400798798, 13.8269844055, 14.7017869949, 15.1030664444, 18.2411212921, 24.7687931061, 26.2601947784, 24.8560714722, 23.4404811859, 34.7151412964, 34.3700065613, 24.6008167267, 34.6589584351, 32.3120193481, 30.8072376251, 29.3921661377, 21.3368244171, 17.4562759399, 15.0806522369, 12.2550668716, 9.69960784912, 9.72629928589, 8.68278694153, 5.25688314438, 2.07190871239, 0.699558198452, 0.125505566597, 0.0174567624927, 0.000832266174257], "dvar": [0.296699523926, 4.28777837753, 61.5326499939, 226.92326355, 445.374786377, 161.213928223, 15.9173688889, 54.8439331055, 61.9721336365, 63.9414482117, 48.0931854248, 82.1346511841, 237.505157471, 251.848052979, 226.643508911, 326.660736084, 719.644287109, 703.294067383, 510.383239746, 481.374084473, 1807.60217285, 2018.34729004, 948.514343262, 1816.90209961, 1775.12927246, 1372.33850098, 1537.91723633, 933.910217285, 696.604736328, 572.524108887, 278.189147949, 168.637756348, 207.80960083, 214.439926147, 63.2152481079, 8.4489068985, 0.975098192692, 0.0336719416082, 0.000934575626161, 1.89159493402e-06], "dvar2": [0.485053420067, 10.3893232346, 163.612167358, 631.932922363, 1255.27050781, 454.480621338, 43.8114433289, 152.947006226, 174.367263794, 167.065536499, 123.286331177, 210.539337158, 627.413635254, 679.134765625, 601.726013184, 862.677368164, 1924.91027832, 1964.56665039, 1317.36425781, 1243.70324707, 4878.30566406, 5347.20703125, 2380.76293945, 4702.98681641, 4648.11572266, 3557.08764648, 3964.90014648, 2467.53076172, 1835.18737793, 1314.4798584, 680.784362793, 386.606079102, 537.396606445, 585.153442383, 169.993453979, 21.2044696808, 2.28855419159, 0.0773508921266, 0.00237262737937, 4.55154122392e-06], "max": [7.34347581863, 26.9022827148, 130.035079956, 169.560501099, 225.193740845, 181.249465942, 38.3452453613, 78.6415481567, 136.104248047, 86.8397827148, 71.7811508179, 129.567062378, 258.240722656, 206.39755249, 204.209823608, 244.776580811, 385.251037598, 357.001647949, 307.084411621, 290.884429932, 554.298095703, 503.112243652, 423.524261475, 556.09588623, 499.266448975, 390.074401855, 322.968048096, 376.503570557, 377.061340332, 302.104675293, 245.525802612, 281.873199463, 130.151290894, 137.516784668, 69.0558624268, 37.6985855103, 14.6723012924, 3.02356123924, 0.467369228601, 0.0178740397096], "mean": [0.517547488213, 2.08593463898, 3.3533577919, 6.25830030441, 7.37276887894, 4.88376426697, 3.10242652893, 3.90073513985, 5.50001001358, 6.23101997375, 5.65267467499, 8.69472980499, 12.9855298996, 13.0718307495, 13.2470254898, 17.3894882202, 22.952091217, 25.8415298462, 29.4009571075, 28.1313438416, 34.8090515137, 32.0470314026, 27.4437408447, 31.8736476898, 27.7480068207, 26.7852249146, 22.5597381592, 17.3009109497, 15.3307952881, 14.3370761871, 12.7222328186, 9.84724903107, 8.05592060089, 5.4778585434, 3.21662139893, 1.50920879841, 0.626381099224, 0.150477603078, 0.0200263913721, 0.0010542969685], "median": [0.143761307001, 0.843261480331, 1.44927680492, 1.85316109657, 1.5819466114, 1.89301991463, 1.74134469032, 2.04185295105, 2.83026170731, 3.7292098999, 3.50924277306, 5.0039358139, 7.20979785919, 7.61849069595, 8.55512619019, 11.1389293671, 14.0348672867, 18.2617206573, 19.8701591492, 20.2266693115, 22.5347747803, 18.6953334808, 15.7060890198, 17.8009300232, 15.5092592239, 11.2793941498, 7.9209651947, 5.43455982208, 4.65599918365, 3.57456994057, 2.9579949379, 2.29494380951, 1.68353652954, 1.22174572945, 0.95417869091, 0.542809605598, 0.214072495699, 0.0377471037209, 0.00443867314607, 0.000254471902736], "min": [1.58748702492e-22, 7.40722315621e-22, 1.72965525958e-21, 1.44995665625e-20, 2.6647977247e-20, 3.03719201309e-20, 2.98097022706e-20, 4.24016756339e-20, 2.7762538822e-19, 3.00666038894e-19, 3.58707622266e-19, 3.15761671483e-19, 5.82474220978e-19, 7.67789458162e-19, 1.36247813826e-18, 1.41125718577e-18, 1.65824969777e-18, 1.41404323348e-18, 2.52754321268e-18, 3.7934018991e-18, 5.32089305699e-18, 4.33716685915e-18, 4.99258631264e-18, 7.49868342037e-18, 8.69293204719e-18, 8.24112682379e-18, 1.32682797735e-17, 9.9610098524e-18, 1.21173977446e-17, 1.03489459792e-17, 1.1477102875e-17, 1.27942424167e-17, 1.04650978536e-17, 8.41265926742e-18, 7.60057470104e-18, 4.37703903262e-18, 2.40436567971e-18, 9.5938237581e-19, 2.35292455819e-19, 2.75634674679e-20], "var": [0.816720187664, 9.19004154205, 51.2401771545, 194.878967285, 346.801605225, 108.911460876, 16.3386516571, 42.9000091553, 66.9384841919, 68.844543457, 53.3435668945, 119.855400085, 343.873657227, 294.37600708, 270.013824463, 447.722900391, 1055.48937988, 856.54296875, 1086.94445801, 922.950256348, 1964.03369141, 2147.14086914, 1428.2487793, 2073.30883789, 1653.6171875, 1705.5925293, 1541.18347168, 992.650817871, 857.252990723, 873.143432617, 691.46282959, 400.478515625, 282.795196533, 168.268081665, 48.0425033569, 7.87586069107, 1.1694432497, 0.0626446679235, 0.00133750773966, 3.47497712028e-06]}, "gfcc": {"mean": [17.5852470398, 36.7513771057, -101.474716187, 35.3395576477, -31.7803688049, 18.895406723, -27.2536659241, 12.3052911758, -22.6772556305, 6.25831127167, -15.2352466583, 1.19070506096, -11.3701286316], "cov": [[20564.28125, -1059.54638672, 611.841796875, 584.819091797, -88.6728286743, 737.702087402, -112.301704407, 578.36529541, 77.0683059692, 414.459197998, -263.474304199, 169.495742798, -389.255279541], [-1059.54638672, 2172.53320312, -51.8482818604, 258.531829834, 42.5165290833, -189.607879639, 196.486068726, 81.343132019, 129.646408081, 91.1065673828, 148.393371582, -21.9408130646, 124.074310303], [611.841796875, -51.8482818604, 1114.72851562, 222.034439087, 164.857452393, 120.227928162, 105.435813904, 74.4289398193, 53.1908531189, 113.883384705, -24.2238044739, 0.271214812994, -83.4913635254], [584.819091797, 258.531829834, 222.034439087, 632.766845703, -81.0434570312, 104.507202148, 97.2257003784, 4.11949729919, -15.1010284424, 31.2883338928, 26.4346485138, -51.8159980774, -7.73141527176], [-88.6728286743, 42.5165290833, 164.857452393, -81.0434570312, 352.310119629, 36.1158180237, 59.4856719971, 19.8369178772, 42.6686820984, 34.1187286377, 0.880515396595, 9.13227081299, -12.4705495834], [737.702087402, -189.607879639, 120.227928162, 104.507202148, 36.1158180237, 214.222244263, 14.1090764999, 60.7324752808, 12.8080310822, 30.855052948, 6.77507162094, 13.9414606094, -16.0712966919], [-112.301704407, 196.486068726, 105.435813904, 97.2257003784, 59.4856719971, 14.1090764999, 208.857147217, 58.8999176025, 78.2783584595, 57.7713623047, 48.1268196106, 4.60231208801, 3.27201914787], [578.36529541, 81.343132019, 74.4289398193, 4.11949729919, 19.8369178772, 60.7324752808, 58.8999176025, 157.96862793, 73.4342956543, 63.5750465393, 28.0178813934, 27.3912334442, -1.60696589947], [77.0683059692, 129.646408081, 53.1908531189, -15.1010284424, 42.6686820984, 12.8080310822, 78.2783584595, 73.4342956543, 162.97442627, 76.2000198364, 50.6193161011, 23.7934608459, 16.4979152679], [414.459197998, 91.1065673828, 113.883384705, 31.2883338928, 34.1187286377, 30.855052948, 57.7713623047, 63.5750465393, 76.2000198364, 109.498519897, 43.0169868469, 21.0810661316, -2.46644663811], [-263.474304199, 148.393371582, -24.2238044739, 26.4346485138, 0.880515396595, 6.77507162094, 48.1268196106, 28.0178813934, 50.6193161011, 43.0169868469, 90.8522949219, 28.4192390442, 35.2480430603], [169.495742798, -21.9408130646, 0.271214812994, -51.8159980774, 9.13227081299, 13.9414606094, 4.60231208801, 27.3912334442, 23.7934608459, 21.0810661316, 28.4192390442, 78.1424560547, 24.4361457825], [-389.255279541, 124.074310303, -83.4913635254, -7.73141527176, -12.4705495834, -16.0712966919, 3.27201914787, -1.60696589947, 16.4979152679, -2.46644663811, 35.2480430603, 24.4361457825, 78.9889907837]], "icov": [[8.37651095935e-05, 3.72999534193e-06, 6.23598680249e-05, -0.000116513059766, 2.24879549933e-05, -0.000130879940116, 0.000122151584947, -0.000206054770388, 2.38955726672e-05, -0.000387566658901, 0.000448764360044, -0.000337126984959, 0.000316056888551], [3.72999534193e-06, 0.000754451903049, 4.75807355542e-05, -0.000440084026195, -0.000282930093817, 0.00102265470196, -0.000131937849801, -0.000625682470854, -2.51876172115e-05, -0.000206454526051, -0.000601018429734, 0.000555400387384, -0.000908145681024], [6.23598680249e-05, 4.75807355542e-05, 0.0013685656013, -0.000609415932558, -0.000526745861862, -0.000184944219654, -8.85904446477e-05, -0.000201002156246, 1.01506384453e-05, -0.00147816142999, 0.00127606722526, -0.000779725727625, 0.00112179212738], [-0.000116513059766, -0.000440084026195, -0.000609415932558, 0.0029740636237, 0.00114819756709, -0.00179811683483, -0.00143122929148, 0.0012912065722, 0.000851333490573, 0.00015418115072, -0.00114768312778, 0.0022551054135, -0.000693468493409], [2.24879549933e-05, -0.000282930093817, -0.000526745861862, 0.00114819756709, 0.00375362485647, -0.00134577183053, -0.00117431569379, 0.000940872123465, -0.000295649340842, -0.000429694191553, 0.000718956929632, 5.52303281438e-05, 0.000207858203794], [-0.000130879940116, 0.00102265470196, -0.000184944219654, -0.00179811683483, -0.00134577183053, 0.00801190361381, 0.000790765974671, -0.00306945084594, 0.000316585530527, 0.000366006483091, -0.00169598625507, -0.000281960441498, -0.000511019141413], [0.000122151584947, -0.000131937849801, -8.85904446477e-05, -0.00143122929148, -0.00117431569379, 0.000790765974671, 0.00779984612018, -0.00183556263801, -0.00203242874704, -0.000608220521826, -0.00174633332063, -9.14161937544e-05, 0.0014036007924], [-0.000206054770388, -0.000625682470854, -0.000201002156246, 0.0012912065722, 0.000940872123465, -0.00306945084594, -0.00183556263801, 0.0113502144814, -0.00242914725095, -0.00206509372219, 0.000235460291151, -0.00122797850054, 0.000429966748925], [2.38955726672e-05, -2.51876172115e-05, 1.01506384453e-05, 0.000851333490573, -0.000295649340842, 0.000316585530527, -0.00203242874704, -0.00242914725095, 0.011423590593, -0.00524086877704, -0.0017474940978, 0.000536179402843, -0.0016318022972], [-0.000387566658901, -0.000206454526051, -0.00147816142999, 0.00015418115072, -0.000429694191553, 0.000366006483091, -0.000608220521826, -0.00206509372219, -0.00524086877704, 0.0206658821553, -0.00796313770115, -0.000134040034027, 0.00219172379002], [0.000448764360044, -0.000601018429734, 0.00127606722526, -0.00114768312778, 0.000718956929632, -0.00169598625507, -0.00174633332063, 0.000235460291151, -0.0017474940978, -0.00796313770115, 0.0231898128986, -0.00614182790741, -0.00409423932433], [-0.000337126984959, 0.000555400387384, -0.000779725727625, 0.0022551054135, 5.52303281438e-05, -0.000281960441498, -9.14161937544e-05, -0.00122797850054, 0.000536179402843, -0.000134040034027, -0.00614182790741, 0.0198733918369, -0.00673055369407], [0.000316056888551, -0.000908145681024, 0.00112179212738, -0.000693468493409, 0.000207858203794, -0.000511019141413, 0.0014036007924, 0.000429966748925, -0.0016318022972, 0.00219172379002, -0.00409423932433, -0.00673055369407, 0.0209597609937]]}, "melbands": {"dmean": [0.00184449541848, 0.00125476846006, 0.000997576164082, 0.00045557593694, 8.82461099536e-05, 6.65589468554e-05, 5.61567285331e-05, 4.77688117826e-05, 3.00943102047e-05, 3.39102407452e-05, 4.18613308284e-05, 3.76794414478e-05, 2.75250567938e-05, 2.9666151022e-05, 3.0697825423e-05, 3.2614414522e-05, 3.0951199733e-05, 2.45747742156e-05, 1.97273075173e-05, 2.63785241259e-05, 2.60971410171e-05, 2.38321554207e-05, 1.75073764694e-05, 1.66636709764e-05, 1.77404454007e-05, 1.62591495609e-05, 1.30137541419e-05, 1.29953168653e-05, 1.14845497592e-05, 1.06251000034e-05, 7.14629914e-06, 6.46305670671e-06, 5.84987674301e-06, 5.42784891877e-06, 4.82473478769e-06, 3.79444531973e-06, 4.0169093154e-06, 3.92363062929e-06, 4.76372406411e-06, 4.12655526816e-06], "dmean2": [0.00245267292485, 0.00197970238514, 0.00170531519689, 0.000806494033895, 0.000150284045958, 0.000115544527944, 9.26195352804e-05, 7.75640000938e-05, 4.90061465825e-05, 5.46460469195e-05, 7.08910592948e-05, 6.24997192062e-05, 4.63250325993e-05, 4.99744855915e-05, 5.06006981595e-05, 5.51510602236e-05, 5.28218115505e-05, 4.02980767831e-05, 3.23552776536e-05, 4.24031059083e-05, 4.40144758613e-05, 3.98014672101e-05, 2.80047661363e-05, 2.64488207904e-05, 2.95059944619e-05, 2.71491462627e-05, 2.12343820749e-05, 2.15451927943e-05, 1.89602851606e-05, 1.72579075297e-05, 1.16322289614e-05, 1.06818397398e-05, 9.3421595011e-06, 8.44978239911e-06, 7.60924513088e-06, 5.97539383307e-06, 6.51045729683e-06, 6.45196632831e-06, 8.08130334917e-06, 7.18662886356e-06], "dvar": [1.35133132062e-05, 9.20785805647e-06, 6.79089362166e-06, 1.61235004725e-06, 3.20459143666e-08, 2.38600499358e-08, 1.38718894149e-08, 7.56278328851e-09, 2.92275204039e-09, 3.54682461179e-09, 6.07091443783e-09, 4.46678161126e-09, 2.19844320526e-09, 2.66857402842e-09, 2.02271244198e-09, 4.39836655985e-09, 2.7223729937e-09, 1.28900912166e-09, 8.77895645068e-10, 1.61859703418e-09, 3.69712749304e-09, 3.36627548059e-09, 7.05865255135e-10, 1.23318899536e-09, 1.2125258575e-09, 1.50428192125e-09, 5.56805379581e-10, 7.22884418991e-10, 5.7304111456e-10, 5.78861902856e-10, 2.75776623759e-10, 2.40549830055e-10, 1.93045635033e-10, 1.80195941502e-10, 1.02712699457e-10, 6.88172990815e-11, 7.85040782381e-11, 8.13948630718e-11, 1.8387318057e-10, 1.40619196842e-10], "dvar2": [2.47403168032e-05, 2.35383267864e-05, 1.86015131476e-05, 4.53974007542e-06, 8.90120119834e-08, 6.64295782826e-08, 3.88352816572e-08, 1.93054869868e-08, 7.62152474465e-09, 9.24421517112e-09, 1.59991166981e-08, 1.19812746391e-08, 5.9741434022e-09, 7.2405947904e-09, 5.42375877544e-09, 1.17546861134e-08, 7.58481277785e-09, 3.35402816631e-09, 2.25443597124e-09, 4.15036005563e-09, 1.00625836552e-08, 9.06689212599e-09, 1.77923287215e-09, 3.06868330746e-09, 3.15504178339e-09, 4.12527834115e-09, 1.34759170489e-09, 1.92045646052e-09, 1.49175205522e-09, 1.48000178779e-09, 7.39705519059e-10, 6.51158238441e-10, 4.70585181933e-10, 4.091212924e-10, 2.58205540282e-10, 1.58107402171e-10, 1.89368368209e-10, 2.08458347806e-10, 4.91493123977e-10, 3.86818244102e-10], "max": [0.046790599823, 0.0534567609429, 0.0270063839853, 0.0171594042331, 0.00191771844402, 0.00163555750623, 0.00194886035752, 0.0010044106748, 0.000582534004934, 0.000834019039758, 0.00127296056598, 0.000869790441357, 0.000548482930753, 0.000584635941777, 0.000604317116085, 0.00092952355044, 0.000679412449244, 0.000488762976602, 0.000498336914461, 0.000439176888904, 0.000761210452765, 0.000654506031424, 0.000264859874733, 0.000531063880771, 0.000445976591436, 0.000473993481137, 0.000221778740524, 0.000314489996526, 0.000226942778681, 0.000214679268538, 0.000207254997804, 0.000213001054362, 0.000177902256837, 0.000173518201336, 0.000155517991516, 0.000175906257937, 0.000150000472786, 9.55223222263e-05, 0.000133694935357, 0.000106901556137], "mean": [0.00390338152647, 0.00207762862556, 0.00115602475125, 0.000450069695944, 0.000125058868434, 8.50792348501e-05, 8.26843097457e-05, 6.9655579864e-05, 4.72653809993e-05, 5.37498053745e-05, 6.54356554151e-05, 5.43501446373e-05, 3.87324871554e-05, 4.33127133874e-05, 4.99388152093e-05, 4.67208919872e-05, 4.90247439302e-05, 4.62375865027e-05, 3.63025646948e-05, 4.5191431127e-05, 3.8786973164e-05, 3.24724715028e-05, 2.93811426673e-05, 2.5104955057e-05, 2.58395175479e-05, 2.04808129638e-05, 1.88169906323e-05, 1.73852095031e-05, 1.36311373353e-05, 1.26483155327e-05, 9.40232985158e-06, 8.79158324096e-06, 8.17343516246e-06, 7.7833137766e-06, 7.52707364882e-06, 6.29473015579e-06, 5.9830617829e-06, 5.62229251955e-06, 5.40573228136e-06, 4.35798710896e-06], "median": [0.00126981502399, 0.00111012964044, 0.00033977557905, 0.00012722419342, 6.91942987032e-05, 4.46780177299e-05, 4.19473290094e-05, 4.04386664741e-05, 2.99203584291e-05, 3.09605238726e-05, 3.56237178494e-05, 3.08537855744e-05, 2.52546687989e-05, 2.66830538749e-05, 3.36141456501e-05, 2.57652845903e-05, 3.35963632097e-05, 3.06353977066e-05, 2.65206072072e-05, 2.92573840852e-05, 2.365477485e-05, 1.68265105458e-05, 1.74885171873e-05, 1.29367599584e-05, 1.40401316457e-05, 1.09689599412e-05, 9.2297395895e-06, 6.61430294713e-06, 4.60834235128e-06, 4.16533930547e-06, 2.94523283628e-06, 2.67839254775e-06, 2.00414774554e-06, 1.81265249921e-06, 1.68036478954e-06, 1.42412034165e-06, 1.3227721638e-06, 1.11096574074e-06, 1.0653532172e-06, 9.92624450191e-07], "min": [1.83586944193e-24, 1.23025875562e-24, 3.88382177164e-24, 1.98472591702e-24, 1.02231659873e-24, 8.95800565862e-25, 4.00611690563e-24, 3.74480002545e-24, 2.93949847011e-24, 1.9070611804e-24, 2.66176559171e-24, 2.45889324664e-24, 3.62902443242e-24, 2.5805028605e-24, 4.61704116177e-24, 2.96775152343e-24, 2.69866436334e-24, 3.12379314086e-24, 3.47523994325e-24, 5.19272187369e-24, 5.5285861094e-24, 4.61198732438e-24, 3.95615795007e-24, 5.52681472224e-24, 5.7163551208e-24, 4.19074703948e-24, 5.28320619167e-24, 4.60224528663e-24, 6.34220423084e-24, 7.26769584485e-24, 4.54561651212e-24, 6.12260704851e-24, 4.83946759375e-24, 5.72096364621e-24, 5.07329069922e-24, 7.25495889667e-24, 6.7189334336e-24, 6.82435286067e-24, 6.96506355806e-24, 6.1589510537e-24], "var": [3.92772817577e-05, 1.07901769297e-05, 6.33234139968e-06, 1.1315582924e-06, 2.94771975717e-08, 1.92041440528e-08, 1.53478811882e-08, 8.65091998037e-09, 3.43317840823e-09, 4.84734297146e-09, 8.94655816097e-09, 5.38943201178e-09, 2.38184627577e-09, 3.03234060084e-09, 3.07302139291e-09, 5.99789196087e-09, 3.33357719207e-09, 2.68103628187e-09, 1.68929736866e-09, 2.66014610339e-09, 3.41518924252e-09, 3.0621438718e-09, 1.30344901539e-09, 1.52382473306e-09, 1.40040035124e-09, 1.21809318188e-09, 6.67071842209e-10, 8.6652957032e-10, 5.71270863947e-10, 5.68957325697e-10, 2.99224894862e-10, 2.82270901097e-10, 2.75073713807e-10, 2.73919553706e-10, 2.49596732171e-10, 1.82760306888e-10, 1.5420358046e-10, 1.36845951237e-10, 1.61731822379e-10, 1.071076422e-10]}, "mfcc": {"mean": [-628.425170898, 79.6034927368, -4.62188243866, 26.5262947083, 16.6808223724, 13.0503911972, 11.3369340897, 7.02337741852, 4.59524679184, 6.40673112869, 2.00301289558, 0.58556163311, -0.0394152626395], "cov": [[9453.68847656, -86.0381546021, 623.220947266, 194.714263916, 307.328918457, 260.533966064, 80.5892333984, 237.807342529, 267.115875244, 156.273330688, 227.569213867, 249.346511841, 146.85635376], [-86.0381546021, 1691.29553223, -16.6768245697, 283.100219727, 19.6536655426, -64.7514266968, 45.4520759583, 20.8289546967, 113.307136536, 104.64868927, 176.947235107, 61.1050567627, 37.5867118835], [623.220947266, -16.6768245697, 810.458068848, 275.331542969, 52.8748817444, 128.492858887, 70.7228012085, 20.6610927582, 28.1167812347, 66.3293304443, 64.8999862671, 31.2978210449, 11.2493515015], [194.714263916, 283.100219727, 275.331542969, 487.898895264, -4.85903406143, 115.766967773, 98.1995849609, 8.00639629364, 16.6207237244, 84.3946075439, 60.3578720093, 15.5112724304, -14.7099437714], [307.328918457, 19.6536655426, 52.8748817444, -4.85903406143, 239.956329346, 72.0411834717, 38.5209693909, 19.1942844391, 30.2740974426, 6.02761125565, 10.6593313217, 13.9041948318, 10.0391235352], [260.533966064, -64.7514266968, 128.492858887, 115.766967773, 72.0411834717, 163.923995972, 67.7664413452, 19.7062644958, 17.958568573, 21.1911792755, 19.0218582153, 19.8811950684, 8.44204235077], [80.5892333984, 45.4520759583, 70.7228012085, 98.1995849609, 38.5209693909, 67.7664413452, 134.177246094, 37.448299408, 15.8108539581, 34.014995575, 23.3116226196, 11.2186470032, 5.93527126312], [237.807342529, 20.8289546967, 20.6610927582, 8.00639629364, 19.1942844391, 19.7062644958, 37.448299408, 92.2642669678, 41.7251701355, 12.8194684982, 33.0873222351, 28.4842662811, 16.8119125366], [267.115875244, 113.307136536, 28.1167812347, 16.6207237244, 30.2740974426, 17.958568573, 15.8108539581, 41.7251701355, 91.4690322876, 46.8831291199, 46.3264923096, 31.9962711334, 28.3012199402], [156.273330688, 104.64868927, 66.3293304443, 84.3946075439, 6.02761125565, 21.1911792755, 34.014995575, 12.8194684982, 46.8831291199, 114.331214905, 62.3376121521, 22.1406173706, 18.6903362274], [227.569213867, 176.947235107, 64.8999862671, 60.3578720093, 10.6593313217, 19.0218582153, 23.3116226196, 33.0873222351, 46.3264923096, 62.3376121521, 112.244003296, 57.762878418, 22.8279647827], [249.346511841, 61.1050567627, 31.2978210449, 15.5112724304, 13.9041948318, 19.8811950684, 11.2186470032, 28.4842662811, 31.9962711334, 22.1406173706, 57.762878418, 89.1121139526, 44.8184623718], [146.85635376, 37.5867118835, 11.2493515015, -14.7099437714, 10.0391235352, 8.44204235077, 5.93527126312, 16.8119125366, 28.3012199402, 18.6903362274, 22.8279647827, 44.8184623718, 83.42162323]], "icov": [[0.000131126638735, 3.24441680277e-05, -6.32842056802e-05, -2.52538502536e-05, -0.000106411192974, -5.92317810515e-05, 0.000122262659715, -0.000181451512617, -0.000196625856915, -1.91060153156e-05, -2.56349885603e-05, -0.000191079263459, -1.4045583157e-05], [3.24441680277e-05, 0.000982168479823, 0.000237443979131, -0.000852605968248, -0.000348539208062, 0.00113588932436, -0.000272842677077, 0.000590715673752, -0.00111367355566, 0.000710694526788, -0.00165335624479, 0.000458484340925, -0.000429941981565], [-6.32842056802e-05, 0.000237443979131, 0.00172585737891, -0.000940517347772, -0.000213270570384, -0.000376354990294, 5.93925033172e-05, 0.000172090905835, -3.83739243262e-05, 7.16850263416e-05, -0.000847214017995, 0.000332122872351, -0.000318946957123], [-2.52538502536e-05, -0.000852605968248, -0.000940517347772, 0.00422925222665, 0.00116031547077, -0.00257826340385, -0.00115224707406, 0.000188697085832, 0.00127432111185, -0.00211920263246, 0.000753774889745, -0.00047464016825, 0.00155763782095], [-0.000106411192974, -0.000348539208062, -0.000213270570384, 0.00116031547077, 0.00542777823284, -0.00265516922809, -0.000920343620237, 0.000369096116628, -0.00124268652871, 0.000317151396303, 0.000559577951208, -4.69587539556e-05, 0.000406964012654], [-5.92317810515e-05, 0.00113588932436, -0.000376354990294, -0.00257826340385, -0.00265516922809, 0.0114968679845, -0.00352895702235, 0.00101456046104, -0.00171783659607, 0.00157840293832, -0.000878206046764, -0.000953760521952, -0.000626831199042], [0.000122262659715, -0.000272842677077, 5.93925033172e-05, -0.00115224707406, -0.000920343620237, -0.00352895702235, 0.0120652597398, -0.00524709559977, 0.00244237249717, -0.00294594955631, 0.000905967026483, 0.00055949005764, -0.000353642535629], [-0.000181451512617, 0.000590715673752, 0.000172090905835, 0.000188697085832, 0.000369096116628, 0.00101456046104, -0.00524709559977, 0.0174512527883, -0.00756210507825, 0.00415930291638, -0.00361102470197, -0.00118542416021, 3.12506490445e-05], [-0.000196625856915, -0.00111367355566, -3.83739243262e-05, 0.00127432111185, -0.00124268652871, -0.00171783659607, 0.00244237249717, -0.00756210507825, 0.0212490484118, -0.00710526201874, -0.00040660329978, -0.000579717627261, -0.00244281371124], [-1.91060153156e-05, 0.000710694526788, 7.16850263416e-05, -0.00211920263246, 0.000317151396303, 0.00157840293832, -0.00294594955631, 0.00415930291638, -0.00710526201874, 0.017264502123, -0.00908717885613, 0.00402396637946, -0.0026292251423], [-2.56349885603e-05, -0.00165335624479, -0.000847214017995, 0.000753774889745, 0.000559577951208, -0.000878206046764, 0.000905967026483, -0.00361102470197, -0.00040660329978, -0.00908717885613, 0.0233059879392, -0.0122425612062, 0.00409568939358], [-0.000191079263459, 0.000458484340925, 0.000332122872351, -0.00047464016825, -4.69587539556e-05, -0.000953760521952, 0.00055949005764, -0.00118542416021, -0.000579717627261, 0.00402396637946, -0.0122425612062, 0.0241138860583, -0.0100074205548], [-1.4045583157e-05, -0.000429941981565, -0.000318946957123, 0.00155763782095, 0.000406964012654, -0.000626831199042, -0.000353642535629, 3.12506490445e-05, -0.00244281371124, -0.0026292251423, 0.00409568939358, -0.0100074205548, 0.0182302836329]]}, "spectral_contrast_coeffs": {"dmean": [0.049802698195, 0.0402445718646, 0.0340348482132, 0.028585864231, 0.0234662480652, 0.0224261824042], "dmean2": [0.0792323872447, 0.0668076351285, 0.056209590286, 0.046693701297, 0.0385689474642, 0.0332418344915], "dvar": [0.00219033984467, 0.0010108104907, 0.000802380614914, 0.000545693037566, 0.000389457767596, 0.000466510653496], "dvar2": [0.00502898171544, 0.00285331136547, 0.00210031797178, 0.00132752372883, 0.000961165351328, 0.00090468704002], "max": [-0.388729393482, -0.598059117794, -0.559990942478, -0.595198810101, -0.549272656441, -0.614154577255], "mean": [-0.703063964844, -0.78859436512, -0.804823577404, -0.782725811005, -0.774729907513, -0.765924453735], "median": [-0.71658462286, -0.790632367134, -0.8091173172, -0.787863790989, -0.778589725494, -0.766737222672], "min": [-0.97035741806, -0.989330172539, -0.976358830929, -0.978519439697, -0.974020183086, -0.966480374336], "var": [0.00693238014355, 0.00282922829501, 0.00259946915321, 0.00263036112301, 0.00215575657785, 0.00224943296053]}, "spectral_contrast_valleys": {"dmean": [0.330841243267, 0.408659994602, 0.38349249959, 0.318983048201, 0.346360862255, 0.451743721962], "dmean2": [0.535410881042, 0.646310925484, 0.599599063396, 0.473948448896, 0.496049761772, 0.608000636101], "dvar": [0.139186874032, 0.213345378637, 0.226184338331, 0.175078943372, 0.219673261046, 0.344138413668], "dvar2": [0.244224205613, 0.416335046291, 0.418690651655, 0.266457140446, 0.372184067965, 0.583485782146], "max": [-5.41684055328, -5.09332227707, -5.20963478088, -5.55132198334, -4.96950197