{"lowlevel": {"average_loudness": 0.943784713745, "barkbands_crest": {"dmean": 2.71042132378, "dmean2": 4.32971429825, "dvar": 8.05309581757, "dvar2": 19.6935424805, "max": 26.7347698212, "mean": 14.3058080673, "median": 13.5474920273, "min": 2.70693349838, "var": 28.9381828308}, "barkbands_flatness_db": {"dmean": 0.0298597980291, "dmean2": 0.0442734733224, "dvar": 0.000955325551331, "dvar2": 0.0019884663634, "max": 0.703847110271, "mean": 0.177922487259, "median": 0.170877933502, "min": 0.026638712734, "var": 0.00481852283701}, "barkbands_kurtosis": {"dmean": 8.04377746582, "dmean2": 12.3409833908, "dvar": 1245.17407227, "dvar2": 2125.56616211, "max": 2579.55883789, "mean": 15.1021633148, "median": 6.51344347, "min": -1.98301959038, "var": 4323.85498047}, "barkbands_skewness": {"dmean": 0.796600997448, "dmean2": 1.22366404533, "dvar": 1.06415426731, "dvar2": 2.41026568413, "max": 42.1541633606, "mean": 2.78089094162, "median": 2.44669294357, "min": -2.04707694054, "var": 4.46663570404}, "barkbands_spread": {"dmean": 7.46241569519, "dmean2": 12.0035009384, "dvar": 114.845954895, "dvar2": 297.270233154, "max": 134.967788696, "mean": 18.7146453857, "median": 14.7377719879, "min": 0.0276690460742, "var": 221.532730103}, "dissonance": {"dmean": 0.020675484091, "dmean2": 0.0345570854843, "dvar": 0.00041809346294, "dvar2": 0.00114999129437, "max": 0.500000059605, "mean": 0.454929739237, "median": 0.462913990021, "min": 0.24070109427, "var": 0.00104479165748}, "dynamic_complexity": 3.8045873642, "erbbands_crest": {"dmean": 2.80324316025, "dmean2": 4.32528114319, "dvar": 7.01935243607, "dvar2": 15.8942499161, "max": 31.523191452, "mean": 11.1801633835, "median": 9.99649524689, "min": 2.22236680984, "var": 29.0008888245}, "erbbands_flatness_db": {"dmean": 0.0238232593983, "dmean2": 0.0326798968017, "dvar": 0.000653995259199, "dvar2": 0.00118397164624, "max": 0.422650396824, "mean": 0.140971571207, "median": 0.127729400992, "min": 0.0313628576696, "var": 0.00331600289792}, "erbbands_kurtosis": {"dmean": 1.11949372292, "dmean2": 1.74919486046, "dvar": 12.1562786102, "dvar2": 28.1215000153, "max": 204.014770508, "mean": 0.728797018528, "median": -0.250468373299, "min": -1.8900603056, "var": 36.8617858887}, "erbbands_skewness": {"dmean": 0.405317097902, "dmean2": 0.623670220375, "dvar": 0.202174976468, "dvar2": 0.481801986694, "max": 10.1681365967, "mean": 0.508558630943, "median": 0.427725672722, "min": -4.246342659, "var": 0.759592175484}, "erbbands_spread": {"dmean": 11.9062929153, "dmean2": 17.5643768311, "dvar": 183.722183228, "dvar2": 426.783630371, "max": 247.687042236, "mean": 51.2922363281, "median": 47.1868972778, "min": 1.01811790466, "var": 720.365722656}, "hfc": {"dmean": 12.2802143097, "dmean2": 18.3541584015, "dvar": 637.862915039, "dvar2": 1591.00671387, "max": 297.149230957, "mean": 20.5670490265, "median": 12.8688240051, "min": 1.17771315402e-16, "var": 708.124084473}, "melbands_crest": {"dmean": 2.82146859169, "dmean2": 4.41210889816, "dvar": 7.95378732681, "dvar2": 19.2182693481, "max": 33.528175354, "mean": 17.9811668396, "median": 18.1587314606, "min": 1.89713811874, "var": 24.6334075928}, "melbands_flatness_db": {"dmean": 0.0345627367496, "dmean2": 0.0508999824524, "dvar": 0.00130600924604, "dvar2": 0.00276317354292, "max": 0.851506173611, "mean": 0.264708161354, "median": 0.259703397751, "min": 0.00452595297247, "var": 0.00704863062128}, "melbands_kurtosis": {"dmean": 16.9532852173, "dmean2": 26.5452003479, "dvar": 1041.37414551, "dvar2": 2617.45019531, "max": 1304.7409668, "mean": 36.5483207703, "median": 21.3484668732, "min": -1.74906134605, "var": 3371.37011719}, "melbands_skewness": {"dmean": 1.07070577145, "dmean2": 1.62122869492, "dvar": 1.52479469776, "dvar2": 3.66932439804, "max": 27.4656734467, "mean": 4.29125547409, "median": 3.84929132462, "min": -1.0211224556, "var": 5.91499757767}, "melbands_spread": {"dmean": 5.48812437057, "dmean2": 8.73719787598, "dvar": 90.3669281006, "dvar2": 225.892471313, "max": 180.614059448, "mean": 13.5783061981, "median": 10.0074062347, "min": 0.249034494162, "var": 182.566375732}, "pitch_salience": {"dmean": 0.0717011839151, "dmean2": 0.113562509418, "dvar": 0.00568086607382, "dvar2": 0.0130714857951, "max": 0.875229179859, "mean": 0.4128485322, "median": 0.415072381496, "min": 0.0219157878309, "var": 0.0159749891609}, "silence_rate_20dB": {"dmean": 0, "dmean2": 0, "dvar": 0, "dvar2": 0, "max": 1, "mean": 1, "median": 1, "min": 1, "var": 0}, "silence_rate_30dB": {"dmean": 0.0908948406577, "dmean2": 0.181818187237, "dvar": 0.0826338157058, "dvar2": 0.173220053315, "max": 1, "mean": 0.896270751953, "median": 1, "min": 0, "var": 0.0929710790515}, "silence_rate_60dB": {"dmean": 0.0244475789368, "dmean2": 0.0489028207958, "dvar": 0.023847617209, "dvar2": 0.0508996210992, "max": 1, "mean": 0.0882168635726, "median": 0, "min": 0, "var": 0.0804349333048}, "spectral_centroid": {"dmean": 272.030395508, "dmean2": 432.915130615, "dvar": 137911.1875, "dvar2": 341370.34375, "max": 11552.5585938, "mean": 1038.8223877, "median": 916.827880859, "min": 73.8769989014, "var": 352807.125}, "spectral_complexity": {"dmean": 3.24964737892, "dmean2": 4.82915353775, "dvar": 21.0801544189, "dvar2": 43.5506477356, "max": 50, "mean": 12.3686933517, "median": 11, "min": 0, "var": 56.6583862305}, "spectral_decrease": {"dmean": 5.20489029654e-09, "dmean2": 8.11462541606e-09, "dvar": 9.15812684316e-17, "dvar2": 2.21647915573e-16, "max": -1.15516172159e-29, "mean": -1.14717959576e-08, "median": -7.69274954848e-09, "min": -9.50085379259e-08, "var": 1.46951547496e-16}, "spectral_energy": {"dmean": 0.0204523224384, "dmean2": 0.0317683778703, "dvar": 0.00137829070445, "dvar2": 0.00331667694263, "max": 0.363646745682, "mean": 0.0451627075672, "median": 0.0306035764515, "min": 1.07258054337e-20, "var": 0.00221903552301}, "spectral_energyband_high": {"dmean": 0.000995678943582, "dmean2": 0.00153898634017, "dvar": 6.27826875643e-06, "dvar2": 1.63246968441e-05, "max": 0.0344947390258, "mean": 0.00115870288573, "median": 0.000419848249294, "min": 7.64173522125e-21, "var": 5.75022068006e-06}, "spectral_energyband_low": {"dmean": 0.0148619124666, "dmean2": 0.0234500728548, "dvar": 0.00109010760207, "dvar2": 0.002739822492, "max": 0.336459368467, "mean": 0.0292052067816, "median": 0.0140571920201, "min": 8.85511259804e-23, "var": 0.00160407403018}, "spectral_energyband_middle_high": {"dmean": 0.00147427851334, "dmean2": 0.00222671078518, "dvar": 7.26187045075e-06, "dvar2": 1.74686410901e-05, "max": 0.0373610593379, "mean": 0.00331586436369, "median": 0.00201181229204, "min": 1.2895619532e-21, "var": 1.4995294805e-05}, "spectral_energyband_middle_low": {"dmean": 0.00721913669258, "dmean2": 0.0112654250115, "dvar": 0.000207591729122, "dvar2": 0.00053732242668, "max": 0.1796425879, "mean": 0.0123542882502, "median": 0.00777223706245, "min": 3.99155338158e-22, "var": 0.000227687429287}, "spectral_entropy": {"dmean": 0.261555463076, "dmean2": 0.381062954664, "dvar": 0.085561349988, "dvar2": 0.166798293591, "max": 9.80579090118, "mean": 7.38771343231, "median": 7.5078587532, "min": 3.86945557594, "var": 0.366409808397}, "spectral_flux": {"dmean": 0.0419378913939, "dmean2": 0.0643398240209, "dvar": 0.00380572094582, "dvar2": 0.00814566481858, "max": 0.512578904629, "mean": 0.0843379721045, "median": 0.0571316704154, "min": 6.66794189308e-11, "var": 0.00610561901703}, "spectral_kurtosis": {"dmean": 1.83674299717, "dmean2": 2.87656903267, "dvar": 9.17705726624, "dvar2": 22.4639663696, "max": 73.6364974976, "mean": 4.64396476746, "median": 3.06356096268, "min": -1.22265172005, "var": 29.0338554382}, "spectral_rms": {"dmean": 0.00130094273482, "dmean2": 0.00192579417489, "dvar": 3.50794311998e-06, "dvar2": 7.72586645326e-06, "max": 0.0188355334103, "mean": 0.00579414749518, "median": 0.00546416966245, "min": 3.23484164802e-12, "var": 1.04890132206e-05}, "spectral_rolloff": {"dmean": 586.882751465, "dmean2": 1044.70410156, "dvar": 2303467.75, "dvar2": 6124402, "max": 18970.7519531, "mean": 973.250854492, "median": 366.064453125, "min": 64.599609375, "var": 3099821.5}, "spectral_skewness": {"dmean": 0.245758861303, "dmean2": 0.37671688199, "dvar": 0.0830008387566, "dvar2": 0.187588974833, "max": 7.14509916306, "mean": 1.63219797611, "median": 1.49408650398, "min": -0.0574255920947, "var": 0.404731452465}, "spectral_spread": {"dmean": 1076894.625, "dmean2": 1529677.875, "dvar": 1483781439490.0, "dvar2": 3265425833980.0, "max": 41490168, "mean": 6034840, "median": 5946747, "min": 1153309.875, "var": 6392270290940.0}, "spectral_strongpeak": {"dmean": 0.325558662415, "dmean2": 0.547570168972, "dvar": 0.386337399483, "dvar2": 0.897819280624, "max": 13.4673528671, "mean": 0.728025913239, "median": 0.537688374519, "min": 0, "var": 0.652153730392}, "zerocrossingrate": {"dmean": 0.0136313950643, "dmean2": 0.0161689203233, "dvar": 0.000243963761022, "dvar2": 0.000338075420586, "max": 0.5048828125, "mean": 0.0521707311273, "median": 0.0419921875, "min": 0.001953125, "var": 0.00179118942469}, "barkbands": {"dmean": [0.000149104744196, 0.0124489022419, 0.00298091606237, 0.00184002518654, 0.0036569761578, 0.00217066938058, 0.000412795896409, 0.000279403291643, 0.000240150693571, 0.000194222302525, 0.000462239375338, 0.000235690706177, 0.000246706214966, 0.000133940658998, 0.000101049467048, 0.00022663056734, 0.000113010835776, 0.000118244599435, 0.000182583462447, 0.00013405973732, 0.000101238903881, 0.000294182565995, 0.000158689173986, 0.00011946252198, 0.000163226723089, 0.00015729261213, 2.21183690883e-05], "dmean2": [0.000241995163378, 0.0199059545994, 0.00490846298635, 0.0032359957695, 0.00613033445552, 0.00318680074997, 0.000676123832818, 0.000398397620302, 0.000329719914589, 0.000260996603174, 0.00069928879384, 0.000381820340408, 0.000365819752915, 0.000202251234441, 0.000163428034284, 0.000369014043827, 0.000185151642654, 0.000189180034795, 0.000306155212456, 0.000211472026422, 0.000147912272951, 0.000504754134454, 0.000246954237809, 0.000197679793928, 0.000258681102423, 0.000249751057709, 3.50806330971e-05], "dvar": [1.44350352116e-07, 0.000803925911896, 6.56908086967e-05, 3.21118495776e-05, 5.79750958423e-05, 1.27103157865e-05, 1.38917630466e-06, 9.72952193479e-07, 6.72189173656e-07, 2.75134311778e-07, 1.27178850562e-06, 3.49808999545e-07, 7.81611788625e-07, 8.22904340225e-08, 1.03930865691e-07, 2.81681536762e-07, 1.28517541498e-07, 1.03561717424e-07, 6.10516451616e-07, 1.23773347127e-07, 1.02354597686e-07, 2.06430763683e-06, 1.78920174676e-07, 1.72598262793e-07, 1.30603822868e-07, 3.59045003506e-07, 2.20841811505e-09], "dvar2": [3.63205430176e-07, 0.00205494044349, 0.000171980966115, 8.85390836629e-05, 0.00015291152522, 2.94434885291e-05, 3.49530887434e-06, 2.07914354178e-06, 1.11141321213e-06, 3.332134213e-07, 2.8493489026e-06, 8.39553706555e-07, 1.7653813984e-06, 1.8296827875e-07, 2.67945438281e-07, 6.8452305868e-07, 3.49395151034e-07, 2.64538613237e-07, 1.68729025063e-06, 2.88498199552e-07, 2.06172487083e-07, 5.99277882429e-06, 4.62756446495e-07, 4.82752795961e-07, 3.33214018156e-07, 8.82096685473e-07, 5.49248246884e-09], "max": [0.00871232151985, 0.301600635052, 0.094472207129, 0.0780697464943, 0.0923023819923, 0.0495068430901, 0.0177612230182, 0.0136851314455, 0.0208243764937, 0.0213167704642, 0.0225315131247, 0.00938147120178, 0.0173036791384, 0.00710766157135, 0.0108329979703, 0.00999443419278, 0.00669623585418, 0.00737773673609, 0.0153113706037, 0.00951988529414, 0.0103734638542, 0.0243381224573, 0.00551538355649, 0.00835856143385, 0.00341416336596, 0.0104353595525, 0.000598794373218], "mean": [0.000199280897505, 0.0243374966085, 0.00396993709728, 0.00162561587058, 0.00465336581692, 0.0042660352774, 0.000497094530147, 0.000494648818858, 0.000487995828735, 0.00044030949357, 0.0010045588715, 0.00039215531433, 0.000370221503545, 0.000220927860937, 0.000130301355966, 0.000311209238134, 0.000151331245434, 0.000155390705913, 0.000209029545658, 0.000170795188751, 0.00016069393314, 0.000257687381236, 0.000175580877112, 0.00012449582573, 0.000177947076736, 0.000153325687279, 2.52582194662e-05], "median": [4.35418769484e-05, 0.00900352839381, 0.00091465638252, 0.000196262044483, 0.00235601770692, 0.00243401736952, 0.00014657205611, 6.49884314043e-05, 6.60592850181e-05, 0.000124875747133, 0.000174209359102, 9.55663053901e-05, 4.63270989712e-05, 8.56539845699e-05, 4.29867723142e-05, 0.000103866805148, 6.04108499829e-05, 5.32921403646e-05, 8.16522951936e-05, 5.98528604314e-05, 5.89925075474e-05, 5.51654738956e-05, 4.12958070228e-05, 3.61847523891e-05, 4.35862675658e-05, 2.845988638e-05, 4.28263319918e-06], "min": [1.12516666639e-23, 3.12212087407e-23, 2.07155757235e-23, 6.84707678791e-24, 7.803487174e-23, 3.42038034709e-23, 2.4643249484e-23, 1.79844004301e-23, 1.4701576599e-22, 2.88796108276e-23, 4.36522713672e-23, 6.84067675938e-23, 1.06090646725e-22, 4.15024897164e-23, 1.30929150327e-22, 1.0490964622e-22, 1.42758353104e-22, 2.36687251161e-22, 1.96210154403e-22, 2.51814725558e-22, 4.49820706035e-22, 3.60652488878e-22, 4.80116902789e-22, 9.26090290013e-22, 1.21114549366e-21, 1.63280424403e-21, 2.41276286025e-21], "var": [1.94008279664e-07, 0.00121231481899, 6.98943331372e-05, 2.38683896896e-05, 5.14401544933e-05, 2.87329548883e-05, 1.32691661747e-06, 1.76267087681e-06, 2.30069417739e-06, 1.82875749033e-06, 4.82144923808e-06, 6.08593154539e-07, 1.421753268e-06, 1.54417080012e-07, 1.04701911141e-07, 4.0505918264e-07, 1.13528386692e-07, 1.26234226627e-07, 4.4085570039e-07, 1.4909775814e-07, 1.77700911763e-07, 1.20106722079e-06, 1.67758898328e-07, 1.19234570661e-07, 1.34713957323e-07, 3.23105780353e-07, 3.02387870299e-09]}, "erbbands": {"dmean": [0.293011575937, 3.05794692039, 4.49468278885, 3.94860291481, 8.9046163559, 11.7241563797, 21.2925453186, 17.0563201904, 6.40303897858, 6.11948823929, 5.36709976196, 6.74495029449, 6.59370088577, 4.61688137054, 22.2668876648, 10.9611949921, 11.5919151306, 8.15694904327, 5.0061750412, 8.56464481354, 9.2130689621, 4.63079357147, 5.95629930496, 10.568734169, 6.96199464798, 6.99497795105, 4.56875038147, 4.25890111923, 11.167842865, 6.69611692429, 4.90253162384, 3.10912370682, 1.55300724506, 1.44311022758, 1.37520110607, 1.10167217255, 0.174629688263, 0.0307118725032, 0.00325440871529, 0.000227112337598], "dmean2": [0.478999614716, 4.89362859726, 7.18493318558, 6.82645177841, 16.1961307526, 19.4806480408, 32.8838615417, 25.4109325409, 10.1006565094, 9.43221759796, 7.82685709, 9.00280666351, 8.44468402863, 7.18937540054, 33.6982154846, 17.448972702, 17.2048053741, 12.1933898926, 8.09989833832, 13.6015310287, 14.8905200958, 7.46838998795, 9.21179008484, 17.8768005371, 11.2506170273, 10.9412212372, 6.70620727539, 6.7165851593, 19.2471008301, 11.07766819, 7.68691539764, 5.10718393326, 2.5043797493, 2.35623311996, 2.18863630295, 1.735424757, 0.279916286469, 0.0499202907085, 0.00518007669598, 0.000336782977683], "dvar": [0.4777970016, 48.2068977356, 129.969100952, 102.6668396, 986.315124512, 515.55255127, 1485.91699219, 880.799255371, 260.870056152, 362.199615479, 403.590057373, 530.896179199, 402.707580566, 86.7745056152, 3221.94116211, 808.015014648, 1553.32678223, 304.035644531, 198.214370728, 658.041320801, 428.915893555, 174.523345947, 225.908813477, 2557.18212891, 692.072570801, 326.022338867, 207.726242065, 146.724197388, 4014.91870117, 710.027648926, 171.738204956, 142.287750244, 24.6978549957, 14.2495727539, 10.0256595612, 19.1471366882, 0.235344156623, 0.00435310136527, 4.62438256363e-05, 2.57330185605e-07], "dvar2": [1.25627338886, 124.092643738, 330.47265625, 279.125915527, 2807.74853516, 1359.91296387, 3664.7890625, 2110.59692383, 649.719421387, 807.662841797, 925.952331543, 848.32598877, 462.333068848, 217.025741577, 7355.00488281, 1907.63085938, 3571.93457031, 663.439025879, 522.629211426, 1655.68212891, 1059.94152832, 471.95501709, 512.412414551, 7313.17382812, 1706.1472168, 759.89239502, 415.533477783, 388.438751221, 11746.5859375, 2014.78820801, 443.668579102, 396.654663086, 68.9476623535, 38.8457832336, 25.5880737305, 46.7385101318, 0.590974450111, 0.0116284536198, 0.000116456729302, 5.54242262751e-07], "max": [7.59548950195, 77.6463088989, 130.990646362, 116.507286072, 437.476745605, 284.686889648, 579.497924805, 442.890716553, 275.198181152, 291.217193604, 366.644775391, 583.100341797, 825.356140137, 191.305343628, 1135.06787109, 469.822235107, 684.005859375, 372.971923828, 476.630371094, 950.857421875, 363.407043457, 234.79675293, 323.396362305, 990.565246582, 857.497497559, 428.637176514, 447.996917725, 181.339889526, 1171.97583008, 722.960510254, 174.804229736, 301.907226562, 135.592285156, 81.9758834839, 30.7563476562, 76.4531555176, 7.90409374237, 0.684453725815, 0.0867408216, 0.00668494589627], "mean": [0.530869543552, 5.9320526123, 7.17651128769, 4.14763212204, 6.82252407074, 16.3132019043, 36.4702301025, 33.1429901123, 10.401515007, 8.62032699585, 9.81376647949, 14.4549751282, 15.9607906342, 9.63430690765, 46.7042655945, 20.5932998657, 18.1894264221, 14.281993866, 6.98002815247, 12.4755010605, 13.10505867, 6.60247039795, 8.9941701889, 11.5175905228, 8.73795604706, 8.90979290009, 6.84004878998, 5.86959791183, 9.84794616699, 6.62392759323, 5.23497772217, 3.20971703529, 1.73001134396, 1.58107829094, 1.43983256817, 1.04745733738, 0.184409752488, 0.0335823632777, 0.00373498024419, 0.000297987018712], "median": [0.195437341928, 2.16877555847, 2.74607634544, 1.33716273308, 1.2967851162, 9.27802658081, 18.7306728363, 16.9446525574, 4.62416362762, 1.6444439888, 1.64541685581, 2.23988389969, 3.9238576889, 3.47092628479, 9.10141086578, 5.80134868622, 3.52335715294, 5.8345451355, 2.80777335167, 5.27550792694, 5.12598085403, 3.18520903587, 3.24586439133, 4.41806697845, 3.57262039185, 3.23440241814, 2.46809387207, 2.02726411819, 2.16495609283, 1.68691182137, 1.11251878738, 0.773899793625, 0.580905675888, 0.453406989574, 0.321221321821, 0.173061400652, 0.0393177494407, 0.00670089386404, 0.000713785528205, 9.39073215704e-05], "min": [2.14872159845e-21, 2.96309100893e-21, 3.270198775e-20, 2.92289859377e-20, 4.87747080504e-20, 3.02883270676e-19, 2.48805304155e-19, 3.2127759615e-19, 3.21064209402e-19, 3.47612933053e-19, 4.37880051374e-19, 3.33119694746e-18, 9.63320789502e-19, 9.49694436476e-19, 2.08699488344e-18, 2.83678592545e-18, 4.17087129598e-18, 2.68731170043e-18, 3.87547227794e-18, 7.44938097432e-18, 6.4303651836e-18, 1.05969694684e-17, 1.02703141901e-17, 9.84486542259e-18, 8.63366207476e-18, 1.24280197811e-17, 1.273290532e-17, 1.84019247824e-17, 1.31444351193e-17, 1.53673184066e-17, 1.43284788189e-17, 1.45164440326e-17, 1.60337397758e-17, 1.29359111587e-17, 8.36368686643e-18, 5.76785100199e-18, 2.95399266196e-18, 1.0678946169e-18, 2.64570022462e-19, 3.02201454132e-20], "var": [0.655850291252, 72.9139709473, 157.984085083, 82.1789932251, 598.545166016, 504.205749512, 2665.8112793, 1987.51013184, 327.141052246, 544.836181641, 689.950744629, 1856.64929199, 2710.49682617, 264.753601074, 10510.1601562, 1498.61669922, 2775.58203125, 612.471801758, 204.011108398, 745.697692871, 574.886413574, 160.063018799, 435.46685791, 1586.15185547, 701.469360352, 390.04776001, 347.115997314, 153.034729004, 2266.75927734, 456.504730225, 160.629165649, 98.5770721436, 17.9720249176, 11.7289619446, 10.0196447372, 16.9703140259, 0.233473658562, 0.00511807808653, 6.09480739513e-05, 3.67273884194e-07]}, "gfcc": {"mean": [-21.7168331146, 79.6769104004, -83.153427124, 33.3218955994, -46.8772659302, 12.1534976959, -34.3470153809, 1.72400081158, -28.0079746246, 5.76011896133, -7.54812240601, 15.3124628067, -0.13844320178], "cov": [[18334.2871094, -2145.37890625, 185.129074097, 637.666687012, -121.921592712, 830.692932129, -368.110595703, 320.286621094, -133.975830078, 604.59362793, -124.914024353, 241.712509155, -393.371643066], [-2145.37890625, 2071.25024414, -352.898132324, 133.126800537, 311.131103516, -35.9549789429, 349.587005615, -24.1557350159, 193.793533325, -141.158416748, 160.394424438, -106.826797485, 78.5993347168], [185.129074097, -352.898132324, 1055.29638672, 215.521820068, 242.267272949, 270.857757568, 132.943588257, 237.380325317, 53.7094650269, 102.236854553, -55.0322113037, -3.13097572327, -45.753742218], [637.666687012, 133.126800537, 215.521820068, 534.727844238, 152.058944702, 167.69859314, 118.10622406, 62.7878646851, 85.6134033203, 51.1989593506, 19.4843044281, -44.3824996948, -18.9260749817], [-121.921592712, 311.131103516, 242.267272949, 152.058944702, 371.752502441, 149.935119629, 142.211746216, 97.5976104736, 90.7651290894, 32.6696929932, 46.0627784729, -11.3307189941, -7.47667169571], [830.692932129, -35.9549789429, 270.857757568, 167.69859314, 149.935119629, 314.265777588, 152.78704834, 155.972076416, 53.6356925964, 62.8488235474, -5.76330423355, -10.5894136429, -70.5146560669], [-368.110595703, 349.587005615, 132.943588257, 118.10622406, 142.211746216, 152.78704834, 260.458496094, 120.280235291, 82.4824905396, -12.1576480865, 13.614862442, -40.3990402222, -18.1044273376], [320.286621094, -24.1557350159, 237.380325317, 62.7878646851, 97.5976104736, 155.972076416, 120.280235291, 198.13961792, 60.2469749451, 38.6079292297, -17.2003135681, -12.4398565292, -54.0535621643], [-133.975830078, 193.793533325, 53.7094650269, 85.6134033203, 90.7651290894, 53.6356925964, 82.4824905396, 60.2469749451, 137.014984131, 26.2975158691, 24.6914081573, -28.9907512665, 2.58679056168], [604.59362793, -141.158416748, 102.236854553, 51.1989593506, 32.6696929932, 62.8488235474, -12.1576480865, 38.6079292297, 26.2975158691, 129.939819336, 29.6138629913, 13.1395292282, -11.0502672195], [-124.914024353, 160.394424438, -55.0322113037, 19.4843044281, 46.0627784729, -5.76330423355, 13.614862442, -17.2003135681, 24.6914081573, 29.6138629913, 116.608612061, 36.5123748779, 24.866104126], [241.712509155, -106.826797485, -3.13097572327, -44.3824996948, -11.3307189941, -10.5894136429, -40.3990402222, -12.4398565292, -28.9907512665, 13.1395292282, 36.5123748779, 118.686286926, 46.3933296204], [-393.371643066, 78.5993347168, -45.753742218, -18.9260749817, -7.47667169571, -70.5146560669, -18.1044273376, -54.0535621643, 2.58679056168, -11.0502672195, 24.866104126, 46.3933296204, 137.711853027]], "icov": [[9.94056026684e-05, 1.66923327924e-05, 0.000122032448417, -0.000134418078233, 2.55007562373e-05, -0.000286970374873, 0.000244404305704, -0.000110900233267, 7.30309766368e-05, -0.000321134226397, 0.000207258373848, -0.000259981694398, 0.000162558542797], [1.66923327924e-05, 0.00121318083256, 0.000439770577941, -4.89071353513e-05, -0.000792508362792, 0.000496764259879, -0.00142725952901, 0.000333839649102, -0.000583569752052, 0.000915442011319, -0.00117578776553, 0.000815372914076, -0.000328578811605], [0.000122032448417, 0.000439770577941, 0.00194208649918, -0.000501720933244, -0.000991327338852, -0.000473507359857, 3.03557608277e-05, -0.00149403244723, 0.000486913340865, -0.000815144332591, 0.000916833989322, -0.000197144632693, -0.000378527212888], [-0.000134418078233, -4.89071353513e-05, -0.000501720933244, 0.0028246010188, -0.000263429334154, -0.000861126172822, -0.000590619398281, 0.00126881210599, -0.000969091488514, 6.83080652379e-05, -0.000561945023946, 0.00120764842723, -0.000451098254416], [2.55007562373e-05, -0.000792508362792, -0.000991327338852, -0.000263429334154, 0.00502289459109, -0.0014140146086, 0.000157436545123, -9.70819528447e-05, -0.00100319331978, -0.000152605396579, -0.00101594009902, -0.000417117844336, 2.14245374082e-05], [-0.000286970374873, 0.000496764259879, -0.000473507359857, -0.000861126172822, -0.0014140146086, 0.00926944520324, -0.00447907485068, -0.00188399711624, 0.000527681375388, -0.00128611293621, 0.000256840139627, -0.000973652291577, 0.00213086535223], [0.000244404305704, -0.00142725952901, 3.03557608277e-05, -0.000590619398281, 0.000157436545123, -0.00447907485068, 0.0113185225055, -0.00430744932964, -0.000686811574269, 0.0019867636729, -0.000384334503906, 0.00121964688879, -0.00121516361833], [-0.000110900233267, 0.000333839649102, -0.00149403244723, 0.00126881210599, -9.70819528447e-05, -0.00188399711624, -0.00430744932964, 0.0129828387871, -0.00369155616499, -0.000999526702799, 0.00184264837299, -0.00185679248534, 0.00301229348406], [7.30309766368e-05, -0.000583569752052, 0.000486913340865, -0.000969091488514, -0.00100319331978, 0.000527681375388, -0.000686811574269, -0.00369155616499, 0.0124422330409, -0.00263307383284, -0.00118904188275, 0.00275017810054, -0.00191006460227], [-0.000321134226397, 0.000915442011319, -0.000815144332591, 6.83080652379e-05, -0.000152605396579, -0.00128611293621, 0.0019867636729, -0.000999526702799, -0.00263307383284, 0.0134815471247, -0.005634422414, 0.00191050767899, -0.000994203845039], [0.000207258373848, -0.00117578776553, 0.000916833989322, -0.000561945023946, -0.00101594009902, 0.000256840139627, -0.000384334503906, 0.00184264837299, -0.00118904188275, -0.005634422414, 0.0151171507314, -0.00649053230882, 0.00126673362684], [-0.000259981694398, 0.000815372914076, -0.000197144632693, 0.00120764842723, -0.000417117844336, -0.000973652291577, 0.00121964688879, -0.00185679248534, 0.00275017810054, 0.00191050767899, -0.00649053230882, 0.0150258950889, -0.00598562508821], [0.000162558542797, -0.000328578811605, -0.000378527212888, -0.000451098254416, 2.14245374082e-05, 0.00213086535223, -0.00121516361833, 0.00301229348406, -0.00191006460227, -0.000994203845039, 0.00126673362684, -0.00598562508821, 0.0115843862295]]}, "melbands": {"dmean": [0.00310094002634, 0.00296755251475, 0.000886110123247, 0.000663391605485, 0.000745576806366, 0.00037734763464, 9.35066564125e-05, 6.5572654421e-05, 4.40027542936e-05, 3.95353235945e-05, 3.20514045598e-05, 1.64321063494e-05, 6.5213542257e-05, 4.08225678257e-05, 2.13384046219e-05, 2.54997557931e-05, 1.53733399202e-05, 8.0841482486e-06, 6.17162777417e-06, 2.06010645343e-05, 8.72567488841e-06, 4.89607145937e-06, 6.10387724009e-06, 6.18738476987e-06, 9.41399321164e-06, 4.99179031976e-06, 5.12877386427e-06, 4.54458813692e-06, 2.92630011245e-06, 2.63571678261e-06, 2.36549885813e-06, 6.62102092974e-06, 6.14096370555e-06, 2.7375215268e-06, 3.12199517793e-06, 2.15688237404e-06, 1.8217796196e-06, 9.6199357813e-07, 1.20313291063e-06, 1.27015312046e-06], "dmean2": [0.00501118786633, 0.00473609659821, 0.00155285024084, 0.00115402473602, 0.00116341200192, 0.000557022343855, 0.000149140832946, 9.89144900814e-05, 6.34864190943e-05, 5.31750447408e-05, 4.12678309658e-05, 2.62713638222e-05, 9.89496547845e-05, 6.3556159148e-05, 3.3470307244e-05, 3.72745089408e-05, 2.31694048125e-05, 1.31225287987e-05, 9.87286603049e-06, 3.35868098773e-05, 1.41929967867e-05, 8.13188853499e-06, 9.58480268309e-06, 9.94117181108e-06, 1.61024763656e-05, 8.35127138998e-06, 8.30226053949e-06, 7.12921928425e-06, 4.40652092948e-06, 3.88433772969e-06, 3.79801531381e-06, 1.16837227324e-05, 1.04217706394e-05, 4.47802358394e-06, 4.94372125104e-06, 3.43236433764e-06, 3.04658328787e-06, 1.52020106725e-06, 2.03225158657e-06, 2.07044195122e-06], "dvar": [5.16477084602e-05, 4.84704578412e-05, 6.3818029048e-06, 2.90962680083e-06, 1.78480490831e-06, 4.13483604689e-07, 6.07488175319e-08, 4.28410302789e-08, 2.43256845778e-08, 1.85212236659e-08, 9.85188286506e-09, 1.23744925418e-09, 2.51370089188e-08, 8.25388735137e-09, 3.61355856349e-09, 1.04335811102e-08, 1.10213826954e-09, 4.82919371159e-10, 4.45482178923e-10, 2.50297693682e-09, 4.81994777424e-10, 3.03773395327e-10, 2.85224011076e-10, 2.98049279701e-10, 2.28991536844e-09, 7.32037486184e-10, 1.90428894875e-10, 1.58096979952e-10, 5.32975469314e-11, 1.74171121969e-10, 3.99547755991e-11, 2.42731568179e-09, 1.02785802092e-09, 9.43393557717e-11, 7.72154978845e-11, 4.65519706117e-11, 5.62561178197e-11, 5.02988796447e-12, 5.02476393827e-11, 9.12315362145e-12], "dvar2": [0.00013271671196, 0.000123478836031, 1.76612411451e-05, 8.03777220426e-06, 4.42190457761e-06, 9.74017325461e-07, 1.5131156772e-07, 9.19968812241e-08, 5.44267990676e-08, 3.0095101522e-08, 1.1247393239e-08, 3.17675330486e-09, 5.74053977687e-08, 1.91018134643e-08, 8.86783890763e-09, 2.24738059273e-08, 2.42669129236e-09, 1.27511823322e-09, 1.14390918959e-09, 6.13817618955e-09, 1.26283639101e-09, 8.47682257721e-10, 7.10793979231e-10, 7.64885266236e-10, 6.56927579001e-09, 1.92709559421e-09, 4.88613316474e-10, 3.5292119227e-10, 1.12316198009e-10, 3.49287987422e-10, 1.07770091462e-10, 7.15752923597e-09, 2.97665603277e-09, 2.60018367948e-10, 2.01166042157e-10, 1.21784249352e-10, 1.58201673983e-10, 1.29099994584e-11, 1.47046569365e-10, 2.38531364799e-11], "max": [0.0772958248854, 0.0770318880677, 0.032939568162, 0.0226999018341, 0.0182542409748, 0.00936294812709, 0.00417625484988, 0.00316336820833, 0.00278619909659, 0.0031479250174, 0.00410060025752, 0.000695697672199, 0.00300238560885, 0.00141686899588, 0.000854924612213, 0.00238516763784, 0.000856885220855, 0.000722339376807, 0.000796288892161, 0.000961762212683, 0.000431957800174, 0.000360673380783, 0.000440215633716, 0.000343861494912, 0.000944616564084, 0.00074004556518, 0.000240621186094, 0.000372368725948, 0.000214406492887, 0.000460073060822, 0.000122486264445, 0.000952023896389, 0.000998555566184, 0.000193113213754, 0.000143878074596, 0.000105468912807, 0.000183657859452, 3.17608282785e-05, 0.000230568475672, 3.76483985747e-05], "mean": [0.00604763999581, 0.00545743247494, 0.000840534921736, 0.00071270565968, 0.00127292436082, 0.000743016600609, 0.000137558905408, 9.58805248956e-05, 8.20097920951e-05, 8.43255547807e-05, 7.62330018915e-05, 2.93407756544e-05, 0.000141005613841, 7.78237736085e-05, 3.40218903148e-05, 3.93335940316e-05, 2.5887393349e-05, 1.08665344669e-05, 8.12886082713e-06, 2.86506492557e-05, 1.19989053928e-05, 6.47224942441e-06, 8.63800050865e-06, 7.93732488091e-06, 9.77971558314e-06, 5.78885146751e-06, 6.39786367174e-06, 5.67158622289e-06, 4.03103695135e-06, 4.10528400607e-06, 3.14332169182e-06, 5.50996128368e-06, 5.43423402632e-06, 2.94667665912e-06, 3.26552026308e-06, 2.27780901696e-06, 1.83310999091e-06, 1.12247630568e-06, 1.22414439829e-06, 1.38850384701e-06], "median": [0.00217643077485, 0.00276761176065, 0.000222075890633, 0.000320670253132, 0.000730008236133, 0.000404049351346, 5.27856100234e-05, 1.4985931557e-05, 1.25052192743e-05, 1.22764977277e-05, 1.72425043274e-05, 9.51317269937e-06, 2.58284126176e-05, 1.89239526662e-05, 7.20787829778e-06, 4.87601073473e-06, 9.84913822322e-06, 3.94844028051e-06, 2.87951957034e-06, 1.01591685961e-05, 4.75990827908e-06, 2.73080650004e-06, 2.82323344436e-06, 2.72058241535e-06, 3.44916952599e-06, 2.26547786042e-06, 2.39529299506e-06, 1.93938649318e-06, 1.46980266891e-06, 1.08827077838e-06, 1.0336948435e-06, 1.09153597805e-06, 1.11300835215e-06, 7.60999341765e-07, 6.26724499853e-07, 5.04792751599e-07, 4.2034633907e-07, 3.61991908449e-07, 3.41329382536e-07, 3.74370415557e-07], "min": [1.3840236416e-23, 1.27935931219e-23, 5.32906070394e-24, 1.34405868596e-23, 1.07343608701e-23, 6.83683579564e-24, 6.14001641982e-24, 5.61053534682e-24, 2.63251127669e-24, 1.88604462426e-23, 4.31833345798e-24, 3.56769759679e-24, 6.82538863504e-24, 4.80250630489e-24, 7.53183250833e-24, 7.74847422328e-24, 4.29030641331e-24, 4.32319678547e-24, 1.06490723844e-23, 7.40599972761e-24, 6.4178358757e-24, 9.48509234156e-24, 9.37027758111e-24, 9.63409238934e-24, 7.1276422686e-24, 6.69811145001e-24, 6.84069017002e-24, 7.7881602377e-24, 5.52131399515e-24, 1.06052030406e-23, 9.06507676321e-24, 7.43501087626e-24, 3.97792932776e-24, 9.42932855303e-24, 7.99938247824e-24, 8.12039610769e-24, 8.4722525261e-24, 1.0041748095e-23, 1.26271734476e-23, 9.21631559824e-24], "var": [7.73520368966e-05, 6.50921138003e-05, 4.5926999519e-06, 2.07378798223e-06, 2.75175284514e-06, 9.33012017867e-07, 6.98829651924e-08, 7.07561795821e-08, 4.64287985835e-08, 6.26524681024e-08, 6.68878783472e-08, 2.89720425428e-09, 9.3814662705e-08, 2.04126546777e-08, 5.9363367555e-09, 2.00849168408e-08, 2.13325468401e-09, 4.96552021723e-10, 4.43803854777e-10, 3.48622974933e-09, 5.11832021211e-10, 2.39253339362e-10, 3.88777676719e-10, 3.39052619314e-10, 1.3958900702e-09, 6.15781647895e-10, 1.84516332769e-10, 2.00645292048e-10, 8.01263222439e-11, 2.89396728803e-10, 4.084526814e-11, 1.3161270962e-09, 5.9635885119e-10, 6.84403436702e-11, 6.97769203528e-11, 4.09338916929e-11, 3.73901916373e-11, 5.06505211037e-12, 2.82972638377e-11, 8.57504518781e-12]}, "mfcc": {"mean": [-675.287780762, 115.595649719, 21.2735767365, 31.1902656555, 10.2359170914, 12.5073451996, 4.90331697464, 3.27941560745, -5.67386245728, -7.8357000351, -6.05952882767, -3.73907732964, 6.32237434387], "cov": [[10980.8798828, -520.443115234, 154.099731445, 105.513214111, 129.780258179, 361.788146973, 81.2489929199, 50.5494041443, -8.2557220459, 195.144302368, 110.86819458, 154.38772583, 249.811584473], [-520.443115234, 1388.93530273, -263.440734863, 141.879074097, 56.1301460266, 70.2908477783, 110.066688538, 122.753837585, 48.9090957642, 7.49509143829, 34.2305297852, 99.1331481934, 68.4524917603], [154.099731445, -263.440734863, 684.367675781, 123.566360474, 178.763442993, 115.216560364, 143.285247803, 117.821807861, 149.565246582, 149.081558228, 75.9180831909, 42.4407463074, -4.48298215866], [105.513214111, 141.879074097, 123.566360474, 326.540466309, 133.098403931, 128.609619141, 74.2150650024, 55.4222755432, 61.0446739197, 74.7340164185, 47.1173744202, 11.9376869202, -2.30737400055], [129.780258179, 56.1301460266, 178.763442993, 133.098403931, 272.158447266, 117.498382568, 101.376998901, 67.0799255371, 74.2763137817, 75.4450302124, 72.0318756104, 46.7779884338, 22.1974449158], [361.788146973, 70.2908477783, 115.216560364, 128.609619141, 117.498382568, 196.379165649, 109.053031921, 83.6901550293, 60.9732513428, 84.5511398315, 52.0000305176, 53.4234695435, 33.0184516907], [81.2489929199, 110.066688538, 143.285247803, 74.2150650024, 101.376998901, 109.053031921, 199.557037354, 121.025222778, 81.1250534058, 74.8940048218, 66.0648880005, 66.5962905884, 21.2450752258], [50.5494041443, 122.753837585, 117.821807861, 55.4222755432, 67.0799255371, 83.6901550293, 121.025222778, 202.48538208, 103.415931702, 61.4770507812, 56.0787506104, 69.9693832397, 31.0124263763], [-8.2557220459, 48.9090957642, 149.565246582, 61.0446739197, 74.2763137817, 60.9732513428, 81.1250534058, 103.415931702, 169.491592407, 96.9020309448, 31.5057735443, 32.6801376343, 4.55213308334], [195.144302368, 7.49509143829, 149.081558228, 74.7340164185, 75.4450302124, 84.5511398315, 74.8940048218, 61.4770507812, 96.9020309448, 182.120605469, 84.5188369751, 41.7668609619, -16.5823459625], [110.86819458, 34.2305297852, 75.9180831909, 47.1173744202, 72.0318756104, 52.0000305176, 66.0648880005, 56.0787506104, 31.5057735443, 84.5188369751, 155.788574219, 68.6294021606, -10.9699907303], [154.38772583, 99.1331481934, 42.4407463074, 11.9376869202, 46.7779884338, 53.4234695435, 66.5962905884, 69.9693832397, 32.6801376343, 41.7668609619, 68.6294021606, 161.493362427, 49.0812759399], [249.811584473, 68.4524917603, -4.48298215866, -2.30737400055, 22.1974449158, 33.0184516907, 21.2450752258, 31.0124263763, 4.55213308334, -16.5823459625, -10.9699907303, 49.0812759399, 173.66065979]], "icov": [[0.00010592918261, 5.73809484194e-05, 2.58103245869e-05, 8.50930337037e-06, 2.11096448766e-05, -0.000217761858949, 4.94161286042e-05, 5.93310687691e-06, 8.31372890389e-05, -0.00011360787903, -1.13544656415e-05, -3.94089765905e-05, -0.000145224519656], [5.73809484194e-05, 0.00105205085129, 0.000727881211787, -0.000545782560948, -0.000124234822579, 0.000167729973327, -0.000487137789605, -0.000410406151786, -0.000171534571564, -5.80325540795e-05, 0.000130367596284, -0.000424656143878, -0.000241611225647], [2.58103245869e-05, 0.000727881211787, 0.00264105130918, -0.000449390121503, -0.00091169110965, 0.000313045049552, -0.000935833610129, -0.000434794579633, -0.000897299672943, -0.000889220100362, 0.000234855513554, -7.41327603464e-05, -3.82880098186e-05], [8.50930337037e-06, -0.000545782560948, -0.000449390121503, 0.00489088054746, -0.00113951636013, -0.00260119140148, 0.000542705587577, 0.000198559471755, -0.000212897692109, -0.000157483329531, -0.000358571007382, 0.00105966138653, 0.000463050208054], [2.11096448766e-05, -0.000124234822579, -0.00091169110965, -0.00113951636013, 0.00633816653863, -0.00191503227688, -0.000863028282765, 0.0010483689839, -0.00122865498997, 0.000886654364876, -0.00178322254214, 2.35243442148e-05, -0.000550173164811], [-0.000217761858949, 0.000167729973327, 0.000313045049552, -0.00260119140148, -0.00191503227688, 0.0113149061799, -0.00310861505568, -0.00140070938505, 0.00129606341943, -0.00285035814159, 0.00125724100508, -0.000824882183224, -0.00104904372711], [4.94161286042e-05, -0.000487137789605, -0.000935833610129, 0.000542705587577, -0.000863028282765, -0.00310861505568, 0.0106796938926, -0.00340435211547, -0.000420034542913, -2.28076696658e-05, -0.00106848170981, -0.000725067220628, 0.000253038393566], [5.93310687691e-06, -0.000410406151786, -0.000434794579633, 0.000198559471755, 0.0010483689839, -0.00140070938505, -0.00340435211547, 0.0105499904603, -0.00487150717527, 0.00195103802253, -0.00169000274036, -0.00127255811822, -0.000623680709396], [8.31372890389e-05, -0.000171534571564, -0.000897299672943, -0.000212897692109, -0.00122865498997, 0.00129606341943, -0.000420034542913, -0.00487150717527, 0.0127820810303, -0.00577252777293, 0.00306034344248, 8.27091207611e-05, 3.76832576876e-05], [-0.00011360787903, -5.80325540795e-05, -0.000889220100362, -0.000157483329531, 0.000886654364876, -0.00285035814159, -2.28076696658e-05, 0.00195103802253, -0.00577252777293, 0.0121914641932, -0.00491786934435, -3.81206191378e-05, 0.00125979480799], [-1.13544656415e-05, 0.000130367596284, 0.000234855513554, -0.000358571007382, -0.00178322254214, 0.00125724100508, -0.00106848170981, -0.00169000274036, 0.00306034344248, -0.00491786934435, 0.0116010913625, -0.00359023618512, 0.00158536888193], [-3.94089765905e-05, -0.000424656143878, -7.41327603464e-05, 0.00105966138653, 2.35243442148e-05, -0.000824882183224, -0.000725067220628, -0.00127255811822, 8.27091207611e-05, -3.81206191378e-05, -0.00359023618512, 0.00976158399135, -0.00228546187282], [-0.000145224519656, -0.000241611225647, -3.82880098186e-05, 0.000463050208054, -0.000550173164811, -0.00104904372711, 0.000253038393566, -0.000623680709396, 3.76832576876e-05, 0.00125979480799, 0.00158536888193, -0.00228546187282, 0.00728325219825]]}, "spectral_contrast_coeffs": {"dmean": [0.0518388189375, 0.0473711118102, 0.0377234853804, 0.033982783556, 0.0238045230508, 0.0201289728284], "dmean2": [0.0832165777683, 0.0745131745934, 0.0582689419389, 0.0536327846348, 0.0383613333106, 0.032258618623], "dvar": [0.00233778706752, 0.00170450180303, 0.00101278733928, 0.00081734592095, 0.000436985603301, 0.000380403769668], "dvar2": [0.00559287611395, 0.00412494968623, 0.00232477020472, 0.00189437821973, 0.0010334624676, 0.000929646310396], "max": [-0.256683081388, -0.329117238522, -0.4788800776, -0.531556606293, -0.639897108078, -0.629006624222], "mean": [-0.630231261253, -0.641763091087, -0.727005183697, -0.748289346695, -0.786276161671, -0.775600969791], "median": [-0.64306551218, -0.640093326569, -0.728199243546, -0.748271107674, -0.78612279892, -0.775150418282], "min": [-0.958844065666, -0.973153948784, -0.963306486607, -0.96983897686, -0.960880994797, -0.962244689465], "var": [0.00948426034302, 0.00824756640941, 0.00556912552565, 0.00408074213192, 0.00184778263792, 0.00141265976708]}, "spectral_contrast_valleys": {"dmean": [0.430654227734, 0.413578659296, 0.40081807971, 0.407988339663, 0.399034202099, 0.547678411007], "dmean2": [0.668250620365, 0.629446685314, 0.602310538292, 0.585245490074, 0.536908984184, 0.66096997261], "dvar": [0.250924170017, 0.168704196811, 0.158788621426, 0.181611508131, 0.185241341591, 0.327152729034], "dvar2": [0.462484776974, 0.32577547431, 0.314544051886, 0.343142926693, 0.327908247709, 0.58553737402], "max": [-4.74160909653, -5.0610408783, -5.63158893585, -5.92955350876, -5.8