{"lowlevel": {"average_loudness": 0.948186516762, "barkbands_crest": {"dmean": 1.5777258873, "dmean2": 2.2105576992, "dvar": 2.44698882103, "dvar2": 5.22169113159, "max": 26.865240097, "mean": 11.8434753418, "median": 10.8577251434, "min": 3.92999839783, "var": 18.1944179535}, "barkbands_flatness_db": {"dmean": 0.0181063432246, "dmean2": 0.0254815164953, "dvar": 0.000512607046403, "dvar2": 0.0010351005476, "max": 0.558079361916, "mean": 0.270388960838, "median": 0.261277586222, "min": 0.064939007163, "var": 0.00311664538458}, "barkbands_kurtosis": {"dmean": 3.57361078262, "dmean2": 5.0950012207, "dvar": 1454.01928711, "dvar2": 3635.82885742, "max": 1613.59558105, "mean": 8.42752170563, "median": 4.91715621948, "min": -1.4491353035, "var": 911.67565918}, "barkbands_skewness": {"dmean": 0.381697118282, "dmean2": 0.523616492748, "dvar": 0.807142913342, "dvar2": 1.92136013508, "max": 35.0663032532, "mean": 1.82130992413, "median": 1.68663835526, "min": -1.72249770164, "var": 2.06838488579}, "barkbands_spread": {"dmean": 0.901214301586, "dmean2": 1.29310429096, "dvar": 1.12420809269, "dvar2": 2.40439796448, "max": 25.0618972778, "mean": 5.98606729507, "median": 5.74861240387, "min": 0.187028765678, "var": 8.29083061218}, "dissonance": {"dmean": 0.0247239153832, "dmean2": 0.0410855002701, "dvar": 0.000691848457791, "dvar2": 0.0019240216352, "max": 0.499911606312, "mean": 0.424115777016, "median": 0.434054344893, "min": 0.174773648381, "var": 0.00252576428466}, "dynamic_complexity": 1.39059090614, "erbbands_crest": {"dmean": 1.91567611694, "dmean2": 2.78617477417, "dvar": 3.48810172081, "dvar2": 8.29235935211, "max": 27.3203697205, "mean": 13.268488884, "median": 12.3527793884, "min": 2.20447278023, "var": 23.1377830505}, "erbbands_flatness_db": {"dmean": 0.014895522967, "dmean2": 0.0200840812176, "dvar": 0.000354545598384, "dvar2": 0.000683861318976, "max": 0.544968247414, "mean": 0.296923428774, "median": 0.289372980595, "min": 0.046258687973, "var": 0.00270131998695}, "erbbands_kurtosis": {"dmean": 1.47863578796, "dmean2": 2.20259070396, "dvar": 6.88030672073, "dvar2": 16.6400032043, "max": 83.8763122559, "mean": 3.78868031502, "median": 2.10037469864, "min": -1.26093506813, "var": 34.647190094}, "erbbands_skewness": {"dmean": 0.274766743183, "dmean2": 0.368858247995, "dvar": 0.0906905904412, "dvar2": 0.190613508224, "max": 7.55835962296, "mean": 1.28454446793, "median": 1.13814890385, "min": -1.02480053902, "var": 0.866988480091}, "erbbands_spread": {"dmean": 2.44769883156, "dmean2": 3.6139023304, "dvar": 6.91073322296, "dvar2": 15.9011735916, "max": 69.1434326172, "mean": 14.7538366318, "median": 13.8825435638, "min": 0.919005632401, "var": 47.9163322449}, "hfc": {"dmean": 2.87447547913, "dmean2": 3.52052426338, "dvar": 7.92061042786, "dvar2": 14.6082782745, "max": 53.1126213074, "mean": 17.024848938, "median": 16.3214588165, "min": 1.2303373258e-16, "var": 49.6408538818}, "melbands_crest": {"dmean": 1.64210140705, "dmean2": 2.27947354317, "dvar": 2.54507660866, "dvar2": 5.23756885529, "max": 39.0778541565, "mean": 12.6299314499, "median": 11.7105121613, "min": 2.3440053463, "var": 15.0270223618}, "melbands_flatness_db": {"dmean": 0.0168352108449, "dmean2": 0.0224241297692, "dvar": 0.000457740621641, "dvar2": 0.000909925322048, "max": 0.574248850346, "mean": 0.307190865278, "median": 0.298018068075, "min": 0.00777932582423, "var": 0.00310899759643}, "melbands_kurtosis": {"dmean": 3.49988794327, "dmean2": 5.03494262695, "dvar": 345.567230225, "dvar2": 849.625366211, "max": 756.248168945, "mean": 9.42921352386, "median": 5.88739871979, "min": -1.17669773102, "var": 394.053100586}, "melbands_skewness": {"dmean": 0.397550016642, "dmean2": 0.568234264851, "dvar": 0.447709351778, "dvar2": 1.03803133965, "max": 22.4838905334, "mean": 1.71454417706, "median": 1.57964324951, "min": -1.10927522182, "var": 1.56100046635}, "melbands_spread": {"dmean": 1.24190974236, "dmean2": 1.71186685562, "dvar": 3.5045030117, "dvar2": 4.48869991302, "max": 119.17325592, "mean": 8.68052101135, "median": 8.33644866943, "min": 0.409452646971, "var": 18.6519451141}, "pitch_salience": {"dmean": 0.0412113368511, "dmean2": 0.0601591840386, "dvar": 0.00170722778421, "dvar2": 0.00387822790071, "max": 0.784601807594, "mean": 0.514725923538, "median": 0.522833049297, "min": 0.0422422662377, "var": 0.0104913823307}, "silence_rate_20dB": {"dmean": 0, "dmean2": 0, "dvar": 0, "dvar2": 0, "max": 1, "mean": 1, "median": 1, "min": 1, "var": 0}, "silence_rate_30dB": {"dmean": 0, "dmean2": 0, "dvar": 0, "dvar2": 0, "max": 1, "mean": 1, "median": 1, "min": 1, "var": 0}, "silence_rate_60dB": {"dmean": 0.00110436219256, "dmean2": 0.00220933440141, "dvar": 0.00110311515164, "dvar2": 0.00220434158109, "max": 1, "mean": 0.00165608606767, "median": 0, "min": 0, "var": 0.00165346090216}, "spectral_centroid": {"dmean": 57.9483528137, "dmean2": 78.907699585, "dvar": 22174.4882812, "dvar2": 18768.9335938, "max": 11130.5068359, "mean": 672.591308594, "median": 648.885559082, "min": 344.404754639, "var": 57640.140625}, "spectral_complexity": {"dmean": 1.95748209953, "dmean2": 3.09306812286, "dvar": 2.85963988304, "dvar2": 6.25062513351, "max": 29, "mean": 14.8476400375, "median": 15, "min": 0, "var": 25.3046169281}, "spectral_decrease": {"dmean": 1.19153009681e-09, "dmean2": 1.42560430128e-09, "dvar": 1.23466312058e-18, "dvar2": 1.86082736716e-18, "max": -2.7672203803e-29, "mean": -7.91354537455e-09, "median": -7.40694838797e-09, "min": -2.57657273295e-08, "var": 1.31078464393e-17}, "spectral_energy": {"dmean": 0.00474100047722, "dmean2": 0.00567681854591, "dvar": 1.94811000256e-05, "dvar2": 2.96636444546e-05, "max": 0.100718051195, "mean": 0.0314117223024, "median": 0.0294443648309, "min": 1.12639542769e-20, "var": 0.000202298164368}, "spectral_energyband_high": {"dmean": 1.9090854039e-05, "dmean2": 2.85232035822e-05, "dvar": 7.23658633017e-10, "dvar2": 1.6005951009e-09, "max": 0.000454633671325, "mean": 4.42193595518e-05, "median": 2.70528271358e-05, "min": 8.21239533206e-21, "var": 1.94701921252e-09}, "spectral_energyband_low": {"dmean": 0.000204572585062, "dmean2": 0.000280708016362, "dvar": 1.42251735724e-07, "dvar2": 2.52212771557e-07, "max": 0.00930808205158, "mean": 0.000697818293702, "median": 0.000252866186202, "min": 3.55309388817e-23, "var": 1.2642431102e-06}, "spectral_energyband_middle_high": {"dmean": 0.00168505858164, "dmean2": 0.00223071384244, "dvar": 7.4839208537e-06, "dvar2": 1.45135381899e-05, "max": 0.0478339865804, "mean": 0.0056110159494, "median": 0.00339038134553, "min": 1.74429510435e-21, "var": 4.07071383961e-05}, "spectral_energyband_middle_low": {"dmean": 0.00396369444206, "dmean2": 0.00454107997939, "dvar": 1.52051106852e-05, "dvar2": 2.04463212867e-05, "max": 0.0938235670328, "mean": 0.025516115129, "median": 0.0234228074551, "min": 3.28611357045e-22, "var": 0.000192835039343}, "spectral_entropy": {"dmean": 0.131741806865, "dmean2": 0.179684206843, "dvar": 0.0364531502128, "dvar2": 0.0776181966066, "max": 9.80170822144, "mean": 6.50081205368, "median": 6.59119987488, "min": 4.01807165146, "var": 0.252599209547}, "spectral_flux": {"dmean": 0.0122016314417, "dmean2": 0.0197260212153, "dvar": 0.0001779243903, "dvar2": 0.000427012244472, "max": 0.14910684526, "mean": 0.0461822450161, "median": 0.0434530377388, "min": 1.06131776978e-10, "var": 0.000349924172042}, "spectral_kurtosis": {"dmean": 7.30053520203, "dmean2": 12.7560548782, "dvar": 47.4085464478, "dvar2": 135.429229736, "max": 67.3272628784, "mean": 14.8107881546, "median": 12.1116991043, "min": -1.19854581356, "var": 101.308776855}, "spectral_rms": {"dmean": 0.000421460485086, "dmean2": 0.000504965835717, "dvar": 1.35901359499e-07, "dvar2": 2.17124920709e-07, "max": 0.00991269480437, "mean": 0.00538830412552, "median": 0.00535968365148, "min": 3.3149997504e-12, "var": 1.61175330504e-06}, "spectral_rolloff": {"dmean": 63.9155502319, "dmean2": 103.437263489, "dvar": 58045.0195312, "dvar2": 45123.9140625, "max": 18733.8867188, "mean": 749.565124512, "median": 732.12890625, "min": 21.533203125, "var": 144826.84375}, "spectral_skewness": {"dmean": 0.559775829315, "dmean2": 0.967815041542, "dvar": 0.249848350883, "dvar2": 0.715548813343, "max": 6.31606054306, "mean": 2.52328443527, "median": 2.36866474152, "min": -0.00251540355384, "var": 0.702606201172}, "spectral_spread": {"dmean": 250400.953125, "dmean2": 392134.09375, "dvar": 391560724480, "dvar2": 417716109312, "max": 40946472, "mean": 2200431.5, "median": 2182947.5, "min": 970237.6875, "var": 591963947008}, "spectral_strongpeak": {"dmean": 0.508083820343, "dmean2": 0.75936460495, "dvar": 0.407568246126, "dvar2": 0.877543210983, "max": 6.78542757034, "mean": 2.12506055832, "median": 1.9211730957, "min": 0, "var": 1.32468354702}, "zerocrossingrate": {"dmean": 0.00271331775002, "dmean2": 0.00341419293545, "dvar": 4.81875795231e-05, "dvar2": 5.95807796344e-05, "max": 0.50048828125, "mean": 0.0309287011623, "median": 0.0302734375, "min": 0.0048828125, "var": 0.000111603287223}, "barkbands": {"dmean": [5.26794146083e-08, 8.53668007039e-06, 8.81335581653e-05, 0.000320919527439, 0.00155031646136, 0.001288620173, 0.000766901357565, 0.00192558020353, 0.000791155325714, 0.00103703315835, 0.000602459651418, 0.000163541175425, 9.33370902203e-05, 0.000158447015565, 0.00013482880604, 9.48096567299e-05, 4.40298608737e-05, 3.74560077034e-05, 3.90947134292e-05, 3.23587191815e-05, 9.63348884397e-06, 2.13602288568e-06, 9.44220687416e-07, 4.51461971807e-07, 2.40546000896e-07, 1.16915884973e-07, 1.18370913071e-08], "dmean2": [9.32351085225e-08, 1.46266675074e-05, 0.000127468563733, 0.000432583823567, 0.00182522332761, 0.00156418140978, 0.00087748572696, 0.00217488082126, 0.000979731092229, 0.00131408288144, 0.000910161354113, 0.000240966794081, 0.000139699914143, 0.000218602246605, 0.000209632198676, 0.000158109090989, 7.25518038962e-05, 6.05662353337e-05, 5.97369034949e-05, 5.14459898113e-05, 1.51099375216e-05, 3.14379008159e-06, 1.40796703363e-06, 6.64787364713e-07, 3.68299652109e-07, 1.98987123667e-07, 2.21499902864e-08], "dvar": [7.28410048749e-14, 1.90416654666e-10, 2.11787405391e-08, 4.08622241821e-07, 4.4610974328e-06, 2.95158065455e-06, 1.21471873626e-06, 4.40287431047e-06, 2.09705990528e-06, 5.37555888513e-06, 1.73801811343e-06, 4.33739977268e-08, 2.44213893552e-08, 4.29226254539e-08, 3.390958625e-08, 2.01332017724e-08, 4.09195788365e-09, 2.3474377997e-09, 3.89496257469e-09, 2.63702437664e-09, 2.46614950683e-10, 1.31349488577e-11, 2.55006714529e-12, 5.89266374411e-13, 2.11070608691e-13, 1.6007377715e-13, 3.24474647522e-15], "dvar2": [1.98488591557e-13, 5.28207089179e-10, 4.29008437663e-08, 9.08802121558e-07, 6.2971389525e-06, 4.90518141305e-06, 1.55329576046e-06, 5.59589580007e-06, 3.37954611496e-06, 8.26192081149e-06, 4.46057538284e-06, 9.34722450552e-08, 5.27716430554e-08, 7.77547910502e-08, 7.96595145403e-08, 5.29090193879e-08, 1.07982343067e-08, 5.88196513718e-09, 9.84361925305e-09, 6.43577635628e-09, 5.92997595472e-10, 2.95845362097e-11, 5.96873071801e-12, 1.21936586262e-12, 5.18870645234e-13, 4.52099566551e-13, 9.41521844213e-15], "max": [1.24471916934e-05, 0.000226822143304, 0.00377432769164, 0.0125698326156, 0.0562535524368, 0.0418158508837, 0.0325633957982, 0.0355986878276, 0.0202690977603, 0.0451816655695, 0.0167139470577, 0.00271726329811, 0.00297723873518, 0.00270422012545, 0.00334993400611, 0.0017207468627, 0.00119488546625, 0.000604272761848, 0.000930367561523, 0.000834778533317, 0.000174870103365, 4.10806278524e-05, 2.09096288017e-05, 1.02522535599e-05, 4.33978539149e-06, 4.17579030909e-06, 6.76050433412e-07], "mean": [5.24652143952e-08, 1.54370318342e-05, 0.000298618950183, 0.00105037761386, 0.0065985629335, 0.00549295684323, 0.00299204001203, 0.00753047410399, 0.00173574208748, 0.00256483489648, 0.00158951315098, 0.000315601937473, 0.000175479872269, 0.000302010652376, 0.000255489023402, 0.000170178551343, 7.62671043049e-05, 7.65454024076e-05, 8.4146115114e-05, 6.10106180829e-05, 1.88964422705e-05, 4.32665365224e-06, 1.78745972335e-06, 8.91059528385e-07, 3.931227468e-07, 1.21240788076e-07, 7.78441933136e-09], "median": [2.69697064681e-08, 7.08762354407e-06, 0.000106141444121, 0.000237547123106, 0.004701691214, 0.00334833352827, 0.00127579784021, 0.0056062573567, 0.000957640702836, 0.000550691387616, 0.000385010614991, 0.000202280585654, 8.48541385494e-05, 0.000184917400475, 0.000163518139743, 0.000104776685475, 4.98340705235e-05, 5.46565352124e-05, 5.18273373018e-05, 3.5718534491e-05, 1.23062254715e-05, 2.51718665822e-06, 9.99247049549e-07, 4.71837893201e-07, 1.69050807131e-07, 2.93722717259e-08, 1.1172349712e-09], "min": [1.18965683425e-23, 2.21902517894e-23, 2.22757595783e-24, 1.37880816661e-23, 4.86684359151e-23, 6.50495333534e-23, 4.98464576821e-23, 2.23710555534e-23, 1.09089012363e-22, 1.71303455353e-22, 6.14838883727e-23, 6.29333477108e-23, 7.63696116127e-23, 5.83132860006e-23, 1.65478165641e-22, 2.48761997938e-22, 1.53761018979e-22, 1.96990116957e-22, 4.29037237786e-22, 4.67674458477e-22, 5.49413271981e-22, 4.79789342497e-22, 6.03288054186e-22, 7.48639904268e-22, 1.23779571415e-21, 1.93209680929e-21, 2.50063747174e-21], "var": [4.8343158632e-14, 4.79166373246e-10, 2.08471689689e-07, 3.51618746208e-06, 5.23040398548e-05, 3.68927903764e-05, 1.63124495884e-05, 2.88953160634e-05, 5.40689961781e-06, 3.49687434209e-05, 7.30791862225e-06, 1.06956242973e-07, 6.69074253778e-08, 1.43230948879e-07, 8.7445030772e-08, 3.87952461267e-08, 6.68012756222e-09, 5.22204102182e-09, 8.85394335626e-09, 5.06797226407e-09, 3.93180293878e-10, 2.4759404596e-11, 4.29608735739e-12, 1.27786344874e-12, 2.89802632846e-13, 1.03947232766e-13, 1.78764969441e-15]}, "erbbands": {"dmean": [5.81420463277e-05, 0.00365409161896, 0.0728538930416, 0.576325178146, 2.15919947624, 6.36021852493, 11.2056369781, 11.5970497131, 9.70500564575, 17.8764362335, 38.6960411072, 11.5739889145, 28.6798362732, 35.2533569336, 8.25611972809, 4.82394647598, 4.53226804733, 6.76615905762, 6.70272541046, 5.09840297699, 5.3120803833, 2.75245046616, 2.22651696205, 1.66794097424, 2.12275624275, 1.12649071217, 0.608147919178, 0.154519587755, 0.0783054828644, 0.0519279241562, 0.0290420372039, 0.0113462312147, 0.00685230456293, 0.00340408622287, 0.00148796837311, 0.000681784178596, 0.000160711264471, 3.70659217879e-05, 3.39471762345e-06, 5.43887017557e-06], "dmean2": [9.3088929134e-05, 0.00598064111546, 0.107254117727, 0.769757032394, 2.73281884193, 7.28940010071, 13.3714408875, 14.5329446793, 11.5312767029, 21.3896331787, 45.0548591614, 14.362739563, 34.5480766296, 51.2675971985, 12.4859800339, 7.08002519608, 6.71582746506, 8.78713226318, 9.87381744385, 8.44209384918, 8.86796760559, 4.50644159317, 3.58599996567, 2.56777119637, 3.31676793098, 1.71555578709, 0.954987704754, 0.234932407737, 0.116453208029, 0.0771628394723, 0.0437729805708, 0.0164944007993, 0.0102766733617, 0.00529530225322, 0.00227177236229, 0.00112860708032, 0.000274074234767, 6.77624120726e-05, 4.81843699163e-06, 6.54325367577e-06], "dvar": [8.29592838869e-09, 2.98516770272e-05, 0.0120208971202, 1.23974573612, 10.2868232727, 66.9076919556, 312.670806885, 254.419342041, 221.805267334, 371.908752441, 1908.06335449, 400.566558838, 2779.34130859, 4702.42773438, 195.312606812, 37.7535209656, 49.9187965393, 127.350997925, 64.9528503418, 53.0780525208, 59.9635696411, 16.8197460175, 8.8894109726, 6.19343757629, 10.7184514999, 2.49244999886, 0.809087574482, 0.0621002204716, 0.0175550170243, 0.0100678056479, 0.00340005429462, 0.000321602448821, 0.000142102784594, 4.48729661002e-05, 9.5121213235e-06, 4.78420906802e-06, 2.31982014043e-07, 4.11274960754e-08, 5.96306268252e-11, 2.58876479281e-11], "dvar2": [2.22545466499e-08, 7.91439815657e-05, 0.0262077152729, 2.51700091362, 15.7611818314, 88.1344451904, 436.301055908, 429.342285156, 292.286224365, 575.642211914, 2571.58154297, 639.745605469, 4053.86523438, 12370.5273438, 518.235900879, 82.5037078857, 107.324989319, 188.296737671, 122.548141479, 136.628692627, 161.541397095, 43.9149856567, 22.3801612854, 15.5661411285, 27.2504920959, 5.73681259155, 1.90870547295, 0.143296137452, 0.0392316393554, 0.0233803465962, 0.0080056656152, 0.000626051507425, 0.000320397899486, 0.000114020040201, 2.3191974833e-05, 1.32992254294e-05, 6.5090608814e-07, 1.19255133768e-07, 1.71627295709e-10, 4.15191388214e-11], "max": [0.00223052897491, 0.123998381197, 2.37341022491, 25.7537689209, 95.0249176025, 210.398803711, 507.351470947, 464.238983154, 558.522766113, 386.288665771, 658.587646484, 302.023956299, 1036.2043457, 853.104431152, 203.628234863, 75.536239624, 141.075241089, 158.494888306, 173.551773071, 121.309715271, 104.797592163, 83.8236541748, 39.5412979126, 44.4836730957, 46.8549957275, 27.0919494629, 11.3060150146, 2.66095161438, 1.55526292324, 1.20997905731, 0.909353196621, 0.233494013548, 0.148344099522, 0.0727606415749, 0.0287756174803, 0.0232313089073, 0.00456342939287, 0.00266674417071, 0.000104758437374, 0.000112221561722], "mean": [0.0001808743109, 0.00949258729815, 0.24857634306, 2.05159020424, 9.5395898819, 25.1414108276, 40.7748298645, 45.3056755066, 41.9122085571, 78.2937316895, 149.006851196, 32.5645828247, 72.9780883789, 93.8594970703, 22.3419971466, 10.2413663864, 8.69542980194, 14.2868309021, 14.4481754303, 10.0974168777, 9.75001811981, 5.24710512161, 4.48045873642, 3.93547272682, 4.31578159332, 2.44441223145, 1.2514244318, 0.339728653431, 0.165943488479, 0.0973064303398, 0.0519896224141, 0.0234936960042, 0.0126706287265, 0.00560653256252, 0.0022963930387, 0.000795064319391, 0.000174399567186, 2.99163275486e-05, 1.63980384968e-05, 3.57406679541e-05], "median": [0.000132000015583, 0.00554558448493, 0.122747942805, 0.854129552841, 4.22395277023, 16.7197933197, 24.3387546539, 25.9900169373, 17.9516735077, 61.8049659729, 115.793228149, 22.9774532318, 22.9384746552, 28.9964942932, 12.9373559952, 7.1397061348, 4.87064743042, 7.71477365494, 9.86669254303, 7.16877555847, 6.61030817032, 3.63089871407, 3.14388155937, 2.83993387222, 2.4386909008, 1.5662009716, 0.846625864506, 0.225901648402, 0.101532593369, 0.0540202818811, 0.0283051170409, 0.0128286397085, 0.00658655539155, 0.0025375764817, 0.000912867602892, 0.000244038135861, 4.55316803709e-05, 5.45226521353e-06, 1.50939731611e-05, 3.35667973559e-05], "min": [9.26072215632e-22, 4.15001481248e-21, 2.47388072347e-21, 2.51880503178e-20, 1.11645342758e-19, 1.56219042815e-19, 1.49832924143e-19, 7.37135850721e-19, 8.05059838419e-19, 7.84506261354e-19, 3.89809199708e-19, 2.18373096775e-18, 4.78055138391e-18, 4.62687694253e-18, 2.65649942941e-18, 1.79249976702e-18, 3.49843260139e-18, 2.95208869899e-18, 5.25758561599e-18, 1.31974143832e-17, 1.34154666373e-17, 9.42131089865e-18, 9.37055096037e-18, 2.22703027458e-17, 1.67335676613e-17, 2.45953502833e-17, 2.85313155202e-17, 2.0035179667e-17, 1.28634311119e-17, 1.49150623698e-17, 1.84304724397e-17, 1.59688540742e-17, 1.29638566285e-17, 1.331080182e-17, 8.86205408651e-18, 6.24589604878e-18, 3.81636691445e-18, 1.41513076919e-18, 3.50173729133e-19, 3.81883827163e-20], "var": [2.67452495706e-08, 0.000116215313028, 0.103874720633, 10.3053159714, 199.21270752, 773.172851562, 2376.84228516, 3130.89306641, 3680.14526367, 3029.68969727, 10207.6025391, 1061.41149902, 17879.6386719, 16366.3369141, 622.977050781, 88.6957626343, 125.160568237, 516.718994141, 261.508544922, 114.993507385, 103.557655334, 29.4231491089, 18.8608970642, 14.0512466431, 24.4109230042, 6.77344274521, 1.52799594402, 0.11718390137, 0.034374024719, 0.0160034447908, 0.00459502637386, 0.000800030829851, 0.000260488741333, 5.86320566072e-05, 1.17354029499e-05, 3.34984656547e-06, 1.61090511597e-07, 2.28401653146e-08, 7.65912125389e-11, 2.54879783945e-10]}, "gfcc": {"mean": [-73.7876663208, 161.008102417, -168.945953369, -9.4588470459, -78.4725875854, -39.1711006165, -37.2728652954, -13.2643070221, -21.1452388763, -17.7873401642, -14.2758054733, -24.0327415466, -3.14338469505], "cov": [[3184.28344727, 120.902404785, 293.550994873, 432.627655029, -51.3785705566, 145.63999939, -616.005493164, -199.444458008, -381.775146484, -39.8250198364, -54.2410697937, 152.636993408, 103.825614929], [120.902404785, 450.709625244, 106.337440491, -2.9842684269, 69.9511566162, -96.6164093018, -79.2293701172, -124.019721985, 6.40546703339, -61.1454582214, 50.2838668823, -42.0292510986, 45.4840736389], [293.550994873, 106.337440491, 309.244903564, 71.1930541992, -8.3167963028, -8.2320394516, -157.766403198, -53.8153762817, -73.7540130615, 13.6144647598, -19.4332523346, 15.620639801, 10.8577861786], [432.627655029, -2.9842684269, 71.1930541992, 244.5052948, 44.5967483521, 48.6389427185, -114.453887939, -28.1971282959, -43.6470336914, 5.75396299362, 4.38676643372, -6.27833127975, -7.84479141235], [-51.3785705566, 69.9511566162, -8.3167963028, 44.5967483521, 97.1184463501, 23.8910923004, 17.9104423523, -5.78319168091, 2.91937470436, -14.5129137039, 2.24244236946, -12.6134128571, -0.945211112499], [145.63999939, -96.6164093018, -8.2320394516, 48.6389427185, 23.8910923004, 146.418167114, 18.6732063293, 26.2050857544, -32.2973747253, -4.35739898682, -18.3657588959, 36.483707428, 1.60935926437], [-616.005493164, -79.2293701172, -157.766403198, -114.453887939, 17.9104423523, 18.6732063293, 276.221221924, 123.853187561, 94.1852340698, -9.4073600769, -1.67503750324, -29.3368988037, -32.0691146851], [-199.444458008, -124.019721985, -53.8153762817, -28.1971282959, -5.78319168091, 26.2050857544, 123.853187561, 130.56137085, 41.5104103088, 11.1990585327, -13.0457229614, -1.40586543083, -15.3948030472], [-381.775146484, 6.40546703339, -73.7540130615, -43.6470336914, 2.91937470436, -32.2973747253, 94.1852340698, 41.5104103088, 126.898788452, 41.8642120361, 21.0500202179, -43.7866630554, -35.0881690979], [-39.8250198364, -61.1454582214, 13.6144647598, 5.75396299362, -14.5129137039, -4.35739898682, -9.4073600769, 11.1990585327, 41.8642120361, 86.0048217773, 12.1897821426, -17.825717926, -41.5920295715], [-54.2410697937, 50.2838668823, -19.4332523346, 4.38676643372, 2.24244236946, -18.3657588959, -1.67503750324, -13.0457229614, 21.0500202179, 12.1897821426, 57.1396331787, -1.529104352, 1.21789491177], [152.636993408, -42.0292510986, 15.620639801, -6.27833127975, -12.6134128571, 36.483707428, -29.3368988037, -1.40586543083, -43.7866630554, -17.825717926, -1.529104352, 78.8102493286, 43.4117889404], [103.825614929, 45.4840736389, 10.8577861786, -7.84479141235, -0.945211112499, 1.60935926437, -32.0691146851, -15.3948030472, -35.0881690979, -41.5920295715, 1.21789491177, 43.4117889404, 82.7685012817]], "icov": [[0.00146548973862, -0.0031883677002, 0.00232358509675, -0.0021037843544, 0.00301942205988, -0.00130174169317, 0.00240141409449, -0.00270861573517, 0.00388082116842, -0.0029901501257, 0.00318208173849, -0.00237557478249, 0.0012377948733], [-0.0031883677002, 0.0163893960416, -0.00973594468087, 0.00694352062419, -0.0127999912947, 0.00471095042303, -0.00453514605761, 0.0117647275329, -0.0131623046473, 0.0149031504989, -0.0146180996671, 0.0110822170973, -0.00656684814021], [0.00232358509675, -0.00973594468087, 0.0109806135297, -0.00456601753831, 0.00735776172951, -0.00231338036247, 0.00604866491631, -0.00803705397993, 0.010207561776, -0.0103256870061, 0.0103527996689, -0.00650977157056, 0.00394054409117], [-0.0021037843544, 0.00694352062419, -0.00456601753831, 0.0113704577088, -0.00923711061478, -0.00079451064812, 0.00227869441733, 0.00194228696637, -0.006362400949, 0.00776227843016, -0.00898439530283, 0.00810063444078, -0.00125905126333], [0.00301942205988, -0.0127999912947, 0.00735776172951, -0.00923711061478, 0.0241440609097, -0.00609321566299, 0.0011293500429, -0.00619389256462, 0.010077258572, -0.00955894216895, 0.0111368047073, -0.0062376675196, 0.0036618122831], [-0.00130174169317, 0.00471095042303, -0.00231338036247, -0.00079451064812, -0.00609321566299, 0.0129258204252, -0.00511655351147, 0.0034925963264, -0.0014210495865, 0.00178412988316, -0.00101968646049, -0.00370811601169, -0.000127457475173], [0.00240141409449, -0.00453514605761, 0.00604866491631, 0.00227869441733, 0.0011293500429, -0.00511655351147, 0.019080882892, -0.0142759429291, 0.00104281608947, 0.0023771324195, 0.00273376703262, -0.000654832518194, 0.005692276638], [-0.00270861573517, 0.0117647275329, -0.00803705397993, 0.00194228696637, -0.00619389256462, 0.0034925963264, -0.0142759429291, 0.0259897839278, -0.0109389219433, 0.00649355398491, -0.0060232533142, 0.0045837094076, -0.00635465467349], [0.00388082116842, -0.0131623046473, 0.010207561776, -0.006362400949, 0.010077258572, -0.0014210495865, 0.00104281608947, -0.0109389219433, 0.0314135104418, -0.0212366469204, 0.00869697052985, -0.0036332749296, 0.00335825048387], [-0.0029901501257, 0.0149031504989, -0.0103256870061, 0.00776227843016, -0.00955894216895, 0.00178412988316, 0.0023771324195, 0.00649355398491, -0.0212366469204, 0.0367992781103, -0.0174636859447, 0.0085310516879, 0.00490791816264], [0.00318208173849, -0.0146180996671, 0.0103527996689, -0.00898439530283, 0.0111368047073, -0.00101968646049, 0.00273376703262, -0.0060232533142, 0.00869697052985, -0.0174636859447, 0.0356060601771, -0.0139978220686, 0.00364688271657], [-0.00237557478249, 0.0110822170973, -0.00650977157056, 0.00810063444078, -0.0062376675196, -0.00370811601169, -0.000654832518194, 0.0045837094076, -0.0036332749296, 0.0085310516879, -0.0139978220686, 0.0340240858495, -0.0157815087587], [0.0012377948733, -0.00656684814021, 0.00394054409117, -0.00125905126333, 0.0036618122831, -0.000127457475173, 0.005692276638, -0.00635465467349, 0.00335825048387, 0.00490791816264, 0.00364688271657, -0.0157815087587, 0.0266831051558]]}, "melbands": {"dmean": [1.24000234791e-06, 2.56741150224e-05, 0.000139122043038, 0.000279191095615, 0.000369927322026, 0.000250902812695, 0.000153822853463, 0.000277680461295, 0.000281341403024, 8.1489670265e-05, 0.000155213274411, 0.000155326546519, 4.50302613899e-05, 1.72994732566e-05, 1.15536649901e-05, 1.42835224324e-05, 1.24083517221e-05, 1.2258593415e-05, 1.13970445454e-05, 5.83739620197e-06, 6.21329581918e-06, 3.36204379892e-06, 1.93919640878e-06, 1.77334015916e-06, 1.42839530781e-06, 1.91980507225e-06, 1.72277066213e-06, 6.50712138395e-07, 4.3293488261e-07, 2.17017387172e-07, 7.75364981109e-08, 4.51639223797e-08, 4.63478713186e-08, 2.3210537492e-08, 2.06736956443e-08, 9.03373820194e-09, 7.11558278965e-09, 5.68781777233e-09, 3.36275429724e-09, 2.85634227382e-09], "dmean2": [2.12488953366e-06, 3.83764199796e-05, 0.000183118943824, 0.000325148226693, 0.000442425778601, 0.000311146315653, 0.000180794522748, 0.000315487617627, 0.000330616807332, 0.000100874196505, 0.000185691198567, 0.000219620895223, 6.88298896421e-05, 2.49122131208e-05, 1.74813467311e-05, 2.03480176424e-05, 1.64887260325e-05, 1.79703547474e-05, 1.8626684323e-05, 9.66886182141e-06, 1.03486854641e-05, 5.55187943974e-06, 3.15441775456e-06, 2.87429270429e-06, 2.23906590691e-06, 2.95580798593e-06, 2.82436872112e-06, 1.01686259768e-06, 6.93655522355e-07, 3.46234514836e-07, 1.21926319707e-07, 6.96832813674e-08, 7.02114348883e-08, 3.54816158676e-08, 3.21279962634e-08, 1.35548647862e-08, 1.06569197911e-08, 8.7830942519e-09, 5.13482323328e-09, 4.6418366928e-09], "dvar": [4.10410897975e-12, 1.61770241647e-09, 5.52519665575e-08, 1.40238626045e-07, 3.1981403481e-07, 1.0917265314e-07, 4.71711487648e-08, 8.94426221976e-08, 1.28593541149e-07, 1.63810955911e-08, 8.78845227703e-08, 8.40991987161e-08, 8.56762571999e-09, 6.1878352442e-10, 4.32745117518e-10, 5.99454763606e-10, 3.74003772396e-10, 2.47798059849e-10, 3.37582212184e-10, 1.08045773717e-10, 8.38479355392e-11, 2.73659844785e-11, 6.97735142233e-12, 6.00181059365e-12, 5.02342611952e-12, 1.21742520579e-11, 8.92809784436e-12, 1.00443557551e-12, 3.73710963434e-13, 2.66678362336e-13, 1.51635194472e-14, 4.83435245503e-15, 8.29073307674e-15, 1.63083022631e-15, 1.98165242658e-15, 1.64507615582e-16, 1.53219922178e-16, 1.13456833972e-16, 2.71589831794e-17, 4.59564872373e-17], "dvar2": [1.1356912806e-11, 3.5553375799e-09, 1.08428444889e-07, 1.71864542153e-07, 4.50069308044e-07, 1.85216194382e-07, 6.17259132696e-08, 1.19831327083e-07, 1.8359226317e-07, 2.62781210125e-08, 1.26957885982e-07, 2.04784839752e-07, 2.26149730054e-08, 1.27947397122e-09, 9.68639612964e-10, 1.16588094734e-09, 5.72521363651e-10, 4.65147809159e-10, 8.3345857993e-10, 2.86039109065e-10, 2.26878196785e-10, 7.34411489955e-11, 1.80255029653e-11, 1.44261633889e-11, 1.29242493443e-11, 3.05917860488e-11, 2.29552089143e-11, 2.42050520252e-12, 9.06234885311e-13, 6.67786952038e-13, 3.62652480745e-14, 1.0946273693e-14, 1.94598264098e-14, 3.92129837173e-15, 4.73703302807e-15, 3.56181483606e-16, 3.16587563761e-16, 2.67016389891e-16, 5.9510198916e-17, 1.23679846666e-16], "max": [3.11150542984e-05, 0.000882254913449, 0.00549588771537, 0.0125526180491, 0.0173002909869, 0.00934226531535, 0.00728484150022, 0.00553987175226, 0.00487543363124, 0.0016152409371, 0.00586097780615, 0.00352872721851, 0.00125765963458, 0.000402295292588, 0.000285069516394, 0.000394366827095, 0.000268583127763, 0.000325593951857, 0.000370320951333, 0.000154060166096, 0.000128810643218, 0.000107838182885, 3.28161986545e-05, 3.24686989188e-05, 4.07411171182e-05, 6.22775696684e-05, 4.89120575367e-05, 1.93802370632e-05, 9.05956494535e-06, 5.64700849282e-06, 1.89499360204e-06, 7.85227655342e-07, 1.18307048069e-06, 4.60672623603e-07, 7.06962509867e-07, 1.41575910106e-07, 1.67706957654e-07, 1.44196192764e-07, 6.49579092737e-08, 8.02423869573e-08], "mean": [2.26061456488e-06, 8.39250569697e-05, 0.000530870049261, 0.00121883302927, 0.00139048544224, 0.00101764628198, 0.000652456772514, 0.00120390322991, 0.00103545875754, 0.000189380618394, 0.000388780521462, 0.000409623084124, 0.00011823100067, 3.58399374818e-05, 1.80264578375e-05, 2.64620684902e-05, 2.4455914172e-05, 2.39797009272e-05, 1.85900444194e-05, 1.07656251203e-05, 1.04866858237e-05, 5.48424986846e-06, 3.69731901628e-06, 3.55151246367e-06, 3.05321282212e-06, 3.77306741939e-06, 2.81079337583e-06, 1.29283944261e-06, 8.69543669069e-07, 3.66912729532e-07, 1.52798719455e-07, 9.0929248131e-08, 7.79286679631e-08, 4.21924148952e-08, 3.35221024272e-08, 1.76730416968e-08, 1.3176145508e-08, 9.83976988778e-09, 5.88051563e-09, 4.26257207309e-09], "median": [1.08874587568e-06, 3.40821607097e-05, 0.000214592946577, 0.000765633711126, 0.000944202649407, 0.000630265334621, 0.000277063343674, 0.000911571376491, 0.000812870857771, 0.000112498339149, 0.000106251791294, 0.000125115941046, 4.1971092287e-05, 2.04052739718e-05, 9.01413113752e-06, 9.84171219898e-06, 1.32637305796e-05, 1.42825947478e-05, 1.14741787911e-05, 6.06754747423e-06, 7.08493416823e-06, 3.40337555826e-06, 2.65346170636e-06, 2.42455439547e-06, 2.22012567974e-06, 2.07980679079e-06, 1.41343411997e-06, 7.31589580028e-07, 5.65325876778e-07, 2.35621527622e-07, 9.9424134703e-08, 5.55120678314e-08, 3.97987456324e-08, 2.43704487701e-08, 1.71361307366e-08, 9.80857173261e-09, 6.6831287171e-09, 5.04880803831e-09, 2.89088797345e-09, 1.8155682513e-09], "min": [8.23655824256e-24, 2.49502741483e-24, 6.61944545168e-24, 1.04996881614e-23, 5.6978295113e-24, 1.5382831828e-23, 1.2641615913e-23, 8.13381778713e-24, 3.25271707303e-24, 1.59714467033e-23, 2.5668937477e-23, 2.06014275505e-23, 8.32222064826e-24, 7.02785846384e-24, 4.67855101314e-24, 8.05283411546e-24, 5.00498678331e-24, 8.12834151472e-24, 1.26069139218e-23, 1.73337716213e-23, 1.45051325631e-23, 9.56103440318e-24, 7.92895455435e-24, 9.09700511949e-24, 2.00173975348e-23, 1.26922402728e-23, 9.6802123533e-24, 1.89341542501e-23, 1.60796878859e-23, 1.7627415627e-23, 1.07789875203e-23, 7.93288781482e-24, 6.90782144419e-24, 8.31546878777e-24, 1.06712409536e-23, 1.03885842026e-23, 9.85533395223e-24, 8.48674311207e-24, 1.08898855864e-23, 1.13284575398e-23], "var": [9.89305946192e-12, 1.43326923663e-08, 5.71428245166e-07, 2.38177335632e-06, 2.24992618314e-06, 1.33603657559e-06, 7.53000449549e-07, 6.7910582402e-07, 5.4149160178e-07, 4.85991478172e-08, 5.79181516969e-07, 3.33508438644e-07, 3.15051735811e-08, 1.84595783104e-09, 7.46074146907e-10, 2.00349337121e-09, 1.46349832253e-09, 9.44942790682e-10, 6.11872164047e-10, 2.26913265955e-10, 1.27931651384e-10, 4.09567969817e-11, 1.304715537e-11, 1.32985714454e-11, 9.2771771168e-12, 2.38207682746e-11, 1.31161999664e-11, 2.30869815453e-12, 7.61412959592e-13, 2.67959049047e-13, 2.91420973995e-14, 1.02089882636e-14, 1.18656432539e-14, 2.65530048239e-15, 2.35667562871e-15, 4.01493961106e-16, 3.11858949394e-16, 1.77390947005e-16, 5.3851128782e-17, 4.49019874663e-17]}, "mfcc": {"mean": [-704.455627441, 189.300567627, -43.6945762634, 12.5855484009, -33.6825180054, -29.7335681915, -21.4318618774, -18.1931476593, -12.4054603577, -2.9973282814, -14.5829992294, -13.8978538513, -10.6831378937], "cov": [[2722.90161133, 133.487976074, 71.5724182129, 307.300598145, 283.933258057, 218.575714111, -231.681777954, -157.396911621, -297.494354248, -221.46321106, -362.444091797, -148.48223877, 89.6326370239], [133.487976074, 536.886230469, 32.5232963562, 50.7157592773, 56.1161766052, -7.23276042938, -97.6441726685, -101.665351868, -70.6291351318, -81.5596160889, -45.2083702087, -36.9865531921, -30.3013362885], [71.5724182129, 32.5232963562, 168.476028442, 24.4332962036, 18.5302867889, 5.28289270401, -28.1138858795, -30.4738407135, -11.6717605591, -6.62047100067, 2.38990187645, 5.85613775253, -2.49728751183], [307.300598145, 50.7157592773, 24.4332962036, 166.382781982, 85.8523483276, 19.0608005524, -31.0980567932, -46.7922210693, -38.8014984131, -12.2375154495, -40.5122528076, 8.96294689178, 21.5583763123], [283.933258057, 56.1161766052, 18.5302867889, 85.8523483276, 125.646102905, 53.7808303833, -28.6367149353, -32.4598197937, -36.6246833801, -32.2758827209, -47.7615814209, -4.87084770203, 14.2462024689], [218.575714111, -7.23276042938, 5.28289270401, 19.0608005524, 53.7808303833, 111.602302551, -4.21696090698, 2.90646767616, -23.6718235016, -14.3824596405, -17.0626583099, -10.8116168976, 9.92070674896], [-231.681777954, -97.6441726685, -28.1138858795, -31.0980567932, -28.6367149353, -4.21696090698, 130.910339355, 91.2611160278, 62.8517150879, 50.9511604309, 35.5410919189, 11.6161260605, 1.14126908779], [-157.396911621, -101.665351868, -30.4738407135, -46.7922210693, -32.4598197937, 2.90646767616, 91.2611160278, 136.282775879, 72.7882766724, 33.1192855835, 14.5189971924, -8.17874145508, 5.7672791481], [-297.494354248, -70.6291351318, -11.6717605591, -38.8014984131, -36.6246833801, -23.6718235016, 62.8517150879, 72.7882766724, 114.265983582, 63.949760437, 49.7878303528, 28.3512001038, -1.46188342571], [-221.46321106, -81.5596160889, -6.62047100067, -12.2375154495, -32.2758827209, -14.3824596405, 50.9511604309, 33.1192855835, 63.949760437, 102.21105957, 82.6569824219, 32.9425888062, -4.77321910858], [-362.444091797, -45.2083702087, 2.38990187645, -40.5122528076, -47.7615814209, -17.0626583099, 35.5410919189, 14.5189971924, 49.7878303528, 82.6569824219, 161.848510742, 74.2657470703, -14.1975135803], [-148.48223877, -36.9865531921, 5.85613775253, 8.96294689178, -4.87084770203, -10.8116168976, 11.6161260605, -8.17874145508, 28.3512001038, 32.9425888062, 74.2657470703, 114.889266968, 37.2467041016], [89.6326370239, -30.3013362885, -2.49728751183, 21.5583763123, 14.2462024689, 9.92070674896, 1.14126908779, 5.7672791481, -1.46188342571, -4.77321910858, -14.1975135803, 37.2467041016, 68.404296875]], "icov": [[0.000915726937819, 0.000139666575706, -0.000134334113682, -0.000804438604973, -0.000254242273513, -0.000975693983492, 0.000983046833426, -0.000555919716135, 0.00139204959851, -0.000486984761665, 0.00119830307085, 0.000260085536866, -0.000561633030884], [0.000139666575706, 0.00259182485752, -5.73079778405e-05, -0.000538720923942, -0.00080011197133, 0.000443881639512, 0.000620504841208, 0.0011802080553, -0.000562313769478, 0.00219241855666, -0.000885181478225, 0.000996225979179, 0.000539987173397], [-0.000134334113682, -5.73079778405e-05, 0.00638026883826, -0.000545477494597, -0.000285115413135, -0.000107547384687, 0.000697241688613, 0.000964484119322, -0.000964141334407, 0.000533511221875, -0.000819681503344, -1.02765397969e-05, 0.000389598135371], [-0.000804438604973, -0.000538720923942, -0.000545477494597, 0.0121236890554, -0.00701277377084, 0.00274742138572, -0.000896257988643, 0.00142766989302, 0.00184722675476, -0.00493067363277, 0.00234998087399, -0.00234059826471, -0.000611108262092], [-0.000254242273513, -0.00080011197133, -0.000285115413135, -0.00701277377084, 0.0176248177886, -0.00686372118071, -0.000636460375972, 0.00136650260538, -0.00166394573171, 0.00234047556296, 0.00210949126631, -0.00166865624487, 0.000872871489264], [-0.000975693983492, 0.000443881639512, -0.000107547384687, 0.00274742138572, -0.00686372118071, 0.0139487823471, -0.000748427293729, -0.00182177149691, 0.00178886938374, 7.1745729656e-05, -0.00297954515554, 0.00149793294258, -0.00121294870041], [0.000983046833426, 0.000620504841208, 0.000697241688613, -0.000896257988643, -0.000636460375972, -0.000748427293729, 0.0178847778589, -0.0107910763472, 0.00199184403755, -0.00536621175706, 0.00196045986377, -0.00177470198832, 0.00118853943422], [-0.000555919716135, 0.0011802080553, 0.000964484119322, 0.00142766989302, 0.00136650260538, -0.00182177149691, -0.0107910763472, 0.0215276610106, -0.0114789605141, 0.00552714988589, -0.00260520190932, 0.00648248381913, -0.0047489865683], [0.00139204959851, -0.000562313769478, -0.000964141334407, 0.00184722675476, -0.00166394573171, 0.00178886938374, 0.00199184403755, -0.0114789605141, 0.0249609630555, -0.012998376973, 0.00594456586987, -0.00657059904188, 0.00276914518327], [-0.000486984761665, 0.00219241855666, 0.000533511221875, -0.00493067363277, 0.00234047556296, 7.1745729656e-05, -0.00536621175706, 0.00552714988589, -0.012998376973, 0.0291291158646, -0.0143600665033, 0.00639087473974, -0.00239711720496], [0.00119830307085, -0.000885181478225, -0.000819681503344, 0.00234998087399, 0.00210949126631, -0.00297954515554, 0.00196045986377, -0.00260520190932, 0.00594456586987, -0.0143600665033, 0.0218900740147, -0.0137387169525, 0.00859609059989], [0.000260085536866, 0.000996225979179, -1.02765397969e-05, -0.00234059826471, -0.00166865624487, 0.00149793294258, -0.00177470198832, 0.00648248381913, -0.00657059904188, 0.00639087473974, -0.0137387169525, 0.0238066185266, -0.0150577509776], [-0.000561633030884, 0.000539987173397, 0.000389598135371, -0.000611108262092, 0.000872871489264, -0.00121294870041, 0.00118853943422, -0.0047489865683, 0.00276914518327, -0.00239711720496, 0.00859609059989, -0.0150577509776, 0.0260507296771]]}, "spectral_contrast_coeffs": {"dmean": [0.0404250845313, 0.0353087335825, 0.0365903787315, 0.0281957332045, 0.021071979776, 0.0173465181142], "dmean2": [0.0649161413312, 0.0552543774247, 0.0561820194125, 0.045498713851, 0.034276958555, 0.0284975878894], "dvar": [0.00113422353752, 0.00102601235267, 0.001127913245, 0.000461096031358, 0.000345606065821, 0.000320151710184], "dvar2": [0.0030393267516, 0.00247934623621, 0.00263430154882, 0.00116720295046, 0.000880225270521, 0.000828811607789], "max": [-0.186813533306, -0.419647246599, -0.405533671379, -0.501042127609, -0.592628657818, -0.610381007195], "mean": [-0.440201491117, -0.622819542885, -0.683835685253, -0.733848392963, -0.761030256748, -0.747336626053], "median": [-0.41599586606, -0.624943494797, -0.690258562565, -0.735004603863, -0.766852319241, -0.749639868736], "min": [-0.996191322803, -0.97704231739, -0.962225437164, -0.983508527279, -0.980413496494, -0.961209356785], "var": [0.012326978147, 0.0056451712735, 0.00540544185787, 0.00206475751474, 0.00157209776808, 0.000698304618709]}, "spectral_contrast_valleys": {"dmean": [0.464012086391, 0.295592755079, 0.282689154148, 0.236464574933, 0.21468155086, 0.284761399031], "dmean2": [0.765915751457, 0.464288413525, 0.457721978426, 0.375936180353, 0.310243606567, 0.416905224323], "dvar": [0.191050469875, 0.155072689056, 0.137136623263, 0.117898352444, 0.128697246313, 0.171408638358], "dvar2"