{"lowlevel": {"average_loudness": 0.56348323822, "barkbands_crest": {"dmean": 1.90557765961, "dmean2": 2.93899416924, "dvar": 4.55960655212, "dvar2": 9.88694858551, "max": 26.4948234558, "mean": 12.8434743881, "median": 11.7428264618, "min": 3.98770642281, "var": 23.7324810028}, "barkbands_flatness_db": {"dmean": 0.0242424812168, "dmean2": 0.04040338099, "dvar": 0.00050766277127, "dvar2": 0.00121463485993, "max": 0.607250571251, "mean": 0.355226665735, "median": 0.351410090923, "min": 0.0732142478228, "var": 0.00247652083635}, "barkbands_kurtosis": {"dmean": 1.91872811317, "dmean2": 2.90203118324, "dvar": 21.5325622559, "dvar2": 36.0085868835, "max": 157.800247192, "mean": 4.61651039124, "median": 2.05173492432, "min": -1.30477404594, "var": 91.4924163818}, "barkbands_skewness": {"dmean": 0.394784152508, "dmean2": 0.618666470051, "dvar": 0.239053755999, "dvar2": 0.470982760191, "max": 4.83667325974, "mean": 0.177304163575, "median": 0.311481207609, "min": -10.3618659973, "var": 1.69936549664}, "barkbands_spread": {"dmean": 1.0744843483, "dmean2": 1.7032147646, "dvar": 1.67000758648, "dvar2": 3.73933982849, "max": 37.4066772461, "mean": 5.05242395401, "median": 4.65910005569, "min": 0.245857611299, "var": 7.51014661789}, "dissonance": {"dmean": 0.0389435999095, "dmean2": 0.0657624080777, "dvar": 0.00159893347882, "dvar2": 0.00392299098894, "max": 0.498188436031, "mean": 0.378244251013, "median": 0.387807607651, "min": 0.0653088018298, "var": 0.00437052547932}, "dynamic_complexity": 5.05437994003, "erbbands_crest": {"dmean": 2.33321619034, "dmean2": 3.52885437012, "dvar": 7.34659385681, "dvar2": 14.8615808487, "max": 33.4387741089, "mean": 16.7093791962, "median": 15.8161344528, "min": 2.92575979233, "var": 44.9673233032}, "erbbands_flatness_db": {"dmean": 0.0157090369612, "dmean2": 0.0239321459085, "dvar": 0.000300598883769, "dvar2": 0.0005860493402, "max": 0.596976161003, "mean": 0.392033994198, "median": 0.389784932137, "min": 0.0329800397158, "var": 0.00281749805436}, "erbbands_kurtosis": {"dmean": 1.72275853157, "dmean2": 2.41253304482, "dvar": 11.2422113419, "dvar2": 17.779378891, "max": 73.7149963379, "mean": 5.22303342819, "median": 2.24676275253, "min": -1.31849014759, "var": 72.3523864746}, "erbbands_skewness": {"dmean": 0.293040037155, "dmean2": 0.436974853277, "dvar": 0.128990143538, "dvar2": 0.222087398171, "max": 6.19815158844, "mean": 0.701517343521, "median": 0.593274414539, "min": -5.3153219223, "var": 1.24775111675}, "erbbands_spread": {"dmean": 1.39009702206, "dmean2": 2.12359476089, "dvar": 3.29769539833, "dvar2": 7.2210559845, "max": 85.6250839233, "mean": 8.5496969223, "median": 7.52878952026, "min": 0.267532378435, "var": 40.803653717}, "hfc": {"dmean": 3.97316193581, "dmean2": 4.81853246689, "dvar": 78.8606796265, "dvar2": 130.898849487, "max": 253.008010864, "mean": 13.1494703293, "median": 8.62242889404, "min": 1.18549751916e-16, "var": 324.930053711}, "melbands_crest": {"dmean": 2.54526686668, "dmean2": 4.00273323059, "dvar": 7.41206502914, "dvar2": 16.9317836761, "max": 33.5547485352, "mean": 15.8953351974, "median": 15.3126955032, "min": 1.75656056404, "var": 31.3823432922}, "melbands_flatness_db": {"dmean": 0.0246207620949, "dmean2": 0.040557269007, "dvar": 0.00062906020321, "dvar2": 0.00142649421468, "max": 0.684423267841, "mean": 0.446642667055, "median": 0.441786110401, "min": 0.00478572305292, "var": 0.00364013342187}, "melbands_kurtosis": {"dmean": 1.63748264313, "dmean2": 2.54734063148, "dvar": 7.7596039772, "dvar2": 14.5159883499, "max": 79.730682373, "mean": 3.56873345375, "median": 1.86111354828, "min": -1.48823308945, "var": 41.2889633179}, "melbands_skewness": {"dmean": 0.351742208004, "dmean2": 0.543450415134, "dvar": 0.161192327738, "dvar2": 0.330858081579, "max": 5.59690570831, "mean": 0.31168243289, "median": 0.376044183969, "min": -7.24448299408, "var": 1.54048252106}, "melbands_spread": {"dmean": 1.76747858524, "dmean2": 2.80662608147, "dvar": 11.4995107651, "dvar2": 21.3841266632, "max": 140.738113403, "mean": 8.52809238434, "median": 7.99804925919, "min": 0.721390008926, "var": 26.2481327057}, "pitch_salience": {"dmean": 0.054541438818, "dmean2": 0.0870400890708, "dvar": 0.00351927732117, "dvar2": 0.00809174124151, "max": 0.822611927986, "mean": 0.510698616505, "median": 0.519384145737, "min": 0.0658323466778, "var": 0.0140029108152}, "silence_rate_20dB": {"dmean": 0, "dmean2": 0, "dvar": 0, "dvar2": 0, "max": 1, "mean": 1, "median": 1, "min": 1, "var": 0}, "silence_rate_30dB": {"dmean": 0.0104115018621, "dmean2": 0.0208281669766, "dvar": 0.0103028258309, "dvar2": 0.0238662399352, "max": 1, "mean": 0.986369252205, "median": 1, "min": 0, "var": 0.0134454611689}, "silence_rate_60dB": {"dmean": 0.0143777886406, "dmean2": 0.0287627074867, "dvar": 0.0141704520211, "dvar2": 0.0343795865774, "max": 1, "mean": 0.0954151153564, "median": 0, "min": 0, "var": 0.0863105505705}, "spectral_centroid": {"dmean": 38.0208854675, "dmean2": 57.3121604919, "dvar": 39336.9960938, "dvar2": 35393.640625, "max": 10835.4248047, "mean": 594.649536133, "median": 591.947143555, "min": 178.704833984, "var": 69459.2109375}, "spectral_complexity": {"dmean": 1.47545862198, "dmean2": 2.32110095024, "dvar": 2.60728478432, "dvar2": 5.3327922821, "max": 22, "mean": 10.4760847092, "median": 11, "min": 0, "var": 17.2865066528}, "spectral_decrease": {"dmean": 1.56000989904e-09, "dmean2": 1.9981474253e-09, "dvar": 7.53431339807e-18, "dvar2": 1.3196227379e-17, "max": 1.53702919776e-28, "mean": -5.26308419069e-09, "median": -3.90717413978e-09, "min": -7.1529889567e-08, "var": 3.10602382634e-17}, "spectral_energy": {"dmean": 0.00624299747869, "dmean2": 0.00796638336033, "dvar": 0.000124142403365, "dvar2": 0.000216376312892, "max": 0.292918920517, "mean": 0.021056804806, "median": 0.0155384987593, "min": 1.07728198271e-20, "var": 0.000512226950377}, "spectral_energyband_high": {"dmean": 1.25273095364e-06, "dmean2": 1.84547241133e-06, "dvar": 2.45061367032e-11, "dvar2": 6.1134756979e-11, "max": 0.000110589026008, "mean": 1.88664864709e-06, "median": 4.53679461998e-07, "min": 7.78548774104e-21, "var": 2.78290931965e-11}, "spectral_energyband_low": {"dmean": 0.000778584100772, "dmean2": 0.00130494334735, "dvar": 2.16149987864e-06, "dvar2": 5.51767789148e-06, "max": 0.0335374884307, "mean": 0.00111420149915, "median": 0.000510812737048, "min": 3.3111827496e-23, "var": 3.58558759217e-06}, "spectral_energyband_middle_high": {"dmean": 0.00249755871482, "dmean2": 0.00289350422099, "dvar": 9.37615550356e-05, "dvar2": 0.000150245294208, "max": 0.280142098665, "mean": 0.00651478255168, "median": 0.00164403766394, "min": 1.31602789578e-21, "var": 0.000362746708561}, "spectral_energyband_middle_low": {"dmean": 0.00395961245522, "dmean2": 0.00530260242522, "dvar": 2.68739968305e-05, "dvar2": 5.17065127497e-05, "max": 0.0837782993913, "mean": 0.0141656566411, "median": 0.0113239008933, "min": 1.79894630239e-22, "var": 0.000138593357406}, "spectral_entropy": {"dmean": 0.189331442118, "dmean2": 0.299430221319, "dvar": 0.054474003613, "dvar2": 0.118712104857, "max": 9.8020067215, "mean": 5.77730607986, "median": 5.81150722504, "min": 3.7622461319, "var": 0.229672268033}, "spectral_flux": {"dmean": 0.0224697142839, "dmean2": 0.0345462225378, "dvar": 0.000985265593044, "dvar2": 0.00235609547235, "max": 0.411207228899, "mean": 0.0444161854684, "median": 0.035178385675, "min": 1.03792197059e-10, "var": 0.00134281243663}, "spectral_kurtosis": {"dmean": 28.5481376648, "dmean2": 49.4590759277, "dvar": 673.984558105, "dvar2": 1816.68444824, "max": 301.593933105, "mean": 76.3980255127, "median": 72.8241500854, "min": -1.26786625385, "var": 1950.52978516}, "spectral_rms": {"dmean": 0.000602533284109, "dmean2": 0.000774623593315, "dvar": 5.68204143292e-07, "dvar2": 1.04117702904e-06, "max": 0.0169048681855, "mean": 0.00402815407142, "median": 0.00389352161437, "min": 3.24192343977e-12, "var": 4.3172194637e-06}, "spectral_rolloff": {"dmean": 51.1689071655, "dmean2": 89.8160400391, "dvar": 163268.0625, "dvar2": 251867.6875, "max": 18453.9550781, "mean": 729.518676758, "median": 710.595703125, "min": 129.19921875, "var": 257113.484375}, "spectral_skewness": {"dmean": 1.64300000668, "dmean2": 2.88098430634, "dvar": 1.85388755798, "dvar2": 5.20243310928, "max": 13.3390522003, "mean": 5.77149152756, "median": 5.63879871368, "min": -0.0116067882627, "var": 5.1036157608}, "spectral_spread": {"dmean": 278117, "dmean2": 483995.03125, "dvar": 700410101760, "dvar2": 759116922880, "max": 44633500, "mean": 1083941.125, "median": 974481.8125, "min": 259970.125, "var": 1363059539970.0}, "spectral_strongpeak": {"dmean": 0.528293728828, "dmean2": 0.75669926405, "dvar": 0.679643929005, "dvar2": 1.34960854053, "max": 14.8650112152, "mean": 1.94255805016, "median": 1.39377248287, "min": 0, "var": 3.58554315567}, "zerocrossingrate": {"dmean": 0.00192080694251, "dmean2": 0.00246489420533, "dvar": 7.39796669222e-05, "dvar2": 7.48357560951e-05, "max": 0.52490234375, "mean": 0.0286016650498, "median": 0.02783203125, "min": 0.00439453125, "var": 0.000300285872072}, "barkbands": {"dmean": [4.32056913269e-06, 0.000418172625359, 0.000400229997467, 0.000144967401866, 0.000704534817487, 0.000833529455122, 0.000546190305613, 0.00138813105877, 0.00117734202649, 0.00216625677422, 0.000511051097419, 7.49781902414e-05, 9.91138658719e-05, 8.08313634479e-05, 4.91081846121e-05, 1.26701334011e-05, 1.0287083569e-05, 4.4185335355e-06, 5.48503703612e-06, 1.99949522539e-06, 3.61166001994e-07, 4.7204810727e-08, 1.42350984333e-08, 1.576402342e-09, 9.2921853545e-10, 8.29319279916e-10, 8.69147198657e-10], "dmean2": [7.4402428254e-06, 0.000714915804565, 0.00068226311123, 0.000245804258157, 0.0010860854527, 0.00131923530716, 0.000868760806043, 0.00188948842697, 0.00138304824941, 0.00246418802999, 0.000634661584627, 0.000106707571831, 0.00012687308481, 0.000111595509225, 7.12683176971e-05, 1.82345829671e-05, 1.56824153237e-05, 6.51481150271e-06, 7.75813259679e-06, 2.82785867967e-06, 5.34609057468e-07, 6.31589713862e-08, 1.99515444166e-08, 2.81037793037e-09, 1.70591996085e-09, 1.54120693985e-09, 1.61649105213e-09], "dvar": [9.29832044694e-11, 8.56828989981e-07, 5.55038695893e-07, 1.08638509744e-07, 1.672882604e-06, 2.86535487248e-06, 1.05946435269e-06, 1.02518079075e-05, 7.06858190824e-06, 8.44125388539e-05, 1.38270843308e-05, 2.87674453148e-08, 6.92005315273e-08, 4.78045585339e-08, 1.28628316887e-08, 6.88989587605e-10, 4.57068827231e-10, 9.288721875e-11, 2.01663755139e-10, 5.74924899355e-11, 2.5414074057e-12, 3.25178252381e-14, 7.71021735227e-15, 2.88622804095e-17, 3.00158677325e-18, 2.02183807339e-18, 2.22532098856e-18], "dvar2": [2.45708203783e-10, 2.24079121836e-06, 1.45700892062e-06, 2.92007769076e-07, 4.05062974096e-06, 7.96934546088e-06, 2.72550573754e-06, 1.84090877156e-05, 1.06377492557e-05, 0.00012953444093, 2.5157138225e-05, 6.27885796689e-08, 1.17288450951e-07, 9.70643228015e-08, 2.82080812042e-08, 1.37680122858e-09, 1.05663766625e-09, 1.97991220641e-10, 4.53080462037e-10, 1.37228436947e-10, 6.44014615941e-12, 5.93331671772e-14, 1.40010294076e-14, 7.86500730296e-17, 9.27050925554e-18, 6.81911318813e-18, 7.51044758304e-18], "max": [0.000139122188557, 0.0248119775206, 0.00870496127754, 0.00750099215657, 0.0198098234832, 0.0258101951331, 0.0201321542263, 0.0785444825888, 0.0550913400948, 0.274029046297, 0.113457456231, 0.0040935203433, 0.00628523388878, 0.00450671790168, 0.00253841863014, 0.000431540014688, 0.00047649157932, 0.000260326341959, 0.000244725932134, 0.000190540464246, 5.44158901903e-05, 5.88562170378e-06, 3.58616330232e-06, 1.69702758512e-07, 3.34311458516e-08, 2.18465796564e-08, 2.24194636189e-08], "mean": [3.67623215425e-06, 0.000549616408534, 0.000476960354717, 0.000241878151428, 0.00174667604733, 0.00216506421566, 0.00136652367655, 0.0038762956392, 0.00346222450025, 0.00528551312163, 0.00109283311758, 0.000192248277017, 0.000244247989031, 0.000175774097443, 0.000106825718831, 2.75719303318e-05, 1.90995124285e-05, 9.72587986325e-06, 1.01777113741e-05, 3.24655252371e-06, 5.32071226189e-07, 7.25248767708e-08, 1.79158767821e-08, 1.50373224983e-09, 8.38571767581e-10, 7.29303561986e-10, 7.57077067703e-10], "median": [7.3672669032e-07, 0.000186163539183, 0.000186166653293, 5.61235428904e-05, 0.000856552098412, 0.00114549952559, 0.000686120940372, 0.00114296376705, 0.000816219020635, 0.000600307015702, 0.000163889868418, 7.63425268815e-05, 7.26419166313e-05, 6.72610185575e-05, 4.28146595368e-05, 1.25975793708e-05, 9.27181918087e-06, 4.3801164793e-06, 3.01199270325e-06, 7.61168678309e-07, 1.04771970655e-07, 1.08090754125e-08, 1.69134761752e-09, 4.94420837605e-10, 3.32823185678e-10, 2.93262525375e-10, 2.95516500159e-10], "min": [1.76330433607e-23, 1.32968216928e-23, 1.62180887985e-24, 1.37643795513e-23, 4.15738847838e-23, 2.76986355654e-23, 1.87435638777e-23, 9.59443004075e-24, 3.28708115568e-23, 4.47421047959e-23, 6.48545206267e-23, 8.3806102392e-23, 7.71046343388e-23, 6.89064194694e-23, 1.03204362445e-22, 1.02277829535e-22, 1.8675975222e-22, 1.88791176336e-22, 1.91988902901e-22, 3.58699067328e-22, 4.18986745957e-22, 3.46536599218e-22, 4.85454045373e-22, 8.32020406735e-22, 1.33575370981e-21, 1.83044426878e-21, 2.19351839655e-21], "var": [7.85999945685e-11, 1.66960830938e-06, 6.46681030503e-07, 2.49384186191e-07, 5.22214759258e-06, 7.75129319663e-06, 3.92789888792e-06, 5.08334087499e-05, 3.93792397517e-05, 0.000314962264383, 3.80522942578e-05, 8.7736559351e-08, 2.35474118426e-07, 1.15277750012e-07, 3.63008823001e-08, 1.77691028558e-09, 8.08770550531e-10, 2.22779045211e-10, 4.04258321263e-10, 7.13893527626e-11, 2.70796926549e-12, 7.79681020809e-14, 1.26228746151e-14, 2.36365718528e-17, 2.67623947434e-18, 1.59959266617e-18, 1.73701083717e-18]}, "erbbands": {"dmean": [0.00442311167717, 0.121430441737, 0.466385960579, 0.375328719616, 1.21346437931, 2.59959626198, 7.48364114761, 4.5389175415, 6.19941759109, 15.298327446, 34.8265914917, 29.7618293762, 46.2273025513, 58.2669372559, 8.47993946075, 3.24574947357, 4.42875480652, 4.61804437637, 2.8124666214, 1.7206659317, 0.655924499035, 0.450636267662, 0.295766472816, 0.300234794617, 0.196865171194, 0.0998299792409, 0.0279795546085, 0.00817249342799, 0.00224634213373, 0.000735864276066, 0.000319931743434, 7.36186921131e-05, 2.19169560296e-05, 1.26725844893e-05, 8.13038877823e-06, 5.07764480062e-06, 2.72322267847e-06, 8.10713288502e-07, 3.09339588966e-06, 7.13987856216e-06], "dmean2": [0.00675666937605, 0.209120601416, 0.800338625908, 0.614711046219, 2.00542664528, 4.0244307518, 12.035574913, 6.92826318741, 9.57084083557, 23.4089183807, 45.8573036194, 35.0721282959, 53.1522254944, 67.2548217773, 10.7880926132, 4.57673358917, 5.70129585266, 6.28121709824, 3.90885424614, 2.58281373978, 0.968670904636, 0.671961426735, 0.439901977777, 0.425629019737, 0.270450979471, 0.145813018084, 0.0413552001119, 0.012224143371, 0.00299583189189, 0.000980959855951, 0.000447204569355, 0.000118278156151, 3.77830729121e-05, 2.15213258343e-05, 1.33200010168e-05, 7.88983106759e-06, 4.07363813792e-06, 1.26464203731e-06, 3.8985572246e-06, 9.06936202227e-06], "dvar": [9.98706018436e-05, 0.0692868977785, 0.75978988409, 0.568494319916, 7.36957025528, 33.1451759338, 291.948760986, 74.7779998779, 113.980232239, 1305.21569824, 7588.48193359, 4914.65869141, 23151.8730469, 86838.8359375, 1319.4041748, 49.0910224915, 129.188446045, 122.190139771, 43.146987915, 13.3950986862, 1.58644342422, 0.846396386623, 0.34889125824, 0.675406396389, 0.402555018663, 0.233085289598, 0.00594644900411, 0.00221643666737, 6.96062779753e-05, 8.23681421025e-06, 7.15580790711e-06, 1.70683591705e-07, 4.86904472297e-09, 6.03267991117e-10, 1.8206533503e-10, 7.0249826789e-11, 2.11030359853e-11, 2.05894763045e-12, 3.22309609557e-11, 1.67478905744e-10], "dvar2": [0.000199035261176, 0.183888033032, 2.01177740097, 1.40918982029, 19.5342121124, 81.1247787476, 832.227966309, 192.758560181, 281.94934082, 3242.94897461, 12940.7695312, 7404.70019531, 38911.1484375, 132410.359375, 2426.74755859, 109.681877136, 221.486251831, 244.441055298, 88.6518936157, 37.5946922302, 3.39448642731, 1.90628695488, 0.786936163902, 1.49552357197, 0.907043457031, 0.568137764931, 0.0145582119003, 0.00569835305214, 0.000135769267217, 1.56476326083e-05, 1.20923114082e-05, 3.90748795098e-07, 1.25154100417e-08, 1.56950841212e-09, 4.66675753596e-10, 1.56305524079e-10, 4.23026232099e-11, 4.44555546888e-12, 5.5258814885e-11, 2.90374030376e-10], "max": [0.33872205019, 6.99249839783, 14.7234926224, 12.2953443527, 44.9981002808, 102.016464233, 222.56628418, 209.752426147, 306.483276367, 827.104858398, 2138.15307617, 1565.22229004, 4473.82958984, 10445.8369141, 1054.53649902, 123.362808228, 286.800628662, 232.889968872, 150.004348755, 62.9303245544, 21.8723258972, 19.928062439, 8.95754528046, 13.3060684204, 16.6982402802, 12.8412418365, 1.54867351055, 1.82123184204, 0.249826282263, 0.0892368406057, 0.134532168508, 0.011572423391, 0.00271204649471, 0.00060899584787, 0.000224213436013, 0.000176065776031, 0.000106697567389, 3.26834488078e-05, 0.000152013730258, 0.000343353050994], "mean": [0.00762551650405, 0.154838055372, 0.554116427898, 0.647669136524, 2.27138996124, 6.6200671196, 17.6586856842, 13.2303094864, 17.5033836365, 38.2189292908, 99.9967041016, 90.4414291382, 119.584716797, 142.579421997, 21.3766593933, 8.36424732208, 11.3172492981, 10.8335342407, 6.38282394409, 3.85667538643, 1.43141424656, 0.90544885397, 0.6612611413, 0.602290928364, 0.353192478418, 0.15783636272, 0.0459744594991, 0.0119966724887, 0.00352072482929, 0.0010756845586, 0.000426541751949, 9.45802312344e-05, 3.54540279659e-05, 2.52332010859e-05, 1.93637370103e-05, 1.41327145684e-05, 8.20823061076e-06, 2.14940837395e-06, 1.04999498944e-05, 2.40812059928e-05], "median": [0.00259264814667, 0.0550062023103, 0.236507087946, 0.270527333021, 0.779456079006, 2.44903564453, 6.79715204239, 7.98640775681, 9.20827388763, 16.5764884949, 26.350812912, 29.0548973083, 25.8344593048, 14.8890399933, 8.06879234314, 4.55641889572, 4.06177616119, 5.20447397232, 2.90370440483, 1.8514367342, 0.788397669792, 0.473122060299, 0.334729880095, 0.19179853797, 0.100787274539, 0.0430236048996, 0.0132540231571, 0.00247334898449, 0.000568344432395, 0.000176396832103, 5.76923594053e-05, 2.85095120489e-05, 1.98600828298e-05, 1.63514159794e-05, 1.33083512992e-05, 1.0026164091e-05, 5.9051194512e-06, 1.42038743434e-06, 7.6652113421e-06, 1.76234225364e-05], "min": [2.83260134879e-22, 2.98019522992e-21, 2.34962531116e-21, 2.32503458056e-20, 7.14289328997e-20, 1.92371113659e-19, 1.24567946028e-19, 2.38072170418e-19, 1.82687723818e-19, 3.26935046251e-19, 4.37416106448e-19, 6.28064280439e-19, 1.18987087682e-18, 2.09035178917e-18, 2.70124721221e-18, 3.44527259855e-18, 4.0669749295e-18, 3.58294274944e-18, 3.75726237814e-18, 7.01023078711e-18, 5.18825216422e-18, 1.19366281751e-17, 9.40757639176e-18, 9.58036532274e-18, 1.12558055914e-17, 1.71558979579e-17, 1.63814683074e-17, 1.75515400993e-17, 1.33009534077e-17, 1.63710375599e-17, 1.33726592134e-17, 1.43687691322e-17, 1.52657141576e-17, 1.49162650904e-17, 1.0016433435e-17, 5.84760527511e-18, 3.42154947217e-18, 1.36676210665e-18, 3.18544746503e-19, 2.91821532979e-20], "var": [0.000377873104298, 0.122756764293, 0.86031550169, 1.09392702579, 15.4430322647, 105.28704071, 658.931945801, 253.596206665, 610.91229248, 3388.3112793, 37853.1054688, 25629.7617188, 84338.2265625, 341031.78125, 3984.51220703, 121.505134583, 445.519042969, 312.903717041, 118.954948425, 30.7885704041, 3.82044363022, 1.64804494381, 0.811071515083, 1.54159843922, 0.607346892357, 0.236915692687, 0.00890394020826, 0.002179231029, 0.000149298517499, 1.44766363519e-05, 1.28819237943e-05, 2.08310979133e-07, 5.57071189178e-09, 1.09733999665e-09, 4.81697404187e-10, 2.44370967906e-10, 8.14940198657e-11, 7.27420250771e-12, 1.34839528432e-10, 6.91971313582e-10]}, "gfcc": {"mean": [-205.495269775, 243.691711426, -144.584075928, -45.0035896301, -20.9204406738, -39.6389160156, -6.88567686081, -4.81723928452, -10.3339090347, -5.93872690201, -6.74234485626, -16.2575435638, 1.26870644093], "cov": [[17677.6386719, 1578.09094238, -4577.50683594, -396.500610352, 208.130249023, -1103.55749512, 1176.13793945, -78.7809829712, -32.1971282959, -19.7237434387, 102.216163635, -298.840362549, 193.213592529], [1578.09094238, 737.809936523, -288.652862549, -229.219894409, 181.107696533, -161.913833618, -65.3815383911, -24.7045783997, -3.17678308487, -4.4549870491, 36.3190879822, -32.8321151733, 33.4604110718], [-4577.50683594, -288.652862549, 1497.75439453, 124.65209198, -52.7609291077, 363.277893066, -325.550720215, 30.944278717, -2.86886620522, -31.4631557465, -64.0812988281, 62.3804664612, -52.6804122925], [-396.500610352, -229.219894409, 124.65209198, 419.811065674, -41.9657974243, 22.0002689362, 8.97957229614, -98.0359802246, 12.6233549118, 39.1188545227, -42.0801086426, -10.6262016296, -89.3148040771], [208.130249023, 181.107696533, -52.7609291077, -41.9657974243, 153.135253906, 2.54428172112, -15.2013425827, 33.0705070496, 18.0948753357, 14.9284963608, 20.5045909882, -16.3876552582, -8.82702922821], [-1103.55749512, -161.913833618, 363.277893066, 22.0002689362, 2.54428172112, 245.369857788, -5.98761701584, 18.7342090607, 28.7378177643, -22.4180984497, -42.5715789795, 30.1683177948, 0.361298471689], [1176.13793945, -65.3815383911, -325.550720215, 8.97957229614, -15.2013425827, -5.98761701584, 250.737030029, 87.2888870239, 23.7291603088, 12.1256494522, -9.5671415329, -46.1608276367, -3.93302607536], [-78.7809829712, -24.7045783997, 30.944278717, -98.0359802246, 33.0705070496, 18.7342090607, 87.2888870239, 201.268295288, 61.6557693481, 18.9476566315, 33.7042961121, -49.8729057312, -35.4921646118], [-32.1971282959, -3.17678308487, -2.86886620522, 12.6233549118, 18.0948753357, 28.7378177643, 23.7291603088, 61.6557693481, 94.1817474365, 48.6238479614, 8.97979450226, -23.7066440582, -48.3798713684], [-19.7237434387, -4.4549870491, -31.4631557465, 39.1188545227, 14.9284963608, -22.4180984497, 12.1256494522, 18.9476566315, 48.6238479614, 83.8882446289, 41.3689002991, -11.3485498428, -31.3939380646], [102.216163635, 36.3190879822, -64.0812988281, -42.0801086426, 20.5045909882, -42.5715789795, -9.5671415329, 33.7042961121, 8.97979450226, 41.3689002991, 80.4079208374, 28.494096756, 14.8038873672], [-298.840362549, -32.8321151733, 62.3804664612, -10.6262016296, -16.3876552582, 30.1683177948, -46.1608276367, -49.8729057312, -23.7066440582, -11.3485498428, 28.494096756, 116.286712646, 87.1716537476], [193.213592529, 33.4604110718, -52.6804122925, -89.3148040771, -8.82702922821, 0.361298471689, -3.93302607536, -35.4921646118, -48.3798713684, -31.3939380646, 14.8038873672, 87.1716537476, 132.50592041]], "icov": [[0.000571243115701, -0.00110060628504, 0.00136695860419, -0.000655465119053, 0.000785347539932, -0.000308195041725, -0.00106288713869, 0.000184168267879, -0.000338058394846, 0.00126113870647, -0.000902071420569, 0.00111802492756, -0.000841812987346], [-0.00110060628504, 0.00672056665644, -0.00490249227732, 0.00439297268167, -0.00783658865839, 0.00629354873672, -0.00185452599544, 0.00731893023476, -0.00672243628651, 0.00327728828415, -0.00261749746278, 0.00134531001095, 1.52983902808e-05], [0.00136695860419, -0.00490249227732, 0.00905106589198, -0.00488576758653, 0.00749205658212, -0.00949727930129, 0.00784178543836, -0.0117619661614, 0.010533538647, -0.00633445987478, 0.0067230318673, -0.00151333108079, -0.000253155914834], [-0.000655465119053, 0.00439297268167, -0.00488576758653, 0.00838533509523, -0.00596832390875, 0.00657765939832, -0.00619072420523, 0.0101301586255, -0.00544344261289, 0.00103898264933, -0.000569781637751, -0.00311538367532, 0.00604207860306], [0.000785347539932, -0.00783658865839, 0.00749205658212, -0.00596832390875, 0.0186258573085, -0.0122644370422, 0.00950155593455, -0.0149202300236, 0.0125257205218, -0.00935220904648, 0.00537724001333, -0.00115619669668, -0.000133315275889], [-0.000308195041725, 0.00629354873672, -0.00949727930129, 0.00657765939832, -0.0122644370422, 0.0211334265769, -0.0148577466607, 0.0177264492959, -0.0199147537351, 0.0143274329603, -0.00670660333708, 0.000569357245695, -0.000551537668798], [-0.00106288713869, -0.00185452599544, 0.00784178543836, -0.00619072420523, 0.00950155593455, -0.0148577466607, 0.0268076695502, -0.0256365109235, 0.020586932078, -0.0204448625445, 0.0190392546356, -0.00539714843035, -0.000338453100994], [0.000184168267879, 0.00731893023476, -0.0117619661614, 0.0101301586255, -0.0149202300236, 0.0177264492959, -0.0256365109235, 0.0410776436329, -0.0342577546835, 0.0290776584297, -0.0311244539917, 0.0171201694757, -0.00416951160878], [-0.000338058394846, -0.00672243628651, 0.010533538647, -0.00544344261289, 0.0125257205218, -0.0199147537351, 0.020586932078, -0.0342577546835, 0.0520526953042, -0.0395729206502, 0.0311388522387, -0.0202643554658, 0.0145147135481], [0.00126113870647, 0.00327728828415, -0.00633445987478, 0.00103898264933, -0.00935220904648, 0.0143274329603, -0.0204448625445, 0.0290776584297, -0.0395729206502, 0.0545254126191, -0.041690506041, 0.020871585235, -0.00856820680201], [-0.000902071420569, -0.00261749746278, 0.0067230318673, -0.000569781637751, 0.00537724001333, -0.00670660333708, 0.0190392546356, -0.0311244539917, 0.0311388522387, -0.041690506041, 0.056871201843, -0.0309242177755, 0.0123520353809], [0.00111802492756, 0.00134531001095, -0.00151333108079, -0.00311538367532, -0.00115619669668, 0.000569357245695, -0.00539714843035, 0.0171201694757, -0.0202643554658, 0.020871585235, -0.0309242177755, 0.0438893251121, -0.0281969569623], [-0.000841812987346, 1.52983902808e-05, -0.000253155914834, 0.00604207860306, -0.000133315275889, -0.000551537668798, -0.000338453100994, -0.00416951160878, 0.0145147135481, -0.00856820680201, 0.0123520353809, -0.0281969569623, 0.0320476405323]]}, "melbands": {"dmean": [7.68631725805e-05, 0.000216929576709, 8.44904498081e-05, 0.000130784072098, 0.000220592002734, 0.00011698268645, 9.90490807453e-05, 0.000182358693564, 0.000285931921098, 0.000185721699381, 0.000241091940552, 0.000261099572526, 4.03534832003e-05, 9.28865665628e-06, 6.81778328726e-06, 1.18440839287e-05, 8.87119676918e-06, 4.64477761852e-06, 3.26584131471e-06, 1.59109083597e-06, 7.01518729329e-07, 5.38653182502e-07, 3.63950960036e-07, 2.13106474689e-07, 2.84152292807e-07, 1.34624244197e-07, 1.09164709272e-07, 6.01957097501e-08, 2.03822310141e-08, 1.00582751017e-08, 2.56133492194e-09, 1.45419631892e-09, 5.53247003765e-10, 3.79311693166e-10, 2.12167491909e-10, 9.93048768216e-11, 2.41585189353e-11, 1.4608885282e-11, 1.07103067734e-11, 8.80488043586e-12], "dmean2": [0.000126899845782, 0.000373633345589, 0.000138433853863, 0.000208277371712, 0.000351671769749, 0.000180023431312, 0.000154353576363, 0.000274946447462, 0.000375014555175, 0.000213971055928, 0.000277053448372, 0.000299288687529, 5.05303651153e-05, 1.29116924654e-05, 9.65691742749e-06, 1.4961638044e-05, 1.22244555314e-05, 6.43591420157e-06, 4.7184757932e-06, 2.3895747745e-06, 1.05458138933e-06, 8.1430789578e-07, 5.50121853848e-07, 3.11549257503e-07, 4.01261445404e-07, 1.8506419508e-07, 1.50560026668e-07, 8.91730138619e-08, 2.97843918418e-08, 1.57052291172e-08, 3.64824725985e-09, 1.94879379301e-09, 7.37001515372e-10, 5.18955101114e-10, 2.94860663663e-10, 1.51322343545e-10, 4.32148899998e-11, 2.637108934e-11, 1.94316368551e-11, 1.61739874965e-11], "dvar": [3.02826848042e-08, 1.72836323031e-07, 2.8673376562e-08, 7.82453852821e-08, 2.17730857344e-07, 4.67643310742e-08, 2.85160002278e-08, 1.69638923353e-07, 4.87766840251e-07, 2.17387920998e-07, 7.21740548215e-07, 1.69125598859e-06, 6.43327382477e-08, 4.29644070321e-10, 2.38035396949e-10, 1.09235909207e-09, 6.01860783433e-10, 1.1952705492e-10, 5.56402111884e-11, 1.08780163696e-11, 2.02796872177e-12, 1.39449769006e-12, 7.18137300928e-13, 2.79686782631e-13, 7.02642859261e-13, 2.31632015001e-13, 7.93015894379e-14, 1.0636971989e-13, 2.77413369918e-15, 4.7872891869e-15, 1.29763078474e-16, 3.56713367357e-17, 4.63158566816e-18, 2.91442923365e-18, 3.98722810101e-18, 7.38259782378e-19, 8.52638388374e-21, 2.73996752053e-21, 7.37484628518e-22, 2.85900610101e-22], "dvar2": [7.27673921119e-08, 4.60194087282e-07, 7.46962811604e-08, 2.00714168841e-07, 5.9934905039e-07, 1.22862530816e-07, 7.06411782403e-08, 4.06544842235e-07, 8.3472298229e-07, 3.22662600638e-07, 1.20339188925e-06, 2.55184522757e-06, 1.18934480042e-07, 9.06727970484e-10, 5.01879260373e-10, 1.84155746208e-09, 1.20229171063e-09, 2.47592613078e-10, 1.23493534843e-10, 2.92880303343e-11, 4.64208272516e-12, 3.17295083437e-12, 1.73797781722e-12, 6.00637053115e-13, 1.54603532667e-12, 5.21043928489e-13, 1.76538593314e-13, 2.60265929902e-13, 6.69982817191e-15, 1.26881105516e-14, 3.0446601936e-16, 6.81459711285e-17, 8.95281399768e-18, 5.63545247315e-18, 6.59514535188e-18, 1.68779989797e-18, 2.37036100851e-20, 7.40296921432e-21, 2.00538711183e-21, 8.4615830877e-22], "max": [0.00478992098942, 0.00896133482456, 0.00350636267103, 0.00501322420314, 0.00674589257687, 0.00474102888256, 0.00466838525608, 0.0101508526132, 0.0161615330726, 0.0106940707192, 0.02508135885, 0.0461318939924, 0.00773696694523, 0.000561172375455, 0.000316020013997, 0.000658034230582, 0.000529775803443, 0.000221248046728, 0.000175098874024, 5.8290988818e-05, 2.16918124352e-05, 2.91072628897e-05, 2.01594575628e-05, 1.58532693604e-05, 1.37154829645e-05, 1.27502225951e-05, 4.9757686611e-06, 8.64153844304e-06, 1.07884250156e-06, 2.62539970208e-06, 4.23390076776e-07, 1.71478561128e-07, 4.73965506842e-08, 4.76303618768e-08, 1.03804367768e-07, 2.81873049346e-08, 2.49314702216e-09, 2.04665573378e-09, 9.4499430503e-10, 3.24028193166e-10], "mean": [0.000114016300358, 0.000269479787676, 0.000155725632794, 0.000294035038678, 0.000552537792828, 0.000327915302478, 0.000272401201073, 0.000467483478133, 0.000808744807728, 0.000547057949007, 0.000608735950664, 0.000627094355877, 9.21352184378e-05, 2.45746505243e-05, 1.65310048033e-05, 2.87593047688e-05, 1.94329895749e-05, 1.00564175227e-05, 7.39437155062e-06, 3.24882262248e-06, 1.35781147037e-06, 9.83675136013e-07, 7.61442038311e-07, 4.57806720533e-07, 5.34782827799e-07, 2.30032156878e-07, 1.93487124989e-07, 8.4293226621e-08, 3.26930162942e-08, 1.33040236605e-08, 3.95910682016e-09, 2.19137108459e-09, 8.52593218248e-10, 4.97756669215e-10, 2.65160615687e-10, 1.11916635681e-10, 2.24985950009e-11, 1.35193037321e-11, 1.00522541679e-11, 8.00278766866e-12], "median": [4.01611978305e-05, 0.000114615839266, 6.24683671049e-05, 0.00011489357712, 0.0002649500384, 0.00019488100952, 0.000140500284033, 0.000182604766451, 0.00018488385831, 0.000144257690408, 0.000111379980808, 5.52174824406e-05, 2.31434751186e-05, 1.10921573651e-05, 7.49563469071e-06, 7.91325328464e-06, 7.75601620262e-06, 3.97214535042e-06, 2.90279899673e-06, 1.39269741339e-06, 6.54275368106e-07, 4.4337610916e-07, 3.13253849527e-07, 1.88127970091e-07, 1.27177798959e-07, 4.96611036738e-08, 5.5671691257e-08, 1.74313363743e-08, 7.74973152318e-09, 2.17435158767e-09, 7.02386204754e-10, 2.75433120756e-10, 1.16816473161e-10, 5.83498388496e-11, 2.30621147179e-11, 1.09096681342e-11, 6.92534614724e-12, 4.72641066909e-12, 3.91040325121e-12, 3.12513708488e-12], "min": [4.79014248793e-24, 2.01897766588e-24, 8.49172476869e-24, 1.15726502219e-23, 4.68196323098e-24, 5.45449747648e-24, 3.1132582979e-24, 3.24958785903e-24, 4.87223372031e-24, 3.97569132937e-24, 5.72347222389e-24, 8.33396284284e-24, 8.88602269267e-24, 1.20933733611e-23, 9.06408358733e-24, 8.25989038156e-24, 6.75362753621e-24, 6.21882914628e-24, 7.23286921361e-24, 9.65820707835e-24, 4.55015640663e-24, 1.10915791761e-23, 6.21001835883e-24, 1.12076687357e-23, 6.98904177413e-24, 6.83094537126e-24, 9.87532526529e-24, 1.08338385968e-23, 1.02746939872e-23, 7.99845872212e-24, 1.0251051037e-23, 7.63432131713e-24, 6.80528372601e-24, 8.01301320582e-24, 7.35794705443e-24, 8.12279345598e-24, 8.4197207007e-24, 1.00109257217e-23, 1.07655216647e-23, 1.35778849447e-23], "var": [7.71108688014e-08, 2.18114806216e-07, 5.90962834224e-08, 1.95451789864e-07, 5.55598830942e-07, 1.54839241873e-07, 1.48864955918e-07, 5.11597647801e-07, 2.43571525971e-06, 1.10574285372e-06, 2.59283797277e-06, 6.66167261443e-06, 1.76678369712e-07, 1.40619127453e-09, 6.83244349986e-10, 3.64602592562e-09, 1.44983602901e-09, 3.1890223795e-10, 1.59450050385e-10, 2.38725914037e-11, 4.1459366322e-12, 2.45699792976e-12, 1.58203756085e-12, 6.34733422506e-13, 1.57107389164e-12, 3.57717002721e-13, 1.47081253969e-13, 1.032785443e-13, 4.68173194101e-15, 4.11508976919e-15, 1.7924592269e-16, 7.73202379198e-17, 8.80887878083e-18, 4.41952799197e-18, 6.91350028628e-18, 8.97197522298e-19, 6.28682024413e-21, 2.30778019075e-21, 7.1797338465e-22, 2.68516311939e-22]}, "mfcc": {"mean": [-806.751525879, 239.327194214, -20.6810874939, -11.7083864212, -2.09017777443, -20.9372596741, -2.84927129745, -3.55359172821, -0.647113740444, 8.6930437088, -0.534569263458, -5.84450721741, -3.82213401794], "cov": [[6878.19580078, 3428.07348633, -2101.45068359, -322.99822998, -302.084838867, -490.274719238, 198.298599243, -127.242843628, 21.1500167847, 231.112747192, -46.1312484741, -124.81703949, -149.298126221], [3428.07348633, 2113.12646484, -839.692077637, -417.619720459, -105.920875549, -268.489776611, -0.640991926193, -21.3375377655, -14.9752416611, 86.0261688232, -32.6127510071, -105.691673279, -80.5639953613], [-2101.45068359, -839.692077637, 872.871765137, 87.3023986816, 113.223304749, 168.851150513, -113.39263916, 43.9138755798, -10.5087976456, -101.822059631, 7.39943027496, 20.9162139893, 33.8932762146], [-322.99822998, -417.619720459, 87.3023986816, 392.987762451, 75.1222763062, 55.5120048523, 67.0802688599, -51.6895179749, -4.39507007599, 5.77056074142, 24.6424121857, 64.1374130249, 20.6858863831], [-302.084838867, -105.920875549, 113.223304749, 75.1222763062, 166.164413452, 71.148765564, -22.2057933807, -12.4950370789, -44.0918884277, -25.4162158966, 9.46700000763, 11.143655777, 18.8898830414], [-490.274719238, -268.489776611, 168.851150513, 55.5120048523, 71.148765564, 148.276596069, 8.39560222626, -5.13000679016, 4.45796918869, -47.9501647949, -23.2648983002, -15.6852054596, -15.4182853699], [198.298599243, -0.640991926193, -113.39263916, 67.0802688599, -22.2057933807, 8.39560222626, 111.481735229, 36.5604019165, 37.7219657898, 54.3627700806, 6.71910095215, -4.31377267838, -16.3531036377], [-127.242843628, -21.3375377655, 43.9138755798, -51.6895179749, -12.4950370789, -5.13000679016, 36.5604019165, 107.16179657, 62.5141983032, 35.9571495056, 19.7958564758, -8.30237579346, -3.13345551491], [21.1500167847, -14.9752416611, -10.5087976456, -4.39507007599, -44.0918884277, 4.45796918869, 37.7219657898, 62.5141983032, 100.010169983, 54.0572128296, 7.00998878479, 6.3501663208, -16.5593700409], [231.112747192, 86.0261688232, -101.822059631, 5.77056074142, -25.4162158966, -47.9501647949, 54.3627700806, 35.9571495056, 54.0572128296, 153.781341553, 91.971786499, 19.6493186951, 3.31253099442], [-46.1312484741, -32.6127510071, 7.39943027496, 24.6424121857, 9.46700000763, -23.2648983002, 6.71910095215, 19.7958564758, 7.00998878479, 91.971786499, 131.780197144, 63.4127807617, 15.8462791443], [-124.81703949, -105.691673279, 20.9162139893, 64.1374130249, 11.143655777, -15.6852054596, -4.31377267838, -8.30237579346, 6.3501663208, 19.6493186951, 63.4127807617, 119.0912323, 68.556602478], [-149.298126221, -80.5639953613, 33.8932762146, 20.6858863831, 18.8898830414, -15.4182853699, -16.3531036377, -3.13345551491, -16.5593700409, 3.31253099442, 15.8462791443, 68.556602478, 127.232933044]], "icov": [[2.83554124832, -3.96506595612, 3.83722305298, -3.6224758625, 3.32510018349, -2.96852874756, 2.58899855614, -2.1486749649, 1.67798185349, -1.20848858356, 0.876400947571, -0.516770660877, 0.228968665004], [-3.96506595612, 5.54577302933, -5.36515855789, 5.06704378128, -4.65150403976, 4.15361070633, -3.62188220024, 3.0070977211, -2.34895443916, 1.6916103363, -1.22703635693, 0.724192202091, -0.320390015841], [3.83722305298, -5.36515855789, 5.19665813446, -4.90457820892, 4.50240516663, -4.02295732498, 3.51286387444, -2.91678118706, 2.27746009827, -1.64011478424, 1.19020009041, -0.702243566513, 0.311510682106], [-3.6224758625, 5.06704378128, -4.90457820892, 4.63805103302, -4.25773715973, 3.8039495945, -3.32581114769, 2.76543617249, -2.1615319252, 1.55742716789, -1.13179123402, 0.667153716087, -0.29643830657], [3.32510018349, -4.65150403976, 4.50240516663, -4.25773715973, 3.92109251022, -3.50275802612, 3.05933141708, -2.54787898064, 1.9996304512, -1.43978762627, 1.04706394672, -0.620844066143, 0.274964392185], [-2.96852874756, 4.15361070633, -4.02295732498, 3.8039495945, -3.50275802612, 3.14445924759, -2.74456429482, 2.28880548477, -1.79909658432, 1.29985177517, -0.946761250496, 0.56415784359, -0.249419674277], [2.58899855614, -3.62188220024, 3.51286387444, -3.32581114769, 3.05933141708, -2.74456429482, 2.42259311676, -2.01664662361, 1.58198690414, -1.14897835255, 0.840525388718, -0.498793184757, 0.22434669733], [-2.1486749649, 3.0070977211, -2.91678118706, 2.76543617249, -2.54787898064, 2.28880548477, -2.01664662361, 1.70473837852, -1.34274935722, 0.967500388622, -0.714592456818, 0.429335922003, -0.193690732121], [1.67798185349, -2.34895443916, 2.27746009827, -2.1615319252, 1.9996304512, -1.79909658432, 1.58198690414, -1.34274935722, 1.08145868778, -0.778912305832, 0.578110516071, -0.351406395435, 0.160107687116], [-1.20848858356, 1.6916103363, -1.64011478424, 1.55742716789, -1.43978762627, 1.29985177517, -1.14897835255, 0.967500388622, -0.778912305832, 0.580884933472, -0.432076305151, 0.259660214186, -0.118413038552], [0.876400947571, -1.22703635693, 1.19020009041, -1.13179123402, 1.04706394672, -0.946761250496, 0.840525388718, -0.714592456818, 0.578110516071, -0.432076305151, 0.335240721703, -0.203611463308, 0.0930820703506], [-0.516770660877, 0.724192202091, -0.702243566513, 0.667153716087, -0.620844066143, 0.56415784359, -0.498793184757, 0.429335922003, -0.351406395435, 0.259660214186, -0.203611463308, 0.139133557677, -0.0643319487572], [0.228968665004, -0.320390015841, 0.311510682106, -0.29643830657, 0.274964392185, -0.249419674277, 0.22434669733, -0.193690732121, 0.160107687116, -0.118413038552, 0.0930820703506, -0.0643319487572, 0.0388872995973]]}, "spectral_contrast_coeffs": {"dmean": [0.0402789898217, 0.0421712100506, 0.0349034816027, 0.0321026332676, 0.0282996464521, 0.0549519062042], "dmean2": [0.0660875141621, 0.0675022900105, 0.0536239035428, 0.0496177077293, 0.0442243553698, 0.0960880294442], "dvar": [0.0011642902391, 0.00148258614354, 0.00122852891218, 0.00104568956885, 0.000977051327936, 0.00211065262556], "dvar2": [0.00299883866683, 0.00355312088504, 0.00260444078594, 0.00242869881913, 0.0023777752649, 0.00590945826843], "max": [-0.371023535728, -0.355653256178, -0.322819441557, -0.485502809286, -0.573384582996, -0.599422574043], "mean": [-0.628875017166, -0.655907034874, -0.650263667107, -0.705388128757, -0.720920741558, -0.823103129864], "median": [-0.629304766655, -0.659509420395, -0.66025364399, -0.700217962265, -0.711295127869, -0.831477701664], "min": [-0.960093319416, -0.968796849251, -0.972229301929, -0.952499449253, -0.953281462193, -0.965306401253], "var": [0.00675533246249, 0.0063247224316, 0.0107980584726, 0.00475730840117, 0.00378659018315, 0.00543661788106]}, "spectral_contrast_valleys": {"dmean": [0.444305717945, 0.344929933548, 0.357241302729, 0.38940128684, 0.432072937489, 0.901144385338], "dmean2": [0.69713550806, 0.542364418507, 0.547709286213, 0.588641405106, 0.660928189754, 1.61007738113], "dvar": [0.234736829996, 0.209803313017, 0.231309249997, 0.262476205826, 0.352636039257, 0.569657742977], "dvar2": [0.395288914442, 0.317200571299, 0.373794317245, 0.473597794771, 0.720477700233, 1.64777445793], "max": [-6.10885906219, -4.97675895691, -5.70671319962, -6.96209144592, -8.03818511963, -12.2021427155], "mean": [-8.40431499481, -7.09310865402, -8.20316791534, -9.5357837677, -11.0792474747, 