{"lowlevel": {"average_loudness": 0.650354802608, "barkbands_crest": {"dmean": 2.29252624512, "dmean2": 3.75075483322, "dvar": 7.53077316284, "dvar2": 19.482252121, "max": 26.4961662292, "mean": 17.1723327637, "median": 16.602268219, "min": 4.54516220093, "var": 31.5259284973}, "barkbands_flatness_db": {"dmean": 0.039554990828, "dmean2": 0.0617288723588, "dvar": 0.00171323516406, "dvar2": 0.00369494734332, "max": 0.580414533615, "mean": 0.328723818064, "median": 0.331639915705, "min": 0.0348279103637, "var": 0.00571342324838}, "barkbands_kurtosis": {"dmean": 19.8712844849, "dmean2": 29.6340446472, "dvar": 1332.69470215, "dvar2": 2822.82495117, "max": 457.730926514, "mean": 36.3850059509, "median": 18.3664035797, "min": -1.72272932529, "var": 3089.14526367}, "barkbands_skewness": {"dmean": 1.28470349312, "dmean2": 1.89886200428, "dvar": 2.53761529922, "dvar2": 5.43511343002, "max": 17.2877731323, "mean": 4.22688961029, "median": 3.59883165359, "min": -5.2999124527, "var": 9.94301891327}, "barkbands_spread": {"dmean": 3.92904782295, "dmean2": 6.56417655945, "dvar": 40.8888435364, "dvar2": 105.171333313, "max": 98.8474197388, "mean": 6.9476518631, "median": 4.16716194153, "min": 0.187602475286, "var": 57.4602241516}, "dissonance": {"dmean": 0.0246267877519, "dmean2": 0.0409735776484, "dvar": 0.000787738477811, "dvar2": 0.00217683333904, "max": 0.49990311265, "mean": 0.449627667665, "median": 0.456843733788, "min": 0.0787555873394, "var": 0.00128115620464}, "dynamic_complexity": 5.46733045578, "erbbands_crest": {"dmean": 2.29986381531, "dmean2": 3.53343868256, "dvar": 4.99637365341, "dvar2": 11.3966846466, "max": 27.3940925598, "mean": 9.08123874664, "median": 8.32473182678, "min": 2.63666033745, "var": 14.3201122284}, "erbbands_flatness_db": {"dmean": 0.0158825945109, "dmean2": 0.0225740391761, "dvar": 0.000244200753514, "dvar2": 0.000485003372887, "max": 0.442065924406, "mean": 0.234062120318, "median": 0.230474889278, "min": 0.0415465272963, "var": 0.00200986186974}, "erbbands_kurtosis": {"dmean": 1.16751921177, "dmean2": 1.84099197388, "dvar": 2.73857736588, "dvar2": 7.20481204987, "max": 33.6473846436, "mean": 0.708824932575, "median": -0.155499458313, "min": -1.74773693085, "var": 8.49128627777}, "erbbands_skewness": {"dmean": 0.521210134029, "dmean2": 0.816017925739, "dvar": 0.304305583239, "dvar2": 0.753082811832, "max": 3.37985277176, "mean": 0.379829823971, "median": 0.42449209094, "min": -4.58535432816, "var": 1.02995884418}, "erbbands_spread": {"dmean": 9.14764595032, "dmean2": 14.28353405, "dvar": 83.5818252563, "dvar2": 197.400939941, "max": 91.4474334717, "mean": 39.5479164124, "median": 36.4632911682, "min": 2.63207316399, "var": 307.821563721}, "hfc": {"dmean": 6.37492609024, "dmean2": 10.0653076172, "dvar": 152.834762573, "dvar2": 399.228820801, "max": 162.968658447, "mean": 14.690410614, "median": 10.6009654999, "min": 1.11408840654e-16, "var": 233.726211548}, "melbands_crest": {"dmean": 2.36831688881, "dmean2": 3.78356337547, "dvar": 7.35933446884, "dvar2": 18.4809932709, "max": 33.0816307068, "mean": 20.9617500305, "median": 21.0826740265, "min": 1.6125690937, "var": 31.4849777222}, "melbands_flatness_db": {"dmean": 0.0458871126175, "dmean2": 0.0698532611132, "dvar": 0.0026607431937, "dvar2": 0.00561950867996, "max": 0.718757390976, "mean": 0.42099443078, "median": 0.431382119656, "min": 0.00343227386475, "var": 0.0107366312295}, "melbands_kurtosis": {"dmean": 25.1329078674, "dmean2": 38.4314804077, "dvar": 1182.49633789, "dvar2": 2676.27099609, "max": 439.793518066, "mean": 59.122718811, "median": 38.4222335815, "min": -1.84787404537, "var": 3811.97949219}, "melbands_skewness": {"dmean": 1.21339631081, "dmean2": 1.89169955254, "dvar": 1.78773128986, "dvar2": 4.27570390701, "max": 15.8885679245, "mean": 5.29565668106, "median": 4.95021724701, "min": -3.12283301353, "var": 7.57036828995}, "melbands_spread": {"dmean": 3.8992626667, "dmean2": 6.41556310654, "dvar": 53.028049469, "dvar2": 132.108184814, "max": 141.705810547, "mean": 8.03930854797, "median": 3.16390132904, "min": 0.302968025208, "var": 266.980133057}, "pitch_salience": {"dmean": 0.067343659699, "dmean2": 0.106601923704, "dvar": 0.00566965341568, "dvar2": 0.0140950661153, "max": 0.974640667439, "mean": 0.389466971159, "median": 0.394372224808, "min": 0.0716249421239, "var": 0.0265566296875}, "silence_rate_20dB": {"dmean": 0.0231839250773, "dmean2": 0.0464037135243, "dvar": 0.0226466432214, "dvar2": 0.0504368469119, "max": 1, "mean": 0.958301186562, "median": 1, "min": 0, "var": 0.0399604439735}, "silence_rate_30dB": {"dmean": 0.0896445140243, "dmean2": 0.179427683353, "dvar": 0.0816077888012, "dvar2": 0.170436441898, "max": 1, "mean": 0.65096527338, "median": 1, "min": 0, "var": 0.227209866047}, "silence_rate_60dB": {"dmean": 0.00154559500515, "dmean2": 0.00309358071536, "dvar": 0.00154320162255, "dvar2": 0.00308397831395, "max": 1, "mean": 0.115057915449, "median": 0, "min": 0, "var": 0.101818233728}, "spectral_centroid": {"dmean": 266.359619141, "dmean2": 434.047790527, "dvar": 219686.703125, "dvar2": 439286.25, "max": 11553.6582031, "mean": 789.286621094, "median": 476.257873535, "min": 133.004821777, "var": 1119829.5}, "spectral_complexity": {"dmean": 3.67851614952, "dmean2": 5.96287679672, "dvar": 30.9662437439, "dvar2": 65.183303833, "max": 50, "mean": 11.3042469025, "median": 10, "min": 0, "var": 62.6859054565}, "spectral_decrease": {"dmean": 7.24778237426e-09, "dmean2": 1.06254898213e-08, "dvar": 1.19149517417e-16, "dvar2": 2.20849547316e-16, "max": 9.43724631123e-29, "mean": -2.60937618179e-08, "median": -1.81888673012e-08, "min": -1.55450678108e-07, "var": 7.06848994484e-16}, "spectral_energy": {"dmean": 0.0276972223073, "dmean2": 0.0405631884933, "dvar": 0.0017106118612, "dvar2": 0.00316884438507, "max": 0.590104997158, "mean": 0.0998162850738, "median": 0.0700894370675, "min": 1.02025838079e-20, "var": 0.0102425031364}, "spectral_energyband_high": {"dmean": 0.000164057564689, "dmean2": 0.000286526978016, "dvar": 4.5196912879e-07, "dvar2": 1.2870559658e-06, "max": 0.00817234441638, "mean": 0.000183062715223, "median": 3.95281749661e-05, "min": 7.32850114876e-21, "var": 4.09688993841e-07}, "spectral_energyband_low": {"dmean": 0.0263452362269, "dmean2": 0.0391614921391, "dvar": 0.00172127468977, "dvar2": 0.00324973859824, "max": 0.581277191639, "mean": 0.086842559278, "median": 0.0522873736918, "min": 2.29285262002e-23, "var": 0.00944973155856}, "spectral_energyband_middle_high": {"dmean": 0.00288443430327, "dmean2": 0.00459714047611, "dvar": 3.49152978742e-05, "dvar2": 8.74298348208e-05, "max": 0.0658623054624, "mean": 0.00339554902166, "median": 0.00115073262714, "min": 1.1943984184e-21, "var": 3.63727231161e-05}, "spectral_energyband_middle_low": {"dmean": 0.00398495187983, "dmean2": 0.00636926246807, "dvar": 0.000110956236313, "dvar2": 0.000258409796515, "max": 0.235759690404, "mean": 0.0125423138961, "median": 0.00821693614125, "min": 2.70248801948e-22, "var": 0.000334587530233}, "spectral_entropy": {"dmean": 0.284134328365, "dmean2": 0.42525061965, "dvar": 0.0971438959241, "dvar2": 0.204882606864, "max": 9.81162548065, "mean": 6.82422637939, "median": 6.80979681015, "min": 5.45009088516, "var": 0.313523977995}, "spectral_flux": {"dmean": 0.0417274460196, "dmean2": 0.0657062828541, "dvar": 0.00259624351747, "dvar2": 0.00622028438374, "max": 0.426576375961, "mean": 0.0849730819464, "median": 0.0658316612244, "min": 6.73414865537e-11, "var": 0.00532260769978}, "spectral_kurtosis": {"dmean": 7.02740478516, "dmean2": 12.2096681595, "dvar": 102.218589783, "dvar2": 277.479156494, "max": 127.895797729, "mean": 9.05793094635, "median": 5.70569229126, "min": -1.25469505787, "var": 134.358322144}, "spectral_rms": {"dmean": 0.00124674662948, "dmean2": 0.00182336883154, "dvar": 2.59249895862e-06, "dvar2": 4.98170720675e-06, "max": 0.0239940024912, "mean": 0.00850814580917, "median": 0.00826921593398, "min": 3.15495481303e-12, "var": 2.49932309089e-05}, "spectral_rolloff": {"dmean": 183.66394043, "dmean2": 316.102325439, "dvar": 407646.75, "dvar2": 606679.8125, "max": 19078.4179688, "mean": 539.841430664, "median": 172.265625, "min": 64.599609375, "var": 3177877.75}, "spectral_skewness": {"dmean": 0.694438934326, "dmean2": 1.17102026939, "dvar": 0.574778735638, "dvar2": 1.46686029434, "max": 8.34851455688, "mean": 1.72866308689, "median": 1.57118940353, "min": -0.296734392643, "var": 1.16584706306}, "spectral_spread": {"dmean": 406590.21875, "dmean2": 612305.6875, "dvar": 1976085512190.0, "dvar2": 2759748222980.0, "max": 42399404, "mean": 2870977.75, "median": 2530086.5, "min": 581112.875, "var": 10037070135300.0}, "spectral_strongpeak": {"dmean": 0.174536198378, "dmean2": 0.28181502223, "dvar": 0.0863121673465, "dvar2": 0.237449705601, "max": 3.72356534004, "mean": 0.701621115208, "median": 0.67444652319, "min": 0, "var": 0.214704692364}, "zerocrossingrate": {"dmean": 0.00477111898363, "dmean2": 0.00601420504972, "dvar": 0.000184985023225, "dvar2": 0.000189583020983, "max": 0.51220703125, "mean": 0.0231558419764, "median": 0.0126953125, "min": 0.00244140625, "var": 0.00269686989486}, "barkbands": {"dmean": [0.000821651017759, 0.0248838737607, 0.00263074715622, 0.00220326706767, 0.00151189824101, 0.000798578606918, 0.000194858206669, 0.000221217589569, 0.000323887623381, 0.000774391577579, 0.000160398412845, 0.000890409923159, 0.00016629692982, 0.000369473680621, 0.000284143228782, 0.000334864569595, 0.000287407863652, 0.000125569713418, 9.15571654332e-05, 0.000101011530205, 6.07108195254e-05, 4.25763973908e-05, 6.69204928272e-06, 7.56201984586e-07, 4.35385993924e-09, 3.31189253799e-09, 3.31525784603e-09], "dmean2": [0.00139104458503, 0.0366648808122, 0.00443382794037, 0.00364724546671, 0.00246883020736, 0.00130583520513, 0.000321549130604, 0.000324441236444, 0.000525247887708, 0.00121681578457, 0.00025053563877, 0.00130123889539, 0.000297834951198, 0.000677191303112, 0.000516546017025, 0.000603909371421, 0.000535770552233, 0.000225075418712, 0.000159426330356, 0.000171780426172, 0.000106962586869, 7.81502676546e-05, 1.12269235615e-05, 1.23880613501e-06, 7.697008364e-09, 5.89739279633e-09, 5.89030602072e-09], "dvar": [2.28888984566e-06, 0.00161566096358, 4.22019948019e-05, 8.15247112769e-05, 1.08021449705e-05, 4.49054869023e-06, 2.88573289708e-07, 2.28103203881e-07, 9.52361460804e-07, 6.29453643342e-06, 2.1892888924e-07, 3.46005435858e-06, 3.27505176756e-07, 1.34119261475e-06, 1.82889027656e-06, 1.08585823e-06, 8.37848972424e-07, 9.9363781203e-08, 4.47679795457e-08, 1.51225094669e-07, 6.97690083484e-08, 7.28172011577e-08, 7.35961958043e-10, 6.77373955538e-12, 6.44342992234e-17, 2.64748469101e-17, 2.30194669917e-17], "dvar2": [6.59034731143e-06, 0.00304306903854, 0.000110737084469, 0.000190550097614, 2.82487617369e-05, 1.21967686937e-05, 8.00072655238e-07, 5.07879178713e-07, 2.17199954022e-06, 1.41751734191e-05, 4.38881926357e-07, 6.42322356725e-06, 9.21383332297e-07, 3.75309195988e-06, 5.24021379533e-06, 3.07032200908e-06, 2.401396614e-06, 2.72335967111e-07, 1.19642407981e-07, 4.15201867554e-07, 1.98794353423e-07, 2.13369546032e-07, 1.98558014475e-09, 1.67504725368e-11, 1.8408113086e-16, 7.72919814301e-17, 6.5831599184e-17], "max": [0.0145247383043, 0.564500153065, 0.154832080007, 0.210939139128, 0.0425003655255, 0.0278921816498, 0.00645702052861, 0.00785649102181, 0.0112375039607, 0.0450785122812, 0.0118676209822, 0.0210389774293, 0.00841981451958, 0.0149762798101, 0.0263279825449, 0.0163263697177, 0.00845282059163, 0.00313716009259, 0.00238290173002, 0.00978596042842, 0.00313794170506, 0.00315293623134, 0.000283241301076, 2.64582595264e-05, 1.13416625425e-07, 6.44170157216e-08, 5.00929857594e-08], "mean": [0.00126474793069, 0.0758172720671, 0.00665932428092, 0.00551314931363, 0.00417144456878, 0.00157067121472, 0.000313253811328, 0.000538492808118, 0.000353176379576, 0.000786604941823, 0.000200015099836, 0.00109735573642, 0.000144911711686, 0.000263031251961, 0.00020800101629, 0.000306933012325, 0.000182350471732, 0.00010095329344, 8.99399456102e-05, 0.000127841267386, 6.77182615618e-05, 3.24396169162e-05, 6.14575310465e-06, 6.27269400866e-07, 3.97850863365e-09, 2.93091129144e-09, 2.93047963673e-09], "median": [0.000499501824379, 0.039759375155, 0.00368985254318, 0.00213350751437, 0.00280249770731, 0.000738982227631, 0.000130095198983, 0.000154060064233, 9.1802336101e-05, 0.000116699971841, 5.85053494433e-05, 0.000177605310455, 2.79823198071e-05, 3.5529374145e-05, 2.72044271696e-05, 8.88687209226e-05, 1.29187837956e-05, 2.22559774556e-05, 2.4286828193e-05, 2.40376557485e-05, 1.52798784256e-05, 3.41589225172e-06, 4.60007072434e-07, 3.69965356128e-08, 1.32652666629e-09, 9.9134522813e-10, 1.01832442478e-09], "min": [2.90086381006e-24, 3.03452149931e-24, 7.30448910633e-24, 2.43272495548e-24, 1.58603861319e-23, 1.33266516791e-23, 8.87129308184e-24, 1.3966974809e-23, 6.3961978155e-23, 2.91419354776e-23, 1.53604060902e-23, 2.44020331741e-23, 6.37121048856e-23, 6.09222951388e-23, 6.47893670269e-23, 1.06625406067e-22, 1.27827563818e-22, 1.86632524733e-22, 1.54077863384e-22, 2.5753993722e-22, 3.69970917787e-22, 3.54545140372e-22, 5.04827207028e-22, 6.29883041791e-22, 9.10444540311e-22, 1.39274273817e-21, 2.11199364834e-21], "var": [3.37787241733e-06, 0.00891231000423, 0.000109723754576, 0.000235221901676, 2.069346192e-05, 5.99125360168e-06, 3.64148831977e-07, 1.17081560802e-06, 1.00979787021e-06, 6.84299493514e-06, 3.20127298892e-07, 5.77315267947e-06, 2.12233331354e-07, 8.48682645938e-07, 1.06900051833e-06, 7.05857132743e-07, 4.79131301745e-07, 6.70900419664e-08, 4.12970813102e-08, 2.57062964693e-07, 4.84069921924e-08, 4.0541266344e-08, 5.79789050104e-10, 5.84510955262e-12, 5.44223069212e-17, 2.33987756246e-17, 2.17865675236e-17]}, "erbbands": {"dmean": [0.834199547768, 5.37338972092, 3.84090900421, 5.16591930389, 6.09710597992, 5.22196006775, 5.8804769516, 7.50893545151, 3.94318389893, 2.44915318489, 4.62009334564, 5.53429079056, 21.6386470795, 14.8234443665, 18.9450893402, 23.0877876282, 7.79492425919, 13.5217075348, 21.9868431091, 10.6551847458, 21.4671993256, 16.8458614349, 8.04556369781, 5.6639509201, 4.00415229797, 5.26840686798, 2.53942251205, 2.52951097488, 1.73858010769, 0.48823851347, 0.136365890503, 0.0324570611119, 0.00612033484504, 0.000269795738859, 4.47294223704e-05, 2.14895826502e-05, 1.07428759293e-05, 2.96016719403e-06, 1.2432926269e-05, 3.01680192933e-05], "dmean2": [1.21150398254, 7.94944238663, 6.35176467896, 8.59401607513, 9.45254135132, 8.58533763885, 8.61773395538, 12.6720724106, 6.65845155716, 3.80121278763, 6.9544095993, 9.21004486084, 34.0088806152, 22.8614959717, 27.7740325928, 34.5635795593, 13.8440999985, 24.5574359894, 40.7107124329, 18.7437744141, 38.9797477722, 31.267911911, 14.5982561111, 9.87808799744, 6.91230821609, 8.97405147552, 4.27524518967, 4.55521154404, 3.18144798279, 0.859939932823, 0.235561385751, 0.0522356331348, 0.0101564563811, 0.000448420585599, 7.29365201551e-05, 3.38497738994e-05, 1.63379463629e-05, 5.01249496665e-06, 1.80716051545e-05, 4.41402225988e-05], "dvar": [1.89480066299, 74.8037414551, 47.324848175, 336.890228271, 314.642730713, 107.19153595, 114.752922058, 482.819366455, 121.61971283, 27.9513206482, 116.041259766, 273.166717529, 3429.17431641, 1609.84484863, 1365.61132812, 2253.48120117, 704.164672852, 1864.57702637, 8128.79052734, 1604.49914551, 3728.85620117, 2717.62280273, 525.264099121, 165.87612915, 87.445098877, 504.511047363, 47.4761352539, 216.531326294, 112.462509155, 6.61894369125, 0.27575814724, 0.0113452328369, 0.000505067408085, 6.31498096482e-07, 8.5376052894e-09, 1.16190534971e-09, 2.31373184501e-10, 2.39756686726e-11, 3.27129934252e-10, 1.98017491293e-09], "dvar2": [3.45493841171, 148.86050415, 110.205192566, 828.450683594, 722.944702148, 276.048370361, 271.406768799, 1347.37658691, 324.541992188, 70.6661682129, 276.193206787, 695.955322266, 7847.16992188, 3557.40649414, 2567.94775391, 4437.46728516, 1968.17810059, 5141.61181641, 23305.171875, 4480.3359375, 10566.0126953, 7777.6875, 1472.8972168, 441.852142334, 229.424453735, 1401.02600098, 125.492218018, 626.652770996, 328.520629883, 19.0871963501, 0.783829808235, 0.0280727259815, 0.00126806611661, 1.61114053299e-06, 2.27327952018e-08, 2.98490188122e-09, 5.37182465177e-10, 6.57512239099e-11, 6.02679461892e-10, 3.66299768295e-09], "max": [21.8498535156, 117.522827148, 141.466537476, 363.544036865, 401.854400635, 129.587753296, 127.742591858, 263.717010498, 163.528793335, 58.5318336487, 182.134277344, 214.791030884, 977.823425293, 639.739868164, 413.152984619, 579.826660156, 410.812744141, 616.016845703, 1505.43603516, 613.226257324, 884.464233398, 475.586608887, 238.6484375, 157.87651062, 111.487480164, 551.734558105, 101.770492554, 176.288879395, 124.778907776, 30.355796814, 6.12824583054, 1.15680849552, 0.235977604985, 0.00847723521292, 0.00128362572286, 0.000495179730933, 0.000211509235669, 5.70916708966e-05, 0.000262725749053, 0.000636564218439], "mean": [2.17889690399, 16.7523288727, 12.8604230881, 13.9515008926, 16.2524909973, 11.5295190811, 13.1925611496, 14.1346540451, 7.5309138298, 5.68604373932, 10.7505512238, 6.26124334335, 22.6294136047, 17.5833244324, 24.7355995178, 27.8028507233, 7.14173412323, 10.1726455688, 14.9182386398, 8.90382575989, 19.7476596832, 11.2797346115, 6.04216337204, 5.20596265793, 4.37956476212, 6.77314853668, 3.49174332619, 2.28354787827, 1.36868989468, 0.408470064402, 0.12090793252, 0.0291591137648, 0.00498661585152, 0.000283383444184, 8.85380723048e-05, 5.77532919124e-05, 3.30635302817e-05, 5.07590448251e-06, 4.53134744021e-05, 0.000108820648165], "median": [0.72029209137, 10.0295257568, 10.1395864487, 6.43447542191, 8.87973117828, 7.60708284378, 7.24137783051, 5.71740961075, 3.02047729492, 2.64793348312, 3.266954422, 2.09945011139, 4.43966770172, 5.07624340057, 6.19624376297, 4.84327316284, 1.59980046749, 1.67209875584, 1.3486161232, 2.02725720406, 5.86004924774, 1.51136553288, 1.18700444698, 1.22672510147, 1.08962464333, 1.19443404675, 0.916416585445, 0.352108508348, 0.162182882428, 0.0512505806983, 0.0115984734148, 0.00234659155831, 0.000411804794567, 9.42700571613e-05, 5.66165472264e-05, 4.09208441852e-05, 2.39523524215e-05, 3.44783461514e-06, 3.18753991451e-05, 7.63744537835e-05], "min": [1.13056010839e-22, 7.67479568759e-22, 7.5391010096e-21, 1.09750081335e-20, 1.73019252309e-20, 6.05070727361e-20, 8.63275607934e-20, 1.16074726917e-19, 1.40801352625e-19, 3.71619937477e-19, 7.98231824354e-19, 1.25365642822e-18, 1.22728229138e-18, 6.95616553849e-19, 1.48890008038e-18, 1.28216830996e-18, 3.44018812612e-18, 3.46118259045e-18, 3.88461345089e-18, 4.94859643407e-18, 5.6884325642e-18, 7.13320607442e-18, 6.7703814967e-18, 8.83691193179e-18, 9.05476897126e-18, 1.15892561584e-17, 1.5124711296e-17, 1.28058560325e-17, 1.29776308401e-17, 1.32980921899e-17, 1.24054741463e-17, 1.10189978441e-17, 1.29599771514e-17, 9.01629845533e-18, 6.71896394982e-18, 4.98760833971e-18, 2.4811989713e-18, 1.00199923796e-18, 3.05934662408e-19, 2.84675209474e-20], "var": [10.9880514145, 378.902526855, 176.932128906, 1130.65893555, 734.621948242, 175.972793579, 273.188354492, 634.64074707, 214.966995239, 80.6750030518, 432.412414551, 231.688415527, 3686.38427734, 1903.22570801, 2351.30029297, 3547.37768555, 465.714202881, 1232.08068848, 4706.42822266, 1035.23266602, 2439.4050293, 1569.29064941, 326.326843262, 143.117263794, 98.6330413818, 854.78125, 74.1846313477, 128.674453735, 63.6738700867, 3.91465258598, 0.193549841642, 0.0102033698931, 0.000410566921346, 5.31709531515e-07, 1.1644341491e-08, 3.33150218523e-09, 1.01727504198e-09, 3.33950818387e-11, 2.03405270405e-09, 1.20105161372e-08]}, "gfcc": {"mean": [-133.17805481, 195.492828369, -122.462394714, 53.2716560364, -18.370672226, -14.8588876724, 13.2584972382, -19.1250514984, -2.2841296196, -12.2314224243, -3.39225149155, -3.07675242424, 5.307117939], "cov": [[31335.2050781, 5070.76660156, -1940.28881836, 2434.15039062, 873.581848145, 931.02935791, 1267.98681641, -864.983703613, 1000.23907471, -895.714538574, 251.690032959, 287.49029541, 477.31539917], [5070.76660156, 2267.02294922, 653.993225098, 95.9057388306, 672.70526123, 165.40586853, 377.211334229, -26.8379325867, -73.456489563, -139.319717407, -21.2926025391, 37.4401130676, 152.218658447], [-1940.28881836, 653.993225098, 1601.24121094, -201.388809204, 504.70513916, 309.849395752, 127.472518921, 169.915664673, -126.514175415, 29.11668396, -45.6022796631, 45.7223320007, 79.6062469482], [2434.15039062, 95.9057388306, -201.388809204, 571.714538574, -17.7418804169, 63.2472763062, 98.4989471436, -145.67364502, 133.676879883, -96.7304534912, 5.11043167114, -5.27176856995, 10.2869844437], [873.581848145, 672.70526123, 504.70513916, -17.7418804169, 666.949951172, 194.126678467, 118.3671875, 128.990829468, -4.8425359726, -41.8410949707, -51.8776550293, 59.0110969543, 119.090370178], [931.02935791, 165.40586853, 309.849395752, 63.2472763062, 194.126678467, 420.069458008, 74.1285858154, 18.7538661957, 123.819793701, -94.701461792, 37.2144737244, 79.1074295044, 47.0015907288], [1267.98681641, 377.211334229, 127.472518921, 98.4989471436, 118.3671875, 74.1285858154, 227.940444946, -5.25364637375, -30.3636856079, -28.729183197, 8.95298576355, 27.5302200317, 49.5969047546], [-864.983703613, -26.8379325867, 169.915664673, -145.67364502, 128.990829468, 18.7538661957, -5.25364637375, 148.508773804, -23.9584445953, 31.487865448, -12.8077030182, -5.68859481812, 21.3742637634], [1000.23907471, -73.456489563, -126.514175415, 133.676879883, -4.8425359726, 123.819793701, -30.3636856079, -23.9584445953, 223.093292236, -30.4863643646, 10.4197158813, 27.8181972504, -2.0195941925], [-895.714538574, -139.319717407, 29.11668396, -96.7304534912, -41.8410949707, -94.701461792, -28.729183197, 31.487865448, -30.4863643646, 115.31124115, 14.9283485413, -23.6384353638, -13.3825511932], [251.690032959, -21.2926025391, -45.6022796631, 5.11043167114, -51.8776550293, 37.2144737244, 8.95298576355, -12.8077030182, 10.4197158813, 14.9283485413, 91.117225647, 22.3391838074, -6.01785898209], [287.49029541, 37.4401130676, 45.7223320007, -5.27176856995, 59.0110969543, 79.1074295044, 27.5302200317, -5.68859481812, 27.8181972504, -23.6384353638, 22.3391838074, 77.4250564575, 28.7980918884], [477.31539917, 152.218658447, 79.6062469482, 10.2869844437, 119.090370178, 47.0015907288, 49.5969047546, 21.3742637634, -2.0195941925, -13.3825511932, -6.01785898209, 28.7980918884, 88.1218643188]], "icov": [[0.000310666218866, -0.000752564927097, 0.000623729021754, -0.000594447366893, 9.84188664006e-05, -0.000381490011932, -0.000407972547691, 0.000227206764976, -0.000701884098817, 0.000182451884029, -0.000377214077162, -7.3899536801e-05, -0.00062185479328], [-0.000752564927097, 0.00311535457149, -0.00197152863257, 0.00238832435571, -0.0016784244217, 0.00209877383895, -0.000804190931376, 0.00158296152949, 0.00070336216595, 0.0017539919354, -0.000698210089467, 0.00230250414461, 0.000897010730114], [0.000623729021754, -0.00197152863257, 0.00265258969739, -0.00158201984596, 0.000219860608922, -0.00263284216635, -0.000246550654992, -0.000621357234195, 0.000211083970498, -0.00187543290667, 0.000891368428711, -0.00114221882541, -0.000633676245343], [-0.000594447366893, 0.00238832435571, -0.00158201984596, 0.00567939924076, -0.00175294512883, 0.00236770021729, -0.00231542764232, 0.00444396631792, -0.00206465064548, 0.0035678606946, -0.0015182235511, 0.00469062663615, 4.98245644849e-05], [9.84188664006e-05, -0.0016784244217, 0.000219860608922, -0.00175294512883, 0.00478837406263, -0.00192000204697, 0.00144733767956, -0.00456768879667, 0.00106145848986, -0.00211810949259, 0.00329726631753, -0.0037099821493, -0.00164132670034], [-0.000381490011932, 0.00209877383895, -0.00263284216635, 0.00236770021729, -0.00192000204697, 0.00826383195817, -0.00213297363371, 0.00149471545592, -0.00421334896237, 0.00712253572419, -0.00494148489088, 0.00118364521768, -0.000171146821231], [-0.000407972547691, -0.000804190931376, -0.000246550654992, -0.00231542764232, 0.00144733767956, -0.00213297363371, 0.00962333008647, -0.00350098940544, 0.00485614035279, -0.00378956575878, 0.00227853329852, -0.00418287795037, -0.000235047060414], [0.000227206764976, 0.00158296152949, -0.000621357234195, 0.00444396631792, -0.00456768879667, 0.00149471545592, -0.00350098940544, 0.016377909109, -0.0036366363056, 0.00249066320248, -0.00344353541732, 0.0076330867596, -0.00298364739865], [-0.000701884098817, 0.00070336216595, 0.000211083970498, -0.00206465064548, 0.00106145848986, -0.00421334896237, 0.00485614035279, -0.0036366363056, 0.0115028070286, -0.00543613731861, 0.00457428116351, -0.00468031177297, 0.00287884520367], [0.000182451884029, 0.0017539919354, -0.00187543290667, 0.0035678606946, -0.00211810949259, 0.00712253572419, -0.00378956575878, 0.00249066320248, -0.00543613731861, 0.0201242212206, -0.00923311058432, 0.00728177744895, -0.00222672778182], [-0.000377214077162, -0.000698210089467, 0.000891368428711, -0.0015182235511, 0.00329726631753, -0.00494148489088, 0.00227853329852, -0.00344353541732, 0.00457428116351, -0.00923311058432, 0.0188461393118, -0.00847705919296, 0.00311366678216], [-7.3899536801e-05, 0.00230250414461, -0.00114221882541, 0.00469062663615, -0.0037099821493, 0.00118364521768, -0.00418287795037, 0.0076330867596, -0.00468031177297, 0.00728177744895, -0.00847705919296, 0.0253456383944, -0.0060707135126], [-0.00062185479328, 0.000897010730114, -0.000633676245343, 4.98245644849e-05, -0.00164132670034, -0.000171146821231, -0.000235047060414, -0.00298364739865, 0.00287884520367, -0.00222672778182, 0.00311366678216, -0.0060707135126, 0.0188231356442]]}, "melbands": {"dmean": [0.00726075982675, 0.00365788978525, 0.000876341131516, 0.000359368103091, 0.000207290533581, 0.000159031056683, 5.64294932701e-05, 3.36480843544e-05, 3.37268756994e-05, 4.20789147029e-05, 0.000117810915981, 7.24297133274e-05, 3.80003839382e-05, 0.000122025012388, 1.71073988895e-05, 1.96511682589e-05, 2.55456434388e-05, 3.98750889872e-05, 1.82059266081e-05, 1.52919892571e-05, 2.58939853666e-05, 1.77016627276e-05, 1.14332815428e-05, 5.28434975422e-06, 4.57939495391e-06, 3.19033301821e-06, 3.00588089885e-06, 4.04850970881e-06, 1.53927430802e-06, 1.43479883263e-06, 1.61745720106e-06, 1.1649830185e-06, 4.56368269397e-07, 2.14108666796e-07, 8.8193786496e-08, 2.93309767585e-08, 1.72091816353e-08, 5.09083841749e-09, 3.12373682476e-10, 3.96829513694e-11], "dmean2": [0.0106268469244, 0.00565887195989, 0.00143454503268, 0.00058673589956, 0.000306672154693, 0.000267067283858, 9.44682979025e-05, 4.98634508403e-05, 5.16247600899e-05, 6.9797373726e-05, 0.000184453747352, 0.000112162219011, 5.63847606827e-05, 0.000178065514774, 3.07318223349e-05, 3.536542863e-05, 4.63762953586e-05, 7.38646776881e-05, 3.24189131788e-05, 2.73634104815e-05, 4.70493941975e-05, 3.29489957949e-05, 2.13249259104e-05, 9.38209359447e-06, 8.01681562734e-06, 5.54673988518e-06, 5.21207948623e-06, 6.92738785801e-06, 2.55330292021e-06, 2.5266629109e-06, 2.93613879876e-06, 2.13291400541e-06, 8.34969114294e-07, 3.62180230695e-07, 1.53616795728e-07, 4.7552660476e-08, 2.8203032798e-08, 8.57128945597e-09, 5.39185418535e-10, 7.06000119477e-11], "dvar": [0.000143083845614, 3.03690740111e-05, 9.7310739875e-06, 7.45426916637e-07, 1.36669484618e-07, 2.12111032738e-07, 2.33142856132e-08, 4.67153693506e-09, 6.87703671787e-09, 1.64206177544e-08, 1.07118772519e-07, 4.53683099977e-08, 4.82647743993e-09, 6.92798280966e-08, 2.68194999542e-09, 4.95712271231e-09, 6.65610411232e-09, 2.42569235809e-08, 6.56898624385e-09, 3.08312309016e-09, 5.20569098938e-09, 3.15975601239e-09, 1.44418665915e-09, 1.58516186288e-10, 1.16742837619e-10, 5.49801766614e-11, 5.90250764931e-11, 4.06950834142e-10, 1.46464264328e-11, 3.82460903225e-11, 1.02644517885e-10, 5.28340947381e-11, 7.29837718039e-12, 9.64173510996e-13, 1.16171978179e-13, 8.00047860264e-15, 3.57544253739e-15, 4.40095634792e-16, 1.73831426702e-18, 6.38132239794e-21], "dvar2": [0.000259134365479, 6.49894282105e-05, 2.34057715716e-05, 1.87117143469e-06, 3.2503439229e-07, 5.87133058616e-07, 6.24955021067e-08, 1.05262438765e-08, 1.71532850146e-08, 3.94239734192e-08, 2.43496288022e-07, 1.00847515228e-07, 9.6387751114e-09, 1.29205673716e-07, 7.35847915934e-09, 1.41079548044e-08, 1.83492971928e-08, 6.94928274925e-08, 1.87201880664e-08, 8.62625793019e-09, 1.48064973615e-08, 9.02676333681e-09, 4.15421208544e-09, 4.23420215556e-10, 3.13425729814e-10, 1.48495132857e-10, 1.58736065958e-10, 1.16044696075e-09, 3.8431344912e-11, 1.09024983486e-10, 2.97473351507e-10, 1.54660589891e-10, 2.12928633059e-11, 2.62197490282e-12, 3.36722891323e-13, 1.93053276002e-14, 8.80060540637e-15, 1.12061643653e-15, 4.80992580823e-18, 1.85198145891e-20], "max": [0.179241597652, 0.0692333802581, 0.0699223354459, 0.0125062474981, 0.0041644172743, 0.00569970253855, 0.00225139944814, 0.00106264825445, 0.00139334250707, 0.00151851656847, 0.00561200734228, 0.00365144643001, 0.000798208056949, 0.00310004036874, 0.00053102360107, 0.00103332649451, 0.00118969671894, 0.00232236436568, 0.00155298772734, 0.000820550601929, 0.00100341602229, 0.000546129245777, 0.00037910125684, 0.000135146416142, 0.000125898252008, 8.96652418305e-05, 0.000159060553415, 0.000451742904261, 6.56859774608e-05, 7.48309394112e-05, 0.000123743608128, 8.61786174937e-05, 3.2979354728e-05, 1.0863604075e-05, 3.91073808714e-06, 1.01520618045e-06, 6.08455422935e-07, 2.25027477541e-07, 2.08818651259e-08, 1.1622691698e-09], "mean": [0.0211440213025, 0.0124238990247, 0.00250838627107, 0.000946598185692, 0.000478220230434, 0.000303392502246, 0.000109480904939, 8.43466477818e-05, 7.32712214813e-05, 4.51342311862e-05, 0.000122665180243, 8.24754170026e-05, 5.18455453857e-05, 0.000150256411871, 1.37758534038e-05, 1.65649671544e-05, 1.8827697204e-05, 2.64349182544e-05, 1.42730395964e-05, 1.24815105664e-05, 2.42578735197e-05, 1.13297719508e-05, 7.41557732908e-06, 4.44549095846e-06, 4.18239824285e-06, 3.29497243001e-06, 3.30450870933e-06, 5.00607029608e-06, 2.05540845855e-06, 1.65348615155e-06, 1.27507382786e-06, 9.01482508198e-07, 3.4729018239e-07, 1.90964371427e-07, 7.60206972927e-08, 2.69908397854e-08, 1.40626070788e-08, 3.97692900833e-09, 2.37338121378e-10, 3.60045188108e-11], "median": [0.00892308726907, 0.00993857439607, 0.00131294457242, 0.000611736031715, 0.000275162339676, 0.000125441234559, 4.62548450741e-05, 3.37663950631e-05, 2.2739659471e-05, 1.23267591334e-05, 2.22285143536e-05, 1.977199463e-05, 1.6677298845e-05, 2.27786313189e-05, 2.54109568232e-06, 3.32986746798e-06, 2.83878853224e-06, 1.88477145002e-06, 2.24814334615e-06, 3.1302233765e-06, 7.19783474779e-06, 8.05695435702e-07, 7.01589442542e-07, 1.10054315883e-06, 9.54845177148e-07, 9.06775198928e-07, 7.4751108059e-07, 7.46360740322e-07, 5.55529084068e-07, 3.63867485476e-07, 1.34244174887e-07, 8.5426684393e-08, 3.90065864053e-08, 1.68222094032e-08, 6.28293728155e-09, 1.90285565083e-09, 6.99955704508e-10, 2.39105568678e-10, 2.97283933581e-11, 1.23807977759e-11], "min": [1.85086982926e-24, 2.83593838819e-24, 2.03838877174e-24, 3.04332834245e-24, 2.71594179767e-24, 2.91570110039e-24, 2.14172797261e-24, 4.56665424917e-24, 7.17746908995e-24, 8.02626922448e-24, 6.42458536961e-24, 2.64310350928e-24, 3.97402564957e-24, 4.03419917056e-24, 4.6616090419e-24, 5.27876253819e-24, 4.81825078527e-24, 6.08573292878e-24, 4.58528477717e-24, 6.16400213008e-24, 5.89630139303e-24, 6.86257317153e-24, 5.82010097946e-24, 7.953712165e-24, 6.84737024416e-24, 5.54604991212e-24, 6.44006045398e-24, 6.0050663792e-24, 7.62742746168e-24, 7.92971107195e-24, 7.09582908601e-24, 5.94011630543e-24, 7.524155314e-24, 6.02269584271e-24, 7.29894183644e-24, 5.16382392658e-24, 7.77713432883e-24, 7.74645237278e-24, 7.44405516654e-24, 7.14044153678e-24], "var": [0.000835403043311, 0.000130687578348, 2.95547160931e-05, 1.40867314258e-06, 3.3929137544e-07, 2.80078836568e-07, 4.13626892737e-08, 2.26923866364e-08, 1.97375964461e-08, 1.57514588039e-08, 1.16104111214e-07, 5.16629121705e-08, 8.33876079298e-09, 1.1347790263e-07, 1.77260361944e-09, 3.12597570051e-09, 4.39670433394e-09, 1.4113742175e-08, 3.97161326049e-09, 1.97103600108e-09, 3.42452421975e-09, 1.82505965896e-09, 8.21054335631e-10, 1.15313744664e-10, 9.9267573328e-11, 5.2739135975e-11, 7.60742926986e-11, 6.12503214814e-10, 2.34560530721e-11, 2.70952964926e-11, 5.97354388177e-11, 2.98092453499e-11, 4.07811111269e-12, 7.10921230739e-13, 8.01300012129e-14, 7.62705396344e-15, 3.10547541221e-15, 3.40491045291e-16, 1.14454996125e-18, 4.95375971807e-21]}, "mfcc": {"mean": [-749.015258789, 192.633682251, -9.95932865143, 64.2141342163, -0.01490882691, 21.8971042633, 13.9541425705, 9.30125808716, 10.0532455444, 2.47473716736, -5.36389636993, -0.150341942906, 7.67152452469], "cov": [[13885.8535156, 4370.27392578, -1555.46630859, 1706.27563477, -330.545532227, 1382.86877441, 132.083358765, 723.289001465, 226.812179565, -90.4658737183, -296.414886475, 202.873336792, 102.279304504], [4370.27392578, 3123.18017578, 82.2977371216, 432.114654541, 302.77130127, 369.208374023, 406.919921875, 265.703826904, 259.781768799, -145.136932373, -146.734573364, 8.97437953949, 70.2357940674], [-1555.46630859, 82.2977371216, 887.589477539, -133.145797729, 57.5331077576, -9.71970939636, 85.9704284668, -28.675485611, -11.6017904282, -25.9287509918, -20.4001312256, 9.38934612274, -5.93554210663], [1706.27563477, 432.114654541, -133.145797729, 519.23626709, -60.8172683716, 184.197570801, 54.3794059753, 36.951461792, 59.3576126099, -37.2259788513, -30.9575634003, -12.2553977966, 2.62704277039], [-330.545532227, 302.77130127, 57.5331077576, -60.8172683716, 385.615203857, 19.2861499786, 44.5445518494, 66.4399185181, 88.5087585449, -2.03227186203, 3.99544882774, -24.0914535522, -29.3916130066], [1382.86877441, 369.208374023, -9.71970939636, 184.197570801, 19.2861499786, 357.662750244, 10.6804199219, 156.604705811, 57.6303901672, -32.0922241211, -29.3677196503, 39.5343399048, 15.1560640335], [132.083358765, 406.919921875, 85.9704284668, 54.3794059753, 44.5445518494, 10.6804199219, 218.050476074, 34.7050018311, 58.0169792175, -57.8289985657, -45.2624282837, -9.39736747742, 16.7723197937], [723.289001465, 265.703826904, -28.675485611, 36.951461792, 66.4399185181, 156.604705811, 34.7050018311, 181.149597168, 52.2363853455, -13.1613264084, -25.0824203491, 13.7589702606, 6.93824195862], [226.812179565, 259.781768799, -11.6017904282, 59.3576126099, 88.5087585449, 57.6303901672, 58.0169792175, 52.2363853455, 139.566574097, -18.1526241302, -8.905169487, -16.1478710175, -4.5634226799], [-90.4658737183, -145.136932373, -25.9287509918, -37.2259788513, -2.03227186203, -32.0922241211, -57.8289985657, -13.1613264084, -18.1526241302, 97.0784454346, 33.5295944214, 9.34475135803, -17.3788013458], [-296.414886475, -146.734573364, -20.4001312256, -30.9575634003, 3.99544882774, -29.3677196503, -45.2624282837, -25.0824203491, -8.905169487, 33.5295944214, 98.623878479, -4.59912157059, -3.40140008926], [202.873336792, 8.97437953949, 9.38934612274, -12.2553977966, -24.0914535522, 39.5343399048, -9.39736747742, 13.7589702606, -16.1478710175, 9.34475135803, -4.59912157059, 82.9553070068, 25.3026618958], [102.279304504, 70.2357940674, -5.93554210663, 2.62704277039, -29.3916130066, 15.1560640335, 16.7723197937, 6.93824195862, -4.5634226799, -17.3788013458, -3.40140008926, 25.3026618958, 86.9667510986]], "icov": [[0.00881791673601, -0.0123023465276, 0.0127459745854, -0.0115557508543, 0.0122209051624, -0.0123361265287, 0.0112266791984, -0.0104560088366, 0.00968264974654, -0.00877994857728, 0.00919565279037, -0.00992490816861, 0.00773399369791], [-0.0123023465276, 0.0177422575653, -0.0177962705493, 0.0158132016659, -0.017397750169, 0.016984699294, -0.0163966212422, 0.0143969198689, -0.0137684373185, 0.0122425649315, -0.0125438719988, 0.0137719707564, -0.0111524453387], [0.0127459745854, -0.0177962705493, 0.0197410434484, -0.0161837823689, 0.0174948107451, -0.0183648094535, 0.0154932048172, -0.0143928388134, 0.0142892142758, -0.0126063078642, 0.0134039195254, -0.0144434915856, 0.0114491349086], [-0.0115557508543, 0.0158132016659, -0.0161837823689, 0.0183267109096, -0.0152123356238, 0.014114132151, -0.015251327306, 0.0152694871649, -0.0133056463674, 0.0114228799939, -0.0118570756167, 0.0141090862453, -0.00970080774277], [0.0122209051624, -0.017397750169, 0.0174948107451, -0.0152123356238, 0.0206394400448, -0.0168109945953, 0.0157289300114, -0.0154590401798, 0.0115894740447, -0.0122575480491, 0.0121427699924, -0.0132043529302, 0.0119119137526], [-0.0123361265287, 0.016984699294, -0.0183648094535, 0.014114132151, -0.0168109945953, 0.0240963064134, -0.0136382924393, 0.00938968360424, -0.01429311838, 0.0140477027744, -0.0131003493443, 0.0111669450998, -0.0105925854295], [0.0112266791984, -0.0163966212422, 0.0154932048172, -0.015251327306, 0.0157289300114, -0.0136382924393, 0.0223294049501, -0.0146706877276, 0.0104937534779, -0.00830009300262, 0.0130746513605, -0.0127718262374, 0.00923282373697], [-0.0104560088366, 0.0143969198689, -0.0143928388134, 0.0152694871649, -0.0154590401798, 0.00938968360424, -0.0146706877276, 0.0235301963985, -0.0125950342044, 0.0090711209923, -0.00949224364012, 0.0122574269772, -0.00946828350425], [0.00968264974654, -0.0137684373185, 0.0142892142758, -0.0133056463674, 0.0115894740447, -0.01429311838, 0.0104937534779, -0.0125950342044, 0.0213790666312, -0.00955400709063, 0.00933264289051, -0.00923542678356, 0.00876270700246], [-0.00877994857728, 0.0122425649315, -0.0126063078642, 0.0114228799939, -0.0122575480491, 0.0140477027744, -0.00830009300262, 0.0090711209923, -0.00955400709063, 0.0231414269656, -0.0125948414207, 0.00687743816525, -0.00485107209533], [0.00919565279037, -0.0125438719988, 0.0134039195254, -0.0118570756167, 0.0121427699924, -0.0131003493443, 0.0130746513605, -0.00949224364012, 0.00933264289051, -0.0125948414207, 0.0222877878696, -0.00915357097983, 0.00671923393384], [-0.00992490816861, 0.0137719707564, -0.0144434915856, 0.0141090862453, -0.0132043529302, 0.0111669450998, -0.0127718262374, 0.0122574269772, -0.00923542678356, 0.00687743816525, -0.00915357097983, 0.0268224608153, -0.0130576556548], [0.00773399369791, -0.0111524453387, 0.0114491349086, -0.00970080774277, 0.0119119137526, -0.0105925854295, 0.00923282373697, -0.00946828350425, 0.00876270700246, -0.00485107209533, 0.00671923393384, -0.0130576556548, 0.0208830907941]]}, "spectral_contrast_coeffs": {"dmean": [0.0360180549324, 0.0377595126629, 0.0443050861359, 0.0295796580613, 0.0239197313786, 0.0389224663377], "dmean2": [0.0575851723552, 0.0606692694128, 0.0681500807405, 0.047996789217, 0.0401053130627, 0.0648939162493], "dvar": [0.00116088613868, 0.00119950901717, 0.00156252074521, 0.000639390374999, 0.000567409093492, 0.00151512329467], "dvar2": [0.00304590514861, 0.00302114896476, 0.00344559573568, 0.00165798782837, 0.00154692039359, 0.00386213348247], "max": [-0.454632431269, -0.512339234352, -0.505934894085, -0.658022284508, -0.673422813416, -0.4187079072], "mean": [-0.666457295418, -0.723287880421, -0.759332716465, -0.810185730457, -0.812588810921, -0.632779717445], "median": [-0.665350079536, -0.722046732903, -0.76394033432, -0.812623620033, -0.813827514648, -0.618046343327], "min": [-0.982134997845, -0.983877420425, -0.970302045345, -0.971125304699, -0.966662585735, -0.961859345436], "var": [0.00517281703651, 0.00522287329659, 0.00525260902941, 0.00189057039097, 0.00183196412399, 0.00798595044762]}, "spectral_contrast_valleys": {"dmean": [0.309855163097, 0.37513512373, 0.473621547222, 0.600892424583, 0.52759295702, 0.592904508114], "dmean2": [0.491637438536, 0.578963875771, 0.744770765305, 0.924707233906, 0.78030872345, 0.925506412983], "dvar": [0.234526902437, 0.359499782324, 0.418963849545, 0.590079963207, 0.548041284084, 0.340088844299], "dvar2": [0.357404470444, 0.510134994984, 0.729338526726, 1.11747467518, 0.981237709522, 0.71892786026], "max": [-4.54418230057, -4.91048383713, -5.4711728096, -5.26273441315, -5.6339211