{"lowlevel": {"average_loudness": 0.970636546612, "barkbands_crest": {"dmean": 2.9301366806, "dmean2": 4.18801689148, "dvar": 9.1428527832, "dvar2": 18.8770465851, "max": 26.3305511475, "mean": 15.7948036194, "median": 16.3930549622, "min": 2.08213019371, "var": 38.5054397583}, "barkbands_flatness_db": {"dmean": 0.0346901230514, "dmean2": 0.0468569919467, "dvar": 0.00173736701254, "dvar2": 0.00273347995244, "max": 0.501999139786, "mean": 0.204166457057, "median": 0.189119309187, "min": 0.0165297202766, "var": 0.01027947478}, "barkbands_kurtosis": {"dmean": 26.4430446625, "dmean2": 35.7750473022, "dvar": 3638.65869141, "dvar2": 5953.55566406, "max": 1024.70812988, "mean": 54.0113449097, "median": 12.5085449219, "min": -1.92511355877, "var": 12396.6328125}, "barkbands_skewness": {"dmean": 1.4066311121, "dmean2": 1.92184329033, "dvar": 3.60086798668, "dvar2": 5.21828317642, "max": 27.3164367676, "mean": 4.2671456337, "median": 3.04642796516, "min": -8.83928394318, "var": 22.6492385864}, "barkbands_spread": {"dmean": 9.7306432724, "dmean2": 15.1350727081, "dvar": 187.803451538, "dvar2": 387.202331543, "max": 114.081771851, "mean": 25.3838634491, "median": 16.4915351868, "min": 0.174587816, "var": 613.045532227}, "dissonance": {"dmean": 0.0160644296557, "dmean2": 0.0265858080238, "dvar": 0.000320578692481, "dvar2": 0.000821220863145, "max": 0.499999880791, "mean": 0.467007547617, "median": 0.475377231836, "min": 0.237802997231, "var": 0.000954895687755}, "dynamic_complexity": 3.97819495201, "erbbands_crest": {"dmean": 2.27775454521, "dmean2": 3.57844686508, "dvar": 5.40929603577, "dvar2": 12.5852489471, "max": 31.8150501251, "mean": 8.35113048553, "median": 7.28023433685, "min": 2.31739377975, "var": 20.5172786713}, "erbbands_flatness_db": {"dmean": 0.0141872065142, "dmean2": 0.0211277212948, "dvar": 0.000235204293858, "dvar2": 0.000463501608465, "max": 0.355651438236, "mean": 0.114169105887, "median": 0.0998308286071, "min": 0.0462760590017, "var": 0.00288464920595}, "erbbands_kurtosis": {"dmean": 1.20805823803, "dmean2": 1.90255844593, "dvar": 4.7258105278, "dvar2": 10.7378377914, "max": 49.5907821655, "mean": 0.863614916801, "median": -0.593969345093, "min": -1.91386258602, "var": 15.8691062927}, "erbbands_skewness": {"dmean": 0.470566540956, "dmean2": 0.705185353756, "dvar": 0.310221612453, "dvar2": 0.629747450352, "max": 3.55456900597, "mean": -0.116002522409, "median": 0.00750000355765, "min": -5.55347394943, "var": 1.34887182713}, "erbbands_spread": {"dmean": 16.3394603729, "dmean2": 24.5449504852, "dvar": 323.562683105, "dvar2": 713.488464355, "max": 200.685714722, "mean": 75.5436553955, "median": 74.4418945312, "min": 3.17284584045, "var": 1356.19226074}, "hfc": {"dmean": 24.7947349548, "dmean2": 38.6624488831, "dvar": 1548.42150879, "dvar2": 3405.32739258, "max": 457.607147217, "mean": 57.6258049011, "median": 31.5398864746, "min": 1.17399441469e-16, "var": 4533.87060547}, "melbands_crest": {"dmean": 3.80187702179, "dmean2": 5.55800867081, "dvar": 16.76212883, "dvar2": 35.5959815979, "max": 38.1510047913, "mean": 23.8217849731, "median": 24.2948303223, "min": 1.86615633965, "var": 104.704406738}, "melbands_flatness_db": {"dmean": 0.0401419661939, "dmean2": 0.0545997209847, "dvar": 0.00240713427775, "dvar2": 0.00397622631863, "max": 0.624711573124, "mean": 0.282030403614, "median": 0.265463411808, "min": 0.00715171825141, "var": 0.0161679703742}, "melbands_kurtosis": {"dmean": 78.4509277344, "dmean2": 118.687797546, "dvar": 28930.2558594, "dvar2": 67101.5546875, "max": 3441.41186523, "mean": 171.668289185, "median": 56.3236160278, "min": -1.92672967911, "var": 83292.71875}, "melbands_skewness": {"dmean": 2.22513079643, "dmean2": 3.32905840874, "dvar": 9.38782691956, "dvar2": 19.8626499176, "max": 42.5162849426, "mean": 8.3593711853, "median": 6.76524543762, "min": -3.99652719498, "var": 45.0385932922}, "melbands_spread": {"dmean": 7.35560798645, "dmean2": 11.4533023834, "dvar": 173.385696411, "dvar2": 346.027893066, "max": 265.513092041, "mean": 19.7675495148, "median": 8.94102859497, "min": 0.0895916745067, "var": 969.670898438}, "pitch_salience": {"dmean": 0.0882313996553, "dmean2": 0.12810434401, "dvar": 0.0107064684853, "dvar2": 0.0230380259454, "max": 0.919899106026, "mean": 0.371551394463, "median": 0.343941539526, "min": 0.0200961958617, "var": 0.0529972799122}, "silence_rate_20dB": {"dmean": 0, "dmean2": 0, "dvar": 0, "dvar2": 0, "max": 1, "mean": 1, "median": 1, "min": 1, "var": 0}, "silence_rate_30dB": {"dmean": 0.124852769077, "dmean2": 0.249747559428, "dvar": 0.109260290861, "dvar2": 0.210262030363, "max": 1, "mean": 0.423620462418, "median": 0, "min": 0, "var": 0.244152769446}, "silence_rate_60dB": {"dmean": 0.00100959115662, "dmean2": 0.00201952201314, "dvar": 0.00100859941449, "dvar2": 0.00201540836133, "max": 1, "mean": 0.0491251684725, "median": 0, "min": 0, "var": 0.0467118136585}, "spectral_centroid": {"dmean": 427.745147705, "dmean2": 651.748657227, "dvar": 311116.03125, "dvar2": 626840.8125, "max": 10717.9169922, "mean": 1796.96704102, "median": 1429.64086914, "min": 121.422576904, "var": 1614827.625}, "spectral_complexity": {"dmean": 3.97913503647, "dmean2": 6.06933689117, "dvar": 21.6881332397, "dvar2": 43.3929138184, "max": 65, "mean": 15.3203229904, "median": 13, "min": 0, "var": 120.102294922}, "spectral_decrease": {"dmean": 9.33207466858e-09, "dmean2": 1.4469427434e-08, "dvar": 1.23627343858e-16, "dvar2": 2.5128831155e-16, "max": 7.43771054775e-16, "mean": -2.77427147921e-08, "median": -2.71679070352e-08, "min": -8.59351061422e-08, "var": 3.88698813753e-16}, "spectral_energy": {"dmean": 0.0365747511387, "dmean2": 0.0566539689898, "dvar": 0.00177729572169, "dvar2": 0.00365737685934, "max": 0.332061350346, "mean": 0.109933957458, "median": 0.106421649456, "min": 1.06102772212e-20, "var": 0.00555466907099}, "spectral_energyband_high": {"dmean": 0.00280011305586, "dmean2": 0.00447624176741, "dvar": 2.23581955652e-05, "dvar2": 4.95704589412e-05, "max": 0.0581961944699, "mean": 0.00555295916274, "median": 0.00206958712079, "min": 7.60651380614e-21, "var": 6.96489660186e-05}, "spectral_energyband_low": {"dmean": 0.0344552248716, "dmean2": 0.0538241416216, "dvar": 0.00187545130029, "dvar2": 0.00373042072169, "max": 0.318256050348, "mean": 0.0939447879791, "median": 0.0940993279219, "min": 3.76652493924e-23, "var": 0.0057105300948}, "spectral_energyband_middle_high": {"dmean": 0.000916860532016, "dmean2": 0.00134084024467, "dvar": 2.4910425509e-06, "dvar2": 5.07397999172e-06, "max": 0.0435812473297, "mean": 0.00240235938691, "median": 0.00135176675394, "min": 1.45494859835e-21, "var": 1.22138071674e-05}, "spectral_energyband_middle_low": {"dmean": 0.00510322954506, "dmean2": 0.0081396792084, "dvar": 7.08858860889e-05, "dvar2": 0.000184419666766, "max": 0.0933834165335, "mean": 0.00998861994594, "median": 0.00624230783433, "min": 2.70515096146e-22, "var": 0.000116827854072}, "spectral_entropy": {"dmean": 0.186042204499, "dmean2": 0.278601258993, "dvar": 0.0594974681735, "dvar2": 0.103117287159, "max": 9.7902097702, "mean": 7.99952554703, "median": 8.10496520996, "min": 5.92709350586, "var": 0.244747817516}, "spectral_flux": {"dmean": 0.0563222505152, "dmean2": 0.0838464125991, "dvar": 0.00351485912688, "dvar2": 0.00594602944329, "max": 0.493157029152, "mean": 0.140136778355, "median": 0.115666948259, "min": 1.03675387719e-10, "var": 0.00894575752318}, "spectral_kurtosis": {"dmean": 0.627140700817, "dmean2": 0.940792679787, "dvar": 0.739553749561, "dvar2": 1.33752691746, "max": 13.7265205383, "mean": 1.33075153828, "median": 0.964404582977, "min": -1.19099223614, "var": 2.67931365967}, "spectral_rms": {"dmean": 0.00174513028469, "dmean2": 0.00258963136002, "dvar": 3.51235257767e-06, "dvar2": 6.62682168695e-06, "max": 0.0179989524186, "mean": 0.00952457915992, "median": 0.0101895034313, "min": 3.21737298262e-12, "var": 1.65354213095e-05}, "spectral_rolloff": {"dmean": 758.358825684, "dmean2": 1339.65185547, "dvar": 2581048.5, "dvar2": 6128368, "max": 19789.0136719, "mean": 1989.2935791, "median": 193.798828125, "min": 43.06640625, "var": 12599896}, "spectral_skewness": {"dmean": 0.171408683062, "dmean2": 0.25085863471, "dvar": 0.0488923229277, "dvar2": 0.0899084731936, "max": 3.24129390717, "mean": 1.02065181732, "median": 1.02077698708, "min": -0.395332872868, "var": 0.205364331603}, "spectral_spread": {"dmean": 814956.4375, "dmean2": 1163069.375, "dvar": 1138640027650.0, "dvar2": 1834741399550.0, "max": 42999340, "mean": 8082356, "median": 8286501, "min": 2522835.75, "var": 5010359844860.0}, "spectral_strongpeak": {"dmean": 0.312225282192, "dmean2": 0.531869649887, "dvar": 0.432989299297, "dvar2": 1.20074617863, "max": 16.8716125488, "mean": 0.721019983292, "median": 0.502941250801, "min": 0, "var": 0.835561871529}, "zerocrossingrate": {"dmean": 0.0178273189813, "dmean2": 0.020181003958, "dvar": 0.000410888751503, "dvar2": 0.000418642070144, "max": 0.74462890625, "mean": 0.0889945998788, "median": 0.0595703125, "min": 0.00146484375, "var": 0.0117771280929}, "barkbands": {"dmean": [0.00305523909628, 0.030018588528, 0.0124847041443, 0.00262509542517, 0.00168570911046, 0.00064471521182, 0.000624815991614, 0.000587374554016, 0.000560059619602, 0.000333499570843, 0.000230095436564, 0.000174210057594, 7.33775668778e-05, 7.45635989006e-05, 7.0200949267e-05, 7.25205027265e-05, 8.53815217852e-05, 0.000122445606394, 0.000218380708247, 0.000180682502105, 0.000234240782447, 0.000558692379855, 0.000861265696585, 0.000835183309391, 0.000428008206654, 0.000263042515144, 2.01743023354e-05], "dmean2": [0.00337426480837, 0.044329483062, 0.0218183733523, 0.0044853691943, 0.00244249636307, 0.00108400674071, 0.000997026101686, 0.000865963404067, 0.000843531277496, 0.000514808110893, 0.00035041916999, 0.000255739083514, 0.000116935829283, 0.000119144460768, 0.000112244109914, 0.00011515312508, 0.000134843066917, 0.000199653673917, 0.000359412864782, 0.0002957136021, 0.000367934728274, 0.000956124218646, 0.00138413906097, 0.00139207404573, 0.000662288395688, 0.0003890801745, 3.35822587658e-05], "dvar": [1.53215860337e-05, 0.00125640037004, 0.000891597708687, 3.1141913496e-05, 7.68092195358e-06, 2.58554041466e-06, 2.08480810215e-06, 1.72617501448e-06, 2.97546239381e-06, 7.43105772472e-07, 3.76794076828e-07, 2.29690115816e-07, 5.24617966846e-08, 2.89436759005e-08, 2.13267608018e-08, 4.00080963914e-08, 2.20851408272e-08, 5.94164504264e-08, 1.56861617029e-07, 1.81520647402e-07, 1.63747955639e-07, 8.09860182471e-07, 2.61843001681e-06, 2.27921441365e-06, 5.0498198334e-07, 1.59732252314e-07, 1.03716679689e-09], "dvar2": [1.42307953865e-05, 0.00219075265341, 0.00243411655538, 8.46702023409e-05, 1.68852548086e-05, 6.86873636369e-06, 5.09359369971e-06, 2.80921426565e-06, 6.75829141983e-06, 1.69626673596e-06, 7.32943135517e-07, 3.36875530138e-07, 1.40712273833e-07, 6.91224073535e-08, 5.60721780118e-08, 9.44241307366e-08, 5.07070048172e-08, 1.44048897255e-07, 4.04221140116e-07, 4.5462903131e-07, 3.4610971511e-07, 2.0990557914e-06, 6.05199693382e-06, 5.67312326893e-06, 1.06163440705e-06, 3.08693159923e-07, 2.4918180852e-09], "max": [0.0334620662034, 0.306211084127, 0.183922618628, 0.0496500991285, 0.031133081764, 0.0433983877301, 0.0455047339201, 0.0620893463492, 0.0475980043411, 0.0236666947603, 0.0206375923008, 0.03762120381, 0.0069301975891, 0.00318716163747, 0.00339054246433, 0.00353822787292, 0.00373937096447, 0.00809993688017, 0.00887391250581, 0.0143207581714, 0.0115745188668, 0.0108748469502, 0.0268305651844, 0.0214219540358, 0.00619494263083, 0.00334069831297, 0.000253302569035], "mean": [0.0086028771475, 0.0721239671111, 0.0114778028801, 0.00299344258383, 0.00259018270299, 0.000927105022129, 0.00104649993591, 0.00106167746708, 0.000938855868299, 0.000584316498134, 0.000367816159269, 0.000354662071913, 0.000108806016215, 0.000101704914414, 0.00011931892368, 0.000106120773125, 0.000151942032971, 0.000208048833883, 0.00035355440923, 0.000341199338436, 0.000494452833664, 0.000840046210214, 0.00145090615842, 0.00135211192537, 0.000760442810133, 0.000452273379778, 2.4150194804e-05], "median": [0.00180312502198, 0.0639804378152, 0.00295004388317, 0.000865772482939, 0.000545745249838, 0.000353096693289, 0.000238795182668, 0.000415392278228, 0.000350738264387, 0.000206831697142, 0.000104145612568, 0.000109409316792, 3.39261932822e-05, 2.76192240563e-05, 4.51540581707e-05, 2.73387340712e-05, 6.09090348007e-05, 8.17466279841e-05, 0.000143014243804, 0.000133627312607, 0.000192994324607, 0.000314775155857, 0.000342370971339, 0.000411622197134, 0.000232234771829, 0.000112060675747, 5.44376689504e-06], "min": [1.18679776567e-23, 1.44054158115e-23, 3.72549975455e-24, 9.61869461333e-24, 4.12080426504e-23, 2.14311198962e-23, 6.72826849801e-23, 1.50447023782e-23, 8.90336059319e-23, 6.92548561758e-23, 3.48504516876e-23, 2.53781728137e-23, 3.85863928051e-23, 1.53088253155e-22, 7.71295370999e-23, 2.46042308459e-22, 8.44437228845e-23, 2.11845377545e-22, 2.39371826863e-22, 1.93467947679e-22, 2.82204702097e-22, 4.93397685362e-22, 6.18839292041e-22, 9.67788997835e-22, 9.49733700898e-22, 1.55853247231e-21, 2.37218597574e-21], "var": [0.000106293009594, 0.00450795097277, 0.000638239784166, 2.84092711809e-05, 1.65440142155e-05, 2.83793156086e-06, 6.62197817292e-06, 6.58719591229e-06, 5.80098458158e-06, 1.82154280992e-06, 1.1070749224e-06, 1.58244972681e-06, 7.31220453076e-08, 5.08957995748e-08, 5.10793292108e-08, 8.16479328591e-08, 7.63430918482e-08, 1.88695722159e-07, 3.86608064673e-07, 6.14213377048e-07, 7.44857970858e-07, 1.80409108452e-06, 9.05570686882e-06, 6.09009384789e-06, 1.00677709725e-06, 3.67480055274e-07, 1.25773047532e-09]}, "erbbands": {"dmean": [1.32222139835, 6.31114864349, 14.0179634094, 10.869550705, 7.17826700211, 4.62852096558, 5.87194252014, 4.23925495148, 6.64119434357, 10.3680515289, 15.432841301, 12.636806488, 12.1501131058, 8.17502307892, 7.31142997742, 7.29926013947, 4.20574903488, 4.17180109024, 2.85936546326, 3.44019460678, 4.10031032562, 4.11332416534, 6.19551420212, 9.6649646759, 11.238902092, 8.29767417908, 8.51371192932, 10.857257843, 23.5953216553, 16.0823993683, 23.8457012177, 28.5393981934, 8.97279262543, 6.11043834686, 2.38616013527, 1.57079458237, 0.34539604187, 0.0575578659773, 0.0027824640274, 0.000141790820635], "dmean2": [1.76805341244, 9.28433322906, 23.7117214203, 17.823431015, 10.1143903732, 7.63835811615, 10.1168355942, 7.09353160858, 10.8342552185, 15.7343425751, 22.8579998016, 19.3697929382, 18.7961044312, 12.5018148422, 11.2927875519, 10.6985063553, 6.30369472504, 6.48497533798, 4.49611520767, 5.33468914032, 6.37053155899, 6.54369211197, 9.97955036163, 16.3444976807, 18.4269294739, 13.5649862289, 13.2521524429, 17.3216724396, 41.1977386475, 25.6403751373, 38.4790725708, 47.8679733276, 14.384139061, 9.36836910248, 3.70613527298, 2.31056904793, 0.51510900259, 0.0920517891645, 0.00459737470374, 0.0002237920271], "dvar": [2.17510056496, 72.9765472412, 1035.75354004, 539.024047852, 128.649414062, 86.9973220825, 258.569213867, 91.5995254517, 243.645080566, 465.953338623, 1300.89648438, 1990.53186035, 904.348876953, 533.318481445, 588.678710938, 341.35534668, 154.868179321, 89.009979248, 41.1993026733, 75.0001449585, 95.997215271, 54.7861366272, 149.524719238, 430.254669189, 433.931945801, 311.7706604, 269.759399414, 343.354217529, 1569.68078613, 742.114196777, 2084.70898438, 2909.72045898, 226.378768921, 102.008552551, 14.6347026825, 5.68016338348, 0.278067529202, 0.00833295844495, 2.17498709389e-05, 4.23411279371e-08], "dvar2": [3.14781236649, 143.101425171, 2762.03564453, 1420.46142578, 265.420593262, 239.823501587, 713.036865234, 243.77293396, 648.38494873, 982.567626953, 2218.25439453, 4748.25341797, 2084.33959961, 1206.83081055, 1094.44995117, 538.299743652, 332.897399902, 204.485610962, 106.476020813, 186.134841919, 230.324035645, 126.893943787, 373.290649414, 1131.96655273, 1092.35864258, 762.79510498, 586.896850586, 813.332275391, 4149.13720703, 1704.78881836, 4766.75976562, 7382.02539062, 517.209960938, 217.736404419, 31.6522293091, 11.2321567535, 0.542330622673, 0.0174294840544, 5.41979607078e-05, 9.91047031107e-08], "max": [12.0581789017, 67.4640274048, 214.174743652, 242.766647339, 133.510299683, 112.593727112, 411.761322021, 193.073394775, 353.840911865, 568.988464355, 1704.01281738, 1317.234375, 897.679504395, 836.65826416, 1015.30957031, 1326.04882812, 678.467529297, 154.480041504, 142.607788086, 231.353729248, 207.949630737, 224.837127686, 446.518798828, 566.101623535, 469.45690918, 576.651367188, 518.917419434, 486.260314941, 378.864776611, 645.508972168, 810.15423584, 655.626037598, 208.265365601, 88.7575454712, 32.2679786682, 20.0368022919, 4.89004135132, 0.734934210777, 0.0401071123779, 0.00219197035767], "mean": [3.33706498146, 11.0797348022, 13.7532739639, 13.0021743774, 10.5261955261, 6.30126094818, 7.49648475647, 6.4148516655, 11.2818031311, 19.4764537811, 27.2781620026, 21.895690918, 22.014673233, 12.609916687, 12.2984485626, 14.9744672775, 7.63437461853, 5.99484443665, 5.0691742897, 5.97230672836, 6.90313482285, 7.72819185257, 10.9339523315, 15.4390335083, 18.8144760132, 15.6829814911, 16.9196052551, 22.1233406067, 31.9316730499, 30.5848865509, 41.4895362854, 39.615322113, 17.1681308746, 10.4979753494, 4.28958272934, 2.6640226841, 0.594075083733, 0.0902076512575, 0.00372095825151, 0.000283188273897], "median": [1.65735292435, 6.48492527008, 4.30403709412, 3.81367254257, 1.67560601234, 1.92991101742, 2.61164617538, 2.6208319664, 3.91189455986, 4.95387125015, 12.3244276047, 8.94658470154, 8.20661830902, 4.56221008301, 3.56579208374, 5.07161521912, 2.54558992386, 1.94572079182, 2.01525974274, 2.17906856537, 2.18131041527, 3.21771335602, 4.76245212555, 5.56791400909, 8.20133113861, 5.96840572357, 5.83613777161, 9.17134094238, 11.5497207642, 10.0926876068, 10.2210092545, 10.0538578033, 4.83249664307, 3.04075574875, 1.39459741116, 0.712375164032, 0.147010743618, 0.0195424929261, 0.00110883126035, 0.000217282387894], "min": [8.32341252243e-22, 1.88648595723e-21, 4.60848976441e-21, 1.53805639981e-20, 4.73662650364e-20, 8.02582587581e-20, 1.73733261042e-19, 2.51994886748e-19, 6.93811800849e-19, 1.03787447471e-18, 3.63175379851e-19, 2.15560537935e-18, 2.12368323874e-18, 1.64435389066e-18, 1.99394306159e-18, 1.48175241271e-18, 2.29198326733e-18, 6.67233412433e-18, 5.69698892046e-18, 4.47083717818e-18, 1.2997122524e-17, 6.18370282006e-18, 1.04903814562e-17, 1.03674814423e-17, 1.11812658649e-17, 8.09858788782e-18, 9.72651076618e-18, 1.31874509927e-17, 1.67703341852e-17, 2.10167072187e-17, 1.63803549223e-17, 1.76623343249e-17, 1.73140714346e-17, 1.12992681423e-17, 7.15077042755e-18, 4.68072019655e-18, 2.66916191022e-18, 1.3138031087e-18, 3.46907632334e-19, 2.88867367281e-20], "var": [10.8474187851, 171.301742554, 821.009338379, 493.139007568, 299.75402832, 100.518386841, 236.518737793, 108.301040649, 507.242645264, 1760.28015137, 4335.46582031, 3623.39160156, 2339.44506836, 911.196472168, 2146.92529297, 2269.51196289, 548.223693848, 157.92767334, 88.319480896, 180.371154785, 249.355224609, 213.254272461, 466.666625977, 1113.81970215, 1064.12768555, 1078.70825195, 1074.81481934, 1362.17285156, 2643.22827148, 3348.1328125, 7905.42578125, 6000.21191406, 797.740661621, 205.453140259, 29.8814792633, 12.4982414246, 0.650109231472, 0.0171009786427, 2.72772831522e-05, 6.65016557377e-08]}, "gfcc": {"mean": [8.05460166931, 37.1302032471, -59.6309738159, 50.4332275391, -61.0127449036, 32.3084793091, -20.4152355194, 26.580827713, -15.0302209854, 7.8438577652, -12.6482429504, 5.82334184647, -12.7849235535], "cov": [[25070.9042969, 3810.75561523, 1335.30688477, 936.330627441, -239.086471558, 850.936218262, -69.2430648804, 940.44732666, -532.93371582, 511.636260986, -671.519958496, -105.708892822, -792.574890137], [3810.75561523, 3016.51416016, 746.006164551, 115.118392944, 676.444396973, 159.165969849, 518.241943359, 455.179870605, 299.91317749, 208.295013428, 53.6529197693, -42.3518486023, -55.8085212708], [1335.30688477, 746.006164551, 1025.80651855, 236.855453491, 253.712219238, 191.587966919, 162.075744629, 224.96546936, 91.9464111328, 76.0412902832, -41.3750953674, -11.518409729, -73.4357833862], [936.330627441, 115.118392944, 236.855453491, 422.275939941, 137.087646484, 60.8317718506, 26.9654312134, 76.5679550171, 39.6057167053, -17.9638690948, -15.5198497772, -0.0763323828578, -18.5689868927], [-239.086471558, 676.444396973, 253.712219238, 137.087646484, 530.586303711, 30.4233322144, 201.130386353, 112.079421997, 135.702682495, 32.105594635, 54.0444908142, -3.26081824303, 21.2372741699], [850.936218262, 159.165969849, 191.587966919, 60.8317718506, 30.4233322144, 252.21131897, 117.498825073, 115.406410217, 62.7931556702, 59.3600196838, 5.56033754349, 18.9255275726, -7.60050868988], [-69.2430648804, 518.241943359, 162.075744629, 26.9654312134, 201.130386353, 117.498825073, 304.443695068, 179.213485718, 168.678237915, 81.9406356812, 87.005645752, 26.7924213409, 50.7235336304], [940.44732666, 455.179870605, 224.96546936, 76.5679550171, 112.079421997, 115.406410217, 179.213485718, 238.618606567, 121.187019348, 80.1673049927, 23.5707817078, 16.472410202, -10.3520421982], [-532.93371582, 299.91317749, 91.9464111328, 39.6057167053, 135.702682495, 62.7931556702, 168.678237915, 121.187019348, 279.881347656, 77.17993927, 110.024230957, 24.0087127686, 65.7914657593], [511.636260986, 208.295013428, 76.0412902832, -17.9638690948, 32.105594635, 59.3600196838, 81.9406356812, 80.1673049927, 77.17993927, 134.363754272, 53.906917572, 16.2459335327, 4.92860126495], [-671.519958496, 53.6529197693, -41.3750953674, -15.5198497772, 54.0444908142, 5.56033754349, 87.005645752, 23.5707817078, 110.024230957, 53.906917572, 145.581085205, 54.6044998169, 54.4473762512], [-105.708892822, -42.3518486023, -11.518409729, -0.0763323828578, -3.26081824303, 18.9255275726, 26.7924213409, 16.472410202, 24.0087127686, 16.2459335327, 54.6044998169, 73.5012741089, 44.8979568481], [-792.574890137, -55.8085212708, -73.4357833862, -18.5689868927, 21.2372741699, -7.60050868988, 50.7235336304, -10.3520421982, 65.7914657593, 4.92860126495, 54.4473762512, 44.8979568481, 121.102630615]], "icov": [[0.000192774357856, -0.000350113521563, 0.000204343887162, -0.000467483332613, 0.000313174270559, -0.000427515857155, 0.000513717066497, -0.000402639096137, 0.000412457971834, -0.000788612058386, 0.000717420945875, -0.000706783786882, 0.00056869344553], [-0.000350113521563, 0.00133062677924, -0.000566567759961, 0.00104145950172, -0.00109904492274, 0.00111914204899, -0.00151103443932, 0.000172720465343, -0.000785551790614, 0.00101691135205, -0.00102905964013, 0.00156439491548, -0.000683358230162], [0.000204343887162, -0.000566567759961, 0.00186103838496, -0.00101308315061, -4.8786350817e-05, -0.00110466894694, 0.000686158658937, -0.000854617916048, 0.000250915210927, -0.00117768778, 0.00162210862618, -0.0013446653029, 0.00130906701088], [-0.000467483332613, 0.00104145950172, -0.00101308315061, 0.00436179758981, -0.00169915799052, 0.000499664223753, -7.79226611485e-05, -0.000348682980984, -0.00130591110792, 0.00314058875665, -0.00194815930445, 0.00168701203074, -0.00136084272526], [0.000313174270559, -0.00109904492274, -4.8786350817e-05, -0.00169915799052, 0.00407239608467, 6.25357861281e-05, -0.00112999486737, 0.000458415335743, 0.000280786101939, -0.000668775697704, 0.000725416990463, -0.000737122143619, 0.000877076643519], [-0.000427515857155, 0.00111914204899, -0.00110466894694, 0.000499664223753, 6.25357861281e-05, 0.00745423696935, -0.00407564453781, 0.000589992909227, -0.0015031110961, 6.13069496467e-05, 0.000786394521128, -0.000892071228009, 0.000130193468067], [0.000513717066497, -0.00151103443932, 0.000686158658937, -7.79226611485e-05, -0.00112999486737, -0.00407564453781, 0.0130126755685, -0.00714501552284, 0.00108389090747, -0.00119246554095, -0.00282706017606, 0.00162707979325, -0.00292133330368], [-0.000402639096137, 0.000172720465343, -0.000854617916048, -0.000348682980984, 0.000458415335743, 0.000589992909227, -0.00714501552284, 0.0138287814334, -0.00413696002215, -0.0012331235921, 0.00360799115151, -0.00429547205567, 0.00327222654596], [0.000412457971834, -0.000785551790614, 0.000250915210927, -0.00130591110792, 0.000280786101939, -0.0015031110961, 0.00108389090747, -0.00413696002215, 0.00939108803868, -0.00222161761485, -0.00441274233162, 0.00367635232396, -0.00305240857415], [-0.000788612058386, 0.00101691135205, -0.00117768778, 0.00314058875665, -0.000668775697704, 6.13069496467e-05, -0.00119246554095, -0.0012331235921, -0.00222161761485, 0.0155129823834, -0.00777575839311, 0.00415791198611, -0.00187993410509], [0.000717420945875, -0.00102905964013, 0.00162210862618, -0.00194815930445, 0.000725416990463, 0.000786394521128, -0.00282706017606, 0.00360799115151, -0.00441274233162, -0.00777575839311, 0.0217011123896, -0.0152261443436, 0.00492262840271], [-0.000706783786882, 0.00156439491548, -0.0013446653029, 0.00168701203074, -0.000737122143619, -0.000892071228009, 0.00162707979325, -0.00429547205567, 0.00367635232396, 0.00415791198611, -0.0152261443436, 0.030383002013, -0.0120219783857], [0.00056869344553, -0.000683358230162, 0.00130906701088, -0.00136084272526, 0.000877076643519, 0.000130193468067, -0.00292133330368, 0.00327222654596, -0.00305240857415, -0.00187993410509, 0.00492262840271, -0.0120219783857, 0.0175859201699]]}, "melbands": {"dmean": [0.00940424576402, 0.00702486280352, 0.00173190864734, 0.000400295859436, 0.000203388364753, 0.000102464146039, 0.000114196212962, 0.00011063402053, 0.000134785077535, 7.59304311941e-05, 5.91521493334e-05, 3.16540790664e-05, 2.46105319093e-05, 1.63512286235e-05, 2.08311867027e-05, 6.51103891869e-06, 8.86293491931e-06, 4.10384154748e-06, 6.02779482506e-06, 5.42304906048e-06, 5.197140581e-06, 4.70336499347e-06, 5.2825680541e-06, 5.68272298551e-06, 8.54893642099e-06, 9.58216605795e-06, 6.47974229651e-06, 6.05007471677e-06, 5.02290231452e-06, 6.88306590746e-06, 6.34464822724e-06, 1.43126108014e-05, 1.09647198769e-05, 9.85514361673e-06, 1.07956120701e-05, 2.27457367146e-05, 1.76415487658e-05, 6.11860241406e-06, 5.1399520089e-06, 5.55142469238e-06], "dmean2": [0.0133587839082, 0.0108326030895, 0.00281966826878, 0.000579164770897, 0.000352370232577, 0.00017073773779, 0.000184287826414, 0.000166603087564, 0.000199756468646, 0.000116683011584, 9.16490098462e-05, 4.88762489113e-05, 3.78361291951e-05, 2.48422693403e-05, 3.05196008412e-05, 1.03216862044e-05, 1.39078774737e-05, 6.72252099321e-06, 9.62279136729e-06, 8.59793635755e-06, 8.23185655463e-06, 7.57403131502e-06, 8.60240015754e-06, 9.56274016062e-06, 1.45349076774e-05, 1.58286384249e-05, 1.06672741822e-05, 9.96040216705e-06, 7.92938953964e-06, 1.09378706838e-05, 1.01305731732e-05, 2.5111994546e-05, 1.87729474419e-05, 1.57496815518e-05, 1.73863427335e-05, 3.778309474e-05, 3.02250864479e-05, 9.72880570771e-06, 8.00444286142e-06, 8.59200190462e-06], "dvar": [0.000113783222332, 0.000164187993505, 1.3417899936e-05, 4.08052756029e-07, 2.79717056628e-07, 5.4459118104e-08, 7.02875411207e-08, 5.21428553668e-08, 9.99759208753e-08, 8.30345001646e-08, 2.15785860291e-08, 8.93923157719e-09, 5.06832442682e-09, 1.44361034238e-09, 4.90911977735e-09, 6.23593898741e-10, 4.1223191527e-10, 1.02427726023e-10, 2.02746458511e-10, 2.38649572326e-10, 1.44871045715e-10, 7.23149456983e-11, 1.14136838869e-10, 1.3737007365e-10, 3.79624498503e-10, 3.01952074455e-10, 2.45064385451e-10, 1.8994512907e-10, 1.28952445944e-10, 1.3398297749e-10, 1.29687732775e-10, 5.79782444277e-10, 3.26407373352e-10, 3.45365180898e-10, 5.00150032501e-10, 1.9246861882e-09, 1.15713250093e-09, 1.09996768638e-10, 6.05741845572e-11, 9.2840977961e-11], "dvar2": [0.000177762762178, 0.000402811710956, 3.54289186362e-05, 8.71334918884e-07, 7.77878426561e-07, 1.4399061854e-07, 1.80538123118e-07, 1.04634281684e-07, 1.79888417051e-07, 1.97218668063e-07, 4.97893992701e-08, 2.0347812324e-08, 9.69995284095e-09, 2.82701195786e-09, 6.71124000817e-09, 1.70890401829e-09, 9.37014799085e-10, 2.76315137437e-10, 5.30255672704e-10, 5.73274649973e-10, 3.59038992981e-10, 1.68587810379e-10, 2.65147903633e-10, 3.68441943621e-10, 1.00163133343e-09, 7.62350849115e-10, 5.99457317119e-10, 4.93261598233e-10, 3.05881292517e-10, 2.97374624925e-10, 3.26643101456e-10, 1.55375901034e-09, 8.37330482728e-10, 8.78244643676e-10, 1.16125409289e-09, 4.92327467683e-09, 3.03476554997e-09, 2.57528526282e-10, 1.28989180448e-10, 2.08002642887e-10], "max": [0.0883189067245, 0.0926835238934, 0.036197938025, 0.0072133410722, 0.0119890393689, 0.00531064765528, 0.00713949790224, 0.00598827050999, 0.0127705428749, 0.00840139389038, 0.00446163211018, 0.00361491856165, 0.00273799733259, 0.00133531843312, 0.00580201670527, 0.000844708411023, 0.000338879995979, 0.00020382727962, 0.00033186096698, 0.000251340301475, 0.000248832802754, 0.000228143340792, 0.000344118772773, 0.000377519638278, 0.000540471985005, 0.000302904983982, 0.000513435341418, 0.000414860667661, 0.000398616975872, 0.000252437632298, 0.000308292947011, 0.00024001247948, 0.000245753471972, 0.000447925238404, 0.000452646723716, 0.000582728185691, 0.000382900267141, 0.00017096985539, 0.000104630918941, 8.33613084978e-05], "mean": [0.0241817981005, 0.00964090321213, 0.00223012058996, 0.000598835118581, 0.000260498462012, 0.000155440648086, 0.000195417058421, 0.000210306985537, 0.000229969475185, 0.000130895175971, 0.000104686921986, 4.59783441329e-05, 4.02020887122e-05, 3.14122407872e-05, 4.0624592657e-05, 9.25999029278e-06, 1.16581704788e-05, 6.65731249683e-06, 9.94017136691e-06, 7.54849543227e-06, 8.3286258814e-06, 8.12436155684e-06, 9.14550946618e-06, 9.51013771555e-06, 1.2551715372e-05, 1.42376029544e-05, 1.1748932593e-05, 1.0200824363e-05, 9.39987421589e-06, 1.2842067008e-05, 1.21270131785e-05, 1.80773113243e-05, 1.6504262021e-05, 1.75666336872e-05, 2.11099213629e-05, 2.9877635825e-05, 2.27151358558e-05, 1.18543648568e-05, 9.80029744824e-06, 8.52794437378e-06], "median": [0.0186979062855, 0.00396130606532, 0.000610833521932, 0.00011990837811, 9.01435996639e-05, 6.12127769273e-05, 5.69844778511e-05, 5.83257169637e-05, 9.74739523372e-05, 5.05710231664e-05, 3.76459065592e-05, 1.5171837731e-05, 1.15542397907e-05, 1.14244157885e-05, 1.036536014e-05, 2.2901954253e-06, 2.99374346469e-06, 2.49135268859e-06, 3.50092386725e-06, 2.19580124394e-06, 2.43769818553e-06, 3.09930442199e-06, 3.91484718421e-06, 3.77843707611e-06, 4.18306535721e-06, 5.44779413758e-06, 5.16678665008e-06, 3.4876720747e-06, 2.77288381767e-06, 5.03098726767e-06, 4.90076490678e-06, 6.18626108917e-06, 5.80314735998e-06, 5.14573912369e-06, 5.23054950463e-06, 6.57207374388e-06, 5.68737959838e-06, 3.6235276184e-06, 2.7018199944e-06, 2.42521673499e-06], "min": [7.02363726913e-24, 2.85466910152e-24, 4.15357749135e-24, 9.0809936097e-24, 5.4162251008e-24, 5.01447520228e-24, 1.19362180693e-23, 9.75424537154e-24, 2.01466930205e-24, 1.27423708056e-23, 1.07081415002e-23, 6.74497057664e-24, 7.4390719322e-24, 3.16930903458e-24, 7.0465623559e-24, 3.98313502087e-24, 1.41163456214e-23, 9.27131419169e-24, 4.08401258128e-24, 9.15498166286e-24, 1.51031632822e-23, 5.57009478695e-24, 6.98998840722e-24, 1.09042010452e-23, 7.26713023158e-24, 1.01078435948e-23, 5.20317980271e-24, 5.27497442812e-24, 5.6389122513e-24, 5.62718228407e-24, 8.66109951593e-24, 8.78313945341e-24, 1.08504993391e-23, 1.23483521383e-23, 7.49945055703e-24, 1.07442421418e-23, 8.66361361563e-24, 1.27201485939e-23, 1.02152903944e-23, 8.61475551547e-24], "var": [0.0005005178391, 0.000200539652724, 1.29143627419e-05, 9.12535426778e-07, 2.58356408267e-07, 6.51404121754e-08, 1.84014453453e-07, 2.0099081155e-07, 3.00774189554e-07, 1.54198318114e-07, 5.61054704917e-08, 1.5179120183e-08, 1.71586993503e-08, 6.53254073057e-09, 3.31398624098e-08, 6.75562383812e-10, 6.95104362958e-10, 1.79629491837e-10, 4.44183412274e-10, 3.97413463249e-10, 3.65585728357e-10, 2.36735325787e-10, 3.29845789571e-10, 3.96102872724e-10, 8.59961046817e-10, 5.90590076843e-10, 6.84617085245e-10, 4.90218365901e-10, 4.41204961454e-10, 4.67296534801e-10, 4.33797248123e-10, 8.9119450708e-10, 7.71995301019e-10, 1.27285937346e-09, 2.36883046512e-09, 3.73193609349e-09, 1.99629002218e-09, 4.45580711217e-10, 1.86712340033e-10, 1.473715594e-10]}, "mfcc": {"mean": [-643.30645752, 72.2300415039, 54.0652542114, 29.4704036713, 5.95768260956, 10.6065397263, 11.0708084106, 20.5826683044, 9.99389076233, 11.4807024002, 8.57833862305, 7.22788333893, 4.05326986313], "cov": [[13560.5253906, 1222.17785645, 1094.77478027, 319.113616943, 41.0629844666, 76.7415542603, 267.147247314, 29.622303009, 48.7969245911, -11.2405481339, 27.8902549744, -47.1266288757, -52.1324081421], [1222.17785645, 2431.34472656, 241.546646118, 324.667724609, 231.497436523, 70.7893981934, 264.345031738, 212.613937378, 328.677978516, 162.920227051, 287.8644104, 150.21522522, 156.762329102], [1094.77478027, 241.546646118, 774.772399902, 115.549057007, 98.1815795898, 76.7828674316, 65.2403945923, 111.069984436, 89.1824493408, 90.6985931396, 43.9673500061, 51.7124404907, 37.8091888428], [319.113616943, 324.667724609, 115.549057007, 417.11819458, 207.963973999, 47.0856170654, 70.5811309814, 92.2986526489, 74.4996261597, 32.149810791, 70.0730285645, 13.1496906281, 21.9499225616], [41.0629844666, 231.497436523, 98.1815795898, 207.963973999, 262.648529053, 78.4354019165, 41.2708778381, 71.5953063965, 55.433719635, 26.6809215546, 40.1340904236, 17.3476657867, 14.3860092163], [76.7415542603, 70.7893981934, 76.7828674316, 47.0856170654, 78.4354019165, 140.486984253, 51.0785446167, 54.3181037903, 51.2448577881, 42.5842018127, 29.36460495, 29.0537185669, 16.9087123871], [267.147247314, 264.345031738, 65.2403945923, 70.5811309814, 41.2708778381, 51.0785446167, 164.032287598, 73.6086120605, 69.599571228, 28.8813152313, 48.1247596741, 21.6404628754, 29.9430217743], [29.622303009, 212.613937378, 111.069984436, 92.2986526489, 71.5953063965, 54.3181037903, 73.6086120605, 188.613479614, 98.5271835327, 73.1062927246, 70.1699523926, 48.2715682983, 35.5918998718], [48.7969245911, 328.677978516, 89.1824493408, 74.4996261597, 55.433719635, 51.2448577881, 69.599571228, 98.5271835327, 162.968612671, 93.2253417969, 75.5636444092, 43.3911857605, 33.3083877563], [-11.2405481339, 162.920227051, 90.6985931396, 32.149810791, 26.6809215546, 42.5842018127, 28.8813152313, 73.1062927246, 93.2253417969, 134.609848022, 87.4872360229, 56.1973228455, 39.9022598267], [27.8902549744, 287.8644104, 43.9673500061, 70.0730285645, 40.1340904236, 29.36460495, 48.1247596741, 70.1699523926, 75.5636444092, 87.4872360229, 128.123397827, 76.7368164062, 52.6528358459], [-47.1266288757, 150.21522522, 51.7124404907, 13.1496906281, 17.3476657867, 29.0537185669, 21.6404628754, 48.2715682983, 43.3911857605, 56.1973228455, 76.7368164062, 108.15940094, 71.3947372437], [-52.1324081421, 156.762329102, 37.8091888428, 21.9499225616, 14.3860092163, 16.9087123871, 29.9430217743, 35.5918998718, 33.3083877563, 39.9022598267, 52.6528358459, 71.3947372437, 90.9136657715]], "icov": [[9.43249178817e-05, -5.96781319473e-05, -0.000140643111081, -7.62012641644e-05, 0.00012264023826, -5.12934602739e-05, -0.000109818822239, 6.98968433426e-05, 0.000127979306853, 1.68644382939e-05, 2.64263799181e-05, -2.53541179518e-06, 0.000165215067682], [-5.96781319473e-05, 0.000820531975478, -2.25664061873e-05, 6.78087089909e-05, -0.000450057326816, 0.00047138411901, -0.000423391029472, 0.000241615081904, -0.00137216597795, 0.000907460111193, -0.00156973698176, 0.000468037847895, -0.000781644368544], [-0.000140643111081, -2.25664061873e-05, 0.00178809126373, -0.000176098692464, -0.0003140118788, -0.000149962637806, -8.13101505628e-05, -0.000538023305126, 2.40712615778e-05, -0.00130417698529, 0.00140501151327, -0.000825802737381, -2.94836809189e-05], [-7.62012641644e-05, 6.78087089909e-05, -0.000176098692464, 0.00471044657752, -0.00341931334697, 0.000863346329425, -0.000343203893863, -0.00062426092336, -0.000611030845903, 0.00130741402972, -0.00277056870982, 0.00222689169459, -0.000980899436399], [0.00012264023826, -0.000450057326816, -0.0003140118788, -0.00341931334697, 0.00783172249794, -0.00344806700014, 0.00104794581421, -0.000724316167179, 0.000347526365658, 0.000584626977798, 0.000588914437685, -0.000226038770052, 0.000595449702814], [-5.12934602739e-05, 0.00047138411901, -0.000149962637806, 0.000863346329425, -0.00344806700014, 0.0109342141077, -0.00286618620157, -0.000263221620116, -0.00116703263484, -0.00216609379277, 0.00167072890326, -0.00274650519714, 0.00113825511653], [-0.000109818822239, -0.000423391029472, -8.13101505628e-05, -0.000343203893863, 0.00104794581421, -0.00286618620157, 0.00995091348886, -0.00211625406519, -0.00213177595288, 0.00304639595561, -0.0026217433624, 0.00317684048787, -0.00283033889718], [6.98968433426e-05, 0.000241615081904, -0.000538023305126, -0.00062426092336, -0.000724316167179, -0.000263221620116, -0.00211625406519, 0.00946859642863, -0.00312352948822, -0.000995801296085, -0.000923460233025, -0.00140896276571, 0.000374362716684], [0.000127979306853, -0.00137216597795, 2.40712615778e-05, -0.000611030845903, 0.000347526365658, -0.00116703263484, -0.00213177595288, -0.00312352948822, 0.0157614797354, -0.00825180020183, 0.00195572245866, -0.000478726724396, 0.00175436411519], [1.68644382939e-05, 0.000907460111193, -0.00130417698529, 0.00130741402972, 0.000584626977798, -0.00216609379277, 0.00304639595561, -0.000995801296085, -0.00825180020183, 0.0208513196558, -0.0124208517373, 0.00248605152592, -0.0025186878629], [2.64263799181e-05, -0.00156973698176, 0.00140501151327, -0.00277056870982, 0.000588914437685, 0.00167072890326, -0.0026217433624, -0.000923460233025, 0.00195572245866, -0.0124208517373, 0.0275050718337, -0.0137038100511, 0.00319458311424], [-2.53541179518e-06, 0.000468037847895, -0.000825802737381, 0.00222689169459, -0.000226038770052, -0.00274650519714, 0.00317684048787, -0.00140896276571, -0.000478726724396, 0.00248605152592, -0.0137038100511, 0.0292796194553, -0.0169233586639], [0.000165215067682, -0.000781644368544, -2.94836809189e-05, -0.000980899436399, 0.000595449702814, 0.00113825511653, -0.00283033889718, 0.000374362716684, 0.00175436411519, -0.0025186878629, 0.00319458311424, -0.0169233586639, 0.0250732842833]]}, "spectral_contrast_coeffs": {"dmean": [0.0589267015457, 0.0472622253001, 0.0382664017379, 0.0284587461501, 0.0212704315782, 0.0163072273135], "dmean2": [0.0920041799545, 0.0783015489578, 0.0615030489862, 0.0453853532672, 0.034961912781, 0.0269397031516], "dvar": [0.00248276302591, 0.00160873366985, 0.00114115548786, 0.000574895064346, 0.000285551621346, 0.000189114391105], "dvar2": [0.00591702898964, 0.00415267981589, 0.00275139883161, 0.00141462718602, 0.000734496570658, 0.000467079604277], "max": [-0.416750192642, -0.429294735193, -0.463836103678, -0.518065452576, -0.652340650558, -0.659331381321], "mean": [-0.674699902534, -0.753580152988, -0.769825816154, -0.797407627106, -0.79933577776, -0.783304333687], "median": [-0.67619407177, -0.758870720863, -0.773919224739, -0.800506711006, -0.798225939274, -0.784692883492], "min": [-0.969203054905, -0.975837647915, -0.982281506062, -0.980655193329, -0.972246944904, -0.964579761028], "var": [0.0074756895192, 0.00636208895594, 0.00558173749596, 0.00296831829473, 0.00148338696454, 0.00120240449905]}, "spectral_contrast_valleys": {"dmean": [0.422741502523, 0.417034119368, 0.382828444242, 0.337172299623, 0.302028238773, 0.392671048641], "dmean2": [0.675294995308, 0.662105858326, 0.605768799782, 0.515141367912, 0.437840819359, 0.497578650713], "dvar": [0.147535607219, 0.191731035709, 0.172788500786, 0.1403426826, 0.143232241273, 0.28234142065], "dvar2": [0.330946594477, 0.391837984324, 0.338510811329, 0.264832168818, 0.232903540134, 0.403348922729], "max": [-4.77243757248, -4.71097660065, -5.40183448792, -5.96236848831, -5.12599849701, -6.92288255692], "mean": [-7.07991266251, -7.16329240799, -7.96749162674, -8.56293678284, -7.73720026016, -9.05728626251], "median": [