{"lowlevel": {"average_loudness": 0.979623317719, "barkbands_crest": {"dmean": 2.39839172363, "dmean2": 3.93167662621, "dvar": 5.27795982361, "dvar2": 13.6783876419, "max": 25.1046333313, "mean": 8.91003131866, "median": 8.14216709137, "min": 2.79229664803, "var": 12.396235466}, "barkbands_flatness_db": {"dmean": 0.0207341592759, "dmean2": 0.0325941927731, "dvar": 0.000421283883043, "dvar2": 0.00103203754406, "max": 0.669407606125, "mean": 0.127764523029, "median": 0.114888496697, "min": 0.0338862873614, "var": 0.00537510309368}, "barkbands_kurtosis": {"dmean": 2.46013426781, "dmean2": 3.93607401848, "dvar": 27.1200485229, "dvar2": 56.1653633118, "max": 342.426361084, "mean": 3.35043954849, "median": 0.47934794426, "min": -1.96305131912, "var": 195.817947388}, "barkbands_skewness": {"dmean": 0.57336050272, "dmean2": 0.890039741993, "dvar": 0.415885299444, "dvar2": 0.992137908936, "max": 13.2358551025, "mean": 1.32540678978, "median": 1.16801798344, "min": -5.10713291168, "var": 1.33763873577}, "barkbands_spread": {"dmean": 7.22127342224, "dmean2": 11.165230751, "dvar": 92.0822067261, "dvar2": 186.884521484, "max": 114.588302612, "mean": 29.091047287, "median": 26.8580741882, "min": 0.267783284187, "var": 280.155334473}, "dissonance": {"dmean": 0.0160164013505, "dmean2": 0.026673225686, "dvar": 0.000243281014264, "dvar2": 0.00065012963023, "max": 0.500000119209, "mean": 0.464834690094, "median": 0.470892578363, "min": 0.288832694292, "var": 0.000612979696598}, "dynamic_complexity": 1.56422257423, "erbbands_crest": {"dmean": 2.45727491379, "dmean2": 3.94448900223, "dvar": 5.26131629944, "dvar2": 13.5886993408, "max": 28.941116333, "mean": 9.306391716, "median": 8.26575565338, "min": 2.07217311859, "var": 19.9195861816}, "erbbands_flatness_db": {"dmean": 0.0174681972712, "dmean2": 0.0254388675094, "dvar": 0.000294770579785, "dvar2": 0.000605823181104, "max": 0.456399708986, "mean": 0.144314497709, "median": 0.138952225447, "min": 0.0269252266735, "var": 0.00248392205685}, "erbbands_kurtosis": {"dmean": 0.953510940075, "dmean2": 1.41613125801, "dvar": 4.72782707214, "dvar2": 7.9973487854, "max": 268.760040283, "mean": 2.34023141861, "median": -0.200051307678, "min": -1.8524119854, "var": 343.093414307}, "erbbands_skewness": {"dmean": 0.317048639059, "dmean2": 0.473587989807, "dvar": 0.105720475316, "dvar2": 0.215020552278, "max": 12.3517665863, "mean": -0.0479127503932, "median": -0.195628389716, "min": -5.16802549362, "var": 1.81266641617}, "erbbands_spread": {"dmean": 9.80690288544, "dmean2": 15.4752149582, "dvar": 133.356292725, "dvar2": 325.433685303, "max": 180.103042603, "mean": 42.7433319092, "median": 38.8723869324, "min": 0.823496341705, "var": 434.129364014}, "hfc": {"dmean": 10.7429695129, "dmean2": 16.2697925568, "dvar": 317.43145752, "dvar2": 621.518127441, "max": 242.606842041, "mean": 33.0238800049, "median": 26.5118026733, "min": 1.20902743269e-16, "var": 839.406433105}, "melbands_crest": {"dmean": 3.21414995193, "dmean2": 5.3581328392, "dvar": 9.80747890472, "dvar2": 25.8471221924, "max": 32.127910614, "mean": 13.8948945999, "median": 13.0670118332, "min": 1.88111400604, "var": 24.8774204254}, "melbands_flatness_db": {"dmean": 0.0270173307508, "dmean2": 0.0418942980468, "dvar": 0.00076061458094, "dvar2": 0.00177872809581, "max": 0.831958651543, "mean": 0.197994813323, "median": 0.183802604675, "min": 0.00659191422164, "var": 0.00861400831491}, "melbands_kurtosis": {"dmean": 7.73094367981, "dmean2": 12.6513662338, "dvar": 239.660873413, "dvar2": 588.512695312, "max": 614.243347168, "mean": 12.7514591217, "median": 6.45959568024, "min": -1.86997294426, "var": 495.749694824}, "melbands_skewness": {"dmean": 0.836295366287, "dmean2": 1.33225250244, "dvar": 1.0512162447, "dvar2": 2.70098733902, "max": 17.2432022095, "mean": 2.70574808121, "median": 2.42094182968, "min": -1.34281933308, "var": 2.68915319443}, "melbands_spread": {"dmean": 9.9080915451, "dmean2": 15.2376527786, "dvar": 224.532699585, "dvar2": 437.612915039, "max": 268.053100586, "mean": 30.0422973633, "median": 25.5152511597, "min": 0.227375388145, "var": 631.612060547}, "pitch_salience": {"dmean": 0.0705966353416, "dmean2": 0.117707930505, "dvar": 0.00491713592783, "dvar2": 0.0131351109594, "max": 0.925644695759, "mean": 0.514231324196, "median": 0.514214336872, "min": 0.108245588839, "var": 0.0139936739579}, "silence_rate_20dB": {"dmean": 0, "dmean2": 0, "dvar": 0, "dvar2": 0, "max": 1, "mean": 1, "median": 1, "min": 1, "var": 0}, "silence_rate_30dB": {"dmean": 0.000271886907285, "dmean2": 0.0005438477383, "dvar": 0.000271831959253, "dvar2": 0.000815551844425, "max": 1, "mean": 0.99986410141, "median": 1, "min": 0, "var": 0.000135898735607}, "silence_rate_60dB": {"dmean": 0.00244698207825, "dmean2": 0.00489462958649, "dvar": 0.00244077597745, "dvar2": 0.00514247920364, "max": 1, "mean": 0.0152235962451, "median": 0, "min": 0, "var": 0.0149927772582}, "spectral_centroid": {"dmean": 304.363372803, "dmean2": 459.546905518, "dvar": 128540.1875, "dvar2": 241725.28125, "max": 11248.2128906, "mean": 1541.89599609, "median": 1517.91503906, "min": 96.6512908936, "var": 449703}, "spectral_complexity": {"dmean": 4.2732462883, "dmean2": 6.74751853943, "dvar": 26.2773742676, "dvar2": 60.4912719727, "max": 55, "mean": 20.5651760101, "median": 20, "min": 0, "var": 68.427947998}, "spectral_decrease": {"dmean": 3.18034154567e-09, "dmean2": 5.40498090729e-09, "dvar": 2.45738121546e-17, "dvar2": 6.96919849283e-17, "max": 1.32424776305e-28, "mean": -8.48320702573e-09, "median": -7.52288542571e-09, "min": -4.03078921352e-08, "var": 2.63675897088e-17}, "spectral_energy": {"dmean": 0.0124633023515, "dmean2": 0.0211639516056, "dvar": 0.000362839782611, "dvar2": 0.00102834647987, "max": 0.15488409996, "mean": 0.0350130312145, "median": 0.0314169935882, "min": 1.0672953924e-20, "var": 0.000391368608689}, "spectral_energyband_high": {"dmean": 0.000975042989012, "dmean2": 0.00147713941988, "dvar": 3.99257305617e-06, "dvar2": 7.55645078243e-06, "max": 0.0267939623445, "mean": 0.00175521406345, "median": 0.000632089038845, "min": 7.88911796216e-21, "var": 1.04736991489e-05}, "spectral_energyband_low": {"dmean": 0.00804294086993, "dmean2": 0.0141041986644, "dvar": 0.000311327399686, "dvar2": 0.000911385985091, "max": 0.14015366137, "mean": 0.0135542564094, "median": 0.0102983098477, "min": 2.33209371689e-23, "var": 0.000272238045}, "spectral_energyband_middle_high": {"dmean": 0.00202841009013, "dmean2": 0.00298101478256, "dvar": 5.28871441929e-06, "dvar2": 1.1119811461e-05, "max": 0.0433360822499, "mean": 0.00749536044896, "median": 0.00688047381118, "min": 1.42002556199e-21, "var": 2.648597183e-05}, "spectral_energyband_middle_low": {"dmean": 0.00636050570756, "dmean2": 0.0104872221127, "dvar": 0.000106665393105, "dvar2": 0.000284779496724, "max": 0.09994212538, "mean": 0.0150079047307, "median": 0.0123969558626, "min": 1.9592611399e-22, "var": 0.000130714688567}, "spectral_entropy": {"dmean": 0.185291826725, "dmean2": 0.266782730818, "dvar": 0.0383397825062, "dvar2": 0.0720033496618, "max": 9.79886817932, "mean": 7.50285673141, "median": 7.53450727463, "min": 3.25001883507, "var": 0.4312466681}, "spectral_flux": {"dmean": 0.0332087874413, "dmean2": 0.051664210856, "dvar": 0.00157483038493, "dvar2": 0.00327244028449, "max": 0.367842137814, "mean": 0.0952752903104, "median": 0.0852032899857, "min": 1.06124456445e-10, "var": 0.00291351531632}, "spectral_kurtosis": {"dmean": 1.3790217638, "dmean2": 2.23998069763, "dvar": 3.68875074387, "dvar2": 10.2510995865, "max": 94.9250183105, "mean": 5.10426855087, "median": 3.93816137314, "min": -1.41311872005, "var": 69.8429946899}, "spectral_rms": {"dmean": 0.00093980220845, "dmean2": 0.00154787814245, "dvar": 1.49949369188e-06, "dvar2": 4.08287951359e-06, "max": 0.0122925359756, "mean": 0.00562903564423, "median": 0.00553630944341, "min": 3.22686192003e-12, "var": 2.47303773904e-06}, "spectral_rolloff": {"dmean": 750.875976562, "dmean2": 1248.77624512, "dvar": 1949513, "dvar2": 3846845.25, "max": 18863.0859375, "mean": 2021.38781738, "median": 1571.92382812, "min": 86.1328125, "var": 4633850}, "spectral_skewness": {"dmean": 0.216805204749, "dmean2": 0.339758336544, "dvar": 0.0541499145329, "dvar2": 0.126709416509, "max": 8.47367286682, "mean": 1.58045089245, "median": 1.50105690956, "min": -0.383730143309, "var": 0.665368914604}, "spectral_spread": {"dmean": 755072.125, "dmean2": 1050135.75, "dvar": 1314758459390.0, "dvar2": 2057945088000.0, "max": 40622988, "mean": 5316462, "median": 4812983, "min": 978024.3125, "var": 5299792510980.0}, "spectral_strongpeak": {"dmean": 0.583422720432, "dmean2": 1.01856279373, "dvar": 1.18754351139, "dvar2": 2.94689631462, "max": 12.4386854172, "mean": 0.943086743355, "median": 0.516821265221, "min": 0, "var": 1.49421072006}, "zerocrossingrate": {"dmean": 0.0148098701611, "dmean2": 0.0162909347564, "dvar": 0.000480151618831, "dvar2": 0.000469331338536, "max": 0.505859375, "mean": 0.074743270874, "median": 0.0625, "min": 0.00390625, "var": 0.00294954585843}, "barkbands": {"dmean": [6.83325633872e-05, 0.00430299388245, 0.00359093002044, 0.00255612307228, 0.00355751975439, 0.0010899748886, 0.000791526632383, 0.000549359654542, 0.000370764784748, 0.000428814644692, 0.000260799046373, 0.000503683986608, 0.000409242871683, 0.000545894668903, 0.000611972471233, 0.000240793262492, 0.000424517900683, 0.000227494572755, 0.000278148741927, 0.000311401759973, 0.000212556056795, 0.000145326528582, 8.73556564329e-05, 0.000318077538395, 0.000207232718822, 5.99923951086e-05, 1.26906097648e-05], "dmean2": [0.000122727273265, 0.00745430123061, 0.00642257276922, 0.00428907806054, 0.00598543370143, 0.00182030862197, 0.00126980396453, 0.00083951279521, 0.000553091755137, 0.00065446953522, 0.000391090026824, 0.000751168350689, 0.000610001618043, 0.000830557022709, 0.000942274637055, 0.000386606465327, 0.000668357592076, 0.000360138248652, 0.000433799024904, 0.00047151115723, 0.000356263655704, 0.000239157670876, 0.000139800860779, 0.000460665411083, 0.000308830232825, 8.62363667693e-05, 1.84874461411e-05], "dvar": [2.98226296991e-08, 9.12392497412e-05, 8.35750761325e-05, 1.96376295207e-05, 4.25754333264e-05, 5.00023543282e-06, 2.95141694551e-06, 1.57016881985e-06, 6.96367521869e-07, 9.52371976837e-07, 4.23109298708e-07, 1.10189546376e-06, 7.57045711453e-07, 8.89331602139e-07, 8.40463712848e-07, 2.85042574433e-07, 4.19816785779e-07, 1.57160769731e-07, 2.00845519771e-07, 3.01181586337e-07, 1.93267766235e-07, 1.08342398164e-07, 6.95581050536e-08, 1.14422994102e-06, 3.94609571686e-07, 2.42190161259e-08, 5.19274678812e-10], "dvar2": [8.76976500308e-08, 0.000260060303845, 0.000240022156504, 5.05849056935e-05, 0.000116907358461, 1.29239851958e-05, 6.70397685099e-06, 3.25566111314e-06, 1.44392254242e-06, 1.99512601284e-06, 8.74851423305e-07, 2.58530917563e-06, 1.66405447999e-06, 2.08258029488e-06, 2.04249408853e-06, 7.26035352727e-07, 1.11957319859e-06, 3.68439629028e-07, 4.57265286968e-07, 6.08070990893e-07, 4.797483939e-07, 2.74483028306e-07, 1.57881714813e-07, 2.07715129363e-06, 7.56117799483e-07, 4.78721737807e-08, 1.09415410066e-09], "max": [0.00307320919819, 0.0940606817603, 0.0745628476143, 0.068003281951, 0.0659962818027, 0.0421712845564, 0.0373269058764, 0.0257464237511, 0.0149032529444, 0.0208002328873, 0.0178267471492, 0.027627101168, 0.0174421817064, 0.0181041713804, 0.0202258601785, 0.0129840774462, 0.0101723661646, 0.00819913111627, 0.0086395861581, 0.00950971059501, 0.00588029995561, 0.00710182031617, 0.00972521211952, 0.0201066918671, 0.0116042373702, 0.00331236491911, 0.000369953952031], "mean": [6.73662798363e-05, 0.00615544104949, 0.00484209228307, 0.0041588419117, 0.00542082171887, 0.00176295859274, 0.00139155471697, 0.000950103858486, 0.000766955665313, 0.000926133652683, 0.000465995632112, 0.000947849650402, 0.000763954827562, 0.00101110641845, 0.00110600900371, 0.000399867189117, 0.000844256312121, 0.000404452031944, 0.000508105091285, 0.000556828046683, 0.000290232914267, 0.000204057447263, 0.000147152823047, 0.00050307973288, 0.000304474117002, 9.43033446674e-05, 1.89619440789e-05], "median": [1.34312749651e-05, 0.00344875222072, 0.00294976984151, 0.00277439318597, 0.00307844020426, 0.000808201846667, 0.000447763246484, 0.000283358676825, 0.000208201512578, 0.000277476094197, 0.000144101140904, 0.000460718467366, 0.000294190918794, 0.000519305525813, 0.000617245910689, 0.00017183968157, 0.000561270746402, 0.000231918616919, 0.000282533699647, 0.000183052368811, 0.000110971785034, 7.7106160461e-05, 5.15723695571e-05, 7.36969595891e-05, 5.35671024409e-05, 2.7056734325e-05, 6.03850003245e-06], "min": [2.9540671533e-24, 1.18692074908e-23, 8.54631078789e-24, 5.40032166495e-24, 3.86940312979e-23, 8.59001289317e-24, 2.59983626356e-23, 4.3598666691e-23, 3.18370787603e-23, 2.08958683057e-23, 4.57448101153e-23, 5.25642065629e-23, 6.59808562272e-23, 1.08855029907e-22, 1.0395388759e-22, 1.2033389009e-22, 1.81488116646e-22, 1.85811326842e-22, 2.74238166209e-22, 2.80250472753e-22, 2.95594183391e-22, 5.77687662411e-22, 4.90345386882e-22, 5.31538113009e-22, 1.21275916228e-21, 1.63230603735e-21, 2.81004684363e-21], "var": [2.30913173027e-08, 9.30565729504e-05, 5.84954213991e-05, 2.54664482782e-05, 4.76861350762e-05, 7.84726944403e-06, 6.2265876295e-06, 3.7587094539e-06, 2.04640696211e-06, 3.44831460097e-06, 1.24134271573e-06, 2.28265230362e-06, 1.83141537491e-06, 1.92758034245e-06, 1.90251034837e-06, 5.40377982361e-07, 9.12259281449e-07, 2.93751185154e-07, 4.33951953482e-07, 7.98495477738e-07, 2.64532644678e-07, 1.39636512131e-07, 1.21740114878e-07, 2.89208992399e-06, 8.36435958718e-07, 5.1884267549e-08, 1.1067083916e-09]}, "erbbands": {"dmean": [0.0787408873439, 1.15822434425, 3.78868317604, 6.3263220787, 12.5193834305, 11.0973949432, 8.58221626282, 8.9662027359, 11.1976528168, 11.6443157196, 11.730969429, 7.9171257019, 13.5456399918, 10.4488859177, 10.6699857712, 22.277173996, 18.1807765961, 30.5222187042, 22.8795146942, 30.240694046, 14.7870159149, 16.8172340393, 13.4402370453, 11.7590255737, 15.8599948883, 13.6755390167, 9.52351570129, 7.75495386124, 5.54737377167, 3.15041327477, 2.48653817177, 5.04494476318, 6.19184589386, 2.79795241356, 1.32362735271, 0.394201129675, 0.0897781699896, 0.017509913072, 0.0021809337195, 0.000104556049337], "dmean2": [0.131300032139, 2.03198051453, 6.77740001678, 10.6851272583, 21.5987110138, 18.5679092407, 14.2667970657, 15.19880867, 17.7579269409, 18.5836772919, 17.5416183472, 11.5698137283, 20.2889442444, 16.2012577057, 15.7660446167, 33.1728744507, 26.6197242737, 45.8770446777, 33.8632469177, 47.9299850464, 23.3984241486, 26.2855701447, 21.0258903503, 18.3169574738, 23.8573036194, 20.5565834045, 15.8136825562, 12.8914995193, 9.15265846252, 5.21675348282, 3.8909444809, 7.42453050613, 9.027551651, 4.10371160507, 2.01706290245, 0.577369630337, 0.129140779376, 0.0250879116356, 0.00310731120408, 0.000159761679242], "dvar": [0.0258574746549, 7.02359199524, 103.778587341, 107.319076538, 645.747680664, 421.568878174, 326.989562988, 365.852752686, 705.743896484, 641.91003418, 819.673278809, 330.536132812, 964.846862793, 735.710876465, 534.92565918, 2000.62390137, 1476.57751465, 2958.328125, 1587.6817627, 2946.73754883, 947.36706543, 611.826538086, 434.906463623, 314.590576172, 800.218505859, 625.230773926, 370.627807617, 293.171081543, 153.212432861, 82.9991760254, 52.2489509583, 289.374206543, 456.618591309, 77.2252960205, 16.7556304932, 1.25292503834, 0.0491584949195, 0.00126617855858, 1.68066053448e-05, 3.24336539848e-08], "dvar2": [0.0655424967408, 20.5556945801, 297.635772705, 286.192108154, 1809.60327148, 1112.89929199, 804.488220215, 975.022338867, 1601.55212402, 1462.17919922, 1665.60705566, 640.075622559, 2010.6348877, 1597.24804688, 1127.17333984, 4680.81542969, 3296.75219727, 6780.40673828, 3400.62182617, 7910.66650391, 2549.14599609, 1615.35839844, 1093.88842773, 686.18359375, 1710.27001953, 1278.92102051, 898.414978027, 741.815795898, 387.436889648, 214.348297119, 111.979751587, 565.246643066, 874.390869141, 143.520446777, 34.4734268188, 2.45579266548, 0.0985099971294, 0.00262375944294, 3.45709049725e-05, 7.70108314896e-08], "max": [1.66676640511, 24.9570598602, 78.5904693604, 121.632087708, 277.801818848, 257.446594238, 404.647186279, 236.352722168, 652.904418945, 612.493103027, 649.143615723, 444.35144043, 768.373535156, 735.218200684, 770.390136719, 999.130371094, 788.087341309, 1065.37719727, 1098.29699707, 1015.72637939, 826.327392578, 394.342254639, 317.370117188, 454.998748779, 483.4972229, 409.852661133, 426.649139404, 291.783905029, 214.363739014, 315.409515381, 215.333572388, 361.419769287, 417.411560059, 182.190658569, 86.0374908447, 20.6577243805, 5.96340274811, 0.629392325878, 0.0732266753912, 0.00242113089189], "mean": [0.116235479712, 1.60867321491, 5.12370061874, 11.529135704, 17.0499019623, 16.737651825, 13.9064970016, 13.6362199783, 18.8877696991, 22.7062149048, 21.5066547394, 17.818649292, 33.0445976257, 19.3438014984, 22.1746368408, 44.1398200989, 37.6727180481, 60.6925582886, 43.4154701233, 53.2687034607, 29.5866966248, 35.5963783264, 26.3488025665, 23.6235771179, 30.1081733704, 25.0743083954, 13.7932167053, 10.549829483, 7.76563453674, 4.87145137787, 4.27329444885, 8.05866146088, 9.15710735321, 4.1154718399, 1.8785071373, 0.598931133747, 0.142352715135, 0.0281270705163, 0.00332809565589, 0.000177444977453], "median": [0.0588839203119, 0.937133550644, 2.92197346687, 8.99854469299, 9.2755241394, 8.63825798035, 6.51830387115, 6.08362531662, 6.71068382263, 7.37621355057, 7.11953020096, 6.4695725441, 11.2808961868, 5.75189828873, 11.0740585327, 22.4592704773, 16.2325820923, 32.0596923828, 22.0358390808, 25.614572525, 19.535118103, 25.8342514038, 17.4540729523, 14.779955864, 14.6077241898, 8.82843399048, 5.83706188202, 4.05636310577, 2.88053512573, 1.76450204849, 1.39878189564, 1.58530175686, 1.06568944454, 0.613700866699, 0.356670349836, 0.14692209661, 0.0444421842694, 0.00972088146955, 0.00105515657924, 8.402113599e-05], "min": [3.88746034523e-22, 2.37147713689e-21, 5.61818729445e-21, 1.97862232602e-20, 5.33789924415e-20, 1.57425886404e-19, 5.68391341802e-20, 5.8616215404e-20, 2.23336464793e-19, 9.29644095415e-19, 5.67497443903e-19, 8.5906956254e-19, 7.58104207165e-19, 1.17592740343e-18, 1.84700641989e-18, 2.45926545017e-18, 3.30889512416e-18, 5.19213784515e-18, 6.96716941879e-18, 4.33077192583e-18, 8.57471387558e-18, 8.44367605885e-18, 6.49261135187e-18, 1.02643212666e-17, 1.41200756267e-17, 1.37658529001e-17, 1.41236192684e-17, 1.40252195171e-17, 1.9065939056e-17, 2.11916674988e-17, 1.15896515507e-17, 1.25644524697e-17, 1.02289791477e-17, 1.16077601887e-17, 9.11383214854e-18, 6.59340537746e-18, 2.92150080071e-18, 1.32137977292e-18, 3.70415174765e-19, 4.00736404234e-20], "var": [0.0349995568395, 6.39881086349, 72.009262085, 142.639190674, 579.822143555, 612.355895996, 737.65802002, 490.029876709, 1292.77734375, 2128.81982422, 2000.30529785, 989.646972656, 4136.68408203, 1801.94384766, 1442.41577148, 4335.8671875, 3837.32128906, 6982.39990234, 4024.09033203, 6177.47265625, 1338.04052734, 1349.76599121, 869.913208008, 768.920776367, 2004.4354248, 1592.89147949, 575.030944824, 362.941253662, 199.37512207, 123.537872314, 96.9292755127, 675.362731934, 1046.8548584, 165.131225586, 32.5193061829, 2.66758012772, 0.103387244046, 0.00272632832639, 3.61627862731e-05, 5.61570914215e-08]}, "gfcc": {"mean": [30.9874649048, 74.2155914307, -105.666175842, 32.6217155457, -40.4698143005, 12.9476900101, -42.0282058716, 4.10185718536, -29.1003112793, 0.676315248013, -17.2906303406, -5.57283735275, -14.2751913071], "cov": [[9921.54394531, -1055.66503906, -1347.03112793, -106.193450928, -704.397155762, -61.6730079651, -616.562744141, -153.604278564, -387.381256104, 248.062469482, -69.9771575928, 29.8464584351, -103.310302734], [-1055.66503906, 1450.81091309, -194.902511597, 184.735824585, 410.415985107, -28.6433830261, 341.141387939, 81.0239944458, 190.305175781, -90.7818984985, 87.6275405884, -46.533744812, -16.2895641327], [-1347.03112793, -194.902511597, 1048.16369629, 165.955505371, 156.370544434, 190.492645264, 120.060562134, 88.3104629517, 75.8141860962, -1.79959523678, -20.100566864, 48.2331466675, 39.5022506714], [-106.193450928, 184.735824585, 165.955505371, 417.244873047, 99.8954925537, 57.2552566528, 75.917930603, 34.4991912842, 81.9467086792, 17.191160202, 44.1699905396, -1.96472191811, 16.1552410126], [-704.397155762, 410.415985107, 156.370544434, 99.8954925537, 448.214630127, 94.9278411865, 149.515808105, 96.2937240601, 113.721359253, -11.0152626038, 25.1680984497, -4.4604101181, -25.424074173], [-61.6730079651, -28.6433830261, 190.492645264, 57.2552566528, 94.9278411865, 265.113128662, 86.8227310181, 72.3663711548, 18.4434070587, -6.59759283066, 5.66305017471, 18.0759353638, 9.25105953217], [-616.562744141, 341.141387939, 120.060562134, 75.917930603, 149.515808105, 86.8227310181, 306.942565918, 118.771217346, 58.8672866821, -28.6207084656, 24.6689033508, -7.98929214478, -3.19121694565], [-153.604278564, 81.0239944458, 88.3104629517, 34.4991912842, 96.2937240601, 72.3663711548, 118.771217346, 160.422515869, 46.8543930054, -6.31603717804, 5.47375106812, -13.5002880096, 1.43817126751], [-387.381256104, 190.305175781, 75.8141860962, 81.9467086792, 113.721359253, 18.4434070587, 58.8672866821, 46.8543930054, 143.541931152, 22.1440906525, 9.32294178009, 3.82005834579, -18.3672294617], [248.062469482, -90.7818984985, -1.79959523678, 17.191160202, -11.0152626038, -6.59759283066, -28.6207084656, -6.31603717804, 22.1440906525, 124.35635376, 40.8219451904, -2.26884508133, -19.7183437347], [-69.9771575928, 87.6275405884, -20.100566864, 44.1699905396, 25.1680984497, 5.66305017471, 24.6689033508, 5.47375106812, 9.32294178009, 40.8219451904, 102.969818115, 9.44387149811, -14.709610939], [29.8464584351, -46.533744812, 48.2331466675, -1.96472191811, -4.4604101181, 18.0759353638, -7.98929214478, -13.5002880096, 3.82005834579, -2.26884508133, 9.44387149811, 85.0687789917, 13.1386137009], [-103.310302734, -16.2895641327, 39.5022506714, 16.1552410126, -25.424074173, 9.25105953217, -3.19121694565, 1.43817126751, -18.3672294617, -19.7183437347, -14.709610939, 13.1386137009, 90.6843109131]], "icov": [[0.000197532572201, -3.87812870031e-05, 0.000262564106379, -0.000230131830904, 0.000151118161739, -0.000207441495149, 0.000309381575789, -0.000354318908649, 0.00058074737899, -0.000543740985449, 0.000484124262584, -0.00036920743878, 0.00035614267108], [-3.87812870031e-05, 0.00204446399584, 0.000632445386145, -0.00016479450278, -0.00126992666628, 0.000700119591784, -0.00189809850417, 0.00132486072835, -0.00212663551793, 0.00198530568741, -0.00173233507667, 0.00106166861951, -0.000872193544637], [0.000262564106379, 0.000632445386145, 0.00182218523696, -0.000718217343092, -0.000387570704333, -0.000674077367876, -0.000355816708179, -0.000202646420803, -6.6671622335e-05, -0.000367962609744, 0.000734398839995, -0.000802148133516, -0.000160443436471], [-0.000230131830904, -0.00016479450278, -0.000718217343092, 0.00340601522475, -0.000134529094794, -0.000148520426592, -0.000419691175921, 0.000790740828961, -0.00210359552875, 0.000562314700801, -0.00185320689343, 0.00111879920587, -0.00140205945354], [0.000151118161739, -0.00126992666628, -0.000387570704333, -0.000134529094794, 0.00424621393904, -0.00114704342559, 0.000685142294969, -0.00151925894897, -0.000356332457159, -0.000766807817854, 0.000700358941685, -0.000547033385374, 0.00144646677654], [-0.000207441495149, 0.000700119591784, -0.000674077367876, -0.000148520426592, -0.00114704342559, 0.00551665760577, -0.0014029199956, -0.000826998613775, -0.000161854317412, 0.00096976471832, -0.000864416535478, -0.000437554554082, -0.000609823036939], [0.000309381575789, -0.00189809850417, -0.000355816708179, -0.000419691175921, 0.000685142294969, -0.0014029199956, 0.0075003169477, -0.00457696896046, 0.00213401461951, -0.000890351890121, 0.000753869360778, -0.00106659904122, 0.00142843357753], [-0.000354318908649, 0.00132486072835, -0.000202646420803, 0.000790740828961, -0.00151925894897, -0.000826998613775, -0.00457696896046, 0.0114878546447, -0.00415944075212, 0.00199068034999, -0.00185140874237, 0.00323851150461, -0.00208220467903], [0.00058074737899, -0.00212663551793, -6.6671622335e-05, -0.00210359552875, -0.000356332457159, -0.000161854317412, 0.00213401461951, -0.00415944075212, 0.0145395286381, -0.00580954505131, 0.00476275430992, -0.00373547337949, 0.00373643939383], [-0.000543740985449, 0.00198530568741, -0.000367962609744, 0.000562314700801, -0.000766807817854, 0.00096976471832, -0.000890351890121, 0.00199068034999, -0.00580954505131, 0.0138356518, -0.00741957174614, 0.00299752992578, -0.000385576568078], [0.000484124262584, -0.00173233507667, 0.000734398839995, -0.00185320689343, 0.000700358941685, -0.000864416535478, 0.000753869360778, -0.00185140874237, 0.00476275430992, -0.00741957174614, 0.015582065098, -0.00419623823836, 0.00307783787139], [-0.00036920743878, 0.00106166861951, -0.000802148133516, 0.00111879920587, -0.000547033385374, -0.000437554554082, -0.00106659904122, 0.00323851150461, -0.00373547337949, 0.00299752992578, -0.00419623823836, 0.0146292420104, -0.00318241212517], [0.00035614267108, -0.000872193544637, -0.000160443436471, -0.00140205945354, 0.00144646677654, -0.000609823036939, 0.00142843357753, -0.00208220467903, 0.00373643939383, -0.000385576568078, 0.00307783787139, -0.00318241212517, 0.0137802781537]]}, "melbands": {"dmean": [0.000981599441729, 0.0018176647136, 0.0012334450148, 0.000880147854332, 0.000323672225932, 0.000204988653422, 0.000166815036209, 0.000121236902487, 9.18378063943e-05, 5.00027636008e-05, 6.79567747284e-05, 4.27799204772e-05, 3.78106778953e-05, 5.20134854014e-05, 5.01121357956e-05, 4.29458814324e-05, 6.16000543232e-05, 3.55354823114e-05, 3.9378330257e-05, 2.92213044304e-05, 2.05449505302e-05, 1.91412964341e-05, 1.90127884707e-05, 1.28245337692e-05, 9.73010264715e-06, 1.18818325063e-05, 1.31610431708e-05, 8.71217253007e-06, 6.74136572343e-06, 5.09742994836e-06, 4.67924837722e-06, 3.5643688534e-06, 2.14452848013e-06, 1.67908012827e-06, 1.36785354243e-06, 1.94934818865e-06, 3.73821694666e-06, 4.87059105581e-06, 3.33395564667e-06, 2.2127428565e-06], "dmean2": [0.00168251281139, 0.00324389361776, 0.00210223603062, 0.00149729603436, 0.000538823893294, 0.000344707339536, 0.000263410969637, 0.000192536084796, 0.00013691719505, 7.37864975235e-05, 0.000102062360384, 6.66810010443e-05, 5.61695524084e-05, 7.75591470301e-05, 7.48286183807e-05, 6.40588696115e-05, 9.30043897824e-05, 5.32799276698e-05, 6.11065333942e-05, 4.63962460344e-05, 3.27237648889e-05, 2.98235445371e-05, 3.02528278553e-05, 2.03462986974e-05, 1.52899847308e-05, 1.84821092262e-05, 1.95054308278e-05, 1.32022514663e-05, 1.11483104774e-05, 8.6070758698e-06, 7.77992227086e-06, 5.92293281443e-06, 3.53645805262e-06, 2.82343398794e-06, 2.21445839088e-06, 2.91869946523e-06, 5.55080714548e-06, 7.17772672942e-06, 4.91664741276e-06, 3.33283378495e-06], "dvar": [4.28259681939e-06, 2.19799658225e-05, 3.99795999328e-06, 2.99131079373e-06, 3.60229961416e-07, 1.8181241046e-07, 1.42429925631e-07, 6.82734082602e-08, 5.05000627982e-08, 1.27052111054e-08, 2.4456891623e-08, 1.35158746417e-08, 8.52905923665e-09, 9.36926358719e-09, 1.48783785292e-08, 8.52676773633e-09, 1.1799840216e-08, 4.12727274579e-09, 4.02889677176e-09, 2.93347124369e-09, 2.06417616333e-09, 7.38865468808e-10, 1.4533181325e-09, 6.19392925838e-10, 2.38259523222e-10, 4.65679328432e-10, 7.00057400937e-10, 2.75696271368e-10, 2.19359128084e-10, 1.19376605823e-10, 1.09336116549e-10, 6.27926183272e-11, 2.85425502677e-11, 3.01432906413e-11, 1.73457047337e-11, 4.38224630195e-11, 1.76268569185e-10, 3.06553948892e-10, 1.19702664447e-10, 5.05496373926e-11], "dvar2": [1.19362484838e-05, 6.38640485704e-05, 1.07783562271e-05, 8.31475972518e-06, 9.03709349132e-07, 4.76687006312e-07, 3.19562985851e-07, 1.54331388558e-07, 1.03965135168e-07, 2.560379464e-08, 5.08125097554e-08, 2.93627184789e-08, 1.77507040178e-08, 2.24277645344e-08, 3.35405339058e-08, 1.90101747677e-08, 2.73287330543e-08, 8.86785223031e-09, 1.01292902954e-08, 7.39819316919e-09, 5.53577006457e-09, 1.79677728251e-09, 4.08070688351e-09, 1.42354905641e-09, 5.18662945925e-10, 1.07075714961e-09, 1.40116063196e-09, 5.82021209006e-10, 5.36791611161e-10, 3.02999153545e-10, 2.81379836098e-10, 1.61564386869e-10, 6.90615550858e-11, 7.96813726112e-11, 3.84695712785e-11, 9.42069894316e-11, 3.5165179102e-10, 6.12033590475e-10, 2.29295499254e-10, 1.00401555125e-10], "max": [0.020110219717, 0.0346820503473, 0.0240847561508, 0.0173115525395, 0.0111207487062, 0.00608693668619, 0.00884075369686, 0.0055448920466, 0.00439384579659, 0.00243747513741, 0.00390035682358, 0.00316475448199, 0.00254807039164, 0.00231457618065, 0.00400691013783, 0.00204358040355, 0.00201518833637, 0.00199188967235, 0.00103128224146, 0.00131380022503, 0.00128814100754, 0.000440645293565, 0.000707362836692, 0.000608823669609, 0.000378255819669, 0.000394432630856, 0.000491382845212, 0.000305037567159, 0.000364826904843, 0.000158617054694, 0.000153128799866, 0.000136386894155, 0.000140572548844, 0.000236902487813, 0.000167881109519, 0.000277394487057, 0.000237432643189, 0.0003437975829, 0.000171174309799, 0.000162674463354], "mean": [0.00141470076051, 0.00259132869542, 0.00212515867315, 0.00126982317306, 0.000525510928128, 0.000322647334542, 0.000290931988275, 0.000230736099184, 0.000166393001564, 0.000109858439828, 0.000163109682035, 7.45166835259e-05, 7.11531101842e-05, 0.000102069461718, 9.59905737545e-05, 8.26597170089e-05, 0.000115605886094, 6.22943407507e-05, 6.96135030012e-05, 5.09868150402e-05, 3.63759863831e-05, 3.88251537515e-05, 3.2657673728e-05, 2.22076014325e-05, 1.76658068085e-05, 2.08003893931e-05, 2.3292748665e-05, 1.4545191334e-05, 9.1715119197e-06, 6.48609284326e-06, 6.05776222073e-06, 4.7706857913e-06, 3.08056496579e-06, 2.52955760516e-06, 2.20456468014e-06, 3.13945793096e-06, 5.69603071199e-06, 6.96698862157e-06, 4.77650019093e-06, 3.10131963488e-06], "median": [0.000779821129981, 0.00166131975129, 0.00168387289159, 0.00068820285378, 0.000252666795859, 0.00014028417354, 0.000103375597973, 7.86355376476e-05, 4.93927254865e-05, 3.58805555152e-05, 5.20157555002e-05, 1.83629908861e-05, 2.74668000202e-05, 5.81487111049e-05, 4.42688869953e-05, 3.35098629876e-05, 5.67650349694e-05, 2.87308885163e-05, 4.02317418775e-05, 2.05704800464e-05, 1.92484494619e-05, 2.6351219276e-05, 1.55966354214e-05, 1.13121968752e-05, 9.45336614677e-06, 9.41313101066e-06, 7.66525226936e-06, 4.41604834123e-06, 3.31012029164e-06, 2.41786938204e-06, 2.18167861021e-06, 1.72886154814e-06, 1.0996278661e-06, 8.84229962139e-07, 7.36156607672e-07, 8.92156776899e-07, 9.5255558108e-07, 7.47647277421e-07, 5.80880225698e-07, 4.70056420454e-07], "min": [3.41858750291e-24, 3.55915541647e-24, 5.27350280811e-24, 7.85009765168e-24, 2.1821778016e-24, 1.3742514102e-24, 4.23647257299e-24, 1.263565528e-23, 3.36542616651e-24, 5.32101195612e-24, 3.613030672e-24, 4.38025154487e-24, 6.09359234998e-24, 7.18223933185e-24, 5.58081382893e-24, 6.76079670412e-24, 1.02175354926e-23, 1.12049897641e-23, 5.63807132558e-24, 6.49653737277e-24, 1.02024217065e-23, 9.74672121622e-24, 6.18478940379e-24, 7.11079219966e-24, 7.64141633212e-24, 1.05878559893e-23, 9.45578694779e-24, 8.52017267065e-24, 8.94667899653e-24, 6.31361985594e-24, 8.93553949169e-24, 8.18819318046e-24, 1.41397732126e-23, 1.08589014966e-23, 6.42635399576e-24, 7.75423211903e-24, 7.21946252252e-24, 5.98108382439e-24, 9.07904591212e-24, 9.32088305553e-24], "var": [4.87279294248e-06, 1.62438245752e-05, 4.51202777185e-06, 3.05187904814e-06, 7.64502146922e-07, 2.69797823194e-07, 2.69534950803e-07, 2.05252376873e-07, 1.17491566698e-07, 3.73599462478e-08, 1.04900230724e-07, 3.25944817803e-08, 2.4824185374e-08, 1.82577863939e-08, 3.26805285056e-08, 2.04328198805e-08, 2.65631374674e-08, 9.90766846343e-09, 7.7784747532e-09, 7.48297868114e-09, 2.82852385958e-09, 1.7394288232e-09, 2.70996780571e-09, 1.20168186513e-09, 5.60246904424e-10, 9.65794777485e-10, 1.84182014085e-09, 6.25678286958e-10, 3.32495753153e-10, 1.5155598998e-10, 1.27446914133e-10, 7.77866313029e-11, 3.85464125896e-11, 4.55894454132e-11, 3.10119846469e-11, 7.86808188047e-11, 3.93435367618e-10, 6.75883848889e-10, 2.46575343477e-10, 9.72596100879e-11]}, "mfcc": {"mean": [-616.849487305, 110.085273743, -0.810689926147, 24.4101543427, 18.417596817, 8.48714065552, 4.22591638565, -1.93791162968, -3.58588004112, 0.201239988208, -2.66487979889, -0.769645929337, -4.53370094299], "cov": [[6180.52001953, -336.113769531, -575.17010498, -177.624526978, -343.47869873, -212.2474823, -205.533905029, -352.843994141, -268.255462646, -148.449615479, -79.281463623, -39.8779296875, -25.9582042694], [-336.113769531, 1133.49682617, -361.729095459, 153.647232056, 78.9746246338, 58.8332977295, 76.6789321899, 188.675354004, 37.0095672607, 105.852203369, 60.782283783, 19.4272842407, 90.1282348633], [-575.17010498, -361.729095459, 754.392089844, 65.5857925415, 95.3547897339, 101.366844177, 75.955696106, 63.5282554626, 109.017623901, -1.59054589272, -15.6853904724, 36.471157074, -14.7034454346], [-177.624526978, 153.647232056, 65.5857925415, 379.058990479, 90.698387146, 73.5405654907, 29.3273830414, 65.8274536133, 41.1217422485, 77.7320480347, 39.9717826843, 25.2421188354, 66.9947052002], [-343.47869873, 78.9746246338, 95.3547897339, 90.698387146, 319.569396973, 106.588424683, 39.4743652344, 63.055519104, 64.370803833, 46.0922546387, 51.6737709045, 32.0167312622, 4.68274402618], [-212.2474823, 58.8332977295, 101.366844177, 73.5405654907, 106.588424683, 194.11239624, 60.467464447, 76.9554367065, 45.9986572266, 19.121471405, 55.4452095032, 38.7578926086, 23.3293056488], [-205.533905029, 76.6789321899, 75.955696106, 29.3273830414, 39.4743652344, 60.467464447, 234.340896606, 111.069664001, 61.2236404419, 61.1102256775, 27.325838089, 43.7873382568, 23.7368488312], [-352.843994141, 188.675354004, 63.5282554626, 65.8274536133, 63.055519104, 76.9554367065, 111.069664001, 244.918655396, 101.938079834, 52.4043083191, 49.7853355408, 0.513220369816, 25.9398765564], [-268.255462646, 37.0095672607, 109.017623901, 41.1217422485, 64.370803833, 45.9986572266, 61.2236404419, 101.938079834, 168.834182739, 49.1789779663, 20.7514801025, 1.49908077717, -15.2567977905], [-148.449615479, 105.852203369, -1.59054589272, 77.7320480347, 46.0922546387, 19.121471405, 61.1102256775, 52.4043083191, 49.1789779663, 141.082748413, 52.0161781311, 13.6185932159, 28.2917327881], [-79.281463623, 60.782283783, -15.6853904724, 39.9717826843, 51.6737709045, 55.4452095032, 27.325838089, 49.7853355408, 20.7514801025, 52.0161781311, 151.441925049, 32.8910980225, 23.9301357269], [-39.8779296875, 19.4272842407, 36.471157074, 25.2421188354, 32.0167312622, 38.7578926086, 43.7873382568, 0.513220369816, 1.49908077717, 13.6185932159, 32.8910980225, 122.374580383, 35.2330703735], [-25.9582042694, 90.1282348633, -14.7034454346, 66.9947052002, 4.68274402618, 23.3293056488, 23.7368488312, 25.9398765564, -15.2567977905, 28.2917327881, 23.9301357269, 35.2330703735, 125.370903015]], "icov": [[0.000197227869648, 7.73961364757e-05, 0.000157873233547, -3.23690692312e-05, 0.000111183682748, -2.50280618275e-06, -9.51128367888e-06, 0.000128735293401, 6.5364947659e-05, 7.36967849662e-05, -9.5085506473e-06, -1.75515488081e-05, -9.4418937806e-06], [7.73961364757e-05, 0.00151135667693, 0.000951409805566, -0.00034079188481, -0.000179008668056, -0.000205043979804, 4.91796672577e-05, -0.00108710618224, 7.14303969289e-05, -0.000439775234554, 0.000369619694538, -0.000263969326625, -0.000404763559345], [0.000157873233547, 0.000951409805566, 0.00228608818725, -0.000417643721448, -0.000199846195756, -0.000706143619027, -0.000261766253971, -0.000425064616138, -0.000866927672178, 0.000234740582528, 0.000718274503015, -0.000522644200828, -3.23041167576e-05], [-3.23690692312e-05, -0.00034079188481, -0.000417643721448, 0.00359011720866, -0.000446244404884, -0.000708243111148, 0.000599862309173, -0.000112209549116, -8.01011919975e-05, -0.00151147390716, 0.000204900279641, 7.12437176844e-05, -0.00139884045348], [0.000111183682748, -0.000179008668056, -0.000199846195756, -0.000446244404884, 0.00430796016008, -0.00173437781632, 0.000306067697238, 0.00017309805844, -0.000639080593828, -0.000585436820984, -0.000437948619947, -0.000485237367684, 0.000709097948857], [-2.50280618275e-06, -0.000205043979804, -0.000706143619027, -0.000708243111148, -0.00173437781632, 0.00818173587322, -0.000896841636859, -0.00100199901499, -0.0002626888745, 0.00176114577334, -0.00201336876489, -0.000956477073487, -0.000414333917433], [-9.51128367888e-06, 4.91796672577e-05, -0.000261766253971, 0.000599862309173, 0.000306067697238, -0.000896841636859, 0.00659716082737, -0.00256755878218, -0.000129003979964, -0.00236473372206, 0.000975207658485, -0.0021995245479, -1.01020123111e-06], [0.000128735293401, -0.00108710618224, -0.000425064616138, -0.000112209549116, 0.00017309805844, -0.00100199901499, -0.00256755878218, 0.00832478795201, -0.00332554103807, 0.000882858294062, -0.00162577233277, 0.00223345146514, -0.00115932582412], [6.5364947659e-05, 7.14303969289e-05, -0.000866927672178, -8.01011919975e-05, -0.000639080593828, -0.0002626888745, -0.000129003979964, -0.00332554103807, 0.00984139647335, -0.00250622187741, 0.000520142668393, -6.89779917593e-05, 0.00237186183222], [7.36967849662e-05, -0.000439775234554, 0.000234740582528, -0.00151147390716, -0.000585436820984, 0.00176114577334, -0.00236473372206, 0.000882858294062, -0.00250622187741, 0.0111997015774, -0.00313365412876, 0.000782464572694, -0.00132829125505], [-9.5085506473e-06, 0.000369619694538, 0.000718274503015, 0.000204900279641, -0.000437948619947, -0.00201336876489, 0.000975207658485, -0.00162577233277, 0.000520142668393, -0.00313365412876, 0.00917839165777, -0.00198227656074, -0.000174578774022], [-1.75515488081e-05, -0.000263969326625, -0.000522644200828, 7.12437176844e-05, -0.000485237367684, -0.000956477073487, -0.0021995245479, 0.00223345146514, -6.89779917593e-05, 0.000782464572694, -0.00198227656074, 0.0107486983761, -0.0025901128538], [-9.4418937806e-06, -0.000404763559345, -3.23041167576e-05, -0.00139884045348, 0.000709097948857, -0.000414333917433, -1.01020123111e-06, -0.00115932582412, 0.00237186183222, -0.00132829125505, -0.000174578774022, -0.0025901128538, 0.0106493588537]]}, "spectral_contrast_coeffs": {"dmean": [0.0544185079634, 0.046316858381, 0.043874245137, 0.0395792089403, 0.0301174055785, 0.0199358072132], "dmean2": [0.0886762738228, 0.0745626464486, 0.0686197057366, 0.0614633746445, 0.0468988679349, 0.0315157175064], "dvar": [0.00243664951995, 0.00157066248357, 0.00144634884782, 0.00117205746938, 0.000777106033638, 0.000368187756976], "dvar2": [0.00614467216656, 0.00383773655631, 0.00318104121834, 0.00268282624893, 0.00171912519727, 0.000869218958542], "max": [-0.233522281051, -0.432364940643, -0.48088157177, -0.512356877327, -0.575289309025, -0.610388576984], "mean": [-0.592427790165, -0.705537676811, -0.718194544315, -0.715152680874, -0.744649767876, -0.775863587856], "median": [-0.60852766037, -0.710677981377, -0.722196996212, -0.71300971508, -0.745075464249, -0.776929080486], "min": [-0.957182228565, -0.965680420399, -0.970307052135, -0.957427620888, -0.959378480911, -0.960255026817], "var": [0.00847883615643, 0.00576763460413, 0.00598886655644, 0.00526095274836, 0.00327824405394, 0.00141489633825]}, "spectral_contrast_valleys": {"dmean": [0.421799868345, 0.397317320108, 0.398225188255, 0.376301586628, 0.347567111254, 0.316417038441], "dmean2": [0.665711045265, 0.642822802067, 0.62236982584, 0.578855752945, 0.527402758598, 0.434462964535], "dvar": [0.217728957534, 0.165486291051, 0.153130635619, 0.145485922694, 0.160253956914, 0.152460590005], "dvar2": [0.395859241486, 0.345595240593, 0.303567945957, 0.279875218868, 0.313471406698, 0.264299690723], "max": [-5.08525848389, -4.787940979, -5.7