{"lowlevel": {"average_loudness": 0.959482967854, "barkbands_crest": {"dmean": 2.97730112076, "dmean2": 4.81148099899, "dvar": 10.703962326, "dvar2": 27.8209266663, "max": 26.7585487366, "mean": 14.8254919052, "median": 14.0720920563, "min": 2.18029546738, "var": 30.5838985443}, "barkbands_flatness_db": {"dmean": 0.0441044159234, "dmean2": 0.0695584416389, "dvar": 0.00252150930464, "dvar2": 0.006476550363, "max": 0.950022518635, "mean": 0.287700921297, "median": 0.253118336201, "min": 0.0125968847424, "var": 0.024283317849}, "barkbands_kurtosis": {"dmean": 19.4265537262, "dmean2": 31.9524974823, "dvar": 6889.95019531, "dvar2": 18143.5761719, "max": 2865.23974609, "mean": 25.068813324, "median": 7.33547973633, "min": -1.96969628334, "var": 8095.94824219}, "barkbands_skewness": {"dmean": 1.25610530376, "dmean2": 1.84293222427, "dvar": 3.83440709114, "dvar2": 9.08263015747, "max": 36.7399024963, "mean": 2.88396191597, "median": 2.30320811272, "min": -6.42391777039, "var": 10.9161500931}, "barkbands_spread": {"dmean": 5.47225141525, "dmean2": 7.80773830414, "dvar": 68.8145294189, "dvar2": 130.859344482, "max": 116.893318176, "mean": 13.9160261154, "median": 9.00414943695, "min": 0.0401282273233, "var": 270.124847412}, "dissonance": {"dmean": 0.0370840393007, "dmean2": 0.0602929443121, "dvar": 0.00139785779174, "dvar2": 0.00346677168272, "max": 0.499925523996, "mean": 0.354634284973, "median": 0.376952707767, "min": 0.059559956193, "var": 0.00928165949881}, "dynamic_complexity": 3.52201104164, "erbbands_crest": {"dmean": 2.71421813965, "dmean2": 4.09815835953, "dvar": 9.22500133514, "dvar2": 22.8073997498, "max": 32.6417312622, "mean": 13.0334014893, "median": 12.3446416855, "min": 2.90262818336, "var": 25.4525928497}, "erbbands_flatness_db": {"dmean": 0.0258353054523, "dmean2": 0.0349377170205, "dvar": 0.00110875675455, "dvar2": 0.0023581830319, "max": 0.705643773079, "mean": 0.226838171482, "median": 0.187355339527, "min": 0.0790477842093, "var": 0.018215553835}, "erbbands_kurtosis": {"dmean": 2.98102426529, "dmean2": 4.3213596344, "dvar": 34.4256134033, "dvar2": 70.3808517456, "max": 123.729042053, "mean": 5.29417562485, "median": 1.34271907806, "min": -1.91995811462, "var": 101.991439819}, "erbbands_skewness": {"dmean": 0.541941046715, "dmean2": 0.751049101353, "dvar": 0.384541302919, "dvar2": 0.769944250584, "max": 9.12312030792, "mean": 0.84801787138, "median": 0.645820140839, "min": -5.60279512405, "var": 2.17293667793}, "erbbands_spread": {"dmean": 12.4258136749, "dmean2": 16.0501022339, "dvar": 276.791778564, "dvar2": 505.457092285, "max": 222.522766113, "mean": 35.9133834839, "median": 27.8602085114, "min": 0.312237679958, "var": 1049.42358398}, "hfc": {"dmean": 7.82766628265, "dmean2": 11.86814785, "dvar": 153.657089233, "dvar2": 380.604003906, "max": 117.853767395, "mean": 16.7380256653, "median": 13.1503725052, "min": 2.19398943457e-10, "var": 219.774414062}, "melbands_crest": {"dmean": 3.04179692268, "dmean2": 4.92076826096, "dvar": 12.4222831726, "dvar2": 32.7439537048, "max": 34.0073204041, "mean": 18.1044597626, "median": 17.7556838989, "min": 2.59672999382, "var": 33.7922019958}, "melbands_flatness_db": {"dmean": 0.0494466423988, "dmean2": 0.0760074555874, "dvar": 0.00302550196648, "dvar2": 0.00733235711232, "max": 1, "mean": 0.376459032297, "median": 0.344247788191, "min": 0.0248048268259, "var": 0.0280865114182}, "melbands_kurtosis": {"dmean": 31.0811920166, "dmean2": 47.8161125183, "dvar": 7706.25341797, "dvar2": 17693.546875, "max": 1845.90332031, "mean": 49.3998718262, "median": 14.6925792694, "min": -1.88612401485, "var": 18627.1660156}, "melbands_skewness": {"dmean": 1.44098234177, "dmean2": 2.04864025116, "dvar": 4.36137008667, "dvar2": 9.01479244232, "max": 34.1289825439, "mean": 3.89130306244, "median": 3.04148960114, "min": -3.09171175957, "var": 14.7466402054}, "melbands_spread": {"dmean": 5.49692773819, "dmean2": 7.82886505127, "dvar": 187.83757019, "dvar2": 333.604370117, "max": 300.545715332, "mean": 13.1241436005, "median": 7.47757816315, "min": 0.197768673301, "var": 652.522888184}, "pitch_salience": {"dmean": 0.0761996135116, "dmean2": 0.123272910714, "dvar": 0.00942477397621, "dvar2": 0.024371676147, "max": 0.925608277321, "mean": 0.389127075672, "median": 0.388625442982, "min": 0.011651083827, "var": 0.0210338775069}, "silence_rate_20dB": {"dmean": 0, "dmean2": 0, "dvar": 0, "dvar2": 0, "max": 1, "mean": 1, "median": 1, "min": 1, "var": 0}, "silence_rate_30dB": {"dmean": 0.0993411019444, "dmean2": 0.198732569814, "dvar": 0.0894709229469, "dvar2": 0.180020853877, "max": 1, "mean": 0.886749446392, "median": 1, "min": 0, "var": 0.100423671305}, "silence_rate_60dB": {"dmean": 0.0223010648042, "dmean2": 0.0443599484861, "dvar": 0.0218025241047, "dvar2": 0.0449275672436, "max": 1, "mean": 0.0504180379212, "median": 0, "min": 0, "var": 0.0478799454868}, "spectral_centroid": {"dmean": 166.484603882, "dmean2": 240.284667969, "dvar": 106048.148438, "dvar2": 193308.515625, "max": 6553.43945312, "mean": 800.430236816, "median": 583.173034668, "min": 80.5618438721, "var": 576035.3125}, "spectral_complexity": {"dmean": 1.64318299294, "dmean2": 2.67173647881, "dvar": 10.0514745712, "dvar2": 19.5602455139, "max": 50, "mean": 7.27210521698, "median": 7, "min": 0, "var": 18.1010437012}, "spectral_decrease": {"dmean": 6.3066583067e-09, "dmean2": 1.02655857148e-08, "dvar": 1.14386532041e-16, "dvar2": 2.64395590543e-16, "max": -3.51004177271e-22, "mean": -1.23443246736e-08, "median": -8.35695246337e-09, "min": -8.29430035765e-08, "var": 1.59748481558e-16}, "spectral_energy": {"dmean": 0.0242880322039, "dmean2": 0.0396180450916, "dvar": 0.00167774735019, "dvar2": 0.00386264687404, "max": 0.316303014755, "mean": 0.0481084883213, "median": 0.0329438410699, "min": 2.12249041585e-14, "var": 0.00233916472644}, "spectral_energyband_high": {"dmean": 0.000423252437031, "dmean2": 0.000561603636015, "dvar": 4.96792836202e-07, "dvar2": 1.02673129732e-06, "max": 0.0116652818397, "mean": 0.000582270789891, "median": 0.000108340333099, "min": 1.61079086674e-14, "var": 1.15515194921e-06}, "spectral_energyband_low": {"dmean": 0.0211197230965, "dmean2": 0.0325556099415, "dvar": 0.00144121819176, "dvar2": 0.00354814319871, "max": 0.305137455463, "mean": 0.0305221304297, "median": 0.0135168991983, "min": 3.59680894349e-17, "var": 0.00206714356318}, "spectral_energyband_middle_high": {"dmean": 0.00153370818589, "dmean2": 0.00265136617236, "dvar": 1.7877902792e-05, "dvar2": 5.13178529218e-05, "max": 0.0391207374632, "mean": 0.00215237191878, "median": 0.000827150128316, "min": 3.99055602066e-15, "var": 1.45226958921e-05}, "spectral_energyband_middle_low": {"dmean": 0.00593873439357, "dmean2": 0.00991963315755, "dvar": 0.000163764067111, "dvar2": 0.000445009500254, "max": 0.0939095243812, "mean": 0.0155397783965, "median": 0.00731020327657, "min": 8.44080508038e-16, "var": 0.000305774010485}, "spectral_entropy": {"dmean": 0.350821316242, "dmean2": 0.485533118248, "dvar": 0.196322411299, "dvar2": 0.409551411867, "max": 9.45015048981, "mean": 6.58622932434, "median": 6.74471569061, "min": 2.94706892967, "var": 1.40254640579}, "spectral_flux": {"dmean": 0.051587369293, "dmean2": 0.0856362432241, "dvar": 0.00558215752244, "dvar2": 0.0125491125509, "max": 0.494450867176, "mean": 0.087434232235, "median": 0.0477244518697, "min": 0.000421840435592, "var": 0.00869083497673}, "spectral_kurtosis": {"dmean": 35.8178520203, "dmean2": 65.0248718262, "dvar": 27240.9101562, "dvar2": 83579.421875, "max": 2550.18383789, "mean": 48.5469245911, "median": 4.75114154816, "min": -1.19463276863, "var": 33979.8828125}, "spectral_rms": {"dmean": 0.0015269452706, "dmean2": 0.00245350040495, "dvar": 5.12861561219e-06, "dvar2": 1.10606042654e-05, "max": 0.0175666809082, "mean": 0.00610418245196, "median": 0.00566924456507, "min": 4.55051907267e-09, "var": 9.6740304798e-06}, "spectral_rolloff": {"dmean": 391.181732178, "dmean2": 667.249389648, "dvar": 1458982, "dvar2": 2636289, "max": 18109.4238281, "mean": 1031.1986084, "median": 452.197265625, "min": 64.599609375, "var": 4423449.5}, "spectral_skewness": {"dmean": 1.00338327885, "dmean2": 1.55972874165, "dvar": 5.69622421265, "dvar2": 17.4038925171, "max": 43.3621749878, "mean": 3.55336737633, "median": 2.04086852074, "min": -0.16945309937, "var": 25.7571754456}, "spectral_spread": {"dmean": 1348873.875, "dmean2": 1661363.875, "dvar": 2420320501760.0, "dvar2": 4011861213180.0, "max": 33245774, "mean": 6560741.5, "median": 6251828, "min": 40967.484375, "var": 11760108044300.0}, "spectral_strongpeak": {"dmean": 0.328988492489, "dmean2": 0.566303730011, "dvar": 0.417171597481, "dvar2": 1.00523793697, "max": 11.0812664032, "mean": 0.882122218609, "median": 0.540665328503, "min": 0, "var": 0.766365885735}, "zerocrossingrate": {"dmean": 0.0124755492434, "dmean2": 0.0131438625976, "dvar": 0.000419631920522, "dvar2": 0.000392068235669, "max": 0.54150390625, "mean": 0.0477292127907, "median": 0.0283203125, "min": 0.00244140625, "var": 0.00373070524074}, "barkbands": {"dmean": [0.000368567212718, 0.0198982637376, 0.00251581938937, 0.000776867731474, 0.000917730794754, 0.00268314220011, 0.000932832306717, 0.000719254487194, 0.000569760159124, 0.000257023202721, 0.00033967368654, 0.000362166145351, 0.000432556582382, 0.000124300975585, 0.000112351837743, 6.589932309e-05, 3.42607563653e-05, 4.65190205432e-05, 3.17560079566e-05, 2.1087256755e-05, 2.30039131566e-05, 3.38169120369e-05, 6.91927270964e-05, 0.000211411635973, 6.84295227984e-05, 1.83035845112e-05, 2.35025527218e-06], "dmean2": [0.000590778305195, 0.0307491291314, 0.00449741398916, 0.00138818321284, 0.00165136985015, 0.00445038778707, 0.00143232697155, 0.0010599468369, 0.000857287494, 0.000383575243177, 0.000551678647753, 0.000656008603983, 0.000784843519796, 0.000200206210138, 0.000176638612174, 9.41441030591e-05, 5.53936697543e-05, 7.60658731451e-05, 4.99459929415e-05, 3.2043462852e-05, 3.46729757439e-05, 5.22566078871e-05, 9.81089833658e-05, 0.000279745960142, 9.61444166023e-05, 2.67479936156e-05, 4.19861908085e-06], "dvar": [7.52756477596e-07, 0.00130361807533, 4.56954003312e-05, 5.7650963754e-06, 1.411424455e-05, 5.79151128477e-05, 5.41299004908e-06, 2.70236387223e-06, 2.07655807571e-06, 6.0041480765e-07, 8.22596177841e-07, 1.60223612511e-06, 2.60184151557e-06, 1.78843194476e-07, 1.19482663763e-07, 1.00343285681e-07, 5.73083314137e-09, 4.00940471934e-08, 8.15231171458e-09, 6.9128667235e-09, 9.26525522971e-09, 1.84272970216e-08, 1.47520227145e-08, 1.1545943579e-07, 1.26921655408e-08, 7.47386486033e-10, 1.31675170767e-10], "dvar2": [1.98573548005e-06, 0.00341603672132, 0.000130158266984, 1.64673729159e-05, 4.02213699999e-05, 0.000147719023516, 1.48148192238e-05, 6.39623567622e-06, 4.87998977405e-06, 1.39059488902e-06, 2.15890895561e-06, 4.65075845568e-06, 7.64030664868e-06, 3.89280444324e-07, 1.93767945689e-07, 1.10683011201e-07, 1.35403972479e-08, 9.55821093385e-08, 1.5298901701e-08, 1.40888962719e-08, 1.77584915662e-08, 4.56815278937e-08, 3.20321333902e-08, 2.46790165193e-07, 2.74106426446e-08, 1.65517233253e-09, 4.04749955774e-10], "max": [0.0112321022898, 0.289904952049, 0.0625903680921, 0.025287412107, 0.0696089416742, 0.0651250332594, 0.0288746189326, 0.0351469926536, 0.0285512655973, 0.0167475827038, 0.018694890663, 0.0104050729424, 0.0177590083331, 0.00858987029642, 0.0164381824434, 0.0168630741537, 0.00173905456904, 0.00473182369024, 0.00195658346638, 0.00195646914653, 0.00288704363629, 0.00332872453146, 0.00199268152937, 0.0068859346211, 0.00170908472501, 0.000321068713674, 0.000341415929142], "mean": [0.000423137535108, 0.0251935049891, 0.00429521128535, 0.00102837593295, 0.00115613883827, 0.0051119136624, 0.00354072940536, 0.00258503854275, 0.00194479722995, 0.000422637822339, 0.000539002125151, 0.000321854749927, 0.000367854547221, 0.000140761199873, 0.00019659732061, 0.000113506015623, 5.23636917933e-05, 4.47187194368e-05, 3.59392397513e-05, 2.4029341148e-05, 2.98178565572e-05, 3.60406120308e-05, 8.74393517734e-05, 0.000289068149868, 9.28307636059e-05, 3.32635900122e-05, 1.96884866455e-06], "median": [7.96728345449e-05, 0.00935165863484, 0.0016720398562, 0.000298741215374, 0.000383650214644, 0.00110538769513, 0.000868917617481, 0.000178329253686, 0.000106800442154, 3.25697219523e-05, 2.38247794186e-05, 3.12151350954e-05, 2.08624533116e-05, 1.08280246423e-05, 1.78525770025e-05, 9.16270892048e-06, 1.30285961859e-05, 1.07961514004e-05, 1.036716003e-05, 7.25466452423e-06, 8.24053859105e-06, 7.30556257622e-06, 1.04514956547e-05, 2.10974521906e-05, 2.09611698665e-05, 1.99423120648e-05, 2.50315110861e-07], "min": [2.538878689e-17, 2.06971524588e-17, 1.94459160509e-18, 3.93862627694e-18, 4.8208999307e-17, 1.17567140757e-16, 2.8704199577e-16, 2.22481938624e-16, 1.54629305593e-16, 3.88622289621e-17, 1.8124734243e-16, 4.77147423474e-16, 7.93984067861e-16, 9.41683373396e-16, 1.81630810127e-16, 4.76480385028e-16, 1.46796805164e-16, 4.27490116941e-16, 1.52339960825e-16, 6.01201751346e-16, 4.10384074813e-16, 6.78553064787e-16, 1.256161931e-15, 1.17821150057e-15, 3.54844272692e-15, 2.80039786153e-15, 6.00683367183e-15], "var": [7.37637037673e-07, 0.00171069661155, 5.09373130626e-05, 4.91897026222e-06, 9.42482347455e-06, 7.17013463145e-05, 2.37002150243e-05, 1.75420882442e-05, 1.58836701303e-05, 1.5523228285e-06, 2.37474137066e-06, 1.06908692032e-06, 1.58193449806e-06, 2.51847950494e-07, 4.91438015615e-07, 4.55865773574e-07, 1.90428348645e-08, 3.58083660501e-08, 1.11772342493e-08, 8.085463854e-09, 1.19963790013e-08, 1.67138232143e-08, 3.30297957873e-08, 3.31435330736e-07, 2.28540120162e-08, 1.45123058015e-09, 7.49393047617e-11]}, "erbbands": {"dmean": [0.609724462032, 4.36034202576, 3.89130473137, 2.60411667824, 2.46250271797, 3.27845597267, 5.85196352005, 29.8957710266, 18.2114639282, 12.3569192886, 14.773900032, 14.9565601349, 10.0730752945, 9.27095317841, 15.2410879135, 16.2640476227, 20.3535900116, 8.54687404633, 5.3047990799, 5.37848758698, 3.28639578819, 1.64156341553, 1.84056901932, 2.66679525375, 1.49296581745, 1.01799583435, 0.90634649992, 1.00550746918, 1.05605340004, 1.26334321499, 2.28742074966, 4.64852809906, 3.05231761932, 0.975861310959, 0.39941573143, 0.154297366738, 0.0141685977578, 0.00285487785004, 0.000455619767308, 4.117750359e-05], "dmean2": [0.973455071449, 6.80587148666, 6.69167518616, 4.59747982025, 4.48206233978, 5.85536193848, 10.0718946457, 49.5938110352, 28.7240123749, 18.6522941589, 21.6628265381, 21.586763382, 16.1723651886, 13.2203969955, 26.6298618317, 28.9233551025, 36.8314399719, 13.9756479263, 9.02443599701, 7.66446208954, 4.66848134995, 2.70758962631, 3.13683462143, 4.41059732437, 2.28812742233, 1.52129709721, 1.27826595306, 1.53005921841, 1.57870638371, 1.87662184238, 3.31939291954, 6.62189292908, 4.0996336937, 1.38119864464, 0.574130237103, 0.218382850289, 0.0215239748359, 0.00494669377804, 0.000801337824669, 6.79941585986e-05], "dvar": [1.44697332382, 62.5026168823, 76.492515564, 56.6916503906, 57.5576171875, 249.331634521, 354.966522217, 7475.70263672, 2146.75024414, 807.39239502, 1301.06188965, 1331.19580078, 887.213562012, 651.568664551, 2119.31298828, 3116.30566406, 5655.90136719, 746.379394531, 192.124679565, 498.035675049, 125.613899231, 15.9573497772, 37.3562164307, 114.363037109, 28.9412612915, 16.04920578, 13.8643779755, 17.7392921448, 14.5706214905, 10.8039588928, 16.1232204437, 67.2019500732, 23.5413742065, 2.57348155975, 0.451316684484, 0.0548701025546, 0.00061124144122, 0.000296090816846, 4.01777379011e-06, 5.32266497544e-09], "dvar2": [3.91248583794, 160.824234009, 211.852020264, 161.369674683, 163.511367798, 714.804748535, 992.361022949, 18928.3164062, 5799.45361328, 2110.01806641, 2850.09716797, 2890.44604492, 2302.56591797, 1325.27868652, 6095.21386719, 9014.45605469, 16602.1289062, 1787.81213379, 500.542480469, 542.852478027, 162.362960815, 39.4861373901, 84.1142807007, 274.237457275, 58.9838981628, 31.3248767853, 24.8026866913, 37.1933059692, 32.9244499207, 24.6228237152, 36.1829032898, 153.39730835, 48.0759506226, 5.44204807281, 0.968745172024, 0.1214755252, 0.00137371278834, 0.000875403697137, 1.26964423544e-05, 1.47052601207e-08], "max": [8.65332508087, 69.7319641113, 75.8952789307, 66.8837966919, 75.6140136719, 299.391998291, 326.998962402, 710.044250488, 462.987060547, 563.595092773, 975.567382812, 865.004821777, 668.168884277, 735.122802734, 434.202728271, 467.885742188, 815.901306152, 472.365478516, 282.59487915, 1232.26818848, 488.712310791, 77.0505828857, 177.113418579, 258.111297607, 119.884483337, 104.605552673, 100.802482605, 112.941108704, 95.0002822876, 77.2637863159, 66.3006515503, 130.284744263, 110.610900879, 23.4129390717, 11.0818042755, 3.06947159767, 0.342396855354, 0.56931322813, 0.0515394471586, 0.000961648533121], "mean": [0.699301302433, 5.66051340103, 6.43427991867, 4.19751262665, 3.07187771797, 4.03449201584, 11.4132242203, 59.5752334595, 52.5968856812, 51.9203224182, 48.7087402344, 58.6577262878, 20.2799720764, 20.6036319733, 16.8878250122, 15.9258365631, 17.6848449707, 9.73969650269, 7.31603717804, 10.2415752411, 6.49370479584, 2.43358206749, 2.13682246208, 2.56158304214, 1.60724020004, 1.18017709255, 1.13087046146, 1.207208395, 1.20742595196, 1.49347829819, 2.86534428596, 6.09638118744, 4.23275518417, 1.28690695763, 0.573012769222, 0.273474663496, 0.0260079391301, 0.00302764284424, 0.000411890709074, 7.03214464011e-05], "median": [0.214777126908, 2.17412400246, 3.22441577911, 1.84675943851, 1.23652279377, 0.724815011024, 2.3560655117, 9.47825813293, 17.6888561249, 10.0724248886, 4.31939458847, 3.71257090569, 2.51522302628, 2.31133413315, 2.22536873817, 2.0467145443, 1.8488202095, 1.32534956932, 1.29255449772, 0.896162033081, 0.791726648808, 0.793631196022, 0.709602117538, 0.646634697914, 0.485168129206, 0.361845016479, 0.332218885422, 0.303902417421, 0.265352576971, 0.24660243094, 0.322789132595, 0.433239430189, 0.327522814274, 0.170878782868, 0.175085783005, 0.159494072199, 0.0150163760409, 0.000881444721017, 7.97084721853e-05, 4.8516660172e-05], "min": [1.02135730412e-15, 3.17798503239e-15, 3.29778661959e-15, 7.28954267418e-15, 5.53133216042e-14, 1.86375505415e-13, 4.26400478511e-13, 1.19634174529e-12, 3.26556967231e-12, 5.13942013947e-12, 4.51756514142e-12, 3.67415169469e-12, 1.56780155264e-12, 2.81540784609e-12, 1.21366415182e-11, 2.1403987957e-11, 3.90558835273e-11, 3.76188385998e-11, 2.94431909409e-11, 1.36606281842e-11, 2.45155666601e-11, 1.03659459488e-11, 2.12475904926e-11, 1.28924475262e-11, 8.95854050664e-12, 2.90777211337e-11, 2.46280825594e-11, 1.61826784612e-11, 2.59070837699e-11, 2.977863095e-11, 3.38966354985e-11, 2.45450031827e-11, 1.77319981615e-11, 2.85031286767e-11, 3.27952109913e-11, 1.19604924922e-11, 5.6739613008e-12, 2.38846052311e-12, 8.98795361054e-13, 8.78727158312e-14], "var": [1.63578414917, 84.0854721069, 87.375328064, 52.4814987183, 39.364982605, 157.169372559, 554.919677734, 10064.9316406, 5241.86962891, 5887.23095703, 9011.97558594, 13658.2216797, 1962.26281738, 3781.45483398, 1624.84106445, 2221.27880859, 3441.29907227, 877.709106445, 321.683105469, 2592.34082031, 689.822631836, 25.1625137329, 39.8966369629, 103.08757019, 33.364906311, 19.6940994263, 19.0491104126, 19.9254417419, 15.9213342667, 14.4915857315, 35.0260276794, 154.793624878, 70.6308135986, 5.17688322067, 0.778883934021, 0.106472574174, 0.00106421590317, 0.000163498218171, 2.39939254243e-06, 5.51786349945e-09]}, "gfcc": {"mean": [-73.0203781128, 96.6915664673, -60.5156593323, 9.89545726776, -62.1361618042, 20.5728378296, -40.2409362793, 20.5451469421, -13.6858854294, 13.1160459518, -3.30857777596, 4.13291072845, -9.39260578156], "cov": [[13421.4638672, -2640.87719727, -1686.30895996, 2254.95825195, 783.071350098, 2880.43359375, -560.290588379, 680.00378418, -397.621307373, 321.66796875, -65.1742248535, 11.3192844391, -543.519042969], [-2640.87719727, 3783.29760742, 849.233825684, -1353.49914551, -150.89151001, -1244.53234863, 533.260925293, -147.946792603, 358.473083496, -274.291870117, -102.701278687, -251.801605225, 114.879829407], [-1686.30895996, 849.233825684, 1320.44750977, 326.147033691, 74.9824447632, -133.088562012, 266.729827881, 10.5988445282, 210.268585205, -164.001907349, 42.7300453186, -129.52722168, 47.4179039001], [2254.95825195, -1353.49914551, 326.147033691, 2539.42773438, 1507.13708496, 1294.42797852, 25.5350189209, 228.797561646, -137.649169922, 185.758666992, 82.5442810059, 94.4049682617, -204.084014893], [783.071350098, -150.89151001, 74.9824447632, 1507.13708496, 1611.45922852, 876.980773926, 153.535858154, 110.002281189, -79.680015564, 162.753982544, -3.7215950489, 69.5287399292, -137.785751343], [2880.43359375, -1244.53234863, -133.088562012, 1294.42797852, 876.980773926, 1475.26818848, -18.7243328094, 248.186752319, -131.779830933, 121.456916809, -7.97630262375, 32.689655304, -174.644760132], [-560.290588379, 533.260925293, 266.729827881, 25.5350189209, 153.535858154, -18.7243328094, 382.894226074, 136.230682373, 99.2642364502, -59.9417915344, -60.0633468628, -76.4681854248, 1.44720089436], [680.00378418, -147.946792603, 10.5988445282, 228.797561646, 110.002281189, 248.186752319, 136.230682373, 304.719451904, 98.6696929932, 34.1142349243, -79.6304473877, -69.2861709595, -91.6597442627], [-397.621307373, 358.473083496, 210.268585205, -137.649169922, -79.680015564, -131.779830933, 99.2642364502, 98.6696929932, 268.827880859, 21.3546600342, 21.5637016296, -100.386032104, -4.40792608261], [321.66796875, -274.291870117, -164.001907349, 185.758666992, 162.753982544, 121.456916809, -59.9417915344, 34.1142349243, 21.3546600342, 239.639511108, 96.3116760254, 74.2159423828, -63.9799156189], [-65.1742248535, -102.701278687, 42.7300453186, 82.5442810059, -3.7215950489, -7.97630262375, -60.0633468628, -79.6304473877, 21.5637016296, 96.3116760254, 243.555114746, 136.399169922, 57.2204475403], [11.3192844391, -251.801605225, -129.52722168, 94.4049682617, 69.5287399292, 32.689655304, -76.4681854248, -69.2861709595, -100.386032104, 74.2159423828, 136.399169922, 217.814086914, 93.245262146], [-543.519042969, 114.879829407, 47.4179039001, -204.084014893, -137.785751343, -174.644760132, 1.44720089436, -91.6597442627, -4.40792608261, -63.9799156189, 57.2204475403, 93.245262146, 189.197341919]], "icov": [[0.000414741487475, -0.000605324166827, 0.000852360739373, -0.000844232214149, 0.00100339541677, -0.00100282533094, 0.000617038167547, -0.00052707066061, 0.000236684034462, -2.88884093607e-05, -0.000214453408262, 0.000337874575052, -0.000126216473291], [-0.000605324166827, 0.00184072495904, -0.00173225777689, 0.00209245388396, -0.00245347409509, 0.00202001095749, -0.00142197893001, 0.000870821473654, -0.000593875825871, 0.000601011095569, -1.71212450368e-05, -0.000277153420029, 0.000676407653373], [0.000852360739373, -0.00173225777689, 0.00348097202368, -0.0028404223267, 0.00286354869604, -0.0021549006924, 0.000620953040197, -0.000334593729349, -0.000544191745576, 0.000732456275728, -0.000818358443212, 0.0010107710259, -0.000522109854501], [-0.000844232214149, 0.00209245388396, -0.0028404223267, 0.00407934281975, -0.00408944068477, 0.00211558560841, -0.000855615537148, -0.000119623342471, 0.000432247587014, 0.000495244574267, -0.000808665819932, -0.000170000726939, 0.000845553178806], [0.00100339541677, -0.00245347409509, 0.00286354869604, -0.00408944068477, 0.00554739870131, -0.00348258554004, 0.000519436202012, 0.000573169498239, -0.000430264946772, -0.00126017211005, 0.00150395277888, -0.000978970434517, -6.62082238705e-05], [-0.00100282533094, 0.00202001095749, -0.0021549006924, 0.00211558560841, -0.00348258554004, 0.00439832452685, -0.00127229467034, -0.000202406052267, 0.000365471030818, 0.00060597830452, -0.000563503126614, 0.000273375451798, 0.000399274867959], [0.000617038167547, -0.00142197893001, 0.000620953040197, -0.000855615537148, 0.000519436202012, -0.00127229467034, 0.00628678221256, -0.00429170392454, 0.00141361216083, 0.000297016871627, -0.00101842556614, 0.00192024407443, -0.00187096267473], [-0.00052707066061, 0.000870821473654, -0.000334593729349, -0.000119623342471, 0.000573169498239, -0.000202406052267, -0.00429170392454, 0.0102295316756, -0.00617841864005, -8.42145454953e-05, 0.00523963756859, -0.00533137423918, 0.00400164909661], [0.000236684034462, -0.000593875825871, -0.000544191745576, 0.000432247587014, -0.000430264946772, 0.000365471030818, 0.00141361216083, -0.00617841864005, 0.011731877923, -0.00363914528862, -0.00585035886616, 0.0100617157295, -0.00548366596922], [-2.88884093607e-05, 0.000601011095569, 0.000732456275728, 0.000495244574267, -0.00126017211005, 0.00060597830452, 0.000297016871627, -8.42145454953e-05, -0.00363914528862, 0.00996044557542, -0.00228581600823, -0.00484363408759, 0.00586325069889], [-0.000214453408262, -1.71212450368e-05, -0.000818358443212, -0.000808665819932, 0.00150395277888, -0.000563503126614, -0.00101842556614, 0.00523963756859, -0.00585035886616, -0.00228581600823, 0.0123212365434, -0.00972248893231, 0.00200446578674], [0.000337874575052, -0.000277153420029, 0.0010107710259, -0.000170000726939, -0.000978970434517, 0.000273375451798, 0.00192024407443, -0.00533137423918, 0.0100617157295, -0.00484363408759, -0.00972248893231, 0.0214244667441, -0.011377999559], [-0.000126216473291, 0.000676407653373, -0.000522109854501, 0.000845553178806, -6.62082238705e-05, 0.000399274867959, -0.00187096267473, 0.00400164909661, -0.00548366596922, 0.00586325069889, 0.00200446578674, -0.011377999559, 0.0146848149598]]}, "melbands": {"dmean": [0.00568234361708, 0.00314325187355, 0.000450129184173, 0.000200241513085, 0.000194408916286, 0.000615651311819, 0.000272369914455, 0.000136418864713, 0.000108088439447, 9.70627661445e-05, 4.86954086227e-05, 3.53456161974e-05, 4.74044209113e-05, 4.20988362748e-05, 5.23896051163e-05, 3.33880016115e-05, 1.45937428897e-05, 8.17776435724e-06, 6.92168032401e-06, 6.57842565488e-06, 3.34371407007e-06, 1.71875228716e-06, 1.78402547135e-06, 2.02194996746e-06, 2.25662483899e-06, 1.1447388033e-06, 8.47213357247e-07, 6.70258771152e-07, 5.81104416142e-07, 6.36715412838e-07, 6.15700059825e-07, 6.20484854608e-07, 6.43903604214e-07, 7.23945049685e-07, 1.04783282495e-06, 2.23422534873e-06, 3.23296058014e-06, 2.51906817539e-06, 1.30398541387e-06, 6.64414301355e-07], "dmean2": [0.00892495643348, 0.00506724230945, 0.000806537980679, 0.000360407488188, 0.000338594370987, 0.0010209355969, 0.000421896198532, 0.000206776530831, 0.000157636357471, 0.000141813943628, 7.90867925389e-05, 4.95014064654e-05, 8.19551496534e-05, 7.42002594052e-05, 9.67443047557e-05, 5.9365756897e-05, 2.3349388357e-05, 1.3935039533e-05, 1.10248874989e-05, 8.85775625648e-06, 4.8872766456e-06, 2.80546578324e-06, 3.09326628667e-06, 3.2749383081e-06, 3.77723495149e-06, 1.78352468083e-06, 1.29136230953e-06, 1.02838089333e-06, 8.50984349654e-07, 9.92936065813e-07, 9.36011588237e-07, 9.52392497311e-07, 9.91209162748e-07, 1.06936624888e-06, 1.56575981691e-06, 3.29405770572e-06, 4.65709854325e-06, 3.4017307371e-06, 1.89192292055e-06, 9.56833105192e-07], "dvar": [0.00011331350106, 3.56933305738e-05, 1.71789042724e-06, 5.21246704466e-07, 4.91906405387e-07, 3.14721251016e-06, 4.44813395006e-07, 9.83970807056e-08, 6.9989717133e-08, 5.84251331759e-08, 2.19964721992e-08, 1.06089395047e-08, 1.9276232166e-08, 1.86842807892e-08, 3.93854762137e-08, 1.4542728799e-08, 2.56600607429e-09, 4.86487183871e-10, 4.87098028579e-10, 1.13375830946e-09, 9.38548197493e-11, 1.73538215048e-11, 2.07157745818e-11, 7.30390053993e-11, 7.986274142e-11, 1.43360731272e-11, 9.39624680146e-12, 7.1900688528e-12, 5.56135909893e-12, 9.40727877541e-12, 6.1372205061e-12, 5.8942178395e-12, 4.84670246645e-12, 2.57227854468e-12, 4.03258633083e-12, 1.46686759961e-11, 3.44238769434e-11, 1.70528226956e-11, 4.89091753209e-12, 1.24578136435e-12], "dvar2": [0.000301839987515, 8.87509668246e-05, 4.93646666655e-06, 1.47404227846e-06, 1.39723920256e-06, 7.99142526375e-06, 1.19395895126e-06, 2.57161588024e-07, 1.49933228499e-07, 1.30797744191e-07, 5.73253693403e-08, 2.14969979595e-08, 5.48790417554e-08, 5.40459730303e-08, 1.1589064286e-07, 4.24868034088e-08, 5.53326806596e-09, 1.26786348087e-09, 8.06681998977e-10, 1.13215414821e-09, 1.50635684482e-10, 4.21305282328e-11, 5.46371281551e-11, 1.65632077498e-10, 1.95362004352e-10, 2.6725387528e-11, 1.92210847932e-11, 1.48048483195e-11, 1.11374303877e-11, 1.92258275272e-11, 1.41921231711e-11, 1.37783612644e-11, 1.16601060404e-11, 5.65215756143e-12, 9.09064490351e-12, 3.48053842691e-11, 7.99411856156e-11, 3.66133165453e-11, 1.04824300282e-11, 2.67106757719e-12], "max": [0.0828169286251, 0.0558141469955, 0.011629649438, 0.0108061600477, 0.0134428134188, 0.0148290358484, 0.0070599000901, 0.00677534984425, 0.0071955351159, 0.00568469846621, 0.00325842713937, 0.00270659499802, 0.00146856030915, 0.00111437495798, 0.00174635485746, 0.00154048355762, 0.00102344783954, 0.0004203216522, 0.00106471125036, 0.00162239873316, 0.00027039332781, 7.15567439329e-05, 0.000101694633486, 0.000211686317925, 0.000214094587136, 9.6841409686e-05, 8.24377129902e-05, 6.4361593104e-05, 6.02117797825e-05, 9.4246599474e-05, 5.83491309953e-05, 5.92848518863e-05, 5.45451330254e-05, 3.50279042323e-05, 3.63517428923e-05, 5.33025995537e-05, 9.72196503426e-05, 8.92918251338e-05, 4.02309051424e-05, 1.52155416799e-05], "mean": [0.0068632774055, 0.0049631902948, 0.000710733234882, 0.000239965767832, 0.000367362023098, 0.00118560681585, 0.000826133880764, 0.000562984263524, 0.000339308870025, 0.000372073089238, 8.55950202094e-05, 7.77787427069e-05, 5.74126534048e-05, 4.26178521593e-05, 4.11328874179e-05, 3.17445883411e-05, 1.69750001078e-05, 1.09186676127e-05, 1.13033347588e-05, 1.25659908008e-05, 6.53380993754e-06, 2.51523420047e-06, 2.00127738026e-06, 2.08301389648e-06, 2.09715949495e-06, 1.24908217458e-06, 9.36121352879e-07, 7.31855493541e-07, 6.58437045331e-07, 7.639983437e-07, 6.87864996962e-07, 6.7444926799e-07, 7.08720733655e-07, 8.53023152558e-07, 1.30571186219e-06, 2.69257384389e-06, 4.1998036977e-06, 3.47175250681e-06, 1.66385348166e-06, 8.61306602928e-07], "median": [0.00230623409152, 0.00250617298298, 0.000362056278391, 8.74348552315e-05, 0.00010265527817, 0.000206978642382, 0.000267418508884, 9.61678670137e-05, 2.56218063441e-05, 1.97606732399e-05, 9.44598468777e-06, 4.95692938784e-06, 4.04699585488e-06, 4.91785340273e-06, 3.23061021845e-06, 2.21877803597e-06, 1.3339920315e-06, 1.56088810854e-06, 1.12056784474e-06, 6.81786048062e-07, 6.9687166615e-07, 6.69053179081e-07, 5.49264370875e-07, 5.76788579565e-07, 4.48888897608e-07, 3.47166775327e-07, 2.80997539903e-07, 2.09017954944e-07, 1.92798637499e-07, 1.84468547104e-07, 1.73741383946e-07, 1.46585819039e-07, 1.33892584131e-07, 1.32414257337e-07, 1.58308068876e-07, 2.14266535181e-07, 2.94599686868e-07, 2.52409307677e-07, 1.50273152144e-07, 1.40513165547e-07], "min": [8.65767843666e-18, 2.54905962798e-18, 2.26669366767e-18, 8.30531438496e-18, 1.38276201308e-17, 2.69683180482e-17, 5.28679816106e-17, 5.58042643357e-17, 3.51612012171e-17, 2.19002022874e-17, 7.0021591587e-18, 9.24805709217e-18, 3.19335027622e-17, 5.15444429997e-17, 8.0544535008e-17, 6.75826148093e-17, 7.69525462114e-17, 6.18252326051e-17, 1.08250545961e-17, 2.58560827247e-17, 2.8605563252e-17, 7.3065665872e-18, 1.85865382602e-17, 1.96003969934e-17, 9.40672356855e-18, 5.51165620908e-18, 8.81032138382e-18, 2.22515687593e-17, 2.02336186415e-17, 8.13881119946e-18, 8.92904661714e-18, 1.91846295477e-17, 8.47011771431e-18, 2.11707133595e-17, 2.39455784055e-17, 1.301412274e-17, 1.51927981866e-17, 8.22374693194e-18, 1.91511667832e-17, 2.46391660404e-17], "var": [0.000138567222166, 4.94634114148e-05, 1.40853182984e-06, 3.45770331478e-07, 5.67767415305e-07, 3.98621114073e-06, 1.21027142086e-06, 7.23189714336e-07, 4.84777615384e-07, 5.96815311837e-07, 4.26875423898e-08, 5.65013813514e-08, 2.02673149374e-08, 1.3234876306e-08, 2.21591562877e-08, 1.01672155139e-08, 3.68760222358e-09, 7.981960648e-10, 1.9632484527e-09, 5.26630650199e-09, 5.91856730292e-10, 3.64301817879e-11, 2.25339174403e-11, 7.07953765056e-11, 6.98727048443e-11, 1.85028988658e-11, 1.09421343514e-11, 8.29210571734e-12, 6.60177338144e-12, 1.10423562655e-11, 6.05820818858e-12, 5.88450165331e-12, 4.93910381344e-12, 4.16260559008e-12, 7.78792742101e-12, 3.11784417728e-11, 7.40199429528e-11, 5.01939531605e-11, 9.99958883058e-12, 2.21266928391e-12]}, "mfcc": {"mean": [-740.066162109, 128.444580078, 51.1538200378, 8.97199440002, 10.6533508301, -4.19312143326, -2.64579963684, 1.50991666317, -1.41570770741, 8.01234436035, 6.76956033707, 12.8752861023, 6.40999984741], "cov": [[12048.6650391, -1277.01293945, -1051.32214355, -471.153259277, 1662.62609863, 1727.91345215, 1378.6105957, 925.20135498, -33.9931144714, 55.8694229126, -295.264709473, 148.64440918, -11.8101196289], [-1277.01293945, 3166.37451172, 214.353317261, -86.9614639282, -655.913696289, -566.43927002, -330.85559082, -125.778686523, 217.615753174, 44.4447593689, 157.903594971, -51.8471603394, -31.0559692383], [-1051.32214355, 214.353317261, 1356.47106934, 152.091217041, -147.767868042, -211.293884277, -159.416900635, 58.553565979, 95.1431427002, 165.011245728, 47.4621543884, 15.8386640549, -108.891113281], [-471.153259277, -86.9614639282, 152.091217041, 1232.35656738, 784.601013184, 558.049621582, 437.421783447, 218.95135498, 111.607337952, -39.9750137329, 27.7092113495, 72.9776153564, 155.834365845], [1662.62609863, -655.913696289, -147.767868042, 784.601013184, 1536.4855957, 1281.13989258, 891.920959473, 475.619415283, 60.3014183044, -54.5187759399, -82.7621994019, 125.277412415, 159.756256104], [1727.91345215, -566.43927002, -211.293884277, 558.049621582, 1281.13989258, 1319.98937988, 942.806518555, 472.554077148, 64.6522064209, -71.735458374, -92.6776885986, 77.7466964722, 131.123901367], [1378.6105957, -330.85559082, -159.416900635, 437.421783447, 891.920959473, 942.806518555, 830.561096191, 481.794494629, 122.882736206, -25.6458110809, -63.8338623047, 42.9968719482, 79.3500213623], [925.20135498, -125.778686523, 58.553565979, 218.95135498, 475.619415283, 472.554077148, 481.794494629, 454.586395264, 234.194335938, 94.0563735962, -13.1831846237, 8.14378452301, -15.1783332825], [-33.9931144714, 217.615753174, 95.1431427002, 111.607337952, 60.3014183044, 64.6522064209, 122.882736206, 234.194335938, 303.404724121, 200.202392578, 84.7194366455, -14.3243131638, -52.7923851013], [55.8694229126, 44.4447593689, 165.011245728, -39.9750137329, -54.5187759399, -71.735458374, -25.6458110809, 94.0563735962, 200.202392578, 265.561431885, 149.856842041, 25.9809379578, -72.8616714478], [-295.264709473, 157.903594971, 47.4621543884, 27.7092113495, -82.7621994019, -92.6776885986, -63.8338623047, -13.1831846237, 84.7194366455, 149.856842041, 210.869186401, 122.26991272, 9.486328125], [148.64440918, -51.8471603394, 15.8386640549, 72.9776153564, 125.277412415, 77.7466964722, 42.9968719482, 8.14378452301, -14.3243131638, 25.9809379578, 122.26991272, 239.254592896, 159.44090271], [-11.8101196289, -31.0559692383, -108.891113281, 155.834365845, 159.756256104, 131.123901367, 79.3500213623, -15.1783332825, -52.7923851013, -72.8616714478, 9.486328125, 159.44090271, 278.918548584]], "icov": [[0.000193498839508, -8.38377964101e-05, 0.000255478487816, -6.89500166118e-06, 0.000119366755825, -0.000296281767078, 0.000252146157436, -0.00078701908933, 0.00104280863889, -0.00112046662252, 0.000956208910793, -0.000640487240162, 0.000297091115499], [-8.38377964101e-05, 0.000528746983036, -0.000327818270307, 0.000251215155004, -0.000251655292232, 0.000552358978894, -0.000627212924883, 0.00111581862438, -0.00193988601677, 0.00195098156109, -0.00152696901932, 0.000841796630993, -0.000376178242732], [0.000255478487816, -0.000327818270307, 0.0015775928041, -0.000851603224874, 0.000996272545308, -0.00126392301172, 0.00183713866863, -0.00282324920408, 0.00332442182116, -0.00383410020731, 0.00322721432894, -0.00227354187518, 0.00123081915081], [-6.89500166118e-06, 0.000251215155004, -0.000851603224874, 0.00240653939545, -0.0024502936285, 0.00218406342901, -0.00229856627993, 0.00262924120761, -0.00354869826697, 0.00376544031315, -0.0033646801021, 0.00227588717826, -0.00135023891926], [0.000119366755825, -0.000251655292232, 0.000996272545308, -0.0024502936285, 0.00640055444092, -0.00660058576614, 0.00399146974087, -0.00458242138848, 0.00493738241494, -0.00505243660882, 0.00462341541424, -0.00360256526619, 0.00130386813544], [-0.000296281767078, 0.000552358978894, -0.00126392301172, 0.00218406342901, -0.00660058576614, 0.0119684971869, -0.0109754931182, 0.00785712152719, -0.00627620331943, 0.00547430058941, -0.00396720971912, 0.00286394474097, -0.00122078473214], [0.000252146157436, -0.000627212924883, 0.00183713866863, -0.00229856627993, 0.00399146974087, -0.0109754931182, 0.0177563615143, -0.015151033178, 0.00908695347607, -0.00424308981746, 0.00163187459111, -0.000654284725897, -0.000130153814098], [-0.00078701908933, 0.00111581862438, -0.00282324920408, 0.00262924120761, -0.00458242138848, 0.00785712152719, -0.015151033178, 0.0240545719862, -0.0197921618819, 0.00965287256986, -0.00211770902388, 0.00016736354155, 0.000821802474093], [0.00104280863889, -0.00193988601677, 0.00332442182116, -0.00354869826697, 0.00493738241494, -0.00627620331943, 0.00908695347607, -0.0197921618819, 0.0287043936551, -0.0211142022163, 0.00793515797704, -0.00199146894738, 0.000354955700459], [-0.00112046662252, 0.00195098156109, -0.00383410020731, 0.00376544031315, -0.00505243660882, 0.00547430058941, -0.00424308981746, 0.00965287256986, -0.0211142022163, 0.0290359482169, -0.0200659744442, 0.00877841562033, -0.00212508183904], [0.000956208910793, -0.00152696901932, 0.00322721432894, -0.0033646801021, 0.00462341541424, -0.00396720971912, 0.00163187459111, -0.00211770902388, 0.00793515797704, -0.0200659744442, 0.0289088282734, -0.0186338424683, 0.00757639296353], [-0.000640487240162, 0.000841796630993, -0.00227354187518, 0.00227588717826, -0.00360256526619, 0.00286394474097, -0.000654284725897, 0.00016736354155, -0.00199146894738, 0.00877841562033, -0.0186338424683, 0.0207111276686, -0.0104695484042], [0.000297091115499, -0.000376178242732, 0.00123081915081, -0.00135023891926, 0.00130386813544, -0.00122078473214, -0.000130153814098, 0.000821802474093, 0.000354955700459, -0.00212508183904, 0.00757639296353, -0.0104695484042, 0.00993889849633]]}, "spectral_contrast_coeffs": {"dmean": [0.0484839640558, 0.0603705048561, 0.0535574145615, 0.0406603626907, 0.0254847798496, 0.0167250651866], "dmean2": [0.0774248614907, 0.0949812307954, 0.0827269554138, 0.0641095936298, 0.0404739007354, 0.024888491258], "dvar": [0.00274272705428, 0.00576659711078, 0.00363351800479, 0.00196577538736, 0.000676425814163, 0.000343350722687], "dvar2": [0.00630012340844, 0.0142043447122, 0.00798539072275, 0.00438848137856, 0.00150152097922, 0.000843864108901], "max": [-0.289590299129, -0.254731923342, -0.251944601536, -0.390896886587, -0.593064546585, -0.70882332325], "mean": [-0.614502966404, -0.532845437527, -0.602720737457, -0.711080491543, -0.804492890835, -0.853920936584], "median": [-0.595695674419, -0.508158802986, -0.595914065838, -0.697260737419, -0.805535316467, -0.85668194294], "min": [-0.98726016283, -0.974546134472, -0.979173541069, -0.990402936935, -0.976885557175, -0.966081142426], "var": [0.0151531100273, 0.0158749781549, 0.0195793621242, 0.0133754694834, 0.00473296782002, 0.00151584960986]}, "spectral_contrast_valleys": {"dmean": [0.657219648361, 0.748343467712, 0.786926746368, 0.709143102169, 0.515983343124, 0.640073120594], "dmean2": [1.00435352325, 1.19728720188, 1.24847710133, 1.1910353899, 0.833400845528, 0.821007609367], "dvar": [0.749793291092, 1.16097795963, 1.10558092594, 1.04950594902, 0.47298309207, 0.488263845444], "dvar2": [1.65674948692, 2.75299715996, 2.52540946007, 2.41334486008, 1.08049356937, 1.05344188213], "max": [-4.80623483658, -4.45348453522, -4.93393754959, -5.5715098381, -5.73499155045, -7.59991359711], "mean": [-8.28970050812, -8.4