{"lowlevel": {"average_loudness": 0.94884377718, "barkbands_crest": {"dmean": 2.68912100792, "dmean2": 4.28739500046, "dvar": 9.27059078217, "dvar2": 22.0302124023, "max": 26.583978653, "mean": 14.1048564911, "median": 13.0897169113, "min": 1.8866494894, "var": 29.7807483673}, "barkbands_flatness_db": {"dmean": 0.0357718504965, "dmean2": 0.0541890598834, "dvar": 0.00133501866367, "dvar2": 0.00301081314683, "max": 0.490661561489, "mean": 0.213157355785, "median": 0.204417854548, "min": 0.020376663655, "var": 0.00659377407283}, "barkbands_kurtosis": {"dmean": 14.4481992722, "dmean2": 22.3023319244, "dvar": 1701.09057617, "dvar2": 3934.72241211, "max": 782.06463623, "mean": 21.5862159729, "median": 9.06083869934, "min": -1.93679237366, "var": 2733.30371094}, "barkbands_skewness": {"dmean": 1.10204768181, "dmean2": 1.65634524822, "dvar": 2.13206171989, "dvar2": 4.41353416443, "max": 23.6033115387, "mean": 3.07372236252, "median": 2.57819700241, "min": -2.07347989082, "var": 6.43676662445}, "barkbands_spread": {"dmean": 6.59824943542, "dmean2": 10.3368701935, "dvar": 98.1581497192, "dvar2": 239.949645996, "max": 130.607513428, "mean": 14.5698451996, "median": 8.56121063232, "min": 0.171158760786, "var": 266.529632568}, "dissonance": {"dmean": 0.0277617573738, "dmean2": 0.0439032539725, "dvar": 0.000792364764493, "dvar2": 0.00190898997243, "max": 0.499995678663, "mean": 0.441160053015, "median": 0.454092681408, "min": 0.197462365031, "var": 0.00239510461688}, "dynamic_complexity": 2.80547428131, "erbbands_crest": {"dmean": 3.11422038078, "dmean2": 5.05714225769, "dvar": 8.2042760849, "dvar2": 20.3553256989, "max": 28.3133354187, "mean": 9.68756389618, "median": 8.93456268311, "min": 1.96768939495, "var": 18.7595996857}, "erbbands_flatness_db": {"dmean": 0.0268521364778, "dmean2": 0.0407917648554, "dvar": 0.000707236642484, "dvar2": 0.00153954746202, "max": 0.441820919514, "mean": 0.162538781762, "median": 0.154659241438, "min": 0.0291942637414, "var": 0.00409358926117}, "erbbands_kurtosis": {"dmean": 2.5151181221, "dmean2": 3.97434687614, "dvar": 15.1969003677, "dvar2": 34.6308784485, "max": 171.272460938, "mean": 2.84854698181, "median": 1.19368100166, "min": -1.90339481831, "var": 36.0484733582}, "erbbands_skewness": {"dmean": 0.578640818596, "dmean2": 0.877857863903, "dvar": 0.314787626266, "dvar2": 0.666932344437, "max": 7.93816757202, "mean": 0.804754972458, "median": 0.87153506279, "min": -3.01318144798, "var": 1.35703253746}, "erbbands_spread": {"dmean": 14.7528543472, "dmean2": 22.4547805786, "dvar": 284.848205566, "dvar2": 607.122009277, "max": 171.220397949, "mean": 42.1853790283, "median": 34.4265480042, "min": 0.768719613552, "var": 845.248168945}, "hfc": {"dmean": 9.57037734985, "dmean2": 14.8924446106, "dvar": 283.0519104, "dvar2": 705.359008789, "max": 214.691940308, "mean": 21.0206699371, "median": 15.1109333038, "min": 1.25576565193e-16, "var": 481.230377197}, "melbands_crest": {"dmean": 3.36025428772, "dmean2": 5.0392241478, "dvar": 10.8480024338, "dvar2": 23.9681873322, "max": 39.007270813, "mean": 20.0683250427, "median": 18.6638088226, "min": 1.47144412994, "var": 55.3664321899}, "melbands_flatness_db": {"dmean": 0.0422120951116, "dmean2": 0.0635451227427, "dvar": 0.00191080360673, "dvar2": 0.00430154195055, "max": 0.624408125877, "mean": 0.313567996025, "median": 0.307944238186, "min": 0.0049343938008, "var": 0.0102960634977}, "melbands_kurtosis": {"dmean": 23.7347660065, "dmean2": 35.3410720825, "dvar": 1603.4876709, "dvar2": 3320.04858398, "max": 602.17388916, "mean": 41.145488739, "median": 21.1091194153, "min": -1.79166126251, "var": 3918.81665039}, "melbands_skewness": {"dmean": 1.34297287464, "dmean2": 1.96246099472, "dvar": 2.03702306747, "dvar2": 4.19666576385, "max": 19.5220832825, "mean": 4.26834964752, "median": 3.58313322067, "min": -0.949673652649, "var": 8.10170078278}, "melbands_spread": {"dmean": 4.88601398468, "dmean2": 7.92202806473, "dvar": 101.120513916, "dvar2": 272.196685791, "max": 209.152267456, "mean": 11.4925603867, "median": 6.87797164917, "min": 0.176168426871, "var": 316.452758789}, "pitch_salience": {"dmean": 0.0909314975142, "dmean2": 0.146923825145, "dvar": 0.0110854525119, "dvar2": 0.0270421355963, "max": 0.977050483227, "mean": 0.446559846401, "median": 0.469735354185, "min": 0.0305656194687, "var": 0.0303373448551}, "silence_rate_20dB": {"dmean": 0, "dmean2": 0, "dvar": 0, "dvar2": 0, "max": 1, "mean": 1, "median": 1, "min": 1, "var": 0}, "silence_rate_30dB": {"dmean": 0.077012591064, "dmean2": 0.154041469097, "dvar": 0.0710764527321, "dvar2": 0.1485055089, "max": 1, "mean": 0.914110422134, "median": 1, "min": 0, "var": 0.0785160511732}, "silence_rate_60dB": {"dmean": 0.00232730340213, "dmean2": 0.00465509947389, "dvar": 0.00232218857855, "dvar2": 0.00590418605134, "max": 1, "mean": 0.0469642467797, "median": 0, "min": 0, "var": 0.0447649396956}, "spectral_centroid": {"dmean": 289.988250732, "dmean2": 441.264556885, "dvar": 162231.265625, "dvar2": 314387.65625, "max": 10655.53125, "mean": 954.046630859, "median": 589.287597656, "min": 157.131164551, "var": 731504.25}, "spectral_complexity": {"dmean": 3.9030995369, "dmean2": 6.11002969742, "dvar": 24.2115211487, "dvar2": 54.5324859619, "max": 58, "mean": 13.0477046967, "median": 12, "min": 0, "var": 65.1642456055}, "spectral_decrease": {"dmean": 4.64507055042e-09, "dmean2": 7.23942328307e-09, "dvar": 5.0531424682e-17, "dvar2": 1.13634605011e-16, "max": 5.32205763227e-29, "mean": -1.60292668028e-08, "median": -1.50442041047e-08, "min": -7.5830712376e-08, "var": 9.88192377578e-17}, "spectral_energy": {"dmean": 0.0178242567927, "dmean2": 0.0277112554759, "dvar": 0.000737696769647, "dvar2": 0.0016530842986, "max": 0.291022092104, "mean": 0.0624047592282, "median": 0.0587838068604, "min": 1.11892971876e-20, "var": 0.00145660515409}, "spectral_energyband_high": {"dmean": 0.000829736527521, "dmean2": 0.00127998762764, "dvar": 3.07853224513e-06, "dvar2": 7.30186866349e-06, "max": 0.0206853449345, "mean": 0.00121409806889, "median": 0.00021726108389, "min": 8.14827429431e-21, "var": 5.36013112651e-06}, "spectral_energyband_low": {"dmean": 0.0144445849583, "dmean2": 0.0226272158325, "dvar": 0.000661169819068, "dvar2": 0.00155540043488, "max": 0.228563189507, "mean": 0.041423343122, "median": 0.0338214412332, "min": 4.09446514605e-23, "var": 0.0012536093127}, "spectral_energyband_middle_high": {"dmean": 0.00118987180758, "dmean2": 0.00200091162696, "dvar": 5.32128797204e-06, "dvar2": 1.47450555232e-05, "max": 0.0319587476552, "mean": 0.00202036648989, "median": 0.00144442450255, "min": 1.55449411032e-21, "var": 5.67426877751e-06}, "spectral_energyband_middle_low": {"dmean": 0.0091194966808, "dmean2": 0.0153157273307, "dvar": 0.000255021615885, "dvar2": 0.000721031625289, "max": 0.16684165597, "mean": 0.0196976270527, "median": 0.0164202749729, "min": 2.94914879489e-22, "var": 0.000315958051942}, "spectral_entropy": {"dmean": 0.326458573341, "dmean2": 0.49744862318, "dvar": 0.119850993156, "dvar2": 0.271890610456, "max": 9.80070209503, "mean": 7.26735448837, "median": 7.35961341858, "min": 4.49749183655, "var": 0.545409679413}, "spectral_flux": {"dmean": 0.0395391471684, "dmean2": 0.0586650855839, "dvar": 0.00268279481679, "dvar2": 0.00437830993906, "max": 0.520651519299, "mean": 0.101282060146, "median": 0.0823999345303, "min": 1.05779475457e-10, "var": 0.00560360634699}, "spectral_kurtosis": {"dmean": 4.08061695099, "dmean2": 6.5858373642, "dvar": 50.2173461914, "dvar2": 122.681724548, "max": 119.010002136, "mean": 7.24732160568, "median": 3.70148587227, "min": -1.41315448284, "var": 108.033950806}, "spectral_rms": {"dmean": 0.00105748674832, "dmean2": 0.00163391337264, "dvar": 1.71905935531e-06, "dvar2": 3.78737991014e-06, "max": 0.0168500449508, "mean": 0.007374686189, "median": 0.0075729819946, "min": 3.30399574887e-12, "var": 6.49664207231e-06}, "spectral_rolloff": {"dmean": 388.031677246, "dmean2": 680.242431641, "dvar": 1221396.75, "dvar2": 3065722, "max": 18884.6191406, "mean": 761.006408691, "median": 344.53125, "min": 21.533203125, "var": 3099127}, "spectral_skewness": {"dmean": 0.49154868722, "dmean2": 0.762584686279, "dvar": 0.363860219717, "dvar2": 0.852596521378, "max": 8.48460865021, "mean": 1.86177456379, "median": 1.63321137428, "min": -0.550477862358, "var": 1.22800576687}, "spectral_spread": {"dmean": 998342.25, "dmean2": 1513374.875, "dvar": 1727751913470.0, "dvar2": 3783937228800.0, "max": 39707808, "mean": 5113550, "median": 4543181, "min": 769844.0625, "var": 7773133209600.0}, "spectral_strongpeak": {"dmean": 0.250416100025, "dmean2": 0.433954536915, "dvar": 0.171522691846, "dvar2": 0.451156675816, "max": 4.32589149475, "mean": 0.570541679859, "median": 0.426512181759, "min": 0, "var": 0.245524480939}, "zerocrossingrate": {"dmean": 0.0102476049215, "dmean2": 0.0125360479578, "dvar": 0.000199110188987, "dvar2": 0.000287893548375, "max": 0.51806640625, "mean": 0.0379283092916, "median": 0.02490234375, "min": 0.00146484375, "var": 0.00203133467585}, "barkbands": {"dmean": [0.000816471350845, 0.0122161088511, 0.00400050496683, 0.00311537459493, 0.00436409236863, 0.002843858907, 0.00126135000028, 0.000581744359806, 0.000370131077943, 0.000620749138761, 0.000229488112382, 0.000193725107238, 0.000144802746945, 0.000101205412648, 7.54203501856e-05, 7.12261899025e-05, 8.93444084795e-05, 0.000110496403067, 0.000116185387014, 0.000145918747876, 0.000189839571249, 0.000152701628394, 0.000113850685011, 0.000131713881274, 0.000151282496518, 8.16476749605e-05, 2.38178854488e-05], "dmean2": [0.00113162724301, 0.0196507833898, 0.00718098692596, 0.00545086571947, 0.0074527845718, 0.00439894711599, 0.00189824670088, 0.000891863950528, 0.000588535040151, 0.00103676354047, 0.000380070967367, 0.000321236439049, 0.000246485840762, 0.000175611930899, 0.000127356150188, 0.000123109333799, 0.000154366687639, 0.000194569380255, 0.000204622367164, 0.00025180488592, 0.00029719946906, 0.000244337046752, 0.00017727589875, 0.000202776078368, 0.000230194345932, 0.000123802296002, 3.79467055609e-05], "dvar": [1.13007001801e-06, 0.000541199289728, 0.000118132928037, 4.76578970847e-05, 7.37406153348e-05, 1.60683230206e-05, 4.2717119868e-06, 1.13719022465e-06, 6.07011543252e-07, 1.90856508198e-06, 3.91463743199e-07, 1.48823360746e-07, 1.36713140364e-07, 7.44285486576e-08, 3.13000896313e-08, 2.60103298899e-08, 4.16419858595e-08, 1.68464040939e-07, 9.3349257213e-08, 1.99957227665e-07, 1.87812730701e-07, 1.12512779538e-07, 7.34477865194e-08, 2.07188335821e-07, 2.1788426352e-07, 6.36204973148e-08, 5.62271296189e-09], "dvar2": [1.88744604657e-06, 0.00138072413392, 0.000337209989084, 0.000137087190524, 0.000213781328057, 3.96937321057e-05, 8.64760204422e-06, 2.37040603679e-06, 1.43964166455e-06, 5.09665960635e-06, 1.04564378489e-06, 3.70403483885e-07, 3.72840759155e-07, 2.07247680351e-07, 7.98923167622e-08, 7.07132841171e-08, 1.15277366319e-07, 4.93822028602e-07, 2.72094894171e-07, 5.55760664156e-07, 4.17162766553e-07, 2.61567947746e-07, 1.77308919547e-07, 4.59826395627e-07, 5.07691368057e-07, 1.57965075687e-07, 1.5489689531e-08], "max": [0.0218636970967, 0.201123416424, 0.109343715012, 0.0749401673675, 0.0889658033848, 0.0530964173377, 0.0311057697982, 0.0197789203376, 0.0126780411229, 0.0204304121435, 0.0163998808712, 0.00917880237103, 0.00604006834328, 0.00626219715923, 0.00669477181509, 0.00434747571126, 0.00372864166275, 0.00650522951037, 0.00416698120534, 0.00690262531862, 0.00837174337357, 0.00605924567208, 0.00364806409925, 0.0112060243264, 0.00869174860418, 0.00403694435954, 0.00121180666611], "mean": [0.00291767832823, 0.0320555195212, 0.00478355493397, 0.00362912751734, 0.00630028080195, 0.00533266318962, 0.00220368662849, 0.00109002867248, 0.000593889795709, 0.000802728929557, 0.000300964806229, 0.000269704323728, 0.000168691505678, 0.000116899333079, 0.000100253571873, 9.03990221559e-05, 0.000117356212286, 0.000117557763588, 0.000134825473651, 0.00016198719095, 0.000265510025201, 0.000207891658647, 0.000142881821375, 0.000177284542588, 0.000204270210816, 9.42220867728e-05, 2.48059659498e-05], "median": [0.00212698057294, 0.0252175182104, 0.00186705193482, 0.00140134477988, 0.00356477499008, 0.00309699261561, 0.000850837212056, 0.000319271668559, 0.000199362577405, 0.000267479161266, 9.67561572907e-05, 0.000111061184725, 6.44542451482e-05, 4.8540347052e-05, 4.51169471489e-05, 3.41408594977e-05, 3.78357362933e-05, 2.8710855986e-05, 2.68099975074e-05, 2.6782934583e-05, 3.81604913855e-05, 3.01288200717e-05, 1.58742986969e-05, 1.52087050083e-05, 7.37996833777e-06, 2.11921292248e-06, 6.21900881015e-07], "min": [1.42456020584e-23, 3.04873787722e-23, 1.87093509803e-24, 4.6729654835e-24, 5.90746314375e-23, 1.96919908337e-23, 5.86870419867e-23, 4.04827260688e-23, 8.71623584449e-23, 4.48950680809e-23, 6.67327605767e-23, 6.80410516782e-23, 3.78903019423e-23, 1.31970951593e-22, 1.50393832469e-22, 2.15859657188e-22, 1.76388515857e-22, 3.08975334315e-22, 2.35980835686e-22, 2.90952121928e-22, 4.92197556557e-22, 6.19715849035e-22, 7.61025904004e-22, 8.22272862737e-22, 1.22789923321e-21, 1.88525205255e-21, 2.36257323229e-21], "var": [9.38625726121e-06, 0.000933550531045, 8.33997037262e-05, 4.16817274527e-05, 6.9821922807e-05, 3.97512812924e-05, 1.25662227219e-05, 3.80811638934e-06, 1.3181244185e-06, 2.23680285671e-06, 4.61189046064e-07, 2.9181563832e-07, 1.15924159161e-07, 5.88893520614e-08, 4.52152875141e-08, 2.84804411166e-08, 5.16000895345e-08, 1.21445424384e-07, 9.20762630585e-08, 1.75007755843e-07, 3.76818633185e-07, 2.17974090333e-07, 1.09516172131e-07, 3.40178758051e-07, 3.80972295488e-07, 7.94870516074e-08, 5.77945247215e-09]}, "erbbands": {"dmean": [0.403443485498, 2.78808069229, 4.94323158264, 7.35877323151, 13.8690929413, 14.3131084442, 22.6212368011, 19.4474067688, 23.7103767395, 11.2881803513, 13.3737754822, 8.97385215759, 21.0172176361, 9.20824432373, 8.59191513062, 8.48691177368, 6.28014802933, 6.01539134979, 4.1544303894, 3.52087807655, 3.71226024628, 4.85520982742, 5.25659132004, 6.3708319664, 5.5597910881, 7.20930099487, 6.80867147446, 7.67698764801, 6.05958366394, 4.06773376465, 3.205037117, 2.3795235157, 2.6131837368, 1.8194116354, 1.0278544426, 0.428863227367, 0.141521215439, 0.0363198034465, 0.00422847783193, 0.000154030683916], "dmean2": [0.638293087482, 4.47679042816, 8.55046844482, 12.9331407547, 23.7575054169, 24.6345653534, 36.3305931091, 30.1951541901, 35.1909599304, 16.7849655151, 20.5800514221, 14.3050298691, 34.3389282227, 15.6084480286, 14.2723264694, 13.9507036209, 10.5619573593, 10.4206390381, 7.01529836655, 5.93940830231, 6.35941982269, 8.34088230133, 9.16331672668, 11.3312120438, 9.56196784973, 12.4449872971, 11.2222995758, 11.7923460007, 9.57890510559, 6.27510881424, 5.04302358627, 3.59155893326, 4.1165471077, 2.7830312252, 1.53812491894, 0.652213394642, 0.218529209495, 0.0564095266163, 0.00685223517939, 0.000237253101659], "dvar": [0.368069052696, 37.5887107849, 166.219558716, 307.294281006, 858.614807129, 893.700195312, 1379.10681152, 858.37286377, 1355.71435547, 578.594116211, 710.027832031, 348.549163818, 1665.42114258, 748.253417969, 393.089538574, 293.312561035, 211.933044434, 364.47366333, 101.948425293, 70.5295257568, 70.2351226807, 123.651893616, 307.51663208, 561.365234375, 157.011032104, 588.293640137, 277.030487061, 294.631072998, 193.24899292, 82.3500976562, 62.2742919922, 48.0914955139, 89.1882171631, 31.7811832428, 9.72992992401, 1.81774020195, 0.213125169277, 0.0111400783062, 0.000182970587048, 2.51837207088e-07], "dvar2": [0.945219218731, 95.3410873413, 461.73348999, 880.656066895, 2617.0925293, 2507.36914062, 3565.16162109, 1970.11193848, 2806.19848633, 1082.19213867, 1512.07519531, 833.6484375, 4249.66894531, 2061.61669922, 1026.72375488, 706.217041016, 566.32043457, 1016.50274658, 281.633789062, 168.314605713, 191.061157227, 341.331451416, 900.996826172, 1625.33117676, 448.874359131, 1660.59960938, 662.929321289, 632.103759766, 448.858337402, 206.1590271, 149.51449585, 107.097106934, 201.976776123, 74.9909744263, 22.2797985077, 4.53416872025, 0.538586676121, 0.0297123584896, 0.00051293784054, 6.48433967854e-07], "max": [5.36956310272, 52.5861244202, 125.662849426, 189.361755371, 339.022003174, 325.041595459, 476.2784729, 638.045166016, 756.37677002, 438.941223145, 536.161682129, 364.492584229, 597.415466309, 581.475402832, 427.604064941, 435.242889404, 222.699417114, 480.125732422, 339.527313232, 275.027374268, 177.344818115, 179.164535522, 273.679779053, 335.840057373, 123.955177307, 374.689147949, 310.336120605, 364.385681152, 257.423980713, 121.783493042, 112.983505249, 132.531036377, 231.756591797, 100.881568909, 61.809551239, 23.1430511475, 8.1915435791, 1.54678010941, 0.230587214231, 0.0110365580767], "mean": [1.37870228291, 5.23131036758, 6.98092079163, 8.69873523712, 18.4906406403, 19.0480327606, 34.6261520386, 36.2146453857, 42.237575531, 21.8172855377, 24.6185417175, 16.1464233398, 29.5606880188, 12.3505992889, 11.6306943893, 12.1487627029, 7.9520483017, 7.11120939255, 5.56253576279, 4.91748952866, 5.11191606522, 6.52546977997, 6.19690656662, 6.92398881912, 6.76415681839, 8.03323364258, 9.33364486694, 10.9454593658, 8.07615375519, 5.05349159241, 4.06874799728, 3.22935724258, 3.3173789978, 2.39324831963, 1.37414062023, 0.509192705154, 0.15590710938, 0.0380844995379, 0.004365157336, 0.000225386960665], "median": [1.11248874664, 3.70944833755, 3.17555713654, 3.92517137527, 8.81504440308, 9.40153598785, 13.8496465683, 20.5029640198, 18.9907093048, 7.01537227631, 7.51988983154, 6.24221658707, 9.67905044556, 5.36603736877, 4.52426719666, 5.05823564529, 3.43233561516, 3.13907623291, 2.65638780594, 2.34563684464, 2.0721821785, 2.0076482296, 1.67170882225, 1.38485693932, 1.39816403389, 1.30302333832, 1.40203213692, 1.51749515533, 1.12035346031, 0.733293950558, 0.434894144535, 0.331452637911, 0.219224125147, 0.102983877063, 0.039860535413, 0.0141227245331, 0.00278083886951, 0.000652921036817, 0.00012309057638, 8.79146246007e-05], "min": [1.37582572334e-21, 5.10315306034e-21, 2.6664439676e-21, 1.11626925065e-20, 2.23898954072e-20, 2.84819636502e-19, 2.24610090292e-19, 1.9183539789e-19, 4.04850832912e-19, 1.26260631565e-18, 9.57835651462e-19, 2.01157565712e-18, 1.87164378764e-18, 2.08470876303e-18, 2.00356648084e-18, 3.18693685542e-18, 2.49227595367e-18, 5.80963603064e-18, 6.45552388193e-18, 8.3334509335e-18, 1.24701836584e-17, 1.07733615981e-17, 1.44728383794e-17, 1.43115365056e-17, 1.31601168094e-17, 1.14370441723e-17, 1.60113794295e-17, 2.27942488719e-17, 2.20849464598e-17, 2.17560544851e-17, 2.18569159259e-17, 1.43969941891e-17, 1.56864661936e-17, 1.29312938365e-17, 9.77059535693e-18, 5.52464087675e-18, 3.92014913e-18, 1.40972824581e-18, 3.54983086462e-19, 3.39271973336e-20], "var": [1.56127810478, 41.9563293457, 137.111984253, 233.323516846, 833.68737793, 863.899963379, 2528.12915039, 2281.95703125, 3450.9206543, 2121.47949219, 2091.10058594, 859.709594727, 2709.20166016, 677.768249512, 613.819641113, 641.660766602, 200.952697754, 265.366455078, 109.766716003, 118.042442322, 80.9476776123, 157.328048706, 251.206466675, 432.181854248, 183.880691528, 489.41506958, 492.843933105, 615.446777344, 360.143585205, 123.967041016, 90.9912490845, 76.0453109741, 144.28666687, 54.0781440735, 17.8418140411, 2.30717277527, 0.244938611984, 0.0122183682397, 0.000183350435691, 2.95728455058e-07]}, "gfcc": {"mean": [-19.9826221466, 113.922813416, -76.9242095947, 37.6825942993, -51.1925468445, 9.78802013397, -21.1169452667, 0.482240647078, -13.3988342285, 4.18713951111, -7.45907258987, 5.02748203278, -2.96048927307], "cov": [[8024.19384766, -1608.45080566, 758.952270508, -98.0117797852, -743.052856445, 507.989196777, -610.803039551, 822.148071289, -406.840820312, 327.554870605, -233.821746826, 28.032119751, -44.7630271912], [-1608.45080566, 3320.86645508, -296.775756836, -277.533660889, 366.294006348, -483.732299805, 393.155609131, -640.487121582, 312.738830566, -217.578781128, 301.096588135, -90.5113525391, 201.571136475], [758.952270508, -296.775756836, 1258.88269043, -388.576843262, -53.4729270935, 150.229812622, -86.7291412354, 350.278198242, -2.47725725174, 163.15663147, -27.4255142212, 67.8940124512, -43.8994750977], [-98.0117797852, -277.533660889, -388.576843262, 819.50378418, 77.4266891479, -20.3353595734, 128.293121338, -177.472900391, 79.7438659668, -21.730676651, 52.5511779785, 25.5458583832, 11.4066467285], [-743.052856445, 366.294006348, -53.4729270935, 77.4266891479, 423.287597656, 75.2857055664, 232.832382202, -4.67113447189, 134.73046875, 38.6152076721, 89.7864151001, 38.3046379089, 21.7563285828], [507.989196777, -483.732299805, 150.229812622, -20.3353595734, 75.2857055664, 346.382202148, 35.7432174683, 257.059051514, -1.21150565147, 100.855072021, -6.6052904129, 28.5202255249, -15.4227333069], [-610.803039551, 393.155609131, -86.7291412354, 128.293121338, 232.832382202, 35.7432174683, 367.333099365, -55.3745689392, 188.585296631, 18.8976573944, 91.1608123779, 27.0849113464, 30.4674873352], [822.148071289, -640.487121582, 350.278198242, -177.472900391, -4.67113447189, 257.059051514, -55.3745689392, 524.428771973, -22.195022583, 173.946792603, -60.2777633667, 29.0312042236, -18.7339935303], [-406.840820312, 312.738830566, -2.47725725174, 79.7438659668, 134.73046875, -1.21150565147, 188.585296631, -22.195022583, 239.977630615, 35.9149742126, 80.8265914917, 31.8311805725, 14.7274951935], [327.554870605, -217.578781128, 163.15663147, -21.730676651, 38.6152076721, 100.855072021, 18.8976573944, 173.946792603, 35.9149742126, 151.685333252, 28.9595394135, 42.8656959534, 2.85021734238], [-233.821746826, 301.096588135, -27.4255142212, 52.5511779785, 89.7864151001, -6.6052904129, 91.1608123779, -60.2777633667, 80.8265914917, 28.9595394135, 132.400909424, 31.9918289185, 45.947845459], [28.032119751, -90.5113525391, 67.8940124512, 25.5458583832, 38.3046379089, 28.5202255249, 27.0849113464, 29.0312042236, 31.8311805725, 42.8656959534, 31.9918289185, 75.6719207764, 16.0405445099], [-44.7630271912, 201.571136475, -43.8994750977, 11.4066467285, 21.7563285828, -15.4227333069, 30.4674873352, -18.7339935303, 14.7274951935, 2.85021734238, 45.947845459, 16.0405445099, 82.3551025391]], "icov": [[0.000236925916397, -0.000176085159183, -3.05365720124e-05, -0.000224750619964, 0.000491153041366, -0.000394012691686, 0.000169627935975, -0.00021398095123, 0.000273060955806, -0.000444410543423, 0.000293403223623, -0.00028607074637, 0.000118215764815], [-0.000176085159183, 0.00127957819495, -0.000115309165267, 0.00092290667817, -0.00109470495954, 0.00123222440016, -0.000456703302916, 0.000816662271973, -0.00101284508128, 0.000987666076981, -0.0015928724315, 0.00228101899847, -0.00195082696155], [-3.05365720124e-05, -0.000115309165267, 0.00123072892893, 0.000420995376771, 0.000205648801057, -4.04758575314e-05, 0.000101987934613, -0.000471070961794, -9.19943413464e-05, -0.000524541479535, 7.74461932451e-06, -0.00117931014393, 0.000916547491215], [-0.000224750619964, 0.00092290667817, 0.000420995376771, 0.00232820492238, -0.000827233016025, 0.000675603805576, -0.000649554014672, 0.00121206324548, -0.00101290456951, 0.000365149026038, -0.00104482204188, 0.000834137958009, -0.0010290684877], [0.000491153041366, -0.00109470495954, 0.000205648801057, -0.000827233016025, 0.00543913850561, -0.00204355781898, -0.00148092501331, -0.000913294788916, 0.000898190890439, -0.00131085037719, 0.000240797002334, -0.00265126838349, 0.00195785705], [-0.000394012691686, 0.00123222440016, -4.04758575314e-05, 0.000675603805576, -0.00204355781898, 0.00664759473875, -0.00143360137008, -0.00178279390093, 0.000110524902993, 0.00106718332972, -0.00241440208629, 0.0016216362128, -0.000461202027509], [0.000169627935975, -0.000456703302916, 0.000101987934613, -0.000649554014672, -0.00148092501331, -0.00143360137008, 0.0064496230334, 0.00025105586974, -0.00317239109427, -0.000250565557508, 0.000428393599577, -0.000200014736038, -0.000475905631902], [-0.00021398095123, 0.000816662271973, -0.000471070961794, 0.00121206324548, -0.000913294788916, -0.00178279390093, 0.00025105586974, 0.00628931028768, -0.00128921470605, -0.00425266940147, 0.00256154080853, 0.0021544622723, -0.00275997677818], [0.000273060955806, -0.00101284508128, -9.19943413464e-05, -0.00101290456951, 0.000898190890439, 0.000110524902993, -0.00317239109427, -0.00128921470605, 0.00905523449183, -0.00169261160772, -0.0014441725798, -0.00266088172793, 0.00314572639763], [-0.000444410543423, 0.000987666076981, -0.000524541479535, 0.000365149026038, -0.00131085037719, 0.00106718332972, -0.000250565557508, -0.00425266940147, -0.00169261160772, 0.0163531657308, -0.00620349496603, -0.00232354854234, 0.000332687573973], [0.000293403223623, -0.0015928724315, 7.74461932451e-06, -0.00104482204188, 0.000240797002334, -0.00241440208629, 0.000428393599577, 0.00256154080853, -0.0014441725798, -0.00620349496603, 0.0174911357462, -0.00437390804291, -0.00431838305667], [-0.00028607074637, 0.00228101899847, -0.00117931014393, 0.000834137958009, -0.00265126838349, 0.0016216362128, -0.000200014736038, 0.0021544622723, -0.00266088172793, -0.00232354854234, -0.00437390804291, 0.0224184598774, -0.00628440920264], [0.000118215764815, -0.00195082696155, 0.000916547491215, -0.0010290684877, 0.00195785705, -0.000461202027509, -0.000475905631902, -0.00275997677818, 0.00314572639763, 0.000332687573973, -0.00431838305667, -0.00628440920264, 0.0196166429669]]}, "melbands": {"dmean": [0.00344432145357, 0.00279102521017, 0.00147205532994, 0.000998497707769, 0.000718105584383, 0.000487864541356, 0.000338293000823, 0.000116853996587, 0.00010481368372, 5.75619342271e-05, 0.000106016879727, 3.85270323022e-05, 2.93374432658e-05, 2.22576563829e-05, 1.84674172488e-05, 1.51214962898e-05, 1.08558115244e-05, 6.91337436365e-06, 5.28849022885e-06, 5.18787055626e-06, 4.37105109086e-06, 5.25923496753e-06, 4.8361748668e-06, 5.75592412133e-06, 5.26362782693e-06, 4.34865523857e-06, 4.04153843192e-06, 5.10855443281e-06, 3.92755237044e-06, 5.20554567629e-06, 4.34101502833e-06, 3.7115773921e-06, 2.58874092651e-06, 2.21570326175e-06, 1.94044491764e-06, 1.52561597133e-06, 1.46991112615e-06, 1.79860285243e-06, 1.82822236638e-06, 1.54182521328e-06], "dmean2": [0.00557272415608, 0.00454607605934, 0.00258115190081, 0.00171210989356, 0.00117155432235, 0.000749258324504, 0.000499366782606, 0.000174196320586, 0.000161764182849, 9.23816915019e-05, 0.000173764085048, 6.57410637359e-05, 4.91106766276e-05, 3.65496380255e-05, 3.09030110657e-05, 2.5674524295e-05, 1.89092006622e-05, 1.1770396668e-05, 8.92544449016e-06, 8.91386207513e-06, 7.4792005762e-06, 8.96419078344e-06, 8.39680160425e-06, 1.0260554518e-05, 9.38626817515e-06, 7.59476506573e-06, 6.90887463861e-06, 8.84043765836e-06, 6.47111755825e-06, 8.58669318404e-06, 6.61937747282e-06, 5.98357928538e-06, 4.06593744628e-06, 3.50928803527e-06, 3.10501673084e-06, 2.3413715553e-06, 2.23842494051e-06, 2.82948781205e-06, 2.99331372844e-06, 2.37451308749e-06], "dvar": [3.52436436515e-05, 4.36464470113e-05, 1.12563993753e-05, 4.10060783906e-06, 1.38740290367e-06, 4.80081780552e-07, 2.65947790012e-07, 5.45930092244e-08, 4.37222098526e-08, 1.5622115157e-08, 4.38199130315e-08, 1.57017154834e-08, 5.91360738156e-09, 1.84313442286e-09, 1.63374858086e-09, 1.84267123782e-09, 1.08624054196e-09, 2.89823970379e-10, 1.32450994617e-10, 1.54911500294e-10, 9.82242065461e-11, 1.34513566952e-10, 1.86621620935e-10, 5.32386135177e-10, 3.90526638805e-10, 9.53213619148e-11, 1.03914495064e-10, 3.01319164064e-10, 9.48784523169e-11, 1.59203233929e-10, 9.64297669492e-11, 7.56323961792e-11, 3.33316464707e-11, 2.88094062495e-11, 2.4187478409e-11, 1.6839502015e-11, 2.0607916415e-11, 4.10259430594e-11, 4.11899056529e-11, 2.25233338924e-11], "dvar2": [9.10053422558e-05, 0.000112634945253, 3.2880652725e-05, 1.19317164717e-05, 3.65978075934e-06, 1.0937924344e-06, 5.44995828022e-07, 1.02070153218e-07, 9.38417272778e-08, 3.69510750886e-08, 1.12741957992e-07, 4.36111200486e-08, 1.58919917226e-08, 4.54382620418e-09, 4.24748680672e-09, 5.06269248746e-09, 3.01883007481e-09, 8.02938326938e-10, 3.23595067409e-10, 4.07818889769e-10, 2.66236893642e-10, 3.5740410631e-10, 5.32062893743e-10, 1.58725166344e-09, 1.11364439892e-09, 2.74369804654e-10, 2.95256069593e-10, 8.47247827451e-10, 2.22747292833e-10, 3.92361337864e-10, 1.98690980335e-10, 1.80731596355e-10, 8.04444844071e-11, 7.46416262132e-11, 6.00459890143e-11, 3.85554366211e-11, 4.561964001e-11, 9.137597623e-11, 1.00224974153e-10, 5.31400444481e-11], "max": [0.0499688051641, 0.057527128607, 0.0328172929585, 0.0179596431553, 0.016238886863, 0.0123873734847, 0.0100404582918, 0.00445895362645, 0.00403664819896, 0.00246590911411, 0.0029850366991, 0.00256115058437, 0.00187931023538, 0.00119863450527, 0.000540718203411, 0.000766216428019, 0.000811985577457, 0.000484443095047, 0.000413153291447, 0.000340940867318, 0.000190039267181, 0.000252320489381, 0.000292034324957, 0.000353004608769, 0.000320756807923, 0.000134194633574, 0.000120056989545, 0.000269477837719, 0.000216449683649, 0.00027735659387, 0.000213731094846, 0.000132072149427, 0.000131203792989, 6.87399733579e-05, 7.57015004638e-05, 8.72175805853e-05, 9.88657120615e-05, 0.000160070776474, 0.000115496513899, 8.54483951116e-05], "mean": [0.0101776579395, 0.00475644180551, 0.00183242128696, 0.00134646857623, 0.00109930778854, 0.000920534483157, 0.000610685150605, 0.000223240407649, 0.000184865668416, 9.85668593785e-05, 0.000145839570905, 4.73391810374e-05, 3.75485542463e-05, 3.28587921103e-05, 2.28312055697e-05, 1.76606044988e-05, 1.22907204059e-05, 8.80614970811e-06, 7.0310384217e-06, 6.59725264995e-06, 5.84673216508e-06, 6.96151846569e-06, 5.86810665482e-06, 5.71546161154e-06, 5.54220923732e-06, 5.07406002725e-06, 4.62176103611e-06, 5.43588521396e-06, 5.367470294e-06, 6.59118995827e-06, 6.22650532023e-06, 4.82008726976e-06, 3.32230251843e-06, 2.58262730313e-06, 2.37091785493e-06, 2.04786010727e-06, 1.93297069018e-06, 2.29559282161e-06, 2.20552738028e-06, 1.98005136554e-06], "median": [0.00816617999226, 0.00290656229481, 0.000958664924838, 0.000706324062776, 0.000480075977976, 0.000532160163857, 0.0002624814515, 6.24131207587e-05, 5.19784007338e-05, 3.3995413105e-05, 4.65209159302e-05, 1.87905970961e-05, 1.30965727294e-05, 1.37479446494e-05, 9.97324968921e-06, 6.06756384514e-06, 4.9595460041e-06, 3.91692492485e-06, 3.21163633998e-06, 2.49630033977e-06, 2.28910857913e-06, 2.11165979636e-06, 1.59257410814e-06, 1.27658620386e-06, 1.02407034319e-06, 9.85832002698e-07, 9.09138861971e-07, 8.05385184321e-07, 8.32857836031e-07, 8.53906840348e-07, 8.4760961272e-07, 6.11608811596e-07, 4.93294976422e-07, 3.36001988899e-07, 2.31409131857e-07, 2.07161633625e-07, 1.84754767929e-07, 1.55701371796e-07, 1.01355723814e-07, 7.45299502114e-08], "min": [1.0898258556e-23, 2.92873998508e-24, 1.66040232192e-24, 9.79334289572e-24, 1.12237488764e-23, 4.01962102103e-24, 8.29206801788e-24, 1.29590488081e-23, 9.03834384486e-24, 1.25364386663e-23, 8.62840517571e-24, 7.72437057833e-24, 7.94626847349e-24, 6.48112224182e-24, 7.30350381906e-24, 5.88510035704e-24, 1.15672339029e-23, 9.35667130822e-24, 1.30304880517e-23, 1.2224751834e-23, 1.46533311282e-23, 1.07459831578e-23, 1.07253962547e-23, 1.46673444533e-23, 1.10845464811e-23, 1.07798339681e-23, 9.17115488914e-24, 7.17221212088e-24, 9.35356161853e-24, 1.36155798742e-23, 1.11709740819e-23, 1.21873006625e-23, 1.2264241422e-23, 1.22139688943e-23, 1.2176590298e-23, 1.20563379193e-23, 7.86903346885e-24, 1.08827219405e-23, 1.21862514775e-23, 1.02453617721e-23], "var": [8.53156088851e-05, 4.39368886873e-05, 8.52289940667e-06, 3.69235681319e-06, 2.31887202062e-06, 1.29332806864e-06, 7.28549878204e-07, 2.11160795516e-07, 1.2450993836e-07, 3.80565694513e-08, 6.8041899226e-08, 1.29688748629e-08, 7.03716551698e-09, 4.07965172755e-09, 1.81842552127e-09, 1.52801460374e-09, 8.08343669778e-10, 2.95744040368e-10, 2.13320069942e-10, 1.89864693412e-10, 1.16497589353e-10, 1.89383911331e-10, 1.87309653898e-10, 3.39204886401e-10, 3.09080566696e-10, 1.15150194935e-10, 1.00413517778e-10, 2.46526493664e-10, 1.7333538771e-10, 2.37267733239e-10, 2.10686579294e-10, 1.34834227117e-10, 5.51530036919e-11, 3.73136729848e-11, 3.30003038784e-11, 2.41041717836e-11, 3.2672343997e-11, 6.90699164529e-11, 5.98629271154e-11, 3.65890442944e-11]}, "mfcc": {"mean": [-675.141540527, 144.668243408, 30.2653465271, 36.3764419556, 1.46871590614, 15.8321723938, 2.27857351303, 4.40485191345, 2.22121191025, -0.380049467087, 0.700754165649, 4.27177429199, 1.89719605446], "cov": [[7132.04296875, -1561.61938477, 641.939880371, -347.592590332, 25.5168647766, -425.45324707, 59.4746437073, -127.133132935, 114.349098206, 4.51224946976, 31.7939319611, -17.9852161407, -116.888763428], [-1561.61938477, 3000.79174805, -128.320480347, -41.9668540955, -91.9141693115, 75.6291885376, -53.3432807922, -87.2813186646, -85.2938842773, -58.7338867188, -29.0852203369, -4.19838762283, 50.8513832092], [641.939880371, -128.320480347, 956.684326172, -259.761993408, 89.800163269, -225.16317749, 10.858997345, -18.0607070923, 52.7461547852, 58.7462120056, 40.6310348511, 2.18413043022, 32.3258972168], [-347.592590332, -41.9668540955, -259.761993408, 640.28302002, -65.328994751, 264.728088379, -60.5385246277, 19.3922157288, -56.5799217224, -36.1447067261, -24.1709766388, 43.7691955566, 10.5629682541], [25.5168647766, -91.9141693115, 89.800163269, -65.328994751, 240.077590942, -23.6802482605, 92.1713256836, 38.2036476135, 59.7860984802, 30.817325592, 60.9346313477, 31.542219162, 36.5845870972], [-425.45324707, 75.6291885376, -225.16317749, 264.728088379, -23.6802482605, 362.026123047, 24.3663463593, 75.3612747192, -33.7326660156, 14.1111764908, 11.0297117233, 54.4180107117, 14.0610570908], [59.4746437073, -53.3432807922, 10.858997345, -60.5385246277, 92.1713256836, 24.3663463593, 209.540969849, 61.5839614868, 82.682220459, 54.5145454407, 66.9059524536, 27.2916507721, 31.2665786743], [-127.133132935, -87.2813186646, -18.0607070923, 19.3922157288, 38.2036476135, 75.3612747192, 61.5839614868, 160.910644531, 82.3106002808, 94.1783828735, 63.0552787781, 37.3371429443, 35.646396637], [114.349098206, -85.2938842773, 52.7461547852, -56.5799217224, 59.7860984802, -33.7326660156, 82.682220459, 82.3106002808, 167.752243042, 94.2788543701, 88.0721206665, 37.89635849, 35.3355331421], [4.51224946976, -58.7338867188, 58.7462120056, -36.1447067261, 30.817325592, 14.1111764908, 54.5145454407, 94.1783828735, 94.2788543701, 154.619689941, 80.8496780396, 46.4585952759, 44.8363685608], [31.7939319611, -29.0852203369, 40.6310348511, -24.1709766388, 60.9346313477, 11.0297117233, 66.9059524536, 63.0552787781, 88.0721206665, 80.8496780396, 126.940353394, 60.1215362549, 44.2364311218], [-17.9852161407, -4.19838762283, 2.18413043022, 43.7691955566, 31.542219162, 54.4180107117, 27.2916507721, 37.3371429443, 37.89635849, 46.4585952759, 60.1215362549, 88.3869476318, 41.5124359131], [-116.888763428, 50.8513832092, 32.3258972168, 10.5629682541, 36.5845870972, 14.0610570908, 31.2665786743, 35.646396637, 35.3355331421, 44.8363685608, 44.2364311218, 41.5124359131, 83.7980270386]], "icov": [[0.000184647447895, 8.7803338829e-05, -8.71545635164e-05, 1.58114689839e-05, 8.32293662825e-05, 0.000113112255349, -9.36999931582e-05, 0.000184696691576, -0.000109373278974, 1.54181470862e-05, -3.27294474118e-05, -0.000184470511158, 0.000283518194919], [8.7803338829e-05, 0.000407617364544, 3.39634038937e-06, 0.000149321218487, 0.00017580135318, -0.000143108482007, 1.82085223059e-05, 0.000351585069438, -8.39267795527e-06, 9.82827768894e-05, -9.93130015559e-05, 2.42994337896e-05, -0.000362761871656], [-8.71545635164e-05, 3.39634038937e-06, 0.0013863859931, 0.000257514533587, -0.00038752114051, 0.00057646248024, 0.000237845641095, 0.000140062096762, 0.000233813159866, -0.000569780182559, -1.42116177813e-05, -7.81229900895e-05, -0.000514300598297], [1.58114689839e-05, 0.000149321218487, 0.000257514533587, 0.00260456069373, 0.000257112085819, -0.00178154814057, 0.000868234084919, 0.000224972318392, -0.000379902077839, 0.000749364320654, 0.000300941319438, -0.000715978269, -0.000774107000325], [8.32293662825e-05, 0.00017580135318, -0.00038752114051, 0.000257112085819, 0.00577969755977, 0.000363220402505, -0.00189799454529, -0.000502525130287, -0.000281196029391, 0.00150843022857, -0.0013615769567, -0.000807165110018, -0.00110570376273], [0.000113112255349, -0.000143108482007, 0.00057646248024, -0.00178154814057, 0.000363220402505, 0.00599584588781, -0.00148865638766, -0.00297540938482, 0.00278647639789, -0.000228659017012, 0.000184817487025, -0.00300346780568, 0.00124096486252], [-9.36999931582e-05, 1.82085223059e-05, 0.000237845641095, 0.000868234084919, -0.00189799454529, -0.00148865638766, 0.00742227351293, -0.000336800614605, -0.00232126773335, 0.000277657032711, -0.0014179997379, 0.00123883783817, -0.000925533531699], [0.000184696691576, 0.000351585069438, 0.000140062096762, 0.000224972318392, -0.000502525130287, -0.00297540938482, -0.000336800614605, 0.0130309462547, -0.00365415099077, -0.00505208596587, -0.000359253725037, 0.00151052302681, -0.00105160032399], [-0.000109373278974, -8.39267795527e-06, 0.000233813159866, -0.000379902077839, -0.000281196029391, 0.00278647639789, -0.00232126773335, -0.00365415099077, 0.0136506613344, -0.00330163072795, -0.00450664572418, -0.000490544422064, 0.000518393411767], [1.54181470862e-05, 9.82827768894e-05, -0.000569780182559, 0.000749364320654, 0.00150843022857, -0.000228659017012, 0.000277657032711, -0.00505208596587, -0.00330163072795, 0.0145305255428, -0.00345153710805, -0.00148714031093, -0.00231112749316], [-3.27294474118e-05, -9.93130015559e-05, -1.42116177813e-05, 0.000300941319438, -0.0013615769567, 0.000184817487025, -0.0014179997379, -0.000359253725037, -0.00450664572418, -0.00345153710805, 0.0188905391842, -0.00775954965502, -0.00115363032091], [-0.000184470511158, 2.42994337896e-05, -7.81229900895e-05, -0.000715978269, -0.000807165110018, -0.00300346780568, 0.00123883783817, 0.00151052302681, -0.000490544422064, -0.00148714031093, -0.00775954965502, 0.0219121333212, -0.00615631090477], [0.000283518194919, -0.000362761871656, -0.000514300598297, -0.000774107000325, -0.00110570376273, 0.00124096486252, -0.000925533531699, -0.00105160032399, 0.000518393411767, -0.00231112749316, -0.00115363032091, -0.00615631090477, 0.0185889396816]]}, "spectral_contrast_coeffs": {"dmean": [0.0488866567612, 0.0596471354365, 0.0442869216204, 0.0290970727801, 0.0217704176903, 0.028480829671], "dmean2": [0.079608283937, 0.0910989642143, 0.0697757080197, 0.0471707098186, 0.0352284125984, 0.0447719693184], "dvar": [0.0016378632281, 0.00238879933022, 0.0014713939745, 0.000599165738095, 0.000377285294235, 0.000879004714079], "dvar2": [0.0043296860531, 0.00546590425074, 0.00334799545817, 0.00145204504952, 0.000905638560653, 0.00208243587986], "max": [-0.210291579366, -0.331597298384, -0.458979964256, -0.557229101658, -0.58397257328, -0.446614682674], "mean": [-0.660826206207, -0.681540608406, -0.78340691328, -0.823446691036, -0.829438865185, -0.742817342281], "median": [-0.680527091026, -0.686222910881, -0.798332929611, -0.830868124962, -0.834500789642, -0.751531600952], "min": [-0.983177006245, -0.965632498264, -0.968268036842, -0.970395028591, -0.961527764797, -0.957064688206], "var": [0.012220214121, 0.0106117473915, 0.00607547489926, 0.00201318529435, 0.00157786207274, 0.00649091787636]}, "spectral_contrast_valleys": {"dmean": [0.397214949131, 0.460677623749, 0.43696436286, 0.418990314007, 0.436704069376, 0.424676924944], "dmean2": [0.632694900036, 0.701257407665, 0.665897071362, 0.64136916399, 0.660714507103, 0.620667695999], "dvar": [0.165092021227, 0.200312614441, 0.192882284522, 0.205373674631, 0.277619361877, 0.29427960515], "dvar2": [0.375524163246, 0.423769652843, 0.396547019482, 0.421150028706, 0.590425848961, 0.581094384193], "max": [-4.67675065994, -4.51392269135, -5.30234241486, -5.81359577179, -5.4261302948, -7.30181074142], "mean"