{"lowlevel": {"average_loudness": 0.476623743773, "barkbands_crest": {"dmean": 1.63103759289, "dmean2": 2.56709718704, "dvar": 2.36519861221, "dvar2": 7.10267591476, "max": 24.6247844696, "mean": 14.0482940674, "median": 13.7890367508, "min": 4.18914461136, "var": 18.1023254395}, "barkbands_flatness_db": {"dmean": 0.0168050210923, "dmean2": 0.0263066850603, "dvar": 0.000272381759714, "dvar2": 0.000709687767085, "max": 0.581936538219, "mean": 0.395236879587, "median": 0.397880107164, "min": 0.0462482795119, "var": 0.0037007080391}, "barkbands_kurtosis": {"dmean": 4.37682962418, "dmean2": 6.98431301117, "dvar": 60.7276802063, "dvar2": 150.96635437, "max": 274.242950439, "mean": 13.3040113449, "median": 8.18558502197, "min": -1.97329354286, "var": 411.814971924}, "barkbands_skewness": {"dmean": 0.44612428546, "dmean2": 0.716789841652, "dvar": 0.262899309397, "dvar2": 0.683852493763, "max": 12.6870698929, "mean": 1.74336910248, "median": 1.5652449131, "min": -2.06354665756, "var": 1.78449356556}, "barkbands_spread": {"dmean": 0.746810317039, "dmean2": 1.12938690186, "dvar": 6.00324249268, "dvar2": 13.5535831451, "max": 104.982597351, "mean": 3.28585004807, "median": 2.12437534332, "min": 0.216620057821, "var": 22.1694545746}, "dissonance": {"dmean": 0.0355275757611, "dmean2": 0.0595597177744, "dvar": 0.00104930100497, "dvar2": 0.0028009780217, "max": 0.498761296272, "mean": 0.358748912811, "median": 0.36383754015, "min": 0.150997385383, "var": 0.00387187907472}, "dynamic_complexity": 3.2705950737, "erbbands_crest": {"dmean": 1.86048972607, "dmean2": 2.69663476944, "dvar": 2.99556493759, "dvar2": 6.58906269073, "max": 33.3026008606, "mean": 15.5588121414, "median": 14.9750270844, "min": 3.04865288734, "var": 28.3521022797}, "erbbands_flatness_db": {"dmean": 0.0128605002537, "dmean2": 0.0195034779608, "dvar": 0.000186686389497, "dvar2": 0.000446272897534, "max": 0.528925955296, "mean": 0.341396272182, "median": 0.34132027626, "min": 0.0475087687373, "var": 0.00238390313461}, "erbbands_kurtosis": {"dmean": 2.78042459488, "dmean2": 4.27261829376, "dvar": 27.5909423828, "dvar2": 65.8414916992, "max": 225.795852661, "mean": 6.73974847794, "median": 2.26377534866, "min": -1.96365225315, "var": 230.657989502}, "erbbands_skewness": {"dmean": 0.417292356491, "dmean2": 0.624289274216, "dvar": 0.182889178395, "dvar2": 0.424650251865, "max": 13.1161775589, "mean": 1.53748047352, "median": 1.32313930988, "min": -4.70186185837, "var": 2.5553560257}, "erbbands_spread": {"dmean": 2.54589986801, "dmean2": 3.88217258453, "dvar": 28.1382427216, "dvar2": 66.0536499023, "max": 199.58732605, "mean": 14.1999311447, "median": 11.3210163116, "min": 0.911102175713, "var": 207.743453979}, "hfc": {"dmean": 1.35684835911, "dmean2": 2.12110447884, "dvar": 5.63545179367, "dvar2": 18.3929901123, "max": 74.6706085205, "mean": 7.30752134323, "median": 6.22733974457, "min": 1.16162932185e-16, "var": 28.1033782959}, "melbands_crest": {"dmean": 1.78898882866, "dmean2": 2.8824505806, "dvar": 2.85943293571, "dvar2": 8.66227912903, "max": 29.7546024323, "mean": 17.4307842255, "median": 17.453289032, "min": 2.92744874954, "var": 13.9686670303}, "melbands_flatness_db": {"dmean": 0.0164384655654, "dmean2": 0.0248018801212, "dvar": 0.000318071892252, "dvar2": 0.000765513861552, "max": 0.711228787899, "mean": 0.511529564857, "median": 0.515326917171, "min": 0.00712250731885, "var": 0.00483990879729}, "melbands_kurtosis": {"dmean": 6.78594875336, "dmean2": 10.4705791473, "dvar": 227.208297729, "dvar2": 555.268127441, "max": 622.496887207, "mean": 23.9386482239, "median": 14.88027668, "min": -1.86957252026, "var": 1773.296875}, "melbands_skewness": {"dmean": 0.475221097469, "dmean2": 0.737577497959, "dvar": 0.356547534466, "dvar2": 0.869474291801, "max": 19.4417247772, "mean": 2.84308218956, "median": 2.6116502285, "min": -1.3069922924, "var": 2.65020060539}, "melbands_spread": {"dmean": 0.786231637001, "dmean2": 1.16823554039, "dvar": 6.08094739914, "dvar2": 11.9146261215, "max": 134.716918945, "mean": 3.59473800659, "median": 2.24402427673, "min": 0.364485919476, "var": 20.5553226471}, "pitch_salience": {"dmean": 0.045374866575, "dmean2": 0.0707129687071, "dvar": 0.00162435439415, "dvar2": 0.00457672402263, "max": 0.792621731758, "mean": 0.481088995934, "median": 0.492509633303, "min": 0.0919851660728, "var": 0.0126547459513}, "silence_rate_20dB": {"dmean": 0, "dmean2": 0, "dvar": 0, "dvar2": 0, "max": 1, "mean": 1, "median": 1, "min": 1, "var": 0}, "silence_rate_30dB": {"dmean": 0.00782896671444, "dmean2": 0.0156595055014, "dvar": 0.00776753295213, "dvar2": 0.0196297653019, "max": 1, "mean": 0.983239650726, "median": 1, "min": 0, "var": 0.016478728503}, "silence_rate_60dB": {"dmean": 0.00240891287103, "dmean2": 0.00481830956414, "dvar": 0.00240303226747, "dvar2": 0.00539707764983, "max": 1, "mean": 0.0402448810637, "median": 0, "min": 0, "var": 0.0386250726879}, "spectral_centroid": {"dmean": 26.9988803864, "dmean2": 39.6350364685, "dvar": 17760.7910156, "dvar2": 27010.4707031, "max": 11045.7304688, "mean": 286.47946167, "median": 240.629150391, "min": 152.360183716, "var": 32743.7753906}, "spectral_complexity": {"dmean": 0.871223509312, "dmean2": 1.48504316807, "dvar": 0.88640499115, "dvar2": 2.12543725967, "max": 23, "mean": 7.17171812057, "median": 7, "min": 0, "var": 7.65522909164}, "spectral_decrease": {"dmean": 1.58757973434e-09, "dmean2": 2.47130205189e-09, "dvar": 7.61305106622e-18, "dvar2": 2.58460754937e-17, "max": -6.90068162052e-29, "mean": -8.56378346015e-09, "median": -7.33062011093e-09, "min": -9.50325045324e-08, "var": 4.08623053611e-17}, "spectral_energy": {"dmean": 0.00610558316112, "dmean2": 0.00950485188514, "dvar": 0.000112513553177, "dvar2": 0.000382107304176, "max": 0.365447372198, "mean": 0.0329844653606, "median": 0.0282975584269, "min": 1.07967628284e-20, "var": 0.000603054475505}, "spectral_energyband_high": {"dmean": 4.25785856351e-06, "dmean2": 7.65506320022e-06, "dvar": 2.45964537626e-09, "dvar2": 7.12134529124e-09, "max": 0.0024218193721, "mean": 3.94740709453e-06, "median": 1.0627991287e-06, "min": 7.43912524658e-21, "var": 1.44965006665e-09}, "spectral_energyband_low": {"dmean": 0.00202283496037, "dmean2": 0.00310167483985, "dvar": 9.3883027148e-06, "dvar2": 2.56255152635e-05, "max": 0.118349164724, "mean": 0.00963087845594, "median": 0.00662594521418, "min": 5.53438494703e-23, "var": 9.92913992377e-05}, "spectral_energyband_middle_high": {"dmean": 0.000187532656128, "dmean2": 0.000269570125965, "dvar": 3.3295438584e-07, "dvar2": 7.29501891783e-07, "max": 0.0173584334552, "mean": 0.000656543532386, "median": 0.000199750880711, "min": 1.79452391029e-21, "var": 1.94439348888e-06}, "spectral_energyband_middle_low": {"dmean": 0.0056286258623, "dmean2": 0.00874830130488, "dvar": 0.000108978361823, "dvar2": 0.000375696225092, "max": 0.360580682755, "mean": 0.025875531137, "median": 0.0210237521678, "min": 3.90598608095e-22, "var": 0.000488360645249}, "spectral_entropy": {"dmean": 0.135136291385, "dmean2": 0.206737950444, "dvar": 0.0236344579607, "dvar2": 0.0608559735119, "max": 9.79842376709, "mean": 5.29032993317, "median": 5.26993083954, "min": 3.63249230385, "var": 0.294899225235}, "spectral_flux": {"dmean": 0.0106840739027, "dmean2": 0.0173919741064, "dvar": 0.000140244213981, "dvar2": 0.000321933883242, "max": 0.359774500132, "mean": 0.0387781374156, "median": 0.0356408171356, "min": 1.03907472904e-10, "var": 0.000621631916147}, "spectral_kurtosis": {"dmean": 20.565328598, "dmean2": 35.3260383606, "dvar": 368.565582275, "dvar2": 1016.6907959, "max": 290.729980469, "mean": 61.1119346619, "median": 53.0671234131, "min": -1.76573598385, "var": 1607.26940918}, "spectral_rms": {"dmean": 0.000478514644783, "dmean2": 0.000726132013369, "dvar": 3.09764914164e-07, "dvar2": 1.00052466223e-06, "max": 0.0188821088523, "mean": 0.00528061902151, "median": 0.00525427190587, "min": 3.24552407518e-12, "var": 4.29503688792e-06}, "spectral_rolloff": {"dmean": 54.8793716431, "dmean2": 96.1914749146, "dvar": 173229.5625, "dvar2": 388388.90625, "max": 19186.0839844, "mean": 335.311676025, "median": 215.33203125, "min": 107.666015625, "var": 266020.625}, "spectral_skewness": {"dmean": 1.12756717205, "dmean2": 1.92357635498, "dvar": 0.923261880875, "dvar2": 2.53609395027, "max": 13.4895992279, "mean": 5.62687253952, "median": 5.43919706345, "min": -0.103768385947, "var": 4.21160984039}, "spectral_spread": {"dmean": 303697.15625, "dmean2": 499829.84375, "dvar": 250386890752, "dvar2": 429443710976, "max": 38807348, "mean": 1423418.875, "median": 1198284.75, "min": 320675.875, "var": 1685287731200.0}, "spectral_strongpeak": {"dmean": 0.241024285555, "dmean2": 0.396740019321, "dvar": 0.111485823989, "dvar2": 0.253563135862, "max": 5.39890575409, "mean": 0.885276436806, "median": 0.770055055618, "min": 0, "var": 0.350502789021}, "zerocrossingrate": {"dmean": 0.00179203087464, "dmean2": 0.00227162032388, "dvar": 4.17900118919e-05, "dvar2": 4.40765797975e-05, "max": 0.51123046875, "mean": 0.0137203400955, "median": 0.0107421875, "min": 0.00390625, "var": 0.000194827181986}, "barkbands": {"dmean": [2.22157723329e-06, 0.000977843767032, 0.000937442586292, 0.00173226429615, 0.00464325491339, 0.000284631969407, 0.000123028657981, 0.00019702060672, 0.000142820354085, 0.000187579833437, 2.633661461e-05, 2.58815962297e-05, 2.81695447484e-05, 1.99195255846e-05, 7.79603578849e-06, 1.93395262613e-05, 8.70620806381e-06, 2.42334249378e-06, 7.35180492484e-06, 9.82936626315e-07, 1.93804098103e-07, 5.94650884977e-07, 1.44912792166e-06, 6.6324804493e-07, 1.22403184832e-06, 4.53688855373e-08, 4.61502969173e-09], "dmean2": [3.85061139241e-06, 0.00176581600681, 0.00119390594773, 0.00219919416122, 0.00754513731226, 0.000360074889613, 0.000179986920557, 0.000266504503088, 0.000192608422367, 0.000266683113296, 4.05430691899e-05, 3.72614813386e-05, 3.81629215553e-05, 3.06749243464e-05, 1.20551294458e-05, 2.90396237688e-05, 1.23574309328e-05, 3.84678833143e-06, 1.34565161716e-05, 1.72365912476e-06, 3.56539885615e-07, 1.09924826575e-06, 2.74048602478e-06, 1.19894264117e-06, 2.01623765861e-06, 8.69412488669e-08, 8.85410678109e-09], "dvar": [8.38921813962e-12, 1.86149054571e-06, 1.76728610768e-06, 1.10040346044e-05, 9.13080439204e-05, 1.39617228001e-07, 3.24208073721e-08, 1.42352888588e-07, 1.95344384224e-07, 3.42645904539e-07, 4.86439155623e-09, 8.24603407779e-09, 2.54873757655e-08, 3.84503380246e-08, 3.71931019316e-09, 2.91561175203e-08, 1.03083088732e-08, 2.2839417857e-10, 1.21384680085e-08, 3.26518617699e-10, 1.77112699506e-11, 5.0284373887e-11, 8.87984352715e-10, 8.72345806702e-11, 1.93768751044e-10, 1.38887252393e-12, 9.62936615889e-15], "dvar2": [2.49936894098e-11, 5.94204448134e-06, 3.05807543555e-06, 3.03476845147e-05, 0.000328712660121, 2.24267836302e-07, 7.75155228894e-08, 2.65038522684e-07, 3.74689108185e-07, 6.34529669696e-07, 1.01404511454e-08, 1.277291517e-08, 4.33818883039e-08, 1.08394949905e-07, 8.22995449568e-09, 6.20834086362e-08, 2.35092336709e-08, 6.42068842538e-10, 3.57435254728e-08, 8.55975013092e-10, 5.26214280483e-11, 1.45112963312e-10, 2.59656562918e-09, 2.48968734518e-10, 5.03541819352e-10, 4.12307124206e-12, 2.88193405772e-14], "max": [6.30496579106e-05, 0.0432357378304, 0.0696699991822, 0.0929557755589, 0.324509590864, 0.0153765873984, 0.00757181970403, 0.0204777121544, 0.0199148058891, 0.0264068841934, 0.00242699729279, 0.00808562431484, 0.00913548469543, 0.0123086795211, 0.00525781139731, 0.00969162024558, 0.00837289914489, 0.000604879925959, 0.00550250336528, 0.000951955502387, 0.000229536162806, 0.000240705558099, 0.00166006933432, 0.000416325521655, 0.000606244429946, 6.05267669016e-05, 5.20066714671e-06], "mean": [4.11243127019e-06, 0.00244195293635, 0.00417667487636, 0.00609300518408, 0.0167444907129, 0.00127282016911, 0.000390477769542, 0.000638843688648, 0.000415740651079, 0.000418482930399, 6.26963737886e-05, 6.39397549094e-05, 9.24231280806e-05, 5.56170125492e-05, 3.08680828311e-05, 3.97743860958e-05, 2.3778018658e-05, 5.55669203095e-06, 8.30469616631e-06, 1.29372449464e-06, 2.35158665873e-07, 5.55048131901e-07, 1.20661297842e-06, 4.83784901917e-07, 1.12588622869e-06, 2.69615298976e-08, 2.95854207799e-09], "median": [3.47622017216e-06, 0.00130882940721, 0.0027763042599, 0.00376565661281, 0.0120805399492, 0.000821281340905, 0.000228393124416, 0.000229707817198, 5.15851897944e-05, 0.000100146469777, 1.68735605257e-05, 9.98894847726e-06, 6.1347227529e-06, 4.1119137677e-06, 1.41543023346e-06, 3.19668106386e-06, 9.39340509376e-07, 4.93248990097e-07, 1.1325359992e-06, 2.41149336944e-07, 5.48877352458e-08, 2.3488959755e-07, 4.72191231893e-07, 6.50078835207e-09, 1.50010548428e-09, 1.01587049883e-09, 5.42211053833e-10], "min": [5.14559484989e-23, 1.97265303196e-23, 3.37079318168e-24, 3.24179927755e-23, 2.32209916476e-23, 5.64982890294e-24, 1.32128862614e-22, 6.45733074912e-23, 4.99224186764e-23, 2.2429367836e-22, 1.08969332697e-22, 5.14966190118e-23, 8.68801355675e-23, 6.10843965885e-23, 1.42245681868e-22, 2.08235587908e-22, 1.66418475219e-22, 1.71530066693e-22, 4.65974810325e-22, 2.64003775125e-22, 3.22009209735e-22, 3.84881726804e-22, 5.3196084148e-22, 1.32668461144e-21, 1.21982988035e-21, 1.636095296e-21, 2.22663308603e-21], "var": [9.6038238126e-12, 1.12096404337e-05, 2.21890823013e-05, 4.70193153888e-05, 0.000309823517455, 2.07428797694e-06, 2.28556672255e-07, 1.80641268344e-06, 1.40975214435e-06, 1.5693867681e-06, 2.25190799341e-08, 4.94604357471e-08, 1.6587115681e-07, 8.29166353356e-08, 6.54033485148e-08, 6.42307327325e-08, 2.49100597927e-08, 5.02169805738e-10, 7.50616013789e-09, 2.51616588676e-10, 1.11280498705e-11, 2.83994581324e-11, 4.81595041624e-10, 5.49578473008e-11, 1.74870534719e-10, 7.20532845628e-13, 4.85622665737e-15]}, "erbbands": {"dmean": [0.00751443812624, 0.279397726059, 0.977013409138, 3.08126354218, 16.9597320557, 9.71910762787, 4.07060718536, 1.53336107731, 2.27876925468, 2.02379631996, 4.55779600143, 4.01313972473, 7.357213974, 1.36362969875, 0.88414645195, 1.32820689678, 1.43556642532, 1.1465665102, 0.528664529324, 0.398945838213, 1.05014336109, 0.362225592136, 0.119187638164, 0.226353690028, 0.30411195755, 0.0555955059826, 0.0114311957732, 0.0104606710374, 0.0254241488874, 0.0375783666968, 0.0299194827676, 0.0144704440609, 0.0160091631114, 0.0134940762073, 0.00526808947325, 0.000554302416276, 5.65996451769e-05, 5.08676703248e-06, 3.28294254359e-06, 6.72126589052e-06], "dmean2": [0.0139757180586, 0.498041093349, 1.36901056767, 4.0790605545, 25.2861785889, 17.3192806244, 5.48303508759, 2.08487439156, 2.97260499001, 2.99013972282, 6.18687438965, 5.20901632309, 10.4863147736, 1.94179797173, 1.35888338089, 1.87875080109, 1.94579362869, 1.75342261791, 0.81524169445, 0.593927204609, 1.54767346382, 0.520841181278, 0.193571940064, 0.401907593012, 0.556110560894, 0.0972702875733, 0.0209478121251, 0.0194230396301, 0.0475800707936, 0.0696002170444, 0.0571526773274, 0.0271547567099, 0.0276484880596, 0.0221541784704, 0.00898911058903, 0.00100847531576, 0.000105990977318, 9.5184377642e-06, 5.30347779204e-06, 1.04788541648e-05], "dvar": [9.47624794208e-05, 0.154029548168, 2.07759451866, 40.8763008118, 938.734924316, 517.578308105, 55.5593452454, 4.16204833984, 10.3405647278, 10.4689054489, 93.8305053711, 139.732666016, 510.821380615, 16.9042510986, 4.73773622513, 21.4584407806, 64.5882415771, 132.426696777, 16.9723987579, 8.18189239502, 98.3330688477, 16.1878356934, 0.737689375877, 8.0720281601, 19.1262950897, 0.786562561989, 0.0363942459226, 0.0338512137532, 0.12470035255, 0.305313766003, 0.629628419876, 0.195589408278, 0.0322951488197, 0.0246786288917, 0.00416570203379, 9.74295326159e-05, 1.47499247305e-06, 6.01882454987e-09, 2.23974644387e-10, 1.37453576299e-10], "dvar2": [0.00032941068639, 0.475451886654, 3.96790146828, 122.785697937, 3104.89746094, 1931.60632324, 120.569824219, 6.91705036163, 16.0967941284, 22.3978500366, 173.563766479, 243.965576172, 958.024780273, 32.2188568115, 10.1821947098, 32.0141448975, 110.184074402, 373.637390137, 39.3657073975, 17.5532264709, 205.805496216, 37.5512199402, 2.10902190208, 23.7807922363, 56.1843490601, 2.15682458878, 0.107076726854, 0.100401245058, 0.36023285985, 0.890546262264, 1.84539997578, 0.569926142693, 0.0892985165119, 0.0645826607943, 0.011248415336, 0.000280153675703, 4.37466133008e-06, 1.79055952287e-08, 6.78986256109e-10, 4.65102956149e-10], "max": [0.201845362782, 13.3783817291, 83.7965698242, 175.209899902, 1125.66223145, 704.281066895, 229.752670288, 94.7757797241, 148.610733032, 131.633850098, 569.454162598, 573.008239746, 1042.07763672, 377.161468506, 75.3226928711, 427.815734863, 459.264892578, 728.119567871, 324.380126953, 141.160888672, 623.139465332, 326.080993652, 34.3993034363, 133.916915894, 206.006469727, 49.4619255066, 7.82543468475, 8.95403671265, 12.2884244919, 21.9787597656, 49.3760414124, 30.9016971588, 5.39414405823, 7.03413200378, 3.11314415932, 0.407630592585, 0.0572114773095, 0.00339863472618, 0.000824719376396, 0.00039932623622], "mean": [0.0149471797049, 0.768727838993, 4.73888778687, 14.5924472809, 69.4812469482, 25.9825019836, 15.3312330246, 5.63612604141, 7.51799345016, 6.86361932755, 13.8059988022, 12.4640035629, 16.8524112701, 4.69690513611, 2.41410470009, 3.67404699326, 4.78743124008, 3.45169401169, 2.08665132523, 1.07168674469, 2.26009774208, 0.990687847137, 0.277956426144, 0.315644145012, 0.383419781923, 0.0812289118767, 0.0133824329823, 0.010959838517, 0.0193719156086, 0.0450474917889, 0.0213892031461, 0.00939291901886, 0.0141955194995, 0.0123988697305, 0.00439856294543, 0.000406182283768, 4.48872742709e-05, 4.42785312771e-06, 1.54141707753e-05, 3.61839192919e-05], "median": [0.00981191545725, 0.414215743542, 3.06681680679, 8.71016025543, 50.0924415588, 18.0608444214, 8.1064453125, 3.73594784737, 4.5406537056, 3.33637189865, 4.59792232513, 2.36001873016, 4.92700242996, 1.28354859352, 0.751619338989, 0.584488868713, 0.421524643898, 0.292557626963, 0.139973178506, 0.0942639112473, 0.204794019461, 0.0513232946396, 0.0300467088819, 0.0429667644203, 0.053816229105, 0.0149076562375, 0.00325803132728, 0.00218090321869, 0.00398785527796, 0.0304155349731, 0.00530633144081, 0.000367016880773, 0.000110904118628, 4.1511728341e-05, 3.06895926769e-05, 2.07815828617e-05, 1.06587813207e-05, 1.50147525346e-06, 1.31465958475e-05, 3.1168681744e-05], "min": [1.15494901177e-21, 2.53087742586e-21, 4.75345033948e-21, 5.17302631531e-20, 1.35391488021e-19, 3.49538609519e-20, 5.18679790316e-20, 1.56112582086e-19, 2.04108098277e-18, 6.99510713378e-19, 1.83790247007e-18, 1.22726936668e-18, 6.66927686479e-18, 5.56936322375e-18, 2.40902374054e-18, 2.61199669886e-18, 3.24402307104e-18, 3.54337870074e-18, 6.18885201938e-18, 7.01578944083e-18, 1.34579795849e-17, 9.53944138911e-18, 1.08562169713e-17, 1.71729726201e-17, 2.09766898751e-17, 1.4288327472e-17, 9.76963169152e-18, 1.5268921964e-17, 1.66357833324e-17, 1.26162678905e-17, 1.7771417941e-17, 3.04767649116e-17, 1.80384864366e-17, 1.531781661e-17, 7.61424634221e-18, 6.45975573794e-18, 3.24629595656e-18, 1.10981550996e-18, 2.91491985515e-19, 3.15138849718e-20], "var": [0.00026912020985, 1.10284674168, 32.2330284119, 266.59954834, 5032.12304688, 1021.58630371, 439.93572998, 38.1053619385, 92.5934829712, 95.1030349731, 1204.99291992, 1111.32653809, 2150.73535156, 309.836700439, 24.2017974854, 145.412063599, 412.128448486, 288.389465332, 247.899642944, 24.3341636658, 223.160934448, 37.9762039185, 1.09367036819, 4.85127544403, 14.5545072556, 0.596779108047, 0.0215079355985, 0.0207604262978, 0.0698178187013, 0.167416706681, 0.339090824127, 0.107400022447, 0.0290932524949, 0.0215755272657, 0.00312813441269, 5.72104763705e-05, 7.713465493e-07, 3.11111003626e-09, 2.28256219481e-10, 7.21914028556e-10]}, "gfcc": {"mean": [-189.088424683, 226.67666626, -72.8702316284, 8.91690826416, -36.5247001648, -16.2322063446, -18.6231937408, -23.3826274872, -12.5929670334, -33.9775505066, -12.6053972244, -16.7160186768, -14.6075649261], "cov": [[6179.92529297, 954.266601562, -1410.72265625, -389.987823486, 395.738769531, -261.344512939, -87.9647369385, 100.97000885, 57.936378479, 23.9715690613, 120.815658569, -302.463867188, -107.187026978], [954.266601562, 936.945068359, -360.253448486, -407.702972412, 206.031936646, -302.002380371, 276.720581055, -96.4722213745, 113.648635864, -3.8844769001, 48.1309204102, -31.9715042114, -29.1815490723], [-1410.72265625, -360.253448486, 1123.6270752, 277.547180176, -359.786407471, 175.246887207, 1.04108119011, -85.2592926025, -43.4123458862, -56.5474319458, -46.3143882751, 100.483703613, -11.0434455872], [-389.987823486, -407.702972412, 277.547180176, 528.036010742, -105.378601074, 37.4707603455, -26.6155395508, -89.4901275635, 81.9254608154, -21.4702033997, -25.5713710785, 68.4314346313, -63.508441925], [395.738769531, 206.031936646, -359.786407471, -105.378601074, 343.241241455, -83.237487793, -27.7606487274, 32.0819625854, 2.20590209961, 35.5072479248, 20.3254585266, -31.2223892212, 18.4447288513], [-261.344512939, -302.002380371, 175.246887207, 37.4707603455, -83.237487793, 344.783111572, -66.6460952759, 10.6478757858, -70.6312942505, -25.0045471191, 17.8114643097, 66.1793670654, 9.5070734024], [-87.9647369385, 276.720581055, 1.04108119011, -26.6155395508, -27.7606487274, -66.6460952759, 321.42288208, -97.0578613281, 63.1597480774, -65.6266784668, -33.6467285156, 49.2390060425, -43.4547157288], [100.97000885, -96.4722213745, -85.2592926025, -89.4901275635, 32.0819625854, 10.6478757858, -97.0578613281, 293.335418701, -63.296749115, 56.1285705566, -1.49351477623, -108.932899475, 109.690452576], [57.936378479, 113.648635864, -43.4123458862, 81.9254608154, 2.20590209961, -70.6312942505, 63.1597480774, -63.296749115, 178.977218628, 6.45530509949, -33.0069732666, 13.6793994904, -56.7960014343], [23.9715690613, -3.8844769001, -56.5474319458, -21.4702033997, 35.5072479248, -25.0045471191, -65.6266784668, 56.1285705566, 6.45530509949, 135.613433838, 65.3534317017, -46.3264465332, 3.53402638435], [120.815658569, 48.1309204102, -46.3143882751, -25.5713710785, 20.3254585266, 17.8114643097, -33.6467285156, -1.49351477623, -33.0069732666, 65.3534317017, 135.971405029, 32.1280097961, -25.3959255219], [-302.463867188, -31.9715042114, 100.483703613, 68.4314346313, -31.2223892212, 66.1793670654, 49.2390060425, -108.932899475, 13.6793994904, -46.3264465332, 32.1280097961, 158.059951782, -29.6361560822], [-107.187026978, -29.1815490723, -11.0434455872, -63.508441925, 18.4447288513, 9.5070734024, -43.4547157288, 109.690452576, -56.7960014343, 3.53402638435, -25.3959255219, -29.6361560822, 129.036483765]], "icov": [[0.000476325949421, -0.00189971574582, 0.000773547508288, -0.00138800428249, 0.000803548144177, -0.000929060974158, 0.0012817234965, -0.000674238486681, 0.00138153706212, -0.000104455662949, 0.00113055144902, 0.00016104093811, 0.00117793667596], [-0.00189971574582, 0.0182639341801, -0.00459001446143, 0.0136339720339, -0.00752012524754, 0.00875235628337, -0.011212120764, 0.00703222118318, -0.0149883897975, 0.00704009039328, -0.0164896659553, 0.00523456931114, -0.00928698759526], [0.000773547508288, -0.00459001446143, 0.00310443621129, -0.00394633319229, 0.00332853966393, -0.00243287486956, 0.00293407216668, -0.00146758882329, 0.00443724682555, -0.00177894346416, 0.00448525231332, -0.00132060900796, 0.00244828476571], [-0.00138800428249, 0.0136339720339, -0.00394633319229, 0.0128699084744, -0.00544206378981, 0.00660245120525, -0.00755752902478, 0.00521297007799, -0.0123583748937, 0.00530935591087, -0.0117655750364, 0.00304603693075, -0.00595923978835], [0.000803548144177, -0.00752012524754, 0.00332853966393, -0.00544206378981, 0.00772383715957, -0.00298427138478, 0.00508506875485, -0.00269196764566, 0.00657054362819, -0.00369276921265, 0.00721663981676, -0.00288004428148, 0.00344192818739], [-0.000929060974158, 0.00875235628337, -0.00243287486956, 0.00660245120525, -0.00298427138478, 0.00826605688781, -0.00445025833324, 0.00248167314567, -0.00574521441013, 0.00349132716656, -0.00732928747311, 6.32782830507e-05, -0.00359415216371], [0.0012817234965, -0.011212120764, 0.00293407216668, -0.00755752902478, 0.00508506875485, -0.00445025833324, 0.0113051887602, -0.00390615640208, 0.00804941635579, -0.00249315402471, 0.0103105688468, -0.00405946280807, 0.00649743061513], [-0.000674238486681, 0.00703222118318, -0.00146758882329, 0.00521297007799, -0.00269196764566, 0.00248167314567, -0.00390615640208, 0.0100082345307, -0.00587670272216, 0.00212590908632, -0.00780661404133, 0.00640905974433, -0.00886020809412], [0.00138153706212, -0.0149883897975, 0.00443724682555, -0.0123583748937, 0.00657054362819, -0.00574521441013, 0.00804941635579, -0.00587670272216, 0.0222402755171, -0.0104249641299, 0.0192665774375, -0.00747248716652, 0.0113960709423], [-0.000104455662949, 0.00704009039328, -0.00177894346416, 0.00530935591087, -0.00369276921265, 0.00349132716656, -0.00249315402471, 0.00212590908632, -0.0104249641299, 0.0194837413728, -0.017517702654, 0.00937552936375, -0.00482653873041], [0.00113055144902, -0.0164896659553, 0.00448525231332, -0.0117655750364, 0.00721663981676, -0.00732928747311, 0.0103105688468, -0.00780661404133, 0.0192665774375, -0.017517702654, 0.03278484568, -0.0139373363927, 0.0136314602569], [0.00016104093811, 0.00523456931114, -0.00132060900796, 0.00304603693075, -0.00288004428148, 6.32782830507e-05, -0.00405946280807, 0.00640905974433, -0.00747248716652, 0.00937552936375, -0.0139373363927, 0.0174040533602, -0.00599612714723], [0.00117793667596, -0.00928698759526, 0.00244828476571, -0.00595923978835, 0.00344192818739, -0.00359415216371, 0.00649743061513, -0.00886020809412, 0.0113960709423, -0.00482653873041, 0.0136314602569, -0.00599612714723, 0.019851166755]]}, "melbands": {"dmean": [0.000165752033354, 0.00046227054554, 0.000829413009342, 0.00120121322107, 0.000130781860207, 4.07152474509e-05, 3.31092669512e-05, 2.47227235377e-05, 3.34482392645e-05, 2.66690731223e-05, 3.63565850421e-05, 5.19461946169e-06, 3.73250782104e-06, 2.67005157184e-06, 3.45664875567e-06, 2.61204377239e-06, 2.15665181713e-06, 8.17273928533e-07, 3.72885750721e-07, 1.32247862439e-06, 1.11876715891e-06, 5.11672169523e-07, 9.57550057024e-08, 1.43419953247e-07, 1.75409923031e-07, 3.86724849477e-07, 6.31221368508e-08, 2.89060952952e-08, 7.07175384917e-09, 5.39045297288e-09, 5.22740650766e-09, 2.05596482061e-08, 4.95750329677e-09, 2.98904190288e-08, 1.65219908865e-08, 1.69108993475e-08, 5.60567148256e-09, 1.2590624543e-08, 1.38064910615e-08, 1.28843424818e-08], "dmean2": [0.000303511886159, 0.000715423433576, 0.00110548117664, 0.00199188035913, 0.000185030890862, 5.32171179657e-05, 4.42704476882e-05, 3.56913515134e-05, 4.52750500699e-05, 3.50362934114e-05, 5.20172179677e-05, 7.36344281904e-06, 5.73989473196e-06, 3.83954147765e-06, 4.65804532723e-06, 3.6551859921e-06, 3.3554338188e-06, 1.26387283217e-06, 5.85318730373e-07, 1.98457883016e-06, 1.63394588526e-06, 7.27831036329e-07, 1.56500078674e-07, 2.2763381935e-07, 3.12496496235e-07, 7.13033216471e-07, 1.10869954995e-07, 5.01102981332e-08, 1.3180720515e-08, 9.77476233288e-09, 9.74172298385e-09, 3.85929688207e-08, 8.84104256471e-09, 5.57919683786e-08, 3.16899964048e-08, 3.22249817941e-08, 1.03788275752e-08, 2.23082121664e-08, 2.18592095536e-08, 2.20868656697e-08], "dvar": [5.16022460317e-08, 4.43179430931e-07, 1.88612386864e-06, 6.61372405375e-06, 6.29938199381e-08, 2.84279333407e-09, 2.1209369816e-09, 1.55431900684e-09, 5.30522381581e-09, 6.77996991882e-09, 1.26013306456e-08, 2.97819435779e-10, 9.83380321617e-11, 7.80102510367e-11, 2.44394754434e-10, 1.79480028062e-10, 5.19218779083e-10, 4.09241772414e-11, 6.49475438708e-12, 1.10724054925e-10, 1.13999316931e-10, 3.85903323186e-11, 4.55414568903e-13, 7.0153480464e-13, 5.00143633106e-12, 3.70204214506e-11, 1.34138587824e-12, 1.93373366365e-13, 1.31200406035e-14, 1.35702174392e-14, 9.72904753722e-15, 9.26280739936e-14, 1.9001123764e-15, 2.26236726835e-13, 1.40371533299e-13, 5.51663532564e-13, 1.11640611103e-14, 2.7301311846e-14, 3.55978809798e-14, 3.27046807062e-14], "dvar2": [1.71178783148e-07, 9.93237904368e-07, 5.25309997101e-06, 2.40371664404e-05, 1.46146803104e-07, 4.38621805543e-09, 3.71889763429e-09, 3.16423043323e-09, 9.72258007437e-09, 1.22721344198e-08, 2.35464234777e-08, 5.74903791239e-10, 2.03546068889e-10, 1.15882199669e-10, 4.09629635767e-10, 3.62809421395e-10, 1.48408674239e-09, 9.61425244972e-11, 1.4853080571e-11, 2.39775588273e-10, 2.37408259718e-10, 8.89297802065e-11, 1.25268653957e-12, 1.95534886026e-12, 1.47257657457e-11, 1.08984973823e-10, 3.68747220258e-12, 5.40174133722e-13, 3.87943156603e-14, 4.01004641819e-14, 2.8916386836e-14, 2.67561553425e-13, 5.41730848142e-15, 6.62247600508e-13, 4.14110504785e-13, 1.60472427447e-12, 3.25862282307e-14, 7.53335788932e-14, 8.37160134509e-14, 8.82650072823e-14], "max": [0.00634098425508, 0.0345780365169, 0.0372731760144, 0.0843393281102, 0.00663622701541, 0.0024531246163, 0.00202501914464, 0.00168838095851, 0.00449746474624, 0.00390141853131, 0.00513793667778, 0.00168152758852, 0.000357559736585, 0.000804927607533, 0.000831129436847, 0.000592815049458, 0.00146409787703, 0.00048442685511, 0.000192844556295, 0.000475462176837, 0.000669702887535, 0.000513803563081, 3.28292662743e-05, 2.90673797281e-05, 0.000103963328002, 0.000315106415655, 6.91412569722e-05, 2.42636633629e-05, 4.39802533947e-06, 6.61830245008e-06, 4.68591724712e-06, 1.08649292088e-05, 1.81275947853e-06, 1.79288617801e-05, 1.68628430401e-05, 5.37522610102e-05, 6.18477906755e-06, 6.02921409154e-06, 8.78413447936e-06, 9.40366680879e-06], "mean": [0.000371913512936, 0.00197453796864, 0.0040662526153, 0.00398167502135, 0.000452003063401, 0.000159284303663, 0.000108579813968, 8.30637654872e-05, 0.00010023827781, 7.92300052126e-05, 8.16083847894e-05, 1.7686499632e-05, 9.04464923224e-06, 6.91590730639e-06, 1.10153669084e-05, 8.79875096871e-06, 5.8265250118e-06, 3.04452692035e-06, 1.32684363052e-06, 2.88125556835e-06, 2.48033961725e-06, 1.38890152357e-06, 1.87482626757e-07, 3.12648523959e-07, 2.25813153065e-07, 4.16542576431e-07, 1.03103161564e-07, 3.89170260462e-08, 6.56708998292e-09, 7.24177739997e-09, 5.10688957789e-09, 1.38425164664e-08, 8.20717538375e-09, 3.29523004439e-08, 1.14667635387e-08, 1.0165418729e-08, 3.72943542715e-09, 9.45638589656e-09, 1.38280844553e-08, 1.06349622442e-08], "median": [0.00020643445896, 0.0012403910514, 0.00310406973585, 0.00280459504575, 0.00023280250025, 0.000105485087261, 6.49469948257e-05, 4.00111784984e-05, 2.95968420687e-05, 1.10907822091e-05, 2.32270213019e-05, 4.04223465011e-06, 2.40288318309e-06, 1.16172554954e-06, 1.09692814476e-06, 7.08116999704e-07, 4.46375736374e-07, 2.01293161695e-07, 8.23359016522e-08, 1.94463268599e-07, 2.16410455778e-07, 4.45696102247e-08, 2.5044547769e-08, 2.44778775027e-08, 3.00286657762e-08, 4.96073226941e-08, 1.60953028683e-08, 7.13698700139e-09, 1.64029412275e-09, 1.28020927193e-09, 1.15087817054e-09, 8.87225848345e-10, 6.86442014342e-09, 2.04088888012e-08, 2.48894993504e-09, 1.74005920783e-10, 9.81788678134e-11, 6.61795757084e-11, 2.18768857196e-11, 1.26767580808e-11], "min": [1.02110952321e-23, 2.6284470653e-24, 1.30514181092e-23, 5.71438967385e-24, 1.74118305912e-24, 4.02217298606e-24, 2.93407820683e-23, 6.79299011766e-24, 1.40156554155e-23, 7.68929230045e-24, 3.48637140171e-23, 2.37099181703e-23, 1.04742513415e-23, 4.14260798603e-24, 1.11528436917e-23, 5.49854549727e-24, 6.61134306132e-24, 9.06800738147e-24, 1.02831860748e-23, 9.96474974865e-24, 1.76215733231e-23, 9.85470207465e-24, 8.68528599128e-24, 8.35338775377e-24, 1.54851281548e-23, 1.37884019436e-23, 1.35544336877e-23, 8.84695672292e-24, 6.00380262403e-24, 5.71128511176e-24, 1.04745392757e-23, 1.08213351514e-23, 5.44836132193e-24, 7.09436653789e-24, 8.84806901679e-24, 1.33079114994e-23, 2.06685280591e-23, 1.27173552374e-23, 1.10196823931e-23, 1.38918184528e-23], "var": [2.40763512238e-07, 5.94120092501e-06, 1.32601489895e-05, 1.91376184375e-05, 4.0895491793e-07, 2.99757765276e-08, 1.8631462595e-08, 1.47846206389e-08, 7.33595868496e-08, 5.17117406673e-08, 5.28811519018e-08, 5.86808379666e-09, 4.58280829951e-10, 5.06134967271e-10, 1.70747771477e-09, 1.10664943875e-09, 9.13240927325e-10, 5.45169742683e-10, 9.57201748419e-11, 2.57828369765e-10, 2.68090577515e-10, 9.11744360566e-11, 6.82275525139e-13, 1.80599133738e-12, 2.94766012814e-12, 2.33784658299e-11, 1.10234792215e-12, 1.3820241067e-13, 7.18080058441e-15, 1.09882179175e-14, 5.44784020752e-15, 5.17690579261e-14, 1.15883032794e-15, 1.22535445332e-13, 7.41579581488e-14, 3.03753522985e-13, 6.18501086393e-15, 2.01816255358e-14, 4.36933780444e-14, 2.37305631417e-14]}, "mfcc": {"mean": [-833.345397949, 236.716674805, 43.0229682922, 22.0813770294, 14.7952985764, 0.699567198753, -0.42796459794, 9.82803916931, -10.1804237366, -1.51646959782, -3.06893777847, -19.8963661194, -0.550265371799], "cov": [[3812.7019043, 1430.39294434, -1372.5579834, -209.587203979, 157.726531982, -193.11769104, -71.8413848877, 2.48266673088, -143.102081299, 111.58367157, 159.395965576, 11.9595098495, 124.296813965], [1430.39294434, 1170.39611816, -291.466339111, -263.205718994, -45.211933136, -84.475112915, -34.6012916565, 18.2007827759, -52.3073120117, 25.8654918671, 68.0882034302, 34.578338623, 56.1236457825], [-1372.5579834, -291.466339111, 1146.5357666, 157.286422729, -214.420913696, 142.345733643, 5.88997983932, 46.685749054, 9.23696041107, -45.7514762878, -57.7459526062, -81.7195281982, -2.72971343994], [-209.587203979, -263.205718994, 157.286422729, 411.009918213, 38.1618804932, 12.2267913818, -67.7644119263, 3.18234348297, -16.1582221985, 50.7387046814, -6.53449106216, -52.1749725342, 39.3535194397], [157.726531982, -45.211933136, -214.420913696, 38.1618804932, 262.205505371, -29.1505222321, -17.8847675323, -59.2131576538, 2.19566726685, -17.2235889435, 22.0266666412, 49.2205047607, 14.6234359741], [-193.11769104, -84.475112915, 142.345733643, 12.2267913818, -29.1505222321, 261.39666748, 15.9874696732, 57.7976760864, -67.2984390259, -37.89427948, -9.13759994507, -54.6022224426, 42.8446464539], [-71.8413848877, -34.6012916565, 5.88997983932, -67.7644119263, -17.8847675323, 15.9874696732, 155.359863281, 37.4198608398, -4.57245397568, -36.2870864868, -6.65297937393, 24.3133411407, -32.5197219849], [2.48266673088, 18.2007827759, 46.685749054, 3.18234348297, -59.2131576538, 57.7976760864, 37.4198608398, 146.682495117, 23.0074424744, -14.7260217667, -21.9862136841, -45.1254234314, 4.55551099777], [-143.102081299, -52.3073120117, 9.23696041107, -16.1582221985, 2.19566726685, -67.2984390259, -4.57245397568, 23.0074424744, 184.397079468, 63.5385246277, -40.6072235107, -29.2920188904, -49.5435638428], [111.58367157, 25.8654918671, -45.7514762878, 50.7387046814, -17.2235889435, -37.89427948, -36.2870864868, -14.7260217667, 63.5385246277, 143.513549805, 28.6403217316, -28.8894119263, -7.51997995377], [159.395965576, 68.0882034302, -57.7459526062, -6.53449106216, 22.0266666412, -9.13759994507, -6.65297937393, -21.9862136841, -40.6072235107, 28.6403217316, 103.767578125, 50.9571914673, 12.7978782654], [11.9595098495, 34.578338623, -81.7195281982, -52.1749725342, 49.2205047607, -54.6022224426, 24.3133411407, -45.1254234314, -29.2920188904, -28.8894119263, 50.9571914673, 173.905151367, 30.9888591766], [124.296813965, 56.1236457825, -2.72971343994, 39.3535194397, 14.6234359741, 42.8446464539, -32.5197219849, 4.55551099777, -49.5435638428, -7.51997995377, 12.7978782654, 30.9888591766, 137.216583252]], "icov": [[0.00116642506327, -0.00115565839224, 0.00115212728269, -0.000424035737524, -3.43999490724e-05, 0.000340390048223, -0.000269544776529, -0.000163733551744, 0.000523860333487, -0.000107924905024, -0.000635367701761, 0.00103757774923, -0.000592282856815], [-0.00115565839224, 0.00244359788485, -0.00103275012225, 0.00147634057794, 0.000115780792839, 0.000411921588238, 0.000795467582066, -0.000563332810998, 0.000268272822723, -0.000428081781138, 0.00020212578238, -0.000672671303619, -0.000123846621136], [0.00115212728269, -0.00103275012225, 0.00252298079431, -0.00119022291619, 0.00140661024489, -0.00039342083619, -0.000337886653142, 0.000550446624402, -0.000466919475002, 0.0011495272629, -0.000981184304692, 0.00113427790347, -0.000625346787274], [-0.000424035737524, 0.00147634057794, -0.00119022291619, 0.0045851948671, -0.00161081412807, 0.00117046886589, 0.00146982644219, -0.00167521869298, 0.00225319922902, -0.00275701028295, 0.000987782725133, 0.000527118972968, -0.000897006771993], [-3.43999490724e-05, 0.000115780792839, 0.00140661024489, -0.00161081412807, 0.0062807360664, -0.000888254668098, -5.86537789786e-05, 0.00283634709194, -0.00270935636945, 0.00326988706365, -0.00183871889021, -0.000430494896136, -0.000556625367608], [0.000340390048223, 0.000411921588238, -0.00039342083619, 0.00117046886589, -0.000888254668098, 0.00648220581934, -0.000327834452037, -0.00247069075704, 0.00305950827897, -0.000437423354015, -0.000471062841825, 0.00273181544617, -0.00223767384887], [-0.000269544776529, 0.000795467582066, -0.000337886653142, 0.00146982644219, -5.86537789786e-05, -0.000327834452037, 0.00902004819363, -0.00308704725467, 0.00111513026059, 0.000247248040978, 0.000989375868812, -0.00255518220365, 0.00274031842127], [-0.000163733551744, -0.000563332810998, 0.000550446624402, -0.00167521869298, 0.00283634709194, -0.00247069075704, -0.00308704725467, 0.0112618077546, -0.00458620022982, 0.00376886688173, -0.00155181274749, 0.00224409392104, -0.00157761690207], [0.000523860333487, 0.000268272822723, -0.000466919475002, 0.00225319922902, -0.00270935636945, 0.00305950827897, 0.00111513026059, -0.00458620022982, 0.0122776180506, -0.00769064854831, 0.00577230798081, -0.000526859075762, 0.00210231984966], [-0.000107924905024, -0.000428081781138, 0.0011495272629, -0.00275701028295, 0.00326988706365, -0.000437423354015, 0.000247248040978, 0.00376886688173, -0.00769064854831, 0.014692584984, -0.00751742580906, 0.00324731576256, -0.00119581713807], [-0.000635367701761, 0.00020212578238, -0.000981184304692, 0.000987782725133, -0.00183871889021, -0.000471062841825, 0.000989375868812, -0.00155181274749, 0.00577230798081, -0.00751742580906, 0.01708955504, -0.00601575756446, 0.00225595710799], [0.00103757774923, -0.000672671303619, 0.00113427790347, 0.000527118972968, -0.000430494896136, 0.00273181544617, -0.00255518220365, 0.00224409392104, -0.000526859075762, 0.00324731576256, -0.00601575756446, 0.011403856799, -0.00430716201663], [-0.000592282856815, -0.000123846621136, -0.000625346787274, -0.000897006771993, -0.000556625367608, -0.00223767384887, 0.00274031842127, -0.00157761690207, 0.00210231984966, -0.00119581713807, 0.00225595710799, -0.00430716201663, 0.0110354209319]]}, "spectral_contrast_coeffs": {"dmean": [0.0383641496301, 0.030939925462, 0.0308353919536, 0.0231439657509, 0.0156538300216, 0.0264762118459], "dmean2": [0.0651393532753, 0.0501525625587, 0.0490975901484, 0.0384106896818, 0.0259138625115, 0.045283112675], "dvar": [0.000997089780867, 0.000605363748036, 0.000603744527325, 0.000397622497985, 0.000236835388932, 0.000502603827044], "dvar2": [0.00304248230532, 0.00155748589896, 0.00152306933887, 0.000989886582829, 0.000551464327145, 0.00143695960287], "max": [-0.276874750853, -0.4519546628, -0.426402449608, -0.466068595648, -0.557563006878, -0.577495753765], "mean": [-0.511036276817, -0.670675635338, -0.727318108082, -0.773439824581, -0.810397624969, -0.768084049225], "median": [-0.507453322411, -0.670809626579, -0.734750628471, -0.77893859148, -0.819571137428, -0.762030482292], "min": [-0.971828281879, -0.955310165882, -0.962760448456, -0.959898471832, -0.962137818336, -0.955872237682], "var": [0.00587346358225, 0.00385370175354, 0.00561759807169, 0.00382817583159, 0.00290732434951, 0.00199142633937]}, "spectral_contrast_valleys": {"dmean": [0.3468105793, 0.268115013838, 0.243224263191, 0.222560822964, 0.15753942728, 0.427003800869], "dmean2": [0.602466702461, 0.448672384024, 0.4103974998, 0.375969469547, 0.263359665