{"lowlevel": {"average_loudness": 0.973397016525, "barkbands_crest": {"dmean": 2.44649457932, "dmean2": 4.066010952, "dvar": 6.06974029541, "dvar2": 17.0905685425, "max": 23.8990421295, "mean": 10.1281118393, "median": 9.3320016861, "min": 4.12609958649, "var": 10.4950265884}, "barkbands_flatness_db": {"dmean": 0.0381979383528, "dmean2": 0.0481510013342, "dvar": 0.00145736942068, "dvar2": 0.00244865962304, "max": 0.4972615242, "mean": 0.201613053679, "median": 0.187261253595, "min": 0.0471792109311, "var": 0.00661915400997}, "barkbands_kurtosis": {"dmean": 10.374666214, "dmean2": 16.3103523254, "dvar": 288.901550293, "dvar2": 716.237487793, "max": 203.335586548, "mean": 15.6865367889, "median": 10.0440750122, "min": -1.90933096409, "var": 380.537353516}, "barkbands_skewness": {"dmean": 0.970500826836, "dmean2": 1.51645636559, "dvar": 1.35972940922, "dvar2": 3.56982779503, "max": 11.7606229782, "mean": 2.80223870277, "median": 2.60471582413, "min": -1.99560821056, "var": 2.06322598457}, "barkbands_spread": {"dmean": 8.75072479248, "dmean2": 13.2418375015, "dvar": 194.443405151, "dvar2": 456.678588867, "max": 134.287002563, "mean": 14.1711835861, "median": 9.08818054199, "min": 0.589881360531, "var": 262.059631348}, "dissonance": {"dmean": 0.0309195332229, "dmean2": 0.0486954934895, "dvar": 0.000703134515788, "dvar2": 0.00169285119046, "max": 0.500000059605, "mean": 0.420797854662, "median": 0.426255881786, "min": 0.234830930829, "var": 0.0018256274052}, "dynamic_complexity": 1.94431936741, "erbbands_crest": {"dmean": 2.95068287849, "dmean2": 4.42854976654, "dvar": 6.89614391327, "dvar2": 15.9551038742, "max": 29.4732131958, "mean": 11.5041618347, "median": 10.831697464, "min": 2.83920407295, "var": 22.0850219727}, "erbbands_flatness_db": {"dmean": 0.0307533107698, "dmean2": 0.0348311699927, "dvar": 0.000924102554563, "dvar2": 0.00145669397898, "max": 0.354915082455, "mean": 0.14423660934, "median": 0.14045098424, "min": 0.0290187243372, "var": 0.00345930317417}, "erbbands_kurtosis": {"dmean": 2.36572933197, "dmean2": 3.35405898094, "dvar": 16.6977310181, "dvar2": 28.6219120026, "max": 52.5055198669, "mean": 3.34443473816, "median": 0.780792713165, "min": -1.71950006485, "var": 51.0011940002}, "erbbands_skewness": {"dmean": 0.48721781373, "dmean2": 0.675587296486, "dvar": 0.264452576637, "dvar2": 0.512388586998, "max": 6.23254966736, "mean": 1.30157339573, "median": 1.02910578251, "min": -1.214859128, "var": 1.12246000767}, "erbbands_spread": {"dmean": 12.9213514328, "dmean2": 17.5609989166, "dvar": 285.997680664, "dvar2": 538.669433594, "max": 176.270523071, "mean": 39.0896453857, "median": 35.6581687927, "min": 3.50024604797, "var": 569.645996094}, "hfc": {"dmean": 9.48575878143, "dmean2": 12.2181940079, "dvar": 113.024116516, "dvar2": 225.63293457, "max": 82.6343841553, "mean": 21.5464344025, "median": 17.7078723907, "min": 1.19504569806e-16, "var": 236.111572266}, "melbands_crest": {"dmean": 2.72556877136, "dmean2": 4.52355003357, "dvar": 7.34402751923, "dvar2": 19.7892913818, "max": 30.5740070343, "mean": 14.3865308762, "median": 13.6512479782, "min": 1.93643009663, "var": 15.505396843}, "melbands_flatness_db": {"dmean": 0.0437166877091, "dmean2": 0.0589602701366, "dvar": 0.00217115296982, "dvar2": 0.00385508360341, "max": 0.648929715157, "mean": 0.314790517092, "median": 0.294883608818, "min": 0.00547608779743, "var": 0.00905906129628}, "melbands_kurtosis": {"dmean": 17.7960948944, "dmean2": 27.1739139557, "dvar": 1016.96990967, "dvar2": 2411.11425781, "max": 404.498931885, "mean": 31.8692779541, "median": 20.3945083618, "min": -1.25110793114, "var": 1630.64160156}, "melbands_skewness": {"dmean": 1.06222701073, "dmean2": 1.55352938175, "dvar": 1.50646805763, "dvar2": 3.29541254044, "max": 15.3704128265, "mean": 3.55277991295, "median": 3.24664402008, "min": -0.0873546972871, "var": 3.36171221733}, "melbands_spread": {"dmean": 3.35655450821, "dmean2": 5.14515924454, "dvar": 47.8161048889, "dvar2": 82.7204971313, "max": 142.032211304, "mean": 8.07545948029, "median": 6.96129846573, "min": 0.504266679287, "var": 71.1832351685}, "pitch_salience": {"dmean": 0.0679860860109, "dmean2": 0.111954763532, "dvar": 0.00382320326753, "dvar2": 0.0101409759372, "max": 0.919729888439, "mean": 0.519596040249, "median": 0.522707462311, "min": 0.234717354178, "var": 0.00807498954237}, "silence_rate_20dB": {"dmean": 0, "dmean2": 0, "dvar": 0, "dvar2": 0, "max": 1, "mean": 1, "median": 1, "min": 1, "var": 0}, "silence_rate_30dB": {"dmean": 0.0575614869595, "dmean2": 0.115183249116, "dvar": 0.0542475357652, "dvar2": 0.13332618773, "max": 1, "mean": 0.940899610519, "median": 1, "min": 0, "var": 0.0556086152792}, "silence_rate_60dB": {"dmean": 0.00941915251315, "dmean2": 0.0183246079832, "dvar": 0.00933056417853, "dvar2": 0.0179887283593, "max": 1, "mean": 0.0266736410558, "median": 0, "min": 0, "var": 0.0259627513587}, "spectral_centroid": {"dmean": 166.648971558, "dmean2": 249.143875122, "dvar": 104905.132812, "dvar2": 150424.859375, "max": 10830.1152344, "mean": 570.780090332, "median": 524.846069336, "min": 126.503746033, "var": 164100.21875}, "spectral_complexity": {"dmean": 2.42804813385, "dmean2": 3.7455496788, "dvar": 6.68649768829, "dvar2": 14.3048496246, "max": 30, "mean": 10.5407953262, "median": 11, "min": 0, "var": 21.8832111359}, "spectral_decrease": {"dmean": 6.47438058721e-09, "dmean2": 1.10563345146e-08, "dvar": 8.32654629149e-17, "dvar2": 2.42366222349e-16, "max": 6.82805548213e-11, "mean": -1.43329019764e-08, "median": -1.26097825515e-08, "min": -6.60219470205e-08, "var": 8.84119159884e-17}, "spectral_energy": {"dmean": 0.0245633814484, "dmean2": 0.0418708920479, "dvar": 0.00118972244672, "dvar2": 0.00344507489353, "max": 0.253495305777, "mean": 0.056049913168, "median": 0.0492048412561, "min": 1.13429112513e-20, "var": 0.00129176815972}, "spectral_energyband_high": {"dmean": 0.000615892116912, "dmean2": 0.0008486873121, "dvar": 6.9820760018e-07, "dvar2": 1.45657236317e-06, "max": 0.00423612631857, "mean": 0.000720349315088, "median": 0.000244407041464, "min": 8.44705290091e-21, "var": 9.74924546426e-07}, "spectral_energyband_low": {"dmean": 0.0200190395117, "dmean2": 0.0347008854151, "dvar": 0.000990938162431, "dvar2": 0.00285841990262, "max": 0.213162884116, "mean": 0.0337171591818, "median": 0.0271176956594, "min": 9.84779749069e-23, "var": 0.000891446077731}, "spectral_energyband_middle_high": {"dmean": 0.00103531428613, "dmean2": 0.0014297751477, "dvar": 1.61570687851e-06, "dvar2": 3.24334087054e-06, "max": 0.0161845758557, "mean": 0.00242902594618, "median": 0.00220276555046, "min": 1.71052226505e-21, "var": 4.7265689318e-06}, "spectral_energyband_middle_low": {"dmean": 0.00860409159213, "dmean2": 0.0133371502161, "dvar": 9.22746476135e-05, "dvar2": 0.000254243292147, "max": 0.11497451365, "mean": 0.0238343719393, "median": 0.0212643481791, "min": 3.70045209552e-22, "var": 0.000247644784395}, "spectral_entropy": {"dmean": 0.411981254816, "dmean2": 0.440795391798, "dvar": 0.142479732633, "dvar2": 0.215310633183, "max": 9.80593109131, "mean": 6.7978386879, "median": 6.8424372673, "min": 4.33751392365, "var": 0.629442453384}, "spectral_flux": {"dmean": 0.0451957136393, "dmean2": 0.0708038881421, "dvar": 0.00276650418527, "dvar2": 0.00541401142254, "max": 0.397437304258, "mean": 0.107561692595, "median": 0.0875049233437, "min": 1.06503104946e-10, "var": 0.00500081805512}, "spectral_kurtosis": {"dmean": 4.1908621788, "dmean2": 5.79065418243, "dvar": 51.7072296143, "dvar2": 94.4951171875, "max": 104.787117004, "mean": 9.12091732025, "median": 5.93059444427, "min": -1.16973042488, "var": 110.499351501}, "spectral_rms": {"dmean": 0.0015656799078, "dmean2": 0.0025959876366, "dvar": 3.67732423001e-06, "dvar2": 1.03450620372e-05, "max": 0.0157261732966, "mean": 0.00700193829834, "median": 0.00692854449153, "min": 3.32659811156e-12, "var": 5.65571281186e-06}, "spectral_rolloff": {"dmean": 512.133850098, "dmean2": 915.906555176, "dvar": 3672645, "dvar2": 8526842, "max": 18217.0898438, "mean": 742.276550293, "median": 387.59765625, "min": 86.1328125, "var": 4109629.25}, "spectral_skewness": {"dmean": 0.456415623426, "dmean2": 0.59837782383, "dvar": 0.327190876007, "dvar2": 0.55131572485, "max": 8.57812976837, "mean": 2.37024903297, "median": 2.09209537506, "min": 0.00266871368513, "var": 0.996620059013}, "spectral_spread": {"dmean": 1599455.625, "dmean2": 1820158.125, "dvar": 3578340835330.0, "dvar2": 5343437914110.0, "max": 39986080, "mean": 5971853.5, "median": 5114489, "min": 1061513.25, "var": 9169611522050.0}, "spectral_strongpeak": {"dmean": 0.421846181154, "dmean2": 0.731416106224, "dvar": 0.287481218576, "dvar2": 0.667707264423, "max": 4.07749652863, "mean": 0.738400995731, "median": 0.478304505348, "min": 0, "var": 0.554333806038}, "zerocrossingrate": {"dmean": 0.0242962725461, "dmean2": 0.0268345065415, "dvar": 0.00102964835241, "dvar2": 0.00123177550267, "max": 0.50927734375, "mean": 0.051436804235, "median": 0.0322265625, "min": 0.0029296875, "var": 0.00289549538866}, "barkbands": {"dmean": [0.000672427529935, 0.0131549555808, 0.0064606484957, 0.00392651651055, 0.00393179664388, 0.00142148544546, 0.0019238932291, 0.000717219605576, 0.000262022775132, 0.000376656244043, 0.000380730489269, 0.000139906929689, 0.000218137240154, 0.000220273097511, 0.00018210647977, 0.000122638142784, 0.000106006125861, 6.93533947924e-05, 5.44653339603e-05, 3.87014915759e-05, 4.00933313358e-05, 3.87201107515e-05, 4.4940974476e-05, 4.42452947027e-05, 7.02930628904e-05, 0.00015656783944, 0.000249187985901], "dmean2": [0.0011271846015, 0.0236635077745, 0.0105560971424, 0.00642426591367, 0.00639276998118, 0.0020670867525, 0.00237267417833, 0.00102409441024, 0.00041908439016, 0.000486323260702, 0.000526468618773, 0.000195808010176, 0.000310534669552, 0.000327431043843, 0.000295627047308, 0.000199661342776, 0.000179233029485, 0.00011618823919, 9.24195555854e-05, 6.5692991484e-05, 6.16311226622e-05, 6.00342245889e-05, 7.01986282365e-05, 6.12498479313e-05, 9.0992441983e-05, 0.000230995428865, 0.000353147072019], "dvar": [1.29070031107e-06, 0.000555370643269, 6.76183408359e-05, 2.20927395276e-05, 3.19884929922e-05, 5.77686159886e-06, 1.18847501653e-05, 2.9572765925e-06, 4.48129867436e-07, 3.80635981401e-07, 7.14903478638e-07, 6.48615952059e-08, 1.02702841787e-07, 1.40111211522e-07, 5.59646835541e-08, 2.84024483932e-08, 1.61227049489e-08, 7.9366611061e-09, 3.78597952988e-09, 1.84299409067e-09, 1.87792004169e-09, 3.92569488028e-09, 8.62381366318e-09, 3.73595421266e-09, 8.97988439164e-09, 5.57851613792e-08, 1.32613507731e-07], "dvar2": [3.21603806697e-06, 0.00161239143927, 0.00018751101743, 6.13078664173e-05, 9.07317589736e-05, 1.33697167257e-05, 1.96887285711e-05, 6.51442587696e-06, 1.098742473e-06, 5.51258267478e-07, 1.30072874072e-06, 1.07966002361e-07, 1.86187548934e-07, 2.6837636824e-07, 1.30124576003e-07, 7.09228658025e-08, 4.37030891476e-08, 2.10250536981e-08, 1.08440048052e-08, 5.31634203327e-09, 4.44012826506e-09, 9.5282439716e-09, 2.28130883073e-08, 7.8210637966e-09, 1.7913073691e-08, 1.22956123505e-07, 2.88882773702e-07], "max": [0.014084815979, 0.163531392813, 0.0658051073551, 0.0418978482485, 0.0678779855371, 0.0304555408657, 0.053361043334, 0.0340334884822, 0.00901904236525, 0.00684571545571, 0.0127052627504, 0.00318971625529, 0.00417193258181, 0.00434728246182, 0.00172399915755, 0.00186148053035, 0.000977080315351, 0.00070312351454, 0.000566050643101, 0.000408663821872, 0.000392039102735, 0.000577072030865, 0.000724437064491, 0.000358382007107, 0.000518023152836, 0.00126441812608, 0.00175061658956], "mean": [0.000803767237812, 0.0168766528368, 0.0114783737808, 0.00718245562166, 0.00735441502184, 0.00306926621124, 0.00449129240587, 0.00124612066429, 0.000295095349429, 0.000600298750214, 0.000513733946718, 0.000193872197997, 0.000304690911435, 0.00026952807093, 0.000213718682062, 0.000141333148349, 0.000122986195493, 7.30959072825e-05, 6.92739486112e-05, 5.47096715309e-05, 6.43308158033e-05, 5.7987850596e-05, 5.31658442924e-05, 6.00059356657e-05, 8.21842186269e-05, 0.000144973600982, 0.000232627164223], "median": [0.000238980195718, 0.0119428709149, 0.00968994759023, 0.00536935776472, 0.00517678027973, 0.00141699553933, 0.00120938755572, 0.000123013291159, 3.011228182e-05, 8.90237351996e-05, 4.14337555412e-05, 4.14418100263e-05, 0.00012694587349, 5.11338876095e-05, 0.000102477773908, 6.6980777774e-05, 7.40642281016e-05, 3.84754639526e-05, 4.84126576339e-05, 4.02991863666e-05, 5.51390767214e-05, 3.83400583814e-05, 2.76732771454e-05, 2.49714612437e-05, 2.07682060136e-05, 1.43714496517e-05, 9.03104410099e-06], "min": [3.24448203571e-23, 5.55618022721e-23, 7.33423152904e-24, 2.47093591833e-23, 6.20200361092e-23, 5.41664587921e-23, 2.90463286913e-23, 3.96522353959e-23, 1.37697337081e-22, 9.15980475843e-23, 7.79672379615e-23, 8.78792373703e-23, 1.08111720986e-22, 5.29871054279e-23, 1.33343165672e-22, 1.3145780073e-22, 1.55631666931e-22, 2.05900420789e-22, 4.10646176404e-22, 5.20109399137e-22, 5.5509286855e-22, 5.87923467133e-22, 5.94489970552e-22, 1.1951900561e-21, 1.23392900829e-21, 1.71109297121e-21, 2.45006333405e-21], "var": [1.65914707395e-06, 0.000398831005441, 9.87381718005e-05, 4.07265652029e-05, 5.1278511819e-05, 1.85040426004e-05, 5.64675428905e-05, 9.87062321656e-06, 6.7345234811e-07, 1.19004039334e-06, 1.47679975271e-06, 1.47763216773e-07, 2.13858442066e-07, 2.48040862516e-07, 7.65335030906e-08, 3.63748142718e-08, 2.02042169661e-08, 8.66262883648e-09, 5.27224841562e-09, 2.94559288072e-09, 3.36639316423e-09, 5.17235632103e-09, 7.72566099982e-09, 5.46801892654e-09, 1.36922118088e-08, 6.41662225576e-08, 1.64067486708e-07]}, "erbbands": {"dmean": [0.334451407194, 3.12988829613, 7.35118246078, 10.8555641174, 14.190577507, 11.1392393112, 9.36569213867, 12.4719591141, 24.4530010223, 27.9879074097, 9.77971935272, 6.67040681839, 8.11178302765, 13.2012481689, 14.2328796387, 7.08811092377, 10.5153312683, 12.4208374023, 7.52421045303, 9.07116889954, 6.23480892181, 5.01377391815, 3.33559823036, 3.18775272369, 2.89853644371, 2.1797144413, 1.86818110943, 1.31398701668, 1.63143861294, 1.36151015759, 1.18135750294, 0.826335608959, 0.782044649124, 0.596551895142, 0.602426052094, 0.517394781113, 0.306855291128, 0.165746957064, 0.0426254346967, 0.00258607231081], "dmean2": [0.599040329456, 5.61829662323, 12.4658222198, 17.3908538818, 23.1282024384, 18.5611686707, 14.0230312347, 18.5001106262, 30.7820072174, 36.5671768188, 13.2077083588, 10.4272108078, 11.440987587, 16.8840351105, 19.5637054443, 9.71041488647, 14.9555721283, 18.194984436, 11.943862915, 14.6820259094, 10.1632614136, 8.45063972473, 5.47769451141, 5.31105518341, 4.93307638168, 3.71834158897, 2.86196660995, 2.14745950699, 2.6370613575, 2.02397632599, 1.87581348419, 1.22879445553, 1.06220412254, 0.768693447113, 0.816794097424, 0.744947075844, 0.457627505064, 0.244111806154, 0.0584139823914, 0.00373202050105], "dvar": [0.336831927299, 30.7860565186, 114.265884399, 181.196533203, 341.347625732, 347.489227295, 278.471099854, 500.857574463, 2168.77148438, 3956.27978516, 412.347259521, 273.702270508, 342.073730469, 411.930480957, 867.89074707, 138.486282349, 262.162994385, 435.557830811, 113.924423218, 244.011367798, 62.9795074463, 48.7230262756, 15.237496376, 14.3809556961, 9.97507190704, 6.17060756683, 3.60416078568, 2.73669242859, 7.10282993317, 5.76034164429, 6.48319625854, 1.61746311188, 1.10300827026, 0.614267349243, 0.709984362125, 0.591690659523, 0.218879714608, 0.0622060038149, 0.00370724732056, 1.47492182805e-05], "dvar2": [0.965503454208, 89.7031021118, 326.372039795, 480.160705566, 962.784790039, 984.215270996, 584.57220459, 1175.59960938, 3708.51660156, 7265.01464844, 785.088439941, 678.160827637, 656.649291992, 595.344726562, 1602.85864258, 228.568023682, 468.735107422, 841.419555664, 265.104492188, 575.47454834, 162.572158813, 132.924087524, 40.5700454712, 40.2194480896, 28.6079216003, 18.1508255005, 8.54209709167, 6.4790148735, 17.9203281403, 14.1914768219, 17.5219936371, 3.87022042274, 2.0125939846, 1.14994835854, 1.50761282444, 1.25930249691, 0.496533036232, 0.139366105199, 0.00766233727336, 3.39030448231e-05], "max": [4.11297702789, 39.5111312866, 76.2088851929, 141.538467407, 204.116439819, 227.138504028, 322.281097412, 307.097442627, 786.579345703, 946.080078125, 368.752319336, 250.998397827, 220.420913696, 258.586883545, 404.733337402, 142.059463501, 214.110687256, 222.116088867, 83.5985794067, 151.848373413, 59.6459159851, 58.4026603699, 31.2625312805, 31.8898677826, 24.0297355652, 22.6981525421, 15.7524843216, 17.536775589, 23.4063625336, 20.3719997406, 20.2556304932, 8.82096385956, 5.83289384842, 4.42611980438, 4.67904615402, 4.22449016571, 2.4792444706, 1.30146229267, 0.309685885906, 0.0195330679417], "mean": [0.397592246532, 4.10990142822, 11.9552955627, 22.622844696, 26.2818470001, 19.5664978027, 19.6911659241, 26.3216667175, 58.435546875, 62.9201889038, 17.6562843323, 8.27522659302, 12.3234634399, 20.1446475983, 19.8499546051, 10.7586946487, 15.0814170837, 16.1823272705, 9.44528388977, 10.7340202332, 7.71492671967, 6.14542341232, 4.0817990303, 3.76657295227, 3.61191010475, 3.05048441887, 2.94217586517, 2.00011062622, 2.24110603333, 1.87566649914, 1.38337421417, 1.04287958145, 1.08720016479, 0.777436077595, 0.652755439281, 0.501310646534, 0.277237445116, 0.150666549802, 0.041186477989, 0.00241392711177], "median": [0.266295075417, 2.94925785065, 9.36237716675, 18.055305481, 20.0171852112, 12.6117353439, 9.36310005188, 12.0355520248, 20.1103553772, 8.28957176208, 4.30513572693, 1.51072311401, 2.09612894058, 6.83256721497, 3.98993492126, 4.6491985321, 6.57267475128, 4.51752710342, 4.61089897156, 5.26744031906, 4.63663005829, 3.73444271088, 2.87162733078, 2.59028220177, 2.5999045372, 2.30148649216, 2.42278957367, 1.65937113762, 1.4621514082, 1.11670064926, 0.714023828506, 0.500810861588, 0.397788345814, 0.253697603941, 0.138996869326, 0.0651281923056, 0.0236880593002, 0.00869113393128, 0.0015598249156, 0.000158906215802], "min": [2.61959557579e-21, 9.07116875102e-21, 1.24047583184e-20, 3.77595057245e-20, 2.64243131023e-19, 1.07220378845e-19, 7.97599729119e-20, 6.12153926645e-19, 3.81908177292e-19, 7.39009880097e-19, 1.28457313079e-18, 3.37638168842e-18, 2.24232451323e-18, 3.59003334165e-18, 2.51182781502e-18, 4.21871211389e-18, 4.35366745801e-18, 3.21289233548e-18, 3.47806245162e-18, 8.3172936146e-18, 8.71555047386e-18, 9.12674774662e-18, 1.00147178624e-17, 1.94590119744e-17, 1.87551011254e-17, 2.58667153043e-17, 2.11289672084e-17, 2.24755030947e-17, 2.03583458974e-17, 1.80983511519e-17, 1.94073512364e-17, 2.0528078396e-17, 2.0333942415e-17, 1.41985436339e-17, 8.93044620673e-18, 6.7766829586e-18, 3.02588437657e-18, 1.36281573135e-18, 3.91717686327e-19, 3.29566269006e-20], "var": [0.260985165834, 22.171163559, 119.959671021, 371.66394043, 576.15637207, 478.792602539, 885.901062012, 1387.85412598, 10240.0722656, 18100.203125, 1368.36645508, 437.364318848, 847.825134277, 1118.99157715, 1809.18310547, 316.67666626, 540.018249512, 787.850524902, 162.551315308, 281.276062012, 83.6523590088, 60.0013389587, 19.4853134155, 17.0685577393, 13.1062240601, 8.91727828979, 7.04875183105, 4.12333536148, 8.20978069305, 6.6974978447, 5.48450231552, 1.86588442326, 1.80392885208, 1.02097010612, 0.971882879734, 0.718709826469, 0.242733314633, 0.0713370591402, 0.00494917528704, 1.72016807483e-05]}, "gfcc": {"mean": [-0.272151708603, 95.9336471558, -51.2540168762, 27.1887969971, -31.5958919525, 8.2036190033, -33.5013618469, -4.98562002182, -20.03058815, 5.81242895126, -11.0539550781, -0.0600154288113, -12.0581655502], "cov": [[8211.61425781, -1780.56750488, -732.544921875, -355.113952637, -396.503173828, -210.021850586, 179.554321289, 223.822479248, -107.364959717, -92.7520828247, -147.832763672, 186.353164673, -152.389816284], [-1780.56750488, 2098.6706543, -401.234039307, 335.492614746, 62.2802429199, 80.4934844971, -95.3023452759, -150.34552002, -35.4813613892, -158.159042358, 43.6303787231, -107.979019165, 84.7643508911], [-732.544921875, -401.234039307, 1096.41040039, 35.3207893372, 161.863601685, 20.50248909, 27.5212688446, -56.9644851685, -26.8268184662, 25.1784152985, -47.1901321411, -27.9845943451, 33.4051399231], [-355.113952637, 335.492614746, 35.3207893372, 299.132385254, 0.288599729538, 32.5518112183, -44.7431144714, -39.1936721802, -46.832195282, -48.7384910583, -11.0174331665, -31.533864975, 20.9584941864], [-396.503173828, 62.2802429199, 161.863601685, 0.288599729538, 201.277526855, 55.4687919617, 7.23006105423, -34.6715736389, 4.48075580597, 7.18092823029, -2.81268596649, -10.8506631851, 14.840013504], [-210.021850586, 80.4934844971, 20.50248909, 32.5518112183, 55.4687919617, 123.35723114, 38.4130477905, -9.97700977325, -22.0199985504, -17.9622707367, -10.0306482315, -2.31127882004, 24.071811676], [179.554321289, -95.3023452759, 27.5212688446, -44.7431144714, 7.23006105423, 38.4130477905, 103.56602478, 42.0150909424, -9.58430099487, -29.6637458801, -15.544752121, 12.2926979065, 14.0174598694], [223.822479248, -150.34552002, -56.9644851685, -39.1936721802, -34.6715736389, -9.97700977325, 42.0150909424, 104.835372925, 45.1083450317, 9.52735424042, -15.9495954514, 7.05295324326, -12.3765506744], [-107.364959717, -35.4813613892, -26.8268184662, -46.832195282, 4.48075580597, -22.0199985504, -9.58430099487, 45.1083450317, 114.539726257, 62.9441719055, 2.25747823715, -25.5463085175, -27.3330345154], [-92.7520828247, -158.159042358, 25.1784152985, -48.7384910583, 7.18092823029, -17.9622707367, -29.6637458801, 9.52735424042, 62.9441719055, 122.328063965, 41.6141433716, -16.1442012787, -48.2512359619], [-147.832763672, 43.6303787231, -47.1901321411, -11.0174331665, -2.81268596649, -10.0306482315, -15.544752121, -15.9495954514, 2.25747823715, 41.6141433716, 67.5883407593, 15.1665658951, -24.165058136], [186.353164673, -107.979019165, -27.9845943451, -31.533864975, -10.8506631851, -2.31127882004, 12.2926979065, 7.05295324326, -25.5463085175, -16.1442012787, 15.1665658951, 61.9104537964, 20.8339920044], [-152.389816284, 84.7643508911, 33.4051399231, 20.9584941864, 14.840013504, 24.071811676, 14.0174598694, -12.3765506744, -27.3330345154, -48.2512359619, -24.165058136, 20.8339920044, 77.7328643799]], "icov": [[0.0002455173817, 0.000136200513225, 0.000227308890317, -3.43556130247e-05, 0.000128837593365, 0.000363111757906, -0.00047428367543, 0.000256966828601, 0.000292529759463, -9.73020432866e-05, 0.00113867141772, -0.000781352340709, 0.000839639687911], [0.000136200513225, 0.00145701423753, 0.000614628428593, -0.000601078732871, -0.000314518081723, -0.000253891776083, 0.000597202160861, 0.000764588068705, -0.00111679197289, 0.00323634990491, -0.00341524532996, 0.00362004735507, -0.00168690062128], [0.000227308890317, 0.000614628428593, 0.00165382609703, -0.000636806595139, -0.000987699022517, 0.00105503539089, -0.00136002234649, 0.00132826389745, 0.000510323734488, -0.000652739137877, 0.00135627703276, 0.000646213302389, -0.000422344252001], [-3.43556130247e-05, -0.000601078732871, -0.000636806595139, 0.00548077002168, 0.000741727009881, -0.00200834940188, 0.00382814044133, -0.00206292676739, 0.00222849892452, 0.00166579685174, -0.00098725699354, 0.00281890109181, -0.000399245705921], [0.000128837593365, -0.000314518081723, -0.000987699022517, 0.000741727009881, 0.00730746053159, -0.00303028174676, -0.000298231694615, 0.00234875991009, -0.00169257773086, -0.000337518344168, 0.00105375447311, -0.00131458707619, 0.000666345236823], [0.000363111757906, -0.000253891776083, 0.00105503539089, -0.00200834940188, -0.00303028174676, 0.0134647963569, -0.00760473497212, 0.0019948752597, 0.00277638738044, -0.00446725217625, 0.00479105208069, -0.00180188869126, -0.000649747787975], [-0.00047428367543, 0.000597202160861, -0.00136002234649, 0.00382814044133, -0.000298231694615, -0.00760473497212, 0.0210786852986, -0.0102670267224, 0.00132104684599, 0.00874269753695, -0.0086779538542, 0.00662650633603, -0.00363498693332], [0.000256966828601, 0.000764588068705, 0.00132826389745, -0.00206292676739, 0.00234875991009, 0.0019948752597, -0.0102670267224, 0.0213655922562, -0.00914841145277, -0.00115510926116, 0.00792806595564, -0.0072725196369, 0.00432245619595], [0.000292529759463, -0.00111679197289, 0.000510323734488, 0.00222849892452, -0.00169257773086, 0.00277638738044, 0.00132104684599, -0.00914841145277, 0.0207824073732, -0.0111797610298, 0.00606867857277, 0.00325699429959, 0.000121361030324], [-9.73020432866e-05, 0.00323634990491, -0.000652739137877, 0.00166579685174, -0.000337518344168, -0.00446725217625, 0.00874269753695, -0.00115510926116, -0.0111797610298, 0.0297074615955, -0.0224330537021, 0.0133739607409, -0.000250213401159], [0.00113867141772, -0.00341524532996, 0.00135627703276, -0.00098725699354, 0.00105375447311, 0.00479105208069, -0.0086779538542, 0.00792806595564, 0.00606867857277, -0.0224330537021, 0.0472141131759, -0.0288589932024, 0.0174035578966], [-0.000781352340709, 0.00362004735507, 0.000646213302389, 0.00281890109181, -0.00131458707619, -0.00180188869126, 0.00662650633603, -0.0072725196369, 0.00325699429959, 0.0133739607409, -0.0288589932024, 0.0442016087472, -0.0194324720651], [0.000839639687911, -0.00168690062128, -0.000422344252001, -0.000399245705921, 0.000666345236823, -0.000649747787975, -0.00363498693332, 0.00432245619595, 0.000121361030324, -0.000250213401159, 0.0174035578966, -0.0194324720651, 0.028562925756]]}, "melbands": {"dmean": [0.0033129779622, 0.00395962642506, 0.00186138553545, 0.000966968829744, 0.000341858889442, 0.000283803557977, 0.000383816775866, 0.000272262521321, 6.59149227431e-05, 3.99967502744e-05, 4.0186674596e-05, 5.34997561772e-05, 5.56787344976e-05, 1.96964319912e-05, 2.05494070542e-05, 2.23092392844e-05, 2.35920560954e-05, 1.16128549053e-05, 1.05807448563e-05, 1.19450232887e-05, 6.88784984959e-06, 5.73026954953e-06, 4.63907144876e-06, 3.93137588617e-06, 2.57545934801e-06, 2.60767137661e-06, 1.51403332893e-06, 1.44304010519e-06, 1.45697549669e-06, 1.06362983843e-06, 7.15589635547e-07, 1.05345645807e-06, 6.58011686028e-07, 8.63557488628e-07, 7.39394181437e-07, 5.22314678619e-07, 5.05381933635e-07, 5.52505525775e-07, 5.22414552506e-07, 5.01963143051e-07], "dmean2": [0.0059511475265, 0.00683013629168, 0.00299371429719, 0.00159834255464, 0.000524804927409, 0.000419314921601, 0.00047752429964, 0.000365193322068, 9.04063344933e-05, 6.38751953375e-05, 5.63479443372e-05, 6.78415017319e-05, 7.68893078202e-05, 2.73288096651e-05, 2.9171584174e-05, 3.22444248013e-05, 3.46097222064e-05, 1.83759620995e-05, 1.71138872247e-05, 1.93361011043e-05, 1.14560416478e-05, 9.77716717898e-06, 7.92020728113e-06, 6.60064779368e-06, 4.37366134065e-06, 4.49722847407e-06, 2.57926467384e-06, 2.4973858217e-06, 2.32347542806e-06, 1.76009984898e-06, 1.18194725474e-06, 1.76068238034e-06, 1.00340650988e-06, 1.29675765947e-06, 1.21000789477e-06, 8.12653127014e-07, 7.52946107241e-07, 7.84922576713e-07, 6.92568050908e-07, 6.61258127366e-07], "dvar": [3.48090397893e-05, 3.86506108043e-05, 4.55133977084e-06, 2.22923404181e-06, 3.13795055717e-07, 2.50169023275e-07, 4.88388195663e-07, 3.84399157838e-07, 2.10871053952e-08, 1.04780877308e-08, 8.18963474813e-09, 7.67384911171e-09, 1.55577808414e-08, 1.19010590272e-09, 9.30161281332e-10, 8.48030812239e-10, 1.70154179635e-09, 2.72258965373e-10, 2.16923437546e-10, 3.32439104023e-10, 8.38723465679e-11, 8.84596423889e-11, 3.85028779692e-11, 3.82708101321e-11, 1.12198045993e-11, 9.75858543278e-12, 3.32915509396e-12, 2.77006499336e-12, 2.16070260642e-12, 1.43558830188e-12, 8.97840612621e-13, 2.91030068968e-12, 1.16689557322e-12, 2.25872445747e-12, 3.02114843559e-12, 8.61617905929e-13, 5.50971161056e-13, 5.67914855767e-13, 4.92786475688e-13, 4.44670613265e-13], "dvar2": [0.000100839330116, 0.000111416717118, 1.24626003526e-05, 6.43544490231e-06, 7.28368831915e-07, 5.84820952554e-07, 8.16566682715e-07, 7.46698503917e-07, 3.94833499229e-08, 2.64606221378e-08, 1.53746633202e-08, 1.06013775536e-08, 2.82610219671e-08, 1.9609844859e-09, 1.6798965552e-09, 1.6481531695e-09, 3.2327185373e-09, 6.21299955927e-10, 5.06630737362e-10, 8.06472444381e-10, 2.20043733234e-10, 2.39694208926e-10, 1.03201468205e-10, 1.01396058216e-10, 3.14756207209e-11, 2.87150407619e-11, 9.66036192013e-12, 8.18269323827e-12, 5.55107175504e-12, 3.53992551418e-12, 2.19378183154e-12, 7.5234913785e-12, 2.71818895517e-12, 5.56271868846e-12, 8.35507878161e-12, 2.22916260104e-12, 1.27718636448e-12, 9.83010873222e-13, 9.80836288925e-13, 7.98521838929e-13], "max": [0.0418765991926, 0.0447898954153, 0.0196560546756, 0.0176694020629, 0.00883108377457, 0.00633101211861, 0.0122912414372, 0.00889616645873, 0.00276332255453, 0.00135606201366, 0.00108717381954, 0.00114318588749, 0.00190609460697, 0.000462119205622, 0.000366832624422, 0.000280891079456, 0.00051135168178, 0.000119498727145, 0.000122937286505, 0.000170030558365, 6.20196442469e-05, 7.95584564912e-05, 4.85583041154e-05, 5.23478447576e-05, 2.98576451314e-05, 1.9379402147e-05, 1.61616590049e-05, 1.44045734487e-05, 1.35099762701e-05, 9.32939656195e-06, 1.03044631032e-05, 1.46458269228e-05, 9.90624175756e-06, 1.17252038763e-05, 1.38859923027e-05, 7.1463164204e-06, 4.65411903861e-06, 4.27738177677e-06, 4.19843581767e-06, 3.87727322959e-06], "mean": [0.00424060691148, 0.00624344917014, 0.00398685177788, 0.00169643561821, 0.000706372549757, 0.000597183010541, 0.000919037323911, 0.000595405348577, 0.00010891558486, 4.59017974208e-05, 6.09825037827e-05, 8.09610864962e-05, 7.50115068513e-05, 2.79429714283e-05, 2.91013657261e-05, 3.1289357139e-05, 2.93715638691e-05, 1.38118166433e-05, 1.26354898384e-05, 1.35709969982e-05, 7.88778470451e-06, 6.51258505968e-06, 5.02467582919e-06, 3.80946744372e-06, 2.74612921203e-06, 2.96213192996e-06, 1.89792092442e-06, 1.92642482943e-06, 2.02495721169e-06, 1.45216472447e-06, 1.04310140614e-06, 1.33798391744e-06, 1.01486386939e-06, 1.08949473088e-06, 8.18743899345e-07, 6.42647876248e-07, 6.28181453521e-07, 7.69297628267e-07, 7.12097687483e-07, 6.47070748983e-07], "median": [0.00288891233504, 0.00495600514114, 0.00349443941377, 0.00123840733431, 0.00035726436181, 0.000258600746747, 0.000322843174217, 7.43977216189e-05, 2.01954062504e-05, 4.71830253446e-06, 7.62673835197e-06, 2.12993709283e-05, 8.05494983069e-06, 6.30899376119e-06, 9.80298500508e-06, 1.36088965519e-05, 5.50856111659e-06, 5.06533524458e-06, 6.55773965264e-06, 6.92057619744e-06, 3.32120043822e-06, 3.04577497445e-06, 2.19388607547e-06, 1.78650475391e-06, 1.55679344971e-06, 1.86107376976e-06, 1.36456276323e-06, 1.3356884665e-06, 1.5998341496e-06, 1.14851081889e-06, 8.15515022623e-07, 8.38239031964e-07, 6.90704155204e-07, 5.82183815823e-07, 4.10393710126e-07, 3.39524945048e-07, 2.90934735858e-07, 2.82738028545e-07, 2.42463386257e-07, 2.0110886112e-07], "min": [2.26662457264e-23, 8.05268344303e-24, 1.39402545124e-23, 1.57524447166e-23, 2.38210769549e-24, 1.27947306593e-23, 6.17282041171e-24, 8.82509107635e-24, 1.30870840885e-23, 2.04921056286e-23, 1.10749081785e-23, 1.4813787014e-23, 8.96732664186e-24, 9.02622063046e-24, 1.2131689913e-23, 9.68957061022e-24, 5.39502959157e-24, 5.04727169998e-24, 1.02254264682e-23, 7.52711985328e-24, 1.23494991421e-23, 1.13699721338e-23, 4.81176279876e-24, 1.24256076534e-23, 1.56154448209e-23, 1.70470553922e-23, 1.29560045939e-23, 1.73801803084e-23, 1.30138020658e-23, 1.16627460259e-23, 1.44596989081e-23, 9.90040078689e-24, 1.39472469755e-23, 7.82051852318e-24, 1.18322225362e-23, 1.07456265926e-23, 1.325430209e-23, 1.40553493185e-23, 1.43985464107e-23, 1.10969686738e-23], "var": [2.58782783931e-05, 3.37184865202e-05, 8.62394244905e-06, 3.03304864246e-06, 8.86587713467e-07, 7.33174374545e-07, 2.37049448515e-06, 1.69410304807e-06, 6.66852528752e-08, 1.48564707203e-08, 2.09105230908e-08, 2.12377244679e-08, 3.15130108675e-08, 2.73514677573e-09, 1.959307383e-09, 1.74006065112e-09, 3.04222158576e-09, 3.96211841114e-10, 2.8563018617e-10, 3.96911364886e-10, 1.08055453474e-10, 1.01957359222e-10, 4.44806309841e-11, 3.57839868848e-11, 1.19661121289e-11, 1.10773014025e-11, 4.06773963471e-12, 4.04044853131e-12, 3.69524159535e-12, 2.03009614327e-12, 1.33088548862e-12, 3.11478143625e-12, 1.63280608652e-12, 2.51571983731e-12, 2.34726886365e-12, 8.44782794066e-13, 6.60236351268e-13, 9.04049079521e-13, 8.05907315708e-13, 7.33931145025e-13]}, "mfcc": {"mean": [-675.252380371, 140.690155029, 40.2858772278, 36.0422019958, 23.7362766266, 17.9584712982, 3.24792718887, -4.72455406189, -2.63139152527, -2.78975653648, -0.814396739006, 2.03526473045, 6.12275648117], "cov": [[7143.19091797, -1313.15563965, -789.887023926, -201.544708252, -587.109436035, -402.485870361, -114.333450317, 226.592849731, -30.366941452, -58.6722259521, -116.312515259, 64.7957458496, -66.6699829102], [-1313.15563965, 1282.15991211, -28.084444046, 95.462600708, 133.079360962, 139.111816406, 28.0170631409, -2.72737240791, -30.2208404541, -27.9475097656, -29.7906780243, -61.1275558472, -12.3710784912], [-789.887023926, -28.084444046, 611.157043457, 122.816200256, 102.631088257, 71.5011444092, 70.4400177002, -28.7245445251, 20.2812461853, -3.51911282539, -8.88181686401, -41.6029281616, -14.1561613083], [-201.544708252, 95.462600708, 122.816200256, 221.272583008, 66.7199707031, 21.9463272095, 7.02943706512, -12.9389047623, -36.4691085815, -28.2259578705, -32.2649002075, -19.0779190063, 1.06421303749], [-587.109436035, 133.079360962, 102.631088257, 66.7199707031, 173.001693726, 89.3143615723, 16.4607543945, -31.0911312103, 5.09829378128, -2.02859377861, 4.55035638809, -13.0460290909, -1.30578517914], [-402.485870361, 139.111816406, 71.5011444092, 21.9463272095, 89.3143615723, 136.504043579, 58.4749259949, -14.6533641815, -6.15180778503, -9.02564716339, -12.6776828766, -20.427520752, -8.98662757874], [-114.333450317, 28.0170631409, 70.4400177002, 7.02943706512, 16.4607543945, 58.4749259949, 117.409469604, 39.9201660156, -2.5987803936, -21.7760486603, -28.3409519196, -26.0466213226, -11.780620575], [226.592849731, -2.72737240791, -28.7245445251, -12.9389047623, -31.0911312103, -14.6533641815, 39.9201660156, 113.918991089, 45.211971283, -11.5167703629, -34.202796936, -30.5956783295, -30.3967761993], [-30.366941452, -30.2208404541, 20.2812461853, -36.4691085815, 5.09829378128, -6.15180778503, -2.5987803936, 45.211971283, 103.970100403, 48.1372146606, -4.14143514633, -23.002702713, -26.2843399048], [-58.6722259521, -27.9475097656, -3.51911282539, -28.2259578705, -2.02859377861, -9.02564716339, -21.7760486603, -11.5167703629, 48.1372146606, 93.4370269775, 51.4175987244, 4.95473337173, -9.60829734802], [-116.312515259, -29.7906780243, -8.88181686401, -32.2649002075, 4.55035638809, -12.6776828766, -28.3409519196, -34.202796936, -4.14143514633, 51.4175987244, 104.326438904, 55.6588745117, 8.12630176544], [64.7957458496, -61.1275558472, -41.6029281616, -19.0779190063, -13.0460290909, -20.427520752, -26.0466213226, -30.5956783295, -23.002702713, 4.95473337173, 55.6588745117, 90.4548034668, 48.4417610168], [-66.6699829102, -12.3710784912, -14.1561613083, 1.06421303749, -1.30578517914, -8.98662757874, -11.780620575, -30.3967761993, -26.2843399048, -9.60829734802, 8.12630176544, 48.4417610168, 88.6969985962]], "icov": [[0.000289320159936, 0.000245349365287, 0.000239975212025, -7.30181563995e-05, 0.00048218521988, 6.3016123022e-05, 0.000194124455447, -0.000443294091383, 0.000412905763369, -0.000244450115133, 0.000649592082482, -0.00049889163347, 0.000487048964715], [0.000245349365287, 0.00119167997036, 0.000467186735477, -0.000404349790188, 0.000135281923576, -0.000956631090958, 0.000560243672226, -0.000732122862246, 0.000576468359213, 3.14807730319e-05, -1.22525825645e-05, 0.000635836797301, -1.32769464471e-05], [0.000239975212025, 0.000467186735477, 0.00268990104087, -0.00160471640993, 0.000150095060235, -2.1312649551e-05, -0.00175819115248, 0.00158215535339, -0.00203289277852, 0.0013776673004, -0.001294643851, 0.00132088793907, -5.31268233317e-05], [-7.30181563995e-05, -0.000404349790188, -0.00160471640993, 0.00725210411474, -0.00351543654688, 0.0017666099593, 0.00117942749057, -0.00177706975956, 0.00510286353528, -0.0026743481867, 0.00420766789466, -0.00137758464552, 0.000809804128949], [0.00048218521988, 0.000135281923576, 0.000150095060235, -0.00351543654688, 0.0130073307082, -0.00731757842004, 0.00167845655233, 0.00213445862755, -0.00480947829783, 0.00394366122782, -0.00387802696787, 0.00189038098324, -0.00082321051741], [6.3016123022e-05, -0.000956631090958, -2.1312649551e-05, 0.0017666099593, -0.00731757842004, 0.0170423220843, -0.00812143739313, 0.00367239955813, 0.001104576746, -0.00168787117582, 0.00322562060319, -0.0015074966941, 0.00236045476049], [0.000194124455447, 0.000560243672226, -0.00175819115248, 0.00117942749057, 0.00167845655233, -0.00812143739313, 0.0167657118291, -0.00883665774018, 0.00514484895393, -0.000950732734054, 0.001492833253, 0.000812348735053, -0.000829206604976], [-0.000443294091383, -0.000732122862246, 0.00158215535339, -0.00177706975956, 0.00213445862755, 0.00367239955813, -0.00883665774018, 0.0204281546175, -0.0129963634536, 0.00788662675768, -0.00219312449917, 0.00217329640873, 0.00208614906296], [0.000412905763369, 0.000576468359213, -0.00203289277852, 0.00510286353528, -0.00480947829783, 0.001104576746, 0.00514484895393, -0.0129963634536, 0.0270108729601, -0.0181802734733, 0.0115549163893, -0.00429579522461, 0.00359807373025], [-0.000244450115133, 3.14807730319e-05, 0.0013776673004, -0.0026743481867, 0.00394366122782, -0.00168787117582, -0.000950732734054, 0.00788662675768, -0.0181802734733, 0.029879335314, -0.0199854914099, 0.0108803296462, -0.00372584769502], [0.000649592082482, -1.22525825645e-05, -0.001294643851, 0.00420766789466, -0.00387802696787, 0.00322562060319, 0.001492833253, -0.00219312449917, 0.0115549163893, -0.0199854914099, 0.0330605208874, -0.0221300311387, 0.0102623831481], [-0.00049889163347, 0.000635836797301, 0.00132088793907, -0.00137758464552, 0.00189038098324, -0.0015074966941, 0.000812348735053, 0.00217329640873, -0.00429579522461, 0.0108803296462, -0.0221300311387, 0.0333500467241, -0.0156121226028], [0.000487048964715, -1.32769464471e-05, -5.31268233317e-05, 0.000809804128949, -0.00082321051741, 0.00236045476049, -0.000829206604976, 0.00208614906296, 0.00359807373025, -0.00372584769502, 0.0102623831481, -0.0156121226028, 0.0207011755556]]}, "spectral_contrast_coeffs": {"dmean": [0.0486652702093, 0.0641951486468, 0.0576747693121, 0.048892442137, 0.0354180671275, 0.0230478867888], "dmean2": [0.0803893059492, 0.0982082858682, 0.0826216563582, 0.0706818774343, 0.0509384647012, 0.032462824136], "dvar": [0.00170432939194, 0.00325358961709, 0.00222982629202, 0.00181188259739, 0.00120864401106, 0.000559489417356], "dvar2": [0.00450710067526, 0.00773049192503, 0.00470685539767, 0.00354441138916, 0.00201568519697, 0.00107415241655], "max": [-0.345722198486, -0.340888112783, -0.403276801109, -0.483985215425, -0.511177062988, -0.603579819202], "mean": [-0.62543964386, -0.604779720306, -0.719285786152, -0.723569273949, -0.765452802181, -0.787307083607], "median": [-0.625192403793, -0.60266828537, -0.724256396294, -0.729733347893, -0.782000660896, -0.798023343086], "min": [-0.981876790524, -0.980912983418, -0.984210729599, -0.954506397247, -0.959812223911, -0.963664412498], "var": [0.00455377297476, 0.0106939030811, 0.00987517740577, 0.0075186775066, 0.00570025062189, 0.00234353751875]}, "spectral_contrast_valleys": {"dmean": [0.467975199223, 0.572147667408, 0.610343515873, 0.573675572872, 0.505079746246, 0.620741963387], "dmean2": [0.752928137779, 0.867319405079, 0.918284475803, 0.792172312737, 0.589618086815, 0.612083375454], "dvar": [0.4501067698, 0.500295996666, 0.565455794334, 0.522297739983, 0.421682715416, 0.51439756155], "dvar2": [0.653736174107, 0.81372153759, 0.943489909172, 0.803995132446, 0.500685572624, 0.707445919514], "max": [-5.10994386673, -4.75413179398, -5.59940290451, -6.47715568542, -6.72872447968, -8.48763847351], "mean": [-6.38211393