{"lowlevel": {"average_loudness": 0.645435571671, "barkbands_crest": {"dmean": 1.88777661324, "dmean2": 2.97594213486, "dvar": 4.0970788002, "dvar2": 10.2243967056, "max": 26.2286224365, "mean": 12.4556999207, "median": 11.6964683533, "min": 3.0358812809, "var": 22.7706050873}, "barkbands_flatness_db": {"dmean": 0.0188207458705, "dmean2": 0.0275436434895, "dvar": 0.000464885524707, "dvar2": 0.00095009081997, "max": 0.431658148766, "mean": 0.191332057118, "median": 0.184100478888, "min": 0.0286856498569, "var": 0.00478667672724}, "barkbands_kurtosis": {"dmean": 4.72195100784, "dmean2": 7.09056997299, "dvar": 80.6087799072, "dvar2": 158.50869751, "max": 377.108398438, "mean": 14.7908277512, "median": 8.53291797638, "min": -1.96604895592, "var": 425.582580566}, "barkbands_skewness": {"dmean": 0.547601699829, "dmean2": 0.806644022465, "dvar": 0.530992090702, "dvar2": 1.00559437275, "max": 17.0880470276, "mean": 2.64173054695, "median": 2.42955112457, "min": -9.55097484589, "var": 4.04420948029}, "barkbands_spread": {"dmean": 4.69824314117, "dmean2": 7.05872154236, "dvar": 104.234611511, "dvar2": 215.409561157, "max": 139.781311035, "mean": 15.6235933304, "median": 10.0575494766, "min": 0.32538163662, "var": 319.749755859}, "dissonance": {"dmean": 0.0246490836143, "dmean2": 0.0408492982388, "dvar": 0.000588272989262, "dvar2": 0.00150759180542, "max": 0.500000059605, "mean": 0.418555170298, "median": 0.434459149837, "min": 0.151463240385, "var": 0.00401531951502}, "dynamic_complexity": 6.52955007553, "erbbands_crest": {"dmean": 1.86288237572, "dmean2": 2.86705780029, "dvar": 3.59344387054, "dvar2": 8.34312152863, "max": 27.706035614, "mean": 10.2225599289, "median": 9.02407264709, "min": 2.281229496, "var": 24.6943588257}, "erbbands_flatness_db": {"dmean": 0.0140896746889, "dmean2": 0.019555201754, "dvar": 0.000272216071608, "dvar2": 0.000502006674651, "max": 0.456209301949, "mean": 0.164765968919, "median": 0.154016971588, "min": 0.0316472686827, "var": 0.00479792617261}, "erbbands_kurtosis": {"dmean": 1.72718214989, "dmean2": 2.57710170746, "dvar": 20.8738613129, "dvar2": 39.4618530273, "max": 230.089736938, "mean": 7.48174667358, "median": 1.7031018734, "min": -1.85171151161, "var": 607.779724121}, "erbbands_skewness": {"dmean": 0.342499375343, "dmean2": 0.503890514374, "dvar": 0.209611073136, "dvar2": 0.392957448959, "max": 12.7872962952, "mean": 1.36292862892, "median": 1.04240822792, "min": -5.05140113831, "var": 3.69116067886}, "erbbands_spread": {"dmean": 7.89352560043, "dmean2": 11.5434370041, "dvar": 163.46887207, "dvar2": 350.163269043, "max": 193.311904907, "mean": 36.0973358154, "median": 28.0894699097, "min": 1.2837831974, "var": 698.51184082}, "hfc": {"dmean": 6.2429599762, "dmean2": 8.23565101624, "dvar": 266.485443115, "dvar2": 451.129241943, "max": 273.261260986, "mean": 19.811372757, "median": 9.03022766113, "min": 1.1655324232e-16, "var": 965.551696777}, "melbands_crest": {"dmean": 2.41463565826, "dmean2": 3.83093500137, "dvar": 7.15650606155, "dvar2": 18.2343006134, "max": 33.5614509583, "mean": 16.8214359283, "median": 16.4477291107, "min": 2.4204056263, "var": 34.6936302185}, "melbands_flatness_db": {"dmean": 0.0225680042058, "dmean2": 0.0325979366899, "dvar": 0.000772980216425, "dvar2": 0.00148053281009, "max": 0.544306218624, "mean": 0.277677804232, "median": 0.275744110346, "min": 0.00835674908012, "var": 0.00691405124962}, "melbands_kurtosis": {"dmean": 9.91505718231, "dmean2": 15.5291004181, "dvar": 306.341888428, "dvar2": 713.196411133, "max": 463.552337646, "mean": 29.7593154907, "median": 15.600230217, "min": -1.90677928925, "var": 1691.56762695}, "melbands_skewness": {"dmean": 0.724356353283, "dmean2": 1.10324859619, "dvar": 0.78312420845, "dvar2": 1.76263225079, "max": 18.7532577515, "mean": 3.30273246765, "median": 2.92618894577, "min": -4.19840621948, "var": 4.4571390152}, "melbands_spread": {"dmean": 4.66302728653, "dmean2": 7.04831933975, "dvar": 220.005065918, "dvar2": 442.850372314, "max": 301.544555664, "mean": 14.4267730713, "median": 8.91290855408, "min": 0.545312047005, "var": 644.19909668}, "pitch_salience": {"dmean": 0.055974740535, "dmean2": 0.0893692746758, "dvar": 0.0036006453447, "dvar2": 0.0087690744549, "max": 0.886616945267, "mean": 0.506734609604, "median": 0.511667847633, "min": 0.0690316557884, "var": 0.0187176410109}, "silence_rate_20dB": {"dmean": 0, "dmean2": 0, "dvar": 0, "dvar2": 0, "max": 1, "mean": 1, "median": 1, "min": 1, "var": 0}, "silence_rate_30dB": {"dmean": 0.0181798506528, "dmean2": 0.0363636352122, "dvar": 0.0178499240428, "dvar2": 0.0430485233665, "max": 1, "mean": 0.979658067226, "median": 1, "min": 0, "var": 0.0199270155281}, "silence_rate_60dB": {"dmean": 0.0209933985025, "dmean2": 0.0419913418591, "dvar": 0.02055426687, "dvar2": 0.0441298745573, "max": 1, "mean": 0.181021422148, "median": 0, "min": 0, "var": 0.148258000612}, "spectral_centroid": {"dmean": 171.062057495, "dmean2": 251.349868774, "dvar": 143960.109375, "dvar2": 248835.6875, "max": 11213.3378906, "mean": 813.528625488, "median": 597.475219727, "min": 169.071594238, "var": 602123.9375}, "spectral_complexity": {"dmean": 2.09782481194, "dmean2": 3.3212120533, "dvar": 11.248333931, "dvar2": 25.2192459106, "max": 48, "mean": 11.2650938034, "median": 11, "min": 0, "var": 55.190410614}, "spectral_decrease": {"dmean": 1.8048506023e-09, "dmean2": 2.82001910712e-09, "dvar": 1.07724335015e-17, "dvar2": 2.68565378233e-17, "max": 1.052016807e-10, "mean": -7.97218646653e-09, "median": -5.92574522784e-09, "min": -6.09278032471e-08, "var": 5.89534732766e-17}, "spectral_energy": {"dmean": 0.00710599357262, "dmean2": 0.0110332909971, "dvar": 0.000160197989317, "dvar2": 0.000396344519686, "max": 0.233871117234, "mean": 0.0318857952952, "median": 0.0242057815194, "min": 1.07641828983e-20, "var": 0.00090513122268}, "spectral_energyband_high": {"dmean": 0.000489905884024, "dmean2": 0.000632886658423, "dvar": 2.32552247326e-06, "dvar2": 3.86635838368e-06, "max": 0.0251247081906, "mean": 0.00103163404856, "median": 0.000153187371325, "min": 7.3696453063e-21, "var": 7.50083472667e-06}, "spectral_energyband_low": {"dmean": 0.00451839948073, "dmean2": 0.00742060178891, "dvar": 0.000114947324619, "dvar2": 0.000301624502754, "max": 0.208538353443, "mean": 0.0148802949116, "median": 0.00318176764995, "min": 6.56904544399e-23, "var": 0.000381444464438}, "spectral_energyband_middle_high": {"dmean": 0.000770349171944, "dmean2": 0.00103552592918, "dvar": 3.81984500564e-06, "dvar2": 6.18127342022e-06, "max": 0.088855266571, "mean": 0.00276862643659, "median": 0.000896821031347, "min": 1.8033623836e-21, "var": 3.22657106153e-05}, "spectral_energyband_middle_low": {"dmean": 0.00398661755025, "dmean2": 0.00601875688881, "dvar": 5.02898801642e-05, "dvar2": 0.000120556971524, "max": 0.101804643869, "mean": 0.0142821390182, "median": 0.00941988453269, "min": 3.74583747221e-22, "var": 0.00021619159088}, "spectral_entropy": {"dmean": 0.183120518923, "dmean2": 0.252903550863, "dvar": 0.0568392202258, "dvar2": 0.0946913510561, "max": 9.80539512634, "mean": 7.12880134583, "median": 7.07646656036, "min": 4.77743911743, "var": 0.567369759083}, "spectral_flux": {"dmean": 0.0184000171721, "dmean2": 0.0286166034639, "dvar": 0.000699475349393, "dvar2": 0.00153210898861, "max": 0.39825245738, "mean": 0.0571969598532, "median": 0.0478364154696, "min": 1.03750577574e-10, "var": 0.00232790969312}, "spectral_kurtosis": {"dmean": 2.42983388901, "dmean2": 3.92481279373, "dvar": 19.9600524902, "dvar2": 57.7235336304, "max": 78.7413253784, "mean": 7.74937009811, "median": 5.57468700409, "min": -1.39595282078, "var": 68.8728179932}, "spectral_rms": {"dmean": 0.000558040977921, "dmean2": 0.000842882669531, "dvar": 6.52816481761e-07, "dvar2": 1.48653111864e-06, "max": 0.0151051962748, "mean": 0.00477243261412, "median": 0.00485956761986, "min": 3.24062369821e-12, "var": 8.3320937847e-06}, "spectral_rolloff": {"dmean": 440.13470459, "dmean2": 750.878295898, "dvar": 2687511, "dvar2": 5388725.5, "max": 19315.2832031, "mean": 1403.6451416, "median": 559.86328125, "min": 64.599609375, "var": 9161879}, "spectral_skewness": {"dmean": 0.284147053957, "dmean2": 0.428935796022, "dvar": 0.138674721122, "dvar2": 0.344049304724, "max": 7.08179950714, "mean": 2.15776991844, "median": 2.15147018433, "min": -0.31790804863, "var": 0.715012013912}, "spectral_spread": {"dmean": 748984.5625, "dmean2": 1068395, "dvar": 1432332926980.0, "dvar2": 2650166263810.0, "max": 39595952, "mean": 6284301.5, "median": 5922713, "min": 922852.5, "var": 10859056201700.0}, "spectral_strongpeak": {"dmean": 0.277868181467, "dmean2": 0.472081661224, "dvar": 0.425756007433, "dvar2": 1.06211984158, "max": 13.0318918228, "mean": 0.734616279602, "median": 0.426928222179, "min": 0, "var": 0.991690337658}, "zerocrossingrate": {"dmean": 0.0131192365661, "dmean2": 0.0141998948529, "dvar": 0.000695367401931, "dvar2": 0.000650326837786, "max": 0.7138671875, "mean": 0.0618934780359, "median": 0.037109375, "min": 0.00244140625, "var": 0.00723247695714}, "barkbands": {"dmean": [8.78418504726e-05, 0.0032332490664, 0.00168709596619, 0.00115638016723, 0.00204943167046, 0.000791206257418, 0.000889261020347, 0.000528331962414, 0.000739120587241, 0.000338966783602, 0.000177665438969, 0.00015914272808, 0.000133976645884, 0.000155572997755, 8.33847225294e-05, 4.66660058009e-05, 3.9649898099e-05, 4.89953345095e-05, 3.67864086002e-05, 5.65991795156e-05, 4.24175523221e-05, 4.75461165479e-05, 5.90965064475e-05, 0.000102599144157, 0.000179581707926, 8.36863182485e-05, 2.93051907647e-05], "dmean2": [0.00013531424338, 0.00530976383016, 0.00283376104198, 0.00189417821821, 0.00317251891829, 0.00116724648979, 0.0013325503096, 0.000727785693016, 0.00105115643237, 0.000456310197478, 0.000266837625531, 0.000231556026847, 0.000193395622773, 0.000222467031563, 0.000122839701362, 7.04543635948e-05, 6.15671160631e-05, 7.55887449486e-05, 6.18804551777e-05, 8.7951135356e-05, 6.23879313935e-05, 6.6736160079e-05, 8.05177769507e-05, 0.000141481184983, 0.00025156911579, 0.000116740782687, 4.09522581322e-05], "dvar": [7.31061007286e-08, 7.59210961405e-05, 1.7563921574e-05, 7.23988432583e-06, 2.58950421994e-05, 3.29568229063e-06, 3.26486770064e-06, 2.32363890973e-06, 3.26804388351e-06, 1.47583659782e-06, 2.7302579042e-07, 3.7620719695e-07, 2.30620045727e-07, 2.78299211232e-07, 7.63300604945e-08, 1.57790935873e-08, 1.13507310218e-08, 1.86639166344e-08, 1.72763368056e-08, 4.47252155311e-08, 1.26555157465e-08, 1.87761823867e-08, 3.16666550759e-08, 1.17067010308e-07, 4.47371547807e-07, 1.03248055439e-07, 1.58204969125e-08], "dvar2": [1.62690966476e-07, 0.00020490665338, 4.81687784486e-05, 1.89354523172e-05, 6.70281369821e-05, 7.4200720519e-06, 7.28270788386e-06, 4.0963104766e-06, 6.65333664074e-06, 2.67840209744e-06, 6.19734976226e-07, 7.06690002517e-07, 4.40788937794e-07, 5.22389768776e-07, 1.37148958856e-07, 3.0565455944e-08, 2.54750673889e-08, 4.40325536033e-08, 4.45628529633e-08, 1.04030718262e-07, 2.70061022434e-08, 3.82043126024e-08, 6.18403248609e-08, 2.18275673092e-07, 7.82777817676e-07, 1.98369647819e-07, 2.94641573362e-08], "max": [0.00589322997257, 0.192292064428, 0.0657103434205, 0.0539743304253, 0.0828832909465, 0.0434723161161, 0.0451197400689, 0.0387516617775, 0.0504509732127, 0.0640064626932, 0.0151865929365, 0.0314967446029, 0.0283487197012, 0.0173325333744, 0.0125122889876, 0.00799827650189, 0.00327728525735, 0.00362385553308, 0.0045713474974, 0.00832355208695, 0.00303797377273, 0.00291723641567, 0.00315267569385, 0.00834996625781, 0.0119929723442, 0.00774936238304, 0.00341162038967], "mean": [0.000322410516674, 0.0103515889496, 0.00320048187859, 0.00200264248997, 0.00484427856281, 0.0018190711271, 0.00225261412561, 0.00122689653654, 0.00199601403438, 0.000906049332116, 0.000435057008872, 0.000366972846678, 0.000294344412396, 0.000305588706397, 0.000160527531989, 0.000102228921605, 7.3665920354e-05, 9.39181190915e-05, 4.65262346552e-05, 9.47469525272e-05, 7.37660229788e-05, 8.3584949607e-05, 0.000108316089609, 0.000187050376553, 0.000345180742443, 0.000144840305438, 4.74961816508e-05], "median": [1.58045156695e-06, 0.000859521329403, 0.00088413245976, 0.000648860994261, 0.0021917137783, 0.000612611300312, 0.000928882684093, 0.000262637448031, 0.000478341942653, 0.000154039415065, 0.000117490220873, 8.29717100714e-05, 5.2134397265e-05, 5.51595003344e-05, 4.08105988754e-05, 3.54875446646e-05, 2.23324859689e-05, 1.90046448552e-05, 1.09997326945e-05, 2.04664393095e-05, 1.3419194147e-05, 1.07830510387e-05, 1.3958891941e-05, 2.04789012059e-05, 2.90437510557e-05, 1.12058842205e-05, 3.88895477954e-06], "min": [3.7461013304e-23, 5.21546710017e-23, 8.28269003944e-24, 1.06018251382e-24, 3.0283556047e-23, 1.04782917293e-22, 1.11167376858e-22, 4.18934081603e-23, 6.72050484453e-23, 1.44784387722e-22, 1.69344480223e-22, 1.3417216382e-22, 6.74850625122e-23, 9.67138736636e-23, 9.92629924818e-23, 1.72438253854e-22, 2.57818020156e-22, 1.86183694432e-22, 2.58883600845e-22, 4.36765752251e-22, 4.10074283802e-22, 4.81712598006e-22, 6.30079133679e-22, 6.13569448758e-22, 1.30179760235e-21, 1.78618950016e-21, 2.13237528978e-21], "var": [3.55024269538e-07, 0.000230759469559, 3.37301680702e-05, 1.32750719786e-05, 5.4307958635e-05, 1.18687366921e-05, 1.23104300656e-05, 9.66155494098e-06, 1.73913176695e-05, 9.68149106484e-06, 1.26732300032e-06, 2.22486096391e-06, 1.18162722629e-06, 9.42970643791e-07, 2.6019483812e-07, 8.29478707942e-08, 2.60893973092e-08, 4.63433522668e-08, 1.64223639132e-08, 6.81208049969e-08, 2.73286957508e-08, 3.89019731983e-08, 7.79443709575e-08, 3.11059466185e-07, 1.35306663651e-06, 2.34504540231e-07, 3.42523698293e-08]}, "erbbands": {"dmean": [0.0880537927151, 0.765719771385, 1.84500563145, 2.8869535923, 5.45871782303, 7.81922292709, 5.29158163071, 6.5028386116, 13.0309619904, 9.97571086884, 13.9267930984, 15.9729413986, 10.3374900818, 8.78967189789, 6.59356021881, 5.1733584404, 6.19902706146, 7.42738199234, 5.74843406677, 3.07633161545, 2.51167678833, 2.28563499451, 2.66801834106, 1.84756302834, 2.28653454781, 2.71249198914, 1.67938244343, 1.84491479397, 1.54226267338, 1.67597198486, 1.83051073551, 2.14932656288, 1.7403409481, 1.68358027935, 1.53566765785, 0.432274490595, 0.147119924426, 0.0470771342516, 0.00492066051811, 0.000164528071764], "dmean2": [0.141567230225, 1.26543605328, 3.07428622246, 4.82165241241, 8.59436893463, 12.0866756439, 8.11083984375, 9.2977180481, 19.4672260284, 14.7265253067, 19.200761795, 22.5375289917, 14.1838331223, 11.9417524338, 9.64059257507, 7.49830722809, 8.72113132477, 10.4967403412, 8.1982011795, 4.45450592041, 3.7729165554, 3.49647903442, 4.02265882492, 3.00023770332, 3.73184728622, 4.17910861969, 2.55104470253, 2.66197633743, 2.1431851387, 2.37269616127, 2.50636148453, 3.02469158173, 2.42355155945, 2.37778687477, 2.1953804493, 0.608114719391, 0.20503410697, 0.0649995058775, 0.0068019288592, 0.000228018761845], "dvar": [0.0661410093307, 4.16397476196, 19.4269065857, 53.1909866333, 105.253837585, 558.873046875, 203.374664307, 241.102752686, 713.425720215, 568.320495605, 1264.56628418, 2003.54138184, 1121.06005859, 918.921569824, 364.370697021, 394.465148926, 553.307189941, 679.876159668, 373.311676025, 62.9661483765, 54.0854492188, 35.039390564, 53.1089134216, 28.008190155, 83.0222702026, 103.599243164, 23.0848121643, 27.2759532928, 20.2512130737, 24.8459472656, 29.6490631104, 48.4176445007, 35.7522964478, 38.6713981628, 34.1673049927, 2.91216135025, 0.316219240427, 0.0352263599634, 0.000464458949864, 4.81227232285e-07], "dvar2": [0.169011875987, 11.4177331924, 53.0420608521, 140.702972412, 282.99899292, 1464.46936035, 499.426422119, 502.937286377, 1571.48461914, 1249.99389648, 2191.45678711, 3997.89135742, 2038.23461914, 1648.2175293, 785.061157227, 647.945068359, 1021.09698486, 1269.77490234, 671.850463867, 117.918357849, 109.241722107, 76.9253463745, 119.722297668, 72.3369293213, 210.430236816, 230.927322388, 54.9952430725, 56.5421295166, 42.0552024841, 50.1344833374, 57.0677909851, 95.1588897705, 68.1184234619, 74.3536758423, 61.0620346069, 5.60830354691, 0.599108636379, 0.0664255321026, 0.000856689526699, 8.94393338058e-07], "max": [5.28705453873, 43.5041351318, 72.1744308472, 127.491371155, 189.736938477, 418.777496338, 277.689727783, 459.098327637, 580.914428711, 640.009277344, 793.740966797, 1345.40148926, 1312.98522949, 1621.61254883, 555.260986328, 1457.78503418, 1536.02905273, 871.599487305, 744.153930664, 314.045043945, 522.712585449, 177.430038452, 211.688903809, 154.585220337, 354.408294678, 492.075714111, 132.880874634, 161.353500366, 126.960380554, 96.7020339966, 98.1940002441, 175.30909729, 135.445175171, 124.717071533, 103.500076294, 50.5414047241, 16.1074562073, 4.68736791611, 0.63683193922, 0.0195850189775], "mean": [0.335531800985, 2.13490438461, 4.12641048431, 5.29144906998, 12.7107696533, 17.0792942047, 10.8794536591, 16.3736820221, 30.9647331238, 27.6642246246, 36.096950531, 43.2326011658, 29.3285713196, 24.2036304474, 17.8396339417, 13.0464000702, 14.4088993073, 15.7675857544, 12.0697250366, 6.45175409317, 5.60999059677, 4.53026771545, 5.26731777191, 3.08187603951, 3.14899897575, 4.49209880829, 2.7856194973, 3.22186279297, 2.73448705673, 2.97205162048, 3.34488010406, 3.85677552223, 3.05892300606, 3.04813480377, 2.86196351051, 0.771897256374, 0.243567943573, 0.0770031586289, 0.00790753960609, 0.000302953354549], "median": [0.008271378465, 0.247889995575, 1.16443419456, 2.2812371254, 7.68179607391, 5.51987171173, 3.18561983109, 6.19342899323, 11.9063091278, 11.0051689148, 9.96830368042, 9.37617015839, 6.78885364532, 5.53971862793, 5.02984476089, 3.38259792328, 2.66918897629, 3.07777643204, 2.56362748146, 2.2132806778, 1.9081196785, 1.41388750076, 1.07372713089, 0.855304837227, 0.735542714596, 0.909659028053, 0.582828879356, 0.489801436663, 0.350535929203, 0.422292411327, 0.406496584415, 0.479670524597, 0.27314800024, 0.271596550941, 0.210412442684, 0.0523211732507, 0.0175515972078, 0.00641817320138, 0.000639355101157, 6.18477206444e-05], "min": [1.28300509281e-21, 1.2163262777e-20, 1.59817110459e-20, 4.17090839309e-21, 1.92625145348e-20, 1.53985254496e-19, 3.76374209747e-19, 1.03982465641e-18, 1.16447208932e-18, 1.83186508557e-18, 9.42408319448e-19, 1.30116916562e-18, 2.19749463275e-18, 7.19239084725e-18, 7.40529555639e-18, 4.59707652019e-18, 3.90509030695e-18, 4.68925711406e-18, 3.67841717651e-18, 8.72979617837e-18, 8.37726999927e-18, 1.27380694085e-17, 1.31293944942e-17, 7.68754364347e-18, 1.75070576346e-17, 2.20953672811e-17, 1.85931606682e-17, 1.44683682954e-17, 1.99551565601e-17, 1.73537099296e-17, 1.77443889873e-17, 1.43972125647e-17, 1.03821457002e-17, 1.1940726855e-17, 9.99142362916e-18, 5.66892268227e-18, 3.44002744629e-18, 1.36416000324e-18, 2.98864723863e-19, 3.2627783833e-20], "var": [0.328103065491, 10.486371994, 48.4650764465, 81.765411377, 247.377914429, 1048.234375, 488.214630127, 951.316589355, 2659.79199219, 2307.1784668, 5330.74462891, 10364.0957031, 6848.72607422, 4221.09863281, 1676.3079834, 3032.93603516, 3056.30957031, 2459.80688477, 1346.43664551, 213.349685669, 301.710693359, 92.8749237061, 147.821838379, 41.2412147522, 83.4361801147, 167.970657349, 38.3444900513, 60.2796669006, 42.1095848083, 51.3967781067, 74.2820358276, 124.53099823, 90.6641159058, 105.114433289, 98.6406936646, 7.21702575684, 0.675054013729, 0.0772097110748, 0.000997668248601, 1.09986501684e-06]}, "gfcc": {"mean": [-68.6087799072, 87.9164428711, -74.8187789917, -2.31309437752, -58.6203422546, 2.89387488365, -37.1412315369, 8.5823392868, -22.3092784882, 2.04187059402, -20.9890403748, -6.73027133942, -15.6350259781], "cov": [[30039.96875, 829.143981934, -747.302185059, 3368.15014648, 166.119003296, 2414.89624023, -620.089355469, -91.8915557861, -651.92401123, -136.11756897, -8.67195987701, 601.839782715, 592.834594727], [829.143981934, 3746.09936523, -1027.55334473, 107.597572327, 904.763671875, -301.841156006, 371.361938477, -272.049133301, 20.2277240753, -138.839752197, 179.051116943, 5.81189346313, 208.056106567], [-747.302185059, -1027.55334473, 1329.80126953, 213.627166748, -200.475753784, 336.657806396, -31.5974941254, 147.180404663, 39.4373550415, 152.590499878, 28.7011241913, 88.8809585571, -13.1220369339], [3368.15014648, 107.597572327, 213.627166748, 1066.66870117, 224.141738892, 417.17590332, 45.2483100891, 37.4258308411, 12.9213457108, 33.9181594849, 77.7772827148, 123.393638611, 150.428970337], [166.119003296, 904.763671875, -200.475753784, 224.141738892, 582.381713867, -31.3445472717, 191.494827271, -7.69261837006, 39.2432556152, 13.4740314484, 84.6034545898, 42.4445457458, 91.5396957397], [2414.89624023, -301.841156006, 336.657806396, 417.17590332, -31.3445472717, 572.961608887, 24.8915615082, 93.3522186279, -7.54671669006, 62.7176704407, 24.3596973419, 87.224937439, 44.4673728943], [-620.089355469, 371.361938477, -31.5974941254, 45.2483100891, 191.494827271, 24.8915615082, 329.509490967, 92.9953613281, 111.112640381, 98.122467041, 115.261741638, 54.3603477478, 24.6154289246], [-91.8915557861, -272.049133301, 147.180404663, 37.4258308411, -7.69261837006, 93.3522186279, 92.9953613281, 233.986709595, 111.633903503, 110.716011047, 66.4292831421, 47.8326835632, 0.104669228196], [-651.92401123, 20.2277240753, 39.4373550415, 12.9213457108, 39.2432556152, -7.54671669006, 111.112640381, 111.633903503, 181.53326416, 88.0608673096, 76.5370941162, 21.7031936646, 7.52494001389], [-136.11756897, -138.839752197, 152.590499878, 33.9181594849, 13.4740314484, 62.7176704407, 98.122467041, 110.716011047, 88.0608673096, 157.12979126, 75.0086746216, 46.9910240173, 8.47217178345], [-8.67195987701, 179.051116943, 28.7011241913, 77.7772827148, 84.6034545898, 24.3596973419, 115.261741638, 66.4292831421, 76.5370941162, 75.0086746216, 157.22164917, 70.0813751221, 41.6690406799], [601.839782715, 5.81189346313, 88.8809585571, 123.393638611, 42.4445457458, 87.224937439, 54.3603477478, 47.8326835632, 21.7031936646, 46.9910240173, 70.0813751221, 120.73614502, 55.3674278259], [592.834594727, 208.056106567, -13.1220369339, 150.428970337, 91.5396957397, 44.4673728943, 24.6154289246, 0.104669228196, 7.52494001389, 8.47217178345, 41.6690406799, 55.3674278259, 112.094192505]], "icov": [[0.000128867584863, -7.94738516561e-05, 0.000250363373198, -0.000276857841527, 0.000126879356685, -0.000427358609159, 0.000375126517611, -0.000127022882225, 0.000376868993044, -0.000253960170085, 8.60578365973e-05, -0.000422958371928, 2.12931608985e-05], [-7.94738516561e-05, 0.000727602979168, 9.91187916952e-05, 0.000298026279779, -0.00077139493078, 0.000212273342186, -0.000669452070724, 0.000813133898191, -0.000394372211304, 0.00063343817601, -0.000666881853249, 0.000614839838818, -0.000703725381754], [0.000250363373198, 9.91187916952e-05, 0.0016489707632, -0.000596346566454, 0.00024524476612, -0.00123792514205, 0.000862531771418, -9.29796005948e-05, 0.000703081663232, -0.00126908172388, 0.000100677018054, -0.00117280334234, 0.000177318055648], [-0.000276857841527, 0.000298026279779, -0.000596346566454, 0.0023698490113, -0.0010371832177, -0.000289524061373, -0.000498381967191, 0.000645515683573, -0.00120492989663, 0.000938428507652, -0.000536491919775, 0.000741500174627, -0.00142522749957], [0.000126879356685, -0.00077139493078, 0.00024524476612, -0.0010371832177, 0.00367558840662, 0.000172929198015, -0.000864320376422, -0.00064788054442, 0.000832272635307, -0.000500846712384, 0.000444171368144, -0.000381803954951, -0.00069300015457], [-0.000427358609159, 0.000212273342186, -0.00123792514205, -0.000289524061373, 0.000172929198015, 0.00462948903441, -0.00172306178138, -0.000627737259492, -0.000136221307912, 0.000454472610727, 0.000422275712481, 0.000514678948093, 7.46499208617e-05], [0.000375126517611, -0.000669452070724, 0.000862531771418, -0.000498381967191, -0.000864320376422, -0.00172306178138, 0.00714048789814, -0.00109886017162, -0.000347663182765, -0.00258283573203, -0.00123148038983, -0.00213758065365, 0.00158294267021], [-0.000127022882225, 0.000813133898191, -9.29796005948e-05, 0.000645515683573, -0.00064788054442, -0.000627737259492, -0.00109886017162, 0.00896553415805, -0.0039555169642, -0.00206920690835, -0.000664903665893, -0.000588259485085, 0.000256078114035], [0.000376868993044, -0.000394372211304, 0.000703081663232, -0.00120492989663, 0.000832272635307, -0.000136221307912, -0.000347663182765, -0.0039555169642, 0.0116224568337, -0.00327880657278, -0.00194890343118, 0.000857203616761, -0.000338784477208], [-0.000253960170085, 0.00063343817601, -0.00126908172388, 0.000938428507652, -0.000500846712384, 0.000454472610727, -0.00258283573203, -0.00206920690835, -0.00327880657278, 0.0139486584812, -0.00303230783902, 3.9087550249e-05, -0.000168921847944], [8.60578365973e-05, -0.000666881853249, 0.000100677018054, -0.000536491919775, 0.000444171368144, 0.000422275712481, -0.00123148038983, -0.000664903665893, -0.00194890343118, -0.00303230783902, 0.0132319685072, -0.00543132983148, -0.000620790931862], [-0.000422958371928, 0.000614839838818, -0.00117280334234, 0.000741500174627, -0.000381803954951, 0.000514678948093, -0.00213758065365, -0.000588259485085, 0.000857203616761, 3.9087550249e-05, -0.00543132983148, 0.017145447433, -0.00596934836358], [2.12931608985e-05, -0.000703725381754, 0.000177318055648, -0.00142522749957, -0.00069300015457, 7.46499208617e-05, 0.00158294267021, 0.000256078114035, -0.000338784477208, -0.000168921847944, -0.000620790931862, -0.00596934836358, 0.0154512459412]]}, "melbands": {"dmean": [0.000840211228933, 0.000939881196246, 0.000523906026501, 0.00053029373521, 0.000197112909518, 0.000149704763317, 0.000190063074115, 0.000107435582322, 0.000127574341604, 9.36547803576e-05, 5.36885563633e-05, 3.96762370656e-05, 2.37403910432e-05, 1.89178808796e-05, 1.47406117321e-05, 1.29304626171e-05, 1.47653063323e-05, 1.07526202555e-05, 5.20711910212e-06, 3.5358216337e-06, 3.02054127133e-06, 2.46512900048e-06, 2.47333400694e-06, 2.48324113272e-06, 1.45004344176e-06, 1.51682479554e-06, 2.06487061405e-06, 1.79729318006e-06, 1.12838631594e-06, 9.71496888269e-07, 1.14888939606e-06, 8.78613718669e-07, 1.02050364603e-06, 9.07624780666e-07, 1.03589025002e-06, 1.26459906369e-06, 1.415724455e-06, 1.34571905619e-06, 1.09731183784e-06, 1.64874586517e-06], "dmean2": [0.00137647811789, 0.00155589508358, 0.000868646311574, 0.000822166446596, 0.000301469292026, 0.000216770946281, 0.00028344092425, 0.000156229390996, 0.000178517235327, 0.000131946057081, 7.3455979873e-05, 5.35889375897e-05, 3.52952592948e-05, 2.75728089036e-05, 2.11705701076e-05, 1.87736495718e-05, 2.09982317756e-05, 1.54876343004e-05, 7.76112847234e-06, 5.29415365236e-06, 4.63325750388e-06, 3.85183511753e-06, 3.71528130927e-06, 3.8512825995e-06, 2.38297934629e-06, 2.56409339272e-06, 3.31782712237e-06, 2.77610593002e-06, 1.77116123723e-06, 1.47448338339e-06, 1.67992095612e-06, 1.27415046336e-06, 1.49600418808e-06, 1.29461147935e-06, 1.45700721532e-06, 1.82178973773e-06, 2.0330917323e-06, 1.91164895114e-06, 1.5335937178e-06, 2.39159999182e-06], "dvar": [5.55794667889e-06, 4.95539552503e-06, 1.29654085868e-06, 1.77452682237e-06, 2.82692013798e-07, 1.17349088669e-07, 1.49335960486e-07, 6.85483030338e-08, 8.90516318464e-08, 6.47279136956e-08, 3.10361016886e-08, 1.94284535127e-08, 4.36718128327e-09, 6.41786357392e-09, 2.85985213289e-09, 2.18159845744e-09, 2.98885649563e-09, 1.43598299918e-09, 3.07826347745e-10, 7.45238801225e-11, 9.15576364724e-11, 4.45836423335e-11, 4.98102635527e-11, 5.20858564612e-11, 1.80156133067e-11, 3.46312735433e-11, 8.61182097855e-11, 4.61488694481e-11, 1.03881772975e-11, 6.99307322119e-12, 1.27714332165e-11, 7.42672590093e-12, 8.18853838902e-12, 7.67927388345e-12, 9.10638578433e-12, 1.77035539006e-11, 2.1351812679e-11, 2.12694029056e-11, 1.46947332774e-11, 3.89394870515e-11], "dvar2": [1.4839247342e-05, 1.33811499836e-05, 3.4416445942e-06, 4.59168404632e-06, 7.23329151242e-07, 2.52360990771e-07, 3.29061776938e-07, 1.44696826965e-07, 1.63988872259e-07, 1.2809111638e-07, 5.60389281645e-08, 3.50730466891e-08, 9.68079483243e-09, 1.34967281795e-08, 4.98939156657e-09, 3.79097153669e-09, 5.64143221027e-09, 2.71792188755e-09, 6.18756712534e-10, 1.44322692686e-10, 1.94686558541e-10, 9.9886279803e-11, 1.11394865554e-10, 1.25023644215e-10, 4.69957961435e-11, 8.85571130316e-11, 2.16577408785e-10, 1.01210623216e-10, 2.5967476433e-11, 1.61281040606e-11, 2.71513297956e-11, 1.6129255917e-11, 1.70666744626e-11, 1.5978702736e-11, 1.78641598042e-11, 3.70358847757e-11, 4.36178142216e-11, 4.23503419833e-11, 2.90890228571e-11, 7.8667454495e-11], "max": [0.0527715831995, 0.0343794152141, 0.0188265088946, 0.0226473603398, 0.0105520188808, 0.009790035896, 0.00787779316306, 0.00622197845951, 0.00678005302325, 0.00734977331012, 0.00751924095675, 0.00722250854596, 0.00237055378966, 0.00350019684993, 0.00413764361292, 0.00322936126031, 0.00186896475498, 0.00118492962793, 0.000580743246246, 0.000381704390747, 0.000673302973155, 0.00021904258756, 0.000172264160938, 0.000231661615544, 0.00012616722961, 0.000218468529056, 0.000390420202166, 0.00038781267358, 8.08309632703e-05, 6.71697271173e-05, 0.000107216415927, 7.61062110541e-05, 5.06525611854e-05, 5.69057483517e-05, 5.03045630467e-05, 0.000106806874101, 0.00011753058061, 0.000102913378214, 7.88513061707e-05, 0.000124732672703], "mean": [0.00288746063598, 0.00242606573738, 0.00108195410576, 0.00123177713249, 0.000419074087404, 0.000376239826437, 0.000463373813545, 0.00028675183421, 0.000331885530613, 0.000251566496445, 0.000146870603203, 0.000106370884168, 6.22725347057e-05, 4.11038381571e-05, 3.40348087775e-05, 2.87930324703e-05, 2.93741122732e-05, 2.0943565687e-05, 9.68235144683e-06, 7.37275968277e-06, 6.12991425442e-06, 4.51106279797e-06, 4.6217955969e-06, 4.53507072962e-06, 2.23572055802e-06, 1.80805682248e-06, 3.14698877446e-06, 2.86747763312e-06, 1.73124544744e-06, 1.61111847774e-06, 1.9421424895e-06, 1.46246213717e-06, 1.71574083652e-06, 1.56698627052e-06, 1.82664382464e-06, 2.16610828829e-06, 2.44624402512e-06, 2.24745144806e-06, 1.82390931514e-06, 2.85387454824e-06], "median": [0.000155082234414, 0.000574281672016, 0.000642591388896, 0.000565866474062, 0.000123502133647, 0.000137514027301, 0.000189420650713, 9.39738965826e-05, 8.47303599585e-05, 5.55623919354e-05, 3.13289274345e-05, 2.23888655455e-05, 1.8041322619e-05, 9.58250348049e-06, 6.4880687205e-06, 5.19536115462e-06, 5.3582621149e-06, 3.82808684662e-06, 2.92568347504e-06, 2.5063504836e-06, 1.93066944121e-06, 1.40469057897e-06, 1.00773240774e-06, 8.65456968313e-07, 5.9891510773e-07, 3.85779912904e-07, 6.35435526419e-07, 5.43058376934e-07, 3.41688718208e-07, 2.97294008078e-07, 2.56743163618e-07, 1.67672453699e-07, 2.13316354802e-07, 2.22027509267e-07, 2.22168040409e-07, 2.2960271906e-07, 2.94179812954e-07, 1.9047394062e-07, 1.17207207495e-07, 2.36935591147e-07], "min": [1.3762044523e-23, 1.16602390259e-23, 1.00786091985e-24, 5.3558196547e-24, 1.34125996524e-23, 2.25588170706e-23, 1.90258135764e-23, 1.78065391173e-23, 7.9217317439e-24, 8.29938391392e-24, 1.09832930285e-23, 2.82827586667e-23, 2.40213888547e-23, 1.89737124691e-23, 7.93011181329e-24, 7.09584486323e-24, 9.24832047402e-24, 5.70772261591e-24, 9.39023497315e-24, 1.23284854653e-23, 9.06903605609e-24, 9.765007012e-24, 2.22690242839e-23, 5.62735465018e-24, 5.57429192139e-24, 1.16107948021e-23, 1.42011513242e-23, 1.48483911865e-23, 1.15279525741e-23, 1.0128735787e-23, 6.99692722774e-24, 1.1996427089e-23, 7.93425412191e-24, 1.03487419938e-23, 1.0613452948e-23, 8.30557962747e-24, 9.56536761614e-24, 5.93722394692e-24, 9.46266660375e-24, 1.02079019232e-23], "var": [1.96484234039e-05, 1.36891931106e-05, 2.2275057745e-06, 3.72868908016e-06, 6.12831854596e-07, 4.67708389351e-07, 5.55446433737e-07, 2.87521345399e-07, 4.0120917788e-07, 3.39648806857e-07, 1.96295076194e-07, 9.44182261264e-08, 2.1928769911e-08, 1.9568791032e-08, 2.6184247659e-08, 1.19126486453e-08, 1.00213375376e-08, 4.51152715186e-09, 7.4696054897e-10, 2.90112434076e-10, 4.20545098745e-10, 1.00871810904e-10, 1.14338122303e-10, 1.24519825007e-10, 2.4099959875e-11, 3.13622669501e-11, 9.71560748519e-11, 7.58010529345e-11, 1.54238323502e-11, 1.33332954053e-11, 2.57615907773e-11, 1.39205903749e-11, 1.58094249497e-11, 1.54038292538e-11, 2.12735159349e-11, 4.15196522996e-11, 5.09331986309e-11, 4.99741532878e-11, 3.5772430157e-11, 9.8783793645e-11]}, "mfcc": {"mean": [-720.946594238, 133.552444458, 24.9349040985, 2.8849670887, -0.14605294168, -6.10790348053, -5.53423309326, -3.15495228767, -0.323222309351, 2.21992850304, -2.73586940765, -1.37864208221, -5.00729036331], "cov": [[19631.640625, 1435.69116211, 922.754699707, 827.041992188, 690.92956543, 1154.93554688, 856.407653809, 655.120056152, 251.002624512, 159.33821106, -163.213378906, -39.8932495117, 94.3464584351], [1435.69116211, 3029.4465332, -578.236938477, 136.030883789, 223.569396973, 107.043624878, 227.132369995, 110.796821594, -41.0646591187, -27.0166835785, -90.7387084961, -83.8030319214, 2.3657207489], [922.754699707, -578.236938477, 950.40612793, 124.678497314, 94.9196777344, 229.255249023, 86.092414856, 44.3467330933, 64.4096450806, -4.59544038773, 5.61510753632, 64.7161712646, 41.452709198], [827.041992188, 136.030883789, 124.678497314, 583.034912109, 246.440216064, 190.937957764, 180.229415894, 123.04800415, 122.461532593, 92.4970626831, 42.5295448303, 109.599052429, 134.408401489], [690.92956543, 223.569396973, 94.9196777344, 246.440216064, 324.2890625, 140.212219238, 132.484039307, 82.7423782349, 72.0357818604, 52.3629837036, 14.4110450745, 43.2199783325, 64.5792694092], [1154.93554688, 107.043624878, 229.255249023, 190.937957764, 140.212219238, 345.77432251, 199.724853516, 132.849639893, 84.9004745483, 66.6751937866, 54.1099853516, 48.1835479736, 64.3785629272], [856.407653809, 227.132369995, 86.092414856, 180.229415894, 132.484039307, 199.724853516, 262.9715271, 150.437286377, 79.0359573364, 89.6182098389, 71.8175735474, 63.853187561, 96.4499359131], [655.120056152, 110.796821594, 44.3467330933, 123.04800415, 82.7423782349, 132.849639893, 150.437286377, 194.65852356, 84.4723052979, 84.9730377197, 79.1196746826, 67.0350265503, 88.0483551025], [251.002624512, -41.0646591187, 64.4096450806, 122.461532593, 72.0357818604, 84.9004745483, 79.0359573364, 84.4723052979, 147.814788818, 87.8855667114, 65.4068756104, 58.163482666, 62.5507507324], [159.33821106, -27.0166835785, -4.59544038773, 92.4970626831, 52.3629837036, 66.6751937866, 89.6182098389, 84.9730377197, 87.8855667114, 172.948150635, 109.654190063, 74.058303833, 88.4222106934], [-163.213378906, -90.7387084961, 5.61510753632, 42.5295448303, 14.4110450745, 54.1099853516, 71.8175735474, 79.1196746826, 65.4068756104, 109.654190063, 178.791381836, 96.4161148071, 78.2796630859], [-39.8932495117, -83.8030319214, 64.7161712646, 109.599052429, 43.2199783325, 48.1835479736, 63.853187561, 67.0350265503, 58.163482666, 74.058303833, 96.4161148071, 149.20413208, 97.6300506592], [94.3464584351, 2.3657207489, 41.452709198, 134.408401489, 64.5792694092, 64.3785629272, 96.4499359131, 88.0483551025, 62.5507507324, 88.4222106934, 78.2796630859, 97.6300506592, 175.751586914]], "icov": [[7.3710551078e-05, -1.91529361473e-05, -4.40369913122e-05, -2.20003621507e-05, -1.25850801851e-05, -0.000136321745231, -5.61853157706e-05, -0.000180572664249, 3.97497860831e-05, -8.73982280609e-05, 0.000183643889613, 5.20368157595e-05, 8.2879611e-05], [-1.91529361473e-05, 0.000487264653202, 0.000383821607102, 3.26751542161e-05, -0.000283214554656, -7.69194593886e-05, -0.000469577964395, -8.32591904327e-05, 0.000196319364477, 0.000197505185497, 0.000238748674747, 0.000102913734736, -1.28877145471e-05], [-4.40369913122e-05, 0.000383821607102, 0.00168592017144, 0.000146108839544, -0.000277818122413, -0.00116131280083, -7.74373183958e-05, 0.000393455848098, -0.00032669986831, 0.000730867148377, 0.000434396613855, -0.00073943118332, -0.000152204331243], [-2.20003621507e-05, 3.26751542161e-05, 0.000146108839544, 0.00328675331548, -0.00156576815061, -0.000585102650803, -0.000494974607136, 0.000330583774485, -0.00110279489309, -7.79006859375e-06, 0.0011825482361, -0.00146230240352, -0.000958988384809], [-1.25850801851e-05, -0.000283214554656, -0.000277818122413, -0.00156576815061, 0.00522034801543, -0.000379470817279, -0.000807733158581, 9.18399091461e-05, -0.000683525286149, -0.000338151992764, 0.000637318473309, 4.9680002121e-05, -6.45858790449e-06], [-0.000136321745231, -7.69194593886e-05, -0.00116131280083, -0.000585102650803, -0.000379470817279, 0.00690209539607, -0.00336379068904, -0.000868657196406, -0.000629358983133, 0.000219519803068, -0.00101249152794, 0.000841763685457, 0.000784848816693], [-5.61853157706e-05, -0.000469577964395, -7.74373183958e-05, -0.000494974607136, -0.000807733158581, -0.00336379068904, 0.010773033835, -0.00379511783831, 0.000690478133038, -0.00113041640725, -0.000807515403721, 0.000378391880076, -0.0015760975657], [-0.000180572664249, -8.32591904327e-05, 0.000393455848098, 0.000330583774485, 9.18399091461e-05, -0.000868657196406, -0.00379511783831, 0.0118431160226, -0.00274490844458, 8.62251981744e-05, -0.00166135560721, -0.000707347877324, -0.00174715404864], [3.97497860831e-05, 0.000196319364477, -0.00032669986831, -0.00110279489309, -0.000683525286149, -0.000629358983133, 0.000690478133038, -0.00274490844458, 0.0122285066172, -0.00398911582306, -0.00041390809929, -0.000388903456042, 0.000429544248618], [-8.73982280609e-05, 0.000197505185497, 0.000730867148377, -7.79006859375e-06, -0.000338151992764, 0.000219519803068, -0.00113041640725, 8.62251981744e-05, -0.00398911582306, 0.0129021564499, -0.00519914506003, 0.000370550143998, -0.00246275798418], [0.000183643889613, 0.000238748674747, 0.000434396613855, 0.0011825482361, 0.000637318473309, -0.00101249152794, -0.000807515403721, -0.00166135560721, -0.00041390809929, -0.00519914506003, 0.0131086083129, -0.00558436894789, 0.000330137903802], [5.20368157595e-05, 0.000102913734736, -0.00073943118332, -0.00146230240352, 4.9680002121e-05, 0.000841763685457, 0.000378391880076, -0.000707347877324, -0.000388903456042, 0.000370550143998, -0.00558436894789, 0.0146260177717, -0.00460198242217], [8.2879611e-05, -1.28877145471e-05, -0.000152204331243, -0.000958988384809, -6.45858790449e-06, 0.000784848816693, -0.0015760975657, -0.00174715404864, 0.000429544248618, -0.00246275798418, 0.000330137903802, -0.00460198242217, 0.0113654593006]]}, "spectral_contrast_coeffs": {"dmean": [0.0433150045574, 0.0376789420843, 0.0307710710913, 0.026067616418, 0.0198078751564, 0.0159995090216], "dmean2": [0.0713131278753, 0.0602051988244, 0.0481967590749, 0.0412518158555, 0.0310012884438, 0.0256553199142], "dvar": [0.00155936612282, 0.00119688152336, 0.000786796095781, 0.000578492705245, 0.000353393552359, 0.000264486589003], "dvar2": [0.00398974865675, 0.00271208328195, 0.00174476660322, 0.0012661080109, 0.000744798802771, 0.000645491585601], "max": [-0.222019657493, -0.393301188946, -0.440371721983, -0.533082306385, -0.582796096802, -0.643622875214], "mean": [-0.585524320602, -0.685308754444, -0.748159468174, -0.782215893269, -0.802687168121, -0.812582075596], "median": [-0.601438879967, -0.69261276722, -0.762701630592, -0.787836551666, -0.809429883957, -0.811461925507], "min": [-0.958857774734, -0.946455001831, -0.971563220024, -0.953301846981, -0.965438723564, -0.960896909237], "var": [0.0175604075193, 0.00763339409605, 0.0062565789558, 0.00462668249384, 0.0029941147659, 0.00187381892465]}, "spectral_contrast_valleys": {"dmean": [0.383645862341, 0.312236040831, 0.280175298452, 0.274890899658, 0.277040630579, 0.299663722515], "dmean2": [0.637639701366, 0.502546131611, 0.445989340544, 0.428785860538, 0.401150792837, 0.379126518965], "dvar": [0.13302539289, 0.113417297602, 0.094679273665, 0.108767613769, 0.151828765869, 0.162234947085], "dvar2": [0.325852930546, 0.238805994391, 0.192923173308, 0.215299025178, 0.289042294025, 0.243892461061], "max": [-5.20955991745, -4.72111034393, -5.38999605179, -6.008589744