{"lowlevel": {"average_loudness": 0.979420900345, "barkbands_crest": {"dmean": 3.014513731, "dmean2": 5.10951328278, "dvar": 17.9684753418, "dvar2": 45.4424324036, "max": 26.375793457, "mean": 8.44038963318, "median": 6.29070234299, "min": 2.3328742981, "var": 30.280172348}, "barkbands_flatness_db": {"dmean": 0.0273184496909, "dmean2": 0.047001503408, "dvar": 0.00149336259346, "dvar2": 0.00402715615928, "max": 0.592293739319, "mean": 0.102925464511, "median": 0.0902280956507, "min": 0.0175563208759, "var": 0.00262039341033}, "barkbands_kurtosis": {"dmean": 7.76706600189, "dmean2": 13.9002370834, "dvar": 2347.09008789, "dvar2": 6275.84814453, "max": 1685.93164062, "mean": 6.05880308151, "median": -0.271589994431, "min": -1.72198045254, "var": 2820.13183594}, "barkbands_skewness": {"dmean": 0.789246082306, "dmean2": 1.32676076889, "dvar": 2.59165835381, "dvar2": 6.53945398331, "max": 31.0281982422, "mean": 1.38284826279, "median": 0.920113503933, "min": -1.9167894125, "var": 3.66254377365}, "barkbands_spread": {"dmean": 6.35097408295, "dmean2": 10.5271129608, "dvar": 64.5465927124, "dvar2": 166.001586914, "max": 91.3023223877, "mean": 31.7886638641, "median": 32.8888702393, "min": 0.0611710138619, "var": 126.613258362}, "dissonance": {"dmean": 0.0112644145265, "dmean2": 0.0190703775734, "dvar": 0.000135056252475, "dvar2": 0.000363603321603, "max": 0.499986499548, "mean": 0.477290481329, "median": 0.480331301689, "min": 0.303099244833, "var": 0.000238400520175}, "dynamic_complexity": 2.38159751892, "erbbands_crest": {"dmean": 1.7043210268, "dmean2": 2.6351852417, "dvar": 2.57229495049, "dvar2": 5.71277809143, "max": 25.5703029633, "mean": 7.3486700058, "median": 6.78171539307, "min": 2.59162855148, "var": 8.46469020844}, "erbbands_flatness_db": {"dmean": 0.0117808012292, "dmean2": 0.0173076987267, "dvar": 0.000151428233949, "dvar2": 0.000312626070809, "max": 0.333267599344, "mean": 0.126719981432, "median": 0.125907570124, "min": 0.0578383132815, "var": 0.000672899128404}, "erbbands_kurtosis": {"dmean": 0.474606215954, "dmean2": 0.756617367268, "dvar": 3.54611849785, "dvar2": 9.59797859192, "max": 116.876876831, "mean": -0.253046900034, "median": -0.515894293785, "min": -1.81607151031, "var": 5.98563671112}, "erbbands_skewness": {"dmean": 0.23516432941, "dmean2": 0.360885709524, "dvar": 0.0759807676077, "dvar2": 0.171919450164, "max": 9.73157596588, "mean": -0.179869934916, "median": -0.196948081255, "min": -1.75857067108, "var": 0.304087251425}, "erbbands_spread": {"dmean": 7.14644479752, "dmean2": 11.0993871689, "dvar": 92.3954696655, "dvar2": 223.815963745, "max": 161.590545654, "mean": 44.2476119995, "median": 42.3353805542, "min": 3.07491183281, "var": 203.643753052}, "hfc": {"dmean": 9.26888847351, "dmean2": 15.3779010773, "dvar": 285.420715332, "dvar2": 788.673217773, "max": 142.634384155, "mean": 27.977060318, "median": 25.726934433, "min": 2.91773133432e-10, "var": 338.858673096}, "melbands_crest": {"dmean": 2.92149448395, "dmean2": 4.86537456512, "dvar": 12.5486373901, "dvar2": 24.3317604065, "max": 29.6340503693, "mean": 12.2064294815, "median": 10.5365457535, "min": 2.35018730164, "var": 28.3564167023}, "melbands_flatness_db": {"dmean": 0.0343010723591, "dmean2": 0.0578951835632, "dvar": 0.00235497858375, "dvar2": 0.00564806349576, "max": 0.726936757565, "mean": 0.161588102579, "median": 0.144768372178, "min": 0.0146483816206, "var": 0.00481089390814}, "melbands_kurtosis": {"dmean": 15.4062681198, "dmean2": 26.886095047, "dvar": 1750.51550293, "dvar2": 4525.21728516, "max": 510.313049316, "mean": 16.3030166626, "median": 4.57582569122, "min": -1.32415318489, "var": 1901.5291748}, "melbands_skewness": {"dmean": 1.08463597298, "dmean2": 1.80403017998, "dvar": 3.59272742271, "dvar2": 8.63277053833, "max": 19.26014328, "mean": 2.75830364227, "median": 2.0836212635, "min": -0.0555580705404, "var": 5.27958345413}, "melbands_spread": {"dmean": 8.74648094177, "dmean2": 14.2046051025, "dvar": 113.878585815, "dvar2": 244.89755249, "max": 147.603561401, "mean": 33.8900604248, "median": 33.8873825073, "min": 0.260628670454, "var": 300.524841309}, "pitch_salience": {"dmean": 0.087694555521, "dmean2": 0.151856049895, "dvar": 0.0117944879457, "dvar2": 0.0321052521467, "max": 0.939126312733, "mean": 0.507882535458, "median": 0.530774950981, "min": 0.0561831854284, "var": 0.0163664314896}, "silence_rate_20dB": {"dmean": 0, "dmean2": 0, "dvar": 0, "dvar2": 0, "max": 1, "mean": 1, "median": 1, "min": 1, "var": 0}, "silence_rate_30dB": {"dmean": 0.0599203854799, "dmean2": 0.119865886867, "dvar": 0.0563288442791, "dvar2": 0.164587154984, "max": 1, "mean": 0.969627141953, "median": 1, "min": 0, "var": 0.0294501185417}, "silence_rate_60dB": {"dmean": 0.00544730760157, "dmean2": 0.0106873428449, "dvar": 0.00541787501425, "dvar2": 0.0130880111828, "max": 1, "mean": 0.0307917892933, "median": 0, "min": 0, "var": 0.0298430752009}, "spectral_centroid": {"dmean": 262.404846191, "dmean2": 409.926635742, "dvar": 94043.296875, "dvar2": 227217.515625, "max": 4016.15112305, "mean": 1956.92749023, "median": 1994.86035156, "min": 82.3296890259, "var": 262362.28125}, "spectral_complexity": {"dmean": 4.83804750443, "dmean2": 7.92602682114, "dvar": 35.145526886, "dvar2": 81.1460571289, "max": 51, "mean": 25.2603683472, "median": 26, "min": 0, "var": 108.009567261}, "spectral_decrease": {"dmean": 4.23484136647e-09, "dmean2": 6.95899693426e-09, "dvar": 7.3396377644e-17, "dvar2": 1.80372913261e-16, "max": 2.89200472065e-22, "mean": -7.58378781995e-09, "median": -6.04121730419e-09, "min": -4.9704951266e-08, "var": 6.20267404198e-17}, "spectral_energy": {"dmean": 0.0165201723576, "dmean2": 0.0270623136312, "dvar": 0.00110029918142, "dvar2": 0.00270073115826, "max": 0.194197520614, "mean": 0.031160691753, "median": 0.0254906266928, "min": 2.53731633143e-14, "var": 0.000940041325521}, "spectral_energyband_high": {"dmean": 0.000655660231132, "dmean2": 0.00111878069583, "dvar": 1.42388205404e-06, "dvar2": 4.0279210225e-06, "max": 0.00957728829235, "mean": 0.00148761912715, "median": 0.0011652756948, "min": 1.77626281874e-14, "var": 1.54747476699e-06}, "spectral_energyband_low": {"dmean": 0.0136833675206, "dmean2": 0.0233269110322, "dvar": 0.000966248102486, "dvar2": 0.00240710889921, "max": 0.172451794147, "mean": 0.0131661938503, "median": 0.00501336529851, "min": 5.73770959926e-16, "var": 0.000752855557948}, "spectral_energyband_middle_high": {"dmean": 0.00237983767875, "dmean2": 0.00387113634497, "dvar": 1.54844110511e-05, "dvar2": 4.24421050411e-05, "max": 0.0430158041418, "mean": 0.00728175602853, "median": 0.00632625911385, "min": 3.662148218e-15, "var": 2.63839065155e-05}, "spectral_energyband_middle_low": {"dmean": 0.00376842939295, "dmean2": 0.00615852838382, "dvar": 5.38879503438e-05, "dvar2": 0.000144816818647, "max": 0.074863024056, "mean": 0.0103956284001, "median": 0.00996468961239, "min": 6.41725025153e-16, "var": 6.41595179331e-05}, "spectral_entropy": {"dmean": 0.137409165502, "dmean2": 0.217687562108, "dvar": 0.0287959724665, "dvar2": 0.0697681754827, "max": 8.83413696289, "mean": 7.73580026627, "median": 7.75221681595, "min": 4.67284727097, "var": 0.0826074182987}, "spectral_flux": {"dmean": 0.0400972515345, "dmean2": 0.0585480369627, "dvar": 0.00371482176706, "dvar2": 0.00639831833541, "max": 0.414990961552, "mean": 0.0910166576505, "median": 0.0579672977328, "min": 1.85823992069e-05, "var": 0.00644225813448}, "spectral_kurtosis": {"dmean": 0.787473797798, "dmean2": 1.34858620167, "dvar": 0.941578805447, "dvar2": 2.64939451218, "max": 22.1154785156, "mean": 3.29451966286, "median": 3.19920182228, "min": 0.0801501274109, "var": 1.72851741314}, "spectral_rms": {"dmean": 0.00116562703624, "dmean2": 0.00180078996345, "dvar": 3.61053344022e-06, "dvar2": 7.85838619777e-06, "max": 0.0137644829229, "mean": 0.00508196698502, "median": 0.00498687336221, "min": 4.97536989386e-09, "var": 4.57421947431e-06}, "spectral_rolloff": {"dmean": 582.424865723, "dmean2": 974.034667969, "dvar": 680649.375, "dvar2": 1344561.125, "max": 19616.7480469, "mean": 2136.94458008, "median": 2131.78710938, "min": 64.599609375, "var": 1701275.375}, "spectral_skewness": {"dmean": 0.130828872323, "dmean2": 0.214565321803, "dvar": 0.0207287073135, "dvar2": 0.0540571883321, "max": 3.68907690048, "mean": 1.25028419495, "median": 1.24343276024, "min": 0.364398032427, "var": 0.053349647671}, "spectral_spread": {"dmean": 360042.71875, "dmean2": 547348.5, "dvar": 142617903104, "dvar2": 338402541568, "max": 10917881, "mean": 4822024, "median": 4745005, "min": 2404351, "var": 809293447168}, "spectral_strongpeak": {"dmean": 0.584522366524, "dmean2": 1.03920638561, "dvar": 0.893075525761, "dvar2": 2.22588181496, "max": 8.39606952667, "mean": 0.922380566597, "median": 0.417307049036, "min": 0, "var": 1.33809435368}, "zerocrossingrate": {"dmean": 0.011281516403, "dmean2": 0.0143449502066, "dvar": 0.00015640311176, "dvar2": 0.00022475705191, "max": 0.5009765625, "mean": 0.0800969451666, "median": 0.0810546875, "min": 0.00244140625, "var": 0.000876006670296}, "barkbands": {"dmean": [7.89912737673e-05, 0.00955378916115, 0.00489705288783, 0.00121925072744, 0.0011025556596, 0.000830903009046, 0.000586005393416, 0.000705888844095, 0.000717314484064, 0.000380157434847, 0.000600343686529, 0.000400353368605, 0.00031586739351, 0.000435355032096, 0.000351584749296, 0.000152483669808, 0.000369673420209, 0.000331141607603, 0.000338661047863, 0.000222286835196, 0.000272369565209, 0.000157408125233, 0.000132172615849, 5.80505475227e-05, 5.07876175107e-05, 2.22100661631e-05, 8.75061505212e-06], "dmean2": [0.000132942615892, 0.0166573543102, 0.00919362064451, 0.00219237199053, 0.00177192711271, 0.00122636952437, 0.000973181449808, 0.00119439163245, 0.0010369818192, 0.000602099345997, 0.00089377281256, 0.000717185437679, 0.000536195118912, 0.000707158877049, 0.000547401141375, 0.000261303706793, 0.000619352445938, 0.000500785012264, 0.000545320101082, 0.000368900684407, 0.000430969957961, 0.000278429390164, 0.000240104549448, 0.000105546620034, 8.53123056004e-05, 3.75417075702e-05, 1.54059343913e-05], "dvar": [4.76284043316e-08, 0.00047024464584, 0.000179688664502, 4.51091364084e-06, 3.70609518541e-06, 2.57470514953e-06, 1.92930360754e-06, 5.37273263035e-06, 1.08659617126e-06, 4.43793680915e-07, 1.05315075416e-06, 5.97031885263e-07, 3.39342108191e-07, 5.33871570951e-07, 2.23209127626e-07, 9.16138063189e-08, 3.78290138769e-07, 2.08584211236e-07, 1.81746699468e-07, 9.8249394398e-08, 1.36118217142e-07, 8.20698176085e-08, 6.91969290756e-08, 1.54937609409e-08, 8.00962851599e-09, 9.76158154309e-10, 2.34498420681e-10], "dvar2": [1.23007794173e-07, 0.00118295790162, 0.000513724924531, 1.25524738905e-05, 9.6890671557e-06, 6.12363464825e-06, 5.40384780834e-06, 1.43627985381e-05, 2.06241861633e-06, 9.81062612482e-07, 2.2117133085e-06, 1.71089925516e-06, 9.53450637553e-07, 1.43584327361e-06, 5.20761489042e-07, 2.63021604496e-07, 1.02975252503e-06, 4.3035396402e-07, 4.40202683194e-07, 2.47950822541e-07, 3.27151951751e-07, 2.32061452721e-07, 1.97078435349e-07, 4.46222756523e-08, 2.33146604245e-08, 2.45307330005e-09, 6.63357369035e-10], "max": [0.00299209030345, 0.105724200606, 0.0817722156644, 0.0251118894666, 0.0198447741568, 0.0198763981462, 0.0165608897805, 0.0268431585282, 0.0151485688984, 0.00827356241643, 0.0145410196856, 0.00632047140971, 0.00670524965972, 0.0105500398204, 0.00527537474409, 0.0044702719897, 0.00470994133502, 0.00612887414172, 0.00491097569466, 0.00250622746535, 0.00455651991069, 0.00255270348862, 0.00205598259345, 0.000852164870594, 0.000917231140193, 0.00025999682839, 0.000187105179066], "mean": [7.09094310878e-05, 0.00759552652016, 0.00438015814871, 0.00246195169166, 0.00287142908201, 0.0014965828741, 0.000882474763785, 0.000850628362969, 0.00174571806565, 0.000761202187277, 0.00111397786532, 0.000424603320425, 0.000564462738112, 0.000801867572591, 0.000774196407292, 0.000301069463603, 0.000667234475259, 0.000832943886053, 0.000778594869189, 0.000470800529001, 0.000626560882665, 0.000253123696893, 0.000201789283892, 8.90161463758e-05, 9.50484318309e-05, 3.77284522983e-05, 1.10709479486e-05], "median": [2.13137263927e-06, 0.00125417066738, 0.00210896180943, 0.00231541320682, 0.00263463845477, 0.00058194634039, 0.000522880582139, 5.8146968513e-05, 0.00087082805112, 0.000290322263027, 0.00051191879902, 0.000201357790502, 0.000252860336332, 0.000395975017454, 0.000441723444965, 0.000208808502066, 0.000458465714473, 0.000521005014889, 0.000567387323827, 0.000348335655872, 0.000455856235931, 0.000193485553609, 0.000131140754092, 5.45504080947e-05, 7.39294264349e-05, 1.86160978046e-05, 6.16902889305e-06], "min": [2.91849516551e-16, 3.07846289625e-16, 9.43247485907e-17, 5.27472529459e-17, 1.04246660924e-16, 6.68679704647e-17, 9.80300809836e-17, 1.89262550512e-16, 1.27795143005e-16, 4.6683790754e-18, 1.17938749993e-17, 2.22534878183e-16, 8.04745674396e-16, 2.81050693506e-16, 4.50853667906e-16, 3.78743794343e-16, 1.06421543748e-16, 6.144399234e-16, 2.29760148632e-16, 9.39368961747e-16, 5.79353595263e-16, 1.43016272128e-15, 1.60420978073e-15, 1.33345156985e-15, 1.8131318336e-15, 4.9236640325e-15, 6.5990676736e-15], "var": [4.19083860947e-08, 0.000359126686817, 0.000103026301076, 4.37675271314e-06, 5.92463266003e-06, 4.64169033876e-06, 1.58613477197e-06, 7.12047949492e-06, 4.11054588767e-06, 1.57818635671e-06, 2.69293923338e-06, 4.51317617944e-07, 6.77438777075e-07, 1.14228157599e-06, 8.16754322841e-07, 1.13849928596e-07, 4.75146322287e-07, 7.53112260554e-07, 5.44472584352e-07, 1.87377452221e-07, 3.39215716849e-07, 6.6122311182e-08, 5.72246001695e-08, 1.27937012095e-08, 9.29987198361e-09, 1.74236758355e-09, 2.28873295316e-10]}, "erbbands": {"dmean": [0.160833075643, 2.54148054123, 5.81850242615, 5.07705974579, 3.57693099976, 4.20987701416, 3.62371587753, 7.84912538528, 9.38884067535, 9.51966381073, 14.3981580734, 17.6673107147, 9.05786991119, 14.4602222443, 21.6025295258, 16.4584617615, 14.4840955734, 17.6018009186, 24.1065998077, 9.87437438965, 10.5191068649, 20.4369239807, 16.021276474, 17.1859302521, 14.8317975998, 10.6350698471, 10.9544649124, 10.4897117615, 5.79974985123, 4.65646409988, 3.42807936668, 1.94361639023, 0.44610196352, 0.379926711321, 0.543475925922, 0.114812552929, 0.0410203151405, 0.00918929185718, 0.00149531941861, 9.43843988352e-05], "dmean2": [0.268656939268, 4.48750400543, 10.6594438553, 9.35412883759, 5.65940475464, 6.9796795845, 5.38125562668, 11.8598537445, 15.7922353745, 16.8721618652, 22.5202846527, 25.2152404785, 14.3315105438, 21.7709922791, 33.0469741821, 29.4512386322, 24.4219875336, 30.1257457733, 36.9466247559, 15.8124265671, 17.6704101562, 34.6428718567, 24.5154247284, 26.4336566925, 24.0730381012, 17.1268062592, 16.471321106, 17.9694385529, 10.2036590576, 8.42585849762, 6.3373875618, 3.59579348564, 0.750165224075, 0.641792714596, 0.904862999916, 0.193913698196, 0.0707468986511, 0.0157340411097, 0.0026498187799, 0.000157743226737], "dvar": [0.123507469893, 34.3041763306, 233.055831909, 130.476013184, 24.5664710999, 81.7967910767, 40.3282394409, 252.833328247, 579.924865723, 990.56451416, 1458.32104492, 675.400085449, 275.303466797, 452.579864502, 1257.28601074, 1099.48840332, 727.039306641, 1305.67248535, 1090.58618164, 185.433486938, 366.782958984, 1207.50280762, 507.930328369, 454.455322266, 373.198791504, 194.062515259, 225.151977539, 272.451538086, 118.8618927, 95.2403106689, 52.905960083, 19.8814144135, 0.433140397072, 0.373627364635, 1.01841294765, 0.0260299257934, 0.00355694303289, 0.000228634133236, 6.52441622151e-06, 3.83231473222e-08], "dvar2": [0.290110647678, 88.05909729, 648.344299316, 371.54385376, 57.4056472778, 227.224441528, 91.745765686, 636.465454102, 1637.47961426, 2839.92700195, 3362.64868164, 1165.71191406, 618.277893066, 1026.82067871, 2684.10913086, 3172.94213867, 2004.56018066, 3862.66259766, 2550.28491211, 513.944763184, 1013.1640625, 3292.00927734, 1083.03442383, 1022.9887085, 893.109375, 473.664550781, 441.87677002, 743.87902832, 336.629669189, 270.696838379, 152.846603394, 57.3095474243, 1.14433836937, 1.06680846214, 2.97139286995, 0.0678899213672, 0.00916605815291, 0.000622005376499, 1.88927060663e-05, 1.04871482165e-07], "max": [1.82328021526, 29.2954463959, 89.6292724609, 85.9775772095, 66.1012649536, 100.478752136, 91.4036712646, 201.952697754, 275.831329346, 384.700653076, 423.930267334, 440.944549561, 226.288040161, 249.392120361, 455.587036133, 307.158050537, 312.43661499, 585.082214355, 406.893859863, 178.042739868, 265.500030518, 314.387207031, 331.771148682, 235.305755615, 222.587005615, 133.804550171, 248.946640015, 125.389396667, 93.728843689, 74.6369628906, 51.7846412659, 29.8145713806, 15.2829618454, 9.89027118683, 10.9978752136, 1.40145993233, 0.599609494209, 0.156667068601, 0.0308560375124, 0.00237929890864], "mean": [0.14614957571, 1.97385275364, 5.02910614014, 6.83634757996, 10.1500711441, 9.2426109314, 7.69742250443, 14.0002946854, 13.7801189423, 10.6187200546, 26.2059116364, 43.9609031677, 20.5379104614, 32.6073074341, 39.2355804443, 19.5180130005, 27.350725174, 30.6662025452, 55.4147415161, 21.9786472321, 21.0861358643, 35.9541511536, 39.8953285217, 44.9019775391, 37.5313339233, 23.6808624268, 26.0459136963, 19.7180137634, 9.5096282959, 6.97819328308, 4.79416942596, 2.54726004601, 1.09449589252, 0.78196144104, 0.905112564564, 0.199053019285, 0.0663541406393, 0.0144123565406, 0.00189707975369, 0.000138591727591], "median": [0.0274031870067, 0.340819954872, 2.25330686569, 5.07474994659, 9.43358802795, 6.90454912186, 4.37281990051, 5.5837392807, 7.62594509125, 4.64468336105, 4.38115215302, 19.8720550537, 9.71745491028, 19.1619644165, 19.9136962891, 11.131980896, 13.2238941193, 16.9536323547, 28.4639587402, 15.5690174103, 15.884677887, 22.8167991638, 25.7121162415, 34.7456893921, 28.6917152405, 17.5853214264, 17.1917285919, 15.7946443558, 7.21671581268, 4.9701795578, 2.8804769516, 1.34856820107, 0.789157867432, 0.536120772362, 0.716367840767, 0.1089046821, 0.0338076353073, 0.0075293732807, 0.0010373594705, 9.42118713283e-05], "min": [1.32836653461e-14, 5.42567293177e-14, 1.11172003677e-13, 1.53756917138e-13, 2.3562635133e-13, 3.75572104883e-13, 4.49242802247e-13, 5.92274601759e-13, 1.09821288348e-12, 2.46308897757e-12, 4.53222138638e-12, 3.06593574313e-12, 5.52677044754e-13, 2.12085110216e-13, 1.8226615963e-12, 1.20189934394e-11, 3.49441343916e-11, 2.26339901682e-11, 1.12095740676e-11, 3.06474810807e-11, 1.63086905092e-11, 8.57682588146e-12, 3.48903891889e-11, 1.52420420035e-11, 2.40939906915e-11, 3.85079051979e-11, 3.49874851313e-11, 2.00068659556e-11, 6.52159160008e-11, 3.17857372367e-11, 5.8434763972e-11, 2.31395978767e-11, 2.67043019642e-11, 1.93645915275e-11, 1.30438567933e-11, 1.28835171698e-11, 9.31053324715e-12, 3.14117460341e-12, 6.96955947815e-13, 1.25730128349e-13], "var": [0.109444066882, 24.9901695251, 142.430114746, 82.1773605347, 68.8699493408, 93.4336929321, 82.6734771729, 403.382720947, 456.367919922, 607.169372559, 4220.08691406, 2766.67041016, 1019.56640625, 1613.4621582, 2751.05224609, 814.723083496, 1561.39758301, 1504.03173828, 4670.89550781, 444.518341064, 455.928527832, 1583.15808105, 1595.19921875, 1550.70532227, 1127.85266113, 442.647521973, 791.346801758, 314.125305176, 94.3842773438, 68.2042541504, 39.4444961548, 14.050948143, 1.19890904427, 0.665964782238, 1.00639152527, 0.0433560609818, 0.00555066158995, 0.000304963206872, 6.33049194221e-06, 3.44328405788e-08]}, "gfcc": {"mean": [34.9894218445, 64.1828689575, -117.159835815, 40.5061912537, -49.1029548645, 10.5285453796, -27.9513454437, 7.04991722107, -29.3563842773, 0.800505280495, -20.7715415955, -0.649275898933, -12.9367227554], "cov": [[7034.54101562, -131.758422852, -435.792449951, 24.4520187378, -220.548370361, -191.797042847, -245.629135132, -165.050415039, -411.323608398, -231.881546021, -453.551483154, -271.850158691, -228.412033081], [-131.758422852, 595.778747559, -46.2483024597, 149.919815063, 63.4662361145, -7.94131278992, 78.3610153198, -54.3973770142, 38.0886993408, -42.28490448, 17.2953147888, -39.811882019, 67.8080444336], [-435.792449951, -46.2483024597, 402.779022217, 73.5333938599, 149.93699646, 122.266326904, 52.4151496887, 65.240776062, 61.8279533386, 42.3782653809, 22.1082878113, 41.1744117737, -21.5310688019], [24.4520187378, 149.919815063, 73.5333938599, 254.972396851, 101.003967285, 81.007484436, 69.8981704712, 34.8754043579, 23.6516895294, -27.6310691833, 21.1081314087, 1.95120668411, 38.4659919739], [-220.548370361, 63.4662361145, 149.93699646, 101.003967285, 276.453033447, 139.454971313, 106.650352478, 23.8378639221, 57.700088501, 31.7661819458, 28.8382968903, 31.9819335938, 14.420044899], [-191.797042847, -7.94131278992, 122.266326904, 81.007484436, 139.454971313, 243.176620483, 118.371780396, 56.4554672241, 96.2756271362, 62.6133918762, 55.0296478271, 29.989982605, 47.387008667], [-245.629135132, 78.3610153198, 52.4151496887, 69.8981704712, 106.650352478, 118.371780396, 172.051513672, 75.2464675903, 73.993598938, 11.7460813522, 37.8155479431, 26.9898967743, 56.2121887207], [-165.050415039, -54.3973770142, 65.240776062, 34.8754043579, 23.8378639221, 56.4554672241, 75.2464675903, 132.63822937, 80.5074462891, 29.7892379761, 20.8799552917, 24.8572349548, 14.4881000519], [-411.323608398, 38.0886993408, 61.8279533386, 23.6516895294, 57.700088501, 96.2756271362, 73.993598938, 80.5074462891, 182.572158813, 95.0654678345, 73.3763122559, 22.4200534821, 22.6974029541], [-231.881546021, -42.28490448, 42.3782653809, -27.6310691833, 31.7661819458, 62.6133918762, 11.7460813522, 29.7892379761, 95.0654678345, 118.318771362, 61.8115653992, 24.5301074982, 8.48321628571], [-453.551483154, 17.2953147888, 22.1082878113, 21.1081314087, 28.8382968903, 55.0296478271, 37.8155479431, 20.8799552917, 73.3763122559, 61.8115653992, 118.053977966, 64.442024231, 30.0818405151], [-271.850158691, -39.811882019, 41.1744117737, 1.95120668411, 31.9819335938, 29.989982605, 26.9898967743, 24.8572349548, 22.4200534821, 24.5301074982, 64.442024231, 92.7651519775, 33.7725257874], [-228.412033081, 67.8080444336, -21.5310688019, 38.4659919739, 14.420044899, 47.387008667, 56.2121887207, 14.4881000519, 22.6974029541, 8.48321628571, 30.0818405151, 33.7725257874, 91.0132064819]], "icov": [[0.000253263715422, -5.76723214181e-05, 0.000397804222303, -0.000375840609195, 0.000220839589019, -0.000373665272491, -7.92811770225e-05, 6.46316839266e-05, 0.00035597346141, -0.000495020998642, 0.0012007021578, -0.000510285666678, 0.000879629515111], [-5.76723214181e-05, 0.00343959289603, -0.000294239987852, -0.00148378522135, -0.000501715752762, 0.00225771358237, -0.00191024027299, 0.00326684815809, -0.00251789274625, 0.0015319850063, -0.00132618064526, 0.00268520833924, -0.00265903351828], [0.000397804222303, -0.000294239987852, 0.00464550219476, -0.00129349261988, -0.000850897282362, -0.00211931718513, 0.000674312061165, -0.00119855441153, 0.000498387380503, -0.0014864174882, 0.00347682414576, -0.00350592867471, 0.00404187291861], [-0.000375840609195, -0.00148378522135, -0.00129349261988, 0.00794755481184, -0.00266009289771, -0.0013028900139, 0.00286542950198, -0.00412888964638, 0.000676077150274, 0.00505380379036, -0.00567473424599, 0.00410674093291, -0.00380334514193], [0.000220839589019, -0.000501715752762, -0.000850897282362, -0.00266009289771, 0.00832500495017, -0.00230164709501, -0.00500335311517, 0.0039816708304, -9.8731397884e-05, -0.00333152688108, 0.00485310144722, -0.00508792931214, 0.00480582984164], [-0.000373665272491, 0.00225771358237, -0.00211931718513, -0.0013028900139, -0.00230164709501, 0.0110721699893, -0.0047771348618, 0.00241048471071, -0.00235563027672, -0.00181008991785, -0.00298491097055, 0.00376275158487, -0.00505746668205], [-7.92811770225e-05, -0.00191024027299, 0.000674312061165, 0.00286542950198, -0.00500335311517, -0.0047771348618, 0.0182584207505, -0.00958368740976, -0.00083713280037, 0.00689619174227, -0.00440391432494, 0.00285886740312, -0.00633787363768], [6.46316839266e-05, 0.00326684815809, -0.00119855441153, -0.00412888964638, 0.0039816708304, 0.00241048471071, -0.00958368740976, 0.0194334425032, -0.00838993955404, -0.00121666525956, 0.00645231315866, -0.0052807321772, 0.00216212472878], [0.00035597346141, -0.00251789274625, 0.000498387380503, 0.000676077150274, -9.8731397884e-05, -0.00235563027672, -0.00083713280037, -0.00838993955404, 0.0179205331951, -0.00997627899051, -0.00381100876257, 0.00315057649277, 0.00224746274762], [-0.000495020998642, 0.0015319850063, -0.0014864174882, 0.00505380379036, -0.00333152688108, -0.00181008991785, 0.00689619174227, -0.00121666525956, -0.00997627899051, 0.0243684798479, -0.011320614256, 0.00569123076275, -0.00562017923221], [0.0012007021578, -0.00132618064526, 0.00347682414576, -0.00567473424599, 0.00485310144722, -0.00298491097055, -0.00440391432494, 0.00645231315866, -0.00381100876257, -0.011320614256, 0.0315189883113, -0.0209041628987, 0.00904520228505], [-0.000510285666678, 0.00268520833924, -0.00350592867471, 0.00410674093291, -0.00508792931214, 0.00376275158487, 0.00285886740312, -0.0052807321772, 0.00315057649277, 0.00569123076275, -0.0209041628987, 0.0302132386714, -0.0135425915942], [0.000879629515111, -0.00265903351828, 0.00404187291861, -0.00380334514193, 0.00480582984164, -0.00505746668205, -0.00633787363768, 0.00216212472878, 0.00224746274762, -0.00562017923221, 0.00904520228505, -0.0135425915942, 0.0251807682216]]}, "melbands": {"dmean": [0.00214384519495, 0.00319362455048, 0.000830649049021, 0.000276007631328, 0.000130334476125, 0.000174553017132, 0.000134462854476, 0.00011690890824, 0.000120588316349, 0.000101523211924, 4.69167425763e-05, 5.89531882724e-05, 8.99825245142e-05, 4.40481344413e-05, 3.94418857468e-05, 3.16491532431e-05, 3.43232968589e-05, 4.27859267802e-05, 1.8960899979e-05, 1.08347858259e-05, 1.40663123602e-05, 2.316674545e-05, 1.57934136951e-05, 2.05691940209e-05, 1.45235790114e-05, 1.4201869817e-05, 9.20500951906e-06, 7.24465371604e-06, 8.46408875077e-06, 6.04577689955e-06, 6.76754598317e-06, 3.8761900214e-06, 2.0960733309e-06, 3.10373070533e-06, 2.23472852667e-06, 1.76683067821e-06, 9.28138945255e-07, 3.25842876236e-07, 2.68978453732e-07, 3.29430378088e-07], "dmean2": [0.00369082065299, 0.00564430793747, 0.00150314578786, 0.000443305878434, 0.000196738139493, 0.000263712194283, 0.000225271855015, 0.000208566823858, 0.000186596516869, 0.000145626399899, 7.43832060834e-05, 8.94293625606e-05, 0.000134014480864, 7.96421954874e-05, 6.77251882735e-05, 5.42648886039e-05, 5.81621752644e-05, 6.50030051474e-05, 3.01568779832e-05, 1.78670616151e-05, 2.36388586927e-05, 3.9280999772e-05, 2.5624753107e-05, 3.05217618006e-05, 2.25100229727e-05, 2.24645518756e-05, 1.54278532136e-05, 1.17333320304e-05, 1.23102490761e-05, 9.91813612927e-06, 1.17135723485e-05, 6.74356169839e-06, 3.75945023734e-06, 5.57382645638e-06, 4.08786081607e-06, 3.28493115376e-06, 1.70112525666e-06, 5.41413385236e-07, 4.37831829458e-07, 5.58620627089e-07], "dvar": [2.284798029e-05, 6.01666615694e-05, 3.05225398733e-06, 2.18880074954e-07, 5.76997365442e-08, 1.29220254053e-07, 1.13705809213e-07, 1.71245332581e-07, 7.28117015569e-08, 2.13157882456e-08, 7.37816696628e-09, 8.25387225234e-09, 2.38279387332e-08, 7.91951215717e-09, 5.14552445097e-09, 3.48075568368e-09, 4.48562786914e-09, 3.36060446138e-09, 6.0577309835e-10, 4.11719658366e-10, 6.13861905752e-10, 1.62370927814e-09, 7.7251610664e-10, 8.09574352001e-10, 3.21770554645e-10, 3.27042642967e-10, 1.56396062767e-10, 1.04918622401e-10, 1.90712154402e-10, 6.05471645043e-11, 1.22513485468e-10, 4.39180393441e-11, 1.89116743099e-11, 3.58427870717e-11, 1.86539672598e-11, 1.91615594919e-11, 3.54667337166e-12, 2.07176086725e-13, 1.17443747327e-13, 3.12063526062e-13], "dvar2": [5.60621338082e-05, 0.000159245333634, 8.68088136485e-06, 5.66856385831e-07, 1.39515890396e-07, 3.26876346435e-07, 3.20294105904e-07, 4.91169828365e-07, 1.57782096721e-07, 3.78968998405e-08, 1.64224545074e-08, 1.83785395791e-08, 5.02110566458e-08, 2.26544312198e-08, 1.45453311617e-08, 1.01460937429e-08, 1.30920110308e-08, 7.69332686446e-09, 1.54337376213e-09, 1.23788002071e-09, 1.64651037249e-09, 4.33808589051e-09, 1.9433716858e-09, 1.61598545656e-09, 7.53763440553e-10, 7.24209192615e-10, 3.9867395496e-10, 2.43279812961e-10, 3.27924631893e-10, 1.54394247387e-10, 3.39681505146e-10, 1.22960266968e-10, 5.3601397626e-11, 1.01418699827e-10, 5.41341416138e-11, 5.51985748776e-11, 1.01345980219e-11, 5.12645644251e-13, 3.02647067563e-13, 8.83263405992e-13], "max": [0.0230714399368, 0.0439869277179, 0.0130290342495, 0.00532215461135, 0.00329321273603, 0.00449920538813, 0.00391433341429, 0.0049920110032, 0.00337377632968, 0.00241318834014, 0.00111376901623, 0.00108527427074, 0.00213324767537, 0.000646102882456, 0.000802292663138, 0.000796918233391, 0.00105571816675, 0.000749861064833, 0.000233911283431, 0.00029022525996, 0.000325020810124, 0.00040295519284, 0.000387167034205, 0.000403127225582, 0.000205152333365, 0.000233401311561, 0.000132963657961, 0.00010794238915, 0.000251661927905, 0.000133438530611, 8.54259124026e-05, 6.49719295325e-05, 4.04469501518e-05, 4.88415607833e-05, 3.39356884069e-05, 2.9733440897e-05, 1.31908354888e-05, 1.12511288535e-05, 8.19696833787e-06, 9.41850885283e-06], "mean": [0.00179305649363, 0.00273432978429, 0.00132611114532, 0.00075772148557, 0.000286972091999, 0.000308797811158, 0.000199135582079, 0.000117894691357, 0.000253469101153, 0.000249688164331, 9.83598583844e-05, 0.000130891028675, 0.000166781523149, 4.26867154601e-05, 6.40731013846e-05, 5.29313656443e-05, 5.88934235566e-05, 9.70551773207e-05, 4.09703789046e-05, 2.0571244022e-05, 2.5167450076e-05, 3.93815389543e-05, 2.59901244135e-05, 5.17885782756e-05, 3.26647968905e-05, 3.48342582583e-05, 1.92494971998e-05, 1.36368234962e-05, 1.80438346433e-05, 1.30578255266e-05, 1.08826734504e-05, 6.07894526183e-06, 3.0577139114e-06, 4.49843764727e-06, 3.13723853651e-06, 2.00439353648e-06, 1.28522390241e-06, 7.6267787108e-07, 6.11819757523e-07, 6.17344085185e-07], "median": [0.000309667375404, 0.000960689212661, 0.00105241057463, 0.000701173441485, 0.000174875807716, 0.000125072532683, 0.000108655520307, 3.75613744836e-05, 5.27390220668e-05, 0.000119297925266, 3.58142824552e-05, 7.12673936505e-05, 7.78174362495e-05, 1.68015067175e-05, 3.1049545214e-05, 2.55866962107e-05, 2.94768778986e-05, 4.72489373351e-05, 2.51473065873e-05, 1.29152676891e-05, 1.72541876964e-05, 2.27344062296e-05, 1.68038950505e-05, 2.90530661005e-05, 2.39526270889e-05, 2.23359675147e-05, 1.62267569976e-05, 8.80054903973e-06, 8.70823896548e-06, 1.01013629319e-05, 8.49940261105e-06, 4.56849738839e-06, 1.95283564608e-06, 3.090914106e-06, 1.90219702745e-06, 8.74186753208e-07, 7.28138388695e-07, 5.41885015082e-07, 4.46299566192e-07, 3.80260075872e-07], "min": [1.16075303979e-16, 6.38432952194e-17, 2.89451804505e-17, 2.21827655303e-17, 1.63340427341e-17, 1.33712621054e-17, 1.76550137764e-17, 3.01140561392e-17, 3.75341441665e-17, 1.69124107272e-17, 2.09507147495e-18, 5.81192659715e-19, 2.94629057649e-18, 1.85975265274e-17, 5.57092444444e-17, 8.09794996613e-17, 3.63846245041e-17, 1.1142177445e-17, 4.30394447333e-17, 3.33582982063e-17, 1.62532437319e-17, 6.92034768739e-18, 2.03522280696e-17, 3.15350630961e-17, 1.0044072848e-17, 8.92934192062e-18, 3.21795062764e-17, 2.29606230173e-17, 2.51792289536e-17, 1.34662232669e-17, 9.27076071845e-18, 3.99779798031e-17, 2.31851992448e-17, 1.49114244295e-17, 3.59615414731e-17, 1.91896157925e-17, 1.35207022092e-17, 2.12758546328e-17, 1.56647063804e-17, 1.62237597062e-17], "var": [1.84022392204e-05, 4.12762274209e-05, 2.15786849367e-06, 3.82285719525e-07, 1.03504817162e-07, 1.98388349304e-07, 9.1152557502e-08, 1.05204406964e-07, 2.63074099394e-07, 8.51013339798e-08, 2.90352808463e-08, 2.98824573974e-08, 5.83679806709e-08, 5.81289816282e-09, 7.65439800432e-09, 4.83302775578e-09, 5.78839554066e-09, 1.53304160477e-08, 1.7883982073e-09, 5.9254567919e-10, 7.48283990326e-10, 2.31856644994e-09, 9.83207737448e-10, 3.40075767546e-09, 9.41619893169e-10, 1.38344813383e-09, 2.56941218302e-10, 2.35115593661e-10, 6.59882815057e-10, 1.52695120437e-10, 1.10725921487e-10, 3.79803827277e-11, 1.52689041966e-11, 2.75300841152e-11, 1.53474438019e-11, 1.24751892844e-11, 2.88976026268e-12, 6.55600140148e-13, 3.57285923937e-13, 5.60802164255e-13]}, "mfcc": {"mean": [-609.816040039, 97.7897262573, -8.54001522064, 35.0705604553, -0.328582555056, 10.7235116959, 5.62632799149, 6.71972131729, -0.500491857529, 1.38880753517, -0.0673876032233, -5.74173736572, -7.2679233551], "cov": [[5924.67382812, 30.8762626648, -437.874969482, 26.8330612183, -330.545257568, -158.450973511, -171.089675903, -215.934585571, -155.973648071, -119.604888916, -181.54989624, -253.873764038, -363.938415527], [30.8762626648, 400.209106445, -23.6487617493, 103.692756653, 21.0779418945, 67.5682373047, 11.3809328079, 12.591999054, 21.5568809509, 9.08850193024, 8.51653575897, -15.8052911758, -5.80027103424], [-437.874969482, -23.6487617493, 268.832824707, 24.162065506, 73.3235855103, 34.2659645081, 25.4750556946, 59.2435035706, 28.001001358, 35.9038276672, 32.1307029724, 47.1350021362, 34.0309143066], [26.8330612183, 103.692756653, 24.162065506, 206.055847168, 46.6798286438, 15.1626977921, 32.0977096558, 43.6947135925, 9.599858284, -24.8577671051, -13.3528022766, -24.0579814911, -6.72437953949], [-330.545257568, 21.0779418945, 73.3235855103, 46.6798286438, 155.403778076, 107.88697052, 52.9625358582, 49.3222122192, 30.3201732635, 21.8502120972, 35.5293159485, 40.1008033752, 50.0481834412], [-158.450973511, 67.5682373047, 34.2659645081, 15.1626977921, 107.88697052, 205.058731079, 76.4848937988, 51.7971801758, 51.3192481995, 41.8859329224, 42.1758346558, 45.6854362488, 48.5103034973], [-171.089675903, 11.3809328079, 25.4750556946, 32.0977096558, 52.9625358582, 76.4848937988, 123.956077576, 70.4095153809, 36.830696106, 6.02454805374, -2.81371998787, 5.34386777878, 6.78767204285], [-215.934585571, 12.591999054, 59.2435035706, 43.6947135925, 49.3222122192, 51.7971801758, 70.4095153809, 139.583709717, 68.9276351929, 27.610622406, 9.93250656128, 41.757194519, 49.5869598389], [-155.973648071, 21.5568809509, 28.001001358, 9.599858284, 30.3201732635, 51.3192481995, 36.830696106, 68.9276351929, 117.910888672, 70.6266403198, 23.0948848724, 26.5993080139, 30.6397151947], [-119.604888916, 9.08850193024, 35.9038276672, -24.8577671051, 21.8502120972, 41.8859329224, 6.02454805374, 27.610622406, 70.6266403198, 106.364250183, 56.7697982788, 38.2133483887, 31.7365322113], [-181.54989624, 8.51653575897, 32.1307029724, -13.3528022766, 35.5293159485, 42.1758346558, -2.81371998787, 9.93250656128, 23.0948848724, 56.7697982788, 94.7002716064, 57.0666236877, 43.059337616], [-253.873764038, -15.8052911758, 47.1350021362, -24.0579814911, 40.1008033752, 45.6854362488, 5.34386777878, 41.757194519, 26.5993080139, 38.2133483887, 57.0666236877, 100.815803528, 73.8446350098], [-363.938415527, -5.80027103424, 34.0309143066, -6.72437953949, 50.0481834412, 48.5103034973, 6.78767204285, 49.5869598389, 30.6397151947, 31.7365322113, 43.059337616, 73.8446350098, 113.423606873]], "icov": [[0.000258836109424, 8.44036476337e-05, 0.000306994479615, -0.000193873318494, 0.000337011617376, -0.000383340782719, 0.00046545045916, -0.000240753273829, 0.000259528751485, -0.000238115841057, 0.000213452920434, -9.68368913163e-05, 0.000802406750154], [8.44036476337e-05, 0.00330526544712, 0.000456170440884, -0.00192831957247, 0.00093121372629, -0.0018621115014, 0.0010049554985, -8.25876559247e-05, -8.18007465568e-05, -0.000388154381653, -0.000314360368066, 0.000520324800164, 0.000461425079266], [0.000306994479615, 0.000456170440884, 0.00526630366221, -0.000597410078626, -0.0018916442059, 0.00029097989318, 0.000908781483304, -0.00203587370925, 0.001341164927, -0.00199793535285, 0.000462092808448, -0.00173168675974, 0.00208751740865], [-0.000193873318494, -0.00192831957247, -0.000597410078626, 0.00770739838481, -0.00301975081675, 0.00168300664518, -0.000314025994157, -0.00253423932008, -0.000835246348288, 0.00295565649867, -0.00151321024168, 0.00305279856548, -0.000359570403816], [0.000337011617376, 0.00093121372629, -0.0018916442059, -0.00301975081675, 0.0140889594331, -0.00614727521315, -0.00100014556665, 0.000410253647715, 0.000378899334464, 0.000875793106388, -0.0016715710517, 0.00025021773763, -0.00206534168683], [-0.000383340782719, -0.0018621115014, 0.00029097989318, 0.00168300664518, -0.00614727521315, 0.0114644793794, -0.00570146553218, 0.00191776338033, -0.00170785817318, -0.000591208285186, -0.000996619462967, -0.00153081363533, -0.00199899077415], [0.00046545045916, 0.0010049554985, 0.000908781483304, -0.000314025994157, -0.00100014556665, -0.00570146553218, 0.0167384892702, -0.00824762973934, 2.05583164643e-05, 0.00120756903198, 0.000592790718656, 0.00195540906861, 0.00489585241303], [-0.000240753273829, -8.25876559247e-05, -0.00203587370925, -0.00253423932008, 0.000410253647715, 0.00191776338033, -0.00824762973934, 0.0183917582035, -0.00783065520227, 0.00161481252871, 0.00294932583347, -0.00498134503141, -0.0050774239935], [0.000259528751485, -8.18007465568e-05, 0.001341164927, -0.000835246348288, 0.000378899334464, -0.00170785817318, 2.05583164643e-05, -0.00783065520227, 0.0214300882071, -0.0146414618939, 0.00419066473842, 0.000789644604083, 0.000564820016734], [-0.000238115841057, -0.000388154381653, -0.00199793535285, 0.00295565649867, 0.000875793106388, -0.000591208285186, 0.00120756903198, 0.00161481252871, -0.0146414618939, 0.0259352009743, -0.0121388779953, 0.00150416407268, -0.000593635428231], [0.000213452920434, -0.000314360368066, 0.000462092808448, -0.00151321024168, -0.0016715710517, -0.000996619462967, 0.000592790718656, 0.00294932583347, 0.00419066473842, -0.0121388779953, 0.0238075479865, -0.0104169147089, 0.000287720147753], [-9.68368913163e-05, 0.000520324800164, -0.00173168675974, 0.00305279856548, 0.00025021773763, -0.00153081363533, 0.00195540906861, -0.00498134503141, 0.000789644604083, 0.00150416407268, -0.0104169147089, 0.0273767318577, -0.0114817544818], [0.000802406750154, 0.000461425079266, 0.00208751740865, -0.000359570403816, -0.00206534168683, -0.00199899077415, 0.00489585241303, -0.0050774239935, 0.000564820016734, -0.000593635428231, 0.000287720147753, -0.0114817544818, 0.0218396931887]]}, "spectral_contrast_coeffs": {"dmean": [0.0462499260902, 0.049997150898, 0.0426354780793, 0.0299123488367, 0.0260248612612, 0.0190479997545], "dmean2": [0.0774193257093, 0.0807763189077, 0.067998059094, 0.0456617623568, 0.0387118011713, 0.0297045912594], "dvar": [0.00174267601687, 0.00234189629555, 0.00164028222207, 0.000660634133965, 0.000632945157122, 0.000322633393807], "dvar2": [0.00430099898949, 0.00538223423064, 0.00360147980973, 0.00139317056164, 0.00116257520858, 0.000717953138519], "max": [-0.368537813425, -0.445974260569, -0.493956267834, -0.57966864109, -0.583983361721, -0.563819825649], "mean": [-0.633924901485, -0.694508254528, -0.731304705143, -0.760361790657, -0.740671813488, -0.717918634415], "median": [-0.624576747417, -0.690600752831, -0.731789052486, -0.760808110237, -0.737279474735, -0.717823147774], "min": [-0.927765071392, -0.929257273674, -0.935181975365, -0.966335833073, -0.954054355621, -0.929153203964], "var": [0.00571737717837, 0.00726897502318, 0.00550011033192, 0.00317140249535, 0.00277938041836, 0.001559574157]}, "spectral_contrast_valleys": {"dmean": [0.451676279306, 0.492670506239, 0.449717819691, 0.369067728519, 0.330107450485, 0.27476593852], "dmean2": [0.740193367004, 0.81327277422, 0.724420547485, 0.585111737251, 0.538864016533, 0.442166298628], "dvar": [0.202864855528, 0.306402176619, 0.271081000566, 0.218143284321, 0.21799390018, 0.148478969932], "dvar2": [0.429880946875, 0.72405821085, 0.610131084919, 0.483132392168, 0.479294806719, 0.33600333333], "max": [-5.11946582794, -4.4232583046, -5.26590299606, -5.30355358124, -5.5723400116, -8.38357067108], "mean": [-7.16600847244, -7.20902633667, -7.37