{"lowlevel": {"average_loudness": 0.894957721233, "barkbands_crest": {"dmean": 2.04733109474, "dmean2": 3.34070134163, "dvar": 3.90876746178, "dvar2": 10.1102848053, "max": 26.0820198059, "mean": 9.57398891449, "median": 8.88342571259, "min": 2.6214928627, "var": 13.705163002}, "barkbands_flatness_db": {"dmean": 0.0267498940229, "dmean2": 0.035534106195, "dvar": 0.000727955077309, "dvar2": 0.00139334856067, "max": 0.513061225414, "mean": 0.140407413244, "median": 0.123090587556, "min": 0.0154340108857, "var": 0.00587127311155}, "barkbands_kurtosis": {"dmean": 3.41371369362, "dmean2": 5.11804866791, "dvar": 38.5196456909, "dvar2": 83.8305435181, "max": 115.667449951, "mean": 5.59850072861, "median": 2.97665691376, "min": -1.81590342522, "var": 88.3947982788}, "barkbands_skewness": {"dmean": 0.535203814507, "dmean2": 0.813165485859, "dvar": 0.354328066111, "dvar2": 0.78881418705, "max": 10.0890817642, "mean": 1.83631670475, "median": 1.71926593781, "min": -3.07193374634, "var": 1.54458236694}, "barkbands_spread": {"dmean": 6.89162731171, "dmean2": 9.91060256958, "dvar": 71.8577957153, "dvar2": 155.961242676, "max": 94.4959335327, "mean": 21.9821243286, "median": 18.0144195557, "min": 0.600566208363, "var": 241.239776611}, "dissonance": {"dmean": 0.0197377298027, "dmean2": 0.0327685512602, "dvar": 0.000482487230329, "dvar2": 0.00131037889514, "max": 0.500000178814, "mean": 0.455632328987, "median": 0.46470528841, "min": 0.211240544915, "var": 0.00133988680318}, "dynamic_complexity": 5.22240591049, "erbbands_crest": {"dmean": 2.20369434357, "dmean2": 3.60418725014, "dvar": 4.95783233643, "dvar2": 12.4746751785, "max": 27.9234848022, "mean": 8.26926708221, "median": 7.36222028732, "min": 2.2081413269, "var": 14.2979059219}, "erbbands_flatness_db": {"dmean": 0.0249512121081, "dmean2": 0.0339775271714, "dvar": 0.000767113582697, "dvar2": 0.00158258795273, "max": 0.462689101696, "mean": 0.147514924407, "median": 0.133376568556, "min": 0.0301849599928, "var": 0.00481263920665}, "erbbands_kurtosis": {"dmean": 0.718564152718, "dmean2": 1.13438773155, "dvar": 1.20026671886, "dvar2": 2.71798872948, "max": 27.1031761169, "mean": -0.181974887848, "median": -0.576306343079, "min": -1.7416189909, "var": 2.26726984978}, "erbbands_skewness": {"dmean": 0.340793907642, "dmean2": 0.529594659805, "dvar": 0.117462977767, "dvar2": 0.274819016457, "max": 4.15737485886, "mean": 0.346570491791, "median": 0.379607349634, "min": -3.63531303406, "var": 0.463717311621}, "erbbands_spread": {"dmean": 9.37024688721, "dmean2": 13.8980197906, "dvar": 120.075149536, "dvar2": 236.711242676, "max": 150.195663452, "mean": 44.5625572205, "median": 41.1590576172, "min": 4.14824914932, "var": 360.596893311}, "hfc": {"dmean": 6.7796163559, "dmean2": 8.77356815338, "dvar": 124.380752563, "dvar2": 238.021591187, "max": 147.707061768, "mean": 15.3385486603, "median": 9.49723434448, "min": 1.1712910561e-16, "var": 340.847625732}, "melbands_crest": {"dmean": 2.42309904099, "dmean2": 3.92886734009, "dvar": 5.42503261566, "dvar2": 13.6533107758, "max": 28.9424304962, "mean": 12.6606006622, "median": 11.9484329224, "min": 1.85863399506, "var": 17.7972373962}, "melbands_flatness_db": {"dmean": 0.0305613372475, "dmean2": 0.0402535237372, "dvar": 0.000929911970161, "dvar2": 0.00182571541518, "max": 0.591048061848, "mean": 0.219321474433, "median": 0.209011644125, "min": 0.00403602980077, "var": 0.00785461254418}, "melbands_kurtosis": {"dmean": 7.1592259407, "dmean2": 10.7585935593, "dvar": 147.511688232, "dvar2": 285.101623535, "max": 237.263626099, "mean": 16.3061561584, "median": 9.89963054657, "min": -1.7729600668, "var": 451.353973389}, "melbands_skewness": {"dmean": 0.677329182625, "dmean2": 1.03434073925, "dvar": 0.573982417583, "dvar2": 1.17699980736, "max": 11.7201347351, "mean": 2.99035596848, "median": 2.72081327438, "min": -2.9315226078, "var": 2.46537590027}, "melbands_spread": {"dmean": 6.29335021973, "dmean2": 9.71940898895, "dvar": 122.022315979, "dvar2": 287.928100586, "max": 185.197555542, "mean": 21.4743881226, "median": 15.6034078598, "min": 0.587742090225, "var": 484.304168701}, "pitch_salience": {"dmean": 0.0578427203, "dmean2": 0.0938277766109, "dvar": 0.00306498189457, "dvar2": 0.00780657958239, "max": 0.942795932293, "mean": 0.568179726601, "median": 0.573469042778, "min": 0.126925140619, "var": 0.0104065006599}, "silence_rate_20dB": {"dmean": 0, "dmean2": 0, "dvar": 0, "dvar2": 0, "max": 1, "mean": 1, "median": 1, "min": 1, "var": 0}, "silence_rate_30dB": {"dmean": 0.00450173951685, "dmean2": 0.00900532118976, "dvar": 0.00448154937476, "dvar2": 0.0126080960035, "max": 1, "mean": 0.99734044075, "median": 1, "min": 0, "var": 0.00265243067406}, "silence_rate_60dB": {"dmean": 0.0384694077075, "dmean2": 0.0769545659423, "dvar": 0.036989711225, "dvar2": 0.0800367370248, "max": 1, "mean": 0.150777414441, "median": 0, "min": 0, "var": 0.12804594636}, "spectral_centroid": {"dmean": 238.713043213, "dmean2": 354.065216064, "dvar": 100952.335938, "dvar2": 198329.09375, "max": 10765.5283203, "mean": 1171.61767578, "median": 963.069580078, "min": 140.984176636, "var": 590980.0625}, "spectral_complexity": {"dmean": 3.41804790497, "dmean2": 4.38681936264, "dvar": 17.711643219, "dvar2": 27.9167709351, "max": 55, "mean": 14.1685762405, "median": 13, "min": 0, "var": 109.499938965}, "spectral_decrease": {"dmean": 1.82136428162e-09, "dmean2": 2.69906563766e-09, "dvar": 1.14990645203e-17, "dvar2": 2.73414906553e-17, "max": 4.78319980943e-19, "mean": -5.03626074178e-09, "median": -3.75103059724e-09, "min": -4.47399877146e-08, "var": 2.49558835708e-17}, "spectral_energy": {"dmean": 0.00735203688964, "dmean2": 0.0107678407803, "dvar": 0.000183637064765, "dvar2": 0.000429221603554, "max": 0.178125545382, "mean": 0.0203992575407, "median": 0.0152438152581, "min": 1.05235064596e-20, "var": 0.000410147651564}, "spectral_energyband_high": {"dmean": 0.00041333673289, "dmean2": 0.000568762887269, "dvar": 5.88647139921e-07, "dvar2": 1.19443177482e-06, "max": 0.0110011901706, "mean": 0.000672177411616, "median": 0.000155063171405, "min": 7.51622752696e-21, "var": 1.44781256495e-06}, "spectral_energyband_low": {"dmean": 0.00229098787531, "dmean2": 0.00378122343682, "dvar": 3.59609475709e-05, "dvar2": 9.51713664108e-05, "max": 0.0803253948689, "mean": 0.00587714463472, "median": 0.00387384183705, "min": 1.77161397596e-22, "var": 5.80125852139e-05}, "spectral_energyband_middle_high": {"dmean": 0.00122984230984, "dmean2": 0.00159679644275, "dvar": 5.2037325986e-06, "dvar2": 9.92047807813e-06, "max": 0.0528236180544, "mean": 0.00285226572305, "median": 0.00157816964202, "min": 1.46425821726e-21, "var": 1.3732136722e-05}, "spectral_energyband_middle_low": {"dmean": 0.00530181545764, "dmean2": 0.00807234924287, "dvar": 0.000103865939309, "dvar2": 0.000260485336185, "max": 0.139588937163, "mean": 0.01205352135, "median": 0.00805257633328, "min": 3.4316799907e-22, "var": 0.000185625132872}, "spectral_entropy": {"dmean": 0.24372600019, "dmean2": 0.330405324697, "dvar": 0.0648804754019, "dvar2": 0.13021120429, "max": 9.79861545563, "mean": 7.37104797363, "median": 7.46926879883, "min": 4.29204654694, "var": 0.403745651245}, "spectral_flux": {"dmean": 0.0211713146418, "dmean2": 0.0308259073645, "dvar": 0.000784926232882, "dvar2": 0.00147679599468, "max": 0.35021969676, "mean": 0.0596893727779, "median": 0.0508987605572, "min": 1.02584142569e-10, "var": 0.00217749574222}, "spectral_kurtosis": {"dmean": 3.06410002708, "dmean2": 4.90090847015, "dvar": 30.2175769806, "dvar2": 80.0363540649, "max": 120.083847046, "mean": 7.4567155838, "median": 5.35917615891, "min": -1.15996074677, "var": 78.749671936}, "spectral_rms": {"dmean": 0.000710060005076, "dmean2": 0.000975031638518, "dvar": 9.43716372603e-07, "dvar2": 1.8568247242e-06, "max": 0.0131826028228, "mean": 0.00390575011261, "median": 0.00385642517358, "min": 3.20419038524e-12, "var": 4.64681033918e-06}, "spectral_rolloff": {"dmean": 538.817626953, "dmean2": 894.665466309, "dvar": 1166801.375, "dvar2": 2715586.25, "max": 18949.21875, "mean": 1564.8458252, "median": 775.1953125, "min": 107.666015625, "var": 4884891.5}, "spectral_skewness": {"dmean": 0.326769173145, "dmean2": 0.503409683704, "dvar": 0.192499682307, "dvar2": 0.511061966419, "max": 8.4044752121, "mean": 1.87908506393, "median": 1.79350173473, "min": -0.0114619052038, "var": 0.54649668932}, "spectral_spread": {"dmean": 956750.9375, "dmean2": 1297672.75, "dvar": 1583537455100.0, "dvar2": 2883218309120.0, "max": 38866508, "mean": 4864458, "median": 4663630, "min": 693238.625, "var": 4402428510210.0}, "spectral_strongpeak": {"dmean": 0.336071968079, "dmean2": 0.555679023266, "dvar": 0.462321519852, "dvar2": 0.999696314335, "max": 16.9943408966, "mean": 0.666192114353, "median": 0.39424008131, "min": 0, "var": 0.814713120461}, "zerocrossingrate": {"dmean": 0.0155302807689, "dmean2": 0.0166351404041, "dvar": 0.000289085262921, "dvar2": 0.000345667853253, "max": 0.50927734375, "mean": 0.0712752789259, "median": 0.056396484375, "min": 0.005859375, "var": 0.00327139603905}, "barkbands": {"dmean": [0.000124687765492, 0.000782845541835, 0.00127897760831, 0.00136886897963, 0.00177610001992, 0.0021115730051, 0.000801386544481, 0.000145671001519, 0.000848986557685, 0.000226693067816, 0.000134540736326, 0.000208568220842, 0.000119662880024, 0.000168230952113, 0.000127752413391, 0.000247282063356, 0.000292968412396, 0.000116407929454, 7.65696167946e-05, 9.240880172e-05, 7.26649814169e-05, 9.09826339921e-05, 6.69365108479e-05, 6.16200559307e-05, 4.07629195252e-05, 6.35992328171e-05, 3.29065915139e-05], "dmean2": [0.000211798585951, 0.00119180278853, 0.00223075528629, 0.00233619846404, 0.00290023651905, 0.00334880920127, 0.00122767395806, 0.000232882375713, 0.00127217243426, 0.000347365887137, 0.000215385342017, 0.0003201442305, 0.00018733246543, 0.000257482141024, 0.000193785395822, 0.000366884167306, 0.000421391858254, 0.000179126829607, 0.000116401701234, 0.000136343311169, 0.000109309883555, 0.000136093847686, 9.6992465842e-05, 9.27752698772e-05, 5.55611186428e-05, 9.22380277188e-05, 4.77774483443e-05], "dvar": [2.25832593514e-07, 3.33150728693e-06, 1.26883242046e-05, 1.52765387611e-05, 2.43306913035e-05, 1.21815883176e-05, 2.25802341447e-06, 1.38453472687e-07, 3.77244464289e-06, 2.60957477849e-07, 8.36202929122e-08, 1.54008262143e-07, 8.97736356364e-08, 9.54323198243e-08, 6.49799787311e-08, 3.27241764353e-07, 1.02074091046e-06, 5.83567292267e-08, 2.85459318405e-08, 4.40609895236e-08, 2.51210074964e-08, 6.54187743976e-08, 1.87305726485e-08, 1.38158506857e-08, 8.20413692537e-09, 1.48327314875e-08, 3.60748098061e-09], "dvar2": [5.86069688779e-07, 6.98484245731e-06, 3.69286390196e-05, 4.20272772317e-05, 6.52765593259e-05, 3.20688595821e-05, 5.50351342099e-06, 3.58651249144e-07, 7.41468466003e-06, 5.93325694354e-07, 1.91859498955e-07, 3.54295480065e-07, 2.26494279332e-07, 2.18966761167e-07, 1.47667932993e-07, 7.28722909571e-07, 2.03254739972e-06, 1.40356050338e-07, 6.84325840439e-08, 1.0686831331e-07, 5.92970899049e-08, 1.62404674597e-07, 3.78211986174e-08, 3.26513713844e-08, 1.50931036558e-08, 3.27254063848e-08, 8.19411027919e-09], "max": [0.00601553684101, 0.0301201362163, 0.0466281995177, 0.0549648106098, 0.0796587616205, 0.0514152869582, 0.025997409597, 0.00805181823671, 0.0323314145207, 0.0101028168574, 0.00437490921468, 0.00677748350427, 0.00682616792619, 0.00360260275193, 0.00378193077631, 0.0134168108925, 0.0389368720353, 0.00461465679109, 0.00322061753832, 0.00515443226323, 0.00328162964433, 0.00730954809114, 0.00247236830182, 0.00178479810711, 0.00121428002603, 0.00129974947777, 0.000718251918443], "mean": [0.000140637304867, 0.00226431409828, 0.00246735243127, 0.00187311996706, 0.00276859872974, 0.00386787601747, 0.00152139097918, 0.000228578137467, 0.00170103262644, 0.000354158517439, 0.000213497158256, 0.000338920013746, 0.00018193401047, 0.000271773955319, 0.000209466626984, 0.000407667306717, 0.000488249701448, 0.000200769703952, 0.000127439605421, 0.000168885162566, 0.000111730318167, 0.000132184330141, 0.000111968896817, 8.25226743473e-05, 5.86073510931e-05, 7.24346537027e-05, 3.41359045706e-05], "median": [1.61134485097e-05, 0.00135508074891, 0.00113703496754, 0.000788350123912, 0.00103735155426, 0.0013706185855, 0.000505708681885, 6.83771868353e-05, 0.000452170381323, 0.000106181469164, 8.06597963674e-05, 0.000116750212328, 6.55200565234e-05, 9.50305111473e-05, 7.63629141147e-05, 0.000151469022967, 0.00012831253116, 6.21249200776e-05, 4.76671593788e-05, 4.56785746792e-05, 2.22629059863e-05, 1.7322232452e-05, 1.91666476894e-05, 1.35283480631e-05, 8.49686875881e-06, 1.00305787782e-05, 2.5087715585e-06], "min": [3.52245011299e-23, 7.03377097632e-23, 3.2892855486e-23, 1.07334194435e-22, 5.6843480362e-23, 3.8249943629e-23, 2.80165622874e-23, 2.92748711619e-23, 7.3967378695e-23, 1.05238973559e-22, 1.15400454963e-22, 1.42549715172e-22, 7.53321774808e-23, 3.05456661268e-23, 1.82358905489e-22, 9.15632051759e-23, 7.58537723113e-23, 1.33866830473e-22, 2.59161507075e-22, 3.73876094812e-22, 4.10484642934e-22, 5.46382279056e-22, 6.64091685712e-22, 7.67335226146e-22, 1.25030197415e-21, 1.65254540614e-21, 2.41954751842e-21], "var": [1.88937931966e-07, 9.15508280741e-06, 1.47025748447e-05, 1.44959931276e-05, 2.67222276307e-05, 2.70357486443e-05, 5.8493724282e-06, 2.26633105171e-07, 1.22429901239e-05, 4.50760182957e-07, 1.34840007604e-07, 2.85684592427e-07, 1.24049236661e-07, 1.92092130646e-07, 1.25026275555e-07, 5.2951958196e-07, 1.74769763817e-06, 1.32127851771e-07, 5.20503924406e-08, 1.39869726468e-07, 5.51695009676e-08, 9.984473337e-08, 5.06050241711e-08, 2.30227588105e-08, 1.54668988728e-08, 2.01960457247e-08, 4.69203120801e-09]}, "erbbands": {"dmean": [0.0303667392582, 0.177901923656, 1.09838521481, 3.34636974335, 5.31746959686, 6.29120779037, 12.6214046478, 15.8130578995, 13.3551969528, 6.09377574921, 6.01219463348, 21.2387104034, 8.27757644653, 5.46500015259, 4.43155956268, 7.94522857666, 6.56027603149, 5.74146413803, 8.31059646606, 7.29677581787, 20.4787693024, 10.6529769897, 5.62113666534, 5.9425330162, 3.63837695122, 4.10665082932, 2.69624757767, 3.11191534996, 3.26114177704, 2.47296690941, 2.09402132034, 1.29758393764, 1.02653229237, 0.404954373837, 0.317175209522, 0.256272137165, 0.105500534177, 0.0402042455971, 0.00560032948852, 0.000313817377901], "dmean2": [0.0477811731398, 0.287385225296, 1.9139649868, 5.77209615707, 9.20675182343, 9.87351989746, 20.3107643127, 24.8413009644, 20.3131351471, 9.49649047852, 9.18740653992, 31.7132759094, 12.7405290604, 8.31026172638, 6.98870992661, 12.1472587585, 9.89586353302, 8.63041687012, 12.3495082855, 11.0427827835, 30.1139545441, 15.3960580826, 8.34570026398, 9.15829563141, 5.4067773819, 6.05043649673, 4.02648591995, 4.5955862999, 4.96577215195, 3.72785520554, 3.07045412064, 1.96517634392, 1.55741655827, 0.566700160503, 0.43761536479, 0.369826436043, 0.155361860991, 0.058879327029, 0.00818175822496, 0.000456555368146], "dvar": [0.00874488521367, 0.146520003676, 9.00577259064, 94.8012924194, 266.447967529, 249.201507568, 479.192352295, 741.14050293, 621.174621582, 192.431518555, 119.256011963, 2852.14648438, 316.825469971, 159.764816284, 83.1036148071, 227.805786133, 209.344421387, 131.422286987, 239.721298218, 216.91078186, 3526.4309082, 740.04498291, 117.584701538, 189.10369873, 53.3896522522, 91.6179733276, 36.701965332, 42.5605735779, 82.2003860474, 43.5952339172, 19.0975170135, 7.23685836792, 3.39624810219, 0.721043407917, 0.527363717556, 0.355798125267, 0.0387235358357, 0.00522957742214, 0.000109061766125, 3.38421870083e-07], "dvar2": [0.0183293521404, 0.371653467417, 26.2774944305, 269.000946045, 741.69329834, 647.526794434, 1301.37927246, 1838.68444824, 1487.1730957, 493.122375488, 252.414245605, 5655.04199219, 741.797729492, 358.386627197, 194.245880127, 534.861206055, 507.934570312, 297.964233398, 520.808776855, 517.746887207, 7098.2734375, 1474.38049316, 265.221435547, 472.905944824, 126.100975037, 222.036026001, 84.171836853, 98.2491073608, 203.67137146, 107.145996094, 38.0845870972, 17.606798172, 7.42013216019, 1.34929525852, 0.988683879375, 0.740945756435, 0.0887034162879, 0.0119273345917, 0.000251015415415, 7.73917122388e-07], "max": [1.5545361042, 5.51494693756, 36.5465431213, 139.72883606, 237.432479858, 295.150970459, 316.402099609, 330.370758057, 424.308074951, 243.754867554, 149.76449585, 911.109436035, 313.948059082, 281.293212891, 180.401809692, 250.799621582, 311.655639648, 177.274475098, 230.568222046, 318.885803223, 1924.26342773, 924.303710938, 208.136993408, 256.473144531, 132.082778931, 264.776855469, 89.0126800537, 100.763916016, 198.628128052, 188.622619629, 62.1225204468, 44.6346206665, 20.3368225098, 13.8533411026, 10.0495634079, 6.95927762985, 2.11283183098, 0.673709392548, 0.157165229321, 0.00737615022808], "mean": [0.0679294914007, 0.514855802059, 2.35213780403, 5.217441082, 6.88772010803, 10.6064577103, 22.3342876434, 30.2318553925, 25.8384475708, 10.3725719452, 11.7296113968, 42.3947143555, 14.4510955811, 9.55819416046, 7.50633478165, 13.1991405487, 10.9870357513, 10.0537509918, 14.052687645, 12.7198486328, 34.565574646, 18.9229431152, 10.3122310638, 10.2367811203, 6.31672048569, 7.68663358688, 4.5951962471, 4.672560215, 4.73249006271, 3.74427604675, 3.38726902008, 1.88083195686, 1.31805229187, 0.599471747875, 0.443527400494, 0.312739878893, 0.113832429051, 0.0418663397431, 0.00580640463158, 0.000340293889167], "median": [0.0279120951891, 0.337953358889, 1.13999438286, 2.83576107025, 2.96167325974, 3.70144677162, 9.83981800079, 9.98188209534, 8.6655330658, 3.78176879883, 4.66583347321, 9.95295238495, 5.89532184601, 3.89854097366, 3.50816583633, 4.945728302, 4.39505815506, 3.78201150894, 5.36880588531, 5.48460054398, 9.79502677917, 7.44995689392, 3.83943033218, 3.76154899597, 2.47945022583, 2.03807282448, 0.911383867264, 0.993096709251, 0.573585748672, 0.61155384779, 0.649359107018, 0.340752750635, 0.189242690802, 0.0757445991039, 0.0656191110611, 0.0483979657292, 0.0122711639851, 0.00363030331209, 0.000430446874816, 4.88937366754e-05], "min": [1.19848050222e-21, 1.87982739563e-20, 3.35603911995e-20, 2.43798224811e-19, 2.43490875514e-19, 1.89159597855e-19, 1.91950647414e-19, 3.60989503383e-19, 3.91247434148e-19, 5.56573231445e-19, 5.86981373039e-19, 1.82651591535e-18, 1.97078324521e-18, 5.41658503256e-18, 4.91582105666e-18, 4.74171814928e-18, 3.59111529389e-18, 2.29120530396e-18, 8.23606695998e-18, 5.05444949629e-18, 5.96503307564e-18, 5.81396177165e-18, 7.65829701855e-18, 8.18426808285e-18, 1.9623308242e-17, 1.56586166768e-17, 1.9339155158e-17, 1.3301202389e-17, 1.73879750593e-17, 2.13551564382e-17, 1.89199648389e-17, 1.18636245229e-17, 1.5494411399e-17, 1.09739917741e-17, 9.21810157347e-18, 6.29789510363e-18, 3.24629078668e-18, 1.23732633196e-18, 2.8136248683e-19, 4.01616834598e-20], "var": [0.0150573886931, 0.38661006093, 11.8531227112, 83.8906021118, 210.302001953, 372.161651611, 907.676147461, 1736.21374512, 1683.1204834, 340.029663086, 340.39276123, 9103.34765625, 572.534484863, 286.947570801, 136.922836304, 405.063354492, 333.095001221, 279.294189453, 518.475524902, 354.078796387, 6216.96337891, 1388.05688477, 250.955856323, 361.17590332, 114.724723816, 301.838989258, 94.3243942261, 82.8190841675, 135.830490112, 72.3696594238, 43.8856277466, 13.2235412598, 5.90577507019, 1.54130089283, 0.933787941933, 0.498583346605, 0.0496026128531, 0.00670166220516, 0.00013884776854, 4.37036163703e-07]}, "gfcc": {"mean": [-54.7484283447, 84.549041748, -101.571594238, 17.7933368683, -47.430770874, -4.42127561569, -41.2999267578, 1.59479403496, -19.8211364746, -2.34339666367, -18.3247070312, 2.88617300987, -11.5115566254], "cov": [[27390.9628906, 687.112060547, 1388.88244629, 952.531433105, -251.39225769, 948.335510254, -34.114780426, -0.412677437067, -111.348564148, -28.5431175232, -41.8189163208, 398.225158691, -72.7007064819], [687.112060547, 2875.20288086, -680.329833984, -231.040359497, 436.226165771, -295.712036133, -105.048583984, -168.425125122, 52.7266426086, -197.524093628, 63.2928962708, -58.1006813049, 75.0695343018], [1388.88244629, -680.329833984, 1334.54382324, 320.806884766, 143.447860718, 614.94317627, 304.165679932, 80.2498092651, 9.28163051605, 73.7277984619, 0.546441912651, 11.1225786209, -114.676063538], [952.531433105, -231.040359497, 320.806884766, 559.043151855, -55.012928009, 345.419281006, 169.83430481, 105.54914093, -12.1251029968, 75.3811340332, -10.816321373, 0.934087455273, -49.5264778137], [-251.39225769, 436.226165771, 143.447860718, -55.012928009, 360.259246826, 53.2158164978, 89.4486999512, -1.98554062843, 26.822637558, -32.6732902527, 41.2252159119, -28.8058567047, -2.28584504128], [948.335510254, -295.712036133, 614.94317627, 345.419281006, 53.2158164978, 512.880859375, 218.145507812, 102.765266418, 12.2688064575, 78.1078796387, -14.4724569321, 20.4148731232, -83.7867202759], [-34.114780426, -105.048583984, 304.165679932, 169.83430481, 89.4486999512, 218.145507812, 228.505493164, 99.6191177368, 31.9396934509, 39.3612556458, 14.2998561859, -24.4477138519, -22.7889976501], [-0.412677437067, -168.425125122, 80.2498092651, 105.54914093, -1.98554062843, 102.765266418, 99.6191177368, 168.963027954, 52.162525177, 52.0443840027, 11.0518493652, 1.16941535473, -1.84161424637], [-111.348564148, 52.7266426086, 9.28163051605, -12.1251029968, 26.822637558, 12.2688064575, 31.9396934509, 52.162525177, 81.3572616577, 25.1821422577, 8.05190086365, -3.8321723938, 5.81870222092], [-28.5431175232, -197.524093628, 73.7277984619, 75.3811340332, -32.6732902527, 78.1078796387, 39.3612556458, 52.0443840027, 25.1821422577, 94.135887146, 23.4501361847, 10.3130102158, -17.9082698822], [-41.8189163208, 63.2928962708, 0.546441912651, -10.816321373, 41.2252159119, -14.4724569321, 14.2998561859, 11.0518493652, 8.05190086365, 23.4501361847, 91.0524291992, 19.3269042969, 16.5573673248], [398.225158691, -58.1006813049, 11.1225786209, 0.934087455273, -28.8058567047, 20.4148731232, -24.4477138519, 1.16941535473, -3.8321723938, 10.3130102158, 19.3269042969, 109.236549377, 35.2647476196], [-72.7007064819, 75.0695343018, -114.676063538, -49.5264778137, -2.28584504128, -83.7867202759, -22.7889976501, -1.84161424637, 5.81870222092, -17.9082698822, 16.5573673248, 35.2647476196, 83.3497772217]], "icov": [[4.86794669996e-05, -4.97324726894e-05, -8.33186932141e-05, -6.53213137412e-05, 7.89198747952e-05, -3.43438077834e-05, 0.000141576630995, -6.03347252763e-05, 3.2311425457e-05, 6.6949018219e-05, 2.0339796265e-06, -0.000144649791764, 1.1746189557e-05], [-4.97324726894e-05, 0.00076455733506, 0.000642374565359, -0.00017543915601, -0.000898831814993, -0.000368945940863, -4.36673144577e-06, 0.000796065432951, -0.0011159973219, 0.0011960506672, -0.000599113234784, 0.000302182481391, -5.50773938812e-06], [-8.33186932141e-05, 0.000642374565359, 0.00248643825762, 0.00042094005039, -0.000825841678306, -0.00253442930989, -0.00114291266073, 0.0013819031883, -0.000809154298622, 0.00106113043148, -0.000809973222204, 0.000220990390517, 0.000519395107403], [-6.53213137412e-05, -0.00017543915601, 0.00042094005039, 0.00398481916636, 0.00111805833876, -0.00262882257812, -0.00123626412824, -0.000815844337922, 0.00207188050263, -0.00116923695896, -3.0926479667e-05, 0.00101295066997, -0.000738303293474], [7.89198747952e-05, -0.000898831814993, -0.000825841678306, 0.00111805833876, 0.00533322384581, -0.000528403208591, -0.00172242056578, -3.47680797859e-05, -0.000235718136537, 0.00137612037361, -0.00188769155648, 0.000634753203485, -3.15607794619e-05], [-3.43438077834e-05, -0.000368945940863, -0.00253442930989, -0.00262882257812, -0.000528403208591, 0.0095884790644, -0.00317966588773, -0.00103565782774, 0.000699067721143, -0.00253777368926, 0.00297710509039, -0.00415656110272, 0.00455847708508], [0.000141576630995, -4.36673144577e-06, -0.00114291266073, -0.00123626412824, -0.00172242056578, -0.00317966588773, 0.0125056924298, -0.00404354883358, -0.000715784437489, 0.000507290184032, -0.00156287173741, 0.003843361279, -0.00324998982251], [-6.03347252763e-05, 0.000796065432951, 0.0013819031883, -0.000815844337922, -3.47680797859e-05, -0.00103565782774, -0.00404354883358, 0.0119014270604, -0.00627260841429, -0.00115365826059, -0.0006181820645, -4.81025817862e-05, -0.000904568063561], [3.2311425457e-05, -0.0011159973219, -0.000809154298622, 0.00207188050263, -0.000235718136537, 0.000699067721143, -0.000715784437489, -0.00627260841429, 0.0197018105537, -0.00654095131904, 0.00230706995353, 0.000608224305324, -0.00198327051476], [6.6949018219e-05, 0.0011960506672, 0.00106113043148, -0.00116923695896, 0.00137612037361, -0.00253777368926, 0.000507290184032, -0.00115365826059, -0.00654095131904, 0.0206957608461, -0.00720116170123, -0.000973098620307, 0.00409169355407], [2.0339796265e-06, -0.000599113234784, -0.000809973222204, -3.0926479667e-05, -0.00188769155648, 0.00297710509039, -0.00156287173741, -0.0006181820645, 0.00230706995353, -0.00720116170123, 0.0156540721655, -0.0031390148215, -0.00158127839677], [-0.000144649791764, 0.000302182481391, 0.000220990390517, 0.00101295066997, 0.000634753203485, -0.00415656110272, 0.003843361279, -4.81025817862e-05, 0.000608224305324, -0.000973098620307, -0.0031390148215, 0.0150625398383, -0.00860440172255], [1.1746189557e-05, -5.50773938812e-06, 0.000519395107403, -0.000738303293474, -3.15607794619e-05, 0.00455847708508, -0.00324998982251, -0.000904568063561, -0.00198327051476, 0.00409169355407, -0.00158127839677, -0.00860440172255, 0.0209338404238]]}, "melbands": {"dmean": [0.000233958751778, 0.000443208002253, 0.000611293653492, 0.000411735032685, 0.000397107331082, 0.000369470362784, 0.000185020660865, 5.54426515009e-05, 7.84670992289e-05, 0.000121069926536, 4.07417137467e-05, 2.38529119088e-05, 1.73952557816e-05, 1.43639263115e-05, 2.83356548607e-05, 9.54549432208e-06, 1.22885248857e-05, 1.59680748766e-05, 8.66057871463e-06, 1.1049758541e-05, 3.00013398373e-05, 1.42823701026e-05, 4.86040789838e-06, 6.56298561807e-06, 4.9752366067e-06, 2.50016228165e-06, 3.93846175939e-06, 2.59148487203e-06, 1.5403082898e-06, 2.07664015761e-06, 1.79418464086e-06, 2.12196209759e-06, 1.56595910994e-06, 1.28354463413e-06, 1.28219437556e-06, 1.16635453651e-06, 6.50947129088e-07, 7.66468872371e-07, 5.06873675477e-07, 3.07957606083e-07], "dmean2": [0.000359135301551, 0.000766812416259, 0.00104842940345, 0.000683037971612, 0.000631551025435, 0.000578316161409, 0.000284685258521, 8.72368254932e-05, 0.000118416741316, 0.000182092378964, 6.31414513919e-05, 3.63951658073e-05, 2.77562285191e-05, 2.28398730542e-05, 4.26943224738e-05, 1.49957377289e-05, 1.87231071322e-05, 2.42365440499e-05, 1.33059620566e-05, 1.65172496054e-05, 4.44683319074e-05, 2.09584595723e-05, 7.39590268495e-06, 1.0094737263e-05, 7.85200427345e-06, 3.76870866603e-06, 6.13925385551e-06, 3.94660355596e-06, 2.29910733651e-06, 3.22265736941e-06, 2.6659258765e-06, 3.27283100887e-06, 2.45875435212e-06, 1.97880285668e-06, 1.91547997019e-06, 1.78145774044e-06, 1.00038107576e-06, 1.18985099107e-06, 7.45656848267e-07, 4.32096499026e-07], "dvar": [3.94533515191e-07, 1.36940241191e-06, 3.02325861412e-06, 1.3371895875e-06, 4.88115290409e-07, 3.82065934446e-07, 1.23166401522e-07, 1.81025381352e-08, 2.54872851713e-08, 8.87923761184e-08, 8.12459344246e-09, 2.97284064033e-09, 1.30249810937e-09, 9.46600686724e-10, 2.70358202492e-09, 6.84662493367e-10, 5.85111459284e-10, 8.4998708072e-10, 3.38665873123e-10, 5.00021579697e-10, 9.58307211363e-09, 1.68767411157e-09, 1.03430992937e-10, 1.80339285172e-10, 1.49637552349e-10, 2.68692082472e-11, 9.38523078697e-11, 4.01948578588e-11, 1.38690352605e-11, 2.97100608004e-11, 1.48665801891e-11, 3.44185235868e-11, 3.43016136328e-11, 9.01625562405e-12, 7.69708255466e-12, 7.40563600027e-12, 1.66803582665e-12, 1.89295237471e-12, 9.84191569388e-13, 4.67672396035e-13], "dvar2": [8.11900633835e-07, 3.94523112845e-06, 8.43439374876e-06, 3.63067738363e-06, 1.30096304929e-06, 9.55951577453e-07, 3.03939259538e-07, 4.65014338147e-08, 4.91662532909e-08, 1.81151349921e-07, 1.90815878653e-08, 6.73960443009e-09, 3.04038971777e-09, 2.34134200916e-09, 5.94076743354e-09, 1.7391316165e-09, 1.35015165714e-09, 1.87910864646e-09, 8.01700983377e-10, 1.2006602379e-09, 1.92344682404e-08, 3.35391381334e-09, 2.44059134014e-10, 4.21221307834e-10, 3.79654446769e-10, 6.25222026929e-11, 2.40994307843e-10, 1.00353690635e-10, 3.17428305863e-11, 7.57785570404e-11, 3.39612296618e-11, 8.52051276756e-11, 9.37046343297e-11, 2.13487855866e-11, 1.5417108562e-11, 1.79369054332e-11, 4.06050540414e-12, 4.24612948968e-12, 2.05541681765e-12, 8.80627981561e-13], "max": [0.0106715979055, 0.0143370889127, 0.0231505278498, 0.014649733901, 0.0126561382785, 0.00802815519273, 0.00567556126043, 0.00211830693297, 0.00253182183951, 0.00495677487925, 0.00158899638336, 0.00115237012506, 0.000598984246608, 0.000650403904729, 0.000745604047552, 0.000555046543013, 0.000406919629313, 0.000387446110835, 0.000293655961286, 0.000549022690393, 0.0033204050269, 0.00149888603482, 0.000140673510032, 0.000337881530868, 0.00021536553686, 9.35687930905e-05, 0.000223782553803, 0.000153759174282, 6.8714718509e-05, 0.000161252726684, 4.98908557347e-05, 8.83099637576e-05, 0.000222501737881, 5.1746788813e-05, 3.14587596222e-05, 4.33417808381e-05, 2.02063147299e-05, 1.98983925657e-05, 1.38634723044e-05, 1.25976712297e-05], "mean": [0.000608867325354, 0.00106324942317, 0.000956172239967, 0.000620007398538, 0.000734733068384, 0.000719792151358, 0.000348280533217, 8.84481341927e-05, 0.000152865759446, 0.000240313514951, 6.57289274386e-05, 4.01970391977e-05, 2.77155777439e-05, 2.21883638005e-05, 4.66265846626e-05, 1.44058458318e-05, 2.04339539778e-05, 2.56976018136e-05, 1.37316046676e-05, 1.91442704818e-05, 4.8470144975e-05, 2.41267225647e-05, 7.66168250266e-06, 1.14358172141e-05, 8.03088369139e-06, 4.09734730056e-06, 6.16073248239e-06, 4.70459190183e-06, 2.57965484707e-06, 3.06605738842e-06, 2.5259892027e-06, 2.94844949167e-06, 2.15036743612e-06, 1.91460276255e-06, 2.03225454243e-06, 1.5923905039e-06, 9.59196654549e-07, 9.87652924778e-07, 6.46366856927e-07, 4.58938245629e-07], "median": [0.00033310620347, 0.000619424623437, 0.000514743675012, 0.000247066287557, 0.0003551292466, 0.000254542101175, 0.000121026372653, 2.43038430199e-05, 4.56484049209e-05, 5.98476981395e-05, 2.21535192395e-05, 1.51402873598e-05, 1.18584357551e-05, 9.60528177529e-06, 1.57824761118e-05, 4.39010773334e-06, 7.05419824953e-06, 9.01173370949e-06, 5.4183346947e-06, 7.58502210374e-06, 1.10593337013e-05, 8.01002261142e-06, 2.85964915747e-06, 3.42522616847e-06, 2.6920088203e-06, 1.48314029502e-06, 1.71847159436e-06, 1.10736232273e-06, 5.3560319202e-07, 4.67532117909e-07, 5.48880620954e-07, 2.94825895253e-07, 2.81675909264e-07, 3.11885912652e-07, 3.50726764964e-07, 2.97385383874e-07, 1.55854777972e-07, 1.37434341241e-07, 8.23604153766e-08, 5.4097569091e-08], "min": [1.8022830578e-23, 2.113147897e-23, 4.06242287825e-23, 1.74658506027e-23, 6.06028112054e-24, 7.55011593753e-24, 6.13613640746e-24, 6.54286520158e-24, 4.96844595732e-24, 1.14825544179e-23, 9.43178664361e-24, 2.21063406549e-23, 1.72365508257e-23, 1.64931219977e-23, 7.22334608476e-24, 8.91984747056e-24, 2.82852191239e-24, 1.16052222887e-23, 1.05977459385e-23, 4.03307346605e-24, 7.40963874297e-24, 4.73904205064e-24, 7.66180759765e-24, 6.08725858577e-24, 6.13316989603e-24, 1.03906944056e-23, 1.88880958173e-23, 7.78505764776e-24, 1.28897260784e-23, 9.07395854814e-24, 7.40086582084e-24, 1.01527013813e-23, 1.04489225956e-23, 1.24843856794e-23, 1.16296383225e-23, 7.74570847695e-24, 7.02063407567e-24, 1.05085447028e-23, 1.01256489743e-23, 9.22060384612e-24], "var": [8.44793532906e-07, 2.01745638151e-06, 2.7555156521e-06, 1.3638763221e-06, 9.53655955982e-07, 9.25351571368e-07, 3.07868560867e-07, 3.02205869218e-08, 8.3933116457e-08, 2.71020866194e-07, 1.42127811742e-08, 5.27966736996e-09, 2.05442618473e-09, 1.2801474325e-09, 5.56407009356e-09, 9.0723406565e-10, 1.2108751779e-09, 1.77830794534e-09, 5.30211485827e-10, 8.39151970133e-10, 1.64652149692e-08, 3.00958347133e-09, 1.67130115303e-10, 4.27656215995e-10, 2.59079729892e-10, 4.83807230389e-11, 2.14072454208e-10, 1.17916607034e-10, 3.3903369695e-11, 6.55410656303e-11, 2.3727493928e-11, 5.72262758014e-11, 3.46673731388e-11, 1.83575550594e-11, 1.69009615331e-11, 1.14610525931e-11, 3.68319697658e-12, 3.38281095844e-12, 1.66536456934e-12, 9.81226710127e-13]}, "mfcc": {"mean": [-701.229736328, 125.309173584, 1.74047613144, 23.3317966461, 7.57772874832, -0.278953403234, -10.9817647934, 1.88354253769, -4.90254831314, -1.89568924904, -8.10966491699, -1.6924277544, -2.24513840675], "cov": [[16897.9042969, 995.453674316, 515.818115234, 509.071777344, 129.086151123, 264.659881592, 95.5012054443, 241.792160034, 33.5724945068, 111.095031738, -51.8898200989, -45.6498794556, 47.986164093], [995.453674316, 2386.92163086, -564.420654297, 80.3469009399, 228.50112915, -58.1906509399, -93.220741272, 55.8656387329, -57.1859207153, -56.5028762817, -106.20098877, -35.2325782776, 11.5833377838], [515.818115234, -564.420654297, 1000.16290283, 60.6975250244, 63.6213150024, 372.837615967, 308.777374268, 152.203796387, 141.90536499, 116.873428345, 104.946388245, 77.9102554321, 50.1678276062], [509.071777344, 80.3469009399, 60.6975250244, 241.702835083, 18.9591293335, 95.681892395, 79.9392776489, 65.2139129639, 41.6936607361, 50.7015953064, 21.9987010956, 13.7836513519, 25.1636829376], [129.086151123, 228.50112915, 63.6213150024, 18.9591293335, 184.599365234, 70.0806350708, 83.6650390625, 40.256061554, 22.2883167267, 27.7715053558, 21.7647037506, 13.4909105301, 12.7428913116], [264.659881592, -58.1906509399, 372.837615967, 95.681892395, 70.0806350708, 342.80657959, 183.358978271, 127.598129272, 69.5868911743, 66.8916473389, 75.9870071411, 26.4358558655, 26.3139896393], [95.5012054443, -93.220741272, 308.777374268, 79.9392776489, 83.6650390625, 183.358978271, 272.37210083, 113.769134521, 92.4052505493, 90.3698654175, 58.6117744446, 41.344493866, 39.4787483215], [241.792160034, 55.8656387329, 152.203796387, 65.2139129639, 40.256061554, 127.598129272, 113.769134521, 147.831481934, 74.9482116699, 51.3798065186, 31.9617919922, 10.4816417694, 32.7604789734], [33.5724945068, -57.1859207153, 141.90536499, 41.6936607361, 22.2883167267, 69.5868911743, 92.4052505493, 74.9482116699, 112.380935669, 74.9136962891, 35.6988105774, 14.6671361923, 15.1273145676], [111.095031738, -56.5028762817, 116.873428345, 50.7015953064, 27.7715053558, 66.8916473389, 90.3698654175, 51.3798065186, 74.9136962891, 129.242919922, 78.0679397583, 18.0014209747, 1.80694496632], [-51.8898200989, -106.20098877, 104.946388245, 21.9987010956, 21.7647037506, 75.9870071411, 58.6117744446, 31.9617919922, 35.6988105774, 78.0679397583, 118.259895325, 37.2441291809, 7.01531028748], [-45.6498794556, -35.2325782776, 77.9102554321, 13.7836513519, 13.4909105301, 26.4358558655, 41.344493866, 10.4816417694, 14.6671361923, 18.0014209747, 37.2441291809, 77.175163269, 35.8972396851], [47.986164093, 11.5833377838, 50.1678276062, 25.1636829376, 12.7428913116, 26.3139896393, 39.4787483215, 32.7604789734, 15.1273145676, 1.80694496632, 7.01531028748, 35.8972396851, 89.9199295044]], "icov": [[6.96232527844e-05, -3.34205069521e-05, -9.58604869084e-05, -0.000142202305142, -1.04932933027e-05, 4.55166300526e-05, 9.39826204558e-05, -0.000101670499134, 0.00015012260701, -0.000124576486996, 8.34083693917e-05, 6.26838955213e-05, -9.90992703009e-06], [-3.34205069521e-05, 0.000701989978552, 0.000528391159605, -7.68633544794e-05, -0.000974779773969, -0.000290463824058, 0.000340989063261, -0.000632434035651, 0.000240133012994, -0.000290392286843, 0.000776089553256, -0.000410795735661, 2.68476396741e-05], [-9.58604869084e-05, 0.000528391159605, 0.00264303013682, 0.000775707885623, -0.000121726538055, -0.00219336524606, -0.00111345690675, 0.000237630403717, -0.00118093402125, -8.95071352716e-05, 0.000720061478205, -0.00141673104372, 6.26825130894e-05], [-0.000142202305142, -7.68633544794e-05, 0.000775707885623, 0.00568998791277, 0.000698721327353, -0.00158403720707, -0.000791148922872, -0.00056678702822, -0.000111035747977, -0.00189228681847, 0.00110920111183, -0.00071388570359, -0.000765771197621], [-1.04932933027e-05, -0.000974779773969, -0.000121726538055, 0.000698721327353, 0.00792950764298, -0.000478734757053, -0.00263032177463, 0.00060137413675, 0.000143595127156, 0.000104656261101, -0.00106452929322, 0.00013312108058, -4.07009611081e-05], [4.55166300526e-05, -0.000290463824058, -0.00219336524606, -0.00158403720707, -0.000478734757053, 0.00776851736009, -0.00165807071608, -0.00325874960981, 0.00148352957331, 0.00202721962705, -0.00360002135858, 0.0018241785001, 0.000652145594358], [9.39826204558e-05, 0.000340989063261, -0.00111345690675, -0.000791148922872, -0.00263032177463, -0.00165807071608, 0.00963169988245, -0.00257311016321, -0.00083405780606, -0.00342541979626, 0.00214346311986, -0.00198796228506, -0.000849228759762], [-0.000101670499134, -0.000632434035651, 0.000237630403717, -0.00056678702822, 0.00060137413675, -0.00325874960981, -0.00257311016321, 0.0159324351698, -0.00761939492077, 0.00168734020554, -0.00133946887217, 0.00307668442838, -0.00352061796002], [0.00015012260701, 0.000240133012994, -0.00118093402125, -0.000111035747977, 0.000143595127156, 0.00148352957331, -0.00083405780606, -0.00761939492077, 0.0213130265474, -0.0105373198166, 0.00368537358008, -0.00101775792427, 1.15765988085e-05], [-0.000124576486996, -0.000290392286843, -8.95071352716e-05, -0.00189228681847, 0.000104656261101, 0.00202721962705, -0.00342541979626, 0.00168734020554, -0.0105373198166, 0.0225511211902, -0.0127544701099, 0.00305501115508, 0.00205946690403], [8.34083693917e-05, 0.000776089553256, 0.000720061478205, 0.00110920111183, -0.00106452929322, -0.00360002135858, 0.00214346311986, -0.00133946887217, 0.00368537358008, -0.0127544701099, 0.0198875516653, -0.00792278256267, 0.00114228657912], [6.26838955213e-05, -0.000410795735661, -0.00141673104372, -0.00071388570359, 0.00013312108058, 0.0018241785001, -0.00198796228506, 0.00307668442838, -0.00101775792427, 0.00305501115508, -0.00792278256267, 0.0211619287729, -0.00751133542508], [-9.90992703009e-06, 2.68476396741e-05, 6.26825130894e-05, -0.000765771197621, -4.07009611081e-05, 0.000652145594358, -0.000849228759762, -0.00352061796002, 1.15765988085e-05, 0.00205946690403, 0.00114228657912, -0.00751133542508, 0.0156387742609]]}, "spectral_contrast_coeffs": {"dmean": [0.0481246784329, 0.0538619719446, 0.0385030135512, 0.0330455936491, 0.0257238037884, 0.0197364855558], "dmean2": [0.0787556916475, 0.0819290280342, 0.0614882744849, 0.0506429858506, 0.0393837206066, 0.0327412858605], "dvar": [0.00205435603857, 0.0022815046832, 0.00111876253504, 0.00086784287123, 0.000590473937336, 0.000510410231072], "dvar2": [0.00516086444259, 0.00482774199918, 0.00250707753003, 0.00184819719288, 0.00120980408974, 0.00116203236394], "max": [-0.233022212982, -0.253161042929, -0.387564718723, -0.447882652283, -0.434853732586, -0.649051845074], "mean": [-0.623987555504, -0.675435841084, -0.766250550747, -0.77267485857, -0.772868275642, -0.777680754662], "median": [-0.642838537693, -0.67996096611, -0.773573875427, -0.780524015427, -0.778684437275, -0.77334946394], "min": [-0.952990114689, -0.961089372635, -0.972113549709, -0.962806761265, -0.955949902534, -0.959589362144], "var": [0.0111112473533, 0.0122814057395, 0.00604987656698, 0.00447532068938, 0.00352945388295, 0.00209303386509]}, "spectral_contrast_valleys": {"dmean": [0.402631551027, 0.440338462591, 0.397410005331, 0.386702060699, 0.403870254755, 0.582894682884], "dmean2": [0.638858258724, 0.656043052673, 0.579872667789, 0.535237550735, 0.515339970589, 0.685895621777], "dvar": [0.173426747322, 0.194576874375, 0.157493710518, 0.170546650887, 0.189181104302, 0.51097035408], "dvar2": [0.357021808624, 0.369305640459, 0.296005696058, 0.313244700432, 0.328464388847, 1.06763625145], "max": [-5.42379951477,