{"lowlevel": {"average_loudness": 0.0347220189869, "barkbands_crest": {"dmean": 1.78765785694, "dmean2": 3.03591179848, "dvar": 3.82841825485, "dvar2": 11.2582206726, "max": 26.7107906342, "mean": 16.0556316376, "median": 15.3655281067, "min": 2.81278777122, "var": 30.0727329254}, "barkbands_flatness_db": {"dmean": 0.0203157495707, "dmean2": 0.0345322862267, "dvar": 0.000459880335256, "dvar2": 0.00131843902636, "max": 0.623573184013, "mean": 0.389892548323, "median": 0.404787749052, "min": 0.0122242001817, "var": 0.0107559869066}, "barkbands_kurtosis": {"dmean": 3.44148612022, "dmean2": 5.14791345596, "dvar": 40.9876022339, "dvar2": 78.1327590942, "max": 152.450592041, "mean": 10.2264690399, "median": 4.65866374969, "min": -1.4146617651, "var": 240.05809021}, "barkbands_skewness": {"dmean": 0.514171004295, "dmean2": 0.828687667847, "dvar": 0.385032534599, "dvar2": 0.863395690918, "max": 11.1374006271, "mean": 1.25530970097, "median": 1.0037740469, "min": -2.31013917923, "var": 3.54339766502}, "barkbands_spread": {"dmean": 0.959971010685, "dmean2": 1.56462574005, "dvar": 3.23343420029, "dvar2": 7.07218074799, "max": 59.8647079468, "mean": 4.4075551033, "median": 2.79094552994, "min": 0.195883437991, "var": 34.0953826904}, "dissonance": {"dmean": 0.0401606485248, "dmean2": 0.0698485895991, "dvar": 0.00182247685734, "dvar2": 0.0046945870854, "max": 0.500000119209, "mean": 0.362685680389, "median": 0.362934440374, "min": 0.133295863867, "var": 0.00575999030843}, "dynamic_complexity": 14.4199457169, "erbbands_crest": {"dmean": 1.73917520046, "dmean2": 2.79452180862, "dvar": 3.62150549889, "dvar2": 9.50608444214, "max": 31.4497509003, "mean": 16.661901474, "median": 17.0066223145, "min": 2.42300844193, "var": 38.442653656}, "erbbands_flatness_db": {"dmean": 0.0127731971443, "dmean2": 0.0212705843151, "dvar": 0.000201216578716, "dvar2": 0.000501903996337, "max": 0.569957315922, "mean": 0.39274123311, "median": 0.427523732185, "min": 0.0604346804321, "var": 0.011964475736}, "erbbands_kurtosis": {"dmean": 1.46287095547, "dmean2": 2.19385027885, "dvar": 5.92348575592, "dvar2": 13.4551877975, "max": 59.0394096375, "mean": 4.32126235962, "median": 1.83645009995, "min": -1.5276184082, "var": 51.4793434143}, "erbbands_skewness": {"dmean": 0.297152191401, "dmean2": 0.456723123789, "dvar": 0.127040997148, "dvar2": 0.283683091402, "max": 6.46086883545, "mean": 1.23440766335, "median": 1.04354786873, "min": -1.8337675333, "var": 1.44659483433}, "erbbands_spread": {"dmean": 1.06617474556, "dmean2": 1.64198112488, "dvar": 2.64513373375, "dvar2": 6.11952877045, "max": 73.1573944092, "mean": 9.51610565186, "median": 6.53759813309, "min": 1.12846982479, "var": 125.383094788}, "hfc": {"dmean": 1.3501625061, "dmean2": 1.98974263668, "dvar": 22.1118049622, "dvar2": 42.968006134, "max": 103.954795837, "mean": 5.04379892349, "median": 0.468539893627, "min": 1.08607239476e-16, "var": 160.58883667}, "melbands_crest": {"dmean": 2.2350063324, "dmean2": 3.78331279755, "dvar": 6.00232458115, "dvar2": 17.9553604126, "max": 32.4819488525, "mean": 18.1902122498, "median": 18.6250400543, "min": 1.55444157124, "var": 36.3998298645}, "melbands_flatness_db": {"dmean": 0.0224199183285, "dmean2": 0.0381576754153, "dvar": 0.000681438657921, "dvar2": 0.00179022201337, "max": 0.749709427357, "mean": 0.498484760523, "median": 0.519648909569, "min": 0.00358085334301, "var": 0.0183704886585}, "melbands_kurtosis": {"dmean": 3.13127040863, "dmean2": 4.81516361237, "dvar": 23.1380405426, "dvar2": 42.8330459595, "max": 136.864929199, "mean": 10.288479805, "median": 4.09536314011, "min": -1.52792584896, "var": 291.702667236}, "melbands_skewness": {"dmean": 0.484143704176, "dmean2": 0.795288443565, "dvar": 0.249465450644, "dvar2": 0.628665804863, "max": 9.07877635956, "mean": 1.40270256996, "median": 1.0531373024, "min": -1.67155086994, "var": 2.87364220619}, "melbands_spread": {"dmean": 1.88737678528, "dmean2": 3.17465472221, "dvar": 44.016242981, "dvar2": 83.2225799561, "max": 155.372970581, "mean": 9.95496559143, "median": 3.94894099236, "min": 0.487651646137, "var": 636.087402344}, "pitch_salience": {"dmean": 0.0551783926785, "dmean2": 0.0946259349585, "dvar": 0.00382758374326, "dvar2": 0.0118357399479, "max": 0.93786662817, "mean": 0.443306148052, "median": 0.451708376408, "min": 0.0732299312949, "var": 0.0228967219591}, "silence_rate_20dB": {"dmean": 0, "dmean2": 0, "dvar": 0, "dvar2": 0, "max": 1, "mean": 1, "median": 1, "min": 1, "var": 0}, "silence_rate_30dB": {"dmean": 0.00616522831842, "dmean2": 0.0123380627483, "dvar": 0.00612732674927, "dvar2": 0.0134199438617, "max": 1, "mean": 0.988909423351, "median": 1, "min": 0, "var": 0.0109670618549}, "silence_rate_60dB": {"dmean": 0.0234278663993, "dmean2": 0.046884637326, "dvar": 0.0228793434799, "dvar2": 0.0496209561825, "max": 1, "mean": 0.626617372036, "median": 1, "min": 0, "var": 0.233965203166}, "spectral_centroid": {"dmean": 64.8535003662, "dmean2": 106.564315796, "dvar": 206838.75, "dvar2": 330116.21875, "max": 11651.0595703, "mean": 878.560852051, "median": 411.625488281, "min": 194.428466797, "var": 4173512}, "spectral_complexity": {"dmean": 0.553637504578, "dmean2": 0.929056167603, "dvar": 1.03257036209, "dvar2": 2.2534301281, "max": 20, "mean": 3.50770187378, "median": 3, "min": 0, "var": 10.7749118805}, "spectral_decrease": {"dmean": 6.87723267223e-10, "dmean2": 1.04295649894e-09, "dvar": 4.51361523715e-18, "dvar2": 8.70777993918e-18, "max": 2.66066472969e-20, "mean": -2.41740516493e-09, "median": -3.22224608107e-10, "min": -4.83909836646e-08, "var": 3.03735063014e-17}, "spectral_energy": {"dmean": 0.00271705142222, "dmean2": 0.00411653798074, "dvar": 7.09025698598e-05, "dvar2": 0.000136862989166, "max": 0.190608531237, "mean": 0.00958133582026, "median": 0.00126006128266, "min": 1.00597570196e-20, "var": 0.000479148380691}, "spectral_energyband_high": {"dmean": 1.09707241336e-06, "dmean2": 1.38072618938e-06, "dvar": 1.61538213361e-10, "dvar2": 2.81103612609e-10, "max": 0.000492554274388, "mean": 1.40844394991e-06, "median": 2.96893820639e-09, "min": 7.11705633585e-21, "var": 2.8710930855e-10}, "spectral_energyband_low": {"dmean": 6.70747467666e-05, "dmean2": 0.000122522382298, "dvar": 4.60712321626e-08, "dvar2": 1.54685693587e-07, "max": 0.00636817887425, "mean": 0.000181745301234, "median": 3.97980547859e-05, "min": 1.23409786555e-23, "var": 4.17176494238e-07}, "spectral_energyband_middle_high": {"dmean": 0.000287469039904, "dmean2": 0.000339959457051, "dvar": 2.84023235508e-06, "dvar2": 3.32422905558e-06, "max": 0.0768353492022, "mean": 0.00118250516243, "median": 3.2852502045e-05, "min": 1.12432283134e-21, "var": 2.10847192648e-05}, "spectral_energyband_middle_low": {"dmean": 0.00257657770999, "dmean2": 0.00395786436275, "dvar": 6.48051936878e-05, "dvar2": 0.000127806721139, "max": 0.184206008911, "mean": 0.00868448801339, "median": 0.00116172526032, "min": 1.73331749269e-22, "var": 0.000410965352785}, "spectral_entropy": {"dmean": 0.138621494174, "dmean2": 0.23359836638, "dvar": 0.0346959233284, "dvar2": 0.0774450451136, "max": 9.81838798523, "mean": 5.30833244324, "median": 5.06637144089, "min": 3.41439199448, "var": 1.34130358696}, "spectral_flux": {"dmean": 0.00789027195424, "dmean2": 0.0133824376389, "dvar": 0.000474074360682, "dvar2": 0.00119488791097, "max": 0.250374853611, "mean": 0.0169127974659, "median": 0.00717287603766, "min": 6.49632639349e-11, "var": 0.000799230765551}, "spectral_kurtosis": {"dmean": 38.0405426025, "dmean2": 68.2829055786, "dvar": 2122.01171875, "dvar2": 6857.79443359, "max": 544.911743164, "mean": 143.289901733, "median": 146.255722046, "min": -1.25719451904, "var": 7715.01025391}, "spectral_rms": {"dmean": 0.000287396018393, "dmean2": 0.000447908358183, "dvar": 3.80483413664e-07, "dvar2": 7.70924884819e-07, "max": 0.013636698015, "mean": 0.0019843201153, "median": 0.00110875070095, "min": 3.13279372062e-12, "var": 5.4101205933e-06}, "spectral_rolloff": {"dmean": 99.1692047119, "dmean2": 167.496139526, "dvar": 738923.9375, "dvar2": 1176931.125, "max": 19616.7480469, "mean": 1281.96582031, "median": 387.59765625, "min": 107.666015625, "var": 13023551}, "spectral_skewness": {"dmean": 1.3122190237, "dmean2": 2.35070967674, "dvar": 1.8539198637, "dvar2": 5.23457813263, "max": 18.1120014191, "mean": 8.88201904297, "median": 9.45096683502, "min": -0.0690473839641, "var": 14.5680818558}, "spectral_spread": {"dmean": 458685.15625, "dmean2": 790932.125, "dvar": 2560383778820.0, "dvar2": 4091144044540.0, "max": 43036704, "mean": 2805616.75, "median": 910346.0625, "min": 146538.03125, "var": 59232611205100.0}, "spectral_strongpeak": {"dmean": 0.183233931661, "dmean2": 0.28526571393, "dvar": 0.237786084414, "dvar2": 0.510918438435, "max": 9.9479637146, "mean": 0.770125627518, "median": 0.322058856487, "min": 0, "var": 1.33607554436}, "zerocrossingrate": {"dmean": 0.00354560813867, "dmean2": 0.00522680813447, "dvar": 0.000519382534549, "dvar2": 0.00084117508959, "max": 0.529296875, "mean": 0.0432981811464, "median": 0.01904296875, "min": 0.00390625, "var": 0.00990203022957}, "barkbands": {"dmean": [2.20357537728e-06, 2.08767178265e-05, 1.06600855361e-05, 0.00021858823311, 0.000123459802126, 0.000918023404665, 0.000608421047218, 0.000365925399819, 0.00054318504408, 0.000294719531666, 5.02806287841e-05, 2.65907929133e-05, 2.55919821939e-05, 4.1248233174e-05, 8.06251046015e-06, 5.99535587753e-06, 3.31062119585e-06, 1.70200894445e-06, 6.41106112198e-07, 5.10863287673e-07, 6.85932377564e-07, 1.60032470831e-07, 5.54439480993e-08, 7.26534121753e-09, 3.09966829981e-09, 4.62534233137e-10, 5.02435038019e-10], "dmean2": [3.36927428179e-06, 3.52181632479e-05, 1.90107111848e-05, 0.000411608838476, 0.000217283988604, 0.00138916948345, 0.000865625042934, 0.000601585255936, 0.00084439170314, 0.000385658087907, 5.74489386054e-05, 3.39353209711e-05, 3.5893281165e-05, 5.27793745277e-05, 1.06458937807e-05, 6.54634277453e-06, 5.05064508616e-06, 2.26270913117e-06, 8.91236538791e-07, 8.60624027155e-07, 7.52107098378e-07, 2.36364897432e-07, 8.48205701232e-08, 1.31421638017e-08, 5.60045165798e-09, 8.28980550871e-10, 9.01517527296e-10], "dvar": [7.32265463543e-12, 8.01547939133e-10, 2.0048538385e-09, 8.12914322523e-07, 3.02995090351e-07, 1.81921204785e-05, 1.71930623765e-05, 9.46957607084e-06, 1.01916029962e-05, 4.33562308899e-06, 2.0249899535e-07, 3.46699913223e-08, 2.05365466854e-08, 7.0051683565e-08, 1.52521195673e-09, 1.15652720734e-09, 5.2359450109e-10, 2.78016276667e-10, 2.90881450871e-11, 2.95793944893e-11, 1.17180098957e-10, 3.17445375542e-12, 1.00247338642e-12, 5.84802939378e-15, 3.30750801672e-15, 2.01163045784e-18, 2.26126343374e-18], "dvar2": [1.60569248869e-11, 2.17794871027e-09, 6.49075415637e-09, 2.88317278319e-06, 7.901111303e-07, 3.28595706378e-05, 2.75880956906e-05, 2.30197874771e-05, 2.39691289607e-05, 6.18605599811e-06, 2.14764924067e-07, 6.37420143335e-08, 4.13755607553e-08, 1.17773886643e-07, 2.58165888667e-09, 1.5181310653e-09, 1.44540979186e-09, 4.34694003015e-10, 6.21322507333e-11, 7.76124234325e-11, 1.65827518384e-10, 7.51773036184e-12, 2.46397433706e-12, 1.63911090511e-14, 9.56397690942e-15, 6.67782288129e-18, 7.53885710118e-18], "max": [3.83586520911e-05, 0.000279918429442, 0.000944630708545, 0.016678892076, 0.0141471577808, 0.155138999224, 0.158570960164, 0.119199827313, 0.0594473443925, 0.0744112953544, 0.0201208554208, 0.00478263664991, 0.00341934198514, 0.0110729234293, 0.000965993618593, 0.00152538681868, 0.000514579063747, 0.000736115209293, 0.00015785737196, 0.000119953860121, 0.000473013176816, 5.4990490753e-05, 3.45234147971e-05, 1.42209819387e-06, 1.73189175712e-06, 2.18756337489e-08, 2.2931434529e-08], "mean": [4.09652238886e-06, 3.09166098305e-05, 1.40626862049e-05, 0.000515645486303, 0.000329674512614, 0.00313675892539, 0.00160747452173, 0.00101481273305, 0.00127621646971, 0.00114685273729, 0.000148717110278, 8.89931761776e-05, 7.65646982472e-05, 0.000136581933475, 2.22767248488e-05, 1.75958011823e-05, 7.02754505255e-06, 4.30184945799e-06, 1.08294500478e-06, 6.28421503279e-07, 8.07040635209e-07, 1.90075894579e-07, 5.57774093579e-08, 6.95307145193e-09, 2.62265764661e-09, 8.5002371808e-10, 8.68597693771e-10], "median": [2.32944398704e-06, 1.88967533177e-05, 1.95041934603e-06, 3.04546824736e-06, 2.75621346191e-06, 0.000238944165176, 2.01535767701e-05, 2.3190259526e-06, 7.32643457013e-05, 4.01661236538e-06, 2.58362319983e-06, 2.19512639887e-06, 1.19151889066e-06, 1.22489882415e-06, 2.1512377657e-07, 6.95650257398e-08, 2.40598900803e-08, 1.91563098717e-09, 8.65648719373e-10, 5.17948794965e-10, 4.35665115095e-10, 3.45087569631e-10, 3.04071517965e-10, 3.28007371264e-10, 3.83810816462e-10, 4.50132847662e-10, 4.9845993999e-10], "min": [9.06681620151e-25, 3.62526551021e-24, 2.27024090825e-24, 2.60112733304e-25, 8.71392006442e-24, 3.49607849292e-24, 1.03847542829e-23, 7.23478693447e-24, 1.9976545584e-23, 6.04843400746e-24, 2.14513920438e-23, 2.2106974899e-23, 3.02890843842e-23, 3.08995459734e-23, 3.74539798202e-23, 7.12167469362e-23, 5.46904454489e-23, 7.97156250956e-23, 1.01293886483e-22, 1.57488481419e-22, 2.22802415704e-22, 2.88984336799e-22, 4.09231906573e-22, 6.08013495092e-22, 7.55794683352e-22, 1.32774322491e-21, 1.89348185341e-21], "var": [2.75159946911e-11, 1.33908639732e-09, 2.23293294965e-09, 3.62673927157e-06, 2.10428925129e-06, 0.00011208075739, 9.2007285275e-05, 6.17674959358e-05, 2.80771364487e-05, 3.2654224924e-05, 1.0939729691e-06, 1.66467415852e-07, 8.87675426497e-08, 4.49686268666e-07, 5.43852829438e-09, 8.25813994965e-09, 9.34451072077e-10, 1.50801771071e-09, 5.39036454361e-11, 2.97515623249e-11, 2.16852161228e-10, 4.02836401389e-12, 9.5996832445e-13, 5.54138567918e-15, 1.94839812483e-15, 2.11893935793e-18, 2.15505530425e-18]}, "erbbands": {"dmean": [0.000930394395255, 0.00373151176609, 0.0129527607933, 0.282380670309, 0.960836589336, 0.181024909019, 2.15792655945, 8.59034919739, 8.17444801331, 12.1130619049, 5.94298839569, 10.1933193207, 13.678527832, 5.03291940689, 2.25906515121, 1.25402843952, 1.19470858574, 2.32101464272, 0.465968370438, 0.385923415422, 0.336256414652, 0.137208461761, 0.0797709748149, 0.0707318857312, 0.0279051400721, 0.0278777442873, 0.0455330573022, 0.00626195082441, 0.00659477198496, 0.003492789343, 0.000900599115994, 0.000211992010009, 0.000107064530312, 4.86866738356e-05, 7.46450223232e-06, 2.65302401203e-06, 1.319863145e-06, 3.89176193494e-07, 1.30427952172e-06, 3.06070705847e-06], "dmean2": [0.00151251035277, 0.00650612683967, 0.0230457596481, 0.534193515778, 1.73144829273, 0.298739343882, 2.68181657791, 13.1094856262, 12.2690868378, 18.5983734131, 8.18221950531, 15.063873291, 19.8556175232, 5.89385271072, 2.45344662666, 1.62502467632, 1.54763019085, 2.98277616501, 0.60368347168, 0.495503246784, 0.396435916424, 0.203178539872, 0.104729890823, 0.0986651778221, 0.0384310856462, 0.0446079783142, 0.0497246719897, 0.00751470588148, 0.0101178670302, 0.00511219305918, 0.00135546189267, 0.000369248096831, 0.000190338934772, 8.71890806593e-05, 1.18700409075e-05, 4.2352521632e-06, 2.10234270526e-06, 6.40168025257e-07, 1.96820360543e-06, 4.63059996036e-06], "dvar": [1.46353522723e-06, 3.27938141709e-05, 0.00161359098274, 1.36275351048, 16.0109901428, 0.449507772923, 195.545623779, 1486.25061035, 3937.69506836, 8171.84326172, 2014.74316406, 4226.27587891, 7914.90185547, 2757.51782227, 443.028930664, 88.1442184448, 47.1483039856, 210.804962158, 7.94935894012, 4.83561182022, 4.42686319351, 0.710017561913, 0.33117851615, 0.303415238857, 0.0863145217299, 0.0984066054225, 0.524586498737, 0.00399143435061, 0.00912366714329, 0.00252208905295, 0.000156605688971, 5.57300336368e-06, 1.73571197593e-06, 8.37112963836e-07, 4.21832346831e-09, 6.30981378258e-11, 1.52807020509e-11, 1.29050047558e-12, 1.67351306424e-11, 9.06785202481e-11], "dvar2": [3.57926273864e-06, 9.3194837973e-05, 0.00511982478201, 4.7574057579, 48.2009162903, 1.15708482265, 249.393951416, 2891.74609375, 6198.7890625, 20285.828125, 3862.36962891, 8537.59277344, 15513.4658203, 2953.53637695, 425.795135498, 161.200881958, 90.2573928833, 363.773223877, 12.6291275024, 8.23007965088, 5.8020234108, 1.9275765419, 0.541909813881, 0.557913541794, 0.158751428127, 0.282470941544, 0.741553962231, 0.00574306771159, 0.0218994505703, 0.00574373686686, 0.000371948088286, 1.46171314555e-05, 5.2285631682e-06, 2.42915029958e-06, 1.12010685172e-08, 1.62082014477e-10, 3.69536692912e-11, 3.52775317639e-12, 3.21350862587e-11, 1.75054193363e-10], "max": [0.012654479593, 0.0639690160751, 0.883133351803, 25.9534702301, 84.3654708862, 13.6607475281, 624.092956543, 1310.40356445, 2629.17358398, 2974.56347656, 2214.60302734, 1516.74511719, 3307.23876953, 2712.82446289, 974.848449707, 234.420898438, 170.766418457, 577.255310059, 101.606582642, 91.1249237061, 105.270797729, 18.6394805908, 23.8508110046, 20.274892807, 11.2366943359, 8.28152084351, 31.6596107483, 2.82507395744, 3.30068540573, 1.46448612213, 0.396796643734, 0.0577318929136, 0.0328222997487, 0.0275146141648, 0.00205946573988, 0.000177507739863, 9.71559638856e-05, 2.52824847848e-05, 9.37311197049e-05, 0.00021415919764], "mean": [0.00142352213152, 0.00513136247173, 0.0256139859557, 0.749656677246, 2.39915037155, 0.483222126961, 8.57415008545, 28.5308055878, 25.2061824799, 25.9459648132, 18.876701355, 25.4072532654, 49.9430122375, 16.0313205719, 7.30100393295, 3.96478843689, 4.07367706299, 7.60695362091, 1.63241279125, 1.29680764675, 0.917028844357, 0.317012757063, 0.216909587383, 0.160084024072, 0.0474510937929, 0.035396695137, 0.0535561405122, 0.00865043327212, 0.00769911659881, 0.00365355075337, 0.00097605236806, 0.000243090747972, 0.000100211720564, 4.55676563433e-05, 1.46775028043e-05, 8.25320148579e-06, 4.56377119917e-06, 1.20969036743e-06, 4.75585784443e-06, 1.08475333036e-05], "median": [0.000824225193355, 0.0029011243023, 0.00364098511636, 0.00743108335882, 0.0161917749792, 0.0295173209161, 0.574005186558, 2.38107085228, 0.759308159351, 0.335561126471, 0.394012480974, 1.29070317745, 0.764645040035, 0.231250211596, 0.295241296291, 0.166786238551, 0.073895893991, 0.0726630911231, 0.0159764532, 0.0116027984768, 0.00447741756216, 0.00140284094959, 0.000321812258335, 9.22808103496e-05, 4.02809600928e-05, 2.62544890575e-05, 2.0833193048e-05, 1.57461217896e-05, 1.28298270283e-05, 1.13379983304e-05, 9.37320510275e-06, 7.81211474532e-06, 6.29321448287e-06, 5.01195108882e-06, 3.63190633834e-06, 2.33963942264e-06, 1.19131857446e-06, 3.82035977964e-07, 6.64408958073e-07, 1.41132443332e-06], "min": [8.46265177334e-23, 7.52967254406e-22, 2.36122300535e-21, 2.76905313765e-21, 1.08569079063e-20, 2.2891113544e-20, 3.89495536697e-20, 5.25442379564e-20, 1.42859688182e-19, 2.14743247301e-19, 3.08970001666e-19, 3.24998849082e-19, 3.25858987672e-19, 6.39511374442e-19, 1.15445151998e-18, 1.16237911558e-18, 1.48971650765e-18, 1.58739071816e-18, 2.93172971616e-18, 3.8932909891e-18, 4.64635621877e-18, 3.53423339189e-18, 4.4613518981e-18, 5.8143224224e-18, 6.89557445523e-18, 8.71464801981e-18, 9.23952472416e-18, 1.09139533509e-17, 9.80104883836e-18, 1.13706174332e-17, 1.12055601594e-17, 1.18602612066e-17, 1.05127955693e-17, 7.23157439287e-18, 5.23512187209e-18, 4.3137750186e-18, 2.49121633531e-18, 1.04551927793e-18, 2.5082659753e-19, 2.72026583932e-20], "var": [3.01818204207e-06, 4.53753091278e-05, 0.00584872160107, 7.92093515396, 91.7506256104, 2.13361430168, 1477.7578125, 8418.93945312, 23587.1367188, 25394.2851562, 16436.7421875, 12386.1914062, 58396.4570312, 13747.4853516, 2248.18286133, 359.253509521, 235.234207153, 1309.33044434, 43.8443756104, 24.8937625885, 29.3809547424, 1.5048763752, 1.74255549908, 1.32461845875, 0.179229035974, 0.0945471301675, 0.972134172916, 0.00954528432339, 0.0100977541879, 0.00269597419538, 0.000164996061358, 6.57584496366e-06, 1.35418281388e-06, 4.9788599199e-07, 3.91007803913e-09, 2.65469785043e-10, 8.16162415429e-11, 5.47450192817e-12, 1.15872804407e-10, 6.16445616775e-10]}, "gfcc": {"mean": [-403.124206543, 208.597991943, -80.5761566162, -60.1601715088, -39.9840393066, -11.9206523895, -24.8183269501, -6.56469583511, -1.66453015804, -1.3860219717, 0.533321321011, 2.56568098068, 6.69320631027], "cov": [[43697.2734375, 9886.88476562, -8327.65527344, -5346.14306641, -330.169952393, -1429.75158691, -545.356628418, -664.995361328, 663.085693359, -447.879394531, 188.470352173, -309.251434326, 702.997619629], [9886.88476562, 3735.02026367, -581.581237793, -1645.76818848, -297.393615723, -175.717193604, -373.592926025, -327.888519287, 51.5474853516, -126.65158844, 101.942756653, 12.010602951, 200.102630615], [-8327.65527344, -581.581237793, 3525.8581543, 1147.69238281, -409.132171631, 355.75567627, -125.587432861, -207.343429565, -473.112976074, -94.6747055054, -131.020050049, 42.1849021912, -189.01612854], [-5346.14306641, -1645.76818848, 1147.69238281, 1418.92175293, -83.770690918, 172.393463135, 199.099639893, 103.074058533, -254.952804565, -38.1258850098, -202.447402954, -79.4832763672, -226.898773193], [-330.169952393, -297.393615723, -409.132171631, -83.770690918, 329.273803711, 6.70310926437, 11.9137325287, 39.4225578308, 76.8266906738, 7.55145072937, 12.9902467728, -33.5371322632, -11.2240943909], [-1429.75158691, -175.717193604, 355.75567627, 172.393463135, 6.70310926437, 234.629196167, 85.0413131714, 35.7744407654, -29.3600997925, 6.66855573654, -37.1206970215, -14.5050563812, -32.3326835632], [-545.356628418, -373.592926025, -125.587432861, 199.099639893, 11.9137325287, 85.0413131714, 291.25378418, 128.366958618, 2.86333966255, 14.5945425034, -61.5748596191, -121.123893738, -63.389629364], [-664.995361328, -327.888519287, -207.343429565, 103.074058533, 39.4225578308, 35.7744407654, 128.366958618, 245.111724854, 114.338005066, 118.274429321, 33.7119979858, -2.51600766182, -20.0232887268], [663.085693359, 51.5474853516, -473.112976074, -254.952804565, 76.8266906738, -29.3600997925, 2.86333966255, 114.338005066, 218.78477478, 130.46333313, 89.9629669189, 60.364780426, 86.5106506348], [-447.879394531, -126.65158844, -94.6747055054, -38.1258850098, 7.55145072937, 6.66855573654, 14.5945425034, 118.274429321, 130.46333313, 180.997741699, 94.7344589233, 50.7220001221, 23.5166358948], [188.470352173, 101.942756653, -131.020050049, -202.447402954, 12.9902467728, -37.1206970215, -61.5748596191, 33.7119979858, 89.9629669189, 94.7344589233, 145.893753052, 122.417404175, 72.6835250854], [-309.251434326, 12.010602951, 42.1849021912, -79.4832763672, -33.5371322632, -14.5050563812, -121.123893738, -2.51600766182, 60.364780426, 50.7220001221, 122.417404175, 231.610641479, 125.420509338], [702.997619629, 200.102630615, -189.01612854, -226.898773193, -11.2240943909, -32.3326835632, -63.389629364, -20.0232887268, 86.5106506348, 23.5166358948, 72.6835250854, 125.420509338, 170.034545898]], "icov": [[0.000762590731028, -0.0019613460172, 0.00187447585631, -0.00118484685663, 0.00105857115705, 0.000858419924043, -0.000102976620838, 0.00111001171172, -0.000319005252095, 0.000859690422658, -0.000819757056888, 0.0011007237481, -0.000434725312516], [-0.0019613460172, 0.00603598728776, -0.004833528772, 0.00441209319979, -0.00155445747077, -0.00258633843623, 0.00105560664088, -0.00305780745111, 0.00123106548563, -0.00187022332102, 0.00251214788295, -0.00230362243019, 0.00121690344531], [0.00187447585631, -0.004833528772, 0.00538642564788, -0.00347890146077, 0.0032377874013, 0.000957226438913, 0.000627056404483, 0.00306185521185, 0.000131161054014, 0.00177092815284, -0.00283822161146, 0.00318054831587, -0.00117062265053], [-0.00118484685663, 0.00441209319979, -0.00347890146077, 0.00628502201289, -0.00103986891918, -0.00075714912964, -0.000453369575553, -0.00326330168173, 0.00386634329334, -0.0037358563859, 0.00749704660848, -0.00498828664422, 0.00248438725248], [0.00105857115705, -0.00155445747077, 0.0032377874013, -0.00103986891918, 0.00747473025694, -0.00101511785761, 0.00228397850879, 0.0015800842084, -0.00307864043862, 0.00466628139839, -0.00437455996871, 0.00468952720985, 0.000334150885465], [0.000858419924043, -0.00258633843623, 0.000957226438913, -0.00075714912964, -0.00101511785761, 0.00842858850956, -0.00381086440757, 0.00098849227652, 2.82412638626e-05, -0.00124022364616, 0.00376235344447, -0.0026216711849, 0.000262432789896], [-0.000102976620838, 0.00105560664088, 0.000627056404483, -0.000453369575553, 0.00228397850879, -0.00381086440757, 0.00952419452369, -0.00406673084944, 0.000763240503147, 0.00227826973423, -0.00352182169445, 0.00721915299073, -0.00274952175096], [0.00111001171172, -0.00305780745111, 0.00306185521185, -0.00326330168173, 0.0015800842084, 0.00098849227652, -0.00406673084944, 0.0127234514803, -0.00624759029597, -0.00121811358258, -0.00221491255797, -0.000152108972543, 0.00273889768869], [-0.000319005252095, 0.00123106548563, 0.000131161054014, 0.00386634329334, -0.00307864043862, 2.82412638626e-05, 0.000763240503147, -0.00624759029597, 0.0226007718593, -0.0133926011622, 0.00720129348338, -0.00270349555649, -0.00620448729023], [0.000859690422658, -0.00187022332102, 0.00177092815284, -0.0037358563859, 0.00466628139839, -0.00124022364616, 0.00227826973423, -0.00121811358258, -0.0133926011622, 0.0231247562915, -0.0171936117113, 0.00822153873742, 0.00130903348327], [-0.000819757056888, 0.00251214788295, -0.00283822161146, 0.00749704660848, -0.00437455996871, 0.00376235344447, -0.00352182169445, -0.00221491255797, 0.00720129348338, -0.0171936117113, 0.0353668406606, -0.0193858016282, 0.00403028866276], [0.0011007237481, -0.00230362243019, 0.00318054831587, -0.00498828664422, 0.00468952720985, -0.0026216711849, 0.00721915299073, -0.000152108972543, -0.00270349555649, 0.00822153873742, -0.0193858016282, 0.0229433998466, -0.0108746672049], [-0.000434725312516, 0.00121690344531, -0.00117062265053, 0.00248438725248, 0.000334150885465, 0.000262432789896, -0.00274952175096, 0.00273889768869, -0.00620448729023, 0.00130903348327, 0.00403028866276, -0.0108746672049, 0.0169040374458]]}, "melbands": {"dmean": [6.73844670018e-06, 4.65994708065e-06, 8.42811714392e-05, 3.77667311113e-05, 6.29650094197e-05, 0.000193570725969, 0.000124528000015, 0.000122718076454, 5.28667478648e-05, 6.99535739841e-05, 6.79392105667e-05, 2.06738604902e-05, 6.98371059116e-06, 4.61122908746e-06, 2.48187438956e-06, 2.93712810162e-06, 4.60662386104e-06, 7.52596179154e-07, 5.23072628766e-07, 4.37323620872e-07, 4.2126745825e-07, 1.65099820038e-07, 8.2074365082e-08, 1.06934791688e-07, 5.65909274997e-08, 1.42628238109e-08, 2.30536478796e-08, 1.69846483544e-08, 2.52221674657e-08, 1.58473074663e-08, 2.08873496277e-09, 4.49800063862e-09, 2.0892911845e-09, 2.14389750397e-09, 6.35232144663e-10, 1.57397761491e-10, 1.25477128687e-10, 9.76704619959e-11, 5.79383520327e-11, 3.03502084575e-11], "dmean2": [1.1233447367e-05, 7.97407847131e-06, 0.000156288660946, 6.83552134433e-05, 7.69710459281e-05, 0.000296256184811, 0.000186346966075, 0.000188172823982, 7.04671838321e-05, 0.000106059698737, 9.8724347481e-05, 2.37626991293e-05, 7.57773113946e-06, 5.46043065697e-06, 3.30403076987e-06, 3.94282460547e-06, 5.89304772802e-06, 9.73716737462e-07, 6.69884627769e-07, 5.30038505531e-07, 5.36174525223e-07, 2.5943401738e-07, 1.08586050374e-07, 1.40409511573e-07, 8.06229394357e-08, 1.75472933961e-08, 3.55091884785e-08, 2.86371548697e-08, 2.74326588112e-08, 1.75899081967e-08, 3.36083072483e-09, 6.90855195273e-09, 3.04753355884e-09, 3.16413761858e-09, 9.70064140127e-10, 2.66479449618e-10, 2.22904070202e-10, 1.76498926585e-10, 1.07390596416e-10, 5.35181170214e-11], "dvar": [7.83888856604e-11, 1.59476140627e-10, 1.18125946358e-07, 2.57135983617e-08, 1.7500786953e-07, 7.61539070027e-07, 8.36963579331e-07, 9.00008956251e-07, 1.45156150211e-07, 1.67943468909e-07, 1.93098543377e-07, 5.52045840152e-08, 3.60637497643e-09, 9.30630239537e-10, 2.39243430622e-10, 2.75839712183e-10, 9.11516973012e-10, 2.69478762221e-11, 5.52336865481e-12, 6.1917871004e-12, 8.08435783595e-12, 1.63957963959e-12, 3.33266671638e-13, 1.24236146544e-12, 1.85602713212e-13, 3.0259052642e-14, 5.72168722991e-14, 5.24591255038e-14, 1.67274776929e-13, 5.55500334317e-14, 3.47990516187e-16, 3.29756279113e-15, 7.79214777876e-16, 1.21250384119e-15, 7.71008630039e-17, 3.06778252216e-18, 1.6915406155e-18, 1.3934134524e-18, 1.34436350323e-18, 3.06804675467e-19], "dvar2": [2.03146541256e-10, 4.80597062147e-10, 3.99775444748e-07, 7.41142400784e-08, 2.23572072855e-07, 1.48409526446e-06, 1.30471210014e-06, 2.26425026995e-06, 2.79223968391e-07, 3.73663596065e-07, 3.80202209271e-07, 5.93813176408e-08, 3.68701735809e-09, 1.30044386371e-09, 4.48423631561e-10, 5.64659263791e-10, 1.53174140038e-09, 4.15330929371e-11, 9.34280430798e-12, 1.04482473021e-11, 1.13165232393e-11, 4.68279278201e-12, 6.90776917004e-13, 1.93967628417e-12, 3.77516865425e-13, 5.29332403376e-14, 1.18909873267e-13, 1.55172193996e-13, 2.38012598996e-13, 7.8228507114e-14, 9.72401340865e-16, 8.02996466656e-15, 1.70421684323e-15, 2.90223790333e-15, 1.82075237726e-16, 7.8710735147e-18, 4.70519481651e-18, 4.17582362631e-18, 3.92466222742e-18, 8.78757908685e-19], "max": [8.32749210531e-05, 0.000240561144892, 0.00560958590358, 0.00366277177818, 0.018579268828, 0.0293327532709, 0.0384256392717, 0.0309252254665, 0.0156471133232, 0.00818109046668, 0.0162827279419, 0.0120539804921, 0.00268777064048, 0.00107193877921, 0.000391949666664, 0.00040391102084, 0.00129125453532, 0.000208094352274, 7.21631367924e-05, 9.01287712622e-05, 0.000140955176903, 2.82766377495e-05, 2.13545536099e-05, 4.93971201649e-05, 1.31091119329e-05, 7.40756740925e-06, 6.99674501448e-06, 6.25215398031e-06, 1.78520622285e-05, 1.02956255432e-05, 3.70387510884e-07, 1.93277378457e-06, 7.46485625314e-07, 1.15012903734e-06, 2.70004960612e-07, 5.00848109652e-08, 2.93637825166e-08, 2.41049509242e-08, 3.43695347738e-08, 1.68869238593e-08], "mean": [1.02097592389e-05, 6.55804069538e-06, 0.000209128382266, 9.51160400291e-05, 0.00024917308474, 0.000640476238914, 0.000375340285245, 0.000267817405984, 0.000150516760186, 0.00017412599118, 0.000246128562139, 6.12458898104e-05, 2.26539523283e-05, 1.4468633708e-05, 7.99571080279e-06, 7.98427936388e-06, 1.54003846546e-05, 2.59613057096e-06, 1.64661958024e-06, 1.42148053328e-06, 1.05472395262e-06, 3.11594476443e-07, 2.17939984282e-07, 2.67302851853e-07, 1.19336547755e-07, 2.32340315875e-08, 3.222915268e-08, 1.90260980304e-08, 2.93291968489e-08, 1.87710273991e-08, 2.39634867505e-09, 4.80431294747e-09, 2.3050648057e-09, 2.08258521539e-09, 6.26672047588e-10, 1.89117138616e-10, 1.17048704062e-10, 8.23519585857e-11, 4.30676154461e-11, 2.58442815759e-11], "median": [6.20852233624e-06, 2.54486326412e-06, 1.58990360433e-06, 6.72370902066e-07, 1.47906284838e-05, 5.05356692884e-05, 9.87522344076e-06, 2.18941181629e-06, 2.88139244731e-06, 9.35760272114e-06, 3.29820818479e-06, 5.48218054064e-07, 7.20229252238e-07, 3.57691874342e-07, 8.94756411185e-08, 1.79775014431e-07, 1.14598556422e-07, 1.33386972578e-08, 1.75560437299e-08, 4.9876986985e-09, 3.19775761426e-09, 1.17633347507e-09, 5.99062577322e-10, 8.17069675807e-11, 5.41998251835e-11, 2.87544935779e-11, 2.0470769177e-11, 1.53578278567e-11, 1.28443011435e-11, 1.04511121979e-11, 8.2546643132e-12, 6.98609919914e-12, 6.27223143215e-12, 5.69754399909e-12, 4.9448535544e-12, 4.49645659248e-12, 4.14862415254e-12, 3.85595895491e-12, 3.69267724037e-12, 3.51061822841e-12], "min": [1.68182068436e-24, 1.43079419887e-24, 6.54429096906e-25, 1.46724085459e-24, 1.11815294352e-24, 1.46736687512e-24, 2.12922334397e-24, 2.14721075311e-24, 2.10162425634e-24, 2.49156668204e-24, 1.25813838191e-24, 2.25176440534e-24, 3.56527776596e-24, 2.35976853516e-24, 1.96422066108e-24, 2.81604134401e-24, 3.01346936554e-24, 2.93225948801e-24, 3.05764340687e-24, 3.45307610726e-24, 5.06656526557e-24, 3.34823925397e-24, 3.48025630975e-24, 4.42545761347e-24, 4.24062829224e-24, 3.81012125828e-24, 4.21605409175e-24, 5.07245923983e-24, 5.8413173935e-24, 5.23354029794e-24, 4.75991886007e-24, 5.15468970616e-24, 5.44613476202e-24, 5.78696842701e-24, 5.43134204233e-24, 5.76393447744e-24, 6.134003722e-24, 7.00717137546e-24, 5.86021021775e-24, 5.10664058285e-24], "var": [1.4582964003e-10, 1.83656992392e-10, 5.76882655423e-07, 1.51548348981e-07, 1.3105745893e-06, 4.33375953435e-06, 5.12167434863e-06, 3.10236441692e-06, 8.90543446985e-07, 5.08348534822e-07, 1.43547447351e-06, 2.63637446096e-07, 2.0707400239e-08, 4.60412152847e-09, 1.17938725452e-09, 8.41338942958e-10, 5.90210991191e-09, 1.49618609169e-10, 2.59457073881e-11, 4.14626701029e-11, 5.05006175766e-11, 2.23575563445e-12, 1.19055633407e-12, 6.6860462479e-12, 6.47848474086e-13, 6.8298834741e-14, 7.80441791921e-14, 4.33664334911e-14, 3.08070924456e-13, 1.03436986895e-13, 3.82234814165e-16, 3.56416471721e-15, 9.21691807654e-16, 1.16855913661e-15, 7.55943354979e-17, 4.55330212217e-18, 1.64356083125e-18, 1.11973433608e-18, 7.61519739312e-19, 1.8734074401e-19]}, "mfcc": {"mean": [-948.172363281, 174.849502563, 31.965221405, -18.272485733, -13.1499023438, -8.073554039, -10.2569704056, -7.07440090179, -1.92671072483, -0.482053935528, 0.125327825546, -0.52525472641, 0.293294101954], "cov": [[9311.38476562, 5815.74121094, -2196.65820312, -1869.63793945, -499.100738525, -406.973754883, -613.528930664, -225.24647522, 75.6521377563, 36.2568626404, 112.294441223, -99.2389831543, -258.166015625], [5815.74121094, 4772.35107422, -219.670349121, -1259.14831543, -473.815673828, -274.49319458, -398.124755859, -272.234466553, -119.714897156, -117.944702148, -43.8867378235, -29.4219264984, -42.6036224365], [-2196.65820312, -219.670349121, 2130.51855469, 729.029602051, -119.41317749, 96.6211547852, 223.543060303, -29.6160583496, -198.815261841, -195.88319397, -225.562576294, -52.5007133484, 96.14037323], [-1869.63793945, -1259.14831543, 729.029602051, 865.818054199, 185.448455811, 78.2759399414, 192.213180542, 99.7630691528, -24.671585083, -69.1144638062, -102.982917786, -77.2981185913, -42.2183532715], [-499.100738525, -473.815673828, -119.41317749, 185.448455811, 263.977996826, 60.03698349, -20.9558372498, 19.351688385, -0.0441407598555, -47.6901779175, -31.2591056824, 4.83106517792, 1.35195910931], [-406.973754883, -274.49319458, 96.6211547852, 78.2759399414, 60.03698349, 130.145233154, 77.7634963989, 12.4254770279, -2.12094545364, -16.9206981659, -37.793296814, -33.9159851074, -23.9022140503], [-613.528930664, -398.124755859, 223.543060303, 192.213180542, -20.9558372498, 77.7634963989, 189.848587036, 76.0285797119, -0.179338678718, 26.3908576965, -8.41639518738, -45.0501441956, -44.8337669373], [-225.24647522, -272.234466553, -29.6160583496, 99.7630691528, 19.351688385, 12.4254770279, 76.0285797119, 110.045120239, 54.3582000732, 19.0527381897, 7.33779001236, -29.3766403198, -41.979549408], [75.6521377563, -119.714897156, -198.815261841, -24.671585083, -0.0441407598555, -2.12094545364, -0.179338678718, 54.3582000732, 132.063598633, 125.142791748, 56.773563385, -5.33070421219, -25.5839214325], [36.2568626404, -117.944702148, -195.88319397, -69.1144638062, -47.6901779175, -16.9206981659, 26.3908576965, 19.0527381897, 125.142791748, 242.516586304, 148.099182129, 19.4817867279, -13.7131614685], [112.294441223, -43.8867378235, -225.562576294, -102.982917786, -31.2591056824, -37.793296814, -8.41639518738, 7.33779001236, 56.773563385, 148.099182129, 167.659317017, 75.7771682739, 4.65885210037], [-99.2389831543, -29.4219264984, -52.5007133484, -77.2981185913, 4.83106517792, -33.9159851074, -45.0501441956, -29.3766403198, -5.33070421219, 19.4817867279, 75.7771682739, 131.116775513, 103.29019165], [-258.166015625, -42.6036224365, 96.14037323, -42.2183532715, 1.35195910931, -23.9022140503, -44.8337669373, -41.979549408, -25.5839214325, -13.7131614685, 4.65885210037, 103.29019165, 169.236724854]], "icov": [[0.043992895633, -0.0625076517463, 0.063729852438, -0.0644920691848, 0.066054277122, -0.0653797239065, 0.0653377771378, -0.0630831047893, 0.0558197274804, -0.0452915355563, 0.0344472788274, -0.0213327892125, 0.00782190356404], [-0.0625076517463, 0.0894288420677, -0.0909883007407, 0.0928916186094, -0.0941784977913, 0.0943769067526, -0.0933019369841, 0.0909112170339, -0.0803776904941, 0.065454736352, -0.0494373962283, 0.0312068220228, -0.0105965323746], [0.063729852438, -0.0909883007407, 0.0940597951412, -0.0959946140647, 0.0983507931232, -0.0976714417338, 0.0965394973755, -0.0935651883483, 0.0847923904657, -0.0686449334025, 0.0530490316451, -0.0333822257817, 0.0108873518184], [-0.0644920691848, 0.0928916186094, -0.0959946140647, 0.101530089974, -0.102959915996, 0.103886179626, -0.103327222168, 0.0985389575362, -0.0896127596498, 0.0728640556335, -0.0547971539199, 0.0365826711059, -0.0110328253359], [0.066054277122, -0.0941784977913, 0.0983507931232, -0.102959915996, 0.112140648067, -0.110677793622, 0.11191482842, -0.1065126881, 0.0966984927654, -0.0780860707164, 0.0610110498965, -0.0414886437356, 0.0141325499862], [-0.0653797239065, 0.0943769067526, -0.0976714417338, 0.103886179626, -0.110677793622, 0.125202506781, -0.121584877372, 0.117261946201, -0.107068799436, 0.0867744535208, -0.0631633549929, 0.0451674722135, -0.0141138639301], [0.0653377771378, -0.0933019369841, 0.0965394973755, -0.103327222168, 0.11191482842, -0.121584877372, 0.136243090034, -0.130687326193, 0.120975024998, -0.100127346814, 0.0741711854935, -0.0509121343493, 0.0203804019839], [-0.0630831047893, 0.0909112170339, -0.0935651883483, 0.0985389575362, -0.1065126881, 0.117261946201, -0.130687326193, 0.144952654839, -0.130732282996, 0.108363196254, -0.0827494487166, 0.0580732487142, -0.0210124757141], [0.0558197274804, -0.0803776904941, 0.0847923904657, -0.0896127596498, 0.0966984927654, -0.107068799436, 0.120975024998, -0.130732282996, 0.139585971832, -0.11485927552, 0.0871961861849, -0.0606025904417, 0.0245003663003], [-0.0452915355563, 0.065454736352, -0.0686449334025, 0.0728640556335, -0.0780860707164, 0.0867744535208, -0.100127346814, 0.108363196254, -0.11485927552, 0.108832649887, -0.0902292579412, 0.0638305991888, -0.027225619182], [0.0344472788274, -0.0494373962283, 0.0530490316451, -0.0547971539199, 0.0610110498965, -0.0631633549929, 0.0741711854935, -0.0827494487166, 0.0871961861849, -0.0902292579412, 0.0927632525563, -0.0692984163761, 0.0316233634949], [-0.0213327892125, 0.0312068220228, -0.0333822257817, 0.0365826711059, -0.0414886437356, 0.0451674722135, -0.0509121343493, 0.0580732487142, -0.0606025904417, 0.0638305991888, -0.0692984163761, 0.0702339783311, -0.0339158140123], [0.00782190356404, -0.0105965323746, 0.0108873518184, -0.0110328253359, 0.0141325499862, -0.0141138639301, 0.0203804019839, -0.0210124757141, 0.0245003663003, -0.027225619182, 0.0316233634949, -0.0339158140123, 0.025643857196]]}, "spectral_contrast_coeffs": {"dmean": [0.0418264232576, 0.0286101996899, 0.0184106882662, 0.0170485731214, 0.0127314031124, 0.0186893958598], "dmean2": [0.0738893449306, 0.0472442805767, 0.0295275356621, 0.0281818863004, 0.0206781663001, 0.0334002971649], "dvar": [0.00135504535865, 0.00085642474005, 0.000461674964754, 0.000348677567672, 0.000261809705989, 0.000509191246238], "dvar2": [0.00406621163711, 0.00224883644842, 0.000993294175714, 0.000826206000056, 0.000533749873284, 0.00152597285341], "max": [-0.325153559446, -0.255329817533, -0.346024632454, -0.491621077061, -0.56220728159, -0.641243636608], "mean": [-0.747940957546, -0.639013588428, -0.704114794731, -0.743951380253, -0.821566462517, -0.889889717102], "median": [-0.785580158234, -0.645657122135, -0.714966118336, -0.720275223255, -0.839132070541, -0.892488837242], "min": [-0.980043709278, -0.975460231304, -0.977628648281, -0.970963716507, -0.966576039791, -0.968731045723], "var": [0.0187813360244, 0.0197638645768, 0.0158305708319, 0.0130523219705, 0.00883744284511, 0.00195612502284]}, "spectral_contrast_valleys": {"dmean": [0.392129272223, 0.3248282969, 0.255899757147, 0.261515676975, 0.205015569925, 0.42283308506], "dmean2": [0.638102412224, 0.52677154541, 0.404569983482, 0.423106998205, 0.334632277489, 0.73851108551], "dvar": [0.404675871134, 0.455180436373, 0.4079