{"lowlevel": {"average_loudness": 0.816344439983, "barkbands_crest": {"dmean": 2.03302502632, "dmean2": 3.17959856987, "dvar": 3.47531366348, "dvar2": 8.19855976105, "max": 22.7502593994, "mean": 8.70181179047, "median": 8.03652954102, "min": 2.82322597504, "var": 11.2337112427}, "barkbands_flatness_db": {"dmean": 0.0144261028618, "dmean2": 0.0219812504947, "dvar": 0.000164501238032, "dvar2": 0.000363536033547, "max": 0.263533234596, "mean": 0.12539459765, "median": 0.118348933756, "min": 0.0488071888685, "var": 0.00134288810659}, "barkbands_kurtosis": {"dmean": 0.732905030251, "dmean2": 1.11635327339, "dvar": 0.797272086143, "dvar2": 1.78963315487, "max": 12.2920188904, "mean": -0.0342691093683, "median": -0.617254018784, "min": -1.83743441105, "var": 3.35286831856}, "barkbands_skewness": {"dmean": 0.357525348663, "dmean2": 0.523167669773, "dvar": 0.0895133242011, "dvar2": 0.206285700202, "max": 2.59496593475, "mean": 0.185567885637, "median": 0.315895706415, "min": -3.29762458801, "var": 0.687574446201}, "barkbands_spread": {"dmean": 6.11731147766, "dmean2": 9.13786506653, "dvar": 32.1756134033, "dvar2": 69.2722015381, "max": 80.6150741577, "mean": 35.9286880493, "median": 33.781375885, "min": 6.69674825668, "var": 219.932495117}, "dissonance": {"dmean": 0.019705247134, "dmean2": 0.0328066945076, "dvar": 0.000365389161743, "dvar2": 0.00100394582842, "max": 0.499329209328, "mean": 0.455923825502, "median": 0.462130337954, "min": 0.299010723829, "var": 0.000896978948731}, "dynamic_complexity": 5.17135763168, "erbbands_crest": {"dmean": 2.99535799026, "dmean2": 4.74931669235, "dvar": 7.49738740921, "dvar2": 17.7307529449, "max": 29.6297473907, "mean": 11.8242301941, "median": 10.6094312668, "min": 3.2361330986, "var": 26.7025623322}, "erbbands_flatness_db": {"dmean": 0.0146455634385, "dmean2": 0.0223541054875, "dvar": 0.000188604273717, "dvar2": 0.000395946670324, "max": 0.301704287529, "mean": 0.172052592039, "median": 0.168062135577, "min": 0.0856602266431, "var": 0.0015429938212}, "erbbands_kurtosis": {"dmean": 0.852684319019, "dmean2": 1.34356403351, "dvar": 1.18695306778, "dvar2": 2.96049976349, "max": 14.7664318085, "mean": 0.240741103888, "median": -0.118826389313, "min": -1.61464655399, "var": 2.1432454586}, "erbbands_skewness": {"dmean": 0.349354475737, "dmean2": 0.530309796333, "dvar": 0.0887852087617, "dvar2": 0.222909629345, "max": 3.06230378151, "mean": 0.212893500924, "median": 0.241266041994, "min": -2.30203819275, "var": 0.453700870275}, "erbbands_spread": {"dmean": 7.62235736847, "dmean2": 11.5637845993, "dvar": 48.8880996704, "dvar2": 110.991203308, "max": 110.856773376, "mean": 40.5823402405, "median": 37.0757026672, "min": 7.80028152466, "var": 303.793579102}, "hfc": {"dmean": 13.3808383942, "dmean2": 20.7016811371, "dvar": 429.885986328, "dvar2": 1103.58496094, "max": 197.453918457, "mean": 31.7706394196, "median": 22.5220336914, "min": 3.28162528263e-08, "var": 950.728637695}, "melbands_crest": {"dmean": 2.28385639191, "dmean2": 3.47280550003, "dvar": 4.13479995728, "dvar2": 9.51502609253, "max": 31.4248561859, "mean": 11.0787229538, "median": 10.3114976883, "min": 3.86530303955, "var": 18.425113678}, "melbands_flatness_db": {"dmean": 0.0165812559426, "dmean2": 0.0242521371692, "dvar": 0.000210420184885, "dvar2": 0.000448150443844, "max": 0.25795853138, "mean": 0.128846362233, "median": 0.125400796533, "min": 0.0159898232669, "var": 0.00106818485074}, "melbands_kurtosis": {"dmean": 1.78687310219, "dmean2": 2.71342110634, "dvar": 4.33902835846, "dvar2": 9.87839508057, "max": 32.0850028992, "mean": 2.62461566925, "median": 1.83865785599, "min": -1.67260634899, "var": 11.701918602}, "melbands_skewness": {"dmean": 0.411634236574, "dmean2": 0.614987194538, "dvar": 0.129041016102, "dvar2": 0.293727725744, "max": 5.25290584564, "mean": 1.25141978264, "median": 1.23176562786, "min": -1.21126437187, "var": 0.738301515579}, "melbands_spread": {"dmean": 13.5539598465, "dmean2": 19.3618583679, "dvar": 173.784088135, "dvar2": 338.717712402, "max": 202.957122803, "mean": 60.1788520813, "median": 52.571144104, "min": 10.6951341629, "var": 1074.99267578}, "pitch_salience": {"dmean": 0.0513766594231, "dmean2": 0.0859976410866, "dvar": 0.00220225681551, "dvar2": 0.00591774843633, "max": 0.769566178322, "mean": 0.470011651516, "median": 0.459776192904, "min": 0.20678383112, "var": 0.00809465814382}, "silence_rate_20dB": {"dmean": 0, "dmean2": 0, "dvar": 0, "dvar2": 0, "max": 1, "mean": 1, "median": 1, "min": 1, "var": 0}, "silence_rate_30dB": {"dmean": 0, "dmean2": 0, "dvar": 0, "dvar2": 0, "max": 1, "mean": 1, "median": 1, "min": 1, "var": 0}, "silence_rate_60dB": {"dmean": 0.0322580635548, "dmean2": 0.0639769434929, "dvar": 0.0312182065099, "dvar2": 0.0702559053898, "max": 1, "mean": 0.161773175001, "median": 0, "min": 0, "var": 0.135601297021}, "spectral_centroid": {"dmean": 334.225189209, "dmean2": 484.52557373, "dvar": 82730.78125, "dvar2": 180371.21875, "max": 4980.85498047, "mean": 2483.85546875, "median": 2439.27075195, "min": 651.043151855, "var": 506946.75}, "spectral_complexity": {"dmean": 2.09562206268, "dmean2": 3.33544659615, "dvar": 4.413646698, "dvar2": 11.1473207474, "max": 29, "mean": 11.7875652313, "median": 12, "min": 0, "var": 29.6709251404}, "spectral_decrease": {"dmean": 6.37135233461e-10, "dmean2": 9.62373070124e-10, "dvar": 1.1541050347e-18, "dvar2": 2.43942779793e-18, "max": -5.40037238303e-20, "mean": -2.35062103116e-09, "median": -1.73389314018e-09, "min": -1.19737748605e-08, "var": 4.8413334425e-18}, "spectral_energy": {"dmean": 0.00345950061455, "dmean2": 0.00530231604353, "dvar": 3.23111053149e-05, "dvar2": 7.32565313228e-05, "max": 0.0628450065851, "mean": 0.0117534948513, "median": 0.00889048632234, "min": 3.18035441732e-12, "var": 0.000116099399747}, "spectral_energyband_high": {"dmean": 0.00117437716108, "dmean2": 0.00176731299143, "dvar": 3.65448545381e-06, "dvar2": 9.39477013162e-06, "max": 0.0226313322783, "mean": 0.00221068970859, "median": 0.00131435028743, "min": 2.40063416194e-12, "var": 6.44643023406e-06}, "spectral_energyband_low": {"dmean": 2.79720989056e-05, "dmean2": 3.4145108657e-05, "dvar": 3.85717990881e-09, "dvar2": 5.85524606578e-09, "max": 0.0019727977924, "mean": 7.47769809095e-05, "median": 1.20178829093e-05, "min": 5.44844016095e-14, "var": 3.04655998207e-08}, "spectral_energyband_middle_high": {"dmean": 0.00243338104337, "dmean2": 0.00375713896938, "dvar": 1.66491245182e-05, "dvar2": 3.74568153347e-05, "max": 0.0439743101597, "mean": 0.00646259216592, "median": 0.0039321440272, "min": 4.20489841947e-13, "var": 5.49198412045e-05}, "spectral_energyband_middle_low": {"dmean": 0.000800386012997, "dmean2": 0.00109549716581, "dvar": 9.58568762144e-07, "dvar2": 1.58361001468e-06, "max": 0.0154432822019, "mean": 0.0031852053944, "median": 0.00251040630974, "min": 5.98589442445e-14, "var": 7.03289106241e-06}, "spectral_entropy": {"dmean": 0.164629936218, "dmean2": 0.266521513462, "dvar": 0.0265938546509, "dvar2": 0.0687052458525, "max": 8.72457408905, "mean": 7.68942260742, "median": 7.73691034317, "min": 6.49317455292, "var": 0.105774112046}, "spectral_flux": {"dmean": 0.0134897455573, "dmean2": 0.0218822211027, "dvar": 0.000380403711461, "dvar2": 0.00096371374093, "max": 0.206117138267, "mean": 0.0475269816816, "median": 0.0435997582972, "min": 1.84523960343e-05, "var": 0.000757227884606}, "spectral_kurtosis": {"dmean": 0.464124619961, "dmean2": 0.684238910675, "dvar": 0.201839923859, "dvar2": 0.451798856258, "max": 7.36146068573, "mean": 1.66675496101, "median": 1.59802103043, "min": -0.55740237236, "var": 1.25901889801}, "spectral_rms": {"dmean": 0.000448175764177, "dmean2": 0.000664841907565, "dvar": 3.43876365605e-07, "dvar2": 7.46296677789e-07, "max": 0.0078302109614, "mean": 0.00301082036458, "median": 0.00294510531239, "min": 5.57026460513e-08, "var": 2.40177473643e-06}, "spectral_rolloff": {"dmean": 1463.17736816, "dmean2": 2354.26831055, "dvar": 3081207.5, "dvar2": 6483965, "max": 17764.8925781, "mean": 6103.06982422, "median": 5340.234375, "min": 645.99609375, "var": 9960036}, "spectral_skewness": {"dmean": 0.112051159143, "dmean2": 0.163005918264, "dvar": 0.00954169686884, "dvar2": 0.020112670958, "max": 2.17928528786, "mean": 1.22259998322, "median": 1.23513257504, "min": 0.465300917625, "var": 0.0666065588593}, "spectral_spread": {"dmean": 577128.3125, "dmean2": 867214.1875, "dvar": 231301332992, "dvar2": 533258764288, "max": 11610403, "mean": 7781356, "median": 7820667.5, "min": 4295053.5, "var": 1998775779330.0}, "spectral_strongpeak": {"dmean": 1.05499851704, "dmean2": 1.70580911636, "dvar": 2.51320028305, "dvar2": 6.00365972519, "max": 18.3651180267, "mean": 2.5758471489, "median": 1.84968018532, "min": 6.00715466135e-05, "var": 6.9508433342}, "zerocrossingrate": {"dmean": 0.02032048814, "dmean2": 0.0216954480857, "dvar": 0.000282602122752, "dvar2": 0.000379305362003, "max": 0.4990234375, "mean": 0.182804688811, "median": 0.1689453125, "min": 0.04638671875, "var": 0.00466719362885}, "barkbands": {"dmean": [1.14545002816e-06, 6.94119023592e-07, 3.00419378618e-06, 0.000116159601021, 0.000226355128689, 0.000127734369016, 8.76765843714e-05, 0.000168618571479, 0.000436927221017, 0.000189274724107, 0.000201809772989, 0.000145962301758, 0.00116028822958, 0.000215817708522, 5.72727876715e-05, 8.44275928102e-05, 0.000409554049838, 0.00019189788145, 0.000818666478153, 0.000220485118916, 0.00026662441087, 0.000311858952045, 0.000148720253492, 0.000160486306413, 0.000301090505673, 0.000129979394842, 3.61428683391e-05], "dmean2": [2.03589956982e-06, 8.58690498262e-07, 3.09568349621e-06, 0.000174903412699, 0.000281699321931, 0.00018249945424, 0.000123114528833, 0.000243266636971, 0.000566095346585, 0.000274398858892, 0.000301661435515, 0.000234958977671, 0.00168807257432, 0.000323487765854, 8.71903102961e-05, 0.000129118940094, 0.000659511482809, 0.000313167547574, 0.0013887907844, 0.00036501485738, 0.000437340931967, 0.000510223035235, 0.000262411369476, 0.000242743917624, 0.000420166674303, 0.000205959760933, 6.06452558713e-05], "dvar": [9.77120988288e-12, 1.88613187568e-12, 1.05567887765e-10, 5.46073053442e-08, 9.01544510157e-08, 4.24334132276e-08, 1.58251207694e-08, 5.69245877102e-08, 7.90987769506e-07, 1.58320915489e-07, 6.16153840838e-07, 2.73922807992e-07, 7.89865316619e-06, 5.77431251259e-07, 9.77583312078e-08, 1.03265271889e-07, 4.59863798596e-07, 1.91754054413e-07, 3.09732399728e-06, 5.13939198754e-07, 2.07948957609e-07, 7.27922554233e-07, 2.01618007623e-07, 7.74040600504e-08, 1.34334953827e-07, 7.35771692462e-08, 9.73133573723e-09], "dvar2": [2.99676151949e-11, 2.77192960425e-12, 6.1344110347e-11, 1.39152348311e-07, 1.73716045992e-07, 1.05735246336e-07, 3.17995620946e-08, 1.02484648323e-07, 1.14063050205e-06, 2.68707964324e-07, 1.13572980354e-06, 5.98647716288e-07, 1.5182653442e-05, 1.12072552838e-06, 2.07909494065e-07, 2.147107665e-07, 1.17242552733e-06, 5.02007708292e-07, 8.59309511725e-06, 1.33482228648e-06, 5.43645455764e-07, 1.69788745552e-06, 5.82322854825e-07, 1.96551440013e-07, 3.14098912213e-07, 1.82014389338e-07, 2.60057859691e-08], "max": [4.33523237007e-05, 3.20684775943e-05, 0.000624947424512, 0.00351608823985, 0.00562736019492, 0.00344924232922, 0.0027879413683, 0.00498853623867, 0.0136554259807, 0.00854414980859, 0.0150145124644, 0.0145167838782, 0.0385028198361, 0.0164557285607, 0.00645635416731, 0.00607456592843, 0.00832873024046, 0.0054099089466, 0.0189341753721, 0.0107636358589, 0.00367617770098, 0.0165939517319, 0.0049645351246, 0.00335535244085, 0.00301227974705, 0.00281599047594, 0.00121213949751], "mean": [1.10393602881e-06, 2.32775437325e-06, 1.17830923045e-05, 0.000222142101848, 0.000638874131255, 0.000247124582529, 0.000176381450729, 0.000336733501172, 0.00128999038134, 0.000372060778318, 0.000419801624957, 0.000361378712114, 0.00266389618628, 0.000444712815806, 0.000100127173937, 0.000122521931189, 0.000623563944828, 0.000286901427899, 0.000994616071694, 0.000318782433169, 0.000351527356543, 0.000505177420564, 0.000189028942259, 0.000314284814522, 0.00056710478384, 0.000151850224938, 3.96924915549e-05], "median": [1.77426983328e-07, 4.35810562749e-07, 2.1844703042e-06, 5.53595818928e-05, 0.00037519968464, 0.00014097939129, 0.00011260950123, 0.000188718389836, 0.000238420310779, 9.30579553824e-05, 5.67513925489e-05, 5.23631024407e-05, 0.000206356853596, 4.92254839628e-05, 1.35651152959e-05, 1.93494670384e-05, 0.00026876249467, 4.68228536192e-05, 0.000205230840947, 2.08776800719e-05, 0.000157882110216, 0.000181896102731, 6.95581402397e-05, 0.000228475153563, 0.000395626819227, 3.4061162296e-05, 1.02204339782e-05], "min": [1.52086951025e-14, 3.34428936367e-14, 5.61778635695e-15, 5.16119070564e-15, 5.39371395515e-15, 1.81117107938e-14, 8.68748161516e-15, 1.16155627055e-14, 8.73673149885e-15, 7.30974695107e-15, 5.87617672213e-15, 1.7766267041e-14, 2.4510575454e-14, 2.45936151761e-14, 1.30148653695e-14, 2.98839729004e-14, 1.43313082213e-13, 5.73838665387e-14, 7.08709078836e-14, 6.46302808363e-14, 2.205962599e-13, 2.11599740008e-13, 1.7591767073e-13, 2.40261396932e-13, 6.41101212916e-13, 3.80773564805e-13, 5.27071062576e-13], "var": [9.64123572644e-12, 1.75296131777e-11, 2.30728880446e-09, 1.60005953376e-07, 5.85345901527e-07, 1.19282589139e-07, 5.36087441105e-08, 2.06528355307e-07, 5.1359183999e-06, 7.65412096371e-07, 2.18734157897e-06, 1.42138310366e-06, 2.64885766228e-05, 2.30864679907e-06, 2.27673425002e-07, 1.96897744331e-07, 8.66983498327e-07, 4.01373057457e-07, 4.19160232923e-06, 7.95558491973e-07, 2.52071771456e-07, 9.96585640678e-07, 1.73078703369e-07, 1.1754107021e-07, 2.93834943932e-07, 7.8660960412e-08, 8.13677747402e-09]}, "erbbands": {"dmean": [1.33167422973e-05, 0.000220910471398, 0.00428061373532, 0.15962934494, 0.647483289242, 0.717522680759, 0.70369631052, 1.29218542576, 1.39214920998, 3.07215452194, 3.45359730721, 12.1025810242, 6.67228507996, 2.78890156746, 9.80473899841, 11.9462909698, 54.9011955261, 17.0812397003, 4.46576118469, 3.48291635513, 5.62896966934, 17.3017177582, 12.1232023239, 28.5164546967, 35.6268234253, 10.6093826294, 4.35988330841, 14.2250413895, 9.28791904449, 8.07306289673, 4.11164712906, 2.98810815811, 3.05682563782, 3.25414633751, 2.08538937569, 0.67156869173, 0.284455955029, 0.0383504442871, 0.00634987931699, 0.000450048624771], "dmean2": [2.09345362236e-05, 0.000271882076049, 0.00537905888632, 0.228931859136, 1.02501869202, 0.789483189583, 0.800607264042, 1.85015952587, 1.83091640472, 4.52681541443, 4.83827257156, 15.6884613037, 9.43988609314, 4.2184009552, 14.7849445343, 18.4477710724, 79.7819061279, 24.9627971649, 6.76602649689, 5.17633104324, 8.85115337372, 27.7203216553, 20.2352104187, 47.6694450378, 60.1078605652, 17.0700111389, 7.06845426559, 23.220872879, 14.8421850204, 13.5560808182, 7.15796899796, 4.77544116974, 4.52269458771, 4.40412330627, 3.16690158844, 1.07879769802, 0.448773503304, 0.0616002120078, 0.0105077242479, 0.000762869603932], "dvar": [5.63703306256e-10, 1.61228129514e-07, 7.67911842559e-05, 0.0989363864064, 1.86445975304, 1.06865417957, 0.917556345463, 5.10392665863, 3.34319734573, 20.3995685577, 28.0729675293, 615.055419922, 192.770523071, 66.4586257935, 1471.04187012, 888.584472656, 17485.1445312, 2022.12792969, 335.870849609, 198.025177002, 139.55809021, 784.097412109, 484.010864258, 4253.96582031, 9045.16894531, 1717.42883301, 181.845748901, 550.219604492, 763.093444824, 469.4894104, 165.394226074, 51.1964492798, 23.6369037628, 15.8759536743, 6.66278457642, 1.74738729, 0.341030031443, 0.0108557166532, 0.000267320894636, 3.3662486203e-06], "dvar2": [1.46806167223e-09, 2.32893569319e-07, 9.54067654675e-05, 0.228213101625, 5.94220733643, 1.11093330383, 1.18723237514, 12.5640583038, 5.85068559647, 41.6997299194, 48.1738700867, 890.034912109, 302.417510986, 141.858963013, 2761.19628906, 1861.85388184, 33773.7695312, 3913.85009766, 767.823425293, 320.599884033, 316.938964844, 2000.1842041, 1290.83337402, 10696.3955078, 25114.2246094, 4345.98095703, 454.485443115, 1404.91601562, 1767.59570312, 1207.00646973, 459.318817139, 139.238357544, 56.5208740234, 35.3432235718, 15.7353429794, 4.43698978424, 0.858709990978, 0.0294012259692, 0.000736879999749, 8.99481892702e-06], "max": [0.000346850312781, 0.0107846958563, 0.409049063921, 5.34078979492, 21.7402153015, 24.0671329498, 22.530046463, 40.2006187439, 43.7164497375, 93.4364776611, 98.8819580078, 372.899047852, 334.283843994, 230.948257446, 733.259887695, 731.726623535, 1739.53637695, 912.355957031, 390.202819824, 506.724700928, 180.094894409, 334.647583008, 330.64630127, 1272.72900391, 1012.3157959, 726.70111084, 245.651443481, 240.534683228, 623.866210938, 259.733764648, 155.156295776, 112.318939209, 67.9780578613, 31.2718372345, 21.1237926483, 16.7585411072, 5.83767986298, 1.91079056263, 0.295896798372, 0.0229285117239], "mean": [3.41003615176e-05, 0.000846442766488, 0.0134644843638, 0.342498421669, 1.31757485867, 2.13331699371, 2.00522994995, 2.53774261475, 2.95614433289, 6.04929161072, 9.29918766022, 36.1355476379, 14.9701957703, 5.61286592484, 21.5227203369, 31.3052539825, 127.046020508, 39.4607200623, 8.71530723572, 6.14159250259, 9.21077632904, 27.0016117096, 19.3724384308, 40.7231674194, 45.4897994995, 16.0029029846, 6.82930755615, 20.7694473267, 14.5200538635, 12.8369197845, 5.11483335495, 4.96796274185, 6.64553403854, 6.91099071503, 3.2100212574, 0.8210927248, 0.319587618113, 0.0457410141826, 0.00729467021301, 0.0004743609461], "median": [1.63011809491e-05, 0.000247294956353, 0.0040973983705, 0.086574755609, 0.395144760609, 0.914493203163, 1.01630413532, 1.40975487232, 1.96114933491, 3.48659300804, 4.52684545517, 6.86104154587, 5.52537488937, 1.56520617008, 3.87826085091, 9.08640003204, 12.0356807709, 8.50348854065, 1.84223759174, 1.32844173908, 3.30819511414, 13.3422060013, 8.6458864212, 8.07806396484, 5.42722082138, 1.37825751305, 2.43378090858, 10.0635023117, 5.23755979538, 5.10492420197, 1.23057889938, 3.17610764503, 4.88695478439, 4.55928850174, 2.10534715652, 0.274074375629, 0.0686625018716, 0.0129825975746, 0.00197290675715, 0.000138226358104], "min": [1.90023821331e-12, 3.98327811707e-12, 6.94500967152e-12, 1.00393634378e-11, 2.39692137666e-11, 1.82157986611e-11, 8.78000033788e-11, 1.44302930716e-10, 1.00320148022e-10, 1.67758598679e-10, 2.70046041084e-10, 2.19607970697e-10, 2.07801886809e-10, 2.05442066137e-10, 5.2368276382e-10, 6.36458719061e-10, 1.09348585742e-09, 1.15733667094e-09, 9.57591783646e-10, 6.83065493057e-10, 2.64612509682e-09, 6.45373710029e-09, 5.26029930725e-09, 1.8869452667e-09, 4.48376047402e-09, 3.73519659647e-09, 4.91674301273e-09, 1.02446779948e-08, 6.67958222067e-09, 7.56108597955e-09, 4.69078331733e-09, 3.6993061947e-09, 5.2555724217e-09, 9.83351178263e-09, 3.21006532467e-09, 1.24038002092e-09, 8.16667011794e-10, 3.25917764998e-10, 6.9834332761e-11, 7.71050237547e-12], "var": [2.17746576325e-09, 1.68734254657e-06, 0.00107296498027, 0.37160462141, 5.15345191956, 8.85823440552, 6.90919780731, 14.7496194839, 13.327419281, 64.9233627319, 147.000869751, 3950.41845703, 1070.6307373, 174.515838623, 5212.53466797, 4349.28125, 57089.9726562, 8212.8046875, 702.87298584, 659.211547852, 308.837219238, 1393.44763184, 862.583862305, 9139.59570312, 13138.3935547, 2883.53173828, 342.51361084, 728.686218262, 1003.66552734, 567.073974609, 162.777389526, 55.3925132751, 44.1363945007, 41.5949630737, 11.1992120743, 1.86223936081, 0.355932503939, 0.00952079799026, 0.000218067274545, 2.41340899265e-06]}, "gfcc": {"mean": [-39.5250244141, -23.0637016296, -127.622192383, -10.5934658051, -89.6972427368, -3.77690792084, -58.9197311401, -2.19002103806, -42.7565879822, -8.45410919189, -22.4820404053, -2.28639531136, -21.0549259186], "cov": [[17230.796875, 2040.93835449, -1410.19006348, -894.369018555, -30.1831302643, -128.352645874, 450.649169922, -305.528808594, -678.413574219, 315.886810303, 466.373199463, -980.673400879, -1318.31420898], [2040.93835449, 1080.86950684, -67.1780929565, -123.54499054, 14.5361204147, 95.2625808716, -25.8408851624, -54.8115539551, -99.0549545288, 21.2946834564, 37.0268821716, -153.871322632, -168.180282593], [-1410.19006348, -67.1780929565, 485.56652832, 173.06022644, 92.1282958984, 38.7624969482, -129.579818726, 43.2107391357, 56.0300636292, -51.890827179, -119.428543091, 113.649620056, 161.269424438], [-894.369018555, -123.54499054, 173.06022644, 227.729644775, 90.5622024536, 38.2623176575, 1.40521371365, 33.003162384, 36.8571586609, -16.9162387848, -24.416601181, 33.1087112427, 24.9474582672], [-30.1831302643, 14.5361204147, 92.1282958984, 90.5622024536, 201.960708618, 63.8265190125, 0.924133718014, 41.4188461304, 9.8303527832, -8.40017986298, -18.4824123383, 8.32604980469, -12.9413852692], [-128.352645874, 95.2625808716, 38.7624969482, 38.2623176575, 63.8265190125, 137.269302368, 29.6168365479, 14.5397901535, 32.7429199219, -5.17002296448, -24.9273262024, 3.10087609291, 42.6345252991], [450.649169922, -25.8408851624, -129.579818726, 1.40521371365, 0.924133718014, 29.6168365479, 191.243469238, 10.1469888687, -17.741733551, 43.196647644, 66.7646636963, -68.6022415161, -129.934356689], [-305.528808594, -54.8115539551, 43.2107391357, 33.003162384, 41.4188461304, 14.5397901535, 10.1469888687, 97.0203781128, 34.3910446167, -9.72121429443, -15.1179380417, 28.403131485, 20.603307724], [-678.413574219, -99.0549545288, 56.0300636292, 36.8571586609, 9.8303527832, 32.7429199219, -17.741733551, 34.3910446167, 104.615348816, 5.65193414688, -27.081697464, 48.8501586914, 95.668838501], [315.886810303, 21.2946834564, -51.890827179, -16.9162387848, -8.40017986298, -5.17002296448, 43.196647644, -9.72121429443, 5.65193414688, 85.6327133179, 54.7717895508, -38.6842041016, -60.0310211182], [466.373199463, 37.0268821716, -119.428543091, -24.416601181, -18.4824123383, -24.9273262024, 66.7646636963, -15.1179380417, -27.081697464, 54.7717895508, 119.236122131, -37.2447433472, -110.312850952], [-980.673400879, -153.871322632, 113.649620056, 33.1087112427, 8.32604980469, 3.10087609291, -68.6022415161, 28.403131485, 48.8501586914, -38.6842041016, -37.2447433472, 177.150939941, 157.108734131], [-1318.31420898, -168.180282593, 161.269424438, 24.9474582672, -12.9413852692, 42.6345252991, -129.934356689, 20.603307724, 95.668838501, -60.0310211182, -110.312850952, 157.108734131, 347.591186523]], "icov": [[0.000151434796862, -0.000143408615259, 0.000172762462171, 0.000341721897712, -0.000264674279606, 9.57014344749e-05, -4.48800674349e-05, 4.56297348137e-05, 0.000408829801017, -0.000221803653403, 8.79507570062e-05, 0.000288550625555, 0.000105864666693], [-0.000143408615259, 0.00179662148003, -0.000504084688146, 0.000667057407554, 0.000553257996216, -0.00259157014079, 0.00171713251621, -0.000156372465426, 0.00062105525285, 0.000285945221549, -0.000831925484817, 0.000670620938763, 0.000812318641692], [0.000172762462171, -0.000504084688146, 0.00495988037437, -0.00281982216984, -0.000636968412437, 0.000191012746654, 0.00177727802657, -0.000571629556362, 0.00106828892604, -0.00197723112069, 0.00353156030178, -0.00137703865767, 7.13267145329e-05], [0.000341721897712, 0.000667057407554, -0.00281982216984, 0.00912644714117, -0.00265772943385, -0.000924895517528, -0.00106734735891, 0.000555089616682, -0.00101156020537, 0.00171429046895, -0.00192005746067, 0.00141687260475, 0.00117938406765], [-0.000264674279606, 0.000553257996216, -0.000636968412437, -0.00265772943385, 0.00847018230706, -0.0044833291322, 0.002000331413, -0.0028872101102, 0.000904972839635, -0.000254663726082, 0.000204348572879, -0.000971161294729, 0.00174504856113], [9.57014344749e-05, -0.00259157014079, 0.000191012746654, -0.000924895517528, -0.0044833291322, 0.0152367139235, -0.00661144778132, 0.00181741686538, -0.00378311402164, 0.000518361746799, 0.00231355335563, 0.000522342510521, -0.00389927229844], [-4.48800674349e-05, 0.00171713251621, 0.00177727802657, -0.00106734735891, 0.002000331413, -0.00661144778132, 0.0120587665588, -0.00275689759292, 0.00127178477123, -0.00163019355386, -0.00221119006164, 0.000995320035145, 0.0036859754473], [4.56297348137e-05, -0.000156372465426, -0.000571629556362, 0.000555089616682, -0.0028872101102, 0.00181741686538, -0.00275689759292, 0.0141125051305, -0.00512011442333, 0.00215781433508, 0.000853626173921, -0.00157233327627, 0.000888771377504], [0.000408829801017, 0.00062105525285, 0.00106828892604, -0.00101156020537, 0.000904972839635, -0.00378311402164, 0.00127178477123, -0.00512011442333, 0.0195184554905, -0.00733747659251, 0.00172414537519, 4.28227285738e-05, -0.00340689020231], [-0.000221803653403, 0.000285945221549, -0.00197723112069, 0.00171429046895, -0.000254663726082, 0.000518361746799, -0.00163019355386, 0.00215781433508, -0.00733747659251, 0.0209335256368, -0.00943599268794, 0.00317285675555, 0.000487196084578], [8.79507570062e-05, -0.000831925484817, 0.00353156030178, -0.00192005746067, 0.000204348572879, 0.00231355335563, -0.00221119006164, 0.000853626173921, 0.00172414537519, -0.00943599268794, 0.0199209917337, -0.00477240746841, 0.00365210766904], [0.000288550625555, 0.000670620938763, -0.00137703865767, 0.00141687260475, -0.000971161294729, 0.000522342510521, 0.000995320035145, -0.00157233327627, 4.28227285738e-05, 0.00317285675555, -0.00477240746841, 0.0126919448376, -0.00439396733418], [0.000105864666693, 0.000812318641692, 7.13267145329e-05, 0.00117938406765, 0.00174504856113, -0.00389927229844, 0.0036859754473, 0.000888771377504, -0.00340689020231, 0.000487196084578, 0.00365210766904, -0.00439396733418, 0.0095891058445]]}, "melbands": {"dmean": [1.78478657631e-07, 8.24060009563e-07, 4.86425306008e-05, 4.24861755164e-05, 3.22570485878e-05, 2.8643398764e-05, 2.03911295102e-05, 3.58228935511e-05, 3.88443258998e-05, 7.03656332917e-05, 3.18506026815e-05, 1.0257206668e-05, 2.77711551462e-05, 2.26533502428e-05, 7.99306362751e-05, 0.000102225509181, 2.79691612377e-05, 6.9868196988e-06, 2.65817175205e-06, 8.31912984722e-06, 7.50508434066e-06, 1.62436408573e-05, 2.32805359701e-05, 7.59169097364e-06, 2.37553049374e-05, 3.75952149625e-05, 1.29665586428e-05, 6.47654587738e-06, 2.02980572794e-06, 5.13509121447e-06, 1.05381468529e-05, 4.89317972097e-06, 7.4485337791e-06, 3.97464646085e-06, 3.03738875118e-06, 1.04691901015e-06, 2.48525361712e-06, 2.70872010333e-06, 2.200233439e-06, 2.85507280751e-06], "dmean2": [2.5877494636e-07, 8.80281220361e-07, 7.51002298784e-05, 5.7808454585e-05, 3.52999741153e-05, 4.07146944781e-05, 2.69645170192e-05, 5.24028400832e-05, 5.33352613274e-05, 9.10960879992e-05, 4.53480752185e-05, 1.58891034516e-05, 4.16657858295e-05, 3.60125523002e-05, 0.000119729724247, 0.000146282487549, 4.20440628659e-05, 1.07876785478e-05, 3.96378300138e-06, 1.24898742797e-05, 1.20765234897e-05, 2.55663671851e-05, 3.89206579712e-05, 1.23668705783e-05, 3.93591253669e-05, 6.50230504107e-05, 2.09462014027e-05, 1.06201532617e-05, 3.51882954419e-06, 8.0023855844e-06, 1.75880159077e-05, 8.00587622507e-06, 1.25752549138e-05, 6.83582175043e-06, 5.3959156503e-06, 1.71069098087e-06, 3.93532491216e-06, 4.05590253649e-06, 3.16439445669e-06, 3.76309344574e-06], "dvar": [1.00453994352e-13, 5.50456642073e-12, 9.36002919616e-09, 3.78185838201e-09, 2.1062129818e-09, 2.16635620554e-09, 7.31518401409e-10, 2.78723688574e-09, 4.76047024023e-09, 2.09410657703e-08, 4.6627444128e-09, 1.29374977398e-09, 1.14189724343e-08, 4.79787942709e-09, 4.58307418683e-08, 7.76519613055e-08, 8.90430662537e-09, 7.88830278875e-10, 1.94485358374e-10, 1.0786557203e-09, 2.59837512617e-10, 5.85736570358e-10, 1.82435844209e-09, 3.48438305986e-10, 3.40190120518e-09, 1.08026476653e-08, 1.69761149582e-09, 1.18077325695e-09, 1.13179680905e-10, 6.39864203289e-11, 3.20463822145e-10, 2.56430210399e-10, 4.24495716356e-10, 1.24451421391e-10, 1.00510474943e-10, 1.29302688348e-11, 2.69763447691e-11, 1.8050635639e-11, 8.76506332792e-12, 1.2785645806e-11], "dvar2": [2.13628187406e-13, 3.52586406252e-12, 2.70821232107e-08, 1.0095890346e-08, 2.24245821911e-09, 5.26599119866e-09, 1.29689881057e-09, 5.44357225962e-09, 7.40535766042e-09, 3.00462303926e-08, 7.32156912875e-09, 2.79992495855e-09, 2.12395399046e-08, 1.01023109877e-08, 8.88040574409e-08, 1.47811462625e-07, 1.71833907103e-08, 1.81459391957e-09, 3.6364047884e-10, 2.20386531247e-09, 6.46415809769e-10, 1.46179690574e-09, 4.76250550108e-09, 8.86187234705e-10, 8.45022984919e-09, 3.20766737616e-08, 3.87576148952e-09, 3.06343395096e-09, 2.79933520808e-10, 1.51397144821e-10, 8.29085189391e-10, 5.44417122494e-10, 1.10165210288e-09, 3.43244044299e-10, 2.86814960671e-10, 3.39963578122e-11, 7.11958547672e-11, 4.32707411568e-11, 1.92898006596e-11, 2.9302504867e-11], "max": [5.99728446105e-06, 0.000140759104397, 0.00117092090659, 0.00109554000665, 0.00112012459431, 0.000776120519731, 0.000657545286231, 0.00116785510909, 0.00114762492012, 0.00250197877176, 0.0016568901483, 0.00103990384378, 0.00203398265876, 0.00156847026665, 0.003480295185, 0.00531525211409, 0.00208903709427, 0.000572611112148, 0.000428770144936, 0.000586202892009, 0.000264008704107, 0.000247397809289, 0.000531859695911, 0.000331332354108, 0.00119546381757, 0.00126528763212, 0.000652929127682, 0.000679448770825, 0.000204478739761, 5.69787880522e-05, 0.000237538595684, 0.000466154626338, 0.000243107948336, 0.000120280456031, 0.000116557683214, 7.92854407337e-05, 8.38167761685e-05, 6.0113681684e-05, 4.52337662864e-05, 3.54139738192e-05], "mean": [4.88107673391e-07, 3.3487174278e-06, 9.74492286332e-05, 0.000112212823296, 9.36389624258e-05, 5.53958852834e-05, 4.25691941928e-05, 7.05059283064e-05, 0.000110491673695, 0.00020753032004, 6.59162251395e-05, 1.8089725927e-05, 5.7544268202e-05, 5.84439585509e-05, 0.000181418683496, 0.00024170341203, 5.77918253839e-05, 1.29902437038e-05, 4.76173454445e-06, 1.2514808077e-05, 1.12912457553e-05, 2.50147804763e-05, 3.33619427693e-05, 1.19518690553e-05, 3.37853962264e-05, 4.06142244174e-05, 1.99850073841e-05, 8.52370430948e-06, 3.16802083944e-06, 6.64092658553e-06, 1.4986367205e-05, 7.58033502279e-06, 9.69130542217e-06, 5.96302515987e-06, 3.4060692542e-06, 1.29255511183e-06, 3.91503863284e-06, 5.7453894442e-06, 4.49560047855e-06, 5.91883281231e-06], "median": [1.38821150131e-07, 8.31017587188e-07, 2.79794876406e-05, 6.87696156092e-05, 4.10845459555e-05, 3.14947501465e-05, 2.7153901101e-05, 4.00903481932e-05, 3.53727082256e-05, 4.10530083172e-05, 1.88776757568e-05, 2.90686580229e-06, 8.14000759419e-06, 9.07829326025e-06, 2.53341604548e-05, 1.71726842382e-05, 7.45239503885e-06, 1.79450682936e-06, 9.47552109665e-07, 1.29833938445e-06, 3.68963355868e-06, 1.18008383652e-05, 1.23519903354e-05, 1.64832454175e-06, 5.28769078301e-06, 4.34977982877e-06, 7.9247075746e-07, 4.09978525795e-07, 6.2970889303e-07, 2.81366624222e-06, 7.0185583354e-06, 1.86806562397e-06, 3.77719993594e-06, 2.24716313824e-06, 5.68893540276e-07, 2.06269604064e-07, 2.51105279858e-06, 4.35499578089e-06, 2.70572741101e-06, 3.91043431591e-06], "min": [1.3599084322e-14, 3.97149057957e-15, 2.49131617435e-15, 1.3261939798e-15, 2.59243115595e-15, 3.25410851863e-15, 1.60022131434e-15, 1.98294563414e-15, 2.06939424025e-15, 1.35558327021e-15, 1.02044960244e-15, 8.21810847184e-16, 1.26910618262e-15, 1.82995517848e-15, 1.83188281371e-15, 2.74050691469e-15, 2.13439300752e-15, 1.7578684395e-15, 8.46235571614e-16, 1.16671504001e-15, 3.4477061573e-15, 5.98698430174e-15, 8.47590633747e-15, 2.75770655396e-15, 1.22820274984e-15, 2.71075805879e-15, 2.8316948819e-15, 2.43168547838e-15, 2.13736101097e-15, 6.38544765837e-15, 5.22332099583e-15, 2.89050205009e-15, 5.8773714621e-15, 3.63474246699e-15, 2.54119688583e-15, 2.59914050392e-15, 2.09792908618e-15, 3.76180503238e-15, 4.97426069857e-15, 9.19149586493e-15], "var": [6.76981528561e-13, 1.19070073246e-10, 2.50888270159e-08, 1.71212946043e-08, 1.74888103999e-08, 6.2914011778e-09, 2.92111712596e-09, 9.49254186366e-09, 3.17606811961e-08, 1.28602437144e-07, 2.60044092926e-08, 3.18711701475e-09, 4.0018473868e-08, 2.47340246062e-08, 1.33865754037e-07, 3.05969933834e-07, 3.55484637282e-08, 1.69654823523e-09, 5.651635826e-10, 2.2217609974e-09, 4.89913776214e-10, 1.1007322831e-09, 3.08063308196e-09, 8.28340951387e-10, 7.5398798316e-09, 1.26129915401e-08, 3.60717011816e-09, 1.68959046754e-09, 2.13138451333e-10, 8.64663687872e-11, 4.29899282839e-10, 3.81848247466e-10, 4.00639799114e-10, 1.34399491536e-10, 8.91870119424e-11, 1.39762550491e-11, 3.07900788199e-11, 3.29676563826e-11, 2.06966613986e-11, 3.112300348e-11]}, "mfcc": {"mean": [-691.902099609, 38.1012039185, -3.03502845764, -18.3514919281, -17.1238689423, -22.5194282532, -14.300488472, -13.7851734161, -12.7472686768, -34.2906417847, 9.08441352844, -2.99284911156, -17.4525794983], "cov": [[12898.0791016, 1126.92016602, -839.141784668, -381.584350586, -811.29473877, -269.928924561, 277.338684082, -131.600830078, -1028.54528809, 388.976043701, 587.295532227, -321.916046143, -291.341827393], [1126.92016602, 727.534423828, 13.0123214722, -137.676254272, 21.6431274414, -0.363500624895, 8.0571641922, -55.373298645, -52.1188697815, -40.4063301086, 8.45245075226, -64.8191299438, -30.1940841675], [-839.141784668, 13.0123214722, 257.372955322, 45.008846283, 124.086090088, 25.4901676178, -50.4247093201, -15.7216758728, 148.783233643, -122.662590027, -81.0754318237, 45.7549476624, 13.7017803192], [-381.584350586, -137.676254272, 45.008846283, 178.662796021, 39.6805801392, 29.3780078888, 48.8133354187, 44.5879096985, -38.1193618774, 68.1083374023, 39.0633773804, -3.62659621239, 17.0049171448], [-811.29473877, 21.6431274414, 124.086090088, 39.6805801392, 299.626342773, 46.6980209351, -28.5606136322, 32.1581878662, 194.557067871, -106.301025391, -109.151893616, 29.4866657257, -37.786693573], [-269.928924561, -0.363500624895, 25.4901676178, 29.3780078888, 46.6980209351, 128.565032959, 47.3479003906, 27.9200115204, 38.3246994019, 33.3374214172, -12.2645797729, 18.9410228729, 34.0107841492], [277.338684082, 8.0571641922, -50.4247093201, 48.8133354187, -28.5606136322, 47.3479003906, 133.690292358, 58.6031494141, -72.6141891479, 117.334571838, 53.8783340454, -19.5116977692, 16.4937934875], [-131.600830078, -55.373298645, -15.7216758728, 44.5879096985, 32.1581878662, 27.9200115204, 58.6031494141, 116.074172974, 24.1053276062, 18.2810077667, 21.1079730988, 18.6676502228, 12.7931556702], [-1028.54528809, -52.1188697815, 148.783233643, -38.1193618774, 194.557067871, 38.3246994019, -72.6141891479, 24.1053276062, 352.781585693, -165.231430054, -170.432266235, 86.4691314697, 40.4888916016], [388.976043701, -40.4063301086, -122.662590027, 68.1083374023, -106.301025391, 33.3374214172, 117.334571838, 18.2810077667, -165.231430054, 354.221740723, 89.7038650513, -115.948562622, 3.51408004761], [587.295532227, 8.45245075226, -81.0754318237, 39.0633773804, -109.151893616, -12.2645797729, 53.8783340454, 21.1079730988, -170.432266235, 89.7038650513, 276.437774658, -2.13088464737, -61.1715049744], [-321.916046143, -64.8191299438, 45.7549476624, -3.62659621239, 29.4866657257, 18.9410228729, -19.5116977692, 18.6676502228, 86.4691314697, -115.948562622, -2.13088464737, 166.269393921, 66.850692749], [-291.341827393, -30.1940841675, 13.7017803192, 17.0049171448, -37.786693573, 34.0107841492, 16.4937934875, 12.7931556702, 40.4888916016, 3.51408004761, -61.1715049744, 66.850692749, 195.652984619]], "icov": [[0.000149989151396, -0.000208808167372, 0.000293164135655, 4.27135710197e-05, 0.000214887419133, 0.000159155839356, -0.000298963772366, 9.96755625238e-05, 0.000108033324068, 8.34020465845e-05, -8.75769273989e-06, -4.73867439723e-05, 0.000188996680663], [-0.000208808167372, 0.00254268245772, -0.00141436757986, 0.00281029683538, -0.00173976179212, -0.000339125166647, -0.000858265499119, 0.000445072189905, 0.00107960554305, 0.000464135344373, -0.000772355764639, 0.00150259665679, -0.00128417508677], [0.000293164135655, -0.00141436757986, 0.00833493564278, -0.00482013216242, 0.000686100509483, -0.00059359165607, -1.5201019778e-05, 0.0027548877988, -0.00282664084807, 0.00193243217655, 0.00040681133396, -0.000280121486867, 0.00088348943973], [4.27135710197e-05, 0.00281029683538, -0.00482013216242, 0.0135435527191, -0.00468298327178, 0.000217692257138, -0.00158514303621, -0.00267007271759, 0.00473889382556, -0.00154785893392, -0.00207024929114, 0.0013737718109, -0.00304585066624], [0.000214887419133, -0.00173976179212, 0.000686100509483, -0.00468298327178, 0.00904969871044, -0.00154675368685, 4.28913845099e-05, -0.00089179672068, -0.00396466162056, 0.000820728484541, 0.00226186378859, -0.000950161716901, 0.00431935815141], [0.000159155839356, -0.000339125166647, -0.00059359165607, 0.000217692257138, -0.00154675368685, 0.0113788964227, -0.00458447122946, 0.000632224080618, -0.000969428103417, -0.00128948234487, -0.000238245236687, -0.00121925526764, -0.00115841568913], [-0.000298963772366, -0.000858265499119, -1.5201019778e-05, -0.00158514303621, 4.28913845099e-05, -0.00458447122946, 0.0184950344265, -0.00798728503287, 0.00219919695519, -0.0041639120318, 0.00027318141656, -0.00117987429257, -0.000562243396416], [9.96755625238e-05, 0.000445072189905, 0.0027548877988, -0.00267007271759, -0.00089179672068, 0.000632224080618, -0.00798728503287, 0.0151608306915, -0.00325177609921, 0.00186077761464, -0.00162462727167, 5.80463129154e-05, -0.000232137797866], [0.000108033324068, 0.00107960554305, -0.00282664084807, 0.00473889382556, -0.00396466162056, -0.000969428103417, 0.00219919695519, -0.00325177609921, 0.00938772782683, -0.000153976026922, 0.0019983923994, -0.00151127751451, -0.00125517242122], [8.34020465845e-05, 0.000464135344373, 0.00193243217655, -0.00154785893392, 0.000820728484541, -0.00128948234487, -0.0041639120318, 0.00186077761464, -0.000153976026922, 0.00713150529191, -0.00111101556104, 0.00460636802018, -0.0012104556663], [-8.75769273989e-06, -0.000772355764639, 0.00040681133396, -0.00207024929114, 0.00226186378859, -0.000238245236687, 0.00027318141656, -0.00162462727167, 0.0019983923994, -0.00111101556104, 0.00743823917583, -0.00389931653626, 0.00384496920742], [-4.73867439723e-05, 0.00150259665679, -0.000280121486867, 0.0013737718109, -0.000950161716901, -0.00121925526764, -0.00117987429257, 5.80463129154e-05, -0.00151127751451, 0.00460636802018, -0.00389931653626, 0.0128087503836, -0.00517996028066], [0.000188996680663, -0.00128417508677, 0.00088348943973, -0.00304585066624, 0.00431935815141, -0.00115841568913, -0.000562243396416, -0.000232137797866, -0.00125517242122, -0.0012104556663, 0.00384496920742, -0.00517996028066, 0.00974886212498]]}, "spectral_contrast_coeffs": {"dmean": [0.0371310077608, 0.0341669283807, 0.0345121845603, 0.0321283638477, 0.032753136009, 0.0214675385505], "dmean2": [0.0567808300257, 0.0541851148009, 0.0546589381993, 0.0511962547898, 0.0534307993948, 0.0318625159562], "dvar": [0.000951223133598, 0.000714542868081, 0.000856887490954, 0.000739308423363, 0.000795267347712, 0.000298142665997], "dvar2": [0.00230603176169, 0.00174674636219, 0.00204277015291, 0.001832778682, 0.00201525655575, 0.000559887150303], "max": [-0.260647416115, -0.462774842978, -0.475680619478, -0.494257003069, -0.546314239502, -0.640181541443], "mean": [-0.484083384275, -0.713741660118, -0.674684882164, -0.684509158134, -0.712215065956, -0.718000292778], "median": [-0.482294350863, -0.719826579094, -0.672427713871, -0.679486274719, -0.711540520191, -0.713580787182], "min": [-0.901625156403, -0.963249444962, -0.951810181141, -0.941180944443, -0.937768697739, -0.911072790623], "var": [0.00801677256823, 0.00496991304681, 0.00623257085681, 0.0063883094117, 0.00343992956914, 0.00122362095863]}, "spectral_contrast_valleys": {"dmean": [0.367111355066, 0.288420200348, 0.315695613623, 0.29374268651, 0.333401441574, 0.327865749598], "dmean2": [0.602003931999, 0.472072482109, 0.524843513966, 0.4904538095, 0.518999755383, 0.475501507521], "dvar": [0.124651819468, 0.0744200870395, 0.10306994617, 0.102359510958, 0.122496277094, 0.108897037804], "dvar2": [0.338224887848, 0.160686269403, 0.227184325457, 0.2297719419, 0.254141032696, 0.2075793743