{"lowlevel": {"average_loudness": 0.708309948444, "barkbands_crest": {"dmean": 1.71148741245, "dmean2": 2.55913901329, "dvar": 2.69393086433, "dvar2": 6.95293855667, "max": 25.7804489136, "mean": 13.3315544128, "median": 12.8144493103, "min": 3.67044448853, "var": 17.5464668274}, "barkbands_flatness_db": {"dmean": 0.0134180672467, "dmean2": 0.0207107067108, "dvar": 0.000141134049045, "dvar2": 0.000338490208378, "max": 0.548662602901, "mean": 0.339577615261, "median": 0.338340401649, "min": 0.0682264864445, "var": 0.0042852438055}, "barkbands_kurtosis": {"dmean": 2.37499952316, "dmean2": 3.45714187622, "dvar": 12.3343515396, "dvar2": 27.4168453217, "max": 108.636695862, "mean": 7.30847644806, "median": 4.4022269249, "min": -1.9365029335, "var": 96.0388946533}, "barkbands_skewness": {"dmean": 0.354938834906, "dmean2": 0.519683241844, "dvar": 0.121462367475, "dvar2": 0.270022511482, "max": 7.96425056458, "mean": 1.58507180214, "median": 1.5090880394, "min": -4.41836118698, "var": 1.43639874458}, "barkbands_spread": {"dmean": 0.85744446516, "dmean2": 1.28788721561, "dvar": 5.39636230469, "dvar2": 15.192861557, "max": 123.089866638, "mean": 4.69798374176, "median": 4.03341770172, "min": 0.261388629675, "var": 12.5887451172}, "dissonance": {"dmean": 0.0346278250217, "dmean2": 0.0588190294802, "dvar": 0.000951668305788, "dvar2": 0.0026786273811, "max": 0.500000059605, "mean": 0.39479392767, "median": 0.400180160999, "min": 0.187892735004, "var": 0.00231816573068}, "dynamic_complexity": 3.32675266266, "erbbands_crest": {"dmean": 1.91396951675, "dmean2": 2.77095890045, "dvar": 3.34034466743, "dvar2": 7.51963281631, "max": 30.9776363373, "mean": 14.5481090546, "median": 13.8884630203, "min": 3.15023708344, "var": 27.053319931}, "erbbands_flatness_db": {"dmean": 0.0104879876599, "dmean2": 0.0157344620675, "dvar": 9.99070762191e-05, "dvar2": 0.000209997611819, "max": 0.499576181173, "mean": 0.355592280626, "median": 0.361375361681, "min": 0.040303517133, "var": 0.00319603388198}, "erbbands_kurtosis": {"dmean": 1.41976201534, "dmean2": 2.08744955063, "dvar": 4.08758211136, "dvar2": 8.75309753418, "max": 39.3790893555, "mean": 2.97460913658, "median": 1.25764417648, "min": -1.71922802925, "var": 26.1808452606}, "erbbands_skewness": {"dmean": 0.324097812176, "dmean2": 0.462569773197, "dvar": 0.0978311002254, "dvar2": 0.207977160811, "max": 5.44594955444, "mean": 1.05747175217, "median": 1.02565550804, "min": -3.60485863686, "var": 1.27384459972}, "erbbands_spread": {"dmean": 1.88716089725, "dmean2": 2.83247995377, "dvar": 6.87238073349, "dvar2": 17.0929164886, "max": 129.938781738, "mean": 12.0039253235, "median": 11.3343400955, "min": 1.32408106327, "var": 45.4362678528}, "hfc": {"dmean": 2.08925509453, "dmean2": 2.95105981827, "dvar": 11.3434438705, "dvar2": 22.6361923218, "max": 76.7439575195, "mean": 11.2831296921, "median": 8.5561914444, "min": 1.177715801e-16, "var": 98.0306854248}, "melbands_crest": {"dmean": 2.13170552254, "dmean2": 3.1935069561, "dvar": 4.28245782852, "dvar2": 11.4502954483, "max": 31.7334537506, "mean": 16.678276062, "median": 16.1679973602, "min": 2.23682594299, "var": 27.8395690918}, "melbands_flatness_db": {"dmean": 0.0143150500953, "dmean2": 0.0218998976052, "dvar": 0.00017532959464, "dvar2": 0.000389134918805, "max": 0.684399068356, "mean": 0.421074002981, "median": 0.417511671782, "min": 0.006906372495, "var": 0.00716811791062}, "melbands_kurtosis": {"dmean": 2.50388908386, "dmean2": 3.68521022797, "dvar": 13.223405838, "dvar2": 31.3226737976, "max": 71.9487915039, "mean": 8.10260009766, "median": 5.46985721588, "min": -1.81685078144, "var": 85.1230239868}, "melbands_skewness": {"dmean": 0.338555544615, "dmean2": 0.499066650867, "dvar": 0.114718332887, "dvar2": 0.269172668457, "max": 7.52087450027, "mean": 1.69110453129, "median": 1.61936688423, "min": -2.76776194572, "var": 1.12042963505}, "melbands_spread": {"dmean": 1.37055599689, "dmean2": 2.02310752869, "dvar": 8.03312969208, "dvar2": 14.894744873, "max": 142.262802124, "mean": 7.43872737885, "median": 5.92704391479, "min": 0.487185001373, "var": 53.4189529419}, "pitch_salience": {"dmean": 0.0408144444227, "dmean2": 0.0620842687786, "dvar": 0.00152819184586, "dvar2": 0.00378719321452, "max": 0.820129513741, "mean": 0.492040783167, "median": 0.491177350283, "min": 0.149044364691, "var": 0.010376769118}, "silence_rate_20dB": {"dmean": 0, "dmean2": 0, "dvar": 0, "dvar2": 0, "max": 1, "mean": 1, "median": 1, "min": 1, "var": 0}, "silence_rate_30dB": {"dmean": 0.00340451882221, "dmean2": 0.00681009143591, "dvar": 0.00339283561334, "dvar2": 0.00923973694444, "max": 1, "mean": 0.996905446053, "median": 1, "min": 0, "var": 0.00308493687771}, "silence_rate_60dB": {"dmean": 0.0083565460518, "dmean2": 0.0167156793177, "dvar": 0.00828729849309, "dvar2": 0.0189120359719, "max": 1, "mean": 0.0710196495056, "median": 0, "min": 0, "var": 0.065978653729}, "spectral_centroid": {"dmean": 39.492401123, "dmean2": 58.137386322, "dvar": 14283.6796875, "dvar2": 15980.4404297, "max": 11272.4404297, "mean": 498.688446045, "median": 452.301177979, "min": 211.190353394, "var": 63557.9257812}, "spectral_complexity": {"dmean": 1.19189107418, "dmean2": 2.01888251305, "dvar": 1.2871619463, "dvar2": 3.19765806198, "max": 25, "mean": 9.95543861389, "median": 10, "min": 0, "var": 15.2330112457}, "spectral_decrease": {"dmean": 1.10257636354e-09, "dmean2": 1.56390744799e-09, "dvar": 2.52856064483e-18, "dvar2": 5.39712602224e-18, "max": 3.73057635698e-16, "mean": -6.03677063893e-09, "median": -5.07961539498e-09, "min": -3.83748570698e-08, "var": 2.05538004043e-17}, "spectral_energy": {"dmean": 0.0043366397731, "dmean2": 0.00614848919213, "dvar": 3.92957008444e-05, "dvar2": 8.35619648569e-05, "max": 0.151796132326, "mean": 0.0238075591624, "median": 0.0200104285032, "min": 1.05929767063e-20, "var": 0.000320622260915}, "spectral_energyband_high": {"dmean": 3.16643081533e-06, "dmean2": 5.16315049026e-06, "dvar": 9.7107412389e-11, "dvar2": 2.65068078598e-10, "max": 0.000479650509078, "mean": 9.65704475675e-06, "median": 1.4256530676e-06, "min": 7.74050575627e-21, "var": 1.10641018569e-09}, "spectral_energyband_low": {"dmean": 0.000142568809679, "dmean2": 0.000213609397179, "dvar": 5.17199438832e-08, "dvar2": 1.12779616757e-07, "max": 0.00958265736699, "mean": 0.000647245382424, "median": 0.000407204468502, "min": 7.62692495729e-23, "var": 7.1251446343e-07}, "spectral_energyband_middle_high": {"dmean": 0.000953286245931, "dmean2": 0.00135542172939, "dvar": 3.9989013203e-06, "dvar2": 7.6414880823e-06, "max": 0.0593907684088, "mean": 0.00331643014215, "median": 0.00131216098089, "min": 1.52138618611e-21, "var": 3.14157732646e-05}, "spectral_energyband_middle_low": {"dmean": 0.00397514924407, "dmean2": 0.00564239406958, "dvar": 3.33894640789e-05, "dvar2": 7.27046935936e-05, "max": 0.136516049504, "mean": 0.0200102701783, "median": 0.0164042413235, "min": 3.50731799377e-22, "var": 0.000243314440013}, "spectral_entropy": {"dmean": 0.0993141457438, "dmean2": 0.149928033352, "dvar": 0.0103641571477, "dvar2": 0.0229994207621, "max": 9.79612541199, "mean": 5.74893379211, "median": 5.72654151917, "min": 4.2735657692, "var": 0.265140593052}, "spectral_flux": {"dmean": 0.0125150829554, "dmean2": 0.0203139167279, "dvar": 0.000285682326648, "dvar2": 0.000688610249199, "max": 0.254846125841, "mean": 0.0389500781894, "median": 0.0333524681628, "min": 1.02922184664e-10, "var": 0.000701244571246}, "spectral_kurtosis": {"dmean": 22.7540016174, "dmean2": 39.694683075, "dvar": 512.283630371, "dvar2": 1483.29736328, "max": 363.823364258, "mean": 66.4445266724, "median": 52.5101203918, "min": -1.22641170025, "var": 2893.7590332}, "spectral_rms": {"dmean": 0.000408551422879, "dmean2": 0.000573617289774, "dvar": 2.31642374615e-07, "dvar2": 4.85708540054e-07, "max": 0.012169379741, "mean": 0.00446843449026, "median": 0.00441841268912, "min": 3.21474899652e-12, "var": 3.25999280903e-06}, "spectral_rolloff": {"dmean": 77.3783340454, "dmean2": 137.54914856, "dvar": 111488.4375, "dvar2": 212299.4375, "max": 19789.0136719, "mean": 700.263366699, "median": 559.86328125, "min": 215.33203125, "var": 1056552.25}, "spectral_skewness": {"dmean": 1.27847063541, "dmean2": 2.2388586998, "dvar": 1.25432741642, "dvar2": 3.64584755898, "max": 14.8966665268, "mean": 5.38638210297, "median": 4.83641290665, "min": -0.0501022450626, "var": 6.63567113876}, "spectral_spread": {"dmean": 263969.3125, "dmean2": 458044.5, "dvar": 192004292608, "dvar2": 320589037568, "max": 42037480, "mean": 1271621.25, "median": 1174241.375, "min": 237407.078125, "var": 962345500672}, "spectral_strongpeak": {"dmean": 0.366485595703, "dmean2": 0.581628620625, "dvar": 0.373344391584, "dvar2": 0.887446045876, "max": 12.6430969238, "mean": 1.53461241722, "median": 1.22371101379, "min": 0, "var": 1.81435978413}, "zerocrossingrate": {"dmean": 0.00222016079351, "dmean2": 0.00274007325061, "dvar": 5.07668228238e-05, "dvar2": 3.89795241063e-05, "max": 0.724609375, "mean": 0.0258270036429, "median": 0.02197265625, "min": 0.00927734375, "var": 0.00117091252469}, "barkbands": {"dmean": [1.3462229731e-07, 5.78214167035e-05, 5.87065042055e-05, 0.000254217913607, 0.0017956335796, 0.0017779734917, 0.00117040169425, 0.00063428102294, 0.000415040587541, 0.000333638861775, 0.000135450987727, 0.000533269776497, 0.000188795354916, 6.90575034241e-05, 2.33804403251e-05, 4.20513388235e-05, 1.49337156472e-05, 8.37765765027e-06, 6.55707935948e-06, 6.72791338729e-06, 7.22749632587e-07, 6.36673348708e-07, 1.9974017107e-07, 7.20896125017e-08, 5.44801714852e-08, 1.68199765227e-08, 2.19923945721e-09], "dmean2": [2.26314156748e-07, 8.71647862368e-05, 9.16930221138e-05, 0.000393343507312, 0.00261646509171, 0.00268736854196, 0.00150236161426, 0.000870834686793, 0.000583381799515, 0.00045874362695, 0.000180584596819, 0.000798452994786, 0.000238804219407, 0.000109405693365, 3.89511078538e-05, 7.04633202986e-05, 2.54653641605e-05, 1.32536797537e-05, 1.070876624e-05, 1.06748184407e-05, 1.16666262784e-06, 9.01982616597e-07, 3.4336883914e-07, 1.23944616348e-07, 8.83535520302e-08, 2.8866713464e-08, 3.73302588841e-09], "dvar": [3.00225230961e-13, 1.18297940332e-08, 1.48345336015e-08, 1.62432016282e-07, 8.55673442857e-06, 1.14624090202e-05, 7.08497236701e-06, 3.12556926474e-06, 1.8179498511e-06, 1.57568047143e-06, 2.04797501624e-07, 1.4986703718e-06, 2.45803448706e-07, 3.16416191026e-08, 1.78424208741e-09, 1.74042700252e-08, 2.46544984428e-09, 9.56349333059e-10, 5.20819165573e-10, 4.2642855913e-10, 8.7398716736e-12, 9.52014769101e-12, 2.71600342043e-12, 4.33544774517e-13, 3.80533468234e-13, 2.69429694755e-14, 6.80792209618e-17], "dvar2": [8.92486063352e-13, 2.99742630716e-08, 2.83294880887e-08, 3.64714054513e-07, 2.22415783355e-05, 2.77886101685e-05, 1.23928775793e-05, 6.06427511229e-06, 3.67493635167e-06, 2.92726326734e-06, 2.48401249792e-07, 3.13048553835e-06, 3.93180897618e-07, 6.70209416853e-08, 5.05466202227e-09, 5.45713589872e-08, 7.26995574851e-09, 2.2519537346e-09, 1.46227885356e-09, 1.04083741626e-09, 2.36886153054e-11, 2.03246690311e-11, 8.31126400341e-12, 1.3057023995e-12, 1.08243817555e-12, 8.30596984421e-14, 1.83444228258e-16], "max": [2.35001425608e-05, 0.00861661788076, 0.00471467617899, 0.0083690918982, 0.0617655180395, 0.0723895952106, 0.102470569313, 0.051037799567, 0.0328515842557, 0.0387434661388, 0.0234868768603, 0.041939675808, 0.0175891015679, 0.00670640729368, 0.000708205858245, 0.00358981825411, 0.00101115659345, 0.00117124454118, 0.000545391987544, 0.000823085429147, 0.000110459382995, 0.000119424068544, 0.000114055888844, 4.77577923448e-05, 3.90619461541e-05, 1.08095573523e-05, 5.85566965583e-07], "mean": [1.87127852769e-07, 0.000303547742078, 0.000187568337424, 0.000616039615124, 0.0059556607157, 0.00600764341652, 0.00471760937944, 0.00161441625096, 0.00105965055991, 0.000779511814471, 0.000285677990178, 0.00145582726691, 0.00051662750775, 0.000118485797429, 4.25687285315e-05, 7.27530423319e-05, 2.39000200963e-05, 1.78191312443e-05, 1.18483412734e-05, 1.56907335622e-05, 1.83793792985e-06, 1.45629883264e-06, 7.23973698769e-07, 2.90797032676e-07, 1.85591858326e-07, 5.73904337386e-08, 6.22662543748e-09], "median": [6.07036483302e-08, 0.000127441307995, 8.02712092991e-05, 0.000293949706247, 0.00317233102396, 0.00380296795629, 0.00186497310642, 0.000343058054568, 0.000264136178885, 0.000130190397613, 8.63547247718e-05, 0.00035796224256, 6.53276583762e-05, 2.7822858101e-05, 1.84278269444e-05, 1.97111166926e-05, 5.75885542276e-06, 4.56713678432e-06, 2.16221269511e-06, 2.90968796435e-06, 1.84230401601e-07, 6.60703420863e-08, 1.77212466923e-08, 6.00846883358e-09, 4.30718305466e-09, 1.7181980283e-09, 2.37324782049e-09], "min": [3.25005738905e-23, 2.95359809661e-23, 1.34753850919e-23, 5.50347106588e-23, 4.15494016967e-23, 2.4778761588e-23, 6.28696771694e-23, 5.91831913198e-23, 9.07667775168e-23, 4.96721383547e-23, 1.20583977929e-22, 1.00051001417e-22, 2.10525124156e-23, 1.21568640422e-22, 1.58311067706e-22, 1.56621087833e-22, 1.63751784571e-22, 1.3622538574e-22, 2.98218199819e-22, 3.99210873965e-22, 4.01728539322e-22, 6.03183899303e-22, 5.76048346341e-22, 1.00147126327e-21, 9.43337793383e-22, 1.5574826436e-21, 2.63910883914e-21], "var": [3.88444972802e-13, 4.01026341024e-07, 1.23561122223e-07, 7.08921049863e-07, 5.8036417613e-05, 5.00983624079e-05, 5.96326608502e-05, 1.25216738525e-05, 5.44310341866e-06, 5.86239548284e-06, 1.27801001781e-06, 1.08371696115e-05, 2.29575630328e-06, 9.5692733737e-08, 3.73425956823e-09, 2.9376806765e-08, 4.19708889865e-09, 3.56068530216e-09, 9.69422764285e-10, 2.32644725706e-09, 5.09727468567e-11, 5.51669439297e-11, 3.20502478723e-11, 5.91673671863e-12, 3.29066049583e-12, 2.63844528907e-13, 7.40482290539e-16]}, "erbbands": {"dmean": [0.000715280766599, 0.0159965660423, 0.0560021065176, 0.409384548664, 4.28163146973, 5.26404714584, 6.90204620361, 20.9119853973, 22.1483821869, 7.88775730133, 11.3640394211, 8.6152639389, 10.4172468185, 7.29200410843, 7.11127471924, 17.6420402527, 9.97177124023, 1.99826061726, 2.71498298645, 1.20290970802, 2.15224575996, 1.09174561501, 0.452016949654, 0.376996546984, 0.318038731813, 0.214848533273, 0.0654830932617, 0.0231992695481, 0.0289411339909, 0.0103340493515, 0.00455053849146, 0.00187851558439, 0.00125682866201, 0.000864479283337, 0.000242742782575, 0.000116167364467, 2.43312242674e-05, 4.71261137136e-06, 2.20446622734e-06, 4.86484350404e-06], "dmean2": [0.0010377864819, 0.0243124179542, 0.0886569023132, 0.622722685337, 6.38826227188, 7.86984443665, 9.76808643341, 31.1103153229, 28.9990253448, 11.2551841736, 14.7928123474, 12.1361064911, 14.6194515228, 9.56076812744, 10.563410759, 26.4073524475, 14.250459671, 2.98226189613, 4.40554761887, 2.03809571266, 3.57015824318, 1.85806763172, 0.7120398283, 0.62548750639, 0.508754432201, 0.346510857344, 0.104534216225, 0.0393218770623, 0.0404429510236, 0.0162476412952, 0.00770838744938, 0.00321979098953, 0.00216315337457, 0.00138421799056, 0.000412202061852, 0.000197900895728, 4.12675035477e-05, 7.63027310313e-06, 3.16574755743e-06, 6.891427347e-06], "dvar": [2.90648790724e-06, 0.00085480423877, 0.0097938189283, 0.389366298914, 44.1067733765, 91.7654571533, 289.454315186, 1641.46801758, 2383.00805664, 483.433288574, 910.431274414, 865.172058105, 951.478027344, 617.31451416, 212.011199951, 1820.7253418, 736.276672363, 50.9059295654, 34.4065055847, 4.33221673965, 71.4705200195, 12.4326572418, 1.91901874542, 1.29796934128, 1.12317681313, 0.299270451069, 0.0388732664287, 0.0124442093074, 0.0208316892385, 0.00544393621385, 0.00150615838356, 0.000250561162829, 0.000146485253936, 0.000107216459583, 6.5224357968e-06, 1.74322167368e-06, 5.89499897785e-08, 5.84633619294e-10, 1.09314380464e-11, 4.96645502501e-11], "dvar2": [5.69197436562e-06, 0.00223114038818, 0.0219051595777, 0.866730153561, 98.3187332153, 254.899505615, 689.750793457, 4001.41796875, 4283.96582031, 1100.77893066, 1536.09362793, 1806.08361816, 1747.56274414, 1005.79412842, 485.8409729, 3720.26489258, 1403.5579834, 86.8873138428, 83.1274795532, 12.7572803497, 224.712081909, 36.9409294128, 4.59547472, 3.55321478844, 2.83098506927, 0.764294803143, 0.0956733524799, 0.0379530079663, 0.0405657552183, 0.0152727160603, 0.00430659670383, 0.000724297773559, 0.00044080481166, 0.0003135111765, 1.83158153959e-05, 5.33282991455e-06, 1.50482719619e-07, 1.50948498145e-09, 2.50897688042e-11, 1.0517621496e-10], "max": [0.184558540583, 2.13607907295, 3.04039859772, 12.7372961044, 175.19732666, 175.92678833, 521.354064941, 890.412597656, 1890.6295166, 513.403991699, 972.231628418, 816.595153809, 810.395202637, 880.485107422, 330.236358643, 1622.97045898, 1124.12524414, 404.839385986, 107.640426636, 36.9909934998, 242.787734985, 69.5709915161, 48.2710838318, 26.4364833832, 38.7125434875, 14.8048343658, 5.08368396759, 4.75313425064, 5.07017183304, 4.10132217407, 2.77225136757, 1.29865348339, 0.708942770958, 0.606791198254, 0.188030719757, 0.0785955265164, 0.0204204339534, 0.00173839787021, 0.000134570771479, 0.000171612336999], "mean": [0.00481112021953, 0.081807166338, 0.208745807409, 1.24468743801, 12.4276485443, 17.5060577393, 22.0423660278, 74.1524581909, 91.4412612915, 24.8128013611, 30.5593585968, 23.4406509399, 26.0947418213, 18.3192520142, 15.0708580017, 52.7341537476, 31.743516922, 4.98868656158, 4.81442213058, 2.55989289284, 3.83435750008, 1.83377182484, 0.992425084114, 0.806467831135, 0.76368111372, 0.494825363159, 0.159297212958, 0.0616422668099, 0.0616955496371, 0.0330411419272, 0.0172935854644, 0.00854324176908, 0.00420209532604, 0.00262785609812, 0.000962310412433, 0.000383531558327, 9.52602422331e-05, 1.43926217788e-05, 1.25594669953e-05, 2.68664734904e-05], "median": [0.00167953933123, 0.0359044037759, 0.113432638347, 0.651889383793, 5.17995882034, 9.11861133575, 10.105342865, 47.9240760803, 41.988986969, 11.1760845184, 8.73087120056, 6.62525320053, 6.81431484222, 4.14518642426, 6.9332318306, 12.384428978, 4.82273721695, 1.75976395607, 1.98428463936, 1.27645397186, 0.877282261848, 0.494604319334, 0.302209943533, 0.172635853291, 0.136579632759, 0.115191847086, 0.0292744114995, 0.00600865622982, 0.00264873146079, 0.00104799750261, 0.00054196518613, 0.000227366515901, 9.21633618418e-05, 6.40711514279e-05, 4.32705819549e-05, 2.16043026739e-05, 9.71808003669e-06, 2.18730474444e-06, 1.01735531643e-05, 2.25734966079e-05], "min": [1.41065586344e-21, 5.05858385808e-21, 1.45975777716e-20, 1.01738491367e-19, 2.39659917754e-19, 7.02782600442e-20, 9.13994251816e-20, 2.38446004356e-19, 8.35742965869e-19, 8.63403161769e-19, 1.58100219549e-18, 1.75574668484e-18, 1.93384570175e-18, 3.03928242774e-18, 5.22758708389e-18, 2.74812808701e-18, 1.50924107203e-18, 4.37625279745e-18, 9.35214950046e-18, 6.52837616002e-18, 9.7243683684e-18, 8.68614006718e-18, 6.42382094418e-18, 1.45016656238e-17, 1.6099113514e-17, 1.87170392367e-17, 1.0537186644e-17, 2.14233607884e-17, 1.89318960921e-17, 1.81577212132e-17, 1.83031527998e-17, 1.8104465671e-17, 1.67942099264e-17, 8.08155872055e-18, 8.43336938841e-18, 5.87109679092e-18, 3.06735383581e-18, 1.29024055876e-18, 3.59902019372e-19, 4.16410184372e-20], "var": [0.000179642287549, 0.0252342093736, 0.0812132358551, 2.08245658875, 385.532684326, 505.061553955, 1470.51745605, 7548.14550781, 19342.3554688, 1512.54345703, 4168.88427734, 2634.02197266, 3635.23583984, 2950.32861328, 575.213317871, 15973.2460938, 7796.23339844, 226.348907471, 75.2886734009, 11.3979263306, 114.188972473, 20.7329292297, 6.81983661652, 3.76609945297, 5.92555761337, 1.29621946812, 0.19297541678, 0.0715202465653, 0.0852786153555, 0.0490083396435, 0.0191576238722, 0.00469839107245, 0.00126025336795, 0.000666246225592, 7.90464036982e-05, 1.35709142342e-05, 5.94305163304e-07, 6.41433794968e-09, 1.1209800449e-10, 4.08903716442e-10]}, "gfcc": {"mean": [-163.922149658, 222.703323364, -133.622528076, -28.7933387756, -40.0431213379, -38.7388076782, -27.6770744324, -25.2136096954, -20.9003200531, -9.39423751831, 2.82587695122, -8.6394405365, 0.283186733723], "cov": [[8588.42382812, -669.684020996, -1550.1114502, 1008.94720459, -628.958557129, 327.430786133, 105.897010803, 309.870635986, 100.260879517, 79.8728179932, 75.2831726074, -26.7985877991, -47.0515861511], [-669.684020996, 1015.28863525, 302.742889404, -422.677215576, 269.842193604, -154.07925415, 55.7573814392, -120.632041931, 6.46057701111, -48.5513687134, -3.82340955734, -30.3450489044, 63.9819068909], [-1550.1114502, 302.742889404, 770.242126465, -192.058288574, 96.6175460815, -25.6662769318, -68.6266479492, -83.099647522, -19.8639888763, -48.5583992004, -110.589988708, -13.5108528137, 51.3589248657], [1008.94720459, -422.677215576, -192.058288574, 431.076934814, -127.454452515, 110.089302063, 9.8409538269, 85.3123550415, 20.9315853119, 16.3737831116, 1.02486586571, 3.94447016716, -10.7064256668], [-628.958557129, 269.842193604, 96.6175460815, -127.454452515, 209.397033691, -19.2053909302, 34.9150657654, -45.4075012207, -19.5942325592, 8.26885318756, 31.2256202698, 14.2275190353, 5.436647892], [327.430786133, -154.07925415, -25.6662769318, 110.089302063, -19.2053909302, 174.242980957, 44.576133728, 25.3656272888, -16.1757106781, 4.01509141922, 1.67906439304, -3.49429678917, -18.6566085815], [105.897010803, 55.7573814392, -68.6266479492, 9.8409538269, 34.9150657654, 44.576133728, 112.240074158, 26.4815273285, -11.3615589142, 7.14034080505, 12.5145292282, -17.5194263458, -12.3760843277], [309.870635986, -120.632041931, -83.099647522, 85.3123550415, -45.4075012207, 25.3656272888, 26.4815273285, 108.497245789, 50.5320854187, 13.3698663712, -7.92177581787, 1.24161231518, 0.889234006405], [100.260879517, 6.46057701111, -19.8639888763, 20.9315853119, -19.5942325592, -16.1757106781, -11.3615589142, 50.5320854187, 109.588897705, 36.6567153931, 9.80833816528, 21.2742481232, 25.8874721527], [79.8728179932, -48.5513687134, -48.5583992004, 16.3737831116, 8.26885318756, 4.01509141922, 7.14034080505, 13.3698663712, 36.6567153931, 106.127243042, 74.3915100098, 21.8235435486, -6.67968463898], [75.2831726074, -3.82340955734, -110.589988708, 1.02486586571, 31.2256202698, 1.67906439304, 12.5145292282, -7.92177581787, 9.80833816528, 74.3915100098, 152.849197388, 44.3010826111, -9.44481468201], [-26.7985877991, -30.3450489044, -13.5108528137, 3.94447016716, 14.2275190353, -3.49429678917, -17.5194263458, 1.24161231518, 21.2742481232, 21.8235435486, 44.3010826111, 76.9452362061, 19.3141098022], [-47.0515861511, 63.9819068909, 51.3589248657, -10.7064256668, 5.436647892, -18.6566085815, -12.3760843277, 0.889234006405, 25.8874721527, -6.67968463898, -9.44481468201, 19.3141098022, 65.9800643921]], "icov": [[0.000473511783639, -0.00114430696703, 0.000974363996647, -0.000969714368694, 0.00152217852883, -0.00100909732282, 0.000909793074243, -0.000710230669938, 0.000883026688825, -0.000949647102971, 0.000600293453317, -0.000518806104083, 9.61893456406e-05], [-0.00114430696703, 0.00621525803581, -0.00286638224497, 0.00395688507706, -0.00605104351416, 0.00400578230619, -0.00497799087316, 0.00414099916816, -0.00496762199327, 0.00462789367884, -0.00270851422101, 0.00366223393939, -0.00237022945657], [0.000974363996647, -0.00286638224497, 0.00413517700508, -0.00157039414626, 0.00257750204764, -0.00310681364499, 0.0036691641435, -0.00114184478298, 0.00235801655799, -0.00294242845848, 0.00317503092811, -0.00119134108536, -0.000806307187304], [-0.000969714368694, 0.00395688507706, -0.00157039414626, 0.00665245065466, -0.00284601794556, 0.000616938748863, -0.00225304579362, 0.000699488911778, -0.00252714846283, 0.0024922422599, -0.00154137925711, 0.0019677374512, -0.00180259463377], [0.00152217852883, -0.00605104351416, 0.00257750204764, -0.00284601794556, 0.0140000879765, -0.00384179269895, 0.00103610754013, -0.00190594175365, 0.00489264540374, -0.00467126583681, 0.00153380597476, -0.00511431880295, 0.00178938033059], [-0.00100909732282, 0.00400578230619, -0.00310681364499, 0.000616938748863, -0.00384179269895, 0.0111515214667, -0.00672763492912, 0.00228012027219, -0.00191924266983, 0.0029311333783, -0.00185397581663, 0.000913345837034, 0.000608513597399], [0.000909793074243, -0.00497799087316, 0.0036691641435, -0.00225304579362, 0.00103610754013, -0.00672763492912, 0.0183778051287, -0.00841775909066, 0.00644614361227, -0.00436952570453, 0.00134573061951, 0.00146315328311, 0.000620100065134], [-0.000710230669938, 0.00414099916816, -0.00114184478298, 0.000699488911778, -0.00190594175365, 0.00228012027219, -0.00841775909066, 0.0201042816043, -0.0114493407309, 0.0032253228128, 0.000485645461595, 0.0013546309201, -7.61847113608e-05], [0.000883026688825, -0.00496762199327, 0.00235801655799, -0.00252714846283, 0.00489264540374, -0.00191924266983, 0.00644614361227, -0.0114493407309, 0.0207409765571, -0.00972008425742, 0.00355801382102, -0.00455481139943, -0.00366026978008], [-0.000949647102971, 0.00462789367884, -0.00294242845848, 0.0024922422599, -0.00467126583681, 0.0029311333783, -0.00436952570453, 0.0032253228128, -0.00972008425742, 0.0207688193768, -0.0104706780985, 0.00329020549543, 0.00133481284138], [0.000600293453317, -0.00270851422101, 0.00317503092811, -0.00154137925711, 0.00153380597476, -0.00185397581663, 0.00134573061951, 0.000485645461595, 0.00355801382102, -0.0104706780985, 0.0152895888314, -0.00758064398542, 0.00187994807493], [-0.000518806104083, 0.00366223393939, -0.00119134108536, 0.0019677374512, -0.00511431880295, 0.000913345837034, 0.00146315328311, 0.0013546309201, -0.00455481139943, 0.00329020549543, -0.00758064398542, 0.0217108149081, -0.00705907866359], [9.61893456406e-05, -0.00237022945657, -0.000806307187304, -0.00180259463377, 0.00178938033059, 0.000608513597399, 0.000620100065134, -7.61847113608e-05, -0.00366026978008, 0.00133481284138, 0.00187994807493, -0.00705907866359, 0.0219069644809]]}, "melbands": {"dmean": [1.15992088467e-05, 2.59631269728e-05, 0.000171426072484, 0.000364738574717, 0.00024658505572, 0.000432371802162, 0.000292614189675, 0.000104528866359, 8.26119940029e-05, 5.98662518314e-05, 5.64906695217e-05, 3.54179828719e-05, 1.77254805749e-05, 3.71837159037e-05, 6.8851368269e-05, 6.13785778114e-06, 3.94579274143e-06, 5.81038329983e-06, 2.11942915485e-06, 2.43488102569e-06, 2.35700440498e-06, 1.23417635223e-06, 3.99188138545e-07, 4.83089877434e-07, 3.14517734523e-07, 2.70695664994e-07, 2.85953547063e-07, 1.39500741625e-07, 6.71038549171e-08, 1.45954484054e-08, 1.29252804015e-08, 1.53625041577e-08, 1.51874264276e-08, 5.47223244496e-09, 3.10352432642e-09, 2.4176474156e-09, 1.28759891638e-09, 1.07591013876e-09, 7.64420360344e-10, 9.125145084e-10], "dmean2": [1.72186682903e-05, 4.05336249969e-05, 0.000262434099568, 0.000545686518308, 0.00035303045297, 0.000642346567474, 0.000385077437386, 0.00014858803479, 0.00010736308468, 8.51103104651e-05, 7.93212457211e-05, 4.69656552013e-05, 2.53490452451e-05, 5.63107714697e-05, 9.97621318675e-05, 9.15562395676e-06, 6.00211478741e-06, 9.4617043942e-06, 3.56048326466e-06, 4.18569106841e-06, 3.84246368412e-06, 2.11100405068e-06, 6.55313158404e-07, 7.55603366542e-07, 5.29184035258e-07, 4.39444875155e-07, 4.45710128361e-07, 2.30805241586e-07, 1.07295178964e-07, 2.43285604995e-08, 2.2373676245e-08, 2.21457217009e-08, 2.19815046165e-08, 9.43985245527e-09, 5.26157206693e-09, 4.06513089857e-09, 2.28184093842e-09, 1.84431747652e-09, 1.27825550145e-09, 1.52904011674e-09], "dvar": [5.59915613874e-10, 1.96451610535e-09, 6.9090177135e-08, 3.29591472337e-07, 3.85220630506e-07, 6.66033656671e-07, 3.97399617214e-07, 9.35599260288e-08, 4.86751758899e-08, 4.49048940254e-08, 2.94888309327e-08, 1.49317234133e-08, 1.62261104553e-09, 7.60810081601e-09, 4.16925622915e-08, 1.73318678853e-10, 2.22918808412e-10, 1.80349596368e-10, 1.80071305089e-11, 3.45495264342e-11, 1.13134702995e-10, 1.73573828921e-11, 1.19462165854e-12, 4.54980324249e-12, 9.05957980076e-13, 9.08124161807e-13, 1.35457237874e-12, 1.86077932576e-13, 4.1856888642e-14, 5.6253613726e-15, 3.91287039391e-15, 5.9181738862e-15, 5.77758166355e-15, 2.39986054473e-15, 7.18079539634e-16, 2.67281431795e-16, 1.25422868417e-16, 1.22025286917e-16, 5.66985855442e-17, 1.51358805504e-16], "dvar2": [1.28619559447e-09, 4.65131533289e-09, 1.6070632114e-07, 7.96076790266e-07, 9.76261958385e-07, 1.6048861653e-06, 7.19507738722e-07, 2.04473863619e-07, 8.19328107582e-08, 9.42136963999e-08, 5.43433777977e-08, 2.62075054991e-08, 2.71247158068e-09, 1.92085263251e-08, 8.12254796756e-08, 4.10584871657e-10, 3.71508712682e-10, 4.38978298156e-10, 5.17231986408e-11, 1.06579634007e-10, 3.52812362658e-10, 5.13609051123e-11, 3.30120761456e-12, 1.0164606136e-11, 2.57919401982e-12, 2.51489432578e-12, 3.27939173213e-12, 4.93993355336e-13, 1.02708613099e-13, 1.6390026543e-14, 1.21295626267e-14, 1.32856058986e-14, 1.24343386336e-14, 7.03777864775e-15, 2.146835498e-15, 7.03164136465e-16, 3.91985619226e-16, 3.53476695647e-16, 1.63553988832e-16, 4.45357747568e-16], "max": [0.00222830846906, 0.0014701501932, 0.00453728344291, 0.0153149869293, 0.0147320907563, 0.0174905024469, 0.0243944637477, 0.00670796912163, 0.00637831818312, 0.00584554718807, 0.00468890462071, 0.00336918910034, 0.00168085668702, 0.00229702424258, 0.00844179838896, 0.000226855598157, 0.0008658162551, 0.000232794860494, 6.6683976911e-05, 0.000137097900733, 0.000317186961183, 8.61802109284e-05, 3.10022696794e-05, 8.96465498954e-05, 1.95084339794e-05, 2.2964357413e-05, 5.11411526531e-05, 8.74437773746e-06, 4.89231069878e-06, 3.34821652359e-06, 2.51682990893e-06, 2.75658226201e-06, 2.69923725682e-06, 2.62142134488e-06, 1.62416438343e-06, 1.11871815989e-06, 6.85499173869e-07, 5.65923187423e-07, 4.88489831696e-07, 7.34839602501e-07], "mean": [6.74159091432e-05, 0.00011205093324, 0.000456921523437, 0.0012383951107, 0.000782096059993, 0.00158444943372, 0.00119520479348, 0.000276194128674, 0.000215168416617, 0.000155731875566, 0.00013713350927, 8.64460962475e-05, 3.77471515094e-05, 8.29018172226e-05, 0.000218830318772, 1.34572901516e-05, 7.9944220488e-06, 9.19130070542e-06, 3.69501753994e-06, 4.23375195169e-06, 4.05934542869e-06, 1.86149600268e-06, 7.58184000915e-07, 1.0238214827e-06, 6.1024900333e-07, 5.00134831327e-07, 6.78646017604e-07, 2.67849117108e-07, 1.37908301667e-07, 3.62735868009e-08, 3.0996154976e-08, 3.12057650831e-08, 3.07870564598e-08, 1.60637512181e-08, 9.98096538751e-09, 7.80818343316e-09, 4.40737624174e-09, 3.18646375952e-09, 2.09197592582e-09, 2.32367036723e-09], "median": [2.70689888566e-05, 5.87888571317e-05, 0.000225317577133, 0.000601345207542, 0.000351942784619, 0.00106574199162, 0.000568713701796, 6.48517379886e-05, 6.1271704908e-05, 3.30000111717e-05, 3.34430587827e-05, 1.62677315529e-05, 1.53522942128e-05, 2.92102631647e-05, 1.72415348061e-05, 4.48802438768e-06, 2.00488875635e-06, 2.91984088108e-06, 1.15705972803e-06, 1.46827869685e-06, 6.43220289476e-07, 4.23378963887e-07, 1.89057814737e-07, 2.51995913914e-07, 9.74629941197e-08, 8.39039628886e-08, 8.62069597929e-08, 5.59559403257e-08, 2.04178594032e-08, 3.68208352697e-09, 2.46616393973e-09, 1.49885970302e-09, 7.44003969544e-10, 4.25494556255e-10, 3.07049691228e-10, 1.95011354287e-10, 9.046126348e-11, 4.98729182952e-11, 3.94403086579e-11, 3.73833949907e-11], "min": [1.1462868394e-23, 6.40180819426e-24, 2.31281364082e-23, 1.16389224265e-23, 2.51980178878e-24, 5.53326878774e-24, 1.31673964395e-23, 9.36916370951e-24, 1.47071125093e-23, 1.11510932093e-23, 9.74013896083e-24, 1.13324239324e-23, 1.7488909007e-23, 1.02727013245e-23, 5.9731041019e-24, 1.92887910088e-24, 9.80577771017e-24, 1.55789505377e-23, 1.07916550487e-23, 8.04097753605e-24, 1.31333815461e-23, 1.10238270683e-23, 3.61233174123e-24, 7.07042066512e-24, 1.23541021455e-23, 1.13531843849e-23, 1.34538365674e-23, 1.20155814207e-23, 6.54363749641e-24, 6.44645496048e-24, 1.51271935631e-23, 9.6473420971e-24, 1.28159817832e-23, 8.05382334703e-24, 1.05033050886e-23, 1.08539016962e-23, 1.15765235289e-23, 1.33257634217e-23, 8.14255521051e-24, 6.50227396928e-24], "var": [2.60375312422e-08, 2.36825226096e-08, 3.41288966865e-07, 3.12287602355e-06, 1.78663492534e-06, 3.14873295792e-06, 3.19373521052e-06, 3.06826052565e-07, 2.0482619334e-07, 1.36095195558e-07, 1.11595809926e-07, 6.36749035721e-08, 7.86234100048e-09, 2.16950386545e-08, 4.22415098456e-07, 5.87725645929e-10, 9.62996127285e-10, 3.5788627617e-10, 3.5820922617e-11, 6.77617822964e-11, 1.80278000861e-10, 2.72190204403e-11, 2.98703119531e-12, 1.695013227e-11, 2.1103800131e-12, 1.77655752522e-12, 8.0581851955e-12, 4.9708436152e-13, 1.45620603249e-13, 2.70152467969e-14, 2.17973561293e-14, 2.40781837692e-14, 2.29898616284e-14, 1.6108079768e-14, 6.65899779572e-15, 3.57415674138e-15, 1.36991527944e-15, 7.90994835651e-16, 3.37632176745e-16, 6.07083971648e-16]}, "mfcc": {"mean": [-790.716674805, 237.566436768, -10.4672269821, -0.19157230854, -5.37651062012, -14.4781332016, -5.63829517365, -16.8563671112, -18.695526123, -10.4481725693, -13.4177818298, -3.55949544907, 5.45491600037], "cov": [[5185.13671875, 518.162658691, -1683.1237793, 700.035949707, -312.846801758, -157.381530762, 147.12171936, 96.4830245972, 65.5297775269, 228.946792603, 184.115951538, 62.2356796265, 25.7031230927], [518.162658691, 889.510437012, -87.9816894531, -96.1192245483, 95.3965911865, -71.0822372437, 67.5970230103, -27.4970760345, 6.09464883804, 7.1932888031, -45.0594482422, 7.91870546341, 19.0473251343], [-1683.1237793, -87.9816894531, 957.669372559, -227.168014526, 96.4692459106, 146.556564331, -117.643959045, -17.384223938, 27.156463623, -84.245765686, -94.3761291504, -85.4638595581, -84.759765625], [700.035949707, -96.1192245483, -227.168014526, 278.123504639, -39.2466621399, -14.4314222336, 26.413892746, 9.79734992981, 22.3751087189, 57.7057418823, 40.7422981262, 9.81290531158, 2.50486135483], [-312.846801758, 95.3965911865, 96.4692459106, -39.2466621399, 132.476867676, 16.6521282196, 1.12516200542, -3.27401804924, -4.26382064819, -17.3120803833, -34.3767127991, 3.24349451065, 33.1221351624], [-157.381530762, -71.0822372437, 146.556564331, -14.4314222336, 16.6521282196, 145.524398804, 22.6563282013, 10.7330198288, 11.4117193222, -23.6434764862, -2.79739642143, -7.62749481201, -17.2483215332], [147.12171936, 67.5970230103, -117.643959045, 26.413892746, 1.12516200542, 22.6563282013, 159.869247437, 33.9004669189, -21.356595993, 20.0825767517, 22.7439575195, 29.4491844177, 13.3276453018], [96.4830245972, -27.4970760345, -17.384223938, 9.79734992981, -3.27401804924, 10.7330198288, 33.9004669189, 85.2560272217, 35.3972015381, 8.38014698029, 9.91548156738, -14.2431411743, -10.7503843307], [65.5297775269, 6.09464883804, 27.156463623, 22.3751087189, -4.26382064819, 11.4117193222, -21.356595993, 35.3972015381, 108.054908752, 41.4613075256, -14.8987951279, -23.1526908875, -27.662771225], [228.946792603, 7.1932888031, -84.245765686, 57.7057418823, -17.3120803833, -23.6434764862, 20.0825767517, 8.38014698029, 41.4613075256, 94.336807251, 34.2168464661, -11.1202344894, -9.96468734741], [184.115951538, -45.0594482422, -94.3761291504, 40.7422981262, -34.3767127991, -2.79739642143, 22.7439575195, 9.91548156738, -14.8987951279, 34.2168464661, 110.907089233, 52.1976470947, -2.91361284256], [62.2356796265, 7.91870546341, -85.4638595581, 9.81290531158, 3.24349451065, -7.62749481201, 29.4491844177, -14.2431411743, -23.1526908875, -11.1202344894, 52.1976470947, 114.830497742, 60.6945228577], [25.7031230927, 19.0473251343, -84.759765625, 2.50486135483, 33.1221351624, -17.2483215332, 13.3276453018, -10.7503843307, -27.662771225, -9.96468734741, -2.91361284256, 60.6945228577, 116.046012878]], "icov": [[0.00133916863706, -0.00145787594374, 0.00198378181085, -0.00211438536644, 0.00235696369782, -0.0022943271324, 0.00246168137528, -0.00270816567354, 0.00175103242509, -0.00177299871575, 0.00128609396052, -0.00090749852825, 0.000662014586851], [-0.00145787594374, 0.00317518040538, -0.00188403564971, 0.00301428884268, -0.00386628345586, 0.00355994771235, -0.0040217731148, 0.00436813570559, -0.00318021490239, 0.00247782864608, -0.0015069936635, 0.00133759772871, -0.000422964600148], [0.00198378181085, -0.00188403564971, 0.00509123923257, -0.00181015976705, 0.00215721176937, -0.00516858929768, 0.00491661205888, -0.00390291702934, 0.0026257741265, -0.00267941551283, 0.00276741641574, -0.00149386236444, 0.00256403745152], [-0.00211438536644, 0.00301428884268, -0.00181015976705, 0.00866845715791, -0.00394523423165, 0.00299429381266, -0.00407054461539, 0.00497333519161, -0.00368801271543, 0.00102015712764, -0.00234656850807, 0.00163532677107, -0.000742120610084], [0.00235696369782, -0.00386628345586, 0.00215721176937, -0.00394523423165, 0.0151474280283, -0.00529511040077, 0.00479118945077, -0.00639503309503, 0.00450931536034, -0.00440170988441, 0.00496443314478, -0.00236307410523, -0.00242226873524], [-0.0022943271324, 0.00355994771235, -0.00516858929768, 0.00299429381266, -0.00529511040077, 0.0152609953657, -0.00967248436064, 0.0080691287294, -0.00868186261505, 0.00969504751265, -0.0068467380479, 0.00507934996858, -0.00234345765784], [0.00246168137528, -0.0040217731148, 0.00491661205888, -0.00407054461539, 0.00479118945077, -0.00967248436064, 0.0176986604929, -0.0143982218578, 0.0129440193996, -0.0123271988705, 0.00888715032488, -0.00927181262523, 0.00472169928253], [-0.00270816567354, 0.00436813570559, -0.00390291702934, 0.00497333519161, -0.00639503309503, 0.0080691287294, -0.0143982218578, 0.0283360891044, -0.0181920826435, 0.0148372547701, -0.013376371935, 0.0126753970981, -0.00579978618771], [0.00175103242509, -0.00318021490239, 0.0026257741265, -0.00368801271543, 0.00450931536034, -0.00868186261505, 0.0129440193996, -0.0181920826435, 0.0273751784116, -0.0201930850744, 0.0155682591721, -0.0125495232642, 0.00812847726047], [-0.00177299871575, 0.00247782864608, -0.00267941551283, 0.00102015712764, -0.00440170988441, 0.00969504751265, -0.0123271988705, 0.0148372547701, -0.0201930850744, 0.0313474163413, -0.0186405107379, 0.0158082675189, -0.00736334081739], [0.00128609396052, -0.0015069936635, 0.00276741641574, -0.00234656850807, 0.00496443314478, -0.0068467380479, 0.00888715032488, -0.013376371935, 0.0155682591721, -0.0186405107379, 0.0275231972337, -0.0195124279708, 0.0103469425812], [-0.00090749852825, 0.00133759772871, -0.00149386236444, 0.00163532677107, -0.00236307410523, 0.00507934996858, -0.00927181262523, 0.0126753970981, -0.0125495232642, 0.0158082675189, -0.0195124279708, 0.0274612922221, -0.0139632765204], [0.000662014586851, -0.000422964600148, 0.00256403745152, -0.000742120610084, -0.00242226873524, -0.00234345765784, 0.00472169928253, -0.00579978618771, 0.00812847726047, -0.00736334081739, 0.0103469425812, -0.0139632765204, 0.0185605846345]]}, "spectral_contrast_coeffs": {"dmean": [0.0362684167922, 0.0325158052146, 0.0298887602985, 0.0254121404141, 0.0167669113725, 0.0322832837701], "dmean2": [0.058342255652, 0.0510627664626, 0.0465553179383, 0.0419752858579, 0.0276164356619, 0.0564088635147], "dvar": [0.000974420516286, 0.000839526299387, 0.000669729663059, 0.000495460524689, 0.000184506905498, 0.000808578741271], "dvar2": [0.00271826796234, 0.00201514619403, 0.00152537738904, 0.00127741554752, 0.000483368232381, 0.00243729259819], "max": [-0.268466711044, -0.357621341944, -0.494631767273, -0.401171147823, -0.582069575787, -0.635102570057], "mean": [-0.53501445055, -0.61730080843, -0.714772641659, -0.701646983624, -0.754522740841, -0.799368262291], "median": [-0.530872106552, -0.616051673889, -0.717811703682, -0.709760010242, -0.756122529507, -0.792578577995], "min": [-0.970138967037, -0.960330367088, -0.966562092304, -0.959014058113, -0.965341746807, -0.957777380943], "var": [0.00721751293167, 0.00758320605382, 0.00494512217119, 0.00592439249158, 0.00250814575702, 0.00316353118978]}, "spectral_contrast_valleys": {"dmean": [0.26806473732, 0.257158666849, 0.2383210361, 0.217285141349, 0.147988885641, 0.526966094971], "dmean2": [0.438921868801, 0.410146951675, 0.389609664679, 0.359881341457, 0.24374845624, 0.923391640186], "dvar": [0.0723630562425, 0.0750886648893, 0.0625041872263,