{"lowlevel": {"average_loudness": 0.720396697521, "barkbands_crest": {"dmean": 2.77368450165, "dmean2": 4.39554977417, "dvar": 9.87790966034, "dvar2": 23.7467880249, "max": 26.9613552094, "mean": 14.9786500931, "median": 14.330165863, "min": 2.7898273468, "var": 31.8699588776}, "barkbands_flatness_db": {"dmean": 0.0409228801727, "dmean2": 0.0595308206975, "dvar": 0.00303150969557, "dvar2": 0.00611811783165, "max": 0.983798325062, "mean": 0.29812926054, "median": 0.273970901966, "min": 0.0271209143102, "var": 0.0222407784313}, "barkbands_kurtosis": {"dmean": 15.9333429337, "dmean2": 24.1903133392, "dvar": 1773.06030273, "dvar2": 4343.93115234, "max": 1071.61376953, "mean": 28.807220459, "median": 9.42885398865, "min": -1.93390202522, "var": 3159.73828125}, "barkbands_skewness": {"dmean": 1.08632850647, "dmean2": 1.56408572197, "dvar": 2.06213450432, "dvar2": 4.38797569275, "max": 22.8207607269, "mean": 3.19315505028, "median": 2.50470304489, "min": -17.2424297333, "var": 8.9429063797}, "barkbands_spread": {"dmean": 4.35666704178, "dmean2": 6.79303693771, "dvar": 61.9988059998, "dvar2": 138.327011108, "max": 97.2288131714, "mean": 11.0097770691, "median": 6.70360374451, "min": 0.018242565915, "var": 161.400726318}, "dissonance": {"dmean": 0.0337474308908, "dmean2": 0.0550934039056, "dvar": 0.00145703647286, "dvar2": 0.00368256354704, "max": 0.500000178814, "mean": 0.403315007687, "median": 0.425803035498, "min": 0.0301269907504, "var": 0.00670496467501}, "dynamic_complexity": 6.57941102982, "erbbands_crest": {"dmean": 2.76328325272, "dmean2": 4.29308509827, "dvar": 7.95765018463, "dvar2": 18.1016025543, "max": 33.840549469, "mean": 11.9906988144, "median": 10.7935333252, "min": 2.42962479591, "var": 33.0660171509}, "erbbands_flatness_db": {"dmean": 0.0285350661725, "dmean2": 0.0402461104095, "dvar": 0.00171749060974, "dvar2": 0.00330999703147, "max": 0.646757900715, "mean": 0.227761745453, "median": 0.208477109671, "min": 0.0404178649187, "var": 0.0117741748691}, "erbbands_kurtosis": {"dmean": 3.02877354622, "dmean2": 4.73586988449, "dvar": 100.831893921, "dvar2": 216.162536621, "max": 346.657836914, "mean": 3.91164851189, "median": 0.137571930885, "min": -1.91119539738, "var": 232.96472168}, "erbbands_skewness": {"dmean": 0.517030656338, "dmean2": 0.780305087566, "dvar": 0.441095978022, "dvar2": 0.98050993681, "max": 14.9095554352, "mean": 0.820941984653, "median": 0.57660138607, "min": -3.90101981163, "var": 1.84533917904}, "erbbands_spread": {"dmean": 9.73350429535, "dmean2": 14.2974710464, "dvar": 199.452606201, "dvar2": 402.225585938, "max": 204.598678589, "mean": 36.5699424744, "median": 31.9090251923, "min": 0.277072131634, "var": 721.072814941}, "hfc": {"dmean": 5.58594369888, "dmean2": 8.26245498657, "dvar": 141.391723633, "dvar2": 286.393890381, "max": 107.429046631, "mean": 10.282283783, "median": 4.24654340744, "min": 1.17648217692e-16, "var": 237.425537109}, "melbands_crest": {"dmean": 2.78417277336, "dmean2": 4.34565877914, "dvar": 9.57204723358, "dvar2": 23.0663814545, "max": 34.3253936768, "mean": 19.5822086334, "median": 20.2049045563, "min": 2.6052570343, "var": 38.3963241577}, "melbands_flatness_db": {"dmean": 0.044909182936, "dmean2": 0.0644779801369, "dvar": 0.00373559910804, "dvar2": 0.00732979411259, "max": 1, "mean": 0.38416877389, "median": 0.352753937244, "min": 0.00803234893829, "var": 0.0335301086307}, "melbands_kurtosis": {"dmean": 25.6126976013, "dmean2": 37.6968078613, "dvar": 2887.55664062, "dvar2": 6217.03564453, "max": 1242.97131348, "mean": 53.7757110596, "median": 18.823299408, "min": -1.77504110336, "var": 7829.14599609}, "melbands_skewness": {"dmean": 1.21321260929, "dmean2": 1.7292163372, "dvar": 2.48815560341, "dvar2": 4.96528768539, "max": 27.8923149109, "mean": 4.21076965332, "median": 3.33457374573, "min": -4.63363647461, "var": 12.3391227722}, "melbands_spread": {"dmean": 4.19649934769, "dmean2": 6.53680896759, "dvar": 65.7001419067, "dvar2": 139.690216064, "max": 189.256134033, "mean": 11.0682668686, "median": 5.19277429581, "min": 0.168859630823, "var": 223.109298706}, "pitch_salience": {"dmean": 0.0835616737604, "dmean2": 0.132693737745, "dvar": 0.00975826848298, "dvar2": 0.0227655395865, "max": 0.853438198566, "mean": 0.389184504747, "median": 0.406974434853, "min": 0.0312662608922, "var": 0.0343409255147}, "silence_rate_20dB": {"dmean": 0.0231249369681, "dmean2": 0.0462546050549, "dvar": 0.0225895736367, "dvar2": 0.0518900491297, "max": 1, "mean": 0.978719055653, "median": 1, "min": 0, "var": 0.0208285972476}, "silence_rate_30dB": {"dmean": 0.0622122175992, "dmean2": 0.124437168241, "dvar": 0.0583428703249, "dvar2": 0.118166975677, "max": 1, "mean": 0.828524649143, "median": 1, "min": 0, "var": 0.142079904675}, "silence_rate_60dB": {"dmean": 0.0656911879778, "dmean2": 0.131293490529, "dvar": 0.0613755434752, "dvar2": 0.125095635653, "max": 1, "mean": 0.245958670974, "median": 0, "min": 0, "var": 0.185486331582}, "spectral_centroid": {"dmean": 186.611907959, "dmean2": 285.53918457, "dvar": 100254.851562, "dvar2": 201444.578125, "max": 10496.8603516, "mean": 782.004577637, "median": 547.027587891, "min": 83.4916152954, "var": 474484.59375}, "spectral_complexity": {"dmean": 2.56563997269, "dmean2": 3.88641023636, "dvar": 24.1895999908, "dvar2": 41.5243530273, "max": 57, "mean": 8.0258846283, "median": 7, "min": 0, "var": 56.7824058533}, "spectral_decrease": {"dmean": 6.82304124311e-09, "dmean2": 9.6964729579e-09, "dvar": 2.61561471241e-16, "dvar2": 5.78510638662e-16, "max": -4.67879281788e-29, "mean": -1.39923770348e-08, "median": -3.87504250909e-09, "min": -2.21750866558e-07, "var": 5.69272315004e-16}, "spectral_energy": {"dmean": 0.026176718995, "dmean2": 0.0371894687414, "dvar": 0.0038112916518, "dvar2": 0.00842021871358, "max": 0.844721138477, "mean": 0.053743135184, "median": 0.0151240741834, "min": 1.08476279738e-20, "var": 0.0082872658968}, "spectral_energyband_high": {"dmean": 0.000245586823439, "dmean2": 0.000378813478164, "dvar": 6.30554723102e-07, "dvar2": 1.09788641112e-06, "max": 0.00935897603631, "mean": 0.000304675515508, "median": 2.84328143607e-05, "min": 7.9892415514e-21, "var": 1.02027649973e-06}, "spectral_energyband_low": {"dmean": 0.0225102752447, "dmean2": 0.0322455205023, "dvar": 0.00346635025926, "dvar2": 0.00783600471914, "max": 0.833542227745, "mean": 0.0450791828334, "median": 0.00670351274312, "min": 3.81622222963e-23, "var": 0.00742665957659}, "spectral_energyband_middle_high": {"dmean": 0.000687608553562, "dmean2": 0.00104831764475, "dvar": 2.87762009066e-06, "dvar2": 6.21401659373e-06, "max": 0.0211073625833, "mean": 0.00123979093041, "median": 0.000544275564607, "min": 1.58482322466e-21, "var": 4.50442530564e-06}, "spectral_energyband_middle_low": {"dmean": 0.00663109356537, "dmean2": 0.011178785935, "dvar": 0.000335118587827, "dvar2": 0.000932882132474, "max": 0.211687043309, "mean": 0.00828044675291, "median": 0.00261144991964, "min": 3.00625727571e-22, "var": 0.000271930155577}, "spectral_entropy": {"dmean": 0.315662950277, "dmean2": 0.453953802586, "dvar": 0.224450021982, "dvar2": 0.458341985941, "max": 9.81045150757, "mean": 6.40475177765, "median": 6.61328220367, "min": 2.47660136223, "var": 1.37311124802}, "spectral_flux": {"dmean": 0.0440079905093, "dmean2": 0.0682151466608, "dvar": 0.00645611574873, "dvar2": 0.0127783473581, "max": 0.747265934944, "mean": 0.0759185701609, "median": 0.0383951887488, "min": 1.04151944014e-10, "var": 0.0100096827373}, "spectral_kurtosis": {"dmean": 19.8859214783, "dmean2": 32.6941184998, "dvar": 5222.890625, "dvar2": 13858.5048828, "max": 1978.19921875, "mean": 37.1848297119, "median": 5.78465509415, "min": -1.2214666605, "var": 10072.1337891}, "spectral_rms": {"dmean": 0.00145411444828, "dmean2": 0.00193960138131, "dvar": 6.3909255914e-06, "dvar2": 1.22472101793e-05, "max": 0.028707459569, "mean": 0.00536065874621, "median": 0.0038412490394, "min": 3.25316032793e-12, "var": 2.36955602304e-05}, "spectral_rolloff": {"dmean": 324.738220215, "dmean2": 563.054504395, "dvar": 881461.5625, "dvar2": 2027911.5, "max": 18475.4882812, "mean": 787.005249023, "median": 258.3984375, "min": 64.599609375, "var": 1662933.125}, "spectral_skewness": {"dmean": 0.837515830994, "dmean2": 1.30163931847, "dvar": 2.8217113018, "dvar2": 6.61743116379, "max": 38.5439758301, "mean": 3.33257341385, "median": 1.83683860302, "min": 0.0445010587573, "var": 15.2296571732}, "spectral_spread": {"dmean": 854217.5, "dmean2": 1208649.375, "dvar": 2107153055740.0, "dvar2": 3299628285950.0, "max": 41082248, "mean": 3948609, "median": 3403114, "min": 56670.828125, "var": 6907956297730.0}, "spectral_strongpeak": {"dmean": 0.223496258259, "dmean2": 0.3334864676, "dvar": 0.102678485215, "dvar2": 0.242899641395, "max": 3.64939332008, "mean": 0.628584563732, "median": 0.431397616863, "min": 0, "var": 0.32085493207}, "zerocrossingrate": {"dmean": 0.00860610045493, "dmean2": 0.00995974801481, "dvar": 0.000223488474148, "dvar2": 0.000262965389993, "max": 0.49267578125, "mean": 0.0337136872113, "median": 0.02197265625, "min": 0.001953125, "var": 0.00134544353932}, "barkbands": {"dmean": [4.17229930463e-05, 0.015226858668, 0.00867564696819, 0.00298868934624, 0.00295088835992, 0.000640315236524, 0.000394527392928, 0.000202341165277, 0.00017576054961, 0.000210781436181, 0.000156593465363, 9.24740888877e-05, 0.0001085730255, 0.000113166759547, 7.33760534786e-05, 4.4633881771e-05, 5.27330630575e-05, 5.85611196584e-05, 5.79819861741e-05, 3.3904954762e-05, 3.53316063411e-05, 6.52882517898e-05, 5.06327560288e-05, 3.10336508846e-05, 3.32984564011e-05, 3.19743376167e-05, 7.60666944188e-06], "dmean2": [6.25063621555e-05, 0.0215446799994, 0.0141164176166, 0.00549923162907, 0.00487099308521, 0.000936947762966, 0.000587282294873, 0.000321282568621, 0.000283195025986, 0.00032888885471, 0.000249018368777, 0.000147451748489, 0.000175681605469, 0.000179492810275, 0.000118060408568, 7.42315460229e-05, 8.59456995386e-05, 0.000101369376353, 9.27740838961e-05, 5.04245726916e-05, 5.07302429469e-05, 0.000104494029074, 7.41624608054e-05, 4.6697230573e-05, 5.24509050592e-05, 4.9612721341e-05, 1.32350751301e-05], "dvar": [1.07607514011e-08, 0.00146258843597, 0.000792581296992, 0.000103544312879, 6.63235550746e-05, 2.78238553619e-06, 9.23160030197e-07, 2.4454405434e-07, 2.04190357067e-07, 3.03299145799e-07, 1.46077468344e-07, 8.74592771538e-08, 6.14396000742e-08, 6.93183892508e-08, 3.9924742623e-08, 2.07312922385e-08, 1.96556939613e-08, 3.00891542793e-08, 4.98704437746e-08, 1.46762166864e-08, 2.23276028777e-08, 7.63156577932e-08, 3.55667033602e-08, 7.721266293e-09, 7.67738050911e-09, 8.87648621273e-09, 6.53571419207e-10], "dvar2": [2.47237270656e-08, 0.00303121306933, 0.00211289874278, 0.000298757862765, 0.000179679598659, 5.94357470618e-06, 1.9528613393e-06, 6.10635652265e-07, 4.86825285861e-07, 7.0400972163e-07, 3.42702662692e-07, 2.01060416316e-07, 1.56055961043e-07, 1.70035278302e-07, 8.26563493206e-08, 5.48047935922e-08, 4.79302357803e-08, 8.12533613725e-08, 1.25405989593e-07, 2.57870063081e-08, 3.49270763422e-08, 1.57330561024e-07, 7.22090689464e-08, 1.44705554206e-08, 1.75215877363e-08, 1.87798789852e-08, 1.76638348393e-09], "max": [0.00186676415615, 0.538756728172, 0.413070261478, 0.125667452812, 0.142307773232, 0.0408625714481, 0.0347126275301, 0.0104367993772, 0.00855925120413, 0.0133495116606, 0.00727186538279, 0.00576627859846, 0.00463489536196, 0.00494318036363, 0.00290556321852, 0.0025055303704, 0.00288484548219, 0.00240973616019, 0.00456584012136, 0.00165000837296, 0.00200806511566, 0.00415946124122, 0.00266446592286, 0.00115839310456, 0.000719866307918, 0.000984466518275, 0.000200203168788], "mean": [6.74046896165e-05, 0.0309293475002, 0.0130004873499, 0.00236307061277, 0.00370720284991, 0.000984498532489, 0.000573084980715, 0.000259979220573, 0.000228247154155, 0.000305684603518, 0.00021865349845, 0.000124742437038, 0.000150034378748, 0.000158993963851, 9.40498284763e-05, 4.74855987704e-05, 6.35094766039e-05, 6.87490392011e-05, 7.00683594914e-05, 4.29415849794e-05, 4.51342129963e-05, 8.0003432231e-05, 5.74569312448e-05, 3.57101707777e-05, 3.19816826959e-05, 2.9190816349e-05, 5.3247363212e-06], "median": [5.44876638742e-06, 0.00437057530507, 0.000554260856006, 0.00018605394871, 0.00060929893516, 0.000196809094632, 0.000128718820633, 3.76646858058e-05, 3.36594894179e-05, 3.5492463212e-05, 3.98106312787e-05, 1.2323484043e-05, 2.51074052358e-05, 3.63901635865e-05, 1.91504768736e-05, 7.97434586275e-06, 1.62335163623e-05, 1.6729482013e-05, 1.7701422621e-05, 8.73778208188e-06, 5.90662966715e-06, 8.54178506415e-06, 2.13994326259e-06, 6.14395901266e-07, 2.39636392507e-07, 8.72406502594e-08, 6.05540240173e-09], "min": [3.44658472864e-23, 1.52271532838e-23, 1.43581815815e-24, 4.74380992595e-24, 6.75735853275e-23, 2.03889163113e-23, 6.91125582903e-23, 5.69796756196e-23, 3.70588204601e-23, 2.1496315779e-22, 2.72905578191e-23, 7.67888564739e-23, 7.48975845418e-23, 1.0193601926e-22, 1.37753832143e-22, 1.15166926891e-22, 2.225494501e-22, 2.13286733704e-22, 2.24223450806e-22, 4.04280258226e-22, 4.50237376054e-22, 5.9298898913e-22, 8.08805277902e-22, 9.41367584873e-22, 1.04633965208e-21, 1.85358189992e-21, 2.24951343492e-21], "var": [2.18669491403e-08, 0.00380750931799, 0.00109465711284, 6.20526843704e-05, 6.78884316585e-05, 5.46167484572e-06, 1.77614629138e-06, 3.39176267516e-07, 3.17101466862e-07, 5.93440574903e-07, 2.08450060768e-07, 1.25217283653e-07, 9.54474685955e-08, 1.13603618956e-07, 5.44489253684e-08, 1.83003905363e-08, 2.21688765123e-08, 2.79519873914e-08, 4.66757406059e-08, 2.19873488305e-08, 3.67296877357e-08, 1.07900163471e-07, 4.95267897804e-08, 1.19173471091e-08, 8.24750134854e-09, 9.5219965246e-09, 4.4622866513e-10]}, "erbbands": {"dmean": [0.193028330803, 4.17347717285, 11.1533479691, 8.49876213074, 11.9535884857, 8.77831840515, 5.22163248062, 5.4462389946, 5.66989421844, 6.31551790237, 3.44373059273, 3.90733075142, 6.93474531174, 5.43764781952, 5.34848690033, 4.17910909653, 4.72648477554, 6.01167392731, 3.96942138672, 3.54768157005, 2.83797335625, 2.53366184235, 2.67553877831, 2.97083830833, 2.69112229347, 1.71058893204, 1.74090301991, 1.50591921806, 2.05781173706, 1.90808665752, 1.34710967541, 0.733399093151, 0.504876792431, 0.339252442122, 0.255273789167, 0.130743995309, 0.0609835907817, 0.0166367329657, 0.00112416793127, 5.73026845814e-05], "dmean2": [0.275893509388, 5.91527748108, 16.9944610596, 15.1615600586, 21.1897029877, 13.7440538406, 7.36511135101, 8.29483127594, 8.48510074615, 9.48610401154, 5.5859746933, 6.22984743118, 10.9793024063, 8.44120883942, 8.41341972351, 6.64180517197, 7.48407745361, 9.655377388, 6.134724617, 5.62917709351, 4.790995121, 4.09481048584, 4.56737422943, 4.70848560333, 4.47007465363, 2.5383605957, 2.4742910862, 2.44457292557, 3.28748941422, 3.06662940979, 2.03072929382, 1.11875653267, 0.77873146534, 0.535001456738, 0.40255638957, 0.20213650167, 0.0940384566784, 0.0276126861572, 0.00192241277546, 8.81595842657e-05], "dvar": [0.187669143081, 116.26574707, 1190.68383789, 788.795532227, 1395.34326172, 595.062133789, 170.665710449, 222.348098755, 258.180358887, 227.439682007, 77.4213409424, 112.704071045, 331.603271484, 242.254013062, 155.743453979, 147.820068359, 109.425506592, 185.858444214, 158.866424561, 79.970664978, 81.4263305664, 45.1207046509, 70.9770812988, 74.0795288086, 118.903800964, 37.3719444275, 63.6715202332, 42.8768348694, 69.4320831299, 49.558177948, 26.8282794952, 5.33985614777, 1.96654105186, 0.789742708206, 0.475674331188, 0.135223835707, 0.0367805361748, 0.00263988086954, 1.38913619594e-05, 1.73899437073e-08], "dvar2": [0.398518234491, 243.838851929, 3014.99194336, 2227.55981445, 3921.48388672, 1532.5802002, 343.706726074, 509.26473999, 532.232299805, 488.094390869, 196.057601929, 262.593261719, 785.279968262, 553.215637207, 370.720794678, 338.43182373, 267.245483398, 471.672729492, 351.755462646, 182.470062256, 219.154006958, 105.652740479, 188.415588379, 171.429702759, 298.689758301, 70.6768569946, 117.465438843, 88.2861480713, 126.541687012, 102.732315063, 54.1260299683, 8.98738002777, 4.00117444992, 1.789260149, 1.10305964947, 0.293890178204, 0.0789960473776, 0.00664058700204, 3.6798104702e-05, 4.17695993349e-08], "max": [6.93623828888, 152.253952026, 516.432373047, 319.566040039, 480.42086792, 683.569885254, 439.228485107, 363.484832764, 544.79901123, 358.593841553, 184.947463989, 231.3722229, 468.248931885, 508.153778076, 223.09967041, 230.100494385, 231.879928589, 220.669509888, 230.376403809, 117.814460754, 159.391143799, 117.917282104, 131.156951904, 136.277816772, 230.361434937, 85.1981124878, 106.428092957, 82.3168563843, 115.706871033, 91.5539169312, 74.2818832397, 29.4326343536, 17.3919010162, 7.68980455399, 5.54326868057, 3.668197155, 2.10003566742, 0.391285419464, 0.0255283322185, 0.00108871341217], "mean": [0.378028064966, 8.49129390717, 19.9165248871, 8.20590877533, 11.5592975616, 12.1633787155, 8.61027622223, 7.7001285553, 7.8276424408, 9.84143161774, 4.19538021088, 5.27562713623, 9.85785770416, 7.75426769257, 7.82929039001, 6.28383922577, 7.07827377319, 8.5501947403, 5.09130430222, 4.68413114548, 3.03799939156, 3.0887131691, 3.29193472862, 3.82213664055, 3.28091669083, 2.18300366402, 1.91865575314, 1.96440315247, 2.66722846031, 2.36718416214, 1.54136919975, 0.870209038258, 0.576135456562, 0.346388667822, 0.231872618198, 0.119802705944, 0.0547362528741, 0.0128675512969, 0.000836188381072, 8.35585815366e-05], "median": [0.0743452385068, 0.944184184074, 1.12387776375, 1.58515119553, 1.72960782051, 1.76211547852, 1.57127046585, 1.7040719986, 1.46511638165, 2.3320274353, 0.902568280697, 1.01635479927, 1.74038755894, 1.50535023212, 2.01464223862, 1.43602597713, 1.67488884926, 2.03318595886, 1.02538609505, 1.10947585106, 0.660932064056, 0.827144503593, 1.00938081741, 1.06765115261, 0.786147356033, 0.476643145084, 0.268077611923, 0.263953626156, 0.309445440769, 0.193880140781, 0.0502315200865, 0.0179890636355, 0.0075755850412, 0.00324636977166, 0.00150099466555, 0.000552658049855, 0.000146943784785, 1.65485053003e-05, 1.64139455592e-05, 2.04706157092e-05], "min": [1.10811223199e-21, 1.16469918109e-21, 2.07087655189e-21, 1.64389609789e-20, 1.40944416097e-19, 1.60145643334e-19, 1.86285998257e-19, 2.78878230806e-19, 6.35948035459e-19, 1.43907082368e-18, 1.15201185416e-18, 9.82695737592e-19, 5.01129382937e-18, 3.65582315167e-18, 1.91448326477e-18, 3.07193248729e-18, 3.81847912014e-18, 5.24470351872e-18, 4.62835221915e-18, 6.61102846041e-18, 7.50687333561e-18, 1.37258446555e-17, 1.16286464992e-17, 1.01812193935e-17, 1.55693754692e-17, 1.96313335483e-17, 1.72778756654e-17, 1.96408047663e-17, 2.00251128789e-17, 2.03624900723e-17, 2.30063826487e-17, 1.94147743552e-17, 1.59928638187e-17, 1.37079841717e-17, 7.19862613471e-18, 5.84217772952e-18, 3.67080215179e-18, 1.38120126803e-18, 3.42964333107e-19, 3.040859719e-20], "var": [0.437272459269, 299.005310059, 2080.55737305, 516.229248047, 1032.45178223, 796.93170166, 383.931152344, 359.396240234, 468.734741211, 481.835632324, 89.9215316772, 188.396209717, 615.277404785, 401.939849854, 231.941040039, 239.442474365, 195.122344971, 320.835083008, 199.781494141, 113.18522644, 66.9010696411, 52.3471755981, 65.9597625732, 91.0921096802, 110.925964355, 52.9229698181, 81.7099609375, 63.3436279297, 112.066940308, 73.854637146, 38.0925636292, 8.72651100159, 2.89693665504, 0.927334427834, 0.476066470146, 0.144036978483, 0.0384386368096, 0.00212408835068, 9.95911159407e-06, 2.15692335104e-08]}, "gfcc": {"mean": [-145.945922852, 133.585357666, -88.2301864624, 29.4869480133, -38.3657684326, 9.19148731232, -21.1463603973, -3.64930486679, -13.8911380768, -1.62593221664, -6.69176959991, -0.609791636467, -9.54683494568], "cov": [[27337.5761719, -4503.48193359, -2200.3046875, 2655.50756836, -781.514465332, 1738.0435791, -506.361724854, 572.663330078, -901.210388184, 61.6547393799, -706.125244141, 318.034545898, -610.101379395], [-4503.48193359, 4434.49121094, 1079.82885742, -733.414123535, 1248.45092773, -558.288696289, 711.671264648, -392.733581543, 406.849945068, -370.939666748, 276.419311523, -394.644317627, 297.398590088], [-2200.3046875, 1079.82885742, 5013.93847656, 325.282196045, 688.471984863, 655.695068359, 35.182559967, 116.680603027, 93.9465179443, 75.6677856445, -157.691452026, -163.94670105, 90.6416702271], [2655.50756836, -733.414123535, 325.282196045, 1496.42199707, 102.770179749, 376.707275391, 82.1702804565, 107.743118286, 46.6413917542, -13.8323106766, -30.1769733429, 28.028295517, -35.2628593445], [-781.514465332, 1248.45092773, 688.471984863, 102.770179749, 930.52142334, 92.2823181152, 340.140533447, -38.9363670349, 156.01184082, -91.0995330811, 63.1380462646, -143.716140747, 50.2374572754], [1738.0435791, -558.288696289, 655.695068359, 376.707275391, 92.2823181152, 586.820068359, -30.4943332672, 137.84992981, -69.7164535522, 96.2893295288, -92.3256912231, -1.01576054096, -58.6220588684], [-506.361724854, 711.671264648, 35.182559967, 82.1702804565, 340.140533447, -30.4943332672, 354.090454102, -2.52107095718, 122.20198822, -61.0041770935, 92.6440811157, -68.8875961304, 19.6736679077], [572.663330078, -392.733581543, 116.680603027, 107.743118286, -38.9363670349, 137.84992981, -2.52107095718, 217.374420166, 19.727973938, 52.8951225281, -27.7350902557, 40.3838844299, -58.1996765137], [-901.210388184, 406.849945068, 93.9465179443, 46.6413917542, 156.01184082, -69.7164535522, 122.20198822, 19.727973938, 223.40927124, 24.2364349365, 82.3316040039, -29.4580440521, 41.6496086121], [61.6547393799, -370.939666748, 75.6677856445, -13.8323106766, -91.0995330811, 96.2893295288, -61.0041770935, 52.8951225281, 24.2364349365, 168.124343872, 26.5256080627, 47.8437042236, -27.3805599213], [-706.125244141, 276.419311523, -157.691452026, -30.1769733429, 63.1380462646, -92.3256912231, 92.6440811157, -27.7350902557, 82.3316040039, 26.5256080627, 181.877624512, 39.1955070496, 48.6885681152], [318.034545898, -394.644317627, -163.94670105, 28.028295517, -143.716140747, -1.01576054096, -68.8875961304, 40.3838844299, -29.4580440521, 47.8437042236, 39.1955070496, 153.508148193, 30.287443161], [-610.101379395, 297.398590088, 90.6416702271, -35.2628593445, 50.2374572754, -58.6220588684, 19.6736679077, -58.1996765137, 41.6496086121, -27.3805599213, 48.6885681152, 30.287443161, 148.951370239]], "icov": [[8.03110233392e-05, -8.94854747457e-05, 8.21175126475e-05, -0.000143755809404, 2.97417609545e-05, -0.00021231896244, 6.67630520184e-05, -8.46185066621e-05, 0.000215805092012, -5.66427770536e-05, 0.000243050002609, -0.000243818416493, 0.000187517653103], [-8.94854747457e-05, 0.00144722335972, -0.000373742659576, 0.000774212705437, -0.00069937389344, 0.000666582258418, -0.00100877834484, 0.000964942097198, -0.00105739152059, 0.0016735822428, -0.00135366700124, 0.00186039030086, -0.00116935942788], [8.21175126475e-05, -0.000373742659576, 0.000431507854955, -0.000273785815807, -3.94843264075e-05, -0.000548698415514, 0.000438326649601, -0.00039605202619, 0.000316592777381, -0.000565788184758, 0.000672666355968, -0.000291888864012, -1.31620645334e-05], [-0.000143755809404, 0.000774212705437, -0.000273785815807, 0.00146509776823, -0.000222003334784, -0.000293165940093, -0.000715079950169, 0.000771960418206, -0.00153597979806, 0.00173141725827, -0.000887549656909, 0.000449746177765, -0.000319167767884], [2.97417609545e-05, -0.00069937389344, -3.94843264075e-05, -0.000222003334784, 0.00257348571904, -0.00101548421662, -0.00107056216802, 8.3866812929e-05, -0.000328373076627, 0.000148963095853, 0.000311663723551, -0.00024140032474, 0.000462625786895], [-0.00021231896244, 0.000666582258418, -0.000548698415514, -0.000293165940093, -0.00101548421662, 0.00463517336175, -0.000642084109131, -0.00129616039339, 0.00164643267635, -0.00234213168733, 2.40399112954e-05, 0.0020926182624, -0.00151524320245], [6.67630520184e-05, -0.00100877834484, 0.000438326649601, -0.000715079950169, -0.00107056216802, -0.000642084109131, 0.00683769304305, -0.00167146546301, -0.000573063734919, 0.000811370497104, -0.00189168390352, 0.00023552813218, 0.00128356891219], [-8.46185066621e-05, 0.000964942097198, -0.00039605202619, 0.000771960418206, 8.3866812929e-05, -0.00129616039339, -0.00167146546301, 0.00854768790305, -0.00374740315601, 0.00156919623259, 0.000771723804064, -0.00279953959398, 0.00282603572123], [0.000215805092012, -0.00105739152059, 0.000316592777381, -0.00153597979806, -0.000328373076627, 0.00164643267635, -0.000573063734919, -0.00374740315601, 0.0103403655812, -0.00518281385303, -0.000638272089418, 0.00209211232141, -0.00225179526024], [-5.66427770536e-05, 0.0016735822428, -0.000565788184758, 0.00173141725827, 0.000148963095853, -0.00234213168733, 0.000811370497104, 0.00156919623259, -0.00518281385303, 0.0133390706033, -0.00438450975344, -0.000898032682016, 0.00223165354691], [0.000243050002609, -0.00135366700124, 0.000672666355968, -0.000887549656909, 0.000311663723551, 2.40399112954e-05, -0.00189168390352, 0.000771723804064, -0.000638272089418, -0.00438450975344, 0.0120461126789, -0.00572104379535, 0.000132784698508], [-0.000243818416493, 0.00186039030086, -0.000291888864012, 0.000449746177765, -0.00024140032474, 0.0020926182624, 0.00023552813218, -0.00279953959398, 0.00209211232141, -0.000898032682016, -0.00572104379535, 0.0154985757545, -0.00668048206717], [0.000187517653103, -0.00116935942788, -1.31620645334e-05, -0.000319167767884, 0.000462625786895, -0.00151524320245, 0.00128356891219, 0.00282603572123, -0.00225179526024, 0.00223165354691, 0.000132784698508, -0.00668048206717, 0.0122860427946]]}, "melbands": {"dmean": [0.00305524701253, 0.0057970052585, 0.00163436087314, 0.000749064260162, 0.000220537578571, 0.000123837671708, 8.48561830935e-05, 6.39890131424e-05, 2.75317324849e-05, 2.45867868216e-05, 3.45590851794e-05, 2.17363995034e-05, 2.16612043005e-05, 1.0652117453e-05, 1.14010235848e-05, 1.0292827028e-05, 1.17221179607e-05, 6.92572893968e-06, 5.06208698425e-06, 3.62387299901e-06, 3.78601976081e-06, 2.91335913971e-06, 2.3729185159e-06, 2.98807754007e-06, 2.35012157646e-06, 2.55651980297e-06, 1.27815519591e-06, 1.10527298602e-06, 1.20497975331e-06, 7.3665802347e-07, 1.05762342173e-06, 1.19014998745e-06, 1.28860403947e-06, 9.69514758253e-07, 8.12193832189e-07, 6.2319151084e-07, 4.26205190251e-07, 3.76740956654e-07, 3.00753555393e-07, 2.81966833882e-07], "dmean2": [0.00431978330016, 0.00843588355929, 0.0028765394818, 0.00127005123068, 0.000314334902214, 0.00018582586199, 0.000126621089294, 9.69725879258e-05, 4.49223080068e-05, 3.9289410779e-05, 5.47981690033e-05, 3.36062948918e-05, 3.41132472386e-05, 1.6775142285e-05, 1.81965497177e-05, 1.65314777405e-05, 1.89080765267e-05, 1.07386313175e-05, 8.0646132119e-06, 5.84608005738e-06, 6.53232837067e-06, 4.74725993627e-06, 3.8736152419e-06, 5.14405155627e-06, 3.69821827917e-06, 4.23297524321e-06, 2.04434513762e-06, 1.65981202827e-06, 1.78020684416e-06, 1.06904724362e-06, 1.77297511073e-06, 1.89888919522e-06, 2.07913649319e-06, 1.52397376496e-06, 1.23299014376e-06, 9.03790521534e-07, 6.26990356523e-07, 5.85140583098e-07, 4.62812124624e-07, 4.52102796089e-07], "dvar": [5.30808720214e-05, 0.000276062899502, 2.62478952209e-05, 4.63695960207e-06, 3.00229658023e-07, 1.11130177061e-07, 5.34805586483e-08, 2.28741985353e-08, 5.21916332374e-09, 4.03969657725e-09, 8.25792234593e-09, 4.2455985394e-09, 2.60646793038e-09, 1.16835019437e-09, 6.04100769408e-10, 5.91289905927e-10, 6.99243940527e-10, 5.16777509674e-10, 1.96935620589e-10, 9.72054936543e-11, 1.58408425266e-10, 5.84417791938e-11, 8.12154232754e-11, 5.62831517503e-11, 4.53584322879e-11, 1.56918658623e-10, 1.79912178905e-11, 1.81502590735e-11, 3.11245855478e-11, 8.30192078277e-12, 2.26597213215e-11, 2.34544796779e-11, 2.77558479672e-11, 1.15508800441e-11, 9.84239252599e-12, 5.020051215e-12, 1.62694315485e-12, 1.17994980106e-12, 6.45731894604e-13, 5.45206566525e-13], "dvar2": [0.000108659594844, 0.00065474078292, 7.35505163902e-05, 1.27630974021e-05, 6.46055696052e-07, 2.46089769007e-07, 1.1003348277e-07, 5.05099109205e-08, 1.32579165424e-08, 9.57031431881e-09, 1.9570478571e-08, 9.73208624799e-09, 6.20017770459e-09, 2.64508548398e-09, 1.49609369338e-09, 1.52359103112e-09, 1.79719572557e-09, 1.18897403034e-09, 4.32109237281e-10, 2.46651948865e-10, 4.33507507669e-10, 1.42363079658e-10, 2.15424136862e-10, 1.50631701556e-10, 1.02552695502e-10, 4.28511531814e-10, 3.62904289952e-11, 3.91482540829e-11, 6.02176364328e-11, 1.3098577778e-11, 5.25938251283e-11, 4.22960381996e-11, 5.96875812664e-11, 2.36576955942e-11, 2.01288343632e-11, 9.35931106921e-12, 2.93353470855e-12, 2.40318095285e-12, 1.41942566641e-12, 1.25498754184e-12], "max": [0.106242336333, 0.248281240463, 0.0542462952435, 0.0326162278652, 0.0140015846118, 0.00785528868437, 0.0082295620814, 0.00331060984172, 0.00136595848016, 0.00132404675242, 0.00230408692732, 0.00224413326941, 0.00107862777077, 0.000705551239662, 0.000427537830546, 0.000364166364307, 0.000417460832978, 0.000484792108182, 0.000161852440215, 0.000195783926756, 0.000239368644543, 0.000136953836773, 0.000177079040441, 0.000102589379821, 9.52027621679e-05, 0.000305753463181, 5.72310309508e-05, 6.05182758591e-05, 7.56999579608e-05, 3.91156791011e-05, 6.06790308666e-05, 6.57162818243e-05, 8.39858621475e-05, 4.20779906563e-05, 4.57083551737e-05, 3.38438512699e-05, 1.80486476893e-05, 1.44764753713e-05, 9.21397349885e-06, 6.80736502545e-06], "mean": [0.00611640745774, 0.011388907209, 0.00165134202689, 0.00087603891734, 0.000359593541361, 0.000179153925274, 0.00011919393728, 9.77804884315e-05, 3.20887302223e-05, 3.30511793436e-05, 4.87077049911e-05, 3.01440668409e-05, 3.08113812935e-05, 1.45681387949e-05, 1.70512812474e-05, 1.39040748763e-05, 1.63985059771e-05, 8.51180357131e-06, 6.17056184637e-06, 4.7066910156e-06, 3.69583449356e-06, 3.46751721736e-06, 2.60227534454e-06, 3.63858362107e-06, 2.92729464491e-06, 2.84455541077e-06, 1.647401632e-06, 1.32763636884e-06, 1.26326597183e-06, 9.34106651584e-07, 1.2556558886e-06, 1.5126939843e-06, 1.55534200985e-06, 1.19124104003e-06, 9.20284776385e-07, 6.88505963353e-07, 4.7723796115e-07, 4.31575102766e-07, 3.22211178627e-07, 2.78656017372e-07], "median": [0.00103664398193, 0.000863900291733, 0.000344691041391, 0.000128573563416, 6.27150584478e-05, 3.68656401406e-05, 2.2892425477e-05, 2.11734659388e-05, 5.11761527378e-06, 5.98202859692e-06, 7.90099511505e-06, 4.55630197393e-06, 5.98120459472e-06, 1.7569557258e-06, 4.52997664979e-06, 2.6092270673e-06, 3.70724683307e-06, 1.44082855513e-06, 1.30605280901e-06, 1.02853596218e-06, 5.18805506999e-07, 7.5102923347e-07, 5.44867475583e-07, 8.64972889758e-07, 7.14555540071e-07, 6.1674694507e-07, 3.65227350585e-07, 2.73497221315e-07, 1.64818956705e-07, 1.19421216027e-07, 1.45768041193e-07, 1.70924408849e-07, 1.51817999949e-07, 7.59805232065e-08, 2.87871451121e-08, 1.29797896875e-08, 9.42074596111e-09, 5.5442059832e-09, 3.15784953742e-09, 2.39783903844e-09], "min": [8.52088580091e-24, 9.63356838848e-25, 4.81953426196e-24, 1.28914899713e-23, 7.08899123969e-24, 5.38514674215e-24, 1.10578001521e-23, 1.56628553613e-23, 8.9902966937e-24, 5.1627116327e-24, 2.71807862465e-23, 1.78968147815e-23, 5.14914243627e-24, 6.28834672469e-24, 1.28988184891e-23, 4.4746714899e-24, 1.12252043248e-23, 5.93128658531e-24, 1.27324390468e-23, 4.97022049993e-24, 9.51128725678e-24, 1.50031862065e-23, 1.04196195684e-23, 1.08416199208e-23, 7.6863837703e-24, 9.24528178182e-24, 1.2902795137e-23, 1.34927510758e-23, 1.08187240218e-23, 1.05013061151e-23, 1.18238101235e-23, 1.03640506285e-23, 1.29874596336e-23, 1.05287340199e-23, 1.21561793109e-23, 1.50435790403e-23, 1.04950480815e-23, 1.03714454106e-23, 1.18670846661e-23, 1.1971013935e-23], "var": [0.00013663835125, 0.000564197776839, 1.79608905455e-05, 4.34166986452e-06, 5.90921388266e-07, 1.93698213025e-07, 9.89732740209e-08, 4.57194246906e-08, 6.10139316848e-09, 6.46073905486e-09, 1.52564645362e-08, 7.23311988082e-09, 3.93857790826e-09, 1.68069336226e-09, 9.87107506845e-10, 8.61581084255e-10, 1.17441234515e-09, 6.2730093342e-10, 2.41671266332e-10, 1.16373577441e-10, 1.21674142983e-10, 6.70131658498e-11, 6.66644239811e-11, 6.2612255658e-11, 5.78340604573e-11, 1.14683686159e-10, 2.53663496458e-11, 2.22717799064e-11, 3.71279222644e-11, 1.41071867729e-11, 2.90271869041e-11, 3.74290112792e-11, 3.85415657722e-11, 1.73163844375e-11, 1.38334474084e-11, 7.42278027238e-12, 2.46360462412e-12, 1.731912465e-12, 8.35776055568e-13, 6.05178396545e-13]}, "mfcc": {"mean": [-781.651306152, 143.946212769, 20.5266513824, 32.8305625916, 11.6795864105, 17.7739162445, 4.52826690674, 7.10345697403, -3.06474161148, 2.39265656471, 5.84749126434, -3.81253242493, 0.836338341236], "cov": [[17178.3359375, -116.563865662, -1471.6517334, -124.741600037, -491.58605957, 344.104309082, 42.3879432678, 383.34588623, -207.706420898, 26.7710838318, -35.2033615112, -273.595825195, -184.36050415], [-116.563865662, 3500.74975586, 403.091186523, 69.8963699341, 422.954498291, 270.829223633, 341.3359375, 145.907608032, 147.011795044, 99.7969589233, 13.8239078522, -98.4630889893, -76.322807312], [-1471.6517334, 403.091186523, 2823.97851562, 492.218658447, 782.737976074, 536.040466309, 269.26574707, 131.679351807, 263.144165039, 206.607620239, -41.9637794495, 14.9060230255, -28.5553283691], [-124.741600037, 69.8963699341, 492.218658447, 940.127197266, 312.720825195, 274.089508057, 93.381477356, 165.552825928, 100.682243347, 21.8613529205, 43.449962616, 57.2374649048, 51.1424980164], [-491.58605957, 422.954498291, 782.737976074, 312.720825195, 584.237670898, 325.027526855, 181.396133423, 120.426544189, 143.715240479, 96.450050354, 12.7601413727, 30.4363555908, 10.7024679184], [344.104309082, 270.829223633, 536.040466309, 274.089508057, 325.027526855, 437.500976562, 196.524353027, 101.389350891, 99.8987045288, 106.095870972, 19.4174175262, 6.29886865616, -8.19153022766], [42.3879432678, 341.3359375, 269.26574707, 93.381477356, 181.396133423, 196.524353027, 240.637619019, 117.095085144, 52.7152671814, 74.0557632446, 36.6531906128, -0.646086394787, 1.53884315491], [383.34588623, 145.907608032, 131.679351807, 165.552825928, 120.426544189, 101.389350891, 117.095085144, 193.794464111, 85.6101150513, 41.8836669922, 33.7452659607, 12.5054111481, 21.3526210785], [-207.706420898, 147.011795044, 263.144165039, 100.682243347, 143.715240479, 99.8987045288, 52.7152671814, 85.6101150513, 157.341186523, 68.2571716309, 12.2984457016, 23.2525253296, 16.0673770905], [26.7710838318, 99.7969589233, 206.607620239, 21.8613529205, 96.450050354, 106.095870972, 74.0557632446, 41.8836669922, 68.2571716309, 144.39503479, 55.1573219299, 12.8757371902, 14.6619653702], [-35.2033615112, 13.8239078522, -41.9637794495, 43.449962616, 12.7601413727, 19.4174175262, 36.6531906128, 33.7452659607, 12.2984457016, 55.1573219299, 123.642333984, 53.9924659729, 23.1365375519], [-273.595825195, -98.4630889893, 14.9060230255, 57.2374649048, 30.4363555908, 6.29886865616, -0.646086394787, 12.5054111481, 23.2525253296, 12.8757371902, 53.9924659729, 121.080741882, 68.0453948975], [-184.36050415, -76.322807312, -28.5553283691, 51.1424980164, 10.7024679184, -8.19153022766, 1.53884315491, 21.3526210785, 16.0673770905, 14.6619653702, 23.1365375519, 68.0453948975, 119.964981079]], "icov": [[8.45166214276e-05, -4.52514177596e-06, 4.14022724726e-05, 4.32317247032e-05, 0.000100437333458, -0.000258017564192, 0.000234348175582, -0.000417498667957, 0.000269677955657, -0.000128603162011, 8.12758371467e-05, 7.12444962119e-05, 8.66691989359e-05], [-4.52514177596e-06, 0.000367222732166, 4.57540954812e-05, 2.00448084797e-05, -0.000245040660957, 0.000138074101415, -0.000557527760975, 0.000212519458728, -0.000340946135111, 0.000132693821797, -0.000122397148516, 0.000366774824215, 7.46496007196e-05], [4.14022724726e-05, 4.57540954812e-05, 0.00067000562558, -0.000123087360407, -0.000582821376156, -0.000162894502864, -0.000141416458064, 0.000155741799972, -0.000236637526541, -0.000605212058872, 0.000650420261081, -0.000152894790517, 0.000386601983337], [4.32317247032e-05, 2.00448084797e-05, -0.000123087360407, 0.0017605467001, -0.000356167525752, -0.0011960209813, 0.00113601365592, -0.00152381334919, 0.000283325964119, 0.00108554330654, -0.00080655363854, 0.000129066349473, -0.000582166365348], [0.000100437333458, -0.000245040660957, -0.000582821376156, -0.000356167525752, 0.00439736340195, -0.00179498514626, -0.000355315656634, -0.000572507327888, -0.00083142076619, 4.90491765959e-05, 0.000459010858322, -0.000768651254475, 5.59743748454e-05], [-0.000258017564192, 0.000138074101415, -0.000162894502864, -0.0011960209813, -0.00179498514626, 0.00666683167219, -0.00407008780167, 0.00232347054407, -0.00125943683088, -0.00173499365337, 0.000959900615271, -0.000569906900637, 0.000935309159104], [0.000234348175582, -0.000557527760975, -0.000141416458064, 0.00113601365592, -0.000355315656634, -0.00407008780167, 0.0112283555791, -0.00648018391803, 0.00375276640989, -0.00168280687649, -0.00106316222809, 0.000631114118733, -0.000199241010705], [-0.000417498667957, 0.000212519458728, 0.000155741799972, -0.00152381334919, -0.000572507327888, 0.00232347054407, -0.00648018391803, 0.0130512854084, -0.00676502892748, 0.00221289345063, -0.00217731436715, 0.00154463946819, -0.00167046766728], [0.000269677955657, -0.000340946135111, -0.000236637526541, 0.000283325964119, -0.00083142076619, -0.00125943683088, 0.00375276640989, -0.00676502892748, 0.0136708365753, -0.00548091344535, 0.00304555566981, -0.00271843327209, 0.000957997865044], [-0.000128603162011, 0.000132693821797, -0.000605212058872, 0.00108554330654, 4.90491765959e-05, -0.00173499365337, -0.00168280687649, 0.00221289345063, -0.00548091344535, 0.0144161628559, -0.00742602068931, 0.00367816979997, -0.00289714033715], [8.12758371467e-05, -0.000122397148516, 0.000650420261081, -0.00080655363854, 0.000459010858322, 0.000959900615271, -0.00106316222809, -0.00217731436715, 0.00304555566981, -0.00742602068931, 0.0152016663924, -0.00780032854527, 0.00296378904022], [7.12444962119e-05, 0.000366774824215, -0.000152894790517, 0.000129066349473, -0.000768651254475, -0.000569906900637, 0.000631114118733, 0.00154463946819, -0.00271843327209, 0.00367816979997, -0.00780032854527, 0.0169627293944, -0.00820446200669], [8.66691989359e-05, 7.46496007196e-05, 0.000386601983337, -0.000582166365348, 5.59743748454e-05, 0.000935309159104, -0.000199241010705, -0.00167046766728, 0.000957997865044, -0.00289714033715, 0.00296378904022, -0.00820446200669, 0.0135232480243]]}, "spectral_contrast_coeffs": {"dmean": [0.0525686815381, 0.054296888411, 0.0472112819552, 0.0392649061978, 0.0250244829804, 0.0232533700764], "dmean2": [0.085875198245, 0.0843095853925, 0.0721707120538, 0.0608172044158, 0.0396298505366, 0.0355056263506], "dvar": [0.00255220220424, 0.00307765626349, 0.0022010805551, 0.00166176632047, 0.000733893248253, 0.000752008287236], "dvar2": [0.00629176246002, 0.00685923080891, 0.00456524314359, 0.00352268153802, 0.00149401533417, 0.00152434059419], "max": [-0.244336351752, -0.278303027153, -0.378598868847, -0.423498511314, -0.460754990578, -0.590840518475], "mean": [-0.622261762619, -0.667676568031, -0.704095959663, -0.725860059261, -0.76287484169, -0.777234017849], "median": [-0.629904389381, -0.675169944763, -0.705527663231, -0.721609592438, -0.763805627823, -0.773209452629], "min": [-0.970506250858, -0.959056556225, -0.971633136272, -0.970102131367, -0.966954052448, -0.966388404369], "var": [0.0132598364726, 0.0129396803677, 0.0105803254992, 0.010241817683, 0.00750125432387, 0.00618025055155]}, "spectral_contrast_valleys": {"dmean": [0.566995382309, 0.636937856674, 0.638528645039, 0.589677631855, 0.462967664003, 0.591311514378], "dmean2": [0.858270525932, 0.927358806133, 0.875615894794, 0.814881742001, 0.625376880169, 0.765527129173], "dvar": [0.513823986053, 0.681624352932, 0.698386847973, 0.628911972046, 0.526191294193, 0.755476057529], "dvar2": [0.916259348392, 1.2379720211, 1.24624466896, 1.14124321938, 0.91228973