{"lowlevel": {"average_loudness": 0.955165624619, "barkbands_crest": {"dmean": 3.59609675407, "dmean2": 5.85240745544, "dvar": 10.9722623825, "dvar2": 25.4709453583, "max": 26.4741363525, "mean": 17.3332996368, "median": 18.3557834625, "min": 2.63976430893, "var": 29.0801239014}, "barkbands_flatness_db": {"dmean": 0.0625846982002, "dmean2": 0.0858338922262, "dvar": 0.00381281133741, "dvar2": 0.00765823200345, "max": 0.900619387627, "mean": 0.268011957407, "median": 0.239599525928, "min": 0.0181666351855, "var": 0.0208609700203}, "barkbands_kurtosis": {"dmean": 50.7803459167, "dmean2": 78.5347976685, "dvar": 8258.99609375, "dvar2": 20800.3867188, "max": 1624.35461426, "mean": 70.1848678589, "median": 28.3746528625, "min": -1.88864612579, "var": 12342.5761719}, "barkbands_skewness": {"dmean": 2.26103138924, "dmean2": 3.33928966522, "dvar": 5.69918632507, "dvar2": 13.5918464661, "max": 33.1957588196, "mean": 5.37529611588, "median": 4.40536308289, "min": -2.8719689846, "var": 15.416926384}, "barkbands_spread": {"dmean": 5.96643257141, "dmean2": 8.98737049103, "dvar": 78.8834838867, "dvar2": 157.912338257, "max": 105.611183167, "mean": 9.85371398926, "median": 4.72243785858, "min": 0.051574587822, "var": 190.67024231}, "dissonance": {"dmean": 0.0227842144668, "dmean2": 0.0375450849533, "dvar": 0.000651938491501, "dvar2": 0.0016055025626, "max": 0.500000238419, "mean": 0.460699558258, "median": 0.47273337841, "min": 0.111934803426, "var": 0.00151434005238}, "dynamic_complexity": 4.08338403702, "erbbands_crest": {"dmean": 3.24323797226, "dmean2": 5.39449071884, "dvar": 9.56368637085, "dvar2": 24.6920795441, "max": 29.2650165558, "mean": 9.33607196808, "median": 8.06189155579, "min": 2.17740130424, "var": 24.5219306946}, "erbbands_flatness_db": {"dmean": 0.0291978623718, "dmean2": 0.0425921306014, "dvar": 0.00112309318502, "dvar2": 0.00213618320413, "max": 0.509250581264, "mean": 0.150262743235, "median": 0.127563908696, "min": 0.0385567955673, "var": 0.00614183396101}, "erbbands_kurtosis": {"dmean": 3.94826722145, "dmean2": 6.24478626251, "dvar": 187.037887573, "dvar2": 388.53793335, "max": 320.570129395, "mean": 4.36810064316, "median": -0.223551988602, "min": -1.87700653076, "var": 402.533538818}, "erbbands_skewness": {"dmean": 0.709544479847, "dmean2": 1.09453940392, "dvar": 0.821327805519, "dvar2": 1.73158073425, "max": 13.2498130798, "mean": 0.913572669029, "median": 0.56412011385, "min": -4.02828359604, "var": 2.5804271698}, "erbbands_spread": {"dmean": 15.8820476532, "dmean2": 23.1840305328, "dvar": 230.448135376, "dvar2": 483.913024902, "max": 171.835357666, "mean": 52.3415679932, "median": 51.1888580322, "min": 0.562461912632, "var": 789.31829834}, "hfc": {"dmean": 6.37663984299, "dmean2": 9.85948944092, "dvar": 135.418716431, "dvar2": 329.206329346, "max": 103.732498169, "mean": 8.59456634521, "median": 4.33987236023, "min": 1.17456430904e-16, "var": 148.717147827}, "melbands_crest": {"dmean": 4.55480337143, "dmean2": 7.09344625473, "dvar": 17.6001300812, "dvar2": 39.0930900574, "max": 37.2581863403, "mean": 24.5259723663, "median": 25.3118724823, "min": 1.94442737103, "var": 54.154548645}, "melbands_flatness_db": {"dmean": 0.0710730627179, "dmean2": 0.097946241498, "dvar": 0.00484149577096, "dvar2": 0.00973409414291, "max": 1, "mean": 0.37682852149, "median": 0.349416047335, "min": 0.00620962074026, "var": 0.0263483282179}, "melbands_kurtosis": {"dmean": 79.7846374512, "dmean2": 118.553886414, "dvar": 13643.1992188, "dvar2": 29710.2773438, "max": 1252.91955566, "mean": 128.66192627, "median": 63.9650268555, "min": -1.89936220646, "var": 29143.65625}, "melbands_skewness": {"dmean": 2.56108784676, "dmean2": 3.79349088669, "dvar": 6.8553071022, "dvar2": 14.8357686996, "max": 27.5912017822, "mean": 7.20613384247, "median": 6.08698749542, "min": -1.27897417545, "var": 21.0951404572}, "melbands_spread": {"dmean": 4.25211954117, "dmean2": 6.72524690628, "dvar": 56.7401580811, "dvar2": 127.805931091, "max": 201.737167358, "mean": 7.00769853592, "median": 2.95526528358, "min": 0.0794618278742, "var": 161.628570557}, "pitch_salience": {"dmean": 0.115062437952, "dmean2": 0.178094133735, "dvar": 0.0116782737896, "dvar2": 0.0270707979798, "max": 0.911641538143, "mean": 0.362538158894, "median": 0.352339714766, "min": 0.0139611214399, "var": 0.0348037369549}, "silence_rate_20dB": {"dmean": 0, "dmean2": 0, "dvar": 0, "dvar2": 0, "max": 1, "mean": 1, "median": 1, "min": 1, "var": 0}, "silence_rate_30dB": {"dmean": 0.0756321549416, "dmean2": 0.151272892952, "dvar": 0.0699181333184, "dvar2": 0.147778660059, "max": 1, "mean": 0.872441768646, "median": 1, "min": 0, "var": 0.111274532974}, "silence_rate_60dB": {"dmean": 0.0255130976439, "dmean2": 0.051029086113, "dvar": 0.0248596053571, "dvar2": 0.0570494160056, "max": 1, "mean": 0.06740745157, "median": 0, "min": 0, "var": 0.0628555566072}, "spectral_centroid": {"dmean": 300.555419922, "dmean2": 468.432617188, "dvar": 123378.3125, "dvar2": 266459.21875, "max": 10579.1357422, "mean": 761.153930664, "median": 575.699401855, "min": 52.4167442322, "var": 368209}, "spectral_complexity": {"dmean": 4.35843086243, "dmean2": 6.43193292618, "dvar": 34.6410980225, "dvar2": 70.2887573242, "max": 50, "mean": 8.19638347626, "median": 6, "min": 0, "var": 59.1432952881}, "spectral_decrease": {"dmean": 5.53390400171e-09, "dmean2": 8.92045459722e-09, "dvar": 6.90422511007e-17, "dvar2": 1.56949844996e-16, "max": 1.36282901147e-20, "mean": -1.12691767029e-08, "median": -6.49015685639e-09, "min": -7.48997592837e-08, "var": 1.48533725632e-16}, "spectral_energy": {"dmean": 0.0212511848658, "dmean2": 0.0343059226871, "dvar": 0.00102532037999, "dvar2": 0.00233472650871, "max": 0.290092289448, "mean": 0.0433121994138, "median": 0.0250976923853, "min": 1.0670821349e-20, "var": 0.00217616115697}, "spectral_energyband_high": {"dmean": 0.000291467906209, "dmean2": 0.00043177313637, "dvar": 3.80460846827e-07, "dvar2": 8.60109480527e-07, "max": 0.00589608820155, "mean": 0.000321290834108, "median": 7.51066327211e-05, "min": 7.75741206783e-21, "var": 4.52905084103e-07}, "spectral_energyband_low": {"dmean": 0.017357962206, "dmean2": 0.0267323069274, "dvar": 0.000639446137939, "dvar2": 0.00141607155092, "max": 0.250304073095, "mean": 0.0347678512335, "median": 0.0204451475292, "min": 9.52290418024e-23, "var": 0.00158541218843}, "spectral_energyband_middle_high": {"dmean": 0.00104060955346, "dmean2": 0.00169834832195, "dvar": 5.43574969925e-06, "dvar2": 1.4266513972e-05, "max": 0.0276209563017, "mean": 0.00104911020026, "median": 0.000345171021763, "min": 1.63286947336e-21, "var": 4.50696234111e-06}, "spectral_energyband_middle_low": {"dmean": 0.00986931100488, "dmean2": 0.0172908939421, "dvar": 0.000737229769584, "dvar2": 0.00201096804813, "max": 0.246410831809, "mean": 0.00872472114861, "median": 0.00251088221557, "min": 3.18630739359e-22, "var": 0.000502809591126}, "spectral_entropy": {"dmean": 0.399839103222, "dmean2": 0.592760562897, "dvar": 0.212437599897, "dvar2": 0.409240990877, "max": 9.79693603516, "mean": 7.17558908463, "median": 7.394135952, "min": 3.27707862854, "var": 0.880291342735}, "spectral_flux": {"dmean": 0.0467382520437, "dmean2": 0.0737043172121, "dvar": 0.00352521007881, "dvar2": 0.00667899800465, "max": 0.510112822056, "mean": 0.102202050388, "median": 0.0730494558811, "min": 1.03299667431e-10, "var": 0.0079354532063}, "spectral_kurtosis": {"dmean": 5.84296941757, "dmean2": 9.16014766693, "dvar": 334.667724609, "dvar2": 772.869018555, "max": 573.503051758, "mean": 10.7420072556, "median": 4.21516132355, "min": -1.16797506809, "var": 877.31072998}, "spectral_rms": {"dmean": 0.0014497799566, "dmean2": 0.00229894788936, "dvar": 3.12936708724e-06, "dvar2": 6.50880247122e-06, "max": 0.016823105514, "mean": 0.00572981499135, "median": 0.00494828773662, "min": 3.2265394783e-12, "var": 9.42492260947e-06}, "spectral_rolloff": {"dmean": 313.386138916, "dmean2": 535.351745605, "dvar": 822455.3125, "dvar2": 1901948.5, "max": 19832.0800781, "mean": 477.393157959, "median": 129.19921875, "min": 43.06640625, "var": 1589300}, "spectral_skewness": {"dmean": 0.544450104237, "dmean2": 0.811177790165, "dvar": 0.768750488758, "dvar2": 1.61331582069, "max": 19.7097969055, "mean": 2.1190135479, "median": 1.6951508522, "min": 0.0457048863173, "var": 2.65597224236}, "spectral_spread": {"dmean": 944584.625, "dmean2": 1314183.375, "dvar": 1089111130110.0, "dvar2": 1945262489600.0, "max": 39356208, "mean": 4994394.5, "median": 4901587.5, "min": 138198.40625, "var": 4454741442560.0}, "spectral_strongpeak": {"dmean": 0.1925355196, "dmean2": 0.327816545963, "dvar": 0.0563880763948, "dvar2": 0.153443589807, "max": 2.3051378727, "mean": 0.407832294703, "median": 0.334488481283, "min": 0, "var": 0.0760822892189}, "zerocrossingrate": {"dmean": 0.0104759829119, "dmean2": 0.0122603522614, "dvar": 0.00023700883321, "dvar2": 0.000293836696073, "max": 0.52001953125, "mean": 0.0279163494706, "median": 0.017578125, "min": 0.00146484375, "var": 0.00130652112421}, "barkbands": {"dmean": [0.00160429894459, 0.01491453778, 0.00517415860668, 0.00399484066293, 0.00527451373637, 0.000475357926916, 0.000458235212136, 0.000265255133854, 0.000228938282817, 0.000104713246401, 0.000180876988452, 0.000142270102515, 0.00012437805708, 0.000141431330121, 0.000146204212797, 8.90768569661e-05, 8.58756829984e-05, 7.26853031665e-05, 5.34291502845e-05, 5.72217686567e-05, 5.15254905622e-05, 4.50694824394e-05, 5.23355629412e-05, 3.18495331157e-05, 4.29824394814e-05, 4.97279506817e-05, 4.54216115031e-06], "dmean2": [0.0025525870733, 0.0225584004074, 0.00900182873011, 0.00694840401411, 0.00969022233039, 0.000792098289821, 0.000819027482066, 0.000475023029139, 0.000386824744055, 0.000183508454938, 0.000310051924316, 0.000235075873206, 0.000203789400985, 0.000235075305682, 0.000251133693382, 0.000145978134242, 0.000145642639836, 0.000122852899949, 8.43223024276e-05, 9.81011471595e-05, 8.26457107905e-05, 7.04990234226e-05, 7.89969490143e-05, 4.76515451737e-05, 6.51076406939e-05, 7.24464553059e-05, 6.68717166263e-06], "dvar": [9.61054047366e-06, 0.000538262189366, 0.00018394732615, 0.000128124127514, 0.000243683360168, 6.70848237405e-07, 1.08307631308e-06, 8.26779000818e-07, 2.33579797282e-07, 7.73543149535e-08, 2.14060037251e-07, 1.47319710209e-07, 5.91362230296e-08, 1.0193957678e-07, 1.06100550568e-07, 2.8365201743e-08, 4.56465016896e-08, 3.88905156967e-08, 1.22132517433e-08, 2.17515712109e-08, 1.45406966467e-08, 8.7616802702e-09, 1.27799300031e-08, 5.61681279265e-09, 1.47761296532e-08, 1.96743297209e-08, 1.49627935042e-10], "dvar2": [2.44791026489e-05, 0.0011577954283, 0.000505780568346, 0.000348047382431, 0.000684542697854, 1.76505545824e-06, 3.01917839352e-06, 2.36699975176e-06, 6.25054894954e-07, 2.14514471963e-07, 5.77401067403e-07, 3.88906101989e-07, 1.52183972091e-07, 2.54698704794e-07, 2.89658601105e-07, 7.09790910491e-08, 1.24169375226e-07, 1.07478271616e-07, 2.95215674129e-08, 6.08241137456e-08, 3.82509206531e-08, 2.18254552209e-08, 2.79213274723e-08, 1.23547367892e-08, 3.28829834473e-08, 4.39029221866e-08, 3.39162531393e-10], "max": [0.0420577116311, 0.235056057572, 0.124299615622, 0.153463035822, 0.109594188631, 0.0080850739032, 0.011182943359, 0.0135371247306, 0.00707022333518, 0.00416990416124, 0.00524300755933, 0.00664825178683, 0.00255244690925, 0.00672631524503, 0.00448397640139, 0.00221207179129, 0.00297474861145, 0.00283116125502, 0.00123612885363, 0.00159431190696, 0.0016049357364, 0.000859732972458, 0.00140286691021, 0.000937782693654, 0.001392396749, 0.00163502094802, 0.000189481666894], "mean": [0.0022554367315, 0.0259352587163, 0.0050436463207, 0.00357056246139, 0.00369599461555, 0.000590302166529, 0.000387790671084, 0.000210673490074, 0.000239926434006, 8.88912836672e-05, 0.000160598327057, 0.000125485486933, 0.000117176154163, 0.000134170768433, 0.000131629378302, 8.80327497725e-05, 7.3205010267e-05, 6.22290681349e-05, 5.40457913303e-05, 5.23577655258e-05, 5.31904188392e-05, 5.01631366205e-05, 5.97864636802e-05, 3.49638867192e-05, 4.19718635385e-05, 4.94834421261e-05, 5.12999213242e-06], "median": [0.00160950724967, 0.0150703797117, 0.00168659584597, 0.000538688735105, 0.000610911054537, 0.000237117812503, 6.64483814035e-05, 3.739616659e-05, 5.29080280103e-05, 1.69820286828e-05, 2.40065237449e-05, 2.23387160077e-05, 2.80730837403e-05, 2.81819338852e-05, 3.12986594508e-05, 2.15589006984e-05, 1.43956931424e-05, 1.22657493193e-05, 1.15958937386e-05, 1.39281883094e-05, 1.09509592221e-05, 1.01136092781e-05, 1.08469766928e-05, 6.90232945999e-06, 5.16087038704e-06, 3.36178982252e-06, 2.15950649363e-07], "min": [3.89914302814e-24, 5.71683143501e-23, 2.48137333697e-23, 1.20546623788e-23, 9.50982171099e-23, 4.12838269398e-23, 4.8939302351e-23, 2.94794070174e-23, 8.19179985252e-23, 9.46072363934e-23, 1.41094740118e-22, 1.4600651628e-22, 1.46629451338e-22, 5.26898626388e-23, 2.70419322121e-22, 9.86746789513e-23, 1.36860336727e-22, 2.53724248576e-22, 2.03640479446e-22, 2.94598704038e-22, 3.97203734144e-22, 5.88235931783e-22, 6.50693015766e-22, 6.61178933571e-22, 1.058818851e-21, 1.89296668307e-21, 2.58675392053e-21], "var": [1.06257866719e-05, 0.00115617003758, 0.000134372996399, 9.13768890314e-05, 0.000147806305904, 7.96338781583e-07, 7.96285121396e-07, 4.98612450883e-07, 2.44482293965e-07, 5.76441046007e-08, 1.79449727966e-07, 1.14550395836e-07, 5.34558388665e-08, 9.35194464091e-08, 7.95145425059e-08, 2.7835758587e-08, 3.34462697538e-08, 2.7238026945e-08, 1.24795613843e-08, 1.57856518967e-08, 1.31416504345e-08, 9.69918190208e-09, 1.74570438105e-08, 6.62004051577e-09, 1.56212998093e-08, 2.1297127617e-08, 1.99095337439e-10]}, "erbbands": {"dmean": [0.62951284647, 2.92271900177, 5.29924345016, 9.11662101746, 22.8939113617, 12.4612855911, 4.69615125656, 4.27617788315, 6.41875743866, 5.86009025574, 5.365213871, 5.15915060043, 4.36372900009, 4.37780952454, 7.00874757767, 5.62188911438, 5.55396795273, 7.01845598221, 7.74214220047, 6.42198610306, 4.22709465027, 5.14855051041, 4.35109949112, 3.15266633034, 2.34526586533, 2.92000699043, 2.26094579697, 1.74114537239, 1.59637367725, 1.6187722683, 1.3284881115, 0.898563027382, 0.515860617161, 0.457511514425, 0.315717995167, 0.210679039359, 0.119232684374, 0.00998055003583, 0.000891094154213, 4.33449604316e-05], "dmean2": [0.855492293835, 4.8350725174, 8.95340919495, 15.3310604095, 42.3267478943, 22.3119564056, 7.88038301468, 7.23328495026, 11.4698410034, 10.3663654327, 9.55256652832, 8.7598323822, 7.49121236801, 7.47326564789, 11.5046348572, 9.30522060394, 9.09345054626, 11.5823469162, 13.3012714386, 10.7670564651, 6.85822296143, 8.75714492798, 7.42604780197, 4.93946361542, 3.80203771591, 5.01062774658, 3.66845655441, 2.72884702682, 2.52126526833, 2.54734134674, 1.99393451214, 1.34454214573, 0.776372134686, 0.692967712879, 0.482881337404, 0.306744784117, 0.17919485271, 0.0144016258419, 0.00131483911537, 6.73532413202e-05], "dvar": [0.839575469494, 25.3236846924, 183.154556274, 481.591552734, 5113.93603516, 1166.45324707, 70.8291168213, 59.7520065308, 249.742370605, 182.48789978, 316.302062988, 121.136154175, 127.191970825, 107.185218811, 313.737915039, 208.153396606, 125.104759216, 259.649597168, 294.834686279, 166.644699097, 65.4824981689, 190.038833618, 162.596038818, 38.7377510071, 25.2270927429, 61.0927886963, 29.7776279449, 14.970993042, 10.6892852783, 13.0747756958, 8.86776161194, 4.31018161774, 1.5418202877, 1.33973300457, 1.01055622101, 0.391403079033, 0.161568939686, 0.000615364289843, 5.67163851883e-06, 5.63254420882e-09], "dvar2": [1.36265993118, 63.2662849426, 495.067596436, 1215.87744141, 14422.8652344, 3249.54931641, 183.020126343, 157.581222534, 699.801757812, 508.148895264, 901.58392334, 329.24621582, 355.275115967, 287.219604492, 813.60534668, 554.309082031, 322.846588135, 640.067443848, 798.101501465, 442.463745117, 166.52911377, 521.647277832, 452.61932373, 93.7909469604, 64.7956390381, 171.803070068, 80.2919692993, 38.1237869263, 26.7975482941, 33.1562690735, 18.9953384399, 9.51136398315, 3.39106869698, 2.93439650536, 2.28377580643, 0.866086184978, 0.379030048847, 0.00132089736871, 1.29083655338e-05, 1.30602826331e-08], "max": [9.2136631012, 46.6095275879, 120.919212341, 280.731750488, 567.097106934, 259.405273438, 91.5738067627, 79.4144973755, 156.691879272, 177.203353882, 242.435806274, 154.270645142, 162.508529663, 115.089660645, 231.780670166, 242.142318726, 135.60307312, 378.956604004, 277.97946167, 192.577178955, 95.7316589355, 201.756622314, 182.067337036, 67.1913070679, 52.6538314819, 88.8046798706, 67.7628936768, 55.4338607788, 33.7896614075, 37.4428100586, 37.8508262634, 26.378950119, 16.2881813049, 14.0611801147, 10.8808336258, 6.60498332977, 4.73898410797, 0.288646012545, 0.0379809513688, 0.000985670369118], "mean": [1.13155722618, 4.22536706924, 5.7620806694, 9.7596578598, 15.5871715546, 9.53917789459, 5.49598836899, 4.89544677734, 5.4650144577, 5.23482656479, 4.5101442337, 5.31903648376, 4.06561660767, 3.94707655907, 6.60441064835, 5.08504247665, 5.29609727859, 6.74470615387, 7.00316143036, 6.22981548309, 4.16832351685, 4.30575037003, 3.60029745102, 3.10388088226, 2.3847951889, 2.67856478691, 2.23085665703, 1.91985869408, 1.79527199268, 1.71024501324, 1.54181408882, 1.02262723446, 0.556129276752, 0.454860627651, 0.302041351795, 0.209975019097, 0.111731372774, 0.0110136717558, 0.00102194352075, 7.33439374017e-05], "median": [0.767972886562, 1.92045617104, 2.70610976219, 1.6088809967, 1.58008646965, 2.02216815948, 1.95178127289, 2.05368685722, 1.08527159691, 1.24789786339, 0.877961218357, 1.20672643185, 0.806778728962, 0.795412361622, 1.12413394451, 1.05242443085, 1.38316404819, 1.50652682781, 1.65674853325, 1.67709445953, 1.14298605919, 0.832455575466, 0.713163256645, 0.613143801689, 0.603977799416, 0.707074344158, 0.454344958067, 0.425494790077, 0.365074187517, 0.340353250504, 0.284631937742, 0.193911984563, 0.096134133637, 0.067663513124, 0.0300084352493, 0.0162942446768, 0.00555263878778, 0.000876403646544, 5.70209704165e-05, 3.6506295146e-05], "min": [1.43589729194e-21, 1.29626383272e-20, 3.21907545886e-20, 4.27005980278e-20, 4.23439474744e-20, 3.83073519679e-19, 5.83568684326e-19, 3.06403777213e-19, 6.75945164907e-19, 7.76841967689e-19, 6.34964517711e-19, 1.72903826363e-18, 1.82464400562e-18, 5.07812754132e-18, 6.18994596574e-18, 6.18406967467e-18, 7.18317191932e-18, 4.14073834704e-18, 1.40352896139e-17, 5.3843150625e-18, 8.85156212762e-18, 6.89824004475e-18, 9.27309584932e-18, 1.38626346862e-17, 1.05568917405e-17, 1.32444933678e-17, 1.63209335758e-17, 1.78518562925e-17, 2.17972745494e-17, 2.21530383134e-17, 1.60135400253e-17, 1.1225127944e-17, 1.16442595332e-17, 1.29490525771e-17, 7.72889522947e-18, 6.36097424278e-18, 3.7882990219e-18, 1.15521924699e-18, 3.00682298163e-19, 4.49910708374e-20], "var": [2.07461953163, 40.7120895386, 148.669006348, 438.799865723, 3049.73388672, 757.64074707, 82.2892379761, 60.6045913696, 179.669189453, 132.293121338, 197.088653564, 115.766319275, 97.7281265259, 89.0943145752, 290.5987854, 159.964157104, 112.075630188, 241.261611938, 225.436630249, 139.874328613, 62.0374259949, 133.811325073, 108.716690063, 39.7840652466, 23.4813632965, 43.6659240723, 24.8388690948, 15.3350038528, 12.1316070557, 12.879240036, 12.1523122787, 5.59959602356, 1.77429032326, 1.48823285103, 1.01937222481, 0.412809103727, 0.158100709319, 0.000804027426057, 7.54832308303e-06, 8.29490431897e-09]}, "gfcc": {"mean": [-92.5590744019, 105.098373413, -67.1815109253, 45.2841415405, -27.5462970734, 23.9531745911, -24.9939556122, 5.1394739151, -12.8766956329, 5.94959306717, -10.9053897858, 0.784691035748, -7.73274517059], "cov": [[16197.7714844, -2998.58496094, -1282.99194336, -240.853805542, -1872.1060791, 84.8918762207, -1256.13793945, 286.389648438, -941.086486816, 538.961975098, -665.900817871, 609.356933594, -580.958068848], [-2998.58496094, 2220.32543945, 88.6894302368, -115.489707947, 648.173461914, -94.6386413574, 367.841217041, -166.147293091, 300.931549072, -232.504302979, 255.126235962, -238.835098267, 211.600570679], [-1282.99194336, 88.6894302368, 1509.55969238, 252.597183228, 254.050323486, 169.126205444, 155.730163574, 4.36416482925, 113.65133667, 90.9119338989, 98.9968719482, 35.3759880066, 20.3751964569], [-240.853805542, -115.489707947, 252.597183228, 584.016784668, 218.867263794, 136.409301758, 179.398849487, 27.3331203461, 74.3946533203, 36.9401168823, 62.5616989136, -22.5974407196, 19.6583538055], [-1872.1060791, 648.173461914, 254.050323486, 218.867263794, 840.685302734, 217.351745605, 361.134674072, -9.56823730469, 230.892547607, -56.7025032043, 164.457748413, -83.1684265137, 123.458297729], [84.8918762207, -94.6386413574, 169.126205444, 136.409301758, 217.351745605, 306.950775146, 150.39251709, 36.1324005127, 59.4918632507, 73.543548584, 39.4547195435, 36.5619773865, 33.889957428], [-1256.13793945, 367.841217041, 155.730163574, 179.398849487, 361.134674072, 150.39251709, 387.983062744, 31.5599594116, 160.766311646, -22.8305473328, 115.794013977, -53.9696655273, 87.3925628662], [286.389648438, -166.147293091, 4.36416482925, 27.3331203461, -9.56823730469, 36.1324005127, 31.5599594116, 154.287216187, 35.5294799805, 39.2044372559, 6.76318502426, 49.3603744507, 17.2763652802], [-941.086486816, 300.931549072, 113.65133667, 74.3946533203, 230.892547607, 59.4918632507, 160.766311646, 35.5294799805, 209.084716797, 24.8064613342, 96.7828140259, -19.2255897522, 99.3295898438], [538.961975098, -232.504302979, 90.9119338989, 36.9401168823, -56.7025032043, 73.543548584, -22.8305473328, 39.2044372559, 24.8064613342, 156.239303589, 30.6998558044, 76.2677536011, 9.20736980438], [-665.900817871, 255.126235962, 98.9968719482, 62.5616989136, 164.457748413, 39.4547195435, 115.794013977, 6.76318502426, 96.7828140259, 30.6998558044, 174.558166504, 20.4853343964, 77.8566055298], [609.356933594, -238.835098267, 35.3759880066, -22.5974407196, -83.1684265137, 36.5619773865, -53.9696655273, 49.3603744507, -19.2255897522, 76.2677536011, 20.4853343964, 134.068649292, 16.121679306], [-580.958068848, 211.600570679, 20.3751964569, 19.6583538055, 123.458297729, 33.889957428, 87.3925628662, 17.2763652802, 99.3295898438, 9.20736980438, 77.8566055298, 16.121679306, 131.190124512]], "icov": [[0.000173297317815, -0.000119668729894, 0.000145739148138, -0.000152837048518, 0.000118258176371, -0.00026589713525, 0.000254584534559, -0.000283321074676, 0.000395310024032, -0.000462559284642, 0.000354013667675, -0.000491054554004, 0.00036923555308], [-0.000119668729894, 0.00134507985786, -0.00018213383737, 0.000695833121426, -0.000434620247688, 0.000656841904856, -0.000487652519951, 0.00106145825703, -0.00100726902019, 0.00130780367181, -0.00141766527668, 0.00152113102376, -0.00102578068618], [0.000145739148138, -0.00018213383737, 0.000917044933885, -0.000383231265005, 1.70865030213e-06, -0.000371209142031, 0.000164970100741, -3.54316616722e-05, 4.09367239627e-05, -0.000699983444065, 0.000248435651883, -0.000843890884425, 0.000817609776277], [-0.000152837048518, 0.000695833121426, -0.000383231265005, 0.00264034676366, -0.000486463686684, 0.000124404774397, -0.00104857457336, 0.000329234229866, -0.000371762027498, 0.000173780019395, -0.00107953709085, 0.00165600934997, -0.000348022789694], [0.000118258176371, -0.000434620247688, 1.70865030213e-06, -0.000486463686684, 0.00312990485691, -0.00202945177443, -0.000375695817638, 8.17194159026e-05, -0.00133121607359, 0.0014039647067, -0.00068436213769, -1.75636650965e-05, 0.000433350447565], [-0.00026589713525, 0.000656841904856, -0.000371209142031, 0.000124404774397, -0.00202945177443, 0.00692431908101, -0.00276922970079, 0.000766472192481, 0.000591116317082, -0.00245475000702, 0.00103045045398, -0.000584877969231, -0.00114796031266], [0.000254584534559, -0.000487652519951, 0.000164970100741, -0.00104857457336, -0.000375695817638, -0.00276922970079, 0.00692948279902, -0.00196379469708, -0.00114860653412, 0.00107458012644, -0.00136170908809, 0.00119504355825, 0.000212399841985], [-0.000283321074676, 0.00106145825703, -3.54316616722e-05, 0.000329234229866, 8.17194159026e-05, 0.000766472192481, -0.00196379469708, 0.00966566707939, -0.00360335526057, 0.00120678450912, 0.000213710853131, -0.00244786869735, -0.000432584871305], [0.000395310024032, -0.00100726902019, 4.09367239627e-05, -0.000371762027498, -0.00133121607359, 0.000591116317082, -0.00114860653412, -0.00360335526057, 0.0139445317909, -0.00581775419414, 0.000314920325764, 0.0020539467223, -0.00482467282563], [-0.000462559284642, 0.00130780367181, -0.000699983444065, 0.000173780019395, 0.0014039647067, -0.00245475000702, 0.00107458012644, 0.00120678450912, -0.00581775419414, 0.0147492289543, -0.00417673634365, -0.00247368006967, 0.000515492865816], [0.000354013667675, -0.00141766527668, 0.000248435651883, -0.00107953709085, -0.00068436213769, 0.00103045045398, -0.00136170908809, 0.000213710853131, 0.000314920325764, -0.00417673634365, 0.0125381546095, -0.0050245099701, -0.00153451727238], [-0.000491054554004, 0.00152113102376, -0.000843890884425, 0.00165600934997, -1.75636650965e-05, -0.000584877969231, 0.00119504355825, -0.00244786869735, 0.0020539467223, -0.00247368006967, -0.0050245099701, 0.0175774600357, -0.00561094470322], [0.00036923555308, -0.00102578068618, 0.000817609776277, -0.000348022789694, 0.000433350447565, -0.00114796031266, 0.000212399841985, -0.000432584871305, -0.00482467282563, 0.000515492865816, -0.00153451727238, -0.00561094470322, 0.0158585123718]]}, "melbands": {"dmean": [0.00467428332195, 0.00281778001226, 0.00201741489582, 0.00138384080492, 0.000195536515093, 9.40384052228e-05, 9.73299174802e-05, 6.29906498943e-05, 4.15976828663e-05, 3.32012932631e-05, 2.16236348933e-05, 1.66783429449e-05, 2.53299349424e-05, 1.79709586519e-05, 1.26645545606e-05, 1.17293830044e-05, 1.37331471706e-05, 1.24268563013e-05, 1.07786536319e-05, 7.73590909375e-06, 4.38422966909e-06, 5.48608659301e-06, 4.58249724034e-06, 3.07401501232e-06, 2.58727345681e-06, 1.88322587746e-06, 1.84746306786e-06, 1.88040860394e-06, 1.47950686369e-06, 1.26000941236e-06, 9.09499931367e-07, 8.55148755363e-07, 9.77954300652e-07, 8.83710640665e-07, 6.82623635839e-07, 9.41063717619e-07, 4.22930526156e-07, 3.43661781699e-07, 3.67774219967e-07, 4.00598594297e-07], "dmean2": [0.00665125390515, 0.00475466484204, 0.0034391740337, 0.00255356682464, 0.000329320231685, 0.000159353163326, 0.000173776134034, 0.00011191048543, 7.38981543691e-05, 5.59834406886e-05, 3.71594251192e-05, 2.86530612357e-05, 4.26844744652e-05, 2.96844609693e-05, 2.07356260944e-05, 1.94317326532e-05, 2.27306500165e-05, 2.13648727367e-05, 1.85222907021e-05, 1.27543025883e-05, 7.16384829502e-06, 9.36720971367e-06, 7.8586726886e-06, 5.1729889492e-06, 4.09302128901e-06, 3.02693615595e-06, 3.14582075589e-06, 3.25735163642e-06, 2.4316955205e-06, 2.05524679586e-06, 1.41974999224e-06, 1.33804496727e-06, 1.57910767484e-06, 1.40503391322e-06, 1.03854938516e-06, 1.46423178649e-06, 6.51340940294e-07, 5.23243329553e-07, 5.58230624392e-07, 6.12959922819e-07], "dvar": [4.81072856928e-05, 3.36239500029e-05, 2.7473019145e-05, 1.75343666342e-05, 1.43431606148e-07, 2.922889486e-08, 5.42044453766e-08, 2.62464006084e-08, 1.72046874525e-08, 4.82372053412e-09, 3.15119241812e-09, 1.57096802234e-09, 4.21601242806e-09, 2.48428921878e-09, 6.49152898102e-10, 6.02939476124e-10, 1.09777020807e-09, 7.65019880777e-10, 6.29416463394e-10, 2.14453496628e-10, 7.38900954311e-11, 2.11139092321e-10, 1.75297068528e-10, 6.21571405457e-11, 2.58367788969e-11, 1.74759373639e-11, 2.189426071e-11, 2.41493908204e-11, 1.35544075963e-11, 9.27196860956e-12, 3.67626545525e-12, 2.82851129671e-12, 5.0828035357e-12, 3.94423166003e-12, 2.39745441381e-12, 5.96869038569e-12, 1.02658658484e-12, 6.8011980596e-13, 8.31657388355e-13, 1.07821640071e-12], "dvar2": [9.02609535842e-05, 8.69551004143e-05, 7.16074064258e-05, 4.93510342494e-05, 3.73150214728e-07, 7.78237421173e-08, 1.51372233859e-07, 7.38108809628e-08, 4.87576947705e-08, 1.29387709435e-08, 8.79358363903e-09, 4.2049315141e-09, 1.11970974714e-08, 6.58238041851e-09, 1.67219038616e-09, 1.57046464722e-09, 2.70791078449e-09, 2.06964068106e-09, 1.72722836034e-09, 5.44388700785e-10, 1.9072289581e-10, 5.79337300355e-10, 4.84021323022e-10, 1.7130427632e-10, 6.15791237446e-11, 4.36947179827e-11, 6.04458982867e-11, 6.79034606321e-11, 3.67724080352e-11, 2.48100151534e-11, 9.02527531876e-12, 6.8491904856e-12, 1.33137624189e-11, 1.00111065271e-11, 5.2691609756e-12, 1.36013951837e-11, 2.3208607345e-12, 1.47868653086e-12, 1.87099467863e-12, 2.40234178037e-12], "max": [0.0719967260957, 0.0580391734838, 0.0612676851451, 0.0288377143443, 0.00354663422331, 0.00174039858393, 0.00242544454522, 0.00231209630147, 0.0017888371367, 0.000975812494289, 0.000810971891042, 0.000496040156577, 0.000803638482466, 0.000815556792077, 0.000314216275001, 0.000239492059336, 0.000822526752017, 0.000496011052746, 0.000367128785001, 0.000185920143849, 0.000114256421512, 0.000209874546272, 0.000174432323547, 0.000115556045785, 5.67636488995e-05, 5.02646289533e-05, 5.85937923461e-05, 5.81153399253e-05, 4.61439922219e-05, 4.21076583734e-05, 2.52836216532e-05, 1.75475724973e-05, 2.19031026063e-05, 2.33776736422e-05, 2.31436370086e-05, 3.37375458912e-05, 1.21758776004e-05, 1.05912486106e-05, 1.2056718333e-05, 1.40275969898e-05], "mean": [0.0083493636921, 0.00390595104545, 0.00193299679086, 0.000949198147282, 0.000219022127567, 0.000108943473606, 8.37266707094e-05, 5.48178868485e-05, 3.54281146429e-05, 3.45033768099e-05, 1.98097750399e-05, 1.47130313053e-05, 2.32221173064e-05, 1.57804133778e-05, 1.19522910609e-05, 1.08460562842e-05, 1.30411926875e-05, 1.10672344817e-05, 9.71110239334e-06, 7.5955695138e-06, 4.15414615418e-06, 4.53311940873e-06, 3.79007224183e-06, 2.64754953605e-06, 2.53823532148e-06, 1.89431341369e-06, 1.69449731402e-06, 1.7230429421e-06, 1.42425028571e-06, 1.23373376937e-06, 1.0476441048e-06, 9.83972995527e-07, 1.01087744042e-06, 9.21848652524e-07, 7.67421965975e-07, 1.07475830191e-06, 4.6133396836e-07, 3.70355451196e-07, 3.82124710541e-07, 3.85951324233e-07], "median": [0.00521569373086, 0.00183247425593, 0.000351659284206, 0.000129359774292, 7.87712342571e-05, 4.44122561021e-05, 1.64517987287e-05, 1.31598908411e-05, 6.56760221318e-06, 7.55238261263e-06, 3.5841828776e-06, 2.93229459203e-06, 3.53846394319e-06, 2.89648050966e-06, 2.84149746221e-06, 2.61584568761e-06, 2.70151372206e-06, 2.44193461185e-06, 2.3127863642e-06, 1.81961388535e-06, 1.0744405472e-06, 7.93809704192e-07, 7.49793741761e-07, 5.34084676929e-07, 4.66830982759e-07, 3.95143416654e-07, 4.64619375862e-07, 4.40371763943e-07, 2.62293895048e-07, 2.54488440987e-07, 2.29378130712e-07, 1.91816283746e-07, 1.94655683572e-07, 1.74813820308e-07, 1.43560953347e-07, 1.54149347509e-07, 9.27253793748e-08, 6.41784936306e-08, 5.36653423922e-08, 5.51249925707e-08], "min": [1.39305941218e-23, 1.78655017368e-23, 6.05706966779e-24, 1.31867992623e-23, 2.1889681585e-23, 7.36391478718e-24, 1.02104964867e-23, 8.4921381318e-24, 5.70179945381e-24, 1.16363191855e-23, 8.64572619461e-24, 1.92120115713e-23, 2.02506952589e-23, 1.95209326573e-23, 1.2777746484e-23, 1.47446685992e-23, 5.73810638254e-24, 2.05446264099e-23, 1.38227820796e-23, 3.75249063042e-24, 1.25898918812e-23, 8.46678414231e-24, 3.81755508902e-24, 1.31051016716e-23, 1.10258213087e-23, 9.04394396842e-24, 6.02765541122e-24, 9.65336820556e-24, 1.01950150914e-23, 9.88911060961e-24, 1.05062838274e-23, 1.39259524642e-23, 9.02221952795e-24, 1.46365157691e-23, 1.05529891262e-23, 6.88594633129e-24, 6.57693886509e-24, 7.00660181788e-24, 1.13643357226e-23, 1.06698304703e-23], "var": [0.000115000992082, 4.04680904467e-05, 2.17814249481e-05, 1.0540794392e-05, 1.44626795873e-07, 2.99821323324e-08, 3.95702777212e-08, 1.76245151806e-08, 1.11030562522e-08, 4.97974150804e-09, 2.42790987315e-09, 1.31646227253e-09, 3.83151332883e-09, 1.89981963494e-09, 5.79804537715e-10, 5.13795783696e-10, 1.01474806335e-09, 5.86671711211e-10, 4.61938015617e-10, 2.05739564274e-10, 6.67152305622e-11, 1.49055809362e-10, 1.19839041468e-10, 4.43427239372e-11, 2.69543172504e-11, 1.67382219196e-11, 1.59089859342e-11, 1.75450973194e-11, 1.09813972152e-11, 7.75084597199e-12, 4.25754613856e-12, 3.48032735444e-12, 4.69744902698e-12, 3.85149594509e-12, 2.94948635828e-12, 8.28789554347e-12, 1.17914499779e-12, 7.86308843558e-13, 9.18739476857e-13, 1.15369562861e-12]}, "mfcc": {"mean": [-747.885742188, 134.318450928, 31.4988632202, 36.20652771, 25.9064426422, 25.8717021942, 8.97246265411, 8.75855922699, 5.4053273201, 8.1134223938, 4.40359306335, 2.25283527374, 2.76015424728], "cov": [[13930.3359375, -1398.8104248, -1240.12548828, -700.234558105, -1035.14880371, -674.953979492, -725.406555176, -475.232269287, -518.984558105, -255.846923828, -367.51083374, -214.639419556, -115.197914124], [-1398.8104248, 1645.71569824, -31.3766517639, -37.2687759399, 199.181152344, 79.0165863037, 71.187828064, 47.6961555481, 42.4979324341, 28.030538559, 39.2997093201, -1.34950268269, 30.0218353271], [-1240.12548828, -31.3766517639, 1072.48132324, 246.716461182, 99.9892807007, 156.055984497, 67.5158691406, 25.7103939056, 9.10019111633, 48.1909942627, 68.4664535522, 54.6544570923, 36.0140228271], [-700.234558105, -37.2687759399, 246.716461182, 443.692382812, 166.870529175, 134.508926392, 121.635292053, 85.3709716797, 70.2899932861, 45.9606742859, 81.6290588379, 53.26354599, 34.4437103271], [-1035.14880371, 199.181152344, 99.9892807007, 166.870529175, 410.764434814, 229.407974243, 161.270614624, 111.982048035, 101.632675171, 77.9032592773, 66.677230835, 42.2447471619, 51.6794433594], [-674.953979492, 79.0165863037, 156.055984497, 134.508926392, 229.407974243, 386.724304199, 202.326461792, 97.8304138184, 106.310310364, 78.6146316528, 92.0878753662, 53.2966346741, 34.361869812], [-725.406555176, 71.187828064, 67.5158691406, 121.635292053, 161.270614624, 202.326461792, 256.874023438, 140.597961426, 92.6343307495, 62.1010246277, 76.0438232422, 52.8065490723, 29.4700889587], [-475.232269287, 47.6961555481, 25.7103939056, 85.3709716797, 111.982048035, 97.8304138184, 140.597961426, 166.843048096, 98.3694610596, 47.3504943848, 41.9978294373, 36.5642929077, 24.7268028259], [-518.984558105, 42.4979324341, 9.10019111633, 70.2899932861, 101.632675171, 106.310310364, 92.6343307495, 98.3694610596, 177.44720459, 71.6284637451, 50.6606636047, 24.1829147339, 26.0531673431], [-255.846923828, 28.030538559, 48.1909942627, 45.9606742859, 77.9032592773, 78.6146316528, 62.1010246277, 47.3504943848, 71.6284637451, 108.684585571, 54.6188964844, 30.9038658142, 20.243680954], [-367.51083374, 39.2997093201, 68.4664535522, 81.6290588379, 66.677230835, 92.0878753662, 76.0438232422, 41.9978294373, 50.6606636047, 54.6188964844, 107.715881348, 44.4982299805, 13.8411569595], [-214.639419556, -1.34950268269, 54.6544570923, 53.26354599, 42.2447471619, 53.2966346741, 52.8065490723, 36.5642929077, 24.1829147339, 30.9038658142, 44.4982299805, 84.4198532104, 42.4219932556], [-115.197914124, 30.0218353271, 36.0140228271, 34.4437103271, 51.6794433594, 34.361869812, 29.4700889587, 24.7268028259, 26.0531673431, 20.243680954, 13.8411569595, 42.4219932556, 85.758605957]], "icov": [[0.000116575938591, 7.35364083084e-05, 0.000124616184621, -2.15540779891e-07, 0.000198243520572, -0.000133424007799, 0.000205856718821, -7.02308971086e-05, 0.000256190891378, -0.000152906941366, 9.56069052336e-05, 0.000111348948849, -0.00015013635857], [7.35364083084e-05, 0.000719599775039, 8.18964617793e-05, 0.00023681485618, -0.000296039186651, 2.27659274969e-05, 5.51978773728e-05, -6.35774122202e-05, 0.000176690780791, 3.2474155887e-05, -0.000310492352583, 0.000381812977139, -0.00031410108204], [0.000124616184621, 8.18964617793e-05, 0.00127436837647, -0.000600647588726, 0.00033353123581, -0.000602850865107, 0.000484264921397, -6.30638824077e-05, 0.000724450976122, -0.000493797007948, 5.120795322e-06, -4.62602474727e-05, -0.000344335683621], [-2.15540779891e-07, 0.00023681485618, -0.000600647588726, 0.00339381746016, -0.000998783390969, 0.000283876492176, -0.000430751213571, -0.00039310118882, -0.000354200135916, 0.000821625464596, -0.00155159342103, -0.000305308261886, -0.000129421212478], [0.000198243520572, -0.000296039186651, 0.00033353123581, -0.000998783390969, 0.00499122915789, -0.002126123989, 0.000143445184221, -0.00115073588677, 0.000505550182424, -0.00147023028694, 0.000701529497746, 0.00103062181734, -0.00167194998357], [-0.000133424007799, 2.27659274969e-05, -0.000602850865107, 0.000283876492176, -0.002126123989, 0.00604929309338, -0.00389898521826, 0.00202519539744, -0.00164038781077, 0.000120240300021, -0.00137005606666, -0.000401717668865, 0.000455072906334], [0.000205856718821, 5.51978773728e-05, 0.000484264921397, -0.000430751213571, 0.000143445184221, -0.00389898521826, 0.0115656098351, -0.00710552465171, 0.00162664626259, -0.000352225237293, -0.00174656661693, -0.000697509967722, -7.12025212124e-06], [-7.02308971086e-05, -6.35774122202e-05, -6.30638824077e-05, -0.00039310118882, -0.00115073588677, 0.00202519539744, -0.00710552465171, 0.0146725485101, -0.00539093324915, 0.000340967380907, 0.00160668639001, -0.00223803403787, 0.000610508490354], [0.000256190891378, 0.000176690780791, 0.000724450976122, -0.000354200135916, 0.000505550182424, -0.00164038781077, 0.00162664626259, -0.00539093324915, 0.0114408927038, -0.00469482922927, -0.00113540142775, 0.00253951759078, -0.00197211652994], [-0.000152906941366, 3.2474155887e-05, -0.000493797007948, 0.000821625464596, -0.00147023028694, 0.000120240300021, -0.000352225237293, 0.000340967380907, -0.00469482922927, 0.0158498454839, -0.00509363180026, -0.00151518068742, -0.000222402537474], [9.56069052336e-05, -0.000310492352583, 5.120795322e-06, -0.00155159342103, 0.000701529497746, -0.00137005606666, -0.00174656661693, 0.00160668639001, -0.00113540142775, -0.00509363180026, 0.017660446465, -0.00652551464736, 0.00304621015675], [0.000111348948849, 0.000381812977139, -4.62602474727e-05, -0.000305308261886, 0.00103062181734, -0.000401717668865, -0.000697509967722, -0.00223803403787, 0.00253951759078, -0.00151518068742, -0.00652551464736, 0.0214972551912, -0.00941179040819], [-0.00015013635857, -0.00031410108204, -0.000344335683621, -0.000129421212478, -0.00167194998357, 0.000455072906334, -7.12025212124e-06, 0.000610508490354, -0.00197211652994, -0.000222402537474, 0.00304621015675, -0.00941179040819, 0.0172328054905]]}, "spectral_contrast_coeffs": {"dmean": [0.0661300569773, 0.0523902513087, 0.0373594388366, 0.0301460623741, 0.0233034715056, 0.0244370438159], "dmean2": [0.107179149985, 0.0871705710888, 0.0614939816296, 0.0493450239301, 0.0374162010849, 0.0375815369189], "dvar": [0.00426766555756, 0.00172547460534, 0.000892173498869, 0.000635798147414, 0.000470658327686, 0.000638623838313], "dvar2": [0.0104370051995, 0.00472354935482, 0.00231902324595, 0.00165695208125, 0.00112438609358, 0.00150919775479], "max": [-0.301213622093, -0.475344061852, -0.505517780781, -0.57665514946, -0.568556189537, -0.600018024445], "mean": [-0.666303277016, -0.774754822254, -0.824834525585, -0.828307151794, -0.832243263721, -0.795545756817], "median": [-0.68453669548, -0.777469575405, -0.831754922867, -0.831093788147, -0.837556183338, -0.798580169678], "min": [-0.938341856003, -0.960993528366, -0.965836524963, -0.972309887409, -0.9640802145, -0.963173627853], "var": [0.00973077211529, 0.00443813204765, 0.00288758962415, 0.00185260572471, 0.00153686047997, 0.00160743470769]}, "spectral_contrast_valleys": {"dmean": [0.492011100054, 0.662980914116, 0.663546383381, 0.632595717907, 0.672446191311, 0.689492344856], "dmean2": [0.764725208282, 0.986750841141, 0.954389095306, 0.889949500561, 0.892500281334, 0.879467070103], "dvar": [0.208892062306, 0.474592864513, 0.469581067562, 0.450000315905, 0.487132489681, 0.478407114744], "dvar2": [0.46025210619, 0.995686471462, 0.992403328419, 0.934459626675, 1.0242254734, 0.978366136551], "max": [-4.88707208633, -4.62320804596, -4.97843122482, -5.59593629837, -5.7