{"lowlevel": {"average_loudness": 0.589048981667, "barkbands_crest": {"dmean": 1.43084549904, "dmean2": 2.29693651199, "dvar": 2.70912599564, "dvar2": 7.04195737839, "max": 25.8554725647, "mean": 14.0903806686, "median": 13.5349178314, "min": 3.1596353054, "var": 17.220867157}, "barkbands_flatness_db": {"dmean": 0.0197150651366, "dmean2": 0.0287699177861, "dvar": 0.000712229579221, "dvar2": 0.00140806101263, "max": 0.647088170052, "mean": 0.377551674843, "median": 0.376950383186, "min": 0.0384123325348, "var": 0.00618100399151}, "barkbands_kurtosis": {"dmean": 4.79249811172, "dmean2": 8.1314868927, "dvar": 424.217651367, "dvar2": 1402.76000977, "max": 1014.89141846, "mean": 13.9687461853, "median": 4.84929084778, "min": -1.58053970337, "var": 3033.31787109}, "barkbands_skewness": {"dmean": 0.404404044151, "dmean2": 0.638349294662, "dvar": 0.308768361807, "dvar2": 0.768570065498, "max": 24.119550705, "mean": 1.93528556824, "median": 1.60326623917, "min": -2.05718564987, "var": 3.44142150879}, "barkbands_spread": {"dmean": 0.581718981266, "dmean2": 0.875086843967, "dvar": 1.64797365665, "dvar2": 2.69534826279, "max": 100.657821655, "mean": 3.71448111534, "median": 2.88242912292, "min": 0.0718061476946, "var": 17.1051845551}, "dissonance": {"dmean": 0.0427807867527, "dmean2": 0.0719302743673, "dvar": 0.00147610239219, "dvar2": 0.00399437500164, "max": 0.499157965183, "mean": 0.331422477961, "median": 0.335512042046, "min": 0.0589545927942, "var": 0.0046428302303}, "dynamic_complexity": 4.78467178345, "erbbands_crest": {"dmean": 1.92492592335, "dmean2": 3.05922102928, "dvar": 4.40141010284, "dvar2": 11.3254299164, "max": 30.9577407837, "mean": 13.3901281357, "median": 12.5368003845, "min": 2.63693571091, "var": 20.2094612122}, "erbbands_flatness_db": {"dmean": 0.0191553905606, "dmean2": 0.0280517172068, "dvar": 0.000576227146666, "dvar2": 0.0012231732253, "max": 0.467648804188, "mean": 0.299206376076, "median": 0.301511228085, "min": 0.0370828956366, "var": 0.00386056001298}, "erbbands_kurtosis": {"dmean": 1.55157959461, "dmean2": 2.40449738503, "dvar": 7.45933866501, "dvar2": 18.2428226471, "max": 119.528259277, "mean": 4.21400165558, "median": 2.52948975563, "min": -1.6826249361, "var": 46.5373306274}, "erbbands_skewness": {"dmean": 0.282039910555, "dmean2": 0.42725867033, "dvar": 0.109506823123, "dvar2": 0.24710509181, "max": 8.4986114502, "mean": 1.15152025223, "median": 1.0991153717, "min": -2.61879277229, "var": 0.875522971153}, "erbbands_spread": {"dmean": 2.04229211807, "dmean2": 3.10902237892, "dvar": 9.08644390106, "dvar2": 21.5699729919, "max": 174.883728027, "mean": 12.1029930115, "median": 10.4577140808, "min": 1.18643760681, "var": 89.9450912476}, "hfc": {"dmean": 1.24594545364, "dmean2": 1.85544502735, "dvar": 7.02265739441, "dvar2": 13.7058830261, "max": 73.6300048828, "mean": 6.63273382187, "median": 4.44590759277, "min": 4.82293600612e-08, "var": 47.325466156}, "melbands_crest": {"dmean": 1.7774630785, "dmean2": 2.88875865936, "dvar": 5.34527587891, "dvar2": 12.9157295227, "max": 35.7964553833, "mean": 19.609249115, "median": 17.8626823425, "min": 5.40907669067, "var": 41.8756523132}, "melbands_flatness_db": {"dmean": 0.0223578587174, "dmean2": 0.0315009132028, "dvar": 0.000932406110223, "dvar2": 0.00174497545231, "max": 0.798147082329, "mean": 0.514367818832, "median": 0.514003872871, "min": 0.0185759179294, "var": 0.0095494678244}, "melbands_kurtosis": {"dmean": 5.10203886032, "dmean2": 8.29693889618, "dvar": 348.056732178, "dvar2": 1065.98022461, "max": 1412.09643555, "mean": 16.4845867157, "median": 7.07708311081, "min": -1.5111438036, "var": 4106.72998047}, "melbands_skewness": {"dmean": 0.417492538691, "dmean2": 0.645597100258, "dvar": 0.339527308941, "dvar2": 0.785778284073, "max": 29.8488235474, "mean": 2.30963659286, "median": 1.94765198231, "min": -0.990415096283, "var": 3.61270284653}, "melbands_spread": {"dmean": 0.651646316051, "dmean2": 0.975551009178, "dvar": 4.31917524338, "dvar2": 4.90129899979, "max": 177.00944519, "mean": 4.06184196472, "median": 3.1012301445, "min": 0.115143992007, "var": 14.3477649689}, "pitch_salience": {"dmean": 0.0429066568613, "dmean2": 0.0706001073122, "dvar": 0.00247407448478, "dvar2": 0.00607346650213, "max": 0.836784422398, "mean": 0.44010591507, "median": 0.45657491684, "min": 0.0321636758745, "var": 0.0129104889929}, "silence_rate_20dB": {"dmean": 0.000273336074315, "dmean2": 0.000546746829059, "dvar": 0.00027327646967, "dvar2": 0.000819881795906, "max": 1, "mean": 0.99986332655, "median": 1, "min": 0, "var": 0.000136624323204}, "silence_rate_30dB": {"dmean": 0.0166734997183, "dmean2": 0.0333515591919, "dvar": 0.0163939017802, "dvar2": 0.038523837924, "max": 1, "mean": 0.956682145596, "median": 1, "min": 0, "var": 0.041436675936}, "silence_rate_60dB": {"dmean": 0.00382670504041, "dmean2": 0.00765445595607, "dvar": 0.00381200877018, "dvar2": 0.00950959790498, "max": 1, "mean": 0.0424979515374, "median": 0, "min": 0, "var": 0.0406919457018}, "spectral_centroid": {"dmean": 24.4895915985, "dmean2": 36.8032226562, "dvar": 1992.66027832, "dvar2": 3787.53564453, "max": 3812.53881836, "mean": 319.511657715, "median": 292.492248535, "min": 68.7055511475, "var": 36669.0273438}, "spectral_complexity": {"dmean": 0.823834896088, "dmean2": 1.3678239584, "dvar": 0.916237533092, "dvar2": 1.92368793488, "max": 16, "mean": 6.0081987381, "median": 6, "min": 0, "var": 7.53798961639}, "spectral_decrease": {"dmean": 1.77043613103e-09, "dmean2": 2.83865730921e-09, "dvar": 1.54536545559e-17, "dvar2": 3.72871844315e-17, "max": -8.3465359162e-21, "mean": -9.35534050228e-09, "median": -6.68936994686e-09, "min": -1.13838375171e-07, "var": 6.9821369211e-17}, "spectral_energy": {"dmean": 0.00677955290303, "dmean2": 0.0108518367633, "dvar": 0.000225358497119, "dvar2": 0.000542258261703, "max": 0.433907926083, "mean": 0.0359107367694, "median": 0.0257090739906, "min": 4.4060475754e-12, "var": 0.0010297531262}, "spectral_energyband_high": {"dmean": 3.11836151923e-06, "dmean2": 4.34349840361e-06, "dvar": 2.28272331593e-10, "dvar2": 4.92066831725e-10, "max": 0.000674973940477, "mean": 5.53509107704e-06, "median": 5.20485627931e-07, "min": 2.96390277772e-12, "var": 4.29872054619e-10}, "spectral_energyband_low": {"dmean": 0.00478541944176, "dmean2": 0.00804713089019, "dvar": 0.000133817899041, "dvar2": 0.000352895352989, "max": 0.371675938368, "mean": 0.0236713457853, "median": 0.0158687718213, "min": 1.44559006692e-13, "var": 0.000490171834826}, "spectral_energyband_middle_high": {"dmean": 0.00015286312555, "dmean2": 0.000215053150896, "dvar": 4.34013543327e-07, "dvar2": 7.86664372754e-07, "max": 0.0365443155169, "mean": 0.00051285373047, "median": 0.00017719695461, "min": 5.80336722688e-13, "var": 1.8541073814e-06}, "spectral_energyband_middle_low": {"dmean": 0.00337235350162, "dmean2": 0.00512933032587, "dvar": 5.48796524527e-05, "dvar2": 0.000120471268019, "max": 0.187105819583, "mean": 0.0147870667279, "median": 0.00859412737191, "min": 7.60208478741e-14, "var": 0.000333777396008}, "spectral_entropy": {"dmean": 0.179328158498, "dmean2": 0.285311222076, "dvar": 0.0566704459488, "dvar2": 0.137405350804, "max": 8.85905075073, "mean": 5.31875228882, "median": 5.30751514435, "min": 3.83514451981, "var": 0.307287067175}, "spectral_flux": {"dmean": 0.0200185570866, "dmean2": 0.0314041897655, "dvar": 0.00103523151483, "dvar2": 0.00212960503995, "max": 0.518838405609, "mean": 0.0425036437809, "median": 0.0285003632307, "min": 1.36538310471e-05, "var": 0.00188598781824}, "spectral_kurtosis": {"dmean": 23.2841930389, "dmean2": 37.8778533936, "dvar": 709.219909668, "dvar2": 1638.11987305, "max": 460.247497559, "mean": 77.5315475464, "median": 60.0609741211, "min": 0.900889635086, "var": 3566.21801758}, "spectral_rms": {"dmean": 0.000495776883326, "dmean2": 0.000781863927841, "dvar": 7.34769514565e-07, "dvar2": 1.63146523846e-06, "max": 0.0205748584121, "mean": 0.00539037305862, "median": 0.0050081955269, "min": 6.55635759017e-08, "var": 5.97876169195e-06}, "spectral_rolloff": {"dmean": 40.4115600586, "dmean2": 68.2807159424, "dvar": 27248.8671875, "dvar2": 32843.1875, "max": 19186.0839844, "mean": 292.089477539, "median": 258.3984375, "min": 21.533203125, "var": 155404.109375}, "spectral_skewness": {"dmean": 1.11947226524, "dmean2": 1.84003949165, "dvar": 1.22646331787, "dvar2": 2.81902170181, "max": 17.9336605072, "mean": 6.49767875671, "median": 5.99578094482, "min": 0.990457415581, "var": 7.18297815323}, "spectral_spread": {"dmean": 335224, "dmean2": 556004.875, "dvar": 141927366656, "dvar2": 360642478080, "max": 12636294, "mean": 1471167.75, "median": 1255203.125, "min": 266657.40625, "var": 1126867402750.0}, "spectral_strongpeak": {"dmean": 0.184739202261, "dmean2": 0.325009614229, "dvar": 0.116469420493, "dvar2": 0.278142184019, "max": 5.82680606842, "mean": 0.62286823988, "median": 0.406102061272, "min": 0, "var": 0.361218780279}, "zerocrossingrate": {"dmean": 0.00152129936032, "dmean2": 0.00204042298719, "dvar": 9.47001080931e-06, "dvar2": 1.24313628476e-05, "max": 0.46630859375, "mean": 0.0106122102588, "median": 0.00927734375, "min": 0.001953125, "var": 0.000137832932523}, "barkbands": {"dmean": [0.00145291152876, 0.00193145067897, 0.00232138531283, 0.00141138280742, 0.00152559671551, 0.000746970355976, 0.000582536507864, 0.000233684899285, 6.16795150563e-05, 6.84565166011e-05, 6.17865589447e-05, 2.98852410197e-05, 1.48405943037e-05, 1.51402427946e-05, 1.08190861283e-05, 3.99089003622e-06, 3.63754497812e-06, 2.26551901505e-06, 1.47210721479e-06, 1.24972882531e-06, 6.26980124707e-07, 5.57622513497e-07, 5.97889481924e-07, 4.7942717174e-07, 2.32758125662e-07, 1.7675149877e-07, 1.33291379711e-07], "dmean2": [0.00259276572615, 0.00339546985924, 0.0037843126338, 0.00243879389018, 0.00222904607654, 0.00107253936585, 0.000894503609743, 0.000306831876514, 8.45664253575e-05, 9.16549906833e-05, 8.97770296433e-05, 4.57936366729e-05, 2.10231610254e-05, 2.25187122851e-05, 1.57138347276e-05, 5.78207846047e-06, 5.35850313099e-06, 3.05766752717e-06, 2.02049727704e-06, 1.66595998508e-06, 8.99118674624e-07, 7.66270318309e-07, 8.32041507692e-07, 6.88912336955e-07, 3.41047496022e-07, 2.73642228876e-07, 2.08598549989e-07], "dvar": [2.46711915679e-05, 3.77989490516e-05, 3.52517163265e-05, 1.89353577298e-05, 2.03001673071e-05, 5.13665872859e-06, 2.78845482171e-06, 1.06835682345e-06, 6.58101626527e-08, 7.69591892436e-08, 1.34575728339e-07, 1.50070835758e-08, 8.09242983735e-09, 7.95315635571e-09, 8.98171759189e-09, 6.66779298442e-10, 2.27856192248e-10, 2.24236906821e-10, 1.92472163207e-10, 5.73496285183e-11, 1.5760779834e-11, 7.2487159504e-12, 9.81763281782e-12, 5.90191307284e-12, 1.80876765388e-12, 1.41945298831e-12, 6.91425378323e-13], "dvar2": [6.98209260008e-05, 0.000104699189251, 8.62520246301e-05, 5.70863448957e-05, 3.87990876334e-05, 9.61311889114e-06, 6.27810686638e-06, 1.85877922831e-06, 1.00707239881e-07, 1.37633662689e-07, 2.51947795959e-07, 3.15498454029e-08, 1.35886413233e-08, 1.29526798176e-08, 1.56536987816e-08, 1.24078081143e-09, 5.05629427217e-10, 4.77554551459e-10, 4.0894795883e-10, 1.18197590604e-10, 3.69232630582e-11, 1.34986657269e-11, 2.07379981243e-11, 1.30612248447e-11, 3.35580413284e-12, 3.68665601519e-12, 1.65520158343e-12], "max": [0.124259449542, 0.228803351521, 0.130931898952, 0.0885507315397, 0.142725273967, 0.0848510935903, 0.0522673130035, 0.0501613393426, 0.0109804309905, 0.0116839874536, 0.0229648835957, 0.00378838740289, 0.00538979843259, 0.00457855500281, 0.00680404203013, 0.00158062169794, 0.000544269161765, 0.000854615995195, 0.000996069633402, 0.000393905123929, 0.000240576511715, 0.000150739666424, 0.000124038138893, 8.51049262565e-05, 5.85249072174e-05, 4.73323088954e-05, 3.28349051415e-05], "mean": [0.00162836525124, 0.00806632637978, 0.0109520731494, 0.00440676929429, 0.00462692184374, 0.00295665650629, 0.00175864167977, 0.000751140411012, 0.000190301288967, 0.000206170414458, 0.000154237568495, 6.78127762512e-05, 4.34736211901e-05, 4.01105207857e-05, 2.72107299679e-05, 1.05608824015e-05, 8.89993225428e-06, 5.12411088494e-06, 3.11796338792e-06, 2.68161670647e-06, 1.01083253412e-06, 9.148737945e-07, 9.73900000645e-07, 6.96713982506e-07, 3.03765745002e-07, 1.94296958966e-07, 1.38027203889e-07], "median": [0.000742418109439, 0.00713959336281, 0.00362319289707, 0.000879472121596, 0.00175460265018, 0.00121891999152, 0.000436304195318, 0.000156982787303, 2.74606245512e-05, 4.83937292302e-05, 3.11136245728e-05, 1.28413412313e-05, 3.93168465962e-06, 4.08924279327e-06, 2.69798920272e-06, 1.18661932902e-06, 1.35870118356e-06, 6.76281274536e-07, 4.13983599401e-07, 3.34164326432e-07, 1.00623921639e-07, 5.35883657449e-08, 3.39891776946e-08, 1.62384257152e-08, 1.28219781459e-08, 1.20691900918e-08, 1.32753434912e-08], "min": [1.25749020571e-13, 6.86159164426e-14, 1.47651767928e-14, 4.69282341394e-15, 1.5991180751e-14, 2.06358655885e-14, 6.45341146447e-15, 6.66326599474e-15, 1.62857466228e-14, 2.0748715788e-14, 2.80353133287e-14, 1.87087131675e-14, 1.4949538596e-14, 4.90877717434e-14, 6.69851476262e-14, 6.64959081721e-14, 6.47182299613e-14, 1.32660646791e-13, 1.01438395715e-13, 4.03097253656e-14, 1.57629307827e-13, 1.54589042305e-13, 3.4883589615e-13, 3.91427125088e-13, 5.14453714004e-13, 7.5364676522e-13, 8.61801840828e-13], "var": [1.74544729816e-05, 4.72694446216e-05, 0.000248819502303, 6.90213710186e-05, 8.0507095845e-05, 3.37953933922e-05, 1.6281797798e-05, 6.19508091404e-06, 3.84638639161e-07, 2.62511974825e-07, 4.65707927333e-07, 5.12985316448e-08, 4.52609079105e-08, 3.71001434019e-08, 3.06576808384e-08, 2.70907474231e-09, 8.17667433761e-10, 5.60498036872e-10, 3.86725568235e-10, 1.32481220438e-10, 2.33151779133e-11, 1.64030473232e-11, 1.82677310778e-11, 1.03173979776e-11, 3.27808743691e-12, 1.46583071202e-12, 7.4896040975e-13]}, "erbbands": {"dmean": [0.0900419130921, 0.355136036873, 1.89117395878, 4.58658409119, 3.31066536903, 5.83286905289, 7.27733182907, 5.4679813385, 9.45165729523, 6.10254859924, 3.33706450462, 1.56760299206, 1.60431838036, 2.83780860901, 1.65032732487, 1.36412680149, 0.725082933903, 0.943735361099, 0.500129938126, 0.368935704231, 0.226428151131, 0.147848457098, 0.131583064795, 0.0996050983667, 0.0628101080656, 0.0555871464312, 0.0322707146406, 0.0195735022426, 0.0151836844161, 0.0230466090143, 0.0174360945821, 0.0118655487895, 0.00730371382087, 0.00383956427686, 0.000948466069531, 0.000600386469159, 0.000364281731891, 0.000107075444248, 2.81039938272e-05, 8.3442473624e-06], "dmean2": [0.159504845738, 0.616520285606, 3.11868929863, 7.57818603516, 5.13877105713, 8.73713874817, 10.6704483032, 7.8444314003, 14.3835802078, 8.21606826782, 4.59019136429, 2.14307665825, 2.095297575, 4.02569103241, 2.38281774521, 2.05532240868, 1.01834368706, 1.37521922588, 0.740650236607, 0.532011926174, 0.331716626883, 0.211410999298, 0.176934197545, 0.134811088443, 0.0836837142706, 0.0741343051195, 0.0455669052899, 0.0275935586542, 0.0212626233697, 0.0312958844006, 0.0239996556193, 0.0172703396529, 0.010590147227, 0.00555501924828, 0.00143616390415, 0.000909337133635, 0.000571158539969, 0.000173027336132, 4.43130375061e-05, 1.31386432258e-05], "dvar": [0.0557046979666, 1.68808352947, 25.1110420227, 116.470344543, 186.442169189, 294.547363281, 391.047821045, 323.673706055, 632.566040039, 543.033569336, 216.686477661, 46.1839294434, 30.6617126465, 283.542633057, 45.6259269714, 29.3938751221, 17.75664711, 25.9348087311, 8.87477779388, 9.7174949646, 1.28437697887, 0.510924994946, 0.81465023756, 0.796608448029, 0.122757159173, 0.12766084075, 0.0523629784584, 0.0101743172854, 0.00520009966567, 0.0140059022233, 0.0105818286538, 0.00400127982721, 0.00140428927261, 0.000613358803093, 2.06430449907e-05, 1.31744063765e-05, 6.63276796331e-06, 4.22326309035e-07, 3.21343627263e-08, 3.97570337762e-10], "dvar2": [0.155922934413, 4.63982391357, 62.2659454346, 310.454620361, 406.470153809, 607.016052246, 876.56048584, 585.923400879, 1405.30407715, 966.641784668, 427.600830078, 72.2004623413, 54.7764205933, 519.56237793, 85.0873260498, 57.6098518372, 28.6820392609, 40.4549369812, 16.8625240326, 17.8150539398, 2.53087496758, 1.10930657387, 1.77679514885, 1.68423449993, 0.252826809883, 0.27271682024, 0.117640547454, 0.0232612993568, 0.010562852025, 0.0257827844471, 0.023165717721, 0.008868730627, 0.00312959286384, 0.00110016262624, 4.54245709989e-05, 3.17664853355e-05, 1.74594206328e-05, 1.06176469217e-06, 7.78129276569e-08, 9.52884771088e-10], "max": [7.2045006752, 51.0252342224, 113.307632446, 217.076583862, 486.624908447, 524.278015137, 802.648620605, 560.414794922, 940.421508789, 1046.80029297, 752.574523926, 329.925201416, 171.437332153, 916.721313477, 298.712158203, 157.280792236, 278.782623291, 258.876281738, 147.83946228, 226.471420288, 49.7152137756, 34.4793205261, 61.5156707764, 62.336227417, 13.3925056458, 19.8133678436, 15.4615087509, 3.94661283493, 3.09848237038, 7.26630830765, 5.39062404633, 1.83513474464, 1.38322651386, 1.14740407467, 0.122736133635, 0.138154804707, 0.0932733118534, 0.0258319787681, 0.00719463219866, 0.000570543052163], "mean": [0.394003003836, 1.30320441723, 8.14944458008, 19.7500476837, 7.74565172195, 18.262556076, 26.4570083618, 21.4263324738, 30.7375411987, 19.7541503906, 10.8775033951, 5.01805210114, 5.74267816544, 7.05473852158, 4.34270477295, 3.31929922104, 2.20345640182, 2.64899969101, 1.40691018105, 0.987425386906, 0.599455416203, 0.375517010689, 0.318583995104, 0.216240182519, 0.138898581266, 0.11623288691, 0.0585417672992, 0.0324252918363, 0.0242573227733, 0.0393342263997, 0.0281747803092, 0.0172321647406, 0.0108561115339, 0.00510343816131, 0.00117063184734, 0.000732831831556, 0.000396431889385, 0.000109059234092, 4.24630088673e-05, 4.05947503168e-05], "median": [0.37194994092, 0.994172096252, 2.93412542343, 4.88093471527, 2.12761330605, 6.1772108078, 12.7761306763, 7.46898412704, 8.94388961792, 5.70149421692, 3.05943822861, 1.0811715126, 1.33813822269, 1.80389046669, 0.986301898956, 0.723027348518, 0.33902528882, 0.409188866615, 0.17097735405, 0.14573264122, 0.110179141164, 0.0682235509157, 0.0480719581246, 0.028388325125, 0.0213816612959, 0.015669811517, 0.00661997450516, 0.00329215172678, 0.00186304748058, 0.00154476496391, 0.0010085151298, 0.00045199575834, 0.000262438319623, 0.000186646735528, 9.76423907559e-05, 6.23965461273e-05, 3.36817283824e-05, 9.66506650002e-06, 1.58721959451e-05, 2.9052978789e-05], "min": [3.72853527567e-12, 9.8178713423e-12, 1.73873623832e-11, 1.84221821825e-11, 1.24528113515e-11, 6.12568121228e-11, 1.65874577962e-10, 1.51064702414e-10, 1.17210768869e-10, 8.51252193734e-11, 1.84035328643e-10, 3.81924464277e-10, 5.44994327445e-10, 9.32714905311e-10, 1.01003094777e-09, 7.32138516479e-10, 6.47204678739e-10, 1.6943134673e-09, 3.56780627264e-09, 3.55210083569e-09, 3.71217723227e-09, 3.91013710299e-09, 6.97534741079e-09, 4.96514607207e-09, 4.59403404207e-09, 1.90002946709e-09, 3.20261972497e-09, 8.53390069722e-09, 6.57501164625e-09, 9.83150538758e-09, 7.4092971758e-09, 6.63860255656e-09, 7.20544068855e-09, 5.2119792926e-09, 3.32761396216e-09, 2.32004504497e-09, 1.43840539479e-09, 5.39369660046e-10, 1.24975862992e-10, 1.1679279939e-11], "var": [0.0731225460768, 2.23306155205, 135.563919067, 829.486022949, 459.255889893, 1274.3927002, 2242.72900391, 2183.77075195, 4666.21679688, 2793.45849609, 1043.32592773, 259.762786865, 170.125167847, 826.502502441, 225.983016968, 118.937355042, 102.301368713, 129.821304321, 44.2989349365, 29.9622077942, 4.55479478836, 1.69753396511, 2.05293107033, 1.67681026459, 0.331275969744, 0.264731436968, 0.0939417034388, 0.0154060851783, 0.00978008005768, 0.0353405289352, 0.0177934188396, 0.00647731497884, 0.00274745118804, 0.0011459197849, 2.92340209853e-05, 1.67875969055e-05, 6.676765679e-06, 4.20696778747e-07, 3.39499095503e-08, 1.39465894389e-09]}, "gfcc": {"mean": [-185.960968018, 208.293930054, -51.0151176453, 1.94564652443, -28.4262332916, -3.96051692963, -18.4512996674, -3.86598443985, -4.53966474533, -2.42898750305, 5.00886678696, 0.23967191577, 0.997098684311], "cov": [[13109.0537109, 617.422668457, -2874.24780273, -66.0468444824, -652.588989258, -303.950286865, -363.252929688, -420.365997314, -101.097488403, -302.182495117, -43.0260620117, -258.558166504, -88.3453979492], [617.422668457, 1449.92675781, 134.662765503, -529.059020996, 263.308502197, -342.355926514, 17.544675827, -166.667053223, -99.4572982788, -196.045318604, -53.0389213562, -133.994171143, 24.4180145264], [-2874.24780273, 134.662765503, 1418.75683594, 77.3610916138, 189.236526489, 78.4541015625, 17.8904476166, 7.69362783432, -105.554496765, -73.175163269, -120.279273987, -51.680015564, -71.2392807007], [-66.0468444824, -529.059020996, 77.3610916138, 563.413269043, -72.9292602539, 53.1210136414, 4.60094213486, -41.1333236694, -39.2632293701, -40.9219589233, -48.7079658508, -66.689201355, -90.585357666], [-652.588989258, 263.308502197, 189.236526489, -72.9292602539, 288.697814941, -33.7282981873, -5.62721347809, -26.3008670807, -45.4678459167, -44.3843727112, -45.7112922668, -45.3998641968, -7.00953054428], [-303.950286865, -342.355926514, 78.4541015625, 53.1210136414, -33.7282981873, 234.466567993, 19.7796020508, 53.7579574585, 46.4000282288, 55.9186897278, 6.65726041794, 35.9415588379, -9.24649047852], [-363.252929688, 17.544675827, 17.8904476166, 4.60094213486, -5.62721347809, 19.7796020508, 139.492706299, 33.926815033, 3.41279411316, 15.0069408417, 12.6266784668, 4.63958597183, -9.03617763519], [-420.365997314, -166.667053223, 7.69362783432, -41.1333236694, -26.3008670807, 53.7579574585, 33.926815033, 142.107528687, 71.4115142822, 65.5758895874, 37.297706604, 64.3949737549, 26.6662807465], [-101.097488403, -99.4572982788, -105.554496765, -39.2632293701, -45.4678459167, 46.4000282288, 3.41279411316, 71.4115142822, 156.041320801, 95.8592453003, 48.2483444214, 58.8098449707, 38.9099502563], [-302.182495117, -196.045318604, -73.175163269, -40.9219589233, -44.3843727112, 55.9186897278, 15.0069408417, 65.5758895874, 95.8592453003, 162.729385376, 79.7591018677, 64.7702713013, 41.9828262329], [-43.0260620117, -53.0389213562, -120.279273987, -48.7079658508, -45.7112922668, 6.65726041794, 12.6266784668, 37.297706604, 48.2483444214, 79.7591018677, 119.344139099, 74.3509902954, 38.6669273376], [-258.558166504, -133.994171143, -51.680015564, -66.689201355, -45.3998641968, 35.9415588379, 4.63958597183, 64.3949737549, 58.8098449707, 64.7702713013, 74.3509902954, 150.737594604, 70.8876419067], [-88.3453979492, 24.4180145264, -71.2392807007, -90.585357666, -7.00953054428, -9.24649047852, -9.03617763519, 26.6662807465, 38.9099502563, 41.9828262329, 38.6669273376, 70.8876419067, 117.691436768]], "icov": [[0.000332205585437, -0.000886005000211, 0.000814670405816, -0.00062448985409, 0.000881345535163, -0.000883417553268, 0.00115054019261, -0.000379891513148, 0.000763301388361, -0.000445287441835, 0.000686771061737, -0.000265855313046, 0.000444137986051], [-0.000886005000211, 0.00882515031844, -0.00336422398686, 0.00780476955697, -0.00429071672261, 0.00793629605323, -0.00680852727965, 0.00685798749328, -0.00695282686502, 0.00876800715923, -0.00594263477251, 0.00582900177687, -0.00262142787687], [0.000814670405816, -0.00336422398686, 0.00312773510814, -0.00274816015735, 0.00197779410519, -0.0034952617716, 0.0034780097194, -0.00239270413294, 0.00341552309692, -0.00270729069598, 0.00326921581291, -0.00196790811606, 0.00168766104616], [-0.00062448985409, 0.00780476955697, -0.00274816015735, 0.00924755819142, -0.00273870769888, 0.00644382787868, -0.0057577281259, 0.00672388449311, -0.00599562004209, 0.00810177158564, -0.0048616505228, 0.00567969726399, -0.000987801002339], [0.000881345535163, -0.00429071672261, 0.00197779410519, -0.00273870769888, 0.0073191835545, -0.00372560718097, 0.00416951300576, -0.00263034016825, 0.00389442592859, -0.00329151959158, 0.00368909258395, -0.00118432566524, 0.00108827010263], [-0.000883417553268, 0.00793629605323, -0.0034952617716, 0.00644382787868, -0.00372560718097, 0.0127400327474, -0.00657801702619, 0.00512252375484, -0.00683117471635, 0.00583434849977, -0.00372556364164, 0.00355617958121, -0.00109307665844], [0.00115054019261, -0.00680852727965, 0.0034780097194, -0.0057577281259, 0.00416951300576, -0.00657801702619, 0.0140581326559, -0.00704305712134, 0.00646832026541, -0.00617331732064, 0.00371860479936, -0.00321190361865, 0.00313307344913], [-0.000379891513148, 0.00685798749328, -0.00239270413294, 0.00672388449311, -0.00263034016825, 0.00512252375484, -0.00704305712134, 0.0173763297498, -0.00872163660824, 0.00603131996468, -0.00389419007115, 0.00168239488266, -0.00121507328004], [0.000763301388361, -0.00695282686502, 0.00341552309692, -0.00599562004209, 0.00389442592859, -0.00683117471635, 0.00646832026541, -0.00872163660824, 0.0175179447979, -0.0120895328, 0.00589944189414, -0.00521304272115, 0.00135885854252], [-0.000445287441835, 0.00876800715923, -0.00270729069598, 0.00810177158564, -0.00329151959158, 0.00583434849977, -0.00617331732064, 0.00603131996468, -0.0120895328, 0.0231982376426, -0.0126894880086, 0.00777059001848, -0.00392416398972], [0.000686771061737, -0.00594263477251, 0.00326921581291, -0.0048616505228, 0.00368909258395, -0.00372556364164, 0.00371860479936, -0.00389419007115, 0.00589944189414, -0.0126894880086, 0.0213263705373, -0.0102948686108, 0.00285055534914], [-0.000265855313046, 0.00582900177687, -0.00196790811606, 0.00567969726399, -0.00118432566524, 0.00355617958121, -0.00321190361865, 0.00168239488266, -0.00521304272115, 0.00777059001848, -0.0102948686108, 0.0187129061669, -0.0075847110711], [0.000444137986051, -0.00262142787687, 0.00168766104616, -0.000987801002339, 0.00108827010263, -0.00109307665844, 0.00313307344913, -0.00121507328004, 0.00135885854252, -0.00392416398972, 0.00285055534914, -0.0075847110711, 0.0147125665098]]}, "melbands": {"dmean": [0.000675565330312, 0.000787362572737, 0.000730490428396, 0.000302165775793, 0.000268011906883, 0.000136864211527, 0.000136689894134, 6.46962289466e-05, 2.3769449399e-05, 9.32989223656e-06, 7.9026167441e-06, 1.13680107461e-05, 5.89295405007e-06, 3.95757660954e-06, 2.19296521209e-06, 1.64416599091e-06, 1.90890614249e-06, 7.0393838314e-07, 7.87027659044e-07, 3.83999889664e-07, 2.61840739313e-07, 1.77425320658e-07, 1.53900714395e-07, 8.30294268894e-08, 8.52174153465e-08, 4.84253384059e-08, 4.37830145472e-08, 3.79844848908e-08, 2.15912123736e-08, 1.70077179007e-08, 1.06077990836e-08, 7.47662909362e-09, 1.27134462957e-08, 1.24700854087e-08, 1.07209352507e-08, 8.85203732537e-09, 6.83683865077e-09, 5.55000578828e-09, 4.17744328018e-09, 2.99462232789e-09], "dmean2": [0.00118582684081, 0.00130529270973, 0.00120670720935, 0.000446609716164, 0.000395878159907, 0.00019726951723, 0.000207621153095, 8.58650528244e-05, 3.2855758036e-05, 1.27612956931e-05, 1.03408456198e-05, 1.60864037753e-05, 8.55797043187e-06, 5.96416884946e-06, 3.23118047163e-06, 2.34793219533e-06, 2.79357846011e-06, 1.05522428839e-06, 1.13363523724e-06, 5.4718549336e-07, 3.89611813034e-07, 2.53983245102e-07, 2.12373365116e-07, 1.1246775955e-07, 1.16777030712e-07, 6.66014869921e-08, 5.72486342776e-08, 5.19411003097e-08, 3.03050988748e-08, 2.44056845844e-08, 1.51007224503e-08, 1.08568132262e-08, 1.72946794663e-08, 1.70555711776e-08, 1.46693821534e-08, 1.28357120488e-08, 9.92131798938e-09, 8.03109223568e-09, 6.09629635662e-09, 4.4276724509e-09], "dvar": [3.98612246499e-06, 4.70408394904e-06, 3.11009921461e-06, 1.14075089641e-06, 4.48327966751e-07, 1.65058068546e-07, 1.35171490001e-07, 6.6221936379e-08, 1.17736735916e-08, 1.86777371347e-09, 7.80574826997e-10, 4.35416991351e-09, 7.68169305942e-10, 2.20339371748e-10, 8.00677649182e-11, 1.05510974957e-10, 1.13117751277e-10, 1.4663400702e-11, 9.31848140318e-11, 5.74884757853e-12, 1.66932884616e-12, 7.66842698282e-13, 7.96556614072e-13, 2.85938482093e-13, 6.65570083856e-13, 1.12317293866e-13, 6.75531611444e-14, 7.61617196176e-14, 1.90811078147e-14, 2.13058110515e-14, 4.09227959543e-15, 1.46205192355e-15, 4.74075107919e-15, 4.31870039608e-15, 4.45710981483e-15, 2.63599533098e-15, 1.40388977095e-15, 9.24882898403e-16, 4.84393208002e-16, 5.25974108323e-16], "dvar2": [1.1010374692e-05, 1.20333452287e-05, 8.5049387053e-06, 2.10850726035e-06, 1.01066962088e-06, 3.02862190438e-07, 2.97982722941e-07, 1.14159043108e-07, 2.32184103055e-08, 2.86231305324e-09, 1.40996536668e-09, 7.96318033736e-09, 1.46715906091e-09, 4.54533244376e-10, 1.5223250438e-10, 1.79687265067e-10, 1.74584721679e-10, 3.04576433519e-11, 1.56970714205e-10, 1.09106335078e-11, 3.3756552241e-12, 1.54216830278e-12, 1.66769213456e-12, 6.40024708579e-13, 1.40257597203e-12, 2.39531593345e-13, 1.30672409742e-13, 1.65285957122e-13, 4.08661446967e-14, 5.00412292983e-14, 9.43375067598e-15, 3.12662688369e-15, 8.22887849576e-15, 8.26470036614e-15, 9.80610720663e-15, 5.41940658203e-15, 3.14595681083e-15, 2.08288027532e-15, 1.00214352638e-15, 9.31588328851e-16], "max": [0.0684857666492, 0.0577872022986, 0.0326409526169, 0.0383611731231, 0.0211527142674, 0.0117520820349, 0.0121183833107, 0.0125855421647, 0.00573089951649, 0.00219401111826, 0.000849181204103, 0.00338393263519, 0.00151596078649, 0.000477246154333, 0.000481844093883, 0.000422903511208, 0.000593565171584, 0.000212358005228, 0.000739343464375, 0.000162807220477, 5.66244962101e-05, 4.87439137942e-05, 4.41258671344e-05, 3.25840010191e-05, 5.7388409914e-05, 2.14452429645e-05, 1.25813594423e-05, 1.46504398799e-05, 9.07945832296e-06, 1.02466847238e-05, 3.59915611625e-06, 1.36324683808e-06, 4.16015200244e-06, 3.83427186534e-06, 3.58755551133e-06, 2.20404876927e-06, 1.1700738014e-06, 1.28021679302e-06, 6.45500392693e-07, 1.25715257582e-06], "mean": [0.00275575951673, 0.00353672448546, 0.0029607177712, 0.00082092161756, 0.000976224546321, 0.000530309043825, 0.000439481751528, 0.000206295138923, 7.54593056627e-05, 2.91126216325e-05, 2.74634548987e-05, 2.76340451819e-05, 1.51124604599e-05, 9.65571052802e-06, 5.63345247429e-06, 4.69299448014e-06, 5.12934548169e-06, 1.93867526832e-06, 1.82547785244e-06, 1.09528093617e-06, 6.24045640052e-07, 4.29297415394e-07, 3.6429119632e-07, 1.92277497035e-07, 1.76173330146e-07, 1.01636807415e-07, 9.168598325e-08, 7.6748939648e-08, 3.99443642607e-08, 2.64872976885e-08, 1.65331073276e-08, 1.11917026757e-08, 2.05024885958e-08, 2.11628581326e-08, 1.707751629e-08, 1.31493198552e-08, 9.34339627889e-09, 8.26938251208e-09, 5.64165114625e-09, 3.77372177951e-09], "median": [0.00255417637527, 0.00144837400876, 0.000940213911235, 0.000233543483773, 0.000480473681819, 0.000195904955035, 0.000128171290271, 5.06535834575e-05, 1.82861440408e-05, 4.59454349766e-06, 5.48575826542e-06, 5.80545747653e-06, 3.17635908686e-06, 2.01956254386e-06, 1.09817574412e-06, 3.33076656034e-07, 6.41872134111e-07, 2.08128554391e-07, 1.82762036616e-07, 1.45152071696e-07, 1.07995333565e-07, 6.78944473975e-08, 5.04066974827e-08, 2.77071592336e-08, 1.82253945269e-08, 1.34242572614e-08, 1.23886678693e-08, 8.16141820792e-09, 4.10339762169e-09, 2.19034701487e-09, 1.35595767947e-09, 8.74552763541e-10, 8.13594636107e-10, 7.00453084423e-10, 5.41406253163e-10, 3.24344273661e-10, 2.09812139884e-10, 1.64144434156e-10, 1.55334800578e-10, 1.26241683773e-10], "min": [3.22392767593e-14, 1.04093869416e-14, 2.93090552167e-15, 2.15635487778e-15, 5.40237952572e-15, 3.53998658525e-15, 1.65482783438e-15, 9.88660879442e-16, 1.58049402287e-15, 2.49962006185e-15, 2.71774057489e-15, 3.66714444184e-15, 3.75317419016e-15, 2.24133726986e-15, 1.94178385631e-15, 1.18137442747e-15, 3.42202051845e-15, 5.95158975949e-15, 4.87660203492e-15, 4.34890855559e-15, 4.30118333121e-15, 2.61903773137e-15, 8.28136743344e-15, 5.23675155025e-15, 3.75051154209e-15, 4.18736624354e-15, 1.91757036072e-15, 1.1591094253e-15, 1.23103575741e-15, 4.20217492056e-15, 5.11976190067e-15, 3.75964552188e-15, 2.66844876307e-15, 7.1815561378e-15, 3.78220158575e-15, 4.22297084996e-15, 4.38099289309e-15, 6.38474123289e-15, 2.73366373551e-15, 5.20589371646e-15], "var": [4.52062431577e-06, 2.12951690628e-05, 1.79642993317e-05, 3.92321771869e-06, 2.63475862994e-06, 1.1151300896e-06, 8.83645498106e-07, 3.67069930007e-07, 5.40841362806e-08, 1.08385656006e-08, 4.23155954721e-09, 1.25580283949e-08, 3.28477778311e-09, 8.67338867394e-10, 3.64031860212e-10, 5.51669876447e-10, 5.67960400932e-10, 8.01152130747e-11, 2.68573857598e-10, 2.4232426829e-11, 4.99478756966e-12, 2.54532224291e-12, 2.58130279304e-12, 6.46371790727e-13, 1.37182322793e-12, 2.60075462685e-13, 1.79122084461e-13, 1.47584215356e-13, 4.09288895093e-14, 3.00303808513e-14, 5.51844252125e-15, 2.29136896496e-15, 1.14960082401e-14, 1.07564527625e-14, 7.49290257932e-15, 4.42446347097e-15, 2.20127324673e-15, 1.79454835425e-15, 9.32749399264e-16, 9.25309591251e-16]}, "mfcc": {"mean": [-836.437988281, 228.648132324, 49.1428031921, 23.3771858215, 15.6061820984, 7.15276575089, 2.3907327652, 3.74809837341, -1.57864749432, 1.35169959068, -0.844136655331, 5.64464426041, 9.25761890411], "cov": [[6652.86767578, 1154.01647949, -1384.7878418, -10.5525484085, -284.968231201, -242.826889038, -301.620178223, -150.614303589, -365.541046143, -16.8691272736, -200.897613525, -148.170013428, -118.527420044], [1154.01647949, 1760.19091797, 51.904083252, -187.175292969, -1.41948091984, -133.915756226, -66.5312805176, -93.1185531616, -84.7209091187, -156.088058472, -100.009376526, -118.689163208, -94.637588501], [-1384.7878418, 51.904083252, 847.63861084, 101.90712738, 84.9108886719, 101.474227905, 70.1782989502, 29.8984413147, 58.7757873535, -48.3664283752, -6.40195560455, -28.5998134613, -40.0647621155], [-10.5525484085, -187.175292969, 101.90712738, 365.955749512, 74.8799133301, 20.3118495941, 44.0411987305, 4.42985153198, -41.4599342346, -7.10616445541, -19.5427513123, -61.3539619446, -56.1971893311], [-284.968231201, -1.41948091984, 84.9108886719, 74.8799133301, 198.420135498, 61.0551300049, -5.48756790161, -5.10437870026, 11.6085996628, -19.4044151306, -15.7503929138, -28.6081047058, -36.2555465698], [-242.826889038, -133.915756226, 101.474227905, 20.3118495941, 61.0551300049, 151.680343628, 39.8942375183, -5.72018766403, 12.24995327, 16.7148323059, 9.42629623413, -10.762169838, -4.81244087219], [-301.620178223, -66.5312805176, 70.1782989502, 44.0411987305, -5.48756790161, 39.8942375183, 135.054260254, 31.4304351807, -8.13792800903, 1.50718963146, 5.54704809189, -13.2437534332, -6.46590566635], [-150.614303589, -93.1185531616, 29.8984413147, 4.42985153198, -5.10437870026, -5.72018766403, 31.4304351807, 106.974868774, 32.758354187, -23.4221305847, 11.950343132, 6.17595672607, 5.08840608597], [-365.541046143, -84.7209091187, 58.7757873535, -41.4599342346, 11.6085996628, 12.24995327, -8.13792800903, 32.758354187, 123.570724487, 24.4057750702, -3.81399583817, 40.9465789795, 25.8902435303], [-16.8691272736, -156.088058472, -48.3664283752, -7.10616445541, -19.4044151306, 16.7148323059, 1.50718963146, -23.4221305847, 24.4057750702, 126.729217529, 26.1821784973, 10.9064807892, 28.5716018677], [-200.897613525, -100.009376526, -6.40195560455, -19.5427513123, -15.7503929138, 9.42629623413, 5.54704809189, 11.950343132, -3.81399583817, 26.1821784973, 116.898208618, 28.4001293182, 10.519200325], [-148.170013428, -118.689163208, -28.5998134613, -61.3539619446, -28.6081047058, -10.762169838, -13.2437534332, 6.17595672607, 40.9465789795, 10.9064807892, 28.4001293182, 158.524017334, 78.058380127], [-118.527420044, -94.637588501, -40.0647621155, -56.1971893311, -36.2555465698, -4.81244087219, -6.46590566635, 5.08840608597, 25.8902435303, 28.5716018677, 10.519200325, 78.058380127, 135.385452271]], "icov": [[0.000505972187966, -0.000392279791413, 0.000753152766265, -0.000462826341391, 0.000805135350674, -0.000716201553587, 0.00114047562238, -0.000719925912563, 0.00110655429307, -0.000558160303626, 0.000870095158461, -0.000279105326626, 0.000470702827442], [-0.000392279791413, 0.00123622862156, -0.000766707991716, 0.00107959622983, -0.00083601748338, 0.00146991584916, -0.00100826832931, 0.00152560323477, -0.000655725831166, 0.00137113407254, -0.000340303900884, 0.000863746157847, -0.000170698272996], [0.000753152766265, -0.000766707991716, 0.00265772943385, -0.0011942241108, 0.00114513805602, -0.00197942880914, 0.00116725976113, -0.000984036247246, 0.000454628752777, -9.66991428868e-05, 0.000986668164842, -0.000317951111356, 0.000783375056926], [-0.000462826341391, 0.00107959622983, -0.0011942241108, 0.00450817402452, -0.00223241304047, 0.00186736870091, -0.00203209300525, 0.000825156399515, 0.000628275389317, 0.000342630344676, 3.3298987546e-05, 0.00102852482814, 0.000419789605075], [0.000805135350674, -0.00083601748338, 0.00114513805602, -0.00223241304047, 0.00835025496781, -0.00431818934157, 0.00336322491057, -0.000942754617427, 0.00035152156488, 0.00025658114464, 0.00162643974181, -0.000236192558077, 0.00169987091795], [-0.000716201553587, 0.00146991584916, -0.00197942880914, 0.00186736870091, -0.00431818934157, 0.0112018128857, -0.00465817376971, 0.00333820329979, -0.0018780407263, 0.000425211997936, -0.00181305035949, 0.00152436969802, -0.000984924496152], [0.00114047562238, -0.00100826832931, 0.00116725976113, -0.00203209300525, 0.00336322491057, -0.00465817376971, 0.01245431602, -0.00537041854113, 0.00433924142271, -0.00229721469805, 0.00232535088435, -0.000696134520695, 0.00120299984701], [-0.000719925912563, 0.00152560323477, -0.000984036247246, 0.000825156399515, -0.000942754617427, 0.00333820329979, -0.00537041854113, 0.0153039330617, -0.00672654574737, 0.00592666165903, -0.00353060336784, 0.00232898141257, -0.00151092594024], [0.00110655429307, -0.000655725831166, 0.000454628752777, 0.000628275389317, 0.00035152156488, -0.0018780407263, 0.00433924142271, -0.00672654574737, 0.0152473384514, -0.00532015319914, 0.00460065063089, -0.00362328020856, 0.00133170874324], [-0.000558160303626, 0.00137113407254, -9.66991428868e-05, 0.000342630344676, 0.00025658114464, 0.000425211997936, -0.00229721469805, 0.00592666165903, -0.00532015319914, 0.0127346897498, -0.00368160242215, 0.00271849217825, -0.00261669117026], [0.000870095158461, -0.000340303900884, 0.000986668164842, 3.3298987546e-05, 0.00162643974181, -0.00181305035949, 0.00232535088435, -0.00353060336784, 0.00460065063089, -0.00368160242215, 0.0119109638035, -0.00282403780147, 0.00204447936267], [-0.000279105326626, 0.000863746157847, -0.000317951111356, 0.00102852482814, -0.000236192558077, 0.00152436969802, -0.000696134520695, 0.00232898141257, -0.00362328020856, 0.00271849217825, -0.00282403780147, 0.0108334934339, -0.00534517457709], [0.000470702827442, -0.000170698272996, 0.000783375056926, 0.000419789605075, 0.00169987091795, -0.000984924496152, 0.00120299984701, -0.00151092594024, 0.00133170874324, -0.00261669117026, 0.00204447936267, -0.00534517457709, 0.0118401506916]]}, "spectral_contrast_coeffs": {"dmean": [0.036633271724, 0.0355557352304, 0.0342786386609, 0.0306597054005, 0.0291235316545, 0.0204264204949], "dmean2": [0.0598020590842, 0.0572253167629, 0.0558974407613, 0.0500611364841, 0.0459461547434, 0.029826015234], "dvar": [0.00153128616512, 0.00117664528079, 0.00112243345939, 0.00104641844518, 0.00121391925495, 0.000467801757623], "dvar2": [0.00370735512115, 0.00295266206376, 0.0027353449259, 0.00252621644177, 0.00266961054876, 0.000930040958337], "max": [-0.312462717295, -0.34950953722, -0.398836314678, -0.426650583744, -0.427625417709, -0.586968004704], "mean": [-0.604476749897, -0.626560747623, -0.703705906868, -0.72820097208, -0.752759277821, -0.816540777683], "median": [-0.601711988449, -0.626263320446, -0.701972961426, -0.726254582405, -0.750839233398, -0.825136303902], "min": [-0.931486487389, -0.961173117161, -0.984119772911, -0.98426347971, -0.95710927248, -0.934630513191], "var": [0.0104109235108, 0.0072939908132, 0.00661610532552, 0.00635197479278, 0.00701323663816, 0.00412084627897]}, "spectral_contrast_valleys": {"dmean": [0.334621340036, 0.30247464776, 0.352838099003, 0.369838833809, 0.434190779924, 0.376630634069], "dmean2": [0