{"lowlevel": {"average_loudness": 0.78403699398, "barkbands_crest": {"dmean": 3.10866189003, "dmean2": 5.00475645065, "dvar": 14.201300621, "dvar2": 33.1492462158, "max": 26.9015369415, "mean": 16.5059013367, "median": 17.0292701721, "min": 2.62847876549, "var": 35.9888000488}, "barkbands_flatness_db": {"dmean": 0.0984753444791, "dmean2": 0.132461965084, "dvar": 0.0119883278385, "dvar2": 0.0219159852713, "max": 0.890621900558, "mean": 0.407144874334, "median": 0.402604460716, "min": 0.0209558717906, "var": 0.0466329865158}, "barkbands_kurtosis": {"dmean": 33.8882827759, "dmean2": 54.9299850464, "dvar": 7800.17138672, "dvar2": 19142.4980469, "max": 1685.03259277, "mean": 38.697063446, "median": 8.99495029449, "min": -1.92662858963, "var": 9409.4609375}, "barkbands_skewness": {"dmean": 1.78780043125, "dmean2": 2.73057508469, "dvar": 6.3442902565, "dvar2": 15.5964031219, "max": 26.5363235474, "mean": 2.76200771332, "median": 2.09689617157, "min": -11.2991828918, "var": 12.2950544357}, "barkbands_spread": {"dmean": 6.51327323914, "dmean2": 10.2902507782, "dvar": 171.232528687, "dvar2": 401.00668335, "max": 139.504974365, "mean": 12.6475868225, "median": 2.90323257446, "min": 0.0222113635391, "var": 646.96081543}, "dissonance": {"dmean": 0.0755977258086, "dmean2": 0.117007635534, "dvar": 0.0059767048806, "dvar2": 0.0136441485956, "max": 0.5, "mean": 0.333633184433, "median": 0.364018440247, "min": 0.0218540616333, "var": 0.0168103706092}, "dynamic_complexity": 6.7222328186, "erbbands_crest": {"dmean": 4.05148124695, "dmean2": 6.3045964241, "dvar": 23.1534099579, "dvar2": 47.0878143311, "max": 34.3121070862, "mean": 16.5003986359, "median": 16.0992889404, "min": 2.47061824799, "var": 60.3649902344}, "erbbands_flatness_db": {"dmean": 0.0779029801488, "dmean2": 0.107667699456, "dvar": 0.00810238253325, "dvar2": 0.0140148652717, "max": 0.715954720974, "mean": 0.309228420258, "median": 0.316541016102, "min": 0.0394065752625, "var": 0.0258714500815}, "erbbands_kurtosis": {"dmean": 15.1651687622, "dmean2": 23.8678379059, "dvar": 1001.50836182, "dvar2": 2282.91699219, "max": 375.087219238, "mean": 18.3973140717, "median": 4.14449548721, "min": -1.8907917738, "var": 1679.47021484}, "erbbands_skewness": {"dmean": 1.30400216579, "dmean2": 1.96551418304, "dvar": 2.49275588989, "dvar2": 5.78539276123, "max": 14.1651544571, "mean": 1.46589565277, "median": 1.01908075809, "min": -5.34750890732, "var": 6.11039304733}, "erbbands_spread": {"dmean": 13.9731521606, "dmean2": 21.3407726288, "dvar": 460.280944824, "dvar2": 979.641601562, "max": 173.84576416, "mean": 22.5792751312, "median": 9.72846412659, "min": 0.183592095971, "var": 817.986206055}, "hfc": {"dmean": 4.82445144653, "dmean2": 7.4537024498, "dvar": 101.04209137, "dvar2": 250.354293823, "max": 222.055557251, "mean": 7.50962257385, "median": 2.97072672844, "min": 4.78186448771e-11, "var": 157.308425903}, "melbands_crest": {"dmean": 3.43309020996, "dmean2": 5.52132987976, "dvar": 19.6651687622, "dvar2": 44.9492645264, "max": 39.600566864, "mean": 21.4976959229, "median": 21.336977005, "min": 3.34853887558, "var": 43.8920097351}, "melbands_flatness_db": {"dmean": 0.108995571733, "dmean2": 0.146271690726, "dvar": 0.0145598268136, "dvar2": 0.02683711797, "max": 1, "mean": 0.527772009373, "median": 0.528253614902, "min": 0.0185660645366, "var": 0.0638122484088}, "melbands_kurtosis": {"dmean": 30.0491504669, "dmean2": 48.21043396, "dvar": 4745.63037109, "dvar2": 12617.765625, "max": 932.223083496, "mean": 36.2754364014, "median": 12.4670000076, "min": -1.87946689129, "var": 5432.10595703}, "melbands_skewness": {"dmean": 1.70802271366, "dmean2": 2.52465772629, "dvar": 4.92935657501, "dvar2": 11.714430809, "max": 24.4678955078, "mean": 2.87132048607, "median": 2.17268824577, "min": -5.38938856125, "var": 10.1912927628}, "melbands_spread": {"dmean": 5.17189502716, "dmean2": 8.1819486618, "dvar": 152.75668335, "dvar2": 353.303009033, "max": 202.853851318, "mean": 12.6274843216, "median": 2.98210692406, "min": 0.16097971797, "var": 1120.11999512}, "pitch_salience": {"dmean": 0.10175511241, "dmean2": 0.16059371829, "dvar": 0.0164157897234, "dvar2": 0.037881936878, "max": 0.978314399719, "mean": 0.363211482763, "median": 0.346116304398, "min": 0.0136474529281, "var": 0.0365024209023}, "silence_rate_20dB": {"dmean": 0.00110864744056, "dmean2": 0.00221790955402, "dvar": 0.0011073978385, "dvar2": 0.0033218623139, "max": 1, "mean": 0.999445855618, "median": 1, "min": 0, "var": 0.000553884543478}, "silence_rate_30dB": {"dmean": 0.0493348129094, "dmean2": 0.0986969769001, "dvar": 0.0469032265246, "dvar2": 0.0978242307901, "max": 1, "mean": 0.904405653477, "median": 1, "min": 0, "var": 0.0864539667964}, "silence_rate_60dB": {"dmean": 0.100332595408, "dmean2": 0.200443580747, "dvar": 0.0902675017715, "dvar2": 0.173021316528, "max": 1, "mean": 0.290108054876, "median": 0, "min": 0, "var": 0.205949887633}, "spectral_centroid": {"dmean": 226.33265686, "dmean2": 346.929229736, "dvar": 169626.21875, "dvar2": 363961, "max": 4211.24169922, "mean": 661.814575195, "median": 375.155883789, "min": 73.5573806763, "var": 691978.1875}, "spectral_complexity": {"dmean": 2.10144114494, "dmean2": 3.30801224709, "dvar": 10.9456100464, "dvar2": 26.0604114532, "max": 25, "mean": 3.51399278641, "median": 3, "min": 0, "var": 13.4157924652}, "spectral_decrease": {"dmean": 3.5938994003e-09, "dmean2": 5.13222442322e-09, "dvar": 6.40629083633e-17, "dvar2": 1.39765611139e-16, "max": -1.24514171312e-22, "mean": -9.71293534491e-09, "median": -4.25473345445e-09, "min": -1.27482181256e-07, "var": 1.74533574001e-16}, "spectral_energy": {"dmean": 0.0139231272042, "dmean2": 0.0199090112001, "dvar": 0.000953207665589, "dvar2": 0.00208664149977, "max": 0.501287639141, "mean": 0.0373399928212, "median": 0.0164550542831, "min": 4.8072393539e-15, "var": 0.00257483078167}, "spectral_energyband_high": {"dmean": 0.000174722998054, "dmean2": 0.000297157268506, "dvar": 1.8152843495e-07, "dvar2": 4.52729977951e-07, "max": 0.00258263386786, "mean": 0.000122360972455, "median": 1.13465254969e-07, "min": 3.7548102343e-15, "var": 1.4481712185e-07}, "spectral_energyband_low": {"dmean": 0.00981204397976, "dmean2": 0.0136936847121, "dvar": 0.000473239109851, "dvar2": 0.000945960113313, "max": 0.315581768751, "mean": 0.0280620679259, "median": 0.0117473453283, "min": 1.23876133316e-16, "var": 0.00151492725126}, "spectral_energyband_middle_high": {"dmean": 0.00041696356493, "dmean2": 0.00072283600457, "dvar": 1.19645619634e-06, "dvar2": 3.1332663184e-06, "max": 0.0265020187944, "mean": 0.000324847263983, "median": 1.1266751244e-05, "min": 6.24815547608e-16, "var": 1.19361004636e-06}, "spectral_energyband_middle_low": {"dmean": 0.0061877919361, "dmean2": 0.00942881871015, "dvar": 0.000450284424005, "dvar2": 0.00111849000677, "max": 0.482206493616, "mean": 0.00988943502307, "median": 0.00110836210661, "min": 2.19507860362e-16, "var": 0.000764620723203}, "spectral_entropy": {"dmean": 0.7592664361, "dmean2": 1.04259777069, "dvar": 0.859837174416, "dvar2": 1.58514261246, "max": 8.95690155029, "mean": 5.62952232361, "median": 5.49684906006, "min": 2.42281293869, "var": 2.91416192055}, "spectral_flux": {"dmean": 0.0392544418573, "dmean2": 0.0583781227469, "dvar": 0.00353533704765, "dvar2": 0.00743100838736, "max": 0.635441958904, "mean": 0.058263476938, "median": 0.0327347889543, "min": 4.77826233691e-06, "var": 0.0052139419131}, "spectral_kurtosis": {"dmean": 82.9806213379, "dmean2": 131.348434448, "dvar": 22124.4375, "dvar2": 56029, "max": 2751.85327148, "mean": 119.34602356, "median": 28.0696144104, "min": 0.42887377739, "var": 32606.7910156}, "spectral_rms": {"dmean": 0.00111469312105, "dmean2": 0.00150333519559, "dvar": 3.26871759171e-06, "dvar2": 6.04128354098e-06, "max": 0.0221147257835, "mean": 0.00458749849349, "median": 0.00400670804083, "min": 2.16563833533e-09, "var": 1.53839300765e-05}, "spectral_rolloff": {"dmean": 546.906616211, "dmean2": 955.869445801, "dvar": 3390003.25, "dvar2": 8459846, "max": 18669.2871094, "mean": 1320.66259766, "median": 279.931640625, "min": 21.533203125, "var": 13254106}, "spectral_skewness": {"dmean": 2.90077471733, "dmean2": 4.29370689392, "dvar": 15.0133934021, "dvar2": 30.1368846893, "max": 43.8013343811, "mean": 7.18722343445, "median": 4.45868778229, "min": 0.934850275517, "var": 39.2391319275}, "spectral_spread": {"dmean": 1566452.875, "dmean2": 2405141, "dvar": 4197650268160.0, "dvar2": 8671537397760.0, "max": 29476758, "mean": 3816255, "median": 2451518.25, "min": 61780.5390625, "var": 12524895338500.0}, "spectral_strongpeak": {"dmean": 0.220470994711, "dmean2": 0.340041965246, "dvar": 0.272299557924, "dvar2": 0.576913237572, "max": 10.1985445023, "mean": 0.588002085686, "median": 0.315669953823, "min": 0, "var": 0.767615139484}, "zerocrossingrate": {"dmean": 0.0140478303656, "dmean2": 0.0169145390391, "dvar": 0.000739979790524, "dvar2": 0.000883861386683, "max": 0.638671875, "mean": 0.0488035008311, "median": 0.01513671875, "min": 0.001953125, "var": 0.0105149745941}, "barkbands": {"dmean": [0.000113985173812, 0.00564906513318, 0.00425118021667, 0.00142320932355, 0.00136913429014, 0.00176093704067, 0.00164944049902, 0.000628156587481, 0.000245494418778, 0.000131132270326, 0.00012055120169, 4.58664871985e-05, 1.83993706742e-05, 1.46888223753e-05, 9.24223058973e-06, 1.09771190182e-05, 2.43332269747e-05, 4.52881358797e-05, 4.90655183967e-05, 3.25275141222e-05, 5.57185421712e-06, 4.46703688795e-06, 3.02663174807e-05, 1.59394676302e-05, 5.07154400111e-05, 3.79831180908e-05, 1.08905051093e-05], "dmean2": [0.00019828157383, 0.00800965633243, 0.00621697725728, 0.00235468754545, 0.00217213318683, 0.00279712560587, 0.00254957564175, 0.000952713249717, 0.000383169041015, 0.00021527329227, 0.000214745057747, 8.49720890983e-05, 3.28049791278e-05, 2.60712258751e-05, 1.72551626747e-05, 2.01884577109e-05, 4.33271634392e-05, 7.74137224653e-05, 8.74303004821e-05, 5.78071376367e-05, 9.930971828e-06, 7.86786858953e-06, 5.2217143093e-05, 2.76019727607e-05, 8.74979014043e-05, 6.44780739094e-05, 1.88426583918e-05], "dvar": [1.03579303357e-07, 0.000171460298588, 0.00016869980027, 2.65621201834e-05, 3.08725539071e-05, 0.000130993765197, 0.00013924324594, 8.91100899025e-06, 1.22758740417e-06, 1.20462721043e-06, 9.33950801141e-08, 3.97348713932e-08, 7.57618501268e-09, 1.27843335918e-09, 5.34618516124e-10, 8.30881974334e-10, 3.24883320246e-09, 1.5114554941e-08, 2.22509370928e-08, 6.44793018978e-09, 2.47265818931e-10, 1.36555530772e-10, 6.50307407923e-09, 1.7373903427e-09, 1.53433532546e-08, 9.2103480398e-09, 9.69521907201e-10], "dvar2": [2.68976236839e-07, 0.000346824148437, 0.000348156929249, 7.29522580514e-05, 6.70871741022e-05, 0.000305505411234, 0.00036837355583, 2.06723161682e-05, 2.56852035818e-06, 3.01805516756e-06, 2.51806426377e-07, 1.12808898223e-07, 2.20492974989e-08, 3.34590022355e-09, 1.47185741373e-09, 2.32464980598e-09, 8.63919602523e-09, 4.00397190958e-08, 6.26211829058e-08, 1.69082419177e-08, 6.72313871242e-10, 3.67405328383e-10, 1.68791558508e-08, 4.41147962604e-09, 3.96905548428e-08, 2.20165663478e-08, 2.54831555857e-09], "max": [0.00471797212958, 0.234935700893, 0.247440010309, 0.16511169076, 0.232992678881, 0.394819349051, 0.465030997992, 0.0686701610684, 0.0365548953414, 0.0383958183229, 0.00238819303922, 0.00283508654684, 0.00211594463326, 0.000570626405533, 0.000273719633697, 0.000532693928108, 0.000388390792068, 0.00114503432997, 0.00122641795315, 0.000473897060147, 0.000139539624797, 9.44018975133e-05, 0.000607322901487, 0.000271000317298, 0.000708187290002, 0.000702171120793, 0.000257844192674], "mean": [0.000182419054909, 0.017038449645, 0.00981140416116, 0.0017546149902, 0.00179886771366, 0.00264138006605, 0.00250491709448, 0.000868859351613, 0.000251037767157, 0.000129959284095, 7.8933990153e-05, 2.9545471989e-05, 1.32641707751e-05, 1.00286433735e-05, 5.70585871174e-06, 7.75968328526e-06, 1.81769137271e-05, 3.28104251821e-05, 3.16869409289e-05, 2.1891992219e-05, 3.63267122339e-06, 3.0097992294e-06, 2.06681561394e-05, 1.10523560579e-05, 3.50722766598e-05, 2.74199173873e-05, 7.42367092244e-06], "median": [9.24918367673e-06, 0.00452912552282, 0.00218048598617, 0.000176533445483, 7.68299360061e-05, 2.0404220777e-05, 1.65135788848e-05, 4.59845205114e-06, 2.86301815322e-06, 1.36988751365e-06, 6.06253593105e-07, 1.50076601813e-07, 1.35527827183e-07, 1.34993470624e-07, 4.91116445289e-08, 3.95679009557e-08, 5.60777735359e-08, 6.358325777e-08, 5.13127247359e-08, 3.05049709937e-08, 9.6597609911e-09, 1.14878133672e-08, 1.21804495379e-08, 7.28966842445e-09, 1.23034977761e-08, 7.23593540641e-09, 3.43319928042e-09], "min": [6.47385958097e-17, 6.88581074615e-17, 1.91648351157e-17, 6.50804612851e-18, 1.1358085647e-17, 1.74825548905e-17, 3.44518806069e-17, 5.09535548009e-17, 7.78894903825e-17, 6.4937807371e-17, 2.44404673311e-17, 1.23819832095e-16, 6.89335595682e-17, 1.97299003901e-17, 1.01169535811e-16, 4.18266292105e-17, 7.92697239526e-17, 2.82304831664e-17, 6.83614218996e-17, 5.78569560391e-17, 1.63590093611e-16, 3.52894731073e-16, 4.26787053125e-16, 3.63265273083e-16, 2.61684899824e-16, 1.29232123812e-15, 9.10331084128e-16], "var": [2.03584804126e-07, 0.000698868418112, 0.000455965404399, 2.8428468795e-05, 6.75717237755e-05, 0.000272549979854, 0.00019433964917, 1.54698700499e-05, 2.03881268135e-06, 1.40291354001e-06, 6.29834318033e-08, 2.35763586431e-08, 4.34376534741e-09, 9.72104285957e-10, 3.40480893479e-10, 5.90460846883e-10, 2.58986365687e-09, 1.10849507351e-08, 1.34671918062e-08, 4.67844119001e-09, 1.67245356453e-10, 9.54156892385e-11, 4.82933559809e-09, 1.32028155075e-09, 1.14545173346e-08, 7.6994943754e-09, 6.84262480011e-10]}, "erbbands": {"dmean": [0.109608255327, 1.48838937283, 4.81214761734, 4.56476783752, 4.59842586517, 3.8426668644, 7.04849863052, 18.09582901, 26.5031108856, 15.929605484, 11.0948295593, 5.26007843018, 6.33091020584, 4.29183006287, 3.10952877998, 1.63647127151, 0.814494669437, 0.836658239365, 0.537001371384, 0.504141449928, 0.786782622337, 1.37287688255, 2.38262605667, 2.95850229263, 1.50102174282, 1.61229944229, 0.666498064995, 0.106210157275, 0.155634507537, 0.437492638826, 0.7865280509, 0.352506458759, 0.376383602619, 0.664771080017, 0.301914930344, 0.130391597748, 0.0832388997078, 0.0187463723123, 0.00198244489729, 8.00694615464e-05], "dmean2": [0.150727897882, 2.12024450302, 7.00956296921, 7.04518270493, 7.58754968643, 6.35401391983, 10.91614151, 28.4343032837, 40.3672485352, 25.1011199951, 16.380022049, 8.33814144135, 10.187505722, 7.18960189819, 5.48388433456, 3.02655339241, 1.46752810478, 1.4692054987, 0.97939491272, 0.928104221821, 1.43230867386, 2.41795873642, 4.07446289062, 5.10950708389, 2.72628712654, 2.8645195961, 1.17641794682, 0.189347699285, 0.273786425591, 0.756018042564, 1.35090005398, 0.614214718342, 0.64671766758, 1.15320467949, 0.518668472767, 0.218567043543, 0.142759308219, 0.0323098711669, 0.00344966864213, 0.000133747147629], "dvar": [0.0777959227562, 11.7330436707, 193.915847778, 156.15612793, 485.648406982, 198.976974487, 1809.43737793, 17260.3710938, 29190.6542969, 6393.50292969, 2530.97143555, 401.398498535, 1724.39477539, 315.740447998, 67.0779724121, 47.1302566528, 17.3071289062, 3.76321935654, 1.75654017925, 1.47463810444, 3.95511651039, 10.9664421082, 43.8197097778, 66.3634109497, 19.5853500366, 15.7751493454, 3.61827635765, 0.0709416046739, 0.153140380979, 1.23772490025, 4.2581949234, 0.923593640327, 0.949448406696, 2.7466673851, 0.526021301746, 0.0976304113865, 0.0462989583611, 0.00265262974426, 3.64279076166e-05, 4.18825791826e-08], "dvar2": [0.155272513628, 23.8638362885, 394.795043945, 396.892364502, 1265.66162109, 447.612915039, 3627.56079102, 39950.7890625, 75373.4296875, 17233.5507812, 5663.06054688, 870.986877441, 4263.56494141, 581.393615723, 179.661331177, 134.766342163, 50.755405426, 9.85163784027, 4.82682991028, 4.02688503265, 10.6942176819, 29.3345947266, 118.858650208, 180.423324585, 55.4618377686, 41.4667549133, 9.55683517456, 0.191980272532, 0.409434050322, 3.21842598915, 11.0097932816, 2.41994452477, 2.37765574455, 7.17891550064, 1.33959007263, 0.228488907218, 0.11213798821, 0.00677905930206, 9.76756273303e-05, 1.11199369712e-07], "max": [4.96442079544, 58.5912780762, 259.961212158, 262.271026611, 952.192138672, 577.053527832, 2053.63232422, 4708.24169922, 6226.61914062, 3028.93066406, 1200.92736816, 639.08215332, 1407.88244629, 973.667785645, 91.3182296753, 135.675689697, 103.656433105, 26.1550369263, 14.3297519684, 17.0360736847, 19.4033241272, 22.723947525, 67.534324646, 69.8560409546, 35.2072944641, 25.812582016, 16.4112739563, 2.41477799416, 3.01183891296, 7.70216989517, 14.6655883789, 6.85585451126, 5.92487573624, 10.122961998, 4.45046377182, 2.04036402702, 1.4720518589, 0.499583214521, 0.0472135841846, 0.00174475833774], "mean": [0.372800022364, 4.30057954788, 11.7766876221, 7.94018173218, 5.70703983307, 4.47761297226, 10.3525648117, 28.5013103485, 42.8248710632, 22.261095047, 15.8371076584, 5.50702762604, 6.51257944107, 3.69353103638, 2.15008306503, 1.04138827324, 0.556962668896, 0.616729736328, 0.342790424824, 0.320951610804, 0.629386365414, 0.993092775345, 1.69066298008, 2.07930636406, 0.946430325508, 1.07998859882, 0.440628558397, 0.0697892010212, 0.105041772127, 0.297651380301, 0.542381763458, 0.237795069814, 0.263937324286, 0.45477694273, 0.210487425327, 0.0955520421267, 0.0594954900444, 0.0129609145224, 0.00134735298343, 8.63875829964e-05], "median": [0.0370671451092, 1.40856099129, 3.35501408577, 2.04164767265, 0.462140291929, 0.256640017033, 0.225484788418, 0.252292722464, 0.326270222664, 0.401741296053, 0.165192991495, 0.134744822979, 0.0830444768071, 0.0746287629008, 0.0361870080233, 0.0110763246194, 0.00882987584919, 0.0116776647046, 0.00449787033722, 0.00282469321974, 0.00277139246464, 0.00320535246283, 0.0035660630092, 0.00389308785088, 0.00171613821294, 0.00153550005052, 0.00070041953586, 0.000361869198969, 0.000432356726378, 0.000366162712453, 0.000360265461495, 0.000206898068427, 0.000166863566847, 0.000172874919372, 0.000116098446597, 6.67735948809e-05, 3.38443896908e-05, 5.19136710864e-06, 2.10886137211e-05, 2.91626347462e-05], "min": [2.96484740242e-15, 1.21227643402e-14, 2.33195708972e-14, 2.34834395853e-14, 2.0985107437e-14, 4.21545258552e-14, 8.42937509073e-14, 1.66558769815e-13, 3.87774800334e-13, 7.4556159857e-13, 1.31325950548e-12, 1.75936207877e-12, 2.0432366736e-12, 1.3774957737e-12, 2.45499215575e-12, 4.81210080464e-12, 3.37398251699e-12, 1.22259320723e-12, 2.72993455099e-12, 6.45540565447e-12, 1.54165547515e-12, 4.53398386543e-12, 1.37133360223e-12, 2.26244912561e-12, 4.13131855115e-12, 2.72141770924e-12, 7.15364399662e-12, 6.88498173404e-12, 1.17237816677e-11, 1.2523129235e-11, 1.21904352932e-11, 9.2230910409e-12, 4.83491718883e-12, 2.09546182489e-12, 2.47510692497e-12, 3.77985360026e-12, 2.70391846934e-12, 6.90542241444e-13, 1.04834638691e-13, 1.56550882419e-14], "var": [0.361270487309, 45.1581115723, 532.559143066, 218.416290283, 780.367553711, 371.768035889, 4337.01318359, 36831.5351562, 45356.296875, 7878.12451172, 4895.73828125, 629.347961426, 2033.7244873, 611.940246582, 47.0909385681, 27.2127571106, 9.47060394287, 2.99602532387, 1.13191092014, 0.989030122757, 3.45721125603, 8.18041324615, 30.5658969879, 45.2721405029, 11.5646114349, 11.3679904938, 2.56493425369, 0.0487319640815, 0.108017332852, 0.920012533665, 3.2062189579, 0.668684124947, 0.740927815437, 2.00136327744, 0.405081272125, 0.0847726836801, 0.0377785712481, 0.0019810043741, 2.45764022111e-05, 3.16272164014e-08]}, "gfcc": {"mean": [-306.595733643, 136.384109497, -18.9487609863, 9.5323266983, -33.6263313293, -0.295552283525, -15.6248044968, 15.5834655762, -11.6610956192, -2.6328420639, -6.36663913727, -4.74350261688, -11.3923654556], "cov": [[57920.3203125, 3284.43823242, 2.6928229332, 3710.80004883, 443.271514893, 242.464538574, -1466.19604492, 1492.5246582, -936.093566895, -370.785522461, 197.298812866, 81.4630432129, -1124.83642578], [3284.43823242, 7777.51464844, 2704.56933594, -861.217102051, 313.559692383, -253.307739258, 944.106994629, -854.32409668, 687.300415039, -224.060760498, 356.064453125, -569.592285156, 313.502929688], [2.6928229332, 2704.56933594, 3582.27832031, 970.149963379, 976.106628418, 112.771560669, 446.591949463, -316.920349121, 274.598175049, -171.094863892, 184.831115723, -333.108001709, -30.8657493591], [3710.80004883, -861.217102051, 970.149963379, 2089.62280273, 1039.86816406, 360.760314941, -144.044845581, 276.269683838, -151.823165894, -157.829101562, -84.7989654541, -47.0406837463, -263.558624268], [443.271514893, 313.559692383, 976.106628418, 1039.86816406, 1106.51513672, 459.328857422, 245.181182861, -47.6524963379, -19.7856254578, -225.566329956, -62.1566886902, -159.826278687, -41.0146903992], [242.464538574, -253.307739258, 112.771560669, 360.760314941, 459.328857422, 455.58581543, 212.496124268, 62.0325393677, -92.6824645996, -128.715820312, -105.594467163, -47.0277900696, -7.51041078568], [-1466.19604492, 944.106994629, 446.591949463, -144.044845581, 245.181182861, 212.496124268, 474.952514648, -80.2960586548, 143.458480835, -104.089653015, -21.9998970032, -134.357543945, 103.316589355], [1492.5246582, -854.32409668, -316.920349121, 276.269683838, -47.6524963379, 62.0325393677, -80.2960586548, 387.925201416, -19.5177192688, 34.0943641663, -50.7207489014, 70.176071167, -118.526947021], [-936.093566895, 687.300415039, 274.598175049, -151.823165894, -19.7856254578, -92.6824645996, 143.458480835, -19.5177192688, 291.246398926, 108.515762329, 104.223945618, -75.4901275635, 15.8644742966], [-370.785522461, -224.060760498, -171.094863892, -157.829101562, -225.566329956, -128.715820312, -104.089653015, 34.0943641663, 108.515762329, 248.15385437, 114.92640686, 71.3721923828, -28.9394321442], [197.298812866, 356.064453125, 184.831115723, -84.7989654541, -62.1566886902, -105.594467163, -21.9998970032, -50.7207489014, 104.223945618, 114.92640686, 185.399581909, 41.5947647095, 18.6952514648], [81.4630432129, -569.592285156, -333.108001709, -47.0406837463, -159.826278687, -47.0277900696, -134.357543945, 70.176071167, -75.4901275635, 71.3721923828, 41.5947647095, 179.025924683, 27.0898895264], [-1124.83642578, 313.502929688, -30.8657493591, -263.558624268, -41.0146903992, -7.51041078568, 103.316589355, -118.526947021, 15.8644742966, -28.9394321442, 18.6952514648, 27.0898895264, 147.697753906]], "icov": [[5.3599524108e-05, -0.000137916053063, 5.96851168666e-05, -0.000104831720819, 8.26131145004e-05, -0.00016800033336, 0.000243540562224, -0.000301688531181, 0.000294306461001, 2.66548449872e-05, -0.000237628511968, 0.000102538637293, 0.000113166432129], [-0.000137916053063, 0.000730973726604, -0.000280564272543, 0.000328348542098, -0.000101542202174, 0.000639768142719, -0.000986337778158, 0.00110730901361, -0.00106480834074, 0.000528509961441, -6.65301340632e-05, 0.000258888525423, -0.000312848424073], [5.96851168666e-05, -0.000280564272543, 0.000739559764042, -0.000479738897411, -0.000148919032654, 0.000304054672597, -0.000388843996916, -9.25175936572e-06, 0.000508630939294, 6.32830342511e-05, -0.000856821250636, 0.000286322785541, 0.00060094933724], [-0.000104831720819, 0.000328348542098, -0.000479738897411, 0.00224349205382, -0.00219585327432, 0.000670527166221, 0.000551833829377, -0.000548012147192, -0.000318336096825, 5.52944329684e-05, 0.000774421321694, -0.000870641146321, 0.00111302500591], [8.26131145004e-05, -0.000101542202174, -0.000148919032654, -0.00219585327432, 0.0051108985208, -0.00387906027026, 0.00058670330327, 0.00144196534529, -0.00156190781854, 0.00218831258826, -0.00144826306496, 0.00109387072735, -0.000556800689083], [-0.00016800033336, 0.000639768142719, 0.000304054672597, 0.000670527166221, -0.00387906027026, 0.00918412115425, -0.00594473397359, -0.000434638204752, 0.00377740035765, -0.00229178112932, 0.00136535486672, -0.000430637563113, 0.000873461714946], [0.000243540562224, -0.000986337778158, -0.000388843996916, 0.000551833829377, 0.00058670330327, -0.00594473397359, 0.0102939223871, -0.00287272897549, -0.00304429815151, 0.00171698268969, 2.71014741884e-05, 0.00271256431006, -0.00463118776679], [-0.000301688531181, 0.00110730901361, -9.25175936572e-06, -0.000548012147192, 0.00144196534529, -0.000434638204752, -0.00287272897549, 0.00874948687851, -0.00538449687883, 0.00227736542001, 0.00253966217861, -0.00551349343732, 0.00549583462998], [0.000294306461001, -0.00106480834074, 0.000508630939294, -0.000318336096825, -0.00156190781854, 0.00377740035765, -0.00304429815151, -0.00538449687883, 0.0145769510418, -0.00698777567595, -0.0043575912714, 0.00702218711376, -0.00206467928365], [2.66548449872e-05, 0.000528509961441, 6.32830342511e-05, 5.52944329684e-05, 0.00218831258826, -0.00229178112932, 0.00171698268969, 0.00227736542001, -0.00698777567595, 0.0126388659701, -0.00428465707228, -0.0041738608852, 0.00484562385827], [-0.000237628511968, -6.65301340632e-05, -0.000856821250636, 0.000774421321694, -0.00144826306496, 0.00136535486672, 2.71014741884e-05, 0.00253966217861, -0.0043575912714, -0.00428465707228, 0.0146144190803, -0.00697064539418, 0.00027789833257], [0.000102538637293, 0.000258888525423, 0.000286322785541, -0.000870641146321, 0.00109387072735, -0.000430637563113, 0.00271256431006, -0.00551349343732, 0.00702218711376, -0.0041738608852, -0.00697064539418, 0.0197287444025, -0.011610836722], [0.000113166432129, -0.000312848424073, 0.00060094933724, 0.00111302500591, -0.000556800689083, 0.000873461714946, -0.00463118776679, 0.00549583462998, -0.00206467928365, 0.00484562385827, 0.00027789833257, -0.011610836722, 0.0212135948241]]}, "melbands": {"dmean": [0.00129376724362, 0.00233722990379, 0.000809346907772, 0.000285560527118, 0.000229841622058, 0.000385751482099, 0.000399297539843, 0.000168502738234, 7.61992851039e-05, 3.49340007233e-05, 3.10227551381e-05, 1.64898810908e-05, 1.40459806062e-05, 6.0763154579e-06, 2.0601835331e-06, 1.85733881608e-06, 1.5228358734e-06, 9.25299332266e-07, 6.87996532633e-07, 5.93718425534e-07, 1.0478842114e-06, 1.40581084906e-06, 1.62117862601e-06, 2.46042395702e-06, 2.47373327511e-06, 1.72286536326e-06, 6.66917117087e-07, 1.19652725061e-06, 5.6978012708e-07, 1.14779354021e-07, 3.39361641011e-08, 6.27317078283e-08, 1.27041388964e-07, 3.20530602949e-07, 4.17475376935e-07, 5.34931132279e-07, 9.79253087507e-08, 2.13987931375e-07, 3.77172426624e-07, 6.47188073799e-07], "dmean2": [0.00179820973426, 0.00333327543922, 0.00125055387616, 0.000477653433336, 0.0003606408427, 0.000611117691733, 0.000606991350651, 0.000263720023213, 0.000112792622531, 5.5046282796e-05, 4.9759317335e-05, 2.75279344351e-05, 2.47931948252e-05, 1.1241590073e-05, 3.86312558476e-06, 3.25045152749e-06, 2.68472058451e-06, 1.68534609202e-06, 1.28296835555e-06, 1.08241147245e-06, 1.90405796729e-06, 2.50276502811e-06, 2.86881095235e-06, 4.20225524067e-06, 4.27963323091e-06, 3.1621184462e-06, 1.21710445455e-06, 2.11197766475e-06, 1.00778061096e-06, 2.07819610409e-07, 6.06651653356e-08, 1.10401522591e-07, 2.23830312507e-07, 5.54594521418e-07, 7.16136639767e-07, 9.29673547034e-07, 1.72241456653e-07, 3.72712889884e-07, 6.37853474927e-07, 1.13326723294e-06], "dvar": [9.7746915344e-06, 3.32633208018e-05, 5.96554809817e-06, 1.31169042561e-06, 1.81240454822e-06, 7.09739197191e-06, 6.96877850714e-06, 5.79144170842e-07, 1.13991269757e-07, 2.25961418465e-08, 4.41377423499e-08, 5.8147673343e-09, 1.24754262476e-09, 7.35767835547e-10, 1.57082735708e-10, 4.81952637521e-11, 1.3191193797e-11, 5.53760032621e-12, 3.12603805688e-12, 2.5713905831e-12, 7.51750398043e-12, 1.17953815118e-11, 1.64860208818e-11, 4.89180883301e-11, 4.68444762147e-11, 3.13531700602e-11, 3.05504254706e-12, 9.4053159358e-12, 2.87093157407e-12, 1.12055215096e-13, 6.36106666202e-15, 2.28601182038e-14, 1.24193285322e-13, 6.71159688156e-13, 1.21571687179e-12, 2.48507529658e-12, 6.33701194275e-14, 3.23282931458e-13, 8.76676281483e-13, 2.75560498898e-12], "dvar2": [1.9443772544e-05, 6.78283031448e-05, 1.53993751155e-05, 3.48904677594e-06, 3.3850408272e-06, 1.64568427863e-05, 1.80916649697e-05, 1.51551853378e-06, 2.54519363807e-07, 4.77358703677e-08, 1.09811871596e-07, 1.03893222914e-08, 3.34509508981e-09, 2.08025729975e-09, 4.63202309842e-10, 1.37196962124e-10, 3.39981862107e-11, 1.51632560674e-11, 8.6404884983e-12, 7.13619614789e-12, 2.01648073239e-11, 3.17472506617e-11, 4.4638185509e-11, 1.29705385321e-10, 1.27481081247e-10, 8.94841145627e-11, 8.67528271442e-12, 2.45028997092e-11, 7.57988376926e-12, 3.0981936309e-13, 1.73801758711e-14, 6.13385007391e-14, 3.34525891146e-13, 1.75162011631e-12, 3.20137449536e-12, 6.57584793909e-12, 1.66578271901e-13, 8.34088928568e-13, 2.12312936329e-12, 7.34384515005e-12], "max": [0.0605243183672, 0.100002028048, 0.0750662833452, 0.0436576418579, 0.0674091875553, 0.094280064106, 0.0993119850755, 0.0248846784234, 0.0078497165814, 0.00529883103445, 0.00709997629747, 0.00432214001194, 0.000251121033216, 0.000332527881255, 0.000436536094639, 0.000175311390194, 6.0977305111e-05, 2.31910944422e-05, 2.51397868851e-05, 4.33152599726e-05, 2.42766618612e-05, 2.4858978577e-05, 3.26224107994e-05, 6.82861136738e-05, 5.78679610044e-05, 5.00623536936e-05, 1.49747320393e-05, 2.11786973523e-05, 1.55397519848e-05, 3.40168526236e-06, 6.61252670398e-07, 1.09976838303e-06, 2.88395222015e-06, 5.51785342395e-06, 7.59881777412e-06, 1.38464856718e-05, 1.57217971264e-06, 3.83666110793e-06, 5.71849432163e-06, 1.13494124889e-05], "mean": [0.00416463194415, 0.00614025210962, 0.00140243652277, 0.000330788665451, 0.000329169502947, 0.000592251657508, 0.000643393315841, 0.000232407677686, 0.000105563944089, 3.50737100234e-05, 3.19662758557e-05, 1.43176757774e-05, 9.43924897001e-06, 3.9340229705e-06, 1.22647020362e-06, 1.40139388805e-06, 1.1062302292e-06, 5.83733594794e-07, 4.2289650537e-07, 3.83388027103e-07, 8.67160565576e-07, 1.03657612271e-06, 1.0955182006e-06, 1.80466179245e-06, 1.72498528173e-06, 1.054100494e-06, 4.28340598546e-07, 8.03327054655e-07, 3.74432460148e-07, 7.44685380027e-08, 2.22889333656e-08, 4.24242934116e-08, 8.51850998629e-08, 2.16411933707e-07, 2.87929765364e-07, 3.6102727563e-07, 6.52097398302e-08, 1.4540536597e-07, 2.73556253205e-07, 4.34727610354e-07], "median": [0.000735712121241, 0.00220932019874, 0.000342078943504, 1.82417916221e-05, 7.48392994865e-06, 4.82287305203e-06, 3.91632147512e-06, 3.14843737215e-06, 5.50959612156e-07, 4.4584911052e-07, 2.77534212501e-07, 2.12653446852e-07, 1.14341411006e-07, 1.89780227089e-08, 1.20242340529e-08, 1.68638685238e-08, 1.6901134714e-08, 6.2381277921e-09, 3.4513196745e-09, 2.51699772136e-09, 3.02605251967e-09, 3.09892711492e-09, 2.56228416262e-09, 2.82002354801e-09, 3.18863069282e-09, 1.52021772948e-09, 6.38582742241e-10, 1.05230224534e-09, 5.09819131356e-10, 2.21946072632e-10, 1.55799234625e-10, 2.24226151535e-10, 2.15556780758e-10, 1.53929091695e-10, 1.63696597943e-10, 1.67302630083e-10, 7.27255269894e-11, 8.49210424203e-11, 1.1248883075e-10, 1.12284272158e-10], "min": [2.59138166227e-17, 1.37683236886e-17, 4.00970011671e-18, 2.10660444064e-18, 2.80701093892e-18, 3.7566668081e-18, 6.26374536563e-18, 8.7225757188e-18, 1.13155354762e-17, 1.10720135039e-17, 1.03047017426e-17, 5.84890436227e-18, 5.19009512263e-18, 1.43222650382e-17, 9.84698052342e-18, 5.90656836354e-18, 1.61781100897e-18, 3.48204946218e-18, 8.51108631568e-18, 5.83350639516e-18, 1.09203557289e-18, 5.05773381691e-18, 2.28158209151e-18, 1.32721594573e-18, 1.67979527118e-18, 3.23472845608e-18, 1.88896639723e-18, 1.86655745405e-18, 3.59234737942e-18, 4.90341293388e-18, 4.2444134427e-18, 6.65194867173e-18, 6.76127051584e-18, 7.40156249029e-18, 7.12833067189e-18, 6.27187117438e-18, 5.33068728903e-18, 3.58868007417e-18, 2.31229179214e-18, 1.5130524101e-18], "var": [4.32334454672e-05, 9.49068125919e-05, 8.53903202369e-06, 1.79867242878e-06, 4.74732041766e-06, 1.50478736032e-05, 1.05246417661e-05, 7.71127929511e-07, 2.22120149829e-07, 3.62525476305e-08, 5.17488025764e-08, 1.17293206259e-08, 8.62537541391e-10, 4.41520375816e-10, 8.26505530682e-11, 3.07290581869e-11, 1.06931772464e-11, 3.59611299072e-12, 2.00956373937e-12, 1.65019864093e-12, 7.11628932865e-12, 9.06727731093e-12, 1.11561758095e-11, 3.58061878758e-11, 3.17493809021e-11, 1.79608845158e-11, 1.89517498916e-12, 6.85468305381e-12, 2.02108880847e-12, 7.27894375091e-14, 4.27113949609e-15, 1.6072677179e-14, 8.59817927035e-14, 4.92236839397e-13, 8.81190953539e-13, 1.76732099007e-12, 4.52709701323e-14, 2.3743569502e-13, 7.32690709319e-13, 1.91962396499e-12]}, "mfcc": {"mean": [-916.782836914, 144.871429443, 66.9346542358, 37.738407135, 18.3059425354, -0.884062170982, 10.1787443161, 12.8096599579, 4.72192525864, 7.58108901978, 7.07003688812, 1.90704298019, 4.21090364456], "cov": [[21028.4628906, 3365.52246094, -427.581817627, 287.16973877, 436.215209961, -1298.96520996, 313.194366455, 320.387481689, -670.607543945, 99.7109909058, 28.9032287598, -128.142425537, 459.566314697], [3365.52246094, 5755.99853516, 2331.67871094, 578.782836914, 26.9882640839, 340.106506348, 192.315917969, 41.2744674683, 96.1861572266, 58.6335601807, 198.481964111, 184.666870117, 163.036911011], [-427.581817627, 2331.67871094, 2176.85571289, 975.787536621, 443.821411133, 445.747131348, 200.621307373, 94.9511871338, 125.350234985, 71.5594863892, 100.412475586, 162.288543701, 125.509819031], [287.16973877, 578.782836914, 975.787536621, 1178.09399414, 833.221740723, 377.567016602, 245.378341675, 198.952819824, 73.2151412964, 56.5824508667, 92.6894073486, 83.0982818604, 64.4594421387], [436.215209961, 26.9882640839, 443.821411133, 833.221740723, 825.04296875, 401.93560791, 315.517059326, 237.425094604, 59.8312683105, 42.8020515442, 21.1050720215, 3.81368112564, 11.2836275101], [-1298.96520996, 340.106506348, 445.747131348, 377.567016602, 401.93560791, 606.642883301, 316.663360596, 154.658950806, 164.211837769, 10.6062021255, -14.0276832581, -14.4299974442, -72.7707290649], [313.194366455, 192.315917969, 200.621307373, 245.378341675, 315.517059326, 316.663360596, 348.759735107, 257.490600586, 125.906608582, 33.2941398621, -39.7947006226, -76.5190429688, -53.7916221619], [320.387481689, 41.2744674683, 94.9511871338, 198.952819824, 237.425094604, 154.658950806, 257.490600586, 299.643218994, 158.443908691, 61.1539649963, -13.2204875946, -71.4136199951, -64.2478637695], [-670.607543945, 96.1861572266, 125.350234985, 73.2151412964, 59.8312683105, 164.211837769, 125.906608582, 158.443908691, 202.033477783, 94.7761688232, 27.5978660583, -24.8688354492, -72.4269332886], [99.7109909058, 58.6335601807, 71.5594863892, 56.5824508667, 42.8020515442, 10.6062021255, 33.2941398621, 61.1539649963, 94.7761688232, 136.869476318, 80.1803207397, 26.9514732361, -7.47476387024], [28.9032287598, 198.481964111, 100.412475586, 92.6894073486, 21.1050720215, -14.0276832581, -39.7947006226, -13.2204875946, 27.5978660583, 80.1803207397, 132.249450684, 100.189308167, 53.270160675], [-128.142425537, 184.666870117, 162.288543701, 83.0982818604, 3.81368112564, -14.4299974442, -76.5190429688, -71.4136199951, -24.8688354492, 26.9514732361, 100.189308167, 166.370788574, 107.670806885], [459.566314697, 163.036911011, 125.509819031, 64.4594421387, 11.2836275101, -72.7707290649, -53.7916221619, -64.2478637695, -72.4269332886, -7.47476387024, 53.270160675, 107.670806885, 170.97694397]], "icov": [[0.000190386621398, -0.000250243931077, 0.000301302730804, -0.000149194398546, -0.000197083703824, 0.000769597652834, -0.000829036696814, 3.50004447682e-05, 0.000751503393985, -0.000727527192794, 0.000436942937085, 5.24819870407e-06, -0.000198063949938], [-0.000250243931077, 0.000733309891075, -0.000958411663305, 0.000456672685686, 0.000356698670657, -0.000790901074652, 0.00042650528485, 0.000189063153812, -0.000976549927145, 0.00164970441256, -0.00185657653492, 0.000381068210118, 0.000346731918398], [0.000301302730804, -0.000958411663305, 0.00253788055852, -0.00282493536361, 0.00187502405606, -0.00040657716454, -0.000289286952466, -0.00086776225362, 0.00221231463365, -0.00384550727904, 0.0040719024837, -0.00104066426866, -0.00125209381804], [-0.000149194398546, 0.000456672685686, -0.00282493536361, 0.00801956001669, -0.00843138340861, 0.00276292324997, 0.000105097991764, 0.00248336722143, -0.00536973308772, 0.00656915595755, -0.00608603842556, 0.000714282330591, 0.0011733652791], [-0.000197083703824, 0.000356698670657, 0.00187502405606, -0.00843138340861, 0.0136260977015, -0.00871758721769, 0.00414143456146, -0.00912151765078, 0.0116481613368, -0.00910275336355, 0.00488858949393, 0.000247123127338, -0.00188480643556], [0.000769597652834, -0.000790901074652, -0.00040657716454, 0.00276292324997, -0.00871758721769, 0.0181372873485, -0.0199299007654, 0.0178550556302, -0.0148722026497, 0.0104318438098, -0.00359813193791, -0.003802026622, 0.00434785475954], [-0.000829036696814, 0.00042650528485, -0.000289286952466, 0.000105097991764, 0.00414143456146, -0.0199299007654, 0.034530967474, -0.0270236004144, 0.0146381948143, -0.0106939766556, 0.00619655894116, 0.00543680647388, -0.00567323854193], [3.50004447682e-05, 0.000189063153812, -0.00086776225362, 0.00248336722143, -0.00912151765078, 0.0178550556302, -0.0270236004144, 0.0347811505198, -0.0275310277939, 0.0154227269813, -0.00676506990567, -0.0016941933427, 0.00438206689432], [0.000751503393985, -0.000976549927145, 0.00221231463365, -0.00536973308772, 0.0116481613368, -0.0148722026497, 0.0146381948143, -0.0275310277939, 0.0404899530113, -0.0259774457663, 0.0081137791276, 0.00159406242892, -0.00104253552854], [-0.000727527192794, 0.00164970441256, -0.00384550727904, 0.00656915595755, -0.00910275336355, 0.0104318438098, -0.0106939766556, 0.0154227269813, -0.0259774457663, 0.0349428728223, -0.0219438113272, 0.00163034978323, 0.00453392788768], [0.000436942937085, -0.00185657653492, 0.0040719024837, -0.00608603842556, 0.00488858949393, -0.00359813193791, 0.00619655894116, -0.00676506990567, 0.0081137791276, -0.0219438113272, 0.0340186432004, -0.0132134277374, -0.00234557758085], [5.24819870407e-06, 0.000381068210118, -0.00104066426866, 0.000714282330591, 0.000247123127338, -0.003802026622, 0.00543680647388, -0.0016941933427, 0.00159406242892, 0.00163034978323, -0.0132134277374, 0.0215359162539, -0.00914214272052], [-0.000198063949938, 0.000346731918398, -0.00125209381804, 0.0011733652791, -0.00188480643556, 0.00434785475954, -0.00567323854193, 0.00438206689432, -0.00104253552854, 0.00453392788768, -0.00234557758085, -0.00914214272052, 0.0146084744483]]}, "spectral_contrast_coeffs": {"dmean": [0.061040032655, 0.0643874704838, 0.0511221401393, 0.0348579734564, 0.0320817939937, 0.0287290289998], "dmean2": [0.0940014198422, 0.0997922569513, 0.0758255049586, 0.0533385239542, 0.0469505339861, 0.0442775972188], "dvar": [0.00383057724684, 0.00389173720032, 0.00228815758601, 0.00111057236791, 0.00105369498488, 0.000868317089044], "dvar2": [0.00889218691736, 0.00865321047604, 0.0046553472057, 0.00261930236593, 0.0020349258557, 0.00199716398492], "max": [-0.172562241554, -0.226895913482, -0.3209015131, -0.551194667816, -0.606128096581, -0.661974430084], "mean": [-0.62482303381, -0.709490835667, -0.770650625229, -0.84990555048, -0.859824180603, -0.874481260777], "median": [-0.623231232166, -0.73668140173, -0.785548746586, -0.853589057922, -0.863503456116, -0.874659597874], "min": [-0.997613608837, -0.990327239037, -0.970110058784, -0.964249134064, -0.961910128593, -0.967151045799], "var": [0.0180844198912, 0.0222927611321, 0.0108580458909, 0.00313599640504, 0.00296342605725, 0.00178989721462]}, "spectral_contrast_valleys": {"dmean": [1.042278409, 1.18090999126, 1.22285294533, 1.28593409061, 1.39379274845, 1.29423105717], "dmean2": [1.39016735554, 1.70274531841, 1.64734899998, 1.68992877007, 1.80250263214, 1.72680044174], "dvar": [1.99545562267, 1.84529876709, 1.78820443153, 1.98703110218, 2.48025417328, 2.06674098969], "dvar2": [3.45263147354, 3.64267206192, 3.454174757, 3.76914381981, 4.30136299133, 3.67868852615], "max": [-4.851277351