{"lowlevel": {"average_loudness": 0.712780833244, "barkbands_crest": {"dmean": 0.801285624504, "dmean2": 1.26812911034, "dvar": 2.17537283897, "dvar2": 4.88185167313, "max": 26.9991474152, "mean": 13.9968490601, "median": 12.9132461548, "min": 2.6962518692, "var": 24.3587532043}, "barkbands_flatness_db": {"dmean": 0.0339346267283, "dmean2": 0.052986651659, "dvar": 0.00265035103075, "dvar2": 0.00553631875664, "max": 0.908701062202, "mean": 0.525748074055, "median": 0.544158756733, "min": 0.0222644787282, "var": 0.0096346763894}, "barkbands_kurtosis": {"dmean": 32.3404960632, "dmean2": 41.044303894, "dvar": 560821.25, "dvar2": 1162432.625, "max": 44608.3398438, "mean": 170.999359131, "median": 1.48141860962, "min": -1.89769136906, "var": 2487770.75}, "barkbands_skewness": {"dmean": 0.401998490095, "dmean2": 0.56171476841, "dvar": 8.180727005, "dvar2": 15.6291360855, "max": 171.862289429, "mean": 2.46342992783, "median": 0.54467856884, "min": -4.43575572968, "var": 136.053604126}, "barkbands_spread": {"dmean": 0.601141870022, "dmean2": 0.943604111671, "dvar": 5.97013521194, "dvar2": 12.0958051682, "max": 87.2826004028, "mean": 4.90052747726, "median": 3.13299918175, "min": 0.00105672748759, "var": 23.5548763275}, "dissonance": {"dmean": 0.0411272197962, "dmean2": 0.0727748274803, "dvar": 0.00213064788841, "dvar2": 0.00634203804657, "max": 0.500000238419, "mean": 0.319282352924, "median": 0.31554466486, "min": 0.0718975067139, "var": 0.00891563668847}, "dynamic_complexity": 5.32052183151, "erbbands_crest": {"dmean": 0.859242200851, "dmean2": 1.3440258503, "dvar": 3.67287707329, "dvar2": 8.40837669373, "max": 33.7502479553, "mean": 18.3888130188, "median": 17.0408325195, "min": 2.25680303574, "var": 48.1638221741}, "erbbands_flatness_db": {"dmean": 0.0179529841989, "dmean2": 0.0257520731539, "dvar": 0.00162726105191, "dvar2": 0.00349722360261, "max": 0.827650308609, "mean": 0.482071310282, "median": 0.494114488363, "min": 0.046195615083, "var": 0.00628696056083}, "erbbands_kurtosis": {"dmean": 2.39727830887, "dmean2": 3.5127196312, "dvar": 58.0104179382, "dvar2": 123.088424683, "max": 398.532501221, "mean": 16.8998622894, "median": 2.46748256683, "min": -1.82417547703, "var": 2986.2265625}, "erbbands_skewness": {"dmean": 0.285921216011, "dmean2": 0.386895418167, "dvar": 0.408183395863, "dvar2": 0.754468798637, "max": 14.8063774109, "mean": 0.355554074049, "median": -0.00677853124216, "min": -4.92597866058, "var": 7.24636411667}, "erbbands_spread": {"dmean": 0.961155891418, "dmean2": 1.47276031971, "dvar": 11.4816150665, "dvar2": 25.890586853, "max": 79.9861373901, "mean": 7.44486761093, "median": 5.53317022324, "min": 0.16521166265, "var": 44.3283691406}, "hfc": {"dmean": 2.84655451775, "dmean2": 3.40011239052, "dvar": 99.7155303955, "dvar2": 187.72454834, "max": 197.815643311, "mean": 17.4888019562, "median": 10.8959188461, "min": 1.1328349662e-16, "var": 428.343994141}, "melbands_crest": {"dmean": 0.895501852036, "dmean2": 1.462703228, "dvar": 2.77660870552, "dvar2": 6.10283470154, "max": 36.1150741577, "mean": 14.7360658646, "median": 13.9155902863, "min": 1.38725793362, "var": 25.1551170349}, "melbands_flatness_db": {"dmean": 0.0313029065728, "dmean2": 0.0479996316135, "dvar": 0.0033080750145, "dvar2": 0.00697993859649, "max": 0.893374085426, "mean": 0.565701425076, "median": 0.586777746677, "min": 0.00194760516752, "var": 0.0122125893831}, "melbands_kurtosis": {"dmean": 2.38028669357, "dmean2": 3.42973971367, "dvar": 85.4665908813, "dvar2": 169.832672119, "max": 379.878112793, "mean": 10.8420448303, "median": 0.551967382431, "min": -1.8825622797, "var": 1790.92041016}, "melbands_skewness": {"dmean": 0.222050219774, "dmean2": 0.325414061546, "dvar": 0.280932813883, "dvar2": 0.592492759228, "max": 15.1559276581, "mean": 0.749848604202, "median": 0.636184155941, "min": -3.59837770462, "var": 2.62447142601}, "melbands_spread": {"dmean": 0.900724411011, "dmean2": 1.35639321804, "dvar": 9.48911762238, "dvar2": 19.3450298309, "max": 141.538650513, "mean": 9.61616230011, "median": 5.54505062103, "min": 0.0914901643991, "var": 144.641418457}, "pitch_salience": {"dmean": 0.022593729198, "dmean2": 0.039110712707, "dvar": 0.00292718457058, "dvar2": 0.0077061378397, "max": 0.954261720181, "mean": 0.44063732028, "median": 0.442337065935, "min": 0.0033674382139, "var": 0.0196559242904}, "silence_rate_20dB": {"dmean": 0, "dmean2": 0, "dvar": 0, "dvar2": 0, "max": 1, "mean": 1, "median": 1, "min": 1, "var": 0}, "silence_rate_30dB": {"dmean": 0.00309437862597, "dmean2": 0.00619035353884, "dvar": 0.00308477086946, "dvar2": 0.00769947515801, "max": 1, "mean": 0.996906399727, "median": 1, "min": 0, "var": 0.00308398297057}, "silence_rate_60dB": {"dmean": 0.00103145954199, "dmean2": 0.002063451102, "dvar": 0.00103036069777, "dvar2": 0.0020592266228, "max": 1, "mean": 0.120391853154, "median": 0, "min": 0, "var": 0.105898790061}, "spectral_centroid": {"dmean": 34.7047729492, "dmean2": 48.9593887329, "dvar": 22609.6191406, "dvar2": 30874.8417969, "max": 11093.6513672, "mean": 749.861755371, "median": 599.409667969, "min": 329.696838379, "var": 204253.625}, "spectral_complexity": {"dmean": 0.409489423037, "dmean2": 0.743358254433, "dvar": 1.333573699, "dvar2": 3.51966452599, "max": 27, "mean": 6.51869058609, "median": 7, "min": 0, "var": 7.58037471771}, "spectral_decrease": {"dmean": 6.20848816801e-10, "dmean2": 8.20510603905e-10, "dvar": 2.32791040967e-18, "dvar2": 4.4073841534e-18, "max": 9.76570982144e-19, "mean": -5.17748066642e-09, "median": -4.24903978669e-09, "min": -3.09173842084e-08, "var": 1.83370969834e-17}, "spectral_energy": {"dmean": 0.00259112450294, "dmean2": 0.00339487544261, "dvar": 4.33160239481e-05, "dvar2": 8.16537503852e-05, "max": 0.126580417156, "mean": 0.0211273245513, "median": 0.0171502158046, "min": 1.03288734464e-20, "var": 0.00031521866913}, "spectral_energyband_high": {"dmean": 5.19293098478e-05, "dmean2": 7.61379778851e-05, "dvar": 7.27151316937e-08, "dvar2": 1.7268600061e-07, "max": 0.00527349160984, "mean": 5.98195983912e-05, "median": 1.83689735422e-06, "min": 7.54347359618e-21, "var": 7.62846070756e-08}, "spectral_energyband_low": {"dmean": 1.50417548639e-07, "dmean2": 2.52870336226e-07, "dvar": 9.83231725205e-13, "dvar2": 2.51451246977e-12, "max": 2.49802833423e-05, "mean": 1.18605406385e-07, "median": 7.23546200732e-09, "min": 5.72223923429e-23, "var": 8.27852218201e-13}, "spectral_energyband_middle_high": {"dmean": 0.00138934946153, "dmean2": 0.00149832596071, "dvar": 3.21447550959e-05, "dvar2": 6.09306734987e-05, "max": 0.109021008015, "mean": 0.00794069282711, "median": 0.00258383504115, "min": 1.45407103161e-21, "var": 0.000167980761034}, "spectral_energyband_middle_low": {"dmean": 0.00136581261177, "dmean2": 0.00210200669244, "dvar": 1.06788202174e-05, "dvar2": 2.21604077524e-05, "max": 0.089637696743, "mean": 0.0133779142052, "median": 0.0114764207974, "min": 3.63526466928e-22, "var": 0.000150330073666}, "spectral_entropy": {"dmean": 0.190678343177, "dmean2": 0.307574927807, "dvar": 0.242037773132, "dvar2": 0.560890376568, "max": 9.79775238037, "mean": 4.78298044205, "median": 4.72015619278, "min": 2.19997262955, "var": 0.556137025356}, "spectral_flux": {"dmean": 0.0102991340682, "dmean2": 0.0159669797868, "dvar": 0.000645796826575, "dvar2": 0.00143396097701, "max": 0.278336405754, "mean": 0.0192780327052, "median": 0.00923850294203, "min": 1.01631064675e-10, "var": 0.000909040332772}, "spectral_kurtosis": {"dmean": 33.7513046265, "dmean2": 57.3426742554, "dvar": 1761.45251465, "dvar2": 4364.37646484, "max": 500.021392822, "mean": 124.246742249, "median": 109.699195862, "min": -1.1701066494, "var": 8449.828125}, "spectral_rms": {"dmean": 0.000235524799791, "dmean2": 0.00030802297988, "dvar": 2.77337079524e-07, "dvar2": 4.98168390095e-07, "max": 0.01111274492, "mean": 0.0040828185156, "median": 0.00409046653658, "min": 3.17442101251e-12, "var": 3.94260314351e-06}, "spectral_rolloff": {"dmean": 32.5273628235, "dmean2": 56.2849273682, "dvar": 160369.140625, "dvar2": 296735.625, "max": 18712.3535156, "mean": 1073.94384766, "median": 818.26171875, "min": 344.53125, "var": 1972472}, "spectral_skewness": {"dmean": 1.4706107378, "dmean2": 2.50174093246, "dvar": 2.73001384735, "dvar2": 6.38317871094, "max": 18.0737190247, "mean": 8.15171432495, "median": 8.00332736969, "min": -0.00868188682944, "var": 13.1661186218}, "spectral_spread": {"dmean": 488443.5625, "dmean2": 803332.4375, "dvar": 712450048000, "dvar2": 1281587937280.0, "max": 39399372, "mean": 1336665.375, "median": 994345.625, "min": 175371.984375, "var": 1807564537860.0}, "spectral_strongpeak": {"dmean": 0.363388687372, "dmean2": 0.509503960609, "dvar": 1.71715950966, "dvar2": 3.76407766342, "max": 22.1709537506, "mean": 2.91829013824, "median": 1.77017390728, "min": 0, "var": 9.85962772369}, "zerocrossingrate": {"dmean": 0.00225833221339, "dmean2": 0.00295500201173, "dvar": 3.63685576303e-05, "dvar2": 4.4385138608e-05, "max": 0.51416015625, "mean": 0.0395282506943, "median": 0.02978515625, "min": 0.0146484375, "var": 0.00155652605463}, "barkbands": {"dmean": [4.84221507335e-09, 7.78184006123e-09, 3.64814525255e-08, 2.83035859638e-07, 0.000339865830028, 0.00071587273851, 0.000173221502337, 0.000223524533794, 0.000282785214949, 0.000160543320817, 7.11898755981e-05, 0.000184066098882, 0.000182212708751, 0.000492759805638, 0.000401736062486, 4.24697973358e-05, 1.30459757202e-05, 7.35449066269e-06, 8.10423625808e-06, 8.78796072357e-06, 1.15677730719e-05, 8.84277505975e-06, 3.57965382136e-06, 1.33836319947e-05, 7.25851259631e-06, 4.52214453617e-06, 1.43653994655e-06], "dmean2": [8.79822703581e-09, 1.41324854042e-08, 6.18158182419e-08, 4.92794356433e-07, 0.000551809906028, 0.00120728847105, 0.000257148931269, 0.000290037103696, 0.000340499798767, 0.000212800325244, 7.70698825363e-05, 0.000203625982977, 0.000243890521233, 0.000552068988327, 0.000417151983129, 7.24478231859e-05, 2.14979554585e-05, 1.26650820675e-05, 1.34244583023e-05, 1.23442296172e-05, 1.85399458132e-05, 1.22212113638e-05, 5.70885413254e-06, 2.16946573346e-05, 1.20949771372e-05, 7.75020907895e-06, 2.43924387178e-06], "dvar": [7.32807907339e-17, 1.90284747226e-16, 3.80031801113e-14, 6.22046945203e-12, 9.21272658161e-07, 3.6357969293e-06, 2.21206832407e-07, 9.00354905298e-07, 2.94563824355e-06, 1.094601771e-06, 3.12655231482e-07, 2.85492842522e-06, 2.58497016148e-06, 1.06017723738e-05, 9.68769927567e-06, 3.0197853107e-07, 8.66837357449e-09, 1.5723885527e-09, 2.56382093333e-09, 1.99832639325e-09, 5.19174836455e-09, 8.11502776088e-09, 4.46810560772e-10, 1.98467677848e-08, 4.86301221514e-09, 1.11193620977e-09, 3.28716442954e-10], "dvar2": [2.33420839742e-16, 5.96719041231e-16, 9.79676951542e-14, 1.71791313813e-11, 2.45912519858e-06, 7.88214128988e-06, 4.420233779e-07, 1.55280633862e-06, 6.16914212515e-06, 2.45626847573e-06, 5.7098088746e-07, 5.36508878213e-06, 5.91332218391e-06, 1.95025222638e-05, 1.57781196322e-05, 8.49974526318e-07, 1.99302743198e-08, 4.06544176101e-09, 6.44126751936e-09, 4.36641833801e-09, 1.36916806781e-08, 1.7746996761e-08, 9.85792447672e-10, 5.10154798405e-08, 1.09101749857e-08, 2.93394375461e-09, 7.06392000449e-10], "max": [1.44622447351e-07, 2.24922629855e-07, 3.29843169311e-06, 7.76434972067e-05, 0.0163007304072, 0.0607472322881, 0.0143106253818, 0.0364913232625, 0.0551867932081, 0.0382286608219, 0.0257532782853, 0.049124468118, 0.0401323027909, 0.0910790190101, 0.108934633434, 0.017831703648, 0.0028402004391, 0.000916164834052, 0.00146739452612, 0.000935166026466, 0.002126759151, 0.0046410234645, 0.00047648648615, 0.00372032704763, 0.00200810586102, 0.000736206769943, 0.000534539751243], "mean": [4.00169364312e-09, 6.65418831147e-09, 2.85432388836e-08, 2.01790527399e-07, 0.00119493494276, 0.00499737728387, 0.00142043503001, 0.00190180249047, 0.003246844979, 0.0012226102408, 0.00085078086704, 0.0019179538358, 0.000952986825723, 0.00187056942377, 0.00139926641714, 5.61750966881e-05, 1.64265748026e-05, 8.59915053297e-06, 8.54157224239e-06, 1.23522286231e-05, 1.39934336403e-05, 1.08994790935e-05, 4.25780581281e-06, 1.02890971903e-05, 5.7163447309e-06, 3.0955911825e-06, 1.15767386433e-06], "median": [1.19108678476e-09, 2.11791850724e-09, 2.24202301169e-09, 3.05080760654e-09, 3.6646713852e-05, 0.0027702988591, 0.000713607762009, 0.000376185693312, 0.000677977746818, 0.000174342872924, 1.50848036355e-05, 9.99268104351e-06, 1.66281915881e-06, 6.19194963747e-07, 2.00695623676e-07, 3.00008373699e-08, 3.04514998106e-07, 3.47182520954e-07, 2.78971032941e-08, 5.01810077935e-08, 1.84301171657e-07, 5.86153703352e-08, 2.7585642659e-09, 2.42432807163e-09, 1.2529419724e-09, 1.03890640535e-09, 1.02104857902e-09], "min": [1.81454132518e-23, 1.50654446869e-23, 3.09551354237e-23, 1.70440435212e-23, 1.2379291263e-22, 3.99644381432e-23, 4.72110974343e-23, 5.52634298342e-23, 7.66303964062e-23, 5.48192569684e-23, 6.85731667577e-23, 1.12659523038e-22, 1.60362207034e-22, 6.40359922406e-23, 7.40244922245e-23, 1.47299326775e-22, 1.86499882505e-22, 2.59208964947e-22, 2.81951155891e-22, 1.70605748904e-22, 3.63913728213e-22, 4.30693870931e-22, 8.20477642509e-22, 7.22817419749e-22, 1.49061076582e-21, 1.41893130463e-21, 2.30002799784e-21], "var": [5.92274487303e-17, 1.56442101684e-16, 3.0854571014e-14, 4.29821846518e-12, 4.28666862717e-06, 4.30722466263e-05, 3.48773824044e-06, 1.18848756756e-05, 3.92095316784e-05, 5.90349145568e-06, 5.95035453443e-06, 3.56765704055e-05, 1.32003451654e-05, 4.68126709166e-05, 4.34451867477e-05, 2.46063763143e-07, 9.27634413728e-09, 1.86924764556e-09, 3.38013195211e-09, 3.72709330065e-09, 4.82940265556e-09, 9.68474012097e-09, 5.63015634114e-10, 1.52877444037e-08, 4.6163028955e-09, 7.83819842365e-10, 3.15437509446e-10]}, "erbbands": {"dmean": [7.66088191995e-07, 5.02712373418e-06, 6.59153884044e-05, 0.00128153548576, 0.0466928854585, 1.46363699436, 3.44778466225, 6.13913869858, 3.93572974205, 4.09456634521, 5.0055346489, 6.56987285614, 6.25210475922, 2.8780143261, 2.93712925911, 9.71151828766, 7.57232427597, 30.0005741119, 18.9216518402, 12.786026001, 1.73842787743, 0.582394421101, 0.441888839006, 0.353509098291, 0.409231573343, 0.418938070536, 0.484193950891, 0.405638277531, 0.203152760863, 0.246604338288, 0.148536607623, 0.346508979797, 0.134534686804, 0.107132971287, 0.0382971130311, 0.0163374748081, 0.0104620466009, 0.00187676236965, 0.000297051679809, 9.57866086537e-06], "dmean2": [1.2531872926e-06, 8.32236582937e-06, 0.000109710010292, 0.00216843001544, 0.0797590464354, 2.45554327965, 4.91949224472, 10.9660358429, 6.7130241394, 6.18828773499, 6.00012207031, 7.57947778702, 8.06414413452, 3.29165697098, 3.11515927315, 10.4439649582, 9.48157215118, 33.5936851501, 19.6263389587, 13.9728775024, 2.35429573059, 0.957882583141, 0.735584914684, 0.624952971935, 0.651508748531, 0.572675168514, 0.762892305851, 0.600303709507, 0.285741001368, 0.340736955404, 0.233779922128, 0.571912944317, 0.212229669094, 0.174744054675, 0.0649929568172, 0.0277359429747, 0.0179024077952, 0.00316270603798, 0.000514243321959, 1.52278316818e-05], "dvar": [2.79806299658e-12, 1.20691054373e-10, 4.12502032532e-08, 2.19926350837e-05, 0.0204269587994, 18.5334243774, 140.706344604, 214.236022949, 129.139602661, 160.864974976, 719.948608398, 1777.42224121, 1609.95947266, 246.309310913, 353.930145264, 7136.54785156, 3429.94580078, 40693.7226562, 27592.4257812, 14532.1914062, 168.490463257, 9.47929286957, 5.17196464539, 4.08544778824, 7.19038009644, 4.38527107239, 8.9292383194, 4.27780818939, 1.62278699875, 10.808131218, 0.686353504658, 18.2260112762, 2.14671730995, 1.32604026794, 0.106202565134, 0.0123827951029, 0.00859619863331, 0.000412086606957, 1.61053976626e-05, 4.23889767731e-09], "dvar2": [7.09625500722e-12, 3.24313881306e-10, 1.09919476188e-07, 6.06242392678e-05, 0.0608731582761, 54.1873016357, 260.352661133, 537.63104248, 261.300170898, 369.035705566, 1290.69006348, 3664.65405273, 3720.2734375, 439.7315979, 654.465454102, 13153.7294922, 7150.98925781, 81688.609375, 44048.671875, 25235.21875, 347.301727295, 23.2480220795, 12.487950325, 12.0038747787, 16.3800392151, 9.04819869995, 23.8889083862, 10.0873785019, 3.50298070908, 23.0995368958, 1.50286746025, 47.863735199, 4.97887277603, 2.92569899559, 0.256659030914, 0.0331662967801, 0.0228752922267, 0.000923134211916, 3.38322934113e-05, 9.26855658889e-09], "max": [3.48430294252e-05, 0.000189297221368, 0.00460997689515, 0.146187439561, 2.38053679466, 62.5869560242, 338.478149414, 423.759063721, 428.603820801, 263.613311768, 1005.91619873, 1497.52893066, 1347.69421387, 694.594604492, 802.48614502, 2463.51367188, 1842.60803223, 4960.24853516, 6703.99755859, 4856.95654297, 423.957061768, 70.6358642578, 62.3991127014, 40.2347412109, 91.9031906128, 44.3815879822, 83.8255233765, 50.276348114, 51.3630447388, 175.442428589, 16.4718036652, 120.212364197, 60.3100204468, 34.977848053, 8.41712856293, 2.50351667404, 2.04550170898, 0.737766742706, 0.11442515254, 0.00160287914332], "mean": [3.84480472349e-06, 2.11024325836e-05, 0.000194709486095, 0.00345276854932, 0.153406262398, 4.6893992424, 24.0126228333, 38.979549408, 24.9066772461, 26.7245788574, 53.9040298462, 75.8570404053, 56.3343009949, 30.1936340332, 34.4369773865, 102.090461731, 46.4947624207, 115.637191772, 70.1479415894, 42.8337364197, 4.03354167938, 0.795608341694, 0.601337015629, 0.317097097635, 0.474833488464, 0.606623888016, 0.599405288696, 0.535462975502, 0.299824118614, 0.268892019987, 0.176656335592, 0.265911966562, 0.106652878225, 0.0870690792799, 0.0292489118874, 0.0115471873432, 0.00699561741203, 0.00143072777428, 0.000252590310993, 3.02685384668e-05], "median": [2.32586421589e-06, 1.13635605885e-05, 8.32059013192e-05, 0.00101142702624, 0.0181932877749, 0.758555591106, 9.04572486877, 22.2196044922, 11.83735466, 11.2687015533, 14.2741718292, 20.2470550537, 20.6859722137, 6.82629013062, 2.58804535866, 2.38716292381, 1.80787873268, 0.328028231859, 0.0739151611924, 0.0550290606916, 0.0580837801099, 0.0483066365123, 0.0407359451056, 0.0133948773146, 0.0053766858764, 0.00439487444237, 0.00767156109214, 0.0139923887327, 0.00714964605868, 0.00108423060738, 0.000428203726187, 0.00014678973821, 7.31252293917e-05, 3.78990735044e-05, 2.32310922001e-05, 1.54778335855e-05, 8.65353922563e-06, 2.33532864513e-06, 9.11334791454e-06, 2.00797148864e-05], "min": [9.82144095365e-22, 1.91543667282e-21, 2.80105198149e-20, 3.83972716703e-20, 1.75502755469e-19, 3.41890342479e-19, 8.32689221842e-19, 1.99517747356e-19, 3.80930139615e-19, 1.66904202662e-18, 7.45372294875e-19, 1.75473545654e-18, 1.41550362085e-18, 2.84525501416e-18, 2.51360397859e-18, 5.31701109837e-18, 6.438164256e-18, 4.15411096241e-18, 4.56594433706e-18, 4.6780004267e-18, 7.38017656273e-18, 1.19234139648e-17, 1.57959534739e-17, 1.27188887445e-17, 1.23140045141e-17, 9.35196503918e-18, 1.12354428863e-17, 1.62674811646e-17, 1.62139228743e-17, 1.92642142488e-17, 2.39404945534e-17, 1.47425571618e-17, 1.39142714359e-17, 1.51042667e-17, 1.14374834052e-17, 4.9512190102e-18, 2.71577974159e-18, 1.41613744799e-18, 3.02140979474e-19, 3.20810142169e-20], "var": [1.91844387598e-11, 6.56025400669e-10, 9.10798192422e-08, 4.464023732e-05, 0.0982240438461, 64.6602630615, 1481.41845703, 2636.17260742, 1301.14074707, 1502.77087402, 8892.15917969, 24018.1523438, 8797.27929688, 3126.77685547, 6227.60253906, 92332.5, 24724.0175781, 163352.671875, 126272.835938, 58423.5742188, 451.706695557, 10.2825021744, 7.89871692657, 2.79851198196, 11.4819545746, 8.73284339905, 8.11132526398, 5.71360492706, 2.2981595993, 11.8558006287, 0.881368517876, 13.4329118729, 1.97672748566, 1.29173612595, 0.0893639028072, 0.00867196451873, 0.00591952819377, 0.00037880660966, 1.56303976837e-05, 4.47990267105e-09]}, "gfcc": {"mean": [-265.842559814, 142.961639404, -153.773574829, -85.9234161377, -109.276878357, -51.5185508728, -38.4115829468, -35.7312278748, -11.5154132843, -5.82605743408, -1.10493695736, 5.57805967331, 10.7355117798], "cov": [[27082.7148438, 67.1068115234, -5731.55371094, -853.814147949, -582.846984863, 1039.5032959, 1011.62316895, -367.83026123, -84.2559051514, -629.967285156, -900.684814453, -522.682128906, -137.53288269], [67.1068115234, 3893.27172852, 730.969726562, -960.348571777, -264.086730957, -1192.47106934, 380.230865479, -17.7169551849, 91.7140731812, -698.115844727, -88.3362503052, 416.208312988, 69.4819030762], [-5731.55371094, 730.969726562, 2445.73657227, 469.365020752, -600.466430664, -1080.12585449, -148.1224823, 509.541625977, -108.179290771, -208.928268433, -138.215072632, 392.094818115, -25.3379325867], [-853.814147949, -960.348571777, 469.365020752, 1380.91772461, 22.6256141663, -457.801055908, -230.340087891, 217.257522583, -83.9230117798, -45.6693267822, -298.244903564, -172.282714844, 8.47621536255], [-582.846984863, -264.086730957, -600.466430664, 22.6256141663, 1379.17919922, 512.941833496, -600.992126465, -338.364837646, -80.332359314, 163.484893799, 156.872955322, -416.869598389, 54.9355583191], [1039.5032959, -1192.47106934, -1080.12585449, -457.801055908, 512.941833496, 1520.97229004, -93.2992477417, -634.579223633, -121.210494995, 230.036941528, 459.520874023, -54.3917312622, -136.431900024], [1011.62316895, 380.230865479, -148.1224823, -230.340087891, -600.992126465, -93.2992477417, 858.053955078, 46.5381469727, -51.8341598511, -227.365890503, -9.83005237579, 307.640167236, -147.768722534], [-367.83026123, -17.7169551849, 509.541625977, 217.257522583, -338.364837646, -634.579223633, 46.5381469727, 600.502929688, 80.4065933228, -68.1902618408, -270.362762451, 12.6812381744, 73.5443344116], [-84.2559051514, 91.7140731812, -108.179290771, -83.9230117798, -80.332359314, -121.210494995, -51.8341598511, 80.4065933228, 351.393615723, 76.2891159058, -133.739486694, -68.3898010254, 128.717437744], [-629.967285156, -698.115844727, -208.928268433, -45.6693267822, 163.484893799, 230.036941528, -227.365890503, -68.1902618408, 76.2891159058, 484.379516602, 60.7646598816, -305.746917725, 101.367805481], [-900.684814453, -88.3362503052, -138.215072632, -298.244903564, 156.872955322, 459.520874023, -9.83005237579, -270.362762451, -133.739486694, 60.7646598816, 499.54864502, 109.996742249, -141.377288818], [-522.682128906, 416.208312988, 392.094818115, -172.282714844, -416.869598389, -54.3917312622, 307.640167236, 12.6812381744, -68.3898010254, -305.746917725, 109.996742249, 692.019042969, -159.295120239], [-137.53288269, 69.4819030762, -25.3379325867, 8.47621536255, 54.9355583191, -136.431900024, -147.768722534, 73.5443344116, 128.717437744, 101.367805481, -141.377288818, -159.295120239, 245.266693115]], "icov": [[0.000382678088499, -0.000175046297954, 0.0013972511515, 0.000154695138917, 0.00095445511397, 3.48975154338e-05, 0.000884217035491, -0.000177962807356, 0.00106545945164, 0.000557459366973, 0.00112281600013, 0.000179148002644, 0.000768907601014], [-0.000175046297954, 0.00347562762909, -0.00105056061875, 0.00351879186928, -0.000940942030866, 0.00482656806707, -0.000410999607993, 0.00456419726834, -0.000624097592663, 0.00406112428755, -0.000778388231993, 0.000699175405316, -0.00137904519215], [0.0013972511515, -0.00105056061875, 0.00608987733722, 5.38197964488e-05, 0.00386718707159, 0.000172940955963, 0.00387870031409, -0.00135731894989, 0.00438637658954, 0.0013681933051, 0.00389133929275, 2.02017836273e-05, 0.0030709633138], [0.000154695138917, 0.00351879186928, 5.38197964488e-05, 0.00492863170803, -7.72039056756e-05, 0.00530181126669, 0.000736510613933, 0.00471014482901, 0.000733629858587, 0.00484254444018, 0.00085997057613, 0.00118291808758, -0.000199450762011], [0.00095445511397, -0.000940942030866, 0.00386718707159, -7.72039056756e-05, 0.00410863338038, -0.000659258919768, 0.00336506706662, -0.000698138028383, 0.00315745035186, 0.00128537893761, 0.00266123795882, 0.000962496269494, 0.0021245230455], [3.48975154338e-05, 0.00482656806707, 0.000172940955963, 0.00530181126669, -0.000659258919768, 0.00882478058338, 0.000450085528428, 0.00733900535852, 0.000285795424134, 0.00552534777671, -0.000781254551839, 0.000715575646609, -0.000805227318779], [0.000884217035491, -0.000410999607993, 0.00387870031409, 0.000736510613933, 0.00336506706662, 0.000450085528428, 0.00471409643069, -0.000287058093818, 0.00307899503969, 0.00179048185237, 0.0028681345284, 0.000159406059538, 0.00281129544601], [-0.000177962807356, 0.00456419726834, -0.00135731894989, 0.00471014482901, -0.000698138028383, 0.00733900535852, -0.000287058093818, 0.00935739465058, -0.000722511322238, 0.00527224224061, -6.8141540396e-05, 0.001081392169, -0.00157259113621], [0.00106545945164, -0.000624097592663, 0.00438637658954, 0.000733629858587, 0.00315745035186, 0.000285795424134, 0.00307899503969, -0.000722511322238, 0.00723169604316, 0.00083134113811, 0.00395299168304, 0.000116669987619, 0.00094103772426], [0.000557459366973, 0.00406112428755, 0.0013681933051, 0.00484254444018, 0.00128537893761, 0.00552534777671, 0.00179048185237, 0.00527224224061, 0.00083134113811, 0.0101143503562, 0.000447685102699, 0.00297250808217, -0.00100832933094], [0.00112281600013, -0.000778388231993, 0.00389133929275, 0.00085997057613, 0.00266123795882, -0.000781254551839, 0.0028681345284, -6.8141540396e-05, 0.00395299168304, 0.000447685102699, 0.00752624031156, -0.000105017323222, 0.00395070109516], [0.000179148002644, 0.000699175405316, 2.02017836273e-05, 0.00118291808758, 0.000962496269494, 0.000715575646609, 0.000159406059538, 0.001081392169, 0.000116669987619, 0.00297250808217, -0.000105017323222, 0.00350034888834, 0.000740941555705], [0.000768907601014, -0.00137904519215, 0.0030709633138, -0.000199450762011, 0.0021245230455, -0.000805227318779, 0.00281129544601, -0.00157259113621, 0.00094103772426, -0.00100832933094, 0.00395070109516, 0.000740941555705, 0.00914608221501]]}, "melbands": {"dmean": [2.49259390905e-09, 9.93529702953e-09, 1.39385136322e-07, 4.1639275878e-05, 0.00011517683015, 0.00013932325237, 5.70664487896e-05, 4.35731817561e-05, 4.49111685157e-05, 3.89346387237e-05, 3.08305679937e-05, 1.18358839245e-05, 1.03827296698e-05, 2.12768118217e-05, 1.63083277585e-05, 2.43742724706e-05, 6.04502383794e-05, 2.87706970994e-05, 1.8705637558e-05, 1.00730430859e-05, 1.26709915094e-06, 6.53701249576e-07, 4.21812273999e-07, 3.57863342515e-07, 2.66974524266e-07, 3.62918200381e-07, 1.97337755026e-07, 3.1610633755e-07, 2.80575420675e-07, 3.44829629739e-07, 2.41686763047e-07, 9.71576241682e-08, 1.99531399403e-07, 9.10462176762e-08, 9.92312081394e-08, 6.57688730143e-08, 2.96434762959e-07, 8.99005669908e-08, 5.59827846303e-08, 1.13493591414e-07], "dmean2": [4.51982939964e-09, 1.69348979284e-08, 2.4755360073e-07, 7.08832012606e-05, 0.000169444509083, 0.0002441083343, 9.74989088718e-05, 6.51133377687e-05, 5.34530772711e-05, 4.52544991276e-05, 3.99310411012e-05, 1.36547723741e-05, 1.12954403448e-05, 2.32181664614e-05, 1.86166635103e-05, 3.32188792527e-05, 6.66279156576e-05, 3.03005472233e-05, 2.0620338546e-05, 1.14035065053e-05, 2.16645094042e-06, 1.10370797302e-06, 7.03821115167e-07, 6.27528606856e-07, 4.85981956899e-07, 5.79132915846e-07, 3.27760034224e-07, 4.20146960778e-07, 4.36295465533e-07, 5.62763659673e-07, 3.47128633393e-07, 1.39769767316e-07, 2.78448879953e-07, 1.30307668655e-07, 1.57470793738e-07, 1.09488908606e-07, 4.90548643484e-07, 1.43613831938e-07, 8.69677236892e-08, 1.85240978112e-07], "dvar": [1.91427278866e-17, 2.11328367593e-15, 1.20012506877e-12, 1.7287499432e-08, 1.25134306472e-07, 1.19397455478e-07, 2.48066918118e-08, 1.79516153054e-08, 5.97939262548e-08, 5.66945921321e-08, 4.07586391304e-08, 4.78111861213e-09, 6.74413236368e-09, 3.74045860951e-08, 1.48886130091e-08, 5.93289328776e-08, 1.62630939826e-07, 6.42188240363e-08, 2.05914307827e-08, 1.10291562549e-08, 9.41759725759e-11, 1.75420667575e-11, 3.94360369013e-12, 3.81442837386e-12, 2.74463850085e-12, 6.44238525374e-12, 1.15144016283e-12, 2.92040545392e-12, 2.10675292316e-12, 7.90421634395e-12, 2.03871750211e-12, 3.36715437433e-13, 6.19662741258e-12, 1.27313784515e-12, 4.03846471238e-13, 3.43258489124e-13, 1.75134975966e-11, 1.05409713076e-12, 7.39831102197e-13, 2.15947290431e-12], "dvar2": [6.0702616165e-17, 5.46958227272e-15, 3.33548293152e-12, 5.18150358175e-08, 2.49927580853e-07, 2.83516953914e-07, 5.20219884947e-08, 4.07942941649e-08, 1.18744651445e-07, 1.16996091037e-07, 9.36678006269e-08, 8.23581736142e-09, 1.26523245214e-08, 6.96990483107e-08, 2.72202616003e-08, 1.44495913901e-07, 3.03079247033e-07, 1.03312920885e-07, 3.48453603749e-08, 1.91249434067e-08, 2.31577645948e-10, 4.14631107226e-11, 9.79807554535e-12, 1.03023952217e-11, 8.18806567687e-12, 1.40261083997e-11, 3.08255721296e-12, 5.91496513228e-12, 5.33790980167e-12, 2.13360613899e-11, 4.30524236053e-12, 7.44737171238e-13, 1.36306990001e-11, 2.64895418968e-12, 8.77344692122e-13, 8.55678971689e-13, 4.61514784722e-11, 2.50386582128e-12, 1.6139312109e-12, 4.72943602683e-12], "max": [7.36360590281e-08, 7.53081394578e-07, 3.30357215717e-05, 0.00182821007911, 0.00956548843533, 0.00997495651245, 0.00587493740022, 0.00261245970614, 0.00764451781288, 0.00803714618087, 0.00663100602105, 0.0035189576447, 0.00383825576864, 0.00564216915518, 0.0043670698069, 0.00699028326198, 0.0114061739296, 0.0101577881724, 0.00438282033429, 0.00418583210558, 0.000227514916332, 0.000118360156193, 5.03919545736e-05, 4.3381791329e-05, 3.28031637764e-05, 8.4149367467e-05, 2.41560355789e-05, 3.55981646862e-05, 2.72529177892e-05, 8.57214690768e-05, 4.61214403913e-05, 1.45212534335e-05, 0.000130573709612, 6.00739003858e-05, 1.49182833411e-05, 1.62384858413e-05, 0.000118922478578, 3.01878098981e-05, 4.61448871647e-05, 4.6722816478e-05], "mean": [2.12194217752e-09, 7.97664689856e-09, 1.00314764495e-07, 0.000114893569844, 0.000739461916965, 0.000923499232158, 0.000360964506399, 0.000289541465463, 0.000488024466904, 0.000452337204479, 0.000272747536656, 0.000118152558571, 0.000122946687043, 0.000223858558456, 0.000154248104081, 0.000100276498415, 0.000232800637605, 0.000102942496596, 6.43887906335e-05, 3.21846018778e-05, 1.28754038542e-06, 7.59762997404e-07, 6.03076387051e-07, 4.18741763042e-07, 2.05316652568e-07, 4.33076962736e-07, 2.00567399133e-07, 4.7797834668e-07, 3.43809375636e-07, 4.02771036079e-07, 3.27210813111e-07, 1.41315524615e-07, 2.31186945143e-07, 9.06727990468e-08, 1.27498736902e-07, 5.03121135864e-08, 2.22520498028e-07, 6.91659636232e-08, 4.33292797197e-08, 9.28810024448e-08], "median": [6.66183996856e-10, 1.01228014859e-09, 1.99914085286e-09, 4.62938771761e-07, 0.000308756862069, 0.000529105251189, 0.0001729860669, 0.000122735102195, 0.00015028755297, 0.000106000654341, 8.68556671776e-05, 1.74323213287e-05, 3.79792072636e-06, 2.12730719795e-06, 3.50735513166e-06, 2.50787508094e-07, 7.88996317169e-08, 2.11914414905e-08, 1.66898388443e-08, 8.50192716229e-09, 4.53716708648e-09, 1.38283233753e-08, 2.15793267699e-08, 1.32316095858e-08, 2.9744404717e-09, 7.64943053344e-10, 1.3091693285e-09, 9.6475782918e-10, 6.4257765775e-10, 1.68397340516e-09, 1.97003191538e-09, 1.8739729768e-09, 4.47834269668e-10, 5.52390494457e-11, 3.25603988216e-11, 3.91144928946e-11, 2.31070683421e-11, 2.29409494873e-11, 1.46030808973e-11, 1.18959972081e-11], "min": [6.85472006122e-24, 1.04285857614e-23, 1.24172757045e-23, 1.49055804467e-23, 2.91912834604e-23, 4.91823535513e-24, 6.04585916547e-24, 1.73623883395e-23, 6.07639873212e-24, 1.13005776177e-23, 6.95221301391e-24, 1.14236186197e-23, 8.10599860731e-24, 1.07992344243e-23, 1.83381982352e-23, 1.23952514969e-23, 7.00916167152e-24, 7.29924239245e-24, 5.37556602645e-24, 9.28208056532e-24, 7.57326584965e-24, 1.14991678286e-23, 1.25514972321e-23, 1.48985879836e-23, 9.70249767387e-24, 1.02599414994e-23, 5.26892347055e-24, 6.81481316575e-24, 6.93944608902e-24, 7.71791296296e-24, 9.70889375809e-24, 8.7407413352e-24, 8.88268107787e-24, 1.22307550655e-23, 1.3610261374e-23, 1.07260959744e-23, 8.99244633967e-24, 1.03040340908e-23, 9.28810036289e-24, 1.33545316012e-23], "var": [1.58058862587e-17, 1.72123881734e-15, 8.1002554924e-13, 5.54364802952e-08, 1.23612971947e-06, 1.44957880366e-06, 2.57260893477e-07, 1.68254985056e-07, 6.42924192107e-07, 7.70137091877e-07, 2.25867296422e-07, 5.73406175874e-08, 1.23664776197e-07, 4.74898371294e-07, 1.8104360322e-07, 1.73501973677e-07, 7.21926539882e-07, 2.90554453386e-07, 8.68729941317e-08, 4.40037446481e-08, 8.68313268509e-11, 1.7857486323e-11, 6.15476376462e-12, 3.89999100722e-12, 1.67991803194e-12, 1.13686334652e-11, 1.08246809953e-12, 6.15199861539e-12, 2.5763516754e-12, 6.68308247284e-12, 3.49488537069e-12, 5.51215865487e-13, 6.56537758187e-12, 1.44593028956e-12, 5.49183257464e-13, 2.72611035308e-13, 1.27937764549e-11, 9.24849823461e-13, 7.42428525342e-13, 2.12309922247e-12]}, "mfcc": {"mean": [-902.360168457, 149.703826904, -13.8922367096, -62.8935165405, -80.7726135254, -55.8255310059, -49.8970832825, -37.8825759888, -25.7911586761, -23.5141124725, -4.9331703186, 1.07116115093, -5.96462583542], "cov": [[8706.19628906, 1695.55493164, -1880.7980957, -1283.90979004, -1225.76831055, -134.299423218, -361.377532959, -41.3007736206, -217.874343872, -646.830688477, -232.252624512, -185.606628418, -334.513946533], [1695.55493164, 2438.35644531, -52.3833961487, -1008.13964844, -1083.20336914, -774.835083008, -356.757507324, 149.107177734, -145.229614258, -642.55847168, -126.601661682, 36.745010376, -19.6117286682], [-1880.7980957, -52.3833961487, 1330.82629395, 863.145935059, -231.050491333, -840.630615234, -326.868896484, 263.276947021, 313.418640137, -111.476661682, -3.8319144249, -36.2697753906, -54.2771835327], [-1283.90979004, -1008.13964844, 863.145935059, 2037.3190918, 708.963378906, -728.47869873, -610.397033691, -114.0754776, 437.677886963, 125.184585571, -50.2448539734, -110.079521179, -409.659576416], [-1225.76831055, -1083.20336914, -231.050491333, 708.963378906, 1655.4095459, 703.344421387, 3.3529074192, -541.344848633, -205.301849365, 400.944488525, -143.017425537, -125.452644348, -136.472732544], [-134.299423218, -774.835083008, -840.630615234, -728.47869873, 703.344421387, 1576.22851562, 777.263000488, -252.592193604, -547.605957031, 222.546096802, 10.9521923065, 29.6490478516, 212.567657471], [-361.377532959, -356.757507324, -326.868896484, -610.397033691, 3.3529074192, 777.263000488, 889.07220459, 186.506362915, -460.181152344, -57.8721160889, 40.6489868164, 203.524414062, 164.975906372], [-41.3007736206, 149.107177734, 263.276947021, -114.0754776, -541.344848633, -252.592193604, 186.506362915, 861.852722168, 31.9084777832, -620.985351562, -8.74374198914, 67.8145523071, 254.042190552], [-217.874343872, -145.229614258, 313.418640137, 437.677886963, -205.301849365, -547.605957031, -460.181152344, 31.9084777832, 737.076171875, 237.768981934, 0.474896192551, -194.124298096, -39.1799430847], [-646.830688477, -642.55847168, -111.476661682, 125.184585571, 400.944488525, 222.546096802, -57.8721160889, -620.985351562, 237.768981934, 1128.57116699, 128.517868042, -217.620422363, -245.357818604], [-232.252624512, -126.601661682, -3.8319144249, -50.2448539734, -143.017425537, 10.9521923065, 40.6489868164, -8.74374198914, 0.474896192551, 128.517868042, 324.902770996, 104.550636292, -46.7349357605], [-185.606628418, 36.745010376, -36.2697753906, -110.079521179, -125.452644348, 29.6490478516, 203.524414062, 67.8145523071, -194.124298096, -217.620422363, 104.550636292, 445.039611816, 78.8935241699], [-334.513946533, -19.6117286682, -54.2771835327, -409.659576416, -136.472732544, 212.567657471, 164.975906372, 254.042190552, -39.1799430847, -245.357818604, -46.7349357605, 78.8935241699, 586.092163086]], "icov": [[0.000471758510685, 0.000311979965772, 0.000943517428823, 5.4547253967e-05, 0.000712694425602, 0.000166015408468, 0.000587644346524, 0.00015383194841, 0.000438918825239, 0.000375124072889, 0.000529366836417, 0.000327421759721, 0.000463369680801], [0.000311979965772, 0.00246163830161, 0.000451651925687, 0.00191671960056, 0.000768661557231, 0.00152243522462, 0.00136380828917, 0.000949784182012, 0.00114251382183, 0.00142353691626, 0.00105907313991, 0.00052473397227, 0.00115936168004], [0.000943517428823, 0.000451651925687, 0.0035001905635, -0.000777159933932, 0.00161531975027, 0.00100550393108, 0.00068623124389, 8.46010225359e-05, 0.00107629573904, 0.000456702196971, 0.000932103896048, 0.000926389126107, 0.000328946392983], [5.4547253967e-05, 0.00191671960056, -0.000777159933932, 0.00327239814214, -0.000888517068233, 0.00163523608353, 0.000992325600237, 0.000526806688868, 1.10020685895e-08, 0.0013049535919, 0.000449323822977, -3.21118895954e-05, 0.00158940895926], [0.000712694425602, 0.000768661557231, 0.00161531975027, -0.000888517068233, 0.00316857220605, -0.000873608631082, 0.00175111158751, 0.000580540392548, 0.00158952444326, 0.000248835276579, 0.00172190507874, 0.000520982895978, 0.000548753771], [0.000166015408468, 0.00152243522462, 0.00100550393108, 0.00163523608353, -0.000873608631082, 0.00420140614733, -0.00163156236522, 0.00146284175571, 0.000726349477191, 0.00119426171295, -0.000263725756668, 0.00142245355528, -0.000184222866665], [0.000587644346524, 0.00136380828917, 0.00068623124389, 0.000992325600237, 0.00175111158751, -0.00163156236522, 0.0057584894821, -0.00171131279785, 0.0024187953677, -0.000528966542333, 0.00201170658693, -0.00128430512268, 0.00153207429685], [0.00015383194841, 0.000949784182012, 8.46010225359e-05, 0.000526806688868, 0.000580540392548, 0.00146284175571, -0.00171131279785, 0.00415386632085, -0.000583821267355, 0.00268895225599, -0.000537123589311, 0.00159418943804, -0.000389290187741], [0.000438918825239, 0.00114251382183, 0.00107629573904, 1.10020685895e-08, 0.00158952444326, 0.000726349477191, 0.0024187953677, -0.000583821267355, 0.00421533314511, -0.000774855958298, 0.00119569362141, 0.000734071887564, 2.12615741475e-05], [0.000375124072889, 0.00142353691626, 0.000456702196971, 0.0013049535919, 0.000248835276579, 0.00119426171295, -0.000528966542333, 0.00268895225599, -0.000774855958298, 0.0037247100845, -0.000616930075921, 0.00166224397253, 0.00105886114761], [0.000529366836417, 0.00105907313991, 0.000932103896048, 0.000449323822977, 0.00172190507874, -0.000263725756668, 0.00201170658693, -0.000537123589311, 0.00119569362141, -0.000616930075921, 0.00529066286981, -0.00127101514954, 0.00131574261468], [0.000327421759721, 0.00052473397227, 0.000926389126107, -3.21118895954e-05, 0.000520982895978, 0.00142245355528, -0.00128430512268, 0.00159418943804, 0.000734071887564, 0.00166224397253, -0.00127101514954, 0.00430543581024, -0.000392260961235], [0.000463369680801, 0.00115936168004, 0.000328946392983, 0.00158940895926, 0.000548753771, -0.000184222866665, 0.00153207429685, -0.000389290187741, 2.12615741475e-05, 0.00105886114761, 0.00131574261468, -0.000392260961235, 0.00368538126349]]}, "spectral_contrast_coeffs": {"dmean": [0.0629306212068, 0.0213710423559, 0.0264695007354, 0.0332786254585, 0.0275006648153, 0.0420859381557], "dmean2": [0.108366966248, 0.0352944172919, 0.0432118363678, 0.0548877008259, 0.0450158007443, 0.0705849304795], "dvar": [0.002858012449, 0.00103377609048, 0.00208539329469, 0.00221550092101, 0.00123597355559, 0.00121805479284], "dvar2": [0.00775811681524, 0.00245775654912, 0.00481656240299, 0.00493190716952, 0.00269935419783, 0.00326210749336], "max": [-0.163335263729, -0.223401576281, -0.239338651299, -0.308886826038, -0.503139853477, -0.532073020935], "mean": [-0.596426427364, -0.565832257271, -0.50813806057, -0.632138431072, -0.735750317574, -0.786889731884], "median": [-0.577476024628, -0.57877856493, -0.476403445005, -0.649715900421, -0.721321582794, -0.790857791901], "min": [-0.995264232159, -0.990185022354, -0.973112642765, -0.96740013361, -0.962071716785, -0.959453642368], "var": [0.0528304725885, 0.0110084814951, 0.022567903623, 0.0300398934633, 0.0102120460942, 0.00874582398683]}, "spectral_contrast_valleys": {"dmean": [0.96565747261, 0.216543957591, 0.374675571918, 0.543467283249, 0.550487756729, 0.833010137081], "dmean2": [1.70557558537, 0.347837477922, 0.602003157139, 0.884534478188, 0.868535339832, 1.4