{"lowlevel": {"average_loudness": 0.9443988204, "barkbands_crest": {"dmean": 2.24104762077, "dmean2": 3.58517956734, "dvar": 6.42516088486, "dvar2": 15.4865045547, "max": 25.0169143677, "mean": 9.01661014557, "median": 8.13447380066, "min": 2.54824328423, "var": 15.3356523514}, "barkbands_flatness_db": {"dmean": 0.0187239162624, "dmean2": 0.026317641139, "dvar": 0.000470101862447, "dvar2": 0.000881727726664, "max": 0.538096725941, "mean": 0.136744096875, "median": 0.120400257409, "min": 0.0222528707236, "var": 0.00497691938654}, "barkbands_kurtosis": {"dmean": 2.83187007904, "dmean2": 4.3308429718, "dvar": 35.5552597046, "dvar2": 79.379524231, "max": 123.061904907, "mean": 4.65135240555, "median": 1.36231803894, "min": -1.93224132061, "var": 101.834716797}, "barkbands_skewness": {"dmean": 0.50133395195, "dmean2": 0.745312690735, "dvar": 0.431161463261, "dvar2": 0.920455098152, "max": 9.30006885529, "mean": 1.55679786205, "median": 1.33460116386, "min": -3.92489719391, "var": 1.54856479168}, "barkbands_spread": {"dmean": 4.82462739944, "dmean2": 7.14206123352, "dvar": 46.8303337097, "dvar2": 98.4727172852, "max": 102.514205933, "mean": 22.3698921204, "median": 21.615819931, "min": 0.399853080511, "var": 161.596557617}, "dissonance": {"dmean": 0.0137352738529, "dmean2": 0.0224804673344, "dvar": 0.000216009342694, "dvar2": 0.000557038758416, "max": 0.499999940395, "mean": 0.463012337685, "median": 0.469768822193, "min": 0.265859812498, "var": 0.000830478733405}, "dynamic_complexity": 2.63346719742, "erbbands_crest": {"dmean": 1.91013240814, "dmean2": 3.04533433914, "dvar": 4.02652406693, "dvar2": 9.45252609253, "max": 32.5073928833, "mean": 7.93280315399, "median": 6.92296028137, "min": 2.43631601334, "var": 13.2352285385}, "erbbands_flatness_db": {"dmean": 0.014265794307, "dmean2": 0.0199014153332, "dvar": 0.000249182485277, "dvar2": 0.000463967822725, "max": 0.375927954912, "mean": 0.151733756065, "median": 0.14801377058, "min": 0.0445270314813, "var": 0.00194207380991}, "erbbands_kurtosis": {"dmean": 0.815840363503, "dmean2": 1.2521892786, "dvar": 3.01995182037, "dvar2": 6.41211605072, "max": 49.0092887878, "mean": 0.883574783802, "median": -0.320941448212, "min": -1.7918766737, "var": 20.8255596161}, "erbbands_skewness": {"dmean": 0.306794375181, "dmean2": 0.453303277493, "dvar": 0.139406368136, "dvar2": 0.263069152832, "max": 5.66289234161, "mean": 0.18672567606, "median": 0.0937521085143, "min": -4.67087268829, "var": 0.886110842228}, "erbbands_spread": {"dmean": 7.36103200912, "dmean2": 11.4769220352, "dvar": 105.836883545, "dvar2": 244.100219727, "max": 153.298675537, "mean": 38.4967842102, "median": 36.6820602417, "min": 2.24228549004, "var": 307.412445068}, "hfc": {"dmean": 7.22227239609, "dmean2": 9.95368766785, "dvar": 249.196578979, "dvar2": 431.477416992, "max": 391.181793213, "mean": 26.0308246613, "median": 20.6312484741, "min": 1.45038393384e-06, "var": 982.104919434}, "melbands_crest": {"dmean": 2.76827383041, "dmean2": 4.36951684952, "dvar": 7.8109331131, "dvar2": 19.2816848755, "max": 33.1235847473, "mean": 12.9379825592, "median": 12.1423912048, "min": 2.77995967865, "var": 20.6655025482}, "melbands_flatness_db": {"dmean": 0.0243111848831, "dmean2": 0.03381415084, "dvar": 0.000818359374534, "dvar2": 0.00149887986481, "max": 0.689743816853, "mean": 0.211835250258, "median": 0.192123353481, "min": 0.0250984225422, "var": 0.0080836918205}, "melbands_kurtosis": {"dmean": 7.38054847717, "dmean2": 11.6574468613, "dvar": 256.691589355, "dvar2": 604.540466309, "max": 300.182250977, "mean": 14.0004262924, "median": 6.71618843079, "min": -1.8723539114, "var": 508.529296875}, "melbands_skewness": {"dmean": 0.698812425137, "dmean2": 1.0771073103, "dvar": 0.96915268898, "dvar2": 2.20431470871, "max": 14.9569826126, "mean": 2.6675722599, "median": 2.30476689339, "min": -1.34953665733, "var": 2.65957212448}, "melbands_spread": {"dmean": 6.73176050186, "dmean2": 9.99692630768, "dvar": 192.781509399, "dvar2": 370.356567383, "max": 267.329589844, "mean": 24.2679538727, "median": 20.89311409, "min": 0.460826188326, "var": 590.75213623}, "pitch_salience": {"dmean": 0.0623258762062, "dmean2": 0.0998872816563, "dvar": 0.00406104838476, "dvar2": 0.00993595737964, "max": 0.880472898483, "mean": 0.571219921112, "median": 0.579898715019, "min": 0.1165952757, "var": 0.0113246142864}, "silence_rate_20dB": {"dmean": 0, "dmean2": 0, "dvar": 0, "dvar2": 0, "max": 1, "mean": 1, "median": 1, "min": 1, "var": 0}, "silence_rate_30dB": {"dmean": 0.0276561882347, "dmean2": 0.0553178787231, "dvar": 0.0268900115043, "dvar2": 0.0753352940083, "max": 1, "mean": 0.983785927296, "median": 1, "min": 0, "var": 0.0159490406513}, "silence_rate_60dB": {"dmean": 0.0101472344249, "dmean2": 0.0201969947666, "dvar": 0.0100421914831, "dvar2": 0.0233729165047, "max": 1, "mean": 0.0336218029261, "median": 0, "min": 0, "var": 0.0324901863933}, "spectral_centroid": {"dmean": 208.663024902, "dmean2": 300.441162109, "dvar": 86593.7734375, "dvar2": 154143.90625, "max": 5509.66845703, "mean": 1269.61694336, "median": 1230.35534668, "min": 129.03968811, "var": 425474.65625}, "spectral_complexity": {"dmean": 3.65499401093, "dmean2": 5.39956235886, "dvar": 19.453371048, "dvar2": 35.4380302429, "max": 56, "mean": 23.510892868, "median": 25, "min": 0, "var": 130.941253662}, "spectral_decrease": {"dmean": 2.97427504847e-09, "dmean2": 4.71898831123e-09, "dvar": 2.87510676305e-17, "dvar2": 7.03056404462e-17, "max": -7.31999361451e-16, "mean": -8.90199114423e-09, "median": -7.78353559383e-09, "min": -5.19920924091e-08, "var": 4.30562596608e-17}, "spectral_energy": {"dmean": 0.0116328718141, "dmean2": 0.0183587111533, "dvar": 0.000422006240115, "dvar2": 0.00103172543459, "max": 0.198817387223, "mean": 0.0359592139721, "median": 0.0318770445883, "min": 2.89428614408e-09, "var": 0.000659477023873}, "spectral_energyband_high": {"dmean": 0.000594617100433, "dmean2": 0.000839070125949, "dvar": 3.97264102503e-06, "dvar2": 6.80918628859e-06, "max": 0.0510074347258, "mean": 0.00125490140636, "median": 0.000502403941937, "min": 6.02104130443e-11, "var": 1.40815855048e-05}, "spectral_energyband_low": {"dmean": 0.00916720088571, "dmean2": 0.0150256855413, "dvar": 0.000405622529797, "dvar2": 0.00101289863233, "max": 0.185554534197, "mean": 0.0161569621414, "median": 0.0110527146608, "min": 8.49086634336e-11, "var": 0.000436119735241}, "spectral_energyband_middle_high": {"dmean": 0.0016827856889, "dmean2": 0.00240661227144, "dvar": 5.32530430064e-06, "dvar2": 1.04224955066e-05, "max": 0.0440655425191, "mean": 0.00653986260295, "median": 0.00528394198045, "min": 2.29377600247e-10, "var": 3.24885404552e-05}, "spectral_energyband_middle_low": {"dmean": 0.00407470343634, "dmean2": 0.006470318418, "dvar": 2.8524433219e-05, "dvar2": 7.13590343366e-05, "max": 0.0737163648009, "mean": 0.0135947838426, "median": 0.0118488445878, "min": 9.9735042447e-10, "var": 9.35460775509e-05}, "spectral_entropy": {"dmean": 0.143627926707, "dmean2": 0.196797668934, "dvar": 0.0338999666274, "dvar2": 0.0593564249575, "max": 8.8156375885, "mean": 7.49229478836, "median": 7.60057163239, "min": 4.24674224854, "var": 0.344853669405}, "spectral_flux": {"dmean": 0.0277455691248, "dmean2": 0.0430309139192, "dvar": 0.00154343957547, "dvar2": 0.00333845592104, "max": 0.381075531244, "mean": 0.0859059691429, "median": 0.0740705803037, "min": 6.95075141266e-05, "var": 0.00329891964793}, "spectral_kurtosis": {"dmean": 1.77991652489, "dmean2": 2.94187855721, "dvar": 8.89750003815, "dvar2": 22.5449104309, "max": 77.4260253906, "mean": 5.44324731827, "median": 3.98141813278, "min": -1.06180310249, "var": 48.2762947083}, "spectral_rms": {"dmean": 0.000848681258503, "dmean2": 0.00128700817004, "dvar": 1.55776547217e-06, "dvar2": 3.48296180164e-06, "max": 0.0139272464439, "mean": 0.00555644324049, "median": 0.00557669764385, "min": 1.68038502579e-06, "var": 4.20831656811e-06}, "spectral_rolloff": {"dmean": 390.951293945, "dmean2": 621.534973145, "dvar": 604259.125, "dvar2": 1132711.75, "max": 10443.6035156, "mean": 1330.10656738, "median": 1119.7265625, "min": 64.599609375, "var": 1776104.5}, "spectral_skewness": {"dmean": 0.236164882779, "dmean2": 0.373447209597, "dvar": 0.0896928161383, "dvar2": 0.206332296133, "max": 7.50753641129, "mean": 1.62443125248, "median": 1.49803507328, "min": -0.216604396701, "var": 0.603558599949}, "spectral_spread": {"dmean": 446475.40625, "dmean2": 634812.5, "dvar": 362147348480, "dvar2": 652210995200, "max": 17801006, "mean": 4289704, "median": 4021690.75, "min": 962620.75, "var": 2055567310850.0}, "spectral_strongpeak": {"dmean": 0.424287736416, "dmean2": 0.7279047966, "dvar": 0.809921979904, "dvar2": 2.07719993591, "max": 20.9553775787, "mean": 0.772813796997, "median": 0.434202581644, "min": 0, "var": 1.26889026165}, "zerocrossingrate": {"dmean": 0.00941452104598, "dmean2": 0.0104729067534, "dvar": 0.000193782936549, "dvar2": 0.000185831639101, "max": 0.34765625, "mean": 0.0539057068527, "median": 0.0478515625, "min": 0.00244140625, "var": 0.00143517728429}, "barkbands": {"dmean": [0.000289736519335, 0.00684444559738, 0.00296604237519, 0.00137724680826, 0.00176300108433, 0.00128219916951, 0.00087302090833, 0.000731198815629, 0.000543555419426, 0.000362955004675, 0.000278606603388, 0.000353744049789, 0.000318393227644, 0.000440550182248, 0.000372124137357, 0.000273217243375, 0.000336248223903, 0.000177435998921, 0.000126591447042, 0.000107852305518, 0.00015054627147, 0.000143812008901, 0.00014828730491, 0.000123268968309, 6.30728463875e-05, 1.52568545673e-05, 3.17950184581e-06], "dmean2": [0.000520909321494, 0.0111975800246, 0.00525399763137, 0.00235411920585, 0.00288484198973, 0.00199560634792, 0.00128716509789, 0.00114227086306, 0.000813096412458, 0.000558682077099, 0.000409663975006, 0.000532346020918, 0.000505672593135, 0.000696995179169, 0.00058705068659, 0.00043490799726, 0.000509578501806, 0.000281830813037, 0.0002017220977, 0.000171979088918, 0.000235918108956, 0.000207153600059, 0.000218094806769, 0.000182075440534, 8.58991916175e-05, 2.13816983887e-05, 4.5086899263e-06], "dvar": [6.08883965469e-07, 0.000269158103038, 3.5687808122e-05, 4.45386740466e-06, 1.09139182314e-05, 4.01852685172e-06, 3.05168464365e-06, 2.05060950975e-06, 1.29575346364e-06, 5.96490224325e-07, 4.50208290204e-07, 5.27220947788e-07, 4.11958211544e-07, 4.80858261653e-07, 4.60951952164e-07, 2.36965817635e-07, 3.1629221553e-07, 1.06030178415e-07, 5.7804562914e-08, 5.03567605392e-08, 1.02874025742e-07, 2.44417833528e-07, 5.14784630923e-07, 4.53783599141e-07, 1.3046918923e-07, 2.25104690443e-09, 7.51871065408e-11], "dvar2": [1.69499833191e-06, 0.0006734484341, 0.00010545058467, 1.28426627271e-05, 2.93940956908e-05, 9.30452370085e-06, 6.554587344e-06, 4.70373242933e-06, 2.87955253953e-06, 1.34733943469e-06, 9.18792750326e-07, 1.19889648431e-06, 9.80565687314e-07, 1.19502772122e-06, 1.15260172606e-06, 5.86112719247e-07, 6.63191940475e-07, 2.34354402551e-07, 1.35843379212e-07, 1.2254587034e-07, 2.47568749501e-07, 4.47860657005e-07, 9.77625177256e-07, 9.31247598146e-07, 2.24786276704e-07, 3.84342824233e-09, 1.56289425846e-10], "max": [0.00836717616767, 0.165854230523, 0.0632787793875, 0.0272100865841, 0.0506738312542, 0.041508551687, 0.0436750650406, 0.0372796244919, 0.0299365781248, 0.0206821765751, 0.0207045972347, 0.0211133379489, 0.0239540114999, 0.0176524464041, 0.0196963939816, 0.0120975812897, 0.0123664094135, 0.0075577464886, 0.00543085439131, 0.00702098431066, 0.00585249159485, 0.02329380624, 0.0243242699653, 0.0230476986617, 0.017377730459, 0.00186576507986, 0.000162918891874], "mean": [0.000291946111247, 0.00977452006191, 0.00459229713306, 0.00262160529383, 0.0034548426047, 0.00289271050133, 0.00186473841313, 0.00143866904546, 0.00115996960085, 0.000716235022992, 0.000602507672738, 0.000781913113315, 0.000639395904727, 0.000916765304282, 0.000812966143712, 0.000596425670665, 0.000780760427006, 0.0003788547765, 0.000269279145868, 0.000213330742554, 0.000284981157165, 0.000257134699496, 0.000262926507276, 0.000208173471037, 0.000117490577395, 2.44839757215e-05, 4.34967887486e-06], "median": [6.84311817167e-05, 0.00532289547846, 0.00295992172323, 0.00145411572885, 0.00233659869991, 0.00189639918972, 0.000619434227701, 0.000485594180645, 0.000503661867697, 0.0002426210267, 0.000152894193889, 0.00031675802893, 0.000305264344206, 0.000645643565804, 0.000454497698229, 0.000285049900413, 0.000488141697133, 0.00021863807342, 0.000155548725161, 0.000133884270326, 0.000172435888089, 8.04392111604e-05, 4.78972397104e-05, 3.79987977794e-05, 2.09448371606e-05, 3.88114312955e-06, 5.3425196711e-07], "min": [1.03042661209e-11, 3.86814399955e-11, 1.57230218428e-11, 4.69997166186e-11, 1.99657027022e-11, 1.84362192179e-10, 2.70164186161e-11, 1.00111030576e-10, 3.15754575264e-11, 9.40292548685e-12, 3.60815960443e-11, 6.24067048038e-11, 2.98858403303e-11, 7.55923101892e-12, 3.09624027806e-11, 2.09283736174e-11, 7.58649219834e-12, 1.05585557658e-11, 1.15202968692e-11, 1.27273191985e-11, 9.46391836426e-12, 6.57047029631e-12, 7.60164414054e-12, 6.61794230528e-12, 5.79313506888e-12, 7.14615823114e-12, 7.22294273003e-12], "var": [4.34089884038e-07, 0.000266525603365, 3.28499991156e-05, 9.38182074606e-06, 1.4103853573e-05, 1.01142832136e-05, 1.10000728455e-05, 6.46251555736e-06, 4.50357856607e-06, 1.81350378625e-06, 1.93751611732e-06, 2.0033007786e-06, 1.07391929305e-06, 1.1016127246e-06, 1.40807151183e-06, 6.94491859576e-07, 1.01783211903e-06, 2.55921861481e-07, 1.26157203795e-07, 8.77391670429e-08, 1.70846107039e-07, 7.04081628555e-07, 1.37395477395e-06, 1.13680789582e-06, 4.58207097154e-07, 6.09637584859e-09, 1.26425661606e-10]}, "erbbands": {"dmean": [0.216276437044, 1.53959679604, 3.29909467697, 4.18454313278, 4.61572694778, 7.02386045456, 7.94000005722, 12.295290947, 10.152844429, 15.7467851639, 15.0887794495, 12.3979959488, 10.342625618, 11.3094263077, 11.1997003555, 12.8043193817, 13.2895488739, 20.9268722534, 16.6578598022, 18.8673782349, 14.6138935089, 16.4161319733, 9.79877090454, 7.01414108276, 6.11291503906, 4.99653768539, 5.10090732574, 6.45747995377, 5.15885734558, 4.71567440033, 4.15889453888, 3.25310254097, 1.73416209221, 0.99726754427, 0.301780462265, 0.0891712680459, 0.0229736920446, 0.00485584046692, 0.000560645246878, 3.68676483049e-05], "dmean2": [0.359258413315, 2.57854151726, 5.93825531006, 7.14148139954, 7.6503276825, 11.6514463425, 12.2905731201, 19.1817016602, 15.0869255066, 23.3744564056, 23.3493022919, 18.6395549774, 15.6536273956, 16.8522605896, 16.4656925201, 19.4147853851, 20.9805793762, 33.2100601196, 25.9356861115, 29.6922874451, 22.4070053101, 24.6350364685, 15.2039737701, 11.1318502426, 9.59068107605, 7.97864580154, 8.17629814148, 9.98659229279, 7.56688308716, 6.8457865715, 6.1308555603, 4.83877563477, 2.56872725487, 1.36802566051, 0.416389584541, 0.12485473603, 0.0322157517076, 0.00667120702565, 0.00078905839473, 5.27036463609e-05], "dvar": [0.322833776474, 12.9643688202, 48.9417381287, 44.1306037903, 50.3125915527, 268.631439209, 114.575416565, 483.943145752, 351.459960938, 959.566833496, 939.398803711, 857.33416748, 392.667663574, 721.406311035, 628.76184082, 784.022338867, 735.311889648, 1174.64001465, 966.032043457, 1215.60302734, 568.819030762, 831.404602051, 314.575714111, 165.717178345, 145.454223633, 111.839958191, 131.412780762, 212.288696289, 291.113311768, 377.242095947, 467.180725098, 313.692260742, 108.911712646, 36.6937866211, 2.20424699783, 0.108121447265, 0.00412987638265, 0.000178515809239, 2.34376489061e-06, 6.07772587813e-09], "dvar2": [0.834604740143, 33.3500976562, 146.159393311, 125.744567871, 139.235733032, 733.800292969, 289.602264404, 1146.14758301, 767.364440918, 2121.33886719, 2114.53588867, 1916.87634277, 878.92565918, 1570.89074707, 1341.32885742, 1831.63708496, 1808.69958496, 2821.41967773, 2440.91601562, 2990.96679688, 1325.68615723, 1690.85400391, 678.262817383, 381.220214844, 331.179748535, 271.867614746, 342.073944092, 485.948425293, 550.754089355, 726.708190918, 892.576782227, 635.887573242, 233.630813599, 62.7459945679, 3.98585176468, 0.179293036461, 0.00769309559837, 0.000337943958584, 4.86689168611e-06, 1.27910491088e-08], "max": [4.97590637207, 36.121055603, 71.8139572144, 94.1284561157, 87.9663391113, 263.266052246, 198.741241455, 483.618865967, 355.648895264, 721.52166748, 873.463928223, 838.18170166, 578.715698242, 858.352905273, 714.938842773, 1088.02905273, 732.660827637, 734.75390625, 1086.38574219, 893.085327148, 478.087768555, 804.363037109, 439.268920898, 243.55039978, 344.015869141, 379.706817627, 188.652648926, 358.116271973, 632.209106445, 678.253479004, 792.607543945, 519.64465332, 353.988708496, 309.527557373, 62.1506309509, 13.5990772247, 1.83074831963, 0.410914182663, 0.03150876984, 0.00125662155915], "mean": [0.261621236801, 2.24418520927, 5.11603164673, 7.9971704483, 8.79694080353, 11.6498718262, 18.9839344025, 24.5788002014, 22.7796916962, 34.794670105, 30.3161239624, 27.2239971161, 23.6187973022, 25.8843688965, 26.538860321, 29.5244922638, 29.8000011444, 44.6457748413, 39.6454772949, 44.207649231, 35.9495925903, 39.7483520508, 23.4431228638, 15.2456855774, 13.6177196503, 10.0130596161, 9.81241416931, 11.7604866028, 9.08146476746, 8.49539375305, 7.18068933487, 5.46760368347, 2.90575814247, 1.77544486523, 0.573058366776, 0.151276990771, 0.0361555144191, 0.00721405353397, 0.000786411692388, 7.90537451394e-05], "median": [0.117996968329, 1.27305841446, 3.49505257607, 5.4793047905, 5.33940076828, 6.76743364334, 12.6384239197, 13.4606761932, 9.61728191376, 13.3609352112, 11.6343641281, 11.343167305, 11.6521930695, 8.62163066864, 10.101729393, 12.9657287598, 15.203083992, 29.393447876, 27.243970871, 24.2874279022, 21.4266891479, 24.8695316315, 14.4690027237, 9.38083648682, 7.62746667862, 6.33170890808, 6.40436983109, 6.05578708649, 2.95113754272, 2.04341554642, 1.12405085564, 0.943792521954, 0.471012532711, 0.263005405664, 0.124468415976, 0.0279398430139, 0.00546577712521, 0.000875199097209, 0.000115960079711, 4.92651342938e-05], "min": [1.63113567098e-09, 6.7573511231e-09, 1.49351375711e-08, 9.7008332034e-08, 1.38906955272e-07, 3.60461491766e-08, 4.45088971901e-07, 1.82360793133e-06, 8.81672349351e-07, 2.80037028233e-07, 1.85210319614e-06, 7.88763770743e-07, 2.26818684723e-07, 7.57257737405e-07, 1.89054662769e-06, 2.47576940637e-06, 1.51012136484e-06, 4.8111508022e-07, 1.02751187114e-06, 1.78830180175e-06, 8.01510907422e-07, 4.85090822622e-07, 6.86338978539e-07, 3.96004281811e-07, 5.87119473039e-07, 5.71866564769e-07, 4.85057910282e-07, 3.86902769378e-07, 2.7591295293e-07, 2.64688395646e-07, 1.70600685578e-07, 1.62656874636e-07, 1.05694930141e-07, 5.84480943644e-08, 3.75026161237e-08, 2.97590752041e-08, 1.31101627332e-08, 5.07043251829e-09, 1.01861707957e-09, 9.42884520461e-11], "var": [0.28027638793, 12.6852817535, 40.0356330872, 68.654335022, 99.1363601685, 274.08770752, 364.692321777, 1078.33312988, 1140.89550781, 3142.57983398, 2832.60913086, 3119.78735352, 1156.42736816, 2932.26025391, 2170.5534668, 2968.9753418, 2095.44067383, 2685.14135742, 2874.01977539, 3857.1550293, 1811.31286621, 2921.53100586, 885.546386719, 358.6668396, 340.713867188, 198.272781372, 172.939117432, 407.704742432, 797.032470703, 1003.71618652, 1231.90515137, 788.149719238, 258.184295654, 124.686187744, 7.7781586647, 0.33991125226, 0.00976804085076, 0.000364597770385, 3.99422015107e-06, 1.06435580349e-08]}, "gfcc": {"mean": [12.6228456497, 104.951507568, -111.820724487, 41.3534889221, -47.5020370483, 12.951625824, -37.9617500305, 4.09058332443, -14.8502635956, 4.30933475494, -13.3265380859, -1.54267907143, -8.38733100891], "cov": [[7431.18652344, -1445.12878418, -1467.02905273, -67.1259078979, -541.973266602, 467.160949707, -132.672058105, 164.973083496, -68.5110321045, 136.383071899, -177.823303223, 118.100540161, -100.38873291], [-1445.12878418, 1345.23413086, -71.8603134155, -80.126701355, 236.548156738, -211.527999878, 137.900726318, -49.7224502563, 82.9643630981, -75.0392150879, 86.8645629883, -76.8097381592, 105.93384552], [-1467.02905273, -71.8603134155, 1259.49963379, 119.395210266, 2.18589234352, 21.3584861755, -79.9354553223, -68.6410140991, -51.5894050598, -34.4679450989, 2.39189648628, 19.8299179077, -48.499797821], [-67.1259078979, -80.126701355, 119.395210266, 340.647064209, 45.8983535767, 23.4660739899, -3.5940861702, -45.2732200623, 14.4524440765, 7.83652114868, 2.25145483017, -27.6549530029, 29.9391536713], [-541.973266602, 236.548156738, 2.18589234352, 45.8983535767, 285.252471924, -45.2073440552, 60.3294677734, -2.09666872025, 26.2747459412, 10.9339866638, 5.21031045914, -11.4171514511, 34.3462944031], [467.160949707, -211.527999878, 21.3584861755, 23.4660739899, -45.2073440552, 186.117538452, 15.5999708176, 42.2979927063, -26.6079177856, -6.83956861496, -0.0744843557477, 4.63182115555, -16.6957206726], [-132.672058105, 137.900726318, -79.9354553223, -3.5940861702, 60.3294677734, 15.5999708176, 191.020401001, 22.4058036804, 3.72248888016, -0.166792452335, 0.978975713253, 3.68283057213, 11.4183826447], [164.973083496, -49.7224502563, -68.6410140991, -45.2732200623, -2.09666872025, 42.2979927063, 22.4058036804, 118.18372345, 34.653137207, 4.72782039642, 7.55950641632, -11.3262796402, -13.9331054688], [-68.5110321045, 82.9643630981, -51.5894050598, 14.4524440765, 26.2747459412, -26.6079177856, 3.72248888016, 34.653137207, 107.657394409, 40.3953819275, 4.19135284424, -15.2060050964, 8.11232185364], [136.383071899, -75.0392150879, -34.4679450989, 7.83652114868, 10.9339866638, -6.83956861496, -0.166792452335, 4.72782039642, 40.3953819275, 90.365737915, 2.71533203125, 15.1630010605, 4.83456039429], [-177.823303223, 86.8645629883, 2.39189648628, 2.25145483017, 5.21031045914, -0.0744843557477, 0.978975713253, 7.55950641632, 4.19135284424, 2.71533203125, 80.3382492065, 9.44476032257, 4.70350456238], [118.100540161, -76.8097381592, 19.8299179077, -27.6549530029, -11.4171514511, 4.63182115555, 3.68283057213, -11.3262796402, -15.2060050964, 15.1630010605, 9.44476032257, 72.6343994141, 10.828045845], [-100.38873291, 105.93384552, -48.499797821, 29.9391536713, 34.3462944031, -16.6957206726, 11.4183826447, -13.9331054688, 8.11232185364, 4.83456039429, 4.70350456238, 10.828045845, 73.0421218872]], "icov": [[0.000385961961001, -6.5903790528e-05, 0.000537233718205, -0.000316319812555, 0.000461803545477, -0.000802812748589, 0.000459415081423, -0.000329680682626, 0.000370802474208, -0.000575424870476, 0.000986015191302, -0.000942668528296, 0.0006502152537], [-6.5903790528e-05, 0.00226760050282, -0.000284083653241, 0.00144573685247, -0.00100880418904, 0.00148614903446, -0.00162121874746, 0.00188832951244, -0.00228642905131, 0.00263663823716, -0.00287681724876, 0.00303647760302, -0.00291828205809], [0.000537233718205, -0.000284083653241, 0.00169843807817, -0.000940597557928, 0.000531243626028, -0.00132865738124, 0.00113492948003, -0.000244820083026, 0.000799453991931, -0.000623157480732, 0.00155558332335, -0.00213437294587, 0.0020547490567], [-0.000316319812555, 0.00144573685247, -0.000940597557928, 0.0049938778393, -0.00136942230165, 0.000102337769931, -0.00133210234344, 0.00348961143754, -0.00268314685673, 0.00159005250316, -0.0028270133771, 0.0046581546776, -0.0039775185287], [0.000461803545477, -0.00100880418904, 0.000531243626028, -0.00136942230165, 0.00525262113661, -0.000421467091655, -0.000229337238125, -0.00147288024891, 0.00108214339707, -0.00211571552791, 0.0021094167605, -0.00150147627573, 0.000307073263684], [-0.000802812748589, 0.00148614903446, -0.00132865738124, 0.000102337769931, -0.000421467091655, 0.00973459612578, -0.00252014538273, -0.00210511335172, 0.000858629122376, 0.00217550410889, -0.00341043435037, 0.00289046461694, -0.00221548019908], [0.000459415081423, -0.00162121874746, 0.00113492948003, -0.00133210234344, -0.000229337238125, -0.00252014538273, 0.00762449810281, -0.00257243122905, 0.0021939817816, -0.00206874357536, 0.00320016592741, -0.00382203282788, 0.00238525494933], [-0.000329680682626, 0.00188832951244, -0.000244820083026, 0.00348961143754, -0.00147288024891, -0.00210511335172, -0.00257243122905, 0.0147779146209, -0.00755403656512, 0.00369993667118, -0.00433683022857, 0.00465021049604, -0.00116820691619], [0.000370802474208, -0.00228642905131, 0.000799453991931, -0.00268314685673, 0.00108214339707, 0.000858629122376, 0.0021939817816, -0.00755403656512, 0.0175876226276, -0.00957183912396, 0.0033088515047, -0.000467220233986, 0.00189615355339], [-0.000575424870476, 0.00263663823716, -0.000623157480732, 0.00159005250316, -0.00211571552791, 0.00217550410889, -0.00206874357536, 0.00369993667118, -0.00957183912396, 0.01856819354, -0.00426593003795, -0.000164430617588, -0.00302586029284], [0.000986015191302, -0.00287681724876, 0.00155558332335, -0.0028270133771, 0.0021094167605, -0.00341043435037, 0.00320016592741, -0.00433683022857, 0.0033088515047, -0.00426593003795, 0.0186443328857, -0.00794979929924, 0.00451291631907], [-0.000942668528296, 0.00303647760302, -0.00213437294587, 0.0046581546776, -0.00150147627573, 0.00289046461694, -0.00382203282788, 0.00465021049604, -0.000467220233986, -0.000164430617588, -0.00794979929924, 0.0236949138343, -0.00911265425384], [0.0006502152537, -0.00291828205809, 0.0020547490567, -0.0039775185287, 0.000307073263684, -0.00221548019908, 0.00238525494933, -0.00116820691619, 0.00189615355339, -0.00302586029284, 0.00451291631907, -0.00911265425384, 0.0216149445623]]}, "melbands": {"dmean": [0.00191627931781, 0.00176502822433, 0.000694373738952, 0.000415640330175, 0.000270283780992, 0.000259414489847, 0.000167558406247, 0.000170273051481, 0.000110736444185, 8.12773869256e-05, 5.35080653208e-05, 4.8545844038e-05, 3.78658078262e-05, 4.25390244345e-05, 2.87703151116e-05, 3.55543743353e-05, 4.20202377427e-05, 2.97573842545e-05, 2.83236659016e-05, 2.39594592131e-05, 1.83974480024e-05, 1.99483565666e-05, 1.24332100313e-05, 8.90227602213e-06, 5.85817633691e-06, 5.04398394696e-06, 4.16263583247e-06, 3.40583710567e-06, 2.90603179565e-06, 4.56494990431e-06, 3.62509467777e-06, 3.13439977617e-06, 2.7860071441e-06, 2.67804421128e-06, 2.43361341745e-06, 2.5687793368e-06, 1.89671777662e-06, 1.32640775519e-06, 1.01758735127e-06, 8.40997074647e-07], "dmean2": [0.00312014552765, 0.00310474284925, 0.00118406536058, 0.00069347943645, 0.000421442353399, 0.000403634388931, 0.00024755395134, 0.000256229133811, 0.000170304701896, 0.000122234268929, 8.12919752207e-05, 7.29176317691e-05, 5.54366561119e-05, 6.30750873825e-05, 4.55420195067e-05, 5.64637557545e-05, 6.70329391141e-05, 4.67678328278e-05, 4.48264036095e-05, 3.8358331949e-05, 2.83372846752e-05, 3.02390362776e-05, 1.93393225345e-05, 1.4249945707e-05, 9.44270414038e-06, 8.06985008239e-06, 6.53921597404e-06, 5.55361202714e-06, 4.75858132631e-06, 7.32385751689e-06, 5.58948886464e-06, 4.7480266403e-06, 4.06667550124e-06, 4.00850922233e-06, 3.61800994142e-06, 3.85304338124e-06, 2.8683086839e-06, 2.01564648705e-06, 1.44381328937e-06, 1.1612568187e-06], "dvar": [2.29147208302e-05, 1.50727346409e-05, 1.16288561003e-06, 7.55401288188e-07, 1.30698253997e-07, 2.01365452313e-07, 9.39481523687e-08, 9.71054632259e-08, 4.80443347328e-08, 3.505905255e-08, 1.03869712831e-08, 1.29647617086e-08, 7.96688848226e-09, 8.48803871634e-09, 3.84778298113e-09, 5.01847097212e-09, 4.74415617902e-09, 2.95725177679e-09, 2.55219267942e-09, 1.98139815666e-09, 9.02261265701e-10, 1.26462307293e-09, 5.96737326219e-10, 3.14288955972e-10, 1.21399737485e-10, 1.06418936163e-10, 6.8386921126e-11, 5.73381932212e-11, 5.00942759496e-11, 9.67201874147e-11, 7.61000637506e-11, 1.07535202964e-10, 1.20245077784e-10, 1.30343569271e-10, 1.52031484624e-10, 2.34776253993e-10, 1.07872037691e-10, 7.03063857133e-11, 3.86963065757e-11, 2.94599102058e-11], "dvar2": [5.71733071411e-05, 4.27621416748e-05, 3.33426464749e-06, 2.04669004233e-06, 3.37976132414e-07, 4.72545565344e-07, 2.02644727665e-07, 2.18154966092e-07, 1.06672374045e-07, 7.74836195205e-08, 2.31372414561e-08, 2.84924386307e-08, 1.5978352863e-08, 1.83886896821e-08, 9.31914989621e-09, 1.17039258285e-08, 1.14639391313e-08, 7.51720374836e-09, 6.37538866144e-09, 4.94424323705e-09, 2.08887374065e-09, 2.62549204599e-09, 1.27586996523e-09, 7.22585213886e-10, 2.87798146426e-10, 2.41609787732e-10, 1.53755258525e-10, 1.45564074683e-10, 1.35761929476e-10, 2.47645126628e-10, 1.73684733262e-10, 2.18998361112e-10, 2.35124114623e-10, 2.61473426244e-10, 2.99085312072e-10, 4.85451345789e-10, 2.33074337608e-10, 1.67783023586e-10, 7.27259433231e-11, 5.23593252089e-11], "max": [0.0448290556669, 0.0358424782753, 0.0140020269901, 0.0138763487339, 0.00606733234599, 0.00970410834998, 0.00679635582492, 0.00691503938287, 0.00577880721539, 0.00578584196046, 0.00285767298192, 0.00351161090657, 0.0032670085784, 0.00305094826035, 0.00132766051684, 0.00295479292981, 0.001673644525, 0.00160642864648, 0.00105570082087, 0.000971150235273, 0.000537385698408, 0.00114141555969, 0.000711621134542, 0.000440592033556, 0.000227650685702, 0.000302496919176, 0.000253647653153, 0.000264200352831, 0.000128549989313, 0.000158856535563, 0.000287254370051, 0.000387128500734, 0.000489788420964, 0.000391549547203, 0.000454468186945, 0.000493646366522, 0.000325465749484, 0.000342578015989, 0.000230974459555, 0.000322608859278], "mean": [0.00256383419037, 0.00288801430725, 0.00142029148992, 0.000704711070284, 0.000630265916698, 0.000535986560863, 0.000382652360713, 0.000378401920898, 0.000223772542085, 0.000170239902218, 0.000117037328891, 0.000105186183646, 8.73826793395e-05, 9.12282557692e-05, 6.27092667855e-05, 7.05826460035e-05, 8.57488194015e-05, 6.46701882943e-05, 6.20031642029e-05, 5.14375096827e-05, 4.12443041569e-05, 4.56159832538e-05, 2.70937998721e-05, 1.77369056473e-05, 1.14203166959e-05, 1.06397328636e-05, 8.46084185468e-06, 6.10668894296e-06, 5.15159899805e-06, 8.06163916423e-06, 6.28486213827e-06, 5.23939297636e-06, 4.64280265078e-06, 4.69730957775e-06, 4.01969964514e-06, 4.12315966969e-06, 3.01961131299e-06, 2.05528567676e-06, 1.71913916347e-06, 1.44183979955e-06], "median": [0.00129701034166, 0.00198896741495, 0.00103908695746, 0.000421649747295, 0.000455896079075, 0.000309804396238, 0.000156629335834, 0.000154712310177, 8.5977728304e-05, 7.01613535057e-05, 5.53195022803e-05, 3.29370268446e-05, 2.77294002444e-05, 3.83714796044e-05, 2.44852471951e-05, 3.49219881173e-05, 5.77458849875e-05, 4.27927079727e-05, 3.50115915353e-05, 2.40328135988e-05, 2.39878627326e-05, 2.71285261988e-05, 1.59466944751e-05, 9.51587026066e-06, 6.80218954585e-06, 5.66121298107e-06, 4.65364382762e-06, 3.6029466628e-06, 3.10679729409e-06, 4.5051451707e-06, 2.96228131447e-06, 1.77007507318e-06, 1.0079737649e-06, 1.10966516331e-06, 5.93197512444e-07, 5.82933694204e-07, 5.23235712535e-07, 3.15327355338e-07, 2.22501171265e-07, 2.07582800726e-07], "min": [1.30751806951e-11, 8.08602663993e-12, 1.90996558846e-11, 5.57587136185e-12, 1.22990923002e-11, 3.96175557638e-11, 1.1634055698e-11, 3.60151491963e-12, 1.34967870213e-11, 4.16324873881e-12, 9.47312649331e-13, 2.71271807101e-12, 5.60254533738e-12, 7.11399559053e-12, 5.2723346522e-12, 2.30696213001e-12, 6.64072854865e-13, 1.34727732443e-12, 2.56294768394e-12, 2.02693309186e-12, 6.64690741684e-13, 3.69823393914e-13, 7.95905442247e-13, 4.18776395939e-13, 2.84628223768e-13, 5.31926878846e-13, 2.56312088524e-13, 4.41660353038e-13, 4.03387501353e-13, 1.62306244291e-13, 2.30070818083e-13, 1.52239874353e-13, 1.19831404456e-13, 1.71274276771e-13, 8.86979766436e-14, 1.0280587281e-13, 9.23443179562e-14, 7.59474812683e-14, 5.98916803738e-14, 4.50316087859e-14], "var": [2.18939712795e-05, 1.34616439027e-05, 1.82579299235e-06, 8.31818056213e-07, 3.498847434e-07, 4.64005552203e-07, 3.4059837617e-07, 3.30843022311e-07, 1.52288293975e-07, 1.15589365635e-07, 3.06746166245e-08, 4.9306972727e-08, 3.3203985339e-08, 2.93116038108e-08, 1.29375576918e-08, 1.21119372309e-08, 1.04060173811e-08, 7.91749066309e-09, 7.27987758964e-09, 5.70566216496e-09, 2.54521648202e-09, 4.52816628638e-09, 1.5750224458e-09, 6.44559516871e-10, 2.31184182908e-10, 2.65096611329e-10, 1.44166734106e-10, 8.61896040649e-11, 5.64060465003e-11, 1.35065306162e-10, 1.47252571248e-10, 2.56885485106e-10, 3.12020603799e-10, 3.14657855327e-10, 3.76948500191e-10, 5.3512561049e-10, 2.45578613001e-10, 1.33147132209e-10, 1.13791781553e-10, 9.16536430084e-11]}, "mfcc": {"mean": [-629.99987793, 130.385757446, 0.789841532707, 30.9535827637, 12.3812818527, 12.1733217239, -5.15139865875, 0.758962392807, 1.56424176693, 2.05507683754, 2.3168888092, 2.99687933922, -1.92799317837], "cov": [[8528.37890625, -1478.90368652, -1355.6060791, -651.823547363, -489.107788086, 37.2955551147, -158.220932007, 68.5546188354, 87.630645752, -8.36351394653, -14.3162279129, 44.8063812256, 7.89169454575], [-1478.90368652, 1275.54382324, -163.28805542, 97.2634277344, 30.3830451965, -71.2156143188, 27.956407547, 0.202763080597, 21.8406505585, -0.37679156661, 6.05067491531, -7.05705738068, -18.7395992279], [-1355.6060791, -163.28805542, 1070.18359375, 77.6265182495, 145.350082397, 48.7569007874, 5.99019384384, 10.7086420059, -91.0760040283, -19.3016605377, -12.5978002548, -45.4360427856, -9.41861724854], [-651.823547363, 97.2634277344, 77.6265182495, 331.761901855, 84.8246994019, 71.9143676758, 8.40811061859, -46.894744873, 34.7749977112, -1.40477609634, -7.80828619003, 6.58979654312, -2.10112404823], [-489.107788086, 30.3830451965, 145.350082397, 84.8246994019, 228.94670105, 15.990899086, -5.02239465714, -16.4721908569, -8.92383003235, 21.4492473602, -9.1826467514, -9.60084152222, -1.64596831799], [37.2955551147, -71.2156143188, 48.7569007874, 71.9143676758, 15.990899086, 143.776870728, 39.7429122925, -2.77585434914, 22.5986232758, -12.5344753265, -8.16774177551, 0.468881338835, -15.3706960678], [-158.220932007, 27.956407547, 5.99019384384, 8.40811061859, -5.02239465714, 39.7429122925, 144.426345825, 56.3661956787, 3.00741219521, -4.90149974823, 10.0939064026, 1.95098209381, -18.2951221466], [68.5546188354, 0.202763080597, 10.7086420059, -46.894744873, -16.4721908569, -2.77585434914, 56.3661956787, 107.773590088, 5.58723115921, 7.74984550476, 10.7264270782, -1.5515537262, -4.30278348923], [87.630645752, 21.8406505585, -91.0760040283, 34.7749977112, -8.92383003235, 22.5986232758, 3.00741219521, 5.58723115921, 115.92464447, 28.8181018829, 6.05445671082, 17.9710044861, 4.50238323212], [-8.36351394653, -0.37679156661, -19.3016605377, -1.40477609634, 21.4492473602, -12.5344753265, -4.90149974823, 7.74984550476, 28.8181018829, 84.2224731445, 18.8057365417, 17.1336936951, 6.7411646843], [-14.3162279129, 6.05067491531, -12.5978002548, -7.80828619003, -9.1826467514, -8.16774177551, 10.0939064026, 10.7264270782, 6.05445671082, 18.8057365417, 71.682182312, 19.5922412872, 6.88561677933], [44.8063812256, -7.05705738068, -45.4360427856, 6.58979654312, -9.60084152222, 0.468881338835, 1.95098209381, -1.5515537262, 17.9710044861, 17.1336936951, 19.5922412872, 73.8325805664, 27.0447483063], [7.89169454575, -18.7395992279, -9.41861724854, -2.10112404823, -1.64596831799, -15.3706960678, -18.2951221466, -4.30278348923, 4.50238323212, 6.7411646843, 6.88561677933, 27.0447483063, 80.4928512573]], "icov": [[0.000280336127616, 0.000313696655212, 0.00036569184158, 0.000350139132934, 0.000207572593354, -0.000338267214829, 0.000426552956924, -0.000268564006547, -2.50664706982e-05, 4.73501495435e-05, 7.93146318756e-05, -5.56406519081e-07, 0.000110560409667], [0.000313696655212, 0.00124519725796, 0.000558912113775, -1.32428285724e-05, 8.7983236881e-05, 0.000382164726034, 0.000156367212185, -0.000315160315949, -0.000178939517355, 0.000240452092839, 1.81056439033e-05, 0.000121192031656, 0.000365266605513], [0.00036569184158, 0.000558912113775, 0.00165775313508, 0.000190653474419, -0.000357407116098, -0.000781661365181, 0.000712715904228, -0.000806604279205, 0.000904535059817, 0.000101806304883, -2.14668652916e-05, 0.000509329896886, 2.71088192676e-05], [0.000350139132934, -1.32428285724e-05, 0.000190653474419, 0.00475628161803, -0.000971126311924, -0.00217442191206, 7.27166552679e-05, 0.00160282640718, -0.00132433976978, 0.00045188513468, 0.00010613744962, -0.000388052489143, -6.62861129967e-05], [0.000207572593354, 8.7983236881e-05, -0.000357407116098, -0.000971126311924, 0.00572430808097, -0.000398605596274, 0.000347542722011, 0.000205024160095, 0.000733935332391, -0.00214591436088, 0.000811706937384, 0.000623073545285, -7.62656127336e-05], [-0.000338267214829, 0.000382164726034, -0.000781661365181, -0.00217442191206, -0.000398605596274, 0.0102712837979, -0.00340164569207, 0.00129754270893, -0.00220043328591, 0.00167052517645, 0.000706212304067, -0.00057512766216, 0.00133934651967], [0.000426552956924, 0.000156367212185, 0.000712715904228, 7.27166552679e-05, 0.000347542722011, -0.00340164569207, 0.0109556764364, -0.00601554615423, 0.00081467156997, 0.000789370154962, -0.000970785622485, -0.000983612029813, 0.00190780416597], [-0.000268564006547, -0.000315160315949, -0.000806604279205, 0.00160282640718, 0.000205024160095, 0.00129754270893, -0.00601554615423, 0.0136660048738, -0.00139489222784, -0.00114937126637, -0.000814214581624, 0.000990226748399, -0.000573134515435], [-2.50664706982e-05, -0.000178939517355, 0.000904535059817, -0.00132433976978, 0.000733935332391, -0.00220043328591, 0.00081467156997, -0.00139489222784, 0.0114594073966, -0.00390281737782, 0.000358093588147, -0.00116840424016, -0.000214699000935], [4.73501495435e-05, 0.000240452092839, 0.000101806304883, 0.00045188513468, -0.00214591436088, 0.00167052517645, 0.000789370154962, -0.00114937126637, -0.00390281737782, 0.0153046483174, -0.0030763077084, -0.00225990172476, 0.000427160586696], [7.93146318756e-05, 1.81056439033e-05, -2.14668652916e-05, 0.00010613744962, 0.000811706937384, 0.000706212304067, -0.000970785622485, -0.000814214581624, 0.000358093588147, -0.0030763077084, 0.0161835700274, -0.00360880489461, -5.0288374041e-05], [-5.56406519081e-07, 0.000121192031656, 0.000509329896886, -0.000388052489143, 0.000623073545285, -0.00057512766216, -0.000983612029813, 0.000990226748399, -0.00116840424016, -0.00225990172476, -0.00360880489461, 0.0178638789803, -0.00562872458249], [0.000110560409667, 0.000365266605513, 2.71088192676e-05, -6.62861129967e-05, -7.62656127336e-05, 0.00133934651967, 0.00190780416597, -0.000573134515435, -0.000214699000935, 0.000427160586696, -5.0288374041e-05, -0.00562872458249, 0.0150280166417]]}, "spectral_contrast_coeffs": {"dmean": [0.0437305979431, 0.0417825654149, 0.0346827842295, 0.0299530457705, 0.0238696485758, 0.0202630255371], "dmean2": [0.0727649331093, 0.0681131109595, 0.0548096075654, 0.047601249069, 0.037400893867, 0.0310850460082], "dvar": [0.00145820027683, 0.00123865075875, 0.000866035057697, 0.000653798459098, 0.000517665990628, 0.000489775964525], "dvar2": [0.00395836820826, 0.00317585398443, 0.00199717143551, 0.00149813073222, 0.00109944934957, 0.00104421575088], "max": [-0.399447053671, -0.440189152956, -0.495632141829, -0.491361349821, -0.487729012966, -0.585008561611], "mean": [-0.659760713577, -0.699009180069, -0.749714970589, -0.758302330971, -0.769025921822, -0.746205508709], "median": [-0.661555230618, -0.70126748085, -0.754361867905, -0.756334781647, -0.769784629345, -0.74651491642], "min": [-0.922016084194, -0.92079526186, -0.954798161983, -0.939741134644, -0.965245902538, -0.913837075233], "var": [0.0039131436497, 0.00454240711406, 0.00433841068298, 0.0032743527554, 0.00275508500636, 0.00269609666429]}, "spectral_contrast_valleys": {"dmean": [0.348036676645, 0.32741767168, 0.320550054312, 0.295204073191, 0.295082300901, 0.297805428505], "dmean2": [0.570511758327, 0.522948503494, 0.486864358187, 0.438466399908, 0.424769699574, 0.371094912291], "dvar": [0.118733368814, 0.1056888327, 0.104253537953, 0.101090475917, 0.135123968124, 0.157414227724], "dvar2": [0.274944424629, 0.232750445604, 0.2047893852, 0.187502264977, 0.258969932795, 0.270901978016], "max": [-5.03173208237, -4.78211975098, -5.30297422409,