{"lowlevel": {"average_loudness": 0.787330389023, "barkbands_crest": {"dmean": 2.64121699333, "dmean2": 4.35796546936, "dvar": 6.66069507599, "dvar2": 18.6196136475, "max": 26.232925415, "mean": 12.615439415, "median": 11.7685012817, "min": 2.7009909153, "var": 26.3785552979}, "barkbands_flatness_db": {"dmean": 0.0216165091842, "dmean2": 0.0343088544905, "dvar": 0.000459417788079, "dvar2": 0.00117685482837, "max": 0.509929478168, "mean": 0.214790806174, "median": 0.203201174736, "min": 0.0564053170383, "var": 0.00597320264205}, "barkbands_kurtosis": {"dmean": 4.3206448555, "dmean2": 6.93748521805, "dvar": 68.2654647827, "dvar2": 181.652999878, "max": 277.791534424, "mean": 8.03529644012, "median": 3.67735028267, "min": -1.89278149605, "var": 193.851074219}, "barkbands_skewness": {"dmean": 0.591707706451, "dmean2": 0.9384765625, "dvar": 0.434017270803, "dvar2": 1.14619028568, "max": 14.2199583054, "mean": 1.91107404232, "median": 1.6317858696, "min": -5.34304380417, "var": 2.29375386238}, "barkbands_spread": {"dmean": 3.23434329033, "dmean2": 5.06565666199, "dvar": 19.7450389862, "dvar2": 45.3893508911, "max": 89.0101623535, "mean": 13.6433696747, "median": 10.2727546692, "min": 0.213564693928, "var": 118.261291504}, "dissonance": {"dmean": 0.025951705873, "dmean2": 0.043398398906, "dvar": 0.000701817974914, "dvar2": 0.00197874195874, "max": 0.499999910593, "mean": 0.429102391005, "median": 0.446249544621, "min": 0.112991936505, "var": 0.00339763821103}, "dynamic_complexity": 4.79650878906, "erbbands_crest": {"dmean": 2.32621479034, "dmean2": 3.68104767799, "dvar": 5.25813961029, "dvar2": 12.3867101669, "max": 33.1353683472, "mean": 11.6813840866, "median": 10.4472255707, "min": 2.69821834564, "var": 28.3286685944}, "erbbands_flatness_db": {"dmean": 0.0136829987168, "dmean2": 0.0202835984528, "dvar": 0.000201401853701, "dvar2": 0.00041544821579, "max": 0.538477182388, "mean": 0.218151658773, "median": 0.196356222034, "min": 0.0468063987792, "var": 0.00696961209178}, "erbbands_kurtosis": {"dmean": 1.05439686775, "dmean2": 1.62667274475, "dvar": 3.2288582325, "dvar2": 7.33582878113, "max": 57.4951286316, "mean": 1.17878866196, "median": 0.0746978521347, "min": -1.78426671028, "var": 15.8682661057}, "erbbands_skewness": {"dmean": 0.349883377552, "dmean2": 0.521979093552, "dvar": 0.124304316938, "dvar2": 0.271965384483, "max": 6.44331741333, "mean": 0.419193416834, "median": 0.416193068027, "min": -4.17156171799, "var": 1.07188808918}, "erbbands_spread": {"dmean": 4.7531337738, "dmean2": 7.22653341293, "dvar": 34.2274742126, "dvar2": 75.1483154297, "max": 115.556159973, "mean": 27.9725284576, "median": 26.9005203247, "min": 0.48273485899, "var": 251.761123657}, "hfc": {"dmean": 2.98316073418, "dmean2": 4.43195772171, "dvar": 21.0995483398, "dvar2": 39.4523506165, "max": 141.38659668, "mean": 14.9739484787, "median": 9.80651473999, "min": 1.2418310335e-16, "var": 212.331680298}, "melbands_crest": {"dmean": 3.23638749123, "dmean2": 5.14382505417, "dvar": 10.4617567062, "dvar2": 27.0966567993, "max": 37.3292617798, "mean": 18.1160697937, "median": 17.2560348511, "min": 1.74445927143, "var": 55.7085418701}, "melbands_flatness_db": {"dmean": 0.0257387012243, "dmean2": 0.0402921363711, "dvar": 0.000672532012686, "dvar2": 0.00167780765332, "max": 0.615004599094, "mean": 0.30090200901, "median": 0.287295401096, "min": 0.00508426874876, "var": 0.00799375213683}, "melbands_kurtosis": {"dmean": 7.76094770432, "dmean2": 12.5913295746, "dvar": 208.637268066, "dvar2": 585.319213867, "max": 275.660919189, "mean": 15.4721546173, "median": 7.98883914948, "min": -1.82371497154, "var": 460.466644287}, "melbands_skewness": {"dmean": 0.731797814369, "dmean2": 1.16225481033, "dvar": 0.670354664326, "dvar2": 1.80426633358, "max": 12.8331489563, "mean": 2.67623209953, "median": 2.29264688492, "min": -4.42458724976, "var": 3.42223858833}, "melbands_spread": {"dmean": 4.00808811188, "dmean2": 6.26837444305, "dvar": 31.8759098053, "dvar2": 70.3257751465, "max": 169.520401001, "mean": 14.6803798676, "median": 10.6319046021, "min": 0.517716526985, "var": 174.280380249}, "pitch_salience": {"dmean": 0.0745084807277, "dmean2": 0.119325965643, "dvar": 0.00518894707784, "dvar2": 0.0130935208872, "max": 0.895099818707, "mean": 0.480865895748, "median": 0.485944807529, "min": 0.0893521234393, "var": 0.023670559749}, "silence_rate_20dB": {"dmean": 0, "dmean2": 0, "dvar": 0, "dvar2": 0, "max": 1, "mean": 1, "median": 1, "min": 1, "var": 0}, "silence_rate_30dB": {"dmean": 0.0547796599567, "dmean2": 0.109574176371, "dvar": 0.0517762154341, "dvar2": 0.117370925844, "max": 1, "mean": 0.904419720173, "median": 1, "min": 0, "var": 0.0864478349686}, "silence_rate_60dB": {"dmean": 0.0151864411309, "dmean2": 0.0303770005703, "dvar": 0.0149542335421, "dvar2": 0.0332505963743, "max": 1, "mean": 0.132727771997, "median": 0, "min": 0, "var": 0.115108050406}, "spectral_centroid": {"dmean": 148.969238281, "dmean2": 221.079025269, "dvar": 48122.6289062, "dvar2": 89703.609375, "max": 10964.0517578, "mean": 1033.42687988, "median": 849.08215332, "min": 170.23324585, "var": 376539.0625}, "spectral_complexity": {"dmean": 1.87145757675, "dmean2": 3.03417420387, "dvar": 3.98609828949, "dvar2": 9.26511096954, "max": 37, "mean": 13.787147522, "median": 14, "min": 0, "var": 56.3192329407}, "spectral_decrease": {"dmean": 3.54626039645e-09, "dmean2": 5.90711346504e-09, "dvar": 3.31863670616e-17, "dvar2": 9.90623362136e-17, "max": 3.79738456696e-19, "mean": -1.01408215158e-08, "median": -6.08947470226e-09, "min": -6.27249576723e-08, "var": 1.14765936626e-16}, "spectral_energy": {"dmean": 0.0135344462469, "dmean2": 0.0225205905735, "dvar": 0.000477479450637, "dvar2": 0.00142297917046, "max": 0.238396301866, "mean": 0.0396318919957, "median": 0.024687198922, "min": 1.11345635189e-20, "var": 0.00169488496613}, "spectral_energyband_high": {"dmean": 6.66876221658e-05, "dmean2": 9.7258896858e-05, "dvar": 1.28957779566e-07, "dvar2": 2.1935071004e-07, "max": 0.0161764398217, "mean": 0.000156184862135, "median": 4.30886284448e-05, "min": 8.02829029243e-21, "var": 2.93433174647e-07}, "spectral_energyband_low": {"dmean": 0.0123922377825, "dmean2": 0.0207823179662, "dvar": 0.0004696539836, "dvar2": 0.0014103675494, "max": 0.229575917125, "mean": 0.0252170618623, "median": 0.00666414713487, "min": 7.3301971366e-23, "var": 0.00128801853862}, "spectral_energyband_middle_high": {"dmean": 0.000930964772124, "dmean2": 0.00134691945277, "dvar": 2.25824896916e-06, "dvar2": 4.41761631009e-06, "max": 0.0403444245458, "mean": 0.00398664129898, "median": 0.00189433875494, "min": 1.58706313525e-21, "var": 2.32612164837e-05}, "spectral_energyband_middle_low": {"dmean": 0.0035194423981, "dmean2": 0.00580013077706, "dvar": 3.3889158658e-05, "dvar2": 9.02621759451e-05, "max": 0.0866622328758, "mean": 0.0108973598108, "median": 0.00806297361851, "min": 3.21643127788e-22, "var": 8.80441511981e-05}, "spectral_entropy": {"dmean": 0.136664807796, "dmean2": 0.207174301147, "dvar": 0.0258310753852, "dvar2": 0.0566283017397, "max": 9.80601978302, "mean": 6.80362606049, "median": 6.97495651245, "min": 3.89498496056, "var": 0.505436599255}, "spectral_flux": {"dmean": 0.0249220039696, "dmean2": 0.038472302258, "dvar": 0.000988895539194, "dvar2": 0.0021199719049, "max": 0.372018873692, "mean": 0.0792254954576, "median": 0.068486765027, "min": 1.05520439608e-10, "var": 0.00388398207724}, "spectral_kurtosis": {"dmean": 5.44897127151, "dmean2": 9.14236927032, "dvar": 124.017921448, "dvar2": 322.540710449, "max": 320.207366943, "mean": 19.8275279999, "median": 8.67302513123, "min": -1.23006689548, "var": 1129.67419434}, "spectral_rms": {"dmean": 0.000893267570063, "dmean2": 0.00145649013575, "dvar": 1.37729580274e-06, "dvar2": 3.83471888199e-06, "max": 0.0152506316081, "mean": 0.0053047882393, "median": 0.00490765459836, "min": 3.29590478174e-12, "var": 1.05243889266e-05}, "spectral_rolloff": {"dmean": 241.692108154, "dmean2": 414.657226562, "dvar": 285535.4375, "dvar2": 644372.5, "max": 19164.5507812, "mean": 895.914123535, "median": 602.9296875, "min": 43.06640625, "var": 1012463.125}, "spectral_skewness": {"dmean": 0.395941644907, "dmean2": 0.654660284519, "dvar": 0.318471968174, "dvar2": 0.845862925053, "max": 14.6895151138, "mean": 2.79290342331, "median": 2.11323547363, "min": -0.032894693315, "var": 3.89559221268}, "spectral_spread": {"dmean": 313970.71875, "dmean2": 473539.5625, "dvar": 283684798464, "dvar2": 422810812416, "max": 40993600, "mean": 3046620.5, "median": 2944417.25, "min": 327479.375, "var": 1950802509820.0}, "spectral_strongpeak": {"dmean": 0.331555247307, "dmean2": 0.571139395237, "dvar": 0.491539299488, "dvar2": 1.24391031265, "max": 11.0745162964, "mean": 0.742909252644, "median": 0.463937133551, "min": 0, "var": 0.883557081223}, "zerocrossingrate": {"dmean": 0.00515737570822, "dmean2": 0.00622674450278, "dvar": 5.10230929649e-05, "dvar2": 5.46622468391e-05, "max": 0.51123046875, "mean": 0.0335255786777, "median": 0.0283203125, "min": 0.00146484375, "var": 0.000637577439193}, "barkbands": {"dmean": [0.00166372372769, 0.010990682058, 0.00193493696861, 0.00128679070622, 0.00111102557275, 0.00108876416925, 0.000728405953851, 0.000942655140534, 0.000449047365692, 0.000280045875115, 8.03920047474e-05, 9.89744294202e-05, 0.000167556165252, 0.000233664963162, 0.000143909230246, 0.000117504991067, 0.000186131990631, 0.000281948567135, 0.00012739939848, 2.35557745327e-05, 1.67347734532e-05, 1.5283421817e-05, 1.54394056153e-05, 1.80719816854e-05, 6.79238974044e-06, 2.74678450296e-06, 4.60828772475e-07], "dmean2": [0.00253959209658, 0.0188461728394, 0.00329275312833, 0.00226347497664, 0.00190262729302, 0.00173942267429, 0.00115268677473, 0.00142238847911, 0.000687514315359, 0.000426382757723, 0.000127710038214, 0.000156904017786, 0.000258565560216, 0.000364221661584, 0.000220866248128, 0.000178358939593, 0.000284255045699, 0.000410048814956, 0.000183375916095, 3.79715202143e-05, 2.66674906015e-05, 2.36735286308e-05, 2.32244019571e-05, 2.55476825259e-05, 1.0011573977e-05, 4.15817839894e-06, 7.37340087653e-07], "dvar": [1.53978562594e-05, 0.0004108590947, 3.20914150507e-05, 1.18321577247e-05, 6.07701122135e-06, 3.01942304759e-06, 2.1459591153e-06, 3.94423341277e-06, 9.79217588792e-07, 2.97987241993e-07, 2.29712551203e-08, 8.51740580288e-08, 1.92247583186e-07, 4.68056441605e-07, 1.35533454682e-07, 1.6815846493e-07, 2.82652621308e-07, 4.6119447461e-07, 1.18773968438e-07, 7.2821553232e-09, 1.08031850132e-08, 4.47092718403e-09, 1.0264994188e-08, 1.3626030082e-08, 3.0244855509e-09, 1.01304589717e-10, 5.34356326548e-12], "dvar2": [3.77893193217e-05, 0.0012839048868, 8.35542959976e-05, 3.36463999702e-05, 1.68885526364e-05, 7.57741372581e-06, 4.76308287034e-06, 9.10326889425e-06, 2.2367503334e-06, 6.87556905632e-07, 5.57447918936e-08, 2.0876949236e-07, 4.36046491359e-07, 1.06638663055e-06, 2.82117184724e-07, 4.07434725958e-07, 6.26821247351e-07, 9.50296509927e-07, 2.22710497155e-07, 1.70433658297e-08, 2.38832082999e-08, 8.96951313223e-09, 1.95094642663e-08, 1.9659117001e-08, 6.38508224071e-09, 2.15333043063e-10, 1.39342183625e-11], "max": [0.0517271384597, 0.209837540984, 0.0675708800554, 0.0505579300225, 0.0402075015008, 0.0252421200275, 0.0345274247229, 0.0422511547804, 0.032596424222, 0.0115871038288, 0.00398194044828, 0.0102049103007, 0.0142416395247, 0.0244783014059, 0.0109705422074, 0.0145156132057, 0.0184525065124, 0.0172553602606, 0.0128027135506, 0.00266189943068, 0.00443525798619, 0.00304416753352, 0.00384275219403, 0.00860985089093, 0.00366292265244, 0.000379432691261, 0.000112279783934], "mean": [0.0034492095001, 0.0193651802838, 0.00189623970073, 0.001472829259, 0.00193159270566, 0.00265817274339, 0.00149021099787, 0.00213643885218, 0.000956583651714, 0.000604041619226, 0.000159143994097, 0.000177181122126, 0.00035047554411, 0.00048598027206, 0.000283057510387, 0.000304222165141, 0.000495075364597, 0.000894388358574, 0.000344219821272, 4.0089002141e-05, 2.82560704363e-05, 2.95373265544e-05, 2.48281048698e-05, 3.46476554114e-05, 1.33229050334e-05, 6.13273005001e-06, 6.45079467176e-07], "median": [7.90660269558e-05, 0.00362980226055, 0.000520483939908, 0.000463773321826, 0.000971881439909, 0.0017572932411, 0.000743700540625, 0.000643129926175, 0.000323605316225, 0.000229188430239, 7.50728941057e-05, 7.45809666114e-05, 0.000111729008495, 7.58333480917e-05, 6.55733019812e-05, 3.90553686884e-05, 6.56675983919e-05, 7.17337534297e-05, 3.41292798112e-05, 1.14001086331e-05, 7.26888356439e-06, 7.22722143109e-06, 3.45825446857e-06, 3.9472060962e-06, 2.35907646129e-06, 1.72771785856e-06, 7.35664116291e-08], "min": [5.27851641359e-24, 3.83861104876e-23, 2.17614617112e-23, 1.08728256805e-23, 2.87902486643e-23, 5.21358898013e-23, 2.40386270432e-23, 1.13380731232e-22, 6.61470660645e-23, 4.54467753099e-23, 1.10180391959e-22, 5.5743088819e-23, 6.00381398362e-23, 1.66081069943e-22, 1.7520608278e-22, 1.67400928901e-22, 1.82132016471e-22, 2.25595160014e-22, 2.5466595917e-22, 4.0533983095e-22, 5.95159681906e-22, 6.2522207291e-22, 5.60769031997e-22, 7.05100992213e-22, 1.25716165615e-21, 1.73163617136e-21, 2.57842415521e-21], "var": [5.3182211559e-05, 0.000881044310518, 2.58085474343e-05, 9.85029237199e-06, 9.56627445703e-06, 8.90575120138e-06, 6.33145782558e-06, 1.56894511747e-05, 3.5058424146e-06, 1.16411979434e-06, 6.78448941471e-08, 2.35183748032e-07, 7.59331896916e-07, 1.69772215486e-06, 4.54986121667e-07, 8.80868299191e-07, 1.66807785718e-06, 3.25104338117e-06, 7.41550422845e-07, 1.12775504491e-08, 1.59059592164e-08, 8.07001843128e-09, 1.78152124164e-08, 3.85773404332e-08, 6.01733818328e-09, 2.12512243913e-10, 5.551131603e-12]}, "erbbands": {"dmean": [0.468400120735, 1.97943162918, 2.2313375473, 3.66164541245, 3.65031838417, 3.56327867508, 5.71203231812, 10.1596641541, 11.6357755661, 12.0907049179, 19.3276691437, 11.5975904465, 7.99915027618, 6.32993030548, 3.3465487957, 4.53718614578, 7.39160680771, 11.4719495773, 8.07221889496, 5.34458684921, 6.38829994202, 9.05478191376, 15.2735309601, 9.19110584259, 3.73650884628, 1.10946893692, 0.791078388691, 0.602674901485, 0.516720414162, 0.477755129337, 0.459716379642, 0.39983934164, 0.300501614809, 0.0965487733483, 0.0410833880305, 0.019778156653, 0.00306798634119, 0.000743964628782, 8.49047501106e-05, 1.60790114023e-05], "dmean2": [0.791970551014, 3.42782211304, 3.71316742897, 6.33162260056, 6.42645740509, 6.07083177567, 9.2385931015, 16.2923049927, 18.1607627869, 18.5542411804, 29.5900039673, 17.6135635376, 12.291056633, 9.62948131561, 5.24854278564, 7.20973205566, 11.313082695, 17.7390499115, 12.4183797836, 7.90874862671, 9.52164936066, 13.3801412582, 22.3582553864, 13.0588169098, 5.28047943115, 1.7490209341, 1.29377126694, 0.922310650349, 0.793666660786, 0.725830435753, 0.698124706745, 0.56862860918, 0.438948601484, 0.142290279269, 0.061813082546, 0.0301798433065, 0.00459454767406, 0.00112752849236, 0.000141027063364, 2.66828483291e-05], "dvar": [1.05256354809, 11.6976642609, 29.2954673767, 108.628646851, 81.5131454468, 63.1036262512, 122.29990387, 298.180603027, 552.799499512, 708.200134277, 2096.28173828, 584.64465332, 262.879882812, 239.930953979, 41.9766845703, 163.124633789, 383.130615234, 1107.77624512, 415.644073486, 222.58543396, 522.414855957, 598.88470459, 1377.69909668, 527.878295898, 164.346710205, 16.2262496948, 23.278049469, 13.7633504868, 5.90961122513, 5.6450676918, 10.9359579086, 8.07595348358, 4.55019617081, 0.606942117214, 0.111512191594, 0.00688720494509, 0.000116614945, 8.45037448016e-06, 1.74456260993e-07, 1.11784437262e-09], "dvar2": [3.33204650879, 35.0106582642, 74.0546569824, 296.642120361, 232.455978394, 171.55140686, 307.437225342, 724.926818848, 1199.8638916, 1627.3626709, 5133.22314453, 1342.08666992, 629.72253418, 521.283691406, 96.7910995483, 403.496429443, 840.085327148, 2402.75244141, 919.471252441, 449.416534424, 1228.75256348, 1248.26306152, 2851.10498047, 1064.85009766, 288.545043945, 37.9008903503, 55.9228668213, 27.4066810608, 11.7518253326, 12.6265659332, 21.1668262482, 13.6920194626, 8.78620910645, 1.27817487717, 0.218906119466, 0.014128674753, 0.000235100160353, 1.72839081642e-05, 4.7450541274e-07, 3.24952753594e-09], "max": [10.8048086166, 34.0364265442, 67.5385818481, 170.189315796, 133.977218628, 164.362686157, 215.869766235, 285.03503418, 570.248718262, 749.634155273, 943.23034668, 777.309082031, 321.884338379, 445.149383545, 128.902603149, 424.394714355, 694.854736328, 1427.43859863, 687.537536621, 550.599121094, 1098.38098145, 837.417480469, 966.469421387, 757.455322266, 682.081115723, 155.880706787, 201.431304932, 144.330062866, 129.02104187, 87.3402786255, 128.262176514, 226.355529785, 138.699539185, 50.1683692932, 20.1836776733, 4.23008346558, 0.435198247433, 0.111647166312, 0.0184196885675, 0.00153545243666], "mean": [0.866801023483, 3.10109853745, 2.64321541786, 4.12480020523, 5.16684103012, 6.14042949677, 12.2307252884, 24.0284099579, 26.1392345428, 26.4237251282, 45.9144477844, 26.238697052, 17.3869819641, 14.619099617, 7.48804950714, 8.88117218018, 16.6030006409, 26.4833106995, 17.743932724, 13.7648992538, 18.6563568115, 28.6863002777, 49.1824035645, 30.7897949219, 9.72261619568, 2.1277616024, 1.33535599709, 1.0227240324, 1.00684797764, 0.877798259258, 0.742192625999, 0.682188570499, 0.573970556259, 0.189525797963, 0.0799349546432, 0.0420812256634, 0.00720172375441, 0.00137657881714, 0.000120539269119, 4.78042020404e-05], "median": [0.0736603587866, 0.703412592411, 0.964512705803, 1.4000672102, 2.03990244865, 2.70322704315, 6.79849147797, 14.1742973328, 13.5088920593, 10.8170604706, 14.4142570496, 10.1071863174, 7.17958164215, 5.77646255493, 3.85263109207, 4.04036712646, 5.86243486404, 5.2441368103, 5.02226114273, 2.47884368896, 2.78055047989, 3.7422413826, 4.49717903137, 2.25848889351, 1.6052737236, 0.708822309971, 0.377590239048, 0.25698158145, 0.256971955299, 0.190534174442, 0.0873525887728, 0.0836840197444, 0.0587830021977, 0.027849663049, 0.0169740077108, 0.0107089895755, 0.00233279634267, 0.000345281907357, 2.89198760584e-05, 3.1851886888e-05], "min": [4.62165811222e-22, 1.07287369166e-20, 3.24393643679e-20, 2.99850904099e-20, 1.96650041419e-20, 1.00003751451e-19, 2.91719356786e-19, 5.16302305214e-19, 3.07181042645e-19, 7.60978297902e-19, 2.8842241132e-18, 1.23945756281e-18, 2.32923968891e-18, 2.45711560776e-18, 3.2618502608e-18, 2.63593179027e-18, 2.99570283076e-18, 6.0984635123e-18, 1.15205530182e-17, 6.9303267943e-18, 9.18741979019e-18, 9.99281329259e-18, 1.35899794127e-17, 1.15070244793e-17, 1.24074916398e-17, 1.90659158949e-17, 2.30515864149e-17, 2.15658161791e-17, 2.3701336786e-17, 1.6528800755e-17, 1.70189036136e-17, 1.63412722927e-17, 1.20688546504e-17, 1.33419137372e-17, 9.30240120406e-18, 6.62701331216e-18, 3.25203679681e-18, 1.19691028723e-18, 3.32828914911e-19, 4.1895848227e-20], "var": [2.22694540024, 23.6804866791, 28.6632041931, 88.5210113525, 92.5908126831, 119.056739807, 311.722717285, 897.323486328, 1682.23291016, 2859.94848633, 7742.45458984, 2092.1887207, 843.358398438, 1093.66455078, 139.833450317, 463.860900879, 1663.05419922, 4848.13134766, 1401.06384277, 1129.84106445, 3530.19775391, 4564.41259766, 9496.4140625, 4127.37792969, 849.989562988, 27.6643295288, 30.2232379913, 21.3309955597, 10.8771867752, 7.92921066284, 18.9742527008, 18.531873703, 10.7164936066, 1.18903374672, 0.229725942016, 0.0151489144191, 0.000247832736932, 1.32317936732e-05, 1.75005325787e-07, 2.59644550304e-09]}, "gfcc": {"mean": [-82.4719467163, 135.996536255, -114.164146423, 10.3614530563, -47.2040672302, -0.0192195363343, -38.368686676, 12.6122398376, -13.196144104, 1.27004992962, -5.91746139526, -0.769475102425, -12.7769756317], "cov": [[25044.0546875, -1689.58911133, 189.918319702, 3569.61816406, 258.759887695, 879.630859375, -73.1650238037, 2111.5480957, 499.490997314, 715.188598633, 806.930603027, 937.072937012, -21.480342865], [-1689.58911133, 1421.73925781, 56.1842155457, -775.339233398, 153.101806641, -209.464645386, 79.5401000977, -311.719696045, 17.4837322235, -107.566139221, 40.46925354, -64.3300857544, 90.5123062134], [189.918319702, 56.1842155457, 1256.94604492, 281.144714355, 216.573196411, 337.792114258, 102.417304993, 123.836494446, -37.700958252, 99.5388412476, -22.4147949219, 193.08114624, 53.3610610962], [3569.61816406, -775.339233398, 281.144714355, 1239.53051758, 196.253723145, 300.747528076, 9.31223583221, 399.770904541, 106.209754944, 106.607246399, 89.7065734863, 195.858383179, 13.7498311996], [258.759887695, 153.101806641, 216.573196411, 196.253723145, 409.718200684, 100.904678345, 50.542804718, 99.7813644409, 93.6451873779, 7.15161895752, 9.97158241272, 108.846641541, 33.1221008301], [879.630859375, -209.464645386, 337.792114258, 300.747528076, 100.904678345, 332.115875244, 114.937561035, 136.838317871, 17.634759903, 85.1466064453, -1.32456159592, 66.4470748901, -0.296700268984], [-73.1650238037, 79.5401000977, 102.417304993, 9.31223583221, 50.542804718, 114.937561035, 260.651153564, 22.2834796906, 23.5224552155, 56.298324585, 19.2926235199, 9.7967338562, 2.79846668243], [2111.5480957, -311.719696045, 123.836494446, 399.770904541, 99.7813644409, 136.838317871, 22.2834796906, 421.843841553, 111.602462769, 75.2357788086, 92.6147003174, 99.2176132202, -51.2959632874], [499.490997314, 17.4837322235, -37.700958252, 106.209754944, 93.6451873779, 17.634759903, 23.5224552155, 111.602462769, 210.869537354, 56.4438591003, 58.8215484619, 45.7711601257, 35.6357345581], [715.188598633, -107.566139221, 99.5388412476, 106.607246399, 7.15161895752, 85.1466064453, 56.298324585, 75.2357788086, 56.4438591003, 153.405303955, 45.3689079285, 49.3199958801, 10.8730297089], [806.930603027, 40.46925354, -22.4147949219, 89.7065734863, 9.97158241272, -1.32456159592, 19.2926235199, 92.6147003174, 58.8215484619, 45.3689079285, 187.808074951, 54.7225914001, 6.20284700394], [937.072937012, -64.3300857544, 193.08114624, 195.858383179, 108.846641541, 66.4470748901, 9.7967338562, 99.2176132202, 45.7711601257, 49.3199958801, 54.7225914001, 197.106918335, 52.9300193787], [-21.480342865, 90.5123062134, 53.3610610962, 13.7498311996, 33.1221008301, -0.296700268984, 2.79846668243, -51.2959632874, 35.6357345581, 10.8730297089, 6.20284700394, 52.9300193787, 150.694015503]], "icov": [[0.000161049552844, -0.000358860386768, 0.000255950173596, -0.000462747353595, 0.00035186225432, -0.000223853858188, 0.000249441800406, -0.000627008790616, 0.000309766997816, -0.000509417790454, 5.80562882533e-05, -0.000453853805084, 1.47730861499e-05], [-0.000358860386768, 0.00273808836937, -0.00107687956188, 0.00214825151488, -0.00201399950311, 0.00119629409164, -0.0011827115668, 0.00206229789183, -0.0011650173692, 0.00207083742134, -0.00156993744895, 0.00163217762019, -0.000724028504919], [0.000255950173596, -0.00107687956188, 0.00188506161794, -0.000865192909259, 0.000483296083985, -0.00168962590396, 0.000645272957627, -0.00126744864974, 0.0013551923912, -0.00140331313014, 0.000731030129828, -0.00179204286542, -7.81077469583e-05], [-0.000462747353595, 0.00214825151488, -0.000865192909259, 0.00344690610655, -0.00191373215057, -5.40334367543e-05, -0.000561635941267, 0.0012080417946, -0.00102009891998, 0.00197407021187, -0.00110563414637, 0.00107075611595, -0.000754037639126], [0.00035186225432, -0.00201399950311, 0.000483296083985, -0.00191373215057, 0.00518257264048, -0.00129974295851, 0.000397639494622, -0.00175245909486, -0.000810412806459, -0.000128217463498, 0.00152421265375, -0.0028418560978, 0.000654059054796], [-0.000223853858188, 0.00119629409164, -0.00168962590396, -5.40334367543e-05, -0.00129974295851, 0.00719769950956, -0.00264716986567, 0.000287960225251, 3.1655865314e-05, -0.000726286147255, 0.000503646442667, 0.00153361086268, -0.000214665968088], [0.000249441800406, -0.0011827115668, 0.000645272957627, -0.000561635941267, 0.000397639494622, -0.00264716986567, 0.00566371902823, -0.00088070234051, 0.000467079953523, -0.00223501957953, -0.000161328905961, -0.000386698637158, 0.000264383998001], [-0.000627008790616, 0.00206229789183, -0.00126744864974, 0.0012080417946, -0.00175245909486, 0.000287960225251, -0.00088070234051, 0.00762546807528, -0.00337043264881, 0.00219658436254, -0.0018625005614, 0.000872172066011, 0.00241717812605], [0.000309766997816, -0.0011650173692, 0.0013551923912, -0.00102009891998, -0.000810412806459, 3.1655865314e-05, 0.000467079953523, -0.00337043264881, 0.00849174894392, -0.00365725322627, -0.000353411654942, -0.000424094585469, -0.00220138486475], [-0.000509417790454, 0.00207083742134, -0.00140331313014, 0.00197407021187, -0.000128217463498, -0.000726286147255, -0.00223501957953, 0.00219658436254, -0.00365725322627, 0.0118940575048, -0.00203571817838, 0.000325913832057, -0.000207683362532], [5.80562882533e-05, -0.00156993744895, 0.000731030129828, -0.00110563414637, 0.00152421265375, 0.000503646442667, -0.000161328905961, -0.0018625005614, -0.000353411654942, -0.00203571817838, 0.00813591945916, -0.0022800094448, 0.000524639734067], [-0.000453853805084, 0.00163217762019, -0.00179204286542, 0.00107075611595, -0.0028418560978, 0.00153361086268, -0.000386698637158, 0.000872172066011, -0.000424094585469, 0.000325913832057, -0.0022800094448, 0.0105756381527, -0.00312043656595], [1.47730861499e-05, -0.000724028504919, -7.81077469583e-05, -0.000754037639126, 0.000654059054796, -0.000214665968088, 0.000264383998001, 0.00241717812605, -0.00220138486475, -0.000207683362532, 0.000524639734067, -0.00312043656595, 0.00945311132818]]}, "melbands": {"dmean": [0.00351036223583, 0.00153274170589, 0.000608110334724, 0.000249590026215, 0.000188667167095, 0.000224156756303, 0.000168613623828, 0.000145751764649, 0.00015055348922, 6.7159140599e-05, 3.9619681047e-05, 2.7380996471e-05, 1.09574239104e-05, 1.14405311251e-05, 1.15885350169e-05, 1.86099641724e-05, 2.42979422183e-05, 1.44784244185e-05, 9.07183039089e-06, 8.06346088211e-06, 8.08595359558e-06, 8.90336923476e-06, 1.48038961925e-05, 1.36011831273e-05, 7.73199826654e-06, 3.98360180043e-06, 1.25983729049e-06, 6.97340965417e-07, 5.4932064586e-07, 4.36731909303e-07, 3.6065949871e-07, 3.26481313095e-07, 2.81145105419e-07, 2.65708109737e-07, 2.77137985449e-07, 2.74966538427e-07, 2.47276574328e-07, 2.50896135867e-07, 1.40322455877e-07, 6.95030237807e-08], "dmean2": [0.0059653185308, 0.0025642295368, 0.00104665674735, 0.000433947134297, 0.000306495523546, 0.000359118683264, 0.000263035559328, 0.000222021655645, 0.000231751982938, 0.000102229751064, 6.09144881309e-05, 4.17800511059e-05, 1.7279484382e-05, 1.78618502105e-05, 1.80465667654e-05, 2.88225273835e-05, 3.7881462049e-05, 2.23681727221e-05, 1.37476909003e-05, 1.22496476251e-05, 1.21956145449e-05, 1.32457334985e-05, 2.20423280552e-05, 1.96529199457e-05, 1.11719482447e-05, 5.63061121284e-06, 1.91414164874e-06, 1.14041483812e-06, 9.0491141691e-07, 6.83869359364e-07, 5.61682782063e-07, 5.20443904861e-07, 4.17177062673e-07, 4.14459208287e-07, 4.29797751167e-07, 3.92987857367e-07, 3.60255256737e-07, 3.7292579691e-07, 2.12621486639e-07, 1.05696706498e-07], "dvar": [4.73794607387e-05, 7.57259522288e-06, 2.72745660368e-06, 3.44842021605e-07, 1.25939124018e-07, 1.35792433298e-07, 1.1042910586e-07, 1.0003710571e-07, 1.23889648762e-07, 1.92392857201e-08, 6.49734044345e-09, 4.69497729583e-09, 4.33273417144e-10, 9.22013465576e-10, 1.22064436336e-09, 2.73162958919e-09, 5.34060928814e-09, 1.54250590079e-09, 6.3839805664e-10, 6.4031813185e-10, 8.04377287e-10, 6.76445843784e-10, 1.38370770397e-09, 1.22704590932e-09, 4.26161911316e-10, 1.86781923261e-10, 1.83729489955e-11, 7.37245420962e-12, 1.18936093613e-11, 6.36354597489e-12, 4.5331165037e-12, 2.47671523047e-12, 1.26672706612e-12, 2.07594510158e-12, 3.46056126463e-12, 4.96150950186e-12, 3.00234902044e-12, 3.44792770723e-12, 8.39308060985e-13, 4.0667228157e-13], "dvar2": [0.000147327460581, 1.96354703803e-05, 7.43731698094e-06, 9.59776230047e-07, 3.28352314227e-07, 3.30410642846e-07, 2.39860810325e-07, 2.25224951578e-07, 3.10756519184e-07, 4.38893579258e-08, 1.54754840054e-08, 1.03069597301e-08, 1.01841934885e-09, 2.10761008645e-09, 2.99208213761e-09, 6.13588957421e-09, 1.17998366633e-08, 3.59303187203e-09, 1.31424715555e-09, 1.38029865315e-09, 1.90232229969e-09, 1.44205258845e-09, 3.03757907716e-09, 2.51253196026e-09, 8.98374596936e-10, 3.28191362975e-10, 4.05337291509e-11, 1.7847837791e-11, 2.96775833075e-11, 1.42773735543e-11, 8.93745494279e-12, 5.10811705434e-12, 2.53556052023e-12, 4.96492994287e-12, 7.2703375438e-12, 8.57544677629e-12, 5.53878167289e-12, 7.0011318791e-12, 1.65769167056e-12, 9.54409836752e-13], "max": [0.0725234299898, 0.0296460315585, 0.0237533319741, 0.00946634169668, 0.00581856211647, 0.00573406741023, 0.00827050488442, 0.00957484263927, 0.0075081535615, 0.00418309960514, 0.00160569814034, 0.00195082614664, 0.000594690791331, 0.00118221016601, 0.00181003112812, 0.00187195988838, 0.00284042814746, 0.00120307761244, 0.000890850147698, 0.000693302310538, 0.00133173586801, 0.000914868956897, 0.000998259754851, 0.000823257083539, 0.000686411629431, 0.000694600457791, 0.000126547674881, 0.000108984066173, 0.00015326643188, 0.000108372609247, 9.03800755623e-05, 8.61546068336e-05, 3.72265240003e-05, 5.4431042372e-05, 6.91706154612e-05, 0.000137756258482, 0.000142999153468, 0.00012820676784, 4.89570302307e-05, 4.11774526583e-05], "mean": [0.00658819219097, 0.00230106757954, 0.000736490823328, 0.000399351498345, 0.000403500685934, 0.00054238300072, 0.000375083822291, 0.000316749763442, 0.000355980591848, 0.000144643796375, 8.25279057608e-05, 6.04899541941e-05, 2.26743068197e-05, 2.18628010771e-05, 2.32492202485e-05, 4.12004192185e-05, 5.13291197421e-05, 2.89586605504e-05, 1.86953839147e-05, 2.02542050829e-05, 2.16865773837e-05, 2.59818207269e-05, 4.2493960791e-05, 4.30653126386e-05, 2.35823154071e-05, 1.01936502688e-05, 2.35619540945e-06, 1.14220733849e-06, 8.50744925174e-07, 6.92404171332e-07, 5.7968765077e-07, 5.80326798172e-07, 5.49587696241e-07, 4.38693462002e-07, 4.30872432844e-07, 4.10119923799e-07, 4.13568500335e-07, 4.55378341258e-07, 2.66699771601e-07, 1.21427362387e-07], "median": [0.000927823130041, 0.000757335685194, 0.000282012566458, 0.000179806782398, 0.000229705357924, 0.000330856069922, 0.000194650128833, 0.000116026974865, 0.000107451502117, 5.49582437088e-05, 3.19452374242e-05, 2.09552872548e-05, 1.12854741019e-05, 9.84312282526e-06, 1.05821682155e-05, 1.1532309145e-05, 8.14986378828e-06, 6.85464056005e-06, 3.86418696507e-06, 2.82974315269e-06, 3.09164420287e-06, 3.35222375725e-06, 4.34037156083e-06, 3.12704673888e-06, 1.26240377085e-06, 1.01912769424e-06, 5.59636987418e-07, 2.35833084616e-07, 1.85326854307e-07, 1.75176566586e-07, 1.05566165587e-07, 1.29728590537e-07, 1.27392752347e-07, 8.24945658451e-08, 4.12353351464e-08, 3.81671725336e-08, 4.82235478216e-08, 4.23726405074e-08, 2.78264593589e-08, 1.79208008433e-08], "min": [8.04638991072e-24, 1.66712594119e-23, 4.69098543315e-24, 3.19474467118e-24, 1.01241887928e-23, 1.07800635266e-23, 4.76533991221e-24, 1.11830775747e-23, 2.11229782049e-23, 8.30812685933e-24, 1.1302135618e-23, 8.96635397637e-24, 1.45306064594e-23, 7.38918515742e-24, 5.07558825661e-24, 7.92762847917e-24, 1.09235510144e-23, 1.97309858059e-23, 1.13412497082e-23, 1.11638680228e-23, 1.00140030681e-23, 7.91471324842e-24, 1.72457315889e-23, 8.63281333045e-24, 9.48942713224e-24, 9.11166057739e-24, 1.00935723122e-23, 1.34140290684e-23, 1.42095369156e-23, 1.51195968326e-23, 1.17371411313e-23, 1.26249804143e-23, 1.32946791466e-23, 7.61538392224e-24, 1.02727470785e-23, 8.79471598719e-24, 1.07023133958e-23, 9.20476588573e-24, 5.72408516881e-24, 1.38951963552e-23], "var": [0.000109584587335, 1.24732132463e-05, 2.2936935693e-06, 5.69501366954e-07, 2.9213435937e-07, 4.15585219571e-07, 3.44199946767e-07, 4.16845665541e-07, 4.54207025768e-07, 6.64098465109e-08, 2.05439700807e-08, 2.10687733926e-08, 1.36223099467e-09, 3.38217898133e-09, 2.80685519272e-09, 1.25268391216e-08, 1.97837941585e-08, 4.44860859261e-09, 2.21908158515e-09, 3.38125150101e-09, 5.33207744624e-09, 4.79587258795e-09, 7.62540164345e-09, 8.76913208714e-09, 2.94489077568e-09, 1.08308684243e-09, 4.539737683e-11, 1.20424902689e-11, 1.40748497926e-11, 8.88554247541e-12, 7.41751885608e-12, 4.35058543011e-12, 2.46123911182e-12, 2.45551213911e-12, 5.45937557314e-12, 9.53267759868e-12, 6.81090210272e-12, 7.69187057797e-12, 1.84327054488e-12, 6.83926548208e-13]}, "mfcc": {"mean": [-720.140258789, 164.011657715, -2.06772661209, 14.6889638901, 9.26424503326, -8.01540565491, -7.5154800415, 4.22996759415, -4.83953380585, 2.12476015091, 9.77698993683, 3.73098492622, -4.5030465126], "cov": [[15054.1386719, 75.224281311, -392.483154297, 2119.12548828, 1202.81347656, -137.444091797, 288.047180176, 1077.38134766, 143.958557129, 354.233734131, 897.901245117, 336.850189209, 26.8242778778], [75.224281311, 1693.89611816, 26.9743213654, -304.777801514, -50.7748451233, -7.83250904083, -21.4014701843, -90.5652236938, -54.755153656, -93.8694992065, -71.1526641846, 53.784702301, 38.6416702271], [-392.483154297, 26.9743213654, 831.799438477, 61.2730293274, 33.1311454773, 198.371780396, 136.029434204, 56.1358680725, 58.5734901428, 39.8832397461, -100.436882019, 60.0618171692, 122.343170166], [2119.12548828, -304.777801514, 61.2730293274, 679.15045166, 352.036193848, 94.8007354736, 78.5392608643, 255.781311035, 77.5288467407, 73.2637710571, 85.2146606445, 57.1429023743, 93.1965026855], [1202.81347656, -50.7748451233, 33.1311454773, 352.036193848, 483.997772217, 46.359210968, 5.17043781281, 215.897537231, 80.9798660278, 32.9699630737, 39.8592948914, 64.548614502, 73.9144210815], [-137.444091797, -7.83250904083, 198.371780396, 94.8007354736, 46.359210968, 335.612579346, 110.071083069, 33.260974884, 90.6970901489, 38.1263809204, -73.5930480957, 29.54804039, 71.910774231], [288.047180176, -21.4014701843, 136.029434204, 78.5392608643, 5.17043781281, 110.071083069, 222.701049805, 85.4361724854, 21.3068695068, 33.5700378418, 63.1911849976, 34.6084823608, -15.0611076355], [1077.38134766, -90.5652236938, 56.1358680725, 255.781311035, 215.897537231, 33.260974884, 85.4361724854, 293.14263916, 65.0675430298, 60.059551239, 112.699562073, 48.8645477295, 37.4583587646], [143.958557129, -54.755153656, 58.5734901428, 77.5288467407, 80.9798660278, 90.6970901489, 21.3068695068, 65.0675430298, 182.412338257, 53.3666496277, 0.0188793186098, 26.026468277, 40.8992233276], [354.233734131, -93.8694992065, 39.8832397461, 73.2637710571, 32.9699630737, 38.1263809204, 33.5700378418, 60.059551239, 53.3666496277, 183.851547241, 81.0018539429, 5.26932573318, 16.7239017487], [897.901245117, -71.1526641846, -100.436882019, 85.2146606445, 39.8592948914, -73.5930480957, 63.1911849976, 112.699562073, 0.0188793186098, 81.0018539429, 309.371490479, 50.8331985474, -84.8515014648], [336.850189209, 53.784702301, 60.0618171692, 57.1429023743, 64.548614502, 29.54804039, 34.6084823608, 48.8645477295, 26.026468277, 5.26932573318, 50.8331985474, 141.984619141, 65.0738601685], [26.8242778778, 38.6416702271, 122.343170166, 93.1965026855, 73.9144210815, 71.910774231, -15.0611076355, 37.4583587646, 40.8992233276, 16.7239017487, -84.8515014648, 65.0738601685, 222.158218384]], "icov": [[0.000173904991243, -0.000126898434246, 7.54336506361e-05, -0.000559702515602, 2.44108887273e-05, 0.000143325392855, -2.97102360491e-07, -0.000147559141624, 3.56571217708e-05, -0.000125108825159, -0.000166530706338, -0.000174569213414, 0.000155058776727], [-0.000126898434246, 0.000786707620136, -4.81404968014e-05, 0.000861626176629, -0.000250123091973, -0.000167767182575, -8.46983966767e-05, 0.000114293972729, 0.000147709128214, 0.00030664136284, 0.000121281904285, -0.000133811627165, -0.000308709742967], [7.54336506361e-05, -4.81404968014e-05, 0.00167162157595, -0.000122789700981, 3.67473912775e-05, -0.000311168376356, -0.000891438976396, -0.000277504412225, 6.50533402222e-05, -0.000424320955062, 0.000641042308416, -0.000508581288159, -0.000381159508834], [-0.000559702515602, 0.000861626176629, -0.000122789700981, 0.0049767261371, -0.00174488814082, -0.000935102929361, -0.000491021026392, -0.00058155413717, 0.000217701483052, 0.000360685022315, 7.05844722688e-05, 0.00095543183852, -0.00147456722334], [2.44108887273e-05, -0.000250123091973, 3.67473912775e-05, -0.00174488814082, 0.00437647150829, -9.79950418696e-05, 0.00143365887925, -0.00227466668002, -0.000596122874413, 0.000131150227389, 0.000593069300521, -0.00113442190923, 0.000467342673801], [0.000143325392855, -0.000167767182575, -0.000311168376356, -0.000935102929361, -9.79950418696e-05, 0.00530479336157, -0.00262465863489, 0.000645801075734, -0.00181266269647, -0.000821418478154, 0.00148012896534, -0.000436891510617, -0.00030698129558], [-2.97102360491e-07, -8.46983966767e-05, -0.000891438976396, -0.000491021026392, 0.00143365887925, -0.00262465863489, 0.00787000078708, -0.00227340962738, 0.000782882852945, 6.25655957265e-05, -0.00108690385241, -0.00121203123126, 0.0017921756953], [-0.000147559141624, 0.000114293972729, -0.000277504412225, -0.00058155413717, -0.00227466668002, 0.000645801075734, -0.00227340962738, 0.00783508364111, -0.00121000478975, 7.57929883548e-05, -0.00196409504861, 0.000954373681452, -0.00134538381826], [3.56571217708e-05, 0.000147709128214, 6.50533402222e-05, 0.000217701483052, -0.000596122874413, -0.00181266269647, 0.000782882852945, -0.00121000478975, 0.00750131160021, -0.00169908592943, 0.000416302646045, -0.000862888642587, 4.37021917605e-05], [-0.000125108825159, 0.00030664136284, -0.000424320955062, 0.000360685022315, 0.000131150227389, -0.000821418478154, 6.25655957265e-05, 7.57929883548e-05, -0.00169908592943, 0.00778176030144, -0.00293655786663, 0.00217148195952, -0.00177281303331], [-0.000166530706338, 0.000121281904285, 0.000641042308416, 7.05844722688e-05, 0.000593069300521, 0.00148012896534, -0.00108690385241, -0.00196409504861, 0.000416302646045, -0.00293655786663, 0.00741686485708, -0.00370382540859, 0.00325957755558], [-0.000174569213414, -0.000133811627165, -0.000508581288159, 0.00095543183852, -0.00113442190923, -0.000436891510617, -0.00121203123126, 0.000954373681452, -0.000862888642587, 0.00217148195952, -0.00370382540859, 0.0114060593769, -0.00456089433283], [0.000155058776727, -0.000308709742967, -0.000381159508834, -0.00147456722334, 0.000467342673801, -0.00030698129558, 0.0017921756953, -0.00134538381826, 4.37021917605e-05, -0.00177281303331, 0.00325957755558, -0.00456089433283, 0.00836332980543]]}, "spectral_contrast_coeffs": {"dmean": [0.0477717109025, 0.0423092916608, 0.0353689305484, 0.0288693737239, 0.0231559425592, 0.0162597224116], "dmean2": [0.0785952210426, 0.0695844814181, 0.0564825050533, 0.046079069376, 0.0350205041468, 0.025776874274], "dvar": [0.00157605588902, 0.00130961113609, 0.000873615616001, 0.000591006828472, 0.000484184973175, 0.000228875040193], "dvar2": [0.00404096860439, 0.00340372393839, 0.0021980360616, 0.00138882151805, 0.000918725505471, 0.000536299776286], "max": [-0.350397318602, -0.375249087811, -0.473992109299, -0.529973983765, -0.453607320786, -0.584208667278], "mean": [-0.666498064995, -0.677244484425, -0.729565858841, -0.745522320271, -0.729612529278, -0.788545012474], "median": [-0.681436061859, -0.679717063904, -0.734898805618, -0.750934481621, -0.746652543545, -0.782212853432], "min": [-0.950634598732, -0.986367225647, -0.983862519264, -0.964158892632, -0.959908723831, -0.962095439434], "var": [0.00928385462612, 0.00650703161955, 0.00450870068744, 0.00400597881526, 0.00832331832498, 0.00238103116862]}, "spectral_contrast_valleys": {"dmean": [0.405508041382, 0.340008199215, 0.320090502501, 0.271349340677, 0.231947004795, 0.219571143389], "dmean2": [0.670589327812, 0.56222486496, 0.521262407303, 0.438212245703, 0.358502686024, 0.322232693434], "dvar": [0.129466921091, 0.112908214331, 0.109032683074, 0.0878067016602, 0.0791906565428, 0.0823916420341], "dvar2": [0.309430956841, 0.2655852139, 0.248999804258, 0.184560149908, 0.151954010129, 0.153966009617], "max": [-5.0743780