{"lowlevel": {"average_loudness": 0.832528114319, "barkbands_crest": {"dmean": 2.36133384705, "dmean2": 3.7193210125, "dvar": 5.3079419136, "dvar2": 13.2371845245, "max": 25.9814167023, "mean": 12.9943571091, "median": 12.5846576691, "min": 3.29691386223, "var": 19.8387527466}, "barkbands_flatness_db": {"dmean": 0.0312914699316, "dmean2": 0.0444840304554, "dvar": 0.00124831544235, "dvar2": 0.00241131987423, "max": 0.749493777752, "mean": 0.292997956276, "median": 0.272127449512, "min": 0.0185591187328, "var": 0.0159844215959}, "barkbands_kurtosis": {"dmean": 14.6587972641, "dmean2": 22.82579422, "dvar": 995.049987793, "dvar2": 2472.66699219, "max": 1036.29333496, "mean": 27.6670913696, "median": 13.8428621292, "min": -1.98140764236, "var": 1886.16784668}, "barkbands_skewness": {"dmean": 1.06660974026, "dmean2": 1.57947850227, "dvar": 1.95124268532, "dvar2": 4.33382129669, "max": 24.3684425354, "mean": 2.80357336998, "median": 2.44318532944, "min": -6.52214288712, "var": 7.2504029274}, "barkbands_spread": {"dmean": 6.30556821823, "dmean2": 9.64722061157, "dvar": 207.85484314, "dvar2": 435.038482666, "max": 123.89982605, "mean": 13.610455513, "median": 4.77263832092, "min": 0.137499257922, "var": 495.957336426}, "dissonance": {"dmean": 0.0437361486256, "dmean2": 0.0710580274463, "dvar": 0.0017598553095, "dvar2": 0.00455728732049, "max": 0.500000178814, "mean": 0.37122875452, "median": 0.377900153399, "min": 0.0469960346818, "var": 0.00769114913419}, "dynamic_complexity": 5.30281352997, "erbbands_crest": {"dmean": 3.03161048889, "dmean2": 4.76260757446, "dvar": 9.84501361847, "dvar2": 22.5378684998, "max": 32.1112747192, "mean": 14.0055932999, "median": 13.0028820038, "min": 1.93688833714, "var": 40.1971893311}, "erbbands_flatness_db": {"dmean": 0.025251975283, "dmean2": 0.0358240269125, "dvar": 0.00077755516395, "dvar2": 0.001609341125, "max": 0.560044944286, "mean": 0.22424352169, "median": 0.21466627717, "min": 0.0227189920843, "var": 0.0080971615389}, "erbbands_kurtosis": {"dmean": 6.62642812729, "dmean2": 10.2107563019, "dvar": 117.1641922, "dvar2": 260.806793213, "max": 640.40838623, "mean": 18.1438026428, "median": 7.64560890198, "min": -1.94064390659, "var": 2915.29345703}, "erbbands_skewness": {"dmean": 0.803290903568, "dmean2": 1.14964056015, "dvar": 0.902612626553, "dvar2": 1.71053242683, "max": 18.3181419373, "mean": 1.93196153641, "median": 1.86860466003, "min": -6.42737054825, "var": 5.70460224152}, "erbbands_spread": {"dmean": 13.239897728, "dmean2": 20.6783294678, "dvar": 624.014831543, "dvar2": 1482.31982422, "max": 206.491653442, "mean": 30.8230342865, "median": 15.8906898499, "min": 0.323460251093, "var": 1386.35131836}, "hfc": {"dmean": 10.4087724686, "dmean2": 14.7309236526, "dvar": 920.212097168, "dvar2": 1794.15722656, "max": 777.94708252, "mean": 19.7158203125, "median": 6.63040161133, "min": 1.0284825585e-16, "var": 2382.14941406}, "melbands_crest": {"dmean": 2.98477053642, "dmean2": 4.8747382164, "dvar": 10.0447788239, "dvar2": 26.4408950806, "max": 34.2554664612, "mean": 17.5610179901, "median": 17.5133934021, "min": 1.00039386749, "var": 42.931640625}, "melbands_flatness_db": {"dmean": 0.0356339104474, "dmean2": 0.0492248833179, "dvar": 0.001742008375, "dvar2": 0.00315905106254, "max": 0.897466897964, "mean": 0.394280821085, "median": 0.375147044659, "min": -8.62865601192e-09, "var": 0.0267698112875}, "melbands_kurtosis": {"dmean": 26.2069301605, "dmean2": 40.4221496582, "dvar": 3746.53759766, "dvar2": 8480.39160156, "max": 1100.58215332, "mean": 46.7002372742, "median": 15.463142395, "min": -1.95476794243, "var": 8470.98730469}, "melbands_skewness": {"dmean": 1.21037650108, "dmean2": 1.82562148571, "dvar": 3.45435023308, "dvar2": 7.71653699875, "max": 23.348367691, "mean": 3.28085756302, "median": 2.21354007721, "min": -3.28470516205, "var": 12.0100021362}, "melbands_spread": {"dmean": 6.07023000717, "dmean2": 9.14452648163, "dvar": 388.027954102, "dvar2": 768.202270508, "max": 286.419952393, "mean": 16.2979011536, "median": 4.41032600403, "min": 0.237793520093, "var": 1449.01794434}, "pitch_salience": {"dmean": 0.0712993741035, "dmean2": 0.113426864147, "dvar": 0.00629969593138, "dvar2": 0.0150248045102, "max": 0.996095538139, "mean": 0.480941355228, "median": 0.495684504509, "min": 0.0179737526923, "var": 0.0293712113053}, "silence_rate_20dB": {"dmean": 0.00478940689936, "dmean2": 0.00958016328514, "dvar": 0.00476643070579, "dvar2": 0.0131512209773, "max": 1, "mean": 0.997042238712, "median": 1, "min": 0, "var": 0.00294918916188}, "silence_rate_30dB": {"dmean": 0.0524017475545, "dmean2": 0.10481826216, "dvar": 0.0496565699577, "dvar2": 0.0958031713963, "max": 1, "mean": 0.910845041275, "median": 1, "min": 0, "var": 0.0811996608973}, "silence_rate_60dB": {"dmean": 0.0183124374598, "dmean2": 0.036630038172, "dvar": 0.0179773773998, "dvar2": 0.0389522202313, "max": 1, "mean": 0.154084503651, "median": 0, "min": 0, "var": 0.130343452096}, "spectral_centroid": {"dmean": 185.534988403, "dmean2": 272.396362305, "dvar": 238382.375, "dvar2": 427986.65625, "max": 11815.6367188, "mean": 1000.92266846, "median": 370.216064453, "min": 89.9702606201, "var": 4785441.5}, "spectral_complexity": {"dmean": 1.09029436111, "dmean2": 1.72499299049, "dvar": 2.20317935944, "dvar2": 4.46635198593, "max": 28, "mean": 5.62309837341, "median": 5, "min": 0, "var": 12.0369997025}, "spectral_decrease": {"dmean": 4.61556526332e-09, "dmean2": 6.47904707662e-09, "dvar": 1.22877441767e-16, "dvar2": 2.36768155131e-16, "max": 3.90739246514e-10, "mean": -9.50910994391e-09, "median": -4.44930803312e-09, "min": -1.39787275089e-07, "var": 2.4125753563e-16}, "spectral_energy": {"dmean": 0.0180167127401, "dmean2": 0.0253509189934, "dvar": 0.00178579753265, "dvar2": 0.00344119151123, "max": 0.553275883198, "mean": 0.037677846849, "median": 0.018403057009, "min": 9.8276633875e-21, "var": 0.00355869089253}, "spectral_energyband_high": {"dmean": 0.000832665886264, "dmean2": 0.00117863609921, "dvar": 1.01658833955e-05, "dvar2": 1.90418995771e-05, "max": 0.0776198506355, "mean": 0.00127895991318, "median": 4.69122242066e-05, "min": 6.95965372036e-21, "var": 2.62115008809e-05}, "spectral_energyband_low": {"dmean": 0.0142128774896, "dmean2": 0.0201809741557, "dvar": 0.00164494314231, "dvar2": 0.00329329748638, "max": 0.519196927547, "mean": 0.0225552339107, "median": 0.00449156574905, "min": 8.71570762323e-24, "var": 0.00284863775596}, "spectral_energyband_middle_high": {"dmean": 0.000292171840556, "dmean2": 0.000408780295402, "dvar": 9.36666424423e-07, "dvar2": 1.81056418569e-06, "max": 0.0334173813462, "mean": 0.000571454875171, "median": 7.57308007451e-05, "min": 1.11627821716e-21, "var": 2.72619990938e-06}, "spectral_energyband_middle_low": {"dmean": 0.00637451699004, "dmean2": 0.0101376911625, "dvar": 0.000188243328012, "dvar2": 0.000457831629319, "max": 0.275578677654, "mean": 0.0146931735799, "median": 0.00958475098014, "min": 1.58884146754e-22, "var": 0.000337258999934}, "spectral_entropy": {"dmean": 0.307184368372, "dmean2": 0.422557502985, "dvar": 0.152624741197, "dvar2": 0.270683526993, "max": 9.82326126099, "mean": 6.34690904617, "median": 6.21750926971, "min": 2.38003325462, "var": 1.83147799969}, "spectral_flux": {"dmean": 0.0337606109679, "dmean2": 0.0520802251995, "dvar": 0.00354818836786, "dvar2": 0.0079094376415, "max": 0.55723708868, "mean": 0.0731071382761, "median": 0.0518607906997, "min": 6.32717628291e-11, "var": 0.00653831660748}, "spectral_kurtosis": {"dmean": 7.73189783096, "dmean2": 11.4109220505, "dvar": 342.041137695, "dvar2": 805.798583984, "max": 413.202484131, "mean": 24.3986129761, "median": 9.30096626282, "min": -1.49480700493, "var": 2134.60888672}, "spectral_rms": {"dmean": 0.0010690324707, "dmean2": 0.00148271140642, "dvar": 3.29976546709e-06, "dvar2": 5.87824342801e-06, "max": 0.0232331957668, "mean": 0.00486708292738, "median": 0.00423724018037, "min": 3.09644389122e-12, "var": 1.30700418595e-05}, "spectral_rolloff": {"dmean": 593.026367188, "dmean2": 1063.50793457, "dvar": 4250432, "dvar2": 9491954, "max": 19767.4804688, "mean": 1851.55712891, "median": 366.064453125, "min": 21.533203125, "var": 18506176}, "spectral_skewness": {"dmean": 0.585533261299, "dmean2": 0.813158512115, "dvar": 0.76323312521, "dvar2": 1.52032017708, "max": 18.0921669006, "mean": 3.4278459549, "median": 2.87253284454, "min": -0.619128704071, "var": 8.04497814178}, "spectral_spread": {"dmean": 1211061.375, "dmean2": 1790087.125, "dvar": 3463432110080.0, "dvar2": 6929942839300.0, "max": 42514848, "mean": 7361138, "median": 5261743, "min": 252934.078125, "var": 59345593172000.0}, "spectral_strongpeak": {"dmean": 0.409222394228, "dmean2": 0.653228282928, "dvar": 0.767891705036, "dvar2": 2.03690505028, "max": 25.4235363007, "mean": 0.934865236282, "median": 0.551121354103, "min": 0, "var": 1.27006673813}, "zerocrossingrate": {"dmean": 0.0151228932664, "dmean2": 0.0171487983316, "dvar": 0.000841620319989, "dvar2": 0.000907369831111, "max": 0.6064453125, "mean": 0.067896194756, "median": 0.02587890625, "min": 0.0029296875, "var": 0.0126347634941}, "barkbands": {"dmean": [0.000121920245874, 0.00847867876291, 0.00668196333572, 0.00209934287705, 0.00205411622301, 0.00119188241661, 0.0017281313194, 0.000940182479098, 0.00046790856868, 0.000148669889313, 6.90032102284e-05, 8.68720526341e-05, 4.81580500491e-05, 4.82066025143e-05, 3.78060067305e-05, 1.24013122331e-05, 3.85393650504e-06, 4.83578833155e-06, 4.46211333838e-06, 7.63403477322e-06, 2.96388352581e-05, 4.95379463246e-05, 0.000188630219782, 0.000229576937272, 0.000271532015176, 0.000125655526062, 2.74709345831e-05], "dmean2": [0.000230452074902, 0.0118977287784, 0.0106241395697, 0.00379506219178, 0.0034405940678, 0.00179574685171, 0.00244918907993, 0.00139356241561, 0.000672709487844, 0.000222802584176, 0.000100132121588, 0.000127278690343, 7.3454939411e-05, 7.24909259588e-05, 5.68349641981e-05, 1.92308198166e-05, 6.03033868174e-06, 7.33255501473e-06, 6.79256936564e-06, 1.13544756459e-05, 4.30258951383e-05, 7.11997636245e-05, 0.00027512019733, 0.000328221882228, 0.000404059654102, 0.000196488210349, 4.51427658845e-05], "dvar": [2.93573265253e-07, 0.000601496838499, 0.00047750675003, 2.71794215223e-05, 2.31242320297e-05, 1.61588777701e-05, 5.17583721376e-05, 1.1741806702e-05, 4.29490728493e-06, 9.37125719247e-07, 1.07710626196e-07, 2.88066303256e-07, 4.67074237065e-08, 4.90260170238e-08, 3.53334819181e-08, 1.04074224794e-08, 2.19781942645e-10, 4.39024122612e-10, 4.03334893262e-10, 1.78097137038e-09, 2.08779340483e-08, 5.30327959325e-08, 5.92960759604e-07, 1.27396970129e-06, 1.49403933847e-06, 2.22702368546e-07, 1.08827862277e-08], "dvar2": [8.41970688725e-07, 0.00121848052368, 0.00117129879072, 8.19391862024e-05, 6.34405150777e-05, 2.81563479803e-05, 9.88775791484e-05, 2.78690895357e-05, 8.79532854015e-06, 2.05910464501e-06, 1.98657119199e-07, 5.38781705473e-07, 1.0459705635e-07, 9.43783291518e-08, 7.74183277485e-08, 2.08218846609e-08, 5.29012167405e-10, 9.91899895553e-10, 8.51671400071e-10, 3.8475329589e-09, 4.43872707478e-08, 1.08488777073e-07, 1.23531492591e-06, 2.40115355155e-06, 3.07916343445e-06, 5.12213659931e-07, 2.81838445915e-08], "max": [0.00450289761648, 0.347089976072, 0.259709477425, 0.0778165608644, 0.0785418599844, 0.131635531783, 0.220288738608, 0.0964893773198, 0.0703701898456, 0.0352350287139, 0.0139930779114, 0.0310895107687, 0.00857819803059, 0.00836128555238, 0.0108530959114, 0.00794730614871, 0.000438528280938, 0.000796986219939, 0.000727638369426, 0.00165146263316, 0.00724463351071, 0.00807734485716, 0.018959062174, 0.0328062437475, 0.0474391616881, 0.0155265880749, 0.00184309855103], "mean": [6.95173075655e-05, 0.0130497533828, 0.00805975496769, 0.00283032772131, 0.00429170113057, 0.0022122557275, 0.00281788245775, 0.00176282494795, 0.000667113636155, 0.000179970549652, 0.000102418809547, 0.000124936472275, 6.07431029493e-05, 7.05293277861e-05, 5.61816013942e-05, 1.89380152733e-05, 5.39285611012e-06, 7.60170951253e-06, 6.60350679027e-06, 1.05952713056e-05, 4.06900981034e-05, 6.93390611559e-05, 0.000253904145211, 0.00035085566924, 0.000371530535631, 0.000157230402692, 2.92792046821e-05], "median": [2.33159212826e-07, 0.00127062376123, 0.00126516865566, 0.00104595930316, 0.00206126319245, 0.00069606595207, 0.000163359858561, 8.48515774123e-05, 2.73124569503e-05, 5.50561162527e-06, 4.22349967266e-06, 5.69821031604e-06, 3.44589534507e-06, 3.58108854925e-06, 2.2937151698e-06, 1.13537612378e-06, 7.70098154135e-07, 7.48766865399e-07, 1.07194978227e-06, 5.88130774304e-07, 9.95470941234e-07, 1.612671781e-06, 5.21776837559e-06, 7.57170528232e-06, 6.91871991876e-06, 7.35178264222e-06, 1.28473561745e-06], "min": [1.33433209016e-25, 2.37030929458e-24, 6.15820469268e-25, 8.39259650734e-25, 4.05275278462e-24, 4.28995063705e-24, 2.84881733133e-24, 5.04017826272e-24, 6.71034352721e-24, 1.05488562839e-23, 8.52273173543e-24, 1.6840470076e-23, 2.22090708551e-23, 2.47626909137e-23, 2.90299424726e-23, 4.85446920381e-23, 6.02558275808e-23, 8.31295121708e-23, 1.16664399459e-22, 1.56965485572e-22, 2.33644696691e-22, 2.78505689136e-22, 3.63883915581e-22, 4.97215974091e-22, 7.92565244571e-22, 1.30824450184e-21, 1.87357903161e-21], "var": [1.64893137367e-07, 0.00106327899266, 0.000501050148159, 2.44598104473e-05, 3.99809359806e-05, 2.9469252695e-05, 9.2505099019e-05, 2.46773688559e-05, 6.83383950673e-06, 1.26022166569e-06, 2.3024101381e-07, 5.41884844552e-07, 7.12085821419e-08, 9.59024077929e-08, 6.60928094476e-08, 2.72469531382e-08, 3.35122651851e-10, 7.92675758365e-10, 6.83688217151e-10, 2.97336111288e-09, 3.79429465625e-08, 1.0143662621e-07, 1.14767851755e-06, 2.90469779429e-06, 3.51129142473e-06, 4.0415952185e-07, 1.17468443861e-08]}, "erbbands": {"dmean": [0.0569093301892, 2.45550990105, 8.65623474121, 6.39145994186, 6.82104825974, 6.76560926437, 7.28856182098, 11.2054319382, 22.5037727356, 23.7522258759, 17.3972682953, 8.94724845886, 7.2828130722, 2.07449102402, 3.2296037674, 2.81101346016, 1.9500451088, 2.08945298195, 2.25937056541, 1.55769741535, 0.407909750938, 0.215120628476, 0.256855279207, 0.204075306654, 0.253473520279, 0.344672948122, 0.678853988647, 1.61742675304, 1.57913255692, 2.90437173843, 6.14921045303, 4.52720928192, 4.12665605545, 2.51853895187, 2.14695739746, 0.969423115253, 0.141824990511, 0.0268391221762, 0.00547886826098, 0.000324850290781], "dmean2": [0.0809514969587, 3.45974850655, 12.8920688629, 11.4780483246, 11.8750009537, 11.2595539093, 11.1591272354, 16.5695877075, 32.2823524475, 33.7541656494, 25.1878700256, 12.4799995422, 9.96233463287, 2.93716192245, 4.59804344177, 4.15103626251, 2.90839219093, 3.07726311684, 3.42492675781, 2.26779079437, 0.57893884182, 0.326141566038, 0.383845597506, 0.303999453783, 0.379947304726, 0.51802366972, 0.984397351742, 2.37377309799, 2.23994374275, 4.14168596268, 8.93982887268, 6.63193511963, 6.00148630142, 3.58823823929, 3.24288511276, 1.54410588741, 0.214215189219, 0.0393656939268, 0.00927953515202, 0.000532530306373], "dvar": [0.0255729518831, 50.7305870056, 719.333557129, 353.811950684, 250.620834351, 274.294189453, 468.306945801, 1545.00024414, 9430.171875, 13797.5986328, 3589.58666992, 1324.61279297, 1792.25976562, 50.811630249, 271.077819824, 255.055099487, 83.3131332397, 72.5538864136, 140.495162964, 84.8687210083, 5.18910121918, 0.719702839851, 1.16792118549, 0.946017801762, 1.41218817234, 4.35778665543, 16.7209587097, 64.8633575439, 46.9245223999, 203.409576416, 626.411560059, 435.976959229, 519.376403809, 186.926300049, 94.9581985474, 14.350104332, 0.309481859207, 0.0100981229916, 0.000691573019139, 1.76917205863e-06], "dvar2": [0.0528425611556, 102.065536499, 1643.53283691, 1014.027771, 734.702148438, 748.112915039, 954.495117188, 3130.64916992, 18587.3378906, 28311.1171875, 7948.44580078, 2555.08520508, 3102.3046875, 93.8923873901, 481.287475586, 516.19342041, 192.260253906, 151.680343628, 285.437103271, 192.305953979, 6.95846319199, 1.71885406971, 2.58755636215, 2.0704574585, 2.57391405106, 9.58797931671, 36.3120307922, 143.524658203, 91.9106674194, 414.259613037, 1326.64746094, 876.701721191, 1005.92034912, 352.83013916, 212.680786133, 34.4640769958, 0.654996395111, 0.0207870639861, 0.00193810439669, 4.61291665488e-06], "max": [2.05781745911, 100.746879578, 341.321166992, 239.183227539, 214.923095703, 237.538970947, 608.167175293, 1254.24328613, 3523.23388672, 4524.94677734, 1845.78088379, 1066.68811035, 1555.06286621, 239.555221558, 779.778503418, 951.540710449, 410.232421875, 301.153198242, 593.677490234, 618.001159668, 202.627441406, 27.2183895111, 43.0777168274, 37.9682579041, 48.5271453857, 80.6127471924, 199.636383057, 420.62109375, 244.915206909, 588.12512207, 740.237487793, 464.408599854, 781.490966797, 460.940704346, 433.181304932, 110.848426819, 14.404967308, 2.40845441818, 0.503320991993, 0.0222935099155], "mean": [0.0899710506201, 3.79256486893, 11.6114654541, 7.95701265335, 11.4407339096, 14.0220689774, 15.4918069839, 21.4216594696, 36.0965766907, 43.0646514893, 34.4149742126, 13.5320148468, 11.3087272644, 3.41135048866, 5.05861854553, 4.19685125351, 2.6737704277, 3.08767986298, 3.48634266853, 2.52777957916, 0.725227952003, 0.333371192217, 0.419644236565, 0.322741150856, 0.381692826748, 0.498561620712, 0.979450941086, 2.1395573616, 2.27329778671, 4.13255500793, 8.15528678894, 6.63702487946, 6.31431245804, 3.83519697189, 2.70949697495, 1.12473356724, 0.197133675218, 0.0380035601556, 0.00525637390092, 0.000335072370945], "median": [0.00860765017569, 0.407797455788, 1.69244480133, 2.83001255989, 7.00415802002, 5.22502708435, 5.27771663666, 6.28900432587, 4.68236970901, 3.67353534698, 2.01031780243, 0.717781603336, 0.313922405243, 0.175034165382, 0.2317058146, 0.234012007713, 0.178060531616, 0.188790410757, 0.177505195141, 0.107933402061, 0.0566707327962, 0.0499810874462, 0.0464970991015, 0.0468608215451, 0.0542620010674, 0.0302424076945, 0.0359828919172, 0.0361861735582, 0.0449678041041, 0.123348623514, 0.136041298509, 0.14469820261, 0.114774294198, 0.0641993954778, 0.0532641410828, 0.0404379740357, 0.00946247018874, 0.00182638701517, 0.000222063114052, 4.59428119939e-05], "min": [7.13302229997e-23, 3.09478286785e-22, 1.55205204939e-21, 5.66259251462e-21, 7.50682319425e-21, 2.01209179843e-20, 3.14774793313e-20, 6.06171200693e-20, 7.31807786525e-20, 1.70625698577e-19, 2.10017551537e-19, 3.59279048973e-19, 4.62952361029e-19, 6.59312734138e-19, 8.63670806396e-19, 9.71569227775e-19, 1.27427028607e-18, 1.36880658693e-18, 1.51933980994e-18, 1.98297361269e-18, 2.85318829661e-18, 4.21310507011e-18, 3.70539236347e-18, 5.99996408573e-18, 5.85527199862e-18, 8.04744827363e-18, 8.27140246139e-18, 7.78421624165e-18, 1.07321448425e-17, 9.53989964717e-18, 1.16037839315e-17, 8.21905020042e-18, 9.60185630223e-18, 7.02447483726e-18, 5.21712862582e-18, 4.03664428439e-18, 2.06729474998e-18, 9.21788671331e-19, 2.425443224e-19, 2.62601345529e-20], "var": [0.044902279973, 89.8435668945, 939.482421875, 271.951171875, 254.646133423, 500.343475342, 1129.41271973, 2476.39208984, 16177.7265625, 25749.5175781, 9088.26953125, 2356.41064453, 3747.67431641, 159.582229614, 605.005310059, 468.895294189, 111.832038879, 150.666091919, 238.787231445, 197.32598877, 23.565662384, 1.18358516693, 2.16550374031, 1.6491330862, 2.62161660194, 7.00142478943, 28.21824646, 106.271446228, 105.848739624, 357.830871582, 1221.21691895, 942.163269043, 1107.67053223, 480.338226318, 195.39503479, 23.1337814331, 0.618296325207, 0.0220299214125, 0.000522976974025, 1.5641196569e-06]}, "gfcc": {"mean": [-173.381912231, 98.0896072388, -11.8393297195, 10.1842279434, -57.1144104004, 11.0634145737, -47.0862197876, -3.35800170898, -19.0376281738, 2.58996486664, -15.1373243332, -5.61232042313, -19.719045639], "cov": [[64599.2460938, 1839.14575195, -2393.09912109, -930.647033691, -4594.85791016, 534.010253906, -2979.1796875, 262.956451416, -657.025024414, 682.309143066, -817.840454102, -61.4815750122, -1264.45666504], [1839.14575195, 4314.81347656, 275.623962402, -625.77355957, 464.241760254, -247.672241211, 102.460380554, 14.7624092102, 53.1468696594, -259.54776001, 302.607727051, -114.000450134, 39.9162254333], [-2393.09912109, 275.623962402, 1716.97131348, 757.492553711, 378.933990479, 183.899230957, 204.769363403, -98.3480148315, 19.2896690369, -43.9561653137, 80.1621627808, 19.1089630127, 196.230117798], [-930.647033691, -625.77355957, 757.492553711, 1280.68518066, 295.547271729, 127.004936218, 32.7906112671, -103.478904724, 61.3562850952, 58.8766822815, -64.4322509766, 11.0212659836, 139.69291687], [-4594.85791016, 464.241760254, 378.933990479, 295.547271729, 929.098754883, 41.3080444336, 244.826965332, 8.65895271301, 171.487808228, -42.9422492981, 57.9758872986, -33.6703567505, 154.717147827], [534.010253906, -247.672241211, 183.899230957, 127.004936218, 41.3080444336, 359.841949463, 85.0520324707, 36.8332595825, 6.61565065384, 46.0700378418, -5.77940797806, 12.0648641586, 11.8102245331], [-2979.1796875, 102.460380554, 204.769363403, 32.7906112671, 244.826965332, 85.0520324707, 473.19708252, 73.1427841187, 19.8970317841, -38.5487442017, 94.9154510498, 12.0736694336, 78.9119338989], [262.956451416, 14.7624092102, -98.3480148315, -103.478904724, 8.65895271301, 36.8332595825, 73.1427841187, 210.425857544, 68.1682357788, 29.5411109924, 32.6677780151, 7.57429265976, -11.7655239105], [-657.025024414, 53.1468696594, 19.2896690369, 61.3562850952, 171.487808228, 6.61565065384, 19.8970317841, 68.1682357788, 244.066558838, 63.9831619263, 6.78430509567, -6.486515522, 31.7719402313], [682.309143066, -259.54776001, -43.9561653137, 58.8766822815, -42.9422492981, 46.0700378418, -38.5487442017, 29.5411109924, 63.9831619263, 150.789459229, -6.07429599762, 9.89496517181, -6.04998016357], [-817.840454102, 302.607727051, 80.1621627808, -64.4322509766, 57.9758872986, -5.77940797806, 94.9154510498, 32.6677780151, 6.78430509567, -6.07429599762, 193.985778809, 29.9160938263, 9.43496417999], [-61.4815750122, -114.000450134, 19.1089630127, 11.0212659836, -33.6703567505, 12.0648641586, 12.0736694336, 7.57429265976, -6.486515522, 9.89496517181, 29.9160938263, 102.695960999, 17.4445705414], [-1264.45666504, 39.9162254333, 196.230117798, 139.69291687, 154.717147827, 11.8102245331, 78.9119338989, -11.7655239105, 31.7719402313, -6.04998016357, 9.43496417999, 17.4445705414, 137.667617798]], "icov": [[5.62517525395e-05, -0.00011021278624, 3.39130419889e-05, -8.96995406947e-05, 0.000228830729611, -0.000181500028702, 0.000220350193558, -0.000165172692505, 9.27427463466e-05, -0.000209959602216, 0.000203308882192, -6.52484377497e-05, 0.000172980988282], [-0.00011021278624, 0.000589292729273, -0.000188252000953, 0.000409429630963, -0.000602139218245, 0.00049326143926, -0.000269489042694, 0.000317519443342, -0.000307312817313, 0.000884294509888, -0.000926086562686, 0.000567465845961, -0.000412919471273], [3.39130419889e-05, -0.000188252000953, 0.00105228228495, -0.000613566720858, 0.000159955132403, -0.000543527828995, -1.17827785289e-05, 0.000208452140214, 8.98752041394e-05, 0.000166877638549, -0.000256116822129, -4.85731252411e-05, -0.000609519134741], [-8.96995406947e-05, 0.000409429630963, -0.000613566720858, 0.00155885017011, -0.000702152494341, 0.000256467523286, -0.000150007734192, 0.000647991953883, -0.000242186157266, -6.019504508e-05, -5.09502133355e-05, 0.000182740288437, -0.000707742583472], [0.000228830729611, -0.000602139218245, 0.000159955132403, -0.000702152494341, 0.00284348730929, -0.000883638917003, 0.000253423466347, -0.000396545598051, -0.000878250633832, -0.00017314919387, 0.000657220371068, 0.000393869209802, -0.00043801261927], [-0.000181500028702, 0.00049326143926, -0.000543527828995, 0.000256467523286, -0.000883638917003, 0.00404347898439, -0.00129284232389, -0.000107379957626, 0.000149915998918, -0.000456467911135, -0.000213704377529, 1.65201436175e-05, 4.04027923651e-05], [0.000220350193558, -0.000269489042694, -1.17827785289e-05, -0.000150007734192, 0.000253423466347, -0.00129284232389, 0.00412168353796, -0.0017635183176, 0.00076812133193, 8.96772835404e-05, -0.000529677665327, 2.00977174245e-05, -0.000555735663511], [-0.000165172692505, 0.000317519443342, 0.000208452140214, 0.000647991953883, -0.000396545598051, -0.000107379957626, -0.0017635183176, 0.00688628619537, -0.00220674788579, 0.000122400582768, -0.00115161214489, -0.000104943261249, 9.73425558186e-05], [9.27427463466e-05, -0.000307312817313, 8.98752041394e-05, -0.000242186157266, -0.000878250633832, 0.000149915998918, 0.00076812133193, -0.00220674788579, 0.00650562066585, -0.00324368826114, 0.000691132387146, 6.2842911575e-05, -0.000295448466204], [-0.000209959602216, 0.000884294509888, 0.000166877638549, -6.019504508e-05, -0.00017314919387, -0.000456467911135, 8.96772835404e-05, 0.000122400582768, -0.00324368826114, 0.01050869748, -0.00194226333406, 0.000303741486277, -0.00086377793923], [0.000203308882192, -0.000926086562686, -0.000256116822129, -5.09502133355e-05, 0.000657220371068, -0.000213704377529, -0.000529677665327, -0.00115161214489, 0.000691132387146, -0.00194226333406, 0.00807400979102, -0.00285867205821, 0.001601586584], [-6.52484377497e-05, 0.000567465845961, -4.85731252411e-05, 0.000182740288437, 0.000393869209802, 1.65201436175e-05, 2.00977174245e-05, -0.000104943261249, 6.2842911575e-05, 0.000303741486277, -0.00285867205821, 0.0117050660774, -0.00263302586973], [0.000172980988282, -0.000412919471273, -0.000609519134741, -0.000707742583472, -0.00043801261927, 4.04027923651e-05, -0.000555735663511, 9.73425558186e-05, -0.000295448466204, -0.00086377793923, 0.001601586584, -0.00263302586973, 0.0116291278973]]}, "melbands": {"dmean": [0.00140079192352, 0.00412130262703, 0.00112058944069, 0.000490079866722, 0.000255832012044, 0.000252156722127, 0.000339787191479, 0.000248599215411, 0.000130112151965, 5.71013224544e-05, 3.64063234883e-05, 8.30574572319e-06, 1.00859433587e-05, 1.05026738311e-05, 5.82322309128e-06, 4.25821508543e-06, 3.9783444663e-06, 4.22319089921e-06, 2.85917053588e-06, 1.30268506382e-06, 3.81111220804e-07, 2.26014847726e-07, 2.43289974833e-07, 2.34963636103e-07, 1.64352229604e-07, 1.92622508166e-07, 2.11580527321e-07, 2.34452642189e-07, 3.74085402655e-07, 6.17687703652e-07, 1.07571941044e-06, 8.34747595491e-07, 1.14291776754e-06, 1.85915303064e-06, 3.72343993149e-06, 3.59162186214e-06, 2.54270457845e-06, 3.04162290377e-06, 2.68695180239e-06, 2.03114950637e-06], "dmean2": [0.00197197543457, 0.00589711405337, 0.00197690166533, 0.000834617007058, 0.000397034949856, 0.000375454081222, 0.00048495887313, 0.000353897048626, 0.000186801145901, 7.98968030722e-05, 4.99655507156e-05, 1.21521325127e-05, 1.45990325109e-05, 1.49720935951e-05, 8.85363078851e-06, 6.41952510705e-06, 5.94271705268e-06, 6.46312946628e-06, 4.30096179116e-06, 1.95313759832e-06, 5.6822290162e-07, 3.56037133997e-07, 3.67350850183e-07, 3.69444165926e-07, 2.49621308512e-07, 2.97148091022e-07, 3.17400974836e-07, 3.59230426739e-07, 5.5071859606e-07, 9.09830305318e-07, 1.60335173405e-06, 1.19467802051e-06, 1.71666465576e-06, 2.71384737971e-06, 5.44572503713e-06, 5.51932407689e-06, 3.71530563825e-06, 4.51895721199e-06, 3.87114641853e-06, 2.948778274e-06], "dvar": [1.60407125804e-05, 0.000151557833306, 9.66006336967e-06, 1.32040474909e-06, 4.97850123793e-07, 7.27613439722e-07, 2.05702099265e-06, 1.30478179017e-06, 2.0274923429e-07, 6.57798011616e-08, 4.44191279314e-08, 8.71731076213e-10, 2.49055909229e-09, 5.16676124107e-09, 6.49596432201e-10, 5.3406767897e-10, 2.53393528382e-10, 6.09162942311e-10, 2.44273018479e-10, 1.01695679655e-10, 3.74757993735e-12, 9.18123975284e-13, 8.25190176607e-13, 1.34047579894e-12, 6.73455160995e-13, 8.14624734856e-13, 1.20067801188e-12, 2.20011574063e-12, 6.46128333129e-12, 1.06961115312e-11, 2.66019706263e-11, 1.44320033355e-11, 3.1002009987e-11, 9.39346378459e-11, 2.38841252331e-10, 3.02993380386e-10, 1.42397399427e-10, 2.76744960281e-10, 2.44846948272e-10, 1.26715610227e-10], "dvar2": [3.24849861499e-05, 0.000319592887536, 2.72928391496e-05, 3.72791078007e-06, 1.04050525351e-06, 1.41776740747e-06, 4.06687695431e-06, 2.78472930404e-06, 4.40201176843e-07, 1.21868097835e-07, 7.747829045e-08, 1.67021996234e-09, 4.71792516166e-09, 9.05220431946e-09, 1.41924094699e-09, 1.23909005278e-09, 5.26307886162e-10, 1.24121979361e-09, 5.34990496348e-10, 2.17100365463e-10, 6.57210570687e-12, 2.29741247727e-12, 1.8320512208e-12, 3.22980292684e-12, 1.51864653665e-12, 1.76117475638e-12, 2.25195166334e-12, 5.09843079213e-12, 1.42026399322e-11, 2.47382479085e-11, 5.84551643201e-11, 2.86889401124e-11, 6.71375663397e-11, 1.96652485962e-10, 5.11213293919e-10, 6.89736601167e-10, 2.84547163609e-10, 5.68228020192e-10, 4.3453871057e-10, 2.6266638864e-10], "max": [0.055581945926, 0.154885172844, 0.0386939682066, 0.0153144495562, 0.016644179821, 0.0268062558025, 0.0517535284162, 0.0446166731417, 0.0120837362483, 0.00876852218062, 0.00756020331755, 0.000965027371421, 0.00214156787843, 0.00461119925603, 0.00111606216524, 0.00112799892668, 0.000462011579657, 0.00123082590289, 0.00101830507629, 0.000740125251468, 0.000156364083523, 2.97345231957e-05, 3.45988264598e-05, 4.18595518568e-05, 3.24629218085e-05, 3.60795856977e-05, 4.73009531561e-05, 5.5643988162e-05, 0.000143357101479, 0.000140800257213, 0.000249992590398, 0.000152845619596, 0.00019583752146, 0.000382824626286, 0.000447998725576, 0.000447355618235, 0.000309985480271, 0.000502950861119, 0.000608692585956, 0.000376142095774], "mean": [0.00217294483446, 0.00608585542068, 0.00153801299166, 0.000945771404076, 0.000583277433179, 0.000480148912175, 0.000545241578948, 0.00046053272672, 0.00024744158145, 8.10388301034e-05, 5.51521734451e-05, 1.23713389257e-05, 1.54956615006e-05, 1.57026952365e-05, 7.76313299866e-06, 5.38894209967e-06, 5.76732372792e-06, 6.05764671491e-06, 4.36749542132e-06, 2.10398366107e-06, 5.7795932662e-07, 3.0859169442e-07, 3.84739223591e-07, 3.52285155714e-07, 2.42998993372e-07, 2.6940870157e-07, 2.92589277251e-07, 3.21366655953e-07, 5.12149370024e-07, 8.50418302889e-07, 1.37357358199e-06, 1.17730712645e-06, 1.50659525389e-06, 2.58222803495e-06, 4.77677258459e-06, 4.68030521006e-06, 3.71631040252e-06, 4.42616237706e-06, 4.14131409343e-06, 2.8959843803e-06], "median": [0.000213859719224, 0.000865982961841, 0.000669766333885, 0.000516845262609, 0.000212014085264, 0.000148031351273, 6.59884826746e-05, 2.7197147574e-05, 1.15569437185e-05, 3.54522353518e-06, 1.28630620111e-06, 6.08551147252e-07, 6.84252484007e-07, 6.75490809954e-07, 4.56751450884e-07, 3.16558441682e-07, 3.19269929605e-07, 2.80241920336e-07, 1.67684873986e-07, 9.63604946946e-08, 5.27106323034e-08, 4.40092691179e-08, 4.22340207251e-08, 3.23236690747e-08, 3.0948843488e-08, 4.07075120279e-08, 2.50664538015e-08, 1.40635778578e-08, 1.80414492235e-08, 2.19451994354e-08, 1.73836145478e-08, 1.57193937866e-08, 3.57475613555e-08, 6.81372114286e-08, 6.56924328268e-08, 6.15797830505e-08, 8.06863198477e-08, 7.58835412284e-08, 4.92122325113e-08, 4.68139020882e-08], "min": [1.10398362116e-24, 1.01555004571e-24, 1.18637836777e-24, 6.71786847138e-25, 1.04565731658e-24, 1.26920294497e-24, 1.11758121658e-24, 2.34407197809e-24, 1.72060522798e-24, 1.62446181908e-24, 2.14722376932e-24, 2.32010618657e-24, 2.28827032423e-24, 2.00816198844e-24, 1.4176104596e-24, 2.55169306859e-24, 2.09136334533e-24, 1.11091514471e-24, 1.90876018957e-24, 3.41340429233e-24, 3.29694672905e-24, 3.33778369153e-24, 2.9301960251e-24, 3.22116421454e-24, 3.93132539763e-24, 3.97917927786e-24, 3.53110904471e-24, 4.19462626298e-24, 3.75564252416e-24, 4.68645066624e-24, 4.32053832421e-24, 4.60045733339e-24, 4.42170894645e-24, 5.28661407078e-24, 5.35247212345e-24, 4.53300302068e-24, 4.33765857801e-24, 5.0432437762e-24, 5.09759905359e-24, 5.32553922886e-24], "var": [2.84956040559e-05, 0.000238442444243, 8.13449059933e-06, 1.74850765688e-06, 1.33780986289e-06, 1.20970344142e-06, 3.44013983522e-06, 2.45887190431e-06, 5.08600464855e-07, 1.15318719907e-07, 9.27588672539e-08, 2.3041428765e-09, 5.27947419116e-09, 1.07108952818e-08, 9.48893408292e-10, 7.20498050111e-10, 5.42085376587e-10, 9.01312413593e-10, 4.58991677998e-10, 2.63543631362e-10, 1.2346733011e-11, 1.18019320445e-12, 1.66869393737e-12, 2.09944279843e-12, 1.0721998376e-12, 1.30276583792e-12, 2.06963439442e-12, 3.23495765765e-12, 1.00166298866e-11, 1.79509636322e-11, 4.31813473867e-11, 3.29846254477e-11, 5.15310988325e-11, 1.54337251312e-10, 4.33479252493e-10, 5.19391141207e-10, 3.02679298292e-10, 5.29456922749e-10, 6.1546800989e-10, 2.87057433379e-10]}, "mfcc": {"mean": [-814.817504883, 143.078720093, 79.1375808716, 13.3619403839, 16.1514644623, 7.71890068054, -8.19354343414, -5.47898340225, -10.2206335068, 3.09788298607, 0.0825892910361, -0.905843257904, -1.62177050114], "cov": [[17670.7675781, 1760.71191406, 850.309753418, -1441.92993164, -402.456390381, -423.425689697, -911.349914551, -290.400665283, -455.103149414, 386.854888916, 79.5196838379, -39.5586853027, -26.9038925171], [1760.71191406, 4896.13183594, 351.385864258, -259.825286865, 181.808166504, -315.301971436, 103.166252136, 71.3412475586, -199.672393799, 30.3311138153, 123.25894165, 60.158908844, 52.9767036438], [850.309753418, 351.385864258, 1707.54187012, 579.540527344, 210.332092285, 305.980316162, 119.59903717, 1.42648613453, 25.9688968658, -39.42943573, -61.8868675232, 96.1895675659, 69.4970550537], [-1441.92993164, -259.825286865, 579.540527344, 1071.11022949, 393.379669189, 316.142578125, 100.154159546, 32.9793663025, 165.915435791, -9.94943141937, -25.0414600372, 31.2727622986, 17.5234222412], [-402.456390381, 181.808166504, 210.332092285, 393.379669189, 586.303161621, 218.043563843, -3.13855576515, 7.63140821457, 99.2516784668, 103.191963196, 2.10963201523, -0.492752194405, 22.5070304871], [-423.425689697, -315.301971436, 305.980316162, 316.142578125, 218.043563843, 425.093017578, 97.1753387451, 34.0433349609, 115.708580017, 32.8400917053, 11.9468927383, -1.23296618462, -31.4611434937], [-911.349914551, 103.166252136, 119.59903717, 100.154159546, -3.13855576515, 97.1753387451, 390.388702393, 126.491035461, 58.5790748596, -25.4936904907, 31.5137805939, 45.4446487427, 16.8961238861], [-290.400665283, 71.3412475586, 1.42648613453, 32.9793663025, 7.63140821457, 34.0433349609, 126.491035461, 193.063262939, 69.5129165649, 15.2865180969, 22.2160224915, 30.6382045746, 27.8989982605], [-455.103149414, -199.672393799, 25.9688968658, 165.915435791, 99.2516784668, 115.708580017, 58.5790748596, 69.5129165649, 241.466674805, 77.6904907227, 28.6702537537, -2.92979574203, -5.38286924362], [386.854888916, 30.3311138153, -39.42943573, -9.94943141937, 103.191963196, 32.8400917053, -25.4936904907, 15.2865180969, 77.6904907227, 214.689926147, 43.7378387451, 15.0186548233, 15.5928936005], [79.5196838379, 123.25894165, -61.8868675232, -25.0414600372, 2.10963201523, 11.9468927383, 31.5137805939, 22.2160224915, 28.6702537537, 43.7378387451, 127.905921936, 22.7080612183, 13.1758031845], [-39.5586853027, 60.158908844, 96.1895675659, 31.2727622986, -0.492752194405, -1.23296618462, 45.4446487427, 30.6382045746, -2.92979574203, 15.0186548233, 22.7080612183, 128.061203003, 61.0232772827], [-26.9038925171, 52.9767036438, 69.4970550537, 17.5234222412, 22.5070304871, -31.4611434937, 16.8961238861, 27.8989982605, -5.38286924362, 15.5928936005, 13.1758031845, 61.0232772827, 149.918701172]], "icov": [[9.38790617511e-05, -1.7058724552e-05, -0.000121913661133, 0.000131722015794, 4.41874472017e-05, -4.08725736634e-06, 0.000211959253647, -4.17540722992e-05, 0.000107682455564, -0.000203599658562, -8.89874572749e-05, 4.78122274217e-05, 5.37858650205e-05], [-1.7058724552e-05, 0.000278908526525, -0.000118119489343, 8.23236405267e-05, -0.000293580436846, 0.000371030037059, -0.000152718435857, -0.000159622606589, 0.000214212675928, 3.13286946039e-05, -0.000340684811817, 2.34056242334e-05, 0.000137215436553], [-0.000121913661133, -0.000118119489343, 0.00106913724449, -0.000565130147152, 0.000153691318701, -0.000664454011712, -0.000327132613165, 0.000327835557982, -1.45320273077e-05, 0.000302206521155, 0.00072641094448, -0.00055845209863, -0.000464830896817], [0.000131722015794, 8.23236405267e-05, -0.000565130147152, 0.00194750877563, -0.000918398785871, -0.000268564879661, 0.000163692049682, 4.20815158577e-05, -0.000660175574012, 0.000494389503729, -5.06313081132e-05, -0.000240531866439, 0.000111355613626], [4.41874472017e-05, -0.000293580436846, 0.000153691318701, -0.000918398785871, 0.00315366731957, -0.0013086021645, 0.000500672729686, 0.000202636336326, -1.88489339052e-05, -0.00140272767749, 0.000542071473319, 0.0004790686653, -0.000791855156422], [-4.08725736634e-06, 0.000371030037059, -0.000664454011712, -0.000268564879661, -0.0013086021645, 0.00448716199026, -0.000815081701148, -0.000199757880182, -0.000651937094517, -1.50207015395e-05, -0.000928970810492, 0.000229106270126, 0.00144125230145], [0.000211959253647, -0.000152718435857, -0.000327132613165, 0.000163692049682, 0.000500672729686, -0.000815081701148, 0.00420499918982, -0.0021329682786, -4.5963897719e-05, 0.000315145531204, -0.00071069173282, -0.000649097433779, 0.00019356708799], [-4.17540722992e-05, -0.000159622606589, 0.000327835557982, 4.20815158577e-05, 0.000202636336326, -0.000199757880182, -0.0021329682786, 0.00757629051805, -0.00203005899675, 0.000123940015328, 0.000245598173933, -0.00082056800602, -0.0011231941171], [0.000107682455564, 0.000214212675928, -1.45320273077e-05, -0.000660175574012, -1.88489339052e-05, -0.000651937094517, -4.5963897719e-05, -0.00203005899675, 0.00678894901648, -0.00238185049966, -0.000912533083465, 0.000983448000625, 0.000447897065897], [-0.000203599658562, 3.13286946039e-05, 0.000302206521155, 0.000494389503729, -0.00140272767749, -1.50207015395e-05, 0.000315145531204, 0.000123940015328, -0.00238185049966, 0.00704817660153, -0.00139031966683, -0.00102850841358, -0.000374390743673], [-8.89874572749e-05, -0.000340684811817, 0.00072641094448, -5.06313081132e-05, 0.000542071473319, -0.000928970810492, -0.00071069173282, 0.000245598173933, -0.000912533083465, -0.00139031966683, 0.00976483896375, -0.00151933834422, -0.000596259080339], [4.78122274217e-05, 2.34056242334e-05, -0.00055845209863, -0.000240531866439, 0.0004790686653, 0.000229106270126, -0.000649097433779, -0.00082056800602, 0.000983448000625, -0.00102850841358, -0.00151933834422, 0.0108796283603, -0.0036633387208], [5.37858650205e-05, 0.000137215436553, -0.000464830896817, 0.000111355613626, -0.000791855156422, 0.00144125230145, 0.00019356708799, -0.0011231941171, 0.000447897065897, -0.000374390743673, -0.000596259080339, -0.0036633387208, 0.00904100667685]]}, "spectral_contrast_coeffs": {"dmean": [0.0407954379916, 0.0490675270557, 0.0363325923681, 0.0289191566408, 0.019743880257, 0.0159454792738], "dmean2": [0.0679638236761, 0.0766448155046, 0.0561168082058, 0.0444149933755, 0.0305757410824, 0.0237232837826], "dvar": [0.00129836599808, 0.00236067501828, 0.00113663333468, 0.000728863582481, 0.000384582846891, 0.000249296455877], "dvar2": [0.00344217149541, 0.00511877564713, 0.00239614071324, 0.00157795613632, 0.00079639069736, 0.000502355280332], "max": [-0.23753143847, -0.270729482174, -0.388751536608, -0.494827061892, -0.615827560425, -0.645023703575], "mean": [-0.576290309429, -0.658369779587, -0.789777874947, -0.816708147526, -0.834760248661, -0.837773799896], "median": [-0.56857585907, -0.654368281364, -0.806005060673, -0.829663515091, -0.836193084717, -0.833325922489], "min": [-0.982414960861, -0.996505975723, -0.999003469944, -0.98794567585, -0.988633871078, -0.965043663979], "var": [0.0157208647579, 0.0193708073348, 0.0096647599712, 0.00572066893801, 0.00299563747831, 0.00236402801238]}, "spectral_contrast_valleys": {"dmean": [0.403293311596, 0.462153375149, 0.443583995104, 0.390892833471, 0.339324563742, 0.344645440578], "dmean2": [0.65272796154, 0.721770823002, 0.688875734806, 0.58037340641, 0.47024050355, 0.425454348326], "dvar": [0.229145154357, 0.280572354794, 0.296941071749, 0.22435349226, 0.1653511375