{"lowlevel": {"average_loudness": 0.866470515728, "barkbands_crest": {"dmean": 2.36192083359, "dmean2": 3.77175164223, "dvar": 6.77448034286, "dvar2": 16.0462703705, "max": 26.96185112, "mean": 10.3232946396, "median": 8.41291713715, "min": 1.80393457413, "var": 34.2386932373}, "barkbands_flatness_db": {"dmean": 0.0267934463918, "dmean2": 0.0403595976532, "dvar": 0.0011487363372, "dvar2": 0.00256009725854, "max": 0.561573863029, "mean": 0.218789756298, "median": 0.214579790831, "min": 0.0126270195469, "var": 0.00641593942419}, "barkbands_kurtosis": {"dmean": 7.81825971603, "dmean2": 11.1952152252, "dvar": 2254.04785156, "dvar2": 4069.80566406, "max": 1782.02062988, "mean": 13.1258878708, "median": -0.402911543846, "min": -1.84870553017, "var": 8168.54394531}, "barkbands_skewness": {"dmean": 0.692774832249, "dmean2": 1.02342402935, "dvar": 1.52627408504, "dvar2": 3.16017842293, "max": 28.3338603973, "mean": 0.277014821768, "median": 0.274802744389, "min": -28.1282100677, "var": 5.57057094574}, "barkbands_spread": {"dmean": 4.01610565186, "dmean2": 6.51286554337, "dvar": 41.7100334167, "dvar2": 106.666137695, "max": 70.832244873, "mean": 14.6207675934, "median": 13.9449548721, "min": 0.0491902530193, "var": 82.1001663208}, "dissonance": {"dmean": 0.0178874302655, "dmean2": 0.030164282769, "dvar": 0.00046591082355, "dvar2": 0.00124210433569, "max": 0.500000178814, "mean": 0.470353722572, "median": 0.479616045952, "min": 0.272985100746, "var": 0.000944407482166}, "dynamic_complexity": 8.02216529846, "erbbands_crest": {"dmean": 3.08352923393, "dmean2": 4.77744960785, "dvar": 12.434668541, "dvar2": 29.2885742188, "max": 35.1552505493, "mean": 13.9623403549, "median": 11.1111431122, "min": 2.55799674988, "var": 62.9433860779}, "erbbands_flatness_db": {"dmean": 0.028460515663, "dmean2": 0.0439666695893, "dvar": 0.0015057947021, "dvar2": 0.00348353059962, "max": 0.637315809727, "mean": 0.284954279661, "median": 0.281382828951, "min": 0.0868251994252, "var": 0.00688014598563}, "erbbands_kurtosis": {"dmean": 3.36153650284, "dmean2": 5.0947508812, "dvar": 68.1958389282, "dvar2": 150.270965576, "max": 146.06312561, "mean": 5.69093418121, "median": 0.328360319138, "min": -1.80077600479, "var": 243.188446045}, "erbbands_skewness": {"dmean": 0.554589807987, "dmean2": 0.860558152199, "dvar": 0.50233656168, "dvar2": 1.13875317574, "max": 8.00519657135, "mean": 0.115328706801, "median": -0.285012096167, "min": -4.8072924614, "var": 2.73026823997}, "erbbands_spread": {"dmean": 4.27738285065, "dmean2": 6.9125418663, "dvar": 37.2109413147, "dvar2": 96.4639587402, "max": 70.6751251221, "mean": 17.2012500763, "median": 16.5702648163, "min": 0.180268853903, "var": 96.2156677246}, "hfc": {"dmean": 6.58516025543, "dmean2": 8.25561237335, "dvar": 137.992980957, "dvar2": 267.867279053, "max": 127.982803345, "mean": 13.5072994232, "median": 2.76312875748, "min": 1.0580726619e-16, "var": 429.658874512}, "melbands_crest": {"dmean": 2.79166889191, "dmean2": 4.48207426071, "dvar": 9.58039093018, "dvar2": 21.1204147339, "max": 38.2596855164, "mean": 12.5812616348, "median": 10.4193401337, "min": 1.73632967472, "var": 53.7178611755}, "melbands_flatness_db": {"dmean": 0.0315625630319, "dmean2": 0.0474902130663, "dvar": 0.00163896626327, "dvar2": 0.00385845755227, "max": 0.542286813259, "mean": 0.254777103662, "median": 0.264255166054, "min": 0.00409146677703, "var": 0.00740180024877}, "melbands_kurtosis": {"dmean": 5.88943529129, "dmean2": 8.14361858368, "dvar": 640.174804688, "dvar2": 918.178466797, "max": 1192.48596191, "mean": 10.7905473709, "median": 0.212301015854, "min": -1.80986022949, "var": 2716.83569336}, "melbands_skewness": {"dmean": 0.644587576389, "dmean2": 0.973136544228, "dvar": 1.05304217339, "dvar2": 2.36287140846, "max": 17.0499420166, "mean": 0.68255341053, "median": 0.735198318958, "min": -13.7632112503, "var": 3.71665859222}, "melbands_spread": {"dmean": 7.15701627731, "dmean2": 11.2379074097, "dvar": 100.413894653, "dvar2": 244.262649536, "max": 191.996963501, "mean": 26.8324356079, "median": 24.1257820129, "min": 0.123133197427, "var": 375.492950439}, "pitch_salience": {"dmean": 0.0834384784102, "dmean2": 0.136079609394, "dvar": 0.00864885747433, "dvar2": 0.0224440451711, "max": 0.998642146587, "mean": 0.592956364155, "median": 0.629362106323, "min": 0.0217972174287, "var": 0.0304858405143}, "silence_rate_20dB": {"dmean": 0, "dmean2": 0, "dvar": 0, "dvar2": 0, "max": 1, "mean": 1, "median": 1, "min": 1, "var": 0}, "silence_rate_30dB": {"dmean": 0, "dmean2": 0, "dvar": 0, "dvar2": 0, "max": 1, "mean": 1, "median": 1, "min": 1, "var": 0}, "silence_rate_60dB": {"dmean": 0.0955794528127, "dmean2": 0.19123506546, "dvar": 0.0864451751113, "dvar2": 0.155459553003, "max": 1, "mean": 0.480095535517, "median": 0, "min": 0, "var": 0.249605849385}, "spectral_centroid": {"dmean": 221.157852173, "dmean2": 339.055023193, "dvar": 130289.8125, "dvar2": 285345.8125, "max": 11628.1640625, "mean": 1472.1229248, "median": 1246.86328125, "min": 316.066162109, "var": 1229093}, "spectral_complexity": {"dmean": 2.12903237343, "dmean2": 2.54103589058, "dvar": 6.41588926315, "dvar2": 7.7297077179, "max": 35, "mean": 8.80533409119, "median": 7, "min": 0, "var": 63.8910980225}, "spectral_decrease": {"dmean": 1.13916021061e-09, "dmean2": 1.20518162117e-09, "dvar": 3.56661585851e-18, "dvar2": 4.45540157436e-18, "max": 2.88576215875e-12, "mean": -2.625502038e-09, "median": -7.09167946589e-10, "min": -2.23089102747e-08, "var": 1.56826992131e-17}, "spectral_energy": {"dmean": 0.00481022102758, "dmean2": 0.00509096682072, "dvar": 6.17040859652e-05, "dvar2": 7.64326832723e-05, "max": 0.0948363319039, "mean": 0.0111344046891, "median": 0.00315860100091, "min": 1.0055533067e-20, "var": 0.0002777716727}, "spectral_energyband_high": {"dmean": 0.00019148280262, "dmean2": 0.000346230866853, "dvar": 3.7965833144e-07, "dvar2": 1.09639483981e-06, "max": 0.00730839977041, "mean": 0.000148764316691, "median": 4.91421542392e-06, "min": 6.86717266606e-21, "var": 2.33285604168e-07}, "spectral_energyband_low": {"dmean": 0.000120968172268, "dmean2": 0.000146038990351, "dvar": 4.85729110267e-08, "dvar2": 7.50718172071e-08, "max": 0.00253611826338, "mean": 0.000254834914813, "median": 1.91277758859e-05, "min": 2.45919151495e-23, "var": 1.83481432714e-07}, "spectral_energyband_middle_high": {"dmean": 0.00290470384061, "dmean2": 0.00328319589607, "dvar": 2.87672974082e-05, "dvar2": 4.10257416661e-05, "max": 0.0591937564313, "mean": 0.00629246328026, "median": 0.000911608687602, "min": 1.30273858089e-21, "var": 0.00010873539577}, "spectral_energyband_middle_low": {"dmean": 0.00221164198592, "dmean2": 0.00249816267751, "dvar": 1.74201140908e-05, "dvar2": 2.83293338725e-05, "max": 0.0517072863877, "mean": 0.00458603492007, "median": 0.000956447795033, "min": 2.0514802419e-22, "var": 5.54303369427e-05}, "spectral_entropy": {"dmean": 0.279093235731, "dmean2": 0.444655835629, "dvar": 0.166681677103, "dvar2": 0.418384432793, "max": 9.81519889832, "mean": 6.71422481537, "median": 6.65691947937, "min": 3.82929420471, "var": 0.475131332874}, "spectral_flux": {"dmean": 0.0152776222676, "dmean2": 0.0229846946895, "dvar": 0.000490222126245, "dvar2": 0.000985280261375, "max": 0.203433826566, "mean": 0.0396675355732, "median": 0.0236461795866, "min": 6.36165425894e-11, "var": 0.00151353667025}, "spectral_kurtosis": {"dmean": 8.93968677521, "dmean2": 15.0124530792, "dvar": 92.1987762451, "dvar2": 228.68560791, "max": 130.926300049, "mean": 18.7030029297, "median": 14.2008647919, "min": -1.23157060146, "var": 252.864501953}, "spectral_rms": {"dmean": 0.000616676174104, "dmean2": 0.000619095342699, "dvar": 6.00840564857e-07, "dvar2": 7.15655403383e-07, "max": 0.0096189007163, "mean": 0.0024635118898, "median": 0.0017554378137, "min": 3.13213604358e-12, "var": 4.7939365686e-06}, "spectral_rolloff": {"dmean": 773.392150879, "dmean2": 1460.59289551, "dvar": 6189343, "dvar2": 16643464, "max": 19358.3496094, "mean": 2353.87841797, "median": 1873.38867188, "min": 366.064453125, "var": 7673661}, "spectral_skewness": {"dmean": 0.646870970726, "dmean2": 1.08072721958, "dvar": 0.374626100063, "dvar2": 0.910336792469, "max": 8.79569816589, "mean": 2.75737953186, "median": 2.56348085403, "min": -0.0437682121992, "var": 1.24556982517}, "spectral_spread": {"dmean": 742087.75, "dmean2": 1236683.75, "dvar": 2148857544700.0, "dvar2": 4897666760700.0, "max": 41644292, "mean": 2710039.75, "median": 1923284, "min": 555860.4375, "var": 14346979639300.0}, "spectral_strongpeak": {"dmean": 1.0036303997, "dmean2": 1.55059409142, "dvar": 2.91294431686, "dvar2": 6.0958275795, "max": 15.099571228, "mean": 1.97766327858, "median": 0.711781263351, "min": 0, "var": 7.47213602066}, "zerocrossingrate": {"dmean": 0.00976095814258, "dmean2": 0.0134711153805, "dvar": 0.000261336681433, "dvar2": 0.000437502923887, "max": 0.5224609375, "mean": 0.0764146521688, "median": 0.060546875, "min": 0.01171875, "var": 0.00424001226202}, "barkbands": {"dmean": [1.15219158658e-07, 2.91354226647e-05, 8.26585892355e-05, 6.33741583442e-05, 0.000956634175964, 0.00061526132049, 0.000335718883434, 0.000324004213326, 0.000209275181987, 0.000326983688865, 0.0003117081651, 0.000510184734594, 0.000455884437542, 0.000506333715748, 0.00113041885197, 0.000555296312086, 0.00019057643658, 0.000103620397567, 5.27235024492e-05, 4.7402420023e-05, 2.0069483071e-05, 2.34939907386e-05, 2.32954753301e-05, 3.2919097066e-06, 6.58661292618e-06, 9.11824390641e-05, 2.04624611797e-05], "dmean2": [1.63085275062e-07, 3.83314545616e-05, 0.000100984703749, 8.58533312567e-05, 0.00135996192694, 0.000760791124776, 0.000434632995166, 0.000424209283665, 0.000260401080595, 0.000438859657152, 0.000466967961984, 0.000714368012268, 0.000631923088804, 0.000762237876188, 0.00166187575087, 0.000874133955222, 0.000282236200292, 0.000135923386551, 7.47653539293e-05, 7.71865525167e-05, 3.32963281835e-05, 3.86583233194e-05, 4.14274290961e-05, 6.03572516411e-06, 1.27212033476e-05, 0.000177866517333, 3.91308749386e-05], "dvar": [7.72287304094e-14, 4.4032910651e-09, 2.43056472726e-08, 1.96281781939e-08, 5.07963841301e-06, 1.57236286213e-06, 4.30680927366e-07, 5.01045462897e-07, 2.87319664949e-07, 5.75787112211e-07, 1.00355509858e-06, 1.55502084453e-06, 1.37921756505e-06, 1.7583566887e-06, 9.90681655821e-06, 2.06845675166e-06, 3.90832440189e-07, 2.11335390077e-07, 1.6604499109e-08, 1.58590154342e-08, 2.64114974335e-09, 3.13483194958e-09, 5.16591125432e-09, 6.86913512182e-11, 5.49993828258e-10, 2.03587987357e-07, 8.28383495133e-09], "dvar2": [1.51231064889e-13, 6.3279816942e-09, 3.64110945839e-08, 3.76833426685e-08, 1.03079619294e-05, 2.66528877546e-06, 8.72592863743e-07, 1.00311478946e-06, 4.36520963376e-07, 1.09261554826e-06, 2.35029438045e-06, 3.12881456921e-06, 2.46096192313e-06, 4.10347047364e-06, 1.96505916392e-05, 4.67215704703e-06, 7.78270646151e-07, 3.99057171308e-07, 3.61260745763e-08, 4.0793288747e-08, 6.38162234168e-09, 8.56656168224e-09, 1.46448746463e-08, 1.99271779633e-10, 1.60178081909e-09, 5.98184612954e-07, 2.40107667082e-08], "max": [2.95012682727e-06, 0.000647126580589, 0.00191260955762, 0.00142580608372, 0.0330287218094, 0.0199627932161, 0.0116641102359, 0.00912643782794, 0.0131747173145, 0.00822530686855, 0.013516834937, 0.0121289584786, 0.020456014201, 0.0147609086707, 0.0408274680376, 0.0157476644963, 0.0085190879181, 0.0159453842789, 0.00112547597382, 0.0011567879701, 0.000586829788517, 0.00047859782353, 0.000658569450025, 5.79964871577e-05, 0.000241968344199, 0.00670313602313, 0.000988284358755], "mean": [2.43201924377e-07, 4.92460603709e-05, 0.000177905880264, 9.19421217986e-05, 0.00161673303228, 0.00109988823533, 0.000652632443234, 0.000523526396137, 0.00041535202763, 0.000634235213511, 0.000395316048525, 0.000729243154638, 0.000704144884367, 0.000728089886252, 0.00196710042655, 0.000685803184751, 0.000271651981166, 0.000151849657414, 6.20757418801e-05, 4.86841963721e-05, 2.18231107283e-05, 2.29059696721e-05, 1.7559472326e-05, 2.84332031697e-06, 3.8726029743e-06, 4.8236339353e-05, 1.15142884169e-05], "median": [1.7401889707e-08, 1.97264398594e-06, 1.02924914245e-05, 6.84677888785e-06, 0.000290055730147, 0.000136365750222, 7.81268608989e-05, 6.48159257253e-05, 4.3269865273e-05, 7.51372645027e-05, 1.8933264073e-05, 4.64377517346e-05, 2.7672487704e-05, 1.93347186723e-05, 0.000117256931844, 3.98343145207e-05, 1.15744369396e-05, 2.89599847747e-06, 2.25876556215e-06, 1.66903419085e-06, 1.07850337372e-06, 5.97048938289e-07, 3.889541631e-07, 7.14391177326e-08, 4.96916676695e-08, 1.46645575683e-08, 4.06604350189e-09], "min": [8.23329788044e-25, 6.49236784846e-24, 2.09419476433e-24, 2.38465670229e-24, 1.72343704141e-23, 1.44723727474e-23, 1.34413536324e-23, 9.8455118451e-24, 2.73779004986e-23, 1.99163034321e-23, 2.29291588666e-23, 5.60676104182e-24, 2.27689017737e-23, 4.8069946079e-23, 5.61661075908e-23, 4.77892378145e-23, 1.16665787855e-22, 1.14513623844e-22, 1.35973316282e-22, 2.41495844316e-22, 2.15226599467e-22, 3.32879940201e-22, 4.11766459864e-22, 6.2547657837e-22, 8.92038459017e-22, 1.34934968334e-21, 1.93690863362e-21], "var": [3.09556959059e-13, 1.05725428412e-08, 1.0214167645e-07, 3.85836571581e-08, 1.02206731754e-05, 4.00070121032e-06, 1.16879914458e-06, 1.11880729037e-06, 8.56786527947e-07, 1.64959988069e-06, 1.4737439642e-06, 2.80522954199e-06, 3.19502100865e-06, 3.38637573805e-06, 2.33677310462e-05, 2.87700549961e-06, 8.41720805056e-07, 4.61496114212e-07, 2.32208439144e-08, 1.60282880302e-08, 3.11485393034e-09, 2.97226088186e-09, 3.41902084422e-09, 5.02795201307e-11, 2.99248514857e-10, 1.06759614482e-07, 4.55171234037e-09]}, "erbbands": {"dmean": [0.000399255397497, 0.00900104921311, 0.0779947116971, 0.144091308117, 0.612492740154, 4.24325561523, 5.14106416702, 6.51051139832, 4.91534614563, 5.2805519104, 6.14776992798, 5.09570026398, 7.47841072083, 11.1443986893, 16.040063858, 20.5172214508, 19.7523403168, 25.2348937988, 35.9323310852, 47.6262741089, 31.5981521606, 7.78250551224, 6.99064970016, 2.85451674461, 2.66649603844, 1.98695909977, 1.17124307156, 0.559229850769, 0.916469693184, 0.687141478062, 0.677964031696, 0.11096663028, 0.0622568055987, 0.056460916996, 0.0564806126058, 0.167313188314, 0.18780310452, 0.0598296746612, 0.00265887705609, 0.000117664480058], "dmean2": [0.000372406590031, 0.011703113094, 0.0948945432901, 0.194650426507, 0.73906904459, 6.02708625793, 7.62502002716, 7.81995820999, 6.22734212875, 6.81325864792, 8.126953125, 6.27107667923, 9.54953479767, 16.1859035492, 23.5273609161, 28.6860122681, 26.5165519714, 36.6924667358, 53.5532989502, 67.896156311, 48.9812545776, 11.1644458771, 9.1952829361, 3.88589978218, 4.02822542191, 3.07495117188, 1.84468472004, 0.963282883167, 1.53550112247, 1.0949357748, 1.23944711685, 0.201017737389, 0.116507343948, 0.108767092228, 0.108990877867, 0.326342403889, 0.366076141596, 0.116272509098, 0.00507955253124, 0.000223066803301], "dvar": [5.54761868443e-07, 0.000383243372198, 0.0199295841157, 0.0816402062774, 1.40784049034, 98.1633071899, 143.611846924, 203.750518799, 89.4299316406, 102.238525391, 217.487136841, 180.472747803, 316.88269043, 723.635131836, 2277.80957031, 2812.70019531, 2375.99169922, 4637.19873047, 6539.80273438, 18312.3085938, 6997.18701172, 410.207824707, 1054.09423828, 48.1176834106, 43.4041023254, 24.8117542267, 10.0180912018, 1.558609128, 5.07648897171, 3.43147969246, 6.13239192963, 0.116989046335, 0.030516827479, 0.0369805209339, 0.0381483137608, 1.57067143917, 0.975365638733, 0.089078001678, 0.000105223654828, 1.98798446149e-07], "dvar2": [4.33625359619e-07, 0.000551840348635, 0.0291383229196, 0.152764201164, 2.28787565231, 195.488265991, 337.648742676, 332.138427734, 169.222488403, 194.829544067, 427.471710205, 274.482269287, 571.802124023, 1667.10253906, 5136.78662109, 5567.71386719, 4230.92089844, 10228.5634766, 14276.5195312, 36129.5078125, 15334.3457031, 800.048339844, 2016.49682617, 91.2088775635, 104.48210907, 62.2025222778, 23.1928939819, 4.49058532715, 13.7106933594, 8.78379917145, 17.830696106, 0.341169714928, 0.0887246355414, 0.108090758324, 0.110591046512, 4.64546728134, 2.86941385269, 0.261746942997, 0.000303981592879, 5.77207686092e-07], "max": [0.0101373689249, 0.185457006097, 1.65368151665, 3.37103748322, 16.4040336609, 137.117584229, 159.285888672, 255.275344849, 184.94934082, 160.193466187, 206.418502808, 333.273040771, 275.090698242, 302.566802979, 717.586242676, 613.704101562, 699.793273926, 901.269897461, 803.053100586, 1617.15942383, 1095.16796875, 246.318130493, 1136.07995605, 111.348762512, 69.6561584473, 53.6572532654, 36.2456092834, 8.92363739014, 20.8820400238, 16.8868675232, 25.4471549988, 3.54973506927, 1.45370590687, 2.07272219658, 1.9386703968, 20.2477645874, 15.1294155121, 4.43035554886, 0.105464145541, 0.00614615948871], "mean": [0.000898901605979, 0.0160908587277, 0.16462688148, 0.259211987257, 1.15782952309, 7.08010625839, 8.06315517426, 11.4884309769, 9.31397533417, 10.1743154526, 9.9634437561, 10.5027074814, 16.0029735565, 18.46717453, 21.6373882294, 30.1608009338, 33.3643531799, 39.4168357849, 56.2051391602, 88.8123855591, 38.954120636, 11.6421175003, 10.4556589127, 3.70754051208, 3.08064866066, 2.17870044708, 1.326582551, 0.5940066576, 0.854578852654, 0.658657133579, 0.487326800823, 0.0947432368994, 0.0482221655548, 0.0357662066817, 0.0322834923863, 0.0887678563595, 0.0994003936648, 0.0321728400886, 0.0015156948939, 7.79399706516e-05], "median": [3.15558281727e-05, 0.000795281957835, 0.011222012341, 0.0248198881745, 0.136162951589, 1.03410553932, 1.3356924057, 1.22423434258, 1.34292984009, 1.36348295212, 1.3408908844, 1.36224126816, 1.78090214729, 1.97924304008, 1.47237980366, 1.90167689323, 1.37325751781, 1.86074101925, 4.60640001297, 5.39097499847, 2.92471671104, 0.721297562122, 0.247113317251, 0.131621420383, 0.141112282872, 0.0971443206072, 0.0828197449446, 0.0297047644854, 0.015859156847, 0.0190072767437, 0.0109688602388, 0.00232856813818, 0.00121864140965, 0.000517391017638, 0.000393525639083, 0.00012596626766, 3.14933422487e-05, 5.9151880123e-06, 3.80114079235e-06, 5.57909879717e-06], "min": [1.92858656759e-22, 1.16299463569e-21, 4.42337296333e-21, 1.06802579935e-20, 1.20174116095e-20, 3.80697986206e-20, 4.8384256183e-20, 1.31515280897e-19, 1.77801968605e-19, 3.03450122041e-19, 4.3155416179e-19, 6.47146096399e-19, 5.63040594763e-19, 1.14158358818e-18, 5.83601926647e-19, 5.46614597255e-19, 1.377934008e-18, 2.26725573689e-18, 3.24235133902e-18, 4.17315679601e-18, 4.24894349733e-18, 6.80088667692e-18, 6.02826937911e-18, 8.34883235699e-18, 7.91193540977e-18, 1.11355839883e-17, 1.01459914256e-17, 1.09014654052e-17, 1.31621880696e-17, 1.17556336124e-17, 1.15244970154e-17, 1.07143306809e-17, 1.00418229167e-17, 9.18552637377e-18, 7.00019046884e-18, 4.20122137984e-18, 2.54824919777e-18, 1.04937859248e-18, 2.43488393973e-19, 2.6120177855e-20], "var": [3.54533676727e-06, 0.000967484200373, 0.0817356184125, 0.208539664745, 4.79461336136, 206.452682495, 250.500366211, 510.060699463, 242.01512146, 326.823760986, 448.394714355, 539.334228516, 1119.35229492, 1455.38439941, 3305.8125, 5177.828125, 6018.41113281, 9738.16992188, 12506.6552734, 43585.78125, 8815.0625, 896.67199707, 2269.49707031, 83.6246109009, 53.1638031006, 26.7649784088, 11.5129728317, 1.56997191906, 4.70698022842, 3.42253470421, 3.63001775742, 0.0772812962532, 0.0194218307734, 0.0206162817776, 0.0208207610995, 0.815240979195, 0.510522305965, 0.0467203818262, 5.85265843256e-05, 1.1088076235e-07]}, "gfcc": {"mean": [-202.845428467, 108.324707031, -160.786270142, -5.67372179031, -41.6806335449, -10.3916025162, -42.0453414917, -16.7210445404, -10.3280572891, -5.144947052, -21.7799568176, -3.94065666199, -0.0897535309196], "cov": [[40223.5546875, 4949.6875, -2727.5534668, -1362.05334473, -2280.77709961, -747.156066895, -1139.41931152, -1364.52539062, -876.120483398, -251.98600769, 362.59487915, -359.086334229, -521.200134277], [4949.6875, 8223.80273438, -30.869972229, -1633.67822266, -1147.66113281, -745.664550781, -235.97114563, -891.171813965, -507.94543457, -204.559570312, 779.338134766, -391.86819458, -16.8288097382], [-2727.5534668, -30.869972229, 1375.34350586, -44.6633529663, -3.91543889046, -41.5425491333, 46.9116477966, 105.509567261, 13.6605653763, 111.982566833, -61.6981773376, 61.5209274292, -11.2034320831], [-1362.05334473, -1633.67822266, -44.6633529663, 846.383117676, 433.157806396, 226.357955933, 80.4919204712, 284.987335205, 260.091705322, 16.818649292, -189.683624268, 83.2398986816, 96.8833847046], [-2280.77709961, -1147.66113281, -3.91543889046, 433.157806396, 571.638916016, 202.269866943, 125.49887085, 236.442977905, 185.913040161, 21.9864940643, -114.983718872, 68.4984664917, 93.3482437134], [-747.156066895, -745.664550781, -41.5425491333, 226.357955933, 202.269866943, 273.962982178, 65.069770813, 116.055557251, 79.3009109497, 26.8068904877, -82.0943756104, -32.5246505737, 42.6039161682], [-1139.41931152, -235.97114563, 46.9116477966, 80.4919204712, 125.49887085, 65.069770813, 191.601104736, 83.9487457275, 25.2376289368, -23.5968933105, 19.3352470398, 68.0135574341, 6.2520031929], [-1364.52539062, -891.171813965, 105.509567261, 284.987335205, 236.442977905, 116.055557251, 83.9487457275, 225.130401611, 125.405418396, 9.22626399994, -82.2427749634, 72.8472061157, 40.9556159973], [-876.120483398, -507.94543457, 13.6605653763, 260.091705322, 185.913040161, 79.3009109497, 25.2376289368, 125.405418396, 212.936950684, 21.2920455933, -84.944229126, 20.9546527863, 80.1264648438], [-251.98600769, -204.559570312, 111.982566833, 16.818649292, 21.9864940643, 26.8068904877, -23.5968933105, 9.22626399994, 21.2920455933, 99.3048934937, -44.5580673218, -30.6743946075, -8.17574501038], [362.59487915, 779.338134766, -61.6981773376, -189.683624268, -114.983718872, -82.0943756104, 19.3352470398, -82.2427749634, -84.944229126, -44.5580673218, 203.111190796, -21.3268585205, -33.3173179626], [-359.086334229, -391.86819458, 61.5209274292, 83.2398986816, 68.4984664917, -32.5246505737, 68.0135574341, 72.8472061157, 20.9546527863, -30.6743946075, -21.3268585205, 160.294265747, -1.08933961391], [-521.200134277, -16.8288097382, -11.2034320831, 96.8833847046, 93.3482437134, 42.6039161682, 6.2520031929, 40.9556159973, 80.1264648438, -8.17574501038, -33.3173179626, -1.08933961391, 108.701591492]], "icov": [[4.65041048301e-05, -2.60861179413e-05, 8.53820820339e-05, -5.21908878e-05, 0.000129217442009, -9.26826178329e-05, 0.000200656417292, 7.10536260158e-05, 2.01033126359e-05, 4.33158902524e-06, 6.01602732786e-05, -0.00014939904213, 0.000163751610671], [-2.60861179413e-05, 0.000458257709397, -0.00019422902551, 0.000271604658337, 3.86808933399e-05, 0.000615061318967, -0.000346080574673, 0.000804950366728, -0.000161317846505, 0.000538762600627, -0.000905721157324, 0.000881656247657, -0.000983220990747], [8.53820820339e-05, -0.00019422902551, 0.00115781684872, 3.50217997038e-05, 0.000456459238194, 6.00252315053e-05, 9.88375686575e-05, -0.00112603232265, 0.000352160510374, -0.00149565958418, 0.000583256885875, -0.000712008622941, 0.000270050019026], [-5.21908878e-05, 0.000271604658337, 3.50217997038e-05, 0.00312203890644, -0.00083679065574, -0.000347638124367, 0.000147847094922, -0.0011365438113, -0.00172800058499, 0.000778631656431, 0.000296450394671, 6.55756375636e-05, -0.000288794370135], [0.000129217442009, 3.86808933399e-05, 0.000456459238194, -0.00083679065574, 0.00458328053355, -0.00103308993857, -0.000693230424076, -0.00156333961058, -0.000361915357644, -0.000993232126348, -6.90830711392e-05, -0.000681108795106, -0.00131963856984], [-9.26826178329e-05, 0.000615061318967, 6.00252315053e-05, -0.000347638124367, -0.00103308993857, 0.00851021707058, -0.00336950784549, -0.00155368912965, 0.00114798627328, -4.80944981973e-05, 0.000739526702091, 0.00568122183904, -0.00226845848374], [0.000200656417292, -0.000346080574673, 9.88375686575e-05, 0.000147847094922, -0.000693230424076, -0.00336950784549, 0.00996450334787, -0.00133274903055, 7.44952267269e-05, 0.00105223094579, -0.00199602195062, -0.00458138575777, 0.00199844245799], [7.10536260158e-05, 0.000804950366728, -0.00112603232265, -0.0011365438113, -0.00156333961058, -0.00155368912965, -0.00133274903055, 0.0151568548754, -0.00365934241563, 0.00195875903592, -0.0011674099369, -0.0021216107998, 0.0001453240111], [2.01033126359e-05, -0.000161317846505, 0.000352160510374, -0.00172800058499, -0.000361915357644, 0.00114798627328, 7.44952267269e-05, -0.00365934241563, 0.0110734319314, -0.00229900679551, 0.0012114365818, 0.000671013258398, -0.00507421186194], [4.33158902524e-06, 0.000538762600627, -0.00149565958418, 0.000778631656431, -0.000993232126348, -4.80944981973e-05, 0.00105223094579, 0.00195875903592, -0.00229900679551, 0.0158161129802, 0.00170868716668, 0.00414791889489, 0.00277883023955], [6.01602732786e-05, -0.000905721157324, 0.000583256885875, 0.000296450394671, -6.90830711392e-05, 0.000739526702091, -0.00199602195062, -0.0011674099369, 0.0012114365818, 0.00170868716668, 0.0100972950459, 0.000629550893791, 0.00260494905524], [-0.00014939904213, 0.000881656247657, -0.000712008622941, 6.55756375636e-05, -0.000681108795106, 0.00568122183904, -0.00458138575777, -0.0021216107998, 0.000671013258398, 0.00414791889489, 0.000629550893791, 0.0134323434904, -0.0011456431821], [0.000163751610671, -0.000983220990747, 0.000270050019026, -0.000288794370135, -0.00131963856984, -0.00226845848374, 0.00199844245799, 0.0001453240111, -0.00507421186194, 0.00277883023955, 0.00260494905524, -0.0011456431821, 0.0167065672576]]}, "melbands": {"dmean": [5.48378011445e-06, 3.04048699036e-05, 3.27378911607e-05, 0.000153830784257, 0.000204837764613, 0.000133060530061, 7.48987004044e-05, 6.17827754468e-05, 4.55685585621e-05, 3.26875087922e-05, 3.84382692573e-05, 4.59984548797e-05, 4.34981375292e-05, 6.94733098499e-05, 3.03704455291e-05, 5.97051439399e-05, 4.53226457466e-05, 4.09613530792e-05, 0.000107727668365, 3.73871516786e-05, 3.67171123798e-05, 9.12259019969e-06, 6.47743718218e-06, 4.7559151426e-06, 2.19468211071e-06, 1.8442427745e-06, 2.21959453484e-06, 1.23231029647e-06, 9.47327691847e-07, 3.65021463722e-07, 3.275956999e-07, 5.98284884745e-07, 3.51331266302e-07, 4.16885626464e-07, 4.83256712869e-07, 1.49805345018e-07, 3.9977788191e-08, 3.60436480662e-08, 6.16804101128e-08, 4.03975697338e-08], "dmean2": [6.39944391878e-06, 3.73159018636e-05, 4.03864141845e-05, 0.000210407204577, 0.000300656858599, 0.000159531700774, 9.68835156527e-05, 8.03939256002e-05, 5.99196573603e-05, 4.00943135901e-05, 4.90882011945e-05, 6.63641840219e-05, 6.42426821287e-05, 9.89920736174e-05, 4.07571205869e-05, 8.28977135825e-05, 6.77362040733e-05, 6.42593804514e-05, 0.000156033507665, 5.70441516174e-05, 5.75970298087e-05, 1.36531743919e-05, 8.6755007942e-06, 6.47107117402e-06, 3.13035207e-06, 2.5937126793e-06, 3.67572692994e-06, 1.92172456082e-06, 1.51080564592e-06, 6.15051419572e-07, 5.83637529417e-07, 9.95448885988e-07, 5.81721337767e-07, 6.69745020332e-07, 8.83069560587e-07, 2.74546323453e-07, 7.22926074559e-08, 6.60875230096e-08, 1.18980224784e-07, 7.74237349788e-08], "dvar": [1.29765018175e-10, 2.98176039415e-09, 4.06111411166e-09, 1.125687632e-07, 2.49386204132e-07, 7.96004044901e-08, 2.13757225254e-08, 1.40410953975e-08, 1.18965406415e-08, 8.03216426704e-09, 8.51100612209e-09, 1.25629693315e-08, 1.78581629484e-08, 2.64953605722e-08, 6.22497653424e-09, 2.47820022281e-08, 1.74812804232e-08, 1.12322231516e-08, 1.16085907109e-07, 1.07012070316e-08, 1.11769749012e-08, 8.8880236504e-10, 5.32984045787e-10, 4.18904577693e-10, 3.21413035076e-11, 2.40526921297e-11, 5.30890539863e-11, 1.10669208173e-11, 7.52231697071e-12, 6.6778326575e-13, 7.13565166156e-13, 2.14154301931e-12, 8.46347352011e-13, 1.38135499133e-12, 3.01395041737e-12, 3.98286086186e-13, 8.9276383256e-15, 8.76088464334e-15, 5.8388982939e-14, 1.89610781638e-14], "dvar2": [1.66615055086e-10, 4.26624557903e-09, 6.44885567169e-09, 2.09206220347e-07, 5.42706629858e-07, 1.28609997319e-07, 4.27979429674e-08, 2.75708664788e-08, 2.24091110113e-08, 1.1795175503e-08, 1.51157433237e-08, 2.81675660574e-08, 4.02190174498e-08, 5.48291758662e-08, 1.15634346542e-08, 4.53669741773e-08, 4.1239509585e-08, 2.68072621878e-08, 2.25317350555e-07, 2.45340601168e-08, 2.43524933552e-08, 1.8230801313e-09, 1.01428876409e-09, 8.2279882907e-10, 6.6217670236e-11, 5.50148399059e-11, 1.40786174385e-10, 2.70575402361e-11, 1.78867858025e-11, 1.51840129012e-12, 2.11633358407e-12, 5.52743050983e-12, 2.27711816417e-12, 3.46839787793e-12, 8.6980995323e-12, 1.16943759364e-12, 2.53641203906e-14, 2.51159685362e-14, 1.71445052165e-13, 5.52569735844e-14], "max": [0.000105916289613, 0.000605518987868, 0.000818480853923, 0.00410429015756, 0.00716247363016, 0.0048749553971, 0.0028106609825, 0.00179484847467, 0.00150704244152, 0.00236532324925, 0.00139247416519, 0.0013193768682, 0.00190462416504, 0.00158847752027, 0.000927603337914, 0.00270290067419, 0.00160473841242, 0.00109831814189, 0.00459398515522, 0.00130705162883, 0.00137648754753, 0.000393249269109, 0.000747648475226, 0.000683058286086, 5.09937272e-05, 5.56225058972e-05, 7.56916488172e-05, 3.60445083061e-05, 3.17922749673e-05, 8.78223363543e-06, 6.99167867424e-06, 1.1425869161e-05, 8.34400361782e-06, 1.17557883641e-05, 1.70882758539e-05, 7.03892510501e-06, 6.74664477174e-07, 9.42160170325e-07, 2.81571738014e-06, 1.1424283457e-06], "mean": [1.04744585769e-05, 6.40142679913e-05, 5.86271817156e-05, 0.000275512516964, 0.000326819776092, 0.000237062951783, 0.000140697622555, 0.000114322232548, 7.44015997043e-05, 6.65476691211e-05, 8.15163148218e-05, 7.67200253904e-05, 5.69749645365e-05, 9.51473921305e-05, 4.99583657074e-05, 9.39693491091e-05, 6.6866625275e-05, 5.40513683518e-05, 0.000195497836103, 5.53431309527e-05, 4.29982064816e-05, 1.28747497001e-05, 8.92860316526e-06, 6.80060793457e-06, 2.61898389908e-06, 2.1808909878e-06, 2.12638656194e-06, 1.28089766349e-06, 9.9409237464e-07, 4.28891098636e-07, 3.00423806721e-07, 5.54901191663e-07, 3.32330046149e-07, 3.76815648906e-07, 3.39298793506e-07, 1.13077774699e-07, 3.52844367058e-08, 3.01888469778e-08, 3.98706880844e-08, 2.53786307525e-08], "median": [3.69296827785e-07, 4.68148937216e-06, 5.02226430399e-06, 3.72750801034e-05, 6.01149513386e-05, 2.68672665698e-05, 1.96188047994e-05, 1.51526719492e-05, 8.89509828994e-06, 6.76285981172e-06, 8.52956509334e-06, 8.04054343462e-06, 3.69494455299e-06, 6.2107087615e-06, 2.46178387897e-06, 3.39070561495e-06, 1.88696435544e-06, 3.75982017431e-06, 8.70061558089e-06, 3.70795351046e-06, 2.05973174161e-06, 5.48845946469e-07, 2.17247702494e-07, 1.39595911719e-07, 7.31950677846e-08, 7.86922242924e-08, 7.839157945e-08, 3.60494389895e-08, 4.73662069567e-08, 2.65558064427e-08, 5.39894928764e-09, 8.45296455054e-09, 4.81224526894e-09, 7.45487582776e-09, 7.00428159917e-09, 2.24013252392e-09, 2.85185985938e-10, 6.31745711299e-10, 7.21116888425e-10, 2.30547539393e-10], "min": [2.1660716285e-24, 2.67510542683e-24, 2.015842141e-24, 1.8980036767e-24, 1.85847188458e-24, 3.11335000298e-24, 2.66368449586e-24, 2.89841498859e-24, 3.55468218071e-24, 3.85223538657e-24, 2.59984730762e-24, 4.29666226563e-24, 2.39259974275e-24, 9.54080524856e-25, 3.63853809494e-24, 2.7905368793e-24, 3.06874642689e-24, 5.30900785973e-24, 4.91723429065e-24, 5.1424335687e-24, 4.16734824174e-24, 6.46609049727e-24, 5.18346143552e-24, 5.51180546023e-24, 5.87407799804e-24, 4.03093210312e-24, 4.70072983749e-24, 7.27425522328e-24, 7.25401305245e-24, 4.52512624454e-24, 5.93866361807e-24, 7.18747026851e-24, 6.5346705145e-24, 6.19488603452e-24, 7.14309210943e-24, 5.81537333605e-24, 4.9060222106e-24, 5.95021372501e-24, 8.11061975449e-24, 6.61070329513e-24], "var": [4.30410457275e-10, 1.18532907933e-08, 1.12612443814e-08, 2.91834226118e-07, 4.45387826176e-07, 2.03451293146e-07, 5.49256533589e-08, 4.14464764731e-08, 2.56722518799e-08, 2.43159803404e-08, 2.97885236478e-08, 2.67081166072e-08, 2.63037769344e-08, 4.61312623656e-08, 1.59621826867e-08, 5.67129596618e-08, 3.32953398186e-08, 1.64006870307e-08, 2.86261951032e-07, 1.97087608456e-08, 1.39693270285e-08, 1.8151904424e-09, 1.13023024273e-09, 8.6817286693e-10, 4.79814278587e-11, 3.15797284156e-11, 4.49179235473e-11, 1.1763191983e-11, 7.8830943509e-12, 9.72112039303e-13, 5.59979742697e-13, 2.17982489698e-12, 8.10962137287e-13, 1.32790024636e-12, 1.82332404383e-12, 2.27152674383e-13, 7.41122488628e-15, 6.26625911126e-15, 3.19840149103e-14, 1.0679057668e-14]}, "mfcc": {"mean": [-817.563171387, 140.002243042, -39.6564598083, -4.64835596085, 2.59703159332, 0.201995745301, -21.5816516876, -11.2676019669, -1.1362490654, -1.17802238464, -16.1342105865, -10.264834404, 3.31067371368], "cov": [[21033.1152344, 5329.31640625, -2002.05932617, -167.162918091, -1481.92163086, -20.5974006653, -291.504486084, -678.930358887, -1537.71289062, -334.181640625, 56.0076599121, -546.120056152, -500.050384521], [5329.31640625, 6621.69970703, 515.656311035, -809.953186035, -691.61138916, -333.521789551, 67.1116790771, -677.739990234, -950.03692627, -376.410736084, 5.01932048798, -117.675849915, -273.149200439], [-2002.05932617, 515.656311035, 1165.12219238, -47.0446891785, 2.66277098656, -78.2447128296, -27.8011131287, -79.1930389404, 52.9356689453, 16.9203109741, -52.9563179016, 8.30118846893, 91.450881958], [-167.162918091, -809.953186035, -47.0446891785, 414.789489746, 186.541717529, 58.9091682434, -59.4506416321, 138.254745483, 191.828491211, 75.4639511108, -21.4556369781, 60.1944084167, 87.5288467407], [-1481.92163086, -691.61138916, 2.66277098656, 186.541717529, 322.013885498, 63.9261169434, -12.5081768036, 128.756515503, 241.766967773, 81.720375061, -22.7015094757, 64.9265823364, 84.1897735596], [-20.5974006653, -333.521789551, -78.2447128296, 58.9091682434, 63.9261169434, 122.371612549, 35.8248748779, 35.6317214966, 67.1064834595, 73.3043289185, -7.85617637634, -22.1909866333, 27.6604747772], [-291.504486084, 67.1116790771, -27.8011131287, -59.4506416321, -12.5081768036, 35.8248748779, 151.644714355, 26.039598465, -38.1910400391, -18.2140293121, 54.3579750061, 38.7055244446, -58.1403961182], [-678.930358887, -677.739990234, -79.1930389404, 138.254745483, 128.756515503, 35.6317214966, 26.039598465, 211.958084106, 162.900543213, -10.7832937241, 6.55827474594, 119.667449951, 39.4174613953], [-1537.71289062, -950.03692627, 52.9356689453, 191.828491211, 241.766967773, 67.1064834595, -38.1910400391, 162.900543213, 345.436737061, 107.833145142, -70.3935089111, 89.1273117065, 131.313842773], [-334.181640625, -376.410736084, 16.9203109741, 75.4639511108, 81.720375061, 73.3043289185, -18.2140293121, -10.7832937241, 107.833145142, 190.760467529, -18.9253826141, -94.5029220581, 65.6251602173], [56.0076599121, 5.01932048798, -52.9563179016, -21.4556369781, -22.7015094757, -7.85617637634, 54.3579750061, 6.55827474594, -70.3935089111, -18.9253826141, 118.920410156, 4.56382894516, -82.3121948242], [-546.120056152, -117.675849915, 8.30118846893, 60.1944084167, 64.9265823364, -22.1909866333, 38.7055244446, 119.667449951, 89.1273117065, -94.5029220581, 4.56382894516, 247.921417236, 1.86377882957], [-500.050384521, -273.149200439, 91.450881958, 87.5288467407, 84.1897735596, 27.6604747772, -58.1403961182, 39.4174613953, 131.313842773, 65.6251602173, -82.3121948242, 1.86377882957, 154.195877075]], "icov": [[0.000242545240326, -0.000215864405618, 0.00037755939411, -0.000573179509956, 0.000932574330363, -0.00091397279175, 0.000945368781686, -0.000439895637101, 0.000541476067156, -0.000187283221749, 0.000207008910365, 2.44952898356e-05, 0.000358086952474], [-0.000215864405618, 0.00055157346651, -0.000442515243776, 0.000701604236383, -0.00101233657915, 0.00107881077565, -0.00100106117316, 0.000988209736533, 0.000423793244408, 0.000169849547092, 0.000312285294058, -0.000418678595452, -0.000391070032492], [0.00037755939411, -0.000442515243776, 0.00169286888558, -0.000946135667618, 0.00158621952869, -0.000482487550471, 0.000883571512531, 0.000135353198857, -0.000103444610431, -0.000139381751069, -8.66823247634e-05, 0.000121533375932, -0.000407706946135], [-0.000573179509956, 0.000701604236383, -0.000946135667618, 0.00582088995725, -0.00352104590274, 0.00102390989196, 0.000317497935612, -0.000820689077955, -0.000100396558992, -0.000965914921835, -0.000855140038766, -0.00125794089399, -0.00123541452922], [0.000932574330363, -0.00101233657915, 0.00158621952869, -0.00352104590274, 0.0110114784911, -0.00432403339073, 0.00315372855403, -0.00153704104014, -0.00337612186559, -0.000246491224971, -0.00128292990848, 0.000490754609928, 0.000923731189687], [-0.00091397279175, 0.00107881077565, -0.000482487550471, 0.00102390989196, -0.00432403339073, 0.0188653916121, -0.00976942945272, 0.00127977877855, -0.00204900745302, -0.00321302213706, 0.0017661129823, 0.00149178213906, -0.00234489957802], [0.000945368781686, -0.00100106117316, 0.000883571512531, 0.000317497935612, 0.00315372855403, -0.00976942945272, 0.0165265165269, -0.00512980716303, 0.00460639130324, -0.00259976089001, -0.00177036505193, -0.00295150279999, 0.0044357990846], [-0.000439895637101, 0.000988209736533, 0.000135353198857, -0.000820689077955, -0.00153704104014, 0.00127977877855, -0.00512980716303, 0.0157497022301, -0.0068393079564, 0.00580808520317, -0.00410172669217, -0.00181524909567, -0.00345627614297], [0.000541476067156, 0.000423793244408, -0.000103444610431, -0.000100396558992, -0.00337612186559, -0.00204900745302, 0.00460639130324, -0.0068393079564, 0.0182595439255, -0.00795748271048, 0.00677538849413, -0.00501643167809, -0.000164624289027], [-0.000187283221749, 0.000169849547092, -0.000139381751069, -0.000965914921835, -0.000246491224971, -0.00321302213706, -0.00259976089001, 0.00580808520317, -0.00795748271048, 0.0154510904104, -0.00465664081275, 0.00615119934082, -0.00378898321651], [0.000207008910365, 0.000312285294058, -8.66823247634e-05, -0.000855140038766, -0.00128292990848, 0.0017661129823, -0.00177036505193, -0.00410172669217, 0.00677538849413, -0.00465664081275, 0.0181715134531, -0.00104376580566, 0.00845076423138], [2.44952898356e-05, -0.000418678595452, 0.000121533375932, -0.00125794089399, 0.000490754609928, 0.00149178213906, -0.00295150279999, -0.00181524909567, -0.00501643167809, 0.00615119934082, -0.00104376580566, 0.00970113091171, -0.000224986230023], [0.000358086952474, -0.000391070032492, -0.000407706946135, -0.00123541452922, 0.000923731189687, -0.00234489957802, 0.0044357990846, -0.00345627614297, -0.000164624289027, -0.00378898321651, 0.00845076423138, -0.000224986230023, 0.0166358537972]]}, "spectral_contrast_coeffs": {"dmean": [0.0427115522325, 0.0404930636287, 0.0349703021348, 0.0348679348826, 0.0323232971132, 0.0205293111503], "dmean2": [0.0678230375051, 0.0630801990628, 0.0556128025055, 0.050627283752, 0.0489062927663, 0.0303861554712], "dvar": [0.00131250708364, 0.00117951608263, 0.0012430009665, 0.00110724323895, 0.0013371037785, 0.000340077385772], "dvar2": [0.0031211276073, 0.00271696457639, 0.00257781939581, 0.00201925938018, 0.00301887700334, 0.000714908877853], "max": [-0.332049787045, -0.487027436495, -0.463871628046, -0.448384046555, -0.517577171326, -0.638471007347], "mean": [-0.621146917343, -0.791567087173, -0.791169166565, -0.698026955128, -0.752654850483, -0.756522774696], "median": [-0.605359435081, -0.7982878685, -0.810106217861, -0.701575219631, -0.757926344872, -0.751491308212], "min": [-0.988542437553, -0.99267989397, -0.997107923031, -0.989098787308, -0.984485208988, -0.983602285385], "var": [0.0177472382784, 0.00663594668731, 0.00836126599461, 0.00995341688395, 0.00589218689129, 0.00273441849276]}, "spectral_contrast_valleys": {"dmean": [0.476232796907, 0.41352006793, 0.391262054443, 0.360406309366, 0.448018163443, 0.553710579872], "dmean2": [0.721349239349, 0.595270991325, 0.549943327904, 0.531796872616, 0.652287244797, 0.788541555405], "dvar": [0.24828530848, 0.187609046698, 0.2002184093, 0.218454405665, 0.443088054657, 0.811288893223], "dvar2": [0.397576332092, 0.284315556288, 0.353432118893, 0.395082890987, 0.