{"lowlevel": {"average_loudness": 0.878984034061, "barkbands_crest": {"dmean": 1.79899203777, "dmean2": 3.14671492577, "dvar": 2.61770558357, "dvar2": 8.12626171112, "max": 26.549369812, "mean": 9.52796554565, "median": 8.80898094177, "min": 3.67822241783, "var": 11.2256746292}, "barkbands_flatness_db": {"dmean": 0.0242253709584, "dmean2": 0.0406354255974, "dvar": 0.000595062912907, "dvar2": 0.0016173729673, "max": 0.573521614075, "mean": 0.378484517336, "median": 0.377133071423, "min": 0.0691436380148, "var": 0.0038171694614}, "barkbands_kurtosis": {"dmean": 1.73635685444, "dmean2": 2.87206506729, "dvar": 43.7248268127, "dvar2": 104.503288269, "max": 391.897033691, "mean": 3.59470129013, "median": 0.893409967422, "min": -1.95224130154, "var": 429.69821167}, "barkbands_skewness": {"dmean": 0.40317595005, "dmean2": 0.694030046463, "dvar": 0.191175594926, "dvar2": 0.559033632278, "max": 8.28215789795, "mean": 0.661675632, "median": 0.763816475868, "min": -17.9794235229, "var": 2.39478182793}, "barkbands_spread": {"dmean": 1.30005812645, "dmean2": 2.07371020317, "dvar": 4.27340269089, "dvar2": 8.74147796631, "max": 122.770690918, "mean": 6.99402713776, "median": 5.33957147598, "min": 0.718647956848, "var": 71.5800170898}, "dissonance": {"dmean": 0.0527366995811, "dmean2": 0.0892582088709, "dvar": 0.00217563589104, "dvar2": 0.00597239285707, "max": 0.499989718199, "mean": 0.359598487616, "median": 0.367100834846, "min": 0.0687781646848, "var": 0.00562206935138}, "dynamic_complexity": 4.90914106369, "erbbands_crest": {"dmean": 1.84063637257, "dmean2": 2.82471561432, "dvar": 3.43716406822, "dvar2": 7.89033126831, "max": 30.6443328857, "mean": 12.7891168594, "median": 12.1802558899, "min": 2.48876309395, "var": 18.2057094574}, "erbbands_flatness_db": {"dmean": 0.0125039611012, "dmean2": 0.0188919901848, "dvar": 0.000186684119399, "dvar2": 0.000411932822317, "max": 0.562172472477, "mean": 0.359324067831, "median": 0.360923409462, "min": 0.0405464582145, "var": 0.00319242314436}, "erbbands_kurtosis": {"dmean": 0.949842393398, "dmean2": 1.53715240955, "dvar": 2.83393931389, "dvar2": 7.96538686752, "max": 76.1662063599, "mean": 1.35455679893, "median": 0.241519093513, "min": -1.83450078964, "var": 17.4172077179}, "erbbands_skewness": {"dmean": 0.26634901762, "dmean2": 0.410289078951, "dvar": 0.0811108574271, "dvar2": 0.194227784872, "max": 6.07986736298, "mean": 0.35438528657, "median": 0.33430942893, "min": -3.77247262001, "var": 0.58893930912}, "erbbands_spread": {"dmean": 1.92916500568, "dmean2": 3.0480196476, "dvar": 6.61270427704, "dvar2": 14.6896753311, "max": 143.212371826, "mean": 12.60496521, "median": 11.2972221375, "min": 1.44581615925, "var": 111.259727478}, "hfc": {"dmean": 3.02547502518, "dmean2": 4.57561540604, "dvar": 26.9610023499, "dvar2": 62.802028656, "max": 87.300201416, "mean": 14.1847028732, "median": 10.9142465591, "min": 1.22890795771e-16, "var": 152.920318604}, "melbands_crest": {"dmean": 3.27873134613, "dmean2": 6.02809000015, "dvar": 11.2941322327, "dvar2": 42.3792953491, "max": 30.8035869598, "mean": 12.3762483597, "median": 11.104133606, "min": 1.92807531357, "var": 21.713596344}, "melbands_flatness_db": {"dmean": 0.028093604371, "dmean2": 0.0477880015969, "dvar": 0.000820057583041, "dvar2": 0.00227283220738, "max": 0.706248700619, "mean": 0.467963635921, "median": 0.470479011536, "min": 0.00509743299335, "var": 0.00855850242078}, "melbands_kurtosis": {"dmean": 1.87414896488, "dmean2": 3.23510217667, "dvar": 9.63799095154, "dvar2": 30.203245163, "max": 99.1954498291, "mean": 3.04370689392, "median": 1.78202533722, "min": -1.80601859093, "var": 29.0123252869}, "melbands_skewness": {"dmean": 0.430342823267, "dmean2": 0.749225795269, "dvar": 0.19443552196, "dvar2": 0.65211725235, "max": 6.98076343536, "mean": 1.17610001564, "median": 1.09854197502, "min": -0.827962815762, "var": 0.682717382908}, "melbands_spread": {"dmean": 2.00826716423, "dmean2": 3.2010846138, "dvar": 8.52990245819, "dvar2": 20.1744327545, "max": 174.94619751, "mean": 10.3659772873, "median": 7.35026454926, "min": 0.706484377384, "var": 206.309036255}, "pitch_salience": {"dmean": 0.0718495026231, "dmean2": 0.125465750694, "dvar": 0.0045690946281, "dvar2": 0.0149411046878, "max": 0.923479676247, "mean": 0.549855411053, "median": 0.553813457489, "min": 0.154477357864, "var": 0.0142484493554}, "silence_rate_20dB": {"dmean": 0, "dmean2": 0, "dvar": 0, "dvar2": 0, "max": 1, "mean": 1, "median": 1, "min": 1, "var": 0}, "silence_rate_30dB": {"dmean": 0.00120572722517, "dmean2": 0.00241181789897, "dvar": 0.00120426353533, "dvar2": 0.00361186941154, "max": 1, "mean": 0.999095857143, "median": 1, "min": 0, "var": 0.000903344596736}, "silence_rate_60dB": {"dmean": 0.00422004517168, "dmean2": 0.00844136252999, "dvar": 0.00420207669958, "dvar2": 0.00897331722081, "max": 1, "mean": 0.0982519611716, "median": 0, "min": 0, "var": 0.088603310287}, "spectral_centroid": {"dmean": 56.6272125244, "dmean2": 89.7868804932, "dvar": 12553.6582031, "dvar2": 19497.1523438, "max": 10948.3369141, "mean": 540.181030273, "median": 455.687133789, "min": 147.641616821, "var": 190317.0625}, "spectral_complexity": {"dmean": 1.3486058712, "dmean2": 2.237865448, "dvar": 2.27157497406, "dvar2": 5.39230203629, "max": 27, "mean": 9.1870098114, "median": 9, "min": 0, "var": 17.3198432922}, "spectral_decrease": {"dmean": 2.36013364407e-09, "dmean2": 4.10669676043e-09, "dvar": 8.93098883722e-18, "dvar2": 3.2123492914e-17, "max": 1.72775154779e-15, "mean": -8.12466627309e-09, "median": -7.75362707373e-09, "min": -4.41427943088e-08, "var": 2.69352821089e-17}, "spectral_energy": {"dmean": 0.00915315840393, "dmean2": 0.0158702284098, "dvar": 0.000132690634928, "dvar2": 0.000473150197649, "max": 0.17014169693, "mean": 0.0319508574903, "median": 0.030354725197, "min": 1.1176311906e-20, "var": 0.000419134972617}, "spectral_energyband_high": {"dmean": 6.19404488589e-07, "dmean2": 1.04512344024e-06, "dvar": 5.51131276033e-12, "dvar2": 1.51974856311e-11, "max": 3.59972837032e-05, "mean": 8.1340141378e-07, "median": 3.45641581134e-07, "min": 7.95943235319e-21, "var": 4.36390203487e-12}, "spectral_energyband_low": {"dmean": 0.00609277701005, "dmean2": 0.0116194225848, "dvar": 0.000116237235488, "dvar2": 0.000443802768132, "max": 0.145886793733, "mean": 0.00853834487498, "median": 0.00423821434379, "min": 3.98091398299e-23, "var": 0.000141811717185}, "spectral_energyband_middle_high": {"dmean": 0.00112483894918, "dmean2": 0.00158376037143, "dvar": 8.86278030521e-06, "dvar2": 2.05351134355e-05, "max": 0.0479505769908, "mean": 0.00401393603534, "median": 0.00150774768554, "min": 1.79620654429e-21, "var": 3.35717340931e-05}, "spectral_energyband_middle_low": {"dmean": 0.00432767067105, "dmean2": 0.00627373252064, "dvar": 2.25263847824e-05, "dvar2": 5.01024805999e-05, "max": 0.0904593020678, "mean": 0.0206619910896, "median": 0.0191080197692, "min": 3.79434168937e-22, "var": 0.000200114387553}, "spectral_entropy": {"dmean": 0.206440389156, "dmean2": 0.336513847113, "dvar": 0.0699897482991, "dvar2": 0.173354238272, "max": 9.79460048676, "mean": 5.49344491959, "median": 5.39217424393, "min": 4.43394470215, "var": 0.401177078485}, "spectral_flux": {"dmean": 0.0175751075149, "dmean2": 0.0276242550462, "dvar": 0.000412098161178, "dvar2": 0.000999908428639, "max": 0.307071834803, "mean": 0.0688783973455, "median": 0.0644707083702, "min": 1.05718080123e-10, "var": 0.00156058429275}, "spectral_kurtosis": {"dmean": 28.676612854, "dmean2": 48.4811401367, "dvar": 568.870788574, "dvar2": 1541.34008789, "max": 264.661193848, "mean": 99.8790893555, "median": 100.310638428, "min": -1.22750115395, "var": 2066.12451172}, "spectral_rms": {"dmean": 0.000746738864109, "dmean2": 0.00128255807795, "dvar": 6.43313398996e-07, "dvar2": 2.28402905122e-06, "max": 0.0128837842494, "mean": 0.00516109820455, "median": 0.00544190825894, "min": 3.30207801207e-12, "var": 4.53466191175e-06}, "spectral_rolloff": {"dmean": 98.047164917, "dmean2": 178.041534424, "dvar": 123293.765625, "dvar2": 250373.9375, "max": 19896.6796875, "mean": 1095.39904785, "median": 581.396484375, "min": 129.19921875, "var": 7742861.5}, "spectral_skewness": {"dmean": 1.43040060997, "dmean2": 2.43793988228, "dvar": 1.42696666718, "dvar2": 3.80666851997, "max": 13.8389663696, "mean": 7.46073102951, "median": 7.60752868652, "min": 0.00921617075801, "var": 5.8037314415}, "spectral_spread": {"dmean": 251605.921875, "dmean2": 435110.625, "dvar": 147977863168, "dvar2": 263664812032, "max": 40907544, "mean": 1270584.125, "median": 912666.5, "min": 394684.21875, "var": 4855877861380.0}, "spectral_strongpeak": {"dmean": 0.613260984421, "dmean2": 1.07463538647, "dvar": 1.01221001148, "dvar2": 2.64812779427, "max": 13.6280956268, "mean": 1.38410604, "median": 0.830874681473, "min": 1.34288705156e-10, "var": 2.28296089172}, "zerocrossingrate": {"dmean": 0.00281414855272, "dmean2": 0.00339655042626, "dvar": 4.19254429289e-05, "dvar2": 4.64827717224e-05, "max": 0.82177734375, "mean": 0.0381817407906, "median": 0.02197265625, "min": 0.0048828125, "var": 0.00991542171687}, "barkbands": {"dmean": [1.70607954431e-08, 0.0018049943028, 0.00430975435302, 0.000974996713921, 0.00229596253484, 0.00145107356366, 0.000912525865715, 0.000744971446693, 0.000742431497201, 0.000301190331811, 0.000113485395559, 0.000210057463846, 0.000360589358024, 0.000125094898976, 0.000265751092229, 4.30394902651e-05, 1.45984340634e-05, 3.75873878511e-06, 6.53426297959e-07, 3.08399307869e-07, 2.40772578763e-07, 1.74105210249e-07, 4.72093333315e-08, 1.20155121408e-08, 5.76471936853e-09, 4.22616475149e-09, 3.34580518846e-09], "dmean2": [3.07331546878e-08, 0.00348162883893, 0.00827654544264, 0.00152841256931, 0.00385615206324, 0.00197679223493, 0.00120572000742, 0.000974871043582, 0.00104867469054, 0.000427814869909, 0.000163409320521, 0.000294191180728, 0.000519075023476, 0.000170974119101, 0.000338516168995, 6.52995804558e-05, 2.05257692869e-05, 5.67588767808e-06, 9.17892180041e-07, 5.0540944585e-07, 4.01630501301e-07, 2.93343219937e-07, 8.43484215807e-08, 2.10006199097e-08, 9.85376669149e-09, 7.22417103916e-09, 5.76793812712e-09], "dvar": [7.25436232539e-16, 1.28592537294e-05, 5.57342646061e-05, 1.42188798691e-06, 6.71769339533e-06, 2.74605895356e-06, 2.0530301299e-06, 2.85845794679e-06, 6.62792990624e-06, 1.16571050057e-06, 2.84178383936e-07, 9.4971147746e-07, 2.2899432679e-06, 5.50289996681e-07, 1.41752389027e-06, 2.31783339188e-08, 2.56829579826e-09, 2.47773690454e-10, 5.59498064198e-12, 1.36410208216e-12, 1.25161350468e-12, 4.49647778863e-13, 2.69972473467e-14, 7.15185439811e-16, 6.9553547981e-17, 2.53766604222e-17, 1.0205852005e-17], "dvar2": [2.14142571033e-15, 4.79873742734e-05, 0.000215019972529, 3.45085641129e-06, 1.87213991012e-05, 6.27470126346e-06, 5.04887157149e-06, 4.86370436192e-06, 1.39866351674e-05, 2.25793610298e-06, 5.02942327785e-07, 2.01250782084e-06, 5.5911268646e-06, 1.00521037893e-06, 2.52420772995e-06, 5.11084223831e-08, 5.2081885471e-09, 5.61787671938e-10, 1.1990380043e-11, 3.74472935299e-12, 3.40200632422e-12, 1.20326903823e-12, 7.59901378476e-14, 2.04563750718e-15, 1.87595391148e-16, 6.7078947843e-17, 3.01796879577e-17], "max": [3.35215815994e-07, 0.0556039772928, 0.101251915097, 0.0158076416701, 0.030751850456, 0.0327674970031, 0.0351551696658, 0.0409211888909, 0.0553452223539, 0.0321717113256, 0.0198837257922, 0.0239954832941, 0.0436675548553, 0.0354214124382, 0.0417760424316, 0.0031816738192, 0.0010413719574, 0.000392450019717, 8.71619849931e-05, 2.55892027781e-05, 2.34328781517e-05, 1.09918009912e-05, 2.81623374576e-06, 6.26726318842e-07, 1.43101715366e-07, 8.39353688775e-08, 4.91090474952e-08], "mean": [1.70088725326e-08, 0.00271776248701, 0.00473014032468, 0.00161584524903, 0.00440739141777, 0.00535256788135, 0.00296536344104, 0.00346498657018, 0.00247209891677, 0.0012798528187, 0.000312715565087, 0.000524810922798, 0.00103387620766, 0.000274308520602, 0.000658036558889, 9.64773862506e-05, 3.73298353225e-05, 5.12264932695e-06, 1.22985170492e-06, 3.50214662603e-07, 2.64812030082e-07, 1.94992381353e-07, 7.61458451848e-08, 4.15845811119e-08, 2.86527459537e-08, 2.56835406276e-08, 1.81283414946e-08], "median": [8.38501001965e-09, 0.000257037114352, 0.0022533996962, 0.00106351613067, 0.0036665184889, 0.00453019700944, 0.00212496751919, 0.00113153737038, 0.000174492932274, 0.00010141509847, 1.31156248244e-05, 2.5944551453e-05, 4.45249970653e-05, 2.59212788478e-06, 3.46034139511e-05, 3.06913830173e-06, 2.61647664956e-06, 2.12506535036e-07, 9.44596010299e-08, 6.21643394538e-08, 6.6598808246e-08, 6.66568382712e-08, 5.14963289788e-08, 3.72066750742e-08, 2.69440878498e-08, 2.62842494436e-08, 1.82248882652e-08], "min": [4.280956045e-24, 1.37760042056e-23, 7.5435928467e-24, 3.46125154614e-23, 4.75667222412e-23, 5.79564495033e-23, 1.36854666395e-23, 8.29622231718e-23, 1.2579022009e-22, 3.86292847502e-23, 1.10324620976e-22, 1.56844846651e-22, 1.34716831254e-22, 1.74161908621e-22, 2.36065754985e-22, 9.49995337661e-23, 1.11173927559e-22, 2.00069287195e-22, 4.10836992391e-22, 3.99803516765e-22, 3.59426687384e-22, 4.93943400403e-22, 5.03494903e-22, 8.59881610756e-22, 1.4344371041e-21, 1.69692225256e-21, 2.53356717649e-21], "var": [6.60041900879e-16, 2.39212495217e-05, 4.79386471852e-05, 3.14824160341e-06, 1.34053952934e-05, 1.78139962372e-05, 1.1541225831e-05, 2.43359700107e-05, 3.33394200425e-05, 8.79396156961e-06, 1.47075297718e-06, 2.99846351481e-06, 6.72847227179e-06, 1.88795195299e-06, 4.96197162647e-06, 7.30984552888e-08, 8.94339713398e-09, 4.36562175299e-10, 1.2874099356e-11, 1.16397202207e-12, 1.00162261298e-12, 3.7395623707e-13, 1.94665704861e-14, 9.45863904507e-16, 3.16807024704e-16, 1.60656977334e-16, 3.92177710417e-17]}, "erbbands": {"dmean": [0.00782861560583, 0.593641877174, 4.40142154694, 3.98417663574, 3.55462193489, 8.87749195099, 14.4994211197, 12.6475658417, 17.3529453278, 11.7035551071, 15.4640302658, 18.9063949585, 7.78370046616, 8.79196071625, 4.76232671738, 10.4866390228, 17.0807037354, 7.77128553391, 16.6733322144, 3.84680247307, 2.16596293449, 0.679423391819, 0.283888697624, 0.0645802691579, 0.03279004246, 0.0154047226533, 0.0119440956041, 0.00927634816617, 0.00611461652443, 0.00241880561225, 0.00124939414673, 0.000372892332962, 0.000171738560311, 8.41451692395e-05, 4.06109429605e-05, 2.06123804674e-05, 9.82599158306e-06, 3.57167914444e-06, 4.23637993663e-06, 1.01164660009e-05], "dmean2": [0.0146667752415, 1.14746332169, 8.50984287262, 7.15408802032, 6.159968853, 15.2050361633, 21.0960044861, 18.8838634491, 20.1793403625, 14.4518918991, 20.7640914917, 27.1003170013, 11.766866684, 12.3561992645, 6.80270671844, 14.3856163025, 24.3637676239, 10.8653478622, 21.0575180054, 5.42403459549, 3.24796247482, 1.014564991, 0.417574524879, 0.0931484177709, 0.045689933002, 0.0246243346483, 0.0203688871115, 0.0152757661417, 0.0103714382276, 0.00429158378392, 0.00219586654566, 0.000650514208246, 0.000295790872769, 0.000144553458085, 6.8766727054e-05, 3.51951784978e-05, 1.66768950294e-05, 5.99115946898e-06, 7.26479947843e-06, 1.74642063939e-05], "dvar": [0.000254375278018, 1.37279832363, 66.7068023682, 28.0590801239, 22.4272537231, 115.539253235, 253.530395508, 240.667053223, 504.276855469, 485.496337891, 1721.47119141, 4889.71191406, 1118.38696289, 1044.91247559, 491.021514893, 2021.19885254, 4783.89453125, 1671.10900879, 5433.96777344, 135.306854248, 67.1663208008, 5.39883232117, 1.16839110851, 0.0531775392592, 0.0181629676372, 0.00323779927567, 0.00299395550974, 0.00134902063292, 0.000572086602915, 0.000101998353784, 2.16985026782e-05, 9.20695754303e-07, 1.01539434638e-07, 1.71820140338e-08, 2.52756771069e-09, 6.32369323572e-10, 1.38561703777e-10, 1.51912215446e-11, 2.74986422522e-11, 1.60273780359e-10], "dvar2": [0.000888494600076, 5.16899251938, 257.357055664, 95.3595123291, 69.4340744019, 328.70324707, 574.00378418, 654.62109375, 1340.84191895, 859.661010742, 2983.04711914, 10383.6962891, 2158.7434082, 2056.98852539, 879.23614502, 4289.54345703, 11524.3134766, 3263.73291016, 9700.14648438, 280.803985596, 152.136810303, 13.0862398148, 2.66169095039, 0.124063000083, 0.0378365963697, 0.00874654762447, 0.00833762716502, 0.00357184838504, 0.00156107975636, 0.000284392008325, 5.99489212618e-05, 2.59437638306e-06, 2.87181762815e-07, 4.7702648942e-08, 6.74059652539e-09, 1.6963743743e-09, 3.58552049162e-10, 4.00804493761e-11, 9.48869802175e-11, 5.64871760478e-10], "max": [0.331477075815, 17.2934436798, 104.807014465, 66.9107818604, 66.1907196045, 136.863937378, 284.32131958, 302.978302002, 373.889892578, 498.239868164, 1025.69665527, 1555.15881348, 1265.53735352, 879.655456543, 989.176208496, 1034.20068359, 1954.10644531, 1892.67480469, 2584.29614258, 292.042755127, 210.460693359, 44.3987960815, 26.4015083313, 4.72560787201, 5.65443229675, 1.34907400608, 1.03747010231, 0.611888587475, 0.515011012554, 0.31766089797, 0.121009111404, 0.0253582186997, 0.00655957171693, 0.00261762272567, 0.00093723036116, 0.000428370636655, 0.00023498153314, 8.18368280306e-05, 8.10959390947e-05, 0.000186943245353], "mean": [0.0179510638118, 0.850687026978, 4.84510183334, 6.25869655609, 5.98828458786, 15.1126089096, 36.3945884705, 38.9344558716, 57.4760437012, 54.8036880493, 64.7019119263, 67.643661499, 29.4469718933, 35.7680397034, 14.8413143158, 29.0206375122, 50.5788612366, 19.2593650818, 42.3094673157, 9.63686752319, 5.26916408539, 1.53664505482, 0.490261673927, 0.108409933746, 0.0585383400321, 0.0192417856306, 0.0123440520838, 0.01008124277, 0.00693313963711, 0.0033638922032, 0.00207140948623, 0.0010648611933, 0.00064341473626, 0.000375951756723, 0.000204971438507, 0.000112289875688, 5.77717655688e-05, 2.09280951822e-05, 1.75849454536e-05, 3.60615849786e-05], "median": [0.00231744209304, 0.160630077124, 2.1650083065, 4.09502410889, 4.2600069046, 11.2349081039, 30.920539856, 29.5608711243, 43.9677009583, 15.7153320312, 28.9713859558, 8.40147209167, 4.63960409164, 3.33755588531, 1.97064697742, 2.98794078827, 3.52506971359, 2.12583398819, 2.80518651009, 1.42858219147, 0.485198110342, 0.164254903793, 0.0457577481866, 0.00940255913883, 0.00468006078154, 0.00323282601312, 0.00275312014855, 0.00262235943228, 0.00242248503491, 0.0019838148728, 0.00138694094494, 0.000916719145607, 0.000569335650653, 0.000341339211445, 0.000200099690119, 0.000112738489406, 5.73999750486e-05, 2.04712887353e-05, 1.67894831975e-05, 3.41277263942e-05], "min": [5.49344155144e-22, 2.46704113534e-21, 7.6729952167e-21, 6.40654292479e-20, 1.01721049489e-19, 1.81932624241e-19, 5.01929525083e-19, 3.83221972749e-19, 1.32369590448e-19, 1.16894403451e-18, 1.66270354838e-18, 2.31580441461e-18, 1.9192817395e-18, 2.10124989374e-18, 6.11398183418e-18, 6.02953455186e-18, 5.97173365219e-18, 9.42813017562e-18, 1.0709792768e-17, 8.64404567299e-18, 4.47505952162e-18, 6.61106568354e-18, 1.09299154552e-17, 1.86656829012e-17, 1.76663180267e-17, 1.93565044441e-17, 1.43587800991e-17, 1.70531108406e-17, 1.77234034151e-17, 1.51653903842e-17, 1.4937674179e-17, 1.73496269661e-17, 1.42044414317e-17, 1.54169508977e-17, 1.02977319187e-17, 6.44988830041e-18, 2.88589129572e-18, 1.29024810678e-18, 4.42965247587e-19, 3.5336910199e-20], "var": [0.000948784581851, 2.24415111542, 58.5434074402, 47.1321334839, 36.5142440796, 211.132019043, 818.164916992, 1209.3581543, 2838.61425781, 4800.52685547, 10866.6035156, 25082.6425781, 6802.76855469, 6526.73828125, 2941.99145508, 6346.82763672, 14815.0292969, 4874.50634766, 19027.8046875, 426.751068115, 201.567260742, 12.5608587265, 2.23237633705, 0.0942745506763, 0.0403908230364, 0.00311226444319, 0.00217052642256, 0.00119760178495, 0.000457361922599, 7.14406705811e-05, 1.62632059073e-05, 9.21215416838e-07, 2.06660303093e-07, 6.27516030249e-08, 1.35489628406e-08, 3.47904260956e-09, 9.136370549e-10, 1.25039742449e-10, 1.08253905839e-10, 5.34704780453e-10]}, "gfcc": {"mean": [-180.320404053, 214.53692627, -82.9317474365, -38.812286377, -39.7743873596, -11.1904916763, -39.5062599182, -21.5534744263, -2.16363525391, -6.1462225914, -12.9283275604, -12.3676395416, -7.79035186768], "cov": [[20284.3789062, 5481.42626953, -3467.53881836, -908.917419434, 603.235351562, 89.2289505005, -1153.92736816, -435.607452393, -40.8491096497, -68.8198165894, -244.504348755, -144.519332886, -165.829650879], [5481.42626953, 2525.93945312, 422.887115479, 134.528610229, 15.1409254074, -36.4976768494, -317.659973145, -230.413024902, -90.5355224609, -33.7847480774, 10.7525625229, 60.2741661072, 61.9407501221], [-3467.53881836, 422.887115479, 3441.20019531, 1134.70947266, -558.232299805, -169.367355347, 274.930419922, -120.501121521, -205.881195068, -14.435095787, 173.261978149, 184.956542969, 223.14364624], [-908.917419434, 134.528610229, 1134.70947266, 715.165344238, 42.1853523254, -75.6759719849, 107.087776184, -37.8874053955, -57.8098373413, 11.6069002151, 71.0472183228, 93.5669708252, 103.83052063], [603.235351562, 15.1409254074, -558.232299805, 42.1853523254, 532.961975098, 179.009628296, -4.47955179214, 38.8409996033, 61.272277832, -1.44881188869, 2.43877482414, 34.3360481262, 30.3685112], [89.2289505005, -36.4976768494, -169.367355347, -75.6759719849, 179.009628296, 272.207397461, 129.194595337, 41.522983551, 12.0073642731, 7.8757557869, -16.8879566193, 26.8745956421, 28.9426269531], [-1153.92736816, -317.659973145, 274.930419922, 107.087776184, -4.47955179214, 129.194595337, 290.056884766, 123.770523071, -19.4682426453, -19.3041725159, 9.1569480896, 57.5294113159, 62.2517852783], [-435.607452393, -230.413024902, -120.501121521, -37.8874053955, 38.8409996033, 41.522983551, 123.770523071, 167.030441284, 49.1885604858, -45.2565231323, -45.1108856201, 15.038564682, 38.3549537659], [-40.8491096497, -90.5355224609, -205.881195068, -57.8098373413, 61.272277832, 12.0073642731, -19.4682426453, 49.1885604858, 139.041656494, 58.237121582, -59.6238899231, -58.2781066895, -18.1203746796], [-68.8198165894, -33.7847480774, -14.435095787, 11.6069002151, -1.44881188869, 7.8757557869, -19.3041725159, -45.2565231323, 58.237121582, 129.358001709, 26.5136299133, -58.3012428284, -56.0494880676], [-244.504348755, 10.7525625229, 173.261978149, 71.0472183228, 2.43877482414, -16.8879566193, 9.1569480896, -45.1108856201, -59.6238899231, 26.5136299133, 118.64389801, 52.8394546509, -15.9496631622], [-144.519332886, 60.2741661072, 184.956542969, 93.5669708252, 34.3360481262, 26.8745956421, 57.5294113159, 15.038564682, -58.2781066895, -58.3012428284, 52.8394546509, 122.25605011, 71.2634963989], [-165.829650879, 61.9407501221, 223.14364624, 103.83052063, 30.3685112, 28.9426269531, 62.2517852783, 38.3549537659, -18.1203746796, -56.0494880676, -15.9496631622, 71.2634963989, 111.756973267]], "icov": [[0.000571605749428, -0.00133274157997, 0.00126202963293, -0.00135661370587, 0.00116951705422, -0.00115389178973, 0.000834043661598, -0.000492805091199, 0.00042667821981, 0.000389790453482, -0.000451397878351, 0.000819971202873, -0.000309683935484], [-0.00133274157997, 0.00368786440231, -0.00308392732404, 0.00316310650669, -0.00275767617859, 0.00227506831288, -0.000846222101245, 0.00114695727825, -0.000494497886393, -0.00124866492115, 0.00159284111578, -0.0024327817373, 0.000507425633259], [0.00126202963293, -0.00308392732404, 0.00473767379299, -0.00624507293105, 0.00591133488342, -0.00489987852052, 0.00186145317275, 1.24092703118e-05, -0.00183560652658, 0.00429615657777, -0.0058179339394, 0.00493588298559, -0.00357485166751], [-0.00135661370587, 0.00316310650669, -0.00624507293105, 0.011628061533, -0.00980790518224, 0.0100971590728, -0.00542346248403, 0.0017924408894, 0.00426012091339, -0.00872034113854, 0.00990923214704, -0.00802757032216, 0.00320641393773], [0.00116951705422, -0.00275767617859, 0.00591133488342, -0.00980790518224, 0.0121601782739, -0.0111813656986, 0.00551850674674, -0.00109869625885, -0.00678863143548, 0.00943802949041, -0.0126524493098, 0.00800696574152, -0.0058112796396], [-0.00115389178973, 0.00227506831288, -0.00489987852052, 0.0100971590728, -0.0111813656986, 0.017287639901, -0.0106486286968, 0.00434113387018, 0.00503357686102, -0.0103208143264, 0.0134520661086, -0.00978749804199, 0.00423328904435], [0.000834043661598, -0.000846222101245, 0.00186145317275, -0.00542346248403, 0.00551850674674, -0.0106486286968, 0.0170120708644, -0.0129508068785, 0.00589299201965, -0.00304665486328, -0.00263077975251, 0.00094916386297, -0.00229784753174], [-0.000492805091199, 0.00114695727825, 1.24092703118e-05, 0.0017924408894, -0.00109869625885, 0.00434113387018, -0.0129508068785, 0.0226551219821, -0.0145826907828, 0.0127759641036, -0.00324687897228, 0.00186437426601, -0.00205314764753], [0.00042667821981, -0.000494497886393, -0.00183560652658, 0.00426012091339, -0.00678863143548, 0.00503357686102, 0.00589299201965, -0.0145826907828, 0.0321471691132, -0.0268688686192, 0.0229245815426, -0.00967574957758, 0.00405615149066], [0.000389790453482, -0.00124866492115, 0.00429615657777, -0.00872034113854, 0.00943802949041, -0.0103208143264, -0.00304665486328, 0.0127759641036, -0.0268688686192, 0.0400260165334, -0.0299748014659, 0.0228201691061, -0.00489704497159], [-0.000451397878351, 0.00159284111578, -0.0058179339394, 0.00990923214704, -0.0126524493098, 0.0134520661086, -0.00263077975251, -0.00324687897228, 0.0229245815426, -0.0299748014659, 0.0465027540922, -0.032757550478, 0.0196004807949], [0.000819971202873, -0.0024327817373, 0.00493588298559, -0.00802757032216, 0.00800696574152, -0.00978749804199, 0.00094916386297, 0.00186437426601, -0.00967574957758, 0.0228201691061, -0.032757550478, 0.0414160862565, -0.0218502301723], [-0.000309683935484, 0.000507425633259, -0.00357485166751, 0.00320641393773, -0.0058112796396, 0.00423328904435, -0.00229784753174, -0.00205314764753, 0.00405615149066, -0.00489704497159, 0.0196004807949, -0.0218502301723, 0.0297656115144]]}, "melbands": {"dmean": [0.000254928454524, 0.00178398028947, 0.000645175692625, 0.000398302625399, 0.000505723699462, 0.000294556433801, 0.000241462577833, 0.000135362090077, 0.000136215210659, 0.000110856977699, 3.74159608327e-05, 3.78638724214e-05, 1.40365891639e-05, 2.40479785134e-05, 3.19714999932e-05, 3.3720421925e-05, 1.31157412397e-05, 2.59630196524e-05, 1.14748518172e-05, 3.52617075805e-06, 2.28724184126e-06, 7.82467566296e-07, 3.83393114589e-07, 1.85794718277e-07, 3.68995856093e-08, 2.75789098225e-08, 1.30454509417e-08, 1.00244852419e-08, 7.29683247158e-09, 6.8303140921e-09, 5.61654545095e-09, 4.28691437904e-09, 1.72048764124e-09, 1.22442289641e-09, 8.82970918603e-10, 3.44581640999e-10, 2.07306463662e-10, 1.43056580471e-10, 1.02804841029e-10, 7.36119012967e-11], "dmean2": [0.00048822798999, 0.00344170513563, 0.00115530809853, 0.000693120062351, 0.000771579798311, 0.000417512812419, 0.000284050183836, 0.000169460006873, 0.000180544913746, 0.000160053285072, 5.68220166315e-05, 5.31796686118e-05, 2.04744574148e-05, 3.35848162649e-05, 4.38331553596e-05, 4.95014683111e-05, 1.79949311132e-05, 3.2893360185e-05, 1.51934427777e-05, 5.20982257513e-06, 3.41381496582e-06, 1.13804014745e-06, 5.74524221975e-07, 2.66386166459e-07, 5.80909897963e-08, 3.78891904518e-08, 1.99388381361e-08, 1.64735958208e-08, 1.26926966715e-08, 1.14830100983e-08, 9.17870845996e-09, 7.2432864151e-09, 3.04150704622e-09, 2.19123141854e-09, 1.54985591028e-09, 5.99528093836e-10, 3.61521090841e-10, 2.45600234594e-10, 1.76148096109e-10, 1.27283267259e-10], "dvar": [2.60733600044e-07, 1.11600065793e-05, 7.20955597444e-07, 2.21127976374e-07, 3.26941432149e-07, 1.20966262784e-07, 1.01963344434e-07, 6.60344596781e-08, 1.28768519403e-07, 1.65282187936e-07, 2.72961049319e-08, 1.99294980519e-08, 4.05523481462e-09, 1.263795113e-08, 1.2764970414e-08, 2.61578563254e-08, 7.48063744282e-09, 1.26269998901e-08, 2.08426320647e-09, 1.33451985573e-10, 8.4321459537e-11, 8.3207286547e-12, 2.10389561675e-12, 6.2637135062e-13, 2.14033468954e-14, 1.43677777331e-14, 2.0725513438e-15, 1.71638288333e-15, 1.05910998609e-15, 1.26536589688e-15, 5.43007940892e-16, 3.03648606096e-16, 4.64467604951e-17, 2.5755304002e-17, 1.1954686355e-17, 1.17008440638e-18, 1.97324284091e-19, 6.17059934858e-20, 2.65251490039e-20, 1.02292014138e-20], "dvar2": [9.55867449193e-07, 4.29451647506e-05, 2.44114448833e-06, 6.69776113682e-07, 7.95861183178e-07, 2.99506297097e-07, 2.57046252727e-07, 1.16497304248e-07, 2.28085312415e-07, 3.5681313193e-07, 5.21939398368e-08, 3.89245187193e-08, 7.1898074161e-09, 2.66675499461e-08, 2.76991496406e-08, 6.38922017515e-08, 1.34023592224e-08, 2.26285905569e-08, 3.76337405683e-09, 2.76661055176e-10, 1.85901322114e-10, 1.84907974349e-11, 4.58232887399e-12, 1.30133935312e-12, 5.34602879543e-14, 2.91303676873e-14, 5.08490437731e-15, 4.75912152975e-15, 2.99750412242e-15, 3.48019580005e-15, 1.40481578972e-15, 8.2500241439e-16, 1.32242727723e-16, 7.20739276028e-17, 3.30375870479e-17, 3.23032950958e-18, 5.64327067411e-19, 1.75300729529e-19, 7.53930925878e-20, 2.82316775376e-20], "max": [0.00874358508736, 0.042840320617, 0.010760740377, 0.00595781719312, 0.00820123590529, 0.00702449399978, 0.00575881032273, 0.00622709933668, 0.0077907871455, 0.00930129457265, 0.00623788079247, 0.00387828284875, 0.00264868955128, 0.00340626575053, 0.0027849196922, 0.00593820074573, 0.00433502625674, 0.00391658162698, 0.0015024485765, 0.000309664639644, 0.000233876911807, 6.51499649393e-05, 4.10349712183e-05, 1.86316337931e-05, 3.0426003832e-06, 5.3471121646e-06, 1.0820863281e-06, 9.84768803391e-07, 7.05931483935e-07, 8.29721102491e-07, 4.23206074629e-07, 3.92230020907e-07, 1.78220531666e-07, 1.54402073349e-07, 9.37899145015e-08, 2.91789525875e-08, 1.1145109724e-08, 5.61556756651e-09, 3.24522897444e-09, 1.72465841608e-09], "mean": [0.000441496813437, 0.0021448165644, 0.00105914624874, 0.000678625481669, 0.00118077290244, 0.000973822316155, 0.000814004277345, 0.000637461664155, 0.000533572572749, 0.00038223125739, 0.000135522524943, 0.000152297841851, 4.01290380978e-05, 6.22450315859e-05, 9.327843145e-05, 9.40184399951e-05, 2.82732617052e-05, 6.56671109027e-05, 2.76144492091e-05, 8.36524941406e-06, 5.31645082447e-06, 1.79695439328e-06, 6.84588258082e-07, 2.75390704019e-07, 5.44607878794e-08, 5.00741705878e-08, 1.87597777312e-08, 1.1339182926e-08, 7.29324423077e-09, 6.87411150224e-09, 6.07767924876e-09, 4.54408866091e-09, 2.28535168567e-09, 1.65992064538e-09, 1.29309463137e-09, 7.82358733353e-10, 5.75581249329e-10, 4.5249351488e-10, 3.5966771228e-10, 2.78267492382e-10], "median": [3.55321826646e-05, 0.000897392281331, 0.000709496089257, 0.000514226325322, 0.00101031304803, 0.000740683171898, 0.000607594265603, 0.000183900076081, 0.000198459631065, 3.10173854814e-05, 1.60163581313e-05, 9.66144398262e-06, 2.60086517301e-06, 3.37157894137e-06, 7.77494278736e-06, 3.28053101839e-06, 6.13977590547e-07, 2.99725888908e-06, 1.82401345228e-06, 3.35163406362e-07, 2.44246564307e-07, 1.14163249521e-07, 3.97447621481e-08, 1.03409121266e-08, 3.23138027447e-09, 3.32086802501e-09, 2.33248242942e-09, 1.95875271558e-09, 1.64435365324e-09, 1.53772283795e-09, 1.45286249698e-09, 1.38067157707e-09, 1.16184140087e-09, 1.033344188e-09, 7.90326915023e-10, 6.44665321126e-10, 5.0056081502e-10, 3.94775934165e-10, 3.17059212218e-10, 2.51212550761e-10], "min": [4.5495860602e-24, 3.71047747633e-24, 1.31443593345e-23, 8.33610460019e-24, 1.60969655174e-23, 8.91196043923e-24, 1.98894257577e-24, 1.62592594492e-23, 1.55848196628e-23, 1.49978787503e-23, 9.46325351626e-24, 7.33198406432e-24, 1.6728448672e-23, 2.15686546396e-23, 1.09533036923e-23, 1.62656855101e-23, 1.63298120131e-23, 1.62512130679e-23, 1.76673256779e-23, 7.66490545443e-24, 4.40771297627e-24, 5.62547361135e-24, 8.60877673867e-24, 1.13433046909e-23, 1.57889153339e-23, 1.41681422284e-23, 1.04512237028e-23, 1.42181055227e-23, 1.00600938442e-23, 7.82013908108e-24, 1.04962187511e-23, 9.98733089206e-24, 9.20217289993e-24, 8.335345716e-24, 8.07103708085e-24, 9.72744382228e-24, 1.10274510953e-23, 9.09756915504e-24, 1.13116271924e-23, 1.39119249396e-23], "var": [6.15578130692e-07, 1.14463964564e-05, 1.23113227346e-06, 3.96429811644e-07, 8.73867008977e-07, 7.16293243386e-07, 6.09543121755e-07, 6.79643733292e-07, 7.48365664549e-07, 8.61547846398e-07, 1.66220047504e-07, 1.27661166971e-07, 2.35573125451e-08, 4.38004228442e-08, 4.42393996991e-08, 6.81448568685e-08, 2.33356924895e-08, 4.41881375934e-08, 7.17740977763e-09, 4.57396343023e-10, 2.45494069517e-10, 2.34363362051e-11, 4.72183316752e-12, 1.22925530432e-12, 3.14645024987e-14, 3.32339035035e-14, 2.96926340869e-15, 1.38902762498e-15, 7.17810871371e-16, 9.45954007637e-16, 5.05141015348e-16, 2.36975016458e-16, 3.52701938433e-17, 1.72627945085e-17, 8.75769284452e-18, 9.83742017669e-19, 2.23504408307e-19, 1.14509507328e-19, 6.99153022387e-20, 3.66817281604e-20]}, "mfcc": {"mean": [-833.722412109, 251.797576904, 24.2151832581, -10.1652593613, 8.30909252167, -0.999724268913, -21.9063930511, -16.3156681061, -2.60105252266, -2.00805926323, -2.40047979355, -2.58024096489, -2.87777233124], "cov": [[8042.04931641, 4105.51904297, -2428.30517578, -645.245666504, 404.114196777, 16.6483058929, -521.821289062, -297.039794922, -127.961112976, -209.578887939, -41.2745628357, 24.8243293762, -2.94060611725], [4105.51904297, 3349.46142578, 252.478713989, -61.3248291016, 253.150634766, 48.0694999695, -218.006530762, -205.20880127, -158.669143677, -180.526062012, -124.903877258, -40.1052436829, 6.66205501556], [-2428.30517578, 252.478713989, 3008.07568359, 1031.94067383, -54.0741844177, 89.1659698486, 243.526565552, -6.19903039932, -120.04499054, -59.8250694275, -105.810897827, -92.1600418091, 11.3206653595], [-645.245666504, -61.3248291016, 1031.94067383, 834.833251953, 202.277282715, 89.3164367676, 122.986701965, 12.853600502, -45.6570510864, -19.4718494415, -10.7959623337, -33.5055809021, 22.5276031494], [404.114196777, 253.150634766, -54.0741844177, 202.277282715, 363.962738037, 164.565841675, 39.1315498352, 32.3682937622, 35.6664657593, 31.4347782135, 25.9154148102, 21.9105625153, 21.096370697], [16.6483058929, 48.0694999695, 89.1659698486, 89.3164367676, 164.565841675, 242.083816528, 124.636077881, 26.8067760468, 37.0146636963, 39.2275848389, 60.0302505493, 53.7172050476, 13.8814067841], [-521.821289062, -218.006530762, 243.526565552, 122.986701965, 39.1315498352, 124.636077881, 255.447021484, 152.206665039, 25.6226291656, 9.15899848938, -0.67965555191, 17.9605541229, 21.9056854248], [-297.039794922, -205.20880127, -6.19903039932, 12.853600502, 32.3682937622, 26.8067760468, 152.206665039, 239.768157959, 142.57673645, 27.159942627, -43.8661689758, -43.544593811, -7.45361852646], [-127.961112976, -158.669143677, -120.04499054, -45.6570510864, 35.6664657593, 37.0146636963, 25.6226291656, 142.57673645, 237.450790405, 137.966491699, 9.24799346924, -53.7775497437, -36.7228775024], [-209.578887939, -180.526062012, -59.8250694275, -19.4718494415, 31.4347782135, 39.2275848389, 9.15899848938, 27.159942627, 137.966491699, 185.225204468, 83.4670562744, -25.8082141876, -32.8749160767], [-41.2745628357, -124.903877258, -105.810897827, -10.7959623337, 25.9154148102, 60.0302505493, -0.67965555191, -43.8661689758, 9.24799346924, 83.4670562744, 144.570251465, 86.6653366089, -6.95400238037], [24.8243293762, -40.1052436829, -92.1600418091, -33.5055809021, 21.9105625153, 53.7172050476, 17.9605541229, -43.544593811, -53.7775497437, -25.8082141876, 86.6653366089, 159.453948975, 67.8497314453], [-2.94060611725, 6.66205501556, 11.3206653595, 22.5276031494, 21.096370697, 13.8814067841, 21.9056854248, -7.45361852646, -36.7228775024, -32.8749160767, -6.95400238037, 67.8497314453, 125.58870697]], "icov": [[0.16933812201, -0.237781703472, 0.23389685154, -0.227130621672, 0.215967297554, -0.200544342399, 0.177062138915, -0.151922300458, 0.12425159663, -0.0958053842187, 0.0705414563417, -0.0429617166519, 0.0205938387662], [-0.237781703472, 0.334329783916, -0.328638285398, 0.319389790297, -0.303994357586, 0.281702190638, -0.248567208648, 0.213884562254, -0.174846023321, 0.135421648622, -0.0993487164378, 0.0608637370169, -0.0290516391397], [0.23389685154, -0.328638285398, 0.324012845755, -0.315231740475, 0.299888432026, -0.278125137091, 0.244961977005, -0.210598006845, 0.17293600738, -0.13440451026, 0.0997199639678, -0.0606494657695, 0.0290606245399], [-0.227130621672, 0.319389790297, -0.315231740475, 0.309056550264, -0.294148385525, 0.272665917873, -0.241577237844, 0.208298042417, -0.171146258712, 0.135047197342, -0.10107960552, 0.0628253594041, -0.0297423843294], [0.215967297554, -0.303994357586, 0.299888432026, -0.294148385525, 0.285362482071, -0.265370428562, 0.234758153558, -0.203812807798, 0.167734116316, -0.132887199521, 0.0987068936229, -0.0609433427453, 0.0279178451747], [-0.200544342399, 0.281702190638, -0.278125137091, 0.272665917873, -0.265370428562, 0.256868720055, -0.228301808238, 0.198227703571, -0.164980486035, 0.129363879561, -0.0972433015704, 0.0579399168491, -0.0267721544951], [0.177062138915, -0.248567208648, 0.244961977005, -0.241577237844, 0.234758153558, -0.228301808238, 0.215047448874, -0.188783794641, 0.156024843454, -0.122941188514, 0.0899923890829, -0.0572186037898, 0.0250058919191], [-0.151922300458, 0.213884562254, -0.210598006845, 0.208298042417, -0.203812807798, 0.198227703571, -0.188783794641, 0.175453290343, -0.145650878549, 0.114395409822, -0.0799444168806, 0.052568398416, -0.0230867434293], [0.12425159663, -0.174846023321, 0.17293600738, -0.171146258712, 0.167734116316, -0.164980486035, 0.156024843454, -0.145650878549, 0.132049247622, -0.107649095356, 0.0769422352314, -0.0483505688608, 0.0223109163344], [-0.0958053842187, 0.135421648622, -0.13440451026, 0.135047197342, -0.132887199521, 0.129363879561, -0.122941188514, 0.114395409822, -0.107649095356, 0.104603238404, -0.0815503150225, 0.0542602054775, -0.0232043229043], [0.0705414563417, -0.0993487164378, 0.0997199639678, -0.10107960552, 0.0987068936229, -0.0972433015704, 0.0899923890829, -0.0799444168806, 0.0769422352314, -0.0815503150225, 0.0815528333187, -0.0545213930309, 0.0249126181006], [-0.0429617166519, 0.0608637370169, -0.0606494657695, 0.0628253594041, -0.0609433427453, 0.0579399168491, -0.0572186037898, 0.052568398416, -0.0483505688608, 0.0542602054775, -0.0545213930309, 0.0473985373974, -0.021664230153], [0.0205938387662, -0.0290516391397, 0.0290606245399, -0.0297423843294, 0.0279178451747, -0.0267721544951, 0.0250058919191, -0.0230867434293, 0.0223109163344, -0.0232043229043, 0.0249126181006, -0.021664230153, 0.0187723524868]]}, "spectral_contrast_coeffs": {"dmean": [0.0462005883455, 0.0352664813399, 0.0461016111076, 0.055850662291, 0.0194059852511, 0.0163879077882], "dmean2": [0.0798015370965, 0.0566981136799, 0.0726605802774, 0.0874669030309, 0.0288249477744, 0.0267595294863], "dvar": [0.00130885711405, 0.000957071664743, 0.00231120246463, 0.00303422659636, 0.000449498504167, 0.000384385377401], "dvar2": [0.00393107207492, 0.00244210427627, 0.00567800085992, 0.00695473514497, 0.000818767701276, 0.000971913686953], "max": [-0.198078662157, -0.353636801243, -0.353758096695, -0.392226755619, -0.577451646328, -0.642494857311], "mean": [-0.576646387577, -0.657586097717, -0.641188323498, -0.671561419964, -0.80031901598, -0.837773621082], "median": [-0.586954116821, -0.655634880066, -0.648446440697, -0.668265223503, -0.804976224899, -0.842954158783], "min": [-0.987501323223, -0.965138137341, -0.975279033184, -0.967693686485, -0.969440102577, -0.961325824261], "var": [0.0161636397243, 0.00658434210345, 0.0101956110448, 0.0136276073754, 0.00617859791964, 0.000959681463428]}, "spectral_contrast_valleys": {"dmean": [0.375043809414, 0.294280141592, 0.557299852371, 0.748643875122, 0.35077804327, 0.136688858271], "dmean2": [0.638700425625, 0.464822918177, 0.89560174942, 1.21129357815, 0.571496546268, 0.234341204166], "dvar": [0.119395770133, 0.0977957993746, 0.383612513542, 0.60269010067, 0.20764772594, 0.0335388369858], "dvar2": [0.325506031513, 0.218251362443, 0.938022434711, 1.3967114687, 0.469714790583, 0.0600031465292], "max": [-5.4338092804, -4.53419780731, -5.40703630447, -5.89388179779, -8.167