{"lowlevel": {"average_loudness": 0.56264269352, "barkbands_crest": {"dmean": 1.69500088692, "dmean2": 2.47576522827, "dvar": 4.06975889206, "dvar2": 8.6497926712, "max": 26.8596324921, "mean": 18.8628520966, "median": 19.2119541168, "min": 4.79012680054, "var": 30.2600498199}, "barkbands_flatness_db": {"dmean": 0.0212416965514, "dmean2": 0.0294338855892, "dvar": 0.000498241977766, "dvar2": 0.000960188044701, "max": 0.51302587986, "mean": 0.336519896984, "median": 0.338516354561, "min": 0.0599971786141, "var": 0.0034405970946}, "barkbands_kurtosis": {"dmean": 13.0327177048, "dmean2": 17.7202644348, "dvar": 461.145172119, "dvar2": 769.489440918, "max": 918.183837891, "mean": 38.9594612122, "median": 20.8597221375, "min": -1.81986236572, "var": 3093.87573242}, "barkbands_skewness": {"dmean": 0.758598268032, "dmean2": 1.01505494118, "dvar": 0.653446912766, "dvar2": 1.12878167629, "max": 23.0148715973, "mean": 2.43481874466, "median": 2.22762465477, "min": -7.54038667679, "var": 5.25416898727}, "barkbands_spread": {"dmean": 0.77504992485, "dmean2": 1.11868298054, "dvar": 3.57885861397, "dvar2": 7.28352212906, "max": 84.6458129883, "mean": 2.71658062935, "median": 1.67238783836, "min": 0.103592447937, "var": 22.3406543732}, "dissonance": {"dmean": 0.0499927774072, "dmean2": 0.0845591202378, "dvar": 0.00229824031703, "dvar2": 0.00605791248381, "max": 0.499981999397, "mean": 0.354075670242, "median": 0.34645190835, "min": 0.106926217675, "var": 0.00657781912014}, "dynamic_complexity": 7.21985530853, "erbbands_crest": {"dmean": 2.3417429924, "dmean2": 3.57890462875, "dvar": 7.11460208893, "dvar2": 15.9926424026, "max": 34.424571991, "mean": 20.466753006, "median": 20.6080741882, "min": 2.60514068604, "var": 48.7009963989}, "erbbands_flatness_db": {"dmean": 0.0193939991295, "dmean2": 0.0270226038992, "dvar": 0.000419780757511, "dvar2": 0.000824099814054, "max": 0.518455803394, "mean": 0.332464665174, "median": 0.341659128666, "min": 0.09093683213, "var": 0.00453534908593}, "erbbands_kurtosis": {"dmean": 9.43128204346, "dmean2": 13.743765831, "dvar": 192.459732056, "dvar2": 386.7527771, "max": 252.458358765, "mean": 30.109172821, "median": 12.9033250809, "min": -1.65415728092, "var": 1562.75415039}, "erbbands_skewness": {"dmean": 0.684731483459, "dmean2": 0.983485758305, "dvar": 0.510147511959, "dvar2": 1.02259027958, "max": 12.7336816788, "mean": 3.32967782021, "median": 2.68955683708, "min": -3.43803334236, "var": 6.4073972702}, "erbbands_spread": {"dmean": 2.05471014977, "dmean2": 3.06836342812, "dvar": 16.3995704651, "dvar2": 33.4437561035, "max": 91.7487030029, "mean": 7.60676050186, "median": 4.7941865921, "min": 0.39056584239, "var": 81.0166015625}, "hfc": {"dmean": 2.27846622467, "dmean2": 2.92930746078, "dvar": 14.5044088364, "dvar2": 24.0517139435, "max": 104.569282532, "mean": 9.1385307312, "median": 5.84207963943, "min": 1.17845960181e-16, "var": 125.645141602}, "melbands_crest": {"dmean": 2.01092553139, "dmean2": 2.98578953743, "dvar": 5.98189496994, "dvar2": 12.2476587296, "max": 35.0923080444, "mean": 21.9955215454, "median": 21.3291835785, "min": 2.13121128082, "var": 43.310508728}, "melbands_flatness_db": {"dmean": 0.0218091960996, "dmean2": 0.0297679752111, "dvar": 0.000539386761375, "dvar2": 0.00101070245728, "max": 0.582682073116, "mean": 0.413588047028, "median": 0.419601380825, "min": 0.00685923825949, "var": 0.00399426743388}, "melbands_kurtosis": {"dmean": 9.86120796204, "dmean2": 13.5338163376, "dvar": 177.710281372, "dvar2": 325.859710693, "max": 375.451507568, "mean": 30.9854335785, "median": 20.1135139465, "min": -1.83305084705, "var": 1217.65856934}, "melbands_skewness": {"dmean": 0.628968536854, "dmean2": 0.847991645336, "dvar": 0.374230116606, "dvar2": 0.675526916981, "max": 12.1997413635, "mean": 1.64762485027, "median": 1.69926774502, "min": -4.66169214249, "var": 4.16187667847}, "melbands_spread": {"dmean": 1.00557541847, "dmean2": 1.4597350359, "dvar": 6.33425664902, "dvar2": 12.5124721527, "max": 148.839691162, "mean": 3.95299816132, "median": 2.24546575546, "min": 0.32644867897, "var": 83.6150741577}, "pitch_salience": {"dmean": 0.053574219346, "dmean2": 0.0782198607922, "dvar": 0.00323624792509, "dvar2": 0.00699173472822, "max": 0.814752280712, "mean": 0.329985022545, "median": 0.323384195566, "min": 0.0308673717082, "var": 0.0260938238353}, "silence_rate_20dB": {"dmean": 0, "dmean2": 0, "dvar": 0, "dvar2": 0, "max": 1, "mean": 1, "median": 1, "min": 1, "var": 0}, "silence_rate_30dB": {"dmean": 0.00247639673762, "dmean2": 0.00495317718014, "dvar": 0.00246995990165, "dvar2": 0.00570191862062, "max": 1, "mean": 0.997059524059, "median": 1, "min": 0, "var": 0.00293188379146}, "silence_rate_60dB": {"dmean": 0.0269308164716, "dmean2": 0.053865801543, "dvar": 0.0262094344944, "dvar2": 0.0551482215524, "max": 1, "mean": 0.287007659674, "median": 0, "min": 0, "var": 0.204631105065}, "spectral_centroid": {"dmean": 31.1127719879, "dmean2": 43.8348922729, "dvar": 9839.39550781, "dvar2": 16204.3447266, "max": 10746.9804688, "mean": 479.722229004, "median": 413.105773926, "min": 165.623565674, "var": 101081.429688}, "spectral_complexity": {"dmean": 0.648661196232, "dmean2": 1.11725103855, "dvar": 0.550501167774, "dvar2": 1.23618102074, "max": 13, "mean": 3.86318969727, "median": 4, "min": 0, "var": 2.94101595879}, "spectral_decrease": {"dmean": 1.16985099385e-09, "dmean2": 1.53469670305e-09, "dvar": 2.93959082711e-18, "dvar2": 5.02501675573e-18, "max": 7.37227144319e-21, "mean": -4.70862993041e-09, "median": -3.52536644321e-09, "min": -3.71649697684e-08, "var": 2.37795417499e-17}, "spectral_energy": {"dmean": 0.00462056975812, "dmean2": 0.00605611922219, "dvar": 4.61819909106e-05, "dvar2": 7.87708922871e-05, "max": 0.147461861372, "mean": 0.0186003241688, "median": 0.0138900522143, "min": 1.0338058867e-20, "var": 0.000374286988517}, "spectral_energyband_high": {"dmean": 3.56211785402e-06, "dmean2": 4.86692897539e-06, "dvar": 7.26571094956e-11, "dvar2": 1.34218497427e-10, "max": 0.000265584618319, "mean": 1.07863434096e-05, "median": 3.1809831853e-06, "min": 7.46642786135e-21, "var": 3.50458551068e-10}, "spectral_energyband_low": {"dmean": 6.65797560941e-05, "dmean2": 6.81957462803e-05, "dvar": 3.38866601446e-09, "dvar2": 3.63048502372e-09, "max": 0.00125249754637, "mean": 0.000310933945002, "median": 0.000285324989818, "min": 4.01107623748e-23, "var": 3.36709398141e-08}, "spectral_energyband_middle_high": {"dmean": 0.000387131760363, "dmean2": 0.000518932356499, "dvar": 3.91617186324e-06, "dvar2": 7.43220107324e-06, "max": 0.106408514082, "mean": 0.00128033675719, "median": 0.000116342518595, "min": 1.6071977938e-21, "var": 3.80506353395e-05}, "spectral_energyband_middle_low": {"dmean": 0.00441363733262, "dmean2": 0.00578824151307, "dvar": 4.33111708844e-05, "dvar2": 7.3431088822e-05, "max": 0.146907821298, "mean": 0.0172974485904, "median": 0.0125806638971, "min": 2.84762681401e-22, "var": 0.000348909554305}, "spectral_entropy": {"dmean": 0.223186299205, "dmean2": 0.313798159361, "dvar": 0.0538887865841, "dvar2": 0.102494493127, "max": 9.79902267456, "mean": 5.66467428207, "median": 5.63619947433, "min": 3.74296975136, "var": 0.399973213673}, "spectral_flux": {"dmean": 0.0174838770181, "dmean2": 0.029026824981, "dvar": 0.000712274108082, "dvar2": 0.0019135697512, "max": 0.342757493258, "mean": 0.0310597158968, "median": 0.0215925835073, "min": 1.01676243813e-10, "var": 0.000998695613816}, "spectral_kurtosis": {"dmean": 7.65398740768, "dmean2": 12.9633264542, "dvar": 63.6149978638, "dvar2": 178.598083496, "max": 108.99446106, "mean": 21.0962963104, "median": 16.5499954224, "min": -1.16941249371, "var": 251.722351074}, "spectral_rms": {"dmean": 0.000495875487104, "dmean2": 0.000644079002086, "dvar": 3.71086201767e-07, "dvar2": 6.41050803551e-07, "max": 0.0119943832979, "mean": 0.00358449830674, "median": 0.00368120498024, "min": 3.17583221006e-12, "var": 5.29807130079e-06}, "spectral_rolloff": {"dmean": 42.977432251, "dmean2": 76.369392395, "dvar": 54485.6875, "dvar2": 81186.78125, "max": 19466.015625, "mean": 513.873413086, "median": 430.6640625, "min": 129.19921875, "var": 260425.296875}, "spectral_skewness": {"dmean": 0.590145349503, "dmean2": 0.979861617088, "dvar": 0.293818056583, "dvar2": 0.797742486, "max": 8.71000289917, "mean": 3.4068748951, "median": 3.21918082237, "min": 0.0302052106708, "var": 1.5359171629}, "spectral_spread": {"dmean": 376919.59375, "dmean2": 609870.0625, "dvar": 216975310848, "dvar2": 400644866048, "max": 40477752, "mean": 2707739, "median": 2550417.25, "min": 808021.4375, "var": 983077617664}, "spectral_strongpeak": {"dmean": 0.373899161816, "dmean2": 0.536384284496, "dvar": 0.308804482222, "dvar2": 0.652971446514, "max": 12.0208463669, "mean": 1.76953530312, "median": 1.45638787746, "min": 0, "var": 2.71769428253}, "zerocrossingrate": {"dmean": 0.00154952402227, "dmean2": 0.00194299733266, "dvar": 2.73002460744e-05, "dvar2": 2.84509787889e-05, "max": 0.50390625, "mean": 0.0208715572953, "median": 0.01806640625, "min": 0.00537109375, "var": 0.000274699239526}, "barkbands": {"dmean": [1.80677972139e-07, 1.63108743436e-05, 4.85281016154e-05, 1.55897123477e-05, 0.000185723678442, 0.00187776307575, 0.000986710423604, 0.00118682300672, 0.000801956048235, 0.000282262015389, 0.00015065545449, 3.73924558517e-05, 9.78955358732e-06, 4.3725121941e-06, 3.47719615093e-05, 4.3971967898e-06, 2.91571404887e-06, 2.16493253902e-06, 1.79084383944e-06, 1.85458236501e-06, 1.4221618585e-06, 9.79695300884e-07, 5.90891374941e-07, 1.93659872139e-07, 2.30847533089e-07, 4.45974812635e-08, 4.8759081217e-09], "dmean2": [3.02896467019e-07, 2.26079173444e-05, 4.81834395032e-05, 1.98832931346e-05, 0.000251143443165, 0.00257978215814, 0.00132432219107, 0.0014169011265, 0.00100659148302, 0.000386807980249, 0.000206854194403, 4.95045787829e-05, 1.41526161315e-05, 6.73217482472e-06, 4.31880725955e-05, 6.86278917783e-06, 4.44633315055e-06, 3.22808841702e-06, 2.77826097772e-06, 2.86526164928e-06, 2.14136275645e-06, 1.44940531754e-06, 8.59011379362e-07, 2.75242399539e-07, 3.25340465679e-07, 6.24082900913e-08, 6.94054325123e-09], "dvar": [4.60421089275e-14, 2.65670374588e-10, 1.91854954146e-09, 2.07365374871e-10, 4.25804500992e-07, 1.45255080497e-05, 1.17133058666e-05, 1.85604894796e-05, 8.84072142071e-06, 3.03847104988e-06, 2.29806005336e-06, 2.70164601801e-08, 1.30198141157e-09, 3.07274816702e-10, 1.13711216443e-07, 2.17401555092e-10, 8.19205397962e-11, 1.80873135913e-10, 2.47001377685e-11, 1.84488899851e-11, 1.63505927547e-11, 7.20498357157e-12, 2.86788127968e-12, 2.90224631437e-13, 1.52426931754e-12, 2.42902011981e-14, 4.23696415189e-16], "dvar2": [1.12497888067e-13, 4.95419372193e-10, 1.74530578878e-09, 3.47865847239e-10, 7.3016872193e-07, 2.71806566161e-05, 2.06737040571e-05, 2.41108282353e-05, 1.32498953462e-05, 5.65676600672e-06, 4.25627513323e-06, 3.94379497948e-08, 2.36962294231e-09, 6.51850851074e-10, 1.46814201685e-07, 4.99303542956e-10, 1.73885961186e-10, 3.53303081235e-10, 5.39754491102e-11, 4.07903433253e-11, 3.61835977847e-11, 1.55792601042e-11, 5.97510495942e-12, 6.00997387707e-13, 3.8120153735e-12, 5.07385610306e-14, 9.64745115934e-16], "max": [1.3730838873e-05, 0.000402345525799, 0.000935434130952, 0.000253270321991, 0.0337429828942, 0.0873148739338, 0.139137744904, 0.145803704858, 0.0999768897891, 0.0818280801177, 0.103090211749, 0.0073021762073, 0.00149550370406, 0.000812617363408, 0.0234022922814, 0.000592832395341, 0.000326664099703, 0.00110301852692, 0.000219004519749, 0.000152412976604, 0.000193010870134, 8.79431900103e-05, 6.22807347099e-05, 1.42018425322e-05, 8.40466236696e-05, 7.61007822803e-06, 1.66766892562e-06], "mean": [2.6117064067e-07, 6.27056651865e-05, 0.000202137744054, 5.12116239406e-05, 0.000649273046292, 0.0068458984606, 0.00314233382232, 0.00379013014026, 0.00242941523902, 0.000892033509444, 0.000311327312374, 7.29496896383e-05, 1.77238325705e-05, 7.48558977648e-06, 9.10270828172e-05, 7.60841112424e-06, 6.00581006438e-06, 4.3197260311e-06, 3.92409447159e-06, 4.00878116125e-06, 3.27856946569e-06, 2.36959476752e-06, 1.53105781919e-06, 5.17775617936e-07, 5.93572394791e-07, 1.24029966742e-07, 1.47130636563e-08], "median": [1.97309702799e-07, 4.64573204226e-05, 0.000173951790202, 4.36987102148e-05, 4.89108278998e-05, 0.000345301174093, 2.39118962782e-05, 4.46408266725e-05, 6.14568198216e-05, 7.71759005147e-06, 6.54252289678e-06, 5.47630133951e-06, 2.36269852394e-06, 1.98575025934e-06, 3.48491039404e-06, 2.32843649428e-06, 1.71478063749e-06, 1.150820367e-06, 1.3897779354e-06, 1.50462551574e-06, 9.93274056782e-07, 6.34925811482e-07, 3.09287287337e-07, 1.04099484588e-07, 7.82614293371e-08, 1.80112280646e-08, 4.95615637419e-09], "min": [2.35754414463e-24, 1.56476335012e-23, 1.65603329468e-23, 1.30010335632e-23, 2.39283647991e-23, 6.49192892625e-23, 3.47140008391e-23, 5.11565884072e-23, 8.33606294834e-23, 7.6115775106e-23, 8.65373281725e-23, 5.75934472692e-23, 9.26889159985e-23, 1.24536701179e-22, 6.82491784285e-23, 1.02936623054e-22, 2.97116091715e-22, 1.65520499073e-22, 3.05068137806e-22, 4.08603266473e-22, 3.1647794426e-22, 3.4706403793e-22, 5.11907113745e-22, 9.26908887818e-22, 1.10451694477e-21, 1.64422725286e-21, 2.63461568937e-21], "var": [7.07882171391e-14, 3.09898506856e-09, 1.99183958216e-08, 1.33223987397e-09, 4.80747257825e-06, 0.000123585195979, 0.000102295860415, 0.000152635941049, 6.11160357948e-05, 2.52283680311e-05, 7.21409014659e-06, 1.13142093028e-07, 4.39274572273e-09, 6.89279300303e-10, 8.10042195099e-07, 4.68995675629e-10, 2.81224626919e-10, 5.17548948142e-10, 9.24084558873e-11, 5.14086620496e-11, 4.72047435862e-11, 2.18212756892e-11, 1.03766327128e-11, 1.15744230606e-12, 2.54204513342e-12, 8.87947755688e-14, 1.25108746249e-15]}, "erbbands": {"dmean": [0.00050939549692, 0.00387846841477, 0.0334940515459, 0.0802773833275, 0.0381643138826, 0.589307665825, 8.04238033295, 17.1478843689, 15.1952028275, 19.0508861542, 25.5976028442, 15.5648241043, 9.53751373291, 8.30241775513, 4.37515878677, 0.985193133354, 0.393298685551, 0.326933503151, 1.7880333662, 0.624560296535, 0.194916963577, 0.152549371123, 0.13618645072, 0.087343737483, 0.0864735841751, 0.0886223390698, 0.0777025967836, 0.0398741737008, 0.0380996316671, 0.0267473403364, 0.0155487991869, 0.00609956122935, 0.002426546067, 0.00295121362433, 0.00158041995019, 0.000362470716937, 4.85038581246e-05, 5.98454289502e-06, 2.69486963589e-06, 5.20523099112e-06], "dmean2": [0.000703206867911, 0.00547709874809, 0.0360894873738, 0.0812750682235, 0.0432945340872, 0.776563823223, 11.6756238937, 22.5353279114, 20.0625343323, 24.4973526001, 30.9861106873, 19.2868671417, 12.0893001556, 11.7937831879, 5.98788499832, 1.35232710838, 0.562169909477, 0.468680381775, 2.20032787323, 0.859804570675, 0.295859277248, 0.227764710784, 0.203121632338, 0.136462122202, 0.130886897445, 0.135974109173, 0.1185509637, 0.0595554225147, 0.0568325929344, 0.0395544581115, 0.0226765852422, 0.00870707258582, 0.00341830891557, 0.00436456082389, 0.00228756060824, 0.000509553530719, 6.63707178319e-05, 8.06759180705e-06, 3.49885294781e-06, 6.80782750351e-06], "dvar": [2.4405824206e-07, 1.45160329339e-05, 0.000935668824241, 0.00504069961607, 0.00255031115375, 4.12437677383, 413.884033203, 1848.45983887, 1976.88256836, 5893.89501953, 7371.63916016, 2762.26269531, 2677.94018555, 3801.04345703, 1232.73474121, 11.3055534363, 1.77933168411, 1.66327166557, 309.079162598, 15.6564064026, 0.349499046803, 0.190663188696, 0.743966639042, 0.0856700390577, 0.0580560490489, 0.0425069704652, 0.0442976690829, 0.0115229589865, 0.0124316420406, 0.00493697635829, 0.00213696341962, 0.000285756395897, 5.26058865944e-05, 0.000263052701484, 5.46535520698e-05, 1.6359502979e-06, 2.57243257806e-08, 5.16879705703e-10, 2.30104390403e-11, 5.90617624252e-11], "dvar2": [4.48150103693e-07, 2.81373013422e-05, 0.00106235966086, 0.00484509160742, 0.00380876753479, 6.57740592957, 864.358947754, 3037.04052734, 3255.89282227, 9858.17773438, 10338.3847656, 4260.29980469, 4413.45019531, 7550.94824219, 2536.52758789, 19.1316547394, 3.1736676693, 3.14675545692, 405.171478271, 21.6185035706, 0.727459430695, 0.384265393019, 1.47594439983, 0.197379559278, 0.112487383187, 0.0945234894753, 0.10066999495, 0.0245079081506, 0.0277679637074, 0.0106506608427, 0.00451859924942, 0.000597357808147, 0.000108385778731, 0.000674135342706, 0.000133896959596, 3.39197663379e-06, 5.00022245831e-08, 1.1088185925e-09, 4.22401696953e-11, 1.0031081521e-10], "max": [0.0110016167164, 0.0939457640052, 0.64071559906, 1.43617868423, 3.00930118561, 130.58543396, 455.309387207, 1117.71777344, 1430.96350098, 2524.30664062, 3135.03442383, 1907.16015625, 2945.48364258, 3892.19873047, 2558.67480469, 165.254257202, 58.2760353088, 47.4065170288, 1185.90698242, 290.914825439, 23.1454715729, 21.167842865, 71.0068283081, 15.6317253113, 11.5594682693, 8.77420330048, 8.61626243591, 4.98014307022, 4.7023935318, 1.65591001511, 1.93392372131, 0.490581333637, 0.183312818408, 0.967013478279, 0.495986104012, 0.063262462616, 0.00704786507413, 0.00146149960347, 0.000276727369055, 0.000167029982549], "mean": [0.00180363631807, 0.0169334765524, 0.139610826969, 0.311905115843, 0.169270932674, 2.30683851242, 29.3005180359, 58.388343811, 47.8345680237, 59.6014137268, 87.5496826172, 50.6743774414, 27.7936115265, 26.4323177338, 8.94819068909, 1.93413937092, 0.785396158695, 0.653934240341, 4.64511442184, 1.44828951359, 0.407165765762, 0.334151834249, 0.282191544771, 0.181804969907, 0.194503471255, 0.193138316274, 0.174430191517, 0.097341671586, 0.0885578617454, 0.0664593279362, 0.0397442243993, 0.0163538530469, 0.00643395632505, 0.00696216709912, 0.00404318375513, 0.00101240666118, 0.000149818748469, 1.94011208805e-05, 1.17132503874e-05, 2.10811267607e-05], "median": [0.00134698976763, 0.0135047473013, 0.121214017272, 0.266115695238, 0.126029476523, 0.178901478648, 1.09836781025, 4.22422599792, 2.29019904137, 1.70669198036, 3.15320944786, 3.26142573357, 1.56268703938, 0.831973791122, 0.444888740778, 0.340342998505, 0.18953640759, 0.131399780512, 0.186708688736, 0.202864438295, 0.14527361095, 0.105182670057, 0.0812188237906, 0.0649240091443, 0.0726733878255, 0.0725140497088, 0.0536650419235, 0.0307069662958, 0.0241861734539, 0.0132848601788, 0.00807330105454, 0.00349153904244, 0.00122053676751, 0.000963803671766, 0.000508353987243, 0.000147432889207, 2.90866628347e-05, 5.33082265974e-06, 8.64205321705e-06, 1.57551221491e-05], "min": [4.54304313741e-22, 3.72696726302e-21, 2.1788972926e-20, 2.88260391195e-20, 9.58050602099e-20, 5.09681680838e-20, 3.38078409873e-20, 6.80114413688e-19, 7.55722340591e-19, 7.27249439738e-19, 9.67821065624e-19, 1.63897856084e-18, 2.829671345e-18, 3.56576882556e-18, 2.06782000967e-18, 2.3468187245e-18, 3.81377618477e-18, 7.29978205182e-18, 3.81054769884e-18, 3.95715264111e-18, 8.54796947202e-18, 1.69048966185e-17, 8.13058075237e-18, 1.21410600732e-17, 1.88720561922e-17, 1.97397074434e-17, 1.17757365829e-17, 1.44198723504e-17, 1.0999239808e-17, 1.37626666004e-17, 1.53585023156e-17, 1.72853020929e-17, 1.62457014991e-17, 1.0272956205e-17, 8.51052135133e-18, 6.60120899936e-18, 2.97110888999e-18, 1.53792707529e-18, 3.50623689537e-19, 3.62383270404e-20], "var": [2.47173670687e-06, 0.000163328804774, 0.00889029633254, 0.0485378988087, 0.033496376127, 56.1680107117, 3493.52514648, 13452.5888672, 14913.1152344, 42634.4453125, 64837.4726562, 20468.4980469, 19738.7363281, 32894.6992188, 2684.41137695, 36.8758277893, 6.76694345474, 4.98475503922, 2081.29833984, 115.59929657, 1.15202784538, 0.700807988644, 2.04942727089, 0.241099849343, 0.258664280176, 0.118261225522, 0.120148144662, 0.0367610119283, 0.0337941907346, 0.018263027072, 0.00718298600987, 0.00112916354556, 0.000189004538697, 0.000383185484679, 0.000108672895294, 5.76940738028e-06, 1.17942263955e-07, 1.95601979058e-09, 1.67598518397e-10, 4.83113549166e-10]}, "gfcc": {"mean": [-203.565612793, 154.237747192, -98.9133911133, 5.77483510971, -74.5101318359, -15.6259632111, -19.2357654572, -2.33794426918, -6.02804946899, -2.09076166153, -11.1063642502, -7.49389362335, -1.60956931114], "cov": [[11316.2285156, -1546.29541016, -1841.59619141, -1440.97644043, -1115.01782227, 4.43005466461, -634.409973145, 701.949523926, 249.004684448, 176.387756348, 173.776947021, -82.081703186, 452.571868896], [-1546.29541016, 1432.37841797, 577.905639648, 53.9111289978, 224.483261108, -401.831207275, -65.2677154541, -519.924560547, -45.906829834, -48.613986969, 227.335449219, 162.116912842, 145.754653931], [-1841.59619141, 577.905639648, 566.934448242, 255.205368042, 143.875946045, -129.523010254, 46.795841217, -216.438751221, -53.3074226379, -44.9741821289, 5.70216417313, 46.0320587158, -24.7398834229], [-1440.97644043, 53.9111289978, 255.205368042, 427.270233154, 186.92338562, 32.9740104675, 42.458278656, -64.150352478, -68.1057357788, -11.3912572861, -57.5598449707, 17.227148056, -68.5247802734], [-1115.01782227, 224.483261108, 143.875946045, 186.92338562, 298.044219971, 63.7432594299, 37.8766136169, -130.660552979, -59.8048973083, -47.0706634521, -23.9672622681, 40.8372573853, 1.20753014088], [4.43005466461, -401.831207275, -129.523010254, 32.9740104675, 63.7432594299, 384.358337402, 197.563766479, 189.322509766, -26.2506313324, -62.5754318237, -199.104873657, -91.3361206055, -106.474784851], [-634.409973145, -65.2677154541, 46.795841217, 42.458278656, 37.8766136169, 197.563766479, 274.172332764, 137.160232544, 36.6332817078, -61.7277565002, -146.05128479, -99.7118377686, -140.620269775], [701.949523926, -519.924560547, -216.438751221, -64.150352478, -130.660552979, 189.322509766, 137.160232544, 368.546417236, 137.348190308, 3.62832283974, -173.122558594, -166.788284302, -140.539199829], [249.004684448, -45.906829834, -53.3074226379, -68.1057357788, -59.8048973083, -26.2506313324, 36.6332817078, 137.348190308, 218.442611694, 76.1185455322, -21.6362380981, -104.719665527, -106.493858337], [176.387756348, -48.613986969, -44.9741821289, -11.3912572861, -47.0706634521, -62.5754318237, -61.7277565002, 3.62832283974, 76.1185455322, 152.256668091, 109.795349121, 4.61582612991, -33.4130325317], [173.776947021, 227.335449219, 5.70216417313, -57.5598449707, -23.9672622681, -199.104873657, -146.05128479, -173.122558594, -21.6362380981, 109.795349121, 271.473022461, 150.132003784, 94.92918396], [-82.081703186, 162.116912842, 46.0320587158, 17.227148056, 40.8372573853, -91.3361206055, -99.7118377686, -166.788284302, -104.719665527, 4.61582612991, 150.132003784, 192.35874939, 146.682830811], [452.571868896, 145.754653931, -24.7398834229, -68.5247802734, 1.20753014088, -106.474784851, -140.620269775, -140.539199829, -106.493858337, -33.4130325317, 94.92918396, 146.682830811, 232.496765137]], "icov": [[0.00051413330948, -0.000468452140922, 0.00100169831421, 0.000240158784436, 0.00125421572011, -0.00105332094245, 0.00154570234008, -0.000785741664004, -0.000240220266278, 0.000423790072091, -0.000421881501097, 0.000437455804786, -0.000711587432306], [-0.000468452140922, 0.00461482256651, -0.0034416532144, 0.00109805271495, -0.00286887702532, 0.00287065445445, -0.00403998838738, 0.0048670032993, -0.00238999375142, 0.00198172871023, -0.00218246388249, 0.00226644636132, -0.00154446111992], [0.00100169831421, -0.0034416532144, 0.00828814320266, -0.00241916673258, 0.00414060102776, -0.000713502988219, 0.00196181423962, -0.000379816541681, 0.000331980438204, -0.000289452407742, 0.00309728248976, -0.00206184177659, 0.0011320146732], [0.000240158784436, 0.00109805271495, -0.00241916673258, 0.00694060185924, -0.0037198793143, 0.00223887944594, 0.000798888329882, -0.00177950749639, 0.00306541658938, -0.00336362118833, 0.00343240424991, -0.00295129045844, 0.00246571539901], [0.00125421572011, -0.00286887702532, 0.00414060102776, -0.0037198793143, 0.0120552117005, -0.00737708620727, 0.0046234424226, 0.00208214577287, -0.003739613574, 0.00341882253997, -0.00121175369713, 0.000654162024148, -0.00182424276136], [-0.00105332094245, 0.00287065445445, -0.000713502988219, 0.00223887944594, -0.00737708620727, 0.0144890854135, -0.00912910047919, 0.000415791844716, 0.00557676376775, -0.00576570304111, 0.00831531733274, -0.00496000656858, 0.00369816226885], [0.00154570234008, -0.00403998838738, 0.00196181423962, 0.000798888329882, 0.0046234424226, -0.00912910047919, 0.0167860910296, -0.00703873112798, -0.000627676665317, 0.00466817058623, -0.00198097876273, -0.000535946106538, 0.00319157284684], [-0.000785741664004, 0.0048670032993, -0.000379816541681, -0.00177950749639, 0.00208214577287, 0.000415791844716, -0.00703873112798, 0.0184567272663, -0.00836637895554, 0.00238009332679, 0.00177456194069, 0.00256939185783, -0.000843210029416], [-0.000240220266278, -0.00238999375142, 0.000331980438204, 0.00306541658938, -0.003739613574, 0.00557676376775, -0.000627676665317, -0.00836637895554, 0.0159822497517, -0.00970262661576, 0.00510369380936, -0.00113912206143, 0.00460216915235], [0.000423790072091, 0.00198172871023, -0.000289452407742, -0.00336362118833, 0.00341882253997, -0.00576570304111, 0.00466817058623, 0.00238009332679, -0.00970262661576, 0.0236051566899, -0.0168817956001, 0.00752988737077, -0.000395140756154], [-0.000421881501097, -0.00218246388249, 0.00309728248976, 0.00343240424991, -0.00121175369713, 0.00831531733274, -0.00198097876273, 0.00177456194069, 0.00510369380936, -0.0168817956001, 0.0274355765432, -0.0188801791519, 0.00784067995846], [0.000437455804786, 0.00226644636132, -0.00206184177659, -0.00295129045844, 0.000654162024148, -0.00496000656858, -0.000535946106538, 0.00256939185783, -0.00113912206143, 0.00752988737077, -0.0188801791519, 0.0282882750034, -0.0139854811132], [-0.000711587432306, -0.00154446111992, 0.0011320146732, 0.00246571539901, -0.00182424276136, 0.00369816226885, 0.00319157284684, -0.000843210029416, 0.00460216915235, -0.000395140756154, 0.00784067995846, -0.0139854811132, 0.018298773095]]}, "melbands": {"dmean": [4.59109560325e-06, 1.35400605359e-05, 1.16534729386e-05, 1.05077060653e-05, 0.000216710715904, 0.000380205223337, 0.000222339498578, 0.000217169494135, 0.000220414891373, 8.95475532161e-05, 4.69984333904e-05, 3.36874873028e-05, 1.88616959349e-05, 4.5342062549e-06, 1.25004464735e-06, 9.2894208592e-07, 5.08000198352e-07, 2.47433308687e-06, 2.05034211831e-06, 3.65861723139e-07, 2.3371111979e-07, 1.68376374177e-07, 1.4909876711e-07, 1.00073819453e-07, 7.65234702271e-08, 5.95022662253e-08, 6.53400960005e-08, 6.45046753789e-08, 5.70587630477e-08, 3.97648243222e-08, 2.09179926713e-08, 2.38128023966e-08, 1.85385964357e-08, 1.49896504098e-08, 1.05729780486e-08, 5.92749316297e-09, 3.32366134614e-09, 1.98890903746e-09, 1.34563227228e-09, 3.11308645529e-09], "dmean2": [6.10870392848e-06, 1.49305260493e-05, 1.19299829748e-05, 1.27988323584e-05, 0.000312530202791, 0.000505274452735, 0.000295291596558, 0.000272190198302, 0.000268332572887, 0.000111797788122, 5.93526565353e-05, 4.81760762341e-05, 2.58677428064e-05, 6.01500232733e-06, 1.79970857062e-06, 1.35446020977e-06, 7.50625588353e-07, 3.09866936732e-06, 2.59047760665e-06, 5.81351741857e-07, 3.58784831178e-07, 2.55871668742e-07, 2.18780655814e-07, 1.52220295035e-07, 1.22154176552e-07, 9.17173679227e-08, 1.01795798457e-07, 1.00345950216e-07, 8.87344242528e-08, 6.08423533777e-08, 3.21014397286e-08, 3.61203866817e-08, 2.80494258931e-08, 2.28778898048e-08, 1.58203636857e-08, 8.89707241214e-09, 4.89990847896e-09, 2.94312374471e-09, 1.96830129973e-09, 4.7156927252e-09], "dvar": [2.07455268242e-11, 1.48938861244e-10, 1.07242305314e-10, 2.91114088391e-09, 2.86596986143e-07, 7.33401805064e-07, 4.3720038434e-07, 7.44338365166e-07, 5.40414077932e-07, 9.70192033378e-08, 6.82783323214e-08, 6.54919745102e-08, 3.42166295297e-08, 4.31464697304e-10, 2.11609306466e-11, 1.29415636194e-11, 4.44850623352e-12, 5.48129985845e-10, 3.97064964242e-10, 1.66092898983e-12, 6.76980281729e-13, 2.93979467506e-13, 4.27936657464e-13, 6.9076005766e-13, 7.11116888573e-14, 2.59519510916e-14, 2.27359990779e-14, 2.56158162309e-14, 2.43530256318e-14, 2.19346161243e-14, 2.80234434325e-15, 4.56786318433e-15, 2.82319956496e-15, 1.66603185681e-15, 1.02747605837e-15, 3.08981552002e-16, 8.46802858695e-17, 3.43741984212e-17, 2.12034167722e-17, 3.94732811772e-16], "dvar2": [3.5413044025e-11, 1.81350948147e-10, 1.08104102059e-10, 4.17340384473e-09, 5.98650331085e-07, 1.26053726035e-06, 7.29394116661e-07, 1.13507928745e-06, 7.82671691013e-07, 1.47384341176e-07, 1.11131981839e-07, 1.30667771714e-07, 6.86086991664e-08, 6.38870178982e-10, 3.97192868873e-11, 2.39994378537e-11, 8.71124266472e-12, 7.26141813345e-10, 5.24521148737e-10, 4.00665004646e-12, 1.38233066486e-12, 6.14231864156e-13, 7.50203827012e-13, 1.34891295182e-12, 1.68917776901e-13, 5.24782379553e-14, 4.95200363734e-14, 5.86077681611e-14, 5.58925667793e-14, 4.70340692121e-14, 6.4956928081e-15, 1.03156017596e-14, 6.51405309427e-15, 3.82166823889e-15, 2.25094982326e-15, 7.12482716495e-16, 1.87810299289e-16, 7.37875083423e-17, 4.70373310565e-17, 1.04625795518e-15], "max": [0.00011221011664, 0.000250187411439, 0.000212263941648, 0.00350505299866, 0.0119169550017, 0.0216596256942, 0.0239911079407, 0.0272265914828, 0.026443656534, 0.0103475060314, 0.0150887165219, 0.0148794203997, 0.0135593852028, 0.000873904151376, 0.00025096416357, 0.000112225752673, 8.91627787496e-05, 0.00154597940855, 0.00144686235581, 5.53118115931e-05, 3.64317711501e-05, 1.96949458768e-05, 3.64303050446e-05, 7.58534806664e-05, 1.52771754074e-05, 6.99414977134e-06, 5.07148888573e-06, 6.15197950538e-06, 6.64061553834e-06, 1.0300478607e-05, 1.925233164e-06, 2.48942728831e-06, 2.04159505302e-06, 1.10668838715e-06, 1.20416893878e-06, 7.61832950502e-07, 2.90899578204e-07, 1.50644439145e-07, 1.48796772237e-07, 1.28901467633e-06], "mean": [1.77848796739e-05, 6.03200787737e-05, 4.7698365961e-05, 3.97168660129e-05, 0.000814502127469, 0.00132869614754, 0.000707097351551, 0.000677565636579, 0.000753296015318, 0.000280831824057, 0.00013168604346, 0.000105620798422, 3.76451207558e-05, 9.01892690308e-06, 2.25260100706e-06, 1.6419186295e-06, 8.9277114057e-07, 6.2536068981e-06, 5.48180651094e-06, 5.88807722579e-07, 4.46165245194e-07, 3.3769325114e-07, 3.21541165249e-07, 1.80158167495e-07, 1.45635681292e-07, 1.2487988954e-07, 1.36284413088e-07, 1.28040525738e-07, 1.17411602218e-07, 8.3710986587e-08, 4.70096388483e-08, 5.16961833341e-08, 4.163925027e-08, 3.51905597995e-08, 2.49183269574e-08, 1.44617349207e-08, 8.17152212562e-09, 4.81830486621e-09, 3.21812909654e-09, 6.91474211223e-09], "median": [1.3226241208e-05, 5.42560010217e-05, 4.16023140133e-05, 7.32505259293e-06, 1.54518074851e-05, 6.43309394945e-05, 1.06795514512e-05, 5.38187259735e-06, 1.51809153977e-05, 1.00095739981e-05, 2.68316489382e-06, 1.45488047565e-06, 9.75132479653e-07, 5.45501791294e-07, 3.33889715876e-07, 2.27830483368e-07, 1.8218750597e-07, 2.69145147058e-07, 2.40528407858e-07, 1.87299519894e-07, 1.39289767276e-07, 9.56231787086e-08, 8.10889133618e-08, 5.23691241483e-08, 4.61151756781e-08, 4.76165560315e-08, 4.8745789627e-08, 4.48062067449e-08, 3.52550948435e-08, 2.4051660219e-08, 1.50832164536e-08, 1.46847316529e-08, 8.9827052463e-09, 6.406887465e-09, 4.77362682716e-09, 3.18926174359e-09, 1.64227398347e-09, 8.94163409981e-10, 5.48213752172e-10, 8.88758233675e-10], "min": [3.96612994077e-24, 8.67672763932e-24, 6.83898465274e-24, 6.29011337869e-24, 8.88959465485e-25, 1.5588686659e-23, 1.05066782579e-23, 8.63070786069e-24, 6.99532899555e-24, 1.20171678199e-23, 1.41072595215e-23, 1.44411922313e-23, 8.67494796912e-24, 5.47672718236e-24, 5.12589115552e-24, 1.3143228108e-23, 1.28574585119e-23, 5.83533546126e-24, 6.36242668015e-24, 4.81489773199e-24, 1.02797403304e-23, 2.17046021948e-23, 6.80720460231e-24, 8.15905502521e-24, 9.12538123511e-24, 1.46239129273e-23, 1.36258681981e-23, 1.28494176527e-23, 7.35177500671e-24, 6.01466642198e-24, 9.78555526086e-24, 5.34095475424e-24, 8.21360160136e-24, 7.01343808649e-24, 8.29112848454e-24, 8.91553161255e-24, 1.20238818151e-23, 1.11109441336e-23, 1.09705418808e-23, 7.93669249097e-24], "var": [2.50901022181e-10, 1.38283995366e-09, 1.04401587375e-09, 3.48769759739e-08, 2.58508771367e-06, 5.6362559917e-06, 3.5823586586e-06, 5.58784086024e-06, 4.77423191114e-06, 6.98029452906e-07, 5.08984214775e-07, 5.45714328837e-07, 7.66610455116e-08, 1.79230286168e-09, 6.14490888728e-11, 4.07200592689e-11, 1.08496727227e-11, 3.58093177333e-09, 2.95228352876e-09, 2.73683159469e-12, 2.11354740133e-12, 9.30474989592e-13, 2.30534992138e-12, 1.54055631099e-12, 1.96245458577e-13, 1.05727743455e-13, 8.38186535153e-14, 5.86822460741e-14, 5.965022855e-14, 5.71049894112e-14, 7.72879363184e-15, 1.22355018844e-14, 7.3902701382e-15, 5.5818132912e-15, 3.03110337834e-15, 9.49940144687e-16, 2.96883909812e-16, 1.11606675787e-16, 5.45031919502e-17, 4.6804547212e-16]}, "mfcc": {"mean": [-849.510803223, 168.65083313, 26.1454162598, 19.2006797791, -16.4637393951, -6.97882032394, -10.990193367, -4.28428077698, 3.67946624756, 2.44882583618, -1.64636600018, -1.86240327358, 0.772171795368], "cov": [[7206.82910156, 143.113967896, -1938.58239746, -287.512512207, -936.459838867, -332.337432861, -580.310302734, -88.3288803101, 16.024887085, 209.458175659, -128.854415894, -78.5907669067, 297.540374756], [143.113967896, 1305.18310547, 150.931564331, -2.9544813633, -47.6087188721, -157.93951416, -130.91885376, -295.266448975, -251.186477661, -255.691589355, -140.91242981, -24.3342781067, 85.4994506836], [-1938.58239746, 150.931564331, 808.957763672, 97.77734375, 206.030166626, 73.7836074829, 163.985900879, 24.2487030029, -1.54410433769, -74.1856613159, 42.9515609741, 26.8556442261, -121.427253723], [-287.512512207, -2.9544813633, 97.77734375, 214.127182007, 95.5789031982, -6.97604084015, -21.186668396, -74.0072479248, -78.3197402954, -61.0677108765, -12.9250612259, 17.1950626373, 19.4248638153], [-936.459838867, -47.6087188721, 206.030166626, 95.5789031982, 278.429351807, 96.5912094116, 70.8191604614, -28.6914386749, -37.0397644043, -62.6951522827, -20.0865936279, -32.7606086731, -48.0541801453], [-332.337432861, -157.93951416, 73.7836074829, -6.97604084015, 96.5912094116, 135.867874146, 99.2913131714, 36.2859916687, 3.20261502266, -7.26276540756, -11.4096212387, -35.4542121887, -36.8484191895], [-580.310302734, -130.91885376, 163.985900879, -21.186668396, 70.8191604614, 99.2913131714, 187.892120361, 106.388244629, 36.6082763672, -13.2967815399, -18.7464942932, -60.5012321472, -89.6656799316], [-88.3288803101, -295.266448975, 24.2487030029, -74.0072479248, -28.6914386749, 36.2859916687, 106.388244629, 247.932525635, 187.950759888, 115.887084961, 44.4644546509, -31.6185379028, -100.156570435], [16.024887085, -251.186477661, -1.54410433769, -78.3197402954, -37.0397644043, 3.20261502266, 36.6082763672, 187.950759888, 250.076980591, 182.602600098, 83.4267120361, 4.91216754913, -88.2949981689], [209.458175659, -255.691589355, -74.1856613159, -61.0677108765, -62.6951522827, -7.26276540756, -13.2967815399, 115.887084961, 182.602600098, 226.771026611, 140.637496948, 63.3071784973, -23.2501411438], [-128.854415894, -140.91242981, 42.9515609741, -12.9250612259, -20.0865936279, -11.4096212387, -18.7464942932, 44.4644546509, 83.4267120361, 140.637496948, 179.992935181, 139.863815308, 23.1301631927], [-78.5907669067, -24.3342781067, 26.8556442261, 17.1950626373, -32.7606086731, -35.4542121887, -60.5012321472, -31.6185379028, 4.91216754913, 63.3071784973, 139.863815308, 214.710647583, 133.317260742], [297.540374756, 85.4994506836, -121.427253723, 19.4248638153, -48.0541801453, -36.8484191895, -89.6656799316, -100.156570435, -88.2949981689, -23.2501411438, 23.1301631927, 133.317260742, 228.310028076]], "icov": [[0.000780252972618, -0.000308493006742, 0.0013579694787, -0.000529407116119, 0.00183080032002, -0.00123522279318, 0.00131453806534, -0.000389367429307, 5.68717514398e-05, -0.000285529124085, 0.000214959000004, 0.00035401279456, 0.000161819814821], [-0.000308493006742, 0.00184818508569, -0.00124587561004, 0.0013984113466, -0.000574823352508, 0.00249582156539, -0.000491917249747, 0.00191481574439, -0.000293708348181, 0.00134829257149, -8.67976195877e-05, 0.000537348096259, -0.000424310332164], [0.0013579694787, -0.00124587561004, 0.00510785076767, -0.00194157892838, 0.00226454436779, -0.0022606390994, 9.08100173547e-06, -0.00038201501593, -0.00120332196821, 0.00137933436781, -0.00106778985355, -0.00110724964179, 0.00195623026229], [-0.000529407116119, 0.0013984113466, -0.00194157892838, 0.00807158369571, -0.00396359199658, 0.00408428348601, 9.21473474591e-05, 0.000959266501013, 0.00242018559948, -0.000249226752203, 0.0012487359345, -0.00109007116407, 0.000149426952703], [0.00183080032002, -0.000574823352508, 0.00226454436779, -0.00396359199658, 0.011869139038, -0.00808704365045, 0.00340261310339, 0.00136667466722, -0.00275490945205, 0.0026245394256, -0.00202739634551, 0.00266784499399, 0.00034920105827], [-0.00123522279318, 0.00249582156539, -0.0022606390994, 0.00408428348601, -0.00808704365045, 0.0208493359387, -0.0103920558468, 0.00280170794576, 0.00243146787398, -0.00211684196256, 0.000818551110569, 0.000624330190476, -0.00178683665581], [0.00131453806534, -0.000491917249747, 9.08100173547e-06, 9.21473474591e-05, 0.00340261310339, -0.0103920558468, 0.018793316558, -0.00851719174534, 0.00339143164456, 0.000873574812431, 0.000834279868286, 0.00133459351491, 0.00168814661447], [-0.000389367429307, 0.00191481574439, -0.00038201501593, 0.000959266501013, 0.00136667466722, 0.00280170794576, -0.00851719174534, 0.0175404138863, -0.0122787542641, 0.00495846103877, -0.0035049058497, 0.00245199585333, -0.000725220073946], [5.68717514398e-05, -0.000293708348181, -0.00120332196821, 0.00242018559948, -0.00275490945205, 0.00243146787398, 0.00339143164456, -0.0122787542641, 0.0247127432376, -0.0186873283237, 0.0108380485326, -0.00623841350898, 0.00514695467427], [-0.000285529124085, 0.00134829257149, 0.00137933436781, -0.000249226752203, 0.0026245394256, -0.00211684196256, 0.000873574812431, 0.00495846103877, -0.0186873283237, 0.0309777352959, -0.0231449585408, 0.00986067019403, -0.00413443846628], [0.000214959000004, -8.67976195877e-05, -0.00106778985355, 0.0012487359345, -0.00202739634551, 0.000818551110569, 0.000834279868286, -0.0035049058497, 0.0108380485326, -0.0231449585408, 0.0373103544116, -0.0241065733135, 0.00970478914678], [0.00035401279456, 0.000537348096259, -0.00110724964179, -0.00109007116407, 0.00266784499399, 0.000624330190476, 0.00133459351491, 0.00245199585333, -0.00623841350898, 0.00986067019403, -0.0241065733135, 0.0281325653195, -0.0142903085798], [0.000161819814821, -0.000424310332164, 0.00195623026229, 0.000149426952703, 0.00034920105827, -0.00178683665581, 0.00168814661447, -0.000725220073946, 0.00514695467427, -0.00413443846628, 0.00970478914678, -0.0142903085798, 0.0144165139645]]}, "spectral_contrast_coeffs": {"dmean": [0.0313636921346, 0.0402653813362, 0.0346631892025, 0.0240090806037, 0.0148799493909, 0.0125581054017], "dmean2": [0.0515348687768, 0.061192844063, 0.0529283769429, 0.038407035172, 0.0248242747039, 0.0209775548428], "dvar": [0.000621243612841, 0.00133203400765, 0.00087155692745, 0.000403131823987, 0.000142680451972, 0.000110501299787], "dvar2": [0.00153622846119, 0.00289994501509, 0.00189671642147, 0.000957899086643, 0.000378401571652, 0.000296678947052], "max": [-0.316323637962, -0.257131963968, -0.289213389158, -0.453374922276, -0.690053105354, -0.689123392105], "mean": [-0.684226095676, -0.561927258968, -0.704402267933, -0.8110653162, -0.847877442837, -0.771760940552], "median": [-0.698881685734, -0.507571399212, -0.719683647156, -0.818239212036, -0.851636230946, -0.774050831795], "min": [-0.955619335175, -0.965451300144, -0.966495215893, -0.971360385418, -0.95713865757, -0.95687276125], "var": [0.00663228332996, 0.0272350497544, 0.014796664007, 0.00322871189564, 0.000771836726926, 0.000583415792789]}, "spectral_contrast_valleys": {"dmean": [0.277783811092, 0.309433877468, 0.273388326168, 0.218758687377, 0.18205986917, 0.180192545056