{"lowlevel": {"average_loudness": 0.983766078949, "barkbands_crest": {"dmean": 2.10860848427, "dmean2": 3.3043115139, "dvar": 4.90214681625, "dvar2": 11.9679794312, "max": 23.9650192261, "mean": 11.1817121506, "median": 10.808968544, "min": 3.18314266205, "var": 11.3761301041}, "barkbands_flatness_db": {"dmean": 0.0310907270759, "dmean2": 0.0426238924265, "dvar": 0.0014320925111, "dvar2": 0.00257265311666, "max": 0.382204681635, "mean": 0.225983127952, "median": 0.238181382418, "min": 0.0407674498856, "var": 0.00505344662815}, "barkbands_kurtosis": {"dmean": 3.21782660484, "dmean2": 4.96445274353, "dvar": 25.6386451721, "dvar2": 57.5128097534, "max": 94.0989761353, "mean": 7.10320663452, "median": 4.96979904175, "min": -1.06589841843, "var": 62.1559333801}, "barkbands_skewness": {"dmean": 0.47205504775, "dmean2": 0.703039944172, "dvar": 0.258944302797, "dvar2": 0.53733587265, "max": 8.58829689026, "mean": 2.06074929237, "median": 1.87708818913, "min": -1.87851572037, "var": 0.918342411518}, "barkbands_spread": {"dmean": 3.26738548279, "dmean2": 4.97307443619, "dvar": 24.3797931671, "dvar2": 53.1976966858, "max": 49.4311637878, "mean": 10.5073080063, "median": 7.31380271912, "min": 2.02617764473, "var": 61.8313217163}, "dissonance": {"dmean": 0.0262834466994, "dmean2": 0.0428011119366, "dvar": 0.000531274359673, "dvar2": 0.0013137756614, "max": 0.499458909035, "mean": 0.4397752285, "median": 0.446287035942, "min": 0.284077227116, "var": 0.00150203763042}, "dynamic_complexity": 1.27867817879, "erbbands_crest": {"dmean": 2.16876244545, "dmean2": 3.22200989723, "dvar": 4.35172891617, "dvar2": 8.88259029388, "max": 26.1433773041, "mean": 9.30787467957, "median": 8.67422199249, "min": 2.71343421936, "var": 15.0939664841}, "erbbands_flatness_db": {"dmean": 0.0249303691089, "dmean2": 0.0324517525733, "dvar": 0.000940444355365, "dvar2": 0.00159443286248, "max": 0.327011913061, "mean": 0.193586885929, "median": 0.200091943145, "min": 0.0738531723619, "var": 0.00338974385522}, "erbbands_kurtosis": {"dmean": 1.09247267246, "dmean2": 1.64791810513, "dvar": 1.63070774078, "dvar2": 3.36197018623, "max": 17.6128349304, "mean": 1.18068385124, "median": 0.590703010559, "min": -1.66178822517, "var": 5.04658126831}, "erbbands_skewness": {"dmean": 0.323289245367, "dmean2": 0.486961483955, "dvar": 0.0906942263246, "dvar2": 0.19902227819, "max": 2.87141561508, "mean": 0.7763428092, "median": 0.771350860596, "min": -1.02719593048, "var": 0.407324939966}, "erbbands_spread": {"dmean": 8.08167743683, "dmean2": 11.4460067749, "dvar": 101.89995575, "dvar2": 180.959838867, "max": 114.208358765, "mean": 30.7447128296, "median": 26.0776805878, "min": 6.00666427612, "var": 284.500213623}, "hfc": {"dmean": 5.73885011673, "dmean2": 8.00887393951, "dvar": 75.2706680298, "dvar2": 139.58883667, "max": 78.7110748291, "mean": 17.9951381683, "median": 13.493481636, "min": 1.1959896104e-16, "var": 179.384536743}, "melbands_crest": {"dmean": 1.91206753254, "dmean2": 2.95592856407, "dvar": 4.02490234375, "dvar2": 9.365858078, "max": 25.4446525574, "mean": 14.4261951447, "median": 14.5913619995, "min": 2.1204419136, "var": 13.3377923965}, "melbands_flatness_db": {"dmean": 0.0365833863616, "dmean2": 0.0497758835554, "dvar": 0.00197767280042, "dvar2": 0.0034804509487, "max": 0.517746627331, "mean": 0.321977704763, "median": 0.339793354273, "min": 0.00677069043741, "var": 0.00739826029167}, "melbands_kurtosis": {"dmean": 6.54994821548, "dmean2": 9.82689476013, "dvar": 119.91809845, "dvar2": 240.10987854, "max": 251.082504272, "mean": 15.2108354568, "median": 10.3111314774, "min": -1.31687891483, "var": 300.045379639}, "melbands_skewness": {"dmean": 0.614612817764, "dmean2": 0.902422487736, "dvar": 0.447341531515, "dvar2": 0.87075984478, "max": 12.533244133, "mean": 2.81032037735, "median": 2.60587072372, "min": 0.119582541287, "var": 1.56895017624}, "melbands_spread": {"dmean": 2.70572161674, "dmean2": 3.96159958839, "dvar": 30.7246017456, "dvar2": 45.3593788147, "max": 141.075622559, "mean": 9.46397209167, "median": 7.12398099899, "min": 1.48654675484, "var": 59.4241027832}, "pitch_salience": {"dmean": 0.0636620521545, "dmean2": 0.105508632958, "dvar": 0.00349195324816, "dvar2": 0.00861755851656, "max": 0.845488846302, "mean": 0.512154519558, "median": 0.511810004711, "min": 0.207677453756, "var": 0.0091356318444}, "silence_rate_20dB": {"dmean": 0, "dmean2": 0, "dvar": 0, "dvar2": 0, "max": 1, "mean": 1, "median": 1, "min": 1, "var": 0}, "silence_rate_30dB": {"dmean": 0.0424966812134, "dmean2": 0.0850498303771, "dvar": 0.0406901203096, "dvar2": 0.0937625393271, "max": 1, "mean": 0.949568688869, "median": 1, "min": 0, "var": 0.0478878319263}, "silence_rate_60dB": {"dmean": 0.00132802128792, "dmean2": 0.00132890359964, "dvar": 0.00132628215943, "dvar2": 0.00132715981454, "max": 1, "mean": 0.00132714002393, "median": 0, "min": 0, "var": 0.00132540555205}, "spectral_centroid": {"dmean": 159.383087158, "dmean2": 236.45022583, "dvar": 64025.8710938, "dvar2": 143251.84375, "max": 3355.09521484, "mean": 662.854492188, "median": 505.997497559, "min": 226.682693481, "var": 156883.484375}, "spectral_complexity": {"dmean": 3.74634790421, "dmean2": 5.40730905533, "dvar": 27.8095474243, "dvar2": 46.9723930359, "max": 55, "mean": 16.3941612244, "median": 14, "min": 0, "var": 82.0213470459}, "spectral_decrease": {"dmean": 3.44116912743e-09, "dmean2": 5.63446000967e-09, "dvar": 2.4819853719e-17, "dvar2": 6.26345527339e-17, "max": 5.56319670023e-29, "mean": -1.50789407627e-08, "median": -1.39257823051e-08, "min": -5.45519363016e-08, "var": 4.47587594889e-17}, "spectral_energy": {"dmean": 0.0133480271325, "dmean2": 0.0217275675386, "dvar": 0.000364573876141, "dvar2": 0.000914253352676, "max": 0.210273012519, "mean": 0.0585435219109, "median": 0.054031714797, "min": 1.06380144289e-20, "var": 0.00066774856532}, "spectral_energyband_high": {"dmean": 0.000369604473235, "dmean2": 0.000501764472574, "dvar": 4.23941742156e-07, "dvar2": 7.87645774381e-07, "max": 0.00551098724827, "mean": 0.000476994668134, "median": 4.83600160806e-05, "min": 7.81840694448e-21, "var": 8.42016390834e-07}, "spectral_energyband_low": {"dmean": 0.0101635698229, "dmean2": 0.0167709607631, "dvar": 0.000337810517522, "dvar2": 0.000862844928633, "max": 0.193209886551, "mean": 0.0354630462825, "median": 0.0323539637029, "min": 7.55066545803e-23, "var": 0.000520630856045}, "spectral_energyband_middle_high": {"dmean": 0.00138545117807, "dmean2": 0.0019724201411, "dvar": 4.97258770338e-06, "dvar2": 8.95517132449e-06, "max": 0.0243591498584, "mean": 0.00341914175078, "median": 0.00207469589077, "min": 1.31270119992e-21, "var": 1.39358280649e-05}, "spectral_energyband_middle_low": {"dmean": 0.00558874476701, "dmean2": 0.00893547572196, "dvar": 4.46357516921e-05, "dvar2": 0.000119164302305, "max": 0.0800476819277, "mean": 0.0207493305206, "median": 0.0187005456537, "min": 3.79386862526e-22, "var": 0.000112506117148}, "spectral_entropy": {"dmean": 0.290479898453, "dmean2": 0.383432507515, "dvar": 0.131064251065, "dvar2": 0.232909664512, "max": 8.42099094391, "mean": 6.81110954285, "median": 6.63403081894, "min": 5.56373071671, "var": 0.438766360283}, "spectral_flux": {"dmean": 0.0281491149217, "dmean2": 0.044854093343, "dvar": 0.00113243015949, "dvar2": 0.00280161830597, "max": 0.34414678812, "mean": 0.0838715657592, "median": 0.0686927810311, "min": 0.000158958937391, "var": 0.00221906206571}, "spectral_kurtosis": {"dmean": 7.18012332916, "dmean2": 11.5163660049, "dvar": 81.2532272339, "dvar2": 192.146118164, "max": 101.761634827, "mean": 14.6345844269, "median": 10.2993450165, "min": 0.665568828583, "var": 200.770507812}, "spectral_rms": {"dmean": 0.000805935880635, "dmean2": 0.00129240949173, "dvar": 9.84318489827e-07, "dvar2": 2.32891170526e-06, "max": 0.0143228629604, "mean": 0.00740577699617, "median": 0.00726043153554, "min": 3.22157578392e-12, "var": 2.27013993026e-06}, "spectral_rolloff": {"dmean": 162.728286743, "dmean2": 253.389678955, "dvar": 342518.78125, "dvar2": 447436.28125, "max": 18949.21875, "mean": 518.339111328, "median": 409.130859375, "min": 86.1328125, "var": 405643.5625}, "spectral_skewness": {"dmean": 0.617872059345, "dmean2": 0.935320675373, "dvar": 0.433070212603, "dvar2": 0.917433738708, "max": 8.04430484772, "mean": 2.65146040916, "median": 2.50792264938, "min": 0.861988067627, "var": 1.44622051716}, "spectral_spread": {"dmean": 701944.125, "dmean2": 934938.9375, "dvar": 1256415690750.0, "dvar2": 1598063116290.0, "max": 30981866, "mean": 3314641, "median": 2823387.25, "min": 888809.8125, "var": 3164113469440.0}, "spectral_strongpeak": {"dmean": 0.215599030256, "dmean2": 0.385879546404, "dvar": 0.127746984363, "dvar2": 0.333636403084, "max": 3.42030787468, "mean": 0.47955545783, "median": 0.348706573248, "min": 2.13980766439e-09, "var": 0.180757537484}, "zerocrossingrate": {"dmean": 0.00670430250466, "dmean2": 0.00770056853071, "dvar": 0.000175916880835, "dvar2": 0.000196688619326, "max": 0.5078125, "mean": 0.0249836705625, "median": 0.01904296875, "min": 0.00390625, "var": 0.00040873143007}, "barkbands": {"dmean": [0.000128270825371, 0.0089882677421, 0.00269644916989, 0.00142242200673, 0.00223477231339, 0.0027423563879, 0.00139550305903, 0.000647825363558, 0.000378262280719, 0.000306294154143, 0.000290218187729, 0.000346046785126, 0.000252249359619, 0.000178393733222, 0.000154803172336, 0.000187008728972, 0.000176222951268, 9.53604539973e-05, 0.00010096441838, 9.36640062719e-05, 9.37385120778e-05, 8.4053412138e-05, 6.25243192189e-05, 4.65772791358e-05, 3.64303450624e-05, 9.3631369964e-06, 3.19243696367e-07], "dmean2": [0.000196122127818, 0.0147169046104, 0.0045387619175, 0.00247283955105, 0.00384116335772, 0.00433703977615, 0.00186273327563, 0.00086483679479, 0.000560017826501, 0.000477794208564, 0.000455962668639, 0.000530829303898, 0.000391513895011, 0.000285400281427, 0.000251089950325, 0.000289532821625, 0.000259094609646, 0.000142713295645, 0.000170543644344, 0.000137644179631, 0.000118399300845, 0.000119065516628, 9.39717210713e-05, 7.2065697168e-05, 5.49772812519e-05, 1.47234786709e-05, 5.27179565779e-07], "dvar": [5.76571466127e-08, 0.000279032596154, 3.57983808499e-05, 1.14911208584e-05, 9.63215643424e-06, 8.61261287355e-06, 2.32060347116e-06, 1.03699528609e-06, 3.48612871903e-07, 2.35856276731e-07, 3.06542034423e-07, 2.72675691804e-07, 3.4748006783e-07, 1.3491525408e-07, 8.55908837138e-08, 1.28847887026e-07, 1.49783346615e-07, 4.3387743176e-08, 9.09021409257e-08, 3.9336025992e-08, 2.84017591667e-08, 2.6483606419e-08, 1.82195041276e-08, 1.27792958438e-08, 6.95288049357e-09, 5.91389104354e-10, 7.23853160571e-13], "dvar2": [1.40890165312e-07, 0.000701465236489, 0.000100181961898, 3.30953371304e-05, 2.71585722658e-05, 2.58801192103e-05, 4.91823857374e-06, 1.70492194229e-06, 6.56013355638e-07, 5.63144340049e-07, 7.63447360441e-07, 6.18579917955e-07, 8.39594747504e-07, 3.32618384391e-07, 2.03007786581e-07, 2.75279290918e-07, 2.97576661978e-07, 9.01880810034e-08, 2.76505261354e-07, 8.80794246427e-08, 4.67859173625e-08, 4.32200195633e-08, 4.53582629234e-08, 3.04954639319e-08, 1.54354591331e-08, 1.34956712472e-09, 1.9149245991e-12], "max": [0.00252883532085, 0.157656282187, 0.0688404664397, 0.0384470298886, 0.0347573496401, 0.0357741191983, 0.0209259837866, 0.0207688212395, 0.0191602613777, 0.00676697585732, 0.00882889796048, 0.00707352114841, 0.00669618602842, 0.00521264690906, 0.00307604903355, 0.00403665984049, 0.00610352912918, 0.00239092949778, 0.00322051695548, 0.0024469611235, 0.00143898162059, 0.00162676267792, 0.00130124529824, 0.000865337031428, 0.000603535561822, 0.000162399257533, 7.11532902642e-06], "mean": [0.000580356630962, 0.0242194924504, 0.00912480521947, 0.00279873237014, 0.00603446690366, 0.00617132987827, 0.0034349844791, 0.0014035187196, 0.000860820233356, 0.000527834985405, 0.000551595760044, 0.000616847944912, 0.000375640171114, 0.000235083512962, 0.000214058134588, 0.000268757838057, 0.000348058936652, 0.000128973653773, 0.000101578181784, 0.000136715141707, 0.000131802866235, 0.000110356595542, 6.76827257848e-05, 5.341069118e-05, 3.78196018573e-05, 8.54855534271e-06, 3.65207966979e-07], "median": [0.000514377956279, 0.0211761295795, 0.00830550864339, 0.00218197796494, 0.00448133982718, 0.00469114491716, 0.00252231373452, 0.000768494093791, 0.000444525503553, 0.00026879037614, 0.000238464883296, 0.000271758064628, 0.000110333392513, 7.58646710892e-05, 5.25059112988e-05, 8.43608431751e-05, 5.75813646719e-05, 2.46991949098e-05, 1.02871154013e-05, 1.87076420843e-05, 1.23179470393e-05, 8.38929372549e-06, 4.90504135087e-06, 3.49981041836e-06, 1.70591238202e-06, 1.79358409014e-07, 9.49109413284e-09], "min": [1.40134608044e-23, 5.14387008441e-23, 1.37198246874e-23, 5.89277439592e-24, 4.25843682717e-23, 9.56996320423e-23, 5.59075947167e-23, 8.19513515643e-23, 9.07529566738e-23, 3.23384282646e-23, 6.51819799439e-23, 2.03257093046e-22, 1.38923353145e-22, 8.22857844119e-23, 6.33623807582e-23, 1.1283622788e-22, 1.25749275054e-22, 1.33630437259e-22, 2.21508658576e-22, 3.35370468742e-22, 3.22117529804e-22, 6.70068550314e-22, 7.65024431673e-22, 7.78278557059e-22, 1.2324435769e-21, 1.53525438607e-21, 2.51595303582e-21], "var": [2.79311109352e-07, 0.000376394658815, 4.05760911235e-05, 9.46865111473e-06, 2.66001352429e-05, 2.74717422144e-05, 9.27508790483e-06, 3.76528305424e-06, 2.22044718612e-06, 4.99853115343e-07, 8.60923876189e-07, 6.9514584311e-07, 4.88792920805e-07, 1.84742177112e-07, 1.55739542151e-07, 2.30005241519e-07, 5.28028920144e-07, 8.15828187228e-08, 7.40138688116e-08, 7.15292358677e-08, 6.49610072401e-08, 5.25766772341e-08, 2.49731968438e-08, 1.38968951902e-08, 7.74878294862e-09, 5.70132496769e-10, 7.88521645981e-13]}, "erbbands": {"dmean": [0.231492117047, 2.21986246109, 3.4201695919, 3.58125305176, 7.20164632797, 6.71632146835, 14.7786521912, 23.700586319, 17.7647724152, 21.1552505493, 11.7031211853, 7.69038581848, 7.58562231064, 9.03102874756, 11.6279554367, 11.9886636734, 13.1180305481, 9.37349319458, 6.96110010147, 10.6033582687, 8.5237865448, 11.4715433121, 5.29168748856, 5.7907743454, 4.11721229553, 3.83644008636, 4.64147281647, 3.71509838104, 3.17270493507, 2.93149185181, 1.29004466534, 1.04484724998, 0.721788704395, 0.491048663855, 0.194395720959, 0.0633752569556, 0.0148756559938, 0.00147751381155, 5.53783684154e-05, 1.59633254952e-05], "dmean2": [0.376819908619, 3.64097762108, 5.94628381729, 6.16468811035, 12.7707462311, 11.5709342957, 24.0450248718, 36.0911216736, 24.4310092926, 26.1943492889, 15.2983646393, 11.4260644913, 11.9620370865, 14.5344657898, 18.1520938873, 18.3833389282, 20.267698288, 14.8564462662, 10.2401618958, 17.2717628479, 13.4243459702, 16.6012992859, 8.21212863922, 9.74553012848, 6.43567943573, 5.54940128326, 6.43139123917, 4.64043998718, 4.69562149048, 4.22632265091, 1.95460152626, 1.57494521141, 1.12337815762, 0.757599771023, 0.290273845196, 0.0980880707502, 0.0236404798925, 0.00230570323765, 8.56506594573e-05, 2.56530947809e-05], "dvar": [0.188350230455, 17.1205673218, 59.4002227783, 75.2883453369, 176.163787842, 62.958404541, 310.390472412, 668.352844238, 441.674255371, 919.535705566, 393.46975708, 143.868896484, 104.773490906, 346.849121094, 354.717559814, 378.871429443, 932.210632324, 528.203796387, 161.035934448, 391.332244873, 289.554473877, 642.6953125, 141.779144287, 342.707397461, 67.6781768799, 65.9280776978, 68.7881164551, 50.7318382263, 36.4614906311, 42.2249565125, 6.56194019318, 5.82813262939, 2.69904518127, 1.33063387871, 0.192629411817, 0.0227150917053, 0.00170211284421, 1.90364517039e-05, 1.73730914099e-08, 5.30622157324e-10], "dvar2": [0.475472897291, 44.2896766663, 166.996414185, 213.227996826, 484.626739502, 188.281494141, 884.304077148, 1871.15161133, 1086.28442383, 1461.49121094, 563.434753418, 291.720611572, 247.051620483, 917.960876465, 903.190551758, 826.341369629, 2265.33251953, 1344.05187988, 338.996490479, 986.84777832, 730.068786621, 1213.07836914, 334.566802979, 1035.97351074, 178.710586548, 136.454483032, 118.632881165, 84.7303619385, 66.6593856812, 96.6196212769, 14.0152769089, 13.542386055, 6.33470392227, 3.07469153404, 0.402599453926, 0.0514003820717, 0.00403138250113, 4.38737260993e-05, 4.12903382596e-08, 1.26387411647e-09], "max": [3.9245262146, 36.8690948486, 100.12537384, 115.922966003, 123.319366455, 87.52293396, 244.233230591, 403.914031982, 320.447784424, 438.976501465, 468.943084717, 287.30368042, 128.742080688, 301.272460938, 278.913970947, 271.261352539, 345.586914062, 306.084320068, 138.153778076, 209.804870605, 175.9609375, 431.713256836, 107.177474976, 196.874984741, 66.4995117188, 92.0962142944, 69.9641036987, 65.6760101318, 83.3487014771, 70.1153335571, 18.5704574585, 19.2954521179, 11.4835929871, 8.77565574646, 3.12250471115, 0.915392279625, 0.29394942522, 0.0349474027753, 0.0012249678839, 0.000255170860328], "mean": [0.679870963097, 5.41714715958, 11.2288970947, 10.1478538513, 15.1484622955, 16.015996933, 36.9678649902, 56.3045272827, 44.3089141846, 53.7055206299, 29.6366596222, 17.1517429352, 15.4541358948, 17.3752498627, 23.3824863434, 21.901758194, 20.7097091675, 12.5447006226, 9.57340526581, 15.581571579, 12.8498067856, 23.5870475769, 8.00632381439, 6.09422636032, 4.97728967667, 5.79507923126, 6.27428388596, 4.93313407898, 4.13277578354, 3.21667742729, 1.57745802402, 1.18695163727, 0.808980643749, 0.518010556698, 0.20063303411, 0.0584408044815, 0.0132306981832, 0.00144531321712, 9.07001449377e-05, 6.79074510117e-05], "median": [0.642616868019, 4.48436021805, 9.55788516998, 8.32577705383, 12.2506170273, 12.4250640869, 23.6982212067, 41.7016639709, 32.9035491943, 30.3152122498, 15.2824802399, 8.85701560974, 10.8663053513, 9.92187023163, 14.2514162064, 10.5308609009, 6.06773662567, 3.98497700691, 3.4415743351, 4.17414188385, 4.34544420242, 3.92138838768, 1.70098984241, 0.7637565732, 0.842825293541, 0.826314032078, 0.657208681107, 0.478834420443, 0.373780667782, 0.216424047947, 0.109632186592, 0.0860434994102, 0.0521144084632, 0.0285775829107, 0.00794769823551, 0.00162071408704, 0.000274763617199, 3.57078388333e-05, 3.04455807054e-05, 6.0790360294e-05], "min": [1.07082902478e-21, 1.30696814761e-20, 2.29257808128e-20, 1.05505691597e-20, 2.73602201441e-20, 1.23963793988e-19, 4.29638075449e-19, 1.06714043498e-18, 5.96995997017e-19, 1.32105365696e-18, 1.76890940313e-18, 1.69039951984e-18, 1.59965646248e-18, 1.98110645926e-18, 3.11090510185e-18, 9.26218533704e-18, 6.97313421818e-18, 4.76116640625e-18, 4.1033688085e-18, 3.51468173734e-18, 7.1264190575e-18, 6.87558729009e-18, 8.37672985033e-18, 7.51170407039e-18, 1.17863071239e-17, 1.60894801686e-17, 1.29880913661e-17, 1.41724543574e-17, 2.19425969481e-17, 2.62545852566e-17, 2.04608418471e-17, 1.68261407524e-17, 1.36285012138e-17, 1.2157871692e-17, 9.53011575489e-18, 4.60216285378e-18, 3.08631695135e-18, 1.13453125307e-18, 3.84445915712e-19, 3.84549804427e-20], "var": [0.246373787522, 22.3546943665, 73.4074859619, 75.8753814697, 174.531311035, 164.46925354, 1509.1652832, 2588.42407227, 1378.60107422, 4376.00146484, 2098.3425293, 673.221618652, 240.573577881, 521.588317871, 950.366638184, 904.616149902, 1357.12145996, 636.12677002, 275.036773682, 746.311523438, 445.581939697, 2497.92675781, 255.155212402, 286.380889893, 94.9709243774, 131.060241699, 135.568008423, 108.934562683, 65.7053604126, 61.6870918274, 10.9137277603, 6.71715068817, 3.06788134575, 1.42062461376, 0.227640047669, 0.0228880643845, 0.00155051879119, 1.83943375305e-05, 2.41466153739e-08, 1.01039465683e-09]}, "gfcc": {"mean": [-16.8269920349, 163.159790039, -93.8606185913, 35.2158660889, -50.3425064087, 11.1226129532, -28.3466072083, 1.15522527695, -8.50136756897, -0.0271593742073, -2.03278326988, 0.591039597988, 2.01298761368], "cov": [[4941.61181641, -2438.38134766, -324.17956543, 730.974121094, -616.96270752, 464.986633301, -411.169036865, 359.930541992, -430.832214355, 405.85144043, -380.197967529, 207.2993927, -236.396469116], [-2438.38134766, 2249.89868164, -132.175918579, -594.625915527, 502.251251221, -407.591308594, 251.485595703, -331.88583374, 369.207305908, -339.570007324, 327.746612549, -150.451904297, 163.958328247], [-324.17956543, -132.175918579, 606.692626953, 10.0621948242, -118.505844116, 50.4696311951, 21.3941001892, 43.2127189636, -70.5706939697, 25.3718357086, -18.6651325226, -6.86850643158, -3.55333423615], [730.974121094, -594.625915527, 10.0621948242, 297.048736572, -113.435142517, 62.5558166504, -61.2661819458, 91.5241851807, -79.0402679443, 64.3685073853, -79.3063964844, 47.5608291626, 3.11679816246], [-616.96270752, 502.251251221, -118.505844116, -113.435142517, 298.154144287, -142.091171265, 19.561460495, -45.0464553833, 96.4426879883, -103.23425293, 47.4799118042, -6.03371715546, 55.1534156799], [464.986633301, -407.591308594, 50.4696311951, 62.5558166504, -142.091171265, 194.157409668, -39.7526283264, 31.9533786774, -75.9750289917, 60.647354126, -37.0573501587, 13.5220575333, -62.1560592651], [-411.169036865, 251.485595703, 21.3941001892, -61.2661819458, 19.561460495, -39.7526283264, 161.438842773, -27.8215656281, 18.8411254883, -7.96165037155, 35.9934654236, -45.5765647888, 41.766658783], [359.930541992, -331.88583374, 43.2127189636, 91.5241851807, -45.0464553833, 31.9533786774, -27.8215656281, 126.265281677, -35.3006210327, 44.1698417664, -68.506187439, 21.1482524872, -0.866816997528], [-430.832214355, 369.207305908, -70.5706939697, -79.0402679443, 96.4426879883, -75.9750289917, 18.8411254883, -35.3006210327, 135.998260498, -56.2137756348, 51.4649848938, -17.6058006287, 29.41106987], [405.85144043, -339.570007324, 25.3718357086, 64.3685073853, -103.23425293, 60.647354126, -7.96165037155, 44.1698417664, -56.2137756348, 126.47794342, -36.4923362732, -4.54903364182, -30.3182296753], [-380.197967529, 327.746612549, -18.6651325226, -79.3063964844, 47.4799118042, -37.0573501587, 35.9934654236, -68.506187439, 51.4649848938, -36.4923362732, 104.561836243, -29.6184177399, 11.6210765839], [207.2993927, -150.451904297, -6.86850643158, 47.5608291626, -6.03371715546, 13.5220575333, -45.5765647888, 21.1482524872, -17.6058006287, -4.54903364182, -29.6184177399, 86.8627166748, 8.51985454559], [-236.396469116, 163.958328247, -3.55333423615, 3.11679816246, 55.1534156799, -62.1560592651, 41.766658783, -0.866816997528, 29.41106987, -30.3182296753, 11.6210765839, 8.51985454559, 107.959907532]], "icov": [[0.00116619386245, -0.0020522356499, 0.00125648791436, -0.00267687509768, 0.00145450036507, -0.00154722493608, 0.00214603845961, -0.00251295859925, 0.00291895563714, -0.0029639871791, 0.00215134001337, -0.00167776423041, 0.00157792842947], [-0.0020522356499, 0.0128093883395, -0.00284050148912, 0.0123608363792, -0.00450115697458, 0.00840131286532, -0.00739013822749, 0.0111546702683, -0.0117683969438, 0.0135687664151, -0.0105347875506, 0.0072717089206, -0.00673598004505], [0.00125648791436, -0.00284050148912, 0.00336322234944, -0.00287309568375, 0.00262487935834, -0.0019382428145, 0.00240801135078, -0.00414447812364, 0.00462311366573, -0.00314453057945, 0.00238475040533, -0.00189307855908, 0.00158720999025], [-0.00267687509768, 0.0123608363792, -0.00287309568375, 0.0184144098312, -0.00333527615294, 0.00848663132638, -0.0064565432258, 0.00898216478527, -0.0105610499159, 0.013219951652, -0.00975400581956, 0.00646672211587, -0.00897086411715], [0.00145450036507, -0.00450115697458, 0.00262487935834, -0.00333527615294, 0.00940765067935, 8.46516413731e-05, 0.00419516535476, -0.00541677232832, 0.00434129685163, -0.00238143233582, 0.00406149961054, -0.0031036096625, 0.00173590274062], [-0.00154722493608, 0.00840131286532, -0.0019382428145, 0.00848663132638, 8.46516413731e-05, 0.0151205956936, -0.00436280947179, 0.0068983710371, -0.00571599649265, 0.00885910540819, -0.00728902313858, 0.00409887265414, -0.00154413050041], [0.00214603845961, -0.00739013822749, 0.00240801135078, -0.0064565432258, 0.00419516535476, -0.00436280947179, 0.0146515425295, -0.00691511621699, 0.00899487175047, -0.00945946574211, 0.00554431602359, -0.000651514623314, 0.000157047630637], [-0.00251295859925, 0.0111546702683, -0.00414447812364, 0.00898216478527, -0.00541677232832, 0.0068983710371, -0.00691511621699, 0.0248577035964, -0.0128521351144, 0.00962028838694, -0.00200994755141, 0.00687579391524, -0.0073484540917], [0.00291895563714, -0.0117683969438, 0.00462311366573, -0.0105610499159, 0.00434129685163, -0.00571599649265, 0.00899487175047, -0.0128521351144, 0.024994764477, -0.0111595755443, 0.00627330085263, -0.00607942743227, 0.00549079990014], [-0.0029639871791, 0.0135687664151, -0.00314453057945, 0.013219951652, -0.00238143233582, 0.00885910540819, -0.00945946574211, 0.00962028838694, -0.0111595755443, 0.0283419601619, -0.0110817616805, 0.0102851130068, -0.00614763284102], [0.00215134001337, -0.0105347875506, 0.00238475040533, -0.00975400581956, 0.00406149961054, -0.00728902313858, 0.00554431602359, -0.00200994755141, 0.00627330085263, -0.0110817616805, 0.0272435285151, -0.00356257613748, 0.00516495201737], [-0.00167776423041, 0.0072717089206, -0.00189307855908, 0.00646672211587, -0.0031036096625, 0.00409887265414, -0.000651514623314, 0.00687579391524, -0.00607942743227, 0.0102851130068, -0.00356257613748, 0.0203682761639, -0.00739298341796], [0.00157792842947, -0.00673598004505, 0.00158720999025, -0.00897086411715, 0.00173590274062, -0.00154413050041, 0.000157047630637, -0.0073484540917, 0.00549079990014, -0.00614763284102, 0.00516495201737, -0.00739298341796, 0.0181685872376]]}, "melbands": {"dmean": [0.00231439666823, 0.00207294546999, 0.000696188013535, 0.000480090558995, 0.000464665383333, 0.000519178283866, 0.000263272697339, 0.000217103151954, 8.52811790537e-05, 4.77528701595e-05, 4.06595681852e-05, 3.93015543523e-05, 4.37950584455e-05, 3.16823534376e-05, 3.9452828787e-05, 2.67001250904e-05, 1.61251227837e-05, 1.22066412587e-05, 1.23465169963e-05, 1.63015101862e-05, 8.77083766682e-06, 1.35547907121e-05, 5.77826358494e-06, 5.12039741807e-06, 4.94608457302e-06, 3.16998330163e-06, 2.99211592392e-06, 2.47221441896e-06, 3.59708042197e-06, 2.12937743527e-06, 2.22924313675e-06, 1.99763644559e-06, 1.50822563683e-06, 1.69705356257e-06, 7.57505858928e-07, 6.51204288715e-07, 6.10108713772e-07, 4.96247366755e-07, 5.57903831577e-07, 3.74227170141e-07], "dmean2": [0.00376599421725, 0.00352573511191, 0.0012028546771, 0.000849471951369, 0.000764726486523, 0.000800890382379, 0.000360368256224, 0.000269277341431, 0.000112430549052, 7.17957882443e-05, 6.37817720417e-05, 6.28527341178e-05, 6.87186111463e-05, 4.99755042256e-05, 5.97368307353e-05, 4.40008552687e-05, 2.57402462012e-05, 1.8567970983e-05, 2.06343265745e-05, 2.53829912253e-05, 1.43307734106e-05, 1.94912954612e-05, 9.09464142751e-06, 7.82338429417e-06, 8.48630952532e-06, 5.21466017744e-06, 4.60043111161e-06, 3.50850882569e-06, 5.06936385136e-06, 3.17166450259e-06, 2.90212801701e-06, 2.93789321404e-06, 2.27712143896e-06, 2.62828302766e-06, 1.1692809494e-06, 9.99324583972e-07, 9.22942888337e-07, 7.72118994519e-07, 8.77466050042e-07, 5.75372268941e-07], "dvar": [1.97291574295e-05, 1.6956937543e-05, 2.30735008699e-06, 5.61740080229e-07, 2.86211644607e-07, 3.03794053025e-07, 9.39123196986e-08, 8.69586571639e-08, 2.30180337013e-08, 4.97640550989e-09, 3.00302760436e-09, 5.81998449434e-09, 6.27844842782e-09, 2.20455809163e-09, 6.0873084351e-09, 5.81192116655e-09, 1.35725597428e-09, 5.13170894667e-10, 5.36503008686e-10, 1.05109321247e-09, 3.68142599738e-10, 9.6289654028e-10, 1.95899158006e-10, 1.25039825716e-10, 3.07224190532e-10, 4.72630476422e-11, 4.8056617713e-11, 2.61813886543e-11, 4.34061675492e-11, 1.70508884789e-11, 2.18906420768e-11, 1.47440983034e-11, 1.18454152737e-11, 1.58092653552e-11, 2.32432085731e-12, 2.26412204957e-12, 2.0243988777e-12, 1.25417308917e-12, 1.55104390703e-12, 7.73689489211e-13], "dvar2": [4.89654048579e-05, 4.67261888843e-05, 6.37746734355e-06, 1.58816965268e-06, 8.08078880254e-07, 8.62677779878e-07, 2.27812705589e-07, 1.42380429224e-07, 3.26009015339e-08, 1.05021840113e-08, 7.03185643047e-09, 1.51654493408e-08, 1.55871600072e-08, 5.22671550485e-09, 1.28388197851e-08, 1.57188324579e-08, 3.38272876377e-09, 1.15428622216e-09, 1.39560885071e-09, 2.20816165353e-09, 9.92385063014e-10, 1.81587289649e-09, 4.74876360457e-10, 2.84408496753e-10, 9.28069066042e-10, 1.32553704124e-10, 1.19050005964e-10, 5.0342910396e-11, 9.1701549132e-11, 3.18554523038e-11, 4.02646388453e-11, 2.95967694797e-11, 1.94759538358e-11, 4.23332549571e-11, 4.80457817628e-12, 5.47487185795e-12, 4.60956186416e-12, 3.02712867793e-12, 3.563834991e-12, 1.82660093648e-12], "max": [0.041530571878, 0.0527545697987, 0.01940677315, 0.00742923701182, 0.00855373777449, 0.00836283899844, 0.00489494251087, 0.00397779885679, 0.00489262770861, 0.00151023222134, 0.000659698271193, 0.00125950097572, 0.00132912036497, 0.000681986508425, 0.00102450640406, 0.000848368450534, 0.000508710683789, 0.000267750670901, 0.000219143083086, 0.000372737442376, 0.00020895745547, 0.000513009377755, 0.000131722903461, 0.000138580639032, 0.000187247234862, 6.62043021293e-05, 8.26551040518e-05, 5.17035587109e-05, 6.27600747976e-05, 3.28073037963e-05, 4.41064148617e-05, 5.25015420862e-05, 3.07424743369e-05, 4.0711107431e-05, 1.13658343253e-05, 1.27252642415e-05, 1.09866623461e-05, 7.6220644587e-06, 8.79501203599e-06, 6.86278008288e-06], "mean": [0.00642736116424, 0.00652456842363, 0.00195366865955, 0.00109664467163, 0.00122174120042, 0.00123365200125, 0.000676173134707, 0.000532889273018, 0.000217100954615, 0.000100949822809, 7.9818390077e-05, 7.34471541364e-05, 8.74835677678e-05, 5.43353853573e-05, 6.74387774779e-05, 3.50962218363e-05, 2.09957433981e-05, 1.53018936544e-05, 1.6157164282e-05, 2.30837322306e-05, 1.14221556942e-05, 2.7844480428e-05, 8.63346485858e-06, 6.63317905492e-06, 4.72650708616e-06, 3.57934050044e-06, 4.27262102676e-06, 3.61595607501e-06, 4.35672791355e-06, 2.9292787076e-06, 2.77351477962e-06, 2.45490969064e-06, 1.93327082343e-06, 1.70788553078e-06, 9.43809823184e-07, 7.31955992705e-07, 7.01311932971e-07, 5.55383451228e-07, 5.7926632735e-07, 3.80812025469e-07], "median": [0.00577299995348, 0.00554260984063, 0.00165774964262, 0.000920425634831, 0.000777441309765, 0.000922114530113, 0.000520625326317, 0.000321236118907, 8.96209749044e-05, 5.46672927157e-05, 5.54870275664e-05, 4.16048678744e-05, 4.37182097812e-05, 2.54805199802e-05, 2.01003949769e-05, 9.8095561043e-06, 6.45830505164e-06, 5.14289831699e-06, 4.1422299546e-06, 5.17862099514e-06, 3.39163807439e-06, 4.09478570873e-06, 1.46068111917e-06, 1.46505692555e-06, 4.44374705921e-07, 4.48106334261e-07, 6.80723019286e-07, 4.38803141378e-07, 4.18928919999e-07, 2.32696891089e-07, 2.45995693149e-07, 1.94300412204e-07, 1.42448257634e-07, 1.10778223927e-07, 6.54499174857e-08, 5.51288508177e-08, 4.90722626978e-08, 3.50241968761e-08, 3.08216066003e-08, 2.09037320786e-08], "min": [1.38013171743e-23, 1.43369568844e-23, 2.58155322879e-24, 3.98958159219e-24, 1.40949627577e-23, 2.11829758099e-23, 1.10592090577e-23, 1.62166278281e-23, 1.38847123938e-23, 1.15775253823e-23, 7.74401005942e-24, 7.26512731374e-24, 9.04211854429e-24, 2.04009858831e-23, 2.23046776414e-23, 1.13048303668e-23, 8.88470213951e-24, 7.21826266508e-24, 3.7676549036e-24, 6.58813004033e-24, 8.61603347013e-24, 6.60018225724e-24, 8.06032513862e-24, 6.34398114003e-24, 5.71790247147e-24, 9.626143038e-24, 8.20985687864e-24, 1.17458280675e-23, 6.3675913525e-24, 1.19643267611e-23, 7.01497478753e-24, 1.07115967109e-23, 1.49889851325e-23, 1.49788687802e-23, 1.27246798109e-23, 1.06769333739e-23, 1.00075588634e-23, 8.83183268164e-24, 1.05905807149e-23, 9.7311380579e-24], "var": [2.52988047578e-05, 2.30095756706e-05, 2.34669460042e-06, 6.45411432743e-07, 1.69982286025e-06, 1.15469470074e-06, 2.99207783883e-07, 3.84418740396e-07, 1.56085064873e-07, 2.077720751e-08, 6.97892232893e-09, 9.31412635907e-09, 1.87550366348e-08, 5.1066382234e-09, 1.41774085805e-08, 5.90703397307e-09, 1.72970060497e-09, 7.55008722209e-10, 8.45614300804e-10, 2.003701427e-09, 4.40579656091e-10, 3.72656971948e-09, 3.24659632511e-10, 2.00562580432e-10, 2.28029053972e-10, 5.55561256721e-11, 7.19818440964e-11, 5.56179581557e-11, 7.03159128146e-11, 3.30963832729e-11, 4.07101748146e-11, 2.33145447393e-11, 2.0762835895e-11, 1.8422216877e-11, 3.95740341538e-12, 2.60000506368e-12, 2.30905182128e-12, 1.41761277196e-12, 1.71256715406e-12, 7.96556071971e-13]}, "mfcc": {"mean": [-665.721679688, 184.936401367, 21.0935020447, 30.133895874, 7.06226539612, 11.4518003464, -1.27237594128, 3.51904845238, 2.5172457695, -2.96050405502, -1.16688990593, 7.61182069778, 8.25455760956], "cov": [[4826.58984375, -2878.20092773, -16.1344547272, 50.4907417297, -120.181297302, 95.9959335327, 13.666097641, -93.4231185913, 53.0026359558, 32.5465583801, 67.5221633911, -27.1456756592, -115.155288696], [-2878.20092773, 2526.87011719, -391.773406982, -95.5305557251, 111.619125366, -72.6605072021, -79.0316925049, 67.4508209229, -76.5329742432, -87.2043838501, 15.4613227844, 63.2509346008, 71.9473419189], [-16.1344547272, -391.773406982, 647.684265137, -15.5430631638, -78.3035202026, 17.8214797974, 78.9170227051, -20.0754737854, -11.9159135818, 66.9282073975, -33.8648033142, -49.8934516907, 6.93168592453], [50.4907417297, -95.5305557251, -15.5430631638, 188.120803833, 22.5116386414, -39.0410957336, 0.843355476856, 4.18116092682, 53.6456565857, 1.59940636158, -66.7408981323, -6.11906671524, 28.6420230865], [-120.181297302, 111.619125366, -78.3035202026, 22.5116386414, 184.347198486, -28.3744544983, -59.3190307617, 35.4390449524, -1.9998575449, -54.4818840027, -13.1947937012, 11.3494462967, 9.53478527069], [95.9959335327, -72.6605072021, 17.8214797974, -39.0410957336, -28.3744544983, 85.8805541992, 18.4718837738, -13.6610689163, -27.1771125793, -3.87074804306, 31.3548049927, -4.07381725311, -19.0902194977], [13.666097641, -79.0316925049, 78.9170227051, 0.843355476856, -59.3190307617, 18.4718837738, 110.232902527, -18.8836803436, -3.27617287636, 59.5425682068, -32.618976593, -15.806096077, -2.42751479149], [-93.4231185913, 67.4508209229, -20.0754737854, 4.18116092682, 35.4390449524, -13.6610689163, -18.8836803436, 80.9856643677, 14.470407486, -48.8389625549, 2.40961456299, -2.07392191887, 0.330450862646], [53.0026359558, -76.5329742432, -11.9159135818, 53.6456565857, -1.9998575449, -27.1771125793, -3.27617287636, 14.470407486, 115.51714325, 8.36684608459, -54.3967819214, -3.27688622475, 16.0791759491], [32.5465583801, -87.2043838501, 66.9282073975, 1.59940636158, -54.4818840027, -3.87074804306, 59.5425682068, -48.8389625549, 8.36684608459, 143.391677856, -19.6055755615, -17.9971256256, 1.2958766222], [67.5221633911, 15.4613227844, -33.8648033142, -66.7408981323, -13.1947937012, 31.3548049927, -32.618976593, 2.40961456299, -54.3967819214, -19.6055755615, 139.655441284, 14.6539049149, -43.5118026733], [-27.1456756592, 63.2509346008, -49.8934516907, -6.11906671524, 11.3494462967, -4.07381725311, -15.806096077, -2.07392191887, -3.27688622475, -17.9971256256, 14.6539049149, 51.2390060425, 6.36698961258], [-115.155288696, 71.9473419189, 6.93168592453, 28.6420230865, 9.53478527069, -19.0902194977, -2.42751479149, 0.330450862646, 16.0791759491, 1.2958766222, -43.5118026733, 6.36698961258, 63.2783088684]], "icov": [[0.000903425738215, 0.00115974748041, 0.000710761582013, 0.000297369173495, 0.000261976907495, 0.000165461751749, 0.000213150997297, 0.000310100760544, 0.000240890032728, 0.000253070553299, -7.66990997363e-05, -6.7932975071e-05, 1.76867033588e-05], [0.00115974748041, 0.00200907210819, 0.00121581892017, 0.000772102270275, 0.000302235624986, 0.000652749382425, 0.000262803107034, 2.5742674552e-05, 0.000788773759268, 0.000340561498888, -4.97347764394e-06, -0.000266608403763, -0.000679108314216], [0.000710761582013, 0.00121581892017, 0.00257767294534, 0.000670202658512, 0.000612302625086, 0.000346760352841, -0.000533188751433, -5.32499034307e-05, 0.000780255184509, -3.50576810888e-05, 0.00022278704273, 0.00127111957408, -0.000854724145029], [0.000297369173495, 0.000772102270275, 0.000670202658512, 0.00753458030522, -0.000447284517577, 0.00218542502262, -0.000324966647895, 0.000644769344945, -0.00158988987096, 0.000702506571542, 0.00183445052244, 0.000766787852626, -0.00153580866754], [0.000261976907495, 0.000302235624986, 0.000612302625086, -0.000447284517577, 0.00793961808085, 0.00100596691482, 0.00381433800794, -0.00226921285503, 0.00209737941623, 0.000645697931759, 0.00244156178087, -0.0007144366391, 0.00073840940604], [0.000165461751749, 0.000652749382425, 0.000346760352841, 0.00218542502262, 0.00100596691482, 0.0162632092834, -0.00371621036902, 0.00296541163698, 0.00127899786457, 0.00335360015742, -0.00244339904748, 0.00177401432302, 0.000876195030287], [0.000213150997297, 0.000262803107034, -0.000533188751433, -0.000324966647895, 0.00381433800794, -0.00371621036902, 0.0167050510645, -0.00259656086564, 0.00301206577569, -0.00556851783767, 0.00608122861013, -0.000719063624274, 0.00285574607551], [0.000310100760544, 2.5742674552e-05, -5.32499034307e-05, 0.000644769344945, -0.00226921285503, 0.00296541163698, -0.00259656086564, 0.0185431949794, -0.00376615999267, 0.00691736536101, -0.00256908475421, 0.00377434678376, -4.1859333578e-05], [0.000240890032728, 0.000788773759268, 0.000780255184509, -0.00158988987096, 0.00209737941623, 0.00127899786457, 0.00301206577569, -0.00376615999267, 0.0132017806172, -0.00185156159569, 0.00514162471518, -0.00122870435007, 0.000723210803699], [0.000253070553299, 0.000340561498888, -3.50576810888e-05, 0.000702506571542, 0.000645697931759, 0.00335360015742, -0.00556851783767, 0.00691736536101, -0.00185156159569, 0.0124525623396, -0.0014715755824, 0.00321197975427, -0.000695726135746], [-7.66990997363e-05, -4.97347764394e-06, 0.00022278704273, 0.00183445052244, 0.00244156178087, -0.00244339904748, 0.00608122861013, -0.00256908475421, 0.00514162471518, -0.0014715755824, 0.0149348564446, -0.00395839381963, 0.00754452496767], [-6.7932975071e-05, -0.000266608403763, 0.00127111957408, 0.000766787852626, -0.0007144366391, 0.00177401432302, -0.000719063624274, 0.00377434678376, -0.00122870435007, 0.00321197975427, -0.00395839381963, 0.0241240616888, -0.00461404770613], [1.76867033588e-05, -0.000679108314216, -0.000854724145029, -0.00153580866754, 0.00073840940604, 0.000876195030287, 0.00285574607551, -4.1859333578e-05, 0.000723210803699, -0.000695726135746, 0.00754452496767, -0.00461404770613, 0.0231417194009]]}, "spectral_contrast_coeffs": {"dmean": [0.0386591516435, 0.0444053709507, 0.0390956662595, 0.0345816910267, 0.0238986723125, 0.0176063794643], "dmean2": [0.0657804608345, 0.072888083756, 0.0606239251792, 0.0548841953278, 0.0370895899832, 0.0263356417418], "dvar": [0.00102100847289, 0.00126799556892, 0.00104391400237, 0.000900751561858, 0.000512201630045, 0.000277745042695], "dvar2": [0.00275981868617, 0.00307758850977, 0.00262964819558, 0.0021081098821, 0.00101275695488, 0.000513882783707], "max": [-0.449266433716, -0.40952834487, -0.551495671272, -0.505951225758, -0.602820336819, -0.648360788822], "mean": [-0.677445590496, -0.652280092239, -0.738720357418, -0.76620143652, -0.777862906456, -0.769684195518], "median": [-0.681460857391, -0.652733683586, -0.741031289101, -0.781544208527, -0.786548137665, -0.76732891798], "min": [-0.96650415659, -0.973340153694, -0.981516420841, -0.980942964554, -0.978641331196, -0.978443145752], "var": [0.00232699327171, 0.00515204621479, 0.00351505144499, 0.00444315234199, 0.00272457976826, 0.00137990468647]}, "spectral_contrast_valleys": {"dmean": [0.279486149549, 0.329643338919, 0.385439842939, 0.426458865404, 0.47174346447, 0.569336771965], "dmean2": [0.477528572083, 0.515906870365, 0.588128447533, 0.599798619747, 0.616560041904, 0.680033743382], "dvar": [0.156980976462, 0.210034400225, 0.240710005164, 0.285972297192, 0.438282907009, 0.652727603912], "dvar2": [0.220802083611, 0.327683597803, 0.397915691137, 0.447494804859, 0.660685956478, 1.05899918079], "max": [-5.04399490356, -4.71970272064, -5.557044029