{"lowlevel": {"average_loudness": 0.839664161205, "barkbands_crest": {"dmean": 3.30602860451, "dmean2": 5.53670835495, "dvar": 9.68989467621, "dvar2": 25.5271987915, "max": 26.9801673889, "mean": 15.0383167267, "median": 15.0251817703, "min": 2.52893590927, "var": 23.8487663269}, "barkbands_flatness_db": {"dmean": 0.0347863994539, "dmean2": 0.05231494084, "dvar": 0.00126446015202, "dvar2": 0.00264004198834, "max": 0.872395157814, "mean": 0.214694470167, "median": 0.191789522767, "min": 0.0164258982986, "var": 0.0120189422742}, "barkbands_kurtosis": {"dmean": 49.4983520508, "dmean2": 87.2424926758, "dvar": 742369, "dvar2": 2147987.5, "max": 43070.9179688, "mean": 59.2851028442, "median": 7.51046323776, "min": -1.93915975094, "var": 797796.0625}, "barkbands_skewness": {"dmean": 1.06092834473, "dmean2": 1.69945526123, "dvar": 7.08242034912, "dvar2": 20.7103023529, "max": 108.54637146, "mean": 2.84864473343, "median": 2.44044613838, "min": -18.4809131622, "var": 10.4735774994}, "barkbands_spread": {"dmean": 7.28036880493, "dmean2": 11.7466564178, "dvar": 147.049179077, "dvar2": 345.685302734, "max": 119.932220459, "mean": 16.7153091431, "median": 10.9765930176, "min": 0.00109503662679, "var": 292.356903076}, "dissonance": {"dmean": 0.0272221621126, "dmean2": 0.0448896288872, "dvar": 0.000923454121221, "dvar2": 0.00249575544149, "max": 0.499999940395, "mean": 0.436300367117, "median": 0.453733116388, "min": 0.0273674577475, "var": 0.00394741212949}, "dynamic_complexity": 4.043217659, "erbbands_crest": {"dmean": 2.4277920723, "dmean2": 3.76523041725, "dvar": 5.97891378403, "dvar2": 13.7287988663, "max": 31.8727836609, "mean": 10.8187961578, "median": 8.7358417511, "min": 2.25934696198, "var": 38.954120636}, "erbbands_flatness_db": {"dmean": 0.0202531404793, "dmean2": 0.02814412117, "dvar": 0.000627594941761, "dvar2": 0.00115925841965, "max": 0.675973832607, "mean": 0.162569984794, "median": 0.131248056889, "min": 0.0392999127507, "var": 0.00978009775281}, "erbbands_kurtosis": {"dmean": 2.44790267944, "dmean2": 3.87406611443, "dvar": 36.8934707642, "dvar2": 88.1389007568, "max": 273.691101074, "mean": 4.07972574234, "median": 0.360629200935, "min": -1.87009882927, "var": 235.78692627}, "erbbands_skewness": {"dmean": 0.484951108694, "dmean2": 0.763456046581, "dvar": 0.331682801247, "dvar2": 0.788621604443, "max": 12.1525392532, "mean": 0.752471745014, "median": 0.620594739914, "min": -3.76046586037, "var": 1.6138805151}, "erbbands_spread": {"dmean": 11.6896429062, "dmean2": 17.8649139404, "dvar": 275.082366943, "dvar2": 568.319946289, "max": 187.019882202, "mean": 46.935710907, "median": 41.1960830688, "min": 0.274978905916, "var": 1223.7467041}, "hfc": {"dmean": 11.2203369141, "dmean2": 17.9094238281, "dvar": 689.428161621, "dvar2": 1740.81201172, "max": 254.943237305, "mean": 19.7543487549, "median": 11.4529085159, "min": 1.19424710481e-16, "var": 780.381835938}, "melbands_crest": {"dmean": 3.51907157898, "dmean2": 5.89361572266, "dvar": 10.6719532013, "dvar2": 28.1298370361, "max": 35.4432601929, "mean": 19.2398262024, "median": 19.2262840271, "min": 1.77900338173, "var": 32.823474884}, "melbands_flatness_db": {"dmean": 0.0407758690417, "dmean2": 0.0614768490195, "dvar": 0.00181106384844, "dvar2": 0.00374044105411, "max": 0.992745101452, "mean": 0.322229444981, "median": 0.300577163696, "min": 0.00637228647247, "var": 0.0155685720965}, "melbands_kurtosis": {"dmean": 20.9511890411, "dmean2": 33.0633392334, "dvar": 1673.40930176, "dvar2": 3893.2175293, "max": 1260.67712402, "mean": 38.5267868042, "median": 21.0154151917, "min": -1.77584207058, "var": 3638.70703125}, "melbands_skewness": {"dmean": 1.19039142132, "dmean2": 1.85413265228, "dvar": 1.84203076363, "dvar2": 4.25853586197, "max": 24.3266162872, "mean": 4.1197924614, "median": 3.69047546387, "min": -3.07143354416, "var": 7.46749544144}, "melbands_spread": {"dmean": 4.71384572983, "dmean2": 7.68551158905, "dvar": 71.6979904175, "dvar2": 173.286743164, "max": 221.673446655, "mean": 11.1954755783, "median": 7.82438373566, "min": 0.118025280535, "var": 193.884521484}, "pitch_salience": {"dmean": 0.0890674814582, "dmean2": 0.146783515811, "dvar": 0.00688425591215, "dvar2": 0.0177796538919, "max": 0.878637492657, "mean": 0.430992662907, "median": 0.434855461121, "min": 0.0082917297259, "var": 0.021395675838}, "silence_rate_20dB": {"dmean": 0.00106600334402, "dmean2": 0.00213219621219, "dvar": 0.00106477341615, "dvar2": 0.00319337332621, "max": 1, "mean": 0.999467074871, "median": 1, "min": 0, "var": 0.000532711972483}, "silence_rate_30dB": {"dmean": 0.0858132690191, "dmean2": 0.171641796827, "dvar": 0.0784561485052, "dvar2": 0.1773455441, "max": 1, "mean": 0.881328821182, "median": 1, "min": 0, "var": 0.104580402374}, "silence_rate_60dB": {"dmean": 0.0110153686255, "dmean2": 0.0219438523054, "dvar": 0.0108945015818, "dvar2": 0.0239530596882, "max": 1, "mean": 0.0788772404194, "median": 0, "min": 0, "var": 0.0726567059755}, "spectral_centroid": {"dmean": 225.237945557, "dmean2": 355.014129639, "dvar": 112373.242188, "dvar2": 247372.03125, "max": 11107.0449219, "mean": 911.359313965, "median": 672.965393066, "min": 103.743286133, "var": 462406.09375}, "spectral_complexity": {"dmean": 3.04166293144, "dmean2": 4.54744148254, "dvar": 25.9830932617, "dvar2": 38.7673492432, "max": 61, "mean": 12.3660507202, "median": 11, "min": 0, "var": 79.6734924316}, "spectral_decrease": {"dmean": 6.25629015261e-09, "dmean2": 1.01891801663e-08, "dvar": 1.16146970907e-16, "dvar2": 3.03471337982e-16, "max": 1.20110088762e-18, "mean": -1.268382821e-08, "median": -7.8303941109e-09, "min": -1.41760807537e-07, "var": 1.99332144363e-16}, "spectral_energy": {"dmean": 0.0241989679635, "dmean2": 0.0393236763775, "dvar": 0.0017089729663, "dvar2": 0.00446377135813, "max": 0.545675218105, "mean": 0.0496632680297, "median": 0.0309212263674, "min": 1.08206250504e-20, "var": 0.00297161354683}, "spectral_energyband_high": {"dmean": 0.000922737061046, "dmean2": 0.00150961778127, "dvar": 6.50618085274e-06, "dvar2": 1.68362385011e-05, "max": 0.024236228317, "mean": 0.00117199192755, "median": 0.000313170283334, "min": 7.52533297604e-21, "var": 6.07785705142e-06}, "spectral_energyband_low": {"dmean": 0.0219429470599, "dmean2": 0.0359816849232, "dvar": 0.00157941086218, "dvar2": 0.00412914110348, "max": 0.517987787724, "mean": 0.0358465053141, "median": 0.0189485549927, "min": 5.31068860677e-23, "var": 0.00233620265499}, "spectral_energyband_middle_high": {"dmean": 0.00104332005139, "dmean2": 0.00155755574815, "dvar": 6.40951520836e-06, "dvar2": 1.40389884109e-05, "max": 0.0469607301056, "mean": 0.00186213303823, "median": 0.000813209509943, "min": 1.60297232663e-21, "var": 1.15582743092e-05}, "spectral_energyband_middle_low": {"dmean": 0.00436362437904, "dmean2": 0.00703322933987, "dvar": 5.87116301176e-05, "dvar2": 0.000145813421113, "max": 0.171410292387, "mean": 0.0113401087001, "median": 0.00654506590217, "min": 5.11446116054e-22, "var": 0.000178997943294}, "spectral_entropy": {"dmean": 0.262643814087, "dmean2": 0.381782889366, "dvar": 0.107205614448, "dvar2": 0.210042983294, "max": 9.80228424072, "mean": 7.06391143799, "median": 7.22293043137, "min": 2.11324954033, "var": 1.00738990307}, "spectral_flux": {"dmean": 0.0384199433029, "dmean2": 0.0625088363886, "dvar": 0.00268048373982, "dvar2": 0.00640515983105, "max": 0.653859436512, "mean": 0.0973982959986, "median": 0.0763509124517, "min": 1.0402223527e-10, "var": 0.00617587007582}, "spectral_kurtosis": {"dmean": 6.21541166306, "dmean2": 9.93043804169, "dvar": 525.777404785, "dvar2": 1358.62194824, "max": 899.46697998, "mean": 17.2727680206, "median": 4.38472557068, "min": -1.172493577, "var": 2454.73291016}, "spectral_rms": {"dmean": 0.00142062036321, "dmean2": 0.00226901867427, "dvar": 3.41536679116e-06, "dvar2": 8.5066558313e-06, "max": 0.0230730585754, "mean": 0.00610587000847, "median": 0.00549245392904, "min": 3.24910866441e-12, "var": 1.11704321171e-05}, "spectral_rolloff": {"dmean": 549.464660645, "dmean2": 997.716003418, "dvar": 2362800.25, "dvar2": 6213018.5, "max": 20348.8769531, "mean": 814.800598145, "median": 387.59765625, "min": 64.599609375, "var": 3027514.75}, "spectral_skewness": {"dmean": 0.446376472712, "dmean2": 0.670742690563, "dvar": 0.517259120941, "dvar2": 1.21815252304, "max": 26.7119636536, "mean": 2.49749779701, "median": 1.83556127548, "min": 0.00372214824893, "var": 5.98518276215}, "spectral_spread": {"dmean": 1006821.9375, "dmean2": 1455894.5, "dvar": 2575666774020.0, "dvar2": 4532394262530.0, "max": 40088900, "mean": 5731796, "median": 4880213.5, "min": 124503.789062, "var": 11024512057300.0}, "spectral_strongpeak": {"dmean": 0.28030821681, "dmean2": 0.490203022957, "dvar": 0.300996482372, "dvar2": 0.786088466644, "max": 7.12039804459, "mean": 0.493925899267, "median": 0.305559456348, "min": 0, "var": 0.409082978964}, "zerocrossingrate": {"dmean": 0.0120345689356, "dmean2": 0.0151275657117, "dvar": 0.000290082272841, "dvar2": 0.000417073519202, "max": 0.5205078125, "mean": 0.044076167047, "median": 0.033203125, "min": 0.001953125, "var": 0.00181303801946}, "barkbands": {"dmean": [0.0012689064024, 0.018354171887, 0.00527699291706, 0.00137447286397, 0.00164358178154, 0.001334802364, 0.000712934706826, 0.000530121382326, 0.000435656169429, 0.00024936281261, 0.000227632233873, 0.00015820657427, 0.000121120821859, 0.00010596166976, 9.83117352007e-05, 6.3548941398e-05, 6.84536862536e-05, 8.74092947925e-05, 8.6162770458e-05, 0.000188639634871, 0.000103929181932, 9.41795515246e-05, 0.000117349140055, 0.000212359096622, 0.000201014670893, 0.000153170301928, 1.50313799168e-05], "dmean2": [0.00213267095387, 0.0298474542797, 0.00947741325945, 0.00247279554605, 0.00274761277251, 0.00218242011033, 0.00102462305222, 0.000812843383756, 0.000617122277617, 0.00035712189856, 0.000333263626089, 0.000263864902081, 0.000189358645002, 0.00018140989414, 0.000165062476299, 0.000102427671663, 0.000111258297693, 0.000132895394927, 0.000135915528517, 0.000312198506435, 0.000151035666931, 0.000152136242832, 0.000188950521988, 0.000360221340088, 0.000345905020367, 0.000257222272921, 2.39631463046e-05], "dvar": [6.54560562907e-06, 0.000940873520449, 0.000315128883813, 1.61044481501e-05, 1.0806094906e-05, 9.2125565061e-06, 3.37021492669e-06, 1.96250016415e-06, 1.22374410694e-06, 5.05649722982e-07, 1.01339253433e-06, 3.6484985344e-07, 6.64231905034e-08, 1.03975274612e-07, 6.47798685804e-08, 2.19684235248e-08, 2.7885887377e-08, 7.85392941793e-08, 1.03590956257e-07, 5.76714853651e-07, 9.61023118862e-08, 5.96738800596e-08, 8.82290578375e-08, 3.86394617635e-07, 3.84264296827e-07, 2.28475983022e-07, 2.6392568131e-09], "dvar2": [1.81324394362e-05, 0.00232767406851, 0.000938662269618, 4.59261318611e-05, 2.63548536168e-05, 2.13475541386e-05, 5.79281322644e-06, 4.20563901571e-06, 2.17801425606e-06, 9.34645811412e-07, 1.89371780834e-06, 8.60363002175e-07, 1.55126556933e-07, 2.77790377368e-07, 1.66499049215e-07, 5.43774199002e-08, 6.6213374339e-08, 1.6590091434e-07, 2.60905153482e-07, 1.58391230798e-06, 2.11325499322e-07, 1.52688357957e-07, 2.06488451227e-07, 1.02149510894e-06, 1.03571278487e-06, 5.77450350647e-07, 5.65395730234e-09], "max": [0.0408958755434, 0.432243466377, 0.302396893501, 0.074523717165, 0.169293895364, 0.121036686003, 0.0808524340391, 0.0513165593147, 0.0405595041811, 0.0267598237842, 0.0445039980114, 0.0284965466708, 0.0041896533221, 0.00412048818544, 0.00365729769692, 0.00211157766171, 0.00227042264305, 0.0051853293553, 0.00454291654751, 0.0105150965974, 0.00398632511497, 0.00274243229069, 0.0037944400683, 0.00636154972017, 0.00820296164602, 0.00581098720431, 0.00129544502124], "mean": [0.00176310259849, 0.0281064528972, 0.00552431214601, 0.0013001752086, 0.00317610893399, 0.00242192158476, 0.00169614912011, 0.00132421799935, 0.00119881820865, 0.00051421643002, 0.000354517629603, 0.000219623238081, 0.000169639504747, 0.000105425810034, 0.000110160784971, 7.93429790065e-05, 8.39782733237e-05, 0.000106511957711, 0.000101269470179, 0.000220743939281, 0.000143684577779, 0.000127119783428, 0.000192848383449, 0.000228987220908, 0.000209725651075, 0.000148645252921, 3.56851851393e-05], "median": [0.000742500647902, 0.0151408361271, 0.00124097371008, 0.000477910303744, 0.0016074590385, 0.00111795996781, 0.000576912658289, 0.000232252699789, 0.00032318814192, 0.000171324732946, 8.07938195067e-05, 2.04692660191e-05, 4.95489512105e-05, 1.47621321958e-05, 2.47549123742e-05, 1.78789414349e-05, 1.80025417649e-05, 1.36526605274e-05, 1.44684408951e-05, 3.52707284037e-05, 2.61260411207e-05, 4.02068872063e-05, 1.4541771634e-05, 1.71143092302e-05, 1.19505111797e-05, 8.28661177366e-06, 2.41947691393e-06], "min": [1.53187968329e-23, 1.59082163463e-23, 1.119749243e-23, 3.95267244704e-23, 7.4815467277e-23, 5.8897352304e-23, 7.7116435698e-23, 9.28757182609e-23, 1.4105000855e-22, 6.31338004223e-23, 1.1295223461e-22, 1.39912963373e-22, 2.83386889049e-23, 1.01025856791e-22, 9.26642214967e-23, 8.72766044366e-23, 2.47882184526e-22, 2.49065324422e-22, 3.35104553197e-22, 2.7728321979e-22, 3.70456755131e-22, 4.96922088694e-22, 6.01451081128e-22, 8.27092916464e-22, 1.54870536065e-21, 1.44532181949e-21, 2.40382462443e-21], "var": [8.28161228128e-06, 0.00143821304664, 0.000218167406274, 1.03146849142e-05, 3.4020136809e-05, 2.42836667894e-05, 1.90137598111e-05, 1.53050841618e-05, 9.6797302831e-06, 1.8688047021e-06, 2.07894004234e-06, 1.46821389535e-06, 1.10441469303e-07, 9.38036848197e-08, 6.73106299587e-08, 2.66418140882e-08, 3.67936259238e-08, 1.07206517441e-07, 1.07547364792e-07, 4.81553456666e-07, 1.3095733209e-07, 6.76231834973e-08, 1.77311477501e-07, 3.21196750974e-07, 2.89280819743e-07, 1.88304426274e-07, 1.61621631634e-08]}, "erbbands": {"dmean": [0.587970554829, 4.13297748566, 6.42857408524, 5.20089530945, 4.5523724556, 6.12667751312, 7.7190489769, 11.7181921005, 11.1037921906, 10.751912117, 9.74956703186, 11.6189956665, 6.39540052414, 8.12675380707, 9.61234664917, 6.87638664246, 5.88918399811, 4.47742080688, 5.68210840225, 4.86881685257, 3.19523191452, 3.32385158539, 4.30114030838, 4.82595777512, 6.00777292252, 7.98283243179, 4.88800764084, 4.02053976059, 2.91569852829, 3.49327945709, 4.05640363693, 3.41452884674, 4.00843048096, 2.33067202568, 1.46923315525, 0.800165653229, 0.271926909685, 0.0282192137092, 0.00284193851985, 0.000183021242265], "dmean2": [0.941492080688, 6.8557806015, 11.2256126404, 9.42303562164, 7.99722528458, 10.0695314407, 12.801902771, 19.4213962555, 15.5006637573, 17.3204364777, 14.0048475266, 15.9784660339, 9.60927391052, 11.6859941483, 14.1822862625, 11.221323967, 9.24254703522, 7.41002655029, 9.79276371002, 7.99165916443, 5.12398719788, 5.26319169998, 6.71336746216, 7.32191085815, 9.56644535065, 13.2596063614, 7.33672332764, 5.93388462067, 4.62342500687, 5.86187076569, 6.62328004837, 5.72675132751, 6.86200475693, 4.04097032547, 2.5208530426, 1.335978508, 0.457903712988, 0.0480067543685, 0.00451197195798, 0.000280083972029], "dvar": [1.02074503899, 50.4938049316, 337.414794922, 312.276031494, 90.3875274658, 170.837036133, 347.038787842, 691.79876709, 770.526367188, 1316.32751465, 785.718139648, 927.423095703, 226.251403809, 687.059631348, 1516.02490234, 741.692565918, 165.022491455, 140.167922974, 413.364959717, 119.373687744, 71.0674438477, 76.7851028442, 155.901473999, 281.719299316, 494.544677734, 1031.74108887, 321.947570801, 127.517433167, 63.4919433594, 81.41040802, 99.7976226807, 75.657119751, 158.299316406, 55.1471748352, 23.3368625641, 5.77749967575, 0.798770070076, 0.0080185495317, 9.7093587101e-05, 4.65125594928e-07], "dvar2": [2.41289067268, 128.923736572, 995.379150391, 905.382202148, 256.955383301, 354.278594971, 806.887084961, 1570.15515137, 1165.49780273, 3183.41723633, 1353.95410156, 1593.29919434, 458.718688965, 1254.92895508, 2852.27441406, 1673.95446777, 392.262756348, 341.243011475, 1154.83813477, 293.250823975, 180.8046875, 178.635681152, 347.360809326, 624.00378418, 1305.17114258, 2831.36132812, 775.03302002, 296.77557373, 160.213226318, 211.891433716, 234.09614563, 192.622909546, 426.064910889, 150.008255005, 62.7183570862, 14.5815343857, 2.0185148716, 0.0207225587219, 0.000200295224204, 8.88108104391e-07], "max": [15.132642746, 86.4858093262, 306.520843506, 246.657455444, 189.929458618, 921.155212402, 725.023254395, 704.043945312, 1225.15100098, 1516.42810059, 1391.74255371, 1168.19689941, 689.944274902, 940.346801758, 1677.21069336, 1436.47045898, 206.192840576, 161.574462891, 222.708694458, 254.206130981, 110.395889282, 115.630279541, 173.130126953, 305.504211426, 352.348602295, 429.228820801, 216.727890015, 143.22694397, 99.1878662109, 119.826873779, 120.573944092, 79.4207229614, 129.796478271, 73.9798278809, 73.0154342651, 32.1623802185, 10.2647361755, 1.13474428654, 0.282485961914, 0.0199283994734], "mean": [0.925954759121, 5.70191669464, 8.04325199127, 5.00872659683, 6.7849946022, 11.9393415451, 13.0853490829, 20.4508495331, 26.6823425293, 25.1770019531, 28.2033576965, 34.2942619324, 15.1838188171, 13.9257316589, 15.4166345596, 10.9366044998, 8.25968074799, 5.39938831329, 5.55151224136, 6.27536201477, 3.97441530228, 4.06879997253, 5.55953407288, 5.93538808823, 7.9680762291, 9.04205799103, 6.18788051605, 5.30353116989, 3.99591851234, 4.92431783676, 6.49808740616, 4.26666784286, 4.09009838104, 2.34887576103, 1.50160598755, 0.795344471931, 0.257182717323, 0.0323439501226, 0.00683276448399, 0.000544571666978], "median": [0.510026216507, 2.80334043503, 2.41484975815, 2.11093044281, 3.23316502571, 5.54357147217, 6.01351833344, 9.86116504669, 10.6991634369, 7.23498535156, 5.28182029724, 9.59899139404, 5.87104654312, 4.04003381729, 3.69766688347, 1.63753449917, 2.5521736145, 1.08207368851, 1.08330273628, 1.58107638359, 0.926122903824, 0.998516499996, 1.06291508675, 0.857731997967, 0.957409501076, 1.55084037781, 1.10371720791, 1.17016100883, 1.24848914146, 1.108928442, 0.522932052612, 0.378836363554, 0.242148965597, 0.125969260931, 0.0815265327692, 0.0403725765646, 0.0144134769216, 0.00314464233816, 0.000421036442276, 7.70428814576e-05], "min": [7.52515293905e-22, 2.41568666906e-21, 8.03953316329e-21, 9.33465695695e-20, 1.34238902311e-19, 3.11016860091e-19, 1.79959191019e-19, 5.97242962128e-19, 1.24693403478e-18, 1.16388996096e-18, 2.60293907115e-18, 3.36815661799e-18, 2.21599969703e-18, 2.01720958427e-18, 5.09497183373e-18, 6.00013283058e-18, 1.99674348156e-18, 5.08598120765e-18, 4.32011659877e-18, 4.93522299152e-18, 7.34192276812e-18, 1.32246567495e-17, 1.57528143506e-17, 1.17180597603e-17, 1.78955181939e-17, 1.23238959399e-17, 1.69148161684e-17, 1.56879501557e-17, 1.57317725301e-17, 1.45417276352e-17, 1.84343982388e-17, 1.71708798532e-17, 1.55029809902e-17, 1.49348981609e-17, 1.20841227501e-17, 5.58274121579e-18, 2.63497143358e-18, 1.1159022151e-18, 3.06720794183e-19, 3.9306184836e-20], "var": [1.67028844357, 65.7136764526, 276.976348877, 194.68711853, 151.919052124, 598.632019043, 816.003356934, 1562.74597168, 3784.65649414, 6494.66699219, 8082.49755859, 7668.97558594, 1096.4921875, 1708.27038574, 3100.76293945, 3695.11523438, 257.063262939, 173.949432373, 298.235931396, 161.548309326, 81.5500717163, 97.8388595581, 216.4190979, 360.493774414, 527.388916016, 844.150756836, 361.950042725, 160.975097656, 76.8271636963, 95.5854949951, 198.085983276, 83.310798645, 120.916137695, 40.4201774597, 17.3463840485, 4.78850984573, 0.647043943405, 0.00929473154247, 0.000702504999936, 3.76332423002e-06]}, "gfcc": {"mean": [-44.0921859741, 105.646507263, -57.7445030212, 24.3709964752, -55.5092926025, 11.1751947403, -23.2085399628, 10.4512662888, -16.2163333893, 6.84206008911, -9.22140216827, 3.1891477108, -4.3585562706], "cov": [[20399.6582031, -4333.75732422, -446.19543457, 1859.46154785, -380.330810547, 1912.3815918, 241.58215332, 1487.91137695, 122.312568665, 1082.29382324, 137.713851929, 709.886657715, -305.993225098], [-4333.75732422, 2956.23120117, -138.269485474, -782.636474609, 259.772216797, -658.262145996, 277.202636719, -427.489868164, 142.606552124, -279.776977539, 72.5271377563, -324.902923584, 132.468063354], [-446.19543457, -138.269485474, 1066.5579834, -23.3254108429, -83.2139892578, 246.593002319, -119.995925903, 121.771949768, -2.74467778206, -28.5220527649, 16.5426254272, 49.2452697754, -47.0700683594], [1859.46154785, -782.636474609, -23.3254108429, 743.758178711, -44.6540222168, 202.845809937, 40.647441864, 179.67829895, -2.25744199753, 126.589477539, 0.564868271351, 81.2214813232, -18.0152282715], [-380.330810547, 259.772216797, -83.2139892578, -44.6540222168, 470.593322754, -76.681892395, 102.899650574, -71.9503631592, 1.42116057873, -60.5083236694, 4.77792549133, 4.775182724, 59.6839523315], [1912.3815918, -658.262145996, 246.593002319, 202.845809937, -76.681892395, 568.257324219, 8.76696491241, 236.148147583, 10.9657230377, 84.6552047729, 17.5981941223, 123.679496765, -22.2058677673], [241.58215332, 277.202636719, -119.995925903, 40.647441864, 102.899650574, 8.76696491241, 272.107788086, 54.1433105469, 46.6703453064, 17.8285999298, 43.4328804016, -7.07623720169, 44.1124458313], [1487.91137695, -427.489868164, 121.771949768, 179.67829895, -71.9503631592, 236.148147583, 54.1433105469, 273.567810059, 55.5816307068, 114.353927612, 29.8609085083, 72.5009994507, -22.9347877502], [122.312568665, 142.606552124, -2.74467778206, -2.25744199753, 1.42116057873, 10.9657230377, 46.6703453064, 55.5816307068, 159.203811646, 65.6175079346, 30.2515525818, -20.5066413879, 6.71765422821], [1082.29382324, -279.776977539, -28.5220527649, 126.589477539, -60.5083236694, 84.6552047729, 17.8285999298, 114.353927612, 65.6175079346, 217.400131226, 81.5455932617, 41.9045524597, -47.153377533], [137.713851929, 72.5271377563, 16.5426254272, 0.564868271351, 4.77792549133, 17.5981941223, 43.4328804016, 29.8609085083, 30.2515525818, 81.5455932617, 154.209365845, 41.2096481323, 4.99715805054], [709.886657715, -324.902923584, 49.2452697754, 81.2214813232, 4.775182724, 123.679496765, -7.07623720169, 72.5009994507, -20.5066413879, 41.9045524597, 41.2096481323, 130.893035889, 9.16355323792], [-305.993225098, 132.468063354, -47.0700683594, -18.0152282715, 59.6839523315, -22.2058677673, 44.1124458313, -22.9347877502, 6.71765422821, -47.153377533, 4.99715805054, 9.16355323792, 103.371871948]], "icov": [[0.000139829237014, 4.82956011183e-06, 0.000161742573255, -9.34803174459e-05, -3.25669352605e-05, -0.000243907386903, -1.47161044879e-05, -0.000373032758944, 0.000102095247712, -0.000333389878506, 0.000180113260285, -0.00026045695995, 0.000210674770642], [4.82956011183e-06, 0.00119326438289, -0.000213696068386, 0.000628699664958, -5.89468118051e-06, 0.000456886424217, -0.0012132396223, 0.000854266516399, -0.00100498425309, 0.000956313626375, -0.00113980995957, 0.00157034443691, -0.000276331731584], [0.000161742573255, -0.000213696068386, 0.00147432112135, -0.000103838145151, -6.86875209794e-05, -0.000811460486148, 0.000888023700099, -0.00125974579714, 0.000117443727504, 0.000387822743505, -0.000242552079726, -0.000470741157187, 0.000835480226669], [-9.34803174459e-05, 0.000628699664958, -0.000103838145151, 0.0021876883693, 3.54446433448e-06, 0.000206905926461, -0.000806881755125, -2.63766451098e-05, -2.47995594691e-05, -0.000233102095081, -2.63559086306e-05, 0.000640448823106, -0.000527739350218], [-3.25669352605e-05, -5.89468118051e-06, -6.86875209794e-05, 3.54446433448e-06, 0.00266931252554, 0.000204567462788, -0.00113257241901, 0.000996963935904, -0.000341049046256, 0.000473290303489, 0.000142709119245, -0.000926430919208, -0.00059896329185], [-0.000243907386903, 0.000456886424217, -0.000811460486148, 0.000206905926461, 0.000204567462788, 0.00388491316698, -0.000547758769244, -0.0010580358794, -0.00043087368249, 0.00101110292599, -0.000231045472901, -0.000781603273936, -0.000355813157512], [-1.47161044879e-05, -0.0012132396223, 0.000888023700099, -0.000806881755125, -0.00113257241901, -0.000547758769244, 0.00674083922058, -0.0029624113813, 0.000538539956324, -0.000225654759561, -0.000755417044275, 0.000287993840175, -0.00134960119613], [-0.000373032758944, 0.000854266516399, -0.00125974579714, -2.63766451098e-05, 0.000996963935904, -0.0010580358794, -0.0029624113813, 0.0104334112257, -0.0029658395797, -0.000829784024972, 0.000150239517097, -0.000578222738113, -0.000142842851346], [0.000102095247712, -0.00100498425309, 0.000117443727504, -2.47995594691e-05, -0.000341049046256, -0.00043087368249, 0.000538539956324, -0.0029658395797, 0.00993365980685, -0.00421116454527, 0.000701887882315, 0.00183135527186, -0.00190700404346], [-0.000333389878506, 0.000956313626375, 0.000387822743505, -0.000233102095081, 0.000473290303489, 0.00101110292599, -0.000225654759561, -0.000829784024972, -0.00421116454527, 0.0120536126196, -0.00596966641024, 0.000752013351303, 0.00377361057326], [0.000180113260285, -0.00113980995957, -0.000242552079726, -2.63559086306e-05, 0.000142709119245, -0.000231045472901, -0.000755417044275, 0.000150239517097, 0.000701887882315, -0.00596966641024, 0.0115143777803, -0.00515982788056, -0.000765495293308], [-0.00026045695995, 0.00157034443691, -0.000470741157187, 0.000640448823106, -0.000926430919208, -0.000781603273936, 0.000287993840175, -0.000578222738113, 0.00183135527186, 0.000752013351303, -0.00515982788056, 0.0157674681395, -0.00369453686289], [0.000210674770642, -0.000276331731584, 0.000835480226669, -0.000527739350218, -0.00059896329185, -0.000355813157512, -0.00134960119613, -0.000142842851346, -0.00190700404346, 0.00377361057326, -0.000765495293308, -0.00369453686289, 0.0139634106308]]}, "melbands": {"dmean": [0.00514520704746, 0.00392708182335, 0.000861386884935, 0.000394176022382, 0.000261819805019, 0.000259872089373, 0.000161986958119, 0.000116824921861, 7.8433768067e-05, 6.87079154886e-05, 3.1249364838e-05, 3.33734060405e-05, 3.30794246111e-05, 2.02737210202e-05, 1.64577813848e-05, 1.02656103991e-05, 8.6434174591e-06, 1.00186307463e-05, 6.46854005026e-06, 5.98582300881e-06, 3.46808315044e-06, 3.17299327435e-06, 4.50912193628e-06, 4.36572736362e-06, 4.00274939238e-06, 3.6092535538e-06, 5.93526465309e-06, 5.37816640644e-06, 3.38452309734e-06, 2.8872045732e-06, 2.0354427761e-06, 1.61429466061e-06, 1.93184382624e-06, 1.93487426259e-06, 2.15124623537e-06, 2.25045641855e-06, 2.14452734326e-06, 2.76428977486e-06, 2.62020876107e-06, 1.85395322205e-06], "dmean2": [0.00833243690431, 0.00657271128148, 0.00155574525706, 0.000659459969029, 0.000434040935943, 0.000424793572165, 0.000225862269872, 0.000189192942344, 0.000110670058348, 9.5429852081e-05, 4.73674444947e-05, 4.78443653265e-05, 4.89201520395e-05, 3.20972576446e-05, 2.7447951652e-05, 1.57636368385e-05, 1.45003523357e-05, 1.74556498678e-05, 1.07890591607e-05, 9.75537204795e-06, 5.59566387892e-06, 5.08888251716e-06, 7.34552304493e-06, 6.41835549686e-06, 6.13575821262e-06, 5.71070859223e-06, 9.64875380305e-06, 9.18525529414e-06, 5.3770759223e-06, 4.19587877332e-06, 3.13259783979e-06, 2.60715455624e-06, 3.17140757033e-06, 3.27978750647e-06, 3.50767618329e-06, 3.6845908653e-06, 3.62217292604e-06, 4.74843136544e-06, 4.50334664492e-06, 3.2419359286e-06], "dvar": [7.43863056414e-05, 7.25090576452e-05, 7.57749376135e-06, 7.32433761641e-07, 2.98507160323e-07, 3.24770667248e-07, 1.65360930282e-07, 1.4100750434e-07, 4.64208902429e-08, 3.3955831924e-08, 5.54900569938e-09, 1.25768027104e-08, 2.12356514595e-08, 5.04162400716e-09, 2.66392663484e-09, 5.47774214876e-10, 5.40424982542e-10, 1.45701017917e-09, 2.68486538557e-10, 1.73468739373e-10, 9.12069378356e-11, 7.22613496817e-11, 1.44791151291e-10, 1.71130068449e-10, 2.01576005887e-10, 2.11614392676e-10, 4.31779612065e-10, 5.21822196564e-10, 1.88519602706e-10, 7.38128516642e-11, 2.97912562675e-11, 2.29725578837e-11, 2.44261624816e-11, 2.78543230148e-11, 2.8386775569e-11, 3.12137884984e-11, 3.09326279868e-11, 7.32998453601e-11, 7.63272570148e-11, 3.3224822199e-11], "dvar2": [0.000181581417564, 0.000202803843422, 2.20176261791e-05, 1.7382420765e-06, 7.09079245098e-07, 7.30376143565e-07, 2.50724610851e-07, 3.45571464777e-07, 7.80673587997e-08, 5.95638809386e-08, 1.13564393445e-08, 2.26184564411e-08, 3.93931500753e-08, 1.09459810105e-08, 6.9664034541e-09, 1.202243749e-09, 1.34724309486e-09, 4.12809431083e-09, 6.65256738586e-10, 4.36018388061e-10, 2.32677613288e-10, 1.69989272658e-10, 3.61709995289e-10, 3.27878807438e-10, 4.57206439375e-10, 5.49582990228e-10, 1.15215748053e-09, 1.45117196038e-09, 4.83411921604e-10, 1.59067384264e-10, 7.14257333834e-11, 5.88900525567e-11, 6.25797608178e-11, 7.26699186937e-11, 6.59644075474e-11, 7.67474556129e-11, 8.01766292247e-11, 1.9656486161e-10, 2.074976857e-10, 9.06075076079e-11], "max": [0.131616577506, 0.136224076152, 0.0401939973235, 0.0464507266879, 0.0198960229754, 0.0179668366909, 0.0187189523131, 0.0139575982466, 0.0102941086516, 0.00704816682264, 0.00342542678118, 0.00416029337794, 0.00660590641201, 0.00307813263498, 0.00191873603035, 0.000448935199529, 0.000263570371317, 0.000429315783549, 0.000242811162025, 0.000235384693951, 0.000135082736961, 0.000103821905213, 0.000178392292582, 0.000206890865229, 0.000266102841124, 0.000216553278733, 0.000320999359246, 0.000289087445708, 0.000157934468007, 0.000109322500066, 8.47303235787e-05, 5.9162004618e-05, 6.29945716355e-05, 7.22429467714e-05, 6.48650966468e-05, 6.7983957706e-05, 5.33976417501e-05, 9.25808562897e-05, 8.92368043424e-05, 5.69803851249e-05], "mean": [0.00802921783179, 0.00551211228594, 0.000895888835657, 0.000749835860915, 0.000468110956717, 0.000466959289042, 0.000394716509618, 0.000271127209999, 0.000231628015172, 0.000195423795958, 6.86611820129e-05, 5.52236488147e-05, 5.13141312695e-05, 3.12614429276e-05, 2.20730744331e-05, 1.44425594044e-05, 9.79069682217e-06, 9.26589473238e-06, 7.36657921152e-06, 8.06156822364e-06, 4.04939464715e-06, 3.74470823772e-06, 5.39578377357e-06, 5.35351136932e-06, 4.67603331344e-06, 4.28544944953e-06, 8.02540125733e-06, 5.44811655345e-06, 3.80612686968e-06, 4.00377166443e-06, 2.57412966675e-06, 2.0643562948e-06, 2.6317704851e-06, 2.70043892669e-06, 3.5465163819e-06, 3.25255200551e-06, 2.45999808612e-06, 2.78137963505e-06, 2.66513575298e-06, 1.79194137218e-06], "median": [0.00448767887428, 0.00221849279478, 0.000413696689066, 0.000340997881722, 0.000236865133047, 0.000219841909711, 0.000152448905283, 7.17229122529e-05, 4.50441802968e-05, 5.34114442416e-05, 2.38015563809e-05, 1.41852451634e-05, 1.16196461022e-05, 4.7088624342e-06, 5.24911229149e-06, 3.65913228961e-06, 1.43966042288e-06, 1.40446854857e-06, 1.72273973931e-06, 1.91133540284e-06, 7.33766455596e-07, 8.12039502307e-07, 1.03110596683e-06, 6.44613464829e-07, 6.20337345936e-07, 3.64906156847e-07, 1.0411963558e-06, 8.88916190434e-07, 5.70741917727e-07, 5.7579507029e-07, 6.56265342514e-07, 5.24502297594e-07, 8.31244051369e-07, 3.91471616012e-07, 2.42169818421e-07, 2.61086341879e-07, 2.02418874551e-07, 1.72329279735e-07, 1.20844390494e-07, 8.94890490599e-08], "min": [5.24493421042e-24, 3.74673786227e-24, 1.59796918775e-23, 1.63369054503e-23, 8.65206469198e-24, 1.43841023676e-23, 1.87336510516e-23, 1.59506428635e-23, 2.27646734793e-23, 1.9620739339e-23, 1.07306950334e-23, 7.3820948756e-24, 1.52546545527e-23, 1.51206318181e-23, 1.12732033554e-23, 3.20959123063e-24, 1.0419037389e-23, 6.73293019264e-24, 6.58571375937e-24, 5.52145875113e-24, 9.51399147196e-24, 1.16294340076e-23, 2.21751892792e-23, 7.63172438703e-24, 8.9376780936e-24, 1.54148453813e-23, 1.05007562791e-23, 6.95749049337e-24, 1.09736231715e-23, 7.99929807013e-24, 1.05017210559e-23, 9.63134242022e-24, 8.11695115211e-24, 7.88288507748e-24, 1.04772876671e-23, 9.77067892191e-24, 1.0906930504e-23, 1.04217810473e-23, 1.01732543634e-23, 1.33921097793e-23], "var": [0.00011760237976, 7.80278496677e-05, 4.85053169541e-06, 2.45441742663e-06, 7.33945967113e-07, 8.27100961942e-07, 8.52658104122e-07, 6.87222893703e-07, 4.91953755954e-07, 2.60450349288e-07, 2.58363943573e-08, 3.14107033716e-08, 4.40107292832e-08, 1.98587706279e-08, 6.12422335067e-09, 9.47248390837e-10, 6.44768183289e-10, 9.94401783139e-10, 2.98592345294e-10, 2.34413710665e-10, 1.04290590053e-10, 9.16774364756e-11, 1.62502802881e-10, 2.66921068581e-10, 2.44630871116e-10, 2.04405867232e-10, 4.84299322867e-10, 3.93964777468e-10, 1.85495702132e-10, 1.02134432856e-10, 3.54783286083e-11, 2.55934665822e-11, 2.78670489462e-11, 3.45259758283e-11, 5.99200966622e-11, 4.81987748324e-11, 3.07204886529e-11, 5.6686672717e-11, 5.56671410357e-11, 2.41012765301e-11]}, "mfcc": {"mean": [-701.091674805, 140.482589722, 47.8937416077, 24.4733448029, 1.89902532101, 6.11222505569, 5.09279966354, 4.07441091537, 3.98297452927, 5.02946662903, 1.04697966576, 3.52338504791, 3.3196618557], "cov": [[12715.3164062, -2093.12915039, -233.121658325, 380.93862915, 175.14074707, 399.931549072, 282.578826904, 590.140380859, 363.9921875, 517.805480957, 401.00479126, 519.426513672, 462.85168457], [-2093.12915039, 2500.44604492, -253.435745239, -94.7425231934, -143.786605835, -89.9045410156, 76.8597183228, -100.943412781, 112.032226562, 7.68047857285, 97.2548980713, 83.346282959, 34.3289222717], [-233.121658325, -253.435745239, 1076.76940918, -209.949401855, 76.360710144, -1.81189894676, -4.75404691696, 106.951774597, -31.947637558, 28.4931621552, 77.6667098999, 16.5603199005, 43.8040008545], [380.93862915, -94.7425231934, -209.949401855, 498.711730957, -18.6400527954, 22.4606666565, 41.4200286865, -19.7592639923, 29.4236316681, 31.4675598145, 28.9087200165, 24.4970359802, 7.47148942947], [175.14074707, -143.786605835, 76.360710144, -18.6400527954, 272.672485352, 73.5052642822, 26.2695655823, 56.4171333313, 14.7403364182, -18.3776683807, -11.9741840363, 5.26633071899, 24.4082107544], [399.931549072, -89.9045410156, -1.81189894676, 22.4606666565, 73.5052642822, 166.643615723, 58.629776001, 67.5075759888, 31.9179592133, 18.9081439972, -6.48863363266, 6.07418107986, 15.3171272278], [282.578826904, 76.8597183228, -4.75404691696, 41.4200286865, 26.2695655823, 58.629776001, 185.39730835, 83.5939102173, 34.0016784668, -0.846386730671, 14.1914014816, 20.1521720886, 24.6318397522], [590.140380859, -100.943412781, 106.951774597, -19.7592639923, 56.4171333313, 67.5075759888, 83.5939102173, 194.517440796, 71.9082946777, 19.146270752, 9.29690074921, 23.2774181366, 33.5215682983], [363.9921875, 112.032226562, -31.947637558, 29.4236316681, 14.7403364182, 31.9179592133, 34.0016784668, 71.9082946777, 157.298812866, 65.1247177124, 29.3443050385, 19.8544921875, 12.6624832153], [517.805480957, 7.68047857285, 28.4931621552, 31.4675598145, -18.3776683807, 18.9081439972, -0.846386730671, 19.146270752, 65.1247177124, 135.24822998, 74.8880386353, 47.880657196, 30.5838623047], [401.00479126, 97.2548980713, 77.6667098999, 28.9087200165, -11.9741840363, -6.48863363266, 14.1914014816, 9.29690074921, 29.3443050385, 74.8880386353, 135.132080078, 81.614112854, 51.671497345], [519.426513672, 83.346282959, 16.5603199005, 24.4970359802, 5.26633071899, 6.07418107986, 20.1521720886, 23.2774181366, 19.8544921875, 47.880657196, 81.614112854, 137.978912354, 91.4009246826], [462.85168457, 34.3289222717, 43.8040008545, 7.47148942947, 24.4082107544, 15.3171272278, 24.6318397522, 33.5215682983, 12.6624832153, 30.5838623047, 51.671497345, 91.4009246826, 139.740356445]], "icov": [[0.000170045372215, 0.000174166081706, 0.000142540506204, 2.14634437725e-05, 4.16082912125e-05, -0.000116299699584, -7.42789925425e-05, -0.000292636657832, -0.000100122626463, -0.000296662503388, -0.000240098132053, -0.000314056436764, -0.000194873573491], [0.000174166081706, 0.000706317310687, 0.000246809679084, 0.000271128315944, 0.000248802592978, 3.04147233692e-05, -0.000492064573336, 0.000280562642729, -0.000818184635136, 0.000175396417035, -0.000676488736644, -0.000534096558113, -0.000234379258472], [0.000142540506204, 0.000246809679084, 0.00139194761869, 0.000514360668603, -0.000225442898227, 0.000158364593517, 0.000110304288683, -0.00113851111382, 0.000580344290938, -0.000388439337257, -0.00146678299643, 0.00043970864499, -0.000433708773926], [2.14634437725e-05, 0.000271128315944, 0.000514360668603, 0.0024486402981, 0.000134437970701, -0.000204165567993, -0.000758389767725, 0.000646366970614, -0.000492216611747, -9.7392272437e-05, -0.000775928376243, -0.00018699291104, 2.28078934015e-05], [4.16082912125e-05, 0.000248802592978, -0.000225442898227, 0.000134437970701, 0.00461098691449, -0.00189649127424, 0.000161722535267, -0.000299641338643, -0.000787330092862, 0.0014585374156, -0.000111027868115, -0.000181151379365, -0.000777933688369], [-0.000116299699584, 3.04147233692e-05, 0.000158364593517, -0.000204165567993, -0.00189649127424, 0.00860045850277, -0.00181529426482, -0.00140501512215, 0.000249029428232, -0.00195918953978, 0.00166197237559, 0.000312022137223, -2.78204861388e-05], [-7.42789925425e-05, -0.000492064573336, 0.000110304288683, -0.000758389767725, 0.000161722535267, -0.00181529426482, 0.00791273172945, -0.00319331954233, 0.000288909446681, 0.00164609286003, -0.00111271603964, 0.000423947611125, -0.000337420642609], [-0.000292636657832, 0.000280562642729, -0.00113851111382, 0.000646366970614, -0.000299641338643, -0.00140501512215, -0.00319331954233, 0.0103891575709, -0.00439997017384, 0.00155235186685, 0.00139085331466, -0.000624899170361, -0.00054690381512], [-0.000100122626463, -0.000818184635136, 0.000580344290938, -0.000492216611747, -0.000787330092862, 0.000249029428232, 0.000288909446681, -0.00439997017384, 0.0112777724862, -0.00531558552757, 0.000432218774222, 0.00105540279765, 0.000783125811722], [-0.000296662503388, 0.000175396417035, -0.000388439337257, -9.7392272437e-05, 0.0014585374156, -0.00195918953978, 0.00164609286003, 0.00155235186685, -0.00531558552757, 0.0149917118251, -0.00635614665225, -3.23444073729e-05, -6.4049338107e-05], [-0.000240098132053, -0.000676488736644, -0.00146678299643, -0.000775928376243, -0.000111027868115, 0.00166197237559, -0.00111271603964, 0.00139085331466, 0.000432218774222, -0.00635614665225, 0.0170362237841, -0.00695372419432, 0.000763211282901], [-0.000314056436764, -0.000534096558113, 0.00043970864499, -0.00018699291104, -0.000181151379365, 0.000312022137223, 0.000423947611125, -0.000624899170361, 0.00105540279765, -3.23444073729e-05, -0.00695372419432, 0.0182769168168, -0.00835558678955], [-0.000194873573491, -0.000234379258472, -0.000433708773926, 2.28078934015e-05, -0.000777933688369, -2.78204861388e-05, -0.000337420642609, -0.00054690381512, 0.000783125811722, -6.4049338107e-05, 0.000763211282901, -0.00835558678955, 0.013449546881]]}, "spectral_contrast_coeffs": {"dmean": [0.0478156842291, 0.0423752777278, 0.03620281443, 0.0290500372648, 0.0232892930508, 0.02149297297], "dmean2": [0.0813616737723, 0.069287262857, 0.0568941086531, 0.0471000224352, 0.0373642221093, 0.0312107689679], "dvar": [0.00155110424384, 0.00132097909227, 0.00105860456824, 0.000673467118759, 0.000482306524646, 0.000471218838356], "dvar2": [0.00435363454744, 0.00346373300999, 0.00248143495992, 0.00161912478507, 0.00111485086381, 0.000883424887434], "max": [-0.250586718321, -0.393352270126, -0.428043246269, -0.55005210638, -0.555665433407, -0.608185589314], "mean": [-0.68509221077, -0.727094173431, -0.746860206127, -0.799458920956, -0.804047763348, -0.784157812595], "median": [-0.703252613544, -0.732554137707, -0.753598809242, -0.810361862183, -0.818567752838, -0.793362140656], "min": [-0.968888700008, -0.968160033226, -0.968651473522, -0.964014291763, -0.957792639732, -0.963395178318], "var": [0.00866910815239, 0.00579488044605, 0.0059791430831, 0.00351832876913, 0.00337762874551, 0.00346235791221]}, "spectral_contrast_valleys": {"dmean": [0.385364115238, 0.361324101686, 0.410515040159, 0.42662858963, 0.391624391079, 0.455165356398], "dmean2": [0.643427431583, 0.582012712955, 0.638039827347, 0.64805907011, 0.545696258545, 0.611761868], "dvar": [0.143730387092, 0.175200909376, 0.21682305634, 0.256165057421, 0.221238642931, 0.405410021544], "dvar2": [0.313084959984, 0.373813569546, 0.45951923728, 0.513586103916, 0.40657544136, 0.7681483030