{"lowlevel": {"average_loudness": 0.953199446201, "barkbands_crest": {"dmean": 3.1472723484, "dmean2": 4.74621868134, "dvar": 9.2261800766, "dvar2": 19.7091560364, "max": 26.6564922333, "mean": 14.6557216644, "median": 13.7043218613, "min": 1.91681849957, "var": 37.9346046448}, "barkbands_flatness_db": {"dmean": 0.0448936484754, "dmean2": 0.0645175054669, "dvar": 0.00255140545778, "dvar2": 0.00516942562535, "max": 0.732747793198, "mean": 0.197799324989, "median": 0.184308379889, "min": 0.0113338725641, "var": 0.0109891556203}, "barkbands_kurtosis": {"dmean": 37.4646263123, "dmean2": 60.8679008484, "dvar": 54338.8320312, "dvar2": 143055.8125, "max": 8494.01757812, "mean": 63.4065971375, "median": 14.9774398804, "min": -1.91820907593, "var": 123638.632812}, "barkbands_skewness": {"dmean": 1.54376614094, "dmean2": 2.29835152626, "dvar": 6.14506530762, "dvar2": 14.5914144516, "max": 66.1310424805, "mean": 4.36612844467, "median": 3.58983230591, "min": -2.73353528976, "var": 20.5632991791}, "barkbands_spread": {"dmean": 8.63800525665, "dmean2": 13.7440643311, "dvar": 152.225189209, "dvar2": 363.986480713, "max": 114.993988037, "mean": 18.102602005, "median": 11.1437740326, "min": 0.0290008150041, "var": 328.462310791}, "dissonance": {"dmean": 0.0228508748114, "dmean2": 0.0374771431088, "dvar": 0.000669529021252, "dvar2": 0.00169731094502, "max": 0.500000119209, "mean": 0.460393369198, "median": 0.47056004405, "min": 0.0953911691904, "var": 0.00134841818362}, "dynamic_complexity": 2.2840590477, "erbbands_crest": {"dmean": 2.74567437172, "dmean2": 4.53726148605, "dvar": 7.66100168228, "dvar2": 19.5432453156, "max": 30.8693828583, "mean": 8.51721191406, "median": 7.43279838562, "min": 2.18779087067, "var": 19.3035087585}, "erbbands_flatness_db": {"dmean": 0.0228028651327, "dmean2": 0.0331972427666, "dvar": 0.000741581548937, "dvar2": 0.00136284925975, "max": 0.507549881935, "mean": 0.12074855715, "median": 0.101572021842, "min": 0.0263253264129, "var": 0.00449889851734}, "erbbands_kurtosis": {"dmean": 2.24300050735, "dmean2": 3.55371785164, "dvar": 54.6513328552, "dvar2": 118.371284485, "max": 190.007476807, "mean": 2.38213133812, "median": -0.0895578861237, "min": -1.92711246014, "var": 146.313018799}, "erbbands_skewness": {"dmean": 0.555782675743, "dmean2": 0.859718561172, "dvar": 0.59639954567, "dvar2": 1.21800589561, "max": 12.9626169205, "mean": 0.591653048992, "median": 0.356608450413, "min": -5.48980998993, "var": 1.98006236553}, "erbbands_spread": {"dmean": 16.2455329895, "dmean2": 23.7080955505, "dvar": 351.036773682, "dvar2": 732.68536377, "max": 216.327774048, "mean": 60.348323822, "median": 54.7995910645, "min": 0.855824291706, "var": 1174.37548828}, "hfc": {"dmean": 12.8687667847, "dmean2": 18.5831928253, "dvar": 356.824768066, "dvar2": 886.125610352, "max": 306.38772583, "mean": 28.5335521698, "median": 21.3871936798, "min": 5.91673369854e-07, "var": 533.006591797}, "melbands_crest": {"dmean": 3.69482302666, "dmean2": 5.90497207642, "dvar": 12.0080890656, "dvar2": 29.5964221954, "max": 37.0418434143, "mean": 20.0278663635, "median": 19.4199752808, "min": 2.98904180527, "var": 48.3738899231}, "melbands_flatness_db": {"dmean": 0.0528543591499, "dmean2": 0.0767587646842, "dvar": 0.00361992651597, "dvar2": 0.00746823521331, "max": 0.866484642029, "mean": 0.300998032093, "median": 0.2922539711, "min": 0.015128637664, "var": 0.0160582195967}, "melbands_kurtosis": {"dmean": 52.2955513, "dmean2": 78.5731124878, "dvar": 8164.49804688, "dvar2": 18814.4609375, "max": 2083.42016602, "mean": 97.506187439, "median": 51.4025688171, "min": -1.68348741531, "var": 18059.8066406}, "melbands_skewness": {"dmean": 1.97352337837, "dmean2": 2.95807433128, "dvar": 5.45176124573, "dvar2": 12.0652551651, "max": 35.2252578735, "mean": 6.43060350418, "median": 5.76040697098, "min": -1.62340927124, "var": 18.8914413452}, "melbands_spread": {"dmean": 6.07711696625, "dmean2": 9.83630466461, "dvar": 94.8698959351, "dvar2": 223.181777954, "max": 205.215896606, "mean": 12.6432800293, "median": 5.79534912109, "min": 0.144216388464, "var": 298.425140381}, "pitch_salience": {"dmean": 0.0979075580835, "dmean2": 0.150460124016, "dvar": 0.00932586379349, "dvar2": 0.0214109495282, "max": 0.907394170761, "mean": 0.441596448421, "median": 0.46263679862, "min": 0.00904529169202, "var": 0.0324643664062}, "silence_rate_20dB": {"dmean": 0.00267737614922, "dmean2": 0.00535505125299, "dvar": 0.00267066480592, "dvar2": 0.00577444722876, "max": 1, "mean": 0.996820807457, "median": 1, "min": 0, "var": 0.00317041063681}, "silence_rate_30dB": {"dmean": 0.134984388947, "dmean2": 0.269983828068, "dvar": 0.116765268147, "dvar2": 0.241184189916, "max": 1, "mean": 0.665458202362, "median": 1, "min": 0, "var": 0.222602933645}, "silence_rate_60dB": {"dmean": 0.00937081687152, "dmean2": 0.01868689619, "dvar": 0.00928651262075, "dvar2": 0.0225712303072, "max": 1, "mean": 0.0209716111422, "median": 0, "min": 0, "var": 0.0205342620611}, "spectral_centroid": {"dmean": 343.892486572, "dmean2": 555.543823242, "dvar": 203791, "dvar2": 484558.59375, "max": 10675.0478516, "mean": 1058.65124512, "median": 806.783081055, "min": 59.2121620178, "var": 681786.8125}, "spectral_complexity": {"dmean": 4.8904504776, "dmean2": 7.66040039062, "dvar": 40.0737571716, "dvar2": 98.8590621948, "max": 59, "mean": 15.0892963409, "median": 13, "min": 0, "var": 105.582313538}, "spectral_decrease": {"dmean": 8.15025558154e-09, "dmean2": 1.14076499358e-08, "dvar": 9.43096872861e-17, "dvar2": 1.93283667375e-16, "max": 5.07408310789e-15, "mean": -2.32059065297e-08, "median": -1.94339797588e-08, "min": -1.13620991726e-07, "var": 3.66308397765e-16}, "spectral_energy": {"dmean": 0.0310660395771, "dmean2": 0.0434431023896, "dvar": 0.00134562188759, "dvar2": 0.00274657597765, "max": 0.431493580341, "mean": 0.0901726186275, "median": 0.0760494247079, "min": 7.88587528611e-11, "var": 0.00527516659349}, "spectral_energyband_high": {"dmean": 0.00101598340552, "dmean2": 0.00149624433834, "dvar": 2.86488375423e-06, "dvar2": 7.36602896723e-06, "max": 0.0362897403538, "mean": 0.00164033158217, "median": 0.000848752388265, "min": 4.68997965464e-11, "var": 4.11721975979e-06}, "spectral_energyband_low": {"dmean": 0.0303639899939, "dmean2": 0.0436137244105, "dvar": 0.00154654146172, "dvar2": 0.00317628215998, "max": 0.430798202753, "mean": 0.0751152411103, "median": 0.0582881756127, "min": 3.53237241974e-13, "var": 0.0052646631375}, "spectral_energyband_middle_high": {"dmean": 0.00198912527412, "dmean2": 0.00329256500117, "dvar": 1.20675349535e-05, "dvar2": 3.21775478369e-05, "max": 0.0509215444326, "mean": 0.00366426422261, "median": 0.00195051741321, "min": 2.33925604581e-11, "var": 2.07283919735e-05}, "spectral_energyband_middle_low": {"dmean": 0.00871274340898, "dmean2": 0.0151623832062, "dvar": 0.000270040269243, "dvar2": 0.000739775015973, "max": 0.186225906014, "mean": 0.0129955261946, "median": 0.00892669614404, "min": 6.5044900889e-12, "var": 0.000226599586313}, "spectral_entropy": {"dmean": 0.34660717845, "dmean2": 0.510315954685, "dvar": 0.183428198099, "dvar2": 0.367211699486, "max": 9.78283786774, "mean": 7.48967170715, "median": 7.63672971725, "min": 3.5078895092, "var": 0.607282578945}, "spectral_flux": {"dmean": 0.0560831092298, "dmean2": 0.0813267230988, "dvar": 0.00398393115029, "dvar2": 0.00705835362896, "max": 0.700371026993, "mean": 0.138597264886, "median": 0.111283928156, "min": 8.88024533197e-06, "var": 0.00953975133598}, "spectral_kurtosis": {"dmean": 3.35008049011, "dmean2": 5.25370597839, "dvar": 302.096160889, "dvar2": 689.824523926, "max": 487.356018066, "mean": 6.85989665985, "median": 2.52000951767, "min": -1.19925892353, "var": 754.82623291}, "spectral_rms": {"dmean": 0.00159428676125, "dmean2": 0.00223814416677, "dvar": 2.8147210287e-06, "dvar2": 5.55132464797e-06, "max": 0.0205175373703, "mean": 0.00856418535113, "median": 0.00861362647265, "min": 2.77372237178e-07, "var": 1.46276925079e-05}, "spectral_rolloff": {"dmean": 527.380065918, "dmean2": 937.172729492, "dvar": 1532882.125, "dvar2": 4142111.25, "max": 19939.7460938, "mean": 927.71673584, "median": 193.798828125, "min": 64.599609375, "var": 4042957.5}, "spectral_skewness": {"dmean": 0.333279073238, "dmean2": 0.493084192276, "dvar": 0.499876797199, "dvar2": 0.956172525883, "max": 19.1636829376, "mean": 1.74699926376, "median": 1.45273113251, "min": -0.0134477084503, "var": 1.80177211761}, "spectral_spread": {"dmean": 1052626.625, "dmean2": 1522208.875, "dvar": 2003310608380.0, "dvar2": 3949934149630.0, "max": 40881872, "mean": 7021988, "median": 7085217.5, "min": 161047.140625, "var": 7063156031490.0}, "spectral_strongpeak": {"dmean": 0.321523249149, "dmean2": 0.531266152859, "dvar": 0.266234904528, "dvar2": 0.696465730667, "max": 12.5538215637, "mean": 0.645306706429, "median": 0.504597842693, "min": 0, "var": 0.406907081604}, "zerocrossingrate": {"dmean": 0.0143044237047, "dmean2": 0.0163400303572, "dvar": 0.000244119029958, "dvar2": 0.00028908366221, "max": 0.7431640625, "mean": 0.0514195114374, "median": 0.03857421875, "min": 0.001953125, "var": 0.00301683088765}, "barkbands": {"dmean": [0.00316826463677, 0.0266030374914, 0.0124423988163, 0.00629727868363, 0.00275993999094, 0.000744873657823, 0.000339870457537, 0.000294041383313, 0.000368634820916, 0.000335895572789, 0.000403648678912, 0.000484138872707, 0.000494121981319, 0.000273142184597, 0.000173167471075, 0.000122093755635, 0.000141265249113, 0.000163640463143, 0.000239607979893, 0.000145706042531, 0.000163025280926, 0.000130187923787, 0.000196001041331, 0.000156114125275, 0.000182973511983, 0.00012925840565, 9.42737024161e-05], "dmean2": [0.00547243189067, 0.0373454280198, 0.0219515487552, 0.0113071678206, 0.00472511444241, 0.00120922527276, 0.000555413251277, 0.000460788025521, 0.000597063277382, 0.000579201907385, 0.000665068568196, 0.000799038854893, 0.000843656249344, 0.000444640318165, 0.000291967357043, 0.000202778246603, 0.000244261784246, 0.00028195878258, 0.000424299825681, 0.000248790282058, 0.000277981394902, 0.000208755765925, 0.000313897675369, 0.000236129111727, 0.000284543697489, 0.000191513739992, 0.000123095232993], "dvar": [3.87638356187e-05, 0.00168684613891, 0.000709750514943, 0.000172593092429, 2.47563075391e-05, 1.65036101407e-06, 4.32147260199e-07, 4.41218077185e-07, 4.41830536602e-07, 4.55053765336e-07, 6.7710783469e-07, 1.60483534728e-06, 1.93954792849e-06, 2.95718905363e-07, 1.17426374402e-07, 5.9632803584e-08, 9.47440739196e-08, 1.3778348773e-07, 6.6569810997e-07, 8.15974843249e-08, 9.926763056e-08, 5.45099929639e-08, 1.40959414807e-07, 6.34963797097e-08, 1.01643550465e-07, 5.93553863837e-08, 3.9800376328e-08], "dvar2": [0.000103837803181, 0.00346357910894, 0.00195838627405, 0.000486100296257, 6.76735508023e-05, 3.80920960197e-06, 1.00035333617e-06, 9.57547626967e-07, 1.00604563613e-06, 1.18730076792e-06, 1.6889713379e-06, 4.09684616898e-06, 5.64683750781e-06, 6.88818374783e-07, 3.11140610165e-07, 1.47192679378e-07, 2.61707924665e-07, 3.66428537291e-07, 1.89535876416e-06, 2.14914877006e-07, 2.66879624178e-07, 1.42327806429e-07, 3.7517702367e-07, 1.53644378997e-07, 2.66931323267e-07, 1.46917315647e-07, 8.3671032769e-08], "max": [0.10789450258, 0.424903661013, 0.272098839283, 0.149571403861, 0.0545159578323, 0.0358710363507, 0.0229631830007, 0.0171986352652, 0.0197344832122, 0.02000227198, 0.0166037809104, 0.0238641817123, 0.0291436556727, 0.0156389065087, 0.00614270474762, 0.00832736026496, 0.0121394265443, 0.00970364827663, 0.0274986010045, 0.00571851152927, 0.00631663296372, 0.00630250712857, 0.0161587204784, 0.00783777609468, 0.00349290203303, 0.00189382035751, 0.00131479406264], "mean": [0.00406143208966, 0.0533238425851, 0.0145977633074, 0.00619114656001, 0.00379895558581, 0.00116791820619, 0.000479667971376, 0.000510846439283, 0.000620863982476, 0.000396207993617, 0.000580837251619, 0.0006282782997, 0.000611986848526, 0.000409809872508, 0.000235380342929, 0.000186931836652, 0.000178065267392, 0.00019674084615, 0.00025525529054, 0.000217351451283, 0.000233003025642, 0.000213721359614, 0.000275592057733, 0.000252469646512, 0.000260161992628, 0.000168186204974, 0.000119989759696], "median": [0.00144805887248, 0.0314670838416, 0.00747567694634, 0.00284658418968, 0.00219655735418, 0.000594036420807, 0.000211641643546, 0.000152927605086, 0.000244909460889, 0.0001378616289, 0.000158234674018, 0.000153275716002, 0.000152861583047, 0.000101333884231, 6.97285286151e-05, 5.29534081579e-05, 4.68980979349e-05, 5.12850965606e-05, 5.80797750445e-05, 8.03949005785e-05, 7.05575948814e-05, 0.000104027334601, 0.000154379027663, 0.000150846797624, 0.000121625962493, 6.7087377829e-05, 1.74749056896e-05], "min": [1.24516391121e-13, 4.97368090452e-14, 2.0326725329e-13, 8.09701494763e-14, 5.02902624058e-13, 6.89446329888e-13, 1.81044155362e-12, 1.09128765052e-12, 2.05533593617e-12, 3.74836826075e-13, 1.03710632747e-13, 5.36700892062e-13, 1.60918489905e-12, 1.30719317749e-12, 8.66076145262e-13, 4.62874096691e-13, 7.70870346722e-13, 7.30103531885e-13, 1.76142911021e-12, 1.03300354382e-12, 1.2683807997e-12, 2.6848853002e-12, 2.63056308507e-12, 3.07065440783e-12, 3.99777173171e-12, 9.37943386153e-12, 8.62186537443e-12], "var": [4.98367553519e-05, 0.00427383836359, 0.000548016687389, 0.000120205811982, 2.52469144471e-05, 3.66932772522e-06, 8.2471802898e-07, 1.21262553421e-06, 1.3927603959e-06, 7.22805395981e-07, 1.33698461013e-06, 2.1917921913e-06, 2.05332935366e-06, 7.73860051595e-07, 1.72295003154e-07, 1.2997256249e-07, 1.03253256611e-07, 1.65736238955e-07, 5.30625698048e-07, 1.30972210854e-07, 1.63103237583e-07, 9.04391797008e-08, 1.47675748963e-07, 9.12975295364e-08, 1.19521530451e-07, 6.79386857882e-08, 5.81049413029e-08]}, "erbbands": {"dmean": [1.06701695919, 5.64870214462, 11.6501684189, 19.7815608978, 13.8881092072, 7.90692090988, 6.94610929489, 5.50013780594, 5.00450515747, 6.17860269547, 5.77995824814, 8.36625385284, 10.9708662033, 10.7520694733, 17.9254188538, 20.2014694214, 21.0427207947, 17.2125968933, 8.76504898071, 8.51047039032, 5.94796609879, 7.54916524887, 7.51665067673, 14.5444698334, 9.01653385162, 6.3653345108, 6.79592180252, 5.57235765457, 4.81672286987, 5.67341279984, 5.48101234436, 3.45900845528, 2.67544388771, 2.29151749611, 1.15550243855, 0.572517693043, 0.222190976143, 0.0739465206861, 0.0143181150779, 0.00119820644613], "dmean2": [1.52087175846, 8.06657791138, 19.6859779358, 34.7715415955, 24.4523906708, 13.3311195374, 11.1076316833, 9.08219146729, 8.15195465088, 9.85091781616, 9.26112556458, 13.4215106964, 18.4249534607, 18.3083667755, 29.4236736298, 33.144493103, 35.7282943726, 28.3667812347, 14.67445755, 14.4042654037, 9.73484706879, 13.124961853, 12.9068393707, 25.7363777161, 15.7834501266, 10.8195552826, 11.7295665741, 9.1163892746, 7.74741506577, 9.08637332916, 8.71209621429, 5.20435142517, 4.07516717911, 3.65358304977, 1.77302086353, 0.836140632629, 0.324184477329, 0.107470065355, 0.0192187186331, 0.00156900647562], "dvar": [2.28798484802, 88.250289917, 537.838012695, 1644.25671387, 760.99395752, 196.570785522, 149.38772583, 101.228904724, 86.0254516602, 170.198577881, 204.459274292, 245.888885498, 464.525268555, 493.12612915, 1478.57849121, 3161.12158203, 3100.57910156, 1177.47827148, 248.635116577, 256.626373291, 151.976501465, 282.827514648, 264.966522217, 2223.62280273, 705.950012207, 159.977050781, 201.018341064, 114.904830933, 71.2490692139, 110.776885986, 112.586547852, 42.8363838196, 17.7295684814, 15.6746816635, 4.32753038406, 1.04609537125, 0.161541104317, 0.0250367559493, 0.000854794576298, 6.77714842823e-06], "dvar2": [5.44052648544, 188.115371704, 1425.44335938, 4486.09521484, 2125.77758789, 516.96685791, 355.527648926, 240.320495605, 206.185760498, 378.885742188, 444.401672363, 546.318481445, 1149.7947998, 1267.04162598, 3749.15917969, 7962.67724609, 9016.91796875, 2922.578125, 635.222351074, 686.385192871, 385.690307617, 788.791931152, 720.239562988, 6201.91308594, 2047.17199707, 416.827758789, 540.992492676, 301.862640381, 185.954055786, 297.253662109, 291.111663818, 109.900245667, 43.1418914795, 41.4389610291, 11.2546167374, 2.49405121803, 0.397099673748, 0.0629174262285, 0.00182810565457, 1.30652833832e-05], "max": [14.9180440903, 101.869316101, 261.347961426, 474.968841553, 299.940673828, 179.319412231, 221.276123047, 438.867340088, 282.225830078, 342.674682617, 402.359649658, 500.60144043, 780.972229004, 584.788818359, 652.571777344, 1197.25622559, 1139.03381348, 924.693908691, 360.856689453, 330.293212891, 554.922302246, 631.653259277, 581.609619141, 1502.21289062, 802.955444336, 237.442489624, 323.015472412, 192.078033447, 207.687744141, 251.884643555, 493.537750244, 311.126373291, 50.0763435364, 35.6384735107, 27.4766788483, 11.454864502, 3.1721675396, 1.09412074089, 0.186136960983, 0.0171849559993], "mean": [1.96460020542, 10.3744897842, 15.5353794098, 22.1138458252, 17.1259002686, 10.714600563, 10.0113420486, 8.62470436096, 7.43925523758, 10.1654415131, 9.74927711487, 15.091012001, 15.2273569107, 13.1708564758, 26.0764598846, 27.08659935, 27.6674022675, 26.6587677002, 12.9892044067, 12.1251544952, 9.90100479126, 9.58713817596, 9.83840274811, 14.9576835632, 11.1011047363, 10.0448141098, 9.86056518555, 8.21459674835, 7.9327545166, 7.9810757637, 8.0867061615, 5.41800928116, 4.15942382812, 3.23897123337, 1.64085555077, 0.798528194427, 0.28041651845, 0.0889016538858, 0.017802586779, 0.00165809947066], "median": [1.13284802437, 5.95486831665, 9.45849323273, 12.0283784866, 9.88171958923, 5.52024745941, 4.2455406189, 4.53611850739, 3.8750474453, 3.50943803787, 3.9656317234, 6.10430812836, 5.30800008774, 4.87629270554, 7.24685144424, 7.70300626755, 8.61097049713, 8.84805965424, 4.85575723648, 4.04419612885, 3.34720253944, 2.84827661514, 2.92217516899, 2.98229813576, 3.56354522705, 3.6722381115, 2.72034335136, 3.15260195732, 3.69727683067, 4.11018800735, 4.72713947296, 3.34104418755, 2.28187131882, 1.39780211449, 0.800904273987, 0.405038714409, 0.0994852483273, 0.0211107488722, 0.00295142619871, 0.000286541355308], "min": [1.75389596509e-12, 1.44415000791e-11, 1.85560386501e-10, 2.86612261702e-10, 2.38551595144e-10, 1.75214232012e-09, 4.85151563367e-09, 5.75477177023e-09, 2.22248210946e-08, 3.0321388067e-08, 1.72927823172e-08, 3.70946509065e-08, 4.26626698413e-08, 6.5705112462e-09, 9.69451452448e-09, 2.0915173593e-08, 4.78119872582e-08, 9.75456444507e-08, 7.69441541593e-08, 4.04755198247e-08, 4.1313015231e-08, 3.09540482135e-08, 3.28209104339e-08, 7.05138845092e-08, 8.32578450627e-08, 4.70033896249e-08, 5.57900960985e-08, 4.62680809221e-08, 1.06096365471e-07, 7.15319572464e-08, 7.46932542484e-08, 6.05786283359e-08, 5.38333644329e-08, 3.28684599538e-08, 3.19985602459e-08, 2.15677804505e-08, 1.97821581338e-08, 5.63440272217e-09, 1.58007884554e-09, 1.1594543381e-10], "var": [5.5108423233, 185.050018311, 492.593170166, 1244.01452637, 625.554504395, 240.3021698, 284.538574219, 212.184677124, 153.222869873, 395.505462646, 478.265167236, 973.491088867, 958.450134277, 741.404052734, 2749.40356445, 4232.96435547, 3533.17675781, 2473.45019531, 434.978820801, 390.465301514, 306.014984131, 291.836517334, 319.720062256, 1765.52026367, 621.997314453, 292.549621582, 328.830627441, 179.789474487, 117.477287292, 135.252761841, 124.323257446, 48.7151451111, 25.9880561829, 18.4328784943, 5.03954744339, 1.30879545212, 0.191931173205, 0.02777986601, 0.00119129673112, 1.09142738438e-05]}, "gfcc": {"mean": [13.652182579, 68.1678924561, -59.3380012512, 35.9777145386, -37.3055801392, 30.8722190857, -22.3195762634, 4.99153709412, -20.6876983643, 3.11489295959, -11.100230217, -0.984110832214, -12.8122215271], "cov": [[10315.6464844, -1824.28015137, -270.59072876, 635.85748291, -324.767486572, 368.752990723, -253.057876587, 328.075012207, -311.669921875, 138.003509521, -227.256896973, 194.038925171, -164.462219238], [-1824.28015137, 2586.12329102, -63.5639572144, -322.807098389, 137.773986816, -272.557159424, -57.7728271484, -231.137496948, 59.6352348328, -178.347579956, 53.4147872925, -133.624664307, 37.1426887512], [-270.59072876, -63.5639572144, 2060.37353516, 428.353668213, 70.0162200928, 213.497039795, 58.5058555603, 52.3950958252, 86.6789779663, 63.9278640747, 26.1065349579, 25.3416423798, -6.41580200195], [635.85748291, -322.807098389, 428.353668213, 646.664367676, 118.847557068, 159.168655396, 42.2287559509, 98.6696395874, -14.2001857758, 49.3757705688, -18.4748725891, 7.81158208847, -18.1673526764], [-324.767486572, 137.773986816, 70.0162200928, 118.847557068, 400.517700195, 143.751998901, 89.2172241211, 12.2359895706, 65.2067108154, 7.15268754959, 52.2019004822, 28.0432243347, 24.7257347107], [368.752990723, -272.557159424, 213.497039795, 159.168655396, 143.751998901, 333.264953613, 106.785194397, 100.010856628, 37.375831604, 80.9334411621, 37.3049507141, 64.8485794067, 2.13345360756], [-253.057876587, -57.7728271484, 58.5058555603, 42.2287559509, 89.2172241211, 106.785194397, 183.457275391, 88.8134460449, 57.230670929, 49.129486084, 61.0937690735, 27.6941661835, 19.3041362762], [328.075012207, -231.137496948, 52.3950958252, 98.6696395874, 12.2359895706, 100.010856628, 88.8134460449, 169.999938965, 54.3885917664, 66.5989379883, 32.9281005859, 55.0412483215, 15.1912822723], [-311.669921875, 59.6352348328, 86.6789779663, -14.2001857758, 65.2067108154, 37.375831604, 57.230670929, 54.3885917664, 134.799057007, 58.3806533813, 36.5591087341, 17.7480506897, 29.7654266357], [138.003509521, -178.347579956, 63.9278640747, 49.3757705688, 7.15268754959, 80.9334411621, 49.129486084, 66.5989379883, 58.3806533813, 115.022010803, 60.4934654236, 38.4464454651, 7.76388788223], [-227.256896973, 53.4147872925, 26.1065349579, -18.4748725891, 52.2019004822, 37.3049507141, 61.0937690735, 32.9281005859, 36.5591087341, 60.4934654236, 124.621559143, 59.9318580627, 20.1072998047], [194.038925171, -133.624664307, 25.3416423798, 7.81158208847, 28.0432243347, 64.8485794067, 27.6941661835, 55.0412483215, 17.7480506897, 38.4464454651, 59.9318580627, 103.427467346, 41.8212432861], [-164.462219238, 37.1426887512, -6.41580200195, -18.1673526764, 24.7257347107, 2.13345360756, 19.3041362762, 15.1912822723, 29.7654266357, 7.76388788223, 20.1072998047, 41.8212432861, 70.6951522827]], "icov": [[0.00017061381368, -7.6560963862e-06, 4.40927833552e-05, -7.81841445132e-05, 1.71834290086e-05, -7.23424600437e-05, 0.000268532137852, -0.000320075370837, 0.000388078566175, -0.000405192084145, 0.000572655641008, -0.000633335323073, 0.000469357211841], [-7.6560963862e-06, 0.00066334195435, -3.21074548992e-05, 0.000109343527583, -0.00010978672799, 1.77767033165e-05, 0.000297430407954, 0.000260400032857, -0.000713357061613, 0.00145844800863, -0.00151441735215, 0.00141489692032, -0.000706548104063], [4.40927833552e-05, -3.21074548992e-05, 0.000653538329061, -0.000546258757822, 0.00036325873225, -0.000441080337623, 3.91945613956e-05, 0.000421600067057, -0.000746883393731, 0.000324095104588, -8.37384286569e-05, -0.000387252046494, 0.000355118478183], [-7.81841445132e-05, 0.000109343527583, -0.000546258757822, 0.00265570613556, -0.00125249021221, -2.74328176602e-05, 0.000382279802579, -0.00180604192428, 0.001944900956, -0.00136176729575, 0.000606478541158, 0.00150747562293, -0.000617450510617], [1.71834290086e-05, -0.00010978672799, 0.00036325873225, -0.00125249021221, 0.00455185538158, -0.00220383377746, -0.000967260275502, 0.00210374803282, -0.00314601347782, 0.00341162830591, -0.00204669777304, -0.000358981458703, -0.000160282244906], [-7.23424600437e-05, 1.77767033165e-05, -0.000441080337623, -2.74328176602e-05, -0.00220383377746, 0.0064952224493, -0.00256941607222, -0.000498332839925, 0.00151832064148, -0.0040627270937, 0.00333327963017, -0.00386680010706, 0.00230509322137], [0.000268532137852, 0.000297430407954, 3.91945613956e-05, 0.000382279802579, -0.000967260275502, -0.00256941607222, 0.0114683704451, -0.005760230124, -0.000216446511331, 0.0015835033264, -0.00535676721483, 0.00531926238909, -0.00261362805031], [-0.000320075370837, 0.000260400032857, 0.000421600067057, -0.00180604192428, 0.00210374803282, -0.000498332839925, -0.005760230124, 0.0142876394093, -0.00533933471888, -0.000572892662603, 0.00166240416002, -0.00591609207913, 0.00181262928527], [0.000388078566175, -0.000713357061613, -0.000746883393731, 0.001944900956, -0.00314601347782, 0.00151832064148, -0.000216446511331, -0.00533933471888, 0.0168465580791, -0.0105380360037, 0.00390208745375, 0.00157141021919, -0.00400462606922], [-0.000405192084145, 0.00145844800863, 0.000324095104588, -0.00136176729575, 0.00341162830591, -0.0040627270937, 0.0015835033264, -0.000572892662603, -0.0105380360037, 0.0251859202981, -0.0138670960441, 0.00494304159656, -0.000718411407433], [0.000572655641008, -0.00151441735215, -8.37384286569e-05, 0.000606478541158, -0.00204669777304, 0.00333327963017, -0.00535676721483, 0.00166240416002, 0.00390208745375, -0.0138670960441, 0.0242101587355, -0.0162572711706, 0.0066082701087], [-0.000633335323073, 0.00141489692032, -0.000387252046494, 0.00150747562293, -0.000358981458703, -0.00386680010706, 0.00531926238909, -0.00591609207913, 0.00157141021919, 0.00494304159656, -0.0162572711706, 0.0309827756137, -0.0167125295848], [0.000469357211841, -0.000706548104063, 0.000355118478183, -0.000617450510617, -0.000160282244906, 0.00230509322137, -0.00261362805031, 0.00181262928527, -0.00400462606922, -0.000718411407433, 0.0066082701087, -0.0167125295848, 0.0255646929145]]}, "melbands": {"dmean": [0.00824636407197, 0.0055719409138, 0.00314446282573, 0.000725771242287, 0.000254106154898, 0.0001279602875, 7.49261889723e-05, 6.7858134571e-05, 4.89082485728e-05, 5.46870578546e-05, 5.45006259927e-05, 4.14650057792e-05, 5.4529406043e-05, 5.83521687076e-05, 3.94826529373e-05, 5.78225699428e-05, 3.09679307975e-05, 1.45351932588e-05, 1.40237661981e-05, 1.06207980934e-05, 6.80464154357e-06, 8.57211034599e-06, 6.48639525025e-06, 8.18313037598e-06, 1.31280339701e-05, 6.69618248139e-06, 5.92570449953e-06, 4.22947368861e-06, 3.83814858651e-06, 5.30084844286e-06, 2.75417187368e-06, 2.90737921205e-06, 2.61308764493e-06, 3.51430776391e-06, 3.49669699062e-06, 2.34210619965e-06, 2.15370255319e-06, 1.82728501841e-06, 2.08532833312e-06, 2.00876593226e-06], "dmean2": [0.011444080621, 0.00862016994506, 0.00545448344201, 0.00126356037799, 0.00040827319026, 0.000209663194255, 0.000121579272673, 0.000107375606603, 7.9224264482e-05, 8.75256155268e-05, 9.18943696888e-05, 7.13899426046e-05, 9.06452769414e-05, 9.46447980823e-05, 6.45505715511e-05, 9.90388507489e-05, 5.05528551002e-05, 2.42916485149e-05, 2.35663992498e-05, 1.78107256943e-05, 1.12088619062e-05, 1.48748285937e-05, 1.12241596071e-05, 1.4120432752e-05, 2.32620332099e-05, 1.18567322716e-05, 1.02919766505e-05, 7.12639803169e-06, 6.51919981465e-06, 9.30639635044e-06, 4.3729060053e-06, 4.77122557641e-06, 4.25605185228e-06, 5.6905096244e-06, 5.64489391763e-06, 3.58545980816e-06, 3.33135153596e-06, 2.80230869976e-06, 3.45506236954e-06, 3.24741017721e-06], "dvar": [0.000143645884236, 8.55295729707e-05, 3.85581552109e-05, 1.94399217435e-06, 1.78169713649e-07, 4.93896408216e-08, 1.86956228276e-08, 2.08251602629e-08, 1.56255222095e-08, 1.03404129703e-08, 1.17871525873e-08, 7.70011432394e-09, 1.36731053146e-08, 2.18532196783e-08, 9.18380305137e-09, 3.1636005815e-08, 3.99720301303e-09, 7.14965531223e-10, 8.97304897052e-10, 4.11022826885e-10, 2.17152559823e-10, 3.55174917255e-10, 1.93563026718e-10, 3.84486109617e-10, 1.95898319788e-09, 4.18917039946e-10, 2.10444259241e-10, 8.03933447591e-11, 7.13493500393e-11, 1.19705884094e-10, 2.91076711345e-11, 2.80115861062e-11, 2.35632902079e-11, 4.24687889022e-11, 3.93910459806e-11, 3.50943510363e-11, 1.38835184668e-11, 8.03702850799e-12, 1.22710756487e-11, 1.20177531121e-11], "dvar2": [0.000300121406326, 0.0001987186115, 0.000103505299194, 5.38699396202e-06, 4.33813170275e-07, 1.17015467538e-07, 4.38219949217e-08, 4.59381652718e-08, 3.38135066613e-08, 2.28386127787e-08, 2.93800912488e-08, 1.99419769586e-08, 3.50640831925e-08, 5.50411023426e-08, 2.31671624107e-08, 9.27639334236e-08, 9.43779454587e-09, 1.8186312456e-09, 2.37988562191e-09, 1.01529162855e-09, 5.59832291636e-10, 9.81267067601e-10, 5.37205446793e-10, 1.02555786086e-09, 5.46448353234e-09, 1.2373801983e-09, 5.87411508324e-10, 2.01638816755e-10, 1.87915946692e-10, 3.31369098827e-10, 7.19836273921e-11, 7.41164837836e-11, 6.07796174501e-11, 1.14522898109e-10, 9.75860017793e-11, 9.67319280232e-11, 3.45192104068e-11, 1.89368711684e-11, 3.19148041328e-11, 3.19247545066e-11], "max": [0.123510971665, 0.115015245974, 0.0717460289598, 0.0156115945429, 0.00677541363984, 0.00869298540056, 0.00373995746486, 0.00361204636283, 0.00376371131279, 0.00269239861518, 0.00386948650703, 0.00227008853108, 0.00191053771414, 0.00266794417985, 0.00193907215726, 0.00392751069739, 0.00199593999423, 0.000673712929711, 0.000605621258728, 0.000603473337833, 0.000686030893121, 0.000691523542628, 0.000539475528058, 0.000492245191708, 0.00145686615724, 0.000545615796, 0.000320018763887, 0.000210945028812, 0.000176046247361, 0.000187376659596, 0.000115034446935, 0.000113935791887, 0.000145083497046, 0.000125986873172, 0.000217734996113, 0.000356497592293, 0.000155105197337, 3.86154097214e-05, 4.78555411974e-05, 2.78646439256e-05], "mean": [0.0164272338152, 0.0101505257189, 0.00378557108343, 0.000958233082201, 0.000369710091036, 0.000201951115741, 0.000111442976049, 0.000113912807137, 7.83586656325e-05, 9.78316675173e-05, 7.26482612663e-05, 4.7417524911e-05, 7.59348913562e-05, 8.14649683889e-05, 5.10116697114e-05, 7.06660139258e-05, 4.71493767691e-05, 2.0027418941e-05, 1.86775869224e-05, 1.5114940652e-05, 1.0838279195e-05, 1.04073296825e-05, 8.54367590364e-06, 9.33174851525e-06, 1.28899509946e-05, 7.57646967031e-06, 7.51086099626e-06, 6.65957531965e-06, 5.73004035687e-06, 6.53254846839e-06, 4.12459212384e-06, 4.51411870017e-06, 4.12056897403e-06, 4.57702572021e-06, 4.99965335621e-06, 3.64878906112e-06, 3.17549552165e-06, 2.77805838778e-06, 3.02763828586e-06, 2.65862991e-06], "median": [0.00964343640953, 0.00723881833255, 0.00220773019828, 0.00056214252254, 0.000166892030393, 0.000106653373223, 5.61309607292e-05, 3.68858818547e-05, 2.9632152291e-05, 3.77100041078e-05, 2.36740888795e-05, 1.50092482727e-05, 2.10964626604e-05, 2.06336080737e-05, 1.54103236127e-05, 1.55631369125e-05, 1.3153893633e-05, 6.58042199575e-06, 4.9538307394e-06, 4.15793238062e-06, 3.36642665388e-06, 2.75978368336e-06, 2.34448930314e-06, 2.45491128226e-06, 2.11646874959e-06, 1.801831786e-06, 3.03321962747e-06, 2.13277485273e-06, 1.61853074587e-06, 1.66881545738e-06, 1.62189371622e-06, 2.09473319046e-06, 1.87382408967e-06, 2.39835753746e-06, 2.83951590063e-06, 2.17432284444e-06, 1.84445923423e-06, 1.58353668667e-06, 1.42867929753e-06, 1.0535278534e-06], "min": [2.0387739145e-14, 7.08309618098e-14, 4.94060833369e-14, 4.88307480659e-14, 1.61029013474e-13, 1.46718927155e-13, 3.47669918029e-13, 3.23888837842e-13, 1.11573348217e-13, 2.89966157639e-13, 2.07783904015e-13, 2.00881368153e-14, 2.09096740709e-14, 5.97686911899e-14, 3.44551861001e-14, 2.02337658347e-13, 1.6160473838e-13, 1.39941037274e-13, 7.89402519589e-14, 2.82140711618e-14, 5.7818197929e-14, 3.52458168174e-14, 3.31308331464e-14, 2.59846821387e-14, 5.95252810259e-14, 7.36062212158e-14, 4.30276541935e-14, 2.53571476154e-14, 2.5760558915e-14, 4.67713602494e-14, 1.91077046492e-14, 6.18084820521e-14, 4.47879851696e-14, 3.83883429331e-14, 4.27344012228e-14, 3.94198223868e-14, 3.94579693626e-14, 3.61520946371e-14, 3.61885272183e-14, 2.32893741727e-14], "var": [0.000386360683478, 0.000137533425004, 3.11859803332e-05, 1.75643083367e-06, 3.1789716104e-07, 1.06131984978e-07, 3.58075773477e-08, 5.20851415331e-08, 3.36033352255e-08, 4.3505224312e-08, 2.37407729031e-08, 1.07980486774e-08, 2.29640182425e-08, 3.42635111394e-08, 1.13694733628e-08, 3.31317551172e-08, 1.00870671815e-08, 1.27208510392e-09, 1.23682952768e-09, 8.25143453564e-10, 3.90597609812e-10, 3.6255770608e-10, 2.67777744423e-10, 4.17911122375e-10, 1.51697343576e-09, 3.80230125163e-10, 1.9737794732e-10, 1.7398536778e-10, 1.24454002659e-10, 1.40309347474e-10, 5.13554684889e-11, 4.08478112446e-11, 3.96727546648e-11, 4.56142693062e-11, 4.71905188537e-11, 3.08659452164e-11, 1.64812261061e-11, 1.16204277104e-11, 1.60922612041e-11, 1.33900781088e-11]}, "mfcc": {"mean": [-649.738586426, 107.396141052, 40.6200180054, 24.1891098022, 18.0802001953, 25.0321769714, 15.1034135818, 9.97662734985, 1.74464631081, 5.75303173065, 3.6963634491, 2.65295410156, 1.16561532021], "cov": [[8275.83398438, -1127.76281738, -657.056396484, -208.574874878, -163.70111084, -122.428588867, -11.7029418945, 6.27418375015, -25.4867897034, -95.0377044678, -47.500415802, -107.231933594, -73.8725891113], [-1127.76281738, 2144.5168457, 99.1512832642, -86.6971588135, 28.7528686523, -45.6286277771, -107.718696594, -68.994140625, -101.338096619, -78.6817245483, -32.7715873718, -24.3137760162, -70.6351013184], [-657.056396484, 99.1512832642, 1631.5670166, 300.653015137, 196.820877075, 148.440383911, 56.7315063477, 37.4753456116, 46.6189956665, 82.1999130249, 42.9252815247, 25.6345291138, 47.7264709473], [-208.574874878, -86.6971588135, 300.653015137, 401.408569336, 132.77130127, 68.4116516113, 56.752494812, 24.5420875549, 26.2032108307, 37.7794075012, 7.38886022568, 6.02537202835, 10.6301059723], [-163.70111084, 28.7528686523, 196.820877075, 132.77130127, 290.013641357, 170.747177124, 68.3875045776, 68.783744812, 41.5185775757, 25.649892807, 23.6201629639, 28.050825119, 23.1875076294], [-122.428588867, -45.6286277771, 148.440383911, 68.4116516113, 170.747177124, 226.550750732, 110.254142761, 65.8797149658, 51.9574279785, 37.351726532, 35.2020149231, 51.270652771, 35.2934646606], [-11.7029418945, -107.718696594, 56.7315063477, 56.752494812, 68.3875045776, 110.254142761, 178.368240356, 94.8139190674, 22.4129734039, 41.7927322388, 56.2071304321, 38.5294113159, 29.9751720428], [6.27418375015, -68.994140625, 37.4753456116, 24.5420875549, 68.783744812, 65.8797149658, 94.8139190674, 132.925598145, 59.7505149841, 37.6190681458, 38.9542541504, 30.0084323883, 23.9092521667], [-25.4867897034, -101.338096619, 46.6189956665, 26.2032108307, 41.5185775757, 51.9574279785, 22.4129734039, 59.7505149841, 124.939201355, 61.6796073914, 16.4436950684, 27.0333976746, 24.5888595581], [-95.0377044678, -78.6817245483, 82.1999130249, 37.7794075012, 25.649892807, 37.351726532, 41.7927322388, 37.6190681458, 61.6796073914, 99.8735351562, 58.2905006409, 34.5844345093, 31.2010746002], [-47.500415802, -32.7715873718, 42.9252815247, 7.38886022568, 23.6201629639, 35.2020149231, 56.2071304321, 38.9542541504, 16.4436950684, 58.2905006409, 100.30796814, 59.3666534424, 31.6338062286], [-107.231933594, -24.3137760162, 25.6345291138, 6.02537202835, 28.050825119, 51.270652771, 38.5294113159, 30.0084323883, 27.0333976746, 34.5844345093, 59.3666534424, 89.3578033447, 55.7809371948], [-73.8725891113, -70.6351013184, 47.7264709473, 10.6301059723, 23.1875076294, 35.2934646606, 29.9751720428, 23.9092521667, 24.5888595581, 31.2010746002, 31.6338062286, 55.7809371948, 85.1089477539]], "icov": [[0.000139818323078, 7.88099860074e-05, 3.31074770656e-05, 4.58091744804e-05, 8.84717974259e-06, 1.22127376017e-05, -2.40281178776e-06, -3.27656234731e-05, -4.74026746815e-05, 0.00019563123351, -0.000150765641592, 0.000196139575564, 3.45181069861e-05], [7.88099860074e-05, 0.000572759076022, -5.30577999598e-05, 0.00018335095956, -0.00022774336685, 6.41874430585e-05, 0.000305390974972, -0.000104078411823, 0.000403240061132, 0.000129890642711, 1.92318566405e-05, -0.000345014617778, 0.000562580418773], [3.31074770656e-05, -5.30577999598e-05, 0.000784373725764, -0.000487938377773, -8.6271611508e-05, -0.000406099774409, 0.000296518497635, -3.88201769965e-05, 0.000126370650833, -0.000371805130271, -0.000277975806966, 0.000552871671971, -0.00045506801689], [4.58091744804e-05, 0.00018335095956, -0.000487938377773, 0.00358409597538, -0.00189231627155, 0.00123697018716, -0.00160437892191, 0.00108262244612, -0.000100441204268, -0.00122509826906, 0.00140594458207, -0.000612321484368, 0.000638309982605], [8.84717974259e-06, -0.00022774336685, -8.6271611508e-05, -0.00189231627155, 0.00805406365544, -0.00639023631811, 0.00301475264132, -0.00335676991381, 0.000766571145505, 0.000930341193452, -0.00153160782065, 0.00205312226899, -0.000898628961295], [1.22127376017e-05, 6.41874430585e-05, -0.000406099774409, 0.00123697018716, -0.00639023631811, 0.0128933116794, -0.00725642265752, 0.00352948717773, -0.00329064624384, 0.000204014257179, 0.00286093424074, -0.00518109463155, 0.00130385404918], [-2.40281178776e-06, 0.000305390974972, 0.000296518497635, -0.00160437892191, 0.00301475264132, -0.00725642265752, 0.0153000727296, -0.0096897566691, 0.00557879032567, -0.00195550732315, -0.00356096262112, 0.00214151409455, -0.00116817362141], [-3.27656234731e-05, -0.000104078411823, -3.88201769965e-05, 0.00108262244612, -0.00335676991381, 0.00352948717773, -0.0096897566691, 0.0179801806808, -0.00885361433029, 0.0033873678185, -0.00281677744351, 0.000525915471371, -0.00039738311898], [-4.74026746815e-05, 0.000403240061132, 0.000126370650833, -0.000100441204268, 0.000766571145505, -0.00329064624384, 0.00557879032567, -0.00885361433029, 0.0186190567911, -0.0127316042781, 0.00799707416445, -0.00452595669776, 0.00119542959146], [0.00019563123351, 0.000129890642711, -0.000371805130271, -0.00122509826906, 0.000930341193452, 0.000204014257179, -0.00195550732315, 0.0033873678185, -0.0127316042781, 0.0266220774502, -0.0161371100694, 0.00685980729759, -0.00454125041142], [-0.000150765641592, 1.92318566405e-05, -0.000277975806966, 0.00140594458207, -0.00153160782065, 0.00286093424074, -0.00356096262112, -0.00281677744351, 0.00799707416445, -0.0161371100694, 0.0293462593108, -0.0181005895138, 0.0057028317824], [0.000196139575564, -0.000345014617778, 0.000552871671971, -0.000612321484368, 0.00205312226899, -0.00518109463155, 0.00214151409455, 0.000525915471371, -0.00452595669776, 0.00685980729759, -0.0181005895138, 0.0330468267202, -0.0158010497689], [3.45181069861e-05, 0.000562580418773, -0.00045506801689, 0.000638309982605, -0.000898628961295, 0.00130385404918, -0.00116817362141, -0.00039738311898, 0.00119542959146, -0.00454125041142, 0.0057028317824, -0.0158010497689, 0.0222050771117]]}, "spectral_contrast_coeffs": {"dmean": [0.0606198459864, 0.0496605671942, 0.0454690344632, 0.0371518470347, 0.0269781686366, 0.0186101794243], "dmean2": [0.0977158397436, 0.0805850997567, 0.0717431679368, 0.0589199885726, 0.0429386273026, 0.0300387218595], "dvar": [0.00286587956361, 0.00167114462238, 0.00169074768201, 0.001164450543, 0.000692163419444, 0.00043399160495], "dvar2": [0.00696338806301, 0.00426229275763, 0.00373608223163, 0.00264659523964, 0.00155090074986, 0.000966147985309], "max": [-0.306990712881, -0.391228526831, -0.416818320751, -0.479295045137, -0.520615398884, -0.547525823116], "mean": [-0.64497756958, -0.750181019306, -0.775073230267, -0.785532653332, -0.795979082584, -0.798542380333], "median": [-0.65759152174, -0.758232414722, -0.79506623745, -0.803941726685, -0.80987739563, -0.810439348221], "min": [-0.958482205868, -0.971278727055, -0.965197861195, -0.955986618996, -0.954115450382, -0.959645926952], "var": [0.00873761996627, 0.00576115772128, 0.00756074069068, 0.00542333628982, 0.00348237482831, 0.00209504785016]}, "spectral_contrast_valleys": {"dmean": [0.425430029631, 0.517556965351, 0.582448363304, 0.540960669518, 0.534617125988, 0.471378684044], "dmean2": [0.66735380888, 0.80451977253, 0.902713358402, 0.82147103548, 0.785982787609, 0.618864536285], "dvar": [0.176382035017, 0.281827151775, 0.395379841328, 0.353935778141, 0.401205360889, 0.385932058096], "dvar2": [0.348888963461, 0.58090621233, 0.858408212662, 0.737536072731, 0.843266963959, 0.748090207577], "max": [-4.79859876633, -4.45046043396, -5.014793396, -5.70268392563, -4.94279718399, -7.4528670311], "mean": [-6.60033798218, -7.13667392731,