{"lowlevel": {"average_loudness": 0.945574939251, "barkbands_crest": {"dmean": 2.40141415596, "dmean2": 3.82522177696, "dvar": 5.39388656616, "dvar2": 13.4689455032, "max": 25.2783336639, "mean": 10.253824234, "median": 9.73461818695, "min": 2.63683843613, "var": 13.239323616}, "barkbands_flatness_db": {"dmean": 0.0315380170941, "dmean2": 0.0436099842191, "dvar": 0.00115798949264, "dvar2": 0.0019460003823, "max": 0.444714128971, "mean": 0.171126589179, "median": 0.160161301494, "min": 0.0219945255667, "var": 0.00591157516465}, "barkbands_kurtosis": {"dmean": 6.6538643837, "dmean2": 10.4322366714, "dvar": 119.524559021, "dvar2": 275.010955811, "max": 197.479858398, "mean": 11.2930603027, "median": 5.85762786865, "min": -1.94509410858, "var": 239.360946655}, "barkbands_skewness": {"dmean": 0.902504563332, "dmean2": 1.3658618927, "dvar": 1.23391795158, "dvar2": 2.77426481247, "max": 12.1416034698, "mean": 2.18939590454, "median": 2.1582608223, "min": -7.78824949265, "var": 3.10745835304}, "barkbands_spread": {"dmean": 12.3152751923, "dmean2": 19.4647388458, "dvar": 374.638397217, "dvar2": 850.085021973, "max": 122.496780396, "mean": 22.1912498474, "median": 14.2345790863, "min": 0.919165551662, "var": 521.422851562}, "dissonance": {"dmean": 0.0198562573642, "dmean2": 0.0321748629212, "dvar": 0.000449632236268, "dvar2": 0.0010842041811, "max": 0.500000119209, "mean": 0.450915694237, "median": 0.460753023624, "min": 0.203732132912, "var": 0.00160609686282}, "dynamic_complexity": 3.63010668755, "erbbands_crest": {"dmean": 2.64273142815, "dmean2": 4.20986795425, "dvar": 6.70432329178, "dvar2": 16.4115791321, "max": 30.9952125549, "mean": 9.72392845154, "median": 8.98524665833, "min": 1.85194945335, "var": 17.6395435333}, "erbbands_flatness_db": {"dmean": 0.0255721844733, "dmean2": 0.0365859270096, "dvar": 0.000727397622541, "dvar2": 0.00141332682688, "max": 0.353997379541, "mean": 0.14901676774, "median": 0.144539400935, "min": 0.0377802662551, "var": 0.00286640156992}, "erbbands_kurtosis": {"dmean": 1.93413758278, "dmean2": 3.06679272652, "dvar": 16.6828670502, "dvar2": 36.1382369995, "max": 68.5797729492, "mean": 2.12046313286, "median": -0.0655267238617, "min": -1.89055967331, "var": 42.5314064026}, "erbbands_skewness": {"dmean": 0.548471570015, "dmean2": 0.817314505577, "dvar": 0.469787031412, "dvar2": 0.94547700882, "max": 6.30202579498, "mean": 0.562415003777, "median": 0.490896254778, "min": -6.46934652328, "var": 1.55297279358}, "erbbands_spread": {"dmean": 14.2158718109, "dmean2": 22.8006668091, "dvar": 365.36227417, "dvar2": 901.163146973, "max": 173.714279175, "mean": 45.6418151855, "median": 42.0998725891, "min": 2.65869140625, "var": 636.100097656}, "hfc": {"dmean": 40.292678833, "dmean2": 69.2300491333, "dvar": 18535.3222656, "dvar2": 50345.1289062, "max": 1661.69641113, "mean": 37.7910461426, "median": 9.28171920776, "min": 2.38699815469e-09, "var": 13545.0664062}, "melbands_crest": {"dmean": 3.10013866425, "dmean2": 4.97775602341, "dvar": 9.13044071198, "dvar2": 23.5892696381, "max": 35.4746818542, "mean": 15.1706523895, "median": 14.6680517197, "min": 3.43952989578, "var": 21.3543338776}, "melbands_flatness_db": {"dmean": 0.0398529581726, "dmean2": 0.0542818941176, "dvar": 0.00198433594778, "dvar2": 0.00350610469468, "max": 0.601145386696, "mean": 0.252428978682, "median": 0.239802330732, "min": 0.0193891245872, "var": 0.0100201088935}, "melbands_kurtosis": {"dmean": 14.6812667847, "dmean2": 23.1214866638, "dvar": 647.856994629, "dvar2": 1586.93188477, "max": 435.881774902, "mean": 28.9087276459, "median": 17.8405952454, "min": -1.96138978004, "var": 1296.00732422}, "melbands_skewness": {"dmean": 1.0728468895, "dmean2": 1.66912031174, "dvar": 1.6949532032, "dvar2": 4.1520113945, "max": 17.3725185394, "mean": 3.64627122879, "median": 3.36183285713, "min": -5.04680347443, "var": 4.69823884964}, "melbands_spread": {"dmean": 12.8929176331, "dmean2": 20.8730602264, "dvar": 717.972900391, "dvar2": 1719.24182129, "max": 293.847503662, "mean": 21.3809642792, "median": 11.0330553055, "min": 0.597044587135, "var": 968.440185547}, "pitch_salience": {"dmean": 0.0728748440742, "dmean2": 0.113644190133, "dvar": 0.00506143830717, "dvar2": 0.0124501045793, "max": 0.938266038895, "mean": 0.565814495087, "median": 0.573891758919, "min": 0.0935455188155, "var": 0.0132842035964}, "silence_rate_20dB": {"dmean": 0, "dmean2": 0, "dvar": 0, "dvar2": 0, "max": 1, "mean": 1, "median": 1, "min": 1, "var": 0}, "silence_rate_30dB": {"dmean": 0.0121065378189, "dmean2": 0.0242172628641, "dvar": 0.0119594335556, "dvar2": 0.030202826485, "max": 1, "mean": 0.991008102894, "median": 1, "min": 0, "var": 0.00891060009599}, "silence_rate_60dB": {"dmean": 0.0411622263491, "dmean2": 0.0823386982083, "dvar": 0.0394674241543, "dvar2": 0.083167091012, "max": 1, "mean": 0.112571328878, "median": 0, "min": 0, "var": 0.0998956039548}, "spectral_centroid": {"dmean": 379.69619751, "dmean2": 575.268615723, "dvar": 393122, "dvar2": 798410.4375, "max": 10992.3798828, "mean": 1104.77575684, "median": 841.020141602, "min": 136.253173828, "var": 870800.375}, "spectral_complexity": {"dmean": 3.69526124001, "dmean2": 5.47344732285, "dvar": 35.1303253174, "dvar2": 71.1323623657, "max": 61, "mean": 12.3859586716, "median": 11, "min": 0, "var": 87.4084854126}, "spectral_decrease": {"dmean": 2.1384243265e-09, "dmean2": 3.18037818303e-09, "dvar": 9.20191861197e-18, "dvar2": 2.08084247948e-17, "max": 1.57854493366e-10, "mean": -6.21475182427e-09, "median": -5.29185495424e-09, "min": -3.89479453133e-08, "var": 2.54391572262e-17}, "spectral_energy": {"dmean": 0.0108280666173, "dmean2": 0.0163419079036, "dvar": 0.000345176376868, "dvar2": 0.000843343732413, "max": 0.204554453492, "mean": 0.0268836319447, "median": 0.0216478444636, "min": 2.50677164573e-13, "var": 0.000597897451371}, "spectral_energyband_high": {"dmean": 0.00352213764563, "dmean2": 0.00606823107228, "dvar": 0.000149398532812, "dvar2": 0.000399910233682, "max": 0.148614957929, "mean": 0.00277158012614, "median": 0.000151083106175, "min": 1.69797972883e-13, "var": 0.000115540373372}, "spectral_energyband_low": {"dmean": 0.00441596470773, "dmean2": 0.00675914017484, "dvar": 4.54052133136e-05, "dvar2": 0.000110987428343, "max": 0.100941389799, "mean": 0.0109802782536, "median": 0.00797169562429, "min": 2.25032513646e-15, "var": 0.000127890118165}, "spectral_energyband_middle_high": {"dmean": 0.00225768075325, "dmean2": 0.00361009361222, "dvar": 3.65894920833e-05, "dvar2": 9.848625632e-05, "max": 0.0665843710303, "mean": 0.00338078383356, "median": 0.00122008833569, "min": 3.772806381e-14, "var": 3.62731843779e-05}, "spectral_energyband_middle_low": {"dmean": 0.00499864574522, "dmean2": 0.00757463788614, "dvar": 6.21215440333e-05, "dvar2": 0.000147705111885, "max": 0.11021463573, "mean": 0.0125576816499, "median": 0.0102285202593, "min": 2.27484013343e-14, "var": 0.000133996378281}, "spectral_entropy": {"dmean": 0.348779022694, "dmean2": 0.481615245342, "dvar": 0.159864276648, "dvar2": 0.276885151863, "max": 9.81645202637, "mean": 7.25075674057, "median": 7.24382543564, "min": 4.66245603561, "var": 0.603467941284}, "spectral_flux": {"dmean": 0.0301454160362, "dmean2": 0.0454370118678, "dvar": 0.0015733721666, "dvar2": 0.0027902808506, "max": 0.402348041534, "mean": 0.0773588865995, "median": 0.0612783320248, "min": 2.37736367126e-05, "var": 0.00383822759613}, "spectral_kurtosis": {"dmean": 2.21443533897, "dmean2": 3.32199001312, "dvar": 8.6012134552, "dvar2": 17.5332279205, "max": 62.4252471924, "mean": 5.85436439514, "median": 4.4097237587, "min": -1.3555546999, "var": 37.6934318542}, "spectral_rms": {"dmean": 0.000940444704611, "dmean2": 0.00134746904951, "dvar": 1.52231700667e-06, "dvar2": 3.35885897584e-06, "max": 0.0141267590225, "mean": 0.00459482939914, "median": 0.00459563359618, "min": 1.5638512707e-08, "var": 5.11540793013e-06}, "spectral_rolloff": {"dmean": 1465.92370605, "dmean2": 2580.93945312, "dvar": 9528255, "dvar2": 22513524, "max": 19035.3515625, "mean": 1872.96630859, "median": 473.73046875, "min": 86.1328125, "var": 9770003}, "spectral_skewness": {"dmean": 0.334576100111, "dmean2": 0.489339232445, "dvar": 0.145075559616, "dvar2": 0.27117177844, "max": 6.97862529755, "mean": 1.85088038445, "median": 1.72096467018, "min": -0.581056594849, "var": 0.668776214123}, "spectral_spread": {"dmean": 1432431.875, "dmean2": 2067259.375, "dvar": 3761725767680.0, "dvar2": 6969119211520.0, "max": 40532276, "mean": 5680163, "median": 4831072, "min": 1320747.25, "var": 7728527310850.0}, "spectral_strongpeak": {"dmean": 0.408573061228, "dmean2": 0.695069909096, "dvar": 1.00712490082, "dvar2": 2.60441732407, "max": 19.6689319611, "mean": 0.705456972122, "median": 0.436356335878, "min": 0, "var": 1.07985949516}, "zerocrossingrate": {"dmean": 0.0218850839883, "dmean2": 0.0263584032655, "dvar": 0.000964816310443, "dvar2": 0.0012221976649, "max": 0.53076171875, "mean": 0.061864297837, "median": 0.044921875, "min": 0.00390625, "var": 0.00342348800041}, "barkbands": {"dmean": [1.23219806483e-05, 0.00187417736743, 0.00205599702895, 0.00283458735794, 0.00187219551299, 0.000650738133118, 0.000780237722211, 0.000340716011124, 0.000367186148651, 0.000226729127462, 0.000226615477004, 0.000195224987692, 0.000265891547315, 0.000193820291315, 0.0001901727519, 0.000380577199394, 0.000730665924493, 0.000232827413129, 0.000174646062078, 0.000116052891826, 0.000136097514769, 0.000278075196547, 0.000436606234871, 0.000735563051421, 0.000827641459182, 0.00100747158285, 0.000186952078366], "dmean2": [2.04025400308e-05, 0.00296852691099, 0.00314513174817, 0.00454115867615, 0.00289412913844, 0.000993958441541, 0.00118434987962, 0.000520745001268, 0.000546003691852, 0.000337491423124, 0.000340753089404, 0.000302881206153, 0.000414231180912, 0.000298602506518, 0.000300932966638, 0.000676751078572, 0.00130373740103, 0.000389203953091, 0.000273832469247, 0.000187247773283, 0.000223029594054, 0.000450788444141, 0.000716256734449, 0.00126576679759, 0.00146016827784, 0.0018410111079, 0.000346026849002], "dvar": [7.47717499028e-10, 1.01179502963e-05, 1.19168007586e-05, 3.16242585541e-05, 9.05708657228e-06, 2.67039763457e-06, 5.06857941218e-06, 1.55831162374e-06, 1.84244242973e-06, 9.04782609723e-07, 9.90357307273e-07, 3.18524740806e-07, 6.14934094756e-07, 4.10895097502e-07, 3.4999547438e-07, 2.33063065025e-06, 9.33104456635e-06, 4.45347268396e-07, 1.96255157903e-07, 1.22817297665e-07, 1.66366319831e-07, 1.10937901354e-06, 2.82078985947e-06, 7.35062076274e-06, 9.44687872106e-06, 1.74449305632e-05, 8.2499917653e-07], "dvar2": [1.9598096479e-09, 2.63289293798e-05, 2.93333268928e-05, 7.91213533375e-05, 2.27994696615e-05, 6.36746108285e-06, 1.19292826639e-05, 3.66556105291e-06, 4.07628931498e-06, 1.93177515939e-06, 2.18370291805e-06, 7.72121040882e-07, 1.44196189922e-06, 9.09106290692e-07, 7.84967426171e-07, 6.60955311105e-06, 2.65809594566e-05, 1.20633148981e-06, 4.85261011818e-07, 3.09626102535e-07, 4.23146957473e-07, 2.64695199803e-06, 6.22692687102e-06, 1.91652397916e-05, 2.57615756709e-05, 4.97125511174e-05, 2.37016911342e-06], "max": [0.000502503477037, 0.0471952036023, 0.0518993288279, 0.0702337473631, 0.0404395908117, 0.0289377328008, 0.0335236340761, 0.0311985313892, 0.0222468730062, 0.0257121119648, 0.0295554157346, 0.0135827828199, 0.0150687750429, 0.0117723681033, 0.0137769477442, 0.0239948220551, 0.0370430015028, 0.00945718772709, 0.0097042908892, 0.00575609179214, 0.00692509952933, 0.022482374683, 0.041364569217, 0.0456199347973, 0.0468390472233, 0.0619199685752, 0.0159237533808], "mean": [1.78380851139e-05, 0.0036140223965, 0.00460315914825, 0.00460338545963, 0.00413240492344, 0.00122523366008, 0.00136880658101, 0.000500160793308, 0.000595274090301, 0.000354566524038, 0.00035925876, 0.000276563398074, 0.000380417710403, 0.00028259769897, 0.000258072948782, 0.000331712362822, 0.000593463890254, 0.000261803739704, 0.000261738343397, 0.000147117010783, 0.000134205751237, 0.000257962848991, 0.00038515261258, 0.000586222333368, 0.000599870225415, 0.000638936005998, 0.000113705624244], "median": [4.03661033488e-06, 0.00244947499596, 0.00260343845002, 0.00206822366454, 0.00275823706761, 0.000421506294515, 0.000241600413574, 5.95971941948e-05, 7.20594616723e-05, 6.4293446485e-05, 6.10364877502e-05, 7.77590248617e-05, 8.0564757809e-05, 3.68417386198e-05, 3.86559768231e-05, 4.00829085265e-05, 6.52713570162e-05, 4.79004484077e-05, 4.55093759228e-05, 2.12500999623e-05, 2.42256464844e-05, 2.50147677434e-05, 1.67988164321e-05, 1.55202651513e-05, 1.37113438541e-05, 6.20347373115e-06, 8.03187106158e-07], "min": [1.68669977836e-15, 9.4309283622e-16, 3.05515175545e-16, 3.7453462293e-16, 8.51866540768e-16, 5.65765323317e-15, 2.67688161134e-15, 3.9517161719e-15, 6.1533805361e-15, 7.495208203e-15, 3.84052149823e-15, 7.14999145502e-15, 2.15395735102e-15, 2.01236774708e-15, 2.07466214991e-15, 2.69290620415e-15, 4.82378868363e-15, 3.10131139824e-15, 3.18793279908e-15, 7.27842367268e-15, 1.57953992496e-14, 1.14521861436e-14, 1.67494209285e-14, 2.14944876405e-14, 2.84718639453e-14, 2.76584209366e-14, 4.88901792856e-14], "var": [1.0844526388e-09, 2.0203036911e-05, 3.15245197271e-05, 4.90459387947e-05, 2.06575332413e-05, 4.95400854561e-06, 9.48608339968e-06, 2.22859944188e-06, 3.0848032111e-06, 1.60008960393e-06, 1.46848879012e-06, 4.54048375786e-07, 8.94205413715e-07, 7.4409967965e-07, 5.14283613029e-07, 1.57042438786e-06, 5.6842191043e-06, 3.8079176079e-07, 3.26744014956e-07, 1.65456384593e-07, 1.50415615963e-07, 1.20705135487e-06, 3.52774782186e-06, 6.65012066747e-06, 6.69791779728e-06, 1.01897221612e-05, 4.66745575523e-07]}, "erbbands": {"dmean": [0.0237624626607, 0.524003148079, 2.05468320847, 6.11826658249, 8.77387905121, 5.26726007462, 5.31884765625, 5.70094156265, 10.758275032, 9.2786026001, 7.03419971466, 8.46176624298, 6.69176912308, 7.95235204697, 7.80223894119, 8.45588684082, 11.4486846924, 9.04681015015, 10.1368942261, 10.6393089294, 28.9529037476, 38.5629386902, 15.2924566269, 9.31760978699, 8.10069179535, 5.60939359665, 3.93692207336, 6.96617126465, 9.12101650238, 12.3367357254, 12.6757726669, 16.1248474121, 11.2441759109, 8.87288475037, 6.19313383102, 4.25850486755, 1.84245491028, 0.38177755475, 0.0307734180242, 0.000922558596358], "dmean2": [0.038186006248, 0.828604638577, 3.17183232307, 9.60379505157, 13.6669559479, 7.95365428925, 8.10459804535, 8.6726398468, 16.32006073, 13.9782438278, 10.6303892136, 12.5220251083, 9.60251140594, 12.0704069138, 11.7062091827, 12.9024858475, 17.6494464874, 13.697019577, 15.2785615921, 17.2282314301, 52.5417861938, 68.5985412598, 25.7407264709, 14.9046001434, 12.4117717743, 9.03566646576, 6.45450019836, 11.3966321945, 14.8307590485, 19.9065074921, 20.7784156799, 27.4084873199, 19.4325885773, 15.4941997528, 11.0306463242, 7.73412895203, 3.37653493881, 0.704602241516, 0.0568567812443, 0.00168835290242], "dvar": [0.00174060917925, 0.781546652317, 11.0060682297, 130.096374512, 265.525146484, 69.2479858398, 125.454719543, 262.22265625, 1132.99829102, 931.654968262, 669.776184082, 1141.85400391, 660.713256836, 1349.70214844, 691.029602051, 593.540527344, 1097.37145996, 918.813903809, 1120.09741211, 1020.1550293, 15836.6708984, 25338.1621094, 2159.13623047, 595.589172363, 432.124084473, 301.222595215, 135.056915283, 487.431304932, 1132.64941406, 2493.9675293, 2449.1628418, 4100.04443359, 1643.00378418, 1044.82067871, 589.79309082, 325.49395752, 55.4888458252, 2.90591526031, 0.0221053399146, 1.66013232956e-05], "dvar2": [0.00470761721954, 2.02372455597, 27.3629722595, 326.264770508, 682.594421387, 162.230880737, 301.973358154, 630.431152344, 2687.02124023, 2224.10742188, 1564.7154541, 2556.17651367, 1273.0135498, 3158.62524414, 1433.85461426, 1427.09777832, 2552.42333984, 1995.39562988, 2431.63476562, 2469.03393555, 45443.8320312, 72121.625, 5996.66162109, 1516.02075195, 969.810668945, 774.760620117, 344.392150879, 1234.83557129, 2705.48632812, 5883.10791016, 5416.59423828, 10465.9384766, 4365.37353516, 2796.07617188, 1640.51184082, 925.680786133, 158.040039062, 8.30999279022, 0.0636306032538, 4.73856816825e-05], "max": [0.513183116913, 13.3808717728, 46.3515205383, 154.571060181, 215.216567993, 128.425308228, 217.888031006, 333.164093018, 548.26361084, 665.345397949, 561.702880859, 699.300170898, 783.701599121, 1025.70068359, 998.17578125, 627.736816406, 626.370605469, 772.992919922, 983.803894043, 983.527099609, 1868.69128418, 2023.48718262, 690.453857422, 370.196136475, 328.31817627, 311.558837891, 177.895996094, 393.980316162, 750.118469238, 1135.10473633, 1457.93554688, 1570.6505127, 554.320739746, 428.758850098, 385.761962891, 278.310638428, 98.8620986938, 25.1420764923, 3.10239315033, 0.0638820081949], "mean": [0.0506341718137, 1.01785206795, 4.46603059769, 12.4696102142, 15.7870168686, 11.4076185226, 10.0811920166, 10.4519729614, 19.0818748474, 16.362531662, 10.7731218338, 13.1995716095, 12.4274168015, 12.7304000854, 12.6555566788, 13.2703542709, 17.50847435, 14.360742569, 14.7117509842, 13.8039245605, 22.6639289856, 31.9404945374, 17.1882896423, 12.4250860214, 13.1440267563, 7.35338163376, 4.13078355789, 6.78247737885, 8.6744260788, 10.8261528015, 11.2007627487, 13.2437896729, 8.64885425568, 6.58614778519, 4.36038064957, 2.7930355072, 1.14517569542, 0.234360009432, 0.0186898577958, 0.000599506602157], "median": [0.0357215814292, 0.688762903214, 2.86109781265, 6.27610492706, 9.14567947388, 7.09407138824, 5.22776269913, 3.46473693848, 4.2659497261, 3.00263881683, 1.81866061687, 1.77663624287, 2.33156442642, 2.67084312439, 3.42062473297, 4.25641584396, 4.26528167725, 2.39839506149, 2.28371572495, 2.2543888092, 2.59407973289, 3.71363425255, 3.18491339684, 2.74987316132, 1.80278515816, 1.10780978203, 0.874014019966, 1.06373596191, 0.910654842854, 0.640179753304, 0.433037370443, 0.346049249172, 0.235639229417, 0.142701104283, 0.097177863121, 0.0375531353056, 0.00882576033473, 0.00139585568104, 0.000152976092068, 3.70425077563e-05], "min": [5.36862763446e-14, 1.27509114378e-13, 2.93830281287e-13, 9.39294323744e-13, 8.65050761058e-13, 2.60219385102e-12, 2.22860029042e-11, 5.22111381906e-11, 4.29548757674e-11, 5.18094039892e-11, 9.17884240836e-11, 1.1763408303e-10, 2.6166152578e-10, 1.97808838753e-10, 1.94470550774e-10, 2.7606525399e-10, 1.17418089141e-10, 7.87669790503e-11, 9.19618964312e-11, 1.55331844609e-10, 2.20068296919e-10, 1.96728786039e-10, 2.02951613848e-10, 1.36439665122e-10, 1.45581130484e-10, 3.35617145186e-10, 7.52495177281e-10, 4.80867345942e-10, 4.05580402596e-10, 5.84882975385e-10, 4.18634266142e-10, 3.99497102066e-10, 4.1517786431e-10, 3.63348878762e-10, 1.54493126625e-10, 9.27769805426e-11, 5.64128049829e-11, 1.66434765275e-11, 5.27367776185e-12, 9.43839624512e-13], "var": [0.00312331225723, 1.58794569969, 26.0791873932, 276.423583984, 425.001342773, 170.368087769, 233.044570923, 445.40335083, 1986.5378418, 1668.42871094, 973.732055664, 1717.00195312, 1520.20495605, 1923.91320801, 1118.67504883, 899.961425781, 1664.86010742, 1901.49926758, 1668.62939453, 1409.46594238, 9398.19335938, 15533.9541016, 1680.55285645, 707.479003906, 1137.6126709, 388.544342041, 118.34703064, 451.892974854, 1226.97375488, 2754.53125, 3095.87109375, 3997.85449219, 1367.84216309, 797.830200195, 386.510375977, 193.700454712, 32.2957038879, 1.66288244724, 0.0124550806358, 9.64128867054e-06]}, "gfcc": {"mean": [-33.970249176, 80.4682846069, -79.6941986084, 34.3491439819, -44.0258560181, 12.1716003418, -42.5992355347, 4.17004203796, -29.601606369, -4.05784273148, -17.5284290314, 2.52874064445, -16.2131137848], "cov": [[9860.20605469, -1851.7253418, -756.489196777, -242.93321228, -447.168792725, 189.797195435, -162.976150513, 37.1285552979, -316.194396973, 106.229797363, -181.882888794, -58.2123413086, -386.812744141], [-1851.7253418, 2918.93505859, 8.83106803894, 49.2771873474, 256.822937012, -228.146682739, 269.66885376, -218.057952881, 1.8384912014, -104.031906128, 137.681015015, -166.590621948, 92.6860961914], [-756.489196777, 8.83106803894, 1371.18908691, 178.416824341, 175.723968506, 189.655090332, -6.55176210403, -78.9819564819, -71.0746612549, -53.5826721191, -55.9122810364, 100.328353882, 18.0354480743], [-242.93321228, 49.2771873474, 178.416824341, 489.212768555, 222.400680542, 53.2862319946, -49.3386955261, -11.8595733643, 77.9100265503, -70.71043396, -25.9415473938, 24.4190101624, 69.0436553955], [-447.168792725, 256.822937012, 175.723968506, 222.400680542, 439.42791748, 42.7983703613, -27.0806541443, 7.09496450424, 43.3017807007, -76.6503295898, -20.1919441223, 12.3090190887, 57.4646224976], [189.797195435, -228.146682739, 189.655090332, 53.2862319946, 42.7983703613, 277.954376221, 103.563972473, 8.74537277222, -54.5413665771, -13.570271492, -14.3570318222, -22.5305118561, -8.85807800293], [-162.976150513, 269.66885376, -6.55176210403, -49.3386955261, -27.0806541443, 103.563972473, 307.319610596, 9.17941093445, -69.9121551514, 6.43382549286, 19.8721923828, -64.0325088501, -22.0246677399], [37.1285552979, -218.057952881, -78.9819564819, -11.8595733643, 7.09496450424, 8.74537277222, 9.17941093445, 157.127853394, 52.7029190063, 15.9097337723, -6.85059642792, 6.17507076263, -2.75520300865], [-316.194396973, 1.8384912014, -71.0746612549, 77.9100265503, 43.3017807007, -54.5413665771, -69.9121551514, 52.7029190063, 168.252838135, 27.6418323517, -3.17652630806, 8.54195976257, 25.0214653015], [106.229797363, -104.031906128, -53.5826721191, -70.71043396, -76.6503295898, -13.570271492, 6.43382549286, 15.9097337723, 27.6418323517, 129.937026978, 21.2699489594, -14.6179361343, -31.3301811218], [-181.882888794, 137.681015015, -55.9122810364, -25.9415473938, -20.1919441223, -14.3570318222, 19.8721923828, -6.85059642792, -3.17652630806, 21.2699489594, 87.908782959, 10.7231578827, -3.15816020966], [-58.2123413086, -166.590621948, 100.328353882, 24.4190101624, 12.3090190887, -22.5305118561, -64.0325088501, 6.17507076263, 8.54195976257, -14.6179361343, 10.7231578827, 123.505012512, 27.9481525421], [-386.812744141, 92.6860961914, 18.0354480743, 69.0436553955, 57.4646224976, -8.85807800293, -22.0246677399, -2.75520300865, 25.0214653015, -31.3301811218, -3.15816020966, 27.9481525421, 108.011566162]], "icov": [[0.00016499022604, 1.69079230545e-05, 0.0001515498152, -9.67415835476e-05, 6.70655281283e-05, -0.000168921294971, 0.000203230665647, -4.22027878813e-05, 0.00040429335786, -0.000136709568324, 0.000403292389819, -0.000129279462271, 0.000515653577168], [1.69079230545e-05, 0.000844029651489, -0.000198453111807, 0.000160520285135, -0.0005120280548, 0.00115339865442, -0.000975547591224, 0.0010630103061, -0.000496136024594, 0.000743017299101, -0.0013762122253, 0.00135561998468, -0.000598553451709], [0.0001515498152, -0.000198453111807, 0.00121075392235, -0.000303671433358, -0.000109564156446, -0.00107856129762, 0.000417234405177, 0.000245469913352, 0.000777271518018, -0.000535302329808, 0.00140471267514, -0.00153743708506, 0.000869707204401], [-9.67415835476e-05, 0.000160520285135, -0.000303671433358, 0.00333840935491, -0.00117908092216, -0.000404598016758, -0.00017592353106, 0.000962513673585, -0.00211578188464, 0.00130051851738, -0.000347819470335, 0.000262913381448, -0.00119552225806], [6.70655281283e-05, -0.0005120280548, -0.000109564156446, -0.00117908092216, 0.00364378234372, -0.000954521470703, 0.000812191748992, -0.00105139228981, -3.94835333282e-05, 0.000810979749076, 0.000781739014201, -0.000354405434337, -6.75729388604e-05], [-0.000168921294971, 0.00115339865442, -0.00107856129762, -0.000404598016758, -0.000954521470703, 0.00690138619393, -0.00293014850467, 0.000461821444333, 0.000389832741348, 0.000881808169652, -0.00193928391673, 0.00277920649387, -0.00127821310889], [0.000203230665647, -0.000975547591224, 0.000417234405177, -0.00017592353106, 0.000812191748992, -0.00293014850467, 0.00611123116687, -0.00221501919441, 0.00273514306173, -0.00110523484182, 0.000655968440697, 0.000523926399183, 0.00105437706225], [-4.22027878813e-05, 0.0010630103061, 0.000245469913352, 0.000962513673585, -0.00105139228981, 0.000461821444333, -0.00221501919441, 0.00942520517856, -0.00400012778118, 0.000799613422714, -0.000596214900725, 6.39903664705e-05, -0.00020897507784], [0.00040429335786, -0.000496136024594, 0.000777271518018, -0.00211578188464, -3.94835333282e-05, 0.000389832741348, 0.00273514306173, -0.00400012778118, 0.0112488893792, -0.00395380612463, 0.00202385149896, -0.000425164413173, 2.14068113564e-05], [-0.000136709568324, 0.000743017299101, -0.000535302329808, 0.00130051851738, 0.000810979749076, 0.000881808169652, -0.00110523484182, 0.000799613422714, -0.00395380612463, 0.0114183267578, -0.00390810752288, 0.00230124918744, 0.00108500244096], [0.000403292389819, -0.0013762122253, 0.00140471267514, -0.000347819470335, 0.000781739014201, -0.00193928391673, 0.000655968440697, -0.000596214900725, 0.00202385149896, -0.00390810752288, 0.0165882948786, -0.00539414770901, 0.00243494403549], [-0.000129279462271, 0.00135561998468, -0.00153743708506, 0.000262913381448, -0.000354405434337, 0.00277920649387, 0.000523926399183, 6.39903664705e-05, -0.000425164413173, 0.00230124918744, -0.00539414770901, 0.0135257430375, -0.0039041810669], [0.000515653577168, -0.000598553451709, 0.000869707204401, -0.00119552225806, -6.75729388604e-05, -0.00127821310889, 0.00105437706225, -0.00020897507784, 2.14068113564e-05, 0.00108500244096, 0.00243494403549, -0.0039041810669, 0.0137695064768]]}, "melbands": {"dmean": [0.00036865536822, 0.000934409967158, 0.0011256672442, 0.000483940064441, 0.000189410886378, 0.000127381063066, 0.000161297080922, 9.36774740694e-05, 5.80847517995e-05, 5.29720964551e-05, 3.34830874635e-05, 3.2712421671e-05, 2.91251035378e-05, 2.03230538318e-05, 2.9344444556e-05, 2.19976518565e-05, 1.70722632902e-05, 1.75059321919e-05, 1.30594662551e-05, 1.72138970811e-05, 3.98799566028e-05, 4.53443317383e-05, 2.16248481593e-05, 9.88823558146e-06, 7.51825928091e-06, 6.29234727967e-06, 5.19103969054e-06, 3.47132049683e-06, 2.24736072596e-06, 2.97824999507e-06, 4.49387334811e-06, 4.93722063766e-06, 6.17946398052e-06, 7.22930008124e-06, 7.04934018358e-06, 8.36145773064e-06, 1.07369551188e-05, 7.97408483777e-06, 7.59921840654e-06, 7.43044256524e-06], "dmean2": [0.000586437468883, 0.00144306628499, 0.00175708194729, 0.0007387396181, 0.000286035967292, 0.000193791347556, 0.000244306924287, 0.000141679105582, 8.77491402207e-05, 7.91015991126e-05, 4.81351416965e-05, 4.95586064062e-05, 4.32464112237e-05, 3.16522018693e-05, 4.47081692982e-05, 3.33347998094e-05, 2.61886834778e-05, 2.6314657589e-05, 2.04167736229e-05, 2.8731117709e-05, 7.30417741579e-05, 8.14020750113e-05, 3.69806548406e-05, 1.63942931977e-05, 1.2040411093e-05, 9.92494733509e-06, 7.87925546319e-06, 5.72237968299e-06, 3.71037617697e-06, 4.90094816996e-06, 7.42250676922e-06, 8.0591198639e-06, 1.02542326204e-05, 1.17938916446e-05, 1.15665943667e-05, 1.39546345963e-05, 1.84913642443e-05, 1.38304649226e-05, 1.3353696886e-05, 1.29925429064e-05], "dvar": [3.9974139554e-07, 2.15044065044e-06, 4.24936479249e-06, 6.38979372525e-07, 1.1805107647e-07, 1.17004553601e-07, 2.32496375929e-07, 9.96865523462e-08, 4.83439848153e-08, 4.33180815662e-08, 1.7010382436e-08, 2.29150689535e-08, 1.40043372454e-08, 3.18494319806e-09, 6.95722501831e-09, 5.09035924523e-09, 3.36132410794e-09, 3.5711418267e-09, 1.57538115886e-09, 3.39047612208e-09, 3.28217808487e-08, 3.81322493581e-08, 4.95723551097e-09, 8.11806233347e-10, 4.00782268484e-10, 3.47571499359e-10, 2.02933017612e-10, 1.28708391167e-10, 4.58360432942e-11, 8.24680462808e-11, 2.19204626672e-10, 3.64088537097e-10, 6.49332865255e-10, 8.93525586854e-10, 8.59614046611e-10, 1.10965725497e-09, 1.90713778103e-09, 8.2967582804e-10, 9.30256705001e-10, 7.12385483936e-10], "dvar2": [1.07201799437e-06, 5.33210959475e-06, 1.04860209831e-05, 1.63432423506e-06, 2.81441828065e-07, 2.77603732002e-07, 5.48077878193e-07, 2.3987735176e-07, 1.14409409946e-07, 9.58844310617e-08, 3.26757394475e-08, 5.37036619619e-08, 2.90180768303e-08, 7.97315191647e-09, 1.567100405e-08, 1.18270220284e-08, 7.32959160032e-09, 7.75857333934e-09, 3.51011997246e-09, 8.56815596251e-09, 9.43639051343e-08, 1.08508551477e-07, 1.38224027779e-08, 2.17293183447e-09, 1.00418795501e-09, 8.67536542604e-10, 4.62020782743e-10, 3.3761360374e-10, 1.1805903477e-10, 2.11391681937e-10, 5.57825896585e-10, 8.94926410755e-10, 1.57676161017e-09, 2.12797801602e-09, 1.9006383134e-09, 2.68357958078e-09, 4.96553775875e-09, 2.21073248596e-09, 2.54602161576e-09, 1.90055171601e-09], "max": [0.00905665010214, 0.0213701147586, 0.0295949894935, 0.0104059185833, 0.00577212311327, 0.00671718083322, 0.00776839163154, 0.00633917795494, 0.00529104471207, 0.00428128847852, 0.00378233543597, 0.00428238231689, 0.00428681401536, 0.00157819641754, 0.00175989838317, 0.00129922199994, 0.00131750921719, 0.00169088796247, 0.00134819885716, 0.00151612737682, 0.00270543503575, 0.00239385804161, 0.00104117242154, 0.000456997455331, 0.00034400637378, 0.000481949042296, 0.000254668702837, 0.000187460842426, 8.82346139406e-05, 0.000142137054354, 0.000335703633027, 0.000481339113321, 0.000623691070359, 0.000706966267899, 0.000925708794966, 0.000720055075362, 0.000956857169513, 0.000355910509825, 0.000501602888107, 0.000417005678173], "mean": [0.000739744398743, 0.00208998774178, 0.00225132191554, 0.00100195687264, 0.000376016250812, 0.000233929808019, 0.000291107076919, 0.000159824980074, 8.75366022228e-05, 8.33118829178e-05, 6.07150759606e-05, 5.01705326315e-05, 4.65878729301e-05, 2.98117538478e-05, 4.4249183702e-05, 3.20556064253e-05, 2.58244344877e-05, 2.42445494223e-05, 1.7571999706e-05, 1.94362874026e-05, 2.88180181087e-05, 3.52467759512e-05, 2.2495203666e-05, 1.16301789603e-05, 9.78471598501e-06, 9.17165471037e-06, 8.20193326945e-06, 4.09344556829e-06, 2.32263914768e-06, 2.83685199065e-06, 4.31928219768e-06, 4.68873622594e-06, 5.48884054297e-06, 6.21622621111e-06, 6.2004000938e-06, 7.07124854671e-06, 8.58871680975e-06, 6.08399159319e-06, 5.62760578759e-06, 5.4962069953e-06], "median": [0.000543694011867, 0.00145949283615, 0.00128603295889, 0.000642471306492, 0.000213898340007, 7.74219515733e-05, 6.22911247774e-05, 2.60859469563e-05, 1.12548268589e-05, 1.06483557829e-05, 1.00691959233e-05, 9.3839762485e-06, 1.04876207843e-05, 8.8370325102e-06, 1.21213897728e-05, 6.80245057083e-06, 3.53350378646e-06, 3.41646227753e-06, 2.53861639976e-06, 2.73857335742e-06, 2.91495848614e-06, 3.65188952856e-06, 3.16317073157e-06, 2.22379571824e-06, 1.67430152942e-06, 1.21112680063e-06, 8.39576955514e-07, 5.7379025975e-07, 4.83033090859e-07, 4.75053155924e-07, 6.22221136837e-07, 5.18078479672e-07, 3.62171647339e-07, 3.24358722992e-07, 2.44167154051e-07, 1.99050887773e-07, 1.93451597852e-07, 1.55993149065e-07, 1.25351547808e-07, 1.10529697395e-07], "min": [4.50751918074e-16, 1.56321677421e-16, 1.64838104015e-16, 7.1377798869e-17, 6.50287098881e-16, 1.15558650939e-15, 6.29849199716e-16, 6.26970664124e-16, 7.22415130714e-16, 8.46379302517e-16, 1.31682547777e-15, 7.98594203495e-16, 5.61497187823e-16, 9.23413507998e-16, 4.16215870185e-16, 1.43053144531e-16, 1.61530797698e-16, 1.61234283227e-16, 1.5951823418e-16, 1.85505363821e-16, 3.22681648179e-16, 2.4267832752e-16, 1.54974061237e-16, 1.70607152774e-16, 9.5535628511e-17, 1.52022310235e-16, 5.62983095371e-17, 2.6155808311e-16, 4.81142560249e-16, 4.04189458172e-16, 2.2466580132e-16, 1.87584472364e-16, 2.83126612441e-16, 3.4627633326e-16, 2.42294912763e-16, 1.93100403856e-16, 2.78519917878e-16, 2.45979664902e-16, 3.92127311956e-16, 2.76489288736e-16], "var": [7.52108689994e-07, 5.26165422343e-06, 7.92892296886e-06, 1.29859995468e-06, 2.480066712e-07, 2.05490820804e-07, 4.27720920015e-07, 1.67954269159e-07, 7.25507547372e-08, 6.80659297814e-08, 3.87875473962e-08, 3.26983382593e-08, 2.17408437919e-08, 4.07303124561e-09, 1.14378773119e-08, 7.59238982795e-09, 6.76147404732e-09, 5.31425081718e-09, 2.48603893027e-09, 4.03834166107e-09, 1.89931235184e-08, 2.29633165816e-08, 3.72996300513e-09, 7.52911955004e-10, 5.05285036034e-10, 5.45130329765e-10, 5.48822431945e-10, 1.36130259842e-10, 3.87288638659e-11, 7.20812576294e-11, 2.00324035138e-10, 3.63534480297e-10, 6.95637714099e-10, 9.55459378282e-10, 1.05798747541e-09, 1.22913434986e-09, 1.72987413283e-09, 6.80728085012e-10, 6.90405344006e-10, 5.44244316281e-10]}, "mfcc": {"mean": [-692.684997559, 119.503417969, 22.3435192108, 28.866191864, 19.4667472839, 8.67104816437, 2.1974003315, 6.64548444748, -4.74853754044, -9.08595943451, -1.80782544613, 0.407023757696, -2.85439276695], "cov": [[9706.35058594, -1529.79333496, -738.144775391, -572.645874023, -426.805297852, -89.9698486328, -8.04754066467, -91.7973327637, -228.530136108, 80.6467819214, 162.071548462, -202.591766357, -127.115692139], [-1529.79333496, 2356.88574219, -16.1455535889, 275.145935059, -78.58152771, 81.5363693237, 145.431213379, -46.607624054, -66.8352813721, -28.8868713379, 60.9258842468, -66.5186920166, -78.8760452271], [-738.144775391, -16.1455535889, 1006.50231934, 91.0107955933, 137.302474976, 176.048965454, 90.7022323608, 45.7383308411, 15.1460733414, -78.0376586914, -63.963344574, 40.5881843567, 1.54015123844], [-572.645874023, 275.145935059, 91.0107955933, 428.137023926, 232.290817261, 72.9408721924, -36.2490119934, 48.0113601685, 67.0767974854, -47.7363243103, -58.1377334595, 28.694858551, 32.2011451721], [-426.805297852, -78.58152771, 137.302474976, 232.290817261, 546.933776855, 60.2608757019, -75.9978027344, 60.8208236694, 98.8610305786, -77.2515487671, -98.3347854614, 74.8851470947, 3.42346644402], [-89.9698486328, 81.5363693237, 176.048965454, 72.9408721924, 60.2608757019, 243.363388062, 127.494934082, 26.9664878845, 12.8078718185, 17.2647533417, -17.1023807526, -8.76351070404, -18.1909980774], [-8.04754066467, 145.431213379, 90.7022323608, -36.2490119934, -75.9978027344, 127.494934082, 308.793548584, 63.1688308716, 0.26254338026, 38.1435813904, 12.7683744431, -19.4883003235, -34.5928497314], [-91.7973327637, -46.607624054, 45.7383308411, 48.0113601685, 60.8208236694, 26.9664878845, 63.1688308716, 150.482467651, 49.2639541626, -14.9136562347, -18.4266281128, 19.2314682007, -0.814778089523], [-228.530136108, -66.8352813721, 15.1460733414, 67.0767974854, 98.8610305786, 12.8078718185, 0.26254338026, 49.2639541626, 133.376052856, 35.6243515015, -35.2838020325, 20.9982585907, 12.4185171127], [80.6467819214, -28.8868713379, -78.0376586914, -47.7363243103, -77.2515487671, 17.2647533417, 38.1435813904, -14.9136562347, 35.6243515015, 179.4894104, 53.3351287842, -31.4375133514, -11.0263366699], [162.071548462, 60.9258842468, -63.963344574, -58.1377334595, -98.3347854614, -17.1023807526, 12.7683744431, -18.4266281128, -35.2838020325, 53.3351287842, 148.69708252, -1.13758134842, -17.4486236572], [-202.591766357, -66.5186920166, 40.5881843567, 28.694858551, 74.8851470947, -8.76351070404, -19.4883003235, 19.2314682007, 20.9982585907, -31.4375133514, -1.13758134842, 111.413978577, 37.1703109741], [-127.115692139, -78.8760452271, 1.54015123844, 32.2011451721, 3.42346644402, -18.1909980774, -34.5928497314, -0.814778089523, 12.4185171127, -11.0263366699, -17.4486236572, 37.1703109741, 110.712265015]], "icov": [[0.00014146749163, 0.000109597327537, 0.000100804645626, 4.17884075432e-05, 2.10446414712e-05, -7.1269030741e-05, -1.73372682184e-05, 1.9750282263e-06, 0.000168410188053, 6.75495975884e-05, -0.000101326477306, 0.000200390524697, 0.000113778274681], [0.000109597327537, 0.000644879823085, 0.000115286435175, -0.00058393139625, 0.000185512224562, 2.35808056459e-05, -0.000389171298593, 0.000364610925317, 0.000266065035248, 0.000268384726951, -0.000333419477101, 0.000302383850794, 0.000475547683891], [0.000100804645626, 0.000115286435175, 0.00130095507484, 2.04928783205e-05, -5.74454425077e-05, -0.000890232156962, -0.000151789165102, 1.9839333163e-06, 0.000101447949419, 0.000556969433092, 0.000118723073683, -0.000181371360668, 0.000105603117845], [4.17884075432e-05, -0.00058393139625, 2.04928783205e-05, 0.00410495279357, -0.00125121220481, -0.00117109005805, 0.00090673903469, -0.000826742616482, -0.000991349574178, 0.000470305501949, 9.63251659414e-05, 0.000513041566592, -0.00143779057544], [2.10446414712e-05, 0.000185512224562, -5.74454425077e-05, -0.00125121220481, 0.00343785481527, -0.00081187376054, 0.000946892949287, -0.000261532724835, -0.00143432035111, 0.000785000738688, 0.000999059760943, -0.00168219232, 0.00153658329509], [-7.1269030741e-05, 2.35808056459e-05, -0.000890232156962, -0.00117109005805, -0.00081187376054, 0.00680203968659, -0.00282716169022, 0.000569391646422, 0.000639463483822, -0.00116338697262, 0.000390192610212, 0.000463499716716, 0.000269821495749], [-1.73372682184e-05, -0.000389171298593, -0.000151789165102, 0.00090673903469, 0.000946892949287, -0.00282716169022, 0.00566391181201, -0.00266602751799, 0.000167264399352, -0.00078039203072, 0.000360013364116, -0.000357567623723, 0.000777820707299], [1.9750282263e-06, 0.000364610925317, 1.9839333163e-06, -0.000826742616482, -0.000261532724835, 0.000569391646422, -0.00266602751799, 0.00940463412553, -0.00332933315076, 0.00179778039455, -0.000571788346861, -0.000459127710201, 0.00045683098142], [0.000168410188053, 0.000266065035248, 0.000101447949419, -0.000991349574178, -0.00143432035111, 0.000639463483822, 0.000167264399352, -0.00332933315076, 0.0129598779604, -0.00493440870196, 0.00287706498057, -0.00145124213304, -0.000157440445037], [6.75495975884e-05, 0.000268384726951, 0.000556969433092, 0.000470305501949, 0.000785000738688, -0.00116338697262, -0.00078039203072, 0.00179778039455, -0.00493440870196, 0.00916653033346, -0.00355302798562, 0.00245300377719, -0.000238919397816], [-0.000101326477306, -0.000333419477101, 0.000118723073683, 9.63251659414e-05, 0.000999059760943, 0.000390192610212, 0.000360013364116, -0.000571788346861, 0.00287706498057, -0.00355302798562, 0.00978733226657, -0.00290940073319, 0.0016006823862], [0.000200390524697, 0.000302383850794, -0.000181371360668, 0.000513041566592, -0.00168219232, 0.000463499716716, -0.000357567623723, -0.000459127710201, -0.00145124213304, 0.00245300377719, -0.00290940073319, 0.0129362903535, -0.00408275937662], [0.000113778274681, 0.000475547683891, 0.000105603117845, -0.00143779057544, 0.00153658329509, 0.000269821495749, 0.000777820707299, 0.00045683098142, -0.000157440445037, -0.000238919397816, 0.0016006823862, -0.00408275937662, 0.0117786703631]]}, "spectral_contrast_coeffs": {"dmean": [0.048860989511, 0.0474265478551, 0.0388179123402, 0.0350895449519, 0.031411986798, 0.0242610927671], "dmean2": [0.0791651532054, 0.0741560608149, 0.0587106570601, 0.0532814413309, 0.0464948751032, 0.0359497740865], "dvar": [0.00180415052455, 0.00196070829406, 0.00130806374364, 0.00101838109549, 0.000902824627701, 0.000565959548112], "dvar2": [0.00468611298129, 0.00435834564269, 0.0027711908333, 0.00211771065369, 0.00185508909635, 0.00114040903281], "max": [-0.318758159876, -0.317167282104, -0.38902965188, -0.471194684505, -0.506669163704, -0.592442214489], "mean": [-0.61762368679, -0.688900649548, -0.75948792696, -0.755295336246, -0.760231971741, -0.792687237263], "median": [-0.616141796112, -0.703052461147, -0.769923508167, -0.762292563915, -0.769763350487, -0.79955637455], "min": [-0.947770059109, -0.959890365601, -0.975046277046, -0.976342141628, -0.969014048576, -0.971560537815], "var": [0.00682894466445, 0.0114294448867, 0.00708028767258, 0.00566011155024, 0.0051211565733, 0.00236538727768]}, "spectral_contrast_valleys": {"dmean": [0.432484775782, 0.43855202198, 0.433676749468, 0.446194529533, 0.479798138142, 0.64701718092], "dmean2": [0.662629783154, 0.662824332714, 0.629035711288, 0.627922534943, 0.663076043129, 0.834954202175], "dvar": [0.223659291863, 0.233114689589, 0.249997124076, 0.26062142849, 0.355726361275, 0.572511792183], "dvar2": [0.413006126881, 0.432110875845, 0.434327304363, 0.430875599384, 0.605677008629, 0.90183788538], "max": [-5.21648359299, -4.7247543335, -5.20441961288, -5.62818431854, -5.1823215484