{"lowlevel": {"average_loudness": 0.981988012791, "barkbands_crest": {"dmean": 2.59282541275, "dmean2": 3.89490485191, "dvar": 6.4957690239, "dvar2": 14.3051691055, "max": 25.3882598877, "mean": 12.7699613571, "median": 12.445318222, "min": 3.97972869873, "var": 15.5411663055}, "barkbands_flatness_db": {"dmean": 0.0340933986008, "dmean2": 0.0481296218932, "dvar": 0.00114046840463, "dvar2": 0.00258371396922, "max": 0.404301553965, "mean": 0.189527869225, "median": 0.186068296432, "min": 0.0425756946206, "var": 0.00300137745216}, "barkbands_kurtosis": {"dmean": 7.45938682556, "dmean2": 11.4060649872, "dvar": 177.143920898, "dvar2": 445.411865234, "max": 164.999740601, "mean": 13.422164917, "median": 9.33135414124, "min": -1.92748844624, "var": 235.733230591}, "barkbands_skewness": {"dmean": 0.871875047684, "dmean2": 1.29195511341, "dvar": 1.10082018375, "dvar2": 2.52372694016, "max": 11.1190214157, "mean": 2.98106694221, "median": 2.82937574387, "min": -1.03287506104, "var": 2.35812139511}, "barkbands_spread": {"dmean": 9.93089389801, "dmean2": 15.3050050735, "dvar": 225.288696289, "dvar2": 512.71496582, "max": 108.639907837, "mean": 18.9854812622, "median": 13.4874248505, "min": 1.1419557333, "var": 313.502105713}, "dissonance": {"dmean": 0.0279709249735, "dmean2": 0.0417541451752, "dvar": 0.000668066961225, "dvar2": 0.00157319486607, "max": 0.499367207289, "mean": 0.414188325405, "median": 0.417698323727, "min": 0.175548255444, "var": 0.0018790489994}, "dynamic_complexity": 1.5474063158, "erbbands_crest": {"dmean": 2.63677668571, "dmean2": 3.70598435402, "dvar": 7.48918628693, "dvar2": 16.2726554871, "max": 30.0311012268, "mean": 12.412694931, "median": 11.6684970856, "min": 3.22383522987, "var": 24.3248672485}, "erbbands_flatness_db": {"dmean": 0.0330664142966, "dmean2": 0.0419932678342, "dvar": 0.000990897533484, "dvar2": 0.00210183206946, "max": 0.408143699169, "mean": 0.164991751313, "median": 0.160800814629, "min": 0.0438830778003, "var": 0.00309684081003}, "erbbands_kurtosis": {"dmean": 1.72031223774, "dmean2": 2.40405011177, "dvar": 5.72611427307, "dvar2": 12.1560029984, "max": 26.5680370331, "mean": 1.97468602657, "median": 0.749661922455, "min": -1.7985316515, "var": 13.557311058}, "erbbands_skewness": {"dmean": 0.475813180208, "dmean2": 0.662277638912, "dvar": 0.276281565428, "dvar2": 0.585385084152, "max": 4.70121717453, "mean": 1.20722544193, "median": 1.10386681557, "min": -1.25669658184, "var": 0.951349496841}, "erbbands_spread": {"dmean": 16.608247757, "dmean2": 22.8236713409, "dvar": 352.229858398, "dvar2": 700.055603027, "max": 143.481658936, "mean": 47.3196563721, "median": 40.5124397278, "min": 5.34895133972, "var": 719.473327637}, "hfc": {"dmean": 21.8679656982, "dmean2": 33.4139404297, "dvar": 2295.4831543, "dvar2": 5641.42236328, "max": 808.836181641, "mean": 30.1419315338, "median": 15.8047294617, "min": 3.08449671138e-06, "var": 2209.34594727}, "melbands_crest": {"dmean": 3.38605833054, "dmean2": 5.13119840622, "dvar": 9.59820652008, "dvar2": 22.9580402374, "max": 29.4156208038, "mean": 17.1032409668, "median": 16.7201156616, "min": 6.67792081833, "var": 23.0457706451}, "melbands_flatness_db": {"dmean": 0.0378563292325, "dmean2": 0.0549021475017, "dvar": 0.00156378222164, "dvar2": 0.00355999241583, "max": 0.511488199234, "mean": 0.270706534386, "median": 0.268726795912, "min": 0.0439517833292, "var": 0.0038325143978}, "melbands_kurtosis": {"dmean": 18.4444255829, "dmean2": 27.2395648956, "dvar": 1151.77954102, "dvar2": 2550.4753418, "max": 470.34664917, "mean": 36.8093070984, "median": 25.1425857544, "min": -0.639991283417, "var": 1621.49377441}, "melbands_skewness": {"dmean": 1.15951561928, "dmean2": 1.62729072571, "dvar": 2.08579993248, "dvar2": 4.12920618057, "max": 16.3779697418, "mean": 4.34627103806, "median": 3.94678068161, "min": -0.482003033161, "var": 4.66702604294}, "melbands_spread": {"dmean": 5.07175445557, "dmean2": 7.786693573, "dvar": 76.8255233765, "dvar2": 181.542480469, "max": 139.751785278, "mean": 12.0840578079, "median": 8.99158287048, "min": 0.855161488056, "var": 112.114395142}, "pitch_salience": {"dmean": 0.0761230438948, "dmean2": 0.118341803551, "dvar": 0.00650088861585, "dvar2": 0.0144830821082, "max": 0.817735791206, "mean": 0.505112886429, "median": 0.505008459091, "min": 0.119133651257, "var": 0.0165460854769}, "silence_rate_20dB": {"dmean": 0, "dmean2": 0, "dvar": 0, "dvar2": 0, "max": 1, "mean": 1, "median": 1, "min": 1, "var": 0}, "silence_rate_30dB": {"dmean": 0.0309328176081, "dmean2": 0.0618955530226, "dvar": 0.0299764499068, "dvar2": 0.0580637939274, "max": 1, "mean": 0.968115925789, "median": 1, "min": 0, "var": 0.0308663658798}, "silence_rate_60dB": {"dmean": 0.0106331557035, "dmean2": 0.0207930374891, "dvar": 0.0105199562386, "dvar2": 0.0232614167035, "max": 1, "mean": 0.0101449275389, "median": 0, "min": 0, "var": 0.010042078793}, "spectral_centroid": {"dmean": 226.137466431, "dmean2": 343.916656494, "dvar": 137712.40625, "dvar2": 263359.25, "max": 10512.6279297, "mean": 773.935913086, "median": 636.102478027, "min": 174.634887695, "var": 210465.09375}, "spectral_complexity": {"dmean": 2.70565485954, "dmean2": 4.15715646744, "dvar": 13.0284538269, "dvar2": 29.4303817749, "max": 37, "mean": 11.0661840439, "median": 10, "min": 0, "var": 20.7671089172}, "spectral_decrease": {"dmean": 3.89229493081e-09, "dmean2": 5.68777513976e-09, "dvar": 5.16780293599e-17, "dvar2": 1.11023970059e-16, "max": 1.60565460927e-09, "mean": -8.55488657692e-09, "median": -6.64873223144e-09, "min": -6.33611279e-08, "var": 6.63678504489e-17}, "spectral_energy": {"dmean": 0.0158937964588, "dmean2": 0.0229462590069, "dvar": 0.00077572761802, "dvar2": 0.00164322869387, "max": 0.241395041347, "mean": 0.0350221022964, "median": 0.0275706797838, "min": 3.90225352032e-10, "var": 0.00102860340849}, "spectral_energyband_high": {"dmean": 0.00174413446803, "dmean2": 0.00270268623717, "dvar": 1.29142272272e-05, "dvar2": 3.06691945298e-05, "max": 0.0485417321324, "mean": 0.00181195803452, "median": 0.000515568885021, "min": 2.52474957607e-10, "var": 1.32181276058e-05}, "spectral_energyband_low": {"dmean": 0.00800716690719, "dmean2": 0.0113808009773, "dvar": 0.000658790871967, "dvar2": 0.00133149919566, "max": 0.231571882963, "mean": 0.00838176906109, "median": 0.00112310843542, "min": 1.99706327864e-11, "var": 0.000783335941378}, "spectral_energyband_middle_high": {"dmean": 0.000739815703128, "dmean2": 0.00096518592909, "dvar": 1.69496058788e-06, "dvar2": 3.49227343577e-06, "max": 0.0169535800815, "mean": 0.0021495425608, "median": 0.00143685145304, "min": 6.44106573633e-11, "var": 4.95563563163e-06}, "spectral_energyband_middle_low": {"dmean": 0.00812257546932, "dmean2": 0.0122816013172, "dvar": 0.0001604740537, "dvar2": 0.0004112929455, "max": 0.117782317102, "mean": 0.0236161574721, "median": 0.0206607356668, "min": 5.95038393558e-11, "var": 0.000263432477368}, "spectral_entropy": {"dmean": 0.457258760929, "dmean2": 0.624496161938, "dvar": 0.214141190052, "dvar2": 0.470797002316, "max": 9.7827796936, "mean": 6.88723611832, "median": 6.90263462067, "min": 4.65320539474, "var": 0.517887711525}, "spectral_flux": {"dmean": 0.0455900616944, "dmean2": 0.0673686563969, "dvar": 0.00257069081999, "dvar2": 0.00551840057597, "max": 0.400257498026, "mean": 0.0814593955874, "median": 0.0574579909444, "min": 1.97541230591e-05, "var": 0.00450306152925}, "spectral_kurtosis": {"dmean": 2.90192437172, "dmean2": 4.23002910614, "dvar": 19.1934070587, "dvar2": 41.1006546021, "max": 66.2551040649, "mean": 5.80061578751, "median": 3.83046793938, "min": -1.13135254383, "var": 41.2022132874}, "spectral_rms": {"dmean": 0.00118299375754, "dmean2": 0.00162077695131, "dvar": 2.50490847975e-06, "dvar2": 4.82491213916e-06, "max": 0.0153462486342, "mean": 0.00541383074597, "median": 0.00518635008484, "min": 6.1701513232e-07, "var": 4.85836972075e-06}, "spectral_rolloff": {"dmean": 1187.58166504, "dmean2": 2129.41748047, "dvar": 9618619, "dvar2": 24070308, "max": 19509.0820312, "mean": 1412.41137695, "median": 538.330078125, "min": 86.1328125, "var": 7837120}, "spectral_skewness": {"dmean": 0.430420249701, "dmean2": 0.601959645748, "dvar": 0.21102181077, "dvar2": 0.448098808527, "max": 7.02101755142, "mean": 1.89629685879, "median": 1.74707937241, "min": 0.0639193579555, "var": 0.53291708231}, "spectral_spread": {"dmean": 1543539.875, "dmean2": 2103847.75, "dvar": 3437669384190.0, "dvar2": 6469528322050.0, "max": 38762620, "mean": 6644012, "median": 6773422, "min": 877725.5625, "var": 8259454894080.0}, "spectral_strongpeak": {"dmean": 0.560604274273, "dmean2": 1.00414681435, "dvar": 10.5319433212, "dvar2": 31.1268863678, "max": 66.4802703857, "mean": 1.28323221207, "median": 1.17212820053, "min": 0, "var": 5.77608728409}, "zerocrossingrate": {"dmean": 0.0201880335808, "dmean2": 0.0244166590273, "dvar": 0.000675108050928, "dvar2": 0.000971528526861, "max": 0.33544921875, "mean": 0.0622544437647, "median": 0.05224609375, "min": 0.0068359375, "var": 0.00178851536475}, "barkbands": {"dmean": [4.6272201871e-05, 0.00707618519664, 0.000877217564266, 0.00158741127234, 0.00499101588503, 0.00207788287662, 0.00128527823836, 0.00067385204602, 7.13608751539e-05, 0.000204165058676, 7.71013365011e-05, 5.71330456296e-05, 2.58774998656e-05, 0.00012241335935, 3.37876517733e-05, 0.000161222647876, 0.000101642828668, 0.000139034702443, 0.000110489374492, 5.95081510255e-05, 0.000207095843507, 0.000175878216396, 0.000257044506725, 0.000237123604165, 0.000265376467723, 0.000313625962008, 0.000430060201325], "dmean2": [8.15247403807e-05, 0.0101425796747, 0.00160507718101, 0.0025811039377, 0.00798016227782, 0.00288952025585, 0.00200908607803, 0.000820897461381, 0.000116111230454, 0.000259712338448, 0.000101319034002, 8.49677526276e-05, 3.5925051634e-05, 0.000150111271068, 5.44742870261e-05, 0.00018165288202, 0.000162992684636, 0.000216235028347, 0.000170740197063, 9.11899769562e-05, 0.000318808917655, 0.000284355861368, 0.000410193169955, 0.000370319699869, 0.000431364751421, 0.000525906565599, 0.000724102312233], "dvar": [2.75067666422e-08, 0.000567553332075, 1.05100571091e-05, 1.67821235664e-05, 7.42923439248e-05, 1.00059369288e-05, 1.30548933157e-05, 1.76808532615e-06, 2.95268414163e-08, 3.09272223831e-07, 6.44308784103e-08, 9.73690248429e-08, 2.85953816181e-09, 6.1548483643e-08, 4.31472191309e-09, 3.55417228093e-07, 6.14630764062e-08, 9.0041595513e-08, 1.30494584027e-07, 2.34515873387e-08, 5.83512303365e-07, 2.16381096152e-07, 7.21909259482e-07, 5.54172061129e-07, 6.37668506442e-07, 1.14804402074e-06, 3.23740869135e-06], "dvar2": [7.67685008896e-08, 0.0011225764174, 3.0906223401e-05, 4.33517052443e-05, 0.000195648215595, 1.86289726116e-05, 3.29710128426e-05, 2.46676677307e-06, 8.43117078375e-08, 6.63427158543e-07, 1.28457315896e-07, 2.33193659938e-07, 4.76267558724e-09, 9.95360736056e-08, 1.07082742673e-08, 6.00444707288e-07, 1.66468154816e-07, 2.13957548567e-07, 3.32742871478e-07, 5.65496449667e-08, 1.39567248425e-06, 5.59831391911e-07, 1.84959696981e-06, 1.36854839639e-06, 1.43634758842e-06, 2.97761380352e-06, 8.77082675288e-06], "max": [0.0022381816525, 0.217141419649, 0.0333556458354, 0.0394156165421, 0.0853444412351, 0.0410005263984, 0.0443700700998, 0.0221648532897, 0.00305437948555, 0.01438655518, 0.00632212730125, 0.00964238028973, 0.000866986694746, 0.00488502951339, 0.000845005037263, 0.0112584671006, 0.00261661270633, 0.00530764413998, 0.00744096841663, 0.00412045558915, 0.0202309153974, 0.00468640308827, 0.0161741301417, 0.0169676020741, 0.0132934292778, 0.0177049003541, 0.0401461310685], "mean": [3.80344681616e-05, 0.006759414915, 0.000812742509879, 0.00195877370425, 0.00915848370641, 0.00812439154834, 0.00194061303046, 0.00194864405785, 0.000133407200337, 0.00063096138183, 0.000206388533115, 0.000186029428733, 6.63662140141e-05, 0.000369164947188, 4.40641670139e-05, 0.000342867686413, 0.000150500913151, 0.000171439256519, 0.000147051585373, 7.3148017691e-05, 0.000253460282693, 0.000182758914889, 0.000257207197137, 0.000238098175032, 0.000236145831877, 0.000263231020654, 0.000328746420564], "median": [1.1358717984e-06, 0.000214850704651, 0.000175564287929, 0.000723715464119, 0.00703129312024, 0.00548326130956, 0.000693605979905, 0.00070465070894, 6.72198366374e-05, 0.000262934132479, 6.41275109956e-05, 3.05905741698e-05, 1.66014979186e-05, 0.000176413639565, 2.13211205846e-05, 2.37793610722e-05, 5.86753012612e-05, 4.37074450019e-05, 3.3921423892e-05, 2.23569950322e-05, 7.23619014025e-05, 5.0594102504e-05, 4.94473679282e-05, 4.12233785028e-05, 4.42400123575e-05, 4.65221346531e-05, 2.23278748308e-05], "min": [5.06232534191e-13, 1.45151772546e-12, 1.05732913744e-11, 1.36828725433e-11, 7.492319265e-12, 1.07637197766e-11, 1.02105927879e-11, 1.32653237353e-11, 3.98608706806e-12, 7.65836179195e-12, 1.75396832475e-11, 1.24538324531e-12, 1.74914509959e-12, 2.26307514395e-12, 9.82747303674e-13, 6.85629374456e-12, 1.22644767606e-11, 4.22952948706e-12, 5.1319226646e-12, 1.70028852109e-11, 1.91765700541e-11, 1.68596699102e-11, 2.29846836008e-11, 3.43365093303e-11, 3.10193849773e-11, 4.9334179103e-11, 6.01818248014e-11], "var": [2.34255228548e-08, 0.000681041565258, 6.19850379735e-06, 1.56017558766e-05, 7.94682855485e-05, 6.53754759696e-05, 1.3454290638e-05, 9.75385773927e-06, 3.19348139044e-08, 1.2101354514e-06, 2.73776151971e-07, 3.75577059231e-07, 1.34169688693e-08, 2.84816195517e-07, 4.8136459263e-09, 1.15786724564e-06, 6.73505482496e-08, 1.37931849054e-07, 1.78246111204e-07, 3.25376419141e-08, 7.73421902522e-07, 2.02427486329e-07, 7.27710641968e-07, 5.66338485442e-07, 6.80232346895e-07, 8.97052245818e-07, 2.23454139814e-06]}, "erbbands": {"dmean": [0.143822699785, 1.79074263573, 1.66882669926, 2.89295172691, 15.1760749817, 12.3846979141, 27.6926383972, 11.1565036774, 14.4222736359, 23.7651290894, 9.27345752716, 1.81626093388, 6.20598268509, 3.52234435081, 3.01734352112, 2.72522640228, 0.947818875313, 6.61746358871, 1.93249559402, 4.89593505859, 7.06765651703, 5.85896492004, 7.72634792328, 6.87311553955, 3.3918671608, 2.74414539337, 5.25002527237, 9.11282062531, 6.56178283691, 6.50478649139, 8.32273387909, 5.39028263092, 3.88083124161, 2.64485764503, 2.08575725555, 0.866340875626, 0.671074092388, 0.213645592332, 0.0499062724411, 0.00804588384926], "dmean2": [0.199966073036, 2.5904006958, 2.78221869469, 4.72283172607, 23.1040859222, 20.8539047241, 42.3027420044, 16.087266922, 21.9147167206, 33.8128700256, 12.5726718903, 2.77574372292, 8.06182479858, 4.55545139313, 3.95373344421, 3.95830273628, 1.35496103764, 8.09861373901, 2.6242389679, 6.01969194412, 8.56091976166, 9.15331840515, 11.9354391098, 10.5972557068, 5.33633041382, 4.154109478, 8.58640193939, 13.6587877274, 10.3876571655, 10.6507158279, 12.9153146744, 8.43984222412, 6.33819389343, 4.27054738998, 3.40346670151, 1.5287156105, 1.10791623592, 0.35420742631, 0.0846144855022, 0.0138099379838], "dvar": [0.24477468431, 36.6651344299, 36.8465423584, 42.4947814941, 1371.71716309, 441.00567627, 2061.86083984, 305.854370117, 1320.6171875, 2874.50683594, 320.540649414, 14.5115261078, 291.837738037, 214.937683105, 79.5166702271, 230.225738525, 3.12054729462, 150.969741821, 15.1787614822, 271.88458252, 422.345428467, 199.185501099, 281.095550537, 471.485687256, 78.3175582886, 35.6353302002, 128.078811646, 1376.1661377, 289.587768555, 343.260772705, 931.207702637, 496.659210205, 119.950706482, 68.076789856, 43.1489677429, 7.14515161514, 6.72343635559, 0.526604533195, 0.0528340600431, 0.00147190899588], "dvar2": [0.423124313354, 76.9030075073, 99.3258132935, 110.945716858, 3438.15649414, 1177.86218262, 5129.88769531, 610.018676758, 3358.17529297, 7112.7109375, 584.103149414, 38.0043182373, 648.297912598, 450.451782227, 144.790847778, 535.830078125, 6.61519527435, 223.387924194, 30.1417045593, 472.522155762, 744.499633789, 539.555969238, 663.029968262, 1188.54602051, 203.668685913, 85.7889328003, 336.750091553, 3254.22851562, 738.940734863, 911.815612793, 2337.65844727, 1286.68835449, 282.159851074, 154.401885986, 99.0971450806, 20.0385494232, 17.5280380249, 1.34674978256, 0.143473640084, 0.00402661971748], "max": [4.91230869293, 54.2639160156, 60.1808776855, 57.0982208252, 349.19631958, 177.188079834, 402.725067139, 242.853988647, 559.916687012, 588.208251953, 323.636535645, 67.2082214355, 511.113739014, 521.340270996, 276.017211914, 461.574829102, 37.3976631165, 243.326080322, 99.0264434814, 311.609649658, 426.445800781, 158.625, 347.286651611, 481.702178955, 162.974807739, 148.648071289, 102.161460876, 989.53302002, 237.466659546, 232.08380127, 643.229370117, 590.188903809, 186.008712769, 176.10585022, 126.938110352, 22.8794727325, 45.2898674011, 11.0540876389, 5.48716115952, 0.803768098354], "mean": [0.146975323558, 1.65842115879, 1.50273096561, 4.06401777267, 18.7082996368, 21.7959213257, 88.5962677002, 39.9860420227, 29.9589290619, 46.3618621826, 27.3162097931, 5.17208433151, 16.8925857544, 12.7603998184, 8.80642414093, 9.36639785767, 2.93789196014, 20.5750465393, 4.78224897385, 9.58621788025, 14.7713069916, 9.08572483063, 9.82166957855, 9.49998569489, 3.79837036133, 3.47000646591, 6.39225721359, 11.0143346786, 6.83919095993, 6.46608352661, 8.91816520691, 5.47386837006, 3.51776385307, 2.34535098076, 1.83367550373, 0.66834461689, 0.562133789062, 0.18030051887, 0.0395394191146, 0.00580073008314], "median": [0.00400192476809, 0.0581573061645, 0.259768486023, 1.50629806519, 8.00136756897, 14.3004302979, 70.8718414307, 28.2213554382, 15.0827922821, 19.5462989807, 12.5258617401, 3.26804685593, 7.23593044281, 3.91411161423, 3.72275447845, 1.66932475567, 1.72815728188, 11.1193799973, 2.65142011642, 2.00291728973, 3.09886169434, 3.98452186584, 2.94713878632, 2.4294655323, 1.13649725914, 1.31596779823, 2.60778546333, 2.39826583862, 2.03492021561, 1.7620139122, 1.66396844387, 1.00186932087, 0.566303730011, 0.420546531677, 0.352558106184, 0.171188503504, 0.0885112434626, 0.0246580541134, 0.00354711059481, 0.000267114490271], "min": [1.78804766132e-11, 5.6503340895e-10, 8.83219453129e-09, 3.41989867536e-08, 3.35607914792e-08, 1.58990847154e-08, 4.67005456528e-08, 9.74453868707e-08, 1.2809792338e-07, 2.97767002166e-07, 1.93623279188e-07, 1.12156698151e-07, 7.85000082715e-08, 6.83819052938e-07, 3.62166417744e-07, 6.2205941731e-08, 8.04221755857e-08, 1.49570183794e-07, 3.57458169731e-08, 2.24746173672e-07, 3.98447269845e-07, 7.77516390826e-07, 3.14435339988e-07, 3.08939320348e-07, 1.99418266789e-07, 8.63902755555e-07, 7.02282477505e-07, 8.8751602334e-07, 7.3291840863e-07, 3.47019238234e-07, 7.23613368336e-07, 5.00512157942e-07, 7.12689427473e-07, 5.00843725604e-07, 1.47901019432e-07, 5.64481510423e-08, 9.38580626553e-08, 4.03251050329e-08, 8.27684409899e-09, 9.95646454172e-10], "var": [0.336050778627, 41.0998420715, 27.0668754578, 46.8818359375, 1300.67834473, 518.706420898, 6707.36572266, 1914.56140137, 1833.19311523, 4994.4609375, 1773.81555176, 32.7735519409, 864.020080566, 1045.80700684, 387.999359131, 960.342346191, 11.561671257, 756.044616699, 45.3329200745, 808.801574707, 1387.86303711, 218.579544067, 430.156524658, 721.569335938, 71.8580703735, 49.2876548767, 126.083778381, 1857.46875, 277.561889648, 305.087554932, 1022, 463.7237854, 130.134155273, 75.1473312378, 43.419216156, 4.36136722565, 5.23049402237, 0.421994000673, 0.0362245030701, 0.000983685604297]}, "gfcc": {"mean": [-2.69134044647, 68.16796875, -71.4749298096, 7.51805257797, -64.6415634155, -10.9283351898, -47.8446846008, -13.1246776581, -21.1667461395, -3.02880978584, -18.1490249634, 4.8265080452, -10.6039924622], "cov": [[4769.16210938, -1573.95837402, 691.573303223, 637.350585938, -56.0095558167, -286.709381104, -13.586930275, 328.105194092, 311.583587646, 145.208114624, 257.352081299, 235.932220459, 191.920532227], [-1573.95837402, 1823.15429688, -805.159729004, 56.640460968, 194.199295044, -92.6024017334, 39.0739555359, -91.3938446045, 146.09173584, -35.7011413574, 28.6345062256, -24.0618190765, 107.753120422], [691.573303223, -805.159729004, 785.599731445, 33.6235961914, 75.5089263916, 225.067596436, 29.8854370117, 94.6576156616, -70.4932479858, 51.8889541626, -25.3207359314, 11.9841623306, -64.5075912476], [637.350585938, 56.640460968, 33.6235961914, 548.132385254, 103.42024231, -33.8377990723, 107.315490723, 100.092597961, 63.1373558044, 10.0026454926, 124.558296204, 64.1659240723, 37.8469619751], [-56.0095558167, 194.199295044, 75.5089263916, 103.42024231, 469.789215088, 250.187301636, 115.296112061, 98.1206512451, 92.3064575195, -20.4564170837, -14.6508302689, 4.86011695862, -2.39987969398], [-286.709381104, -92.6024017334, 225.067596436, -33.8377990723, 250.187301636, 502.614746094, 23.5174942017, 76.2732620239, -39.8338088989, -36.1141777039, -55.4816093445, -23.9727973938, -88.8009185791], [-13.586930275, 39.0739555359, 29.8854370117, 107.315490723, 115.296112061, 23.5174942017, 236.266647339, 32.1834564209, 22.9048900604, -29.7028884888, -1.64125132561, -24.8186264038, -19.33644104], [328.105194092, -91.3938446045, 94.6576156616, 100.092597961, 98.1206512451, 76.2732620239, 32.1834564209, 195.27961731, 56.4966621399, 18.6622104645, 30.7995662689, 41.9269104004, 7.71667671204], [311.583587646, 146.09173584, -70.4932479858, 63.1373558044, 92.3064575195, -39.8338088989, 22.9048900604, 56.4966621399, 357.440490723, 70.61668396, -45.4548072815, -12.4294662476, 94.4209899902], [145.208114624, -35.7011413574, 51.8889541626, 10.0026454926, -20.4564170837, -36.1141777039, -29.7028884888, 18.6622104645, 70.61668396, 232.078796387, -9.62471389771, -12.8654756546, -18.0249519348], [257.352081299, 28.6345062256, -25.3207359314, 124.558296204, -14.6508302689, -55.4816093445, -1.64125132561, 30.7995662689, -45.4548072815, -9.62471389771, 237.603393555, 101.325325012, 35.7515907288], [235.932220459, -24.0618190765, 11.9841623306, 64.1659240723, 4.86011695862, -23.9727973938, -24.8186264038, 41.9269104004, -12.4294662476, -12.8654756546, 101.325325012, 160.523651123, 71.4696884155], [191.920532227, 107.753120422, -64.5075912476, 37.8469619751, -2.39987969398, -88.8009185791, -19.33644104, 7.71667671204, 94.4209899902, -18.0249519348, 35.7515907288, 71.4696884155, 214.197219849]], "icov": [[0.000594379205722, 0.000582850363571, -6.08592345088e-05, -0.000516878906637, -0.000198064255528, 0.000450753199402, 0.000296467216685, -0.000315042649163, -0.000539142580237, -2.06301069738e-06, -0.000338576326612, -0.000113644258818, -0.000198086054297], [0.000582850363571, 0.00182952801697, 0.00128067180049, -0.000632446084637, -0.000912222953048, 0.000265824666712, 0.000235821440583, 0.000134895570227, -0.000507755496074, -0.000265399517957, -0.000475192064187, 0.000148740946315, -0.000597563630436], [-6.08592345088e-05, 0.00128067180049, 0.00308017246425, -0.000199400557904, -0.000496719207149, -0.000982256024145, -0.000358303106623, -8.34614911582e-05, 0.000534811755642, -0.000867021153681, 0.000233113372815, -2.79777705146e-05, -0.00040727268788], [-0.000516878906637, -0.000632446084637, -0.000199400557904, 0.00302915321663, -0.000100411096355, 1.26248241941e-05, -0.00117675354704, -0.000535183004104, 0.000162535958225, -4.95268723171e-05, -0.000874714285601, -9.94993097265e-05, 0.000206540687941], [-0.000198064255528, -0.000912222953048, -0.000496719207149, -0.000100411096355, 0.00439582858235, -0.00211157486774, -0.00154274678789, -0.000675816088915, -0.000736305431928, 0.000224299990805, 0.000251770979958, -0.000489339698106, 2.81352640741e-05], [0.000450753199402, 0.000265824666712, -0.000982256024145, 1.26248241941e-05, -0.00211157486774, 0.0041571171023, 0.00103855249472, -0.00106254627462, 3.59430305252e-05, 0.000734860775992, 0.000219912340981, 5.13183113071e-05, 0.000988335115835], [0.000296467216685, 0.000235821440583, -0.000358303106623, -0.00117675354704, -0.00154274678789, 0.00103855249472, 0.00582862040028, -0.000473381427582, -0.000303143431665, 0.000985280028544, -0.000148288338096, 0.00125166110229, 0.0004959111684], [-0.000315042649163, 0.000134895570227, -8.34614911582e-05, -0.000535183004104, -0.000675816088915, -0.00106254627462, -0.000473381427582, 0.00754754152149, -0.000948021595832, -0.000407488259953, -0.000242164111114, -0.00165379128885, 0.000496964261401], [-0.000539142580237, -0.000507755496074, 0.000534811755642, 0.000162535958225, -0.000736305431928, 3.59430305252e-05, -0.000303143431665, -0.000948021595832, 0.00495402747765, -0.00143351498991, 0.00141991814598, 0.00111580267549, -0.00202944898047], [-2.06301069738e-06, -0.000265399517957, -0.000867021153681, -4.95268723171e-05, 0.000224299990805, 0.000734860775992, 0.000985280028544, -0.000407488259953, -0.00143351498991, 0.00530368415639, -0.000141071373946, 0.00022464718495, 0.00132060563192], [-0.000338576326612, -0.000475192064187, 0.000233113372815, -0.000874714285601, 0.000251770979958, 0.000219912340981, -0.000148288338096, -0.000242164111114, 0.00141991814598, -0.000141071373946, 0.00697254994884, -0.00359107111581, 0.000253131700447], [-0.000113644258818, 0.000148740946315, -2.79777705146e-05, -9.94993097265e-05, -0.000489339698106, 5.13183113071e-05, 0.00125166110229, -0.00165379128885, 0.00111580267549, 0.00022464718495, -0.00359107111581, 0.0109503958374, -0.00330279394984], [-0.000198086054297, -0.000597563630436, -0.00040727268788, 0.000206540687941, 2.81352640741e-05, 0.000988335115835, 0.0004959111684, 0.000496964261401, -0.00202944898047, 0.00132060563192, 0.000253131700447, -0.00330279394984, 0.00748996669427]]}, "melbands": {"dmean": [0.00174307031557, 0.00146867509466, 0.000853733974509, 0.00102349848021, 0.000861116044689, 0.000278692343272, 0.000238366148551, 0.000240597772063, 6.20581486146e-05, 9.99627445708e-06, 3.10328068736e-05, 1.44284949783e-05, 1.12676198114e-05, 7.49780929254e-06, 3.31895171257e-06, 3.55266524821e-06, 1.43948009281e-05, 3.2107068364e-06, 2.7847754609e-06, 1.36819844556e-05, 6.56090242046e-06, 5.83241444474e-06, 8.06089428806e-06, 6.01715828452e-06, 5.95263963987e-06, 2.95561358143e-06, 1.57729971306e-06, 1.97289546122e-06, 3.01962495541e-06, 3.81329095944e-06, 6.56114571029e-06, 4.15713975599e-06, 2.8326071515e-06, 3.7148724914e-06, 5.93549793848e-06, 3.61816250916e-06, 2.65137509814e-06, 3.22734513247e-06, 1.845572001e-06, 2.50965035775e-06], "dmean2": [0.00247645447962, 0.00220673345029, 0.00133815675508, 0.00160850223619, 0.00134480476845, 0.000395554467104, 0.000364376843208, 0.000332030031132, 8.56411134009e-05, 1.56070691446e-05, 4.03666854254e-05, 1.89163001778e-05, 1.49002180478e-05, 1.07376336018e-05, 5.00215264765e-06, 4.84785141452e-06, 1.75356290129e-05, 4.26864744441e-06, 4.53807297163e-06, 1.52107222675e-05, 8.58984822116e-06, 9.28933513933e-06, 1.25254255181e-05, 9.54211191129e-06, 9.14122301765e-06, 4.7272642405e-06, 2.47409934673e-06, 3.01235445477e-06, 4.8901779337e-06, 6.35633250567e-06, 9.6107214631e-06, 6.64372464598e-06, 4.68548159915e-06, 6.18291551291e-06, 9.12645282369e-06, 5.87045315115e-06, 4.19894786319e-06, 5.21366155226e-06, 3.22828532262e-06, 4.03253261538e-06], "dvar": [3.45398875652e-05, 2.53224825428e-05, 4.24009567723e-06, 4.80166545458e-06, 2.02961155082e-06, 1.80473605838e-07, 3.82809844268e-07, 2.68829467132e-07, 1.51630850098e-08, 5.94814919541e-10, 7.18389348009e-09, 4.19608614521e-09, 1.3618139949e-09, 1.25793575556e-09, 2.93915308758e-10, 6.18676707087e-11, 7.93729526549e-10, 7.76665329272e-11, 3.90751424273e-11, 3.15404879991e-09, 2.83168183346e-10, 2.17549353532e-10, 3.0764790715e-10, 2.1413536222e-10, 4.34934477322e-10, 7.58984403104e-11, 1.17680934442e-11, 2.84624927793e-11, 4.65860926224e-11, 7.76851638573e-11, 1.15128451217e-09, 1.2585325837e-10, 6.0804673796e-11, 1.15961525105e-10, 7.03811342539e-10, 1.91888921419e-10, 1.17799783816e-10, 1.15772051668e-10, 2.52129202932e-11, 9.94906657059e-11], "dvar2": [6.39002828393e-05, 5.9478545154e-05, 1.06841580418e-05, 1.24692478494e-05, 5.2106847761e-06, 3.52010658844e-07, 9.61934233601e-07, 6.26987514352e-07, 2.72818923008e-08, 1.6525896207e-09, 1.59912350028e-08, 8.7716811592e-09, 2.74451639193e-09, 2.97027669127e-09, 7.01686708737e-10, 9.39295238811e-11, 1.19289877976e-09, 1.56358870296e-10, 9.90676984891e-11, 5.3516617804e-09, 5.50966161583e-10, 5.7725113578e-10, 7.26397775264e-10, 5.29322308207e-10, 1.09209152832e-09, 1.98999969281e-10, 3.04113782768e-11, 6.89729731662e-11, 1.18203738464e-10, 2.05141417742e-10, 2.71442179844e-09, 3.22785770335e-10, 1.61344798633e-10, 3.11590225843e-10, 1.75658576573e-09, 5.00690433558e-10, 3.04980596333e-10, 2.64856386822e-10, 6.91690524302e-11, 2.23369781005e-10], "max": [0.0536626055837, 0.0483064353466, 0.0192271471024, 0.0222643781453, 0.0121458927169, 0.00563038373366, 0.0090921651572, 0.00583386840299, 0.0024314862676, 0.000449858373031, 0.0025296069216, 0.00231899949722, 0.000934802810661, 0.00108209974132, 0.000529450247996, 0.000129258172819, 0.000558654312044, 0.000262797257164, 8.61735461513e-05, 0.00106253835838, 0.000461798190372, 0.000200531401788, 0.000355564290658, 0.000351523834979, 0.000481910712551, 0.000155726229423, 5.75233170821e-05, 0.000149387153215, 0.000114037655294, 0.000136444010423, 0.000922198523767, 0.000151202621055, 9.06499117264e-05, 0.000120422235341, 0.00059001846239, 0.00035157657112, 0.00027671243879, 0.00021073113021, 3.90833301935e-05, 0.000240245411987], "mean": [0.00171665346716, 0.00134322838858, 0.00112852000166, 0.00134027551394, 0.0025944893714, 0.00103493710048, 0.000456171634141, 0.000504375144374, 0.000180555362022, 2.4285804102e-05, 8.4142171545e-05, 5.14700550411e-05, 3.06755937345e-05, 2.41203288169e-05, 1.01479981822e-05, 9.43251143326e-06, 4.4282329327e-05, 7.85792599345e-06, 3.54819508175e-06, 2.90216667054e-05, 1.27727580548e-05, 9.37204276852e-06, 1.02984977275e-05, 6.70587360219e-06, 8.34999082144e-06, 3.2330610793e-06, 1.72164129708e-06, 2.44846205533e-06, 3.86906049243e-06, 4.01274701289e-06, 8.09387620393e-06, 4.23340952693e-06, 2.84585416921e-06, 3.4859290281e-06, 6.48270770398e-06, 3.45809507962e-06, 2.66244751401e-06, 2.92334948426e-06, 1.41208363402e-06, 2.22746916734e-06], "median": [4.92672879773e-05, 0.000141656055348, 0.000577486585826, 0.000689009088092, 0.00216923514381, 0.00073491979856, 0.000213163060835, 0.000203343399335, 7.514184108e-05, 1.53653945745e-05, 3.64934930985e-05, 1.21599096019e-05, 1.05347107819e-05, 5.20700450579e-06, 1.58641773851e-06, 1.8805263835e-06, 2.19821267819e-05, 3.61784350389e-06, 1.54431995725e-06, 2.05254855246e-06, 3.42421844834e-06, 3.18278534905e-06, 2.77061849374e-06, 1.94026415556e-06, 1.68255360222e-06, 7.54123789193e-07, 5.17544947343e-07, 7.44093540561e-07, 1.42626618072e-06, 1.21079642668e-06, 1.16976798381e-06, 1.0824102219e-06, 8.80491597854e-07, 8.84870473783e-07, 8.91961690286e-07, 6.3766447056e-07, 4.1820203478e-07, 3.84974953249e-07, 2.74384149179e-07, 3.29282386247e-07], "min": [2.79629184391e-13, 3.31380799537e-12, 6.08875406691e-12, 1.50722435834e-12, 1.42361903516e-12, 2.28160155699e-12, 1.98217072096e-12, 3.38647556178e-12, 1.3035187079e-12, 6.49616536778e-13, 3.26319863058e-13, 2.66346103159e-12, 1.88919778259e-12, 1.30290702814e-13, 1.48324467942e-13, 2.55536992391e-13, 2.55222329815e-13, 3.98308535948e-14, 1.08690603718e-13, 4.65625422334e-13, 4.26078741516e-13, 9.45057834073e-13, 3.06013406889e-13, 1.77314339969e-13, 2.78486923192e-13, 1.30452018545e-13, 2.2437260383e-13, 6.78206297546e-13, 5.46847181253e-13, 4.12994535489e-13, 4.75318243966e-13, 4.99370510221e-13, 1.81520027958e-13, 2.05928413969e-13, 4.80340431059e-13, 3.76613399754e-13, 2.63418545874e-13, 5.0444083589e-13, 4.22948324584e-13, 4.36315046592e-13], "var": [4.43784410891e-05, 2.43844642682e-05, 3.98898237108e-06, 4.55657118437e-06, 5.09901155965e-06, 1.11943461434e-06, 4.94547293783e-07, 6.22657864824e-07, 9.03494807858e-08, 8.49621928367e-10, 2.12588968651e-08, 2.07050216972e-08, 5.63980240287e-09, 4.94747265378e-09, 1.14549614239e-09, 3.07735587013e-10, 3.94445720531e-09, 2.29830626752e-10, 4.05593648944e-11, 9.78523750916e-09, 8.27418855653e-10, 2.89529483721e-10, 5.17211218298e-10, 2.80910045225e-10, 6.96795454669e-10, 7.0978015132e-11, 1.09265339832e-11, 4.02360124385e-11, 5.42485882604e-11, 7.14756726028e-11, 1.5780197149e-09, 1.20953566607e-10, 5.13361714249e-11, 9.61452931159e-11, 7.98638044586e-10, 1.72585959413e-10, 1.09192682674e-10, 1.3546316846e-10, 1.67639305215e-11, 1.14350397207e-10]}, "mfcc": {"mean": [-677.838684082, 122.947006226, 35.2461013794, 19.8842868805, -1.30165505409, -2.09405684471, -22.5028438568, -7.41730356216, -8.98868942261, -11.5762634277, -5.34642839432, -4.77757120132, -11.8790683746], "cov": [[4878.93945312, -1443.95666504, 296.987945557, 867.249267578, 49.3517684937, -359.486785889, -129.76272583, 56.7885360718, 18.8086433411, 117.097038269, -211.401596069, 378.850158691, 413.671783447], [-1443.95666504, 1465.79309082, -584.770263672, -37.6680488586, 13.2203102112, 37.5761642456, -104.748474121, -19.1511764526, 109.720428467, 16.4908905029, 10.8885507584, -30.0875396729, -88.959022522], [296.987945557, -584.770263672, 590.904541016, -142.415939331, 52.0460243225, 82.08644104, 86.9112091064, -11.6860342026, -33.9008255005, -18.446723938, 78.7880020142, 7.56475734711, 0.828257739544], [867.249267578, -37.6680488586, -142.415939331, 577.31237793, -1.13729572296, -61.1661529541, 4.16582536697, 42.2507247925, 20.7794876099, 51.3399963379, -40.1182899475, 123.482635498, 90.357925415], [49.3517684937, 13.2203102112, 52.0460243225, -1.13729572296, 381.549957275, 144.487884521, 106.702575684, 143.466934204, 118.68170929, 79.1240310669, -11.8985404968, 35.6793174744, 87.6834487915], [-359.486785889, 37.5761642456, 82.08644104, -61.1661529541, 144.487884521, 257.3175354, 109.794166565, 65.1116714478, 54.0270195007, 54.6176795959, 61.9816055298, -16.8836402893, 3.09659838676], [-129.76272583, -104.748474121, 86.9112091064, 4.16582536697, 106.702575684, 109.794166565, 334.267303467, 121.117935181, -70.9293823242, -43.1474151611, 61.6788482666, -33.7283630371, 31.6422710419], [56.7885360718, -19.1511764526, -11.6860342026, 42.2507247925, 143.466934204, 65.1116714478, 121.117935181, 245.197174072, 69.3996963501, 67.9283065796, -63.5935173035, 14.2747383118, 58.066204071], [18.8086433411, 109.720428467, -33.9008255005, 20.7794876099, 118.68170929, 54.0270195007, -70.9293823242, 69.3996963501, 284.153198242, 142.980712891, -48.3573417664, 27.9312553406, -30.674156189], [117.097038269, 16.4908905029, -18.446723938, 51.3399963379, 79.1240310669, 54.6176795959, -43.1474151611, 67.9283065796, 142.980712891, 293.298461914, -40.3006286621, 6.43824863434, 32.7350540161], [-211.401596069, 10.8885507584, 78.7880020142, -40.1182899475, -11.8985404968, 61.9816055298, 61.6788482666, -63.5935173035, -48.3573417664, -40.3006286621, 416.010864258, -41.024143219, -118.693534851], [378.850158691, -30.0875396729, 7.56475734711, 123.482635498, 35.6793174744, -16.8836402893, -33.7283630371, 14.2747383118, 27.9312553406, 6.43824863434, -41.024143219, 180.233810425, 42.617401123], [413.671783447, -88.959022522, 0.828257739544, 90.357925415, 87.6834487915, 3.09659838676, 31.6422710419, 58.066204071, -30.674156189, 32.7350540161, -118.693534851, 42.617401123, 340.949920654]], "icov": [[0.000621942745056, 0.00057557807304, -2.06830509342e-06, -0.000649212743156, -0.000241683068452, 0.000711959553882, 0.000219546156586, 2.21999416681e-05, -0.000161603602464, -8.77251295606e-05, -8.79977669683e-05, -0.000516129250173, -0.000373067043256], [0.00057557807304, 0.00189068214968, 0.00152427877765, -0.000221982059884, -0.000344395404682, 8.10593628557e-05, 0.00032046722481, 0.000273625191767, -0.000480507151224, 9.50284811552e-05, -0.000261581502855, -0.00063258362934, -0.000202764727874], [-2.06830509342e-06, 0.00152427877765, 0.00373514648527, 0.00102539767977, -0.000216988220927, -0.000957529759035, -0.000424188910984, 0.000690586923156, -0.000234269682551, 5.37171654287e-05, -0.000441607873654, -0.000855143123772, 3.25704495481e-05], [-0.000649212743156, -0.000221982059884, 0.00102539767977, 0.0032176040113, 0.000560245185625, -0.000311203242745, -0.000833676138427, -4.15257854911e-05, -8.95961420611e-05, -0.000384217884857, -0.000217997163418, -0.00121643440798, -7.72724015405e-05], [-0.000241683068452, -0.000344395404682, -0.000216988220927, 0.000560245185625, 0.00492661539465, -0.00175712164491, -0.000921029481106, -0.00136957399081, -0.00166969024576, 9.58440577961e-05, -0.000235584084294, -0.000681986857671, -0.00103307305835], [0.000711959553882, 8.10593628557e-05, -0.000957529759035, -0.000311203242745, -0.00175712164491, 0.00724048400298, -0.00149423792027, 0.000157000278705, -0.000819702807348, -0.00106893118937, -0.00073501188308, -0.000394187314669, -0.000437523645815], [0.000219546156586, 0.00032046722481, -0.000424188910984, -0.000833676138427, -0.000921029481106, -0.00149423792027, 0.00594233674929, -0.00297167338431, 0.0020330150146, 0.001007062383, -0.000598792743403, 0.0010866682278, -1.38119530675e-05], [2.21999416681e-05, 0.000273625191767, 0.000690586923156, -4.15257854911e-05, -0.00136957399081, 0.000157000278705, -0.00297167338431, 0.00734015693888, -0.00135624513496, -0.000937924254686, 0.00103104568552, -0.000327050249325, -0.000201864837436], [-0.000161603602464, -0.000480507151224, -0.000234269682551, -8.95961420611e-05, -0.00166969024576, -0.000819702807348, 0.0020330150146, -0.00135624513496, 0.00669808266684, -0.00205462775193, 0.000549007265363, -0.00014162894513, 0.00158286094666], [-8.77251295606e-05, 9.50284811552e-05, 5.37171654287e-05, -0.000384217884857, 9.58440577961e-05, -0.00106893118937, 0.001007062383, -0.000937924254686, -0.00205462775193, 0.00508342683315, -3.16076475428e-05, 0.000854258309118, -0.000506439071614], [-8.79977669683e-05, -0.000261581502855, -0.000441607873654, -0.000217997163418, -0.000235584084294, -0.00073501188308, -0.000598792743403, 0.00103104568552, 0.000549007265363, -3.16076475428e-05, 0.00321485754102, 0.000467295147246, 0.00115779379848], [-0.000516129250173, -0.00063258362934, -0.000855143123772, -0.00121643440798, -0.000681986857671, -0.000394187314669, 0.0010866682278, -0.000327050249325, -0.00014162894513, 0.000854258309118, 0.000467295147246, 0.0078197401017, 9.91865908873e-06], [-0.000373067043256, -0.000202764727874, 3.25704495481e-05, -7.72724015405e-05, -0.00103307305835, -0.000437523645815, -1.38119530675e-05, -0.000201864837436, 0.00158286094666, -0.000506439071614, 0.00115779379848, 9.91865908873e-06, 0.00425127753988]]}, "spectral_contrast_coeffs": {"dmean": [0.0610288642347, 0.0551449358463, 0.0466819666326, 0.0393392369151, 0.0295659154654, 0.0311220437288], "dmean2": [0.0893843322992, 0.0842897370458, 0.0655334368348, 0.056119479239, 0.044397700578, 0.0450421534479], "dvar": [0.00249242293648, 0.00309808109887, 0.00206908606924, 0.00152726983652, 0.000804513227195, 0.00080433068797], "dvar2": [0.00568197574466, 0.00677116215229, 0.00384968193248, 0.00286010489799, 0.00163767603226, 0.00175066292286], "max": [-0.274590492249, -0.38477948308, -0.424448639154, -0.472530245781, -0.573261141777, -0.548319578171], "mean": [-0.499671071768, -0.594605863094, -0.686828672886, -0.714765250683, -0.762886762619, -0.769316315651], "median": [-0.489178955555, -0.578907370567, -0.691331982613, -0.725427865982, -0.768004357815, -0.772391974926], "min": [-0.957613289356, -0.962907612324, -0.974282979965, -0.960470736027, -0.95750272274, -0.958386778831], "var": [0.00839677266777, 0.00723064830527, 0.00683181034401, 0.00646498985589, 0.00260559469461, 0.00330056482926]}, "spectral_contrast_valleys": {"dmean": [0.694577336311, 0.582064270973, 0.515990912914, 0.525417149067, 0.670289814472, 0.692859530449], "dmean2": [0.918777763844, 0.81245970726, 0.71538990736, 0.733386337757, 0.847559392452, 0.855197608471], "dvar": [0.509303212166, 0.59685510397, 0.465063661337, 0.463736563921, 0.573443353176, 0.548885285854], "dvar2": [0.763284504414, 0.904985904694, 0.686974525452, 0.692558348179, 0.928062021732, 0.934535205364], "max": [-4.99207496643, -4.887543678