{"lowlevel": {"average_loudness": 0.874920070171, "barkbands_crest": {"dmean": 1.88493692875, "dmean2": 2.78746080399, "dvar": 6.05729722977, "dvar2": 13.5416593552, "max": 26.6236171722, "mean": 14.254907608, "median": 13.651845932, "min": 3.14012479782, "var": 30.5711193085}, "barkbands_flatness_db": {"dmean": 0.0209384132177, "dmean2": 0.0297974646091, "dvar": 0.00079963717144, "dvar2": 0.00170168350451, "max": 0.493000894785, "mean": 0.213459968567, "median": 0.199412107468, "min": 0.0578643865883, "var": 0.00362368486822}, "barkbands_kurtosis": {"dmean": 1.47547757626, "dmean2": 2.08465981483, "dvar": 11.2707662582, "dvar2": 22.3840713501, "max": 101.63193512, "mean": 3.22989439964, "median": 0.872672080994, "min": -1.93334841728, "var": 63.1357192993}, "barkbands_skewness": {"dmean": 0.390297204256, "dmean2": 0.543483614922, "dvar": 0.260894566774, "dvar2": 0.547192215919, "max": 9.31970405579, "mean": 1.26473009586, "median": 1.06581449509, "min": -6.43254709244, "var": 2.0568625927}, "barkbands_spread": {"dmean": 3.00603032112, "dmean2": 4.12927484512, "dvar": 15.2871961594, "dvar2": 32.1932678223, "max": 114.492790222, "mean": 16.6909694672, "median": 16.4144096375, "min": 0.646067738533, "var": 68.3375091553}, "dissonance": {"dmean": 0.0202564671636, "dmean2": 0.0337170548737, "dvar": 0.000440279749455, "dvar2": 0.00117450533435, "max": 0.499997079372, "mean": 0.4465457201, "median": 0.45098990202, "min": 0.257662028074, "var": 0.00156199850608}, "dynamic_complexity": 5.9766497612, "erbbands_crest": {"dmean": 1.88518750668, "dmean2": 2.771453619, "dvar": 5.40326786041, "dvar2": 11.8023681641, "max": 30.8079319, "mean": 13.204457283, "median": 12.2078237534, "min": 3.17787361145, "var": 31.1666851044}, "erbbands_flatness_db": {"dmean": 0.0153522118926, "dmean2": 0.022209148854, "dvar": 0.000433833076386, "dvar2": 0.000940150639508, "max": 0.441388964653, "mean": 0.261854916811, "median": 0.258483946323, "min": 0.0807669088244, "var": 0.00176560669206}, "erbbands_kurtosis": {"dmean": 0.624352753162, "dmean2": 0.904761791229, "dvar": 1.10239446163, "dvar2": 2.23296713829, "max": 26.7351951599, "mean": -0.0361643061042, "median": -0.565175294876, "min": -1.7158895731, "var": 4.45413255692}, "erbbands_skewness": {"dmean": 0.309626400471, "dmean2": 0.418307244778, "dvar": 0.136292606592, "dvar2": 0.304391473532, "max": 4.88008928299, "mean": 0.572830379009, "median": 0.466909140348, "min": -1.5842962265, "var": 0.638124108315}, "erbbands_spread": {"dmean": 3.55776286125, "dmean2": 4.78978013992, "dvar": 17.8707313538, "dvar2": 40.6763725281, "max": 109.040657043, "mean": 27.9368686676, "median": 28.0543289185, "min": 3.35437488556, "var": 71.7404785156}, "hfc": {"dmean": 5.89651012421, "dmean2": 8.17939662933, "dvar": 116.883010864, "dvar2": 266.714019775, "max": 101.668716431, "mean": 12.0238161087, "median": 6.12397003174, "min": 3.83428648831e-08, "var": 201.59487915}, "melbands_crest": {"dmean": 2.22757196426, "dmean2": 3.43178987503, "dvar": 10.5651903152, "dvar2": 23.2573928833, "max": 34.7566757202, "mean": 18.0031642914, "median": 16.9459018707, "min": 3.11483240128, "var": 50.6008338928}, "melbands_flatness_db": {"dmean": 0.0227674432099, "dmean2": 0.03197985515, "dvar": 0.000977802439593, "dvar2": 0.00208002515137, "max": 0.528940975666, "mean": 0.242161363363, "median": 0.239382684231, "min": 0.0147814219818, "var": 0.00439332053065}, "melbands_kurtosis": {"dmean": 3.15018057823, "dmean2": 4.37199354172, "dvar": 41.4874420166, "dvar2": 86.625869751, "max": 188.17376709, "mean": 9.52799034119, "median": 4.248254776, "min": -1.53353703022, "var": 247.625244141}, "melbands_skewness": {"dmean": 0.458583265543, "dmean2": 0.647062122822, "dvar": 0.355317234993, "dvar2": 0.737974584103, "max": 11.769739151, "mean": 2.19676971436, "median": 1.83069550991, "min": -1.26532638073, "var": 3.05354070663}, "melbands_spread": {"dmean": 6.26530599594, "dmean2": 9.24491405487, "dvar": 102.087333679, "dvar2": 244.266265869, "max": 232.418136597, "mean": 24.4868392944, "median": 21.0678501129, "min": 0.780938327312, "var": 464.691040039}, "pitch_salience": {"dmean": 0.0422078110278, "dmean2": 0.0649673417211, "dvar": 0.0025819002185, "dvar2": 0.00551240937784, "max": 0.803637325764, "mean": 0.442441403866, "median": 0.459998935461, "min": 0.00776350265369, "var": 0.0201578475535}, "silence_rate_20dB": {"dmean": 0, "dmean2": 0, "dvar": 0, "dvar2": 0, "max": 1, "mean": 1, "median": 1, "min": 1, "var": 0}, "silence_rate_30dB": {"dmean": 0.000947418273427, "dmean2": 0.00189513585065, "dvar": 0.000946524902247, "dvar2": 0.00220741634257, "max": 1, "mean": 0.999052703381, "median": 1, "min": 0, "var": 0.000946375657804}, "silence_rate_60dB": {"dmean": 0.0565292909741, "dmean2": 0.112918511033, "dvar": 0.0533325970173, "dvar2": 0.117860995233, "max": 1, "mean": 0.326176196337, "median": 0, "min": 0, "var": 0.219781771302}, "spectral_centroid": {"dmean": 206.314056396, "dmean2": 265.63168335, "dvar": 80554.875, "dvar2": 148383.15625, "max": 10798.7460938, "mean": 1645.7980957, "median": 1571.96704102, "min": 381.799621582, "var": 469080.78125}, "spectral_complexity": {"dmean": 1.83357024193, "dmean2": 2.84602022171, "dvar": 7.24550962448, "dvar2": 14.1498975754, "max": 42, "mean": 9.35048961639, "median": 8, "min": 0, "var": 41.2873497009}, "spectral_decrease": {"dmean": 9.97967486427e-10, "dmean2": 1.34717614841e-09, "dvar": 3.14706530233e-18, "dvar2": 6.3721688916e-18, "max": 1.82285301897e-14, "mean": -3.17101478409e-09, "median": -1.50553902678e-09, "min": -3.94013532912e-08, "var": 1.53171101978e-17}, "spectral_energy": {"dmean": 0.0042692697607, "dmean2": 0.00578245194629, "dvar": 5.56488339498e-05, "dvar2": 0.000113951267849, "max": 0.156118288636, "mean": 0.0130587592721, "median": 0.00637655472383, "min": 3.42990739977e-12, "var": 0.000248895928962}, "spectral_energyband_high": {"dmean": 0.000282583700027, "dmean2": 0.000419231626438, "dvar": 3.32114893808e-07, "dvar2": 7.87477574704e-07, "max": 0.00439939880744, "mean": 0.000377300399123, "median": 9.9853539723e-05, "min": 2.22323830353e-12, "var": 3.89480590002e-07}, "spectral_energyband_low": {"dmean": 0.000528739765286, "dmean2": 0.000812614161987, "dvar": 6.41111864752e-06, "dvar2": 1.41547561725e-05, "max": 0.0952631384134, "mean": 0.00169346062467, "median": 0.000107437634142, "min": 9.58400771397e-14, "var": 2.84389807348e-05}, "spectral_energyband_middle_high": {"dmean": 0.0016098592896, "dmean2": 0.00223942403682, "dvar": 8.78919763636e-06, "dvar2": 2.12710237975e-05, "max": 0.0237552821636, "mean": 0.00298120779917, "median": 0.00155519973487, "min": 5.74892401479e-13, "var": 1.30502467073e-05}, "spectral_energyband_middle_low": {"dmean": 0.00246744439937, "dmean2": 0.00328633119352, "dvar": 2.48507712968e-05, "dvar2": 4.81868082716e-05, "max": 0.0976834371686, "mean": 0.00831122882664, "median": 0.00317303114571, "min": 4.40403261277e-14, "var": 0.000150999243488}, "spectral_entropy": {"dmean": 0.201429620385, "dmean2": 0.299197733402, "dvar": 0.101750031114, "dvar2": 0.229867517948, "max": 9.79404163361, "mean": 6.47670412064, "median": 6.41817998886, "min": 4.07900238037, "var": 0.389811635017}, "spectral_flux": {"dmean": 0.0190822407603, "dmean2": 0.0288575254381, "dvar": 0.00102423503995, "dvar2": 0.00240518222563, "max": 0.292641431093, "mean": 0.0314815081656, "median": 0.0175850577652, "min": 9.25245785766e-06, "var": 0.00134444015566}, "spectral_kurtosis": {"dmean": 3.56284809113, "dmean2": 6.3116941452, "dvar": 11.4564819336, "dvar2": 32.8581695557, "max": 53.0308952332, "mean": 7.6518702507, "median": 5.98126888275, "min": -1.19212210178, "var": 34.3874664307}, "spectral_rms": {"dmean": 0.000533731188625, "dmean2": 0.000676699681208, "dvar": 6.84648682636e-07, "dvar2": 1.34584308853e-06, "max": 0.0123414155096, "mean": 0.00295512075536, "median": 0.0024941987358, "min": 5.78467904688e-08, "var": 4.00749968321e-06}, "spectral_rolloff": {"dmean": 338.970733643, "dmean2": 539.836120605, "dvar": 332281.875, "dvar2": 621999.125, "max": 19659.8144531, "mean": 1957.25952148, "median": 1679.58984375, "min": 301.46484375, "var": 3774180.75}, "spectral_skewness": {"dmean": 0.362964063883, "dmean2": 0.629427313805, "dvar": 0.109784297645, "dvar2": 0.306617081165, "max": 5.50375652313, "mean": 1.55003345013, "median": 1.41538250446, "min": 0.0480745844543, "var": 0.36851939559}, "spectral_spread": {"dmean": 259354.375, "dmean2": 428158.90625, "dvar": 342261530624, "dvar2": 549113823232, "max": 40283484, "mean": 3028427.5, "median": 3041856.25, "min": 1450252.5, "var": 1273488343040.0}, "spectral_strongpeak": {"dmean": 0.443898767233, "dmean2": 0.694305539131, "dvar": 0.720583617687, "dvar2": 1.90841841698, "max": 7.76955509186, "mean": 1.41445994377, "median": 1.16360878944, "min": 0, "var": 1.51212644577}, "zerocrossingrate": {"dmean": 0.00808304734528, "dmean2": 0.00899271853268, "dvar": 0.000102073448943, "dvar2": 0.000146966704051, "max": 0.7998046875, "mean": 0.0672083571553, "median": 0.06005859375, "min": 0.01171875, "var": 0.00459094857797}, "barkbands": {"dmean": [4.36520650737e-07, 0.000217252672883, 0.000293743447401, 0.000122056553664, 7.10356034688e-05, 9.00806626305e-05, 0.00145936803892, 0.000284359994112, 0.000757493486162, 0.000443637341959, 5.16781947226e-05, 4.32112246926e-05, 7.41711410228e-05, 0.000274492340395, 0.000135512033012, 5.85378184041e-05, 0.000180869712494, 0.000228048709687, 0.000266263959929, 0.000208511293749, 0.000132947374368, 7.49988103053e-05, 2.64895606961e-05, 1.50335154103e-05, 5.18102069691e-06, 2.77778269719e-07, 3.55371767569e-08], "dmean2": [7.14715497452e-07, 0.000310851086397, 0.000477304885862, 0.000201474540518, 0.000122390309116, 0.000143560886499, 0.0018727973802, 0.000366892840248, 0.00103337876499, 0.00069265649654, 8.19339911686e-05, 5.37473824807e-05, 0.000103255872091, 0.000351061258698, 0.000198174690013, 7.75112202973e-05, 0.00025852167164, 0.00034080730984, 0.000377068092348, 0.000303252454614, 0.000193615283933, 0.00011727582023, 4.39924369857e-05, 2.57844985754e-05, 8.98001235328e-06, 4.74965759167e-07, 6.10766122122e-08], "dvar": [1.60255988167e-12, 7.01747751464e-07, 3.12741099151e-06, 4.01054649046e-07, 1.11895879229e-07, 1.5591059821e-07, 2.112348011e-05, 5.50621734874e-07, 4.47920911029e-06, 3.50433265339e-06, 9.01326941971e-08, 1.08061346538e-08, 3.28869482757e-08, 5.35440676686e-07, 2.6840430678e-07, 1.1543292544e-08, 1.85805944852e-07, 3.30469134724e-07, 6.41766632725e-07, 4.76220179735e-07, 8.80035386785e-08, 5.59137376399e-08, 3.65794039503e-09, 1.4434810014e-09, 2.1914542403e-10, 8.28178671475e-13, 8.40009826512e-16], "dvar2": [4.0489881413e-12, 1.37357994845e-06, 6.96186498317e-06, 9.65268895925e-07, 2.66503747071e-07, 3.15377121751e-07, 3.78341610485e-05, 9.83011318567e-07, 9.93014054984e-06, 8.72170130606e-06, 2.3795251991e-07, 1.77035168747e-08, 6.43387778609e-08, 1.12301029276e-06, 6.3250945459e-07, 2.35558097472e-08, 3.97470927282e-07, 7.98671862867e-07, 1.43406043662e-06, 1.12785141937e-06, 1.97909599819e-07, 1.34455461875e-07, 9.99900340304e-09, 3.98010069347e-09, 5.86486359477e-10, 2.21863564846e-12, 2.41316806761e-15], "max": [4.73868749395e-05, 0.0198612958193, 0.0693428590894, 0.0257231686264, 0.0129198413342, 0.0161258932203, 0.0975486785173, 0.0147795276716, 0.0168767794967, 0.0199264846742, 0.0152841955423, 0.00148400454782, 0.00361052062362, 0.00799343455583, 0.00711093656719, 0.00177988712676, 0.00469695031643, 0.00523999799043, 0.00867942348123, 0.00745354546234, 0.0027495988179, 0.00219810009003, 0.000720111886039, 0.00031906919321, 0.000136830611154, 8.27429266792e-06, 3.68785606497e-07], "mean": [8.32134162465e-07, 0.00101657945197, 0.000532279082108, 0.00017924272106, 0.000195089902263, 0.000332392024575, 0.00524868024513, 0.00078888295684, 0.00125565158669, 0.000695950526278, 0.000119788943266, 0.000123653560877, 0.000199665431865, 0.000526749354322, 0.000200248876354, 0.00012935421546, 0.000316228863085, 0.000344225903973, 0.000306788744638, 0.000243545713602, 0.000174957269337, 8.0249767052e-05, 2.97132428386e-05, 1.35388208946e-05, 3.98385554945e-06, 2.28696507065e-07, 2.23228838081e-07], "median": [1.22056349028e-07, 2.90659081656e-05, 3.66689309885e-05, 9.79104788712e-06, 1.27073071781e-05, 1.31729266286e-05, 0.000163718330441, 5.01639624417e-05, 0.000206335564144, 5.22866357642e-05, 6.99678003002e-06, 1.8583417841e-05, 6.66672131047e-05, 0.000103946993477, 2.65952512564e-05, 4.73376057926e-05, 6.85639170115e-05, 9.16727876756e-05, 4.71069215564e-05, 4.80117560073e-05, 2.95477402688e-05, 1.29690251924e-05, 9.99332587526e-06, 1.54801989538e-06, 1.15516847643e-07, 5.37116529031e-09, 2.21935863465e-07], "min": [8.9435674578e-14, 4.3968067441e-14, 2.25415541945e-15, 3.43445475035e-15, 4.28040857763e-15, 1.85520501888e-15, 1.34376881231e-14, 1.01831063249e-14, 6.8951501579e-15, 2.87258247517e-14, 4.6575038341e-14, 2.07301996478e-14, 6.6745999732e-14, 8.7407820104e-15, 8.42445281287e-14, 6.62615985301e-14, 2.61696571938e-14, 4.77573404813e-14, 1.28277244512e-13, 1.12501743761e-13, 9.01753511814e-14, 1.85628910247e-13, 1.94097288155e-13, 2.35780633299e-13, 2.23125703569e-13, 4.74665120577e-13, 8.61641541536e-13], "var": [8.35671809529e-12, 9.49067634792e-06, 1.09711818368e-05, 6.30078147879e-07, 7.47755962038e-07, 1.36104983994e-06, 0.000146431106259, 3.01354020849e-06, 7.27634187569e-06, 4.52797485195e-06, 1.16448305221e-07, 5.88960666903e-08, 1.21910133544e-07, 1.16473131584e-06, 3.76411321668e-07, 3.22289928079e-08, 3.63140856052e-07, 4.39931966412e-07, 7.11232644335e-07, 4.81503832361e-07, 1.13948942726e-07, 5.82005768024e-08, 3.09530889808e-09, 1.09646824953e-09, 1.61616622862e-10, 6.06412435458e-13, 1.25279285745e-15]}, "erbbands": {"dmean": [0.00349780265242, 0.0600679852068, 0.259046375751, 0.479163318872, 0.221640050411, 0.238025888801, 0.53750038147, 1.26221394539, 17.1214046478, 14.7720041275, 6.82769393921, 15.1344556808, 18.6581344604, 7.28062152863, 1.88060724735, 1.72072637081, 3.52524971962, 10.425620079, 11.7640028, 3.67368960381, 3.99930310249, 9.57131004333, 14.1220245361, 12.9525547028, 15.4274015427, 6.71150350571, 5.6062207222, 5.76676797867, 2.30786514282, 0.987150192261, 0.727362036705, 0.403176337481, 0.182579353452, 0.0878506675363, 0.0190412569791, 0.00293776975013, 0.000384807819501, 2.01122802537e-05, 5.87605927649e-06, 5.98396445639e-06], "dmean2": [0.00361299095675, 0.0897065848112, 0.427193164825, 0.770911753178, 0.378477782011, 0.40274092555, 0.867796480656, 1.72856867313, 21.4609375, 19.6975765228, 8.60365962982, 21.0109062195, 27.0890045166, 11.571896553, 2.72511792183, 2.20880770683, 4.64372205734, 13.5058374405, 15.9512434006, 5.22332859039, 5.50983858109, 13.6078166962, 20.3525867462, 18.5533237457, 22.47590065, 9.63140678406, 7.87430953979, 8.66609382629, 3.64941334724, 1.62727665901, 1.2272977829, 0.695736765862, 0.306990027428, 0.151433646679, 0.0337048768997, 0.00513911945745, 0.000644227198791, 3.10960022034e-05, 9.45722604229e-06, 8.39570020617e-06], "dvar": [0.000174783781404, 0.0530981533229, 1.86286568642, 8.62602329254, 0.623491346836, 1.114620924, 18.9758930206, 20.3290863037, 3527.66992188, 1777.67797852, 386.443084717, 2131.74023438, 3536.83886719, 1433.55883789, 36.7138557434, 16.1348152161, 66.5630340576, 863.226257324, 1135.87438965, 144.10899353, 49.7386932373, 627.260437012, 1026.98132324, 1386.9140625, 2184.00683594, 289.479400635, 186.801315308, 213.486907959, 31.9222126007, 5.12238883972, 2.98331451416, 1.0880548954, 0.225452303886, 0.0563106648624, 0.00429321220145, 0.000124095269712, 2.0851782665e-06, 3.51234263896e-09, 4.60387492018e-11, 9.38881195012e-11], "dvar2": [0.000181700583198, 0.110704869032, 3.99587202072, 20.4962100983, 1.59372651577, 2.59642863274, 41.8630332947, 31.042383194, 5695.97851562, 3330.51049805, 743.545654297, 4754.81542969, 8542.14257812, 3644.8203125, 96.521484375, 28.5854415894, 127.15725708, 1790.01721191, 2530.8034668, 358.018951416, 108.608978271, 1381.06555176, 2358.77709961, 3059.25512695, 5087.38867188, 681.895263672, 404.661468506, 496.904876709, 78.4785003662, 14.0199623108, 8.05843353271, 3.01163268089, 0.610183358192, 0.149050563574, 0.0119070857763, 0.000338933372404, 5.58739702683e-06, 8.59202220482e-09, 1.09145054106e-10, 1.94775931495e-10], "max": [0.463278591633, 5.26891183853, 56.5347175598, 110.713760376, 24.1596889496, 50.927986145, 203.623855591, 95.4931945801, 1219.03881836, 716.89263916, 268.879638672, 476.7890625, 697.336303711, 723.321838379, 213.864395142, 67.2368927002, 147.737365723, 388.629089355, 410.771331787, 200.606369019, 94.0148010254, 332.332092285, 362.569824219, 469.918792725, 580.174072266, 169.057525635, 161.131240845, 146.80178833, 45.7259864807, 23.4208316803, 17.1170120239, 10.7903156281, 4.67413759232, 2.33619832993, 0.904220104218, 0.141250729561, 0.0131938485429, 0.000593137636315, 0.000100000135717, 0.000180938470294], "mean": [0.0202885791659, 0.265538722277, 0.569602370262, 0.76001816988, 0.314713031054, 0.589259505272, 2.44611811638, 4.84502601624, 62.0217781067, 50.8876190186, 17.0800800323, 25.9083271027, 31.3003063202, 10.9232292175, 5.2933011055, 5.08043909073, 10.015748024, 21.4869232178, 20.0632266998, 6.7284040451, 8.30936050415, 16.8138122559, 24.0615520477, 15.9183588028, 16.7252426147, 8.45170688629, 7.50003576279, 7.14080190659, 2.67546033859, 1.14595234394, 0.783719956875, 0.384856373072, 0.161375880241, 0.0686964169145, 0.0145883960649, 0.00235495739616, 0.000322354462696, 3.46634624293e-05, 3.15805373248e-05, 2.09609243029e-05], "median": [0.000377720280085, 0.00902821868658, 0.0421791300178, 0.0509646460414, 0.0292741656303, 0.0502166971564, 0.162763953209, 0.578727126122, 1.52001953125, 4.01619291306, 4.27258491516, 6.06422376633, 4.35767507553, 1.95155251026, 0.970231294632, 1.35686767101, 3.74114465714, 5.36015605927, 4.59210968018, 2.44727134705, 3.62763500214, 4.54500007629, 7.22602796555, 4.51617956161, 2.73325395584, 1.88514137268, 1.60018122196, 0.9553835392, 0.519596934319, 0.344803750515, 0.232506379485, 0.0634855106473, 0.0168183706701, 0.00378059828654, 0.000430543383118, 6.97618597769e-05, 1.64139455592e-05, 1.9080038328e-05, 2.83354856947e-05, 1.29525024022e-05], "min": [2.52066293185e-12, 5.89195012224e-12, 1.0095872055e-11, 1.20106780424e-11, 8.59070540399e-12, 1.72159682343e-11, 1.88929028672e-11, 1.61337089521e-11, 1.25613894286e-10, 2.41916292554e-10, 2.41531294964e-10, 1.47429166097e-10, 5.28747379214e-10, 1.0973850717e-09, 2.23563123569e-09, 1.00056773977e-09, 3.16372061882e-09, 8.77814154698e-10, 1.96388771911e-09, 5.1624180486e-09, 3.13591086432e-09, 1.54824786325e-09, 2.85582713033e-09, 6.18403639407e-09, 4.77104533658e-09, 5.91100901559e-09, 4.06140276965e-09, 4.43461933841e-09, 6.51111298211e-09, 4.45661330062e-09, 6.65002231059e-09, 5.04946262581e-09, 4.06832567634e-09, 2.32962182878e-09, 1.78261616579e-09, 1.55447876793e-09, 9.14748166103e-10, 4.85169571185e-10, 1.08661309117e-10, 1.31050665111e-11], "var": [0.00422848528251, 0.604620873928, 8.55184459686, 15.5671081543, 1.09405910969, 8.71620941162, 162.987472534, 140.216995239, 23198.734375, 13051.0341797, 1083.55847168, 3402.38085938, 5125.68554688, 1507.4753418, 111.78326416, 76.1965866089, 261.078399658, 1953.77355957, 2046.38256836, 168.335784912, 119.218185425, 1103.36572266, 1716.05334473, 1609.50439453, 2258.47998047, 314.866882324, 247.495010376, 245.20249939, 35.3928756714, 4.55345630646, 2.41065073013, 0.825430691242, 0.177380636334, 0.0421911925077, 0.00283134612255, 8.50168726174e-05, 1.56989369771e-06, 3.67627861486e-09, 1.16820955687e-10, 3.58643531539e-10]}, "gfcc": {"mean": [-127.110229492, 96.7525863647, -179.608657837, 30.1169242859, -54.038318634, -12.4614362717, -7.28930139542, 0.747950911522, 10.382361412, -5.2711687088, -1.45831143856, -17.3631629944, -13.8315429688], "cov": [[13253.2900391, 895.259277344, -969.143798828, 1679.92919922, -2166.79980469, 712.509094238, -739.558166504, 680.813659668, -123.39025116, 356.571533203, -165.573348999, -124.232025146, 61.5365638733], [895.259277344, 3048.11108398, 262.93838501, -103.043716431, 799.508605957, -743.235107422, 282.607818604, -577.091552734, 249.354751587, 80.376991272, 96.9451904297, 456.813079834, 76.6662902832], [-969.143798828, 262.93838501, 467.872772217, -106.815361023, 258.249053955, -176.68637085, -83.7356719971, -137.270797729, -86.3108596802, -2.15224289894, 33.790096283, 119.668174744, 56.7245445251], [1679.92919922, -103.043716431, -106.815361023, 451.911621094, -259.198608398, 277.341583252, 1.3678971529, 94.7036743164, -75.3325653076, -80.9763031006, -56.7820701599, -70.7245483398, 60.6131477356], [-2166.79980469, 799.508605957, 258.249053955, -259.198608398, 833.852905273, -264.610565186, 309.369476318, -282.444396973, 43.8309135437, -96.1859741211, -16.7905387878, 119.354415894, 11.432718277], [712.509094238, -743.235107422, -176.68637085, 277.341583252, -264.610565186, 608.022338867, 99.496711731, 208.602401733, -85.3762435913, -168.643554688, -134.585159302, -220.978805542, 60.0044517517], [-739.558166504, 282.607818604, -83.7356719971, 1.3678971529, 309.369476318, 99.496711731, 448.297302246, -43.8709983826, 49.9430427551, -164.717300415, -95.8536071777, -33.4666557312, 40.6088905334], [680.813659668, -577.091552734, -137.270797729, 94.7036743164, -282.444396973, 208.602401733, -43.8709983826, 316.893829346, -26.2349529266, 12.6248273849, -60.490650177, -151.532165527, -54.8363990784], [-123.39025116, 249.354751587, -86.3108596802, -75.3325653076, 43.8309135437, -85.3762435913, 49.9430427551, -26.2349529266, 267.125915527, 99.7629089355, 120.86605072, 70.4384689331, -61.041305542], [356.571533203, 80.376991272, -2.15224289894, -80.9763031006, -96.1859741211, -168.643554688, -164.717300415, 12.6248273849, 99.7629089355, 243.147705078, 112.332603455, 62.4993782043, -76.5099639893], [-165.573348999, 96.9451904297, 33.790096283, -56.7820701599, -16.7905387878, -134.585159302, -95.8536071777, -60.490650177, 120.86605072, 112.332603455, 205.5131073, 102.421913147, -19.8268718719], [-124.232025146, 456.813079834, 119.668174744, -70.7245483398, 119.354415894, -220.978805542, -33.4666557312, -151.532165527, 70.4384689331, 62.4993782043, 102.421913147, 214.737762451, 67.2144088745], [61.5365638733, 76.6662902832, 56.7245445251, 60.6131477356, 11.432718277, 60.0044517517, 40.6088905334, -54.8363990784, -61.041305542, -76.5099639893, -19.8268718719, 67.2144088745, 211.798080444]], "icov": [[0.00283463625237, -0.00441180355847, 0.00370494578965, -0.00533473258838, 0.00470337597653, -0.00349092506804, 0.00376864476129, -0.00425042770803, 0.00337733048946, -0.00367472879589, 0.00248686270788, -0.00296495505609, 0.00103954726364], [-0.00441180355847, 0.00784776639193, -0.00583040667698, 0.00734363403171, -0.00768008036539, 0.00645579490811, -0.00627100048587, 0.00740065192804, -0.00607615103945, 0.0053493459709, -0.00289546931162, 0.00393812637776, -0.00173457246274], [0.00370494578965, -0.00583040667698, 0.00913287792355, -0.0067565171048, 0.00413029687479, -0.00493121286854, 0.00682161515579, -0.00606743199751, 0.00634906254709, -0.00451185880229, 0.0025242890697, -0.00565873133019, 0.0010489767883], [-0.00533473258838, 0.00734363403171, -0.0067565171048, 0.0146526042372, -0.00742315081879, 0.0041227163747, -0.00712299020961, 0.00753855193034, -0.00476986495778, 0.00768622662872, -0.00566601520404, 0.00501039810479, -0.0016604262637], [0.00470337597653, -0.00768008036539, 0.00413029687479, -0.00742315081879, 0.0121881328523, -0.00533487088978, 0.00339773111045, -0.00535283517092, 0.00553930271417, -0.00539993355051, 0.0043055168353, -0.00433505838737, 0.00267240405083], [-0.00349092506804, 0.00645579490811, -0.00493121286854, 0.0041227163747, -0.00533487088978, 0.0104484921321, -0.00556790363044, 0.00522306933999, -0.00635056942701, 0.00593301048502, -0.00210997182876, 0.00739849871024, -0.00366654922254], [0.00376864476129, -0.00627100048587, 0.00682161515579, -0.00712299020961, 0.00339773111045, -0.00556790363044, 0.0115411821753, -0.00662150420249, 0.00241044699214, -0.00221174443141, 0.00454745814204, -0.00352693884633, 0.000294042780297], [-0.00425042770803, 0.00740065192804, -0.00606743199751, 0.00753855193034, -0.00535283517092, 0.00522306933999, -0.00662150420249, 0.0138465492055, -0.00622526695952, 0.00383700686507, -0.00183927791659, 0.00689120590687, -0.00107977655716], [0.00337733048946, -0.00607615103945, 0.00634906254709, -0.00476986495778, 0.00553930271417, -0.00635056942701, 0.00241044699214, -0.00622526695952, 0.0136339096352, -0.00649611931294, -0.00193554430734, -0.00672213360667, 0.00384382158518], [-0.00367472879589, 0.0053493459709, -0.00451185880229, 0.00768622662872, -0.00539993355051, 0.00593301048502, -0.00221174443141, 0.00383700686507, -0.00649611931294, 0.0146715324372, -0.00481444783509, 0.00311826006509, 0.000155595407705], [0.00248686270788, -0.00289546931162, 0.0025242890697, -0.00566601520404, 0.0043055168353, -0.00210997182876, 0.00454745814204, -0.00183927791659, -0.00193554430734, -0.00481444783509, 0.013410246931, -0.00549855036661, 0.000991599168628], [-0.00296495505609, 0.00393812637776, -0.00565873133019, 0.00501039810479, -0.00433505838737, 0.00739849871024, -0.00352693884633, 0.00689120590687, -0.00672213360667, 0.00311826006509, -0.00549855036661, 0.0199879407883, -0.00755289802328], [0.00103954726364, -0.00173457246274, 0.0010489767883, -0.0016604262637, 0.00267240405083, -0.00366654922254, 0.000294042780297, -0.00107977655716, 0.00384382158518, 0.000155595407705, 0.000991599168628, -0.00755289802328, 0.00945390574634]]}, "melbands": {"dmean": [4.72982683277e-05, 0.000117997660709, 7.40699033486e-05, 1.45897793118e-05, 1.67659563886e-05, 2.98185568681e-05, 0.000281738379272, 0.000138713992783, 5.97304751864e-05, 0.000105599370727, 9.4645190984e-05, 3.31167066179e-05, 6.04842216489e-06, 4.53634902442e-06, 6.01371266384e-06, 1.04529572127e-05, 2.11081260204e-05, 2.10862363019e-05, 9.17162924452e-06, 3.27226393892e-06, 4.74179705634e-06, 8.90272167453e-06, 1.3149692677e-05, 1.24205016618e-05, 1.06853231046e-05, 9.42941187532e-06, 1.26996455947e-05, 2.41525185629e-06, 3.46400065609e-06, 3.11546182274e-06, 3.68561381947e-06, 1.55558632287e-06, 6.69569544698e-07, 5.10335041781e-07, 4.87298905227e-07, 3.20791116337e-07, 2.07022821996e-07, 1.28208185401e-07, 1.14131097462e-07, 5.79924765987e-08], "dmean2": [5.95929268457e-05, 0.000190284423297, 0.000120462311315, 2.44666662184e-05, 2.74727499345e-05, 4.04410275223e-05, 0.000358132674592, 0.000186119112186, 7.67085584812e-05, 0.000145735335536, 0.000138024028274, 5.27450356458e-05, 9.37638560572e-06, 5.45232660443e-06, 8.15209386928e-06, 1.36037415359e-05, 2.71439712378e-05, 2.78882434941e-05, 1.35536110974e-05, 4.39769064542e-06, 6.63370656184e-06, 1.28058372866e-05, 1.84141463251e-05, 1.86468314496e-05, 1.52312049977e-05, 1.35975005833e-05, 1.8711300072e-05, 3.35086656378e-06, 4.7956459639e-06, 4.57962005385e-06, 5.56723443879e-06, 2.43425461122e-06, 1.12944758257e-06, 8.34303762076e-07, 8.16977717477e-07, 5.56929364848e-07, 3.57351382263e-07, 2.16436859546e-07, 1.9447209354e-07, 1.01393013097e-07], "dvar": [3.29306679703e-08, 3.05531727918e-07, 1.8326190343e-07, 2.30928653977e-09, 1.67219926794e-08, 1.74980492318e-08, 8.75510636433e-07, 1.43404690789e-07, 4.29732338603e-08, 9.65378390561e-08, 9.42471558574e-08, 3.0822516095e-08, 7.82435949365e-10, 9.85647535812e-11, 3.1766902997e-10, 8.23873358424e-10, 3.85702492167e-09, 3.87383947142e-09, 1.35615685348e-09, 4.72763772574e-11, 8.82347389597e-11, 6.96742663564e-10, 9.6703567376e-10, 1.09735864839e-09, 1.25987753563e-09, 1.19755338979e-09, 2.18588858125e-09, 2.88307520219e-11, 8.38910191314e-11, 6.96770904862e-11, 1.00753745624e-10, 2.29756751818e-11, 3.3660966809e-12, 1.67737666205e-12, 1.61778316438e-12, 7.49429110349e-13, 3.50286694182e-13, 1.33939503911e-13, 9.19596972355e-14, 3.17999444865e-14], "dvar2": [5.06175368287e-08, 6.69554822252e-07, 4.34315381881e-07, 5.62408208893e-09, 3.73987347757e-08, 2.52546996649e-08, 1.50707876401e-06, 2.73840839782e-07, 8.80086759025e-08, 2.14203879523e-07, 2.28132606139e-07, 7.79269342388e-08, 2.09172945631e-09, 1.36629763059e-10, 6.02415228812e-10, 1.55334733964e-09, 7.99461563616e-09, 8.33617885831e-09, 3.3256055687e-09, 9.43063543923e-11, 1.96269750452e-10, 1.53834001093e-09, 2.02977301633e-09, 2.70012634473e-09, 2.74313993742e-09, 2.71259126272e-09, 5.17700060598e-09, 6.58932630682e-11, 1.81964082691e-10, 1.56852822397e-10, 2.36366648476e-10, 5.50447395997e-11, 9.47661567274e-12, 4.5445756533e-12, 4.36098986784e-12, 2.04726491836e-12, 9.68449170684e-13, 3.60397584172e-13, 2.4419019324e-13, 8.54155545664e-14], "max": [0.00501787383109, 0.0209778770804, 0.0163420252502, 0.00180697441101, 0.00587741844356, 0.00312053086236, 0.0203115250915, 0.00636073667556, 0.00307196541689, 0.00299375597388, 0.00353659386747, 0.00309244613163, 0.00131494179368, 0.000187547047972, 0.000386890838854, 0.000447447324404, 0.000877892423887, 0.000768660160247, 0.000538178312127, 0.000133588517201, 0.000106203791802, 0.000362302176654, 0.000310542760417, 0.00031120100175, 0.000466018740553, 0.00048832653556, 0.000500261725392, 5.25997274963e-05, 0.00011950705084, 0.000107744024717, 7.3771661846e-05, 4.2694122385e-05, 1.85412154678e-05, 1.44334253491e-05, 1.53550572577e-05, 8.51683671499e-06, 5.71421742279e-06, 3.72268164028e-06, 2.90368461719e-06, 2.16041735257e-06], "mean": [0.000252532219747, 0.000329940812662, 0.000115951792395, 2.53451671597e-05, 7.12182882125e-05, 0.000105312959931, 0.00102119846269, 0.000472681509564, 0.000128700950881, 0.000176557819941, 0.000156571477419, 4.74568914797e-05, 1.60377239808e-05, 1.3560809748e-05, 1.75569784915e-05, 2.5700966944e-05, 4.22381199314e-05, 3.64725055988e-05, 1.29120962811e-05, 7.6385003922e-06, 9.22171784623e-06, 1.44346204252e-05, 2.52059726336e-05, 1.73214593815e-05, 1.28032133944e-05, 1.05230710687e-05, 1.33165531224e-05, 3.59960677088e-06, 4.52821814179e-06, 4.05907258028e-06, 4.44308761871e-06, 1.71683586814e-06, 7.11848542778e-07, 5.86403814395e-07, 5.12244696438e-07, 3.10347815002e-07, 1.87793403938e-07, 1.14403782447e-07, 9.13918540846e-08, 4.31667785961e-08], "median": [5.62359764444e-06, 2.19436078623e-05, 8.77994716575e-06, 2.34986737269e-06, 2.1640300929e-06, 6.90831711836e-06, 2.55579361692e-05, 3.66803833458e-05, 1.53957589646e-05, 3.38113677572e-05, 1.75873392436e-05, 4.95550193591e-06, 1.37386314236e-06, 1.99923920263e-06, 2.77183380604e-06, 6.49601952318e-06, 8.55845337355e-06, 5.90155786995e-06, 1.58107854986e-06, 3.054993158e-06, 3.33695879817e-06, 2.99194971376e-06, 5.86531223234e-06, 3.57871022061e-06, 2.75760839941e-06, 1.27603971123e-06, 1.27029215946e-06, 7.20620960237e-07, 8.46854504744e-07, 5.75397848479e-07, 4.87888428324e-07, 2.1530499339e-07, 2.09600585777e-07, 1.48093064922e-07, 1.24135084434e-07, 4.03690023631e-08, 1.98489011893e-08, 1.06663264887e-08, 5.31133892423e-09, 1.22117027601e-09], "min": [2.16643719565e-14, 2.43784171384e-15, 1.98642228087e-15, 8.54653067406e-16, 7.27332368731e-16, 4.02474984077e-16, 2.17919681527e-15, 2.47766115621e-15, 1.93797665497e-15, 8.57451399566e-16, 2.81496958108e-15, 4.28104469938e-15, 7.09777356789e-15, 3.10743735227e-15, 5.25824585832e-15, 5.75895075036e-15, 1.03619636844e-15, 1.92243232984e-15, 7.41218118648e-15, 5.25533672366e-15, 3.40832103107e-15, 1.07591480213e-15, 2.73688923697e-15, 2.13147879067e-15, 5.62589796797e-15, 3.8041736204e-15, 3.23736373605e-15, 4.09090443744e-15, 2.2007531685e-15, 2.61353053491e-15, 2.75890828195e-15, 3.57879382325e-15, 3.54586880555e-15, 2.33022554262e-15, 4.18879095296e-15, 2.54752528073e-15, 3.45065827888e-15, 2.6081264647e-15, 2.42097601732e-15, 1.73163360566e-15], "var": [6.16530201114e-07, 1.40383554026e-06, 3.49930758148e-07, 1.07558317808e-08, 1.37930612709e-07, 1.20834130257e-07, 5.82283382755e-06, 1.04892171748e-06, 9.20963927342e-08, 1.564838783e-07, 1.35380560096e-07, 3.33117213813e-08, 1.39567546409e-09, 7.92441889885e-10, 1.24014409852e-09, 2.36529884567e-09, 8.67568594742e-09, 7.54500106837e-09, 1.53159107619e-09, 1.37865746597e-10, 1.93584079322e-10, 1.19899312701e-09, 2.0518633459e-09, 1.29865618259e-09, 1.4783356761e-09, 1.28007493494e-09, 2.17158224736e-09, 4.18771857469e-11, 1.07978598285e-10, 8.63133869933e-11, 1.16016141138e-10, 2.60643590044e-11, 2.57658044206e-12, 1.49243725017e-12, 1.29930810035e-12, 5.66547134727e-13, 2.61799588085e-13, 1.07891275666e-13, 6.99994194011e-14, 2.24637593005e-14]}, "mfcc": {"mean": [-755.036804199, 106.094856262, -41.1887741089, 30.0342464447, -15.8516836166, -3.53516554832, -8.76844501495, 4.8046913147, 3.14400601387, 16.1116847992, 16.7038497925, 9.61905384064, -7.09467697144], "cov": [[10470.7060547, 396.824676514, 71.9520187378, 721.992492676, -712.893737793, 99.4529876709, -419.638641357, 31.968755722, 23.8977622986, 85.896774292, -124.203300476, 167.984558105, 60.116443634], [396.824676514, 2569.40185547, -242.50994873, 265.190826416, 393.120544434, 9.00369548798, 35.9054298401, -115.202461243, -16.4768829346, -325.008972168, -150.434738159, 2.82772803307, 360.327606201], [71.9520187378, -242.50994873, 238.491333008, -37.9977531433, 12.3077516556, 15.140004158, 38.391418457, -16.1166248322, -6.28163099289, 5.97164058685, -27.0067558289, -88.423828125, -105.202194214], [721.992492676, 265.190826416, -37.9977531433, 287.131164551, -19.6116847992, 20.7287769318, -36.8800735474, -5.92847013474, -20.1811981201, -41.5842056274, -17.0775794983, 85.3040161133, 84.9404830933], [-712.893737793, 393.120544434, 12.3077516556, -19.6116847992, 280.402496338, -17.725736618, 41.1333389282, -57.5438766479, -48.5318565369, -91.2022247314, -34.2560386658, -37.9931182861, 60.4883117676], [99.4529876709, 9.00369548798, 15.140004158, 20.7287769318, -17.725736618, 223.881134033, 82.9201889038, 91.004699707, 62.4766960144, -1.27755582333, -24.9035797119, -71.5933074951, -76.0878372192], [-419.638641357, 35.9054298401, 38.391418457, -36.8800735474, 41.1333389282, 82.9201889038, 302.02444458, 92.9096908569, 97.8659439087, 24.7081947327, -50.7021408081, -179.244293213, -190.114852905], [31.968755722, -115.202461243, -16.1166248322, -5.92847013474, -57.5438766479, 91.004699707, 92.9096908569, 203.638000488, 105.848312378, 68.7548828125, 9.26163578033, -75.1115951538, -95.7499008179], [23.8977622986, -16.4768829346, -6.28163099289, -20.1811981201, -48.5318565369, 62.4766960144, 97.8659439087, 105.848312378, 176.714553833, 72.4658966064, -0.0553877912462, -89.4631118774, -101.806518555], [85.896774292, -325.008972168, 5.97164058685, -41.5842056274, -91.2022247314, -1.27755582333, 24.7081947327, 68.7548828125, 72.4658966064, 213.347015381, 76.3103027344, -28.6314792633, -123.659858704], [-124.203300476, -150.434738159, -27.0067558289, -17.0775794983, -34.2560386658, -24.9035797119, -50.7021408081, 9.26163578033, -0.0553877912462, 76.3103027344, 186.094726562, 104.288619995, 24.6731624603], [167.984558105, 2.82772803307, -88.423828125, 85.3040161133, -37.9931182861, -71.5933074951, -179.244293213, -75.1115951538, -89.4631118774, -28.6314792633, 104.288619995, 376.444091797, 216.602478027], [60.116443634, 360.327606201, -105.202194214, 84.9404830933, 60.4883117676, -76.0878372192, -190.114852905, -95.7499008179, -101.806518555, -123.659858704, 24.6731624603, 216.602478027, 366.633178711]], "icov": [[0.000171668099938, -0.000116548450023, -0.000220581016038, -0.000320472725434, 0.000508319004439, -3.97698240704e-05, 0.000283317174762, -2.58938653133e-05, 5.13778250024e-05, -0.000124549362226, 0.000149334548041, 2.72901306744e-05, 9.14656338864e-05], [-0.000116548450023, 0.000909762864467, 0.000875785888638, -0.000436921021901, -0.00124059559312, -1.97859189939e-05, -0.000377068121452, 0.000429816253018, -0.000734786794055, 0.000644213054329, 1.37944807648e-05, 0.000338980229571, -0.000593131640926], [-0.000220581016038, 0.000875785888638, 0.00623426167294, -1.82312196557e-05, -0.00163370929658, -0.00026560635888, -3.05671164824e-05, 0.00129975227173, 2.13697821891e-05, 0.00103276292793, -6.83592952555e-05, 0.000937749573495, 0.00131139997393], [-0.000320472725434, -0.000436921021901, -1.82312196557e-05, 0.00523194624111, 0.000216968663153, -0.000558119267225, -0.000633984454907, -0.00044441348291, 0.00057982490398, -3.04025306832e-05, 0.00049926986685, -0.00124576000962, -0.000478700967506], [0.000508319004439, -0.00124059559312, -0.00163370929658, 0.000216968663153, 0.00753556191921, 8.40377761051e-05, -0.000726446392946, 0.000426922488259, 0.00183282163925, 0.000283776113065, -0.000159697679919, 0.000781216425821, -0.000720269279554], [-3.97698240704e-05, -1.97859189939e-05, -0.00026560635888, -0.000558119267225, 8.40377761051e-05, 0.00614595226943, -0.000442641845439, -0.00228817458265, -0.000711566593964, 0.00145528884605, -6.81372766849e-05, 0.000129647523863, 0.000734811590519], [0.000283317174762, -0.000377068121452, -3.05671164824e-05, -0.000633984454907, -0.000726446392946, -0.000442641845439, 0.00734821334481, -0.00130794697907, -0.00151267799083, 0.000818109372631, 0.00050821469631, 0.000726946920622, 0.00335122668184], [-2.58938653133e-05, 0.000429816253018, 0.00129975227173, -0.00044441348291, 0.000426922488259, -0.00228817458265, -0.00130794697907, 0.00908846221864, -0.00323184579611, -0.000900072744116, -0.000566804897971, 0.000768955273088, -0.000409395579481], [5.13778250024e-05, -0.000734786794055, 2.13697821891e-05, 0.00057982490398, 0.00183282163925, -0.000711566593964, -0.00151267799083, -0.00323184579611, 0.0106886960566, -0.00246913987212, 4.35692745668e-05, 0.000777531240601, 0.000179991300683], [-0.000124549362226, 0.000644213054329, 0.00103276292793, -3.04025306832e-05, 0.000283776113065, 0.00145528884605, 0.000818109372631, -0.000900072744116, -0.00246913987212, 0.00972693506628, -0.00344180967659, 0.00033014579094, 0.00276673096232], [0.000149334548041, 1.37944807648e-05, -6.83592952555e-05, 0.00049926986685, -0.000159697679919, -6.81372766849e-05, 0.00050821469631, -0.000566804897971, 4.35692745668e-05, -0.00344180967659, 0.00853107869625, -0.00256546959281, -0.000252853147686], [2.72901306744e-05, 0.000338980229571, 0.000937749573495, -0.00124576000962, 0.000781216425821, 0.000129647523863, 0.000726946920622, 0.000768955273088, 0.000777531240601, 0.00033014579094, -0.00256546959281, 0.0060296007432, -0.00236645108089], [9.14656338864e-05, -0.000593131640926, 0.00131139997393, -0.000478700967506, -0.000720269279554, 0.000734811590519, 0.00335122668184, -0.000409395579481, 0.000179991300683, 0.00276673096232, -0.000252853147686, -0.00236645108089, 0.00808306131512]]}, "spectral_contrast_coeffs": {"dmean": [0.0415883474052, 0.0415700338781, 0.0328547470272, 0.0285959038883, 0.0249493699521, 0.0185713320971], "dmean2": [0.0695321857929, 0.0627374649048, 0.0490532182157, 0.041957911104, 0.0370695516467, 0.0289117377251], "dvar": [0.00143742642831, 0.0019072733121, 0.00118100875989, 0.000992101267911, 0.000728321261704, 0.00034017872531], "dvar2": [0.00379806011915, 0.00371056958102, 0.00240911636502, 0.00206989399157, 0.00161910790484, 0.000770068727434], "max": [-0.35706371069, -0.265742003918, -0.420221209526, -0.507204949856, -0.518186688423, -0.562016069889], "mean": [-0.737378835678, -0.664588809013, -0.663556098938, -0.687730252743, -0.651116788387, -0.673205375671], "median": [-0.750415444374, -0.693457961082, -0.6605219841, -0.682050824165, -0.647793710232, -0.671632289886], "min": [-0.953178226948, -0.965975403786, -0.975516438484, -0.960795104504, -0.956177711487, -0.961126923561], "var": [0.00589872291312, 0.0242340061814, 0.0102008040994, 0.00487043801695, 0.00379536743276, 0.00276566203684]}, "spectral_contrast_valleys": {"dmean": [0.459105312824, 0.482143819332, 0.429498374462, 0.401992946863, 0.372382998466, 0.425669372082], "dmean2": [0.695174515247, 0.696966290474, 0.617577314377, 0.584218263626, 0.509724080563, 0.588321506977], "dvar": [0.269699662924, 0.358486175537, 0.325805068016, 0.