{"lowlevel": {"average_loudness": 0.966584444046, "barkbands_crest": {"dmean": 2.80714392662, "dmean2": 4.46999025345, "dvar": 7.5454158783, "dvar2": 19.8664302826, "max": 25.4749622345, "mean": 12.2458782196, "median": 11.7860851288, "min": 2.86233448982, "var": 20.8886814117}, "barkbands_flatness_db": {"dmean": 0.0315738543868, "dmean2": 0.0431328490376, "dvar": 0.000956631207373, "dvar2": 0.00179805362131, "max": 0.43295404315, "mean": 0.159919410944, "median": 0.154982507229, "min": 0.0197677239776, "var": 0.00490778731182}, "barkbands_kurtosis": {"dmean": 4.21526432037, "dmean2": 6.41591501236, "dvar": 57.7941131592, "dvar2": 145.069534302, "max": 143.705825806, "mean": 7.3856678009, "median": 4.16673803329, "min": -1.8952999115, "var": 131.96282959}, "barkbands_skewness": {"dmean": 0.666371881962, "dmean2": 1.01538610458, "dvar": 0.595186650753, "dvar2": 1.47933077812, "max": 10.2531375885, "mean": 1.8866699934, "median": 1.79019236565, "min": -2.12483143806, "var": 2.12425351143}, "barkbands_spread": {"dmean": 7.24546575546, "dmean2": 11.0747928619, "dvar": 91.703163147, "dvar2": 219.587341309, "max": 84.625038147, "mean": 18.9993000031, "median": 15.9091396332, "min": 0.582236349583, "var": 176.989181519}, "dissonance": {"dmean": 0.0234080590308, "dmean2": 0.0376980416477, "dvar": 0.000586982641835, "dvar2": 0.00140943692531, "max": 0.499999880791, "mean": 0.444320350885, "median": 0.453192442656, "min": 0.241290941834, "var": 0.00165317382198}, "dynamic_complexity": 2.67226696014, "erbbands_crest": {"dmean": 3.11242890358, "dmean2": 4.63227653503, "dvar": 11.7559642792, "dvar2": 24.64179039, "max": 33.34740448, "mean": 13.4443893433, "median": 11.9028282166, "min": 1.99149358273, "var": 47.4284858704}, "erbbands_flatness_db": {"dmean": 0.0294149648398, "dmean2": 0.0376796983182, "dvar": 0.000858492101543, "dvar2": 0.00148621038534, "max": 0.410869717598, "mean": 0.170161008835, "median": 0.159301578999, "min": 0.0458795316517, "var": 0.00441741105169}, "erbbands_kurtosis": {"dmean": 2.19803476334, "dmean2": 3.24012970924, "dvar": 17.2104606628, "dvar2": 42.6468734741, "max": 76.7837219238, "mean": 2.9830429554, "median": 1.03314971924, "min": -1.75659799576, "var": 34.9689826965}, "erbbands_skewness": {"dmean": 0.492013782263, "dmean2": 0.725783348083, "dvar": 0.329093039036, "dvar2": 0.738726139069, "max": 7.55397462845, "mean": 0.907715797424, "median": 0.837794244289, "min": -4.20259046555, "var": 1.40697813034}, "erbbands_spread": {"dmean": 11.0669279099, "dmean2": 16.0326976776, "dvar": 179.409851074, "dvar2": 419.821472168, "max": 147.042907715, "mean": 34.5063323975, "median": 31.0129375458, "min": 1.56218373775, "var": 438.477264404}, "hfc": {"dmean": 10.9579639435, "dmean2": 15.8444261551, "dvar": 343.911865234, "dvar2": 806.372558594, "max": 193.636932373, "mean": 21.7735538483, "median": 14.5769748688, "min": 0.000123173129396, "var": 510.788238525}, "melbands_crest": {"dmean": 3.54303860664, "dmean2": 5.62545776367, "dvar": 12.3031015396, "dvar2": 31.9094581604, "max": 34.1494064331, "mean": 16.1194667816, "median": 15.1899776459, "min": 2.89079165459, "var": 33.9158172607}, "melbands_flatness_db": {"dmean": 0.0363344177604, "dmean2": 0.0501598864794, "dvar": 0.0013771392405, "dvar2": 0.00269260792993, "max": 0.52132499218, "mean": 0.230696231127, "median": 0.235573008657, "min": 0.0210966393352, "var": 0.00752224866301}, "melbands_kurtosis": {"dmean": 9.30332660675, "dmean2": 14.6488809586, "dvar": 236.528945923, "dvar2": 594.383666992, "max": 207.376449585, "mean": 17.7564754486, "median": 10.6957025528, "min": -1.8292722702, "var": 507.784118652}, "melbands_skewness": {"dmean": 0.906828284264, "dmean2": 1.40665721893, "dvar": 1.19800817966, "dvar2": 2.93693566322, "max": 12.1096591949, "mean": 2.79132461548, "median": 2.52618145943, "min": -2.44743013382, "var": 3.65616106987}, "melbands_spread": {"dmean": 7.74929094315, "dmean2": 12.3035593033, "dvar": 172.98991394, "dvar2": 434.578582764, "max": 192.054534912, "mean": 19.8412475586, "median": 13.3609638214, "min": 0.830185592175, "var": 356.907348633}, "pitch_salience": {"dmean": 0.0697391778231, "dmean2": 0.10848082602, "dvar": 0.00490404106677, "dvar2": 0.0118017029017, "max": 0.912503302097, "mean": 0.494293123484, "median": 0.49090757966, "min": 0.0863776355982, "var": 0.0169262513518}, "silence_rate_20dB": {"dmean": 0, "dmean2": 0, "dvar": 0, "dvar2": 0, "max": 1, "mean": 1, "median": 1, "min": 1, "var": 0}, "silence_rate_30dB": {"dmean": 0.026857143268, "dmean2": 0.0537296384573, "dvar": 0.0261365342885, "dvar2": 0.0617015697062, "max": 1, "mean": 0.975435614586, "median": 1, "min": 0, "var": 0.0239605307579}, "silence_rate_60dB": {"dmean": 0.0288571435958, "dmean2": 0.057444985956, "dvar": 0.0280235093087, "dvar2": 0.0570023097098, "max": 1, "mean": 0.0685518458486, "median": 0, "min": 0, "var": 0.0638529956341}, "spectral_centroid": {"dmean": 246.90411377, "dmean2": 369.770141602, "dvar": 118724.726562, "dvar2": 267266.84375, "max": 4061.39575195, "mean": 1119.53381348, "median": 923.729431152, "min": 276.725952148, "var": 407521.0625}, "spectral_complexity": {"dmean": 4.06342840195, "dmean2": 5.55787372589, "dvar": 29.5974998474, "dvar2": 53.5517845154, "max": 59, "mean": 14.2499284744, "median": 13, "min": 0, "var": 89.8246459961}, "spectral_decrease": {"dmean": 3.75638897765e-09, "dmean2": 5.78052228306e-09, "dvar": 3.19246287686e-17, "dvar2": 8.12227569358e-17, "max": -1.48172252734e-14, "mean": -9.06070773965e-09, "median": -7.17674542017e-09, "min": -5.8023083227e-08, "var": 6.08892214937e-17}, "spectral_energy": {"dmean": 0.0148912398145, "dmean2": 0.0227530580014, "dvar": 0.00048899842659, "dvar2": 0.00123245629948, "max": 0.220938742161, "mean": 0.0361721292138, "median": 0.0285913869739, "min": 6.70958613114e-08, "var": 0.000941354199313}, "spectral_energyband_high": {"dmean": 0.000790619931649, "dmean2": 0.00115822581574, "dvar": 2.13965608964e-06, "dvar2": 4.91543323733e-06, "max": 0.0138263199478, "mean": 0.00101343973074, "median": 0.000329116388457, "min": 7.58410045876e-09, "var": 2.96947268907e-06}, "spectral_energyband_low": {"dmean": 0.00928106997162, "dmean2": 0.0154074747115, "dvar": 0.00033226024243, "dvar2": 0.000901812920347, "max": 0.212898597121, "mean": 0.0166301913559, "median": 0.0107045322657, "min": 1.15803211465e-09, "var": 0.000512968224939}, "spectral_energyband_middle_high": {"dmean": 0.00264023104683, "dmean2": 0.00403337227181, "dvar": 2.99262210319e-05, "dvar2": 7.48954334995e-05, "max": 0.065847247839, "mean": 0.00486473040655, "median": 0.00234737247229, "min": 2.18493347859e-08, "var": 4.5933524234e-05}, "spectral_energyband_middle_low": {"dmean": 0.00590966269374, "dmean2": 0.00879168324172, "dvar": 0.000141414260725, "dvar2": 0.000372673064703, "max": 0.120547659695, "mean": 0.0142442891374, "median": 0.0109246587381, "min": 3.72474033838e-08, "var": 0.000192051098566}, "spectral_entropy": {"dmean": 0.293283671141, "dmean2": 0.377988696098, "dvar": 0.109329797328, "dvar2": 0.194894522429, "max": 8.96267414093, "mean": 7.39171695709, "median": 7.47510147095, "min": 4.55817890167, "var": 0.497363626957}, "spectral_flux": {"dmean": 0.034877602011, "dmean2": 0.0519588142633, "dvar": 0.00172343105078, "dvar2": 0.00354737229645, "max": 0.325558483601, "mean": 0.0833865776658, "median": 0.0625708550215, "min": 0.00025902868947, "var": 0.0043521374464}, "spectral_kurtosis": {"dmean": 2.42234635353, "dmean2": 3.48331665993, "dvar": 13.9382276535, "dvar2": 28.1222820282, "max": 62.3392333984, "mean": 5.70904874802, "median": 3.29264640808, "min": -1.04774427414, "var": 36.9117851257}, "spectral_rms": {"dmean": 0.00110149057582, "dmean2": 0.00158453325275, "dvar": 1.87791727058e-06, "dvar2": 4.28516614193e-06, "max": 0.0146816214547, "mean": 0.00538342446089, "median": 0.00528148049489, "min": 8.09069661045e-06, "var": 6.30864087725e-06}, "spectral_rolloff": {"dmean": 603.715942383, "dmean2": 1030.83361816, "dvar": 1911428.5, "dvar2": 4750444.5, "max": 13888.9160156, "mean": 1353.38098145, "median": 559.86328125, "min": 64.599609375, "var": 3247477.25}, "spectral_skewness": {"dmean": 0.328967899084, "dmean2": 0.453982383013, "dvar": 0.164971962571, "dvar2": 0.317557305098, "max": 7.08578062057, "mean": 1.85572552681, "median": 1.60600531101, "min": 0.367036402225, "var": 0.616149127483}, "spectral_spread": {"dmean": 1108811, "dmean2": 1572467, "dvar": 1970166169600.0, "dvar2": 4245096497150.0, "max": 18572226, "mean": 5441160.5, "median": 5387503.5, "min": 1425364, "var": 4012776357890.0}, "spectral_strongpeak": {"dmean": 0.650579929352, "dmean2": 1.09548044205, "dvar": 1.40732586384, "dvar2": 3.54439711571, "max": 10.1328611374, "mean": 1.12216305733, "median": 0.465998023748, "min": 0, "var": 2.12437915802}, "zerocrossingrate": {"dmean": 0.0145429689437, "dmean2": 0.0162164084613, "dvar": 0.0003056821879, "dvar2": 0.000365332583897, "max": 0.35302734375, "mean": 0.0614092126489, "median": 0.04833984375, "min": 0.0068359375, "var": 0.00189839256927}, "barkbands": {"dmean": [0.00082180526806, 0.0076452489011, 0.00199234997854, 0.000609291484579, 0.0025863875635, 0.000708506267983, 0.00181039154995, 0.00146625493653, 0.000348809786374, 0.000262206362095, 0.00030950497603, 0.000857172650285, 0.000624440493993, 0.000399101467337, 0.000276743987342, 0.000168659869814, 0.000161647025379, 0.000143152588862, 9.95501250145e-05, 9.63953643804e-05, 0.000116658091429, 0.000174240587512, 0.000131718101329, 0.000168023572769, 0.000126439073938, 7.25300851627e-05, 1.75569821295e-05], "dmean2": [0.00112970441114, 0.0126300100237, 0.00354632758535, 0.00106172042433, 0.0045156464912, 0.00103540788405, 0.00246496475302, 0.00200541620143, 0.000514321785886, 0.000400722783525, 0.000478642003145, 0.00135628541466, 0.000976473034825, 0.000646262080409, 0.000442295597168, 0.000278765743133, 0.000257264444372, 0.000220135159907, 0.000152912849444, 0.000147374666994, 0.000185828306712, 0.000256395083852, 0.000196345528821, 0.000262107641902, 0.000200592985493, 0.000119064650789, 2.90779680654e-05], "dvar": [3.23371477862e-06, 0.000235584462644, 1.94286112674e-05, 1.27851944853e-06, 7.84706062404e-05, 1.51185042796e-06, 1.73709104274e-05, 9.96144081e-06, 8.58752059685e-07, 4.28750638548e-07, 8.10351821201e-07, 6.03767421126e-06, 4.17573983214e-06, 1.74952299403e-06, 8.35403511701e-07, 2.84328734779e-07, 1.2803076288e-07, 9.16319891076e-08, 3.37580630116e-08, 3.58590845906e-08, 5.96440443701e-08, 2.10569183423e-07, 7.33602547598e-08, 1.45763934256e-07, 6.43460396077e-08, 1.96941467578e-08, 1.44349909803e-09], "dvar2": [6.08829986959e-06, 0.000639185018372, 5.52243727725e-05, 3.46625301972e-06, 0.000222258473514, 2.80584276879e-06, 3.02000535157e-05, 1.89302372746e-05, 1.88498859188e-06, 1.06903110009e-06, 1.84195630482e-06, 1.52021848407e-05, 1.04178143374e-05, 3.95151846533e-06, 1.93101982404e-06, 7.2774957971e-07, 3.2960383578e-07, 2.0859141614e-07, 8.11028044723e-08, 8.40627478738e-08, 1.48444428305e-07, 4.37518764329e-07, 1.67976182297e-07, 3.6996863173e-07, 1.60066861099e-07, 5.01888450799e-08, 3.64198138314e-09], "max": [0.0206336341798, 0.18659453094, 0.037995390594, 0.0114337690175, 0.0926971435547, 0.0214786194265, 0.0909088775516, 0.0611028410494, 0.015525165014, 0.0109267896041, 0.0192487463355, 0.0311384946108, 0.0334730222821, 0.0301735810935, 0.028260294348, 0.0102433664724, 0.00416354602203, 0.00481211440638, 0.00276432489045, 0.00205149641261, 0.00319411279634, 0.00717249605805, 0.00309931579977, 0.00391440326348, 0.00339443865232, 0.00161092274357, 0.000631730013993], "mean": [0.000993135850877, 0.0124575570226, 0.00268434057944, 0.000974766036961, 0.00323332613334, 0.00241354503669, 0.00340051669627, 0.00350231397897, 0.0005762228393, 0.000433473382145, 0.000493426749017, 0.00124223693274, 0.000938126759138, 0.000575095240492, 0.000496396911331, 0.000177811554749, 0.000192999519641, 0.000182969626621, 0.000139546580613, 0.000122675148305, 0.000142428340041, 0.000223500624998, 0.000183381795068, 0.000181143157533, 0.000130604370497, 6.56453485135e-05, 1.49288234752e-05], "median": [3.38865647791e-05, 0.00718613853678, 0.00146952003706, 0.000636960496195, 0.00175832514651, 0.00150394777302, 0.00137180136517, 0.00118014309555, 0.000126357801491, 0.000162835101946, 0.000142177843372, 0.000117902891361, 0.000107184365334, 8.06997995824e-05, 0.000105139944935, 5.19263339811e-05, 7.27139631636e-05, 6.91167224431e-05, 6.41490260023e-05, 3.41580562235e-05, 3.84779668821e-05, 4.28118401032e-05, 6.00183775532e-05, 4.18516901846e-05, 2.42461264861e-05, 7.7592303569e-06, 1.09299185169e-06], "min": [4.75181742912e-12, 6.39441902206e-11, 3.72105513069e-10, 7.52448992003e-10, 2.46049758346e-09, 6.39874775388e-09, 1.23876420233e-09, 2.1369139791e-09, 4.44658354581e-09, 1.7083470194e-09, 2.62997557066e-09, 5.01648278473e-09, 2.33889796419e-09, 9.50139272815e-12, 2.59486498955e-09, 5.23239185313e-09, 4.26467389181e-10, 9.50285516943e-10, 1.00083175081e-09, 2.49960746546e-10, 1.34866628976e-09, 1.32800936914e-09, 8.56724302611e-10, 3.83099468815e-10, 2.05436867518e-09, 8.74841477039e-10, 4.90145812826e-10], "var": [5.0454200391e-06, 0.000335276272381, 1.71495976247e-05, 1.55181055561e-06, 5.14775492775e-05, 8.08518052509e-06, 4.1473955207e-05, 3.86151732528e-05, 1.86617762665e-06, 5.61486444894e-07, 1.91198068933e-06, 1.24927455545e-05, 8.98198140931e-06, 3.23539165947e-06, 2.30078944696e-06, 2.53291744912e-07, 1.27460950239e-07, 1.25983234511e-07, 4.23149302264e-08, 4.89552007821e-08, 6.82303635813e-08, 3.40631743256e-07, 1.03465346513e-07, 1.47567391195e-07, 6.65738255634e-08, 1.83817636668e-08, 1.25764165748e-09]}, "erbbands": {"dmean": [0.316471397877, 1.50027000904, 2.65069103241, 1.79403018951, 4.63080120087, 11.3737545013, 4.90291309357, 7.06547927856, 22.4880180359, 34.570476532, 19.4300327301, 8.87960624695, 6.80604124069, 9.01104259491, 19.1091785431, 35.9986953735, 32.1529579163, 21.3137588501, 17.2042217255, 11.6471290588, 7.98617744446, 8.49609851837, 9.40062904358, 5.12853574753, 4.26414871216, 4.57716751099, 4.94361543655, 4.76454639435, 6.64051151276, 4.57137298584, 3.99357485771, 3.69863939285, 2.67761039734, 1.57434499264, 0.83448690176, 0.403035223484, 0.117859125137, 0.0245324298739, 0.00293810199946, 0.000138225965202], "dmean2": [0.497479051352, 2.56437325478, 4.70085811615, 3.05542492867, 8.11990070343, 20.1964530945, 7.62963676453, 10.5759220123, 29.640378952, 47.9733657837, 27.5433673859, 12.6544828415, 10.6377058029, 13.5972137451, 30.112033844, 56.6399421692, 49.5852088928, 34.2640914917, 26.7587337494, 18.3634815216, 13.2038116455, 13.3455343246, 14.2417869568, 7.72026586533, 6.55717086792, 7.00953245163, 7.75131416321, 7.52855873108, 9.76341533661, 6.75232601166, 5.96530437469, 5.99450111389, 4.14359998703, 2.49534654617, 1.32086384296, 0.664800226688, 0.193363383412, 0.04059394449, 0.0048302616924, 0.000223794893827], "dvar": [0.488574057817, 10.2002620697, 39.9835968018, 10.5300626755, 205.324127197, 1659.55200195, 103.852989197, 142.731933594, 2988.62915039, 4822.57617188, 2113.86303711, 490.364898682, 332.600463867, 550.146789551, 3505.04370117, 11832.5722656, 10300.921875, 4168.34912109, 3462.9934082, 1074.90332031, 587.372619629, 360.337799072, 395.333099365, 80.0379714966, 62.1826477051, 83.6584472656, 111.944366455, 101.652069092, 425.975189209, 98.5194091797, 78.045135498, 109.419975281, 33.885848999, 11.375702858, 2.57120037079, 0.607091128826, 0.0546284615993, 0.00287330360152, 3.84064951504e-05, 7.33927834062e-08], "dvar2": [1.19703233242, 27.6233615875, 112.816055298, 28.1095199585, 582.510192871, 4687.60693359, 274.055297852, 283.449371338, 4876.55908203, 10058.4042969, 4066.97607422, 1010.80187988, 831.348388672, 1377.34521484, 8510.0390625, 29738.0058594, 25406.625, 9767.22070312, 8358.58691406, 2546.57763672, 1504.2409668, 941.628417969, 905.551513672, 190.60899353, 147.387039185, 200.393707275, 277.874053955, 248.280792236, 821.373046875, 228.092269897, 172.726928711, 298.174041748, 84.1231307983, 29.0276203156, 6.25347471237, 1.53985333443, 0.140929967165, 0.00752461468801, 9.48259767029e-05, 1.762510351e-07], "max": [9.39018440247, 36.5551795959, 58.0874671936, 30.9707508087, 161.404830933, 448.49331665, 163.379867554, 189.330810547, 1234.61950684, 1192.02844238, 1181.89916992, 414.017456055, 282.340911865, 386.623596191, 1163.62512207, 1557.22131348, 1877.62207031, 1325.54101562, 1750.03723145, 679.065246582, 440.677703857, 254.83555603, 320.694335938, 117.777160645, 89.7527236938, 96.0769424438, 138.505874634, 125.649276733, 355.560424805, 220.046051025, 114.600654602, 125.376411438, 78.4257965088, 47.0866851807, 17.6899852753, 9.9371805191, 2.81520867348, 1.05310106277, 0.0651016384363, 0.00273311301135], "mean": [0.442398816347, 2.41204762459, 3.5551700592, 3.34279346466, 6.12600851059, 12.2257394791, 11.6082220078, 22.6827354431, 46.596736908, 79.9923782349, 42.4823799133, 16.6655025482, 10.7563991547, 14.3647661209, 31.0760746002, 55.3605804443, 51.6210670471, 32.6504096985, 30.8488941193, 15.2826280594, 8.97749233246, 10.4084224701, 12.5041532516, 7.33129549026, 5.82815122604, 5.80894851685, 6.42910528183, 5.55708694458, 8.3804397583, 6.28375720978, 5.59140014648, 3.92439341545, 2.85348129272, 1.639944911, 0.838347613811, 0.370080411434, 0.103758729994, 0.0216384548694, 0.00251711392775, 0.00015094189439], "median": [0.191551566124, 1.54608738422, 1.91977977753, 2.50180268288, 2.73596930504, 5.17806196213, 7.57959318161, 14.9638929367, 22.3879928589, 31.9094524384, 14.7586965561, 4.63386106491, 4.98911237717, 5.17654943466, 7.57841253281, 7.71578836441, 7.31139183044, 5.82695055008, 5.25519800186, 4.92332458496, 3.0503411293, 4.16622877121, 4.92620563507, 3.39955806732, 2.55537223816, 1.68072843552, 1.69738769531, 1.37963342667, 1.47705030441, 1.70877087116, 1.59768092632, 1.01440405846, 0.604064583778, 0.311127722263, 0.14854811132, 0.0476635619998, 0.0114920493215, 0.00194571190514, 0.000201064511202, 4.91868486279e-05], "min": [6.35122954229e-10, 2.38443238487e-08, 3.35459077405e-07, 3.47678246726e-06, 9.46583259065e-06, 5.31218529431e-06, 3.53030554834e-05, 5.20389949088e-05, 2.20983765757e-05, 1.54710742208e-05, 0.000167555335793, 0.000263510271907, 7.89200566942e-05, 0.000151808475493, 9.23805346247e-05, 0.000195286003873, 0.000119946336781, 2.24272498599e-05, 3.6965822801e-05, 0.000350960268406, 0.000117835013953, 2.8966453101e-05, 6.15546596237e-05, 3.29752620019e-05, 3.67142420146e-05, 1.48768158397e-05, 3.94729031541e-05, 6.16543911747e-05, 4.28591447417e-05, 2.7582709663e-05, 3.03514916595e-05, 5.99883651375e-06, 1.51643043864e-05, 2.04984444281e-05, 1.00175839179e-05, 3.99869122703e-06, 1.68201643191e-06, 4.81864162793e-07, 6.06977295092e-08, 8.82168027516e-09], "var": [0.64745503664, 12.150018692, 34.1029281616, 14.6556444168, 146.438720703, 1056.09680176, 188.117080688, 657.042053223, 7306.31494141, 15901.5888672, 6962.13427734, 1328.47241211, 367.712310791, 697.252502441, 8215.5546875, 25981.5976562, 23910.0507812, 7361.8125, 7604.38623047, 1515.28308105, 527.571533203, 348.593505859, 556.151916504, 109.524230957, 79.9432373047, 107.348854065, 137.945129395, 116.91191864, 737.04675293, 151.474456787, 121.637207031, 87.072479248, 36.5364646912, 11.1494283676, 2.78563857079, 0.570701658726, 0.0493143983185, 0.00244863284752, 3.46643173543e-05, 7.22239263951e-08]}, "gfcc": {"mean": [-9.08058166504, 77.6340713501, -102.1016922, 17.3373908997, -63.6814231873, 12.3264141083, -42.5796432495, 7.90459632874, -15.4105396271, 10.4487085342, -4.49439716339, 4.77191448212, -13.5109186172], "cov": [[7245.87988281, 516.519897461, 1125.21472168, 1039.14880371, 453.970428467, 680.754516602, 584.685241699, 222.471389771, 18.8586845398, 43.105670929, -138.8125, -101.02432251, -258.312316895], [516.519897461, 2846.66430664, 489.592193604, 322.736633301, 521.946350098, 117.107414246, 391.490905762, -13.3556776047, 104.024017334, -125.159980774, 267.767486572, -54.7449417114, 47.6418914795], [1125.21472168, 489.592193604, 881.391418457, 321.170532227, 264.586608887, 89.6654663086, 130.612915039, 104.283622742, 34.6051063538, 13.6604232788, -5.10013008118, 16.0370368958, -26.7318344116], [1039.14880371, 322.736633301, 321.170532227, 910.218688965, 387.233856201, 482.505737305, 370.561279297, 106.743812561, 117.088806152, 47.4413566589, -53.4415740967, -115.098342896, -53.8803405762], [453.970428467, 521.946350098, 264.586608887, 387.233856201, 471.506103516, 328.941314697, 231.214263916, 37.7033882141, 44.4566574097, 27.1401691437, 0.526757955551, -85.9736099243, 0.939263164997], [680.754516602, 117.107414246, 89.6654663086, 482.505737305, 328.941314697, 673.766357422, 350.224456787, 46.1160850525, 38.7295761108, 47.0025138855, -47.9824562073, -123.62966156, -85.7623291016], [584.685241699, 391.490905762, 130.612915039, 370.561279297, 231.214263916, 350.224456787, 360.060180664, 88.5563735962, 60.9424858093, 19.0433578491, -0.294160783291, -55.3955535889, -55.466632843], [222.471389771, -13.3556776047, 104.283622742, 106.743812561, 37.7033882141, 46.1160850525, 88.5563735962, 138.789703369, 58.849395752, 38.237197876, -21.4806175232, -25.9622764587, -25.7901821136], [18.8586845398, 104.024017334, 34.6051063538, 117.088806152, 44.4566574097, 38.7295761108, 60.9424858093, 58.849395752, 142.903457642, 58.1900520325, 18.7272357941, -34.7126808167, -24.3776893616], [43.105670929, -125.159980774, 13.6604232788, 47.4413566589, 27.1401691437, 47.0025138855, 19.0433578491, 38.237197876, 58.1900520325, 106.702926636, 6.49112606049, -27.1629085541, -19.1299571991], [-138.8125, 267.767486572, -5.10013008118, -53.4415740967, 0.526757955551, -47.9824562073, -0.294160783291, -21.4806175232, 18.7272357941, 6.49112606049, 119.794967651, 47.6554374695, 8.69064044952], [-101.02432251, -54.7449417114, 16.0370368958, -115.098342896, -85.9736099243, -123.62966156, -55.3955535889, -25.9622764587, -34.7126808167, -27.1629085541, 47.6554374695, 132.419998169, 41.9041366577], [-258.312316895, 47.6418914795, -26.7318344116, -53.8803405762, 0.939263164997, -85.7623291016, -55.466632843, -25.7901821136, -24.3776893616, -19.1299571991, 8.69064044952, 41.9041366577, 129.172073364]], "icov": [[0.000213945459109, -3.13592863677e-05, -0.000212918545003, -0.000141118347528, 0.000126618382637, -4.44240795332e-05, -0.000130263797473, -1.34296769829e-05, 0.000251944060437, -0.000139410651173, 0.000208850062336, -9.26010325202e-05, 0.000290335854515], [-3.13592863677e-05, 0.00120221404359, -0.000536253675818, 0.000282094959402, -0.000709168205503, 0.000849022297189, -0.00173186161555, 0.000879321771208, -0.000713740184437, 0.00212632562034, -0.00291060842574, 0.0021159411408, -0.000809066579677], [-0.000212918545003, -0.000536253675818, 0.00228299060836, -0.000493558647577, -0.00115094403736, 0.00015151698608, 0.00137827417348, -0.00164956960361, 0.000411842775065, -0.000765130622312, 0.00143296259921, -0.00233457889408, 0.00103538716212], [-0.000141118347528, 0.000282094959402, -0.000493558647577, 0.00283726956695, -0.00084540375974, -0.000560928194318, -0.00158614024986, 0.000467338453745, -0.00181088689715, 0.000778966641519, 0.00032979590469, 0.000688024039846, -0.000730740139261], [0.000126618382637, -0.000709168205503, -0.00115094403736, -0.00084540375974, 0.0058855661191, -0.00183546962216, -0.000362428807421, 0.000536854204256, 0.000766276265495, -0.00150605489034, 3.57297940354e-05, 0.00179690052755, -0.00204968824983], [-4.44240795332e-05, 0.000849022297189, 0.00015151698608, -0.000560928194318, -0.00183546962216, 0.00529120629653, -0.00450153229758, 0.00227748206817, 0.000861057720613, -0.000320203136653, -0.00075545074651, 0.00227948860265, 0.000869967218023], [-0.000130263797473, -0.00173186161555, 0.00137827417348, -0.00158614024986, -0.000362428807421, -0.00450153229758, 0.0116731440648, -0.00573185272515, 0.00014429030125, -0.000335327989887, 0.00187158607878, -0.00443169102073, 0.0021731397137], [-1.34296769829e-05, 0.000879321771208, -0.00164956960361, 0.000467338453745, 0.000536854204256, 0.00227748206817, -0.00573185272515, 0.0134057924151, -0.00359411933459, -0.00155198422726, 0.00131037272513, 0.0020726560615, -0.000442778691649], [0.000251944060437, -0.000713740184437, 0.000411842775065, -0.00181088689715, 0.000766276265495, 0.000861057720613, 0.00014429030125, -0.00359411933459, 0.0129403332248, -0.00592018058524, -0.00149487087037, 0.0012443321757, 0.00126970582642], [-0.000139410651173, 0.00212632562034, -0.000765130622312, 0.000778966641519, -0.00150605489034, -0.000320203136653, -0.000335327989887, -0.00155198422726, -0.00592018058524, 0.0174344033003, -0.0067856865935, 0.00464777834713, -0.00113846873865], [0.000208850062336, -0.00291060842574, 0.00143296259921, 0.00032979590469, 3.57297940354e-05, -0.00075545074651, 0.00187158607878, 0.00131037272513, -0.00149487087037, -0.0067856865935, 0.0197872258723, -0.0105165299028, 0.00328201195225], [-9.26010325202e-05, 0.0021159411408, -0.00233457889408, 0.000688024039846, 0.00179690052755, 0.00227948860265, -0.00443169102073, 0.0020726560615, 0.0012443321757, 0.00464777834713, -0.0105165299028, 0.0178261809051, -0.00530272442847], [0.000290335854515, -0.000809066579677, 0.00103538716212, -0.000730740139261, -0.00204968824983, 0.000869967218023, 0.0021731397137, -0.000442778691649, 0.00126970582642, -0.00113846873865, 0.00328201195225, -0.00530272442847, 0.0115377726033]]}, "melbands": {"dmean": [0.00234424835071, 0.00154157239012, 0.00034847430652, 0.000624597421847, 0.000242167108809, 0.000155116504175, 0.000354480202077, 0.00038149379543, 0.000135979280458, 5.12341866852e-05, 3.37506971846e-05, 3.64870720659e-05, 4.942097803e-05, 8.89749208e-05, 8.37213083287e-05, 6.15409517195e-05, 3.988798926e-05, 2.982922706e-05, 1.91714680113e-05, 1.40548645504e-05, 8.55533289723e-06, 7.95000869402e-06, 1.27056146084e-05, 5.10602603754e-06, 4.37218068328e-06, 3.64958395949e-06, 2.88409023597e-06, 3.17035664921e-06, 3.10810196424e-06, 3.11554958898e-06, 2.82426503873e-06, 4.38251527157e-06, 2.82880023406e-06, 2.3593406695e-06, 2.41259863287e-06, 2.42660507865e-06, 2.16358557736e-06, 1.99712258109e-06, 1.58899672442e-06, 1.2556688489e-06], "dmean2": [0.00375495455228, 0.00269140349701, 0.000601188687142, 0.0011116869282, 0.000388681452023, 0.000229354845942, 0.000469591584988, 0.000529001990799, 0.000191481143702, 7.50842664274e-05, 5.33109450771e-05, 5.50745171495e-05, 7.71498744143e-05, 0.000142085234984, 0.000130389817059, 9.71749323071e-05, 6.4692372689e-05, 4.6621535148e-05, 2.94576821034e-05, 2.30528039538e-05, 1.42148910527e-05, 1.28308429339e-05, 1.96519504243e-05, 7.86804321251e-06, 6.68399161441e-06, 5.78314757149e-06, 4.51386677014e-06, 4.88264458909e-06, 4.90768934469e-06, 4.99463249071e-06, 4.66929941467e-06, 6.4699847826e-06, 4.33098148278e-06, 3.56609848495e-06, 3.5434225083e-06, 4.05550918003e-06, 3.48333855982e-06, 3.12294787363e-06, 2.50451239481e-06, 2.01860734705e-06], "dvar": [2.32462953136e-05, 1.30121024995e-05, 4.22369197395e-07, 5.09400297233e-06, 3.6288793126e-07, 7.55944284947e-08, 7.61360922752e-07, 5.98096107751e-07, 1.10207366788e-07, 1.80452062182e-08, 8.39278069265e-09, 9.50288292501e-09, 2.17892122123e-08, 5.99741341034e-08, 5.15984623917e-08, 4.63789504579e-08, 1.74403407271e-08, 1.17346310446e-08, 4.64566207725e-09, 1.79422610103e-09, 6.54138077039e-10, 3.75533992791e-10, 6.75978828468e-10, 1.31325811337e-10, 5.99098340381e-11, 5.55572914063e-11, 3.20624152228e-11, 4.21235581138e-11, 4.47269062065e-11, 5.78657191608e-11, 4.37177134771e-11, 2.57306620455e-10, 4.1429238512e-11, 2.62499917636e-11, 3.10219280819e-11, 5.45464333424e-11, 3.21375426271e-11, 2.23885458783e-11, 1.13583005848e-11, 8.01696903308e-12], "dvar2": [5.95876881562e-05, 3.60054800694e-05, 1.14704357657e-06, 1.4393715901e-05, 1.00492343336e-06, 1.44436796745e-07, 1.2493946997e-06, 1.21770960959e-06, 2.07074364766e-07, 3.92220869116e-08, 2.09810941953e-08, 2.3744037847e-08, 5.25119965289e-08, 1.54331345925e-07, 1.26744964746e-07, 1.15341109108e-07, 4.03709670138e-08, 2.86269958849e-08, 9.90068560469e-09, 4.56958737516e-09, 1.69631297897e-09, 9.93433668661e-10, 1.61492341721e-09, 3.0455710176e-10, 1.4373899293e-10, 1.36777547621e-10, 7.79796158201e-11, 1.00788558055e-10, 1.11334545749e-10, 1.47235418302e-10, 1.1446912862e-10, 4.63049182331e-10, 9.95174637142e-11, 6.31448573984e-11, 6.18529810703e-11, 1.51687273853e-10, 8.58270884918e-11, 5.6667049525e-11, 2.86734004595e-11, 2.09568855325e-11], "max": [0.0645539239049, 0.0388844944537, 0.00539813004434, 0.0239265765995, 0.00683074817061, 0.00481278356165, 0.0199724007398, 0.0130298752338, 0.00890936609358, 0.00223659584299, 0.00142344459891, 0.00166747963522, 0.00281762238592, 0.00314925052226, 0.00305026746355, 0.0038771762047, 0.00312799913809, 0.00269842729904, 0.00217311014421, 0.000755942019168, 0.000419371237513, 0.000281576183625, 0.000376490759663, 0.00018697392079, 0.000105412313133, 0.000136794740683, 8.06020398159e-05, 6.9700727181e-05, 9.07002031454e-05, 0.000148139268276, 8.59921638039e-05, 0.000296592654195, 0.000103797283373, 0.000104120124888, 9.341439727e-05, 7.99730842118e-05, 7.35089342925e-05, 6.91907116561e-05, 3.94135604438e-05, 4.48711289209e-05], "mean": [0.00369495199993, 0.00238250475377, 0.000645065680146, 0.000673775619362, 0.000470018945634, 0.000517319131177, 0.000707957602572, 0.000902647210751, 0.000286755472189, 8.75186960911e-05, 5.07336662849e-05, 5.54746693524e-05, 7.94486477389e-05, 0.000130767963128, 0.000132893605041, 8.97973513929e-05, 5.96072386543e-05, 4.89287594974e-05, 2.97025198961e-05, 1.53459532157e-05, 9.1649717433e-06, 9.2610844149e-06, 1.59709470609e-05, 6.73846216159e-06, 6.05338709647e-06, 4.58797330793e-06, 3.68896144209e-06, 3.87599357055e-06, 4.04723050451e-06, 3.61210140909e-06, 2.95551103591e-06, 5.4810925576e-06, 3.52551091964e-06, 3.15897682412e-06, 3.47389300259e-06, 2.44829493568e-06, 2.34750632444e-06, 2.10228245123e-06, 1.65773928984e-06, 1.27712746689e-06], "median": [0.00190335372463, 0.00165919819847, 0.000501475995407, 0.000320048508001, 0.000295438454486, 0.000331904884661, 0.000333195755957, 0.000348933826899, 9.11900060601e-05, 2.09292975342e-05, 2.22197268158e-05, 1.68158876477e-05, 2.03380495805e-05, 1.64597950061e-05, 1.73001062649e-05, 9.90941498458e-06, 7.95914911578e-06, 7.82776805863e-06, 7.2260527304e-06, 5.15153260494e-06, 2.70773716693e-06, 3.43023316418e-06, 5.8761343098e-06, 2.55025474871e-06, 2.68022472483e-06, 1.84566658845e-06, 1.23242944028e-06, 9.94030074253e-07, 1.0519748912e-06, 8.52005712204e-07, 7.0140634989e-07, 7.43472639897e-07, 8.9780013468e-07, 8.1940089558e-07, 9.42316489727e-07, 6.09487244674e-07, 5.50084052975e-07, 4.31875236018e-07, 3.30568923346e-07, 2.33491860513e-07], "min": [1.1232886149e-11, 1.14658497974e-10, 8.34282920525e-10, 5.09564501705e-10, 1.01785713191e-09, 1.1544531997e-09, 2.92243507172e-10, 1.32669306097e-10, 1.73368996936e-09, 8.55234716379e-10, 2.2878055006e-10, 5.7486715388e-10, 2.61981741856e-10, 7.03613833863e-10, 1.89648297066e-10, 2.69818029031e-10, 9.01647853602e-12, 1.04882708421e-11, 3.07134012667e-10, 5.462391095e-10, 5.24100519927e-11, 1.87201885937e-11, 6.87121193277e-11, 2.9627651027e-11, 2.37984493223e-11, 5.19353345052e-11, 5.86134439595e-13, 1.22778072431e-11, 1.55902634552e-11, 4.23966070584e-11, 3.22871833436e-11, 2.76401124211e-11, 2.09841952842e-11, 1.1633861409e-11, 2.17511564315e-11, 7.31681729094e-12, 2.29416507493e-12, 5.60834018115e-12, 2.46117674851e-11, 1.52717612861e-11], "var": [3.39661673934e-05, 1.25452634165e-05, 5.25587836364e-07, 3.23033555105e-06, 3.85893628163e-07, 3.65720325135e-07, 1.81334041827e-06, 2.10914640775e-06, 3.63301666084e-07, 4.12551166562e-08, 9.1726812812e-09, 1.23545307318e-08, 5.09584374697e-08, 1.11433195116e-07, 1.10216056726e-07, 9.82485772738e-08, 3.37284262741e-08, 2.07121715334e-08, 1.00500239242e-08, 1.61866042792e-09, 5.77130621071e-10, 3.46776690696e-10, 8.22350687546e-10, 1.8222405529e-10, 7.99053670453e-11, 6.01407257328e-11, 3.90019162799e-11, 5.39201183702e-11, 5.67286564945e-11, 5.93818674788e-11, 3.96788019108e-11, 4.71878480734e-10, 5.25617882552e-11, 3.76352664311e-11, 5.58431946518e-11, 3.94007604321e-11, 2.81793026413e-11, 2.27952778181e-11, 1.15980983498e-11, 7.2821956798e-12]}, "mfcc": {"mean": [-661.48236084, 115.76083374, 12.6672840118, 9.32890510559, 3.00623035431, 0.337551146746, -8.19807720184, -2.85048437119, -7.9717798233, 0.610704481602, 5.78129339218, 7.89831256866, 5.54335546494], "cov": [[7048.39404297, 17.9294147491, 889.898193359, 720.580444336, 306.020385742, 777.199584961, 648.942687988, 509.050811768, 335.829956055, 298.581237793, 274.181060791, 126.361778259, -72.8583221436], [17.9294147491, 2379.29443359, 287.920349121, 322.450042725, 189.636978149, 31.9426021576, 194.577163696, 136.29309082, -57.7026519775, -49.0844993591, 37.6781349182, 66.5772781372, 94.9541168213], [889.898193359, 287.920349121, 616.473999023, 315.034973145, 181.195388794, 160.440139771, 161.638320923, 138.032958984, 104.001190186, 69.4649124146, 63.657699585, 35.7616767883, 38.4728851318], [720.580444336, 322.450042725, 315.034973145, 552.874694824, 224.266708374, 261.5, 207.195678711, 168.153488159, 159.023300171, 130.40977478, 66.9851989746, 61.2252235413, 16.1155395508], [306.020385742, 189.636978149, 181.195388794, 224.266708374, 288.971252441, 251.163833618, 180.880233765, 88.5730209351, 107.30317688, 132.55329895, 31.1852283478, 18.4571456909, -29.1618328094], [777.199584961, 31.9426021576, 160.440139771, 261.5, 251.163833618, 612.121948242, 389.763885498, 245.012023926, 197.203353882, 210.174118042, 102.184585571, 85.7696990967, 4.11191749573], [648.942687988, 194.577163696, 161.638320923, 207.195678711, 180.880233765, 389.763885498, 370.720855713, 207.161605835, 160.687561035, 127.962524414, 74.2439651489, 74.9582061768, 6.84143829346], [509.050811768, 136.29309082, 138.032958984, 168.153488159, 88.5730209351, 245.012023926, 207.161605835, 220.937805176, 108.517250061, 77.7606582642, 64.0641937256, 55.5820236206, 31.6060352325], [335.829956055, -57.7026519775, 104.001190186, 159.023300171, 107.30317688, 197.203353882, 160.687561035, 108.517250061, 219.107025146, 125.904533386, 44.9300842285, 33.6681213379, 0.921247720718], [298.581237793, -49.0844993591, 69.4649124146, 130.40977478, 132.55329895, 210.174118042, 127.962524414, 77.7606582642, 125.904533386, 227.101364136, 77.9901275635, 36.7286949158, -45.1333389282], [274.181060791, 37.6781349182, 63.657699585, 66.9851989746, 31.1852283478, 102.184585571, 74.2439651489, 64.0641937256, 44.9300842285, 77.9901275635, 142.702804565, 74.553817749, 4.45491075516], [126.361778259, 66.5772781372, 35.7616767883, 61.2252235413, 18.4571456909, 85.7696990967, 74.9582061768, 55.5820236206, 33.6681213379, 36.7286949158, 74.553817749, 156.857711792, 63.1678848267], [-72.8583221436, 94.9541168213, 38.4728851318, 16.1155395508, -29.1618328094, 4.11191749573, 6.84143829346, 31.6060352325, 0.921247720718, -45.1333389282, 4.45491075516, 63.1678848267, 149.372177124]], "icov": [[0.000216407337575, 4.45478399342e-05, -0.000254105310887, -0.000123317644466, 0.000235857747612, -0.000104005186586, -0.000174843065906, -0.000133394467412, 6.8740460847e-05, 3.23289168591e-05, -0.000138112052809, 1.63364329637e-05, 0.000247687683441], [4.45478399342e-05, 0.00060925562866, -3.4782475268e-05, -0.000320940627716, -0.00046463360195, 0.000623792293482, -0.000786212855019, -0.00026925309794, 0.000687679799739, 0.000104410130007, -0.0002024773421, 8.41791916173e-05, -0.000339136691764], [-0.000254105310887, -3.4782475268e-05, 0.00294301728718, -0.00085764657706, -0.00151169311721, 0.000903024047147, -0.000241125715547, -0.000578209583182, -0.000113162444904, 0.000301774183754, -0.000786343240179, 0.000665963918436, -0.00112021085806], [-0.000123317644466, -0.000320940627716, -0.00085764657706, 0.00382500863634, -0.00158514885698, -0.000245762261329, 0.000967250729445, -0.00113619759213, -0.00132483057678, -6.19159181952e-05, 0.000225677053095, -0.000650639703963, 0.000103380618384], [0.000235857747612, -0.00046463360195, -0.00151169311721, -0.00158514885698, 0.00900916196406, -0.00258153770119, -0.00121876958292, 0.00236748228781, -3.14212156809e-05, -0.00231578410603, 0.00165254727472, 0.000219432928134, 0.00151396845467], [-0.000104005186586, 0.000623792293482, 0.000903024047147, -0.000245762261329, -0.00258153770119, 0.00738466344774, -0.00534522300586, -0.00210653874092, 0.000950109795667, -0.00216621370055, -0.000550707685761, 0.000445830461103, -0.00150257127825], [-0.000174843065906, -0.000786212855019, -0.000241125715547, 0.000967250729445, -0.00121876958292, -0.00534522300586, 0.012387082912, -0.00395050132647, -0.00313505087979, 0.00188424030785, 0.000670996378176, -0.00221666018479, 0.00205606501549], [-0.000133394467412, -0.00026925309794, -0.000578209583182, -0.00113619759213, 0.00236748228781, -0.00210653874092, -0.00395050132647, 0.0122824339196, -0.00114389462397, 0.000191360988538, -0.00145999714732, 0.000806425290648, -0.00175274768844], [6.8740460847e-05, 0.000687679799739, -0.000113162444904, -0.00132483057678, -3.14212156809e-05, 0.000950109795667, -0.00313505087979, -0.00114389462397, 0.0096303280443, -0.00375883630477, 0.000527380849235, 0.000704255129676, -0.00138689146843], [3.23289168591e-05, 0.000104410130007, 0.000301774183754, -6.19159181952e-05, -0.00231578410603, -0.00216621370055, 0.00188424030785, 0.000191360988538, -0.00375883630477, 0.0105679854751, -0.00342235923745, -0.000898626982234, 0.00305750803091], [-0.000138112052809, -0.0002024773421, -0.000786343240179, 0.000225677053095, 0.00165254727472, -0.000550707685761, 0.000670996378176, -0.00145999714732, 0.000527380849235, -0.00342235923745, 0.0122989248484, -0.00523656699806, 0.00166586076375], [1.63364329637e-05, 8.41791916173e-05, 0.000665963918436, -0.000650639703963, 0.000219432928134, 0.000445830461103, -0.00221666018479, 0.000806425290648, 0.000704255129676, -0.000898626982234, -0.00523656699806, 0.0115745747462, -0.00519986916333], [0.000247687683441, -0.000339136691764, -0.00112021085806, 0.000103380618384, 0.00151396845467, -0.00150257127825, 0.00205606501549, -0.00175274768844, -0.00138689146843, 0.00305750803091, 0.00166586076375, -0.00519986916333, 0.0110037662089]]}, "spectral_contrast_coeffs": {"dmean": [0.0519655682147, 0.0481824241579, 0.0380442366004, 0.0332824885845, 0.0248037781566, 0.0216974578798], "dmean2": [0.0848197340965, 0.0719824135303, 0.0592071786523, 0.0519110299647, 0.0376714542508, 0.033848490566], "dvar": [0.00263610365801, 0.00218165735714, 0.00109087873716, 0.000899431528524, 0.000532950623892, 0.0004239664122], "dvar2": [0.0067826830782, 0.00449569616467, 0.00239705783315, 0.00196839682758, 0.00110087473877, 0.000962618680205], "max": [-0.248402267694, -0.353354543447, -0.542556762695, -0.521834790707, -0.609883368015, -0.639732003212], "mean": [-0.673777759075, -0.647903323174, -0.761314511299, -0.758713424206, -0.792255461216, -0.795415222645], "median": [-0.706622123718, -0.646296620369, -0.767733514309, -0.767559885979, -0.797311007977, -0.793025434017], "min": [-0.895543694496, -0.943863689899, -0.951122462749, -0.924349844456, -0.914592146873, -0.909436523914], "var": [0.012607851997, 0.0111501403153, 0.0048803659156, 0.00482480134815, 0.00240795593709, 0.00138420716394]}, "spectral_contrast_valleys": {"dmean": [0.44075474143, 0.423345923424, 0.393941104412, 0.406853795052, 0.440957576036, 0.55055129528], "dmean2": [0.6554479599, 0.615789830685, 0.574889063835, 0.566201865673, 0.548996984959, 0.646172821522], "dvar": [0.225160241127, 0.201173096895, 0.158553227782, 0.184568792582, 0.212821319699, 0.294198006392], "dvar2": [0.373126447201, 0.356605648994, 0.273800760508, 0.316745072603, 0.371697604656, 0.467174082994], "max": [-5.31826496124, -4.68355989456, -4.86560058594, -5.0996131897, -5.64605998993, -7.56366252899], "mean": [-7.4919924736, -7.00808954239, -7.66282701492, -8.0311832428, 