{"lowlevel": {"average_loudness": 0.780622959137, "barkbands_crest": {"dmean": 2.51262998581, "dmean2": 3.87913966179, "dvar": 8.99590492249, "dvar2": 21.5467834473, "max": 26.9852199554, "mean": 13.9590272903, "median": 13.1695804596, "min": 2.32078337669, "var": 31.4571399689}, "barkbands_flatness_db": {"dmean": 0.060222890228, "dmean2": 0.0776690095663, "dvar": 0.00554225035012, "dvar2": 0.0110040502623, "max": 0.865565299988, "mean": 0.28866738081, "median": 0.269637167454, "min": 0.0260653775185, "var": 0.0234368238598}, "barkbands_kurtosis": {"dmean": 14.1311016083, "dmean2": 20.4043502808, "dvar": 7698.62158203, "dvar2": 13525.0478516, "max": 5124.43505859, "mean": 22.9600315094, "median": 4.37705898285, "min": -1.91521930695, "var": 18208.4492188}, "barkbands_skewness": {"dmean": 0.944707810879, "dmean2": 1.35663592815, "dvar": 2.40028381348, "dvar2": 5.13695859909, "max": 51.4139022827, "mean": 2.008446455, "median": 1.67843770981, "min": -15.6693782806, "var": 8.05850791931}, "barkbands_spread": {"dmean": 5.2676024437, "dmean2": 7.87393808365, "dvar": 63.5845451355, "dvar2": 146.326812744, "max": 129.066833496, "mean": 13.1889762878, "median": 6.89144706726, "min": 0.0231597647071, "var": 329.428894043}, "dissonance": {"dmean": 0.0497961193323, "dmean2": 0.0731934607029, "dvar": 0.00304852053523, "dvar2": 0.0061306161806, "max": 0.5, "mean": 0.368244737387, "median": 0.399559259415, "min": 0.036056753248, "var": 0.0116206724197}, "dynamic_complexity": 3.83344650269, "erbbands_crest": {"dmean": 3.0307970047, "dmean2": 4.35197544098, "dvar": 13.9688243866, "dvar2": 27.9992790222, "max": 34.9536857605, "mean": 14.3128137589, "median": 12.9183692932, "min": 2.28741526604, "var": 55.2031288147}, "erbbands_flatness_db": {"dmean": 0.0500203296542, "dmean2": 0.0621529184282, "dvar": 0.00425426010042, "dvar2": 0.0080051170662, "max": 0.664633512497, "mean": 0.268238008022, "median": 0.246201261878, "min": 0.0576435849071, "var": 0.0168871898204}, "erbbands_kurtosis": {"dmean": 5.39644145966, "dmean2": 7.75701951981, "dvar": 242.229095459, "dvar2": 486.424163818, "max": 291.383605957, "mean": 8.57014560699, "median": 1.38282561302, "min": -1.87682020664, "var": 650.072265625}, "erbbands_skewness": {"dmean": 0.730906367302, "dmean2": 1.00920844078, "dvar": 1.00813281536, "dvar2": 2.13875555992, "max": 13.2404079437, "mean": 0.95532476902, "median": 0.678115844727, "min": -6.73469495773, "var": 3.5509698391}, "erbbands_spread": {"dmean": 11.3448410034, "dmean2": 15.3763113022, "dvar": 247.529083252, "dvar2": 437.226287842, "max": 165.768707275, "mean": 27.1352710724, "median": 17.8780117035, "min": 0.174999073148, "var": 663.162963867}, "hfc": {"dmean": 7.39515972137, "dmean2": 11.4355821609, "dvar": 195.1796875, "dvar2": 451.469940186, "max": 115.262718201, "mean": 11.4078865051, "median": 6.08457946777, "min": 1.17396701847e-16, "var": 235.664077759}, "melbands_crest": {"dmean": 2.85174417496, "dmean2": 4.44534015656, "dvar": 12.2102508545, "dvar2": 28.9658412933, "max": 35.7204322815, "mean": 18.3608722687, "median": 17.649105072, "min": 2.54880428314, "var": 47.18516922}, "melbands_flatness_db": {"dmean": 0.0691081136465, "dmean2": 0.0880241841078, "dvar": 0.00732715195045, "dvar2": 0.0145122166723, "max": 1, "mean": 0.361436724663, "median": 0.340457558632, "min": 0.0104906260967, "var": 0.0345812104642}, "melbands_kurtosis": {"dmean": 16.3456611633, "dmean2": 24.0998477936, "dvar": 1833.63146973, "dvar2": 3734.40600586, "max": 1062.73156738, "mean": 28.4695243835, "median": 10.178771019, "min": -1.8696192503, "var": 4218.14013672}, "melbands_skewness": {"dmean": 1.09020042419, "dmean2": 1.53700006008, "dvar": 2.29376578331, "dvar2": 4.89366102219, "max": 24.2368335724, "mean": 2.7614812851, "median": 2.31992006302, "min": -8.33288764954, "var": 8.00762748718}, "melbands_spread": {"dmean": 5.39372301102, "dmean2": 8.36309719086, "dvar": 86.7698898315, "dvar2": 203.460342407, "max": 216.3072052, "mean": 14.9504022598, "median": 7.49245834351, "min": 0.132669016719, "var": 710.689697266}, "pitch_salience": {"dmean": 0.0743978917599, "dmean2": 0.114408791065, "dvar": 0.00846125930548, "dvar2": 0.0200797524303, "max": 0.98042267561, "mean": 0.437122166157, "median": 0.44838142395, "min": 0.00609259447083, "var": 0.029920835048}, "silence_rate_20dB": {"dmean": 0, "dmean2": 0, "dvar": 0, "dvar2": 0, "max": 1, "mean": 1, "median": 1, "min": 1, "var": 0}, "silence_rate_30dB": {"dmean": 0.0242456179112, "dmean2": 0.0484976284206, "dvar": 0.0236587207764, "dvar2": 0.0640678182244, "max": 1, "mean": 0.982872188091, "median": 1, "min": 0, "var": 0.0168334245682}, "silence_rate_60dB": {"dmean": 0.0429569110274, "dmean2": 0.0859251469374, "dvar": 0.0411090552807, "dvar2": 0.0896136909723, "max": 1, "mean": 0.128985509276, "median": 0, "min": 0, "var": 0.112351551652}, "spectral_centroid": {"dmean": 231.235626221, "dmean2": 341.49407959, "dvar": 122431.59375, "dvar2": 264650.34375, "max": 11139.59375, "mean": 867.23651123, "median": 636.964599609, "min": 73.176864624, "var": 541397}, "spectral_complexity": {"dmean": 5.07550382614, "dmean2": 7.85661554337, "dvar": 64.2284240723, "dvar2": 132.424255371, "max": 54, "mean": 8.97957801819, "median": 6, "min": 0, "var": 82.5896759033}, "spectral_decrease": {"dmean": 2.88946711002e-09, "dmean2": 4.5795252035e-09, "dvar": 3.68723136497e-17, "dvar2": 9.09888482943e-17, "max": 3.97212709174e-18, "mean": -6.55076703993e-09, "median": -3.21733861774e-09, "min": -6.4604236627e-08, "var": 6.05936003777e-17}, "spectral_energy": {"dmean": 0.0114950081334, "dmean2": 0.0181477610022, "dvar": 0.000569946423639, "dvar2": 0.00140140892472, "max": 0.252263426781, "mean": 0.0257587414235, "median": 0.0130195878446, "min": 1.0878540618e-20, "var": 0.000920991820749}, "spectral_energyband_high": {"dmean": 0.000527583877556, "dmean2": 0.000845311966259, "dvar": 1.20777588108e-06, "dvar2": 2.71664566753e-06, "max": 0.00959002133459, "mean": 0.000492195016704, "median": 1.87874684343e-05, "min": 7.80579567131e-21, "var": 1.29574380026e-06}, "spectral_energyband_low": {"dmean": 0.00470039434731, "dmean2": 0.00742822745815, "dvar": 0.000161085015861, "dvar2": 0.000373113376554, "max": 0.199047446251, "mean": 0.0123337330297, "median": 0.00142914790194, "min": 3.26918852817e-23, "var": 0.000433224515291}, "spectral_energyband_middle_high": {"dmean": 0.00109187117778, "dmean2": 0.0016435936559, "dvar": 3.59791761184e-06, "dvar2": 7.98908422439e-06, "max": 0.0527299717069, "mean": 0.00176084577106, "median": 0.000625180429779, "min": 1.77510596658e-21, "var": 7.75826720201e-06}, "spectral_energyband_middle_low": {"dmean": 0.00705966539681, "dmean2": 0.0115461181849, "dvar": 0.000336772878654, "dvar2": 0.000870212563314, "max": 0.248740881681, "mean": 0.0122603727505, "median": 0.00600323732942, "min": 4.44520368545e-22, "var": 0.000386703730328}, "spectral_entropy": {"dmean": 0.517923116684, "dmean2": 0.66476637125, "dvar": 0.48679715395, "dvar2": 0.923197388649, "max": 9.81510543823, "mean": 6.47458982468, "median": 6.68506383896, "min": 2.02345371246, "var": 1.93466126919}, "spectral_flux": {"dmean": 0.0357823297381, "dmean2": 0.0527232661843, "dvar": 0.00271487631835, "dvar2": 0.00568677997217, "max": 0.435524553061, "mean": 0.0587632134557, "median": 0.0325068980455, "min": 1.04300242054e-10, "var": 0.00457541132346}, "spectral_kurtosis": {"dmean": 24.9105529785, "dmean2": 38.7830276489, "dvar": 3514.65869141, "dvar2": 8641.99414062, "max": 1168.13122559, "mean": 44.1936340332, "median": 6.90027999878, "min": -1.14564156532, "var": 7276.15917969}, "spectral_rms": {"dmean": 0.000938918150496, "dmean2": 0.00137566006742, "dvar": 2.47838875111e-06, "dvar2": 5.41756571693e-06, "max": 0.0156879145652, "mean": 0.00424708938226, "median": 0.0035639917478, "min": 3.25779225645e-12, "var": 7.09273626853e-06}, "spectral_rolloff": {"dmean": 364.786102295, "dmean2": 621.483398438, "dvar": 712277.125, "dvar2": 1672117.875, "max": 18733.8867188, "mean": 1261.09741211, "median": 602.9296875, "min": 64.599609375, "var": 6807257}, "spectral_skewness": {"dmean": 1.26723778248, "dmean2": 1.86512231827, "dvar": 4.05577087402, "dvar2": 8.14119911194, "max": 27.6294727325, "mean": 3.86921787262, "median": 2.04541826248, "min": -0.00159222155344, "var": 15.0766353607}, "spectral_spread": {"dmean": 922910.3125, "dmean2": 1282426.5, "dvar": 1391352610820.0, "dvar2": 2366765006850.0, "max": 38280040, "mean": 3904101.75, "median": 3217751, "min": 116804.601562, "var": 7542709157890.0}, "spectral_strongpeak": {"dmean": 0.275589883327, "dmean2": 0.454023510218, "dvar": 0.263882130384, "dvar2": 0.585536241531, "max": 12.6041278839, "mean": 1.00934207439, "median": 0.732886791229, "min": 0, "var": 0.913646161556}, "zerocrossingrate": {"dmean": 0.00972399674356, "dmean2": 0.0113023463637, "dvar": 0.000159531147801, "dvar2": 0.000205812757486, "max": 0.70703125, "mean": 0.0490126945078, "median": 0.03076171875, "min": 0.001953125, "var": 0.00634919758886}, "barkbands": {"dmean": [1.51763833856e-05, 0.00282327528112, 0.00213260645978, 0.00133692973759, 0.00442765420303, 0.000995182082988, 0.000537823594641, 0.000392549292883, 0.000368960318156, 0.000190962688066, 0.000145494414028, 0.000109356922621, 0.000166734680533, 0.000137196737342, 9.83639693004e-05, 8.39965432533e-05, 0.000110110297101, 0.000105118568172, 0.000104859966086, 8.87824717211e-05, 8.54527752381e-05, 0.000150115258293, 0.000110918022983, 8.9896042482e-05, 3.55902993761e-05, 1.91539929801e-05, 2.28199155572e-06], "dmean2": [2.39100663748e-05, 0.00437129102647, 0.00362011860125, 0.00227301008999, 0.00760576035827, 0.00146666856017, 0.000802413735073, 0.000623026862741, 0.000530015735421, 0.000277292536339, 0.000222821850912, 0.000174766377313, 0.000259994441876, 0.000210439116927, 0.000160447438248, 0.000132701010443, 0.000173100590473, 0.000165886289324, 0.000167011210578, 0.000143069264595, 0.000133534020279, 0.000252609344898, 0.00018459779676, 0.00013819639571, 5.59893305763e-05, 3.21611150866e-05, 4.17429191657e-06], "dvar": [9.75611413878e-09, 7.81199705671e-05, 3.77558426408e-05, 1.41579912452e-05, 0.000232350939768, 1.53527453222e-05, 2.4449641387e-06, 2.50332459473e-06, 2.12370650843e-06, 4.65210860057e-07, 1.49516040437e-07, 8.14680518602e-08, 3.31561352596e-07, 1.97435795712e-07, 4.2133255107e-08, 3.85363314592e-08, 6.66822330686e-08, 4.08954754505e-08, 4.98478591737e-08, 3.77147095776e-08, 3.27070175388e-08, 1.0946469331e-07, 6.74277700341e-08, 3.16346557838e-08, 5.70295277669e-09, 3.59702867492e-09, 3.45571592175e-11], "dvar2": [1.62549778082e-08, 0.00017200174625, 9.92020432022e-05, 3.60243320756e-05, 0.000621049548499, 3.05403518723e-05, 4.97072323924e-06, 5.50691720491e-06, 3.56084774467e-06, 6.57159318962e-07, 2.96950361189e-07, 1.85143690601e-07, 4.54906341929e-07, 3.73239430473e-07, 1.08865933157e-07, 9.75471863285e-08, 1.56694824227e-07, 9.56995265256e-08, 1.17049992809e-07, 8.89010820515e-08, 6.56983303315e-08, 2.5810041393e-07, 1.58453190124e-07, 7.18310388947e-08, 1.25724044509e-08, 9.64040403062e-09, 9.37680488811e-11], "max": [0.00271711009555, 0.155210286379, 0.0962024107575, 0.100903905928, 0.190717488527, 0.198979109526, 0.0495644919574, 0.0563329420984, 0.118369981647, 0.0511935912073, 0.0125128105283, 0.0104184774682, 0.0525846853852, 0.044221714139, 0.00376430945471, 0.00833448767662, 0.00648797722533, 0.0049041248858, 0.00250613689423, 0.002125677187, 0.00193776132073, 0.0030509266071, 0.00254850299098, 0.00217767967843, 0.000752987631131, 0.00119037064724, 5.83153341722e-05], "mean": [4.28998064308e-05, 0.0075399694033, 0.00382311781868, 0.00172530394047, 0.00402555940673, 0.00193302356638, 0.00175413594116, 0.00106339529157, 0.00140631292015, 0.000532029720489, 0.000380917859729, 0.000157607661095, 0.000200487877009, 0.000162301308592, 0.000104663762613, 7.58176465752e-05, 0.000107985419163, 9.80177501333e-05, 9.73044225248e-05, 7.97557077021e-05, 8.20877685328e-05, 0.000127869672724, 9.86524610198e-05, 8.54467580211e-05, 3.51698363374e-05, 1.71529190993e-05, 1.73239129708e-06], "median": [2.16329539171e-07, 7.63882126193e-05, 0.000279860512819, 0.000149569474161, 0.00056749000214, 0.000598145707045, 0.000311467738356, 0.000219601308345, 0.000192679188331, 4.57102287328e-05, 3.6193530832e-05, 1.91596627701e-05, 1.73979788087e-05, 1.1222453395e-05, 9.36684227781e-06, 4.71740258945e-06, 9.02563988348e-06, 6.19887896391e-06, 4.19100888394e-06, 2.76701166513e-06, 2.52929226008e-06, 1.96975997824e-06, 1.18682805805e-06, 1.21543234854e-06, 3.85170011441e-07, 1.69363175928e-07, 1.07490638612e-08], "min": [1.02839252375e-23, 5.78682879863e-24, 9.57631542778e-24, 1.33759239312e-23, 8.79485498448e-23, 6.32268039676e-23, 5.26589235141e-23, 3.97244761222e-23, 1.59353916579e-22, 1.89319612168e-22, 1.02712725397e-22, 1.0032636436e-22, 3.84164059018e-23, 5.07952522473e-23, 1.52151111643e-22, 2.63708703281e-22, 2.34381051014e-22, 2.65556783501e-22, 2.08724921483e-22, 3.56181553433e-22, 3.17885953691e-22, 3.85096726111e-22, 6.07808113577e-22, 1.08170626808e-21, 1.43688895952e-21, 1.50597984623e-21, 2.57499325399e-21], "var": [6.76842830671e-08, 0.000245593982982, 7.28778541088e-05, 2.20825149881e-05, 0.000171136474819, 4.19719253841e-05, 1.80352617463e-05, 6.47746992399e-06, 1.47664322867e-05, 3.151016017e-06, 7.78590731443e-07, 1.95954100946e-07, 1.38653513204e-06, 1.04973821635e-06, 4.76083634737e-08, 3.71190083115e-08, 8.90415847721e-08, 4.7882828369e-08, 5.4917425274e-08, 3.80009090861e-08, 3.92889312195e-08, 1.05745762369e-07, 6.54609166872e-08, 3.51635378593e-08, 6.90271795278e-09, 2.79883782817e-09, 2.74559871366e-11]}, "erbbands": {"dmean": [0.0502437390387, 0.747060954571, 2.27676415443, 3.61946511269, 8.97065258026, 19.2279987335, 8.64590549469, 7.61662197113, 8.00674152374, 6.50981855392, 9.98923778534, 8.51251125336, 6.35682344437, 6.42590427399, 4.23749542236, 4.70934200287, 8.16129589081, 6.87765741348, 6.48060941696, 4.48345470428, 4.46768522263, 5.80511617661, 5.46868276596, 6.34903764725, 4.19340610504, 3.92073464394, 4.26894712448, 2.97816467285, 4.74828338623, 4.77540683746, 3.46986293793, 1.95752966404, 1.49835526943, 0.506787657738, 0.211267650127, 0.108890607953, 0.0315459668636, 0.00544167868793, 0.000404108548537, 2.3107872039e-05], "dmean2": [0.0780042111874, 1.15716326237, 3.76876831055, 6.19832372665, 14.9984693527, 33.5958747864, 13.5758333206, 11.2774982452, 12.0576896667, 9.67015743256, 15.4531526566, 12.1436805725, 9.05553150177, 9.6607093811, 6.87080144882, 7.35789966583, 12.8134946823, 10.4279279709, 10.4029273987, 7.01496362686, 7.09978532791, 9.03843688965, 8.52319526672, 10.2790699005, 6.55278635025, 6.28570222855, 6.86562776566, 4.61889600754, 7.85433292389, 8.08909702301, 5.79936742783, 3.03737521172, 2.32468557358, 0.799149155617, 0.338133215904, 0.177492707968, 0.0545305982232, 0.00985421892256, 0.000727414793801, 3.76657662855e-05], "dvar": [0.0299204029143, 5.30059480667, 42.8099822998, 94.4859771729, 759.878234863, 5752.81835938, 833.073303223, 1568.3059082, 584.32611084, 295.673339844, 1836.56347656, 1523.37817383, 512.591796875, 468.066101074, 100.595352173, 142.477828979, 718.574645996, 578.004699707, 159.825088501, 89.2861709595, 81.1649932861, 181.445022583, 113.294586182, 165.848480225, 80.2505111694, 82.5322570801, 79.3177108765, 40.3585166931, 120.140190125, 110.125511169, 68.9934997559, 15.4577264786, 9.07398605347, 1.17844080925, 0.206942930818, 0.109476804733, 0.0111143719405, 0.000200944195967, 1.11366171041e-06, 2.19964002568e-09], "dvar2": [0.0619136281312, 11.7317228317, 108.098228455, 258.242248535, 1971.98278809, 15565.8300781, 2002.24304199, 2767.42724609, 1234.5456543, 602.65838623, 3996.42138672, 2342.34008789, 783.471496582, 812.992370605, 235.559371948, 310.230499268, 1038.98925781, 1053.5501709, 387.671539307, 229.49357605, 203.715835571, 406.633300781, 257.806060791, 392.235351562, 179.475112915, 200.45640564, 171.76751709, 78.7679672241, 277.220794678, 272.877105713, 164.384490967, 34.5757255554, 20.6741065979, 2.61646652222, 0.470685511827, 0.28861117363, 0.0301009286195, 0.000540943001397, 3.01063914776e-06, 5.58751356294e-09], "max": [3.52353048325, 41.1294593811, 97.3432540894, 235.621887207, 410.77935791, 930.416625977, 852.670043945, 2472.83959961, 572.034179688, 553.058044434, 1507.87438965, 3551.69140625, 2145.63720703, 965.146606445, 307.496520996, 528.731445312, 2403.43115234, 2446.44140625, 349.81350708, 246.446929932, 232.938903809, 448.040771484, 334.527923584, 137.74937439, 104.268615723, 96.1027526855, 98.1417770386, 63.2476119995, 116.916847229, 104.623985291, 86.2763366699, 46.5556259155, 38.7875900269, 9.89549922943, 5.4421453476, 6.69721126556, 2.18635630608, 0.173724800348, 0.0118846809492, 0.000493817031384], "mean": [0.132205381989, 1.97490096092, 4.86135959625, 5.1824836731, 9.6677312851, 16.0136184692, 12.4218759537, 15.3781147003, 26.1714801788, 20.4426937103, 31.3698196411, 29.5520324707, 20.6156406403, 17.1009864807, 7.08925819397, 7.03921556473, 9.91607189178, 8.96637916565, 6.66406393051, 4.70139074326, 4.29611063004, 5.76521444321, 5.24442195892, 5.81596374512, 4.04678487778, 3.52375984192, 3.99509096146, 2.81541204453, 4.049077034, 4.11887836456, 3.04539752007, 1.90412187576, 1.37698745728, 0.495894700289, 0.208296924829, 0.100466229022, 0.0270817391574, 0.00430590100586, 0.000324414344504, 3.81542959076e-05], "median": [0.00129022938199, 0.0406215637922, 0.438400030136, 0.867573738098, 1.65445160866, 1.62619805336, 3.40205574036, 3.86892986298, 4.75708770752, 3.98209428787, 7.59074306488, 5.50089597702, 2.3286986351, 2.32152509689, 1.3430185318, 0.986076414585, 1.13260829449, 0.806071162224, 0.755759060383, 0.504846692085, 0.375961482525, 0.548028826714, 0.405299961567, 0.287380337715, 0.181198775768, 0.128208875656, 0.105111300945, 0.0874182507396, 0.0686057955027, 0.0467733815312, 0.0416395887733, 0.0338059961796, 0.0157823003829, 0.00565749499947, 0.00211061164737, 0.00104492623359, 0.000227200449444, 2.88693081529e-05, 1.84518285096e-05, 1.84707150765e-05], "min": [9.22893611054e-23, 1.81569617968e-21, 1.20723932709e-20, 3.84109847739e-20, 5.96261576955e-20, 3.72930915351e-19, 6.24393356278e-19, 4.5471100549e-19, 9.92381919167e-19, 6.80535138427e-19, 7.71983987651e-19, 3.33771388991e-18, 4.29322950655e-18, 7.06200154011e-18, 6.04659763353e-18, 2.86891672237e-18, 1.64885613133e-18, 2.35453714679e-18, 6.43142811068e-18, 9.18063194608e-18, 1.4870945519e-17, 1.65212171632e-17, 1.52010054727e-17, 1.03956361888e-17, 1.41599523496e-17, 1.45209587844e-17, 1.26223129264e-17, 1.41867083337e-17, 1.26925107819e-17, 1.44954468799e-17, 1.9017062608e-17, 2.03232684763e-17, 1.83480290024e-17, 1.41628954583e-17, 1.07122693468e-17, 6.37416363765e-18, 3.00372979143e-18, 1.02970813412e-18, 3.41719477984e-19, 4.06261938414e-20], "var": [0.123244516551, 16.0211830139, 95.8788223267, 144.746704102, 678.429138184, 3941.04467773, 1430.5802002, 4449.79833984, 4172.31982422, 1913.87670898, 4962.86279297, 10415.6386719, 4488.03759766, 1794.96777344, 219.325012207, 407.165039062, 2775.81103516, 3158.60107422, 223.945480347, 94.8263931274, 85.637840271, 281.054779053, 148.427459717, 176.157852173, 90.1015625, 77.6501159668, 88.9366378784, 49.6836929321, 118.274787903, 100.498573303, 65.0565872192, 17.6836414337, 9.66293621063, 1.3889747858, 0.234677582979, 0.0882155299187, 0.00832105055451, 0.000164278113516, 9.02690374005e-07, 2.4120481168e-09]}, "gfcc": {"mean": [-150.807479858, 123.437438965, -92.4430465698, 5.34447288513, -65.9073638916, -3.35917162895, -32.1114463806, 1.31972336769, -15.8339757919, -6.92755508423, -12.545996666, -8.94969940186, -12.2782011032], "cov": [[34115.6328125, -3145.98999023, -3574.90234375, 2602.14575195, -1556.92370605, 1684.22119141, -1545.38024902, 415.797180176, -749.762817383, 417.356323242, -464.501708984, 400.113189697, -447.05456543], [-3145.98999023, 7004.18115234, 2158.93481445, -1043.66467285, 967.520202637, -1031.31982422, 726.223571777, -440.085754395, 508.645141602, -603.168640137, 532.488769531, -369.068237305, 370.425231934], [-3574.90234375, 2158.93481445, 3613.90063477, 446.275360107, 582.334350586, 125.786209106, 434.899688721, 134.633544922, 147.613723755, -154.132629395, 138.901168823, -117.362831116, 59.9543914795], [2602.14575195, -1043.66467285, 446.275360107, 1694.75854492, 433.347381592, 379.421966553, -153.426361084, 156.075653076, -122.610961914, 117.861694336, -61.7463722229, 52.8530197144, -108.591064453], [-1556.92370605, 967.520202637, 582.334350586, 433.347381592, 1063.5300293, 152.56149292, 272.279418945, 36.9860305786, 139.111846924, -55.7141494751, 117.400772095, -51.4002761841, 23.5954380035], [1684.22119141, -1031.31982422, 125.786209106, 379.421966553, 152.56149292, 947.99230957, 153.592849731, 296.603210449, -79.5530471802, 166.399795532, -84.684677124, 104.173110962, -29.9188098907], [-1545.38024902, 726.223571777, 434.899688721, -153.426361084, 272.279418945, 153.592849731, 549.236999512, 152.768051147, 160.961532593, -36.0671005249, 48.3776130676, -45.2601623535, 82.1903305054], [415.797180176, -440.085754395, 134.633544922, 156.075653076, 36.9860305786, 296.603210449, 152.768051147, 385.453521729, 128.736190796, 98.3933181763, -45.2440261841, -2.20048952103, -8.27269458771], [-749.762817383, 508.645141602, 147.613723755, -122.610961914, 139.111846924, -79.5530471802, 160.961532593, 128.736190796, 302.034790039, 100.739295959, 89.2821121216, -61.8912086487, 17.6294822693], [417.356323242, -603.168640137, -154.132629395, 117.861694336, -55.7141494751, 166.399795532, -36.0671005249, 98.3933181763, 100.739295959, 287.695251465, 91.9782791138, 62.8689918518, -36.7568016052], [-464.501708984, 532.488769531, 138.901168823, -61.7463722229, 117.400772095, -84.684677124, 48.3776130676, -45.2440261841, 89.2821121216, 91.9782791138, 238.290039062, 55.6078414917, 70.1498794556], [400.113189697, -369.068237305, -117.362831116, 52.8530197144, -51.4002761841, 104.173110962, -45.2601623535, -2.20048952103, -61.8912086487, 62.8689918518, 55.6078414917, 165.178009033, 52.3790626526], [-447.05456543, 370.425231934, 59.9543914795, -108.591064453, 23.5954380035, -29.9188098907, 82.1903305054, -8.27269458771, 17.6294822693, -36.7568016052, 70.1498794556, 52.3790626526, 166.791275024]], "icov": [[0.000106337683974, -0.000246196548687, 0.000194322725292, -0.000283391447738, 0.000315561483148, -0.000308267190121, 0.000262153684162, -0.000228097676882, 8.27186595416e-05, -7.26266662241e-05, 0.000183163225302, -0.000327779300278, 0.000338157289661], [-0.000246196548687, 0.00130123959389, -0.000669761793688, 0.000805155548733, -0.00082408747403, 0.000589974573813, -0.000715116097126, 0.00126053474378, -0.0013645614963, 0.00196402240545, -0.00208561192267, 0.00180558091961, -0.00126031297259], [0.000194322725292, -0.000669761793688, 0.000793854123913, -0.000726195634343, 0.000649384513963, -0.000652356946375, 0.00032755167922, -0.00066966045415, 0.000339119142154, -0.000155261877808, 0.000316612859024, -0.000667382206302, 0.000853015051689], [-0.000283391447738, 0.000805155548733, -0.000726195634343, 0.00184068537783, -0.00157776253764, 0.000959464523476, -0.000245848932536, 0.000108997308416, 0.000581799831707, -0.000416419206886, -0.000280285486951, 0.000977578107268, -0.000908826594241], [0.000315561483148, -0.00082408747403, 0.000649384513963, -0.00157776253764, 0.00285698613152, -0.00172104150988, 0.000294104276691, 5.88486691413e-05, -0.00127284449991, 0.00145616964437, -0.000753304339014, -0.000870503718033, 0.00160611933097], [-0.000308267190121, 0.000589974573813, -0.000652356946375, 0.000959464523476, -0.00172104150988, 0.00368893146515, -0.00164181552827, -0.00121206138283, 0.00268318341114, -0.00282570184208, 0.00139666604809, -7.63811112847e-05, -0.00109300285112], [0.000262153684162, -0.000715116097126, 0.00032755167922, -0.000245848932536, 0.000294104276691, -0.00164181552827, 0.00418487470597, -0.0013666175073, -0.000984443118796, 0.000707645667717, 0.000245733041083, -0.000325342436554, -0.000194222549908], [-0.000228097676882, 0.00126053474378, -0.00066966045415, 0.000108997308416, 5.88486691413e-05, -0.00121206138283, -0.0013666175073, 0.00703756790608, -0.005236197263, 0.00224634632468, -0.000440839445218, 0.00114463199861, -0.00142801436596], [8.27186595416e-05, -0.0013645614963, 0.000339119142154, 0.000581799831707, -0.00127284449991, 0.00268318341114, -0.000984443118796, -0.005236197263, 0.0125331282616, -0.00872821267694, 0.002329809824, 0.00173064752016, -0.000375677540433], [-7.26266662241e-05, 0.00196402240545, -0.000155261877808, -0.000416419206886, 0.00145616964437, -0.00282570184208, 0.000707645667717, 0.00224634632468, -0.00872821267694, 0.0153317069635, -0.00943212211132, 0.000342395040207, 0.00243876711465], [0.000183163225302, -0.00208561192267, 0.000316612859024, -0.000280285486951, -0.000753304339014, 0.00139666604809, 0.000245733041083, -0.000440839445218, 0.002329809824, -0.00943212211132, 0.0142234843224, -0.00570014445111, -0.00147627468687], [-0.000327779300278, 0.00180558091961, -0.000667382206302, 0.000977578107268, -0.000870503718033, -7.63811112847e-05, -0.000325342436554, 0.00114463199861, 0.00173064752016, 0.000342395040207, -0.00570014445111, 0.0140807172284, -0.00581763498485], [0.000338157289661, -0.00126031297259, 0.000853015051689, -0.000908826594241, 0.00160611933097, -0.00109300285112, -0.000194222549908, -0.00142801436596, -0.000375677540433, 0.00243876711465, -0.00147627468687, -0.00581763498485, 0.0114292092621]]}, "melbands": {"dmean": [0.000642311701085, 0.00107823149301, 0.000714568013791, 0.00110755558126, 0.000399247073801, 0.000176270361408, 0.000119815937069, 6.98700823705e-05, 8.46282418934e-05, 5.21760230185e-05, 3.09847127937e-05, 2.56679322774e-05, 1.55626785272e-05, 1.1555142919e-05, 1.4402377019e-05, 1.79088947334e-05, 1.27321372929e-05, 1.06968482214e-05, 7.48014190322e-06, 6.06892444921e-06, 5.36303787158e-06, 6.43768271402e-06, 5.07858749188e-06, 5.05498792336e-06, 5.3095864132e-06, 3.69694066649e-06, 2.60604110736e-06, 2.71655630968e-06, 2.84342740997e-06, 2.03911736207e-06, 1.65214373737e-06, 2.36204436987e-06, 3.5351436054e-06, 2.12156464841e-06, 1.98196471501e-06, 1.58524892413e-06, 1.15226134767e-06, 1.23053723655e-06, 6.37008099602e-07, 3.65720865148e-07], "dmean2": [0.000996093149297, 0.00173085858114, 0.0012131879339, 0.00190240028314, 0.000663723621983, 0.000260206259554, 0.000178825619514, 0.00010559331713, 0.000129776322865, 7.34012428438e-05, 4.46159683634e-05, 3.88190092053e-05, 2.47849748121e-05, 1.83960837603e-05, 2.3244332624e-05, 2.7222729841e-05, 1.95645152417e-05, 1.73150074261e-05, 1.21330986076e-05, 9.4748702395e-06, 8.67274502525e-06, 1.02354306364e-05, 7.83868108556e-06, 8.04550018074e-06, 8.67448125064e-06, 5.82767233936e-06, 4.04207048632e-06, 4.48641321782e-06, 4.597318366e-06, 3.28560690832e-06, 2.53717416854e-06, 3.88015723729e-06, 6.03021135248e-06, 3.58102192877e-06, 3.31162141265e-06, 2.63363199338e-06, 1.7688493017e-06, 1.91598405763e-06, 1.02470949059e-06, 5.74713169499e-07], "dvar": [4.22146558776e-06, 9.41373309615e-06, 3.59574346476e-06, 1.43123206726e-05, 1.90362766261e-06, 6.55369490232e-07, 1.22705117178e-07, 3.4648429903e-08, 1.1687825463e-07, 6.41080006858e-08, 1.21457475188e-08, 8.10910627536e-09, 1.28035770874e-09, 8.37523772557e-10, 1.07073205857e-09, 5.59136914546e-09, 2.71632361049e-09, 4.46076342531e-10, 2.66355576484e-10, 2.66837912877e-10, 1.20272500292e-10, 2.65015009937e-10, 1.17419088341e-10, 9.43937913944e-11, 1.21023358002e-10, 5.8855365026e-11, 3.85890347454e-11, 4.12485705314e-11, 3.48036113818e-11, 1.84391148184e-11, 1.26727699515e-11, 3.43181698337e-11, 6.10442876803e-11, 2.22068353289e-11, 2.38317959117e-11, 1.32219539137e-11, 5.32563403099e-12, 6.23169571501e-12, 1.87276062713e-12, 6.45219012767e-13], "dvar2": [9.30451005843e-06, 2.22673988901e-05, 9.43415489019e-06, 3.80180608772e-05, 4.99405314258e-06, 1.19500225537e-06, 2.54875232031e-07, 7.397934354e-08, 2.56150570976e-07, 9.49025675823e-08, 1.87330666535e-08, 1.36727793532e-08, 2.83907675147e-09, 1.87342585889e-09, 2.50819098824e-09, 6.8902097361e-09, 4.93453722328e-09, 1.0571585829e-09, 6.84055145861e-10, 6.73110178706e-10, 3.0438326859e-10, 5.96448779255e-10, 2.69367750327e-10, 2.22939930405e-10, 2.87594364989e-10, 1.35103067622e-10, 8.83765907678e-11, 1.04150570113e-10, 7.68992022837e-11, 3.9083857678e-11, 2.42743360135e-11, 7.95738128168e-11, 1.52172011103e-10, 5.38378334969e-11, 5.69179391119e-11, 3.07182716763e-11, 1.23260967405e-11, 1.43869022598e-11, 4.36522736361e-12, 1.41258814541e-12], "max": [0.0338837765157, 0.0447382628918, 0.0375961475074, 0.0468960441649, 0.025124354288, 0.0484829060733, 0.00840448215604, 0.00493294419721, 0.0110356323421, 0.0236385446042, 0.0104897879064, 0.00432335911319, 0.00084287696518, 0.00119849119801, 0.0012365427101, 0.00717552891001, 0.005622707773, 0.000625831075013, 0.000415837072069, 0.000818042142782, 0.000283928238787, 0.000592487456743, 0.000270436954452, 0.000169829814695, 0.000126930535771, 8.11713180155e-05, 0.000125762482639, 6.63112077746e-05, 5.80896739848e-05, 4.68626494694e-05, 3.65017804143e-05, 5.96220379521e-05, 7.35661378712e-05, 4.61558556708e-05, 5.03975825268e-05, 3.72542890545e-05, 2.78725146927e-05, 3.26961308019e-05, 1.41427090057e-05, 8.07943524705e-06], "mean": [0.00169409567025, 0.00268782395869, 0.00100250728428, 0.00100444327109, 0.00046130939154, 0.000373301620129, 0.000385038933018, 0.000208356970688, 0.000286181631964, 0.000177809080924, 9.58870004979e-05, 6.42332815914e-05, 3.18428683386e-05, 1.56168753165e-05, 1.88347748917e-05, 2.30171262956e-05, 1.61468997248e-05, 1.06143670564e-05, 8.19900742499e-06, 5.58043620913e-06, 4.96422217111e-06, 6.32668934486e-06, 4.96444909004e-06, 4.57067517345e-06, 4.8174542826e-06, 3.49681045009e-06, 2.47095067607e-06, 2.31423382502e-06, 2.6503985282e-06, 1.84644932233e-06, 1.58793807259e-06, 1.99613646146e-06, 2.95833365271e-06, 1.88237572729e-06, 1.75109516931e-06, 1.39936435062e-06, 1.11768235911e-06, 1.10955454602e-06, 5.65779771478e-07, 3.74262810965e-07], "median": [1.3663642676e-05, 0.000189129350474, 0.00019863457419, 0.000132469373057, 0.000120337354019, 0.000102221834823, 6.90419328748e-05, 2.68181156571e-05, 5.35944636795e-05, 3.28859532601e-05, 5.16936506756e-06, 7.17984448784e-06, 4.09097538068e-06, 1.67417942976e-06, 2.59753369392e-06, 1.60111392233e-06, 1.16834939945e-06, 1.00149941318e-06, 6.08173138517e-07, 3.4062099985e-07, 3.58254254706e-07, 5.04796275891e-07, 4.3161890062e-07, 2.50786172273e-07, 2.08806966384e-07, 1.26896679831e-07, 1.09746117971e-07, 7.51587165837e-08, 6.28565572924e-08, 5.99987117766e-08, 4.8272418951e-08, 3.50771465207e-08, 3.33590648438e-08, 2.1595077726e-08, 2.09383976824e-08, 2.09842170307e-08, 1.9977193233e-08, 1.18252403425e-08, 6.58195720149e-09, 3.78850550931e-09], "min": [1.84866969619e-24, 4.71072391629e-24, 5.63387576885e-24, 1.3812418025e-23, 2.14658124211e-23, 1.14786795331e-23, 1.33213726219e-23, 7.70696199587e-24, 5.57477391541e-24, 2.45706742807e-23, 2.11792776299e-23, 2.8890588616e-23, 1.65277419474e-23, 1.49247371449e-23, 2.74200418426e-24, 4.32295184415e-24, 3.44637670602e-24, 1.02222158043e-23, 1.00309020464e-23, 1.16229503598e-23, 1.99495365643e-23, 1.70335280054e-23, 1.42064224927e-23, 1.13708256813e-23, 7.9763903383e-24, 8.30383940031e-24, 1.24886068741e-23, 9.35436625665e-24, 8.46296447781e-24, 7.61731505374e-24, 8.3846148127e-24, 6.9742821866e-24, 6.95210967313e-24, 8.67311150093e-24, 1.12965899258e-23, 1.04823332215e-23, 1.31090412429e-23, 1.07088869737e-23, 1.5148115732e-23, 1.08717551962e-23], "var": [1.39552612382e-05, 2.39382679865e-05, 4.81018741993e-06, 1.06001507447e-05, 1.92395668819e-06, 1.86887177733e-06, 8.21305036425e-07, 2.08689968417e-07, 3.88137834761e-07, 4.56728741938e-07, 1.06013693824e-07, 2.84697829755e-08, 4.30326618783e-09, 2.10338391149e-09, 2.0844286297e-09, 2.57437751117e-08, 1.56841668542e-08, 6.5902655555e-10, 3.60560192814e-10, 2.64084837331e-10, 1.31926747304e-10, 4.25232599133e-10, 1.41193182146e-10, 1.01998035018e-10, 1.27878596601e-10, 6.84520773397e-11, 4.22635329511e-11, 3.57443449839e-11, 3.8606427083e-11, 2.02722075238e-11, 1.606007341e-11, 3.30212975019e-11, 5.56545677599e-11, 2.07896148213e-11, 2.23490618373e-11, 1.29667093035e-11, 6.0069666255e-12, 6.45765168769e-12, 1.87589332089e-12, 8.34475121381e-13]}, "mfcc": {"mean": [-783.903381348, 144.087081909, 25.9890003204, 11.5354757309, -5.5404253006, -6.66870641708, -8.54011535645, -0.531709849834, -5.17959117889, 0.365876436234, -0.840758442879, -0.56969410181, -6.62926769257], "cov": [[19876.203125, -3292.05444336, -2179.79370117, 337.68145752, -68.9495620728, 517.356079102, -176.482131958, 58.7686805725, -391.847351074, 23.7668247223, -148.623626709, -73.9160842896, -204.96762085], [-3292.05444336, 5119.72558594, 1534.68933105, 96.650642395, 242.70791626, -289.863250732, 134.503570557, 30.7573413849, 99.0663986206, -74.4140777588, 0.0229575075209, 160.106933594, 100.278213501], [-2179.79370117, 1534.68933105, 2726.5402832, 550.236206055, 381.747253418, 84.6598892212, 273.380767822, 204.619232178, 189.67791748, 69.6423187256, -2.32286214828, 95.318572998, 41.8509140015], [337.68145752, 96.650642395, 550.236206055, 1113.55041504, 569.030944824, 219.467834473, 146.702774048, 84.4498596191, 39.4289779663, 11.379149437, 27.6466407776, 59.8687934875, 34.8327217102], [-68.9495620728, 242.70791626, 381.747253418, 569.030944824, 764.118713379, 330.524841309, 234.68649292, 159.776565552, 95.366897583, 60.5233573914, 57.2237243652, 123.556617737, 25.0394973755], [517.356079102, -289.863250732, 84.6598892212, 219.467834473, 330.524841309, 477.98916626, 307.731658936, 179.533279419, 114.749359131, 97.9494094849, 59.6316452026, 63.6746101379, 61.7180747986], [-176.482131958, 134.503570557, 273.380767822, 146.702774048, 234.68649292, 307.731658936, 394.37612915, 258.790344238, 176.406097412, 117.418861389, 31.8524265289, 51.2410507202, 32.3717460632], [58.7686805725, 30.7573413849, 204.619232178, 84.4498596191, 159.776565552, 179.533279419, 258.790344238, 332.909973145, 238.363418579, 136.814346313, 55.5615158081, -0.566637396812, -18.1826534271], [-391.847351074, 99.0663986206, 189.67791748, 39.4289779663, 95.366897583, 114.749359131, 176.406097412, 238.363418579, 282.296020508, 212.368850708, 100.333007812, 28.878868103, -12.2713432312], [23.7668247223, -74.4140777588, 69.6423187256, 11.379149437, 60.5233573914, 97.9494094849, 117.418861389, 136.814346313, 212.368850708, 263.347106934, 161.595581055, 82.6510467529, 4.95070362091], [-148.623626709, 0.0229575075209, -2.32286214828, 27.6466407776, 57.2237243652, 59.6316452026, 31.8524265289, 55.5615158081, 100.333007812, 161.595581055, 208.597793579, 133.653030396, 66.6683425903], [-73.9160842896, 160.106933594, 95.318572998, 59.8687934875, 123.556617737, 63.6746101379, 51.2410507202, -0.566637396812, 28.878868103, 82.6510467529, 133.653030396, 228.899475098, 130.977142334], [-204.96762085, 100.278213501, 41.8509140015, 34.8327217102, 25.0394973755, 61.7180747986, 32.3717460632, -18.1826534271, -12.2713432312, 4.95070362091, 66.6683425903, 130.977142334, 188.286972046]], "icov": [[9.74673239398e-05, -1.29253048726e-05, 6.600060442e-05, -0.000113913803943, 0.000165175966686, -0.000341262784787, 0.000500784313772, -0.000750590290409, 0.000934027018957, -0.000771888182499, 0.000568662420847, -0.000326890993165, 0.000157914837473], [-1.29253048726e-05, 0.000319986080285, -0.000144725549035, 0.000130887841806, -0.000267302966677, 0.000634169497062, -0.000667676853482, 0.000664375780616, -0.000859604391735, 0.000865412992425, -0.0004632655764, 5.30446704943e-05, -0.000121554832731], [6.600060442e-05, -0.000144725549035, 0.000576692924369, -0.000320319086313, 0.000128731204313, -0.000124222759041, 0.000175017397851, -0.000581351749133, 0.000440143601736, -0.000616918783635, 0.00073188211536, -0.000426673272159, 9.99377152766e-05], [-0.000113913803943, 0.000130887841806, -0.000320319086313, 0.00176248326898, -0.00155122589786, 0.000682341982611, -0.000798782741185, 0.00128274457529, -0.00117659871466, 0.00115027651191, -0.00117591919843, 0.00121832464356, -0.00074279558612], [0.000165175966686, -0.000267302966677, 0.000128731204313, -0.00155122589786, 0.00390390097164, -0.00286983023398, 0.00172437157016, -0.00240601296537, 0.00169955682941, -0.000761115632486, 0.00160749268252, -0.00333350384608, 0.00235371664166], [-0.000341262784787, 0.000634169497062, -0.000124222759041, 0.000682341982611, -0.00286983023398, 0.00824681576341, -0.00733075803146, 0.00431747548282, -0.00354037736543, 0.00307233864442, -0.00393598293886, 0.00344450795092, -0.00276608532295], [0.000500784313772, -0.000667676853482, 0.000175017397851, -0.000798782741185, 0.00172437157016, -0.00733075803146, 0.014195792377, -0.0115009564906, 0.00810193736106, -0.00859137810767, 0.00844712834805, -0.00447650346905, 0.000508894212544], [-0.000750590290409, 0.000664375780616, -0.000581351749133, 0.00128274457529, -0.00240601296537, 0.00431747548282, -0.0115009564906, 0.0216301288456, -0.0211278293282, 0.014494985342, -0.00951353181154, 0.00502085126936, -0.000190320395632], [0.000934027018957, -0.000859604391735, 0.000440143601736, -0.00117659871466, 0.00169955682941, -0.00354037736543, 0.00810193736106, -0.0211278293282, 0.0344861485064, -0.0257115159184, 0.0102254506201, -0.00148263492156, -0.00056996580679], [-0.000771888182499, 0.000865412992425, -0.000616918783635, 0.00115027651191, -0.000761115632486, 0.00307233864442, -0.00859137810767, 0.014494985342, -0.0257115159184, 0.0300860684365, -0.0163178686053, 0.000482605973957, 0.00356946815737], [0.000568662420847, -0.0004632655764, 0.00073188211536, -0.00117591919843, 0.00160749268252, -0.00393598293886, 0.00844712834805, -0.00951353181154, 0.0102254506201, -0.0163178686053, 0.0204077549279, -0.00792240258306, -0.000993421301246], [-0.000326890993165, 5.30446704943e-05, -0.000426673272159, 0.00121832464356, -0.00333350384608, 0.00344450795092, -0.00447650346905, 0.00502085126936, -0.00148263492156, 0.000482605973957, -0.00792240258306, 0.0149610117078, -0.00765733793378], [0.000157914837473, -0.000121554832731, 9.99377152766e-05, -0.00074279558612, 0.00235371664166, -0.00276608532295, 0.000508894212544, -0.000190320395632, -0.00056996580679, 0.00356946815737, -0.000993421301246, -0.00765733793378, 0.0116980765015]]}, "spectral_contrast_coeffs": {"dmean": [0.0535091683269, 0.051484387368, 0.0478729717433, 0.030095519498, 0.0220737345517, 0.0245506186038], "dmean2": [0.0822662338614, 0.0801197513938, 0.0730451270938, 0.0469832196832, 0.0347922854125, 0.0360713936388], "dvar": [0.00326353055425, 0.00330511457287, 0.00306605920196, 0.00113589398097, 0.000557694060262, 0.000597974925768], "dvar2": [0.00676093576476, 0.00746220117435, 0.00588120799512, 0.00229595182464, 0.00120349810459, 0.00127379514743], "max": [-0.165261238813, -0.271329760551, -0.287694066763, -0.381182491779, -0.462120592594, -0.634886920452], "mean": [-0.571817219257, -0.646892249584, -0.732594847679, -0.817622423172, -0.836133241653, -0.801460325718], "median": [-0.574195623398, -0.641728043556, -0.767165064812, -0.837325334549, -0.843069434166, -0.798445999622], "min": [-0.964029610157, -0.969590425491, -0.981259644032, -0.974185407162, -0.958749294281, -0.965809583664], "var": [0.0190217588097, 0.0153545467183, 0.0179566182196, 0.00663472665474, 0.00298563949764, 0.00294160936028]}, "spectral_contrast_valleys": {"dmean": [0.629157841206, 0.579966425896, 0.76404863596, 0.785747051239, 0.808337986469, 0.92493647337], "dmean2": [0.919964969158, 0.856925189495, 1.08035469055, 1.01559400558, 0.961436212063, 1.13697266579], "dvar": [0.526343524456, 0.521701157093, 0.762122035027, 0.852357327938, 0.924632430077, 1.13285064697], "dvar2": [0.901827037334, 1.02812421322, 1.40495562553, 1.58795332909, 1.69930303097, 2.13471317291], "max": [-4.87449264526, -4.51748371124, -5.48100996017, -5.891588687