{"lowlevel": {"average_loudness": 0.589629769325, "barkbands_crest": {"dmean": 2.64811325073, "dmean2": 4.16574668884, "dvar": 5.24765491486, "dvar2": 12.7192277908, "max": 25.8692951202, "mean": 12.0980682373, "median": 11.3014612198, "min": 3.39241075516, "var": 17.5144557953}, "barkbands_flatness_db": {"dmean": 0.022396190092, "dmean2": 0.0334406457841, "dvar": 0.000402450561523, "dvar2": 0.000902622996364, "max": 0.452100157738, "mean": 0.212151795626, "median": 0.210785448551, "min": 0.0510937236249, "var": 0.00223605358042}, "barkbands_kurtosis": {"dmean": 3.22214365005, "dmean2": 5.05218744278, "dvar": 26.2578811646, "dvar2": 63.1417961121, "max": 120.331924438, "mean": 6.63006591797, "median": 3.237221241, "min": -1.86693024635, "var": 106.437103271}, "barkbands_skewness": {"dmean": 0.522585809231, "dmean2": 0.789207220078, "dvar": 0.255037128925, "dvar2": 0.579363763332, "max": 8.67722511292, "mean": 1.11847090721, "median": 1.00925350189, "min": -9.29150295258, "var": 2.51795530319}, "barkbands_spread": {"dmean": 2.19358706474, "dmean2": 3.40717506409, "dvar": 7.58668994904, "dvar2": 18.9889011383, "max": 112.536682129, "mean": 8.61342525482, "median": 7.65078878403, "min": 0.523444652557, "var": 33.9113922119}, "dissonance": {"dmean": 0.0354077368975, "dmean2": 0.059278935194, "dvar": 0.00103630579542, "dvar2": 0.00286118779331, "max": 0.499999910593, "mean": 0.417199522257, "median": 0.424330890179, "min": 0.191101759672, "var": 0.00239441846497}, "dynamic_complexity": 4.80533647537, "erbbands_crest": {"dmean": 3.21142721176, "dmean2": 4.97466421127, "dvar": 8.07639980316, "dvar2": 18.4451713562, "max": 34.2208595276, "mean": 15.9481687546, "median": 14.9520835876, "min": 2.54837965965, "var": 45.6208534241}, "erbbands_flatness_db": {"dmean": 0.0236006639898, "dmean2": 0.0342769697309, "dvar": 0.00046680207015, "dvar2": 0.000984622631222, "max": 0.414201796055, "mean": 0.247696876526, "median": 0.25246873498, "min": 0.0305103622377, "var": 0.00294113927521}, "erbbands_kurtosis": {"dmean": 2.85042309761, "dmean2": 4.31816768646, "dvar": 18.8834018707, "dvar2": 42.9252815247, "max": 118.599708557, "mean": 5.05012083054, "median": 3.41629981995, "min": -1.71986186504, "var": 39.8068161011}, "erbbands_skewness": {"dmean": 0.46580272913, "dmean2": 0.710394024849, "dvar": 0.179510831833, "dvar2": 0.415532499552, "max": 5.90803861618, "mean": 0.915636241436, "median": 0.870058298111, "min": -3.59855318069, "var": 1.19691872597}, "erbbands_spread": {"dmean": 4.44532966614, "dmean2": 6.79029846191, "dvar": 27.3243160248, "dvar2": 64.8494110107, "max": 101.823036194, "mean": 16.0278568268, "median": 13.003786087, "min": 0.722989141941, "var": 123.852340698}, "hfc": {"dmean": 3.93586683273, "dmean2": 5.73737764359, "dvar": 34.2021751404, "dvar2": 74.9120254517, "max": 91.5438613892, "mean": 14.1527013779, "median": 9.02583026886, "min": 1.12473230196e-16, "var": 202.806243896}, "melbands_crest": {"dmean": 3.21419763565, "dmean2": 5.11442089081, "dvar": 7.65469741821, "dvar2": 18.4933872223, "max": 33.8018951416, "mean": 14.4181756973, "median": 13.5629606247, "min": 1.91358327866, "var": 23.2463092804}, "melbands_flatness_db": {"dmean": 0.0226062647998, "dmean2": 0.0338081456721, "dvar": 0.000424441532232, "dvar2": 0.000937062723096, "max": 0.544173538685, "mean": 0.279045492411, "median": 0.278848439455, "min": 0.00796387530863, "var": 0.0031730835326}, "melbands_kurtosis": {"dmean": 3.91629004478, "dmean2": 6.15887880325, "dvar": 45.646282196, "dvar2": 110.33946991, "max": 181.647781372, "mean": 7.45326757431, "median": 3.39377784729, "min": -1.7455034256, "var": 123.390907288}, "melbands_skewness": {"dmean": 0.566716015339, "dmean2": 0.856597661972, "dvar": 0.290987551212, "dvar2": 0.671654284, "max": 11.4180765152, "mean": 1.29668223858, "median": 1.19505369663, "min": -3.27477025986, "var": 1.96171438694}, "melbands_spread": {"dmean": 2.75390648842, "dmean2": 4.31624031067, "dvar": 12.2013559341, "dvar2": 30.5904197693, "max": 174.235107422, "mean": 13.7901639938, "median": 12.1467628479, "min": 0.904540896416, "var": 145.709106445}, "pitch_salience": {"dmean": 0.0640033185482, "dmean2": 0.100952476263, "dvar": 0.00305113662034, "dvar2": 0.00760671962053, "max": 0.86499196291, "mean": 0.519965231419, "median": 0.513924241066, "min": 0.120103366673, "var": 0.0155776422471}, "silence_rate_20dB": {"dmean": 0, "dmean2": 0, "dvar": 0, "dvar2": 0, "max": 1, "mean": 1, "median": 1, "min": 1, "var": 0}, "silence_rate_30dB": {"dmean": 0.00216489261948, "dmean2": 0.00433017592877, "dvar": 0.00215986720286, "dvar2": 0.00593496160582, "max": 1, "mean": 0.998556852341, "median": 1, "min": 0, "var": 0.00144095811993}, "silence_rate_60dB": {"dmean": 0.026159118861, "dmean2": 0.0523229576647, "dvar": 0.0254710670561, "dvar2": 0.0587927959859, "max": 1, "mean": 0.101740777493, "median": 0, "min": 0, "var": 0.0913966372609}, "spectral_centroid": {"dmean": 92.9229049683, "dmean2": 141.338638306, "dvar": 18489.6210938, "dvar2": 36250.8242188, "max": 11015.9873047, "mean": 751.152954102, "median": 719.844299316, "min": 253.569534302, "var": 152236.453125}, "spectral_complexity": {"dmean": 1.52119791508, "dmean2": 2.50879573822, "dvar": 2.1429464817, "dvar2": 5.39418268204, "max": 29, "mean": 11.0479841232, "median": 11, "min": 0, "var": 27.028673172}, "spectral_decrease": {"dmean": 1.50138013133e-09, "dmean2": 2.22822560403e-09, "dvar": 4.05727334169e-18, "dvar2": 9.05211289431e-18, "max": 5.59473149656e-16, "mean": -5.64682034465e-09, "median": -3.90213861223e-09, "min": -4.23330490662e-08, "var": 2.58056528315e-17}, "spectral_energy": {"dmean": 0.00599027378485, "dmean2": 0.00888030976057, "dvar": 6.4608779212e-05, "dvar2": 0.000144024656038, "max": 0.164479389787, "mean": 0.0225960295647, "median": 0.0155257005244, "min": 1.03814196101e-20, "var": 0.000413497997215}, "spectral_energyband_high": {"dmean": 3.69356857846e-05, "dmean2": 5.72272401769e-05, "dvar": 7.85688047955e-09, "dvar2": 2.07303880728e-08, "max": 0.00262665562332, "mean": 6.73118993291e-05, "median": 2.76604205283e-05, "min": 7.56975435208e-21, "var": 1.2716967035e-08}, "spectral_energyband_low": {"dmean": 0.00130072992761, "dmean2": 0.00203801202588, "dvar": 6.29338228464e-06, "dvar2": 1.49615507326e-05, "max": 0.0737690776587, "mean": 0.00253685261123, "median": 0.0012409822084, "min": 5.90151450144e-23, "var": 1.44394762174e-05}, "spectral_energyband_middle_high": {"dmean": 0.00318026309833, "dmean2": 0.00461007095873, "dvar": 3.63155195373e-05, "dvar2": 7.8889366705e-05, "max": 0.0872887447476, "mean": 0.00801219884306, "median": 0.00275543262251, "min": 1.52374686183e-21, "var": 0.000136241869768}, "spectral_energyband_middle_low": {"dmean": 0.00390163180418, "dmean2": 0.00576817337424, "dvar": 3.41694067174e-05, "dvar2": 7.4718016549e-05, "max": 0.162270709872, "mean": 0.0138352103531, "median": 0.00865934975445, "min": 3.89979257621e-22, "var": 0.000206189448363}, "spectral_entropy": {"dmean": 0.194753721356, "dmean2": 0.292319744825, "dvar": 0.0343803651631, "dvar2": 0.0767705067992, "max": 9.78909683228, "mean": 6.65793275833, "median": 6.63647890091, "min": 4.92563724518, "var": 0.216953501105}, "spectral_flux": {"dmean": 0.0160705186427, "dmean2": 0.0264622308314, "dvar": 0.000280924170511, "dvar2": 0.000746158824768, "max": 0.271529138088, "mean": 0.0561282038689, "median": 0.0506178848445, "min": 1.01889253978e-10, "var": 0.00106983620208}, "spectral_kurtosis": {"dmean": 4.30852556229, "dmean2": 7.31658983231, "dvar": 18.6837310791, "dvar2": 53.0337524414, "max": 175.193267822, "mean": 12.212433815, "median": 10.6306066513, "min": -1.19426810741, "var": 96.5747756958}, "spectral_rms": {"dmean": 0.000576332211494, "dmean2": 0.000845901144203, "dvar": 3.48694015884e-07, "dvar2": 7.63882212595e-07, "max": 0.012667584233, "mean": 0.00418344000354, "median": 0.0038919178769, "min": 3.18248552511e-12, "var": 4.54370501757e-06}, "spectral_rolloff": {"dmean": 119.379104614, "dmean2": 212.289260864, "dvar": 172349.046875, "dvar2": 443502.375, "max": 19810.546875, "mean": 980.004516602, "median": 839.794921875, "min": 21.533203125, "var": 3236639}, "spectral_skewness": {"dmean": 0.371488958597, "dmean2": 0.617522358894, "dvar": 0.101745277643, "dvar2": 0.275991588831, "max": 10.8336515427, "mean": 2.56152701378, "median": 2.50602459908, "min": -0.0163654964417, "var": 0.615658819675}, "spectral_spread": {"dmean": 456317.21875, "dmean2": 695053.5, "dvar": 340826652672, "dvar2": 694823878656, "max": 40394432, "mean": 3069253.5, "median": 2775910.25, "min": 571519.125, "var": 2203214151680.0}, "spectral_strongpeak": {"dmean": 0.688733816147, "dmean2": 1.08653354645, "dvar": 0.90214574337, "dvar2": 2.02078223228, "max": 11.3592233658, "mean": 1.99613165855, "median": 1.17255294323, "min": 0, "var": 3.59720563889}, "zerocrossingrate": {"dmean": 0.00399936083704, "dmean2": 0.00508402753621, "dvar": 4.64056392957e-05, "dvar2": 4.97944820381e-05, "max": 0.7861328125, "mean": 0.0408717431128, "median": 0.03515625, "min": 0.00537109375, "var": 0.0040137800388}, "barkbands": {"dmean": [1.79805847438e-05, 0.000390703527955, 0.00071882084012, 0.00096339918673, 0.00176918634679, 0.000970350170974, 0.00088974297978, 0.000278335442999, 0.000554742931854, 0.00241216109134, 0.00105471245479, 0.000290152209345, 0.000317840545904, 0.000106654755655, 0.000114002810733, 6.40429061605e-05, 7.81053313403e-05, 3.07998961944e-05, 3.46235901816e-05, 1.86486977327e-05, 1.36861826832e-05, 5.94017183175e-06, 5.88144030189e-06, 3.44904879057e-06, 4.0553263716e-06, 1.76376352101e-06, 4.26714052537e-07], "dmean2": [3.1535870221e-05, 0.000623930885922, 0.00115554884542, 0.00152736739255, 0.0027437005192, 0.00143141008448, 0.00128822855186, 0.000408702617278, 0.00071842194302, 0.00355352042243, 0.00155488122255, 0.000387932086596, 0.000465034565423, 0.000159712391905, 0.00017941716942, 0.000103529120679, 0.000126113925944, 5.11897123943e-05, 5.46956798644e-05, 2.98605082207e-05, 2.15293748624e-05, 9.46058025875e-06, 9.43064333114e-06, 5.56593795409e-06, 6.67391805109e-06, 2.93619018521e-06, 7.14006773705e-07], "dvar": [2.12160022883e-09, 6.48351033306e-07, 2.74810349765e-06, 3.2337866287e-06, 1.47347036545e-05, 5.42467478226e-06, 4.03217563871e-06, 2.96938338806e-07, 4.11765495301e-06, 2.84350389848e-05, 7.40203358873e-06, 8.34948082229e-07, 1.50649134412e-06, 8.96734135836e-08, 8.16957950178e-08, 3.51389992659e-08, 6.07860215496e-08, 4.20808454749e-09, 5.38222355573e-09, 1.64529556645e-09, 1.57271784484e-09, 3.07501940577e-10, 5.12268061303e-10, 1.49552120687e-10, 1.78219383695e-10, 5.43858152957e-11, 1.51270350413e-11], "dvar2": [6.18054629697e-09, 1.48526646626e-06, 6.96271581546e-06, 8.39211043058e-06, 3.35712938977e-05, 1.27651173898e-05, 8.00442376203e-06, 6.46102648716e-07, 5.41497456652e-06, 6.35592659819e-05, 1.61309289979e-05, 1.45816090935e-06, 3.0600710943e-06, 1.7407413111e-07, 1.86704085081e-07, 9.3295469128e-08, 1.61756901207e-07, 1.12764766413e-08, 1.29016992645e-08, 4.42199388218e-09, 3.93109544916e-09, 8.03745014988e-10, 1.48036494174e-09, 3.92209931199e-10, 4.74258687877e-10, 1.42338960063e-10, 3.937643267e-11], "max": [0.000859845487867, 0.0241478458047, 0.0471131317317, 0.040644288063, 0.0976799502969, 0.116028614342, 0.0682955086231, 0.0139572285116, 0.0479930490255, 0.0714595541358, 0.0667304396629, 0.0255701579154, 0.0389773920178, 0.00544134899974, 0.0057751792483, 0.00803594477475, 0.00791350193322, 0.00167727272492, 0.00103561056312, 0.00139768503141, 0.00113341910765, 0.000512679689564, 0.000912421557587, 0.000447811762569, 0.000444049772341, 0.000170033206814, 0.000204668525839], "mean": [2.19780104089e-05, 0.000582264910918, 0.0010803489713, 0.0018007903127, 0.00379399838857, 0.00218036514707, 0.00183397356886, 0.000561508175451, 0.00175724213477, 0.00502286572009, 0.0018855589442, 0.000556153128855, 0.000687579042278, 0.000190782448044, 0.000190254664631, 0.000116565643111, 0.000135610534926, 5.53371828573e-05, 5.70028496441e-05, 3.3146214264e-05, 2.38629399973e-05, 9.8189802884e-06, 7.87238968769e-06, 4.5083038458e-06, 4.39887526227e-06, 1.88713988791e-06, 4.20982217975e-07], "median": [3.10985819851e-06, 0.000179852242582, 0.000350288377376, 0.000820650602691, 0.00164374662563, 0.000935989082791, 0.000555831706151, 0.000175186403794, 0.000203462361242, 0.00067947251955, 0.000239979039179, 4.99081543239e-05, 5.10231111548e-05, 3.04522527586e-05, 5.22074697074e-05, 2.38265402004e-05, 2.34752515098e-05, 1.93597406906e-05, 1.56975875143e-05, 9.9755852716e-06, 5.83380960961e-06, 3.74547357751e-06, 3.16928367283e-06, 1.75624029453e-06, 1.15329044093e-06, 3.36580029625e-07, 2.89027930478e-08], "min": [3.02377169175e-24, 3.86330365727e-23, 1.51106290618e-23, 8.7690188432e-24, 3.17528031721e-23, 7.7365999734e-23, 5.67417930359e-23, 1.05339297734e-22, 1.03346243812e-22, 2.22683758402e-23, 2.66230678974e-23, 7.1205620842e-23, 7.35947586687e-23, 1.25457560602e-22, 2.10603849319e-22, 2.90825676991e-22, 1.07780689707e-22, 2.96010045617e-22, 2.36776360888e-22, 2.22231936741e-22, 3.93200990802e-22, 4.90403749967e-22, 8.14933755259e-22, 8.85444743053e-22, 1.02101885785e-21, 1.74115399906e-21, 2.31732043472e-21], "var": [3.69049435456e-09, 1.45757496739e-06, 4.13022371504e-06, 8.67909420776e-06, 3.69536428479e-05, 1.89143920579e-05, 1.52538714246e-05, 1.01282807918e-06, 3.4137898183e-05, 8.62670494826e-05, 2.00465437956e-05, 3.1534232221e-06, 5.73558418182e-06, 2.24779498126e-07, 1.70628510432e-07, 7.70204238165e-08, 1.22936043567e-07, 8.00610422402e-09, 1.07299378271e-08, 3.46351192171e-09, 2.54003795774e-09, 4.46966436085e-10, 4.57181459357e-10, 1.59358443108e-10, 1.88690438274e-10, 6.33883917578e-11, 1.49829003371e-11]}, "erbbands": {"dmean": [0.00615659123287, 0.111692264676, 0.662196457386, 2.09060263634, 4.31366300583, 6.9305357933, 7.02800130844, 8.53288841248, 12.7957077026, 9.09391117096, 4.3160276413, 15.0125274658, 42.3966560364, 83.1705703735, 31.623046875, 14.2217350006, 15.3679656982, 7.04773759842, 5.95734834671, 3.74511027336, 3.6696805954, 2.91969943047, 1.55416107178, 1.89438152313, 1.53297233582, 0.774649083614, 0.56836605072, 0.462728351355, 0.227644130588, 0.214721038938, 0.152556702495, 0.0726391002536, 0.0610747970641, 0.0536202713847, 0.0214724838734, 0.00928526278585, 0.0033240285702, 0.000626572000328, 7.30953543098e-05, 8.82380572875e-06], "dmean2": [0.00989309046417, 0.17813847959, 1.0448975563, 3.34471130371, 6.77905893326, 10.6424846649, 10.9081544876, 12.1404094696, 18.2849082947, 13.4827442169, 5.93136930466, 19.7181777954, 61.037197113, 122.147499084, 47.239982605, 19.1874427795, 22.5217437744, 10.3042755127, 9.21978378296, 5.93815469742, 5.95401239395, 4.72807645798, 2.56917262077, 3.14938616753, 2.38471126556, 1.23241782188, 0.905702412128, 0.725941002369, 0.353122144938, 0.344000101089, 0.245784521103, 0.117159835994, 0.0974891260266, 0.0889985859394, 0.035220105201, 0.0155994091183, 0.00553137576208, 0.00104203668889, 0.000122217737953, 1.33259100039e-05], "dvar": [0.000220190166146, 0.0526033304632, 2.15019392967, 16.2860412598, 65.0007858276, 298.530456543, 366.927856445, 368.712097168, 776.207763672, 384.825714111, 101.960639954, 3195.81030273, 10269.7148438, 43517.1875, 9508.73925781, 1697.28308105, 3062.56176758, 338.850158691, 207.226730347, 80.3290710449, 70.9411621094, 127.733413696, 13.0074520111, 24.6480998993, 13.1989107132, 2.66950583458, 1.62634968758, 2.76098656654, 0.441585987806, 0.552330076694, 0.318410485983, 0.0611801669002, 0.0493422262371, 0.030234914273, 0.00710475025699, 0.00122608966194, 0.00025915025617, 1.65304882103e-05, 5.0846006161e-07, 1.12524478624e-09], "dvar2": [0.000575666839723, 0.122239142656, 5.30017375946, 40.9027671814, 161.705093384, 619.106750488, 941.471923828, 779.170959473, 1521.5736084, 745.100646973, 149.711334229, 4296.82910156, 22065.6972656, 93587.828125, 19756.8085938, 2844.27856445, 6335.74072266, 662.903686523, 441.614196777, 198.560150146, 188.004974365, 353.43258667, 35.7803688049, 68.0965499878, 28.86652565, 6.95739507675, 4.16571378708, 6.8767991066, 1.08789980412, 1.590523839, 0.921550869942, 0.164717614651, 0.126280710101, 0.0817785263062, 0.0185634698719, 0.00335227604955, 0.000669406843372, 4.14531532442e-05, 1.35310961014e-06, 2.32327801442e-09], "max": [0.41048052907, 6.49531316757, 33.3364448547, 113.14125824, 166.072692871, 546.915344238, 1121.5357666, 645.965881348, 1057.98242188, 913.39642334, 479.769927979, 1345.12243652, 2740.42260742, 3069.10522461, 2636.38330078, 1115.9753418, 1686.0760498, 467.211364746, 338.394470215, 223.441116333, 277.136108398, 546.558837891, 115.092262268, 89.9010772705, 63.6633720398, 28.0452270508, 29.500202179, 62.1938400269, 19.7530021667, 27.1549072266, 21.4597091675, 9.60605716705, 7.62076807022, 4.74174928665, 5.01830005646, 0.970413029194, 0.395841389894, 0.227530509233, 0.0441850684583, 0.00296239601448], "mean": [0.010172852315, 0.168648719788, 1.06828725338, 3.95148515701, 8.8894367218, 14.256064415, 14.0426368713, 19.4141769409, 26.7604846954, 20.3219585419, 12.0846681595, 49.1127166748, 112.467102051, 147.972122192, 59.9133033752, 28.9254341125, 33.8939743042, 14.8444290161, 10.4962396622, 7.31357336044, 7.34815406799, 5.30087709427, 3.08604216576, 3.40424323082, 2.73255252838, 1.4740935564, 1.05191969872, 0.768133580685, 0.377452373505, 0.314541369677, 0.214242696762, 0.100874722004, 0.0778760313988, 0.0565363131464, 0.0244772359729, 0.0100314896554, 0.00339735904709, 0.000613453972619, 8.33256999613e-05, 2.89554500341e-05], "median": [0.00262336921878, 0.0575995184481, 0.361642807722, 1.95894777775, 4.24572849274, 5.09532833099, 5.9708738327, 7.82152605057, 8.41775417328, 7.93453741074, 4.11501693726, 6.93682146072, 14.0884895325, 22.2889976501, 11.2736787796, 3.69794225693, 3.60142207146, 2.65290188789, 3.49661445618, 2.48236465454, 1.87519276142, 1.34815573692, 1.29640340805, 0.783835470676, 0.900249660015, 0.515412390232, 0.352796792984, 0.180076375604, 0.127969697118, 0.125199943781, 0.0900246724486, 0.0422194302082, 0.0278619062155, 0.0156263969839, 0.00623996509239, 0.00216484977864, 0.00048827091814, 5.85479174333e-05, 1.72969848791e-05, 2.02266037377e-05], "min": [1.42078710938e-21, 7.32419803243e-21, 1.76520003446e-20, 2.45878322326e-20, 5.63502704382e-20, 1.44532079359e-19, 1.40373493453e-19, 8.76372629991e-19, 7.52530457402e-19, 1.31741943894e-18, 2.65144949177e-18, 2.76790183956e-18, 9.50543640772e-19, 5.54906565908e-19, 2.53439371572e-18, 2.30652779084e-18, 2.98837483771e-18, 4.50052055447e-18, 9.65316052537e-18, 1.33496321595e-17, 1.38712249568e-17, 6.93273140834e-18, 1.54751083122e-17, 1.51703352699e-17, 8.89854350487e-18, 1.08839705353e-17, 1.79557121271e-17, 1.46881865801e-17, 1.8004107156e-17, 2.1781591205e-17, 2.06951374469e-17, 1.76004810674e-17, 1.49843949944e-17, 8.57973320754e-18, 8.62531168647e-18, 5.34885010733e-18, 3.97926814197e-18, 1.21239397093e-18, 2.83168894192e-19, 3.74431834572e-20], "var": [0.000569580355659, 0.109367102385, 3.62667155266, 38.8597183228, 158.303970337, 763.118041992, 786.320007324, 1544.7935791, 2771.93823242, 1819.98034668, 905.134460449, 25913.4570312, 51135.421875, 107229.882812, 26413.4882812, 6313.4765625, 11665.8554688, 1229.83862305, 434.367645264, 178.582595825, 186.199691772, 195.893051147, 25.1659126282, 48.4891433716, 30.6793651581, 6.06733751297, 3.29627251625, 3.9481420517, 0.722443461418, 0.573598384857, 0.298716306686, 0.069255746901, 0.0521939769387, 0.0277283117175, 0.00956189725548, 0.00118944421411, 0.000292243406875, 1.75659679371e-05, 4.71347789244e-07, 2.18757656434e-09]}, "gfcc": {"mean": [-89.9670944214, 137.194168091, -124.17956543, 4.31949138641, -64.2775497437, -2.54479002953, -34.4839668274, -4.79700279236, -30.2356357574, -15.0134277344, -14.9801530838, -5.49627304077, -3.36124134064], "cov": [[14600.3769531, 1099.06652832, -945.429260254, 594.818725586, -361.860961914, 524.167480469, -187.813903809, 256.714660645, -394.66116333, -104.05381012, -467.168365479, 95.361946106, 113.972343445], [1099.06652832, 1187.72241211, -231.291290283, 67.0884170532, 130.690093994, -133.953125, -6.69139146805, -85.3446731567, 89.7235412598, -103.022903442, -11.2371673584, -117.132148743, 89.9899673462], [-945.429260254, -231.291290283, 910.704406738, 158.779678345, 122.208564758, 6.51242256165, -80.6905670166, 69.6553115845, 67.154624939, 131.897583008, 9.50834369659, 97.2993164062, -46.6283187866], [594.818725586, 67.0884170532, 158.779678345, 377.633728027, 69.8932113647, -14.308836937, 7.78025627136, 17.783498764, 19.77485466, 59.6363105774, 36.3262710571, 62.222820282, 42.0432319641], [-361.860961914, 130.690093994, 122.208564758, 69.8932113647, 416.043914795, 152.942825317, 86.2838973999, 10.0344905853, 65.2016983032, -43.779335022, -123.614860535, -20.4750919342, 76.3928222656], [524.167480469, -133.953125, 6.51242256165, -14.308836937, 152.942825317, 377.743560791, 128.41835022, 55.2104187012, -68.6448135376, -83.7479705811, -172.811309814, -20.8909988403, 64.6188354492], [-187.813903809, -6.69139146805, -80.6905670166, 7.78025627136, 86.2838973999, 128.41835022, 160.526931763, 17.8511009216, -15.9227304459, -54.8719406128, -37.2104949951, -18.8573627472, 48.5360412598], [256.714660645, -85.3446731567, 69.6553115845, 17.783498764, 10.0344905853, 55.2104187012, 17.8511009216, 118.40965271, 28.2528381348, 6.44876003265, -45.4136428833, 15.9645833969, 3.88854932785], [-394.66116333, 89.7235412598, 67.154624939, 19.77485466, 65.2016983032, -68.6448135376, -15.9227304459, 28.2528381348, 158.048660278, 49.3985214233, -6.98062515259, -25.4502391815, -7.88604784012], [-104.05381012, -103.022903442, 131.897583008, 59.6363105774, -43.779335022, -83.7479705811, -54.8719406128, 6.44876003265, 49.3985214233, 171.189956665, 99.1361312866, 43.221912384, -74.765411377], [-467.168365479, -11.2371673584, 9.50834369659, 36.3262710571, -123.614860535, -172.811309814, -37.2104949951, -45.4136428833, -6.98062515259, 99.1361312866, 239.887420654, 62.6620521545, -58.8155937195], [95.361946106, -117.132148743, 97.2993164062, 62.222820282, -20.4750919342, -20.8909988403, -18.8573627472, 15.9645833969, -25.4502391815, 43.221912384, 62.6620521545, 110.445304871, 4.96898031235], [113.972343445, 89.9899673462, -46.6283187866, 42.0432319641, 76.3928222656, 64.6188354492, 48.5360412598, 3.88854932785, -7.88604784012, -74.765411377, -58.8155937195, 4.96898031235, 131.236083984]], "icov": [[0.000224087532843, -0.000406098028179, 0.000366838299669, -0.000463564007077, 0.000347254332155, -0.00049928703811, 0.000629302463494, -0.000573945406359, 0.000583385524806, -0.000450246792752, 0.000731529435143, -0.000644707470201, 0.000321481085848], [-0.000406098028179, 0.00208802730776, -0.000417511677369, 0.00036680791527, -0.00114641652908, 0.00136733672116, -0.000578837585635, 0.00136893533636, -0.00156181096099, 0.00168873055372, -0.00189558649436, 0.00258689420298, -0.00125663436484], [0.000366838299669, -0.000417511677369, 0.00228018220514, -0.00122489838395, -0.000157002665219, -0.00105161999818, 0.00211747526191, -0.0014378412161, 0.000560261891223, -0.00110899237916, 0.00125024514273, -0.00193144369405, 0.00107426987961], [-0.000463564007077, 0.00036680791527, -0.00122489838395, 0.00468625687063, -0.00106686982326, 0.00140342710074, -0.00201938510872, 0.000735462352168, -0.000543095055036, -0.00110855698586, -0.00143601640593, 7.80455375207e-05, -0.00244111195207], [0.000347254332155, -0.00114641652908, -0.000157002665219, -0.00106686982326, 0.00516069773585, -0.00226438906975, -0.000769933394622, 0.00119893369265, -0.00176619668491, -0.000535647093784, 0.00269462564029, -0.00227942271158, 1.33197299874e-05], [-0.00049928703811, 0.00136733672116, -0.00105161999818, 0.00140342710074, -0.00226438906975, 0.00868530850857, -0.00549990683794, -0.000455719244201, 0.00306513672695, -0.000718822877388, 0.00261957128532, 0.00192956451792, -0.00136246683542], [0.000629302463494, -0.000578837585635, 0.00211747526191, -0.00201938510872, -0.000769933394622, -0.00549990683794, 0.0136095844209, -0.00339745613746, 0.000725386373233, 0.0013291623909, -0.00241337087937, 0.000800668087322, -0.000837829604279], [-0.000573945406359, 0.00136893533636, -0.0014378412161, 0.000735462352168, 0.00119893369265, -0.000455719244201, -0.00339745613746, 0.0141855571419, -0.00608567800373, 0.00161061703693, 0.00122495391406, -0.00243900599889, 0.000369154120563], [0.000583385524806, -0.00156181096099, 0.000560261891223, -0.000543095055036, -0.00176619668491, 0.00306513672695, 0.000725386373233, -0.00608567800373, 0.0144045874476, -0.00676563382149, 0.00355862919241, 0.00290723098442, -0.00113575404976], [-0.000450246792752, 0.00168873055372, -0.00110899237916, -0.00110855698586, -0.000535647093784, -0.000718822877388, 0.0013291623909, 0.00161061703693, -0.00676563382149, 0.0156297478825, -0.00600876566023, -0.000958585762419, 0.00516170542687], [0.000731529435143, -0.00189558649436, 0.00125024514273, -0.00143601640593, 0.00269462564029, 0.00261957128532, -0.00241337087937, 0.00122495391406, 0.00355862919241, -0.00600876566023, 0.0140650924295, -0.0074693323113, 0.00294360471889], [-0.000644707470201, 0.00258689420298, -0.00193144369405, 7.80455375207e-05, -0.00227942271158, 0.00192956451792, 0.000800668087322, -0.00243900599889, 0.00290723098442, -0.000958585762419, -0.0074693323113, 0.0200076550245, -0.00624875444919], [0.000321481085848, -0.00125663436484, 0.00107426987961, -0.00244111195207, 1.33197299874e-05, -0.00136246683542, -0.000837829604279, 0.000369154120563, -0.00113575404976, 0.00516170542687, 0.00294360471889, -0.00624875444919, 0.0147563172504]]}, "melbands": {"dmean": [7.92394566815e-05, 0.000268969015451, 0.000389530148823, 0.000429764389992, 0.000244784983806, 0.000184573465958, 0.000198699286557, 9.19813319342e-05, 3.54691910616e-05, 0.000101788638858, 0.000216946951696, 0.000351574912202, 0.000108115469629, 4.82378309243e-05, 3.08511298499e-05, 3.51445341948e-05, 1.1642766367e-05, 9.08132824406e-06, 8.21996400191e-06, 5.78219032832e-06, 4.56162706541e-06, 4.05935588788e-06, 1.77869185336e-06, 1.14897738968e-06, 1.69776103576e-06, 1.22543269754e-06, 8.00193106443e-07, 5.29068586275e-07, 3.43267458902e-07, 3.94279993543e-07, 2.6016607535e-07, 1.32652942852e-07, 1.19908264651e-07, 1.28844149572e-07, 9.9928463726e-08, 5.77771821497e-08, 4.4904862051e-08, 4.35209059901e-08, 5.45736362767e-08, 4.10040641441e-08], "dmean2": [0.000124785437947, 0.000427109131124, 0.000613854150288, 0.000669361557811, 0.000375497358618, 0.000265010516159, 0.000285170419374, 0.000137538620038, 4.80969756609e-05, 0.000132325076265, 0.000313120195642, 0.0005183321191, 0.000160114504979, 6.80757075315e-05, 4.31295411545e-05, 5.10631180077e-05, 1.7303005734e-05, 1.39472203955e-05, 1.2882331248e-05, 9.3536782515e-06, 7.40146788303e-06, 6.54742643746e-06, 2.94765504805e-06, 1.90672790268e-06, 2.8413455766e-06, 1.90479624962e-06, 1.25481597024e-06, 8.54976804021e-07, 5.54483790438e-07, 6.35051151221e-07, 4.07690890825e-07, 2.09627998515e-07, 1.90958687085e-07, 2.0862583483e-07, 1.63486731708e-07, 9.30051911041e-08, 7.29851237224e-08, 7.04856617517e-08, 8.70171561473e-08, 6.97352646739e-08], "dvar": [2.72835887216e-08, 3.37766095981e-07, 4.90752313453e-07, 9.4076744972e-07, 3.48163837316e-07, 1.75472067099e-07, 1.88231723541e-07, 3.57854652577e-08, 1.1517062859e-08, 1.44978116623e-07, 2.7243521572e-07, 7.75995658842e-07, 8.27893273936e-08, 1.69666698469e-08, 1.27290906704e-08, 2.4326029191e-08, 1.0255157834e-09, 5.58177726262e-10, 5.72841163393e-10, 2.98441438229e-10, 1.42957354288e-10, 2.43409126188e-10, 2.28907309774e-11, 5.98435277027e-12, 2.16870289088e-11, 1.00949101509e-11, 4.28030701161e-12, 1.50161274474e-12, 4.75665513922e-13, 1.53159939158e-12, 9.46719482323e-13, 1.81325562746e-13, 1.00581970866e-13, 2.56643203867e-13, 1.56147474508e-13, 3.6169855224e-14, 2.22484248906e-14, 2.85712683438e-14, 5.14249389328e-14, 2.00679062804e-14], "dvar2": [6.04859593523e-08, 8.2557329506e-07, 1.22952292259e-06, 2.13572025132e-06, 8.66096968366e-07, 3.81079814815e-07, 3.72962148276e-07, 7.17336590128e-08, 1.55278101488e-08, 1.93974031504e-07, 5.90542754253e-07, 1.68095562003e-06, 1.75332615981e-07, 3.15182191457e-08, 2.5590697561e-08, 4.82809987545e-08, 2.02196126509e-09, 1.1552228063e-09, 1.37077960094e-09, 8.00342681018e-10, 3.76162156979e-10, 6.63158583603e-10, 6.40991842937e-11, 1.63742578524e-11, 5.9858701329e-11, 2.25554505628e-11, 1.12275804973e-11, 3.97641945413e-12, 1.25981495201e-12, 3.9957906775e-12, 2.20205949829e-12, 4.50098129341e-13, 2.62868855372e-13, 7.38028128194e-13, 4.51681660824e-13, 9.90664662933e-14, 5.94227087241e-14, 7.35619789909e-14, 1.29524144773e-13, 5.61791214135e-14], "max": [0.00549953244627, 0.0126515366137, 0.0157051999122, 0.0262559652328, 0.0299604069442, 0.0124764014035, 0.0159795992076, 0.00806746073067, 0.00495452107862, 0.00929363444448, 0.0136801302433, 0.0128472167999, 0.00731390109286, 0.00288478005677, 0.00391890620813, 0.00540357641876, 0.000564279907849, 0.000602146261372, 0.000642079219688, 0.000703865080141, 0.000263359863311, 0.000699618540239, 0.000229262397625, 6.05554596405e-05, 8.18264525151e-05, 5.61485430808e-05, 8.71389056556e-05, 2.08313249459e-05, 1.12912748591e-05, 2.87357015623e-05, 3.55630836566e-05, 1.33628627736e-05, 8.21492631076e-06, 1.79823946382e-05, 1.44770774568e-05, 6.77444677422e-06, 5.30256056663e-06, 5.15238343723e-06, 6.44084411761e-06, 6.3428606154e-06], "mean": [0.000128891711938, 0.000437870214228, 0.000807057600468, 0.000884261564352, 0.000521145178936, 0.000421824021032, 0.000413556088461, 0.000198629189981, 9.75969887804e-05, 0.000326024717651, 0.000555103237275, 0.000606893852819, 0.000199463887839, 9.13572366699e-05, 6.72366004437e-05, 7.20027892385e-05, 2.22108210437e-05, 1.51441872731e-05, 1.33649964482e-05, 1.04559348983e-05, 8.63097284309e-06, 6.84733686285e-06, 3.19682999361e-06, 2.18246577788e-06, 2.83516442323e-06, 2.01711782211e-06, 1.39928613407e-06, 9.18467776501e-07, 6.14198484072e-07, 6.20958019226e-07, 4.14738053678e-07, 2.05096270633e-07, 1.87195567491e-07, 1.66784573707e-07, 1.34119318318e-07, 7.78277353675e-08, 5.81310253267e-08, 5.45193792334e-08, 6.05548748922e-08, 4.10575786702e-08], "median": [3.85803759855e-05, 0.000153891334776, 0.000436211877968, 0.000366200110875, 0.000224707167945, 0.000172236614162, 0.000125980921439, 7.49366517994e-05, 2.61615441559e-05, 3.94468843297e-05, 5.94280500081e-05, 7.5781455962e-05, 3.19045502692e-05, 9.76645060291e-06, 5.9808990045e-06, 4.5856709221e-06, 3.53928408003e-06, 4.54501969216e-06, 3.30711782226e-06, 2.13214934774e-06, 1.77784477273e-06, 1.16257263016e-06, 1.17658476029e-06, 7.59831152664e-07, 4.75598824323e-07, 5.00563260175e-07, 3.7860056068e-07, 2.30652034361e-07, 2.04170817142e-07, 1.23255787798e-07, 7.43292432048e-08, 6.43563566882e-08, 6.74133175949e-08, 6.21529281375e-08, 5.21682999022e-08, 3.22845252754e-08, 2.18170406185e-08, 1.9521509742e-08, 1.58985642429e-08, 1.13035332205e-08], "min": [1.10759676187e-23, 9.46310363269e-24, 5.11909511882e-24, 7.01199210445e-24, 5.51320411061e-24, 1.84057089515e-23, 1.21491253167e-23, 1.50656576793e-23, 2.3152479078e-23, 1.54525481994e-23, 4.10655033734e-24, 2.11451976555e-24, 5.98809916442e-24, 9.38648315069e-24, 6.16946223083e-24, 5.44521850008e-24, 9.34267691576e-24, 1.54702754816e-23, 1.76712589384e-23, 1.85147279509e-23, 1.55882859176e-23, 6.12847341263e-24, 7.22696537859e-24, 1.86577720988e-23, 1.16301779034e-23, 8.33927818761e-24, 4.97127875683e-24, 7.50691002575e-24, 1.25205596851e-23, 8.06601598119e-24, 8.87182477409e-24, 1.12626507631e-23, 7.76457487436e-24, 1.47162538294e-23, 1.32228549389e-23, 9.08120108011e-24, 1.19920449667e-23, 1.18585697015e-23, 8.11341705526e-24, 6.14203314273e-24], "var": [7.82983065051e-08, 5.91292234731e-07, 1.34280321618e-06, 2.18665695684e-06, 8.73917144872e-07, 7.24997107682e-07, 6.80865525737e-07, 1.58164780828e-07, 1.0924622984e-07, 1.17522859e-06, 1.30593912218e-06, 1.88867284123e-06, 2.30806207924e-07, 5.36531530315e-08, 5.442904083e-08, 8.34777154068e-08, 2.90694490701e-09, 1.0989511523e-09, 1.1100078634e-09, 6.30560104131e-10, 3.64024449473e-10, 3.95222660154e-10, 3.90019891383e-11, 1.15699932274e-11, 4.22639076514e-11, 2.19273852547e-11, 9.00594963188e-12, 3.30073880554e-12, 9.77845625652e-13, 2.13412339016e-12, 1.76232639593e-12, 2.62430132963e-13, 1.51218759194e-13, 2.30483600955e-13, 1.39445760169e-13, 3.91630934767e-14, 2.44454572551e-14, 2.7230047576e-14, 5.34187697874e-14, 1.56661267753e-14]}, "mfcc": {"mean": [-730.425720215, 167.870254517, -4.42132854462, 10.2207403183, -10.2919044495, -6.31821489334, -3.73373484612, 0.535170793533, -6.23783349991, -8.31956958771, -14.513584137, -11.931055069, -4.42408466339], "cov": [[8510.86035156, 902.101013184, -557.841491699, -10.7704114914, -70.3083190918, 353.071411133, 172.873428345, 307.57220459, 223.911254883, 13.9171895981, -222.115341187, -102.679283142, -77.7266235352], [902.101013184, 1053.79382324, -167.876541138, 112.104774475, 132.976806641, 15.2183628082, -61.8052825928, 14.7808732986, 42.2853050232, 70.5155563354, -53.9055175781, -77.7620849609, -34.4438362122], [-557.841491699, -167.876541138, 566.632263184, 164.875671387, 82.4566345215, -11.3184757233, -26.8260478973, -33.4792175293, -29.4247722626, 6.07797431946, 78.4136047363, 20.9290962219, 14.6000967026], [-10.7704114914, 112.104774475, 164.875671387, 373.15625, 120.124336243, 7.90901231766, -33.3849067688, -49.6894264221, -11.817568779, -7.08977031708, 32.4225540161, 57.4900436401, 111.81098938], [-70.3083190918, 132.976806641, 82.4566345215, 120.124336243, 298.660217285, 140.432769775, 4.26836156845, 58.1045761108, 135.782653809, 86.4932861328, -28.6906719208, -50.2284355164, -31.835735321], [353.071411133, 15.2183628082, -11.3184757233, 7.90901231766, 140.432769775, 262.867858887, 109.018379211, 102.989280701, 150.067062378, 57.8424606323, -45.5446510315, -44.7342910767, -65.6693115234], [172.873428345, -61.8052825928, -26.8260478973, -33.3849067688, 4.26836156845, 109.018379211, 179.661224365, 84.8553848267, 45.0111923218, -29.4628181458, -43.4816055298, -7.29878759384, -9.72721481323], [307.57220459, 14.7808732986, -33.4792175293, -49.6894264221, 58.1045761108, 102.989280701, 84.8553848267, 174.769989014, 139.380966187, 39.2690010071, -59.8342628479, -71.8661422729, -74.7957229614], [223.911254883, 42.2853050232, -29.4247722626, -11.817568779, 135.782653809, 150.067062378, 45.0111923218, 139.380966187, 271.544891357, 110.592063904, -77.838760376, -117.231338501, -112.440803528], [13.9171895981, 70.5155563354, 6.07797431946, -7.08977031708, 86.4932861328, 57.8424606323, -29.4628181458, 39.2690010071, 110.592063904, 160.787994385, 23.4540596008, -57.4585914612, -86.1113586426], [-222.115341187, -53.9055175781, 78.4136047363, 32.4225540161, -28.6906719208, -45.5446510315, -43.4816055298, -59.8342628479, -77.838760376, 23.4540596008, 151.401535034, 89.8342056274, 33.8111724854], [-102.679283142, -77.7620849609, 20.9290962219, 57.4900436401, -50.2284355164, -44.7342910767, -7.29878759384, -71.8661422729, -117.231338501, -57.4585914612, 89.8342056274, 187.68347168, 124.850456238], [-77.7266235352, -34.4438362122, 14.6000967026, 111.81098938, -31.835735321, -65.6693115234, -9.72721481323, -74.7957229614, -112.440803528, -86.1113586426, 33.8111724854, 124.850456238, 210.98425293]], "icov": [[0.000161978430697, -0.000140936812386, 7.22348122508e-05, -9.2610840511e-05, 0.000305837806081, -0.000332726747729, 0.000135670183226, -0.00028950459091, 3.87140898965e-05, 1.14403101179e-05, 0.0001112701284, -5.68180403206e-05, -3.19535865856e-05], [-0.000140936812386, 0.00138764455914, 0.000555436708964, -0.000570778734982, -0.000802479684353, 0.000419819843955, 0.000218427245272, -5.07316108269e-05, 0.0006765134749, -0.000486831209855, 0.000227785101742, 0.000450730789453, 0.000298948812997], [7.22348122508e-05, 0.000555436708964, 0.00266210618429, -0.00131780281663, -0.00081209524069, 0.000234359758906, -3.98362863052e-05, -0.000282513181446, 0.000533572747372, 0.000532895734068, -0.00144985481165, 0.000804860901553, 0.000737779482733], [-9.2610840511e-05, -0.000570778734982, -0.00131780281663, 0.00499224616215, -0.00165746395942, 5.37204505235e-05, 0.000136828370159, 0.001251873211, -0.00112901325338, 0.000443374447059, -0.00042928030598, -0.000174154585693, -0.00271389447153], [0.000305837806081, -0.000802479684353, -0.00081209524069, -0.00165746395942, 0.00767221162096, -0.00380591698922, 0.00180742354132, -0.000939989986364, -0.00107442913577, -0.00184524606448, 0.00131209986284, 3.61856800737e-05, -0.000918005069252], [-0.000332726747729, 0.000419819843955, 0.000234359758906, 5.37204505235e-05, -0.00380591698922, 0.00990135688335, -0.00529873231426, 0.000949778535869, -0.00263397605158, -0.000658834876958, -0.000110698056233, -0.00149841757957, 0.00173302134499], [0.000135670183226, 0.000218427245272, -3.98362863052e-05, 0.000136828370159, 0.00180742354132, -0.00529873231426, 0.0113361719996, -0.00499020097777, 0.00132626562845, 0.00245370459743, 0.00111625995487, -0.000593286706135, -0.000726595288143], [-0.00028950459091, -5.07316108269e-05, -0.000282513181446, 0.001251873211, -0.000939989986364, 0.000949778535869, -0.00499020097777, 0.0136599363759, -0.00555451447144, 0.000533718324732, 5.09076417075e-05, 0.000516764412168, 0.00095114990836], [3.87140898965e-05, 0.0006765134749, 0.000533572747372, -0.00112901325338, -0.00107442913577, -0.00263397605158, 0.00132626562845, -0.00555451447144, 0.0122993011028, -0.00530370045453, 0.0035745149944, 0.00143754796591, 0.000762732175644], [1.14403101179e-05, -0.000486831209855, 0.000532895734068, 0.000443374447059, -0.00184524606448, -0.000658834876958, 0.00245370459743, 0.000533718324732, -0.00530370045453, 0.0147702386603, -0.00700837699696, 0.00213770265691, 0.00253168307245], [0.0001112701284, 0.000227785101742, -0.00144985481165, -0.00042928030598, 0.00131209986284, -0.000110698056233, 0.00111625995487, 5.09076417075e-05, 0.0035745149944, -0.00700837699696, 0.0152370398864, -0.00747936125845, 0.00166774855461], [-5.68180403206e-05, 0.000450730789453, 0.000804860901553, -0.000174154585693, 3.61856800737e-05, -0.00149841757957, -0.000593286706135, 0.000516764412168, 0.00143754796591, 0.00213770265691, -0.00747936125845, 0.0142874689773, -0.00583327328786], [-3.19535865856e-05, 0.000298948812997, 0.000737779482733, -0.00271389447153, -0.000918005069252, 0.00173302134499, -0.000726595288143, 0.00095114990836, 0.000762732175644, 0.00253168307245, 0.00166774855461, -0.00583327328786, 0.0114928353578]]}, "spectral_contrast_coeffs": {"dmean": [0.0484156906605, 0.0408737063408, 0.0395109951496, 0.0295930542052, 0.0207286719233, 0.0148341469467], "dmean2": [0.079686395824, 0.0662640854716, 0.0622230060399, 0.0480420999229, 0.033915605396, 0.0238088238984], "dvar": [0.00145328149665, 0.00117166806012, 0.00104085425846, 0.000588756578509, 0.000284838315565, 0.000177182184416], "dvar2": [0.00393327325583, 0.00303138000891, 0.00243827630766, 0.00147536105942, 0.000741299183574, 0.000412000954384], "max": [-0.270934104919, -0.37929430604, -0.334608495235, -0.523074150085, -0.578714489937, -0.652602553368], "mean": [-0.57277828455, -0.689557373524, -0.670455038548, -0.749766290188, -0.783554494381, -0.780870378017], "median": [-0.571556091309, -0.691140115261, -0.681346893311, -0.750042200089, -0.786523044109, -0.780290067196], "min": [-0.957178354263, -0.967219352722, -0.976933240891, -0.963767290115, -0.960548758507, -0.959889769554], "var": [0.00749969296157, 0.00668511399999, 0.0126436762512, 0.00509317265823, 0.00206577358767, 0.00162357487716]}, "spectral_contrast_valleys": {"dmean": [0.435238599777, 0.312865823507, 0.284394830465, 0.239461258054, 0.224886134267, 0.293888092041], "dmean2": [0.72130125761, 0.506127297878, 0.45656812191, 0.38448497653, 0.33817461133, 0.407081127167], "dvar": [0.134338513017, 0.0824431031942, 0.068274050951, 0.0555044040084, 0.0620835162699, 0.11631