{"lowlevel": {"average_loudness": 0.979391515255, "barkbands_crest": {"dmean": 2.19779038429, "dmean2": 3.43792843819, "dvar": 5.34496068954, "dvar2": 14.7157154083, "max": 25.5336894989, "mean": 10.7254114151, "median": 10.3935604095, "min": 2.39600086212, "var": 12.6954269409}, "barkbands_flatness_db": {"dmean": 0.0446111746132, "dmean2": 0.0627697259188, "dvar": 0.00209542829543, "dvar2": 0.00443105399609, "max": 0.576215386391, "mean": 0.228435829282, "median": 0.227648794651, "min": 0.0287671927363, "var": 0.00795757956803}, "barkbands_kurtosis": {"dmean": 4.8351855278, "dmean2": 7.68916416168, "dvar": 56.5635719299, "dvar2": 144.769607544, "max": 324.284210205, "mean": 9.18295001984, "median": 4.85144996643, "min": -1.88389182091, "var": 364.898254395}, "barkbands_skewness": {"dmean": 0.64454972744, "dmean2": 0.996953487396, "dvar": 0.498497366905, "dvar2": 1.2947357893, "max": 11.8160085678, "mean": 2.01636958122, "median": 1.83602547646, "min": -2.25765419006, "var": 1.79880952835}, "barkbands_spread": {"dmean": 4.31406211853, "dmean2": 6.92892789841, "dvar": 41.1128768921, "dvar2": 104.516716003, "max": 95.8611755371, "mean": 10.7360877991, "median": 8.29263496399, "min": 0.301934272051, "var": 90.3502960205}, "dissonance": {"dmean": 0.0338791720569, "dmean2": 0.0534019060433, "dvar": 0.00106549274642, "dvar2": 0.00239823991433, "max": 0.500000119209, "mean": 0.394312947989, "median": 0.400339066982, "min": 0.184584915638, "var": 0.00350096030161}, "dynamic_complexity": 2.635597229, "erbbands_crest": {"dmean": 2.80761194229, "dmean2": 4.33856248856, "dvar": 8.40875530243, "dvar2": 20.4945888519, "max": 33.3042182922, "mean": 12.2908277512, "median": 11.3409786224, "min": 2.38476037979, "var": 25.6522655487}, "erbbands_flatness_db": {"dmean": 0.0416146405041, "dmean2": 0.0555992163718, "dvar": 0.00186389090959, "dvar2": 0.00411556940526, "max": 0.50656914711, "mean": 0.254313319921, "median": 0.255994260311, "min": 0.0591571293771, "var": 0.00631365040317}, "erbbands_kurtosis": {"dmean": 2.23158669472, "dmean2": 3.55096840858, "dvar": 18.380607605, "dvar2": 46.4919967651, "max": 257.475860596, "mean": 3.80135750771, "median": 1.30731010437, "min": -1.89300787449, "var": 214.786117554}, "erbbands_skewness": {"dmean": 0.51155012846, "dmean2": 0.771004319191, "dvar": 0.320084035397, "dvar2": 0.785874068737, "max": 12.0239505768, "mean": 1.09819436073, "median": 1.04673302174, "min": -3.05520772934, "var": 1.41637217999}, "erbbands_spread": {"dmean": 7.1094789505, "dmean2": 11.2930765152, "dvar": 93.276473999, "dvar2": 238.718826294, "max": 93.470916748, "mean": 22.3213386536, "median": 19.8504257202, "min": 0.421893447638, "var": 175.712646484}, "hfc": {"dmean": 8.31260967255, "dmean2": 12.1442537308, "dvar": 216.967330933, "dvar2": 470.49899292, "max": 169.322601318, "mean": 15.3287563324, "median": 9.13990592957, "min": 1.17111926723e-16, "var": 339.32510376}, "melbands_crest": {"dmean": 3.19491505623, "dmean2": 5.01894807816, "dvar": 10.5715017319, "dvar2": 29.2372303009, "max": 33.421245575, "mean": 14.8234882355, "median": 14.174328804, "min": 1.69655680656, "var": 27.7434043884}, "melbands_flatness_db": {"dmean": 0.0464229695499, "dmean2": 0.0647962167859, "dvar": 0.0024663398508, "dvar2": 0.00530374282971, "max": 0.653441429138, "mean": 0.287193924189, "median": 0.288580417633, "min": 0.00512268440798, "var": 0.00890437606722}, "melbands_kurtosis": {"dmean": 6.51108503342, "dmean2": 10.3916749954, "dvar": 85.4053344727, "dvar2": 227.107192993, "max": 155.219345093, "mean": 12.4343566895, "median": 8.23899078369, "min": -1.71001183987, "var": 182.921081543}, "melbands_skewness": {"dmean": 0.667856752872, "dmean2": 1.04899394512, "dvar": 0.511867642403, "dvar2": 1.38159120083, "max": 8.45289421082, "mean": 2.33189821243, "median": 2.15564918518, "min": -3.53207564354, "var": 1.42866742611}, "melbands_spread": {"dmean": 5.07959651947, "dmean2": 7.98049545288, "dvar": 63.6109085083, "dvar2": 151.888519287, "max": 149.557434082, "mean": 13.0173273087, "median": 8.9400177002, "min": 0.549852490425, "var": 190.428390503}, "pitch_salience": {"dmean": 0.069293178618, "dmean2": 0.106646820903, "dvar": 0.00507574016228, "dvar2": 0.0121971527115, "max": 0.873612344265, "mean": 0.552278339863, "median": 0.554521203041, "min": 0.17181687057, "var": 0.0130717353895}, "silence_rate_20dB": {"dmean": 0, "dmean2": 0, "dvar": 0, "dvar2": 0, "max": 1, "mean": 1, "median": 1, "min": 1, "var": 0}, "silence_rate_30dB": {"dmean": 0, "dmean2": 0, "dvar": 0, "dvar2": 0, "max": 1, "mean": 1, "median": 1, "min": 1, "var": 0}, "silence_rate_60dB": {"dmean": 0.000809170596767, "dmean2": 0.00161855947226, "dvar": 0.000808569078799, "dvar2": 0.00215524295345, "max": 1, "mean": 0.0268338732421, "median": 0, "min": 0, "var": 0.0261137783527}, "spectral_centroid": {"dmean": 206.87171936, "dmean2": 330.439178467, "dvar": 121853.023438, "dvar2": 275038.28125, "max": 11207.8486328, "mean": 793.563232422, "median": 651.439086914, "min": 310.829528809, "var": 234874.71875}, "spectral_complexity": {"dmean": 3.7197573185, "dmean2": 5.61289453506, "dvar": 46.2634429932, "dvar2": 96.3054580688, "max": 70, "mean": 11.9704694748, "median": 10, "min": 0, "var": 78.0304946899}, "spectral_decrease": {"dmean": 2.61010435487e-09, "dmean2": 3.79266928974e-09, "dvar": 1.26387432149e-17, "dvar2": 2.81205905676e-17, "max": 7.6323153789e-19, "mean": -5.53718138008e-09, "median": -3.86948517672e-09, "min": -2.76836757962e-08, "var": 2.01818619506e-17}, "spectral_energy": {"dmean": 0.0104631148279, "dmean2": 0.0151566099375, "dvar": 0.000198981826543, "dvar2": 0.000438317598309, "max": 0.110753178596, "mean": 0.0222889855504, "median": 0.0155437691137, "min": 1.07461190186e-20, "var": 0.000330088281771}, "spectral_energyband_high": {"dmean": 0.000480044225696, "dmean2": 0.00080711080227, "dvar": 1.46242018673e-06, "dvar2": 3.61430011253e-06, "max": 0.0108334450051, "mean": 0.000403205689508, "median": 3.43004794559e-05, "min": 7.86356260487e-21, "var": 1.28820977352e-06}, "spectral_energyband_low": {"dmean": 0.00265450496227, "dmean2": 0.00423367414623, "dvar": 6.1633050791e-05, "dvar2": 0.000147462371388, "max": 0.0517336539924, "mean": 0.00221249926835, "median": 8.33032099763e-05, "min": 1.26591816366e-22, "var": 5.45987095393e-05}, "spectral_energyband_middle_high": {"dmean": 0.00200508907437, "dmean2": 0.00293864356354, "dvar": 1.7713269699e-05, "dvar2": 3.80096207664e-05, "max": 0.054644420743, "mean": 0.00395805481821, "median": 0.00198044255376, "min": 1.48819374649e-21, "var": 3.1549076084e-05}, "spectral_energyband_middle_low": {"dmean": 0.00713702989742, "dmean2": 0.0105228479952, "dvar": 0.000108472988359, "dvar2": 0.000253705948126, "max": 0.0872291326523, "mean": 0.0161925572902, "median": 0.0119464593008, "min": 4.12147031608e-22, "var": 0.000158656926942}, "spectral_entropy": {"dmean": 0.406648933887, "dmean2": 0.573894679546, "dvar": 0.222055345774, "dvar2": 0.489056617022, "max": 9.79357433319, "mean": 6.59277820587, "median": 6.51277065277, "min": 4.13476228714, "var": 0.671738266945}, "spectral_flux": {"dmean": 0.033715788275, "dmean2": 0.0498186200857, "dvar": 0.00163155212067, "dvar2": 0.00309751648456, "max": 0.291368871927, "mean": 0.0703445672989, "median": 0.0474125146866, "min": 1.03663487516e-10, "var": 0.00343397422694}, "spectral_kurtosis": {"dmean": 8.77840805054, "dmean2": 14.2566995621, "dvar": 179.411804199, "dvar2": 402.934143066, "max": 200.155044556, "mean": 15.9844636917, "median": 8.99581718445, "min": -1.19553744793, "var": 390.538391113}, "spectral_rms": {"dmean": 0.000964707985986, "dmean2": 0.00133972021285, "dvar": 1.34662536766e-06, "dvar2": 2.8218614716e-06, "max": 0.0103948004544, "mean": 0.0043039242737, "median": 0.00389418192208, "min": 3.23790343496e-12, "var": 3.22150958709e-06}, "spectral_rolloff": {"dmean": 380.02243042, "dmean2": 669.658630371, "dvar": 686592.375, "dvar2": 1704705.25, "max": 18669.2871094, "mean": 1175.53344727, "median": 775.1953125, "min": 107.666015625, "var": 3340714.75}, "spectral_skewness": {"dmean": 0.707977235317, "dmean2": 1.13411962986, "dvar": 0.68709653616, "dvar2": 1.50641715527, "max": 11.6749391556, "mean": 2.71337556839, "median": 2.35968279839, "min": -0.0270521603525, "var": 1.806188941}, "spectral_spread": {"dmean": 891716.625, "dmean2": 1337288.75, "dvar": 1194022535170.0, "dvar2": 2616384028670.0, "max": 40313652, "mean": 3373945.5, "median": 3066005.5, "min": 429406.03125, "var": 2978017443840.0}, "spectral_strongpeak": {"dmean": 0.510262489319, "dmean2": 0.852631986141, "dvar": 0.959189713001, "dvar2": 2.46851539612, "max": 12.5300607681, "mean": 1.26179230213, "median": 0.978961348534, "min": 0, "var": 1.37147676945}, "zerocrossingrate": {"dmean": 0.00830558873713, "dmean2": 0.010303827934, "dvar": 9.93238936644e-05, "dvar2": 0.000138758739922, "max": 0.51806640625, "mean": 0.0436405986547, "median": 0.0361328125, "min": 0.0087890625, "var": 0.00195660698228}, "barkbands": {"dmean": [0.000171660300111, 0.00214507663622, 0.000431030406617, 0.000264781148871, 0.0022116699256, 0.0019528750563, 0.00328991096467, 0.00104615709279, 0.00028424829361, 0.00047364240163, 0.0003584381775, 0.00026972865453, 0.000353388459189, 0.000276575388853, 0.000365807412891, 0.000326894631144, 0.000172855798155, 0.00010831518739, 0.000133569701575, 0.000118519128591, 9.57275697147e-05, 0.000148616061779, 7.37235532142e-05, 5.06794276589e-05, 4.69379701826e-05, 1.80249226105e-05, 6.26468136034e-06], "dmean2": [0.000284652895061, 0.00350267719477, 0.000787426135503, 0.000458075141069, 0.00370111945085, 0.00316184572875, 0.00519449496642, 0.00143085455056, 0.000446737918537, 0.000648635905236, 0.000536560837645, 0.000445011071861, 0.000578709354158, 0.000409796310123, 0.000541959481779, 0.000522184360307, 0.000256397703197, 0.000178960268386, 0.000213281615288, 0.000202503957553, 0.00015832016652, 0.000257551699178, 0.000125305217807, 8.19501146907e-05, 8.2026628661e-05, 3.02554799418e-05, 1.0438053323e-05], "dvar": [2.90691133387e-07, 4.6401120926e-05, 1.57680699431e-06, 3.13640555305e-07, 1.39969442898e-05, 1.16502133096e-05, 3.44455766026e-05, 3.3246037674e-06, 3.77204798951e-07, 5.88669593071e-07, 4.82655536871e-07, 6.14710074842e-07, 1.67036500898e-06, 5.93073480104e-07, 1.00811314496e-06, 1.27802377392e-06, 2.29040054478e-07, 9.05079886593e-08, 1.9378143179e-07, 1.19022914191e-07, 7.92205412381e-08, 2.03024185907e-07, 3.7471156844e-08, 1.40575426855e-08, 2.11746478129e-08, 1.93021199024e-09, 3.7526776131e-10], "dvar2": [7.23006280623e-07, 0.000114253438369, 4.4588991841e-06, 8.50833544064e-07, 3.62814498658e-05, 2.97554161079e-05, 8.88066060725e-05, 7.59676049711e-06, 9.5148385526e-07, 1.33392495627e-06, 1.26741701933e-06, 1.61530022069e-06, 4.21217964686e-06, 1.17582146686e-06, 2.28761541621e-06, 3.34477954311e-06, 4.2566463776e-07, 2.10901632158e-07, 4.21680937279e-07, 3.05890267782e-07, 1.9222520109e-07, 5.51284756511e-07, 9.64558353189e-08, 3.27209583872e-08, 5.89572870524e-08, 4.70140770759e-09, 8.99656293907e-10], "max": [0.00375980115496, 0.0475583821535, 0.00943914614618, 0.00781756453216, 0.0368709564209, 0.0307923965156, 0.0532793961465, 0.0268866699189, 0.00791533757001, 0.0101500200108, 0.00866591278464, 0.0113969892263, 0.0209673698992, 0.0157993286848, 0.0165026504546, 0.0198029950261, 0.0140815079212, 0.00591861410066, 0.0113225672394, 0.00326519762166, 0.00368869956583, 0.0038396648597, 0.00158422766253, 0.00120629242156, 0.0033683849033, 0.00100891082548, 0.000228489705478], "mean": [0.000128165018396, 0.00166509929113, 0.000310889503453, 0.00026296521537, 0.00347156799398, 0.00517304195091, 0.00422543939203, 0.0020330301486, 0.000374430732336, 0.000873142213095, 0.000664202671032, 0.000303646345856, 0.000429523759522, 0.00045102488366, 0.000590103794821, 0.000342084793374, 0.000278079562122, 0.000106778621557, 0.000153434695676, 9.66921215877e-05, 8.21819267003e-05, 0.00011259738676, 5.88422553847e-05, 4.66193196189e-05, 3.47509048879e-05, 1.5599440303e-05, 5.05135585627e-06], "median": [1.74540389253e-06, 1.29649915834e-05, 1.81642353709e-05, 4.29311403423e-05, 0.00221108691767, 0.00464420765638, 0.0017401536461, 0.00109499832615, 0.000103877478978, 0.000512497848831, 0.000369575456716, 6.83257894707e-05, 2.77888066194e-05, 5.3912626754e-05, 2.85625901597e-05, 1.51272251969e-05, 4.09660788137e-05, 1.55436246132e-05, 2.47471853072e-05, 8.56880251376e-06, 8.01317946753e-06, 7.00179816704e-06, 2.86351814793e-06, 2.87816442324e-06, 1.03709771793e-06, 3.72614664457e-07, 3.13956682874e-08], "min": [1.97810027428e-23, 2.78133864281e-23, 5.00994579962e-23, 5.43245275848e-23, 5.76198330887e-23, 8.21138190455e-23, 8.1987298378e-23, 3.20456030965e-23, 9.35796535565e-23, 3.58373009028e-23, 1.43371872318e-22, 5.25618336693e-23, 2.08177439393e-22, 3.61565055795e-23, 1.05053004334e-22, 6.59083252001e-23, 2.13922189562e-22, 1.29025950818e-22, 3.5337043182e-22, 4.12427891334e-22, 4.19432143135e-22, 4.85631911419e-22, 6.09874701957e-22, 9.68424327476e-22, 1.11408929854e-21, 1.80307581883e-21, 2.39862687672e-21], "var": [2.35277809679e-07, 3.83083861379e-05, 1.01919147255e-06, 2.82159646758e-07, 1.36512853715e-05, 1.52697139129e-05, 3.95777569793e-05, 6.97795485394e-06, 4.77674802823e-07, 1.17964577839e-06, 8.18587352569e-07, 5.39574841696e-07, 2.57627789324e-06, 1.54132010266e-06, 2.39115070144e-06, 1.27979944864e-06, 6.58298290546e-07, 1.04834626313e-07, 2.88227340661e-07, 9.67162350207e-08, 6.98880384675e-08, 1.42117400515e-07, 3.03616580766e-08, 1.43111424933e-08, 1.37877824713e-08, 1.76374792549e-09, 3.28682137063e-10]}, "erbbands": {"dmean": [0.0797356665134, 0.434945225716, 0.608153760433, 0.668491601944, 1.99857485294, 5.77760648727, 25.1247501373, 13.4475822449, 38.1155929565, 47.9898910522, 14.6227645874, 7.45252513885, 16.6401157379, 8.07764148712, 14.5920724869, 11.752281189, 17.569108963, 14.1799459457, 13.0631408691, 22.9167385101, 13.4771776199, 7.63585996628, 5.93169116974, 7.88757801056, 5.2618188858, 5.52057647705, 4.31591701508, 3.92575955391, 5.98691415787, 2.89861392975, 2.19796729088, 1.28152453899, 0.751929998398, 0.448008954525, 0.319830000401, 0.135486707091, 0.0298890527338, 0.00627776514739, 0.00106600078288, 7.53183776396e-05], "dmean2": [0.133055821061, 0.73891055584, 1.10729801655, 1.17102134228, 3.06444644928, 9.56227779388, 43.4114379883, 21.1420783997, 59.1994628906, 73.6114044189, 20.5575218201, 11.4039840698, 22.5535793304, 12.3166656494, 22.517791748, 18.9904842377, 28.6255435944, 20.8228149414, 19.1596851349, 34.3998603821, 21.7716960907, 11.4308023453, 9.5431394577, 12.0247001648, 8.71894741058, 9.40037536621, 7.22727394104, 6.68617868423, 10.4903802872, 4.87633371353, 3.77851271629, 2.09164023399, 1.23571443558, 0.770537853241, 0.554747343063, 0.236953631043, 0.0501784943044, 0.0105758514255, 0.00177846860606, 0.000121560544358], "dvar": [0.0634674429893, 2.0939142704, 3.62745165825, 2.32632303238, 17.1284637451, 106.698554993, 2013.89331055, 555.275512695, 5199.30664062, 6163.89501953, 453.78604126, 225.873397827, 685.020629883, 395.438476562, 875.481567383, 1101.60461426, 3960.08056641, 1479.67980957, 1571.45019531, 4751.79882812, 2628.26513672, 388.989471436, 253.890258789, 627.048522949, 260.352081299, 256.328674316, 188.429107666, 114.93547821, 385.309844971, 60.9237442017, 32.3812904358, 9.54289531708, 2.97522878647, 1.06206715107, 1.05292379856, 0.243742734194, 0.00700542423874, 0.000373204238713, 9.19346257433e-06, 4.8577820877e-08], "dvar2": [0.152365967631, 5.57979631424, 10.2725839615, 6.57002544403, 37.7396469116, 265.520263672, 5637.58007812, 1405.05700684, 12878.3623047, 16637.8769531, 1082.65405273, 580.566772461, 1514.58374023, 1018.72186279, 2298.62744141, 2831.59204102, 9975.60644531, 2826.70776367, 3146.83007812, 10911.0117188, 7200.44384766, 770.25592041, 566.858337402, 1074.69616699, 599.962463379, 662.74597168, 484.62310791, 281.876495361, 1067.74633789, 158.351516724, 83.9826431274, 22.9648532867, 6.96446371078, 2.72040724754, 2.92081570625, 0.689471781254, 0.0175248123705, 0.000940724974498, 2.20527690544e-05, 1.13338018082e-07], "max": [1.54400372505, 10.0498209, 12.8931293488, 12.9783000946, 67.3406219482, 124.776985168, 368.576629639, 209.186981201, 830.46685791, 721.85144043, 266.421051025, 193.287490845, 369.396850586, 328.359313965, 331.898223877, 571.04699707, 1025.13830566, 866.497924805, 782.500549316, 1230.85217285, 801.291625977, 515.028381348, 330.441009521, 885.697265625, 319.379180908, 164.434555054, 199.008911133, 83.0781936646, 187.672836304, 61.3872718811, 46.9343681335, 27.8652267456, 19.0242080688, 9.47944450378, 22.9341602325, 12.1266002655, 1.75422251225, 0.276620745659, 0.0308371279389, 0.00215651653707], "mean": [0.0623330138624, 0.311609238386, 0.41991597414, 0.661514163017, 2.52838039398, 9.24530506134, 50.4967155457, 28.5113220215, 53.7166595459, 73.1896514893, 27.0605640411, 11.5478067398, 30.5701522827, 14.6031322479, 26.3042697906, 15.5567808151, 22.1371688843, 24.1653556824, 21.8857364655, 36.5803260803, 15.9523096085, 11.5907382965, 6.94907140732, 9.69710350037, 5.49389505386, 4.60311460495, 3.72077274323, 3.21769285202, 4.38262557983, 2.32353997231, 1.74408996105, 1.17402267456, 0.661250293255, 0.34815505147, 0.236763492227, 0.106475718319, 0.0243751034141, 0.00502657657489, 0.000873961951584, 7.79957772465e-05], "median": [0.000325162778609, 0.00366446794942, 0.0222166366875, 0.118620738387, 0.604591012001, 5.58957719803, 45.351524353, 20.3104057312, 22.6363830566, 40.407535553, 17.0098953247, 5.26971721649, 17.1383457184, 8.82839298248, 13.7181386948, 4.27701282501, 2.41617059708, 3.26696848869, 2.2925760746, 1.61895763874, 1.64037537575, 2.3067035675, 1.2993812561, 1.36525154114, 0.760500311852, 0.517599523067, 0.406060010195, 0.237834274769, 0.255221903324, 0.131885811687, 0.0881813913584, 0.071485131979, 0.0347438417375, 0.0129685439169, 0.00530643435195, 0.00253228959627, 0.000495994347148, 6.50868823868e-05, 1.57353333634e-05, 1.9545408577e-05], "min": [1.37063150973e-21, 4.64048404422e-21, 4.28030844132e-20, 1.5058739041e-19, 1.06944604584e-19, 1.84028570666e-19, 5.92030897089e-19, 5.93340272299e-19, 1.50605291115e-18, 4.05333182607e-19, 1.06181659716e-18, 2.55119954422e-18, 1.17339974627e-18, 1.81896582431e-18, 6.80956711027e-18, 2.81880239855e-18, 7.18843444238e-18, 4.43326539399e-18, 5.12235027123e-18, 5.23377439487e-18, 5.58577696864e-18, 1.01029466009e-17, 6.62830371392e-18, 1.84042259988e-17, 1.43354354079e-17, 1.98927524004e-17, 1.98722201232e-17, 1.43404762465e-17, 1.51138835018e-17, 1.81221954603e-17, 1.87131332899e-17, 1.70436710555e-17, 1.69087942935e-17, 1.19965979423e-17, 9.14211593522e-18, 5.68111904682e-18, 3.66278180857e-18, 1.30344442929e-18, 3.34562504529e-19, 3.5436142792e-20], "var": [0.053870882839, 1.49546504021, 2.26829075813, 1.86578893661, 25.4160442352, 110.254005432, 2024.37329102, 634.782165527, 6830.58349609, 7307.56054688, 819.578796387, 311.698059082, 1544.3104248, 416.497772217, 1423.1895752, 1138.14648438, 6179.37792969, 4182.24560547, 4303.81982422, 10823.8066406, 2192.81835938, 943.840209961, 402.182098389, 1485.11047363, 366.857269287, 206.9402771, 151.676879883, 99.70287323, 253.457839966, 48.5485649109, 25.7909069061, 9.22204875946, 2.98101305962, 0.868618965149, 0.689974606037, 0.152227804065, 0.00581526430324, 0.000298824772472, 8.35744504002e-06, 4.52786288463e-08]}, "gfcc": {"mean": [-88.0083999634, 116.281112671, -136.183349609, -15.3256263733, -85.1276626587, -25.4179573059, -49.1949272156, -10.3067512512, -20.769033432, -3.43930244446, -4.57114267349, 6.17362356186, 1.03668749332], "cov": [[21893.8339844, -1374.38427734, -99.2396392822, 1577.1817627, -509.08770752, 1012.6204834, -972.945922852, 296.980804443, -173.034515381, 825.905029297, -201.732330322, 69.4184417725, -663.043579102], [-1374.38427734, 2757.63012695, -340.881561279, -189.069000244, 398.153594971, -510.37902832, 236.492767334, -260.64151001, 249.182159424, -217.448013306, 245.519622803, -87.131111145, 272.280731201], [-99.2396392822, -340.881561279, 1018.43988037, 417.543701172, 238.121871948, 411.53012085, 104.340904236, 253.325759888, 20.5616168976, 137.077835083, -64.7644577026, 14.0378684998, -89.3819503784], [1577.1817627, -189.069000244, 417.543701172, 736.839538574, 177.04598999, 419.499481201, 98.3718032837, 159.207077026, 71.5770492554, 113.953765869, 30.3734321594, -8.82250499725, -86.1603164673], [-509.08770752, 398.153594971, 238.121871948, 177.04598999, 525.059753418, 167.803756714, 102.910568237, 43.3755340576, 104.329528809, 69.994178772, -20.3902416229, -13.426779747, 11.3801221848], [1012.6204834, -510.37902832, 411.53012085, 419.499481201, 167.803756714, 571.992004395, 72.9991989136, 195.704147339, 48.539478302, 163.547393799, -57.617225647, -0.511457264423, -69.9694747925], [-972.945922852, 236.492767334, 104.340904236, 98.3718032837, 102.910568237, 72.9991989136, 285.493255615, 48.1569061279, 68.4803543091, -32.4007072449, 67.7617111206, -8.03052711487, 10.1371469498], [296.980804443, -260.64151001, 253.325759888, 159.207077026, 43.3755340576, 195.704147339, 48.1569061279, 210.843017578, 32.0761680603, 70.0553131104, -5.82452869415, 61.8890762329, -17.8685359955], [-173.034515381, 249.182159424, 20.5616168976, 71.5770492554, 104.329528809, 48.539478302, 68.4803543091, 32.0761680603, 147.869369507, 27.8918857574, 45.9839706421, 9.25305557251, 71.9084472656], [825.905029297, -217.448013306, 137.077835083, 113.953765869, 69.994178772, 163.547393799, -32.4007072449, 70.0553131104, 27.8918857574, 170.472625732, 5.36612701416, 13.2476911545, -39.9113349915], [-201.732330322, 245.519622803, -64.7644577026, 30.3734321594, -20.3902416229, -57.617225647, 67.7617111206, -5.82452869415, 45.9839706421, 5.36612701416, 195.487121582, 58.0277862549, 29.5187492371], [69.4184417725, -87.131111145, 14.0378684998, -8.82250499725, -13.426779747, -0.511457264423, -8.03052711487, 61.8890762329, 9.25305557251, 13.2476911545, 58.0277862549, 155.866271973, 37.3126449585], [-663.043579102, 272.280731201, -89.3819503784, -86.1603164673, 11.3801221848, -69.9694747925, 10.1371469498, -17.8685359955, 71.9084472656, -39.9113349915, 29.5187492371, 37.3126449585, 185.392562866]], "icov": [[0.000140235220897, -0.000207635122933, 0.000217848719331, -0.000383950449759, 0.000368881650502, -0.000168591126567, 0.000412580382545, -9.35917560128e-05, 8.86679335963e-05, -0.000631505332422, 0.000410607346566, -0.000342022074619, 0.000448343838798], [-0.000207635122933, 0.00130156951491, -0.00036008268944, 0.000481614755699, -0.00145134329796, 0.00108293711673, -0.000772338651586, 0.000485475698952, -0.000951193564106, 0.00163839932065, -0.00162001955323, 0.00135996006429, -0.00131123058964], [0.000217848719331, -0.00036008268944, 0.00219117361121, -0.00107611715794, 8.9443885372e-05, -0.000456855166703, 0.000290754425805, -0.00172077352181, 0.000999571871944, -0.00139460293576, 0.00109858589713, -0.000373550021322, 0.000716920709237], [-0.000383950449759, 0.000481614755699, -0.00107611715794, 0.00394891295582, -0.00114119437058, -0.0015291600721, -0.000668539258186, 7.96979729785e-05, -0.00118641916197, 0.00262099434622, -0.00249942019582, 0.00138959125616, -8.42061490403e-05], [0.000368881650502, -0.00145134329796, 8.9443885372e-05, -0.00114119437058, 0.00460192468017, -0.00129802280571, 0.0003736205108, 0.000656094227452, -0.000818783591967, -0.00315912719816, 0.00303989928216, -0.00214759190567, 0.00181971036363], [-0.000168591126567, 0.00108293711673, -0.000456855166703, -0.0015291600721, -0.00129802280571, 0.00601767469198, -0.00180350174196, -0.00143234524876, -0.000427835009759, -0.00178657693323, 0.000764249358326, 0.00124773057178, -0.00140445528086], [0.000412580382545, -0.000772338651586, 0.000290754425805, -0.000668539258186, 0.0003736205108, -0.00180350174196, 0.00713680544868, -0.00169253966305, -0.0015115441056, 0.00166518276092, -0.00156772753689, 0.000367058557458, 0.00230289855972], [-9.35917560128e-05, 0.000485475698952, -0.00172077352181, 7.96979729785e-05, 0.000656094227452, -0.00143234524876, -0.00169253966305, 0.0108521338552, -0.00232050544582, -0.000570138858166, 0.00102353689726, -0.00410443125293, 0.000157744230819], [8.86679335963e-05, -0.000951193564106, 0.000999571871944, -0.00118641916197, -0.000818783591967, -0.000427835009759, -0.0015115441056, -0.00232050544582, 0.0141194174066, -0.00377070088871, -0.000712593144272, 0.000982964527793, -0.00498022278771], [-0.000631505332422, 0.00163839932065, -0.00139460293576, 0.00262099434622, -0.00315912719816, -0.00178657693323, 0.00166518276092, -0.000570138858166, -0.00377070088871, 0.0145939467475, -0.00528952432796, 0.00240606209263, 0.000216856933548], [0.000410607346566, -0.00162001955323, 0.00109858589713, -0.00249942019582, 0.00303989928216, 0.000764249358326, -0.00156772753689, 0.00102353689726, -0.000712593144272, -0.00528952432796, 0.0111400997266, -0.0056885778904, 0.00201085861772], [-0.000342022074619, 0.00135996006429, -0.000373550021322, 0.00138959125616, -0.00214759190567, 0.00124773057178, 0.000367058557458, -0.00410443125293, 0.000982964527793, 0.00240606209263, -0.0056885778904, 0.0116917574778, -0.0038784223143], [0.000448343838798, -0.00131123058964, 0.000716920709237, -8.42061490403e-05, 0.00181971036363, -0.00140445528086, 0.00230289855972, 0.000157744230819, -0.00498022278771, 0.000216856933548, 0.00201085861772, -0.0038784223143, 0.0109160067514]]}, "melbands": {"dmean": [0.000632239622064, 0.000412308145314, 0.000151160158566, 0.000185191122, 0.000785076234024, 0.00033065630123, 0.000616159290075, 0.000460756040411, 0.000100127421319, 4.42556120106e-05, 8.32949444884e-05, 3.13931777782e-05, 5.27129595866e-05, 3.32057206833e-05, 4.05242608394e-05, 2.66426559392e-05, 2.92525674013e-05, 2.05331052712e-05, 2.43910944846e-05, 3.0079329008e-05, 1.39707835842e-05, 8.5307901827e-06, 7.69386588217e-06, 4.62901243736e-06, 6.9391571742e-06, 3.70002294403e-06, 4.12478675571e-06, 3.59949399353e-06, 2.63293122771e-06, 2.59897501564e-06, 2.20138986151e-06, 3.60249782716e-06, 2.46901731771e-06, 1.32361037686e-06, 1.39278847655e-06, 9.07301227926e-07, 7.26553764707e-07, 5.69469705169e-07, 4.2513940457e-07, 3.6952653204e-07], "dmean2": [0.00104112375993, 0.000731608772185, 0.000250935176155, 0.000281988293864, 0.00135494023561, 0.000520892906934, 0.000961695855949, 0.000697366136592, 0.00014102224668, 6.88548389007e-05, 0.000113060530566, 4.891079152e-05, 7.86601813161e-05, 5.472252451e-05, 6.60376244923e-05, 4.34435605712e-05, 4.31147018389e-05, 3.03346278088e-05, 3.66756794392e-05, 4.61173549411e-05, 2.28229437198e-05, 1.270267785e-05, 1.18997722893e-05, 7.54458869778e-06, 1.05562567114e-05, 6.12547000856e-06, 7.02982470102e-06, 6.23629193797e-06, 4.46643116447e-06, 4.2836513785e-06, 3.7718114072e-06, 6.33326135357e-06, 4.30578120358e-06, 2.21375421461e-06, 2.41697171077e-06, 1.5066115111e-06, 1.1799082813e-06, 9.27686926389e-07, 7.30409965399e-07, 6.39646884792e-07], "dvar": [3.96465748054e-06, 1.76329876922e-06, 9.64939417258e-08, 9.15928595191e-08, 1.9412493657e-06, 3.39910030789e-07, 1.30051341785e-06, 5.52167136902e-07, 2.10483577234e-08, 8.82106476752e-09, 1.74209908721e-08, 6.8686105692e-09, 1.00733714703e-08, 7.21601578491e-09, 1.93341769261e-08, 8.75434214009e-09, 6.95094692915e-09, 3.78042130933e-09, 4.63947724683e-09, 8.57727311399e-09, 2.90659607494e-09, 4.67818617178e-10, 7.99675048402e-10, 1.34967537146e-10, 5.42634215339e-10, 1.7254978002e-10, 1.63941221709e-10, 1.10634348904e-10, 7.05502045673e-11, 6.42335837298e-11, 3.609711835e-11, 1.3559792178e-10, 6.09856470879e-11, 1.23600504831e-11, 1.33338574557e-11, 5.59931268018e-12, 3.06288002773e-12, 1.80290201171e-12, 9.83472851768e-13, 9.31313619973e-13], "dvar2": [9.42289625527e-06, 4.87184388476e-06, 2.5319545216e-07, 2.04609520438e-07, 5.37484220331e-06, 8.56307622144e-07, 3.23624612975e-06, 1.46227034747e-06, 5.07795796523e-08, 2.27561223198e-08, 3.86292349219e-08, 1.77180972116e-08, 2.60251713513e-08, 1.87559230369e-08, 4.92381673212e-08, 2.25210712301e-08, 1.29383233016e-08, 7.72311192776e-09, 1.0801745276e-08, 2.0693670777e-08, 7.86394327434e-09, 9.19178289038e-10, 1.54178991796e-09, 2.90672763636e-10, 9.38437660913e-10, 3.92366944491e-10, 4.06405714637e-10, 2.94643226484e-10, 1.88575238758e-10, 1.53456289342e-10, 9.19004594646e-11, 3.748239219e-10, 1.67177535704e-10, 3.15842005327e-11, 3.49742526606e-11, 1.39917487318e-11, 7.44155691929e-12, 4.19284138659e-12, 2.53887015578e-12, 2.48303114181e-12], "max": [0.0133147630841, 0.00831258948892, 0.00339955743402, 0.00378668005578, 0.010779122822, 0.005031934008, 0.0125104179606, 0.00656042527407, 0.00178122322541, 0.00117370637599, 0.00183831772301, 0.00134844402783, 0.00123521930072, 0.00119013618678, 0.00265716947615, 0.00128683028743, 0.00194708770141, 0.00122383749112, 0.00121038127691, 0.00157974183094, 0.000831054057926, 0.000333570787916, 0.000986242084764, 0.000215805164771, 0.000836333667394, 0.000267907773377, 0.000121516481158, 0.000112264926429, 0.00011732330313, 9.47616645135e-05, 4.91807368235e-05, 0.000114014001156, 6.23852320132e-05, 2.84195302811e-05, 2.77146173175e-05, 2.4054908863e-05, 1.74246270035e-05, 1.48479712152e-05, 1.05568196886e-05, 1.23723102661e-05], "mean": [0.000505636096932, 0.000288489332888, 0.000164443365065, 0.000282856693957, 0.00148390897084, 0.0007481535431, 0.000842484994791, 0.000740785617381, 0.000175648776349, 6.33186427876e-05, 0.000151244777953, 5.15785141033e-05, 9.94218280539e-05, 3.97550029447e-05, 5.07174117956e-05, 3.12670781568e-05, 5.03444207425e-05, 3.25092114508e-05, 3.80370038329e-05, 4.34163885075e-05, 1.58761522471e-05, 1.28899691845e-05, 9.86044597084e-06, 5.02469492858e-06, 8.42753615871e-06, 3.79289463126e-06, 3.61991783393e-06, 2.89502236228e-06, 2.25369967666e-06, 2.17999854613e-06, 1.75356058207e-06, 2.65100743491e-06, 1.83758447747e-06, 1.08135020582e-06, 1.0760669511e-06, 7.71123723098e-07, 6.73706495036e-07, 5.01424949562e-07, 3.41873032994e-07, 2.751170598e-07], "median": [3.58367151421e-06, 9.97608003672e-06, 2.97029710055e-05, 0.000154616034706, 0.00124837365001, 0.0005542304134, 0.000351722701453, 0.000421180215199, 0.000107301515527, 2.54134647548e-05, 8.3651728346e-05, 2.85484147753e-05, 5.51627417735e-05, 1.07470241346e-05, 6.96192591931e-06, 2.89096988126e-06, 5.7919696701e-06, 2.78653874375e-06, 1.94816630028e-06, 1.18428818041e-06, 1.51379106228e-06, 2.24306745622e-06, 1.08837821244e-06, 8.39398694552e-07, 1.03345610114e-06, 4.61572540189e-07, 3.97244548367e-07, 2.89173840429e-07, 2.44444777309e-07, 1.81076842409e-07, 1.1762726615e-07, 1.58327964073e-07, 9.01345558191e-08, 5.80901300395e-08, 4.78893866784e-08, 4.1764572245e-08, 3.89738303852e-08, 2.19805755819e-08, 1.43944305364e-08, 7.63495844325e-09], "min": [1.02949937448e-23, 1.69786264418e-23, 2.3557104769e-23, 1.01291128626e-23, 1.76265463023e-23, 1.56370706537e-23, 2.09007481993e-23, 3.18134823529e-24, 9.84917452629e-24, 1.59780478914e-23, 5.16653011391e-24, 5.66238717412e-24, 2.17752415335e-23, 9.51806357196e-24, 8.22806378834e-24, 2.16905636262e-23, 5.84025203685e-24, 7.52944699295e-24, 6.85090355216e-24, 6.90112953713e-24, 7.72017778261e-24, 1.3428725547e-23, 4.24872831601e-24, 6.97119142957e-24, 1.67133830065e-23, 9.91554770513e-24, 1.12384374665e-23, 1.38634920355e-23, 1.195715286e-23, 1.12684386356e-23, 7.50044767721e-24, 7.82097290706e-24, 1.08029688918e-23, 9.62374726743e-24, 1.19052229355e-23, 9.05024144503e-24, 1.08179888035e-23, 1.12453399994e-23, 1.20756547563e-23, 9.26769489786e-24], "var": [3.4355034586e-06, 1.16527462524e-06, 1.00094510458e-07, 1.44913457234e-07, 1.77355889264e-06, 3.96069623321e-07, 1.65973517596e-06, 7.28148336293e-07, 3.75570579081e-08, 1.11327596031e-08, 3.86805076857e-08, 6.59358079247e-09, 1.80974559782e-08, 7.06791913885e-09, 2.71110227601e-08, 1.17106742081e-08, 2.1027616981e-08, 9.739971496e-09, 9.70118740895e-09, 1.52569210599e-08, 2.60679078323e-09, 1.05490294278e-09, 2.08223105425e-09, 2.09469178114e-10, 1.28033517122e-09, 2.4729274184e-10, 1.41923528485e-10, 8.55277862422e-11, 5.38110840609e-11, 5.71769090407e-11, 2.96122258658e-11, 8.98940158423e-11, 4.14456594044e-11, 1.02092136828e-11, 1.02580643632e-11, 4.87476075131e-12, 2.98235763342e-12, 1.82401359641e-12, 8.18137766735e-13, 6.80281352083e-13]}, "mfcc": {"mean": [-723.508361816, 151.535461426, -11.5460309982, -3.4258377552, -26.4694633484, -24.8847255707, -27.1552696228, -16.2358818054, -18.0913219452, -13.7805871964, -11.1184844971, -2.93864178658, 0.229743137956], "cov": [[11678.3388672, -1347.94799805, 622.162414551, 592.948608398, 284.919647217, 930.054748535, 179.774337769, 148.531402588, 43.5171318054, 288.077728271, 176.225341797, 164.104934692, -31.347492218], [-1347.94799805, 2214.37890625, -156.2162323, 99.4990539551, 100.842247009, -179.644180298, -61.829284668, -64.7859344482, 10.6999368668, -101.091377258, -65.9084625244, -54.7471961975, 95.3369979858], [622.162414551, -156.2162323, 691.93927002, 300.283874512, 255.684326172, 242.381072998, 192.373428345, 170.863418579, 124.204124451, 159.851074219, 106.154830933, 47.2297821045, 34.4382553101], [592.948608398, 99.4990539551, 300.283874512, 431.948822021, 240.388885498, 271.546203613, 178.823867798, 159.589828491, 95.839263916, 134.42956543, 95.0892410278, 43.5182952881, 49.7826004028], [284.919647217, 100.842247009, 255.684326172, 240.388885498, 416.603485107, 300.583984375, 164.095336914, 102.22769928, 154.099212646, 108.606384277, 81.9121322632, 27.2762413025, 87.4019393921], [930.054748535, -179.644180298, 242.381072998, 271.546203613, 300.583984375, 464.147918701, 220.097930908, 149.438034058, 155.92741394, 161.700271606, 119.994934082, 58.6866836548, 50.066028595], [179.774337769, -61.829284668, 192.373428345, 178.823867798, 164.095336914, 220.097930908, 222.286972046, 135.136032104, 84.0158538818, 100.039207458, 111.546340942, 58.6144523621, 15.6442642212], [148.531402588, -64.7859344482, 170.863418579, 159.589828491, 102.22769928, 149.438034058, 135.136032104, 205.687103271, 93.804107666, 63.1263198853, 57.3297195435, 91.891708374, 40.5504341125], [43.5171318054, 10.6999368668, 124.204124451, 95.839263916, 154.099212646, 155.92741394, 84.0158538818, 93.804107666, 207.395690918, 95.6233673096, 6.78109931946, 2.64257240295, 72.3501358032], [288.077728271, -101.091377258, 159.851074219, 134.42956543, 108.606384277, 161.700271606, 100.039207458, 63.1263198853, 95.6233673096, 199.24609375, 72.7754821777, -34.1065483093, -4.2531580925], [176.225341797, -65.9084625244, 106.154830933, 95.0892410278, 81.9121322632, 119.994934082, 111.546340942, 57.3297195435, 6.78109931946, 72.7754821777, 171.160995483, 59.6173171997, -23.9618606567], [164.104934692, -54.7471961975, 47.2297821045, 43.5182952881, 27.2762413025, 58.6866836548, 58.6144523621, 91.891708374, 2.64257240295, -34.1065483093, 59.6173171997, 195.342666626, 53.8940925598], [-31.347492218, 95.3369979858, 34.4382553101, 49.7826004028, 87.4019393921, 50.066028595, 15.6442642212, 40.5504341125, 72.3501358032, -4.2531580925, -23.9618606567, 53.8940925598, 156.764831543]], "icov": [[0.000126683007693, 4.36778645962e-05, -7.92864302639e-05, -0.000128775936901, 0.000131459732074, -0.000418991112383, 0.000292861339403, 0.000114444985229, 0.000116207796964, -2.44851071329e-05, 6.47808046779e-05, -0.000121637967823, 5.6195029174e-05], [4.36778645962e-05, 0.000613607058767, 0.000232672435232, -0.000597475795075, -0.000364078849088, 0.000542902678717, -5.31277692062e-05, 0.00025268146419, -0.000205278905923, 0.000316947931424, -8.23760856292e-05, 0.000139049836434, -0.000213326173252], [-7.92864302639e-05, 0.000232672435232, 0.002625557594, -0.000986315077171, -0.00113615766168, 0.00109294045251, -0.000708515697625, -0.00071096222382, -0.000174165819772, -0.000819771725219, -1.20362610687e-05, -0.000100684228528, 0.000208997022128], [-0.000128775936901, -0.000597475795075, -0.000986315077171, 0.0059851622209, -0.00100886169821, -0.00137757277116, -0.000549689284526, -0.00277902372181, 0.00209842878394, -0.00144846446346, 6.01176689088e-05, 0.000806600728538, -0.000846118899062], [0.000131459732074, -0.000364078849088, -0.00113615766168, -0.00100886169821, 0.00682173203677, -0.00338132190518, -0.000536610197742, 0.00167463871185, -0.00193546339869, 0.00147674849723, -0.00123774749227, 0.000895476085134, -0.00184914725833], [-0.000418991112383, 0.000542902678717, 0.00109294045251, -0.00137757277116, -0.00338132190518, 0.00870481133461, -0.00390331423841, 0.000260606117081, -0.00189747754484, -0.00153308047447, -0.000260708096903, -0.000785971293226, 0.000275171420071], [0.000292861339403, -5.31277692062e-05, -0.000708515697625, -0.000549689284526, -0.000536610197742, -0.00390331423841, 0.0145547604188, -0.00465934770182, 0.000126336759422, -0.000359661498806, -0.00424666563049, 6.6228742071e-05, 0.000979666598141], [0.000114444985229, 0.00025268146419, -0.00071096222382, -0.00277902372181, 0.00167463871185, 0.000260606117081, -0.00465934770182, 0.0131250778213, -0.00408459454775, -1.18614761959e-05, 0.00164099026006, -0.00499469740316, 0.000813675462268], [0.000116207796964, -0.000205278905923, -0.000174165819772, 0.00209842878394, -0.00193546339869, -0.00189747754484, 0.000126336759422, -0.00408459454775, 0.0114814126864, -0.00401515746489, 0.00260211760178, 0.00138604652602, -0.00323760556057], [-2.44851071329e-05, 0.000316947931424, -0.000819771725219, -0.00144846446346, 0.00147674849723, -0.00153308047447, -0.000359661498806, -1.18614761959e-05, -0.00401515746489, 0.0116913495585, -0.00422954559326, 0.00433460436761, 0.000181243463885], [6.47808046779e-05, -8.23760856292e-05, -1.20362610687e-05, 6.01176689088e-05, -0.00123774749227, -0.000260708096903, -0.00424666563049, 0.00164099026006, 0.00260211760178, -0.00422954559326, 0.0124921919778, -0.00476229330525, 0.00305027794093], [-0.000121637967823, 0.000139049836434, -0.000100684228528, 0.000806600728538, 0.000895476085134, -0.000785971293226, 6.6228742071e-05, -0.00499469740316, 0.00138604652602, 0.00433460436761, -0.00476229330525, 0.010927063413, -0.004312410485], [5.6195029174e-05, -0.000213326173252, 0.000208997022128, -0.000846118899062, -0.00184914725833, 0.000275171420071, 0.000979666598141, 0.000813675462268, -0.00323760556057, 0.000181243463885, 0.00305027794093, -0.004312410485, 0.0108255213127]]}, "spectral_contrast_coeffs": {"dmean": [0.0639190375805, 0.043588578701, 0.0458941832185, 0.0374087281525, 0.0271388068795, 0.0243631284684], "dmean2": [0.103275820613, 0.0682629197836, 0.0688266158104, 0.0578081943095, 0.0428820885718, 0.0393557287753], "dvar": [0.0041984426789, 0.00209243362769, 0.00201708846726, 0.00142162595876, 0.000743680866435, 0.000593712087721], "dvar2": [0.00915377680212, 0.00507032871246, 0.00400043418631, 0.00282834563404, 0.00153860112187, 0.00158128037583], "max": [-0.205113053322, -0.405242264271, -0.481799840927, -0.511216759682, -0.582868039608, -0.613949716091], "mean": [-0.510526239872, -0.621779620647, -0.693472802639, -0.755710601807, -0.779493749142, -0.771933436394], "median": [-0.494187891483, -0.604407548904, -0.693162918091, -0.771183013916, -0.788861036301, -0.768603563309], "min": [-0.970436036587, -0.975314438343, -0.957778453827, -0.954204678535, -0.964977383614, -0.961673617363], "var": [0.0137657932937, 0.0059827058576, 0.0066178785637, 0.00617891084403, 0.00331716495566, 0.0015183116775]}, "spectral_contrast_valleys": {"dmean": [0.762809216976, 0.462837636471, 0.538952469826, 0.586238861084, 0.629288733006, 0.843960464001], "dmean2": [1.13775026798, 0.624276340008, 0.770995438099, 0.830615580082, 0.816354393959, 1.02325761318], "dvar": [0.683044016361, 0.258356451988, 0.376932173967, 0.445955246687, 0.485020637512, 0.688195049763], "dvar2": [1.30696940422, 0.425869852304, 0.64795166254, 0.801272749901, 0.921709656715, 1.38783073425], "max": [-5.37129306793, -4.49522209167, -5.102206707, -5.25421524048, -5.48075151443, -7.99260520935], "mean": [-9.31210136414, -6.91