{"lowlevel": {"average_loudness": 0.938495635986, "barkbands_crest": {"dmean": 2.17141032219, "dmean2": 3.28583073616, "dvar": 3.37403059006, "dvar2": 7.43944740295, "max": 22.5362644196, "mean": 10.4379768372, "median": 9.92624282837, "min": 3.72055578232, "var": 11.8043603897}, "barkbands_flatness_db": {"dmean": 0.0188746973872, "dmean2": 0.0251215714961, "dvar": 0.000256500468822, "dvar2": 0.000424536177889, "max": 0.373922944069, "mean": 0.200436875224, "median": 0.202231615782, "min": 0.0524264238775, "var": 0.00220057810657}, "barkbands_kurtosis": {"dmean": 2.16059136391, "dmean2": 3.12672185898, "dvar": 4.9147567749, "dvar2": 9.11713218689, "max": 36.3480987549, "mean": 4.81265115738, "median": 3.9229528904, "min": -1.1423085928, "var": 15.4322223663}, "barkbands_skewness": {"dmean": 0.381233662367, "dmean2": 0.551785051823, "dvar": 0.114809691906, "dvar2": 0.231777921319, "max": 5.29569721222, "mean": 1.75871646404, "median": 1.83154463768, "min": -2.37665224075, "var": 1.08751797676}, "barkbands_spread": {"dmean": 2.38589978218, "dmean2": 3.52971029282, "dvar": 5.41071605682, "dvar2": 11.5886468887, "max": 37.78881073, "mean": 10.2693510056, "median": 8.8859796524, "min": 1.75277221203, "var": 28.9134178162}, "dissonance": {"dmean": 0.0184343643486, "dmean2": 0.030751876533, "dvar": 0.000255257502431, "dvar2": 0.000711228465661, "max": 0.500000119209, "mean": 0.454552650452, "median": 0.45676112175, "min": 0.318227529526, "var": 0.000631020579021}, "dynamic_complexity": 2.67434000969, "erbbands_crest": {"dmean": 2.23953986168, "dmean2": 3.39047861099, "dvar": 4.03607845306, "dvar2": 8.73367500305, "max": 26.5853023529, "mean": 8.73454856873, "median": 7.99966812134, "min": 2.75919294357, "var": 14.0700769424}, "erbbands_flatness_db": {"dmean": 0.0125105315819, "dmean2": 0.0175850726664, "dvar": 0.000123192177853, "dvar2": 0.000225506169954, "max": 0.362920701504, "mean": 0.220570206642, "median": 0.224071279168, "min": 0.0823574885726, "var": 0.00139824545477}, "erbbands_kurtosis": {"dmean": 0.651548445225, "dmean2": 0.996885240078, "dvar": 0.679436564445, "dvar2": 1.3295955658, "max": 28.3007144928, "mean": -0.0484255366027, "median": -0.311815738678, "min": -1.56649529934, "var": 1.70638716221}, "erbbands_skewness": {"dmean": 0.292324393988, "dmean2": 0.440059155226, "dvar": 0.0664816647768, "dvar2": 0.143860861659, "max": 3.81158900261, "mean": 0.619189918041, "median": 0.644597291946, "min": -1.30905079842, "var": 0.286376774311}, "erbbands_spread": {"dmean": 4.10063791275, "dmean2": 6.14010667801, "dvar": 11.5191326141, "dvar2": 24.7756443024, "max": 57.0880393982, "mean": 27.5407028198, "median": 27.7522106171, "min": 3.94858288765, "var": 50.890247345}, "hfc": {"dmean": 2.63402843475, "dmean2": 3.5762887001, "dvar": 9.21195793152, "dvar2": 16.4094219208, "max": 65.802116394, "mean": 12.4199781418, "median": 11.2438583374, "min": 1.04019841383e-16, "var": 66.0584182739}, "melbands_crest": {"dmean": 2.86942481995, "dmean2": 4.32016324997, "dvar": 5.7413444519, "dvar2": 12.6113023758, "max": 29.5746994019, "mean": 13.8513212204, "median": 13.3615112305, "min": 1.55553162098, "var": 27.166727066}, "melbands_flatness_db": {"dmean": 0.0214858800173, "dmean2": 0.0275939404964, "dvar": 0.000388326210668, "dvar2": 0.00061991851544, "max": 0.49635463953, "mean": 0.253975480795, "median": 0.261074066162, "min": 0.0033254227601, "var": 0.0053454269655}, "melbands_kurtosis": {"dmean": 3.307336092, "dmean2": 4.84526920319, "dvar": 13.591506958, "dvar2": 26.1063537598, "max": 64.2730407715, "mean": 8.98973178864, "median": 7.73889827728, "min": -1.42559945583, "var": 45.7141494751}, "melbands_skewness": {"dmean": 0.435581207275, "dmean2": 0.635711252689, "dvar": 0.14263600111, "dvar2": 0.285434097052, "max": 7.12750482559, "mean": 2.33065342903, "median": 2.29930448532, "min": -0.36356189847, "var": 0.891258180141}, "melbands_spread": {"dmean": 3.36075091362, "dmean2": 5.06935882568, "dvar": 26.2491378784, "dvar2": 63.0120582581, "max": 159.863998413, "mean": 17.0655250549, "median": 10.4539756775, "min": 2.06592535973, "var": 701.746276855}, "pitch_salience": {"dmean": 0.0625623986125, "dmean2": 0.0936301723123, "dvar": 0.00266043655574, "dvar2": 0.00591711280867, "max": 0.915058493614, "mean": 0.594594955444, "median": 0.599366545677, "min": 0.162711173296, "var": 0.0125583773479}, "silence_rate_20dB": {"dmean": 0, "dmean2": 0, "dvar": 0, "dvar2": 0, "max": 1, "mean": 1, "median": 1, "min": 1, "var": 0}, "silence_rate_30dB": {"dmean": 0.00588884809986, "dmean2": 0.0117820324376, "dvar": 0.00585405994207, "dvar2": 0.0131159769371, "max": 1, "mean": 0.994113326073, "median": 1, "min": 0, "var": 0.00585193373263}, "silence_rate_60dB": {"dmean": 0.000736106012482, "dmean2": 0.0014727540547, "dvar": 0.000735561363399, "dvar2": 0.00147056241985, "max": 1, "mean": 0.0754231065512, "median": 0, "min": 0, "var": 0.0697371661663}, "spectral_centroid": {"dmean": 140.163467407, "dmean2": 201.702041626, "dvar": 64751.6875, "dvar2": 108712.648438, "max": 11749.5537109, "mean": 1187.54956055, "median": 657.598999023, "min": 249.8387146, "var": 4933642}, "spectral_complexity": {"dmean": 2.67059254646, "dmean2": 4.05154657364, "dvar": 6.37251186371, "dvar2": 13.3176040649, "max": 40, "mean": 17.6059608459, "median": 18, "min": 0, "var": 48.8750915527}, "spectral_decrease": {"dmean": 1.67012548236e-09, "dmean2": 2.15970175077e-09, "dvar": 3.71001092642e-18, "dvar2": 5.76642825134e-18, "max": 4.04346692178e-20, "mean": -6.67499389095e-09, "median": -5.72586245084e-09, "min": -4.23297201735e-08, "var": 2.38415405911e-17}, "spectral_energy": {"dmean": 0.00650672521442, "dmean2": 0.00842263363302, "dvar": 5.57893326913e-05, "dvar2": 8.71267548064e-05, "max": 0.163104325533, "mean": 0.0263194609433, "median": 0.0227520111948, "min": 9.8267465418e-21, "var": 0.000363818166079}, "spectral_energyband_high": {"dmean": 1.71436004166e-05, "dmean2": 2.38680768234e-05, "dvar": 7.37535255091e-10, "dvar2": 1.38937461536e-09, "max": 0.000618013436906, "mean": 4.53327302239e-05, "median": 2.7967909773e-05, "min": 6.82705521414e-21, "var": 2.76315104131e-09}, "spectral_energyband_low": {"dmean": 0.000611273455434, "dmean2": 0.000844630412757, "dvar": 7.38368271413e-07, "dvar2": 1.28143301481e-06, "max": 0.0206881985068, "mean": 0.00181914598215, "median": 0.00116140465252, "min": 1.09526236942e-23, "var": 4.20275364377e-06}, "spectral_energyband_middle_high": {"dmean": 0.000879899016581, "dmean2": 0.00130070594605, "dvar": 1.28799842969e-06, "dvar2": 2.82424775833e-06, "max": 0.0211165118963, "mean": 0.00290967687033, "median": 0.00248196395114, "min": 1.19243426834e-21, "var": 4.74799935546e-06}, "spectral_energyband_middle_low": {"dmean": 0.00628096656874, "dmean2": 0.00812827050686, "dvar": 5.352124208e-05, "dvar2": 8.15226885607e-05, "max": 0.159494534135, "mean": 0.0227771103382, "median": 0.0188878569752, "min": 1.71195009067e-22, "var": 0.000317437661579}, "spectral_entropy": {"dmean": 0.13843357563, "dmean2": 0.181450411677, "dvar": 0.0163527298719, "dvar2": 0.0265954453498, "max": 9.82493782043, "mean": 7.13609933853, "median": 7.03625535965, "min": 5.44273805618, "var": 0.449280560017}, "spectral_flux": {"dmean": 0.0143203437328, "dmean2": 0.0237417574972, "dvar": 0.000191902450752, "dvar2": 0.000525474315509, "max": 0.176623433828, "mean": 0.0620126016438, "median": 0.062399379909, "min": 6.39954825243e-11, "var": 0.000739926181268}, "spectral_kurtosis": {"dmean": 4.23405456543, "dmean2": 7.42084646225, "dvar": 17.6725463867, "dvar2": 52.3595428467, "max": 105.071083069, "mean": 10.612701416, "median": 8.8651599884, "min": -1.25680625439, "var": 83.7371826172}, "spectral_rms": {"dmean": 0.000583096407354, "dmean2": 0.00076000840636, "dvar": 2.85895197294e-07, "dvar2": 4.76702126662e-07, "max": 0.0126145221293, "mean": 0.00466971239075, "median": 0.00471137836576, "min": 3.09629947549e-12, "var": 3.87132195101e-06}, "spectral_rolloff": {"dmean": 206.827285767, "dmean2": 335.470611572, "dvar": 280967.03125, "dvar2": 576671.875, "max": 19595.2148438, "mean": 1615.29418945, "median": 667.529296875, "min": 193.798828125, "var": 15173064}, "spectral_skewness": {"dmean": 0.351771086454, "dmean2": 0.603053152561, "dvar": 0.102127969265, "dvar2": 0.291583836079, "max": 8.35224819183, "mean": 2.0483944416, "median": 1.97443509102, "min": -0.0810258835554, "var": 0.716308236122}, "spectral_spread": {"dmean": 248673.984375, "dmean2": 403216.78125, "dvar": 753826791424, "dvar2": 1380887429120.0, "max": 43667344, "mean": 4201556, "median": 2366124, "min": 951128.875, "var": 66936859787300.0}, "spectral_strongpeak": {"dmean": 0.381133168936, "dmean2": 0.606433212757, "dvar": 0.17793725431, "dvar2": 0.388772249222, "max": 5.6552324295, "mean": 0.926983118057, "median": 0.769077897072, "min": 0, "var": 0.512435793877}, "zerocrossingrate": {"dmean": 0.00507618393749, "dmean2": 0.00657831318676, "dvar": 0.000184601172805, "dvar2": 0.000392623478547, "max": 0.52734375, "mean": 0.0537666268647, "median": 0.03125, "min": 0.0087890625, "var": 0.0102555286139}, "barkbands": {"dmean": [5.15436617832e-08, 7.18379524187e-05, 0.000174534230609, 0.00207171775401, 0.00328497169539, 0.00151227891911, 0.00178702303674, 0.00109927728772, 0.000516227446496, 0.000478345813463, 0.000163222735864, 0.000122001831187, 0.00019324135792, 0.000160069161211, 0.000195519838599, 0.000181065668585, 0.000164177588886, 7.22481127013e-05, 4.68015641673e-05, 1.91330163943e-05, 7.07707658876e-06, 2.76061496152e-06, 1.42025737659e-06, 7.81940229899e-07, 5.12719168455e-07, 1.96165473199e-07, 2.35419808092e-08], "dmean2": [9.01552894561e-08, 0.000118713491247, 0.000276245205896, 0.00242536491714, 0.00443295855075, 0.00250066444278, 0.00236563221551, 0.00153145310469, 0.000806947355159, 0.000746095669456, 0.000266714341706, 0.000202146824449, 0.00032341122278, 0.000266481132712, 0.000320790539263, 0.000301710213535, 0.000265178445261, 0.000111975925392, 7.16335925972e-05, 2.94571709674e-05, 1.03986949398e-05, 4.2234078137e-06, 2.07466632673e-06, 1.14054910227e-06, 7.18784519904e-07, 2.66953691153e-07, 3.44498225502e-08], "dvar": [9.55565311665e-15, 9.75492309152e-09, 9.11857895858e-08, 1.51073199959e-05, 1.6229787434e-05, 3.79932453143e-06, 8.89030707185e-06, 3.6853509755e-06, 5.05803086526e-07, 5.29696933427e-07, 6.97457096521e-08, 2.37491537547e-08, 9.03935060137e-08, 5.16670972672e-08, 6.96772346487e-08, 6.70697559713e-08, 5.6704458018e-08, 1.19832508361e-08, 6.19370865707e-09, 7.91539667144e-10, 1.28006286126e-10, 2.41723238648e-11, 7.46718745864e-12, 2.78066111803e-12, 7.66635127776e-13, 1.05778009778e-13, 1.225954195e-15], "dvar2": [2.8919781744e-14, 2.86769967772e-08, 2.305038862e-07, 1.85632525245e-05, 2.7315436455e-05, 1.04384971564e-05, 1.39326994031e-05, 6.06118737778e-06, 1.10808798581e-06, 1.27226144286e-06, 1.65687254139e-07, 6.14838810975e-08, 2.29207131497e-07, 1.36804985118e-07, 1.81648601938e-07, 1.80172648356e-07, 1.411223991e-07, 2.70901985289e-08, 1.43423459775e-08, 1.7526937679e-09, 2.49190251767e-10, 5.61402591082e-11, 1.67486302605e-11, 6.33566983599e-12, 1.52372613225e-12, 2.14903534421e-13, 2.62265202096e-15], "max": [2.78306333712e-06, 0.00157379731536, 0.00808059237897, 0.102809384465, 0.0778455361724, 0.0459597706795, 0.0729200392962, 0.0612798593938, 0.0137845445424, 0.0152317341417, 0.00806609261781, 0.00214146869257, 0.00570369325578, 0.00341739878058, 0.00429273443297, 0.00378169328906, 0.00353033072315, 0.00179894943722, 0.00138107512612, 0.000414285081206, 0.000223452108912, 8.93833639566e-05, 4.6752338676e-05, 4.35142101196e-05, 1.44358000398e-05, 4.68794587505e-06, 4.62885026309e-07], "mean": [9.95175071239e-08, 0.000183659620234, 0.000591539021116, 0.00455120904371, 0.00766037032008, 0.00303080538288, 0.00374491908588, 0.0023621704895, 0.00103560707066, 0.000825973867904, 0.000255863269558, 0.000221998416237, 0.000318016769597, 0.000278441089904, 0.000355280819349, 0.000311859417707, 0.000291454169201, 0.000136086950079, 9.22802501009e-05, 4.38029019278e-05, 1.59189330589e-05, 6.02709133091e-06, 2.96630628327e-06, 1.74889055415e-06, 9.84388293546e-07, 3.77074741209e-07, 5.33296642402e-08], "median": [2.97915345726e-08, 8.71644297149e-05, 0.000222201662837, 0.00109680159949, 0.00538569968194, 0.00192590872757, 0.0020286636427, 0.00114804646, 0.000683080288582, 0.00054508401081, 0.000164484154084, 0.000158339666086, 0.000202039489523, 0.00018493742391, 0.000262377405306, 0.000218502726057, 0.000203087678528, 9.28962472244e-05, 5.64247566217e-05, 2.75045640592e-05, 1.00187553471e-05, 3.51144535671e-06, 1.48343337969e-06, 8.63502009452e-07, 5.26061739947e-07, 2.09743518553e-07, 3.59407863471e-08], "min": [3.99095480181e-25, 1.28977633877e-24, 1.05570927806e-24, 7.2397157374e-25, 7.73250215654e-24, 8.46098838124e-24, 1.24536879462e-23, 8.35431782077e-24, 1.45563895893e-23, 1.24439731241e-23, 1.70457979479e-23, 1.90354645008e-23, 1.24290005441e-23, 2.11194867065e-23, 4.83289007152e-23, 7.37634234411e-23, 6.56846610454e-23, 9.32209616583e-23, 1.11377491538e-22, 1.54581535294e-22, 1.85738638042e-22, 2.70638789536e-22, 3.81805345979e-22, 5.7941310947e-22, 9.20145333257e-22, 1.1398897202e-21, 1.99216555062e-21], "var": [7.11748639626e-14, 5.31134993764e-08, 8.23596792543e-07, 7.35979047022e-05, 6.41370352241e-05, 1.40848605952e-05, 2.9666482078e-05, 1.73907501448e-05, 1.61857519743e-06, 9.69013854046e-07, 1.21327801139e-07, 4.71722216844e-08, 1.62694433925e-07, 9.57117336498e-08, 1.22106698086e-07, 1.04133782486e-07, 9.28965135927e-08, 2.28108678613e-08, 1.34523352457e-08, 2.26702101536e-09, 3.32331662189e-10, 5.96910992856e-11, 1.94428275563e-11, 7.14973046045e-12, 1.71885346668e-12, 2.26716161036e-13, 3.10013571651e-15]}, "erbbands": {"dmean": [0.000542808498722, 0.0224771928042, 0.186355188489, 2.82311749458, 10.8961706161, 11.384560585, 10.5464267731, 15.6998596191, 26.9066810608, 21.8183612823, 15.1193742752, 14.6244001389, 12.3628540039, 11.6880397797, 7.25184583664, 4.58502674103, 8.98445129395, 8.13642692566, 8.31822395325, 9.87741470337, 8.55517673492, 7.43465280533, 4.50371408463, 3.25936198235, 1.8709474802, 0.894127428532, 0.421376556158, 0.186523795128, 0.120991043746, 0.060874350369, 0.0381360016763, 0.021210283041, 0.0115977218375, 0.00679591670632, 0.00322019308805, 0.00130446825642, 0.000257323903497, 4.19061034336e-05, 5.63519006391e-06, 7.24677875041e-06], "dmean2": [0.000829275057185, 0.0373393595219, 0.285530358553, 3.40510988235, 13.8878898621, 15.2869596481, 16.4519577026, 25.8167953491, 35.6149139404, 29.0177822113, 23.0099220276, 22.8556938171, 18.81772995, 18.6257648468, 11.86997509, 7.50790262222, 15.0922107697, 13.5820798874, 13.735490799, 16.3825778961, 13.9554681778, 11.8923177719, 6.92024278641, 5.10963344574, 2.81810951233, 1.36865508556, 0.629597902298, 0.276252686977, 0.192343264818, 0.0909699052572, 0.0558382794261, 0.0320030413568, 0.0167888682336, 0.00969947408885, 0.00452232779935, 0.00185119011439, 0.00034389999928, 5.51876692043e-05, 7.86055807112e-06, 9.3839762485e-06], "dvar": [5.69917006032e-07, 0.000978524331003, 0.0763132721186, 24.9809093475, 323.700622559, 216.471298218, 280.768737793, 422.53817749, 2064.8371582, 1396.41906738, 755.144165039, 411.528106689, 352.042388916, 516.464355469, 85.9551086426, 41.2327804565, 197.016464233, 132.635742188, 137.599807739, 196.679260254, 144.523101807, 126.596244812, 42.6515846252, 39.035861969, 8.52522087097, 1.65049898624, 0.472753793001, 0.0946771427989, 0.0485865660012, 0.0125994253904, 0.0060371318832, 0.00181231100578, 0.000537651241757, 0.000148972321767, 2.67924879154e-05, 4.81986808154e-06, 1.71371382862e-07, 4.17016421395e-09, 5.29545678141e-11, 6.81734876884e-11], "dvar2": [1.40121994718e-06, 0.00286852451973, 0.194366544485, 31.5531654358, 471.248718262, 378.131530762, 675.459838867, 1147.30932617, 3268.8762207, 1970.43920898, 1986.46887207, 909.437011719, 764.32409668, 1306.69445801, 215.075958252, 105.803443909, 510.261505127, 349.802062988, 351.696166992, 517.738525391, 357.942230225, 311.577758789, 90.5669021606, 101.109596252, 18.4945716858, 3.74428343773, 0.92069709301, 0.203220188618, 0.116945654154, 0.0257934201509, 0.01406649407, 0.00416290666908, 0.00121399201453, 0.000304959976347, 5.22028676642e-05, 1.0159199519e-05, 3.26208066781e-07, 7.34912752876e-09, 1.07325794085e-10, 1.0681009549e-10], "max": [0.0235085599124, 0.454403609037, 6.92039489746, 131.640457153, 371.661560059, 326.921722412, 269.738128662, 568.911987305, 1132.47460938, 1196.15625, 445.115844727, 418.965301514, 283.025604248, 550.687866211, 176.321868896, 96.957862854, 239.212860107, 176.560424805, 191.732254028, 181.431991577, 151.736129761, 204.877151489, 110.349601746, 121.524673462, 41.6880989075, 18.486240387, 14.0180902481, 5.35228061676, 4.02515459061, 2.16462755203, 1.57009041309, 0.894713401794, 0.62477606535, 0.192740261555, 0.0928313732147, 0.0289501529187, 0.00563001167029, 0.000882309803274, 0.000116820418043, 0.000178908361704], "mean": [0.00193727854639, 0.0648943707347, 0.669160723686, 6.64007759094, 23.641166687, 25.5040130615, 22.3956680298, 30.619720459, 58.0042076111, 50.5183143616, 34.9008979797, 29.7137966156, 23.499130249, 18.5586986542, 13.0493612289, 10.0271692276, 15.3105096817, 15.1227607727, 16.1294956207, 18.3862953186, 16.5225944519, 13.9622955322, 9.11886692047, 6.19953298569, 3.7154147625, 2.15092229843, 0.979319393635, 0.411972165108, 0.24691413343, 0.135108694434, 0.0814250409603, 0.045367795974, 0.0243319775909, 0.0130805196241, 0.00613235821947, 0.00234734732658, 0.000547920702957, 9.98854884529e-05, 2.18721143028e-05, 3.00797200907e-05], "median": [0.00102149543818, 0.0318218097091, 0.365360081196, 2.30680465698, 10.589422226, 16.5537071228, 13.6029834747, 19.4028491974, 31.4760551453, 29.3341598511, 17.6433067322, 19.957862854, 14.074634552, 11.6009502411, 9.48809814453, 7.46171665192, 10.0256757736, 10.3237285614, 12.1326122284, 13.5034999847, 12.0325269699, 9.8067855835, 6.42740106583, 3.9021832943, 2.31319761276, 1.3614385128, 0.620513021946, 0.256347000599, 0.141545966268, 0.075886964798, 0.0387501269579, 0.0229487419128, 0.0117819365114, 0.00685213133693, 0.00316719664261, 0.00122853275388, 0.000325422966853, 6.5548440034e-05, 1.90260161617e-05, 2.63254805759e-05], "min": [7.97925358784e-23, 1.9000168024e-22, 2.38006256886e-21, 2.93065648163e-21, 6.94470953938e-21, 2.56587807099e-20, 4.29018711041e-20, 6.33272480994e-20, 1.4964957439e-19, 1.98272543266e-19, 2.00851912136e-19, 4.07736374931e-19, 4.89286586408e-19, 9.37962223655e-19, 9.62843506288e-19, 7.31358407732e-19, 1.29459566469e-18, 2.00312931588e-18, 2.64523488382e-18, 3.43893722224e-18, 4.60070329358e-18, 4.48143873851e-18, 5.00817246333e-18, 6.45021586394e-18, 7.68564609114e-18, 8.53597369877e-18, 7.36269410048e-18, 1.08058896485e-17, 1.00232651197e-17, 1.01896880686e-17, 1.06702551891e-17, 8.64696727491e-18, 9.79951938141e-18, 7.41846261738e-18, 6.75619989869e-18, 4.12158870226e-18, 2.01831490437e-18, 9.23670403827e-19, 2.52334263443e-19, 2.77836784566e-20], "var": [7.23297716831e-06, 0.00600153021514, 0.804918825626, 122.427085876, 1297.21069336, 813.913452148, 792.344299316, 1700.59985352, 7089.75292969, 6507.66748047, 2308.92163086, 1288.36730957, 838.050415039, 695.1796875, 174.744628906, 92.604095459, 342.126434326, 262.397094727, 237.21244812, 325.091339111, 269.782989502, 209.202911377, 89.0556335449, 66.9083099365, 19.0413284302, 5.29239606857, 1.27843689919, 0.229989677668, 0.103689223528, 0.0360402725637, 0.0171361267567, 0.00452691596001, 0.00135108409449, 0.000317449157592, 6.5149499278e-05, 9.51709625951e-06, 4.22075743245e-07, 1.19089920148e-08, 2.4896884554e-10, 4.59269650088e-10]}, "gfcc": {"mean": [-106.077285767, 147.560409546, -139.244232178, 4.52898406982, -52.3594779968, -24.6196880341, -46.158618927, -8.32858562469, -23.2172164917, -11.7079572678, -17.7957992554, -12.7111692429, -9.88149547577], "cov": [[62846.1679688, 7424.01171875, -8436.31738281, 1023.32580566, -2659.5625, -1335.64782715, -2595.87768555, -399.835845947, -1302.34411621, -522.305114746, -798.620422363, -607.9375, -508.165496826], [7424.01171875, 1456.34851074, -965.034790039, -34.0003852844, -305.355621338, -225.860305786, -286.588104248, -121.928726196, -153.450271606, -127.779930115, -132.989089966, -144.758773804, -71.4978027344], [-8436.31738281, -965.034790039, 1247.26513672, -104.368431091, 382.353546143, 200.666427612, 356.926239014, 53.6455459595, 177.168319702, 65.5778579712, 98.1858901978, 69.6031723022, 59.6250457764], [1023.32580566, -34.0003852844, -104.368431091, 142.987030029, 20.6019172668, 11.2795553207, -17.0539913177, 8.01075649261, -16.6095085144, 4.80871391296, 8.23500823975, 4.67147493362, -3.54683876038], [-2659.5625, -305.355621338, 382.353546143, 20.6019172668, 231.995834351, 82.4258422852, 141.83430481, 8.55229187012, 57.8866958618, 20.2071552277, 41.0590362549, 19.7229232788, 24.6163711548], [-1335.64782715, -225.860305786, 200.666427612, 11.2795553207, 82.4258422852, 98.9277038574, 74.7387313843, 32.6140861511, 27.3365211487, 21.8782997131, 12.7865819931, 22.2455024719, 9.82830810547], [-2595.87768555, -286.588104248, 356.926239014, -17.0539913177, 141.83430481, 74.7387313843, 168.013534546, 29.9197235107, 64.4470672607, 24.0089473724, 41.999130249, 20.3050231934, 24.0943374634], [-399.835845947, -121.928726196, 53.6455459595, 8.01075649261, 8.55229187012, 32.6140861511, 29.9197235107, 63.8618659973, 27.6802387238, 24.7362518311, 7.51494646072, 20.5724582672, 1.94729566574], [-1302.34411621, -153.450271606, 177.168319702, -16.6095085144, 57.8866958618, 27.3365211487, 64.4470672607, 27.6802387238, 66.1988830566, 35.6927833557, 30.678768158, 13.6966915131, 9.68417739868], [-522.305114746, -127.779930115, 65.5778579712, 4.80871391296, 20.2071552277, 21.8782997131, 24.0089473724, 24.7362518311, 35.6927833557, 60.9095230103, 37.5919837952, 25.2499427795, 8.44901752472], [-798.620422363, -132.989089966, 98.1858901978, 8.23500823975, 41.0590362549, 12.7865819931, 41.999130249, 7.51494646072, 30.678768158, 37.5919837952, 65.2862091064, 37.040927887, 16.6352977753], [-607.9375, -144.758773804, 69.6031723022, 4.67147493362, 19.7229232788, 22.2455024719, 20.3050231934, 20.5724582672, 13.6966915131, 25.2499427795, 37.040927887, 60.9167633057, 29.0254325867], [-508.165496826, -71.4978027344, 59.6250457764, -3.54683876038, 24.6163711548, 9.82830810547, 24.0943374634, 1.94729566574, 9.68417739868, 8.44901752472, 16.6352977753, 29.0254325867, 39.9703826904]], "icov": [[0.000746912905015, -0.00172249111347, 0.00240603578277, -0.00367948925123, 0.00146425014827, -0.000891884614248, 0.00195434037596, -0.00108621490654, 0.00132938451134, -0.0012061346788, 0.000447438622359, 0.000276924489299, 0.000237021566136], [-0.00172249111347, 0.00633425218984, -0.00367205357179, 0.0100692296401, -0.00383677845821, 0.00287709129043, -0.00470770709217, 0.00395724084228, -0.00396988540888, 0.00450903084129, -0.000992857152596, 0.00166226085275, -0.000681867764797], [0.00240603578277, -0.00367205357179, 0.0125725232065, -0.0084993056953, 0.00202645966783, -0.00442725885659, 0.00319358310662, -0.000634142837953, -0.000202093258849, -0.00156282319222, 0.00214004260488, 0.000224556366447, 0.00178374524694], [-0.00367948925123, 0.0100692296401, -0.0084993056953, 0.0296666026115, -0.0123318852857, 0.00238015758805, -0.00775159522891, 0.00264802621678, -0.00362785486504, 0.00725735398009, -0.00675768218935, 0.00191460421775, -0.00113639328629], [0.00146425014827, -0.00383677845821, 0.00202645966783, -0.0123318852857, 0.0166129041463, -0.00523826759309, -0.0014686625218, 0.00318673974834, -0.000398040981963, -0.00133748224471, 0.000447775324574, 0.000960615230724, -0.00108250207268], [-0.000891884614248, 0.00287709129043, -0.00442725885659, 0.00238015758805, -0.00523826759309, 0.0254228375852, -0.00887383241206, -0.00375684606843, 0.00562386400998, -0.0063444962725, 0.00973716191947, -0.00711751077324, 0.00422455882654], [0.00195434037596, -0.00470770709217, 0.00319358310662, -0.00775159522891, -0.0014686625218, -0.00887383241206, 0.0301107652485, -0.0116482088342, -0.00055653671734, 0.00434795441106, -0.0121042570099, 0.0125543940812, -0.00838639121503], [-0.00108621490654, 0.00395724084228, -0.000634142837953, 0.00264802621678, 0.00318673974834, -0.00375684606843, -0.0116482088342, 0.0362079963088, -0.0179660208523, -0.00333200604655, 0.0151983629912, -0.0175878424197, 0.0101722683758], [0.00132938451134, -0.00396988540888, -0.000202093258849, -0.00362785486504, -0.000398040981963, 0.00562386400998, -0.00055653671734, -0.0179660208523, 0.0500139966607, -0.0200424827635, -0.00726551609114, 0.0118813123554, -0.0036324353423], [-0.0012061346788, 0.00450903084129, -0.00156282319222, 0.00725735398009, -0.00133748224471, -0.0063444962725, 0.00434795441106, -0.00333200604655, -0.0200424827635, 0.0426550246775, -0.0205857548863, 0.00253485096619, -0.00180189101957], [0.000447438622359, -0.000992857152596, 0.00214004260488, -0.00675768218935, 0.000447775324574, 0.00973716191947, -0.0121042570099, 0.0151983629912, -0.00726551609114, -0.0205857548863, 0.0496873371303, -0.0300218351185, 0.0112399775535], [0.000276924489299, 0.00166226085275, 0.000224556366447, 0.00191460421775, 0.000960615230724, -0.00711751077324, 0.0125543940812, -0.0175878424197, 0.0118813123554, 0.00253485096619, -0.0300218351185, 0.0559723563492, -0.0307887773961], [0.000237021566136, -0.000681867764797, 0.00178374524694, -0.00113639328629, -0.00108250207268, 0.00422455882654, -0.00838639121503, 0.0101722683758, -0.0036324353423, -0.00180189101957, 0.0112399775535, -0.0307887773961, 0.0471791662276]]}, "melbands": {"dmean": [1.17871832117e-05, 6.58891585772e-05, 0.000806772150099, 0.000796789187007, 0.000401171302656, 0.000321235245792, 0.000408206484281, 0.000241688016104, 0.000114644644782, 8.6945372459e-05, 6.15782482782e-05, 5.10501158715e-05, 2.17841188714e-05, 1.67947928276e-05, 1.7401185687e-05, 1.50789892359e-05, 1.77473521035e-05, 1.27139719552e-05, 1.41524378705e-05, 1.58974071383e-05, 1.00309744084e-05, 9.15056261874e-06, 6.54307632431e-06, 3.71947953681e-06, 2.81536085822e-06, 1.56007843088e-06, 1.08029132662e-06, 5.62086484024e-07, 3.27270782918e-07, 1.74157491983e-07, 1.02888961351e-07, 7.60785425769e-08, 4.86274593925e-08, 3.26825748687e-08, 2.37899335787e-08, 1.86702848737e-08, 1.21924754737e-08, 8.65328253497e-09, 7.7148376576e-09, 5.64947777448e-09], "dmean2": [1.90539103642e-05, 0.000106661296741, 0.000977941672318, 0.00102675321978, 0.000607541587669, 0.000529991695657, 0.000539198576007, 0.000323068990838, 0.0001803675259, 0.00013492963626, 9.40687896218e-05, 8.16992178443e-05, 3.56516138709e-05, 2.78802090179e-05, 2.90271473204e-05, 2.50169123319e-05, 2.98348622891e-05, 2.11078731809e-05, 2.32015172514e-05, 2.67245050054e-05, 1.60913077707e-05, 1.48236622408e-05, 1.08555250335e-05, 5.78356821279e-06, 4.5218048399e-06, 2.41848329097e-06, 1.65237440797e-06, 8.8065030468e-07, 5.11218786414e-07, 2.66645798774e-07, 1.59016636303e-07, 1.23210867287e-07, 7.67527552625e-08, 4.98326251375e-08, 3.53532882968e-08, 2.87275909727e-08, 1.88268654e-08, 1.29828121587e-08, 1.13268869839e-08, 8.46591508008e-09], "dvar": [2.57396381986e-10, 1.0808042461e-08, 2.18416039388e-06, 1.03734873846e-06, 3.59792210247e-07, 1.73123297031e-07, 4.74834990882e-07, 1.93384664726e-07, 4.5510180513e-08, 1.54482684422e-08, 8.74397887429e-09, 9.9554648969e-09, 8.83434436716e-10, 4.11290529412e-10, 6.17704665196e-10, 7.46230632842e-10, 6.80015210808e-10, 3.1351546359e-10, 3.8828615323e-10, 5.22038912099e-10, 2.00042829523e-10, 2.21572052372e-10, 8.99977870006e-11, 3.46174026944e-11, 3.18822156176e-11, 6.02758077825e-12, 2.89747566218e-12, 7.06712737376e-13, 2.84889001495e-13, 8.52252838614e-14, 3.1446643656e-14, 1.87686221138e-14, 1.08064336356e-14, 3.59003733859e-15, 2.4635262939e-15, 1.27273042484e-15, 8.23936370486e-16, 3.3721241898e-16, 1.84966862625e-16, 1.12993864291e-16], "dvar2": [7.27100102349e-10, 2.86131029981e-08, 2.86354429591e-06, 1.55203554186e-06, 8.35325465687e-07, 4.75908393582e-07, 7.43065129427e-07, 2.66613426447e-07, 1.30822286337e-07, 3.3301823521e-08, 1.90684961154e-08, 2.53208494172e-08, 2.19328222251e-09, 1.06769437735e-09, 1.65813907049e-09, 1.73005654247e-09, 1.82935067095e-09, 8.05098543388e-10, 1.01250363649e-09, 1.4371345225e-09, 4.96072405376e-10, 5.62562552098e-10, 2.32279917523e-10, 7.63392196679e-11, 8.46141628985e-11, 1.34211461389e-11, 6.5303396371e-12, 1.71055444115e-12, 6.13648617597e-13, 1.82467159871e-13, 7.27135501333e-14, 4.56871648532e-14, 2.68326519044e-14, 7.85961109428e-15, 5.94269210189e-15, 3.14147918291e-15, 1.94837165505e-15, 7.96605476014e-16, 4.12410654079e-16, 2.47874795242e-16], "max": [0.000352477945853, 0.00252800248563, 0.0370163656771, 0.0187912844121, 0.00900409370661, 0.0110294232145, 0.0170613527298, 0.0146369477734, 0.00311943748966, 0.00272929319181, 0.001394993742, 0.00245074578561, 0.000549749704078, 0.00027249235427, 0.000430241401773, 0.00072218402056, 0.000401653058361, 0.000269226875389, 0.000314812525176, 0.000336784869432, 0.000184696604265, 0.000290464493446, 0.000116421339044, 0.000115155278763, 0.000110159882752, 4.38624811068e-05, 2.20521305891e-05, 1.60759627761e-05, 1.04348901004e-05, 6.01554302193e-06, 3.54258463631e-06, 2.5276915494e-06, 2.68684675575e-06, 1.07554308215e-06, 9.54619508775e-07, 6.89027899625e-07, 6.91456250479e-07, 4.99353063788e-07, 2.50090039344e-07, 1.71546702177e-07], "mean": [3.26246590703e-05, 0.000224534771405, 0.00181579217315, 0.00185990438331, 0.000871040625498, 0.000620016129687, 0.000865355948918, 0.000550230557565, 0.000256700033788, 0.000174343251274, 0.000112333058496, 7.61674527894e-05, 3.73803814e-05, 3.20072867908e-05, 3.06730144075e-05, 2.64495283773e-05, 2.97866590699e-05, 2.37312397076e-05, 2.53368252743e-05, 2.54164606304e-05, 1.83787615242e-05, 1.56776241056e-05, 1.08676658783e-05, 6.5936142164e-06, 4.88013438371e-06, 2.85661485577e-06, 2.12597365135e-06, 1.25185181332e-06, 6.80158336763e-07, 3.60834633284e-07, 1.98207771973e-07, 1.44828788962e-07, 9.8151183181e-08, 6.61721770712e-08, 4.8083343529e-08, 3.64725352142e-08, 2.42521540628e-08, 1.73910894574e-08, 1.41631826267e-08, 9.89661597117e-09], "median": [1.63665863511e-05, 0.000109573353257, 0.000582722597755, 0.00119082047604, 0.000567858922295, 0.000393860274926, 0.000461103452835, 0.000310879666358, 0.000134703674121, 0.000112153597001, 6.42757222522e-05, 4.46080921392e-05, 2.630418021e-05, 2.51766723522e-05, 2.02756746148e-05, 1.75231616595e-05, 1.8702208763e-05, 1.76641024154e-05, 1.83314368769e-05, 1.73193220689e-05, 1.29881991597e-05, 1.04306618596e-05, 7.29346584194e-06, 4.36725940745e-06, 2.90757020593e-06, 1.79809842393e-06, 1.29140869376e-06, 7.59545741857e-07, 4.34066748767e-07, 2.17620609533e-07, 1.17752286144e-07, 8.18986833906e-08, 5.56776171834e-08, 3.57383882488e-08, 2.25359571004e-08, 1.75812129299e-08, 1.2107118863e-08, 8.18243162115e-09, 6.97226898438e-09, 5.25517673822e-09], "min": [6.20299325665e-25, 9.39409684171e-25, 4.93037671333e-25, 1.04580443914e-24, 1.64715517795e-24, 1.43908808521e-24, 2.52974676099e-24, 1.79362179893e-24, 1.67926004186e-24, 2.25033242558e-24, 2.33964449626e-24, 2.6423901818e-24, 2.44469335592e-24, 2.54884942224e-24, 2.7997058096e-24, 1.47530932393e-24, 2.67485417464e-24, 3.94206613329e-24, 2.87442572846e-24, 3.47430593194e-24, 4.67152739007e-24, 3.14790585772e-24, 4.31976997369e-24, 3.1841421834e-24, 4.7007377261e-24, 3.96032707995e-24, 4.79140584867e-24, 4.73422566038e-24, 3.69422141965e-24, 4.57459018988e-24, 5.49045967299e-24, 4.25713205124e-24, 4.15772334983e-24, 5.29999039072e-24, 5.67801529752e-24, 6.13051577351e-24, 4.30683936017e-24, 6.78920752962e-24, 5.70852607075e-24, 5.23291512567e-24], "var": [1.82884174471e-09, 1.05789105476e-07, 9.85601855064e-06, 4.32450133303e-06, 9.9477256299e-07, 6.67427741519e-07, 1.61292064149e-06, 9.36481683311e-07, 1.19297368428e-07, 5.28397379185e-08, 2.03449577185e-08, 1.31247848145e-08, 1.70159852875e-09, 8.33788982302e-10, 1.13123643786e-09, 1.46191836414e-09, 1.22468302166e-09, 5.24075505215e-10, 6.59922338997e-10, 7.25482729447e-10, 3.65892677268e-10, 3.15764775438e-10, 1.40728415032e-10, 6.16597328751e-11, 5.00685222449e-11, 1.19658692677e-11, 6.11583960558e-12, 2.10751923725e-12, 6.50451101401e-13, 1.99537665579e-13, 6.2753276154e-14, 3.64874891911e-14, 1.96791554271e-14, 9.23742453243e-15, 6.16303713521e-15, 3.17924224104e-15, 1.53327521832e-15, 8.01267227719e-16, 3.95641731064e-16, 1.9819876134e-16]}, "mfcc": {"mean": [-707.792419434, 175.9009552, -34.9828605652, 22.3371582031, -3.32913827896, -14.5015649796, -17.8871955872, -10.8910799026, -9.73560142517, -6.29697942734, -10.1389875412, -7.70817804337, -7.0742764473], "cov": [[14214.5869141, 4402.70361328, -1334.0703125, 723.420471191, -3.96081376076, -313.505096436, -421.370483398, -238.073959351, -267.641876221, -117.11643219, -235.096817017, -118.068702698, -93.7944030762], [4402.70361328, 2200.69311523, -453.98651123, 262.092071533, -24.2539215088, -117.210403442, -160.224395752, -124.848236084, -93.5196304321, -76.9610519409, -99.4361343384, -59.280834198, -73.3494186401], [-1334.0703125, -453.98651123, 243.195983887, -56.3682327271, 6.33349704742, 31.0889015198, 39.9776306152, 33.1301689148, 31.1373806, 20.7560749054, 21.2719459534, 11.227314949, 12.9540138245], [723.420471191, 262.092071533, -56.3682327271, 93.9882965088, 18.3716335297, -5.3026061058, -10.6539983749, -9.86503982544, -10.6634683609, -7.79528617859, -11.7740345001, -1.93884718418, -4.16695976257], [-3.96081376076, -24.2539215088, 6.33349704742, 18.3716335297, 56.0913581848, 26.9836044312, 12.7077054977, 7.92611980438, 6.2752366066, 1.24765169621, 2.27451252937, 1.33773970604, 6.23568248749], [-313.505096436, -117.210403442, 31.0889015198, -5.3026061058, 26.9836044312, 65.8877334595, 41.9295005798, 13.8572568893, 13.9027118683, 6.62841463089, 9.12443351746, 9.45952510834, 3.15733551979], [-421.370483398, -160.224395752, 39.9776306152, -10.6539983749, 12.7077054977, 41.9295005798, 64.7900161743, 31.354259491, 18.9503307343, 10.9139719009, 11.5229148865, 10.5176296234, 6.10484266281], [-238.073959351, -124.848236084, 33.1301689148, -9.86503982544, 7.92611980438, 13.8572568893, 31.354259491, 52.1185760498, 23.9192714691, 9.46548652649, 7.30714654922, 1.8319119215, 7.83741474152], [-267.641876221, -93.5196304321, 31.1373806, -10.6634683609, 6.2752366066, 13.9027118683, 18.9503307343, 23.9192714691, 49.9830703735, 21.6635513306, 10.5894889832, 4.93212985992, 1.98066210747], [-117.11643219, -76.9610519409, 20.7560749054, -7.79528617859, 1.24765169621, 6.62841463089, 10.9139719009, 9.46548652649, 21.6635513306, 45.3631439209, 21.8349208832, 9.4460849762, 4.87993144989], [-235.096817017, -99.4361343384, 21.2719459534, -11.7740345001, 2.27451252937, 9.12443351746, 11.5229148865, 7.30714654922, 10.5894889832, 21.8349208832, 41.4477119446, 25.3726768494, 11.0673685074], [-118.068702698, -59.280834198, 11.227314949, -1.93884718418, 1.33773970604, 9.45952510834, 10.5176296234, 1.8319119215, 4.93212985992, 9.4460849762, 25.3726768494, 53.0379943848, 26.8545665741], [-93.7944030762, -73.3494186401, 12.9540138245, -4.16695976257, 6.23568248749, 3.15733551979, 6.10484266281, 7.83741474152, 1.98066210747, 4.87993144989, 11.0673685074, 26.8545665741, 48.1230964661]], "icov": [[0.000338813260896, -0.0003224540269, 0.000911467592232, -0.00104915373959, -3.49925758201e-05, -1.62455326063e-05, 0.000926566892304, -0.000786731194239, 0.000746523670387, -0.000985794118606, 0.000734616885893, -0.000151269545313, -0.000166429090314], [-0.0003224540269, 0.00148722087033, 0.00039870373439, -0.00132788647898, 0.000667291635182, 0.000149242361658, 0.000171430496266, 0.00137691677082, -0.000900021288544, 0.00116171198897, 0.000157410977408, 4.92531944474e-06, 0.000954079499934], [0.000911467592232, 0.00039870373439, 0.00931810121983, -0.00250454246998, 8.3459810412e-05, -0.000653685303405, 0.00239925109781, -0.00257295998745, 0.000596221187152, -0.00284663680941, 0.00216961489059, -0.000321896717651, -0.000249426229857], [-0.00104915373959, -0.00132788647898, -0.00250454246998, 0.0221660025418, -0.00765506224707, 0.00204111915082, -0.00527539895847, 0.00153331703041, -0.000626588647719, 0.00143209740054, 0.000277906568954, -0.00250026024878, 0.00101412402], [-3.49925758201e-05, 0.000667291635182, 8.3459810412e-05, -0.00765506224707, 0.0267840754241, -0.0130524048582, 0.00466562621295, -0.00219380785711, -0.00154124153778, 0.00158660719171, -0.00225828681141, 0.00447395816445, -0.00466001173481], [-1.62455326063e-05, 0.000149242361658, -0.000653685303405, 0.00204111915082, -0.0130524048582, 0.0337963402271, -0.0211598314345, 0.00743186706677, -0.00269400980324, 0.00140864483546, -3.15958241117e-05, -0.00299098831601, 0.00314078922383], [0.000926566892304, 0.000171430496266, 0.00239925109781, -0.00527539895847, 0.00466562621295, -0.0211598314345, 0.0413144528866, -0.018844390288, 0.0029947005678, -0.00446530478075, 0.00273638730869, -0.003844270017, 0.00142172235064], [-0.000786731194239, 0.00137691677082, -0.00257295998745, 0.00153331703041, -0.00219380785711, 0.00743186706677, -0.018844390288, 0.037063755095, -0.013987319544, 0.0053513920866, -0.00403697602451, 0.00642788829282, -0.00508388364688], [0.000746523670387, -0.000900021288544, 0.000596221187152, -0.000626588647719, -0.00154124153778, -0.00269400980324, 0.0029947005678, -0.013987319544, 0.0342989191413, -0.0155374286696, 0.00446013174951, -0.00319085619412, 0.00306177837774], [-0.000985794118606, 0.00116171198897, -0.00284663680941, 0.00143209740054, 0.00158660719171, 0.00140864483546, -0.00446530478075, 0.0053513920866, -0.0155374286696, 0.0390486568213, -0.0203985646367, 0.00509258499369, -0.00133431900758], [0.000734616885893, 0.000157410977408, 0.00216961489059, 0.000277906568954, -0.00225828681141, -3.15958241117e-05, 0.00273638730869, -0.00403697602451, 0.00446013174951, -0.0203985646367, 0.0493712686002, -0.0215393211693, 0.00426710722968], [-0.000151269545313, 4.92531944474e-06, -0.000321896717651, -0.00250026024878, 0.00447395816445, -0.00299098831601, -0.003844270017, 0.00642788829282, -0.00319085619412, 0.00509258499369, -0.0215393211693, 0.038372091949, -0.0182044245303], [-0.000166429090314, 0.000954079499934, -0.000249426229857, 0.00101412402, -0.00466001173481, 0.00314078922383, 0.00142172235064, -0.00508388364688, 0.00306177837774, -0.00133431900758, 0.00426710722968, -0.0182044245303, 0.0322969295084]]}, "spectral_contrast_coeffs": {"dmean": [0.0454566478729, 0.0406640097499, 0.034298826009, 0.025928106159, 0.0182008240372, 0.0120173692703], "dmean2": [0.0708722248673, 0.0666342377663, 0.0564363226295, 0.0436941422522, 0.0304514728487, 0.0201924182475], "dvar": [0.00130104355048, 0.00118306314107, 0.000742083939258, 0.000416072172811, 0.000227978118346, 0.000101725592685], "dvar2": [0.00336979632266, 0.00310964439996, 0.00199904106557, 0.00120658893138, 0.000608387636021, 0.000277867948171], "max": [-0.23644028604, -0.484221071005, -0.550065875053, -0.675810039043, -0.685476541519, -0.702458500862], "mean": [-0.502507448196, -0.708046495914, -0.759206771851, -0.79701012373, -0.789237141609, -0.77498370409], "median": [-0.479600697756, -0.699601888657, -0.753556728363, -0.790652990341, -0.782002449036, -0.763457655907], "min": [-0.982155323029, -0.976523160934, -0.975329458714, -0.970846533775, -0.971712589264, -0.965523540974], "var": [0.0163160003722, 0.0069470051676, 0.00393492588773, 0.00251804478467, 0.00226109544747, 0.00239090179093]}, "spectral_contrast_valleys": {"dmean": [0.380523949862, 0.297328799963, 0.285629332066, 0.235026955605, 0.214229956269, 0.238754659891], "dmean2": [0.654123842716, 0.478189647198, 0.462206423283, 0.366890788078, 0.298544287682, 0.296199649572], "dvar": [0.148790568113, 0.141759037971, 0.12078089267, 0.107648804784, 0.106758072972, 0.107601702213], "dvar2": [0.293941348791, 0.221222773194, 0.18340536952, 0.1