{"lowlevel": {"average_loudness": 0.862727463245, "barkbands_crest": {"dmean": 3.83545303345, "dmean2": 7.00251960754, "dvar": 11.969959259, "dvar2": 42.8444595337, "max": 26.454416275, "mean": 15.0556020737, "median": 14.5244274139, "min": 3.60119867325, "var": 22.0258903503}, "barkbands_flatness_db": {"dmean": 0.0536755807698, "dmean2": 0.0888111516833, "dvar": 0.00307174306363, "dvar2": 0.00787569209933, "max": 0.675240516663, "mean": 0.328305184841, "median": 0.338847845793, "min": 0.034503377974, "var": 0.0101415878162}, "barkbands_kurtosis": {"dmean": 20.2053565979, "dmean2": 34.2213783264, "dvar": 1890.16235352, "dvar2": 5405.39160156, "max": 1114.76599121, "mean": 31.9451026917, "median": 17.736831665, "min": -1.93367779255, "var": 2580.17651367}, "barkbands_skewness": {"dmean": 1.38645863533, "dmean2": 2.28736782074, "dvar": 2.55599451065, "dvar2": 7.3837685585, "max": 28.2391777039, "mean": 3.70088672638, "median": 3.27422595024, "min": -4.27823495865, "var": 5.7019405365}, "barkbands_spread": {"dmean": 5.25370502472, "dmean2": 8.70879173279, "dvar": 122.955764771, "dvar2": 292.896575928, "max": 148.490127563, "mean": 7.87433433533, "median": 2.87934732437, "min": 0.12808431685, "var": 240.140853882}, "dissonance": {"dmean": 0.0336702242494, "dmean2": 0.0538169518113, "dvar": 0.00103986426257, "dvar2": 0.0025263025891, "max": 0.499707072973, "mean": 0.399129271507, "median": 0.407523244619, "min": 0.0752329304814, "var": 0.00416212482378}, "dynamic_complexity": 4.83315753937, "erbbands_crest": {"dmean": 3.0585744381, "dmean2": 4.77853679657, "dvar": 9.51913928986, "dvar2": 22.0164241791, "max": 31.97772789, "mean": 12.8197021484, "median": 11.8393669128, "min": 1.91090476513, "var": 30.2326335907}, "erbbands_flatness_db": {"dmean": 0.0353378504515, "dmean2": 0.0508931465447, "dvar": 0.00164577295072, "dvar2": 0.00300634745508, "max": 0.583221316338, "mean": 0.20475384593, "median": 0.20918828249, "min": 0.0139346253127, "var": 0.00766468653455}, "erbbands_kurtosis": {"dmean": 3.23782944679, "dmean2": 5.12321186066, "dvar": 38.7669868469, "dvar2": 90.9175949097, "max": 181.174972534, "mean": 4.3175034523, "median": 1.78406357765, "min": -1.92878472805, "var": 92.3462905884}, "erbbands_skewness": {"dmean": 0.615784168243, "dmean2": 0.929059505463, "dvar": 0.464788496494, "dvar2": 1.08661389351, "max": 11.3689575195, "mean": 1.35997462273, "median": 1.28624463081, "min": -7.96070337296, "var": 1.70272481441}, "erbbands_spread": {"dmean": 16.6517505646, "dmean2": 26.0566215515, "dvar": 730.474975586, "dvar2": 1641.89233398, "max": 194.295028687, "mean": 38.8427658081, "median": 24.9494895935, "min": 0.513303518295, "var": 1309.81311035}, "hfc": {"dmean": 9.86003017426, "dmean2": 16.1240558624, "dvar": 445.864349365, "dvar2": 1125.19934082, "max": 229.154449463, "mean": 14.6684417725, "median": 8.44200134277, "min": 1.1926079637e-16, "var": 443.344024658}, "melbands_crest": {"dmean": 3.17686128616, "dmean2": 5.41083526611, "dvar": 9.57894134521, "dvar2": 28.9405422211, "max": 38.7114257812, "mean": 19.8490638733, "median": 19.2953109741, "min": 2.06427550316, "var": 24.2674999237}, "melbands_flatness_db": {"dmean": 0.047417730093, "dmean2": 0.0706031396985, "dvar": 0.0029075415805, "dvar2": 0.00615704385564, "max": 0.787712216377, "mean": 0.43728223443, "median": 0.451602756977, "min": 0.00584363704547, "var": 0.0110512915999}, "melbands_kurtosis": {"dmean": 34.4110298157, "dmean2": 54.6315231323, "dvar": 7781.01708984, "dvar2": 21497.1132812, "max": 2553.4050293, "mean": 62.4868965149, "median": 33.7174987793, "min": -1.80941665173, "var": 8974.64453125}, "melbands_skewness": {"dmean": 1.51772511005, "dmean2": 2.32780885696, "dvar": 4.24335956573, "dvar2": 10.3687067032, "max": 40.8445320129, "mean": 4.85716676712, "median": 4.07999324799, "min": -2.42553067207, "var": 10.0818567276}, "melbands_spread": {"dmean": 2.63160538673, "dmean2": 4.13114404678, "dvar": 63.3727874756, "dvar2": 132.990188599, "max": 262.317138672, "mean": 4.87940692902, "median": 2.54727649689, "min": 0.2109695822, "var": 150.259613037}, "pitch_salience": {"dmean": 0.0871936529875, "dmean2": 0.154466122389, "dvar": 0.0067681693472, "dvar2": 0.0219952855259, "max": 0.793985128403, "mean": 0.414221525192, "median": 0.427542328835, "min": 0.0353655964136, "var": 0.0158153902739}, "silence_rate_20dB": {"dmean": 0.013185961172, "dmean2": 0.0263770371675, "dvar": 0.0130128739402, "dvar2": 0.0299495458603, "max": 1, "mean": 0.988367557526, "median": 1, "min": 0, "var": 0.0114962365478}, "silence_rate_30dB": {"dmean": 0.0663176253438, "dmean2": 0.132660970092, "dvar": 0.0619172304869, "dvar2": 0.147250920534, "max": 1, "mean": 0.653160154819, "median": 1, "min": 0, "var": 0.22653400898}, "silence_rate_60dB": {"dmean": 0.0104712042958, "dmean2": 0.0207525212318, "dvar": 0.0103623606265, "dvar2": 0.0245856121182, "max": 1, "mean": 0.083947263658, "median": 0, "min": 0, "var": 0.0769018605351}, "spectral_centroid": {"dmean": 151.323669434, "dmean2": 229.721298218, "dvar": 107376.6875, "dvar2": 207421.921875, "max": 10444.3857422, "mean": 463.6847229, "median": 299.495452881, "min": 110.273620605, "var": 259070.953125}, "spectral_complexity": {"dmean": 2.11944937706, "dmean2": 3.25523662567, "dvar": 22.2790355682, "dvar2": 45.4502296448, "max": 49, "mean": 7.249127388, "median": 6, "min": 0, "var": 35.9481658936}, "spectral_decrease": {"dmean": 1.63549973564e-08, "dmean2": 3.10774872503e-08, "dvar": 6.08119734124e-16, "dvar2": 2.09752208685e-15, "max": 1.41988291767e-16, "mean": -2.69917919127e-08, "median": -1.6864003527e-08, "min": -3.18279205658e-07, "var": 8.45765415388e-16}, "spectral_energy": {"dmean": 0.0619594827294, "dmean2": 0.117531962693, "dvar": 0.00869525317103, "dvar2": 0.0299285016954, "max": 1.20821511745, "mean": 0.103203564882, "median": 0.0651482641697, "min": 1.06413740423e-20, "var": 0.0121663436294}, "spectral_energyband_high": {"dmean": 0.000700363016222, "dmean2": 0.00117618660443, "dvar": 3.40639076057e-06, "dvar2": 8.68136976351e-06, "max": 0.0184992086142, "mean": 0.000564142072108, "median": 8.45587510412e-06, "min": 7.78503052988e-21, "var": 2.9620737223e-06}, "spectral_energyband_low": {"dmean": 0.0256177820265, "dmean2": 0.0450831726193, "dvar": 0.00300991884433, "dvar2": 0.00830619316548, "max": 1.05760109425, "mean": 0.0588902421296, "median": 0.0438832044601, "min": 1.00743886349e-22, "var": 0.00417379150167}, "spectral_energyband_middle_high": {"dmean": 0.000438049552031, "dmean2": 0.000692954170518, "dvar": 1.51637823365e-06, "dvar2": 3.80847313863e-06, "max": 0.0172321479768, "mean": 0.00068366760388, "median": 0.000315636920277, "min": 1.57923925066e-21, "var": 1.5965916873e-06}, "spectral_energyband_middle_low": {"dmean": 0.00757112167776, "dmean2": 0.0125100053847, "dvar": 0.000241467714659, "dvar2": 0.00062701216666, "max": 0.35234990716, "mean": 0.0165860895067, "median": 0.0116637535393, "min": 2.77935058711e-22, "var": 0.000390439789044}, "spectral_entropy": {"dmean": 0.444212883711, "dmean2": 0.654830396175, "dvar": 0.306762695312, "dvar2": 0.599771738052, "max": 9.8252325058, "mean": 6.21102952957, "median": 5.97859144211, "min": 3.22591996193, "var": 1.08576488495}, "spectral_flux": {"dmean": 0.0430913493037, "dmean2": 0.0607472583652, "dvar": 0.00346772023477, "dvar2": 0.00707887066528, "max": 0.824813067913, "mean": 0.145612195134, "median": 0.105325862765, "min": 1.03157038467e-10, "var": 0.0170278288424}, "spectral_kurtosis": {"dmean": 11.110625267, "dmean2": 17.564825058, "dvar": 313.461639404, "dvar2": 778.471374512, "max": 601.832519531, "mean": 22.0735530853, "median": 14.986536026, "min": -1.20200395584, "var": 743.189880371}, "spectral_rms": {"dmean": 0.00248563173227, "dmean2": 0.00460792984813, "dvar": 8.72336840985e-06, "dvar2": 3.0055469324e-05, "max": 0.0343328788877, "mean": 0.00868319906294, "median": 0.00797240808606, "min": 3.22208449158e-12, "var": 2.52885074588e-05}, "spectral_rolloff": {"dmean": 260.418518066, "dmean2": 483.340423584, "dvar": 1378920.125, "dvar2": 3479106, "max": 19035.3515625, "mean": 444.364440918, "median": 150.732421875, "min": 21.533203125, "var": 2804434.25}, "spectral_skewness": {"dmean": 0.859325408936, "dmean2": 1.32318651676, "dvar": 0.987462520599, "dvar2": 2.19003272057, "max": 20.3065814972, "mean": 3.233066082, "median": 3.07791304588, "min": 0.0420070961118, "var": 3.22446370125}, "spectral_spread": {"dmean": 1591641.75, "dmean2": 2373509, "dvar": 6604196413440.0, "dvar2": 12276044136400.0, "max": 41167860, "mean": 4444961.5, "median": 2853931, "min": 277885.4375, "var": 13410686206000.0}, "spectral_strongpeak": {"dmean": 0.29741615057, "dmean2": 0.543865680695, "dvar": 0.262208819389, "dvar2": 0.718492150307, "max": 9.31843757629, "mean": 0.415963709354, "median": 0.289876461029, "min": 0, "var": 0.339335858822}, "zerocrossingrate": {"dmean": 0.00953223090619, "dmean2": 0.0119587238878, "dvar": 0.000302339612972, "dvar2": 0.00038896271144, "max": 0.53955078125, "mean": 0.0240816939622, "median": 0.01025390625, "min": 0.00048828125, "var": 0.00168480689172}, "barkbands": {"dmean": [0.0503932274878, 0.0124444225803, 0.00743731623515, 0.0034915402066, 0.00291614443995, 0.00194984255359, 0.000243590999162, 0.00037466653157, 0.000184060627362, 8.18715416244e-05, 2.59296666627e-05, 6.32804294582e-05, 4.2537561967e-05, 5.22983245901e-05, 4.08087689721e-05, 3.29238755512e-05, 4.86539247504e-05, 5.99446975684e-05, 6.46298649372e-05, 5.70869051444e-05, 4.89030499011e-05, 4.77533139929e-05, 0.000102487509139, 0.000194247113541, 0.000113486043119, 0.000110706409032, 6.30429713055e-05], "dmean2": [0.0986480563879, 0.0205876771361, 0.0117024881765, 0.0062189665623, 0.00470934435725, 0.00290802377276, 0.000371418660507, 0.0005668651429, 0.000280379172182, 0.00013115911861, 4.75286724395e-05, 9.68588719843e-05, 6.44010142423e-05, 8.11876161606e-05, 6.67874410283e-05, 5.32154335815e-05, 7.86777309258e-05, 9.68250315054e-05, 0.00010332781676, 9.22082035686e-05, 7.91233032942e-05, 7.89907571743e-05, 0.000174993518158, 0.000333843781846, 0.000191157130757, 0.000186711156857, 0.000103923623101], "dvar": [0.00624081166461, 0.00177974894177, 0.000174061380676, 5.5341530242e-05, 5.7513712818e-05, 9.89530162769e-05, 8.88224747086e-07, 2.55964005191e-06, 4.10033948128e-07, 6.40972359633e-08, 7.86257903229e-09, 4.34816769257e-08, 1.23971428678e-08, 6.50312443895e-08, 3.04455269884e-08, 1.65958855547e-08, 3.84126010999e-08, 8.21678085572e-08, 8.6128650878e-08, 6.34102192976e-08, 4.23954134021e-08, 2.77423861661e-08, 7.23288522408e-08, 2.64961073526e-07, 8.52216004432e-08, 9.20337868138e-08, 3.2937595762e-08], "dvar2": [0.0235357284546, 0.00471683358774, 0.000467045261757, 0.000178352624062, 0.000145067402627, 0.000232128208154, 2.17156707549e-06, 6.02494992563e-06, 9.23157870147e-07, 1.60228807999e-07, 2.19882014818e-08, 9.08563535518e-08, 2.57388776959e-08, 1.48028789226e-07, 8.01702810804e-08, 4.0815052671e-08, 9.93658417769e-08, 2.13425323636e-07, 2.20733269884e-07, 1.61767630402e-07, 1.06802183097e-07, 7.07020717527e-08, 1.86883312381e-07, 6.87898932483e-07, 2.19531372636e-07, 2.35507286561e-07, 8.35342106598e-08], "max": [0.535507261753, 0.876473903656, 0.217474371195, 0.149888336658, 0.144555464387, 0.341390579939, 0.0280932821333, 0.0641922280192, 0.0182657279074, 0.00586977321655, 0.00181880127639, 0.00403032917529, 0.00318068871275, 0.00913192611188, 0.00759989162907, 0.00229085003957, 0.00300501589663, 0.00512122036889, 0.00637291325256, 0.00336531177163, 0.00233242567629, 0.00229406589642, 0.00233235908672, 0.0051280814223, 0.00282140565105, 0.0030391716864, 0.00192079273984], "mean": [0.0461403988302, 0.0243118181825, 0.014923366718, 0.00595533568412, 0.00590564636514, 0.0033578753937, 0.000455512054032, 0.000611215713434, 0.000285346643068, 0.000117273062642, 2.14317351492e-05, 0.000106750543637, 7.49854880269e-05, 7.77339810156e-05, 5.43025817024e-05, 3.329761239e-05, 5.42700472579e-05, 5.88065813645e-05, 6.37369885226e-05, 5.55483384233e-05, 4.52350213891e-05, 4.07880688726e-05, 7.88669567555e-05, 0.000144586592796, 8.7952670583e-05, 8.87605201569e-05, 5.2935021813e-05], "median": [0.0036254147999, 0.0163720995188, 0.007946645841, 0.00213114544749, 0.00246791075915, 0.000701625016518, 7.50056133256e-05, 0.000128128696815, 3.55038428097e-05, 2.76619321085e-05, 2.96707889902e-06, 1.98434790946e-05, 2.59415210166e-05, 1.99762253033e-05, 1.3148144717e-05, 3.2928892324e-06, 8.50704600452e-06, 4.93148127134e-06, 4.96821212437e-06, 4.34786306869e-06, 1.62794231073e-06, 8.26020823297e-07, 6.16710508439e-07, 6.37097627987e-07, 4.88666842102e-07, 5.43130397546e-07, 2.39769235577e-07], "min": [1.2224343204e-23, 6.49594643707e-23, 1.35131084203e-23, 1.95887652288e-23, 1.95593328284e-23, 4.56951655208e-23, 9.29093426681e-23, 4.7662581463e-23, 2.54241271169e-23, 1.08002075631e-22, 1.36357699802e-22, 8.33089874931e-23, 8.20883672372e-23, 1.20176420831e-22, 1.20400520437e-22, 1.31627879141e-22, 1.19542820374e-22, 2.66264233961e-22, 2.9236419557e-22, 2.7365185954e-22, 4.95402729969e-22, 5.69890737929e-22, 4.15395371489e-22, 7.96304773428e-22, 1.23281879701e-21, 1.69113289704e-21, 2.66599624801e-21], "var": [0.00615139817819, 0.00162596721202, 0.000397477269871, 9.7366697446e-05, 9.26291540964e-05, 0.000122560828459, 1.38770724334e-06, 3.35634217663e-06, 6.44750969059e-07, 8.52127968187e-08, 5.07826625196e-09, 1.03045195488e-07, 2.80435354938e-08, 7.30575351326e-08, 2.91806667718e-08, 1.72825878053e-08, 3.29808784727e-08, 6.83470418039e-08, 7.41262695669e-08, 5.43022871113e-08, 3.81114233505e-08, 2.36815491661e-08, 6.0520370937e-08, 2.22132797489e-07, 7.26873921053e-08, 7.86437581723e-08, 2.96185955762e-08]}, "erbbands": {"dmean": [0.450902253389, 2.73896479607, 7.98146247864, 9.82714939117, 9.16109371185, 9.69065284729, 19.0017337799, 13.5900821686, 4.38065338135, 4.92784738541, 8.23981285095, 3.63642477989, 3.60184836388, 2.37059092522, 1.62141168118, 2.05203509331, 1.85141515732, 2.4437623024, 2.53172087669, 1.6156796217, 1.99099183083, 2.74746012688, 3.23466134071, 3.21860861778, 3.28513932228, 2.59688735008, 2.25888681412, 1.75227844715, 1.65215480328, 2.09200429916, 3.22607398033, 4.21065187454, 2.85444545746, 1.43554890156, 0.749051690102, 0.417849063873, 0.212704330683, 0.071787878871, 0.0125121911988, 0.000416490540374], "dmean2": [0.8411911726, 4.28469276428, 12.2350673676, 16.7943725586, 15.8042325974, 16.113653183, 28.8333587646, 20.0460796356, 6.5643658638, 7.68189954758, 12.369383812, 5.61327314377, 5.63157463074, 3.72966003418, 2.67130064964, 3.17168211937, 2.80070495605, 3.63586974144, 4.11263513565, 2.70456337929, 3.17672133446, 4.40946578979, 5.20051431656, 5.16309261322, 5.29660320282, 4.17647171021, 3.63517785072, 2.85825371742, 2.70758914948, 3.51080656052, 5.5201382637, 7.24840068817, 4.92471647263, 2.4308719635, 1.26288759708, 0.705938339233, 0.358062505722, 0.119572252035, 0.0207536704838, 0.000687474035658], "dvar": [2.70558333397, 76.4152145386, 194.64944458, 342.189727783, 430.306976318, 978.257019043, 5161.87109375, 6491.69287109, 393.266601562, 495.996795654, 1310.65112305, 153.751754761, 236.537353516, 44.4811973572, 26.0812911987, 40.5283126831, 22.2007369995, 56.95495224, 146.646240234, 37.0244293213, 58.0904350281, 122.983177185, 218.170135498, 234.239425659, 198.491088867, 136.623199463, 99.4957580566, 51.3973770142, 36.222743988, 36.3185768127, 71.8796081543, 125.42325592, 58.0824432373, 13.5927286148, 4.01446580887, 1.29692173004, 0.340424597263, 0.0397517159581, 0.0013926246902, 1.28782289721e-06], "dvar2": [7.80294179916, 195.030578613, 505.125518799, 1032.85571289, 1255.09753418, 2552.74267578, 12362.2792969, 14640.7373047, 952.856201172, 1190.78515625, 3059.57299805, 346.604187012, 572.176330566, 103.938278198, 62.5367546082, 85.0503616333, 45.8906669617, 113.044677734, 382.643737793, 95.7978897095, 140.316833496, 314.189788818, 562.96295166, 601.457458496, 504.320800781, 344.878540039, 255.706512451, 130.231536865, 91.9360809326, 93.671333313, 186.322570801, 325.796905518, 151.232498169, 35.1628303528, 10.3743095398, 3.34480524063, 0.868525803089, 0.100606679916, 0.00356952822767, 3.28143028128e-06], "max": [31.6070232391, 171.085083008, 192.727645874, 425.738800049, 487.910766602, 773.677612305, 2099.51513672, 3040.55444336, 833.193969727, 601.952148438, 1666.9251709, 338.277648926, 605.869567871, 108.419319153, 91.3845443726, 164.065170288, 146.04498291, 236.311416626, 373.025634766, 136.622406006, 157.03036499, 160.960662842, 252.369857788, 299.147338867, 229.243667603, 196.508529663, 138.082870483, 81.8246383667, 95.4179534912, 68.9134902954, 77.9670791626, 110.976593018, 81.6346588135, 34.6734352112, 30.2778358459, 13.7343263626, 5.64819812775, 2.14563798904, 0.465330928564, 0.0140619883314], "mean": [0.684748649597, 6.06541919708, 16.8538837433, 19.8776702881, 17.4981040955, 17.3642406464, 33.8977241516, 23.7851867676, 8.84460830688, 8.4247341156, 13.5521430969, 5.71642065048, 5.64581251144, 3.62580013275, 2.37500047684, 3.47854542732, 3.39203357697, 4.04534006119, 3.88999676704, 1.72150933743, 2.10960388184, 3.06384158134, 3.35227775574, 3.10288715363, 3.36908125877, 2.55005121231, 2.07454252243, 1.56899452209, 1.42427206039, 1.68729698658, 2.45819044113, 3.14070558548, 2.12018680573, 1.09281873703, 0.58759868145, 0.331487298012, 0.170389086008, 0.0589175820351, 0.0105334725231, 0.00042332537123], "median": [0.439659714699, 4.12804031372, 9.89766216278, 11.1758880615, 7.77072191238, 5.72097206116, 7.25537252426, 3.95227193832, 2.64823246002, 2.10690784454, 2.84806776047, 1.343973279, 1.1445145607, 1.05321633816, 0.47112801671, 0.943950772285, 1.26029109955, 1.21308147907, 1.28741645813, 0.384795665741, 0.288433432579, 0.480601072311, 0.399682790041, 0.219454884529, 0.325082480907, 0.221702694893, 0.081964224577, 0.0563351586461, 0.0332900807261, 0.0219322703779, 0.0182308629155, 0.0152075961232, 0.00871515180916, 0.00588910188526, 0.00329361204058, 0.00203711027279, 0.00103051261976, 0.000356511940481, 0.000130341999466, 0.000114665046567], "min": [2.86082818037e-21, 1.06508720791e-20, 1.63992999303e-20, 5.02400391185e-20, 4.4991452116e-20, 8.50316854286e-20, 6.62513251024e-20, 5.32450370036e-19, 1.07211034289e-18, 1.4784078113e-18, 9.41906117418e-19, 6.02599370185e-19, 2.5985082782e-18, 4.62421838404e-18, 4.69191525896e-18, 3.12322223476e-18, 3.54923555307e-18, 5.27226559032e-18, 6.94450136128e-18, 5.24861980533e-18, 8.69755681399e-18, 7.54682698638e-18, 1.57038055536e-17, 1.65652810744e-17, 1.16945148913e-17, 1.17004333686e-17, 1.76073979517e-17, 2.04615250983e-17, 1.58326190817e-17, 1.81991100223e-17, 1.21996103985e-17, 1.53956791211e-17, 1.54272277897e-17, 1.47398109221e-17, 8.25187107277e-18, 6.42055895743e-18, 3.06816819512e-18, 1.22436120644e-18, 3.35473075287e-19, 4.35459119903e-20], "var": [1.89286398888, 82.7454528809, 423.009490967, 765.296447754, 636.634460449, 1351.65515137, 6973.94580078, 8576.45800781, 514.210998535, 677.489013672, 1742.93432617, 257.246459961, 273.031463623, 74.974609375, 44.9503974915, 91.3588867188, 55.0419387817, 103.819213867, 147.298461914, 33.2878417969, 65.2918167114, 107.663383484, 184.214660645, 200.05897522, 174.448486328, 118.668548584, 87.0950317383, 44.5369758606, 31.1335449219, 30.5238742828, 59.9882164001, 105.333496094, 47.7741737366, 11.4665298462, 3.37851023674, 1.09018146992, 0.292509138584, 0.0352366156876, 0.00122054072563, 1.15928332889e-06]}, "gfcc": {"mean": [-109.720252991, 137.491592407, -45.8355636597, 28.562297821, -19.9419384003, 2.93012619019, -22.8905830383, -0.587918639183, -17.8232135773, -1.52167057991, -8.072930336, -9.33553028107, -11.8848228455], "cov": [[21829.9238281, -1688.61291504, 543.678222656, 437.200897217, -985.637512207, 494.300323486, -645.274841309, 459.911224365, -139.643112183, 238.140228271, -120.298576355, 440.595977783, -343.53326416], [-1688.61291504, 4718.87988281, -1344.84375, -650.291381836, 769.40447998, -939.868225098, 448.107971191, -385.200927734, 103.885025024, -89.6776046753, 334.587127686, -404.053222656, 285.644683838], [543.678222656, -1344.84375, 1211.26965332, 173.409255981, -332.086151123, 594.365478516, -194.058609009, 101.309608459, 1.81602632999, -5.21749353409, -49.2455749512, 209.937484741, -106.089935303], [437.200897217, -650.291381836, 173.409255981, 349.988861084, -22.9162216187, 93.1740570068, -22.0431098938, 52.530620575, -25.7024040222, 12.2537384033, -60.7228393555, 67.2662277222, -15.3397827148], [-985.637512207, 769.40447998, -332.086151123, -22.9162216187, 385.332092285, -171.48777771, 136.350326538, -74.1036071777, 29.1649703979, -5.44729661942, 58.9181442261, -77.4214096069, 69.9431838989], [494.300323486, -939.868225098, 594.365478516, 93.1740570068, -171.48777771, 538.904418945, -81.702583313, 92.040397644, -3.05923104286, 3.86046504974, -31.2016124725, 147.813995361, -78.0518264771], [-645.274841309, 448.107971191, -194.058609009, -22.0431098938, 136.350326538, -81.702583313, 225.804168701, 14.1819267273, 17.5067195892, -11.1433210373, 29.1071243286, -30.8752994537, 62.1959609985], [459.911224365, -385.200927734, 101.309608459, 52.530620575, -74.1036071777, 92.040397644, 14.1819267273, 173.202926636, 54.1559104919, 15.124174118, -36.4264717102, 38.725112915, -18.3579025269], [-139.643112183, 103.885025024, 1.81602632999, -25.7024040222, 29.1649703979, -3.05923104286, 17.5067195892, 54.1559104919, 141.712371826, 47.369430542, 16.1595611572, -27.856338501, 13.570734024], [238.140228271, -89.6776046753, -5.21749353409, 12.2537384033, -5.44729661942, 3.86046504974, -11.1433210373, 15.124174118, 47.369430542, 120.844825745, 36.2689323425, -3.20500469208, -27.8737030029], [-120.298576355, 334.587127686, -49.2455749512, -60.7228393555, 58.9181442261, -31.2016124725, 29.1071243286, -36.4264717102, 16.1595611572, 36.2689323425, 147.608108521, 27.9343605042, 21.3181266785], [440.595977783, -404.053222656, 209.937484741, 67.2662277222, -77.4214096069, 147.813995361, -30.8752994537, 38.725112915, -27.856338501, -3.20500469208, 27.9343605042, 171.728424072, 17.8194007874], [-343.53326416, 285.644683838, -106.089935303, -15.3397827148, 69.9431838989, -78.0518264771, 62.1959609985, -18.3579025269, 13.570734024, -27.8737030029, 21.3181266785, 17.8194007874, 127.294784546]], "icov": [[7.15836868039e-05, -0.000104738574009, 7.17877119314e-05, -0.000144397097756, 0.000174291213625, -7.6770040323e-05, 0.000242735361098, -0.000268890231382, 0.000157140515512, -0.000210831436561, 0.000119884833111, -0.000222612914513, 0.000118593452498], [-0.000104738574009, 0.0010293123778, -8.66841946845e-05, 0.00100949686021, -0.000796618871391, 0.000695288879797, -0.00104080769233, 0.00120713678189, -0.00077631889144, 0.00118202844169, -0.00140669324901, 0.00116959051229, -0.000582891982049], [7.17877119314e-05, -8.66841946845e-05, 0.00239125825465, -0.000755697430577, 0.00109710544348, -0.00201586377807, 0.000799165631179, 0.000405148399295, -0.000979404314421, 0.000626452383585, -0.000127351202536, -0.000912732677534, 0.000509890960529], [-0.000144397097756, 0.00100949686021, -0.000755697430577, 0.00500864442438, -0.00195954949595, 0.00110629631672, -0.00108432758134, 0.000325566972606, 0.000465698074549, -0.00037219299702, 0.000915055337828, -0.000416957685957, -0.000575447571464], [0.000174291213625, -0.000796618871391, 0.00109710544348, -0.00195954949595, 0.00567055353895, -0.000954420480411, -0.000845131755341, 0.000915568380151, -0.000943143910263, -0.000112492605695, -0.000431731110439, 4.76984569104e-05, -7.82770366641e-05], [-7.6770040323e-05, 0.000695288879797, -0.00201586377807, 0.00110629631672, -0.000954420480411, 0.00531764794141, -0.00129772583023, 0.00012046941265, -0.000640707847197, 0.000723345496226, -9.19922167668e-05, -0.00164490169846, 0.00159464927856], [0.000242735361098, -0.00104080769233, 0.000799165631179, -0.00108432758134, -0.000845131755341, -0.00129772583023, 0.00842616520822, -0.00425151595846, 0.00210054102354, -0.00109215185512, 3.93749505747e-05, 0.000109373751911, -0.00202049640939], [-0.000268890231382, 0.00120713678189, 0.000405148399295, 0.000325566972606, 0.000915568380151, 0.00012046941265, -0.00425151595846, 0.0122338347137, -0.00677501643077, 0.00216332497075, 0.00113482505549, -0.00171611306723, 0.00160101382062], [0.000157140515512, -0.00077631889144, -0.000979404314421, 0.000465698074549, -0.000943143910263, -0.000640707847197, 0.00210054102354, -0.00677501643077, 0.0133671667427, -0.00587684335187, -0.000212365790503, 0.00328445993364, -0.003608165076], [-0.000210831436561, 0.00118202844169, 0.000626452383585, -0.00037219299702, -0.000112492605695, 0.000723345496226, -0.00109215185512, 0.00216332497075, -0.00587684335187, 0.0138333095238, -0.00526002747938, 0.00119622063357, 0.00297583197244], [0.000119884833111, -0.00140669324901, -0.000127351202536, 0.000915055337828, -0.000431731110439, -9.19922167668e-05, 3.93749505747e-05, 0.00113482505549, -0.000212365790503, -0.00526002747938, 0.013184289448, -0.00660659279674, 0.0013971675653], [-0.000222612914513, 0.00116959051229, -0.000912732677534, -0.000416957685957, 4.76984569104e-05, -0.00164490169846, 0.000109373751911, -0.00171611306723, 0.00328445993364, 0.00119622063357, -0.00660659279674, 0.0145623730496, -0.00639227032661], [0.000118593452498, -0.000582891982049, 0.000509890960529, -0.000575447571464, -7.82770366641e-05, 0.00159464927856, -0.00202049640939, 0.00160101382062, -0.003608165076, 0.00297583197244, 0.0013971675653, -0.00639227032661, 0.0137754296884]]}, "melbands": {"dmean": [0.00475033512339, 0.00389367481694, 0.0016798855504, 0.00060627568746, 0.0006255559274, 0.000308423361275, 6.51657610433e-05, 6.08456975897e-05, 5.95594719925e-05, 2.36552314163e-05, 1.81583291123e-05, 1.01864179669e-05, 4.32391880167e-06, 8.01605347078e-06, 3.40232782037e-06, 5.23148810316e-06, 4.36277423432e-06, 4.35227593698e-06, 2.65270750788e-06, 2.09848167287e-06, 2.39033602156e-06, 2.75864931609e-06, 3.14609928864e-06, 2.91056949209e-06, 2.60652723227e-06, 2.47387924901e-06, 2.25810254051e-06, 1.63480092397e-06, 1.53295013661e-06, 1.15157797609e-06, 9.80969502962e-07, 9.19430135582e-07, 9.44534917835e-07, 1.27099781366e-06, 1.68860083249e-06, 2.39904579757e-06, 2.65161861535e-06, 2.22016865337e-06, 1.4351567188e-06, 1.11935071345e-06], "dmean2": [0.00871137622744, 0.00588718662038, 0.00288833444938, 0.00102962600067, 0.000956337433308, 0.000456045207102, 9.74790600594e-05, 9.42667320487e-05, 8.95691773621e-05, 3.63588078471e-05, 2.83153131022e-05, 1.59050614457e-05, 7.47219019104e-06, 1.2237404917e-05, 5.42173620488e-06, 7.6674605225e-06, 6.56096472085e-06, 7.10943686499e-06, 4.40444455307e-06, 3.44669729202e-06, 3.84769236916e-06, 4.54870360045e-06, 5.06012929691e-06, 4.72271312901e-06, 4.23367055191e-06, 4.00447197535e-06, 3.66608264812e-06, 2.66201391241e-06, 2.48733363151e-06, 1.88115586752e-06, 1.61210027727e-06, 1.51075300892e-06, 1.56913120009e-06, 2.16605872083e-06, 2.90772072731e-06, 4.13723637394e-06, 4.59007742393e-06, 3.8442613004e-06, 2.47627667704e-06, 1.89308184417e-06], "dvar": [0.000202485127375, 5.94032826484e-05, 9.31594149733e-06, 2.66219331024e-06, 4.59992543256e-06, 3.09098891194e-06, 8.0995626206e-08, 6.33737755606e-08, 6.35434389551e-08, 6.70421851368e-09, 5.84727777309e-09, 8.49662673552e-10, 1.83169771018e-10, 7.57864104806e-10, 7.14667977575e-11, 2.18262782847e-10, 2.37682984405e-10, 5.8794319413e-10, 1.37446873327e-10, 6.98043081671e-11, 8.83525960726e-11, 1.36050060107e-10, 1.77238362875e-10, 2.05651801144e-10, 1.62248769975e-10, 1.23082946613e-10, 8.97671034727e-11, 6.18589207635e-11, 5.03181697697e-11, 2.63234087305e-11, 1.56581622668e-11, 1.2085753405e-11, 1.06675623196e-11, 1.31894191749e-11, 2.05490346961e-11, 4.14503015245e-11, 5.09004817462e-11, 3.70690318718e-11, 1.40484785263e-11, 8.46160815027e-12], "dvar2": [0.000576940306928, 0.000149497267557, 2.8478763852e-05, 7.30396550352e-06, 1.08543463284e-05, 7.01868520991e-06, 1.95503616851e-07, 1.5279647414e-07, 1.45621456227e-07, 1.51839234519e-08, 1.40947928884e-08, 1.94584126589e-09, 4.82778206301e-10, 1.57565827053e-09, 1.62891825028e-10, 4.43244607684e-10, 4.75526340526e-10, 1.50451906489e-09, 3.78040626581e-10, 1.77744624574e-10, 2.15374315604e-10, 3.52039120077e-10, 4.59154686494e-10, 5.39657818432e-10, 4.21376877835e-10, 3.16535853084e-10, 2.30367350196e-10, 1.58488402957e-10, 1.3084318351e-10, 6.81199888164e-11, 3.98277279212e-11, 3.08458085463e-11, 2.76149901557e-11, 3.44059329638e-11, 5.34524334517e-11, 1.08225942097e-10, 1.32430177935e-10, 9.70052649318e-11, 3.64998552216e-11, 2.19247033723e-11], "max": [0.285948395729, 0.132214725018, 0.0601745471358, 0.038536567241, 0.0573644191027, 0.0595120377839, 0.0118513861671, 0.0059330156073, 0.0117179611698, 0.00192020263057, 0.00297007360496, 0.00048830761807, 0.000210998827242, 0.000547976233065, 0.000180656905286, 0.000434434710769, 0.000596601341385, 0.000853882229421, 0.000502649287228, 0.000194000458578, 0.000186707489775, 0.000191568338778, 0.00021197348542, 0.000265235139523, 0.00027277629124, 0.000199176633032, 0.000134554851684, 0.000156927198987, 0.000118653268146, 6.40899306745e-05, 5.67286915611e-05, 5.8514149714e-05, 5.59886757401e-05, 5.05475982209e-05, 4.11683395214e-05, 6.18238482275e-05, 6.90976739861e-05, 7.26903090253e-05, 3.42389066645e-05, 2.86878293991e-05], "mean": [0.00899315532297, 0.00878929067403, 0.00347429607064, 0.00116080406588, 0.00111892446876, 0.000533734913915, 0.000131001695991, 0.000101931509562, 9.71059853327e-05, 3.65787091141e-05, 2.85247260763e-05, 1.5482544768e-05, 5.18618207934e-06, 1.35870423037e-05, 5.30130910192e-06, 9.38400535233e-06, 6.73704016663e-06, 6.4646460487e-06, 3.19080027111e-06, 1.98889938474e-06, 2.45228761742e-06, 2.94689311886e-06, 3.47132299794e-06, 2.77955109595e-06, 2.45500905294e-06, 2.4449141165e-06, 2.33805508287e-06, 1.51934341375e-06, 1.40827296491e-06, 1.00662930436e-06, 8.70733515512e-07, 7.95109883711e-07, 7.84039343671e-07, 1.00413910786e-06, 1.28955161927e-06, 1.78992831934e-06, 1.97175336325e-06, 1.63703293765e-06, 1.07592722998e-06, 8.53386438848e-07], "median": [0.00624892767519, 0.00655419006944, 0.00213816436008, 0.00051444536075, 0.000274109886959, 8.8119020802e-05, 3.48880166712e-05, 2.5965156965e-05, 1.80039678526e-05, 5.26993790118e-06, 5.16118871019e-06, 3.53842983714e-06, 8.52092966852e-07, 2.31544345297e-06, 1.62891933542e-06, 3.16635191666e-06, 1.72115596797e-06, 1.72612158167e-06, 7.74344812271e-07, 2.24858752063e-07, 2.78442428225e-07, 4.02275333045e-07, 5.09183792019e-07, 1.89569647091e-07, 1.37451053206e-07, 2.10820786606e-07, 2.0625790853e-07, 9.75567004957e-08, 4.39749641146e-08, 3.38971872793e-08, 2.74691842606e-08, 1.74860801394e-08, 1.14636851123e-08, 1.07952722317e-08, 9.40859301579e-09, 9.69583346944e-09, 8.37138180998e-09, 5.95125060343e-09, 5.23228216309e-09, 4.54841808661e-09], "min": [2.15074090566e-23, 1.01598989482e-23, 7.79456105509e-24, 5.00791227398e-24, 2.387201962e-24, 1.16883729612e-23, 1.77059656627e-23, 1.53618717938e-23, 7.73792399754e-24, 3.02778876869e-24, 1.35501028414e-23, 1.86053522917e-23, 1.62214651232e-23, 1.06841719615e-23, 6.58513473547e-24, 8.28417861997e-24, 1.05448094275e-23, 1.16532710175e-23, 8.38693643034e-24, 6.56526609028e-24, 1.11318126599e-23, 7.39447289207e-24, 9.89643518312e-24, 1.43977654385e-23, 1.37718200874e-23, 9.47715403427e-24, 7.92112274328e-24, 7.7478604895e-24, 1.05869866646e-23, 9.97363626675e-24, 1.32745127064e-23, 8.04467256053e-24, 1.29753790177e-23, 8.11041228407e-24, 6.6093973359e-24, 7.85380687565e-24, 9.48804031476e-24, 1.06358352984e-23, 1.10016782207e-23, 1.30022555088e-23], "var": [0.000186833465705, 0.000101299840026, 1.8695161998e-05, 3.63869457942e-06, 6.59860370433e-06, 4.07147081205e-06, 1.10410148579e-07, 8.35661282395e-08, 8.80012720472e-08, 1.07460707e-08, 6.90104284828e-09, 1.50264234389e-09, 2.03370986718e-10, 1.82313908414e-09, 1.44035020022e-10, 4.76538308813e-10, 3.86555204512e-10, 5.53410095527e-10, 1.07145521622e-10, 6.20470202994e-11, 9.63521970543e-11, 1.14321260791e-10, 1.49736292809e-10, 1.67599559231e-10, 1.34313532518e-10, 1.04899727793e-10, 7.79211001278e-11, 5.13079093101e-11, 4.47783581048e-11, 2.17166840066e-11, 1.34513815017e-11, 1.02657405146e-11, 8.76304064035e-12, 1.07550539655e-11, 1.68500768893e-11, 3.40415751143e-11, 4.25957845385e-11, 2.99837862872e-11, 1.15821128729e-11, 7.09263463933e-12]}, "mfcc": {"mean": [-773.750183105, 172.869567871, 43.7911872864, 40.1628341675, 27.8075256348, 13.4732789993, 12.5259237289, 3.54728507996, -2.81604123116, 7.58533000946, 4.72011709213, 1.70978868008, -5.31520748138], "cov": [[12472.1113281, -411.993804932, 567.324707031, 343.555236816, 41.6927261353, -44.6487693787, -102.650184631, 85.365737915, -58.3631896973, 101.041381836, 56.1982803345, 114.469398499, 28.5023517609], [-411.993804932, 4127.75976562, -783.596984863, 269.91305542, 17.3320522308, -33.6865348816, 163.16444397, -213.274673462, -126.15675354, 27.5571708679, 146.898071289, 11.5224246979, -131.011306763], [567.324707031, -783.596984863, 1065.24609375, -235.855636597, 101.274162292, 140.817001343, -58.4402694702, 131.30657959, -34.1946563721, -24.1303253174, -39.7661056519, 38.8466911316, 8.03344345093], [343.555236816, 269.91305542, -235.855636597, 383.2394104, 20.5754928589, -25.8295307159, 43.9349441528, -27.0043182373, 39.3005485535, -11.1972103119, 3.26210999489, -7.5312037468, 15.7558813095], [41.6927261353, 17.3320522308, 101.274162292, 20.5754928589, 164.670272827, 70.1769561768, -1.43062090874, 13.3260240555, -15.4788742065, 10.5307731628, 7.87032556534, 7.87421369553, 5.48668670654], [-44.6487693787, -33.6865348816, 140.817001343, -25.8295307159, 70.1769561768, 172.922119141, 51.9854850769, 29.8528251648, 3.7643327713, -22.83294487, -4.19612884521, 23.1469688416, 31.842464447], [-102.650184631, 163.16444397, -58.4402694702, 43.9349441528, -1.43062090874, 51.9854850769, 144.707931519, 52.5725479126, 1.09340035915, -18.3944377899, 1.02547335625, 6.2695980072, 11.0220413208], [85.365737915, -213.274673462, 131.30657959, -27.0043182373, 13.3260240555, 29.8528251648, 52.5725479126, 163.399307251, 71.0663757324, -16.5590515137, -34.7790260315, 1.28427708149, 35.9711418152], [-58.3631896973, -126.15675354, -34.1946563721, 39.3005485535, -15.4788742065, 3.7643327713, 1.09340035915, 71.0663757324, 155.460617065, 55.0729179382, -27.8950786591, -5.75734758377, 28.8725795746], [101.041381836, 27.5571708679, -24.1303253174, -11.1972103119, 10.5307731628, -22.83294487, -18.3944377899, -16.5590515137, 55.0729179382, 144.735839844, 59.7363166809, 7.87648487091, -20.2280235291], [56.1982803345, 146.898071289, -39.7661056519, 3.26210999489, 7.87032556534, -4.19612884521, 1.02547335625, -34.7790260315, -27.8950786591, 59.7363166809, 144.165023804, 61.1612510681, -35.2825813293], [114.469398499, 11.5224246979, 38.8466911316, -7.5312037468, 7.87421369553, 23.1469688416, 6.2695980072, 1.28427708149, -5.75734758377, 7.87648487091, 61.1612510681, 102.376808167, 33.5611839294], [28.5023517609, -131.011306763, 8.03344345093, 15.7558813095, 5.48668670654, 31.842464447, 11.0220413208, 35.9711418152, 28.8725795746, -20.2280235291, -35.2825813293, 33.5611839294, 140.178955078]], "icov": [[9.5271920145e-05, 1.62323374298e-06, -4.3212530727e-05, -0.000210969417822, 0.000125018297695, -6.13116644672e-05, 0.000193275584024, -0.000253517995588, 0.000320576160448, -0.000279211846646, 0.000139859839692, -0.000166040874319, 3.58623110515e-05], [1.62323374298e-06, 0.000327675137669, 0.000191511091543, -7.60837938287e-05, -0.000143499462865, -1.64972207131e-05, -0.000379179051379, 0.000261041714111, 0.000154432535055, -4.77368230349e-05, -3.77210853912e-05, -0.000132315792143, 0.000259171938524], [-4.3212530727e-05, 0.000191511091543, 0.00191609258763, 0.000293274410069, -5.57747225685e-05, -0.00174831284676, 0.00173658574931, -0.00234413472936, 0.00197055283934, -0.00107420387212, 0.00133062712848, -0.00128220522311, 0.000990316853859], [-0.000210969417822, -7.60837938287e-05, 0.000293274410069, 0.00441216398031, -0.00234968215227, 0.00205928832293, -0.0027216093149, 0.00311695970595, -0.00407631229609, 0.00311558321118, -0.00168337847572, 0.0011351252906, -0.000908883579541], [0.000125018297695, -0.000143499462865, -5.57747225685e-05, -0.00234968215227, 0.0097219562158, -0.00536712352186, 0.00384216709062, -0.0040922826156, 0.00512050604448, -0.00425746012479, 0.00150020909496, -0.00044100638479, 0.000508581288159], [-6.13116644672e-05, -1.64972207131e-05, -0.00174831284676, 0.00205928832293, -0.00536712352186, 0.0118541577831, -0.00672741467133, 0.0051560443826, -0.00573881249875, 0.00472873542458, -0.00235418626107, 0.00041928110295, -0.00223954883404], [0.000193275584024, -0.000379179051379, 0.00173658574931, -0.0027216093149, 0.00384216709062, -0.00672741467133, 0.0142898466438, -0.00939990300685, 0.0069517493248, -0.0037606114056, 0.00194014201406, -0.00148507615086, 0.00134837033693], [-0.000253517995588, 0.000261041714111, -0.00234413472936, 0.00311695970595, -0.0040922826156, 0.0051560443826, -0.00939990300685, 0.0173007026315, -0.0122569734231, 0.00744919804856, -0.00336420559324, 0.00243504811078, -0.00246220757253], [0.000320576160448, 0.000154432535055, 0.00197055283934, -0.00407631229609, 0.00512050604448, -0.00573881249875, 0.0069517493248, -0.0122569734231, 0.0197704099119, -0.012376094237, 0.0076719825156, -0.00366393011063, 0.00107644882519], [-0.000279211846646, -4.77368230349e-05, -0.00107420387212, 0.00311558321118, -0.00425746012479, 0.00472873542458, -0.0037606114056, 0.00744919804856, -0.012376094237, 0.0168681014329, -0.00966891646385, 0.00457307044417, -0.00134514283855], [0.000139859839692, -3.77210853912e-05, 0.00133062712848, -0.00168337847572, 0.00150020909496, -0.00235418626107, 0.00194014201406, -0.00336420559324, 0.0076719825156, -0.00966891646385, 0.0184338577092, -0.0121850362048, 0.0058176536113], [-0.000166040874319, -0.000132315792143, -0.00128220522311, 0.0011351252906, -0.00044100638479, 0.00041928110295, -0.00148507615086, 0.00243504811078, -0.00366393011063, 0.00457307044417, -0.0121850362048, 0.0195770915598, -0.0070695313625], [3.58623110515e-05, 0.000259171938524, 0.000990316853859, -0.000908883579541, 0.000508581288159, -0.00223954883404, 0.00134837033693, -0.00246220757253, 0.00107644882519, -0.00134514283855, 0.0058176536113, -0.0070695313625, 0.0111697232351]]}, "spectral_contrast_coeffs": {"dmean": [0.0448772609234, 0.0513287857175, 0.0427221916616, 0.0326560847461, 0.0229974985123, 0.0244699921459], "dmean2": [0.0740017741919, 0.0815833806992, 0.0682319328189, 0.0516166351736, 0.0359227247536, 0.0395651236176], "dvar": [0.00148568791337, 0.00262427283451, 0.00178956240416, 0.000948626489844, 0.000463951408165, 0.000680648547132], "dvar2": [0.00410233950242, 0.00623992970213, 0.00410818867385, 0.00222441134974, 0.000999907031655, 0.00147630879655], "max": [-0.274390041828, -0.210975319147, -0.33946788311, -0.500303566456, -0.567811846733, -0.614891350269], "mean": [-0.587631642818, -0.646061420441, -0.742986917496, -0.760881900787, -0.799953103065, -0.818707942963], "median": [-0.588763833046, -0.643979907036, -0.743677675724, -0.761560678482, -0.805816829205, -0.820391535759], "min": [-0.968459188938, -0.963144242764, -0.955982208252, -0.966999709606, -0.963716745377, -0.963909506798], "var": [0.00921373069286, 0.0123043945059, 0.00701311090961, 0.00509558431804, 0.00297774956562, 0.00221928581595]}, "spectral_contrast_valleys": {"dmean": [0.371543854475, 0.467517375946, 0.507027328014, 0.44544506073, 0.449419587851, 0.85274708271], "dmean2": [0.59855055809, 0.770223736763, 0.834312677383, 0.702065348625, 0.63784211874, 1.15040278435], "dvar": [0.184456378222, 0.318924933672, 0.422125667334, 0.328984707594, 0.375371903181, 1.02138614655], "dvar2": [0.341282606125, 0.690160691738, 0.910996556282, 0.644636690617, 0.644546031952, 1.79607784748], "max": [-4.31113052368, -5.1563501358, -5.73025178909, -6.30198717117, -5