{"lowlevel": {"average_loudness": 0.878747999668, "barkbands_crest": {"dmean": 2.15393590927, "dmean2": 3.33328795433, "dvar": 3.26627993584, "dvar2": 8.01926517487, "max": 22.4945697784, "mean": 10.4530096054, "median": 9.89640426636, "min": 3.6500480175, "var": 12.8748779297}, "barkbands_flatness_db": {"dmean": 0.0152595853433, "dmean2": 0.0219698119909, "dvar": 0.00017145415768, "dvar2": 0.000351624999894, "max": 0.275002866983, "mean": 0.157217621803, "median": 0.15679128468, "min": 0.0214383639395, "var": 0.00136697024573}, "barkbands_kurtosis": {"dmean": 1.74069952965, "dmean2": 2.67355275154, "dvar": 4.88994979858, "dvar2": 11.5819740295, "max": 81.5180053711, "mean": 4.14350509644, "median": 2.9319396019, "min": -1.76119840145, "var": 30.7870235443}, "barkbands_skewness": {"dmean": 0.337583631277, "dmean2": 0.514620006084, "dvar": 0.0871300697327, "dvar2": 0.214395299554, "max": 7.65981864929, "mean": 1.67116820812, "median": 1.63850700855, "min": -2.28148698807, "var": 0.737122416496}, "barkbands_spread": {"dmean": 2.61625790596, "dmean2": 3.83212471008, "dvar": 8.34241104126, "dvar2": 16.9189186096, "max": 83.852355957, "mean": 13.2790193558, "median": 11.9759597778, "min": 1.8818025589, "var": 48.2864875793}, "dissonance": {"dmean": 0.0204218812287, "dmean2": 0.0340929254889, "dvar": 0.000299255130813, "dvar2": 0.000818886212073, "max": 0.499999970198, "mean": 0.445851832628, "median": 0.447815328836, "min": 0.342236548662, "var": 0.000759552291129}, "dynamic_complexity": 4.27592658997, "erbbands_crest": {"dmean": 2.40081214905, "dmean2": 3.80554413795, "dvar": 4.65553712845, "dvar2": 12.1048622131, "max": 24.2570209503, "mean": 10.0221443176, "median": 9.11168670654, "min": 2.6676800251, "var": 18.1957817078}, "erbbands_flatness_db": {"dmean": 0.013539952226, "dmean2": 0.0194650832564, "dvar": 0.000162568161613, "dvar2": 0.00030344777042, "max": 0.292948275805, "mean": 0.195352345705, "median": 0.198421299458, "min": 0.0366955585778, "var": 0.00132276618388}, "erbbands_kurtosis": {"dmean": 0.774097919464, "dmean2": 1.21316432953, "dvar": 1.41527271271, "dvar2": 3.4650015831, "max": 50.9003791809, "mean": 0.564961612225, "median": -0.0125660896301, "min": -1.60697007179, "var": 8.17962551117}, "erbbands_skewness": {"dmean": 0.292680352926, "dmean2": 0.447403460741, "dvar": 0.0569743998349, "dvar2": 0.142331346869, "max": 6.16713237762, "mean": 0.798809349537, "median": 0.771612524986, "min": -2.57649230957, "var": 0.462178558111}, "erbbands_spread": {"dmean": 4.37491178513, "dmean2": 6.56620073318, "dvar": 15.5035810471, "dvar2": 34.2109298706, "max": 90.0111846924, "mean": 28.5231819153, "median": 27.313369751, "min": 3.34594583511, "var": 91.8320846558}, "hfc": {"dmean": 2.90626001358, "dmean2": 4.16999721527, "dvar": 11.9391040802, "dvar2": 23.3579425812, "max": 63.073802948, "mean": 15.3061723709, "median": 12.6823043823, "min": 1.08433333024e-16, "var": 112.849876404}, "melbands_crest": {"dmean": 2.67365550995, "dmean2": 4.13583230972, "dvar": 5.78558063507, "dvar2": 14.0271053314, "max": 29.4238872528, "mean": 13.1308851242, "median": 12.3529186249, "min": 1.65163552761, "var": 22.0522193909}, "melbands_flatness_db": {"dmean": 0.0155604239553, "dmean2": 0.0215573515743, "dvar": 0.000172787476913, "dvar2": 0.000350003276253, "max": 0.377228319645, "mean": 0.197795391083, "median": 0.19929459691, "min": 0.00335936364718, "var": 0.002073450014}, "melbands_kurtosis": {"dmean": 2.9066426754, "dmean2": 4.46902704239, "dvar": 13.3955631256, "dvar2": 33.8027381897, "max": 97.8798294067, "mean": 8.44942569733, "median": 6.73525524139, "min": -1.63531935215, "var": 54.8462295532}, "melbands_skewness": {"dmean": 0.396513670683, "dmean2": 0.599104344845, "dvar": 0.119820505381, "dvar2": 0.287130206823, "max": 7.62892436981, "mean": 2.16276073456, "median": 2.0816950798, "min": -0.990782320499, "var": 0.736471414566}, "melbands_spread": {"dmean": 3.39019036293, "dmean2": 5.1211810112, "dvar": 19.4141731262, "dvar2": 47.3675575256, "max": 156.578887939, "mean": 16.7982997894, "median": 14.1374111176, "min": 1.84841144085, "var": 208.612731934}, "pitch_salience": {"dmean": 0.0526452437043, "dmean2": 0.0823056921363, "dvar": 0.00189605623018, "dvar2": 0.00467919651419, "max": 0.956222295761, "mean": 0.588356494904, "median": 0.592513084412, "min": 0.302510172129, "var": 0.0071222144179}, "silence_rate_20dB": {"dmean": 0, "dmean2": 0, "dvar": 0, "dvar2": 0, "max": 1, "mean": 1, "median": 1, "min": 1, "var": 0}, "silence_rate_30dB": {"dmean": 0.000724900339264, "dmean2": 0.00145032629371, "dvar": 0.00072437140625, "dvar2": 0.00144822592847, "max": 1, "mean": 0.999275386333, "median": 1, "min": 0, "var": 0.00072410912253}, "silence_rate_60dB": {"dmean": 0.00579920271412, "dmean2": 0.0116026103497, "dvar": 0.00576540734619, "dvar2": 0.0150933722034, "max": 1, "mean": 0.078985504806, "median": 0, "min": 0, "var": 0.0727486982942}, "spectral_centroid": {"dmean": 136.782501221, "dmean2": 201.313430786, "dvar": 68502.421875, "dvar2": 128346.71875, "max": 11461.9960938, "mean": 1106.26794434, "median": 967.769042969, "min": 404.791748047, "var": 807397.75}, "spectral_complexity": {"dmean": 2.34940195084, "dmean2": 3.84191441536, "dvar": 4.20991754532, "dvar2": 10.4978504181, "max": 39, "mean": 17.7282600403, "median": 18, "min": 0, "var": 46.2015419006}, "spectral_decrease": {"dmean": 1.1207026418e-09, "dmean2": 1.61024837908e-09, "dvar": 1.96687047412e-18, "dvar2": 4.09631295788e-18, "max": 1.79737026874e-28, "mean": -5.29485921774e-09, "median": -4.4509671504e-09, "min": -2.97278059946e-08, "var": 1.61354333604e-17}, "spectral_energy": {"dmean": 0.00445501925424, "dmean2": 0.00640515750274, "dvar": 3.10392751999e-05, "dvar2": 6.43812891212e-05, "max": 0.117920331657, "mean": 0.0213722996414, "median": 0.0180395878851, "min": 1.00219967093e-20, "var": 0.000257906736806}, "spectral_energyband_high": {"dmean": 7.85546508268e-05, "dmean2": 0.000101466837805, "dvar": 1.4465156184e-08, "dvar2": 2.51378953209e-08, "max": 0.00168324448168, "mean": 0.000221398338908, "median": 0.000143782715895, "min": 7.12717879704e-21, "var": 5.63260336151e-08}, "spectral_energyband_low": {"dmean": 0.000214931525989, "dmean2": 0.000359273253707, "dvar": 1.93803984416e-07, "dvar2": 5.4648751302e-07, "max": 0.0102655552328, "mean": 0.000631502829492, "median": 0.000256284256466, "min": 1.4684655217e-23, "var": 1.11532335723e-06}, "spectral_energyband_middle_high": {"dmean": 0.00109712360427, "dmean2": 0.00174653402064, "dvar": 1.95110465029e-06, "dvar2": 4.82879522679e-06, "max": 0.026039429009, "mean": 0.00422580400482, "median": 0.00324512412772, "min": 1.21182959384e-21, "var": 1.19417800306e-05}, "spectral_energyband_middle_low": {"dmean": 0.00414259405807, "dmean2": 0.00591185316443, "dvar": 2.71029985015e-05, "dvar2": 5.64832735108e-05, "max": 0.110257722437, "mean": 0.0165610294789, "median": 0.013469139114, "min": 2.1739143574e-22, "var": 0.000185650002095}, "spectral_entropy": {"dmean": 0.108355276287, "dmean2": 0.153365463018, "dvar": 0.00954382866621, "dvar2": 0.0174005385488, "max": 9.81771945953, "mean": 7.3583688736, "median": 7.33241558075, "min": 5.92494487762, "var": 0.127837821841}, "spectral_flux": {"dmean": 0.0112840700895, "dmean2": 0.0186284258962, "dvar": 0.000177938170964, "dvar2": 0.000468024227303, "max": 0.171863690019, "mean": 0.0546548329294, "median": 0.0521178096533, "min": 6.50812112535e-11, "var": 0.000666097388603}, "spectral_kurtosis": {"dmean": 1.98179340363, "dmean2": 3.40029525757, "dvar": 3.88201069832, "dvar2": 11.8269491196, "max": 33.7824630737, "mean": 6.22648096085, "median": 5.68851947784, "min": -1.2457536459, "var": 9.15948390961}, "spectral_rms": {"dmean": 0.000445181882242, "dmean2": 0.00063989975024, "dvar": 2.13226940105e-07, "dvar2": 4.32032038589e-07, "max": 0.0107258670032, "mean": 0.00419357558712, "median": 0.00419518724084, "min": 3.12690867123e-12, "var": 3.26495342051e-06}, "spectral_rolloff": {"dmean": 253.692977905, "dmean2": 409.388916016, "dvar": 173220.703125, "dvar2": 295346.875, "max": 19789.0136719, "mean": 1294.3762207, "median": 968.994140625, "min": 279.931640625, "var": 3127879.25}, "spectral_skewness": {"dmean": 0.210522904992, "dmean2": 0.354921072721, "dvar": 0.035837624222, "dvar2": 0.102889768779, "max": 4.92805433273, "mean": 1.73688554764, "median": 1.74128890038, "min": -0.0563700012863, "var": 0.16654792428}, "spectral_spread": {"dmean": 335050.3125, "dmean2": 467689.5, "dvar": 781910212608, "dvar2": 1446716243970.0, "max": 41737224, "mean": 3849267.25, "median": 3224230.5, "min": 1770037, "var": 10524234350600.0}, "spectral_strongpeak": {"dmean": 0.400917679071, "dmean2": 0.616074502468, "dvar": 0.187172815204, "dvar2": 0.407241821289, "max": 5.54656600952, "mean": 1.40004181862, "median": 1.23219466209, "min": 0, "var": 0.938083350658}, "zerocrossingrate": {"dmean": 0.00615528179333, "dmean2": 0.00728084333241, "dvar": 8.67117269081e-05, "dvar2": 0.000121251243399, "max": 0.51708984375, "mean": 0.0548948422074, "median": 0.04638671875, "min": 0.017578125, "var": 0.00221972656436}, "barkbands": {"dmean": [6.49070983627e-08, 2.86087306449e-05, 0.000111562505481, 0.000171968480572, 0.00109284336213, 0.000855172344018, 0.00225325650536, 0.00168014480732, 0.000724168028682, 0.000582783774007, 0.000106054321805, 0.000399265991291, 0.000307621812681, 0.000222302231123, 0.00019960582722, 0.000180822826223, 0.000140291202115, 9.77129166131e-05, 6.91885652486e-05, 4.36273076048e-05, 2.40506851696e-05, 1.61312818818e-05, 5.8361633819e-06, 3.8677530938e-06, 2.06543973036e-05, 1.83846555046e-06, 3.46400247508e-06], "dmean2": [1.11613687181e-07, 4.74452099297e-05, 0.000178122034413, 0.000311987299938, 0.00146782165393, 0.00105989840813, 0.00321791530587, 0.00250840815715, 0.00111156597268, 0.000920582388062, 0.000175955952727, 0.000659902289044, 0.000530738499947, 0.000368954817532, 0.000337945530191, 0.000309215509333, 0.00023655181576, 0.000165609977557, 0.000110228298581, 7.04319099896e-05, 3.66176136595e-05, 2.39911314566e-05, 9.1645251814e-06, 5.24158258486e-06, 2.57229912677e-05, 2.36926803154e-06, 3.80380311071e-06], "dvar": [8.72030668297e-15, 2.86280221751e-09, 6.16767295014e-08, 1.48832256741e-07, 2.73212117463e-06, 1.42217868415e-06, 1.58514176292e-05, 8.77869933902e-06, 1.7291806671e-06, 9.38604614475e-07, 5.66345335073e-08, 5.39919994935e-07, 2.31450869137e-07, 1.06073883899e-07, 8.37974880596e-08, 8.15627672068e-08, 4.44845191794e-08, 2.08484358666e-08, 8.61221938209e-09, 3.68325214772e-09, 1.45468126433e-09, 5.43887768156e-10, 8.88539866684e-11, 3.7121732771e-11, 3.29077787242e-09, 1.09217903818e-11, 9.61526344656e-11], "dvar2": [2.3623776004e-14, 7.49810613598e-09, 1.4176352181e-07, 5.06907269937e-07, 5.5799614529e-06, 2.25104372475e-06, 3.67679167539e-05, 1.71544616023e-05, 4.26532051279e-06, 2.1427736101e-06, 1.42876018572e-07, 1.48064907535e-06, 6.65230231789e-07, 2.79606979348e-07, 2.26079436061e-07, 2.38525615259e-07, 1.14916403504e-07, 6.0699321125e-08, 2.27732019908e-08, 9.26081966668e-09, 3.48061535149e-09, 1.25361010461e-09, 2.28187510554e-10, 7.64624821792e-11, 5.93097038148e-09, 2.04103574319e-11, 1.47445750054e-10], "max": [9.19181275094e-07, 0.000992913031951, 0.00628387741745, 0.00635874085128, 0.0428298637271, 0.0304907765239, 0.0667495131493, 0.0585577711463, 0.0243699252605, 0.017454020679, 0.00690329447389, 0.0096368175, 0.00691547151655, 0.00444625178352, 0.0055228061974, 0.00495939981192, 0.00369429448619, 0.00349671929143, 0.00192770396825, 0.00103940488771, 0.000889917544555, 0.000437364564277, 0.00017746060621, 0.000146942024003, 0.000769800972193, 5.18109518453e-05, 0.000141740514664], "mean": [8.05083786304e-08, 5.54618854949e-05, 0.000355159456376, 0.000344262894941, 0.00321993231773, 0.00260173110291, 0.004979331512, 0.00382710224949, 0.00151189544704, 0.00115863443352, 0.000167683683685, 0.000674379698467, 0.000514623126946, 0.00037658738438, 0.000344784610206, 0.000320302846376, 0.000273304904113, 0.000218102679355, 0.00015433767112, 9.98498508125e-05, 5.86841779295e-05, 3.95870156353e-05, 1.64733573911e-05, 1.12504785648e-05, 3.86495994462e-05, 4.32997831012e-06, 5.82097845836e-06], "median": [4.11907556952e-08, 2.23563711188e-05, 0.000103079008113, 0.000130440646899, 0.00227618659846, 0.00149133917876, 0.00191566441208, 0.00116914277896, 0.000619477126747, 0.000551363569684, 7.2774477303e-05, 0.000243099406362, 0.000317679659929, 0.000230587320402, 0.000241133151576, 0.000227372933296, 0.000177728536073, 0.000154404551722, 0.000107420441054, 7.37076916266e-05, 4.02989244321e-05, 2.63450619968e-05, 8.89332659426e-06, 5.72133012611e-06, 6.20676019025e-06, 1.98610950974e-06, 4.01660400939e-07], "min": [1.29519916585e-24, 6.09579642735e-24, 2.0478381421e-24, 5.39935767692e-24, 1.9219993266e-23, 6.55056645617e-24, 1.22124992464e-23, 1.15063898501e-23, 1.52937221002e-23, 3.03774084066e-23, 1.6749716362e-23, 4.05981080202e-23, 3.99664260727e-23, 4.48071353335e-23, 4.30473633588e-23, 5.85236152506e-23, 1.0249843922e-22, 9.54004076346e-23, 1.67555179607e-22, 1.96224492739e-22, 2.84835408065e-22, 3.43223358173e-22, 4.38246336885e-22, 5.72794351905e-22, 9.06906303514e-22, 1.37117384214e-21, 2.02079355269e-21], "var": [1.17398495439e-14, 7.5768467056e-09, 5.26853284555e-07, 3.11185601731e-07, 1.26027316583e-05, 1.08221474875e-05, 6.42860395601e-05, 3.77849246433e-05, 5.12276255904e-06, 3.62820628652e-06, 1.00009124537e-07, 1.25231315451e-06, 3.96401247826e-07, 2.13087659517e-07, 1.34229907189e-07, 1.12572223543e-07, 9.59188781735e-08, 4.52559305586e-08, 2.4576344515e-08, 8.91105589318e-09, 4.04674738164e-09, 1.76618630832e-09, 5.07073105727e-10, 3.10406117476e-10, 8.21832735198e-09, 3.83129881987e-11, 2.48381898382e-10]}, "erbbands": {"dmean": [0.000216656684643, 0.00939989835024, 0.098864607513, 0.404305011034, 1.25243389606, 3.90584540367, 8.07168102264, 8.43025875092, 36.9316062927, 14.5813817978, 37.1462669373, 15.2641172409, 15.7613649368, 14.5147657394, 7.66470956802, 14.3416337967, 14.9490432739, 7.34088802338, 12.9485721588, 7.42680692673, 11.646062851, 6.61916399002, 5.70892047882, 3.42147994041, 3.49000000954, 2.22236323357, 1.31138420105, 0.754502773285, 0.498664826155, 0.421150267124, 0.152937829494, 0.0743953064084, 0.0793007984757, 0.160562127829, 0.195944458246, 0.0177134871483, 0.00345251150429, 0.000966234190855, 0.000511867867317, 6.53249589959e-05], "dmean2": [0.000359579920769, 0.0155037306249, 0.159773990512, 0.708984255791, 1.9427601099, 5.65696716309, 10.0406894684, 10.7499694824, 53.3677444458, 20.606092453, 56.2009773254, 23.784828186, 24.310005188, 22.421339035, 12.5192251205, 23.7146091461, 25.947467804, 12.2686090469, 21.8312034607, 12.5438938141, 19.9688186646, 11.2239465714, 9.53936290741, 5.56937789917, 5.64238405228, 3.59146475792, 2.03089761734, 1.12283039093, 0.727832257748, 0.653223931789, 0.239077433944, 0.105623550713, 0.107934728265, 0.207390218973, 0.253746569157, 0.0224018394947, 0.00460529280826, 0.00120111566503, 0.000579941959586, 7.52802734496e-05], "dvar": [1.27338608991e-07, 0.000316959572956, 0.0435514748096, 0.859850168228, 5.59516906738, 43.0775680542, 109.647117615, 159.654525757, 4340.87988281, 438.338378906, 4170.09716797, 689.140563965, 663.104553223, 695.310546875, 128.592010498, 980.840087891, 581.443603516, 141.385162354, 345.71786499, 97.8380661011, 359.682006836, 97.5009078979, 74.7467880249, 19.8794059753, 20.7000522614, 10.1382074356, 5.22419929504, 0.964065492153, 0.447421371937, 0.575546503067, 0.0643113479018, 0.0177000537515, 0.014665145427, 0.176205605268, 0.335910767317, 0.00135899882298, 4.38172064605e-05, 4.05687842431e-06, 1.94733820535e-06, 3.70237636105e-08], "dvar2": [3.34109131472e-07, 0.000815578328911, 0.105228602886, 2.79401493073, 15.1263313293, 104.33669281, 180.666229248, 264.466918945, 10578.8710938, 796.171691895, 8769.71289062, 1719.24560547, 1540.62097168, 1539.7244873, 337.698577881, 2711.88354492, 1670.99963379, 344.088806152, 941.115478516, 257.014587402, 1048.24047852, 261.230072021, 217.796203613, 52.1797599792, 55.2270317078, 25.7793445587, 12.9774589539, 2.08974790573, 1.05627310276, 1.3173469305, 0.176071926951, 0.0388838611543, 0.0310351401567, 0.340054482222, 0.631121993065, 0.00238142092712, 8.94320255611e-05, 6.30487420494e-06, 2.92991990136e-06, 6.27576071111e-08], "max": [0.00518618896604, 0.4121517241, 5.07807826996, 19.9121894836, 47.186920166, 157.45362854, 189.770874023, 350.473815918, 1167.12817383, 395.8800354, 1142.64294434, 586.738891602, 426.481079102, 411.15234375, 173.756988525, 489.293884277, 359.73815918, 246.943634033, 330.421386719, 196.044250488, 337.138427734, 180.481201172, 220.026992798, 88.224861145, 74.0684432983, 60.414478302, 55.0918006897, 19.8116378784, 13.4475069046, 13.5495920181, 5.17076873779, 3.21791434288, 2.21167850494, 6.79355573654, 7.7663564682, 0.488520205021, 0.103745862842, 0.0270940121263, 0.0186625588685, 0.0031229457818], "mean": [0.000535242259502, 0.0211173612624, 0.289902091026, 1.0161716938, 2.57811951637, 9.98162460327, 25.2773685455, 24.360042572, 82.3103637695, 41.841594696, 82.8056945801, 33.4439888, 36.7966766357, 28.012878418, 14.3471908569, 26.4191379547, 25.6314563751, 14.1947240829, 23.6113262177, 14.5344276428, 20.6180839539, 14.2732601166, 13.2615394592, 8.705701828, 7.99165248871, 5.20641469955, 3.08588194847, 1.80388629436, 1.27821660042, 1.03170692921, 0.433729588985, 0.239869177341, 0.197560787201, 0.303343743086, 0.352182149887, 0.0391287058592, 0.00743913697079, 0.00195448915474, 0.000947089050896, 0.000118691808893], "median": [0.000323102751281, 0.00920714996755, 0.104853220284, 0.386158704758, 1.60649573803, 6.65608310699, 17.6606121063, 13.1295843124, 33.3004226685, 21.7054920197, 28.3301734924, 17.576997757, 17.2102985382, 13.9245433807, 9.87893867493, 9.82069969177, 15.5441169739, 10.245223999, 16.4480552673, 11.7102489471, 14.1937179565, 10.2788276672, 9.2801361084, 6.33830928802, 5.56813764572, 3.80867290497, 2.09402751923, 1.26839017868, 0.890754818916, 0.556059479713, 0.228034794331, 0.110892906785, 0.106053829193, 0.070362560451, 0.0401988252997, 0.0140825547278, 0.003179988591, 0.000584263529163, 8.58415223775e-05, 3.08896633214e-05], "min": [2.69211090137e-22, 1.1925717952e-21, 2.48013769049e-21, 1.00327807534e-20, 2.04426912426e-20, 6.99739157399e-20, 7.79819675723e-20, 9.29410895106e-20, 1.86950896373e-19, 2.21808791449e-19, 3.64592934776e-19, 4.39681495652e-19, 1.04960937587e-18, 3.50903328283e-19, 1.03334845259e-18, 1.49323481698e-18, 1.98314049638e-18, 2.92045731236e-18, 2.2247349311e-18, 4.13415026705e-18, 3.25690764985e-18, 4.93977538002e-18, 5.58505814869e-18, 6.94112646438e-18, 9.46950078678e-18, 7.57754599279e-18, 1.09025878893e-17, 1.21687102395e-17, 1.11960293844e-17, 1.35023321821e-17, 1.25290896714e-17, 1.24905157579e-17, 1.18254493105e-17, 8.62567647312e-18, 5.81662942913e-18, 4.57589531983e-18, 2.34868112165e-18, 1.08260509352e-18, 2.72334327432e-19, 2.97579679394e-20], "var": [3.98455227923e-07, 0.000965620623901, 0.296382457018, 2.98684358597, 11.6601963043, 136.170318604, 698.459106445, 1110.12512207, 16646.0195312, 2527.2956543, 15655.4365234, 2048.69824219, 2804.39135742, 1647.65039062, 251.207809448, 2258.14526367, 1018.55279541, 275.454559326, 572.753234863, 174.352157593, 495.833526611, 211.953323364, 175.946807861, 65.4844894409, 62.4454841614, 24.3002185822, 12.2495651245, 3.12683916092, 1.76466047764, 1.62418282032, 0.385808259249, 0.156967788935, 0.0793669596314, 0.407051742077, 0.788041353226, 0.00401191785932, 0.000119182805065, 1.20080403576e-05, 5.68516497879e-06, 8.16114607005e-08]}, "gfcc": {"mean": [-48.9962654114, 95.6664199829, -146.699417114, -2.09196591377, -73.2365112305, -23.2142734528, -49.397102356, -3.61593413353, -26.7139968872, -0.595558941364, -16.8973674774, -5.25890684128, -9.69096183777], "cov": [[26834.640625, 655.737915039, -2324.17797852, -444.699615479, -777.82611084, 166.198150635, -716.620178223, 92.291557312, -483.914855957, 15.3655424118, -391.357299805, -4.6488070488, -139.039550781], [655.737915039, 1214.07312012, -353.678405762, 105.819892883, 53.3403167725, -99.4442367554, 63.680770874, -72.2299194336, 37.417881012, -90.4151535034, -5.9576086998, -78.2973480225, -0.294654458761], [-2324.17797852, -353.678405762, 755.565063477, -8.25821113586, 130.69670105, 24.2491016388, 35.9815597534, 13.3248615265, 29.2069015503, 39.5907325745, -28.9220104218, -17.5730800629, -14.984536171], [-444.699615479, 105.819892883, -8.25821113586, 233.553115845, 3.90935778618, 5.68611574173, 26.1824436188, -17.0348033905, -2.54061794281, -30.1049346924, -5.1884636879, -25.8765621185, -4.69289875031], [-777.82611084, 53.3403167725, 130.69670105, 3.90935778618, 178.46723938, 20.286605835, 50.5407752991, -2.43241286278, 25.5495262146, 5.48045063019, -9.93001842499, -3.52076506615, 11.2449760437], [166.198150635, -99.4442367554, 24.2491016388, 5.68611574173, 20.286605835, 109.88469696, 26.8583869934, 31.0621185303, 1.8607364893, 4.26148319244, -1.09584438801, 17.6643733978, -7.14716815948], [-716.620178223, 63.680770874, 35.9815597534, 26.1824436188, 50.5407752991, 26.8583869934, 117.987792969, 36.5695381165, 42.23279953, -3.15550589561, 15.6489582062, -13.4676885605, -11.3738679886], [92.291557312, -72.2299194336, 13.3248615265, -17.0348033905, -2.43241286278, 31.0621185303, 36.5695381165, 71.3301773071, 29.8394565582, 24.0460700989, 4.88675498962, 7.14119005203, -19.0615844727], [-483.914855957, 37.417881012, 29.2069015503, -2.54061794281, 25.5495262146, 1.8607364893, 42.23279953, 29.8394565582, 82.6870574951, 31.7886810303, 23.2445354462, -12.6000003815, -7.26173734665], [15.3655424118, -90.4151535034, 39.5907325745, -30.1049346924, 5.48045063019, 4.26148319244, -3.15550589561, 24.0460700989, 31.7886810303, 72.6255874634, 26.2872219086, 8.32667636871, -16.317111969], [-391.357299805, -5.9576086998, -28.9220104218, -5.1884636879, -9.93001842499, -1.09584438801, 15.6489582062, 4.88675498962, 23.2445354462, 26.2872219086, 77.5114974976, 31.0548992157, 4.66210794449], [-4.6488070488, -78.2973480225, -17.5730800629, -25.8765621185, -3.52076506615, 17.6643733978, -13.4676885605, 7.14119005203, -12.6000003815, 8.32667636871, 31.0548992157, 71.591758728, 29.9013023376], [-139.039550781, -0.294654458761, -14.984536171, -4.69289875031, 11.2449760437, -7.14716815948, -11.3738679886, -19.0615844727, -7.26173734665, -16.317111969, 4.66210794449, 29.9013023376, 68.6189422607]], "icov": [[0.000105332503153, -0.000126865546918, 0.000264349801, 0.000151665517478, 0.000170393876033, -0.000368245469872, 0.00048919901019, -0.000458621012513, 0.000527841970325, -0.00052199466154, 0.000538379070349, 0.000144675665069, 5.04226932208e-07], [-0.000126865546918, 0.00166655972134, 0.000504828756675, -0.000424503115937, -0.00106096849777, 0.00151103571989, -0.00124530540779, 0.00189193408005, -0.00198690313846, 0.00218560616486, -0.000652899034321, 0.000326733279508, 0.000693136069458], [0.000264349801, 0.000504828756675, 0.00272025214508, 0.000236881285673, -0.00106939999387, -0.000437522365246, 0.000653987692203, -0.000218784058234, 0.00057900918182, -0.00160318287089, 0.00224064430222, 0.000590370909777, 0.000595897436142], [0.000151665517478, -0.000424503115937, 0.000236881285673, 0.00517227873206, 0.000640505750198, -0.00147761171684, -0.000304840650642, 0.000583948683925, 0.000962590216659, 0.000657293421682, 5.48615889784e-06, 0.00183516449761, 2.18793920794e-05], [0.000170393876033, -0.00106096849777, -0.00106939999387, 0.000640505750198, 0.00922742392868, -0.00234228908084, -0.00348237063736, 0.00308833434246, -0.000486688193632, -0.00378310284577, 0.00439004832879, -0.00193969311658, -0.00172857788857], [-0.000368245469872, 0.00151103571989, -0.000437522365246, -0.00147761171684, -0.00234228908084, 0.0138911129907, -0.00394814973697, -0.00173736200668, -0.0013065545354, 0.00303152413107, -0.000119722426462, -0.00464657740667, 0.00237292260863], [0.00048919901019, -0.00124530540779, 0.000653987692203, -0.000304840650642, -0.00348237063736, -0.00394814973697, 0.019947361201, -0.0121321883053, -0.00105824740604, 0.00477994373068, -0.00480258464813, 0.00581890763715, 1.87792720681e-05], [-0.000458621012513, 0.00189193408005, -0.000218784058234, 0.000583948683925, 0.00308833434246, -0.00173736200668, -0.0121321883053, 0.0321814790368, -0.0114319222048, -0.00308074383065, 0.00677905976772, -0.0104213031009, 0.00745084322989], [0.000527841970325, -0.00198690313846, 0.00057900918182, 0.000962590216659, -0.000486688193632, -0.0013065545354, -0.00105824740604, -0.0114319222048, 0.0274933781475, -0.0116670522839, -0.00438718916848, 0.0102794133127, -0.00620019016787], [-0.00052199466154, 0.00218560616486, -0.00160318287089, 0.000657293421682, -0.00378310284577, 0.00303152413107, 0.00477994373068, -0.00308074383065, -0.0116670522839, 0.0296804439276, -0.0107526239008, -0.0011057445081, 0.00655427202582], [0.000538379070349, -0.000652899034321, 0.00224064430222, 5.48615889784e-06, 0.00439004832879, -0.000119722426462, -0.00480258464813, 0.00677905976772, -0.00438718916848, -0.0107526239008, 0.0281096026301, -0.0145770320669, 0.00335403322242], [0.000144675665069, 0.000326733279508, 0.000590370909777, 0.00183516449761, -0.00193969311658, -0.00464657740667, 0.00581890763715, -0.0104213031009, 0.0102794133127, -0.0011057445081, -0.0145770320669, 0.032368503511, -0.0138371046633], [5.04226932208e-07, 0.000693136069458, 0.000595897436142, 2.18793920794e-05, -0.00172857788857, 0.00237292260863, 1.87792720681e-05, 0.00745084322989, -0.00620019016787, 0.00655427202582, 0.00335403322242, -0.0138371046633, 0.0240163337439]]}, "melbands": {"dmean": [4.58863678432e-06, 3.716923311e-05, 7.34131754143e-05, 0.000183714990271, 0.00026889325818, 0.000186626013601, 0.00053429347463, 0.000200840673642, 0.000265405455139, 9.83586360235e-05, 8.45051035867e-05, 6.87347928761e-05, 2.08657202165e-05, 4.90136662847e-05, 3.5165616282e-05, 2.36893974943e-05, 1.43523948282e-05, 2.41396955971e-05, 1.25925880639e-05, 8.91721720109e-06, 1.47206619658e-05, 6.87550800649e-06, 7.86769760452e-06, 5.49234027858e-06, 2.83557983494e-06, 2.98903296425e-06, 1.94576364265e-06, 1.58698753694e-06, 1.04406615264e-06, 5.19412083122e-07, 4.99327200032e-07, 3.16873951078e-07, 3.29463318849e-07, 2.02333836796e-07, 1.0337660683e-07, 6.01078156137e-08, 4.91054628071e-08, 5.35373878563e-08, 7.06691878349e-08, 1.70565073176e-07], "dmean2": [7.63113348512e-06, 5.96249483351e-05, 0.000128115148982, 0.000273961457424, 0.000336079334375, 0.000236771971686, 0.000764549418818, 0.000289583171252, 0.000400211225497, 0.000152696680743, 0.000130305081257, 0.000106412015157, 3.43773426721e-05, 8.10001511127e-05, 6.02410436841e-05, 4.02809600928e-05, 2.40043227677e-05, 4.05966638937e-05, 2.11346668948e-05, 1.51080621436e-05, 2.53167490882e-05, 1.1577706573e-05, 1.33078137878e-05, 9.38909670367e-06, 4.67790050607e-06, 4.829788395e-06, 3.20767117046e-06, 2.58728209701e-06, 1.65654694229e-06, 8.0609959241e-07, 7.56809868108e-07, 4.78981178276e-07, 5.16523130045e-07, 3.20138383358e-07, 1.68496711694e-07, 9.41527602549e-08, 7.33568938927e-08, 7.6774128388e-08, 1.0152591301e-07, 2.28110380363e-07], "dvar": [6.82765302629e-11, 6.05166849965e-09, 2.30785470734e-08, 1.11946029335e-07, 1.25904804804e-07, 7.42244949947e-08, 8.81828384536e-07, 1.14790601913e-07, 2.02348473977e-07, 3.29648344177e-08, 1.87043251998e-08, 1.47266696615e-08, 1.24050036909e-09, 8.10614153579e-09, 3.66616581537e-09, 1.219403023e-09, 4.58296539607e-10, 1.18352394551e-09, 2.94893193198e-10, 1.7989219836e-10, 5.36208855095e-10, 1.09126867265e-10, 1.55484694564e-10, 6.40637889959e-11, 1.49523188969e-11, 1.68398628375e-11, 7.38225539726e-12, 5.52636712434e-12, 3.26551307696e-12, 5.75424527905e-13, 4.74156955019e-13, 1.91027708517e-13, 3.31717048578e-13, 1.22457762246e-13, 3.06801228845e-14, 1.26630485408e-14, 9.43350418939e-15, 7.1520040053e-15, 1.76955025204e-14, 2.2614440702e-13], "dvar2": [1.78887002433e-10, 1.42487630583e-08, 7.51121902454e-08, 2.76731896065e-07, 2.09506254123e-07, 1.24602408391e-07, 2.08409301194e-06, 2.01468409955e-07, 4.30428173104e-07, 8.50778079098e-08, 4.34995435228e-08, 3.27640030662e-08, 3.09858871894e-09, 2.22099760805e-08, 1.04002548795e-08, 3.34544791869e-09, 1.1354973628e-09, 3.21752868793e-09, 7.88663245821e-10, 4.96903684866e-10, 1.55082180431e-09, 3.06640018932e-10, 4.17624268501e-10, 1.83460066583e-10, 4.00125176048e-11, 4.50706173771e-11, 1.99387971411e-11, 1.44484112174e-11, 8.38491602539e-12, 1.35566753136e-12, 1.09061804726e-12, 4.80726352822e-13, 7.87744435654e-13, 2.89849551695e-13, 8.85649314845e-14, 3.25509916601e-14, 2.15318062181e-14, 1.61896507349e-14, 4.20439372336e-14, 4.52801885613e-13], "max": [0.000137490249472, 0.00187538529281, 0.00290030194446, 0.00822872109711, 0.00604208605364, 0.00705005647615, 0.0156155349687, 0.00760813476518, 0.00755461771041, 0.00341479689814, 0.00236807088368, 0.00181086803786, 0.000902624509763, 0.00124059768859, 0.000847086834256, 0.000517899927218, 0.000425972451922, 0.000490539707243, 0.000217138032895, 0.000295109581202, 0.000400662509492, 0.000182352407137, 0.000230909427046, 0.000149940533447, 7.81867129263e-05, 7.3053255619e-05, 5.46162482351e-05, 4.60057308374e-05, 4.0232003812e-05, 2.08157598536e-05, 1.34155861815e-05, 7.63396383263e-06, 8.2228834799e-06, 5.86761643717e-06, 3.53741847903e-06, 2.40625217884e-06, 2.42582109422e-06, 1.70923215137e-06, 1.83799318165e-06, 7.86579312262e-06], "mean": [9.3912713055e-06, 0.000111584420665, 0.000180237533641, 0.000414353620727, 0.000838304928038, 0.000529009732418, 0.00119893229567, 0.000560420332476, 0.000592950731516, 0.000200601498364, 0.000191802129848, 0.000130182277644, 3.5638371628e-05, 8.04202572908e-05, 6.18645208306e-05, 4.22201046604e-05, 2.5165380066e-05, 4.13129091612e-05, 2.23425795411e-05, 1.70986058947e-05, 2.47742245847e-05, 1.32731247504e-05, 1.46455613503e-05, 1.14416152428e-05, 6.29890109849e-06, 6.41046244709e-06, 4.3782274588e-06, 3.26456779476e-06, 2.15954878513e-06, 1.21487482829e-06, 1.0036300182e-06, 7.22871163816e-07, 7.38874632589e-07, 4.72250945904e-07, 2.60830404386e-07, 1.65493588611e-07, 1.38164850227e-07, 1.30486284888e-07, 1.43911947248e-07, 2.99878507803e-07], "median": [4.64111053589e-06, 4.05194550694e-05, 8.38131600176e-05, 0.000258158135694, 0.000594396609813, 0.000282499473542, 0.000490036560223, 0.000253935460933, 0.000219602967263, 8.52506200317e-05, 8.77839556779e-05, 6.22521620244e-05, 2.22283069888e-05, 2.83691024379e-05, 3.21824081766e-05, 2.81935590465e-05, 1.72693435161e-05, 2.72207835224e-05, 1.61179013958e-05, 1.29467443912e-05, 1.67086309375e-05, 9.28780718823e-06, 9.18323166843e-06, 7.75361786509e-06, 4.48608443548e-06, 4.21043614551e-06, 3.1462568586e-06, 2.34755452766e-06, 1.40697534334e-06, 8.28206680126e-07, 6.86556916207e-07, 4.94585492561e-07, 4.0831048409e-07, 2.44956538609e-07, 1.36027836106e-07, 7.45044843597e-08, 5.76770666783e-08, 7.04459424128e-08, 6.0253185552e-08, 5.39199511707e-08], "min": [2.70097414807e-24, 1.27496379894e-24, 2.1977542546e-24, 3.4166263947e-24, 3.17321054341e-24, 2.0541744701e-24, 2.85104152465e-24, 2.15368749836e-24, 3.0435957663e-24, 2.48737704178e-24, 4.34271083768e-24, 1.17487342311e-24, 2.71059884276e-24, 4.00660678825e-24, 3.12560515436e-24, 5.05495717735e-24, 5.23133188183e-24, 2.97049813988e-24, 4.19341102276e-24, 5.45828558654e-24, 2.85146869283e-24, 5.04772450614e-24, 2.95499485373e-24, 4.05704300465e-24, 4.49456932295e-24, 6.58836117657e-24, 6.59083464994e-24, 4.15449848645e-24, 4.89412303271e-24, 5.49794280754e-24, 6.91349177638e-24, 5.86356011559e-24, 7.31430174713e-24, 6.38026203636e-24, 6.20997931022e-24, 7.92947678027e-24, 6.18841421965e-24, 7.42794504914e-24, 6.08125140998e-24, 7.2822574283e-24], "var": [1.80904125013e-10, 4.23938715244e-08, 6.94251554023e-08, 2.97207066069e-07, 7.71772931785e-07, 5.11757775712e-07, 3.51371363649e-06, 6.26479334187e-07, 7.44452961499e-07, 8.80734205566e-08, 8.11164682091e-08, 3.84152194499e-08, 2.30347074748e-09, 1.74086114413e-08, 8.18513434808e-09, 2.38625630367e-09, 8.87404705274e-10, 1.99876959428e-09, 4.97742125294e-10, 2.82481593672e-10, 7.55280893383e-10, 2.11178588505e-10, 3.07409875333e-10, 1.36497604886e-10, 3.90889681734e-11, 4.69630168087e-11, 1.81271369443e-11, 1.0800456883e-11, 6.53534865114e-12, 1.77661487952e-12, 1.10135793714e-12, 6.20780824748e-13, 8.35684494695e-13, 3.52139378854e-13, 1.46224368334e-13, 7.16377166463e-14, 6.16409321589e-14, 3.50443042911e-14, 5.41714568168e-14, 4.79265553025e-13]}, "mfcc": {"mean": [-674.705383301, 132.974899292, -31.4158802032, 10.3640432358, -18.2276287079, -19.6556015015, -19.5475578308, -16.0503997803, -10.4764432907, -8.83046340942, -3.09997034073, -7.32629060745, -2.9146695137], "cov": [[11393.5195312, 2142.26538086, -899.068603516, -89.3164215088, -246.197402954, -188.397842407, -180.959899902, -149.393127441, -74.4965591431, -169.517425537, 15.5373363495, -76.9228286743, -11.8432712555], [2142.26538086, 1321.30847168, -322.601226807, 139.649978638, -36.5796127319, -3.3582201004, -46.2368049622, -20.0509643555, 5.56699085236, -9.70788192749, -19.9089164734, -19.0257949829, -60.1067695618], [-899.068603516, -322.601226807, 380.369506836, 33.3275413513, 47.4760971069, 16.8964004517, 18.5343551636, -0.903063714504, 19.6718139648, 15.6592350006, 29.5857963562, -14.0687398911, -4.40998411179], [-89.3164215088, 139.649978638, 33.3275413513, 155.112503052, 29.753030777, 25.1381835938, 12.2404460907, -6.32636737823, 15.5684041977, 4.5491900444, -6.38840007782, -3.6912651062, -32.4588432312], [-246.197402954, -36.5796127319, 47.4760971069, 29.753030777, 87.7926025391, 41.4710960388, 8.94731807709, 0.735645413399, 13.7741556168, -3.58056020737, -4.16332912445, -10.8363447189, 0.247652634978], [-188.397842407, -3.3582201004, 16.8964004517, 25.1381835938, 41.4710960388, 73.5851669312, 30.662109375, 13.8573713303, 15.4122047424, 6.43996715546, -5.26448154449, -0.899628043175, -9.81956863403], [-180.959899902, -46.2368049622, 18.5343551636, 12.2404460907, 8.94731807709, 30.662109375, 67.6450958252, 35.8452758789, 11.7011098862, 7.7970252037, 1.6474814415, 14.7639398575, -7.14738178253], [-149.393127441, -20.0509643555, -0.903063714504, -6.32636737823, 0.735645413399, 13.8573713303, 35.8452758789, 74.5922851562, 21.6197834015, 19.9026985168, -6.42249250412, 13.7273273468, -4.58021736145], [-74.4965591431, 5.56699085236, 19.6718139648, 15.5684041977, 13.7741556168, 15.4122047424, 11.7011098862, 21.6197834015, 71.6244888306, 20.5801944733, 23.0507392883, -14.0121765137, -1.04925334454], [-169.517425537, -9.70788192749, 15.6592350006, 4.5491900444, -3.58056020737, 6.43996715546, 7.7970252037, 19.9026985168, 20.5801944733, 74.5187683105, 37.8463973999, 23.2379283905, -6.83349227905], [15.5373363495, -19.9089164734, 29.5857963562, -6.38840007782, -4.16332912445, -5.26448154449, 1.6474814415, -6.42249250412, 23.0507392883, 37.8463973999, 97.1018600464, 23.0471477509, 21.5174713135], [-76.9228286743, -19.0257949829, -14.0687398911, -3.6912651062, -10.8363447189, -0.899628043175, 14.7639398575, 13.7273273468, -14.0121765137, 23.2379283905, 23.0471477509, 77.804977417, 22.5414485931], [-11.8432712555, -60.1067695618, -4.40998411179, -32.4588432312, 0.247652634978, -9.81956863403, -7.14738178253, -4.58021736145, -1.04925334454, -6.83349227905, 21.5174713135, 22.5414485931, 75.8910827637]], "icov": [[0.000158376860782, -0.000239511078689, 0.000137925628223, 0.000222004426178, 0.000137256603921, 0.000153479239088, -2.3801889256e-05, 0.000125077975099, 2.86998124466e-06, 0.00034562201472, -0.000244988303166, 9.66558291111e-05, 3.4617678466e-05], [-0.000239511078689, 0.0016123278765, 0.000925489817746, -0.00173007522244, 0.000248949829256, -0.000563277746551, 0.00109736074228, -0.000523581518792, -6.26922337688e-05, -0.00023164828599, -0.000137574665132, 9.72822745098e-05, 0.000539870408829], [0.000137925628223, 0.000925489817746, 0.00417986605316, -0.00143632956315, -0.00122857885435, 0.000655195559375, -0.000273890938843, 9.00139202713e-05, 0.00014872837346, -1.77721321961e-05, -0.0016612324398, 0.00129073788412, 0.000539601547644], [0.000222004426178, -0.00173007522244, -0.00143632956315, 0.0101202446967, -0.00238937046379, 1.88500268905e-06, -0.0022381215822, 0.0032675745897, -0.0024627787061, 0.000319730752381, 0.0011474029161, -0.00228914245963, 0.00325320428237], [0.000137256603921, 0.000248949829256, -0.00122857885435, -0.00238937046379, 0.018391514197, -0.0103631494567, 0.00302218343131, -0.000230118079344, -0.000966718012933, 0.0017345334636, 7.68964600866e-05, 0.00175144104287, -0.00240411353298], [0.000153479239088, -0.000563277746551, 0.000655195559375, 1.88500268905e-06, -0.0103631494567, 0.0244956053793, -0.0102838762105, 0.00218991702422, -0.00226383283734, -0.00223429012112, 0.0020393691957, -0.000160617753863, 0.00122065551113], [-2.3801889256e-05, 0.00109736074228, -0.000273890938843, -0.0022381215822, 0.00302218343131, -0.0102838762105, 0.0271065272391, -0.0116956597194, 8.83293760126e-05, 0.00460719456896, -0.00299826427363, -0.00398639822379, 0.00284898746759], [0.000125077975099, -0.000523581518792, 9.00139202713e-05, 0.0032675745897, -0.000230118079344, 0.00218991702422, -0.0116956597194, 0.0239417999983, -0.00757614523172, -0.0055582053028, 0.00672731967643, -0.00359701528214, 0.000190948689124], [2.86998124466e-06, -6.26922337688e-05, 0.00014872837346, -0.0024627787061, -0.000966718012933, -0.00226383283734, 8.83293760126e-05, -0.00757614523172, 0.0221269950271, -0.00366231496446, -0.00619151769206, 0.0087518049404, -0.00270043523051], [0.00034562201472, -0.00023164828599, -1.77721321961e-05, 0.000319730752381, 0.0017345334636, -0.00223429012112, 0.00460719456896, -0.0055582053028, -0.00366231496446, 0.0233825799078, -0.00870313402265, -0.00623796787113, 0.00618512602523], [-0.000244988303166, -0.000137574665132, -0.0016612324398, 0.0011474029161, 7.68964600866e-05, 0.0020393691957, -0.00299826427363, 0.00672731967643, -0.00619151769206, -0.00870313402265, 0.0182062871754, -0.00377547624521, -0.00427562184632], [9.66558291111e-05, 9.72822745098e-05, 0.00129073788412, -0.00228914245963, 0.00175144104287, -0.000160617753863, -0.00398639822379, -0.00359701528214, 0.0087518049404, -0.00623796787113, -0.00377547624521, 0.0213575176895, -0.0071448716335], [3.4617678466e-05, 0.000539870408829, 0.000539601547644, 0.00325320428237, -0.00240411353298, 0.00122065551113, 0.00284898746759, 0.000190948689124, -0.00270043523051, 0.00618512602523, -0.00427562184632, -0.0071448716335, 0.0193322151899]]}, "spectral_contrast_coeffs": {"dmean": [0.0391595065594, 0.0383665151894, 0.0345197953284, 0.0263497643173, 0.0193035788834, 0.0129892518744], "dmean2": [0.0627310723066, 0.0617795772851, 0.0555188208818, 0.044395595789, 0.0326206721365, 0.0213486496359], "dvar": [0.00104206637479, 0.000975199451204, 0.000740009418223, 0.000444907345809, 0.000229665107327, 0.000115056602226], "dvar2": [0.00277346605435, 0.00263318046927, 0.00188622309361, 0.00122962018941, 0.000644670333713, 0.000307256152155], "max": [-0.287285119295, -0.434129297733, -0.511811852455, -0.605009377003, -0.68612575531, -0.66085934639], "mean": [-0.530086815357, -0.680107295513, -0.718538999557, -0.756067097187, -0.784621596336, -0.746849000454], "median": [-0.519368946552, -0.67859184742, -0.715784668922, -0.752840876579, -0.781693994999, -0.741624772549], "min": [-0.969705760479, -0.98077839613, -0.98773932457, -0.986931025982, -0.988361775875, -0.9729154706], "var": [0.00931475125253, 0.00570644252002, 0.00490705389529, 0.00278693716973, 0.00145341886673, 0.00143941317219]}, "spectral_contrast_valleys": {"dmean": [0.400661975145, 0.279562354088, 0.256159752607, 0.209438741207, 0.184910729527, 0.22112904489], "dmean2": [0.667540371418, 0.45026665926, 0.420123159885, 0.337020069361, 0.26789522171, 0.264874279499], "dvar": [0.145029842854, 0.0935037583113, 0.0868355557323, 0.0667770430446, 0.0725900381804, 0.096