{"lowlevel": {"average_loudness": 0.0531926304102, "barkbands_crest": {"dmean": 2.75371098518, "dmean2": 4.45451641083, "dvar": 5.72029590607, "dvar2": 14.1520347595, "max": 26.4160461426, "mean": 10.4107093811, "median": 9.51040172577, "min": 2.09760570526, "var": 20.2744960785}, "barkbands_flatness_db": {"dmean": 0.0212108269334, "dmean2": 0.0330075956881, "dvar": 0.000360034173355, "dvar2": 0.000844695838168, "max": 0.470022141933, "mean": 0.194604694843, "median": 0.20256498456, "min": 0.0159175042063, "var": 0.00661003729329}, "barkbands_kurtosis": {"dmean": 2.14069628716, "dmean2": 3.43573331833, "dvar": 17.4912891388, "dvar2": 41.2013282776, "max": 161.257446289, "mean": 2.58338856697, "median": 0.892528653145, "min": -1.90511190891, "var": 41.7719497681}, "barkbands_skewness": {"dmean": 0.519423305988, "dmean2": 0.824650347233, "dvar": 0.240624830127, "dvar2": 0.57978451252, "max": 11.0775518417, "mean": 0.787930369377, "median": 0.653064608574, "min": -7.32177305222, "var": 1.24388039112}, "barkbands_spread": {"dmean": 4.10265874863, "dmean2": 6.62300252914, "dvar": 28.3112812042, "dvar2": 70.1482467651, "max": 102.863304138, "mean": 16.7505321503, "median": 12.4596004486, "min": 0.200172752142, "var": 190.146530151}, "dissonance": {"dmean": 0.0313301794231, "dmean2": 0.0539951771498, "dvar": 0.00101327244192, "dvar2": 0.00294428528287, "max": 0.500000059605, "mean": 0.439122319221, "median": 0.454942047596, "min": 0.124362230301, "var": 0.00283848401159}, "dynamic_complexity": 3.41325759888, "erbbands_crest": {"dmean": 3.02225399017, "dmean2": 5.03817749023, "dvar": 7.52045488358, "dvar2": 20.3595218658, "max": 33.5043067932, "mean": 11.139251709, "median": 10.321603775, "min": 2.20168924332, "var": 24.3329048157}, "erbbands_flatness_db": {"dmean": 0.0182824153453, "dmean2": 0.0295383147895, "dvar": 0.000286081514787, "dvar2": 0.000729941704776, "max": 0.506211340427, "mean": 0.246157839894, "median": 0.258956968784, "min": 0.0646506920457, "var": 0.00611284794286}, "erbbands_kurtosis": {"dmean": 1.44087040424, "dmean2": 2.38985419273, "dvar": 4.21144580841, "dvar2": 10.7932224274, "max": 88.3561859131, "mean": 1.67053425312, "median": 0.917809844017, "min": -1.83825826645, "var": 10.4571895599}, "erbbands_skewness": {"dmean": 0.41187569499, "dmean2": 0.674341082573, "dvar": 0.139832764864, "dvar2": 0.37525382638, "max": 6.41804075241, "mean": 0.44949889183, "median": 0.407047539949, "min": -3.57162070274, "var": 0.714510142803}, "erbbands_spread": {"dmean": 4.53873825073, "dmean2": 7.5065369606, "dvar": 32.2337341309, "dvar2": 88.5627975464, "max": 125.053634644, "mean": 20.670797348, "median": 13.7610425949, "min": 0.445680290461, "var": 245.855270386}, "hfc": {"dmean": 4.64482498169, "dmean2": 7.58292961121, "dvar": 81.1338882446, "dvar2": 208.753387451, "max": 277.577331543, "mean": 13.8323030472, "median": 9.18752861023, "min": 1.17287791938e-16, "var": 230.436721802}, "melbands_crest": {"dmean": 3.95244765282, "dmean2": 6.5362906456, "dvar": 12.8814840317, "dvar2": 32.821346283, "max": 39.0355606079, "mean": 14.2127761841, "median": 12.6835870743, "min": 2.01023292542, "var": 40.9363517761}, "melbands_flatness_db": {"dmean": 0.0234076008201, "dmean2": 0.0369598418474, "dvar": 0.00043945258949, "dvar2": 0.00105743634049, "max": 0.612800180912, "mean": 0.268550425768, "median": 0.278578042984, "min": 0.00703606102616, "var": 0.00971622765064}, "melbands_kurtosis": {"dmean": 3.18180060387, "dmean2": 5.14372491837, "dvar": 43.9972496033, "dvar2": 100.720855713, "max": 325.572265625, "mean": 4.87216424942, "median": 2.02328324318, "min": -1.85649859905, "var": 97.9064788818}, "melbands_skewness": {"dmean": 0.57186383009, "dmean2": 0.923490583897, "dvar": 0.30653449893, "dvar2": 0.751691460609, "max": 15.2667894363, "mean": 1.29984521866, "median": 1.1126666069, "min": -4.18898487091, "var": 1.66955828667}, "melbands_spread": {"dmean": 5.67921876907, "dmean2": 9.30068778992, "dvar": 64.5989532471, "dvar2": 162.659332275, "max": 165.914047241, "mean": 21.0883731842, "median": 16.1781311035, "min": 0.522134900093, "var": 312.582427979}, "pitch_salience": {"dmean": 0.0729870572686, "dmean2": 0.118915878236, "dvar": 0.00375550542958, "dvar2": 0.00954793579876, "max": 0.922953903675, "mean": 0.544910788536, "median": 0.558623075485, "min": 0.054148465395, "var": 0.0158063489944}, "silence_rate_20dB": {"dmean": 0.000261056848103, "dmean2": 0.0005221250467, "dvar": 0.000260925386101, "dvar2": 0.000652209040709, "max": 1, "mean": 0.999760687351, "median": 1, "min": 0, "var": 0.000239183980739}, "silence_rate_30dB": {"dmean": 0.00887593254447, "dmean2": 0.0177522525191, "dvar": 0.00880336388946, "dvar2": 0.0205194279552, "max": 1, "mean": 0.985816240311, "median": 1, "min": 0, "var": 0.0139736505225}, "silence_rate_60dB": {"dmean": 0.0183609984815, "dmean2": 0.0367227941751, "dvar": 0.0180324260145, "dvar2": 0.0429834574461, "max": 1, "mean": 0.0795553401113, "median": 0, "min": 0, "var": 0.0732351318002}, "spectral_centroid": {"dmean": 160.998535156, "dmean2": 261.643707275, "dvar": 50051.3320312, "dvar2": 121069.5, "max": 10597.2626953, "mean": 1088.44592285, "median": 867.172363281, "min": 186.709243774, "var": 469373.28125}, "spectral_complexity": {"dmean": 2.38362312317, "dmean2": 3.87155723572, "dvar": 7.95140552521, "dvar2": 16.2548236847, "max": 59, "mean": 15.1357250214, "median": 13, "min": 0, "var": 74.4299926758}, "spectral_decrease": {"dmean": 1.98370719851e-09, "dmean2": 3.01373437317e-09, "dvar": 1.1459694859e-17, "dvar2": 2.47484018577e-17, "max": 6.04468715072e-15, "mean": -5.86662762814e-09, "median": -3.89257159839e-09, "min": -2.10916738297e-07, "var": 4.60823477306e-17}, "spectral_energy": {"dmean": 0.00781070860103, "dmean2": 0.0119007602334, "dvar": 0.000172011306859, "dvar2": 0.000373924645828, "max": 0.807015538216, "mean": 0.0233967769891, "median": 0.0158045515418, "min": 1.06243312136e-20, "var": 0.000699162599631}, "spectral_energyband_high": {"dmean": 0.000232609017985, "dmean2": 0.000385447317967, "dvar": 9.14042232125e-07, "dvar2": 2.33648279391e-06, "max": 0.0170727763325, "mean": 0.000386123749195, "median": 1.95068860194e-05, "min": 8.15974415516e-21, "var": 1.41826217259e-06}, "spectral_energyband_low": {"dmean": 0.00274124462157, "dmean2": 0.00431846128777, "dvar": 5.00512433064e-05, "dvar2": 0.000118577030662, "max": 0.303366959095, "mean": 0.00473941443488, "median": 0.00145054282621, "min": 4.30560061189e-23, "var": 0.000106586718175}, "spectral_energyband_middle_high": {"dmean": 0.00189098040573, "dmean2": 0.00318260747008, "dvar": 1.71376395883e-05, "dvar2": 5.03339506395e-05, "max": 0.082709454, "mean": 0.00474834162742, "median": 0.00280271423981, "min": 1.27130087085e-21, "var": 4.36349146185e-05}, "spectral_energyband_middle_low": {"dmean": 0.00469180056825, "dmean2": 0.00722366012633, "dvar": 8.21653957246e-05, "dvar2": 0.000177019828698, "max": 0.59000068903, "mean": 0.0124207083136, "median": 0.00639227358624, "min": 3.55675975635e-22, "var": 0.000341110338923}, "spectral_entropy": {"dmean": 0.143343061209, "dmean2": 0.230376765132, "dvar": 0.0191818792373, "dvar2": 0.0477868244052, "max": 9.81329727173, "mean": 6.92817878723, "median": 6.86536121368, "min": 4.30770301819, "var": 0.492407381535}, "spectral_flux": {"dmean": 0.0172171127051, "dmean2": 0.0294954571873, "dvar": 0.000379460747354, "dvar2": 0.0011138265254, "max": 0.451908051968, "mean": 0.070161037147, "median": 0.0647152811289, "min": 1.0307439624e-10, "var": 0.00121009978466}, "spectral_kurtosis": {"dmean": 6.89331626892, "dmean2": 12.1710138321, "dvar": 79.5185470581, "dvar2": 239.053329468, "max": 218.213775635, "mean": 18.3194675446, "median": 13.221997261, "min": -1.23776173592, "var": 357.271850586}, "spectral_rms": {"dmean": 0.000706995022483, "dmean2": 0.00108180567622, "dvar": 5.86141538861e-07, "dvar2": 1.30172668378e-06, "max": 0.0280594415963, "mean": 0.00428160792217, "median": 0.00392671301961, "min": 3.21950322305e-12, "var": 4.49353956355e-06}, "spectral_rolloff": {"dmean": 324.626037598, "dmean2": 554.375915527, "dvar": 476358.59375, "dvar2": 1211516.625, "max": 19530.6152344, "mean": 1236.20080566, "median": 904.39453125, "min": 21.533203125, "var": 1245042}, "spectral_skewness": {"dmean": 0.492977768183, "dmean2": 0.867558002472, "dvar": 0.295349061489, "dvar2": 0.902408599854, "max": 12.3417463303, "mean": 2.72135090828, "median": 2.54968547821, "min": -0.365543663502, "var": 2.09859061241}, "spectral_spread": {"dmean": 309822.28125, "dmean2": 525354, "dvar": 204595412992, "dvar2": 495017689088, "max": 40889460, "mean": 2663138.75, "median": 2102004.5, "min": 410352.4375, "var": 1970227904510.0}, "spectral_strongpeak": {"dmean": 0.554883956909, "dmean2": 0.936170399189, "dvar": 0.792136013508, "dvar2": 2.02516126633, "max": 15.8866758347, "mean": 1.03474855423, "median": 0.568567156792, "min": 0, "var": 2.12455821037}, "zerocrossingrate": {"dmean": 0.00618929695338, "dmean2": 0.00760986190289, "dvar": 7.19291347195e-05, "dvar2": 8.78562423168e-05, "max": 0.6826171875, "mean": 0.0457091592252, "median": 0.0361328125, "min": 0.0009765625, "var": 0.000914984382689}, "barkbands": {"dmean": [0.00244235550053, 0.00118821428623, 0.000303057255223, 0.000396076473407, 0.00166575924959, 0.00147522846237, 0.00100919266697, 0.000901189574506, 0.00112719007302, 0.0011710410472, 0.000310260598781, 0.000687298481353, 0.000303741369862, 0.000154797424329, 0.000132091008709, 8.13522783574e-05, 9.72298294073e-05, 5.29626449861e-05, 6.13788361079e-05, 5.53495628992e-05, 9.3292335805e-05, 5.10262689204e-05, 3.87538057112e-05, 2.12855320569e-05, 1.41943119161e-05, 6.83163671056e-06, 1.67613507074e-06], "dmean2": [0.00336150405928, 0.0019932128489, 0.000513781036716, 0.000637487217318, 0.00256723258644, 0.00229686987586, 0.00156610622071, 0.00140380708035, 0.00183386949357, 0.00192121497821, 0.000515754916705, 0.00120966089889, 0.000532935431693, 0.00026098077069, 0.000217680382775, 0.000135338719701, 0.000170139377587, 7.94369916548e-05, 0.000106567240437, 9.30899404921e-05, 0.000152706590598, 8.20038403617e-05, 6.46482076263e-05, 3.79615739803e-05, 2.47539319389e-05, 1.21894490803e-05, 3.02636726701e-06], "dvar": [5.47133058717e-05, 8.4032481027e-06, 6.86560213126e-07, 2.59264152191e-06, 2.40105000557e-05, 1.71210031112e-05, 2.12206869037e-05, 7.24004212316e-06, 7.37383834348e-06, 1.48570834426e-05, 2.72906305554e-07, 6.634667443e-06, 1.47003402162e-06, 2.2968768576e-07, 2.16042039369e-07, 5.67453604106e-08, 8.32023943076e-08, 4.05809679194e-08, 3.16398356404e-08, 4.64413325574e-08, 1.69271473283e-07, 5.97996034912e-08, 2.90647523826e-08, 2.00634300285e-08, 5.04169195281e-09, 1.60572688479e-09, 1.03066846724e-10], "dvar2": [0.000100437799119, 2.25751155085e-05, 1.89903585124e-06, 6.64358503855e-06, 4.97605287819e-05, 4.26557053288e-05, 4.03753692808e-05, 1.56231817527e-05, 1.74557226273e-05, 3.68455948774e-05, 7.29966757262e-07, 2.06902768696e-05, 4.48413538834e-06, 6.6035255486e-07, 5.26261374034e-07, 1.68648398358e-07, 2.67212215022e-07, 9.35612547437e-08, 9.13278412895e-08, 1.28100850816e-07, 4.29139817015e-07, 1.45024017684e-07, 8.12335585465e-08, 6.19209998831e-08, 1.45162823983e-08, 4.69693706151e-09, 2.96252189447e-10], "max": [0.441764771938, 0.119050189853, 0.0271482020617, 0.116110876203, 0.179286196828, 0.283035188913, 0.579481005669, 0.206496179104, 0.0936549007893, 0.117672197521, 0.0127763478085, 0.0736227706075, 0.0458010956645, 0.0218556988984, 0.0517460592091, 0.00863964110613, 0.00791701301932, 0.0162051338702, 0.00292029231787, 0.00603422708809, 0.0075054098852, 0.00501781655475, 0.00434057647362, 0.00389534141868, 0.00260018790141, 0.00118770217523, 0.000229833793128], "mean": [0.00401945086196, 0.00173462519888, 0.000431597407442, 0.000627986271866, 0.00308587658219, 0.00297019025311, 0.00175898510497, 0.00151920760982, 0.0018068930367, 0.00170461670496, 0.000533479149453, 0.00113905535545, 0.000442144519184, 0.00034425285412, 0.000246986019192, 0.000155134257511, 0.000181621449883, 0.000136767412187, 0.000116180977784, 0.000100954377558, 0.000148967228597, 8.61414082465e-05, 5.78436047363e-05, 2.37115746131e-05, 1.61095431395e-05, 6.21214212515e-06, 1.51847768848e-06], "median": [0.00037109706318, 0.000513867940754, 9.3884736998e-05, 7.18436203897e-05, 0.000782947812695, 0.000831352779642, 0.000432059750892, 0.00044416525634, 0.000673629809171, 0.000647849985398, 0.000230018194998, 0.000300735904602, 0.000112597379484, 7.56889421609e-05, 7.63237912906e-05, 3.58028337359e-05, 5.37393170816e-05, 1.76764151547e-05, 2.02764640562e-05, 8.76292506291e-06, 4.13378029407e-06, 1.00264264802e-06, 7.70918632043e-07, 4.76174307096e-07, 4.01307318043e-07, 1.49982170683e-07, 6.75056810451e-08], "min": [3.93203103371e-24, 2.43434965395e-23, 1.51701170626e-23, 4.53291309054e-24, 9.118731611e-23, 2.76917819419e-23, 1.85493352788e-23, 5.25805359837e-23, 1.00788769379e-22, 8.57867175548e-23, 4.46017001765e-23, 8.4629900369e-23, 1.03384670805e-22, 3.56628269587e-23, 1.36012860302e-22, 7.65187883653e-23, 1.87482740084e-22, 2.2794546064e-22, 1.95281797646e-22, 3.00017711451e-22, 6.41055887051e-22, 5.32485553889e-22, 6.64798151674e-22, 9.21077628007e-22, 1.21037011281e-21, 1.7679773903e-21, 2.45216278953e-21], "var": [0.000146106642205, 1.31241449708e-05, 1.42215594678e-06, 6.91515333529e-06, 6.9398782216e-05, 6.57445998513e-05, 6.37672274024e-05, 2.27282180276e-05, 1.46508054968e-05, 2.29056859098e-05, 6.18595834112e-07, 1.30152448037e-05, 1.88094918485e-06, 1.20815968785e-06, 4.67575318908e-07, 9.44694136251e-08, 1.48416106072e-07, 4.91741900532e-07, 6.66235493441e-08, 7.3489346164e-08, 2.6177102086e-07, 9.73825180495e-08, 3.33578640266e-08, 1.34721220846e-08, 4.28028501531e-09, 1.12062159552e-09, 7.24995063983e-11]}, "erbbands": {"dmean": [0.07604624331, 0.159014612436, 0.364878892899, 0.759580552578, 3.79730558395, 6.43740749359, 7.35408258438, 14.0861282349, 16.1698913574, 13.4029788971, 18.9224662781, 27.5103549957, 30.7363567352, 27.4885482788, 12.3739967346, 25.3765468597, 17.1250762939, 6.14691305161, 9.03512859344, 3.61618518829, 4.58146619797, 5.06835985184, 2.99553442001, 3.14221143723, 2.94370388985, 2.61918997765, 2.96152257919, 3.77316379547, 1.74102604389, 1.52190554142, 0.985163211823, 0.588005185127, 0.283075422049, 0.168696433306, 0.0937973558903, 0.0373472720385, 0.0109888846055, 0.00235142256133, 0.000279385218164, 2.40780391323e-05], "dmean2": [0.127671912313, 0.262519001961, 0.602227270603, 1.23443555832, 6.11567640305, 9.59366893768, 11.3763341904, 22.166595459, 25.4243736267, 20.7966156006, 29.4457416534, 44.66248703, 49.1915817261, 46.5430717468, 21.3835926056, 44.5169906616, 30.0648765564, 10.3591833115, 14.9027910233, 6.02372121811, 7.65142440796, 8.93284416199, 4.74445009232, 5.21011829376, 4.95349788666, 4.46717643738, 4.81011629105, 6.21282863617, 2.79251623154, 2.48786997795, 1.67537605762, 1.04585635662, 0.502605259418, 0.296479642391, 0.163583934307, 0.0657358169556, 0.0197553746402, 0.00430173799396, 0.000500625174027, 4.13345296693e-05], "dvar": [0.0505570620298, 0.126314282417, 1.02140235901, 7.13039445877, 138.084594727, 442.115509033, 443.004211426, 1607.25012207, 5114.06982422, 1535.89196777, 2630.08349609, 4965.32177734, 16060.7861328, 5892.23193359, 1115.22790527, 8044.83447266, 4481.84228516, 288.372253418, 957.81427002, 84.6259002686, 180.431945801, 243.518218994, 122.858757019, 82.5933761597, 72.6245269775, 109.678657532, 168.698303223, 274.612091064, 66.8817520142, 45.2018470764, 25.3167762756, 18.2960357666, 3.82155394554, 1.16630208492, 0.231380239129, 0.0728113278747, 0.00509329512715, 0.000202329261811, 2.54441897596e-06, 9.86042181239e-09], "dvar2": [0.133758187294, 0.303968161345, 2.59733247757, 18.4196681976, 324.911254883, 833.02142334, 996.880493164, 4120.80566406, 10486.0273438, 3271.01245117, 5280.75976562, 11765.4179688, 35790.453125, 18468.1914062, 3280.83813477, 25072.6875, 13712.2412109, 845.376159668, 2429.5390625, 231.454376221, 530.422851562, 813.683776855, 329.126953125, 239.230621338, 177.521255493, 307.997161865, 441.679992676, 684.075805664, 160.821304321, 112.029083252, 73.8748397827, 56.7643623352, 11.6719427109, 3.51060366631, 0.662958920002, 0.216631039977, 0.0149788828567, 0.000587646849453, 7.30246392777e-06, 2.82074736901e-08], "max": [8.78678035736, 10.7965450287, 25.0681743622, 161.878555298, 705.215270996, 1031.10131836, 1779.34521484, 2797.17431641, 8429.50683594, 2928.17553711, 4320.31835938, 2899.48535156, 4577.48388672, 2745.97509766, 1218.8112793, 2476.85961914, 2232.90283203, 820.270446777, 3325.7878418, 408.093383789, 445.625823975, 385.172363281, 625.527709961, 367.129943848, 131.453384399, 247.437805176, 392.538299561, 314.636749268, 165.992675781, 107.266723633, 189.726425171, 145.433883667, 99.2144165039, 57.18151474, 27.825969696, 10.0431871414, 2.12089157104, 0.324121594429, 0.0354432314634, 0.0019381797174], "mean": [0.0994866862893, 0.245685771108, 0.56441873312, 1.28075432777, 6.22392749786, 11.3835544586, 15.6844682693, 26.966342926, 27.9227581024, 25.217918396, 33.8444633484, 44.6334266663, 47.8978652954, 43.5984992981, 23.08228302, 43.9032936096, 26.4866046906, 15.686873436, 18.6571559906, 7.88904857635, 9.58201599121, 9.57258415222, 7.28784275055, 7.08228158951, 5.70572137833, 4.74575471878, 4.94964313507, 5.9806137085, 2.93984675407, 2.50884771347, 1.41085147858, 0.674002885818, 0.318949311972, 0.190330326557, 0.109463237226, 0.0348185375333, 0.010141864419, 0.00202701054513, 0.000277189508779, 4.15047616116e-05], "median": [0.0185905732214, 0.0770015120506, 0.138805866241, 0.253108471632, 0.935781061649, 2.68564844131, 4.19300174713, 7.36319541931, 7.87054204941, 8.47673225403, 11.8873138428, 16.1123428345, 17.7265987396, 19.6796340942, 11.2942466736, 13.045955658, 6.84360122681, 4.46015834808, 5.67719984055, 3.23448562622, 2.1368265152, 3.16753220558, 1.68613100052, 1.05437970161, 1.01960158348, 0.418945908546, 0.213634997606, 0.120713219047, 0.0396542102098, 0.0300432741642, 0.0203447844833, 0.0110948029906, 0.00834124349058, 0.00608959654346, 0.00169145152904, 0.000612418283708, 0.000191812607227, 5.45039511053e-05, 2.40482004301e-05, 2.27480850299e-05], "min": [1.31440322097e-21, 3.29944877812e-21, 1.58174801514e-20, 1.38339446633e-20, 1.39007650241e-19, 3.8603361135e-19, 3.29952032439e-19, 1.14647840361e-19, 2.24787494684e-19, 5.50139989327e-19, 1.4327129067e-18, 1.93823058618e-18, 3.88829895411e-18, 1.34376152254e-18, 2.48299333284e-18, 3.67163429549e-18, 4.66474320302e-18, 1.98001375367e-18, 4.04874428239e-18, 8.26173685593e-18, 4.6682640973e-18, 1.0261378158e-17, 1.250906032e-17, 1.06100438851e-17, 1.21525529206e-17, 1.35259721769e-17, 2.22120377978e-17, 2.32017891792e-17, 1.89623346843e-17, 2.13208946172e-17, 1.6777083979e-17, 1.82719333491e-17, 1.79589761818e-17, 1.23453546594e-17, 9.99390599818e-18, 5.80165828722e-18, 3.06546765721e-18, 1.28377190297e-18, 3.93157368333e-19, 3.40687809277e-20], "var": [0.0733209624887, 0.273407787085, 2.1471760273, 18.2815036774, 360.563842773, 1264.50268555, 2354.74926758, 5015.72705078, 13634.0332031, 5311.85693359, 8714.71484375, 9875.27636719, 25812.7734375, 8542.76953125, 1835.67590332, 16973.9570312, 6010.66503906, 2155.52416992, 2821.82202148, 206.225418091, 412.808258057, 316.393737793, 789.158081055, 382.671844482, 164.164398193, 169.656143188, 260.284362793, 447.739501953, 107.238632202, 71.7881622314, 24.0035266876, 12.0927124023, 2.64319086075, 0.823577165604, 0.220603659749, 0.0480380877852, 0.00350705510937, 0.000137761744554, 1.9043170596e-06, 7.76555086901e-09]}, "gfcc": {"mean": [-73.904838562, 140.947402954, -135.565170288, -4.35116434097, -55.6386222839, -2.24586963654, -21.2037372589, 4.19286775589, -16.0703754425, -4.10320091248, -2.05810785294, -1.12275528908, 0.591107904911], "cov": [[6038.72167969, -2650.296875, -21.834280014, 1722.33300781, -152.686386108, 819.114990234, -498.779266357, 189.907287598, 115.287979126, 282.279144287, -563.47064209, 275.95223999, -258.149230957], [-2650.296875, 2690.98608398, 39.6096992493, -1076.2277832, 277.081726074, -690.674682617, 275.261657715, -266.674285889, -34.940246582, -228.069641113, 361.931091309, -322.117370605, 275.545196533], [-21.834280014, 39.6096992493, 643.032043457, 141.68687439, -68.5858306885, -23.1194629669, -146.555984497, -48.5941429138, -70.1828842163, -105.677864075, -80.9982833862, 21.5151863098, -25.8870296478], [1722.33300781, -1076.2277832, 141.68687439, 1051.55200195, -45.8269882202, 359.922027588, -163.996414185, 30.5859889984, 51.0423774719, 6.57062339783, -216.301177979, 92.7088165283, -81.2483520508], [-152.686386108, 277.081726074, -68.5858306885, -45.8269882202, 398.446502686, 65.6276168823, 54.0182342529, 49.4522476196, 53.2236671448, 66.2896118164, 30.3122234344, -23.520898819, 31.4424591064], [819.114990234, -690.674682617, -23.1194629669, 359.922027588, 65.6276168823, 485.519927979, -4.82273483276, 149.552062988, 94.5261077881, 57.7861175537, -71.5369262695, 62.7493057251, -81.7074279785], [-498.779266357, 275.261657715, -146.555984497, -163.996414185, 54.0182342529, -4.82273483276, 328.324707031, 64.2890396118, 23.1731185913, 48.0017623901, 77.2370681763, -50.5971031189, 41.466053009], [189.907287598, -266.674285889, -48.5941429138, 30.5859889984, 49.4522476196, 149.552062988, 64.2890396118, 210.935165405, 61.3999481201, 68.6427383423, -0.241696715355, 36.1071395874, -23.9276103973], [115.287979126, -34.940246582, -70.1828842163, 51.0423774719, 53.2236671448, 94.5261077881, 23.1731185913, 61.3999481201, 177.409683228, 51.814365387, 42.5157356262, 24.6173553467, -1.06987833977], [282.279144287, -228.069641113, -105.677864075, 6.57062339783, 66.2896118164, 57.7861175537, 48.0017623901, 68.6427383423, 51.814365387, 226.547134399, 3.24179983139, 55.614654541, -10.8775691986], [-563.47064209, 361.931091309, -80.9982833862, -216.301177979, 30.3122234344, -71.5369262695, 77.2370681763, -0.241696715355, 42.5157356262, 3.24179983139, 212.880081177, -8.79294967651, 54.5132217407], [275.95223999, -322.117370605, 21.5151863098, 92.7088165283, -23.520898819, 62.7493057251, -50.5971031189, 36.1071395874, 24.6173553467, 55.614654541, -8.79294967651, 165.12461853, -29.3481655121], [-258.149230957, 275.545196533, -25.8870296478, -81.2483520508, 31.4424591064, -81.7074279785, 41.466053009, -23.9276103973, -1.06987833977, -10.8775691986, 54.5132217407, -29.3481655121, 125.742622375]], "icov": [[0.000474675820442, -7.54983266233e-05, 0.000255579594523, -0.000564476882573, 0.000250558689004, -0.000281992193777, 0.000545204267837, -0.000216792701394, 6.65884072077e-05, -0.000585860572755, 0.000559481035452, -7.3335977504e-05, 5.11127254867e-05], [-7.54983266233e-05, 0.00248079630546, -0.000917626079172, 0.00138767249882, -0.00184668542352, 0.00165678071789, -0.00130336754955, 0.00180804647971, -0.00148060719948, 0.00179000047501, -0.00135777785908, 0.00191662274301, -0.00139311142266], [0.000255579594523, -0.000917626079172, 0.00238606054336, -0.000931105634663, 0.000768766156398, -0.000538236170541, 0.00126232544426, -0.000884443172254, 0.00100141682196, -0.000147521568579, 0.00105653388891, -0.0010493096197, 0.000591387797613], [-0.000564476882573, 0.00138767249882, -0.000931105634663, 0.00309848086908, -0.00102363352198, -5.81791173317e-05, -0.000958898337558, 0.00177859258838, -0.00135142111685, 0.00164390355349, 4.96698748975e-06, 0.000654100906104, -0.00123530148994], [0.000250558689004, -0.00184668542352, 0.000768766156398, -0.00102363352198, 0.00441340915859, -0.00191556708887, 0.00120900315233, -0.00156766897999, 0.000655081064906, -0.00235695531592, 0.00118342356291, -0.000692754983902, 0.000139581243275], [-0.000281992193777, 0.00165678071789, -0.000538236170541, -5.81791173317e-05, -0.00191556708887, 0.00542807998136, -0.00133186113089, -0.000853621284477, -0.00192854751367, 0.00172491651028, -0.00103828124702, 0.00103339715861, 0.000749150465708], [0.000545204267837, -0.00130336754955, 0.00126232544426, -0.000958898337558, 0.00120900315233, -0.00133186113089, 0.0055310674943, -0.00242509669624, 0.00111934542656, -0.00218976009637, 0.000385462015402, 0.000398565694923, -9.14799093152e-05], [-0.000216792701394, 0.00180804647971, -0.000884443172254, 0.00177859258838, -0.00156766897999, -0.000853621284477, -0.00242509669624, 0.00879007391632, -0.00221043103375, 0.000529878947418, -0.00072329910472, 0.000432033994002, -0.000688826083206], [6.65884072077e-05, -0.00148060719948, 0.00100141682196, -0.00135142111685, 0.000655081064906, -0.00192854751367, 0.00111934542656, -0.00221043103375, 0.00861483067274, -0.00193198421039, -0.00137413805351, -0.00130013376474, 0.000705897575244], [-0.000585860572755, 0.00179000047501, -0.000147521568579, 0.00164390355349, -0.00235695531592, 0.00172491651028, -0.00218976009637, 0.000529878947418, -0.00193198421039, 0.00799632165581, -0.000859705382027, -0.000785466341767, -0.000695600640029], [0.000559481035452, -0.00135777785908, 0.00105653388891, 4.96698748975e-06, 0.00118342356291, -0.00103828124702, 0.000385462015402, -0.00072329910472, -0.00137413805351, -0.000859705382027, 0.00876148417592, -0.00215073954314, -0.00127706304193], [-7.3335977504e-05, 0.00191662274301, -0.0010493096197, 0.000654100906104, -0.000692754983902, 0.00103339715861, 0.000398565694923, 0.000432033994002, -0.00130013376474, -0.000785466341767, -0.00215073954314, 0.00951845478266, -0.000273415644187], [5.11127254867e-05, -0.00139311142266, 0.000591387797613, -0.00123530148994, 0.000139581243275, 0.000749150465708, -9.14799093152e-05, -0.000688826083206, 0.000705897575244, -0.000695600640029, -0.00127706304193, -0.000273415644187, 0.0112206824124]]}, "melbands": {"dmean": [0.000623255677056, 0.000190583217773, 0.000189931277419, 0.000413934874814, 0.000243085276452, 0.000301483320072, 0.000234518447542, 0.000165574238054, 0.000163187331054, 0.000166965925018, 0.000156784502906, 0.00011915853247, 3.80587989639e-05, 6.05522982369e-05, 8.16161118564e-05, 1.71892897924e-05, 1.27313933262e-05, 1.62607029779e-05, 8.00612360763e-06, 5.25457608092e-06, 5.73335501031e-06, 5.83189103054e-06, 3.66132303498e-06, 2.86655563286e-06, 2.68394273917e-06, 2.42863484345e-06, 2.15790714719e-06, 1.77947697466e-06, 1.60879551458e-06, 2.52742438533e-06, 2.26642850976e-06, 1.06994127691e-06, 9.17436011605e-07, 8.5225752855e-07, 6.14924545062e-07, 4.76151342355e-07, 3.29516268494e-07, 1.93764734036e-07, 2.14193576653e-07, 1.21900896488e-07], "dmean2": [0.00100421987008, 0.000310347852064, 0.000306236441247, 0.00063736300217, 0.000373068411136, 0.000472282845294, 0.000366412772564, 0.00025666327565, 0.000256039755186, 0.000271895638434, 0.00025111931609, 0.000202237919439, 6.44687534077e-05, 0.000105949417048, 0.00014444833505, 2.97149654216e-05, 2.14668270928e-05, 2.69607207883e-05, 1.32712166305e-05, 8.78735590959e-06, 9.60254783422e-06, 1.03336242319e-05, 6.35496508039e-06, 4.11255450672e-06, 4.58697195427e-06, 4.16201464759e-06, 3.49864853888e-06, 3.12179122375e-06, 2.61411082647e-06, 4.26005999543e-06, 3.71020337298e-06, 1.70410191913e-06, 1.55283009917e-06, 1.37172878567e-06, 1.04667230971e-06, 8.47463354603e-07, 5.87199508573e-07, 3.42303991374e-07, 3.91653941278e-07, 2.09065404988e-07], "dvar": [3.13887653647e-06, 2.45888031714e-07, 4.03648527936e-07, 1.76282333086e-06, 3.93577437308e-07, 7.06490141056e-07, 1.13028352189e-06, 2.29524161455e-07, 1.74325847979e-07, 1.59506981845e-07, 4.01140255235e-07, 1.18098384405e-07, 5.37053379546e-09, 5.32858202007e-08, 1.24090490772e-07, 4.67464422726e-09, 1.45320377953e-09, 3.12458303675e-09, 6.8346539539e-10, 2.61041133154e-10, 2.92706497929e-10, 4.01543354123e-10, 1.00654574953e-10, 1.32898900218e-10, 6.47525505437e-11, 4.71468697416e-11, 4.72034078491e-11, 5.97916369194e-11, 5.18054939225e-11, 1.23635421345e-10, 9.90278831159e-11, 2.64807949873e-11, 1.70974328445e-11, 1.25864527134e-11, 1.09236014331e-11, 1.30308758575e-11, 7.14252225073e-12, 2.22501747929e-12, 5.75827536695e-12, 4.16463223499e-13], "dvar2": [7.78331468609e-06, 5.80166897635e-07, 1.01133718999e-06, 3.60734247806e-06, 8.80428729033e-07, 1.79190192284e-06, 2.21290929403e-06, 5.10376310103e-07, 3.66893800674e-07, 3.77235721771e-07, 8.94015101949e-07, 3.71091914531e-07, 1.50175107905e-08, 1.66731155105e-07, 3.90103963355e-07, 1.3804621446e-08, 4.2671195466e-09, 8.19599943469e-09, 1.75283842996e-09, 7.77684749931e-10, 8.55624737728e-10, 1.35569011572e-09, 3.01047159423e-10, 2.42357245384e-10, 2.01398092647e-10, 1.23672946883e-10, 1.11676369541e-10, 1.8087177589e-10, 1.40184835962e-10, 3.29208493799e-10, 2.40272302054e-10, 6.29997443102e-11, 4.41120161232e-11, 3.06752921675e-11, 3.17572183828e-11, 4.0123553785e-11, 2.22233290798e-11, 6.79589023944e-12, 1.80354724211e-11, 1.19203702898e-12], "max": [0.0737795233727, 0.0139806233346, 0.0434310249984, 0.0464265942574, 0.0483879223466, 0.0592575222254, 0.131864160299, 0.0234881509095, 0.0282322056592, 0.0167564880103, 0.022778024897, 0.0122207198292, 0.00179720949382, 0.0101105161011, 0.00740461563691, 0.00277494220063, 0.0018564357888, 0.00547787640244, 0.00146355549805, 0.000651301990729, 0.000552399957087, 0.000509854406118, 0.000330199312884, 0.00120296981186, 0.000180193135748, 0.000109669701487, 0.00011164512398, 0.00023868122662, 0.000311852025334, 0.000194726744667, 0.000196072141989, 0.000105947634438, 0.000177176872967, 6.00448802288e-05, 0.000149617437273, 0.000125290971482, 8.76536360011e-05, 8.52029479574e-05, 8.27551775728e-05, 5.60459193366e-05], "mean": [0.000957237905823, 0.000309432303766, 0.000331264163833, 0.000702472170815, 0.000531073776074, 0.000591376447119, 0.000408409541706, 0.000300127227092, 0.000283582601696, 0.00026787124807, 0.000236729771132, 0.000182671385119, 6.8982160883e-05, 0.00010100856889, 0.000122588186059, 2.80740696326e-05, 3.02213502437e-05, 3.21076986438e-05, 1.51853819261e-05, 9.15295458981e-06, 1.15174880193e-05, 1.02876620076e-05, 6.60349587633e-06, 7.90399280959e-06, 5.45518651052e-06, 4.41306474386e-06, 3.84585973734e-06, 2.89397098641e-06, 2.63064089268e-06, 3.71672422261e-06, 3.5528380522e-06, 1.74953811438e-06, 1.40592362641e-06, 1.37266852107e-06, 8.96798155736e-07, 5.51200457721e-07, 3.52496101641e-07, 2.21632973307e-07, 2.07541489772e-07, 1.45304142052e-07], "median": [0.00021455436945, 8.81368177943e-05, 5.77997525397e-05, 0.000138389397762, 0.000158406503033, 0.000165345642017, 0.000113473666715, 9.4890499895e-05, 9.57804586506e-05, 9.70717082964e-05, 8.33622762002e-05, 7.95330197434e-05, 3.29248650814e-05, 3.50087066181e-05, 2.34026956605e-05, 9.04324406292e-06, 6.1337527768e-06, 8.78474111232e-06, 5.07980894326e-06, 2.40344934355e-06, 1.96663995666e-06, 2.95416225526e-06, 1.99608621188e-06, 6.6727329795e-07, 7.03141552094e-07, 8.28432121125e-07, 3.96243081013e-07, 1.65187344692e-07, 1.18686877215e-07, 7.55294706778e-08, 5.25502770188e-08, 1.84406125925e-08, 1.1836677416e-08, 1.40817206784e-08, 1.10883631166e-08, 6.58554188959e-09, 5.02375696598e-09, 4.66529836984e-09, 4.99795138609e-09, 3.85829768135e-09], "min": [8.58888482208e-24, 6.55512410005e-24, 4.01270626077e-24, 2.24748096951e-23, 1.1804479087e-23, 3.31910583188e-24, 3.47539377113e-24, 7.09924485373e-24, 1.32641880949e-23, 1.27795719081e-23, 1.88465260031e-23, 4.68557424177e-24, 7.50019524172e-24, 8.46945128103e-24, 1.25578302074e-23, 7.82625748626e-24, 2.9109062066e-24, 6.07099187948e-24, 1.00395732055e-23, 8.16614294044e-24, 5.23413076033e-24, 9.9381477812e-24, 1.15772666359e-23, 1.20546324021e-23, 8.21639022466e-24, 6.77554051444e-24, 9.6362743786e-24, 8.86881132544e-24, 1.32477498113e-23, 1.0934169871e-23, 1.59952608363e-23, 7.9982110198e-24, 1.50443994556e-23, 1.08683331176e-23, 6.91267372762e-24, 1.42851019017e-23, 9.19195636235e-24, 1.44986386601e-23, 8.07957413356e-24, 1.15325973871e-23], "var": [5.68899622522e-06, 5.61649926567e-07, 1.21049185964e-06, 4.49053413831e-06, 2.17628507926e-06, 2.38708662437e-06, 3.19372270496e-06, 7.35967148557e-07, 5.06776700604e-07, 3.24052280121e-07, 6.44613976419e-07, 1.68017024293e-07, 1.01861505897e-08, 9.90116078015e-08, 1.84759642252e-07, 6.78303235802e-09, 9.4923633398e-09, 9.43406774923e-09, 1.56418999975e-09, 3.44826056597e-10, 7.7665329723e-10, 4.97811236677e-10, 1.41320094516e-10, 2.601707072e-09, 1.71836170293e-10, 1.01276265152e-10, 9.14214676184e-11, 7.39267883021e-11, 7.28926016769e-11, 1.70416764034e-10, 1.68732874894e-10, 4.30697214004e-11, 2.23372275537e-11, 2.10858761007e-11, 1.11117347962e-11, 8.75696303665e-12, 4.53111376544e-12, 1.56129861643e-12, 3.35554240644e-12, 3.6366301138e-13]}, "mfcc": {"mean": [-715.971191406, 179.850021362, -20.5620765686, 4.08211183548, -12.683921814, -7.36617326736, 2.49017429352, 3.40919971466, -1.51673877239, 0.87431871891, -1.9109723568, 0.609311878681, 2.75545907021], "cov": [[6059.27001953, -2990.38134766, -10.4471406937, 855.346069336, 329.618774414, 849.578674316, -397.637268066, 261.559356689, 210.05406189, 154.353317261, 194.020889282, -131.796279907, -182.039871216], [-2990.38134766, 3081.00097656, -286.075805664, -451.301422119, -135.493392944, -579.82019043, 254.543777466, -336.184448242, -104.966499329, -26.6036891937, -230.167449951, 114.94443512, 99.114074707], [-10.4471406937, -286.075805664, 710.729858398, 137.526229858, 21.4750404358, 5.40517950058, -122.150520325, 78.7412719727, -119.121803284, -80.2550430298, -72.2663574219, -122.853187561, -90.4902191162], [855.346069336, -451.301422119, 137.526229858, 433.304321289, 109.40410614, 157.650756836, -71.1668624878, 1.30595195293, 42.6154747009, -19.2859134674, -9.63238334656, -81.5194244385, -57.7693939209], [329.618774414, -135.493392944, 21.4750404358, 109.40410614, 390.337402344, 153.887176514, -49.4410171509, 63.2832145691, 27.2641944885, 24.5272865295, 41.0945968628, -39.4764709473, -20.8277778625], [849.578674316, -579.82019043, 5.40517950058, 157.650756836, 153.887176514, 335.596832275, -21.2534503937, 92.0899658203, 79.7900085449, 43.1809234619, 73.8964767456, 7.11126995087, -22.9921665192], [-397.637268066, 254.543777466, -122.150520325, -71.1668624878, -49.4410171509, -21.2534503937, 251.871841431, 5.25036144257, 60.7160339355, 60.0605010986, 1.83271420002, 41.4180793762, 50.6653594971], [261.559356689, -336.184448242, 78.7412719727, 1.30595195293, 63.2832145691, 92.0899658203, 5.25036144257, 243.361633301, 23.4294548035, 41.3669166565, 51.4978294373, 9.01442146301, -3.69013667107], [210.05406189, -104.966499329, -119.121803284, 42.6154747009, 27.2641944885, 79.7900085449, 60.7160339355, 23.4294548035, 189.041534424, 56.0250511169, 55.5613098145, 20.1202392578, 32.0623855591], [154.353317261, -26.6036891937, -80.2550430298, -19.2859134674, 24.5272865295, 43.1809234619, 60.0605010986, 41.3669166565, 56.0250511169, 189.246765137, 22.4192008972, 38.5793113708, 11.7751646042], [194.020889282, -230.167449951, -72.2663574219, -9.63238334656, 41.0945968628, 73.8964767456, 1.83271420002, 51.4978294373, 55.5613098145, 22.4192008972, 186.614807129, 26.7856636047, 32.7195129395], [-131.796279907, 114.94443512, -122.853187561, -81.5194244385, -39.4764709473, 7.11126995087, 41.4180793762, 9.01442146301, 20.1202392578, 38.5793113708, 26.7856636047, 183.506820679, 69.0185546875], [-182.039871216, 99.114074707, -90.4902191162, -57.7693939209, -20.8277778625, -22.9921665192, 50.6653594971, -3.69013667107, 32.0623855591, 11.7751646042, 32.7195129395, 69.0185546875, 139.122634888]], "icov": [[0.000495426706038, 0.000305481837131, 0.000327178859152, -0.000512773927767, 9.34750351007e-05, -0.000465686811367, 0.000514309562277, -3.95348361053e-05, 2.63453875959e-06, -0.000378794124117, 0.00014017696958, 8.82643798832e-05, 0.000133891706355], [0.000305481837131, 0.000902241386939, 0.000250446086284, 2.97175556625e-05, -0.00045967756887, 0.000704738486093, -0.000274749734672, 0.000614023709204, -2.27393938985e-05, -0.000160142255481, 0.000600673316512, -0.000369859568309, 0.000157188536832], [0.000327178859152, 0.000250446086284, 0.00235803285614, -0.000877842248883, 0.000219029709115, -0.000190035745618, 0.000722922675777, -0.00104827515315, 0.00103904237039, 0.000114516245958, 0.000646080938168, 0.000864801811986, 0.000299096282106], [-0.000512773927767, 2.97175556625e-05, -0.000877842248883, 0.0042674341239, -0.000626515538897, -0.000649446388707, -0.00030039876583, 0.00109639647417, -0.00109695445281, 0.000673871545587, 0.000669891422149, 0.000644293439109, 0.000164847893757], [9.34750351007e-05, -0.00045967756887, 0.000219029709115, -0.000626515538897, 0.00375757575966, -0.00208614370786, 0.00105589977466, -0.000896418001503, 0.0002595660917, -0.000502188049722, -0.000503504648805, 0.00120187771972, -0.000353583949618], [-0.000465686811367, 0.000704738486093, -0.000190035745618, -0.000649446388707, -0.00208614370786, 0.00717668794096, -0.00117618695367, -0.000297482532915, -0.00123364536557, 0.000153283137479, -0.000624232867267, -0.00187158468179, 0.00113613309804], [0.000514309562277, -0.000274749734672, 0.000722922675777, -0.00030039876583, 0.00105589977466, -0.00117618695367, 0.006262332201, -0.000879279104993, -0.00131500291172, -0.00157110544387, 0.000491984246764, 0.000614952121396, -0.00111080019269], [-3.95348361053e-05, 0.000614023709204, -0.00104827515315, 0.00109639647417, -0.000896418001503, -0.000297482532915, -0.000879279104993, 0.00602343119681, -0.00027013142244, -0.000781769806053, -0.00065151945455, -0.000695480965078, 0.000207553137443], [2.63453875959e-06, -2.27393938985e-05, 0.00103904237039, -0.00109695445281, 0.0002595660917, -0.00123364536557, -0.00131500291172, -0.00027013142244, 0.00799103081226, -0.00122610363178, -0.00127968390007, 0.000665555184241, -0.0012203801889], [-0.000378794124117, -0.000160142255481, 0.000114516245958, 0.000673871545587, -0.000502188049722, 0.000153283137479, -0.00157110544387, -0.000781769806053, -0.00122610363178, 0.00691962847486, 0.000128717947518, -0.00111726275645, 0.000695224152878], [0.00014017696958, 0.000600673316512, 0.000646080938168, 0.000669891422149, -0.000503504648805, -0.000624232867267, 0.000491984246764, -0.00065151945455, -0.00127968390007, 0.000128717947518, 0.00738904811442, -0.000192778374185, -0.0012792381458], [8.82643798832e-05, -0.000369859568309, 0.000864801811986, 0.000644293439109, 0.00120187771972, -0.00187158468179, 0.000614952121396, -0.000695480965078, 0.000665555184241, -0.00111726275645, -0.000192778374185, 0.00825694296509, -0.00327249453403], [0.000133891706355, 0.000157188536832, 0.000299096282106, 0.000164847893757, -0.000353583949618, 0.00113613309804, -0.00111080019269, 0.000207553137443, -0.0012203801889, 0.000695224152878, -0.0012792381458, -0.00327249453403, 0.0102057158947]]}, "spectral_contrast_coeffs": {"dmean": [0.0520061962306, 0.0480988100171, 0.0393543206155, 0.0291578862816, 0.018986755982, 0.0154416821897], "dmean2": [0.0864419862628, 0.0805404037237, 0.0662298426032, 0.049839604646, 0.0323928110301, 0.0263699870557], "dvar": [0.00171228847466, 0.00140065106098, 0.000954882358201, 0.00055311009055, 0.000300136802252, 0.00029128981987], "dvar2": [0.00460141012445, 0.00390602857806, 0.0026446711272, 0.00160710094497, 0.000854398473166, 0.000778828107286], "max": [-0.243539944291, -0.314478725195, -0.4144282341, -0.444085121155, -0.540563941002, -0.498009741306], "mean": [-0.657234609127, -0.724499821663, -0.753562092781, -0.776572227478, -0.788228273392, -0.760437548161], "median": [-0.66942191124, -0.734184801579, -0.758726656437, -0.789375185966, -0.798441052437, -0.77498203516], "min": [-0.947664022446, -0.963259994984, -0.967858612537, -0.963728785515, -0.962275147438, -0.961125731468], "var": [0.0139401070774, 0.00688023399562, 0.00436652870849, 0.00418189633638, 0.00308025348932, 0.00325581314974]}, "spectral_contrast_valleys": {"dmean": [0.386609554291, 0.316784828901, 0.256796777248, 0.210869297385, 0.16647335887, 0.185162931681], "dmean2": [0.660053670406, 0.541156172752, 0.441355258226, 0.361340880394, 0.279369264841, 0.29829031229], "dvar": [0.100322715938, 0.06754037