{"lowlevel": {"average_loudness": 0.829197824001, "barkbands_crest": {"dmean": 2.49819397926, "dmean2": 4.03479385376, "dvar": 5.50417327881, "dvar2": 14.3712539673, "max": 26.5070552826, "mean": 10.8397827148, "median": 10.2595682144, "min": 2.7359585762, "var": 14.753285408}, "barkbands_flatness_db": {"dmean": 0.0244645942003, "dmean2": 0.0358471497893, "dvar": 0.000595681311097, "dvar2": 0.00129620591179, "max": 0.484364122152, "mean": 0.163200005889, "median": 0.144289106131, "min": 0.0325605534017, "var": 0.00531766749918}, "barkbands_kurtosis": {"dmean": 5.22920179367, "dmean2": 8.10692214966, "dvar": 189.99597168, "dvar2": 417.608428955, "max": 826.651794434, "mean": 10.8429307938, "median": 7.24120092392, "min": -1.91544103622, "var": 293.94039917}, "barkbands_skewness": {"dmean": 0.6192060709, "dmean2": 0.943208456039, "dvar": 0.492483437061, "dvar2": 1.08047485352, "max": 25.6475219727, "mean": 2.4956972599, "median": 2.37140226364, "min": -2.3647403717, "var": 1.66657531261}, "barkbands_spread": {"dmean": 5.14525604248, "dmean2": 7.8010020256, "dvar": 58.9973068237, "dvar2": 123.087913513, "max": 118.554191589, "mean": 16.1124725342, "median": 12.6672182083, "min": 0.258926182985, "var": 195.565139771}, "dissonance": {"dmean": 0.0250183772296, "dmean2": 0.0415745824575, "dvar": 0.000600532977842, "dvar2": 0.00158630963415, "max": 0.500000059605, "mean": 0.440522372723, "median": 0.451243788004, "min": 0.156803682446, "var": 0.00177910306957}, "dynamic_complexity": 3.61292386055, "erbbands_crest": {"dmean": 2.88544464111, "dmean2": 4.69428730011, "dvar": 8.12903499603, "dvar2": 20.4298057556, "max": 28.5802326202, "mean": 10.1900072098, "median": 9.26592636108, "min": 2.37010288239, "var": 19.2581253052}, "erbbands_flatness_db": {"dmean": 0.0215651728213, "dmean2": 0.0312147662044, "dvar": 0.000514009734616, "dvar2": 0.001114279381, "max": 0.40893214941, "mean": 0.167238235474, "median": 0.151232331991, "min": 0.0453766584396, "var": 0.00387120456435}, "erbbands_kurtosis": {"dmean": 1.96202945709, "dmean2": 3.05652952194, "dvar": 13.0871934891, "dvar2": 30.1720981598, "max": 89.4849319458, "mean": 2.46084690094, "median": 0.480186462402, "min": -1.86918306351, "var": 32.0089530945}, "erbbands_skewness": {"dmean": 0.460628956556, "dmean2": 0.702458024025, "dvar": 0.237746521831, "dvar2": 0.54061883688, "max": 8.31147098541, "mean": 1.17559027672, "median": 1.0430932045, "min": -2.58748602867, "var": 1.04509878159}, "erbbands_spread": {"dmean": 9.6577501297, "dmean2": 14.5199670792, "dvar": 140.54776001, "dvar2": 298.648162842, "max": 155.158508301, "mean": 41.1254768372, "median": 37.96043396, "min": 2.31794476509, "var": 564.353820801}, "hfc": {"dmean": 5.83931827545, "dmean2": 8.27659225464, "dvar": 71.9517593384, "dvar2": 153.625289917, "max": 173.746536255, "mean": 15.4843044281, "median": 11.4092607498, "min": 1.11254310081e-16, "var": 207.854614258}, "melbands_crest": {"dmean": 3.04450345039, "dmean2": 4.90276193619, "dvar": 7.54742574692, "dvar2": 18.5400028229, "max": 34.149105072, "mean": 14.0922803879, "median": 13.2364149094, "min": 1.93196129799, "var": 23.5018806458}, "melbands_flatness_db": {"dmean": 0.0273434855044, "dmean2": 0.0396605543792, "dvar": 0.000764590455219, "dvar2": 0.00165231793653, "max": 0.61000931263, "mean": 0.230750396848, "median": 0.213296175003, "min": 0.00731766270474, "var": 0.00659184297547}, "melbands_kurtosis": {"dmean": 8.97136592865, "dmean2": 14.0463523865, "dvar": 207.020935059, "dvar2": 449.446350098, "max": 589.767578125, "mean": 22.0555019379, "median": 17.4439849854, "min": -1.76500821114, "var": 456.202941895}, "melbands_skewness": {"dmean": 0.751317441463, "dmean2": 1.15837979317, "dvar": 0.604612469673, "dvar2": 1.39869809151, "max": 16.720741272, "mean": 3.29477858543, "median": 3.15410804749, "min": -0.543672382832, "var": 2.17551922798}, "melbands_spread": {"dmean": 4.42317914963, "dmean2": 6.83047103882, "dvar": 55.4048652649, "dvar2": 121.243301392, "max": 218.354492188, "mean": 13.8293170929, "median": 10.6222496033, "min": 0.3357899189, "var": 165.725692749}, "pitch_salience": {"dmean": 0.0701941624284, "dmean2": 0.112922303379, "dvar": 0.00405318103731, "dvar2": 0.0104623353109, "max": 0.910963833332, "mean": 0.577660024166, "median": 0.581422567368, "min": 0.112992987037, "var": 0.0109498845413}, "silence_rate_20dB": {"dmean": 0, "dmean2": 0, "dvar": 0, "dvar2": 0, "max": 1, "mean": 1, "median": 1, "min": 1, "var": 0}, "silence_rate_30dB": {"dmean": 0.0041340617463, "dmean2": 0.00826934445649, "dvar": 0.00411702785641, "dvar2": 0.0108591308817, "max": 1, "mean": 0.996899902821, "median": 1, "min": 0, "var": 0.00309043237939}, "silence_rate_60dB": {"dmean": 0.00974457431585, "dmean2": 0.0194920264184, "dvar": 0.00964984949678, "dvar2": 0.0220668110996, "max": 1, "mean": 0.0574254505336, "median": 0, "min": 0, "var": 0.0541262887418}, "spectral_centroid": {"dmean": 184.419555664, "dmean2": 279.160125732, "dvar": 57645.484375, "dvar2": 117697.453125, "max": 10946.0908203, "mean": 893.000915527, "median": 787.55065918, "min": 191.229751587, "var": 245026.0625}, "spectral_complexity": {"dmean": 2.70515275002, "dmean2": 4.00620222092, "dvar": 10.0774688721, "dvar2": 19.9992313385, "max": 48, "mean": 13.2477121353, "median": 12, "min": 0, "var": 49.907371521}, "spectral_decrease": {"dmean": 2.45438935842e-09, "dmean2": 3.66200625379e-09, "dvar": 1.30263203453e-17, "dvar2": 3.03965449358e-17, "max": 7.30859876317e-19, "mean": -6.02807670447e-09, "median": -4.62282656599e-09, "min": -4.86658713328e-08, "var": 2.7743459074e-17}, "spectral_energy": {"dmean": 0.00964959617704, "dmean2": 0.0143464421853, "dvar": 0.00019775365945, "dvar2": 0.0004594992497, "max": 0.189971655607, "mean": 0.0241557788104, "median": 0.0187332779169, "min": 1.07259314495e-20, "var": 0.000431230495451}, "spectral_energyband_high": {"dmean": 0.000340599741321, "dmean2": 0.000481133029098, "dvar": 4.99809630128e-07, "dvar2": 1.04830860437e-06, "max": 0.0162182413042, "mean": 0.000673990754876, "median": 0.000307056645397, "min": 7.83336162679e-21, "var": 1.24028304072e-06}, "spectral_energyband_low": {"dmean": 0.00235094921663, "dmean2": 0.00396474730223, "dvar": 7.22745025996e-05, "dvar2": 0.000197638160898, "max": 0.0988897010684, "mean": 0.0027729999274, "median": 0.00117871852126, "min": 6.08104346625e-23, "var": 5.39412831131e-05}, "spectral_energyband_middle_high": {"dmean": 0.000869337876793, "dmean2": 0.00123135745525, "dvar": 2.08616620512e-06, "dvar2": 4.24181325798e-06, "max": 0.022788643837, "mean": 0.00227258587256, "median": 0.00136298197322, "min": 1.60187604978e-21, "var": 7.0430296546e-06}, "spectral_energyband_middle_low": {"dmean": 0.00773931201547, "dmean2": 0.0115875639021, "dvar": 0.000120813267131, "dvar2": 0.00027471978683, "max": 0.153957486153, "mean": 0.0191297791898, "median": 0.0143932718784, "min": 4.47370617659e-22, "var": 0.000295103207463}, "spectral_entropy": {"dmean": 0.230737403035, "dmean2": 0.329235881567, "dvar": 0.0684293285012, "dvar2": 0.143353432417, "max": 9.78977203369, "mean": 7.21337270737, "median": 7.40904331207, "min": 4.58262348175, "var": 0.510629713535}, "spectral_flux": {"dmean": 0.0262886602432, "dmean2": 0.0404087565839, "dvar": 0.000907708657905, "dvar2": 0.00190317258239, "max": 0.307118266821, "mean": 0.0721048042178, "median": 0.0629253387451, "min": 1.03566072385e-10, "var": 0.00235510151833}, "spectral_kurtosis": {"dmean": 2.97399926186, "dmean2": 4.76185703278, "dvar": 67.5228500366, "dvar2": 159.952438354, "max": 245.686187744, "mean": 6.90247821808, "median": 3.64708018303, "min": -1.1926869154, "var": 169.883529663}, "spectral_rms": {"dmean": 0.000864520901814, "dmean2": 0.00123778614216, "dvar": 1.0180664276e-06, "dvar2": 2.227784762e-06, "max": 0.0136138973758, "mean": 0.00442642858252, "median": 0.00427508726716, "min": 3.23486072998e-12, "var": 3.97338135372e-06}, "spectral_rolloff": {"dmean": 429.769836426, "dmean2": 727.871520996, "dvar": 1302690.625, "dvar2": 2930526.75, "max": 19186.0839844, "mean": 1088.74462891, "median": 538.330078125, "min": 129.19921875, "var": 2971250.25}, "spectral_skewness": {"dmean": 0.310113847256, "dmean2": 0.473258316517, "dvar": 0.25114735961, "dvar2": 0.567629396915, "max": 12.2657775879, "mean": 1.8705855608, "median": 1.60943317413, "min": 0.0019620039966, "var": 1.0516898632}, "spectral_spread": {"dmean": 715324.625, "dmean2": 1031130.8125, "dvar": 1006003027970.0, "dvar2": 1888693911550.0, "max": 40177708, "mean": 5216439, "median": 5149612, "min": 424249.1875, "var": 4488085635070.0}, "spectral_strongpeak": {"dmean": 0.460574924946, "dmean2": 0.759660303593, "dvar": 0.343458503485, "dvar2": 0.824909687042, "max": 6.89632415771, "mean": 0.936834156513, "median": 0.753015995026, "min": 0, "var": 0.6072524786}, "zerocrossingrate": {"dmean": 0.0109231388196, "dmean2": 0.0126891117543, "dvar": 0.000223898518016, "dvar2": 0.000255627295701, "max": 0.5048828125, "mean": 0.0557364337146, "median": 0.0478515625, "min": 0.0078125, "var": 0.00182116753422}, "barkbands": {"dmean": [0.000120003707707, 0.00147434393875, 0.000663245213218, 0.00151476357132, 0.00309898145497, 0.00159124482889, 0.00358502729796, 0.000882931402884, 0.000362207501894, 0.000320801336784, 0.000178103684448, 0.000123067613458, 0.000111980283691, 8.7380532932e-05, 0.000204876763746, 6.26843684586e-05, 8.46604816616e-05, 0.000110972621769, 9.07538633328e-05, 6.26774926786e-05, 5.45088405488e-05, 6.82620884618e-05, 5.69916664972e-05, 5.02724687976e-05, 0.000111107045086, 2.63926904154e-05, 7.25885774955e-06], "dmean2": [0.000194257503608, 0.00255445949733, 0.00116986630019, 0.00230427575298, 0.00475551001728, 0.00240826769732, 0.00587446102872, 0.00126396026462, 0.000550387834664, 0.000477649300592, 0.000268852658337, 0.000188169564353, 0.000175478533492, 0.00013654747454, 0.000325263739796, 9.8518707091e-05, 0.000134453483042, 0.000173990512849, 0.000144562058267, 9.92225395748e-05, 8.29655618872e-05, 0.000104239945358, 8.31236029626e-05, 7.1854890848e-05, 0.000174957938725, 3.78543081752e-05, 1.01421619547e-05], "dvar": [2.21883567519e-07, 3.87902036891e-05, 4.83755775349e-06, 7.31530781195e-06, 2.45523351623e-05, 1.22288020066e-05, 5.6774886616e-05, 4.96333041156e-06, 1.3841697637e-06, 5.21652566476e-07, 1.78450008548e-07, 2.07112734074e-07, 1.28513306663e-07, 7.86535565567e-08, 4.11970091818e-07, 1.86331359231e-08, 2.81448908623e-08, 5.06018125179e-08, 3.16608392836e-08, 2.26410179494e-08, 1.0750695445e-08, 1.76647709793e-08, 1.34913928918e-08, 1.79448935711e-08, 1.45953137576e-07, 8.2007689528e-09, 2.80965944954e-10], "dvar2": [5.2629189895e-07, 0.000107195264718, 1.39902376759e-05, 1.75368313649e-05, 5.69835356146e-05, 2.69500069408e-05, 0.000139159674291, 9.32847342483e-06, 3.23053677675e-06, 1.14820875297e-06, 3.80801537858e-07, 4.62187983885e-07, 3.1947152479e-07, 1.81062318916e-07, 1.0085187796e-06, 4.30353388481e-08, 6.99763518242e-08, 1.20809261261e-07, 7.38456691352e-08, 5.52121370845e-08, 2.38496422611e-08, 4.01207138623e-08, 2.69457096636e-08, 3.45927411161e-08, 3.61998388598e-07, 1.76535852603e-08, 6.10890171782e-10], "max": [0.00431952439249, 0.0694353207946, 0.0252588801086, 0.0516834259033, 0.111253865063, 0.0801501274109, 0.105346292257, 0.0605183392763, 0.0378457643092, 0.0244270656258, 0.00995151139796, 0.0158553756773, 0.0120145333931, 0.0101857110858, 0.0124944411218, 0.0038622058928, 0.0027007041499, 0.00467470893636, 0.003918368835, 0.00563601637259, 0.00295210955665, 0.00292293401435, 0.00333416485228, 0.00565736880526, 0.0103059504181, 0.00309221842326, 0.000387285545003], "mean": [0.000107666128315, 0.00129655527417, 0.000753547588829, 0.00266186892986, 0.00640173628926, 0.00332847493701, 0.0043552108109, 0.00165498664137, 0.000599670922384, 0.000592861673795, 0.00029168499168, 0.000182109739399, 0.000186850389582, 0.000141406242619, 0.000278151419479, 0.000107402389403, 0.000132353277877, 0.000187966419617, 0.000167281454196, 0.000113268848509, 0.000105939157947, 0.000126651022583, 0.000107561114419, 8.66680857143e-05, 0.000135753143695, 4.12697590946e-05, 1.09200227598e-05], "median": [1.22305846162e-06, 0.000265756127192, 0.000271275872365, 0.000787035620306, 0.00353663880378, 0.00205818703398, 0.00171415624209, 0.00050132337492, 0.00016978327767, 0.000261041743215, 9.2929098173e-05, 4.39424838987e-05, 5.51586927031e-05, 3.30019356625e-05, 8.46020047902e-05, 4.83996409457e-05, 6.34146854281e-05, 8.08880140539e-05, 7.22118493286e-05, 5.36915758858e-05, 5.01500471728e-05, 5.56685154152e-05, 4.59192488051e-05, 3.1902880437e-05, 3.00518950098e-05, 8.49515163281e-06, 1.62300500506e-06], "min": [1.44998109074e-23, 3.96171373965e-23, 9.66326131017e-24, 4.96918235898e-24, 1.54751323405e-22, 7.0662562684e-23, 2.28196223745e-23, 6.31241573866e-23, 9.26597786321e-23, 7.96589659499e-23, 6.17339131034e-23, 1.80194687684e-22, 4.25293278687e-23, 7.85391116307e-23, 1.84616385586e-22, 1.91570415347e-22, 2.7003052098e-22, 2.20583583481e-22, 1.53771495051e-22, 3.33292596496e-22, 4.55934996517e-22, 6.42651683242e-22, 9.10285808875e-22, 7.56585159844e-22, 1.34728799221e-21, 1.6373854433e-21, 2.10974959781e-21], "var": [2.28520946166e-07, 2.61324057647e-05, 3.35847948918e-06, 1.88064350368e-05, 6.79680379108e-05, 2.27874188568e-05, 6.42874001642e-05, 1.23662157421e-05, 2.24503673962e-06, 1.02072340269e-06, 3.9886600689e-07, 3.14650890232e-07, 2.3059881471e-07, 2.20865345568e-07, 5.25353584635e-07, 3.96664319169e-08, 4.27116653157e-08, 9.69961746478e-08, 7.16513000043e-08, 3.31853300395e-08, 2.47183180591e-08, 3.82908922347e-08, 3.58055345373e-08, 4.33514095732e-08, 1.8288048409e-07, 1.5956434396e-08, 5.61752255823e-10]}, "erbbands": {"dmean": [0.044818200171, 0.326314896345, 0.772853076458, 2.33794474602, 9.76510238647, 11.1656322479, 7.97495937347, 15.3550710678, 42.7319145203, 43.5056800842, 11.8501691818, 9.48665809631, 6.71761512756, 11.0580787659, 7.12320899963, 4.42874097824, 5.03851461411, 4.23584699631, 11.7611970901, 4.52441120148, 2.96484327316, 4.06744337082, 6.19308900833, 5.91305971146, 3.54613137245, 3.19492530823, 2.03401112556, 2.34407901764, 2.54324650764, 2.06518244743, 1.56944191456, 1.0325357914, 1.07227945328, 1.65992999077, 0.481477677822, 0.160987436771, 0.0421780496836, 0.00832915958017, 0.00130905059632, 7.76471351855e-05], "dmean2": [0.075615555048, 0.594129681587, 1.37664043903, 3.62181138992, 15.1714191437, 16.8996105194, 12.2320261002, 23.4853687286, 67.8364257812, 70.9991378784, 17.4209594727, 14.2767953873, 9.96673202515, 16.3452205658, 10.513792038, 6.68507862091, 7.82837343216, 6.53146362305, 18.5200901031, 7.04452466965, 4.5673789978, 6.34472560883, 9.59991168976, 9.30673313141, 5.63449668884, 4.98332691193, 3.12485027313, 3.5409014225, 3.90377855301, 3.06353974342, 2.30742168427, 1.47662842274, 1.61080038548, 2.65008974075, 0.733462512493, 0.237293481827, 0.0596649348736, 0.0117767909542, 0.00187431590166, 0.000106457788206], "dvar": [0.0377859324217, 1.94570076466, 7.43440389633, 16.4718914032, 276.101287842, 434.370483398, 170.618911743, 1294.94555664, 7778.92236328, 9354.66210938, 1371.21057129, 973.480224609, 388.139892578, 476.93548584, 417.99822998, 193.331741333, 291.850158691, 170.91973877, 1352.7800293, 126.176490784, 42.9858360291, 64.1900939941, 177.921844482, 141.037780762, 45.6532516479, 81.7525405884, 13.3828792572, 23.6245174408, 25.1594638824, 15.1033468246, 11.2011241913, 4.86794424057, 9.72224521637, 34.7142562866, 3.15668177605, 0.353243798018, 0.0196730624884, 0.000624110398348, 9.68167660176e-06, 2.45880933392e-08], "dvar2": [0.0983968898654, 5.58337068558, 21.6561470032, 41.2451210022, 732.129821777, 934.616455078, 422.420318604, 2928.3503418, 18096.9765625, 23656.9355469, 2947.48144531, 2288.23510742, 816.744506836, 1058.6307373, 871.107116699, 442.144226074, 739.372314453, 404.294830322, 3353.73706055, 281.523040771, 95.36328125, 159.523529053, 419.381164551, 329.435150146, 112.34072113, 195.348312378, 29.1673069, 52.535900116, 57.7236747742, 31.9196166992, 23.1694545746, 9.79375743866, 20.5040168762, 88.3558197021, 7.58790493011, 0.804810702801, 0.0409820154309, 0.00128682586364, 2.22624912567e-05, 5.10444699842e-08], "max": [2.17650270462, 14.8275403976, 30.4842472076, 64.8180541992, 290.212646484, 533.413269043, 248.576171875, 887.04107666, 1599.75866699, 1437.38537598, 1234.04736328, 1117.9609375, 820.562316895, 393.281890869, 567.340637207, 424.362915039, 622.351867676, 458.165527344, 726.403564453, 325.453613281, 205.64894104, 143.241073608, 279.828582764, 263.275665283, 153.921737671, 386.54473877, 57.0875816345, 149.365890503, 99.8602371216, 110.204338074, 77.1001663208, 78.2118682861, 101.300079346, 115.947219849, 70.5509033203, 21.3966217041, 4.79974603653, 0.776552379131, 0.0797344148159, 0.00433450052515], "mean": [0.0369251146913, 0.292009890079, 0.897413730621, 4.234146595, 17.7283992767, 21.9696102142, 19.21509552, 30.688835144, 57.8433380127, 59.5975189209, 21.1753444672, 16.1222496033, 12.3624563217, 20.8243217468, 12.745388031, 7.52046585083, 8.88933181763, 7.59097099304, 16.7083854675, 7.32925128937, 5.58270025253, 6.79037475586, 10.7948083878, 10.6772651672, 6.62152004242, 5.62059783936, 4.14862585068, 4.40193510056, 4.65517902374, 3.83577084541, 2.92633032799, 1.83388268948, 1.64039409161, 1.90683424473, 0.661959946156, 0.239055857062, 0.0647744759917, 0.0125360516831, 0.00191812380217, 0.000139356896398], "median": [0.00303620658815, 0.0815339311957, 0.415735512972, 1.73345696926, 7.94677495956, 10.1498184204, 12.7377538681, 18.6197013855, 25.826423645, 25.264673233, 8.39071273804, 5.0263838768, 5.51885700226, 9.93622970581, 4.50968742371, 2.06858444214, 2.70256471634, 2.47909593582, 4.7277636528, 3.2266664505, 2.76141405106, 3.2664577961, 4.56742143631, 4.75581359863, 3.32678198814, 2.73071908951, 1.98728561401, 1.88169002533, 2.00603628159, 1.75216555595, 1.19662427902, 0.722175240517, 0.539525449276, 0.42544311285, 0.152815997601, 0.0517465211451, 0.012066219002, 0.00228138593957, 0.000302300904877, 4.95178028359e-05], "min": [1.96404989163e-21, 5.98296546275e-21, 1.20605857523e-20, 1.48591752559e-20, 2.15055663079e-19, 4.97967381648e-19, 1.10308267336e-18, 2.48208002205e-19, 4.11479754944e-19, 4.03402879099e-19, 1.90278899886e-18, 2.15821244585e-18, 2.39547659006e-18, 2.50354546234e-18, 2.46918065738e-18, 8.58162248806e-18, 2.75636577194e-18, 3.01288998953e-18, 6.44475440394e-18, 1.41664705329e-17, 9.60821318524e-18, 1.36989918912e-17, 1.01159101754e-17, 9.73898299546e-18, 1.10853443467e-17, 1.66330437102e-17, 1.17416840386e-17, 2.33290277554e-17, 2.27326570035e-17, 3.22044375001e-17, 2.24724160566e-17, 1.23440377878e-17, 1.65275649472e-17, 1.33107050399e-17, 8.95122084782e-18, 4.8732175328e-18, 3.70616949965e-18, 1.26659580775e-18, 2.8295778219e-19, 3.10377585187e-20], "var": [0.0285855997354, 1.18937468529, 4.91932344437, 36.153049469, 603.833496094, 1161.79138184, 433.772796631, 2237.23168945, 10489.4199219, 10883.0761719, 2474.40844727, 1562.02636719, 696.882995605, 1044.515625, 874.35168457, 342.345031738, 539.590270996, 410.56729126, 1853.78308105, 205.661483765, 109.58316803, 100.522010803, 357.050415039, 297.827331543, 83.9304962158, 103.380737305, 34.064907074, 52.1785125732, 54.0875205994, 34.5491714478, 29.079492569, 13.1973819733, 18.5347557068, 36.8074455261, 5.39053916931, 0.620399832726, 0.0391286537051, 0.0011965095764, 1.75973436853e-05, 5.52684973343e-08]}, "gfcc": {"mean": [-36.8609313965, 88.8319320679, -97.9039840698, 19.9630184174, -75.0902175903, -11.6811418533, -50.3404884338, -2.83802270889, -26.2002353668, -4.79341459274, -14.1692075729, -2.32836103439, -11.3301382065], "cov": [[18852.3613281, -1837.30212402, 60.6800804138, -18.278465271, -1282.83630371, 728.548950195, -436.891540527, 342.082244873, -347.364746094, 3.85620594025, -463.485168457, -29.2376365662, -342.237609863], [-1837.30212402, 2071.72070312, -248.492858887, -2.78719830513, 246.530487061, -265.107574463, 190.281829834, -109.989471436, 190.543792725, -159.974594116, 182.565475464, -169.437667847, 116.835090637], [60.6800804138, -248.492858887, 825.801330566, 76.2296905518, 76.9527511597, 199.748443604, -28.3302288055, 113.792533875, -3.34325289726, 45.8253211975, -85.942565918, 21.1140232086, -36.4759712219], [-18.278465271, -2.78719830513, 76.2296905518, 510.297363281, 141.257644653, 92.2869491577, 83.5556869507, 53.3823127747, 54.1813392639, 34.9821891785, 13.7734718323, 9.39412403107, -10.7328996658], [-1282.83630371, 246.530487061, 76.9527511597, 141.257644653, 421.804229736, 70.7648925781, 148.541275024, 6.71833992004, 44.536857605, 30.8264503479, 39.1542663574, -4.53308153152, 13.49036026], [728.548950195, -265.107574463, 199.748443604, 92.2869491577, 70.7648925781, 309.046478271, 42.0363883972, 72.6513671875, -34.1444511414, 46.3843994141, -34.0021209717, 9.93643665314, -33.6521682739], [-436.891540527, 190.281829834, -28.3302288055, 83.5556869507, 148.541275024, 42.0363883972, 197.736312866, 21.8715896606, 26.5367546082, 8.20479679108, 33.306224823, -9.10458087921, 7.93378257751], [342.082244873, -109.989471436, 113.792533875, 53.3823127747, 6.71833992004, 72.6513671875, 21.8715896606, 142.661575317, 23.3815193176, 37.9910202026, -13.3322715759, 17.8906326294, -22.8437976837], [-347.364746094, 190.543792725, -3.34325289726, 54.1813392639, 44.536857605, -34.1444511414, 26.5367546082, 23.3815193176, 132.151794434, 32.821434021, 36.8100357056, -5.59625864029, 10.2162046432], [3.85620594025, -159.974594116, 45.8253211975, 34.9821891785, 30.8264503479, 46.3843994141, 8.20479679108, 37.9910202026, 32.821434021, 116.370986938, 25.1856956482, 20.5410900116, -14.6118354797], [-463.485168457, 182.565475464, -85.942565918, 13.7734718323, 39.1542663574, -34.0021209717, 33.306224823, -13.3322715759, 36.8100357056, 25.1856956482, 116.301605225, 3.26615095139, 24.3343830109], [-29.2376365662, -169.437667847, 21.1140232086, 9.39412403107, -4.53308153152, 9.93643665314, -9.10458087921, 17.8906326294, -5.59625864029, 20.5410900116, 3.26615095139, 93.8048477173, 5.1949300766], [-342.237609863, 116.835090637, -36.4759712219, -10.7328996658, 13.49036026, -33.6521682739, 7.93378257751, -22.8437976837, 10.2162046432, -14.6118354797, 24.3343830109, 5.1949300766, 89.8630905151]], "icov": [[9.51617766987e-05, -2.64601330855e-05, 8.05747840786e-05, -4.83408621221e-05, 0.000300704617985, -0.000271918834187, 6.42207669443e-05, -0.000143239885801, 9.19924568734e-05, -4.74037187814e-05, 0.000217966735363, 4.5159158617e-05, 0.000154897134053], [-2.64601330855e-05, 0.0012237764895, -0.000109080632683, 0.000168186204974, -0.000538918073289, 0.000575261306949, -0.000597206293605, 0.000142278615385, -0.00144393357914, 0.00196442310698, -0.00149129936472, 0.00160317274276, -0.000536096456926], [8.05747840786e-05, -0.000109080632683, 0.00177617010195, -5.27372576471e-05, -0.000193890271476, -0.0010484791128, 0.000831684970763, -0.00100942747667, -5.20438479725e-05, -0.000318770675221, 0.00128856732044, -0.000174364089617, 8.501092816e-05], [-4.83408621221e-05, 0.000168186204974, -5.27372576471e-05, 0.00243400782347, -0.000699893862475, -0.000337348174071, -0.000506968121044, -0.000258240033872, -0.00109344243538, 0.000355198571924, -0.000277978106169, -7.93163926573e-05, 8.63082605065e-05], [0.000300704617985, -0.000538918073289, -0.000193890271476, -0.000699893862475, 0.00481515238062, -0.00143986777402, -0.00206358288415, 0.000595502264332, 0.000238715918385, -0.00132695201319, 0.000755531189498, -0.000434550776845, 0.000332723750034], [-0.000271918834187, 0.000575261306949, -0.0010484791128, -0.000337348174071, -0.00143986777402, 0.00606081169099, -0.00129650125746, -0.000955717172474, 0.0014194350224, -0.00077256798977, -0.000488780846354, 0.000845130940434, -9.55333816819e-05], [6.42207669443e-05, -0.000597206293605, 0.000831684970763, -0.000506968121044, -0.00206358288415, -0.00129650125746, 0.0081436065957, -0.00169072928838, 0.000402582052629, 4.84986558149e-05, -0.000494453124702, -1.7950847905e-05, 7.06192295183e-05], [-0.000143239885801, 0.000142278615385, -0.00100942747667, -0.000258240033872, 0.000595502264332, -0.000955717172474, -0.00169072928838, 0.010248051025, -0.00237517920323, -0.0013753521489, 0.000524554401636, -0.0014442296233, 0.00112385326065], [9.19924568734e-05, -0.00144393357914, -5.20438479725e-05, -0.00109344243538, 0.000238715918385, 0.0014194350224, 0.000402582052629, -0.00237517920323, 0.0122126666829, -0.00492742517963, -7.27584629203e-05, -0.000282635941403, -0.000221238849917], [-4.74037187814e-05, 0.00196442310698, -0.000318770675221, 0.000355198571924, -0.00132695201319, -0.00077256798977, 4.84986558149e-05, -0.0013753521489, -0.00492742517963, 0.015076123178, -0.00546900508925, 0.00038283932372, 0.0012048643548], [0.000217966735363, -0.00149129936472, 0.00128856732044, -0.000277978106169, 0.000755531189498, -0.000488780846354, -0.000494453124702, 0.000524554401636, -7.27584629203e-05, -0.00546900508925, 0.0141698978841, -0.00216735200956, -0.00145343132317], [4.5159158617e-05, 0.00160317274276, -0.000174364089617, -7.93163926573e-05, -0.000434550776845, 0.000845130940434, -1.7950847905e-05, -0.0014442296233, -0.000282635941403, 0.00038283932372, -0.00216735200956, 0.0138715589419, -0.00209706509486], [0.000154897134053, -0.000536096456926, 8.501092816e-05, 8.63082605065e-05, 0.000332723750034, -9.55333816819e-05, 7.06192295183e-05, 0.00112385326065, -0.000221238849917, 0.0012048643548, -0.00145343132317, -0.00209706509486, 0.0133893787861]]}, "melbands": {"dmean": [0.000401234894525, 0.000413398462115, 0.000656078162137, 0.000779237714596, 0.000304492510622, 0.000344731699442, 0.000699417665601, 0.000423744611908, 8.03581424407e-05, 5.91197494941e-05, 3.37608471455e-05, 4.70859413326e-05, 2.21039208554e-05, 1.67518228409e-05, 1.04575456135e-05, 1.04902273961e-05, 8.30594217405e-06, 1.81588311534e-05, 1.07004134406e-05, 5.35112394573e-06, 3.44356840287e-06, 3.94426842831e-06, 6.58717999613e-06, 5.34634318683e-06, 5.27200791112e-06, 2.74358262686e-06, 2.37541098613e-06, 2.21132131628e-06, 1.3752905943e-06, 1.46637250964e-06, 1.47115815707e-06, 1.52695179167e-06, 1.37689755775e-06, 1.19897526929e-06, 1.04935361378e-06, 7.23641903733e-07, 6.05504965279e-07, 6.1629236825e-07, 1.44158866533e-06, 1.32687864607e-06], "dmean2": [0.000682338082697, 0.000745946890675, 0.00101470551454, 0.00118364009541, 0.000466451107059, 0.000522016489413, 0.00112232216634, 0.000677452306263, 0.000117824725749, 8.91993622645e-05, 5.01851209265e-05, 6.97112627677e-05, 3.28544374497e-05, 2.53873713518e-05, 1.62137112056e-05, 1.64586381288e-05, 1.29446980282e-05, 2.85788246401e-05, 1.69047089003e-05, 8.51136883284e-06, 5.39808479516e-06, 6.24266840532e-06, 1.04231166915e-05, 8.42546251079e-06, 8.36298659124e-06, 4.40535586677e-06, 3.81770951208e-06, 3.50320101461e-06, 2.19288517656e-06, 2.31390276895e-06, 2.26639781431e-06, 2.35634047385e-06, 2.14001784116e-06, 1.79864150596e-06, 1.56989233346e-06, 1.09904192414e-06, 8.82238055055e-07, 9.16341434731e-07, 2.2756139515e-06, 2.12286749957e-06], "dvar": [2.93230095849e-06, 2.53141843132e-06, 1.31323270125e-06, 1.7160804191e-06, 2.28543157732e-07, 6.84551366703e-07, 2.00008071261e-06, 8.03808234195e-07, 7.47604715912e-08, 4.00101640707e-08, 9.96057369917e-09, 8.94490970182e-09, 3.18734771909e-09, 3.51792306397e-09, 1.12910147898e-09, 1.11173148465e-09, 8.3454498867e-10, 2.98678859423e-09, 1.206947986e-09, 1.27755653279e-10, 7.88681966957e-11, 6.79717809815e-11, 1.67386854377e-10, 1.35334826679e-10, 1.23599977475e-10, 2.66839293717e-11, 2.79697844746e-11, 3.82020005907e-11, 6.03756194345e-12, 9.19536495558e-12, 1.06413202902e-11, 1.01696611202e-11, 7.65200576514e-12, 5.89460988701e-12, 5.07979942832e-12, 2.2857282473e-12, 2.06716458187e-12, 3.14642322613e-12, 2.6736573025e-11, 2.15651593805e-11], "dvar2": [7.87006320024e-06, 7.34597824703e-06, 3.3110638924e-06, 3.8506218516e-06, 5.66425512716e-07, 1.49379968661e-06, 4.71216071674e-06, 1.95784491552e-06, 1.67696939002e-07, 9.42816242855e-08, 2.09829806863e-08, 1.99367988785e-08, 6.68651756186e-09, 7.73943042987e-09, 2.68982658369e-09, 2.86768808699e-09, 1.98627558845e-09, 7.35599403612e-09, 2.80831846666e-09, 3.01843883221e-10, 1.70621822226e-10, 1.68709324289e-10, 4.05110750501e-10, 3.35358546488e-10, 2.89277796162e-10, 6.55123871818e-11, 7.1001100832e-11, 9.15489281605e-11, 1.41214817617e-11, 2.20634604337e-11, 2.37492803201e-11, 2.3782999875e-11, 1.84319209201e-11, 1.25529898976e-11, 1.08242373398e-11, 4.85732591302e-12, 4.14576706298e-12, 6.44102046005e-12, 6.72144978564e-11, 5.46869285967e-11], "max": [0.0198087878525, 0.0174291152507, 0.0220156796277, 0.0296110957861, 0.00686406297609, 0.0201550256461, 0.0209642276168, 0.013955488801, 0.00928506162018, 0.00685300631449, 0.00420218985528, 0.00174104352482, 0.0014030050952, 0.00207560695708, 0.000919654848985, 0.00136907433625, 0.00106868846342, 0.00106814363971, 0.000973984075245, 0.000386039901059, 0.000309966271743, 0.000165696284967, 0.000318843522109, 0.000205666976399, 0.000266021263087, 0.000119279677165, 0.000164774435689, 0.000263384979917, 3.93540540244e-05, 5.9831643739e-05, 9.94376750896e-05, 6.60327641526e-05, 5.29411772732e-05, 7.92247155914e-05, 5.35533035873e-05, 3.44807231158e-05, 5.94929042563e-05, 7.20940661267e-05, 0.000103512087662, 0.000105544837425], "mean": [0.000346752611222, 0.000434817950008, 0.00118264229968, 0.00154839362949, 0.000718299066648, 0.000679906806909, 0.000915905053262, 0.000611982424743, 0.000137499286211, 9.91399138002e-05, 6.01847095822e-05, 8.67564594955e-05, 3.81042045774e-05, 2.71885201073e-05, 1.74744454853e-05, 1.72064828803e-05, 1.35878735819e-05, 2.59352946159e-05, 1.47550344991e-05, 8.49733805808e-06, 6.0629949985e-06, 6.17896421318e-06, 1.02747453639e-05, 8.82289441506e-06, 8.95601715456e-06, 4.83792200612e-06, 4.10059010392e-06, 3.60536660082e-06, 2.61791660705e-06, 2.51083110925e-06, 2.58016439147e-06, 2.68618441623e-06, 2.31222384173e-06, 2.11563201447e-06, 1.83957001809e-06, 1.25941403439e-06, 1.0238543382e-06, 9.89626641967e-07, 1.67255370798e-06, 1.51756967171e-06], "median": [5.19876557519e-05, 0.000179479451617, 0.000470456317998, 0.000727823877241, 0.000502441660501, 0.000402083358495, 0.000397114170482, 0.000249394390266, 4.84248012071e-05, 2.83064437099e-05, 2.63438596448e-05, 3.96064933739e-05, 1.33949088195e-05, 7.27834867575e-06, 4.01266106564e-06, 5.43522673979e-06, 3.42444695889e-06, 7.17058537703e-06, 4.82828863824e-06, 3.62030823453e-06, 2.77497974821e-06, 2.82622295344e-06, 4.43481712864e-06, 3.67897382603e-06, 3.66433619092e-06, 2.12577788261e-06, 2.10295456782e-06, 1.57696354108e-06, 1.14166516596e-06, 1.03896775272e-06, 1.0415219549e-06, 1.08976212232e-06, 9.81767470876e-07, 9.35840148486e-07, 7.37847358323e-07, 4.66227817242e-07, 3.89131685097e-07, 3.5136798715e-07, 3.81293261853e-07, 3.27411157741e-07], "min": [1.46401965941e-23, 6.38371843041e-24, 6.54850240161e-24, 2.58837521901e-23, 3.48378867111e-23, 7.19752903391e-24, 5.52884130591e-24, 6.81336166168e-24, 1.5809439917e-23, 1.3500775369e-23, 1.1382193167e-23, 9.83971371745e-24, 8.06498099568e-24, 1.83315134279e-23, 1.43349421337e-23, 4.41389725133e-24, 5.47248666056e-24, 9.95096046003e-24, 1.46127805222e-23, 1.8276630797e-23, 9.7467740699e-24, 1.32168430299e-23, 1.31818712483e-23, 9.39823323387e-24, 7.17861372713e-24, 7.15311300951e-24, 8.93008530739e-24, 1.15559153266e-23, 7.24900773001e-24, 7.95123277517e-24, 1.66782218982e-23, 1.37089289406e-23, 1.10743922635e-23, 2.06323303876e-23, 1.41857196271e-23, 8.59989889804e-24, 6.61634128402e-24, 1.11889325004e-23, 1.41791215945e-23, 1.01861506614e-23], "var": [2.1112145987e-06, 1.59528076438e-06, 3.00628789773e-06, 5.06337255501e-06, 5.11460484631e-07, 1.23022539356e-06, 2.5618185191e-06, 1.09616223654e-06, 1.2331800292e-07, 6.44744417855e-08, 1.75528338531e-08, 1.92252986864e-08, 6.75163303043e-09, 5.64464963659e-09, 2.26126317671e-09, 1.67111524618e-09, 2.00435890108e-09, 4.5183905506e-09, 1.56917989713e-09, 2.45491849071e-10, 1.98075195135e-10, 1.01719167811e-10, 2.77032952134e-10, 2.39130354407e-10, 2.46711762131e-10, 5.52487812444e-11, 3.79309396392e-11, 4.78598376208e-11, 1.46201262902e-11, 1.65543481701e-11, 2.12641154684e-11, 2.0602420811e-11, 1.33241291264e-11, 1.22383865195e-11, 1.17852385836e-11, 6.10236904411e-12, 5.02434639033e-12, 6.57010817279e-12, 2.92058287277e-11, 2.34984323666e-11]}, "mfcc": {"mean": [-681.005859375, 120.586532593, 21.4605503082, 20.8750228882, -4.50393867493, -13.0174026489, -15.8976955414, -8.395403862, -12.1347837448, -8.89839458466, -3.87720918655, -10.8358602524, -3.48202633858], "cov": [[11781.2880859, -702.836914062, -32.495300293, -100.039016724, -337.168304443, 75.4457015991, -112.799812317, 34.8986358643, -46.8170776367, -62.2337532043, -2.89597964287, 10.7109889984, -65.0003128052], [-702.836914062, 1704.26306152, -30.9662246704, 39.3189239502, 45.7057380676, -125.841346741, -49.090763092, -7.2007856369, -43.0387420654, 40.8575668335, 12.5349206924, -69.9844665527, -4.60817193985], [-32.495300293, -30.9662246704, 608.977478027, 51.4387283325, 152.517913818, 66.008972168, 39.9294548035, 39.373260498, 99.7066040039, -27.2771625519, 70.9350662231, 16.2880554199, 10.3415899277], [-100.039016724, 39.3189239502, 51.4387283325, 375.181671143, 106.26210022, 64.7954025269, 38.4161682129, 51.6797027588, 47.0276832581, 36.2520751953, 20.1681880951, 54.304233551, 57.2643432617], [-337.168304443, 45.7057380676, 152.517913818, 106.26210022, 260.195007324, 114.743469238, 90.8203964233, 47.6566734314, 76.751159668, 29.9121780396, 44.4552078247, 41.2907371521, 27.7156429291], [75.4457015991, -125.841346741, 66.008972168, 64.7954025269, 114.743469238, 230.922027588, 131.271484375, 60.134147644, 58.7624397278, 40.1795005798, 22.8539600372, 52.0419006348, 10.590839386], [-112.799812317, -49.090763092, 39.9294548035, 38.4161682129, 90.8203964233, 131.271484375, 238.553131104, 66.9180145264, 57.2398605347, 45.5717926025, 22.3993701935, 45.9424095154, 12.420791626], [34.8986358643, -7.2007856369, 39.373260498, 51.6797027588, 47.6566734314, 60.134147644, 66.9180145264, 136.810852051, 46.4103736877, 23.3947086334, 22.6984233856, 15.8502807617, 3.29725432396], [-46.8170776367, -43.0387420654, 99.7066040039, 47.0276832581, 76.751159668, 58.7624397278, 57.2398605347, 46.4103736877, 127.733078003, 36.4032554626, 23.300163269, 26.6557731628, 20.2109794617], [-62.2337532043, 40.8575668335, -27.2771625519, 36.2520751953, 29.9121780396, 40.1795005798, 45.5717926025, 23.3947086334, 36.4032554626, 115.568855286, 26.6375389099, 19.4492645264, 13.4105863571], [-2.89597964287, 12.5349206924, 70.9350662231, 20.1681880951, 44.4552078247, 22.8539600372, 22.3993701935, 22.6984233856, 23.300163269, 26.6375389099, 114.536827087, 46.5320930481, 14.5256490707], [10.7109889984, -69.9844665527, 16.2880554199, 54.304233551, 41.2907371521, 52.0419006348, 45.9424095154, 15.8502807617, 26.6557731628, 19.4492645264, 46.5320930481, 118.429664612, 52.1795005798], [-65.0003128052, -4.60817193985, 10.3415899277, 57.2643432617, 27.7156429291, 10.590839386, 12.420791626, 3.29725432396, 20.2109794617, 13.4105863571, 14.5256490707, 52.1795005798, 107.068458557]], "icov": [[9.30602109293e-05, 2.55029881373e-05, -1.83825395652e-05, -5.81970971325e-06, 0.000169755730894, -0.000116522467579, 6.86617713654e-05, -5.24220777152e-05, -3.52990650754e-06, 2.73401565209e-05, -3.51666349161e-05, -2.16028547584e-05, 3.62550090358e-05], [2.55029881373e-05, 0.000681283068843, 1.96541241166e-05, -8.87987553142e-05, -0.000343471503584, 0.000490869337227, -2.37292242673e-05, -0.000100611134258, 0.000341447739629, -0.000383213075111, -0.000163588265423, 0.000449093175121, -7.65202130424e-05], [-1.83825395652e-05, 1.96541241166e-05, 0.00236071716063, -2.92445638479e-05, -0.000971543951891, -0.00013523735106, 0.000108362117317, 0.00011903266568, -0.001591776032, 0.00148930714931, -0.00141257501673, 0.000719282776117, -1.90229457075e-05], [-5.81970971325e-06, -8.87987553142e-05, -2.92445638479e-05, 0.00341412844136, -0.00104710971937, -0.000232742648222, 0.000498288718518, -0.000936981930863, 1.19367570051e-07, -0.000563443114515, 0.00058711116435, -0.000838462670799, -0.00116589141544], [0.000169755730894, -0.000343471503584, -0.000971543951891, -0.00104710971937, 0.00702349049971, -0.00238891877234, -0.00064627523534, 0.000219063047552, -0.0016848311061, 0.00033886230085, -0.00108319474384, 0.00015371866175, -0.000423778546974], [-0.000116522467579, 0.000490869337227, -0.00013523735106, -0.000232742648222, -0.00238891877234, 0.00827470328659, -0.00281369220465, -0.000996273593046, -8.09113043942e-05, -0.00116877316032, 0.00098072423134, -0.00184416910633, 0.00117227295414], [6.86617713654e-05, -2.37292242673e-05, 0.000108362117317, 0.000498288718518, -0.00064627523534, -0.00281369220465, 0.00692994706333, -0.00171882170253, -0.000614776683506, -0.00106368528213, 0.000496702792589, -0.00125272118021, 0.000250712968409], [-5.24220777152e-05, -0.000100611134258, 0.00011903266568, -0.000936981930863, 0.000219063047552, -0.000996273593046, -0.00171882170253, 0.00970430020243, -0.00229715392925, 0.000158797236509, -0.00136501772795, 0.000862046086695, 0.000574677775148], [-3.52990650754e-06, 0.000341447739629, -0.001591776032, 1.19367570051e-07, -0.0016848311061, -8.09113043942e-05, -0.000614776683506, -0.00229715392925, 0.0123891942203, -0.00319684576243, 0.000757463334594, -0.000513849314302, -0.00103816133924], [2.73401565209e-05, -0.000383213075111, 0.00148930714931, -0.000563443114515, 0.00033886230085, -0.00116877316032, -0.00106368528213, 0.000158797236509, -0.00319684576243, 0.0116233592853, -0.00279455399141, 0.000757303030696, -0.000538331631105], [-3.51666349161e-05, -0.000163588265423, -0.00141257501673, 0.00058711116435, -0.00108319474384, 0.00098072423134, 0.000496702792589, -0.00136501772795, 0.000757463334594, -0.00279455399141, 0.0124297561124, -0.00529553927481, 0.00106333848089], [-2.16028547584e-05, 0.000449093175121, 0.000719282776117, -0.000838462670799, 0.00015371866175, -0.00184416910633, -0.00125272118021, 0.000862046086695, -0.000513849314302, 0.000757303030696, -0.00529553927481, 0.0147638106719, -0.00582793960348], [3.62550090358e-05, -7.65202130424e-05, -1.90229457075e-05, -0.00116589141544, -0.000423778546974, 0.00117227295414, 0.000250712968409, 0.000574677775148, -0.00103816133924, -0.000538331631105, 0.00106333848089, -0.00582793960348, 0.0128902634606]]}, "spectral_contrast_coeffs": {"dmean": [0.0511876605451, 0.0507737286389, 0.0378442294896, 0.0319338440895, 0.0249320026487, 0.0178221892565], "dmean2": [0.0819614306092, 0.0826037600636, 0.0607977882028, 0.0509432852268, 0.0391189493239, 0.0277895927429], "dvar": [0.00200396659784, 0.00202466524206, 0.00102266960312, 0.000733294640668, 0.000514436687808, 0.000257872103248], "dvar2": [0.00495810154825, 0.0051279021427, 0.00250103510916, 0.00181611010339, 0.00117919710465, 0.000589422357734], "max": [-0.197735100985, -0.383816510439, -0.493242174387, -0.582431614399, -0.58376967907, -0.637037336826], "mean": [-0.540176868439, -0.661806225777, -0.746114492416, -0.775989532471, -0.77796703577, -0.777745366096], "median": [-0.539560317993, -0.659729123116, -0.745935082436, -0.778202295303, -0.781965315342, -0.777535796165], "min": [-0.954590857029, -0.95927798748, -0.975807726383, -0.952926397324, -0.957013428211, -0.958311915398], "var": [0.0119064124301, 0.0069987475872, 0.00472420826554, 0.00307939737104, 0.00221969350241, 0.00141637679189]}, "spectral_contrast_valleys": {"dmean": [0.45727866888, 0.386255443096, 0.371782004833, 0.370348423719, 0.34304985404, 0.371563971043], "dmean2": [0.71436136961, 0.603709161282, 0.569679200649, 0.547260165215, 0.469857186079, 0.483637630939], "dvar": [0.205852121115, 0.127248436213, 0.127544045448, 0.155438929796, 0.168487980962, 0.192449837923], "dvar2": [0.413835734129, 0.268451750278, 0.255134195089, 0.305257916451, 0.305448651314, 0.349095642567], "max