{"lowlevel": {"average_loudness": 0.909818053246, "barkbands_crest": {"dmean": 2.04687094688, "dmean2": 3.34277153015, "dvar": 5.60523319244, "dvar2": 15.1652708054, "max": 26.2066345215, "mean": 10.7899541855, "median": 9.8987121582, "min": 3.15121054649, "var": 15.9836244583}, "barkbands_flatness_db": {"dmean": 0.0246786084026, "dmean2": 0.0365551970899, "dvar": 0.000672055699397, "dvar2": 0.00147862394806, "max": 0.57112300396, "mean": 0.192335307598, "median": 0.170715197921, "min": 0.0363142602146, "var": 0.00848357845098}, "barkbands_kurtosis": {"dmean": 5.91292953491, "dmean2": 9.71210670471, "dvar": 107.885688782, "dvar2": 286.171386719, "max": 298.176940918, "mean": 11.8125753403, "median": 8.37028408051, "min": -1.80844044685, "var": 243.649108887}, "barkbands_skewness": {"dmean": 0.655492305756, "dmean2": 1.03260445595, "dvar": 0.712293028831, "dvar2": 1.82385444641, "max": 13.086558342, "mean": 2.43957805634, "median": 2.49785590172, "min": -5.98458576202, "var": 2.55017232895}, "barkbands_spread": {"dmean": 4.53192567825, "dmean2": 6.9053812027, "dvar": 31.9307479858, "dvar2": 73.5399703979, "max": 87.5772705078, "mean": 14.8614740372, "median": 12.2140731812, "min": 0.167383685708, "var": 112.804595947}, "dissonance": {"dmean": 0.0199021417648, "dmean2": 0.0319170281291, "dvar": 0.000436964939581, "dvar2": 0.00114995019976, "max": 0.49971434474, "mean": 0.43670129776, "median": 0.444719314575, "min": 0.14873842895, "var": 0.00175922026392}, "dynamic_complexity": 3.44949245453, "erbbands_crest": {"dmean": 2.15807700157, "dmean2": 3.39578914642, "dvar": 5.69477319717, "dvar2": 14.104675293, "max": 33.7108001709, "mean": 11.3888158798, "median": 10.0714855194, "min": 2.7477581501, "var": 32.0957260132}, "erbbands_flatness_db": {"dmean": 0.0220905859023, "dmean2": 0.0300918687135, "dvar": 0.000581444881391, "dvar2": 0.00114936660975, "max": 0.630324363708, "mean": 0.175325676799, "median": 0.140862315893, "min": 0.047154776752, "var": 0.0107676228508}, "erbbands_kurtosis": {"dmean": 1.14809072018, "dmean2": 1.73500752449, "dvar": 4.87468624115, "dvar2": 11.1790657043, "max": 124.735847473, "mean": 2.0933778286, "median": -0.0790908336639, "min": -1.90157449245, "var": 74.0149917603}, "erbbands_skewness": {"dmean": 0.344732195139, "dmean2": 0.522442936897, "dvar": 0.135321900249, "dvar2": 0.308718919754, "max": 7.89961576462, "mean": 0.790750682354, "median": 0.718940973282, "min": -4.17183494568, "var": 1.24911892414}, "erbbands_spread": {"dmean": 8.59351158142, "dmean2": 12.5871105194, "dvar": 96.3327255249, "dvar2": 210.003616333, "max": 124.612792969, "mean": 41.7577209473, "median": 42.4587287903, "min": 0.341886043549, "var": 424.027099609}, "hfc": {"dmean": 6.35070514679, "dmean2": 10.0573186874, "dvar": 149.568267822, "dvar2": 378.757141113, "max": 198.187728882, "mean": 15.7773723602, "median": 13.1515169144, "min": 1.14940769521e-16, "var": 216.260559082}, "melbands_crest": {"dmean": 2.5910282135, "dmean2": 4.16733407974, "dvar": 7.10796117783, "dvar2": 18.0640182495, "max": 32.7726821899, "mean": 14.5908994675, "median": 13.7288770676, "min": 1.81201612949, "var": 22.8556041718}, "melbands_flatness_db": {"dmean": 0.0287454538047, "dmean2": 0.042596206069, "dvar": 0.00100982701406, "dvar2": 0.00215941551141, "max": 0.633592545986, "mean": 0.279082536697, "median": 0.269354343414, "min": 0.00718959886581, "var": 0.00751611543819}, "melbands_kurtosis": {"dmean": 11.9768333435, "dmean2": 19.6295261383, "dvar": 445.886444092, "dvar2": 1190.05090332, "max": 220.706787109, "mean": 24.360824585, "median": 18.9422130585, "min": -1.73058247566, "var": 570.645507812}, "melbands_skewness": {"dmean": 0.84601610899, "dmean2": 1.3149471283, "dvar": 1.23614525795, "dvar2": 3.06898117065, "max": 11.5766506195, "mean": 3.36366319656, "median": 3.3677740097, "min": -5.28668689728, "var": 3.36022377014}, "melbands_spread": {"dmean": 3.62963438034, "dmean2": 5.67202425003, "dvar": 29.1498012543, "dvar2": 66.481880188, "max": 175.653518677, "mean": 12.0540056229, "median": 9.23925685883, "min": 0.493574231863, "var": 124.460334778}, "pitch_salience": {"dmean": 0.0596873797476, "dmean2": 0.0983782932162, "dvar": 0.00377150834538, "dvar2": 0.010569033213, "max": 0.909352600574, "mean": 0.53273332119, "median": 0.543299674988, "min": 0.146822929382, "var": 0.0111729130149}, "silence_rate_20dB": {"dmean": 0, "dmean2": 0, "dvar": 0, "dvar2": 0, "max": 1, "mean": 1, "median": 1, "min": 1, "var": 0}, "silence_rate_30dB": {"dmean": 0.0760277360678, "dmean2": 0.152074307203, "dvar": 0.0702458545566, "dvar2": 0.149502635002, "max": 1, "mean": 0.933143496513, "median": 1, "min": 0, "var": 0.0623819194734}, "silence_rate_60dB": {"dmean": 0.00445765210316, "dmean2": 0.00891640875489, "dvar": 0.00443709734827, "dvar2": 0.00957958865911, "max": 1, "mean": 0.120589330792, "median": 0, "min": 0, "var": 0.10604544729}, "spectral_centroid": {"dmean": 171.041610718, "dmean2": 264.983215332, "dvar": 55420.1289062, "dvar2": 116406.492188, "max": 10733.1132812, "mean": 917.242248535, "median": 788.187744141, "min": 175.811416626, "var": 272125.625}, "spectral_complexity": {"dmean": 2.35958385468, "dmean2": 3.73523211479, "dvar": 13.2687664032, "dvar2": 28.9250278473, "max": 59, "mean": 12.3189306259, "median": 11, "min": 0, "var": 56.2248878479}, "spectral_decrease": {"dmean": 5.63637225781e-09, "dmean2": 9.67519753203e-09, "dvar": 1.70415140993e-16, "dvar2": 4.6517874205e-16, "max": 1.05414454661e-16, "mean": -9.43355971117e-09, "median": -6.77539491178e-09, "min": -1.2427950935e-07, "var": 1.41431949939e-16}, "spectral_energy": {"dmean": 0.0217179041356, "dmean2": 0.0372393131256, "dvar": 0.00250375643373, "dvar2": 0.00682592066005, "max": 0.475050210953, "mean": 0.0370355211198, "median": 0.0268360357732, "min": 1.00033084051e-20, "var": 0.00209673657082}, "spectral_energyband_high": {"dmean": 0.000335577788064, "dmean2": 0.000509042292833, "dvar": 5.02882869569e-07, "dvar2": 1.25134363316e-06, "max": 0.0165675468743, "mean": 0.000549568561837, "median": 0.000302014232147, "min": 7.16859275763e-21, "var": 6.71091640925e-07}, "spectral_energyband_low": {"dmean": 0.0154726877809, "dmean2": 0.0272004753351, "dvar": 0.00195858790539, "dvar2": 0.00543470494449, "max": 0.424808382988, "mean": 0.0180364213884, "median": 0.00979181006551, "min": 1.05182729355e-23, "var": 0.00138665409759}, "spectral_energyband_middle_high": {"dmean": 0.000778085261118, "dmean2": 0.00123708567116, "dvar": 2.5435972475e-06, "dvar2": 6.59973420625e-06, "max": 0.0282594170421, "mean": 0.00210557575338, "median": 0.0014265057398, "min": 1.34525931964e-21, "var": 5.23323296875e-06}, "spectral_energyband_middle_low": {"dmean": 0.00789371319115, "dmean2": 0.0128589207307, "dvar": 0.000391354144085, "dvar2": 0.000998414470814, "max": 0.30696606636, "mean": 0.0187272150069, "median": 0.0145720178261, "min": 2.84264020334e-22, "var": 0.000455450994195}, "spectral_entropy": {"dmean": 0.241258367896, "dmean2": 0.33364790678, "dvar": 0.069001160562, "dvar2": 0.14069122076, "max": 9.82231998444, "mean": 6.90767526627, "median": 7.07923555374, "min": 4.00819826126, "var": 0.627399146557}, "spectral_flux": {"dmean": 0.0428267754614, "dmean2": 0.0684152916074, "dvar": 0.00551411509514, "dvar2": 0.0114107197151, "max": 0.629575014114, "mean": 0.0814512148499, "median": 0.0542095080018, "min": 1.00016543658e-10, "var": 0.00787919480354}, "spectral_kurtosis": {"dmean": 3.41716957092, "dmean2": 5.41012096405, "dvar": 37.021484375, "dvar2": 99.5915298462, "max": 131.644500732, "mean": 9.39751148224, "median": 5.23688793182, "min": -1.20473301411, "var": 193.277923584}, "spectral_rms": {"dmean": 0.00128760095686, "dmean2": 0.00208700983785, "dvar": 5.41218287253e-06, "dvar2": 1.40111169458e-05, "max": 0.021528204903, "mean": 0.00524671049789, "median": 0.00511678587645, "min": 3.12399195054e-12, "var": 8.60413638293e-06}, "spectral_rolloff": {"dmean": 252.565444946, "dmean2": 439.283325195, "dvar": 377606.0625, "dvar2": 823439.6875, "max": 19530.6152344, "mean": 855.094970703, "median": 409.130859375, "min": 86.1328125, "var": 2029560.25}, "spectral_skewness": {"dmean": 0.341182053089, "dmean2": 0.529695093632, "dvar": 0.210237070918, "dvar2": 0.562525570393, "max": 9.08797168732, "mean": 2.11402273178, "median": 1.83827805519, "min": -0.33769506216, "var": 1.01893723011}, "spectral_spread": {"dmean": 892857.875, "dmean2": 1197494.875, "dvar": 1102550007810.0, "dvar2": 1841911562240.0, "max": 41237232, "mean": 5010091, "median": 4965417, "min": 535366.5, "var": 4915721666560.0}, "spectral_strongpeak": {"dmean": 0.307868540287, "dmean2": 0.528835356236, "dvar": 0.225449100137, "dvar2": 0.578093826771, "max": 6.7511844635, "mean": 0.782527387142, "median": 0.606467664242, "min": 0, "var": 0.389033198357}, "zerocrossingrate": {"dmean": 0.0103211384267, "dmean2": 0.0119377663359, "dvar": 0.000152846230776, "dvar2": 0.000188113190234, "max": 0.6923828125, "mean": 0.0551982708275, "median": 0.04736328125, "min": 0.00537109375, "var": 0.00241586146876}, "barkbands": {"dmean": [0.000469297927339, 0.0105655714869, 0.00429667253047, 0.00298359524459, 0.00446715531871, 0.00149314815644, 0.000311249430524, 0.000274349527899, 0.0001163203342, 0.000153349086759, 5.47548806935e-05, 3.73084258172e-05, 4.82637769892e-05, 0.000240721434238, 0.000155055109644, 0.000105312967207, 0.000180284288945, 9.20104503166e-05, 0.000138692048495, 6.17106779828e-05, 5.98427432124e-05, 3.93118425563e-05, 4.53423126601e-05, 5.50387048861e-05, 7.64359720051e-05, 4.96602442581e-05, 2.95004774671e-05], "dmean2": [0.000821384426672, 0.0187300555408, 0.00772820273414, 0.00494382157922, 0.00739853503183, 0.00231903698295, 0.000488199526444, 0.000385314284358, 0.000191119688679, 0.000226453776122, 8.5719715571e-05, 6.16837351117e-05, 8.19779088488e-05, 0.000367995729903, 0.000263476453256, 0.000176155765075, 0.000304181856336, 0.00015209398407, 0.000217893903027, 0.000103576981928, 9.24935666262e-05, 6.46556873107e-05, 7.25998324924e-05, 8.64084358909e-05, 0.000114412483526, 7.74242071202e-05, 4.73039799544e-05], "dvar": [1.8805652644e-06, 0.000992479501292, 0.00017194551765, 4.86601529701e-05, 0.000165943492902, 7.16890008334e-06, 3.10324253405e-07, 2.04875277632e-07, 9.99251525968e-08, 9.25062479951e-08, 1.91626394752e-08, 1.16362679492e-08, 2.03352605865e-08, 3.12791144097e-07, 1.94696923472e-07, 7.19306711972e-08, 1.88714295746e-07, 5.16058591415e-08, 7.97406514152e-08, 2.80009331277e-08, 1.84291835126e-08, 2.05484749216e-08, 1.0039509668e-08, 1.16773630765e-08, 2.65578119496e-08, 8.91334028807e-09, 3.25532956147e-09], "dvar2": [5.22981099493e-06, 0.00275779608637, 0.000494459294714, 0.000123902456835, 0.000429968698882, 1.88875274034e-05, 7.86647831319e-07, 3.8219320686e-07, 2.62809322749e-07, 2.26145346005e-07, 4.4852971115e-08, 3.04508880333e-08, 5.41580753577e-08, 7.51008883526e-07, 5.50392144305e-07, 1.95854553908e-07, 5.32517617557e-07, 1.36484260338e-07, 1.87937601481e-07, 7.65225323107e-08, 4.73555168412e-08, 5.66054296769e-08, 2.52382061916e-08, 2.89270065679e-08, 6.25984171165e-08, 2.01886862783e-08, 8.56985060693e-09], "max": [0.0187469646335, 0.315328717232, 0.145445644855, 0.0931030064821, 0.215013697743, 0.0495565459132, 0.0109105277807, 0.00922903418541, 0.00626223860309, 0.00585742341354, 0.00389362312853, 0.00238305819221, 0.00292780785821, 0.0103493882343, 0.00769968843088, 0.00401901081204, 0.0126949204132, 0.00390028813854, 0.00569928064942, 0.00289349397644, 0.00232184841298, 0.00217978539877, 0.00169266143348, 0.0041340617463, 0.0055932905525, 0.00232797395438, 0.00107057543937], "mean": [0.000428474129876, 0.0105329649523, 0.00482405023649, 0.00426239008084, 0.00703577557579, 0.00505614466965, 0.000891518779099, 0.00101414159872, 0.000198469453608, 0.000356880831532, 0.000108744978206, 5.39885513717e-05, 5.75766825932e-05, 0.000441156851593, 0.000253552891081, 0.000180599847226, 0.000301329419017, 0.000170339248143, 0.000269925309112, 9.80837285169e-05, 9.71722402028e-05, 4.78737783851e-05, 5.35426261195e-05, 8.25438182801e-05, 9.25484637264e-05, 6.78295473335e-05, 5.78518302063e-05], "median": [8.00042835181e-05, 0.00398086570203, 0.00230190344155, 0.00166940432973, 0.00406211428344, 0.00395760405809, 0.00048940355191, 0.000462828000309, 7.7580625657e-05, 0.000177134308615, 2.94741221296e-05, 2.30068817473e-05, 1.28946176119e-05, 9.19700178201e-05, 5.57269740966e-05, 3.39768084814e-05, 0.00010255833331, 5.9038062318e-05, 0.000126360871946, 3.63843137166e-05, 4.91285973112e-05, 1.60611853062e-05, 1.48183671627e-05, 2.66096703854e-05, 2.60708584392e-05, 1.81916184374e-05, 1.16964420158e-05], "min": [1.34651945867e-23, 5.51415823788e-24, 3.67636003104e-24, 2.76567849167e-23, 6.2912963545e-23, 2.77341942596e-23, 7.28559746537e-23, 3.26884647809e-23, 5.53420698001e-23, 2.63026799293e-23, 9.66492943544e-23, 1.02953933818e-22, 9.91288545735e-23, 7.75358761967e-23, 7.07141478763e-23, 1.82214550254e-22, 9.59375335586e-23, 2.10033635413e-22, 2.8525432476e-22, 2.85265659114e-22, 4.47678891879e-22, 3.39325930917e-22, 4.96892856665e-22, 9.49580321094e-22, 1.07512507291e-21, 1.69562271466e-21, 2.24611686492e-21], "var": [1.33663638735e-06, 0.000679141143337, 0.000115850685688, 5.26374460605e-05, 0.000151985819684, 2.21581558435e-05, 1.10050734747e-06, 1.94869221559e-06, 1.47382351656e-07, 2.26264731396e-07, 5.7185211233e-08, 1.25614123547e-08, 2.05023180655e-08, 6.76430602198e-07, 3.04226034586e-07, 1.35023313419e-07, 3.44276998021e-07, 9.2059146084e-08, 1.74400938135e-07, 3.05907157383e-08, 2.30419807679e-08, 1.66902687226e-08, 1.15166542969e-08, 1.79511232545e-08, 3.44164270416e-08, 1.666243854e-08, 1.37767486308e-08]}, "erbbands": {"dmean": [0.295816093683, 2.4227001667, 5.19678783417, 7.04182720184, 18.2919712067, 10.119052887, 13.6771469116, 10.9166994095, 8.5043182373, 2.40027141571, 7.10096597672, 2.61641168594, 6.0949139595, 2.28761720657, 2.06502890587, 1.6922416687, 2.3528482914, 12.3321075439, 7.1563911438, 8.57855129242, 7.23291301727, 6.67901706696, 4.88645935059, 7.29474925995, 4.91458702087, 3.13979792595, 3.09792375565, 1.55549108982, 1.35721325874, 1.42481207848, 1.21732378006, 0.987117767334, 1.00728023052, 0.758907973766, 0.595405161381, 0.319077640772, 0.0748978331685, 0.0178205352277, 0.00555533403531, 0.000374030933017], "dmean2": [0.514097630978, 4.34363222122, 9.41200637817, 11.8771848679, 30.4994354248, 17.1666851044, 20.6340732574, 17.8137702942, 13.1525745392, 3.88637638092, 9.8707408905, 4.14937734604, 9.11369419098, 3.52964305878, 3.29118609428, 2.77476763725, 3.93710589409, 18.7170696259, 11.8616876602, 14.3930168152, 12.2995929718, 11.1626548767, 7.96804618835, 11.6774864197, 7.76493453979, 5.26818943024, 4.83515739441, 2.44466948509, 2.23988175392, 2.30333352089, 1.94080877304, 1.5650703907, 1.5793261528, 1.18709552288, 0.895337700844, 0.498390585184, 0.118104316294, 0.0278838668019, 0.00896246079355, 0.000606737274211], "dvar": [0.688684344292, 55.6683197021, 265.784576416, 248.91708374, 3071.72241211, 873.056762695, 582.502624512, 474.064117432, 172.935043335, 43.5628623962, 147.435577393, 42.165309906, 149.236465454, 24.4423141479, 35.4542160034, 19.626991272, 40.9135551453, 819.405456543, 397.718566895, 585.057739258, 298.187469482, 254.67741394, 133.543884277, 227.886947632, 96.349609375, 69.9680557251, 47.2736434937, 21.4876995087, 21.0535793304, 19.5232639313, 7.2536034584, 4.98322439194, 3.69551157951, 2.88606071472, 1.63166296482, 0.359175622463, 0.0259651970118, 0.00128890085034, 0.000186372271855, 8.07237938716e-07], "dvar2": [1.86807882786, 156.875366211, 766.477966309, 659.476318359, 7950.11035156, 2390.49047852, 1433.74475098, 1263.6854248, 410.031677246, 117.133483887, 270.330871582, 108.072036743, 369.219665527, 59.6594009399, 91.781036377, 50.448474884, 108.087440491, 1933.51916504, 1122.29699707, 1629.82775879, 850.716064453, 691.811462402, 341.580169678, 549.363647461, 229.160873413, 192.710800171, 120.709220886, 57.049621582, 57.1337966919, 51.6997947693, 18.6415901184, 12.5931367874, 9.24466991425, 7.07626247406, 3.7999818325, 0.783220648766, 0.0645452737808, 0.00312976608984, 0.000492611899972, 2.30384875977e-06], "max": [8.24161434174, 74.4432296753, 173.512176514, 217.509170532, 722.62310791, 656.065307617, 472.807067871, 372.12097168, 291.14666748, 213.600784302, 249.352172852, 173.760238647, 218.832778931, 96.0898971558, 119.007019043, 77.3434524536, 143.509490967, 557.688232422, 492.691040039, 502.936828613, 365.410858154, 372.577972412, 186.718704224, 297.646148682, 160.905426025, 145.752029419, 99.6743927002, 97.0207443237, 64.2535018921, 61.8277511597, 52.4441604614, 101.237159729, 53.329158783, 69.8665847778, 37.0613594055, 13.1735334396, 3.96695137024, 0.874436914921, 0.345111131668, 0.0234494879842], "mean": [0.285910457373, 2.39603042603, 5.66933202744, 11.0070457458, 21.6508960724, 16.9804210663, 41.7130699158, 31.6248893738, 25.6179962158, 6.51856660843, 27.1067180634, 6.86249351501, 13.4074783325, 4.8836555481, 4.02885341644, 2.70251488686, 3.34582638741, 23.0286521912, 11.9170284271, 15.567483902, 13.07508564, 11.8718318939, 9.40152549744, 14.3192520142, 9.30258369446, 5.00133323669, 5.27564477921, 2.4476108551, 1.68281459808, 1.75237071514, 1.39533936977, 1.29357171059, 1.43744587898, 1.04543662071, 0.706326961517, 0.425430834293, 0.0992456674576, 0.0236631073058, 0.0117617519572, 0.00077168806456], "median": [0.0888105854392, 0.839297771454, 2.54169440269, 5.52967977524, 7.6516327858, 10.1094560623, 27.7549781799, 20.4864521027, 15.2631340027, 3.99234747887, 11.5667266846, 4.10051774979, 7.19034957886, 2.7961666584, 1.4697419405, 1.24422001839, 1.22885239124, 5.04848337173, 3.83256387711, 3.61114430428, 4.25783109665, 4.3221244812, 3.63591241837, 6.95015382767, 4.29250860214, 2.11801457405, 2.61286377907, 1.13407742977, 0.556181073189, 0.47763210535, 0.40298897028, 0.485019147396, 0.370942234993, 0.285087585449, 0.186614081264, 0.112153872848, 0.0255697071552, 0.00837341323495, 0.00178122008219, 0.000144719044329], "min": [1.35939136517e-22, 1.28381975263e-21, 2.98517386362e-21, 3.31952975879e-20, 2.02407386504e-19, 1.79676178927e-19, 2.70902865533e-19, 2.78755110142e-19, 9.35532380606e-19, 6.82472447121e-19, 1.07711943849e-18, 1.53517949149e-18, 5.88654500925e-19, 2.28474647095e-18, 3.55043248342e-18, 4.21474536926e-18, 4.48516518716e-18, 4.24446100559e-18, 3.21691326043e-18, 7.334086059e-18, 9.00108329514e-18, 5.43466306485e-18, 8.17531716144e-18, 1.82726827747e-17, 1.06365227637e-17, 1.52164588609e-17, 1.48603691877e-17, 1.88631871617e-17, 1.23556381687e-17, 1.24403596614e-17, 1.5376773081e-17, 1.3503898035e-17, 1.96137625777e-17, 1.17803927825e-17, 8.40713700965e-18, 6.15021234501e-18, 3.1395145909e-18, 1.22043220193e-18, 2.84470669681e-19, 3.51839496404e-20], "var": [0.507682025433, 36.5072746277, 172.890441895, 267.934234619, 2596.76489258, 876.296264648, 2012.12988281, 1368.03442383, 852.888671875, 114.309257507, 1465.42456055, 86.4518356323, 313.524108887, 43.2729377747, 67.9072647095, 24.573217392, 45.1531600952, 1818.49169922, 561.338745117, 1122.72351074, 523.57232666, 461.496276855, 262.457122803, 493.388641357, 187.094238281, 76.1852645874, 63.428352356, 21.8432312012, 18.1648426056, 19.3607006073, 7.60979127884, 5.99495458603, 5.5868268013, 3.63005161285, 2.18708229065, 0.685205578804, 0.0386685840786, 0.00164764525834, 0.00100952596404, 4.23228311774e-06]}, "gfcc": {"mean": [-39.2841911316, 89.7154312134, -87.2354507446, 22.5477981567, -44.7862854004, -14.8783979416, -41.9678535461, 7.00516700745, -20.7669963837, 0.546143889427, -12.8282670975, -5.72093343735, -4.70307922363], "cov": [[21118.578125, -806.312683105, 4864.72265625, 2625.43725586, 502.156707764, 1313.82568359, -809.102478027, 530.491210938, -546.278198242, 633.431945801, -231.142990112, 342.036071777, -235.999389648], [-806.312683105, 2214.72192383, 412.289154053, 402.522857666, 163.654846191, -501.363372803, 232.671722412, -197.2293396, -44.0856361389, -73.6905059814, 114.391326904, -22.861623764, 88.9750900269], [4864.72265625, 412.289154053, 3532.57080078, 1252.5592041, 325.578613281, 336.010498047, -144.307510376, 97.2186126709, -295.573760986, 317.085357666, -84.5004043579, 187.220901489, -120.127723694], [2625.43725586, 402.522857666, 1252.5592041, 946.123413086, 153.476623535, 125.313949585, -47.1785507202, 93.9496078491, -163.430755615, 130.470977783, -27.7352581024, 60.9507865906, -65.0808105469], [502.156707764, 163.654846191, 325.578613281, 153.476623535, 511.236541748, 143.846817017, 33.931098938, -57.6226768494, 95.8775939941, 24.9288101196, 28.7839508057, 2.78278541565, 32.6709823608], [1313.82568359, -501.363372803, 336.010498047, 125.313949585, 143.846817017, 541.546325684, -60.4603271484, 94.7810668945, 5.17016553879, 99.6032028198, -42.9050483704, 6.26412248611, -70.0981521606], [-809.102478027, 232.671722412, -144.307510376, -47.1785507202, 33.931098938, -60.4603271484, 246.969528198, 19.2604351044, 45.3769340515, -62.6637916565, 8.61036872864, -17.9513034821, 44.4894065857], [530.491210938, -197.2293396, 97.2186126709, 93.9496078491, -57.6226768494, 94.7810668945, 19.2604351044, 252.895202637, -5.08874177933, 8.99931049347, -51.4468650818, 26.244884491, -24.4237976074], [-546.278198242, -44.0856361389, -295.573760986, -163.430755615, 95.8775939941, 5.17016553879, 45.3769340515, -5.08874177933, 196.951934814, -6.50863456726, 35.8921661377, -37.8830947876, 18.4273529053], [633.431945801, -73.6905059814, 317.085357666, 130.470977783, 24.9288101196, 99.6032028198, -62.6637916565, 8.99931049347, -6.50863456726, 163.094497681, 40.7568664551, 9.98302364349, -48.1625366211], [-231.142990112, 114.391326904, -84.5004043579, -27.7352581024, 28.7839508057, -42.9050483704, 8.61036872864, -51.4468650818, 35.8921661377, 40.7568664551, 130.915481567, 4.38721227646, -2.38917183876], [342.036071777, -22.861623764, 187.220901489, 60.9507865906, 2.78278541565, 6.26412248611, -17.9513034821, 26.244884491, -37.8830947876, 9.98302364349, 4.38721227646, 105.433746338, 31.4454250336], [-235.999389648, 88.9750900269, -120.127723694, -65.0808105469, 32.6709823608, -70.0981521606, 44.4894065857, -24.4237976074, 18.4273529053, -48.1625366211, -2.38917183876, 31.4454250336, 116.716888428]], "icov": [[0.000104057820863, 3.22272353515e-05, -6.13609954598e-05, -0.000200930779101, 6.41033875581e-06, -0.000125943523017, 0.000252085766988, -9.31166941882e-05, 5.18732940691e-06, 2.25213134399e-05, -3.49743277184e-05, 2.30611804e-05, -0.000180818868103], [3.22272353515e-05, 0.000934926734772, -0.000107983993075, -0.000574754027184, -0.000203265226446, 0.000745474011637, -0.000600263127126, 0.00042033236241, 0.000137236958835, 0.000332566123689, -0.0006212911685, 0.000507058692165, -0.000291551288683], [-6.13609954598e-05, -0.000107983993075, 0.000756471126806, -0.000455238245195, -0.000312790711178, 1.93444011529e-05, -0.000211561738979, 0.000212748927879, 0.000359528203262, -0.000938216107897, 0.0007860470796, -0.000961661222391, 0.000538585416507], [-0.000200930779101, -0.000574754027184, -0.000455238245195, 0.00304012722336, -0.000653812487144, 0.000104889804788, -0.000198942798306, -0.00100075593218, 0.00138246559072, -0.000767993507907, 0.000166130179423, 0.000126819330035, 0.000804970506579], [6.41033875581e-06, -0.000203265226446, -0.000312790711178, -0.000653812487144, 0.00343678239733, -0.00132722966373, -7.56093359087e-05, 0.00116678047925, -0.00238261814229, 0.000857503153384, -0.000516660744324, 2.27342225116e-05, -0.00129141460638], [-0.000125943523017, 0.000745474011637, 1.93444011529e-05, 0.000104889804788, -0.00132722966373, 0.00365963880904, -0.000634703261312, -0.000476635817904, 0.000309109076625, -0.00135774025694, 0.000865604379214, 0.000105155166239, 0.00134739873465], [0.000252085766988, -0.000600263127126, -0.000211561738979, -0.000198942798306, -7.56093359087e-05, -0.000634703261312, 0.00633660843596, -0.00170000479557, -0.000700426171534, 0.00177483784501, -0.000926484703086, 0.00130588118918, -0.00202031503431], [-9.31166941882e-05, 0.00042033236241, 0.000212748927879, -0.00100075593218, 0.00116678047925, -0.000476635817904, -0.00170000479557, 0.00609200587496, -0.00162217090838, 4.67320423923e-05, 0.00201961747371, -0.00230308016762, 0.00139939482324], [5.18732940691e-06, 0.000137236958835, 0.000359528203262, 0.00138246559072, -0.00238261814229, 0.000309109076625, -0.000700426171534, -0.00162217090838, 0.00891507137567, -0.0014194175601, -0.00165706221014, 0.00257783918642, -0.000894788478035], [2.25213134399e-05, 0.000332566123689, -0.000938216107897, -0.000767993507907, 0.000857503153384, -0.00135774025694, 0.00177483784501, 4.67320423923e-05, -0.0014194175601, 0.0115662943572, -0.00495866080746, 0.000641717982944, 0.0013984167017], [-3.49743277184e-05, -0.0006212911685, 0.0007860470796, 0.000166130179423, -0.000516660744324, 0.000865604379214, -0.000926484703086, 0.00201961747371, -0.00165706221014, -0.00495866080746, 0.0120678469539, -0.00347902369685, 0.00214460096322], [2.30611804e-05, 0.000507058692165, -0.000961661222391, 0.000126819330035, 2.27342225116e-05, 0.000105155166239, 0.00130588118918, -0.00230308016762, 0.00257783918642, 0.000641717982944, -0.00347902369685, 0.0148616824299, -0.00639925524592], [-0.000180818868103, -0.000291551288683, 0.000538585416507, 0.000804970506579, -0.00129141460638, 0.00134739873465, -0.00202031503431, 0.00139939482324, -0.000894788478035, 0.0013984167017, 0.00214460096322, -0.00639925524592, 0.0141474716365]]}, "melbands": {"dmean": [0.00282049039379, 0.00291006756015, 0.00159686431289, 0.00106357515324, 0.000433156907093, 0.00025508570252, 0.000118559059047, 2.76390637737e-05, 5.41274275747e-05, 1.63117056218e-05, 3.02620192087e-05, 9.23847528611e-06, 7.81981179898e-06, 4.36491836808e-06, 4.47138563686e-06, 4.78911761093e-06, 2.77174021903e-05, 1.17450663311e-05, 9.69966276898e-06, 1.0196358744e-05, 1.0622764421e-05, 8.66322261572e-06, 6.45244563202e-06, 4.33059904026e-06, 6.63671562506e-06, 4.61613853986e-06, 2.63320953309e-06, 1.98712655219e-06, 2.15496334022e-06, 1.58802799888e-06, 7.66116954765e-07, 7.61220292134e-07, 8.16520753233e-07, 8.15049077119e-07, 6.54793154808e-07, 7.5377874964e-07, 5.87921704209e-07, 6.71438272093e-07, 8.73343481089e-07, 5.77550622438e-07], "dmean2": [0.00494846887887, 0.00525938346982, 0.00268146581948, 0.00178936182056, 0.000666708860081, 0.000407612213166, 0.000184282922419, 4.35057445429e-05, 7.5860247307e-05, 2.64581485681e-05, 4.53556931461e-05, 1.43760735227e-05, 1.23124646052e-05, 7.14084717401e-06, 7.47402282286e-06, 8.13235510577e-06, 4.19696043537e-05, 1.93598025362e-05, 1.64613684319e-05, 1.67582329595e-05, 1.81616014743e-05, 1.46432412294e-05, 1.05710232674e-05, 6.97407176631e-06, 1.06936759039e-05, 7.34079503673e-06, 4.29833607996e-06, 3.3970657114e-06, 3.43812052961e-06, 2.50974130722e-06, 1.20998743114e-06, 1.26943041323e-06, 1.35228265208e-06, 1.32487843985e-06, 1.07816606487e-06, 1.16660748972e-06, 9.67539335761e-07, 1.10497182959e-06, 1.36000983275e-06, 8.92843104339e-07], "dvar": [6.68684660923e-05, 8.24481394375e-05, 1.35011368911e-05, 1.08417334559e-05, 6.16595116298e-07, 2.29933306173e-07, 3.39129009319e-08, 4.21761026104e-09, 8.5524591853e-09, 2.00912886328e-09, 3.71176001046e-09, 4.28183266621e-10, 4.21445184307e-10, 1.59233917718e-10, 1.40744471633e-10, 2.29797125773e-10, 4.30330748813e-09, 9.2720103817e-10, 7.89323384431e-10, 6.63303967308e-10, 7.03358038479e-10, 4.7529841174e-10, 2.41863529205e-10, 1.11211831411e-10, 1.98458999234e-10, 9.76817030041e-11, 3.35376552918e-11, 3.40495930062e-11, 2.26803211628e-11, 1.40157772541e-11, 5.91584376972e-12, 6.79983760271e-12, 8.75135033884e-12, 5.06844479581e-12, 2.23840542456e-12, 2.3671327485e-12, 2.13934837727e-12, 1.52250521218e-12, 3.08944211359e-12, 1.88014295972e-12], "dvar2": [0.0001838158787, 0.000235758896451, 3.50927657564e-05, 2.83747813228e-05, 1.59055105087e-06, 6.13893462287e-07, 8.22161680958e-08, 1.10414939414e-08, 1.59687214563e-08, 5.29178478814e-09, 9.22737086739e-09, 1.05441710918e-09, 1.01469976865e-09, 4.17555184873e-10, 3.72200631427e-10, 6.1794597217e-10, 1.01441033351e-08, 2.58624566207e-09, 2.21297491443e-09, 1.80728265686e-09, 2.03560124312e-09, 1.33278554859e-09, 6.10124450962e-10, 2.83002427048e-10, 4.84947748625e-10, 2.32999508576e-10, 8.66096430685e-11, 9.49793854677e-11, 5.80088130309e-11, 3.63431749972e-11, 1.56447580585e-11, 1.86128352314e-11, 2.40274865976e-11, 1.30403006102e-11, 5.82918695952e-12, 5.88721476083e-12, 5.54577824635e-12, 3.8430265914e-12, 7.89803032003e-12, 4.45276584701e-12], "max": [0.0792058482766, 0.0925903916359, 0.0388479009271, 0.0558788888156, 0.0155033431947, 0.00820092111826, 0.00391066493466, 0.00201736832969, 0.00191603577696, 0.000935749558266, 0.00110007624608, 0.000414714013459, 0.000576841412112, 0.000279375643004, 0.0002275541774, 0.000250955024967, 0.00127534347121, 0.000736635643989, 0.000518156855833, 0.000450530584203, 0.000683498219587, 0.000619583763182, 0.000305638677673, 0.000205790143809, 0.000285331741907, 0.000200639682589, 7.88925244706e-05, 0.000113488502393, 6.37434932287e-05, 6.66787382215e-05, 4.97999317304e-05, 3.92630536226e-05, 4.32655469922e-05, 3.92083202314e-05, 3.05532594211e-05, 3.61497914128e-05, 7.28872764739e-05, 2.58253094216e-05, 5.87159120187e-05, 5.58415158594e-05], "mean": [0.00276382709853, 0.00312302052043, 0.00224388949573, 0.00136590714101, 0.00126133917365, 0.000791243626736, 0.000352685514372, 7.61079354561e-05, 0.000204766052775, 3.24495631503e-05, 6.58244171063e-05, 1.808612069e-05, 1.58072107297e-05, 6.62528736939e-06, 6.27008284937e-06, 5.73039642404e-06, 5.12654951308e-05, 1.88403355423e-05, 1.6234245777e-05, 1.90349783225e-05, 1.71257888724e-05, 1.41428963616e-05, 1.01325122159e-05, 8.18465377961e-06, 1.24012594824e-05, 8.485764738e-06, 4.17795490648e-06, 2.95700851893e-06, 3.57572184839e-06, 2.37255972024e-06, 1.14658791972e-06, 9.20628622225e-07, 9.32259581532e-07, 1.0017548675e-06, 7.28178349618e-07, 8.9990220431e-07, 7.49524190269e-07, 8.94651464023e-07, 1.26787449517e-06, 7.22262427644e-07], "median": [0.000983869889751, 0.00138603313826, 0.00118276826106, 0.000546743976884, 0.000881288142409, 0.000557255523745, 0.000214679195778, 4.23388592026e-05, 8.76180056366e-05, 1.76838238986e-05, 3.50080881617e-05, 9.4425631687e-06, 4.48148784926e-06, 2.77066965282e-06, 1.96211590264e-06, 1.48412937051e-06, 9.92254899757e-06, 5.58956753594e-06, 3.41162058248e-06, 3.95533788833e-06, 5.05134721607e-06, 4.72643841931e-06, 2.76351920547e-06, 2.92444929073e-06, 5.47801710127e-06, 3.76871116714e-06, 1.72908426066e-06, 1.02267642887e-06, 1.56800535933e-06, 1.15770490083e-06, 4.38882068465e-07, 3.01883119391e-07, 2.56460083392e-07, 2.54677757994e-07, 2.00056803124e-07, 2.96250505016e-07, 2.67866681725e-07, 2.37975839923e-07, 2.85690646251e-07, 2.03998311576e-07], "min": [1.52416407143e-24, 1.80882058478e-24, 1.32042110002e-23, 1.30259426352e-23, 9.26399435135e-24, 6.13374931436e-24, 1.43458394582e-23, 6.63566285417e-24, 9.98995464343e-24, 8.31443774657e-24, 2.60061053054e-24, 8.33194651436e-24, 1.24421169344e-23, 1.0160138762e-23, 9.65132978898e-24, 1.13871148701e-23, 7.73226313168e-24, 5.10863679537e-24, 6.70072652391e-24, 1.25221090079e-23, 1.06295535991e-23, 5.71245735907e-24, 4.75839793624e-24, 9.29918306975e-24, 1.60627100215e-23, 1.00621204279e-23, 6.21783794255e-24, 1.08215718097e-23, 9.02611965627e-24, 8.60092126177e-24, 1.15292526169e-23, 6.16993041978e-24, 7.39362328887e-24, 6.7277836641e-24, 8.89917931484e-24, 9.68627948252e-24, 6.81088069413e-24, 1.2871551512e-23, 1.40480839096e-23, 8.37081053572e-24], "var": [4.72236861242e-05, 5.31293007953e-05, 1.29830996229e-05, 9.15492728382e-06, 1.74454623902e-06, 6.86841474362e-07, 1.57919288313e-07, 1.19912080265e-08, 8.25180634934e-08, 2.91294832699e-09, 7.7230319917e-09, 7.18445469783e-10, 1.22280963133e-09, 1.77431430659e-10, 1.64315505646e-10, 2.09776224169e-10, 9.55686907389e-09, 1.33793021106e-09, 1.21561138933e-09, 1.49014700579e-09, 1.13400067114e-09, 8.08752897985e-10, 4.38351410725e-10, 2.11697256947e-10, 4.14406176041e-10, 1.85427576072e-10, 4.47290780803e-11, 3.37378701365e-11, 3.16065611183e-11, 1.6348747009e-11, 6.15880740504e-12, 5.68080391755e-12, 7.13656304191e-12, 5.73797953596e-12, 2.29107054509e-12, 2.66952735958e-12, 2.42395686856e-12, 2.17776187708e-12, 4.55155054271e-12, 2.23190259677e-12]}, "mfcc": {"mean": [-695.459960938, 128.919815063, 16.2007808685, 36.3950157166, 14.4201488495, -14.2877588272, -6.33437156677, -6.85177183151, -1.41642975807, 4.18668222427, -3.54564976692, -7.37504959106, -6.98764133453], "cov": [[13200.0791016, 305.363067627, 2323.94165039, 1705.52709961, 1143.37365723, 758.720947266, 481.405517578, -91.3912200928, 68.369102478, -196.826477051, 120.877700806, 418.183044434, 54.8006401062], [305.363067627, 1365.17297363, 373.250244141, 535.912597656, 118.092094421, 35.0127639771, 59.3400039673, -69.9435653687, -62.7395896912, -95.7305374146, 41.6675949097, 50.0644111633, -46.6896896362], [2323.94165039, 373.250244141, 1952.2767334, 710.435302734, 338.354400635, 320.593597412, 181.702209473, -96.0552215576, -121.562667847, -169.55380249, 53.5823364258, 156.151779175, -17.9853687286], [1705.52709961, 535.912597656, 710.435302734, 785.552429199, 232.172927856, 124.838066101, 139.975967407, -65.3355331421, -41.966835022, -110.239898682, 39.3633117676, 128.796157837, 7.73205423355], [1143.37365723, 118.092094421, 338.354400635, 232.172927856, 458.024902344, 251.613967896, 48.7813568115, -0.863945782185, 1.37675952911, 10.7671804428, 40.8427581787, 49.9872512817, 12.4874839783], [758.720947266, 35.0127639771, 320.593597412, 124.838066101, 251.613967896, 367.017547607, 93.5398406982, -3.85652780533, 0.817016303539, 19.1178607941, 37.840587616, 9.49255466461, -19.1826610565], [481.405517578, 59.3400039673, 181.702209473, 139.975967407, 48.7813568115, 93.5398406982, 182.349273682, 50.2526741028, 28.2515544891, 3.78097605705, 6.55779743195, 4.57174825668, 0.478630900383], [-91.3912200928, -69.9435653687, -96.0552215576, -65.3355331421, -0.863945782185, -3.85652780533, 50.2526741028, 190.525268555, 101.141296387, 43.4094161987, -28.1585578918, -7.66540956497, 41.1259536743], [68.369102478, -62.7395896912, -121.562667847, -41.966835022, 1.37675952911, 0.817016303539, 28.2515544891, 101.141296387, 190.848464966, 52.6246490479, -37.7822799683, -10.6177520752, 33.4202537537], [-196.826477051, -95.7305374146, -169.55380249, -110.239898682, 10.7671804428, 19.1178607941, 3.78097605705, 43.4094161987, 52.6246490479, 173.275878906, 66.5419540405, -17.58618927, 7.62838888168], [120.877700806, 41.6675949097, 53.5823364258, 39.3633117676, 40.8427581787, 37.840587616, 6.55779743195, -28.1585578918, -37.7822799683, 66.5419540405, 152.748413086, 69.2917861938, -25.058927536], [418.183044434, 50.0644111633, 156.151779175, 128.796157837, 49.9872512817, 9.49255466461, 4.57174825668, -7.66540956497, -10.6177520752, -17.58618927, 69.2917861938, 138.463302612, 20.582490921], [54.8006401062, -46.6896896362, -17.9853687286, 7.73205423355, 12.4874839783, -19.1826610565, 0.478630900383, 41.1259536743, 33.4202537537, 7.62838888168, -25.058927536, 20.582490921, 88.0107955933]], "icov": [[0.000137448703754, 9.38064767979e-05, -4.72485553473e-05, -0.000210104873986, -0.000193590050912, -1.26886288854e-05, -0.000129777283291, 9.51277470449e-05, -0.000139636351378, 2.33872779063e-05, 5.31211990165e-05, -0.000162974945852, 5.81757121836e-05], [9.38064767979e-05, 0.00114307412878, 4.37926028098e-05, -0.00104775815271, -0.000139908137498, 0.000111734188977, 0.000158566152095, -0.000111051369458, -6.97734794812e-05, 0.000341877806932, -0.000427678576671, 0.000435235735495, 0.000517529610079], [-4.72485553473e-05, 4.37926028098e-05, 0.000948792032432, -0.000519435619935, -3.82148846256e-06, -0.000510338053573, -0.000239665125264, 1.46147169744e-06, 0.000411226938013, 0.000442104414105, 5.58461215405e-05, -0.000369225890609, 8.98805519682e-05], [-0.000210104873986, -0.00104775815271, -0.000519435619935, 0.00379065843299, -0.000747487356421, 0.000651491223834, -0.00189630081877, 0.00113249488641, -0.000184564341907, 0.000668488617521, 0.000217778084334, -0.00150932755787, -0.000707884377334], [-0.000193590050912, -0.000139908137498, -3.82148846256e-06, -0.000747487356421, 0.00453465199098, -0.00284178066067, 0.00154098216444, -0.000667735817842, 0.00027295097243, -0.000630808004644, -8.20688874228e-05, -7.93022918515e-05, -0.000901735795196], [-1.26886288854e-05, 0.000111734188977, -0.000510338053573, 0.000651491223834, -0.00284178066067, 0.00559391314164, -0.00222206674516, 0.000643193314318, -0.000358424702426, -0.000199097790755, -0.000633487768937, 0.000831755576655, 0.00101810181513], [-0.000129777283291, 0.000158566152095, -0.000239665125264, -0.00189630081877, 0.00154098216444, -0.00222206674516, 0.00911613181233, -0.00322313001379, -0.000261621287791, -8.16077008494e-05, -0.00105180940591, 0.00192285550293, 0.000393379188608], [9.51277470449e-05, -0.000111051369458, 1.46147169744e-06, 0.00113249488641, -0.000667735817842, 0.000643193314318, -0.00322313001379, 0.00911264680326, -0.00332636758685, -0.000967849453446, 0.00126194581389, -0.00117045338266, -0.0022430238314], [-0.000139636351378, -6.97734794812e-05, 0.000411226938013, -0.000184564341907, 0.00027295097243, -0.000358424702426, -0.000261621287791, -0.00332636758685, 0.00894937757403, -0.00354104000144, 0.00409419089556, -0.00192380871158, 0.0001133225378], [2.33872779063e-05, 0.000341877806932, 0.000442104414105, 0.000668488617521, -0.000630808004644, -0.000199097790755, -8.16077008494e-05, -0.000967849453446, -0.00354104000144, 0.0127557106316, -0.00992935989052, 0.0056716487743, -0.00321727478877], [5.31211990165e-05, -0.000427678576671, 5.58461215405e-05, 0.000217778084334, -8.20688874228e-05, -0.000633487768937, -0.00105180940591, 0.00126194581389, 0.00409419089556, -0.00992935989052, 0.0184295345098, -0.0111838970333, 0.00619073817506], [-0.000162974945852, 0.000435235735495, -0.000369225890609, -0.00150932755787, -7.93022918515e-05, 0.000831755576655, 0.00192285550293, -0.00117045338266, -0.00192380871158, 0.0056716487743, -0.0111838970333, 0.0162259135395, -0.0056215217337], [5.81757121836e-05, 0.000517529610079, 8.98805519682e-05, -0.000707884377334, -0.000901735795196, 0.00101810181513, 0.000393379188608, -0.0022430238314, 0.0001133225378, -0.00321727478877, 0.00619073817506, -0.0056215217337, 0.0163901168853]]}, "spectral_contrast_coeffs": {"dmean": [0.0493628270924, 0.0415057092905, 0.0367711745203, 0.0329108126462, 0.0247845258564, 0.0240792930126], "dmean2": [0.0790368467569, 0.0668258666992, 0.0579004436731, 0.0525460392237, 0.0393578857183, 0.0390710830688], "dvar": [0.00205173064023, 0.00146104942542, 0.000974009220954, 0.00085105013568, 0.000505759962834, 0.000561422260944], "dvar2": [0.00478186039254, 0.00363611290231, 0.00237948447466, 0.00200715335086, 0.0011619774159, 0.00138543895446], "max": [-0.298480987549, -0.364067792892, -0.397586524487, -0.432266652584, -0.513670325279, -0.512673556805], "mean": [-0.621710300446, -0.619288265705, -0.737823724747, -0.738640427589, -0.753742575645, -0.786987185478], "median": [-0.625136733055, -0.622388958931, -0.744743108749, -0.749711632729, -0.758149385452, -0.791232407093], "min": [-0.958521664143, -0.979113221169, -0.981012821198, -0.965781271458, -0.960145652294, -0.960180640221], "var": [0.00930965598673, 0.00823098700494, 0.00587827060372, 0.00728806294501, 0.00361490459181, 0.0019445741782]}, "spectral_contrast_valleys": {"dmean": [0.453436225653, 0.372513502836, 0.401191622019, 0.391593724489, 0.380980521441, 0.537649571896], "dmean2": [0.710159778595, 0.609757125378, 0.63558280468, 0.592943310738, 0.558672130108, 0.721474766731], "dvar": [0.262249022722, 0.16393366456, 0.186945751309, 0.214766010642, 0.197483181953, 0.315264970064], "dvar2": [0.517715930939, 0.333802640438, 0.376918792725, 0.43234410882, 0.387495547533, 0.70331746339