{"lowlevel": {"average_loudness": 0.801173627377, "barkbands_crest": {"dmean": 2.70968723297, "dmean2": 4.09390068054, "dvar": 9.17886352539, "dvar2": 18.8474960327, "max": 26.7401828766, "mean": 14.8143978119, "median": 14.1845703125, "min": 1.78973734379, "var": 36.6509971619}, "barkbands_flatness_db": {"dmean": 0.0374645553529, "dmean2": 0.0492404736578, "dvar": 0.00209067692049, "dvar2": 0.00411010580137, "max": 0.515647351742, "mean": 0.219885692, "median": 0.226168334484, "min": 0.0139737837017, "var": 0.00789117533714}, "barkbands_kurtosis": {"dmean": 13.5856685638, "dmean2": 17.8132514954, "dvar": 1490.46142578, "dvar2": 1944.6619873, "max": 1517.47814941, "mean": 26.9555721283, "median": 7.01131916046, "min": -1.92754209042, "var": 5254.18164062}, "barkbands_skewness": {"dmean": 0.991843938828, "dmean2": 1.34928107262, "dvar": 2.06394386292, "dvar2": 3.16900849342, "max": 30.934053421, "mean": 3.0761282444, "median": 2.05065822601, "min": -2.62663459778, "var": 10.5765895844}, "barkbands_spread": {"dmean": 7.60961771011, "dmean2": 11.5666952133, "dvar": 194.768585205, "dvar2": 432.947662354, "max": 123.4817276, "mean": 17.6453971863, "median": 8.85933876038, "min": 0.15702432394, "var": 410.876861572}, "dissonance": {"dmean": 0.0299526657909, "dmean2": 0.0495073758066, "dvar": 0.000940104830079, "dvar2": 0.00251077814028, "max": 0.500000119209, "mean": 0.420367866755, "median": 0.433069348335, "min": 0.187139749527, "var": 0.00296513456851}, "dynamic_complexity": 4.01475477219, "erbbands_crest": {"dmean": 2.95610308647, "dmean2": 4.46606302261, "dvar": 9.60377502441, "dvar2": 21.1009407043, "max": 34.0536003113, "mean": 14.5626821518, "median": 13.5201005936, "min": 2.13950705528, "var": 56.4531440735}, "erbbands_flatness_db": {"dmean": 0.0277058817446, "dmean2": 0.038924023509, "dvar": 0.000996940070763, "dvar2": 0.00206841062754, "max": 0.45189550519, "mean": 0.204245790839, "median": 0.191112861037, "min": 0.0439468249679, "var": 0.00837787054479}, "erbbands_kurtosis": {"dmean": 2.77853798866, "dmean2": 4.17881393433, "dvar": 22.5696907043, "dvar2": 51.4319419861, "max": 85.1916503906, "mean": 5.054915905, "median": 1.40051484108, "min": -1.89579617977, "var": 80.1752243042}, "erbbands_skewness": {"dmean": 0.539300024509, "dmean2": 0.788239181042, "dvar": 0.398072779179, "dvar2": 0.957047224045, "max": 7.26839780807, "mean": 1.12044262886, "median": 1.00235545635, "min": -7.4702296257, "var": 1.93125987053}, "erbbands_spread": {"dmean": 10.1141433716, "dmean2": 14.5407247543, "dvar": 186.451904297, "dvar2": 380.205627441, "max": 190.264083862, "mean": 37.6730117798, "median": 31.6056632996, "min": 1.00216543674, "var": 939.252624512}, "hfc": {"dmean": 9.91392803192, "dmean2": 15.9186906815, "dvar": 464.624969482, "dvar2": 1239.05566406, "max": 209.630905151, "mean": 21.1607570648, "median": 12.3234682083, "min": 1.12676147527e-16, "var": 667.583129883}, "melbands_crest": {"dmean": 3.43449044228, "dmean2": 5.24158191681, "dvar": 16.019821167, "dvar2": 32.7487983704, "max": 37.5176239014, "mean": 20.0019645691, "median": 19.0232124329, "min": 1.8711848259, "var": 57.2833786011}, "melbands_flatness_db": {"dmean": 0.0425706095994, "dmean2": 0.0563586987555, "dvar": 0.00324872019701, "dvar2": 0.00655090762302, "max": 0.650535345078, "mean": 0.284353733063, "median": 0.281793177128, "min": 0.00502117583528, "var": 0.0114180566743}, "melbands_kurtosis": {"dmean": 25.4594573975, "dmean2": 33.9371604919, "dvar": 3557.19946289, "dvar2": 5171.84912109, "max": 1380.32385254, "mean": 57.2596244812, "median": 14.185049057, "min": -1.85760772228, "var": 15405.2128906}, "melbands_skewness": {"dmean": 1.21782052517, "dmean2": 1.66406595707, "dvar": 3.38274741173, "dvar2": 4.86272001266, "max": 29.9263248444, "mean": 4.15923595428, "median": 2.70478367805, "min": -2.84408259392, "var": 18.2329559326}, "melbands_spread": {"dmean": 7.04248762131, "dmean2": 11.4672269821, "dvar": 229.357406616, "dvar2": 577.232299805, "max": 189.85369873, "mean": 15.4942150116, "median": 8.43387031555, "min": 0.141215384007, "var": 372.144287109}, "pitch_salience": {"dmean": 0.0795166641474, "dmean2": 0.116911433637, "dvar": 0.00887660775334, "dvar2": 0.0177213866264, "max": 0.884773790836, "mean": 0.402679622173, "median": 0.410027086735, "min": 0.0279449895024, "var": 0.0308297984302}, "silence_rate_20dB": {"dmean": 0, "dmean2": 0, "dvar": 0, "dvar2": 0, "max": 1, "mean": 1, "median": 1, "min": 1, "var": 0}, "silence_rate_30dB": {"dmean": 0.0503446199, "dmean2": 0.100699298084, "dvar": 0.0478089489043, "dvar2": 0.091551952064, "max": 1, "mean": 0.823911309242, "median": 1, "min": 0, "var": 0.145081043243}, "silence_rate_60dB": {"dmean": 0.0353611037135, "dmean2": 0.0706293731928, "dvar": 0.034111559391, "dvar2": 0.0748331621289, "max": 1, "mean": 0.139432683587, "median": 0, "min": 0, "var": 0.120010077953}, "spectral_centroid": {"dmean": 255.613754272, "dmean2": 384.421783447, "dvar": 195052.1875, "dvar2": 470507.375, "max": 11646.890625, "mean": 1167.42663574, "median": 945.742004395, "min": 102.354797363, "var": 691124.4375}, "spectral_complexity": {"dmean": 2.77554678917, "dmean2": 4.67582416534, "dvar": 26.7159023285, "dvar2": 66.9147415161, "max": 47, "mean": 9.96893692017, "median": 8, "min": 0, "var": 49.0529212952}, "spectral_decrease": {"dmean": 3.57870866274e-09, "dmean2": 5.25295806852e-09, "dvar": 5.24168373045e-17, "dvar2": 9.8719823883e-17, "max": 1.34462337964e-28, "mean": -1.14207701074e-08, "median": -6.01408522982e-09, "min": -6.88697241458e-08, "var": 2.30515596142e-16}, "spectral_energy": {"dmean": 0.01373027917, "dmean2": 0.0199632644653, "dvar": 0.000721614749637, "dvar2": 0.00135505595244, "max": 0.264261573553, "mean": 0.0450239479542, "median": 0.0248361676931, "min": 1.02627620053e-20, "var": 0.0033337448258}, "spectral_energyband_high": {"dmean": 0.000952314061578, "dmean2": 0.00159560120665, "dvar": 5.77699438509e-06, "dvar2": 1.57160575327e-05, "max": 0.0213808305562, "mean": 0.00132856343407, "median": 0.00017722992925, "min": 7.27021076497e-21, "var": 6.05632794759e-06}, "spectral_energyband_low": {"dmean": 0.0119606032968, "dmean2": 0.0177638679743, "dvar": 0.000744090822991, "dvar2": 0.00135472498368, "max": 0.240106940269, "mean": 0.0328685380518, "median": 0.00737759657204, "min": 2.23755441719e-23, "var": 0.00316242128611}, "spectral_energyband_middle_high": {"dmean": 0.00122548348736, "dmean2": 0.00195816997439, "dvar": 6.16151874056e-06, "dvar2": 1.56142741616e-05, "max": 0.0452201776206, "mean": 0.00295186694711, "median": 0.00138125568628, "min": 1.2674114458e-21, "var": 1.78542632057e-05}, "spectral_energyband_middle_low": {"dmean": 0.00735595170408, "dmean2": 0.012359640561, "dvar": 0.000536896230187, "dvar2": 0.00147278863005, "max": 0.205027580261, "mean": 0.0100746806711, "median": 0.00435602059588, "min": 1.39228434056e-22, "var": 0.000401466124458}, "spectral_entropy": {"dmean": 0.299550145864, "dmean2": 0.432773023844, "dvar": 0.152645722032, "dvar2": 0.347250789404, "max": 9.82118225098, "mean": 7.17530202866, "median": 7.19528961182, "min": 4.89402866364, "var": 0.62422478199}, "spectral_flux": {"dmean": 0.0376006178558, "dmean2": 0.046617474407, "dvar": 0.00217593600973, "dvar2": 0.00319299404509, "max": 0.51228928566, "mean": 0.0851777866483, "median": 0.0489970296621, "min": 6.29012814057e-11, "var": 0.00919556710869}, "spectral_kurtosis": {"dmean": 2.58318018913, "dmean2": 4.13259840012, "dvar": 18.9941883087, "dvar2": 47.8243331909, "max": 100.168991089, "mean": 5.71866130829, "median": 3.52530527115, "min": -1.2328517437, "var": 50.2774772644}, "spectral_rms": {"dmean": 0.000882762135006, "dmean2": 0.00123887229711, "dvar": 1.8962791728e-06, "dvar2": 3.02736020785e-06, "max": 0.0160566549748, "mean": 0.00543622346595, "median": 0.00492243934423, "min": 3.16424555828e-12, "var": 1.43733086588e-05}, "spectral_rolloff": {"dmean": 853.20904541, "dmean2": 1492.67443848, "dvar": 3904014.25, "dvar2": 9498884, "max": 19509.0820312, "mean": 1543.39916992, "median": 689.0625, "min": 43.06640625, "var": 6107504.5}, "spectral_skewness": {"dmean": 0.323869168758, "dmean2": 0.492473334074, "dvar": 0.161034584045, "dvar2": 0.369298607111, "max": 8.17477798462, "mean": 1.69946610928, "median": 1.55591106415, "min": -0.632467329502, "var": 0.857635498047}, "spectral_spread": {"dmean": 936045.75, "dmean2": 1237822.625, "dvar": 1760239157250.0, "dvar2": 2967159177220.0, "max": 41404852, "mean": 5739401.5, "median": 5235502, "min": 953872.5, "var": 9403321286660.0}, "spectral_strongpeak": {"dmean": 0.471775978804, "dmean2": 0.772743463516, "dvar": 0.602729082108, "dvar2": 1.3696770668, "max": 9.17808055878, "mean": 1.23745536804, "median": 0.856712639332, "min": 0, "var": 1.72544777393}, "zerocrossingrate": {"dmean": 0.0158203896135, "dmean2": 0.0187758039683, "dvar": 0.00052722817054, "dvar2": 0.000634382828139, "max": 0.51171875, "mean": 0.0581633113325, "median": 0.03955078125, "min": 0.00146484375, "var": 0.00304300058633}, "barkbands": {"dmean": [0.000897387624718, 0.00974455475807, 0.00587405450642, 0.00487834587693, 0.00119415705558, 0.000360448932042, 0.00038098890218, 0.000807657255791, 0.000718427996617, 0.000376971671358, 0.000417664210545, 0.000338023091899, 0.000145924146636, 7.21634860383e-05, 0.000110785571451, 8.46474940772e-05, 0.000104336373624, 7.08824154572e-05, 4.79588888993e-05, 0.000120334021631, 0.000129534921143, 0.000145344733028, 0.000183901502169, 0.000193263767869, 0.000163075252203, 0.000106222207251, 4.23292003688e-05], "dmean2": [0.000993508496322, 0.0110342195258, 0.0100549897179, 0.00898093823344, 0.00212913774885, 0.000491268583573, 0.000495456682984, 0.00109490484465, 0.000943859282415, 0.000522876740433, 0.00063128687907, 0.000523855676875, 0.000228157558013, 0.00012204147788, 0.000190988066606, 0.000145297686686, 0.000180867340532, 0.000122496174299, 8.09070988907e-05, 0.00021326210117, 0.000228833407164, 0.000250956276432, 0.000310675590299, 0.000323244632455, 0.000262910296442, 0.000170822051587, 6.70961599099e-05], "dvar": [3.92774836655e-06, 0.000461024465039, 0.000471548642963, 0.000426369020715, 1.66380978044e-05, 9.03889088022e-07, 8.79402477949e-07, 3.17544800055e-06, 3.19790706271e-06, 1.65470237334e-06, 1.5722163198e-06, 1.17700869851e-06, 4.09750299468e-07, 4.37363780748e-08, 1.10032942757e-07, 6.43395168254e-08, 7.61797380733e-08, 3.4986861408e-08, 8.85884077206e-09, 1.19315046732e-07, 1.37383040055e-07, 1.47733473455e-07, 1.97538255975e-07, 2.52110169185e-07, 1.47750057522e-07, 6.3057562727e-08, 1.01844515044e-08], "dvar2": [4.95341600981e-06, 0.000417797098635, 0.00121558515821, 0.00119409617037, 4.67492864118e-05, 1.73027956407e-06, 1.3892079096e-06, 5.50250888409e-06, 5.00747000842e-06, 2.91688479592e-06, 3.298085403e-06, 2.88381306746e-06, 7.40523432796e-07, 1.17954201073e-07, 3.08798490778e-07, 1.70689276047e-07, 2.10712499893e-07, 9.71009797013e-08, 2.35462653819e-08, 3.41374772006e-07, 3.90041378751e-07, 4.14022053974e-07, 5.2330528888e-07, 6.76440492953e-07, 3.8302019334e-07, 1.57364027586e-07, 2.43392435095e-08], "max": [0.023286383599, 0.231526136398, 0.183889940381, 0.178478747606, 0.0379833504558, 0.0198212713003, 0.0293494854122, 0.056441988796, 0.0377513989806, 0.0453550554812, 0.0398106202483, 0.0386960804462, 0.0270462445915, 0.00627639191225, 0.00430451892316, 0.00530300661922, 0.00297363544814, 0.00231322622858, 0.0019196291687, 0.00328837987036, 0.00368681084365, 0.00443311966956, 0.0042847879231, 0.0047432500869, 0.00574185326695, 0.00462796166539, 0.00359599175863], "mean": [0.0015048814239, 0.0242392141372, 0.0051999236457, 0.00325269112363, 0.00111779686995, 0.000766510376707, 0.00096563983243, 0.00173808075488, 0.00161432276946, 0.000729345600121, 0.000923088635318, 0.000624785257969, 0.000268189411145, 9.5358089311e-05, 0.000139950629091, 0.000110016699182, 0.000132018118165, 0.00010291577928, 9.32077600737e-05, 0.000158541108249, 0.000177284717211, 0.000202818438993, 0.000228096920182, 0.000238515640376, 0.000207713048439, 0.000140921794809, 5.18889028172e-05], "median": [6.80621087668e-05, 0.00311457319185, 0.000160528376, 8.6934724095e-06, 0.000112571578939, 0.000183836964425, 0.000228400516789, 0.00036999952863, 0.00028933561407, 7.96597450972e-05, 0.000122286728583, 8.49491771078e-05, 3.60328340321e-05, 1.76728681254e-05, 3.14159806294e-05, 1.98835023184e-05, 3.39977013937e-05, 3.29491740558e-05, 2.98524391837e-05, 3.69729823433e-05, 3.23821877828e-05, 2.63822184934e-05, 1.68147544173e-05, 1.11057488539e-05, 7.70252881921e-06, 3.89543129131e-06, 6.11570612818e-07], "min": [7.16999719668e-25, 5.20614907516e-24, 3.07324194798e-24, 5.04592826986e-24, 1.89243502868e-23, 1.13821773897e-23, 1.63334265738e-23, 1.36217661214e-23, 3.46636588916e-23, 3.28170617302e-23, 1.6593480882e-23, 4.09736657646e-23, 4.09531932464e-23, 3.619705303e-23, 5.17376317955e-23, 6.51704878183e-23, 9.33100840079e-23, 8.81475447413e-23, 1.99324400552e-22, 1.85455392801e-22, 3.10645018374e-22, 3.79425560887e-22, 4.40587171181e-22, 7.12002023142e-22, 1.02258254425e-21, 1.24822170377e-21, 1.90660829693e-21], "var": [1.15802158689e-05, 0.0023214975372, 0.000350095215254, 0.000257510924712, 1.11197532533e-05, 2.44614807343e-06, 4.1569064706e-06, 1.11285307867e-05, 1.40240017572e-05, 4.94610640089e-06, 6.86554494678e-06, 4.34024786955e-06, 1.74715239609e-06, 5.57879218377e-08, 1.12510875283e-07, 9.57789296763e-08, 7.88026000009e-08, 3.86884124737e-08, 2.30633183662e-08, 1.0441849696e-07, 1.3493088602e-07, 1.77538993285e-07, 2.57747899468e-07, 2.96393466215e-07, 2.62878387502e-07, 1.57741183671e-07, 3.53732367842e-08]}, "erbbands": {"dmean": [0.442258477211, 2.01108884811, 5.71784973145, 12.2289113998, 9.76619815826, 2.59512066841, 1.70100724697, 3.67403507233, 4.1213312149, 10.9795322418, 19.6356658936, 15.7915935516, 15.3806171417, 9.62538909912, 13.9660997391, 15.1866693497, 7.1581993103, 4.55395412445, 4.56785678864, 5.30056667328, 4.5351858139, 4.79824066162, 3.63770627975, 3.25961947441, 3.59062457085, 4.75712394714, 5.2491979599, 4.99381732941, 4.89952325821, 5.19280576706, 5.74310541153, 3.92134165764, 3.5374019146, 1.81853044033, 1.24621701241, 0.502116978168, 0.203231692314, 0.0512456186116, 0.00678642233834, 0.000381291669328], "dmean2": [0.480576306581, 2.29789471626, 9.00328540802, 21.5052185059, 18.061504364, 4.27791118622, 2.6060128212, 4.91236257553, 5.41770124435, 13.7572336197, 26.7097549438, 21.0194950104, 21.3347892761, 13.8484840393, 22.1042480469, 23.7807655334, 11.2565221786, 7.42546415329, 7.84340524673, 9.26199626923, 7.82184457779, 8.37391757965, 6.25968885422, 5.6183423996, 6.21378231049, 8.32117176056, 9.38625812531, 8.73729419708, 8.38956356049, 8.96437740326, 9.62931728363, 6.46035146713, 6.00375699997, 2.95206236839, 2.05470514297, 0.80489474535, 0.33099514246, 0.0837625339627, 0.0106568941846, 0.000590430863667], "dvar": [1.1697332859, 17.3779029846, 354.249206543, 2371.33544922, 1701.37963867, 39.8121452332, 16.2552394867, 115.192565918, 99.6669464111, 771.225891113, 2002.64562988, 1487.87683105, 2645.85229492, 1173.29797363, 2352.98046875, 2791.21777344, 773.036621094, 148.413162231, 210.147583008, 239.316452026, 151.303451538, 176.373382568, 89.7812194824, 57.5180549622, 76.8948440552, 154.238327026, 244.319595337, 180.769851685, 141.150390625, 201.747207642, 184.098464966, 79.4574508667, 105.716362, 19.7527179718, 9.16418075562, 1.40038526058, 0.241862386465, 0.0138918282464, 0.000293077056995, 1.07839753127e-06], "dvar2": [1.0765017271, 18.038438797, 839.279907227, 6347.76464844, 4793.56835938, 98.821144104, 35.8803672791, 214.666931152, 175.598022461, 1093.37402344, 3650.734375, 2443.48901367, 4673.88623047, 2279.69116211, 5299.91113281, 6968.79443359, 1406.55224609, 353.532897949, 579.149963379, 678.414611816, 420.696655273, 495.450500488, 243.196975708, 158.144699097, 212.983886719, 435.555541992, 699.486083984, 510.185119629, 390.22467041, 566.165283203, 480.986663818, 206.491928101, 292.411743164, 52.0531578064, 24.1589584351, 3.45406675339, 0.610881328583, 0.0352915786207, 0.000663600629196, 2.51489700531e-06], "max": [11.7455234528, 47.4236068726, 167.531661987, 399.583190918, 341.488616943, 105.47253418, 95.4164047241, 240.764602661, 216.160629272, 1058.95178223, 848.22845459, 941.860595703, 1800.54785156, 1021.40673828, 1897.57739258, 1948.9354248, 1142.08911133, 331.684295654, 262.23638916, 159.535308838, 161.661239624, 116.216247559, 157.402023315, 92.7072143555, 112.796966553, 114.565200806, 153.392776489, 154.830169678, 159.989608765, 149.540817261, 141.045028687, 88.4783859253, 107.851776123, 56.7447013855, 40.445640564, 22.140914917, 11.5996494293, 4.15903949738, 0.829988956451, 0.0295069757849], "mean": [0.964164018631, 4.35172653198, 6.1768116951, 9.50519180298, 6.35689258575, 3.50776100159, 3.21840500832, 7.57761716843, 10.7046937943, 27.1769504547, 41.2023239136, 37.5865936279, 31.818365097, 23.1721878052, 28.8720340729, 29.4865131378, 15.0271701813, 7.45793390274, 5.9400062561, 6.99543905258, 6.21971082687, 6.15085744858, 5.50423669815, 5.25976419449, 5.94697141647, 6.91923141479, 6.69822788239, 7.09862995148, 7.23954868317, 6.67046642303, 6.87065076828, 5.22194194794, 3.93859791756, 2.30321741104, 1.49671089649, 0.65654873848, 0.252678275108, 0.0691875889897, 0.008464993909, 0.000440363830421], "median": [0.0869742035866, 0.665703654289, 1.15245592594, 0.160707384348, 0.256845623255, 0.429393768311, 1.01734876633, 1.56454992294, 2.69909620285, 6.46768665314, 9.68151950836, 8.53778266907, 5.09341335297, 4.01694965363, 3.73331332207, 4.32449436188, 2.42641115189, 2.1377286911, 1.6973233223, 1.98850536346, 1.73892521858, 1.8396872282, 1.76722216606, 1.84677243233, 1.72410356998, 1.66398763657, 1.3922150135, 1.21256065369, 1.06713604927, 0.551140904427, 0.494476258755, 0.289929062128, 0.162034466863, 0.0943582504988, 0.0464917123318, 0.0207625348121, 0.00609570648521, 0.00109840149526, 0.000129752297653, 4.77010980831e-05], "min": [2.25406742164e-22, 8.33137231829e-22, 5.67857067137e-21, 1.48491343818e-20, 2.71622040914e-20, 5.58019143156e-20, 5.3927884939e-20, 1.07492482493e-19, 1.89044723148e-19, 3.94382060929e-19, 2.29527213745e-19, 8.14109297718e-19, 9.59289938377e-19, 8.24335318041e-19, 8.3189574884e-19, 2.17776575476e-18, 2.40883493656e-18, 2.37439651253e-18, 2.70429413199e-18, 1.74218071599e-18, 5.68648248591e-18, 5.74719423415e-18, 6.73686165674e-18, 9.19593726896e-18, 8.28493265467e-18, 1.07942073767e-17, 1.15354480595e-17, 1.2706081507e-17, 1.07074270315e-17, 1.31713375144e-17, 1.21625171383e-17, 1.258476968e-17, 1.16278027749e-17, 9.64838273015e-18, 7.70742492949e-18, 4.60328202914e-18, 2.40272579415e-18, 1.14011637657e-18, 2.39177697307e-19, 2.63894461471e-20], "var": [4.75665664673, 73.7938156128, 338.006256104, 1617.02258301, 1007.83288574, 55.6659202576, 37.8653411865, 303.01461792, 393.459960938, 3063.38330078, 6959.49755859, 7108.31152344, 8006.43212891, 6847.31933594, 7573.42089844, 9986.52050781, 3606.89892578, 355.545013428, 213.51335144, 227.889358521, 171.852096558, 160.852706909, 113.539016724, 78.5651779175, 107.724777222, 168.102981567, 212.913406372, 207.774398804, 201.628265381, 231.483917236, 233.268356323, 124.671516418, 100.272209167, 33.0557365417, 14.9835290909, 3.54605221748, 0.567815363407, 0.0644740313292, 0.00107434694655, 1.47127866512e-06]}, "gfcc": {"mean": [-67.9091644287, 68.1397857666, -111.226989746, 6.09521198273, -73.3964996338, 8.20749759674, -22.6983585358, 12.5543708801, -11.3865070343, 5.34874868393, -9.3462562561, -0.597629010677, -9.69669055939], "cov": [[19276.0546875, -2270.09838867, 2697.40087891, 2931.44458008, 1652.41235352, 2065.67773438, 787.693115234, 1124.52270508, 261.454498291, 578.536743164, -355.182556152, 149.782608032, -544.411560059], [-2270.09838867, 2644.6862793, -443.138885498, -130.484207153, 225.654281616, -390.509277344, 142.183349609, -141.212280273, 230.813323975, -215.094696045, 124.021888733, -167.360916138, 190.405563354], [2697.40087891, -443.138885498, 3669.26660156, 1167.33288574, 1223.54418945, 1209.48901367, 367.137908936, 614.128234863, 71.2080154419, 239.870742798, -259.974151611, 18.4675788879, -316.502807617], [2931.44458008, -130.484207153, 1167.33288574, 1457.18664551, 827.292358398, 646.641967773, 496.706329346, 421.345611572, 298.620452881, 188.168563843, -35.5549278259, -22.0330200195, -123.433349609], [1652.41235352, 225.654281616, 1223.54418945, 827.292358398, 1272.17675781, 635.587768555, 520.877746582, 523.356933594, 328.88671875, 233.727355957, -18.875087738, 28.7869472504, -102.368675232], [2065.67773438, -390.509277344, 1209.48901367, 646.641967773, 635.587768555, 900.665161133, 384.711181641, 377.073669434, 127.257919312, 165.84223938, -35.9165534973, 64.2271652222, -108.807807922], [787.693115234, 142.183349609, 367.137908936, 496.706329346, 520.877746582, 384.711181641, 592.206726074, 315.528106689, 266.943847656, 125.558876038, 66.9209442139, 48.4599761963, 26.0909080505], [1124.52270508, -141.212280273, 614.128234863, 421.345611572, 523.356933594, 377.073669434, 315.528106689, 453.258666992, 250.521148682, 194.323806763, 4.28255224228, 41.2262954712, -41.6426086426], [261.454498291, 230.813323975, 71.2080154419, 298.620452881, 328.88671875, 127.257919312, 266.943847656, 250.521148682, 408.8878479, 170.031845093, 106.783912659, 12.4978342056, 35.4264945984], [578.536743164, -215.094696045, 239.870742798, 188.168563843, 233.727355957, 165.84223938, 125.558876038, 194.323806763, 170.031845093, 242.32434082, 81.0294876099, 56.3923377991, -47.2883033752], [-355.182556152, 124.021888733, -259.974151611, -35.5549278259, -18.875087738, -35.9165534973, 66.9209442139, 4.28255224228, 106.783912659, 81.0294876099, 212.039749146, 72.9573440552, 44.7682304382], [149.782608032, -167.360916138, 18.4675788879, -22.0330200195, 28.7869472504, 64.2271652222, 48.4599761963, 41.2262954712, 12.4978342056, 56.3923377991, 72.9573440552, 139.370574951, 41.6158256531], [-544.411560059, 190.405563354, -316.502807617, -123.433349609, -102.368675232, -108.807807922, 26.0909080505, -41.6426086426, 35.4264945984, -47.2883033752, 44.7682304382, 41.6158256531, 158.27835083]], "icov": [[9.90497355815e-05, 1.13513988254e-05, 6.84055194142e-05, -0.000190854989341, 2.08364253922e-05, -0.000143439057865, 8.30192002468e-05, -9.25745334825e-05, 5.60728294658e-05, -6.43402891001e-05, 0.000196536930162, -0.000200549868168, 0.000157179863891], [1.13513988254e-05, 0.000800454814453, -0.000132884946652, 0.000168328668224, -0.000564950983971, 0.000362204213161, -0.000164703116752, 0.000394601811422, -0.000497503322549, 0.000990520347841, -0.000930553826038, 0.00122189056128, -0.000694544462021], [6.84055194142e-05, -0.000132884946652, 0.000768575351685, -0.000329827249516, -0.00021288296557, -0.00074840511661, 0.000434793881141, -0.000353235373041, 0.000335140328389, -0.000253672536928, 0.000796978536528, -0.000578825303819, 0.000634003721643], [-0.000190854989341, 0.000168328668224, -0.000329827249516, 0.00183148297947, -0.000454943510704, 3.55233169103e-05, -0.000763451796956, 0.000450356019428, -0.000747228797991, 0.000384575832868, -0.000471029517939, 0.00110562122427, 8.97348127182e-06], [2.08364253922e-05, -0.000564950983971, -0.00021288296557, -0.000454943510704, 0.00256106606685, -0.000336998404237, -0.000622939725872, -0.00120770605281, -0.000127127408632, -0.000711129861884, 0.000890991475899, -0.00101350434124, 0.00101094890852], [-0.000143439057865, 0.000362204213161, -0.00074840511661, 3.55233169103e-05, -0.000336998404237, 0.00342303025536, -0.00130902428646, -0.00043365068268, 0.00029978947714, 0.00046887510689, -0.000712281966116, -0.000117340037832, 0.000144233927131], [8.30192002468e-05, -0.000164703116752, 0.000434793881141, -0.000763451796956, -0.000622939725872, -0.00130902428646, 0.00441686110571, -0.00138936250005, -0.000644859275781, 0.000702577119227, -0.000567562645301, -0.000490446458571, -0.000994925620034], [-9.25745334825e-05, 0.000394601811422, -0.000353235373041, 0.000450356019428, -0.00120770605281, -0.00043365068268, -0.00138936250005, 0.00769104389474, -0.00263596954755, -0.00214536418207, 0.00170305685606, -0.000311245385092, -0.000425785518019], [5.60728294658e-05, -0.000497503322549, 0.000335140328389, -0.000747228797991, -0.000127127408632, 0.00029978947714, -0.000644859275781, -0.00263596954755, 0.00727768661454, -0.00356408860534, -0.00166673434433, 0.00246704462916, -0.00245553534478], [-6.43402891001e-05, 0.000990520347841, -0.000253672536928, 0.000384575832868, -0.000711129861884, 0.00046887510689, 0.000702577119227, -0.00214536418207, -0.00356408860534, 0.0117052271962, -0.00390350213274, -0.00171804719139, 0.00341258267872], [0.000196536930162, -0.000930553826038, 0.000796978536528, -0.000471029517939, 0.000890991475899, -0.000712281966116, -0.000567562645301, 0.00170305685606, -0.00166673434433, -0.00390350213274, 0.0106726139784, -0.00594752468169, 0.0014019239461], [-0.000200549868168, 0.00122189056128, -0.000578825303819, 0.00110562122427, -0.00101350434124, -0.000117340037832, -0.000490446458571, -0.000311245385092, 0.00246704462916, -0.00171804719139, -0.00594752468169, 0.0151838539168, -0.00656767003238], [0.000157179863891, -0.000694544462021, 0.000634003721643, 8.97348127182e-06, 0.00101094890852, 0.000144233927131, -0.000994925620034, -0.000425785518019, -0.00245553534478, 0.00341258267872, 0.0014019239461, -0.00656767003238, 0.0126733807847]]}, "melbands": {"dmean": [0.0031582149677, 0.00245349504985, 0.00201953668147, 0.000388344342355, 6.79434597259e-05, 7.87802200648e-05, 7.12059918442e-05, 0.000129099207697, 0.000171357867657, 9.81198900263e-05, 7.39686947782e-05, 3.42116800311e-05, 4.57712449133e-05, 3.96762225137e-05, 2.75606616924e-05, 1.57887989189e-05, 8.06075513538e-06, 6.48261448077e-06, 9.13098847377e-06, 7.39197412258e-06, 5.30814713784e-06, 5.74132855036e-06, 3.85012253901e-06, 3.26094527736e-06, 2.71298654297e-06, 2.06273716685e-06, 3.73833654521e-06, 3.2869243114e-06, 3.19843729812e-06, 3.93586151404e-06, 2.64629534286e-06, 2.64045047516e-06, 3.21878292198e-06, 2.74021454061e-06, 3.5411007957e-06, 2.91773540084e-06, 2.29826946452e-06, 2.63583069682e-06, 2.10604389395e-06, 1.40610995913e-06], "dmean2": [0.00359264598228, 0.00335157429799, 0.00349650392309, 0.00070576305734, 0.000104139820905, 0.000105419225292, 9.23514235183e-05, 0.000162913260283, 0.000230247329455, 0.00013072603906, 0.000102872414573, 4.93170082336e-05, 7.09694431862e-05, 6.23047744739e-05, 4.35843830928e-05, 2.40538520302e-05, 1.34542451633e-05, 1.12064099085e-05, 1.57593003678e-05, 1.25635424411e-05, 9.15261989576e-06, 9.9179078461e-06, 6.75184401189e-06, 5.67938741369e-06, 4.66180699732e-06, 3.51373910235e-06, 6.52979451843e-06, 5.796536243e-06, 5.70805195821e-06, 7.14059024176e-06, 4.53463280792e-06, 4.50847937827e-06, 5.56596478418e-06, 4.7424055083e-06, 5.92551441514e-06, 4.96095572089e-06, 3.76943671654e-06, 4.56219413536e-06, 3.5073737763e-06, 2.27112013818e-06], "dvar": [5.30283978151e-05, 4.29928877566e-05, 6.24085005256e-05, 2.14421697819e-06, 2.92269302093e-08, 4.86341562578e-08, 2.98093212336e-08, 1.12918108641e-07, 1.73612107801e-07, 5.9944632369e-08, 6.44807087724e-08, 1.64345301812e-08, 2.08321146999e-08, 1.59911479614e-08, 7.53535012166e-09, 7.4117254556e-09, 4.40971509308e-10, 4.633136097e-10, 7.56961104909e-10, 4.7523091018e-10, 1.94900651174e-10, 2.2769695851e-10, 1.19263959819e-10, 7.19995382759e-11, 3.65085774112e-11, 1.9296378731e-11, 1.05172343057e-10, 7.14266007451e-11, 8.34454103038e-11, 1.55150253756e-10, 3.93939637855e-11, 3.76292226545e-11, 7.54706783179e-11, 5.17204716555e-11, 6.73055292055e-11, 5.06313879711e-11, 2.64985637599e-11, 6.85553350199e-11, 2.97464761156e-11, 1.07307990618e-11], "dvar2": [4.74836560898e-05, 9.18052901397e-05, 0.000163324250025, 6.0626693994e-06, 6.1027428444e-08, 9.0642657824e-08, 4.97249139642e-08, 1.61369186458e-07, 3.013086598e-07, 9.81717747095e-08, 1.1386479315e-07, 3.19113588887e-08, 4.49153603199e-08, 3.8941671221e-08, 1.76938712571e-08, 1.28518475861e-08, 1.17821363776e-09, 1.25851606914e-09, 2.11048978294e-09, 1.22465637631e-09, 5.2760779079e-10, 6.23860130222e-10, 3.33651994922e-10, 2.01367672537e-10, 9.92879528594e-11, 5.09559963668e-11, 2.97693203422e-10, 2.02527689064e-10, 2.38772640548e-10, 4.45914583036e-10, 1.094448282e-10, 1.03924639727e-10, 2.11461514965e-10, 1.44805500923e-10, 1.74783978957e-10, 1.34486768943e-10, 6.88015824868e-11, 1.93064439435e-10, 8.07365493904e-11, 2.77080892952e-11], "max": [0.0781494006515, 0.0680916309357, 0.0651758536696, 0.0130287539214, 0.00451024156064, 0.00471661984921, 0.0046237022616, 0.0132097564638, 0.00917335040867, 0.00634811026976, 0.00889298599213, 0.00381543184631, 0.00564974779263, 0.00453149620444, 0.00260612764396, 0.00375854317099, 0.000707138970029, 0.000458321039332, 0.000405045517255, 0.000500298512634, 0.000212888073293, 0.000142013159348, 0.000128005660372, 9.06132190721e-05, 8.13020014903e-05, 9.25294007175e-05, 0.000103438462247, 8.92183452379e-05, 8.92965472303e-05, 0.000114637063234, 8.91500167199e-05, 0.000104357437522, 7.84588628449e-05, 7.7528609836e-05, 8.87914939085e-05, 6.59392972011e-05, 5.17737717018e-05, 9.22689723666e-05, 6.04984707024e-05, 5.40104483662e-05], "mean": [0.00752939702943, 0.00409907149151, 0.00159351737238, 0.000307844631607, 0.000127863037051, 0.000165354562341, 0.000184647549759, 0.000310303847073, 0.000348999514244, 0.00023044963018, 0.00014677393483, 7.9006269516e-05, 9.52586269705e-05, 7.58627793402e-05, 5.29879653186e-05, 3.1377934647e-05, 1.11911786007e-05, 7.76287106419e-06, 1.15501779874e-05, 9.96245580609e-06, 6.8776516855e-06, 7.21815467841e-06, 4.97025575896e-06, 4.67927793579e-06, 4.13163024859e-06, 3.67785082744e-06, 5.07518006998e-06, 4.49325170848e-06, 4.03780495617e-06, 4.40140320279e-06, 4.01458055421e-06, 3.92714082409e-06, 4.11726341554e-06, 3.44364684679e-06, 4.12322242482e-06, 3.49592187376e-06, 3.06726974486e-06, 2.78362654171e-06, 2.40128133555e-06, 1.79261348876e-06], "median": [0.000903463223949, 0.000931466638576, 2.21372538363e-05, 1.96168257389e-05, 4.07186416851e-05, 3.45438384102e-05, 4.34634421254e-05, 6.98865042068e-05, 7.01359313098e-05, 4.77473477076e-05, 1.64136217791e-05, 9.75327475317e-06, 1.19081341836e-05, 1.10343426059e-05, 6.21968911219e-06, 2.85742953565e-06, 2.44954208029e-06, 1.91282242668e-06, 2.48047672358e-06, 1.71009901351e-06, 1.76777507477e-06, 1.86862939699e-06, 1.24123880596e-06, 1.52575421453e-06, 1.22574920169e-06, 9.81467564998e-07, 1.15422585623e-06, 1.04364198705e-06, 8.45906015456e-07, 7.4486183621e-07, 6.24307631369e-07, 6.09300286669e-07, 4.25057180564e-07, 2.45550722866e-07, 2.90716286599e-07, 2.04973133577e-07, 1.51239731849e-07, 1.10836978706e-07, 9.39745063988e-08, 6.89348382821e-08], "min": [2.40008129957e-24, 1.76901111363e-24, 2.65813919813e-24, 3.05184567364e-24, 2.35603939245e-24, 2.48610520078e-24, 3.02065273295e-24, 4.52205875891e-24, 1.43694514456e-24, 4.63948188794e-24, 5.1129644863e-24, 2.86633812925e-24, 2.28055447572e-24, 4.3502570811e-24, 4.48783797284e-24, 5.06617004626e-24, 3.63397098473e-24, 3.59613682128e-24, 3.0619659702e-24, 2.27174368827e-24, 6.29852066379e-24, 5.26525526734e-24, 8.0333673949e-24, 4.70210521647e-24, 7.78807740731e-24, 6.21036979636e-24, 3.84902551154e-24, 8.0267228195e-24, 6.12337816004e-24, 6.4630924314e-24, 6.17955767827e-24, 3.91878527025e-24, 5.74792730638e-24, 7.71924298244e-24, 7.34861404106e-24, 6.58742795412e-24, 7.54172166864e-24, 7.78778000675e-24, 6.73867704434e-24, 7.37177420838e-24], "var": [0.000247443240369, 7.49143073335e-05, 4.45982586825e-05, 1.29371471758e-06, 6.89833257184e-08, 1.32972814981e-07, 1.30355417127e-07, 4.35121506825e-07, 6.25878897154e-07, 2.91657158868e-07, 1.93087743128e-07, 9.41003861499e-08, 7.35294634069e-08, 5.33767625654e-08, 3.27636762165e-08, 3.21709556772e-08, 6.61448285033e-10, 4.62340887797e-10, 8.12661493654e-10, 8.27666712944e-10, 2.29974733701e-10, 2.38597475111e-10, 1.15409216905e-10, 7.5118154752e-11, 5.31110155855e-11, 4.36836851414e-11, 9.91913010062e-11, 7.73828640055e-11, 7.68127922379e-11, 1.17237844433e-10, 6.42742109536e-11, 5.97530289137e-11, 8.19438683575e-11, 6.58903417938e-11, 8.51898759868e-11, 6.4631994201e-11, 4.33043427506e-11, 5.78488680569e-11, 3.5933873932e-11, 2.16510871731e-11]}, "mfcc": {"mean": [-713.643127441, 106.048431396, 8.23648929596, 4.63787651062, -18.7983226776, -5.14135360718, -4.39311313629, 4.33275651932, 3.30230093002, 5.6930513382, 4.02024507523, 8.18385791779, 5.05375909805], "cov": [[11301.8574219, -1608.76269531, 1186.07775879, 1410.07470703, 1110.94665527, 1192.6607666, 800.991210938, 887.716003418, 720.342468262, 653.972900391, 502.657867432, 449.629150391, 314.905426025], [-1608.76269531, 2323.99902344, -246.707473755, 26.1233520508, 58.0407981873, -143.591812134, -43.306427002, -14.7881345749, 51.4998435974, -1.8377866745, -39.8923797607, -60.4786491394, -52.9254570007], [1186.07775879, -246.707473755, 2193.87866211, 428.456054688, 888.403137207, 658.719848633, 555.089294434, 406.449798584, 320.666107178, 252.341079712, 196.464508057, 85.0074386597, 30.081079483], [1410.07470703, 26.1233520508, 428.456054688, 973.596862793, 535.437438965, 418.628723145, 344.502746582, 355.996856689, 361.321075439, 315.209564209, 254.349319458, 145.7472229, 96.7248077393], [1110.94665527, 58.0407981873, 888.403137207, 535.437438965, 967.193664551, 498.32409668, 442.312316895, 376.206237793, 375.695587158, 294.900970459, 262.686859131, 160.526016235, 89.9412612915], [1192.6607666, -143.591812134, 658.719848633, 418.628723145, 498.32409668, 592.439819336, 415.47265625, 363.886627197, 298.334289551, 223.671966553, 188.938186646, 141.598175049, 103.214286804], [800.991210938, -43.306427002, 555.089294434, 344.502746582, 442.312316895, 415.47265625, 506.341339111, 358.311523438, 278.348052979, 192.555221558, 163.840332031, 117.562141418, 91.5040054321], [887.716003418, -14.7881345749, 406.449798584, 355.996856689, 376.206237793, 363.886627197, 358.311523438, 415.860992432, 324.988342285, 226.024078369, 162.441543579, 122.12953186, 114.290931702], [720.342468262, 51.4998435974, 320.666107178, 361.321075439, 375.695587158, 298.334289551, 278.348052979, 324.988342285, 408.588043213, 283.539520264, 182.294616699, 89.0826416016, 82.0007171631], [653.972900391, -1.8377866745, 252.341079712, 315.209564209, 294.900970459, 223.671966553, 192.555221558, 226.024078369, 283.539520264, 304.406463623, 211.24760437, 112.158309937, 59.9411849976], [502.657867432, -39.8923797607, 196.464508057, 254.349319458, 262.686859131, 188.938186646, 163.840332031, 162.441543579, 182.294616699, 211.24760437, 271.014099121, 187.430053711, 105.166183472], [449.629150391, -60.4786491394, 85.0074386597, 145.7472229, 160.526016235, 141.598175049, 117.562141418, 122.12953186, 89.0826416016, 112.158309937, 187.430053711, 239.183502197, 162.780456543], [314.905426025, -52.9254570007, 30.081079483, 96.7248077393, 89.9412612915, 103.214286804, 91.5040054321, 114.290931702, 82.0007171631, 59.9411849976, 105.166183472, 162.780456543, 206.360534668]], "icov": [[0.000138402305311, 8.93860487849e-05, 1.48466542669e-05, -0.000114934897283, -3.35648037435e-05, -0.000148631690536, 8.11870631878e-05, -0.000121709257655, 5.53659156139e-05, -0.000130796135636, 0.000177145644557, -0.000165349250892, 3.99525924877e-05], [8.93860487849e-05, 0.000523722497746, 8.14421873656e-05, -0.000103499522083, -0.000186697288882, 0.000160470590345, 1.62700453075e-05, -0.000103693520941, -0.000181560768397, 2.43213107751e-05, 0.000211343678529, -0.000140493240906, 0.000154080829816], [1.48466542669e-05, 8.14421873656e-05, 0.000892210227903, 0.000153077577124, -0.000657184747979, -0.000575996178668, -0.000274667487247, -6.36622644379e-05, 0.000441127776867, -0.000225553376367, -7.99870758783e-06, 0.000414995796746, 9.4947477919e-05], [-0.000114934897283, -0.000103499522083, 0.000153077577124, 0.00201237783767, -0.00044661044376, -0.000444430450443, -5.23856488144e-06, -0.000321116589475, -4.73357758892e-05, -0.000624507840257, -0.000696994247846, 0.000575893674977, -0.000118453353934], [-3.35648037435e-05, -0.000186697288882, -0.000657184747979, -0.00044661044376, 0.00285227037966, -0.000468555575935, -0.000577922910452, 0.000412398629123, -0.00116009183694, 0.000458933995105, -0.000815502426121, -0.000505405361764, 0.000469480350148], [-0.000148631690536, 0.000160470590345, -0.000575996178668, -0.000444430450443, -0.000468555575935, 0.00586240598932, -0.00196517724544, -0.00146696309093, -0.000325866829371, 0.000227561802603, 0.000137702038046, -0.000874395889696, 0.000199100468308], [8.11870631878e-05, 1.62700453075e-05, -0.000274667487247, -5.23856488144e-06, -0.000577922910452, -0.00196517724544, 0.00682561984286, -0.00400644307956, 6.36466138531e-05, 0.00118063774426, -0.000881260726601, 3.1262759876e-05, 0.0004061232612], [-0.000121709257655, -0.000103693520941, -6.36622644379e-05, -0.000321116589475, 0.000412398629123, -0.00146696309093, -0.00400644307956, 0.011953163892, -0.00540915178135, -0.000668860739097, 0.00220734323375, -0.00140391429886, -0.00164450204466], [5.53659156139e-05, -0.000181560768397, 0.000441127776867, -4.73357758892e-05, -0.00116009183694, -0.000325866829371, 6.36466138531e-05, -0.00540915178135, 0.0128889866173, -0.00798037368804, -0.000342447281582, 0.00446239439771, -0.00268606445752], [-0.000130796135636, 2.43213107751e-05, -0.000225553376367, -0.000624507840257, 0.000458933995105, 0.000227561802603, 0.00118063774426, -0.000668860739097, -0.00798037368804, 0.0160892978311, -0.0081391800195, -1.61969783221e-05, 0.00272290757857], [0.000177145644557, 0.000211343678529, -7.99870758783e-06, -0.000696994247846, -0.000815502426121, 0.000137702038046, -0.000881260726601, 0.00220734323375, -0.000342447281582, -0.0081391800195, 0.0175149030983, -0.0112120043486, 0.00198499811813], [-0.000165349250892, -0.000140493240906, 0.000414995796746, 0.000575893674977, -0.000505405361764, -0.000874395889696, 3.1262759876e-05, -0.00140391429886, 0.00446239439771, -1.61969783221e-05, -0.0112120043486, 0.0195894166827, -0.0101998727769], [3.99525924877e-05, 0.000154080829816, 9.4947477919e-05, -0.000118453353934, 0.000469480350148, 0.000199100468308, 0.0004061232612, -0.00164450204466, -0.00268606445752, 0.00272290757857, 0.00198499811813, -0.0101998727769, 0.0126032773405]]}, "spectral_contrast_coeffs": {"dmean": [0.0593321546912, 0.0454257391393, 0.039850037545, 0.0322262905538, 0.0230885818601, 0.0200573094189], "dmean2": [0.0911383703351, 0.0709224864841, 0.0619622059166, 0.0503266006708, 0.0367414578795, 0.0310397855937], "dvar": [0.00318295205943, 0.00192957173567, 0.00126733793877, 0.000869271345437, 0.000490804086439, 0.000549551157746], "dvar2": [0.00692246202379, 0.00444575725123, 0.002846729476, 0.00187367969193, 0.00110972020775, 0.00118219968863], "max": [-0.28731277585, -0.365737855434, -0.401961803436, -0.414227515459, -0.576194226742, -0.507890105247], "mean": [-0.589846849442, -0.670912802219, -0.686294734478, -0.743839800358, -0.785166859627, -0.77241641283], "median": [-0.594526946545, -0.670629739761, -0.688288927078, -0.747514843941, -0.790363132954, -0.779716014862], "min": [-0.97588133812, -0.983529388905, -0.972533345222, -0.967093169689, -0.966240465641, -0.965146958828], "var": [0.0144420014694, 0.00836246367544, 0.00868333503604, 0.0052977562882, 0.00291544827633, 0.00411465996876]}, "spectral_contrast_valleys": {"dmean": [0.564439833164, 0.408035099506, 0.406011879444, 0.38487970829, 0.347302943468, 0.48763859272], "dmean2": [0.903529584408, 0.653918087482, 0.643178105354, 0.604897975922, 0.51766961813, 0.627860248089], "dvar": [0.295647710562, 0.177899256349, 0.186439305544, 0.243327751756, 0.240854173899, 0.525017082691], "dvar2": [0.68220615387, 0.41313329339, 0.424882918596, 0.545356333256, 0.516137242317, 1.0294611454], "max": [-5.67687273026, -4.71772003174, -5.61827278137, -5.66383743286, -5.60493183136, -7.47659111023],