{"lowlevel": {"average_loudness": 0.949528574944, "barkbands_crest": {"dmean": 2.22512555122, "dmean2": 3.49153780937, "dvar": 8.04062461853, "dvar2": 16.5927124023, "max": 26.7347011566, "mean": 17.463224411, "median": 18.9701957703, "min": 3.60133337975, "var": 37.4732933044}, "barkbands_flatness_db": {"dmean": 0.0387045294046, "dmean2": 0.0496784858406, "dvar": 0.00224003940821, "dvar2": 0.00342964450829, "max": 0.796893537045, "mean": 0.381179541349, "median": 0.371026605368, "min": 0.0563905239105, "var": 0.0226324275136}, "barkbands_kurtosis": {"dmean": 29.9903392792, "dmean2": 44.1001358032, "dvar": 9575.32910156, "dvar2": 22535.59375, "max": 2153.03808594, "mean": 56.4192199707, "median": 13.3074989319, "min": -1.94975411892, "var": 17232.4296875}, "barkbands_skewness": {"dmean": 1.18167924881, "dmean2": 1.6389169693, "dvar": 3.86176657677, "dvar2": 7.48828268051, "max": 35.1451072693, "mean": 3.85709524155, "median": 2.75765752792, "min": -7.21212673187, "var": 16.8432121277}, "barkbands_spread": {"dmean": 2.21357989311, "dmean2": 3.08200764656, "dvar": 35.6594276428, "dvar2": 59.3457756042, "max": 143.085632324, "mean": 8.70367336273, "median": 3.00126647949, "min": 0.0422731749713, "var": 304.339416504}, "dissonance": {"dmean": 0.0484578795731, "dmean2": 0.0809099078178, "dvar": 0.00223678722978, "dvar2": 0.00600369181484, "max": 0.499910503626, "mean": 0.354257315397, "median": 0.363915264606, "min": 0.0279082003981, "var": 0.00783168524504}, "dynamic_complexity": 6.9975028038, "erbbands_crest": {"dmean": 2.82170844078, "dmean2": 4.28674030304, "dvar": 7.72512340546, "dvar2": 17.4738807678, "max": 32.6560249329, "mean": 13.6571712494, "median": 12.6394443512, "min": 2.6224694252, "var": 32.7596473694}, "erbbands_flatness_db": {"dmean": 0.0238091070205, "dmean2": 0.0329888351262, "dvar": 0.000669772329275, "dvar2": 0.0013583219843, "max": 0.595959484577, "mean": 0.256003141403, "median": 0.258194863796, "min": 0.0229447670281, "var": 0.00775323202834}, "erbbands_kurtosis": {"dmean": 3.36741232872, "dmean2": 4.92873430252, "dvar": 57.932220459, "dvar2": 118.096122742, "max": 236.819442749, "mean": 5.79475069046, "median": 2.17175650597, "min": -1.86207747459, "var": 160.899047852}, "erbbands_skewness": {"dmean": 0.543766617775, "dmean2": 0.75290030241, "dvar": 0.40203461051, "dvar2": 0.780008196831, "max": 13.0533685684, "mean": 0.802284836769, "median": 0.662887513638, "min": -4.65298700333, "var": 2.24284744263}, "erbbands_spread": {"dmean": 4.98419284821, "dmean2": 7.1173377037, "dvar": 59.6756515503, "dvar2": 120.163871765, "max": 177.85710144, "mean": 28.4544887543, "median": 14.3779716492, "min": 0.339025318623, "var": 1159.98168945}, "hfc": {"dmean": 5.81487417221, "dmean2": 6.78494262695, "dvar": 128.576538086, "dvar2": 209.467269897, "max": 146.835601807, "mean": 16.941701889, "median": 7.61913871765, "min": 1.27332213029e-16, "var": 489.134521484}, "melbands_crest": {"dmean": 2.75468969345, "dmean2": 3.73135781288, "dvar": 10.0864696503, "dvar2": 17.1121826172, "max": 37.2845001221, "mean": 24.871799469, "median": 26.4195709229, "min": 1.90996003151, "var": 87.4568328857}, "melbands_flatness_db": {"dmean": 0.0418278686702, "dmean2": 0.0544541478157, "dvar": 0.00280821393244, "dvar2": 0.004356615711, "max": 0.952712714672, "mean": 0.50745433569, "median": 0.505350351334, "min": 0.00473232660443, "var": 0.0320980101824}, "melbands_kurtosis": {"dmean": 32.8910636902, "dmean2": 38.5144615173, "dvar": 8121.47460938, "dvar2": 9243.49121094, "max": 2511.76977539, "mean": 91.2440261841, "median": 20.4391613007, "min": -1.90912926197, "var": 57570.6679688}, "melbands_skewness": {"dmean": 1.13086736202, "dmean2": 1.41148722172, "dvar": 2.13596987724, "dvar2": 2.79244709015, "max": 36.6737251282, "mean": 4.99794816971, "median": 3.58318996429, "min": -4.9421377182, "var": 27.1105384827}, "melbands_spread": {"dmean": 2.413667202, "dmean2": 3.49589133263, "dvar": 59.8736877441, "dvar2": 111.344009399, "max": 198.778533936, "mean": 7.58267736435, "median": 2.87493753433, "min": 0.0965776741505, "var": 263.432067871}, "pitch_salience": {"dmean": 0.0657669752836, "dmean2": 0.0963733121753, "dvar": 0.00648251967505, "dvar2": 0.011616686359, "max": 0.944132566452, "mean": 0.327773422003, "median": 0.330951958895, "min": 0.0125671634451, "var": 0.0400974601507}, "silence_rate_20dB": {"dmean": 0.066234305501, "dmean2": 0.132486894727, "dvar": 0.0618525892496, "dvar2": 0.11494281888, "max": 1, "mean": 0.797599315643, "median": 1, "min": 0, "var": 0.161439776421}, "silence_rate_30dB": {"dmean": 0.0678901597857, "dmean2": 0.135799065232, "dvar": 0.0632805675268, "dvar2": 0.119560278952, "max": 1, "mean": 0.636865317822, "median": 1, "min": 0, "var": 0.231266602874}, "silence_rate_60dB": {"dmean": 0.0204222444445, "dmean2": 0.0408501252532, "dvar": 0.0200054515153, "dvar2": 0.0466324053705, "max": 1, "mean": 0.0834713056684, "median": 0, "min": 0, "var": 0.076503239572}, "spectral_centroid": {"dmean": 88.4137573242, "dmean2": 122.091171265, "dvar": 49540.8671875, "dvar2": 76753.9375, "max": 11121.3251953, "mean": 538.809692383, "median": 352.435180664, "min": 54.2811508179, "var": 402185.6875}, "spectral_complexity": {"dmean": 0.979991734028, "dmean2": 1.65967428684, "dvar": 0.917130589485, "dvar2": 2.14736533165, "max": 16, "mean": 6.25993394852, "median": 6, "min": 0, "var": 5.14465236664}, "spectral_decrease": {"dmean": 2.50346321451e-08, "dmean2": 2.58246704021e-08, "dvar": 2.80450703012e-15, "dvar2": 3.94835429813e-15, "max": 1.32345943981e-15, "mean": -5.76300536181e-08, "median": -8.34522673188e-09, "min": -4.75158088875e-07, "var": 1.01528232029e-14}, "spectral_energy": {"dmean": 0.0949622318149, "dmean2": 0.098005771637, "dvar": 0.0403278693557, "dvar2": 0.0567932091653, "max": 1.80231130123, "mean": 0.219045117497, "median": 0.0320604369044, "min": 1.11649777545e-20, "var": 0.146014809608}, "spectral_energyband_high": {"dmean": 5.59559593967e-05, "dmean2": 8.52115772432e-05, "dvar": 5.64879840681e-08, "dvar2": 1.04236235643e-07, "max": 0.0064851292409, "mean": 0.000293511868222, "median": 3.27596148963e-06, "min": 7.92096764691e-21, "var": 6.06364494615e-07}, "spectral_energyband_low": {"dmean": 0.0939475521445, "dmean2": 0.0968675091863, "dvar": 0.0405607484281, "dvar2": 0.0576680488884, "max": 1.78305733204, "mean": 0.208917096257, "median": 0.0179571956396, "min": 2.76403766098e-23, "var": 0.143738254905}, "spectral_energyband_middle_high": {"dmean": 0.000129709762405, "dmean2": 0.000189795711776, "dvar": 7.35021004061e-08, "dvar2": 1.62540914062e-07, "max": 0.00556444562972, "mean": 0.000331693358021, "median": 0.000134523434099, "min": 1.57729287206e-21, "var": 2.64904713276e-07}, "spectral_energyband_middle_low": {"dmean": 0.00321874348447, "dmean2": 0.00479990476742, "dvar": 6.14722157479e-05, "dvar2": 0.0001214900185, "max": 0.215937778354, "mean": 0.0100150573999, "median": 0.00349361030385, "min": 3.55602264472e-22, "var": 0.000302240019664}, "spectral_entropy": {"dmean": 0.216477110982, "dmean2": 0.31658372283, "dvar": 0.0750204250216, "dvar2": 0.158376514912, "max": 9.80417156219, "mean": 6.07166719437, "median": 5.78401136398, "min": 3.44900774956, "var": 1.2223700285}, "spectral_flux": {"dmean": 0.0730677545071, "dmean2": 0.10868794471, "dvar": 0.0233735702932, "dvar2": 0.0462406389415, "max": 1.05130290985, "mean": 0.116755612195, "median": 0.0552480369806, "min": 1.05664456351e-10, "var": 0.0319756194949}, "spectral_kurtosis": {"dmean": 16.2865276337, "dmean2": 24.283082962, "dvar": 743.3046875, "dvar2": 1722.00219727, "max": 491.109832764, "mean": 47.015083313, "median": 24.0274467468, "min": -1.2266702652, "var": 3679.49414062}, "spectral_rms": {"dmean": 0.00247270707041, "dmean2": 0.00256095756777, "dvar": 1.93101495825e-05, "dvar2": 2.39124474319e-05, "max": 0.0419327132404, "mean": 0.0103043755516, "median": 0.00559271546081, "min": 3.30040335339e-12, "var": 0.000107522500912}, "spectral_rolloff": {"dmean": 175.369430542, "dmean2": 294.975708008, "dvar": 615652.125, "dvar2": 1238203.125, "max": 20327.34375, "mean": 654.475219727, "median": 172.265625, "min": 64.599609375, "var": 2991779}, "spectral_skewness": {"dmean": 0.813032507896, "dmean2": 1.18823623657, "dvar": 1.08978641033, "dvar2": 2.40093803406, "max": 18.344367981, "mean": 4.75838470459, "median": 4.29369306564, "min": -0.0570425726473, "var": 11.0627002716}, "spectral_spread": {"dmean": 562806.1875, "dmean2": 789767, "dvar": 570674446336, "dvar2": 950901866496, "max": 40313160, "mean": 3748967.75, "median": 2725307.5, "min": 236839.09375, "var": 8658612649980.0}, "spectral_strongpeak": {"dmean": 0.304093360901, "dmean2": 0.390669822693, "dvar": 0.216142117977, "dvar2": 0.404731720686, "max": 11.9321203232, "mean": 0.95353603363, "median": 0.618575513363, "min": 0, "var": 1.02223455906}, "zerocrossingrate": {"dmean": 0.00541899865493, "dmean2": 0.00599219324067, "dvar": 0.000176521920366, "dvar2": 0.000211589576793, "max": 0.69873046875, "mean": 0.0247478689998, "median": 0.01025390625, "min": 0.001953125, "var": 0.002099173842}, "barkbands": {"dmean": [0.00750920549035, 0.0882001295686, 0.00487666996196, 0.000911259499844, 0.00107989646494, 0.000855828227941, 0.000394949922338, 0.000613799318671, 0.00039246949018, 8.41975124786e-05, 5.01054855704e-05, 1.83664014912e-05, 1.09898910523e-05, 3.73900616069e-06, 4.33855575466e-06, 3.96859422835e-06, 3.11602070724e-06, 3.46216870639e-06, 3.40305609825e-06, 4.4663756853e-06, 6.48003333481e-06, 1.20989989227e-05, 3.099737296e-05, 2.29009910981e-05, 4.32702063335e-06, 1.05078868273e-06, 1.34762217385e-07], "dmean2": [0.00694779632613, 0.09586725384, 0.00927181262523, 0.00157283176668, 0.00164039665833, 0.00132212857716, 0.000556060462259, 0.000811567588244, 0.000509733043145, 0.00011423851538, 7.83052964834e-05, 2.8641332392e-05, 1.7295966245e-05, 6.22352627033e-06, 7.17751163393e-06, 6.65153038426e-06, 5.20029971085e-06, 5.79876177653e-06, 5.585222425e-06, 7.57743782742e-06, 1.04729679151e-05, 1.83941538126e-05, 4.9268699513e-05, 3.68561159121e-05, 6.94789378031e-06, 1.44650869061e-06, 1.91046325426e-07], "dvar": [0.000244425580604, 0.0387704335153, 0.000322576641338, 7.85114480095e-06, 1.17123627206e-05, 7.4298218351e-06, 2.34826575252e-06, 7.62018453315e-06, 1.61659900186e-05, 4.61043896394e-08, 2.97797075888e-08, 6.58884014015e-09, 2.51442622279e-09, 7.1507251509e-11, 1.08760368767e-10, 1.10848816237e-10, 7.44998854274e-11, 1.08943638832e-10, 1.16323783939e-10, 2.58092075489e-10, 5.42625666622e-10, 1.9672776741e-09, 1.32726141189e-08, 8.0455171414e-09, 2.49216480785e-10, 6.1938115227e-12, 5.43848142518e-14], "dvar2": [0.000287446600851, 0.0615870989859, 0.000936891068704, 2.05136784643e-05, 2.5199893571e-05, 1.53509645315e-05, 4.0754443944e-06, 1.07627092802e-05, 2.77003873634e-05, 8.77719088521e-08, 7.24335222912e-08, 1.6044804596e-08, 6.10531358802e-09, 1.89993076827e-10, 2.91268620334e-10, 3.05716507665e-10, 1.97886693143e-10, 3.07835534841e-10, 2.82502965465e-10, 6.43483266671e-10, 1.26673382894e-09, 3.89680288038e-09, 2.80961938159e-08, 1.89615434465e-08, 6.09801598106e-10, 1.18189277809e-11, 1.0249526244e-13], "max": [0.142357811332, 1.63468003273, 0.157830148935, 0.0616903081536, 0.120054058731, 0.0819620490074, 0.0699465274811, 0.106584019959, 0.215331226587, 0.00563194369897, 0.00417359778658, 0.00330054061487, 0.00212798104621, 0.000178077782039, 0.000178346046596, 0.000232333230088, 0.000153218075866, 0.000182024014066, 0.000276974751614, 0.000365909509128, 0.000585312547628, 0.00131855823565, 0.00273776054382, 0.00213210959919, 0.000362961902283, 4.99869056512e-05, 3.9642854972e-06], "mean": [0.0178514104337, 0.187225654721, 0.00338454102166, 0.00145931611769, 0.00261630257592, 0.00219992967322, 0.00105131021701, 0.00165987818036, 0.000926795473788, 0.000188557780348, 8.44612586661e-05, 3.32643467118e-05, 2.03969684662e-05, 6.15790759184e-06, 7.74885575083e-06, 7.39503275327e-06, 6.97349969414e-06, 7.95560663391e-06, 9.09804566618e-06, 1.18924353956e-05, 2.12548457057e-05, 4.50964980701e-05, 0.000118162686704, 8.45834292704e-05, 1.46182119352e-05, 2.82535256702e-06, 2.79744114096e-07], "median": [0.00178831350058, 0.0140938982368, 0.000432178960182, 0.000242159730988, 0.000662056845613, 0.000553211895749, 0.000260029250057, 0.000202307797736, 5.85344896535e-05, 3.17285921483e-05, 1.04002519947e-05, 4.76883269585e-06, 2.98589134218e-06, 1.21495486383e-06, 9.75790499069e-07, 8.52877462876e-07, 4.40466351392e-07, 2.75904994851e-07, 2.25596551218e-07, 1.71529421777e-07, 1.99191873662e-07, 2.55599331922e-07, 3.6886081034e-07, 4.94693267683e-07, 3.90550496832e-07, 1.97905819732e-07, 8.12676219653e-08], "min": [5.31333002863e-24, 2.00956288708e-23, 5.81566758117e-24, 3.60556528682e-24, 1.23647943662e-23, 1.733283761e-23, 7.71236174877e-23, 1.42695042283e-22, 7.34975142072e-23, 1.07115421217e-22, 8.55674962647e-23, 1.44209327055e-22, 1.57160769666e-22, 9.09117449077e-23, 9.70445767768e-23, 1.9105966262e-22, 1.83734779882e-22, 1.72187345599e-22, 2.27527099303e-22, 3.56842681981e-22, 2.52858445334e-22, 4.81859162051e-22, 6.98088283823e-22, 8.362611715e-22, 1.52254617767e-21, 1.81230546618e-21, 2.2595924772e-21], "var": [0.00100262637716, 0.120979361236, 0.000182598087122, 1.81575087481e-05, 4.82006653328e-05, 2.75863312709e-05, 1.03077327367e-05, 4.06708895753e-05, 6.68230932206e-05, 1.97630200205e-07, 6.92684523074e-08, 1.81756778517e-08, 7.09474168303e-09, 1.41859607394e-10, 2.40683639685e-10, 2.57227378286e-10, 2.66324212683e-10, 3.96051469398e-10, 6.0066912555e-10, 1.16249210258e-09, 3.76313336048e-09, 1.62223621203e-08, 1.02907961264e-07, 5.25372918503e-08, 1.35906585985e-09, 3.72069597354e-11, 2.4528317745e-13]}, "erbbands": {"dmean": [4.5325627327, 14.0154829025, 8.31648540497, 3.61053109169, 2.97681117058, 3.90277481079, 4.63540887833, 7.85797452927, 6.24098062515, 13.3185901642, 7.45438623428, 10.8976049423, 2.69293498993, 1.7642288208, 2.41293215752, 0.784320175648, 0.565929234028, 0.217310160398, 0.188102245331, 0.189244166017, 0.20321008563, 0.152148485184, 0.197671279311, 0.174596354365, 0.164452597499, 0.2113057971, 0.222880139947, 0.3121111691, 0.437739312649, 0.683033645153, 0.975741684437, 0.740639686584, 0.214692771435, 0.0701369792223, 0.0210146196187, 0.00633646314964, 0.00163506704848, 0.000245253002504, 5.27823031007e-05, 0.000102383797639], "dmean2": [4.65711307526, 18.1215572357, 14.727478981, 6.48601007462, 4.8413848877, 5.83208465576, 6.91276931763, 12.3656244278, 8.89022159576, 18.0338096619, 9.9406042099, 14.1111898422, 3.64163804054, 2.43352413177, 3.77146553993, 1.25770688057, 0.885974645615, 0.358401536942, 0.30939656496, 0.320154547691, 0.337746798992, 0.24790006876, 0.335599601269, 0.285845398903, 0.269824326038, 0.360250025988, 0.370046496391, 0.49499464035, 0.695546627045, 1.12009632587, 1.54228425026, 1.1947491169, 0.346913009882, 0.115766748786, 0.032144587487, 0.0091301202774, 0.00228521577083, 0.000320290826494, 5.54542748432e-05, 0.000105565406557], "dvar": [98.4045410156, 1187.83886719, 804.16998291, 129.526397705, 82.9892425537, 181.434997559, 275.373565674, 748.956115723, 529.835144043, 3616.74438477, 865.674499512, 12220.390625, 65.9138183594, 35.5450134277, 77.2740783691, 14.9234285355, 6.4361538887, 0.245077088475, 0.17421798408, 0.262086719275, 0.276792705059, 0.176141083241, 0.340038001537, 0.332726806402, 0.286779522896, 0.619636833668, 0.708748698235, 1.25409889221, 2.55616569519, 7.61408901215, 12.1356201172, 8.32870578766, 0.711260259151, 0.072179697454, 0.00485743721947, 0.000278662395431, 1.56191508722e-05, 2.93778413152e-07, 6.41893915798e-09, 4.62916069921e-08], "dvar2": [144.683761597, 2491.1796875, 2233.76611328, 363.365264893, 200.880508423, 375.011291504, 517.84777832, 1570.80334473, 979.984680176, 5473.3984375, 1447.02734375, 20862.0664062, 121.06098175, 69.3793869019, 184.955169678, 38.3582954407, 15.5808591843, 0.643724024296, 0.439359724522, 0.735620379448, 0.741127967834, 0.439162552357, 0.980048418045, 0.828783631325, 0.681356012821, 1.59334075451, 1.65236771107, 2.8537466526, 5.94228458405, 18.3538532257, 25.7316818237, 19.5534629822, 1.5423964262, 0.173767983913, 0.0117814848199, 0.000579234678298, 3.20803010254e-05, 4.79916536733e-07, 8.88646756181e-09, 6.49039861855e-08], "max": [83.4105834961, 279.054443359, 249.806121826, 187.184234619, 207.570587158, 522.066223145, 528.946228027, 1007.64874268, 754.34588623, 1882.13562012, 1008.67340088, 5936.63330078, 286.531188965, 176.36630249, 238.442749023, 170.308486938, 109.348152161, 13.0498733521, 6.9130654335, 11.2520484924, 12.5337076187, 9.06066989899, 11.333773613, 13.8029537201, 16.0561466217, 19.7002754211, 17.4710578918, 29.3402767181, 49.1920166016, 73.170249939, 80.3977584839, 65.7726974487, 20.3716487885, 6.13170576096, 1.8700530529, 0.41911226511, 0.0661344602704, 0.00862101372331, 0.000989808351733, 0.00194210151676], "mean": [9.82019805908, 24.0149745941, 7.50461387634, 4.32337284088, 5.94905233383, 9.48301410675, 11.0229024887, 20.6314678192, 18.2025680542, 34.3529968262, 21.2825012207, 26.5716228485, 6.30454111099, 3.8802344799, 4.31174373627, 1.47555506229, 1.08599770069, 0.390002340078, 0.353975236416, 0.374404579401, 0.42003056407, 0.375965416431, 0.439819544554, 0.446206361055, 0.48308390379, 0.565301895142, 0.707526922226, 1.00088632107, 1.46681559086, 2.33946108818, 3.52923321724, 2.70023393631, 0.883502662182, 0.247044220567, 0.0697932615876, 0.0189618729055, 0.00411671027541, 0.000613914686255, 0.000145800571772, 0.000239311120822], "median": [0.755480647087, 1.80579280853, 1.21224546432, 0.967676520348, 1.19064998627, 2.27796506882, 2.98380613327, 4.75717735291, 4.55946445465, 4.94997119904, 3.6673746109, 2.15269184113, 1.54115581512, 0.754933536053, 0.625117719173, 0.287886947393, 0.206638112664, 0.106278240681, 0.0730558782816, 0.0630532205105, 0.0516064018011, 0.0264577940106, 0.0192743483931, 0.0146549055353, 0.00953640602529, 0.0080181742087, 0.00818091630936, 0.00826182961464, 0.00872416421771, 0.00982921943069, 0.0112171713263, 0.0107267685235, 0.00791670568287, 0.0048795118928, 0.00255774566904, 0.00114780582953, 0.000424302153988, 8.63538589329e-05, 6.20797363808e-05, 4.17613628088e-05], "min": [2.35619398552e-22, 5.59887012298e-21, 1.0441560649e-20, 7.08076378648e-21, 4.31946995033e-20, 2.07413939166e-20, 1.37225773954e-19, 1.27404115704e-19, 3.05364347225e-19, 3.61288213812e-18, 1.76647128827e-18, 1.51309397593e-18, 2.49125335164e-18, 4.76760145783e-18, 3.60431875083e-18, 6.2257355893e-18, 7.24127970299e-18, 4.2441363372e-18, 5.18692950242e-18, 5.81862582953e-18, 1.09262005871e-17, 1.05432540138e-17, 9.52751179032e-18, 8.04540265597e-18, 1.51131936332e-17, 1.62504610963e-17, 1.00392967071e-17, 1.2436556285e-17, 1.33538309283e-17, 2.01759773877e-17, 2.1511951832e-17, 1.21657133642e-17, 1.81925901847e-17, 1.26045922362e-17, 1.35726524604e-17, 4.92839089325e-18, 3.59799578223e-18, 1.62728419154e-18, 3.12984438425e-19, 3.34929404367e-20], "var": [331.255310059, 2324.63476562, 549.448730469, 131.903060913, 251.827941895, 805.671569824, 976.91027832, 2976.35253906, 2122.18676758, 17701.6816406, 4303.00439453, 51354.1953125, 282.559692383, 145.631835938, 185.243057251, 40.4441642761, 18.756690979, 0.503979444504, 0.428585916758, 0.583928883076, 0.821556508541, 0.767889797688, 1.1437073946, 1.40195083618, 1.75393378735, 2.64866113663, 4.04878950119, 8.51073360443, 17.2778301239, 42.9224319458, 91.2197494507, 53.7504615784, 5.64702129364, 0.410326868296, 0.0282363500446, 0.00180259393528, 7.42115662433e-05, 1.51092365286e-06, 3.46679343011e-08, 1.69018164797e-07]}, "gfcc": {"mean": [-147.787506104, 156.988067627, -20.817943573, 13.2310161591, -55.5933837891, 17.1926708221, -18.4751358032, 10.707233429, 4.03076124191, 2.13529396057, 1.70830857754, 2.86110115051, -0.717208087444], "cov": [[12338.0341797, -3145.02929688, -1790.84851074, 1959.09753418, -1131.5324707, 872.685791016, -514.064208984, 603.802490234, -214.524383545, -66.4766693115, 20.2709560394, 164.626464844, -6.00479793549], [-3145.02929688, 3500.63354492, 837.15447998, -1692.95678711, 1075.34326172, -693.370300293, 460.92086792, -209.093521118, 271.56161499, -38.9387779236, 197.568359375, -102.080924988, 128.866470337], [-1790.84851074, 837.15447998, 1389.48144531, -420.826721191, 440.33996582, 19.4869117737, 294.850494385, -32.3569641113, 180.839233398, 174.773803711, 125.875587463, -16.9621582031, 81.9492263794], [1959.09753418, -1692.95678711, -420.826721191, 1364.7623291, -462.083709717, 301.463195801, -73.0205764771, 49.3914871216, -37.6059875488, -51.9863090515, 35.4871444702, 35.5364952087, -1.8532088995], [-1131.5324707, 1075.34326172, 440.33996582, -462.083709717, 864.624633789, -136.57963562, 229.75, -4.07451152802, 96.0097732544, 25.5772628784, 145.970230103, 11.6762075424, 104.60256958], [872.685791016, -693.370300293, 19.4869117737, 301.463195801, -136.57963562, 381.386535645, -19.088508606, 55.1699142456, -27.7011260986, 28.230682373, -31.7217884064, 37.6832771301, 17.7989902496], [-514.064208984, 460.92086792, 294.850494385, -73.0205764771, 229.75, -19.088508606, 414.562011719, 48.5594100952, 162.539047241, 32.9413757324, 131.458450317, -35.0820503235, 70.8550186157], [603.802490234, -209.093521118, -32.3569641113, 49.3914871216, -4.07451152802, 55.1699142456, 48.5594100952, 200.101577759, 62.2152671814, 24.7761459351, 3.14051365852, -4.20837068558, 0.127609789371], [-214.524383545, 271.56161499, 180.839233398, -37.6059875488, 96.0097732544, -27.7011260986, 162.539047241, 62.2152671814, 273.295593262, 45.5880317688, 61.8167114258, -43.07654953, 44.2361068726], [-66.4766693115, -38.9387779236, 174.773803711, -51.9863090515, 25.5772628784, 28.230682373, 32.9413757324, 24.7761459351, 45.5880317688, 162.784378052, 45.9592323303, -2.17415761948, 3.43506002426], [20.2709560394, 197.568359375, 125.875587463, 35.4871444702, 145.970230103, -31.7217884064, 131.458450317, 3.14051365852, 61.8167114258, 45.9592323303, 180.886398315, 44.5101928711, 61.3564376831], [164.626464844, -102.080924988, -16.9621582031, 35.5364952087, 11.6762075424, 37.6832771301, -35.0820503235, -4.20837068558, -43.07654953, -2.17415761948, 44.5101928711, 98.2643051147, 45.1343612671], [-6.00479793549, 128.866470337, 81.9492263794, -1.8532088995, 104.60256958, 17.7989902496, 70.8550186157, 0.127609789371, 44.2361068726, 3.43506002426, 61.3564376831, 45.1343612671, 104.842285156]], "icov": [[0.000207345728995, -0.000327907473547, 0.000216380038182, -0.00039573002141, 0.000199430782232, -0.000547595089301, 0.000382319587516, -0.000814400089439, 0.000240715220571, -0.000233026221395, -0.000263671390712, 3.6973378883e-05, -8.01446221885e-05], [-0.000327907473547, 0.00362688209862, -0.000661788391881, 0.00356790237129, -0.00128244003281, 0.00280928751454, -0.00140670395922, 0.00351349404082, -0.00154214561917, 0.00313616800122, -0.00208395835944, 0.00267702527344, -0.00153235555626], [0.000216380038182, -0.000661788391881, 0.0014590594219, -0.000462245399831, -4.11006149079e-05, -0.00121632695664, -2.4670667699e-05, -0.000471886392916, -7.57478937885e-06, -0.0015061738668, 4.4741511374e-05, -0.000287953327643, 9.22660547076e-05], [-0.00039573002141, 0.00356790237129, -0.000462245399831, 0.0048451772891, -0.000697961600963, 0.00182709295768, -0.00126673199702, 0.00359953544103, -0.00159519410226, 0.00372308725491, -0.00340827228501, 0.00327836163342, -0.00158893410116], [0.000199430782232, -0.00128244003281, -4.11006149079e-05, -0.000697961600963, 0.00255164527334, -0.000956084928475, 0.00040640446241, -0.00177683180664, 0.000918489065953, -0.000461860268842, -0.000811265374068, -0.000117344621685, -0.000895591336302], [-0.000547595089301, 0.00280928751454, -0.00121632695664, 0.00182709295768, -0.000956084928475, 0.00690110586584, -0.00211113481782, 0.00261501246132, -0.000829832162708, 0.00111211126205, 0.00166703423019, -0.000504489347804, -0.00174019671977], [0.000382319587516, -0.00140670395922, -2.4670667699e-05, -0.00126673199702, 0.00040640446241, -0.00211113481782, 0.0060204481706, -0.00304064713418, -8.2586069766e-05, 8.79146027728e-05, -0.00351302046329, 0.00351062789559, -0.00178774364758], [-0.000814400089439, 0.00351349404082, -0.000471886392916, 0.00359953544103, -0.00177683180664, 0.00261501246132, -0.00304064713418, 0.0110168373212, -0.0035370637197, 0.00184092961717, 0.000248516938882, 0.000337387493346, 0.00057898130035], [0.000240715220571, -0.00154214561917, -7.57478937885e-06, -0.00159519410226, 0.000918489065953, -0.000829832162708, -8.2586069766e-05, -0.0035370637197, 0.00699090445414, -0.00192743877415, -0.000523617782164, 0.00312174903229, -0.00275234994479], [-0.000233026221395, 0.00313616800122, -0.0015061738668, 0.00372308725491, -0.000461860268842, 0.00111211126205, 8.79146027728e-05, 0.00184092961717, -0.00192743877415, 0.0113941729069, -0.00569972069934, 0.00391947757453, -0.000326484208927], [-0.000263671390712, -0.00208395835944, 4.4741511374e-05, -0.00340827228501, -0.000811265374068, 0.00166703423019, -0.00351302046329, 0.000248516938882, -0.000523617782164, -0.00569972069934, 0.0157966762781, -0.0101953158155, 0.000903562875465], [3.6973378883e-05, 0.00267702527344, -0.000287953327643, 0.00327836163342, -0.000117344621685, -0.000504489347804, 0.00351062789559, 0.000337387493346, 0.00312174903229, 0.00391947757453, -0.0101953158155, 0.0243181269616, -0.0111234784126], [-8.01446221885e-05, -0.00153235555626, 9.22660547076e-05, -0.00158893410116, -0.000895591336302, -0.00174019671977, -0.00178774364758, 0.00057898130035, -0.00275234994479, -0.000326484208927, 0.000903562875465, -0.0111234784126, 0.0191451404244]]}, "melbands": {"dmean": [0.0306664351374, 0.00818621832877, 0.000623538566288, 0.000238888591412, 0.000171365129063, 0.000174787637661, 9.03567124624e-05, 0.000154654640937, 6.4107014623e-05, 5.90832532907e-05, 1.13956803034e-05, 7.09687083145e-06, 7.09661753717e-06, 3.67245638699e-06, 1.42056990171e-06, 8.56321889842e-07, 4.18964390292e-07, 2.81305830185e-07, 3.30942782512e-07, 3.09567184331e-07, 2.3349480216e-07, 1.82260535553e-07, 1.7554175713e-07, 1.84211415899e-07, 1.59876591965e-07, 1.347047629e-07, 1.52654592966e-07, 1.60763676149e-07, 1.4904672696e-07, 1.77969994297e-07, 2.15231722223e-07, 2.6968768907e-07, 3.03356500808e-07, 4.88696855427e-07, 6.07500680871e-07, 7.24011215425e-07, 4.40798856971e-07, 1.92487007666e-07, 1.02750263409e-07, 5.50906733565e-08], "dmean2": [0.0324710682034, 0.0116665121168, 0.00111380883027, 0.000371816189727, 0.000255205784924, 0.000272276316537, 0.000128685409436, 0.00020788324764, 8.41935689095e-05, 7.70073675085e-05, 1.55048473971e-05, 9.75478178589e-06, 1.10420733108e-05, 5.83353175898e-06, 2.2501942567e-06, 1.34175365929e-06, 7.00364921613e-07, 4.64705010472e-07, 5.5020700529e-07, 5.30415377398e-07, 3.89736385387e-07, 2.96930465993e-07, 2.96965538382e-07, 3.08017263251e-07, 2.66066450649e-07, 2.26142333304e-07, 2.50476659858e-07, 2.79818891613e-07, 2.5344684218e-07, 2.93160354659e-07, 3.45361172549e-07, 4.43643301651e-07, 4.80924370549e-07, 8.16712372398e-07, 9.62523472481e-07, 1.20959873584e-06, 7.11209168003e-07, 3.15604239631e-07, 1.67987721511e-07, 9.19807874311e-08], "dvar": [0.00457673426718, 0.000488840509206, 3.63754838872e-06, 7.06178980181e-07, 2.99024208061e-07, 3.47430727743e-07, 1.06734546534e-07, 4.91236562539e-07, 1.25553526686e-07, 3.56663207413e-07, 9.43276012855e-10, 6.79331035869e-10, 5.79072567675e-10, 1.96331131908e-10, 3.97306805511e-11, 1.2288500946e-11, 9.42024778496e-13, 3.92510920684e-13, 7.51983924348e-13, 6.87622972884e-13, 3.98147498044e-13, 2.72848746635e-13, 2.48015529555e-13, 3.09655485932e-13, 2.9149385271e-13, 1.78125228326e-13, 2.99145934803e-13, 3.66079155921e-13, 3.06337529128e-13, 4.25502217011e-13, 6.12112086278e-13, 9.60519532835e-13, 1.14620682737e-12, 3.83898121625e-12, 4.40873292734e-12, 7.21099308737e-12, 2.57232494853e-12, 5.18654834792e-13, 1.31901054749e-13, 3.99122060271e-14], "dvar2": [0.00697669060901, 0.00115066627041, 1.01907007775e-05, 1.58442912834e-06, 5.63503476769e-07, 7.18481544482e-07, 1.95804801706e-07, 7.24844937849e-07, 2.15352088162e-07, 6.13042629993e-07, 1.73506364831e-09, 1.32898358984e-09, 1.38857603194e-09, 4.69561223237e-10, 1.00558575356e-10, 2.97675079031e-11, 2.51190452986e-12, 9.8880419911e-13, 2.04549593409e-12, 2.01683678439e-12, 1.05311039836e-12, 6.97980356238e-13, 7.14897704836e-13, 8.70393438313e-13, 7.44708656721e-13, 4.43840168611e-13, 7.49077286744e-13, 1.01565316487e-12, 7.63330967445e-13, 1.04858927531e-12, 1.48499745486e-12, 2.49313590606e-12, 2.41863647166e-12, 9.88496871163e-12, 9.8319260719e-12, 1.77561264303e-11, 6.1614151281e-12, 1.19637600608e-12, 3.26501737972e-13, 1.00774816551e-13], "max": [0.574110925198, 0.18560795486, 0.0283387824893, 0.0338797420263, 0.0158716272563, 0.0196003522724, 0.0102003635839, 0.0240830983967, 0.017628531903, 0.0319527722895, 0.00107482133899, 0.000776811386459, 0.000594677054323, 0.000374491151888, 0.00020751314878, 0.000145135316416, 1.78081263584e-05, 9.79369087872e-06, 1.53684122779e-05, 1.51640742843e-05, 1.61378993653e-05, 1.06671468529e-05, 9.66044262896e-06, 1.21672110254e-05, 1.27003868329e-05, 1.08889626063e-05, 1.76609883056e-05, 1.47457130879e-05, 1.07637606561e-05, 1.61354073498e-05, 1.9437251467e-05, 2.73792520602e-05, 2.98664181173e-05, 4.644438377e-05, 5.08067168994e-05, 6.1672522861e-05, 3.63239050785e-05, 1.75924760697e-05, 8.17062027636e-06, 4.76236436953e-06], "mean": [0.066010966897, 0.0121667506173, 0.000794080202468, 0.000554110505618, 0.000421141186962, 0.000459867733298, 0.000258027808741, 0.000399392069085, 0.000176680769073, 0.000141038763104, 2.53569087363e-05, 1.52582970259e-05, 1.23511681522e-05, 6.75767887515e-06, 2.62221738012e-06, 1.58875320722e-06, 6.73997249123e-07, 5.03267074237e-07, 5.82504185331e-07, 5.28399937139e-07, 4.75159879443e-07, 3.95222400584e-07, 3.72804180415e-07, 3.9421942688e-07, 3.54623978183e-07, 3.4441148955e-07, 3.63625190403e-07, 3.72578625729e-07, 4.02736844762e-07, 5.11295183969e-07, 5.96600557401e-07, 7.53587471536e-07, 1.01409364106e-06, 1.42128192238e-06, 1.94431436285e-06, 2.22682433559e-06, 1.43431986999e-06, 6.80056416513e-07, 3.22215015558e-07, 1.62752115784e-07], "median": [0.00505681242794, 0.00131791969761, 0.000162755895872, 0.000131935201352, 0.000116018709377, 0.00010934760212, 6.38008932583e-05, 5.11852849741e-05, 2.8663987905e-05, 9.86887425825e-06, 5.5560567489e-06, 1.99822648028e-06, 1.64484094967e-06, 8.45610315992e-07, 4.07330389862e-07, 2.63054886318e-07, 1.31978254103e-07, 1.00320015406e-07, 7.17579098364e-08, 6.76539428923e-08, 4.69395331493e-08, 2.37230359801e-08, 1.81773138763e-08, 1.18104548363e-08, 1.07973630037e-08, 6.61378285471e-09, 5.80499204261e-09, 4.6117261121e-09, 4.5680916827e-09, 4.88064610948e-09, 4.46431069889e-09, 4.62348559438e-09, 4.97028329605e-09, 5.43556977206e-09, 6.30175822636e-09, 6.10289241365e-09, 6.51237064275e-09, 5.20392262615e-09, 4.75749217799e-09, 3.62739749349e-09], "min": [4.20648323682e-24, 6.52373138033e-24, 2.55098230492e-24, 2.05812764931e-24, 3.64448097857e-24, 2.68713969716e-24, 6.9700286486e-24, 4.03987975794e-23, 1.17693495332e-23, 1.01779614964e-23, 1.17915772669e-23, 1.88163741615e-23, 1.29054157329e-23, 1.17460726144e-23, 2.39653529092e-23, 1.12078501737e-23, 7.72450389582e-24, 8.56429839425e-24, 7.47236028468e-24, 1.04055707445e-23, 1.27317653596e-23, 1.06569302279e-23, 9.5553822148e-24, 8.88136131358e-24, 5.46288858993e-24, 1.06407120366e-23, 1.05106336065e-23, 1.13142817093e-23, 7.2705822869e-24, 5.64647703295e-24, 7.50177848556e-24, 7.29380477423e-24, 9.99041928251e-24, 1.08242634031e-23, 1.2321324186e-23, 1.0279663022e-23, 6.69166487869e-24, 1.33273821643e-23, 1.25883307255e-23, 9.46706450329e-24], "var": [0.0149443829432, 0.000682206766214, 4.12678264183e-06, 2.85456280835e-06, 1.14794659112e-06, 1.34550850817e-06, 4.33381330822e-07, 2.47263187703e-06, 5.42804741599e-07, 1.49090408286e-06, 4.10755340852e-09, 2.79403855608e-09, 1.41187572744e-09, 5.03656227835e-10, 1.07045532161e-10, 3.48279773077e-11, 1.78321973073e-12, 9.14852395228e-13, 1.55867853346e-12, 1.24406583125e-12, 1.16840695105e-12, 9.05878616477e-13, 8.31129110847e-13, 9.9293598517e-13, 9.6131078358e-13, 9.08795066111e-13, 1.11634627323e-12, 1.18972572679e-12, 1.33662926647e-12, 2.24299637024e-12, 3.14713229435e-12, 4.71070751851e-12, 8.19289167758e-12, 1.63915703927e-11, 2.8227722243e-11, 3.71609652772e-11, 1.54531214214e-11, 3.44655727569e-12, 7.46078979846e-13, 1.77267773485e-13]}, "mfcc": {"mean": [-815.794311523, 187.664321899, 85.4052124023, 20.427904129, 7.8655872345, 7.20046901703, -1.34638941288, 11.7801570892, 5.85199975967, 11.0573158264, 6.36517286301, 10.6837310791, 8.11984157562], "cov": [[10094.1650391, -3724.21459961, -546.688049316, 272.749481201, -160.312530518, 121.645675659, -359.85333252, 522.706970215, -257.10244751, 201.167449951, -287.403289795, -14.8319597244, -149.904022217], [-3724.21459961, 4963.03564453, 61.1940345764, -530.442687988, 181.099685669, -266.895233154, 258.206542969, -225.835540771, 234.629669189, -133.499801636, 266.481445312, 97.4035339355, 197.676040649], [-546.688049316, 61.1940345764, 763.621154785, 47.6065711975, -45.6589698792, 129.031890869, 57.4594993591, -2.55655932426, 52.4629974365, 84.8082275391, 68.8394470215, 66.4283981323, 49.7358512878], [272.749481201, -530.442687988, 47.6065711975, 478.954284668, 67.1444244385, 85.7353897095, 67.080116272, 80.4402313232, -32.2231788635, 58.2072486877, 12.8821401596, 32.4743309021, 32.6994514465], [-160.312530518, 181.099685669, -45.6589698792, 67.1444244385, 313.178863525, 72.3124923706, 61.8741035461, 25.6941184998, 35.1754570007, -25.6108493805, 10.6735429764, 6.84313440323, 41.3435325623], [121.645675659, -266.895233154, 129.031890869, 85.7353897095, 72.3124923706, 247.250488281, 84.0223999023, 41.8480377197, 23.7280769348, 42.239074707, -6.57341957092, 30.4722690582, 37.4815559387], [-359.85333252, 258.206542969, 57.4594993591, 67.080116272, 61.8741035461, 84.0223999023, 239.09677124, 50.4715690613, 34.4612007141, 7.26964378357, 25.9690666199, 23.1328487396, 81.4383087158], [522.706970215, -225.835540771, -2.55655932426, 80.4402313232, 25.6941184998, 41.8480377197, 50.4715690613, 195.700454712, 55.1449546814, 46.5155105591, 0.670263946056, 1.51439094543, -4.35161113739], [-257.10244751, 234.629669189, 52.4629974365, -32.2231788635, 35.1754570007, 23.7280769348, 34.4612007141, 55.1449546814, 156.407119751, 79.9794235229, 62.1264648438, 36.0210914612, 19.5747566223], [201.167449951, -133.499801636, 84.8082275391, 58.2072486877, -25.6108493805, 42.239074707, 7.26964378357, 46.5155105591, 79.9794235229, 155.981323242, 85.1643981934, 35.3745498657, 7.19729661942], [-287.403289795, 266.481445312, 68.8394470215, 12.8821401596, 10.6735429764, -6.57341957092, 25.9690666199, 0.670263946056, 62.1264648438, 85.1643981934, 151.785430908, 76.9031982422, 9.81720161438], [-14.8319597244, 97.4035339355, 66.4283981323, 32.4743309021, 6.84313440323, 30.4722690582, 23.1328487396, 1.51439094543, 36.0210914612, 35.3745498657, 76.9031982422, 128.19770813, 69.7222442627], [-149.904022217, 197.676040649, 49.7358512878, 32.6994514465, 41.3435325623, 37.4815559387, 81.4383087158, -4.35161113739, 19.5747566223, 7.19729661942, 9.81720161438, 69.7222442627, 160.068740845]], "icov": [[0.000217579625314, 6.33083400317e-05, 0.000133085297421, 0.00019011637778, -0.000125447098981, 5.96628597123e-05, 0.000174088301719, -0.000628349662293, 0.000748878344893, -0.000852478144225, 0.000696384406183, -0.000641486549284, 0.000141625700053], [6.33083400317e-05, 0.000446105987066, -1.84165110113e-05, 0.000326309032971, -0.000123397665448, 0.000388231710531, -0.000319008191582, 0.00018816984084, -0.000550646276679, 0.000769781880081, -0.000959222146776, 0.00035960515379, -0.000509263365529], [0.000133085297421, -1.84165110113e-05, 0.00170306733344, -1.42380577017e-05, 0.000483233976411, -0.000963214901276, 0.000151973115862, -0.000141046446515, 0.000233658895013, -0.000717740622349, -6.35591641185e-05, -0.00040659494698, -0.000174604734639], [0.00019011637778, 0.000326309032971, -1.42380577017e-05, 0.00334867066704, -0.00112359493505, 0.000309948489303, -0.000815144681837, -0.00136277358979, 0.00268147839233, -0.00251735164784, 0.00082619470777, -0.00151907082181, 8.69932482601e-05], [-0.000125447098981, -0.000123397665448, 0.000483233976411, -0.00112359493505, 0.00477743288502, -0.00212497939356, 0.000566712755244, 4.70376580779e-05, -0.0025077171158, 0.00400447752327, -0.00315062166192, 0.00271371589042, -0.0017713062698], [5.96628597123e-05, 0.000388231710531, -0.000963214901276, 0.000309948489303, -0.00212497939356, 0.00719681149349, -0.00281097181141, 0.000325443892507, 0.000500707828905, -0.00340079492889, 0.00412823678926, -0.00342649943195, 0.00144603522494], [0.000174088301719, -0.000319008191582, 0.000151973115862, -0.000815144681837, 0.000566712755244, -0.00281097181141, 0.00774007197469, -0.00258059822954, -4.24077334173e-05, 0.00219455128536, -0.00315129803494, 0.00319502968341, -0.00411184458062], [-0.000628349662293, 0.00018816984084, -0.000141046446515, -0.00136277358979, 4.70376580779e-05, 0.000325443892507, -0.00258059822954, 0.00937316659838, -0.00536493910477, 0.00129968754482, -7.27365550119e-05, 0.00106049131136, 0.00112096010707], [0.000748878344893, -0.000550646276679, 0.000233658895013, 0.00268147839233, -0.0025077171158, 0.000500707828905, -4.24077334173e-05, -0.00536493910477, 0.0162523966283, -0.011158590205, 0.00447072088718, -0.00531573221087, 0.00172259251121], [-0.000852478144225, 0.000769781880081, -0.000717740622349, -0.00251735164784, 0.00400447752327, -0.00340079492889, 0.00219455128536, 0.00129968754482, -0.011158590205, 0.0232672169805, -0.0164477806538, 0.0100077614188, -0.00536286830902], [0.000696384406183, -0.000959222146776, -6.35591641185e-05, 0.00082619470777, -0.00315062166192, 0.00412823678926, -0.00315129803494, -7.27365550119e-05, 0.00447072088718, -0.0164477806538, 0.025757625699, -0.016683164984, 0.00901601556689], [-0.000641486549284, 0.00035960515379, -0.00040659494698, -0.00151907082181, 0.00271371589042, -0.00342649943195, 0.00319502968341, 0.00106049131136, -0.00531573221087, 0.0100077614188, -0.016683164984, 0.0227331127971, -0.0107822110876], [0.000141625700053, -0.000509263365529, -0.000174604734639, 8.69932482601e-05, -0.0017713062698, 0.00144603522494, -0.00411184458062, 0.00112096010707, 0.00172259251121, -0.00536286830902, 0.00901601556689, -0.0107822110876, 0.0134607022628]]}, "spectral_contrast_coeffs": {"dmean": [0.0427424646914, 0.0399170517921, 0.0360937789083, 0.0287335794419, 0.0173652991652, 0.0118180448189], "dmean2": [0.0670283734798, 0.0637434870005, 0.0581719763577, 0.0480551570654, 0.0286934971809, 0.0194895118475], "dvar": [0.00149753910955, 0.00125998258591, 0.000937530421652, 0.000608029775321, 0.000245837291004, 0.000115861519589], "dvar2": [0.00338317896239, 0.00308871082962, 0.00243090488948, 0.00160883064382, 0.000611949071754, 0.000290086609311], "max": [-0.399749457836, -0.273456811905, -0.390714079142, -0.527431964874, -0.628625392914, -0.679791390896], "mean": [-0.696171998978, -0.675341784954, -0.719256162643, -0.798252284527, -0.841001927853, -0.843452036381], "median": [-0.707268953323, -0.681878983974, -0.715827226639, -0.810083508492, -0.852223277092, -0.848281741142], "min": [-0.976304292679, -0.963175475597, -0.973335981369, -0.965955734253, -0.96298378706, -0.958435952663], "var": [0.0068054809235, 0.00641481345519, 0.00692452117801, 0.00401500472799, 0.00254075392149, 0.00167727074586]}, "spectral_contrast_valleys": {"dmean": [0.341676831245, 0.315914273262, 0.355318158865, 0.356730997562, 0.276364773512, 0.318492889404], "dmean2": [0.555048942566, 0.521359503269, 0.582501590252, 0.581098258495, 0.415980696678, 0.402168601751], "dvar": [0.139226287603, 0.109165914357, 0.137576311827, 0.161858677864, 0.130197539926, 0.14791251719], "dvar2": [0.294438749552, 0.234246045351,