{"lowlevel": {"average_loudness": 0.465114712715, "barkbands_crest": {"dmean": 2.31234741211, "dmean2": 3.34365987778, "dvar": 7.05239582062, "dvar2": 11.6393537521, "max": 26.3571510315, "mean": 10.861158371, "median": 9.44409370422, "min": 2.26169252396, "var": 27.15184021}, "barkbands_flatness_db": {"dmean": 0.0223251208663, "dmean2": 0.0309808235615, "dvar": 0.000975544273388, "dvar2": 0.00171734404285, "max": 0.622310817242, "mean": 0.162530839443, "median": 0.14797487855, "min": 0.0188558064401, "var": 0.00702894479036}, "barkbands_kurtosis": {"dmean": 8.20083427429, "dmean2": 10.7575788498, "dvar": 1409.37109375, "dvar2": 2126.12475586, "max": 925.604064941, "mean": 12.850019455, "median": 2.892380476, "min": -1.89463067055, "var": 2796.1809082}, "barkbands_skewness": {"dmean": 0.635172128677, "dmean2": 0.822248518467, "dvar": 1.43646836281, "dvar2": 1.7720580101, "max": 23.8254776001, "mean": 2.01807546616, "median": 1.53350019455, "min": -4.58483743668, "var": 5.53153467178}, "barkbands_spread": {"dmean": 4.71843767166, "dmean2": 7.07708454132, "dvar": 55.5566940308, "dvar2": 109.567695618, "max": 105.800354004, "mean": 19.7104701996, "median": 15.1600990295, "min": 0.0677936300635, "var": 249.089797974}, "dissonance": {"dmean": 0.0176875349134, "dmean2": 0.0293733011931, "dvar": 0.000341354985721, "dvar2": 0.000901424791664, "max": 0.499899506569, "mean": 0.448184430599, "median": 0.459718644619, "min": 0.237554773688, "var": 0.0015905686887}, "dynamic_complexity": 6.29792404175, "erbbands_crest": {"dmean": 2.20309686661, "dmean2": 3.47638082504, "dvar": 5.32626390457, "dvar2": 12.2812833786, "max": 29.8246459961, "mean": 9.6840429306, "median": 8.69925117493, "min": 2.41583228111, "var": 20.4031658173}, "erbbands_flatness_db": {"dmean": 0.0143758123741, "dmean2": 0.020407538861, "dvar": 0.000309865514282, "dvar2": 0.000620074104518, "max": 0.349813431501, "mean": 0.169208824635, "median": 0.16364338994, "min": 0.0420360714197, "var": 0.00398807087913}, "erbbands_kurtosis": {"dmean": 0.870938777924, "dmean2": 1.31828927994, "dvar": 2.51244950294, "dvar2": 5.85580921173, "max": 36.4361305237, "mean": 0.981681883335, "median": 0.0667860507965, "min": -1.81990265846, "var": 8.74415683746}, "erbbands_skewness": {"dmean": 0.307254225016, "dmean2": 0.45185098052, "dvar": 0.128301694989, "dvar2": 0.262863069773, "max": 5.35183906555, "mean": 0.592114984989, "median": 0.562921106815, "min": -3.81794857979, "var": 0.76845985651}, "erbbands_spread": {"dmean": 7.01434516907, "dmean2": 10.169968605, "dvar": 90.5373840332, "dvar2": 180.385375977, "max": 196.743057251, "mean": 37.7430801392, "median": 34.3739471436, "min": 4.10174655914, "var": 435.697052002}, "hfc": {"dmean": 5.29655361176, "dmean2": 7.71993494034, "dvar": 162.580673218, "dvar2": 330.779327393, "max": 302.132232666, "mean": 18.9325199127, "median": 7.26068162918, "min": 1.17437160905e-16, "var": 775.458007812}, "melbands_crest": {"dmean": 2.8272857666, "dmean2": 4.23064661026, "dvar": 10.2958812714, "dvar2": 18.2627639771, "max": 36.3199234009, "mean": 15.1810693741, "median": 14.213558197, "min": 3.45061421394, "var": 41.7400817871}, "melbands_flatness_db": {"dmean": 0.0259085781872, "dmean2": 0.035237994045, "dvar": 0.00139944406692, "dvar2": 0.00245829997584, "max": 0.769462585449, "mean": 0.233521476388, "median": 0.213077068329, "min": 0.0105851655826, "var": 0.00959143415093}, "melbands_kurtosis": {"dmean": 14.3518218994, "dmean2": 18.5313243866, "dvar": 3294.63305664, "dvar2": 4451.2109375, "max": 1615.43457031, "mean": 25.9427566528, "median": 8.25238609314, "min": -1.7866743803, "var": 8374.92578125}, "melbands_skewness": {"dmean": 0.778329730034, "dmean2": 1.01104903221, "dvar": 1.81520283222, "dvar2": 2.34490871429, "max": 32.1377754211, "mean": 2.94945430756, "median": 2.3878159523, "min": -2.31763219833, "var": 7.43992757797}, "melbands_spread": {"dmean": 5.57266426086, "dmean2": 8.31125164032, "dvar": 118.492637634, "dvar2": 224.497940063, "max": 270.482177734, "mean": 20.6379737854, "median": 15.1703357697, "min": 0.171670526266, "var": 469.992095947}, "pitch_salience": {"dmean": 0.0622005499899, "dmean2": 0.0918207988143, "dvar": 0.00569971743971, "dvar2": 0.0102056488395, "max": 0.91394507885, "mean": 0.52288800478, "median": 0.544183433056, "min": 0.0192065741867, "var": 0.0225367285311}, "silence_rate_20dB": {"dmean": 0, "dmean2": 0, "dvar": 0, "dvar2": 0, "max": 1, "mean": 1, "median": 1, "min": 1, "var": 0}, "silence_rate_30dB": {"dmean": 0.0506593547761, "dmean2": 0.101331941783, "dvar": 0.0480912365019, "dvar2": 0.0968037620187, "max": 1, "mean": 0.912532627583, "median": 1, "min": 0, "var": 0.07981646806}, "silence_rate_60dB": {"dmean": 0.0428254343569, "dmean2": 0.0856620520353, "dvar": 0.040989048779, "dvar2": 0.085107177496, "max": 1, "mean": 0.270365536213, "median": 0, "min": 0, "var": 0.197278529406}, "spectral_centroid": {"dmean": 194.221603394, "dmean2": 296.46182251, "dvar": 95851.8203125, "dvar2": 185932.203125, "max": 10983.0917969, "mean": 1153.60778809, "median": 1033.67468262, "min": 78.6262741089, "var": 500078.21875}, "spectral_complexity": {"dmean": 2.34834837914, "dmean2": 3.69952988625, "dvar": 11.9058971405, "dvar2": 27.993188858, "max": 56, "mean": 14.8471279144, "median": 10, "min": 0, "var": 154.813598633}, "spectral_decrease": {"dmean": 3.07825986923e-09, "dmean2": 4.38168212824e-09, "dvar": 6.50617918187e-17, "dvar2": 1.00913639216e-16, "max": -1.16229944366e-28, "mean": -8.03688848805e-09, "median": -2.15064055453e-09, "min": -8.31486417496e-08, "var": 1.89293480449e-16}, "spectral_energy": {"dmean": 0.0118582118303, "dmean2": 0.0168975144625, "dvar": 0.000937853823416, "dvar2": 0.00145627977327, "max": 0.315799355507, "mean": 0.0320503637195, "median": 0.00895409658551, "min": 1.10905694656e-20, "var": 0.00280156661756}, "spectral_energyband_high": {"dmean": 0.000406966137234, "dmean2": 0.000601048814133, "dvar": 1.41295402045e-06, "dvar2": 2.71195131063e-06, "max": 0.0295209605247, "mean": 0.000990568310954, "median": 0.00014047465811, "min": 7.96113356644e-21, "var": 5.13656596013e-06}, "spectral_energyband_low": {"dmean": 0.0104780523106, "dmean2": 0.0148062789813, "dvar": 0.000976513954811, "dvar2": 0.00152791664004, "max": 0.314272373915, "mean": 0.0197128560394, "median": 0.00134027260356, "min": 1.01981987763e-22, "var": 0.00241759093478}, "spectral_energyband_middle_high": {"dmean": 0.00110981031321, "dmean2": 0.00178470474202, "dvar": 5.85438283451e-06, "dvar2": 1.60255931405e-05, "max": 0.0472391583025, "mean": 0.0037802378647, "median": 0.00131672271527, "min": 1.55408455898e-21, "var": 2.87414241029e-05}, "spectral_energyband_middle_low": {"dmean": 0.00286215217784, "dmean2": 0.00461570499465, "dvar": 2.98756203847e-05, "dvar2": 7.96753010945e-05, "max": 0.0750533044338, "mean": 0.00807790551335, "median": 0.00459952186793, "min": 6.21293166949e-22, "var": 8.9666697022e-05}, "spectral_entropy": {"dmean": 0.155941829085, "dmean2": 0.231445819139, "dvar": 0.0510323382914, "dvar2": 0.117930188775, "max": 9.80273151398, "mean": 7.30702781677, "median": 7.36490535736, "min": 4.82255315781, "var": 0.424431622028}, "spectral_flux": {"dmean": 0.0255454778671, "dmean2": 0.0397654771805, "dvar": 0.0023755019065, "dvar2": 0.00521937897429, "max": 0.469844102859, "mean": 0.0683569312096, "median": 0.0400252938271, "min": 1.05311773191e-10, "var": 0.00609465967864}, "spectral_kurtosis": {"dmean": 2.62119340897, "dmean2": 4.4876408577, "dvar": 20.8640918732, "dvar2": 61.2403259277, "max": 71.1985473633, "mean": 6.48094558716, "median": 4.38810920715, "min": -1.27158153057, "var": 47.5461845398}, "spectral_rms": {"dmean": 0.000744103977922, "dmean2": 0.00100480683614, "dvar": 2.24611721933e-06, "dvar2": 3.03518049805e-06, "max": 0.0175526905805, "mean": 0.00427846517414, "median": 0.0029556225054, "min": 3.28938699196e-12, "var": 1.29633126562e-05}, "spectral_rolloff": {"dmean": 393.680236816, "dmean2": 645.342102051, "dvar": 1023751.125, "dvar2": 1980767.75, "max": 18260.15625, "mean": 1352.56530762, "median": 839.794921875, "min": 64.599609375, "var": 2901032}, "spectral_skewness": {"dmean": 0.282252818346, "dmean2": 0.463687628508, "dvar": 0.13640268147, "dvar2": 0.377720683813, "max": 6.48437404633, "mean": 1.77155792713, "median": 1.65143561363, "min": -0.141129851341, "var": 0.464308023453}, "spectral_spread": {"dmean": 516662.84375, "dmean2": 720526.8125, "dvar": 794768048128, "dvar2": 1181019668480.0, "max": 42534016, "mean": 4617921.5, "median": 4289904, "min": 1096393, "var": 4935230423040.0}, "spectral_strongpeak": {"dmean": 0.319375962019, "dmean2": 0.525232851505, "dvar": 0.355242043734, "dvar2": 0.915372490883, "max": 7.74594449997, "mean": 0.704760015011, "median": 0.465130567551, "min": 0, "var": 0.641901016235}, "zerocrossingrate": {"dmean": 0.00984754692763, "dmean2": 0.0108732162043, "dvar": 0.000270348187769, "dvar2": 0.000241592744715, "max": 0.4912109375, "mean": 0.0551961809397, "median": 0.04345703125, "min": 0.001953125, "var": 0.00218935264274}, "barkbands": {"dmean": [0.000431538821431, 0.00955373886973, 0.00262926472351, 0.000646961620077, 0.00105761887971, 0.000695122289471, 0.000537338084541, 0.000769559759647, 0.000484379008412, 0.000396060408093, 0.000233161947108, 0.000303395092487, 0.000317384197842, 0.000154566805577, 0.000133940848173, 0.000161226344062, 0.000160549636348, 0.000122305922559, 8.14865197754e-05, 9.65827857726e-05, 7.2690032539e-05, 0.000113223104563, 4.39284522145e-05, 8.29747368698e-05, 8.65039983182e-05, 4.68429425382e-05, 1.18133821161e-05], "dmean2": [0.000573959958274, 0.0131130740047, 0.00461638346314, 0.00113927980419, 0.00173192739021, 0.00105655018706, 0.000825873052236, 0.00120831059758, 0.000748254649807, 0.000665144936647, 0.000373563409084, 0.000499042216688, 0.000515546067618, 0.000245168688707, 0.000212138707866, 0.00025606242707, 0.00024795794161, 0.00020201964071, 0.000135674228659, 0.000157360584126, 0.000118762596685, 0.000190990540432, 7.49827740947e-05, 0.000118196920084, 0.00011356874893, 6.73813628964e-05, 1.75530130946e-05], "dvar": [1.34583399358e-06, 0.000888402399141, 9.35223724809e-05, 4.16182820118e-06, 5.88000511925e-06, 2.72519991995e-06, 2.15779800783e-06, 5.22744085174e-06, 1.56202122525e-06, 1.46890886299e-06, 3.55702752586e-07, 6.03550461165e-07, 7.78080561759e-07, 1.52091899963e-07, 1.12533435015e-07, 1.85371973771e-07, 1.97257378431e-07, 8.35440161495e-08, 6.30047978234e-08, 6.11367809711e-08, 3.71772905794e-08, 9.91609496737e-08, 1.4951430316e-08, 1.46647067822e-07, 1.75698474436e-07, 3.17443564768e-08, 2.48614950848e-09], "dvar2": [1.97275016944e-06, 0.00130707025528, 0.000257467763731, 1.18110438052e-05, 1.60918680194e-05, 6.41408041702e-06, 5.07295362695e-06, 1.29192867462e-05, 3.80810183742e-06, 4.43787666882e-06, 9.34299180244e-07, 1.63556114785e-06, 2.04846378438e-06, 3.48770953451e-07, 2.77240758351e-07, 4.46988821068e-07, 4.66353725415e-07, 2.23448168413e-07, 1.75959669946e-07, 1.61439999147e-07, 1.000829144e-07, 2.62485883695e-07, 4.23036041752e-08, 2.49968451271e-07, 2.01142313472e-07, 5.64389281976e-08, 4.95090768382e-09], "max": [0.0117804612964, 0.303974211216, 0.101038575172, 0.0238123387098, 0.0412963144481, 0.0617455430329, 0.0508330911398, 0.0546075627208, 0.0267925970256, 0.0231099240482, 0.0156175233424, 0.0153420548886, 0.0249534025788, 0.00862191710621, 0.00768597656861, 0.00949603877962, 0.0122873513028, 0.00585224526003, 0.00533145712689, 0.00454421341419, 0.00318593508564, 0.00653827609494, 0.00165659806225, 0.0129435565323, 0.0150862094015, 0.00686511164531, 0.00146998558193], "mean": [0.000563833105844, 0.0161551609635, 0.00263974163681, 0.000859253050294, 0.00190842233133, 0.00159005867317, 0.00104977202136, 0.00141980673652, 0.000953335431404, 0.000626583583653, 0.000406815757742, 0.000527771771885, 0.000565705646295, 0.000285360525595, 0.000254279846558, 0.000334995042067, 0.000406455772463, 0.000253727572272, 0.000163160060765, 0.000211142512853, 0.000155153611558, 0.000166314668604, 7.1295966336e-05, 0.000164793571457, 0.000179341222974, 0.000110806227894, 2.71591470664e-05], "median": [1.3865380879e-06, 0.000342013983754, 0.000422677083407, 0.000346428190824, 0.000852535013109, 0.000683893624227, 0.000275535450783, 0.00020380388014, 8.97538338904e-05, 7.9634715803e-05, 8.85373301571e-05, 5.20684770891e-05, 5.40883920621e-05, 3.24705106323e-05, 3.17129197356e-05, 4.45631740149e-05, 5.16979052918e-05, 4.38402857981e-05, 3.71918176825e-05, 2.26998927246e-05, 2.7412585041e-05, 3.19865539495e-05, 1.23566660477e-05, 1.28691681311e-05, 7.53612630433e-06, 2.62276830654e-06, 4.61958819642e-07], "min": [3.30796956136e-23, 3.54661197588e-23, 5.06664943703e-23, 6.49472338712e-24, 1.98478807926e-23, 1.84240184131e-23, 5.65835980254e-23, 1.27748046639e-22, 3.06532314133e-22, 1.55130557241e-22, 5.22739562369e-23, 1.14331908157e-22, 7.10588043612e-23, 1.16556407557e-22, 1.21680759645e-22, 1.06737323341e-22, 2.04139443434e-22, 2.42852609342e-22, 2.5622881253e-22, 2.77301369902e-22, 5.17995807269e-22, 6.82220895761e-22, 7.12356795979e-22, 7.52492473737e-22, 1.07283174698e-21, 1.89989230121e-21, 2.42726416841e-21], "var": [2.59261787505e-06, 0.00202197930776, 6.63100581733e-05, 3.36048583449e-06, 9.26314169192e-06, 6.31351895208e-06, 5.4690676734e-06, 1.33672128868e-05, 3.76456091544e-06, 2.59580610873e-06, 6.2353069552e-07, 1.16771298053e-06, 1.9663286821e-06, 4.05690599337e-07, 2.47309230872e-07, 6.32277533441e-07, 1.01835746591e-06, 2.30022266123e-07, 9.59487422847e-08, 1.49714821873e-07, 8.04913682373e-08, 1.49221307311e-07, 2.02847498798e-08, 4.64522116772e-07, 6.77680475292e-07, 1.20961047401e-07, 1.18046825648e-08]}, "erbbands": {"dmean": [0.398437619209, 2.13875508308, 3.54402422905, 2.23030877113, 1.98221564293, 3.83402633667, 6.69355154037, 6.26761102676, 7.06331443787, 13.3825178146, 11.2430973053, 12.5147447586, 13.3519611359, 7.02683925629, 11.3850631714, 10.4778079987, 15.020614624, 6.60784387589, 7.28732156754, 7.12098312378, 7.81233215332, 8.34895515442, 6.80615854263, 4.61914968491, 3.93312191963, 4.76969337463, 3.16951084137, 3.07737827301, 4.49656963348, 2.23490858078, 1.14937222004, 1.6942358017, 1.37834692001, 1.19939231873, 0.521883904934, 0.253619253635, 0.0820268690586, 0.0168102383614, 0.00205473904498, 8.48265553941e-05], "dmean2": [0.473044514656, 3.10223436356, 6.0099773407, 3.88304305077, 3.44626116753, 6.3345041275, 10.4144935608, 9.44983291626, 10.8508682251, 20.6455974579, 17.5720081329, 19.4277191162, 22.3024749756, 11.2643384933, 18.6347122192, 17.2204055786, 24.4165897369, 10.2457008362, 11.7602882385, 11.2438077927, 12.0266332626, 12.9585857391, 11.156542778, 7.66866350174, 6.58349275589, 7.88926887512, 5.10157394409, 5.10583305359, 7.67383289337, 3.76161694527, 1.93865215778, 2.56548404694, 1.9169806242, 1.55750608444, 0.736140608788, 0.362476468086, 0.122817493975, 0.0238508004695, 0.0030581203755, 0.000122712546727], "dvar": [1.36930251122, 47.5840606689, 173.085449219, 49.3069419861, 43.2064247131, 81.8243560791, 221.156692505, 336.766845703, 440.255493164, 1809.76916504, 751.022399902, 1207.13024902, 1997.85620117, 243.86114502, 847.185913086, 691.779296875, 1761.33496094, 293.318389893, 389.647094727, 344.357299805, 430.553985596, 545.141357422, 261.103240967, 165.267623901, 142.379486084, 177.86000061, 50.9170303345, 90.6007156372, 166.759643555, 35.9762039185, 10.7652864456, 59.9112319946, 44.4940681458, 37.9254493713, 5.98609542847, 1.04388833046, 0.0938872843981, 0.00435218168423, 8.31044162624e-05, 9.4075133461e-08], "dvar2": [1.91420459747, 87.7399749756, 458.895996094, 137.537765503, 121.761444092, 224.383224487, 564.243225098, 824.395812988, 1005.24804688, 4450.02587891, 1842.45324707, 2994.3371582, 6045.87353516, 609.064208984, 2324.07250977, 1892.35351562, 4628.28027344, 664.682678223, 919.692749023, 903.492370605, 987.757080078, 1302.1685791, 698.02142334, 457.029693604, 388.675079346, 481.952453613, 131.899475098, 246.493591309, 444.531005859, 98.7525863647, 29.978219986, 132.97467041, 62.752696991, 46.4264755249, 10.1293830872, 1.69340467453, 0.200902223587, 0.00863486249, 0.000173927037395, 1.69120099258e-07], "max": [13.3173246384, 72.694770813, 136.262176514, 80.6512527466, 82.6953811646, 141.17376709, 259.930664062, 760.325561523, 843.216674805, 1005.60894775, 485.618408203, 797.384765625, 945.092712402, 277.269378662, 910.463439941, 633.97088623, 1385.47045898, 488.096984863, 628.73840332, 397.305358887, 453.053649902, 555.152282715, 327.774414062, 230.866378784, 265.818054199, 239.892578125, 114.787528992, 207.663085938, 244.303710938, 97.3688201904, 53.3657493591, 254.587860107, 195.28137207, 215.825241089, 80.8322219849, 42.2297172546, 8.4469203949, 1.86030757427, 0.300691097975, 0.0118115041405], "mean": [0.512797832489, 3.36084485054, 3.94658970833, 2.80680537224, 3.02126145363, 6.57553911209, 13.2753486633, 14.27003479, 14.2999858856, 27.3499546051, 21.6263275146, 24.8090457916, 22.5694503784, 13.3483610153, 19.6579399109, 20.7130241394, 28.405916214, 14.1339006424, 14.7810058594, 15.5033569336, 18.83385849, 21.9618682861, 15.387503624, 9.66090011597, 8.43114376068, 10.083065033, 7.39407587051, 5.86290454865, 6.38404083252, 3.44060063362, 1.95911240578, 3.04410648346, 2.84245467186, 2.3390853405, 1.0684196949, 0.547888159752, 0.18710424006, 0.0402996018529, 0.00464512221515, 0.000220726113184], "median": [0.00246116984636, 0.0987731143832, 0.603669524193, 1.03084802628, 1.19628024101, 2.48648118973, 5.50241851807, 5.43775558472, 4.36204338074, 4.98097991943, 4.93832397461, 2.79277944565, 3.4928882122, 3.09510827065, 4.02475833893, 2.3123292923, 2.77217793465, 2.05778717995, 1.68837058544, 2.24889731407, 2.97418951988, 3.1288523674, 2.67529678345, 1.99390482903, 1.63258206844, 1.11262083054, 1.02102088928, 1.1083509922, 1.17112505436, 0.642785787582, 0.307680428028, 0.290131866932, 0.182648688555, 0.106683641672, 0.0388046950102, 0.0159624982625, 0.00354684051126, 0.000554455502424, 9.52116170083e-05, 1.75733512151e-05], "min": [1.268048492e-21, 7.83624868099e-21, 4.60135048487e-20, 4.93930901817e-20, 5.57666880537e-20, 4.9257093288e-20, 6.2131280643e-20, 2.60367169468e-19, 6.15655950865e-19, 1.26462070724e-18, 4.36995629863e-18, 5.77754638595e-18, 6.70535848311e-18, 3.26900247797e-18, 2.39378149018e-18, 4.97023547889e-18, 3.84879818473e-18, 6.34460433846e-18, 4.91103912554e-18, 5.77075564671e-18, 8.38489495016e-18, 1.08402573486e-17, 1.19276706362e-17, 1.41642024036e-17, 1.37650695601e-17, 1.46460169125e-17, 1.93961230868e-17, 2.15080624288e-17, 2.13936980916e-17, 2.02978525248e-17, 2.26318882069e-17, 1.51350014229e-17, 1.31801527782e-17, 1.04415463672e-17, 8.95870435082e-18, 8.07307763773e-18, 3.42566304136e-18, 1.22965257742e-18, 3.56640239421e-19, 3.3641778017e-20], "var": [2.71514797211, 87.3108673096, 137.676620483, 37.6591186523, 38.0001678467, 123.585380554, 474.479064941, 684.997436523, 1030.54724121, 5163.38232422, 1766.7611084, 2772.42211914, 3611.29931641, 592.95715332, 1361.26416016, 1707.3963623, 4719.66210938, 925.014099121, 933.09588623, 920.774230957, 1665.89538574, 2671.62011719, 829.5078125, 309.930480957, 254.83442688, 360.321838379, 168.807174683, 137.575515747, 224.673065186, 53.3132705688, 15.8314352036, 137.399200439, 154.643051147, 133.281097412, 19.5366821289, 3.66629767418, 0.338333189487, 0.0197219979018, 0.000360436359188, 5.73923330194e-07]}, "gfcc": {"mean": [-62.7894973755, 103.027008057, -112.171646118, 23.4346675873, -55.1028671265, 1.34703624249, -35.5796470642, 2.98988127708, -21.7945976257, -0.801806271076, -13.319234848, 0.621514856815, -9.4105463028], "cov": [[19352.0429688, -5343.68603516, 1783.93115234, 598.277954102, -804.682800293, 1673.37133789, -277.895568848, 1271.2409668, -67.3012313843, 1142.82946777, -287.301849365, 482.110870361, -145.917617798], [-5343.68603516, 3463.87939453, -823.124023438, -67.312210083, 622.39666748, -706.469177246, 413.790405273, -415.460968018, 279.491516113, -421.808959961, 269.747131348, -253.799301147, 64.6534042358], [1783.93115234, -823.124023438, 1128.98425293, 76.3727645874, 14.9924116135, 372.64654541, -22.1477775574, 219.518341064, -11.7480039597, 161.17199707, 25.7828960419, 122.987060547, -26.1524715424], [598.277954102, -67.312210083, 76.3727645874, 377.358032227, 42.6844139099, 20.2416286469, 15.9859952927, 23.2405834198, 62.621547699, 29.4824962616, 23.9149303436, -2.77017092705, 40.3608703613], [-804.682800293, 622.39666748, 14.9924116135, 42.6844139099, 529.331604004, -45.0675926208, 206.189254761, 30.8740615845, 151.072143555, 39.1295852661, 152.960144043, 1.733284235, 49.890789032], [1673.37133789, -706.469177246, 372.64654541, 20.2416286469, -45.0675926208, 510.761657715, 48.197177887, 237.29536438, 33.7353210449, 177.704910278, 16.4636039734, 107.68914032, -6.68867588043], [-277.895568848, 413.790405273, -22.1477775574, 15.9859952927, 206.189254761, 48.197177887, 382.890533447, 25.9006843567, 93.3375473022, 19.2369651794, 106.792160034, -0.954102754593, -2.47857165337], [1271.2409668, -415.460968018, 219.518341064, 23.2405834198, 30.8740615845, 237.29536438, 25.9006843567, 287.762695312, 68.5714797974, 143.620758057, 31.4139671326, 64.3491592407, 8.33285713196], [-67.3012313843, 279.491516113, -11.7480039597, 62.621547699, 151.072143555, 33.7353210449, 93.3375473022, 68.5714797974, 185.951721191, 50.4582138062, 74.8592910767, -1.18472862244, 22.2719345093], [1142.82946777, -421.808959961, 161.17199707, 29.4824962616, 39.1295852661, 177.704910278, 19.2369651794, 143.620758057, 50.4582138062, 208.410415649, 31.9587001801, 52.847984314, 1.4914842844], [-287.301849365, 269.747131348, 25.7828960419, 23.9149303436, 152.960144043, 16.4636039734, 106.792160034, 31.4139671326, 74.8592910767, 31.9587001801, 148.118469238, 11.6657876968, 17.7353420258], [482.110870361, -253.799301147, 122.987060547, -2.77017092705, 1.733284235, 107.68914032, -0.954102754593, 64.3491592407, -1.18472862244, 52.847984314, 11.6657876968, 108.701530457, 16.0160541534], [-145.917617798, 64.6534042358, -26.1524715424, 40.3608703613, 49.890789032, -6.68867588043, -2.47857165337, 8.33285713196, 22.2719345093, 1.4914842844, 17.7353420258, 16.0160541534, 79.4393692017]], "icov": [[0.000130174303195, 6.89148073434e-05, -2.04620355362e-05, -0.000195840053493, 0.000105589169834, -3.87990330637e-05, -5.17707339895e-05, -0.000261444452917, 4.87485085614e-05, -0.000352650415152, 0.000184282180271, -8.46065377118e-05, 0.000200884212973], [6.89148073434e-05, 0.00122502306476, 0.000182611489436, 0.000315903016599, -0.000529030628968, 0.000470659986604, -0.000507260265294, 0.000460949813714, -0.00144989229739, 0.00161497702356, -0.00108139321674, 0.000971495639533, -0.000241370566073], [-2.04620355362e-05, 0.000182611489436, 0.00137358077336, -0.000261823442997, -0.000467247708002, -0.000642736209556, 0.000255008693784, -0.000225089985179, 0.00034089651308, 0.000327353336615, -0.000447715487098, -0.00048417711514, 0.000765767123085], [-0.000195840053493, 0.000315903016599, -0.000261823442997, 0.00350511283614, -0.000118926989671, 0.000305663328618, -0.00014872403699, 0.00087454286404, -0.00165160233155, 0.000817868276499, -0.000642653438263, 0.00113718013745, -0.00211792462505], [0.000105589169834, -0.000529030628968, -0.000467247708002, -0.000118926989671, 0.00395957473665, 0.000702207616996, -0.000981019693427, -0.000469651538879, -0.000766953337006, -0.00169135618489, -0.00114437320735, -0.000544000940863, -0.00126591417938], [-3.87990330637e-05, 0.000470659986604, -0.000642736209556, 0.000305663328618, 0.000702207616996, 0.00472936825827, -0.00115111155901, -0.00168530549854, -0.000784280942753, -0.000714110792615, -0.000259515625658, -0.00131181138568, -0.000167451187735], [-5.17707339895e-05, -0.000507260265294, 0.000255008693784, -0.00014872403699, -0.000981019693427, -0.00115111155901, 0.00416147150099, 0.000132054672576, 4.16922284785e-06, 4.75877186545e-06, -0.00124213285744, -0.000212536964682, 0.00143135350663], [-0.000261444452917, 0.000460949813714, -0.000225089985179, 0.00087454286404, -0.000469651538879, -0.00168530549854, 0.000132054672576, 0.00797342415899, -0.00270917685702, -0.000783331110142, -0.000899603590369, 7.99460249254e-05, -0.00109403277747], [4.87485085614e-05, -0.00144989229739, 0.00034089651308, -0.00165160233155, -0.000766953337006, -0.000784280942753, 4.16922284785e-06, -0.00270917685702, 0.0109597295523, -0.00315027520992, -0.000471287232358, 6.54904433759e-05, -6.73464285228e-07], [-0.000352650415152, 0.00161497702356, 0.000327353336615, 0.000817868276499, -0.00169135618489, -0.000714110792615, 4.75877186545e-06, -0.000783331110142, -0.00315027520992, 0.0121673652902, -0.00290235178545, 0.000543972593732, 7.5851571637e-06], [0.000184282180271, -0.00108139321674, -0.000447715487098, -0.000642653438263, -0.00114437320735, -0.000259515625658, -0.00124213285744, -0.000899603590369, -0.000471287232358, -0.00290235178545, 0.0125865973532, -0.00198926404119, -7.21529722796e-05], [-8.46065377118e-05, 0.000971495639533, -0.00048417711514, 0.00113718013745, -0.000544000940863, -0.00131181138568, -0.000212536964682, 7.99460249254e-05, 6.54904433759e-05, 0.000543972593732, -0.00198926404119, 0.0142055368051, -0.00391555204988], [0.000200884212973, -0.000241370566073, 0.000765767123085, -0.00211792462505, -0.00126591417938, -0.000167451187735, 0.00143135350663, -0.00109403277747, -6.73464285228e-07, 7.5851571637e-06, -7.21529722796e-05, -0.00391555204988, 0.0162277538329]]}, "melbands": {"dmean": [0.00303381006233, 0.00214684591629, 0.000394960108679, 0.000178983726073, 0.000232623104239, 0.000134971749503, 0.000106717860035, 0.000164566285093, 8.43365414767e-05, 8.02378126536e-05, 6.74227921991e-05, 3.04254353978e-05, 3.21472580254e-05, 3.56162927346e-05, 3.36859920935e-05, 3.04800487356e-05, 1.2594875443e-05, 1.32957193273e-05, 1.09156562758e-05, 1.22716946862e-05, 9.21913942875e-06, 9.3897106126e-06, 8.37715015223e-06, 5.26486201124e-06, 3.9745691538e-06, 2.89350555249e-06, 3.40504379892e-06, 3.4116601455e-06, 2.13636371882e-06, 1.84503323908e-06, 1.93396704162e-06, 2.85211422124e-06, 1.99103737941e-06, 1.0248130593e-06, 6.63039656956e-07, 7.8340320897e-07, 1.22512699363e-06, 9.43824431943e-07, 1.10155713173e-06, 1.05622882529e-06], "dmean2": [0.00358531926759, 0.00334649323486, 0.000685405044351, 0.000304160959786, 0.000364355888451, 0.000203875257284, 0.000163021162734, 0.000255047081737, 0.000131747234263, 0.000124463564134, 0.000113009911729, 4.92577564728e-05, 5.23485541635e-05, 5.86048372497e-05, 5.4983443988e-05, 4.98008448631e-05, 1.94937692868e-05, 2.16493044718e-05, 1.73168209585e-05, 1.97955541807e-05, 1.41735763464e-05, 1.44791620187e-05, 1.37048746183e-05, 8.82479980646e-06, 6.63537275614e-06, 4.78720039609e-06, 5.62854393138e-06, 5.70089468965e-06, 3.46441947841e-06, 2.99329599329e-06, 3.24311054101e-06, 4.92051367473e-06, 3.32494482791e-06, 1.75871878128e-06, 1.15590091809e-06, 1.26812244616e-06, 1.86521901924e-06, 1.34795106987e-06, 1.53105884237e-06, 1.42969975059e-06], "dvar": [7.66480661696e-05, 5.13286831847e-05, 1.59423188961e-06, 1.91311357867e-07, 2.69867939551e-07, 1.35413330327e-07, 9.75770575451e-08, 2.68537064585e-07, 4.06450304524e-08, 5.02509251987e-08, 5.00821109028e-08, 4.5491881373e-09, 7.71860086957e-09, 7.72645769587e-09, 9.96480498117e-09, 6.83773304644e-09, 1.19959986389e-09, 1.42783274093e-09, 7.18578807568e-10, 1.15955856028e-09, 6.15002382354e-10, 6.92480905951e-10, 4.36942843018e-10, 1.77360084952e-10, 1.22318516427e-10, 6.2599106454e-11, 8.6796465848e-11, 9.15214570796e-11, 2.18816353925e-11, 1.88610741608e-11, 4.31580882143e-11, 6.61072377395e-11, 2.98670116416e-11, 7.49049780535e-12, 3.8197296888e-12, 5.30171045954e-12, 4.05354257105e-11, 1.77859116324e-11, 3.6413788651e-11, 2.86029134405e-11], "dvar2": [9.82178753475e-05, 0.00012359295215, 4.44023635282e-06, 5.30723468728e-07, 7.05264881162e-07, 3.24601728607e-07, 2.2147057166e-07, 6.6333251425e-07, 9.88262058854e-08, 1.23478741898e-07, 1.51564336193e-07, 1.14734941548e-08, 2.10015365099e-08, 2.11358042179e-08, 2.67159787626e-08, 1.79413408574e-08, 2.67002664422e-09, 3.31818106325e-09, 1.82297776874e-09, 2.951637601e-09, 1.37933009459e-09, 1.61047053471e-09, 1.16463905186e-09, 4.72644645644e-10, 3.41144723581e-10, 1.70736327854e-10, 2.28787738754e-10, 2.50456377859e-10, 5.62696764184e-11, 4.94064060497e-11, 1.19067602999e-10, 1.76940836982e-10, 7.81898643054e-11, 2.14102329615e-11, 1.10498494035e-11, 1.26412734447e-11, 9.27643448168e-11, 2.57267176312e-11, 5.35178845684e-11, 3.74991912522e-11], "max": [0.100159198046, 0.0748139172792, 0.0133239217103, 0.00596410688013, 0.010311528109, 0.01493415609, 0.0122514059767, 0.0124502815306, 0.00399286067113, 0.00530352070928, 0.00465131597593, 0.00135921046603, 0.00300967181101, 0.00189418205991, 0.00218413770199, 0.00270582712255, 0.000924640451558, 0.00123351765797, 0.00042117695557, 0.00084742665058, 0.000600707775448, 0.000623067608103, 0.000383057544241, 0.000393261376303, 0.000191939616343, 0.000174452085048, 0.000226456613746, 0.000171874926309, 7.88780889707e-05, 7.69513571868e-05, 0.000151557571371, 0.000153322602273, 0.000145144280395, 3.32242525474e-05, 2.86040231003e-05, 6.52746311971e-05, 0.000200105845579, 0.000128324172692, 0.000178352449439, 0.000187055775314], "mean": [0.00457146810368, 0.00297535699792, 0.000517690554261, 0.000293563585728, 0.000467453850433, 0.000310007017106, 0.000215347594349, 0.000325856264681, 0.000159859409905, 0.00015549804084, 0.000109005515696, 5.33199199708e-05, 5.62923414691e-05, 6.06969624641e-05, 6.19852653472e-05, 5.23605049239e-05, 2.39850069192e-05, 2.43360009335e-05, 2.05431679206e-05, 2.50674165727e-05, 2.08767523873e-05, 2.35012212215e-05, 1.85525350389e-05, 1.06190400402e-05, 7.54060602048e-06, 5.76212005399e-06, 6.65367906549e-06, 6.75226101521e-06, 4.83595658807e-06, 3.72176396013e-06, 3.32109743795e-06, 3.88327725886e-06, 2.79805044556e-06, 1.53971620875e-06, 1.01627404092e-06, 1.32196498726e-06, 2.1140035642e-06, 1.89893364677e-06, 2.1208572889e-06, 1.95493203137e-06], "median": [5.94435769017e-05, 0.00030623289058, 0.000204047799343, 0.00012932397658, 0.000205315358471, 0.000130780506879, 6.41458609607e-05, 5.05158604938e-05, 3.26213230437e-05, 1.46619731822e-05, 1.45172853081e-05, 1.13621536002e-05, 1.30774678837e-05, 8.21897992864e-06, 4.6615696192e-06, 5.4091497077e-06, 3.26212898472e-06, 2.31948183682e-06, 2.58031514022e-06, 2.91516880679e-06, 3.23450899486e-06, 2.96612438433e-06, 2.81035340777e-06, 1.68000724443e-06, 1.44072578223e-06, 1.1475788142e-06, 9.27347457491e-07, 5.86901535371e-07, 5.60181888432e-07, 6.65196182581e-07, 6.07954802945e-07, 6.89444505042e-07, 4.36876689491e-07, 2.84659506633e-07, 1.51449683017e-07, 1.60929147341e-07, 1.71330981402e-07, 1.254345392e-07, 9.24559060422e-08, 7.90336400769e-08], "min": [1.15100706751e-23, 1.99044500081e-23, 8.96640525233e-24, 3.73666253079e-24, 2.44253207425e-24, 5.33187417636e-24, 1.00946356967e-23, 1.57021911214e-23, 4.24234879787e-23, 3.73282038375e-23, 3.24197850674e-23, 1.26862678068e-23, 7.94994298759e-24, 8.76561254182e-24, 1.63961457489e-23, 5.33956162588e-24, 1.28335938918e-23, 6.19077764692e-24, 1.03691080158e-23, 6.76155006629e-24, 1.09187941831e-23, 1.18021945458e-23, 9.44733588092e-24, 1.15668378947e-23, 1.20001229024e-23, 7.64342713856e-24, 1.17340779844e-23, 8.59469241606e-24, 1.21482623029e-23, 1.11338920973e-23, 1.28883621378e-23, 1.32288392377e-23, 1.07773285458e-23, 1.08050112527e-23, 1.19073867809e-23, 1.29466558033e-23, 8.29528657037e-24, 9.06402836707e-24, 8.90379651772e-24, 8.81974812144e-24], "var": [0.000178515314474, 6.28040870652e-05, 1.22481469589e-06, 2.22223448532e-07, 5.74304465317e-07, 2.87539023702e-07, 2.40638087234e-07, 7.50373430947e-07, 9.70621769625e-08, 1.17218171169e-07, 8.93123868195e-08, 1.0162760411e-08, 1.15799956291e-08, 1.38282478801e-08, 2.41504594101e-08, 1.62470072951e-08, 3.44722850265e-09, 3.20286308586e-09, 1.59149482482e-09, 4.30009361452e-09, 2.24058616105e-09, 3.39975558816e-09, 1.50043832914e-09, 4.38870412234e-10, 1.99548808033e-10, 1.21729168412e-10, 1.63304481049e-10, 1.73774647449e-10, 7.58063958828e-11, 4.69482439036e-11, 5.3971504349e-11, 8.43895023306e-11, 4.828843575e-11, 9.7548991454e-12, 4.57727085401e-12, 1.14354099107e-11, 8.37388353103e-11, 6.080565218e-11, 1.15294725156e-10, 9.42363617695e-11]}, "mfcc": {"mean": [-703.103820801, 129.730438232, 5.02447462082, 19.7061157227, 3.1296248436, -0.938056707382, -3.10777902603, 0.0807508975267, -1.76612985134, -6.886759758, -1.37704086304, 0.248844146729, -0.678417026997], "cov": [[14845.3632812, -2447.96386719, 182.157989502, 166.801300049, -206.755111694, 404.634887695, 311.938873291, 109.717628479, 590.168579102, 479.173034668, 442.242645264, 546.013305664, 162.920425415], [-2447.96386719, 1879.22729492, -174.450241089, 86.9858398438, 175.473922729, -89.1913604736, 6.26258516312, 110.383102417, -94.5429534912, 1.57251739502, 37.4394683838, -44.9773101807, 15.9079551697], [182.157989502, -174.450241089, 689.547912598, -29.0256710052, 111.647834778, 97.3034210205, 99.5975723267, 84.287147522, 41.0545005798, 27.0163917542, 62.3188171387, 69.9502563477, 42.0311889648], [166.801300049, 86.9858398438, -29.0256710052, 349.28414917, 66.953994751, -2.15207242966, -3.19820022583, -16.6469020844, 14.8048763275, 14.8840589523, -7.29406881332, -1.82371711731, 5.28665590286], [-206.755111694, 175.473922729, 111.647834778, 66.953994751, 373.731994629, 18.0015144348, 43.4810371399, 36.6742095947, 51.8707618713, 68.3104629517, 54.6364517212, 73.0297088623, 83.103843689], [404.634887695, -89.1913604736, 97.3034210205, -2.15207242966, 18.0015144348, 230.768432617, 90.7758483887, 70.5586776733, 61.0310897827, 61.9434127808, 75.5054092407, 59.1921653748, 38.1304779053], [311.938873291, 6.26258516312, 99.5975723267, -3.19820022583, 43.4810371399, 90.7758483887, 247.814254761, 92.5135498047, 55.5562324524, 82.7156829834, 84.2387390137, 73.9043426514, 47.5653457642], [109.717628479, 110.383102417, 84.287147522, -16.6469020844, 36.6742095947, 70.5586776733, 92.5135498047, 186.385284424, 59.5470275879, 57.1504402161, 59.3645820618, 63.819190979, 56.6561927795], [590.168579102, -94.5429534912, 41.0545005798, 14.8048763275, 51.8707618713, 61.0310897827, 55.5562324524, 59.5470275879, 161.548370361, 69.3151245117, 65.7271194458, 75.518196106, 37.6854476929], [479.173034668, 1.57251739502, 27.0163917542, 14.8840589523, 68.3104629517, 61.9434127808, 82.7156829834, 57.1504402161, 69.3151245117, 162.715454102, 96.5234146118, 71.5755310059, 47.368812561], [442.242645264, 37.4394683838, 62.3188171387, -7.29406881332, 54.6364517212, 75.5054092407, 84.2387390137, 59.3645820618, 65.7271194458, 96.5234146118, 155.565917969, 94.9366149902, 51.5482902527], [546.013305664, -44.9773101807, 69.9502563477, -1.82371711731, 73.0297088623, 59.1921653748, 73.9043426514, 63.819190979, 75.518196106, 71.5755310059, 94.9366149902, 153.209289551, 77.9897155762], [162.920425415, 15.9079551697, 42.0311889648, 5.28665590286, 83.103843689, 38.1304779053, 47.5653457642, 56.6561927795, 37.6854476929, 47.368812561, 51.5482902527, 77.9897155762, 118.442222595]], "icov": [[0.00011529832409, 0.000134157613502, 2.68911899184e-05, -9.85070073511e-05, 0.000112590380013, 2.23509323405e-06, 9.01302882994e-06, 1.11076506073e-05, -0.000164674114785, -0.000155945454026, -0.000129399966681, -0.000246244191658, 6.28117559245e-05], [0.000134157613502, 0.000890541705303, 0.000307969457936, -0.000272947363555, -0.00035740894964, 0.000317341269692, 1.63454951689e-05, -0.000853795383591, 0.000464338023448, 5.5750260799e-05, -0.000875734549481, 0.000209540856304, 0.000222327144002], [2.68911899184e-05, 0.000307969457936, 0.00183228356764, 9.72297930275e-05, -0.000688747502863, -0.000374341267161, -0.000362905295333, -0.00073520798469, 0.000312533607939, 0.000622763647698, -0.000487705459818, -0.000221849768423, 0.000378113909392], [-9.85070073511e-05, -0.000272947363555, 9.72297930275e-05, 0.00317173474468, -0.00062216015067, -0.000187646044651, -6.0730111727e-05, 0.000550432596356, -0.000342073937645, -0.000238196851569, 0.000717087183148, 0.000292604090646, -4.65371886094e-05], [0.000112590380013, -0.00035740894964, -0.000688747502863, -0.00062216015067, 0.00402338057756, 0.000320961524267, 0.000102820806205, 0.000896142621059, -0.000941150181461, -0.00118851882871, 0.000366726395441, -0.000812840647995, -0.00208053924143], [2.23509323405e-06, 0.000317341269692, -0.000374341267161, -0.000187646044651, 0.000320961524267, 0.00606671674177, -0.000949623528868, -0.00110650015995, -0.000643423409201, -0.000257409701589, -0.00174074724782, 0.000370702036889, -0.000350926886313], [9.01302882994e-06, 1.63454951689e-05, -0.000362905295333, -6.0730111727e-05, 0.000102820806205, -0.000949623528868, 0.00603699218482, -0.00164116628002, 0.000207964141737, -0.00138505431823, -0.000940509373322, -0.000671104702633, 5.00957903569e-05], [1.11076506073e-05, -0.000853795383591, -0.00073520798469, 0.000550432596356, 0.000896142621059, -0.00110650015995, -0.00164116628002, 0.00894644204527, -0.00208580796607, -0.000770071172155, 0.000825119146612, -0.000762756273616, -0.00244246004149], [-0.000164674114785, 0.000464338023448, 0.000312533607939, -0.000342073937645, -0.000941150181461, -0.000643423409201, 0.000207964141737, -0.00208580796607, 0.00998854730278, -0.00136278837454, -0.000781222654041, -0.00230906973593, 0.00107756210491], [-0.000155945454026, 5.5750260799e-05, 0.000622763647698, -0.000238196851569, -0.00118851882871, -0.000257409701589, -0.00138505431823, -0.000770071172155, -0.00136278837454, 0.0115477470681, -0.0050228391774, 0.000618119956926, -0.00056765996851], [-0.000129399966681, -0.000875734549481, -0.000487705459818, 0.000717087183148, 0.000366726395441, -0.00174074724782, -0.000940509373322, 0.000825119146612, -0.000781222654041, -0.0050228391774, 0.0149338515475, -0.00554696889594, 0.000133113077027], [-0.000246244191658, 0.000209540856304, -0.000221849768423, 0.000292604090646, -0.000812840647995, 0.000370702036889, -0.000671104702633, -0.000762756273616, -0.00230906973593, 0.000618119956926, -0.00554696889594, 0.0158270765096, -0.00605831062421], [6.28117559245e-05, 0.000222327144002, 0.000378113909392, -4.65371886094e-05, -0.00208053924143, -0.000350926886313, 5.00957903569e-05, -0.00244246004149, 0.00107756210491, -0.00056765996851, 0.000133113077027, -0.00605831062421, 0.0147309629247]]}, "spectral_contrast_coeffs": {"dmean": [0.0434488616884, 0.0383597873151, 0.0324425585568, 0.0273848548532, 0.0202916767448, 0.0187905803323], "dmean2": [0.0707845464349, 0.0615325383842, 0.052369132638, 0.0436323322356, 0.0313763730228, 0.0293170940131], "dvar": [0.00152448331937, 0.0012212813599, 0.000815567560494, 0.000630196591374, 0.000386403786251, 0.000359046884114], "dvar2": [0.00391265517101, 0.00313849374652, 0.00206505809911, 0.00150265567936, 0.0008366361144, 0.000816674728412], "max": [-0.278968781233, -0.380783289671, -0.458116471767, -0.534429073334, -0.585393667221, -0.59769821167], "mean": [-0.600376725197, -0.682371020317, -0.750378966331, -0.767985105515, -0.772213876247, -0.76141089201], "median": [-0.601601004601, -0.684851527214, -0.761679708958, -0.775836527348, -0.774940490723, -0.766636133194], "min": [-0.940067589283, -0.973030567169, -0.968735575676, -0.959705591202, -0.96532356739, -0.957965195179], "var": [0.00921058282256, 0.00669574271888, 0.00539102172479, 0.00354040064849, 0.00272860564291, 0.00238949269988]}, "spectral_contrast_valleys": {"dmean": [0.404907912016, 0.323921978474, 0.292168885469, 0.277756392956, 0.259553432465, 0.31639072299], "dmean2": [0.651771366596, 0.521387755871, 0.46991956234, 0.438622266054, 0.392917901278, 0.451403230429], "dvar": [0.193065479398, 0.143171593547, 0.130139306188, 0.146664902568, 0.162423878908, 0.209343612194], "dvar2": [0.362332135439, 0.280000209808, 0.248978048563, 0.282474189997, 0.303795307875, 0.386913478374], "max": [-4.