{"lowlevel": {"average_loudness": 0.893507599831, "barkbands_crest": {"dmean": 1.84261715412, "dmean2": 3.09065461159, "dvar": 4.25303077698, "dvar2": 12.3578023911, "max": 25.188167572, "mean": 10.8322277069, "median": 10.1351661682, "min": 2.64293670654, "var": 12.7468662262}, "barkbands_flatness_db": {"dmean": 0.0214594900608, "dmean2": 0.0329244025052, "dvar": 0.000854248763062, "dvar2": 0.00182409898844, "max": 0.521022796631, "mean": 0.23407754302, "median": 0.228812396526, "min": 0.0381032079458, "var": 0.00765709765255}, "barkbands_kurtosis": {"dmean": 4.08262014389, "dmean2": 6.52082633972, "dvar": 65.8842849731, "dvar2": 162.966217041, "max": 167.049423218, "mean": 10.1036090851, "median": 6.14250421524, "min": -1.91801059246, "var": 183.423980713}, "barkbands_skewness": {"dmean": 0.497070848942, "dmean2": 0.779226243496, "dvar": 0.40665346384, "dvar2": 0.990818858147, "max": 10.4023141861, "mean": 2.06472873688, "median": 1.83752942085, "min": -2.86281752586, "var": 2.15012931824}, "barkbands_spread": {"dmean": 3.85777711868, "dmean2": 5.91648626328, "dvar": 79.7981948853, "dvar2": 172.080001831, "max": 123.385742188, "mean": 12.5753421783, "median": 6.01281261444, "min": 0.676482260227, "var": 303.585113525}, "dissonance": {"dmean": 0.0291127879173, "dmean2": 0.0479004308581, "dvar": 0.000878385093529, "dvar2": 0.00217275880277, "max": 0.499844253063, "mean": 0.380413711071, "median": 0.390988945961, "min": 0.124372318387, "var": 0.00502672512084}, "dynamic_complexity": 4.78363227844, "erbbands_crest": {"dmean": 1.65059971809, "dmean2": 2.61410784721, "dvar": 3.84263348579, "dvar2": 9.34039402008, "max": 30.5503005981, "mean": 11.3787202835, "median": 10.1930294037, "min": 1.99948191643, "var": 25.1392841339}, "erbbands_flatness_db": {"dmean": 0.0167111903429, "dmean2": 0.0238848030567, "dvar": 0.000660156074446, "dvar2": 0.00126219831873, "max": 0.436084330082, "mean": 0.21051672101, "median": 0.216770127416, "min": 0.0511988438666, "var": 0.00682084681466}, "erbbands_kurtosis": {"dmean": 1.49896705151, "dmean2": 2.29615092278, "dvar": 6.46779298782, "dvar2": 13.8916959763, "max": 91.6668319702, "mean": 4.05102014542, "median": 1.93535923958, "min": -1.76408004761, "var": 38.9948768616}, "erbbands_skewness": {"dmean": 0.3084641397, "dmean2": 0.464235186577, "dvar": 0.152574285865, "dvar2": 0.343414574862, "max": 7.24325990677, "mean": 1.12101304531, "median": 1.05013370514, "min": -2.92686676979, "var": 1.14755392075}, "erbbands_spread": {"dmean": 6.46160411835, "dmean2": 9.75632286072, "dvar": 174.545135498, "dvar2": 376.937591553, "max": 155.950500488, "mean": 29.2956218719, "median": 18.3116188049, "min": 1.34179270267, "var": 855.589050293}, "hfc": {"dmean": 5.33459997177, "dmean2": 7.89417028427, "dvar": 175.257980347, "dvar2": 347.586334229, "max": 247.666595459, "mean": 17.0320091248, "median": 14.0057039261, "min": 1.4990004793e-09, "var": 369.001251221}, "melbands_crest": {"dmean": 2.3041062355, "dmean2": 3.84884023666, "dvar": 6.16427278519, "dvar2": 17.2501354218, "max": 30.7740268707, "mean": 15.002404213, "median": 14.4801635742, "min": 3.55046391487, "var": 25.8742847443}, "melbands_flatness_db": {"dmean": 0.0252345334738, "dmean2": 0.0384566448629, "dvar": 0.00132047373336, "dvar2": 0.00273111555725, "max": 0.6997859478, "mean": 0.327615380287, "median": 0.317619144917, "min": 0.0288795921952, "var": 0.0121633661911}, "melbands_kurtosis": {"dmean": 7.12235307693, "dmean2": 11.4839744568, "dvar": 197.9271698, "dvar2": 530.775756836, "max": 306.270141602, "mean": 19.4372749329, "median": 9.31094455719, "min": -1.8147585392, "var": 893.318908691}, "melbands_skewness": {"dmean": 0.568181157112, "dmean2": 0.907155454159, "dvar": 0.539925396442, "dvar2": 1.30240607262, "max": 14.0974464417, "mean": 2.66283249855, "median": 2.23866081238, "min": -1.46821939945, "var": 3.99325466156}, "melbands_spread": {"dmean": 3.18192338943, "dmean2": 4.86945295334, "dvar": 99.3848953247, "dvar2": 181.74609375, "max": 275.220275879, "mean": 11.4615364075, "median": 6.62611865997, "min": 0.644587159157, "var": 505.154144287}, "pitch_salience": {"dmean": 0.054466702044, "dmean2": 0.0897081717849, "dvar": 0.00386647251435, "dvar2": 0.0108244689181, "max": 0.913027226925, "mean": 0.595044791698, "median": 0.605466485023, "min": 0.160851016641, "var": 0.0181527268142}, "silence_rate_20dB": {"dmean": 0, "dmean2": 0, "dvar": 0, "dvar2": 0, "max": 1, "mean": 1, "median": 1, "min": 1, "var": 0}, "silence_rate_30dB": {"dmean": 0.0200050007552, "dmean2": 0.0397698841989, "dvar": 0.0196042750031, "dvar2": 0.0486954934895, "max": 1, "mean": 0.985000014305, "median": 1, "min": 0, "var": 0.0147750722244}, "silence_rate_60dB": {"dmean": 0.0180045012385, "dmean2": 0.0357678830624, "dvar": 0.0176796782762, "dvar2": 0.0369915552437, "max": 1, "mean": 0.101250000298, "median": 0, "min": 0, "var": 0.0910002589226}, "spectral_centroid": {"dmean": 91.8031692505, "dmean2": 136.650085449, "dvar": 49020.1679688, "dvar2": 89253.7890625, "max": 5418.60839844, "mean": 563.256713867, "median": 413.04989624, "min": 139.261047363, "var": 291211.40625}, "spectral_complexity": {"dmean": 1.41285324097, "dmean2": 2.31940960884, "dvar": 4.43199872971, "dvar2": 9.79850292206, "max": 41, "mean": 9.86174964905, "median": 10, "min": 0, "var": 19.6351089478}, "spectral_decrease": {"dmean": 2.30853780536e-09, "dmean2": 3.89389898103e-09, "dvar": 3.34649978879e-17, "dvar2": 9.50473471041e-17, "max": -6.21003179155e-21, "mean": -8.58232329648e-09, "median": -8.2970021964e-09, "min": -7.29673956812e-08, "var": 4.9780533283e-17}, "spectral_energy": {"dmean": 0.00902968738228, "dmean2": 0.0151447225362, "dvar": 0.000490532023832, "dvar2": 0.00138957495801, "max": 0.278207689524, "mean": 0.0339364595711, "median": 0.0328324437141, "min": 1.59401856406e-13, "var": 0.000743610609788}, "spectral_energyband_high": {"dmean": 0.00035843779915, "dmean2": 0.000520779751241, "dvar": 1.43206773373e-06, "dvar2": 2.84459247268e-06, "max": 0.0221358630806, "mean": 0.000611409777775, "median": 4.22926532337e-05, "min": 1.02960764643e-13, "var": 2.6978209462e-06}, "spectral_energyband_low": {"dmean": 0.00582233676687, "dmean2": 0.0103220017627, "dvar": 0.000407461513532, "dvar2": 0.00118243077304, "max": 0.268495976925, "mean": 0.00977671332657, "median": 0.00639633880928, "min": 4.54082081045e-16, "var": 0.000313511030981}, "spectral_energyband_middle_high": {"dmean": 0.000599652295932, "dmean2": 0.000954644288868, "dvar": 2.71175485977e-06, "dvar2": 6.35317110209e-06, "max": 0.0497667342424, "mean": 0.00229903659783, "median": 0.00101934815757, "min": 2.42144290188e-14, "var": 1.98516536329e-05}, "spectral_energyband_middle_low": {"dmean": 0.00477644661441, "dmean2": 0.00755309313536, "dvar": 7.4675277574e-05, "dvar2": 0.000184624208487, "max": 0.118378527462, "mean": 0.0236279312521, "median": 0.0226290039718, "min": 2.04560828454e-14, "var": 0.000370570254745}, "spectral_entropy": {"dmean": 0.198603004217, "dmean2": 0.292254060507, "dvar": 0.101597420871, "dvar2": 0.20188434422, "max": 9.00587749481, "mean": 6.58136177063, "median": 6.39748859406, "min": 4.21532440186, "var": 0.771791756153}, "spectral_flux": {"dmean": 0.0203923042864, "dmean2": 0.0324517786503, "dvar": 0.00153257627971, "dvar2": 0.00311282393523, "max": 0.472149014473, "mean": 0.0541520416737, "median": 0.0404935963452, "min": 8.25911411084e-05, "var": 0.00275107915513}, "spectral_kurtosis": {"dmean": 7.69415998459, "dmean2": 12.7626962662, "dvar": 234.440505981, "dvar2": 592.911499023, "max": 325.228729248, "mean": 25.0247535706, "median": 12.4678516388, "min": -0.978818178177, "var": 1468.42907715}, "spectral_rms": {"dmean": 0.000683651072904, "dmean2": 0.00110403017607, "dvar": 1.52030077061e-06, "dvar2": 3.99083546654e-06, "max": 0.0164748951793, "mean": 0.00522907404229, "median": 0.00565965101123, "min": 1.2470525057e-08, "var": 5.76563797949e-06}, "spectral_rolloff": {"dmean": 368.772796631, "dmean2": 636.094726562, "dvar": 1872770.125, "dvar2": 4244648.5, "max": 17291.1621094, "mean": 1055.80786133, "median": 452.197265625, "min": 86.1328125, "var": 4897280.5}, "spectral_skewness": {"dmean": 0.534690380096, "dmean2": 0.856695055962, "dvar": 0.6486287117, "dvar2": 1.53933799267, "max": 13.7115163803, "mean": 3.41264200211, "median": 3.06339168549, "min": 0.199475362897, "var": 4.52463340759}, "spectral_spread": {"dmean": 743704.5, "dmean2": 1067717.625, "dvar": 2069750480900.0, "dvar2": 3819761303550.0, "max": 25542368, "mean": 4924030.5, "median": 3540673.25, "min": 237853.1875, "var": 14186855792600.0}, "spectral_strongpeak": {"dmean": 0.320827901363, "dmean2": 0.546928942204, "dvar": 0.622615516186, "dvar2": 1.54421627522, "max": 18.1239700317, "mean": 1.073325634, "median": 0.815156936646, "min": 5.83742867377e-08, "var": 1.15473258495}, "zerocrossingrate": {"dmean": 0.00962276663631, "dmean2": 0.0106937009841, "dvar": 0.000426635378972, "dvar2": 0.000420638534706, "max": 0.494140625, "mean": 0.0474859625101, "median": 0.02392578125, "min": 0.0029296875, "var": 0.00391259975731}, "barkbands": {"dmean": [3.82966645702e-05, 0.00271143042482, 0.00265024788678, 0.00226006726734, 0.00172247306909, 0.00115519273095, 0.00102038332261, 0.000380549725378, 0.000341339153238, 0.000410287408158, 0.000154503490194, 7.83153518569e-05, 8.75750702107e-05, 4.45062032668e-05, 2.67609557341e-05, 2.42698715738e-05, 9.42854330788e-06, 9.5727336884e-06, 8.53210713103e-06, 1.69676131918e-05, 2.48572014243e-05, 2.56540806731e-05, 4.34818139183e-05, 7.94428415247e-05, 0.000124621932628, 5.84790941502e-05, 2.71219287242e-05], "dmean2": [5.57134808332e-05, 0.0048323716037, 0.00477829901502, 0.00372787751257, 0.00276373862289, 0.00166413339321, 0.00166768440977, 0.000560480111744, 0.000515455205459, 0.000663459824864, 0.000236000691075, 0.000123441161122, 0.000139089650474, 7.10508029442e-05, 4.20371143264e-05, 3.94056005462e-05, 1.49626393977e-05, 1.61070365721e-05, 1.34541496664e-05, 2.73689547612e-05, 4.06050967285e-05, 4.08755986427e-05, 6.92723624525e-05, 0.000120733624499, 0.000184619173524, 8.61277076183e-05, 4.04753227485e-05], "dvar": [2.04353991506e-08, 7.52986743464e-05, 0.000115579343401, 2.1435373128e-05, 1.42253384183e-05, 8.99490260053e-06, 4.51997266282e-06, 8.736323025e-07, 1.76980290689e-06, 1.97688086701e-06, 2.64990973164e-07, 5.77149243952e-08, 1.38451881071e-07, 2.19486473441e-08, 4.53325821326e-09, 9.43640099393e-09, 5.56824641951e-10, 1.04382757993e-09, 9.87768311589e-10, 3.65465235852e-09, 1.41453275759e-08, 6.50803855251e-09, 1.96549798659e-08, 6.76826985568e-08, 2.1863776567e-07, 5.12335738279e-08, 1.12936744401e-08], "dvar2": [3.39858807763e-08, 0.000222817616304, 0.00033622700721, 5.77412502025e-05, 3.54493022314e-05, 1.99158184842e-05, 1.28358178699e-05, 1.58185912369e-06, 4.19204661739e-06, 4.89642297907e-06, 4.79106518014e-07, 1.1844213077e-07, 2.80449597767e-07, 4.83059743317e-08, 1.08181161806e-08, 2.57534207293e-08, 1.38844535869e-09, 2.75136025074e-09, 2.51939291651e-09, 9.5435996883e-09, 3.83402287696e-08, 1.52471493209e-08, 4.95559682179e-08, 1.47537065232e-07, 4.12200762412e-07, 9.56113765938e-08, 2.26282690363e-08], "max": [0.00200728839263, 0.116226792336, 0.14157384634, 0.06500800699, 0.0964127704501, 0.081169500947, 0.035652320832, 0.0397615879774, 0.0384185686707, 0.0495998039842, 0.0252410452813, 0.00836224667728, 0.0200885888189, 0.00515859248117, 0.00240278430283, 0.00200541573577, 0.000424400757765, 0.000461252668174, 0.000443280994659, 0.00092862569727, 0.00211108732037, 0.000961059762631, 0.00156969646923, 0.00326033169404, 0.0107360184193, 0.00463788444176, 0.00198679487221], "mean": [4.11385663028e-05, 0.00363896414638, 0.00378799741156, 0.00459984503686, 0.00671054376289, 0.00542786018923, 0.00448172027245, 0.00112828030251, 0.000998844159767, 0.00131655961741, 0.000502360926475, 0.000177742054802, 0.000206414741115, 0.000115387934784, 7.92770224507e-05, 5.31395453436e-05, 1.81529067049e-05, 1.3795131963e-05, 1.29558247863e-05, 2.6735051506e-05, 3.10807372443e-05, 3.80278033845e-05, 5.99329105171e-05, 0.00013124216639, 0.000216763597564, 8.89789007488e-05, 3.28081478074e-05], "median": [2.84071518308e-07, 0.000563275127206, 0.00188580318354, 0.00274243252352, 0.00461554247886, 0.00362647976726, 0.000993127701804, 0.000582911889069, 0.000288420793368, 0.000333102245349, 0.00012723216787, 5.5782176787e-05, 6.18022459093e-05, 3.52602910425e-05, 3.00826905004e-05, 1.48165736391e-05, 8.25587903819e-06, 6.41354745312e-06, 4.75771412312e-06, 5.27000429429e-06, 7.0803480412e-06, 4.35176116298e-06, 4.34568482888e-06, 7.7546465036e-06, 6.07368201599e-06, 1.67778375726e-06, 2.09793213912e-07], "min": [7.9596389157e-18, 8.79684214486e-17, 1.87550643986e-16, 4.29680676491e-16, 3.24744533395e-15, 5.41466065642e-15, 3.30243725399e-15, 3.95692034233e-15, 3.97040425982e-15, 1.37454367922e-15, 6.84430679348e-16, 2.18921700328e-15, 1.12205120446e-15, 3.55059821401e-15, 3.22256543519e-15, 1.33418128874e-15, 1.32344514613e-15, 2.83819035406e-15, 4.50574475259e-15, 2.65164807632e-15, 1.22391483612e-14, 3.58275200821e-15, 1.32757582935e-14, 7.82311329161e-15, 1.4421172996e-14, 2.56609444522e-14, 2.71620071134e-14], "var": [3.09032515133e-08, 7.22880504327e-05, 7.62995477999e-05, 4.24157478847e-05, 5.00794085383e-05, 4.13607849623e-05, 4.68868638563e-05, 3.59930140803e-06, 5.00766964251e-06, 1.46293332364e-05, 1.41352234095e-06, 1.55512154265e-07, 5.80278481266e-07, 6.38791348706e-08, 1.47721701538e-08, 1.28460859727e-08, 9.04788133305e-10, 9.35549304693e-10, 9.70238334119e-10, 4.09198319673e-09, 1.08055600023e-08, 8.49177084206e-09, 2.26363550127e-08, 1.17849481285e-07, 4.57015374877e-07, 8.88602258442e-08, 1.59568553926e-08]}, "erbbands": {"dmean": [0.0501757077873, 0.738218724728, 2.58606171608, 5.84325218201, 5.29569864273, 6.73868083954, 8.00063610077, 10.3473110199, 16.1404056549, 8.82054233551, 9.05757045746, 8.36458587646, 8.58658885956, 12.1916856766, 5.51397323608, 3.32643580437, 4.31622743607, 2.54763555527, 1.54816782475, 1.39565086365, 1.07584857941, 0.545529305935, 0.519289970398, 0.44145154953, 0.499632954597, 0.769351065159, 1.13484454155, 0.86757516861, 0.969341516495, 1.09401214123, 1.24823904037, 1.44374108315, 1.45731031895, 1.70172154903, 0.793603539467, 0.294905334711, 0.0972220897675, 0.0306964535266, 0.00419155089185, 0.000257316656644], "dmean2": [0.0832837745547, 1.33015751839, 4.69721031189, 9.76667881012, 9.02670097351, 10.7330694199, 12.0176105499, 14.9041948318, 25.6333656311, 13.7789669037, 13.5372629166, 12.784661293, 12.8610906601, 20.0912132263, 8.23439407349, 5.17986726761, 6.80589866638, 4.0829615593, 2.4150993824, 2.19464635849, 1.75390684605, 0.867637574673, 0.86520409584, 0.740607082844, 0.807687878609, 1.24401271343, 1.93936133385, 1.35720932484, 1.52887177467, 1.76924788952, 1.97943937778, 2.20995521545, 2.25691580772, 2.54319620132, 1.18193793297, 0.43337136507, 0.148110792041, 0.0462115518749, 0.00615025265142, 0.000387948646676], "dvar": [0.0196674056351, 6.47807693481, 122.261695862, 184.456451416, 134.819610596, 302.43572998, 421.207427979, 764.139221191, 989.736328125, 341.918060303, 556.775756836, 1531.14343262, 693.868041992, 2119.96899414, 373.431671143, 102.461746216, 379.847503662, 75.6570129395, 12.7449798584, 21.3427581787, 22.8554019928, 2.17850160599, 2.76336574554, 3.61398291588, 3.03434109688, 8.09221076965, 41.4011611938, 10.9580526352, 9.25844860077, 12.9258460999, 14.7986478806, 23.4440021515, 24.3898773193, 43.3877182007, 8.76994991302, 1.30771315098, 0.120452038944, 0.0139195071533, 0.000274945661658, 1.40064878451e-06], "dvar2": [0.0463022217155, 19.3009548187, 357.141479492, 512.378967285, 414.789794922, 733.22088623, 969.937438965, 1624.79614258, 2751.88867188, 785.186401367, 1051.34216309, 3656.73657227, 1413.25512695, 5314.57861328, 625.89654541, 200.389312744, 749.454589844, 164.772827148, 30.1278533936, 54.1750526428, 62.7239379883, 5.54211997986, 7.14287233353, 9.77791690826, 7.78361463547, 21.2939395905, 115.536651611, 27.60871315, 21.8036632538, 32.5661315918, 36.09217453, 55.0212783813, 53.9306602478, 80.425239563, 17.8806095123, 2.45362281799, 0.239727124572, 0.0270330067724, 0.000535179802682, 3.02760486193e-06], "max": [2.00091075897, 32.5336341858, 145.11579895, 152.91217041, 167.704879761, 504.747161865, 447.314727783, 717.667053223, 610.383239746, 403.085388184, 955.926818848, 1177.27880859, 838.338623047, 1383.11755371, 1152.33093262, 348.713775635, 1068.00402832, 306.116760254, 82.8300476074, 160.83215332, 73.878112793, 25.8901081085, 30.7283592224, 27.4994411469, 24.1027698517, 45.6138076782, 111.810798645, 73.9253921509, 41.2689628601, 41.3855056763, 40.3972816467, 64.6016998291, 64.1831512451, 162.578109741, 59.3151092529, 23.4815559387, 6.15374803543, 2.58210873604, 0.321258306503, 0.0208883304149], "mean": [0.0854016244411, 0.907416760921, 3.56844949722, 11.113697052, 13.7272796631, 22.2721939087, 44.70470047, 45.635471344, 81.8853302002, 31.2158145905, 26.040933609, 24.0080833435, 28.2247848511, 40.3436050415, 18.6797561646, 9.07050132751, 10.6827859879, 6.64304590225, 4.87797880173, 3.9607219696, 2.13682365417, 1.09830069542, 0.813523292542, 0.602862656116, 0.824513971806, 1.21526408195, 1.29406762123, 1.2055542469, 1.40630054474, 1.50995576382, 1.7896296978, 2.08279752731, 2.49234461784, 2.98578858376, 1.27797937393, 0.455744922161, 0.146240845323, 0.0403708033264, 0.00529762357473, 0.000331701041432], "median": [0.00599401211366, 0.201303392649, 1.68280172348, 8.66417312622, 4.96716833115, 11.5213775635, 7.55744218826, 21.0590782166, 29.0873756409, 15.2291030884, 14.6451148987, 7.03314352036, 10.3598909378, 11.7390594482, 5.20210647583, 3.47352695465, 2.93993234634, 2.33641958237, 1.87929415703, 1.30637836456, 0.628387331963, 0.518801450729, 0.408875584602, 0.239287748933, 0.272389411926, 0.238953471184, 0.329887986183, 0.240144744515, 0.155845105648, 0.133243560791, 0.129138067365, 0.146569505334, 0.129550084472, 0.0735757425427, 0.038904696703, 0.0111298467964, 0.00247956858948, 0.000386249797884, 5.66880116821e-05, 5.41339541087e-05], "min": [1.89858454072e-15, 2.42136853238e-14, 1.72721022597e-13, 9.00561797443e-13, 3.78819371705e-12, 1.22975015587e-11, 2.91989557533e-11, 4.78715851682e-11, 5.06821910828e-11, 5.23025685262e-11, 1.06142102052e-10, 9.65903815264e-11, 3.16445133985e-11, 4.70468386471e-11, 5.44866755881e-11, 7.98076882358e-11, 6.13847583875e-11, 1.19832338497e-10, 2.09634212767e-10, 1.02875298558e-10, 8.89137999338e-11, 7.63572122198e-11, 1.45652559458e-10, 1.60916210912e-10, 2.68045807772e-10, 1.28099808538e-10, 3.35757033287e-10, 4.62007238022e-10, 1.16710835441e-10, 2.33173286235e-10, 3.82762710416e-10, 1.69317393439e-10, 1.79210479789e-10, 1.21080021009e-10, 1.21667814712e-10, 1.49880829969e-10, 3.70784930537e-11, 1.66541468116e-11, 4.13452171805e-12, 3.19485025458e-13], "var": [0.0392916053534, 4.97882890701, 78.2280654907, 194.638961792, 408.032196045, 1013.64941406, 4172.4140625, 4241.72509766, 12491.4423828, 1746.79858398, 2130.4465332, 4041.00439453, 4916.52197266, 13350.3681641, 2286.45556641, 337.134185791, 1642.51586914, 217.301208496, 56.632724762, 49.9750137329, 24.2743206024, 3.25264286995, 2.63255596161, 2.91050601006, 3.23628282547, 8.74654197693, 27.603181839, 11.0691385269, 12.079615593, 14.4785375595, 19.1808700562, 30.7994422913, 43.9062461853, 95.5564956665, 15.5122079849, 2.21243071556, 0.216618329287, 0.0216172598302, 0.000420488067903, 1.66518816513e-06]}, "gfcc": {"mean": [-65.1749038696, 131.219100952, -65.6552352905, -7.38815259933, -65.0136260986, 9.23042583466, -40.8583908081, -4.37621831894, -24.7311515808, -1.80564367771, -16.5757923126, -8.10282325745, -8.32615661621], "cov": [[11584.8212891, -4156.47167969, -442.644622803, 811.041015625, -1232.73815918, 157.786651611, -627.502502441, 241.381790161, -544.272705078, 150.383453369, -306.901306152, 227.372528076, 58.7000312805], [-4156.47167969, 4821.22998047, -610.918151855, -773.477539062, 1094.42980957, -273.9871521, 429.623535156, -351.287689209, 598.246704102, -82.9870223999, 310.710662842, -179.889907837, 217.27456665], [-442.644622803, -610.918151855, 795.22253418, 78.1552658081, 9.47486972809, 140.734085083, 72.8745422363, 152.424850464, -15.1791210175, 36.6780853271, 22.5895366669, 36.0273399353, -107.829467773], [811.041015625, -773.477539062, 78.1552658081, 486.529907227, -203.119613647, 28.8871326447, -45.2245445251, 49.1659088135, -97.7848739624, 28.1888370514, -9.70778465271, 22.7919559479, -7.69487857819], [-1232.73815918, 1094.42980957, 9.47486972809, -203.119613647, 585.62878418, 87.7566680908, 237.232620239, -22.1101455688, 214.744644165, 18.8891448975, 104.275299072, -26.083864212, 13.3340415955], [157.786651611, -273.9871521, 140.734085083, 28.8871326447, 87.7566680908, 355.96472168, 137.800033569, 125.926300049, -6.66332006454, 39.1935577393, 7.23676586151, 2.29018688202, -28.0784778595], [-627.502502441, 429.623535156, 72.8745422363, -45.2245445251, 237.232620239, 137.800033569, 253.281387329, 51.0112915039, 114.923500061, 29.35871315, 62.2326164246, -10.1311178207, 15.8114881516], [241.381790161, -351.287689209, 152.424850464, 49.1659088135, -22.1101455688, 125.926300049, 51.0112915039, 174.62008667, 9.35743141174, 43.1547393799, 9.07874011993, 14.0242977142, -33.5645828247], [-544.272705078, 598.246704102, -15.1791210175, -97.7848739624, 214.744644165, -6.66332006454, 114.923500061, 9.35743141174, 174.563674927, 39.0917205811, 61.4972915649, -23.0241794586, 18.2447986603], [150.383453369, -82.9870223999, 36.6780853271, 28.1888370514, 18.8891448975, 39.1935577393, 29.35871315, 43.1547393799, 39.0917205811, 85.5983581543, 33.9379806519, 16.7260417938, 2.15805149078], [-306.901306152, 310.710662842, 22.5895366669, -9.70778465271, 104.275299072, 7.23676586151, 62.2326164246, 9.07874011993, 61.4972915649, 33.9379806519, 106.96496582, 12.6947526932, 12.7566871643], [227.372528076, -179.889907837, 36.0273399353, 22.7919559479, -26.083864212, 2.29018688202, -10.1311178207, 14.0242977142, -23.0241794586, 16.7260417938, 12.6947526932, 70.1725921631, 18.2660427094], [58.7000312805, 217.27456665, -107.829467773, -7.69487857819, 13.3340415955, -28.0784778595, 15.8114881516, -33.5645828247, 18.2447986603, 2.15805149078, 12.7566871643, 18.2660427094, 86.4511413574]], "icov": [[0.000168078782735, 0.000129346211907, 0.000186587087228, -6.11430659774e-05, 4.42024283984e-05, -0.000131046894239, 0.000259073887719, -9.64152277447e-05, -0.000145528203575, -0.00014056872169, 6.66853156872e-05, -0.000163110060384, -0.000287272880087], [0.000129346211907, 0.00130306789652, 0.000400638382416, 0.000752424297389, -0.000751708983444, 0.00035912002204, -0.000213929830352, 0.000875770754647, -0.00168693857267, 0.00155768461991, -0.00219482416287, 0.0019558139611, -0.00195661280304], [0.000186587087228, 0.000400638382416, 0.00215543387458, -4.70959712402e-05, -0.000121079843666, -2.35612569668e-05, -0.000449075101642, -0.000792059698142, -0.000327035115333, 0.000319429382216, -0.000624091480859, -0.00114059774205, 0.00173042120878], [-6.11430659774e-05, 0.000752424297389, -4.70959712402e-05, 0.00326430308633, 0.000187924903003, 0.000491929880809, -0.000914559292141, 0.000337995239533, 0.000606502988376, -0.000109157539555, -0.00214282399975, 0.00192322849762, -0.0014038659865], [4.42024283984e-05, -0.000751708983444, -0.000121079843666, 0.000187924903003, 0.00545527692884, -0.00177980668377, -0.00167072273325, 0.00167973071802, -0.00368512654677, 0.00069038750371, -0.00011722263298, -0.00258614332415, 0.00258738105185], [-0.000131046894239, 0.00035912002204, -2.35612569668e-05, 0.000491929880809, -0.00177980668377, 0.00622224574909, -0.00364201352932, -0.00290907477029, 0.00428323633969, -0.00177773775067, 0.000182061819942, 0.00227144290693, -0.000333443662385], [0.000259073887719, -0.000213929830352, -0.000449075101642, -0.000914559292141, -0.00167072273325, -0.00364201352932, 0.010655852966, -0.0013631330803, -0.00376928830519, 0.000973212823737, -0.000620363745838, -0.000184002914466, -0.00278151594102], [-9.64152277447e-05, 0.000875770754647, -0.000792059698142, 0.000337995239533, 0.00167973071802, -0.00290907477029, -0.0013631330803, 0.0117784217, -0.00473367841914, -0.000399486074457, -0.0015718593495, -0.000645863474347, 0.00190231727902], [-0.000145528203575, -0.00168693857267, -0.000327035115333, 0.000606502988376, -0.00368512654677, 0.00428323633969, -0.00376928830519, -0.00473367841914, 0.0212921407074, -0.0098285023123, 0.000930182926822, 0.00430044531822, -0.00049838272389], [-0.00014056872169, 0.00155768461991, 0.000319429382216, -0.000109157539555, 0.00069038750371, -0.00177773775067, 0.000973212823737, -0.000399486074457, -0.0098285023123, 0.0214743670076, -0.00685328291729, -0.0018564236816, -0.00150602206122], [6.66853156872e-05, -0.00219482416287, -0.000624091480859, -0.00214282399975, -0.00011722263298, 0.000182061819942, -0.000620363745838, -0.0015718593495, 0.000930182926822, -0.00685328291729, 0.0185663476586, -0.00678737321869, 0.00275135785341], [-0.000163110060384, 0.0019558139611, -0.00114059774205, 0.00192322849762, -0.00258614332415, 0.00227144290693, -0.000184002914466, -0.000645863474347, 0.00430044531822, -0.0018564236816, -0.00678737321869, 0.0245532412082, -0.0101841585711], [-0.000287272880087, -0.00195661280304, 0.00173042120878, -0.0014038659865, 0.00258738105185, -0.000333443662385, -0.00278151594102, 0.00190231727902, -0.00049838272389, -0.00150602206122, 0.00275135785341, -0.0101841585711, 0.0213416442275]]}, "melbands": {"dmean": [0.000608401722275, 0.00123022764456, 0.000995838665403, 0.000375299248844, 0.000295462697977, 0.000224558869377, 0.000242596390308, 8.6648229626e-05, 7.10366148269e-05, 5.19461209478e-05, 4.46683334303e-05, 5.405545744e-05, 2.08764249692e-05, 1.04931823444e-05, 6.60776095174e-06, 9.48210890783e-06, 4.59905550088e-06, 2.73541058959e-06, 2.01191073756e-06, 1.73679643467e-06, 1.25181338717e-06, 5.33203774467e-07, 6.33429294794e-07, 3.80109952403e-07, 3.73108122176e-07, 3.17979583997e-07, 5.46675323676e-07, 4.77572882573e-07, 8.61937166974e-07, 4.32303750131e-07, 5.67010090435e-07, 5.61478032068e-07, 5.38725259958e-07, 6.85369684561e-07, 6.89950297783e-07, 7.69560301705e-07, 9.54628603722e-07, 9.46047634898e-07, 1.3025504586e-06, 1.54491613102e-06], "dmean2": [0.0010705802124, 0.0022316116374, 0.00167361926287, 0.000618314370513, 0.000443999218987, 0.000322447594954, 0.000388950895285, 0.000132612593006, 0.000107339059468, 7.88323595771e-05, 6.76043491694e-05, 8.93758915481e-05, 3.1236151699e-05, 1.63179029187e-05, 1.05455337689e-05, 1.49077823153e-05, 7.38097060093e-06, 4.28803832619e-06, 3.17220110446e-06, 2.78140669252e-06, 2.0710294848e-06, 8.4040556203e-07, 1.05681988316e-06, 6.33434638075e-07, 6.39525694623e-07, 4.90652098506e-07, 9.34199988478e-07, 7.53167455514e-07, 1.51135486703e-06, 6.94087532338e-07, 8.95547543678e-07, 9.03365958038e-07, 8.67881908562e-07, 1.11428983018e-06, 1.09671771042e-06, 1.24456926187e-06, 1.46266506817e-06, 1.48072501815e-06, 2.0038837647e-06, 2.32502884501e-06], "dvar": [3.17588865073e-06, 2.60147699009e-05, 4.7361900215e-06, 7.31769148388e-07, 5.10602831127e-07, 3.50503171376e-07, 2.29967440646e-07, 3.34432748161e-08, 3.2124340521e-08, 5.68346578689e-08, 1.9538509477e-08, 4.23201811373e-08, 5.12700015776e-09, 1.13467168994e-09, 3.22985527212e-10, 1.89882287671e-09, 2.92818186365e-10, 4.19956083797e-11, 2.98573353541e-11, 3.38596650717e-11, 3.40209839467e-11, 1.91996158555e-12, 3.35805385235e-12, 2.04036201996e-12, 2.67698992314e-12, 1.15714230732e-12, 3.45908349707e-12, 2.66917434336e-12, 2.82083852804e-11, 2.73019215742e-12, 5.1327206374e-12, 3.30450077024e-12, 2.54677117069e-12, 5.46949248045e-12, 4.46314122812e-12, 8.01493940661e-12, 1.03857677666e-11, 1.00992079283e-11, 2.02104635111e-11, 4.12758612012e-11], "dvar2": [9.14215070225e-06, 7.63325588196e-05, 1.32326158564e-05, 1.87530440598e-06, 1.18901323276e-06, 7.51066863813e-07, 6.55751762224e-07, 7.11040257784e-08, 6.57734204879e-08, 1.34166043608e-07, 4.16461141128e-08, 1.06002893574e-07, 8.83322659462e-09, 2.31105223847e-09, 6.99214408595e-10, 3.90086851709e-09, 6.22889129165e-10, 1.02753160147e-10, 7.14141384917e-11, 8.94149546071e-11, 9.39347766238e-11, 4.75590270291e-12, 8.94256023398e-12, 5.31557220115e-12, 7.33519842089e-12, 2.80016071094e-12, 9.68486575659e-12, 6.68554361177e-12, 8.00256111377e-11, 6.91830750674e-12, 1.31928773461e-11, 8.16325305963e-12, 6.04297905119e-12, 1.41618834715e-11, 1.02084261183e-11, 2.05333527958e-11, 2.47997542641e-11, 2.39798163965e-11, 4.19290747955e-11, 7.67595084716e-11], "max": [0.0241013746709, 0.0651590675116, 0.0223812181503, 0.026525573805, 0.0148651590571, 0.0157328117639, 0.00794118922204, 0.00373609131202, 0.00634120963514, 0.00722147524357, 0.00403916509822, 0.00667827902362, 0.00402386533096, 0.00115371600259, 0.000698341638781, 0.00235305470414, 0.000648616522085, 0.000116959461593, 0.0001720872242, 0.000175262888661, 9.03268373804e-05, 2.18361656152e-05, 3.54015355697e-05, 2.10787002288e-05, 2.36664145632e-05, 1.60513427545e-05, 2.91157102765e-05, 2.76860282611e-05, 9.2058100563e-05, 2.38953725784e-05, 5.22953523614e-05, 2.45564115176e-05, 1.92304960365e-05, 2.71932767646e-05, 3.14772041747e-05, 3.8187179598e-05, 5.03011106048e-05, 4.3098556489e-05, 7.66916855355e-05, 0.000165327423019], "mean": [0.000895961129572, 0.00168830330949, 0.00207487097941, 0.00110167032108, 0.00153641402721, 0.00100814295001, 0.00118831906002, 0.000284946261672, 0.000193854401005, 0.000148697392433, 0.000143092562212, 0.00017159053823, 6.83159814798e-05, 2.55190352618e-05, 1.85920689546e-05, 2.22223898163e-05, 1.08064687083e-05, 7.9021028796e-06, 5.94286848354e-06, 4.16886814492e-06, 2.16178068513e-06, 1.09628570044e-06, 9.95449340735e-07, 5.35501897048e-07, 4.72652089911e-07, 5.05080322455e-07, 8.28199858915e-07, 7.590137443e-07, 9.08338961381e-07, 5.78014919483e-07, 7.55242808737e-07, 7.52522396397e-07, 7.99505471605e-07, 8.74137469964e-07, 1.00920124169e-06, 1.04641151211e-06, 1.34318884193e-06, 1.51340407228e-06, 2.25399116971e-06, 2.63705715042e-06], "median": [0.000104746868601, 0.000752882799134, 0.00152539857663, 0.000528603326529, 0.000359774916433, 0.000514091167133, 0.000453632179415, 0.000146774720633, 0.00010338476568, 4.2108938942e-05, 5.13605264132e-05, 4.48834216513e-05, 1.67295747815e-05, 9.27243854676e-06, 6.84314090904e-06, 5.25031646248e-06, 3.69762051378e-06, 2.81546954284e-06, 1.99560736291e-06, 1.24025280002e-06, 5.47870286027e-07, 4.68572466161e-07, 4.70733084512e-07, 2.44638101776e-07, 1.6432690586e-07, 1.79211951945e-07, 1.62592129982e-07, 1.45946614794e-07, 2.11858576904e-07, 1.71833022478e-07, 1.18591216847e-07, 8.26111801189e-08, 7.73677868438e-08, 6.68304949158e-08, 7.22802511177e-08, 7.11339112058e-08, 9.07766093405e-08, 9.6833339569e-08, 6.9206961939e-08, 5.48338086048e-08], "min": [2.08149843371e-17, 6.93921021777e-17, 2.17267789089e-16, 5.3997561588e-16, 9.54664365071e-16, 1.07447675194e-15, 7.51334900176e-16, 6.08401796096e-16, 9.24504380555e-16, 5.41264747086e-16, 1.46624089852e-16, 1.99769041311e-16, 1.24623361959e-16, 2.77020590152e-16, 1.45942466558e-16, 1.00329484268e-16, 2.54381384706e-16, 3.66727520255e-16, 2.30992131584e-16, 6.82043634623e-17, 1.11158489479e-16, 5.91999069247e-17, 1.22632159554e-16, 1.42946696312e-16, 1.15820029425e-16, 2.13146867921e-16, 1.5985152841e-16, 4.90122313864e-17, 1.81082925394e-16, 2.78002248399e-16, 2.73238826271e-16, 5.33963349551e-17, 6.54199411716e-17, 1.52210536837e-16, 1.94746175638e-16, 2.30204205655e-16, 5.45806491428e-17, 1.1358799173e-16, 1.19284817695e-16, 1.03024087979e-16], "var": [4.00786348109e-06, 1.70653511304e-05, 6.46150328976e-06, 2.06587355933e-06, 4.00725866712e-06, 1.86623924492e-06, 2.57057467934e-06, 1.78830433128e-07, 1.08837753032e-07, 1.56838837029e-07, 1.39454115811e-07, 2.83282645341e-07, 2.88648500657e-08, 3.12712988837e-09, 1.50591639159e-09, 7.81600917321e-09, 7.68063279644e-10, 1.70109676345e-10, 9.85745929327e-11, 6.48937431569e-11, 3.13800027629e-11, 3.60075858019e-12, 3.54529990435e-12, 1.84026925643e-12, 2.0536066337e-12, 1.29590587393e-12, 3.82737461516e-12, 3.17422151931e-12, 1.77081838776e-11, 2.50098466242e-12, 4.97732671051e-12, 3.76374539174e-12, 3.58396667378e-12, 5.60752833056e-12, 6.54000551631e-12, 8.19253258982e-12, 1.33117215168e-11, 1.54829794818e-11, 4.24481040595e-11, 8.4971620018e-11]}, "mfcc": {"mean": [-725.359924316, 172.503433228, 44.0985717773, -3.17551040649, -2.0614926815, 1.90363514423, -4.42247676849, -9.28166770935, -2.7132692337, -3.13359093666, -7.79162216187, -4.31770372391, -3.5975894928], "cov": [[9120.89160156, -2382.95532227, -318.673553467, -163.336639404, -199.449279785, -340.268829346, -181.836929321, -229.921447754, -56.0551109314, -144.453216553, -300.100952148, -183.354553223, -122.690872192], [-2382.95532227, 3625.49194336, -740.177246094, -32.7075386047, 113.106399536, 314.986816406, -95.2201004028, 1.75576114655, 119.004310608, 78.4093933105, 88.2966308594, 172.561248779, 48.2332611084], [-318.673553467, -740.177246094, 731.686767578, 6.57019758224, 44.8778038025, -37.2924003601, 159.387313843, 101.289253235, 0.541764616966, 60.0132408142, 107.252006531, 10.4589147568, 33.3592643738], [-163.336639404, -32.7075386047, 6.57019758224, 292.387084961, 18.2329235077, -33.1265068054, -30.3131561279, -29.4264469147, -19.4831161499, -25.6000900269, 8.50590991974, 23.9677028656, -2.73074698448], [-199.449279785, 113.106399536, 44.8778038025, 18.2329235077, 142.172851562, 80.5821151733, 64.5683746338, 48.7747993469, 26.6101551056, 32.6432533264, 55.3985748291, 45.5637321472, 36.0230178833], [-340.268829346, 314.986816406, -37.2924003601, -33.1265068054, 80.5821151733, 242.984008789, 124.098602295, 84.0704650879, 75.0878372192, 63.5932426453, 49.5913925171, 60.6824417114, 60.6026191711], [-181.836929321, -95.2201004028, 159.387313843, -30.3131561279, 64.5683746338, 124.098602295, 220.367996216, 124.00050354, 60.359413147, 81.6896362305, 70.2367324829, 59.9823646545, 57.5937080383], [-229.921447754, 1.75576114655, 101.289253235, -29.4264469147, 48.7747993469, 84.0704650879, 124.00050354, 141.826263428, 63.9523124695, 66.0765304565, 70.7649993896, 36.6198616028, 29.700712204], [-56.0551109314, 119.004310608, 0.541764616966, -19.4831161499, 26.6101551056, 75.0878372192, 60.359413147, 63.9523124695, 115.322021484, 70.883140564, 48.3984451294, 37.3708496094, 29.5928268433], [-144.453216553, 78.4093933105, 60.0132408142, -25.6000900269, 32.6432533264, 63.5932426453, 81.6896362305, 66.0765304565, 70.883140564, 118.626411438, 84.4612045288, 43.2053604126, 32.2471694946], [-300.100952148, 88.2966308594, 107.252006531, 8.50590991974, 55.3985748291, 49.5913925171, 70.2367324829, 70.7649993896, 48.3984451294, 84.4612045288, 138.933380127, 77.3634338379, 38.7193908691], [-183.354553223, 172.561248779, 10.4589147568, 23.9677028656, 45.5637321472, 60.6824417114, 59.9823646545, 36.6198616028, 37.3708496094, 43.2053604126, 77.3634338379, 107.086395264, 53.975353241], [-122.690872192, 48.2332611084, 33.3592643738, -2.73074698448, 36.0230178833, 60.6026191711, 57.5937080383, 29.700712204, 29.5928268433, 32.2471694946, 38.7193908691, 53.975353241, 79.6864395142]], "icov": [[0.00016779267753, 0.000153154440341, 0.000186783261597, 0.000132239321829, -7.72267158027e-05, 0.000116061077279, -2.0276838768e-05, 0.000192461186089, -0.000214445331949, -8.62367232912e-05, 0.000223322917009, -0.000212800528971, 0.000131710752612], [0.000153154440341, 0.000594751851168, 0.000531343801413, 0.000203343908652, -0.000230589546845, -0.000461219489807, 0.000579970423132, 6.91619861755e-05, -0.000161146846949, -0.000305777357426, 6.18073754595e-05, -0.000848652387504, 0.000398776988732], [0.000186783261597, 0.000531343801413, 0.002828479046, 5.58493265999e-05, -0.000390796805732, 0.00120278599206, -0.00195303966757, 7.54943976062e-05, 0.00025092807482, 0.000481341499835, -0.00254086055793, 0.00165826862212, -0.000747450743802], [0.000132239321829, 0.000203343908652, 5.58493265999e-05, 0.00397290382534, -0.000894550175872, 0.000471623730846, 0.000321825733408, 0.00085269153351, -0.00030441567651, 0.000920415797736, -0.000148412073031, -0.00191457464825, 0.000798110500909], [-7.72267158027e-05, -0.000230589546845, -0.000390796805732, -0.000894550175872, 0.0103282304481, -0.00251030060463, -0.000634717172943, -0.000811461941339, 0.000746562087443, 0.0014639244182, -0.00300174043514, 0.000135594673338, -0.00134802178945], [0.000116061077279, -0.000461219489807, 0.00120278599206, 0.000471623730846, -0.00251030060463, 0.00936766713858, -0.00429035676643, -0.000533834914677, -0.00232651853003, 0.000206485274248, 0.000801984453574, 0.00058782286942, -0.00272649573162], [-2.0276838768e-05, 0.000579970423132, -0.00195303966757, 0.000321825733408, -0.000634717172943, -0.00429035676643, 0.0152347506955, -0.00875919032842, 0.00254106894135, -0.005642242264, 0.00575784919783, -0.0058189756237, -0.00126673246268], [0.000192461186089, 6.91619861755e-05, 7.54943976062e-05, 0.00085269153351, -0.000811461941339, -0.000533834914677, -0.00875919032842, 0.0191442463547, -0.00585016002879, 0.00260524032637, -0.00685822824016, 0.00397527823225, 0.0019782227464], [-0.000214445331949, -0.000161146846949, 0.00025092807482, -0.00030441567651, 0.000746562087443, -0.00232651853003, 0.00254106894135, -0.00585016002879, 0.0173262339085, -0.00889703817666, 0.0026563485153, -0.00228131189942, -0.00115178176202], [-8.62367232912e-05, -0.000305777357426, 0.000481341499835, 0.000920415797736, 0.0014639244182, 0.000206485274248, -0.005642242264, 0.00260524032637, -0.00889703817666, 0.0237639974803, -0.0137104587629, 0.00572983408347, -0.00136141502298], [0.000223322917009, 6.18073754595e-05, -0.00254086055793, -0.000148412073031, -0.00300174043514, 0.000801984453574, 0.00575784919783, -0.00685822824016, 0.0026563485153, -0.0137104587629, 0.026220837608, -0.0151296872646, 0.00257599935867], [-0.000212800528971, -0.000848652387504, 0.00165826862212, -0.00191457464825, 0.000135594673338, 0.00058782286942, -0.0058189756237, 0.00397527823225, -0.00228131189942, 0.00572983408347, -0.0151296872646, 0.0269370060414, -0.0107238478959], [0.000131710752612, 0.000398776988732, -0.000747450743802, 0.000798110500909, -0.00134802178945, -0.00272649573162, -0.00126673246268, 0.0019782227464, -0.00115178176202, -0.00136141502298, 0.00257599935867, -0.0107238478959, 0.0227027535439]]}, "spectral_contrast_coeffs": {"dmean": [0.0419631712139, 0.0350467674434, 0.0293015707284, 0.0241354741156, 0.0174516290426, 0.0126820551232], "dmean2": [0.070462718606, 0.0573907382786, 0.0481553860009, 0.0392258241773, 0.0287974961102, 0.0206421874464], "dvar": [0.00141112459823, 0.00109510775656, 0.000661258469336, 0.000498393201269, 0.000261756009422, 0.000197629924514], "dvar2": [0.0036991131492, 0.00268872431479, 0.00162892742082, 0.00115579203703, 0.000630273250863, 0.000464816606836], "max": [-0.253265708685, -0.353614449501, -0.448570817709, -0.529813945293, -0.658131480217, -0.689986348152], "mean": [-0.539704144001, -0.643580436707, -0.72627979517, -0.769611656666, -0.819757163525, -0.822878658772], "median": [-0.542893648148, -0.652276992798, -0.727564454079, -0.773031830788, -0.822031021118, -0.824438452721], "min": [-0.928037524223, -0.96009761095, -0.972109436989, -0.97053027153, -0.972803175449, -0.958025038242], "var": [0.0132779981941, 0.0136247687042, 0.00702308956534, 0.00435017189011, 0.00171221408527, 0.00156792718917]}, "spectral_contrast_valleys": {"dmean": [0.39965108037, 0.30280739069, 0.283047318459, 0.275667816401, 0.296897828579, 0.313766032457], "dmean2": [0.664263665676, 0.500687479973, 0.46017190814, 0.436505705118, 0.433623492718, 0.413167506456], "dvar": [0.160244867206, 0.113165773451, 0.0987999141216, 0.128399536014, 0.241318061948, 0.333395153284], "dvar2": [0.359008520842, 0.238669246435, 0.195338860154, 0.243828743696, 0.450614959002, 0.602059364319], "max": [-4.928352