{"lowlevel": {"average_loudness": 0.928418159485, "barkbands_crest": {"dmean": 2.36555457115, "dmean2": 3.8418905735, "dvar": 8.34445285797, "dvar2": 20.2182445526, "max": 26.1315822601, "mean": 13.3816022873, "median": 12.4588251114, "min": 2.42278170586, "var": 19.8442440033}, "barkbands_flatness_db": {"dmean": 0.0266892760992, "dmean2": 0.040009368211, "dvar": 0.000901043356862, "dvar2": 0.00216654269025, "max": 0.532460093498, "mean": 0.265302270651, "median": 0.260041385889, "min": 0.0306317750365, "var": 0.00604489631951}, "barkbands_kurtosis": {"dmean": 4.78764390945, "dmean2": 7.23673057556, "dvar": 78.5111465454, "dvar2": 173.32824707, "max": 289.904022217, "mean": 17.4549732208, "median": 11.0764436722, "min": -1.25735807419, "var": 537.074035645}, "barkbands_skewness": {"dmean": 0.522915005684, "dmean2": 0.782276511192, "dvar": 0.384730011225, "dvar2": 0.798145473003, "max": 12.2173900604, "mean": 2.87318992615, "median": 2.59622454643, "min": -2.04521536827, "var": 2.18787264824}, "barkbands_spread": {"dmean": 1.67590558529, "dmean2": 2.60243463516, "dvar": 7.28850460052, "dvar2": 16.9071292877, "max": 52.3731002808, "mean": 6.17443370819, "median": 5.10787010193, "min": 0.263612687588, "var": 22.7481594086}, "dissonance": {"dmean": 0.0218354221433, "dmean2": 0.0352785624564, "dvar": 0.000473436026368, "dvar2": 0.00115052540787, "max": 0.498290151358, "mean": 0.409788131714, "median": 0.421828866005, "min": 0.183084562421, "var": 0.0028623547405}, "dynamic_complexity": 3.22617340088, "erbbands_crest": {"dmean": 1.92618906498, "dmean2": 3.02819085121, "dvar": 4.5700211525, "dvar2": 12.2638940811, "max": 27.9605102539, "mean": 12.842663765, "median": 12.0670728683, "min": 3.31034445763, "var": 22.3788604736}, "erbbands_flatness_db": {"dmean": 0.023538062349, "dmean2": 0.0316262841225, "dvar": 0.000789897807408, "dvar2": 0.00155535025988, "max": 0.481226891279, "mean": 0.264923155308, "median": 0.27133128047, "min": 0.0685694590211, "var": 0.00508992793038}, "erbbands_kurtosis": {"dmean": 1.47796714306, "dmean2": 2.21396207809, "dvar": 4.48423862457, "dvar2": 9.77600002289, "max": 91.8305358887, "mean": 4.78313112259, "median": 2.99355125427, "min": -1.82567846775, "var": 52.7970619202}, "erbbands_skewness": {"dmean": 0.28141617775, "dmean2": 0.421339899302, "dvar": 0.0994859263301, "dvar2": 0.217453151941, "max": 7.60700321198, "mean": 1.79573917389, "median": 1.6819678545, "min": -0.791768431664, "var": 0.860700249672}, "erbbands_spread": {"dmean": 4.80658149719, "dmean2": 7.06329536438, "dvar": 47.3293075562, "dvar2": 100.232421875, "max": 110.25087738, "mean": 21.9236927032, "median": 19.0301399231, "min": 1.96580517292, "var": 177.464477539}, "hfc": {"dmean": 3.3575501442, "dmean2": 5.01065683365, "dvar": 44.7405586243, "dvar2": 104.583000183, "max": 93.209564209, "mean": 12.8193292618, "median": 11.1800689697, "min": 3.26499452474e-11, "var": 101.306427002}, "melbands_crest": {"dmean": 2.67857456207, "dmean2": 4.30909061432, "dvar": 8.77921485901, "dvar2": 22.8958091736, "max": 32.6907958984, "mean": 15.4466848373, "median": 14.6569948196, "min": 4.038438797, "var": 23.4792175293}, "melbands_flatness_db": {"dmean": 0.0291193816811, "dmean2": 0.0428350940347, "dvar": 0.00107260292862, "dvar2": 0.00251945899799, "max": 0.629091203213, "mean": 0.33930554986, "median": 0.332553178072, "min": 0.0202045049518, "var": 0.00718495901674}, "melbands_kurtosis": {"dmean": 6.18289232254, "dmean2": 9.24362373352, "dvar": 84.7041473389, "dvar2": 176.232543945, "max": 190.805114746, "mean": 20.4906463623, "median": 15.6914596558, "min": -1.10570192337, "var": 279.306762695}, "melbands_skewness": {"dmean": 0.572975099087, "dmean2": 0.841412723064, "dvar": 0.409519523382, "dvar2": 0.812017977238, "max": 9.65255355835, "mean": 2.84905862808, "median": 2.68330192566, "min": -0.256598562002, "var": 1.56973791122}, "melbands_spread": {"dmean": 1.52043044567, "dmean2": 2.33882260323, "dvar": 7.04327726364, "dvar2": 12.7135686874, "max": 112.232826233, "mean": 6.66248464584, "median": 5.97890281677, "min": 0.400531202555, "var": 20.2656440735}, "pitch_salience": {"dmean": 0.0625191628933, "dmean2": 0.0988845154643, "dvar": 0.0052828961052, "dvar2": 0.0117137134075, "max": 0.97299438715, "mean": 0.570871353149, "median": 0.586063861847, "min": 0.0790802687407, "var": 0.017131306231}, "silence_rate_20dB": {"dmean": 0, "dmean2": 0, "dvar": 0, "dvar2": 0, "max": 1, "mean": 1, "median": 1, "min": 1, "var": 0}, "silence_rate_30dB": {"dmean": 0.0651586800814, "dmean2": 0.130339354277, "dvar": 0.0609102882445, "dvar2": 0.119763061404, "max": 1, "mean": 0.934177219868, "median": 1, "min": 0, "var": 0.0614906549454}, "silence_rate_60dB": {"dmean": 0.00810263305902, "dmean2": 0.0160391684622, "dvar": 0.00803620088845, "dvar2": 0.0184849593788, "max": 1, "mean": 0.0646413490176, "median": 0, "min": 0, "var": 0.0604645311832}, "spectral_centroid": {"dmean": 73.5980682373, "dmean2": 109.718963623, "dvar": 33067.1914062, "dvar2": 46646.03125, "max": 11237.4853516, "mean": 577.885375977, "median": 519.284790039, "min": 164.546112061, "var": 83102.4921875}, "spectral_complexity": {"dmean": 1.76637411118, "dmean2": 2.80550408363, "dvar": 5.7168469429, "dvar2": 11.7301464081, "max": 36, "mean": 12.3677635193, "median": 12, "min": 0, "var": 36.3582115173}, "spectral_decrease": {"dmean": 3.51142737109e-09, "dmean2": 5.30452304304e-09, "dvar": 5.43727356414e-17, "dvar2": 9.29546330939e-17, "max": 6.44537816535e-24, "mean": -9.24948384551e-09, "median": -6.85987222582e-09, "min": -5.8555503557e-08, "var": 9.40538502488e-17}, "spectral_energy": {"dmean": 0.0134999956936, "dmean2": 0.0203903187066, "dvar": 0.000797010841779, "dvar2": 0.00136514264159, "max": 0.224371284246, "mean": 0.0360723882914, "median": 0.0269246958196, "min": 2.93711829658e-15, "var": 0.00138974701986}, "spectral_energyband_high": {"dmean": 0.00011699773313, "dmean2": 0.000172908621607, "dvar": 1.04233933484e-07, "dvar2": 2.3373489455e-07, "max": 0.00797521136701, "mean": 0.000194361797185, "median": 4.66206402052e-05, "min": 2.39780754863e-15, "var": 1.99941268875e-07}, "spectral_energyband_low": {"dmean": 0.0097421919927, "dmean2": 0.014229987748, "dvar": 0.000663114304189, "dvar2": 0.00113391713239, "max": 0.180143639445, "mean": 0.0116363773122, "median": 0.00113020685967, "min": 5.14932090869e-18, "var": 0.000982074299827}, "spectral_energyband_middle_high": {"dmean": 0.000465335062472, "dmean2": 0.00068389455555, "dvar": 1.26038253256e-06, "dvar2": 3.07842947223e-06, "max": 0.019284311682, "mean": 0.0016400058521, "median": 0.00121570832562, "min": 3.00013564203e-16, "var": 2.83156964542e-06}, "spectral_energyband_middle_low": {"dmean": 0.00554849719629, "dmean2": 0.00924454536289, "dvar": 0.000102361467725, "dvar2": 0.000280217995169, "max": 0.187211364508, "mean": 0.0230897311121, "median": 0.0214940886945, "min": 4.02012954074e-17, "var": 0.000239038359723}, "spectral_entropy": {"dmean": 0.214391797781, "dmean2": 0.311927109957, "dvar": 0.0710785463452, "dvar2": 0.157802462578, "max": 9.8057975769, "mean": 6.42369270325, "median": 6.46948957443, "min": 4.16087150574, "var": 0.416087031364}, "spectral_flux": {"dmean": 0.0334868095815, "dmean2": 0.0545488372445, "dvar": 0.00311423954554, "dvar2": 0.00655895192176, "max": 0.415229260921, "mean": 0.066265553236, "median": 0.0423420183361, "min": 2.66227707471e-05, "var": 0.00549520878121}, "spectral_kurtosis": {"dmean": 8.75469112396, "dmean2": 14.9208965302, "dvar": 89.6967544556, "dvar2": 249.152877808, "max": 126.545837402, "mean": 16.5209217072, "median": 10.6775636673, "min": -1.17574119568, "var": 258.895568848}, "spectral_rms": {"dmean": 0.000881951884367, "dmean2": 0.00131866836455, "dvar": 2.41081579588e-06, "dvar2": 3.97844132749e-06, "max": 0.0147952297702, "mean": 0.00533045781776, "median": 0.00512523110956, "min": 1.6927732549e-09, "var": 6.7787586886e-06}, "spectral_rolloff": {"dmean": 74.9909591675, "dmean2": 123.012039185, "dvar": 96177.78125, "dvar2": 154808.796875, "max": 18217.0898438, "mean": 508.612854004, "median": 452.197265625, "min": 64.599609375, "var": 152953.921875}, "spectral_skewness": {"dmean": 0.689251124859, "dmean2": 1.16532492638, "dvar": 0.444231271744, "dvar2": 1.25657558441, "max": 9.62476444244, "mean": 2.62179589272, "median": 2.29742860794, "min": -0.00355175090954, "var": 1.43817818165}, "spectral_spread": {"dmean": 534555.6875, "dmean2": 786821.75, "dvar": 585590112256, "dvar2": 945680482304, "max": 39466200, "mean": 2712853.5, "median": 2345230, "min": 640183.875, "var": 1917773152260.0}, "spectral_strongpeak": {"dmean": 0.289463013411, "dmean2": 0.48899319768, "dvar": 0.158028915524, "dvar2": 0.389893323183, "max": 5.73302745819, "mean": 1.1834666729, "median": 1.1499838829, "min": 1.60748356848e-07, "var": 0.507088065147}, "zerocrossingrate": {"dmean": 0.00390179897659, "dmean2": 0.00488709937781, "dvar": 5.265744403e-05, "dvar2": 6.93965266692e-05, "max": 0.50439453125, "mean": 0.0261335540563, "median": 0.02392578125, "min": 0.0029296875, "var": 0.000193194617168}, "barkbands": {"dmean": [0.000115956587251, 0.00936914421618, 0.00201196828857, 0.00104731484316, 0.00265238340944, 0.0014435792109, 0.00170009350404, 0.000683346996084, 0.000352832779754, 0.000117707291793, 5.62361456105e-05, 9.73994901869e-05, 8.40342036099e-05, 6.41122314846e-05, 5.52336678084e-05, 6.04793021921e-05, 8.55277758092e-05, 3.89463821193e-05, 3.87960717489e-05, 2.3800854251e-05, 5.71140226384e-05, 1.57035537995e-05, 1.12572588478e-05, 5.97858479523e-06, 2.50679531746e-05, 2.5643932986e-06, 2.84853649646e-06], "dmean2": [0.000183107375051, 0.0140790753067, 0.00383151648566, 0.00194123131223, 0.00446287263185, 0.0019429520471, 0.0029225689359, 0.000953820941504, 0.000430589512689, 0.000142515666084, 7.3746254202e-05, 0.000132339875563, 0.000126605096739, 9.81790872174e-05, 8.4531660832e-05, 0.000101088138763, 0.000132637243951, 6.35560936644e-05, 6.20090722805e-05, 3.85792955058e-05, 8.31379875308e-05, 2.48480919254e-05, 1.78541758942e-05, 9.49469540501e-06, 3.68503497157e-05, 4.3616887524e-06, 4.74496118841e-06], "dvar": [8.09766902421e-08, 0.000667151471134, 6.00494167884e-05, 1.18393609227e-05, 3.9109167119e-05, 5.60100033908e-06, 9.60931356531e-06, 3.30506532009e-06, 4.8006046427e-07, 3.67701851189e-08, 1.66338356422e-08, 6.33657890603e-08, 4.06931945918e-08, 1.72753384931e-08, 1.30245130237e-08, 2.52353622443e-08, 1.06270476863e-07, 9.09707331687e-09, 6.65794575028e-09, 3.54450158113e-09, 2.41034658899e-08, 2.33737829092e-09, 1.66285174519e-09, 5.20456511222e-10, 1.84372463963e-08, 3.17586706933e-10, 7.22221005223e-10], "dvar2": [1.7741571412e-07, 0.00134308182169, 0.000174561297172, 3.40401202266e-05, 0.000108233216451, 1.08262674985e-05, 3.00337778754e-05, 6.71073075864e-06, 8.08588026757e-07, 6.57289902506e-08, 3.73199959824e-08, 1.36611262747e-07, 9.21790572761e-08, 4.25753370337e-08, 3.10776435697e-08, 6.78192577652e-08, 2.66803908744e-07, 2.26609468967e-08, 1.60070126043e-08, 9.17841269654e-09, 4.77290029721e-08, 5.44808909098e-09, 4.00958466429e-09, 1.29526389614e-09, 4.29149764614e-08, 8.92854290502e-10, 2.07230077542e-09], "max": [0.00295855151489, 0.176455408335, 0.083796441555, 0.0449002496898, 0.130418688059, 0.0537145286798, 0.0583113506436, 0.0599265396595, 0.0197161193937, 0.00441432977095, 0.00395494885743, 0.00469120079651, 0.00331388879567, 0.00214175879955, 0.00196472532116, 0.00344203342684, 0.00693967007101, 0.00150528387167, 0.00110861728899, 0.00123457866721, 0.00515758479014, 0.00169677089434, 0.000775492866524, 0.000421272416133, 0.00283441087231, 0.000486520701088, 0.00111494795419], "mean": [0.000144478210132, 0.00957140047103, 0.00144424359314, 0.000913580646738, 0.00595607561991, 0.00826280657202, 0.00473946984857, 0.00205258908682, 0.00114469602704, 0.000372319831513, 0.000174301327206, 0.000252767145867, 0.000196015927941, 0.000116562601761, 0.00011260008614, 0.000101856661786, 0.000160809751833, 6.72463138471e-05, 7.64377327869e-05, 3.58735123882e-05, 0.000108944201202, 1.89191450772e-05, 1.29400086735e-05, 6.6683028308e-06, 2.44958209805e-05, 1.99029614123e-06, 2.33476953326e-06], "median": [8.89354680567e-07, 0.00032571394695, 0.000227515381994, 0.000177894282388, 0.00429289927706, 0.00661607505754, 0.00263064657338, 0.000590995710809, 0.000534032471478, 0.000192110645003, 6.46942498861e-05, 0.000110899432912, 8.91237286851e-05, 6.05925160926e-05, 5.39926550118e-05, 4.19693096774e-05, 5.49842407054e-05, 3.22458363371e-05, 3.37268793373e-05, 1.16227420222e-05, 2.74063313555e-05, 2.28302883443e-06, 4.91137086556e-07, 9.19296496704e-08, 3.67578607552e-08, 7.22032478251e-09, 6.64616717216e-09], "min": [1.96375283039e-18, 2.53525832625e-18, 1.19722999254e-18, 8.01042325582e-19, 1.48708328156e-18, 3.23461720029e-18, 5.69203659013e-18, 7.72942545224e-18, 1.58667369733e-17, 1.86681263927e-17, 1.85327665573e-17, 2.91457982188e-17, 1.35801591244e-17, 3.28004442925e-17, 2.68578348425e-17, 3.51115968501e-17, 1.30936230687e-17, 3.42651098421e-17, 3.3656569609e-17, 2.17950947631e-16, 5.87726317423e-17, 7.90008042267e-17, 1.82312976052e-16, 4.26733187123e-16, 4.99007067441e-16, 3.99793092478e-16, 6.0114245904e-16], "var": [1.24386701827e-07, 0.000814147409983, 3.29872127622e-05, 7.300622201e-06, 4.57760870631e-05, 4.86432145408e-05, 3.20772560372e-05, 1.66803729371e-05, 3.02767489302e-06, 2.29250161965e-07, 7.33309875045e-08, 1.68684110236e-07, 9.37757818065e-08, 2.72711826454e-08, 2.76948188827e-08, 2.95208373302e-08, 1.58287079444e-07, 1.25742252166e-08, 1.36137368045e-08, 6.07356120952e-09, 7.40399528354e-08, 3.18665827059e-09, 1.96672922392e-09, 5.80873071865e-10, 1.89847746412e-08, 2.03115052555e-10, 4.47659270764e-10]}, "erbbands": {"dmean": [0.294030427933, 2.04586553574, 2.38782334328, 3.17001605034, 6.01053380966, 9.75597381592, 12.0125284195, 10.8545370102, 27.7093887329, 10.9947605133, 15.2664785385, 9.42868041992, 2.70782494545, 3.43993782997, 2.35751342773, 3.712454319, 4.23764705658, 2.86152124405, 2.91728782654, 3.67280602455, 3.53853034973, 5.22504901886, 2.06280684471, 1.93146061897, 1.73582291603, 1.24755609035, 3.06417036057, 1.05370569229, 0.580722749233, 0.41528698802, 0.342596173286, 0.179176494479, 0.081293515861, 0.381188005209, 0.124410137534, 0.0143351806328, 0.0043772268109, 0.00280117080547, 0.000486310105771, 2.86026061076e-05], "dmean2": [0.476570039988, 3.00473928452, 4.0545630455, 5.94919919968, 10.1740617752, 16.4662761688, 18.4803371429, 14.4919729233, 48.5904541016, 16.8233737946, 20.8599357605, 11.2162752151, 3.52077150345, 4.1635632515, 3.19512915611, 5.13951921463, 6.18097162247, 4.43613004684, 4.61002349854, 5.57489538193, 5.94617891312, 8.14035224915, 3.23731780052, 3.1168243885, 2.73747467995, 1.98511707783, 4.42380189896, 1.62412798405, 0.930036962032, 0.656862795353, 0.547556340694, 0.285706818104, 0.129787147045, 0.572797596455, 0.181129097939, 0.0231354031712, 0.00747791631147, 0.00446580722928, 0.000838361738715, 4.70248342026e-05], "dvar": [0.666548848152, 32.7953567505, 67.0667114258, 124.717010498, 158.193145752, 677.162841797, 526.142150879, 373.780090332, 2771.84008789, 355.032073975, 1776.86950684, 359.46282959, 22.1596050262, 38.9241256714, 27.5866737366, 102.216773987, 105.881950378, 51.1082305908, 33.0906982422, 66.0166625977, 114.421653748, 489.840270996, 27.0168437958, 17.068649292, 17.0406112671, 9.5594997406, 70.795753479, 10.6569824219, 3.51323676109, 1.57108831406, 1.7539139986, 0.506525337696, 0.100683547556, 4.49749803543, 0.419533461332, 0.00649575144053, 0.00098472670652, 0.000388265529182, 2.97762198898e-05, 4.13895904217e-08], "dvar2": [1.50924658775, 65.106842041, 182.230209351, 361.66986084, 438.992431641, 1872.56225586, 1352.71984863, 740.300415039, 8915.50878906, 755.853820801, 3711.09399414, 570.380493164, 44.5442276001, 70.6970062256, 66.6485824585, 226.079437256, 229.963150024, 131.015579224, 83.2936630249, 146.541534424, 308.32901001, 1231.50402832, 66.5756530762, 41.9092979431, 40.4967765808, 24.2388114929, 138.241226196, 25.7722072601, 8.30589294434, 3.78942298889, 4.21335411072, 1.24966418743, 0.255139827728, 10.5587911606, 0.971732139587, 0.0177028290927, 0.00277940114029, 0.00105186738074, 8.69837531354e-05, 1.20754492627e-07], "max": [5.30269289017, 40.1184959412, 84.0045700073, 122.77482605, 181.198806763, 520.58581543, 629.657165527, 392.637695312, 932.463806152, 384.611907959, 1644.09411621, 547.539001465, 150.1978302, 162.536239624, 119.759498596, 184.461349487, 166.006698608, 151.067657471, 86.0874176025, 141.930419922, 233.57975769, 484.047363281, 85.5778274536, 67.141242981, 62.8425827026, 69.264465332, 265.19909668, 126.653335571, 61.9052276611, 29.7993240356, 27.8628005981, 11.1486768723, 7.41114044189, 45.5073623657, 11.3161315918, 1.85863864422, 0.929491221905, 0.592327654362, 0.246503189206, 0.00875719916075], "mean": [0.269993335009, 2.14379787445, 2.15021705627, 2.66661667824, 10.3047447205, 20.9674491882, 52.4540939331, 64.8235397339, 73.1943740845, 38.4549751282, 48.8645553589, 31.9867687225, 9.54445075989, 11.8981714249, 8.43044662476, 10.3106746674, 10.3341379166, 5.89436435699, 5.73841524124, 7.05791091919, 5.8748755455, 9.5329208374, 4.16458082199, 3.68432879448, 3.52141618729, 2.14208197594, 6.00526285172, 1.59399044514, 0.701717197895, 0.488259404898, 0.380702227354, 0.193275749683, 0.0904036983848, 0.360000163317, 0.128607884049, 0.012812663801, 0.00329775782302, 0.00246893800795, 0.000384355458664, 5.04011150042e-05], "median": [0.00540106697008, 0.087926633656, 0.36888769269, 0.703661680222, 6.08069610596, 14.3099470139, 37.1148414612, 46.4432067871, 37.1445465088, 22.7464504242, 16.7299919128, 15.7710447311, 5.73452377319, 6.37107992172, 4.93955516815, 5.16304445267, 4.80651760101, 3.16190290451, 3.6623980999, 2.72140669823, 2.44779777527, 3.00914096832, 2.03398752213, 1.89781010151, 1.46196460724, 0.815493404865, 1.51958227158, 0.324237048626, 0.0962471440434, 0.0412606522441, 0.0111108031124, 0.00297872512601, 0.00122035946697, 0.000606503745075, 0.000208735335036, 6.63062819513e-05, 2.38809407165e-05, 7.34832019589e-06, 1.67696689459e-05, 3.1221214158e-05], "min": [9.96844686785e-17, 4.84263400203e-16, 1.30794550199e-15, 2.24648553611e-15, 3.14212123388e-15, 5.19381079147e-15, 1.26067615074e-14, 3.1729156249e-14, 6.64054653821e-14, 1.17954040632e-13, 2.01632140888e-13, 3.49023354706e-13, 5.29209434521e-13, 6.54477774059e-13, 8.87409503519e-13, 1.176446527e-12, 7.13294603504e-13, 1.18439860784e-12, 2.02240980039e-12, 1.23430942117e-12, 1.84503107237e-12, 8.00075609063e-13, 1.53584751254e-12, 1.70007237454e-12, 2.54034467073e-12, 1.07385073056e-11, 5.41324233702e-12, 1.74505928371e-12, 1.41610974249e-12, 7.44265933605e-12, 4.18576675057e-12, 5.60229423616e-12, 7.87073965031e-12, 2.8802093089e-12, 5.41009468127e-12, 1.56670867685e-12, 1.10559586659e-12, 3.20632843193e-13, 7.19088485046e-14, 8.54134302077e-15], "var": [0.693345010281, 40.7751197815, 48.1304740906, 70.7443313599, 175.37600708, 712.156799316, 2772.0246582, 3471.58105469, 8284.43359375, 2061.9230957, 8659.46289062, 2310.01171875, 153.104949951, 254.979507446, 106.244918823, 274.959350586, 261.297180176, 74.5055847168, 47.8037986755, 173.172271729, 117.567604065, 721.733093262, 41.3245849609, 28.9562683105, 35.5419425964, 18.0562057495, 225.22164917, 17.5197753906, 4.49821281433, 1.984795928, 2.01712918282, 0.546402275562, 0.109033055604, 4.40096664429, 0.46913716197, 0.00489835906774, 0.000618213729467, 0.000293073098874, 1.69646355062e-05, 2.41126691947e-08]}, "gfcc": {"mean": [-93.8419647217, 175.709533691, -131.764175415, 14.9149332047, -56.1830444336, -39.2196769714, -27.9610500336, -17.3818836212, -17.3520851135, -0.779289066792, -3.93501114845, -5.1831870079, 2.21300435066], "cov": [[12927.0976562, -1715.2019043, -77.8835983276, 1218.85498047, -620.492004395, 1683.31616211, -68.9852294922, 1080.3170166, 413.209228516, 264.793121338, -153.43196106, -33.5355224609, -219.301574707], [-1715.2019043, 1948.89099121, -732.701721191, -258.121337891, 689.253112793, -811.810241699, 448.902435303, -352.377441406, 164.059249878, -56.7823562622, 188.409957886, -73.4604034424, 187.811660767], [-77.8835983276, -732.701721191, 982.497131348, 152.129058838, -76.8177032471, 491.616546631, -206.020599365, 284.122344971, -67.1870498657, 70.573890686, 26.671257019, 85.5523147583, -21.6453590393], [1218.85498047, -258.121337891, 152.129058838, 471.435699463, -7.65351009369, 295.397491455, 87.1763458252, 161.123748779, 99.0943756104, 64.8168640137, 41.0212974548, -1.02976167202, 18.2256793976], [-620.492004395, 689.253112793, -76.8177032471, -7.65351009369, 547.009155273, -200.723815918, 191.723587036, -8.0030374527, 96.2476882935, 43.3666534424, 131.157608032, 39.885219574, 86.0634689331], [1683.31616211, -811.810241699, 491.616546631, 295.397491455, -200.723815918, 727.137512207, -121.868255615, 346.761383057, 41.0010147095, 50.8093414307, -14.4944820404, 61.2418403625, -56.2729988098], [-68.9852294922, 448.902435303, -206.020599365, 87.1763458252, 191.723587036, -121.868255615, 283.351928711, -43.4568977356, 104.482025146, 44.0203552246, 46.4228630066, -7.25582551956, 71.3456344604], [1080.3170166, -352.377441406, 284.122344971, 161.123748779, -8.0030374527, 346.761383057, -43.4568977356, 296.560272217, 66.5992431641, 64.9096908569, 32.5540542603, 33.2781524658, -22.0192642212], [413.209228516, 164.059249878, -67.1870498657, 99.0943756104, 96.2476882935, 41.0010147095, 104.482025146, 66.5992431641, 145.575683594, 41.1388778687, 58.7510490417, 9.01568984985, 22.2844047546], [264.793121338, -56.7823562622, 70.573890686, 64.8168640137, 43.3666534424, 50.8093414307, 44.0203552246, 64.9096908569, 41.1388778687, 113.366653442, 33.9725608826, 16.1454620361, 24.3842182159], [-153.43196106, 188.409957886, 26.671257019, 41.0212974548, 131.157608032, -14.4944820404, 46.4228630066, 32.5540542603, 58.7510490417, 33.9725608826, 145.608673096, 44.1100616455, 39.20362854], [-33.5355224609, -73.4604034424, 85.5523147583, -1.02976167202, 39.885219574, 61.2418403625, -7.25582551956, 33.2781524658, 9.01568984985, 16.1454620361, 44.1100616455, 111.194007874, 6.9634437561], [-219.301574707, 187.811660767, -21.6453590393, 18.2256793976, 86.0634689331, -56.2729988098, 71.3456344604, -22.0192642212, 22.2844047546, 24.3842182159, 39.20362854, 6.9634437561, 96.6721801758]], "icov": [[0.000236268970184, -0.000271104800049, 0.000473443767987, -0.000482876464957, 0.000248932105023, -0.000384201499401, 0.000426675396739, -0.000763472053222, 9.52532791416e-05, -0.000568210962228, 0.000521758687682, -0.000245990086114, 0.000253160542343], [-0.000271104800049, 0.00462091574445, -0.000173350272235, 0.00246394402348, -0.00311606563628, 0.0016790201189, -0.00340988230892, 0.00225415104069, -0.00274624302983, 0.00424154382199, -0.00367723801173, 0.00364659819752, -0.00252251606435], [0.000473443767987, -0.000173350272235, 0.00323821674101, -0.00102045352105, -0.000251997640589, -0.00171306938864, 0.00170333648566, -0.00227072252892, 0.00195545167662, -0.00177375006024, 0.000351187423803, -0.000668529013637, -0.000316524965456], [-0.000482876464957, 0.00246394402348, -0.00102045352105, 0.00574602605775, -0.00146473047789, -0.000460608920548, -0.00383475306444, 0.00232382188551, -0.00225327839144, 0.00235008075833, -0.00335993967019, 0.00343828042969, -0.00175724772271], [0.000248932105023, -0.00311606563628, -0.000251997640589, -0.00146473047789, 0.00571383023635, 0.000359120895155, 0.000457764457678, -0.00320276874118, 0.00126124743838, -0.00234180269763, 0.000960744393524, -0.00327059905976, 0.0010390507523], [-0.000384201499401, 0.0016790201189, -0.00171306938864, -0.000460608920548, 0.000359120895155, 0.00659894524142, -0.00132746226154, -0.00284463702701, -0.00170122738928, 0.00311700510792, -0.000320229592035, -0.000830120989121, -0.000781339709647], [0.000426675396739, -0.00340988230892, 0.00170333648566, -0.00383475306444, 0.000457764457678, -0.00132746226154, 0.0114016402513, -0.000591436284594, -0.00187809253111, -0.00535981217399, 0.00471503008157, -0.00286236242391, -0.000953719369136], [-0.000763472053222, 0.00225415104069, -0.00227072252892, 0.00232382188551, -0.00320276874118, -0.00284463702701, -0.000591436284594, 0.0140009596944, -0.00494777364656, 3.33369134751e-05, -0.003283591941, 0.00321350968443, -4.56178258901e-06], [9.52532791416e-05, -0.00274624302983, 0.00195545167662, -0.00225327839144, 0.00126124743838, -0.00170122738928, -0.00187809253111, -0.00494777364656, 0.0168320946395, -0.00353424064815, -0.00174666452222, -0.00177765672561, 0.00240779924206], [-0.000568210962228, 0.00424154382199, -0.00177375006024, 0.00235008075833, -0.00234180269763, 0.00311700510792, -0.00535981217399, 3.33369134751e-05, -0.00353424064815, 0.0167530048639, -0.00443139579147, 0.00266283820383, -0.00431284634396], [0.000521758687682, -0.00367723801173, 0.000351187423803, -0.00335993967019, 0.000960744393524, -0.000320229592035, 0.00471503008157, -0.003283591941, -0.00174666452222, -0.00443139579147, 0.0152724962682, -0.00669832248241, -0.000420278898673], [-0.000245990086114, 0.00364659819752, -0.000668529013637, 0.00343828042969, -0.00327059905976, -0.000830120989121, -0.00286236242391, 0.00321350968443, -0.00177765672561, 0.00266283820383, -0.00669832248241, 0.0148827442899, -0.00178507575765], [0.000253160542343, -0.00252251606435, -0.000316524965456, -0.00175724772271, 0.0010390507523, -0.000781339709647, -0.000953719369136, -4.56178258901e-06, 0.00240779924206, -0.00431284634396, -0.000420278898673, -0.00178507575765, 0.0162344388664]]}, "melbands": {"dmean": [0.00269633252174, 0.00153992511332, 0.000588889117353, 0.000623875996098, 0.000395637034671, 0.000249736913247, 0.000390809436794, 0.000118269417726, 0.000114135225886, 5.12860424351e-05, 1.36827047754e-05, 1.54719873535e-05, 8.6819727585e-06, 7.93753042672e-06, 1.37808510772e-05, 7.02700299371e-06, 5.22590335095e-06, 5.29324870513e-06, 3.81399490834e-06, 4.37179915025e-06, 4.31005037171e-06, 5.79772085985e-06, 2.73315936283e-06, 2.29435977417e-06, 1.54834049226e-06, 1.59018838986e-06, 9.52560867518e-07, 8.24627989005e-07, 1.95347706722e-06, 1.38374298331e-06, 4.71015255243e-07, 3.46301874288e-07, 2.80357994598e-07, 2.20662727202e-07, 2.4111685093e-07, 1.28253290654e-07, 9.39126891808e-08, 4.63271092599e-08, 8.02517945431e-08, 4.38413962911e-07], "dmean2": [0.00415717391297, 0.00224334956147, 0.00109054858331, 0.00103302171919, 0.000627959903795, 0.000333529053023, 0.000681888137478, 0.00017241507885, 0.000153920351295, 6.11863724771e-05, 1.76837002073e-05, 1.85319349839e-05, 1.14392396426e-05, 1.07202986328e-05, 1.9437597075e-05, 1.06993784357e-05, 8.09295670479e-06, 8.37160769152e-06, 5.77518221689e-06, 6.80171024214e-06, 7.32955595595e-06, 9.10419294087e-06, 4.2110477807e-06, 3.77905485038e-06, 2.50931316259e-06, 2.54435758507e-06, 1.52988593527e-06, 1.33485991682e-06, 2.83930899059e-06, 2.0000125005e-06, 7.71236216224e-07, 5.52090966721e-07, 4.54547091522e-07, 3.49514266418e-07, 3.89966572811e-07, 2.08268957635e-07, 1.52000680487e-07, 7.67325261108e-08, 1.2937566396e-07, 6.56981001157e-07], "dvar": [5.61323067814e-05, 1.97559620574e-05, 3.56525538336e-06, 1.87581269984e-06, 7.36024958314e-07, 1.79913811849e-07, 5.4019591289e-07, 5.32046620094e-08, 9.17086353525e-08, 1.06917958931e-08, 5.74246317164e-10, 7.59278140361e-10, 3.91100568597e-10, 2.79271133996e-10, 1.77923620281e-09, 2.59719690199e-10, 1.56781421179e-10, 1.0892182295e-10, 6.13878808897e-11, 8.25548934769e-11, 1.91979918074e-10, 6.13538497785e-10, 5.27546895057e-11, 3.4660791598e-11, 1.08095190784e-11, 1.10255077637e-11, 5.06502912528e-12, 5.36954335162e-12, 2.25106686763e-11, 2.5045047633e-11, 3.23432231518e-12, 1.21507686725e-12, 9.04829379825e-13, 4.94191113812e-13, 9.69857657726e-13, 2.49658014531e-13, 1.47759070062e-13, 3.22725787066e-14, 1.69784542328e-13, 6.21530648129e-12], "dvar2": [0.00011871472816, 4.04655947932e-05, 1.02735166365e-05, 5.21249558005e-06, 1.93861706066e-06, 3.4910578961e-07, 1.72680211108e-06, 1.06307268766e-07, 1.92362122675e-07, 1.75007297543e-08, 1.11708464701e-09, 1.35383426692e-09, 8.93448037775e-10, 6.27179363999e-10, 3.74924669089e-09, 6.31877827839e-10, 4.0063863338e-10, 2.72235872734e-10, 1.43269299202e-10, 1.9334758794e-10, 5.17328568872e-10, 1.54433932309e-09, 1.31880409371e-10, 8.54865345179e-11, 2.66334038157e-11, 2.69120663254e-11, 1.28142956315e-11, 1.34782575725e-11, 4.51698990711e-11, 4.69629127253e-11, 8.56088550744e-12, 2.78076194883e-12, 2.26948646508e-12, 1.24851951694e-12, 2.39127250987e-12, 6.27386434904e-13, 3.77589805126e-13, 8.5204399417e-14, 4.45680628904e-13, 1.45231552479e-11], "max": [0.0508787631989, 0.0393871068954, 0.0214391294867, 0.0238311197609, 0.0239962488413, 0.00925441365689, 0.0136221712455, 0.00603862246498, 0.0124022839591, 0.00294316676445, 0.000767794146668, 0.000721746473573, 0.000561392400414, 0.000388527929317, 0.000823835085612, 0.000262521323748, 0.000256064638961, 0.000143907222082, 0.000126319820993, 0.000145992817124, 0.00029747618828, 0.000524413830135, 0.000154249763, 0.00010809401283, 6.19656566414e-05, 5.55191618332e-05, 3.33644675266e-05, 5.63590110687e-05, 0.00013478724577, 0.000191727507627, 7.90218618931e-05, 4.19336029154e-05, 2.77665767499e-05, 1.29638447106e-05, 2.06602962862e-05, 7.5990278674e-06, 7.45176339478e-06, 4.06945036957e-06, 1.11061754069e-05, 5.81085660087e-05], "mean": [0.00264751468785, 0.00176850764547, 0.000565048714634, 0.00126763863955, 0.0016348909121, 0.00150753394701, 0.00102989026345, 0.000406639272114, 0.000380526355002, 0.000166536206962, 4.35102992924e-05, 5.17841071996e-05, 2.83201025013e-05, 2.32473103097e-05, 3.23825406667e-05, 1.63053828146e-05, 1.02364838312e-05, 9.58222881309e-06, 7.89858040662e-06, 7.86851069279e-06, 6.59331681163e-06, 1.003473335e-05, 5.63165986023e-06, 3.57252793037e-06, 2.84046700472e-06, 3.10482073473e-06, 1.68042436144e-06, 1.13502107979e-06, 3.89198567063e-06, 2.38538291342e-06, 5.51294306206e-07, 4.08664419638e-07, 3.10699135753e-07, 2.50456622553e-07, 2.57887478483e-07, 1.35000675527e-07, 1.00525561209e-07, 5.24767003185e-08, 7.56614824127e-08, 4.12785709614e-07], "median": [7.14524358045e-05, 0.000200818045414, 0.000189652346307, 0.000784039089922, 0.00122281070799, 0.00113284413237, 0.000542172580026, 0.000208475292311, 0.000141932148836, 7.77625318733e-05, 2.18867735384e-05, 2.6598234399e-05, 1.28452302306e-05, 1.09094662548e-05, 1.17409208542e-05, 8.45184604259e-06, 5.10796871822e-06, 5.70908241571e-06, 3.60075136996e-06, 3.12248630507e-06, 2.18727609536e-06, 2.76971059066e-06, 2.21546861212e-06, 1.40631436807e-06, 1.40348038258e-06, 1.35008372126e-06, 6.09395158335e-07, 2.67540769983e-07, 1.04463151729e-06, 3.67520868849e-07, 7.71877139982e-08, 5.03836439236e-08, 2.98958653389e-08, 1.61528266318e-08, 5.86856652163e-09, 2.62240540394e-09, 1.30984556534e-09, 7.51733175708e-10, 5.68434244119e-10, 4.10024181274e-10], "min": [8.91425145791e-19, 6.81689055382e-19, 4.1649355513e-19, 2.84321596225e-19, 4.0215957494e-19, 7.11027652444e-19, 1.0616354446e-18, 1.3659407163e-18, 1.74528946753e-18, 2.29171794915e-18, 2.65966939231e-18, 2.60197375138e-18, 2.7304011929e-18, 3.25153076907e-18, 2.56252157886e-18, 1.11193516028e-18, 2.39050151226e-18, 3.60081564094e-18, 1.66959861577e-18, 2.09860250219e-18, 2.08121764725e-18, 7.90052662457e-19, 7.67492448623e-19, 1.9051681771e-18, 1.25705975945e-18, 1.390716947e-18, 2.49176765119e-18, 8.92433995945e-18, 4.55614100603e-18, 1.32611321058e-18, 7.68818160651e-19, 3.86011587666e-19, 2.23190575983e-18, 4.81005484841e-18, 2.51973380052e-18, 1.94636259878e-18, 3.94711645874e-18, 4.87239035219e-18, 5.44625103805e-18, 1.44599846131e-18], "var": [6.42220402369e-05, 2.43780250457e-05, 2.14681472244e-06, 2.38661959884e-06, 2.42164355768e-06, 1.75624188614e-06, 1.60260185567e-06, 2.99788155189e-07, 4.59208791881e-07, 6.68543549409e-08, 4.030495937e-09, 5.00329422337e-09, 1.61654600817e-09, 1.1716806414e-09, 3.8614236253e-09, 5.32092592209e-10, 2.32224961483e-10, 1.53696694261e-10, 1.49041071151e-10, 1.94194604841e-10, 1.97748789565e-10, 8.96790863791e-10, 9.34716401502e-11, 4.84109766163e-11, 1.87424017278e-11, 2.21599058547e-11, 9.48947431051e-12, 8.86374567494e-12, 7.5849743153e-11, 7.561194032e-11, 3.08977583102e-12, 1.65398738542e-12, 9.95550105028e-13, 5.67704303706e-13, 1.04435969421e-12, 2.58301735036e-13, 1.51355558403e-13, 3.77817521463e-14, 1.37288496001e-13, 6.09851448855e-12]}, "mfcc": {"mean": [-724.609802246, 191.540039062, -11.29047966, 34.6035995483, -10.5353517532, -14.4634590149, -11.0074224472, -18.6761894226, -11.2256593704, -9.06212711334, -4.86782503128, 0.792403936386, -2.72212290764], "cov": [[9173.01269531, -278.48348999, -248.305664062, 424.584686279, -278.308135986, 580.317138672, 79.6287307739, 573.474243164, 620.963562012, 329.516204834, 370.291412354, 306.108428955, 315.829071045], [-278.48348999, 1593.68310547, -672.848571777, 168.633728027, 77.6139221191, -162.599349976, 113.892913818, -108.776115417, 3.09190368652, 14.4512500763, 36.3655815125, 89.3551101685, -19.0724124908], [-248.305664062, -672.848571777, 773.758666992, -92.6306991577, 109.114936829, 91.8976211548, 1.84855568409, 99.6435775757, -28.7264442444, 55.8617706299, 9.77921295166, -59.8524703979, 9.23807048798], [424.584686279, 168.633728027, -92.6306991577, 330.619110107, 44.4144897461, 80.7206573486, 84.1435928345, 39.8757209778, 76.9717636108, 75.4671478271, 72.8302307129, 77.098777771, 38.6450195312], [-278.308135986, 77.6139221191, 109.114936829, 44.4144897461, 309.631591797, 19.4846076965, 75.4967727661, 72.3927383423, -18.5793914795, 50.1530532837, 55.7025871277, 19.1702728271, 27.4294548035], [580.317138672, -162.599349976, 91.8976211548, 80.7206573486, 19.4846076965, 201.276168823, 54.9857368469, 108.79864502, 95.056678772, 48.7832756042, 45.5946769714, 31.3738574982, 47.7568511963], [79.6287307739, 113.892913818, 1.84855568409, 84.1435928345, 75.4967727661, 54.9857368469, 143.130004883, 48.5610389709, 57.2771339417, 58.8775062561, 26.2002315521, 40.6387557983, 26.8293704987], [573.474243164, -108.776115417, 99.6435775757, 39.8757209778, 72.3927383423, 108.79864502, 48.5610389709, 203.360946655, 77.3278427124, 38.8932151794, 69.4983215332, 35.1521339417, 63.7590827942], [620.963562012, 3.09190368652, -28.7264442444, 76.9717636108, -18.5793914795, 95.056678772, 57.2771339417, 77.3278427124, 171.363021851, 72.1703414917, 36.7856063843, 47.0973205566, 29.8192501068], [329.516204834, 14.4512500763, 55.8617706299, 75.4671478271, 50.1530532837, 48.7832756042, 58.8775062561, 38.8932151794, 72.1703414917, 137.824325562, 56.1882858276, 31.5596485138, 29.6668128967], [370.291412354, 36.3655815125, 9.77921295166, 72.8302307129, 55.7025871277, 45.5946769714, 26.2002315521, 69.4983215332, 36.7856063843, 56.1882858276, 122.354598999, 57.7712440491, 44.8116340637], [306.108428955, 89.3551101685, -59.8524703979, 77.098777771, 19.1702728271, 31.3738574982, 40.6387557983, 35.1521339417, 47.0973205566, 31.5596485138, 57.7712440491, 100.120819092, 40.9961242676], [315.829071045, -19.0724124908, 9.23807048798, 38.6450195312, 27.4294548035, 47.7568511963, 26.8293704987, 63.7590827942, 29.8192501068, 29.6668128967, 44.8116340637, 40.9961242676, 89.0040283203]], "icov": [[0.000199975766009, 2.22419184865e-05, 0.000121362041682, -3.33816569764e-05, 0.000247785879765, -0.000222037386266, 0.000279248721199, -0.000361832062481, -0.000254428945482, -0.00027580576716, -0.000160340365255, -0.000129384294269, -0.000167648118804], [2.22419184865e-05, 0.00132681196555, 0.00107576861046, -0.000205611941055, -0.000417029164964, 0.000893544638529, -0.00102744286414, 0.000149702376802, 4.94073065056e-05, -0.00017838345957, -0.000425560894655, -0.000156888403581, 0.00036398525117], [0.000121362041682, 0.00107576861046, 0.00281038205139, 0.000464717246359, -0.000585928501096, -0.000579981773626, -0.000362796854461, -0.000966151070315, 0.00110649620183, -0.00175128458068, -0.000119442665891, 0.000634115072899, 0.000580726016778], [-3.33816569764e-05, -0.000205611941055, 0.000464717246359, 0.00470758229494, -0.000173738473677, -0.00159358291421, -0.00115930370521, 0.000765055126976, 3.20904109685e-05, -0.00103605911136, -0.00112736213487, -0.00147778447717, 0.000275043130387], [0.000247785879765, -0.000417029164964, -0.000585928501096, -0.000173738473677, 0.00531454058364, 0.000112830966827, -0.0018542787293, -0.00217719236389, 0.00202010665089, -0.00131020974368, -0.00135573290754, 0.000116865820019, -2.34819999605e-05], [-0.000222037386266, 0.000893544638529, -0.000579981773626, -0.00159358291421, 0.000112830966827, 0.0103601776063, -0.00221449858509, -0.00195617903955, -0.00317415362224, 0.00127526628785, -0.000553089892492, 0.00104588491376, -0.0013582672691], [0.000279248721199, -0.00102744286414, -0.000362796854461, -0.00115930370521, -0.0018542787293, -0.00221449858509, 0.0129306400195, -0.00142176577356, -0.00168971472885, -0.00316897546872, 0.00343181518838, -0.00292307161726, -0.000548740848899], [-0.000361832062481, 0.000149702376802, -0.000966151070315, 0.000765055126976, -0.00217719236389, -0.00195617903955, -0.00142176577356, 0.011298478581, -0.00343161262572, 0.00345465145074, -0.00366452289745, 0.00162841379642, -0.00376734742895], [-0.000254428945482, 4.94073065056e-05, 0.00110649620183, 3.20904109685e-05, 0.00202010665089, -0.00317415362224, -0.00168971472885, -0.00343161262572, 0.0132251335308, -0.00548309087753, 0.00224841409363, -0.00292153842747, 0.00244329264387], [-0.00027580576716, -0.00017838345957, -0.00175128458068, -0.00103605911136, -0.00131020974368, 0.00127526628785, -0.00316897546872, 0.00345465145074, -0.00548309087753, 0.0143342697993, -0.00488293124363, 0.0022766191978, -0.00175898487214], [-0.000160340365255, -0.000425560894655, -0.000119442665891, -0.00112736213487, -0.00135573290754, -0.000553089892492, 0.00343181518838, -0.00366452289745, 0.00224841409363, -0.00488293124363, 0.0168262179941, -0.00673945667222, -0.00120821129531], [-0.000129384294269, -0.000156888403581, 0.000634115072899, -0.00147778447717, 0.000116865820019, 0.00104588491376, -0.00292307161726, 0.00162841379642, -0.00292153842747, 0.0022766191978, -0.00673945667222, 0.0188842285424, -0.00496640102938], [-0.000167648118804, 0.00036398525117, 0.000580726016778, 0.000275043130387, -2.34819999605e-05, -0.0013582672691, -0.000548740848899, -0.00376734742895, 0.00244329264387, -0.00175898487214, -0.00120821129531, -0.00496640102938, 0.017992483452]]}, "spectral_contrast_coeffs": {"dmean": [0.0438101254404, 0.0349782072008, 0.0269636046141, 0.0273793656379, 0.0270347185433, 0.0301787629724], "dmean2": [0.0705659016967, 0.0567772313952, 0.0413788557053, 0.0417960397899, 0.0402123183012, 0.0489247590303], "dvar": [0.00161653442774, 0.00122731272131, 0.000741490861401, 0.00067943247268, 0.000681500823703, 0.000773892446887], "dvar2": [0.00390263972804, 0.00308625237085, 0.00171985547058, 0.00156021292787, 0.00147208222188, 0.00203581014648], "max": [-0.230486065149, -0.321670591831, -0.532215237617, -0.584014773369, -0.573202490807, -0.413974106312], "mean": [-0.562738120556, -0.612392306328, -0.720892310143, -0.750883996487, -0.754084169865, -0.737488567829], "median": [-0.565010130405, -0.620302677155, -0.72006726265, -0.748495221138, -0.751962900162, -0.740997374058], "min": [-0.989092826843, -0.972266376019, -0.996960282326, -0.960292816162, -0.966847777367, -0.960476875305], "var": [0.00812227744609, 0.00676529109478, 0.0032064600382, 0.00264252023771, 0.00347248231992, 0.00356018170714]}, "spectral_contrast_valleys": {"dmean": [0.419456720352, 0.296720355749, 0.284206330776, 0.331917077303, 0.392317175865, 0.682141423225], "dmean2": [0.667130589485, 0.473319351673, 0.446376770735, 0.50506156683, 0.554252624512, 0.971915125847], "dvar": [0.327601253986, 0.18915040791, 0.194243848324, 0.246439605951, 0.275516599417, 0.443056792021], "dvar2": [0.59235650301, 0.341122716665, 0.365948796272, 0.4679505229, 0.5095