{"lowlevel": {"average_loudness": 0.0528104268014, "barkbands_crest": {"dmean": 3.90863370895, "dmean2": 6.66801643372, "dvar": 12.0002174377, "dvar2": 32.2972106934, "max": 26.8364295959, "mean": 12.3823747635, "median": 10.842833519, "min": 2.16292929649, "var": 38.9027709961}, "barkbands_flatness_db": {"dmean": 0.040189512074, "dmean2": 0.0657908320427, "dvar": 0.00159538979642, "dvar2": 0.00417410815135, "max": 0.933596730232, "mean": 0.265127807856, "median": 0.194292008877, "min": 0.00820832420141, "var": 0.041868429631}, "barkbands_kurtosis": {"dmean": 12.159989357, "dmean2": 20.2762546539, "dvar": 1844.26367188, "dvar2": 4708.03955078, "max": 2990.89331055, "mean": 15.0630788803, "median": 2.63730025291, "min": -1.89209079742, "var": 3559.55200195}, "barkbands_skewness": {"dmean": 1.11892092228, "dmean2": 1.81505739689, "dvar": 1.92817509174, "dvar2": 4.84916448593, "max": 44.4438781738, "mean": 2.0779800415, "median": 1.48126220703, "min": -2.79887485504, "var": 6.97533130646}, "barkbands_spread": {"dmean": 6.22364044189, "dmean2": 9.9981803894, "dvar": 80.3017730713, "dvar2": 196.211746216, "max": 116.787879944, "mean": 16.4831600189, "median": 11.7737140656, "min": 0.0169524885714, "var": 281.054260254}, "dissonance": {"dmean": 0.0325142964721, "dmean2": 0.055896140635, "dvar": 0.00177130510565, "dvar2": 0.00511141354218, "max": 0.500000119209, "mean": 0.444924890995, "median": 0.471653878689, "min": 0.0258609205484, "var": 0.00460304366425}, "dynamic_complexity": 8.73992729187, "erbbands_crest": {"dmean": 3.11380362511, "dmean2": 5.23152017593, "dvar": 8.59058189392, "dvar2": 22.6116981506, "max": 30.4599952698, "mean": 9.54635810852, "median": 8.48853492737, "min": 2.04119491577, "var": 21.4817428589}, "erbbands_flatness_db": {"dmean": 0.0246492736042, "dmean2": 0.0396460406482, "dvar": 0.000531257246621, "dvar2": 0.0013196580112, "max": 0.56882750988, "mean": 0.222954422235, "median": 0.199214994907, "min": 0.033954102546, "var": 0.0115513717756}, "erbbands_kurtosis": {"dmean": 1.41021215916, "dmean2": 2.35547208786, "dvar": 3.85158729553, "dvar2": 10.1256141663, "max": 39.0565757751, "mean": 0.999727904797, "median": 0.216854691505, "min": -1.83223640919, "var": 7.16655683517}, "erbbands_skewness": {"dmean": 0.478240758181, "dmean2": 0.778131961823, "dvar": 0.181790828705, "dvar2": 0.461559593678, "max": 4.44100618362, "mean": 0.326172322035, "median": 0.301193475723, "min": -4.30989027023, "var": 0.691795647144}, "erbbands_spread": {"dmean": 6.99709844589, "dmean2": 11.2411375046, "dvar": 63.4742126465, "dvar2": 157.748596191, "max": 155.685379028, "mean": 25.676815033, "median": 22.9621124268, "min": 1.43020522594, "var": 295.089477539}, "hfc": {"dmean": 9.87287998199, "dmean2": 15.5123872757, "dvar": 1793.46191406, "dvar2": 4344.58935547, "max": 1271.9666748, "mean": 13.4569396973, "median": 1.51434421539, "min": 1.07200946408e-16, "var": 2368.01855469}, "melbands_crest": {"dmean": 5.12494897842, "dmean2": 8.72037029266, "dvar": 19.8208770752, "dvar2": 54.4278488159, "max": 39.7268371582, "mean": 16.9998168945, "median": 15.2636165619, "min": 1.64277362823, "var": 70.7107086182}, "melbands_flatness_db": {"dmean": 0.0427082143724, "dmean2": 0.0695041194558, "dvar": 0.00166317215189, "dvar2": 0.00432357098907, "max": 1, "mean": 0.346977770329, "median": 0.273160040379, "min": 0.00394326727837, "var": 0.0525936707854}, "melbands_kurtosis": {"dmean": 11.2113437653, "dmean2": 18.9830207825, "dvar": 828.048461914, "dvar2": 2254.0690918, "max": 1021.42712402, "mean": 15.5095586777, "median": 6.06257104874, "min": -1.78786587715, "var": 1331.60314941}, "melbands_skewness": {"dmean": 1.03473412991, "dmean2": 1.69433867931, "dvar": 1.39834880829, "dvar2": 3.7156586647, "max": 25.550693512, "mean": 2.49358940125, "median": 2.07189297676, "min": -1.95536005497, "var": 4.45657539368}, "melbands_spread": {"dmean": 8.48190116882, "dmean2": 13.6219587326, "dvar": 192.002349854, "dvar2": 476.127838135, "max": 199.768661499, "mean": 20.397397995, "median": 12.9614372253, "min": 0.0460506938398, "var": 546.824829102}, "pitch_salience": {"dmean": 0.114396177232, "dmean2": 0.193489730358, "dvar": 0.00946744717658, "dvar2": 0.0258556138724, "max": 0.969972908497, "mean": 0.500697851181, "median": 0.532738685608, "min": 0.0188727434725, "var": 0.0334503725171}, "silence_rate_20dB": {"dmean": 0.00165036926046, "dmean2": 0.00330087472685, "dvar": 0.00164760299958, "dvar2": 0.00386719033122, "max": 1, "mean": 0.998514711857, "median": 1, "min": 0, "var": 0.00148317252751}, "silence_rate_30dB": {"dmean": 0.0155134713277, "dmean2": 0.0310282222927, "dvar": 0.0152748608962, "dvar2": 0.0337838456035, "max": 1, "mean": 0.97264623642, "median": 1, "min": 0, "var": 0.0266048870981}, "silence_rate_60dB": {"dmean": 0.0768246874213, "dmean2": 0.153614461422, "dvar": 0.0709086954594, "dvar2": 0.161649540067, "max": 1, "mean": 0.297425538301, "median": 0, "min": 0, "var": 0.208949416876}, "spectral_centroid": {"dmean": 265.337799072, "dmean2": 420.368133545, "dvar": 140177.265625, "dvar2": 312574.6875, "max": 11545.6347656, "mean": 1092.22644043, "median": 842.562194824, "min": 95.7961349487, "var": 838189}, "spectral_complexity": {"dmean": 3.32004785538, "dmean2": 4.94289493561, "dvar": 25.5213317871, "dvar2": 48.8535232544, "max": 65, "mean": 9.91327667236, "median": 5, "min": 0, "var": 126.880065918}, "spectral_decrease": {"dmean": 2.89604962234e-09, "dmean2": 4.63029836695e-09, "dvar": 7.32959380653e-17, "dvar2": 1.71339214234e-16, "max": 5.26194940731e-18, "mean": -4.80593698171e-09, "median": -1.92534832522e-09, "min": -4.00391769517e-07, "var": 1.22703283852e-16}, "spectral_energy": {"dmean": 0.0116711556911, "dmean2": 0.0185974184424, "dvar": 0.00117254338693, "dvar2": 0.00275399256498, "max": 1.51397120953, "mean": 0.0193592309952, "median": 0.0076521448791, "min": 1.03953080049e-20, "var": 0.00194609805476}, "spectral_energyband_high": {"dmean": 0.000687780091539, "dmean2": 0.0011012487812, "dvar": 1.09378424895e-05, "dvar2": 2.67229734163e-05, "max": 0.0894131958485, "mean": 0.000742030795664, "median": 8.08870845503e-06, "min": 7.38580279323e-21, "var": 1.43170973388e-05}, "spectral_energyband_low": {"dmean": 0.004173099529, "dmean2": 0.00691081536934, "dvar": 0.000242682959652, "dvar2": 0.000549028278328, "max": 0.767940282822, "mean": 0.00596711132675, "median": 0.00221186992712, "min": 3.8201561212e-23, "var": 0.000345820561051}, "spectral_energyband_middle_high": {"dmean": 0.00286084250547, "dmean2": 0.00455014780164, "dvar": 0.000249447854003, "dvar2": 0.000631614238955, "max": 0.781034529209, "mean": 0.00374299380928, "median": 0.000278989318758, "min": 1.21841816012e-21, "var": 0.00026762575726}, "spectral_energyband_middle_low": {"dmean": 0.0034404869657, "dmean2": 0.00556517252699, "dvar": 0.000190741906408, "dvar2": 0.000478623638628, "max": 0.538435935974, "mean": 0.00549259316176, "median": 0.00100424839184, "min": 2.18105323305e-22, "var": 0.000320051854942}, "spectral_entropy": {"dmean": 0.188910230994, "dmean2": 0.302115350962, "dvar": 0.037356454879, "dvar2": 0.0847492367029, "max": 9.81449699402, "mean": 6.8688158989, "median": 7.21975326538, "min": 3.77161049843, "var": 1.3278632164}, "spectral_flux": {"dmean": 0.0255182851106, "dmean2": 0.0413654521108, "dvar": 0.00136459746864, "dvar2": 0.00320688541979, "max": 0.822462975979, "mean": 0.0708258002996, "median": 0.053393535316, "min": 6.34961527801e-11, "var": 0.00417962251231}, "spectral_kurtosis": {"dmean": 28.7554187775, "dmean2": 50.9872970581, "dvar": 7165.59765625, "dvar2": 22532.4042969, "max": 1693.51843262, "mean": 72.0355987549, "median": 8.04058647156, "min": -1.27904880047, "var": 23321.6308594}, "spectral_rms": {"dmean": 0.00102975883055, "dmean2": 0.00162554509006, "dvar": 1.97235863197e-06, "dvar2": 4.62017260361e-06, "max": 0.0384323447943, "mean": 0.00335195963271, "median": 0.00273230811581, "min": 3.18461359713e-12, "var": 7.65134518588e-06}, "spectral_rolloff": {"dmean": 501.395507812, "dmean2": 839.266296387, "dvar": 1067707.625, "dvar2": 2613614.75, "max": 19422.9492188, "mean": 1050.07373047, "median": 473.73046875, "min": 21.533203125, "var": 2583858.25}, "spectral_skewness": {"dmean": 0.834728896618, "dmean2": 1.42983686924, "dvar": 2.20575070381, "dvar2": 6.69211673737, "max": 31.3250102997, "mean": 4.55554199219, "median": 2.01889681816, "min": -0.12645226717, "var": 30.5379619598}, "spectral_spread": {"dmean": 470256.90625, "dmean2": 753545.75, "dvar": 469645033472, "dvar2": 1051870887940.0, "max": 47532548, "mean": 2926815, "median": 2711477.5, "min": 69060.421875, "var": 4143154724860.0}, "spectral_strongpeak": {"dmean": 0.441299021244, "dmean2": 0.771555125713, "dvar": 2.09921002388, "dvar2": 5.52544307709, "max": 26.4122009277, "mean": 0.442508757114, "median": 0, "min": 0, "var": 2.28671860695}, "zerocrossingrate": {"dmean": 0.00954879261553, "dmean2": 0.0118607860059, "dvar": 0.00021498487331, "dvar2": 0.000321851752233, "max": 0.52099609375, "mean": 0.0411974750459, "median": 0.02880859375, "min": 0, "var": 0.00221547437832}, "barkbands": {"dmean": [0.00534482765943, 0.00168595486321, 0.000995014677756, 0.00101128686219, 0.00129954400472, 0.000761740840971, 0.000454477383755, 0.000399556651246, 0.000528594886418, 0.000333171017701, 0.00034242097172, 0.000597260077484, 0.000532194331754, 0.000541790330317, 0.000271103694104, 0.000232021367992, 0.000215506355744, 0.000218745408347, 0.000216254687984, 0.000265732669504, 0.000166616227943, 0.000146356382174, 8.85405097506e-05, 6.37529010419e-05, 6.23678060947e-05, 4.48537321063e-05, 1.71645060618e-05], "dmean2": [0.00889459811151, 0.00290235760622, 0.00173948868178, 0.00175416748971, 0.00213956623338, 0.00126173638273, 0.000759051938076, 0.000693367561325, 0.000874900317285, 0.000556758721359, 0.000566089467611, 0.000991670065559, 0.000884873326868, 0.00088084093295, 0.000458269350929, 0.000388309970731, 0.000365261512343, 0.000364443752915, 0.00037530681584, 0.000448522449005, 0.000278248393442, 0.000243191476329, 0.000146932245116, 0.000108005129732, 9.89838445093e-05, 7.28161176085e-05, 2.84856614599e-05], "dvar": [0.000480675807921, 2.31505673582e-05, 2.10005928238e-05, 3.60039703082e-05, 4.53514985566e-05, 1.65796482179e-05, 3.83372798751e-06, 5.35236813448e-06, 8.51293407322e-06, 2.37990207097e-06, 3.32679269377e-06, 5.6082237279e-05, 1.50904907059e-05, 4.22380544478e-05, 3.60555554835e-06, 2.74825583801e-06, 1.97187432605e-06, 1.96843780031e-06, 2.19700314119e-06, 3.05360549646e-06, 9.60357283475e-07, 9.43974043821e-07, 3.492695555e-07, 1.95134077785e-07, 1.57301329295e-07, 1.21738310099e-07, 2.13662829651e-08], "dvar2": [0.00107567210216, 5.99999293627e-05, 5.9786492784e-05, 0.00010169831512, 0.000114772650704, 4.24370409746e-05, 9.90188709693e-06, 1.53565870278e-05, 2.25327821681e-05, 6.12640997133e-06, 8.53047549754e-06, 0.000155779780471, 4.03621997975e-05, 0.000103007747384, 9.6873682196e-06, 7.67736128182e-06, 5.47077434021e-06, 5.29203998667e-06, 6.0311526795e-06, 8.1426505858e-06, 2.47666935138e-06, 2.4961316285e-06, 9.50711864789e-07, 5.78657363803e-07, 3.59314356047e-07, 3.01245819401e-07, 5.45329079671e-08], "max": [1.33765697479, 0.177136749029, 0.198771774769, 0.292432487011, 0.294695973396, 0.133952632546, 0.0835134014487, 0.127837121487, 0.104219928384, 0.0520452558994, 0.0725362300873, 0.691461086273, 0.233206704259, 0.573862671852, 0.0816047936678, 0.0720787346363, 0.0627262741327, 0.038361504674, 0.0366825833917, 0.0642269179225, 0.0362917929888, 0.0361974351108, 0.0256040077657, 0.0166277904063, 0.0137155810371, 0.0126040680334, 0.00553948944435], "mean": [0.0062580127269, 0.00202301284298, 0.00115421006922, 0.00109577551484, 0.00172855565324, 0.000954698189162, 0.000563770823646, 0.000442720629508, 0.00059028097894, 0.000359120778739, 0.000396852061385, 0.000629087735433, 0.000570150499698, 0.000576587975956, 0.000283632049104, 0.000251559307799, 0.00023586586758, 0.000233824379393, 0.000186083227163, 0.000245370116318, 0.000169023740455, 0.00014335900778, 8.89704388101e-05, 6.25854445389e-05, 5.94423654547e-05, 4.03354861191e-05, 1.62595297297e-05], "median": [0.00116922543384, 0.000650328933261, 0.000176112807821, 0.000122510100482, 0.000230586549151, 0.000111467321403, 6.75373375998e-05, 4.61378731416e-05, 3.81488716812e-05, 2.87192433461e-05, 2.45107548835e-05, 2.81390148302e-05, 2.48120159085e-05, 1.63210424944e-05, 1.25515653053e-05, 1.09476977741e-05, 7.87572389527e-06, 6.40129928797e-06, 4.22875791628e-06, 3.81278414352e-06, 2.1630385163e-06, 7.27381006982e-07, 3.49846885683e-07, 1.75021241944e-07, 9.58293711051e-08, 3.62088385941e-08, 5.8337430886e-08], "min": [1.15906967956e-24, 9.61064586551e-24, 3.2257772759e-24, 2.28347917753e-24, 1.62332775264e-23, 1.42662970354e-23, 1.13859631332e-23, 9.41356790101e-24, 3.9612574625e-23, 3.0938749205e-23, 1.44624962089e-23, 2.12861146401e-23, 4.38748279613e-23, 4.62210485992e-23, 4.02875650363e-23, 5.78324342581e-23, 9.89438572249e-23, 1.04701134505e-22, 1.19748012562e-22, 2.13266235942e-22, 2.85305846844e-22, 3.37423879989e-22, 3.94166783742e-22, 5.74489910602e-22, 1.08264512615e-21, 1.44598148391e-21, 1.97391830174e-21], "var": [0.000701763667166, 2.65434900939e-05, 2.35154730035e-05, 3.73121620214e-05, 5.96467216383e-05, 2.04581374419e-05, 4.77917501485e-06, 3.8761554606e-06, 8.82413496583e-06, 2.31958460972e-06, 3.43307192452e-06, 4.11460314353e-05, 1.31652086566e-05, 4.37387534475e-05, 2.92808408631e-06, 2.07851098821e-06, 1.78817981578e-06, 1.66374957189e-06, 1.47524860949e-06, 2.70538248515e-06, 8.63486093294e-07, 8.07143351267e-07, 3.41248266977e-07, 1.89462568301e-07, 1.87387271922e-07, 1.32570960432e-07, 2.11860822219e-08]}, "erbbands": {"dmean": [0.0871453434229, 0.30029207468, 0.937417984009, 2.40886569023, 3.742800951, 4.81785392761, 6.27858924866, 6.03792953491, 5.9528927803, 7.58603954315, 9.21827316284, 11.2726774216, 11.3358774185, 11.7452812195, 14.9094734192, 25.6353397369, 24.2011508942, 28.5671520233, 17.7512798309, 12.8925209045, 11.9488048553, 12.5479726791, 11.9966106415, 9.81206512451, 11.1439685822, 13.5662727356, 7.4522061348, 6.96590232849, 5.26516103745, 3.27055716515, 2.46662664413, 1.7320728302, 0.896070063114, 0.615649759769, 0.500393033028, 0.152934104204, 0.109423831105, 0.0207124277949, 0.00300347385928, 0.000151972286403], "dmean2": [0.14836896956, 0.520167529583, 1.62980914116, 4.16063117981, 6.29158449173, 8.14513874054, 10.5157356262, 10.0331306458, 9.96114635468, 12.8622694016, 15.8524446487, 18.8993434906, 18.5010547638, 19.52318573, 24.4914054871, 42.4215927124, 39.9528579712, 46.5980873108, 29.5487995148, 21.9030723572, 19.8013153076, 21.2266712189, 19.9575443268, 16.5621490479, 19.2261543274, 22.9979782104, 12.6024341583, 11.6597251892, 8.73444843292, 5.26481771469, 4.07336950302, 2.93260550499, 1.52194941044, 0.997831761837, 0.781379640102, 0.247393935919, 0.178348958492, 0.0345478132367, 0.00497190002352, 0.000257059669821], "dvar": [0.119387820363, 0.632169544697, 13.9851131439, 211.5831604, 306.662139893, 928.568969727, 1586.2532959, 916.910339355, 755.788757324, 1021.5592041, 3742.97216797, 4005.65527344, 3370.86328125, 4198.52685547, 5685.53808594, 115148.695312, 40036.1640625, 124678.8125, 26149.9882812, 9315.23828125, 7468.06640625, 6850.12109375, 6790.16455078, 5349.15527344, 6482.06835938, 10293.0517578, 2023.35424805, 1926.66467285, 1372.75341797, 463.892150879, 291.484222412, 198.78414917, 32.5706138611, 14.6497735977, 13.0382966995, 1.30481052399, 0.864518880844, 0.0346688590944, 0.000624849810265, 1.62452840868e-06], "dvar2": [0.276489198208, 1.7445101738, 39.3867797852, 591.39453125, 860.897644043, 2426.99414062, 4070.29785156, 2320.64208984, 1920.42333984, 2723.33740234, 10698.0566406, 10834.8173828, 8284.29296875, 11100.5419922, 14535.0029297, 319729.53125, 104666.007812, 323166.8125, 61629.8984375, 26222.9707031, 20812.5507812, 19074.4921875, 18349.7890625, 14485.4980469, 17457.3398438, 27705.3320312, 5318.8125, 4959.05078125, 3627.9987793, 1126.1229248, 799.679382324, 600.482055664, 90.6465759277, 35.5039367676, 29.4437179565, 3.32964110374, 2.12024736404, 0.0899111330509, 0.0015970467357, 4.24517156716e-06], "max": [17.738494873, 28.0581493378, 144.5027771, 614.311218262, 800.107910156, 1505.06750488, 1785.81201172, 1096.87597656, 1438.78210449, 1021.38861084, 3623.75488281, 2743.06933594, 3724.75439453, 3211.39599609, 2688.71655273, 30986.0371094, 12863.3339844, 34031.8476562, 12986.5917969, 3816.97558594, 3457.59643555, 3732.92944336, 2347.45874023, 2330.44287109, 2676.32983398, 3848.078125, 2154.32177734, 1467.6628418, 2078.20141602, 789.13671875, 757.953369141, 604.902832031, 269.321868896, 138.397644043, 184.183258057, 49.7424926758, 34.3018417358, 6.50452423096, 0.981660425663, 0.0608346350491], "mean": [0.10033172369, 0.355795264244, 1.15990746021, 2.7873609066, 4.79857826233, 5.68318462372, 7.56524419785, 7.47145032883, 7.49821519852, 9.28091907501, 10.3423299789, 12.4532852173, 12.7623119354, 13.473692894, 17.3832149506, 27.0949668884, 26.8484306335, 31.4365310669, 19.7238616943, 14.2555990219, 13.2245359421, 13.8597221375, 13.5416097641, 9.5825548172, 9.92348670959, 12.1660356522, 7.51518201828, 6.9173374176, 5.27274274826, 3.36894798279, 2.52129769325, 1.73880922794, 0.839223504066, 0.574843645096, 0.47226703167, 0.145658567548, 0.0940397977829, 0.0196546167135, 0.00283166393638, 0.000150687250425], "median": [0.0348160304129, 0.100631207228, 0.221106216311, 0.367760181427, 0.595078647137, 0.701959371567, 0.828417479992, 0.915795922279, 0.955488801003, 1.09437763691, 1.05114209652, 0.885638237, 0.906942486763, 1.0725748539, 1.20711863041, 1.20973837376, 1.23348987103, 1.0836160183, 0.781449019909, 0.638023853302, 0.619176268578, 0.471480548382, 0.390749126673, 0.255773067474, 0.217073395848, 0.186282366514, 0.132123827934, 0.0592727512121, 0.0274170655757, 0.0173048749566, 0.00907042622566, 0.00468234764412, 0.00245959754102, 0.00133988005109, 0.000596819794737, 0.000206135591725, 7.91491111158e-05, 2.58941945503e-05, 1.75673267222e-05, 1.30061562231e-05], "min": [5.71429281751e-22, 2.08351993485e-21, 4.1729286848e-21, 1.56345730696e-20, 1.69619717706e-20, 3.80228011909e-20, 6.94708089817e-20, 1.17360863523e-19, 1.44712818323e-19, 3.13994012363e-19, 3.11448053835e-19, 7.30490385077e-19, 8.8777893365e-19, 1.12708104409e-18, 1.35072989881e-18, 1.4086363674e-18, 2.68996136673e-18, 1.98704644323e-18, 2.70850324054e-18, 3.17677142608e-18, 4.31846182396e-18, 7.03710340367e-18, 7.02307607485e-18, 9.05215094462e-18, 7.07940045712e-18, 9.77326880467e-18, 1.13832675063e-17, 1.22738283518e-17, 1.12544597685e-17, 1.42076277314e-17, 1.05312499687e-17, 1.02387059646e-17, 9.6246542271e-18, 9.02527419216e-18, 7.94409536481e-18, 4.55569722364e-18, 2.80962193452e-18, 1.02302534195e-18, 2.65166083641e-19, 2.71026535497e-20], "var": [0.137940362096, 0.770897448063, 17.433216095, 224.533050537, 451.733428955, 929.615539551, 1702.52770996, 1171.69775391, 949.12310791, 1140.70532227, 2636.42553711, 3654.09130859, 4199.29589844, 3779.10595703, 6044.66162109, 84933.9609375, 35174.0585938, 115674.195312, 29754.1269531, 6876.93701172, 5817.99951172, 5793.03173828, 6065.08105469, 3823.83056641, 4531.12744141, 8561.81445312, 1754.0123291, 1726.01452637, 1163.27722168, 499.673034668, 292.467834473, 190.584762573, 28.1018543243, 16.1781959534, 14.9242591858, 1.35747730732, 0.885636389256, 0.0359800830483, 0.000614842865616, 1.48551248458e-06]}, "gfcc": {"mean": [-178.132202148, 143.792037964, -83.485206604, 13.8358545303, -38.0442657471, 0.633709251881, -17.9129047394, -0.107048049569, -14.271727562, -1.45132637024, -6.07695102692, -3.31012678146, -3.54676508904], "cov": [[33188.078125, -8943.17089844, -9118.29394531, 1976.76953125, -738.22076416, 1317.36853027, -1210.99743652, 192.671295166, -869.74230957, 1119.65710449, -566.837036133, 598.776428223, -528.917175293], [-8943.17089844, 5484.91503906, 2865.99072266, -948.115356445, 459.971069336, -862.48059082, 545.118652344, -275.313903809, 328.36416626, -633.207458496, 332.127868652, -436.193145752, 296.361236572], [-9118.29394531, 2865.99072266, 5606.49169922, -748.385009766, -65.2479400635, -432.624908447, 473.516693115, 275.143066406, 405.861755371, -418.262359619, 83.2658233643, -160.948730469, 190.748031616], [1976.76953125, -948.115356445, -748.385009766, 663.647033691, -4.75125169754, 106.718315125, -130.077148438, -29.090265274, -11.9901304245, 91.7303009033, -33.0148773193, 33.1006278992, -47.1859855652], [-738.22076416, 459.971069336, -65.2479400635, -4.75125169754, 392.913635254, -65.1858596802, 56.7407112122, -17.3633060455, -17.4765338898, -31.2032165527, 61.2560081482, -51.6652793884, 33.950881958], [1317.36853027, -862.48059082, -432.624908447, 106.718315125, -65.1858596802, 319.295318604, -64.006111145, 12.4985151291, -63.5106811523, 102.187492371, -41.7231903076, 96.6073684692, -51.4023017883], [-1210.99743652, 545.118652344, 473.516693115, -130.077148438, 56.7407112122, -64.006111145, 231.320632935, 37.2852287292, 34.1907997131, -69.4063186646, 36.702167511, -35.5268135071, 47.1511421204], [192.671295166, -275.313903809, 275.143066406, -29.090265274, -17.3633060455, 12.4985151291, 37.2852287292, 233.234329224, -0.673427402973, 43.9343719482, -42.7415809631, 17.6701755524, -3.27117586136], [-869.74230957, 328.36416626, 405.861755371, -11.9901304245, -17.4765338898, -63.5106811523, 34.1907997131, -0.673427402973, 175.922119141, -27.8419151306, 9.67136287689, -35.3511352539, 20.1680736542], [1119.65710449, -633.207458496, -418.262359619, 91.7303009033, -31.2032165527, 102.187492371, -69.4063186646, 43.9343719482, -27.8419151306, 182.770904541, -19.280960083, 46.8668060303, -45.4502449036], [-566.837036133, 332.127868652, 83.2658233643, -33.0148773193, 61.2560081482, -41.7231903076, 36.702167511, -42.7415809631, 9.67136287689, -19.280960083, 122.582092285, -9.05912208557, 30.7721233368], [598.776428223, -436.193145752, -160.948730469, 33.1006278992, -51.6652793884, 96.6073684692, -35.5268135071, 17.6701755524, -35.3511352539, 46.8668060303, -9.05912208557, 119.493591309, -10.0614213943], [-528.917175293, 296.361236572, 190.748031616, -47.1859855652, 33.950881958, -51.4023017883, 47.1511421204, -3.27117586136, 20.1680736542, -45.4502449036, 30.7721233368, -10.0614213943, 88.9216003418]], "icov": [[7.91299098637e-05, 3.24916363752e-05, 9.57270167419e-05, -6.33097806713e-05, 0.000101155099401, -2.07445282285e-05, 7.42682241253e-05, -0.000136376867886, 9.08464062377e-05, -1.87764289876e-05, 6.47356719128e-05, 8.51337881613e-06, -2.32083475566e-05], [3.24916363752e-05, 0.00116345647257, -0.00015810620971, 0.000801598012913, -0.000537776446436, 0.00113260000944, -0.000631678849459, 0.00111386366189, -0.000531388446689, 0.00117099529598, -0.00100119656418, 0.00141754094511, -0.000457938003819], [9.57270167419e-05, -0.00015810620971, 0.000497264729347, -5.32446665602e-06, 0.000354104151484, -0.000156055335538, -2.39097644226e-05, -0.000850061769597, -0.000394733651774, 0.000359429890523, 8.24007292977e-05, -0.00023917236831, 4.80881396925e-07], [-6.33097806713e-05, 0.000801598012913, -5.32446665602e-06, 0.00258622434922, -0.000655931478832, 0.000526898598764, 8.21702415124e-05, 0.000899004109669, -0.00113553716801, 0.000722096650861, -0.000651697162539, 0.00102029973641, -0.00015225270181], [0.000101155099401, -0.000537776446436, 0.000354104151484, -0.000655931478832, 0.00355059071444, -0.000412504363339, -0.000125127131469, -0.000996453105472, 0.00099180242978, -0.000493627914693, -0.000720284122508, 0.000562673958484, -0.000442389922682], [-2.07445282285e-05, 0.00113260000944, -0.000156055335538, 0.000526898598764, -0.000412504363339, 0.00628754636273, -0.00110860692803, 0.00160128297284, 0.000148366088979, -0.000308950577164, -6.63872706355e-05, -0.00171916012187, 0.000791928498074], [7.42682241253e-05, -0.000631678849459, -2.39097644226e-05, 8.21702415124e-05, -0.000125127131469, -0.00110860692803, 0.00686468882486, -0.00206562038511, 0.000137983675813, 0.000598603393883, -0.000612127361819, 0.000116951639939, -0.00116743100807], [-0.000136376867886, 0.00111386366189, -0.000850061769597, 0.000899004109669, -0.000996453105472, 0.00160128297284, -0.00206562038511, 0.00749852880836, 6.01703031862e-05, -0.00153252179734, 0.00143804645631, 0.000569523195736, -0.000775887339842], [9.08464062377e-05, -0.000531388446689, -0.000394733651774, -0.00113553716801, 0.00099180242978, 0.000148366088979, 0.000137983675813, 6.01703031862e-05, 0.00800559204072, -0.00166260206606, 0.000675200251862, 0.00074812117964, -0.000622821738943], [-1.87764289876e-05, 0.00117099529598, 0.000359429890523, 0.000722096650861, -0.000493627914693, -0.000308950577164, 0.000598603393883, -0.00153252179734, -0.00166260206606, 0.0106576438993, -0.00254228594713, 0.000395972601837, 0.00198290939443], [6.47356719128e-05, -0.00100119656418, 8.24007292977e-05, -0.000651697162539, -0.000720284122508, -6.63872706355e-05, -0.000612127361819, 0.00143804645631, 0.000675200251862, -0.00254228594713, 0.0118326013908, -0.0024150700774, -0.00200719479471], [8.51337881613e-06, 0.00141754094511, -0.00023917236831, 0.00102029973641, 0.000562673958484, -0.00171916012187, 0.000116951639939, 0.000569523195736, 0.00074812117964, 0.000395972601837, -0.0024150700774, 0.0141604496166, -0.00239828438498], [-2.32083475566e-05, -0.000457938003819, 4.80881396925e-07, -0.00015225270181, -0.000442389922682, 0.000791928498074, -0.00116743100807, -0.000775887339842, -0.000622821738943, 0.00198290939443, -0.00200719479471, -0.00239828438498, 0.0153474332765]]}, "melbands": {"dmean": [0.000796178355813, 0.000436726288171, 0.000440296600573, 0.000286618276732, 0.000216778207687, 0.000135119567858, 9.11862516659e-05, 8.32197620184e-05, 7.79084584792e-05, 7.32340995455e-05, 5.61006781936e-05, 4.70489321742e-05, 4.78491929243e-05, 5.76671918679e-05, 6.55584663036e-05, 5.99238592258e-05, 5.01591675857e-05, 3.10668292514e-05, 2.00934919121e-05, 1.63804561453e-05, 1.38202076414e-05, 1.26591548906e-05, 1.48827011799e-05, 8.36002800497e-06, 8.16249576019e-06, 8.54228710523e-06, 6.59036550132e-06, 1.0598469089e-05, 4.93348625241e-06, 4.33241984865e-06, 4.09196309192e-06, 3.17721105603e-06, 2.54988663073e-06, 1.58137947892e-06, 1.52904328843e-06, 1.27965938646e-06, 1.05325796085e-06, 6.71751877235e-07, 4.67716148478e-07, 5.75695025873e-07], "dmean2": [0.00133113947231, 0.000752798048779, 0.000750013859943, 0.000479019683553, 0.000358687480912, 0.000222380200285, 0.000151935993927, 0.000142093063914, 0.000133990572067, 0.000121860037325, 9.15307173273e-05, 7.86923337728e-05, 7.88431570982e-05, 9.56890871748e-05, 0.00010859080794, 9.93863504846e-05, 8.1990066974e-05, 5.20848625456e-05, 3.44329891959e-05, 2.78210882243e-05, 2.31313097174e-05, 2.13722323679e-05, 2.55455088336e-05, 1.3432502783e-05, 1.39116727951e-05, 1.49194793266e-05, 1.11601675599e-05, 1.80424322025e-05, 8.41342989588e-06, 7.34509330869e-06, 6.88467525833e-06, 5.38144968232e-06, 4.25132475357e-06, 2.55712870967e-06, 2.53018424701e-06, 2.16362332139e-06, 1.81120992693e-06, 1.15214197649e-06, 7.77455682055e-07, 9.23307140965e-07], "dvar": [1.02908043118e-05, 2.35448987951e-06, 5.88116245126e-06, 2.11300539377e-06, 1.83235977147e-06, 4.51753891184e-07, 1.63723711921e-07, 1.21408220366e-07, 2.49919452244e-07, 1.79846409765e-07, 8.07948765669e-08, 6.53079084145e-08, 6.00811631557e-08, 2.70270362535e-07, 6.5613210154e-07, 2.80972585642e-07, 3.8959112203e-07, 1.04787815758e-07, 2.36820358879e-08, 1.55856909601e-08, 1.0472991363e-08, 6.8943952769e-09, 1.92687714673e-08, 1.77939118995e-09, 5.00421215577e-09, 4.22982360249e-09, 2.00545957618e-09, 8.21129919615e-09, 7.85858600416e-10, 8.87360351864e-10, 9.87494308546e-10, 5.87758675064e-10, 5.24698340332e-10, 1.38634242974e-10, 1.65807284569e-10, 9.51202033805e-11, 1.21835472267e-10, 2.37925113639e-11, 1.26062354999e-11, 1.32663715083e-11], "dvar2": [2.25162275456e-05, 6.53130427963e-06, 1.64202356245e-05, 5.54583220946e-06, 4.58983458884e-06, 1.12610337055e-06, 4.16679853288e-07, 3.3096171137e-07, 7.10565359441e-07, 4.81751897041e-07, 1.98093687231e-07, 1.73240252366e-07, 1.54711585765e-07, 7.41158714845e-07, 1.78850166321e-06, 7.50521053305e-07, 1.00404849945e-06, 2.50239907018e-07, 6.59909602518e-08, 4.41444925059e-08, 2.92698718596e-08, 1.92391151899e-08, 5.4114320136e-08, 4.13934309051e-09, 1.36720874622e-08, 1.16048726184e-08, 4.96715246712e-09, 2.22437392949e-08, 2.00743954792e-09, 2.40604269841e-09, 2.59827936944e-09, 1.57167900916e-09, 1.3714285263e-09, 3.46926293249e-10, 4.72603844948e-10, 2.54151533152e-10, 3.84179354995e-10, 6.81745632169e-11, 3.34863109464e-11, 3.14344730801e-11], "max": [0.176526680589, 0.0579421408474, 0.102329283953, 0.0659941881895, 0.0578273758292, 0.0237603075802, 0.0194803457707, 0.0118077620864, 0.0288973376155, 0.018230272457, 0.0182330477983, 0.0128400735557, 0.00956571660936, 0.0420175045729, 0.0732344016433, 0.0355582460761, 0.0605188272893, 0.0278213787824, 0.00591072859243, 0.00544458767399, 0.00425502285361, 0.00434000138193, 0.00421852059662, 0.00187289202586, 0.00235191243701, 0.00188617315143, 0.00221459264867, 0.00359043292701, 0.00110435881652, 0.0010295342654, 0.00131281802896, 0.00142499885987, 0.00136653881054, 0.000474795466289, 0.000700153352227, 0.000500304508023, 0.000504777242895, 0.000285290443571, 0.000163745935424, 0.000114623260743], "mean": [0.00100589217618, 0.000567121838685, 0.000550284690689, 0.000376586540369, 0.000265205802862, 0.000170224942849, 0.000115905109851, 0.00010047514661, 8.5840227257e-05, 8.04526571301e-05, 6.2365863414e-05, 5.24249189766e-05, 5.54498765268e-05, 6.21326034889e-05, 6.90364395268e-05, 6.45463951514e-05, 5.41640984011e-05, 3.31895862473e-05, 2.05943470064e-05, 1.81117557077e-05, 1.45561925819e-05, 1.40566035043e-05, 1.44090254253e-05, 9.87966632238e-06, 7.45537954572e-06, 7.26523649064e-06, 6.24378571956e-06, 9.11029110284e-06, 4.83841495225e-06, 4.18902072852e-06, 3.88678836316e-06, 3.08381891045e-06, 2.49764207183e-06, 1.58282682605e-06, 1.52914253704e-06, 1.22079870835e-06, 1.02391084056e-06, 6.07982883594e-07, 4.29841634286e-07, 5.17137380029e-07], "median": [0.000377654330805, 0.000130535350763, 7.67292076489e-05, 4.87990946567e-05, 3.08939452225e-05, 2.08192541322e-05, 1.46575948747e-05, 1.17143135867e-05, 8.08512231742e-06, 5.22518075741e-06, 4.23262281402e-06, 4.06775234296e-06, 3.74763658328e-06, 3.28534474647e-06, 2.71313047051e-06, 2.40356644099e-06, 1.73835064743e-06, 1.13890814646e-06, 8.83327174961e-07, 7.58241924359e-07, 6.52983715099e-07, 4.55186466297e-07, 3.63430160633e-07, 2.7925321433e-07, 1.76898254267e-07, 1.5280528487e-07, 1.28279225464e-07, 1.11650649615e-07, 8.62538769297e-08, 4.25426094353e-08, 2.39303847849e-08, 1.46104195409e-08, 1.13735882934e-08, 7.62872875981e-09, 5.03611108371e-09, 3.47341622131e-09, 2.2218515916e-09, 1.43925893425e-09, 1.31638466794e-09, 8.66580140979e-10], "min": [4.9603427781e-24, 2.55877368686e-24, 2.6419912154e-24, 2.80540394913e-24, 2.72616089905e-24, 2.97958739523e-24, 2.4545381428e-24, 2.96080599759e-24, 2.61902885496e-24, 4.36881227288e-24, 4.33994154147e-24, 4.52473299738e-24, 3.5798768203e-24, 2.13776079111e-24, 4.26125187731e-24, 4.48657895084e-24, 3.48340662577e-24, 3.93205667169e-24, 3.75414447731e-24, 3.53238897153e-24, 4.51634819482e-24, 6.04483719616e-24, 7.67749882992e-24, 5.35390745587e-24, 6.9686725967e-24, 4.13463654658e-24, 6.57523295339e-24, 6.13848524081e-24, 5.99041802105e-24, 6.4381644268e-24, 6.12358602489e-24, 5.83643789438e-24, 6.75169088269e-24, 6.11167343636e-24, 4.76258442106e-24, 6.92662157729e-24, 5.91359125192e-24, 6.60160417902e-24, 7.10994180761e-24, 6.98594943938e-24], "var": [1.33906805786e-05, 3.20383628605e-06, 7.10542235538e-06, 2.73267210105e-06, 2.04759317057e-06, 5.96670361119e-07, 2.08554780556e-07, 1.25673011553e-07, 1.81511893516e-07, 1.70375201947e-07, 1.00786159862e-07, 5.81496166774e-08, 6.23018863166e-08, 2.12298900237e-07, 5.06093385866e-07, 2.43578767822e-07, 3.65069894315e-07, 1.1686736201e-07, 1.75364238686e-08, 1.11338085418e-08, 8.05944644355e-09, 6.15053519226e-09, 1.30805180021e-08, 2.43506326214e-09, 3.42334649517e-09, 2.80968026622e-09, 1.74632242e-09, 6.73691280539e-09, 7.27463533856e-10, 6.86408097028e-10, 7.90219945035e-10, 4.66451322012e-10, 4.4029146995e-10, 1.37590105975e-10, 1.56596263734e-10, 7.88795834206e-11, 1.07009977268e-10, 1.81937034882e-11, 1.05931938568e-11, 1.49749327522e-11]}, "mfcc": {"mean": [-800.817504883, 155.923736572, 17.9422683716, 26.7668838501, 6.54374408722, 7.84011459351, 5.53563690186, 3.09572005272, 2.26443314552, 3.02994513512, 0.786398231983, 3.61551237106, 1.79028046131], "cov": [[21729.7324219, -2858.18847656, -6014.90234375, -943.883911133, -946.285766602, 416.347930908, -102.026641846, -193.839630127, -344.946838379, -110.588378906, -165.48298645, 137.992431641, -19.8636684418], [-2858.18847656, 2813.36645508, 692.352111816, 156.73916626, 171.633483887, -247.907470703, 78.7867507935, -31.8338947296, -22.7022037506, -12.7537145615, -41.2554473877, -61.760509491, 13.5772686005], [-6014.90234375, 692.352111816, 3292.50317383, 667.258728027, 241.115478516, -154.578369141, -115.553779602, 173.562728882, 234.437744141, 100.56275177, 87.8987579346, -60.2004623413, -32.6047897339], [-943.883911133, 156.73916626, 667.258728027, 540.993286133, 119.603210449, -45.0544586182, -25.4904975891, 54.7190666199, 58.276889801, 80.8526306152, 6.17895174026, 1.69670498371, -7.25469827652], [-946.285766602, 171.633483887, 241.115478516, 119.603210449, 273.225921631, 8.68642425537, 32.080997467, 18.742193222, 5.50100564957, 11.4416570663, -0.0159858819097, 9.39780044556, -2.63805198669], [416.347930908, -247.907470703, -154.578369141, -45.0544586182, 8.68642425537, 204.298324585, -2.36544179916, -6.35939741135, -25.574552536, -20.9179401398, 1.06096184254, 15.7713823318, 4.33304786682], [-102.026641846, 78.7867507935, -115.553779602, -25.4904975891, 32.080997467, -2.36544179916, 195.160293579, 30.7976589203, -0.33928155899, -8.66544342041, -9.6683921814, 10.7702417374, 24.5320014954], [-193.839630127, -31.8338947296, 173.562728882, 54.7190666199, 18.742193222, -6.35939741135, 30.7976589203, 122.652450562, 45.5809288025, 8.63753795624, -9.46963214874, -3.82548832893, -0.993105053902], [-344.946838379, -22.7022037506, 234.437744141, 58.276889801, 5.50100564957, -25.574552536, -0.33928155899, 45.5809288025, 130.935714722, 47.2716217041, 28.8136501312, -6.40297460556, -6.39780807495], [-110.588378906, -12.7537145615, 100.56275177, 80.8526306152, 11.4416570663, -20.9179401398, -8.66544342041, 8.63753795624, 47.2716217041, 110.184707642, 36.4938926697, -2.76078414917, -3.93925666809], [-165.48298645, -41.2554473877, 87.8987579346, 6.17895174026, -0.0159858819097, 1.06096184254, -9.6683921814, -9.46963214874, 28.8136501312, 36.4938926697, 98.2787780762, 13.0487890244, 1.38672733307], [137.992431641, -61.760509491, -60.2004623413, 1.69670498371, 9.39780044556, 15.7713823318, 10.7702417374, -3.82548832893, -6.40297460556, -2.76078414917, 13.0487890244, 75.6899108887, 19.1200275421], [-19.8636684418, 13.5772686005, -32.6047897339, -7.25469827652, -2.63805198669, 4.33304786682, 24.5320014954, -0.993105053902, -6.39780807495, -3.93925666809, 1.38672733307, 19.1200275421, 74.527633667]], "icov": [[0.000121835590107, 4.78466463392e-05, 0.000226076386753, -0.000113378133392, 0.000241481713601, -5.57402818231e-05, 0.000138249757583, -0.000134980655275, -6.10885848573e-08, -2.45586415986e-05, 4.96740431117e-05, -7.88262477727e-05, 9.41025355132e-05], [4.78466463392e-05, 0.000479571608594, -8.36616436573e-06, -4.63670658064e-05, -0.000137970724609, 0.000493043218739, -0.000182521354873, 0.000268385978416, 0.000193873493117, 7.98410546849e-05, 0.000174243818037, 0.000267893687123, -0.000103788428532], [0.000226076386753, -8.36616436573e-06, 0.00095302547561, -0.000711240107194, 0.000222377362661, 1.83350766747e-05, 0.000635088479612, -0.000707034720108, -0.000573401805013, 0.000362348742783, -0.000431759894127, 0.000205467178603, 0.000123065328808], [-0.000113378133392, -4.63670658064e-05, -0.000711240107194, 0.00307996035554, -0.000987785053439, 0.00022411372629, 0.000163898759638, -0.000346592074493, 0.000279333966319, -0.00200026901439, 0.00095724069979, -0.000625193002634, -7.88470206317e-05], [0.000241481713601, -0.000137970724609, 0.000222377362661, -0.000987785053439, 0.00498227309436, -0.000853140081745, -0.000640003418084, -0.000318419071846, 0.000406312930863, -0.000189147773199, 0.000190845719771, -0.000922398816328, 0.000780986098107], [-5.57402818231e-05, 0.000493043218739, 1.83350766747e-05, 0.00022411372629, -0.000853140081745, 0.00592905702069, 0.000107109612145, -8.06123061921e-05, 0.000794954481535, 0.000844221038278, -0.000469861464808, -0.000389450811781, -0.00026456543128], [0.000138249757583, -0.000182521354873, 0.000635088479612, 0.000163898759638, -0.000640003418084, 0.000107109612145, 0.00637816963717, -0.00225533195771, -0.000212802828173, 0.000180118295248, 6.72560199746e-05, -0.000461014918983, -0.00168624520302], [-0.000134980655275, 0.000268385978416, -0.000707034720108, -0.000346592074493, -0.000318419071846, -8.06123061921e-05, -0.00225533195771, 0.0111968349665, -0.00345147959888, 0.000521111942362, 0.00219078431837, 0.000177218520548, 0.000102094745671], [-6.10885848573e-08, 0.000193873493117, -0.000573401805013, 0.000279333966319, 0.000406312930863, 0.000794954481535, -0.000212802828173, -0.00345147959888, 0.0116959176958, -0.00365194818005, -0.00191855884623, 0.000402271834901, 0.000476719782455], [-2.45586415986e-05, 7.98410546849e-05, 0.000362348742783, -0.00200026901439, -0.000189147773199, 0.000844221038278, 0.000180118295248, 0.000521111942362, -0.00365194818005, 0.013333491981, -0.00418588053435, 0.00119071896188, -1.73614739651e-06], [4.96740431117e-05, 0.000174243818037, -0.000431759894127, 0.00095724069979, 0.000190845719771, -0.000469861464808, 6.72560199746e-05, 0.00219078431837, -0.00191855884623, -0.00418588053435, 0.0133635504171, -0.00275658816099, -4.86173632908e-07], [-7.88262477727e-05, 0.000267893687123, 0.000205467178603, -0.000625193002634, -0.000922398816328, -0.000389450811781, -0.000461014918983, 0.000177218520548, 0.000402271834901, 0.00119071896188, -0.00275658816099, 0.0155163509771, -0.00372862815857], [9.41025355132e-05, -0.000103788428532, 0.000123065328808, -7.88470206317e-05, 0.000780986098107, -0.00026456543128, -0.00168624520302, 0.000102094745671, 0.000476719782455, -1.73614739651e-06, -4.86173632908e-07, -0.00372862815857, 0.0151048563421]]}, "spectral_contrast_coeffs": {"dmean": [0.0545511245728, 0.0452463887632, 0.0350379422307, 0.0283109042794, 0.0225945618004, 0.0216556619853], "dmean2": [0.0920097604394, 0.0764997899532, 0.0585842803121, 0.0467485822737, 0.0360808894038, 0.034265678376], "dvar": [0.00189859420061, 0.00132552254945, 0.000846011389513, 0.000680760189425, 0.00059834937565, 0.000491420738399], "dvar2": [0.00532258162275, 0.00373421935365, 0.00226210267283, 0.0017134846421, 0.00132468494121, 0.00114028470125], "max": [-0.315792351961, -0.407840490341, -0.482460588217, -0.40067923069, -0.429571926594, -0.356135725975], "mean": [-0.719534218311, -0.800204634666, -0.812856435776, -0.826177597046, -0.83154040575, -0.792487680912], "median": [-0.728621184826, -0.809803366661, -0.828777194023, -0.833705306053, -0.835903465748, -0.787222087383], "min": [-0.971696257591, -0.982035160065, -0.988833606243, -0.980419695377, -0.971707522869, -0.965350270271], "var": [0.00644995784387, 0.00396991241723, 0.004628486, 0.00430044624954, 0.00346591556445, 0.00698101101443]}, "spectral_contrast_valleys": {"dmean": [0.415612757206, 0.415275543928, 0.399098098278, 0.386519879103, 0.336584508419, 0.401285678148], "dmean2": [0.698867619038, 0.677006721497, 0.633954524994, 0.605664551258, 0.510128617287, 0.593655347824], "dvar": [0.130707576871, 0.147428929806, 0.159603476524, 0.180783122778, 0.168303444982, 0.2242