{"lowlevel": {"average_loudness": 0.904753506184, "barkbands_crest": {"dmean": 2.98276495934, "dmean2": 4.66994524002, "dvar": 7.80302286148, "dvar2": 17.8577404022, "max": 26.4861240387, "mean": 11.5649404526, "median": 10.7213153839, "min": 2.70289683342, "var": 20.7829227448}, "barkbands_flatness_db": {"dmean": 0.0311137773097, "dmean2": 0.0442300066352, "dvar": 0.00084964040434, "dvar2": 0.00175361370202, "max": 0.417015939951, "mean": 0.169603422284, "median": 0.165208980441, "min": 0.0262039434165, "var": 0.00346737727523}, "barkbands_kurtosis": {"dmean": 4.6152472496, "dmean2": 7.04406738281, "dvar": 73.0443496704, "dvar2": 171.037109375, "max": 265.967529297, "mean": 7.12482833862, "median": 4.01041460037, "min": -1.92490684986, "var": 149.539978027}, "barkbands_skewness": {"dmean": 0.6783400774, "dmean2": 0.993335545063, "dvar": 0.515447616577, "dvar2": 1.1376543045, "max": 14.5532913208, "mean": 2.0261964798, "median": 1.85961806774, "min": -3.31039142609, "var": 1.69485855103}, "barkbands_spread": {"dmean": 5.16546201706, "dmean2": 7.75438642502, "dvar": 66.0985946655, "dvar2": 139.817169189, "max": 117.998352051, "mean": 14.6606473923, "median": 11.3168706894, "min": 0.310620158911, "var": 183.562545776}, "dissonance": {"dmean": 0.0290676821023, "dmean2": 0.046989671886, "dvar": 0.000720470678061, "dvar2": 0.00181579706259, "max": 0.500000059605, "mean": 0.432832747698, "median": 0.438814908266, "min": 0.152166873217, "var": 0.0016612134641}, "dynamic_complexity": 3.53188228607, "erbbands_crest": {"dmean": 3.02564525604, "dmean2": 4.73457241058, "dvar": 7.94005250931, "dvar2": 18.4289207458, "max": 29.1405601501, "mean": 10.8924646378, "median": 10.0010051727, "min": 2.01637840271, "var": 19.5075435638}, "erbbands_flatness_db": {"dmean": 0.0280848722905, "dmean2": 0.0391530953348, "dvar": 0.000665325205773, "dvar2": 0.00132092658896, "max": 0.38824403286, "mean": 0.189920172095, "median": 0.185694843531, "min": 0.0316457115114, "var": 0.00333656161092}, "erbbands_kurtosis": {"dmean": 1.35041069984, "dmean2": 2.08962726593, "dvar": 4.76197385788, "dvar2": 10.9844045639, "max": 53.4776306152, "mean": 1.07815873623, "median": 0.265393733978, "min": -1.85959625244, "var": 8.65570068359}, "erbbands_skewness": {"dmean": 0.452554911375, "dmean2": 0.662261962891, "dvar": 0.199744030833, "dvar2": 0.428872644901, "max": 6.40287446976, "mean": 0.737453937531, "median": 0.703311085701, "min": -3.43484997749, "var": 0.691281974316}, "erbbands_spread": {"dmean": 8.00371646881, "dmean2": 11.8129940033, "dvar": 86.7602615356, "dvar2": 191.151428223, "max": 130.683532715, "mean": 31.151971817, "median": 26.903049469, "min": 2.2631509304, "var": 281.93838501}, "hfc": {"dmean": 6.98423480988, "dmean2": 9.56206607819, "dvar": 122.457275391, "dvar2": 238.803527832, "max": 265.433410645, "mean": 14.6655950546, "median": 9.35059642792, "min": 1.13653425025e-16, "var": 304.396636963}, "melbands_crest": {"dmean": 3.32224702835, "dmean2": 5.30991458893, "dvar": 8.67543792725, "dvar2": 21.3789596558, "max": 32.7613830566, "mean": 14.3590764999, "median": 13.7032489777, "min": 2.04966139793, "var": 23.0207805634}, "melbands_flatness_db": {"dmean": 0.0339846462011, "dmean2": 0.0481348149478, "dvar": 0.00107931124512, "dvar2": 0.00224426528439, "max": 0.53861194849, "mean": 0.234430357814, "median": 0.231773123145, "min": 0.00502162938938, "var": 0.00432953285053}, "melbands_kurtosis": {"dmean": 7.32776069641, "dmean2": 11.1418657303, "dvar": 118.762512207, "dvar2": 276.583557129, "max": 211.460083008, "mean": 13.5677242279, "median": 8.82666397095, "min": -1.9079760313, "var": 252.39781189}, "melbands_skewness": {"dmean": 0.746055603027, "dmean2": 1.10536289215, "dvar": 0.583843290806, "dvar2": 1.34619677067, "max": 11.0414991379, "mean": 2.66379618645, "median": 2.47132515907, "min": -0.860311448574, "var": 1.91223144531}, "melbands_spread": {"dmean": 5.61518335342, "dmean2": 8.4358253479, "dvar": 102.676315308, "dvar2": 209.086776733, "max": 241.087799072, "mean": 15.6420068741, "median": 12.1775369644, "min": 0.4560315907, "var": 241.410812378}, "pitch_salience": {"dmean": 0.0801431462169, "dmean2": 0.125671178102, "dvar": 0.00536531023681, "dvar2": 0.0126884635538, "max": 0.851912379265, "mean": 0.53302782774, "median": 0.534501850605, "min": 0.100234054029, "var": 0.0132930334657}, "silence_rate_20dB": {"dmean": 0, "dmean2": 0, "dvar": 0, "dvar2": 0, "max": 1, "mean": 1, "median": 1, "min": 1, "var": 0}, "silence_rate_30dB": {"dmean": 0.00160036585294, "dmean2": 0.00320109748282, "dvar": 0.00159788678866, "dvar2": 0.00456268433481, "max": 1, "mean": 0.999085605145, "median": 1, "min": 0, "var": 0.000913630006835}, "silence_rate_60dB": {"dmean": 0.047325104475, "dmean2": 0.0946610271931, "dvar": 0.0450809076428, "dvar2": 0.099657125771, "max": 1, "mean": 0.0982969477773, "median": 0, "min": 0, "var": 0.0886321663857}, "spectral_centroid": {"dmean": 204.852386475, "dmean2": 303.803619385, "dvar": 97094.953125, "dvar2": 190472.375, "max": 11075.1953125, "mean": 841.635986328, "median": 721.686828613, "min": 140.557037354, "var": 255821.015625}, "spectral_complexity": {"dmean": 3.179240942, "dmean2": 4.47924995422, "dvar": 16.7226810455, "dvar2": 30.6312599182, "max": 57, "mean": 12.9076461792, "median": 12, "min": 0, "var": 51.3341941833}, "spectral_decrease": {"dmean": 2.43163711389e-09, "dmean2": 3.40823902434e-09, "dvar": 1.11201976018e-17, "dvar2": 2.33251797112e-17, "max": 3.43758891784e-19, "mean": -5.17900611285e-09, "median": -3.57993235056e-09, "min": -3.54132581037e-08, "var": 2.46613774942e-17}, "spectral_energy": {"dmean": 0.00965688563883, "dmean2": 0.0134854279459, "dvar": 0.000172836502315, "dvar2": 0.000361412065104, "max": 0.139198228717, "mean": 0.020877007395, "median": 0.014635427855, "min": 1.07082141132e-20, "var": 0.00039091220242}, "spectral_energyband_high": {"dmean": 0.000377021613531, "dmean2": 0.000533084792551, "dvar": 9.2940479135e-07, "dvar2": 1.69515794823e-06, "max": 0.0322805643082, "mean": 0.000539749977179, "median": 0.000112570887723, "min": 7.93619859462e-21, "var": 2.12317422665e-06}, "spectral_energyband_low": {"dmean": 0.00144694920164, "dmean2": 0.00246579037048, "dvar": 2.0359580958e-05, "dvar2": 5.63479916309e-05, "max": 0.059166226536, "mean": 0.00193865585607, "median": 0.000553163932636, "min": 9.51366504132e-23, "var": 1.71284573298e-05}, "spectral_energyband_middle_high": {"dmean": 0.00160811154637, "dmean2": 0.00231041270308, "dvar": 9.46633372223e-06, "dvar2": 2.21883565246e-05, "max": 0.0843921080232, "mean": 0.00334439356811, "median": 0.00195883610286, "min": 1.34178883652e-21, "var": 1.65775163623e-05}, "spectral_energyband_middle_low": {"dmean": 0.00806713756174, "dmean2": 0.011438739486, "dvar": 0.000134265472298, "dvar2": 0.000285437388811, "max": 0.124561674893, "mean": 0.0156645756215, "median": 0.00984889827669, "min": 4.52179917634e-22, "var": 0.000272843637504}, "spectral_entropy": {"dmean": 0.322555571795, "dmean2": 0.438054382801, "dvar": 0.090106010437, "dvar2": 0.170878648758, "max": 9.79681682587, "mean": 7.07126140594, "median": 7.07810974121, "min": 4.80196237564, "var": 0.400319427252}, "spectral_flux": {"dmean": 0.0287075284868, "dmean2": 0.0444310680032, "dvar": 0.000952630245592, "dvar2": 0.00214199838229, "max": 0.337234944105, "mean": 0.0713898539543, "median": 0.0596739463508, "min": 1.03480501945e-10, "var": 0.00246757105924}, "spectral_kurtosis": {"dmean": 3.43013191223, "dmean2": 5.47851705551, "dvar": 27.1175861359, "dvar2": 67.4226074219, "max": 93.9343414307, "mean": 8.38732624054, "median": 6.19134712219, "min": -1.22238242626, "var": 63.6081695557}, "spectral_rms": {"dmean": 0.000957640761044, "dmean2": 0.00127478758805, "dvar": 1.06846255221e-06, "dvar2": 2.07692278309e-06, "max": 0.0116534605622, "mean": 0.00404035160318, "median": 0.00377868581563, "min": 3.23218773794e-12, "var": 4.04333968618e-06}, "spectral_rolloff": {"dmean": 489.167694092, "dmean2": 818.726989746, "dvar": 1672705.875, "dvar2": 3655740.5, "max": 18690.8203125, "mean": 1275.01281738, "median": 882.861328125, "min": 86.1328125, "var": 3349435.5}, "spectral_skewness": {"dmean": 0.373920947313, "dmean2": 0.562940299511, "dvar": 0.166797593236, "dvar2": 0.382712423801, "max": 7.71795320511, "mean": 2.17226243019, "median": 2.06053781509, "min": -0.00396592821926, "var": 0.598596215248}, "spectral_spread": {"dmean": 816021.0625, "dmean2": 1151054.25, "dvar": 865140146176, "dvar2": 1570906701820.0, "max": 40227872, "mean": 4509880.5, "median": 4267104, "min": 923955.25, "var": 3947196841980.0}, "spectral_strongpeak": {"dmean": 0.511992096901, "dmean2": 0.814247131348, "dvar": 0.475052714348, "dvar2": 1.11390042305, "max": 10.2686901093, "mean": 1.03786385059, "median": 0.790029466152, "min": 0, "var": 0.896148562431}, "zerocrossingrate": {"dmean": 0.0118645979092, "dmean2": 0.0138427484781, "dvar": 0.000343290506862, "dvar2": 0.000364143925253, "max": 0.49951171875, "mean": 0.0516849793494, "median": 0.04150390625, "min": 0.0048828125, "var": 0.00191503099632}, "barkbands": {"dmean": [6.42669474473e-05, 0.000886418973096, 0.000363157218089, 0.000632263312582, 0.00226836232468, 0.00467259157449, 0.0018105651252, 0.000586543697864, 0.000318027043249, 0.000401984696509, 0.000415330083342, 0.000258738553384, 0.000355232739821, 0.000302180298604, 0.000158504612045, 0.000157250047778, 0.000119924450701, 8.55368198245e-05, 6.08342052146e-05, 5.97466605541e-05, 6.36942058918e-05, 9.20966340345e-05, 6.8871449912e-05, 5.29611425009e-05, 6.74702896504e-05, 3.76976495318e-05, 1.32620816657e-05], "dmean2": [0.000118726115033, 0.00161223229952, 0.000571138982195, 0.00100890430622, 0.00336107122712, 0.00701289158314, 0.00276963319629, 0.00087859632913, 0.000466650701128, 0.000584648281801, 0.000638840196189, 0.0004194159701, 0.000554331054445, 0.000447100086603, 0.000245183211518, 0.000236871026573, 0.00019262265414, 0.000129986423417, 8.98588477867e-05, 9.15112759685e-05, 9.47156731854e-05, 0.000135579670314, 0.000101531710243, 7.64767610235e-05, 9.96445160126e-05, 5.76001802983e-05, 2.04820280487e-05], "dvar": [7.27092128727e-08, 1.49239758684e-05, 7.07653953214e-07, 1.92106017494e-06, 1.93891100935e-05, 7.3080729635e-05, 2.12262220884e-05, 2.22311609832e-06, 7.86909595263e-07, 1.19760204598e-06, 1.97198187379e-06, 9.76383716988e-07, 9.26252482714e-07, 5.86276428294e-07, 2.1371135972e-07, 1.39986170211e-07, 2.38491082882e-07, 4.3327961663e-08, 3.13539736396e-08, 2.45009843525e-08, 2.62631587589e-08, 6.18247710804e-08, 3.30675931082e-08, 4.763286654e-08, 8.73099352816e-08, 1.77471335405e-08, 2.67911426377e-09], "dvar2": [2.09427113873e-07, 4.21534059569e-05, 1.79620326435e-06, 5.04604940943e-06, 4.02566111006e-05, 0.000164425247931, 4.97495420859e-05, 4.55651797893e-06, 1.57146814672e-06, 2.47423668043e-06, 4.66124538434e-06, 2.65064613814e-06, 2.42063947553e-06, 1.26207237372e-06, 5.17775958997e-07, 3.18868728755e-07, 6.61348508402e-07, 1.02411625846e-07, 6.75727775956e-08, 5.73577700891e-08, 5.60394646243e-08, 1.28683211642e-07, 6.58147030208e-08, 8.5278692552e-08, 1.6965816485e-07, 3.49716700043e-08, 5.28964694269e-09], "max": [0.0031241599936, 0.0491328127682, 0.0136137157679, 0.0234028957784, 0.0585735589266, 0.112687043846, 0.108164608479, 0.0348575673997, 0.0281517300755, 0.037945561111, 0.0500921905041, 0.0348776653409, 0.0324160568416, 0.0199623852968, 0.0176356434822, 0.0105355968699, 0.01293411199, 0.00444621173665, 0.0059497714974, 0.00346141611226, 0.00407437328249, 0.00626527611166, 0.00703451270238, 0.0112740397453, 0.00988294836134, 0.00366336735897, 0.00179989228491], "mean": [4.29985993833e-05, 0.000637457123958, 0.000748811347876, 0.00105325994082, 0.00434148637578, 0.00602442771196, 0.00245600333437, 0.000995145179331, 0.00058700068621, 0.000672747846693, 0.000567153445445, 0.000291141739581, 0.000511851510964, 0.000560611486435, 0.000236916152062, 0.000239033790422, 0.000143064389704, 0.000113215704914, 7.80302871135e-05, 7.20119496691e-05, 8.64646572154e-05, 0.000120288357721, 9.01772655197e-05, 6.68194916216e-05, 8.14007871668e-05, 4.4613621867e-05, 1.48613289639e-05], "median": [5.02505599798e-07, 2.78198676824e-05, 0.000163819349837, 0.000246222276473, 0.00124358513858, 0.00226179044694, 0.000973829883151, 0.000334078446031, 0.000108662075945, 0.000224139701459, 0.000169189544977, 7.73341889726e-05, 0.00017739989562, 0.000188449543202, 6.69307191856e-05, 6.36579279671e-05, 3.88325133827e-05, 3.44560794474e-05, 2.4271203074e-05, 1.55150100909e-05, 2.15967756958e-05, 1.6968782802e-05, 1.35867894642e-05, 1.02858084574e-05, 8.05001491244e-06, 3.78266440748e-06, 9.54479560278e-07], "min": [1.57119414422e-23, 6.16108192478e-23, 1.58161689005e-23, 1.43369963275e-23, 5.88881888957e-23, 2.00226371489e-23, 1.27982786401e-22, 1.39560651782e-22, 7.77300432645e-23, 3.61124776747e-23, 9.80076623461e-23, 5.56358731557e-23, 6.85990287737e-23, 8.7843094919e-23, 1.29776353177e-22, 2.23151281551e-22, 1.32083727148e-22, 1.55511646478e-22, 2.69099008779e-22, 4.22439179931e-22, 3.81048998764e-22, 5.41531630148e-22, 8.53198431654e-22, 8.06482719936e-22, 1.43880797411e-21, 1.67234371965e-21, 2.07965120951e-21], "var": [4.57809612442e-08, 9.28199460759e-06, 1.45474916735e-06, 3.38676022693e-06, 5.13229533681e-05, 0.00010464812658, 2.46711915679e-05, 3.85226758226e-06, 2.23550409828e-06, 2.24306768359e-06, 2.36883624893e-06, 7.8565807371e-07, 1.07867231236e-06, 1.4986453607e-06, 3.16737043704e-07, 2.74856574833e-07, 1.82779686497e-07, 5.54787433771e-08, 4.19623162884e-08, 2.98564764023e-08, 4.33087983254e-08, 1.14027415066e-07, 7.22629778238e-08, 9.42062783338e-08, 1.40823814831e-07, 3.07109750963e-08, 4.27748814147e-09]}, "erbbands": {"dmean": [0.0299592185766, 0.180608659983, 0.342776209116, 1.30034530163, 5.06825065613, 8.84931373596, 19.7271499634, 42.282623291, 27.3149337769, 23.7083301544, 9.03929519653, 8.30112552643, 8.44862651825, 14.1102561951, 16.6250934601, 11.5239076614, 16.2300853729, 17.5941753387, 8.01916790009, 8.26070594788, 6.86935472488, 6.52722644806, 4.79108428955, 3.59743475914, 2.99813842773, 2.79313254356, 2.60238790512, 2.61837315559, 3.07163953781, 3.26535320282, 1.6348041296, 1.18703949451, 0.863798975945, 0.853158831596, 0.425144135952, 0.150055214763, 0.0782204940915, 0.0197260677814, 0.0023207582999, 8.94522017916e-05], "dmean2": [0.0558823384345, 0.322523206472, 0.54863846302, 2.04892039299, 7.79955720901, 13.0471763611, 29.7545566559, 63.9654159546, 41.4854850769, 35.6089477539, 13.1313018799, 12.0001296997, 12.2739534378, 20.8672962189, 25.5622730255, 18.0422592163, 25.0694065094, 25.8754253387, 12.0851984024, 12.5742502213, 10.3067731857, 10.4001731873, 7.25841760635, 5.37392044067, 4.4145565033, 4.25751113892, 3.86906671524, 3.90477323532, 4.51836633682, 4.7676486969, 2.37547683716, 1.75814318657, 1.22788238525, 1.26046800613, 0.646919727325, 0.232268646359, 0.118904329836, 0.0306013338268, 0.00358109176159, 0.000135712180054], "dvar": [0.0174814648926, 0.60306173563, 0.778884232044, 7.20455741882, 128.452316284, 364.408813477, 1453.5871582, 6601.94726562, 4908.00195312, 3706.83374023, 548.016052246, 604.985412598, 508.319458008, 1663.71289062, 4291.12744141, 1626.81689453, 1953.33557129, 1861.78479004, 394.041564941, 476.931640625, 214.234603882, 832.728027344, 143.371780396, 85.5104446411, 73.1306304932, 56.3415527344, 39.0596504211, 53.2049407959, 73.1266403198, 72.0996780396, 20.064163208, 23.8587779999, 12.3195981979, 15.8661909103, 3.14271044731, 0.274069398642, 0.0854573324323, 0.00551610905677, 8.85590998223e-05, 9.26079266605e-08], "dvar2": [0.0503388233483, 1.68179523945, 2.05313014984, 19.2109718323, 284.101715088, 730.27520752, 3127.56787109, 15423.59375, 11871.8427734, 7959.81982422, 1101.31213379, 1207.52502441, 1045.82653809, 3497.65136719, 10867.7724609, 4401.98242188, 5127.58837891, 4063.63378906, 899.934509277, 1095.79699707, 494.895904541, 2322.83813477, 343.591003418, 186.900100708, 165.159194946, 133.25050354, 87.5940475464, 111.967964172, 155.744033813, 148.433303833, 38.4811820984, 45.9073791504, 21.3553123474, 30.7868232727, 6.33066034317, 0.600675702095, 0.16723793745, 0.0108672380447, 0.0001732387027, 1.89495793279e-07], "max": [1.50411641598, 10.4499721527, 13.4178686142, 40.4575309753, 206.09475708, 326.576873779, 1020.68426514, 1175.65698242, 1525.87255859, 1171.59606934, 683.25982666, 785.279602051, 590.972717285, 1454.21240234, 3202.09130859, 1392.11499023, 1454.48510742, 1064.5, 816.175720215, 754.424438477, 306.84854126, 772.649597168, 253.631347656, 286.225891113, 257.61807251, 175.009857178, 134.694015503, 194.138244629, 231.439575195, 297.870788574, 191.04246521, 255.003890991, 148.832809448, 134.192611694, 70.0160827637, 15.04109478, 7.6192445755, 2.32510113716, 0.368938654661, 0.0134886577725], "mean": [0.0189532320946, 0.147215664387, 0.66120916605, 2.60552215576, 8.68636608124, 16.1413021088, 28.8410129547, 52.7789382935, 36.9518508911, 34.693687439, 16.8763847351, 16.5084037781, 15.1308698654, 22.3766899109, 23.3350772858, 15.1333112717, 24.1543292999, 32.9638938904, 14.1681728363, 13.3682928085, 10.7494602203, 7.8404917717, 6.34807443619, 4.94956302643, 3.72244644165, 3.48900914192, 3.49801468849, 3.39934515953, 3.96692562103, 4.28950500488, 2.15382313728, 1.48565268517, 1.05258619785, 1.01785778999, 0.509344518185, 0.177687257528, 0.0899839475751, 0.0221389234066, 0.00262908730656, 0.000115514179925], "median": [0.000595894292928, 0.0148778501898, 0.197531849146, 0.722335159779, 2.39451384544, 4.21741485596, 12.383810997, 17.7000675201, 14.7221899033, 14.3119325638, 6.04369068146, 3.80301880836, 5.65376138687, 7.13452911377, 7.66613340378, 5.38953399658, 9.27324295044, 12.5233669281, 5.08335781097, 4.75943803787, 3.52973175049, 2.17161393166, 1.97482955456, 1.86638653278, 1.06690442562, 0.828490912914, 0.960875749588, 0.648448646069, 0.581115603447, 0.556794524193, 0.346199661493, 0.253188639879, 0.14382596314, 0.0910237953067, 0.0499231405556, 0.0180402230471, 0.00662888400257, 0.00153556186706, 0.000174393659108, 3.0118990253e-05], "min": [1.96431464597e-21, 1.28847872222e-20, 2.09702870706e-20, 3.49541452953e-20, 6.79834413051e-20, 2.70549943754e-19, 1.9676712625e-19, 2.27130147727e-19, 1.36717207804e-18, 1.86366852576e-18, 3.81882943113e-18, 1.58969782829e-18, 1.14481176392e-18, 1.52417085491e-18, 4.62977579698e-18, 1.89273647967e-18, 3.02065969702e-18, 3.71016354124e-18, 5.93513091009e-18, 1.10608887519e-17, 9.47135863444e-18, 8.1472914551e-18, 7.1270973456e-18, 1.23599891388e-17, 1.25797338044e-17, 2.14932261173e-17, 1.60667045776e-17, 1.69567840039e-17, 1.8091775066e-17, 1.73462388343e-17, 2.40887038125e-17, 2.38726955217e-17, 1.13091661855e-17, 1.35283428765e-17, 1.09426358387e-17, 7.07255305601e-18, 2.9692100969e-18, 1.38933824371e-18, 2.71497634242e-19, 2.83084890123e-20], "var": [0.0103311743587, 0.389593958855, 1.12089276314, 15.6573734283, 289.573791504, 977.081237793, 2449.22412109, 8851.81445312, 5533.00292969, 5109.76318359, 1146.23571777, 1786.11010742, 1091.34594727, 2735.9440918, 4350.79736328, 1435.89038086, 2256.02636719, 4644.66455078, 731.557861328, 978.461547852, 387.634460449, 611.235229492, 178.018188477, 117.426376343, 92.3950195312, 68.8664321899, 58.0656394958, 88.5098495483, 126.875030518, 147.541824341, 45.2421340942, 43.5704574585, 23.9788341522, 24.6904144287, 5.06048059464, 0.423292070627, 0.145505234599, 0.00903603713959, 0.000141863914905, 1.36779618742e-07]}, "gfcc": {"mean": [-46.916267395, 88.8438262939, -117.439331055, -5.34561920166, -71.1153488159, -7.12888526917, -54.3865280151, -15.9508886337, -28.6018009186, 0.362425863743, -13.551068306, 2.35258483887, -12.6324663162], "cov": [[10421.6298828, -1196.70166016, 305.630340576, 722.028015137, -348.077636719, 388.590606689, -185.950302124, 153.467514038, -137.942657471, 42.4160041809, -352.898864746, 3.21716403961, -217.953079224], [-1196.70166016, 1614.80212402, -362.816223145, -125.582893372, 240.756546021, -26.3166732788, 120.297470093, -59.9674835205, 135.784164429, -73.5531158447, 134.577316284, -94.8840713501, 79.7691497803], [305.630340576, -362.816223145, 1005.56573486, 300.990844727, 116.785392761, 254.942047119, 66.8899841309, 97.9447402954, -76.8724594116, -37.246131897, -160.039016724, -1.40357112885, -120.757087708], [722.028015137, -125.582893372, 300.990844727, 551.768432617, 175.303436279, 153.71244812, 59.7764511108, 61.4198112488, 28.6891841888, 14.1786327362, -61.8879241943, -56.2603759766, -56.5750617981], [-348.077636719, 240.756546021, 116.785392761, 175.303436279, 333.615509033, 98.6664428711, 92.5953826904, 57.2044792175, 46.1988258362, 38.3144187927, 15.8293142319, -57.3882217407, -7.69259119034], [388.590606689, -26.3166732788, 254.942047119, 153.71244812, 98.6664428711, 245.340499878, 93.5245437622, 62.4096450806, -7.96055698395, 5.65036439896, -45.5407829285, -40.5042495728, -42.2383842468], [-185.950302124, 120.297470093, 66.8899841309, 59.7764511108, 92.5953826904, 93.5245437622, 175.170227051, 70.3458099365, 17.4527244568, 10.3909492493, 6.04255247116, -20.945892334, -1.00326251984], [153.467514038, -59.9674835205, 97.9447402954, 61.4198112488, 57.2044792175, 62.4096450806, 70.3458099365, 140.773986816, 28.9060688019, 18.7810745239, -25.1189193726, -21.3383235931, -17.4755821228], [-137.942657471, 135.784164429, -76.8724594116, 28.6891841888, 46.1988258362, -7.96055698395, 17.4527244568, 28.9060688019, 126.66204834, 32.5539093018, 12.8054227829, -19.0298728943, 13.5229082108], [42.4160041809, -73.5531158447, -37.246131897, 14.1786327362, 38.3144187927, 5.65036439896, 10.3909492493, 18.7810745239, 32.5539093018, 135.93963623, 54.2163238525, -8.90377521515, 7.5724568367], [-352.898864746, 134.577316284, -160.039016724, -61.8879241943, 15.8293142319, -45.5407829285, 6.04255247116, -25.1189193726, 12.8054227829, 54.2163238525, 149.247787476, 27.7536258698, 43.6319160461], [3.21716403961, -94.8840713501, -1.40357112885, -56.2603759766, -57.3882217407, -40.5042495728, -20.945892334, -21.3383235931, -19.0298728943, -8.90377521515, 27.7536258698, 128.485794067, 39.8480873108], [-217.953079224, 79.7691497803, -120.757087708, -56.5750617981, -7.69259119034, -42.2383842468, -1.00326251984, -17.4755821228, 13.5229082108, 7.5724568367, 43.6319160461, 39.8480873108, 109.740036011]], "icov": [[0.000157925867825, -2.9023100069e-05, 0.000167389312992, -0.000273695361102, 0.000277448620182, -0.000355483789463, 0.000320395018207, -0.000266258430202, 0.000240904206294, -0.000258504383964, 0.000339655263815, -0.000227764976444, 0.000156809895998], [-2.9023100069e-05, 0.00129288202152, 0.000119333220937, 0.000525408773683, -0.00101391063072, -6.04100887358e-06, -0.000825830094982, 0.00103947147727, -0.00135475478601, 0.0017837905325, -0.00119386275765, 0.00106886797585, -0.000380258745281], [0.000167389312992, 0.000119333220937, 0.00216431403533, -0.000699821102899, -0.000257921288721, -0.00164901232347, 0.00049806345487, -0.00074022100307, 0.00115145754535, -0.000180998191354, 0.00156170118134, -0.00145100755617, 0.00127697573043], [-0.000273695361102, 0.000525408773683, -0.000699821102899, 0.00335378851742, -0.00181345408782, -0.000166145546245, -0.000606386282016, 0.000904856715351, -0.00154315005057, 0.000920672959182, -0.000538920867257, 0.0010104511166, -4.51006526418e-05], [0.000277448620182, -0.00101391063072, -0.000257921288721, -0.00181345408782, 0.0058945924975, -0.00097669987008, -0.000196066321223, -0.00138152216095, 0.000379543256713, -0.00200432143174, 6.53641181998e-05, 0.000484055839479, -0.000225416617468], [-0.000355483789463, -6.04100887358e-06, -0.00164901232347, -0.000166145546245, -0.00097669987008, 0.00840961933136, -0.00358021305874, 0.000246954237809, 0.000254899001447, -6.73989125062e-05, -0.000118254640256, 0.00164581404533, -4.2540150389e-06], [0.000320395018207, -0.000825830094982, 0.00049806345487, -0.000606386282016, -0.000196066321223, -0.00358021305874, 0.010317238979, -0.00464186538011, 0.00120982935186, -0.000575402053073, -0.000123860911117, -0.000927824643441, -0.000287777831545], [-0.000266258430202, 0.00103947147727, -0.00074022100307, 0.000904856715351, -0.00138152216095, 0.000246954237809, -0.00464186538011, 0.0116626499221, -0.00347507745028, 0.000234813036514, 0.000372480135411, 0.00122454937082, -1.73993583985e-07], [0.000240904206294, -0.00135475478601, 0.00115145754535, -0.00154315005057, 0.000379543256713, 0.000254899001447, 0.00120982935186, -0.00347507745028, 0.0118492431939, -0.00389605970122, 0.00243363645859, -0.000722661963664, -0.00037938519381], [-0.000258504383964, 0.0017837905325, -0.000180998191354, 0.000920672959182, -0.00200432143174, -6.73989125062e-05, -0.000575402053073, 0.000234813036514, -0.00389605970122, 0.0124799916521, -0.00631457287818, 0.00254966877401, -0.000465123332106], [0.000339655263815, -0.00119386275765, 0.00156170118134, -0.000538920867257, 6.53641181998e-05, -0.000118254640256, -0.000123860911117, 0.000372480135411, 0.00243363645859, -0.00631457287818, 0.0130394017324, -0.00375707168132, -0.000684004451614], [-0.000227764976444, 0.00106886797585, -0.00145100755617, 0.0010104511166, 0.000484055839479, 0.00164581404533, -0.000927824643441, 0.00122454937082, -0.000722661963664, 0.00254966877401, -0.00375707168132, 0.012042873539, -0.0044171740301], [0.000156809895998, -0.000380258745281, 0.00127697573043, -4.51006526418e-05, -0.000225416617468, -4.2540150389e-06, -0.000287777831545, -1.73993583985e-07, -0.00037938519381, -0.000465123332106, -0.000684004451614, -0.0044171740301, 0.0130168516189]]}, "melbands": {"dmean": [0.000261422392214, 0.00019686925225, 0.000303093227558, 0.000514303450473, 0.000618802499957, 0.000927072251216, 0.000405653641792, 0.000228249235079, 6.40643847873e-05, 5.16833133588e-05, 4.25440630352e-05, 5.78650979151e-05, 5.83964101679e-05, 3.39368671121e-05, 3.35987351718e-05, 3.53650648321e-05, 3.40488440997e-05, 1.30408016048e-05, 1.02175326901e-05, 1.40256433951e-05, 6.93773336025e-06, 7.4067593232e-06, 4.97538576383e-06, 4.41755719294e-06, 2.87507737085e-06, 2.2360291041e-06, 2.20522952077e-06, 1.82543396932e-06, 1.68430722169e-06, 1.5784844436e-06, 1.60618321843e-06, 1.75995273821e-06, 1.94787412511e-06, 1.83807662779e-06, 1.0575710121e-06, 6.68831148687e-07, 7.70735425704e-07, 6.14496343587e-07, 6.32938451872e-07, 7.7126890119e-07], "dmean2": [0.000480736634927, 0.000326822482748, 0.000473425199743, 0.000770285376348, 0.00092495122226, 0.00139865244273, 0.000616196892224, 0.000341906037647, 9.33110350161e-05, 7.52617270336e-05, 6.20375503786e-05, 8.54497193359e-05, 8.97033096408e-05, 5.45359907846e-05, 5.27552801941e-05, 5.44212707609e-05, 5.0129761803e-05, 1.98994148377e-05, 1.6083879018e-05, 2.10698781302e-05, 1.06339139165e-05, 1.19684327728e-05, 7.90296235209e-06, 6.81650908518e-06, 4.33595005234e-06, 3.35427580467e-06, 3.3705948681e-06, 2.82543055619e-06, 2.55454392573e-06, 2.37988160734e-06, 2.43635417974e-06, 2.62248181571e-06, 2.91438936983e-06, 2.72476336249e-06, 1.55175871441e-06, 1.00149304672e-06, 1.16560363495e-06, 9.03543138975e-07, 9.29525413085e-07, 1.14914780625e-06], "dvar": [1.31772310397e-06, 3.87878458241e-07, 3.52936666559e-07, 1.15194870887e-06, 1.2518770518e-06, 3.02478565573e-06, 1.0381629636e-06, 3.40427334322e-07, 2.9405978097e-08, 2.38790622831e-08, 1.30741133475e-08, 3.01355953525e-08, 4.16728980213e-08, 1.91923827941e-08, 1.19725793724e-08, 7.79567699283e-09, 7.83020759343e-09, 1.10367048833e-09, 1.46839373993e-09, 1.11609466114e-09, 2.58259469366e-10, 1.07335917932e-09, 2.28436103367e-10, 1.42005934789e-10, 6.18545423214e-11, 4.92798406249e-11, 3.52484673394e-11, 2.64112065551e-11, 1.67253450672e-11, 1.84048488255e-11, 2.2512276765e-11, 2.44210728029e-11, 2.928667725e-11, 2.42013093593e-11, 9.21110496904e-12, 4.58888873081e-12, 1.25136749921e-11, 6.42069947557e-12, 9.77302960781e-12, 1.33266488123e-11], "dvar2": [3.75081185666e-06, 1.04863590877e-06, 8.70240398854e-07, 2.43267299993e-06, 2.67416726274e-06, 6.96023153068e-06, 2.49181698564e-06, 7.22824779587e-07, 5.95422839922e-08, 4.76865729127e-08, 2.70233169175e-08, 6.30616270314e-08, 9.91880142465e-08, 5.24721883721e-08, 3.2712300424e-08, 2.01058316662e-08, 1.65987454892e-08, 2.48317411078e-09, 3.84922937968e-09, 2.49961984444e-09, 6.16186546232e-10, 2.99163005479e-09, 5.98768701288e-10, 3.49784201603e-10, 1.36226877001e-10, 1.15615898799e-10, 8.09201317065e-11, 6.42106576243e-11, 3.95930302433e-11, 4.03084197964e-11, 4.76832948126e-11, 5.3185508081e-11, 6.27556201449e-11, 5.08777464603e-11, 1.82761375478e-11, 9.25553817616e-12, 2.49970617122e-11, 1.20196855941e-11, 1.82291542972e-11, 2.65965183904e-11], "max": [0.0139200054109, 0.00882916711271, 0.00900212582201, 0.0160508677363, 0.0262737218291, 0.0242327731103, 0.023330911994, 0.0112202735618, 0.00507318973541, 0.00434397393838, 0.00296690315008, 0.00621636910364, 0.00796951912344, 0.00547636533156, 0.0046350765042, 0.00336947757751, 0.0024475294631, 0.00135853968095, 0.00182054424658, 0.00102885661181, 0.000252753583482, 0.000923942774534, 0.000379550969228, 0.000294810422929, 0.00027632934507, 0.000231538768276, 0.000147719256347, 0.00013388771913, 9.57029915298e-05, 0.000122935583931, 0.000114899092296, 0.000137413895573, 0.000115730130346, 0.000193179192138, 0.000125861668494, 9.74384747678e-05, 0.00017392639711, 0.000103375445178, 0.000138368181069, 0.000114696296805], "mean": [0.000175529785338, 0.000299109757179, 0.000583315035328, 0.000935366901103, 0.000967830012087, 0.00117339123972, 0.000548405980226, 0.000341039121849, 0.000118242402095, 9.96566013782e-05, 7.37751979614e-05, 9.03425752767e-05, 8.05355593911e-05, 4.10556131101e-05, 4.4633874495e-05, 5.24155620951e-05, 6.35585820419e-05, 2.20843139687e-05, 1.44596669998e-05, 2.20708770939e-05, 1.00791457953e-05, 8.51654567668e-06, 6.09817425357e-06, 5.68071163798e-06, 3.81862719223e-06, 2.70657619694e-06, 2.5925578484e-06, 2.18114428208e-06, 2.20352171709e-06, 1.99074952434e-06, 1.99377859644e-06, 2.18047284761e-06, 2.47401908382e-06, 2.3650818548e-06, 1.35417758429e-06, 8.15110979602e-07, 9.3558168146e-07, 7.35207663638e-07, 7.29086252704e-07, 9.08425704438e-07], "median": [6.35706237517e-06, 6.68783541187e-05, 0.000209232021007, 0.000206322831218, 0.000424620142439, 0.00041330041131, 0.000216933185584, 0.000139619180118, 3.50284244632e-05, 1.93539690372e-05, 2.6804913432e-05, 2.55498398474e-05, 2.46102626988e-05, 1.2412054275e-05, 1.55308680405e-05, 1.99269670702e-05, 2.06268960028e-05, 7.48577031118e-06, 4.13840143665e-06, 6.77005664329e-06, 3.00967121802e-06, 1.97997769646e-06, 1.54507108618e-06, 1.74912179318e-06, 1.32079549076e-06, 7.59305351039e-07, 5.74265982323e-07, 4.3479553824e-07, 5.80912114856e-07, 4.03641593039e-07, 3.05111399257e-07, 3.14580518079e-07, 2.84912857751e-07, 3.03512393884e-07, 1.9469439394e-07, 1.51518648295e-07, 1.36793062211e-07, 9.58963894959e-08, 7.42172616697e-08, 7.01875961795e-08], "min": [1.84187851099e-23, 1.36081204055e-23, 6.07775951718e-24, 1.29838529616e-23, 8.22552838939e-24, 4.53286812546e-24, 2.38536612491e-23, 2.04093951404e-23, 3.39106312041e-23, 8.01285858909e-24, 5.45401587689e-24, 5.07593574984e-24, 1.68278703896e-23, 6.67735967504e-24, 6.01322004551e-24, 5.6604595925e-24, 7.16153331081e-24, 1.00828406484e-23, 9.82591101819e-24, 1.74510405281e-23, 9.08444172071e-24, 7.46885931999e-24, 9.85570866116e-24, 5.06169010518e-24, 1.03009109905e-23, 1.2155646041e-23, 6.18479058708e-24, 1.75002465159e-23, 1.11473287651e-23, 7.68240238931e-24, 1.12633836149e-23, 9.56047746739e-24, 1.08446878008e-23, 9.62293000753e-24, 1.30370064094e-23, 1.62584358784e-23, 1.49381114927e-23, 8.29132412205e-24, 6.55172134854e-24, 1.32247560937e-23], "var": [8.02390104582e-07, 3.65563749938e-07, 8.06689115507e-07, 2.93448101729e-06, 2.2800034003e-06, 4.15740532844e-06, 1.19553010336e-06, 4.84687063818e-07, 6.26732727937e-08, 7.15627237469e-08, 2.72389115707e-08, 5.07480173439e-08, 4.89892961753e-08, 1.48456980043e-08, 1.1461951388e-08, 9.73988978359e-09, 2.11192663357e-08, 1.94750482407e-09, 1.75659342627e-09, 2.39309794203e-09, 3.88963083964e-10, 7.99768307136e-10, 2.17441564754e-10, 1.59357194107e-10, 8.17681131138e-11, 5.7588073199e-11, 4.30777427618e-11, 3.02516935113e-11, 2.24606704763e-11, 2.74123605759e-11, 3.57554368058e-11, 3.92282525907e-11, 5.27631965896e-11, 4.79200776282e-11, 1.96932904012e-11, 8.58959171152e-12, 2.1170702344e-11, 1.18875074714e-11, 1.50538401189e-11, 2.02232640356e-11]}, "mfcc": {"mean": [-695.847839355, 134.162338257, -2.60871124268, -0.740518808365, -8.43177127838, -3.14948320389, -19.66173172, -16.5049571991, -19.8364562988, -13.7247848511, -6.94025325775, -7.12060070038, -3.97657108307], "cov": [[8561.91796875, -1169.28234863, 360.240814209, 349.633056641, 74.7669219971, 234.983795166, -14.7608394623, 118.084732056, 167.626647949, -4.59361696243, 7.22099924088, 31.9893188477, 44.933380127], [-1169.28234863, 1374.2154541, -271.035186768, -112.184791565, 40.3902053833, -3.99667477608, 35.0268173218, 21.107460022, -17.1393604279, 53.1795539856, 8.50193309784, 16.182674408, -11.7791461945], [360.240814209, -271.035186768, 717.807556152, 127.534538269, 125.16204834, 152.350189209, 96.3947753906, 142.665161133, 94.4194107056, -21.5904216766, 39.7142791748, -46.4194221497, -13.9974918365], [349.633056641, -112.184791565, 127.534538269, 375.509216309, 175.957015991, 128.046600342, 79.7127227783, 52.6697845459, 83.073097229, 57.8541679382, 25.5898323059, 30.030954361, 26.9486713409], [74.7669219971, 40.3902053833, 125.16204834, 175.957015991, 269.636474609, 119.983627319, 89.457244873, 46.6618423462, 79.0743408203, 65.4204330444, 22.783744812, 32.5303840637, 27.3855628967], [234.983795166, -3.99667477608, 152.350189209, 128.046600342, 119.983627319, 212.868789673, 101.27256012, 55.4764938354, 63.1281356812, 46.2123527527, 26.8406066895, 23.784160614, 13.5237207413], [-14.7608394623, 35.0268173218, 96.3947753906, 79.7127227783, 89.457244873, 101.27256012, 243.578674316, 58.7281227112, 61.4659194946, 71.4871902466, 29.6652927399, 31.3832702637, 31.7966918945], [118.084732056, 21.107460022, 142.665161133, 52.6697845459, 46.6618423462, 55.4764938354, 58.7281227112, 175.125335693, 72.753944397, -0.129927188158, 19.7599010468, -19.1466217041, -1.08630514145], [167.626647949, -17.1393604279, 94.4194107056, 83.073097229, 79.0743408203, 63.1281356812, 61.4659194946, 72.753944397, 176.022369385, 70.8082504272, 17.2486038208, 24.7358436584, 11.1570186615], [-4.59361696243, 53.1795539856, -21.5904216766, 57.8541679382, 65.4204330444, 46.2123527527, 71.4871902466, -0.129927188158, 70.8082504272, 167.168884277, 36.9649467468, 50.4398422241, 2.5565636158], [7.22099924088, 8.50193309784, 39.7142791748, 25.5898323059, 22.783744812, 26.8406066895, 29.6652927399, 19.7599010468, 17.2486038208, 36.9649467468, 108.708343506, 23.6941738129, -5.56962776184], [31.9893188477, 16.182674408, -46.4194221497, 30.030954361, 32.5303840637, 23.784160614, 31.3832702637, -19.1466217041, 24.7358436584, 50.4398422241, 23.6941738129, 121.085716248, 29.773141861], [44.933380127, -11.7791461945, -13.9974918365, 26.9486713409, 27.3855628967, 13.5237207413, 31.7966918945, -1.08630514145, 11.1570186615, 2.5565636158, -5.56962776184, 29.773141861, 107.147331238]], "icov": [[0.000141011973028, 0.000112906724098, 1.53895889525e-05, -6.70223889756e-05, 5.7308585383e-05, -0.000159276372869, 9.16530916584e-05, -7.4305346061e-05, -6.94589907653e-05, 1.17054651128e-05, 2.10764810618e-05, -3.63273065886e-05, -3.22082341881e-05], [0.000112906724098, 0.00098155986052, 0.000476883258671, 0.000400574499508, -0.000438782910351, -0.000293484510621, -4.79133595945e-05, -0.000524861912709, 0.000139157578815, -0.000178184636752, -4.2828538426e-05, 4.33078494098e-05, 0.000155697096488], [1.53895889525e-05, 0.000476883258671, 0.0023112334311, 0.000132511166157, -0.000645837106276, -0.00104052759707, -0.000337372592185, -0.000993546098471, -0.000520556350239, 0.000883779022843, -0.000625740445685, 0.000839048298076, 0.000468465907034], [-6.70223889756e-05, 0.000400574499508, 0.000132511166157, 0.00442655524239, -0.00221402081661, -0.00114799744915, 4.42976415798e-05, -0.000329273781972, -0.000384563900298, -0.000262611953076, -0.000178951187991, -3.34977485181e-05, -0.000283265893813], [5.7308585383e-05, -0.000438782910351, -0.000645837106276, -0.00221402081661, 0.00679569970816, -0.00155058305245, -0.000274584628642, 0.000215329127968, -0.000752289546654, -0.00089583650697, 0.000247319432674, -0.0003865485196, -0.00083733809879], [-0.000159276372869, -0.000293484510621, -0.00104052759707, -0.00114799744915, -0.00155058305245, 0.0082838172093, -0.00180281081703, -0.00028343021404, -9.53231574385e-05, -0.000259240972809, -0.000219069654122, -0.00071816786658, 0.000274495017948], [9.16530916584e-05, -4.79133595945e-05, -0.000337372592185, 4.42976415798e-05, -0.000274584628642, -0.00180281081703, 0.0062218005769, -0.00134384748526, 0.000194450956769, -0.0020107999444, -0.00019310542848, -0.000338664569426, -0.00154938164633], [-7.4305346061e-05, -0.000524861912709, -0.000993546098471, -0.000329273781972, 0.000215329127968, -0.00028343021404, -0.00134384748526, 0.00895698461682, -0.00342722958885, 0.00195171043742, -0.00121568271425, 0.00163111230358, 0.000190695383935], [-6.94589907653e-05, 0.000139157578815, -0.000520556350239, -0.000384563900298, -0.000752289546654, -9.53231574385e-05, 0.000194450956769, -0.00342722958885, 0.00948929600418, -0.00367779284716, 0.000962472287938, -0.000973675632849, -0.000394759932533], [1.17054651128e-05, -0.000178184636752, 0.000883779022843, -0.000262611953076, -0.00089583650697, -0.000259240972809, -0.0020107999444, 0.00195171043742, -0.00367779284716, 0.0101068876684, -0.00216440134682, -0.00187943794299, 0.00158673943952], [2.10764810618e-05, -4.2828538426e-05, -0.000625740445685, -0.000178951187991, 0.000247319432674, -0.000219069654122, -0.00019310542848, -0.00121568271425, 0.000962472287938, -0.00216440134682, 0.0108262840658, -0.00202948972583, 0.00103725504596], [-3.63273065886e-05, 4.33078494098e-05, 0.000839048298076, -3.34977485181e-05, -0.0003865485196, -0.00071816786658, -0.000338664569426, 0.00163111230358, -0.000973675632849, -0.00187943794299, -0.00202948972583, 0.0112084327266, -0.00262925215065], [-3.22082341881e-05, 0.000155697096488, 0.000468465907034, -0.000283265893813, -0.00083733809879, 0.000274495017948, -0.00154938164633, 0.000190695383935, -0.000394759932533, 0.00158673943952, 0.00103725504596, -0.00262925215065, 0.0109248571098]]}, "spectral_contrast_coeffs": {"dmean": [0.0559073910117, 0.0581822879612, 0.0472216717899, 0.0415593758225, 0.028997419402, 0.0219565201551], "dmean2": [0.0870690271258, 0.090124540031, 0.0714131742716, 0.0621129311621, 0.0437852814794, 0.0324960052967], "dvar": [0.002527234843, 0.00250869384035, 0.00161464000121, 0.00127621844877, 0.000664834980853, 0.000364070758224], "dvar2": [0.00547634763643, 0.00580594548956, 0.00346594001167, 0.0026423681993, 0.00136642041616, 0.000762525014579], "max": [-0.215044021606, -0.313153982162, -0.421091973782, -0.45239341259, -0.565565168858, -0.596630036831], "mean": [-0.523453950882, -0.641361236572, -0.72953915596, -0.733638286591, -0.786885619164, -0.777968585491], "median": [-0.525975704193, -0.643080830574, -0.735861420631, -0.743619799614, -0.79390001297, -0.779451072216], "min": [-0.9463519454, -0.949809670448, -0.951433837414, -0.966793835163, -0.955831706524, -0.958103895187], "var": [0.0109363710508, 0.00732454238459, 0.00640949048102, 0.00575457559898, 0.0026820176281, 0.00169054698199]}, "spectral_contrast_valleys": {"dmean": [0.506846010685, 0.456905812025, 0.480944365263, 0.508134424686, 0.527828931808, 0.562100112438], "dmean2": [0.787829577923, 0.671322464943, 0.686079323292, 0.681071341038, 0.660347521305, 0.703016877174], "dvar": [0.223349571228, 0.173236995935, 0.185484856367, 0.216070488095, 0.237479478121, 0.268964320421], "dvar2": [0.458681255579, 0.341508954763, 0.344618171453, 0.376445502043, 0.40