{"lowlevel": {"average_loudness": 0.907371282578, "barkbands_crest": {"dmean": 1.78303802013, "dmean2": 2.75543498993, "dvar": 2.39089798927, "dvar2": 5.25181102753, "max": 19.8218727112, "mean": 9.21420764923, "median": 8.76632404327, "min": 3.03789567947, "var": 8.9769449234}, "barkbands_flatness_db": {"dmean": 0.014246401377, "dmean2": 0.020487587899, "dvar": 0.000201193572138, "dvar2": 0.0003538732999, "max": 0.281037628651, "mean": 0.155194923282, "median": 0.153904110193, "min": 0.0194552000612, "var": 0.00157018424943}, "barkbands_kurtosis": {"dmean": 1.28860163689, "dmean2": 1.99362099171, "dvar": 1.83624136448, "dvar2": 4.12533044815, "max": 26.9443531036, "mean": 2.48467755318, "median": 1.93145751953, "min": -1.56311690807, "var": 6.76124715805}, "barkbands_skewness": {"dmean": 0.32489323616, "dmean2": 0.492340683937, "dvar": 0.0866609960794, "dvar2": 0.198687911034, "max": 4.55494308472, "mean": 1.28126561642, "median": 1.29904913902, "min": -2.14692616463, "var": 0.570496022701}, "barkbands_spread": {"dmean": 2.65666103363, "dmean2": 4.02982378006, "dvar": 7.1464138031, "dvar2": 15.6424512863, "max": 63.0142021179, "mean": 14.3756084442, "median": 13.4976501465, "min": 2.79548931122, "var": 31.3029079437}, "dissonance": {"dmean": 0.0216120574623, "dmean2": 0.0361140668392, "dvar": 0.000402849313105, "dvar2": 0.00110976584256, "max": 0.499999940395, "mean": 0.44823166728, "median": 0.451520234346, "min": 0.187044203281, "var": 0.000760880706366}, "dynamic_complexity": 3.99134802818, "erbbands_crest": {"dmean": 2.11367368698, "dmean2": 3.22207355499, "dvar": 3.44495511055, "dvar2": 7.31514692307, "max": 24.4939594269, "mean": 9.09953308105, "median": 8.29845333099, "min": 2.75404453278, "var": 14.3160610199}, "erbbands_flatness_db": {"dmean": 0.0144147509709, "dmean2": 0.0194482840598, "dvar": 0.000220355344936, "dvar2": 0.000363176310202, "max": 0.313201367855, "mean": 0.1917424649, "median": 0.193360939622, "min": 0.0618266351521, "var": 0.00164267420769}, "erbbands_kurtosis": {"dmean": 0.562059044838, "dmean2": 0.891298949718, "dvar": 0.308274149895, "dvar2": 0.696845769882, "max": 8.94438266754, "mean": 0.0507982373238, "median": -0.187893152237, "min": -1.45841097832, "var": 0.989085435867}, "erbbands_skewness": {"dmean": 0.255545437336, "dmean2": 0.397729247808, "dvar": 0.0481946691871, "dvar2": 0.108362972736, "max": 2.78657913208, "mean": 0.499661266804, "median": 0.484733998775, "min": -1.6197707653, "var": 0.245846241713}, "erbbands_spread": {"dmean": 4.25959300995, "dmean2": 6.43374061584, "dvar": 15.5390434265, "dvar2": 35.9633255005, "max": 61.3305282593, "mean": 27.3358097076, "median": 27.1585121155, "min": 7.11092662811, "var": 62.5973091125}, "hfc": {"dmean": 4.68747472763, "dmean2": 7.02672243118, "dvar": 96.6693496704, "dvar2": 229.78364563, "max": 133.258468628, "mean": 15.5504827499, "median": 12.5012226105, "min": 1.07591766087e-16, "var": 200.034561157}, "melbands_crest": {"dmean": 2.35831737518, "dmean2": 3.756067276, "dvar": 4.96613502502, "dvar2": 12.0677757263, "max": 28.7611160278, "mean": 11.5810604095, "median": 10.7945327759, "min": 1.00336420536, "var": 17.865852356}, "melbands_flatness_db": {"dmean": 0.0153181897476, "dmean2": 0.0224329698831, "dvar": 0.000218744782615, "dvar2": 0.000469780177809, "max": 0.362501204014, "mean": 0.215119838715, "median": 0.218262463808, "min": -8.62865601192e-09, "var": 0.00234716269188}, "melbands_kurtosis": {"dmean": 2.21044373512, "dmean2": 3.45484924316, "dvar": 5.77269029617, "dvar2": 13.7756814957, "max": 46.9120903015, "mean": 5.6594414711, "median": 4.74823856354, "min": -1.59938824177, "var": 21.5256309509}, "melbands_skewness": {"dmean": 0.375951617956, "dmean2": 0.57823485136, "dvar": 0.116972282529, "dvar2": 0.285603195429, "max": 5.32589244843, "mean": 1.8114554882, "median": 1.79532766342, "min": -0.618940472603, "var": 0.581218779087}, "melbands_spread": {"dmean": 3.5396156311, "dmean2": 5.45694971085, "dvar": 20.2714309692, "dvar2": 45.9003944397, "max": 145.289093018, "mean": 18.7150592804, "median": 15.6003513336, "min": 2.79565691948, "var": 274.60067749}, "pitch_salience": {"dmean": 0.0588994324207, "dmean2": 0.0929006040096, "dvar": 0.00284242676571, "dvar2": 0.00717828981578, "max": 0.996011912823, "mean": 0.574663162231, "median": 0.568306803703, "min": 0.232728883624, "var": 0.00905261747539}, "silence_rate_20dB": {"dmean": 0, "dmean2": 0, "dvar": 0, "dvar2": 0, "max": 1, "mean": 1, "median": 1, "min": 1, "var": 0}, "silence_rate_30dB": {"dmean": 0.00136472191662, "dmean2": 0.00273037538864, "dvar": 0.00136288651265, "dvar2": 0.00408821320161, "max": 1, "mean": 0.999317884445, "median": 1, "min": 0, "var": 0.000681669916958}, "silence_rate_60dB": {"dmean": 0.00545888766646, "dmean2": 0.0109215015545, "dvar": 0.005428861361, "dvar2": 0.0135333454236, "max": 1, "mean": 0.0712824016809, "median": 0, "min": 0, "var": 0.0662013292313}, "spectral_centroid": {"dmean": 148.309799194, "dmean2": 229.889968872, "dvar": 60111.1875, "dvar2": 119038.742188, "max": 11565.4882812, "mean": 1099.13415527, "median": 868.239501953, "min": 424.622253418, "var": 1795311.375}, "spectral_complexity": {"dmean": 2.57523036003, "dmean2": 4.1733789444, "dvar": 6.94094896317, "dvar2": 16.2961864471, "max": 41, "mean": 17.6684856415, "median": 18, "min": 0, "var": 48.2965087891}, "spectral_decrease": {"dmean": 1.63560331945e-09, "dmean2": 2.49599496627e-09, "dvar": 7.28246833441e-18, "dvar2": 1.70376210565e-17, "max": 2.11690250952e-28, "mean": -6.02235372682e-09, "median": -5.21827914213e-09, "min": -3.82512688191e-08, "var": 2.13431590106e-17}, "spectral_energy": {"dmean": 0.00654352735728, "dmean2": 0.00996819231659, "dvar": 0.000116821138363, "dvar2": 0.000270468561212, "max": 0.148323968053, "mean": 0.0241402182728, "median": 0.020843686536, "min": 1.02016604999e-20, "var": 0.000343927706126}, "spectral_energyband_high": {"dmean": 8.22937654448e-05, "dmean2": 0.000123821722809, "dvar": 2.13737614274e-08, "dvar2": 5.16685183527e-08, "max": 0.00145339150913, "mean": 0.000153834553203, "median": 7.36028450774e-05, "min": 7.20039801374e-21, "var": 3.70986832365e-08}, "spectral_energyband_low": {"dmean": 0.00231479550712, "dmean2": 0.00406959792599, "dvar": 4.19445423177e-05, "dvar2": 0.000116997936857, "max": 0.112152211368, "mean": 0.00418419158086, "median": 0.00250082323328, "min": 1.39565160911e-23, "var": 3.80088822567e-05}, "spectral_energyband_middle_high": {"dmean": 0.00202655605972, "dmean2": 0.00306649040431, "dvar": 2.1416839445e-05, "dvar2": 5.00426649523e-05, "max": 0.05410624668, "mean": 0.00559275969863, "median": 0.00388628337532, "min": 1.2342009318e-21, "var": 4.18225172325e-05}, "spectral_energyband_middle_low": {"dmean": 0.00421965122223, "dmean2": 0.00627654744312, "dvar": 2.914635661e-05, "dvar2": 6.83003963786e-05, "max": 0.0833410397172, "mean": 0.0151523547247, "median": 0.0121091939509, "min": 1.7336966508e-22, "var": 0.000144837176776}, "spectral_entropy": {"dmean": 0.113806314766, "dmean2": 0.164307698607, "dvar": 0.0134477829561, "dvar2": 0.0249397587031, "max": 9.81888866425, "mean": 7.28375196457, "median": 7.22704219818, "min": 6.33970975876, "var": 0.183990806341}, "spectral_flux": {"dmean": 0.0185358896852, "dmean2": 0.0284910891205, "dvar": 0.000663265003823, "dvar2": 0.00138341414277, "max": 0.306918978691, "mean": 0.0622805021703, "median": 0.056136585772, "min": 6.47139147825e-11, "var": 0.00153711193707}, "spectral_kurtosis": {"dmean": 2.75990819931, "dmean2": 4.69319438934, "dvar": 8.7103729248, "dvar2": 25.0823802948, "max": 44.6088180542, "mean": 7.80151748657, "median": 7.36051130295, "min": -1.25373136997, "var": 17.2046642303}, "spectral_rms": {"dmean": 0.000578872917686, "dmean2": 0.000858357641846, "dvar": 5.89816806951e-07, "dvar2": 1.27703458475e-06, "max": 0.0120293935761, "mean": 0.00444317422807, "median": 0.0045094685629, "min": 3.15481213202e-12, "var": 3.80966594093e-06}, "spectral_rolloff": {"dmean": 227.93196106, "dmean2": 378.92666626, "dvar": 194761.109375, "dvar2": 375638.96875, "max": 19466.015625, "mean": 1334.5291748, "median": 968.994140625, "min": 322.998046875, "var": 5874626.5}, "spectral_skewness": {"dmean": 0.288393229246, "dmean2": 0.472192853689, "dvar": 0.0773830637336, "dvar2": 0.209876731038, "max": 4.84932613373, "mean": 1.89981746674, "median": 1.89482092857, "min": -0.0765160918236, "var": 0.251474499702}, "spectral_spread": {"dmean": 338789.8125, "dmean2": 497190.9375, "dvar": 724434157568, "dvar2": 1411493134340.0, "max": 41863716, "mean": 3759652, "median": 2971022, "min": 1445989, "var": 24296804057100.0}, "spectral_strongpeak": {"dmean": 0.484128475189, "dmean2": 0.785670876503, "dvar": 0.668861687183, "dvar2": 1.66135179996, "max": 13.2290840149, "mean": 1.15299856663, "median": 0.842639148235, "min": 0, "var": 1.21958875656}, "zerocrossingrate": {"dmean": 0.00574442651123, "dmean2": 0.00715490337461, "dvar": 0.000115352813737, "dvar2": 0.000215412524994, "max": 0.541015625, "mean": 0.051795117557, "median": 0.0400390625, "min": 0.0146484375, "var": 0.00425925198942}, "barkbands": {"dmean": [6.62994852973e-06, 0.000878509017639, 0.00124213425443, 0.000774929998443, 0.00162946630735, 0.0017747260863, 0.000941987033002, 0.000896789133549, 0.000499575340655, 0.000673325033858, 0.000837539264467, 0.000288633600576, 0.000210593032534, 0.000194423031644, 0.000288693176117, 0.0001452294091, 0.000503114424646, 0.000153524422785, 8.39575732243e-05, 3.88658700103e-05, 2.62435987679e-05, 1.29643622131e-05, 3.9597975956e-06, 4.86149929202e-06, 6.467813364e-06, 2.42541518674e-05, 1.54988811119e-06], "dmean2": [9.96414291876e-06, 0.00152636889834, 0.00219323579222, 0.00138499063905, 0.00267403270118, 0.00257790647447, 0.0013340205187, 0.00122391199693, 0.000751306361053, 0.000989568303339, 0.00120708858594, 0.000485990807647, 0.000360970763722, 0.000325321918353, 0.000472981890198, 0.000235800005612, 0.000821622903459, 0.000260848406469, 0.000138118703035, 6.35983669781e-05, 4.27052618761e-05, 2.13820658246e-05, 6.48599416309e-06, 7.34148125048e-06, 8.77777165442e-06, 3.64995248674e-05, 2.08208598451e-06], "dvar": [2.93687518749e-10, 6.47351635052e-06, 1.57511240104e-05, 2.55446457231e-06, 7.45758461562e-06, 6.71824091114e-06, 3.40070232596e-06, 2.70810801339e-06, 9.33216426802e-07, 1.31751005483e-06, 4.07988545703e-06, 5.44654824353e-07, 1.49150849893e-07, 6.14869790638e-08, 2.33989183585e-07, 5.99442913085e-08, 3.20143863064e-06, 2.78702856349e-07, 1.98418383945e-08, 5.11428188688e-09, 3.63662522318e-09, 8.99139207533e-10, 4.71354136278e-11, 7.09926284426e-11, 3.34503202915e-10, 5.28498445007e-09, 1.4689497882e-11], "dvar2": [6.25235863083e-10, 1.81403174793e-05, 4.51492778666e-05, 7.11426491762e-06, 1.96895180125e-05, 1.35003156174e-05, 6.31085913483e-06, 4.60251476397e-06, 2.08569576898e-06, 2.41585235017e-06, 7.83030918683e-06, 1.3589202581e-06, 4.28775678074e-07, 1.57688660352e-07, 5.52040035018e-07, 1.42761294342e-07, 7.72129897086e-06, 7.66168170685e-07, 5.08830275692e-08, 1.2878703437e-08, 9.40122113491e-09, 2.46336528953e-09, 1.30283089872e-10, 1.42876779852e-10, 6.17498663313e-10, 1.17057483706e-08, 2.80587098694e-11], "max": [0.000304753251839, 0.0330524630845, 0.0705626830459, 0.016978289932, 0.0349922068417, 0.0654563382268, 0.0442564189434, 0.0336519367993, 0.0132760656998, 0.0259874146432, 0.0247940402478, 0.015718953684, 0.0057847048156, 0.00354223139584, 0.00718529615551, 0.0030462173745, 0.0272199101746, 0.00823618844151, 0.00141972489655, 0.000841599656269, 0.00062113290187, 0.000277851620922, 0.00011828586139, 0.000140504271258, 0.000301054533338, 0.000486069970066, 4.73680447612e-05], "mean": [7.5339689829e-06, 0.00141597772017, 0.00212648045272, 0.00100981094874, 0.00322740664706, 0.00477863708511, 0.00256265420467, 0.00199062004685, 0.000913315569051, 0.00132361240685, 0.00175060727634, 0.00042462759302, 0.000325080589391, 0.000352306553395, 0.000483631709358, 0.00026126607554, 0.00062997272471, 0.000216306856601, 0.000147125625517, 7.10652166163e-05, 4.15397225879e-05, 2.1803245545e-05, 9.66154038906e-06, 1.22638221001e-05, 1.1970545529e-05, 2.3020835215e-05, 1.94740323423e-06], "median": [3.43780868661e-07, 0.000359609723091, 0.000741798081435, 0.000637547927909, 0.00182055449113, 0.00262217293493, 0.000957962474786, 0.000893789925613, 0.000390745844925, 0.000648731016554, 0.000486432312755, 0.000182615447557, 0.000170513754711, 0.000252589932643, 0.000308197078994, 0.000162221840583, 0.000208570330869, 0.000112648369395, 8.47468472784e-05, 4.23765304731e-05, 2.00943923119e-05, 1.01684336187e-05, 4.34563116869e-06, 4.66855181003e-06, 2.23152392209e-06, 8.7368982804e-07, 5.6136748583e-08], "min": [5.44825157165e-25, 2.36238084805e-24, 1.8845255937e-24, 1.05449768632e-24, 8.42659167919e-24, 1.4573529959e-23, 5.40183706675e-24, 1.38641594118e-23, 1.66898386639e-23, 1.71754929916e-23, 1.87058705259e-23, 2.71775582276e-23, 5.33816242329e-23, 2.64722092933e-23, 6.32958703175e-23, 5.50477426409e-23, 6.33537663971e-23, 9.29168715566e-23, 8.59907043632e-23, 1.81509586284e-22, 2.31510834253e-22, 2.269066886e-22, 3.77562031615e-22, 5.75361570348e-22, 8.62556720127e-22, 1.38074044037e-21, 1.96395033107e-21], "var": [3.87121001921e-10, 7.19995523468e-06, 1.59545834322e-05, 2.22743642553e-06, 1.41976288432e-05, 3.86300635e-05, 2.30378118431e-05, 1.09694365165e-05, 2.37866629504e-06, 4.37842982137e-06, 1.13034466267e-05, 8.03231557711e-07, 2.16923339735e-07, 1.23719146927e-07, 3.96196355723e-07, 1.00519237378e-07, 3.67417214875e-06, 2.37087192545e-07, 3.22633937344e-08, 7.55782725292e-09, 4.04164568479e-09, 1.05816955198e-09, 2.11025377728e-10, 2.76823425294e-10, 8.72957039988e-10, 5.52799273024e-09, 2.80137198161e-11]}, "erbbands": {"dmean": [0.013573451899, 0.248886108398, 1.27246463299, 2.18126702309, 2.26444244385, 6.48418092728, 12.0524072647, 14.3635349274, 15.9109039307, 16.4458713531, 18.0564994812, 12.84770298, 19.8572635651, 19.0562038422, 27.9011077881, 13.7574291229, 9.76173782349, 10.3864545822, 7.32233715057, 19.5235366821, 12.3005437851, 24.4849205017, 8.61934757233, 5.6905913353, 4.14210796356, 1.93390595913, 0.956314265728, 1.18072497845, 0.498252898455, 0.216871589422, 0.110161490738, 0.148606717587, 0.0619949661195, 0.0515572205186, 0.0647919103503, 0.137850239873, 0.0388126298785, 0.00243231211789, 0.000234816412558, 3.58272591257e-05], "dmean2": [0.0240694712847, 0.433098733425, 2.25488829613, 3.91665792465, 3.91808271408, 10.8466310501, 18.008392334, 22.0023155212, 23.5489368439, 22.6937294006, 24.8430137634, 18.8277244568, 30.0242958069, 27.439250946, 40.9275550842, 22.9075145721, 16.785736084, 17.4601688385, 12.0876684189, 31.5004005432, 19.7683200836, 40.259021759, 14.5721492767, 9.501288414, 6.92848491669, 3.10357356071, 1.49238693714, 2.02159166336, 0.829274356365, 0.350872576237, 0.178893402219, 0.241934761405, 0.0920513868332, 0.0706358999014, 0.0905593708158, 0.209616452456, 0.0586158931255, 0.00360663607717, 0.000314343778882, 4.843872739e-05], "dvar": [0.00141375907697, 0.531648635864, 16.4993038177, 21.6365337372, 18.1226577759, 130.784179688, 416.636688232, 460.526153564, 926.987121582, 722.839416504, 1646.94641113, 603.640625, 808.777282715, 1787.20800781, 4360.48876953, 1237.00280762, 376.205810547, 178.661895752, 118.534759521, 1627.90380859, 1987.82775879, 8683.39453125, 660.537719727, 191.222213745, 58.1704025269, 11.7209062576, 2.77438473701, 11.2139625549, 1.50573372841, 0.146860837936, 0.0359630435705, 0.0685522481799, 0.0103024877608, 0.0179157666862, 0.0343562141061, 0.169982850552, 0.0134138213471, 4.50258630735e-05, 3.20654237385e-07, 6.00777516624e-09], "dvar2": [0.00396191515028, 1.48725581169, 46.5419578552, 61.4120674133, 48.6215286255, 353.521942139, 900.308044434, 1038.31018066, 1844.70202637, 1228.6739502, 2856.3125, 1282.49768066, 1709.34387207, 3289.85058594, 8823.69140625, 3002.11547852, 1085.40100098, 465.781829834, 308.650543213, 3576.15087891, 4632.12841797, 22127.9277344, 1802.18322754, 517.001159668, 156.202468872, 29.0346279144, 6.59257221222, 30.9596729279, 4.14239931107, 0.38657438755, 0.0987845808268, 0.160297781229, 0.0241515804082, 0.035911463201, 0.0647295489907, 0.391517579556, 0.028354594484, 9.4522278232e-05, 5.96177756051e-07, 1.17753922169e-08], "max": [0.501924097538, 9.48179721832, 68.1004333496, 73.6584014893, 44.6149864197, 166.26701355, 427.755096436, 503.254669189, 674.900939941, 693.210327148, 917.703552246, 380.898101807, 511.78817749, 963.681274414, 782.899108887, 796.984863281, 294.425933838, 191.886184692, 143.859268188, 643.686645508, 927.457519531, 912.652832031, 371.768310547, 207.433059692, 72.8272323608, 39.7830963135, 19.2537651062, 32.7884368896, 10.7868766785, 5.2393913269, 3.90344691277, 3.2845454216, 1.77594685555, 2.4876537323, 2.95480537415, 2.87693357468, 0.751029312611, 0.0479547530413, 0.00760414358228, 0.000932003196795], "mean": [0.0185866374522, 0.410044431686, 2.02506613731, 3.52162528038, 3.3072977066, 12.465259552, 32.14793396, 35.4759750366, 39.794883728, 41.9307365417, 38.7425994873, 25.6833839417, 36.4568138123, 43.8158836365, 59.2670440674, 22.9405612946, 16.0529441833, 19.2299747467, 15.4178218842, 31.1798820496, 20.8224086761, 28.1492614746, 12.9522657394, 9.38039684296, 6.62237691879, 3.65965604782, 1.99581360817, 1.46086072922, 0.795951128006, 0.472497910261, 0.277033597231, 0.339024215937, 0.131780564785, 0.104915365577, 0.107264436781, 0.130650267005, 0.0373756177723, 0.00259392010048, 0.000325740926201, 6.24708773103e-05], "median": [0.00538313668221, 0.144021749496, 0.919580101967, 2.02886962891, 1.89188086987, 6.78516101837, 17.0173873901, 19.2540817261, 17.2700920105, 18.9724178314, 18.4048423767, 11.7957229614, 22.5626602173, 16.6452274323, 19.8330307007, 11.2915668488, 8.20726966858, 14.5291385651, 10.6887083054, 18.7247009277, 10.6400175095, 9.28846931458, 7.12526321411, 5.00545549393, 3.66177082062, 2.19730305672, 1.17620778084, 0.570384085178, 0.368523478508, 0.20810213685, 0.13313382864, 0.113552123308, 0.054974693805, 0.0298221670091, 0.0132647650316, 0.00592018570751, 0.00135606341064, 0.000175051522092, 2.55791055679e-05, 2.81953107333e-05], "min": [8.01853507439e-23, 5.93005195489e-22, 2.31562144291e-21, 4.52288424505e-21, 1.38427916185e-20, 2.40453891589e-20, 3.93065531898e-20, 1.32370301307e-19, 1.86119385987e-19, 1.92780529288e-19, 3.69356176785e-19, 4.63951336715e-19, 7.61690965698e-19, 4.60987755376e-19, 1.07921158505e-18, 1.40719976147e-18, 2.4058510893e-18, 1.94616779775e-18, 2.93900973273e-18, 3.35486651389e-18, 2.81955513291e-18, 5.36829753712e-18, 5.7882579613e-18, 7.35680043862e-18, 8.44497804113e-18, 9.17405255149e-18, 9.17811318112e-18, 9.95101089315e-18, 7.82680363549e-18, 1.09252030073e-17, 1.18244186435e-17, 1.21879802391e-17, 9.40800818004e-18, 8.63861523226e-18, 6.4300707073e-18, 4.15486452395e-18, 2.52912891791e-18, 1.04247060039e-18, 2.53226481131e-19, 2.56765602463e-20], "var": [0.00123880559113, 0.567144095898, 14.1987953186, 21.7995681763, 19.7539844513, 237.589614868, 2099.17578125, 2244.56860352, 5343.17285156, 4301.58886719, 4565.79589844, 1751.9329834, 1894.37426758, 6244.15087891, 11307.7089844, 1941.74731445, 533.47845459, 336.606658936, 274.002807617, 2495.33447266, 2779.34985352, 7695.32763672, 600.359802246, 212.478256226, 72.4268264771, 19.3908863068, 5.71914482117, 8.56715869904, 1.53862738609, 0.455708265305, 0.166272774339, 0.213738813996, 0.0378486290574, 0.0496226400137, 0.0815511792898, 0.170351833105, 0.0145541094244, 5.09523197252e-05, 6.72287455927e-07, 1.14300666709e-08]}, "gfcc": {"mean": [-55.0965805054, 128.755111694, -133.754348755, 10.7624664307, -52.9924201965, -7.80613422394, -38.424282074, 2.88867259026, -22.8601512909, -2.44192290306, -12.7741165161, -1.70152747631, -5.2790555954], "cov": [[35868.09375, 2133.60668945, -2691.87817383, 233.707839966, -885.85559082, 265.461730957, -1130.31433105, 354.622192383, -650.488220215, 88.1606521606, -486.080505371, 254.152191162, -157.753341675], [2133.60668945, 1431.13989258, -705.08782959, 167.317642212, -22.9545383453, -66.4922790527, 91.4980697632, -176.321044922, 57.9092178345, -139.035583496, 112.273521423, -100.226661682, 174.159988403], [-2691.87817383, -705.08782959, 724.195556641, -95.0464859009, 150.544326782, 55.3695144653, 38.1813392639, 63.0233802795, -2.83767867088, 76.8297653198, -31.4959030151, 55.347328186, -53.7911071777], [233.707839966, 167.317642212, -95.0464859009, 213.911331177, -8.85806083679, 47.9767799377, 43.7858390808, -29.1929531097, 37.2711410522, -4.34815883636, 31.240436554, -32.717716217, 29.9964447021], [-885.85559082, -22.9545383453, 150.544326782, -8.85806083679, 209.615447998, 18.8894062042, 57.1835594177, -1.34371638298, 19.931760788, -3.6749227047, 19.337644577, 26.4224720001, 30.5104904175], [265.461730957, -66.4922790527, 55.3695144653, 47.9767799377, 18.8894062042, 110.140930176, 24.9085769653, 18.2508468628, 5.7923989296, 19.0907115936, -2.4024746418, 10.170507431, 3.98303794861], [-1130.31433105, 91.4980697632, 38.1813392639, 43.7858390808, 57.1835594177, 24.9085769653, 147.062866211, -12.1518888474, 50.9791145325, -19.1978797913, 38.3179626465, -14.4867582321, 47.5402755737], [354.622192383, -176.321044922, 63.0233802795, -29.1929531097, -1.34371638298, 18.2508468628, -12.1518888474, 97.4989318848, 3.05815458298, 31.7456321716, -24.5193786621, 27.7739048004, -43.8344764709], [-650.488220215, 57.9092178345, -2.83767867088, 37.2711410522, 19.931760788, 5.7923989296, 50.9791145325, 3.05815458298, 89.7862701416, 19.688533783, 43.9885482788, -16.701423645, 20.0239887238], [88.1606521606, -139.035583496, 76.8297653198, -4.34815883636, -3.6749227047, 19.0907115936, -19.1978797913, 31.7456321716, 19.688533783, 81.2823257446, 10.0470132828, 17.3912792206, -25.775138855], [-486.080505371, 112.273521423, -31.4959030151, 31.240436554, 19.337644577, -2.4024746418, 38.3179626465, -24.5193786621, 43.9885482788, 10.0470132828, 79.1220397949, 5.63889503479, 36.5212516785], [254.152191162, -100.226661682, 55.347328186, -32.717716217, 26.4224720001, 10.170507431, -14.4867582321, 27.7739048004, -16.701423645, 17.3912792206, 5.63889503479, 70.7611694336, 10.5907096863], [-157.753341675, 174.159988403, -53.7911071777, 29.9964447021, 30.5104904175, 3.98303794861, 47.5402755737, -43.8344764709, 20.0239887238, -25.775138855, 36.5212516785, 10.5907096863, 98.7389755249]], "icov": [[0.000139877534821, -0.000366990920156, 0.000337470613886, -0.000147512269905, 0.000102347148641, -0.000565884052776, 0.000719285279047, -0.000700684031472, 0.000608990434557, -0.000665208208375, 0.000798044260591, -0.000631677685305, -9.12985924515e-05], [-0.000366990920156, 0.0032592471689, 0.00105930829886, 0.000212433064007, -0.0011864672415, 0.00181395071559, -0.00235948734917, 0.00281615182757, -0.00142233038787, 0.00246680271812, -0.00332293100655, 0.00332113937475, -0.00133764988277], [0.000337470613886, 0.00105930829886, 0.00481866067275, 0.000357946730219, -0.00198392267339, -0.0017345091328, -0.000101640202047, -8.72894452186e-05, 0.00167053949554, -0.00318955862895, 0.00238646753132, -0.00131876312662, -3.23639760609e-05], [-0.000147512269905, 0.000212433064007, 0.000357946730219, 0.00712474575266, 0.000102711113868, -0.00306792231277, -0.00132525584195, 0.00174342549872, -0.00175646424759, 0.000241532252403, -0.00196697120555, 0.00301252002828, -0.000252089463174], [0.000102347148641, -0.0011864672415, -0.00198392267339, 0.000102711113868, 0.00729951402172, -0.000831753772218, -0.000698667718098, -0.000272210279945, -0.000926661770791, 0.0010202024132, 0.000697600247804, -0.00357391452417, -0.000282658933429], [-0.000565884052776, 0.00181395071559, -0.0017345091328, -0.00306792231277, -0.000831753772218, 0.0148743381724, -0.00518513238057, 0.00100104056764, -0.00075901002856, -0.000302910717437, -0.00115446466953, 0.0014204676263, -0.00116911972873], [0.000719285279047, -0.00235948734917, -0.000101640202047, -0.00132525584195, -0.000698667718098, -0.00518513238057, 0.016796855256, -0.00686311209574, -0.000887770671397, 0.00155450566672, 0.000412822846556, 0.000758821610361, -0.00469909841195], [-0.000700684031472, 0.00281615182757, -8.72894452186e-05, 0.00174342549872, -0.000272210279945, 0.00100104056764, -0.00686311209574, 0.0252368208021, -0.010529063642, 0.000948012864683, 0.00409312266856, -0.00846374500543, 0.00966454297304], [0.000608990434557, -0.00142233038787, 0.00167053949554, -0.00175646424759, -0.000926661770791, -0.00075901002856, -0.000887770671397, -0.010529063642, 0.0267427228391, -0.00964026339352, -0.0073876385577, 0.00811602640897, -0.0050823665224], [-0.000665208208375, 0.00246680271812, -0.00318955862895, 0.000241532252403, 0.0010202024132, -0.000302910717437, 0.00155450566672, 0.000948012864683, -0.00964026339352, 0.0252873245627, -0.00945237092674, -0.000271141470876, 0.00422595348209], [0.000798044260591, -0.00332293100655, 0.00238646753132, -0.00196697120555, 0.000697600247804, -0.00115446466953, 0.000412822846556, 0.00409312266856, -0.0073876385577, -0.00945237092674, 0.0314281359315, -0.0137962177396, -0.000630878610536], [-0.000631677685305, 0.00332113937475, -0.00131876312662, 0.00301252002828, -0.00357391452417, 0.0014204676263, 0.000758821610361, -0.00846374500543, 0.00811602640897, -0.000271141470876, -0.0137962177396, 0.0329738631845, -0.0117270927876], [-9.12985924515e-05, -0.00133764988277, -3.23639760609e-05, -0.000252089463174, -0.000282658933429, -0.00116911972873, -0.00469909841195, 0.00966454297304, -0.0050823665224, 0.00422595348209, -0.000630878610536, -0.0117270927876, 0.0227127447724]]}, "melbands": {"dmean": [0.000182418953045, 0.000545781455003, 0.00036238951725, 0.000264143542154, 0.000410179141909, 0.000333256000886, 0.000228036384215, 0.000176188885234, 0.00013977017079, 7.49317041482e-05, 9.9121927633e-05, 7.39895695006e-05, 0.000124672515085, 3.60183694283e-05, 2.67889354291e-05, 1.72910167748e-05, 2.17291399167e-05, 1.19256392281e-05, 1.99435380637e-05, 2.00254326046e-05, 1.77402816917e-05, 3.21068328049e-05, 9.85767474049e-06, 8.96253823157e-06, 4.3103959797e-06, 3.43889837495e-06, 1.98107659344e-06, 1.22655148971e-06, 6.55848111819e-07, 5.53004781523e-07, 8.05780302926e-07, 3.26296884623e-07, 1.75396536406e-07, 1.04739882545e-07, 6.3669631345e-08, 1.00957912252e-07, 7.74178872121e-08, 5.06665180922e-08, 3.50236710744e-08, 4.74890953228e-08], "dmean2": [0.000319264800055, 0.000956288888119, 0.000639266450889, 0.000450543768238, 0.000625897897407, 0.000499490823131, 0.00033359817462, 0.000241329937126, 0.000193311818293, 0.000112812253064, 0.000150021820446, 0.000106269479147, 0.00017976530944, 6.08950904279e-05, 4.52565291198e-05, 2.95240752166e-05, 3.65310770576e-05, 1.97135123017e-05, 3.25578148477e-05, 3.19706305163e-05, 2.89213912765e-05, 5.26767253177e-05, 1.67884863913e-05, 1.53298060468e-05, 7.2070592978e-06, 5.77969967708e-06, 3.31609862769e-06, 1.97674330593e-06, 1.03818433672e-06, 8.92752495929e-07, 1.40525844472e-06, 5.52282017452e-07, 2.80110668882e-07, 1.74603314917e-07, 1.04051338212e-07, 1.68244667975e-07, 1.23612224456e-07, 7.93639287622e-08, 5.21267118359e-08, 6.65799362309e-08], "dvar": [2.7003054015e-07, 2.85735859507e-06, 5.45663624507e-07, 2.33425225815e-07, 4.43017086127e-07, 2.41040737592e-07, 1.96410525177e-07, 7.94995926867e-08, 9.14341384828e-08, 2.18652456141e-08, 2.02555838769e-08, 3.08395335935e-08, 9.3028234005e-08, 7.42182626468e-09, 2.81257217516e-09, 6.88335444199e-10, 8.16943401816e-10, 2.90087454058e-10, 1.17831988611e-09, 1.52814672028e-09, 6.13173156694e-09, 1.53859307517e-08, 3.90793980509e-10, 1.44873146812e-09, 7.22447796031e-11, 4.4205000771e-11, 1.251469154e-11, 5.60038213721e-12, 1.3063898921e-12, 1.25262300532e-12, 5.68991511893e-12, 6.4766101553e-13, 9.00122871746e-14, 3.61546730054e-14, 1.63734822955e-14, 2.85783597037e-14, 1.75575835338e-14, 8.45130087738e-15, 3.71506617787e-15, 2.11372718238e-14], "dvar2": [7.58521650823e-07, 7.98674045654e-06, 1.51947119775e-06, 6.37956418359e-07, 1.03940340068e-06, 5.21861750258e-07, 3.83681140192e-07, 1.3561025014e-07, 1.60547472206e-07, 4.90573768275e-08, 4.29086064457e-08, 5.54822747745e-08, 1.81048292802e-07, 1.88431847903e-08, 7.33369454053e-09, 1.95915261791e-09, 2.11738893086e-09, 7.61641694158e-10, 2.69417754772e-09, 3.30543614702e-09, 1.41048781543e-08, 3.8653627854e-08, 1.06178976722e-09, 3.97604571489e-09, 1.90872026518e-10, 1.20144241778e-10, 3.30978404406e-11, 1.41663339046e-11, 3.19452385551e-12, 3.24550998056e-12, 1.59033602259e-11, 1.78469467937e-12, 2.29874170914e-13, 9.86673579211e-14, 4.61438951827e-14, 7.18473742414e-14, 3.92001155928e-14, 2.13450930515e-14, 8.95927077102e-15, 4.2802201128e-14], "max": [0.00650048395619, 0.0277785137296, 0.011035063304, 0.00677456893027, 0.0128068001941, 0.0116075295955, 0.0103645203635, 0.00741375098005, 0.00687024835497, 0.00214091571979, 0.00251903221942, 0.0042484337464, 0.00368030951358, 0.00167432159651, 0.000964733306319, 0.000379289238481, 0.000430403277278, 0.000214073545067, 0.000525636714883, 0.000629981223028, 0.00165543961339, 0.00131531408988, 0.000209080753848, 0.000601708772592, 0.000117946823593, 7.03555342625e-05, 3.51114649675e-05, 3.35966069542e-05, 1.65475721587e-05, 1.37937267937e-05, 2.21600839723e-05, 7.44892122384e-06, 4.23754499934e-06, 2.62365983872e-06, 3.38800259669e-06, 2.24580094255e-06, 1.86508736988e-06, 1.13397015866e-06, 1.37752431328e-06, 2.51169808507e-06], "mean": [0.000283403351204, 0.000929232337512, 0.000602156098466, 0.000458235270344, 0.00107659352943, 0.000846669601742, 0.000587677408475, 0.00044460745994, 0.000295459700283, 0.000141496042488, 0.000177592024556, 0.000165197037859, 0.000260450673522, 5.32224039489e-05, 4.47396596428e-05, 2.75803395198e-05, 3.81169011234e-05, 2.29902052524e-05, 3.37685705745e-05, 3.27350317093e-05, 2.6978976166e-05, 3.56618729711e-05, 1.41464133776e-05, 1.12335674203e-05, 7.01030239725e-06, 5.10662084707e-06, 3.33132311425e-06, 2.21094228436e-06, 1.31079787025e-06, 8.93068317964e-07, 8.60701618421e-07, 4.73874592899e-07, 3.48855820675e-07, 2.16033427591e-07, 1.43816436093e-07, 2.18819096176e-07, 1.76941682639e-07, 9.19366698326e-08, 7.49427400137e-08, 9.09162380935e-08], "median": [7.31313339202e-05, 0.000447134691058, 0.000366517051589, 0.000258348474745, 0.000602665473707, 0.000464663549792, 0.000242871188675, 0.000209340563742, 0.000137248134706, 6.62606180413e-05, 0.00010795815615, 5.63344656257e-05, 7.06200225977e-05, 2.5143919629e-05, 2.21214795602e-05, 1.74610431714e-05, 2.77329272649e-05, 1.53385681188e-05, 2.1975081836e-05, 1.93280393432e-05, 1.09871361929e-05, 9.88046485872e-06, 7.52986852603e-06, 4.83881740365e-06, 3.64055858881e-06, 2.70027794613e-06, 1.97039207706e-06, 1.29421141537e-06, 7.91635898167e-07, 4.30379941463e-07, 3.05252484623e-07, 2.16792244601e-07, 1.5787966845e-07, 8.68579945745e-08, 4.89676423854e-08, 8.81018138443e-08, 5.82562051932e-08, 3.38645271825e-08, 2.98284916767e-08, 2.06339016984e-08], "min": [1.49812367435e-24, 1.62127275026e-24, 9.590184983e-25, 1.51899003136e-24, 1.28072534317e-24, 2.71104336588e-24, 2.71480149923e-24, 2.25728682611e-24, 2.79849116102e-24, 2.6786020528e-24, 3.54399074886e-24, 1.76563202794e-24, 2.28639007427e-24, 2.63861469351e-24, 3.83033897442e-24, 4.44951984323e-24, 2.99537644625e-24, 3.07006974106e-24, 4.52656986e-24, 3.11396630056e-24, 2.90309352541e-24, 4.40112046568e-24, 5.23230573062e-24, 4.53718280019e-24, 5.47974812519e-24, 3.6701489347e-24, 5.18095167455e-24, 5.41561215588e-24, 3.2255260237e-24, 5.61952915e-24, 5.049911623e-24, 4.62170609074e-24, 3.48075723642e-24, 5.03873306955e-24, 7.01197159407e-24, 5.06791303443e-24, 6.00482972093e-24, 6.59935474215e-24, 6.28568550243e-24, 7.03918808416e-24], "var": [2.83322123096e-07, 2.5056810955e-06, 5.77817161229e-07, 3.23213214415e-07, 1.92753191186e-06, 1.2394272062e-06, 1.21116727314e-06, 4.9667625035e-07, 2.51657240824e-07, 5.36427826603e-08, 4.72190642142e-08, 1.10131374242e-07, 2.53182435017e-07, 1.00876773601e-08, 4.68662131325e-09, 1.03636366156e-09, 1.4957757255e-09, 6.37820740668e-10, 1.94116633878e-09, 2.4877579996e-09, 8.56081605605e-09, 1.45110510275e-08, 4.04570627e-10, 1.18630272272e-09, 9.94258286813e-11, 5.10460250458e-11, 1.63168766693e-11, 8.31477942054e-12, 2.48533919139e-12, 1.71654520025e-12, 3.96885822818e-12, 6.09348617571e-13, 2.30751344681e-13, 1.06231097866e-13, 6.12032871757e-14, 8.17570837419e-14, 6.14623640611e-14, 1.99722576259e-14, 1.70031784469e-14, 5.06144164937e-14]}, "mfcc": {"mean": [-678.703552246, 160.616500854, -24.6098842621, 19.4731960297, -2.06962203979, -7.52230978012, -7.61221408844, -3.61522102356, -3.51794314384, -3.13996481895, -7.19409036636, -3.26091766357, -1.23293113708], "cov": [[11728.7529297, 2196.5559082, -560.61529541, 301.940124512, 91.5414505005, -106.327896118, -128.909133911, 81.1848220825, 4.05452919006, -28.1446704865, -130.020111084, 34.8651123047, -7.71014928818], [2196.5559082, 1571.19274902, -367.499603271, 186.020797729, 4.70570325851, 23.9470767975, 9.46218585968, -8.9463596344, 15.3280906677, -72.3945236206, -53.2295913696, -40.2871818542, 0.989436924458], [-560.61529541, -367.499603271, 293.978088379, -45.4758071899, 2.21250510216, 11.489315033, 8.53008556366, -5.0064458847, -2.27493047714, 31.8852348328, 27.8858013153, -7.10925149918, -13.4104442596], [301.940124512, 186.020797729, -45.4758071899, 131.489685059, 20.1488323212, 35.442817688, 15.1177616119, 1.6176854372, 18.3634757996, -8.95057582855, 11.3086938858, -2.56379103661, 5.7193365097], [91.5414505005, 4.70570325851, 2.21250510216, 20.1488323212, 99.7658538818, 17.3484325409, 5.60399627686, 6.30834102631, -8.46270561218, 9.68232536316, -9.15580654144, 12.7611865997, -10.6673851013], [-106.327896118, 23.9470767975, 11.489315033, 35.442817688, 17.3484325409, 100.117088318, 37.8005180359, -0.512698769569, 22.2950935364, -6.58638525009, 19.3830413818, -1.92381691933, 11.7312803268], [-128.909133911, 9.46218585968, 8.53008556366, 15.1177616119, 5.60399627686, 37.8005180359, 69.9653625488, 23.4138946533, 20.9468002319, -14.1129131317, 5.41373109818, -7.25623846054, 5.85853815079], [81.1848220825, -8.9463596344, -5.0064458847, 1.6176854372, 6.30834102631, -0.512698769569, 23.4138946533, 66.163734436, 21.1996974945, 0.892074346542, -8.16171264648, 9.87074756622, 6.50454616547], [4.05452919006, 15.3280906677, -2.27493047714, 18.3634757996, -8.46270561218, 22.2950935364, 20.9468002319, 21.1996974945, 71.6339111328, -3.33006072044, 17.3859825134, -12.4524936676, 18.3548336029], [-28.1446704865, -72.3945236206, 31.8852348328, -8.95057582855, 9.68232536316, -6.58638525009, -14.1129131317, 0.892074346542, -3.33006072044, 82.6183700562, 13.7811460495, 25.6418838501, -21.4116916656], [-130.020111084, -53.2295913696, 27.8858013153, 11.3086938858, -9.15580654144, 19.3830413818, 5.41373109818, -8.16171264648, 17.3859825134, 13.7811460495, 71.9825897217, 19.5371837616, 21.7652721405], [34.8651123047, -40.2871818542, -7.10925149918, -2.56379103661, 12.7611865997, -1.92381691933, -7.25623846054, 9.87074756622, -12.4524936676, 25.6418838501, 19.5371837616, 71.7791519165, 13.1645259857], [-7.71014928818, 0.989436924458, -13.4104442596, 5.7193365097, -10.6673851013, 11.7312803268, 5.85853815079, 6.50454616547, 18.3548336029, -21.4116916656, 21.7652721405, 13.1645259857, 73.3212661743]], "icov": [[0.00012778454402, -0.000175610242877, -1.56936239364e-05, -0.000101883037132, -9.10875605769e-05, 0.000107387066237, 0.000302569998894, -0.000237287953496, -3.98341617256e-05, -3.12045012834e-05, 8.05266026873e-05, -9.78894604486e-05, -1.81446703209e-05], [-0.000175610242877, 0.00131188845262, 0.00114689732436, -0.00101098057348, 0.000266620045295, -0.000207886565477, -0.000475477951113, 0.000552254205104, 8.59897700138e-05, 0.000235843472183, 0.00028904445935, 0.000541495508514, 0.000177829744644], [-1.56936239364e-05, 0.00114689732436, 0.00534703675658, 0.00055696623167, -0.000288565759547, -0.000709556275979, -0.000739890907425, 7.95699634182e-06, 0.000781009322964, -0.00131994264666, -0.00183676776942, 0.00214941590093, 0.000625708897132], [-0.000101883037132, -0.00101098057348, 0.00055696623167, 0.0109063703567, -0.00197343644686, -0.00260819122195, -0.000260383065324, 7.69391626818e-05, -0.00140271068085, 0.0003856359981, -0.00236020772718, 0.00034012919059, 0.000501550501212], [-9.10875605769e-05, 0.000266620045295, -0.000288565759547, -0.00197343644686, 0.0118969622999, -0.00249698152766, -0.000249959353823, -0.000816893880256, 0.00150675384793, -0.000798464636318, 0.00259750080295, -0.00241031101905, 0.00136213726364], [0.000107387066237, -0.000207886565477, -0.000709556275979, -0.00260819122195, -0.00249698152766, 0.0155260181054, -0.00757785467431, 0.00378356012516, -0.00275556533597, 7.5888063293e-05, -0.00159684137907, -0.000610061688349, -0.00119428534526], [0.000302569998894, -0.000475477951113, -0.000739890907425, -0.000260383065324, -0.000249959353823, -0.00757785467431, 0.0234681144357, -0.00902589783072, -0.0013283311855, 0.00359973893501, -0.00152930198237, 0.00156845105812, 0.00158095848747], [-0.000237287953496, 0.000552254205104, 7.95699634182e-06, 7.69391626818e-05, -0.000816893880256, 0.00378356012516, -0.00902589783072, 0.0230653267354, -0.00786917284131, -0.000750434061047, 0.00612936541438, -0.00597586715594, -0.00108193536289], [-3.98341617256e-05, 8.59897700138e-05, 0.000781009322964, -0.00140271068085, 0.00150675384793, -0.00275556533597, -0.0013283311855, -0.00786917284131, 0.0217124726623, -0.00261798989959, -0.00549474125728, 0.00767538230866, -0.00423562899232], [-3.12045012834e-05, 0.000235843472183, -0.00131994264666, 0.0003856359981, -0.000798464636318, 7.5888063293e-05, 0.00359973893501, -0.000750434061047, -0.00261798989959, 0.0180158633739, -0.00313975592144, -0.00675728451461, 0.00743441376835], [8.05266026873e-05, 0.00028904445935, -0.00183676776942, -0.00236020772718, 0.00259750080295, -0.00159684137907, -0.00152930198237, 0.00612936541438, -0.00549474125728, -0.00313975592144, 0.0220900028944, -0.00660000694916, -0.00484916986898], [-9.78894604486e-05, 0.000541495508514, 0.00214941590093, 0.00034012919059, -0.00241031101905, -0.000610061688349, 0.00156845105812, -0.00597586715594, 0.00767538230866, -0.00675728451461, -0.00660000694916, 0.022444749251, -0.00546462787315], [-1.81446703209e-05, 0.000177829744644, 0.000625708897132, 0.000501550501212, 0.00136213726364, -0.00119428534526, 0.00158095848747, -0.00108193536289, -0.00423562899232, 0.00743441376835, -0.00484916986898, -0.00546462787315, 0.0197205189615]]}, "spectral_contrast_coeffs": {"dmean": [0.0459787659347, 0.039939776063, 0.0374084897339, 0.0301212370396, 0.0211575310677, 0.0160784330219], "dmean2": [0.0773199424148, 0.0646717697382, 0.0590553991497, 0.0503135286272, 0.0351338498294, 0.025954388082], "dvar": [0.00148748676293, 0.00107669865247, 0.00102130579762, 0.000620973238256, 0.000319464539643, 0.000269833311904], "dvar2": [0.00403244234622, 0.00291746295989, 0.00258664460853, 0.00165225553792, 0.000879476720002, 0.00066912965849], "max": [-0.360063791275, -0.481484025717, -0.53713041544, -0.617029368877, -0.631600141525, -0.63728171587], "mean": [-0.606857836246, -0.69319665432, -0.73530882597, -0.761040449142, -0.784527420998, -0.753350377083], "median": [-0.599824547768, -0.689570724964, -0.730849862099, -0.756082952023, -0.782253861427, -0.748555541039], "min": [-0.982608437538, -0.986724019051, -0.997438013554, -0.987786710262, -0.989390432835, -0.96359539032], "var": [0.00748693291098, 0.00565150519833, 0.00438413396478, 0.0028159248177, 0.00188471272122, 0.00167863362003]}, "spectral_contrast_valleys": {"dmean": [0.42057749629, 0.306269347668, 0.333323061466, 0.259101808071, 0.228855937719, 0.241114109755], "dmean2": [0.692072033882, 0.500490128994, 0.538276195526, 0.417791366577, 0.332505166531, 0.306444972754], "dvar": [0.175959676504, 0.11925432086, 0.152321353555, 0.112371407449, 0.103911533952, 0.108913272619], "dvar2": [0.360235124826, 0.195722326636, 0.