{"lowlevel": {"average_loudness": 0.960082709789, "barkbands_crest": {"dmean": 1.59419178963, "dmean2": 2.34893059731, "dvar": 2.5897603035, "dvar2": 5.86859083176, "max": 21.4311580658, "mean": 8.47987747192, "median": 8.0135974884, "min": 2.39188861847, "var": 9.36001777649}, "barkbands_flatness_db": {"dmean": 0.029022179544, "dmean2": 0.0374440066516, "dvar": 0.00104596256278, "dvar2": 0.00209484901279, "max": 0.443241119385, "mean": 0.132795780897, "median": 0.120076991618, "min": 0.0209333132952, "var": 0.00465530296788}, "barkbands_kurtosis": {"dmean": 1.23566615582, "dmean2": 1.839884758, "dvar": 2.96309566498, "dvar2": 7.7042298317, "max": 21.4478244781, "mean": 1.59938144684, "median": 1.10606384277, "min": -1.77134776115, "var": 5.65792274475}, "barkbands_skewness": {"dmean": 0.372054487467, "dmean2": 0.528076827526, "dvar": 0.17603482306, "dvar2": 0.415266245604, "max": 4.65335941315, "mean": 1.03464710712, "median": 0.9978556633, "min": -1.90356516838, "var": 0.469689816236}, "barkbands_spread": {"dmean": 8.30780982971, "dmean2": 10.232085228, "dvar": 93.8655395508, "dvar2": 167.448120117, "max": 98.6629486084, "mean": 25.504070282, "median": 19.5395545959, "min": 1.94829320908, "var": 283.479492188}, "dissonance": {"dmean": 0.0302167721093, "dmean2": 0.0485664047301, "dvar": 0.000753334781621, "dvar2": 0.00170184217859, "max": 0.499131411314, "mean": 0.411476045847, "median": 0.417851924896, "min": 0.146297425032, "var": 0.00271351425909}, "dynamic_complexity": 2.91428971291, "erbbands_crest": {"dmean": 2.47224259377, "dmean2": 3.43849420547, "dvar": 5.97618722916, "dvar2": 12.4428701401, "max": 29.6987514496, "mean": 11.8838386536, "median": 11.0724925995, "min": 2.61735439301, "var": 24.5347156525}, "erbbands_flatness_db": {"dmean": 0.0310660488904, "dmean2": 0.0366769395769, "dvar": 0.00126255326904, "dvar2": 0.00223639863543, "max": 0.418361753225, "mean": 0.168413236737, "median": 0.158383369446, "min": 0.0436081439257, "var": 0.00506212655455}, "erbbands_kurtosis": {"dmean": 0.984035789967, "dmean2": 1.36671173573, "dvar": 1.38444960117, "dvar2": 2.73925352097, "max": 17.7274932861, "mean": 1.04418122768, "median": 0.583312034607, "min": -1.70534729958, "var": 4.45093107224}, "erbbands_skewness": {"dmean": 0.316114157438, "dmean2": 0.43743956089, "dvar": 0.0850229412317, "dvar2": 0.194786503911, "max": 3.4276778698, "mean": 0.69104039669, "median": 0.691678762436, "min": -1.08406698704, "var": 0.310624480247}, "erbbands_spread": {"dmean": 11.176150322, "dmean2": 13.9842357635, "dvar": 194.31590271, "dvar2": 403.764923096, "max": 164.315246582, "mean": 34.8174209595, "median": 28.789691925, "min": 3.56895875931, "var": 487.213989258}, "hfc": {"dmean": 22.9247379303, "dmean2": 31.3323631287, "dvar": 1763.8996582, "dvar2": 3673.44482422, "max": 514.716430664, "mean": 36.2403411865, "median": 14.314499855, "min": 1.16768600446e-16, "var": 2869.16674805}, "melbands_crest": {"dmean": 2.57174324989, "dmean2": 4.1132478714, "dvar": 7.84714174271, "dvar2": 20.4748497009, "max": 31.4152736664, "mean": 12.7513599396, "median": 11.9601945877, "min": 2.80526041985, "var": 17.3392028809}, "melbands_flatness_db": {"dmean": 0.0326038561761, "dmean2": 0.0425326563418, "dvar": 0.00130316987634, "dvar2": 0.00272773019969, "max": 0.573903679848, "mean": 0.201269939542, "median": 0.195192009211, "min": 0.00616011023521, "var": 0.00601418409497}, "melbands_kurtosis": {"dmean": 4.57950305939, "dmean2": 7.17532587051, "dvar": 192.105621338, "dvar2": 525.345336914, "max": 241.325881958, "mean": 6.66915607452, "median": 3.84667253494, "min": -1.42568397522, "var": 158.565170288}, "melbands_skewness": {"dmean": 0.582770168781, "dmean2": 0.814083456993, "dvar": 0.969887733459, "dvar2": 2.37266087532, "max": 14.0330514908, "mean": 1.76635825634, "median": 1.58087718487, "min": -0.827819168568, "var": 1.54847002029}, "melbands_spread": {"dmean": 7.12650775909, "dmean2": 9.92001724243, "dvar": 103.81149292, "dvar2": 195.344665527, "max": 135.356826782, "mean": 25.7156734467, "median": 21.9514980316, "min": 2.79771351814, "var": 241.861465454}, "pitch_salience": {"dmean": 0.0557315386832, "dmean2": 0.0891558751464, "dvar": 0.00423700455576, "dvar2": 0.0104730334133, "max": 0.831389844418, "mean": 0.495094180107, "median": 0.484833627939, "min": 0.254668295383, "var": 0.00817324407399}, "silence_rate_20dB": {"dmean": 0.000483559007989, "dmean2": 0.00096735189436, "dvar": 0.000483329728013, "dvar2": 0.000966434075963, "max": 1, "mean": 0.999516546726, "median": 1, "min": 0, "var": 0.00048321307986}, "silence_rate_30dB": {"dmean": 0.0304642170668, "dmean2": 0.0609431676567, "dvar": 0.0295373648405, "dvar2": 0.0833485201001, "max": 1, "mean": 0.981870949268, "median": 1, "min": 0, "var": 0.0178000573069}, "silence_rate_60dB": {"dmean": 0.0033849128522, "dmean2": 0.00652962503955, "dvar": 0.00337344175205, "dvar2": 0.00648634601384, "max": 1, "mean": 0.0340826697648, "median": 0, "min": 0, "var": 0.0329210236669}, "spectral_centroid": {"dmean": 264.986846924, "dmean2": 356.215545654, "dvar": 129366.039062, "dvar2": 203696.203125, "max": 11011.6503906, "mean": 1260.40905762, "median": 1104.02148438, "min": 255.566345215, "var": 330951.71875}, "spectral_complexity": {"dmean": 3.85396528244, "dmean2": 5.49455881119, "dvar": 36.392414093, "dvar2": 67.0438995361, "max": 55, "mean": 15.9349765778, "median": 14, "min": 0, "var": 68.8193817139}, "spectral_decrease": {"dmean": 2.72417532976e-09, "dmean2": 4.32968727537e-09, "dvar": 3.50999997779e-17, "dvar2": 8.56507407816e-17, "max": -9.33642748976e-29, "mean": -6.04751582145e-09, "median": -4.29094271226e-09, "min": -1.3757365025e-07, "var": 4.47197430337e-17}, "spectral_energy": {"dmean": 0.0120465904474, "dmean2": 0.0186513643712, "dvar": 0.000607952126302, "dvar2": 0.00145375868306, "max": 0.543002545834, "mean": 0.026111792773, "median": 0.0176864340901, "min": 1.09436318158e-20, "var": 0.00081586628221}, "spectral_energyband_high": {"dmean": 0.00206066877581, "dmean2": 0.00275797722861, "dvar": 1.42021926877e-05, "dvar2": 2.71172611974e-05, "max": 0.0508617758751, "mean": 0.00257265963592, "median": 0.000363491650205, "min": 8.16024417938e-21, "var": 2.40783883783e-05}, "spectral_energyband_low": {"dmean": 0.00557438330725, "dmean2": 0.00947887077928, "dvar": 0.000325159839122, "dvar2": 0.000860127969645, "max": 0.185360744596, "mean": 0.00775085156783, "median": 0.0038523292169, "min": 1.22421796647e-22, "var": 0.000280964042759}, "spectral_energyband_middle_high": {"dmean": 0.00307044363581, "dmean2": 0.00467293383554, "dvar": 4.06303224736e-05, "dvar2": 0.000103454280179, "max": 0.0858051553369, "mean": 0.00681648682803, "median": 0.00420063361526, "min": 1.61276096712e-21, "var": 6.71196321491e-05}, "spectral_energyband_middle_low": {"dmean": 0.0038982599508, "dmean2": 0.00604450562969, "dvar": 9.91887936834e-05, "dvar2": 0.000185858545592, "max": 0.503742039204, "mean": 0.00945984758437, "median": 0.00719611346722, "min": 2.61082642126e-22, "var": 0.000173917942448}, "spectral_entropy": {"dmean": 0.354189962149, "dmean2": 0.432898342609, "dvar": 0.166007205844, "dvar2": 0.287314176559, "max": 9.80647468567, "mean": 7.19835805893, "median": 7.17638111115, "min": 4.52081632614, "var": 0.609480261803}, "spectral_flux": {"dmean": 0.0344423465431, "dmean2": 0.0501310303807, "dvar": 0.00270006014034, "dvar2": 0.00512164784595, "max": 0.622816741467, "mean": 0.0695186629891, "median": 0.0424459315836, "min": 1.04611812268e-10, "var": 0.00505977589637}, "spectral_kurtosis": {"dmean": 3.5099234581, "dmean2": 5.5496840477, "dvar": 52.9484977722, "dvar2": 152.924713135, "max": 161.499176025, "mean": 7.5623292923, "median": 3.59677219391, "min": -1.20747745037, "var": 315.780853271}, "spectral_rms": {"dmean": 0.000937950913794, "dmean2": 0.00136839586776, "dvar": 2.15802924686e-06, "dvar2": 5.02491820953e-06, "max": 0.0230164844543, "mean": 0.00458613364026, "median": 0.00415392080322, "min": 3.26752405515e-12, "var": 4.44233910457e-06}, "spectral_rolloff": {"dmean": 923.378479004, "dmean2": 1396.39025879, "dvar": 2935888.75, "dvar2": 5589727.5, "max": 18087.890625, "mean": 1923.19836426, "median": 1033.59375, "min": 129.19921875, "var": 5117640}, "spectral_skewness": {"dmean": 0.363805443048, "dmean2": 0.525030195713, "dvar": 0.215682178736, "dvar2": 0.576075732708, "max": 10.7170066833, "mean": 1.82942926884, "median": 1.6073499918, "min": 0.033297944814, "var": 1.41801333427}, "spectral_spread": {"dmean": 1354208.375, "dmean2": 1551700.125, "dvar": 2312604221440.0, "dvar2": 3989818310660.0, "max": 41208816, "mean": 5651006.5, "median": 5410843.5, "min": 517331.09375, "var": 7649828536320.0}, "spectral_strongpeak": {"dmean": 0.65654617548, "dmean2": 1.08107173443, "dvar": 1.59769487381, "dvar2": 4.16203260422, "max": 28.980134964, "mean": 1.41543877125, "median": 0.990881204605, "min": 0, "var": 2.41498804092}, "zerocrossingrate": {"dmean": 0.0214905142784, "dmean2": 0.0208480153233, "dvar": 0.000582906592172, "dvar2": 0.000611413968727, "max": 0.49560546875, "mean": 0.0755302757025, "median": 0.0595703125, "min": 0.00927734375, "var": 0.00250303931534}, "barkbands": {"dmean": [0.000568760791793, 0.00239168549888, 0.00328112137504, 0.000505542615429, 0.000710527121555, 0.00113683345262, 0.00149066734593, 0.000748490798287, 0.000298169092275, 0.000398351432523, 0.00133695651311, 0.000611900817603, 0.0002490823681, 0.000160891388077, 0.000434119516285, 0.000137218332384, 0.000125239981571, 0.000192058796529, 0.000147012120578, 0.000204111114726, 0.000291596254101, 0.000342805113178, 0.000281722575892, 0.000346777611412, 0.000471401668619, 0.00026697787689, 0.000139434021548], "dmean2": [0.000958857650403, 0.00391097273678, 0.005964695476, 0.000878739461768, 0.00118899985682, 0.00159035937395, 0.00233314326033, 0.00116289476864, 0.000480577291455, 0.000525041890796, 0.00195292918943, 0.00100408389699, 0.000392695277696, 0.000220925285248, 0.000764386204537, 0.000224341318244, 0.000198611101951, 0.000322389532812, 0.000225859577768, 0.000334740325343, 0.000414432812249, 0.00045543370652, 0.000385778548662, 0.000502381357364, 0.000679980090354, 0.000367464963347, 0.000201203933102], "dvar": [3.58477655027e-06, 5.64033107366e-05, 0.00011919708777, 2.01239049602e-06, 2.92299910143e-06, 2.15666477743e-05, 2.54484257312e-05, 1.99167902792e-06, 1.0478047443e-06, 2.75262777905e-06, 9.83186873782e-06, 4.84588326799e-06, 2.3631687327e-06, 9.53830365802e-08, 1.61159312029e-06, 1.1406962841e-07, 1.11413648085e-07, 1.60434964869e-07, 1.10627397021e-07, 2.32825243529e-07, 3.924490386e-07, 4.03909837132e-07, 2.49216071779e-07, 7.09745847871e-07, 1.30209082272e-06, 3.30012397853e-07, 1.51715653374e-07], "dvar2": [9.16620592761e-06, 0.000140036965604, 0.000338502402883, 5.31821706318e-06, 7.5656403169e-06, 3.55000811396e-05, 5.36232437298e-05, 4.93239667776e-06, 2.64894129032e-06, 5.0557873692e-06, 2.2298998374e-05, 1.23764875752e-05, 5.77325363338e-06, 1.94350761262e-07, 4.56730504084e-06, 2.94390531508e-07, 2.86444503672e-07, 4.5619407274e-07, 2.70890240017e-07, 6.11384450622e-07, 7.82824258749e-07, 7.88040892985e-07, 4.91537605285e-07, 1.71705983121e-06, 3.04663853967e-06, 6.54164921343e-07, 3.83782634117e-07], "max": [0.0171712525189, 0.0830107703805, 0.100726753473, 0.0260238684714, 0.0432496331632, 0.272574841976, 0.214401811361, 0.0241126101464, 0.0237909872085, 0.0577857494354, 0.0689497292042, 0.0402660258114, 0.0679044350982, 0.00735042057931, 0.0106761846691, 0.00560312205926, 0.00801364891231, 0.00458747707307, 0.00537430029362, 0.00864383205771, 0.00988375023007, 0.00746173178777, 0.00515382317826, 0.0181514620781, 0.0220333896577, 0.00780884874985, 0.00598864909261], "mean": [0.000494247418828, 0.00307297031395, 0.00380659010261, 0.000699011376128, 0.00119540537708, 0.00181242823601, 0.0029089578893, 0.00192004779819, 0.000700248812791, 0.000875611382071, 0.00301179033704, 0.000909739988856, 0.000352364906576, 0.000411305110902, 0.000443083554273, 0.000155852481839, 0.000192387728021, 0.000243066679104, 0.000219272900722, 0.000226099102292, 0.000381157879019, 0.00042054822552, 0.000353945652023, 0.00035824283259, 0.000498674693517, 0.000305152701912, 0.000143649682286], "median": [3.3446965972e-05, 0.00145386660006, 0.00225266069174, 0.000402097008191, 0.000731507781893, 0.000654838280752, 0.00153541984037, 0.000877397251315, 0.000102302801679, 0.000119992291729, 0.00129202264361, 0.000233939819736, 8.38765263325e-05, 0.000220284782699, 0.000112348381663, 3.37591627613e-05, 8.84715918801e-05, 0.000101816724055, 8.35663377075e-05, 6.25204411335e-05, 5.70509073441e-05, 6.49610883556e-05, 5.1800518122e-05, 3.1864252378e-05, 3.16917430609e-05, 1.48286835611e-05, 4.65340417577e-06], "min": [4.37869677891e-23, 7.90604840024e-24, 5.4448037959e-23, 7.12651640631e-23, 2.07058664235e-23, 4.17285551638e-23, 2.64253351783e-23, 4.71165761206e-23, 5.32571419821e-23, 8.35767710605e-23, 8.8784704539e-23, 9.65311608561e-23, 1.56986374608e-22, 1.16232835746e-22, 1.65491582588e-22, 1.21648031384e-22, 1.76630336435e-22, 2.57169942523e-22, 2.25738644346e-22, 2.36814579622e-22, 5.2357220821e-22, 6.6319074345e-22, 7.17529754521e-22, 9.35447366795e-22, 1.39818524732e-21, 1.67879718245e-21, 2.33618221256e-21], "var": [3.15623492497e-06, 5.80914602324e-05, 7.5829004345e-05, 1.56685780439e-06, 2.81736720353e-06, 3.85914936487e-05, 3.68474065908e-05, 6.40051985101e-06, 3.37358528668e-06, 1.00999814094e-05, 2.43484100793e-05, 6.1544469645e-06, 2.75027286989e-06, 3.63221715816e-07, 1.20427955608e-06, 1.26397253553e-07, 1.38118451787e-07, 1.58795558036e-07, 1.60817933192e-07, 2.22766672664e-07, 6.4108735387e-07, 6.47256797492e-07, 4.30792994166e-07, 7.37382436e-07, 1.46952561408e-06, 4.87167199026e-07, 1.49194065102e-07]}, "erbbands": {"dmean": [0.0728122293949, 0.688470602036, 3.5723426342, 2.44461536407, 2.25936055183, 2.25792527199, 2.2939760685, 10.5271453857, 22.1658306122, 24.4252738953, 11.4940843582, 8.06717967987, 6.82812643051, 23.3068141937, 48.5638198853, 28.5310096741, 13.001168251, 9.19218063354, 12.6465539932, 19.7838668823, 6.29894304276, 5.84857273102, 8.86075973511, 9.24073791504, 7.77626132965, 9.92615127563, 11.1932830811, 11.0541858673, 10.2023277283, 11.0762023926, 8.2774515152, 6.91098690033, 6.74763393402, 5.26947641373, 3.09141492844, 1.30673992634, 0.440739929676, 0.129491969943, 0.0250884890556, 0.00140956684481], "dmean2": [0.105117373168, 1.21736729145, 6.51483345032, 4.27529716492, 3.71234321594, 3.94177317619, 3.93007183075, 15.0137987137, 33.0998764038, 37.8858375549, 17.9879894257, 12.7365570068, 9.98876857758, 32.7893180847, 69.8114624023, 45.738735199, 20.3200969696, 12.8874158859, 21.3725032806, 34.0337181091, 10.2983503342, 9.36578464508, 14.8720722198, 14.6352481842, 12.5154819489, 16.1440811157, 16.5962429047, 15.4225969315, 13.5967206955, 14.756518364, 11.487818718, 9.83376216888, 10.144906044, 7.8236951828, 4.35343742371, 1.79709839821, 0.622334778309, 0.184190943837, 0.036507986486, 0.00215654121712], "dvar": [0.0475194528699, 6.06398296356, 153.401657104, 55.3385848999, 29.0952587128, 34.1329498291, 48.9503555298, 1796.35021973, 8591.30761719, 2586.10668945, 774.159423828, 679.688598633, 1045.59851074, 4346.90966797, 13283.3564453, 10007.3925781, 5265.03271484, 281.243530273, 1286.27282715, 2632.66772461, 210.455459595, 201.70526123, 359.426391602, 334.708282471, 420.535644531, 463.125488281, 805.974304199, 470.428924561, 408.38470459, 438.627349854, 205.04385376, 223.063247681, 405.272125244, 192.058532715, 51.2390022278, 7.70004320145, 1.00491666794, 0.0874975472689, 0.00532813509926, 2.13570674532e-05], "dvar2": [0.109834730625, 16.754486084, 437.433990479, 149.574508667, 72.0115356445, 93.4706115723, 124.339645386, 3019.41040039, 15825.1386719, 6778.80566406, 1897.20397949, 1671.99365234, 2622.63598633, 8440.18066406, 28521.7949219, 24618.609375, 12653.4794922, 578.644042969, 3540.56323242, 7263.73632812, 568.298339844, 527.35723877, 995.370117188, 887.849060059, 1068.49194336, 1210.57617188, 1728.29052734, 936.527038574, 809.072143555, 875.71685791, 405.369628906, 513.138427734, 1050.40698242, 468.633483887, 112.910804749, 14.9787397385, 2.09271526337, 0.189835458994, 0.0137417772785, 5.78747894906e-05], "max": [2.21590042114, 25.4739398956, 120.201065063, 105.766677856, 112.401405334, 94.4340744019, 320.522247314, 2409.76904297, 4756.04980469, 1738.45874023, 648.369750977, 663.535217285, 1072.28210449, 2172.54296875, 3421.46142578, 2033.12133789, 3163.87475586, 397.226074219, 483.243774414, 539.721374512, 190.865936279, 308.331451416, 208.074249268, 245.665115356, 364.86907959, 403.48449707, 464.850006104, 254.558914185, 370.941192627, 189.945755005, 174.652282715, 242.808853149, 571.470031738, 283.629852295, 129.529525757, 32.8086013794, 16.3489723206, 3.53134584427, 1.21916556358, 0.0787697136402], "mean": [0.0834640562534, 0.728700935841, 3.98420405388, 3.55789041519, 3.43251013756, 3.3985915184, 4.77976131439, 15.8300247192, 33.7716598511, 62.3130569458, 31.955575943, 20.8364086151, 14.9902353287, 51.2832107544, 114.019577026, 48.5870666504, 19.9828090668, 23.851984024, 16.4395542145, 20.6039524078, 8.40855407715, 8.86022663116, 11.6152067184, 13.613615036, 10.5543146133, 11.5275268555, 14.3908777237, 14.1924877167, 12.7344255447, 13.7180404663, 10.3471908569, 7.52925491333, 6.48967790604, 5.42183685303, 3.38750696182, 1.49475800991, 0.494787067175, 0.144168511033, 0.0260201878846, 0.00134865602013], "median": [0.00855330843478, 0.376292645931, 2.31698799133, 2.42676520348, 1.37461566925, 2.04945254326, 2.91610217094, 5.23829317093, 10.2106342316, 43.0386962891, 14.4799308777, 4.79792261124, 5.51598739624, 18.4106941223, 49.6677131653, 15.2104825974, 5.86369800568, 13.6746683121, 4.89560985565, 6.39791631699, 3.36953902245, 4.19862556458, 5.55899000168, 6.60642719269, 3.13464164734, 3.3204190731, 2.28899741173, 2.5031645298, 2.09580230713, 1.93815588951, 1.62312710285, 0.817919850349, 0.47066411376, 0.341762036085, 0.201129078865, 0.0763577893376, 0.0243909582496, 0.00602947315201, 0.000884089269675, 6.02206055191e-05], "min": [6.11147683644e-22, 1.48862450241e-21, 3.82865134788e-20, 1.90252303444e-19, 1.03471357202e-19, 7.09976228338e-20, 2.57133720454e-19, 3.19923656584e-19, 3.27592060302e-19, 3.50088503681e-19, 1.67257346745e-18, 1.13836006533e-18, 7.51685182214e-19, 4.31792374297e-18, 3.62106460874e-18, 4.92579644126e-18, 7.52416554632e-18, 5.18028103825e-18, 8.71993866701e-18, 7.55180826803e-18, 7.09768693892e-18, 1.1969501987e-17, 1.19272504285e-17, 1.41112578813e-17, 1.11915543373e-17, 1.01513904335e-17, 1.48134465403e-17, 2.3417284618e-17, 2.61397659702e-17, 2.04678728823e-17, 1.97108851622e-17, 1.67157303386e-17, 1.71244915644e-17, 1.14122353714e-17, 1.15975809041e-17, 6.53011820239e-18, 3.37050064106e-18, 1.32295348404e-18, 3.22392868261e-19, 3.2831257339e-20], "var": [0.0612428151071, 4.16897296906, 95.6807479858, 41.3728065491, 32.3455123901, 27.5066394806, 56.801361084, 3097.86376953, 13089.6113281, 4817.94238281, 2266.63085938, 2457.45239258, 1550.62915039, 15039.7548828, 36808.9335938, 14839.3730469, 6559.11621094, 1069.17504883, 1428.38562012, 2165.9296875, 221.975387573, 226.158065796, 335.40133667, 403.850524902, 587.374206543, 486.734771729, 1174.66589355, 759.048461914, 627.604797363, 709.263122559, 355.774169922, 270.199066162, 339.820373535, 193.428833008, 64.9140701294, 11.5626935959, 1.36639821529, 0.115881033242, 0.00503126531839, 1.68608621607e-05]}, "gfcc": {"mean": [-0.301179200411, 82.8082275391, -108.123764038, 12.9358253479, -61.7327270508, 10.3796043396, -26.6852645874, 2.55230164528, -21.3243331909, 1.28514695168, -8.72921562195, -0.21137394011, -19.0501060486], "cov": [[11447.3876953, -5488.63769531, 1372.57080078, 604.274597168, -150.234085083, 905.690551758, 3.11559414864, 720.420349121, -240.534790039, 461.491882324, -455.951080322, 480.621276855, -7.87933731079], [-5488.63769531, 3621.50292969, -1342.73266602, -89.0594100952, 106.534919739, -515.237731934, 123.105033875, -377.195800781, 172.950057983, -305.486022949, 338.552490234, -282.902038574, 48.0651283264], [1372.57080078, -1342.73266602, 1328.2052002, -49.5207252502, 126.02003479, 268.753631592, -56.9529914856, 137.548614502, -94.274848938, 174.506347656, -136.438430786, 194.684661865, -36.8086471558], [604.274597168, -89.0594100952, -49.5207252502, 290.597076416, 9.66298866272, 73.2213897705, 36.4254112244, 34.6634178162, 12.6720428467, 14.2624540329, 26.7297439575, 35.2527236938, 39.0412025452], [-150.234085083, 106.534919739, 126.02003479, 9.66298866272, 224.048080444, 44.3507347107, 42.8352088928, -9.87525081635, -15.6770181656, -0.994713425636, -10.2772731781, 31.1319999695, 11.7075805664], [905.690551758, -515.237731934, 268.753631592, 73.2213897705, 44.3507347107, 240.001022339, 33.5345230103, 73.017791748, -36.4671020508, 42.5450439453, -53.4849777222, 57.9451217651, 3.75283837318], [3.11559414864, 123.105033875, -56.9529914856, 36.4254112244, 42.8352088928, 33.5345230103, 145.939956665, 8.71351337433, 24.0818538666, -23.9780330658, -9.39497661591, -7.21013069153, 8.74040603638], [720.420349121, -377.195800781, 137.548614502, 34.6634178162, -9.87525081635, 73.017791748, 8.71351337433, 142.733062744, -2.72467803955, 51.4179191589, -44.058506012, 26.781621933, -22.9326095581], [-240.534790039, 172.950057983, -94.274848938, 12.6720428467, -15.6770181656, -36.4671020508, 24.0818538666, -2.72467803955, 91.7064208984, 2.72437596321, 22.364906311, -28.2046070099, -6.18197584152], [461.491882324, -305.486022949, 174.506347656, 14.2624540329, -0.994713425636, 42.5450439453, -23.9780330658, 51.4179191589, 2.72437596321, 108.212265015, 10.8284931183, 39.6408729553, -16.6363506317], [-455.951080322, 338.552490234, -136.438430786, 26.7297439575, -10.2772731781, -53.4849777222, -9.39497661591, -44.058506012, 22.364906311, 10.8284931183, 156.564102173, 37.6142196655, 10.7022161484], [480.621276855, -282.902038574, 194.684661865, 35.2527236938, 31.1319999695, 57.9451217651, -7.21013069153, 26.781621933, -28.2046070099, 39.6408729553, 37.6142196655, 150.571212769, 35.5815544128], [-7.87933731079, 48.0651283264, -36.8086471558, 39.0412025452, 11.7075805664, 3.75283837318, 8.74040603638, -22.9326095581, -6.18197584152, -16.6363506317, 10.7022161484, 35.5815544128, 110.040885925]], "icov": [[0.00058548519155, 0.000930470298044, 0.00051073677605, -0.000660423538648, -0.000150138308527, -0.000128781161038, -0.000437452661572, -0.000534378457814, 0.000292632146738, -0.000262420129729, 8.44519818202e-05, -0.000387357285945, 7.82025381341e-05], [0.000930470298044, 0.00256956671365, 0.00105934450403, -0.000854771526065, -0.00129939790349, 0.000687279505655, -0.00118696945719, -0.000353499723133, -9.62932681432e-05, 0.00114689650945, -0.0020776593592, 0.000944262254052, -0.000197991088498], [0.00051073677605, 0.00105934450403, 0.00228483648971, 5.89896171732e-06, -0.000969600048847, -0.000901460007299, 7.95415689936e-05, -4.33029381384e-05, 0.000304010289256, -0.00178059085738, 0.00132140610367, -0.00201223697513, 0.000724621640984], [-0.000660423538648, -0.000854771526065, 5.89896171732e-06, 0.00528552336618, -0.000116657633043, -0.00141835631803, 4.29812425864e-05, -0.000348599569406, -0.00111982249655, 0.000232510879869, -0.00139004387893, 0.000336826691637, -0.00156395719387], [-0.000150138308527, -0.00129939790349, -0.000969600048847, -0.000116657633043, 0.00644395733252, -0.00107492622919, -0.00127949018497, 0.000844986003358, 0.0010603016708, -0.00117512850557, 0.00213315151632, -0.00188002188224, 0.000185012628208], [-0.000128781161038, 0.000687279505655, -0.000901460007299, -0.00141835631803, -0.00107492622919, 0.00826639216393, -0.00224924227223, -0.000961692247074, 0.00156935187988, 0.000559482665267, -0.000451928470284, 0.000631194328889, -0.000284451904008], [-0.000437452661572, -0.00118696945719, 7.95415689936e-05, 4.29812425864e-05, -0.00127949018497, -0.00224924227223, 0.00970928743482, -0.0007855911972, -0.00309545150958, 0.00194967503194, 0.00132431555539, -0.000629236572422, -2.80590156763e-05], [-0.000534378457814, -0.000353499723133, -4.33029381384e-05, -0.000348599569406, 0.000844986003358, -0.000961692247074, -0.0007855911972, 0.0123649053276, -0.00131473969668, -0.00363592267968, 0.00301879248582, -0.00146413291804, 0.00236376444809], [0.000292632146738, -9.62932681432e-05, 0.000304010289256, -0.00111982249655, 0.0010603016708, 0.00156935187988, -0.00309545150958, -0.00131473969668, 0.0147685939446, -0.00348451850004, -0.000757777423132, 0.00185558048543, 0.000144131830893], [-0.000262420129729, 0.00114689650945, -0.00178059085738, 0.000232510879869, -0.00117512850557, 0.000559482665267, 0.00194967503194, -0.00363592267968, -0.00348451850004, 0.0184779763222, -0.00694997701794, 0.00208629644476, 0.000594646437094], [8.44519818202e-05, -0.0020776593592, 0.00132140610367, -0.00139004387893, 0.00213315151632, -0.000451928470284, 0.00132431555539, 0.00301879248582, -0.000757777423132, -0.00694997701794, 0.0160607155412, -0.00920812878758, 0.00248325616121], [-0.000387357285945, 0.000944262254052, -0.00201223697513, 0.000336826691637, -0.00188002188224, 0.000631194328889, -0.000629236572422, -0.00146413291804, 0.00185558048543, 0.00208629644476, -0.00920812878758, 0.0158600769937, -0.00512255216017], [7.82025381341e-05, -0.000197991088498, 0.000724621640984, -0.00156395719387, 0.000185012628208, -0.000284451904008, -2.80590156763e-05, 0.00236376444809, 0.000144131830893, 0.000594646437094, 0.00248325616121, -0.00512255216017, 0.0119745815173]]}, "melbands": {"dmean": [0.000566728122067, 0.0015472038649, 0.000419369229348, 0.000170481405803, 7.8656245023e-05, 0.000263107358478, 0.000327002140693, 0.000242360067205, 8.51584190968e-05, 4.3736094085e-05, 3.37789751939e-05, 8.73352837516e-05, 0.000192661987967, 7.95122905402e-05, 5.12643782713e-05, 1.80178431037e-05, 1.81332998181e-05, 1.42016806421e-05, 3.78629702027e-05, 1.56484202307e-05, 6.49335288472e-06, 6.16044280832e-06, 7.0485471042e-06, 1.09461952889e-05, 7.3587980296e-06, 5.56917757422e-06, 6.57366399537e-06, 6.47650949759e-06, 6.34240404906e-06, 8.1480220615e-06, 6.59096986055e-06, 5.85962288824e-06, 7.66940502217e-06, 5.51988341613e-06, 5.46358569409e-06, 3.92773745261e-06, 4.0840368456e-06, 5.19347759109e-06, 4.54476185041e-06, 4.46275225841e-06], "dmean2": [0.000900959363207, 0.00281113805249, 0.000722573895473, 0.000288260867819, 0.000135661670356, 0.000368316512322, 0.00049285282148, 0.000377829041099, 0.000133588458993, 6.97607320035e-05, 4.92805193062e-05, 0.000121404933452, 0.000280609587207, 0.000123341276776, 8.40859356686e-05, 2.76913742709e-05, 2.47879379458e-05, 2.30154400924e-05, 6.83551552356e-05, 2.52606096183e-05, 1.05992476165e-05, 9.8048694781e-06, 1.1676153008e-05, 1.81696777872e-05, 1.16469127533e-05, 8.63408240548e-06, 1.10972196126e-05, 1.05068465928e-05, 9.64457649388e-06, 1.17106701509e-05, 9.593487448e-06, 8.16129613668e-06, 1.07342957563e-05, 7.53891981731e-06, 7.85783504398e-06, 5.67818051422e-06, 5.82591746934e-06, 7.93916751718e-06, 7.07898016117e-06, 6.60400655761e-06], "dvar": [2.67274549515e-06, 3.04024215438e-05, 1.47476941947e-06, 1.71294487927e-07, 5.11679765225e-08, 1.25854467115e-06, 1.68552924151e-06, 2.33171007835e-07, 4.87741331767e-08, 2.11400248418e-08, 2.69924971263e-08, 7.43313961493e-08, 1.95258763824e-07, 5.98255098794e-08, 5.065567521e-08, 7.00587188263e-09, 1.28678678823e-09, 1.34729161161e-09, 1.51796957226e-08, 1.18698506579e-09, 2.74591405169e-10, 2.50066412022e-10, 4.10338318879e-10, 4.34966590523e-10, 2.40445330313e-10, 2.28601221286e-10, 2.72161460035e-10, 2.09859199463e-10, 3.12655540347e-10, 4.06470551662e-10, 2.13072115507e-10, 1.87359808224e-10, 2.5912691437e-10, 1.17267903721e-10, 9.8855021391e-11, 6.13302186814e-11, 7.92709092812e-11, 2.95649726922e-10, 1.94573121504e-10, 1.22709523098e-10], "dvar2": [5.55044471184e-06, 8.60417785589e-05, 3.92215815737e-06, 4.53534624967e-07, 1.3418269873e-07, 2.11708993447e-06, 3.14295607495e-06, 6.22213690349e-07, 1.22070005659e-07, 5.23528171925e-08, 6.74607036899e-08, 1.37005898182e-07, 4.39908859562e-07, 1.43060930213e-07, 1.32616690962e-07, 1.62443498652e-08, 2.52960874469e-09, 3.4804605864e-09, 4.32681375173e-08, 2.95633673097e-09, 7.42015282551e-10, 6.71113831174e-10, 1.04195763129e-09, 1.21756715821e-09, 6.27186413915e-10, 5.50148038236e-10, 7.54298568051e-10, 5.28929622323e-10, 7.21410653437e-10, 8.53371984189e-10, 4.44553477363e-10, 4.0085851305e-10, 5.56683699138e-10, 2.42671077677e-10, 2.0043612603e-10, 1.38997285903e-10, 1.80215439793e-10, 7.80601749906e-10, 5.12850040213e-10, 2.88866014442e-10], "max": [0.0153163904324, 0.0541373118758, 0.0175349283963, 0.00689753238112, 0.00911108311266, 0.0651308298111, 0.0644216537476, 0.0147369382903, 0.00498758070171, 0.00357650592923, 0.00535979960114, 0.00962278526276, 0.00938822608441, 0.00455158716068, 0.00715568475425, 0.00372553942725, 0.000912388670258, 0.00064549013041, 0.00101208884735, 0.000535058847163, 0.000311848445563, 0.000313389784424, 0.000589710427448, 0.000287932576612, 0.000219363035285, 0.00031024965574, 0.000161309159012, 0.000361433601938, 0.000319694838254, 0.000434906542068, 0.000223382652621, 0.000322187232086, 0.000171639956534, 0.000142912700539, 0.000126238475787, 0.000105477134639, 0.000133002817165, 0.000497593428008, 0.000372966926079, 0.000234881037613], "mean": [0.000782669405453, 0.00174367066938, 0.000633266987279, 0.000245110597461, 0.000157100876095, 0.000392450776417, 0.00053910369752, 0.000629437854514, 0.000235325249378, 0.000106411825982, 7.03907935531e-05, 0.000187250232557, 0.000434931775089, 0.000145994359627, 7.33505585231e-05, 3.1155293982e-05, 4.67866229883e-05, 2.12370414374e-05, 3.25075998262e-05, 2.00047543331e-05, 8.40401753521e-06, 9.63288675848e-06, 8.37043626234e-06, 1.44230889418e-05, 1.04571363408e-05, 7.72304247221e-06, 6.9572420216e-06, 7.4768054219e-06, 7.78862067818e-06, 1.00677534647e-05, 8.06635580375e-06, 6.96824372426e-06, 8.91210220288e-06, 6.86932253302e-06, 6.87617102813e-06, 4.2727347136e-06, 4.47721868113e-06, 4.83188614453e-06, 4.20455808126e-06, 4.70239501738e-06], "median": [0.00023162033176, 0.000979010597803, 0.000432930479292, 0.000127570485347, 0.000107725929411, 0.000121128978208, 0.000198145760805, 0.000432934204582, 9.81097400654e-05, 1.85691824299e-05, 1.980306115e-05, 5.19614259247e-05, 0.000190521866898, 4.05703758588e-05, 1.78194532054e-05, 1.319002331e-05, 2.38931352214e-05, 6.24695940132e-06, 7.03288742443e-06, 6.29236501482e-06, 3.04097443404e-06, 4.5234787649e-06, 2.53507369052e-06, 6.36842923996e-06, 4.60501541966e-06, 2.49261188401e-06, 1.57864360517e-06, 2.15806153392e-06, 1.21534969821e-06, 1.35053619488e-06, 1.38585812692e-06, 1.06757238427e-06, 1.16695866836e-06, 8.8881188276e-07, 1.0679366369e-06, 4.85458258481e-07, 4.52707837439e-07, 3.32327203978e-07, 2.69763859251e-07, 2.79399586134e-07], "min": [5.74612397035e-24, 1.42562059267e-23, 3.04987920118e-23, 5.26144822461e-24, 7.92739497634e-24, 7.24892174417e-24, 5.3909215984e-24, 3.88913514427e-24, 1.55053293048e-23, 6.0118300726e-24, 3.63473381322e-24, 1.7675435168e-23, 1.07499566502e-23, 1.18494654578e-23, 1.62686311167e-23, 1.32352779204e-23, 9.423152561e-24, 1.4417646311e-23, 1.13993690354e-23, 8.01317176687e-24, 8.23512646002e-24, 1.2027801665e-23, 1.0592139504e-23, 1.23696261392e-23, 1.12605255718e-23, 8.47225647041e-24, 7.839410953e-24, 6.10734298442e-24, 7.88558929266e-24, 1.40553856061e-23, 1.29395458e-23, 1.40416294496e-23, 1.35681693338e-23, 1.18126777184e-23, 1.27614281073e-23, 8.95970624552e-24, 1.15075344873e-23, 1.24089626883e-23, 1.15381951441e-23, 8.0940513089e-24], "var": [3.938185273e-06, 1.92042298295e-05, 1.16212947887e-06, 1.51672907123e-07, 4.97381655862e-08, 2.13617317968e-06, 2.59631315203e-06, 4.71213013498e-07, 1.38986749221e-07, 7.23815247738e-08, 4.09661815581e-08, 2.77467023579e-07, 4.90506806727e-07, 1.05375100645e-07, 5.54584680401e-08, 9.54073975379e-09, 5.120261104e-09, 2.25862706316e-09, 9.56698009702e-09, 1.63558644406e-09, 2.95816232621e-10, 2.78306738766e-10, 4.27986174278e-10, 4.7932952052e-10, 2.85613088735e-10, 3.57815804763e-10, 2.34998187576e-10, 2.33678215666e-10, 4.12122003191e-10, 5.97303873029e-10, 2.97714575215e-10, 2.40161057707e-10, 3.55742796332e-10, 1.83079995608e-10, 1.64501620659e-10, 7.8342082821e-11, 9.80572914533e-11, 2.30837349235e-10, 1.55106649746e-10, 1.35539607315e-10]}, "mfcc": {"mean": [-649.744995117, 119.776138306, 7.74125099182, 11.8171548843, -8.16274261475, 5.29625988007, 0.846059799194, 2.49216461182, -7.10687351227, -4.03294324875, 3.26795077324, 4.63000965118, 7.85187959671], "cov": [[7753.23388672, -2905.55957031, 698.019470215, -224.377532959, 144.97517395, 264.49697876, 234.712615967, 270.096405029, 384.644439697, 189.844543457, -21.5117855072, -57.1114006042, 76.9649658203], [-2905.55957031, 1966.10144043, -814.758911133, 178.249679565, -155.409713745, -105.269386292, -47.5145225525, -54.6190414429, -173.690307617, -67.5063247681, 33.6710739136, 16.7109928131, -40.8527870178], [698.019470215, -814.758911133, 789.609558105, -58.1678199768, 164.139358521, 76.5289459229, 48.650970459, 39.7612037659, 76.512260437, -4.97282600403, 10.9315509796, 2.83173727989, 30.9566478729], [-224.377532959, 178.249679565, -58.1678199768, 216.969543457, 20.4551677704, 21.8921661377, 10.4315862656, 14.9252033234, -15.2047109604, -3.57282924652, 7.12588262558, 12.1658821106, 0.130443289876], [144.97517395, -155.409713745, 164.139358521, 20.4551677704, 175.514282227, 63.2295608521, 44.1353492737, 20.6282310486, 17.4863529205, -16.2189350128, 3.28572273254, 0.693988323212, 20.8845787048], [264.49697876, -105.269386292, 76.5289459229, 21.8921661377, 63.2295608521, 157.710342407, 68.4443359375, 53.9016075134, 31.5712738037, -1.02923607826, -1.68152499199, -14.4639892578, 10.9419431686], [234.712615967, -47.5145225525, 48.650970459, 10.4315862656, 44.1353492737, 68.4443359375, 120.512283325, 49.4605827332, 30.2585353851, -10.5303955078, 3.751288414, -5.91213989258, 17.1636600494], [270.096405029, -54.6190414429, 39.7612037659, 14.9252033234, 20.6282310486, 53.9016075134, 49.4605827332, 118.198661804, 50.5548439026, -1.10440671444, 4.22773456573, -14.6409254074, 4.91114139557], [384.644439697, -173.690307617, 76.512260437, -15.2047109604, 17.4863529205, 31.5712738037, 30.2585353851, 50.5548439026, 151.01902771, 44.7252731323, -24.5858631134, -32.4684181213, -23.2777385712], [189.844543457, -67.5063247681, -4.97282600403, -3.57282924652, -16.2189350128, -1.02923607826, -10.5303955078, -1.10440671444, 44.7252731323, 111.519638062, 20.5019207001, -6.75876903534, -32.4057922363], [-21.5117855072, 33.6710739136, 10.9315509796, 7.12588262558, 3.28572273254, -1.68152499199, 3.751288414, 4.22773456573, -24.5858631134, 20.5019207001, 101.635314941, 38.1580467224, -8.1707239151], [-57.1114006042, 16.7109928131, 2.83173727989, 12.1658821106, 0.693988323212, -14.4639892578, -5.91213989258, -14.6409254074, -32.4684181213, -6.75876903534, 38.1580467224, 120.669464111, 45.5645256042], [76.9649658203, -40.8527870178, 30.9566478729, 0.130443289876, 20.8845787048, 10.9419431686, 17.1636600494, 4.91114139557, -23.2777385712, -32.4057922363, -8.1707239151, 45.5645256042, 135.039199829]], "icov": [[0.000433809618698, 0.000821140711196, 0.000521932728589, -4.6196510084e-05, 0.000103814942122, -4.57357527921e-05, -0.000480666611111, -0.000481737864902, -0.000167753431015, -0.000186452947673, -0.000246732903179, 8.19670749479e-05, -0.000168419137481], [0.000821140711196, 0.00260522053577, 0.00196868251078, -0.000661770813167, 0.000214264669921, 0.000185911776498, -0.00107451621443, -0.000895707285963, 0.000102723708551, 0.000293193996185, -0.000922623788938, 0.000269721465884, -6.83460457367e-05], [0.000521932728589, 0.00196868251078, 0.00327541050501, -6.267185654e-06, -0.00137360848021, -3.31639930664e-05, -0.000520668691024, -0.000567336915992, -0.000639602425508, 0.00060290080728, -0.00114506110549, 0.00011644631013, -0.000224965289817], [-4.6196510084e-05, -0.000661770813167, -6.267185654e-06, 0.0053702769801, -0.00100774376187, -0.000705245067365, 0.000203625721042, -0.000804157287348, 0.000496698543429, -0.000533357146196, 0.000421675678808, -0.000774318992626, 0.000283149507595], [0.000103814942122, 0.000214264669921, -0.00137360848021, -0.00100774376187, 0.00844199676067, -0.00213941466063, -0.00137041707058, 0.000771264836658, -0.000377964170184, 0.0010416766163, -0.000556033279281, 0.000230445017223, -0.000591182091739], [-4.57357527921e-05, 0.000185911776498, -3.31639930664e-05, -0.000705245067365, -0.00213941466063, 0.00996717531234, -0.00376967526972, -0.00239324430004, 0.000395262642996, -0.000657460768707, 0.000387131876778, 0.000757025496569, -0.000141632088344], [-0.000480666611111, -0.00107451621443, -0.000520668691024, 0.000203625721042, -0.00137041707058, -0.00376967526972, 0.0131939733401, -0.0020490582101, -0.00148803670891, 0.00163931993302, -0.000995313399471, 0.00026139858528, -0.00102854589932], [-0.000481737864902, -0.000895707285963, -0.000567336915992, -0.000804157287348, 0.000771264836658, -0.00239324430004, -0.0020490582101, 0.0132617428899, -0.00405245553702, 0.00213416828774, -0.00214520934969, 0.00119131617248, -0.000730983796529], [-0.000167753431015, 0.000102723708551, -0.000639602425508, 0.000496698543429, -0.000377964170184, 0.000395262642996, -0.00148803670891, -0.00405245553702, 0.0115317245945, -0.00476244091988, 0.0039614145644, 0.000332401570631, 0.00160825578496], [-0.000186452947673, 0.000293193996185, 0.00060290080728, -0.000533357146196, 0.0010416766163, -0.000657460768707, 0.00163931993302, 0.00213416828774, -0.00476244091988, 0.0129403667524, -0.00410605082288, 0.000304061948555, 0.00159683299717], [-0.000246732903179, -0.000922623788938, -0.00114506110549, 0.000421675678808, -0.000556033279281, 0.000387131876778, -0.000995313399471, -0.00214520934969, 0.0039614145644, -0.00410605082288, 0.0141642261297, -0.00488326977938, 0.00258498475887], [8.19670749479e-05, 0.000269721465884, 0.00011644631013, -0.000774318992626, 0.000230445017223, 0.000757025496569, 0.00026139858528, 0.00119131617248, 0.000332401570631, 0.000304061948555, -0.00488326977938, 0.0119022727013, -0.00434582820162], [-0.000168419137481, -6.83460457367e-05, -0.000224965289817, 0.000283149507595, -0.000591182091739, -0.000141632088344, -0.00102854589932, -0.000730983796529, 0.00160825578496, 0.00159683299717, 0.00258498475887, -0.00434582820162, 0.0100752776489]]}, "spectral_contrast_coeffs": {"dmean": [0.042554281652, 0.0517709739506, 0.0491883382201, 0.0436912216246, 0.0380093231797, 0.022909887135], "dmean2": [0.0703630819917, 0.0765724927187, 0.073692522943, 0.0645443871617, 0.0561290346086, 0.0344417318702], "dvar": [0.00182714592665, 0.00293403863907, 0.00266328942962, 0.00201302231289, 0.00184533849824, 0.000648452027235], "dvar2": [0.0046646646224, 0.00573509884998, 0.00533457146958, 0.00352251599543, 0.00319999805652, 0.0012192716822], "max": [-0.328453660011, -0.356990993023, -0.421675890684, -0.477053523064, -0.518100678921, -0.588258862495], "mean": [-0.599365711212, -0.618997752666, -0.617452323437, -0.670300543308, -0.711506903172, -0.754414975643], "median": [-0.607389569283, -0.608703017235, -0.605120539665, -0.661430001259, -0.707001030445, -0.760450959206], "min": [-0.963454246521, -0.95787024498, -0.969674229622, -0.954329848289, -0.956490218639, -0.964184761047], "var": [0.0051139537245, 0.00670018792152, 0.00700229173526, 0.00586366327479, 0.00517413858324, 0.00245020864531]}, "spectral_contrast_valleys": {"dmean": [0.487979441881, 0.491842091084, 0.546102285385, 0.598185658455, 0.629053175449, 0.816896855831], "dmean2": [0.742753863335, 0.765208721161, 0.819726467133, 0.836312711239, 0.784204185009, 0.888082265854], "dvar": [0.346060097218, 0.35821467638, 0.455993205309, 0.588430404663, 0.64833086729, 0.902465581894], "dvar2": [0.581092655659, 0.69235509634, 0.812032938004, 0.9725164