{"lowlevel": {"average_loudness": 0.956736803055, "barkbands_crest": {"dmean": 2.30625224113, "dmean2": 3.71534776688, "dvar": 8.23633098602, "dvar2": 19.0638828278, "max": 25.36577034, "mean": 8.93102169037, "median": 8.02026367188, "min": 2.33697795868, "var": 14.5147294998}, "barkbands_flatness_db": {"dmean": 0.0213652867824, "dmean2": 0.0317408889532, "dvar": 0.00062835222343, "dvar2": 0.00133048882708, "max": 0.435306757689, "mean": 0.155536413193, "median": 0.146456718445, "min": 0.0265926737338, "var": 0.00417084526271}, "barkbands_kurtosis": {"dmean": 3.81796717644, "dmean2": 6.01354551315, "dvar": 67.6176300049, "dvar2": 166.054244995, "max": 136.035614014, "mean": 6.67497396469, "median": 3.35086870193, "min": -1.7577047348, "var": 119.789634705}, "barkbands_skewness": {"dmean": 0.50301939249, "dmean2": 0.762812197208, "dvar": 0.47477927804, "dvar2": 1.0178476572, "max": 10.5373687744, "mean": 2.08677148819, "median": 1.87069952488, "min": -1.90187859535, "var": 1.39177048206}, "barkbands_spread": {"dmean": 4.29586076736, "dmean2": 6.46689128876, "dvar": 31.9532699585, "dvar2": 68.2710494995, "max": 99.6659851074, "mean": 18.135591507, "median": 16.213514328, "min": 0.705362319946, "var": 116.666282654}, "dissonance": {"dmean": 0.0143001591787, "dmean2": 0.0240248348564, "dvar": 0.000179711147211, "dvar2": 0.000487858458655, "max": 0.500000059605, "mean": 0.467646002769, "median": 0.47203668952, "min": 0.346509456635, "var": 0.000424398691393}, "dynamic_complexity": 3.14538359642, "erbbands_crest": {"dmean": 1.95089948177, "dmean2": 3.13870716095, "dvar": 3.67882347107, "dvar2": 9.70254325867, "max": 27.2155303955, "mean": 7.73906803131, "median": 7.08022117615, "min": 2.41092228889, "var": 9.95225906372}, "erbbands_flatness_db": {"dmean": 0.0159920547158, "dmean2": 0.0221399683505, "dvar": 0.000401467172196, "dvar2": 0.000749721541069, "max": 0.32789632678, "mean": 0.150413870811, "median": 0.13926564157, "min": 0.0296898353845, "var": 0.0030822341796}, "erbbands_kurtosis": {"dmean": 0.482457369566, "dmean2": 0.782376348972, "dvar": 0.982816398144, "dvar2": 2.83208537102, "max": 27.6491012573, "mean": -0.411452710629, "median": -0.779096126556, "min": -1.84336864948, "var": 2.5297191143}, "erbbands_skewness": {"dmean": 0.260474562645, "dmean2": 0.413125663996, "dvar": 0.0611175075173, "dvar2": 0.152840510011, "max": 4.61997556686, "mean": 0.130229100585, "median": 0.0745032355189, "min": -2.52116203308, "var": 0.401611208916}, "erbbands_spread": {"dmean": 6.55491828918, "dmean2": 9.93687343597, "dvar": 51.4581642151, "dvar2": 111.813346863, "max": 117.888206482, "mean": 44.6684036255, "median": 43.003742218, "min": 4.90855741501, "var": 239.037567139}, "hfc": {"dmean": 7.37841415405, "dmean2": 11.3989343643, "dvar": 253.457305908, "dvar2": 653.897521973, "max": 148.148635864, "mean": 18.14868927, "median": 13.886724472, "min": 1.26317414619e-16, "var": 305.30355835}, "melbands_crest": {"dmean": 2.38888382912, "dmean2": 3.78342318535, "dvar": 7.56424951553, "dvar2": 16.9831161499, "max": 30.6223602295, "mean": 12.3408937454, "median": 11.3672037125, "min": 3.03124451637, "var": 17.4500961304}, "melbands_flatness_db": {"dmean": 0.0246650148183, "dmean2": 0.0357993021607, "dvar": 0.000869464478455, "dvar2": 0.00174978573341, "max": 0.596220731735, "mean": 0.242333218455, "median": 0.234301567078, "min": 0.00613895058632, "var": 0.00621624942869}, "melbands_kurtosis": {"dmean": 8.50641536713, "dmean2": 13.1420764923, "dvar": 319.70690918, "dvar2": 730.358520508, "max": 297.367736816, "mean": 19.3684692383, "median": 12.1717767715, "min": -1.41507482529, "var": 559.652099609}, "melbands_skewness": {"dmean": 0.648186504841, "dmean2": 0.985317707062, "dvar": 0.802532911301, "dvar2": 1.61865949631, "max": 14.0486984253, "mean": 3.35802268982, "median": 3.05729937553, "min": -0.429204374552, "var": 2.38611984253}, "melbands_spread": {"dmean": 3.92899990082, "dmean2": 6.04951143265, "dvar": 25.2109527588, "dvar2": 50.1949234009, "max": 160.364974976, "mean": 15.8279438019, "median": 13.9150857925, "min": 0.653773844242, "var": 126.62412262}, "pitch_salience": {"dmean": 0.0634638145566, "dmean2": 0.100000955164, "dvar": 0.00471334764734, "dvar2": 0.0109883723781, "max": 0.935938775539, "mean": 0.593003630638, "median": 0.609666407108, "min": 0.134386196733, "var": 0.0123793529347}, "silence_rate_20dB": {"dmean": 0, "dmean2": 0, "dvar": 0, "dvar2": 0, "max": 1, "mean": 1, "median": 1, "min": 1, "var": 0}, "silence_rate_30dB": {"dmean": 0.0652173906565, "dmean2": 0.130455330014, "dvar": 0.0609613507986, "dvar2": 0.132978320122, "max": 1, "mean": 0.940620541573, "median": 1, "min": 0, "var": 0.0558562427759}, "silence_rate_60dB": {"dmean": 0.00252047879621, "dmean2": 0.00504175201058, "dvar": 0.00251408526674, "dvar2": 0.00564665487036, "max": 1, "mean": 0.060324460268, "median": 0, "min": 0, "var": 0.0566786117852}, "spectral_centroid": {"dmean": 170.467178345, "dmean2": 267.362548828, "dvar": 47928.0507812, "dvar2": 88788.15625, "max": 10584.6123047, "mean": 1044.1685791, "median": 962.771728516, "min": 142.295013428, "var": 254179.03125}, "spectral_complexity": {"dmean": 3.26937627792, "dmean2": 4.8955411911, "dvar": 18.9480400085, "dvar2": 36.4065246582, "max": 56, "mean": 18.2779960632, "median": 18, "min": 0, "var": 85.3909454346}, "spectral_decrease": {"dmean": 4.31185931404e-09, "dmean2": 6.9755321519e-09, "dvar": 8.39128607844e-17, "dvar2": 1.88687243087e-16, "max": 3.78434912291e-29, "mean": -9.6842205366e-09, "median": -7.31439664392e-09, "min": -7.69680781332e-08, "var": 9.85169661096e-17}, "spectral_energy": {"dmean": 0.0168222263455, "dmean2": 0.0271823406219, "dvar": 0.00124576175585, "dvar2": 0.00280845351517, "max": 0.295707404613, "mean": 0.038196567446, "median": 0.0289920270443, "min": 1.13145237697e-20, "var": 0.00146826170385}, "spectral_energyband_high": {"dmean": 0.000418311392423, "dmean2": 0.000630269933026, "dvar": 1.10693474653e-06, "dvar2": 2.80220137938e-06, "max": 0.00947861094028, "mean": 0.000653182738461, "median": 0.000192933235667, "min": 8.10593541008e-21, "var": 1.42189765029e-06}, "spectral_energyband_low": {"dmean": 0.0120190884918, "dmean2": 0.0191048290581, "dvar": 0.00104171677958, "dvar2": 0.00233967718668, "max": 0.25776809454, "mean": 0.0194617696106, "median": 0.0107372999191, "min": 1.67589157424e-22, "var": 0.00110870192293}, "spectral_energyband_middle_high": {"dmean": 0.00147084554192, "dmean2": 0.00234521413222, "dvar": 8.36000890558e-06, "dvar2": 2.21955979214e-05, "max": 0.0354039110243, "mean": 0.00416242703795, "median": 0.00352002331056, "min": 1.67708011625e-21, "var": 1.31379656523e-05}, "spectral_energyband_middle_low": {"dmean": 0.00582546135411, "dmean2": 0.0101308710873, "dvar": 0.000159095128765, "dvar2": 0.000441364303697, "max": 0.147671192884, "mean": 0.0162827093154, "median": 0.0146165583283, "min": 2.94657319559e-22, "var": 0.000171424268046}, "spectral_entropy": {"dmean": 0.149331256747, "dmean2": 0.212094143033, "dvar": 0.0332819931209, "dvar2": 0.0654066056013, "max": 9.79298591614, "mean": 7.31299114227, "median": 7.35356044769, "min": 5.0113196373, "var": 0.258761644363}, "spectral_flux": {"dmean": 0.0349878184497, "dmean2": 0.0541868805885, "dvar": 0.00318313390017, "dvar2": 0.00642098719254, "max": 0.464119404554, "mean": 0.0799389332533, "median": 0.0537327826023, "min": 1.06369753283e-10, "var": 0.00559983821586}, "spectral_kurtosis": {"dmean": 2.25649499893, "dmean2": 3.7816491127, "dvar": 11.0825862885, "dvar2": 32.3831710815, "max": 67.9206695557, "mean": 6.4038066864, "median": 4.76427030563, "min": -1.20153474808, "var": 31.6074390411}, "spectral_rms": {"dmean": 0.00102304737084, "dmean2": 0.00160533504095, "dvar": 3.18511979458e-06, "dvar2": 6.66322375764e-06, "max": 0.0169851407409, "mean": 0.00554986577481, "median": 0.00531835528091, "min": 3.32243282365e-12, "var": 6.46396529191e-06}, "spectral_rolloff": {"dmean": 324.542419434, "dmean2": 527.943725586, "dvar": 419430.1875, "dvar2": 854357.25, "max": 19659.8144531, "mean": 961.245178223, "median": 624.462890625, "min": 86.1328125, "var": 1353216.75}, "spectral_skewness": {"dmean": 0.247308045626, "dmean2": 0.407860308886, "dvar": 0.082857914269, "dvar2": 0.238060221076, "max": 6.71785831451, "mean": 1.73124027252, "median": 1.63683521748, "min": 0.0319502428174, "var": 0.348085671663}, "spectral_spread": {"dmean": 525433.25, "dmean2": 721410.75, "dvar": 746884169728, "dvar2": 1155819634690.0, "max": 40584048, "mean": 4194032.5, "median": 4082231.75, "min": 1275400.75, "var": 2850796601340.0}, "spectral_strongpeak": {"dmean": 0.275165975094, "dmean2": 0.477222412825, "dvar": 0.195602029562, "dvar2": 0.501741349697, "max": 5.88744544983, "mean": 0.536164700985, "median": 0.32060354948, "min": 0, "var": 0.336296498775}, "zerocrossingrate": {"dmean": 0.00866868440062, "dmean2": 0.00992325693369, "dvar": 0.000134200483444, "dvar2": 0.00015718229406, "max": 0.51318359375, "mean": 0.0469523668289, "median": 0.0390625, "min": 0.00244140625, "var": 0.00110866338946}, "barkbands": {"dmean": [0.000180310104042, 0.0103885242715, 0.00314104207791, 0.00176325382199, 0.00318825640716, 0.00130900018848, 0.000633341725916, 0.000341389008099, 0.000249914388405, 0.000349323847331, 0.000223300638027, 0.000171128500369, 0.000180967079359, 0.000254307757132, 0.000417558359914, 0.000234839666518, 0.000228246804909, 0.000135029113153, 0.000173214546521, 0.000163884993526, 0.000109192020318, 8.56142505654e-05, 3.39090911439e-05, 3.52207025571e-05, 4.27947015851e-05, 4.77906360175e-05, 2.4361499527e-05], "dmean2": [0.000279512372799, 0.0169399809092, 0.00577315595001, 0.00310389325023, 0.0056266952306, 0.00230869301595, 0.000923580664676, 0.000520975911058, 0.000427415012382, 0.000512844126206, 0.000367417465895, 0.000256614177488, 0.000307875132421, 0.00042481085984, 0.000666113162879, 0.000391360372305, 0.000366891938029, 0.000221777503612, 0.000291487696813, 0.000280319480225, 0.000181422074093, 0.000143598183058, 5.05479983985e-05, 5.2346753364e-05, 6.23502928647e-05, 7.25563513697e-05, 3.78261283913e-05], "dvar": [2.34356207329e-07, 0.000832579738926, 0.000105458006146, 2.02168121177e-05, 5.9291767684e-05, 1.02843496279e-05, 9.48896797581e-07, 5.78060451062e-07, 5.89525768646e-07, 3.09639887064e-07, 2.83014827573e-07, 9.10695234779e-08, 2.50722337114e-07, 6.32407079593e-07, 3.79325854283e-07, 2.19061050188e-07, 1.06895363672e-07, 4.51923440892e-08, 1.68384161725e-07, 2.02103393576e-07, 9.70723164073e-08, 7.2419950925e-08, 6.62928112405e-09, 6.82020662168e-09, 1.075247269e-08, 1.60857123177e-08, 5.4253490589e-09], "dvar2": [5.14952944286e-07, 0.00203787419014, 0.000308212183882, 5.76843049203e-05, 0.000166969679412, 3.09915049002e-05, 2.1597520572e-06, 1.22074879982e-06, 1.60346621669e-06, 7.00043187862e-07, 7.589429174e-07, 1.92870359683e-07, 6.96261110988e-07, 1.78553216301e-06, 9.90273974821e-07, 5.79561060476e-07, 2.67282644018e-07, 1.18876130273e-07, 4.59512932593e-07, 5.57923215183e-07, 2.58310592471e-07, 2.00101425207e-07, 1.49901495661e-08, 1.5424094002e-08, 2.4602011095e-08, 3.80481708362e-08, 1.27042794063e-08], "max": [0.00502482661977, 0.220895379782, 0.138120651245, 0.0520215556026, 0.105656549335, 0.0453871637583, 0.0175380054861, 0.0279805231839, 0.0109777133912, 0.00973084755242, 0.00791661534458, 0.00635855272412, 0.00614863401279, 0.0113195488229, 0.00821959786117, 0.00729159731418, 0.00503866560757, 0.00218814797699, 0.00527146691456, 0.00483107799664, 0.00438420614228, 0.00274614663795, 0.0011490448378, 0.000803419505246, 0.00115346582606, 0.00105817813892, 0.00082095048856], "mean": [0.000199643793167, 0.0120308483019, 0.00501338904724, 0.0034760243725, 0.00732175819576, 0.00258471886627, 0.00161057675723, 0.000648680725135, 0.000329883303493, 0.000747525249608, 0.000354696589056, 0.000433997513028, 0.000253239035374, 0.000382753962185, 0.00075625180034, 0.000382520927815, 0.000414811685914, 0.000235953557421, 0.000248814496445, 0.000227770899073, 0.000160198527738, 0.000127799095935, 6.18137783022e-05, 5.69537151023e-05, 6.14778255112e-05, 5.19285968039e-05, 2.26080028369e-05], "median": [4.1195704398e-05, 0.0044925310649, 0.00389360194094, 0.00278540654108, 0.00618788553402, 0.00183935859241, 0.000958761316724, 0.000200259091798, 0.000153331551701, 0.000343932188116, 0.000123101606732, 0.000168552709511, 0.00010324602772, 0.000165759920492, 0.000459397822851, 0.000200247712201, 0.000265934009803, 0.000157540620421, 0.000121482582472, 8.01824644441e-05, 5.0830465625e-05, 3.04250770569e-05, 1.35114350996e-05, 1.33955254569e-05, 1.17496856546e-05, 6.73171962262e-06, 1.49225934365e-06], "min": [9.8833621802e-24, 8.10656564052e-23, 7.39720171971e-23, 8.59845528258e-24, 6.52603485417e-23, 4.67206752313e-23, 8.46965370274e-23, 2.82714274687e-23, 4.26321543099e-23, 9.52838518581e-23, 8.70375164735e-23, 9.59272341906e-23, 8.78087763142e-23, 4.61459774401e-23, 2.36131842596e-22, 2.36405230231e-22, 1.52212213654e-22, 2.15585133593e-22, 2.5757073435e-22, 4.64754638142e-22, 3.94328847326e-22, 4.13926550349e-22, 6.50466328696e-22, 7.11612161772e-22, 1.14185508194e-21, 2.36511172358e-21, 2.52470325768e-21], "var": [2.51642916282e-07, 0.000764786323998, 6.48562927381e-05, 1.65595247381e-05, 5.41475637874e-05, 1.10409364424e-05, 3.66216431757e-06, 2.64663503913e-06, 5.0294158882e-07, 9.98943050945e-07, 4.95977872106e-07, 4.31003513768e-07, 2.23209497108e-07, 5.43212536286e-07, 7.86481962223e-07, 3.2242803627e-07, 2.20507672566e-07, 6.63580266291e-08, 1.65497027638e-07, 1.98750626623e-07, 1.02556846571e-07, 7.86196565628e-08, 1.40174742924e-08, 1.14746905311e-08, 1.43109604167e-08, 1.62869930875e-08, 5.1815969293e-09]}, "erbbands": {"dmean": [0.288920968771, 2.40267682076, 3.67800831795, 4.98288249969, 7.84314680099, 12.7889089584, 8.2522277832, 11.1398963928, 11.2037000656, 8.85975265503, 6.74411296844, 6.27681970596, 8.60922622681, 10.2015266418, 7.97959947586, 8.68040943146, 8.21698093414, 14.6990995407, 12.62504673, 26.4661140442, 11.0636358261, 10.0545091629, 6.88726043701, 7.93624544144, 9.65606880188, 7.7795343399, 5.40083122253, 3.71804332733, 3.39497685432, 1.43300020695, 1.05123019218, 0.773831248283, 0.609956741333, 0.395909249783, 0.338571041822, 0.157289609313, 0.0941575467587, 0.0369230993092, 0.00445461831987, 0.000119102900499], "dmean2": [0.487789392471, 3.88810801506, 6.46830558777, 8.7981710434, 13.8223571777, 22.8168811798, 14.1849889755, 19.9990196228, 17.5816287994, 12.6332950592, 10.6769866943, 10.6385164261, 13.0515069962, 15.3362874985, 13.0119190216, 12.9982223511, 13.8738355637, 24.7403526306, 20.4325351715, 43.1233253479, 18.0355892181, 16.1426925659, 11.2108488083, 13.0968580246, 16.5175628662, 13.1715154648, 9.06501674652, 6.14498281479, 5.79120779037, 2.24617290497, 1.5866651535, 1.15323412418, 0.906930446625, 0.581936061382, 0.500305593014, 0.23667897284, 0.143622219563, 0.0571668148041, 0.00693395128474, 0.000183726588148], "dvar": [0.670112609863, 44.7657814026, 136.27911377, 194.084106445, 239.380645752, 1210.91455078, 531.714599609, 814.771179199, 417.838500977, 365.97479248, 250.65145874, 347.835327148, 251.803070068, 317.539916992, 425.50112915, 241.476608276, 547.806762695, 2090.47143555, 513.071411133, 1854.00109863, 330.361419678, 226.595352173, 120.575035095, 210.656478882, 716.336547852, 396.008728027, 277.295776367, 106.843070984, 116.33177948, 16.785369873, 6.65190553665, 3.49806070328, 1.99911558628, 0.84426176548, 0.710802257061, 0.163078412414, 0.0653378590941, 0.0106041897088, 0.00019247236196, 1.11479444342e-07], "dvar2": [1.76580131054, 108.213493347, 380.780670166, 552.803039551, 681.62878418, 3428.48803711, 1543.92028809, 2453.74560547, 1145.34790039, 724.220397949, 624.675415039, 937.515075684, 599.261474609, 707.541015625, 1146.31713867, 508.886077881, 1525.99182129, 5900.015625, 1365.99462891, 4800.83984375, 861.050354004, 561.663452148, 315.007415771, 553.900939941, 2000.53442383, 1075.78515625, 761.669677734, 280.734222412, 325.030853271, 43.2730560303, 14.845831871, 8.20467376709, 4.52338600159, 1.86848521233, 1.64707565308, 0.387742161751, 0.156024008989, 0.0246627572924, 0.000448181701358, 2.63273108203e-07], "max": [6.09337568283, 52.0175247192, 137.139328003, 161.852844238, 173.080123901, 544.594360352, 369.870147705, 483.92489624, 334.50491333, 514.452392578, 281.05581665, 233.985931396, 269.816009521, 362.404571533, 371.847351074, 321.635620117, 284.338317871, 643.75769043, 304.218780518, 566.56262207, 244.755447388, 227.422683716, 110.943618774, 161.617156982, 329.479125977, 220.709411621, 233.438018799, 117.453292847, 112.146591187, 58.6027107239, 45.1159858704, 21.876789093, 12.9367446899, 8.96403217316, 9.67868232727, 3.9791841507, 2.42099833488, 1.04221618176, 0.152995556593, 0.00353751447983], "mean": [0.299288511276, 2.85208511353, 5.61060714722, 10.6570901871, 18.4397659302, 24.7666950226, 19.2222633362, 19.1323814392, 26.930847168, 21.0215682983, 11.6924295425, 9.03922843933, 17.3212947845, 20.4336566925, 14.5718297958, 22.5288105011, 13.0322828293, 22.5774040222, 21.6136798859, 45.5431900024, 21.2653102875, 19.3561325073, 13.3643226624, 12.9728574753, 13.0811443329, 11.312707901, 7.88877248764, 5.38264942169, 4.91384649277, 2.57037782669, 1.87513208389, 1.27627027035, 0.932644784451, 0.618608057499, 0.451974630356, 0.189642161131, 0.101362794638, 0.0354311168194, 0.00412979628891, 0.000140039759572], "median": [0.103022135794, 1.09738516808, 3.73176264763, 9.46415901184, 17.0636558533, 17.9356327057, 13.0571479797, 11.6662073135, 15.5216817856, 6.79031038284, 4.66306304932, 4.72056627274, 7.94631671906, 8.89051055908, 7.20335769653, 8.92983531952, 6.91391468048, 10.1560325623, 13.333445549, 24.1698188782, 14.5625753403, 12.2566137314, 9.64215564728, 7.97549915314, 5.61236333847, 4.15775632858, 2.65414452553, 1.59504878521, 1.12763738632, 0.670223116875, 0.400025606155, 0.328788131475, 0.193425625563, 0.135637491941, 0.074484243989, 0.0305488929152, 0.0122489882633, 0.00308040739037, 0.00026812183205, 4.43841345259e-05], "min": [2.27278031303e-21, 1.95239973125e-20, 7.96465328457e-20, 4.95805467569e-20, 5.73240300402e-20, 3.39677530943e-19, 2.82736614773e-19, 4.27415234348e-19, 5.10214462701e-19, 1.58132986241e-18, 6.92242484131e-19, 7.55439186328e-19, 2.10661684835e-18, 4.38035809483e-18, 2.83035066708e-18, 4.5095769414e-18, 4.20835581262e-18, 2.78448763802e-18, 7.43068751966e-18, 1.33177153956e-17, 1.27163550903e-17, 9.81865041462e-18, 1.07759415744e-17, 1.2099835873e-17, 1.66185630864e-17, 2.19714705146e-17, 1.65318563602e-17, 1.41752915869e-17, 1.44182874724e-17, 1.94837033156e-17, 1.79216802623e-17, 1.35681327455e-17, 1.33063019575e-17, 9.39056045938e-18, 9.75508737481e-18, 7.20169497478e-18, 4.80782849179e-18, 1.52705347594e-18, 3.29557260492e-19, 3.84770364383e-20], "var": [0.537724256516, 41.8794403076, 94.7853088379, 150.998031616, 226.792434692, 1003.37030029, 605.233764648, 812.72869873, 1037.73999023, 1786.32495117, 505.302459717, 305.167694092, 631.988342285, 973.353149414, 694.467102051, 1133.54296875, 481.112579346, 1814.03210449, 779.340270996, 3691.02905273, 529.931213379, 500.735076904, 182.689865112, 270.241394043, 621.87677002, 430.47177124, 268.286468506, 114.343467712, 125.968505859, 24.6798629761, 13.9440631866, 5.57227087021, 3.22888851166, 1.33141827583, 0.874805092812, 0.176367044449, 0.0653404146433, 0.0102861579508, 0.000184556804015, 1.0667146455e-07]}, "gfcc": {"mean": [-10.1025238037, 113.415290833, -104.472824097, 36.0735015869, -32.4930648804, 1.21374440193, -35.959728241, -0.0457397736609, -23.393196106, 0.161760047078, -16.5168266296, 0.371370226145, -6.80465126038], "cov": [[15842.2529297, -2334.46508789, 253.74546814, 479.432312012, -345.783447266, 389.69241333, -596.476989746, 363.156677246, -368.950775146, 413.126861572, -369.782806396, 288.268066406, -197.421005249], [-2334.46508789, 2483.875, -729.084655762, -9.22009658813, 529.982727051, -446.128662109, 303.594177246, -190.079879761, 241.34375, -254.007537842, 246.822463989, -158.375183105, 171.801498413], [253.74546814, -729.084655762, 1133.75415039, 97.4687728882, 49.7881088257, 272.482879639, -93.137298584, 104.590423584, -143.838607788, 82.7789382935, -135.908538818, 100.156257629, -79.9974975586], [479.432312012, -9.22009658813, 97.4687728882, 250.3881073, 49.8027381897, 45.1513900757, -1.90012013912, 0.296846181154, 4.53856277466, -17.5243339539, -5.70408916473, 4.36567306519, 14.607421875], [-345.783447266, 529.982727051, 49.7881088257, 49.8027381897, 420.203948975, -70.8333435059, 46.8867912292, 4.5682721138, 61.7562179565, -67.1613388062, 44.1019821167, -3.88453578949, 27.4359149933], [389.69241333, -446.128662109, 272.482879639, 45.1513900757, -70.8333435059, 232.473266602, -19.8581790924, 50.4910202026, -75.5080413818, 58.9742622375, -53.0481758118, 40.5955467224, -35.0684432983], [-596.476989746, 303.594177246, -93.137298584, -1.90012013912, 46.8867912292, -19.8581790924, 159.818954468, -16.1348018646, 38.35105896, -23.1886119843, 36.9864082336, -40.4168968201, 20.2883739471], [363.156677246, -190.079879761, 104.590423584, 0.296846181154, 4.5682721138, 50.4910202026, -16.1348018646, 99.9097518921, -1.29556250572, 24.1961460114, -30.458234787, 21.9438018799, -24.3740062714], [-368.950775146, 241.34375, -143.838607788, 4.53856277466, 61.7562179565, -75.5080413818, 38.35105896, -1.29556250572, 114.943222046, -17.5955142975, 36.4630584717, -34.2872238159, 18.3857460022], [413.126861572, -254.007537842, 82.7789382935, -17.5243339539, -67.1613388062, 58.9742622375, -23.1886119843, 24.1961460114, -17.5955142975, 94.7919998169, -19.0642738342, 8.625, -32.3762931824], [-369.782806396, 246.822463989, -135.908538818, -5.70408916473, 44.1019821167, -53.0481758118, 36.9864082336, -30.458234787, 36.4630584717, -19.0642738342, 83.9752960205, 4.03354072571, 27.991765976], [288.268066406, -158.375183105, 100.156257629, 4.36567306519, -3.88453578949, 40.5955467224, -40.4168968201, 21.9438018799, -34.2872238159, 8.625, 4.03354072571, 77.4347457886, 14.1241073608], [-197.421005249, 171.801498413, -79.9974975586, 14.607421875, 27.4359149933, -35.0684432983, 20.2883739471, -24.3740062714, 18.3857460022, -32.3762931824, 27.991765976, 14.1241073608, 69.2829055786]], "icov": [[0.000122716621263, -1.93430951185e-05, 0.000207582503208, -0.000360119214747, -6.46226326353e-05, 0.00012457347475, 0.000186700970517, -0.00027246249374, 0.000328303663991, -0.000566976668779, 0.000530993915163, -0.000491352460813, 0.000184936958249], [-1.93430951185e-05, 0.00161803455558, 5.14243656653e-05, 0.000227388198255, -0.00126297597308, 0.00102978385985, -0.00117477716412, 0.000677352771163, 6.69997825753e-05, 0.00133103947155, -0.00200324272737, 0.0021487607155, -0.00147672835737], [0.000207582503208, 5.14243656653e-05, 0.00213616224937, -0.000999599928036, -0.000973052170593, -0.000698150019161, 5.37429805263e-05, -0.000275830068858, 0.00112237676512, -0.00144764618017, 0.00292744627222, -0.00271062995307, 0.00145593436901], [-0.000360119214747, 0.000227388198255, -0.000999599928036, 0.0057843378745, -0.000356388394721, -0.00194454274606, 2.31426583923e-05, 0.00129792105872, -0.00195677601732, 0.00299885845743, -0.00192163174506, 0.00272195111029, -0.00221490836702], [-6.46226326353e-05, -0.00126297597308, -0.000973052170593, -0.000356388394721, 0.00445209722966, 1.03508637039e-05, 0.000350338203134, -0.00123944168445, -0.00148145062849, 0.0013487158576, -0.000452872103779, -0.00129006057978, 0.00107222388033], [0.00012457347475, 0.00102978385985, -0.000698150019161, -0.00194454274606, 1.03508637039e-05, 0.00979286339134, -0.00279571511783, -0.00173237361014, 0.00353386369534, -0.00276581710204, 0.000850006123073, -0.00167936540674, 0.000335845863447], [0.000186700970517, -0.00117477716412, 5.37429805263e-05, 2.31426583923e-05, 0.000350338203134, -0.00279571511783, 0.0106689846143, -0.0022865193896, 0.000277328363154, -0.000598340353463, -0.00287537928671, 0.00528055429459, -0.00224817218259], [-0.00027246249374, 0.000677352771163, -0.000275830068858, 0.00129792105872, -0.00123944168445, -0.00173237361014, -0.0022865193896, 0.0168345291167, -0.00623902725056, 0.000757294590585, 0.00479885190725, -0.00635694945231, 0.00452447356656], [0.000328303663991, 6.69997825753e-05, 0.00112237676512, -0.00195677601732, -0.00148145062849, 0.00353386369534, 0.000277328363154, -0.00623902725056, 0.0171825028956, -0.00349496700801, -0.00388806802221, 0.00636915769428, -0.00334342801943], [-0.000566976668779, 0.00133103947155, -0.00144764618017, 0.00299885845743, 0.0013487158576, -0.00276581710204, -0.000598340353463, 0.000757294590585, -0.00349496700801, 0.0196441542357, -0.0056423842907, 0.00354712549597, 0.00295141967945], [0.000530993915163, -0.00200324272737, 0.00292744627222, -0.00192163174506, -0.000452872103779, 0.000850006123073, -0.00287537928671, 0.00479885190725, -0.00388806802221, -0.0056423842907, 0.0285121034831, -0.0163174364716, 0.00360775808804], [-0.000491352460813, 0.0021487607155, -0.00271062995307, 0.00272195111029, -0.00129006057978, -0.00167936540674, 0.00528055429459, -0.00635694945231, 0.00636915769428, 0.00354712549597, -0.0163174364716, 0.0338560417295, -0.0148959727958], [0.000184936958249, -0.00147672835737, 0.00145593436901, -0.00221490836702, 0.00107222388033, 0.000335845863447, -0.00224817218259, 0.00452447356656, -0.00334342801943, 0.00295141967945, 0.00360775808804, -0.0148959727958, 0.0266115199775]]}, "melbands": {"dmean": [0.00282365619205, 0.00222054403275, 0.000876138859894, 0.000793876999523, 0.000325797911501, 0.000255954277236, 0.000161770236446, 8.99399601622e-05, 5.1830571465e-05, 3.8865247916e-05, 4.29004103353e-05, 4.29348037869e-05, 3.20432154695e-05, 2.02755272767e-05, 1.93546075025e-05, 1.95175598492e-05, 2.83681656583e-05, 1.84507389349e-05, 2.68041167146e-05, 3.06659094349e-05, 1.25242568174e-05, 1.25950400616e-05, 8.37783500174e-06, 7.05237880538e-06, 6.52423977954e-06, 7.4801196206e-06, 6.14461851001e-06, 5.18077149536e-06, 3.52515621671e-06, 3.20704361911e-06, 1.99138708012e-06, 2.09120730688e-06, 1.53012365445e-06, 5.94820335209e-07, 6.81604205965e-07, 5.28002829014e-07, 4.75187789561e-07, 4.46352373729e-07, 4.17546232256e-07, 3.12753002163e-07], "dmean2": [0.00466176727787, 0.00360296829604, 0.00155280157924, 0.00140454678331, 0.000569574418478, 0.000452831300208, 0.000251442426816, 0.000129026040668, 8.33615777083e-05, 6.59726283629e-05, 6.50354195386e-05, 6.40256112092e-05, 5.26871299371e-05, 3.07566479023e-05, 3.0877890822e-05, 3.30753646267e-05, 4.76117857033e-05, 3.00049705402e-05, 4.316669947e-05, 5.0463808293e-05, 2.03842701012e-05, 2.0233415853e-05, 1.3623547602e-05, 1.15775592349e-05, 1.07972309706e-05, 1.28582796606e-05, 1.0544565157e-05, 8.8298920673e-06, 5.97343796471e-06, 5.40150267625e-06, 3.3366286516e-06, 3.65306345884e-06, 2.52707422987e-06, 9.2588464895e-07, 1.06433856217e-06, 7.94167988261e-07, 7.20042805824e-07, 6.77419620843e-07, 6.31528564554e-07, 4.70755907145e-07], "dvar": [6.24001258984e-05, 4.0797280235e-05, 5.44299791727e-06, 3.50520826942e-06, 8.61559840359e-07, 3.99335760903e-07, 8.06213051874e-08, 3.95945427556e-08, 1.65986282497e-08, 1.38919880044e-08, 6.02331295951e-09, 5.93635629542e-09, 6.24063067889e-09, 1.39194455961e-09, 1.77829839743e-09, 3.17433745955e-09, 7.66088348314e-09, 1.15586851201e-09, 1.70610159334e-09, 2.60839527755e-09, 4.01350896961e-10, 3.99643429461e-10, 1.9248588834e-10, 1.29159585804e-10, 1.4394727077e-10, 3.86716603185e-10, 3.18387538556e-10, 1.69582292653e-10, 1.08351591588e-10, 9.15086062481e-11, 3.1786701743e-11, 5.03714570055e-11, 2.74291023922e-11, 2.2283574725e-12, 2.84297932418e-12, 1.70685254125e-12, 1.39151049624e-12, 1.037699115e-12, 9.97318221931e-13, 5.22625291568e-13], "dvar2": [0.000157726419275, 0.000100780991488, 1.5527692085e-05, 9.83539393928e-06, 2.49812501352e-06, 1.20247318591e-06, 2.20033200549e-07, 7.82950877465e-08, 4.25828758921e-08, 3.7456317159e-08, 1.43117091511e-08, 1.30320634284e-08, 1.67702580711e-08, 3.15031334353e-09, 4.74047512355e-09, 8.80407124981e-09, 2.16744844295e-08, 3.09920800134e-09, 4.39749348047e-09, 6.75730449373e-09, 1.04422381852e-09, 9.8902686041e-10, 4.82722029016e-10, 3.36288774605e-10, 3.73875319593e-10, 1.06909503472e-09, 8.89202211862e-10, 4.61820581776e-10, 2.968022772e-10, 2.48146919679e-10, 8.54391418725e-11, 1.42183737006e-10, 7.67399338519e-11, 5.34093602678e-12, 6.61153510412e-12, 3.97101969363e-12, 3.32492822337e-12, 2.3756708406e-12, 2.30257674906e-12, 1.17849003126e-12], "max": [0.0607407651842, 0.0617950968444, 0.0281235985458, 0.0258254352957, 0.0142381507903, 0.0103985993192, 0.00466686766595, 0.00648530293256, 0.00218709325418, 0.00153697305359, 0.00132793514058, 0.00160525913816, 0.00119238451589, 0.000714765104931, 0.000536604609806, 0.000703729863744, 0.00125478045084, 0.000436058442574, 0.00053398788441, 0.000668967317324, 0.000294845638564, 0.000319968588883, 0.000285635120235, 0.000177104782779, 0.00014776174794, 0.000230596837355, 0.000215069856495, 0.000133347872179, 0.000134593457915, 0.000143239289173, 6.47332781227e-05, 8.28386182548e-05, 7.28215309209e-05, 2.62294688582e-05, 3.14341123158e-05, 1.9180788513e-05, 1.33549419843e-05, 1.18200105135e-05, 9.16054250411e-06, 7.30485726308e-06], "mean": [0.00311881443486, 0.00336377788335, 0.00194691342767, 0.00172560755163, 0.000723559642211, 0.000464842334623, 0.000398549367674, 0.00020622080774, 8.36260587675e-05, 5.43253336218e-05, 8.56767655932e-05, 8.3220693341e-05, 5.23715534655e-05, 5.02520670125e-05, 3.94007111026e-05, 2.85578062176e-05, 4.23660603701e-05, 2.9169697882e-05, 4.80251219415e-05, 5.17281441716e-05, 2.12644845305e-05, 2.23748411372e-05, 1.45012436406e-05, 1.20203949336e-05, 9.89091586234e-06, 9.51125093707e-06, 8.22160109237e-06, 7.27980705051e-06, 5.01905697092e-06, 4.29208375863e-06, 2.71765793514e-06, 2.77970934803e-06, 2.37342419496e-06, 1.06894958662e-06, 1.15657439892e-06, 8.5232835545e-07, 7.47246190258e-07, 6.57183932162e-07, 6.23643813924e-07, 4.74383313076e-07], "median": [0.00114106899127, 0.00188819307368, 0.00175077677704, 0.00139535428025, 0.000537924293894, 0.000291620090138, 0.000238173699472, 6.11325303908e-05, 3.32250601787e-05, 2.70582204394e-05, 3.9343653043e-05, 3.19452592521e-05, 1.90459741134e-05, 2.06591848837e-05, 2.06884596992e-05, 1.02856729427e-05, 1.82906278496e-05, 1.62980213645e-05, 2.8677899536e-05, 2.72208853858e-05, 1.26771938085e-05, 1.26265895233e-05, 8.44722853799e-06, 7.49135142541e-06, 5.35197477802e-06, 3.94801463699e-06, 3.08921562464e-06, 2.5903009373e-06, 1.74298759248e-06, 1.15899763387e-06, 7.48686602492e-07, 6.16531110609e-07, 5.58443673526e-07, 2.69747829407e-07, 2.21752316065e-07, 2.12841257508e-07, 1.80486338763e-07, 1.32210331572e-07, 1.2840801844e-07, 1.06087846063e-07], "min": [2.25492844754e-23, 3.63972280624e-23, 8.73025027402e-24, 1.45026255631e-23, 1.21477676871e-23, 9.76965103615e-24, 1.05024475968e-23, 1.47098656338e-23, 5.15890301225e-24, 5.49373186803e-24, 1.06516519596e-23, 1.77558200942e-23, 9.58820277276e-24, 1.1629307001e-23, 9.20415057422e-24, 8.33195519183e-24, 4.4273800675e-24, 9.90749737959e-24, 1.87200384678e-23, 1.53335658868e-23, 1.55140414847e-23, 1.00220936256e-23, 7.00425890099e-24, 1.24127886637e-23, 9.21777893522e-24, 1.13004237898e-23, 1.27226705822e-23, 1.61241291538e-23, 9.28084520915e-24, 1.16387749095e-23, 6.63378063205e-24, 8.43046498623e-24, 7.53778209727e-24, 1.23217478043e-23, 1.10802542889e-23, 8.1197642301e-24, 7.89888554322e-24, 9.26895470872e-24, 8.8199768911e-24, 7.62434774871e-24], "var": [5.42615853192e-05, 3.71170754079e-05, 4.22648281528e-06, 3.24231950799e-06, 7.97404482e-07, 4.28042824296e-07, 2.12031068259e-07, 2.02695119356e-07, 2.73182312327e-08, 1.21375531847e-08, 1.54081529757e-08, 1.85351947124e-08, 1.08442863578e-08, 5.49579226572e-09, 2.79161360695e-09, 3.08176106856e-09, 6.57634480206e-09, 1.67186142708e-09, 3.39981554021e-09, 4.70286876109e-09, 6.67279176358e-10, 8.70094052363e-10, 3.51365020412e-10, 2.08922282252e-10, 1.87581658539e-10, 3.45150297232e-10, 2.79285844451e-10, 1.84444778895e-10, 1.0561810454e-10, 8.91879417542e-11, 3.15083376057e-11, 4.5674318494e-11, 3.10497946798e-11, 4.0644822577e-12, 5.78875922891e-12, 2.67940227297e-12, 2.07431749728e-12, 1.68210649402e-12, 1.46139242201e-12, 7.91645828752e-13]}, "mfcc": {"mean": [-655.690856934, 142.827377319, -3.68456625938, 39.3283920288, 18.0606861115, 8.35532569885, 0.328226774931, -1.17716276646, 0.799773871899, -1.87007284164, -6.63358259201, -4.276242733, 0.435833543539], "cov": [[9711.23925781, -580.45526123, 123.348129272, 220.159500122, -145.926101685, 158.600967407, -59.9011993408, -113.920074463, 20.4157295227, 36.56980896, -116.79927063, -62.7232589722, 78.8411483765], [-580.45526123, 1895.3762207, -686.237792969, 313.955535889, 205.641342163, -114.184326172, 25.16223526, 32.2075233459, 21.2520503998, -48.0964126587, 11.5186758041, 26.481798172, -14.4237632751], [123.348129272, -686.237792969, 809.241333008, -50.8389892578, 58.5689163208, 126.450622559, 62.6369247437, 25.3581619263, 7.11461782455, 15.6496095657, -7.43354463577, -35.1228752136, -13.7065610886], [220.159500122, 313.955535889, -50.8389892578, 280.055969238, 139.78817749, 29.3422317505, 14.6667881012, 45.3947563171, 27.5946998596, -4.4004611969, -11.3656826019, 1.84755814075, 0.483727574348], [-145.926101685, 205.641342163, 58.5689163208, 139.78817749, 283.605438232, 36.9845542908, 19.557756424, 56.8177528381, 25.0239830017, -21.7264461517, -5.47636795044, 17.3189811707, 5.11266994476], [158.600967407, -114.184326172, 126.450622559, 29.3422317505, 36.9845542908, 129.467147827, 56.2757034302, 12.1077508926, 4.35922765732, 7.66571331024, -8.11347484589, -0.946882247925, 2.06759595871], [-59.9011993408, 25.16223526, 62.6369247437, 14.6667881012, 19.557756424, 56.2757034302, 108.63269043, 31.9013214111, 9.02610874176, 3.37667489052, -1.26332807541, 0.676367282867, 5.8079199791], [-113.920074463, 32.2075233459, 25.3581619263, 45.3947563171, 56.8177528381, 12.1077508926, 31.9013214111, 90.6129989624, 25.980556488, -7.21064472198, -5.42020750046, 2.60719799995, 9.86315631866], [20.4157295227, 21.2520503998, 7.11461782455, 27.5946998596, 25.0239830017, 4.35922765732, 9.02610874176, 25.980556488, 67.1571731567, 25.9470596313, 0.499229222536, -1.50754570961, 10.2979364395], [36.56980896, -48.0964126587, 15.6496095657, -4.4004611969, -21.7264461517, 7.66571331024, 3.37667489052, -7.21064472198, 25.9470596313, 78.3616256714, 29.4465751648, -9.00573062897, 2.96592330933], [-116.79927063, 11.5186758041, -7.43354463577, -11.3656826019, -5.47636795044, -8.11347484589, -1.26332807541, -5.42020750046, 0.499229222536, 29.4465751648, 63.5879249573, 17.2292747498, -11.5442314148], [-62.7232589722, 26.481798172, -35.1228752136, 1.84755814075, 17.3189811707, -0.946882247925, 0.676367282867, 2.60719799995, -1.50754570961, -9.00573062897, 17.2292747498, 57.8149795532, 17.295791626], [78.8411483765, -14.4237632751, -13.7065610886, 0.483727574348, 5.11266994476, 2.06759595871, 5.8079199791, 9.86315631866, 10.2979364395, 2.96592330933, -11.5442314148, 17.295791626, 59.6854171753]], "icov": [[0.000121197757835, 5.08822595293e-05, 1.58228540386e-05, -0.00021350744646, 0.000105659324618, -0.000144674253534, 8.66548434715e-05, 0.000202260460355, -6.14332893747e-05, 1.05733934106e-05, 0.000122198194731, 9.89214750007e-05, -0.000183286814718], [5.08822595293e-05, 0.00119869236369, 0.000937311502639, -0.000998696661554, -0.000686519779265, 0.000914953940082, -0.00122042407747, 0.000657850061543, -0.000233993778238, 0.00058693124447, -0.000443550758064, 0.000446800055215, 0.0002789113787], [1.58228540386e-05, 0.000937311502639, 0.00236889021471, 1.64104367286e-05, -0.00108021323103, -0.00080565630924, -0.00103457877412, 0.000118810690765, -0.000171510444488, 0.000324811640894, -0.000514082319569, 0.00140600546729, 0.000457550457213], [-0.00021350744646, -0.000998696661554, 1.64104367286e-05, 0.00638272892684, -0.00202798331156, -0.00166094908491, 0.00109038024675, -0.00197268556803, -0.000487335782964, -0.00105092057493, 0.00104240817018, -3.5713048419e-05, 0.00079214113066], [0.000105659324618, -0.000686519779265, -0.00108021323103, -0.00202798331156, 0.00608698790893, -0.00147304718848, 0.00141399318818, -0.00193826644681, -0.00105006911326, 0.00152598391287, -0.000314752978738, -0.00153448269702, -0.000335650489433], [-0.000144674253534, 0.000914953940082, -0.00080565630924, -0.00166094908491, -0.00147304718848, 0.0132717480883, -0.0067550195381, 0.00169230788015, 0.00100976077374, -0.0020152090583, 0.00234398967586, -0.00168160605244, 0.00115134508815], [8.66548434715e-05, -0.00122042407747, -0.00103457877412, 0.00109038024675, 0.00141399318818, -0.0067550195381, 0.0147141292691, -0.00485098129138, 0.000182825460797, -0.000404948106734, -0.000434592802776, -5.16926484124e-05, -0.00125361990649], [0.000202260460355, 0.000657850061543, 0.000118810690765, -0.00197268556803, -0.00193826644681, 0.00169230788015, -0.00485098129138, 0.0168020762503, -0.00583347305655, 0.0038416639436, -0.00118602486327, 0.00138157943729, -0.00207622465678], [-6.14332893747e-05, -0.000233993778238, -0.000171510444488, -0.000487335782964, -0.00105006911326, 0.00100976077374, 0.000182825460797, -0.00583347305655, 0.0216467455029, -0.00973688345402, 0.00381597247906, -0.00119347323198, -0.00117674667854], [1.05733934106e-05, 0.00058693124447, 0.000324811640894, -0.00105092057493, 0.00152598391287, -0.0020152090583, -0.000404948106734, 0.0038416639436, -0.00973688345402, 0.0237201545388, -0.014200238511, 0.00853223633021, -0.00516318203881], [0.000122198194731, -0.000443550758064, -0.000514082319569, 0.00104240817018, -0.000314752978738, 0.00234398967586, -0.000434592802776, -0.00118602486327, 0.00381597247906, -0.014200238511, 0.0280188508332, -0.0129782166332, 0.00901639368385], [9.89214750007e-05, 0.000446800055215, 0.00140600546729, -3.5713048419e-05, -0.00153448269702, -0.00168160605244, -5.16926484124e-05, 0.00138157943729, -0.00119347323198, 0.00853223633021, -0.0129782166332, 0.0266359057277, -0.0101800132543], [-0.000183286814718, 0.0002789113787, 0.000457550457213, 0.00079214113066, -0.000335650489433, 0.00115134508815, -0.00125361990649, -0.00207622465678, -0.00117674667854, -0.00516318203881, 0.00901639368385, -0.0101800132543, 0.0227701645344]]}, "spectral_contrast_coeffs": {"dmean": [0.0428454354405, 0.0417917333543, 0.0336947925389, 0.0305503029376, 0.0224755853415, 0.0182434655726], "dmean2": [0.0711846649647, 0.0682291761041, 0.0540202856064, 0.0493908189237, 0.0364401526749, 0.0303891897202], "dvar": [0.00172830733936, 0.0011734723812, 0.000771519728005, 0.000593275006395, 0.0004081131774, 0.000377523829229], "dvar2": [0.00443411339074, 0.00309539074078, 0.00195514969528, 0.00151607848238, 0.00102498463821, 0.000996790709905], "max": [-0.32050794363, -0.456791192293, -0.57085943222, -0.540440201759, -0.582241892815, -0.563790559769], "mean": [-0.638942718506, -0.700379252434, -0.756817698479, -0.743889927864, -0.76999682188, -0.757951021194], "median": [-0.638184309006, -0.697974741459, -0.755015254021, -0.743318676949, -0.775112211704, -0.757206678391], "min": [-0.954567432404, -0.975548803806, -0.970595300198, -0.966319441795, -0.965619385242, -0.963265299797], "var": [0.00481782946736, 0.00554974749684, 0.00358294555917, 0.0036985646002, 0.00282424595207, 0.00168408371974]}, "spectral_contrast_valleys": {"dmean": [0.30400454998, 0.343141794205, 0.311116248369, 0.296788603067, 0.284801065922, 0.347622781992], "dmean2": [0.482941299677, 0.558372795582, 0.493797332048, 0.464549422264, 0.428500294685, 0.433923721313], "dvar": [0.127701625228, 0.116360403597, 0.0894633978605, 0.10567869246, 0.141444295645, 0.261215746403], "dvar2": [0.235379502177, 0.248020723462, 0.189640939236, 0.210390880704, 0.282649040222, 0.454563200474], "max": [-4.80092954636, -4.52934217453, -5.64960241318, -5.5126376152, -5.40527009964, -8.24264240265], "mean": [-6.68418