{"lowlevel": {"average_loudness": 0.405087023973, "barkbands_crest": {"dmean": 2.51913285255, "dmean2": 3.82754254341, "dvar": 5.62066602707, "dvar2": 12.0477542877, "max": 24.6029148102, "mean": 12.2793893814, "median": 11.3995056152, "min": 2.96654438972, "var": 23.9564552307}, "barkbands_flatness_db": {"dmean": 0.0218324027956, "dmean2": 0.031742092222, "dvar": 0.000451604253612, "dvar2": 0.000993079738691, "max": 0.365811735392, "mean": 0.152215227485, "median": 0.148195803165, "min": 0.0282819997519, "var": 0.00273973331787}, "barkbands_kurtosis": {"dmean": 4.84406423569, "dmean2": 7.29597997665, "dvar": 46.7591247559, "dvar2": 104.251724243, "max": 127.700698853, "mean": 11.1491994858, "median": 5.87785577774, "min": -1.71774637699, "var": 227.392074585}, "barkbands_skewness": {"dmean": 0.624293386936, "dmean2": 0.915114998817, "dvar": 0.410674571991, "dvar2": 0.876490592957, "max": 9.84603404999, "mean": 2.57142138481, "median": 2.33888602257, "min": -2.03097391129, "var": 2.66940140724}, "barkbands_spread": {"dmean": 4.11213493347, "dmean2": 6.26365375519, "dvar": 22.2669048309, "dvar2": 51.4617424011, "max": 108.502426147, "mean": 15.2205867767, "median": 13.5458240509, "min": 0.792462050915, "var": 90.4199447632}, "dissonance": {"dmean": 0.0173875167966, "dmean2": 0.0291280969977, "dvar": 0.000304632529151, "dvar2": 0.000827595184091, "max": 0.499997079372, "mean": 0.461397588253, "median": 0.46760737896, "min": 0.254958480597, "var": 0.000697465671692}, "dynamic_complexity": 5.36172676086, "erbbands_crest": {"dmean": 2.55919361115, "dmean2": 4.01425361633, "dvar": 6.97067070007, "dvar2": 16.3648033142, "max": 32.7860488892, "mean": 9.3085975647, "median": 7.65575218201, "min": 2.3070909977, "var": 27.4792919159}, "erbbands_flatness_db": {"dmean": 0.0149028860033, "dmean2": 0.0214794259518, "dvar": 0.000231703990721, "dvar2": 0.000478083034977, "max": 0.373125046492, "mean": 0.135274022818, "median": 0.124541088939, "min": 0.0376242026687, "var": 0.00201086886227}, "erbbands_kurtosis": {"dmean": 0.784311890602, "dmean2": 1.19799339771, "dvar": 1.69591462612, "dvar2": 3.78908610344, "max": 26.5767269135, "mean": 0.354845672846, "median": -0.268039464951, "min": -1.64022147655, "var": 4.73754453659}, "erbbands_skewness": {"dmean": 0.289880633354, "dmean2": 0.448140352964, "dvar": 0.0769766867161, "dvar2": 0.188642814755, "max": 2.88162279129, "mean": 0.331489652395, "median": 0.315146505833, "min": -2.92941355705, "var": 0.300903409719}, "erbbands_spread": {"dmean": 7.85961675644, "dmean2": 11.5016145706, "dvar": 70.0701141357, "dvar2": 144.961288452, "max": 112.833969116, "mean": 43.8338546753, "median": 42.4606933594, "min": 3.53397846222, "var": 393.574493408}, "hfc": {"dmean": 3.91463136673, "dmean2": 5.23843097687, "dvar": 123.068107605, "dvar2": 261.671173096, "max": 179.434417725, "mean": 7.71415567398, "median": 3.26598882675, "min": 1.13647111982e-16, "var": 215.747833252}, "melbands_crest": {"dmean": 3.45060014725, "dmean2": 5.29909753799, "dvar": 10.6505184174, "dvar2": 23.9056091309, "max": 34.4706192017, "mean": 18.5022697449, "median": 17.5043830872, "min": 1.78629779816, "var": 48.51587677}, "melbands_flatness_db": {"dmean": 0.0255350880325, "dmean2": 0.0375132858753, "dvar": 0.000623709405772, "dvar2": 0.00138151017018, "max": 0.500068664551, "mean": 0.242063939571, "median": 0.237642288208, "min": 0.00507248146459, "var": 0.00461585307494}, "melbands_kurtosis": {"dmean": 11.7730512619, "dmean2": 17.5251464844, "dvar": 288.956085205, "dvar2": 615.825927734, "max": 252.980789185, "mean": 28.8145046234, "median": 17.638999939, "min": -1.66047286987, "var": 1039.95019531}, "melbands_skewness": {"dmean": 0.882195949554, "dmean2": 1.28615045547, "dvar": 0.873924911022, "dvar2": 1.76636242867, "max": 13.1957950592, "mean": 3.91798448563, "median": 3.62486219406, "min": -1.11444485188, "var": 4.94561386108}, "melbands_spread": {"dmean": 4.2515912056, "dmean2": 6.53414201736, "dvar": 30.7041568756, "dvar2": 68.8440170288, "max": 153.078674316, "mean": 14.3495559692, "median": 11.0599527359, "min": 0.71253567934, "var": 151.167251587}, "pitch_salience": {"dmean": 0.0743197277188, "dmean2": 0.116735704243, "dvar": 0.00479569612071, "dvar2": 0.0111728971824, "max": 0.804376661777, "mean": 0.475934326649, "median": 0.488612651825, "min": 0.12138620764, "var": 0.0162133201957}, "silence_rate_20dB": {"dmean": 0.00342150288634, "dmean2": 0.00684390636161, "dvar": 0.00340973725542, "dvar2": 0.00942954234779, "max": 1, "mean": 0.997894763947, "median": 1, "min": 0, "var": 0.00210083043203}, "silence_rate_30dB": {"dmean": 0.0473746545613, "dmean2": 0.0947617813945, "dvar": 0.0451322905719, "dvar2": 0.092621318996, "max": 1, "mean": 0.941973686218, "median": 1, "min": 0, "var": 0.0546579100192}, "silence_rate_60dB": {"dmean": 0.0421108044684, "dmean2": 0.0842326954007, "dvar": 0.0403347089887, "dvar2": 0.0894972085953, "max": 1, "mean": 0.243289470673, "median": 0, "min": 0, "var": 0.184112668037}, "spectral_centroid": {"dmean": 203.412155151, "dmean2": 311.237915039, "dvar": 53208.0820312, "dvar2": 114393.921875, "max": 11369.4775391, "mean": 1007.52758789, "median": 951.848754883, "min": 187.299850464, "var": 234360.40625}, "spectral_complexity": {"dmean": 2.46321892738, "dmean2": 3.44169521332, "dvar": 11.177195549, "dvar2": 18.0043506622, "max": 52, "mean": 9.99631595612, "median": 9, "min": 0, "var": 44.4369697571}, "spectral_decrease": {"dmean": 3.98502697507e-09, "dmean2": 5.88237369925e-09, "dvar": 1.6504587855e-16, "dvar2": 4.04341818223e-16, "max": 4.88434331883e-19, "mean": -6.36944275101e-09, "median": -1.99449434746e-09, "min": -2.28011629133e-07, "var": 1.86635464591e-16}, "spectral_energy": {"dmean": 0.0153655493632, "dmean2": 0.0226230658591, "dvar": 0.00244276225567, "dvar2": 0.00597406411543, "max": 0.875413060188, "mean": 0.0247394572943, "median": 0.00793884694576, "min": 1.06609258778e-20, "var": 0.0027761857491}, "spectral_energyband_high": {"dmean": 0.000153488741489, "dmean2": 0.000184685632121, "dvar": 1.51573544827e-07, "dvar2": 2.67093213324e-07, "max": 0.00655036699027, "mean": 0.000289800023893, "median": 8.06749449112e-05, "min": 7.98853957879e-21, "var": 3.76230758548e-07}, "spectral_energyband_low": {"dmean": 0.00972400419414, "dmean2": 0.0137235699221, "dvar": 0.000760268652812, "dvar2": 0.0017331619747, "max": 0.580846250057, "mean": 0.0162626970559, "median": 0.00344674033113, "min": 3.43602251221e-23, "var": 0.00115051609464}, "spectral_energyband_middle_high": {"dmean": 0.00068392715184, "dmean2": 0.000936938100494, "dvar": 3.48656203641e-06, "dvar2": 6.22284096607e-06, "max": 0.0857687667012, "mean": 0.00168156309519, "median": 0.000681069679558, "min": 1.58557437171e-21, "var": 1.18222169476e-05}, "spectral_energyband_middle_low": {"dmean": 0.0102172028273, "dmean2": 0.0162839982659, "dvar": 0.0017145256279, "dvar2": 0.00430657854304, "max": 0.620521306992, "mean": 0.0108238318935, "median": 0.00270445761271, "min": 3.1484410604e-22, "var": 0.00150025915354}, "spectral_entropy": {"dmean": 0.162732467055, "dmean2": 0.239219218493, "dvar": 0.0259241424501, "dvar2": 0.0570444017649, "max": 9.80425071716, "mean": 7.43161392212, "median": 7.46544742584, "min": 5.7844209671, "var": 0.157330319285}, "spectral_flux": {"dmean": 0.0280095096678, "dmean2": 0.043273255229, "dvar": 0.00378665491007, "dvar2": 0.00877740979195, "max": 0.849239289761, "mean": 0.0581099167466, "median": 0.0375496968627, "min": 1.03251761308e-10, "var": 0.0056369882077}, "spectral_kurtosis": {"dmean": 1.43000352383, "dmean2": 2.35591936111, "dvar": 4.49850511551, "dvar2": 12.8629131317, "max": 51.7972068787, "mean": 4.83544111252, "median": 4.02139616013, "min": -1.18850183487, "var": 13.3419933319}, "spectral_rms": {"dmean": 0.000976020412054, "dmean2": 0.0013060971396, "dvar": 4.17897854277e-06, "dvar2": 8.679912753e-06, "max": 0.0292243305594, "mean": 0.00373615813442, "median": 0.00278302282095, "min": 3.22504306247e-12, "var": 1.01772029666e-05}, "spectral_rolloff": {"dmean": 241.481704712, "dmean2": 396.685272217, "dvar": 189624.578125, "dvar2": 405527.25, "max": 18970.7519531, "mean": 736.158508301, "median": 473.73046875, "min": 64.599609375, "var": 798194.0625}, "spectral_skewness": {"dmean": 0.191221684217, "dmean2": 0.296757459641, "dvar": 0.0434958562255, "dvar2": 0.105950474739, "max": 5.54599046707, "mean": 1.64927268028, "median": 1.59851884842, "min": -0.0424105860293, "var": 0.230065017939}, "spectral_spread": {"dmean": 417275.5625, "dmean2": 608378.9375, "dvar": 321583284224, "dvar2": 542605606912, "max": 40636920, "mean": 4659408.5, "median": 4728049.5, "min": 1321654.75, "var": 1377451900930.0}, "spectral_strongpeak": {"dmean": 0.280042380095, "dmean2": 0.444609344006, "dvar": 0.395513445139, "dvar2": 0.8743314147, "max": 18.3339920044, "mean": 0.504005730152, "median": 0.25912553072, "min": 0, "var": 0.797606348991}, "zerocrossingrate": {"dmean": 0.00760495336726, "dmean2": 0.00904714874923, "dvar": 6.27398476354e-05, "dvar2": 8.13980441308e-05, "max": 0.50830078125, "mean": 0.0408415794373, "median": 0.037109375, "min": 0.001953125, "var": 0.000707711675204}, "barkbands": {"dmean": [0.000197484027012, 0.00386408157647, 0.00207365630195, 0.00817216560245, 0.00187150982674, 0.000458641647128, 0.000498548673932, 0.000143631259562, 9.34872659855e-05, 0.000142509830766, 0.000184213524335, 0.00015111216635, 0.00010367151117, 9.96111266431e-05, 0.000118205789477, 5.48199859622e-05, 6.06893263466e-05, 3.45005028066e-05, 5.59288091608e-05, 3.9991507947e-05, 4.3051008106e-05, 4.22483026341e-05, 3.2873613236e-05, 1.74924971361e-05, 9.80773256742e-06, 5.77585615247e-06, 2.07686889553e-06], "dmean2": [0.000249643315328, 0.00487251207232, 0.00339853484184, 0.0130478907377, 0.00338641391136, 0.000747064244933, 0.000853665871546, 0.000221397203859, 0.000146252044942, 0.000209538789932, 0.000273538607871, 0.000219325957005, 0.000149115279783, 0.000150033272803, 0.000183004041901, 8.04452138254e-05, 9.1054062068e-05, 5.06785981997e-05, 7.74285726948e-05, 5.58426581847e-05, 5.97501384618e-05, 5.86427122471e-05, 4.50114457635e-05, 2.31105113926e-05, 1.2400639207e-05, 7.29739986127e-06, 2.8622366699e-06], "dvar": [2.23413849199e-07, 0.000113408874313, 5.53097124794e-05, 0.00113596918527, 6.07114307059e-05, 1.85267629149e-06, 4.52618178315e-06, 9.93601858568e-08, 9.03515271489e-08, 1.52848173229e-07, 3.63964772987e-07, 4.05375118362e-07, 9.52376126406e-07, 2.41853086891e-07, 2.86203032829e-07, 5.46822711556e-08, 4.81314970102e-08, 2.78454113101e-08, 7.84656606356e-08, 7.89254972489e-09, 1.28808332889e-08, 1.72698761958e-08, 1.05575050924e-08, 1.56372603755e-09, 6.62453925049e-10, 1.19531473608e-09, 8.98363397561e-11], "dvar2": [4.24474137617e-07, 0.00017602078151, 0.000145324927871, 0.00285836705007, 0.000173488384462, 4.86906537844e-06, 1.26766290123e-05, 2.29490396464e-07, 2.35450201558e-07, 3.27159142444e-07, 8.14764234747e-07, 8.6221376705e-07, 2.04199204745e-06, 5.10600273174e-07, 4.91108551159e-07, 7.55304228051e-08, 9.90290303093e-08, 5.2960388075e-08, 9.95095419398e-08, 1.53985322271e-08, 2.54845105019e-08, 3.6076507115e-08, 2.27164722588e-08, 2.91440760414e-09, 1.03713659882e-09, 1.75824921289e-09, 1.70662400878e-10], "max": [0.0140762822703, 0.331605434418, 0.261960089207, 0.488961100578, 0.106754668057, 0.0330452919006, 0.0297898035496, 0.0061766570434, 0.012772647664, 0.0101208975539, 0.0154906306416, 0.019996387884, 0.0570309758186, 0.0290698073804, 0.0296355020255, 0.0114057390019, 0.0105268340558, 0.00920950528234, 0.0196799524128, 0.00187703745905, 0.00352625572123, 0.00296527240425, 0.00170470494777, 0.00108919292688, 0.000875168014318, 0.00241738581099, 0.000576371676289], "mean": [0.000558564730454, 0.0091468654573, 0.00230511697009, 0.00728672323748, 0.00181939196773, 0.000682504265569, 0.000535416591447, 0.000231009194977, 0.000143045472214, 0.000265522277914, 0.000327798421495, 0.000273058074526, 0.00015008293849, 0.000148679551785, 0.000186203134945, 9.16275312193e-05, 0.00010282004223, 6.00956009293e-05, 9.63105267147e-05, 7.53373096813e-05, 7.54819702706e-05, 6.62725942675e-05, 4.79296249978e-05, 3.13554082823e-05, 1.77258880285e-05, 1.05749668364e-05, 3.98862493967e-06], "median": [0.000108253901999, 0.0012219529599, 0.00063117564423, 0.00062053068541, 0.000661504338495, 0.000287061207928, 0.000169608567376, 9.93392168311e-05, 4.4732245442e-05, 6.83284160914e-05, 7.84186850069e-05, 6.21509389021e-05, 3.10808354698e-05, 4.60501614725e-05, 4.70494378533e-05, 2.42582373176e-05, 3.42032581102e-05, 1.57229187607e-05, 2.62859030045e-05, 2.74412814179e-05, 2.1706433472e-05, 1.25273036247e-05, 8.94126242201e-06, 9.04770058696e-06, 4.03696867579e-06, 2.12673649003e-06, 6.06510752732e-07], "min": [7.93484418987e-24, 2.54452259907e-23, 5.0168910888e-24, 5.43656430152e-24, 9.68983803407e-24, 8.86720552018e-23, 6.09489144612e-23, 4.91035747459e-23, 8.00698173312e-23, 1.30184743312e-22, 2.67210507327e-23, 1.25706840648e-22, 1.40601821959e-22, 7.34927873526e-23, 1.43628510859e-22, 1.7157443223e-22, 1.3943281845e-22, 3.10210854576e-22, 1.70584948219e-22, 3.25479844309e-22, 5.31247004402e-22, 6.74020528879e-22, 5.96686815644e-22, 9.48010071374e-22, 1.11483660856e-21, 1.73396887723e-21, 2.38279614229e-21], "var": [9.63930006037e-07, 0.000405265629524, 4.6333665523e-05, 0.000980450073257, 3.74671108148e-05, 1.8702963871e-06, 3.02997909785e-06, 1.66411069813e-07, 1.15350147212e-07, 4.55189450577e-07, 7.95957532773e-07, 1.05429876385e-06, 1.61447178471e-06, 4.56539822835e-07, 6.90459216912e-07, 1.60169676633e-07, 1.22016800219e-07, 7.52972297846e-08, 2.62564356035e-07, 1.86316686523e-08, 2.80345524573e-08, 2.94821340674e-08, 1.61550026689e-08, 3.88317600297e-09, 1.90935645072e-09, 3.02040370492e-09, 3.61935925675e-10]}, "erbbands": {"dmean": [0.163764178753, 0.71437817812, 1.91743505001, 16.9633216858, 16.3162441254, 3.55382847786, 2.19295287132, 4.41497945786, 7.71809768677, 5.10528326035, 2.81158185005, 2.0469853878, 4.34053754807, 4.11818361282, 7.69049882889, 7.10853719711, 4.14022111893, 6.55368709564, 5.26591062546, 4.90352487564, 3.17687439919, 2.5165886879, 1.95163273811, 2.67520618439, 2.44098925591, 2.04944491386, 1.75319671631, 1.64486408234, 1.48612272739, 1.3303425312, 0.863868296146, 0.473920434713, 0.247295230627, 0.126864358783, 0.0585472881794, 0.0250020939857, 0.0100153842941, 0.00333383702673, 0.000371304544387, 3.25861474266e-05], "dmean2": [0.189404994249, 0.980511665344, 3.09330558777, 26.5907478333, 27.8844413757, 6.02516317368, 3.60688495636, 7.26072740555, 13.333272934, 8.31910514832, 4.32835149765, 3.1109764576, 6.59280252457, 6.15041685104, 11.3697366714, 10.2512273788, 5.94534111023, 9.62905883789, 8.07653999329, 7.34431409836, 4.71874856949, 3.69006419182, 2.85789465904, 3.7430832386, 3.29085016251, 2.85391259193, 2.45365047455, 2.26451444626, 2.03503060341, 1.84910333157, 1.18076431751, 0.6460288167, 0.31966561079, 0.1624391675, 0.0773440673947, 0.0320918895304, 0.0130897760391, 0.0041605909355, 0.000507291348185, 4.51764572063e-05], "dvar": [0.204804390669, 3.70860147476, 35.3330917358, 4645.11962891, 4809.57617188, 164.659393311, 26.4251174927, 214.80418396, 1083.13171387, 309.73046875, 32.6273040771, 32.460319519, 219.935317993, 108.666229248, 652.214477539, 1051.85253906, 786.583557129, 2038.2713623, 773.942504883, 696.028198242, 137.808853149, 64.0239486694, 66.6387329102, 163.060028076, 133.247650146, 21.6494197845, 18.3548946381, 20.4337539673, 21.4187850952, 17.664264679, 7.19754600525, 1.26477253437, 0.322441160679, 0.0968998298049, 0.0266098193824, 0.0120871569961, 0.00283897621557, 0.000780603964813, 3.28929991156e-06, 8.8232097184e-09], "dvar2": [0.298826217651, 6.43132352829, 90.1469726562, 11437.8671875, 12954.3251953, 439.538909912, 70.829498291, 571.548706055, 3030.47949219, 836.988891602, 74.6884307861, 77.0781021118, 497.791656494, 248.193099976, 1441.13098145, 2221.53417969, 1279.08215332, 4507.49072266, 1384.39245605, 1025.64367676, 232.236907959, 127.433128357, 127.478843689, 219.991744995, 167.971389771, 42.8546867371, 32.8936386108, 41.4535675049, 42.3032035828, 39.5128479004, 15.2814378738, 2.45036840439, 0.572512865067, 0.163898557425, 0.0449037104845, 0.0194159634411, 0.00412350380793, 0.00113476230763, 6.61525746182e-06, 1.73606089504e-08], "max": [13.912935257, 59.3507385254, 195.126525879, 1038.60253906, 1078.79418945, 195.271392822, 77.9075469971, 370.750396729, 534.893615723, 239.65071106, 157.105484009, 226.663452148, 466.733306885, 227.472137451, 831.406921387, 1025.25817871, 1654.28125, 2769.61816406, 1810.39709473, 1799.26525879, 606.970031738, 356.957794189, 409.015075684, 980.675170898, 1176.30932617, 100.762413025, 204.544052124, 123.001785278, 131.312423706, 58.3043670654, 60.6869812012, 19.4663581848, 19.4275856018, 9.4676322937, 5.92191886902, 6.41377067566, 3.18580818176, 2.31460976601, 0.114871397614, 0.00277409888804], "mean": [0.42301350832, 1.4253513813, 2.39248633385, 15.8525247574, 14.5867176056, 4.1482925415, 3.46792054176, 5.91811275482, 8.16429519653, 6.35678195953, 4.91310834885, 3.54758548737, 7.37478637695, 8.12627887726, 14.2045154572, 13.4074640274, 6.78373718262, 9.87805366516, 8.30298137665, 8.21699619293, 5.68973255157, 4.42857456207, 3.56155848503, 4.53641605377, 4.48264598846, 3.79408717155, 3.30536961555, 2.68689632416, 2.35732841492, 1.95286083221, 1.29412281513, 0.794033288956, 0.450020551682, 0.229531154037, 0.103648729622, 0.045252814889, 0.0179330445826, 0.00606867251918, 0.000673468923196, 6.13627125858e-05], "median": [0.0461543872952, 0.23225569725, 0.756338953972, 1.69509291649, 2.90343141556, 1.63840937614, 1.82669472694, 1.92057168484, 2.59680008888, 2.11864709854, 2.25470876694, 1.27215492725, 2.18505907059, 2.37058734894, 3.97257590294, 3.11198472977, 1.81362128258, 2.82348489761, 1.85596752167, 2.49256277084, 1.7354631424, 1.54208922386, 1.08791542053, 1.18925476074, 1.3546526432, 1.32754945755, 1.14339542389, 0.612132430077, 0.449241518974, 0.347766339779, 0.253086030483, 0.211249142885, 0.116237685084, 0.0538487285376, 0.0249464809895, 0.0102821448818, 0.00353624718264, 0.000823699054308, 0.000107830164779, 1.83864285646e-05], "min": [6.60659926205e-22, 5.93489972603e-21, 7.36940054485e-21, 1.215591024e-20, 2.04885561458e-20, 4.99605780872e-20, 2.70295534017e-19, 8.80573776925e-19, 9.86868346794e-19, 8.14280265611e-19, 9.92845450503e-19, 1.6964172588e-18, 3.17794643614e-18, 3.68107366705e-18, 1.9480428094e-18, 5.59107506047e-18, 6.46062055527e-18, 3.10379093499e-18, 6.6858519099e-18, 8.08391866683e-18, 9.46456003698e-18, 7.57549293051e-18, 1.48031977725e-17, 1.14723490681e-17, 1.15778948327e-17, 1.44971707243e-17, 1.59270516748e-17, 2.77671561442e-17, 2.47470535533e-17, 1.85038532862e-17, 1.59618726699e-17, 2.12451331449e-17, 1.48773214272e-17, 1.24167271113e-17, 8.1329216735e-18, 6.42964140056e-18, 2.99499207582e-18, 1.47781069029e-18, 3.37159670707e-19, 3.33544716946e-20], "var": [0.831013262272, 10.7890539169, 33.8677635193, 4240.32324219, 3489.70898438, 129.24848938, 28.2753143311, 196.946090698, 730.683166504, 251.744354248, 67.9245452881, 56.436504364, 477.003967285, 307.305328369, 1368.45935059, 2746.89331055, 1768.36376953, 3184.12060547, 1691.20849609, 2015.63098145, 374.806243896, 162.723144531, 177.279434204, 446.470123291, 594.528442383, 50.6893959045, 44.6759910583, 42.5415725708, 38.4686279297, 26.422492981, 11.5663442612, 2.67676758766, 0.915709137917, 0.2742857337, 0.0711778849363, 0.0305497702211, 0.00806393940002, 0.00199258886278, 1.0466808817e-05, 2.37719568474e-08]}, "gfcc": {"mean": [-66.3015594482, 99.2779388428, -98.4036331177, 33.5085639954, -47.0829696655, 14.5922365189, -28.3353672028, 0.759102284908, -23.7453575134, 0.553353726864, -13.5276422501, -1.91058897972, -10.1406822205], "cov": [[9288.40234375, -1111.41943359, 225.73878479, 879.309692383, -211.326873779, 437.231719971, -143.493560791, 137.789306641, 35.4406318665, 123.01739502, -76.8410644531, 22.1438446045, -15.1905250549], [-1111.41943359, 962.359741211, -113.592422485, -100.56842041, 112.306282043, -31.0688266754, 146.519515991, -16.6629810333, 76.7343063354, -28.7066898346, 99.4416732788, -34.6105728149, 58.3406867981], [225.73878479, -113.592422485, 612.396362305, 200.900512695, 161.716766357, 144.658081055, 62.1838569641, 121.238761902, 108.662597656, 91.2174987793, 17.4882602692, 40.1675300598, 18.9080371857], [879.309692383, -100.56842041, 200.900512695, 309.340332031, 35.8848304749, 122.065765381, 30.9190368652, 62.5144538879, 66.8968505859, 39.6352844238, 13.8817634583, 7.73414802551, 19.0635356903], [-211.326873779, 112.306282043, 161.716766357, 35.8848304749, 259.717041016, 114.190567017, 108.350273132, 78.2464141846, 101.028251648, 76.4222183228, 52.5623855591, 30.246339798, 24.8813343048], [437.231719971, -31.0688266754, 144.658081055, 122.065765381, 114.190567017, 229.239501953, 86.6514587402, 78.9856796265, 75.2715911865, 66.9399871826, 47.1716461182, 24.2430419922, 25.7049350739], [-143.493560791, 146.519515991, 62.1838569641, 30.9190368652, 108.350273132, 86.6514587402, 171.645309448, 77.6590423584, 69.1932830811, 45.1133651733, 54.0968208313, 23.9842777252, 39.2184143066], [137.789306641, -16.6629810333, 121.238761902, 62.5144538879, 78.2464141846, 78.9856796265, 77.6590423584, 131.159729004, 71.5946807861, 40.592048645, 29.1195831299, 29.9345645905, 33.0111541748], [35.4406318665, 76.7343063354, 108.662597656, 66.8968505859, 101.028251648, 75.2715911865, 69.1932830811, 71.5946807861, 131.134780884, 75.1820602417, 34.1319007874, 11.2643041611, 31.6069068909], [123.01739502, -28.7066898346, 91.2174987793, 39.6352844238, 76.4222183228, 66.9399871826, 45.1133651733, 40.592048645, 75.1820602417, 117.287940979, 43.9113845825, 13.1526441574, 15.3218374252], [-76.8410644531, 99.4416732788, 17.4882602692, 13.8817634583, 52.5623855591, 47.1716461182, 54.0968208313, 29.1195831299, 34.1319007874, 43.9113845825, 87.3335189819, 28.4969062805, 18.1154670715], [22.1438446045, -34.6105728149, 40.1675300598, 7.73414802551, 30.246339798, 24.2430419922, 23.9842777252, 29.9345645905, 11.2643041611, 13.1526441574, 28.4969062805, 64.1188964844, 27.1474170685], [-15.1905250549, 58.3406867981, 18.9080371857, 19.0635356903, 24.8813343048, 25.7049350739, 39.2184143066, 33.0111541748, 31.6069068909, 15.3218374252, 18.1154670715, 27.1474170685, 79.2370071411]], "icov": [[0.000190423423192, 6.52365924907e-05, 0.00016654227511, -0.000527392141521, 0.000180833230843, -0.00029152535717, 0.000185687007615, -0.000177942201844, 0.000161800766364, -0.000287357368506, 0.000249257223913, -0.000146852427861, 7.99844274297e-05], [6.52365924907e-05, 0.00246840622276, -2.44865605055e-05, 0.000512465136126, -0.000740307965316, 0.000793415063526, -0.00160517229233, 0.0018241412472, -0.00246729282662, 0.00327122560702, -0.00380148366094, 0.00328257819638, -0.00181668938603], [0.00016654227511, -2.44865605055e-05, 0.00296863284893, -0.00185930379666, -0.00104157195892, -0.000370011606719, 0.000727919745259, -0.00156536931172, 0.000265357841272, -0.0014638688881, 0.00171627826057, -0.00147135590669, 0.000816793530248], [-0.000527392141521, 0.000512465136126, -0.00185930379666, 0.00685197860003, 0.000788804842159, -0.00132094707806, -0.00047656262177, 0.000763357325923, -0.00295199756511, 0.00254722614773, -0.0020743731875, 0.00215730583295, -0.00116446521133], [0.000180833230843, -0.000740307965316, -0.00104157195892, 0.000788804842159, 0.00804880447686, -0.00228511239402, -0.00164130481426, -0.00038123113336, -0.0024102779571, -0.00173845421523, 0.000850745942444, -0.00238146283664, 0.00174259836785], [-0.00029152535717, 0.000793415063526, -0.000370011606719, -0.00132094707806, -0.00228511239402, 0.0087799038738, -0.002307347022, -0.000455083383713, -0.000464813463623, 4.10290958825e-05, -0.00280389632098, 0.00136168883182, -0.000681062578224], [0.000185687007615, -0.00160517229233, 0.000727919745259, -0.00047656262177, -0.00164130481426, -0.002307347022, 0.0124130183831, -0.00511631881818, 0.000832944584545, -0.00158702163026, -0.000824404123705, -0.000920908350963, -0.00111137761269], [-0.000177942201844, 0.0018241412472, -0.00156536931172, 0.000763357325923, -0.00038123113336, -0.000455083383713, -0.00511631881818, 0.0165682006627, -0.00698388554156, 0.00415536481887, -0.00243849260733, -0.00106661464088, -0.0023849401623], [0.000161800766364, -0.00246729282662, 0.000265357841272, -0.00295199756511, -0.0024102779571, -0.000464813463623, 0.000832944584545, -0.00698388554156, 0.0215095616877, -0.0113066034392, 0.00438486039639, 0.000338282843586, -0.00161253265105], [-0.000287357368506, 0.00327122560702, -0.0014638688881, 0.00254722614773, -0.00173845421523, 4.10290958825e-05, -0.00158702163026, 0.00415536481887, -0.0113066034392, 0.0212383586913, -0.0110452836379, 0.00533526483923, -0.00203964696266], [0.000249257223913, -0.00380148366094, 0.00171627826057, -0.0020743731875, 0.000850745942444, -0.00280389632098, -0.000824404123705, -0.00243849260733, 0.00438486039639, -0.0110452836379, 0.0253573413938, -0.0122336847708, 0.00378347886726], [-0.000146852427861, 0.00328257819638, -0.00147135590669, 0.00215730583295, -0.00238146283664, 0.00136168883182, -0.000920908350963, -0.00106661464088, 0.000338282843586, 0.00533526483923, -0.0122336847708, 0.0277442894876, -0.00928190629929], [7.99844274297e-05, -0.00181668938603, 0.000816793530248, -0.00116446521133, 0.00174259836785, -0.000681062578224, -0.00111137761269, -0.0023849401623, -0.00161253265105, -0.00203964696266, 0.00378347886726, -0.00928190629929, 0.01862866804]]}, "melbands": {"dmean": [0.00122574553825, 0.000862582877744, 0.00294842640869, 0.000634132651612, 7.55668952479e-05, 9.99540425255e-05, 0.000114462847705, 4.82766299683e-05, 2.05027172342e-05, 1.34716010507e-05, 2.16456392081e-05, 1.60983690876e-05, 2.75040474662e-05, 1.89527472685e-05, 1.21282337204e-05, 1.06206916826e-05, 1.24122043417e-05, 7.90918784332e-06, 6.66330424792e-06, 5.54499820282e-06, 3.92717811337e-06, 3.02039734379e-06, 2.10609914575e-06, 2.08586016015e-06, 2.30333216678e-06, 2.06368417821e-06, 1.48483331941e-06, 1.38006339512e-06, 1.12807106234e-06, 1.08844483293e-06, 9.46203385865e-07, 8.69306973073e-07, 8.36440904095e-07, 7.45567831473e-07, 5.63919513752e-07, 3.67948899793e-07, 2.59757683807e-07, 1.87209735714e-07, 1.48219285734e-07, 9.918042565e-08], "dmean2": [0.00150299747474, 0.00133240560535, 0.00470470683649, 0.00109182111919, 0.000124911981402, 0.000164400262292, 0.000196416352992, 7.77670793468e-05, 3.1292453059e-05, 2.08099336305e-05, 3.28281676047e-05, 2.38789361902e-05, 4.09394524468e-05, 2.74806243397e-05, 1.72844920598e-05, 1.5432759028e-05, 1.82848143595e-05, 1.20859695016e-05, 1.02798421722e-05, 8.20310560812e-06, 5.98534916207e-06, 4.54054543297e-06, 3.14621638609e-06, 3.11290114041e-06, 3.29249223796e-06, 2.87760894935e-06, 2.07381390283e-06, 1.98287011699e-06, 1.63725269431e-06, 1.51924803049e-06, 1.34588992751e-06, 1.24888140363e-06, 1.20403228721e-06, 1.06016545942e-06, 7.89197542872e-07, 5.13018562742e-07, 3.66888428971e-07, 2.48948254011e-07, 1.99401142709e-07, 1.31228205191e-07], "dvar": [1.17717008834e-05, 5.49785045223e-06, 0.0001451181015, 6.91480090609e-06, 3.84346208193e-08, 1.09312026098e-07, 2.32961042457e-07, 2.38040520628e-08, 1.65891744786e-09, 1.71492786638e-09, 5.43404476971e-09, 1.8299328719e-09, 8.25741430788e-09, 5.34849142753e-09, 3.04048519695e-09, 9.34390786966e-09, 6.33946317663e-09, 1.78004611051e-09, 7.29497739993e-10, 8.35767288709e-10, 2.08999345608e-10, 1.14724910127e-10, 7.22678306087e-11, 1.60426866236e-10, 1.37518899046e-10, 1.34604147273e-10, 1.5090212066e-11, 1.0207267323e-11, 6.4200185966e-12, 8.58218877908e-12, 6.69827691577e-12, 8.63537106405e-12, 7.13760777912e-12, 5.75739716319e-12, 3.30927451241e-12, 1.03929755427e-12, 3.69061253997e-13, 1.95976752621e-13, 1.68249013896e-13, 6.01848350887e-14], "dvar2": [1.80056449608e-05, 1.3145216144e-05, 0.000365835992852, 1.8875409296e-05, 1.03086257752e-07, 2.92447680295e-07, 6.49279911613e-07, 6.29963921028e-08, 3.73462549774e-09, 4.32196900491e-09, 1.22972334538e-08, 4.09721323535e-09, 1.88011632929e-08, 1.13955858083e-08, 5.4117919035e-09, 2.06886863197e-08, 1.37026958669e-08, 3.1577060966e-09, 1.19577092672e-09, 1.1708080061e-09, 4.02247207765e-10, 2.35249986158e-10, 1.34196861956e-10, 3.08764513957e-10, 1.86733309371e-10, 1.7002997621e-10, 2.60302942395e-11, 2.09906762111e-11, 1.24150472888e-11, 1.63213661336e-11, 1.42043364917e-11, 1.66176673116e-11, 1.64236575728e-11, 1.30970347414e-11, 7.40397760463e-12, 2.03613016204e-12, 7.4749326737e-13, 3.56449678801e-13, 3.1913190081e-13, 1.09664888119e-13], "max": [0.105878271163, 0.0738506317139, 0.17611771822, 0.0391979925334, 0.00316075258888, 0.00809014681727, 0.007725560572, 0.00210323673673, 0.00127395254094, 0.00177965813782, 0.0023275972344, 0.000997628783807, 0.00216627307236, 0.00203887955286, 0.00258885836229, 0.00619050394744, 0.00452601956204, 0.00279667205177, 0.00140207028016, 0.00184171251021, 0.00066450308077, 0.000580844643991, 0.000509386416525, 0.000733158842195, 0.00093363027554, 0.0010067144176, 0.000279825530015, 7.43235286791e-05, 9.16374920052e-05, 0.000113031390356, 4.84439733555e-05, 0.000114078276965, 4.4212290959e-05, 3.52104398189e-05, 2.79505329672e-05, 3.26480148942e-05, 1.3690763808e-05, 1.57174617925e-05, 2.00368031074e-05, 5.65366417504e-06], "mean": [0.00301971216686, 0.00136630283669, 0.00273781386204, 0.000610991031863, 0.000117098337796, 0.000134935908136, 0.000123348552734, 6.27219123999e-05, 3.66670647054e-05, 2.16396711039e-05, 3.64475999959e-05, 3.05781395582e-05, 4.91535756737e-05, 3.50647496816e-05, 2.14615538425e-05, 1.48580384121e-05, 1.84248983714e-05, 1.2103505469e-05, 1.06828747448e-05, 9.49588502408e-06, 6.53301458442e-06, 5.09535266247e-06, 3.35852837452e-06, 3.50756158696e-06, 3.60224862561e-06, 3.55528732143e-06, 2.6679763323e-06, 2.41046814153e-06, 2.0613858851e-06, 1.85127260011e-06, 1.44042530792e-06, 1.34525919293e-06, 1.23046550016e-06, 1.04064895368e-06, 8.01329576916e-07, 5.65097991512e-07, 4.3585546905e-07, 3.27792747612e-07, 2.5024127126e-07, 1.71461934428e-07], "median": [0.000348598754499, 0.00043364422163, 0.000363744155038, 0.000173181906575, 6.23948581051e-05, 4.66035926365e-05, 4.01431170758e-05, 2.21653244807e-05, 1.64688535733e-05, 7.01453882357e-06, 1.01866826299e-05, 8.26571704238e-06, 1.24061389215e-05, 9.15517193789e-06, 4.95107497045e-06, 3.33851448886e-06, 4.99436646351e-06, 2.59099442701e-06, 3.07680056721e-06, 2.69391193797e-06, 1.80876736522e-06, 1.6076371594e-06, 1.02565718407e-06, 8.5116300852e-07, 8.78368155099e-07, 8.99183874026e-07, 9.03624595594e-07, 7.84880739957e-07, 7.34492232368e-07, 4.86662599997e-07, 2.86217527901e-07, 2.54143799339e-07, 2.11699827446e-07, 1.77294637638e-07, 1.44002484603e-07, 1.29957371087e-07, 1.2011358308e-07, 8.02113504506e-08, 5.97268297042e-08, 3.69148871471e-08], "min": [6.95805452892e-24, 5.41156648272e-24, 2.4949686447e-24, 2.07271585682e-24, 8.52514091663e-24, 1.8952842365e-23, 1.42025933619e-23, 1.00418853568e-23, 7.22145281859e-24, 1.16323299159e-23, 1.62402589454e-23, 1.60416111477e-23, 4.25629151994e-24, 1.60877626661e-23, 1.40138694344e-23, 1.13701709268e-23, 5.31000143004e-24, 1.02730152912e-23, 1.08380337591e-23, 1.29179507327e-23, 1.04349305697e-23, 8.57528564893e-24, 7.21442327906e-24, 1.79848090601e-23, 7.97792546162e-24, 6.26572140507e-24, 1.07182310311e-23, 9.75520383754e-24, 8.22436639727e-24, 1.44313646021e-23, 1.66000757592e-23, 1.42933360318e-23, 1.13550397857e-23, 1.10194275911e-23, 9.50799455136e-24, 9.82961866445e-24, 1.39906374807e-23, 1.02194516357e-23, 1.12989154878e-23, 9.84575323654e-24], "var": [4.39296272816e-05, 7.90722788224e-06, 0.000125468810438, 4.87011357109e-06, 3.70703823194e-08, 9.84409567195e-08, 1.59533044553e-07, 2.1164627384e-08, 3.82862852533e-09, 2.40594344447e-09, 1.1828618085e-08, 5.20481657773e-09, 1.77432539772e-08, 1.37747129259e-08, 7.96849253248e-09, 1.4434327511e-08, 1.05452357957e-08, 3.92261467752e-09, 1.92167526336e-09, 2.57818966176e-09, 5.14138176477e-10, 3.05325431604e-10, 1.38148367745e-10, 4.31791657984e-10, 3.49465179017e-10, 5.48855183524e-10, 4.8082288151e-11, 2.10937049078e-11, 1.54069257352e-11, 2.04000809301e-11, 1.23734937227e-11, 1.4349706319e-11, 1.09712152557e-11, 7.99028985338e-12, 4.91314150822e-12, 1.84024540398e-12, 7.83021759411e-13, 5.15513467417e-13, 3.96901370277e-13, 1.52650922501e-13]}, "mfcc": {"mean": [-714.566040039, 129.627883911, 11.0916013718, 26.7361946106, 5.85369443893, 14.2694625854, 5.86859416962, 2.69736480713, -1.04537272453, 1.75264453888, -6.10723352432, 0.564536452293, 1.97397685051], "cov": [[7917.29248047, -908.555664062, 174.346343994, 386.925048828, 87.0066299438, 253.007614136, -46.7554206848, 90.5789871216, 31.5590744019, 112.756950378, 38.7383956909, 1.03387498856, 3.2915854454], [-908.555664062, 807.302124023, -121.443222046, -62.2850227356, 15.3960008621, -1.29981923103, 52.9572982788, 18.3209266663, 14.5149822235, 26.2736282349, 17.051322937, 29.8737030029, 30.5914382935], [174.346343994, -121.443222046, 382.860870361, 143.657287598, 94.1318893433, 79.6774902344, 37.1553840637, 57.3645553589, 66.8085403442, 54.7520942688, 61.3019676208, 22.8391036987, 20.2436256409], [386.925048828, -62.2850227356, 143.657287598, 184.863998413, 69.5507354736, 47.7196540833, 14.2078332901, 41.002696991, 49.0063285828, 34.887550354, 42.6436843872, 16.2793312073, 7.4821844101], [87.0066299438, 15.3960008621, 94.1318893433, 69.5507354736, 158.930709839, 87.8531112671, 40.4268569946, 45.3362007141, 51.7232475281, 61.4972991943, 56.2500228882, 37.0851364136, 27.9277667999], [253.007614136, -1.29981923103, 79.6774902344, 47.7196540833, 87.8531112671, 161.409301758, 60.6817970276, 39.4709968567, 48.0517730713, 60.9875679016, 61.6925964355, 40.6796875, 35.5817565918], [-46.7554206848, 52.9572982788, 37.1553840637, 14.2078332901, 40.4268569946, 60.6817970276, 119.477050781, 60.8745307922, 36.3640823364, 38.7712554932, 38.7307052612, 32.6163253784, 37.3244132996], [90.5789871216, 18.3209266663, 57.3645553589, 41.002696991, 45.3362007141, 39.4709968567, 60.8745307922, 119.586227417, 53.0559654236, 31.3148994446, 26.3931846619, 18.7206096649, 26.977016449], [31.5590744019, 14.5149822235, 66.8085403442, 49.0063285828, 51.7232475281, 48.0517730713, 36.3640823364, 53.0559654236, 120.519058228, 69.0143280029, 41.5970230103, 19.1995658875, 18.2096672058], [112.756950378, 26.2736282349, 54.7520942688, 34.887550354, 61.4972991943, 60.9875679016, 38.7712554932, 31.3148994446, 69.0143280029, 116.618125916, 60.4213943481, 26.7710075378, 27.1273708344], [38.7383956909, 17.051322937, 61.3019676208, 42.6436843872, 56.2500228882, 61.6925964355, 38.7307052612, 26.3931846619, 41.5970230103, 60.4213943481, 108.29283905, 42.2399368286, 25.9528865814], [1.03387498856, 29.8737030029, 22.8391036987, 16.2793312073, 37.0851364136, 40.6796875, 32.6163253784, 18.7206096649, 19.1995658875, 26.7710075378, 42.2399368286, 85.248840332, 33.4815063477], [3.2915854454, 30.5914382935, 20.2436256409, 7.4821844101, 27.9277667999, 35.5817565918, 37.3244132996, 26.977016449, 18.2096672058, 27.1273708344, 25.9528865814, 33.4815063477, 75.9673919678]], "icov": [[0.000180138798896, 0.00018372068007, 0.000155554327648, -0.000416973198298, 0.000165179357282, -0.000369713292457, 0.000194572581677, -0.000196632245206, 0.000227655415074, -0.000285741349217, 0.000156046968186, 7.68754671299e-06, -4.73243608212e-06], [0.00018372068007, 0.0016012347769, 0.000662860984448, -0.000116130926472, -0.000187016659766, -1.05886301753e-05, -0.000396818417357, -0.000211194826989, 6.64453909849e-05, -0.000471151433885, 3.00199189951e-05, -0.00022438945598, -0.000233330618357], [0.000155554327648, 0.000662860984448, 0.00431111222133, -0.00268311798573, -0.000627287663519, -0.000752146355808, -0.000106443425466, -0.000539696891792, -0.000320043094689, -0.000226510179345, -0.000468900630949, 0.000356908160029, -0.000170876737684], [-0.000416973198298, -0.000116130926472, -0.00268311798573, 0.00969867873937, -0.0022436066065, 0.000767971330788, 0.00082997023128, -0.00085263553774, -0.00182743638288, 0.00131322757807, -0.0016770871589, -7.68218087615e-05, 0.000760594324674], [0.000165179357282, -0.000187016659766, -0.000627287663519, -0.0022436066065, 0.0114273885265, -0.00402165576816, 0.000909315538593, -0.0015713426983, 0.000171608306118, -0.00244418764487, -0.000517801730894, -0.00135237397626, -0.000145232042996], [-0.000369713292457, -1.05886301753e-05, -0.000752146355808, 0.000767971330788, -0.00402165576816, 0.0119588850066, -0.00354544026777, 0.00117241614498, -0.000819415959995, -0.000730312720407, -0.00215847115032, -0.000893937714864, -0.00106356781907], [0.000194572581677, -0.000396818417357, -0.000106443425466, 0.00082997023128, 0.000909315538593, -0.00354544026777, 0.0147574059665, -0.00593035761267, 0.000469845690532, -0.00110586779192, -0.00100761465728, -0.0013122134842, -0.00251552346162], [-0.000196632245206, -0.000211194826989, -0.000539696891792, -0.00085263553774, -0.0015713426983, 0.00117241614498, -0.00593035761267, 0.0140327392146, -0.00452110590413, 0.00185902137309, 0.000484643911477, 0.000562446424738, -0.00171318044886], [0.000227655415074, 6.64453909849e-05, -0.000320043094689, -0.00182743638288, 0.000171608306118, -0.000819415959995, 0.000469845690532, -0.00452110590413, 0.0153707815334, -0.00755580561236, 0.000226023112191, -1.02490969311e-06, 0.000860943109728], [-0.000285741349217, -0.000471151433885, -0.000226510179345, 0.00131322757807, -0.00244418764487, -0.000730312720407, -0.00110586779192, 0.00185902137309, -0.00755580561236, 0.0177432987839, -0.00553291803226, 0.000988537445664, -0.00181338342372], [0.000156046968186, 3.00199189951e-05, -0.000468900630949, -0.0016770871589, -0.000517801730894, -0.00215847115032, -0.00100761465728, 0.000484643911477, 0.000226023112191, -0.00553291803226, 0.0166215356439, -0.00460887374356, 7.00178425177e-05], [7.68754671299e-06, -0.00022438945598, 0.000356908160029, -7.68218087615e-05, -0.00135237397626, -0.000893937714864, -0.0013122134842, 0.000562446424738, -1.02490969311e-06, 0.000988537445664, -0.00460887374356, 0.0170268490911, -0.00491920066997], [-4.73243608212e-06, -0.000233330618357, -0.000170876737684, 0.000760594324674, -0.000145232042996, -0.00106356781907, -0.00251552346162, -0.00171318044886, 0.000860943109728, -0.00181338342372, 7.00178425177e-05, -0.00491920066997, 0.0182095002383]]}, "spectral_contrast_coeffs": {"dmean": [0.0512722171843, 0.0388140156865, 0.0312577299774, 0.027396550402, 0.0198198482394, 0.016582146287], "dmean2": [0.081559099257, 0.063722923398, 0.0490535981953, 0.0438210293651, 0.0318159237504, 0.0255519170314], "dvar": [0.00247307959944, 0.00107202434447, 0.000700196251273, 0.000521020381711, 0.000306870031636, 0.00023551718914], "dvar2": [0.00549562135711, 0.00286681880243, 0.00167727994267, 0.00129042821936, 0.000707641826011, 0.000519595167134], "max": [-0.199646487832, -0.490845412016, -0.512030482292, -0.478947669268, -0.541706204414, -0.570669591427], "mean": [-0.660652041435, -0.750388324261, -0.766469538212, -0.781215906143, -0.796944916248, -0.769434154034], "median": [-0.680986464024, -0.752952098846, -0.775114297867, -0.786013007164, -0.80161345005, -0.76900100708], "min": [-0.977023482323, -0.956694543362, -0.972993731499, -0.96120673418, -0.957628905773, -0.95850777626], "var": [0.0107280686498, 0.0029394638259, 0.00379234389402, 0.0027265495155, 0.00172506750096, 0.00123706914019]}, "spectral_contrast_valleys": {"dmean": [0.368283927441, 0.341591894627, 0.296214729548, 0.292338341475, 0.281417548656, 0.322071194649], "dmean2": [0.601686120033, 0.540626525879, 0.45744228363, 0.424204289913, 0.362757325172, 0.372499406338], "dvar": [0.122210927308, 0.106115669012, 0.0884180292487, 0.0974379479885, 0.105441711843, 0.121732294559], "dvar2": [0.288967549801, 0.223227441311, 0.169276729226, 0.170215085149, 0.162825539708,