{"lowlevel": {"average_loudness": 0.756844520569, "barkbands_crest": {"dmean": 2.70290160179, "dmean2": 4.21024274826, "dvar": 8.74035549164, "dvar2": 20.0379066467, "max": 26.7123737335, "mean": 14.7983217239, "median": 14.5599136353, "min": 2.17077493668, "var": 37.5869522095}, "barkbands_flatness_db": {"dmean": 0.0288836266845, "dmean2": 0.0415516272187, "dvar": 0.000972044595983, "dvar2": 0.00191909947898, "max": 0.529451131821, "mean": 0.169985249639, "median": 0.163169026375, "min": 0.0113067477942, "var": 0.00639171712101}, "barkbands_kurtosis": {"dmean": 12.0980396271, "dmean2": 18.3314723969, "dvar": 1135.09118652, "dvar2": 2495.85302734, "max": 1264.72290039, "mean": 22.1680240631, "median": 6.68012571335, "min": -1.95535755157, "var": 2634.19677734}, "barkbands_skewness": {"dmean": 1.00148844719, "dmean2": 1.44550871849, "dvar": 1.84563684464, "dvar2": 3.78184008598, "max": 32.4471206665, "mean": 3.08210396767, "median": 2.41012382507, "min": -4.30683279037, "var": 9.25934696198}, "barkbands_spread": {"dmean": 6.80961036682, "dmean2": 9.91704082489, "dvar": 94.0122070312, "dvar2": 188.265655518, "max": 137.658493042, "mean": 19.7555961609, "median": 14.6774501801, "min": 0.14095172286, "var": 319.878479004}, "dissonance": {"dmean": 0.0193638391793, "dmean2": 0.0322176404297, "dvar": 0.000386935163988, "dvar2": 0.00102520373184, "max": 0.500000119209, "mean": 0.455016136169, "median": 0.463351994753, "min": 0.201831743121, "var": 0.00124636408873}, "dynamic_complexity": 4.0128068924, "erbbands_crest": {"dmean": 2.23173141479, "dmean2": 3.45973968506, "dvar": 5.03301000595, "dvar2": 11.3945188522, "max": 31.0724086761, "mean": 9.90593624115, "median": 8.64772415161, "min": 2.17817306519, "var": 25.9754009247}, "erbbands_flatness_db": {"dmean": 0.020229652524, "dmean2": 0.0263715274632, "dvar": 0.000443276425358, "dvar2": 0.000774409912992, "max": 0.389315575361, "mean": 0.134998232126, "median": 0.12695813179, "min": 0.0207595471293, "var": 0.00318877934478}, "erbbands_kurtosis": {"dmean": 1.14019775391, "dmean2": 1.69615137577, "dvar": 4.07866859436, "dvar2": 8.34056472778, "max": 64.2332382202, "mean": 1.41007649899, "median": 0.218301415443, "min": -1.90116405487, "var": 12.2969694138}, "erbbands_skewness": {"dmean": 0.375393003225, "dmean2": 0.542276084423, "dvar": 0.147102460265, "dvar2": 0.285427749157, "max": 7.26358890533, "mean": 0.490553677082, "median": 0.410032212734, "min": -4.08493089676, "var": 0.953722476959}, "erbbands_spread": {"dmean": 10.6406698227, "dmean2": 15.0311336517, "dvar": 173.12789917, "dvar2": 332.206420898, "max": 204.417556763, "mean": 47.4925804138, "median": 40.6733512878, "min": 2.47665858269, "var": 958.063476562}, "hfc": {"dmean": 7.91324520111, "dmean2": 10.3663244247, "dvar": 174.962890625, "dvar2": 344.937683105, "max": 283.205810547, "mean": 20.6367473602, "median": 14.4801597595, "min": 1.06163344283e-16, "var": 419.720947266}, "melbands_crest": {"dmean": 3.6991147995, "dmean2": 5.70203065872, "dvar": 15.7384757996, "dvar2": 34.9537200928, "max": 38.5977706909, "mean": 20.4902935028, "median": 20.6394805908, "min": 1.63610553741, "var": 62.1815071106}, "melbands_flatness_db": {"dmean": 0.033933147788, "dmean2": 0.048254609108, "dvar": 0.0013901242055, "dvar2": 0.00265095080249, "max": 0.664198517799, "mean": 0.25752261281, "median": 0.255905598402, "min": 0.00360353616998, "var": 0.0108684170991}, "melbands_kurtosis": {"dmean": 33.1608772278, "dmean2": 50.2225074768, "dvar": 7399.43017578, "dvar2": 17422.0214844, "max": 3694.51000977, "mean": 67.8391036987, "median": 18.3141841888, "min": -1.8572551012, "var": 18990.7753906}, "melbands_skewness": {"dmean": 1.41968417168, "dmean2": 2.05637097359, "dvar": 3.92672991753, "dvar2": 7.81516122818, "max": 52.0456352234, "mean": 4.99383115768, "median": 3.5846092701, "min": -2.55889987946, "var": 21.4845085144}, "melbands_spread": {"dmean": 6.73143815994, "dmean2": 10.0450849533, "dvar": 164.059936523, "dvar2": 333.201751709, "max": 295.308349609, "mean": 18.6092891693, "median": 10.9062261581, "min": 0.0742741152644, "var": 623.773864746}, "pitch_salience": {"dmean": 0.0770906656981, "dmean2": 0.119094736874, "dvar": 0.00711164204404, "dvar2": 0.0156478378922, "max": 0.897949635983, "mean": 0.411152124405, "median": 0.420314371586, "min": 0.0219174381346, "var": 0.0323336422443}, "silence_rate_20dB": {"dmean": 0, "dmean2": 0, "dvar": 0, "dvar2": 0, "max": 1, "mean": 1, "median": 1, "min": 1, "var": 0}, "silence_rate_30dB": {"dmean": 0.093058526516, "dmean2": 0.186129882932, "dvar": 0.084404475987, "dvar2": 0.190378263593, "max": 1, "mean": 0.873035550117, "median": 1, "min": 0, "var": 0.110840730369}, "silence_rate_60dB": {"dmean": 0.0311573725194, "dmean2": 0.0623190402985, "dvar": 0.0301912706345, "dvar2": 0.0707165300846, "max": 1, "mean": 0.107595808804, "median": 0, "min": 0, "var": 0.0960339605808}, "spectral_centroid": {"dmean": 230.078063965, "dmean2": 330.936309814, "dvar": 102545.101562, "dvar2": 192881.046875, "max": 11554.6650391, "mean": 1210.34436035, "median": 996.175292969, "min": 109.097084045, "var": 1026343.5}, "spectral_complexity": {"dmean": 3.18136072159, "dmean2": 4.71611738205, "dvar": 24.3397598267, "dvar2": 44.6248245239, "max": 55, "mean": 12.8297491074, "median": 11, "min": 0, "var": 86.0143661499}, "spectral_decrease": {"dmean": 4.79860151614e-09, "dmean2": 7.38060279559e-09, "dvar": 6.3663075725e-17, "dvar2": 1.5332954677e-16, "max": 1.09453071606e-10, "mean": -1.28942314603e-08, "median": -9.4371843673e-09, "min": -8.75484005292e-08, "var": 1.52932380962e-16}, "spectral_energy": {"dmean": 0.0185547694564, "dmean2": 0.0283996071666, "dvar": 0.000928881228901, "dvar2": 0.00222416874021, "max": 0.332725524902, "mean": 0.0505375303328, "median": 0.0380081422627, "min": 1.00897859376e-20, "var": 0.00224821385927}, "spectral_energyband_high": {"dmean": 0.000464181328425, "dmean2": 0.000605225272011, "dvar": 7.09221069428e-07, "dvar2": 1.35325512929e-06, "max": 0.0298775006086, "mean": 0.000837855041027, "median": 0.000338070851285, "min": 7.13082436941e-21, "var": 1.52841016643e-06}, "spectral_energyband_low": {"dmean": 0.0152490632609, "dmean2": 0.0238728262484, "dvar": 0.000881900195964, "dvar2": 0.00215044245124, "max": 0.324433863163, "mean": 0.0347523391247, "median": 0.0101972781122, "min": 1.56387982591e-23, "var": 0.00205102213658}, "spectral_energyband_middle_high": {"dmean": 0.0016145769041, "dmean2": 0.00239594746381, "dvar": 1.28323426907e-05, "dvar2": 2.88525843644e-05, "max": 0.0678337961435, "mean": 0.0045353746973, "median": 0.00182694767136, "min": 1.30527293223e-21, "var": 4.7589874157e-05}, "spectral_energyband_middle_low": {"dmean": 0.00452724844217, "dmean2": 0.00676532601938, "dvar": 0.000108501648356, "dvar2": 0.000257195089944, "max": 0.168245509267, "mean": 0.0113700358197, "median": 0.00603559892625, "min": 1.72823407302e-22, "var": 0.000226401840337}, "spectral_entropy": {"dmean": 0.198941171169, "dmean2": 0.264907956123, "dvar": 0.0484248436987, "dvar2": 0.0900776609778, "max": 9.82475376129, "mean": 7.57980585098, "median": 7.61870908737, "min": 4.64166975021, "var": 0.334505081177}, "spectral_flux": {"dmean": 0.0376028306782, "dmean2": 0.0599634051323, "dvar": 0.00265817460604, "dvar2": 0.00644909543917, "max": 0.440502852201, "mean": 0.0817283242941, "median": 0.0556063391268, "min": 6.31981966759e-11, "var": 0.00477975513786}, "spectral_kurtosis": {"dmean": 1.45539569855, "dmean2": 2.13542699814, "dvar": 4.52795696259, "dvar2": 11.9100961685, "max": 55.4583587646, "mean": 4.67049741745, "median": 3.95967030525, "min": -1.26723098755, "var": 15.0394325256}, "spectral_rms": {"dmean": 0.00117871840484, "dmean2": 0.0017223887844, "dvar": 2.66666143034e-06, "dvar2": 5.5845703173e-06, "max": 0.0180169437081, "mean": 0.00611582864076, "median": 0.00608942657709, "min": 3.1374661983e-12, "var": 1.19016331155e-05}, "spectral_rolloff": {"dmean": 588.881164551, "dmean2": 938.239562988, "dvar": 2406073, "dvar2": 4772389, "max": 19961.2792969, "mean": 1514.3269043, "median": 473.73046875, "min": 43.06640625, "var": 9169764}, "spectral_skewness": {"dmean": 0.2159512043, "dmean2": 0.31058332324, "dvar": 0.0582727976143, "dvar2": 0.134962588549, "max": 5.00613117218, "mean": 1.75486648083, "median": 1.73221385479, "min": -0.0755192041397, "var": 0.286892622709}, "spectral_spread": {"dmean": 1007674.0625, "dmean2": 1286212.375, "dvar": 1303834525700.0, "dvar2": 2187689328640.0, "max": 42840028, "mean": 6822668, "median": 6315462, "min": 908209.875, "var": 13006854422500.0}, "spectral_strongpeak": {"dmean": 0.339737385511, "dmean2": 0.576128423214, "dvar": 0.399677306414, "dvar2": 0.964998066425, "max": 11.2043905258, "mean": 0.899251699448, "median": 0.674651324749, "min": 0, "var": 1.03986370564}, "zerocrossingrate": {"dmean": 0.0164265055209, "dmean2": 0.0176652725786, "dvar": 0.000514190411195, "dvar2": 0.000549715128727, "max": 0.533203125, "mean": 0.0661604255438, "median": 0.04541015625, "min": 0.00146484375, "var": 0.00551714748144}, "barkbands": {"dmean": [0.00154671980999, 0.0135261248797, 0.00153729459271, 0.00111189018935, 0.00203676754609, 0.00118493579794, 0.000643270439468, 0.000420835596742, 0.000264501490165, 0.00022117800836, 0.000402923673391, 0.000345538690453, 0.000385875813663, 0.000184436314157, 0.000192066130694, 0.000199797868845, 0.000176270768861, 0.000122623081552, 9.45018109633e-05, 8.95660996321e-05, 6.34903990431e-05, 5.16849031555e-05, 5.33090133104e-05, 4.65995144623e-05, 0.000125308622955, 8.8160209998e-05, 9.19351514312e-05], "dmean2": [0.00224962853827, 0.0215962119401, 0.00271634198725, 0.00179804547224, 0.00328556098975, 0.00164899334777, 0.000929785717744, 0.000664302730002, 0.000397578172851, 0.000341189850587, 0.000583438551985, 0.000521578534972, 0.000596793310251, 0.00029178551631, 0.00030221324414, 0.000320177845424, 0.000277821556665, 0.000192482460989, 0.000149567393237, 0.000139841329656, 9.61643672781e-05, 7.6475298556e-05, 7.54258362576e-05, 6.53408133076e-05, 0.000177617825102, 0.000119031094073, 0.000126490020193], "dvar": [1.11737590487e-05, 0.000777683628257, 2.29690358537e-05, 9.92353579932e-06, 6.05481000093e-05, 7.51693869461e-06, 2.00846079679e-06, 1.93187224795e-06, 5.0587050282e-07, 4.46333245918e-07, 1.33902824473e-06, 6.56905285723e-07, 1.01507612271e-06, 2.12440127711e-07, 2.56176690527e-07, 3.61635756008e-07, 2.84128589101e-07, 1.27231672309e-07, 9.61571515745e-08, 9.46765581489e-08, 6.98872568705e-08, 1.53513024514e-08, 9.71569491526e-09, 8.30879010039e-09, 5.77673944235e-08, 3.64769157102e-08, 4.09693647896e-08], "dvar2": [2.46266190516e-05, 0.00195831619203, 6.37328630546e-05, 2.47577227128e-05, 0.000153157307068, 1.31097049234e-05, 4.20932974521e-06, 4.6840741561e-06, 1.15742636808e-06, 9.70511905507e-07, 2.60855358647e-06, 1.38307473208e-06, 2.21267714551e-06, 5.20096477885e-07, 6.20985417754e-07, 9.04361002085e-07, 7.10359529421e-07, 3.00284654031e-07, 2.4078664751e-07, 2.34903524188e-07, 1.75389047286e-07, 3.52106575008e-08, 2.00957188667e-08, 1.50361039175e-08, 1.21045786727e-07, 7.43076995491e-08, 9.37668147571e-08], "max": [0.0506637617946, 0.303805798292, 0.166688367724, 0.127738341689, 0.139820590615, 0.116928264499, 0.0465942062438, 0.0692205503583, 0.0159963406622, 0.0213884469122, 0.0490485802293, 0.0399437956512, 0.0389182716608, 0.00880699791014, 0.0137042291462, 0.0126104410738, 0.0144946426153, 0.0100468005985, 0.00497571751475, 0.00830365810543, 0.0139248315245, 0.0062850820832, 0.00207621534355, 0.00566967297345, 0.0121753904969, 0.00484708789736, 0.00207205349579], "mean": [0.0027106271591, 0.0288280863315, 0.00228862953372, 0.00250259437598, 0.00255158147775, 0.00349280540831, 0.00170981662814, 0.000600489904173, 0.000452625157777, 0.000382333877496, 0.0011555752717, 0.000818397267722, 0.000756320834626, 0.00030111259548, 0.000278148887446, 0.000268605945166, 0.000234243823797, 0.000176691144588, 0.000124908270664, 0.000123378194985, 8.89989896677e-05, 7.99863846623e-05, 8.49734497024e-05, 9.51118345256e-05, 0.000200953276362, 0.000123379548313, 0.000107074840344], "median": [0.000235247396631, 0.0045721582137, 0.000260965665802, 0.000156467955094, 0.000429928477388, 0.00043434795225, 0.000187791069038, 0.000100009259768, 0.000109752465505, 8.47586197779e-05, 0.000180143018952, 0.000170041341335, 0.00018149423704, 9.90652333712e-05, 0.000100652017863, 8.50412034197e-05, 8.13739388832e-05, 6.29773785477e-05, 4.09376370953e-05, 3.85632738471e-05, 2.74019785138e-05, 2.63509009528e-05, 2.90971729555e-05, 4.69335318485e-05, 8.61267035361e-05, 2.09888530662e-05, 8.99682163436e-06], "min": [6.78523817876e-25, 1.48972979988e-24, 3.50006958676e-25, 9.73619623402e-25, 9.10245378176e-24, 7.7287739999e-24, 4.41191839375e-24, 1.53984102532e-23, 1.9325673806e-23, 2.03459612573e-23, 7.40527239786e-24, 1.86012202383e-23, 3.05471523407e-23, 4.93076625284e-23, 4.69664874448e-23, 4.40014085821e-23, 7.97074272531e-23, 1.05344699853e-22, 1.20773784174e-22, 1.58304479139e-22, 2.54417966545e-22, 3.02959064533e-22, 3.73275525539e-22, 5.75481022822e-22, 8.39759321542e-22, 1.32576766476e-21, 1.9169652202e-21], "var": [2.58556574408e-05, 0.00163549673744, 6.37891280348e-05, 4.23787132604e-05, 5.61988672416e-05, 5.81953063374e-05, 1.40911843118e-05, 3.41889176525e-06, 1.04927210032e-06, 1.06347408746e-06, 1.19095893751e-05, 2.55563122664e-06, 3.86020565202e-06, 3.01889599541e-07, 3.38561733315e-07, 4.00450858251e-07, 2.90264352998e-07, 1.55195522211e-07, 9.23441021428e-08, 9.52381569164e-08, 6.59647128032e-08, 2.30628618425e-08, 1.8634111143e-08, 2.10045563165e-08, 1.09529992187e-07, 5.93456874753e-08, 5.29941317495e-08]}, "erbbands": {"dmean": [0.604458391666, 2.37737464905, 2.17528939247, 2.64017343521, 6.96534872055, 5.34051322937, 7.98692941666, 8.62608242035, 5.78028917313, 12.0471477509, 8.71026706696, 5.3593287468, 5.40716075897, 15.7915706635, 8.71780967712, 12.0283670425, 17.1311454773, 10.1463136673, 8.56205654144, 10.1415920258, 11.5832958221, 9.28653240204, 7.15585041046, 5.68096494675, 4.65208959579, 3.98288154602, 2.75794935226, 2.39556074142, 1.8393393755, 1.53915476799, 1.51380324364, 1.02322697639, 1.26037538052, 1.81039345264, 0.465905070305, 0.352678418159, 0.154732659459, 0.0545830801129, 0.0144344810396, 0.0012796173105], "dmean2": [0.955327510834, 3.8861489296, 3.73408174515, 4.32869243622, 11.1418399811, 8.80558872223, 10.9192075729, 12.7122983932, 8.40917491913, 17.7062988281, 13.629535675, 8.22677135468, 8.20294761658, 23.3022727966, 13.2625026703, 18.2971935272, 26.3178520203, 15.9530467987, 13.3078565598, 16.3006668091, 18.0790519714, 14.3520669937, 11.2742347717, 8.64915657043, 7.33013677597, 6.15112829208, 4.21321249008, 3.6874370575, 2.74338698387, 2.19168233871, 2.19830369949, 1.42958891392, 1.7921448946, 2.59844470024, 0.640159964561, 0.499672353268, 0.212978452444, 0.0749917477369, 0.0197286456823, 0.00180630921386], "dvar": [1.689494133, 26.175579071, 32.654586792, 53.5885353088, 644.434509277, 426.285614014, 434.189849854, 378.396118164, 156.227355957, 836.733642578, 759.005432129, 201.344421387, 245.407012939, 2154.35351562, 327.577178955, 861.291381836, 1956.4074707, 552.891418457, 653.387634277, 838.130004883, 1109.76037598, 786.965148926, 429.224639893, 297.3331604, 242.230545044, 168.605056763, 73.3100967407, 129.809616089, 23.5025749207, 9.99817752838, 7.77992343903, 3.50844931602, 4.93742847443, 10.6647510529, 1.86374104023, 0.71236371994, 0.109985038638, 0.013055943884, 0.000963666883763, 8.69980158313e-06], "dvar2": [4.12716341019, 68.2406387329, 91.5105438232, 140.076934814, 1592.87731934, 1114.74145508, 747.332702637, 837.522949219, 345.15246582, 1821.875, 1840.7980957, 480.095397949, 548.562988281, 4479.03222656, 754.02935791, 1747.47644043, 4268.09716797, 1338.24487305, 1637.23876953, 2080.11450195, 2642.83496094, 1905.65808105, 1028.13134766, 712.466430664, 610.560058594, 411.839233398, 185.099487305, 325.683227539, 54.7637367249, 21.7564849854, 16.240480423, 6.73146390915, 9.53631687164, 23.2430782318, 3.90614175797, 1.45517110825, 0.220342099667, 0.0288732107729, 0.00211182306521, 2.04145053431e-05], "max": [15.8669233322, 70.2208862305, 167.027908325, 242.417266846, 481.07611084, 521.820922852, 1007.79888916, 576.393188477, 384.339813232, 585.158996582, 1199.94116211, 290.464782715, 468.442932129, 1923.89294434, 517.455078125, 1470.42102051, 1454.61682129, 453.291564941, 610.595458984, 956.481872559, 644.692443848, 532.509216309, 497.528564453, 258.333465576, 237.332992554, 324.353393555, 318.350250244, 736.468811035, 270.628051758, 91.3898391724, 59.3777503967, 83.6229171753, 128.189468384, 145.815643311, 105.067085266, 36.1580162048, 4.75150775909, 1.28598105907, 0.328306436539, 0.0322436988354], "mean": [1.06912231445, 5.41470384598, 4.25822925568, 5.43094396591, 10.3452043533, 6.78741598129, 21.5365600586, 24.7332801819, 17.045293808, 27.3417682648, 13.8447294235, 8.8873872757, 9.9698343277, 45.6291732788, 23.0617046356, 28.5505771637, 36.5226325989, 18.6694259644, 14.4171876907, 14.5585222244, 16.8451423645, 12.9929189682, 10.2049827576, 8.08327865601, 6.28242349625, 5.42469787598, 3.89849328995, 3.34280633926, 2.88898611069, 2.4420478344, 2.3594584465, 1.91966307163, 2.2741997242, 2.73761987686, 0.858107089996, 0.490181952715, 0.226233765483, 0.0700198188424, 0.01727549918, 0.00147769320756], "median": [0.215387403965, 0.522863864899, 0.607831478119, 0.769278049469, 0.782503128052, 1.44687080383, 2.70412302017, 3.87312412262, 3.44420337677, 3.94002914429, 3.63085269928, 2.45832061768, 2.89272403717, 7.03199338913, 6.39696788788, 7.38494968414, 9.42359161377, 7.44561481476, 5.08883857727, 5.55635595322, 5.90845298767, 4.67931461334, 3.66367125511, 2.72123908997, 2.11927604675, 1.62828183174, 1.2442561388, 1.01856386662, 0.929630041122, 0.752728462219, 0.806365191936, 0.797415792942, 1.17878961563, 1.1444542408, 0.335268527269, 0.0922406986356, 0.0386212542653, 0.0108402632177, 0.00145389628597, 0.000178680347744], "min": [1.01887191926e-22, 2.39914866088e-22, 5.02461684541e-22, 3.78569950989e-21, 1.09285898918e-20, 2.93051705646e-20, 4.66012457544e-20, 5.68783800229e-20, 5.89529813109e-20, 1.45548904052e-19, 4.27711778598e-19, 4.19430899335e-19, 6.1652355993e-19, 4.31400952431e-19, 8.61344671116e-19, 1.22516202067e-18, 1.90347659274e-18, 2.33746558652e-18, 2.34157770814e-18, 3.65107968445e-18, 3.21500557515e-18, 4.65621290295e-18, 5.56130937971e-18, 6.68851749943e-18, 5.49238579594e-18, 9.30526159462e-18, 6.91177644189e-18, 9.29210280543e-18, 1.06049145382e-17, 1.08035156402e-17, 1.22614330503e-17, 1.09481796031e-17, 9.73648987309e-18, 8.3742309377e-18, 6.00561910599e-18, 3.93770810646e-18, 2.38361606084e-18, 9.76162251524e-19, 2.11727734528e-19, 2.75171485847e-20], "var": [2.7227730751, 67.0098571777, 95.5364608765, 177.319473267, 819.567382812, 404.244110107, 3092.63989258, 2718.17236328, 1033.16479492, 3098.31420898, 1339.48693848, 342.523742676, 526.333190918, 18906.3847656, 1694.75097656, 3187.06030273, 7514.76367188, 992.744018555, 801.669067383, 994.70904541, 1405.40649414, 855.565429688, 503.709991455, 343.656280518, 237.569213867, 171.67880249, 75.4189376831, 116.441772461, 33.4444007874, 18.108997345, 14.2760133743, 8.36329650879, 11.1317720413, 18.8996810913, 3.35388183594, 1.13563072681, 0.186372160912, 0.0186572000384, 0.00133199698757, 1.05283379526e-05]}, "gfcc": {"mean": [-26.2529354095, 61.1769981384, -84.6726303101, 14.1325187683, -35.9816207886, 21.5862445831, -32.3917770386, 11.1572961807, -17.3111438751, 7.87211799622, -2.78752231598, 5.46281909943, -5.00692987442], "cov": [[23889.0507812, 482.677886963, 275.697601318, 291.316894531, -917.079528809, -173.363754272, -560.946105957, 176.618637085, -247.281295776, 143.461120605, -26.1866874695, 128.370285034, -54.8516960144], [482.677886963, 1863.59753418, -501.543334961, 148.282226562, 213.732055664, -21.5699729919, -41.3278388977, 118.456855774, 38.4672660828, -53.5402565002, 96.6372146606, -30.8027439117, 96.3915328979], [275.697601318, -501.543334961, 1628.83984375, 316.216674805, 215.815826416, 186.444198608, 133.448379517, 80.5241775513, 88.3879165649, -3.85085821152, -44.5819664001, -22.7508621216, -59.6400375366], [291.316894531, 148.282226562, 316.216674805, 670.752075195, 224.751174927, 142.44821167, 102.174942017, 111.43825531, 58.5995292664, 4.20836591721, -35.8592720032, -51.4438323975, 20.8513126373], [-917.079528809, 213.732055664, 215.815826416, 224.751174927, 559.518615723, 251.299575806, 235.748947144, 101.258117676, 150.568237305, 22.1539669037, 20.6782112122, 7.99288654327, 11.175318718], [-173.363754272, -21.5699729919, 186.444198608, 142.44821167, 251.299575806, 480.682495117, 253.338043213, 105.622268677, 70.9035186768, 65.334564209, 44.7969894409, -4.58534526825, -22.8837680817], [-560.946105957, -41.3278388977, 133.448379517, 102.174942017, 235.748947144, 253.338043213, 392.671112061, 107.556648254, 134.521987915, 99.6694869995, 59.1713218689, 34.8032073975, -11.258275032], [176.618637085, 118.456855774, 80.5241775513, 111.43825531, 101.258117676, 105.622268677, 107.556648254, 205.267089844, 115.981903076, 73.9527893066, 80.7827072144, 44.1993980408, 40.4924201965], [-247.281295776, 38.4672660828, 88.3879165649, 58.5995292664, 150.568237305, 70.9035186768, 134.521987915, 115.981903076, 199.783706665, 103.135131836, 78.1438293457, 66.8749237061, 41.6947669983], [143.461120605, -53.5402565002, -3.85085821152, 4.20836591721, 22.1539669037, 65.334564209, 99.6694869995, 73.9527893066, 103.135131836, 155.783828735, 103.451271057, 71.5035095215, 25.4134082794], [-26.1866874695, 96.6372146606, -44.5819664001, -35.8592720032, 20.6782112122, 44.7969894409, 59.1713218689, 80.7827072144, 78.1438293457, 103.451271057, 170.546600342, 92.0772399902, 53.8041763306], [128.370285034, -30.8027439117, -22.7508621216, -51.4438323975, 7.99288654327, -4.58534526825, 34.8032073975, 44.1993980408, 66.8749237061, 71.5035095215, 92.0772399902, 139.23777771, 73.2072982788], [-54.8516960144, 96.3915328979, -59.6400375366, 20.8513126373, 11.175318718, -22.8837680817, -11.258275032, 40.4924201965, 41.6947669983, 25.4134082794, 53.8041763306, 73.2072982788, 122.477210999]], "icov": [[5.44371869182e-05, -4.9493926781e-05, -2.66255647148e-05, -4.48553364549e-05, 0.000110063949251, -4.5070930355e-05, 9.26891516428e-05, -0.000105910978164, 0.000102331840026, -0.000172835454578, 0.000173152264324, -0.000231186684687, 0.000146220700117], [-4.9493926781e-05, 0.000869352195878, 0.000321716652252, -0.000111044224468, -0.000529368291609, 0.000219536101213, 8.39458516566e-05, -0.000324277119944, -0.000129042484332, 0.000934155716095, -0.00119990715757, 0.00104730820749, -0.000575332727749], [-2.66255647148e-05, 0.000321716652252, 0.000862310174853, -0.000351830560248, -0.000214728803257, -9.5984309155e-05, 6.37885386823e-05, -0.000148474151501, -0.00046791616478, 0.000693641137332, -0.00025434687268, -3.7558744225e-05, 0.00042083664448], [-4.48553364549e-05, -0.000111044224468, -0.000351830560248, 0.00229760026559, -0.000708208768629, -1.71977535501e-05, -0.000125428414322, -0.000980817014351, 0.000492462480906, -0.00083964841906, 0.000974640191998, 0.00149679975584, -0.00143728405237], [0.000110063949251, -0.000529368291609, -0.000214728803257, -0.000708208768629, 0.00404716189951, -0.00137079937849, -0.000868172501214, 0.000642276194412, -0.00271655991673, 0.00182528968435, 0.000502103765029, -0.00100098422263, 0.000488166086143], [-4.5070930355e-05, 0.000219536101213, -9.5984309155e-05, -1.71977535501e-05, -0.00137079937849, 0.00397887546569, -0.00182312785182, -0.0010972332675, 0.00179786980152, -0.000849094532896, -0.000856051454321, 0.0011916133808, 5.4839256336e-05], [9.26891516428e-05, 8.39458516566e-05, 6.37885386823e-05, -0.000125428414322, -0.000868172501214, -0.00182312785182, 0.00547889014706, -0.000575569341891, -0.00127275648993, -0.00173933617771, 0.000605862005614, -0.00104353483766, 0.00161213264801], [-0.000105910978164, -0.000324277119944, -0.000148474151501, -0.000980817014351, 0.000642276194412, -0.0010972332675, -0.000575569341891, 0.00960632693022, -0.00430502276868, 0.00066336884629, -0.00270806858316, 0.000775981519837, -0.00113628467079], [0.000102331840026, -0.000129042484332, -0.00046791616478, 0.000492462480906, -0.00271655991673, 0.00179786980152, -0.00127275648993, -0.00430502276868, 0.0136997010559, -0.00683520548046, 0.00149044999853, -0.00150151120033, -0.0012769884197], [-0.000172835454578, 0.000934155716095, 0.000693641137332, -0.00083964841906, 0.00182528968435, -0.000849094532896, -0.00173933617771, 0.00066336884629, -0.00683520548046, 0.0179013554007, -0.00777103658766, -0.00150362157729, 0.00188874045853], [0.000173152264324, -0.00119990715757, -0.00025434687268, 0.000974640191998, 0.000502103765029, -0.000856051454321, 0.000605862005614, -0.00270806858316, 0.00149044999853, -0.00777103658766, 0.015445895493, -0.00610295077786, -0.00055508618243], [-0.000231186684687, 0.00104730820749, -3.7558744225e-05, 0.00149679975584, -0.00100098422263, 0.0011916133808, -0.00104353483766, 0.000775981519837, -0.00150151120033, -0.00150362157729, -0.00610295077786, 0.0184084419161, -0.00873834826052], [0.000146220700117, -0.000575332727749, 0.00042083664448, -0.00143728405237, 0.000488166086143, 5.4839256336e-05, 0.00161213264801, -0.00113628467079, -0.0012769884197, 0.00188874045853, -0.00055508618243, -0.00873834826052, 0.015132015571]]}, "melbands": {"dmean": [0.00439361575991, 0.00172592827585, 0.000557345338166, 0.000503367336933, 0.000237014755839, 0.000197391666006, 0.000105497667391, 0.000124350975966, 7.01861717971e-05, 3.23415806633e-05, 2.74017365882e-05, 6.11514988123e-05, 3.6292047298e-05, 2.81327847915e-05, 4.44947254437e-05, 4.18097952206e-05, 1.69944087247e-05, 1.43238648889e-05, 1.69661452674e-05, 1.28567980937e-05, 1.39869534905e-05, 1.03074689832e-05, 7.50584013076e-06, 5.59006821277e-06, 4.73552427138e-06, 3.52909546564e-06, 3.56087502951e-06, 2.55304507846e-06, 1.77412630364e-06, 1.74707304268e-06, 1.39700705404e-06, 1.0579717582e-06, 1.0801774124e-06, 8.08449613032e-07, 7.92239347902e-07, 1.05696869923e-06, 5.55721783257e-07, 5.62322441056e-07, 2.13387124859e-06, 1.32807497266e-06], "dmean2": [0.00693900603801, 0.00284622609615, 0.000900341779925, 0.000821785477456, 0.000331035640556, 0.000284591253148, 0.000151923391968, 0.00018321328389, 0.000110551700345, 4.88624391437e-05, 4.17920018663e-05, 9.06285931705e-05, 5.37605992577e-05, 4.2873165512e-05, 6.80734301568e-05, 6.42469021841e-05, 2.72628112725e-05, 2.2602158424e-05, 2.70742821158e-05, 2.1028035917e-05, 2.20126530621e-05, 1.61325860972e-05, 1.20413787954e-05, 8.62824617798e-06, 7.31019645173e-06, 5.74196337766e-06, 5.60339049116e-06, 3.98352722186e-06, 2.799800086e-06, 2.69131282948e-06, 2.2320723474e-06, 1.5993210809e-06, 1.61668515375e-06, 1.1739226693e-06, 1.184423013e-06, 1.53559415139e-06, 8.21737955903e-07, 8.22415813673e-07, 3.20804269904e-06, 1.89987542853e-06], "dvar": [8.38707346702e-05, 1.47382961586e-05, 2.05248534257e-06, 4.20885362473e-06, 3.32203853759e-07, 1.91072174971e-07, 4.90250613439e-08, 9.40241449143e-08, 4.75443400205e-08, 7.26975279974e-09, 6.9188055285e-09, 3.1212714191e-08, 7.44135775221e-09, 3.88772347648e-09, 2.03796641784e-08, 1.10815348009e-08, 1.75499337285e-09, 2.04024530603e-09, 1.84877624321e-09, 1.70422254087e-09, 1.61475677274e-09, 9.50827305779e-10, 5.8622706689e-10, 2.65413996337e-10, 2.10710116022e-10, 1.52887286164e-10, 1.83422665945e-10, 5.99752261743e-11, 2.98582651659e-11, 8.49593104202e-11, 6.50350814868e-11, 9.26319177613e-12, 4.9747744986e-12, 2.93424789674e-12, 2.33931537336e-12, 3.65407877567e-12, 1.22605972683e-12, 1.21909448682e-12, 1.59432987645e-11, 5.90024036573e-12], "dvar2": [0.000207082368433, 3.98056872655e-05, 5.22675054526e-06, 1.07093464976e-05, 6.0688165604e-07, 3.91019511881e-07, 1.03252972394e-07, 2.08386111922e-07, 1.16430051378e-07, 1.68854956684e-08, 1.52970880407e-08, 6.54956693324e-08, 1.52157948463e-08, 8.83653150652e-09, 3.90989249865e-08, 2.50826701631e-08, 4.28411572884e-09, 5.19986631531e-09, 4.56695836704e-09, 4.44974412872e-09, 3.85899312505e-09, 2.34211405825e-09, 1.49764223245e-09, 6.20690054909e-10, 5.10206377147e-10, 3.96946225889e-10, 4.74717321008e-10, 1.42883482823e-10, 7.5611808481e-11, 2.26263924263e-10, 1.77327957873e-10, 2.16103020895e-11, 1.13562596826e-11, 6.51799577853e-12, 5.26419836541e-12, 7.61633638102e-12, 2.60585064811e-12, 2.40620305798e-12, 3.723641534e-11, 1.27031466943e-11], "max": [0.105277717113, 0.07116227597, 0.0419029481709, 0.0363964922726, 0.0259541664273, 0.0131820337847, 0.00771995261312, 0.0097020259127, 0.00795818306506, 0.00194585986901, 0.0025928968098, 0.00708745978773, 0.00339610641822, 0.00180685147643, 0.00803639274091, 0.0041277334094, 0.000786048593, 0.00105133641046, 0.00098428374622, 0.000982671626844, 0.000850104668643, 0.000746464938857, 0.000606724643148, 0.000680267519783, 0.000264041504124, 0.000274140533293, 0.000434637302533, 0.000139398194733, 9.74179638433e-05, 0.000690434069838, 0.000632647483144, 0.000202417024411, 5.89212177147e-05, 4.18055642513e-05, 3.35156546498e-05, 3.95166352973e-05, 5.41787267139e-05, 6.59071010887e-05, 0.000146459933603, 0.000115925569844], "mean": [0.00889465864748, 0.00399837549776, 0.00113616837189, 0.000621950312052, 0.000613291049376, 0.000571544165723, 0.000311372597935, 0.0002695916628, 0.000106947583845, 5.41779809282e-05, 4.53818574897e-05, 0.000172664469574, 9.92858404061e-05, 6.79367440171e-05, 9.29114539758e-05, 8.12408834463e-05, 2.73969399132e-05, 2.28391436394e-05, 2.388772009e-05, 1.6902176867e-05, 1.95791126316e-05, 1.38764771691e-05, 9.82090023172e-06, 8.03783677839e-06, 6.46176249575e-06, 4.50803509011e-06, 4.55482313555e-06, 3.41714599017e-06, 2.40783310801e-06, 2.32291745306e-06, 1.81295899893e-06, 1.61400748766e-06, 1.57162662617e-06, 1.24681582747e-06, 1.17262311505e-06, 1.61126786224e-06, 1.01377213468e-06, 1.11367000954e-06, 2.89298941425e-06, 2.06580102713e-06], "median": [0.001661323593, 0.000492929248139, 0.000138375762617, 6.79790755385e-05, 8.56737970025e-05, 8.39844433358e-05, 4.78512811242e-05, 4.00461431127e-05, 2.1718271455e-05, 1.40084757732e-05, 1.10914024845e-05, 2.63921665464e-05, 2.26113697863e-05, 1.50456016854e-05, 1.69838021975e-05, 1.80498063855e-05, 1.0678813851e-05, 6.17179739493e-06, 8.24989092507e-06, 5.4646307035e-06, 6.4588175519e-06, 4.73924956168e-06, 3.464360816e-06, 2.7374826459e-06, 2.06669210456e-06, 1.48503784203e-06, 1.34335209623e-06, 9.45760234572e-07, 7.23959601601e-07, 6.7505629886e-07, 5.32570766154e-07, 4.98365920976e-07, 5.19067498317e-07, 3.39343955602e-07, 3.75652462026e-07, 5.80987602916e-07, 4.02358864449e-07, 5.61378556085e-07, 1.12641851047e-06, 8.73019246228e-07], "min": [1.16255486704e-24, 2.40885851113e-25, 7.16369271893e-25, 1.59096658783e-24, 1.53202911327e-24, 1.41107464839e-24, 8.34124462064e-25, 1.62743385254e-24, 3.30453951526e-24, 2.41710452348e-24, 2.52120596119e-24, 1.46957903831e-24, 1.68077820467e-24, 2.16727641631e-24, 3.12330838583e-24, 4.37895781298e-24, 3.25527889882e-24, 2.78097529348e-24, 3.59696394194e-24, 4.10317401267e-24, 3.85231032835e-24, 4.4142904985e-24, 4.61624322897e-24, 3.93240416492e-24, 4.56629847291e-24, 2.90291228461e-24, 4.20922018973e-24, 5.35583227648e-24, 3.33100382648e-24, 4.72328849836e-24, 4.96501875112e-24, 5.23672926815e-24, 6.50263408428e-24, 4.917249279e-24, 6.29343606082e-24, 5.21820365865e-24, 5.60014368212e-24, 6.6993909824e-24, 5.46353190599e-24, 6.09383729129e-24], "var": [0.000158102600835, 4.24784157076e-05, 6.45159116175e-06, 3.85851080864e-06, 2.16325224756e-06, 1.39628775742e-06, 3.80940036848e-07, 2.98164508195e-07, 8.33064106587e-08, 1.31210047272e-08, 1.4618997568e-08, 2.62564867626e-07, 5.53269146053e-08, 1.78686754282e-08, 7.35059941803e-08, 5.25224201908e-08, 2.30250396527e-09, 2.52617815555e-09, 2.5330819664e-09, 1.70822200829e-09, 2.00003191786e-09, 1.00304042849e-09, 5.56299117882e-10, 3.25400678625e-10, 2.37697389549e-10, 1.35871744411e-10, 1.70533642763e-10, 6.59285334659e-11, 2.99236815882e-11, 6.75723851873e-11, 4.67082587885e-11, 1.26178451368e-11, 7.78349086572e-12, 5.22347659918e-12, 3.83053744973e-12, 6.6266102848e-12, 2.62019681126e-12, 2.89280448554e-12, 2.34476431327e-11, 1.08851538894e-11]}, "mfcc": {"mean": [-678.288208008, 108.630661011, 12.9380550385, 7.93134021759, 19.9176502228, 7.52389955521, 10.2890844345, 2.46086740494, 2.45135235786, -1.53563392162, 5.34162759781, 5.87569236755, 8.18019008636], "cov": [[10466.0302734, 1058.48510742, -88.9191436768, 201.362014771, -89.4307785034, -258.213989258, -157.001159668, -112.237625122, -85.2887420654, -43.6322669983, -23.6011657715, 52.9700050354, 79.1299438477], [1058.48510742, 1425.44580078, -228.757278442, 61.8507499695, 157.403320312, -48.3109931946, 59.0348091125, 37.5344390869, 18.194726944, -25.0683479309, 2.41058564186, 35.9763679504, 34.5771102905], [-88.9191436768, -228.757278442, 1011.01452637, 190.936035156, 200.162597656, 111.672966003, 101.953422546, 74.553237915, 84.2213668823, 52.5195045471, 69.3754730225, -14.6624822617, -1.38017606735], [201.362014771, 61.8507499695, 190.936035156, 493.126983643, 167.388031006, 65.4877700806, 40.8398742676, 80.5956192017, 103.466247559, 87.5957565308, 19.4496517181, 16.8040065765, -6.49278354645], [-89.4307785034, 157.403320312, 200.162597656, 167.388031006, 386.593078613, 139.021865845, 117.174240112, 116.253585815, 115.746009827, 56.2959899902, 51.5263175964, 17.2494697571, 29.8263301849], [-258.213989258, -48.3109931946, 111.672966003, 65.4877700806, 139.021865845, 377.698974609, 208.649002075, 151.302124023, 134.787338257, 93.1334457397, 90.439453125, 55.6796836853, 52.3732147217], [-157.001159668, 59.0348091125, 101.953422546, 40.8398742676, 117.174240112, 208.649002075, 262.20199585, 143.121246338, 100.047096252, 80.9560241699, 87.3129348755, 53.6587905884, 61.2164268494], [-112.237625122, 37.5344390869, 74.553237915, 80.5956192017, 116.253585815, 151.302124023, 143.121246338, 192.008514404, 123.173530579, 87.3823547363, 74.2258987427, 55.543384552, 57.5987358093], [-85.2887420654, 18.194726944, 84.2213668823, 103.466247559, 115.746009827, 134.787338257, 100.047096252, 123.173530579, 176.361938477, 93.3170089722, 68.8863983154, 38.2544670105, 49.5573921204], [-43.6322669983, -25.0683479309, 52.5195045471, 87.5957565308, 56.2959899902, 93.1334457397, 80.9560241699, 87.3823547363, 93.3170089722, 140.46685791, 82.1059417725, 60.4473152161, 47.9932441711], [-23.6011657715, 2.41058564186, 69.3754730225, 19.4496517181, 51.5263175964, 90.439453125, 87.3129348755, 74.2258987427, 68.8863983154, 82.1059417725, 139.593399048, 81.0230178833, 71.4471740723], [52.9700050354, 35.9763679504, -14.6624822617, 16.8040065765, 17.2494697571, 55.6796836853, 53.6587905884, 55.543384552, 38.2544670105, 60.4473152161, 81.0230178833, 135.282211304, 92.0512619019], [79.1299438477, 34.5771102905, -1.38017606735, -6.49278354645, 29.8263301849, 52.3732147217, 61.2164268494, 57.5987358093, 49.5573921204, 47.9932441711, 71.4471740723, 92.0512619019, 139.710632324]], "icov": [[0.000109141932626, -9.0784727945e-05, -2.40389344981e-05, -6.81177625665e-05, 7.0059337304e-05, 1.43592369568e-05, 5.99150444032e-05, 3.83781771234e-05, 3.53813047695e-05, -9.54428560362e-06, -1.12765310405e-05, 1.42398248499e-05, -0.000118052623293], [-9.0784727945e-05, 0.000937209057156, 0.000315885059536, -7.97468892415e-05, -0.000548568088561, 0.000437611946836, -0.000523565453477, -3.61658130714e-05, -0.000121451324958, 0.000521302456036, -3.23376698361e-05, -0.000301261141431, 9.52988557401e-05], [-2.40389344981e-05, 0.000315885059536, 0.00131181464531, -0.000389359920518, -0.000567570968997, 0.000105742801679, -0.000381042045774, 0.000115430324513, -8.74224042491e-06, 0.000343402352883, -0.000849882315379, 0.000543314032257, 9.29877132876e-05], [-6.81177625665e-05, -7.97468892415e-05, -0.000389359920518, 0.00298933358863, -0.000882886408363, 0.000121838005725, 0.000477566005429, -0.000237340995227, -0.000887370784767, -0.00175525527447, 0.00125456019305, -0.000819716427941, 0.00104104087222], [7.0059337304e-05, -0.000548568088561, -0.000567570968997, -0.000882886408363, 0.00429391488433, -0.000588543305639, -0.000243955262704, -0.000823861686513, -0.00109379331116, 0.000731779146008, -0.000297376071103, 0.000718684110325, -0.000384909799322], [1.43592369568e-05, 0.000437611946836, 0.000105742801679, 0.000121838005725, -0.000588543305639, 0.00563979987055, -0.00335931964219, -0.000586924841627, -0.00182753964327, 0.000194130436284, -0.000302334636217, -0.000773485458922, 0.000861445791088], [5.99150444032e-05, -0.000523565453477, -0.000381042045774, 0.000477566005429, -0.000243955262704, -0.00335931964219, 0.00922901183367, -0.00379651598632, 0.00127054855693, -0.000909843598492, -0.00144825456664, 0.000993935158476, -0.00110556255095], [3.83781771234e-05, -3.61658130714e-05, 0.000115430324513, -0.000237340995227, -0.000823861686513, -0.000586924841627, -0.00379651598632, 0.0133783174679, -0.00506575731561, -0.00132608611602, 0.000260927423369, -0.00146781862713, -0.000392670655856], [3.53813047695e-05, -0.000121451324958, -8.74224042491e-06, -0.000887370784767, -0.00109379331116, -0.00182753964327, 0.00127054855693, -0.00506575731561, 0.0139933731407, -0.00446263561025, -0.00115082226694, 0.00291735958308, -0.00234524370171], [-9.54428560362e-06, 0.000521302456036, 0.000343402352883, -0.00175525527447, 0.000731779146008, 0.000194130436284, -0.000909843598492, -0.00132608611602, -0.00446263561025, 0.0158738475293, -0.00523765431717, -0.00250304234214, 0.00097226141952], [-1.12765310405e-05, -3.23376698361e-05, -0.000849882315379, 0.00125456019305, -0.000297376071103, -0.000302334636217, -0.00144825456664, 0.000260927423369, -0.00115082226694, -0.00523765431717, 0.0161745510995, -0.00547994999215, -0.00168542016763], [1.42398248499e-05, -0.000301261141431, 0.000543314032257, -0.000819716427941, 0.000718684110325, -0.000773485458922, 0.000993935158476, -0.00146781862713, 0.00291735958308, -0.00250304234214, -0.00547994999215, 0.0174353886396, -0.00852031819522], [-0.000118052623293, 9.52988557401e-05, 9.29877132876e-05, 0.00104104087222, -0.000384909799322, 0.000861445791088, -0.00110556255095, -0.000392670655856, -0.00234524370171, 0.00097226141952, -0.00168542016763, -0.00852031819522, 0.0146293835714]]}, "spectral_contrast_coeffs": {"dmean": [0.0548159629107, 0.0477954447269, 0.0366631262004, 0.0309581384063, 0.0212468523532, 0.0165089145303], "dmean2": [0.0870817899704, 0.0762544423342, 0.0595320314169, 0.0500978380442, 0.033680703491, 0.0262999795377], "dvar": [0.00248481729068, 0.00172477436718, 0.000940771657042, 0.000698804447893, 0.000349924142938, 0.000264663307462], "dvar2": [0.00554659496993, 0.00417209416628, 0.00226873136126, 0.0016523685772, 0.000807976932265, 0.000620941340458], "max": [-0.236490577459, -0.31273329258, -0.405885279179, -0.446184247732, -0.589512944221, -0.623241901398], "mean": [-0.647092342377, -0.695441961288, -0.763674974442, -0.768433988094, -0.795746266842, -0.807016849518], "median": [-0.659173369408, -0.706667304039, -0.776920676231, -0.775271117687, -0.797607183456, -0.809668838978], "min": [-0.979448735714, -0.97982186079, -0.979285895824, -0.973171472549, -0.966759502888, -0.967229306698], "var": [0.016209602356, 0.0142952874303, 0.00712682772428, 0.00425328919664, 0.00198963657022, 0.00124284764752]}, "spectral_contrast_valleys": {"dmean": [0.503256857395, 0.441456615925, 0.365782409906, 0.333378404379, 0.308797776699, 0.352260529995], "dmean2": [0.803207933903, 0.712963104248, 0.581037402153, 0.526429176331, 0.451136469841, 0.413915574551], "dvar": [0.235477283597, 0.204849407077, 0.153375416994, 0.15763066709, 0.169820681214, 0.173022329807], "dvar2": [0.506952881813, 0.442600846291, 0.29818546772, 0.305625349283, 0.307421714067, 0.285586982965], "max": [-4.95012140274, -4.29919528961, -5.33539485931, -5.2353014946, -5.225707054