{"lowlevel": {"average_loudness": 0.927888453007, "barkbands_crest": {"dmean": 2.80453824997, "dmean2": 4.50935459137, "dvar": 7.47842931747, "dvar2": 17.8396453857, "max": 26.8534622192, "mean": 10.8891868591, "median": 10.0869884491, "min": 2.2678565979, "var": 23.0398521423}, "barkbands_flatness_db": {"dmean": 0.026296518743, "dmean2": 0.0385495610535, "dvar": 0.000745322846342, "dvar2": 0.00151502131484, "max": 0.576026916504, "mean": 0.157614722848, "median": 0.145292416215, "min": 0.0222293604165, "var": 0.00592219270766}, "barkbands_kurtosis": {"dmean": 5.19808626175, "dmean2": 8.31722640991, "dvar": 2837.18579102, "dvar2": 8107.94628906, "max": 3616.89306641, "mean": 7.43574333191, "median": 1.73720598221, "min": -1.94052481651, "var": 1819.22912598}, "barkbands_skewness": {"dmean": 0.686990916729, "dmean2": 1.01494443417, "dvar": 1.17687153816, "dvar2": 2.80054163933, "max": 58.0874214172, "mean": 1.6765961647, "median": 1.40557122231, "min": -2.80999326706, "var": 3.1166267395}, "barkbands_spread": {"dmean": 6.61120271683, "dmean2": 10.271109581, "dvar": 69.2040863037, "dvar2": 158.56552124, "max": 126.496162415, "mean": 23.3277053833, "median": 21.6317405701, "min": 0.133496999741, "var": 249.666992188}, "dissonance": {"dmean": 0.0179112292826, "dmean2": 0.0296425409615, "dvar": 0.000376451440388, "dvar2": 0.000966713239904, "max": 0.499999910593, "mean": 0.461374998093, "median": 0.470590651035, "min": 0.185180515051, "var": 0.00114406703506}, "dynamic_complexity": 3.83549690247, "erbbands_crest": {"dmean": 2.63263607025, "dmean2": 4.14843654633, "dvar": 7.1158323288, "dvar2": 16.500831604, "max": 33.2358818054, "mean": 9.70887470245, "median": 8.36436367035, "min": 2.68285655975, "var": 25.8333263397}, "erbbands_flatness_db": {"dmean": 0.0211293641478, "dmean2": 0.0300243925303, "dvar": 0.000473645108286, "dvar2": 0.000942171667702, "max": 0.450834333897, "mean": 0.172631934285, "median": 0.167885959148, "min": 0.0382261648774, "var": 0.00285466457717}, "erbbands_kurtosis": {"dmean": 1.25468790531, "dmean2": 1.9979865551, "dvar": 15.2284889221, "dvar2": 36.323425293, "max": 210.808837891, "mean": 0.993242204189, "median": -0.362913131714, "min": -1.8788998127, "var": 56.0083808899}, "erbbands_skewness": {"dmean": 0.420042484999, "dmean2": 0.637547552586, "dvar": 0.21152767539, "dvar2": 0.45494800806, "max": 10.9563884735, "mean": 0.207808867097, "median": 0.038930889219, "min": -5.38777923584, "var": 1.28604030609}, "erbbands_spread": {"dmean": 9.13334846497, "dmean2": 13.8561649323, "dvar": 109.978683472, "dvar2": 246.429122925, "max": 155.482421875, "mean": 40.8258285522, "median": 38.2958869934, "min": 1.24723362923, "var": 374.373535156}, "hfc": {"dmean": 8.88491630554, "dmean2": 12.3527612686, "dvar": 272.082489014, "dvar2": 566.786987305, "max": 254.108581543, "mean": 17.531337738, "median": 9.63997936249, "min": 1.10235230184e-16, "var": 535.02355957}, "melbands_crest": {"dmean": 3.72089314461, "dmean2": 5.88674736023, "dvar": 13.2520532608, "dvar2": 30.2998409271, "max": 39.9721069336, "mean": 15.5342845917, "median": 14.6273231506, "min": 1.62743115425, "var": 43.7165336609}, "melbands_flatness_db": {"dmean": 0.0309298932552, "dmean2": 0.0446987338364, "dvar": 0.00104009662755, "dvar2": 0.00207805144601, "max": 0.727898359299, "mean": 0.218597829342, "median": 0.207972869277, "min": 0.00437745358795, "var": 0.0102922953665}, "melbands_kurtosis": {"dmean": 11.7140407562, "dmean2": 18.2606143951, "dvar": 3522.32885742, "dvar2": 9808.3671875, "max": 3848.96435547, "mean": 20.1850662231, "median": 8.55970096588, "min": -1.84253394604, "var": 2877.99243164}, "melbands_skewness": {"dmean": 0.951514661312, "dmean2": 1.40519201756, "dvar": 1.76296675205, "dvar2": 4.02340745926, "max": 58.8510246277, "mean": 2.98602962494, "median": 2.55380129814, "min": -2.00762248039, "var": 5.09136343002}, "melbands_spread": {"dmean": 8.54126262665, "dmean2": 12.9000940323, "dvar": 137.741699219, "dvar2": 309.173400879, "max": 246.531021118, "mean": 27.3247089386, "median": 20.0522441864, "min": 0.196657598019, "var": 789.310668945}, "pitch_salience": {"dmean": 0.0806186571717, "dmean2": 0.127996146679, "dvar": 0.00589221157134, "dvar2": 0.01386410743, "max": 0.873862922192, "mean": 0.513000369072, "median": 0.518253684044, "min": 0.00338155776262, "var": 0.0197911728173}, "silence_rate_20dB": {"dmean": 0, "dmean2": 0, "dvar": 0, "dvar2": 0, "max": 1, "mean": 1, "median": 1, "min": 1, "var": 0}, "silence_rate_30dB": {"dmean": 0.00652528554201, "dmean2": 0.0130520919338, "dvar": 0.00648250430822, "dvar2": 0.0182416830212, "max": 1, "mean": 0.996155202389, "median": 1, "min": 0, "var": 0.0038302699104}, "silence_rate_60dB": {"dmean": 0.0344907939434, "dmean2": 0.0689896270633, "dvar": 0.0333016961813, "dvar2": 0.07402022928, "max": 1, "mean": 0.12571361661, "median": 0, "min": 0, "var": 0.109914474189}, "spectral_centroid": {"dmean": 299.558441162, "dmean2": 446.966125488, "dvar": 123168.640625, "dvar2": 269656.65625, "max": 11662.3378906, "mean": 1672.66809082, "median": 1545.31054688, "min": 102.752311707, "var": 1578264.125}, "spectral_complexity": {"dmean": 4.74597978592, "dmean2": 6.46894311905, "dvar": 40.1202201843, "dvar2": 68.0888442993, "max": 61, "mean": 16.0305252075, "median": 14, "min": 0, "var": 147.167190552}, "spectral_decrease": {"dmean": 2.3783917058e-09, "dmean2": 3.38728001203e-09, "dvar": 1.53864444767e-17, "dvar2": 3.16259537018e-17, "max": 3.87906348257e-20, "mean": -4.93639751298e-09, "median": -3.48103323944e-09, "min": -6.04867622656e-08, "var": 2.66184868235e-17}, "spectral_energy": {"dmean": 0.00962537247688, "dmean2": 0.0136248655617, "dvar": 0.000243618444074, "dvar2": 0.000495013315231, "max": 0.230622172356, "mean": 0.0202212780714, "median": 0.0142593607306, "min": 1.00748869931e-20, "var": 0.000434143119492}, "spectral_energyband_high": {"dmean": 0.000643678824417, "dmean2": 0.000936958414968, "dvar": 2.58437989942e-06, "dvar2": 5.8085256569e-06, "max": 0.0392912998796, "mean": 0.0010108591523, "median": 0.000236005042098, "min": 7.18934578216e-21, "var": 4.62057505501e-06}, "spectral_energyband_low": {"dmean": 0.00523351924494, "dmean2": 0.00796087738127, "dvar": 0.000139129537274, "dvar2": 0.000308955350192, "max": 0.212046802044, "mean": 0.00826499518007, "median": 0.00290487706661, "min": 9.66493921732e-24, "var": 0.000192565508769}, "spectral_energyband_middle_high": {"dmean": 0.00246492074803, "dmean2": 0.00347656966187, "dvar": 2.25142084673e-05, "dvar2": 4.4880380301e-05, "max": 0.0843378156424, "mean": 0.00460598291829, "median": 0.00207372382283, "min": 1.13682283094e-21, "var": 4.43387616542e-05}, "spectral_energyband_middle_low": {"dmean": 0.00363734574057, "dmean2": 0.00544479163364, "dvar": 4.18587515014e-05, "dvar2": 9.42260376178e-05, "max": 0.0878700464964, "mean": 0.00690209912136, "median": 0.00424087047577, "min": 1.72447164827e-22, "var": 6.93345209584e-05}, "spectral_entropy": {"dmean": 0.195019751787, "dmean2": 0.280564814806, "dvar": 0.0503096804023, "dvar2": 0.102033428848, "max": 9.82662773132, "mean": 7.39444589615, "median": 7.47688579559, "min": 3.95543169975, "var": 0.491886734962}, "spectral_flux": {"dmean": 0.027734939009, "dmean2": 0.0417156852782, "dvar": 0.00115083460696, "dvar2": 0.00247626844794, "max": 0.391428947449, "mean": 0.0734584629536, "median": 0.0610122010112, "min": 6.31085114722e-11, "var": 0.00284132244997}, "spectral_kurtosis": {"dmean": 2.09064531326, "dmean2": 3.49068498611, "dvar": 11.3137989044, "dvar2": 26.97722435, "max": 96.3378219604, "mean": 5.126557827, "median": 3.34175872803, "min": -1.39537811279, "var": 59.5794525146}, "spectral_rms": {"dmean": 0.000925491913222, "dmean2": 0.00125348370057, "dvar": 1.35245477395e-06, "dvar2": 2.4846569886e-06, "max": 0.0149999083951, "mean": 0.00392433721572, "median": 0.00372982188128, "min": 3.13514882458e-12, "var": 4.32764863945e-06}, "spectral_rolloff": {"dmean": 581.531433105, "dmean2": 959.37701416, "dvar": 944435.0625, "dvar2": 2051786, "max": 19530.6152344, "mean": 1843.37158203, "median": 1119.7265625, "min": 21.533203125, "var": 7177064}, "spectral_skewness": {"dmean": 0.27305406332, "dmean2": 0.437560200691, "dvar": 0.0935161858797, "dvar2": 0.217190206051, "max": 8.42645549774, "mean": 1.37184238434, "median": 1.22520422935, "min": -0.298094004393, "var": 0.756397247314}, "spectral_spread": {"dmean": 553554.625, "dmean2": 820805.1875, "dvar": 760533483520, "dvar2": 1352713109500.0, "max": 42615780, "mean": 4400397.5, "median": 3761474, "min": 828914.75, "var": 15393995358200.0}, "spectral_strongpeak": {"dmean": 0.462314605713, "dmean2": 0.764879107475, "dvar": 0.790291011333, "dvar2": 1.80283820629, "max": 14.7877645493, "mean": 0.80264633894, "median": 0.377554297447, "min": 0, "var": 1.35645401478}, "zerocrossingrate": {"dmean": 0.01067374181, "dmean2": 0.0124803911895, "dvar": 0.000184371805517, "dvar2": 0.000212109385757, "max": 0.525390625, "mean": 0.0638917386532, "median": 0.0498046875, "min": 0, "var": 0.0046375147067}, "barkbands": {"dmean": [0.000422601529863, 0.0040854010731, 0.00100264488719, 0.000626097491477, 0.0015146646183, 0.000718205876183, 0.000539949105587, 0.0010207334999, 0.000357251352398, 0.000610205403063, 0.000243148300797, 0.00041093697655, 0.000236218635109, 0.000309339229716, 0.000414288108004, 0.000360992737114, 0.000294677156489, 0.000212655373616, 0.00020388039411, 0.000271969620371, 0.000233198894421, 0.000121581251733, 6.04796223342e-05, 6.62683742121e-05, 4.26291589974e-05, 3.13244599965e-05, 1.04375085357e-05], "dmean2": [0.000627686909866, 0.00645204028115, 0.00152183021419, 0.00104217941407, 0.0023968659807, 0.00114224816207, 0.000848881143611, 0.00162106868811, 0.000567814917304, 0.000943472608924, 0.000371725793229, 0.000649894645903, 0.000360884034308, 0.000482065690449, 0.000643132603727, 0.000563057488762, 0.00046240730444, 0.000328439404257, 0.000309715280309, 0.000408851454267, 0.000350614049239, 0.000187668076251, 9.69910543063e-05, 0.00010777109128, 6.73275644658e-05, 4.99228190165e-05, 1.74979904841e-05], "dvar": [1.134674676e-06, 0.000105231833004, 5.47319177713e-06, 2.16201692638e-06, 9.3913240562e-06, 2.96052030535e-06, 2.00539398065e-06, 8.68748065841e-06, 1.99986129701e-06, 4.52223957836e-06, 5.3429403124e-07, 1.2814944057e-06, 3.80412217282e-07, 8.47403043736e-07, 1.34303502364e-06, 6.94131188084e-07, 5.41377460195e-07, 2.19063011286e-07, 1.66615834019e-07, 4.17331051494e-07, 3.58978695658e-07, 1.57098469344e-07, 4.21528802974e-08, 7.54054880758e-08, 2.46199096665e-08, 1.37906379649e-08, 2.60484700476e-09], "dvar2": [2.36793425756e-06, 0.000247620337177, 1.2783272723e-05, 5.66895641896e-06, 2.29136840062e-05, 7.06362106939e-06, 4.4105768211e-06, 2.05704436667e-05, 4.83115081806e-06, 9.47380067373e-06, 1.18396769722e-06, 3.14365979648e-06, 8.46542718591e-07, 1.87959017239e-06, 3.08908420266e-06, 1.65301560173e-06, 1.32053810376e-06, 5.31089483502e-07, 3.80043360337e-07, 8.87315195541e-07, 7.77362629378e-07, 3.88410285268e-07, 1.03201429624e-07, 1.90027208191e-07, 5.84566883788e-08, 3.211867039e-08, 6.37413455351e-09], "max": [0.0145593332127, 0.143299102783, 0.0624563507736, 0.0345690622926, 0.0568101853132, 0.0350275188684, 0.0386322103441, 0.0613857544959, 0.0602294243872, 0.0617024824023, 0.0188095606863, 0.0217688698322, 0.0148305483162, 0.026420192793, 0.0186497680843, 0.0121876783669, 0.0158077012748, 0.011997114867, 0.0069459467195, 0.0151437800378, 0.0200136043131, 0.0140842851251, 0.00761852832511, 0.00936917494982, 0.00376904965378, 0.00222130678594, 0.00109857728239], "mean": [0.000464252603706, 0.00540962582454, 0.0019726275932, 0.000792321865447, 0.00226796790957, 0.000940402445849, 0.000867666210979, 0.00136648945045, 0.000425899605034, 0.000786521122791, 0.00031955121085, 0.000528312521055, 0.000359590398148, 0.000429334613727, 0.000551858334802, 0.000491748331115, 0.000416496332036, 0.000317352387356, 0.000335126795107, 0.000418255804107, 0.000351008377038, 0.000169963750523, 7.31320978957e-05, 7.91149432189e-05, 4.7348523367e-05, 3.0772156606e-05, 8.56066617416e-06], "median": [6.69995497447e-05, 0.00152776692994, 0.000522351474501, 0.000335960474331, 0.00110156519804, 0.00033877720125, 0.000158731636475, 0.000238267937675, 6.60577352392e-05, 0.000187149184057, 5.3084200772e-05, 8.18871340016e-05, 5.68976684008e-05, 5.86976966588e-05, 9.64716964518e-05, 0.000137271956191, 0.000148982784594, 0.000130403030198, 0.000130367145175, 0.000115830727736, 6.82703466737e-05, 3.50579648511e-05, 1.21776729429e-05, 9.87750991044e-06, 3.78554386771e-06, 8.26558391509e-07, 2.57912642354e-08], "min": [1.89813048609e-25, 2.09981677879e-24, 1.88422839035e-24, 1.21134966112e-24, 7.67859613544e-24, 7.80867377668e-24, 4.31936686577e-24, 3.42353878838e-24, 1.12357072189e-23, 9.83686198528e-24, 1.72767764209e-23, 2.84745559963e-23, 2.62184011856e-23, 2.70344020614e-23, 2.8132386001e-23, 5.96482973987e-23, 6.60447350279e-23, 7.85276005723e-23, 1.24009906177e-22, 1.70361479702e-22, 2.32772759266e-22, 2.70982884352e-22, 4.20589862778e-22, 6.05622527108e-22, 7.72524794942e-22, 1.32783238512e-21, 1.89996257925e-21], "var": [1.4510831079e-06, 0.000119659824122, 1.36114313136e-05, 2.20925880967e-06, 1.34733390951e-05, 3.8599346226e-06, 5.56443546884e-06, 1.30758107844e-05, 2.58646105067e-06, 6.25841948931e-06, 8.1879187519e-07, 1.79427479452e-06, 6.65328627747e-07, 1.29083434786e-06, 1.86610225228e-06, 9.48986155436e-07, 6.58838075651e-07, 2.85717447923e-07, 2.95000802453e-07, 7.32721730401e-07, 6.9126008384e-07, 1.94689548039e-07, 5.46282592495e-08, 9.4812314444e-08, 3.24748512526e-08, 1.50390722098e-08, 2.41446107552e-09]}, "erbbands": {"dmean": [0.168646469712, 0.766991555691, 1.21421980858, 1.65532362461, 2.94152784348, 6.17750644684, 7.32780647278, 4.52889108658, 5.80404186249, 13.5547027588, 21.2968006134, 8.07560539246, 14.7916917801, 14.3618526459, 11.4956150055, 17.3627605438, 9.86555576324, 14.8261156082, 19.8904838562, 19.48736763, 19.7223796844, 13.6580200195, 11.6739082336, 9.75898456573, 10.9360513687, 12.915096283, 11.4646654129, 7.52087211609, 4.78534793854, 2.60319280624, 1.63322508335, 1.24560415745, 1.18215894699, 0.521327674389, 0.300907403231, 0.156344160438, 0.0563349537551, 0.00972024258226, 0.00186233560089, 0.000129592881422], "dmean2": [0.259690999985, 1.24383580685, 1.8664714098, 2.62802743912, 4.85563087463, 9.87367630005, 11.4736709595, 7.28155851364, 9.25123691559, 20.7618026733, 33.9711303711, 12.6799821854, 23.033536911, 22.260591507, 17.2907466888, 27.0629825592, 14.9722929001, 22.2866764069, 29.9704151154, 30.7480983734, 30.7107963562, 21.003370285, 17.7933807373, 14.7505578995, 16.7211322784, 19.1932029724, 16.7441558838, 11.652173996, 7.32404279709, 4.16156864166, 2.59107208252, 2.01804733276, 1.91029345989, 0.833126485348, 0.476161539555, 0.251014590263, 0.089488774538, 0.0156100634485, 0.00312532903627, 0.000214859086554], "dvar": [0.220648810267, 3.25119757652, 7.26896047592, 15.9807319641, 44.5124092102, 183.031906128, 254.472381592, 114.742599487, 209.613876343, 1075.18322754, 5317.35546875, 846.03918457, 2109.62939453, 3776.81005859, 1099.70825195, 2244.84790039, 562.423583984, 1672.60595703, 3821.70776367, 3139.08276367, 2154.68212891, 1047.57470703, 643.707580566, 373.749420166, 515.521911621, 1014.45849609, 934.997131348, 381.467132568, 255.338760376, 82.5301361084, 29.6403236389, 18.2843933105, 32.8244514465, 5.48912191391, 1.12949454784, 0.350137531757, 0.0457809939981, 0.00164529751055, 8.78307328094e-05, 3.91773482988e-07], "dvar2": [0.505875945091, 8.2278842926, 17.4259929657, 38.1890983582, 116.982421875, 453.590026855, 591.104736328, 281.591949463, 470.433044434, 2376.79785156, 13092.5244141, 2067.22460938, 4430.375, 8608.5, 2410.24267578, 5388.32275391, 1267.74169922, 3638.26953125, 8164.52246094, 8215.67285156, 5198.68408203, 2495.89672852, 1531.04772949, 844.037475586, 1181.50134277, 2172.1496582, 1925.66845703, 902.014526367, 636.823059082, 209.054122925, 71.5318222046, 46.99974823, 81.8767623901, 13.6854038239, 2.64039635658, 0.838321745396, 0.106856659055, 0.00393003551289, 0.000214308965951, 9.91483602775e-07], "max": [5.5643119812, 34.3737449646, 80.1902084351, 98.3664779663, 155.116882324, 253.866729736, 337.270355225, 193.231811523, 593.44329834, 827.834350586, 1526.4979248, 1130.72814941, 1486.29870605, 2156.38623047, 997.058410645, 853.305541992, 607.21105957, 1189.02612305, 1279.11975098, 1132.57922363, 855.599853516, 664.280822754, 603.489257812, 320.535552979, 413.632324219, 795.469177246, 1015.8480835, 588.805664062, 582.543457031, 282.332611084, 168.01159668, 116.909515381, 223.421142578, 78.0700759888, 25.7134094238, 9.83964538574, 4.54912853241, 1.04452216625, 0.217706337571, 0.0156014226377], "mean": [0.178075611591, 1.10463166237, 2.50095653534, 2.50340008736, 3.80068302155, 8.50715255737, 11.1925630569, 5.89019346237, 9.00811862946, 21.1161346436, 28.1565246582, 10.330119133, 20.166677475, 18.9087219238, 15.9992790222, 23.2309761047, 15.1823148727, 23.1460418701, 29.6943626404, 25.8981895447, 27.7864952087, 20.0996856689, 18.4253692627, 16.4611244202, 17.4093494415, 20.0707168579, 18.3376235962, 10.9267807007, 6.79307365417, 3.29246544838, 1.96944272518, 1.47527015209, 1.37924432755, 0.604966402054, 0.317620426416, 0.151403173804, 0.0551100745797, 0.00910576805472, 0.00153447466437, 0.000118929456221], "median": [0.0371181443334, 0.342897474766, 0.705808222294, 1.21690011024, 1.73022985458, 3.48229932785, 4.0401506424, 2.25951766968, 2.63952326775, 4.0344991684, 5.70306110382, 2.49505901337, 5.20449638367, 4.34315395355, 2.92106771469, 4.00079441071, 2.91483283043, 3.72783708572, 3.76846241951, 7.71401405334, 8.93296909332, 8.1624584198, 8.12904071808, 7.05652475357, 6.48690271378, 5.58380031586, 3.61334300041, 2.16325068474, 1.35600352287, 0.682505965233, 0.301342129707, 0.203193575144, 0.145784243941, 0.0609297566116, 0.0182795692235, 0.005071493797, 0.00134977756534, 0.00017209626094, 1.62060568982e-05, 1.96936543944e-05], "min": [8.82536370668e-23, 3.50105481684e-22, 2.20613290089e-21, 5.64702956375e-21, 9.75171221295e-21, 2.63241699645e-20, 3.76014657599e-20, 7.05985857364e-20, 9.01571420732e-20, 1.03694792903e-19, 1.03325928511e-19, 2.72233075355e-19, 6.00167665979e-19, 5.82876385852e-19, 1.00145474632e-18, 1.2878668606e-18, 1.32144636096e-18, 1.94667589344e-18, 2.12638646499e-18, 3.24752287221e-18, 3.31062082972e-18, 5.00214645257e-18, 3.7768777256e-18, 5.19466115961e-18, 7.57722504671e-18, 8.85662447297e-18, 9.3383281396e-18, 1.07456609738e-17, 9.62144393914e-18, 1.05696137783e-17, 1.068714539e-17, 9.23430521449e-18, 1.1320915459e-17, 8.45705322371e-18, 6.35347502335e-18, 4.18182316729e-18, 2.32307016232e-18, 8.8027702588e-19, 2.32250602514e-19, 2.59256918603e-20], "var": [0.233215674758, 3.76739501953, 20.5170955658, 19.4289360046, 44.1544532776, 239.993988037, 510.462554932, 130.135665894, 430.283355713, 2464.70556641, 7198.86035156, 1046.36669922, 3548.63574219, 4223.83349609, 1776.77783203, 3415.31884766, 943.136413574, 2837.03344727, 6456.57275391, 2921.78271484, 2954.62939453, 1332.36083984, 877.711425781, 647.702819824, 862.455383301, 1723.75048828, 2012.23022461, 620.789428711, 315.753417969, 90.2720565796, 41.1487770081, 23.9951095581, 39.1799697876, 6.47353076935, 1.50081586838, 0.359671056271, 0.0510283112526, 0.00177056528628, 8.17272593849e-05, 3.3580565173e-07]}, "gfcc": {"mean": [-65.0510177612, 98.2927780151, -120.558097839, 47.8543739319, -50.7079162598, 4.81893157959, -29.97697258, 7.14776229858, -20.5557823181, 0.372539520264, -12.9452447891, -4.1015920639, -4.27950954437], "cov": [[30323.8691406, 76.7267990112, -3454.59301758, 891.914611816, -1243.32324219, 510.643432617, -434.364898682, 371.069641113, -225.632217407, 535.776672363, -523.94519043, 147.011978149, -133.993240356], [76.7267990112, 1983.43908691, -134.097595215, 166.076278687, 112.62159729, -240.696990967, -72.8182144165, -116.479316711, 51.3920631409, -250.457794189, 126.993606567, -121.730712891, 95.9686279297], [-3454.59301758, -134.097595215, 1578.62756348, 65.4849243164, 319.786468506, 33.8642234802, -36.5742073059, -9.21718406677, -19.5243930817, -44.5125350952, 37.6888999939, 31.0630168915, -30.7895259857], [891.914611816, 166.076278687, 65.4849243164, 569.473266602, 56.1784973145, 50.7151451111, 13.4620141983, 25.629945755, 80.0627288818, -12.6269855499, 29.0811347961, -2.83569788933, 76.2798690796], [-1243.32324219, 112.62159729, 319.786468506, 56.1784973145, 440.879943848, 94.216796875, 86.4938430786, 2.01950144768, 8.2453289032, -27.4861927032, 3.09457659721, 10.8168373108, 5.90392017365], [510.643432617, -240.696990967, 33.8642234802, 50.7151451111, 94.216796875, 304.627593994, 102.132522583, 8.61734199524, -45.8542366028, 55.5383834839, -7.72409915924, 13.1018610001, -10.2379846573], [-434.364898682, -72.8182144165, -36.5742073059, 13.4620141983, 86.4938430786, 102.132522583, 277.336517334, 8.87564277649, 2.96879816055, 44.7111053467, 16.1526069641, -0.828247189522, -6.28692007065], [371.069641113, -116.479316711, -9.21718406677, 25.629945755, 2.01950144768, 8.61734199524, 8.87564277649, 199.757415771, 82.3921508789, 23.8626804352, -16.830247879, 7.71090555191, -11.95200634], [-225.632217407, 51.3920631409, -19.5243930817, 80.0627288818, 8.2453289032, -45.8542366028, 2.96879816055, 82.3921508789, 201.521347046, 34.0332183838, 18.086057663, -14.0145244598, 19.2801609039], [535.776672363, -250.457794189, -44.5125350952, -12.6269855499, -27.4861927032, 55.5383834839, 44.7111053467, 23.8626804352, 34.0332183838, 164.414505005, 0.65287643671, 20.525592804, -29.3049964905], [-523.94519043, 126.993606567, 37.6888999939, 29.0811347961, 3.09457659721, -7.72409915924, 16.1526069641, -16.830247879, 18.086057663, 0.65287643671, 129.749557495, 10.6618041992, 19.4561042786], [147.011978149, -121.730712891, 31.0630168915, -2.83569788933, 10.8168373108, 13.1018610001, -0.828247189522, 7.71090555191, -14.0145244598, 20.525592804, 10.6618041992, 116.556648254, 32.5240783691], [-133.993240356, 95.9686279297, -30.7895259857, 76.2798690796, 5.90392017365, -10.2379846573, -6.28692007065, -11.95200634, 19.2801609039, -29.3049964905, 19.4561042786, 32.5240783691, 129.22744751]], "icov": [[9.16290446185e-05, -0.000116632829304, 0.000165743855177, -0.000212163460674, 0.000174896005774, -0.000219333218411, 0.000215065228986, -0.000211570833926, 0.000248176394962, -0.000356010859832, 0.000370173336705, -0.000261041044723, 0.000204083975405], [-0.000116632829304, 0.00102703017183, -2.86834419967e-05, 8.69943396538e-05, -0.000636095006485, 0.000819031673018, -0.000198535897653, 0.000629332731478, -0.000468847836601, 0.00139817490708, -0.00127489049919, 0.00110665010288, -0.000498894485645], [0.000165743855177, -2.86834419967e-05, 0.00113056320697, -0.000513401639182, -0.000391991226934, -0.000251225283137, 0.000704120728187, -0.000309569062665, 0.000513639301062, -0.000353275361704, 0.00021877377003, -0.000559761712793, 0.000720400130376], [-0.000212163460674, 8.69943396538e-05, -0.000513401639182, 0.00265072355978, -0.000374889496015, -0.000185322234756, -0.000436267262558, 0.000377146265237, -0.00138789054472, 0.000854043348227, -0.000920018879697, 0.000806013471447, -0.00161907507572], [0.000174896005774, -0.000636095006485, -0.000391991226934, -0.000374889496015, 0.00371018308215, -0.0015401407145, -0.000568348390516, -0.000351138267433, -0.000134466521558, -5.76192542212e-05, 0.00141158141196, -0.0012254153844, 0.000532862439286], [-0.000219333218411, 0.000819031673018, -0.000251225283137, -0.000185322234756, -0.0015401407145, 0.00550736952573, -0.00160699139815, 9.99340627459e-05, 0.00121114589274, -0.000345520267729, -0.00115135801025, 0.00121882150415, -0.000740843475796], [0.000215065228986, -0.000198535897653, 0.000704120728187, -0.000436267262558, -0.000568348390516, -0.00160699139815, 0.00507089775056, -0.000581540982239, 0.000591722724494, -0.00172374513932, 3.83305086871e-05, -0.000118375661259, 0.000432127824752], [-0.000211570833926, 0.000629332731478, -0.000309569062665, 0.000377146265237, -0.000351138267433, 9.99340627459e-05, -0.000581540982239, 0.00717381434515, -0.00382484984584, 0.00158095627557, 3.53618565896e-06, -0.000375275849365, 0.000699127907865], [0.000248176394962, -0.000468847836601, 0.000513639301062, -0.00138789054472, -0.000134466521558, 0.00121114589274, 0.000591722724494, -0.00382484984584, 0.00859086867422, -0.00363800348714, 1.67111938936e-05, 0.00113076262642, -0.00106956087984], [-0.000356010859832, 0.00139817490708, -0.000353275361704, 0.000854043348227, -5.76192542212e-05, -0.000345520267729, -0.00172374513932, 0.00158095627557, -0.00363800348714, 0.0107973832637, -0.00221964693628, -0.000608534202911, 0.00152049807366], [0.000370173336705, -0.00127489049919, 0.00021877377003, -0.000920018879697, 0.00141158141196, -0.00115135801025, 3.83305086871e-05, 3.53618565896e-06, 1.67111938936e-05, -0.00221964693628, 0.010658656247, -0.00254718703218, 0.000302775471937], [-0.000261041044723, 0.00110665010288, -0.000559761712793, 0.000806013471447, -0.0012254153844, 0.00121882150415, -0.000118375661259, -0.000375275849365, 0.00113076262642, -0.000608534202911, -0.00254718703218, 0.0119731482118, -0.00452618207783], [0.000204083975405, -0.000498894485645, 0.000720400130376, -0.00161907507572, 0.000532862439286, -0.000740843475796, 0.000432127824752, 0.000699127907865, -0.00106956087984, 0.00152049807366, 0.000302775471937, -0.00452618207783, 0.0110483365133]]}, "melbands": {"dmean": [0.00127543567214, 0.000735653564334, 0.000298454688163, 0.000320287334034, 0.000259890744928, 0.000109541761049, 9.74374925136e-05, 0.000166989513673, 0.000161221629241, 4.683851148e-05, 7.81960407039e-05, 6.45579930278e-05, 3.37265119015e-05, 4.89186713821e-05, 2.99364710372e-05, 2.41744510276e-05, 2.92571294267e-05, 3.26802837662e-05, 2.82806940959e-05, 2.64451700787e-05, 2.44609564106e-05, 1.57909253176e-05, 1.25075312098e-05, 1.09240227175e-05, 7.9648607425e-06, 8.21299909148e-06, 8.17592172098e-06, 9.30232636165e-06, 8.13249880594e-06, 5.43110945728e-06, 4.25847656516e-06, 3.09520282826e-06, 1.77796914613e-06, 1.40178747188e-06, 9.96053699964e-07, 7.58119711008e-07, 7.8267396475e-07, 8.97320944659e-07, 6.44804458716e-07, 3.93411255573e-07], "dmean2": [0.00198549008928, 0.00115288444795, 0.000473839754704, 0.000518096145242, 0.000402949081035, 0.000175128239789, 0.00015528833319, 0.000258425134234, 0.000257709907601, 7.40309333196e-05, 0.000121861681691, 0.000101009914943, 5.12947735842e-05, 7.63516654843e-05, 4.65804550913e-05, 3.70028501493e-05, 4.47146157967e-05, 4.97104992974e-05, 4.40669100499e-05, 4.16180628235e-05, 3.84237464459e-05, 2.46445797529e-05, 1.94323474716e-05, 1.70867679117e-05, 1.2195506315e-05, 1.27597040773e-05, 1.26730938064e-05, 1.39974399644e-05, 1.19646756502e-05, 8.37711922941e-06, 6.71491670801e-06, 4.82006589664e-06, 2.78728134617e-06, 2.30404634749e-06, 1.60837157637e-06, 1.19920332509e-06, 1.2912693137e-06, 1.47028993069e-06, 1.04914204258e-06, 6.28303894246e-07], "dvar": [1.15145894597e-05, 2.41146585722e-06, 4.23243051273e-07, 5.13927204793e-07, 2.69364420546e-07, 6.62686048258e-08, 5.98030354126e-08, 1.61264665621e-07, 3.37815976081e-07, 3.06051788357e-08, 5.97228009269e-08, 7.73252182285e-08, 1.01557509069e-08, 1.81705033242e-08, 5.75397951508e-09, 4.79964645805e-09, 6.95492774483e-09, 1.18264829041e-08, 6.24228002621e-09, 4.43476411149e-09, 3.57083096425e-09, 1.58278290474e-09, 9.70947544587e-10, 6.07798644747e-10, 2.63488647567e-10, 3.2034566666e-10, 3.56465662543e-10, 5.84269299608e-10, 5.00460839437e-10, 2.08975572957e-10, 1.29363852963e-10, 1.12853670853e-10, 3.43911808753e-11, 2.96991112259e-11, 1.20274259302e-11, 5.91414547543e-12, 8.05111446261e-12, 1.93755046729e-11, 1.357135411e-11, 2.47924770991e-12], "dvar2": [2.67678788077e-05, 5.87387012274e-06, 1.01363798422e-06, 1.32449463308e-06, 6.06925368629e-07, 1.60050987574e-07, 1.35625924713e-07, 3.632287644e-07, 8.45819386086e-07, 7.330032048e-08, 1.24620214592e-07, 1.7267402086e-07, 2.19956461933e-08, 4.40148859582e-08, 1.39618565598e-08, 1.09306599327e-08, 1.51132280024e-08, 2.58584940127e-08, 1.51927981307e-08, 1.09559223915e-08, 8.7878930799e-09, 3.86982446088e-09, 2.2793931187e-09, 1.49522916271e-09, 6.11506900672e-10, 7.61421758977e-10, 8.14677436622e-10, 1.26789390098e-09, 1.03154729203e-09, 4.6976050827e-10, 3.1976846171e-10, 2.87408957744e-10, 8.48792008901e-11, 7.89130982781e-11, 2.99994022679e-11, 1.41399131987e-11, 2.12602990768e-11, 4.88384437058e-11, 3.54976950612e-11, 5.87167901106e-12], "max": [0.0402048528194, 0.0442597456276, 0.0147699369118, 0.014417167753, 0.011756231077, 0.00458892341703, 0.00894716475159, 0.00849176384509, 0.0108593460172, 0.00613047741354, 0.00759877916425, 0.00964378286153, 0.00261035864241, 0.00270896055736, 0.00110209535342, 0.00167900673114, 0.00274527724832, 0.00274520623498, 0.00135193183087, 0.00100678938907, 0.00135037116706, 0.000790050136857, 0.000973985821474, 0.000652383663692, 0.000293107121252, 0.000455274945125, 0.000573437020648, 0.000584852183238, 0.000841731962282, 0.000410631240811, 0.000307172565954, 0.000371766567696, 0.000202055307454, 0.000205880613066, 9.75949878921e-05, 7.82427669037e-05, 7.45694123907e-05, 0.000169438833836, 0.000151142434333, 4.37224880443e-05], "mean": [0.00152878055815, 0.00139065610711, 0.000464017037302, 0.000426842278102, 0.000410664681112, 0.000140860429383, 0.000154135806952, 0.000250709941611, 0.000208333643968, 5.71529926674e-05, 0.000104477425339, 8.12978178146e-05, 4.5255805162e-05, 6.66974883643e-05, 3.76072639483e-05, 3.7136789615e-05, 4.28797102359e-05, 4.74222651974e-05, 3.59532423317e-05, 3.57511235052e-05, 3.28825153701e-05, 2.19076664507e-05, 1.72991640284e-05, 1.65678993653e-05, 1.26473951241e-05, 1.25025180751e-05, 1.20500017147e-05, 1.37580600494e-05, 1.27770017571e-05, 7.84072472015e-06, 5.81741915084e-06, 4.27774511991e-06, 2.30463570006e-06, 1.6259888298e-06, 1.16205501399e-06, 8.75407579315e-07, 8.97803033695e-07, 1.02140359104e-06, 7.2389042316e-07, 4.47327153097e-07], "median": [0.000407198647736, 0.000446922815172, 0.00024988205405, 0.000192761479411, 0.000161846517585, 5.21357869729e-05, 3.88699518226e-05, 4.87894612888e-05, 4.01143188355e-05, 1.08926014946e-05, 2.48276792263e-05, 1.57202503033e-05, 7.19576019037e-06, 1.08676658783e-05, 7.09485311745e-06, 5.63695812161e-06, 6.3879570007e-06, 4.57719170299e-06, 7.66961056797e-06, 1.04806622403e-05, 9.91892466118e-06, 7.82176812208e-06, 6.92593812346e-06, 6.46756188871e-06, 4.84998008687e-06, 4.39291397925e-06, 3.86677675124e-06, 3.3195863125e-06, 2.32491720453e-06, 1.55375641953e-06, 1.04973389625e-06, 7.93316928593e-07, 4.76851823805e-07, 3.011713261e-07, 1.56097087256e-07, 1.24321587691e-07, 1.1330773475e-07, 1.00515954671e-07, 7.68523449324e-08, 3.86892367032e-08], "min": [1.06571637307e-24, 1.09171900345e-24, 1.11803934755e-24, 2.02560153369e-24, 2.00411572364e-24, 1.77631379624e-24, 1.26454412968e-24, 1.8565072265e-24, 7.30819576651e-25, 1.3735831464e-24, 2.52797064067e-24, 1.55132238303e-24, 2.89505483557e-24, 3.62070352759e-24, 2.9695140359e-24, 2.53521455314e-24, 3.15273506697e-24, 2.98355852103e-24, 2.31390080948e-24, 3.45749096731e-24, 3.80588901952e-24, 3.66608669547e-24, 3.18044479234e-24, 3.34282135727e-24, 3.42975422346e-24, 4.68133450884e-24, 4.2652423302e-24, 5.21679278092e-24, 4.43483598634e-24, 5.08943631537e-24, 5.37485486835e-24, 4.75279307951e-24, 5.4090456777e-24, 5.6586566509e-24, 5.72338742134e-24, 5.43775548149e-24, 5.41842681159e-24, 7.4822391898e-24, 6.38002577251e-24, 6.75409927504e-24], "var": [1.25486030811e-05, 4.91464879815e-06, 5.41605174931e-07, 5.5503699059e-07, 5.74215164306e-07, 7.80332243266e-08, 1.38424042007e-07, 3.18477532346e-07, 4.30784297123e-07, 3.73303983281e-08, 9.86857457974e-08, 8.75868906292e-08, 1.62578981389e-08, 2.7406672487e-08, 7.23689819182e-09, 7.98776866873e-09, 1.14552332064e-08, 1.88154700709e-08, 7.34098692945e-09, 5.13461939633e-09, 4.67565364204e-09, 1.89963778041e-09, 1.14893439207e-09, 8.08332289992e-10, 4.35852937075e-10, 4.8578269185e-10, 5.35659239187e-10, 9.48271350332e-10, 1.05536213102e-09, 3.69949459955e-10, 1.8956226866e-10, 1.31009134097e-10, 3.98722582728e-11, 2.86296125696e-11, 1.52222730948e-11, 8.01195394751e-12, 1.01733179173e-11, 2.2557632845e-11, 1.32715895565e-11, 3.29296529281e-12]}, "mfcc": {"mean": [-692.17779541, 117.166938782, -5.07304859161, 40.7733345032, 4.05422544479, 5.06987094879, 2.07264947891, 1.72926449776, 3.11999750137, 1.41788566113, -2.86235713959, 0.972341060638, -0.00644268188626], "cov": [[15242.5351562, -701.693786621, -1861.93469238, 47.2531700134, -662.37677002, 244.580657959, -132.58366394, -60.3834114075, 361.858856201, 224.43031311, 214.344741821, 107.421287537, -66.5754241943], [-701.693786621, 1468.01269531, 55.7237091064, 190.32723999, 158.700210571, -92.9163818359, -23.5712165833, 29.7541770935, -75.8744354248, -75.026184082, -57.950717926, -13.6823167801, 21.2571964264], [-1861.93469238, 55.7237091064, 1030.50500488, 157.862045288, 270.026855469, 15.042927742, 35.7895202637, 27.6179389954, -60.5700340271, -8.55430984497, -65.6810760498, -0.838421463966, 45.3089408875], [47.2531700134, 190.32723999, 157.862045288, 474.99407959, 134.38369751, 24.9655399323, -16.9619503021, 57.4737739563, 55.4526062012, 6.58372020721, -18.9141960144, 33.8069534302, 51.2704811096], [-662.37677002, 158.700210571, 270.026855469, 134.38369751, 404.871276855, 31.4834785461, 19.7142105103, 61.211517334, 27.4209308624, -10.0451259613, -35.2705535889, 13.8433351517, 36.560874939], [244.580657959, -92.9163818359, 15.042927742, 24.9655399323, 31.4834785461, 311.416595459, 151.041137695, 1.0009560585, 28.0288658142, 3.44266295433, 23.4652137756, -0.0734990313649, -19.7482891083], [-132.58366394, -23.5712165833, 35.7895202637, -16.9619503021, 19.7142105103, 151.041137695, 247.956741333, 49.699634552, -2.13657712936, 8.4026184082, 13.9420843124, -8.44546031952, -16.0959873199], [-60.3834114075, 29.7541770935, 27.6179389954, 57.4737739563, 61.211517334, 1.0009560585, 49.699634552, 151.69178772, 47.6206741333, 8.40258026123, -6.64932394028, 13.492064476, 25.0978565216], [361.858856201, -75.8744354248, -60.5700340271, 55.4526062012, 27.4209308624, 28.0288658142, -2.13657712936, 47.6206741333, 168.866165161, 49.6686248779, 15.6418828964, 25.0977401733, 11.2868967056], [224.43031311, -75.026184082, -8.55430984497, 6.58372020721, -10.0451259613, 3.44266295433, 8.4026184082, 8.40258026123, 49.6686248779, 141.568954468, 56.3044929504, 13.0289592743, 5.83453369141], [214.344741821, -57.950717926, -65.6810760498, -18.9141960144, -35.2705535889, 23.4652137756, 13.9420843124, -6.64932394028, 15.6418828964, 56.3044929504, 146.815673828, 51.3505325317, 0.587717592716], [107.421287537, -13.6823167801, -0.838421463966, 33.8069534302, 13.8433351517, -0.0734990313649, -8.44546031952, 13.492064476, 25.0977401733, 13.0289592743, 51.3505325317, 108.573455811, 38.0943260193], [-66.5754241943, 21.2571964264, 45.3089408875, 51.2704811096, 36.560874939, -19.7482891083, -16.0959873199, 25.0978565216, 11.2868967056, 5.83453369141, 0.587717592716, 38.0943260193, 106.955879211]], "icov": [[9.5309689641e-05, 2.64628652076e-05, 0.000156760914251, -7.16433860362e-05, 7.32799453544e-05, -0.000112240340968, 8.82808308234e-05, 4.3694476517e-06, -7.01979079167e-05, -0.000103933140053, 2.92472577712e-05, -6.41887454549e-05, 2.42679725488e-05], [2.64628652076e-05, 0.000821485591587, 0.00016902689822, -0.000375259493012, -0.000302130967611, 0.000283117959043, -0.000100033241324, -4.16858783865e-05, 0.000425041158451, 0.000226469725021, 4.39031718997e-05, 7.58307796787e-05, 2.73074747383e-05], [0.000156760914251, 0.00016902689822, 0.00157859094907, -0.000433838227764, -0.000710084103048, -0.000116102870379, -7.66543817008e-05, 0.000100753524748, 0.000702453835402, -0.000530964345671, 0.000550574797671, -0.000208886573091, -0.000184455944691], [-7.16433860362e-05, -0.000375259493012, -0.000433838227764, 0.00282334769145, -0.000373199552996, -0.000490801699925, 0.000553094083443, -0.000597003032453, -0.000679859775119, -6.36661716271e-05, 0.000287922041025, -0.000437804992544, -0.000649787834845], [7.32799453544e-05, -0.000302130967611, -0.000710084103048, -0.000373199552996, 0.00359343341552, -0.000559599255212, 0.000250551529462, -0.000862858723849, -0.000678394571878, 0.000112342866487, 0.00042123379535, -0.000265310256509, -0.000348482833942], [-0.000112240340968, 0.000283117959043, -0.000116102870379, -0.000490801699925, -0.000559599255212, 0.00538579979911, -0.00357920723036, 0.00163972680457, -0.00109084404539, 0.000929367612116, -0.000748097198084, 0.000244904193096, 0.000401929166401], [8.82808308234e-05, -0.000100033241324, -7.66543817008e-05, 0.000553094083443, 0.000250551529462, -0.00357920723036, 0.00698031997308, -0.00298469210975, 0.00118741358165, -0.000725447782315, -0.00025750164059, 0.000312752119498, 0.000650811358355], [4.3694476517e-06, -4.16858783865e-05, 0.000100753524748, -0.000597003032453, -0.000862858723849, 0.00163972680457, -0.00298469210975, 0.00918482709676, -0.00257012061775, 0.000359650963219, 0.000394368486013, -0.000221260779654, -0.00142399338074], [-7.01979079167e-05, 0.000425041158451, 0.000702453835402, -0.000679859775119, -0.000678394571878, -0.00109084404539, 0.00118741358165, -0.00257012061775, 0.00870190374553, -0.00284386612475, 0.000944323779549, -0.00143951480277, 0.000456783280242], [-0.000103933140053, 0.000226469725021, -0.000530964345671, -6.36661716271e-05, 0.000112342866487, 0.000929367612116, -0.000725447782315, 0.000359650963219, -0.00284386612475, 0.00982877239585, -0.00410210294649, 0.0017088195309, -0.000736774934921], [2.92472577712e-05, 4.39031718997e-05, 0.000550574797671, 0.000287922041025, 0.00042123379535, -0.000748097198084, -0.00025750164059, 0.000394368486013, 0.000944323779549, -0.00410210294649, 0.0107080005109, -0.00545513350517, 0.00123304012232], [-6.41887454549e-05, 7.58307796787e-05, -0.000208886573091, -0.000437804992544, -0.000265310256509, 0.000244904193096, 0.000312752119498, -0.000221260779654, -0.00143951480277, 0.0017088195309, -0.00545513350517, 0.0137283578515, -0.00432271463796], [2.42679725488e-05, 2.73074747383e-05, -0.000184455944691, -0.000649787834845, -0.000348482833942, 0.000401929166401, 0.000650811358355, -0.00142399338074, 0.000456783280242, -0.000736774934921, 0.00123304012232, -0.00432271463796, 0.0118992039934]]}, "spectral_contrast_coeffs": {"dmean": [0.0509729422629, 0.0520215965807, 0.0425105877221, 0.0360650792718, 0.0266327857971, 0.0252013001591], "dmean2": [0.0816085711122, 0.08470903337, 0.0657759383321, 0.0543292462826, 0.0405363589525, 0.0372356921434], "dvar": [0.00199400726706, 0.00206129252911, 0.00144265615381, 0.00111163849942, 0.000608307658695, 0.000592101656366], "dvar2": [0.00473717227578, 0.00503934035078, 0.00312150176615, 0.00222108792514, 0.00120593176689, 0.00124324543867], "max": [-0.330812692642, -0.314298719168, -0.346212267876, -0.484518021345, -0.49705401063, -0.475955575705], "mean": [-0.659037709236, -0.715189695358, -0.755604088306, -0.75876224041, -0.773089587688, -0.734480917454], "median": [-0.665702104568, -0.721032857895, -0.762286543846, -0.764337301254, -0.778467178345, -0.728201627731], "min": [-0.977637588978, -0.976556122303, -0.975715517998, -0.969712376595, -0.966196000576, -0.965583860874], "var": [0.00878090411425, 0.00791755691171, 0.00681088166311, 0.00629342207685, 0.00389367248863, 0.00454711169004]}, "spectral_contrast_valleys": {"dmean": [0.463758826256, 0.476409196854, 0.455898702145, 0.432646930218, 0.381197541952, 0.454705297947], "dmean2": [0.711294353008, 0.722965657711, 0.651062309742, 0.598060786724, 0.509360790253, 0.603688061237], "dvar": [0.208456620574, 0.240376159549, 0.229209318757, 0.216631129384, 0.189442411065, 0.268151402473], "dvar2": [0.391562312841, 0.448137521744, 0.407453835011, 0.375040471554, 0.31923699379, 0.496498167515]