{"lowlevel": {"average_loudness": 0.70793825388, "barkbands_crest": {"dmean": 2.19696307182, "dmean2": 3.58345770836, "dvar": 4.39931774139, "dvar2": 11.4145765305, "max": 26.7647895813, "mean": 11.6096000671, "median": 10.618555069, "min": 3.21469378471, "var": 19.4897956848}, "barkbands_flatness_db": {"dmean": 0.0299237649888, "dmean2": 0.0423708595335, "dvar": 0.00103549775667, "dvar2": 0.00198726681992, "max": 0.563932418823, "mean": 0.230289310217, "median": 0.220043957233, "min": 0.0327244885266, "var": 0.00680096447468}, "barkbands_kurtosis": {"dmean": 6.56138038635, "dmean2": 10.3449821472, "dvar": 1563.27880859, "dvar2": 3054.08129883, "max": 3921.93432617, "mean": 16.1555252075, "median": 9.19032859802, "min": -1.97138309479, "var": 5582.77636719}, "barkbands_skewness": {"dmean": 0.627481639385, "dmean2": 0.957158565521, "dvar": 0.664584457874, "dvar2": 1.41986167431, "max": 57.7623214722, "mean": 2.43444848061, "median": 2.24364328384, "min": -5.86904096603, "var": 3.77019786835}, "barkbands_spread": {"dmean": 2.8228764534, "dmean2": 4.39248466492, "dvar": 29.9355297089, "dvar2": 69.9507827759, "max": 160.091522217, "mean": 9.44515991211, "median": 5.85918903351, "min": 0.120159514248, "var": 242.602325439}, "dissonance": {"dmean": 0.0310824681073, "dmean2": 0.0507212951779, "dvar": 0.000807001255453, "dvar2": 0.00201992248185, "max": 0.500000178814, "mean": 0.415719091892, "median": 0.424338936806, "min": 0.173684537411, "var": 0.00272212433629}, "dynamic_complexity": 4.86471557617, "erbbands_crest": {"dmean": 2.394728899, "dmean2": 3.75017118454, "dvar": 5.81769704819, "dvar2": 13.7576618195, "max": 33.1781692505, "mean": 10.7946872711, "median": 9.95497322083, "min": 2.10700511932, "var": 19.2171459198}, "erbbands_flatness_db": {"dmean": 0.0248309578747, "dmean2": 0.0343026779592, "dvar": 0.000751667656004, "dvar2": 0.0014796606265, "max": 0.395717710257, "mean": 0.19615444541, "median": 0.191557660699, "min": 0.0154470410198, "var": 0.00366493896581}, "erbbands_kurtosis": {"dmean": 1.77204155922, "dmean2": 2.75304555893, "dvar": 10.6814165115, "dvar2": 24.0970344543, "max": 146.521774292, "mean": 3.00311303139, "median": 1.63454174995, "min": -1.85810911655, "var": 27.0840644836}, "erbbands_skewness": {"dmean": 0.401088118553, "dmean2": 0.603352248669, "dvar": 0.195577695966, "dvar2": 0.428061306477, "max": 10.8995456696, "mean": 1.07337784767, "median": 1.0939848423, "min": -7.29835605621, "var": 1.07497560978}, "erbbands_spread": {"dmean": 7.08241558075, "dmean2": 10.8597393036, "dvar": 100.223747253, "dvar2": 223.297821045, "max": 186.719970703, "mean": 26.8257923126, "median": 23.469291687, "min": 1.75736856461, "var": 261.680419922}, "hfc": {"dmean": 3.74217486382, "dmean2": 5.57095718384, "dvar": 71.4876098633, "dvar2": 171.858566284, "max": 286.39730835, "mean": 10.1011486053, "median": 5.03741407394, "min": 1.20997491845e-16, "var": 164.660766602}, "melbands_crest": {"dmean": 2.92684173584, "dmean2": 4.77662134171, "dvar": 7.25131225586, "dvar2": 19.1537036896, "max": 34.6368408203, "mean": 15.6249570847, "median": 14.9099903107, "min": 2.41395306587, "var": 28.5078639984}, "melbands_flatness_db": {"dmean": 0.0340789332986, "dmean2": 0.0483530759811, "dvar": 0.00140946707688, "dvar2": 0.00266058021225, "max": 0.718778252602, "mean": 0.33567032218, "median": 0.326208293438, "min": 0.0100392792374, "var": 0.0105052581057}, "melbands_kurtosis": {"dmean": 9.22280693054, "dmean2": 14.520488739, "dvar": 239.216293335, "dvar2": 548.203979492, "max": 587.835998535, "mean": 20.7092285156, "median": 13.8690042496, "min": -1.70403158665, "var": 605.015441895}, "melbands_skewness": {"dmean": 0.72020983696, "dmean2": 1.11403262615, "dvar": 0.649025797844, "dvar2": 1.47281777859, "max": 21.1511306763, "mean": 2.93143582344, "median": 2.72791481018, "min": -1.80335748196, "var": 2.34445595741}, "melbands_spread": {"dmean": 2.68260812759, "dmean2": 4.04275274277, "dvar": 32.1837158203, "dvar2": 63.3157844543, "max": 244.713638306, "mean": 9.36391067505, "median": 5.69047117233, "min": 0.246990606189, "var": 192.995620728}, "pitch_salience": {"dmean": 0.0681554526091, "dmean2": 0.110747821629, "dvar": 0.00406978698447, "dvar2": 0.0105681428686, "max": 0.913924157619, "mean": 0.528871059418, "median": 0.536265492439, "min": 0.0245118010789, "var": 0.0144262313843}, "silence_rate_20dB": {"dmean": 0, "dmean2": 0, "dvar": 0, "dvar2": 0, "max": 1, "mean": 1, "median": 1, "min": 1, "var": 0}, "silence_rate_30dB": {"dmean": 0.00337810674682, "dmean2": 0.00675675692037, "dvar": 0.00336671527475, "dvar2": 0.00928517989814, "max": 1, "mean": 0.99774813652, "median": 1, "min": 0, "var": 0.00224694074132}, "silence_rate_60dB": {"dmean": 0.0239684712142, "dmean2": 0.0479407981038, "dvar": 0.0233986172825, "dvar2": 0.0519294552505, "max": 1, "mean": 0.122808426619, "median": 0, "min": 0, "var": 0.107729554176}, "spectral_centroid": {"dmean": 116.050743103, "dmean2": 177.614501953, "dvar": 42186.2578125, "dvar2": 83132.671875, "max": 10934.5332031, "mean": 567.143371582, "median": 418.608520508, "min": 75.5999755859, "var": 300720.25}, "spectral_complexity": {"dmean": 2.06707954407, "dmean2": 3.22699475288, "dvar": 11.3514194489, "dvar2": 25.5052165985, "max": 46, "mean": 9.65731048584, "median": 8, "min": 0, "var": 39.0933380127}, "spectral_decrease": {"dmean": 2.13607886934e-09, "dmean2": 3.26327898037e-09, "dvar": 9.40155120818e-18, "dvar2": 2.12921021144e-17, "max": 1.64892075896e-16, "mean": -6.81956180415e-09, "median": -4.73225370001e-09, "min": -4.0092277942e-08, "var": 4.06832869329e-17}, "spectral_energy": {"dmean": 0.00830160267651, "dmean2": 0.0126576647162, "dvar": 0.000142646895256, "dvar2": 0.000321355386404, "max": 0.153859183192, "mean": 0.0266547575593, "median": 0.0185155756772, "min": 1.10569111311e-20, "var": 0.000622676452622}, "spectral_energyband_high": {"dmean": 0.000152595326654, "dmean2": 0.000251513265539, "dvar": 3.00266265185e-07, "dvar2": 7.45883596664e-07, "max": 0.014084094204, "mean": 0.00016179139493, "median": 2.70446289505e-05, "min": 7.6565832748e-21, "var": 3.23378316125e-07}, "spectral_energyband_low": {"dmean": 0.00482467142865, "dmean2": 0.00775824068114, "dvar": 6.36126933387e-05, "dvar2": 0.000163300384884, "max": 0.133550107479, "mean": 0.010700606741, "median": 0.00576751632616, "min": 4.07300308072e-23, "var": 0.000175735258381}, "spectral_energyband_middle_high": {"dmean": 0.000943029648624, "dmean2": 0.0013389341766, "dvar": 5.85134330322e-06, "dvar2": 1.26511567942e-05, "max": 0.0865766406059, "mean": 0.0024774717167, "median": 0.000470369413961, "min": 1.77682515324e-21, "var": 2.10247162613e-05}, "spectral_energyband_middle_low": {"dmean": 0.0055339820683, "dmean2": 0.00852439086884, "dvar": 7.56335357437e-05, "dvar2": 0.000169594888575, "max": 0.117271907628, "mean": 0.0147899510339, "median": 0.00936767552048, "min": 4.07545435554e-22, "var": 0.000252452911809}, "spectral_entropy": {"dmean": 0.292642831802, "dmean2": 0.417531222105, "dvar": 0.109089247882, "dvar2": 0.21590128541, "max": 9.7906293869, "mean": 6.4957575798, "median": 6.50499725342, "min": 4.5301232338, "var": 0.54665774107}, "spectral_flux": {"dmean": 0.0236133206636, "dmean2": 0.0362720601261, "dvar": 0.000742143834941, "dvar2": 0.00167317024898, "max": 0.295336514711, "mean": 0.0649158135056, "median": 0.0539938807487, "min": 1.05151845564e-10, "var": 0.00252852449194}, "spectral_kurtosis": {"dmean": 6.71161842346, "dmean2": 10.4303789139, "dvar": 101.052604675, "dvar2": 220.43598938, "max": 232.616195679, "mean": 17.4297103882, "median": 10.6199531555, "min": -1.17832279205, "var": 471.473052979}, "spectral_rms": {"dmean": 0.000720050185919, "dmean2": 0.00108444760554, "dvar": 7.28273676032e-07, "dvar2": 1.57009333179e-06, "max": 0.0122517971322, "mean": 0.00448982277885, "median": 0.00425017392263, "min": 3.28439185571e-12, "var": 5.84608369536e-06}, "spectral_rolloff": {"dmean": 149.732498169, "dmean2": 256.221435547, "dvar": 309586.5, "dvar2": 691395.6875, "max": 19724.4140625, "mean": 804.932434082, "median": 387.59765625, "min": 64.599609375, "var": 5480117}, "spectral_skewness": {"dmean": 0.560092389584, "dmean2": 0.847704708576, "dvar": 0.434762746096, "dvar2": 0.902492761612, "max": 13.0740995407, "mean": 3.03857922554, "median": 2.67489743233, "min": 0.00676337117329, "var": 2.16985583305}, "spectral_spread": {"dmean": 790313.1875, "dmean2": 1131919.875, "dvar": 966645121024, "dvar2": 1961392472060.0, "max": 40243208, "mean": 3714001, "median": 3346147.5, "min": 430434.21875, "var": 4004916494340.0}, "spectral_strongpeak": {"dmean": 0.342242538929, "dmean2": 0.577177405357, "dvar": 0.472950011492, "dvar2": 1.15646362305, "max": 19.3144874573, "mean": 0.661034703255, "median": 0.387490719557, "min": 0, "var": 0.790070176125}, "zerocrossingrate": {"dmean": 0.00631502037868, "dmean2": 0.00786450132728, "dvar": 0.000107293904875, "dvar2": 0.000124622019939, "max": 0.7294921875, "mean": 0.0336396470666, "median": 0.02197265625, "min": 0.001953125, "var": 0.00457416800782}, "barkbands": {"dmean": [9.62492267718e-05, 0.00213892920874, 0.00285265943967, 0.00216925307177, 0.00282131275162, 0.00150179699995, 0.000954726536293, 0.000414965237724, 0.000408518593758, 0.000184157965123, 0.000313010445097, 0.000168009180925, 0.000157818096341, 0.000139378520544, 0.000157154048793, 4.83004769194e-05, 6.4231637225e-05, 6.22404695605e-05, 5.4228821682e-05, 3.77157884941e-05, 2.27754935622e-05, 1.70271941897e-05, 1.99775331566e-05, 2.57932570094e-05, 2.99737675959e-05, 2.91520427709e-05, 5.92352898821e-06], "dmean2": [0.000163891978445, 0.00346867390908, 0.00462476490065, 0.00358467036858, 0.00447059841827, 0.00245043076575, 0.00147130072583, 0.00063483446138, 0.000619270838797, 0.000284727604594, 0.000415718503064, 0.000248409021879, 0.000241775982431, 0.000204329146072, 0.000235186336795, 7.6471005741e-05, 0.000100849487353, 0.000100555633253, 8.99960214156e-05, 6.16020697635e-05, 3.65084888472e-05, 2.76029695669e-05, 3.31579867634e-05, 4.3845968321e-05, 5.12942715432e-05, 5.08430493937e-05, 1.04338532765e-05], "dvar": [5.5485084971e-08, 1.3006861991e-05, 2.86694103124e-05, 1.57696849783e-05, 1.9280698325e-05, 1.21706088976e-05, 6.60525802232e-06, 2.28534895541e-06, 2.84175598608e-06, 3.72864889187e-07, 1.2294640328e-06, 7.76324213803e-07, 6.06611251897e-07, 4.20239246068e-07, 2.71628778137e-07, 2.69353161997e-08, 3.92479968525e-08, 5.32935082731e-08, 7.34755303711e-07, 2.3001286209e-08, 8.48161896272e-09, 5.81078607453e-09, 8.73064553986e-09, 1.4673556592e-08, 1.27617907353e-08, 1.24983854377e-08, 6.00910321502e-10], "dvar2": [1.44263339052e-07, 3.4749005863e-05, 7.91086567915e-05, 4.09342392231e-05, 4.61922281829e-05, 3.18286911352e-05, 1.54053195729e-05, 5.55127280677e-06, 6.29345413472e-06, 8.94467632406e-07, 2.22894846047e-06, 1.68081464835e-06, 1.47016623941e-06, 9.14761017157e-07, 5.89609044255e-07, 6.34437924418e-08, 9.3204789664e-08, 1.3660600473e-07, 2.00462591238e-06, 5.243757073e-08, 1.9050398592e-08, 1.22142127523e-08, 2.07306491973e-08, 3.67954484659e-08, 3.44499646587e-08, 3.51839979373e-08, 1.70530578547e-09], "max": [0.00474406965077, 0.0516097545624, 0.0925549641252, 0.0551446042955, 0.0618700049818, 0.0653511434793, 0.0526002682745, 0.0487660579383, 0.0629800111055, 0.0200806427747, 0.0447550415993, 0.0474201068282, 0.0292997397482, 0.0209982171655, 0.0146650960669, 0.00535404961556, 0.00538245541975, 0.00965571776032, 0.0758472532034, 0.00679645780474, 0.00400444539264, 0.00365756056271, 0.00388509803452, 0.00583115965128, 0.00204231659882, 0.00207833619788, 0.000402520672651], "mean": [0.000155635178089, 0.00437169754878, 0.00474020233378, 0.00319506763481, 0.00581448152661, 0.00270177563652, 0.00154648988973, 0.000713334069587, 0.000752108811866, 0.000331088696839, 0.000703174737282, 0.000305919820676, 0.000284459878458, 0.00023980239348, 0.000315548531944, 6.59562065266e-05, 0.000100194956758, 7.79730835347e-05, 5.23438793607e-05, 4.2618590669e-05, 2.99894491036e-05, 2.14185765799e-05, 2.0346880774e-05, 2.15709460463e-05, 2.51063520409e-05, 2.2260554033e-05, 4.28846215073e-06], "median": [2.50078664976e-05, 0.00220977817662, 0.00202231528237, 0.00130972242914, 0.00297206197865, 0.000859335530549, 0.000415747374063, 0.000101601690403, 0.000124130427139, 5.89348637732e-05, 5.63909234188e-05, 3.05968023895e-05, 2.15943218791e-05, 2.25174735533e-05, 2.0529358153e-05, 7.18068804417e-06, 1.05705803435e-05, 8.55538837641e-06, 4.81195957036e-06, 5.8602217905e-06, 3.79371363124e-06, 2.84220232061e-06, 2.81109532807e-06, 2.07530456464e-06, 1.73957801053e-06, 1.19161472867e-06, 1.95008510673e-07], "min": [1.45504636662e-23, 3.39650436739e-23, 4.26033167107e-24, 1.15672548077e-24, 1.48644441904e-22, 5.25669865087e-23, 5.95126385665e-23, 9.93020126976e-23, 2.23903211144e-23, 4.83361456138e-23, 1.39907069005e-22, 6.71557225506e-23, 3.95678746107e-23, 6.87713664825e-23, 2.47205076812e-22, 1.94892857666e-22, 2.82427350199e-22, 2.17156822196e-22, 3.12026698783e-22, 3.75544264259e-22, 4.50363997696e-22, 4.74838173777e-22, 5.8903241624e-22, 1.11974546909e-21, 1.10988069405e-21, 1.48204764914e-21, 2.56716755186e-21], "var": [7.42942916077e-08, 3.10230752802e-05, 5.31538171344e-05, 2.64367245109e-05, 5.44871581951e-05, 2.21320369747e-05, 1.05604613054e-05, 3.81331869903e-06, 5.71167993257e-06, 7.98282712822e-07, 4.59050352219e-06, 1.73299520156e-06, 1.24374309962e-06, 8.36699541651e-07, 1.0386025906e-06, 4.52471873302e-08, 9.65890620819e-08, 5.87274868735e-08, 5.04754950725e-07, 3.26404894224e-08, 1.43116976048e-08, 8.3080857749e-09, 9.79936043422e-09, 1.28692914103e-08, 9.73748903732e-09, 7.95387666841e-09, 3.65577401684e-10]}, "erbbands": {"dmean": [0.03735839203, 0.598777592182, 3.02866339684, 4.63827037811, 10.3467721939, 9.37474346161, 7.78802108765, 13.5908546448, 12.8235139847, 13.7387065887, 8.57702732086, 8.797955513, 7.07056188583, 7.34954357147, 9.07412147522, 6.2762093544, 6.55054426193, 6.5979514122, 5.71607303619, 7.06821632385, 2.71835660934, 3.5913374424, 3.44453835487, 3.39620876312, 2.18668699265, 1.5769020319, 0.993408083916, 0.86797195673, 0.608120858669, 0.606926858425, 0.564505934715, 0.520476818085, 0.437292993069, 0.321876049042, 0.225301548839, 0.145106628537, 0.0494442954659, 0.00984692014754, 0.000976488168817, 4.62152456748e-05], "dmean2": [0.0608289763331, 0.96980458498, 4.88554811478, 7.69025182724, 16.3228607178, 14.7609682083, 12.7579078674, 21.9918727875, 20.3665924072, 20.8255825043, 12.9148979187, 13.5239753723, 10.9014434814, 10.3049612045, 11.8539276123, 9.28907203674, 9.94184017181, 9.85328292847, 8.56768035889, 10.4533166885, 4.3742108345, 5.64010906219, 5.4772105217, 5.7600440979, 3.47732329369, 2.58594703674, 1.58471643925, 1.40400183201, 0.98166936636, 0.985534846783, 0.938704848289, 0.887127697468, 0.74213540554, 0.551337718964, 0.387733221054, 0.252963572741, 0.0858926475048, 0.0172744840384, 0.00171266472898, 7.91637939983e-05], "dvar": [0.0042354981415, 1.06844007969, 32.6104507446, 56.747253418, 361.162628174, 322.289337158, 346.254730225, 995.225769043, 848.869445801, 2458.10620117, 1088.62268066, 1566.37817383, 756.485229492, 440.730926514, 984.715087891, 1173.40283203, 1084.42773438, 1146.47045898, 336.96395874, 605.019592285, 84.1175537109, 111.416282654, 133.255523682, 4419.65087891, 70.1939163208, 43.7367401123, 16.58360672, 13.5344057083, 8.29711532593, 8.64775180817, 6.90076255798, 6.44551086426, 4.0297164917, 1.6630179882, 0.719715118408, 0.336676120758, 0.0334902927279, 0.00151188333984, 1.5952206013e-05, 3.02712237499e-08], "dvar2": [0.0109436986968, 2.83248305321, 86.2983093262, 158.067672729, 738.249206543, 766.017150879, 913.849243164, 2541.76806641, 2096.31347656, 5722.56054688, 2590.17919922, 3434.81762695, 1925.80249023, 841.16809082, 1798.67529297, 2500.22851562, 2703.29467773, 2672.08422852, 664.049377441, 1293.43249512, 212.220123291, 259.891052246, 329.314971924, 12273.2783203, 163.418106079, 99.5033111572, 36.3401641846, 30.6304111481, 17.6579360962, 20.2704181671, 15.9646129608, 16.3034706116, 10.0728387833, 4.41827869415, 1.981377244, 0.951626956463, 0.0935332477093, 0.00426909700036, 4.51256164524e-05, 8.52119583783e-08], "max": [0.903116047382, 15.9984464645, 104.521217346, 107.060775757, 347.365264893, 308.778747559, 369.357666016, 588.538330078, 898.418334961, 1162.60192871, 1301.96411133, 1793.19372559, 1123.02368164, 617.149353027, 1203.81286621, 1775.35742188, 1264.50720215, 1250.49316406, 805.012023926, 810.246337891, 230.023422241, 306.433410645, 501.493011475, 5781.54785156, 483.142150879, 284.999603271, 189.78263855, 170.429153442, 140.20425415, 141.341674805, 135.536361694, 126.00327301, 79.0889129639, 26.6935577393, 17.6290531158, 12.1981134415, 2.79770708084, 0.719107210636, 0.0633179098368, 0.00335228536278], "mean": [0.107206746936, 1.08771693707, 5.1876783371, 8.07580184937, 16.8974590302, 20.1044445038, 14.9035291672, 25.1965007782, 24.2321281433, 19.4815425873, 17.0731983185, 15.7730665207, 12.3586463928, 17.3605041504, 20.8862533569, 11.883108139, 12.5599632263, 12.5280342102, 11.1553268433, 15.5126571655, 4.18170547485, 5.88229608536, 4.87877511978, 3.24605703354, 2.43455862999, 1.82943677902, 1.36484265327, 1.06477451324, 0.754165351391, 0.725923717022, 0.555123567581, 0.438439100981, 0.367142796516, 0.272139251232, 0.183729499578, 0.111093461514, 0.0378488600254, 0.00726539688185, 0.000726937374566, 5.8932666434e-05], "median": [0.0503031089902, 0.531316041946, 2.1295144558, 4.18078517914, 8.35638618469, 8.115650177, 5.5604763031, 7.89130830765, 9.05885982513, 3.46470713615, 3.00503158569, 2.81702470779, 2.73951053619, 2.90418148041, 2.0157532692, 1.29573225975, 1.25696063042, 1.09479701519, 1.29456090927, 0.963624179363, 0.43573230505, 0.712854146957, 0.606388568878, 0.285944283009, 0.33863312006, 0.26440602541, 0.179812401533, 0.14124533534, 0.0907513052225, 0.102326214314, 0.0745240300894, 0.041303910315, 0.0362405106425, 0.0209633372724, 0.0108377691358, 0.00599423423409, 0.00194543320686, 0.00034407703788, 4.50490006187e-05, 2.54584228969e-05], "min": [1.1904559819e-21, 6.7692733364e-21, 5.38779083666e-21, 7.42414713826e-21, 1.53197752703e-19, 6.23161736044e-19, 7.25768889839e-19, 2.69708649373e-19, 5.89938905621e-19, 2.25416622409e-18, 1.00573799093e-18, 5.56087417931e-19, 1.54409091502e-18, 2.50033186566e-18, 5.07315039558e-18, 2.43052340543e-18, 1.99503576718e-18, 2.67523941298e-18, 9.94446706733e-18, 1.09317534505e-17, 1.13216541312e-17, 1.4595590328e-17, 1.27441384327e-17, 1.54858120294e-17, 1.60697866526e-17, 1.69863805263e-17, 2.17906140911e-17, 1.51937246289e-17, 1.75906276919e-17, 1.35935693765e-17, 1.70973881645e-17, 2.54173097319e-17, 1.74393992236e-17, 1.22876455767e-17, 8.18529295962e-18, 5.38906059768e-18, 2.98880249009e-18, 8.77000873666e-19, 3.31605204592e-19, 4.54942939179e-20], "var": [0.0182107556611, 2.1929371357, 66.3578262329, 108.583343506, 726.96472168, 1037.18530273, 643.987121582, 1946.52868652, 1689.90039062, 3346.84375, 1867.67785645, 2789.57885742, 1113.88024902, 1713.53857422, 3592.33911133, 2621.89135742, 2103.95361328, 2022.30224609, 969.438964844, 2967.03588867, 141.846511841, 275.915771484, 184.854598999, 2850.43847656, 86.7989120483, 62.6006164551, 31.3363895416, 20.3481788635, 11.7097349167, 10.3923149109, 7.80289554596, 5.62638473511, 3.51566147804, 1.32420527935, 0.51271468401, 0.212775304914, 0.021945701912, 0.000941736798268, 9.82974233921e-06, 2.08319814732e-08]}, "gfcc": {"mean": [-99.8851623535, 138.269500732, -74.0541381836, 18.2051239014, -44.769077301, 2.37249231339, -36.3124732971, -2.16580915451, -23.817363739, -2.41827058792, -14.642578125, -1.64214754105, -9.0350484848], "cov": [[23719.5234375, 116.144302368, -1671.54833984, -55.8438491821, -826.011230469, 642.209472656, -812.387573242, 646.186035156, -615.083129883, 195.675827026, -620.530456543, 104.473083496, -485.464172363], [116.144302368, 2238.34594727, -112.032333374, -181.525375366, 132.786300659, -304.969848633, 83.8748321533, -273.1144104, 56.5543746948, -192.996017456, 62.1327552795, -142.4012146, 71.3983078003], [-1671.54833984, -112.032333374, 1143.15209961, 68.3126831055, 182.813476562, 55.1995811462, -31.1966838837, 169.395584106, 102.524040222, 128.568756104, 120.97984314, 54.084487915, -43.2257614136], [-55.8438491821, -181.525375366, 68.3126831055, 442.003265381, 24.0688419342, -11.8567256927, -15.7364091873, -34.9307365417, 35.5108642578, 20.3461551666, -36.8881340027, -40.3173103333, 40.1829605103], [-826.011230469, 132.786300659, 182.813476562, 24.0688419342, 342.267364502, 24.3887214661, -1.79031717777, 29.8734912872, 92.6579742432, 28.3479652405, 37.0747566223, 26.717880249, 31.2499771118], [642.209472656, -304.969848633, 55.1995811462, -11.8567256927, 24.3887214661, 269.954559326, 35.9346466064, 83.5713272095, -1.65640664101, 73.9464492798, -9.51373958588, 44.9094581604, -29.9182319641], [-812.387573242, 83.8748321533, -31.1966838837, -15.7364091873, -1.79031717777, 35.9346466064, 215.039993286, -17.0970802307, -14.446893692, -16.693983078, 45.1553039551, -12.0726642609, 5.11018180847], [646.186035156, -273.1144104, 169.395584106, -34.9307365417, 29.8734912872, 83.5713272095, -17.0970802307, 225.787155151, 3.30289387703, 53.8200874329, 34.200138092, 61.8835868835, -50.9488525391], [-615.083129883, 56.5543746948, 102.524040222, 35.5108642578, 92.6579742432, -1.65640664101, -14.446893692, 3.30289387703, 164.743118286, 53.6496009827, 2.14087677002, 14.0603218079, 39.0074386597], [195.675827026, -192.996017456, 128.568756104, 20.3461551666, 28.3479652405, 73.9464492798, -16.693983078, 53.8200874329, 53.6496009827, 151.907562256, 17.9685077667, 24.5818691254, -5.29423093796], [-620.530456543, 62.1327552795, 120.97984314, -36.8881340027, 37.0747566223, -9.51373958588, 45.1553039551, 34.200138092, 2.14087677002, 17.9685077667, 143.805160522, 23.9333877563, -24.342130661], [104.473083496, -142.4012146, 54.084487915, -40.3173103333, 26.717880249, 44.9094581604, -12.0726642609, 61.8835868835, 14.0603218079, 24.5818691254, 23.9333877563, 118.208137512, 13.7107152939], [-485.464172363, 71.3983078003, -43.2257614136, 40.1829605103, 31.2499771118, -29.9182319641, 5.11018180847, -50.9488525391, 39.0074386597, -5.29423093796, -24.342130661, 13.7107152939, 123.036109924]], "icov": [[0.000210756959859, -0.000406897772336, 0.00039374482003, -0.000339233898558, 0.000353642331902, -0.000534139282536, 0.000799433910288, -0.000923920772038, 0.000761516217608, -0.000732946966309, 0.000767286808696, -0.000448246224551, 0.000610116170719], [-0.000406897772336, 0.00154357799329, -0.000806762021966, 0.00109100982081, -0.00101286685094, 0.00146928243339, -0.00170220993459, 0.00235911482014, -0.00185175135266, 0.00204818556085, -0.00184492534027, 0.00154558953363, -0.00134088890627], [0.00039374482003, -0.000806762021966, 0.0019662277773, -0.000907106150407, 0.000286441616481, -0.000949505483732, 0.00169554597232, -0.00237718131393, 0.00108808232471, -0.00191256415565, 0.000666712643579, -0.000850069802254, 0.00144973467104], [-0.000339233898558, 0.00109100982081, -0.000907106150407, 0.00335712102242, -0.000810696103144, 0.00107472296804, -0.00128376262728, 0.00196083355695, -0.00158971990459, 0.00118864281103, -0.000898803002201, 0.0021374723874, -0.00191506592091], [0.000353642331902, -0.00101286685094, 0.000286441616481, -0.000810696103144, 0.00456860056147, -0.00167009909637, 0.00161174940877, -0.00199688179418, -0.000465814169729, -0.0007498220657, 0.000507064512931, -0.00104528269731, 0.000220425834414], [-0.000534139282536, 0.00146928243339, -0.000949505483732, 0.00107472296804, -0.00167009909637, 0.00717695942149, -0.00385376741178, 0.00161042797845, -0.00126057525631, -0.000477776164189, -5.47681556782e-05, -0.000253176986007, -0.000251979508903], [0.000799433910288, -0.00170220993459, 0.00169554597232, -0.00128376262728, 0.00161174940877, -0.00385376741178, 0.00886397156864, -0.00319802924059, 0.00301317474805, -0.00174360827077, 0.000184888849617, -0.000461071671452, 0.00117579719517], [-0.000923920772038, 0.00235911482014, -0.00237718131393, 0.00196083355695, -0.00199688179418, 0.00161042797845, -0.00319802924059, 0.0114747704938, -0.00334351113997, 0.00281259440817, -0.00387356430292, -0.000454277382232, -0.000241492118221], [0.000761516217608, -0.00185175135266, 0.00108808232471, -0.00158971990459, -0.000465814169729, -0.00126057525631, 0.00301317474805, -0.00334351113997, 0.0118626626208, -0.00607944466174, 0.00363797578029, -0.00221111066639, 0.000226470801863], [-0.000732946966309, 0.00204818556085, -0.00191256415565, 0.00118864281103, -0.0007498220657, -0.000477776164189, -0.00174360827077, 0.00281259440817, -0.00607944466174, 0.0129851223901, -0.00442774035037, 0.002302570967, -0.00247574551031], [0.000767286808696, -0.00184492534027, 0.000666712643579, -0.000898803002201, 0.000507064512931, -5.47681556782e-05, 0.000184888849617, -0.00387356430292, 0.00363797578029, -0.00442774035037, 0.0129749327898, -0.00422790879384, 0.00456632860005], [-0.000448246224551, 0.00154558953363, -0.000850069802254, 0.0021374723874, -0.00104528269731, -0.000253176986007, -0.000461071671452, -0.000454277382232, -0.00221111066639, 0.002302570967, -0.00422790879384, 0.0135997952893, -0.0051792296581], [0.000610116170719, -0.00134088890627, 0.00144973467104, -0.00191506592091, 0.000220425834414, -0.000251979508903, 0.00117579719517, -0.000241492118221, 0.000226470801863, -0.00247574551031, 0.00456632860005, -0.0051792296581, 0.013484091498]]}, "melbands": {"dmean": [0.000438794697402, 0.00127952569164, 0.000960158591624, 0.000696909672115, 0.000286707334453, 0.000301957363263, 0.00019037736638, 0.00013745133765, 6.82916215737e-05, 5.59784966754e-05, 3.59630721505e-05, 2.94269593724e-05, 4.11788496422e-05, 1.57800750458e-05, 1.88241738215e-05, 1.45474668898e-05, 1.32426657729e-05, 9.70388737187e-06, 1.33305393319e-05, 5.09433766638e-06, 3.19160631079e-06, 3.84030408895e-06, 3.74695196115e-06, 3.03310457639e-06, 2.88746036858e-06, 1.58888587976e-06, 1.69821510099e-06, 9.30301609969e-07, 6.49870571579e-07, 5.81583492476e-07, 4.9502324373e-07, 3.64217697779e-07, 3.15628028602e-07, 3.57835034492e-07, 3.29649537889e-07, 3.09565535872e-07, 3.24959785303e-07, 3.05602299022e-07, 2.99533041925e-07, 2.63838870751e-07], "dmean2": [0.000709548476152, 0.00206636707298, 0.00154620595276, 0.00110231398139, 0.000459642440546, 0.000489973346703, 0.000300150131807, 0.00020826049149, 0.000103227437648, 8.64674511831e-05, 5.55886581424e-05, 4.17499722971e-05, 5.36473453394e-05, 2.28292901738e-05, 2.81663687929e-05, 2.21602585952e-05, 1.94959011424e-05, 1.44029536386e-05, 1.99141140911e-05, 7.74693126004e-06, 5.26429948877e-06, 6.08663822277e-06, 5.7092811403e-06, 4.98751387568e-06, 4.94045480082e-06, 2.6034676921e-06, 2.76673631561e-06, 1.54003998887e-06, 1.0392158174e-06, 9.43377187923e-07, 8.16800707071e-07, 5.94790549258e-07, 5.0774877991e-07, 5.85112786666e-07, 5.46965054582e-07, 5.26906489995e-07, 5.59293823699e-07, 5.24596600826e-07, 5.05223738401e-07, 4.56635319779e-07], "dvar": [5.20584649166e-07, 5.40711198482e-06, 2.5916526738e-06, 1.18283037409e-06, 3.90906194525e-07, 4.71888455422e-07, 1.88702884429e-07, 2.26332090847e-07, 7.87903857713e-08, 5.95600191389e-08, 1.9309151611e-08, 6.62748922409e-09, 2.25651053398e-08, 4.60826798943e-09, 1.40338283217e-08, 6.65760779839e-09, 5.02938402036e-09, 1.25875154744e-09, 2.28827601312e-09, 3.1696478775e-10, 1.32062458191e-10, 1.33806105085e-10, 1.3775632024e-10, 2.36368646878e-10, 4.26295176936e-09, 3.5867257081e-11, 4.23183675602e-11, 1.90128572608e-11, 7.59805413031e-12, 6.43349739801e-12, 4.86439404382e-12, 3.31489913644e-12, 1.90378181969e-12, 3.34990715722e-12, 2.64570613681e-12, 1.98524833725e-12, 2.85042280578e-12, 2.37469787757e-12, 1.58466176379e-12, 1.214002965e-12], "dvar2": [1.39885185035e-06, 1.4004379409e-05, 6.22313564236e-06, 2.77546882899e-06, 1.00458521501e-06, 1.21477103221e-06, 4.61406443719e-07, 5.31797013537e-07, 1.85748604054e-07, 1.33294278726e-07, 4.89496123635e-08, 1.30131434517e-08, 4.0031217452e-08, 9.10729447412e-09, 3.21068363007e-08, 1.61841455792e-08, 1.14387663785e-08, 2.37295694205e-09, 5.03590902312e-09, 6.86429080243e-10, 3.43896605637e-10, 3.11335401904e-10, 3.07553038592e-10, 6.31790175731e-10, 1.18568985741e-08, 8.84709597249e-11, 9.941178436e-11, 4.49339628006e-11, 1.66165501497e-11, 1.5180830551e-11, 1.11532848929e-11, 7.16264113992e-12, 4.17188072283e-12, 8.11835668135e-12, 6.11130287001e-12, 4.93668300683e-12, 7.25346345487e-12, 6.01709350748e-12, 4.04666881601e-12, 3.29648786566e-12], "max": [0.00932131707668, 0.04291190207, 0.0227229744196, 0.0166494362056, 0.0109579190612, 0.0127056967467, 0.0123957479373, 0.010544616729, 0.0110942553729, 0.0100555159152, 0.00545439822599, 0.00228514918126, 0.00617843773216, 0.00328812119551, 0.0069373389706, 0.003846520558, 0.0026844854001, 0.00172469508834, 0.00133670633659, 0.000461585266748, 0.000257481849985, 0.000399837823352, 0.000360265286872, 0.00100549764466, 0.00568591430783, 0.000198213921976, 0.000265440321527, 0.000185159762623, 0.000142044082168, 0.000122372934129, 9.24791020225e-05, 0.000103694990685, 7.66719094827e-05, 8.70039584697e-05, 8.20890709292e-05, 6.77404968883e-05, 8.80316656549e-05, 6.77868374623e-05, 4.32918059232e-05, 2.83748740912e-05], "mean": [0.001058798749, 0.00228070118465, 0.00169976300094, 0.00139638257679, 0.000597312406171, 0.000563943234738, 0.000351836672053, 0.000200517461053, 0.000139651398058, 9.61931509664e-05, 6.10521165072e-05, 6.8001812906e-05, 9.33455885388e-05, 2.84976904368e-05, 3.52615097654e-05, 2.56926723523e-05, 2.34268427448e-05, 1.67791549757e-05, 2.65478920483e-05, 9.83364679996e-06, 4.05198261433e-06, 5.86893293075e-06, 5.80064079259e-06, 3.61366278412e-06, 2.54155543189e-06, 1.70547480138e-06, 1.82586222763e-06, 1.048265176e-06, 8.68110532792e-07, 7.37641187243e-07, 5.72856947656e-07, 4.24206604066e-07, 4.04014770083e-07, 4.03018418638e-07, 3.31512268303e-07, 2.66955225925e-07, 2.64931315996e-07, 2.50047463624e-07, 2.56648945651e-07, 2.18221558157e-07], "median": [0.000557045685127, 0.00101553788409, 0.000896909390576, 0.000714791356586, 0.000200075344765, 0.000190204125829, 0.000129693973577, 2.44872026087e-05, 2.26589581871e-05, 1.59307819558e-05, 1.18842172014e-05, 1.22516985357e-05, 7.70303449826e-06, 2.90476327791e-06, 3.05305184156e-06, 2.03972786039e-06, 1.79698372449e-06, 2.03846889235e-06, 1.53797896019e-06, 7.20759032902e-07, 3.5234461393e-07, 6.63427272229e-07, 6.49966068522e-07, 3.50527102455e-07, 1.75327983243e-07, 1.92399213006e-07, 2.33840040664e-07, 1.34730811396e-07, 9.90621629171e-08, 8.69568594908e-08, 6.56937544363e-08, 4.29225259779e-08, 4.60160194393e-08, 5.46842180427e-08, 4.39266898411e-08, 2.69145115084e-08, 2.15549782467e-08, 2.34121095843e-08, 2.29280967545e-08, 1.4386010605e-08], "min": [1.03756161182e-23, 5.06410875271e-24, 1.89722309883e-24, 3.14116145197e-23, 2.48392183101e-23, 7.66242843119e-24, 8.69814836834e-24, 2.61551108752e-23, 6.09982435113e-24, 3.65207889237e-24, 7.75431810487e-24, 9.15137972396e-24, 2.08295787461e-23, 7.57084089123e-24, 4.78662022399e-24, 4.06646200386e-24, 4.84861680253e-24, 1.32178172731e-23, 2.10827210551e-23, 1.21075318366e-23, 1.27165853092e-23, 1.36734585988e-23, 1.45482548556e-23, 1.17209024295e-23, 1.25902113699e-23, 1.19291924741e-23, 1.24965096827e-23, 1.07291386109e-23, 1.41030059835e-23, 1.05480508569e-23, 8.64161228498e-24, 1.05578311544e-23, 8.03708450749e-24, 7.41924785766e-24, 8.3388427364e-24, 1.59033774735e-23, 1.38901476454e-23, 1.09689136719e-23, 1.25710436276e-23, 9.62325107392e-24], "var": [1.61994773862e-06, 1.15075226859e-05, 5.27066140421e-06, 3.1905792639e-06, 9.33184708174e-07, 9.02103124645e-07, 3.53825328148e-07, 3.25814283997e-07, 1.45545584473e-07, 1.03366893711e-07, 2.93347905966e-08, 2.47539819753e-08, 8.45523899784e-08, 1.22115402235e-08, 3.52026710004e-08, 1.20907071022e-08, 8.49170866957e-09, 3.51708528967e-09, 8.42150882363e-09, 1.19112308905e-09, 1.68870306627e-10, 2.90559187821e-10, 3.40394296083e-10, 2.02563688045e-10, 2.73103339943e-09, 4.36815965343e-11, 5.33637335709e-11, 2.5793134989e-11, 1.4554753236e-11, 9.8343494806e-12, 6.75423389093e-12, 4.36289416053e-12, 2.69870779369e-12, 3.73902384748e-12, 3.06536501911e-12, 1.8173674371e-12, 2.40835650034e-12, 1.97468603969e-12, 1.36327071593e-12, 9.14102669426e-13]}, "mfcc": {"mean": [-751.29864502, 172.898406982, 29.0047893524, 24.7159347534, 11.2135477066, 5.34631109238, 0.15359428525, -1.13935530186, -4.06561374664, -3.23468875885, -4.63380479813, -5.44871902466, -3.8311111927], "cov": [[13351.3916016, 76.371673584, -1145.97070312, -540.281860352, -91.2849197388, -142.823547363, -106.591339111, 143.441177368, 62.4789924622, 117.081245422, 96.1338500977, -27.9162101746, 19.6970252991], [76.371673584, 1691.25500488, 20.862909317, -82.5787887573, 3.1458067894, -46.0595779419, 20.1445388794, 11.7807645798, -67.1669311523, -51.1053886414, -19.8700504303, -54.8185310364, -31.5455417633], [-1145.97070312, 20.862909317, 779.000488281, 155.123641968, 132.293701172, 18.8050079346, 28.8365764618, 10.1961202621, -21.0124874115, 52.6637916565, 67.2691040039, 46.5940093994, 75.9797363281], [-540.281860352, -82.5787887573, 155.123641968, 400.863739014, 92.1969223022, 31.5040092468, -17.2079715729, -41.3988494873, 37.8866767883, 13.1900119781, -24.1586608887, 7.81201553345, -14.0481233597], [-91.2849197388, 3.1458067894, 132.293701172, 92.1969223022, 339.26940918, 33.6963310242, -50.9821853638, 22.0613269806, 37.863243103, 30.5773448944, 34.8832740784, 0.117349877954, 48.7580795288], [-142.823547363, -46.0595779419, 18.8050079346, 31.5040092468, 33.6963310242, 219.660949707, 2.37688231468, -29.1433391571, 71.0410919189, 15.2614879608, 16.4520282745, 6.68223810196, -7.59829568863], [-106.591339111, 20.1445388794, 28.8365764618, -17.2079715729, -50.9821853638, 2.37688231468, 201.374862671, 58.6096458435, -58.1116027832, 22.3309612274, 39.1534080505, 8.23250961304, 4.19758796692], [143.441177368, 11.7807645798, 10.1961202621, -41.3988494873, 22.0613269806, -29.1433391571, 58.6096458435, 151.692977905, -16.1831626892, -6.36128473282, 42.0407180786, -0.416619956493, 31.5819797516], [62.4789924622, -67.1669311523, -21.0124874115, 37.8866767883, 37.863243103, 71.0410919189, -58.1116027832, -16.1831626892, 180.464889526, -4.48658800125, -26.4649677277, 13.7694129944, -5.04876279831], [117.081245422, -51.1053886414, 52.6637916565, 13.1900119781, 30.5773448944, 15.2614879608, 22.3309612274, -6.36128473282, -4.48658800125, 126.879516602, 34.9472885132, 8.95771026611, 19.3679065704], [96.1338500977, -19.8700504303, 67.2691040039, -24.1586608887, 34.8832740784, 16.4520282745, 39.1534080505, 42.0407180786, -26.4649677277, 34.9472885132, 146.995880127, 31.2814254761, 21.6132965088], [-27.9162101746, -54.8185310364, 46.5940093994, 7.81201553345, 0.117349877954, 6.68223810196, 8.23250961304, -0.416619956493, 13.7694129944, 8.95771026611, 31.2814254761, 108.810745239, 28.0914497375], [19.6970252991, -31.5455417633, 75.9797363281, -14.0481233597, 48.7580795288, -7.59829568863, 4.19758796692, 31.5819797516, -5.04876279831, 19.3679065704, 21.6132965088, 28.0914497375, 114.40788269]], "icov": [[9.42993501667e-05, -1.03828942883e-05, 0.000144241275848, 6.36225668131e-05, -2.1512450985e-06, 6.17212717771e-05, 7.53284984967e-05, -7.57905872888e-05, -5.78645522182e-05, -0.000151898319018, -9.13552939892e-05, 1.7956800491e-07, -4.3528900278e-05], [-1.03828942883e-05, 0.000630199152511, -9.54075076152e-05, 0.000157621398102, -0.000116420131235, 5.13443192176e-05, -9.02409447008e-05, 3.73273978767e-05, 0.000180208138772, 0.000262062443653, 8.9781708084e-05, 0.000227778102271, 0.000194998909137], [0.000144241275848, -9.54075076152e-05, 0.00186376681086, -0.000534629798494, -0.000341855338775, 5.12115875608e-05, -7.54190623411e-05, 5.3455674788e-05, 0.000172813262907, -0.000454265711596, -0.000620597216766, -0.000332555558998, -0.000934012583457], [6.36225668131e-05, 0.000157621398102, -0.000534629798494, 0.00319982599467, -0.000881689309608, 8.53012443258e-06, -0.000290090596536, 0.000630443682894, -0.000401341181714, -0.000152569933562, 0.000740396033507, -0.000269299984211, 0.000927770684939], [-2.1512450985e-06, -0.000116420131235, -0.000341855338775, -0.000881689309608, 0.00403781747445, -0.00044532539323, 0.00140239123721, -0.000953843526077, -0.000451069092378, -0.00063599308487, -0.000906480883714, 0.000791817554273, -0.00138692581095], [6.17212717771e-05, 5.13443192176e-05, 5.12115875608e-05, 8.53012443258e-06, -0.00044532539323, 0.00585470860824, -0.00114058714826, 0.00160063803196, -0.00265778857283, -0.000166351441294, -0.00131929502822, 0.000429173902376, 0.00020391686121], [7.53284984967e-05, -9.02409447008e-05, -7.54190623411e-05, -0.000290090596536, 0.00140239123721, -0.00114058714826, 0.00716943060979, -0.0031300492119, 0.00212234794162, -0.00148248916958, -0.000506793207023, -0.000585820234846, 0.000488401798066], [-7.57905872888e-05, 3.73273978767e-05, 5.3455674788e-05, 0.000630443682894, -0.000953843526077, 0.00160063803196, -0.0031300492119, 0.00955449976027, -0.00112521101255, 0.00190994539298, -0.00233407737687, 0.00133245647885, -0.00220380257815], [-5.78645522182e-05, 0.000180208138772, 0.000172813262907, -0.000401341181714, -0.000451069092378, -0.00265778857283, 0.00212234794162, -0.00112521101255, 0.00785285420716, -8.88950162334e-05, 0.00177302258089, -0.00161286746152, 0.000566728471313], [-0.000151898319018, 0.000262062443653, -0.000454265711596, -0.000152569933562, -0.00063599308487, -0.000166351441294, -0.00148248916958, 0.00190994539298, -8.88950162334e-05, 0.00952467601746, -0.00187387876213, 0.000509446370415, -0.00121890974697], [-9.13552939892e-05, 8.9781708084e-05, -0.000620597216766, 0.000740396033507, -0.000906480883714, -0.00131929502822, -0.000506793207023, -0.00233407737687, 0.00177302258089, -0.00187387876213, 0.00967615190893, -0.00269569712691, 0.000734554079827], [1.7956800491e-07, 0.000227778102271, -0.000332555558998, -0.000269299984211, 0.000791817554273, 0.000429173902376, -0.000585820234846, 0.00133245647885, -0.00161286746152, 0.000509446370415, -0.00269569712691, 0.0111463731155, -0.00278973532841], [-4.3528900278e-05, 0.000194998909137, -0.000934012583457, 0.000927770684939, -0.00138692581095, 0.00020391686121, 0.000488401798066, -0.00220380257815, 0.000566728471313, -0.00121890974697, 0.000734554079827, -0.00278973532841, 0.0115087553859]]}, "spectral_contrast_coeffs": {"dmean": [0.0477787703276, 0.0429585836828, 0.0377133414149, 0.0330361500382, 0.0253064632416, 0.0205223187804], "dmean2": [0.0781809389591, 0.0696100592613, 0.0575098469853, 0.0497685186565, 0.0386632755399, 0.0299553889781], "dvar": [0.00159966188949, 0.00147152272984, 0.00124842335936, 0.00097931001801, 0.000590266077779, 0.000404967897339], "dvar2": [0.00409221416339, 0.00373274809681, 0.00246824533679, 0.00195225374773, 0.00118358898908, 0.000780240574386], "max": [-0.30465272069, -0.399821937084, -0.3977419734, -0.460497915745, -0.536891281605, -0.568065881729], "mean": [-0.606978654861, -0.675198495388, -0.7324000597, -0.752953410149, -0.785216748714, -0.80057233572], "median": [-0.608419120312, -0.675428509712, -0.735817432404, -0.756788134575, -0.788799643517, -0.804984331131], "min": [-0.981117427349, -0.963794410229, -0.97322422266, -0.955508470535, -0.957368910313, -0.960291087627], "var": [0.00853586941957, 0.00579084549099, 0.00741852167994, 0.00681013287976, 0.00342829758301, 0.00324041885324]}, "spectral_contrast_valleys": {"dmean": [0.386275351048, 0.366332530975, 0.407213926315, 0.424165278673, 0.446767419577, 0.461942106485], "dmean2": [0.630029082298, 0.566851735115, 0.614513158798, 0.614963471889, 0.633994579315, 0.620478391647], "dvar": [0.137079283595, 0.127375155687, 0.158854350448, 0.195458263159, 0.253147661686, 0.25586861372], "dvar2": [0.324955940247, 0.271540433168, 0.324672430754, 0.372843295336, 0.491384029388, 