{"lowlevel": {"average_loudness": 0.825683653355, "barkbands_crest": {"dmean": 1.55194735527, "dmean2": 2.4510102272, "dvar": 2.45970129967, "dvar2": 6.40776205063, "max": 23.296245575, "mean": 10.5834445953, "median": 10.2522678375, "min": 2.33003902435, "var": 7.49943685532}, "barkbands_flatness_db": {"dmean": 0.0502899587154, "dmean2": 0.0747296437621, "dvar": 0.00209263083525, "dvar2": 0.00469098752365, "max": 0.738369524479, "mean": 0.487111240625, "median": 0.498905569315, "min": 0.0269905235618, "var": 0.00664861360565}, "barkbands_kurtosis": {"dmean": 1.31390333176, "dmean2": 2.02890706062, "dvar": 4.75505590439, "dvar2": 11.6418809891, "max": 90.0018310547, "mean": 1.91281461716, "median": 1.27601051331, "min": -1.8881816864, "var": 10.9362049103}, "barkbands_skewness": {"dmean": 0.331492096186, "dmean2": 0.485405862331, "dvar": 0.140277191997, "dvar2": 0.316441386938, "max": 7.17183685303, "mean": 0.914358317852, "median": 0.92091268301, "min": -1.54457366467, "var": 0.502678930759}, "barkbands_spread": {"dmean": 0.790228843689, "dmean2": 1.12677896023, "dvar": 2.05901360512, "dvar2": 3.39305663109, "max": 135.896102905, "mean": 4.68162727356, "median": 3.08615207672, "min": 0.529771387577, "var": 115.837417603}, "dissonance": {"dmean": 0.0486281327903, "dmean2": 0.0811103433371, "dvar": 0.00250858650543, "dvar2": 0.00644554151222, "max": 0.499695420265, "mean": 0.338429480791, "median": 0.349959135056, "min": 0.0422015748918, "var": 0.00810635555536}, "dynamic_complexity": 2.59380507469, "erbbands_crest": {"dmean": 2.31330227852, "dmean2": 3.45701646805, "dvar": 7.13301086426, "dvar2": 14.1422128677, "max": 34.0311508179, "mean": 12.6662273407, "median": 11.4371070862, "min": 2.9136633873, "var": 22.4219455719}, "erbbands_flatness_db": {"dmean": 0.0404712818563, "dmean2": 0.0589120909572, "dvar": 0.00145126227289, "dvar2": 0.00327184097841, "max": 0.601620674133, "mean": 0.436952054501, "median": 0.45078638196, "min": 0.0472972355783, "var": 0.00501355621964}, "erbbands_kurtosis": {"dmean": 0.937184274197, "dmean2": 1.43654859066, "dvar": 2.8726477623, "dvar2": 6.85446071625, "max": 40.4529800415, "mean": 0.635791242123, "median": 0.0387511253357, "min": -1.81129086018, "var": 5.21042060852}, "erbbands_skewness": {"dmean": 0.331014931202, "dmean2": 0.476176172495, "dvar": 0.165280386806, "dvar2": 0.330151975155, "max": 3.58166408539, "mean": 0.186806246638, "median": 0.326224386692, "min": -6.11511135101, "var": 0.841221690178}, "erbbands_spread": {"dmean": 1.84456813335, "dmean2": 2.63582420349, "dvar": 6.90788459778, "dvar2": 14.2021360397, "max": 128.924865723, "mean": 9.58778476715, "median": 8.61138153076, "min": 1.59327185154, "var": 40.4204063416}, "hfc": {"dmean": 2.70855140686, "dmean2": 3.63790130615, "dvar": 18.1092128754, "dvar2": 36.6870956421, "max": 75.6396026611, "mean": 9.65962123871, "median": 7.50367355347, "min": 5.47072653845e-09, "var": 71.7707214355}, "melbands_crest": {"dmean": 2.15210962296, "dmean2": 3.29845643044, "dvar": 4.95291280746, "dvar2": 12.1254529953, "max": 29.3621559143, "mean": 15.1212148666, "median": 14.5518417358, "min": 4.96129989624, "var": 21.0824794769}, "melbands_flatness_db": {"dmean": 0.0602539889514, "dmean2": 0.089813478291, "dvar": 0.00288773910142, "dvar2": 0.00666593015194, "max": 0.909702837467, "mean": 0.62958407402, "median": 0.64438521862, "min": 0.04299165681, "var": 0.0106060421094}, "melbands_kurtosis": {"dmean": 2.09076571465, "dmean2": 3.17095756531, "dvar": 11.3209915161, "dvar2": 27.1705722809, "max": 62.2293243408, "mean": 4.38519430161, "median": 2.92743492126, "min": -1.90842652321, "var": 28.3381385803}, "melbands_skewness": {"dmean": 0.370822578669, "dmean2": 0.535902619362, "dvar": 0.186815872788, "dvar2": 0.404816240072, "max": 6.32800912857, "mean": 1.51807451248, "median": 1.44579720497, "min": -0.739840626717, "var": 0.755822658539}, "melbands_spread": {"dmean": 1.16098082066, "dmean2": 1.6658513546, "dvar": 6.27378559113, "dvar2": 11.3620157242, "max": 207.056976318, "mean": 6.03703355789, "median": 3.92217588425, "min": 0.646384060383, "var": 201.063674927}, "pitch_salience": {"dmean": 0.0516715794802, "dmean2": 0.0811043009162, "dvar": 0.00278518674895, "dvar2": 0.00700713973492, "max": 0.891063570976, "mean": 0.58700889349, "median": 0.593160808086, "min": 0.261959224939, "var": 0.0108482530341}, "silence_rate_20dB": {"dmean": 0, "dmean2": 0, "dvar": 0, "dvar2": 0, "max": 1, "mean": 1, "median": 1, "min": 1, "var": 0}, "silence_rate_30dB": {"dmean": 0.0277136266232, "dmean2": 0.055434782058, "dvar": 0.0269438270479, "dvar2": 0.0651365369558, "max": 1, "mean": 0.960336863995, "median": 1, "min": 0, "var": 0.038090121001}, "silence_rate_60dB": {"dmean": 0.0184757504612, "dmean2": 0.036820653826, "dvar": 0.0181343834847, "dvar2": 0.0471484139562, "max": 1, "mean": 0.032464005053, "median": 0, "min": 0, "var": 0.031409393996}, "spectral_centroid": {"dmean": 31.8229408264, "dmean2": 44.1776123047, "dvar": 17834.9101562, "dvar2": 19519.1523438, "max": 10974.4316406, "mean": 354.82321167, "median": 309.118774414, "min": 145.418701172, "var": 148570.34375}, "spectral_complexity": {"dmean": 1.18217635155, "dmean2": 1.88994562626, "dvar": 2.2258849144, "dvar2": 4.55191469193, "max": 21, "mean": 8.3348274231, "median": 8, "min": 0, "var": 7.39717721939}, "spectral_decrease": {"dmean": 2.70044453465e-09, "dmean2": 3.86955001375e-09, "dvar": 1.55480391725e-17, "dvar2": 3.35991037175e-17, "max": 7.18041012869e-17, "mean": -1.02533475044e-08, "median": -8.58040216656e-09, "min": -6.23685565415e-08, "var": 6.33833497116e-17}, "spectral_energy": {"dmean": 0.0104229245335, "dmean2": 0.0149109214544, "dvar": 0.000230576144531, "dvar2": 0.000497473170981, "max": 0.239139899611, "mean": 0.0395746640861, "median": 0.0331279225647, "min": 4.49878171825e-13, "var": 0.00094156479463}, "spectral_energyband_high": {"dmean": 2.55688092921e-07, "dmean2": 4.73412058e-07, "dvar": 1.18558212293e-12, "dvar2": 3.40737767862e-12, "max": 1.38311424962e-05, "mean": 1.66548574043e-07, "median": 1.72221685801e-08, "min": 3.4328120316e-13, "var": 6.74369468687e-13}, "spectral_energyband_low": {"dmean": 0.00613255565986, "dmean2": 0.00925341714174, "dvar": 0.000109056607471, "dvar2": 0.00025563914096, "max": 0.16565489769, "mean": 0.0195708796382, "median": 0.0156649462879, "min": 5.84529508672e-14, "var": 0.000383022939786}, "spectral_energyband_middle_high": {"dmean": 0.000809103948995, "dmean2": 0.00117584166583, "dvar": 8.65907441039e-06, "dvar2": 1.77941601578e-05, "max": 0.0482545383275, "mean": 0.0015812034253, "median": 0.000374831201043, "min": 1.11413962027e-14, "var": 1.4218187971e-05}, "spectral_energyband_middle_low": {"dmean": 0.00625517126173, "dmean2": 0.00878197699785, "dvar": 8.38775013108e-05, "dvar2": 0.000189269980183, "max": 0.147089153528, "mean": 0.0220405142754, "median": 0.0180407911539, "min": 2.69523867878e-14, "var": 0.000310519040795}, "spectral_entropy": {"dmean": 0.224080219865, "dmean2": 0.313816100359, "dvar": 0.0810002312064, "dvar2": 0.169503137469, "max": 9.81110668182, "mean": 5.08851575851, "median": 5.00373077393, "min": 3.64939665794, "var": 0.317809909582}, "spectral_flux": {"dmean": 0.0292679537088, "dmean2": 0.0449746958911, "dvar": 0.00140271394048, "dvar2": 0.00312302703969, "max": 0.402972191572, "mean": 0.0586961247027, "median": 0.0410249531269, "min": 1.03626734926e-05, "var": 0.00233033159748}, "spectral_kurtosis": {"dmean": 153.315444946, "dmean2": 248.701080322, "dvar": 17190.8476562, "dvar2": 48196.5273438, "max": 1278.52307129, "mean": 330.789825439, "median": 309.411560059, "min": -1.22206127644, "var": 34457.6835938}, "spectral_rms": {"dmean": 0.000824199989438, "dmean2": 0.00114304840099, "dvar": 1.13566852633e-06, "dvar2": 2.27358304983e-06, "max": 0.0152743970975, "mean": 0.00572130223736, "median": 0.00568506121635, "min": 2.09500718995e-08, "var": 5.8759633248e-06}, "spectral_rolloff": {"dmean": 60.892250061, "dmean2": 103.779159546, "dvar": 45721.6875, "dvar2": 73768.2421875, "max": 19013.8183594, "mean": 564.453063965, "median": 366.064453125, "min": 129.19921875, "var": 2757796.25}, "spectral_skewness": {"dmean": 3.45402431488, "dmean2": 5.38555431366, "dvar": 7.96979379654, "dvar2": 19.4965591431, "max": 29.2414321899, "mean": 14.1890115738, "median": 14.8127822876, "min": 0.0381001867354, "var": 21.7795524597}, "spectral_spread": {"dmean": 359146.65625, "dmean2": 621603.5, "dvar": 321902444544, "dvar2": 525371342848, "max": 41092816, "mean": 750542.4375, "median": 541492, "min": 70633.8515625, "var": 2361228525570.0}, "spectral_strongpeak": {"dmean": 0.276135444641, "dmean2": 0.448114067316, "dvar": 0.344016253948, "dvar2": 0.851619303226, "max": 7.4405632019, "mean": 0.827399253845, "median": 0.683606982231, "min": 0, "var": 0.623132288456}, "zerocrossingrate": {"dmean": 0.00195650802925, "dmean2": 0.00233718217351, "dvar": 1.12791722131e-05, "dvar2": 1.45737985804e-05, "max": 0.625, "mean": 0.0188847184181, "median": 0.01318359375, "min": 0.00390625, "var": 0.00284024188295}, "barkbands": {"dmean": [7.2592001743e-06, 0.00344396871515, 0.00250991713256, 0.00228421320207, 0.00295724510215, 0.00151914951857, 0.000572013843339, 0.000371536414605, 0.000516485888511, 0.000829347933177, 0.000114711110655, 8.61590451677e-05, 1.92033094208e-05, 8.94473123481e-06, 5.75568037675e-06, 2.47852403845e-06, 1.33485445986e-06, 4.0583714167e-07, 1.26583074689e-07, 6.62492283254e-08, 4.31957012381e-08, 5.34845518985e-08, 6.93762558512e-08, 3.00871612069e-08, 1.95849718665e-08, 7.55309237377e-09, 2.34101804608e-09], "dmean2": [1.27903067551e-05, 0.00553960399702, 0.0038581918925, 0.00357276177965, 0.00448841787875, 0.00181266816799, 0.000796943786554, 0.000536554376595, 0.000584829074796, 0.00121644954197, 0.000150994746946, 0.000117216361105, 3.16602563544e-05, 1.45529620568e-05, 9.875953765e-06, 4.18411354985e-06, 2.33247192227e-06, 7.06896628344e-07, 2.22486391976e-07, 1.1840348435e-07, 7.83034650453e-08, 1.00600438202e-07, 1.3168457258e-07, 5.56319328382e-08, 3.62932084386e-08, 1.41547689125e-08, 4.29138058422e-09], "dvar": [3.06417835549e-10, 5.03944393131e-05, 2.5108914997e-05, 2.0026904167e-05, 2.26313604799e-05, 5.87168369748e-06, 2.10556549973e-06, 6.70726137741e-07, 1.50328583004e-06, 1.00850129456e-05, 1.48127213606e-07, 2.11805243566e-07, 3.9501331095e-09, 6.88330226151e-10, 5.75241299039e-10, 8.63289578712e-11, 7.06729258448e-11, 3.61457586952e-12, 2.10997899383e-13, 8.95717690557e-14, 2.1402772607e-14, 6.90719047713e-14, 1.31379187585e-13, 1.27129209937e-14, 7.0520354828e-15, 9.51773018105e-16, 1.40096867196e-17], "dvar2": [8.82653616863e-10, 0.000127545019495, 5.65715163248e-05, 5.0266051403e-05, 5.35760809726e-05, 1.03455504359e-05, 3.92695346818e-06, 1.32323634716e-06, 1.70845169123e-06, 2.03876497835e-05, 2.57241680401e-07, 4.01887490398e-07, 9.93567361718e-09, 1.73604253195e-09, 1.6120191848e-09, 2.28562474502e-10, 1.9491554204e-10, 9.93643275299e-12, 5.72259958604e-13, 2.54064943996e-13, 5.98960239588e-14, 1.99896211237e-13, 3.81977462898e-13, 3.65754789736e-14, 2.03933295625e-14, 2.7878446215e-15, 4.24981575928e-17], "max": [0.000215392370592, 0.12358187139, 0.118233010173, 0.073299691081, 0.0727385357022, 0.0524930991232, 0.0487987101078, 0.0203943625093, 0.0323815532029, 0.0467681214213, 0.014237546362, 0.0207510776818, 0.00126929930411, 0.00054476846708, 0.000435527501395, 0.00015224920935, 0.000189211510587, 4.12430163124e-05, 8.77177535585e-06, 4.7431681196e-06, 1.67892540048e-06, 2.9887924029e-06, 4.98109466207e-06, 1.13346288799e-06, 1.22027768157e-06, 4.67842596663e-07, 7.04667399987e-08], "mean": [6.47906563245e-06, 0.00880189519376, 0.00742500042543, 0.0053539625369, 0.00780457491055, 0.00444383407012, 0.00151055830065, 0.00078626384493, 0.00145612435881, 0.00143621163443, 0.000304669578327, 0.000208247409319, 1.89479469554e-05, 9.51045967668e-06, 4.97259361509e-06, 1.95732377506e-06, 9.72887278294e-07, 2.77279070815e-07, 8.89338735988e-08, 4.49452706164e-08, 2.90983628304e-08, 3.29773115482e-08, 4.18462882124e-08, 1.96918694684e-08, 1.28315846837e-08, 5.5097659768e-09, 3.03248071098e-09], "median": [1.11298436423e-06, 0.00549438688904, 0.00360486260615, 0.00267515145242, 0.00587241537869, 0.00276106363162, 0.000370335299522, 0.000292539130896, 0.000306680303765, 0.000273208424915, 3.42466082657e-05, 1.2142556443e-05, 1.36189805744e-06, 1.03632100945e-06, 2.82569089904e-07, 7.66403331909e-08, 1.9954349284e-08, 7.6794552939e-09, 5.05473440882e-09, 3.32857874596e-09, 2.81575296412e-09, 2.34613284356e-09, 2.27156360388e-09, 1.98473792956e-09, 1.67101510407e-09, 1.50199985782e-09, 1.87305593258e-09], "min": [2.31244229765e-14, 2.9389170134e-14, 1.31207953099e-14, 7.77781735772e-15, 7.16457312721e-15, 5.50422846136e-15, 3.4799836183e-15, 1.94765760628e-15, 8.73987970856e-16, 8.6876071878e-16, 3.03613957155e-16, 8.84294138362e-16, 6.53149540848e-16, 2.81465422013e-16, 5.49587586947e-16, 3.23542895398e-16, 3.04094516004e-16, 4.29188248594e-15, 2.3524296643e-15, 1.19390903278e-15, 1.59021658468e-15, 2.48253011335e-15, 4.09048557965e-15, 2.61958677813e-14, 2.79338032062e-14, 5.18291091739e-14, 2.30803277965e-13], "var": [2.61278443325e-10, 0.000125277569168, 0.00010034256411, 4.36758746218e-05, 5.65809968975e-05, 2.60153592535e-05, 1.13826499728e-05, 1.92239053831e-06, 1.15392676889e-05, 1.69115246536e-05, 1.2719743836e-06, 1.66313486716e-06, 3.83431064677e-09, 7.82888143203e-10, 4.48685699705e-10, 6.51553672126e-11, 4.56568949314e-11, 2.36600669612e-12, 1.44534097147e-13, 5.33485880255e-14, 1.3350968043e-14, 3.835998427e-14, 7.16248349693e-14, 7.19501379727e-15, 3.93036670647e-15, 5.15122398658e-16, 1.05351435079e-17]}, "erbbands": {"dmean": [0.0350127965212, 0.969017982483, 2.9557800293, 5.39652585983, 8.80244731903, 9.91102695465, 14.4880943298, 11.1417360306, 8.51170539856, 8.88270664215, 9.30716609955, 10.1013641357, 22.3993320465, 18.8750076294, 4.56711006165, 3.64084339142, 1.00821447372, 0.543219804764, 0.367853909731, 0.215440183878, 0.130968034267, 0.0759763866663, 0.02698716335, 0.011498500593, 0.00464624911547, 0.00331572513096, 0.00196810415946, 0.00171239068732, 0.00183715543244, 0.00244377437048, 0.00170210900251, 0.000770615704823, 0.00046098898747, 0.000310156407068, 8.85604604264e-05, 4.24482823291e-05, 1.3023604879e-05, 2.41524207922e-06, 4.7999965318e-06, 1.14461663543e-05], "dmean2": [0.0550997592509, 1.55433571339, 4.56413269043, 8.25333595276, 13.4666519165, 15.597864151, 18.2250823975, 14.0345373154, 12.0794095993, 11.6488256454, 13.1306314468, 12.0551681519, 29.4667987823, 28.5897655487, 6.18328714371, 4.89743852615, 1.58997786045, 0.870868980885, 0.631907999516, 0.356916546822, 0.226168110967, 0.132771611214, 0.0466834530234, 0.0202185064554, 0.00804664660245, 0.00594959454611, 0.00353434635326, 0.003135465784, 0.0034354722593, 0.00465796235949, 0.00320814200677, 0.00142528652214, 0.000851532560773, 0.000575917365495, 0.000162494761753, 7.83170689829e-05, 2.33603150264e-05, 4.33905597674e-06, 6.8292342803e-06, 1.63379681908e-05], "dvar": [0.00414498476312, 3.98967957497, 34.7891387939, 98.1095123291, 272.830566406, 342.698516846, 380.935913086, 411.92678833, 559.730102539, 700.33215332, 443.583953857, 591.613647461, 5343.47460938, 9259.15820312, 161.443374634, 513.508361816, 8.54986572266, 2.27331614494, 1.81799471378, 0.76759916544, 0.336739420891, 0.228680416942, 0.0146674318239, 0.00286695477553, 0.000221817652346, 0.00024641858181, 3.54104740836e-05, 5.27423981111e-05, 9.00035229279e-05, 0.000177086869371, 6.80800803821e-05, 9.31358681555e-06, 3.06283595819e-06, 2.39775999944e-06, 7.78137021484e-08, 3.04287581798e-08, 1.83931281317e-09, 2.83097226217e-11, 4.75906362929e-11, 2.76678457922e-10], "dvar2": [0.0106626944616, 10.0143499374, 79.720916748, 228.376968384, 628.453491211, 843.718017578, 672.36730957, 804.804443359, 1253.58251953, 1107.09509277, 868.057434082, 727.858215332, 9739.22167969, 19228.703125, 293.299194336, 986.060852051, 20.0916652679, 5.56561470032, 5.06147956848, 1.98811018467, 0.919015169144, 0.628302514553, 0.0397581942379, 0.00794452335685, 0.000584629073273, 0.000704101286829, 9.91289998638e-05, 0.000148893086589, 0.00026096435613, 0.000514625804499, 0.000197602392291, 2.6908939617e-05, 8.79713661561e-06, 6.96571987646e-06, 2.22691866725e-07, 8.90424729505e-08, 5.36527267059e-09, 8.17089312877e-11, 1.01696061294e-10, 5.95683558036e-10], "max": [1.16703557968, 34.2648963928, 93.8412628174, 140.581039429, 260.57510376, 297.881744385, 323.025085449, 486.640777588, 733.16607666, 995.464782715, 486.408508301, 747.500366211, 1964.66687012, 1572.93078613, 442.765808105, 1046.03881836, 68.8429107666, 27.3613529205, 23.1766605377, 26.4681491852, 11.2759895325, 10.5822105408, 2.60754179955, 1.15323507786, 0.221447572112, 0.260612010956, 0.0574414096773, 0.100581891835, 0.13367383182, 0.194575816393, 0.0926021486521, 0.0351297222078, 0.0212418157607, 0.0243584234267, 0.00276256422512, 0.00259814737365, 0.000636358570773, 7.59897229727e-05, 0.000107903390017, 0.000260709086433], "mean": [0.0925760567188, 2.53023052216, 8.88861179352, 14.8018712997, 20.791305542, 24.2649555206, 38.4561309814, 30.9101581573, 21.5712757111, 25.6792869568, 20.0669460297, 29.329706192, 53.1808700562, 28.0723838806, 11.8042955399, 9.45111274719, 1.41232252121, 0.615837454796, 0.32403537631, 0.199292749166, 0.101023159921, 0.0546717047691, 0.0187506806105, 0.00796865019947, 0.00331678427756, 0.00223270035349, 0.00135534466244, 0.00112425943371, 0.00114641420078, 0.00148038833868, 0.00105126015842, 0.000520318339113, 0.000318821374094, 0.000217322391109, 7.96490348876e-05, 4.48975915788e-05, 1.96993696591e-05, 3.56166265192e-06, 1.84504187928e-05, 4.34839603258e-05], "median": [0.0652116090059, 1.57355606556, 4.03893089294, 8.75981807709, 12.5746917725, 16.5353546143, 25.2667140961, 17.998052597, 9.52445983887, 6.49249172211, 6.10348033905, 7.41239547729, 12.5136480331, 5.33399772644, 1.81500720978, 0.533974289894, 0.11528558284, 0.0694551169872, 0.0314517468214, 0.0090959481895, 0.00374816171825, 0.00134358229116, 0.000551382196136, 0.000351360824425, 0.000238961569266, 0.000170750223333, 0.000143493074575, 0.000107177329483, 9.64027567534e-05, 8.89643342816e-05, 7.9402976553e-05, 6.60780497128e-05, 5.20369176229e-05, 4.28896164522e-05, 3.20634062518e-05, 2.33835198742e-05, 1.33002995426e-05, 2.35913785218e-06, 1.54913868755e-05, 3.64352781617e-05], "min": [1.16094666432e-12, 5.58318625707e-12, 1.4471807433e-11, 2.28894334042e-11, 2.47647440749e-11, 2.25059502285e-11, 3.02652278239e-11, 4.92804165531e-11, 5.38926438198e-11, 4.42069783557e-11, 4.10613244795e-11, 2.07313055611e-11, 2.06980196871e-11, 2.35138766097e-11, 1.97639179328e-11, 3.37523238525e-11, 2.88249684538e-11, 1.9154927644e-11, 3.21931474534e-11, 1.7220782092e-11, 2.02751149203e-11, 2.63349151514e-11, 1.96682628517e-10, 1.7564880106e-10, 9.5768892816e-11, 6.10560560443e-11, 8.61210755487e-11, 5.887773602e-11, 1.02629349463e-10, 4.66499304463e-11, 1.55001830815e-10, 3.85431991878e-10, 4.25796842229e-10, 3.67223251807e-10, 1.95072596965e-10, 1.89703058817e-10, 9.3055563255e-11, 9.67535496166e-11, 3.02541394714e-11, 3.60705606009e-12], "var": [0.0102933663875, 10.3638029099, 137.604110718, 282.933532715, 626.171142578, 784.869262695, 1776.79394531, 1552.05712891, 1643.14538574, 4604.15722656, 1281.99316406, 4413.76660156, 17387.1914062, 11072.1484375, 1323.9876709, 4192.17431641, 25.1341743469, 2.90178370476, 1.27744221687, 0.835056006908, 0.23152256012, 0.148361667991, 0.00998213421553, 0.00185727747157, 0.000161368341651, 0.000143981596921, 2.23713614105e-05, 3.1641433452e-05, 4.98321533087e-05, 9.66242077993e-05, 3.73708317056e-05, 5.21058245795e-06, 1.73940179593e-06, 1.31705280637e-06, 4.57477256077e-08, 1.68092224584e-08, 1.12554154885e-09, 2.01352788609e-11, 1.9802397222e-10, 1.13285036907e-09]}, "gfcc": {"mean": [-245.517807007, 270.570831299, -15.0487852097, -56.269241333, -46.5867500305, -4.08740472794, -14.3513660431, -16.7089595795, -13.9240942001, -21.7255496979, -9.70755767822, -11.0349149704, 4.30196857452], "cov": [[9123.0546875, 1884.75195312, -1432.6027832, 366.815093994, 583.369506836, 569.737548828, 98.0198059082, 67.3685760498, 262.71194458, -125.798072815, 119.47743988, -138.66293335, 26.8142986298], [1884.75195312, 1731.17492676, 390.842041016, -574.094726562, 49.2334976196, 33.4126243591, 148.466003418, -81.6054229736, 34.932144165, -72.9861068726, 12.5211381912, -45.9382972717, 113.596298218], [-1432.6027832, 390.842041016, 1313.61779785, 58.3693466187, -139.701751709, -54.0246658325, 273.13180542, 16.1644515991, -70.5565109253, -20.040309906, -42.9910430908, -14.9292545319, 49.2443695068], [366.815093994, -574.094726562, 58.3693466187, 894.049194336, 154.48449707, 85.279006958, 53.1719322205, 107.602790833, 25.1142864227, 1.92467987537, 25.893693924, -18.473033905, -64.575012207], [583.369506836, 49.2334976196, -139.701751709, 154.48449707, 408.701263428, 219.053909302, 56.9137077332, 49.4354667664, 39.9682579041, 10.425447464, 34.9839744568, 1.66006994247, -0.934924423695], [569.737548828, 33.4126243591, -54.0246658325, 85.279006958, 219.053909302, 311.521942139, 187.103607178, 48.3855743408, -8.11257362366, -2.03488731384, 16.6709861755, 19.0068206787, 26.1628360748], [98.0198059082, 148.466003418, 273.13180542, 53.1719322205, 56.9137077332, 187.103607178, 295.434448242, 84.2580413818, -32.8625068665, -32.3718261719, -17.9741897583, 12.5999650955, 53.2861595154], [67.3685760498, -81.6054229736, 16.1644515991, 107.602790833, 49.4354667664, 48.3855743408, 84.2580413818, 118.532287598, 54.3876991272, -3.3068318367, -21.1346797943, -8.74879169464, 9.82397079468], [262.71194458, 34.932144165, -70.5565109253, 25.1142864227, 39.9682579041, -8.11257362366, -32.8625068665, 54.3876991272, 120.896438599, 55.6904792786, 5.85948944092, -25.1240558624, -7.29148054123], [-125.798072815, -72.9861068726, -20.040309906, 1.92467987537, 10.425447464, -2.03488731384, -32.3718261719, -3.3068318367, 55.6904792786, 91.2306976318, 33.3947372437, -5.88064289093, -24.6384792328], [119.47743988, 12.5211381912, -42.9910430908, 25.893693924, 34.9839744568, 16.6709861755, -17.9741897583, -21.1346797943, 5.85948944092, 33.3947372437, 63.7862129211, 29.0771045685, -5.40378093719], [-138.66293335, -45.9382972717, -14.9292545319, -18.473033905, 1.66006994247, 19.0068206787, 12.5999650955, -8.74879169464, -25.1240558624, -5.88064289093, 29.0771045685, 63.5116043091, 37.7514381409], [26.8142986298, 113.596298218, 49.2443695068, -64.575012207, -0.934924423695, 26.1628360748, 53.2861595154, 9.82397079468, -7.29148054123, -24.6384792328, -5.40378093719, 37.7514381409, 76.1441574097]], "icov": [[0.000752954627387, -0.00156335381325, 0.00128604646306, -0.0013475229498, 0.000874419987667, -0.00144686619751, 0.000375382864149, -0.000343596853781, -0.000350028305547, 0.00050615996588, -0.000329779577442, 0.00068131252192, 0.000151226558955], [-0.00156335381325, 0.00558777851984, -0.00324464868754, 0.00427247118205, -0.00252934545279, 0.00363532104529, -0.00304927746765, 0.00465297047049, -0.00402645720169, 0.00487596075982, -0.00561565579847, 0.00477325031534, -0.00338334566914], [0.00128604646306, -0.00324464868754, 0.00381368910894, -0.00297090783715, 0.00131282233633, -0.000486019795062, -0.00185708643403, 0.000102186015283, 0.000666330975946, -0.00165864394512, 0.00180295552127, -5.86887217651e-05, 0.00055543507915], [-0.0013475229498, 0.00427247118205, -0.00297090783715, 0.00494374614209, -0.00225005857646, 0.00252189743333, -0.00131219392642, 0.000703704485204, -0.00163987220731, 0.00348770944402, -0.00492021068931, 0.00286148954183, -0.000648433517199], [0.000874419987667, -0.00252934545279, 0.00131282233633, -0.00225005857646, 0.00662059988827, -0.00719080027193, 0.00449762120843, -0.00388602493331, 0.000507611141074, 0.000651976966765, -0.00225881114602, 0.0016394337872, -9.93478461169e-05], [-0.00144686619751, 0.00363532104529, -0.000486019795062, 0.00252189743333, -0.00719080027193, 0.0161117892712, -0.0124896243215, 0.00719023728743, -0.00172491243575, -0.00191375939175, 0.00192575447727, -0.00321835232899, 0.000675454677548], [0.000375382864149, -0.00304927746765, -0.00185708643403, -0.00131219392642, 0.00449762120843, -0.0124896243215, 0.0207331459969, -0.0182999316603, 0.0139321591705, -0.00611939979717, -0.000184572461876, 0.00306575745344, -0.00547548849136], [-0.000343596853781, 0.00465297047049, 0.000102186015283, 0.000703704485204, -0.00388602493331, 0.00719023728743, -0.0182999316603, 0.0360979028046, -0.0279528424144, 0.0153175462037, 0.00328563223593, -0.00403894670308, 0.00385630689561], [-0.000350028305547, -0.00402645720169, 0.000666330975946, -0.00163987220731, 0.000507611141074, -0.00172491243575, 0.0139321591705, -0.0279528424144, 0.040748000145, -0.0283448509872, 0.00440358789638, 0.00716202519834, -0.00974405743182], [0.00050615996588, 0.00487596075982, -0.00165864394512, 0.00348770944402, 0.000651976966765, -0.00191375939175, -0.00611939979717, 0.0153175462037, -0.0283448509872, 0.0413355603814, -0.025067217648, 0.0116479182616, 0.00265679508448], [-0.000329779577442, -0.00561565579847, 0.00180295552127, -0.00492021068931, -0.00225881114602, 0.00192575447727, -0.000184572461876, 0.00328563223593, 0.00440358789638, -0.025067217648, 0.0574582219124, -0.0451516732574, 0.0209449734539], [0.00068131252192, 0.00477325031534, -5.86887217651e-05, 0.00286148954183, 0.0016394337872, -0.00321835232899, 0.00306575745344, -0.00403894670308, 0.00716202519834, 0.0116479182616, -0.0451516732574, 0.0684895738959, -0.0381005257368], [0.000151226558955, -0.00338334566914, 0.00055543507915, -0.000648433517199, -9.93478461169e-05, 0.000675454677548, -0.00547548849136, 0.00385630689561, -0.00974405743182, 0.00265679508448, 0.0209449734539, -0.0381005257368, 0.0406218580902]]}, "melbands": {"dmean": [0.000643711769953, 0.00146952120122, 0.000975506671239, 0.000685940205585, 0.000466616620542, 0.00025407524663, 0.000128507366753, 8.98190628504e-05, 7.37230657251e-05, 7.02595498296e-05, 0.000114920039778, 8.23115187814e-05, 1.68454462255e-05, 9.96536346065e-06, 5.12150836585e-06, 1.63451238677e-06, 9.35026321258e-07, 6.2748512164e-07, 3.87913956956e-07, 2.05713774903e-07, 1.37968356739e-07, 9.22730265529e-08, 2.9330859519e-08, 1.81508585939e-08, 8.52029558018e-09, 3.75971165312e-09, 2.5982458407e-09, 2.06761474608e-09, 1.24562937742e-09, 1.06150266355e-09, 9.4909724524e-10, 1.07782316405e-09, 1.00159869287e-09, 1.5555817745e-09, 1.06815289946e-09, 6.06312722251e-10, 4.37763048033e-10, 3.26760757341e-10, 3.01314695417e-10, 2.40376635263e-10], "dmean2": [0.00102909945417, 0.00228840275668, 0.00149362487718, 0.00104936398566, 0.000621013168711, 0.000318118021823, 0.000178826856427, 0.000119962787721, 0.000102245765447, 8.14615050331e-05, 0.000152056003571, 0.000125133243273, 2.21714290092e-05, 1.3486395801e-05, 7.31817681299e-06, 2.68330131803e-06, 1.50397431753e-06, 1.08666461074e-06, 6.66735161303e-07, 3.41701280604e-07, 2.41537975398e-07, 1.62988598618e-07, 4.94812120166e-08, 3.17955439755e-08, 1.50819907674e-08, 6.5094383217e-09, 4.58142457305e-09, 3.74742814557e-09, 2.23164864366e-09, 1.93795290926e-09, 1.74223879768e-09, 2.02416816641e-09, 1.87576354449e-09, 2.97475422073e-09, 2.0210881857e-09, 1.12471876257e-09, 8.12218292623e-10, 6.04200023346e-10, 5.5589205461e-10, 4.49502934874e-10], "dvar": [1.64475238762e-06, 8.26255109132e-06, 3.10180439556e-06, 1.38057441745e-06, 4.17623994053e-07, 2.24234923962e-07, 1.09983744778e-07, 5.94662452613e-08, 2.65892925455e-08, 2.72143516611e-08, 1.33819639814e-07, 1.8860114892e-07, 3.10362713307e-09, 2.77649103708e-09, 5.94764071327e-10, 2.30299737614e-11, 7.14490142398e-12, 5.22732508321e-12, 2.69301378072e-12, 5.77500341385e-13, 4.17474784126e-13, 4.25930287134e-13, 9.89856339392e-15, 8.39921597442e-15, 1.59781944654e-15, 1.41003271859e-16, 1.08910139782e-16, 9.88455487187e-17, 1.40214492279e-17, 1.27128006952e-17, 2.12954852831e-17, 3.8300444286e-17, 2.34656647577e-17, 8.45346094375e-17, 2.97763513823e-17, 7.00913725434e-18, 2.85110338788e-18, 1.45936373545e-18, 2.09621070944e-18, 1.4582266723e-18], "dvar2": [4.2487531573e-06, 1.93253617908e-05, 7.5155144259e-06, 3.2127409213e-06, 8.70494261562e-07, 4.44267470812e-07, 2.38287341858e-07, 9.53940144655e-08, 5.09867170706e-08, 3.38707764058e-08, 2.45836019985e-07, 3.93051209358e-07, 5.37804245582e-09, 5.32152677479e-09, 1.1705849623e-09, 5.52902029716e-11, 1.75155289578e-11, 1.45304740462e-11, 7.48630671343e-12, 1.45400369262e-12, 1.15371449373e-12, 1.18357905941e-12, 2.4951351071e-14, 2.34352959266e-14, 4.44192463166e-15, 3.76453152556e-16, 2.99924387516e-16, 2.83713182757e-16, 3.91526719275e-17, 3.59168042369e-17, 6.04348412571e-17, 1.11676198663e-16, 6.77877688361e-17, 2.46424966004e-16, 8.64759758654e-17, 2.03333551167e-17, 8.23419256872e-18, 4.19888211306e-18, 6.0638530347e-18, 4.23802471324e-18], "max": [0.0227837841958, 0.0380349941552, 0.0271902754903, 0.0201375391334, 0.00933211576194, 0.0122553706169, 0.00994219537824, 0.00886679720134, 0.00320864073001, 0.00419372040778, 0.00958909001201, 0.00711179850623, 0.00210494268686, 0.00234010675922, 0.00113483984023, 7.05032289261e-05, 5.44835638721e-05, 3.88188527722e-05, 2.93592293019e-05, 1.90997452592e-05, 1.3046769709e-05, 1.46074598888e-05, 1.7536458472e-06, 2.00536010198e-06, 8.53837150316e-07, 1.63606003412e-07, 1.56552260933e-07, 1.62246024615e-07, 4.15300149825e-08, 3.57900482584e-08, 7.18733019767e-08, 9.61285309131e-08, 5.30225428008e-08, 1.46567643355e-07, 6.97369841873e-08, 2.86267365368e-08, 2.13847499708e-08, 1.17760343699e-08, 2.37458213093e-08, 1.80823178653e-08], "mean": [0.00165975303389, 0.0043858261779, 0.00266575370915, 0.00167130620684, 0.00123055151198, 0.000713612476829, 0.000340818776749, 0.000248832948273, 0.000160039620823, 0.000200521521037, 0.000267182505922, 0.00011726658704, 4.58056456409e-05, 2.42152818828e-05, 1.07843916339e-05, 1.6811666228e-06, 1.03030242826e-06, 5.37397625067e-07, 3.34930291501e-07, 1.83546447374e-07, 1.03166911458e-07, 6.56103580354e-08, 2.10681516677e-08, 1.23119088258e-08, 5.84053028163e-09, 2.66243094238e-09, 1.80897952173e-09, 1.36388567107e-09, 8.59580018275e-10, 7.06753433555e-10, 6.10669848022e-10, 6.58690824107e-10, 6.19297335636e-10, 9.20366449719e-10, 6.43081143892e-10, 3.8859115925e-10, 2.86392576321e-10, 2.111257974e-10, 1.95752705712e-10, 1.5128065467e-10], "median": [0.00117010402028, 0.00240304553881, 0.00192327389959, 0.00117283384316, 0.000856925616972, 0.000419890217017, 0.000145256213727, 7.25699064787e-05, 4.41319862148e-05, 4.41795345978e-05, 6.34094321867e-05, 1.79132439371e-05, 5.28844520886e-06, 1.74681781573e-06, 4.61686795461e-07, 1.3440366331e-07, 1.10695637545e-07, 5.11396756053e-08, 1.49402019645e-08, 6.4274825462e-09, 3.11883741055e-09, 1.19167409274e-09, 5.09153053052e-10, 3.34561489623e-10, 2.41961728431e-10, 1.75249648127e-10, 1.27439933606e-10, 9.70651337084e-11, 8.5881163292e-11, 6.61542973179e-11, 5.05962355346e-11, 4.70356184556e-11, 4.31741517537e-11, 3.98519897638e-11, 3.57313970079e-11, 3.31671808074e-11, 2.70505493005e-11, 2.13665543591e-11, 1.86492626897e-11, 1.56053225897e-11], "min": [1.03759723388e-14, 7.6605795275e-15, 4.09042798141e-15, 1.6852758101e-15, 1.04040823977e-15, 1.10381585565e-15, 8.00075822939e-16, 4.66308313425e-16, 3.17650510701e-16, 1.11924471961e-16, 1.04979178988e-16, 1.01521722846e-16, 4.88313865435e-17, 1.07192800334e-16, 5.41167596378e-17, 7.31201853462e-17, 2.68887366558e-17, 5.03207881021e-17, 3.36559012471e-17, 1.84963060903e-17, 2.61799322063e-17, 1.83944057106e-17, 8.79883664276e-17, 2.27060813448e-16, 1.31723655345e-16, 1.01033845103e-16, 3.13289131438e-17, 4.17356062559e-17, 5.7213535254e-17, 3.89719561247e-17, 3.40290490389e-17, 7.86611241625e-17, 1.9663643223e-17, 2.54694634695e-17, 7.01108162509e-17, 1.29165748193e-16, 3.06991077516e-16, 2.69748124086e-16, 3.20722355093e-16, 3.37229174351e-16], "var": [3.80909500564e-06, 2.96087455354e-05, 7.5600951277e-06, 3.34172273142e-06, 1.56713610977e-06, 8.2146806335e-07, 3.87177038874e-07, 3.76979301109e-07, 8.65796181415e-08, 2.01715579351e-07, 4.2567810965e-07, 2.23914184971e-07, 2.81485572629e-08, 2.10824566693e-08, 4.9657908896e-09, 2.63059296568e-11, 9.15125180495e-12, 3.57737320669e-12, 2.15998703298e-12, 6.10470549979e-13, 2.73896031723e-13, 2.67736001555e-13, 7.94134553852e-15, 5.35207635656e-15, 1.02267084046e-15, 1.00172273629e-16, 7.03276235982e-17, 5.68705927895e-17, 8.90288868463e-18, 7.72840140264e-18, 1.25519934754e-17, 2.08527186623e-17, 1.31039777156e-17, 4.56930533733e-17, 1.63176331252e-17, 3.86903350405e-18, 1.59344237152e-18, 8.23991107509e-19, 1.16644812041e-18, 7.98110022009e-19]}, "mfcc": {"mean": [-874.127746582, 270.675476074, 91.2923049927, -5.94211292267, -14.2477788925, -0.139796599746, 3.36267447472, 2.70734381676, 0.493767023087, -4.09978532791, -9.70415306091, -10.3308801651, -5.99641418457], "cov": [[3183.3059082, 1766.30993652, -1042.84313965, -616.416320801, 450.103057861, 424.966400146, 44.5026664734, 76.2101974487, 141.453613281, 151.163757324, 87.5903091431, 86.0816497803, 78.0148162842], [1766.30993652, 1591.44726562, -46.1939277649, -402.234649658, 93.5004730225, 264.876464844, 143.029846191, 80.8226699829, 136.550384521, 114.374633789, 39.5790672302, 16.5757713318, 35.5681381226], [-1042.84313965, -46.1939277649, 1187.08068848, 436.244018555, -314.395111084, -124.22996521, 157.672073364, 88.3891372681, 21.383184433, 1.70832133293, -19.2620201111, -72.267539978, -51.374835968], [-616.416320801, -402.234649658, 436.244018555, 548.891479492, 109.045051575, -71.6037902832, 40.7730178833, 85.7618865967, 10.7098693848, -2.82499718666, 24.0110759735, 4.50097608566, -31.6412830353], [450.103057861, 93.5004730225, -314.395111084, 109.045051575, 394.454742432, 194.862823486, 31.7638244629, 54.6162528992, 56.8781166077, 45.6650123596, 59.4628753662, 71.3015213013, 33.8323554993], [424.966400146, 264.876464844, -124.22996521, -71.6037902832, 194.862823486, 291.809356689, 181.738571167, 89.1701812744, 64.8072052002, 59.9180641174, 42.1857185364, 32.1060256958, 36.0250587463], [44.5026664734, 143.029846191, 157.672073364, 40.7730178833, 31.7638244629, 181.738571167, 259.497894287, 171.347610474, 70.6308288574, 29.1882667542, 7.70026254654, -17.1715431213, -6.81622886658], [76.2101974487, 80.8226699829, 88.3891372681, 85.7618865967, 54.6162528992, 89.1701812744, 171.347610474, 186.17086792, 107.417060852, 33.7085533142, -3.51264333725, -23.3110675812, -19.0749969482], [141.453613281, 136.550384521, 21.383184433, 10.7098693848, 56.8781166077, 64.8072052002, 70.6308288574, 107.417060852, 128.736953735, 83.2745895386, 16.7941646576, -16.8216304779, -12.207326889], [151.163757324, 114.374633789, 1.70832133293, -2.82499718666, 45.6650123596, 59.9180641174, 29.1882667542, 33.7085533142, 83.2745895386, 108.621139526, 63.532989502, 5.05700588226, -11.6376247406], [87.5903091431, 39.5790672302, -19.2620201111, 24.0110759735, 59.4628753662, 42.1857185364, 7.70026254654, -3.51264333725, 16.7941646576, 63.532989502, 81.0236587524, 46.620262146, 5.45954227448], [86.0816497803, 16.5757713318, -72.267539978, 4.50097608566, 71.3015213013, 32.1060256958, -17.1715431213, -23.3110675812, -16.8216304779, 5.05700588226, 46.620262146, 74.0581207275, 49.7036933899], [78.0148162842, 35.5681381226, -51.374835968, -31.6412830353, 33.8323554993, 36.0250587463, -6.81622886658, -19.0749969482, -12.207326889, -11.6376247406, 5.45954227448, 49.7036933899, 71.3780670166]], "icov": [[0.0161269642413, -0.0236560255289, 0.0273050945252, -0.0315558314323, 0.0359471328557, -0.0389655642211, 0.0387090668082, -0.0337722972035, 0.0239949543029, -0.0126434769481, 0.00268763070926, 0.00198834855109, -0.00242283008993], [-0.0236560255289, 0.0368961058557, -0.0441727861762, 0.0537473037839, -0.0603105574846, 0.0608512051404, -0.0552742928267, 0.041755605489, -0.0243520531803, 0.00737649016082, 0.00320363417268, -0.00601831590757, 0.0042404900305], [0.0273050945252, -0.0441727861762, 0.059994392097, -0.0757115781307, 0.0850267335773, -0.077705591917, 0.0576179474592, -0.0292047727853, 0.00113712844905, 0.0153370304033, -0.0191254448146, 0.0128027657047, -0.0063559897244], [-0.0315558314323, 0.0537473037839, -0.0757115781307, 0.102641507983, -0.114847831428, 0.103884398937, -0.0703552663326, 0.0218550004065, 0.0191962365061, -0.0379970557988, 0.0325797013938, -0.017249032855, 0.0064478777349], [0.0359471328557, -0.0603105574846, 0.0850267335773, -0.114847831428, 0.138448119164, -0.130428537726, 0.0957223922014, -0.039970472455, -0.0162309389561, 0.0428898781538, -0.0370369367301, 0.0125558404252, -0.0019773771055], [-0.0389655642211, 0.0608512051404, -0.077705591917, 0.103884398937, -0.130428537726, 0.148208782077, -0.13202278316, 0.0849188119173, -0.0278092268854, -0.0143786296248, 0.0208578426391, -0.00998395681381, -0.00224984646775], [0.0387090668082, -0.0552742928267, 0.0576179474592, -0.0703552663326, 0.0957223922014, -0.13202278316, 0.16155128181, -0.152500286698, 0.107781648636, -0.0526820272207, 0.0132090095431, 0.0037209764123, -0.00230437633581], [-0.0337722972035, 0.041755605489, -0.0292047727853, 0.0218550004065, -0.039970472455, 0.0849188119173, -0.152500286698, 0.209956914186, -0.209410220385, 0.161591976881, -0.0907763540745, 0.0331937521696, -0.00323357526213], [0.0239949543029, -0.0243520531803, 0.00113712844905, 0.0191962365061, -0.0162309389561, -0.0278092268854, 0.107781648636, -0.209410220385, 0.283852905035, -0.271949917078, 0.190922677517, -0.0875604748726, 0.0218708086759], [-0.0126434769481, 0.00737649016082, 0.0153370304033, -0.0379970557988, 0.0428898781538, -0.0143786296248, -0.0526820272207, 0.161591976881, -0.271949917078, 0.329587638378, -0.278182446957, 0.161223858595, -0.0543439388275], [0.00268763070926, 0.00320363417268, -0.0191254448146, 0.0325797013938, -0.0370369367301, 0.0208578426391, 0.0132090095431, -0.0907763540745, 0.190922677517, -0.278182446957, 0.29726678133, -0.208497658372, 0.0899187847972], [0.00198834855109, -0.00601831590757, 0.0128027657047, -0.017249032855, 0.0125558404252, -0.00998395681381, 0.0037209764123, 0.0331937521696, -0.0875604748726, 0.161223858595, -0.208497658372, 0.196194589138, -0.0986521542072], [-0.00242283008993, 0.0042404900305, -0.0063559897244, 0.0064478777349, -0.0019773771055, -0.00224984646775, -0.00230437633581, -0.00323357526213, 0.0218708086759, -0.0543439388275, 0.0899187847972, -0.0986521542072, 0.0705152824521]]}, "spectral_contrast_coeffs": {"dmean": [0.0445453114808, 0.044267963618, 0.0383438579738, 0.0278616864234, 0.024892129004, 0.0314177498221], "dmean2": [0.070355951786, 0.0679003968835, 0.0588900111616, 0.0436692163348, 0.0390613563359, 0.0519862659276], "dvar": [0.00199914327823, 0.00179580668919, 0.00166457984596, 0.000660190009512, 0.000551713572349, 0.000716239388566], "dvar2": [0.00446715578437, 0.00398215837777, 0.00339781516232, 0.00144590029959, 0.00126108550467, 0.00171712425072], "max": [-0.230789482594, -0.404049277306, -0.34085971117, -0.575789153576, -0.660738766193, -0.732082009315], "mean": [-0.560811460018, -0.657716155052, -0.690889120102, -0.802926659584, -0.863643705845, -0.904582381248], "median": [-0.582599282265, -0.652420043945, -0.697703838348, -0.811047196388, -0.873275876045, -0.908886730671], "min": [-0.987872540951, -0.980675935745, -0.968463301659, -0.969104349613, -0.957889616489, -0.964597702026], "var": [0.00899834278971, 0.00574445305392, 0.00973269995302, 0.00335420039482, 0.00191248697229, 0.00163491035346]}, "spectral_contrast_valleys": {"dmean": [0.474342375994, 0.393111526966, 0.468537658453, 0.690908133984, 0.735537588596, 0.835324823856], "dmean2": [0.666764318943, 0.605002403259, 0.653945505619, 0.884313583374, 1.00312650204, 1.41212904453], "dvar": [0.352366119623, 0.214985385537, 0.331972241402, 0.567932665348, 0.452977895737, 0.441387563944], "dvar2": [0.523762464523, 0.380878150463, 0.557933926582, 1.099278