{"lowlevel": {"average_loudness": 0.837456524372, "barkbands_crest": {"dmean": 2.82026910782, "dmean2": 4.36942672729, "dvar": 6.93879461288, "dvar2": 15.2914857864, "max": 25.2985496521, "mean": 9.95869827271, "median": 8.67003822327, "min": 2.17551541328, "var": 28.2272949219}, "barkbands_flatness_db": {"dmean": 0.0243093855679, "dmean2": 0.0352042876184, "dvar": 0.000641206046566, "dvar2": 0.00126422278117, "max": 0.361042678356, "mean": 0.0975888296962, "median": 0.0831510201097, "min": 0.0172506682575, "var": 0.00291683082469}, "barkbands_kurtosis": {"dmean": 4.61152553558, "dmean2": 7.06503391266, "dvar": 84.1220092773, "dvar2": 180.570724487, "max": 245.923614502, "mean": 5.68794822693, "median": 0.61989402771, "min": -1.85887050629, "var": 174.911376953}, "barkbands_skewness": {"dmean": 0.78644567728, "dmean2": 1.16151511669, "dvar": 0.858794271946, "dvar2": 1.66003251076, "max": 14.1000652313, "mean": 1.5251429081, "median": 1.09876906872, "min": -5.86207962036, "var": 3.39537239075}, "barkbands_spread": {"dmean": 11.3101301193, "dmean2": 17.5906410217, "dvar": 184.024642944, "dvar2": 416.351013184, "max": 111.079536438, "mean": 37.3465118408, "median": 34.3933563232, "min": 0.937624633312, "var": 456.727020264}, "dissonance": {"dmean": 0.0160781759769, "dmean2": 0.0271267332137, "dvar": 0.000287284288788, "dvar2": 0.000733393593691, "max": 0.500000119209, "mean": 0.472106397152, "median": 0.477301478386, "min": 0.22567678988, "var": 0.000499968708027}, "dynamic_complexity": 3.60867881775, "erbbands_crest": {"dmean": 2.10335612297, "dmean2": 3.25478982925, "dvar": 4.12762451172, "dvar2": 8.75066280365, "max": 28.6116161346, "mean": 6.84279537201, "median": 5.79495429993, "min": 2.15158367157, "var": 13.6187477112}, "erbbands_flatness_db": {"dmean": 0.0154177034274, "dmean2": 0.0206630881876, "dvar": 0.000286128255539, "dvar2": 0.000502147478983, "max": 0.289252132177, "mean": 0.103290081024, "median": 0.0948316752911, "min": 0.0380184687674, "var": 0.00143259123433}, "erbbands_kurtosis": {"dmean": 0.724687993526, "dmean2": 1.08167529106, "dvar": 1.79418361187, "dvar2": 3.96249604225, "max": 35.8962936401, "mean": -0.0817846655846, "median": -0.633013725281, "min": -1.86435592175, "var": 4.70413255692}, "erbbands_skewness": {"dmean": 0.363450437784, "dmean2": 0.539678514004, "dvar": 0.157245919108, "dvar2": 0.327576905489, "max": 5.33617830276, "mean": 0.131364524364, "median": 0.100184604526, "min": -3.06376385689, "var": 0.526109993458}, "erbbands_spread": {"dmean": 12.7434577942, "dmean2": 18.3100414276, "dvar": 196.893539429, "dvar2": 384.61907959, "max": 186.917678833, "mean": 59.5146484375, "median": 56.9205322266, "min": 4.5345993042, "var": 729.966247559}, "hfc": {"dmean": 17.8446521759, "dmean2": 22.5493507385, "dvar": 640.23651123, "dvar2": 1312.28588867, "max": 205.691772461, "mean": 31.7204017639, "median": 18.4751968384, "min": 1.1237607287e-16, "var": 1224.26269531}, "melbands_crest": {"dmean": 3.63300967216, "dmean2": 5.66143226624, "dvar": 10.345035553, "dvar2": 24.2310600281, "max": 33.5467262268, "mean": 14.3113517761, "median": 13.3393230438, "min": 1.00138092041, "var": 41.1483612061}, "melbands_flatness_db": {"dmean": 0.0355983749032, "dmean2": 0.0501839742064, "dvar": 0.00144928204827, "dvar2": 0.00257724523544, "max": 0.49853760004, "mean": 0.155677258968, "median": 0.134782508016, "min": 1.81202011618e-07, "var": 0.00760407187045}, "melbands_kurtosis": {"dmean": 15.1168889999, "dmean2": 23.4025707245, "dvar": 743.254943848, "dvar2": 1689.97302246, "max": 522.507507324, "mean": 26.0033950806, "median": 7.09969711304, "min": -1.9348000288, "var": 1836.09143066}, "melbands_skewness": {"dmean": 1.12087535858, "dmean2": 1.67770242691, "dvar": 1.7972445488, "dvar2": 3.50261545181, "max": 18.4691047668, "mean": 3.46994566917, "median": 2.45617175102, "min": -2.78154587746, "var": 7.64268732071}, "melbands_spread": {"dmean": 13.3406133652, "dmean2": 20.0682296753, "dvar": 385.850402832, "dvar2": 733.468017578, "max": 276.435211182, "mean": 37.0264091492, "median": 28.1536750793, "min": 0.574075162411, "var": 1311.95214844}, "pitch_salience": {"dmean": 0.0745774507523, "dmean2": 0.118288174272, "dvar": 0.00499388901517, "dvar2": 0.0113130090758, "max": 0.99604165554, "mean": 0.561394870281, "median": 0.60355502367, "min": 0.129403963685, "var": 0.0201236251742}, "silence_rate_20dB": {"dmean": 0, "dmean2": 0, "dvar": 0, "dvar2": 0, "max": 1, "mean": 1, "median": 1, "min": 1, "var": 0}, "silence_rate_30dB": {"dmean": 0.0387551374733, "dmean2": 0.0775216594338, "dvar": 0.0372505262494, "dvar2": 0.0867781117558, "max": 1, "mean": 0.95611333847, "median": 1, "min": 0, "var": 0.0419581048191}, "silence_rate_60dB": {"dmean": 0.0839694663882, "dmean2": 0.167963594198, "dvar": 0.0769184231758, "dvar2": 0.1696921736, "max": 1, "mean": 0.137971520424, "median": 0, "min": 0, "var": 0.118940658867}, "spectral_centroid": {"dmean": 422.19543457, "dmean2": 636.552185059, "dvar": 250642.515625, "dvar2": 519823.71875, "max": 11837.3525391, "mean": 1848.02746582, "median": 1811.96716309, "min": 193.561904907, "var": 897326.375}, "spectral_complexity": {"dmean": 5.75308275223, "dmean2": 8.02437210083, "dvar": 43.6619491577, "dvar2": 85.2156677246, "max": 53, "mean": 16.2131214142, "median": 15, "min": 0, "var": 104.91494751}, "spectral_decrease": {"dmean": 4.82052575634e-09, "dmean2": 7.63841789819e-09, "dvar": 7.16859071036e-17, "dvar2": 1.73775598628e-16, "max": 1.22894350946e-11, "mean": -7.24491933113e-09, "median": -2.48105536116e-09, "min": -8.64290754521e-08, "var": 1.09721862043e-16}, "spectral_energy": {"dmean": 0.0193723291159, "dmean2": 0.0300957094878, "dvar": 0.0010884818621, "dvar2": 0.00262150587514, "max": 0.337797760963, "mean": 0.0302211306989, "median": 0.0121808368713, "min": 1.03180538594e-20, "var": 0.00168537977152}, "spectral_energyband_high": {"dmean": 0.00149936426897, "dmean2": 0.00190547946841, "dvar": 4.88942032462e-06, "dvar2": 9.9219078038e-06, "max": 0.0182253532112, "mean": 0.0024775355123, "median": 0.00124421005603, "min": 7.47495412245e-21, "var": 9.40120753512e-06}, "spectral_energyband_low": {"dmean": 0.00950297154486, "dmean2": 0.0151024702936, "dvar": 0.000455555185908, "dvar2": 0.00101763894781, "max": 0.300846725702, "mean": 0.016309004277, "median": 0.000507603574079, "min": 2.38160893819e-23, "var": 0.00102260080166}, "spectral_energyband_middle_high": {"dmean": 0.00114263850264, "dmean2": 0.00159684172831, "dvar": 2.29816805586e-06, "dvar2": 4.83554094899e-06, "max": 0.0177238173783, "mean": 0.00264453771524, "median": 0.00204527657479, "min": 1.14599926489e-21, "var": 5.81243284614e-06}, "spectral_energyband_middle_low": {"dmean": 0.0106663424522, "dmean2": 0.0181529968977, "dvar": 0.000505442032591, "dvar2": 0.00135539192706, "max": 0.158777743578, "mean": 0.00998915173113, "median": 0.00355726620182, "min": 1.83932272787e-22, "var": 0.000377158430638}, "spectral_entropy": {"dmean": 0.190941646695, "dmean2": 0.258040577173, "dvar": 0.0448258966208, "dvar2": 0.0792627334595, "max": 9.81294345856, "mean": 8.03835487366, "median": 8.08597946167, "min": 6.27352380753, "var": 0.169698953629}, "spectral_flux": {"dmean": 0.0445330813527, "dmean2": 0.068459533155, "dvar": 0.00401978520676, "dvar2": 0.00843616202474, "max": 0.439537256956, "mean": 0.0925085917115, "median": 0.0655833482742, "min": 6.51654702422e-11, "var": 0.0062143416144}, "spectral_kurtosis": {"dmean": 0.855499863625, "dmean2": 1.20870554447, "dvar": 1.20946764946, "dvar2": 2.284897089, "max": 15.0230903625, "mean": 2.64512562752, "median": 2.08191728592, "min": -1.27152395248, "var": 4.10846185684}, "spectral_rms": {"dmean": 0.00151180650573, "dmean2": 0.00218172045425, "dvar": 4.44906936536e-06, "dvar2": 1.00402039607e-05, "max": 0.0181537549943, "mean": 0.00443767243996, "median": 0.00344728049822, "min": 3.17275806322e-12, "var": 9.79107971943e-06}, "spectral_rolloff": {"dmean": 1603.97851562, "dmean2": 2616.08837891, "dvar": 6646541, "dvar2": 12203602, "max": 19164.5507812, "mean": 4422.53613281, "median": 2497.8515625, "min": 64.599609375, "var": 20550582}, "spectral_skewness": {"dmean": 0.171974152327, "dmean2": 0.24108171463, "dvar": 0.0419946834445, "dvar2": 0.0803648531437, "max": 3.13772177696, "mean": 1.35577213764, "median": 1.27830886841, "min": -0.047841373831, "var": 0.150146692991}, "spectral_spread": {"dmean": 886775.375, "dmean2": 1204101.5, "dvar": 1663121752060.0, "dvar2": 2846123098110.0, "max": 49610780, "mean": 7698529, "median": 7354958.5, "min": 2503831.25, "var": 6724576083970.0}, "spectral_strongpeak": {"dmean": 0.403662294149, "dmean2": 0.688665151596, "dvar": 0.384052425623, "dvar2": 0.989529490471, "max": 7.50412845612, "mean": 0.673592209816, "median": 0.474457412958, "min": 0, "var": 0.515554130077}, "zerocrossingrate": {"dmean": 0.0293448287994, "dmean2": 0.0302378069609, "dvar": 0.00109687901568, "dvar2": 0.000989598338492, "max": 0.53271484375, "mean": 0.146676018834, "median": 0.12451171875, "min": 0.0029296875, "var": 0.00939421355724}, "barkbands": {"dmean": [0.000370593043044, 0.00678569683805, 0.00311540113762, 0.00415637763217, 0.00540728541091, 0.000580564606935, 0.000554735248443, 0.000439338822616, 0.000321228755638, 0.000339674123097, 0.000174135668203, 0.000120135970064, 0.000130548374727, 0.000186456018128, 0.000130105006974, 0.000140209769597, 0.000114965077955, 0.000104500599264, 0.000129741194542, 0.000178563088411, 0.000160282608704, 0.000253316364251, 0.000184240343515, 0.000163456585142, 0.00030152418185, 0.000404708524002, 5.78067738388e-05], "dmean2": [0.000628526147921, 0.0104897944257, 0.00559875834733, 0.00753183895722, 0.00922175683081, 0.000941229576711, 0.000873091456015, 0.000684320810251, 0.000528149132151, 0.000518124666996, 0.000266382470727, 0.000170212588273, 0.000199474976398, 0.000295093428576, 0.000202535462449, 0.000212594211916, 0.0001802102488, 0.000157998001669, 0.000189425205463, 0.00027718252386, 0.000229303797823, 0.000382788304705, 0.000261845823843, 0.000216052561882, 0.00039766280679, 0.000536252628081, 8.2185062638e-05], "dvar": [8.98111522929e-07, 0.000290722207865, 6.87120264047e-05, 9.71529880189e-05, 0.000143615980051, 1.24094162857e-06, 1.05354718016e-06, 6.67621975481e-07, 5.36203003776e-07, 4.16070406573e-07, 8.91526212854e-08, 4.83808584306e-08, 4.08826785758e-08, 6.39292068172e-08, 3.18026991408e-08, 6.00733116585e-08, 2.63365116382e-08, 2.46321008035e-08, 3.0451772659e-08, 7.3373193743e-08, 5.4913826375e-08, 1.23790044881e-07, 7.07130141109e-08, 4.89614819799e-08, 2.80401138752e-07, 4.86830572299e-07, 1.09518012437e-08], "dvar2": [2.35713309849e-06, 0.000706565042492, 0.000191979896044, 0.000267953117145, 0.000379920675186, 2.91920787276e-06, 2.39525070356e-06, 1.57973727255e-06, 1.36126607231e-06, 9.7447752978e-07, 2.09349551028e-07, 6.98194995152e-08, 8.72247341022e-08, 1.56271426022e-07, 7.78149313874e-08, 1.19338864124e-07, 6.55708944919e-08, 5.10158741918e-08, 6.1578958821e-08, 1.83096190653e-07, 1.26897276687e-07, 2.78036281998e-07, 1.48186160231e-07, 8.96572984743e-08, 5.28067971572e-07, 1.0133245496e-06, 2.43412063838e-08], "max": [0.0153072364628, 0.253507435322, 0.091648735106, 0.0819735899568, 0.0990700870752, 0.0120384553447, 0.0228916332126, 0.0117400726303, 0.0125588234514, 0.0104376878589, 0.00552282761782, 0.00669388379902, 0.00308672664687, 0.00604101829231, 0.00231732334942, 0.00657990016043, 0.00360138015822, 0.00427092052996, 0.00305104302242, 0.00272066472098, 0.00238973181695, 0.00315118813887, 0.00254460331053, 0.00224154209718, 0.00443089660257, 0.00557121168822, 0.000986536149867], "mean": [0.000399291806389, 0.0112591544166, 0.00351062230766, 0.00294309109449, 0.00428174529225, 0.000707203231286, 0.000840681081172, 0.000750604609493, 0.000370750756701, 0.00051425897982, 0.000249762786552, 0.00023841674556, 0.000231940328376, 0.000292907527182, 0.000215765758185, 0.000221918598982, 0.000212575032492, 0.00018649129197, 0.000197574627236, 0.00025753249065, 0.000254551210674, 0.000353866140358, 0.000267852505203, 0.000267317780526, 0.000489331665449, 0.000615416327491, 9.0497713245e-05], "median": [9.66739298747e-06, 0.000161585703609, 0.000163314442034, 0.000211619524634, 0.00068145460682, 0.000293383112876, 0.000312792777549, 0.000275819795206, 0.000112008070573, 0.000201528688194, 0.000132463566842, 8.46433322295e-05, 0.000115105845907, 0.000186446704902, 0.000129509455292, 0.000121711775137, 0.000141024691402, 9.85512888292e-05, 0.000103001395473, 0.00015783906565, 0.000156454843818, 0.00017024538829, 0.000127131614136, 0.000140310032293, 0.000173037144123, 0.000237943138927, 2.65435573965e-05], "min": [2.04339626356e-25, 7.96680094514e-24, 2.00292646652e-25, 1.67734271543e-24, 2.13516942248e-23, 1.57115107242e-23, 5.23547261273e-24, 1.4707573204e-23, 3.02814955423e-23, 1.65260774509e-23, 2.43072909794e-23, 4.10086091472e-23, 4.77117211865e-23, 2.98282633978e-23, 7.80910323256e-23, 6.59613808292e-23, 7.64521075307e-23, 1.42012759642e-22, 1.2614273363e-22, 1.7998177097e-22, 3.67134552625e-22, 3.30679813447e-22, 4.7897251174e-22, 7.14427271866e-22, 9.94684282698e-22, 1.39666740321e-21, 2.1514656732e-21], "var": [9.57538873081e-07, 0.00061661755899, 6.5056636231e-05, 6.47767665214e-05, 0.00010646544979, 1.35081290864e-06, 1.93959522221e-06, 1.48975539105e-06, 5.68606083107e-07, 7.38616904528e-07, 1.37608751061e-07, 2.27172748168e-07, 1.03305481503e-07, 1.17008490008e-07, 6.69821247357e-08, 1.35413785074e-07, 5.75543559478e-08, 8.81952928466e-08, 5.99124447831e-08, 9.2806253349e-08, 8.59504396544e-08, 1.8470790053e-07, 1.18624271295e-07, 1.0267214634e-07, 5.41747851912e-07, 8.22605272788e-07, 1.76713399469e-08]}, "erbbands": {"dmean": [0.203539669514, 1.55496966839, 3.27881097794, 8.6799287796, 21.1369228363, 11.8505134583, 13.7616634369, 2.81322360039, 7.82373952866, 7.62917804718, 8.4163646698, 7.43379449844, 8.04300498962, 10.2335195541, 7.15777206421, 5.19443416595, 6.09413099289, 8.82988834381, 8.19365978241, 6.32692527771, 6.99533605576, 5.74798536301, 5.88071870804, 6.53970718384, 7.01184082031, 8.65666866302, 5.78538036346, 8.02711296082, 10.1602973938, 6.83290958405, 4.72677946091, 4.09044456482, 2.48139715195, 2.94732379913, 2.40054321289, 1.98374283314, 0.714861690998, 0.116221524775, 0.0105820046738, 0.000381904363167], "dmean2": [0.329114288092, 2.35989713669, 5.57403659821, 15.8656082153, 37.6670684814, 19.7712440491, 22.3426551819, 4.36403083801, 12.4031324387, 11.4185781479, 13.3862066269, 12.2912225723, 13.1528625488, 14.928560257, 10.8813371658, 6.98350381851, 9.23166656494, 13.8996067047, 12.8351669312, 9.79566287994, 10.5230550766, 8.83696937561, 8.85757255554, 9.54459476471, 10.5818939209, 13.3726701736, 8.55053901672, 11.8428163528, 15.5871372223, 9.91153430939, 6.86121368408, 5.61290836334, 3.29693317413, 4.10471868515, 3.21073269844, 2.67586922646, 0.989546597004, 0.159693658352, 0.014757361263, 0.000534104299732], "dvar": [0.259888380766, 16.0038909912, 65.6549072266, 429.945861816, 2612.52319336, 568.979431152, 951.110839844, 19.0655097961, 206.12171936, 189.593032837, 252.248641968, 284.284576416, 288.089599609, 351.079406738, 164.14982605, 92.1472549438, 93.3467712402, 152.940704346, 137.312026978, 78.2799835205, 178.224472046, 68.6618804932, 72.3248291016, 110.840431213, 98.4583511353, 168.739196777, 62.0902671814, 164.334854126, 196.574264526, 94.7087097168, 44.5641136169, 30.9280986786, 13.0860805511, 24.3897094727, 18.6330661774, 10.8358535767, 1.74956917763, 0.0535752885044, 0.000350394664565, 4.92462390866e-07], "dvar2": [0.647895395756, 38.4409675598, 170.468215942, 1177.29980469, 7140.40722656, 1470.88342285, 2385.24291992, 40.7908821106, 484.905792236, 394.864807129, 631.301330566, 738.048461914, 752.744995117, 734.015625, 385.020996094, 122.995491028, 187.124191284, 368.218292236, 342.013549805, 189.112335205, 340.485900879, 158.159759521, 152.71206665, 223.674087524, 220.910018921, 411.389556885, 133.456817627, 387.33694458, 445.761260986, 196.344207764, 94.7289657593, 58.9754562378, 23.3918609619, 46.0722999573, 36.3805465698, 22.2569217682, 3.92446303368, 0.118313580751, 0.000735038775019, 1.06267123101e-06], "max": [7.93750143051, 62.7051315308, 102.502471924, 215.474197388, 361.857025146, 251.531066895, 334.031738281, 73.2717514038, 275.747924805, 416.675048828, 207.471191406, 380.331176758, 273.725341797, 396.353027344, 263.290435791, 252.224334717, 172.938537598, 321.773590088, 169.304916382, 152.907821655, 382.685974121, 171.119140625, 225.161209106, 242.027923584, 141.815750122, 130.021682739, 105.103065491, 137.275360107, 115.672798157, 88.6062698364, 59.7126731873, 59.9646530151, 40.6568336487, 43.5737419128, 36.4483222961, 33.3999061584, 10.2776422501, 1.83359920979, 0.191439539194, 0.0125947045162], "mean": [0.318587690592, 2.49282932281, 4.59932661057, 6.76613759995, 15.4157772064, 10.0253171921, 12.6152420044, 4.29113101959, 11.4705266953, 12.7295322418, 14.24563694, 9.04398345947, 10.7582206726, 16.1041164398, 11.6685380936, 11.310713768, 11.501285553, 14.4340791702, 13.651096344, 10.8369283676, 11.8020858765, 10.7019958496, 11.0785293579, 10.2593126297, 10.8051576614, 12.4410419464, 9.75075149536, 11.4034919739, 14.1762943268, 9.6370973587, 7.15634632111, 6.43424606323, 4.10955047607, 4.72106075287, 3.77216410637, 3.02501273155, 1.0150526762, 0.172017708421, 0.0173466615379, 0.000633285031654], "median": [0.00484496355057, 0.0369193889201, 0.174308091402, 0.560688078403, 1.3861566782, 1.99446213245, 2.8253531456, 2.27705931664, 4.70793676376, 5.86617088318, 4.66596078873, 3.21547913551, 5.08377790451, 6.41859388351, 6.5010228157, 4.30828237534, 6.03250837326, 9.39884281158, 8.23454856873, 7.26544237137, 6.93583536148, 7.16905498505, 6.88328170776, 4.24899244308, 6.18510818481, 7.59725809097, 6.59668016434, 6.12596750259, 6.52043437958, 4.33739852905, 3.66992878914, 3.55297803879, 1.89269685745, 1.82841813564, 1.2177144289, 1.20508265495, 0.377456665039, 0.0417288169265, 0.00495207309723, 0.00022537226323], "min": [1.25254009245e-22, 1.42674721226e-21, 2.5724806121e-21, 6.61781567767e-21, 1.27642813856e-20, 5.91865628987e-20, 4.46414416258e-20, 1.58951375475e-19, 1.61828930031e-19, 2.55256201409e-19, 3.92070039418e-19, 4.84541671619e-19, 5.83825006918e-19, 6.32709313168e-19, 1.64310981102e-18, 1.55715530222e-18, 2.10745767744e-18, 1.62850366256e-18, 3.50724910595e-18, 5.11830535803e-18, 3.96600388726e-18, 4.32269450715e-18, 7.42857820909e-18, 8.06398857715e-18, 8.50771555469e-18, 8.79892118062e-18, 9.54783479079e-18, 1.21352557469e-17, 1.08531282789e-17, 1.05216455746e-17, 1.30790994315e-17, 1.12404440202e-17, 1.43932371347e-17, 9.97540362224e-18, 7.2367186291e-18, 3.98447110803e-18, 2.67646674221e-18, 1.0997062255e-18, 2.62919693742e-19, 3.21143825536e-20], "var": [0.576413750648, 32.1288032532, 89.2873306274, 299.235015869, 1753.80200195, 457.253601074, 812.603942871, 29.6552257538, 347.275268555, 394.692230225, 526.710693359, 301.62991333, 307.7762146, 791.372009277, 287.948455811, 461.413665771, 274.147613525, 296.236755371, 268.225830078, 154.772109985, 405.204467773, 157.557678223, 215.2315979, 315.894683838, 163.69380188, 218.439651489, 109.225387573, 221.663864136, 303.916809082, 152.968383789, 74.9939727783, 59.2361450195, 27.3326721191, 45.8695411682, 34.5693740845, 18.7325744629, 2.55529236794, 0.0811465010047, 0.000638194498606, 9.20588433928e-07]}, "gfcc": {"mean": [-0.337454527617, 21.161075592, -88.7882995605, 16.5635070801, -55.3919868469, 11.419172287, -38.2979812622, 6.24385786057, -26.8740253448, 8.83717155457, -22.6316585541, 4.38920259476, -15.0510091782], "cov": [[19610.6347656, 1046.28222656, 869.748840332, 1002.84686279, -414.74432373, 217.174728394, -460.082244873, 33.8425712585, -510.659637451, -69.2083892822, -656.820068359, -151.765609741, -285.779418945], [1046.28222656, 1922.92126465, 152.158889771, 441.845947266, 285.734649658, 151.243499756, 84.938041687, 180.319046021, 105.869102478, -10.1124639511, -9.53932380676, -58.9043045044, -45.3845100403], [869.748840332, 152.158889771, 1105.40869141, 493.635070801, 210.005172729, 286.157592773, 134.369613647, 109.863327026, 50.9090194702, 60.1325721741, -104.345733643, -3.19903898239, -53.6927833557], [1002.84686279, 441.845947266, 493.635070801, 653.810791016, 249.528289795, 248.329055786, 152.190841675, 167.816604614, 61.0886039734, 47.0562477112, -34.7994194031, -29.3345546722, -52.8746070862], [-414.74432373, 285.734649658, 210.005172729, 249.528289795, 382.049407959, 221.796142578, 209.997406006, 100.361228943, 93.8500061035, 23.9754638672, 67.106300354, -2.1394469738, 4.36186265945], [217.174728394, 151.243499756, 286.157592773, 248.329055786, 221.796142578, 318.806884766, 169.39074707, 111.094596863, 62.653213501, 55.6127281189, 4.98692846298, 15.8346815109, -21.3459873199], [-460.082244873, 84.938041687, 134.369613647, 152.190841675, 209.997406006, 169.39074707, 221.509033203, 121.511291504, 92.4720993042, 36.2349243164, 54.3351402283, -0.283103197813, 2.45125961304], [33.8425712585, 180.319046021, 109.863327026, 167.816604614, 100.361228943, 111.094596863, 121.511291504, 205.766326904, 111.439598083, 81.8694152832, 13.2630395889, 11.9734869003, -27.5340480804], [-510.659637451, 105.869102478, 50.9090194702, 61.0886039734, 93.8500061035, 62.653213501, 92.4720993042, 111.439598083, 140.501800537, 73.9757843018, 57.409942627, 7.95323467255, -2.7241396904], [-69.2083892822, -10.1124639511, 60.1325721741, 47.0562477112, 23.9754638672, 55.6127281189, 36.2349243164, 81.8694152832, 73.9757843018, 114.576217651, 43.8351249695, 25.934671402, -19.0942764282], [-656.820068359, -9.53932380676, -104.345733643, -34.7994194031, 67.106300354, 4.98692846298, 54.3351402283, 13.2630395889, 57.409942627, 43.8351249695, 119.840881348, 34.5056381226, 22.0413570404], [-151.765609741, -58.9043045044, -3.19903898239, -29.3345546722, -2.1394469738, 15.8346815109, -0.283103197813, 11.9734869003, 7.95323467255, 25.934671402, 34.5056381226, 69.693572998, 31.7225246429], [-285.779418945, -45.3845100403, -53.6927833557, -52.8746070862, 4.36186265945, -21.3459873199, 2.45125961304, -27.5340480804, -2.7241396904, -19.0942764282, 22.0413570404, 31.7225246429, 75.0788421631]], "icov": [[8.00265843282e-05, -3.64858933608e-05, 5.50648019271e-06, -0.000109361739305, 7.96792519395e-05, -9.56769144977e-05, 0.000140026895679, -9.92333661998e-05, 0.000342851242749, -0.000155390851432, 0.000187644691323, 5.00633577758e-05, 3.33604912157e-05], [-3.64858933608e-05, 0.000795465603005, 9.44366547628e-05, -0.000322478299495, -0.000644757412374, -0.000145270925714, 0.00118238094728, -0.000876953068655, -0.000587355636526, 0.00100541918073, -0.00046239871881, 0.00057718064636, -5.53879726795e-05], [5.50648019271e-06, 9.44366547628e-05, 0.00201658997685, -0.00130111363251, -0.000465684308438, 7.32997386876e-06, -0.00121249759104, 0.00225291820243, -0.00154554564506, -0.00135704828426, 0.00371502363123, -0.00239249225706, 0.00101788307074], [-0.000109361739305, -0.000322478299495, -0.00130111363251, 0.00405622879043, -0.00117221707478, -0.000978214317001, 0.00101214484312, -0.00307294307277, 0.00196000374854, 0.000203004005016, -0.00167198653799, 0.00263665849343, -0.000555553880986], [7.96792519395e-05, -0.000644757412374, -0.000465684308438, -0.00117221707478, 0.00875310413539, -0.00308770523407, -0.00399613706395, 0.00108777277637, -0.00104638631456, 0.00267394678667, -0.00418383302167, 0.00146369042341, -0.000850137381349], [-9.56769144977e-05, -0.000145270925714, 7.32997386876e-06, -0.000978214317001, -0.00308770523407, 0.00968016684055, -0.00643799686804, 0.00315407779999, -0.000148062681546, -0.00418034289032, 0.0059562958777, -0.00636211596429, 0.00303381728008], [0.000140026895679, 0.00118238094728, -0.00121249759104, 0.00101214484312, -0.00399613706395, -0.00643799686804, 0.0205956324935, -0.0116178067401, 0.000979294534773, 0.0063351681456, -0.01017501764, 0.00994054786861, -0.00500416895375], [-9.92333661998e-05, -0.000876953068655, 0.00225291820243, -0.00307294307277, 0.00108777277637, 0.00315407779999, -0.0116178067401, 0.021231489256, -0.0111336363479, -0.00725484639406, 0.0128404144198, -0.011891067028, 0.00654397485778], [0.000342851242749, -0.000587355636526, -0.00154554564506, 0.00196000374854, -0.00104638631456, -0.000148062681546, 0.000979294534773, -0.0111336363479, 0.0239922367036, -0.00734537560493, -0.008072251454, 0.00940584857017, -0.00547329289839], [-0.000155390851432, 0.00100541918073, -0.00135704828426, 0.000203004005016, 0.00267394678667, -0.00418034289032, 0.0063351681456, -0.00725484639406, -0.00734537560493, 0.0242706686258, -0.0109282061458, -0.00223698373884, 0.00503694405779], [0.000187644691323, -0.00046239871881, 0.00371502363123, -0.00167198653799, -0.00418383302167, 0.0059562958777, -0.01017501764, 0.0128404144198, -0.008072251454, -0.0109282061458, 0.0289489869028, -0.0153154684231, 0.00379201816395], [5.00633577758e-05, 0.00057718064636, -0.00239249225706, 0.00263665849343, 0.00146369042341, -0.00636211596429, 0.00994054786861, -0.011891067028, 0.00940584857017, -0.00223698373884, -0.0153154684231, 0.0341728292406, -0.0160641372204], [3.33604912157e-05, -5.53879726795e-05, 0.00101788307074, -0.000555553880986, -0.000850137381349, 0.00303381728008, -0.00500416895375, 0.00654397485778, -0.00547329289839, 0.00503694405779, 0.00379201816395, -0.0160641372204, 0.0239813961089]]}, "melbands": {"dmean": [0.00184892339166, 0.00168804696295, 0.00198104185984, 0.00117632630281, 0.000503281189594, 6.95695416653e-05, 0.000115455135528, 8.97836798686e-05, 6.11024006503e-05, 4.91348982905e-05, 4.17687624577e-05, 4.4576037908e-05, 2.47898060479e-05, 1.58330622071e-05, 1.2490255358e-05, 1.21157163449e-05, 1.8544962586e-05, 1.44816785905e-05, 8.59932242747e-06, 9.34737363423e-06, 8.67629751156e-06, 5.81437006986e-06, 7.04973899701e-06, 4.96381335324e-06, 5.70435986447e-06, 4.69085625809e-06, 6.22037714493e-06, 5.81998619964e-06, 3.72465706278e-06, 3.48892308466e-06, 5.53331301489e-06, 5.59890577279e-06, 4.73319141747e-06, 4.0015702325e-06, 2.93484481517e-06, 2.4234002467e-06, 2.64011714535e-06, 1.58239402026e-06, 2.09445670407e-06, 2.72697980108e-06], "dmean2": [0.0029516434297, 0.00264674494974, 0.00357595528476, 0.00204064394347, 0.000815062550828, 0.000107958658191, 0.000181974595762, 0.000134588641231, 9.70708861132e-05, 8.18978151074e-05, 6.80913362885e-05, 6.52847666061e-05, 3.82886973966e-05, 2.25353451242e-05, 1.81879040611e-05, 1.8512182578e-05, 2.93977882393e-05, 2.29510424106e-05, 1.3339797988e-05, 1.47145601659e-05, 1.30960279421e-05, 9.09661866899e-06, 1.08974600153e-05, 7.47204558138e-06, 8.42984991323e-06, 7.08344668965e-06, 9.807376955e-06, 9.07229969016e-06, 5.66486005482e-06, 5.22935033587e-06, 8.3395443653e-06, 8.5278552433e-06, 7.25300787963e-06, 5.85093130212e-06, 4.46455032943e-06, 3.46383399119e-06, 3.67779125554e-06, 2.12784220821e-06, 3.02047783407e-06, 3.90078412238e-06], "dvar": [2.13712919503e-05, 1.63979511854e-05, 2.08465116884e-05, 6.99114207237e-06, 1.21488915283e-06, 1.24033867621e-08, 4.69009044934e-08, 2.42255211447e-08, 1.22591554685e-08, 1.28521815412e-08, 7.73471775517e-09, 7.04771618842e-09, 1.91981808229e-09, 7.65191521257e-10, 3.39768463364e-10, 4.06346900572e-10, 7.37765348813e-10, 4.50735837543e-10, 1.31914465462e-10, 1.67022520814e-10, 3.83655218705e-10, 7.76472081077e-11, 1.42950623561e-10, 6.30868413065e-11, 9.37447411364e-11, 3.94135418746e-11, 1.09325860864e-10, 7.32636243339e-11, 2.34005852889e-11, 2.84848308135e-11, 8.21421264341e-11, 5.90132387401e-11, 4.37779222595e-11, 3.75663701535e-11, 1.84998960595e-11, 1.18914609062e-11, 1.31449686205e-11, 5.3063517122e-12, 1.14011126928e-11, 2.18672337182e-11], "dvar2": [5.36049847142e-05, 3.73081347789e-05, 5.70655283809e-05, 1.86838587979e-05, 3.09834877044e-06, 2.69530264774e-08, 1.08855196856e-07, 5.18661629201e-08, 3.06705132402e-08, 3.34026069027e-08, 2.0156322833e-08, 1.4807664428e-08, 4.62120075539e-09, 1.1974210512e-09, 6.1259464168e-10, 8.48190018221e-10, 1.78818204688e-09, 1.14204368185e-09, 3.18130938259e-10, 4.06760097826e-10, 7.05923985933e-10, 1.78377673743e-10, 3.42073508408e-10, 1.20928794756e-10, 1.92969598634e-10, 8.71805544422e-11, 2.73941619389e-10, 1.75258862978e-10, 5.10580501489e-11, 6.54187745641e-11, 1.91522325776e-10, 1.29282654027e-10, 1.03551826836e-10, 7.91764223629e-11, 4.12757258927e-11, 2.42464884975e-11, 2.58274859832e-11, 9.64130858483e-12, 2.28628678489e-11, 4.22686018131e-11], "max": [0.072155803442, 0.0525385513902, 0.0339770168066, 0.0197265334427, 0.0122165950015, 0.00177256925963, 0.00464167445898, 0.00440912041813, 0.0014981549466, 0.00227774842642, 0.00134336238261, 0.00175070681144, 0.000816113490146, 0.000858426268678, 0.000273358280538, 0.000365174899343, 0.000738362781703, 0.00036593596451, 0.000157842107001, 0.000193381623831, 0.000619693077169, 0.000161829477292, 0.000478539877804, 0.000214781277464, 0.000214428873733, 7.25269346731e-05, 0.000173144901055, 9.32320253924e-05, 5.51022676518e-05, 8.05627787486e-05, 0.000125306993141, 6.35744945612e-05, 7.12108594598e-05, 5.8674999309e-05, 4.76930836157e-05, 3.81907775591e-05, 3.54814219463e-05, 3.0844763387e-05, 4.32507622463e-05, 4.38534116256e-05], "mean": [0.00300923571922, 0.00279697799124, 0.00152269261889, 0.000910777016543, 0.000455474801129, 0.000104589133116, 0.000170610088389, 0.000153175031301, 0.000100297213066, 5.66684939258e-05, 5.55529841222e-05, 6.88255022396e-05, 3.59628902515e-05, 3.18944985338e-05, 2.47738007602e-05, 2.20940819418e-05, 2.84305697278e-05, 2.26561114687e-05, 1.40967840707e-05, 1.49392772073e-05, 1.39835092341e-05, 1.02008971226e-05, 1.25311707961e-05, 8.72483360581e-06, 8.21646881377e-06, 6.83555708747e-06, 8.64622325025e-06, 8.18564967631e-06, 6.10419192526e-06, 5.47209401702e-06, 7.25222389519e-06, 7.90196281741e-06, 6.45057434667e-06, 5.2495320233e-06, 4.21982485932e-06, 3.65754613085e-06, 4.04078218708e-06, 2.60287492893e-06, 3.23526319335e-06, 4.28118710261e-06], "median": [4.56512134406e-05, 7.54096690798e-05, 0.000136101240059, 0.000126425613416, 9.89656400634e-05, 5.57772727916e-05, 6.68502907502e-05, 6.82234385749e-05, 3.29209578922e-05, 1.72541876964e-05, 2.53777416219e-05, 2.45006613113e-05, 1.91574363271e-05, 1.39439980558e-05, 1.13931655505e-05, 1.08502363219e-05, 1.7018395738e-05, 1.28759256768e-05, 8.94799086382e-06, 9.28891495278e-06, 7.58885926189e-06, 6.57458849673e-06, 7.39953748052e-06, 4.37939479525e-06, 2.93048719868e-06, 3.81048289455e-06, 4.60527871837e-06, 4.6935078899e-06, 4.24767540608e-06, 3.34962146553e-06, 3.4498846162e-06, 3.68812493434e-06, 2.96869779959e-06, 2.23131860366e-06, 2.14213173422e-06, 1.86445220152e-06, 2.27550731324e-06, 1.22749509046e-06, 1.40757458666e-06, 1.52889060701e-06], "min": [1.81368115125e-24, 2.26240456123e-24, 1.31278504479e-24, 1.72987276589e-24, 2.2145481172e-24, 3.87563102886e-24, 2.17700031026e-24, 3.42524548895e-24, 3.49105384339e-24, 3.24439104061e-24, 2.90326036949e-24, 2.458100047e-24, 5.90349383233e-24, 5.06701570515e-24, 4.79056926168e-24, 4.49123401904e-24, 2.35260784751e-24, 4.32590218394e-24, 6.64397665925e-24, 4.69906534098e-24, 4.37661765711e-24, 4.55694258257e-24, 3.58913844176e-24, 7.4265030114e-24, 5.69181878563e-24, 5.55997488482e-24, 6.86166755921e-24, 5.17296090801e-24, 4.96909676757e-24, 7.33489969423e-24, 6.77631123154e-24, 5.06761878931e-24, 6.36075074516e-24, 6.02457412052e-24, 6.78234917291e-24, 7.59318537637e-24, 5.76864239932e-24, 8.32354120142e-24, 9.63868829297e-24, 7.86783676685e-24], "var": [4.55881818198e-05, 3.23187305185e-05, 1.42838271131e-05, 5.03676983499e-06, 1.01219279713e-06, 1.8725726747e-08, 8.17850605017e-08, 5.32511670315e-08, 2.46859883646e-08, 1.3168554247e-08, 8.28377633155e-09, 1.57126969214e-08, 2.77450662445e-09, 3.35304672916e-09, 1.24244436961e-09, 1.10425435462e-09, 1.39024280976e-09, 8.04240674057e-10, 2.47993764413e-10, 3.22337101455e-10, 8.59148974186e-10, 1.58731694455e-10, 3.07419312229e-10, 2.47430353983e-10, 2.41253877986e-10, 6.55782858572e-11, 1.36508276904e-10, 9.7244955144e-11, 4.07952803483e-11, 4.44375161668e-11, 1.08153860867e-10, 9.53152903826e-11, 6.12307704539e-11, 5.62163683659e-11, 2.79842642115e-11, 2.05410011916e-11, 2.42218398117e-11, 1.1057914133e-11, 1.99880251239e-11, 4.00289003333e-11]}, "mfcc": {"mean": [-653.167297363, 74.5313491821, 13.2103404999, 12.7574319839, 2.53814482689, 6.22032594681, -2.69799518585, -1.80138766766, 0.125722557306, -0.310202300549, -1.93634986877, -1.33203208447, -1.55318248272], "cov": [[10282.8935547, 700.332336426, 591.809143066, 485.951660156, 75.4722824097, 105.124961853, 78.9896011353, -58.2587394714, 64.8675994873, -79.5257568359, -32.9149436951, -283.795257568, -107.655403137], [700.332336426, 1351.10302734, 38.8123893738, 220.537353516, 188.97203064, 74.4936065674, 58.5313415527, 113.32988739, 80.9668502808, 93.6597824097, 14.6622571945, 80.900100708, -16.5187740326], [591.809143066, 38.8123893738, 805.036560059, 299.146179199, 193.976699829, 203.037963867, 103.130935669, 103.730056763, 144.446136475, 59.4398345947, 83.0980606079, -42.806186676, 44.9165382385], [485.951660156, 220.537353516, 299.146179199, 412.98550415, 199.816726685, 122.166481018, 132.745269775, 117.47580719, 116.117843628, 86.877532959, 79.4521179199, 44.8669548035, 20.708650589], [75.4722824097, 188.97203064, 193.976699829, 199.816726685, 227.480651855, 173.289916992, 130.013885498, 114.524169922, 93.9664840698, 65.9814376831, 60.7510795593, 55.5175590515, 39.5000152588], [105.124961853, 74.4936065674, 203.037963867, 122.166481018, 173.289916992, 246.621795654, 163.302139282, 115.23110199, 81.0451583862, 52.7430992126, 48.0204429626, 41.060005188, 44.056060791], [78.9896011353, 58.5313415527, 103.130935669, 132.745269775, 130.013885498, 163.302139282, 193.721557617, 124.801330566, 87.135093689, 60.1712493896, 57.2186546326, 52.0512771606, 35.2847671509], [-58.2587394714, 113.32988739, 103.730056763, 117.47580719, 114.524169922, 115.23110199, 124.801330566, 157.382965088, 101.434860229, 74.8903427124, 58.2104377747, 46.6869506836, 28.567949295], [64.8675994873, 80.9668502808, 144.446136475, 116.117843628, 93.9664840698, 81.0451583862, 87.135093689, 101.434860229, 140.004959106, 81.3167190552, 65.064163208, 37.7944793701, 30.8369884491], [-79.5257568359, 93.6597824097, 59.4398345947, 86.877532959, 65.9814376831, 52.7430992126, 60.1712493896, 74.8903427124, 81.3167190552, 117.262466431, 79.6509628296, 58.4592704773, 26.0391197205], [-32.9149436951, 14.6622571945, 83.0980606079, 79.4521179199, 60.7510795593, 48.0204429626, 57.2186546326, 58.2104377747, 65.064163208, 79.6509628296, 121.704345703, 78.1464691162, 39.9037818909], [-283.795257568, 80.900100708, -42.806186676, 44.8669548035, 55.5175590515, 41.060005188, 52.0512771606, 46.6869506836, 37.7944793701, 58.4592704773, 78.1464691162, 137.76373291, 62.8129997253], [-107.655403137, -16.5187740326, 44.9165382385, 20.708650589, 39.5000152588, 44.056060791, 35.2847671509, 28.567949295, 30.8369884491, 26.0391197205, 39.9037818909, 62.8129997253, 81.989730835]], "icov": [[0.000129994747113, -0.000111641405965, 2.51462133747e-05, -0.000224899034947, 0.00025079594343, -0.000163440883625, -0.000115214235848, 0.000275600876193, -0.000130725995405, 0.000238245978835, -0.000314541859552, 0.000486703036586, -0.000134504429298], [-0.000111641405965, 0.00111993926112, -1.99028581847e-05, -3.1590971048e-05, -0.00114802096505, 0.000365650310414, 0.000653404043987, -0.000699381751474, 0.000123681267723, -0.000917035154998, 0.00147624372039, -0.00153078790754, 0.00111602176912], [2.51462133747e-05, -1.99028581847e-05, 0.0031383370515, -0.00197129324079, 0.000373306014808, -0.00289691169746, 0.00225711101666, 0.00030841503758, -0.00184957520105, 0.00133930402808, -0.00281067332253, 0.00404277583584, -0.00235340348445], [-0.000224899034947, -3.1590971048e-05, -0.00197129324079, 0.00663532223552, -0.00522140599787, 0.00427148491144, -0.00322082894854, -3.10369323415e-05, 0.000304163520923, -0.00165433401708, 0.000934525218327, -0.00211985502392, 0.00229975907132], [0.00025079594343, -0.00114802096505, 0.000373306014808, -0.00522140599787, 0.0172271691263, -0.00939482729882, 0.00189119542483, -0.00147949415259, -0.00183164433111, 0.0019011895638, -0.00136623764411, -0.000236153777223, -0.00140644062776], [-0.000163440883625, 0.000365650310414, -0.00289691169746, 0.00427148491144, -0.00939482729882, 0.0172608550638, -0.0102629419416, -0.000689680746291, 0.00275276019238, -0.00203864625655, 0.00314672850072, -0.00156045833137, -0.000448414299171], [-0.000115214235848, 0.000653404043987, 0.00225711101666, -0.00322082894854, 0.00189119542483, -0.0102629419416, 0.0192052237689, -0.00753588741645, -0.00199520518072, 0.00200668093748, -0.0017239729641, -0.000557537190616, -9.91527413134e-05], [0.000275600876193, -0.000699381751474, 0.00030841503758, -3.10369323415e-05, -0.00147949415259, -0.000689680746291, -0.00753588741645, 0.0198204088956, -0.00700738187879, -0.00256072892807, -0.000319187063724, 0.00109449017327, 0.000245876057306], [-0.000130725995405, 0.000123681267723, -0.00184957520105, 0.000304163520923, -0.00183164433111, 0.00275276019238, -0.00199520518072, -0.00700738187879, 0.0194090493023, -0.00745954131708, -0.00032785962685, 0.000983503530733, -0.00203150091693], [0.000238245978835, -0.000917035154998, 0.00133930402808, -0.00165433401708, 0.0019011895638, -0.00203864625655, 0.00200668093748, -0.00256072892807, -0.00745954131708, 0.0226085167378, -0.0106245810166, 6.52348389849e-05, 0.000766642449889], [-0.000314541859552, 0.00147624372039, -0.00281067332253, 0.000934525218327, -0.00136623764411, 0.00314672850072, -0.0017239729641, -0.000319187063724, -0.00032785962685, -0.0106245810166, 0.0239877700806, -0.0123875439167, 0.0023217536509], [0.000486703036586, -0.00153078790754, 0.00404277583584, -0.00211985502392, -0.000236153777223, -0.00156045833137, -0.000557537190616, 0.00109449017327, 0.000983503530733, 6.52348389849e-05, -0.0123875439167, 0.024451887235, -0.0136323319748], [-0.000134504429298, 0.00111602176912, -0.00235340348445, 0.00229975907132, -0.00140644062776, -0.000448414299171, -9.91527413134e-05, 0.000245876057306, -0.00203150091693, 0.000766642449889, 0.0023217536509, -0.0136323319748, 0.0236632656306]]}, "spectral_contrast_coeffs": {"dmean": [0.0674415752292, 0.0482398122549, 0.0400901883841, 0.0321979857981, 0.022690044716, 0.0165675096214], "dmean2": [0.108180321753, 0.0771482139826, 0.0613683275878, 0.0502201989293, 0.0343293622136, 0.0258166547865], "dvar": [0.0039421687834, 0.00148505449761, 0.00106109573971, 0.000796059612185, 0.00041015050374, 0.000233866870985], "dvar2": [0.00865594856441, 0.00389537261799, 0.00240143877454, 0.00181319308467, 0.000874997291248, 0.000519186316524], "max": [-0.309722274542, -0.454012274742, -0.44916626811, -0.551023483276, -0.59880310297, -0.595959305763], "mean": [-0.628286600113, -0.749780237675, -0.771444022655, -0.786432445049, -0.796165406704, -0.782313704491], "median": [-0.635092914104, -0.751208662987, -0.774772286415, -0.792222857475, -0.802773594856, -0.783767223358], "min": [-0.973303079605, -0.99664747715, -0.997163832188, -0.988137960434, -0.98884087801, -0.962357282639], "var": [0.0130993807688, 0.00449452362955, 0.00405078520998, 0.0029416072648, 0.00191468978301, 0.000972783484031]}, "spectral_contrast_valleys": {"dmean": [0.608447194099, 0.505818545818, 0.495020180941, 0.455943256617, 0.459774285555, 0.469020843506], "dmean2": [0.929649293423, 0.747423946857, 0.699364483356, 0.634021639824, 0.573798298836, 0.5164321661], "dvar": [0.404928565025, 0.280452758074, 0.280685544014, 0.255317658186, 0.254323840141, 0.280210703611], "dvar2": [0.730869412422, 0.484895318747, 0.486860275269, 0.453781574965, 0.44911006093, 0.454939305782], "max": [-4.89730262756, -4.89218425751, -5.59480237961, -6.18728065491, -5.97139072418, -7.67306566238], "mean": [-8.10328388214, -7.27009105682, -7.83816862106, -8.05292987823, -7.76083230972, -9.