{"lowlevel": {"average_loudness": 0.869155466557, "barkbands_crest": {"dmean": 2.38837075233, "dmean2": 3.77903842926, "dvar": 6.09063100815, "dvar2": 14.2184400558, "max": 26.966966629, "mean": 12.4912586212, "median": 11.851395607, "min": 2.55132317543, "var": 24.5026798248}, "barkbands_flatness_db": {"dmean": 0.0326219946146, "dmean2": 0.0462905354798, "dvar": 0.00158933363855, "dvar2": 0.00294330925681, "max": 0.787851631641, "mean": 0.229874104261, "median": 0.209117591381, "min": 0.0213786158711, "var": 0.0140671012923}, "barkbands_kurtosis": {"dmean": 9.30690002441, "dmean2": 14.3514690399, "dvar": 990.751953125, "dvar2": 1902.35546875, "max": 2382.42651367, "mean": 16.6464099884, "median": 5.484126091, "min": -1.84417319298, "var": 2083.81201172}, "barkbands_skewness": {"dmean": 0.816499114037, "dmean2": 1.236566782, "dvar": 1.19553625584, "dvar2": 2.69760227203, "max": 37.6105728149, "mean": 2.36559271812, "median": 1.8826944828, "min": -6.52696704865, "var": 4.78802347183}, "barkbands_spread": {"dmean": 4.26943731308, "dmean2": 6.50175476074, "dvar": 60.6232719421, "dvar2": 139.6509552, "max": 96.3327865601, "mean": 11.7245788574, "median": 7.85471153259, "min": 0.0101885395125, "var": 156.46937561}, "dissonance": {"dmean": 0.0333186835051, "dmean2": 0.0554812662303, "dvar": 0.00151046528481, "dvar2": 0.0041111074388, "max": 0.500000059605, "mean": 0.423213303089, "median": 0.4409288764, "min": 0.0245535820723, "var": 0.00466765882447}, "dynamic_complexity": 3.31015896797, "erbbands_crest": {"dmean": 3.11750125885, "dmean2": 4.92746305466, "dvar": 9.76718139648, "dvar2": 22.2774829865, "max": 33.2783432007, "mean": 12.9089851379, "median": 11.5079240799, "min": 2.42133259773, "var": 41.1574287415}, "erbbands_flatness_db": {"dmean": 0.0267818905413, "dmean2": 0.038091044873, "dvar": 0.00108123652171, "dvar2": 0.00197981391102, "max": 0.707557559013, "mean": 0.220093071461, "median": 0.201567098498, "min": 0.0353662371635, "var": 0.0115873618051}, "erbbands_kurtosis": {"dmean": 2.93512964249, "dmean2": 4.61307764053, "dvar": 54.7863464355, "dvar2": 122.195266724, "max": 291.51373291, "mean": 4.35573387146, "median": 1.02897262573, "min": -1.81458747387, "var": 161.932601929}, "erbbands_skewness": {"dmean": 0.530764758587, "dmean2": 0.800053954124, "dvar": 0.413420826197, "dvar2": 0.888434946537, "max": 14.5263280869, "mean": 1.22582817078, "median": 1.00977778435, "min": -3.02604651451, "var": 1.78949511051}, "erbbands_spread": {"dmean": 9.49600601196, "dmean2": 14.5761194229, "dvar": 226.637466431, "dvar2": 492.660919189, "max": 160.705123901, "mean": 30.9906539917, "median": 23.3108062744, "min": 0.243790641427, "var": 651.528076172}, "hfc": {"dmean": 5.98839044571, "dmean2": 9.11639404297, "dvar": 85.3257217407, "dvar2": 187.87802124, "max": 101.652748108, "mean": 15.397983551, "median": 12.210351944, "min": 1.08511160794e-16, "var": 172.613998413}, "melbands_crest": {"dmean": 3.15039968491, "dmean2": 5.01335954666, "dvar": 10.6042079926, "dvar2": 25.4073352814, "max": 36.361000061, "mean": 17.0919876099, "median": 16.6907615662, "min": 1.67195928097, "var": 40.8487892151}, "melbands_flatness_db": {"dmean": 0.0365723930299, "dmean2": 0.0515165179968, "dvar": 0.00206264154986, "dvar2": 0.00385699933395, "max": 0.892420530319, "mean": 0.30510699749, "median": 0.279639303684, "min": 0.00303245056421, "var": 0.0199722927064}, "melbands_kurtosis": {"dmean": 16.3293628693, "dmean2": 26.03332901, "dvar": 1199.62609863, "dvar2": 3007.7890625, "max": 869.146789551, "mean": 31.3335762024, "median": 10.9219989777, "min": -1.81602716446, "var": 3174.44458008}, "melbands_skewness": {"dmean": 1.01886260509, "dmean2": 1.58645105362, "dvar": 1.83233237267, "dvar2": 4.38374328613, "max": 21.4905147552, "mean": 3.18312573433, "median": 2.47987222672, "min": -3.9663567543, "var": 7.03206777573}, "melbands_spread": {"dmean": 4.29752063751, "dmean2": 6.45457839966, "dvar": 76.5723876953, "dvar2": 164.508926392, "max": 194.244995117, "mean": 13.5903377533, "median": 8.31800842285, "min": 0.153881594539, "var": 422.932617188}, "pitch_salience": {"dmean": 0.0761763378978, "dmean2": 0.119583971798, "dvar": 0.00641418388113, "dvar2": 0.015306185931, "max": 0.893724620342, "mean": 0.483074635267, "median": 0.490185886621, "min": 0.0259635224938, "var": 0.0216539427638}, "silence_rate_20dB": {"dmean": 0, "dmean2": 0, "dvar": 0, "dvar2": 0, "max": 1, "mean": 1, "median": 1, "min": 1, "var": 0}, "silence_rate_30dB": {"dmean": 0.00801373738796, "dmean2": 0.0160290040076, "dvar": 0.00794779136777, "dvar2": 0.0216890536249, "max": 1, "mean": 0.993036329746, "median": 1, "min": 0, "var": 0.00691369595006}, "silence_rate_60dB": {"dmean": 0.0290020983666, "dmean2": 0.0580097325146, "dvar": 0.0281637627631, "dvar2": 0.0613198503852, "max": 1, "mean": 0.0976819619536, "median": 0, "min": 0, "var": 0.0881320908666}, "spectral_centroid": {"dmean": 171.962356567, "dmean2": 252.699478149, "dvar": 84419.9296875, "dvar2": 166074.5625, "max": 11758.0917969, "mean": 868.553771973, "median": 648.109619141, "min": 126.81262207, "var": 997284.9375}, "spectral_complexity": {"dmean": 2.87158942223, "dmean2": 4.19673681259, "dvar": 20.1337375641, "dvar2": 32.6370620728, "max": 55, "mean": 11.2622337341, "median": 10, "min": 0, "var": 70.3092346191}, "spectral_decrease": {"dmean": 3.12914139045e-09, "dmean2": 5.01473662595e-09, "dvar": 2.32699836033e-17, "dvar2": 5.93229516951e-17, "max": 1.25958352224e-21, "mean": -8.4617246543e-09, "median": -7.71904495878e-09, "min": -4.20839185722e-08, "var": 4.03391764894e-17}, "spectral_energy": {"dmean": 0.0122345415875, "dmean2": 0.0195390526205, "dvar": 0.000346530548995, "dvar2": 0.000881115614902, "max": 0.16161082685, "mean": 0.0333331227303, "median": 0.0305730774999, "min": 1.00181193002e-20, "var": 0.000605727662332}, "spectral_energyband_high": {"dmean": 0.000312127638608, "dmean2": 0.000469097751193, "dvar": 5.60735088584e-07, "dvar2": 1.24889379549e-06, "max": 0.0107370615005, "mean": 0.000437459413661, "median": 6.88106665621e-05, "min": 6.90371159247e-21, "var": 8.71420468229e-07}, "spectral_energyband_low": {"dmean": 0.00625712703913, "dmean2": 0.0103605082259, "dvar": 0.000231355254073, "dvar2": 0.000607429072261, "max": 0.1488070786, "mean": 0.0128721082583, "median": 0.00529776001349, "min": 2.05635701157e-23, "var": 0.000389465916669}, "spectral_energyband_middle_high": {"dmean": 0.0010432418203, "dmean2": 0.00150453974493, "dvar": 3.30189368469e-06, "dvar2": 7.27932729205e-06, "max": 0.026255261153, "mean": 0.00265368958935, "median": 0.00143323093653, "min": 1.11382979485e-21, "var": 1.14806207421e-05}, "spectral_energyband_middle_low": {"dmean": 0.00770673947409, "dmean2": 0.0122979348525, "dvar": 0.000132557950565, "dvar2": 0.0003345272562, "max": 0.120173938572, "mean": 0.0191838108003, "median": 0.0152948359028, "min": 1.89102732217e-22, "var": 0.000278248538962}, "spectral_entropy": {"dmean": 0.295295417309, "dmean2": 0.418758869171, "dvar": 0.154962614179, "dvar2": 0.288567483425, "max": 9.8227186203, "mean": 6.77422904968, "median": 6.92200469971, "min": 2.41362333298, "var": 1.10591423512}, "spectral_flux": {"dmean": 0.035576146096, "dmean2": 0.0558042302728, "dvar": 0.00208253669553, "dvar2": 0.00450702058151, "max": 0.355542510748, "mean": 0.0732252299786, "median": 0.0574015639722, "min": 6.34373178987e-11, "var": 0.00339684612118}, "spectral_kurtosis": {"dmean": 9.22076797485, "dmean2": 15.1538887024, "dvar": 994.878845215, "dvar2": 2771.63696289, "max": 999.872192383, "mean": 22.0556983948, "median": 6.13905143738, "min": -1.25521409512, "var": 3409.35717773}, "spectral_rms": {"dmean": 0.00100113614462, "dmean2": 0.00153309851885, "dvar": 1.82421661066e-06, "dvar2": 4.26961560152e-06, "max": 0.0125566357747, "mean": 0.00520171457902, "median": 0.00546144600958, "min": 3.12630368642e-12, "var": 5.46224691789e-06}, "spectral_rolloff": {"dmean": 324.651153564, "dmean2": 536.434448242, "dvar": 917678.25, "dvar2": 2137493.25, "max": 19530.6152344, "mean": 1093.49267578, "median": 538.330078125, "min": 64.599609375, "var": 4378415.5}, "spectral_skewness": {"dmean": 0.572836041451, "dmean2": 0.909039855003, "dvar": 0.929389476776, "dvar2": 2.31231856346, "max": 27.4926605225, "mean": 2.76589179039, "median": 1.95160841942, "min": -0.088096909225, "var": 7.16333818436}, "spectral_spread": {"dmean": 678323.8125, "dmean2": 1034000.8125, "dvar": 1273222135810.0, "dvar2": 2412080529410.0, "max": 42112572, "mean": 4292020.5, "median": 3842398.75, "min": 104777.125, "var": 12077894729700.0}, "spectral_strongpeak": {"dmean": 0.456803590059, "dmean2": 0.766596853733, "dvar": 0.406470388174, "dvar2": 1.00103116035, "max": 9.8099155426, "mean": 1.12489831448, "median": 0.811470031738, "min": 0, "var": 0.950173258781}, "zerocrossingrate": {"dmean": 0.00926457997411, "dmean2": 0.010875380598, "dvar": 0.000226931093493, "dvar2": 0.000289418559987, "max": 0.5224609375, "mean": 0.0457152463496, "median": 0.03076171875, "min": 0.00244140625, "var": 0.00318722659722}, "barkbands": {"dmean": [7.34932400519e-05, 0.00227297493257, 0.00364981335588, 0.00179894815665, 0.00210808450356, 0.00126810651273, 0.00245775468647, 0.00209220824763, 0.0005463284906, 0.000335749995429, 0.000380165263778, 0.000126546307001, 0.000189154234249, 0.000142594508361, 0.000168957645656, 0.000100018638477, 0.00010262466094, 4.95329841215e-05, 4.89151716465e-05, 6.67113272357e-05, 6.39754944132e-05, 5.08906305186e-05, 6.1482336605e-05, 4.63091855636e-05, 4.02420191676e-05, 2.80727581412e-05, 9.29582620302e-06], "dmean2": [0.000121759359899, 0.0038048485294, 0.00608052825555, 0.00303285638802, 0.00327122141607, 0.00201113056391, 0.0038634527009, 0.0034153542947, 0.000766456709243, 0.000483880285174, 0.000537758285645, 0.000198279682081, 0.000295120640658, 0.000225418974878, 0.000265424256213, 0.000159530594829, 0.000157150730956, 7.91001002654e-05, 7.67245146562e-05, 0.000108838125016, 9.69022439676e-05, 7.60173061281e-05, 9.32315597311e-05, 6.90770757501e-05, 6.4555395511e-05, 4.66176607006e-05, 1.58415787155e-05], "dvar": [5.74932528252e-08, 2.97600618069e-05, 9.03928666958e-05, 2.10593916563e-05, 2.79910309473e-05, 1.41892742249e-05, 2.16254647967e-05, 2.30344521697e-05, 1.80422819085e-06, 6.52742301099e-07, 6.66558662488e-07, 9.81526184773e-08, 2.35626359313e-07, 1.34576694677e-07, 2.03499496365e-07, 5.81060710658e-08, 5.98838099108e-08, 1.0195291722e-08, 1.31929427383e-08, 1.77950632008e-08, 2.11252721982e-08, 1.55599284568e-08, 2.44688056483e-08, 1.46877177087e-08, 1.52372496842e-08, 9.28450383242e-09, 1.12006204311e-09], "dvar2": [1.44199603369e-07, 7.69674079493e-05, 0.000237339176238, 5.55011865799e-05, 6.8813591497e-05, 3.45691223629e-05, 5.16916370543e-05, 5.74076111661e-05, 3.95686129195e-06, 1.20118750147e-06, 1.29766908685e-06, 2.4191891157e-07, 5.64693834804e-07, 3.23016905668e-07, 5.00199860198e-07, 1.38549353323e-07, 1.2382875525e-07, 2.28938716873e-08, 2.92156965287e-08, 4.16516350299e-08, 4.72094399129e-08, 3.36396119849e-08, 5.47851222166e-08, 3.34727481288e-08, 3.76161573001e-08, 2.40338096091e-08, 2.97965319085e-09], "max": [0.00242809765041, 0.0741364210844, 0.10590018332, 0.097003236413, 0.0945509150624, 0.0783621445298, 0.0607354976237, 0.071721509099, 0.0383825860918, 0.0212392359972, 0.0232599414885, 0.00648020394146, 0.0138464998454, 0.0156083842739, 0.0115157365799, 0.0100948242471, 0.00483611179516, 0.00263147288933, 0.00164429820143, 0.00189070135821, 0.00216982210986, 0.00255296449177, 0.00196485221386, 0.00204134825617, 0.00235381908715, 0.00184359273408, 0.000444306002464], "mean": [6.81504825479e-05, 0.00394067447633, 0.00718910992146, 0.00300875329413, 0.00430556666106, 0.00243096752092, 0.00437618233263, 0.00369105534628, 0.00107534299605, 0.000604637782089, 0.000793458486442, 0.000173937354703, 0.00026671323576, 0.000199611749849, 0.000247539486736, 0.000137792958412, 0.00017673446564, 8.28492993605e-05, 7.8382792708e-05, 0.000103958293039, 8.59535939526e-05, 7.32575572329e-05, 8.16954270704e-05, 5.93528202444e-05, 4.69441656605e-05, 2.71469143627e-05, 7.38402786737e-06], "median": [4.32149136032e-06, 0.00078813591972, 0.0014071513433, 0.000394811388105, 0.00154711154755, 0.000646976171993, 0.0011717621237, 0.000388879125239, 0.000178568283445, 8.78736755112e-05, 0.00024092089734, 4.34775029134e-05, 4.85421442136e-05, 3.36863959092e-05, 4.11323671869e-05, 3.70407251467e-05, 2.96434172924e-05, 3.02068365272e-05, 2.51849269262e-05, 2.98082923109e-05, 1.65472920344e-05, 1.09013153633e-05, 8.69732139108e-06, 5.98793894824e-06, 2.98674672194e-06, 1.18510854463e-06, 1.94653566155e-07], "min": [1.53609978345e-25, 3.75580581837e-24, 3.06271893793e-24, 1.0216582943e-24, 1.02844285307e-23, 1.09503967398e-23, 1.03556958026e-23, 7.61125186882e-24, 2.46898127878e-23, 1.38883742861e-23, 1.17260986563e-23, 2.47187418949e-23, 2.32085024018e-23, 2.22187249349e-23, 4.13436257519e-23, 6.27416040238e-23, 9.36071690248e-23, 8.31255363118e-23, 1.15235564101e-22, 1.80086014205e-22, 2.56001645833e-22, 3.19517974375e-22, 3.96055985703e-22, 6.08936550703e-22, 9.01915048038e-22, 1.09942764335e-21, 2.06223093929e-21], "var": [5.45524230233e-08, 4.62305251858e-05, 0.000175994369783, 3.51066155417e-05, 6.78326541674e-05, 2.95112731692e-05, 5.17752341693e-05, 5.38126514584e-05, 5.29835142515e-06, 2.34300387092e-06, 2.30527029998e-06, 1.44952949199e-07, 4.10465077039e-07, 2.23740499905e-07, 3.65797063751e-07, 9.55792529567e-08, 1.56829145226e-07, 1.81708479374e-08, 2.23075922179e-08, 3.13575156952e-08, 3.31856568891e-08, 2.67288964295e-08, 3.5225234285e-08, 2.09699635434e-08, 1.74132868125e-08, 8.25995893905e-09, 7.92350685064e-10]}, "erbbands": {"dmean": [0.0396001264453, 0.64342045784, 3.58851623535, 5.36182928085, 5.83300590515, 8.41472816467, 7.073387146, 12.0398321152, 24.0264186859, 65.5065460205, 20.8304538727, 13.1924591064, 10.9808635712, 9.72027015686, 14.0728855133, 5.91947317123, 8.94718742371, 7.73221349716, 6.61741876602, 7.94857406616, 5.722884655, 4.38109111786, 2.77867627144, 2.56730723381, 2.59838938713, 3.45290207863, 2.73369860649, 2.38539409637, 1.70751667023, 2.0500228405, 1.62031841278, 1.01291680336, 0.793699920177, 0.478625267744, 0.281606972218, 0.139243125916, 0.0460047908127, 0.0127575267106, 0.00163307599723, 7.37550435588e-05], "dmean2": [0.0662552043796, 1.0829385519, 5.93998622894, 9.07137012482, 9.66193580627, 12.9915981293, 10.5304327011, 19.476808548, 36.3157653809, 107.791572571, 33.4006271362, 18.5781497955, 14.9187812805, 15.0546722412, 19.5681438446, 9.03552436829, 13.9413995743, 12.1587896347, 10.5514116287, 12.3926744461, 8.80695915222, 6.81906843185, 4.29365062714, 4.01902341843, 4.02607011795, 5.6483001709, 4.40267944336, 3.53417158127, 2.5309278965, 3.17377400398, 2.42997789383, 1.47682476044, 1.23596322536, 0.762459754944, 0.461852937937, 0.229210749269, 0.0771368518472, 0.021697178483, 0.00277356896549, 0.000122365614516], "dvar": [0.0125280572101, 2.378718853, 82.9807434082, 181.314331055, 239.987854004, 583.872070312, 233.856201172, 1502.39807129, 2471.53759766, 21666.3632812, 2393.96020508, 1058.01904297, 862.355773926, 387.255767822, 900.818664551, 190.143066406, 509.521881104, 413.851989746, 253.904830933, 432.456878662, 159.702255249, 90.3569641113, 33.5744895935, 28.6227035522, 37.4224357605, 50.6099624634, 51.3452720642, 27.7222595215, 16.1933822632, 30.0941467285, 16.7833404541, 7.16916418076, 5.24657726288, 2.06795763969, 0.825633764267, 0.218285948038, 0.0260691717267, 0.00228668842465, 3.56013333658e-05, 4.59533211483e-08], "dvar2": [0.0326061360538, 6.25593805313, 216.00617981, 485.18572998, 616.452026367, 1432.82800293, 491.380493164, 3830.6940918, 5185.19970703, 57463.5859375, 5623.48339844, 2226.16772461, 1424.90966797, 957.221740723, 1684.58032227, 451.576080322, 1196.94433594, 992.282409668, 611.08392334, 1111.83117676, 348.74432373, 196.212478638, 73.4511947632, 64.1477279663, 84.0361175537, 116.917671204, 127.039978027, 57.1529922485, 32.8754920959, 71.5439758301, 36.8378143311, 14.758105278, 13.0935230255, 4.98877477646, 2.11750435829, 0.554755747318, 0.0685283243656, 0.00614295015112, 9.47651424212e-05, 1.20096274259e-07], "max": [1.36912310123, 21.5866184235, 111.15247345, 187.343978882, 340.504272461, 530.552062988, 365.113311768, 710.268737793, 878.567504883, 1938.35986328, 1520.16381836, 1017.72375488, 779.83026123, 526.557800293, 934.062438965, 332.97064209, 685.388000488, 867.745849609, 368.581237793, 655.04107666, 430.837799072, 160.947784424, 109.307632446, 81.3022155762, 97.4287338257, 126.856338501, 83.202796936, 128.262435913, 51.6734771729, 111.040504456, 63.1732254028, 34.6976623535, 41.1023902893, 33.160987854, 13.0265226364, 8.83356761932, 2.84052848816, 0.775876522064, 0.0879435911775, 0.00250527588651], "mean": [0.054249022156, 1.16559135914, 6.95997619629, 10.3048591614, 9.93985462189, 17.4048347473, 16.096786499, 22.1553859711, 46.9447517395, 107.401374817, 41.8496627808, 27.804693222, 20.5479927063, 18.839838028, 30.9348716736, 9.88290214539, 13.0788288116, 11.0010623932, 9.73907566071, 11.9306192398, 9.30806827545, 7.72179794312, 4.94672679901, 4.30440187454, 4.34750366211, 5.25988721848, 3.63697218895, 3.35606193542, 2.49734926224, 2.67753982544, 2.19397735596, 1.36879646778, 0.968902409077, 0.57368928194, 0.309316456318, 0.143813073635, 0.0431399866939, 0.0106278760359, 0.00130520167295, 8.84310720721e-05], "median": [0.0102000730112, 0.3178845644, 2.10632824898, 2.73887205124, 4.16474151611, 4.45798683167, 5.85604715347, 6.31237125397, 12.8325376511, 18.7709903717, 9.4490480423, 6.21397781372, 3.01111221313, 7.33839035034, 11.0902318954, 3.60854506493, 2.65941309929, 2.09601259232, 1.61955118179, 2.52874922752, 2.24944829941, 1.74505186081, 1.73510622978, 1.5029181242, 1.73994660378, 1.49405229092, 0.755826890469, 0.57337641716, 0.400224626064, 0.289048731327, 0.247563496232, 0.155393719673, 0.0897280424833, 0.0394775234163, 0.0182208996266, 0.00632557086647, 0.00197044783272, 0.000325958419126, 5.31463811058e-05, 4.30561121902e-05], "min": [1.286283523e-22, 5.95211683617e-22, 3.16889722079e-21, 6.28452045585e-21, 1.88452019158e-20, 2.97222343832e-20, 4.71075546063e-20, 7.51004580591e-20, 1.28875592466e-19, 1.67860317467e-19, 2.74004560185e-19, 4.81844907726e-19, 3.82419142266e-19, 5.69916585303e-19, 1.21389623432e-18, 1.57029930555e-18, 1.43497255733e-18, 1.77153590837e-18, 2.07610380991e-18, 3.60115395781e-18, 3.22730264893e-18, 5.41068020376e-18, 4.53265900281e-18, 4.96431493366e-18, 6.65818602713e-18, 8.85073163828e-18, 9.5003686857e-18, 1.13097675458e-17, 1.17058365124e-17, 1.35511623081e-17, 1.02936803881e-17, 1.21057742026e-17, 1.04725457878e-17, 8.15792982496e-18, 6.4223225065e-18, 3.91851627547e-18, 2.39054349168e-18, 9.50560701372e-19, 2.75829294767e-19, 2.91952847901e-20], "var": [0.0136015806347, 3.63016247749, 137.992996216, 388.39654541, 335.915252686, 1594.16918945, 771.088256836, 2605.16479492, 7935.48876953, 39590.8789062, 6965.17431641, 3323.44433594, 3251.43310547, 1009.22418213, 3385.44433594, 344.486419678, 924.940551758, 683.240539551, 511.271240234, 676.62310791, 346.561889648, 222.652130127, 68.1160049438, 52.9055862427, 60.7688865662, 89.0418319702, 61.7597007751, 51.7170906067, 29.3383789062, 42.4351577759, 25.7844276428, 11.6979808807, 6.04500436783, 2.5256061554, 0.832390546799, 0.220851451159, 0.0215239934623, 0.00163695437368, 2.50705252256e-05, 3.5436904966e-08]}, "gfcc": {"mean": [-77.1508102417, 112.773025513, -99.630645752, 11.6328525543, -65.6237564087, -3.05896830559, -34.4296073914, 0.758109509945, -17.6498947144, -1.75489914417, -11.2577648163, -4.52701425552, -10.7706565857], "cov": [[23202.03125, -1641.09106445, -1862.76208496, 1345.64599609, -884.80670166, 655.151977539, -429.618682861, 475.294921875, -479.886077881, 174.794616699, -478.10748291, 127.861320496, -254.278167725], [-1641.09106445, 3709.27905273, 587.144226074, -579.007080078, 725.66229248, -229.622634888, 345.406097412, -405.742462158, 209.205657959, -320.904205322, 177.452774048, -255.74005127, 138.787521362], [-1862.76208496, 587.144226074, 2762.87207031, 1117.98620605, 455.948974609, 497.643066406, 337.300567627, -119.425170898, -148.141189575, -140.929779053, -214.207946777, -178.898605347, -105.989776611], [1345.64599609, -579.007080078, 1117.98620605, 1700.18566895, 234.211029053, 487.250335693, 159.991760254, 117.756454468, -194.66784668, -50.8305892944, -209.002502441, -66.6571960449, -82.1344070435], [-884.80670166, 725.66229248, 455.948974609, 234.211029053, 603.162109375, 139.3878479, 156.409317017, -74.0402679443, 35.9429893494, -71.3438873291, -29.2538433075, -60.3686904907, 19.5013713837], [655.151977539, -229.622634888, 497.643066406, 487.250335693, 139.3878479, 413.895385742, 118.250694275, 69.8263320923, -64.5886306763, 2.05380368233, -102.260627747, -18.0224342346, -44.1357688904], [-429.618682861, 345.406097412, 337.300567627, 159.991760254, 156.409317017, 118.250694275, 240.910888672, 41.2863578796, 48.085899353, -27.3532905579, -3.30936598778, -48.6564102173, -17.1623573303], [475.294921875, -405.742462158, -119.425170898, 117.756454468, -74.0402679443, 69.8263320923, 41.2863578796, 241.053909302, 69.2260742188, 85.7800064087, -14.268116951, 11.5597829819, -62.5194969177], [-479.886077881, 209.205657959, -148.141189575, -194.66784668, 35.9429893494, -64.5886306763, 48.085899353, 69.2260742188, 193.782745361, 65.6753768921, 55.6434783936, -27.1273765564, -10.4014787674], [174.794616699, -320.904205322, -140.929779053, -50.8305892944, -71.3438873291, 2.05380368233, -27.3532905579, 85.7800064087, 65.6753768921, 141.630584717, 28.589509964, 26.5123634338, -33.7067489624], [-478.10748291, 177.452774048, -214.207946777, -209.002502441, -29.2538433075, -102.260627747, -3.30936598778, -14.268116951, 55.6434783936, 28.589509964, 127.47454834, 38.2384223938, 38.7001075745], [127.861320496, -255.74005127, -178.898605347, -66.6571960449, -60.3686904907, -18.0224342346, -48.6564102173, 11.5597829819, -27.1273765564, 26.5123634338, 38.2384223938, 117.011283875, 47.174156189], [-254.278167725, 138.787521362, -105.989776611, -82.1344070435, 19.5013713837, -44.1357688904, -17.1623573303, -62.5194969177, -10.4014787674, -33.7067489624, 38.7001075745, 47.174156189, 110.389465332]], "icov": [[9.0484500106e-05, -0.00017357832985, 0.000157757924171, -0.000141464086482, 0.000216706379433, -0.000192581064766, 0.000134130415972, -7.1969909186e-05, 0.000201956281671, -0.000304234941723, 0.000512472586706, -0.000312015909003, 0.000217496286496], [-0.00017357832985, 0.00130169431213, -0.000437720125774, 0.000582452514209, -0.00109294848517, 0.000565325084608, -0.000855217978824, 0.000744756835047, -0.000994494184852, 0.0020833206363, -0.00241547520272, 0.00223290780559, -0.000880336738192], [0.000157757924171, -0.000437720125774, 0.00102249556221, -0.000597997684963, 0.000407507061027, -0.000643784296699, -0.000397806230467, 0.000658439181279, 0.000433675042586, -0.000787758268416, 0.00145251397043, -0.000619854195975, 0.000988194369711], [-0.000141464086482, 0.000582452514209, -0.000597997684963, 0.00156943150796, -0.000843018176965, -0.000212185288547, -0.000327146291966, -0.000824303016998, 0.000773181091063, 0.000786205171607, -0.00093525525881, 0.00157510489225, -0.000950519752223], [0.000216706379433, -0.00109294848517, 0.000407507061027, -0.000843018176965, 0.0035862561781, -0.0012564510107, -0.000191227692994, 0.000798645138275, -0.00077971018618, -0.00100220192689, 0.00254169129767, -0.00196812301874, 0.000494516687468], [-0.000192581064766, 0.000565325084608, -0.000643784296699, -0.000212185288547, -0.0012564510107, 0.00558860274032, -0.0022625180427, -0.00062794360565, 0.00103896157816, -0.000856369908433, 0.00107433611993, 5.9629594034e-05, -0.000747074489482], [0.000134130415972, -0.000855217978824, -0.000397806230467, -0.000327146291966, -0.000191227692994, -0.0022625180427, 0.00861425418407, -0.00281738187186, -0.00131370464806, 0.00165149511304, -0.00145645660814, 0.000228804259677, 0.000424958503572], [-7.1969909186e-05, 0.000744756835047, 0.000658439181279, -0.000824303016998, 0.000798645138275, -0.00062794360565, -0.00281738187186, 0.00989089161158, -0.00464302580804, -0.000711138010956, 0.000914602598641, -0.00229286309332, 0.00369289075024], [0.000201956281671, -0.000994494184852, 0.000433675042586, 0.000773181091063, -0.00077971018618, 0.00103896157816, -0.00131370464806, -0.00464302580804, 0.0132898138836, -0.00687763933092, -0.000640003883746, 0.00399577338248, -0.00190450181253], [-0.000304234941723, 0.0020833206363, -0.000787758268416, 0.000786205171607, -0.00100220192689, -0.000856369908433, 0.00165149511304, -0.000711138010956, -0.00687763933092, 0.0173871424049, -0.00683830678463, -0.000452580017736, 0.00344898877665], [0.000512472586706, -0.00241547520272, 0.00145251397043, -0.00093525525881, 0.00254169129767, 0.00107433611993, -0.00145645660814, 0.000914602598641, -0.000640003883746, -0.00683830678463, 0.0199825875461, -0.00833722576499, -0.000402782228775], [-0.000312015909003, 0.00223290780559, -0.000619854195975, 0.00157510489225, -0.00196812301874, 5.9629594034e-05, 0.000228804259677, -0.00229286309332, 0.00399577338248, -0.000452580017736, -0.00833722576499, 0.0206108149141, -0.00948745198548], [0.000217496286496, -0.000880336738192, 0.000988194369711, -0.000950519752223, 0.000494516687468, -0.000747074489482, 0.000424958503572, 0.00369289075024, -0.00190450181253, 0.00344898877665, -0.000402782228775, -0.00948745198548, 0.0177489928901]]}, "melbands": {"dmean": [0.000480905117001, 0.00153265544213, 0.000918594247196, 0.000499489193317, 0.000284119101707, 0.000266388058662, 0.000395277398638, 0.000690250657499, 0.000133405425004, 7.96098975115e-05, 5.47446543351e-05, 3.89447050111e-05, 5.4220425227e-05, 1.77460133273e-05, 2.05190481211e-05, 1.5141627955e-05, 1.5626401364e-05, 9.89252748695e-06, 1.19498981803e-05, 9.4297747637e-06, 7.22633194528e-06, 5.18131128047e-06, 4.04237016483e-06, 2.4144260351e-06, 2.142748599e-06, 1.94933704734e-06, 1.94866242964e-06, 2.51583378486e-06, 1.91370190805e-06, 1.38012103434e-06, 1.49664890614e-06, 1.003482339e-06, 9.73463215814e-07, 1.26629265651e-06, 9.68935637502e-07, 8.8119764996e-07, 5.39490315532e-07, 5.86363967159e-07, 4.66933869347e-07, 4.02886570328e-07], "dmean2": [0.000797224987764, 0.00255329441279, 0.00154302944429, 0.000790928781498, 0.000418605282903, 0.000429023319157, 0.000600413884968, 0.00113593717106, 0.000207729593967, 0.000112502304546, 7.48849488446e-05, 6.10005954513e-05, 7.61149567552e-05, 2.65167145699e-05, 3.17821868521e-05, 2.38347129198e-05, 2.4672552172e-05, 1.59146911756e-05, 1.88177909877e-05, 1.48435001392e-05, 1.1002982319e-05, 7.84694111644e-06, 6.48624381938e-06, 3.89074875784e-06, 3.39233224622e-06, 3.0476169286e-06, 3.07194818561e-06, 4.22376933784e-06, 3.20710000778e-06, 2.09870790968e-06, 2.25734834203e-06, 1.53942846737e-06, 1.46819286329e-06, 2.00644080905e-06, 1.49021479956e-06, 1.34600793444e-06, 7.79440938459e-07, 9.25604183522e-07, 7.46884609271e-07, 6.43754162866e-07], "dvar": [1.39894564199e-06, 1.43720644701e-05, 4.92547360409e-06, 1.71674787453e-06, 4.12490607005e-07, 6.69723306146e-07, 6.21876665718e-07, 2.44288139584e-06, 1.11214369269e-07, 3.75720858869e-08, 2.14099031837e-08, 7.01344271548e-09, 1.35811575319e-08, 1.46230250131e-09, 2.46585551977e-09, 1.54546409004e-09, 1.78433900988e-09, 5.06796382638e-10, 1.33538680114e-09, 5.32992816549e-10, 2.72768474474e-10, 1.36916145088e-10, 8.84609399621e-11, 2.52910296872e-11, 2.07860239437e-11, 2.28525219581e-11, 1.5995194752e-11, 2.75827537893e-11, 2.66666706078e-11, 1.10135520495e-11, 1.19956856948e-11, 5.98621629697e-12, 6.46108600649e-12, 1.14103049925e-11, 5.93841946103e-12, 5.63807507625e-12, 2.08421279367e-12, 2.91475480904e-12, 1.94495699928e-12, 1.48983689968e-12], "dvar2": [3.60124386134e-06, 3.77807191398e-05, 1.30371627165e-05, 4.41985139332e-06, 8.50116521178e-07, 1.68700137237e-06, 1.32949207909e-06, 6.4016203396e-06, 2.55298488128e-07, 8.29290200954e-08, 3.56909133359e-08, 1.74088548022e-08, 2.59777745981e-08, 3.18197601601e-09, 5.96239368988e-09, 3.85657150659e-09, 4.28964641586e-09, 1.23831478405e-09, 3.28830696006e-09, 1.3288136147e-09, 5.74250813568e-10, 2.82649154082e-10, 2.15804998871e-10, 5.85580195445e-11, 4.81921932916e-11, 5.19359312501e-11, 3.69339489548e-11, 6.63888458097e-11, 6.97088012314e-11, 2.49392208274e-11, 2.58517911939e-11, 1.25369705936e-11, 1.50749586425e-11, 2.78137218118e-11, 1.33520789911e-11, 1.28007162162e-11, 4.19532767901e-12, 7.32870708564e-12, 4.86104299174e-12, 3.58433313412e-12], "max": [0.0135186519474, 0.0442389585078, 0.0335135497153, 0.0269675403833, 0.0176707115024, 0.0144436536357, 0.0137637034059, 0.0195239353925, 0.01141248364, 0.00552910286933, 0.00385370780714, 0.00232783192769, 0.00329261622392, 0.00085564533947, 0.0013025267981, 0.000888473994564, 0.00183489150368, 0.000460650015157, 0.000955331721343, 0.000747005571611, 0.000429961655755, 0.000227849159273, 0.000165550416568, 0.000202499359148, 7.24019482732e-05, 9.27063156269e-05, 5.28362943442e-05, 8.7518368673e-05, 5.49440264876e-05, 4.64099575765e-05, 9.11662646104e-05, 2.93332523142e-05, 5.88038710703e-05, 5.02192742715e-05, 3.52927709173e-05, 2.96397611237e-05, 1.91481030924e-05, 2.87796610792e-05, 3.04057557514e-05, 2.7944215617e-05], "mean": [0.000787227647379, 0.00302444514818, 0.00180752587039, 0.000974438444246, 0.000657330383547, 0.00048400691594, 0.000757020548917, 0.00115234963596, 0.000281098677078, 0.000159327944857, 9.80949262157e-05, 7.04564154148e-05, 0.000114236856462, 3.2062183891e-05, 2.99966359307e-05, 2.04542338906e-05, 2.15038817259e-05, 1.41753253047e-05, 1.68992901308e-05, 1.33388575705e-05, 1.12399538921e-05, 8.7177113528e-06, 6.06381399848e-06, 3.99148120778e-06, 3.34794208356e-06, 2.94228971143e-06, 3.33376988237e-06, 3.51004405275e-06, 2.3543284442e-06, 1.78495417913e-06, 2.05409241971e-06, 1.43073123127e-06, 1.28961403334e-06, 1.56854605393e-06, 1.28500255414e-06, 1.10735334147e-06, 7.24747565073e-07, 6.98730104887e-07, 5.56255884021e-07, 4.68776761409e-07], "median": [0.00015494597028, 0.00113809574395, 0.000571289565414, 0.000350278336555, 0.000241213027039, 0.000126686703879, 0.000202366645681, 0.000190968232346, 6.9728208473e-05, 2.8069531254e-05, 1.12598645501e-05, 2.31927042478e-05, 3.58753604814e-05, 9.42587394093e-06, 5.41407007404e-06, 4.64892491436e-06, 3.28232226821e-06, 2.10807343137e-06, 2.69840575129e-06, 3.20277536048e-06, 2.08286542147e-06, 1.73016633198e-06, 1.28100668917e-06, 1.53759242494e-06, 1.03994284473e-06, 9.14923191431e-07, 1.25724147892e-06, 8.50236119732e-07, 4.61852124545e-07, 3.27724791305e-07, 3.0655212413e-07, 2.28388572054e-07, 1.7044641254e-07, 1.46364229181e-07, 1.36326093525e-07, 1.25298939224e-07, 7.66490728665e-08, 6.74155700153e-08, 4.06355447069e-08, 3.05646175036e-08], "min": [2.17644179674e-24, 1.40952078962e-24, 1.26145544341e-24, 2.44868400602e-24, 1.66244626052e-24, 1.5918366028e-24, 1.96704557198e-24, 1.8670905844e-24, 2.77091337263e-24, 3.00020861373e-24, 1.66186940599e-24, 2.12004041138e-24, 2.78566270498e-24, 2.71988669384e-24, 3.88288105501e-24, 2.25645378899e-24, 2.69194208513e-24, 2.62973547238e-24, 3.60485965074e-24, 3.49657310871e-24, 3.09002456931e-24, 3.90055153929e-24, 3.76994141693e-24, 3.56003420752e-24, 3.72644323219e-24, 4.6466348842e-24, 4.48501700624e-24, 5.31565559058e-24, 5.53692555246e-24, 5.76337951379e-24, 6.31652996382e-24, 5.97143526666e-24, 4.90377987348e-24, 5.90317434367e-24, 5.78353530435e-24, 5.76743149783e-24, 5.88009858447e-24, 6.5340500754e-24, 6.0498385743e-24, 4.82466974646e-24], "var": [1.97111421585e-06, 2.26014217333e-05, 9.95670143311e-06, 3.40557562595e-06, 1.45180388245e-06, 1.22248172829e-06, 1.88760532183e-06, 4.71543853564e-06, 3.34904854071e-07, 1.10783496154e-07, 7.96346739662e-08, 1.74614491755e-08, 4.74620911461e-08, 3.5947411714e-09, 4.45222436696e-09, 2.10014472479e-09, 3.00565528022e-09, 9.47725120604e-10, 2.33452635001e-09, 8.36755609246e-10, 5.94868987402e-10, 3.41936395865e-10, 1.61085450534e-10, 4.31562979797e-11, 3.58536950129e-11, 3.50612039401e-11, 2.99623797995e-11, 4.32687566332e-11, 2.72054479639e-11, 1.62519112751e-11, 2.12199841032e-11, 1.00891682162e-11, 9.68305036847e-12, 1.44972688368e-11, 8.67593670517e-12, 7.75054326274e-12, 3.51574108368e-12, 3.1884692369e-12, 2.28717240459e-12, 1.76688177977e-12]}, "mfcc": {"mean": [-718.176879883, 142.915924072, 15.0052909851, 16.4754829407, -6.74864530563, -4.17231893539, -8.43057537079, -2.73263311386, -4.71348237991, -0.068341717124, -4.19047641754, 2.52341246605, 4.3026008606], "cov": [[13441.9160156, -1070.3494873, -1000.07592773, 247.242156982, -225.421936035, 31.0104980469, -8.60141944885, 197.622024536, 99.434677124, 141.361999512, -86.2669677734, -86.3752975464, -196.422775269], [-1070.3494873, 3468.41552734, 122.182563782, -61.8834838867, 261.752685547, 173.848953247, 80.9479522705, -15.5518751144, 5.50009632111, -58.9270477295, -63.8191490173, -6.67911529541, 74.1068725586], [-1000.07592773, 122.182563782, 1968.40466309, 795.585327148, 363.874206543, 552.651123047, 426.960876465, 223.240524292, 158.462524414, 53.8878669739, 28.058057785, -101.217956543, -128.160232544], [247.242156982, -61.8834838867, 795.585327148, 903.752624512, 361.929779053, 358.437347412, 303.589050293, 198.377456665, 122.471054077, 74.1985549927, -0.339770376682, -74.8141479492, -115.686355591], [-225.421936035, 261.752685547, 363.874206543, 361.929779053, 417.925170898, 303.806182861, 177.698547363, 106.668540955, 89.8565063477, 35.0346107483, 0.880157291889, -53.2320632935, -49.0101089478], [31.0104980469, 173.848953247, 552.651123047, 358.437347412, 303.806182861, 439.173583984, 258.907653809, 135.791564941, 101.811561584, 41.7985534668, -12.2902173996, -74.5074920654, -76.5640182495], [-8.60141944885, 80.9479522705, 426.960876465, 303.589050293, 177.698547363, 258.907653809, 270.747650146, 150.100021362, 83.2713394165, 32.5160942078, 0.420132100582, -30.0797710419, -48.8803901672], [197.622024536, -15.5518751144, 223.240524292, 198.377456665, 106.668540955, 135.791564941, 150.100021362, 181.778518677, 104.279457092, 45.5778884888, 11.7413854599, -0.645468831062, -17.6806869507], [99.434677124, 5.50009632111, 158.462524414, 122.471054077, 89.8565063477, 101.811561584, 83.2713394165, 104.279457092, 143.018035889, 82.9881515503, 34.6461791992, 17.182762146, 6.49618673325], [141.361999512, -58.9270477295, 53.8878669739, 74.1985549927, 35.0346107483, 41.7985534668, 32.5160942078, 45.5778884888, 82.9881515503, 119.455879211, 67.598991394, 34.8136062622, 14.5098743439], [-86.2669677734, -63.8191490173, 28.058057785, -0.339770376682, 0.880157291889, -12.2902173996, 0.420132100582, 11.7413854599, 34.6461791992, 67.598991394, 109.142074585, 72.7933731079, 37.017414093], [-86.3752975464, -6.67911529541, -101.217956543, -74.8141479492, -53.2320632935, -74.5074920654, -30.0797710419, -0.645468831062, 17.182762146, 34.8136062622, 72.7933731079, 136.537368774, 102.881484985], [-196.422775269, 74.1068725586, -128.160232544, -115.686355591, -49.0101089478, -76.5640182495, -48.8803901672, -17.6806869507, 6.49618673325, 14.5098743439, 37.017414093, 102.881484985, 160.005508423]], "icov": [[9.40689642448e-05, 1.31060760395e-05, 0.000103506230516, -0.000100150355138, 0.000172561587533, -0.000173062013346, 0.000116485003673, -0.000159356335644, 1.33778539748e-05, -0.000124473604956, 0.000107958854642, -3.55941920134e-05, 0.000116580049507], [1.31060760395e-05, 0.000334823620506, -2.03617946681e-05, 0.000153671484441, -0.000319469429087, -1.24234247778e-05, -0.000147064434714, 0.000157735397806, -2.56057574006e-05, 3.27111301885e-05, 0.000316841498716, -0.000105396757135, -0.000182943491382], [0.000103506230516, -2.03617946681e-05, 0.00118229398504, -0.000817584746983, 0.000771781429648, -0.00104742869735, -0.000405336875701, 0.000216778120375, -0.000702931080014, 0.000984920887277, -0.00118740100879, 0.000673091853969, -9.11829120014e-05], [-0.000100150355138, 0.000153671484441, -0.000817584746983, 0.00294173788279, -0.00200414424762, 0.000928714987822, -0.00125559745356, -0.000732607033569, 0.00107343192212, -0.00180754368193, 0.00135863164905, -0.000663942308165, 0.000876852602232], [0.000172561587533, -0.000319469429087, 0.000771781429648, -0.00200414424762, 0.00665380945429, -0.00417085317895, 0.00119731144514, -0.000120522723591, -0.00176978087984, 0.00184323312715, -0.00216481066309, 0.00156675232574, -0.000678177748341], [-0.000173062013346, -1.24234247778e-05, -0.00104742869735, 0.000928714987822, -0.00417085317895, 0.0093737822026, -0.00581999868155, 0.00155851757154, -0.00095253274776, -0.00144790799823, 0.00113149906974, 0.00168052327354, 5.56074191991e-05], [0.000116485003673, -0.000147064434714, -0.000405336875701, -0.00125559745356, 0.00119731144514, -0.00581999868155, 0.0139333074912, -0.00724474387243, 0.0019180678064, 0.000375859934138, 0.000176592977368, -0.00179316021968, 0.00101658212952], [-0.000159356335644, 0.000157735397806, 0.000216778120375, -0.000732607033569, -0.000120522723591, 0.00155851757154, -0.00724474387243, 0.0158232748508, -0.00935399532318, 0.00263189384714, 0.000244088892941, -0.000877937825862, 0.000268516188953], [1.33778539748e-05, -2.56057574006e-05, -0.000702931080014, 0.00107343192212, -0.00176978087984, -0.00095253274776, 0.0019180678064, -0.00935399532318, 0.0209278315306, -0.0123932408169, 0.00332372589037, -0.0014019832015, -0.00079748214921], [-0.000124473604956, 3.27111301885e-05, 0.000984920887277, -0.00180754368193, 0.00184323312715, -0.00144790799823, 0.000375859934138, 0.00263189384714, -0.0123932408169, 0.0232344008982, -0.01284091454, 0.0028042725753, -0.000844711321406], [0.000107958854642, 0.000316841498716, -0.00118740100879, 0.00135863164905, -0.00216481066309, 0.00113149906974, 0.000176592977368, 0.000244088892941, 0.00332372589037, -0.01284091454, 0.024295553565, -0.0133036989719, 0.00393911032006], [-3.55941920134e-05, -0.000105396757135, 0.000673091853969, -0.000663942308165, 0.00156675232574, 0.00168052327354, -0.00179316021968, -0.000877937825862, -0.0014019832015, 0.0028042725753, -0.0133036989719, 0.0240808967501, -0.0118998214602], [0.000116580049507, -0.000182943491382, -9.11829120014e-05, 0.000876852602232, -0.000678177748341, 5.56074191991e-05, 0.00101658212952, 0.000268516188953, -0.00079748214921, -0.000844711321406, 0.00393911032006, -0.0118998214602, 0.0140467761084]]}, "spectral_contrast_coeffs": {"dmean": [0.0485897362232, 0.0537608973682, 0.0415094308555, 0.0313698798418, 0.0213714614511, 0.0171215999871], "dmean2": [0.0791045427322, 0.0845454335213, 0.0638247877359, 0.0492450706661, 0.0341839753091, 0.027866223827], "dvar": [0.00191371666733, 0.00250947778113, 0.00144019443542, 0.0008590555517, 0.000400871736929, 0.000391384091927], "dvar2": [0.00485995551571, 0.00564239034429, 0.00321390712634, 0.0018896642141, 0.0009465541807, 0.000963929051068], "max": [-0.245580300689, -0.228127643466, -0.328835994005, -0.494261622429, -0.582911670208, -0.614759624004], "mean": [-0.60124206543, -0.659623980522, -0.733670890331, -0.777508378029, -0.801662147045, -0.787758409977], "median": [-0.603797852993, -0.672603011131, -0.739892601967, -0.792071759701, -0.803176522255, -0.782941520214], "min": [-0.977497756481, -0.976730167866, -0.972461104393, -0.972290694714, -0.967729628086, -0.96716606617], "var": [0.0134301362559, 0.014206064865, 0.00924055092037, 0.00660695508122, 0.00323193660006, 0.00214879983105]}, "spectral_contrast_valleys": {"dmean": [0.494654476643, 0.467161238194, 0.457608729601, 0.451336950064, 0.371298223734, 0.405102670193], "dmean2": [0.782640099525, 0.727717936039, 0.698523461819, 0.673223555088, 0.543024480343, 0.565452039242], "dvar": [0.251498907804, 0.257725656033, 0.263917088509, 0.284306079149, 0.262044399977, 0.356597274542], "dvar2": [0.540180802345, 0.556310296059, 0.535353302956, 0.566954016685, 0.498755276203, 0.654446780682], "