{"lowlevel": {"average_loudness": 0.0329778008163, "barkbands_crest": {"dmean": 2.22524094582, "dmean2": 3.50193452835, "dvar": 4.09179496765, "dvar2": 10.7257614136, "max": 26.7404785156, "mean": 13.7297086716, "median": 13.104183197, "min": 3.71201300621, "var": 28.8812503815}, "barkbands_flatness_db": {"dmean": 0.0186610948294, "dmean2": 0.0290332920849, "dvar": 0.000272623758065, "dvar2": 0.000699310621712, "max": 0.568829238415, "mean": 0.256194084883, "median": 0.241346925497, "min": 0.0490944869816, "var": 0.00578196626157}, "barkbands_kurtosis": {"dmean": 6.06473350525, "dmean2": 9.60751724243, "dvar": 154.404205322, "dvar2": 401.381958008, "max": 437.530548096, "mean": 17.039358139, "median": 7.00125360489, "min": -1.84405577183, "var": 767.190185547}, "barkbands_skewness": {"dmean": 0.588683009148, "dmean2": 0.913730204105, "dvar": 0.38197273016, "dvar2": 0.950304627419, "max": 17.6498622894, "mean": 2.35470557213, "median": 2.20194864273, "min": -2.17649149895, "var": 6.288022995}, "barkbands_spread": {"dmean": 2.12453532219, "dmean2": 3.27769899368, "dvar": 7.29787349701, "dvar2": 16.9719734192, "max": 122.377838135, "mean": 9.76577472687, "median": 7.47592306137, "min": 0.147647291422, "var": 62.6296844482}, "dissonance": {"dmean": 0.0166555438191, "dmean2": 0.0275113321841, "dvar": 0.000355014082743, "dvar2": 0.000957303447649, "max": 0.499940574169, "mean": 0.448525428772, "median": 0.453731536865, "min": 0.243358388543, "var": 0.00108060846105}, "dynamic_complexity": 8.0157251358, "erbbands_crest": {"dmean": 2.36874651909, "dmean2": 3.65488624573, "dvar": 5.3319144249, "dvar2": 12.9896802902, "max": 32.437084198, "mean": 11.8833780289, "median": 10.2834663391, "min": 2.78226089478, "var": 37.3885688782}, "erbbands_flatness_db": {"dmean": 0.0123963626102, "dmean2": 0.018667569384, "dvar": 0.000136051618028, "dvar2": 0.000287570088403, "max": 0.483029514551, "mean": 0.253063380718, "median": 0.260116457939, "min": 0.0389708504081, "var": 0.00343699078076}, "erbbands_kurtosis": {"dmean": 1.48512399197, "dmean2": 2.21312355995, "dvar": 12.069647789, "dvar2": 24.8678131104, "max": 145.187484741, "mean": 2.08518004417, "median": 0.0978090763092, "min": -1.75741827488, "var": 54.9730644226}, "erbbands_skewness": {"dmean": 0.359367668629, "dmean2": 0.536360442638, "dvar": 0.128253340721, "dvar2": 0.251367390156, "max": 9.4823474884, "mean": 0.650890946388, "median": 0.522621870041, "min": -2.21697330475, "var": 1.99271738529}, "erbbands_spread": {"dmean": 4.59651565552, "dmean2": 6.97658729553, "dvar": 15.8504142761, "dvar2": 36.5772209167, "max": 159.809951782, "mean": 29.6898422241, "median": 26.0832595825, "min": 0.654374420643, "var": 311.072906494}, "hfc": {"dmean": 1.45047974586, "dmean2": 2.14576196671, "dvar": 5.06725406647, "dvar2": 10.8091478348, "max": 57.4542007446, "mean": 8.8398065567, "median": 3.82900476456, "min": 1.14264665175e-16, "var": 110.217330933}, "melbands_crest": {"dmean": 2.64670848846, "dmean2": 4.10671377182, "dvar": 6.36899328232, "dvar2": 15.5724210739, "max": 35.0205383301, "mean": 18.6370201111, "median": 18.8174057007, "min": 1.86246776581, "var": 50.613948822}, "melbands_flatness_db": {"dmean": 0.0182780567557, "dmean2": 0.0273590572178, "dvar": 0.000275307917036, "dvar2": 0.000632852781564, "max": 0.73189842701, "mean": 0.289562553167, "median": 0.271926999092, "min": 0.00461039366201, "var": 0.0179139170796}, "melbands_kurtosis": {"dmean": 9.48359584808, "dmean2": 14.6641330719, "dvar": 307.350860596, "dvar2": 697.373535156, "max": 1049.37902832, "mean": 32.7092247009, "median": 15.4277858734, "min": -1.68592357635, "var": 3451.64111328}, "melbands_skewness": {"dmean": 0.653459906578, "dmean2": 0.993629395962, "dvar": 0.439682781696, "dvar2": 1.02457010746, "max": 24.0228977203, "mean": 3.30747532845, "median": 2.93355083466, "min": -1.82194674015, "var": 8.31496429443}, "melbands_spread": {"dmean": 3.4782063961, "dmean2": 5.30931138992, "dvar": 24.672662735, "dvar2": 55.3621940613, "max": 178.374893188, "mean": 18.012840271, "median": 8.0196018219, "min": 0.202248692513, "var": 466.007995605}, "pitch_salience": {"dmean": 0.0575695894659, "dmean2": 0.0930201038718, "dvar": 0.00270800828002, "dvar2": 0.00733104906976, "max": 0.813851714134, "mean": 0.415466487408, "median": 0.419363558292, "min": 0.0816538929939, "var": 0.0127378860489}, "silence_rate_20dB": {"dmean": 0.00638249376789, "dmean2": 0.0127678979188, "dvar": 0.00634162221104, "dvar2": 0.016252387315, "max": 1, "mean": 0.974020063877, "median": 1, "min": 0, "var": 0.0253042578697}, "silence_rate_30dB": {"dmean": 0.0273535437882, "dmean2": 0.0547195635736, "dvar": 0.0266051851213, "dvar2": 0.0644920989871, "max": 1, "mean": 0.784639954567, "median": 1, "min": 0, "var": 0.16898137331}, "silence_rate_60dB": {"dmean": 0.0346478223801, "dmean2": 0.0693114474416, "dvar": 0.0334493257105, "dvar2": 0.0740775540471, "max": 1, "mean": 0.432087510824, "median": 0, "min": 0, "var": 0.245387554169}, "spectral_centroid": {"dmean": 134.916671753, "dmean2": 207.963653564, "dvar": 33110.6367188, "dvar2": 54520.6445312, "max": 11503.1894531, "mean": 1397.20019531, "median": 1177.2355957, "min": 97.0293045044, "var": 891605.125}, "spectral_complexity": {"dmean": 1.35172104836, "dmean2": 2.29046964645, "dvar": 1.59978306293, "dvar2": 4.30095005035, "max": 26, "mean": 8.21057415009, "median": 7, "min": 0, "var": 33.5026664734}, "spectral_decrease": {"dmean": 3.54518703283e-09, "dmean2": 5.8889031429e-09, "dvar": 5.45561050396e-17, "dvar2": 1.54474457382e-16, "max": -2.51061188192e-29, "mean": -1.46737626494e-08, "median": -1.23233068194e-09, "min": -1.39191769222e-07, "var": 5.8021751593e-16}, "spectral_energy": {"dmean": 0.0134855257347, "dmean2": 0.0223752539605, "dvar": 0.000782178307418, "dvar2": 0.00221288739704, "max": 0.530320525169, "mean": 0.0561838820577, "median": 0.00505275838077, "min": 1.05972345862e-20, "var": 0.00842447858304}, "spectral_energyband_high": {"dmean": 1.8750437448e-05, "dmean2": 3.21773841279e-05, "dvar": 1.23301291399e-09, "dvar2": 3.56023210912e-09, "max": 0.00064969167579, "mean": 5.05627212988e-05, "median": 2.62461253442e-05, "min": 7.42379170909e-21, "var": 4.69709071638e-09}, "spectral_energyband_low": {"dmean": 0.0109025863931, "dmean2": 0.0179080162197, "dvar": 0.000547485658899, "dvar2": 0.00144653045572, "max": 0.499659091234, "mean": 0.0447555296123, "median": 6.83962935e-06, "min": 4.10011118132e-23, "var": 0.00666407775134}, "spectral_energyband_middle_high": {"dmean": 0.000406867475249, "dmean2": 0.000630616152193, "dvar": 6.24300923846e-07, "dvar2": 1.29374052449e-06, "max": 0.0260951723903, "mean": 0.0014223913895, "median": 0.000754376873374, "min": 1.68355074467e-21, "var": 3.41890063282e-06}, "spectral_energyband_middle_low": {"dmean": 0.00162588839885, "dmean2": 0.00194380781613, "dvar": 8.53589244798e-06, "dvar2": 1.30262124003e-05, "max": 0.0883348807693, "mean": 0.00908749736845, "median": 0.00282635027543, "min": 2.86090012449e-22, "var": 0.000174073429662}, "spectral_entropy": {"dmean": 0.10213816911, "dmean2": 0.151772648096, "dvar": 0.00865355320275, "dvar2": 0.0180006362498, "max": 9.81044960022, "mean": 6.695561409, "median": 6.77967453003, "min": 4.86707639694, "var": 0.226177766919}, "spectral_flux": {"dmean": 0.0172820724547, "dmean2": 0.0290604252368, "dvar": 0.000799171044491, "dvar2": 0.00211772974581, "max": 0.447560548782, "mean": 0.0546433292329, "median": 0.0243851095438, "min": 1.03074285218e-10, "var": 0.00360128609464}, "spectral_kurtosis": {"dmean": 3.88535952568, "dmean2": 6.93622112274, "dvar": 16.9844856262, "dvar2": 53.3675918579, "max": 81.7162094116, "mean": 8.56178665161, "median": 6.41304302216, "min": -1.20677495003, "var": 63.5401611328}, "spectral_rms": {"dmean": 0.000675638730172, "dmean2": 0.00108865427319, "dvar": 1.16497153613e-06, "dvar2": 3.39917141901e-06, "max": 0.0227461177856, "mean": 0.00509676896036, "median": 0.00222025206313, "min": 3.21539496417e-12, "var": 2.88365354209e-05}, "spectral_rolloff": {"dmean": 208.243118286, "dmean2": 359.673950195, "dvar": 146869.953125, "dvar2": 302833.625, "max": 18712.3535156, "mean": 1545.75280762, "median": 796.728515625, "min": 21.533203125, "var": 4535183.5}, "spectral_skewness": {"dmean": 0.356592148542, "dmean2": 0.630528926849, "dvar": 0.101782619953, "dvar2": 0.31635838747, "max": 7.68692493439, "mean": 1.72323286533, "median": 1.50389134884, "min": -0.0512088425457, "var": 0.650965988636}, "spectral_spread": {"dmean": 208222.84375, "dmean2": 351314.65625, "dvar": 281192562688, "dvar2": 335335817216, "max": 41190268, "mean": 2766715.25, "median": 2646801.75, "min": 1010431.375, "var": 1404523511810.0}, "spectral_strongpeak": {"dmean": 0.295153468847, "dmean2": 0.471386343241, "dvar": 0.132316797972, "dvar2": 0.29164019227, "max": 7.31411647797, "mean": 0.929533302784, "median": 0.735429763794, "min": 0, "var": 0.742039620876}, "zerocrossingrate": {"dmean": 0.00453310227022, "dmean2": 0.0056189079769, "dvar": 3.50946684193e-05, "dvar2": 3.70028501493e-05, "max": 0.51025390625, "mean": 0.0542998127639, "median": 0.03955078125, "min": 0.001953125, "var": 0.003496439429}, "barkbands": {"dmean": [0.00600700825453, 0.00896212086082, 0.00164214603137, 0.000533479615115, 0.00049398955889, 0.000434353307355, 0.000277798972093, 0.000158184455358, 0.000391090550693, 0.000216989865294, 7.60392504162e-05, 1.92532006622e-05, 4.13686429965e-05, 6.49304201943e-05, 0.000115625378385, 0.000103715203295, 0.000100437209767, 7.29673993192e-05, 5.42708185094e-05, 2.45269620791e-05, 8.48175295687e-06, 2.86758768198e-06, 8.25846825592e-07, 2.6496678629e-07, 9.11244484314e-08, 1.01614334724e-08, 2.78005507504e-09], "dmean2": [0.0110436165705, 0.0145462797955, 0.00246449001133, 0.00060464895796, 0.000507703109179, 0.000586638459936, 0.000375881063519, 0.000199086236535, 0.000475237495266, 0.000295719102724, 9.1743968369e-05, 2.85672012978e-05, 6.60093064653e-05, 0.000106798113848, 0.000194292661035, 0.000179640992428, 0.000173503911356, 0.00012580594921, 9.30100650294e-05, 4.27543272963e-05, 1.45534795593e-05, 4.90179581902e-06, 1.40698466566e-06, 4.45511204816e-07, 1.53557380145e-07, 1.70630762852e-08, 4.88141349564e-09], "dvar": [0.000296205689665, 0.000380303245038, 1.39546755236e-05, 1.9029091618e-06, 1.04052105598e-06, 8.53027756875e-07, 3.82359985451e-07, 5.2196270417e-07, 4.12141662309e-06, 5.87872079905e-07, 2.09007396279e-07, 3.07726244486e-09, 1.08335624915e-08, 1.65356688342e-08, 8.80601618292e-08, 4.9616033948e-08, 4.5362138934e-08, 2.25290239797e-08, 1.0152117369e-08, 1.80346126921e-09, 3.65646068978e-10, 2.56351467831e-11, 2.89466107334e-12, 1.48354229292e-13, 3.59529199218e-14, 4.5304388335e-16, 3.67888809044e-17], "dvar2": [0.000963815837167, 0.000955969328061, 3.43353931385e-05, 2.1426146759e-06, 1.08710833047e-06, 1.9950089154e-06, 7.6074354638e-07, 7.02577835909e-07, 6.50392439638e-06, 1.08766357698e-06, 2.87951678501e-07, 6.73796662909e-09, 2.76830629531e-08, 4.38442668838e-08, 2.42655659122e-07, 1.4506952084e-07, 1.34943903163e-07, 6.61868071461e-08, 2.9023645709e-08, 5.33113331258e-09, 1.01257746632e-09, 7.264321783e-11, 8.0312319295e-12, 4.28550695365e-13, 1.06038916254e-13, 1.29060663168e-15, 1.14578477647e-16], "max": [0.238958582282, 0.411705642939, 0.176961749792, 0.0728515014052, 0.0331324450672, 0.0231612287462, 0.0210438724607, 0.0435354039073, 0.080118380487, 0.0261043533683, 0.024014569819, 0.00132134999149, 0.00201382278465, 0.00236458075233, 0.0049809939228, 0.00440485915169, 0.00383251789026, 0.00265111378394, 0.00168730830774, 0.000810441968497, 0.000394662900362, 0.000104528509837, 3.70002198906e-05, 7.58015676183e-06, 7.54051325202e-06, 5.62442323826e-07, 8.9013518334e-08], "mean": [0.00594447180629, 0.0319324061275, 0.0078697251156, 0.00254368945025, 0.00268759764731, 0.00143850955646, 0.000810294295661, 0.000331998890033, 0.00100107933395, 0.000456757115899, 0.000182905656402, 3.05437024508e-05, 6.23962114332e-05, 9.61965051829e-05, 0.000177348963916, 0.000152128559421, 0.000154947701958, 0.000127222578158, 0.000108157597424, 4.81316637888e-05, 1.65970232047e-05, 7.15140004104e-06, 2.46797776526e-06, 9.31512090574e-07, 3.51972744284e-07, 4.92256511109e-08, 5.45989919942e-09], "median": [9.60841646247e-08, 3.34782384925e-06, 2.18168270294e-06, 2.68276494353e-06, 1.75307868631e-05, 2.63123911282e-05, 0.000147216152982, 8.44551250339e-05, 9.25456988625e-05, 8.59758220031e-05, 4.78293077322e-06, 5.3404596656e-06, 1.36261278385e-05, 4.02887781092e-05, 3.49799302057e-05, 6.07042602496e-05, 8.09670891613e-05, 5.84883346164e-05, 5.71180280531e-05, 2.62951180048e-05, 8.14093073132e-06, 4.15249633079e-06, 1.32976788336e-06, 6.26732116871e-07, 2.08056491147e-07, 1.78050427735e-08, 1.03802233475e-09], "min": [3.36995604249e-23, 1.95188737303e-23, 8.61367714261e-24, 1.37079521336e-24, 2.55791950827e-23, 6.01932614446e-23, 5.44321786994e-23, 2.95047042089e-23, 5.80742674573e-23, 4.6285063084e-23, 8.4734837802e-23, 4.0388267864e-23, 1.17304904027e-22, 6.57669487042e-23, 5.03685447619e-23, 1.49665101697e-22, 1.48045538705e-22, 2.48684904139e-22, 2.3864337377e-22, 2.90058121642e-22, 4.24046941565e-22, 3.55721641215e-22, 5.97567613555e-22, 7.75404175112e-22, 1.0690805556e-21, 1.53133153856e-21, 2.21500671517e-21], "var": [0.000264087691903, 0.00391048518941, 0.000384257000405, 5.11657017341e-05, 2.65898597718e-05, 7.53651420382e-06, 3.12944666803e-06, 1.42749502174e-06, 2.08299134101e-05, 1.77404899659e-06, 1.08081655981e-06, 6.40532471508e-09, 1.81542816335e-08, 2.70672622094e-08, 1.48088162177e-07, 8.19627246074e-08, 6.59942358539e-08, 4.34466294053e-08, 2.44621922718e-08, 4.54721948984e-09, 6.90144719151e-10, 8.21644419169e-11, 1.1492654918e-11, 1.07247349022e-12, 1.96129991046e-13, 7.52255212061e-15, 1.08929482573e-16]}, "erbbands": {"dmean": [0.392068594694, 1.61219000816, 2.12692117691, 1.74121952057, 1.26488232613, 1.50014019012, 2.83180260658, 4.64739513397, 4.60827064514, 2.33563804626, 4.04541397095, 10.0280828476, 8.49960422516, 4.27787542343, 0.911250710487, 0.721775114536, 1.81899416447, 2.14556741714, 4.47347784042, 5.70297288895, 4.87969589233, 5.32538080215, 4.22219133377, 3.50268268585, 1.71716356277, 1.145378232, 0.39930716157, 0.296373456717, 0.134623631835, 0.0491659790277, 0.0183773841709, 0.00711612775922, 0.0035223341547, 0.00183186831418, 0.000434223737102, 8.43271191115e-05, 1.54050867422e-05, 2.81760321741e-06, 5.92591322857e-06, 1.45764115587e-05], "dmean2": [0.646100282669, 2.57040381432, 3.3667178154, 2.02939748764, 1.46439146996, 1.60609591007, 3.02152514458, 6.19070243835, 6.17530822754, 3.00972175598, 5.09941196442, 12.282292366, 11.3519163132, 5.48071908951, 1.17026114464, 1.05739891529, 2.91369271278, 3.48566174507, 7.38218021393, 9.75116539001, 8.5168056488, 9.17818260193, 7.24928188324, 5.97820520401, 2.94911932945, 2.00704050064, 0.685643017292, 0.50927311182, 0.23197799921, 0.0827195569873, 0.0310025569052, 0.0119345802814, 0.00602856185287, 0.00310031324625, 0.000736621266697, 0.000141628450365, 2.60334927589e-05, 4.84245401822e-06, 9.75615512289e-06, 2.41480120167e-05], "dvar": [0.902518987656, 11.470744133, 25.5109844208, 21.8488903046, 8.60985469818, 9.72640991211, 37.3903312683, 107.311553955, 109.73249054, 40.4036331177, 312.071777344, 3248.08764648, 934.926818848, 332.713134766, 16.8874855042, 4.45472717285, 19.1931819916, 23.7078399658, 58.0933876038, 142.902069092, 76.186088562, 160.331863403, 90.0822525024, 52.5653457642, 11.1462917328, 3.97688293457, 0.651068329811, 0.490419685841, 0.0583314448595, 0.00743522401899, 0.00101474788971, 0.000113498761493, 3.15632023558e-05, 1.39037019835e-05, 7.75311150392e-07, 3.15750341429e-08, 1.03121322592e-09, 3.61025653817e-11, 1.46714571048e-10, 9.03503494243e-10], "dvar2": [2.35370254517, 29.4732456207, 65.4554443359, 24.4571247101, 12.3088932037, 10.7954692841, 38.2622184753, 230.177261353, 221.464508057, 68.8622665405, 433.498687744, 5274.38476562, 1662.63903809, 491.760986328, 23.943151474, 9.81082344055, 49.5114250183, 65.6511611938, 152.359008789, 404.608612061, 218.614486694, 474.050262451, 267.824707031, 146.461334229, 32.4942321777, 11.7912864685, 1.83678102493, 1.36339318752, 0.166038453579, 0.0215237382799, 0.00281421281397, 0.000311115320073, 9.34017880354e-05, 4.11800974689e-05, 2.24200903176e-06, 8.94673846119e-08, 3.00718716595e-09, 1.07102555991e-10, 4.12774758818e-10, 2.55320720122e-09], "max": [14.0532016754, 92.4197540283, 282.283081055, 265.005218506, 93.2151947021, 105.095756531, 263.430358887, 298.783050537, 380.91229248, 275.698669434, 833.415466309, 2282.70288086, 1042.61767578, 887.41973877, 216.381835938, 49.7198829651, 83.4188766479, 89.7906646729, 112.165504456, 199.961090088, 173.841491699, 261.617584229, 178.959732056, 130.878082275, 60.5479240417, 35.0746955872, 17.4511089325, 14.9391384125, 4.26515388489, 1.64095926285, 0.575242102146, 0.202860429883, 0.107659943402, 0.128968894482, 0.0281047318131, 0.00419775489718, 0.0009131518309, 0.000154125809786, 0.000234830513364, 0.000574013916776], "mean": [0.867186307907, 7.23143863678, 11.0173377991, 9.90337181091, 5.14781856537, 7.86736488342, 14.4204931259, 14.9664726257, 13.8581829071, 6.89190578461, 9.48700332642, 25.7681064606, 19.6249847412, 10.4474592209, 2.17049980164, 1.24909090996, 2.88001155853, 3.69057512283, 7.83258247375, 9.0985622406, 7.91883230209, 8.87314891815, 7.76336288452, 6.93528318405, 3.67626190186, 2.21581530571, 0.868432581425, 0.612374305725, 0.314204692841, 0.141703441739, 0.0609053373337, 0.0255641099066, 0.0121776042506, 0.00613024551421, 0.00180245155934, 0.000392636313336, 9.10528469831e-05, 1.43091065183e-05, 2.60636679741e-05, 6.13219672232e-05], "median": [6.93187539582e-05, 0.000828919990454, 0.00264853052795, 0.00613735057414, 0.0236916020513, 0.0592151209712, 0.099849127233, 0.49381172657, 2.64210367203, 1.94808793068, 1.76275658607, 2.73451590538, 3.86651611328, 1.46301329136, 0.305681377649, 0.298648267984, 0.700134277344, 1.62521696091, 3.67332744598, 3.39344453812, 4.01009845734, 4.60297298431, 3.7964258194, 3.40692043304, 1.96917510033, 1.21367788315, 0.462942153215, 0.288434028625, 0.179961681366, 0.0789321064949, 0.0387719012797, 0.0163718797266, 0.00809284579009, 0.00379387941211, 0.000947393884417, 0.000184727978194, 3.11615513056e-05, 4.07249990531e-06, 2.85028772851e-06, 5.99598342887e-06], "min": [7.36420259519e-22, 3.94874214007e-21, 9.86443253508e-21, 1.64607924078e-20, 2.29108721747e-20, 1.24831907117e-19, 1.67529807114e-19, 6.17081286458e-19, 7.92949759155e-19, 9.1511022186e-19, 7.09899378089e-19, 1.25489295984e-18, 1.2822987977e-18, 2.50456206731e-18, 4.81084149717e-18, 2.47199865493e-18, 5.81154144118e-18, 2.76258430899e-18, 5.5872679617e-18, 4.5550503684e-18, 7.95509190387e-18, 9.1717910397e-18, 1.36898242485e-17, 1.33515247488e-17, 1.24227547765e-17, 1.34044477644e-17, 1.28446590751e-17, 1.68671953805e-17, 1.50091028793e-17, 1.30195374643e-17, 1.60034682741e-17, 1.57527150889e-17, 1.27509105603e-17, 9.1950265431e-18, 7.5875846567e-18, 4.80151420858e-18, 3.04809169447e-18, 1.43118882642e-18, 3.24848147114e-19, 3.41846185252e-20], "var": [3.32101082802, 222.836898804, 858.000427246, 714.96875, 107.443161011, 253.900527954, 1017.2244873, 977.65625, 814.877746582, 238.682815552, 1068.61730957, 15800.2021484, 3240.2121582, 1677.59216309, 86.9668121338, 9.44475746155, 32.7030067444, 42.3839569092, 137.744400024, 257.857574463, 144.43397522, 234.026412964, 166.283966064, 128.781341553, 28.7987957001, 9.00999450684, 1.56349241734, 0.988908171654, 0.16330203414, 0.0341575480998, 0.0053542945534, 0.000819471024442, 0.000196710345335, 5.7283356e-05, 6.10851748206e-06, 3.80694899604e-07, 2.27357066507e-08, 6.00126226491e-10, 1.72460534742e-09, 9.89615323022e-09]}, "gfcc": {"mean": [-154.933944702, 109.546508789, -162.188842773, 38.3009262085, -50.5162849426, -14.8946638107, -26.1449794769, 14.0440454483, 5.05104398727, -2.8543908596, -7.8918337822, -13.1436862946, 1.22193312645], "cov": [[19881.1289062, 5573.81152344, 384.847595215, 1129.09899902, 1171.23840332, -495.737579346, 141.905380249, -686.135437012, -11.0323429108, -492.359405518, 360.604187012, -65.6438140869, 394.519287109], [5573.81152344, 4575.78417969, 3091.31567383, 830.406799316, 1775.27868652, -214.183303833, 190.49369812, -880.429748535, -117.538215637, -289.919219971, 436.085479736, 179.803833008, 254.017944336], [384.847595215, 3091.31567383, 3796.57983398, 974.521911621, 1876.20959473, 109.450485229, 230.455810547, -737.120605469, -172.009262085, -103.006599426, 368.077972412, 276.818786621, 119.72278595], [1129.09899902, 830.406799316, 974.521911621, 644.773986816, 727.835021973, 110.891815186, 23.991481781, -190.142700195, -20.5673923492, 60.4896774292, 144.234405518, 106.795127869, 10.545463562], [1171.23840332, 1775.27868652, 1876.20959473, 727.835021973, 1282.16552734, 135.036972046, 111.547592163, -432.256530762, -67.4210128784, -23.0018539429, 235.223052979, 148.209899902, 65.9676589966], [-495.737579346, -214.183303833, 109.450485229, 110.891815186, 135.036972046, 193.043365479, 66.6781997681, 27.510591507, -42.7457389832, 4.40748596191, -29.6622695923, 25.9538288116, -0.739567160606], [141.905380249, 190.49369812, 230.455810547, 23.991481781, 111.547592163, 66.6781997681, 133.191253662, -4.03680324554, -45.4209327698, -77.3685836792, -28.4461650848, 1.63692545891, 28.9354343414], [-686.135437012, -880.429748535, -737.120605469, -190.142700195, -432.256530762, 27.510591507, -4.03680324554, 264.132904053, 64.9301300049, 45.5762481689, -111.933860779, -61.4831466675, -49.625579834], [-11.0323429108, -117.538215637, -172.009262085, -20.5673923492, -67.4210128784, -42.7457389832, -45.4209327698, 64.9301300049, 128.789459229, 101.488800049, 23.5402107239, -34.9102706909, -42.8568954468], [-492.359405518, -289.919219971, -103.006599426, 60.4896774292, -23.0018539429, 4.40748596191, -77.3685836792, 45.5762481689, 101.488800049, 189.53326416, 70.7502212524, 1.10398793221, -70.2356872559], [360.604187012, 436.085479736, 368.077972412, 144.234405518, 235.223052979, -29.6622695923, -28.4461650848, -111.933860779, 23.5402107239, 70.7502212524, 159.473251343, 68.4280395508, -0.522994101048], [-65.6438140869, 179.803833008, 276.818786621, 106.795127869, 148.209899902, 25.9538288116, 1.63692545891, -61.4831466675, -34.9102706909, 1.10398793221, 68.4280395508, 103.947013855, 41.424156189], [394.519287109, 254.017944336, 119.72278595, 10.545463562, 65.9676589966, -0.739567160606, 28.9354343414, -49.625579834, -42.8568954468, -70.2356872559, -0.522994101048, 41.424156189, 92.5386199951]], "icov": [[0.000298573984765, -0.000740515475627, 0.000663939164951, -0.00114009913523, 0.000554430996999, -0.000135363166919, -0.000491106591653, 0.000205371557968, -7.10700114723e-05, 0.000260499276919, -0.000220423593419, 0.000412680354202, -0.000123051504488], [-0.000740515475627, 0.00401882594451, -0.0021735553164, 0.00151626800653, -0.00151332223322, 0.0023246393539, -0.000522554095369, 0.00254885829054, -0.00284180557355, 0.00337741500698, -0.00322385667823, 0.00193008978385, -0.00224260729738], [0.000663939164951, -0.0021735553164, 0.00300216302276, -0.00202726153657, -0.000363027415005, 0.000542631780263, -0.00279069668613, 0.00129469309468, 0.000793551909737, -0.00128158193547, 0.00173193286173, -0.00205351808108, 0.00163664738648], [-0.00114009913523, 0.00151626800653, -0.00202726153657, 0.0114980088547, -0.00752068310976, 0.000401186494855, 0.00506950775161, -0.00683274492621, 0.00535554811358, -0.00618616491556, 0.00405550654978, -0.00491046253592, 0.00213214778341], [0.000554430996999, -0.00151332223322, -0.000363027415005, -0.00752068310976, 0.0110922874883, -0.00630546361208, -0.00280565791763, 0.00880325492471, -0.00700950855389, 0.00445388210937, -0.00340226199478, 0.0026312249247, -0.000305352878058], [-0.000135363166919, 0.0023246393539, 0.000542631780263, 0.000401186494855, -0.00630546361208, 0.0167042631656, -0.00718561233953, -0.00257968134247, 0.00629340671003, -0.0054298476316, 0.0043595447205, -0.00287484726869, -0.000954916875344], [-0.000491106591653, -0.000522554095369, -0.00279069668613, 0.00506950775161, -0.00280565791763, -0.00718561233953, 0.0222987253219, -0.0129870325327, 0.00449638674036, 0.00473093893379, -0.00263190711848, 0.00448112795129, -0.00178116420284], [0.000205371557968, 0.00254885829054, 0.00129469309468, -0.00683274492621, 0.00880325492471, -0.00257968134247, -0.0129870325327, 0.0306779891253, -0.0182259269059, 0.00523921009153, 0.00354042160325, -0.00386083428748, 0.00273170368746], [-7.10700114723e-05, -0.00284180557355, 0.000793551909737, 0.00535554811358, -0.00700950855389, 0.00629340671003, 0.00449638674036, -0.0182259269059, 0.0314862914383, -0.0190177373588, 0.00264665251598, 0.00445865746588, -0.00149913469795], [0.000260499276919, 0.00337741500698, -0.00128158193547, -0.00618616491556, 0.00445388210937, -0.0054298476316, 0.00473093893379, 0.00523921009153, -0.0190177373588, 0.0315195024014, -0.0183384753764, 0.00661706272513, 0.00214298954234], [-0.000220423593419, -0.00322385667823, 0.00173193286173, 0.00405550654978, -0.00340226199478, 0.0043595447205, -0.00263190711848, 0.00354042160325, 0.00264665251598, -0.0183384753764, 0.032901134342, -0.0218149982393, 0.00952641107142], [0.000412680354202, 0.00193008978385, -0.00205351808108, -0.00491046253592, 0.0026312249247, -0.00287484726869, 0.00448112795129, -0.00386083428748, 0.00445865746588, 0.00661706272513, -0.0218149982393, 0.0345072820783, -0.0176944416016], [-0.000123051504488, -0.00224260729738, 0.00163664738648, 0.00213214778341, -0.000305352878058, -0.000954916875344, -0.00178116420284, 0.00273170368746, -0.00149913469795, 0.00214298954234, 0.00952641107142, -0.0176944416016, 0.026265187189]]}, "melbands": {"dmean": [0.00292923720554, 0.00138861360028, 0.000269919401035, 8.27525582281e-05, 0.000101861129224, 9.89121763268e-05, 6.30919021205e-05, 2.81989778159e-05, 3.40190708812e-05, 6.70649023959e-05, 4.13790658058e-05, 1.75023997144e-05, 5.34889477422e-06, 1.38925611282e-06, 2.52461200034e-06, 5.40884684597e-06, 4.53357870356e-06, 6.69221662974e-06, 1.10900973596e-05, 9.151291124e-06, 5.21964966538e-06, 6.83621192366e-06, 3.95001461584e-06, 3.00201372738e-06, 3.194166311e-06, 1.89454658539e-06, 8.77231059349e-07, 8.87508917913e-07, 2.88970596785e-07, 3.02453827317e-07, 1.30708656343e-07, 9.48558565028e-08, 4.40126335377e-08, 2.9690427894e-08, 1.42017055893e-08, 8.415995012e-09, 4.76378936298e-09, 2.81382139811e-09, 2.38437403155e-09, 1.72108127749e-09], "dmean2": [0.00483964988962, 0.00218103546649, 0.000320745661156, 9.27288419916e-05, 0.000106757550384, 0.000132535555167, 8.46369803185e-05, 3.54699441232e-05, 4.29636820627e-05, 8.19550259621e-05, 5.55851038371e-05, 2.2700518457e-05, 6.58009321342e-06, 2.04700495487e-06, 3.79644529858e-06, 8.65714173415e-06, 7.44034241507e-06, 1.10105256681e-05, 1.86880242836e-05, 1.58660823217e-05, 9.05620436242e-06, 1.18170009955e-05, 6.78244305163e-06, 5.14340081281e-06, 5.45314424016e-06, 3.24994471157e-06, 1.5239743334e-06, 1.55726934281e-06, 5.0257580142e-07, 5.19305729085e-07, 2.25902155648e-07, 1.62940878567e-07, 7.53703019996e-08, 5.03436901056e-08, 2.41551294522e-08, 1.44234961752e-08, 8.04997046799e-09, 4.82261386381e-09, 4.08912503858e-09, 2.94313329263e-09], "dvar": [4.44515462732e-05, 9.51688434725e-06, 4.47197294307e-07, 3.48364537217e-08, 4.92628764448e-08, 4.48856489754e-08, 1.95502813938e-08, 9.46884703978e-09, 2.36403323584e-08, 1.48526325461e-07, 2.19683986558e-08, 4.76707517905e-09, 9.19956499867e-10, 1.35058500841e-11, 7.72573741092e-11, 2.07627443016e-10, 1.21194096425e-10, 1.24714322203e-10, 1.05420638885e-09, 4.1713049681e-10, 1.04897340814e-10, 2.61087290676e-10, 6.59857724017e-11, 3.1580585369e-11, 4.5753751482e-11, 1.72523766107e-11, 2.85657868887e-12, 2.57377040687e-12, 2.50540446679e-13, 5.62691603381e-13, 1.14838273981e-13, 2.92805601813e-14, 6.91548403083e-15, 3.5136904474e-15, 5.86188251175e-16, 2.4810926455e-16, 5.23724871888e-17, 2.11470956987e-17, 1.99805344613e-17, 1.15330773599e-17], "dvar2": [0.000116027818876, 2.46751023951e-05, 5.42354484878e-07, 4.42637819731e-08, 4.82045479089e-08, 9.98905349547e-08, 3.90170846742e-08, 1.35596076589e-08, 3.27034364034e-08, 2.39052980078e-07, 3.9542634056e-08, 7.17255232985e-09, 1.28376531627e-09, 2.81266052116e-11, 1.80628303981e-10, 5.3155402302e-10, 3.3701808011e-10, 3.25654059274e-10, 2.92801471957e-09, 1.23095955651e-09, 3.0508004456e-10, 7.75074893156e-10, 1.96230143246e-10, 9.1181728834e-11, 1.27709620656e-10, 4.97053787019e-11, 8.42462991729e-12, 7.58670383461e-12, 7.43158139194e-13, 1.55200190807e-12, 3.22332004837e-13, 8.51204279588e-14, 1.92314527747e-14, 1.0210644213e-14, 1.64727081818e-15, 6.90744251178e-16, 1.50196266019e-16, 6.2519488602e-17, 6.07373842205e-17, 3.36446284297e-17], "max": [0.123351529241, 0.147589579225, 0.0359885171056, 0.00675400393084, 0.00923527963459, 0.00582451885566, 0.00488361157477, 0.00553644355386, 0.00583005463704, 0.0155565552413, 0.00516610080376, 0.00326232449152, 0.00160652154591, 8.47851260914e-05, 0.000232744932873, 0.000278326275293, 0.000203878895263, 0.000216047032154, 0.000526975782122, 0.000405868486268, 0.000177697555046, 0.000328916765284, 0.000146049715113, 9.15268901736e-05, 0.000118209078209, 7.06938080839e-05, 4.07325205742e-05, 2.77888830169e-05, 9.36162723519e-06, 1.78920945473e-05, 7.38348035156e-06, 3.61809657079e-06, 1.53214136844e-06, 1.21225150451e-06, 3.80537272804e-07, 2.93420953312e-07, 1.2214766798e-07, 9.51922061176e-08, 8.91294078542e-08, 1.08730425552e-07], "mean": [0.00878694280982, 0.00740877585486, 0.00153684685938, 0.000389446882764, 0.000539620581549, 0.000316357967677, 0.000193754618522, 7.19065938029e-05, 7.80773698352e-05, 0.000171599851456, 9.31227987166e-05, 4.1227111069e-05, 1.28526899061e-05, 2.28403496294e-06, 4.09038693761e-06, 7.87515728007e-06, 6.95323660693e-06, 1.10434848466e-05, 1.58457260113e-05, 1.28975907501e-05, 7.69004873291e-06, 1.01480927697e-05, 6.80628909322e-06, 5.64082029086e-06, 5.73619399802e-06, 3.42291014022e-06, 1.69005352291e-06, 1.48284732404e-06, 5.57962209768e-07, 5.26618009644e-07, 2.61673420709e-07, 1.9863884404e-07, 9.34629298399e-08, 7.23405051417e-08, 3.83039377994e-08, 2.24154454997e-08, 1.33777069422e-08, 8.67862937071e-09, 6.6985377245e-09, 4.70131222841e-09], "median": [7.79223455538e-07, 1.25870906231e-06, 1.49529159899e-06, 2.98143459077e-06, 3.07235632135e-06, 1.4438935068e-05, 3.73959046556e-05, 1.65417768585e-05, 1.02736285044e-05, 1.66889112734e-05, 1.80522220035e-05, 6.44660531179e-06, 6.14526925347e-07, 3.53440270828e-07, 7.31797626941e-07, 1.510351467e-06, 2.87275133815e-06, 5.11516918777e-06, 2.14678516386e-06, 4.82845644001e-06, 3.53527275365e-06, 5.20762432643e-06, 3.29773661178e-06, 2.64310892817e-06, 2.65482390205e-06, 1.60832632901e-06, 8.93004653335e-07, 7.15953774488e-07, 2.7890189358e-07, 2.45954993261e-07, 1.09507524826e-07, 1.15168177217e-07, 4.45929799753e-08, 3.67577612792e-08, 2.45004390109e-08, 1.20404948234e-08, 8.24748092043e-09, 5.43302380862e-09, 4.20136014867e-09, 2.75577827225e-09], "min": [7.46154342395e-24, 5.35008621365e-24, 3.15293385991e-24, 5.22610015631e-24, 5.41753145446e-24, 1.29437401734e-23, 1.29500226616e-23, 9.12302411873e-24, 6.41622857161e-24, 8.09399687749e-24, 6.20969374257e-24, 9.73734797095e-24, 1.37976032172e-23, 5.66345095305e-24, 1.038731177e-23, 1.00858406865e-23, 4.37511290493e-24, 7.28845156413e-24, 4.46627722101e-24, 9.9717303788e-24, 8.00110377274e-24, 8.48151611971e-24, 8.27641859524e-24, 1.48045746964e-23, 1.05741542643e-23, 7.81017340126e-24, 9.74729314038e-24, 8.55424909517e-24, 6.91852392009e-24, 1.03543973376e-23, 8.87199911235e-24, 8.89822400429e-24, 5.23163046569e-24, 8.24873588836e-24, 8.31990218606e-24, 1.08626414862e-23, 8.89813880731e-24, 8.88392432266e-24, 7.58160332056e-24, 7.58354391839e-24], "var": [0.000292405486107, 0.000278685678495, 1.40169277074e-05, 5.37284336133e-07, 1.39753478834e-06, 3.90335202383e-07, 1.58087388513e-07, 3.5545276944e-08, 9.20223044432e-08, 7.33955971555e-07, 7.30543519012e-08, 2.35447181751e-08, 4.75293315816e-09, 3.13327037926e-11, 1.49966039587e-10, 3.3523350762e-10, 1.90967713865e-10, 2.52253967714e-10, 1.55883161934e-09, 6.0369681476e-10, 1.67597768996e-10, 3.49948153788e-10, 1.15522084954e-10, 7.35898633697e-11, 1.0502571729e-10, 3.81494037749e-11, 5.82384357753e-12, 4.81836619215e-12, 6.30242765528e-13, 9.14714376292e-13, 2.46938293381e-13, 7.02137119605e-14, 1.67653773351e-14, 1.11304067972e-14, 2.12288691197e-15, 8.60065184423e-16, 2.4101621065e-16, 1.07299076499e-16, 7.31357958987e-17, 3.55386304957e-17]}, "mfcc": {"mean": [-774.868896484, 123.596809387, -39.2173461914, 42.4451065063, -4.86155080795, -14.6193761826, -14.2998256683, 5.21157407761, 9.68643379211, 14.0186004639, 7.83288574219, -1.44680964947, -5.40532302856], "cov": [[9968.28222656, 4151.12597656, 422.902069092, 1622.21862793, 793.430969238, 621.63482666, 151.286911011, 107.436553955, -153.79586792, -57.6611366272, -266.256835938, -259.833862305, 24.1120452881], [4151.12597656, 4307.87304688, 1673.29919434, 1479.5645752, 1422.50952148, 936.893920898, 409.294555664, -36.4175720215, -334.824676514, -238.565475464, -317.241851807, -195.54119873, 193.691055298], [422.902069092, 1673.29919434, 1379.16552734, 767.265808105, 904.961486816, 641.615112305, 347.17010498, 19.7986831665, -154.219970703, -141.947525024, -151.623809814, -58.6539077759, 145.273483276], [1622.21862793, 1479.5645752, 767.265808105, 857.775939941, 804.775268555, 549.298950195, 237.698944092, 10.9721517563, -133.979827881, -72.9805526733, -77.6198348999, -13.4508371353, 144.384124756], [793.430969238, 1422.50952148, 904.961486816, 804.775268555, 1014.84613037, 691.514343262, 319.038787842, 0.75835198164, -152.707214355, -86.9471054077, -84.4675369263, -3.95725703239, 190.701751709], [621.63482666, 936.893920898, 641.615112305, 549.298950195, 691.514343262, 567.923950195, 283.709197998, 35.5924911499, -90.1990585327, -64.1952362061, -81.2066421509, -22.9566669464, 123.964355469], [151.286911011, 409.294555664, 347.17010498, 237.698944092, 319.038787842, 283.709197998, 222.438354492, 76.7605514526, -20.8314685822, -41.5688209534, -75.9233474731, -45.7075614929, 39.8259735107], [107.436553955, -36.4175720215, 19.7986831665, 10.9721517563, 0.75835198164, 35.5924911499, 76.7605514526, 131.895401001, 69.6736679077, -4.28990316391, -57.4010772705, -66.4197158813, -31.6683673859], [-153.79586792, -334.824676514, -154.219970703, -133.979827881, -152.707214355, -90.1990585327, -20.8314685822, 69.6736679077, 132.868270874, 56.5415344238, -7.22020959854, -35.0940513611, -54.9737510681], [-57.6611366272, -238.565475464, -141.947525024, -72.9805526733, -86.9471054077, -64.1952362061, -41.5688209534, -4.28990316391, 56.5415344238, 98.9539337158, 68.464553833, 23.9770393372, -24.6286144257], [-266.256835938, -317.241851807, -151.623809814, -77.6198348999, -84.4675369263, -81.2066421509, -75.9233474731, -57.4010772705, -7.22020959854, 68.464553833, 163.452453613, 120.42199707, 13.9898862839], [-259.833862305, -195.54119873, -58.6539077759, -13.4508371353, -3.95725703239, -22.9566669464, -45.7075614929, -66.4197158813, -35.0940513611, 23.9770393372, 120.42199707, 167.699462891, 72.8272399902], [24.1120452881, 193.691055298, 145.273483276, 144.384124756, 190.701751709, 123.964355469, 39.8259735107, -31.6683673859, -54.9737510681, -24.6286144257, 13.9898862839, 72.8272399902, 137.285385132]], "icov": [[0.000496311171446, -0.00059509469429, 0.000763523974456, -0.00139168091118, 0.00130691449158, -0.000944419123698, 0.00053979101358, -0.000600121973548, 3.96398281737e-05, -0.000434168468928, 0.000147782397107, -3.39209291269e-05, 9.13732292247e-05], [-0.00059509469429, 0.00155410694424, -0.00129743502475, 0.000529326382093, -0.00161858927459, 0.00138250971213, -0.000355545285856, 0.00108074548189, 0.000821481633466, 0.000268449977739, 0.00062085443642, 0.000620266422629, 6.53652314213e-05], [0.000763523974456, -0.00129743502475, 0.00346689950675, -0.00224483991042, 0.000867082271725, -0.0011568168411, -0.000936368538532, 6.74364218867e-06, -0.000788317760453, 0.000835432612803, 2.32335733017e-05, -0.00017389417917, 0.000426085898653], [-0.00139168091118, 0.000529326382093, -0.00224483991042, 0.0106261996552, -0.00704768439755, 0.00119498104323, 0.000941682956181, -0.00153428746853, 0.00115867005661, -0.000101138866739, -0.0004101881932, -0.00124296103604, -7.18503870303e-05], [0.00130691449158, -0.00161858927459, 0.000867082271725, -0.00704768439755, 0.0138515708968, -0.0101499510929, 0.00153423682787, 0.00014404518879, 0.00038311528624, -0.00155645469204, -0.000696694245562, 0.00124369957484, -0.00265377457254], [-0.000944419123698, 0.00138250971213, -0.0011568168411, 0.00119498104323, -0.0101499510929, 0.0188590046018, -0.0117845470086, 0.00356925395317, -0.000958212243859, 0.000833417230751, -0.000339502497809, 0.00079779495718, -0.00112800661009], [0.00053979101358, -0.000355545285856, -0.000936368538532, 0.000941682956181, 0.00153423682787, -0.0117845470086, 0.022822253406, -0.0123083926737, 0.00504374830052, -0.00310109648854, 0.00387422461063, -0.00204417202622, 0.00161024008412], [-0.000600121973548, 0.00108074548189, 6.74364218867e-06, -0.00153428746853, 0.00014404518879, 0.00356925395317, -0.0123083926737, 0.0230655241758, -0.013201422058, 0.00735383015126, -0.00237788166851, 0.00459622079507, -0.000507577846292], [3.96398281737e-05, 0.000821481633466, -0.000788317760453, 0.00115867005661, 0.00038311528624, -0.000958212243859, 0.00504374830052, -0.013201422058, 0.0246377792209, -0.0157454777509, 0.00817948859185, -0.00235858000815, 0.00173305405769], [-0.000434168468928, 0.000268449977739, 0.000835432612803, -0.000101138866739, -0.00155645469204, 0.000833417230751, -0.00310109648854, 0.00735383015126, -0.0157454777509, 0.0281587038189, -0.0154689764604, 0.00577613478526, 0.000184088436072], [0.000147782397107, 0.00062085443642, 2.32335733017e-05, -0.0004101881932, -0.000696694245562, -0.000339502497809, 0.00387422461063, -0.00237788166851, 0.00817948859185, -0.0154689764604, 0.0262784287333, -0.0164154227823, 0.00563728064299], [-3.39209291269e-05, 0.000620266422629, -0.00017389417917, -0.00124296103604, 0.00124369957484, 0.00079779495718, -0.00204417202622, 0.00459622079507, -0.00235858000815, 0.00577613478526, -0.0164154227823, 0.0229356661439, -0.010575029999], [9.13732292247e-05, 6.53652314213e-05, 0.000426085898653, -7.18503870303e-05, -0.00265377457254, -0.00112800661009, 0.00161024008412, -0.000507577846292, 0.00173305405769, 0.000184088436072, 0.00563728064299, -0.010575029999, 0.0166835784912]]}, "spectral_contrast_coeffs": {"dmean": [0.038290604949, 0.0362199693918, 0.0299615878612, 0.0300812404603, 0.0198179334402, 0.0128554459661], "dmean2": [0.0637007132173, 0.0571837760508, 0.0440800487995, 0.0499306172132, 0.0335474461317, 0.0220079012215], "dvar": [0.000984203536063, 0.00084699987201, 0.000583857647143, 0.000538955908269, 0.000225930794841, 0.000104010294308], "dvar2": [0.00278526032344, 0.00216806866229, 0.00127157208044, 0.00147830299102, 0.00066841871012, 0.000299967534374], "max": [-0.39517980814, -0.38454580307, -0.301885157824, -0.527687549591, -0.562305748463, -0.634158372879], "mean": [-0.716994702816, -0.662585616112, -0.622678458691, -0.682392299175, -0.699466884136, -0.727508604527], "median": [-0.729888439178, -0.652340352535, -0.620723605156, -0.674746215343, -0.695097923279, -0.72280216217], "min": [-0.957947134972, -0.979829192162, -0.987187445164, -0.987501561642, -0.989084005356, -0.960008621216], "var": [0.0101510640234, 0.00882050860673, 0.00966043956578, 0.00402198731899, 0.00398620963097, 0.00193553138524]}, "spectral_contrast_valleys": {"dmean": [0.338341236115, 0.294784724712, 0.247140824795, 0.195212110877, 0.12896938622, 0.0916208401322], "dmean2": [0.566846966743, 0.487684041262, 0.406931579113, 0.33026483655, 0.216621786356, 0.15058106184], 