{"lowlevel": {"average_loudness": 0.590347826481, "barkbands_crest": {"dmean": 2.52474403381, "dmean2": 4.11522102356, "dvar": 5.77908229828, "dvar2": 15.5754146576, "max": 26.5730113983, "mean": 11.8175058365, "median": 10.9977674484, "min": 2.75568342209, "var": 22.9401054382}, "barkbands_flatness_db": {"dmean": 0.0221578106284, "dmean2": 0.0335177518427, "dvar": 0.000599465798587, "dvar2": 0.00130303751212, "max": 0.576578140259, "mean": 0.187885716558, "median": 0.167779549956, "min": 0.0276511311531, "var": 0.00759014254436}, "barkbands_kurtosis": {"dmean": 5.08541440964, "dmean2": 7.96876001358, "dvar": 208.36946106, "dvar2": 482.849853516, "max": 599.382629395, "mean": 11.4375352859, "median": 3.99182415009, "min": -1.90845716, "var": 895.755249023}, "barkbands_skewness": {"dmean": 0.651123344898, "dmean2": 1.00910902023, "dvar": 0.682444453239, "dvar2": 1.60252857208, "max": 21.9559288025, "mean": 2.04187440872, "median": 1.7802990675, "min": -4.96841621399, "var": 3.15188384056}, "barkbands_spread": {"dmean": 4.71779823303, "dmean2": 7.24689245224, "dvar": 58.5194206238, "dvar2": 123.545928955, "max": 117.564788818, "mean": 16.2549381256, "median": 13.0868625641, "min": 0.178570628166, "var": 209.765548706}, "dissonance": {"dmean": 0.0220391470939, "dmean2": 0.0367320738733, "dvar": 0.000552386860363, "dvar2": 0.0014528707834, "max": 0.5, "mean": 0.435068845749, "median": 0.451640188694, "min": 0.12547364831, "var": 0.00304721388966}, "dynamic_complexity": 6.09839725494, "erbbands_crest": {"dmean": 2.649310112, "dmean2": 4.07965612411, "dvar": 7.09428453445, "dvar2": 16.1075820923, "max": 32.5767288208, "mean": 11.2402505875, "median": 9.69571208954, "min": 1.91584575176, "var": 31.4915351868}, "erbbands_flatness_db": {"dmean": 0.0189633853734, "dmean2": 0.0264802034944, "dvar": 0.000492363236845, "dvar2": 0.000929862784687, "max": 0.535454452038, "mean": 0.191408678889, "median": 0.179730281234, "min": 0.0272397175431, "var": 0.0049999114126}, "erbbands_kurtosis": {"dmean": 1.58971524239, "dmean2": 2.37342643738, "dvar": 22.7031612396, "dvar2": 42.354183197, "max": 184.961044312, "mean": 2.22827029228, "median": -0.18468952179, "min": -1.92749297619, "var": 76.1030807495}, "erbbands_skewness": {"dmean": 0.430457413197, "dmean2": 0.614363968372, "dvar": 0.232343554497, "dvar2": 0.425711005926, "max": 10.7637262344, "mean": 0.55554240942, "median": 0.387495428324, "min": -10.2221269608, "var": 1.84134221077}, "erbbands_spread": {"dmean": 7.12632846832, "dmean2": 10.749584198, "dvar": 83.6587295532, "dvar2": 180.206558228, "max": 148.763244629, "mean": 35.0916137695, "median": 34.1543960571, "min": 0.713663876057, "var": 368.863586426}, "hfc": {"dmean": 3.69685292244, "dmean2": 4.87039709091, "dvar": 59.8272361755, "dvar2": 112.186569214, "max": 275.427215576, "mean": 10.9648351669, "median": 5.01570320129, "min": 1.13145218491e-16, "var": 265.792572021}, "melbands_crest": {"dmean": 2.95287799835, "dmean2": 4.69474554062, "dvar": 9.28886032104, "dvar2": 23.0885448456, "max": 39.0330924988, "mean": 15.0797548294, "median": 14.2153635025, "min": 2.13434910774, "var": 30.4420833588}, "melbands_flatness_db": {"dmean": 0.0249848142266, "dmean2": 0.0369592681527, "dvar": 0.000733257562388, "dvar2": 0.00150479038712, "max": 0.665735185146, "mean": 0.273296356201, "median": 0.25497931242, "min": 0.00530168414116, "var": 0.00999608729035}, "melbands_kurtosis": {"dmean": 9.01276779175, "dmean2": 14.1301593781, "dvar": 390.070587158, "dvar2": 951.272155762, "max": 694.745178223, "mean": 21.9082355499, "median": 11.4239959717, "min": -1.89150726795, "var": 1558.59265137}, "melbands_skewness": {"dmean": 0.72922629118, "dmean2": 1.10657227039, "dvar": 0.777831017971, "dvar2": 1.73219358921, "max": 21.3407688141, "mean": 3.0379846096, "median": 2.77049875259, "min": -2.97397041321, "var": 3.71041250229}, "melbands_spread": {"dmean": 5.33822727203, "dmean2": 7.99469804764, "dvar": 117.129188538, "dvar2": 209.08883667, "max": 271.878234863, "mean": 16.4369678497, "median": 11.7289733887, "min": 0.229264631867, "var": 389.770233154}, "pitch_salience": {"dmean": 0.0701462030411, "dmean2": 0.115611299872, "dvar": 0.00414935871959, "dvar2": 0.0110082868487, "max": 0.855100989342, "mean": 0.534176528454, "median": 0.54572725296, "min": 0.0391900651157, "var": 0.0136863486841}, "silence_rate_20dB": {"dmean": 0, "dmean2": 0, "dvar": 0, "dvar2": 0, "max": 1, "mean": 1, "median": 1, "min": 1, "var": 0}, "silence_rate_30dB": {"dmean": 0.00960717350245, "dmean2": 0.0192163977772, "dvar": 0.00951461866498, "dvar2": 0.0248246621341, "max": 1, "mean": 0.99274200201, "median": 1, "min": 0, "var": 0.00720546860248}, "silence_rate_60dB": {"dmean": 0.0373612307012, "dmean2": 0.0747304335237, "dvar": 0.0359683781862, "dvar2": 0.074893578887, "max": 1, "mean": 0.23983348906, "median": 0, "min": 0, "var": 0.182299628854}, "spectral_centroid": {"dmean": 183.081359863, "dmean2": 273.562561035, "dvar": 76581.640625, "dvar2": 131377.46875, "max": 11076.7666016, "mean": 883.518188477, "median": 771.159912109, "min": 113.03351593, "var": 342352.15625}, "spectral_complexity": {"dmean": 1.91140055656, "dmean2": 2.87157034874, "dvar": 5.37959527969, "dvar2": 10.3016386032, "max": 41, "mean": 11.2538156509, "median": 11, "min": 0, "var": 53.276638031}, "spectral_decrease": {"dmean": 1.86035586935e-09, "dmean2": 2.72830247283e-09, "dvar": 1.18955950536e-17, "dvar2": 2.5128737849e-17, "max": 1.29906743273e-28, "mean": -4.80437734041e-09, "median": -2.70181277351e-09, "min": -5.22772012346e-08, "var": 3.54775812578e-17}, "spectral_energy": {"dmean": 0.00726534891874, "dmean2": 0.0105967195705, "dvar": 0.000178324771696, "dvar2": 0.000373669608962, "max": 0.199175104499, "mean": 0.0191273801029, "median": 0.0108258258551, "min": 1.06580541717e-20, "var": 0.000554119702429}, "spectral_energyband_high": {"dmean": 0.000171008417965, "dmean2": 0.000235479485127, "dvar": 4.47818479188e-07, "dvar2": 8.70202654824e-07, "max": 0.0305468756706, "mean": 0.000303994573187, "median": 3.47792520188e-05, "min": 7.44927274937e-21, "var": 1.11429369554e-06}, "spectral_energyband_low": {"dmean": 0.0030125444755, "dmean2": 0.00496237399057, "dvar": 3.68157525372e-05, "dvar2": 9.13992480491e-05, "max": 0.109986454248, "mean": 0.00561355380341, "median": 0.00202108826488, "min": 5.13159635536e-23, "var": 7.03960395185e-05}, "spectral_energyband_middle_high": {"dmean": 0.00100690126419, "dmean2": 0.0013502726797, "dvar": 9.2752470664e-06, "dvar2": 1.69219983945e-05, "max": 0.125708803535, "mean": 0.00281270476989, "median": 0.00110891927034, "min": 1.36892837797e-21, "var": 4.2658935854e-05}, "spectral_energyband_middle_low": {"dmean": 0.00552597315982, "dmean2": 0.0079687051475, "dvar": 0.000125693768496, "dvar2": 0.000261075125309, "max": 0.169490605593, "mean": 0.0115725873038, "median": 0.00495480746031, "min": 3.13682574621e-22, "var": 0.000286871974822}, "spectral_entropy": {"dmean": 0.1991404742, "dmean2": 0.283231467009, "dvar": 0.0616796948016, "dvar2": 0.117460496724, "max": 9.81360149384, "mean": 6.8734498024, "median": 6.99620914459, "min": 3.3463807106, "var": 0.67268717289}, "spectral_flux": {"dmean": 0.018768152222, "dmean2": 0.0299570895731, "dvar": 0.000710404943675, "dvar2": 0.00172077282332, "max": 0.324525892735, "mean": 0.0579186230898, "median": 0.0468572340906, "min": 6.80442507894e-11, "var": 0.00237276684493}, "spectral_kurtosis": {"dmean": 3.71623444557, "dmean2": 5.98668289185, "dvar": 42.4366912842, "dvar2": 96.9662780762, "max": 169.870544434, "mean": 11.5227184296, "median": 7.41226100922, "min": -1.38671994209, "var": 244.686431885}, "spectral_rms": {"dmean": 0.000679802906234, "dmean2": 0.000962965365034, "dvar": 8.83280733888e-07, "dvar2": 1.6861029053e-06, "max": 0.0139397699386, "mean": 0.00361507083289, "median": 0.0032498894725, "min": 3.22460873108e-12, "var": 5.59208456252e-06}, "spectral_rolloff": {"dmean": 374.958496094, "dmean2": 635.928100586, "dvar": 902440.8125, "dvar2": 1893719.375, "max": 19358.3496094, "mean": 1058.08325195, "median": 538.330078125, "min": 21.533203125, "var": 2467129.25}, "spectral_skewness": {"dmean": 0.34194239974, "dmean2": 0.53502702713, "dvar": 0.195303887129, "dvar2": 0.428649902344, "max": 10.4103803635, "mean": 2.37045550346, "median": 2.09692382812, "min": -0.837562501431, "var": 1.5643850565}, "spectral_spread": {"dmean": 669211.625, "dmean2": 934138.125, "dvar": 1114297204740.0, "dvar2": 1935582953470.0, "max": 43008952, "mean": 4153204.5, "median": 3545316.25, "min": 616068.5625, "var": 5296200089600.0}, "spectral_strongpeak": {"dmean": 0.372194766998, "dmean2": 0.603377461433, "dvar": 0.511774480343, "dvar2": 1.18632090092, "max": 12.5097560883, "mean": 0.690447151661, "median": 0.327732086182, "min": 0, "var": 1.23528003693}, "zerocrossingrate": {"dmean": 0.00871864520013, "dmean2": 0.0100028589368, "dvar": 0.000204307725653, "dvar2": 0.000194629334146, "max": 0.513671875, "mean": 0.0450972989202, "median": 0.03564453125, "min": 0.00048828125, "var": 0.0018140648026}, "barkbands": {"dmean": [0.000859229185153, 0.00143079657573, 0.000798314984422, 0.0029227018822, 0.00157903856598, 0.00117955845781, 0.00041818030877, 0.000756477296818, 0.000360377220204, 0.00029990033363, 0.000306231318973, 0.000170831946889, 0.000163195843925, 0.000132504035719, 0.000257796666119, 0.000146784615936, 0.000131360284286, 5.64755791856e-05, 4.8836300266e-05, 2.33988412219e-05, 1.51277990881e-05, 1.93632040464e-05, 4.18704221374e-05, 5.65037771594e-05, 4.1680981667e-05, 1.33507928695e-05, 2.53650114246e-06], "dmean2": [0.00153660716023, 0.00243531749584, 0.00134782295208, 0.00466838525608, 0.0024169231765, 0.00173902360257, 0.000622750725597, 0.00104515359271, 0.000519483990502, 0.000436317670392, 0.000475081411423, 0.000240558903897, 0.000245450093644, 0.000209369914955, 0.000383801670978, 0.000208194251172, 0.000190505277715, 8.69167197379e-05, 7.92170249042e-05, 3.53273753717e-05, 2.10411672015e-05, 2.91280084639e-05, 6.02770196565e-05, 8.22167276056e-05, 6.1669961724e-05, 2.05479645956e-05, 4.28437715527e-06], "dvar": [1.36995513458e-05, 7.41435223972e-06, 4.20562582804e-06, 6.93078691256e-05, 9.23177594814e-06, 1.00146171462e-05, 1.53754740495e-06, 1.29326799652e-05, 4.01418492402e-06, 1.45971534948e-06, 2.77012190963e-06, 2.10500661524e-06, 8.00040197646e-07, 1.84578766493e-07, 3.93280970457e-07, 1.62727232578e-07, 1.49332095134e-07, 4.15875547333e-08, 1.35466171614e-08, 3.64714947132e-09, 3.27735127925e-09, 5.07162623009e-09, 5.01752062121e-08, 1.00303282125e-07, 4.08430516075e-08, 2.85309798009e-09, 1.6508057421e-10], "dvar2": [4.2510102503e-05, 2.45943847403e-05, 1.10357095764e-05, 0.000154949593707, 2.22103462875e-05, 2.33563278016e-05, 3.44712043443e-06, 2.2603526304e-05, 8.07282140158e-06, 3.07796085508e-06, 6.54356108498e-06, 3.86239162253e-06, 1.69191548594e-06, 4.4208854888e-07, 8.24968878987e-07, 3.54302727601e-07, 3.11103292461e-07, 1.01216116377e-07, 3.37679217921e-08, 7.96692845029e-09, 6.89498680373e-09, 1.07065112331e-08, 1.01032753719e-07, 2.19319474581e-07, 8.29572144312e-08, 6.87247014852e-09, 4.48143494536e-10], "max": [0.129562884569, 0.0672907158732, 0.0295368991792, 0.128996789455, 0.0491898655891, 0.103638194501, 0.0363486371934, 0.128783613443, 0.0802941322327, 0.0370490401983, 0.0717493444681, 0.117731429636, 0.0465572141111, 0.0200437195599, 0.0172017905861, 0.0129461390898, 0.0124733773991, 0.0127493562177, 0.00330961076543, 0.00208593322895, 0.00246895151213, 0.0026693076361, 0.00990560371429, 0.0181969292462, 0.00635126885027, 0.00132745504379, 0.000356117350748], "mean": [0.000812964688521, 0.00261395657435, 0.00113432190847, 0.00326085323468, 0.00316572957672, 0.0023162253201, 0.000694304064382, 0.00130748900119, 0.000585134257562, 0.000491561833769, 0.000520092609804, 0.000245187722612, 0.000278137769783, 0.000214498650166, 0.000433167995652, 0.000303195032757, 0.000244399619987, 0.000103144433524, 7.5381314673e-05, 4.04264465033e-05, 2.63738056674e-05, 2.74879330391e-05, 6.40601938358e-05, 8.47091214382e-05, 6.45168402116e-05, 1.75059467438e-05, 2.53199709732e-06], "median": [0.000102455713204, 0.000902987667359, 0.000217998502194, 0.000502254464664, 0.00124042853713, 0.000756295281462, 0.000177562134922, 0.000152577777044, 8.12618018244e-05, 0.000111965397082, 7.60276816436e-05, 2.55108643614e-05, 4.92595936521e-05, 5.26615003764e-05, 0.000122401528643, 7.33304768801e-05, 7.17222428648e-05, 2.53635935223e-05, 2.81704542431e-05, 1.20387221614e-05, 5.47509262105e-06, 3.07577306558e-06, 4.12158988183e-06, 4.93496554554e-06, 1.8858124804e-06, 4.11676097656e-07, 1.89168019915e-07], "min": [6.60743188895e-24, 1.3735797543e-23, 5.59396335136e-24, 7.36707259738e-24, 1.26698555557e-23, 4.27564693223e-23, 3.94165931772e-23, 3.40926182595e-23, 3.02835718242e-23, 5.62524847045e-23, 6.17317295364e-23, 4.79956353817e-23, 8.12337279543e-23, 8.71051060759e-23, 6.23899108995e-23, 7.44611677563e-23, 9.37202538133e-23, 1.70263244431e-22, 2.36677835317e-22, 2.32096434102e-22, 3.12510945783e-22, 4.08043036391e-22, 6.02313198812e-22, 6.94738616336e-22, 9.43329816422e-22, 1.51989752354e-21, 2.18415627106e-21], "var": [1.30037797135e-05, 1.36449534693e-05, 4.71547673442e-06, 8.12316502561e-05, 2.30957957683e-05, 2.17351534957e-05, 2.9768245895e-06, 3.6024786823e-05, 9.55650921242e-06, 3.252445822e-06, 7.67381607147e-06, 3.96889981857e-06, 2.65914536612e-06, 3.53992078317e-07, 8.34661477711e-07, 4.73241897225e-07, 3.72496543832e-07, 1.12310381439e-07, 2.1417964291e-08, 8.45845971043e-09, 6.06818417737e-09, 7.92744359046e-09, 1.02061250118e-07, 1.96610869807e-07, 8.67857608e-08, 4.19811430064e-09, 1.22502535893e-10]}, "erbbands": {"dmean": [0.0430471897125, 0.338595718145, 0.780154824257, 5.46352386475, 6.99594926834, 6.11019659042, 6.65712308884, 11.567399025, 6.72015428543, 11.2334079742, 13.320110321, 9.62338256836, 8.92082214355, 7.16430616379, 12.9258460999, 7.17106199265, 7.11820650101, 7.3618812561, 8.00856971741, 14.5950613022, 8.56966018677, 5.48019599915, 3.61192774773, 3.51011919975, 1.28936946392, 1.18973350525, 0.68484210968, 0.584628462791, 0.698978602886, 0.689769744873, 1.3924189806, 1.24973452091, 0.923939466476, 0.607303440571, 0.222697094083, 0.0852948278189, 0.0174307227135, 0.00382798188366, 0.000427195715019, 2.53453854384e-05], "dmean2": [0.0737426802516, 0.577698051929, 1.3168721199, 8.80051040649, 10.6849279404, 9.63037872314, 9.89468383789, 17.1244049072, 10.0166692734, 15.9026622772, 18.2251358032, 13.6769247055, 12.9950695038, 10.5851106644, 19.7058048248, 9.74333381653, 10.5531206131, 11.5118179321, 11.9765119553, 21.6197013855, 11.8613109589, 7.88770675659, 5.43206787109, 5.70260572433, 1.97328448296, 1.79919075966, 0.965218544006, 0.822942018509, 1.04218757153, 0.998232960701, 2.03820538521, 1.80809211731, 1.37056863308, 0.888813555241, 0.329209297895, 0.128004267812, 0.027730550617, 0.00633536605164, 0.00071886315709, 4.00734352297e-05], "dvar": [0.00791526399553, 0.415019363165, 3.45245909691, 221.03704834, 324.696838379, 166.239730835, 279.779907227, 1156.76367188, 330.376373291, 2383.96826172, 4947.43798828, 2832.33984375, 1189.02929688, 1132.80200195, 6263.72167969, 3957.72192383, 1763.53796387, 600.73236084, 611.72277832, 1284.9119873, 505.97869873, 219.962615967, 142.111404419, 76.9020385742, 9.3180437088, 9.21376800537, 5.33399629593, 5.5833530426, 5.98061513901, 7.4523396492, 64.3666992188, 37.427192688, 36.9694671631, 9.81849765778, 1.09956407547, 0.114234238863, 0.00533913774416, 0.000473242515, 4.36503069068e-06, 8.59910187501e-09], "dvar2": [0.0234849248081, 1.4144743681, 8.86066532135, 501.329620361, 719.639343262, 414.519989014, 596.64630127, 2716.80688477, 778.744995117, 4102.23144531, 8960.44921875, 5726.41894531, 2676.42431641, 2360.24536133, 13441.2246094, 6844.58154297, 3831.34106445, 1348.39733887, 1273.74365234, 2734.24487305, 1057.55371094, 454.143585205, 326.895324707, 190.880844116, 19.760723114, 20.0051651001, 11.0212726593, 11.9386672974, 12.8707876205, 14.2167520523, 138.294387817, 81.5882644653, 83.587890625, 19.8780212402, 2.41802239418, 0.255980551243, 0.0133436843753, 0.00131269916892, 1.16917572086e-05, 2.29445262789e-08], "max": [3.39485859871, 10.0170860291, 25.1444816589, 219.078948975, 268.639190674, 246.749038696, 605.713684082, 1165.77270508, 398.839385986, 2330.6237793, 2992.97412109, 1967.96594238, 1268.78820801, 1376.52026367, 4129.7734375, 6062.44824219, 2374.15234375, 1000.22192383, 1102.3215332, 692.332824707, 621.994995117, 442.75894165, 595.382202148, 286.301513672, 81.6473312378, 116.594856262, 95.2536315918, 95.2318115234, 76.7911224365, 94.7060928345, 333.116668701, 236.517959595, 386.841400146, 119.306556702, 44.3097190857, 9.17718601227, 1.91496944427, 0.771121740341, 0.0448059365153, 0.00234184716828], "mean": [0.0709943473339, 0.606360435486, 1.30883646011, 6.4310798645, 9.53356456757, 11.5421237946, 14.5897006989, 21.8094139099, 11.1503257751, 20.0558719635, 23.3420677185, 16.3906021118, 14.7940168381, 12.9211559296, 22.8351173401, 11.983997345, 12.765625, 12.557346344, 14.6897382736, 24.3551368713, 18.7961750031, 11.1005716324, 7.38651895523, 5.60484313965, 2.49783658981, 2.04132914543, 1.18506848812, 0.997779905796, 1.00976109505, 1.03188180923, 2.06615662575, 1.81299340725, 1.41170251369, 0.940887033939, 0.331238359213, 0.117013312876, 0.0214307252318, 0.00422400375828, 0.000430104177212, 4.38433162344e-05], "median": [0.0266561340541, 0.196224689484, 0.349817872047, 1.12618279457, 2.50660777092, 4.03088521957, 5.18309497833, 7.00199794769, 3.65297102928, 3.53124976158, 2.28341603279, 2.51957654953, 4.00291442871, 2.56311678886, 3.54772496223, 1.76804053783, 2.52835774422, 3.64743423462, 4.60429382324, 5.96425533295, 4.98873662949, 3.45087695122, 2.0988240242, 1.90912973881, 1.02564918995, 0.600301206112, 0.310056775808, 0.160511374474, 0.112738117576, 0.092720977962, 0.131335139275, 0.104875668883, 0.0720277056098, 0.0272323042154, 0.0101427463815, 0.00256390077993, 0.000643660139758, 0.000165432255017, 3.14835742756e-05, 1.76436205948e-05], "min": [6.58309145951e-22, 2.63557999294e-21, 8.02187479592e-21, 3.28539272576e-20, 3.39924250485e-20, 3.64197930184e-20, 1.84411710386e-19, 3.38600231593e-19, 5.3606654518e-19, 6.51246275599e-19, 8.83129868415e-19, 6.37804125356e-19, 1.77000645141e-18, 1.56636264962e-18, 2.52604973808e-18, 2.39783901788e-18, 3.31710944124e-18, 3.95497839687e-18, 3.86488312533e-18, 4.07913944759e-18, 4.95677766392e-18, 7.31769133926e-18, 8.9765565628e-18, 1.21263933338e-17, 1.09400475905e-17, 1.15431251228e-17, 1.28439386008e-17, 1.28887709628e-17, 1.53407344761e-17, 1.79675805145e-17, 1.5351780646e-17, 1.3466713785e-17, 1.28927083425e-17, 8.70015250675e-18, 6.76808772486e-18, 6.02075816556e-18, 3.00697730251e-18, 1.21352420984e-18, 2.89140543678e-19, 3.06862293766e-20], "var": [0.0119999432936, 0.752753376961, 4.75962591171, 266.386505127, 439.597229004, 398.068328857, 888.32598877, 2153.74633789, 539.853027344, 7313.77539062, 13079.1025391, 6760.33886719, 2231.68481445, 3157.45532227, 18998.7910156, 8238.60351562, 5767.625, 1305.8046875, 1350.84619141, 2711.84570312, 1559.31201172, 648.670227051, 440.074981689, 143.124832153, 22.8300056458, 22.5636882782, 10.2104978561, 9.30570602417, 9.7028503418, 15.0480041504, 119.273574829, 73.364074707, 68.6283416748, 21.0604972839, 2.10261678696, 0.20387519896, 0.00679839821532, 0.000358862016583, 3.36237599186e-06, 8.64153015812e-09]}, "gfcc": {"mean": [-98.7000808716, 116.929344177, -102.777824402, 19.2441864014, -46.327457428, 4.9321231842, -50.1716384888, 5.67234611511, -15.7710580826, -4.1095457077, -8.16119480133, -1.86085057259, -2.30331945419], "cov": [[23955.4804688, -1388.75415039, -1632.97631836, 669.492370605, -430.985717773, 598.429138184, -605.476257324, 363.054382324, -885.161376953, -205.723907471, -400.324249268, -12.4307365417, -217.866012573], [-1388.75415039, 1836.60803223, -301.578887939, -146.100204468, 400.078979492, -263.146453857, 297.994445801, -132.977142334, 157.288345337, -129.702362061, 179.641479492, -166.730285645, 102.134986877], [-1632.97631836, -301.578887939, 944.9140625, 171.64302063, 48.5726966858, 200.317184448, -24.1307525635, 86.4028244019, 2.38880467415, 22.7308731079, -69.4916915894, -40.8719177246, -101.225601196], [669.492370605, -146.100204468, 171.64302063, 781.626037598, 322.120941162, 205.966278076, 126.957565308, 17.2497501373, 58.2084541321, -42.4797096252, -79.5085296631, -27.3042736053, -26.0667228699], [-430.985717773, 400.078979492, 48.5726966858, 322.120941162, 743.079284668, 197.058624268, 198.702941895, 30.9363288879, 83.5104446411, -71.8933792114, -112.843803406, -78.7898864746, -1.41366124153], [598.429138184, -263.146453857, 200.317184448, 205.966278076, 197.058624268, 387.388641357, 57.1096954346, 46.6322937012, -35.1834754944, -2.52565169334, -104.597755432, -34.9417762756, -64.9772033691], [-605.476257324, 297.994445801, -24.1307525635, 126.957565308, 198.702941895, 57.1096954346, 282.159515381, -13.6573457718, 51.2977638245, -7.82405853271, 15.8066053391, -21.6277961731, 3.34655046463], [363.054382324, -132.977142334, 86.4028244019, 17.2497501373, 30.9363288879, 46.6322937012, -13.6573457718, 185.326629639, -11.8795003891, -17.7118015289, -24.0903549194, 5.27070140839, -11.7771043777], [-885.161376953, 157.288345337, 2.38880467415, 58.2084541321, 83.5104446411, -35.1834754944, 51.2977638245, -11.8795003891, 189.538024902, 33.5624580383, 19.5957756042, 15.9921159744, 40.9978637695], [-205.723907471, -129.702362061, 22.7308731079, -42.4797096252, -71.8933792114, -2.52565169334, -7.82405853271, -17.7118015289, 33.5624580383, 125.412704468, 34.3360290527, 33.4518852234, 2.48100447655], [-400.324249268, 179.641479492, -69.4916915894, -79.5085296631, -112.843803406, -104.597755432, 15.8066053391, -24.0903549194, 19.5957756042, 34.3360290527, 162.493301392, 33.0289230347, 25.2574367523], [-12.4307365417, -166.730285645, -40.8719177246, -27.3042736053, -78.7898864746, -34.9417762756, -21.6277961731, 5.27070140839, 15.9921159744, 33.4518852234, 33.0289230347, 137.879196167, 38.4661331177], [-217.866012573, 102.134986877, -101.225601196, -26.0667228699, -1.41366124153, -64.9772033691, 3.34655046463, -11.7771043777, 40.9978637695, 2.48100447655, 25.2574367523, 38.4661331177, 111.393913269]], "icov": [[0.000101543366327, -0.000140649834066, 0.000290220603347, -0.000239524248173, 0.000182299379958, -0.000237667074543, 0.000293270044494, -0.00029788952088, 0.000411972898291, -0.000194645443116, 0.000305076449877, -0.000148609600728, 0.000193468396901], [-0.000140649834066, 0.00217895209789, -0.000380960613256, 0.00109725876246, -0.00144833186641, 0.00126414943952, -0.0016010273248, 0.00132183125243, -0.00146966346074, 0.0022620044183, -0.00285591138527, 0.00255845999345, -0.00120089517441], [0.000290220603347, -0.000380960613256, 0.00219118967652, -0.000872853968758, 0.000637841061689, -0.00115242449101, 0.00107275974005, -0.00132978090551, 0.000798442051746, -0.000840055581648, 0.000940009835176, -0.000182435585884, 0.0014415968908], [-0.000239524248173, 0.00109725876246, -0.000872853968758, 0.00264132441953, -0.00131213385612, 0.000307201320538, -0.00146878836676, 0.00123964180239, -0.00181555445306, 0.00179540656973, -0.00151985674165, 0.000944492756389, -0.000665208033752], [0.000182299379958, -0.00144833186641, 0.000637841061689, -0.00131213385612, 0.00353501760401, -0.00171472853981, 5.15045721841e-05, -0.00132351531647, 0.000261293054791, -0.000629053101875, 0.00305035943165, -0.000878715014551, 0.000389870983781], [-0.000237667074543, 0.00126414943952, -0.00115242449101, 0.000307201320538, -0.00171472853981, 0.0054504587315, -0.00183282711077, 0.00063693075208, -0.000107269785076, 3.12660340569e-05, -2.79342766589e-05, 0.00124502112158, 0.000295890728012], [0.000293270044494, -0.0016010273248, 0.00107275974005, -0.00146878836676, 5.15045721841e-05, -0.00183282711077, 0.00650384044275, -0.00104205461685, 0.00101876852568, -0.00169024558272, 0.000631174771115, -0.00148842681665, 0.00133221002761], [-0.00029788952088, 0.00132183125243, -0.00132978090551, 0.00123964180239, -0.00132351531647, 0.00063693075208, -0.00104205461685, 0.00724751921371, -0.00153885118198, 0.00251341448165, -0.00183219381142, 0.000633138639387, -0.000853427976836], [0.000411972898291, -0.00146966346074, 0.000798442051746, -0.00181555445306, 0.000261293054791, -0.000107269785076, 0.00101876852568, -0.00153885118198, 0.00935133825988, -0.00419836770743, 0.00216508470476, -0.00182581669651, -0.00100722035859], [-0.000194645443116, 0.0022620044183, -0.000840055581648, 0.00179540656973, -0.000629053101875, 3.12660340569e-05, -0.00169024558272, 0.00251341448165, -0.00419836770743, 0.0128559106961, -0.00463065132499, 0.000701586832292, -0.000404618564062], [0.000305076449877, -0.00285591138527, 0.000940009835176, -0.00151985674165, 0.00305035943165, -2.79342766589e-05, 0.000631174771115, -0.00183219381142, 0.00216508470476, -0.00463065132499, 0.0128348357975, -0.00411997362971, 0.00134231511038], [-0.000148609600728, 0.00255845999345, -0.000182435585884, 0.000944492756389, -0.000878715014551, 0.00124502112158, -0.00148842681665, 0.000633138639387, -0.00182581669651, 0.000701586832292, -0.00411997362971, 0.0122789721936, -0.00440409872681], [0.000193468396901, -0.00120089517441, 0.0014415968908, -0.000665208033752, 0.000389870983781, 0.000295890728012, 0.00133221002761, -0.000853427976836, -0.00100722035859, -0.000404618564062, 0.00134231511038, -0.00440409872681, 0.0132544171065]]}, "melbands": {"dmean": [0.000407219078625, 0.000398695236072, 0.00103925447911, 0.000384774175473, 0.000256342202192, 0.000244938331889, 9.71130575635e-05, 0.000135095906444, 0.000105514198367, 5.53537611268e-05, 4.44121760665e-05, 2.89331055683e-05, 4.43627905042e-05, 2.40891313297e-05, 1.59110386448e-05, 1.52382535816e-05, 1.45980366142e-05, 1.28896444949e-05, 1.60874442372e-05, 1.56398727995e-05, 1.05108338175e-05, 6.39891595711e-06, 5.44388240087e-06, 3.41180884789e-06, 3.24318079947e-06, 9.71872282207e-07, 9.09735831556e-07, 7.92855303189e-07, 4.57017222288e-07, 3.93724405967e-07, 3.5450338487e-07, 3.93032280499e-07, 4.03741751143e-07, 4.16285445226e-07, 7.91147215295e-07, 9.77198965302e-07, 7.07414756107e-07, 6.35484127542e-07, 6.97860002674e-07, 4.94424284625e-07], "dmean2": [0.000682759855408, 0.000686704879627, 0.001644212869, 0.000581874279305, 0.000384306884371, 0.000362239923561, 0.000145307363709, 0.000190044142073, 0.000143553115777, 7.96232416178e-05, 6.4840867708e-05, 4.26767364843e-05, 6.83555845171e-05, 3.3699820051e-05, 2.33310383919e-05, 2.25415442401e-05, 2.30466066569e-05, 1.93462328753e-05, 2.38761276705e-05, 2.31949761655e-05, 1.47240334627e-05, 9.27531345951e-06, 8.22290257929e-06, 5.26357416675e-06, 5.36076504432e-06, 1.49781760683e-06, 1.41732243719e-06, 1.21647644846e-06, 6.66126481974e-07, 5.62846310004e-07, 5.17819671586e-07, 5.83095811635e-07, 6.27890926808e-07, 6.01341866968e-07, 1.18331774956e-06, 1.42886733556e-06, 1.05197511857e-06, 9.56029566623e-07, 1.0348107935e-06, 7.45065790397e-07], "dvar": [6.67141193844e-07, 6.37319999441e-07, 8.23528989713e-06, 6.09491223713e-07, 3.25374514887e-07, 4.786583645e-07, 6.95597606182e-08, 3.8119844703e-07, 3.16374325848e-07, 9.78272396424e-08, 3.038262264e-08, 2.11527879657e-08, 6.04014047667e-08, 3.08837577734e-08, 1.16814709017e-08, 7.36921768052e-09, 2.3382165093e-09, 1.68167002546e-09, 1.86269444313e-09, 1.6125717428e-09, 8.21278656193e-10, 3.01570740602e-10, 3.4217556566e-10, 1.90523818944e-10, 6.94888591113e-11, 5.16604771114e-12, 5.8620460916e-12, 4.01862137317e-12, 2.01617932419e-12, 2.16543037841e-12, 2.34674888029e-12, 1.97517740011e-12, 2.18362957924e-12, 3.37126442214e-12, 2.21859058902e-11, 2.41275020796e-11, 1.41336291629e-11, 1.81190028259e-11, 1.74143061082e-11, 6.30390141129e-12], "dvar2": [2.01700186153e-06, 1.83830491096e-06, 1.82629864867e-05, 1.39275630318e-06, 7.28843360775e-07, 1.12553436793e-06, 1.64029586358e-07, 6.51355207992e-07, 5.8731984609e-07, 2.00521157012e-07, 6.78370497553e-08, 4.38918164036e-08, 1.36591879141e-07, 5.61272912591e-08, 2.35246719882e-08, 1.45253222783e-08, 5.47704104292e-09, 3.5392555553e-09, 3.95076504844e-09, 3.65091512577e-09, 1.73496439437e-09, 6.39936992286e-10, 7.24611537439e-10, 4.74720318611e-10, 1.76846787214e-10, 1.15544926058e-11, 1.3065294506e-11, 8.92894872623e-12, 4.16956920379e-12, 4.65223476062e-12, 5.14968883508e-12, 4.18807696856e-12, 4.97416214121e-12, 6.69904496459e-12, 4.85702762731e-11, 5.13461252682e-11, 3.22574189582e-11, 4.13264353294e-11, 3.87300573557e-11, 1.29874964949e-11], "max": [0.0284083746374, 0.0106969410554, 0.0438327528536, 0.0112501662225, 0.0163170956075, 0.0234009455889, 0.00611549196765, 0.0295497458428, 0.0245659183711, 0.0129129150882, 0.0065551600419, 0.00598707981408, 0.0107367476448, 0.0113449897617, 0.00825566984713, 0.00554742012173, 0.00227550906129, 0.00179814978037, 0.00145795103163, 0.00124560401309, 0.000942799961194, 0.000472445884952, 0.000562835368328, 0.000954583112616, 0.000212477301829, 6.40904327156e-05, 7.71115373936e-05, 6.70838271617e-05, 4.64164113509e-05, 5.70441443415e-05, 7.02821344021e-05, 5.28250748175e-05, 4.24670324719e-05, 8.59239517013e-05, 0.00020316906739, 0.000157940987265, 0.000154387715156, 0.000268357252935, 0.000213297156733, 7.83628274803e-05], "mean": [0.000744757708162, 0.000729723717086, 0.00126678415108, 0.000699342053849, 0.000561731401831, 0.000465892051579, 0.000158506285516, 0.000237820044276, 0.000180456700036, 9.1646295914e-05, 7.15789792594e-05, 4.93972074764e-05, 7.60369148338e-05, 3.85662460758e-05, 2.5898709282e-05, 2.60833294305e-05, 2.31725025515e-05, 2.20484816964e-05, 2.67907707894e-05, 2.84542711597e-05, 2.13148432522e-05, 1.16932105811e-05, 9.20043567021e-06, 5.90774379816e-06, 4.55999543192e-06, 1.69138002093e-06, 1.63749132298e-06, 1.2446951132e-06, 7.30901717816e-07, 6.74098373565e-07, 5.4373117564e-07, 5.55770157007e-07, 5.26284111402e-07, 5.90401100453e-07, 1.12376562811e-06, 1.40217127864e-06, 9.60170950748e-07, 9.26053814965e-07, 1.01748400994e-06, 7.33860645141e-07], "median": [0.000289731600787, 0.000234924533288, 0.000263147638179, 0.000243048954871, 0.000207495570066, 0.000148815568537, 4.82932155137e-05, 3.73466973542e-05, 1.50835485329e-05, 1.45227768371e-05, 1.89473175851e-05, 8.84126984602e-06, 1.0793742149e-05, 5.22838399775e-06, 5.30843817614e-06, 4.43961971541e-06, 6.16761235506e-06, 6.13418433204e-06, 7.06511218596e-06, 7.89396108303e-06, 4.82877203467e-06, 3.28523810822e-06, 2.19602452489e-06, 1.32418949761e-06, 1.41123337016e-06, 6.16833631284e-07, 5.39323366411e-07, 3.11961485977e-07, 1.90576329828e-07, 1.15748228779e-07, 7.69381216514e-08, 5.55539507729e-08, 5.96555338461e-08, 4.21457606592e-08, 6.49417657428e-08, 7.57151497055e-08, 5.46097957965e-08, 4.98281771399e-08, 3.10304670847e-08, 1.849614506e-08], "min": [6.46888898134e-24, 3.07947039925e-24, 6.10901260853e-24, 2.02173138208e-24, 6.04014307935e-24, 8.13593982296e-24, 9.07876744422e-24, 8.95150130324e-24, 7.21345298015e-24, 4.16825819279e-24, 8.83910361261e-24, 6.06344997479e-24, 8.29975862285e-24, 5.8394107167e-24, 6.59597171215e-24, 6.84338728545e-24, 7.31953583924e-24, 6.80019320659e-24, 4.49003179502e-24, 6.34106156582e-24, 5.79043547069e-24, 6.15395559202e-24, 1.00137096119e-23, 7.826741058e-24, 9.14487635466e-24, 7.4393322563e-24, 7.37050414232e-24, 7.45785944352e-24, 7.14809585415e-24, 8.01532930144e-24, 7.05697374213e-24, 7.65400024128e-24, 1.00139273375e-23, 1.05974343384e-23, 7.27591025346e-24, 1.07327421275e-23, 7.591520091e-24, 8.39318578643e-24, 8.4235182771e-24, 5.99860521395e-24], "var": [1.20963352401e-06, 1.07818118522e-06, 1.00665083664e-05, 1.26014356283e-06, 1.00261934222e-06, 9.25321614886e-07, 1.15776593645e-07, 1.1489219105e-06, 7.95008418208e-07, 2.22788017368e-07, 5.61345459005e-08, 5.75351251086e-08, 1.72732896431e-07, 7.32271558945e-08, 2.59199683939e-08, 2.60478891789e-08, 4.5417967165e-09, 3.58085072705e-09, 3.61319529851e-09, 3.73155639721e-09, 2.34612396177e-09, 7.3588901639e-10, 8.38795921609e-10, 4.86759688112e-10, 9.89562320974e-11, 1.12254467874e-11, 1.33751005063e-11, 8.85288283653e-12, 3.81131194313e-12, 4.07749094905e-12, 3.31993525553e-12, 3.1169858361e-12, 3.18179271992e-12, 6.38632766461e-12, 3.93615036398e-11, 4.61130716944e-11, 2.41926773753e-11, 3.30623514677e-11, 3.29439357738e-11, 1.25464005504e-11]}, "mfcc": {"mean": [-739.834350586, 145.237548828, 7.56616163254, 15.7117557526, 20.7789211273, -3.3623111248, -8.88394260406, -1.33000469208, -4.46877717972, 1.98442935944, -6.37844991684, -1.7033059597, -2.13093781471], "cov": [[16159.03125, 97.4624557495, -1299.34741211, 223.533905029, 619.006835938, 87.7456817627, 312.553863525, 375.642547607, -12.8478851318, -27.2396850586, -645.839538574, -266.274383545, -9.07757377625], [97.4624557495, 1516.4901123, -395.59979248, 120.894042969, 104.34047699, 1.9651170969, 127.054359436, 20.2262382507, 20.8288059235, 19.4610099792, -4.47939872742, -12.436126709, -32.6480102539], [-1299.34741211, -395.59979248, 890.3203125, -82.7697601318, -49.4117622375, -64.5421676636, -39.7687950134, -58.3472175598, -52.3570327759, -5.65299987793, 136.959701538, 20.9308452606, -36.9678726196], [223.533905029, 120.894042969, -82.7697601318, 515.496948242, 171.98487854, 172.212127686, 61.6504058838, 127.965309143, 83.1905593872, 43.0636978149, -34.4911384583, 12.1376991272, 35.0296630859], [619.006835938, 104.34047699, -49.4117622375, 171.98487854, 426.781341553, 139.099227905, 105.740516663, 131.775283813, 135.07824707, 49.175579071, -62.9178199768, -7.08109712601, 43.8735160828], [87.7456817627, 1.9651170969, -64.5421676636, 172.212127686, 139.099227905, 410.341552734, 109.081336975, 105.769889832, 98.9807357788, 77.8780593872, -15.9329385757, 8.52346801758, 29.7179164886], [312.553863525, 127.054359436, -39.7687950134, 61.6504058838, 105.740516663, 109.081336975, 255.087661743, 104.698738098, 45.2335395813, 36.0652160645, -0.0206531099975, -16.155418396, -2.19615697861], [375.642547607, 20.2262382507, -58.3472175598, 127.965309143, 131.775283813, 105.769889832, 104.698738098, 211.577545166, 88.3696212769, 29.9642734528, -36.7125053406, -1.41564333439, 21.1073932648], [-12.8478851318, 20.8288059235, -52.3570327759, 83.1905593872, 135.07824707, 98.9807357788, 45.2335395813, 88.3696212769, 189.922439575, 53.7520065308, -36.4044342041, -10.18846035, 41.6664962769], [-27.2396850586, 19.4610099792, -5.65299987793, 43.0636978149, 49.175579071, 77.8780593872, 36.0652160645, 29.9642734528, 53.7520065308, 128.620056152, 13.9656114578, -8.1636428833, 11.1759309769], [-645.839538574, -4.47939872742, 136.959701538, -34.4911384583, -62.9178199768, -15.9329385757, -0.0206531099975, -36.7125053406, -36.4044342041, 13.9656114578, 148.967147827, 41.8022041321, -18.8002185822], [-266.274383545, -12.436126709, 20.9308452606, 12.1376991272, -7.08109712601, 8.52346801758, -16.155418396, -1.41564333439, -10.18846035, -8.1636428833, 41.8022041321, 104.366004944, 17.6388702393], [-9.07757377625, -32.6480102539, -36.9678726196, 35.0296630859, 43.8735160828, 29.7179164886, -2.19615697861, 21.1073932648, 41.6664962769, 11.1759309769, -18.8002185822, 17.6388702393, 104.262306213]], "icov": [[9.03724430827e-05, 3.80930869142e-05, 0.000109237727884, 9.77914078248e-06, -0.000128717409098, 3.77081269107e-05, -6.72081805533e-05, -8.7587905e-05, 0.000205672113225, -3.37131386914e-05, 0.000259368185652, 9.07558787731e-05, 6.7810411565e-05], [3.80930869142e-05, 0.000858348270413, 0.000478174450109, -0.00019600505766, -0.000273521873169, 0.000241411995376, -0.000449006649433, 0.000270799151622, 4.70600643894e-05, -3.70320594811e-05, -0.000266482384177, 6.03156804573e-05, 0.000416407478042], [0.000109237727884, 0.000478174450109, 0.00170343904756, 1.85284425243e-05, -0.00048337894259, 0.000229666184168, -6.14654782112e-05, 4.55535046058e-05, 0.00029832040309, 6.20458013145e-05, -0.00122005760204, 0.000373765447875, 0.000475328299217], [9.77914078248e-06, -0.00019600505766, 1.85284425243e-05, 0.00265424512327, -0.00054986635223, -0.0007371850661, 0.000410449167248, -0.00108874612488, 0.000157440721523, -0.000135935726576, 0.000143408906297, -0.000248651456786, -0.000255579740042], [-0.000128717409098, -0.000273521873169, -0.00048337894259, -0.00054986635223, 0.00396082177758, -0.000293221964967, -0.000618874502834, -0.000576553458814, -0.00179629982449, -0.000174169865204, 0.000879914441612, -0.000452540058177, -0.000591202930082], [3.77081269107e-05, 0.000241411995376, 0.000229666184168, -0.0007371850661, -0.000293221964967, 0.00361211807467, -0.00101414532401, -0.000255790771917, -0.00059250544291, -0.00130166858435, 0.00011303278734, -0.000518445565831, 1.66336722032e-05], [-6.72081805533e-05, -0.000449006649433, -6.14654782112e-05, 0.000410449167248, -0.000618874502834, -0.00101414532401, 0.00587450806051, -0.00249309418723, 0.000402527890401, -0.000285637186607, -0.00129056361038, 0.00113634485751, 0.000316593417665], [-8.7587905e-05, 0.000270799151622, 4.55535046058e-05, -0.00108874612488, -0.000576553458814, -0.000255790771917, -0.00249309418723, 0.00827525183558, -0.00227055302821, 0.00023368553957, 0.00081833236618, -0.000936510274187, 0.000235169412917], [0.000205672113225, 4.70600643894e-05, 0.00029832040309, 0.000157440721523, -0.00179629982449, -0.00059250544291, 0.000402527890401, -0.00227055302821, 0.00918168853968, -0.00228721695021, 0.00122574565466, 0.000955518044066, -0.0018863278674], [-3.37131386914e-05, -3.70320594811e-05, 6.20458013145e-05, -0.000135935726576, -0.000174169865204, -0.00130166858435, -0.000285637186607, 0.00023368553957, -0.00228721695021, 0.0100503247231, -0.00237945234403, 0.00155171437655, -0.000410706241382], [0.000259368185652, -0.000266482384177, -0.00122005760204, 0.000143408906297, 0.000879914441612, 0.00011303278734, -0.00129056361038, 0.00081833236618, 0.00122574565466, -0.00237945234403, 0.0114363413304, -0.00416304264218, 0.00139469187707], [9.07558787731e-05, 6.03156804573e-05, 0.000373765447875, -0.000248651456786, -0.000452540058177, -0.000518445565831, 0.00113634485751, -0.000936510274187, 0.000955518044066, 0.00155171437655, -0.00416304264218, 0.0122672757134, -0.0025796177797], [6.7810411565e-05, 0.000416407478042, 0.000475328299217, -0.000255579740042, -0.000591202930082, 1.66336722032e-05, 0.000316593417665, 0.000235169412917, -0.0018863278674, -0.000410706241382, 0.00139469187707, -0.0025796177797, 0.0116707496345]]}, "spectral_contrast_coeffs": {"dmean": [0.047365706414, 0.0437194630504, 0.0342759601772, 0.0307358242571, 0.0244034286588, 0.0167407020926], "dmean2": [0.0750370174646, 0.068846270442, 0.0532574690878, 0.047405064106, 0.036751601845, 0.0247680861503], "dvar": [0.00193204078823, 0.00166584644467, 0.00091914384393, 0.000712549663149, 0.00047457209439, 0.000261369510554], "dvar2": [0.00450140796602, 0.00367178930901, 0.00204766378738, 0.00152836879715, 0.000971880275756, 0.000501538394019], "max": [-0.21501596272, -0.283935368061, -0.420182406902, -0.462205022573, -0.562576174736, -0.658156514168], "mean": [-0.632270336151, -0.675343394279, -0.729616343975, -0.738783657551, -0.763763070107, -0.805954277515], "median": [-0.645634770393, -0.681168794632, -0.732710540295, -0.739020705223, -0.761111617088, -0.808064341545], "min": [-0.988698959351, -0.959705114365, -0.967937350273, -0.964590072632, -0.964684069157, -0.95990562439], "var": [0.011366459541, 0.0100855398923, 0.00610141269863, 0.00404338212684, 0.00312428874895, 0.00222199503332]}, "spectral_contrast_valleys": {"dmean": [0.362207829952, 0.362144321203, 0.324404537678, 0.292974293232, 0.283639341593, 0.363345324993], "dmean2": [0.582077682018, 0.570592403412, 0.491034835577, 0.43436178565, 0.386199891567, 0.453900307417], "dvar": [0.135639041662, 0.138974308968, 0.119539789855, 0.114833109081, 0.12957957387, 0.247171953321], "dvar2": [0.284762740135, 0.283247470856, 0.228495553136, 0.211196035147, 0.215151533484,