{"lowlevel": {"average_loudness": 0.896542847157, "barkbands_crest": {"dmean": 2.81910657883, "dmean2": 4.52033424377, "dvar": 12.0136270523, "dvar2": 28.2575874329, "max": 25.6222934723, "mean": 9.80261707306, "median": 8.47455215454, "min": 2.56876993179, "var": 23.1615333557}, "barkbands_flatness_db": {"dmean": 0.0250501483679, "dmean2": 0.0387766212225, "dvar": 0.00104026542976, "dvar2": 0.00253914226778, "max": 0.402037799358, "mean": 0.129931792617, "median": 0.12415510416, "min": 0.0204463265836, "var": 0.00258414470591}, "barkbands_kurtosis": {"dmean": 6.08350801468, "dmean2": 10.5317430496, "dvar": 364.209533691, "dvar2": 1017.11810303, "max": 291.503356934, "mean": 6.70335006714, "median": 2.64077830315, "min": -1.93242144585, "var": 261.001251221}, "barkbands_skewness": {"dmean": 0.720270872116, "dmean2": 1.14164483547, "dvar": 1.69168817997, "dvar2": 4.14615345001, "max": 14.9020519257, "mean": 1.84164738655, "median": 1.53102016449, "min": -3.48026132584, "var": 2.2548429966}, "barkbands_spread": {"dmean": 7.14900970459, "dmean2": 11.013551712, "dvar": 119.755622864, "dvar2": 274.181945801, "max": 119.692199707, "mean": 22.8103866577, "median": 18.2239055634, "min": 0.593912422657, "var": 281.732055664}, "dissonance": {"dmean": 0.0208104588091, "dmean2": 0.0343973971903, "dvar": 0.000385133869713, "dvar2": 0.00097169529181, "max": 0.500000059605, "mean": 0.449101924896, "median": 0.455843508244, "min": 0.262568801641, "var": 0.00108839781024}, "dynamic_complexity": 3.64550328255, "erbbands_crest": {"dmean": 2.19361114502, "dmean2": 3.48791456223, "dvar": 6.19770336151, "dvar2": 13.6353349686, "max": 31.6695594788, "mean": 9.38146400452, "median": 7.70314645767, "min": 2.08366584778, "var": 28.060585022}, "erbbands_flatness_db": {"dmean": 0.0178008079529, "dmean2": 0.0246094893664, "dvar": 0.000511018559337, "dvar2": 0.00092177168699, "max": 0.327621430159, "mean": 0.143927052617, "median": 0.139482289553, "min": 0.0371765494347, "var": 0.00258591747843}, "erbbands_kurtosis": {"dmean": 0.951518476009, "dmean2": 1.43608951569, "dvar": 3.26153349876, "dvar2": 7.07503557205, "max": 55.8759841919, "mean": 0.953281402588, "median": 0.140633702278, "min": -1.82218623161, "var": 10.1497583389}, "erbbands_skewness": {"dmean": 0.318745881319, "dmean2": 0.485853552818, "dvar": 0.127966508269, "dvar2": 0.272864043713, "max": 6.56471252441, "mean": 0.660504937172, "median": 0.578446984291, "min": -5.27611875534, "var": 0.641617000103}, "erbbands_spread": {"dmean": 10.3984794617, "dmean2": 15.7966804504, "dvar": 235.309707642, "dvar2": 505.252380371, "max": 169.257995605, "mean": 43.5986557007, "median": 35.1749649048, "min": 3.37192368507, "var": 680.449645996}, "hfc": {"dmean": 7.79176902771, "dmean2": 12.7155609131, "dvar": 230.708358765, "dvar2": 617.622131348, "max": 166.661956787, "mean": 16.8700408936, "median": 11.567773819, "min": 1.18786762322e-16, "var": 290.676757812}, "melbands_crest": {"dmean": 3.11136841774, "dmean2": 4.98605394363, "dvar": 11.9379472733, "dvar2": 27.9874897003, "max": 35.2731170654, "mean": 13.5309858322, "median": 12.3004760742, "min": 1.55245316029, "var": 29.2977237701}, "melbands_flatness_db": {"dmean": 0.0293310917914, "dmean2": 0.0449943915009, "dvar": 0.00149928906467, "dvar2": 0.00345730083063, "max": 0.524483919144, "mean": 0.199229583144, "median": 0.193778604269, "min": 0.000899416103493, "var": 0.00384837645106}, "melbands_kurtosis": {"dmean": 15.4542827606, "dmean2": 26.0029716492, "dvar": 2198.62841797, "dvar2": 5671.43798828, "max": 949.362182617, "mean": 20.4215641022, "median": 8.90687561035, "min": -1.72812700272, "var": 1846.57250977}, "melbands_skewness": {"dmean": 0.971250772476, "dmean2": 1.50701570511, "dvar": 2.94321155548, "dvar2": 6.42944669724, "max": 22.5158824921, "mean": 2.91181182861, "median": 2.37954854965, "min": -0.954971432686, "var": 4.78490924835}, "melbands_spread": {"dmean": 5.68400812149, "dmean2": 8.75091171265, "dvar": 70.6473312378, "dvar2": 145.332794189, "max": 228.272949219, "mean": 19.9713306427, "median": 17.1818618774, "min": 0.533459484577, "var": 205.889053345}, "pitch_salience": {"dmean": 0.0727824345231, "dmean2": 0.119162738323, "dvar": 0.00711992708966, "dvar2": 0.0182868354023, "max": 0.986251056194, "mean": 0.527779519558, "median": 0.54153740406, "min": 0.0845837816596, "var": 0.0127265267074}, "silence_rate_20dB": {"dmean": 0, "dmean2": 0, "dvar": 0, "dvar2": 0, "max": 1, "mean": 1, "median": 1, "min": 1, "var": 0}, "silence_rate_30dB": {"dmean": 0.0490141473711, "dmean2": 0.0980392172933, "dvar": 0.0466136597097, "dvar2": 0.10267688334, "max": 1, "mean": 0.957562923431, "median": 1, "min": 0, "var": 0.0406359247863}, "silence_rate_60dB": {"dmean": 0.0111395791173, "dmean2": 0.0222816392779, "dvar": 0.0110161388293, "dvar2": 0.024906296283, "max": 1, "mean": 0.0578079745173, "median": 0, "min": 0, "var": 0.0544661544263}, "spectral_centroid": {"dmean": 212.687652588, "dmean2": 334.995819092, "dvar": 80507.265625, "dvar2": 179757.140625, "max": 10939.8300781, "mean": 1071.26074219, "median": 966.128967285, "min": 165.11076355, "var": 267800.25}, "spectral_complexity": {"dmean": 2.65433883667, "dmean2": 4.35427808762, "dvar": 11.2524204254, "dvar2": 27.7436008453, "max": 43, "mean": 15.0543546677, "median": 15, "min": 0, "var": 45.6850471497}, "spectral_decrease": {"dmean": 4.27470236986e-09, "dmean2": 7.22444326584e-09, "dvar": 1.22549944419e-16, "dvar2": 3.20878976779e-16, "max": 8.90937534204e-26, "mean": -6.54281917534e-09, "median": -3.69243013942e-09, "min": -7.71290302737e-08, "var": 9.84574223404e-17}, "spectral_energy": {"dmean": 0.0166211985052, "dmean2": 0.0280436296016, "dvar": 0.00179819529876, "dvar2": 0.00469992216676, "max": 0.295189470053, "mean": 0.0262242890894, "median": 0.0151998251677, "min": 1.05153954044e-20, "var": 0.00146304722875}, "spectral_energyband_high": {"dmean": 0.000519617227837, "dmean2": 0.00086050509708, "dvar": 1.54201291025e-06, "dvar2": 4.14971646023e-06, "max": 0.0136824510992, "mean": 0.000751675630454, "median": 0.00026595115196, "min": 7.79638164508e-21, "var": 1.62469530096e-06}, "spectral_energyband_low": {"dmean": 0.0108945937827, "dmean2": 0.0188864059746, "dvar": 0.00162019499112, "dvar2": 0.00426771398634, "max": 0.284266710281, "mean": 0.0103100659326, "median": 0.00371493631974, "min": 1.04602711485e-23, "var": 0.00112879893277}, "spectral_energyband_middle_high": {"dmean": 0.00110400875565, "dmean2": 0.00163534190506, "dvar": 7.68681275076e-06, "dvar2": 1.48158642332e-05, "max": 0.0984782874584, "mean": 0.00341860903427, "median": 0.00195914879441, "min": 1.45259892881e-21, "var": 2.55001432379e-05}, "spectral_energyband_middle_low": {"dmean": 0.00642002467066, "dmean2": 0.0106094432995, "dvar": 0.000242997266469, "dvar2": 0.000644955493044, "max": 0.140758112073, "mean": 0.0128995077685, "median": 0.00754716666415, "min": 2.46068107366e-22, "var": 0.000287364731776}, "spectral_entropy": {"dmean": 0.193946003914, "dmean2": 0.290253013372, "dvar": 0.0533100627363, "dvar2": 0.12171408534, "max": 9.79067325592, "mean": 7.52940893173, "median": 7.52986001968, "min": 5.58994102478, "var": 0.201608270407}, "spectral_flux": {"dmean": 0.0371293909848, "dmean2": 0.0587890073657, "dvar": 0.00451906304806, "dvar2": 0.0084978453815, "max": 0.486599266529, "mean": 0.0758875310421, "median": 0.0461299791932, "min": 1.02544604752e-10, "var": 0.00711229676381}, "spectral_kurtosis": {"dmean": 1.57273769379, "dmean2": 2.61875510216, "dvar": 4.50476551056, "dvar2": 12.091960907, "max": 27.373670578, "mean": 4.15921449661, "median": 3.54016447067, "min": -1.37196063995, "var": 9.98805618286}, "spectral_rms": {"dmean": 0.00112810858991, "dmean2": 0.00178831000812, "dvar": 4.89091871714e-06, "dvar2": 1.16347155199e-05, "max": 0.0169702600688, "mean": 0.00437942892313, "median": 0.00385085679591, "min": 3.20295526213e-12, "var": 6.40531652607e-06}, "spectral_rolloff": {"dmean": 710.862609863, "dmean2": 1204.20336914, "dvar": 3046215.25, "dvar2": 7374686.5, "max": 18949.21875, "mean": 1502.70678711, "median": 882.861328125, "min": 43.06640625, "var": 4172121}, "spectral_skewness": {"dmean": 0.226068839431, "dmean2": 0.369138598442, "dvar": 0.0691056773067, "dvar2": 0.175725966692, "max": 4.17839193344, "mean": 1.65318489075, "median": 1.64606881142, "min": -0.00347644719295, "var": 0.207599952817}, "spectral_spread": {"dmean": 857472.4375, "dmean2": 1184689.375, "dvar": 1871419539460.0, "dvar2": 3406492336130.0, "max": 41605444, "mean": 5793406, "median": 5314378, "min": 1508217.5, "var": 6056119894020.0}, "spectral_strongpeak": {"dmean": 0.40105587244, "dmean2": 0.651962161064, "dvar": 0.386031478643, "dvar2": 0.846709489822, "max": 14.4851551056, "mean": 0.922005772591, "median": 0.499550640583, "min": 0, "var": 1.25345575809}, "zerocrossingrate": {"dmean": 0.0144351106137, "dmean2": 0.0164826475084, "dvar": 0.000380712270271, "dvar2": 0.000490168982651, "max": 0.513671875, "mean": 0.0674006491899, "median": 0.0537109375, "min": 0.00341796875, "var": 0.00200147530995}, "barkbands": {"dmean": [0.000140080490382, 0.00865975953639, 0.00250041484833, 0.00122533482499, 0.00331610301509, 0.00147954747081, 0.00071767141344, 0.000737779482733, 0.000380555487936, 0.000524232455064, 0.000190524573554, 0.000188382691704, 0.000178453919943, 0.000152887922013, 0.000152075954247, 8.95067860256e-05, 9.1920090199e-05, 7.78142421041e-05, 7.58145542932e-05, 7.33178167138e-05, 5.93629047216e-05, 5.74563018745e-05, 5.60551961826e-05, 6.49875655654e-05, 0.000171065985342, 0.000120813441754, 3.47024479197e-06], "dmean2": [0.0002375592303, 0.0154727846384, 0.00460530957207, 0.00221528485417, 0.00577494082972, 0.00215162732638, 0.00109651393723, 0.00115266279317, 0.000564253132325, 0.000736125046387, 0.000286500522634, 0.000296851387247, 0.000296121521387, 0.000230864650803, 0.000240626235609, 0.000143805707921, 0.000142915901961, 0.000131305816467, 0.000130382875795, 0.000127210383653, 0.000100655561255, 0.000100620462035, 9.77438976406e-05, 0.000104882798041, 0.000281667686068, 0.000207663993933, 5.58427609576e-06], "dvar": [8.30173235045e-07, 0.00115412042942, 9.5206174592e-05, 8.62859724293e-06, 0.000139039984788, 2.00417871383e-05, 6.39494055577e-06, 4.91059427077e-06, 1.8492809204e-06, 4.43329963673e-06, 2.48703116768e-07, 3.12412026915e-07, 2.26286431371e-07, 2.37642694856e-07, 1.32684078835e-07, 5.52156507183e-08, 6.01197669425e-08, 2.25801741749e-08, 2.33701253904e-08, 2.71607163427e-08, 1.63299826994e-08, 2.33612063028e-08, 1.3861983561e-08, 2.2451537518e-08, 2.15982296936e-07, 1.75403528146e-07, 1.11316358908e-10], "dvar2": [2.4232240321e-06, 0.00311949849129, 0.000275921280263, 2.46399649768e-05, 0.000383796810638, 3.52513452526e-05, 1.29167874547e-05, 9.12105588213e-06, 3.33065395353e-06, 8.28624797578e-06, 5.19017817169e-07, 6.81255755808e-07, 5.27772897385e-07, 2.783668549e-07, 3.28904008029e-07, 1.27536182504e-07, 1.15807665679e-07, 5.51876198074e-08, 6.10482899788e-08, 6.62434089804e-08, 4.14018650474e-08, 6.10994987937e-08, 3.73815609578e-08, 5.96650124862e-08, 5.62855916542e-07, 4.87747740863e-07, 2.23928875442e-10], "max": [0.036124072969, 0.240779310465, 0.0935405194759, 0.0398504026234, 0.109632536769, 0.125877946615, 0.108064219356, 0.0747315585613, 0.0460954234004, 0.0738507509232, 0.0164398569614, 0.0260440502316, 0.0153598897159, 0.0513955615461, 0.0133343487978, 0.00883588101715, 0.0122134964913, 0.00468138139695, 0.00391459325328, 0.00704035582021, 0.00296625960618, 0.00405521504581, 0.00161060306709, 0.00351236667484, 0.00742790196091, 0.00613428466022, 0.000153322951519], "mean": [0.000141319615068, 0.00667061051354, 0.00257938215509, 0.00165675499011, 0.00366682279855, 0.00296043045819, 0.00144274136983, 0.00180221907794, 0.000931757967919, 0.0011421428062, 0.000421232893132, 0.000378426484531, 0.000327948771883, 0.000330213893903, 0.000328019057633, 0.000167102029081, 0.000205991207622, 0.000147547892993, 0.00012877160043, 0.000107861102151, 9.04273620108e-05, 7.82485949458e-05, 8.75991681824e-05, 0.000118163530715, 0.000208879559068, 0.000100074001239, 3.56880354957e-06], "median": [4.19405805587e-05, 0.00126203405671, 0.0011843276443, 0.00101736618672, 0.00101204542443, 0.000692258239724, 0.00049886177294, 0.00047773346887, 0.000289360701572, 0.000343709252775, 0.000172691812622, 0.000157842645422, 0.000132869725348, 0.000140539661516, 0.000131890323246, 7.48772581574e-05, 6.90019805916e-05, 7.8905839473e-05, 6.77915886627e-05, 4.48629070888e-05, 3.38385580108e-05, 2.81000993709e-05, 3.14802819048e-05, 4.35272668255e-05, 4.31755943282e-05, 6.67559152134e-06, 9.93701618768e-08], "min": [1.19966392926e-23, 3.65032525458e-24, 3.20965019799e-24, 1.66860134774e-24, 3.17126627738e-23, 3.59317307086e-23, 5.94129517916e-23, 2.38135429389e-23, 5.64746910443e-23, 1.34638853931e-22, 6.77739055103e-23, 6.40629649727e-23, 6.1020341083e-23, 1.58237962388e-22, 9.99639174842e-23, 1.93737523538e-22, 1.17212348555e-22, 2.48147418495e-22, 2.0624889536e-22, 3.59475281215e-22, 4.46510973843e-22, 4.15178327455e-22, 6.36249919224e-22, 1.01617159158e-21, 1.19647162059e-21, 1.46983138703e-21, 2.64753836696e-21], "var": [4.65313718223e-07, 0.00075838441262, 5.34622267878e-05, 6.06745516052e-06, 0.000101356825326, 5.70105694351e-05, 1.3339636098e-05, 2.88358587568e-05, 8.35099490359e-06, 1.14384120025e-05, 9.08490335405e-07, 9.30832413815e-07, 5.54449684387e-07, 1.15284115054e-06, 3.81605559596e-07, 9.24050738149e-08, 2.64622968871e-07, 5.23646157546e-08, 3.95708603662e-08, 4.11166958258e-08, 2.31446488641e-08, 2.33921255699e-08, 1.91962818974e-08, 3.75025450694e-08, 2.2889327056e-07, 1.1658688237e-07, 1.52779650042e-10]}, "erbbands": {"dmean": [0.193838968873, 2.13180065155, 3.43757939339, 3.38296914101, 9.80377101898, 9.40190696716, 12.4557924271, 9.75669002533, 9.72968769073, 13.3954763412, 13.4996404648, 9.16429138184, 12.9629878998, 12.8144044876, 8.01961898804, 8.40842628479, 8.46554660797, 8.25158023834, 7.39082956314, 6.63541507721, 4.66859722137, 4.21713829041, 4.22946119308, 4.26765298843, 3.08604311943, 3.06957936287, 2.66220831871, 2.58130121231, 1.98630619049, 2.36284041405, 1.36580955982, 1.28381180763, 1.23933267593, 1.56088602543, 1.25154280663, 0.755683898926, 0.194198578596, 0.0233224332333, 0.000487270619487, 3.58410179615e-05], "dmean2": [0.338666826487, 3.83254122734, 6.27812623978, 6.14816045761, 17.2676582336, 16.7275238037, 18.7051506042, 14.4484844208, 14.4620790482, 21.7975559235, 20.619846344, 13.5700044632, 18.0511169434, 18.2237510681, 12.2291049957, 13.0543909073, 13.9112606049, 12.7784452438, 11.2418022156, 10.9814958572, 7.37166118622, 6.72631263733, 7.07236480713, 7.27307271957, 5.23929071426, 5.31539726257, 4.66035223007, 4.38475990295, 3.42103505135, 4.1757645607, 2.34031105042, 2.11828517914, 1.97902941704, 2.55576372147, 2.06587576866, 1.33729624748, 0.325277864933, 0.03666466102, 0.000771791150328, 5.82779030083e-05], "dvar": [0.537875890732, 71.576171875, 183.517288208, 90.1455078125, 1245.09289551, 1183.44360352, 1790.13598633, 846.141723633, 1509.53149414, 1113.35473633, 2182.50366211, 1345.47497559, 1835.82861328, 4312.02978516, 455.304931641, 628.514160156, 472.623596191, 414.740020752, 426.440246582, 186.44468689, 124.62776947, 106.265167236, 74.7859954834, 67.6251831055, 46.898563385, 57.0751991272, 34.1151809692, 35.9798774719, 30.1357879639, 28.3159980774, 7.84701013565, 9.37376117706, 8.47285747528, 15.3267812729, 13.6616096497, 6.77353525162, 0.533351659775, 0.00456097582355, 1.8964294668e-06, 6.10133232826e-09], "dvar2": [1.43506515026, 195.693222046, 518.593688965, 259.52243042, 3426.57714844, 3323.68896484, 3211.76586914, 1575.3293457, 3053.52905273, 2352.8449707, 3982.47290039, 2372.05761719, 2910.43212891, 8865.16992188, 955.893371582, 1353.78649902, 1114.72106934, 690.300476074, 917.861938477, 475.12512207, 291.741027832, 222.764572144, 168.586227417, 180.865997314, 111.741256714, 133.420288086, 91.7261581421, 91.0012130737, 77.847618103, 77.2060470581, 20.9075298309, 25.43516922, 22.0272636414, 38.1958847046, 36.3917045593, 18.9693603516, 1.4781703949, 0.0102432128042, 4.35877245764e-06, 1.55184203265e-08], "max": [6.60589122772, 61.2123031616, 117.839286804, 127.791526794, 355.845062256, 345.998687744, 1119.0982666, 1268.08227539, 1716.09338379, 963.076477051, 2010.51977539, 1270.32763672, 2470.3762207, 2996.94213867, 735.557556152, 1193.92370605, 646.278320312, 1678.5123291, 1074.96606445, 305.405700684, 297.314208984, 478.87713623, 330.425262451, 213.216918945, 260.896087646, 407.742523193, 110.545219421, 158.34552002, 162.32850647, 96.4593353271, 36.0337867737, 94.7776412964, 60.3197746277, 79.8333816528, 61.527141571, 30.6742019653, 12.2349405289, 0.856554329395, 0.0175975020975, 0.000890317081939], "mean": [0.163743957877, 1.57278430462, 3.1572971344, 4.776907444, 9.48773670197, 10.2120370865, 24.1383934021, 19.7525653839, 20.1922454834, 29.1836071014, 34.6067047119, 23.7655353546, 33.7901535034, 25.6297016144, 19.9861164093, 17.8255634308, 17.0002918243, 18.6541099548, 17.3641605377, 12.2077522278, 10.6048631668, 9.80931472778, 8.64190483093, 7.45564508438, 5.59064149857, 4.55673789978, 3.9483628273, 3.68498301506, 2.75717759132, 3.32147741318, 2.18229055405, 2.20247411728, 2.19191217422, 2.37473416328, 1.3346362114, 0.580742120743, 0.169433072209, 0.025005986914, 0.000525452836882, 4.99667112308e-05], "median": [0.0344244465232, 0.282994389534, 1.26243853569, 2.86126708984, 3.47705173492, 2.75271511078, 4.38146400452, 5.55515956879, 4.92890787125, 13.0686130524, 8.53628730774, 7.94256687164, 15.052942276, 7.42965888977, 8.23511600494, 8.02046585083, 7.67128944397, 8.33699417114, 6.90092563629, 5.78161144257, 4.96293067932, 4.07855463028, 4.48569488525, 4.15133571625, 2.85686302185, 1.89344596863, 1.38608598709, 1.32541537285, 0.97357916832, 1.1715362072, 0.788955688477, 0.904416799545, 0.720072567463, 0.647223591805, 0.202660739422, 0.0450755357742, 0.0117184966803, 0.00133190257475, 4.76759487356e-05, 2.47093248618e-05], "min": [1.30046484394e-22, 8.16689292628e-22, 3.96280703776e-21, 4.6511840778e-21, 3.32373997886e-20, 1.09040628557e-19, 2.30254408901e-19, 3.96435071511e-19, 5.05444835891e-19, 9.99364150718e-19, 4.57973612621e-19, 1.05339765628e-18, 4.01195294311e-18, 2.98656930923e-18, 2.93358901138e-18, 2.66407392227e-18, 2.62698210963e-18, 6.35782847491e-18, 8.55071074857e-18, 5.80330479023e-18, 1.0178340805e-17, 6.56627716209e-18, 9.071035478e-18, 1.46731203124e-17, 1.02209918917e-17, 1.73295463295e-17, 2.05650864566e-17, 1.59960616989e-17, 1.34749922085e-17, 2.16632233137e-17, 1.55312374799e-17, 1.48168594875e-17, 1.87388321371e-17, 1.2299852281e-17, 9.70812915861e-18, 5.23279914893e-18, 3.08370905767e-18, 1.48576951196e-18, 3.28195669505e-19, 3.74671846197e-20], "var": [0.370601654053, 45.6398506165, 108.269264221, 58.502243042, 848.397216797, 824.995361328, 5493.43652344, 2342.93286133, 3137.24145508, 4374.85644531, 13810.3671875, 6498.61181641, 5489.06835938, 10027.9052734, 2116.87426758, 2058.7644043, 1150.51196289, 1777.49414062, 1578.79040527, 333.662536621, 293.598937988, 417.688446045, 212.247192383, 107.112060547, 97.854309082, 92.808555603, 43.8512382507, 44.8486404419, 31.8728427887, 31.5901165009, 11.3623523712, 11.815955162, 15.6005134583, 22.1995010376, 12.3503036499, 4.36480951309, 0.361112087965, 0.00529023678973, 2.10848838833e-06, 5.49705791997e-09]}, "gfcc": {"mean": [-13.4659614563, 92.2806015015, -104.779289246, 26.487455368, -61.7303886414, 20.4493694305, -42.3600692749, 13.6405992508, -25.5626544952, 2.53999829292, -15.5554847717, -3.12317371368, -11.6790180206], "cov": [[7214.40429688, -830.899597168, 120.446586609, -197.417999268, -250.474151611, 76.2297058105, -186.182174683, 115.696540833, -205.455154419, 152.663604736, -205.947509766, 68.2147293091, -141.862365723], [-830.899597168, 1653.61083984, -795.781860352, -37.7712440491, 176.081390381, -196.406692505, 222.676391602, -168.044708252, 261.690673828, -214.608383179, 252.362701416, -182.397369385, 174.87651062], [120.446586609, -795.781860352, 1083.86083984, 123.989723206, -20.695892334, 190.577392578, -78.8419952393, 140.623504639, -143.042098999, 144.728530884, -96.092666626, 129.935379028, -81.981842041], [-197.417999268, -37.7712440491, 123.989723206, 308.403930664, 21.808298111, 42.0197219849, 28.9713039398, -9.40034580231, 12.4631748199, -15.9521446228, 24.6387348175, -26.1570777893, 12.4250965118], [-250.474151611, 176.081390381, -20.695892334, 21.808298111, 277.102355957, 3.40616369247, 111.604721069, 4.71381902695, 53.3757514954, 15.2597856522, -1.2717936039, 8.95352077484, -21.1729793549], [76.2297058105, -196.406692505, 190.577392578, 42.0197219849, 3.40616369247, 209.807327271, -2.07076501846, 85.7576065063, -20.1149730682, 32.8656578064, -1.91332256794, -2.68939566612, -5.70937776566], [-186.182174683, 222.676391602, -78.8419952393, 28.9713039398, 111.604721069, -2.07076501846, 189.288360596, 14.162612915, 71.9424819946, -12.4714984894, 26.0247459412, -18.5503025055, -8.44371032715], [115.696540833, -168.044708252, 140.623504639, -9.40034580231, 4.71381902695, 85.7576065063, 14.162612915, 164.826980591, 24.1200370789, 44.056350708, -4.19532823563, 12.5254545212, -9.46081542969], [-205.455154419, 261.690673828, -143.042098999, 12.4631748199, 53.3757514954, -20.1149730682, 71.9424819946, 24.1200370789, 135.003143311, -10.0280199051, 46.2748794556, -41.7317581177, 24.733543396], [152.663604736, -214.608383179, 144.728530884, -15.9521446228, 15.2597856522, 32.8656578064, -12.4714984894, 44.056350708, -10.0280199051, 102.561653137, -12.0940685272, 41.7349777222, -28.4475002289], [-205.947509766, 252.362701416, -96.092666626, 24.6387348175, -1.2717936039, -1.91332256794, 26.0247459412, -4.19532823563, 46.2748794556, -12.0940685272, 129.955581665, -13.7958068848, 64.7161865234], [68.2147293091, -182.397369385, 129.935379028, -26.1570777893, 8.95352077484, -2.68939566612, -18.5503025055, 12.5254545212, -41.7317581177, 41.7349777222, -13.7958068848, 103.711654663, 0.638869941235], [-141.862365723, 174.87651062, -81.981842041, 12.4250965118, -21.1729793549, -5.70937776566, -8.44371032715, -9.46081542969, 24.733543396, -28.4475002289, 64.7161865234, 0.638869941235, 120.475105286]], "icov": [[0.000163242366398, -4.3711374019e-05, 8.59334104462e-05, 1.70996827364e-06, 0.000153319793753, -4.00631652155e-05, 2.19858593482e-05, -0.000158337847097, 0.000246125215199, -0.000310473929858, 0.000241625093622, -2.70388409263e-05, 7.46326477383e-05], [-4.3711374019e-05, 0.00333853764459, 3.0444451113e-05, 0.00145419628825, -0.00174289813731, 0.00112282822374, -0.00128057447728, 0.00202895677648, -0.00260804640129, 0.00377440080047, -0.00411237031221, 0.00282879779115, -0.00158959126566], [8.59334104462e-05, 3.0444451113e-05, 0.00196360726841, -0.0009944048943, 0.000138794872328, -0.000837810046505, 0.000225065319682, -0.00101760425605, 0.00126367283519, -0.00134999107104, 0.000652594608255, -0.00144894840196, 0.000495239626616], [1.70996827364e-06, 0.00145419628825, -0.0009944048943, 0.004727717489, -0.000971966888756, -6.33886811556e-05, -0.00107192958239, 0.00199052877724, -0.00164305302314, 0.00252651539631, -0.00254817516543, 0.00263455556706, -0.00107699818909], [0.000153319793753, -0.00174289813731, 0.000138794872328, -0.000971966888756, 0.00617585983127, -0.00113447685726, -0.0020383882802, -0.000286621536361, -6.40807047603e-05, -0.00295842206106, 0.00307293585502, -0.00291311531328, 0.00145072548185], [-4.00631652155e-05, 0.00112282822374, -0.000837810046505, -6.33886811556e-05, -0.00113447685726, 0.00787857361138, -0.000718671246432, -0.00286493264139, 0.00158187083434, 0.000319996674079, -0.00208246312104, 0.00379436276853, -0.00149263930507], [2.19858593482e-05, -0.00128057447728, 0.000225065319682, -0.00107192958239, -0.0020383882802, -0.000718671246432, 0.00912774074823, -0.00140103779268, -0.00219834269956, 0.000375932344468, 0.000264681497356, -0.00187699613161, 0.00269369920716], [-0.000158337847097, 0.00202895677648, -0.00101760425605, 0.00199052877724, -0.000286621536361, -0.00286493264139, -0.00140103779268, 0.0113387042657, -0.00583863770589, 0.000702780380379, -0.00198328006081, 0.000890018593054, -0.000998003408313], [0.000246125215199, -0.00260804640129, 0.00126367283519, -0.00164305302314, -6.40807047603e-05, 0.00158187083434, -0.00219834269956, -0.00583863770589, 0.0170724708587, -0.00578456930816, 0.0011427863501, 0.00296753901057, -0.000944446714129], [-0.000310473929858, 0.00377440080047, -0.00134999107104, 0.00252651539631, -0.00295842206106, 0.000319996674079, 0.000375932344468, 0.000702780380379, -0.00578456930816, 0.0206108689308, -0.00673647876829, -0.0021147239022, 0.00223744800314], [0.000241625093622, -0.00411237031221, 0.000652594608255, -0.00254817516543, 0.00307293585502, -0.00208246312104, 0.000264681497356, -0.00198328006081, 0.0011427863501, -0.00673647876829, 0.0174787137657, -0.00336410198361, -0.00393164856359], [-2.70388409263e-05, 0.00282879779115, -0.00144894840196, 0.00263455556706, -0.00291311531328, 0.00379436276853, -0.00187699613161, 0.000890018593054, 0.00296753901057, -0.0021147239022, -0.00336410198361, 0.0186509005725, -0.00518989004195], [7.46326477383e-05, -0.00158959126566, 0.000495239626616, -0.00107699818909, 0.00145072548185, -0.00149263930507, 0.00269369920716, -0.000998003408313, -0.000944446714129, 0.00223744800314, -0.00393164856359, -0.00518989004195, 0.0143001787364]]}, "melbands": {"dmean": [0.002142990008, 0.002192071639, 0.000733533408493, 0.000787012744695, 0.000392975081922, 0.000233904036577, 0.00014601687144, 0.000148638937389, 0.000103189195215, 5.7670611568e-05, 6.67289714329e-05, 5.62947243452e-05, 2.6945835998e-05, 2.1933203243e-05, 2.08037836273e-05, 1.65813744388e-05, 1.64948160091e-05, 1.21569619296e-05, 9.20016555028e-06, 8.55495363794e-06, 5.63066214454e-06, 4.82496579934e-06, 5.19120885656e-06, 3.64435186384e-06, 3.74045498575e-06, 2.80983385892e-06, 1.68837868841e-06, 2.39023802351e-06, 2.14467581827e-06, 1.39943381328e-06, 1.65893345638e-06, 1.19489914141e-06, 1.1282916148e-06, 1.45932665419e-06, 7.76113893153e-07, 7.66158620991e-07, 8.21018261377e-07, 7.76918454903e-07, 1.09022289507e-06, 1.44881209962e-06], "dmean2": [0.00379350781441, 0.00392942782491, 0.00131658546161, 0.00139877537731, 0.00060739251785, 0.000341879174812, 0.000217868044274, 0.000242567664827, 0.00015641534992, 8.50175711093e-05, 9.31470567593e-05, 8.04422088549e-05, 4.08386767958e-05, 3.42461644323e-05, 3.3325602999e-05, 2.75197890005e-05, 2.52563313552e-05, 1.83915763046e-05, 1.48253220686e-05, 1.3974857211e-05, 8.86349880602e-06, 7.5618554547e-06, 8.67065227794e-06, 6.05052809988e-06, 6.39208838038e-06, 4.87233228341e-06, 2.80647736872e-06, 4.2147134991e-06, 3.79518633054e-06, 2.37731524066e-06, 2.82725090983e-06, 2.07853759093e-06, 1.98755310521e-06, 2.5936953989e-06, 1.33935247959e-06, 1.28025919821e-06, 1.35293021231e-06, 1.25107135318e-06, 1.78834727649e-06, 2.383372248e-06], "dvar": [6.88210420776e-05, 7.27394290152e-05, 3.56650753019e-06, 9.20535330806e-06, 1.42390274505e-06, 4.44346227368e-07, 3.27509098952e-07, 1.55171903771e-07, 1.3927370901e-07, 5.79875454321e-08, 5.14080618075e-08, 8.45797103466e-08, 4.59089299909e-09, 3.24658566697e-09, 3.81750719924e-09, 1.98049843192e-09, 2.02713779096e-09, 1.37881550621e-09, 5.13949716119e-10, 4.43305614439e-10, 2.19251242162e-10, 1.75570419314e-10, 1.3472228888e-10, 6.0242345834e-11, 5.24701809779e-11, 3.68690945829e-11, 1.74962006688e-11, 3.34022046133e-11, 2.22987010801e-11, 9.88791774154e-12, 1.757821666e-11, 1.27249053308e-11, 7.38532585781e-12, 1.07824183609e-11, 2.43387471635e-12, 2.41191203294e-12, 4.42699219297e-12, 3.25509020779e-12, 8.19729700785e-12, 1.36562497421e-11], "dvar2": [0.000185105978744, 0.000199277841602, 1.00595425465e-05, 2.55945651588e-05, 2.71485237135e-06, 8.07527669622e-07, 6.58308749735e-07, 3.20095296047e-07, 2.52690824709e-07, 1.0024442787e-07, 8.30821207387e-08, 1.72137575305e-07, 9.80702008491e-09, 7.6484845124e-09, 8.14441758479e-09, 4.40781278144e-09, 2.93131408036e-09, 2.40542319396e-09, 1.28015520406e-09, 1.02218367104e-09, 5.10567865764e-10, 3.4871794341e-10, 3.13540027275e-10, 1.4591652886e-10, 1.40947947758e-10, 9.53594425646e-11, 3.77705540455e-11, 8.23467682931e-11, 6.0722919748e-11, 2.48135349074e-11, 4.47443332385e-11, 3.31636870743e-11, 1.96072515862e-11, 2.97668382998e-11, 6.61373299876e-12, 6.20876223698e-12, 1.2056074021e-11, 8.61470964009e-12, 2.06012550769e-11, 3.42929643016e-11], "max": [0.0596595443785, 0.0708354860544, 0.0204760003835, 0.028222868219, 0.0288432110101, 0.0264758691192, 0.0256570857018, 0.0127950729802, 0.0158903300762, 0.00880258344114, 0.0126245580614, 0.0127089302987, 0.00221551046707, 0.00212913844734, 0.0027404348366, 0.00212088483386, 0.00417916104198, 0.00286897225305, 0.000988487969153, 0.000881954969373, 0.000531953061, 0.000752252235543, 0.000474640255561, 0.0002021141554, 0.000195202868781, 0.000177977839485, 0.00021486604237, 0.000259369815467, 8.26266332297e-05, 6.92626053933e-05, 0.000101568293758, 0.000124315280118, 7.06651044311e-05, 4.84235279146e-05, 1.98754914891e-05, 2.54930237134e-05, 7.63663265388e-05, 3.37029887305e-05, 7.52570704208e-05, 8.26647956274e-05], "mean": [0.00169330521021, 0.00187877414282, 0.000947696680669, 0.000731126521714, 0.000751126441173, 0.000473619438708, 0.000301112711895, 0.000327375892084, 0.00026178106782, 0.000145755504491, 0.000169977211044, 0.000107952728285, 6.1233258748e-05, 4.68907492177e-05, 4.22357697971e-05, 3.36528864864e-05, 3.4612185118e-05, 2.80046933767e-05, 1.78312966455e-05, 1.49090383275e-05, 1.23482250274e-05, 1.07997657324e-05, 9.43190934777e-06, 6.77093339618e-06, 5.99607164986e-06, 4.49437811767e-06, 3.03172032545e-06, 3.14501289722e-06, 2.86247700387e-06, 2.0145059807e-06, 2.21008644985e-06, 1.52839356815e-06, 1.53491328092e-06, 1.97910753741e-06, 1.15449279292e-06, 1.27613998302e-06, 1.36258836392e-06, 1.3608662357e-06, 1.77928939138e-06, 2.09341533264e-06], "median": [0.000325553060975, 0.000604277593084, 0.000556869315915, 0.000219627283514, 0.000152263601194, 0.000123714620713, 7.77197055868e-05, 0.000138775940286, 5.70522388443e-05, 4.76588247693e-05, 7.33081251383e-05, 2.54962906183e-05, 2.58426480286e-05, 1.89687125385e-05, 1.89317270269e-05, 1.49952702486e-05, 1.40651172842e-05, 1.04835999082e-05, 7.58570058679e-06, 6.56110569253e-06, 5.19096647622e-06, 3.80373421649e-06, 4.15752265326e-06, 3.27521092913e-06, 3.13498458127e-06, 2.11131350625e-06, 1.6098206288e-06, 1.08948700017e-06, 9.18099772207e-07, 6.61502667754e-07, 7.47165017856e-07, 5.13117925038e-07, 5.31112618773e-07, 6.66656092108e-07, 4.15080279481e-07, 4.78117954117e-07, 5.59038085157e-07, 4.58971811668e-07, 5.49448031961e-07, 5.34778052952e-07], "min": [1.39062461271e-24, 1.71057643929e-24, 9.45973992979e-25, 5.69255203185e-24, 7.32761771921e-24, 8.06133488057e-24, 9.06739128111e-24, 1.02168152626e-23, 2.8522920664e-24, 8.01809110347e-24, 2.1011523203e-23, 1.30980295335e-23, 9.61005737528e-24, 8.21279932982e-24, 5.48990628707e-24, 6.04019869404e-24, 1.26306286583e-23, 1.49942200134e-23, 6.44007386462e-24, 1.32339660447e-23, 1.07218432252e-23, 7.38065204901e-24, 4.8109628938e-24, 1.2978558916e-23, 1.17853641984e-23, 8.11874028865e-24, 6.93557041539e-24, 1.29281585928e-23, 1.31291587737e-23, 1.21151498664e-23, 7.87970202373e-24, 8.39456313757e-24, 7.40440622859e-24, 1.36436633224e-23, 8.70115471725e-24, 8.96327505225e-24, 9.03195643811e-24, 1.13576706369e-23, 1.41286439629e-23, 9.69635954717e-24], "var": [4.60132614535e-05, 4.60955270682e-05, 2.39591190621e-06, 6.06116918789e-06, 4.23015444539e-06, 1.2578083215e-06, 6.97122516158e-07, 6.77439686569e-07, 8.85061638201e-07, 2.67477503257e-07, 1.47326701949e-07, 1.9989747102e-07, 1.72227760942e-08, 1.0330500011e-08, 9.39470901073e-09, 6.46546771677e-09, 9.00581387242e-09, 5.70063640737e-09, 1.04622377428e-09, 7.67680419234e-10, 5.83863013492e-10, 7.92483745293e-10, 3.3829972157e-10, 1.31243654833e-10, 7.66565630417e-11, 6.14109110786e-11, 3.63001469161e-11, 4.72015031228e-11, 2.53848869008e-11, 1.46134701562e-11, 1.99126531236e-11, 1.25778302704e-11, 7.6665783097e-12, 1.2014288002e-11, 3.2696163485e-12, 3.82361243362e-12, 4.9955664605e-12, 5.77859505038e-12, 1.24533508505e-11, 1.88129910955e-11]}, "mfcc": {"mean": [-659.179504395, 122.729125977, 13.3323087692, 11.0847511292, 7.73869037628, 1.07706427574, 2.1275074482, 1.59101355076, -0.0271434560418, 0.900166630745, 1.95995354652, -2.03866362572, -2.19365429878], "cov": [[6306.33349609, -315.470916748, -158.857284546, -190.698135376, -155.764389038, -108.617866516, -66.1987991333, -104.205917358, -31.4480400085, -22.9591159821, -26.6913719177, -47.9441871643, -52.5380706787], [-315.470916748, 1213.8717041, -587.747741699, 39.8450889587, -73.8807601929, -10.1511535645, -32.0866470337, 43.9870643616, -18.8515338898, 39.6627807617, 25.2192611694, -0.275755256414, 3.58389282227], [-158.857284546, -587.747741699, 882.986694336, -5.04307794571, 127.479896545, 10.3960914612, 93.9508895874, -2.37246465683, 14.8679294586, -6.74801445007, -13.2082853317, 11.4696855545, 16.4911727905], [-190.698135376, 39.8450889587, -5.04307794571, 267.747924805, 13.7607564926, 61.5355567932, 10.1414747238, 19.8842792511, 4.38418102264, 2.74241065979, 3.83325910568, 18.8760852814, 5.21685695648], [-155.764389038, -73.8807601929, 127.479896545, 13.7607564926, 162.791900635, 31.8957481384, 41.9107818604, 16.2007827759, 24.5589237213, 16.9119319916, 13.7621126175, 9.82374858856, 10.0521755219], [-108.617866516, -10.1511535645, 10.3960914612, 61.5355567932, 31.8957481384, 135.96963501, 41.3373069763, 17.3024024963, 5.33265542984, 8.64988803864, 15.2528524399, 2.73904061317, -7.54905605316], [-66.1987991333, -32.0866470337, 93.9508895874, 10.1414747238, 41.9107818604, 41.3373069763, 121.900650024, 40.4487075806, 17.9943466187, 23.7100639343, 12.6216650009, 20.1155872345, 11.737988472], [-104.205917358, 43.9870643616, -2.37246465683, 19.8842792511, 16.2007827759, 17.3024024963, 40.4487075806, 95.7913589478, 44.8214378357, 19.0416469574, 24.3517398834, 18.6193408966, 14.4074382782], [-31.4480400085, -18.8515338898, 14.8679294586, 4.38418102264, 24.5589237213, 5.33265542984, 17.9943466187, 44.8214378357, 96.9940643311, 45.5499458313, 14.4007701874, 18.6864795685, 21.4128837585], [-22.9591159821, 39.6627807617, -6.74801445007, 2.74241065979, 16.9119319916, 8.64988803864, 23.7100639343, 19.0416469574, 45.5499458313, 91.3979721069, 35.7592544556, 14.4008140564, 4.94840669632], [-26.6913719177, 25.2192611694, -13.2082853317, 3.83325910568, 13.7621126175, 15.2528524399, 12.6216650009, 24.3517398834, 14.4007701874, 35.7592544556, 88.2260665894, 30.3659915924, -1.72805023193], [-47.9441871643, -0.275755256414, 11.4696855545, 18.8760852814, 9.82374858856, 2.73904061317, 20.1155872345, 18.6193408966, 18.6864795685, 14.4008140564, 30.3659915924, 85.1012954712, 43.8877182007], [-52.5380706787, 3.58389282227, 16.4911727905, 5.21685695648, 10.0521755219, -7.54905605316, 11.737988472, 14.4074382782, 21.4128837585, 4.94840669632, -1.72805023193, 43.8877182007, 85.3527450562]], "icov": [[0.000173252541572, 7.78541361797e-05, 6.98802177794e-05, 7.72217317717e-05, 0.000130871572765, 8.28210759209e-05, -6.62166567054e-05, 0.000144763849676, -4.66020210297e-05, -6.60454224999e-06, -2.60521374003e-05, 2.77236249531e-05, 5.90273084526e-05], [7.78541361797e-05, 0.00135502510238, 0.000904733722564, -0.000149509534822, -1.0141849998e-05, 0.000284484500298, -0.000111213026685, -0.000768281577621, 0.000927849672735, -0.000840096268803, 6.89218941261e-05, 0.000211771694012, -0.000294871133519], [6.98802177794e-05, 0.000904733722564, 0.0020071992185, -0.000101656733023, -0.00093902926892, 0.000549043528736, -0.00123106176034, 0.000152888562297, 0.000265945593128, -2.31100111705e-05, 0.000169022649061, 0.00013319219579, -0.000204376105103], [7.72217317717e-05, -0.000149509534822, -0.000101656733023, 0.00440394319594, -3.62071623385e-05, -0.00212065712549, 0.000816286599729, -0.000829902419355, 0.000326779234456, -0.000178612215677, 0.000831456214655, -0.0013443796197, 0.000285285757855], [0.000130871572765, -1.0141849998e-05, -0.00093902926892, -3.62071623385e-05, 0.00785996392369, -0.00116634182632, -0.0014010152081, 0.000581310421694, -0.00157357205171, -3.33649222739e-06, -0.00102450535633, 0.000553192629013, -0.000579893181566], [8.28210759209e-05, 0.000284484500298, 0.000549043528736, -0.00212065712549, -0.00116634182632, 0.0097788805142, -0.00329802324995, 0.000204553958611, -4.02169935114e-05, 0.0005036710063, -0.00148877489846, 0.000971184927039, 0.000935226737056], [-6.62166567054e-05, -0.000111213026685, -0.00123106176034, 0.000816286599729, -0.0014010152081, -0.00329802324995, 0.0128687806427, -0.00535899912938, 0.00248022959568, -0.00337802292779, 0.00197922484949, -0.00231490191072, -3.59923651558e-05], [0.000144763849676, -0.000768281577621, 0.000152888562297, -0.000829902419355, 0.000581310421694, 0.000204553958611, -0.00535899912938, 0.0175296012312, -0.00852138735354, 0.00387554592453, -0.00430670659989, 0.000692692468874, -0.000660060555674], [-4.66020210297e-05, 0.000927849672735, 0.000265945593128, 0.000326779234456, -0.00157357205171, -4.02169935114e-05, 0.00248022959568, -0.00852138735354, 0.0189721081406, -0.00929936021566, 0.00297964643687, -0.00104575336445, -0.00248237303458], [-6.60454224999e-06, -0.000840096268803, -2.31100111705e-05, -0.000178612215677, -3.33649222739e-06, 0.0005036710063, -0.00337802292779, 0.00387554592453, -0.00929936021566, 0.0184023268521, -0.00671972101554, 0.00104034598917, 0.000497002503835], [-2.60521374003e-05, 6.89218941261e-05, 0.000169022649061, 0.000831456214655, -0.00102450535633, -0.00148877489846, 0.00197922484949, -0.00430670659989, 0.00297964643687, -0.00671972101554, 0.0175271462649, -0.00752113526687, 0.00420557986945], [2.77236249531e-05, 0.000211771694012, 0.00013319219579, -0.0013443796197, 0.000553192629013, 0.000971184927039, -0.00231490191072, 0.000692692468874, -0.00104575336445, 0.00104034598917, -0.00752113526687, 0.0202925540507, -0.0100977262482], [5.90273084526e-05, -0.000294871133519, -0.000204376105103, 0.000285285757855, -0.000579893181566, 0.000935226737056, -3.59923651558e-05, -0.000660060555674, -0.00248237303458, 0.000497002503835, 0.00420557986945, -0.0100977262482, 0.0179254990071]]}, "spectral_contrast_coeffs": {"dmean": [0.052757050842, 0.0447421483696, 0.0376571603119, 0.0321088545024, 0.0254552289844, 0.0185291357338], "dmean2": [0.0871210247278, 0.0714504495263, 0.059416923672, 0.0510854795575, 0.0409815125167, 0.0301458556205], "dvar": [0.00268467515707, 0.0017917198129, 0.0012267815182, 0.000801177462563, 0.00053657515673, 0.000379855424399], "dvar2": [0.00680135935545, 0.00411881320179, 0.00276509206742, 0.00183820980601, 0.00127933255862, 0.00089135003509], "max": [-0.260457724333, -0.334262579679, -0.448898017406, -0.480570197105, -0.595184266567, -0.507217228413], "mean": [-0.648327231407, -0.697554826736, -0.725898981094, -0.758854806423, -0.776282668114, -0.787086546421], "median": [-0.659941494465, -0.705473423004, -0.727753996849, -0.761064291, -0.779652714729, -0.795101284981], "min": [-0.965782761574, -0.981946647167, -0.991371333599, -0.983582437038, -0.976683914661, -0.959777772427], "var": [0.00784160662442, 0.00755826802924, 0.00524908909574, 0.00348059739918, 0.00220147822984, 0.0018175279256]}, "spectral_contrast_valleys": {"dmean": [0.380735784769, 0.364186257124, 0.340710490942, 0.342541277409, 0.336591035128, 0.358351707458], "dmean2": [0.614818990231, 0.605364918709, 0.545938789845, 0.550942063332, 0.538912534714, 0.518569469452], "dvar": [0.133533746004, 0.15826870501, 0.123408816755, 0.140561327338, 0.176685482264, 0.291920185089], "dvar2": [0.294721364975, 0.380597114563, 0.261046439409, 0.310022115707, 0.405491143465, 0.583823025227], "max": [-5.03828811646, -4.57990980148, -5.00744342804, -5.85532045364, -5.718