{"lowlevel": {"average_loudness": 0.965166091919, "barkbands_crest": {"dmean": 2.44127869606, "dmean2": 3.95716023445, "dvar": 5.94001150131, "dvar2": 14.9001436234, "max": 25.9400177002, "mean": 13.9057121277, "median": 13.9108438492, "min": 2.69709539413, "var": 22.5727882385}, "barkbands_flatness_db": {"dmean": 0.0226707663387, "dmean2": 0.0369016490877, "dvar": 0.000766546640079, "dvar2": 0.00202542822808, "max": 0.424868106842, "mean": 0.125974535942, "median": 0.10984455049, "min": 0.0232801493257, "var": 0.00380962854251}, "barkbands_kurtosis": {"dmean": 5.42205095291, "dmean2": 9.07570362091, "dvar": 162.686920166, "dvar2": 432.497436523, "max": 259.678100586, "mean": 8.08226394653, "median": 1.82572746277, "min": -1.96177005768, "var": 328.041931152}, "barkbands_skewness": {"dmean": 0.716513037682, "dmean2": 1.14476931095, "dvar": 0.956248998642, "dvar2": 2.38802695274, "max": 13.045589447, "mean": 2.15930843353, "median": 1.68782806396, "min": -6.49974966049, "var": 3.35746407509}, "barkbands_spread": {"dmean": 8.67149829865, "dmean2": 13.629611969, "dvar": 110.00227356, "dvar2": 246.243499756, "max": 125.64705658, "mean": 36.1369552612, "median": 34.4511985779, "min": 0.481110006571, "var": 459.599273682}, "dissonance": {"dmean": 0.0140926465392, "dmean2": 0.0237880535424, "dvar": 0.000179130642209, "dvar2": 0.00047675226233, "max": 0.500000059605, "mean": 0.471016258001, "median": 0.475365310907, "min": 0.317702114582, "var": 0.000408427091315}, "dynamic_complexity": 2.30882644653, "erbbands_crest": {"dmean": 2.41510653496, "dmean2": 3.9885032177, "dvar": 5.90560674667, "dvar2": 15.2292165756, "max": 29.25091362, "mean": 8.21908569336, "median": 7.26827716827, "min": 2.1694149971, "var": 15.4960861206}, "erbbands_flatness_db": {"dmean": 0.0128355063498, "dmean2": 0.019201580435, "dvar": 0.000177816807991, "dvar2": 0.00036872230703, "max": 0.37072083354, "mean": 0.101555049419, "median": 0.0941248685122, "min": 0.0340430885553, "var": 0.00170280470047}, "erbbands_kurtosis": {"dmean": 0.595117270947, "dmean2": 0.945538401604, "dvar": 0.729683935642, "dvar2": 1.79150533676, "max": 23.9953460693, "mean": -0.0142176859081, "median": -0.275623321533, "min": -1.84420669079, "var": 1.61860108376}, "erbbands_skewness": {"dmean": 0.316316515207, "dmean2": 0.494645923376, "dvar": 0.119151689112, "dvar2": 0.309229999781, "max": 3.52415776253, "mean": 0.0299677867442, "median": 0.0209945905954, "min": -4.31557416916, "var": 0.401550471783}, "erbbands_spread": {"dmean": 10.1634054184, "dmean2": 15.556470871, "dvar": 127.522262573, "dvar2": 282.757141113, "max": 191.125793457, "mean": 54.8947296143, "median": 51.6731719971, "min": 7.99705505371, "var": 549.880432129}, "hfc": {"dmean": 11.5937538147, "dmean2": 17.6519737244, "dvar": 341.170410156, "dvar2": 821.172790527, "max": 272.239105225, "mean": 41.5993118286, "median": 36.6385536194, "min": 1.11164299595e-16, "var": 959.936584473}, "melbands_crest": {"dmean": 3.00558519363, "dmean2": 4.93688631058, "dvar": 10.5443964005, "dvar2": 27.5541725159, "max": 33.576587677, "mean": 18.5224151611, "median": 18.4703102112, "min": 2.03215503693, "var": 22.862247467}, "melbands_flatness_db": {"dmean": 0.0292622447014, "dmean2": 0.0471391491592, "dvar": 0.00130040082149, "dvar2": 0.00324525497854, "max": 0.572640240192, "mean": 0.213606894016, "median": 0.198446065187, "min": 0.00675686774775, "var": 0.0063027436845}, "melbands_kurtosis": {"dmean": 18.4366436005, "dmean2": 30.2460594177, "dvar": 1475.85632324, "dvar2": 3763.6550293, "max": 773.257873535, "mean": 35.0955619812, "median": 16.5310745239, "min": -1.83324980736, "var": 2781.9831543}, "melbands_skewness": {"dmean": 1.14110958576, "dmean2": 1.8094291687, "dvar": 2.2190990448, "dvar2": 5.36514806747, "max": 20.3942928314, "mean": 4.39196586609, "median": 3.71544623375, "min": -0.793240368366, "var": 7.43247413635}, "melbands_spread": {"dmean": 7.59685707092, "dmean2": 12.0308732986, "dvar": 113.394241333, "dvar2": 244.093475342, "max": 273.454864502, "mean": 23.7640628815, "median": 19.718667984, "min": 0.496013224125, "var": 411.404083252}, "pitch_salience": {"dmean": 0.0741415843368, "dmean2": 0.12256514281, "dvar": 0.00669625401497, "dvar2": 0.0182120874524, "max": 0.903811514378, "mean": 0.409609943628, "median": 0.406655222178, "min": 0.062448028475, "var": 0.015618047677}, "silence_rate_20dB": {"dmean": 0, "dmean2": 0, "dvar": 0, "dvar2": 0, "max": 1, "mean": 1, "median": 1, "min": 1, "var": 0}, "silence_rate_30dB": {"dmean": 0.0888204649091, "dmean2": 0.177661970258, "dvar": 0.0809324681759, "dvar2": 0.166956856847, "max": 1, "mean": 0.916163384914, "median": 1, "min": 0, "var": 0.0768036916852}, "silence_rate_60dB": {"dmean": 0.00592136429623, "dmean2": 0.0117256902158, "dvar": 0.00588558614254, "dvar2": 0.0132462056354, "max": 1, "mean": 0.0266429837793, "median": 0, "min": 0, "var": 0.0259327720851}, "spectral_centroid": {"dmean": 327.89453125, "dmean2": 512.923950195, "dvar": 163882.234375, "dvar2": 373111.15625, "max": 11191.7373047, "mean": 1795.84204102, "median": 1850.45117188, "min": 164.051727295, "var": 545172.4375}, "spectral_complexity": {"dmean": 3.84912371635, "dmean2": 6.1758852005, "dvar": 22.7237911224, "dvar2": 53.0459136963, "max": 56, "mean": 20.5340442657, "median": 21, "min": 0, "var": 88.1365661621}, "spectral_decrease": {"dmean": 5.89599080669e-09, "dmean2": 9.93014204198e-09, "dvar": 1.35069369312e-16, "dvar2": 3.48550113798e-16, "max": 2.69628480682e-16, "mean": -1.22089431898e-08, "median": -9.69496394276e-09, "min": -9.18493796576e-08, "var": 1.2605906957e-16}, "spectral_energy": {"dmean": 0.0228270329535, "dmean2": 0.0383029617369, "dvar": 0.00198144023307, "dvar2": 0.00510191591457, "max": 0.350825548172, "mean": 0.0498525798321, "median": 0.0407605804503, "min": 1.02524262866e-20, "var": 0.0018713491736}, "spectral_energyband_high": {"dmean": 0.000868748291396, "dmean2": 0.00131614308339, "dvar": 2.27101168093e-06, "dvar2": 5.35603430762e-06, "max": 0.0242260619998, "mean": 0.00272020301782, "median": 0.00208563706838, "min": 7.33753793539e-21, "var": 7.02786610418e-06}, "spectral_energyband_low": {"dmean": 0.0188036412001, "dmean2": 0.0320251584053, "dvar": 0.00177904043812, "dvar2": 0.00468001421541, "max": 0.343286633492, "mean": 0.0333122499287, "median": 0.0239587426186, "min": 2.86033769822e-23, "var": 0.00156087556388}, "spectral_energyband_middle_high": {"dmean": 0.00167516211513, "dmean2": 0.00259584048763, "dvar": 5.22398659086e-06, "dvar2": 1.23404288388e-05, "max": 0.0338210724294, "mean": 0.00626969803125, "median": 0.00423567043617, "min": 1.58466136303e-21, "var": 3.1982177461e-05}, "spectral_energyband_middle_low": {"dmean": 0.00640435423702, "dmean2": 0.0110702756792, "dvar": 0.000237680505961, "dvar2": 0.000640614365693, "max": 0.145810335875, "mean": 0.00894191302359, "median": 0.00530279008672, "min": 2.13336589713e-22, "var": 0.00018692703452}, "spectral_entropy": {"dmean": 0.142834827304, "dmean2": 0.224127024412, "dvar": 0.0296944808215, "dvar2": 0.0742225646973, "max": 9.80071353912, "mean": 7.88820791245, "median": 7.94655942917, "min": 5.41304063797, "var": 0.188748762012}, "spectral_flux": {"dmean": 0.0418718233705, "dmean2": 0.0642890036106, "dvar": 0.00420456239954, "dvar2": 0.00770164467394, "max": 0.502626717091, "mean": 0.10655285418, "median": 0.0781406015158, "min": 1.06910709452e-10, "var": 0.00742224650458}, "spectral_kurtosis": {"dmean": 0.765797019005, "dmean2": 1.1815546751, "dvar": 2.20748376846, "dvar2": 6.47715139389, "max": 60.5914840698, "mean": 3.39423418045, "median": 2.74174833298, "min": -1.42260026932, "var": 16.9774208069}, "spectral_rms": {"dmean": 0.00130396825261, "dmean2": 0.00209271162748, "dvar": 4.38093911725e-06, "dvar2": 1.05606459329e-05, "max": 0.0185005087405, "mean": 0.00648103142157, "median": 0.00630606198683, "min": 3.16265199793e-12, "var": 6.63294713377e-06}, "spectral_rolloff": {"dmean": 816.850280762, "dmean2": 1380.48718262, "dvar": 2186363.5, "dvar2": 4777347.5, "max": 19659.8144531, "mean": 1942.72460938, "median": 1119.7265625, "min": 64.599609375, "var": 6160964}, "spectral_skewness": {"dmean": 0.133519232273, "dmean2": 0.205024987459, "dvar": 0.028820052743, "dvar2": 0.0718220174313, "max": 5.37765979767, "mean": 1.44800460339, "median": 1.42651355267, "min": -0.173345819116, "var": 0.18588244915}, "spectral_spread": {"dmean": 710368.1875, "dmean2": 990362.625, "dvar": 984798068736, "dvar2": 1592937545730.0, "max": 41524808, "mean": 7205680, "median": 6868124, "min": 1253654.75, "var": 5854426824700.0}, "spectral_strongpeak": {"dmean": 0.31901922822, "dmean2": 0.562163352966, "dvar": 0.406641870737, "dvar2": 1.09985685349, "max": 8.24026584625, "mean": 0.625274956226, "median": 0.448688715696, "min": 0, "var": 0.497443825006}, "zerocrossingrate": {"dmean": 0.0151021387428, "dmean2": 0.017863124609, "dvar": 0.000319059443427, "dvar2": 0.000369879882783, "max": 0.75146484375, "mean": 0.0885155871511, "median": 0.078125, "min": 0.0029296875, "var": 0.00370684126392}, "barkbands": {"dmean": [0.000219545996515, 0.0105131734163, 0.00965688377619, 0.00287432805635, 0.00289298896678, 0.000561091699637, 0.000434020155808, 0.00028228427982, 0.000516961037647, 0.00061959924642, 0.000428288243711, 0.000228119359235, 0.000230212317547, 0.000277977087535, 0.000378415221348, 0.000228231219808, 0.000225589188631, 0.000258469983237, 0.00027470884379, 0.000211475969991, 0.00016781508748, 0.000111193039629, 8.23004593258e-05, 0.000142642194987, 0.000255729275523, 0.000211896374822, 8.47371848067e-05], "dmean2": [0.000334057636792, 0.0179513078183, 0.0173810571432, 0.00534836994484, 0.00493204360828, 0.000936329888646, 0.000697388313711, 0.000434781162767, 0.00078065181151, 0.000924616935663, 0.000649997266009, 0.000346802698914, 0.000360948732123, 0.000441475800471, 0.000613864336628, 0.000370369292796, 0.000368207634892, 0.000427728082286, 0.000453366112197, 0.000351215421688, 0.000282056455035, 0.000189563652384, 0.000130315456772, 0.000215691849007, 0.000372752023395, 0.000328468508087, 0.000140420233947], "dvar": [1.97657826106e-07, 0.000388089247281, 0.000805177609436, 4.81517927255e-05, 8.54344107211e-05, 1.29948864469e-06, 1.45867477386e-06, 5.94382925101e-07, 9.28612109874e-07, 1.69715212905e-06, 1.08306119273e-06, 2.95100335279e-07, 2.04093566936e-07, 3.07195136884e-07, 3.15253146255e-07, 1.94703162038e-07, 2.35525149606e-07, 1.79900936814e-07, 1.86067907748e-07, 1.39914348551e-07, 8.44715728476e-08, 8.97470897598e-08, 2.86489925116e-08, 9.82722809795e-08, 2.53757974633e-07, 1.77160032422e-07, 4.57810394039e-08], "dvar2": [4.79647894736e-07, 0.00105776474811, 0.00222266861238, 0.000137597089633, 0.00022591574816, 3.32478066412e-06, 3.7427580537e-06, 1.48198330407e-06, 2.10184634852e-06, 3.64724814972e-06, 2.41288739744e-06, 6.09991559486e-07, 4.81083247905e-07, 6.89876742399e-07, 7.82563006396e-07, 4.69948304271e-07, 5.6120870795e-07, 4.76039417663e-07, 4.90836782774e-07, 3.7461538227e-07, 2.35659442183e-07, 2.57748183685e-07, 6.45509246056e-08, 1.98066175017e-07, 4.87307829644e-07, 4.46953094979e-07, 1.23891808812e-07], "max": [0.0079606808722, 0.199636608362, 0.21097676456, 0.0569322705269, 0.0966956987977, 0.0176310911775, 0.027334254235, 0.0195295531303, 0.0255340784788, 0.028734466061, 0.0261094607413, 0.0159940049052, 0.0107120508328, 0.0183939598501, 0.0104779247195, 0.0107440426946, 0.0141219748184, 0.00776801630855, 0.00749560398981, 0.0109126782045, 0.00468673370779, 0.00595903722569, 0.00428398652002, 0.00866735260934, 0.0135806752369, 0.00545786740258, 0.0033327289857], "mean": [0.000550068099983, 0.0230341237038, 0.00855673104525, 0.002377709141, 0.00267009204254, 0.000973744376097, 0.000947133929003, 0.000491863116622, 0.00102073792368, 0.0012967409566, 0.000913386873435, 0.000507199380081, 0.000396977848141, 0.000503315997776, 0.000724057783373, 0.000412351539126, 0.000437557988334, 0.00052625790704, 0.00058551406255, 0.000463243719423, 0.000383122067433, 0.00021599449974, 0.000188699763385, 0.000370389054297, 0.000708724895958, 0.000479257374536, 0.000117604671686], "median": [6.44510073471e-05, 0.0198150277138, 0.00226380676031, 0.000800888286904, 0.000646168249659, 0.000307232723571, 0.000233713552007, 0.000188648700714, 0.000482879579067, 0.000346057669958, 0.000160515352036, 0.000134212430567, 0.000158655690029, 0.000214923522435, 0.000333774019964, 0.000176355766598, 0.000184208998689, 0.000284440000542, 0.000334406387992, 0.000307799200527, 0.000280784763163, 0.000139534749906, 0.000125131511595, 0.000228308228543, 0.000390017288737, 0.000264340633294, 5.30979486939e-05], "min": [1.04872391474e-24, 1.23527634485e-23, 8.76046206896e-24, 1.9951789551e-23, 6.17762212915e-23, 2.17482798454e-23, 1.50289283156e-23, 4.89722893586e-23, 2.06278827899e-23, 4.05946307214e-23, 6.44618509117e-23, 6.91235139905e-23, 1.10860781334e-22, 7.3832603387e-23, 1.43516871263e-22, 1.07568896331e-22, 1.61126341883e-22, 1.9526916325e-22, 2.42508665988e-22, 3.14246111609e-22, 4.28936869436e-22, 6.32012890504e-22, 7.47578766444e-22, 5.99420439562e-22, 1.0075012403e-21, 1.36444532562e-21, 2.47037025458e-21], "var": [8.69702546424e-07, 0.000426622573286, 0.000526674208231, 3.00698411593e-05, 6.52364105918e-05, 2.99877228827e-06, 3.11743542625e-06, 1.28859005599e-06, 3.31396290676e-06, 6.82427207721e-06, 4.76505329061e-06, 2.23540678235e-06, 5.40712846941e-07, 9.60590455179e-07, 1.03089678305e-06, 5.05005687046e-07, 6.23611526862e-07, 4.96679831485e-07, 4.86551300583e-07, 2.79572788031e-07, 1.49064476318e-07, 8.27943154036e-08, 7.0878549252e-08, 3.3536954902e-07, 1.07836285679e-06, 3.27661922483e-07, 4.04590458913e-08]}, "erbbands": {"dmean": [0.207840785384, 2.87073564529, 10.9625749588, 9.38500213623, 13.9924240112, 6.00824165344, 3.27846312523, 5.25216674805, 6.25029611588, 6.18429660797, 6.52062606812, 10.8622112274, 17.493473053, 18.5516605377, 14.2489519119, 9.71550655365, 9.38647651672, 14.3379688263, 13.6886024475, 18.762178421, 13.5164289474, 10.1546583176, 10.8046455383, 15.2137298584, 12.2980556488, 8.99361228943, 8.6762342453, 4.94512987137, 4.50626945496, 2.56708621979, 2.47840619087, 2.52559685707, 2.99978280067, 3.28497385979, 1.6646078825, 0.909200489521, 0.450838088989, 0.0889712050557, 0.0152661260217, 0.0007988975849], "dmean2": [0.342740178108, 4.93007946014, 19.4741344452, 17.2581634521, 24.6506996155, 10.3013534546, 5.53674840927, 8.74285030365, 10.081618309, 9.81637382507, 9.71075057983, 15.9653043747, 26.0824451447, 27.3147907257, 20.9086303711, 14.5530834198, 14.6154985428, 23.0000495911, 21.797712326, 31.0494785309, 21.8769321442, 16.1357212067, 17.95495224, 24.8222427368, 20.6272106171, 14.8803949356, 14.5393571854, 8.36254405975, 7.74348449707, 4.28612804413, 3.92935991287, 3.86375617981, 4.54110908508, 4.98832273483, 2.44077849388, 1.37288939953, 0.713465213776, 0.14350323379, 0.025443283841, 0.00130503752735], "dvar": [0.11610262841, 33.5711631775, 943.087280273, 584.379394531, 1973.23278809, 316.588989258, 54.5445175171, 125.505371094, 231.096588135, 413.281585693, 249.715423584, 546.83392334, 1312.0690918, 1867.66088867, 1103.24938965, 470.312988281, 271.902374268, 838.749755859, 574.617004395, 936.574401855, 749.702575684, 528.013366699, 334.726898193, 610.17175293, 423.246765137, 263.201507568, 205.366943359, 108.701782227, 152.612640381, 28.6289958954, 27.1823444366, 30.5352020264, 44.6444320679, 50.7891654968, 8.99857711792, 2.61716151237, 0.929433882236, 0.0375466495752, 0.00157584110275, 4.24099516749e-06], "dvar2": [0.295874983072, 92.3343658447, 2569.43676758, 1653.64404297, 5368.86816406, 859.982055664, 145.092376709, 323.829193115, 588.011413574, 1067.23693848, 572.242004395, 1191.82385254, 2780.21630859, 4020.75244141, 2254.39550781, 933.580505371, 619.108886719, 1973.18981934, 1326.15197754, 2523.25830078, 1771.58032227, 1178.11096191, 897.240234375, 1566.56884766, 1158.85852051, 681.73828125, 574.683959961, 303.693725586, 438.923553467, 78.2559585571, 60.1669387817, 64.0384216309, 91.4622344971, 104.184738159, 17.9677238464, 6.21833229065, 2.432117939, 0.0995109304786, 0.00428549619392, 1.14210970423e-05], "max": [6.3418674469, 56.7436027527, 235.286010742, 200.348770142, 455.18637085, 190.406219482, 103.426582336, 194.449081421, 418.632232666, 550.332092285, 511.520904541, 778.824157715, 1125.57409668, 1018.87298584, 941.447814941, 818.763916016, 370.846252441, 976.890930176, 667.498291016, 518.788146973, 702.89276123, 790.268554688, 324.346832275, 566.012512207, 381.868774414, 397.993255615, 239.616043091, 216.536483765, 228.366729736, 123.818321228, 141.140396118, 153.906433105, 188.931808472, 209.542770386, 112.220199585, 23.624753952, 15.031627655, 3.70932841301, 0.463503599167, 0.0259840376675], "mean": [0.511863827705, 5.59268760681, 11.5274610519, 8.30221176147, 11.4652986526, 6.11243009567, 4.51196432114, 9.12432098389, 13.3402767181, 13.0783777237, 12.9133300781, 22.2251491547, 35.2726402283, 42.0789451599, 33.2907714844, 21.9397449493, 17.6156768799, 28.3002052307, 28.2374916077, 35.993976593, 27.1119995117, 21.9074726105, 23.2730197906, 34.17786026, 26.8292827606, 20.905538559, 21.1170196533, 10.7430200577, 8.45172023773, 5.44869995117, 5.69676733017, 5.99774456024, 7.60638904572, 8.05289173126, 4.58797502518, 2.30899810791, 0.89407145977, 0.16779692471, 0.0203765891492, 0.00105029041879], "median": [0.350409775972, 4.75325059891, 4.50375080109, 3.19147443771, 2.42389273643, 1.94447851181, 1.72161960602, 2.72328257561, 3.79577875137, 3.55173993111, 6.20817804337, 10.8622159958, 14.4872121811, 11.5266485214, 9.62955474854, 8.33499908447, 8.90245819092, 13.0340127945, 13.3301486969, 16.8377304077, 12.8426303864, 9.71802997589, 14.3801584244, 19.5810852051, 16.2411079407, 14.1363935471, 14.6509866714, 8.11191177368, 5.22495317459, 3.83298611641, 3.69032096863, 3.66880059242, 4.51040172577, 4.29180860519, 2.57683491707, 1.20491373539, 0.471108883619, 0.0995113104582, 0.0087516149506, 0.000394192611566], "min": [5.09974518123e-22, 2.28193988429e-21, 7.39655210222e-21, 5.63700839988e-20, 4.4263274683e-20, 2.3933199234e-19, 3.2816514137e-19, 2.21449459021e-19, 2.05432709121e-19, 4.43287279339e-19, 1.2099333154e-18, 7.02428592989e-19, 9.28687978025e-19, 3.07324729088e-18, 1.66482847197e-18, 2.58417241101e-18, 5.47100648583e-18, 3.28927977671e-18, 4.55948405648e-18, 5.69326826206e-18, 6.6564597012e-18, 1.05638384033e-17, 1.10961440167e-17, 9.73535084539e-18, 1.36840753432e-17, 1.53226225294e-17, 1.57145208513e-17, 2.16030558503e-17, 1.95054796725e-17, 2.06176736369e-17, 2.11970557533e-17, 1.45057585134e-17, 8.31691559306e-18, 8.78664582033e-18, 8.0393088164e-18, 5.13856714714e-18, 2.52834992057e-18, 9.15231610615e-19, 3.17774951545e-19, 3.52385726414e-20], "var": [0.290379136801, 30.737575531, 648.458312988, 362.301300049, 1376.32092285, 242.133026123, 60.8204841614, 312.752624512, 615.880432129, 792.515808105, 744.490112305, 1585.12158203, 4826.50585938, 6967.16601562, 5347.45263672, 3134.56811523, 754.50994873, 2894.9128418, 2085.56054688, 2615.96142578, 1962.83374023, 1628.95373535, 812.7265625, 1761.42089844, 1017.29321289, 591.289916992, 437.464569092, 133.649627686, 135.768325806, 44.4969406128, 68.2448883057, 84.9053192139, 157.292861938, 185.736038208, 37.2302894592, 7.48921060562, 1.32849168777, 0.0468268357217, 0.00132927682716, 3.61545312444e-06]}, "gfcc": {"mean": [48.1345062256, 43.2902297974, -79.6811752319, 29.8266830444, -31.3634586334, 22.7912063599, -22.715511322, 25.8202114105, -24.6128425598, 10.5212078094, -18.031288147, -1.44758415222, -9.3514585495], "cov": [[8680.56933594, -1622.97839355, 180.98097229, 272.51385498, -618.926696777, 390.109466553, 79.8810577393, 350.432312012, -111.055923462, 213.582382202, -159.786895752, 127.24785614, -34.6768035889], [-1622.97839355, 1390.14404297, -252.818572998, 52.2354278564, 359.007171631, -182.863830566, 22.9462890625, -99.3024673462, 11.1866788864, -101.521858215, 62.4928779602, -70.9619369507, 27.5103874207], [180.98097229, -252.818572998, 661.790527344, 103.441207886, -73.2711029053, 79.7293701172, -45.054851532, -1.73419499397, 23.6476097107, -24.5048809052, -75.3251495361, -14.5019540787, -47.6562957764], [272.51385498, 52.2354278564, 103.441207886, 320.572906494, -16.025384903, 48.3620567322, 41.9397659302, 18.4968891144, 27.6836185455, -18.6231307983, -22.578710556, -9.63296413422, -25.9485588074], [-618.926696777, 359.007171631, -73.2711029053, -16.025384903, 348.755279541, -32.955871582, 44.4495201111, -13.7471189499, 21.2763347626, -30.3619213104, 37.9772605896, -24.9778499603, 0.821942687035], [390.109466553, -182.863830566, 79.7293701172, 48.3620567322, -32.955871582, 241.328720093, 86.7771530151, 31.8672027588, 1.77577328682, 38.8173103333, -25.596321106, -14.2522754669, -8.39872550964], [79.8810577393, 22.9462890625, -45.054851532, 41.9397659302, 44.4495201111, 86.7771530151, 185.208297729, 74.5706634521, 35.1286506653, 22.2735538483, 17.2439594269, -6.92878866196, -4.14635467529], [350.432312012, -99.3024673462, -1.73419499397, 18.4968891144, -13.7471189499, 31.8672027588, 74.5706634521, 191.079421997, 57.796787262, 34.9117393494, 10.3894386292, 22.7423782349, 18.5363407135], [-111.055923462, 11.1866788864, 23.6476097107, 27.6836185455, 21.2763347626, 1.77577328682, 35.1286506653, 57.796787262, 102.618392944, 25.2641620636, 6.95055866241, 6.8120765686, 2.72069692612], [213.582382202, -101.521858215, -24.5048809052, -18.6231307983, -30.3619213104, 38.8173103333, 22.2735538483, 34.9117393494, 25.2641620636, 92.5960540771, 35.6451797485, 12.9833621979, 8.22287559509], [-159.786895752, 62.4928779602, -75.3251495361, -22.578710556, 37.9772605896, -25.596321106, 17.2439594269, 10.3894386292, 6.95055866241, 35.6451797485, 90.9825515747, 29.5802459717, 11.2413368225], [127.24785614, -70.9619369507, -14.5019540787, -9.63296413422, -24.9778499603, -14.2522754669, -6.92878866196, 22.7423782349, 6.8120765686, 12.9833621979, 29.5802459717, 74.7150802612, 30.7740135193], [-34.6768035889, 27.5103874207, -47.6562957764, -25.9485588074, 0.821942687035, -8.39872550964, -4.14635467529, 18.5363407135, 2.72069692612, 8.22287559509, 11.2413368225, 30.7740135193, 71.4903793335]], "icov": [[0.000197303976165, 0.000117490562843, 6.45617838018e-05, -0.000211938095163, 5.28543023393e-05, -4.32228152931e-05, 1.29318823383e-05, -0.000347384659108, 0.000531408295501, -0.000500554044265, 0.000522091286257, -0.000382296566386, 0.000221559021156], [0.000117490562843, 0.00150946504436, 0.000333538919222, -0.000637150427792, -0.0008874941268, 0.000703969795723, -0.000261934299488, 0.00040615486796, -0.000152973589138, 0.000924674212001, -0.000861513195559, 0.0016003131168, -0.00121433462482], [6.45617838018e-05, 0.000333538919222, 0.00207596248947, -0.000553574587684, -4.59651819256e-05, -0.000732648302801, 0.000963698781561, -0.000121662458696, -0.000741849129554, 0.000560564163607, 0.000920192338526, -0.000313516909955, 0.00104181270581], [-0.000211938095163, -0.000637150427792, -0.000553574587684, 0.00407315744087, 0.000579079729505, -0.000725076475646, -0.000629055139143, 0.000192612496903, -0.00148445810191, 0.00147331575863, -0.000205867167097, -0.000408793945098, 0.00116888713092], [5.28543023393e-05, -0.0008874941268, -4.59651819256e-05, 0.000579079729505, 0.00443650409579, -0.000395205977838, -0.000738680071663, 4.01487668569e-05, -0.00102182663977, 0.00166466319934, -0.00192601920571, 0.000973953690846, 0.000127029517898], [-4.32228152931e-05, 0.000703969795723, -0.000732648302801, -0.000725076475646, -0.000395205977838, 0.00716414721683, -0.00375274010003, 0.00069950253237, 0.00172473967541, -0.00343427201733, 0.00245767505839, 0.00111303396989, -0.0011324621737], [1.29318823383e-05, -0.000261934299488, 0.000963698781561, -0.000629055139143, -0.000738680071663, -0.00375274010003, 0.00937756616622, -0.00302721327171, -0.00149516854435, 0.000987826962955, -0.0020639966242, 0.00091291917488, 0.0012924214825], [-0.000347384659108, 0.00040615486796, -0.000121662458696, 0.000192612496903, 4.01487668569e-05, 0.00069950253237, -0.00302721327171, 0.00868559442461, -0.00420953799039, 6.64482286084e-06, -0.000487444078317, -0.00026260750019, -0.00233275443316], [0.000531408295501, -0.000152973589138, -0.000741849129554, -0.00148445810191, -0.00102182663977, 0.00172473967541, -0.00149516854435, -0.00420953799039, 0.0154305202886, -0.00639666011557, 0.0037299063988, -0.00249688094482, 0.00113924546167], [-0.000500554044265, 0.000924674212001, 0.000560564163607, 0.00147331575863, 0.00166466319934, -0.00343427201733, 0.000987826962955, 6.64482286084e-06, -0.00639666011557, 0.0208671241999, -0.0113762952387, 0.0044446545653, -0.00233834935352], [0.000522091286257, -0.000861513195559, 0.000920192338526, -0.000205867167097, -0.00192601920571, 0.00245767505839, -0.0020639966242, -0.000487444078317, 0.0037299063988, -0.0113762952387, 0.0222734846175, -0.0104367984459, 0.00359788490459], [-0.000382296566386, 0.0016003131168, -0.000313516909955, -0.000408793945098, 0.000973953690846, 0.00111303396989, 0.00091291917488, -0.00026260750019, -0.00249688094482, 0.0044446545653, -0.0104367984459, 0.0238301791251, -0.00995114911348], [0.000221559021156, -0.00121433462482, 0.00104181270581, 0.00116888713092, 0.000127029517898, -0.0011324621737, 0.0012924214825, -0.00233275443316, 0.00113924546167, -0.00233834935352, 0.00359788490459, -0.00995114911348, 0.0201701782644]]}, "melbands": {"dmean": [0.00229781400412, 0.00501854345202, 0.00185788574163, 0.000754332635552, 0.000121867429698, 0.000114913782454, 9.44221537793e-05, 6.39783756924e-05, 5.78363651584e-05, 7.18325172784e-05, 8.89419025043e-05, 7.67890742281e-05, 5.80716368859e-05, 2.91220530926e-05, 2.04269472306e-05, 2.17479009734e-05, 2.90487460006e-05, 2.24770028581e-05, 2.53099369729e-05, 1.96064465854e-05, 1.80757269845e-05, 1.24896341731e-05, 9.12114956009e-06, 1.40119400385e-05, 1.33552694024e-05, 1.12132429422e-05, 7.81932249083e-06, 6.15700901108e-06, 6.66197183818e-06, 4.67842573926e-06, 2.57598912867e-06, 2.92815525427e-06, 1.87723503586e-06, 1.40229644785e-06, 1.46804109136e-06, 1.60211209277e-06, 1.67408381913e-06, 2.08374626709e-06, 2.9938564694e-06, 2.86384602077e-06], "dmean2": [0.00386627670377, 0.00875161122531, 0.00337254325859, 0.00130309001543, 0.000208917073905, 0.000189982994925, 0.000152706576046, 0.000101437377452, 8.63043460413e-05, 0.000106713494461, 0.000132188026328, 0.000113291855087, 8.69220966706e-05, 4.35158799519e-05, 3.12452139042e-05, 3.41130835295e-05, 4.6587036195e-05, 3.56642085535e-05, 4.07617299061e-05, 3.24526336044e-05, 2.92088298011e-05, 1.9911381969e-05, 1.50372889038e-05, 2.33064911299e-05, 2.16324151552e-05, 1.84840409929e-05, 1.33890271172e-05, 1.01124915091e-05, 1.11621093311e-05, 7.81142989581e-06, 4.41053043687e-06, 5.04094396092e-06, 3.19484774991e-06, 2.3365994366e-06, 2.36364758166e-06, 2.50758876064e-06, 2.60071033154e-06, 3.24592497236e-06, 4.66316441816e-06, 4.37774679085e-06], "dvar": [1.47610444401e-05, 0.000163237491506, 1.97792687686e-05, 5.81973017688e-06, 8.20760917009e-08, 5.71829374962e-08, 5.44151639303e-08, 4.28559090437e-08, 1.72654992525e-08, 2.1420582641e-08, 3.33136718211e-08, 3.35254775052e-08, 1.96517095929e-08, 5.33082333831e-09, 1.23604926294e-09, 2.23950813449e-09, 3.63999164144e-09, 1.68141989221e-09, 1.60541335781e-09, 1.0261897998e-09, 1.46325707107e-09, 9.73113367664e-10, 3.36978583926e-10, 4.69945860004e-10, 4.97981156311e-10, 3.59850232945e-10, 2.2164810265e-10, 1.14469975165e-10, 1.1412284312e-10, 6.71862773749e-11, 3.67572534909e-11, 7.476642222e-11, 1.666071274e-11, 7.8290854702e-12, 8.5537930905e-12, 1.43151220044e-11, 1.28498002169e-11, 2.17752552101e-11, 4.38519082158e-11, 3.86897874849e-11], "dvar2": [3.91765643144e-05, 0.000439620867837, 5.51611883566e-05, 1.55950638145e-05, 2.26277251159e-07, 1.46863214923e-07, 1.38360320534e-07, 1.10887818039e-07, 3.79256768213e-08, 4.73326124961e-08, 7.02779274775e-08, 7.25839157667e-08, 4.30216857694e-08, 1.06773550002e-08, 2.68628408406e-09, 5.26392707201e-09, 8.36038349661e-09, 3.72935193838e-09, 3.93345755967e-09, 2.68571742623e-09, 3.39792616266e-09, 2.12887441009e-09, 8.62137472524e-10, 1.24844445892e-09, 1.2497705093e-09, 9.43511713203e-10, 6.16375173124e-10, 2.91734830737e-10, 3.14366893628e-10, 1.84426335315e-10, 1.0280803292e-10, 2.16026224686e-10, 4.71911988653e-11, 2.08257803364e-11, 2.00863145561e-11, 3.02441058309e-11, 2.84535173201e-11, 4.65218662205e-11, 9.90828669112e-11, 7.95071994353e-11], "max": [0.0513076297939, 0.0994658842683, 0.0320635400712, 0.025235068053, 0.00318712904118, 0.00417917454615, 0.00600855005905, 0.00596297439188, 0.00479888683185, 0.00435062032193, 0.00560237327591, 0.00433888705447, 0.0041370363906, 0.00242439866997, 0.000943490595091, 0.00140980316792, 0.00219610217027, 0.00114917126484, 0.000743825628888, 0.000699256605003, 0.00104022934102, 0.000929554342292, 0.000457474874565, 0.000398827251047, 0.000511285674293, 0.000460968061816, 0.00048753307783, 0.00024293041497, 0.000176030327566, 0.000183499316336, 0.00012172179413, 0.000184882213944, 6.85358172632e-05, 6.72427559039e-05, 7.48892634874e-05, 8.09416160337e-05, 9.48952874751e-05, 0.000132210712763, 0.000212170169107, 0.00019318255363], "mean": [0.00560424197465, 0.00682382471859, 0.00162004691083, 0.000666186097078, 0.000164413417224, 0.00020378123736, 0.000206671888009, 0.000129485677462, 0.000114911657874, 0.000143457247759, 0.000175363427843, 0.000169843027834, 0.000128638814203, 6.74709808663e-05, 3.89159322367e-05, 3.96950345021e-05, 5.37950654689e-05, 4.21839722549e-05, 4.84984884679e-05, 3.59292644134e-05, 3.27020534314e-05, 2.42833593802e-05, 1.65544151969e-05, 2.81392967736e-05, 2.71746812359e-05, 2.33648843277e-05, 1.45481344589e-05, 1.34202400659e-05, 1.49675252032e-05, 9.8623759186e-06, 4.74416901852e-06, 5.04003446622e-06, 3.60584454029e-06, 2.75495199276e-06, 3.16577688864e-06, 3.38854192705e-06, 3.744531341e-06, 4.87980241815e-06, 6.72315718475e-06, 6.74182820148e-06], "median": [0.0046726167202, 0.00411367928609, 0.000571892713197, 0.000165130331879, 6.47108681733e-05, 5.85408561165e-05, 5.73016368435e-05, 3.64115439879e-05, 5.53709323867e-05, 6.87840511091e-05, 6.63425307721e-05, 3.85052408092e-05, 2.73701134574e-05, 1.76838366315e-05, 1.72165273398e-05, 1.69069207914e-05, 2.2204936613e-05, 1.72439158632e-05, 2.19096054934e-05, 1.68972819665e-05, 1.33852126964e-05, 9.21405899135e-06, 7.19793843018e-06, 1.66341069416e-05, 1.41480977618e-05, 1.12379166239e-05, 9.27700057218e-06, 8.90001683729e-06, 9.11074948817e-06, 7.1700837907e-06, 3.37167443831e-06, 3.06401148009e-06, 2.17426281779e-06, 1.92987727132e-06, 2.08249502975e-06, 1.84709040241e-06, 2.31319972954e-06, 2.93540529128e-06, 3.62485889127e-06, 3.50755703948e-06], "min": [3.71107227745e-24, 4.03437666426e-24, 8.53331272675e-24, 8.37259020592e-24, 1.30884014862e-23, 4.40711186426e-24, 2.90832643422e-24, 3.88060164143e-24, 8.76134874862e-24, 3.71087624552e-24, 4.32705628744e-24, 1.10474171649e-23, 6.65763263038e-24, 5.87828814869e-24, 1.09085484577e-23, 6.65888376378e-24, 5.89741368691e-24, 6.66272709411e-24, 9.24990214014e-24, 7.09337099543e-24, 7.37359963251e-24, 1.01681938207e-23, 9.8820605597e-24, 9.19932747864e-24, 7.75450900921e-24, 7.64448026787e-24, 1.05706391001e-23, 9.84706511223e-24, 1.03449878047e-23, 9.56928352167e-24, 1.35815089717e-23, 1.12697875877e-23, 9.54930877469e-24, 1.2401806931e-23, 1.18641595699e-23, 1.16342160824e-23, 7.07147458329e-24, 5.36394373874e-24, 6.32312444656e-24, 6.96190811444e-24], "var": [2.37748790823e-05, 0.000121020646475, 1.28529591166e-05, 4.26769020123e-06, 8.17945888798e-08, 1.46675589008e-07, 1.37170090397e-07, 7.9962326538e-08, 6.00893130809e-08, 6.55279279727e-08, 1.23042113387e-07, 1.30275509491e-07, 9.31644095203e-08, 4.00603461514e-08, 5.29043520103e-09, 5.92807181121e-09, 1.21328174174e-08, 5.59509771847e-09, 4.69935246272e-09, 2.73572209331e-09, 3.51991769065e-09, 2.71269429142e-09, 8.54837589603e-10, 1.19638254859e-09, 1.34749111869e-09, 1.18362497581e-09, 3.24963028708e-10, 2.55120480297e-10, 2.74904710107e-10, 1.18797138793e-10, 3.48390587213e-11, 5.88108867161e-11, 2.1361573968e-11, 1.30120237501e-11, 1.96187614765e-11, 3.49281645273e-11, 3.32713440132e-11, 6.5730421106e-11, 1.37693578761e-10, 1.35422284497e-10]}, "mfcc": {"mean": [-612.445007324, 91.4897232056, 14.4235143661, 24.9629154205, 18.5093631744, 6.09991264343, 20.4204730988, 7.45340108871, 14.8434638977, 11.5670824051, 4.89527463913, 0.0466376505792, 0.13469864428], "cov": [[5824.84814453, -1016.94128418, 79.6913452148, -26.4027957916, -275.128936768, -65.9656448364, 155.375183105, 42.6464958191, 200.016845703, 40.9469413757, 16.2861099243, 13.2535524368, 82.1757965088], [-1016.94128418, 924.437316895, -202.662719727, 129.592422485, 155.228912354, -1.96410083771, 30.3639602661, 17.1667098999, -37.3262748718, -2.14426422119, -1.35474729538, -22.6630249023, -14.3027744293], [79.6913452148, -202.662719727, 574.040527344, 33.4791297913, 10.1516094208, 60.7321739197, -47.0543174744, 20.3460140228, 18.4957523346, 2.78222513199, 12.1611804962, 5.45817089081, -53.4436302185], [-26.4027957916, 129.592422485, 33.4791297913, 251.711593628, 63.0705604553, -9.26387119293, -13.6276454926, 50.8882637024, 2.04634690285, -6.57104730606, 6.74445867538, 12.8149108887, 16.0922698975], [-275.128936768, 155.228912354, 10.1516094208, 63.0705604553, 194.647033691, 27.7790317535, 2.78058934212, 22.7141742706, -4.1240439415, -0.945895493031, -7.74475860596, 4.29987621307, 7.74588871002], [-65.9656448364, -1.96410083771, 60.7321739197, -9.26387119293, 27.7790317535, 205.933029175, 45.0154838562, 5.98270893097, -2.65863752365, 8.48473358154, 16.2565670013, -17.1605491638, -8.50960350037], [155.375183105, 30.3639602661, -47.0543174744, -13.6276454926, 2.78058934212, 45.0154838562, 145.458724976, 41.2405662537, 28.9018669128, 35.589881897, 25.3538188934, 11.6487092972, 15.1227521896], [42.6464958191, 17.1667098999, 20.3460140228, 50.8882637024, 22.7141742706, 5.98270893097, 41.2405662537, 125.190132141, 62.283531189, 20.9953365326, 22.0317344666, 25.6558094025, 23.222776413], [200.016845703, -37.3262748718, 18.4957523346, 2.04634690285, -4.1240439415, -2.65863752365, 28.9018669128, 62.283531189, 127.875396729, 54.9805488586, 15.7858982086, 14.5280590057, 12.93542099], [40.9469413757, -2.14426422119, 2.78222513199, -6.57104730606, -0.945895493031, 8.48473358154, 35.589881897, 20.9953365326, 54.9805488586, 99.2059249878, 38.6709022522, 7.905169487, 11.4526262283], [16.2861099243, -1.35474729538, 12.1611804962, 6.74445867538, -7.74475860596, 16.2565670013, 25.3538188934, 22.0317344666, 15.7858982086, 38.6709022522, 76.0001373291, 33.9507598877, 6.43945789337], [13.2535524368, -22.6630249023, 5.45817089081, 12.8149108887, 4.29987621307, -17.1605491638, 11.6487092972, 25.6558094025, 14.5280590057, 7.905169487, 33.9507598877, 81.1471939087, 35.5248603821], [82.1757965088, -14.3027744293, -53.4436302185, 16.0922698975, 7.74588871002, -8.50960350037, 15.1227521896, 23.222776413, 12.93542099, 11.4526262283, 6.43945789337, 35.5248603821, 90.4572296143]], "icov": [[0.000253449630691, 0.000281402200926, 9.84127200354e-06, -0.000209234509384, 0.000147636092152, 0.000143721801578, -0.000418625917519, 0.000239647386479, -0.000437276234152, 0.000269965617917, -0.000128088751808, 0.000270551943686, -0.000202157432796], [0.000281402200926, 0.0018572016852, 0.000645024410915, -0.00089207442943, -0.000920255668461, 0.000258226122241, -0.000722332682926, 0.000129350548377, -2.34677645494e-05, 9.5161711215e-05, -0.000379412987968, 0.000658904609736, 0.00052800035337], [9.84127200354e-06, 0.000645024410915, 0.00238371617161, -0.000514321553055, -0.000338291953085, -0.000851235876326, 0.000977865536697, -0.000591792049818, -6.01410501986e-05, -0.000407230574638, 0.00010228127212, -0.000846959126648, 0.00191572285257], [-0.000209234509384, -0.00089207442943, -0.000514321553055, 0.00537569867447, -0.00103531731293, 0.000256992527284, 0.00130973011255, -0.00245016440749, 0.000978765659966, 0.000204468728043, -0.000512938247994, 5.30521865585e-05, -0.000838455453049], [0.000147636092152, -0.000920255668461, -0.000338291953085, -0.00103531731293, 0.00679882988334, -0.00106797995977, 0.000137045513839, -0.0007635699003, 0.000324396853102, -0.000688793486916, 0.00199903151952, -0.00107454881072, -0.000484337448142], [0.000143721801578, 0.000258226122241, -0.000851235876326, 0.000256992527284, -0.00106797995977, 0.00619329512119, -0.00247104046866, 0.000461936520878, 1.03642082649e-06, 0.00102968176361, -0.00240079988725, 0.00287658418529, -0.000759096641559], [-0.000418625917519, -0.000722332682926, 0.000977865536697, 0.00130973011255, 0.000137045513839, -0.00247104046866, 0.0103002134711, -0.00352013297379, 0.00101535080466, -0.00290528824553, -0.000291120551992, -0.00119219359476, 0.000259908963926], [0.000239647386479, 0.000129350548377, -0.000591792049818, -0.00245016440749, -0.0007635699003, 0.000461936520878, -0.00352013297379, 0.0142214437947, -0.00716535653919, 0.00324571249075, -0.0026524735149, -0.000437620154116, -0.00209029158577], [-0.000437276234152, -2.34677645494e-05, -6.01410501986e-05, 0.000978765659966, 0.000324396853102, 1.03642082649e-06, 0.00101535080466, -0.00716535653919, 0.0149790672585, -0.00831703562289, 0.00366455386393, -0.001927501522, 0.00123308715411], [0.000269965617917, 9.5161711215e-05, -0.000407230574638, 0.000204468728043, -0.000688793486916, 0.00102968176361, -0.00290528824553, 0.00324571249075, -0.00831703562289, 0.018712868914, -0.00994426012039, 0.00478446111083, -0.00304981251247], [-0.000128088751808, -0.000379412987968, 0.00010228127212, -0.000512938247994, 0.00199903151952, -0.00240079988725, -0.000291120551992, -0.0026524735149, 0.00366455386393, -0.00994426012039, 0.0237019844353, -0.0110712861642, 0.00393632752821], [0.000270551943686, 0.000658904609736, -0.000846959126648, 5.30521865585e-05, -0.00107454881072, 0.00287658418529, -0.00119219359476, -0.000437620154116, -0.001927501522, 0.00478446111083, -0.0110712861642, 0.0214800387621, -0.00795488525182], [-0.000202157432796, 0.00052800035337, 0.00191572285257, -0.000838455453049, -0.000484337448142, -0.000759096641559, 0.000259908963926, -0.00209029158577, 0.00123308715411, -0.00304981251247, 0.00393632752821, -0.00795488525182, 0.0161199960858]]}, "spectral_contrast_coeffs": {"dmean": [0.0553164631128, 0.0439751073718, 0.0379814580083, 0.0318164862692, 0.0220249909908, 0.0150530757383], "dmean2": [0.0897528752685, 0.0715717077255, 0.0610685199499, 0.0519198924303, 0.0353464484215, 0.0244905594736], "dvar": [0.00306623498909, 0.00140618404839, 0.00102117145434, 0.000676724710502, 0.000358502962627, 0.000205437929253], "dvar2": [0.00759816309437, 0.00358897051774, 0.00253059365787, 0.00175026536454, 0.000848549127113, 0.000535126891918], "max": [-0.266060709953, -0.434221565723, -0.480480283499, -0.548851132393, -0.580995678902, -0.669732153416], "mean": [-0.666804432869, -0.725097060204, -0.725259244442, -0.752084314823, -0.769003868103, -0.792692959309], "median": [-0.676169872284, -0.731358170509, -0.728361070156, -0.755178689957, -0.773867368698, -0.791464567184], "min": [-0.968802273273, -0.962359011173, -0.962799191475, -0.957735598087, -0.960168480873, -0.960952579975], "var": [0.00616208557039, 0.00626992480829, 0.00581428268924, 0.00384828518145, 0.00270056631416, 0.000857409089804]}, "spectral_contrast_valleys": {"dmean": [0.379665464163, 0.382273226976, 0.299295932055, 0.287942051888, 0.253911435604, 0.211188226938], "dmean2": [0.608273804188, 0.618855297565, 0.481456160545, 0.461104691029, 0.402553617954, 0.294055700302], "dvar": [0.161642581224, 0.172071605921, 0.121808841825, 0.139292746782, 0.151127740741, 0.109832458198], "dvar2": [0.308374375105, 0.340667843819, 0.222203835845, 0.263737261295, 0.29042968154, 0.179763048887], "max": [-5.03937149048, -4.93741083145, -5.55743980408, -5.70367097855, -5.32744121552, -7.4035077095], "mean": [-6.9