{"lowlevel": {"average_loudness": 0.914819717407, "barkbands_crest": {"dmean": 1.75784111023, "dmean2": 2.77426958084, "dvar": 3.33528161049, "dvar2": 8.30426979065, "max": 26.7039413452, "mean": 9.54533863068, "median": 8.5366601944, "min": 2.83549928665, "var": 16.8663253784}, "barkbands_flatness_db": {"dmean": 0.0219971444458, "dmean2": 0.0329794324934, "dvar": 0.000845293689054, "dvar2": 0.00198963261209, "max": 0.738575100899, "mean": 0.166816979647, "median": 0.140738621354, "min": 0.046512119472, "var": 0.0106472177431}, "barkbands_kurtosis": {"dmean": 1.66114830971, "dmean2": 2.47402310371, "dvar": 66.5088500977, "dvar2": 81.8575286865, "max": 874.982727051, "mean": 2.60076189041, "median": 0.443508148193, "min": -1.99129629135, "var": 468.492095947}, "barkbands_skewness": {"dmean": 0.364516466856, "dmean2": 0.549731731415, "dvar": 0.242688313127, "dvar2": 0.52446359396, "max": 8.23479366302, "mean": 0.818499624729, "median": 0.868322789669, "min": -18.6530952454, "var": 1.48762607574}, "barkbands_spread": {"dmean": 3.68303418159, "dmean2": 5.68315458298, "dvar": 18.7831115723, "dvar2": 44.5227546692, "max": 81.1218109131, "mean": 20.0752010345, "median": 19.5503025055, "min": 0.0199491269886, "var": 69.7893753052}, "dissonance": {"dmean": 0.0257198885083, "dmean2": 0.0439845882356, "dvar": 0.00111062196083, "dvar2": 0.00311489100568, "max": 0.499993771315, "mean": 0.443144738674, "median": 0.453413277864, "min": 0.0577365607023, "var": 0.00198239181191}, "dynamic_complexity": 3.65082216263, "erbbands_crest": {"dmean": 2.31421208382, "dmean2": 3.32422828674, "dvar": 6.10532522202, "dvar2": 12.2703838348, "max": 34.8808364868, "mean": 14.3315525055, "median": 12.6958084106, "min": 2.67637896538, "var": 51.0607948303}, "erbbands_flatness_db": {"dmean": 0.0203904695809, "dmean2": 0.0281458832324, "dvar": 0.000619409838691, "dvar2": 0.00127449806314, "max": 0.743549048901, "mean": 0.199887678027, "median": 0.177138805389, "min": 0.048981692642, "var": 0.00974373146892}, "erbbands_kurtosis": {"dmean": 1.42998659611, "dmean2": 2.10139012337, "dvar": 26.2403144836, "dvar2": 55.1849784851, "max": 197.584152222, "mean": 2.52944803238, "median": 0.114939212799, "min": -1.94812107086, "var": 115.687927246}, "erbbands_skewness": {"dmean": 0.321765303612, "dmean2": 0.479697793722, "dvar": 0.23509028554, "dvar2": 0.507362008095, "max": 7.98928260803, "mean": -0.0140362912789, "median": 0.0874964892864, "min": -9.92728042603, "var": 1.12638556957}, "erbbands_spread": {"dmean": 4.9045715332, "dmean2": 7.12566041946, "dvar": 33.6409301758, "dvar2": 70.0503997803, "max": 119.092292786, "mean": 27.4892654419, "median": 26.19622612, "min": 0.178274691105, "var": 223.898910522}, "hfc": {"dmean": 5.73290252686, "dmean2": 8.06300354004, "dvar": 78.840461731, "dvar2": 179.740402222, "max": 107.432312012, "mean": 20.9764328003, "median": 17.9334259033, "min": 3.97959720733e-11, "var": 235.699050903}, "melbands_crest": {"dmean": 2.15494394302, "dmean2": 3.44257545471, "dvar": 4.69268226624, "dvar2": 12.2610063553, "max": 33.7675170898, "mean": 12.2681865692, "median": 11.2168273926, "min": 3.12159705162, "var": 22.338552475}, "melbands_flatness_db": {"dmean": 0.0249908249825, "dmean2": 0.0378504544497, "dvar": 0.00115699693561, "dvar2": 0.00278682610951, "max": 0.764170825481, "mean": 0.223057642579, "median": 0.200662434101, "min": 0.0257375258952, "var": 0.0107394400984}, "melbands_kurtosis": {"dmean": 2.58990645409, "dmean2": 4.01637840271, "dvar": 32.9992141724, "dvar2": 68.0098876953, "max": 230.226608276, "mean": 5.50714826584, "median": 2.69175004959, "min": -1.96079587936, "var": 127.219345093}, "melbands_skewness": {"dmean": 0.443036288023, "dmean2": 0.666135013103, "dvar": 0.302081167698, "dvar2": 0.648744404316, "max": 12.1300535202, "mean": 1.56909358501, "median": 1.5170981884, "min": -6.13596534729, "var": 1.97942101955}, "melbands_spread": {"dmean": 4.60817050934, "dmean2": 7.34672737122, "dvar": 27.6814098358, "dvar2": 69.5620880127, "max": 125.852241516, "mean": 25.1616516113, "median": 24.2152709961, "min": 0.270127594471, "var": 117.288780212}, "pitch_salience": {"dmean": 0.0514718107879, "dmean2": 0.082281447947, "dvar": 0.00308471452445, "dvar2": 0.00799337867647, "max": 0.951015472412, "mean": 0.481837898493, "median": 0.481332749128, "min": 0.0714896172285, "var": 0.0109214810655}, "silence_rate_20dB": {"dmean": 0, "dmean2": 0, "dvar": 0, "dvar2": 0, "max": 1, "mean": 1, "median": 1, "min": 1, "var": 0}, "silence_rate_30dB": {"dmean": 0, "dmean2": 0, "dvar": 0, "dvar2": 0, "max": 1, "mean": 1, "median": 1, "min": 1, "var": 0}, "silence_rate_60dB": {"dmean": 0.00993630569428, "dmean2": 0.0197477377951, "dvar": 0.00983801204711, "dvar2": 0.0214021410793, "max": 1, "mean": 0.0636861547828, "median": 0, "min": 0, "var": 0.0596327148378}, "spectral_centroid": {"dmean": 176.892807007, "dmean2": 282.212249756, "dvar": 51102.0078125, "dvar2": 113466.4375, "max": 11259.453125, "mean": 1255.18395996, "median": 1245.05871582, "min": 285.345123291, "var": 153074.453125}, "spectral_complexity": {"dmean": 2.78343939781, "dmean2": 4.31023073196, "dvar": 13.8548717499, "dvar2": 29.0446224213, "max": 50, "mean": 16.6116409302, "median": 17, "min": 0, "var": 72.5069351196}, "spectral_decrease": {"dmean": 1.97376359701e-09, "dmean2": 3.06845970854e-09, "dvar": 1.38206933204e-17, "dvar2": 3.4095531199e-17, "max": 1.39403270876e-22, "mean": -6.44858522136e-09, "median": -5.34518296291e-09, "min": -3.82587082015e-08, "var": 2.33933923332e-17}, "spectral_energy": {"dmean": 0.00787742063403, "dmean2": 0.0121467309073, "dvar": 0.000215540087083, "dvar2": 0.000528813805431, "max": 0.150875940919, "mean": 0.0262410808355, "median": 0.0218519251794, "min": 3.08347076679e-15, "var": 0.000377105199732}, "spectral_energyband_high": {"dmean": 0.000230337507674, "dmean2": 0.00033447088208, "dvar": 1.39360281537e-07, "dvar2": 3.16393766298e-07, "max": 0.00428313016891, "mean": 0.000426733284257, "median": 0.000241602916503, "min": 2.33960410317e-15, "var": 2.69394917041e-07}, "spectral_energyband_low": {"dmean": 0.0028258766979, "dmean2": 0.00448651006445, "dvar": 4.09204949392e-05, "dvar2": 9.40082027228e-05, "max": 0.0652977749705, "mean": 0.00607178732753, "median": 0.00416207173839, "min": 1.16328585028e-17, "var": 5.88557413721e-05}, "spectral_energyband_middle_high": {"dmean": 0.00219893874601, "dmean2": 0.00295622856356, "dvar": 1.13782980407e-05, "dvar2": 2.29494726227e-05, "max": 0.0610099509358, "mean": 0.00861285720021, "median": 0.00643035303801, "min": 2.6106926569e-16, "var": 6.08603659202e-05}, "spectral_energyband_middle_low": {"dmean": 0.00485479366034, "dmean2": 0.00802887789905, "dvar": 0.000125262609799, "dvar2": 0.000337060249876, "max": 0.127711772919, "mean": 0.0122394161299, "median": 0.00923747196794, "min": 1.98448900758e-17, "var": 0.000150762920384}, "spectral_entropy": {"dmean": 0.224366351962, "dmean2": 0.328660398722, "dvar": 0.097051627934, "dvar2": 0.227614209056, "max": 9.79579639435, "mean": 7.11734676361, "median": 7.28198385239, "min": 3.01128697395, "var": 0.641430556774}, "spectral_flux": {"dmean": 0.0234180614352, "dmean2": 0.0358614251018, "dvar": 0.00130077195354, "dvar2": 0.00270566670224, "max": 0.328421920538, "mean": 0.0606903731823, "median": 0.0467644818127, "min": 2.52752761298e-05, "var": 0.00227700266987}, "spectral_kurtosis": {"dmean": 3.6288061142, "dmean2": 6.00359344482, "dvar": 127.690124512, "dvar2": 310.123168945, "max": 474.013641357, "mean": 9.61725711823, "median": 5.09859371185, "min": -1.19208502769, "var": 436.309448242}, "spectral_rms": {"dmean": 0.000663592771161, "dmean2": 0.000984517857432, "dvar": 1.09096220058e-06, "dvar2": 2.46607010013e-06, "max": 0.0121324378997, "mean": 0.00468793371692, "median": 0.00461724493653, "min": 1.73443481799e-09, "var": 3.62428545486e-06}, "spectral_rolloff": {"dmean": 233.9896698, "dmean2": 407.033050537, "dvar": 237831.34375, "dvar2": 499231.34375, "max": 19939.7460938, "mean": 1369.24987793, "median": 1335.05859375, "min": 107.666015625, "var": 462765.375}, "spectral_skewness": {"dmean": 0.313715875149, "dmean2": 0.508786320686, "dvar": 0.347636520863, "dvar2": 0.818867623806, "max": 15.8882780075, "mean": 1.96184110641, "median": 1.69395506382, "min": -0.0317575186491, "var": 1.49733328819}, "spectral_spread": {"dmean": 575962.8125, "dmean2": 828183.75, "dvar": 659781058560, "dvar2": 1232485875710.0, "max": 39820560, "mean": 4209971.5, "median": 3940118, "min": 173013.34375, "var": 2863203090430.0}, "spectral_strongpeak": {"dmean": 0.726855456829, "dmean2": 1.20044589043, "dvar": 1.60944318771, "dvar2": 3.52702879906, "max": 14.8759288788, "mean": 2.15701413155, "median": 1.15272152424, "min": 4.28044444334e-07, "var": 5.8085694313}, "zerocrossingrate": {"dmean": 0.00688345916569, "dmean2": 0.00829474721104, "dvar": 7.78463436291e-05, "dvar2": 0.000100625089544, "max": 0.4990234375, "mean": 0.0574559830129, "median": 0.05517578125, "min": 0.00732421875, "var": 0.000457512796856}, "barkbands": {"dmean": [5.13962822879e-06, 0.00153205136303, 0.00149563571904, 0.00126123137306, 0.00241166888736, 0.00113126996439, 0.000765917124227, 0.000568455085158, 0.000267647730652, 0.000235449377215, 0.000269088079222, 0.000643395644147, 0.000578070641495, 0.000582446227781, 0.000335391931003, 9.85760052572e-05, 0.00024185438815, 0.000158333103172, 0.000149032464833, 7.57521775085e-05, 7.17955917935e-05, 4.02025470976e-05, 2.99032744806e-05, 2.71901717497e-05, 2.83379304165e-05, 2.96297384921e-05, 3.69641202269e-06], "dmean2": [7.31529235054e-06, 0.00241383025423, 0.00249037449248, 0.00218350300565, 0.00411233585328, 0.00180991110392, 0.00118491239846, 0.000803411065135, 0.000360059173545, 0.000331796443788, 0.000385202787584, 0.000852085649967, 0.000755095039494, 0.00073072075611, 0.000493454455864, 0.000159513307153, 0.000386798055843, 0.00025312975049, 0.000242636349867, 0.000119625663501, 0.000110402652354, 6.11061113887e-05, 4.62909520138e-05, 3.91922367271e-05, 4.29756910307e-05, 4.77970024804e-05, 5.70574775338e-06], "dvar": [2.09579908983e-10, 1.43604274854e-05, 1.37904735311e-05, 6.90180513629e-06, 4.53122629551e-05, 3.87359659726e-06, 3.65321034224e-06, 9.48037722992e-07, 4.68828176281e-07, 2.91382320938e-07, 1.06249353848e-06, 2.19779644794e-06, 2.01505417863e-06, 2.13075372812e-06, 8.83108725702e-07, 3.52173934459e-08, 1.27884675294e-07, 1.53911742018e-07, 9.04431161075e-08, 2.43117810328e-08, 1.41525662301e-08, 4.99079622074e-09, 2.85521961629e-09, 2.05523931207e-09, 2.66879740529e-09, 6.94117652245e-09, 7.78010156299e-11], "dvar2": [3.87299220472e-10, 3.42352468579e-05, 3.71734204236e-05, 1.90509326785e-05, 0.000123020465253, 1.00245742942e-05, 9.68471613305e-06, 1.81138818789e-06, 7.59149259011e-07, 5.35015090009e-07, 2.2132749109e-06, 4.24034078605e-06, 3.56106920663e-06, 3.59994282917e-06, 1.47638206727e-06, 9.13117190748e-08, 3.2015353213e-07, 3.58350121132e-07, 2.32590934957e-07, 6.06459522601e-08, 3.18656958598e-08, 1.14181624156e-08, 6.9756844745e-09, 4.48793890939e-09, 6.3929270766e-09, 1.88200832696e-08, 1.96427846211e-10], "max": [0.000182461371878, 0.0435355007648, 0.0570560321212, 0.0263838097453, 0.093060337007, 0.0340231359005, 0.0354568511248, 0.0264552552253, 0.0274143349379, 0.0131157608703, 0.0360973998904, 0.04121991992, 0.0524447858334, 0.043483864516, 0.0363639555871, 0.00314681208692, 0.00507922004908, 0.00569529924542, 0.00475403433666, 0.00247786846012, 0.00252482178621, 0.00102227542084, 0.000599907594733, 0.000560699147172, 0.000594695389736, 0.00127613777295, 0.000203787232749], "mean": [6.056557595e-06, 0.00220770644955, 0.00283804954961, 0.00171790411696, 0.00344857899472, 0.00272121257149, 0.00192454818171, 0.00146953575313, 0.000747712037992, 0.000521076144651, 0.000940306694247, 0.00168147776276, 0.00193487468641, 0.00162075925618, 0.000758592039347, 0.000170653569512, 0.00051721005002, 0.000235661791521, 0.000278901745332, 0.000133287598146, 0.000142641671118, 6.52546950732e-05, 4.08375708503e-05, 4.15226095356e-05, 3.9124784962e-05, 3.30788680003e-05, 4.51160940429e-06], "median": [2.92446259209e-07, 0.000956633826718, 0.00151907862164, 0.000894161406904, 0.00171090685762, 0.00148693693336, 0.000753732281737, 0.000535563507583, 0.000201812959858, 0.00015951936075, 0.000126919112517, 0.000443439785158, 0.000301197927911, 0.000227262673434, 0.000226387463044, 9.41573598539e-05, 0.000334740238031, 0.000120403667097, 0.000181396957487, 7.10691092536e-05, 8.46648908919e-05, 3.08140479319e-05, 1.44972364069e-05, 1.37360057124e-05, 1.32422637762e-05, 7.28651957616e-06, 7.31696388812e-07], "min": [4.68829096711e-18, 5.91558008272e-18, 2.56743172297e-18, 1.35991822106e-18, 5.76233350051e-19, 3.07376221081e-18, 7.32488532905e-18, 5.24824426533e-18, 1.04395363183e-18, 9.70572206303e-18, 2.00411188238e-17, 2.37577289971e-17, 1.38977261693e-17, 4.62859168794e-18, 5.56011575809e-18, 1.97094371825e-18, 1.39055297912e-17, 5.00575726138e-17, 4.64313617008e-17, 1.06890859558e-16, 8.38889784258e-17, 1.26762583372e-16, 2.04130334547e-16, 2.17048089918e-16, 3.23614178515e-16, 5.38767270441e-16, 9.92066904802e-16], "var": [3.14404752233e-10, 1.62554442795e-05, 1.62712531164e-05, 6.6670927481e-06, 3.86178544431e-05, 1.09089523903e-05, 9.46736417973e-06, 5.37554888069e-06, 3.14482258545e-06, 1.15083105356e-06, 7.05337242835e-06, 9.99810981739e-06, 1.62227861438e-05, 1.37562510645e-05, 4.83480562252e-06, 5.27686268015e-08, 3.52673026782e-07, 1.97381851308e-07, 1.2141958905e-07, 3.52263569425e-08, 2.98029974033e-08, 8.56604120969e-09, 4.30370095117e-09, 4.46277192978e-09, 4.1098586756e-09, 5.75355807442e-09, 8.38457983598e-11]}, "erbbands": {"dmean": [0.0251398906112, 0.412245988846, 1.43085002899, 3.09055185318, 8.26179790497, 6.55114269257, 6.71996736526, 9.71613502502, 11.6363611221, 9.74149417877, 13.8224248886, 4.87103271484, 8.28878307343, 8.73248958588, 11.1526842117, 31.3879470825, 26.2654972076, 35.6081352234, 19.6011047363, 7.79162788391, 8.45368099213, 10.3621807098, 9.39476013184, 6.63026380539, 7.04321908951, 4.08450460434, 3.1669023037, 2.26411557198, 1.47523796558, 1.15139973164, 0.801680147648, 0.632915019989, 0.42732205987, 0.285123437643, 0.227956920862, 0.16086512804, 0.0480613298714, 0.00577722955495, 0.000729265622795, 4.04441962019e-05], "dmean2": [0.0384461022913, 0.657547831535, 2.35485339165, 5.34938430786, 14.185500145, 11.2523984909, 10.491063118, 15.9640274048, 18.1545753479, 14.9715909958, 19.2522563934, 6.66299819946, 11.1369228363, 12.3811616898, 15.9231004715, 40.7664909363, 33.3937492371, 44.6669921875, 27.8123207092, 12.3998861313, 13.7996063232, 16.300491333, 14.8545303345, 10.6163988113, 11.5245857239, 6.43312072754, 4.97376155853, 3.44085478783, 2.24306416512, 1.76559603214, 1.22969651222, 0.94786888361, 0.616870999336, 0.421053111553, 0.350331634283, 0.256954163313, 0.0792794823647, 0.00913366954774, 0.00113960739691, 6.16677571088e-05], "dvar": [0.00466403597966, 1.01100468636, 12.5458536148, 41.9578475952, 576.242736816, 320.405853271, 180.692352295, 330.50970459, 625.851196289, 730.492919922, 619.057922363, 86.346862793, 367.468292236, 413.558868408, 1090.06726074, 5051.44482422, 4514.96386719, 8484.984375, 3234.88867188, 262.442840576, 170.093841553, 269.675750732, 565.207702637, 208.517211914, 248.444076538, 79.4095077515, 27.0937652588, 15.616063118, 7.29492950439, 4.15721178055, 2.06765413284, 1.13383924961, 0.51974517107, 0.262615948915, 0.196052283049, 0.157664313912, 0.0244227834046, 0.000233389189816, 3.19033733831e-06, 7.00042290802e-09], "dvar2": [0.0101418979466, 2.42760562897, 32.619644165, 118.410766602, 1554.15454102, 890.111022949, 445.763366699, 879.811706543, 1588.4140625, 1791.85473633, 1143.78613281, 154.581192017, 640.30847168, 812.113708496, 2257.88452148, 9625.67285156, 7801.76611328, 14576.3730469, 5206.12207031, 653.060058594, 436.931060791, 675.33013916, 1307.08422852, 515.202758789, 648.199462891, 198.28717041, 63.5918502808, 34.857219696, 16.6665744781, 9.96255588531, 4.99103784561, 2.46458292007, 1.18523943424, 0.616694629192, 0.481337845325, 0.41561999917, 0.067778095603, 0.000625874672551, 8.07988271845e-06, 1.75016854342e-08], "max": [0.767773926258, 11.4786615372, 54.5980796814, 62.8209495544, 303.096374512, 308.076538086, 253.068054199, 326.129608154, 393.537658691, 853.586181641, 724.50378418, 320.493652344, 585.883483887, 489.355407715, 1150.14953613, 2094.93310547, 2624.04101562, 2729.83789062, 2225.30151367, 528.531616211, 216.523834229, 255.649887085, 336.77166748, 248.023254395, 293.086486816, 146.858901978, 140.453781128, 66.2794113159, 46.4009284973, 27.6843032837, 16.4025325775, 14.3492212296, 9.05952072144, 6.24519491196, 6.03267621994, 5.6657705307, 2.54609155655, 0.236986905336, 0.0425962395966, 0.00185213331133], "mean": [0.0354130603373, 0.62839448452, 2.91026616096, 5.16139268875, 8.88216781616, 10.5798521042, 17.0293006897, 20.746509552, 29.4143810272, 24.1730880737, 36.8228874207, 15.4079389572, 21.9167785645, 23.1279201508, 39.4480400085, 89.2005767822, 94.4948272705, 102.090049744, 49.4832191467, 14.9424953461, 16.4297199249, 23.3134899139, 16.0209980011, 12.7548742294, 12.7238855362, 7.29282665253, 6.42031621933, 4.09961509705, 2.43576550484, 1.66013169289, 1.12411224842, 0.947194039822, 0.632723271847, 0.393701434135, 0.310036957264, 0.190328270197, 0.0498282387853, 0.00665092142299, 0.000878911989275, 7.21419201e-05], "median": [0.0131681021303, 0.30305570364, 1.58764970303, 3.41864895821, 3.70673251152, 5.23742675781, 7.70618247986, 10.2262115479, 12.3035573959, 8.07816982269, 12.5595388412, 7.44325828552, 5.30702257156, 8.93248558044, 12.395857811, 28.5677776337, 19.5339298248, 19.0813694, 14.7066993713, 6.67776489258, 10.7825593948, 15.0728092194, 9.1177740097, 8.20936775208, 8.04095554352, 4.13294267654, 3.95366716385, 2.29025864601, 1.14012753963, 0.689079642296, 0.394091278315, 0.316059589386, 0.208240449429, 0.139442905784, 0.0970276221633, 0.0471542030573, 0.00963340327144, 0.00136206357274, 0.000156709967996, 4.45747209596e-05], "min": [2.3335736521e-16, 1.12538713784e-15, 2.85044649729e-15, 4.18977732283e-15, 3.38387714252e-15, 1.259034855e-15, 6.14208069306e-15, 3.31436538371e-14, 8.60639413468e-14, 1.27191605772e-13, 9.37285595274e-14, 2.49945717742e-14, 1.48669108708e-13, 5.58666394396e-13, 8.93528686371e-13, 9.55959378497e-13, 6.89699924776e-13, 2.3783007356e-13, 4.02336665503e-13, 1.20238075139e-13, 2.68178356041e-13, 8.92164272147e-13, 2.60784514643e-12, 2.48627832732e-12, 3.16558563217e-12, 5.07055335219e-12, 4.08720106371e-12, 2.3405168862e-12, 5.24133514368e-12, 7.19070072583e-12, 4.28740853584e-12, 3.75075621603e-12, 3.71832512697e-12, 3.33126711979e-12, 2.73483579533e-12, 1.4679285348e-12, 1.24640456376e-12, 5.14958735376e-13, 9.76130187422e-14, 1.5091374263e-14], "var": [0.00563705991954, 1.14314615726, 16.4804840088, 42.2217597961, 422.3125, 332.093231201, 666.851318359, 797.710266113, 1780.96655273, 2775.05566406, 3587.30078125, 589.4765625, 2198.69189453, 1616.51245117, 7645.79101562, 24305.9921875, 38533.9335938, 53040.140625, 18847.5585938, 581.668457031, 352.822418213, 691.673156738, 755.221496582, 284.220184326, 294.415283203, 108.062294006, 57.7635955811, 28.0331802368, 12.508518219, 6.19749593735, 3.34804701805, 2.39506363869, 1.02530729771, 0.404575765133, 0.289365321398, 0.155299663544, 0.0174280125648, 0.000204535914236, 3.27717452819e-06, 8.1096187543e-09]}, "gfcc": {"mean": [-24.5624866486, 97.5268859863, -124.930343628, 17.5985851288, -46.2238044739, 4.99332046509, -39.005191803, -4.40157556534, -31.5997009277, 8.098777771, -8.0035867691, -0.949860751629, -15.1938610077], "cov": [[17536.0175781, -655.386047363, 1413.13415527, 2106.65258789, -722.938110352, 634.230651855, -41.1073608398, 1361.06640625, -234.486328125, -485.579467773, -1329.52856445, -40.2942619324, -269.701629639], [-655.386047363, 1350.9453125, -509.926147461, -30.3049526215, 140.295440674, -284.30255127, 61.1955528259, -160.840133667, 64.8572845459, -17.5500431061, 186.930831909, -116.016426086, 131.329803467], [1413.13415527, -509.926147461, 1059.75720215, 407.583831787, 83.5526733398, 370.51083374, -11.2504720688, 217.118209839, -51.8122825623, -20.2632808685, -208.435882568, 78.7507858276, -100.671607971], [2106.65258789, -30.3049526215, 407.583831787, 651.832214355, 5.46363019943, 189.12159729, 83.9055175781, 324.847106934, 22.8112106323, -92.2082672119, -262.189483643, -28.0046520233, -38.255443573], [-722.938110352, 140.295440674, 83.5526733398, 5.46363019943, 258.490936279, 100.807502747, 48.033493042, -83.4962158203, 16.9870300293, 45.57472229, 70.0811462402, -17.2048244476, -18.2727909088], [634.230651855, -284.30255127, 370.51083374, 189.12159729, 100.807502747, 431.997283936, 119.198654175, 107.177589417, -56.1307449341, -69.8615188599, -95.7838058472, 44.79662323, -79.3526077271], [-41.1073608398, 61.1955528259, -11.2504720688, 83.9055175781, 48.033493042, 119.198654175, 217.736480713, 111.435096741, -6.46198034286, -78.2423019409, -32.3473320007, 17.8649082184, -14.0813131332], [1361.06640625, -160.840133667, 217.118209839, 324.847106934, -83.4962158203, 107.177589417, 111.435096741, 455.027069092, 55.9362449646, -113.121704102, -283.132659912, -10.4745044708, -15.5367164612], [-234.486328125, 64.8572845459, -51.8122825623, 22.8112106323, 16.9870300293, -56.1307449341, -6.46198034286, 55.9362449646, 175.354797363, 94.298576355, -27.8998241425, -83.9563217163, 0.571014761925], [-485.579467773, -17.5500431061, -20.2632808685, -92.2082672119, 45.57472229, -69.8615188599, -78.2423019409, -113.121704102, 94.298576355, 238.195968628, 100.282264709, -68.156036377, -23.2379512787], [-1329.52856445, 186.930831909, -208.435882568, -262.189483643, 70.0811462402, -95.7838058472, -32.3473320007, -283.132659912, -27.8998241425, 100.282264709, 287.720977783, 34.6325263977, 13.2118616104], [-40.2942619324, -116.016426086, 78.7507858276, -28.0046520233, -17.2048244476, 44.79662323, 17.8649082184, -10.4745044708, -83.9563217163, -68.156036377, 34.6325263977, 133.845657349, 16.8683776855], [-269.701629639, 131.329803467, -100.671607971, -38.255443573, -18.2727909088, -79.3526077271, -14.0813131332, -15.5367164612, 0.571014761925, -23.2379512787, 13.2118616104, 16.8683776855, 109.722930908]], "icov": [[0.000159996750881, -0.000161379895872, 5.72417120566e-05, -0.000352026108885, 0.000426885701017, -0.000181914001587, 0.000263545458438, -2.05644337257e-05, 0.000393080699723, -0.000288042938337, 0.000555993407033, -0.00021313119214, 0.000389427848859], [-0.000161379895872, 0.00195325375535, 0.000170332088601, -0.000493370578624, -0.00143187877256, 0.00118989252951, -0.000785003241617, -4.69798351332e-06, -0.000535931903869, 0.00181979208719, -0.00258395099081, 0.00246281316504, -0.00190891884267], [5.72417120566e-05, 0.000170332088601, 0.00243329769, -0.00109601393342, -0.000890591356438, -0.00116396718659, 0.00152660277672, -0.00036467667087, 0.000595169840381, -0.0012272746535, 0.00126381684095, -0.00213974621147, 0.000855197315104], [-0.000352026108885, -0.000493370578624, -0.00109601393342, 0.00433751381934, -0.000783241761383, -0.000126249986351, -0.000749566650484, -0.00109318562318, -0.000565077352803, 0.000294307741569, 0.000621260202024, 0.000653726747259, -0.000350837770384], [0.000426885701017, -0.00143187877256, -0.000890591356438, -0.000783241761383, 0.00790059566498, -0.002403663937, -0.000854985439219, 0.00152116909157, -0.000135773734655, -0.00146723969374, 0.000653496012092, 0.000180898365215, 0.000939454417676], [-0.000181914001587, 0.00118989252951, -0.00116396718659, -0.000126249986351, -0.002403663937, 0.00593650341034, -0.00301101128571, 0.000736045069061, 0.000328857509885, 0.00133057800122, -0.000169283419382, 0.000621410261374, 0.000832456396893], [0.000263545458438, -0.000785003241617, 0.00152660277672, -0.000749566650484, -0.000854985439219, -0.00301101128571, 0.00939005892724, -0.00361268455163, 0.000235097744735, 0.00129766145255, -0.00149397458881, -0.00132092577405, 0.00175683293492], [-2.05644337257e-05, -4.69798351332e-06, -0.00036467667087, -0.00109318562318, 0.00152116909157, 0.000736045069061, -0.00361268455163, 0.00864723790437, -0.0029917631764, 8.01873538876e-05, 0.0065904725343, -0.00250913016498, 0.00041052090819], [0.000393080699723, -0.000535931903869, 0.000595169840381, -0.000565077352803, -0.000135773734655, 0.000328857509885, 0.000235097744735, -0.0029917631764, 0.012739630416, -0.00559564772993, 0.00209068134427, 0.00342475436628, -0.000251150253462], [-0.000288042938337, 0.00181979208719, -0.0012272746535, 0.000294307741569, -0.00146723969374, 0.00133057800122, 0.00129766145255, 8.01873538876e-05, -0.00559564772993, 0.0119638564065, -0.00752960378304, 0.00606402754784, -0.000476454908494], [0.000555993407033, -0.00258395099081, 0.00126381684095, 0.000621260202024, 0.000653496012092, -0.000169283419382, -0.00149397458881, 0.0065904725343, 0.00209068134427, -0.00752960378304, 0.0191257651895, -0.00982670299709, 0.00416568946093], [-0.00021313119214, 0.00246281316504, -0.00213974621147, 0.000653726747259, 0.000180898365215, 0.000621410261374, -0.00132092577405, -0.00250913016498, 0.00342475436628, 0.00606402754784, -0.00982670299709, 0.019237536937, -0.00576006015763], [0.000389427848859, -0.00190891884267, 0.000855197315104, -0.000350837770384, 0.000939454417676, 0.000832456396893, 0.00175683293492, 0.00041052090819, -0.000251150253462, -0.000476454908494, 0.00416568946093, -0.00576006015763, 0.0143446633592]]}, "melbands": {"dmean": [0.000334850308718, 0.000655863434076, 0.000650822301395, 0.000594314129557, 0.000219500565436, 0.000218272019993, 0.000178204514668, 0.000102774247352, 9.99793337542e-05, 3.38212157658e-05, 4.19438656536e-05, 3.50767695636e-05, 4.03681369789e-05, 7.67137753428e-05, 6.0127073084e-05, 6.07750080235e-05, 6.59278957755e-05, 2.97133829008e-05, 1.59944047482e-05, 7.73751162342e-06, 1.23300651467e-05, 1.21125076475e-05, 9.0873127192e-06, 1.0149416994e-05, 5.28604778083e-06, 5.61631122764e-06, 3.80215533369e-06, 2.65069957095e-06, 1.99219539354e-06, 2.12226814256e-06, 1.16584976695e-06, 9.23852383039e-07, 7.53921824526e-07, 6.21656738531e-07, 4.79331106362e-07, 4.51854589301e-07, 3.8112710854e-07, 2.95576285225e-07, 2.99480831245e-07, 2.31258354688e-07], "dmean2": [0.000523652415723, 0.00104805862065, 0.00112375325989, 0.00102057144977, 0.000349469773937, 0.000353209528839, 0.000280877167825, 0.000157626491273, 0.000138255622005, 4.58969007013e-05, 5.63259818591e-05, 4.98867411807e-05, 5.77313076064e-05, 0.000103450111055, 7.53772983444e-05, 7.77660534368e-05, 8.29620839795e-05, 4.21947152063e-05, 2.43422928179e-05, 1.26754612211e-05, 2.01460115932e-05, 1.92082316062e-05, 1.44919204104e-05, 1.62607466336e-05, 8.58488874655e-06, 9.29474845179e-06, 6.12111671217e-06, 4.21020877184e-06, 3.19156970363e-06, 3.32770082423e-06, 1.80411075235e-06, 1.43430168009e-06, 1.17262493404e-06, 9.74197064352e-07, 7.50470007915e-07, 6.96598533523e-07, 5.76318370804e-07, 4.37521208596e-07, 4.46850265234e-07, 3.54233918642e-07], "dvar": [7.50535150473e-07, 2.38004486164e-06, 2.00188492272e-06, 2.86489762402e-06, 2.11308872622e-07, 1.60366226964e-07, 1.49639532765e-07, 6.24678122563e-08, 3.27591713756e-08, 6.37862651587e-09, 9.2540277663e-09, 6.9146155468e-09, 2.27807621656e-08, 3.22403224118e-08, 1.792569293e-08, 2.1077088519e-08, 2.85020664847e-08, 7.28791826887e-09, 1.48560852509e-09, 2.5673188575e-10, 3.68764407899e-10, 4.22041429582e-10, 2.54499837871e-10, 6.80216549753e-10, 1.73333916664e-10, 1.38474842704e-10, 6.10257122613e-11, 3.35038177757e-11, 1.23017984688e-11, 1.29788133366e-11, 4.44083745471e-12, 3.20596002003e-12, 1.89421568708e-12, 1.23767250788e-12, 8.01377573242e-13, 6.45945048752e-13, 4.2899513694e-13, 2.55344139929e-13, 2.8719195533e-13, 2.06029976608e-13], "dvar2": [1.74496676664e-06, 5.80148980589e-06, 5.47847866983e-06, 7.81434755481e-06, 5.46996830053e-07, 4.15691260969e-07, 3.86406753705e-07, 1.52363014649e-07, 5.92621205442e-08, 1.06215658491e-08, 1.61041935343e-08, 1.32890649596e-08, 4.72104986216e-08, 6.411023179e-08, 3.10681862459e-08, 3.66667549656e-08, 4.95581780058e-08, 1.17171836678e-08, 2.81792167378e-09, 6.78336276039e-10, 9.46472122898e-10, 1.08350950434e-09, 6.323306323e-10, 1.58389501514e-09, 4.31899738196e-10, 3.65386831902e-10, 1.56957294384e-10, 8.38659280911e-11, 2.97864614918e-11, 3.0390561595e-11, 1.04522336966e-11, 7.49826242763e-12, 4.55311873274e-12, 3.03580468056e-12, 1.98711034606e-12, 1.53519287126e-12, 9.61212880124e-13, 6.02198629504e-13, 6.6902061148e-13, 5.03475191226e-13], "max": [0.00969217531383, 0.0210789144039, 0.0127577930689, 0.0242329556495, 0.00884463172406, 0.00743634672835, 0.00602461025119, 0.00776947755367, 0.00540726166219, 0.00313146528788, 0.00298091187142, 0.0021718388889, 0.0054429047741, 0.00470430636778, 0.0048210513778, 0.00384839531034, 0.0046441690065, 0.0033072931692, 0.00137490709312, 0.000441178883193, 0.000325627130223, 0.000370349065633, 0.000242208509007, 0.000369395915186, 0.000240885143285, 0.00023063273693, 0.0001023479781, 0.000101520352473, 0.000122765181004, 5.69601506868e-05, 4.83224357595e-05, 3.16747646139e-05, 2.02432402148e-05, 1.41509226523e-05, 1.15320772238e-05, 9.87291787169e-06, 9.99031271931e-06, 6.66866162646e-06, 6.84795304551e-06, 6.85369468556e-06], "mean": [0.000481836497784, 0.00130970578175, 0.000979547505267, 0.00073356035864, 0.000546097988263, 0.00048909772886, 0.000450175197329, 0.000253028149018, 0.000270348478807, 9.84168655123e-05, 0.000108784581244, 8.641272143e-05, 0.000144628225826, 0.000198768117116, 0.000213046412682, 0.000196136985323, 0.000180769988219, 7.2121139965e-05, 3.39659927704e-05, 1.2587497622e-05, 2.23134811677e-05, 2.60299366346e-05, 1.71491301444e-05, 1.45183876157e-05, 9.44568728301e-06, 1.05625022115e-05, 6.20174523647e-06, 4.46308467872e-06, 3.75332683689e-06, 3.82630969398e-06, 1.9002090994e-06, 1.44292471305e-06, 1.11630743049e-06, 8.28495331007e-07, 6.51017614928e-07, 6.16874444859e-07, 5.55267831714e-07, 4.21347834845e-07, 4.16130347958e-07, 3.03026553183e-07], "median": [0.000204889656743, 0.00077028258238, 0.000621672777925, 0.0003405524767, 0.000266213930445, 0.000237859101617, 0.00019338580023, 9.90534754237e-05, 9.07283247216e-05, 3.42710191035e-05, 2.4340046366e-05, 3.00285300909e-05, 2.21155405598e-05, 5.1968061598e-05, 4.74793450849e-05, 3.35675686074e-05, 2.30173445743e-05, 1.82210751518e-05, 1.14125341497e-05, 6.05879904469e-06, 1.30510879899e-05, 1.57671474881e-05, 8.88594422577e-06, 6.83043890604e-06, 5.42794214198e-06, 7.02116676621e-06, 3.20589197145e-06, 2.32852767112e-06, 2.17032106775e-06, 2.11287874663e-06, 9.61802811617e-07, 6.39577194761e-07, 4.75509466469e-07, 3.15228334102e-07, 2.18860009227e-07, 1.95422586557e-07, 1.83129841957e-07, 1.35571823989e-07, 1.35746390129e-07, 1.03547549202e-07], "min": [2.0932814561e-18, 1.52205451331e-18, 7.22612420321e-19, 1.54552144634e-19, 1.69532669871e-19, 7.41621496086e-19, 1.37977944795e-18, 1.37863638774e-18, 6.61646417441e-19, 1.2071129397e-19, 7.59389180548e-19, 2.14438426075e-18, 2.89630570643e-18, 2.732700755e-18, 2.19911880189e-18, 1.07724816847e-18, 3.50946057331e-19, 6.84911440856e-19, 3.18283486676e-19, 8.52909871636e-20, 3.72795231881e-19, 9.9401332613e-19, 1.05336250111e-18, 3.00470731211e-18, 1.85123682834e-18, 2.0307503241e-18, 3.7540897269e-18, 3.10563120506e-18, 1.91957270028e-18, 2.69169617126e-18, 9.90082046872e-19, 2.68539160743e-18, 2.74301342249e-18, 5.42386256759e-18, 3.06210041174e-18, 1.51759518263e-18, 2.29267354955e-18, 2.71986560023e-18, 2.2204511695e-18, 2.87522707647e-18], "var": [8.56986162034e-07, 3.24245775118e-06, 1.79827418378e-06, 2.18851550926e-06, 6.63033461024e-07, 4.44794409304e-07, 4.0391196876e-07, 2.41430626602e-07, 1.98533456341e-07, 4.33523688059e-08, 5.55956596315e-08, 2.35201849108e-08, 1.5891100702e-07, 1.39802352805e-07, 1.53023208327e-07, 1.45516921179e-07, 1.71741874055e-07, 4.27327151442e-08, 6.91049040213e-09, 3.90651233584e-10, 8.02287181134e-10, 1.05450204124e-09, 5.13487641296e-10, 8.52232728832e-10, 2.19193219131e-10, 1.80059259169e-10, 7.50617623613e-11, 4.78196267306e-11, 2.37992368868e-11, 2.52587464833e-11, 6.89958897307e-12, 4.99491940864e-12, 2.9299032818e-12, 1.67254567401e-12, 1.20812615554e-12, 1.05692104374e-12, 8.63721149724e-13, 4.69317239151e-13, 4.73563191699e-13, 2.66887260989e-13]}, "mfcc": {"mean": [-669.442138672, 128.945358276, -11.8578357697, 19.820224762, 3.62179756165, 6.85592603683, 2.76111793518, -9.19766139984, -12.8198070526, -6.79368209839, 2.29968810081, 6.56501865387, -1.41108691692], "cov": [[13774.6679688, 1098.3782959, 141.143157959, 1399.07348633, 105.515724182, -282.910736084, 17.7386379242, 914.049560547, 1078.76330566, 189.036529541, -257.748443604, -211.364089966, -314.896209717], [1098.3782959, 1111.69689941, -287.303771973, 236.136688232, 14.535615921, -37.0270500183, 45.1890144348, -0.666076123714, 66.6626739502, 24.0584583282, -4.86812925339, -49.1779632568, 21.957365036], [141.143157959, -287.303771973, 616.368591309, 89.4292907715, 211.587554932, 159.744720459, 61.3848724365, 95.7907485962, 67.5874252319, 11.8211936951, -14.2661218643, 51.2147941589, -19.4675750732], [1399.07348633, 236.136688232, 89.4292907715, 448.08404541, 101.285430908, -25.373456955, 14.7917881012, 171.845413208, 254.6171875, 95.2170791626, -21.6778717041, -31.3731021881, -38.6295776367], [105.515724182, 14.535615921, 211.587554932, 101.285430908, 237.606460571, 143.309417725, 41.3271446228, 17.077791214, 38.7270088196, 52.6965751648, 33.1911773682, 16.9447822571, -25.9590816498], [-282.910736084, -37.0270500183, 159.744720459, -25.373456955, 143.309417725, 289.577758789, 126.19694519, -7.47033882141, -65.6400985718, 10.3530750275, 61.2136917114, 70.9902877808, -5.14456939697], [17.7386379242, 45.1890144348, 61.3848724365, 14.7917881012, 41.3271446228, 126.19694519, 204.830383301, 146.831008911, 27.4957180023, -46.9929542542, 1.29314446449, 53.5608978271, 0.446175605059], [914.049560547, -0.666076123714, 95.7907485962, 171.845413208, 17.077791214, -7.47033882141, 146.831008911, 396.55670166, 256.239593506, -28.3738327026, -67.5684738159, 4.48551225662, -54.0186271667], [1078.76330566, 66.6626739502, 67.5874252319, 254.6171875, 38.7270088196, -65.6400985718, 27.4957180023, 256.239593506, 369.817810059, 130.003250122, -48.0767211914, -64.1589126587, -42.2434501648], [189.036529541, 24.0584583282, 11.8211936951, 95.2170791626, 52.6965751648, 10.3530750275, -46.9929542542, -28.3738327026, 130.003250122, 244.882354736, 77.7745437622, -41.8359336853, -18.055644989], [-257.748443604, -4.86812925339, -14.2661218643, -21.6778717041, 33.1911773682, 61.2136917114, 1.29314446449, -67.5684738159, -48.0767211914, 77.7745437622, 141.507904053, 54.6808128357, -19.2400074005], [-211.364089966, -49.1779632568, 51.2147941589, -31.3731021881, 16.9447822571, 70.9902877808, 53.5608978271, 4.48551225662, -64.1589126587, -41.8359336853, 54.6808128357, 178.477722168, 45.3405647278], [-314.896209717, 21.957365036, -19.4675750732, -38.6295776367, -25.9590816498, -5.14456939697, 0.446175605059, -54.0186271667, -42.2434501648, -18.055644989, -19.2400074005, 45.3405647278, 145.330383301]], "icov": [[0.000125356265926, -8.96522033145e-05, -3.17950543831e-05, -0.000258966581896, 0.00012619838526, -6.87772189849e-05, 0.000183564028703, -0.00013461447088, -9.18112345971e-05, 2.22474300244e-05, 0.00012433998927, -6.41777223791e-05, 0.000194136940991], [-8.96522033145e-05, 0.00149883469567, 0.000951014226303, -0.000854541896842, -0.000669708417263, 0.000263249326963, -0.00114274560474, 0.000749209488276, -3.74516730517e-06, 0.000268186617177, -8.59948268044e-05, 0.00036694528535, -0.000442411313998], [-3.17950543831e-05, 0.000951014226303, 0.0032894811593, -0.000389194960007, -0.00251977122389, -0.000687311461661, 0.000123627090943, -0.000224985415116, -0.000104781160189, 3.35701188305e-05, 0.00122906663455, -0.000692474422976, -8.13409642433e-05], [-0.000258966581896, -0.000854541896842, -0.000389194960007, 0.0054184240289, -0.00173151295166, 0.000566083064768, 0.000570535717998, -0.000285740592517, -0.00239359145053, -0.000119844102301, -0.000244251423283, -0.000510188692715, -2.49090753641e-05], [0.00012619838526, -0.000669708417263, -0.00251977122389, -0.00173151295166, 0.00972629431635, -0.00409117387608, 0.00108695309609, 0.000629392801784, -0.000747647020034, -7.47224112274e-05, -0.000803597911727, 0.000471717532491, 0.000919792219065], [-6.87772189849e-05, 0.000263249326963, -0.000687311461661, 0.000566083064768, -0.00409117387608, 0.00953383184969, -0.00636374950409, 0.00141268793959, 0.00197503878735, -0.00177552364767, -0.000421443372034, -0.000977118150331, 0.000623498111963], [0.000183564028703, -0.00114274560474, 0.000123627090943, 0.000570535717998, 0.00108695309609, -0.00636374950409, 0.0139929419383, -0.00699230190367, 0.00099895731546, 0.00130699935835, -0.00106984644663, -0.000241701898631, -0.00154795963317], [-0.00013461447088, 0.000749209488276, -0.000224985415116, -0.000285740592517, 0.000629392801784, 0.00141268793959, -0.00699230190367, 0.0117088742554, -0.0082571990788, 0.00410792091861, 0.000539926928468, -0.00161564652808, 0.00271083135158], [-9.18112345971e-05, -3.74516730517e-06, -0.000104781160189, -0.00239359145053, -0.000747647020034, 0.00197503878735, 0.00099895731546, -0.0082571990788, 0.0142239844427, -0.00835685990751, 0.00384148559533, 0.000832531601191, -0.000639393867459], [2.22474300244e-05, 0.000268186617177, 3.35701188305e-05, -0.000119844102301, -7.47224112274e-05, -0.00177552364767, 0.00130699935835, 0.00410792091861, -0.00835685990751, 0.0123938182369, -0.00829502753913, 0.00311943353154, -0.00153367419261], [0.00012433998927, -8.59948268044e-05, 0.00122906663455, -0.000244251423283, -0.000803597911727, -0.000421443372034, -0.00106984644663, 0.000539926928468, 0.00384148559533, -0.00829502753913, 0.0171703658998, -0.00679083447903, 0.00490546040237], [-6.41777223791e-05, 0.00036694528535, -0.000692474422976, -0.000510188692715, 0.000471717532491, -0.000977118150331, -0.000241701898631, -0.00161564652808, 0.000832531601191, 0.00311943353154, -0.00679083447903, 0.0104488683864, -0.00450232904404], [0.000194136940991, -0.000442411313998, -8.13409642433e-05, -2.49090753641e-05, 0.000919792219065, 0.000623498111963, -0.00154795963317, 0.00271083135158, -0.000639393867459, -0.00153367419261, 0.00490546040237, -0.00450232904404, 0.01022724621]]}, "spectral_contrast_coeffs": {"dmean": [0.0484036393464, 0.0434406921268, 0.0393777824938, 0.0337926149368, 0.0255970526487, 0.0190615430474], "dmean2": [0.0791548267007, 0.071916334331, 0.0611729584634, 0.0521300807595, 0.0410840027034, 0.0310091469437], "dvar": [0.00195956695825, 0.0016942062648, 0.00149205711205, 0.0011165792821, 0.000596652447712, 0.000402424513595], "dvar2": [0.00499582104385, 0.00435547577217, 0.0033440424595, 0.00247145374306, 0.00137156259734, 0.00091782893287], "max": [-0.287637144327, -0.287296295166, -0.380296379328, -0.394451588392, -0.542060017586, -0.603011488914], "mean": [-0.634335100651, -0.661538362503, -0.690382361412, -0.690387248993, -0.747869729996, -0.75915825367], "median": [-0.638191759586, -0.664072692394, -0.685772538185, -0.69600880146, -0.746710121632, -0.756743133068], "min": [-0.953487992287, -0.9870672822, -0.972514271736, -0.961788594723, -0.959518969059, -0.959164917469], "var": [0.0078326901421, 0.00808782782406, 0.00865482166409, 0.00667550694197, 0.00318339257501, 0.002322798362]}, "spectral_contrast_valleys": {"dmean": [0.412838727236, 0.387137085199, 0.405040383339, 0.406186193228, 0.3686889112, 0.443598568439], "dmean2": [0.668776512146, 0.623182892799, 0.62100893259, 0.602427780628, 0.531900882721, 0.616269946098], "dvar": [0.21724011004, 0.24020716548, 0.28767567873, 0.318975746632, 0.293567836285, 0.277705907822], "dvar2": [0.445814192295, 0.466965794563, 0.562802255154, 0.604713439941, 0.569124281406, 0.614520728588], "max": [-5.32642269