{"lowlevel": {"average_loudness": 0.90408372879, "barkbands_crest": {"dmean": 2.32206249237, "dmean2": 3.66368412971, "dvar": 6.05204629898, "dvar2": 14.7386064529, "max": 25.9540538788, "mean": 11.6416063309, "median": 10.8345451355, "min": 2.71084094048, "var": 21.4844493866}, "barkbands_flatness_db": {"dmean": 0.0453827641904, "dmean2": 0.0616773068905, "dvar": 0.00250644586049, "dvar2": 0.00504072522745, "max": 0.610150933266, "mean": 0.202643364668, "median": 0.193333178759, "min": 0.0151211619377, "var": 0.00977655313909}, "barkbands_kurtosis": {"dmean": 6.04525327682, "dmean2": 9.8870267868, "dvar": 221.861297607, "dvar2": 621.930969238, "max": 320.439208984, "mean": 10.0631380081, "median": 3.4138686657, "min": -1.92013096809, "var": 516.480895996}, "barkbands_skewness": {"dmean": 0.743767797947, "dmean2": 1.16249251366, "dvar": 0.849804103374, "dvar2": 2.19650173187, "max": 14.4921569824, "mean": 1.79037022591, "median": 1.49804472923, "min": -3.18554902077, "var": 3.39475464821}, "barkbands_spread": {"dmean": 5.07477760315, "dmean2": 7.91082572937, "dvar": 67.5700302124, "dvar2": 162.860473633, "max": 107.189247131, "mean": 13.6516456604, "median": 10.2864551544, "min": 0.114081427455, "var": 151.726821899}, "dissonance": {"dmean": 0.0311628710479, "dmean2": 0.0512294210494, "dvar": 0.00119968876243, "dvar2": 0.00297513697296, "max": 0.499997913837, "mean": 0.4327301085, "median": 0.447236925364, "min": 0.163917347789, "var": 0.00295095727779}, "dynamic_complexity": 6.3130607605, "erbbands_crest": {"dmean": 2.83557271957, "dmean2": 4.31035900116, "dvar": 8.85911464691, "dvar2": 19.1873245239, "max": 33.9866294861, "mean": 12.538567543, "median": 11.2463588715, "min": 2.61779069901, "var": 37.3627891541}, "erbbands_flatness_db": {"dmean": 0.0446274243295, "dmean2": 0.0606891140342, "dvar": 0.00252925720997, "dvar2": 0.00487049343064, "max": 0.569701194763, "mean": 0.215549185872, "median": 0.207079127431, "min": 0.0474833585322, "var": 0.00715685728937}, "erbbands_kurtosis": {"dmean": 3.16221809387, "dmean2": 5.01641178131, "dvar": 52.7064361572, "dvar2": 131.925537109, "max": 111.388008118, "mean": 3.82601237297, "median": 0.99996972084, "min": -1.77046346664, "var": 77.0235443115}, "erbbands_skewness": {"dmean": 0.581962347031, "dmean2": 0.884224593639, "dvar": 0.494189292192, "dvar2": 1.19912183285, "max": 7.90684890747, "mean": 0.666991114616, "median": 0.585452079773, "min": -4.69053316116, "var": 2.14279508591}, "erbbands_spread": {"dmean": 7.92737531662, "dmean2": 11.9893140793, "dvar": 106.724395752, "dvar2": 251.0234375, "max": 123.321723938, "mean": 24.8078651428, "median": 20.8891296387, "min": 0.573685824871, "var": 281.706481934}, "hfc": {"dmean": 6.64429664612, "dmean2": 11.0775136948, "dvar": 204.187454224, "dvar2": 552.658569336, "max": 211.247207642, "mean": 15.8953914642, "median": 12.543589592, "min": 5.99316473185e-12, "var": 303.224884033}, "melbands_crest": {"dmean": 2.56935381889, "dmean2": 4.12080478668, "dvar": 7.56024980545, "dvar2": 18.7141017914, "max": 33.1347465515, "mean": 14.1728477478, "median": 13.4455986023, "min": 3.38567829132, "var": 23.6811161041}, "melbands_flatness_db": {"dmean": 0.0482842326164, "dmean2": 0.0655358210206, "dvar": 0.00288039864972, "dvar2": 0.00581555999815, "max": 0.716779172421, "mean": 0.284608274698, "median": 0.278124153614, "min": 0.0221131742001, "var": 0.0134551879019}, "melbands_kurtosis": {"dmean": 7.59851312637, "dmean2": 12.0587072372, "dvar": 314.640960693, "dvar2": 778.96685791, "max": 332.84664917, "mean": 15.5085935593, "median": 6.08825397491, "min": -1.8463909626, "var": 927.951049805}, "melbands_skewness": {"dmean": 0.76550412178, "dmean2": 1.17541325092, "dvar": 0.918687343597, "dvar2": 2.11383581161, "max": 13.1817893982, "mean": 2.30562615395, "median": 1.91638040543, "min": -2.24584364891, "var": 3.59338951111}, "melbands_spread": {"dmean": 5.57911109924, "dmean2": 8.62132167816, "dvar": 115.034965515, "dvar2": 273.710998535, "max": 184.90763855, "mean": 16.0342464447, "median": 10.8415765762, "min": 0.355040132999, "var": 287.411224365}, "pitch_salience": {"dmean": 0.0686986222863, "dmean2": 0.10959944874, "dvar": 0.00520106311888, "dvar2": 0.0130275944248, "max": 0.975603878498, "mean": 0.53847849369, "median": 0.554688572884, "min": 0.0356396026909, "var": 0.0221217088401}, "silence_rate_20dB": {"dmean": 0, "dmean2": 0, "dvar": 0, "dvar2": 0, "max": 1, "mean": 1, "median": 1, "min": 1, "var": 0}, "silence_rate_30dB": {"dmean": 0.00192864029668, "dmean2": 0.0038585208822, "dvar": 0.0019249470206, "dvar2": 0.00577299157158, "max": 1, "mean": 0.99903601408, "median": 1, "min": 0, "var": 0.000963099999353}, "silence_rate_60dB": {"dmean": 0.0360012874007, "dmean2": 0.0720257237554, "dvar": 0.0347060114145, "dvar2": 0.0719828084111, "max": 1, "mean": 0.225578412414, "median": 0, "min": 0, "var": 0.174688994884}, "spectral_centroid": {"dmean": 187.706680298, "dmean2": 281.126678467, "dvar": 84300.953125, "dvar2": 183973.046875, "max": 5033.27978516, "mean": 840.55279541, "median": 650.268920898, "min": 138.058700562, "var": 363490.1875}, "spectral_complexity": {"dmean": 3.38412094116, "dmean2": 5.19871377945, "dvar": 24.7908973694, "dvar2": 45.1849594116, "max": 55, "mean": 12.6940870285, "median": 12, "min": 0, "var": 103.454109192}, "spectral_decrease": {"dmean": 2.96643065667e-09, "dmean2": 5.15848208593e-09, "dvar": 3.73282324422e-17, "dvar2": 1.03962653424e-16, "max": 1.28606890762e-12, "mean": -7.46206652025e-09, "median": -6.88857904052e-09, "min": -5.0657263273e-08, "var": 4.90731945976e-17}, "spectral_energy": {"dmean": 0.0117415254936, "dmean2": 0.0203898139298, "dvar": 0.000582369044423, "dvar2": 0.00162182748318, "max": 0.1951957196, "mean": 0.029605306685, "median": 0.0276305377483, "min": 4.74543432436e-16, "var": 0.000765368749853}, "spectral_energyband_high": {"dmean": 0.000203793344554, "dmean2": 0.000308742542984, "dvar": 3.92001709315e-07, "dvar2": 9.82132860372e-07, "max": 0.0145578496158, "mean": 0.000298736966215, "median": 3.32151321345e-05, "min": 4.23933293247e-16, "var": 5.61710464808e-07}, "spectral_energyband_low": {"dmean": 0.00540648354217, "dmean2": 0.00958562362939, "dvar": 0.000197276851395, "dvar2": 0.000561655324418, "max": 0.159227803349, "mean": 0.00871391128749, "median": 0.00238779420033, "min": 8.10126216274e-18, "var": 0.00017541469424}, "spectral_energyband_middle_high": {"dmean": 0.00197527185082, "dmean2": 0.00318099255674, "dvar": 1.38780560519e-05, "dvar2": 3.58389625035e-05, "max": 0.0371229276061, "mean": 0.00466308975592, "median": 0.00166821910534, "min": 3.09632562997e-17, "var": 4.38094866695e-05}, "spectral_energyband_middle_low": {"dmean": 0.00661956612021, "dmean2": 0.0110276089981, "dvar": 0.000162663724041, "dvar2": 0.000436481903307, "max": 0.129681617022, "mean": 0.0178223140538, "median": 0.0126961013302, "min": 9.69504812441e-18, "var": 0.000329022703227}, "spectral_entropy": {"dmean": 0.410502463579, "dmean2": 0.580080747604, "dvar": 0.240297034383, "dvar2": 0.500461995602, "max": 9.26449680328, "mean": 6.8651509285, "median": 6.92926645279, "min": 3.49155640602, "var": 0.775943338871}, "spectral_flux": {"dmean": 0.0326521284878, "dmean2": 0.0503987707198, "dvar": 0.00272256368771, "dvar2": 0.00559243839234, "max": 0.414861530066, "mean": 0.0673999264836, "median": 0.0506033971906, "min": 5.47840772924e-06, "var": 0.00437721749768}, "spectral_kurtosis": {"dmean": 11.2692928314, "dmean2": 17.3737792969, "dvar": 474.013671875, "dvar2": 980.273071289, "max": 274.815582275, "mean": 18.140291214, "median": 10.0130996704, "min": -0.189786195755, "var": 664.652160645}, "spectral_rms": {"dmean": 0.000906967790797, "dmean2": 0.00148970738519, "dvar": 2.53667462857e-06, "dvar2": 6.66163850838e-06, "max": 0.013799813576, "mean": 0.00458751432598, "median": 0.00519197667018, "min": 6.80418388299e-10, "var": 7.83792074799e-06}, "spectral_rolloff": {"dmean": 479.09552002, "dmean2": 808.747680664, "dvar": 2520895, "dvar2": 6040358.5, "max": 18453.9550781, "mean": 1203.52844238, "median": 667.529296875, "min": 150.732421875, "var": 3393266.75}, "spectral_skewness": {"dmean": 0.775530397892, "dmean2": 1.17473006248, "dvar": 1.21265113354, "dvar2": 2.55695867538, "max": 13.4487323761, "mean": 2.84593272209, "median": 2.53176689148, "min": 0.493234783411, "var": 2.63324213028}, "spectral_spread": {"dmean": 1100309.75, "dmean2": 1629210.125, "dvar": 2122570661890.0, "dvar2": 4470045409280.0, "max": 20473566, "mean": 3744496, "median": 3476862.5, "min": 401583.6875, "var": 4270862893060.0}, "spectral_strongpeak": {"dmean": 0.511082172394, "dmean2": 0.873599767685, "dvar": 1.0638153553, "dvar2": 2.53335189819, "max": 10.7398433685, "mean": 1.19119644165, "median": 0.710451722145, "min": 0, "var": 2.43137931824}, "zerocrossingrate": {"dmean": 0.0114454943687, "dmean2": 0.0142352040857, "dvar": 0.000397880037781, "dvar2": 0.000594458077103, "max": 0.529296875, "mean": 0.0476493164897, "median": 0.0341796875, "min": 0.00439453125, "var": 0.00199707457796}, "barkbands": {"dmean": [4.57641544926e-05, 0.00212472234853, 0.00274652568623, 0.0016527856933, 0.00246412516572, 0.00189456460066, 0.00091863097623, 0.000904137210455, 0.00104022456799, 0.000483126059407, 0.000258738844423, 0.00036090327194, 0.000387488689739, 0.000530917430297, 0.000315402285196, 0.000185234166565, 0.000116851450002, 8.01903152023e-05, 5.38203930773e-05, 4.52507301816e-05, 4.7258225095e-05, 3.14424141834e-05, 2.95491263387e-05, 1.75263157871e-05, 2.13033963519e-05, 2.11476199183e-05, 3.50660920958e-05], "dmean2": [7.94253355707e-05, 0.00375035405159, 0.0048928912729, 0.00283318245783, 0.00405670236796, 0.00305299391039, 0.00148237054236, 0.00135875144042, 0.00175890896935, 0.000810692028608, 0.00042807799764, 0.000553711724933, 0.000527936324943, 0.000778184970841, 0.000542656634934, 0.000333602278261, 0.000206986340345, 0.000138411458465, 9.07461289898e-05, 7.14474663255e-05, 7.07453727955e-05, 4.52320673503e-05, 4.62835923827e-05, 2.68619569397e-05, 3.23587737512e-05, 3.53482537321e-05, 6.37081757304e-05], "dvar": [8.05195732312e-09, 3.26274966937e-05, 5.17673324794e-05, 1.31047745526e-05, 3.15723809763e-05, 1.33010171339e-05, 8.81539563125e-06, 5.35917024536e-06, 1.12076295409e-05, 1.57203794515e-06, 3.44379941453e-07, 7.09719529368e-07, 7.42050929148e-07, 1.97311123884e-06, 6.99428937878e-07, 2.85990267912e-07, 7.53171036649e-08, 4.49724595342e-08, 3.34824328263e-08, 1.44044651762e-08, 3.34387451062e-08, 7.28107885095e-09, 9.89041204491e-09, 1.43015554954e-09, 5.53175016904e-09, 3.84284559729e-09, 2.77586220676e-08], "dvar2": [2.21704699044e-08, 9.19862650335e-05, 0.000146669364767, 3.3243883081e-05, 8.22423608042e-05, 3.57315293513e-05, 2.47232164838e-05, 1.11680737973e-05, 3.08496710204e-05, 4.06323306379e-06, 8.43548093599e-07, 1.34574884214e-06, 1.08456310954e-06, 3.90837112718e-06, 1.73738828835e-06, 8.08786410289e-07, 2.07182424106e-07, 1.19657073583e-07, 8.93441765015e-08, 3.74818966975e-08, 8.6829089696e-08, 1.51247441238e-08, 2.43170426018e-08, 3.14893200404e-09, 1.35826976333e-08, 1.01939070518e-08, 7.63065628462e-08], "max": [0.00110367080197, 0.0553687289357, 0.0885947048664, 0.0352432988584, 0.0798451006413, 0.0486370101571, 0.110057324171, 0.0571689866483, 0.0421000570059, 0.026384273544, 0.0176262967288, 0.0325531922281, 0.0293864626437, 0.0250720866024, 0.0129743404686, 0.00610880553722, 0.0038464742247, 0.00389215978794, 0.00382862077095, 0.00223746127449, 0.00490408949554, 0.0015214800369, 0.00242161611095, 0.000666921958327, 0.00221044383943, 0.0016477064928, 0.00416937470436], "mean": [4.51124215033e-05, 0.00244881934486, 0.00445359107107, 0.00316684064455, 0.00422256207094, 0.00461297202855, 0.00213814387098, 0.0022707185708, 0.00117856834549, 0.000648789689876, 0.000451510160929, 0.0008871955215, 0.000895894598216, 0.00103075930383, 0.000353238690877, 0.000183090582141, 0.000125899372506, 9.28778827074e-05, 7.01939716237e-05, 7.09721789462e-05, 6.87775900587e-05, 4.89680169267e-05, 4.24380414188e-05, 2.59156349784e-05, 2.78577572317e-05, 2.00598842639e-05, 2.35746665567e-05], "median": [8.96367146197e-06, 0.000137879236718, 0.000423607067205, 0.000258933578152, 0.0020221946761, 0.00164733221754, 0.000526825082488, 0.000451470375992, 0.000256024650298, 0.000131048058392, 0.000166180820088, 0.000108345411718, 0.000171097068232, 0.000104197308247, 5.79587722314e-05, 3.88927583117e-05, 2.48851629294e-05, 1.48955132317e-05, 8.37436346046e-06, 1.0295671018e-05, 4.33305467595e-06, 3.72241311197e-06, 3.2510561141e-06, 2.87818556899e-06, 2.46060062636e-06, 1.4695920072e-06, 4.14277337768e-07], "min": [2.62527873796e-18, 3.70336080788e-18, 2.1558467093e-18, 1.79640302553e-18, 2.77313872002e-18, 7.71935959476e-19, 1.2906101017e-19, 7.5537466624e-19, 2.59416433921e-18, 2.81945483726e-18, 1.82812995152e-18, 2.53285805491e-18, 4.58735838876e-18, 3.02180120627e-18, 6.9357414152e-19, 1.82490601508e-18, 4.65725763206e-18, 3.27996220749e-18, 5.06632574193e-18, 3.22198946106e-18, 1.18274171732e-17, 9.71003580992e-18, 9.18808401622e-18, 3.10426490948e-17, 7.88243765282e-17, 1.01083846517e-16, 1.8154758914e-16], "var": [7.92612731004e-09, 2.64048139798e-05, 5.81854910706e-05, 3.24734864989e-05, 4.07482402807e-05, 4.86563185405e-05, 3.13577329507e-05, 2.51331020991e-05, 1.04975651993e-05, 3.23606650454e-06, 8.48476759074e-07, 7.38836433811e-06, 5.76394222662e-06, 6.9751031333e-06, 8.52860750911e-07, 1.98569978238e-07, 7.12315326723e-08, 4.6858449565e-08, 3.66845966937e-08, 2.46631159939e-08, 4.01110931136e-08, 1.57209658624e-08, 1.44105252176e-08, 3.06889980095e-09, 7.70649677406e-09, 3.55479046199e-09, 1.97736476082e-08]}, "erbbands": {"dmean": [0.0470646470785, 0.56501609087, 2.63525938988, 4.81166744232, 4.80651807785, 10.8676509857, 12.7654542923, 16.3853721619, 14.7231283188, 17.6841697693, 15.8372058868, 26.6917762756, 16.3549785614, 10.6382102966, 12.6646089554, 11.9817390442, 15.2256746292, 22.6163082123, 20.4050235748, 13.7878084183, 9.45201206207, 6.36828947067, 4.22649669647, 3.29661822319, 2.66190004349, 2.24693512917, 2.02858519554, 1.8111923933, 1.15962326527, 1.06398260593, 0.709575474262, 0.401534974575, 0.295643746853, 0.201363608241, 0.184883788228, 0.0823367610574, 0.037568282336, 0.0219144485891, 0.00734691135585, 0.000304449058603], "dmean2": [0.0784296393394, 1.01825082302, 4.76010990143, 8.23816490173, 8.15529632568, 17.7107372284, 21.2633934021, 26.8023433685, 24.6048164368, 25.7140979767, 25.6696014404, 45.1985778809, 27.9305324554, 17.9629917145, 19.7692432404, 19.2230052948, 21.1650543213, 31.9526252747, 32.9896087646, 24.616191864, 17.0480136871, 11.2256765366, 7.28168821335, 5.61129665375, 4.48229312897, 3.54867053032, 3.20874929428, 2.66515398026, 1.65498828888, 1.65853738785, 1.07310163975, 0.617158234119, 0.461956501007, 0.296558082104, 0.299270689487, 0.135591164231, 0.0632878094912, 0.0389688238502, 0.0133412340656, 0.000553759397008], "dvar": [0.0138984713703, 2.42182803154, 49.4428443909, 116.962287903, 84.4634933472, 767.856689453, 730.597167969, 1173.50976562, 2446.99365234, 1596.5279541, 1834.38793945, 7846.48779297, 1770.75244141, 759.774353027, 787.825439453, 605.754760742, 1055.73730469, 3338.01586914, 2397.85791016, 1568.45727539, 720.732666016, 241.709411621, 125.544197083, 92.778968811, 92.9395217896, 31.2960605621, 51.249332428, 38.9473724365, 8.83176994324, 12.4110393524, 4.25904178619, 0.961797654629, 0.348811686039, 0.233302772045, 0.691539764404, 0.0406919009984, 0.0099702719599, 0.00968210585415, 0.00137281080242, 2.37854942498e-06], "dvar2": [0.0369628965855, 6.92788076401, 141.939376831, 318.527801514, 225.526168823, 1944.39599609, 1986.4095459, 3532.98779297, 7448.37890625, 2917.80737305, 4305.73632812, 21573.3398438, 4721.74609375, 2016.96716309, 1706.24804688, 1502.0057373, 1700.99328613, 4736.75537109, 5331.52539062, 4445.52978516, 2036.52429199, 659.407531738, 330.684387207, 248.532775879, 252.234909058, 79.0008850098, 132.187698364, 96.5809173584, 17.7007808685, 29.9715709686, 10.385638237, 2.15737557411, 0.775163590908, 0.501781463623, 1.78252279758, 0.10430072993, 0.0266073811799, 0.026408419013, 0.00376956956461, 6.57241707813e-06], "max": [1.06709194183, 14.1931943893, 80.9721984863, 134.296447754, 94.796043396, 430.176757812, 332.066192627, 609.104187012, 1718.2956543, 1144.66650391, 1113.18688965, 1132.52722168, 678.373535156, 393.892547607, 928.488525391, 522.195068359, 1437.97790527, 1454.51281738, 857.565246582, 464.846862793, 390.260925293, 258.0887146, 217.511001587, 170.952423096, 217.641723633, 87.1082458496, 191.960891724, 127.376869202, 42.1773338318, 86.7387619019, 41.1898536682, 15.7765073776, 10.0871019363, 9.26987361908, 26.1105098724, 5.35349798203, 1.89086472988, 2.37663960457, 0.98576849699, 0.0409068465233], "mean": [0.0495543591678, 0.666250824928, 3.96768021584, 9.27917957306, 8.90315628052, 17.2613067627, 26.1393127441, 39.8636627197, 31.2138404846, 49.8985443115, 33.2940368652, 31.5873565674, 21.2232608795, 15.9002189636, 31.2026557922, 27.6309204102, 36.337020874, 50.4987487793, 34.9777107239, 14.6504869461, 9.66838741302, 6.89067983627, 5.16253089905, 3.97334098816, 3.62036108971, 3.4954199791, 3.08353495598, 2.54477524757, 1.80090284348, 1.52492010593, 1.0355437994, 0.612330079079, 0.407317578793, 0.290367275476, 0.215959370136, 0.0868174880743, 0.034376963973, 0.0160593632609, 0.00499580893666, 0.00022662858828], "median": [0.00470677576959, 0.0849654152989, 0.543040573597, 1.27639579773, 3.15167713165, 6.11815738678, 11.4909572601, 14.1877298355, 9.02115631104, 10.250169754, 9.40016555786, 7.55641698837, 5.33751106262, 4.67286014557, 8.09272003174, 6.62239694595, 9.56598377228, 6.38090324402, 4.27348804474, 2.82924795151, 2.40119934082, 1.45951700211, 0.978721141815, 0.520423591137, 0.480777084827, 0.51577103138, 0.219310045242, 0.169327646494, 0.137040883303, 0.102673381567, 0.0953209847212, 0.0560333654284, 0.049820009619, 0.0282461717725, 0.0158880632371, 0.00749225448817, 0.00245039304718, 0.00058163725771, 9.28694062168e-05, 4.78221554658e-05], "min": [1.38962518026e-16, 7.34909978416e-16, 2.26898103713e-15, 4.73281099234e-15, 7.58252628844e-15, 9.45582943678e-15, 8.81336934585e-15, 5.34115344319e-15, 1.95523770412e-15, 5.72256009736e-15, 2.43686635541e-14, 5.67335586875e-14, 8.45821148039e-14, 8.57288754417e-14, 7.55981445521e-14, 1.1619397393e-13, 2.0244884328e-13, 1.88132807401e-13, 6.56117074191e-14, 5.85908139497e-14, 1.2163856619e-13, 2.6977226876e-13, 2.21233648805e-13, 2.2563784066e-13, 1.75731309929e-13, 1.92455711198e-13, 4.62136785003e-13, 3.55302430272e-13, 3.97768677805e-13, 3.08773514569e-13, 2.75847649844e-13, 4.17486276669e-13, 5.92650603072e-13, 7.20978886402e-13, 7.23527899919e-13, 4.02470103685e-13, 1.89820869526e-13, 6.48160656549e-14, 3.1641156302e-14, 2.54223704229e-15], "var": [0.0122760729864, 1.85399484634, 44.8730010986, 189.907730103, 175.651275635, 906.212097168, 1299.09326172, 3883.13134766, 6497.44677734, 9561.21484375, 5504.23632812, 7478.56982422, 2647.17529297, 1061.6862793, 6807.81640625, 2987.48657227, 8133.40673828, 19931.421875, 7706.60400391, 1191.92651367, 511.277038574, 228.161499023, 136.558898926, 96.6490707397, 101.476478577, 58.5240364075, 67.512046814, 53.2348213196, 20.6168766022, 19.0532093048, 6.89933490753, 2.02376914024, 0.688219606876, 0.468715280294, 0.801634728909, 0.0485604032874, 0.00896838866174, 0.00708095775917, 0.00099438324105, 1.63497236372e-06]}, "gfcc": {"mean": [-98.1607818604, 113.567100525, -103.882522583, -3.61153864861, -50.2368812561, -2.75387215614, -39.7797012329, -7.14375352859, -23.3294639587, 1.46663379669, -12.7908687592, -4.62781381607, -10.9780502319], "cov": [[31337.4101562, -91.8857574463, -21.4805335999, 319.599609375, -1194.13134766, 978.29107666, -538.480651855, -32.1504325867, -212.774353027, 633.06427002, 91.8294067383, 358.663848877, -14.3957223892], [-91.8857574463, 3817.94311523, 218.97177124, -268.142333984, 656.802490234, -107.57283783, 269.617614746, -244.320922852, 162.435897827, -299.359375, 133.316558838, -339.184692383, 1.27517306805], [-21.4805335999, 218.97177124, 1219.31652832, 111.183761597, 48.6325378418, 46.5098838806, 108.540618896, 101.138198853, 28.1813602448, -35.6473083496, -93.9662780762, -30.5518474579, -135.727661133], [319.599609375, -268.142333984, 111.183761597, 966.76159668, 148.085235596, 196.620758057, 162.228942871, 132.528564453, -23.8289356232, -41.41040802, -135.247711182, -109.528022766, -143.543579102], [-1194.13134766, 656.802490234, 48.6325378418, 148.085235596, 714.046386719, 177.66444397, 191.814331055, -46.2588653564, 17.322555542, -140.566390991, -68.5263900757, -137.226119995, -44.652381897], [978.29107666, -107.57283783, 46.5098838806, 196.620758057, 177.66444397, 400.919952393, 104.60005188, 29.2344207764, -70.1777191162, -3.71207141876, -47.1889610291, -7.12951946259, -38.7690086365], [-538.480651855, 269.617614746, 108.540618896, 162.228942871, 191.814331055, 104.60005188, 270.473236084, 76.2685852051, 7.32516670227, -87.6404571533, -45.0958900452, -61.9174461365, -46.8598136902], [-32.1504325867, -244.320922852, 101.138198853, 132.528564453, -46.2588653564, 29.2344207764, 76.2685852051, 214.385162354, 56.0766029358, 21.3448791504, -44.0289840698, 4.11054754257, -56.143321991], [-212.774353027, 162.435897827, 28.1813602448, -23.8289356232, 17.322555542, -70.1777191162, 7.32516670227, 56.0766029358, 170.741073608, 57.5095939636, -2.48571586609, -40.2208786011, -24.5845546722], [633.06427002, -299.359375, -35.6473083496, -41.41040802, -140.566390991, -3.71207141876, -87.6404571533, 21.3448791504, 57.5095939636, 170.764862061, 40.7489929199, 40.7261199951, -1.23502218723], [91.8294067383, 133.316558838, -93.9662780762, -135.247711182, -68.5263900757, -47.1889610291, -45.0958900452, -44.0289840698, -2.48571586609, 40.7489929199, 129.854232788, 68.0731811523, 54.7170333862], [358.663848877, -339.184692383, -30.5518474579, -109.528022766, -137.226119995, -7.12951946259, -61.9174461365, 4.11054754257, -40.2208786011, 40.7261199951, 68.0731811523, 182.284439087, 88.0016860962], [-14.3957223892, 1.27517306805, -135.727661133, -143.543579102, -44.652381897, -38.7690086365, -46.8598136902, -56.143321991, -24.5845546722, -1.23502218723, 54.7170333862, 88.0016860962, 139.824127197]], "icov": [[4.99863926962e-05, -7.74094442022e-05, 2.0666000637e-05, -3.11287403747e-05, 0.000121598161059, -0.000171375606442, 9.95570298983e-05, 5.75370268052e-06, 7.87815733929e-05, -0.000206905693631, 0.000197836488951, -0.000183752315934, 7.12003311492e-05], [-7.74094442022e-05, 0.000819064676762, -0.000275198428426, 0.000170591069036, -0.000340682861861, 0.000122288183775, -0.000403129000915, 0.000491009792313, -0.00109228701331, 0.00159846036695, -0.00214021280408, 0.00182978040539, -0.000612308154814], [2.0666000637e-05, -0.000275198428426, 0.0010980151128, 4.1138886445e-05, 0.000120998622151, 1.93139821931e-05, -0.000169141145307, -0.000108403924969, 0.000157696544193, -0.000315833225613, 0.00130013062153, -0.00138443056494, 0.00144398550037], [-3.11287403747e-05, 0.000170591069036, 4.1138886445e-05, 0.00153475499246, -0.000158120150445, -0.000237976739299, -0.00047893016017, -0.000461895950139, 0.000288779323455, 0.000158125010785, 0.000333019968821, 0.000595449877437, 0.000695395574439], [0.000121598161059, -0.000340682861861, 0.000120998622151, -0.000158120150445, 0.00291758705862, -0.0016303936718, -0.000580258027185, 0.00114590756129, -0.00118219817523, 0.00103332917206, 0.000879369850736, 8.33791491459e-05, 0.000120735552628], [-0.000171375606442, 0.000122288183775, 1.93139821931e-05, -0.000237976739299, -0.0016303936718, 0.00479514058679, -0.00163030123804, -0.000367762113456, 0.00261936709285, -0.0021755376365, 0.000843282265123, -0.000578124832828, 0.000345723412465], [9.95570298983e-05, -0.000403129000915, -0.000169141145307, -0.00047893016017, -0.000580258027185, -0.00163030123804, 0.00732156354934, -0.00290003139526, -0.000268688600045, 0.00251785921864, -0.000614700082224, 0.000414378504502, -3.52585266228e-05], [5.75370268052e-06, 0.000491009792313, -0.000108403924969, -0.000461895950139, 0.00114590756129, -0.000367762113456, -0.00290003139526, 0.00888857152313, -0.00400291383266, 0.000700233737007, 0.00132861221209, -0.00255448604003, 0.00266796676442], [7.87815733929e-05, -0.00109228701331, 0.000157696544193, 0.000288779323455, -0.00118219817523, 0.00261936709285, -0.000268688600045, -0.00400291383266, 0.0122778862715, -0.00763381598517, 0.00272205821238, 0.000792917562649, -0.000353906769305], [-0.000206905693631, 0.00159846036695, -0.000315833225613, 0.000158125010785, 0.00103332917206, -0.0021755376365, 0.00251785921864, 0.000700233737007, -0.00763381598517, 0.0151774557307, -0.00708043435588, 0.00207705865614, 0.000926999782678], [0.000197836488951, -0.00214021280408, 0.00130013062153, 0.000333019968821, 0.000879369850736, 0.000843282265123, -0.000614700082224, 0.00132861221209, 0.00272205821238, -0.00708043435588, 0.0184163879603, -0.00878269225359, 0.00122274074238], [-0.000183752315934, 0.00182978040539, -0.00138443056494, 0.000595449877437, 8.33791491459e-05, -0.000578124832828, 0.000414378504502, -0.00255448604003, 0.000792917562649, 0.00207705865614, -0.00878269225359, 0.0168573763222, -0.00880360882729], [7.12003311492e-05, -0.000612308154814, 0.00144398550037, 0.000695395574439, 0.000120735552628, 0.000345723412465, -3.52585266228e-05, 0.00266796676442, -0.000353906769305, 0.000926999782678, 0.00122274074238, -0.00880360882729, 0.015482426621]]}, "melbands": {"dmean": [0.000506837677676, 0.00117894785944, 0.000808562443126, 0.000506370270159, 0.000479427049868, 0.00036719290074, 0.000206217257073, 0.000205964606721, 0.000138643707032, 0.000158313821885, 7.92832943262e-05, 4.50483785244e-05, 3.9315160393e-05, 4.27102240792e-05, 3.37225283147e-05, 3.56121672667e-05, 4.66391102236e-05, 3.83695769415e-05, 2.23758179345e-05, 1.54167628352e-05, 1.07765645225e-05, 7.2668744906e-06, 4.21241702497e-06, 3.87365344068e-06, 2.62735625256e-06, 2.09601353163e-06, 1.62021024153e-06, 1.55229577103e-06, 1.32850675527e-06, 1.17244712783e-06, 1.0620960893e-06, 7.14218288067e-07, 5.3508495057e-07, 6.8333974923e-07, 4.60274947045e-07, 2.96715143122e-07, 2.34691555079e-07, 2.08194990137e-07, 1.95965441208e-07, 1.61107450936e-07], "dmean2": [0.000884602719452, 0.00212440872565, 0.0013883918291, 0.000829469121527, 0.000790302408859, 0.000596817641053, 0.000341412989656, 0.000299017498037, 0.000225970710744, 0.000270070799161, 0.000135360838613, 7.59375616326e-05, 6.15945828031e-05, 6.58587814542e-05, 4.86922835989e-05, 4.78814108646e-05, 6.6777705797e-05, 6.14685559412e-05, 3.94214694097e-05, 2.77665021713e-05, 1.94080585061e-05, 1.29421805468e-05, 7.23505536371e-06, 6.59361694488e-06, 4.47911861556e-06, 3.59162777386e-06, 2.62034427578e-06, 2.45755063588e-06, 2.12107397601e-06, 1.80534652827e-06, 1.58945840667e-06, 1.00092108823e-06, 8.20436241611e-07, 1.09116388103e-06, 7.10104018253e-07, 4.52668217577e-07, 3.65969668792e-07, 3.35283061759e-07, 2.95999200262e-07, 2.3820457784e-07], "dvar": [1.76718651801e-06, 1.0138586731e-05, 3.12144470627e-06, 1.26952409119e-06, 1.07711150577e-06, 5.28796931576e-07, 4.79938819353e-07, 2.25299231715e-07, 1.39793542075e-07, 2.74105872222e-07, 4.19535268747e-08, 1.42458222996e-08, 7.20058102033e-09, 1.05285833385e-08, 4.64118610211e-09, 7.69234098641e-09, 1.39731319848e-08, 1.09886686417e-08, 3.74221276189e-09, 2.05019090593e-09, 9.0375651407e-10, 3.18064852234e-10, 1.20901358369e-10, 9.60643647963e-11, 5.93762886081e-11, 5.71702546415e-11, 2.84551097962e-11, 1.46326492589e-11, 1.45878743113e-11, 2.95193695876e-11, 1.34968867679e-11, 3.51363621358e-12, 1.71563436201e-12, 6.99980871877e-12, 1.90087615787e-12, 6.14646029386e-13, 3.21554658985e-13, 1.8915006009e-13, 1.51272183256e-13, 1.42314437145e-13], "dvar2": [4.89576041218e-06, 2.91432115773e-05, 8.38121559354e-06, 3.25014798364e-06, 2.89699232781e-06, 1.53313317242e-06, 1.41943951348e-06, 4.3051556986e-07, 3.5344561411e-07, 7.59152044338e-07, 1.10987137703e-07, 3.77126916362e-08, 1.63970756972e-08, 2.0069341744e-08, 8.49711678796e-09, 1.02583221917e-08, 2.19458211603e-08, 2.41552733371e-08, 1.00547126181e-08, 5.84135184667e-09, 2.54808885103e-09, 8.77440342606e-10, 3.19620996336e-10, 2.4962798495e-10, 1.59452687165e-10, 1.56605464707e-10, 7.71115879483e-11, 3.66825077258e-11, 3.57766212489e-11, 8.17758916138e-11, 3.25669213819e-11, 7.26058709682e-12, 3.77500634918e-12, 1.74886372745e-11, 4.70032346378e-12, 1.46952708249e-12, 7.4130464137e-13, 4.35453241391e-13, 3.26000402888e-13, 2.98418814616e-13], "max": [0.012852402404, 0.0351341553032, 0.020931687206, 0.0163098853081, 0.0130561646074, 0.011811173521, 0.0258615221828, 0.0114611517638, 0.00736948568374, 0.00678847916424, 0.00371987745166, 0.00180283689406, 0.00275124702603, 0.00388762541115, 0.00280770729296, 0.0026569031179, 0.00251782895066, 0.00206849956885, 0.000665799481794, 0.000463109521661, 0.000491993094329, 0.000267147988779, 0.000201646544156, 0.000152271226398, 0.000139780953759, 0.000166036785231, 0.000125251113786, 5.13332051923e-05, 7.50540639274e-05, 0.000164831551956, 6.33327144897e-05, 2.79478008451e-05, 1.81217183126e-05, 7.0906469773e-05, 2.48921896855e-05, 1.10496530397e-05, 9.6914545793e-06, 7.57714360589e-06, 5.52097526452e-06, 6.61779085931e-06], "mean": [0.000559734937269, 0.00172993482556, 0.00162104424089, 0.000864578003529, 0.000978438532911, 0.000905673252419, 0.000447635015007, 0.000566346163396, 0.000252904370427, 0.000178345741006, 0.000102746016637, 6.49434659863e-05, 8.96854762686e-05, 0.000101021571027, 7.00289019733e-05, 8.5940140707e-05, 9.67204687186e-05, 6.63248283672e-05, 2.32605671044e-05, 1.50295200001e-05, 1.07340529212e-05, 7.58370424592e-06, 4.89291096528e-06, 4.50460902357e-06, 3.02297257804e-06, 2.69164843303e-06, 2.30345312957e-06, 2.36007372223e-06, 1.98043358068e-06, 1.60381762271e-06, 1.44335604091e-06, 1.09119855551e-06, 7.66887637837e-07, 9.23938728192e-07, 6.50703384508e-07, 4.30101465554e-07, 3.45022328929e-07, 2.78229578043e-07, 2.69949509857e-07, 2.27794203056e-07], "median": [3.56183263648e-05, 0.000213173232623, 0.000297208927805, 0.000431974447565, 0.000462510506622, 0.000324823748088, 0.000114075563033, 0.00011084680591, 7.2986658779e-05, 3.90349741792e-05, 2.2286305466e-05, 1.64910998137e-05, 2.55239028775e-05, 1.66121317307e-05, 1.95879438252e-05, 1.65578385349e-05, 1.01316527434e-05, 6.53992992738e-06, 3.83171845897e-06, 2.88114051727e-06, 2.31526109928e-06, 1.4359850411e-06, 9.79998731054e-07, 6.55610790545e-07, 3.46041588273e-07, 3.05484746832e-07, 3.44290526755e-07, 3.09326395609e-07, 1.39460553328e-07, 9.67385815898e-08, 9.06408885726e-08, 7.67554624304e-08, 5.55179155981e-08, 5.05709216725e-08, 5.98780189875e-08, 3.41094370526e-08, 3.05814609192e-08, 3.37282237695e-08, 2.81604393138e-08, 2.09665920181e-08], "min": [1.25816838827e-18, 1.13292021543e-18, 9.05761529975e-19, 6.28928477384e-19, 3.36948455307e-19, 1.22114295687e-19, 2.79664562914e-20, 7.82018231318e-20, 2.26668089807e-19, 3.77380681757e-19, 4.25718169924e-19, 3.51132741656e-19, 2.49049244887e-19, 2.56976814631e-19, 3.86120749658e-19, 4.6402966038e-19, 3.35331265511e-19, 1.17023141188e-19, 5.13766337477e-20, 1.05391101232e-19, 1.46164171331e-19, 2.63209310354e-19, 3.00432127726e-19, 1.1726925327e-19, 1.90305501497e-19, 1.99259253415e-19, 6.06084475976e-20, 1.3462080126e-19, 2.12124341783e-19, 3.98207331822e-19, 1.25861410937e-19, 2.08035135651e-19, 2.16438243774e-19, 1.65561737641e-19, 1.34121804555e-19, 2.05471715857e-19, 2.49726783357e-19, 2.90832412374e-19, 5.34300721368e-19, 7.06014214149e-19], "var": [1.43829458921e-06, 8.51189633977e-06, 5.63235289519e-06, 1.63983042967e-06, 1.67681002949e-06, 1.85980900369e-06, 1.42557280469e-06, 1.2534922007e-06, 3.06338961309e-07, 2.46319444841e-07, 7.11955578936e-08, 2.26733938291e-08, 4.20417691771e-08, 1.02947929292e-07, 2.76535505606e-08, 6.10433019688e-08, 6.96682533885e-08, 3.51029356693e-08, 3.56103857513e-09, 1.40801104109e-09, 6.55531906535e-10, 2.84698931097e-10, 1.28587571147e-10, 1.08927158959e-10, 5.99861757489e-11, 6.09589739797e-11, 3.49255104004e-11, 2.73933774969e-11, 2.39180168726e-11, 2.76517957837e-11, 1.84933925812e-11, 7.80749943863e-12, 3.68027700329e-12, 9.41726384374e-12, 2.89136293033e-12, 1.12771987928e-12, 6.40250981572e-13, 3.41728978014e-13, 3.10781348573e-13, 2.98107675697e-13]}, "mfcc": {"mean": [-741.251831055, 151.37059021, 1.69819009304, 4.82001399994, 1.43880736828, 1.41749477386, -5.79185295105, -10.3247652054, -8.95551013947, -3.68347549438, -3.90924119949, -1.68939721584, -2.70274376869], "cov": [[20153.3945312, 2439.8449707, -728.814025879, -29.1314888, -132.732788086, 429.71963501, -98.6164550781, -169.362930298, -89.1772842407, 108.044670105, 190.869354248, 173.010604858, -12.0090551376], [2439.8449707, 4088.86914062, 71.3170547485, -252.269119263, 206.014953613, 33.432926178, -41.1629714966, -127.830421448, -89.0970535278, -28.1238365173, -18.0606441498, 72.8483810425, 51.1152610779], [-728.814025879, 71.3170547485, 998.808105469, 256.492889404, 6.64023828506, 2.29350757599, 40.4641304016, 113.405143738, 84.6902999878, -5.93573856354, 48.6581420898, 49.9083251953, 45.0213394165], [-29.1314888, -252.269119263, 256.492889404, 559.711730957, 141.032501221, 83.0240249634, 90.5245361328, 130.197952271, 100.813568115, 74.7329330444, 46.5647735596, 11.9058742523, -12.4893722534], [-132.732788086, 206.014953613, 6.64023828506, 141.032501221, 319.533752441, 198.605010986, 103.349327087, 72.8793029785, 66.0883560181, 41.4061279297, 6.86597061157, -19.9827156067, -14.586523056], [429.71963501, 33.432926178, 2.29350757599, 83.0240249634, 198.605010986, 330.348022461, 177.929748535, 84.955871582, 52.6241874695, 34.7991294861, -0.138137996197, -16.9208335876, -5.62986326218], [-98.6164550781, -41.1629714966, 40.4641304016, 90.5245361328, 103.349327087, 177.929748535, 248.648605347, 149.961013794, 53.9793930054, 11.7324886322, -18.360376358, -5.07284784317, 4.24613761902], [-169.362930298, -127.830421448, 113.405143738, 130.197952271, 72.8793029785, 84.955871582, 149.961013794, 217.405410767, 115.628929138, 16.7722454071, -2.18275237083, 12.28403759, 20.1314582825], [-89.1772842407, -89.0970535278, 84.6902999878, 100.813568115, 66.0883560181, 52.6241874695, 53.9793930054, 115.628929138, 157.908126831, 77.841796875, 29.2950363159, 10.4087181091, 10.0603094101], [108.044670105, -28.1238365173, -5.93573856354, 74.7329330444, 41.4061279297, 34.7991294861, 11.7324886322, 16.7722454071, 77.841796875, 147.245635986, 87.8743057251, 8.85505962372, -18.9615497589], [190.869354248, -18.0606441498, 48.6581420898, 46.5647735596, 6.86597061157, -0.138137996197, -18.360376358, -2.18275237083, 29.2950363159, 87.8743057251, 136.164825439, 53.7187995911, -1.10855817795], [173.010604858, 72.8483810425, 49.9083251953, 11.9058742523, -19.9827156067, -16.9208335876, -5.07284784317, 12.28403759, 10.4087181091, 8.85505962372, 53.7187995911, 90.5478820801, 47.9566497803], [-12.0090551376, 51.1152610779, 45.0213394165, -12.4893722534, -14.586523056, -5.62986326218, 4.24613761902, 20.1314582825, 10.0603094101, -18.9615497589, -1.10855817795, 47.9566497803, 88.8463821411]], "icov": [[6.85047489242e-05, -5.60578009754e-05, 8.06005991763e-05, -8.28396223369e-05, 0.000229152690736, -0.000283529167064, 0.00016378959117, -5.12802835146e-05, -1.19995929708e-05, 5.39274478797e-05, -8.70420408319e-05, -9.90099433693e-05, 7.76944507379e-05], [-5.60578009754e-05, 0.000346028449712, -0.000172273415956, 0.000293421122478, -0.000632046314422, 0.000356706877938, -0.000161962772836, 0.000184112519491, 0.000252949947026, -0.00034053530544, 0.00044578849338, -0.000460651412141, -4.03634549002e-05], [8.06005991763e-05, -0.000172273415956, 0.00142369954847, -0.000778690795414, 0.000701267970726, -0.000371988804545, 0.000171601190232, -0.000152441032697, -0.000885806279257, 0.00138498749584, -0.00122671644203, 0.000321722764056, -0.000396066636313], [-8.28396223369e-05, 0.000293421122478, -0.000778690795414, 0.00292233866639, -0.00159557827283, 0.000702291785274, -0.000133637237013, -0.00110027252231, 0.000612971198279, -0.00157528242562, 0.000689601060003, -0.000810324505437, 0.000704008329194], [0.000229152690736, -0.000632046314422, 0.000701267970726, -0.00159557827283, 0.00709843030199, -0.00438010785729, 0.00109011644963, -0.000364700739738, -0.00163656030782, 0.00110767513979, -0.00121503148694, 0.00132947438397, 0.000422279175837], [-0.000283529167064, 0.000356706877938, -0.000371988804545, 0.000702291785274, -0.00438010785729, 0.00848145224154, -0.00566089060158, 0.0022485780064, -0.000706154678483, -0.000351964379661, -0.000243670336204, 0.00115164008457, -0.000996769871563], [0.00016378959117, -0.000161962772836, 0.000171601190232, -0.000133637237013, 0.00109011644963, -0.00566089060158, 0.0122646726668, -0.00880720466375, 0.00461406353861, -0.00279279379174, 0.00259561580606, -0.00150297489017, 0.00096443714574], [-5.12802835146e-05, 0.000184112519491, -0.000152441032697, -0.00110027252231, -0.000364700739738, 0.0022485780064, -0.00880720466375, 0.0162666495889, -0.0111648989841, 0.00592841999605, -0.00185538816731, 0.000113780413812, -0.000927664979827], [-1.19995929708e-05, 0.000252949947026, -0.000885806279257, 0.000612971198279, -0.00163656030782, -0.000706154678483, 0.00461406353861, -0.0111648989841, 0.0192426238209, -0.0119385607541, 0.0049280654639, -0.00175408122595, -0.00133476324845], [5.39274478797e-05, -0.00034053530544, 0.00138498749584, -0.00157528242562, 0.00110767513979, -0.000351964379661, -0.00279279379174, 0.00592841999605, -0.0119385607541, 0.0211831312627, -0.0138792013749, 0.00600234791636, 0.000689330860041], [-8.70420408319e-05, 0.00044578849338, -0.00122671644203, 0.000689601060003, -0.00121503148694, -0.000243670336204, 0.00259561580606, -0.00185538816731, 0.0049280654639, -0.0138792013749, 0.0216442402452, -0.0141903804615, 0.00494125438854], [-9.90099433693e-05, -0.000460651412141, 0.000321722764056, -0.000810324505437, 0.00132947438397, 0.00115164008457, -0.00150297489017, 0.000113780413812, -0.00175408122595, 0.00600234791636, -0.0141903804615, 0.026774128899, -0.0128373065963], [7.76944507379e-05, -4.03634549002e-05, -0.000396066636313, 0.000704008329194, 0.000422279175837, -0.000996769871563, 0.00096443714574, -0.000927664979827, -0.00133476324845, 0.000689330860041, 0.00494125438854, -0.0128373065963, 0.0190481487662]]}, "spectral_contrast_coeffs": {"dmean": [0.0511221848428, 0.0514353215694, 0.04016533494, 0.034101344645, 0.0244184881449, 0.0208767745644], "dmean2": [0.0821413472295, 0.0829083994031, 0.0643058866262, 0.0544741265476, 0.0392737165093, 0.0340854078531], "dvar": [0.00207006605342, 0.00251879892312, 0.00147817970719, 0.00113795953803, 0.000591290241573, 0.000477499765111], "dvar2": [0.00479938974604, 0.00611417973414, 0.00370859657414, 0.00257986481301, 0.00138022366446, 0.00119110767264], "max": [-0.257573097944, -0.311909258366, -0.447116136551, -0.436044096947, -0.613023102283, -0.665163874626], "mean": [-0.573388874531, -0.680365264416, -0.769564509392, -0.782971560955, -0.819033920765, -0.803160429001], "median": [-0.574769973755, -0.681228280067, -0.776541590691, -0.80100107193, -0.822325468063, -0.80335521698], "min": [-0.985648810863, -0.965886414051, -0.994648516178, -0.973860383034, -0.97283500433, -0.94114112854], "var": [0.0130545506254, 0.0120930429548, 0.00665660388768, 0.00718715926632, 0.00189900980331, 0.00175375957042]}, "spectral_contrast_valleys": {"dmean": [0.618208229542, 0.51754629612, 0.56603205204, 0.612901329994, 0.627628743649, 0.805740892887], "dmean2": [0.959963977337, 0.823293626308, 0.878460526466, 0.932080805302, 0.900978505611, 1.062967062], "dvar": [0.51900857687, 0.393314242363, 0.482682883739, 0.529667019844, 0.611898481846, 0.821300208569], "dvar2": [1.01264357567, 0.858596324921, 1.04619193077, 1.15075790882, 1.25335001945, 1.60258793831], "