{"lowlevel": {"average_loudness": 0.318332254887, "barkbands_crest": {"dmean": 0.791222691536, "dmean2": 1.02012348175, "dvar": 0.868374764919, "dvar2": 1.83003520966, "max": 26.6372661591, "mean": 15.4742918015, "median": 15.310300827, "min": 4.01750564575, "var": 20.5177841187}, "barkbands_flatness_db": {"dmean": 0.00943207554519, "dmean2": 0.0141181610525, "dvar": 0.000150668332935, "dvar2": 0.00026756132138, "max": 0.536741673946, "mean": 0.373557478189, "median": 0.379030644894, "min": 0.0378296896815, "var": 0.00773248728365}, "barkbands_kurtosis": {"dmean": 2.90731906891, "dmean2": 3.93077254295, "dvar": 46.4417800903, "dvar2": 87.406829834, "max": 378.475372314, "mean": 15.3460855484, "median": 5.7703871727, "min": -1.82774174213, "var": 1002.10437012}, "barkbands_skewness": {"dmean": 0.290752023458, "dmean2": 0.400955289602, "dvar": 0.153252497315, "dvar2": 0.367232292891, "max": 15.7329568863, "mean": 1.90932679176, "median": 1.5886387825, "min": -2.16603589058, "var": 3.71898579597}, "barkbands_spread": {"dmean": 0.51942294836, "dmean2": 0.705617487431, "dvar": 3.16966962814, "dvar2": 6.65531253815, "max": 100.478416443, "mean": 4.29530286789, "median": 2.47373199463, "min": 0.29938480258, "var": 80.0174560547}, "dissonance": {"dmean": 0.0422717370093, "dmean2": 0.0728917121887, "dvar": 0.00143038039096, "dvar2": 0.00401409901679, "max": 0.499542951584, "mean": 0.252891540527, "median": 0.245351225138, "min": 0.0603453330696, "var": 0.00571295479313}, "dynamic_complexity": 13.73458004, "erbbands_crest": {"dmean": 1.00162160397, "dmean2": 1.28963506222, "dvar": 1.67071545124, "dvar2": 3.27699637413, "max": 31.4467182159, "mean": 16.4564437866, "median": 15.5293502808, "min": 2.70580863953, "var": 37.4870071411}, "erbbands_flatness_db": {"dmean": 0.00759215839207, "dmean2": 0.0106630083174, "dvar": 0.00011489391909, "dvar2": 0.000166634417837, "max": 0.540447831154, "mean": 0.366875231266, "median": 0.37356325984, "min": 0.0468986593187, "var": 0.00724336877465}, "erbbands_kurtosis": {"dmean": 0.974322855473, "dmean2": 1.24692463875, "dvar": 3.19715809822, "dvar2": 5.84393262863, "max": 61.8457260132, "mean": 4.7389922142, "median": 1.83695292473, "min": -1.59291243553, "var": 72.1719436646}, "erbbands_skewness": {"dmean": 0.161669492722, "dmean2": 0.206531688571, "dvar": 0.0413015671074, "dvar2": 0.0739264190197, "max": 6.95760011673, "mean": 1.05777835846, "median": 0.897835016251, "min": -2.74601125717, "var": 1.19032621384}, "erbbands_spread": {"dmean": 0.919079244137, "dmean2": 1.17419433594, "dvar": 3.90173578262, "dvar2": 6.83928203583, "max": 119.13205719, "mean": 9.85694885254, "median": 7.45423841476, "min": 1.15188801289, "var": 117.03200531}, "hfc": {"dmean": 0.8658618927, "dmean2": 0.983176410198, "dvar": 22.6277198792, "dvar2": 32.2375106812, "max": 119.286750793, "mean": 4.67608833313, "median": 0.325198829174, "min": 1.20913145892e-16, "var": 174.596481323}, "melbands_crest": {"dmean": 0.930484831333, "dmean2": 1.29024326801, "dvar": 1.43782055378, "dvar2": 3.39393019676, "max": 32.7151908875, "mean": 17.7101383209, "median": 17.0072250366, "min": 1.8965177536, "var": 34.2994422913}, "melbands_flatness_db": {"dmean": 0.00900332815945, "dmean2": 0.0130600817502, "dvar": 0.000195555534447, "dvar2": 0.000340782746207, "max": 0.640601098537, "mean": 0.480485320091, "median": 0.488151848316, "min": 0.00517377909273, "var": 0.0123284710571}, "melbands_kurtosis": {"dmean": 1.6952958107, "dmean2": 2.14201760292, "dvar": 21.1022987366, "dvar2": 28.1480960846, "max": 276.9609375, "mean": 7.62018918991, "median": 4.10010051727, "min": -1.65759420395, "var": 242.747161865}, "melbands_skewness": {"dmean": 0.227509200573, "dmean2": 0.295037984848, "dvar": 0.0732555165887, "dvar2": 0.148483321071, "max": 10.3490829468, "mean": 1.37716495991, "median": 1.20186114311, "min": -2.03610515594, "var": 1.74034428596}, "melbands_spread": {"dmean": 0.907239854336, "dmean2": 1.27237737179, "dvar": 12.3871831894, "dvar2": 25.9706401825, "max": 159.529373169, "mean": 8.4949836731, "median": 4.2631611824, "min": 0.498302131891, "var": 455.229949951}, "pitch_salience": {"dmean": 0.022584490478, "dmean2": 0.0301178116351, "dvar": 0.00121938739903, "dvar2": 0.00314550264739, "max": 0.930941104889, "mean": 0.440047711134, "median": 0.441637217999, "min": 0.0659690201283, "var": 0.0168040264398}, "silence_rate_20dB": {"dmean": 0, "dmean2": 0, "dvar": 0, "dvar2": 0, "max": 1, "mean": 1, "median": 1, "min": 1, "var": 0}, "silence_rate_30dB": {"dmean": 0.00758653413504, "dmean2": 0.0151802655309, "dvar": 0.00752875395119, "dvar2": 0.0149500947446, "max": 1, "mean": 0.979146897793, "median": 1, "min": 0, "var": 0.0204182546586}, "silence_rate_60dB": {"dmean": 0.0161213837564, "dmean2": 0.0322580635548, "dvar": 0.0158612839878, "dvar2": 0.0331148095429, "max": 1, "mean": 0.699999988079, "median": 1, "min": 0, "var": 0.209997162223}, "spectral_centroid": {"dmean": 22.1504459381, "dmean2": 28.7098712921, "dvar": 29012.1640625, "dvar2": 35290.171875, "max": 10742.8789062, "mean": 530.228759766, "median": 415.847351074, "min": 180.992828369, "var": 395544.5625}, "spectral_complexity": {"dmean": 0.291133224964, "dmean2": 0.50759011507, "dvar": 0.854059040546, "dvar2": 1.71671283245, "max": 18, "mean": 3.32417058945, "median": 3, "min": 0, "var": 7.85511159897}, "spectral_decrease": {"dmean": 4.28479696168e-10, "dmean2": 4.63987265276e-10, "dvar": 4.70779960826e-18, "dvar2": 6.25934641913e-18, "max": 7.05553407097e-23, "mean": -2.5299129458e-09, "median": -2.15696321915e-10, "min": -5.90245754495e-08, "var": 4.22861379669e-17}, "spectral_energy": {"dmean": 0.00169419776648, "dmean2": 0.00183891726192, "dvar": 7.42280826671e-05, "dvar2": 9.90095650195e-05, "max": 0.233592033386, "mean": 0.0099725946784, "median": 0.000844199908897, "min": 1.07898028791e-20, "var": 0.000662032631226}, "spectral_energyband_high": {"dmean": 8.22404455647e-09, "dmean2": 1.20141505633e-08, "dvar": 2.45008091642e-15, "dvar2": 4.39609845515e-15, "max": 2.33953164752e-06, "mean": 4.51603305862e-08, "median": 3.37577148457e-08, "min": 7.61078461073e-21, "var": 6.7034992127e-15}, "spectral_energyband_low": {"dmean": 7.27338410798e-05, "dmean2": 0.000102957652416, "dvar": 2.21734921979e-07, "dvar2": 4.51527881751e-07, "max": 0.0209682751447, "mean": 0.000388581829611, "median": 3.15057741318e-06, "min": 7.56982152517e-23, "var": 2.54624205809e-06}, "spectral_energyband_middle_high": {"dmean": 0.000163436212461, "dmean2": 0.000204069860047, "dvar": 1.10851851787e-06, "dvar2": 1.55538486979e-06, "max": 0.0478401221335, "mean": 0.000600040191785, "median": 3.03537271975e-05, "min": 1.69535149797e-21, "var": 6.37515267954e-06}, "spectral_energyband_middle_low": {"dmean": 0.00160680420231, "dmean2": 0.00173184776213, "dvar": 6.5337815613e-05, "dvar2": 8.64750036271e-05, "max": 0.221716880798, "mean": 0.00928728654981, "median": 0.000772779923864, "min": 2.96684553245e-22, "var": 0.000583753746469}, "spectral_entropy": {"dmean": 0.0694424808025, "dmean2": 0.0988148152828, "dvar": 0.0165981594473, "dvar2": 0.0321886278689, "max": 9.8100233078, "mean": 5.00147199631, "median": 4.89984273911, "min": 3.83012700081, "var": 0.728536307812}, "spectral_flux": {"dmean": 0.00453311158344, "dmean2": 0.0070692980662, "dvar": 0.000426727259764, "dvar2": 0.000968610402197, "max": 0.355144381523, "mean": 0.00842560455203, "median": 0.00258321780711, "min": 1.03873978863e-10, "var": 0.00056099484209}, "spectral_kurtosis": {"dmean": 17.1857776642, "dmean2": 29.8758468628, "dvar": 577.809753418, "dvar2": 1677.8112793, "max": 314.875579834, "mean": 98.6448135376, "median": 86.9843063354, "min": -1.19607877731, "var": 4569.84277344}, "spectral_rms": {"dmean": 0.000152946391609, "dmean2": 0.000161137926625, "dvar": 3.81619599921e-07, "dvar2": 4.56716435338e-07, "max": 0.015096180141, "mean": 0.00190332508646, "median": 0.000907529145479, "min": 3.24447803693e-12, "var": 6.10670986134e-06}, "spectral_rolloff": {"dmean": 55.359287262, "dmean2": 95.6426696777, "dvar": 201209.8125, "dvar2": 432079.59375, "max": 19358.3496094, "mean": 1097.30212402, "median": 516.796875, "min": 150.732421875, "var": 8922261}, "spectral_skewness": {"dmean": 0.728516578674, "dmean2": 1.27820837498, "dvar": 0.825247764587, "dvar2": 2.3075773716, "max": 14.5282888412, "mean": 7.64955663681, "median": 7.71958589554, "min": -0.00091404595878, "var": 8.37207221985}, "spectral_spread": {"dmean": 288847.21875, "dmean2": 493084.40625, "dvar": 508427173888, "dvar2": 637909794816, "max": 39773748, "mean": 1946589.875, "median": 1313027, "min": 275596.90625, "var": 4588064210940.0}, "spectral_strongpeak": {"dmean": 0.0967980250716, "dmean2": 0.124728292227, "dvar": 0.16378338635, "dvar2": 0.26049670577, "max": 7.92077302933, "mean": 0.723425745964, "median": 0.245742946863, "min": 2.17205115005e-10, "var": 1.48418569565}, "zerocrossingrate": {"dmean": 0.00248331180774, "dmean2": 0.00308742909692, "dvar": 0.000107887630293, "dvar2": 0.000192357038031, "max": 0.49267578125, "mean": 0.0361807160079, "median": 0.02197265625, "min": 0.005859375, "var": 0.00618712231517}, "barkbands": {"dmean": [8.1030108845e-08, 6.53495590086e-06, 4.72689898743e-05, 6.18809135631e-05, 0.000277289072983, 0.000247702148044, 0.000503096205648, 0.000582850363571, 0.000122695113532, 8.29781201901e-05, 8.80626466824e-05, 2.06038475881e-05, 1.08218491732e-05, 5.53737618247e-06, 7.22082586435e-06, 3.66727067558e-06, 9.08813603928e-07, 2.80897751281e-07, 4.0352414743e-08, 6.30852436956e-09, 2.17308260275e-09, 9.05752473024e-10, 8.09517286537e-10, 8.80289618976e-10, 1.03251462935e-09, 1.14644749249e-09, 1.3406090682e-09], "dmean2": [1.40337476751e-07, 1.08762660602e-05, 6.81616584188e-05, 8.6641368398e-05, 0.000365089508705, 0.000326213630615, 0.000432212429587, 0.000731025531422, 0.000153118278831, 0.000112211630039, 0.00010736524564, 3.04691875499e-05, 1.28770407173e-05, 6.71249426887e-06, 9.46459931583e-06, 4.25751750299e-06, 1.24560312997e-06, 3.68505851611e-07, 5.4253899151e-08, 8.87287576745e-09, 3.17369774905e-09, 1.55309465288e-09, 1.41108391638e-09, 1.52570966971e-09, 1.79006010015e-09, 1.97554461678e-09, 2.32204988571e-09], "dvar": [6.61517281925e-14, 1.16733445132e-09, 1.54348327897e-07, 1.20642894785e-07, 2.34843651015e-06, 1.57298950398e-06, 1.36089383886e-05, 2.29445104196e-05, 1.05218327917e-06, 2.18105697058e-06, 2.02712698183e-07, 2.3552567896e-08, 1.47778456139e-08, 1.4401915216e-09, 2.42293918262e-09, 1.07420972117e-09, 5.71663064108e-11, 1.2867675675e-11, 1.07915216205e-13, 2.39485288595e-15, 2.01046684632e-16, 3.45611693638e-18, 1.39040706446e-18, 1.23048254977e-18, 1.32244425097e-18, 1.30678851371e-18, 1.93484348837e-18], "dvar2": [1.63690784018e-13, 2.76470157878e-09, 3.36880162877e-07, 1.99550683533e-07, 3.71467149307e-06, 2.86434124064e-06, 1.27491421154e-05, 4.06402868975e-05, 1.58949433171e-06, 3.64410857401e-06, 3.20676264209e-07, 4.81627395743e-08, 2.33605934596e-08, 2.32466068617e-09, 4.74043027054e-09, 1.68728708783e-09, 1.20841295304e-10, 2.83505302567e-11, 2.53420900801e-13, 4.88016169088e-15, 2.96624320684e-16, 9.84488610211e-18, 4.5378259865e-18, 4.0068761221e-18, 4.17163023419e-18, 4.1113730217e-18, 6.1249973984e-18], "max": [4.84335259898e-06, 0.00078463065438, 0.0171923730522, 0.0115826595575, 0.0481051690876, 0.0490899793804, 0.167399168015, 0.119293004274, 0.0396751016378, 0.0697015076876, 0.0114138368517, 0.00446466263384, 0.0048451256007, 0.00168539839797, 0.00126740115229, 0.00118311832193, 0.000288632640149, 0.000123134464957, 1.14309741548e-05, 1.977203965e-06, 5.39845530056e-07, 5.69688864971e-08, 2.18933067231e-08, 2.06273771397e-08, 2.31032544207e-08, 2.21648388532e-08, 2.55159662288e-08], "mean": [9.29789933934e-08, 7.29874227545e-06, 0.000197372806724, 0.000454991648439, 0.00128303177189, 0.00177357846405, 0.00271860114299, 0.00239508855157, 0.000413720379584, 0.000286483264063, 0.000255719583947, 9.02436295291e-05, 4.05364990002e-05, 2.34471954172e-05, 1.93146388483e-05, 9.48421165958e-06, 2.87753869088e-06, 5.79020252189e-07, 9.34904491601e-08, 1.26592363259e-08, 5.72044589475e-09, 2.70380562384e-09, 2.95011992613e-09, 3.77886566483e-09, 5.36003774698e-09, 7.50289874674e-09, 9.52853351777e-09], "median": [2.20355929059e-08, 7.55935730012e-07, 1.56869737111e-06, 2.26068095799e-06, 0.000118982323329, 1.50297510118e-05, 8.37930710986e-05, 2.89598028758e-05, 6.11083078184e-06, 4.50254719908e-06, 1.13363221317e-05, 2.34721437664e-06, 4.07432082739e-07, 6.06018829785e-07, 3.19826426676e-07, 6.79505447465e-08, 1.05222959235e-08, 2.15442108598e-09, 1.63376201456e-09, 1.63351243643e-09, 1.98146921093e-09, 2.30818830715e-09, 2.73972755593e-09, 3.61309449026e-09, 5.20705967233e-09, 7.3841297521e-09, 9.41519928688e-09], "min": [1.00088423401e-23, 5.67337340329e-23, 9.91765711919e-24, 3.09287338269e-23, 1.34404117325e-23, 6.43508928922e-23, 5.81019659414e-23, 2.73377190795e-23, 9.3578448177e-23, 5.47515663918e-23, 3.50926603845e-23, 2.20381180705e-22, 1.6107162649e-22, 1.15448897333e-22, 1.20307232902e-22, 2.08069977605e-22, 2.10859415009e-22, 2.04564910831e-22, 2.64998825338e-22, 2.61982322211e-22, 4.11564233793e-22, 5.03110797159e-22, 4.87771908039e-22, 1.09134112487e-21, 1.24286451781e-21, 1.3096490529e-21, 2.59744951125e-21], "var": [9.07718317828e-14, 1.21737664394e-09, 1.46118622979e-06, 1.3830917851e-06, 1.30534072014e-05, 4.30388790846e-05, 0.000173914057086, 0.000109228494694, 5.34841183253e-06, 9.0396424639e-06, 9.3966212944e-07, 1.38521230042e-07, 8.38291924765e-08, 1.36722189126e-08, 7.78686715108e-09, 4.2169698844e-09, 2.52914772458e-10, 2.5191649114e-11, 2.75103832943e-13, 5.44819680839e-15, 7.41185592583e-16, 4.85031372882e-18, 1.50138233922e-18, 1.38001064493e-18, 1.66359731703e-18, 1.81452986148e-18, 2.55406407068e-18]}, "erbbands": {"dmean": [0.000101966310467, 0.00238507939503, 0.0384499132633, 0.13670681417, 0.442227423191, 1.28587627411, 1.07979595661, 2.23678159714, 2.64619016647, 13.9985017776, 12.1611242294, 3.36969828606, 4.16550922394, 1.40741932392, 2.9159784317, 1.07943880558, 0.636389911175, 0.211551472545, 0.380333483219, 0.43858525157, 0.0794419795275, 0.0385499373078, 0.01210315153, 0.0103029217571, 0.00153720215894, 0.000364132021787, 0.000147235405166, 4.85601121909e-05, 3.51794842572e-05, 2.81445063592e-05, 2.37458098127e-05, 2.05337964871e-05, 1.62796604855e-05, 1.30091175379e-05, 9.1475485533e-06, 5.66908329347e-06, 3.03419437842e-06, 1.08695553536e-06, 9.76854835244e-07, 1.91608955902e-06], "dmean2": [0.000175582463271, 0.00402467604727, 0.0573566481471, 0.183623075485, 0.602956116199, 1.59411478043, 1.46811807156, 3.12561273575, 2.74421024323, 12.1874628067, 16.0566654205, 4.26221656799, 5.28300476074, 1.7563804388, 3.48190808296, 1.55788624287, 0.78073823452, 0.268905878067, 0.502579271793, 0.54451829195, 0.0994093641639, 0.0503904335201, 0.0161885283887, 0.0132383545861, 0.00218167388812, 0.000495892309118, 0.000196740264073, 7.54687862354e-05, 5.94560915488e-05, 4.86534518132e-05, 4.09667154599e-05, 3.52728675352e-05, 2.78427505691e-05, 2.22007365664e-05, 1.53039709403e-05, 9.61273326539e-06, 4.95126960232e-06, 1.84606733455e-06, 1.20285540106e-06, 2.09047857425e-06], "dvar": [1.68302548786e-07, 0.000190174745512, 0.0873849019408, 0.464631944895, 5.09345388412, 70.333190918, 25.181968689, 121.764907837, 177.950057983, 10404.2060547, 14577.7910156, 690.181091309, 3733.44897461, 72.2962875366, 252.535415649, 58.2687149048, 40.8478889465, 1.43982160091, 6.44038200378, 18.6437034607, 0.405462384224, 0.101634755731, 0.0169535111636, 0.0135106155649, 0.000153174711158, 9.33201226871e-06, 8.84938970103e-07, 2.56268641863e-08, 9.01491148397e-09, 1.84130222181e-09, 1.11033482408e-09, 6.55254683846e-10, 3.89055648808e-10, 2.11030096176e-10, 1.01251881879e-10, 4.23278044559e-11, 1.23504036859e-11, 1.2331067157e-12, 1.72671408422e-11, 9.517936439e-11], "dvar2": [4.16261968894e-07, 0.000418179348344, 0.19350323081, 0.793381690979, 11.0610923767, 100.358680725, 50.3399085999, 238.162704468, 204.756134033, 10205.7158203, 27267.2949219, 1216.02319336, 6315.06152344, 124.430236816, 379.981689453, 121.714355469, 65.7535324097, 2.71024036407, 12.4126586914, 31.8972473145, 0.696079969406, 0.183700144291, 0.0380317494273, 0.0293828975409, 0.000323139247485, 1.86542802112e-05, 1.2735299606e-06, 4.43888907853e-08, 2.36910988605e-08, 5.64698865446e-09, 3.46099393589e-09, 1.99509964105e-09, 1.16754750312e-09, 5.91729054644e-10, 2.63118610233e-10, 9.631703074e-11, 2.53538058603e-11, 3.26826911888e-12, 2.29236889887e-11, 1.27333171784e-10], "max": [0.00747668370605, 0.38248744607, 12.292591095, 23.5217952728, 61.5756568909, 285.628326416, 199.837738037, 401.354949951, 442.40435791, 4418.45703125, 3247.73754883, 1004.45599365, 2710.04052734, 337.010314941, 494.128479004, 212.976959229, 251.89692688, 38.411895752, 62.4942207336, 148.583312988, 16.490228653, 8.79950046539, 4.08440303802, 3.9246673584, 0.345017760992, 0.131938323379, 0.0374689474702, 0.00640595518053, 0.00354749755934, 0.000799945788458, 0.000692100031301, 0.000539180531632, 0.000421721779276, 0.00033007687307, 0.000243588889134, 0.000159083050676, 8.53068340803e-05, 2.45898409048e-05, 0.000113317975774, 0.000263633410214], "mean": [0.000161419433425, 0.00475850142539, 0.14624543488, 0.963552892208, 2.86787748337, 5.28782701492, 7.30812215805, 14.9433279037, 15.503827095, 75.0929794312, 44.2273979187, 11.4565982819, 15.5069208145, 4.45781230927, 8.87335586548, 4.85329532623, 2.54065322876, 0.851926803589, 1.34251201153, 1.14225614071, 0.262268066406, 0.106169357896, 0.0270798671991, 0.0204598940909, 0.0031686022412, 0.000758210488129, 0.000343626423273, 0.000147446349729, 0.000103905556898, 9.43393170019e-05, 9.00541854207e-05, 8.20248897071e-05, 7.14795678505e-05, 6.07130241406e-05, 4.68139478471e-05, 3.17552221532e-05, 1.7321201085e-05, 6.30567683402e-06, 6.21001845502e-06, 1.13312071335e-05], "median": [2.17574706767e-05, 0.000300626328681, 0.00200146064162, 0.00900574401021, 0.168665811419, 0.399496078491, 0.29991915822, 0.317579180002, 0.661651074886, 1.49446427822, 0.616303801537, 0.313503861427, 0.404669344425, 0.29508215189, 0.432549655437, 0.176401674747, 0.050771728158, 0.040157340467, 0.0204699113965, 0.0162439532578, 0.00392925413325, 0.00100290135015, 0.000202854556846, 0.000108379186713, 8.34439852042e-05, 8.05603413028e-05, 8.24913513497e-05, 7.93276631157e-05, 8.27710682643e-05, 8.2109021605e-05, 8.06777752587e-05, 7.45270008338e-05, 6.48695131531e-05, 5.48603311472e-05, 4.17336232204e-05, 2.77572144114e-05, 1.49445459101e-05, 5.82168877372e-06, 1.89072829926e-06, 1.07399819171e-06], "min": [1.60922485079e-21, 1.21347420095e-20, 1.88037411032e-20, 4.51144952321e-20, 1.00836554307e-19, 2.7642511684e-20, 2.74707017471e-19, 4.92205396597e-19, 6.16489180236e-19, 1.19620470217e-18, 5.76555019912e-19, 2.02207361307e-18, 1.73563751055e-18, 1.98675506886e-18, 1.88704175474e-18, 9.50773307469e-18, 9.28472352719e-18, 6.45735898212e-18, 4.40685682575e-18, 7.43956813071e-18, 1.48021207833e-17, 1.00311059647e-17, 1.07006168535e-17, 1.34671976856e-17, 1.28378927377e-17, 1.05612418834e-17, 1.66379257301e-17, 1.65767044386e-17, 1.58053684436e-17, 1.53064230243e-17, 1.60877017303e-17, 1.83198601938e-17, 1.80777295392e-17, 1.24272794544e-17, 9.71926631838e-18, 4.58505138203e-18, 2.87895704065e-18, 1.33610534558e-18, 3.10709123054e-19, 4.07199075887e-20], "var": [2.68775039558e-07, 0.000444645847892, 0.641141891479, 6.96072626114, 55.0671081543, 368.774475098, 661.424621582, 2911.01757812, 2297.74511719, 129732.046875, 54091.6914062, 2748.98022461, 15479.1835938, 307.566070557, 1181.04846191, 331.092346191, 228.84677124, 9.87214183807, 31.5708751678, 67.7682037354, 1.65424203873, 0.315050005913, 0.031603757292, 0.0275206044316, 0.000279952830169, 2.04303669307e-05, 2.83335816675e-06, 1.41088690953e-07, 1.37714737392e-08, 3.12385384227e-09, 1.86008497494e-09, 1.27797661342e-09, 9.07212249768e-10, 6.49903186822e-10, 4.2599915262e-10, 2.38514347162e-10, 8.19104922778e-11, 4.58935797351e-12, 1.53725379648e-10, 8.42611480589e-10]}, "gfcc": {"mean": [-344.620178223, 174.189331055, -69.7997131348, -70.4714050293, -59.4850540161, -8.32722759247, -42.399887085, -18.8594684601, -21.5208854675, -8.4601688385, -14.9107084274, -5.80990600586, -9.00464630127], "cov": [[11771.7099609, 6295.03271484, -2113.21923828, -2491.64208984, 1004.98175049, -762.597167969, -309.482177734, -195.973510742, 423.865844727, -587.784484863, 216.672790527, -395.645294189, 192.298019409], [6295.03271484, 4026.6628418, -522.386291504, -1333.56201172, 348.913696289, -293.574310303, -134.234268188, -238.238708496, 118.012954712, -354.71697998, 64.6317138672, -220.026504517, 68.4561538696], [-2113.21923828, -522.386291504, 1475.64245605, 846.332275391, -401.004486084, 144.749359131, 181.762832642, -125.982666016, -356.28729248, -18.6407585144, -40.3781738281, 57.1866569519, -131.457046509], [-2491.64208984, -1333.56201172, 846.332275391, 980.146850586, -92.0755844116, 69.3142471313, 102.906143188, 17.781124115, -243.91746521, 11.8470516205, 1.16087377071, 125.991584778, -76.4735641479], [1004.98175049, 348.913696289, -401.004486084, -92.0755844116, 384.641906738, -63.3226737976, -74.2849578857, 4.1841378212, 60.587097168, -98.9942932129, 45.2169265747, 18.565290451, 62.9198150635], [-762.597167969, -293.574310303, 144.749359131, 69.3142471313, -63.3226737976, 245.765731812, 49.0582084656, -42.72057724, -19.6069812775, 84.7938690186, -60.5559806824, 22.9369316101, 32.3660545349], [-309.482177734, -134.234268188, 181.762832642, 102.906143188, -74.2849578857, 49.0582084656, 138.345169067, 29.8266353607, -45.5639419556, 15.2107534409, 2.27645874023, -32.6730079651, -27.0464324951], [-195.973510742, -238.238708496, -125.982666016, 17.781124115, 4.1841378212, -42.72057724, 29.8266353607, 137.191177368, 86.329208374, 29.3751506805, 8.12581062317, -1.31199812889, -32.3525238037], [423.865844727, 118.012954712, -356.28729248, -243.91746521, 60.587097168, -19.6069812775, -45.5639419556, 86.329208374, 204.82472229, 87.385383606, -1.65019857883, -23.7856407166, 30.2481765747], [-587.784484863, -354.71697998, -18.6407585144, 11.8470516205, -98.9942932129, 84.7938690186, 15.2107534409, 29.3751506805, 87.385383606, 176.087966919, 3.06059527397, 6.67030858994, 14.8329105377], [216.672790527, 64.6317138672, -40.3781738281, 1.16087377071, 45.2169265747, -60.5559806824, 2.27645874023, 8.12581062317, -1.65019857883, 3.06059527397, 92.0723800659, 46.2320899963, -0.586003005505], [-395.645294189, -220.026504517, 57.1866569519, 125.991584778, 18.565290451, 22.9369316101, -32.6730079651, -1.31199812889, -23.7856407166, 6.67030858994, 46.2320899963, 141.291656494, 56.1826972961], [192.298019409, 68.4561538696, -131.457046509, -76.4735641479, 62.9198150635, 32.3660545349, -27.0464324951, -32.3525238037, 30.2481765747, 14.8329105377, -0.586003005505, 56.1826972961, 146.654037476]], "icov": [[0.00305747007951, -0.00515823438764, 0.00528763374314, -0.00425487756729, 0.0020136362873, 0.00118816015311, -0.00199762033299, 0.00204677553847, -0.00141699786764, 0.00179235567339, -0.00273464270867, 0.00219823094085, -0.000865401292685], [-0.00515823438764, 0.0112389717251, -0.0137822590768, 0.0148425651714, -0.00965665467083, 0.00180904625449, 0.00263561774045, -0.00399927143008, 0.00467348657548, -0.0052969250828, 0.00703028496355, -0.00502073392272, 0.00177406368311], [0.00528763374314, -0.0137822590768, 0.0242893006653, -0.0284995343536, 0.0230366922915, -0.00784089043736, -0.00602109450847, 0.0153122534975, -0.0166660305113, 0.0173584129661, -0.0138471275568, 0.00704566249624, -0.000547169824131], [-0.00425487756729, 0.0148425651714, -0.0284995343536, 0.0407751947641, -0.0342901945114, 0.0175100974739, 0.000751752522774, -0.0180016160011, 0.0290545616299, -0.0294888615608, 0.0260982178152, -0.0160513818264, 0.0046251420863], [0.0020136362873, -0.00965665467083, 0.0230366922915, -0.0342901945114, 0.0367832072079, -0.0209827795625, 0.00414434168488, 0.0146974287927, -0.0296849850565, 0.0351708084345, -0.0314223244786, 0.0178995355964, -0.00692527648062], [0.00118816015311, 0.00180904625449, -0.00784089043736, 0.0175100974739, -0.0209827795625, 0.0283362660557, -0.0175916012377, 0.00558820832521, 0.0138924662024, -0.0266416445374, 0.0341328904033, -0.0234615243971, 0.00939070712775], [-0.00199762033299, 0.00263561774045, -0.00602109450847, 0.000751752522774, 0.00414434168488, -0.0175916012377, 0.0338983461261, -0.0269000567496, 0.0116325803101, 0.00518282316625, -0.0247572027147, 0.0255626775324, -0.0140097504482], [0.00204677553847, -0.00399927143008, 0.0153122534975, -0.0180016160011, 0.0146974287927, 0.00558820832521, -0.0269000567496, 0.0504426620901, -0.0398988686502, 0.0202088318765, 0.00292371353135, -0.013187375851, 0.013398449868], [-0.00141699786764, 0.00467348657548, -0.0166660305113, 0.0290545616299, -0.0296849850565, 0.0138924662024, 0.0116325803101, -0.0398988686502, 0.0596598498523, -0.0463841594756, 0.0255991257727, -0.0073121599853, -0.0018087180797], [0.00179235567339, -0.0052969250828, 0.0173584129661, -0.0294888615608, 0.0351708084345, -0.0266416445374, 0.00518282316625, 0.0202088318765, -0.0463841594756, 0.0572395473719, -0.0445454195142, 0.024952897802, -0.00945068988949], [-0.00273464270867, 0.00703028496355, -0.0138471275568, 0.0260982178152, -0.0314223244786, 0.0341328904033, -0.0247572027147, 0.00292371353135, 0.0255991257727, -0.0445454195142, 0.069351516664, -0.0459763929248, 0.020644409582], [0.00219823094085, -0.00502073392272, 0.00704566249624, -0.0160513818264, 0.0178995355964, -0.0234615243971, 0.0255626775324, -0.013187375851, -0.0073121599853, 0.024952897802, -0.0459763929248, 0.0454678833485, -0.0219077430665], [-0.000865401292685, 0.00177406368311, -0.000547169824131, 0.0046251420863, -0.00692527648062, 0.00939070712775, -0.0140097504482, 0.013398449868, -0.0018087180797, -0.00945068988949, 0.020644409582, -0.0219077430665, 0.0201216656715]]}, "melbands": {"dmean": [1.32351817683e-06, 1.43573552123e-05, 3.10654468194e-05, 6.2348706706e-05, 4.47223756055e-05, 5.04705967614e-05, 5.50393597223e-05, 0.000143220793689, 8.87020723894e-05, 1.69418963196e-05, 2.04041571124e-05, 4.701515536e-06, 1.28434812723e-05, 2.52169797932e-06, 2.27022178478e-06, 7.92311482201e-07, 4.16103375755e-07, 6.5523943249e-07, 4.43207284206e-07, 4.64442308612e-07, 5.71680622841e-08, 4.88783911123e-08, 1.17639942232e-08, 1.68028471137e-08, 7.7979089852e-09, 1.0456643329e-09, 4.43261538585e-10, 2.22715887399e-10, 1.16223253244e-10, 4.60934276858e-11, 2.38095532873e-11, 2.22204112749e-11, 1.89596949252e-11, 1.69691916768e-11, 1.53250450524e-11, 1.4907432927e-11, 1.40007996516e-11, 1.29370307869e-11, 1.24685496303e-11, 1.25206034776e-11], "dmean2": [2.20233300752e-06, 2.13313160202e-05, 4.2207975639e-05, 8.00892885309e-05, 5.87710164837e-05, 6.80108714732e-05, 5.25688665221e-05, 0.000129554944579, 0.000120026365039, 2.11690003198e-05, 2.60261713265e-05, 6.08968139204e-06, 1.5685616745e-05, 3.43977785633e-06, 3.08829885398e-06, 9.51064009769e-07, 5.10534277964e-07, 8.52512926031e-07, 5.70439624425e-07, 5.65075538361e-07, 8.11773759324e-08, 6.37758716948e-08, 1.74793619578e-08, 2.22164171504e-08, 9.91919435478e-09, 1.58227331237e-09, 6.44345521383e-10, 3.13805814667e-10, 1.58081894797e-10, 7.04957064945e-11, 3.95691847344e-11, 3.79180263577e-11, 3.24613495806e-11, 2.95896709912e-11, 2.66128837717e-11, 2.60056854523e-11, 2.40110761135e-11, 2.24064412857e-11, 2.16546641729e-11, 2.17022129434e-11], "dvar": [3.94610524812e-11, 1.25879671131e-08, 2.2168700653e-08, 1.09573463192e-07, 4.89020415273e-08, 6.42310808985e-08, 9.93359279278e-08, 9.7030113011e-07, 8.62383956246e-07, 1.97953848868e-08, 9.23619936088e-08, 7.9232109762e-10, 4.42433112369e-09, 3.43717027063e-10, 2.49288950593e-10, 7.27445048643e-11, 5.17639143355e-12, 2.14196629184e-11, 1.20833291289e-11, 2.09821240243e-11, 2.96106943218e-13, 1.55937071524e-13, 2.58432090018e-14, 4.94869580427e-14, 6.99471591623e-15, 7.16454480454e-17, 8.49510270471e-18, 5.00757937483e-18, 6.02372050613e-19, 5.40578104563e-20, 2.2912612162e-21, 2.96909372293e-21, 9.54886313139e-22, 5.0176112557e-22, 3.83387308705e-22, 2.96442114201e-22, 2.34480586328e-22, 1.93029139067e-22, 1.65975640261e-22, 1.48246540463e-22], "dvar2": [9.5077466733e-11, 2.76328560034e-08, 4.05961770866e-08, 1.7828311627e-07, 8.29050676998e-08, 1.17468459848e-07, 1.01275922759e-07, 9.98989889922e-07, 1.66156632986e-06, 3.11462002855e-08, 1.56694383691e-07, 1.50579571034e-09, 7.07121694532e-09, 5.99577887339e-10, 4.44458470028e-10, 1.22803697766e-10, 9.84457220604e-12, 3.8738016267e-11, 2.22226022306e-11, 3.49361234386e-11, 6.58065507468e-13, 2.8472406724e-13, 6.48550291704e-14, 1.10246535479e-13, 1.51063210064e-14, 1.55764091514e-16, 1.86148725049e-17, 1.0845897066e-17, 9.31812652789e-19, 1.01848861818e-19, 5.5608081018e-21, 8.03484230605e-21, 2.83416755954e-21, 1.62035362081e-21, 1.22938022174e-21, 9.46758698165e-22, 7.45948538051e-22, 6.17031147115e-22, 5.20059568371e-22, 4.5992110436e-22], "max": [0.000127142862766, 0.00471155904233, 0.00376765197143, 0.0101897288114, 0.00602482073009, 0.00947355572134, 0.0129643101245, 0.0402840003371, 0.0250471644104, 0.00543103693053, 0.013438353315, 0.00106892932672, 0.00171162246261, 0.00065573619213, 0.000435243709944, 0.000329740316374, 7.93419385445e-05, 0.000146956255776, 0.000109633023385, 0.00015945348423, 2.18389832298e-05, 1.18079715321e-05, 6.12241001363e-06, 7.64101241657e-06, 2.7770277029e-06, 2.0730985284e-07, 6.25745926186e-08, 9.88033832527e-08, 2.47944900167e-08, 7.19813053607e-09, 1.60795898818e-09, 1.94316807089e-09, 7.30063065557e-10, 3.89717869087e-10, 3.55242002481e-10, 3.14488129982e-10, 2.67379979269e-10, 2.36806241283e-10, 2.24370966251e-10, 2.01216265872e-10], "mean": [1.50940718413e-06, 5.23495291418e-05, 0.000225577765377, 0.000288760958938, 0.000275326514384, 0.000346409680787, 0.000306835863739, 0.000750747101847, 0.00030136492569, 5.88744951528e-05, 7.56355220801e-05, 1.39389912874e-05, 3.81111167371e-05, 1.01446912595e-05, 9.6251596915e-06, 2.93382413474e-06, 1.60052036335e-06, 2.48979813477e-06, 1.15053580885e-06, 1.18851221487e-06, 2.10453450222e-07, 1.40619647482e-07, 2.41951081392e-08, 3.1832005476e-08, 1.5678560672e-08, 1.98947924801e-09, 9.28066845596e-10, 4.12864548105e-10, 2.31266311657e-10, 1.31593208552e-10, 6.08022451831e-11, 5.55011002434e-11, 5.11290454419e-11, 4.87683296524e-11, 4.81504107419e-11, 4.78165146367e-11, 4.60826515836e-11, 4.5053950154e-11, 4.54744852885e-11, 4.60935109525e-11], "median": [1.74918227458e-07, 7.04887725078e-07, 2.59244620793e-06, 3.04170534946e-05, 9.78955904429e-06, 3.62791547559e-06, 1.09983220682e-05, 1.23806321426e-05, 4.7549183364e-06, 1.25412611851e-06, 1.89474530998e-06, 9.02289684745e-07, 1.79103267328e-06, 2.91236403882e-07, 2.82886929881e-07, 6.05346883731e-08, 6.06402608128e-08, 2.00738075051e-08, 2.12334363425e-08, 4.16641743328e-09, 1.14938558671e-09, 6.15976047946e-10, 1.66647112776e-10, 9.1935029034e-11, 7.79737524548e-11, 6.00588467847e-11, 5.39789740683e-11, 5.10758275951e-11, 5.01608789227e-11, 4.77326650428e-11, 4.40533928781e-11, 4.53511117549e-11, 4.42992725835e-11, 4.43509881598e-11, 4.44129247268e-11, 4.46348513705e-11, 4.35166624957e-11, 4.26243450258e-11, 4.30860694345e-11, 4.41192013478e-11], "min": [1.4625077286e-23, 1.23610259776e-23, 1.14251742534e-23, 3.8499445345e-24, 7.51708002054e-24, 1.17196962612e-23, 1.0187259011e-23, 1.15391102228e-23, 4.84130642852e-24, 1.40919224878e-23, 8.85934736116e-24, 8.32134659038e-24, 5.36563190107e-24, 1.25070867297e-23, 3.55877431777e-23, 1.50421212253e-23, 1.08650049134e-23, 5.77755416097e-24, 1.01275824724e-23, 1.24367219147e-23, 1.81090088987e-23, 1.15696083742e-23, 7.00496019834e-24, 1.1277226546e-23, 1.10604704463e-23, 9.24107557547e-24, 8.38279491059e-24, 6.59702247488e-24, 1.02317326223e-23, 1.19118730329e-23, 8.02773808348e-24, 7.36535209175e-24, 1.20058216335e-23, 6.86512908086e-24, 9.74192178647e-24, 9.10214454829e-24, 1.12782173553e-23, 1.14178859675e-23, 1.33422884799e-23, 1.00267857702e-23], "var": [4.2732213601e-11, 9.71808447048e-08, 2.6624752536e-07, 6.05682998867e-07, 7.40806342492e-07, 1.56621058522e-06, 1.26511156395e-06, 1.17107701954e-05, 3.03201318275e-06, 9.20203717669e-08, 3.8228515109e-07, 2.98186497716e-09, 2.07376853467e-08, 1.7309308431e-09, 1.46306189386e-09, 3.89085402785e-10, 3.80141230993e-11, 1.32115055007e-10, 4.08429991217e-11, 7.83105663649e-11, 1.34808993395e-12, 5.71264010488e-13, 3.54459639266e-14, 9.41474139317e-14, 1.47598218505e-14, 1.14708298681e-16, 1.519622106e-17, 9.68980876241e-18, 1.59791504049e-18, 2.95292130797e-19, 6.26482523699e-21, 3.82157644948e-21, 1.27815873531e-21, 6.01384488646e-22, 4.36395227439e-22, 3.55083408566e-22, 2.85156985635e-22, 2.33423739907e-22, 2.10129257977e-22, 1.90349498479e-22]}, "mfcc": {"mean": [-955.008728027, 178.330337524, 36.7211990356, -26.8093452454, -19.1595878601, -8.4590921402, -10.8301401138, -13.3301696777, -12.1959657669, -10.3251304626, -9.08364391327, -6.17960548401, -1.64896166325], "cov": [[6279.37792969, 4782.08251953, -954.928833008, -1477.11682129, -116.188117981, -209.881622314, -399.768951416, -150.179092407, -67.0874481201, -66.6810073853, -78.4171676636, -97.0188140869, -34.4510192871], [4782.08251953, 3886.8515625, -332.082824707, -1047.7824707, -191.923431396, -148.951904297, -260.911010742, -133.10710144, -101.993659973, -120.610176086, -124.781440735, -109.970199585, -47.9552497864], [-954.928833008, -332.082824707, 862.96685791, 515.993896484, -68.7434158325, 32.1900100708, 150.422393799, 28.4030818939, -96.7341537476, -160.072814941, -128.691207886, -39.3924713135, -3.50433349609], [-1477.11682129, -1047.7824707, 515.993896484, 737.846130371, 205.54397583, 37.6894836426, 137.438339233, 102.480796814, -49.8552932739, -141.129928589, -90.0469512939, 20.3552799225, 62.6255569458], [-116.188117981, -191.923431396, -68.7434158325, 205.54397583, 239.295791626, 64.5032501221, 3.87296462059, 35.356048584, 1.28875422478, -57.7055282593, -46.0051879883, 11.1048383713, 33.5372772217], [-209.881622314, -148.951904297, 32.1900100708, 37.6894836426, 64.5032501221, 127.60823822, 68.2928924561, -9.07077884674, -4.0997300148, -8.38620185852, -27.1853542328, -28.84623909, -47.662147522], [-399.768951416, -260.911010742, 150.422393799, 137.438339233, 3.87296462059, 68.2928924561, 135.983200073, 60.9337882996, -30.9015922546, -49.1451377869, -28.4938468933, -23.3693523407, -38.1727561951], [-150.179092407, -133.10710144, 28.4030818939, 102.480796814, 35.356048584, -9.07077884674, 60.9337882996, 93.0330123901, 10.6516160965, -49.550655365, -26.8582954407, 4.78810834885, 16.3474140167], [-67.0874481201, -101.993659973, -96.7341537476, -49.8552932739, 1.28875422478, -4.0997300148, -30.9015922546, 10.6516160965, 84.6639022827, 86.8377914429, 35.9247550964, 2.91447877884, -6.55611228943], [-66.6810073853, -120.610176086, -160.072814941, -141.129928589, -57.7055282593, -8.38620185852, -49.1451377869, -49.550655365, 86.8377914429, 200.812774658, 140.655792236, 2.45211243629, -64.468421936], [-78.4171676636, -124.781440735, -128.691207886, -90.0469512939, -46.0051879883, -27.1853542328, -28.4938468933, -26.8582954407, 35.9247550964, 140.655792236, 149.917572021, 47.2800102234, -29.5189781189], [-97.0188140869, -109.970199585, -39.3924713135, 20.3552799225, 11.1048383713, -28.84623909, -23.3693523407, 4.78810834885, 2.91447877884, 2.45211243629, 47.2800102234, 112.908241272, 132.531890869], [-34.4510192871, -47.9552497864, -3.50433349609, 62.6255569458, 33.5372772217, -47.662147522, -38.1727561951, 16.3474140167, -6.55611228943, -64.468421936, -29.5189781189, 132.531890869, 273.22479248]], "icov": [[-144.687866211, 191.081985474, -153.707351685, 101.411743164, -45.8407478333, -1.8175920248, 33.8119926453, -47.8668060303, 46.4991035461, -35.6657791138, 21.8361644745, -10.0245103836, 2.89781832695], [191.081985474, -250.872909546, 197.53364563, -123.236320496, 44.9384880066, 21.1640949249, -63.9980506897, 80.6013641357, -75.0214767456, 56.2776069641, -33.9831886292, 15.4554233551, -4.43567991257], [-153.707351685, 197.53364563, -143.1277771, 68.2482452393, 8.9266834259, -71.2562332153, 107.421722412, -115.147743225, 99.7774810791, -71.8767318726, 42.2841415405, -18.8822689056, 5.34416437149], [101.411743164, -123.236320496, 68.2482452393, 6.27167701721, -80.7876281738, 137.174530029, -163.936248779, 159.735168457, -131.537506104, 91.8222503662, -52.8800888062, 23.260137558, -6.50685358047], [-45.8407478333, 44.9384880066, 8.9266834259, -80.7876281738, 150.400817871, -199.195709229, 215.838195801, -199.935836792, 159.807388306, -109.451263428, 62.2415962219, -27.1439971924, 7.54759454727], [-1.8175920248, 21.1640949249, -71.2562332153, 137.174530029, -199.195709229, 239.405426025, -247.116622925, 222.700088501, -175.057235718, 118.668876648, -67.0715255737, 29.1548976898, -8.09515380859], [33.8119926453, -63.9980506897, 107.421722412, -163.936248779, 215.838195801, -247.116622925, 248.411026001, -220.461456299, 171.77331543, -115.92615509, 65.4514846802, -28.4829540253, 7.93551445007], [-47.8668060303, 80.6013641357, -115.147743225, 159.735168457, -199.935836792, 222.700088501, -220.461456299, 194.065383911, -150.6328125, 101.642745972, -57.5487632751, 25.1646404266, -7.05630683899], [46.4991035461, -75.0214767456, 99.7774810791, -131.537506104, 159.807388306, -175.057235718, 171.77331543, -150.6328125, 116.915237427, -79.128288269, 45.076335907, -19.86693573, 5.62461233139], [-35.6657791138, 56.2776069641, -71.8767318726, 91.8222503662, -109.451263428, 118.668876648, -115.92615509, 101.642745972, -79.128288269, 53.9207649231, -31.028881073, 13.8413543701, -3.97207951546], [21.8361644745, -33.9831886292, 42.2841415405, -52.8800888062, 62.2415962219, -67.0715255737, 65.4514846802, -57.5487632751, 45.076335907, -31.028881073, 18.1229076385, -8.22230434418, 2.40574336052], [-10.0245103836, 15.4554233551, -18.8822689056, 23.260137558, -27.1439971924, 29.1548976898, -28.4829540253, 25.1646404266, -19.86693573, 13.8413543701, -8.22230434418, 3.82351589203, -1.14607083797], [2.89781832695, -4.43567991257, 5.34416437149, -6.50685358047, 7.54759454727, -8.09515380859, 7.93551445007, -7.05630683899, 5.62461233139, -3.97207951546, 2.40574336052, -1.14607083797, 0.356352388859]]}, "spectral_contrast_coeffs": {"dmean": [0.0312316510826, 0.0256182868034, 0.021515712142, 0.0155675606802, 0.0109882513061, 0.00961616262794], "dmean2": [0.052436619997, 0.0422681607306, 0.0330613143742, 0.0247324798256, 0.0172984190285, 0.0167704802006], "dvar": [0.000707517843693, 0.000756643596105, 0.000618426827714, 0.000290466297884, 0.000199910165975, 0.000103460341052], "dvar2": [0.00179785920773, 0.00180542899761, 0.00127576407976, 0.000581384694669, 0.000305533409119, 0.000315485347528], "max": [-0.289536088705, -0.306039988995, -0.354988098145, -0.470102220774, -0.57963103056, -0.801542401314], "mean": [-0.550299108028, -0.578444600105, -0.62148463726, -0.704412639141, -0.847069740295, -0.892314434052], "median": [-0.530122041702, -0.584593057632, -0.604169309139, -0.688431739807, -0.876281738281, -0.891258955002], "min": [-0.948592185974, -0.960874199867, -0.956447601318, -0.962049484253, -0.959289133549, -0.960470557213], "var": [0.0150026064366, 0.0122082931921, 0.010114046745, 0.0106990328059, 0.00542553374544, 0.000131202483317]}, "spectral_contrast_valleys": {"dmean": [0.425845623016, 0.310184419155, 0.276829093695, 0.22891703248, 0.154005795717, 0.173255458474], "dmean2": [0.715254545212, 0.51343691349, 0.446435302496, 0.368496209383, 0.246983334422, 0.299663037062], "dvar": [0.204465389252, 0.218950420618, 0.230048835278, 0.204414710402, 0.132139012218, 0.139779880643], "dvar2": [0.380403876305, 0.311101257801, 0.322445839643, 0.288158714771, 0.156324252486, 0.251343280077], "max": [-7.13497114182, -5.46847581863, -6.34770822525, -7.20168066025, -9.89189624786, -12.5077753067], "mean": [