{"lowlevel": {"average_loudness": 0.128604128957, "barkbands_crest": {"dmean": 1.84346759319, "dmean2": 3.00323081017, "dvar": 3.65946793556, "dvar2": 10.007390976, "max": 25.6954574585, "mean": 11.9406719208, "median": 11.7968883514, "min": 2.97213411331, "var": 15.6960582733}, "barkbands_flatness_db": {"dmean": 0.0151030411944, "dmean2": 0.0233983751386, "dvar": 0.000265400158241, "dvar2": 0.000619897677097, "max": 0.429218113422, "mean": 0.190633907914, "median": 0.186128512025, "min": 0.043307531625, "var": 0.00342433247715}, "barkbands_kurtosis": {"dmean": 3.03781247139, "dmean2": 4.76474523544, "dvar": 46.8929023743, "dvar2": 114.016433716, "max": 303.237884521, "mean": 7.43454313278, "median": 2.11361956596, "min": -1.93707859516, "var": 208.177215576}, "barkbands_skewness": {"dmean": 0.476801991463, "dmean2": 0.734101593494, "dvar": 0.284266531467, "dvar2": 0.661754012108, "max": 14.3657484055, "mean": 1.9717772007, "median": 1.66775560379, "min": -4.71755647659, "var": 2.96122574806}, "barkbands_spread": {"dmean": 4.56770420074, "dmean2": 7.04292917252, "dvar": 28.2963085175, "dvar2": 67.9522857666, "max": 125.206832886, "mean": 23.2427349091, "median": 21.3612556458, "min": 0.619380116463, "var": 195.284347534}, "dissonance": {"dmean": 0.0105877649039, "dmean2": 0.017767874524, "dvar": 0.000146444654092, "dvar2": 0.000402113742894, "max": 0.500000178814, "mean": 0.475774943829, "median": 0.481241703033, "min": 0.320181190968, "var": 0.000412768946262}, "dynamic_complexity": 6.16401815414, "erbbands_crest": {"dmean": 2.47166967392, "dmean2": 3.87430667877, "dvar": 5.827003479, "dvar2": 13.752289772, "max": 33.829498291, "mean": 10.810503006, "median": 9.63373947144, "min": 2.14343047142, "var": 24.9289665222}, "erbbands_flatness_db": {"dmean": 0.014288187027, "dmean2": 0.0209940932691, "dvar": 0.000233133250731, "dvar2": 0.000502136070281, "max": 0.423168331385, "mean": 0.193382427096, "median": 0.184265047312, "min": 0.0317576378584, "var": 0.00259267445654}, "erbbands_kurtosis": {"dmean": 1.27862775326, "dmean2": 1.94937264919, "dvar": 8.23324108124, "dvar2": 16.6637535095, "max": 146.228546143, "mean": 1.13439822197, "median": -0.305771350861, "min": -1.92891967297, "var": 35.7170219421}, "erbbands_skewness": {"dmean": 0.379393339157, "dmean2": 0.574976086617, "dvar": 0.152127474546, "dvar2": 0.357963085175, "max": 4.38131713867, "mean": -0.495473057032, "median": -0.44093477726, "min": -8.24470043182, "var": 1.22721540928}, "erbbands_spread": {"dmean": 6.35520458221, "dmean2": 9.9193687439, "dvar": 42.8651695251, "dvar2": 105.422164917, "max": 134.728088379, "mean": 42.244228363, "median": 41.5588226318, "min": 0.811056613922, "var": 389.532043457}, "hfc": {"dmean": 2.81330060959, "dmean2": 3.90615272522, "dvar": 38.0595626831, "dvar2": 68.3580474854, "max": 205.308853149, "mean": 12.050532341, "median": 6.89567041397, "min": 1.05261638006e-16, "var": 232.076751709}, "melbands_crest": {"dmean": 2.28966760635, "dmean2": 3.72828912735, "dvar": 6.87693309784, "dvar2": 18.4421653748, "max": 37.8223648071, "mean": 16.6758804321, "median": 16.4918746948, "min": 1.56698346138, "var": 27.7711830139}, "melbands_flatness_db": {"dmean": 0.0175002589822, "dmean2": 0.0271726492792, "dvar": 0.000358795397915, "dvar2": 0.000841886154376, "max": 0.5560516119, "mean": 0.272723138332, "median": 0.265588641167, "min": 0.00395953375846, "var": 0.00482222437859}, "melbands_kurtosis": {"dmean": 7.97214889526, "dmean2": 12.6403179169, "dvar": 242.514282227, "dvar2": 579.23638916, "max": 497.498260498, "mean": 26.0335903168, "median": 11.8586826324, "min": -1.95215690136, "var": 1359.44763184}, "melbands_skewness": {"dmean": 0.65608549118, "dmean2": 1.0327154398, "dvar": 0.549116790295, "dvar2": 1.32213628292, "max": 19.5361747742, "mean": 3.72301888466, "median": 3.32319498062, "min": -3.32277154922, "var": 5.83571195602}, "melbands_spread": {"dmean": 5.99262046814, "dmean2": 9.37790679932, "dvar": 75.4926147461, "dvar2": 180.123657227, "max": 165.81867981, "mean": 23.4370307922, "median": 17.6247577667, "min": 0.466382294893, "var": 434.64855957}, "pitch_salience": {"dmean": 0.0497385933995, "dmean2": 0.0803997516632, "dvar": 0.00237676687539, "dvar2": 0.0063931751065, "max": 0.991893708706, "mean": 0.478872925043, "median": 0.473975121975, "min": 0.0765197426081, "var": 0.0129955327138}, "silence_rate_20dB": {"dmean": 0.0019080756465, "dmean2": 0.00381636549719, "dvar": 0.00190451287199, "dvar2": 0.00447557633743, "max": 1, "mean": 0.997474730015, "median": 1, "min": 0, "var": 0.0025190198794}, "silence_rate_30dB": {"dmean": 0.0107750156894, "dmean2": 0.0215512402356, "dvar": 0.0106598176062, "dvar2": 0.023553814739, "max": 1, "mean": 0.942143678665, "median": 1, "min": 0, "var": 0.0545119196177}, "silence_rate_60dB": {"dmean": 0.0133565291762, "dmean2": 0.0267145577818, "dvar": 0.0131816314533, "dvar2": 0.0301466956735, "max": 1, "mean": 0.284231215715, "median": 0, "min": 0, "var": 0.203447490931}, "spectral_centroid": {"dmean": 210.360137939, "dmean2": 322.731689453, "dvar": 59338.96875, "dvar2": 123402.101562, "max": 11687.6826172, "mean": 1671.66931152, "median": 1610.57653809, "min": 194.402282715, "var": 588540.4375}, "spectral_complexity": {"dmean": 1.8440990448, "dmean2": 2.89201927185, "dvar": 5.96381807327, "dvar2": 10.7617092133, "max": 56, "mean": 12.2761507034, "median": 11, "min": 0, "var": 84.5984954834}, "spectral_decrease": {"dmean": 1.53667512048e-09, "dmean2": 2.41186848271e-09, "dvar": 3.09003971905e-17, "dvar2": 7.48960891818e-17, "max": 9.28827015301e-11, "mean": -7.87626674992e-09, "median": -4.44938663691e-09, "min": -1.97834609139e-07, "var": 1.44360804582e-16}, "spectral_energy": {"dmean": 0.00597772374749, "dmean2": 0.00933209992945, "dvar": 0.000447394035291, "dvar2": 0.00108076119795, "max": 0.752921879292, "mean": 0.0308200009167, "median": 0.0176463909447, "min": 9.96024977681e-21, "var": 0.00212734914385}, "spectral_energyband_high": {"dmean": 7.44609860703e-05, "dmean2": 0.000109031621832, "dvar": 7.17370198799e-08, "dvar2": 1.55170752691e-07, "max": 0.00713440589607, "mean": 0.000160607087309, "median": 6.76442577969e-05, "min": 7.0656418909e-21, "var": 1.42996483987e-07}, "spectral_energyband_low": {"dmean": 0.00489403586835, "dmean2": 0.00792498141527, "dvar": 0.000423879595473, "dvar2": 0.00104213692248, "max": 0.72017711401, "mean": 0.0215824041516, "median": 0.00988177023828, "min": 1.4793205633e-23, "var": 0.00154826114886}, "spectral_energyband_middle_high": {"dmean": 0.000962471181992, "dmean2": 0.0013267849572, "dvar": 3.4427398532e-06, "dvar2": 6.09880635238e-06, "max": 0.0613268613815, "mean": 0.00339498091489, "median": 0.00152471545152, "min": 1.2561698876e-21, "var": 2.30861442105e-05}, "spectral_energyband_middle_low": {"dmean": 0.00124043296091, "dmean2": 0.00181507866364, "dvar": 6.13866268395e-06, "dvar2": 1.32276582008e-05, "max": 0.0809485092759, "mean": 0.00657620001584, "median": 0.00359997875057, "min": 1.66184391789e-22, "var": 7.86123273429e-05}, "spectral_entropy": {"dmean": 0.108016893268, "dmean2": 0.160312309861, "dvar": 0.0128723029047, "dvar2": 0.0255115311593, "max": 9.82151317596, "mean": 7.10813808441, "median": 7.12405824661, "min": 4.96868801117, "var": 0.133610367775}, "spectral_flux": {"dmean": 0.0122715411708, "dmean2": 0.020374244079, "dvar": 0.000518769433256, "dvar2": 0.0012693987228, "max": 0.488334834576, "mean": 0.043935213238, "median": 0.0365846604109, "min": 6.46764933276e-11, "var": 0.00166417541914}, "spectral_kurtosis": {"dmean": 2.65080714226, "dmean2": 4.6601266861, "dvar": 9.0858745575, "dvar2": 28.1735076904, "max": 52.5106201172, "mean": 6.17717552185, "median": 5.26884317398, "min": -1.27208161354, "var": 18.2019824982}, "spectral_rms": {"dmean": 0.00040232759784, "dmean2": 0.000619413738605, "dvar": 6.39804682123e-07, "dvar2": 1.34302854349e-06, "max": 0.0271027293056, "mean": 0.00439696200192, "median": 0.00414921576157, "min": 3.11726122346e-12, "var": 1.07348960228e-05}, "spectral_rolloff": {"dmean": 330.723175049, "dmean2": 574.002441406, "dvar": 645324.625, "dvar2": 1615425, "max": 20262.7441406, "mean": 1300.1595459, "median": 732.12890625, "min": 43.06640625, "var": 2623358.25}, "spectral_skewness": {"dmean": 0.29413151741, "dmean2": 0.501087248325, "dvar": 0.0899824649096, "dvar2": 0.274280101061, "max": 5.45856380463, "mean": 1.28441977501, "median": 1.23771691322, "min": -1.08230388165, "var": 0.386044859886}, "spectral_spread": {"dmean": 237555.078125, "dmean2": 381190.9375, "dvar": 266470277120, "dvar2": 515031367680, "max": 50649704, "mean": 3155444.25, "median": 3005776.5, "min": 773202.125, "var": 2587070038020.0}, "spectral_strongpeak": {"dmean": 0.290027022362, "dmean2": 0.493231087923, "dvar": 1.1778126955, "dvar2": 2.68698430061, "max": 24.9658432007, "mean": 0.630254566669, "median": 0.227616220713, "min": 0, "var": 2.31871056557}, "zerocrossingrate": {"dmean": 0.00649927323684, "dmean2": 0.00798215717077, "dvar": 9.0866429673e-05, "dvar2": 0.000114314578241, "max": 0.75390625, "mean": 0.0488712526858, "median": 0.04296875, "min": 0.00244140625, "var": 0.00158183579333}, "barkbands": {"dmean": [0.00108662748244, 0.00397428078577, 0.000670198409352, 0.000424736033892, 0.000418702169554, 0.000367396365618, 0.000279494619463, 0.000142988021253, 0.000286387949018, 0.000104834391095, 0.00013065848907, 0.000143252269481, 0.000132176210172, 0.000130468935822, 4.67304853373e-05, 0.000139961746754, 0.000278574880213, 0.00014907597506, 0.000394227710785, 7.82024653745e-05, 3.08636845148e-05, 1.36210119308e-05, 5.12251017426e-06, 4.32504384662e-06, 2.86893100565e-06, 1.67163580045e-06, 1.14003864837e-06], "dmean2": [0.00163978128694, 0.0065627079457, 0.000990935252048, 0.000573789002374, 0.000637507298961, 0.000661255558953, 0.000397166586481, 0.000216863918467, 0.000416301423684, 0.000131919412524, 0.000171203617356, 0.000185512180906, 0.000190493519767, 0.000194190128241, 7.6173186244e-05, 0.000230266203289, 0.000439767201897, 0.000231199766858, 0.000560784770641, 0.000118447293062, 4.68551370432e-05, 2.22216258408e-05, 8.14479790279e-06, 6.93614947522e-06, 4.11001110479e-06, 2.61044692706e-06, 1.71556405348e-06], "dvar": [1.84580239875e-05, 0.000339308287948, 4.11340852224e-06, 1.19207152238e-06, 2.04612092602e-06, 6.06900755429e-07, 8.58150144722e-07, 1.028496186e-07, 5.04972547333e-07, 1.10293136402e-07, 1.39951097822e-07, 3.28414017758e-07, 1.2871592503e-07, 1.11899502997e-07, 1.526852067e-08, 1.12572749345e-07, 6.36484344341e-07, 1.32061572344e-07, 1.19987009839e-06, 4.82385225098e-08, 9.00868180054e-09, 4.87606532928e-09, 9.81973058423e-10, 7.12548076098e-10, 1.97692057169e-10, 6.61709922967e-11, 1.32352490079e-10], "dvar2": [4.01158940804e-05, 0.00086741510313, 8.51921777212e-06, 2.25308053814e-06, 4.93536299473e-06, 2.00116210181e-06, 1.5479307649e-06, 2.36710263835e-07, 1.09089512534e-06, 1.52088702521e-07, 1.94544142573e-07, 4.81077790937e-07, 2.41544256596e-07, 2.27442171763e-07, 4.0436219706e-08, 3.01766846178e-07, 1.53975497597e-06, 2.85973840164e-07, 2.14866076931e-06, 1.02155453874e-07, 1.90435649472e-08, 1.28963995039e-08, 2.48117748569e-09, 1.74029490818e-09, 3.79847764354e-10, 1.56063606482e-10, 2.16265366726e-10], "max": [0.116763487458, 0.609006047249, 0.0994793325663, 0.0609788000584, 0.039493907243, 0.0156928785145, 0.043177511543, 0.011409830302, 0.0229227282107, 0.0118979895487, 0.0149720869958, 0.0239974241704, 0.0127157112584, 0.00757483486086, 0.0030254649464, 0.00540415290743, 0.0266285166144, 0.0175914224237, 0.0473009236157, 0.0081637930125, 0.00278775859624, 0.0015941063175, 0.000745158293284, 0.00181554153096, 0.000489752565045, 0.000692050380167, 0.000837262894493], "mean": [0.00258957548067, 0.0146779855713, 0.00348285399377, 0.00301826070063, 0.00130781088956, 0.000568199204281, 0.00062275165692, 0.000319111568388, 0.000651106005535, 0.000226562886382, 0.000287011178443, 0.000333755335305, 0.000217072840314, 0.000213789913687, 8.35251485114e-05, 0.000236214124016, 0.000501566799358, 0.000284545880277, 0.000933122180868, 0.000153721615789, 5.85985035286e-05, 2.3909857191e-05, 9.64291757555e-06, 8.50612195791e-06, 5.92648484599e-06, 2.93542143481e-06, 1.93112964553e-06], "median": [9.02691172087e-05, 0.00651041418314, 0.00130179617554, 0.000773018866312, 0.000520940520801, 0.000209704783629, 0.000118868236314, 6.81712772348e-05, 0.000138790084748, 2.20151196118e-05, 4.48143327958e-05, 3.61588608939e-05, 2.30878322327e-05, 3.05888534058e-05, 2.21533264266e-05, 6.36515760561e-05, 0.000102799880551, 8.68222341524e-05, 0.000201878661755, 4.6877998102e-05, 1.82151088666e-05, 8.50665128382e-06, 2.68484836852e-06, 1.91352091861e-06, 1.14726583433e-06, 5.60244757253e-07, 1.98689477315e-07], "min": [4.65558687775e-25, 2.95133355305e-24, 2.26716316742e-24, 4.55952531317e-25, 1.223836284e-23, 1.44951440063e-23, 1.42077872221e-23, 1.32512349988e-23, 1.71419474705e-23, 3.07360813721e-23, 1.33276377552e-23, 4.58446704396e-23, 3.89132841424e-23, 4.15433053797e-23, 2.82061444956e-23, 7.47591236757e-23, 6.32128316632e-23, 1.08399775124e-22, 1.46487178696e-22, 2.12375845483e-22, 3.06119960761e-22, 4.00538053552e-22, 4.1183593011e-22, 6.14084770567e-22, 9.68741992296e-22, 1.35492749792e-21, 1.92400211191e-21], "var": [8.615385741e-05, 0.000759931048378, 4.75519154861e-05, 3.45048028976e-05, 5.36144216312e-06, 9.46843044858e-07, 3.41572149409e-06, 4.09578689187e-07, 1.84466921382e-06, 4.84058659822e-07, 7.32261241865e-07, 1.53763267008e-06, 3.17559027962e-07, 2.62216985902e-07, 3.31897744843e-08, 2.06395995406e-07, 1.5410580545e-06, 3.77212359126e-07, 4.6940563152e-06, 1.12909731342e-07, 1.81162373991e-08, 5.69737634848e-09, 1.58794233318e-09, 2.09906514392e-09, 5.36997390999e-10, 1.63190266855e-10, 3.87342824482e-10]}, "erbbands": {"dmean": [0.200265601277, 0.642577767372, 0.882405936718, 1.11523032188, 1.62849497795, 1.26998972893, 2.34789323807, 2.41037273407, 2.43839693069, 5.7088470459, 3.2711815834, 7.15395021439, 3.63749241829, 3.07749819756, 6.29339361191, 6.79823589325, 7.32245111465, 5.52853918076, 2.96632957458, 5.12934684753, 7.38843297958, 11.8441743851, 9.5626707077, 19.7335987091, 10.6376647949, 4.02375650406, 1.45581817627, 1.07412433624, 0.431105345488, 0.357537269592, 0.143953308463, 0.122259661555, 0.0524670146406, 0.0386467017233, 0.0180246196687, 0.0087293414399, 0.0028143664822, 0.000649974739645, 0.000151854779688, 2.51146411756e-05], "dmean2": [0.327734410763, 1.05567145348, 1.35406208038, 1.47605478764, 2.27555632591, 2.07916378975, 4.19758462906, 4.23599004745, 3.58924865723, 7.93991661072, 4.99716424942, 10.4033966064, 4.79646968842, 3.94415545464, 8.00499820709, 8.65585136414, 10.4934825897, 8.06417942047, 4.66914892197, 8.46110248566, 11.9670143127, 18.6858272552, 14.8100652695, 27.9361057281, 15.4161453247, 6.01756191254, 2.2080078125, 1.6480461359, 0.678458213806, 0.629923522472, 0.232066616416, 0.19710342586, 0.0801000520587, 0.0609311796725, 0.0270164497197, 0.0133503014222, 0.00445445161313, 0.00106291484553, 0.000244702474447, 3.56531782018e-05], "dvar": [0.838184773922, 9.2840719223, 7.87051582336, 7.80420923233, 22.5044689178, 16.4215164185, 23.5314445496, 23.9802589417, 37.9269561768, 453.00177002, 39.9974784851, 362.235595703, 69.7119216919, 122.373550415, 477.060821533, 827.355102539, 382.799713135, 236.796234131, 51.4945678711, 400.281402588, 308.214508057, 970.940246582, 490.546447754, 3134.97900391, 854.459472656, 133.743927002, 24.6026248932, 9.73535442352, 3.22868275642, 6.93983268738, 0.883826255798, 0.513631820679, 0.111214831471, 0.0480386503041, 0.00624911300838, 0.00217604031786, 0.00018035134417, 8.03340299171e-06, 6.75648266224e-07, 1.064565609e-07], "dvar2": [2.13957643509, 24.409122467, 18.0249290466, 12.8215808868, 52.1564292908, 39.2642402649, 77.0903091431, 74.3461303711, 89.5548400879, 759.995239258, 97.2428970337, 785.857788086, 107.079269409, 168.659088135, 630.956420898, 1193.38146973, 714.567016602, 463.295196533, 120.938041687, 1143.00878906, 784.861999512, 2348.11376953, 1144.48706055, 5560.69580078, 1712.9185791, 274.999603271, 54.9576187134, 20.3877429962, 7.66331291199, 19.9858016968, 2.34192109108, 1.30509090424, 0.260739803314, 0.117920689285, 0.0109340464696, 0.00511898985133, 0.000414477544837, 2.06720433198e-05, 1.44274065406e-06, 1.68510027265e-07], "max": [24.0480365753, 108.850372314, 119.797966003, 151.976333618, 143.374694824, 103.358413696, 104.120643616, 89.1540222168, 177.653930664, 1023.52166748, 151.449630737, 612.827941895, 292.948425293, 391.776947021, 898.545349121, 1224.09020996, 726.872741699, 340.283935547, 114.20236969, 465.91229248, 335.158569336, 971.410766602, 690.829101562, 2310.19628906, 1374.57373047, 437.950286865, 141.135726929, 103.284118652, 57.3139915466, 52.2747993469, 22.7807369232, 38.5916442871, 24.3262062073, 8.16663265228, 2.49830317497, 4.49121761322, 0.710210800171, 0.0828694626689, 0.0450956225395, 0.0243596155196], "mean": [0.403285354376, 3.22075247765, 5.43319797516, 6.62779903412, 8.18608951569, 3.56778240204, 4.02769994736, 3.87885451317, 5.67115831375, 12.2181367874, 7.35868215561, 15.3754301071, 9.01979255676, 6.52788734436, 15.072183609, 15.2837648392, 13.1343603134, 9.61457920074, 5.342689991, 8.67316150665, 13.9320707321, 22.4881591797, 20.7830524445, 47.2772254944, 26.0716686249, 8.2047252655, 2.75186753273, 2.06473278999, 0.883794128895, 0.520599067211, 0.26787635684, 0.2184278965, 0.11285418272, 0.0732238665223, 0.036580607295, 0.0153323467821, 0.00496120285243, 0.00102090137079, 0.000284107896732, 6.86370767653e-05], "median": [0.181173816323, 1.07185614109, 1.89655768871, 2.11533117294, 2.36617660522, 1.58204436302, 1.57671737671, 1.75985431671, 1.58007586002, 2.09853243828, 2.51202106476, 3.16612195969, 2.24000167847, 1.2681607008, 1.94955778122, 1.91734433174, 1.48949861526, 1.53434026241, 1.5044605732, 2.23339366913, 4.2216553688, 5.44615077972, 6.05319547653, 10.5286149979, 6.89589500427, 2.70046758652, 0.993856906891, 0.670230984688, 0.335180163383, 0.133983209729, 0.078552223742, 0.0504393428564, 0.025438087061, 0.0146527308971, 0.00671031046659, 0.00265250401571, 0.000942968646996, 0.00022864456696, 4.44940087618e-05, 2.51754499914e-05], "min": [7.2549196114e-23, 2.46805698624e-22, 2.76267782887e-21, 3.96430589872e-21, 1.42639735687e-20, 3.30748038682e-20, 8.7602091021e-20, 1.57478140955e-19, 2.63308830522e-19, 3.54199255283e-19, 2.55856010751e-19, 3.94329328165e-19, 1.07001219927e-18, 8.49678374251e-19, 1.11413742526e-18, 1.87399318738e-18, 2.55913820336e-18, 2.51494628593e-18, 9.56746254595e-19, 2.30632554518e-18, 4.33629997387e-18, 4.17242680912e-18, 7.06186670967e-18, 7.178842456e-18, 8.17329305048e-18, 9.63407995018e-18, 9.32058594264e-18, 1.17201384652e-17, 1.25306819941e-17, 1.56236070845e-17, 1.286526828e-17, 1.09235593994e-17, 9.69160126279e-18, 8.70260178855e-18, 7.41020073742e-18, 4.93688272942e-18, 2.339194394e-18, 1.02882025913e-18, 2.61093072154e-19, 2.69594769867e-20], "var": [1.29706656933, 31.3052825928, 88.3870391846, 173.161270142, 232.492889404, 34.8776016235, 46.3034324646, 36.0634460449, 120.992286682, 1771.94360352, 127.35243988, 1194.10778809, 314.824523926, 414.237365723, 2818.4375, 3422.78955078, 1076.78967285, 592.114257812, 117.012405396, 625.314086914, 664.099731445, 2442.78515625, 1593.92980957, 12482.2285156, 3171.14868164, 306.546508789, 41.2200431824, 21.6273097992, 5.92293357849, 5.94550085068, 1.25395560265, 1.07780182362, 0.407504200935, 0.115312740207, 0.0176356937736, 0.00526203215122, 0.000509253877681, 1.27216735564e-05, 3.12148085868e-06, 3.08895806711e-07]}, "gfcc": {"mean": [-91.1511001587, 128.815948486, -124.02104187, 53.9754180908, -26.663225174, -8.62714385986, -17.3623104095, 15.3621988297, -15.9750556946, -5.45789909363, -6.54007339478, -4.93555879593, -10.8609361649], "cov": [[14199.7138672, -757.687072754, 731.207458496, 379.171356201, -94.604347229, 872.081115723, 451.151489258, 430.006195068, -412.956878662, 143.913085938, -181.047653198, 67.3992156982, -223.232467651], [-757.687072754, 862.497802734, -377.74395752, 294.303314209, 98.6169815063, -375.793395996, -1.93275308609, -84.9270477295, 89.810760498, -213.524978638, 46.7299957275, -124.680465698, 75.5666732788], [731.207458496, -377.74395752, 918.461242676, 22.3432064056, 123.182121277, 311.995361328, 37.5635070801, 66.3452682495, -105.838531494, 35.6474266052, -79.6766433716, 28.0887374878, -12.7437067032], [379.171356201, 294.303314209, 22.3432064056, 642.122924805, 97.130859375, -303.382141113, 99.8660736084, 4.50663757324, -14.0590429306, -160.791061401, 6.891664505, -119.896011353, 74.7634124756], [-94.604347229, 98.6169815063, 123.182121277, 97.130859375, 378.005126953, -84.2489929199, -38.7226791382, 31.6414737701, 17.4740753174, -86.4497146606, -63.4646873474, -35.0662994385, -11.7031536102], [872.081115723, -375.793395996, 311.995361328, -303.382141113, -84.2489929199, 637.232788086, 54.633605957, 17.0762958527, -55.2682418823, 142.882110596, -41.9080123901, 87.90284729, -34.5038490295], [451.151489258, -1.93275308609, 37.5635070801, 99.8660736084, -38.7226791382, 54.633605957, 207.622756958, 39.426940918, -3.27670145035, -4.40259933472, 13.4032278061, -13.0870113373, 27.1536579132], [430.006195068, -84.9270477295, 66.3452682495, 4.50663757324, 31.6414737701, 17.0762958527, 39.426940918, 157.596786499, 15.8542022705, 25.5365772247, -16.0917110443, 11.2544908524, -5.48910999298], [-412.956878662, 89.810760498, -105.838531494, -14.0590429306, 17.4740753174, -55.2682418823, -3.27670145035, 15.8542022705, 123.128517151, 35.7105636597, 11.1731548309, -6.68796491623, 17.4996376038], [143.913085938, -213.524978638, 35.6474266052, -160.791061401, -86.4497146606, 142.882110596, -4.40259933472, 25.5365772247, 35.7105636597, 205.009552002, 42.8106307983, 52.7878036499, -32.3453025818], [-181.047653198, 46.7299957275, -79.6766433716, 6.891664505, -63.4646873474, -41.9080123901, 13.4032278061, -16.0917110443, 11.1731548309, 42.8106307983, 111.750541687, 17.659318924, -4.84024143219], [67.3992156982, -124.680465698, 28.0887374878, -119.896011353, -35.0662994385, 87.90284729, -13.0870113373, 11.2544908524, -6.68796491623, 52.7878036499, 17.659318924, 88.1686706543, 0.78703558445], [-223.232467651, 75.5666732788, -12.7437067032, 74.7634124756, -11.7031536102, -34.5038490295, 27.1536579132, -5.48910999298, 17.4996376038, -32.3453025818, -4.84024143219, 0.78703558445, 98.283203125]], "icov": [[0.000115902410471, -6.75802948535e-05, 4.64371187263e-05, -0.000225462557864, 4.14760761487e-05, -0.000160904368386, -0.000127681734739, -0.000273694138741, 0.000370772118913, -0.000184671909665, 0.000288122479105, -0.000234801656916, 0.0003504579945], [-6.75802948535e-05, 0.00310694496147, 0.000625656277407, -4.90163001814e-05, -0.000520455068909, 8.26601390145e-05, 0.000300105806673, 0.000917986326385, -0.00223403680138, 0.00280600436963, -0.00242572301067, 0.00246527325362, -0.00130647118203], [4.64371187263e-05, 0.000625656277407, 0.001940775197, -0.000684723141603, -0.000832695455756, -0.000948301458266, 0.000109145439637, -0.000415567541495, 0.00114612502512, -0.000249266711762, 0.000276891660178, 0.000167303689523, -0.000362304213922], [-0.000225462557864, -4.90163001814e-05, -0.000684723141603, 0.00396358408034, -0.000444612058345, 0.00162773299962, -0.00117381790187, 0.000288085750071, 0.000303618347971, 0.000918876612559, -0.00158652418759, 0.00351404561661, -0.00257730484009], [4.14760761487e-05, -0.000520455068909, -0.000832695455756, -0.000444612058345, 0.00398909254, 0.000246118812356, 0.000711170316208, -0.000797019514721, -0.001381359878, 0.00119790819008, 0.00175047887024, -0.000747012963984, 0.00177740259096], [-0.000160904368386, 8.26601390145e-05, -0.000948301458266, 0.00162773299962, 0.000246118812356, 0.00367663381621, -0.00147281563841, 0.00107198627666, 0.000476143090054, -0.00123603607062, 0.00128726533148, -0.000645511783659, -0.000426357612014], [-0.000127681734739, 0.000300105806673, 0.000109145439637, -0.00117381790187, 0.000711170316208, -0.00147281563841, 0.00694764452055, -0.00169256306253, -0.000832882884424, 0.00103666260839, -0.00205229478888, 0.0016317749396, -0.00168474577367], [-0.000273694138741, 0.000917986326385, -0.000415567541495, 0.000288085750071, -0.000797019514721, 0.00107198627666, -0.00169256306253, 0.00865517277271, -0.00253938115202, -0.000217741689994, 0.000742771488149, -0.000921811675653, 5.64060610486e-05], [0.000370772118913, -0.00223403680138, 0.00114612502512, 0.000303618347971, -0.001381359878, 0.000476143090054, -0.000832882884424, -0.00253938115202, 0.0147846471518, -0.00669328961521, 0.00238281511702, 0.000452358362963, -0.00215308670886], [-0.000184671909665, 0.00280600436963, -0.000249266711762, 0.000918876612559, 0.00119790819008, -0.00123603607062, 0.00103666260839, -0.000217741689994, -0.00669328961521, 0.0125490045175, -0.00580773828551, 0.000460662093246, 0.00113391596824], [0.000288122479105, -0.00242572301067, 0.000276891660178, -0.00158652418759, 0.00175047887024, 0.00128726533148, -0.00205229478888, 0.000742771488149, 0.00238281511702, -0.00580773828551, 0.0157056599855, -0.0064019584097, 0.00352020654827], [-0.000234801656916, 0.00246527325362, 0.000167303689523, 0.00351404561661, -0.000747012963984, -0.000645511783659, 0.0016317749396, -0.000921811675653, 0.000452358362963, 0.000460662093246, -0.0064019584097, 0.0215362962335, -0.0063147530891], [0.0003504579945, -0.00130647118203, -0.000362304213922, -0.00257730484009, 0.00177740259096, -0.000426357612014, -0.00168474577367, 5.64060610486e-05, -0.00215308670886, 0.00113391596824, 0.00352020654827, -0.0063147530891, 0.0153997913003]]}, "melbands": {"dmean": [0.00138308212627, 0.000547843636014, 0.000194207954337, 0.00010866260709, 6.99631855241e-05, 5.99744562351e-05, 3.99789532821e-05, 5.62195455132e-05, 3.21035622619e-05, 4.12373410654e-05, 1.8044396711e-05, 1.2684491594e-05, 1.95885531866e-05, 1.55926300067e-05, 1.6370549929e-05, 1.22791288959e-05, 1.12695097414e-05, 6.14658165432e-06, 4.524833912e-06, 7.57867428547e-06, 9.83289919532e-06, 1.04083374026e-05, 1.74091364897e-05, 9.23666539165e-06, 1.81845007319e-05, 1.29483378259e-05, 4.76471359434e-06, 2.49388904194e-06, 9.57391648626e-07, 8.56471103816e-07, 5.38091228464e-07, 2.45769200546e-07, 2.71116277872e-07, 1.68704445969e-07, 9.02717474105e-08, 7.30166362928e-08, 7.42761159245e-08, 3.48156206087e-08, 4.10804048556e-08, 3.47653994481e-08], "dmean2": [0.00226152944379, 0.000881460844539, 0.000256926956354, 0.000164992801729, 0.000124548867461, 0.000105785809865, 5.85270099691e-05, 7.85340598668e-05, 4.85200544063e-05, 5.99932172918e-05, 2.36854175455e-05, 1.61541902344e-05, 2.5830053346e-05, 2.03085655812e-05, 2.17326396523e-05, 1.75512959686e-05, 1.656573113e-05, 9.69283883023e-06, 7.48673619455e-06, 1.24067555589e-05, 1.60693307407e-05, 1.64079774549e-05, 2.76476584986e-05, 1.43069510159e-05, 2.57762349065e-05, 1.86795350601e-05, 7.19496938473e-06, 3.83191445508e-06, 1.50327434767e-06, 1.31675130888e-06, 8.36992398945e-07, 3.86941479746e-07, 4.66830073265e-07, 2.93638066751e-07, 1.4620044908e-07, 1.19438823276e-07, 1.19947245025e-07, 5.36464277445e-08, 6.63979164983e-08, 5.68496503206e-08], "dvar": [3.89548840758e-05, 4.46048534286e-06, 2.34643565022e-07, 1.46885241747e-07, 1.87168431864e-08, 1.44048168949e-08, 1.14159881548e-08, 3.77934732398e-08, 4.76002037786e-09, 1.1066312311e-08, 1.77366932252e-09, 2.20662488282e-09, 3.16443116155e-09, 3.87906506916e-09, 2.35998665055e-09, 8.79207429083e-10, 1.02070119024e-09, 2.50092779819e-10, 2.06962433302e-10, 5.71649894088e-10, 6.05231476047e-10, 6.33782581971e-10, 3.06624037272e-09, 4.91260754298e-10, 2.78052803004e-09, 1.27148602758e-09, 2.52959014846e-10, 5.72315181357e-11, 1.21912202555e-11, 6.50621266932e-12, 2.57901165701e-12, 7.05461513859e-13, 3.456913358e-12, 1.31150396532e-12, 3.26880151636e-13, 1.85097000661e-13, 2.08162073733e-13, 4.77173469737e-14, 4.98592595162e-14, 4.67856751062e-14], "dvar2": [9.99250623863e-05, 1.07612686406e-05, 3.90851312204e-07, 3.52926946334e-07, 6.03496062013e-08, 4.6018616473e-08, 2.47636453565e-08, 6.42413766627e-08, 1.09885851529e-08, 2.42608599876e-08, 2.71174127597e-09, 3.03407454716e-09, 4.44989378678e-09, 5.64348834331e-09, 3.66052654854e-09, 1.64904134792e-09, 2.05320138669e-09, 5.8622323662e-10, 5.82513037806e-10, 1.60457569454e-09, 1.57144641744e-09, 1.5074551607e-09, 7.40657535303e-09, 1.12086995241e-09, 4.96220842194e-09, 2.37803110537e-09, 5.61194812843e-10, 1.22228518973e-10, 3.01193237018e-11, 1.35717981992e-11, 5.53276304979e-12, 1.54792552474e-12, 9.75732862563e-12, 3.74196507114e-12, 8.67451726769e-13, 4.75524133958e-13, 5.16034751822e-13, 1.06168641044e-13, 1.24608060415e-13, 1.25722227225e-13], "max": [0.191830724478, 0.0784079656005, 0.0271439664066, 0.0111712478101, 0.00278223585337, 0.00215860246681, 0.00364630646072, 0.00915142800659, 0.00184887950309, 0.0033556916751, 0.00145100371446, 0.0016341493465, 0.00221657310612, 0.00253437017091, 0.00192273815628, 0.000944414932746, 0.000788806355558, 0.000257185369264, 0.000337826757459, 0.000517835549545, 0.000485122785904, 0.00062958773924, 0.00186823355034, 0.000739509938285, 0.00219123717397, 0.00165775674395, 0.00113474437967, 0.00028383222525, 8.87609785423e-05, 0.00010914698214, 4.54663240816e-05, 3.32104573317e-05, 3.94946728193e-05, 2.23848801397e-05, 1.52210968736e-05, 1.00049373941e-05, 3.27971465595e-05, 1.75608765858e-05, 1.31351343953e-05, 9.16425960895e-06], "mean": [0.00400349730626, 0.00354923936538, 0.00128441571724, 0.00043228227878, 0.000124849175336, 9.75436560111e-05, 9.16004428291e-05, 0.000121292578115, 7.01457975083e-05, 9.11126116989e-05, 4.25862308475e-05, 2.47137759288e-05, 4.35559886682e-05, 4.07084044127e-05, 3.54283401975e-05, 2.05391661439e-05, 1.83210322575e-05, 9.91367687675e-06, 7.48481215851e-06, 1.27049761431e-05, 1.68955684785e-05, 1.95748016267e-05, 2.95180398098e-05, 1.6673016944e-05, 4.18631643697e-05, 2.97817750834e-05, 1.00447578006e-05, 4.22783705289e-06, 1.55697523496e-06, 1.57691783897e-06, 9.77336299002e-07, 4.97391340559e-07, 3.87549363268e-07, 2.4557473921e-07, 1.60730920129e-07, 1.25924458416e-07, 1.3119975506e-07, 7.05990714778e-08, 8.10042308785e-08, 5.63297959388e-08], "median": [0.0019761659205, 0.00111211452167, 0.000402035482693, 0.00015186809469, 5.75285012019e-05, 4.46488047601e-05, 2.16278640437e-05, 1.93981904886e-05, 2.01668808586e-05, 1.92380939552e-05, 9.18555542739e-06, 4.19734078605e-06, 6.84361020831e-06, 3.32932040692e-06, 4.89513877255e-06, 2.35027073359e-06, 2.44991861109e-06, 2.11101269088e-06, 1.86289867088e-06, 3.58103761755e-06, 4.59198008684e-06, 4.91225728183e-06, 4.44143324785e-06, 4.15448266722e-06, 8.37557217892e-06, 5.88551847613e-06, 2.88564388029e-06, 1.20597906061e-06, 4.71439449257e-07, 4.75168235425e-07, 3.09958977596e-07, 1.87023886156e-07, 9.64117674584e-08, 5.38710125397e-08, 4.33314752968e-08, 3.54641827016e-08, 2.59000003666e-08, 1.60027013862e-08, 1.4747763899e-08, 1.00601305064e-08], "min": [1.05807250812e-24, 8.16463000383e-25, 7.23788607314e-25, 1.9188037694e-24, 3.39588605821e-24, 3.13477152086e-24, 4.28335812646e-24, 4.04916386193e-24, 1.78564483746e-24, 2.25479698387e-24, 4.83905817494e-24, 3.22929953984e-24, 2.63368904602e-24, 4.27896377679e-24, 4.50332567899e-24, 3.93331529926e-24, 4.12854338495e-24, 1.55038985084e-24, 2.01311228783e-24, 3.88946528256e-24, 3.87280138479e-24, 3.4703679383e-24, 4.25869281254e-24, 4.886218252e-24, 5.28203631095e-24, 4.98372579863e-24, 5.64408047352e-24, 5.46369914451e-24, 5.2053310264e-24, 7.76571241179e-24, 6.21522247422e-24, 5.95756078105e-24, 6.82046535413e-24, 7.3522372792e-24, 6.04917395899e-24, 5.85884036079e-24, 6.4484835163e-24, 6.97720412739e-24, 4.81089386847e-24, 6.81951083244e-24], "var": [7.60312468628e-05, 3.61245038221e-05, 6.08803566138e-06, 5.68688165004e-07, 3.61247352032e-08, 2.18918554395e-08, 4.08695122189e-08, 1.49419435047e-07, 1.5096320638e-08, 3.82621330175e-08, 7.80546027812e-09, 6.70802702274e-09, 1.69555764984e-08, 2.46233859968e-08, 1.00367545386e-08, 2.20231766157e-09, 2.32382357801e-09, 5.31717614383e-10, 3.55004997621e-10, 9.41229982843e-10, 1.17541820721e-09, 1.61051616487e-09, 7.13670589292e-09, 1.22567522798e-09, 1.07119504378e-08, 4.82606443697e-09, 7.59689200436e-10, 1.07176004183e-10, 1.56617861041e-11, 1.37010056078e-11, 5.37845766188e-12, 1.58345233627e-12, 2.93527094991e-12, 1.28733753258e-12, 4.57785556424e-13, 2.69359675623e-13, 5.35752106741e-13, 1.58579597479e-13, 1.75981625106e-13, 7.58387086854e-14]}, "mfcc": {"mean": [-728.801208496, 147.435455322, -18.3868942261, 58.3483467102, 14.3064508438, -3.27858924866, 10.7404670715, 13.4766149521, 2.1422355175, 4.68154191971, 6.90892410278, 1.34391820431, -0.156107962132], "cov": [[10291.1035156, 132.729492188, 2.49021792412, 512.568115234, -543.410705566, 558.196044922, 546.077026367, 364.872711182, 134.972671509, 145.945983887, 93.4262161255, 268.404052734, -54.0395851135], [132.729492188, 466.971740723, -88.9801712036, 129.596984863, 93.4628753662, -69.9947814941, -24.3381080627, 33.9560050964, -4.23025226593, -13.2744407654, 2.80149579048, -26.065820694, -27.145898819], [2.49021792412, -88.9801712036, 502.191101074, -62.3776664734, 19.7645549774, 182.524520874, 116.234512329, 32.1309013367, 48.197227478, 10.3583297729, -22.9619369507, 24.5754890442, -14.4937257767], [512.568115234, 129.596984863, -62.3776664734, 1027.59191895, 42.0816230774, -225.891738892, 63.8982887268, 37.1585578918, 17.7377967834, 29.3281822205, -45.8671836853, -137.431442261, -53.8830795288], [-543.410705566, 93.4628753662, 19.7645549774, 42.0816230774, 416.434173584, -62.6471595764, -54.9279632568, 54.9082870483, -4.62681341171, -14.5729265213, 12.6196317673, -72.7653656006, -58.6065979004], [558.196044922, -69.9947814941, 182.524520874, -225.891738892, -62.6471595764, 338.686981201, 115.387718201, 26.9630222321, 51.943939209, 5.19196224213, -1.21992766857, 91.5918045044, 5.43797016144], [546.077026367, -24.3381080627, 116.234512329, 63.8982887268, -54.9279632568, 115.387718201, 176.440948486, 65.1299667358, 30.3050079346, 16.7496623993, -1.84177291393, 21.3454418182, -14.2677459717], [364.872711182, 33.9560050964, 32.1309013367, 37.1585578918, 54.9082870483, 26.9630222321, 65.1299667358, 142.759384155, 57.1738243103, 0.763398170471, -1.26252627373, -13.0461921692, -37.6524505615], [134.972671509, -4.23025226593, 48.197227478, 17.7377967834, -4.62681341171, 51.943939209, 30.3050079346, 57.1738243103, 138.587417603, 39.1018028259, -23.8335323334, 8.88320636749, 3.53349637985], [145.945983887, -13.2744407654, 10.3583297729, 29.3281822205, -14.5729265213, 5.19196224213, 16.7496623993, 0.763398170471, 39.1018028259, 96.1583175659, 30.5425186157, -0.661160767078, 10.6070928574], [93.4262161255, 2.80149579048, -22.9619369507, -45.8671836853, 12.6196317673, -1.21992766857, -1.84177291393, -1.26252627373, -23.8335323334, 30.5425186157, 90.1421127319, 38.9383659363, -0.340004056692], [268.404052734, -26.065820694, 24.5754890442, -137.431442261, -72.7653656006, 91.5918045044, 21.3454418182, -13.0461921692, 8.88320636749, -0.661160767078, 38.9383659363, 148.375656128, 69.8351364136], [-54.0395851135, -27.145898819, -14.4937257767, -53.8830795288, -58.6065979004, 5.43797016144, -14.2677459717, -37.6524505615, 3.53349637985, 10.6070928574, -0.340004056692, 69.8351364136, 136.013671875]], "icov": [[0.000160444149515, -5.07793010911e-05, 0.000121158860566, -0.000143487326568, 0.000194360080059, -0.00029088096926, -7.73669453338e-05, -0.000459605595097, 0.000246642535785, -0.000290898315143, 4.86226308567e-05, -0.000301732681692, 0.00014102991554], [-5.07793010911e-05, 0.00246395519935, 0.000349849520717, -0.000243775066338, -0.000512446975335, 0.000164115437656, 0.000264970760327, -0.00039514125092, 8.42323697725e-06, 0.000272247736575, 6.18019330432e-05, -0.000314675766276, 0.000243605245487], [0.000121158860566, 0.000349849520717, 0.002943999134, -5.82557477173e-05, -0.000527848664206, -0.00121808145195, -0.0015512094833, 0.000233664672123, -0.000155916393851, -0.000435299763922, 0.000871207856108, -0.000349071924575, 0.000351222261088], [-0.000143487326568, -0.000243775066338, -5.82557477173e-05, 0.00165438861586, -0.000252795696724, 0.00162402819842, -0.00158094346989, 0.000860036991071, -0.000619833881501, -9.12935793167e-05, 0.000539674656466, 0.000805489486083, 5.29165299668e-05], [0.000194360080059, -0.000512446975335, -0.000527848664206, -0.000252795696724, 0.00361202959903, -0.00050874002045, 0.00182521401439, -0.00232877954841, 0.000446719757747, 0.000320861203363, -0.00150096020661, 0.0012843196746, 0.000242256865022], [-0.00029088096926, 0.000164115437656, -0.00121808145195, 0.00162402819842, -0.00050874002045, 0.00723331188783, -0.00374754914083, 0.00205615162849, -0.00199985899962, 0.000446201680461, 0.00142226077151, -0.00269175996073, 0.00150121434126], [-7.73669453338e-05, 0.000264970760327, -0.0015512094833, -0.00158094346989, 0.00182521401439, -0.00374754914083, 0.0125379720703, -0.00584685616195, 0.00262596155517, -0.00205719936639, 0.000340793689247, -0.000482143281261, 0.000204099778784], [-0.000459605595097, -0.00039514125092, 0.000233664672123, 0.000860036991071, -0.00232877954841, 0.00205615162849, -0.00584685616195, 0.0145220458508, -0.00719151971862, 0.00445231189951, -0.00274092005566, 0.00175843562465, 0.00135518261231], [0.000246642535785, 8.42323697725e-06, -0.000155916393851, -0.000619833881501, 0.000446719757747, -0.00199985899962, 0.00262596155517, -0.00719151971862, 0.014241328463, -0.00868372060359, 0.0075720557943, -0.00372636364773, 0.000634023512248], [-0.000290898315143, 0.000272247736575, -0.000435299763922, -9.12935793167e-05, 0.000320861203363, 0.000446201680461, -0.00205719936639, 0.00445231189951, -0.00868372060359, 0.0188728496432, -0.0113466931507, 0.00638895481825, -0.00356158684008], [4.86226308567e-05, 6.18019330432e-05, 0.000871207856108, 0.000539674656466, -0.00150096020661, 0.00142226077151, 0.000340793689247, -0.00274092005566, 0.0075720557943, -0.0113466931507, 0.0220117587596, -0.010211260058, 0.00489774020389], [-0.000301732681692, -0.000314675766276, -0.000349071924575, 0.000805489486083, 0.0012843196746, -0.00269175996073, -0.000482143281261, 0.00175843562465, -0.00372636364773, 0.00638895481825, -0.010211260058, 0.0172991640866, -0.00811263825744], [0.00014102991554, 0.000243605245487, 0.000351222261088, 5.29165299668e-05, 0.000242256865022, 0.00150121434126, 0.000204099778784, 0.00135518261231, 0.000634023512248, -0.00356158684008, 0.00489774020389, -0.00811263825744, 0.0123950652778]]}, "spectral_contrast_coeffs": {"dmean": [0.0349420569837, 0.0402655266225, 0.0305059179664, 0.0273272227496, 0.023557767272, 0.0162592027336], "dmean2": [0.0593224726617, 0.0680203214288, 0.0488725937903, 0.0446522273123, 0.0377546660602, 0.0258691478521], "dvar": [0.000867882976308, 0.00109307363164, 0.000594454701059, 0.000483836891362, 0.000413345405832, 0.000297731981846], "dvar2": [0.00245187687688, 0.00316701829433, 0.00153544801287, 0.0012871499639, 0.00103537214454, 0.000642099184915], "max": [-0.402100503445, -0.44773799181, -0.494137942791, -0.532686769962, -0.460864245892, -0.489387482405], "mean": [-0.692290604115, -0.74018406868, -0.765564799309, -0.776690423489, -0.720412611961, -0.73561578989], "median": [-0.7053129673, -0.741276264191, -0.769201993942, -0.784429430962, -0.714628100395, -0.739361405373], "min": [-0.997582495213, -0.994159936905, -0.992279052734, -0.99269336462, -0.979196727276, -0.97657084465], "var": [0.00783287826926, 0.00624694814906, 0.00630786828697, 0.00421593617648, 0.00383478146978, 0.00226658792235]}, "spectral_contrast_valleys": {"dmean": [0.292530298233, 0.297273308039, 0.269371688366, 0.225980997086, 0.193635627627, 0.151859104633], "dmean2": [0.496726661921, 0.494906663895, 0.445749491453, 0.372881025076, 0.292972147465, 0.23185262084], "dvar": [0.0695132240653, 0.0714913606644, 0.0633257105947, 0.052468