{"lowlevel": {"average_loudness": 0.774211704731, "barkbands_crest": {"dmean": 2.30038499832, "dmean2": 3.57465171814, "dvar": 5.39523649216, "dvar2": 12.7520685196, "max": 26.5580158234, "mean": 13.3015489578, "median": 12.669626236, "min": 2.68695306778, "var": 21.4153175354}, "barkbands_flatness_db": {"dmean": 0.0234375353903, "dmean2": 0.033793233335, "dvar": 0.000736450776458, "dvar2": 0.00144124822691, "max": 0.512028336525, "mean": 0.282528489828, "median": 0.285760521889, "min": 0.0377244129777, "var": 0.00617691548541}, "barkbands_kurtosis": {"dmean": 7.37783288956, "dmean2": 11.3899230957, "dvar": 226.123977661, "dvar2": 509.04989624, "max": 325.574615479, "mean": 16.0871124268, "median": 8.36976051331, "min": -1.94918942451, "var": 532.045532227}, "barkbands_skewness": {"dmean": 0.654696643353, "dmean2": 0.970408797264, "dvar": 0.765943825245, "dvar2": 1.62767100334, "max": 13.7952461243, "mean": 1.86524796486, "median": 1.55922842026, "min": -4.36586236954, "var": 4.0694770813}, "barkbands_spread": {"dmean": 2.27339363098, "dmean2": 3.40971374512, "dvar": 41.6968460083, "dvar2": 84.2510299683, "max": 124.647193909, "mean": 7.46725845337, "median": 4.23400449753, "min": 0.226462393999, "var": 137.854568481}, "dissonance": {"dmean": 0.0421854257584, "dmean2": 0.0708425045013, "dvar": 0.00160113326274, "dvar2": 0.00441675307229, "max": 0.499944895506, "mean": 0.375805139542, "median": 0.379629433155, "min": 0.137568071485, "var": 0.00490804761648}, "dynamic_complexity": 6.02029180527, "erbbands_crest": {"dmean": 2.61479926109, "dmean2": 3.98345971107, "dvar": 7.01709079742, "dvar2": 16.442193985, "max": 31.153011322, "mean": 15.2620630264, "median": 14.7921457291, "min": 2.56655859947, "var": 30.2205848694}, "erbbands_flatness_db": {"dmean": 0.0193208884448, "dmean2": 0.0270508863032, "dvar": 0.000506603042595, "dvar2": 0.000991358188912, "max": 0.451185911894, "mean": 0.26565310359, "median": 0.273133158684, "min": 0.0529406629503, "var": 0.00423586228862}, "erbbands_kurtosis": {"dmean": 3.75922036171, "dmean2": 5.80057096481, "dvar": 38.9780235291, "dvar2": 88.929359436, "max": 218.397659302, "mean": 9.2226934433, "median": 5.0526304245, "min": -1.90292239189, "var": 226.496902466}, "erbbands_skewness": {"dmean": 0.498869925737, "dmean2": 0.738287866116, "dvar": 0.365233540535, "dvar2": 0.775804281235, "max": 11.4304466248, "mean": 1.53293883801, "median": 1.45873594284, "min": -4.12522268295, "var": 2.46207165718}, "erbbands_spread": {"dmean": 4.74559736252, "dmean2": 7.13399982452, "dvar": 113.221893311, "dvar2": 236.75428772, "max": 169.393692017, "mean": 15.9393024445, "median": 10.0638217926, "min": 0.974046170712, "var": 349.143981934}, "hfc": {"dmean": 2.90439605713, "dmean2": 3.78685307503, "dvar": 48.3651885986, "dvar2": 86.5595474243, "max": 325.276031494, "mean": 11.2588777542, "median": 3.90741682053, "min": 1.0635401934e-16, "var": 280.467285156}, "melbands_crest": {"dmean": 2.63188815117, "dmean2": 4.08122777939, "dvar": 6.86564922333, "dvar2": 15.9694213867, "max": 34.5623855591, "mean": 15.3955001831, "median": 14.6377811432, "min": 1.52615559101, "var": 31.8828678131}, "melbands_flatness_db": {"dmean": 0.0240642540157, "dmean2": 0.0338072404265, "dvar": 0.000920899154153, "dvar2": 0.00172809546348, "max": 0.630195021629, "mean": 0.352319449186, "median": 0.357037127018, "min": 0.00338632636704, "var": 0.0107773402706}, "melbands_kurtosis": {"dmean": 7.37249517441, "dmean2": 11.2283058167, "dvar": 219.844009399, "dvar2": 473.423370361, "max": 289.630157471, "mean": 16.0580463409, "median": 6.96295452118, "min": -1.92717134953, "var": 632.322753906}, "melbands_skewness": {"dmean": 0.622455060482, "dmean2": 0.917090535164, "dvar": 0.685933470726, "dvar2": 1.40937268734, "max": 12.2250165939, "mean": 1.85469043255, "median": 1.39078807831, "min": -2.27784967422, "var": 3.68705487251}, "melbands_spread": {"dmean": 2.93326497078, "dmean2": 4.28188800812, "dvar": 87.4563522339, "dvar2": 159.791931152, "max": 291.715332031, "mean": 12.6749897003, "median": 5.50420188904, "min": 0.404691189528, "var": 701.211608887}, "pitch_salience": {"dmean": 0.0566034801304, "dmean2": 0.085902415216, "dvar": 0.00375793455169, "dvar2": 0.00810703914613, "max": 0.900123894215, "mean": 0.530560433865, "median": 0.528511404991, "min": 0.0629341825843, "var": 0.0187557954341}, "silence_rate_20dB": {"dmean": 0, "dmean2": 0, "dvar": 0, "dvar2": 0, "max": 1, "mean": 1, "median": 1, "min": 1, "var": 0}, "silence_rate_30dB": {"dmean": 0.00137722073123, "dmean2": 0.00275482097641, "dvar": 0.00137533433735, "dvar2": 0.00412468099967, "max": 1, "mean": 0.999311506748, "median": 1, "min": 0, "var": 0.000688044179697}, "silence_rate_60dB": {"dmean": 0.0498553924263, "dmean2": 0.0997245162725, "dvar": 0.0473649539053, "dvar2": 0.0985977053642, "max": 1, "mean": 0.23533461988, "median": 0, "min": 0, "var": 0.179946154356}, "spectral_centroid": {"dmean": 94.9178466797, "dmean2": 135.838531494, "dvar": 67504.2734375, "dvar2": 111787.90625, "max": 11722.3330078, "mean": 885.251281738, "median": 458.050140381, "min": 128.972183228, "var": 3391481.25}, "spectral_complexity": {"dmean": 1.06486713886, "dmean2": 1.68925619125, "dvar": 2.19028329849, "dvar2": 4.24292945862, "max": 31, "mean": 6.31864500046, "median": 6, "min": 0, "var": 13.907418251}, "spectral_decrease": {"dmean": 1.10732800707e-09, "dmean2": 1.51055890019e-09, "dvar": 3.48937042419e-18, "dvar2": 6.63262862775e-18, "max": 2.56633872505e-28, "mean": -4.53960069535e-09, "median": -2.56311949443e-09, "min": -3.37330696709e-08, "var": 2.37107716081e-17}, "spectral_energy": {"dmean": 0.00440455041826, "dmean2": 0.0060018626973, "dvar": 5.56150334887e-05, "dvar2": 0.00010576358909, "max": 0.136410072446, "mean": 0.0181547366083, "median": 0.01020918414, "min": 9.9633904782e-21, "var": 0.000384501909139}, "spectral_energyband_high": {"dmean": 6.21366198175e-05, "dmean2": 8.00619454822e-05, "dvar": 2.27076256465e-07, "dvar2": 3.65234342325e-07, "max": 0.0314970612526, "mean": 0.000123130026623, "median": 1.19775313578e-05, "min": 7.01492618739e-21, "var": 7.55237635985e-07}, "spectral_energyband_low": {"dmean": 0.000680648430716, "dmean2": 0.00102885160595, "dvar": 1.9552694539e-06, "dvar2": 4.25924690717e-06, "max": 0.0308329388499, "mean": 0.00145123281982, "median": 0.000487432203954, "min": 1.4919552751e-23, "var": 7.21042397345e-06}, "spectral_energyband_middle_high": {"dmean": 0.00127736211289, "dmean2": 0.00155663921032, "dvar": 1.47443579408e-05, "dvar2": 2.32124384638e-05, "max": 0.10148549825, "mean": 0.00442575290799, "median": 0.000255534716416, "min": 1.12435595088e-21, "var": 0.000111308087071}, "spectral_energyband_middle_low": {"dmean": 0.00349703826942, "dmean2": 0.00488853082061, "dvar": 4.21173936047e-05, "dvar2": 8.51585136843e-05, "max": 0.129793331027, "mean": 0.0125345233828, "median": 0.00718692876399, "min": 1.62473489117e-22, "var": 0.000206555065233}, "spectral_entropy": {"dmean": 0.219921156764, "dmean2": 0.310437470675, "dvar": 0.0810318216681, "dvar2": 0.152252882719, "max": 9.82377433777, "mean": 6.17739391327, "median": 6.0461397171, "min": 4.10671234131, "var": 0.962551057339}, "spectral_flux": {"dmean": 0.0182819459587, "dmean2": 0.0281793233007, "dvar": 0.000581601110753, "dvar2": 0.00119612948038, "max": 0.336186349392, "mean": 0.0457587353885, "median": 0.0339263379574, "min": 6.31878646629e-11, "var": 0.0019200600218}, "spectral_kurtosis": {"dmean": 5.61534070969, "dmean2": 8.78680419922, "dvar": 46.9297065735, "dvar2": 110.034385681, "max": 130.245254517, "mean": 20.1302719116, "median": 15.8717632294, "min": -1.32856178284, "var": 279.494293213}, "spectral_rms": {"dmean": 0.000475839944556, "dmean2": 0.000634809955955, "dvar": 3.86810370401e-07, "dvar2": 6.5196485366e-07, "max": 0.011536160484, "mean": 0.00355960684828, "median": 0.00315597513691, "min": 3.11775258388e-12, "var": 5.04111494593e-06}, "spectral_rolloff": {"dmean": 191.893203735, "dmean2": 322.14352417, "dvar": 805827.3125, "dvar2": 1654844.375, "max": 19573.6816406, "mean": 1362.50183105, "median": 516.796875, "min": 107.666015625, "var": 11567689}, "spectral_skewness": {"dmean": 0.466808438301, "dmean2": 0.706406414509, "dvar": 0.259433329105, "dvar2": 0.55483019352, "max": 9.95869922638, "mean": 3.42420434952, "median": 3.30467152596, "min": -0.283490866423, "var": 2.32490563393}, "spectral_spread": {"dmean": 541207.0625, "dmean2": 789348.3125, "dvar": 1027845586940.0, "dvar2": 1744196861950.0, "max": 47006856, "mean": 4528450, "median": 3036562, "min": 806530.6875, "var": 44448960479200.0}, "spectral_strongpeak": {"dmean": 0.42597424984, "dmean2": 0.655297100544, "dvar": 0.525865852833, "dvar2": 1.11120164394, "max": 12.5005121231, "mean": 1.41779851913, "median": 0.670345544815, "min": 0, "var": 3.01066207886}, "zerocrossingrate": {"dmean": 0.00593469198793, "dmean2": 0.00668091140687, "dvar": 0.000238362248638, "dvar2": 0.000233191109146, "max": 0.53759765625, "mean": 0.0456117354333, "median": 0.0234375, "min": 0.00390625, "var": 0.00795236323029}, "barkbands": {"dmean": [6.33493357327e-07, 0.00014948475291, 0.000462555559352, 0.000246216281084, 0.00115760532208, 0.00165680341888, 0.000372101960238, 0.000888678885531, 0.00075430504512, 0.000442298216512, 0.000695120019373, 0.000346065644408, 0.000189953789231, 9.62597696343e-05, 9.61757541518e-05, 2.71173776127e-05, 1.46354286699e-05, 2.5388882932e-05, 1.33316107167e-05, 1.37236202136e-05, 9.68895074038e-06, 8.95221455721e-06, 4.71084376841e-06, 1.0390589523e-05, 2.23364095291e-05, 9.74268004938e-06, 3.26685324126e-07], "dmean2": [1.11741803721e-06, 0.000266401766567, 0.000688211643137, 0.000364687759429, 0.00157605181448, 0.00248856539838, 0.000539324013516, 0.00123411300592, 0.00106398330536, 0.000595773279201, 0.00087451969739, 0.000465987366624, 0.000249374541454, 0.000132115368615, 0.000135676600621, 3.88352927985e-05, 2.05180585908e-05, 3.65794439858e-05, 2.01952207135e-05, 2.05681135412e-05, 1.42361777762e-05, 1.21500361274e-05, 6.51686877973e-06, 1.32932727865e-05, 3.1856867281e-05, 1.29480085889e-05, 4.85012606077e-07], "dvar": [4.15211831931e-12, 1.78964612019e-07, 1.18678019589e-06, 1.68048657656e-07, 6.13310294284e-06, 1.35573818625e-05, 3.90209061152e-06, 1.37832766995e-05, 8.50532251206e-06, 3.76657249035e-06, 8.49183197715e-06, 3.02780404127e-06, 8.41293285703e-07, 1.61967520285e-07, 1.72681538402e-07, 1.40818912087e-08, 4.46840076052e-09, 8.16058687292e-09, 3.34518257539e-09, 1.72007563748e-08, 2.99192071118e-09, 3.8728362739e-09, 1.63539859432e-09, 8.66114646669e-09, 6.57498446799e-08, 8.43728287236e-09, 6.7098917568e-12], "dvar2": [1.14331460965e-11, 4.89988963182e-07, 2.34665981225e-06, 3.74937854986e-07, 1.20162721942e-05, 3.08512753691e-05, 7.97642042016e-06, 2.87829789158e-05, 1.74880024133e-05, 7.22945287635e-06, 1.31787801365e-05, 5.5126179177e-06, 1.52745099058e-06, 3.18491487405e-07, 3.59894812618e-07, 2.83790022593e-08, 7.91499488173e-09, 1.66093307996e-08, 8.07347344534e-09, 4.35509122099e-08, 5.53188961305e-09, 6.10324590866e-09, 3.60648821918e-09, 1.21609167181e-08, 1.26258996147e-07, 1.63406923548e-08, 1.4092124169e-11], "max": [5.56732920813e-05, 0.00692481640726, 0.0288752652705, 0.00587153434753, 0.0735211968422, 0.116157703102, 0.0720316171646, 0.0919282957911, 0.0685242936015, 0.0534975491464, 0.0847566276789, 0.0481048934162, 0.0365298613906, 0.0129964007065, 0.0109690837562, 0.00367437000386, 0.00305517599918, 0.00328880758025, 0.00224472372793, 0.00628015957773, 0.00268515734933, 0.00299795228057, 0.00196522590704, 0.00579877803102, 0.0180033780634, 0.00564005831257, 8.31726574688e-05], "mean": [4.62976458948e-07, 0.00025149618159, 0.000953164184466, 0.00057520280825, 0.00277291983366, 0.00426879571751, 0.000705181679223, 0.00207928824238, 0.00182424997911, 0.0009953310946, 0.00194515229668, 0.000751171144657, 0.000400597316911, 0.000190614984604, 0.000160339797731, 4.48809914815e-05, 2.73436471616e-05, 4.85016644234e-05, 2.43904196395e-05, 2.52241516137e-05, 1.80006172741e-05, 1.5604597138e-05, 7.36674246582e-06, 1.71862338902e-05, 3.68269284081e-05, 1.49539609993e-05, 4.76318774645e-07], "median": [3.50564164364e-08, 9.8123364296e-06, 0.00019241523114, 0.000360571837518, 0.00123356422409, 0.00163934449665, 0.000115317845484, 4.71358580398e-05, 3.7941015762e-05, 1.3259552361e-05, 1.13629375846e-05, 1.234597039e-05, 6.26777955404e-06, 4.70440045319e-06, 5.34555692866e-06, 2.06084064303e-06, 1.87228329196e-06, 3.99584860133e-06, 1.81948325917e-06, 2.07246193895e-06, 1.8642683699e-06, 8.23730601951e-07, 1.22010902714e-07, 6.35551771211e-07, 2.32370575759e-06, 5.03548847064e-07, 1.70377922881e-09], "min": [3.00509240229e-25, 1.60246877147e-24, 1.39459869674e-24, 4.9555931452e-25, 6.70692223746e-24, 6.0802440346e-24, 7.63065469165e-24, 5.74167913358e-24, 8.4350743005e-24, 7.08896915158e-24, 1.18982525605e-23, 1.90718294108e-23, 2.24881051568e-23, 2.69477630459e-23, 4.03512986866e-23, 4.91329393042e-23, 5.95924586683e-23, 8.42007789692e-23, 8.39930056285e-23, 1.68323151475e-22, 2.10995641821e-22, 3.30178880462e-22, 3.06146264539e-22, 5.46628353172e-22, 8.8300783181e-22, 1.19608004266e-21, 1.897212648e-21], "var": [2.86595920607e-12, 3.85097223443e-07, 5.3861313063e-06, 4.37818840737e-07, 1.86212055269e-05, 5.42479538126e-05, 7.42711245039e-06, 3.70978013962e-05, 2.89761228487e-05, 1.15029124572e-05, 5.20626272191e-05, 1.03099855551e-05, 3.14259409606e-06, 5.20148034866e-07, 3.7618590909e-07, 3.14736290363e-08, 1.30186350589e-08, 2.05386765373e-08, 7.70865415944e-09, 4.07078424303e-08, 7.8968334094e-09, 1.40022518025e-08, 4.33469393712e-09, 2.59560177795e-08, 1.5112253493e-07, 1.89345641388e-08, 1.57728378969e-11]}, "erbbands": {"dmean": [0.0017800059868, 0.0471655875444, 0.409914702177, 0.725816190243, 1.28392076492, 4.39843654633, 11.1936368942, 13.3109788895, 5.81260871887, 8.00454139709, 23.1982479095, 17.5446166992, 11.9482460022, 18.9950809479, 22.9359035492, 15.3230714798, 8.27664852142, 4.06390190125, 4.93285989761, 3.6282749176, 1.17329096794, 0.636699438095, 1.18131673336, 1.06397330761, 0.523671805859, 0.674896478653, 0.438708424568, 0.356932371855, 0.315806716681, 0.189668789506, 0.147714927793, 0.144675329328, 0.227616757154, 0.25657877326, 0.157812222838, 0.056677762419, 0.0169187821448, 0.00184312800411, 4.19617317675e-05, 6.28021962257e-06], "dmean2": [0.00321902567521, 0.0811287388206, 0.614013373852, 1.0703060627, 1.72089624405, 5.89691066742, 16.4460086823, 20.6679286957, 8.05592632294, 11.3557300568, 31.5276298523, 24.213760376, 16.5225543976, 23.2357273102, 28.8626384735, 19.5069885254, 10.4426813126, 5.40659952164, 6.89906358719, 5.02223396301, 1.62124526501, 0.848678290844, 1.68256759644, 1.56641185284, 0.781006336212, 1.0101326704, 0.627303481102, 0.514941990376, 0.438338518143, 0.261766314507, 0.204539865255, 0.194819912314, 0.296534687281, 0.35647135973, 0.22359059751, 0.0765428468585, 0.0234798230231, 0.00251965411007, 5.642504766e-05, 8.5057790784e-06], "dvar": [2.4221249987e-05, 0.0157270487398, 0.96981960535, 1.49356544018, 7.17469453812, 103.679161072, 574.286315918, 1283.45031738, 777.425231934, 2134.64135742, 8098.875, 4536.47021484, 5039.51513672, 4819.35546875, 10503.1396484, 4628.03759766, 1402.71875, 278.109069824, 469.747802734, 265.992675781, 27.1187343597, 6.0939822197, 19.2166595459, 13.6478977203, 10.6364717484, 49.1691131592, 6.11533021927, 4.6845998764, 4.88818407059, 2.19349622726, 1.83350253105, 1.71534323692, 4.67082452774, 7.61789417267, 3.42459225655, 0.324398130178, 0.0254208780825, 0.000216220709262, 9.98448683731e-08, 2.52574461346e-10], "dvar2": [6.66506675771e-05, 0.0420830585063, 1.9593578577, 3.23889017105, 12.9671840668, 193.92755127, 1194.60388184, 3023.55737305, 1334.93237305, 4836.90185547, 17075.3613281, 9362.19433594, 10795.4433594, 7590.38085938, 17505.7382812, 7411.26757812, 2459.64599609, 514.403015137, 980.138916016, 554.405334473, 49.1038627625, 11.0131072998, 37.7878303528, 31.7026500702, 24.8951854706, 127.071220398, 11.7779569626, 8.34640789032, 8.53400611877, 3.96971583366, 3.95951461792, 2.65721011162, 6.28593254089, 13.6109371185, 7.03842067719, 0.643556714058, 0.0514135174453, 0.00040455540875, 1.80547289119e-07, 4.87059725884e-10], "max": [0.0730919167399, 2.1624083519, 25.03881073, 19.7720470428, 53.8835716248, 208.494873047, 577.520019531, 1468.78820801, 1143.35742188, 1886.22192383, 2257.62817383, 1865.56640625, 3207.39135742, 2877.6340332, 3002.04931641, 2210.85327148, 1603.39453125, 632.408081055, 556.897216797, 626.922241211, 214.625534058, 114.894607544, 202.608032227, 79.4633712769, 164.627685547, 372.643920898, 91.6078338623, 101.94695282, 102.390098572, 61.0033378601, 73.0154724121, 72.3769760132, 151.381118774, 193.379486084, 128.360214233, 33.9325561523, 9.39064788818, 0.53854572773, 0.0119274426252, 0.000822288275231], "mean": [0.00255847652443, 0.0876034125686, 0.85516089201, 1.62739765644, 2.9552192688, 10.3346204758, 31.3892498016, 31.1323547363, 14.1641397476, 14.393163681, 57.8531150818, 46.5734100342, 24.4843540192, 54.3193969727, 57.2201652527, 37.2285194397, 19.5806827545, 8.57155513763, 9.17744827271, 6.74371910095, 2.34374570847, 1.41058087349, 2.44323706627, 2.03593254089, 1.04238522053, 1.22723412514, 0.831627726555, 0.686392664909, 0.554112374783, 0.323156863451, 0.23260435462, 0.237517744303, 0.37487128377, 0.420292198658, 0.245765820146, 0.0881060436368, 0.0237896367908, 0.00291725294665, 7.53508356865e-05, 2.35268180404e-05], "median": [0.000233229220612, 0.0105030518025, 0.198381870985, 1.03572821617, 1.33722853661, 3.94450426102, 12.702545166, 12.5914669037, 3.4930524826, 1.9318369627, 3.2949719429, 1.94878733158, 0.99093067646, 1.27944803238, 0.961114287376, 0.782908201218, 0.467951238155, 0.297205865383, 0.365445196629, 0.238054275513, 0.110532894731, 0.108027853072, 0.210840478539, 0.193146526814, 0.082890868187, 0.103357799351, 0.0798598378897, 0.0763346403837, 0.0378513261676, 0.00681808777153, 0.00417011184618, 0.00558077357709, 0.0158195868134, 0.02467485331, 0.0115746594965, 0.00314277037978, 0.000691760680638, 7.21347314538e-05, 8.77137517818e-06, 1.28821266117e-05], "min": [6.33349915076e-23, 2.57138135651e-22, 1.39331869498e-21, 4.32924037508e-21, 1.09872332814e-20, 1.93978813496e-20, 1.98497303748e-20, 8.0420883759e-20, 1.03682527365e-19, 1.06885732589e-19, 2.33834575839e-19, 3.3807939215e-19, 4.42709855573e-19, 4.22977953199e-19, 7.57560129117e-19, 1.0115160543e-18, 1.42244066766e-18, 1.38502904631e-18, 1.96278544266e-18, 2.86690543271e-18, 3.32295760817e-18, 3.8600416372e-18, 5.00829695401e-18, 6.43608761907e-18, 6.29702242808e-18, 8.22254834723e-18, 7.86371160724e-18, 1.01233920241e-17, 9.81155403214e-18, 9.41213332976e-18, 8.38910695384e-18, 9.61359151358e-18, 8.85884628009e-18, 7.62917612508e-18, 5.94659191107e-18, 3.46012379927e-18, 2.1498477887e-18, 7.92103449991e-19, 2.31572934797e-19, 2.73000686039e-20], "var": [3.71398491552e-05, 0.0372639335692, 4.39429998398, 4.37356519699, 21.8411178589, 311.12286377, 2433.58056641, 3746.29663086, 2499.88793945, 3410.17944336, 23142.7597656, 17125.2890625, 11474.1220703, 26142.6191406, 44384.8007812, 20363.2695312, 5932.34082031, 880.76751709, 1009.16845703, 652.326843262, 79.5083236694, 23.2366752625, 55.6238937378, 31.9729442596, 31.655462265, 101.183357239, 16.0501308441, 14.5183382034, 16.2322692871, 7.13918113708, 4.86962842941, 4.66959428787, 14.4788579941, 19.4524841309, 6.82839393616, 0.748425126076, 0.0462572611868, 0.00051115086535, 2.62253536221e-07, 1.03784891792e-09]}, "gfcc": {"mean": [-174.918167114, 127.677459717, -83.8710479736, -9.1669511795, -66.0633163452, -13.5749607086, -48.7471008301, -3.05705571175, -43.7151794434, 1.69913589954, -16.7779560089, -4.92783260345, -3.9089012146], "cov": [[42426.640625, 3175.79589844, -5249.13037109, -1123.0826416, -2184.59521484, 9.19630241394, -1094.55993652, 629.730712891, -1987.16650391, 23.706659317, -825.938049316, -620.432189941, 265.416320801], [3175.79589844, 2080.83544922, -95.2780761719, -212.260498047, 86.8271789551, -86.1591186523, -5.30470132828, -200.636672974, -127.091674805, -130.585372925, 30.7135162354, -131.352264404, -18.211555481], [-5249.13037109, -95.2780761719, 1859.5423584, 632.409667969, 133.655258179, 11.3800449371, 14.7933521271, -169.527206421, 339.892852783, -3.44883418083, 137.900787354, 122.533683777, -171.478683472], [-1123.0826416, -212.260498047, 632.409667969, 984.84753418, 274.11151123, -45.8857307434, -139.28364563, -14.2337274551, 303.432800293, 27.5635528564, -31.4660186768, 70.8426895142, -51.5504875183], [-2184.59521484, 86.8271789551, 133.655258179, 274.11151123, 695.530822754, 107.367073059, 134.284469604, 17.7380409241, 182.495834351, -26.7375106812, 2.44092106819, 39.1322059631, 20.1916790009], [9.19630241394, -86.1591186523, 11.3800449371, -45.8857307434, 107.367073059, 312.413208008, 165.021881104, 60.967754364, -21.2833843231, 32.9458885193, -1.36076164246, -6.27898311615, -21.6856384277], [-1094.55993652, -5.30470132828, 14.7933521271, -139.28364563, 134.284469604, 165.021881104, 358.209991455, 35.5383377075, -34.5202674866, 3.29188323021, 50.0523986816, -0.80532848835, -6.06881046295], [629.730712891, -200.636672974, -169.527206421, -14.2337274551, 17.7380409241, 60.967754364, 35.5383377075, 248.865341187, 13.2645311356, 27.161283493, -25.8513126373, -1.23450005054, 60.7037200928], [-1987.16650391, -127.091674805, 339.892852783, 303.432800293, 182.495834351, -21.2833843231, -34.5202674866, 13.2645311356, 316.461791992, 28.7819423676, 12.6062116623, 35.5045661926, 3.20958065987], [23.706659317, -130.585372925, -3.44883418083, 27.5635528564, -26.7375106812, 32.9458885193, 3.29188323021, 27.161283493, 28.7819423676, 124.318717957, 17.5607051849, 0.46469783783, -2.89000368118], [-825.938049316, 30.7135162354, 137.900787354, -31.4660186768, 2.44092106819, -1.36076164246, 50.0523986816, -25.8513126373, 12.6062116623, 17.5607051849, 145.640762329, 22.9488792419, -15.8601322174], [-620.432189941, -131.352264404, 122.533683777, 70.8426895142, 39.1322059631, -6.27898311615, -0.80532848835, -1.23450005054, 35.5045661926, 0.46469783783, 22.9488792419, 145.956878662, -8.58892917633], [265.416320801, -18.211555481, -171.478683472, -51.5504875183, 20.1916790009, -21.6856384277, -6.06881046295, 60.7037200928, 3.20958065987, -2.89000368118, -15.8601322174, -8.58892917633, 131.519683838]], "icov": [[0.000140937016113, -0.000283548230072, 0.000319345999742, -0.000343387713656, 0.000390016328311, -0.000323728192598, 0.000339743157383, -0.000380325713195, 0.000573772820644, -0.000166050769622, 0.000273119658232, -5.65282934986e-05, 4.76492496091e-05], [-0.000283548230072, 0.00119378953241, -0.000652022426948, 0.000799740664661, -0.0010152667528, 0.000772039114963, -0.000594023091253, 0.00116099393927, -0.000960041012149, 0.000777270877734, -0.000763272983022, 0.000686217332259, -8.59604115249e-05], [0.000319345999742, -0.000652022426948, 0.00177045748569, -0.00129102333449, 0.00121434836183, -0.000987675623037, 0.000504445284605, -0.000383723003324, 0.0004245225864, 0.000129089632537, -0.000159961098689, -0.000485458323965, 0.000860171625391], [-0.000343387713656, 0.000799740664661, -0.00129102333449, 0.00284265121445, -0.00166460056789, 0.0010234330548, -1.69190388988e-05, 0.000704068224877, -0.00218092440628, -4.69394617539e-05, 0.000127704857732, -5.50671984456e-06, 0.000400451564929], [0.000390016328311, -0.0010152667528, 0.00121434836183, -0.00166460056789, 0.00350934220478, -0.0016579326475, -8.32025762065e-05, -0.000801762973424, 0.000231291691307, 0.000472158135381, 0.000715546368156, -0.000680357159581, -0.000396160292439], [-0.000323728192598, 0.000772039114963, -0.000987675623037, 0.0010234330548, -0.0016579326475, 0.00576021522284, -0.00262406445108, -0.000178573667654, -0.00056125811534, -0.00104889797512, 0.000328564783558, 0.000480426766444, 0.00110089208465], [0.000339743157383, -0.000594023091253, 0.000504445284605, -1.69190388988e-05, -8.32025762065e-05, -0.00262406445108, 0.00545356888324, -0.00132791360375, 0.00192586763296, -0.000190957842278, -0.000696479110047, 7.58639289415e-05, 0.000197625675355], [-0.000380325713195, 0.00116099393927, -0.000383723003324, 0.000704068224877, -0.000801762973424, -0.000178573667654, -0.00132791360375, 0.00661781057715, -0.00213866843842, 7.79968540883e-05, -0.000334005191689, 0.000101758472738, -0.00229789898731], [0.000573772820644, -0.000960041012149, 0.0004245225864, -0.00218092440628, 0.000231291691307, -0.00056125811534, 0.00192586763296, -0.00213866843842, 0.00830287579447, -0.00208721985109, 0.000985872233286, -3.01785312331e-05, -0.000775824300945], [-0.000166050769622, 0.000777270877734, 0.000129089632537, -4.69394617539e-05, 0.000472158135381, -0.00104889797512, -0.000190957842278, 7.79968540883e-05, -0.00208721985109, 0.0100826239213, -0.00226690294221, 0.00058800453553, 0.000339917605743], [0.000273119658232, -0.000763272983022, -0.000159961098689, 0.000127704857732, 0.000715546368156, 0.000328564783558, -0.000696479110047, -0.000334005191689, 0.000985872233286, -0.00226690294221, 0.009347114712, -0.00132744200528, 0.000217592707486], [-5.65282934986e-05, 0.000686217332259, -0.000485458323965, -5.50671984456e-06, -0.000680357159581, 0.000480426766444, 7.58639289415e-05, 0.000101758472738, -3.01785312331e-05, 0.00058800453553, -0.00132744200528, 0.00806291680783, 9.43189297686e-05], [4.76492496091e-05, -8.59604115249e-05, 0.000860171625391, 0.000400451564929, -0.000396160292439, 0.00110089208465, 0.000197625675355, -0.00229789898731, -0.000775824300945, 0.000339917605743, 0.000217592707486, 9.43189297686e-05, 0.0101447086781]]}, "melbands": {"dmean": [2.83096178464e-05, 0.000163483651704, 0.000127070161398, 0.000194130974705, 0.000351699360181, 0.000296661397442, 8.06125462987e-05, 0.000104946455394, 0.000200166614377, 0.000100284218206, 5.79905718041e-05, 7.55823130021e-05, 9.71323534031e-05, 4.18563540734e-05, 3.59380173904e-05, 1.19525066111e-05, 8.42497593112e-06, 9.0330177045e-06, 6.97204359312e-06, 2.86956264972e-06, 1.365406888e-06, 7.00726900504e-07, 7.92117191395e-07, 1.47129742345e-06, 8.78145669958e-07, 3.96659146418e-07, 4.55481028894e-07, 4.70494541105e-07, 2.77634768509e-07, 2.58199293057e-07, 2.34451746906e-07, 2.0539914658e-07, 1.43447863366e-07, 8.90304505674e-08, 7.98567967308e-08, 9.70920481791e-08, 8.26960757649e-08, 1.32056413804e-07, 2.41325238903e-07, 2.23446377845e-07], "dmean2": [5.08895718667e-05, 0.000248181691859, 0.000185403143405, 0.000254103593761, 0.000514165556524, 0.000455201196019, 0.000113461457659, 0.000147452185047, 0.00027260085335, 0.000138411094667, 8.02698850748e-05, 9.32653347263e-05, 0.000119947704661, 5.56434933969e-05, 4.32020060543e-05, 1.57083759404e-05, 1.12740308396e-05, 1.29071731862e-05, 9.95166010398e-06, 3.90101240555e-06, 1.87389105122e-06, 9.45756085002e-07, 1.1187802329e-06, 2.13285534301e-06, 1.32973900691e-06, 5.9213817849e-07, 6.97628593116e-07, 7.21266417258e-07, 3.9998280954e-07, 3.87057013995e-07, 3.41363687539e-07, 2.94959136227e-07, 2.0546880819e-07, 1.24784392597e-07, 1.12869074087e-07, 1.37793847443e-07, 1.13901258203e-07, 1.79289472158e-07, 3.24062824575e-07, 3.28012703221e-07], "dvar": [6.39398844982e-09, 1.46470341633e-07, 4.02473894212e-08, 2.01714513537e-07, 5.04655758959e-07, 5.49153412521e-07, 1.61941557053e-07, 2.9814165714e-07, 5.2101700021e-07, 1.61021972644e-07, 1.22708726735e-07, 7.87566918348e-08, 1.76180819267e-07, 4.78457700126e-08, 2.35479227229e-08, 2.99316771368e-09, 1.36111999449e-09, 1.53681778414e-09, 1.02934993862e-09, 1.70237698938e-10, 5.18631491919e-11, 9.04904363247e-12, 8.8190999642e-12, 3.25730137307e-11, 1.01011959214e-11, 4.73735157006e-12, 2.09611997898e-11, 2.87437608437e-11, 2.27563215667e-12, 2.67625114778e-12, 2.24028109432e-12, 2.19869608631e-12, 1.17840329508e-12, 5.11125430175e-13, 5.35018318711e-13, 7.93128475222e-13, 5.23541659244e-13, 1.76265523445e-12, 5.56345334385e-12, 6.84441002138e-12], "dvar2": [1.74465579761e-08, 3.108492308e-07, 9.04317403183e-08, 3.35796443096e-07, 1.06562470137e-06, 1.27059877286e-06, 2.84423549601e-07, 6.43499106445e-07, 1.09601535314e-06, 3.32383677915e-07, 2.60501678895e-07, 1.25259276729e-07, 2.6148987331e-07, 9.17755968999e-08, 3.37550858376e-08, 5.28581001191e-09, 2.59142973746e-09, 3.27856675142e-09, 2.18402473884e-09, 3.38240296882e-10, 8.79249381636e-11, 1.61306124707e-11, 1.76487106179e-11, 6.6085033279e-11, 2.39827289972e-11, 1.1687065378e-11, 5.19558909784e-11, 7.49195636085e-11, 4.56144714014e-12, 4.95112544713e-12, 4.52408336488e-12, 4.01033503281e-12, 2.11301028757e-12, 9.63729530207e-13, 1.17537522683e-12, 1.5543467121e-12, 8.30673095413e-13, 2.60711005735e-12, 8.33221078939e-12, 1.45184289937e-11], "max": [0.00132170808502, 0.00909427460283, 0.00318003166467, 0.00949198752642, 0.020875396207, 0.0286306999624, 0.0170524735004, 0.0176311284304, 0.0186913665384, 0.0101486817002, 0.0154682723805, 0.0116252098233, 0.0132895167917, 0.00694300094619, 0.00802434422076, 0.00216051237658, 0.00145459605847, 0.000962351623457, 0.00103647471406, 0.000482000788907, 0.000334468495566, 0.000122366313008, 8.41869841679e-05, 0.000256805244135, 7.68604440964e-05, 0.000114912632853, 0.000277579791145, 0.000297229649732, 5.76730635657e-05, 8.99641308933e-05, 6.52792296023e-05, 6.92096509738e-05, 3.90804125345e-05, 3.72637514374e-05, 3.79741140932e-05, 4.56213238067e-05, 3.57779899787e-05, 9.8191521829e-05, 0.000141946817166, 0.0001795009739], "mean": [4.55567496829e-05, 0.000340622500516, 0.00031841424061, 0.000419923599111, 0.00101089081727, 0.000725669786334, 0.000184998934856, 0.000196797394892, 0.000507705612108, 0.000246608018642, 0.000111808170914, 0.000208900455618, 0.00025728836772, 8.52640805533e-05, 8.00937923486e-05, 2.32716593018e-05, 1.62129254022e-05, 1.60558156495e-05, 1.16285682452e-05, 4.90757292937e-06, 2.59755552179e-06, 1.36167773235e-06, 1.57790407229e-06, 2.80263088825e-06, 1.54315773671e-06, 7.17612692824e-07, 8.25809138405e-07, 8.05147863048e-07, 5.11029099926e-07, 4.42675229806e-07, 4.07366030686e-07, 3.45137550539e-07, 2.39834491822e-07, 1.40100809176e-07, 1.22164479421e-07, 1.46281308844e-07, 1.36907587489e-07, 2.16815664089e-07, 3.75082493065e-07, 3.49764746943e-07], "median": [1.69411089246e-06, 7.6887117757e-05, 0.000221850699745, 0.000156220296049, 0.000496369437315, 0.000287295086309, 3.49775291397e-05, 1.21073499031e-05, 2.41014804487e-05, 7.02551460563e-06, 1.56614964908e-06, 4.08583218814e-06, 2.29341367231e-06, 1.70201246874e-06, 1.59726062066e-06, 5.6411352034e-07, 4.25499763423e-07, 5.29233886937e-07, 3.68898810166e-07, 1.97370511046e-07, 1.08341893679e-07, 9.80051879651e-08, 1.23829124732e-07, 2.12290586887e-07, 1.23633640214e-07, 4.95425851454e-08, 4.99215317973e-08, 6.38812736042e-08, 4.60765612331e-08, 3.76883626529e-08, 3.70887391909e-08, 2.14075779326e-08, 4.85324669341e-09, 1.69671221517e-09, 1.79490222685e-09, 1.65935842844e-09, 3.25334914564e-09, 7.77862041446e-09, 1.53698280769e-08, 1.88359230435e-08], "min": [9.70915506827e-25, 7.16036421895e-25, 1.12442359886e-24, 7.47718554963e-25, 4.90330300706e-25, 1.83421618669e-24, 1.6340572273e-24, 1.39817263107e-24, 1.73841948215e-24, 1.37443334124e-24, 1.82531093314e-24, 1.40638398284e-24, 2.47159193506e-24, 2.17200110149e-24, 1.93766602529e-24, 2.5922273057e-24, 2.07185698451e-24, 2.29575050055e-24, 2.81301980953e-24, 3.3884900928e-24, 3.55577475307e-24, 2.99303214886e-24, 3.44275820105e-24, 4.00518604976e-24, 3.9614519956e-24, 2.85250762264e-24, 3.94832771672e-24, 4.20185538432e-24, 4.23420933105e-24, 4.01256268808e-24, 4.60469272759e-24, 4.82598004442e-24, 5.83197925254e-24, 4.16716088727e-24, 4.46845960471e-24, 5.03111977295e-24, 5.563606406e-24, 5.591282802e-24, 4.91155764757e-24, 5.61202826608e-24], "var": [1.31523680835e-08, 6.03830528689e-07, 1.26423742586e-07, 5.80903019909e-07, 2.12746158468e-06, 1.88354056263e-06, 4.8744908554e-07, 5.64948834381e-07, 1.51907283907e-06, 5.48858395177e-07, 2.817619702e-07, 4.01781477422e-07, 9.69377424553e-07, 1.45872078861e-07, 9.37074702279e-08, 1.00164303518e-08, 3.91526189247e-09, 3.39048034093e-09, 2.30515562194e-09, 3.7525013652e-10, 1.47986539689e-10, 2.79268760894e-11, 2.49716081147e-11, 8.02096444819e-11, 2.18313440242e-11, 9.20907100577e-12, 5.35578213723e-11, 4.72334671375e-11, 5.7067293599e-12, 6.01854633839e-12, 6.06813470999e-12, 6.63263888256e-12, 3.6910353246e-12, 1.4888497336e-12, 1.37452701131e-12, 1.98455878467e-12, 1.40899379837e-12, 5.07697399746e-12, 1.5387630406e-11, 1.42339803139e-11]}, "mfcc": {"mean": [-815.077819824, 168.526641846, 19.4372844696, 8.53294467926, -4.64567947388, -16.5696811676, -0.22148488462, -24.2535743713, -9.02258300781, -20.2600402832, -7.29453039169, -9.86748886108, -10.6337423325], "cov": [[13660.5371094, 1837.16784668, -2336.78320312, -566.170043945, -507.924987793, -755.117492676, 856.402832031, -549.190612793, 569.026550293, -349.491912842, 100.474334717, -384.266571045, -543.198242188], [1837.16784668, 2620.96533203, -29.2732658386, -167.380996704, -50.4549407959, -28.5855789185, 211.872558594, -112.241081238, -84.2555999756, -175.376419067, -29.1144294739, -85.8661499023, -93.3579483032], [-2336.78320312, -29.2732658386, 1782.72802734, 413.502746582, 154.84967041, 181.470779419, -256.459381104, 82.6378250122, -212.110351562, 67.2038040161, -17.3700637817, 162.087188721, 135.743881226], [-566.170043945, -167.380996704, 413.502746582, 755.876464844, 395.57434082, 156.499832153, -176.553787231, 105.467582703, 14.3643541336, 102.836425781, -44.7225875854, 38.5827827454, 71.431388855], [-507.924987793, -50.4549407959, 154.84967041, 395.57434082, 528.187805176, 153.511444092, -131.724197388, 114.126113892, 69.9728317261, 113.15296936, -25.7429199219, 24.235578537, 39.1245040894], [-755.117492676, -28.5855789185, 181.470779419, 156.499832153, 153.511444092, 397.944366455, 24.7109298706, 131.601531982, -27.7373657227, 96.6062088013, 39.5138435364, -27.4064674377, 81.1951980591], [856.402832031, 211.872558594, -256.459381104, -176.553787231, -131.724197388, 24.7109298706, 395.426849365, 24.808599472, 39.9069290161, -9.29303455353, 36.4048995972, -24.2266139984, -31.300485611], [-549.190612793, -112.241081238, 82.6378250122, 105.467582703, 114.126113892, 131.601531982, 24.808599472, 245.367584229, 33.6180648804, 44.7320632935, 11.6415748596, 10.2707509995, 81.7224349976], [569.026550293, -84.2555999756, -212.110351562, 14.3643541336, 69.9728317261, -27.7373657227, 39.9069290161, 33.6180648804, 264.431060791, 44.9051132202, 34.0168533325, 3.59265208244, -14.236615181], [-349.491912842, -175.376419067, 67.2038040161, 102.836425781, 113.15296936, 96.6062088013, -9.29303455353, 44.7320632935, 44.9051132202, 182.182769775, 44.2339096069, 17.379655838, 36.9201812744], [100.474334717, -29.1144294739, -17.3700637817, -44.7225875854, -25.7429199219, 39.5138435364, 36.4048995972, 11.6415748596, 34.0168533325, 44.2339096069, 143.109664917, 20.2815036774, 0.489484459162], [-384.266571045, -85.8661499023, 162.087188721, 38.5827827454, 24.235578537, -27.4064674377, -24.2266139984, 10.2707509995, 3.59265208244, 17.379655838, 20.2815036774, 176.325164795, 25.3218841553], [-543.198242188, -93.3579483032, 135.743881226, 71.431388855, 39.1245040894, 81.1951980591, -31.300485611, 81.7224349976, -14.236615181, 36.9201812744, 0.489484459162, 25.3218841553, 134.986618042]], "icov": [[0.000157876740559, -7.60209877626e-05, 0.000107375191874, -0.000152555759996, 4.03345984523e-05, 0.000184262200492, -0.000242470268859, 0.000214953135583, -0.000248522585025, 0.000143346303958, -0.000175811699592, 0.000209673366044, 0.000142488031997], [-7.60209877626e-05, 0.000498044770211, -0.000128206404042, 0.000159812349011, -0.000276541541098, -0.000119093652756, -0.000216124870349, 0.000139921816299, 0.000210881989915, 0.000415282964241, 2.39270866587e-05, 9.47621520027e-05, -9.34861054702e-06], [0.000107375191874, -0.000128206404042, 0.000953887763899, -0.00048686779337, 0.000261815061094, -0.000125846476294, 0.000250122655416, 2.13851417357e-05, 0.000425039208494, -7.57510279072e-05, -0.000114965427201, -0.000589512987062, -0.000136769696837], [-0.000152555759996, 0.000159812349011, -0.00048686779337, 0.00270964298397, -0.00160574319307, -0.000376836454961, 0.000517265405506, -0.000236710475292, 0.000123355828691, -0.000324837310473, 0.000724407203961, -0.000154538662173, -0.000364097009879], [4.03345984523e-05, -0.000276541541098, 0.000261815061094, -0.00160574319307, 0.00417591072619, -0.000850900891237, 0.00104794010986, -0.00104099337477, -0.00091826019343, -0.00139622413553, 0.000974117254373, -0.000553899153601, 0.00111759279389], [0.000184262200492, -0.000119093652756, -0.000125846476294, -0.000376836454961, -0.000850900891237, 0.00453406432644, -0.00104439386632, -0.000907184265088, 0.000724111683667, -0.000957042269874, -0.00146360124927, 0.00168749247678, -0.00116162269842], [-0.000242470268859, -0.000216124870349, 0.000250122655416, 0.000517265405506, 0.00104794010986, -0.00104439386632, 0.00405016960576, -0.00138422090095, -4.71355378977e-05, -0.000739153940231, 0.000214931511437, -0.000709044164978, 0.000780622474849], [0.000214953135583, 0.000139921816299, 2.13851417357e-05, -0.000236710475292, -0.00104099337477, -0.000907184265088, -0.00138422090095, 0.00679895561188, -0.00114822143223, 0.00101444870234, -0.000416619412135, 0.000385823397664, -0.00299364700913], [-0.000248522585025, 0.000210881989915, 0.000425039208494, 0.000123355828691, -0.00091826019343, 0.000724111683667, -4.71355378977e-05, -0.00114822143223, 0.0055124158971, -0.00117889570538, -0.000830385950394, -0.000481763825519, 0.00016507942928], [0.000143346303958, 0.000415282964241, -7.57510279072e-05, -0.000324837310473, -0.00139622413553, -0.000957042269874, -0.000739153940231, 0.00101444870234, -0.00117889570538, 0.00855796132237, -0.0023922927212, 0.000162972835824, -0.00118000083603], [-0.000175811699592, 2.39270866587e-05, -0.000114965427201, 0.000724407203961, 0.000974117254373, -0.00146360124927, 0.000214931511437, -0.000416619412135, -0.000830385950394, -0.0023922927212, 0.00905246008188, -0.00163267971948, 0.000781612645369], [0.000209673366044, 9.47621520027e-05, -0.000589512987062, -0.000154538662173, -0.000553899153601, 0.00168749247678, -0.000709044164978, 0.000385823397664, -0.000481763825519, 0.000162972835824, -0.00163267971948, 0.00731248222291, -0.00112980639096], [0.000142488031997, -9.34861054702e-06, -0.000136769696837, -0.000364097009879, 0.00111759279389, -0.00116162269842, 0.000780622474849, -0.00299364700913, 0.00016507942928, -0.00118000083603, 0.000781612645369, -0.00112980639096, 0.0112227220088]]}, "spectral_contrast_coeffs": {"dmean": [0.0503272786736, 0.0418036878109, 0.0364426486194, 0.031402040273, 0.021023793146, 0.017133070156], "dmean2": [0.0776059255004, 0.0658488273621, 0.055210404098, 0.0454164780676, 0.0306663233787, 0.0248195677996], "dvar": [0.00236202101223, 0.0018005798338, 0.00130466255359, 0.000866758287884, 0.000411298358813, 0.000296360172797], "dvar2": [0.0053933262825, 0.00400305306539, 0.00241434271447, 0.00160149345174, 0.000765818869695, 0.000577495666221], "max": [-0.253490716219, -0.266615092754, -0.368936598301, -0.381391197443, -0.58159416914, -0.543106734753], "mean": [-0.530254662037, -0.608802735806, -0.711019814014, -0.753479301929, -0.804187595844, -0.79336386919], "median": [-0.504561007023, -0.601964056492, -0.728056609631, -0.768801689148, -0.808400094509, -0.788578510284], "min": [-0.980884611607, -0.976183712482, -0.976085782051, -0.973555505276, -0.968173086643, -0.965193748474], "var": [0.0167912263423, 0.0140546681359, 0.0166388433427, 0.0109519781545, 0.00460554473102, 0.00359591236338]}, "spectral_contrast_valleys": {"dmean": [0.548760890961, 0.350537329912, 0.349102288485, 0.346227347851, 0.277972757816, 0.242861807346], "dmean2": [0.862774252892, 0.559750020504, 0.545375287533, 0.497757315636, 0.383013904095, 0.32267343998], "dvar": [0.282902449369, 0.145478