{"lowlevel": {"average_loudness": 0.922842144966, "barkbands_crest": {"dmean": 1.94457149506, "dmean2": 3.03536939621, "dvar": 4.22204208374, "dvar2": 10.0631141663, "max": 26.1990699768, "mean": 14.9840164185, "median": 14.8301029205, "min": 4.54073381424, "var": 23.5974330902}, "barkbands_flatness_db": {"dmean": 0.0226844586432, "dmean2": 0.0345775187016, "dvar": 0.000638181052636, "dvar2": 0.00150776992086, "max": 0.413722723722, "mean": 0.252509206533, "median": 0.251410007477, "min": 0.0716899186373, "var": 0.00355694396421}, "barkbands_kurtosis": {"dmean": 6.35046768188, "dmean2": 10.0416917801, "dvar": 139.432998657, "dvar2": 404.622314453, "max": 206.324768066, "mean": 17.1764087677, "median": 7.11327123642, "min": -1.48822975159, "var": 572.611450195}, "barkbands_skewness": {"dmean": 0.627633154392, "dmean2": 0.970267534256, "dvar": 0.539744317532, "dvar2": 1.43768048286, "max": 10.6902999878, "mean": 2.65367841721, "median": 2.31126642227, "min": -2.87503147125, "var": 4.29914522171}, "barkbands_spread": {"dmean": 1.94198179245, "dmean2": 3.02205848694, "dvar": 11.5993213654, "dvar2": 27.3178405762, "max": 114.41973114, "mean": 8.27406692505, "median": 5.24547481537, "min": 0.370236158371, "var": 122.065704346}, "dissonance": {"dmean": 0.0326485149562, "dmean2": 0.0544682331383, "dvar": 0.000943514460232, "dvar2": 0.00249119731598, "max": 0.499999970198, "mean": 0.403712362051, "median": 0.408967703581, "min": 0.199187517166, "var": 0.00299860513769}, "dynamic_complexity": 2.49457621574, "erbbands_crest": {"dmean": 2.59786748886, "dmean2": 4.08629703522, "dvar": 7.42342281342, "dvar2": 18.6112804413, "max": 32.3199386597, "mean": 15.5778417587, "median": 15.3520565033, "min": 2.14514541626, "var": 37.9468307495}, "erbbands_flatness_db": {"dmean": 0.0184670947492, "dmean2": 0.0282605718821, "dvar": 0.000504298077431, "dvar2": 0.00114881142508, "max": 0.437713354826, "mean": 0.26274433732, "median": 0.267438650131, "min": 0.0539627783, "var": 0.00333232246339}, "erbbands_kurtosis": {"dmean": 2.24098396301, "dmean2": 3.51013994217, "dvar": 11.2135305405, "dvar2": 30.3378658295, "max": 57.9964866638, "mean": 5.00084972382, "median": 1.99015402794, "min": -1.67223978043, "var": 46.2999610901}, "erbbands_skewness": {"dmean": 0.426509320736, "dmean2": 0.655525326729, "dvar": 0.192796304822, "dvar2": 0.482145249844, "max": 6.33297872543, "mean": 1.51226007938, "median": 1.24072337151, "min": -1.45902562141, "var": 1.59123373032}, "erbbands_spread": {"dmean": 3.94731092453, "dmean2": 6.15139293671, "dvar": 24.9906463623, "dvar2": 56.0116195679, "max": 63.3440322876, "mean": 17.3768730164, "median": 15.4281654358, "min": 1.38089644909, "var": 123.483879089}, "hfc": {"dmean": 3.95843791962, "dmean2": 5.58926486969, "dvar": 44.3472175598, "dvar2": 89.5466690063, "max": 115.706268311, "mean": 12.9728393555, "median": 9.81799602509, "min": 1.11501405473e-16, "var": 144.029678345}, "melbands_crest": {"dmean": 2.36947393417, "dmean2": 3.72387981415, "dvar": 6.28881168365, "dvar2": 15.5986509323, "max": 38.5302581787, "mean": 18.6185760498, "median": 18.0838832855, "min": 2.88516187668, "var": 33.4051818848}, "melbands_flatness_db": {"dmean": 0.0233035609126, "dmean2": 0.0355932712555, "dvar": 0.000775686639827, "dvar2": 0.00172537565231, "max": 0.481054753065, "mean": 0.303878813982, "median": 0.310958206654, "min": 0.00866274256259, "var": 0.00683410838246}, "melbands_kurtosis": {"dmean": 6.88946151733, "dmean2": 10.6863451004, "dvar": 99.866645813, "dvar2": 251.759841919, "max": 192.667388916, "mean": 19.2692737579, "median": 11.0834321976, "min": -1.49778485298, "var": 515.727661133}, "melbands_skewness": {"dmean": 0.609613239765, "dmean2": 0.931639492512, "dvar": 0.368013262749, "dvar2": 0.882994353771, "max": 9.74480819702, "mean": 2.79627323151, "median": 2.52811050415, "min": -1.30506920815, "var": 2.5059864521}, "melbands_spread": {"dmean": 3.28076195717, "dmean2": 5.15034627914, "dvar": 51.3360862732, "dvar2": 127.151679993, "max": 210.556289673, "mean": 14.0071029663, "median": 6.59023952484, "min": 0.634982228279, "var": 952.533203125}, "pitch_salience": {"dmean": 0.0520367287099, "dmean2": 0.0833192020655, "dvar": 0.00311218271963, "dvar2": 0.00833810307086, "max": 0.835631132126, "mean": 0.416170120239, "median": 0.41680598259, "min": 0.069872148335, "var": 0.0165821108967}, "silence_rate_20dB": {"dmean": 0, "dmean2": 0, "dvar": 0, "dvar2": 0, "max": 1, "mean": 1, "median": 1, "min": 1, "var": 0}, "silence_rate_30dB": {"dmean": 0.00167539261747, "dmean2": 0.00335148721933, "dvar": 0.00167261052411, "dvar2": 0.00459715910256, "max": 1, "mean": 0.998953104019, "median": 1, "min": 0, "var": 0.00104579725303}, "silence_rate_60dB": {"dmean": 0.0180104710162, "dmean2": 0.0360284894705, "dvar": 0.0176875796169, "dvar2": 0.0397567413747, "max": 1, "mean": 0.0707705169916, "median": 0, "min": 0, "var": 0.0657593011856}, "spectral_centroid": {"dmean": 117.381385803, "dmean2": 180.06451416, "dvar": 44830.0585938, "dvar2": 75629.75, "max": 10494.7373047, "mean": 764.154602051, "median": 557.571044922, "min": 159.071838379, "var": 473869.03125}, "spectral_complexity": {"dmean": 1.64942407608, "dmean2": 2.5961458683, "dvar": 4.06231737137, "dvar2": 7.60477590561, "max": 36, "mean": 10.222990036, "median": 10, "min": 0, "var": 30.1561489105}, "spectral_decrease": {"dmean": 1.52264068021e-09, "dmean2": 2.17892792698e-09, "dvar": 4.39346932113e-18, "dvar2": 9.60200354038e-18, "max": 1.25237685839e-16, "mean": -5.85166359812e-09, "median": -5.05284925012e-09, "min": -3.31868683645e-08, "var": 1.85808985428e-17}, "spectral_energy": {"dmean": 0.00607183761895, "dmean2": 0.00866780802608, "dvar": 6.98395524523e-05, "dvar2": 0.000151327738422, "max": 0.135749563575, "mean": 0.0232621971518, "median": 0.0200161542743, "min": 1.08565662096e-20, "var": 0.000295471545542}, "spectral_energyband_high": {"dmean": 9.87872044789e-05, "dmean2": 0.00016022422642, "dvar": 1.15567559078e-07, "dvar2": 2.74971000636e-07, "max": 0.00940214470029, "mean": 0.000126026789076, "median": 1.8355105567e-05, "min": 7.75722789089e-21, "var": 1.69447091025e-07}, "spectral_energyband_low": {"dmean": 0.000615162251052, "dmean2": 0.000881019572262, "dvar": 6.61107742417e-06, "dvar2": 1.31890574266e-05, "max": 0.0532141923904, "mean": 0.00145520560909, "median": 4.55885892734e-05, "min": 7.30637921706e-23, "var": 2.28569278988e-05}, "spectral_energyband_middle_high": {"dmean": 0.00140426983126, "dmean2": 0.0020215921104, "dvar": 7.42913061913e-06, "dvar2": 1.42569806485e-05, "max": 0.042418166995, "mean": 0.00345275271684, "median": 0.0015842806315, "min": 1.93235530323e-21, "var": 2.5376519261e-05}, "spectral_energyband_middle_low": {"dmean": 0.00522416038439, "dmean2": 0.00753899570554, "dvar": 5.1113031077e-05, "dvar2": 0.000120217402582, "max": 0.112117283046, "mean": 0.0192252621055, "median": 0.0167102105916, "min": 2.4936625277e-22, "var": 0.000198948793695}, "spectral_entropy": {"dmean": 0.191765666008, "dmean2": 0.30435270071, "dvar": 0.0493761897087, "dvar2": 0.121551856399, "max": 9.79175853729, "mean": 6.34309577942, "median": 6.33405590057, "min": 4.82040596008, "var": 0.524261176586}, "spectral_flux": {"dmean": 0.0188572909683, "dmean2": 0.0307270139456, "dvar": 0.000669012602884, "dvar2": 0.00162867980544, "max": 0.270429581404, "mean": 0.0480540208519, "median": 0.0395886972547, "min": 1.04194847195e-10, "var": 0.00125908863265}, "spectral_kurtosis": {"dmean": 4.38280820847, "dmean2": 7.40611028671, "dvar": 17.9567089081, "dvar2": 46.8922653198, "max": 45.5237197876, "mean": 13.8492822647, "median": 13.2150526047, "min": -1.17850279808, "var": 52.1120147705}, "spectral_rms": {"dmean": 0.000597905891482, "dmean2": 0.000844597467221, "dvar": 5.28170801317e-07, "dvar2": 1.13778219202e-06, "max": 0.0115081965923, "mean": 0.00439473148435, "median": 0.00441904459149, "min": 3.25450018497e-12, "var": 3.3813328173e-06}, "spectral_rolloff": {"dmean": 154.525360107, "dmean2": 270.51473999, "dvar": 242359, "dvar2": 531015.125, "max": 19789.0136719, "mean": 1433.21972656, "median": 592.163085938, "min": 43.06640625, "var": 12909664}, "spectral_skewness": {"dmean": 0.399565398693, "dmean2": 0.654997646809, "dvar": 0.140130519867, "dvar2": 0.342748314142, "max": 5.40096712112, "mean": 2.77565169334, "median": 2.77066612244, "min": 0.0231315735728, "var": 0.622394979}, "spectral_spread": {"dmean": 385243.71875, "dmean2": 618612.875, "dvar": 405865889792, "dvar2": 681809870848, "max": 39902068, "mean": 3257702.75, "median": 2755603, "min": 1610431.5, "var": 4955499921410.0}, "spectral_strongpeak": {"dmean": 0.483583986759, "dmean2": 0.778766334057, "dvar": 0.591932237148, "dvar2": 1.39790844917, "max": 10.5758199692, "mean": 1.49184823036, "median": 1.20359551907, "min": 0, "var": 1.46257698536}, "zerocrossingrate": {"dmean": 0.00440179137513, "dmean2": 0.00562832597643, "dvar": 8.76477497513e-05, "dvar2": 9.75470247795e-05, "max": 0.67041015625, "mean": 0.0525321513414, "median": 0.02685546875, "min": 0.005859375, "var": 0.0134826563299}, "barkbands": {"dmean": [7.1032542337e-07, 9.95130722004e-06, 0.000236894295085, 0.00076440902194, 0.000627029512543, 0.00267401780002, 0.00150813593064, 0.000582507287618, 0.000468442827696, 0.000475224398542, 0.000414625799749, 0.000345101347193, 0.000280563050183, 0.000244039620156, 8.01319620223e-05, 0.000116958966828, 0.000118779564218, 6.55651238048e-05, 7.76822053012e-05, 4.75507076771e-05, 3.40887709172e-05, 1.73089119926e-05, 9.9275039247e-06, 1.04581986307e-05, 6.3856396082e-06, 2.90209709419e-06, 1.12008353881e-06], "dmean2": [1.24665348267e-06, 1.91702747543e-05, 0.00032677888521, 0.00115937984083, 0.000895225501154, 0.00426014326513, 0.00182994897477, 0.000776291824877, 0.000670405162964, 0.000681976322085, 0.00058699719375, 0.000545984017663, 0.000442242395366, 0.000378823955543, 0.000125059246784, 0.000190491191461, 0.000192598963622, 0.000102705394966, 0.000125819220557, 7.64055657783e-05, 5.69804979023e-05, 2.85665628326e-05, 1.66847257788e-05, 1.71289302671e-05, 1.05850858745e-05, 4.84826068714e-06, 1.96777818928e-06], "dvar": [2.22564432162e-11, 7.61085594547e-09, 1.84682335203e-06, 5.29505950908e-06, 2.6941768283e-06, 2.4356864742e-05, 9.67920095718e-06, 6.00695329922e-06, 2.83288136416e-06, 1.50409584876e-06, 2.11001565731e-06, 1.18311822916e-06, 6.38328629066e-07, 7.26494249648e-07, 6.60302390543e-08, 4.25221941214e-07, 2.13189537135e-07, 4.96146661533e-08, 6.78217872974e-08, 4.53619612983e-08, 1.88586337657e-08, 3.52818263494e-09, 2.09434092291e-09, 1.502160063e-09, 8.87664441951e-10, 1.89504453796e-10, 2.92267529622e-11], "dvar2": [6.21514575916e-11, 2.27754259896e-08, 3.26137569573e-06, 1.21131433843e-05, 7.49888295104e-06, 7.25891441107e-05, 1.5983789126e-05, 1.10535720523e-05, 4.6170234782e-06, 2.44175407715e-06, 3.7679496927e-06, 2.66348479272e-06, 1.42543694892e-06, 1.59197747962e-06, 1.34736666269e-07, 1.03729450984e-06, 5.43057865343e-07, 1.12380142525e-07, 1.70801172317e-07, 1.02138784541e-07, 4.75943160438e-08, 9.00520191749e-09, 6.04306027441e-09, 3.65785624012e-09, 2.19235696264e-09, 4.62459570638e-10, 7.7860461134e-11], "max": [0.000141880635056, 0.00191701250151, 0.0296018309891, 0.0351433195174, 0.0305116996169, 0.0640045627952, 0.0491558946669, 0.0921539217234, 0.0374840982258, 0.026467345655, 0.0342408530414, 0.0283773411065, 0.0265944972634, 0.030420653522, 0.00413567107171, 0.0156602524221, 0.0160547029227, 0.00353528093547, 0.00417272606865, 0.00780567806214, 0.00397705053911, 0.000774088490289, 0.00114097492769, 0.000887645292096, 0.000898073252756, 0.00036932452349, 0.000132021537866], "mean": [5.49249591586e-07, 6.72597570883e-06, 0.000795249710791, 0.00163411116228, 0.00198487634771, 0.00753340730444, 0.00502069154754, 0.00125236972235, 0.00111269345507, 0.000953311217017, 0.000775804277509, 0.000587115995586, 0.000518082408234, 0.000348328991095, 0.000112369642011, 0.000131134089315, 0.000161630494404, 8.31625657156e-05, 9.71551562543e-05, 5.87012837059e-05, 4.28543207818e-05, 1.9146969862e-05, 1.05738845377e-05, 1.17028384921e-05, 6.44265355731e-06, 2.84683574137e-06, 1.1912663922e-06], "median": [4.15782821506e-08, 2.08314489214e-07, 6.93489164405e-06, 0.000121108809253, 0.000619615835603, 0.00514505244792, 0.00204991456121, 0.000167968508322, 0.000266534771072, 0.000384737795684, 0.000104916194687, 0.000118314630527, 9.42197366385e-05, 4.36508635175e-05, 3.47097156919e-05, 2.99491748592e-05, 3.83892620448e-05, 1.77060755959e-05, 1.42944463732e-05, 7.37932714401e-06, 5.13538043379e-06, 2.76611217487e-06, 1.3701867374e-06, 1.45094259096e-06, 9.19225612961e-07, 5.53165705242e-07, 3.58575306336e-07], "min": [1.2216545314e-23, 4.57545415034e-23, 1.65914187996e-23, 1.17317437449e-23, 3.4512462655e-23, 5.33073198465e-23, 3.86769319489e-23, 1.35082001278e-23, 8.34582715308e-23, 6.03609858949e-23, 9.63069855195e-23, 3.10445890949e-23, 2.98874380631e-22, 9.29604545438e-23, 1.06181435149e-22, 2.36036800634e-22, 2.64682624644e-22, 3.89437430086e-22, 2.92403373558e-22, 3.04100401113e-22, 6.63867270562e-22, 5.83830982975e-22, 7.94416909374e-22, 7.01333745939e-22, 1.17316657424e-21, 1.69809254349e-21, 2.08946044874e-21], "var": [1.49108451281e-11, 4.13653911124e-09, 9.53566541284e-06, 1.50666492118e-05, 1.0895700143e-05, 6.3718369347e-05, 5.46082555957e-05, 1.73534299392e-05, 1.15523453132e-05, 4.44060378868e-06, 6.79415097693e-06, 2.98044255942e-06, 2.60110664385e-06, 1.64543018855e-06, 9.28650152332e-08, 3.70711944697e-07, 3.12217991905e-07, 5.99288938474e-08, 8.18197634089e-08, 6.05765251294e-08, 3.13044665745e-08, 3.57103524529e-09, 1.96646388062e-09, 1.82730852671e-09, 9.19912368502e-10, 2.0621009067e-10, 2.35744774396e-11]}, "erbbands": {"dmean": [0.000216392872971, 0.00465694256127, 0.166107296944, 1.60645925999, 2.74923992157, 1.59918940067, 5.54463100433, 28.3650989532, 28.4648265839, 14.5773887634, 7.63859701157, 13.6162605286, 17.526216507, 5.83709001541, 20.3824501038, 17.6316719055, 13.8661375046, 13.3055887222, 5.08777618408, 4.64320659637, 7.07276773453, 4.3648891449, 3.21687507629, 4.9840221405, 3.00193977356, 2.57125234604, 1.61805975437, 1.03795707226, 0.613393962383, 0.479308068752, 0.319068878889, 0.227960437536, 0.123694986105, 0.0815442949533, 0.0430979803205, 0.0152342347428, 0.00562533736229, 0.00151421630289, 0.000170479426743, 1.3637887605e-05], "dmean2": [0.00038949152804, 0.00758200185373, 0.23508502543, 2.37226557732, 4.29076480865, 2.06424260139, 9.24549007416, 45.6772575378, 34.5793380737, 19.6381263733, 9.77877616882, 19.0824947357, 25.0803108215, 8.38298988342, 28.8721694946, 27.6412467957, 21.7387599945, 20.5730361938, 7.81993055344, 7.56669425964, 11.4622879028, 6.92451810837, 5.15191030502, 7.77444314957, 4.91735267639, 4.14563179016, 2.67857241631, 1.70493996143, 1.00341904163, 0.797426939011, 0.538500189781, 0.37049600482, 0.207097232342, 0.133620351553, 0.0721380338073, 0.0257100183517, 0.00934697687626, 0.00262694642879, 0.000299565406749, 2.15308646148e-05], "dvar": [1.98333304979e-06, 0.000969796790741, 0.853499472141, 29.3692874908, 75.0577545166, 21.4679050446, 146.412353516, 2817.05908203, 2787.03955078, 2401.70922852, 659.923950195, 2337.32763672, 2255.86010742, 130.653488159, 5078.03076172, 3036.45166016, 1528.93481445, 2098.06103516, 231.283843994, 270.279510498, 1110.63134766, 234.399551392, 148.686767578, 274.245849609, 119.236541748, 132.131820679, 39.2858505249, 12.5200538635, 4.85141134262, 2.95870780945, 2.40157389641, 0.741784870625, 0.217112347484, 0.159540876746, 0.0341539606452, 0.00409492710605, 0.000987048144452, 5.22726477357e-05, 6.20998946488e-07, 1.57900892361e-09], "dvar2": [5.73968691242e-06, 0.00246723764576, 1.54383409023, 62.6187553406, 242.653121948, 36.1883583069, 445.305084229, 8466.21582031, 4592.98095703, 4912.19580078, 1058.78503418, 3804.88891602, 3662.05371094, 256.511108398, 9129.67871094, 6763.5, 3443.29272461, 4548.65820312, 477.893280029, 652.86907959, 2741.05786133, 563.863769531, 375.480926514, 628.191345215, 298.230438232, 297.23046875, 97.4685974121, 31.7858848572, 12.3788404465, 7.58964395523, 6.97349739075, 1.77103698254, 0.565896511078, 0.388761609793, 0.0855885520577, 0.0105156451464, 0.00236935191788, 0.000135744019644, 1.68249607668e-06, 4.06470590519e-09], "max": [0.030955536291, 0.706659555435, 20.0582504272, 100.234313965, 132.126052856, 92.3959579468, 201.15524292, 655.343383789, 869.908203125, 1571.70202637, 770.360534668, 1140.00244141, 1002.24920654, 177.44418335, 1648.84143066, 1463.64196777, 1206.43737793, 1672.90478516, 246.901275635, 367.998199463, 780.238525391, 413.887207031, 238.855941772, 261.134918213, 229.299224854, 411.011657715, 177.41065979, 68.7175216675, 34.30991745, 28.5042991638, 42.8014259338, 23.5167350769, 8.14695549011, 12.3476791382, 4.59796094894, 1.28815805912, 1.02380466461, 0.155790254474, 0.0178327243775, 0.000948227767367], "mean": [0.000309205526719, 0.0119789205492, 0.551314115524, 3.47272706032, 6.87342882156, 5.96698284149, 13.337518692, 79.2688674927, 100.261650085, 38.2652206421, 19.1052150726, 32.414440155, 35.2822036743, 12.9674520493, 40.1837997437, 33.0475234985, 26.8521099091, 20.4823799133, 7.69704627991, 6.31218862534, 8.76105880737, 6.27538919449, 4.11617708206, 6.47339057922, 4.02522802353, 3.22611236572, 2.06978178024, 1.23980200291, 0.700378537178, 0.526679158211, 0.354338437319, 0.270667016506, 0.125153034925, 0.0840271189809, 0.0430854707956, 0.0146136628464, 0.00551607878879, 0.00162006285973, 0.000178654430783, 3.48936519003e-05], "median": [2.83540048258e-05, 0.000458194495877, 0.015171171166, 0.243087202311, 1.15690350533, 1.98063921928, 6.75078010559, 53.1830215454, 54.9036979675, 10.1800727844, 4.30673980713, 8.5638923645, 12.525182724, 5.46992683411, 6.50175380707, 7.65979242325, 6.44821739197, 3.43970632553, 2.23364925385, 2.14638853073, 2.38262796402, 1.60701298714, 1.08497881889, 1.04106628895, 0.556453466415, 0.416654407978, 0.266988277435, 0.171074330807, 0.0988113582134, 0.0703624486923, 0.0470622256398, 0.03484242782, 0.0178132653236, 0.0109451366588, 0.00611030915752, 0.00253747357056, 0.00102343340404, 0.000375795876607, 6.40504295006e-05, 2.6500390959e-05], "min": [9.78185200068e-22, 1.1368011013e-20, 2.45541843994e-20, 2.27452971117e-20, 4.56766710871e-20, 7.618540883e-20, 7.13012162131e-19, 1.61096797641e-19, 4.27984515555e-19, 4.20532755609e-19, 7.1157865813e-19, 1.8573010962e-18, 1.85576419463e-18, 2.72711645868e-18, 3.01629818045e-18, 1.83610769493e-18, 1.15342337584e-17, 8.17785826028e-18, 3.63139237228e-18, 9.46565853284e-18, 1.33288252584e-17, 1.53150190852e-17, 2.26033306235e-17, 1.33282040458e-17, 1.43216661594e-17, 1.43960975253e-17, 2.45773326352e-17, 2.57020137182e-17, 1.89214620359e-17, 2.32647094997e-17, 2.20360203809e-17, 1.42603952371e-17, 1.2793181144e-17, 1.14718825382e-17, 9.25632393522e-18, 6.73797628261e-18, 3.39948463613e-18, 1.03064233122e-18, 3.17709630126e-19, 2.97076876367e-20], "var": [1.71291901552e-06, 0.00223868247122, 4.21263122559, 79.9008560181, 200.183013916, 131.357788086, 362.624237061, 7025.08105469, 14544.2900391, 7462.57470703, 2845.17553711, 9342.4375, 6775.72802734, 385.05670166, 16629.8183594, 8004.97998047, 5924.82373047, 4972.37548828, 370.441101074, 285.061248779, 1087.70593262, 355.602111816, 145.256347656, 366.292053223, 185.091567993, 171.659057617, 68.2598800659, 15.3508300781, 5.0285692215, 2.96103143692, 2.3225004673, 0.963530123234, 0.20223519206, 0.173735380173, 0.0346636623144, 0.00382520235144, 0.00115074135829, 4.72942956549e-05, 4.60852476181e-07, 1.87731030721e-09]}, "gfcc": {"mean": [-112.950805664, 97.9731521606, -137.166320801, -25.2331924438, -80.3770065308, -29.5756607056, -52.5529632568, -16.2177410126, -30.8724250793, -6.93472385406, -11.0245199203, -0.287341654301, -10.8585853577], "cov": [[29929.7714844, 5660.69921875, -2799.95898438, 157.397338867, -1954.57092285, -840.861633301, -1351.7923584, -979.853210449, -976.000305176, -559.917419434, -358.72857666, -499.294769287, -460.450927734], [5660.69921875, 2163.04248047, -198.096954346, 42.8989448547, -180.763427734, -270.335144043, -312.268676758, -248.347854614, -151.32194519, -276.659118652, -178.734405518, -195.500106812, -96.6773834229], [-2799.95898438, -198.096954346, 1052.48095703, 283.42791748, 490.831085205, 224.201965332, 135.099502563, 141.810379028, 130.295639038, -33.6523857117, -116.04510498, -42.3782310486, -19.4834384918], [157.397338867, 42.8989448547, 283.42791748, 408.076751709, 265.043914795, 224.774078369, 88.5050735474, 23.9836273193, -26.9595928192, -62.0315170288, -99.6366195679, -124.799728394, -101.081771851], [-1954.57092285, -180.763427734, 490.831085205, 265.043914795, 453.737792969, 235.566329956, 159.541152954, 78.5985412598, 56.2862815857, -36.4993476868, -77.2392044067, -73.5240020752, -50.1046142578], [-840.861633301, -270.335144043, 224.201965332, 224.774078369, 235.566329956, 271.345825195, 153.798721313, 50.9797096252, -1.9502556324, 0.151656553149, -39.8207893372, -74.4265518188, -71.2875137329], [-1351.7923584, -312.268676758, 135.099502563, 88.5050735474, 159.541152954, 153.798721313, 186.976287842, 85.1465072632, 30.1496276855, 8.32888698578, 2.77586126328, -12.3420791626, -23.35414505], [-979.853210449, -248.347854614, 141.810379028, 23.9836273193, 78.5985412598, 50.9797096252, 85.1465072632, 159.471450806, 108.160842896, 7.87203931808, -25.0105800629, 9.33240318298, 11.0820169449], [-976.000305176, -151.32194519, 130.295639038, -26.9595928192, 56.2862815857, -1.9502556324, 30.1496276855, 108.160842896, 179.844604492, 57.027141571, -19.9318637848, 5.94247770309, 28.8939495087], [-559.917419434, -276.659118652, -33.6523857117, -62.0315170288, -36.4993476868, 0.151656553149, 8.32888698578, 7.87203931808, 57.027141571, 132.37272644, 69.9745864868, 29.382484436, 9.15918064117], [-358.72857666, -178.734405518, -116.04510498, -99.6366195679, -77.2392044067, -39.8207893372, 2.77586126328, -25.0105800629, -19.9318637848, 69.9745864868, 146.772796631, 90.4363708496, 21.6405735016], [-499.294769287, -195.500106812, -42.3782310486, -124.799728394, -73.5240020752, -74.4265518188, -12.3420791626, 9.33240318298, 5.94247770309, 29.382484436, 90.4363708496, 150.560592651, 83.9351501465], [-460.450927734, -96.6773834229, -19.4834384918, -101.081771851, -50.1046142578, -71.2875137329, -23.35414505, 11.0820169449, 28.8939495087, 9.15918064117, 21.6405735016, 83.9351501465, 118.738204956]], "icov": [[0.000292512442684, -0.000706036633346, 0.000467287463835, -0.000717082235496, 0.00101427908521, -0.00090453249868, 0.00104436383117, -0.000703488301951, 0.000768888741732, -0.000827557756566, 0.000888149254024, -0.000952061731368, 0.000569569470827], [-0.000706036633346, 0.00311900628731, -0.00127094902564, 0.0014455083292, -0.00212174933404, 0.00348202302121, -0.00189084128942, 0.00373279023916, -0.00328514003195, 0.00521108275279, -0.00270043942146, 0.00389938848093, -0.000568322022445], [0.000467287463835, -0.00127094902564, 0.00303707527928, -0.00140523083974, -0.000877298123669, -0.00170047290158, 0.00264405016787, -0.00208771158941, 0.000978250871412, -0.00200621318072, 0.00255790213123, -0.00309930485673, 0.00104450527579], [-0.000717082235496, 0.0014455083292, -0.00140523083974, 0.00871930271387, -0.00425502890721, -0.00227992236614, -0.000465866469312, 0.000649889931083, -0.000482077972265, 0.00269971881062, -0.00129681278486, 0.00325301662087, 0.000117614246847], [0.00101427908521, -0.00212174933404, -0.000877298123669, -0.00425502890721, 0.0119770308957, -0.00538359954953, 0.000429621199146, 0.000726041558664, -0.000697455136105, 0.000462906842586, 0.00205177185126, -0.00215228181332, 0.00155950966291], [-0.00090453249868, 0.00348202302121, -0.00170047290158, -0.00227992236614, -0.00538359954953, 0.0191383380443, -0.0107089625672, 0.00331908278167, 0.00015873524535, 0.00028636623756, -0.00125727755949, 0.00548053439707, 0.000204148745979], [0.00104436383117, -0.00189084128942, 0.00264405016787, -0.000465866469312, 0.000429621199146, -0.0107089625672, 0.0200891476125, -0.00892241485417, 0.00369161064737, -0.000529734126758, -0.000743893091567, -0.00217028846964, 0.00189579825383], [-0.000703488301951, 0.00373279023916, -0.00208771158941, 0.000649889931083, 0.000726041558664, 0.00331908278167, -0.00892241485417, 0.0221153870225, -0.0147628337145, 0.0105626229197, -0.000673035625368, 0.00036844695569, 0.00164184987079], [0.000768888741732, -0.00328514003195, 0.000978250871412, -0.000482077972265, -0.000697455136105, 0.00015873524535, 0.00369161064737, -0.0147628337145, 0.0205313619226, -0.0150190573186, 0.00673243962228, -0.00177930528298, -0.00184493116103], [-0.000827557756566, 0.00521108275279, -0.00200621318072, 0.00269971881062, 0.000462906842586, 0.00028636623756, -0.000529734126758, 0.0105626229197, -0.0150190573186, 0.0269498042762, -0.0136529710144, 0.00884959381074, 8.85804256541e-05], [0.000888149254024, -0.00270043942146, 0.00255790213123, -0.00129681278486, 0.00205177185126, -0.00125727755949, -0.000743893091567, -0.000673035625368, 0.00673243962228, -0.0136529710144, 0.0241938885301, -0.0168873816729, 0.0075316070579], [-0.000952061731368, 0.00389938848093, -0.00309930485673, 0.00325301662087, -0.00215228181332, 0.00548053439707, -0.00217028846964, 0.00036844695569, -0.00177930528298, 0.00884959381074, -0.0168873816729, 0.0275558251888, -0.0129862753674], [0.000569569470827, -0.000568322022445, 0.00104450527579, 0.000117614246847, 0.00155950966291, 0.000204148745979, 0.00189579825383, 0.00164184987079, -0.00184493116103, 8.85804256541e-05, 0.0075316070579, -0.0129862753674, 0.0196890160441]]}, "melbands": {"dmean": [2.15255568037e-06, 5.86633832427e-05, 0.000319975573802, 0.000144904450281, 0.000188551624888, 0.00060886744177, 0.000402243837016, 0.000155166941113, 5.73535980948e-05, 8.62539891386e-05, 8.64165485837e-05, 2.20547444769e-05, 5.70147749386e-05, 5.17360349477e-05, 3.42428247677e-05, 2.25114472414e-05, 2.92954646284e-05, 8.55908274389e-06, 4.5531928663e-06, 9.2581321951e-06, 8.83053508005e-06, 5.2136715567e-06, 4.33155446444e-06, 2.69618544735e-06, 4.37970720668e-06, 2.64244431492e-06, 1.31058777697e-06, 1.88249259736e-06, 9.40469647048e-07, 1.11965914584e-06, 5.42554914773e-07, 3.76212625497e-07, 2.8283952247e-07, 2.45331420956e-07, 2.17803389546e-07, 1.37597183425e-07, 1.30540755094e-07, 7.67145778013e-08, 1.02334588803e-07, 6.47339248872e-08], "dmean2": [4.120360245e-06, 8.12274520285e-05, 0.00048191062524, 0.000213405757677, 0.000308097893139, 0.000965113227721, 0.000487683806568, 0.000208710276638, 7.34992790967e-05, 0.000122402867419, 0.000123453326523, 3.21731531585e-05, 8.05841918918e-05, 7.83175200922e-05, 5.36815168743e-05, 3.52719944203e-05, 4.55674999102e-05, 1.31869519464e-05, 7.16241311238e-06, 1.52669999807e-05, 1.4533691683e-05, 8.42261488287e-06, 7.05608772478e-06, 4.27336726716e-06, 6.88266345605e-06, 4.44824581791e-06, 2.10393022826e-06, 3.0358883123e-06, 1.53832081651e-06, 1.91049457499e-06, 8.88321210368e-07, 6.22652578386e-07, 4.72464250834e-07, 4.10902885051e-07, 3.72495861711e-07, 2.26402519843e-07, 2.11666446148e-07, 1.29977422603e-07, 1.71597207554e-07, 1.04384284327e-07], "dvar": [3.10087594491e-10, 1.19509849128e-07, 8.77000331911e-07, 1.51689718564e-07, 1.621791057e-07, 1.22840242511e-06, 5.92188428072e-07, 3.38417038392e-07, 3.49511211084e-08, 9.73371356849e-08, 5.57315864569e-08, 2.26108665125e-09, 3.90785253046e-08, 1.97230765053e-08, 8.45737879729e-09, 3.98238819699e-09, 1.09427373829e-08, 5.90806681355e-10, 1.98271191132e-10, 2.42401720918e-09, 1.67197866663e-09, 4.43659359251e-10, 2.59540278158e-10, 9.78087957848e-11, 2.37187325336e-10, 1.17836351787e-10, 1.79219625251e-11, 9.63268353971e-11, 1.32070769251e-11, 3.2099808922e-11, 3.75492172078e-12, 2.27726171254e-12, 1.09007356093e-12, 7.94595834443e-13, 1.66936473325e-12, 2.92578244618e-13, 2.4089676651e-13, 8.79458588203e-14, 2.06665034478e-13, 1.93695699671e-13], "dvar2": [9.24068599417e-10, 2.11244767456e-07, 2.11385599869e-06, 4.56448475461e-07, 4.80837911709e-07, 3.60723629456e-06, 9.73243800217e-07, 6.75872627198e-07, 5.31637311951e-08, 1.61806966048e-07, 9.05178794142e-08, 4.6243120444e-09, 7.0181236822e-08, 4.24111163966e-08, 1.8801019408e-08, 8.84990125627e-09, 2.3853385045e-08, 1.23982546452e-09, 4.12771428149e-10, 5.96300875344e-09, 4.2017869184e-09, 1.10226539007e-09, 6.597580815e-10, 2.34136543487e-10, 5.50830270285e-10, 3.04736319512e-10, 4.22898209507e-11, 2.11515291393e-10, 3.17827465734e-11, 8.16092471378e-11, 9.36177958072e-12, 5.93647613706e-12, 2.77666496566e-12, 2.06530821091e-12, 5.00463039066e-12, 7.34546050287e-13, 5.51129996675e-13, 2.33202996844e-13, 5.32954160404e-13, 4.5175489868e-13], "max": [0.000382686266676, 0.0074052978307, 0.0157368909568, 0.00864954199642, 0.00615336000919, 0.0132130598649, 0.0120830172673, 0.0203412082046, 0.00462684454396, 0.00729779154062, 0.00502542732283, 0.000755611341447, 0.00467714993283, 0.00308541371487, 0.0026851806324, 0.00159639364574, 0.00384588888846, 0.000384073588066, 0.000281065935269, 0.00136019964702, 0.000987739418633, 0.000687461986672, 0.000405545404647, 0.000216100277612, 0.000243119371589, 0.000220136047574, 7.17329094186e-05, 0.000395649811253, 0.000107736552309, 0.000182071031304, 3.73406437575e-05, 3.03029319184e-05, 1.90353475773e-05, 1.21644297906e-05, 3.92406400351e-05, 1.28335586851e-05, 1.1313176401e-05, 3.69971826331e-06, 8.97708287084e-06, 1.59177907335e-05], "mean": [1.4102622572e-06, 0.000200758324354, 0.000747503887396, 0.000447067519417, 0.00046201411169, 0.00173608376645, 0.00143007701263, 0.000371158123016, 0.000139914205647, 0.000201656206627, 0.000168438404216, 4.40552321379e-05, 0.000108452033601, 9.95932787191e-05, 6.78424767102e-05, 4.02543628297e-05, 4.17907576775e-05, 1.22282190205e-05, 6.51998743706e-06, 1.07311198008e-05, 1.07488558569e-05, 7.11136090104e-06, 5.40463861398e-06, 3.32671925207e-06, 5.45471402802e-06, 3.31162982548e-06, 1.7361691107e-06, 2.25378857976e-06, 1.14224485515e-06, 1.34458650791e-06, 6.12498467945e-07, 4.06575225043e-07, 3.20948402077e-07, 2.5650626867e-07, 2.34386718034e-07, 1.53987471663e-07, 1.5585190738e-07, 7.49470743244e-08, 9.76500942329e-08, 6.7195330189e-08], "median": [6.10086203778e-08, 1.79829442004e-06, 7.88695178926e-05, 0.000125032820506, 0.000221418347792, 0.00118719390593, 0.000749442260712, 7.83465438872e-05, 2.67215691565e-05, 5.12398401042e-05, 5.69351395825e-05, 1.42922053783e-05, 1.60723866429e-05, 1.91230683413e-05, 1.55075395014e-05, 7.84640906204e-06, 4.92925391882e-06, 3.34505102728e-06, 1.96213704839e-06, 2.77610752164e-06, 2.75321735899e-06, 1.73581474883e-06, 1.21871880765e-06, 6.38943674858e-07, 7.32360717848e-07, 3.42775251738e-07, 2.5167446438e-07, 2.50224672982e-07, 1.56979240273e-07, 1.14442357813e-07, 7.56773346211e-08, 5.67272593344e-08, 3.94821064731e-08, 3.28334834876e-08, 2.61554404801e-08, 2.05914201246e-08, 1.93248155256e-08, 1.19893446282e-08, 9.80637704373e-09, 8.34271851602e-09], "min": [1.18504681e-23, 1.42050262089e-23, 5.28982276251e-24, 2.58356541575e-24, 1.95075015115e-23, 4.9058537888e-24, 7.25212609716e-24, 4.10532918066e-24, 6.7549433562e-24, 1.22046074819e-23, 9.37295181958e-24, 1.06875885181e-23, 1.27154832705e-23, 3.82097992864e-24, 9.22944855459e-24, 3.32102110727e-23, 1.29018737474e-23, 5.18250375838e-24, 9.39192550207e-24, 1.34109887984e-23, 1.63189825306e-23, 1.38352997244e-23, 2.20878639548e-23, 1.90397495932e-23, 8.83987748515e-24, 1.36677945775e-23, 5.49262470175e-24, 1.07825421276e-23, 1.52458824194e-23, 1.82457737139e-23, 1.3155597447e-23, 1.10348805873e-23, 1.01353969285e-23, 1.4297662145e-23, 1.35315803873e-23, 1.13467867229e-23, 7.32553828186e-24, 8.65105100572e-24, 9.88100900812e-24, 8.92857858306e-24], "var": [1.68838498738e-10, 6.1525389583e-07, 2.69127372121e-06, 5.89175613186e-07, 4.40637052179e-07, 3.25454084305e-06, 3.20561753142e-06, 9.79006813395e-07, 1.59872485028e-07, 3.80816686629e-07, 1.6600449726e-07, 6.09039307875e-09, 1.26988268789e-07, 5.92793476528e-08, 3.1961409519e-08, 1.34376332284e-08, 2.53579770515e-08, 9.38839561648e-10, 2.83242318488e-10, 2.07439532218e-09, 1.77477743613e-09, 6.04209515753e-10, 3.24824750431e-10, 1.02222771914e-10, 3.0417279806e-10, 1.67122510275e-10, 2.44934888344e-11, 1.27518551274e-10, 1.88967400755e-11, 5.41996517112e-11, 4.2210072243e-12, 2.06246087917e-12, 1.25473698272e-12, 7.70388310437e-13, 1.5937506306e-12, 3.42375298034e-13, 3.22489756253e-13, 7.45535360877e-14, 1.99612150268e-13, 2.21159313194e-13]}, "mfcc": {"mean": [-747.229858398, 145.621887207, -26.1152877808, -7.17396879196, -26.590637207, -26.0343227386, -28.0843143463, -23.5308952332, -26.3152256012, -23.115814209, -19.7328872681, -8.29829883575, -6.89892244339], "cov": [[10948.2861328, 1659.71191406, -802.095336914, -14.811788559, -472.243713379, -31.2570819855, -113.779434204, -242.63230896, -448.083129883, -201.738647461, -114.113105774, -38.6273841858, -269.90133667], [1659.71191406, 1469.67663574, 2.37172245979, 87.2243041992, 39.5513305664, -98.4110183716, -163.25958252, -91.3011474609, -85.8863601685, -116.400939941, -145.567993164, -132.92678833, -134.369506836], [-802.095336914, 2.37172245979, 459.301086426, 183.398986816, 257.525512695, 113.283691406, 58.5586395264, 99.2321853638, 128.097686768, 79.4983596802, 6.83748102188, -18.0287094116, -64.8205032349], [-14.811788559, 87.2243041992, 183.398986816, 224.074707031, 199.804855347, 119.980186462, 65.0805130005, 86.2318267822, 74.5762634277, 58.0870170593, 3.68155026436, -32.6777534485, -72.1370239258], [-472.243713379, 39.5513305664, 257.525512695, 199.804855347, 311.807647705, 163.816513062, 81.0015182495, 98.6258926392, 107.92300415, 78.4983673096, 12.0349988937, -37.8026695251, -87.3956069946], [-31.2570819855, -98.4110183716, 113.283691406, 119.980186462, 163.816513062, 243.499008179, 156.717590332, 63.8391685486, 29.9056377411, 80.9810333252, 37.3483467102, 15.5572547913, -80.6349182129], [-113.779434204, -163.25958252, 58.5586395264, 65.0805130005, 81.0015182495, 156.717590332, 202.32800293, 86.1785964966, -6.50686120987, 31.6660346985, 33.3049354553, 6.98810386658, -19.7903862], [-242.63230896, -91.3011474609, 99.2321853638, 86.2318267822, 98.6258926392, 63.8391685486, 86.1785964966, 170.306503296, 100.765983582, 47.5628967285, 19.8167285919, -10.4571266174, -12.9346895218], [-448.083129883, -85.8863601685, 128.097686768, 74.5762634277, 107.92300415, 29.9056377411, -6.50686120987, 100.765983582, 197.868911743, 102.362800598, 35.8953132629, -7.38833379745, -36.7692146301], [-201.738647461, -116.400939941, 79.4983596802, 58.0870170593, 78.4983673096, 80.9810333252, 31.6660346985, 47.5628967285, 102.362800598, 175.62411499, 78.0656814575, 34.5611305237, -45.5565986633], [-114.113105774, -145.567993164, 6.83748102188, 3.68155026436, 12.0349988937, 37.3483467102, 33.3049354553, 19.8167285919, 35.8953132629, 78.0656814575, 118.983322144, 60.6181793213, 1.30895507336], [-38.6273841858, -132.92678833, -18.0287094116, -32.6777534485, -37.8026695251, 15.5572547913, 6.98810386658, -10.4571266174, -7.38833379745, 34.5611305237, 60.6181793213, 142.267974854, 59.2145805359], [-269.90133667, -134.369506836, -64.8205032349, -72.1370239258, -87.3956069946, -80.6349182129, -19.7903862, -12.9346895218, -36.7692146301, -45.5565986633, 1.30895507336, 59.2145805359, 177.768356323]], "icov": [[0.000162573414855, -0.00016429637617, 0.000237550804741, -0.000356466451194, 0.000419516523834, -0.000229973287787, 0.000108977197669, -0.000129581254441, 0.000194166015717, 1.51034810187e-05, -3.48779576598e-05, -0.000124224883621, 0.000254914310062], [-0.00016429637617, 0.00121581554413, -0.000136372123961, -0.000385978404665, -0.000670155510306, 0.00066824053647, 0.000714317080565, 7.52677806304e-05, 0.000557011459023, 0.00017750832194, 0.000618119665887, 0.000168320577359, 0.000621922605205], [0.000237550804741, -0.000136372123961, 0.00481881853193, -0.00155819952488, -0.0026894598268, 0.00107353017665, -0.000779921829235, 0.000239743967541, -0.00090300134616, -0.00018939927395, 0.000989698572084, -0.00128484400921, 0.000663129729219], [-0.000356466451194, -0.000385978404665, -0.00155819952488, 0.0128785800189, -0.00590670155361, -0.00131666217931, 0.000255734397797, -0.00243068486452, 0.000227790369536, -0.000868935603648, 0.000250556709943, 0.000932813854888, -0.000312751682941], [0.000419516523834, -0.000670155510306, -0.0026894598268, -0.00590670155361, 0.013673061505, -0.00668080570176, 0.00239574210718, -0.000960371864494, -0.00144572823774, 0.000877160113305, -0.00115612545051, 0.00224123289809, -0.00017096834199], [-0.000229973287787, 0.00066824053647, 0.00107353017665, -0.00131666217931, -0.00668080570176, 0.0179874170572, -0.0116150043905, 0.00365089159459, 9.02748506633e-05, -0.00317644723691, 0.00271141459234, -0.00482265185565, 0.00465133227408], [0.000108977197669, 0.000714317080565, -0.000779921829235, 0.000255734397797, 0.00239574210718, -0.0116150043905, 0.0178057923913, -0.00875989254564, 0.00634627975523, 0.00100667320658, -0.00332222273573, 0.00325792329386, -0.00171116890851], [-0.000129581254441, 7.52677806304e-05, 0.000239743967541, -0.00243068486452, -0.000960371864494, 0.00365089159459, -0.00875989254564, 0.0148577094078, -0.00834138225764, 0.00113491399679, 0.00086410716176, -0.000239926681388, -0.0011099523399], [0.000194166015717, 0.000557011459023, -0.00090300134616, 0.000227790369536, -0.00144572823774, 9.02748506633e-05, 0.00634627975523, -0.00834138225764, 0.0147154619917, -0.00550903333351, -0.000774811138399, 0.00113913405221, 0.00116694148164], [1.51034810187e-05, 0.00017750832194, -0.00018939927395, -0.000868935603648, 0.000877160113305, -0.00317644723691, 0.00100667320658, 0.00113491399679, -0.00550903333351, 0.0131679587066, -0.00570014957339, -0.00115389574785, 0.0015818993561], [-3.48779576598e-05, 0.000618119665887, 0.000989698572084, 0.000250556709943, -0.00115612545051, 0.00271141459234, -0.00332222273573, 0.00086410716176, -0.000774811138399, -0.00570014957339, 0.015951892361, -0.00565065303817, 0.00137507834006], [-0.000124224883621, 0.000168320577359, -0.00128484400921, 0.000932813854888, 0.00224123289809, -0.00482265185565, 0.00325792329386, -0.000239926681388, 0.00113913405221, -0.00115389574785, -0.00565065303817, 0.0130900386721, -0.0052705691196], [0.000254914310062, 0.000621922605205, 0.000663129729219, -0.000312751682941, -0.00017096834199, 0.00465133227408, -0.00171116890851, -0.0011099523399, 0.00116694148164, 0.0015818993561, 0.00137507834006, -0.0052705691196, 0.0107440771535]]}, "spectral_contrast_coeffs": {"dmean": [0.0453308522701, 0.0425347425044, 0.0388388484716, 0.0332438312471, 0.0267896633595, 0.0186643842608], "dmean2": [0.0735563263297, 0.0688944980502, 0.0634977817535, 0.0547823384404, 0.0438034981489, 0.0303250942379], "dvar": [0.00168790330645, 0.00174845510628, 0.00126232870389, 0.00096896616742, 0.000792317034211, 0.00050610397011], "dvar2": [0.00423566484824, 0.00462761614472, 0.00329711148515, 0.0023605057504, 0.00190423568711, 0.00115865434054], "max": [-0.180585980415, -0.262673825026, -0.364185750484, -0.413236796856, -0.5140619874, -0.544305622578], "mean": [-0.466217815876, -0.540466487408, -0.662963807583, -0.704835057259, -0.743440687656, -0.769549190998], "median": [-0.44713228941, -0.528223335743, -0.660919904709, -0.704264760017, -0.745829105377, -0.773153305054], "min": [-0.966301381588, -0.968674361706, -0.96090400219, -0.956728816032, -0.954171836376, -0.957184314728], "var": [0.0178942494094, 0.0159394256771, 0.00731277326122, 0.00512838549912, 0.00375090283342, 0.00304222083651]}, "spectral_contrast_valleys": {"dmean": [0.592539131641, 0.368288129568, 0.341539531946, 0.307351201773, 0.247539907694, 0.213125556707], "dmean2": [0.987696528435, 0.596837639809, 0.565360367298, 0.513488769531, 0.399438560009, 0.314347714186], "dvar": [0.305223226547, 0.182527184486, 0.144914612174, 0.132263094187, 0.122150495648, 0.123707599938], "dvar2": [0.743196904659, 0.39421787