{"lowlevel": {"average_loudness": 0.937052071095, "barkbands_crest": {"dmean": 2.93364167213, "dmean2": 4.46431493759, "dvar": 7.89620923996, "dvar2": 17.173374176, "max": 26.7860145569, "mean": 12.2943735123, "median": 11.4603118896, "min": 2.03618311882, "var": 34.6803779602}, "barkbands_flatness_db": {"dmean": 0.0312503688037, "dmean2": 0.0464549474418, "dvar": 0.00161750649568, "dvar2": 0.00318891205825, "max": 0.601084709167, "mean": 0.145977020264, "median": 0.120208799839, "min": 0.0224034059793, "var": 0.0079281302169}, "barkbands_kurtosis": {"dmean": 16.4573345184, "dmean2": 24.1433105469, "dvar": 14369.9384766, "dvar2": 26202.8925781, "max": 6159.75732422, "mean": 21.9387969971, "median": 1.84544157982, "min": -1.96718728542, "var": 28836.3886719}, "barkbands_skewness": {"dmean": 0.91070330143, "dmean2": 1.36920034885, "dvar": 3.50742578506, "dvar2": 7.10105895996, "max": 62.1657981873, "mean": 2.11719298363, "median": 1.44979143143, "min": -7.42883682251, "var": 10.6226272583}, "barkbands_spread": {"dmean": 7.38135766983, "dmean2": 11.7850799561, "dvar": 97.2333984375, "dvar2": 223.552856445, "max": 133.489028931, "mean": 25.1362991333, "median": 23.3420219421, "min": 0.0283934827894, "var": 273.763580322}, "dissonance": {"dmean": 0.0197789482772, "dmean2": 0.0325757749379, "dvar": 0.000540676584933, "dvar2": 0.00128474470694, "max": 0.500000119209, "mean": 0.459756374359, "median": 0.47109374404, "min": 0.129423692822, "var": 0.00144247198477}, "dynamic_complexity": 4.36135530472, "erbbands_crest": {"dmean": 2.95954370499, "dmean2": 4.60650253296, "dvar": 9.52051925659, "dvar2": 20.6191864014, "max": 32.5152435303, "mean": 9.506483078, "median": 7.96321201324, "min": 2.33569955826, "var": 28.51354599}, "erbbands_flatness_db": {"dmean": 0.0200732257217, "dmean2": 0.0299602784216, "dvar": 0.000656690855976, "dvar2": 0.00132344930898, "max": 0.436753243208, "mean": 0.149843037128, "median": 0.133281692863, "min": 0.0412470847368, "var": 0.00343115534633}, "erbbands_kurtosis": {"dmean": 1.51612889767, "dmean2": 2.37047076225, "dvar": 16.7132434845, "dvar2": 40.3146591187, "max": 94.9543838501, "mean": 1.39906513691, "median": 0.11238181591, "min": -1.88720667362, "var": 25.3687705994}, "erbbands_skewness": {"dmean": 0.441968590021, "dmean2": 0.652841389179, "dvar": 0.364026129246, "dvar2": 0.741635143757, "max": 8.54535102844, "mean": 0.348952502012, "median": 0.255865216255, "min": -3.98833751678, "var": 1.1096675396}, "erbbands_spread": {"dmean": 10.2364606857, "dmean2": 15.4988059998, "dvar": 165.800292969, "dvar2": 378.517211914, "max": 179.370529175, "mean": 39.7054367065, "median": 36.1077270508, "min": 2.07681012154, "var": 452.271118164}, "hfc": {"dmean": 7.22586393356, "dmean2": 10.7420434952, "dvar": 130.226211548, "dvar2": 283.411224365, "max": 139.026473999, "mean": 22.2690734863, "median": 15.4527206421, "min": 1.11019609162e-16, "var": 446.879455566}, "melbands_crest": {"dmean": 3.72486400604, "dmean2": 5.85497760773, "dvar": 12.649394989, "dvar2": 30.2041835785, "max": 36.5034141541, "mean": 17.1158256531, "median": 16.8543224335, "min": 1.76647400856, "var": 52.0847740173}, "melbands_flatness_db": {"dmean": 0.0367816872895, "dmean2": 0.0538760498166, "dvar": 0.00215136748739, "dvar2": 0.00396046880633, "max": 0.745547533035, "mean": 0.21141307056, "median": 0.191238641739, "min": 0.00497171329334, "var": 0.0122733125463}, "melbands_kurtosis": {"dmean": 20.813375473, "dmean2": 33.7178230286, "dvar": 3565.88208008, "dvar2": 9301.50390625, "max": 1205.72717285, "mean": 29.3500003815, "median": 8.63578414917, "min": -1.80974638462, "var": 4631.4609375}, "melbands_skewness": {"dmean": 1.21192038059, "dmean2": 1.85451471806, "dvar": 3.39557790756, "dvar2": 7.85016918182, "max": 26.7517280579, "mean": 3.36642813683, "median": 2.56864070892, "min": -1.60799205303, "var": 8.45486831665}, "melbands_spread": {"dmean": 8.45790290833, "dmean2": 13.0925292969, "dvar": 125.587600708, "dvar2": 276.076416016, "max": 210.43862915, "mean": 24.8735847473, "median": 20.0623378754, "min": 0.166191473603, "var": 419.961425781}, "pitch_salience": {"dmean": 0.0828915089369, "dmean2": 0.130551189184, "dvar": 0.00785458087921, "dvar2": 0.0184413846582, "max": 0.90253674984, "mean": 0.472735434771, "median": 0.484255582094, "min": 0.00960620585829, "var": 0.0300109554082}, "silence_rate_20dB": {"dmean": 0, "dmean2": 0, "dvar": 0, "dvar2": 0, "max": 1, "mean": 1, "median": 1, "min": 1, "var": 0}, "silence_rate_30dB": {"dmean": 0.0160023923963, "dmean2": 0.0320071801543, "dvar": 0.0157492533326, "dvar2": 0.0434018783271, "max": 1, "mean": 0.989158093929, "median": 1, "min": 0, "var": 0.0107238162309}, "silence_rate_60dB": {"dmean": 0.0364914387465, "dmean2": 0.0729135498405, "dvar": 0.035165052861, "dvar2": 0.0767161101103, "max": 1, "mean": 0.13062658906, "median": 0, "min": 0, "var": 0.113585166633}, "spectral_centroid": {"dmean": 303.524536133, "dmean2": 461.239013672, "dvar": 155533.8125, "dvar2": 300608.46875, "max": 11408.0498047, "mean": 1568.17651367, "median": 1512.54956055, "min": 74.603263855, "var": 696462.875}, "spectral_complexity": {"dmean": 4.19830989838, "dmean2": 6.3421330452, "dvar": 28.1838684082, "dvar2": 58.9222145081, "max": 55, "mean": 15.893075943, "median": 15, "min": 0, "var": 118.001274109}, "spectral_decrease": {"dmean": 2.99393709824e-09, "dmean2": 4.86930806787e-09, "dvar": 2.7982550667e-17, "dvar2": 7.18733197606e-17, "max": 1.19472792835e-16, "mean": -8.17289791399e-09, "median": -5.45584466494e-09, "min": -5.42791234182e-08, "var": 6.04187410136e-17}, "spectral_energy": {"dmean": 0.0116916792467, "dmean2": 0.0189618356526, "dvar": 0.000416181719629, "dvar2": 0.00105944625102, "max": 0.207137867808, "mean": 0.0328663550317, "median": 0.0222503524274, "min": 1.04611552975e-20, "var": 0.000932237308007}, "spectral_energyband_high": {"dmean": 0.000482207018649, "dmean2": 0.000709205691237, "dvar": 5.61947274491e-07, "dvar2": 1.13869828056e-06, "max": 0.00792073085904, "mean": 0.0010871286504, "median": 0.000593682401814, "min": 7.5458444703e-21, "var": 1.52010022703e-06}, "spectral_energyband_low": {"dmean": 0.00920464470983, "dmean2": 0.0150294518098, "dvar": 0.000380459154258, "dvar2": 0.00102541700471, "max": 0.205468907952, "mean": 0.0176083855331, "median": 0.00869455002248, "min": 3.38305271123e-23, "var": 0.000586850277614}, "spectral_energyband_middle_high": {"dmean": 0.00217128638178, "dmean2": 0.00330178788863, "dvar": 1.40880201798e-05, "dvar2": 3.23702370224e-05, "max": 0.085176371038, "mean": 0.00570128718391, "median": 0.0031850291416, "min": 1.49201713442e-21, "var": 4.82705945615e-05}, "spectral_energyband_middle_low": {"dmean": 0.00400997372344, "dmean2": 0.00593195902184, "dvar": 5.89727824263e-05, "dvar2": 0.000122218567412, "max": 0.106727652252, "mean": 0.0100707057863, "median": 0.00402457080781, "min": 2.0035903265e-22, "var": 0.000167157748365}, "spectral_entropy": {"dmean": 0.211396366358, "dmean2": 0.305914342403, "dvar": 0.0994052886963, "dvar2": 0.184711560607, "max": 9.81160926819, "mean": 7.65816354752, "median": 7.81890296936, "min": 4.31204986572, "var": 0.439547985792}, "spectral_flux": {"dmean": 0.0331969372928, "dmean2": 0.0528426915407, "dvar": 0.00215650792234, "dvar2": 0.00469083851203, "max": 0.413693457842, "mean": 0.0829073563218, "median": 0.0685938447714, "min": 6.35464042498e-11, "var": 0.0039173536934}, "spectral_kurtosis": {"dmean": 1.58921968937, "dmean2": 2.53890538216, "dvar": 10.9354934692, "dvar2": 26.6265773773, "max": 90.2984466553, "mean": 4.17736911774, "median": 2.83022761345, "min": -1.24301016331, "var": 23.0554294586}, "spectral_rms": {"dmean": 0.000956360308919, "dmean2": 0.00148801179603, "dvar": 1.92126572074e-06, "dvar2": 4.37716380475e-06, "max": 0.0142156854272, "mean": 0.00495578255504, "median": 0.00465914793313, "min": 3.19468388375e-12, "var": 7.50492017687e-06}, "spectral_rolloff": {"dmean": 639.366882324, "dmean2": 1059.92663574, "dvar": 1192115.5, "dvar2": 2568064.75, "max": 19810.546875, "mean": 1680.82397461, "median": 1055.12695312, "min": 64.599609375, "var": 4023726.25}, "spectral_skewness": {"dmean": 0.219360202551, "dmean2": 0.336876511574, "dvar": 0.105016589165, "dvar2": 0.221866205335, "max": 7.7770357132, "mean": 1.51867318153, "median": 1.39372873306, "min": -0.0371928885579, "var": 0.338332980871}, "spectral_spread": {"dmean": 589052.4375, "dmean2": 847898.0625, "dvar": 776439005184, "dvar2": 1435359641600.0, "max": 41822072, "mean": 5278542, "median": 5332510, "min": 934924.875, "var": 3539449151490.0}, "spectral_strongpeak": {"dmean": 0.509137570858, "dmean2": 0.861762166023, "dvar": 1.47017383575, "dvar2": 3.57151985168, "max": 19.4523200989, "mean": 0.835376560688, "median": 0.408406555653, "min": 0, "var": 1.8348929882}, "zerocrossingrate": {"dmean": 0.0140243666247, "dmean2": 0.0154327843338, "dvar": 0.000274282123428, "dvar2": 0.000288224546239, "max": 0.78173828125, "mean": 0.0711009651423, "median": 0.0625, "min": 0.00244140625, "var": 0.00301926978864}, "barkbands": {"dmean": [0.000404517893912, 0.00528905214742, 0.00471461657435, 0.00151665846352, 0.00105396891013, 0.00098063738551, 0.000535710074473, 0.000444659177447, 0.000720114621799, 0.000707280880306, 0.000751961837523, 0.000477954221424, 0.000257796229562, 0.000263697846094, 0.000281551794615, 0.000338950194418, 0.000289510498988, 0.000320991443004, 0.000193269865122, 0.000163289150805, 9.40656318562e-05, 0.000100519951957, 0.000100150173239, 0.000111552857561, 6.53834576951e-05, 4.36203845311e-05, 8.25459937914e-06], "dmean2": [0.000651603273582, 0.00811028387398, 0.00814892258495, 0.00237162224948, 0.00145459594205, 0.00141611008439, 0.000818392727524, 0.000644835585263, 0.00113911752123, 0.00110206240788, 0.00113306613639, 0.000704140577, 0.000404770777095, 0.00042469240725, 0.000459290400613, 0.000550040102098, 0.000462175055873, 0.00052654184401, 0.00031679746462, 0.000266552175162, 0.000145933634485, 0.000151028260007, 0.00015631831775, 0.00016708993644, 0.000100417164504, 6.92462563165e-05, 1.27528601297e-05], "dvar": [8.99663859855e-07, 6.89207663527e-05, 0.000213332124986, 1.33233543238e-05, 6.67293215884e-06, 1.05162025648e-05, 1.90045716408e-06, 1.14173542443e-06, 7.79211313784e-06, 7.01005637893e-06, 2.73871160061e-06, 1.58525892857e-06, 4.18135272184e-07, 3.98207987473e-07, 3.89853568095e-07, 9.27488827074e-07, 7.75269256792e-07, 1.04373907561e-06, 2.838336286e-07, 1.88359351228e-07, 3.07434859792e-08, 3.10703214268e-08, 3.37489183266e-08, 5.12507405404e-08, 1.49140415573e-08, 8.94956020403e-09, 6.18028572763e-10], "dvar2": [2.44203829425e-06, 0.000169844191987, 0.000573198194616, 2.90869957098e-05, 1.10797600428e-05, 2.00472986762e-05, 4.53729808214e-06, 2.26570318773e-06, 1.9418550437e-05, 1.74139695446e-05, 5.80005871598e-06, 3.09013421429e-06, 9.6266228411e-07, 9.32209900384e-07, 8.95493940334e-07, 1.93187793229e-06, 1.7316759795e-06, 2.53406551565e-06, 6.69463247505e-07, 4.44971789193e-07, 7.0794818896e-08, 6.81076528508e-08, 7.9606522263e-08, 1.04477393847e-07, 3.26089342195e-08, 2.19443236915e-08, 1.34917976791e-09], "max": [0.0130673954263, 0.0924378857017, 0.147518619895, 0.0726682022214, 0.0575163587928, 0.0683325827122, 0.0377296283841, 0.0302118770778, 0.0951507538557, 0.0559013932943, 0.0388981960714, 0.0347838997841, 0.0216237958521, 0.0175009723753, 0.0214928556234, 0.032083876431, 0.0305236969143, 0.027040893212, 0.0163536407053, 0.0208641197532, 0.00423905067146, 0.00206944183446, 0.0020751322154, 0.00416352413595, 0.00135389657225, 0.00104777258821, 0.00117986090481], "mean": [0.000533958082087, 0.0113002844155, 0.00441423105076, 0.00258223107085, 0.00256286538206, 0.00169640104286, 0.000946804473642, 0.000776258006226, 0.000932072463911, 0.000991956098005, 0.00118672719691, 0.00085683062207, 0.000392249872675, 0.000393249036279, 0.000426052109106, 0.000497437256854, 0.000428436935181, 0.000438695948105, 0.000288508075755, 0.000267731345957, 0.000163786884514, 0.00018716113118, 0.000172195024788, 0.000214330517338, 0.000125520702568, 7.59818940423e-05, 1.42556400533e-05], "median": [7.18013616279e-05, 0.00516816601157, 0.000496180611663, 0.000315176119329, 0.000586330250371, 0.000214524246985, 0.000161786505487, 0.000141784461448, 0.000245131464908, 0.000300946412608, 0.000324867549352, 0.000201100920094, 0.000129917258164, 0.000116555544082, 0.000159388087923, 0.000154273293447, 0.000148864724906, 0.000135616734042, 0.000124323822092, 0.000116067334602, 8.24533926789e-05, 9.45735082496e-05, 9.40235622693e-05, 8.73248573043e-05, 4.55820409115e-05, 1.51014719449e-05, 1.44828277371e-06], "min": [9.44137228969e-25, 9.75791594133e-24, 3.32030371716e-24, 1.97835428749e-24, 2.27331868851e-23, 2.76358769472e-23, 1.66811122846e-23, 7.38925378832e-24, 3.5412660233e-23, 3.91700552116e-23, 3.6520804701e-23, 2.12250094743e-23, 4.42940854443e-23, 6.59076814896e-23, 9.66482846124e-23, 1.28024703314e-22, 9.97412441388e-23, 9.34015918729e-23, 1.53486975011e-22, 1.9880948264e-22, 3.72604122867e-22, 3.72368120928e-22, 4.41799012992e-22, 7.16563683902e-22, 1.03935142993e-21, 1.67179492489e-21, 2.07432017586e-21], "var": [1.48888011609e-06, 0.000221078662435, 0.000171083360328, 4.15956055804e-05, 3.04700952256e-05, 1.90620994545e-05, 3.43894316757e-06, 3.15630518344e-06, 7.07785284249e-06, 7.44292447052e-06, 6.02593809162e-06, 4.74849093735e-06, 7.54431539463e-07, 8.03311877462e-07, 7.88503086824e-07, 1.96295627575e-06, 1.31831393446e-06, 1.55167379035e-06, 3.92801382532e-07, 2.73251316685e-07, 5.5687213063e-08, 6.00966316711e-08, 5.20735561338e-08, 1.24303625171e-07, 3.17780717296e-08, 1.70984613135e-08, 2.50872589369e-09]}, "erbbands": {"dmean": [0.191810205579, 1.27163434029, 5.01859664917, 5.19269275665, 3.88488411903, 3.84512925148, 2.98680591583, 9.55817127228, 9.1878080368, 9.56455898285, 8.43231964111, 15.9195098877, 26.4581336975, 21.1877193451, 25.3718929291, 20.4437885284, 13.5151042938, 13.7762298584, 11.8235273361, 16.2215538025, 14.4635457993, 14.8855037689, 13.2911252975, 18.1336536407, 8.47142601013, 6.5046544075, 4.67498111725, 3.4701757431, 3.63042521477, 3.11207842827, 2.85746884346, 2.27242469788, 1.84314107895, 0.834812402725, 0.455861330032, 0.210078418255, 0.0834062695503, 0.0141772441566, 0.00135786749888, 7.40637551644e-05], "dmean2": [0.292282998562, 2.03896856308, 8.68199443817, 8.33784198761, 5.65011072159, 5.23793792725, 4.4434428215, 13.778875351, 13.3657102585, 13.6540555954, 12.3786525726, 25.1647453308, 41.4309158325, 33.2566146851, 38.1245269775, 29.8307609558, 20.4878959656, 22.0168209076, 18.8367404938, 26.5955028534, 22.9272518158, 24.0209751129, 21.7035388947, 29.4161396027, 13.8039522171, 10.6198244095, 7.39157772064, 5.43962192535, 5.4992442131, 4.6823387146, 4.4193148613, 3.49067831039, 2.74486351013, 1.27201700211, 0.688072383404, 0.324895679951, 0.134947106242, 0.0221537631005, 0.00208247452974, 0.000115828617709], "dvar": [0.109333276749, 5.14047527313, 245.232543945, 143.610946655, 91.0317459106, 123.666969299, 45.4578437805, 1074.20605469, 881.842041016, 442.814361572, 381.693908691, 4303.47363281, 15864.0058594, 4607.6328125, 3985.93603516, 2754.32250977, 979.398254395, 1101.27783203, 890.924560547, 1312.1541748, 1306.3861084, 1707.41235352, 1432.18115234, 4635.53271484, 560.877746582, 185.131607056, 100.726493835, 40.7240600586, 39.0874977112, 27.4672546387, 25.9582500458, 17.2273788452, 17.695142746, 2.63310837746, 0.754310071468, 0.164172187448, 0.040237095207, 0.00136028626002, 1.60387007782e-05, 1.07364684254e-07], "dvar2": [0.245564833283, 14.0893659592, 666.631530762, 347.76776123, 174.600860596, 193.695022583, 91.6148223877, 2075.64086914, 1906.12963867, 844.007873535, 860.073120117, 10665.9658203, 39397.4765625, 11438.3115234, 7925.28613281, 5262.59277344, 2108.94970703, 2565.7644043, 1945.94445801, 3050.52416992, 2907.9230957, 3843.03320312, 3487.23022461, 10898.1015625, 1223.51806641, 461.076141357, 244.42364502, 85.912979126, 81.3353271484, 56.9345779419, 60.5153160095, 37.1169929504, 37.2053451538, 5.21071910858, 1.6644898653, 0.380893945694, 0.102913208306, 0.00336533226073, 3.59395889973e-05, 2.30128350154e-07], "max": [4.27454519272, 26.3069820404, 156.776184082, 166.927627563, 231.405609131, 291.46963501, 296.179199219, 850.405273438, 757.55645752, 627.773742676, 684.23449707, 2727.47680664, 2845.06079102, 2819.02539062, 1865.81054688, 1238.9276123, 936.66784668, 1019.03509521, 1371.71533203, 1070.76977539, 994.246704102, 1465.8503418, 1781.04602051, 1949.36914062, 1214.3359375, 336.361755371, 249.703308105, 119.947021484, 73.925567627, 61.891078949, 50.6380310059, 47.923866272, 95.6542663574, 21.3187999725, 9.23242950439, 4.80581378937, 2.77999567986, 0.578874409199, 0.183900162578, 0.0197172928602], "mean": [0.37365847826, 2.37210965157, 4.82832717896, 7.53031301498, 8.53056907654, 9.42650699615, 5.89132261276, 16.1290664673, 16.8347244263, 17.778963089, 14.7431678772, 21.157699585, 35.2880897522, 32.3784179688, 40.4902229309, 38.1076431274, 23.494140625, 21.5299625397, 19.8415985107, 25.6987915039, 23.2553405762, 22.8520851135, 19.7387466431, 25.2658863068, 13.7829904556, 10.828918457, 7.98004150391, 6.46405744553, 6.70294332504, 5.73498773575, 4.92102432251, 4.36904668808, 3.5061147213, 1.65701806545, 0.815102398396, 0.383715093136, 0.131684437394, 0.0229525007308, 0.00236630043946, 0.000164077820955], "median": [0.165781497955, 0.967522740364, 1.03116512299, 1.17391467094, 1.44998145103, 1.90006113052, 2.09079885483, 1.70765829086, 2.3728992939, 3.62093925476, 3.71697163582, 5.81494951248, 9.77694129944, 9.99963569641, 11.4095993042, 9.81889343262, 7.85543727875, 7.78363990784, 8.88311958313, 10.8606758118, 10.012087822, 8.70259571075, 7.40664958954, 7.4961771965, 5.92814826965, 5.32561397552, 3.93142366409, 3.31616306305, 3.38506317139, 2.95244836807, 2.63217258453, 1.99994182587, 1.32970070839, 0.641976237297, 0.252895861864, 0.0899384245276, 0.0232296846807, 0.00333127030171, 0.000321314146277, 5.31862970092e-05], "min": [4.78041580141e-22, 1.10381133709e-21, 7.15010963302e-21, 1.41973839138e-20, 4.27865504945e-20, 6.95602543478e-20, 1.15266829953e-19, 2.35039571196e-19, 2.88868763148e-19, 5.96179828246e-20, 6.26053559466e-19, 1.05731290892e-18, 1.5291201867e-18, 9.54690090388e-19, 1.94355142547e-18, 1.17585823045e-18, 2.13648158398e-18, 3.96513906993e-18, 5.02051854756e-18, 4.87658498507e-18, 6.20432980941e-18, 6.22758185643e-18, 6.04232938157e-18, 8.5143536791e-18, 8.56033582218e-18, 9.12404534756e-18, 9.40873196308e-18, 1.52803734524e-17, 1.13675221234e-17, 1.38947714802e-17, 1.23258604939e-17, 1.17048745013e-17, 1.22849332515e-17, 1.05750822694e-17, 7.30485763205e-18, 5.27404361504e-18, 3.01872078567e-18, 1.11976080586e-18, 2.75233698877e-19, 3.02093435976e-20], "var": [0.306004077196, 10.5623378754, 182.585540771, 269.398284912, 379.927703857, 608.149230957, 125.954208374, 1866.96984863, 1626.67956543, 1297.81799316, 776.838500977, 4009.25805664, 14659.8681641, 5967.39599609, 9530.109375, 8340.92089844, 2302.22070312, 2221.38525391, 1924.56542969, 2483.86743164, 2448.80517578, 3179.5300293, 2103.71069336, 6760.85644531, 887.101989746, 280.293701172, 167.898284912, 80.8780822754, 79.9567260742, 56.7747573853, 41.9022140503, 37.9993286133, 41.8606567383, 6.32403993607, 1.44574093819, 0.333197653294, 0.0683827698231, 0.00272701913491, 6.03226690146e-05, 4.97621385875e-07]}, "gfcc": {"mean": [-20.507062912, 68.8319396973, -112.130645752, 33.7058448792, -49.7107963562, 24.2377471924, -27.3292865753, 12.3617572784, -18.2299938202, -2.00618457794, -13.4670066833, 0.654936552048, -9.1992816925], "cov": [[16394.796875, -1132.18432617, 204.979568481, -44.2158088684, -473.108703613, 717.639221191, -660.02545166, 683.748474121, -620.308166504, 638.602539062, -277.246276855, 522.997375488, -166.269378662], [-1132.18432617, 2770.76879883, 232.854278564, 99.4806594849, 117.250831604, -345.924316406, 185.231307983, -257.83026123, 250.253829956, -196.42477417, 245.721710205, -176.900894165, 131.247741699], [204.979568481, 232.854278564, 1441.20910645, 391.97857666, 388.310150146, 141.180908203, 107.351493835, 133.684921265, 67.8445968628, 121.805686951, 26.7298145294, 131.143615723, 15.5259275436], [-44.2158088684, 99.4806594849, 391.97857666, 595.810852051, 315.62121582, 133.955200195, 142.701461792, 93.8980407715, 60.0005683899, 33.4596290588, 41.2242622375, -4.17871141434, 16.8864212036], [-473.108703613, 117.250831604, 388.310150146, 315.62121582, 611.807739258, 195.455337524, 260.556427002, 121.369850159, 71.4422683716, 58.2766876221, 76.4898071289, 51.8452758789, 9.39719009399], [717.639221191, -345.924316406, 141.180908203, 133.955200195, 195.455337524, 383.86932373, 145.09854126, 164.181777954, -8.08671092987, 85.5954360962, 5.53371047974, 55.8643302917, 15.917760849], [-660.02545166, 185.231307983, 107.351493835, 142.701461792, 260.556427002, 145.09854126, 322.776306152, 90.0107421875, 102.924926758, 22.5495910645, 76.2969436646, 0.930019319057, 39.5591125488], [683.748474121, -257.83026123, 133.684921265, 93.8980407715, 121.369850159, 164.181777954, 90.0107421875, 227.06137085, 26.069311142, 103.579750061, 15.363781929, 76.5806732178, 2.79652881622], [-620.308166504, 250.253829956, 67.8445968628, 60.0005683899, 71.4422683716, -8.08671092987, 102.924926758, 26.069311142, 187.892456055, 15.0819244385, 75.1692428589, -6.01682329178, 30.3127403259], [638.602539062, -196.42477417, 121.805686951, 33.4596290588, 58.2766876221, 85.5954360962, 22.5495910645, 103.579750061, 15.0819244385, 176.409317017, 46.1528396606, 89.6059875488, -0.374711453915], [-277.246276855, 245.721710205, 26.7298145294, 41.2242622375, 76.4898071289, 5.53371047974, 76.2969436646, 15.363781929, 75.1692428589, 46.1528396606, 163.081619263, 45.6247253418, 41.138874054], [522.997375488, -176.900894165, 131.143615723, -4.17871141434, 51.8452758789, 55.8643302917, 0.930019319057, 76.5806732178, -6.01682329178, 89.6059875488, 45.6247253418, 161.087768555, 28.6133518219], [-166.269378662, 131.247741699, 15.5259275436, 16.8864212036, 9.39719009399, 15.917760849, 39.5591125488, 2.79652881622, 30.3127403259, -0.374711453915, 41.138874054, 28.6133518219, 103.90222168]], "icov": [[0.000147369646584, -0.00017946762091, 7.38400776754e-05, -8.9322355052e-05, 0.000170259329025, -0.000353177194484, 0.000355241150828, -0.000386765575968, 0.000352106173523, -0.000381925347028, 0.000327027606545, -0.000401106197387, 0.000256752129644], [-0.00017946762091, 0.000948686501943, -0.000347964058165, 0.000189602025785, -0.000296382262604, 0.000975331291556, -0.0006949978997, 0.000787322467659, -0.00065758859273, 0.000913964642677, -0.00146415224299, 0.0013482569484, -0.000940010300837], [7.38400776754e-05, -0.000347964058165, 0.00115257885773, -0.000580712279771, -0.000329406815581, -0.00030453313957, 0.000463369360659, -0.000170201790752, -0.000120943790535, -0.000661228667013, 0.00108981190715, -0.00129141367506, 0.000341503910022], [-8.9322355052e-05, 0.000189602025785, -0.000580712279771, 0.00277613196522, -0.0011577764526, 3.04913246509e-05, 3.51534508809e-05, -0.000379731092835, -0.000308268528897, 0.000333275267622, -0.000730325642508, 0.00172772642691, -0.00074546423275], [0.000170259329025, -0.000296382262604, -0.000329406815581, -0.0011577764526, 0.00382139999419, -0.000990354456007, -0.00181205652189, -0.000303159904433, 0.00070987676736, -0.000124616912217, -7.15154747013e-05, -0.00154630548786, 0.00163500313647], [-0.000353177194484, 0.000975331291556, -0.00030453313957, 3.04913246509e-05, -0.000990354456007, 0.00597615214065, -0.00252537964843, -0.00112312298734, 0.000444307224825, 0.000289143645205, -0.000757453555707, 0.001665081596, -0.00187810906209], [0.000355241150828, -0.0006949978997, 0.000463369360659, 3.51534508809e-05, -0.00181205652189, -0.00252537964843, 0.00787229370326, -0.00236512720585, -0.00120886438526, -0.000288333190838, -0.000303227861878, 0.000569877389353, -0.000696627015714], [-0.000386765575968, 0.000787322467659, -0.000170201790752, -0.000379731092835, -0.000303159904433, -0.00112312298734, -0.00236512720585, 0.0101275322959, -0.00231416150928, -0.00180185446516, 0.00052739738021, -0.00132050551474, 0.000124550555483], [0.000352106173523, -0.00065758859273, -0.000120943790535, -0.000308268528897, 0.00070987676736, 0.000444307224825, -0.00120886438526, -0.00231416150928, 0.00913414824754, -0.00144764268771, -0.00178766075987, 0.000653946190141, -0.000289771880489], [-0.000381925347028, 0.000913964642677, -0.000661228667013, 0.000333275267622, -0.000124616912217, 0.000289143645205, -0.000288333190838, -0.00180185446516, -0.00144764268771, 0.0116305425763, -0.00396611448377, -0.00198671664111, 0.000985945924185], [0.000327027606545, -0.00146415224299, 0.00108981190715, -0.000730325642508, -7.15154747013e-05, -0.000757453555707, -0.000303227861878, 0.00052739738021, -0.00178766075987, -0.00396611448377, 0.0124912550673, -0.00483925687149, -0.000553432735614], [-0.000401106197387, 0.0013482569484, -0.00129141367506, 0.00172772642691, -0.00154630548786, 0.001665081596, 0.000569877389353, -0.00132050551474, 0.000653946190141, -0.00198671664111, -0.00483925687149, 0.0139959733933, -0.00486567104235], [0.000256752129644, -0.000940010300837, 0.000341503910022, -0.00074546423275, 0.00163500313647, -0.00187810906209, -0.000696627015714, 0.000124550555483, -0.000289771880489, 0.000985945924185, -0.000553432735614, -0.00486567104235, 0.0133417239413]]}, "melbands": {"dmean": [0.00149088411126, 0.00222989427857, 0.00086037768051, 0.00026887858985, 0.000113469897769, 0.000211270162254, 0.000139524112456, 0.000105840663309, 7.33133347239e-05, 0.00010791070963, 0.000130040265503, 8.14164668554e-05, 8.24436865514e-05, 5.29326716787e-05, 5.44123431609e-05, 2.44304883381e-05, 2.87149105134e-05, 1.76265384653e-05, 2.45955852733e-05, 2.9816350434e-05, 1.54905574163e-05, 1.71281717485e-05, 1.28168130686e-05, 1.41857281051e-05, 1.57345693879e-05, 5.96489553573e-06, 6.77979915054e-06, 4.51055666417e-06, 3.25396899825e-06, 2.71750195679e-06, 2.06226332011e-06, 2.34007643485e-06, 1.98151928998e-06, 1.80548943263e-06, 1.82417704764e-06, 1.42271574077e-06, 1.58219540936e-06, 1.45180149502e-06, 1.01687487586e-06, 6.517014981e-07], "dmean2": [0.00223845103756, 0.00379604659975, 0.00135846529156, 0.000370785332052, 0.000164710538229, 0.000304221757688, 0.000201913368073, 0.000151103842654, 0.000106965235318, 0.000171971521922, 0.000203982315725, 0.000128408326418, 0.000124666286865, 7.89072801126e-05, 7.88734905655e-05, 3.88186672353e-05, 4.61220988655e-05, 2.81741085928e-05, 4.03302619816e-05, 4.85451855639e-05, 2.4817776648e-05, 2.75306174444e-05, 2.08782712434e-05, 2.33044374909e-05, 2.55922604993e-05, 9.86420764093e-06, 1.11665867735e-05, 7.39253255233e-06, 5.19538707522e-06, 4.32319166066e-06, 3.27801558342e-06, 3.6523235849e-06, 3.07449568027e-06, 2.77272147287e-06, 2.89321133096e-06, 2.21211780627e-06, 2.46206468546e-06, 2.22036624109e-06, 1.52180098212e-06, 1.01582475054e-06], "dvar": [5.62894274481e-06, 3.90751483792e-05, 3.61822299055e-06, 4.75621448004e-07, 6.0234313537e-08, 5.17015735113e-07, 1.76688061515e-07, 5.80226497959e-08, 3.17189332577e-08, 2.00807605211e-07, 3.81877356403e-07, 7.30618197053e-08, 3.60176812819e-08, 1.58907411674e-08, 2.31927206329e-08, 5.5830375878e-09, 5.57589352468e-09, 2.19109841382e-09, 2.66081578992e-09, 8.35769942142e-09, 1.94724081304e-09, 2.37534281133e-09, 1.56394130979e-09, 2.17573092876e-09, 3.77780162708e-09, 2.09190831324e-10, 5.68382840793e-10, 8.93605814345e-11, 7.44318356949e-11, 3.21985944851e-11, 1.62489171424e-11, 1.71703970486e-11, 1.35074009269e-11, 1.07517267658e-11, 1.2201555738e-11, 6.86026452659e-12, 8.21678228929e-12, 1.28263077243e-11, 5.72435761986e-12, 1.39609634617e-12], "dvar2": [1.22868632388e-05, 0.000107709776785, 8.6395039034e-06, 7.92058983734e-07, 1.14668694096e-07, 9.82114215731e-07, 3.71880133798e-07, 1.0867169209e-07, 7.11980661094e-08, 4.969444376e-07, 9.49348816448e-07, 1.82604480869e-07, 7.54755618004e-08, 3.32978586925e-08, 4.25441157859e-08, 1.32036879208e-08, 1.29559918349e-08, 4.84677276091e-09, 6.40858388579e-09, 1.73154095506e-08, 4.56768489698e-09, 5.24068566321e-09, 3.66952601638e-09, 5.21576248858e-09, 8.86943052336e-09, 4.92300367139e-10, 1.26527877065e-09, 2.22261153926e-10, 1.77666575896e-10, 7.74442523999e-11, 3.89674889578e-11, 3.99967246822e-11, 3.17368145653e-11, 2.46236468715e-11, 2.9253648115e-11, 1.57015997426e-11, 1.82501722068e-11, 2.85988281667e-11, 1.10352837979e-11, 2.9710758593e-12], "max": [0.0309402178973, 0.0635176673532, 0.0250535346568, 0.0159194245934, 0.00838357862085, 0.0166332665831, 0.0100381886587, 0.00608784565702, 0.00573516217992, 0.0171776320785, 0.0139209264889, 0.011286589317, 0.00538746872917, 0.00362807535566, 0.00521110044792, 0.00299268611707, 0.00226363120601, 0.00206473353319, 0.00119803554844, 0.00301899760962, 0.00180270976853, 0.00184824736789, 0.00173903699033, 0.0018829444889, 0.0017980284756, 0.000435195979662, 0.00126956566237, 0.000304652436171, 0.000268842704827, 0.000126657265355, 0.000110023262096, 5.7881592511e-05, 4.65531265945e-05, 4.1803035856e-05, 3.91421490349e-05, 3.12515221594e-05, 3.63100407412e-05, 9.86210943665e-05, 4.11658547819e-05, 1.34652736961e-05], "mean": [0.00328703946434, 0.00276133557782, 0.00136641424615, 0.000648864137474, 0.00024782581022, 0.000364666630048, 0.000254438928096, 0.000193382089492, 0.000124160957057, 0.000137946917675, 0.000170666826307, 0.000119799013191, 0.0001299536234, 9.1760106443e-05, 9.79610194918e-05, 3.53263058059e-05, 4.19512361987e-05, 2.76048849628e-05, 3.56001146429e-05, 4.22081720899e-05, 2.29755296459e-05, 2.51348828897e-05, 1.78604059329e-05, 1.94373151317e-05, 2.10168036574e-05, 8.87290298124e-06, 9.856642464e-06, 6.88262889526e-06, 5.32502372153e-06, 4.12652798332e-06, 3.60321564585e-06, 3.94243807023e-06, 3.40531664733e-06, 3.0110741136e-06, 2.79864457298e-06, 2.62966045739e-06, 2.83226108877e-06, 2.68029020845e-06, 1.84324892416e-06, 1.23966685805e-06], "median": [0.0015387723688, 0.000978255644441, 0.00024321192177, 0.000126864993945, 7.80686095823e-05, 3.89547421946e-05, 3.58791839972e-05, 3.65650303138e-05, 2.85445603367e-05, 3.61028542102e-05, 4.3778505642e-05, 3.24610882672e-05, 3.7563884689e-05, 2.70500204351e-05, 2.01572220249e-05, 9.87584462564e-06, 1.17088002298e-05, 1.15661605378e-05, 1.29847339849e-05, 1.11179633677e-05, 9.9545231933e-06, 8.70647909323e-06, 6.36171716906e-06, 6.00297244091e-06, 5.49119886273e-06, 3.79301991416e-06, 3.62399532605e-06, 3.13433065458e-06, 2.42541977968e-06, 1.76479306901e-06, 1.76881223979e-06, 1.90234118236e-06, 1.69594090949e-06, 1.54895474225e-06, 1.50505525198e-06, 1.288223757e-06, 1.15953378099e-06, 9.85343490356e-07, 6.68557220251e-07, 4.53813925105e-07], "min": [5.66385879414e-24, 3.85442802545e-24, 3.24187674369e-24, 4.81021899797e-24, 5.19877401455e-24, 6.24685461323e-24, 4.77229805982e-24, 3.39792122074e-25, 6.38502438964e-24, 5.94208333009e-24, 7.75582561806e-24, 3.83047031976e-24, 5.30750074097e-24, 3.51212392374e-24, 4.52887293941e-24, 4.94822863561e-24, 6.36948659082e-24, 7.06321205416e-24, 5.6579624533e-24, 7.72639795085e-24, 4.47621647399e-24, 5.70787881037e-24, 6.54810915445e-24, 4.77844644172e-24, 6.78522851522e-24, 5.88357351675e-24, 6.32684787003e-24, 5.6117565035e-24, 5.51860386351e-24, 7.14688968582e-24, 8.69058476998e-24, 4.95940679464e-24, 6.86213219828e-24, 8.36020903401e-24, 6.8114463074e-24, 6.65020077179e-24, 7.27664626068e-24, 8.46851332541e-24, 7.78061320542e-24, 8.54716985741e-24], "var": [1.97740100703e-05, 3.27232191921e-05, 7.70042242948e-06, 2.15193585973e-06, 2.05008532816e-07, 9.34507738748e-07, 3.36929417699e-07, 1.73834834527e-07, 6.34348680251e-08, 1.84320825269e-07, 3.55796942131e-07, 9.20177569697e-08, 8.14471405874e-08, 3.84477445436e-08, 7.56952971415e-08, 8.79695516431e-09, 1.11187734575e-08, 4.43661551941e-09, 4.61807969643e-09, 1.79848136383e-08, 2.87497736728e-09, 4.39376179884e-09, 2.45359688122e-09, 3.12201020591e-09, 5.42788658464e-09, 3.18474219219e-10, 7.7778161689e-10, 1.37156092039e-10, 1.17157200608e-10, 4.79524787933e-11, 2.82652703326e-11, 3.06666428362e-11, 2.20088912373e-11, 1.78729531175e-11, 1.61141586186e-11, 1.26076163398e-11, 1.80234733388e-11, 2.7997880056e-11, 1.18760721743e-11, 3.26951790294e-12]}, "mfcc": {"mean": [-662.627868652, 99.5961685181, 2.77481675148, 17.066865921, 7.17852544785, 10.3186454773, 5.78157091141, 13.8071365356, 4.05512666702, 5.16209936142, -2.27767491341, 1.25969469547, 1.35931348801], "cov": [[12576.7246094, -633.866027832, -38.6959762573, -399.328338623, -7.72349977493, -153.743469238, 24.6465148926, -83.4444198608, -82.6583404541, -135.272232056, -14.6711330414, 5.65272712708, 70.8234710693], [-633.866027832, 2101.97753906, 288.798156738, 271.197814941, 10.507273674, -34.7502746582, -60.2731513977, -28.1501674652, -68.5757446289, 1.73910164833, -3.9249958992, 29.5293235779, 48.2015914917], [-38.6959762573, 288.798156738, 909.41204834, 311.808410645, 245.568313599, 96.2089996338, 63.0379257202, 45.8874130249, 71.5437850952, 27.7653884888, 63.3686065674, 25.4318313599, 58.5491485596], [-399.328338623, 271.197814941, 311.808410645, 551.714660645, 253.348464966, 132.415283203, 120.696731567, 82.665473938, 72.4928741455, 43.1024017334, 80.4673309326, 53.5868721008, 50.3879699707], [-7.72349977493, 10.507273674, 245.568313599, 253.348464966, 374.135375977, 158.652130127, 178.434005737, 114.082603455, 92.9350585938, 28.3092422485, 87.155128479, 70.1178665161, 54.8043861389], [-153.743469238, -34.7502746582, 96.2089996338, 132.415283203, 158.652130127, 244.137435913, 177.689819336, 105.643226624, 92.0039520264, 52.1707229614, 60.9049186707, 44.1921005249, 27.9584636688], [24.6465148926, -60.2731513977, 63.0379257202, 120.696731567, 178.434005737, 177.689819336, 307.996551514, 142.091827393, 117.723999023, 46.1885604858, 91.3086166382, 63.3423728943, 45.4067115784], [-83.4444198608, -28.1501674652, 45.8874130249, 82.665473938, 114.082603455, 105.643226624, 142.091827393, 176.188903809, 104.448371887, 54.0963745117, 59.7086334229, 47.1092834473, 29.0723419189], [-82.6583404541, -68.5757446289, 71.5437850952, 72.4928741455, 92.9350585938, 92.0039520264, 117.723999023, 104.448371887, 154.518707275, 72.3963317871, 53.3116950989, 25.6940155029, 19.855474472], [-135.272232056, 1.73910164833, 27.7653884888, 43.1024017334, 28.3092422485, 52.1707229614, 46.1885604858, 54.0963745117, 72.3963317871, 117.783721924, 60.1170845032, 22.6924324036, 2.87927651405], [-14.6711330414, -3.9249958992, 63.3686065674, 80.4673309326, 87.155128479, 60.9049186707, 91.3086166382, 59.7086334229, 53.3116950989, 60.1170845032, 133.257873535, 74.0793914795, 43.5147590637], [5.65272712708, 29.5293235779, 25.4318313599, 53.5868721008, 70.1178665161, 44.1921005249, 63.3423728943, 47.1092834473, 25.6940155029, 22.6924324036, 74.0793914795, 117.961364746, 75.9665908813], [70.8234710693, 48.2015914917, 58.5491485596, 50.3879699707, 54.8043861389, 27.9584636688, 45.4067115784, 29.0723419189, 19.855474472, 2.87927651405, 43.5147590637, 75.9665908813, 117.033576965]], "icov": [[8.53103629197e-05, 2.07559114642e-05, -1.87664827536e-05, 7.54768843763e-05, -4.7273500968e-05, 7.48393285903e-05, -6.43206076347e-05, 3.00659976347e-05, 2.88040537271e-05, 5.70060183236e-05, -3.08898670482e-05, 3.69612171198e-05, -8.03326329333e-05], [2.07559114642e-05, 0.0005660392344, -0.000159884992172, -0.000318864709698, 0.000197569926968, 0.000136043177918, -3.05784196826e-05, -9.64191058301e-05, 0.000458415044704, -0.000248017895501, 0.000238515043748, -0.000171411389601, -0.000166712037753], [-1.87664827536e-05, -0.000159884992172, 0.00158899545204, -0.000469316204544, -0.000817395863123, -0.000157507878612, 0.000496744294651, 0.00032499054214, -0.000573036377318, 0.000133012013976, -0.000459271104774, 0.000884103414137, -0.000677892181557], [7.54768843763e-05, -0.000318864709698, -0.000469316204544, 0.00318683637306, -0.00159262609668, -0.00044718029676, 0.000107177016616, 2.14259671338e-05, 2.12540126086e-05, -0.000227629512665, -0.000539491185918, 0.000315555691486, -0.000248154887231], [-4.7273500968e-05, 0.000197569926968, -0.000817395863123, -0.00159262609668, 0.00600053928792, -0.00131174607668, -0.00106348644476, -0.000916130957194, -0.000556236074772, 0.00167012156453, -0.000814592815004, -0.00116722821258, 0.000299287436064], [7.48393285903e-05, 0.000136043177918, -0.000157507878612, -0.00044718029676, -0.00131174607668, 0.00836836360395, -0.00343813141808, -0.000696684292052, -0.000230047095101, -0.00179550622124, 0.00117964297533, -0.000577337865252, 0.000311465206323], [-6.43206076347e-05, -3.05784196826e-05, 0.000496744294651, 0.000107177016616, -0.00106348644476, -0.00343813141808, 0.00818189792335, -0.00250673526898, -0.00230409693904, 0.00221691979095, -0.00270240590908, 0.00041542868712, -0.000403997022659], [3.00659976347e-05, -9.64191058301e-05, 0.00032499054214, 2.14259671338e-05, -0.000916130957194, -0.000696684292052, -0.00250673526898, 0.0121770845726, -0.00498052546754, -0.000888604903594, 0.000399825075874, -0.0020470127929, 0.000439691240899], [2.88040537271e-05, 0.000458415044704, -0.000573036377318, 2.12540126086e-05, -0.000556236074772, -0.000230047095101, -0.00230409693904, -0.00498052546754, 0.015172787942, -0.00649597821757, 0.00074681075057, 0.00211130920798, -0.001544590923], [5.70060183236e-05, -0.000248017895501, 0.000133012013976, -0.000227629512665, 0.00167012156453, -0.00179550622124, 0.00221691979095, -0.000888604903594, -0.00649597821757, 0.0158616527915, -0.00664959754795, 7.33217893867e-05, 0.00224325549789], [-3.08898670482e-05, 0.000238515043748, -0.000459271104774, -0.000539491185918, -0.000814592815004, 0.00117964297533, -0.00270240590908, 0.000399825075874, 0.00074681075057, -0.00664959754795, 0.0167679339647, -0.00811808742583, 0.000503095623571], [3.69612171198e-05, -0.000171411389601, 0.000884103414137, 0.000315555691486, -0.00116722821258, -0.000577337865252, 0.00041542868712, -0.0020470127929, 0.00211130920798, 7.33217893867e-05, -0.00811808742583, 0.0210968349129, -0.0105336476117], [-8.03326329333e-05, -0.000166712037753, -0.000677892181557, -0.000248154887231, 0.000299287436064, 0.000311465206323, -0.000403997022659, 0.000439691240899, -0.001544590923, 0.00224325549789, 0.000503095623571, -0.0105336476117, 0.0157979708165]]}, "spectral_contrast_coeffs": {"dmean": [0.0567392297089, 0.0486531890929, 0.0451125241816, 0.034950453788, 0.0253041684628, 0.0178519692272], "dmean2": [0.0890845954418, 0.0758642330766, 0.0687072649598, 0.0546230636537, 0.0390991941094, 0.0283931475133], "dvar": [0.0028193059843, 0.00191917933989, 0.00161997438408, 0.000935866730288, 0.000568822317291, 0.000294424768072], "dvar2": [0.00684211868793, 0.00416822591797, 0.00330112758093, 0.00202816887759, 0.00116176530719, 0.000645673193503], "max": [-0.217939257622, -0.448583841324, -0.445297837257, -0.465697646141, -0.507005155087, -0.613028287888], "mean": [-0.64472925663, -0.742794513702, -0.752362847328, -0.773325622082, -0.793379127979, -0.778352320194], "median": [-0.655811905861, -0.750085473061, -0.760445356369, -0.785486936569, -0.804827272892, -0.780326604843], "min": [-0.970285117626, -0.970323383808, -0.974885880947, -0.962530970573, -0.961817264557, -0.961973428726], "var": [0.00946800410748, 0.0073478166014, 0.00770828593522, 0.00484651746228, 0.00302232243121, 0.00133947271388]}, "spectral_contrast_valleys": {"dmean": [0.469287097454, 0.478423148394, 0.413427174091, 0.370284199715, 0.339821398258, 0.342004418373], "dmean2": [0.727674782276, 0.740384757519, 0.654205679893, 0.574415683746, 0.498903125525, 0.453624367714], "dvar": [0.236224263906, 0.279028236866, 0.214973255992, 0.214291274548, 0.246529996395, 0.286732405424], "dvar2": [0.45519888401, 0.504960894585, 0.423421680927, 0.403612971306, 0.460237950087, 0.488455951214], "max": [-5.27623319626, -5.03423070908, -5.16841697693, -5.52234077454, -5.66573476791, -7.88