{"lowlevel": {"average_loudness": 0.966522812843, "barkbands_crest": {"dmean": 2.26061367989, "dmean2": 3.86402201653, "dvar": 3.98304080963, "dvar2": 11.1148910522, "max": 23.4995651245, "mean": 9.18581962585, "median": 8.6537103653, "min": 3.00800156593, "var": 11.1558408737}, "barkbands_flatness_db": {"dmean": 0.0180429033935, "dmean2": 0.0289408378303, "dvar": 0.000315307028359, "dvar2": 0.000760052353144, "max": 0.43227866292, "mean": 0.142421200871, "median": 0.129514425993, "min": 0.0420779176056, "var": 0.00344848399982}, "barkbands_kurtosis": {"dmean": 2.9448568821, "dmean2": 4.91941070557, "dvar": 19.1337909698, "dvar2": 51.816204071, "max": 84.4723739624, "mean": 6.3445482254, "median": 3.63782739639, "min": -1.79711556435, "var": 57.8706741333}, "barkbands_skewness": {"dmean": 0.444710016251, "dmean2": 0.729770183563, "dvar": 0.194450691342, "dvar2": 0.51421302557, "max": 7.84159755707, "mean": 2.10540604591, "median": 1.91586852074, "min": -2.26040267944, "var": 1.23910152912}, "barkbands_spread": {"dmean": 4.11386489868, "dmean2": 6.61271715164, "dvar": 16.3716316223, "dvar2": 41.2263832092, "max": 92.2447357178, "mean": 19.4018878937, "median": 18.0809783936, "min": 1.18986093998, "var": 112.825386047}, "dissonance": {"dmean": 0.014416815713, "dmean2": 0.0243074577302, "dvar": 0.000197663277504, "dvar2": 0.000547363597434, "max": 0.5, "mean": 0.467319190502, "median": 0.474745482206, "min": 0.165641710162, "var": 0.00109008967411}, "dynamic_complexity": 2.23678350449, "erbbands_crest": {"dmean": 1.91985881329, "dmean2": 3.16816759109, "dvar": 3.65295791626, "dvar2": 9.5782661438, "max": 27.75689888, "mean": 6.81941890717, "median": 5.86509513855, "min": 2.23915338516, "var": 11.377453804}, "erbbands_flatness_db": {"dmean": 0.0120085934177, "dmean2": 0.0174923744053, "dvar": 0.000163945209351, "dvar2": 0.000302616972476, "max": 0.377365916967, "mean": 0.14135748148, "median": 0.132170572877, "min": 0.0455081686378, "var": 0.00213101971895}, "erbbands_kurtosis": {"dmean": 0.40980181098, "dmean2": 0.651255130768, "dvar": 0.292733699083, "dvar2": 0.664102852345, "max": 16.554517746, "mean": -0.560556292534, "median": -0.916033744812, "min": -1.71197140217, "var": 1.25127279758}, "erbbands_skewness": {"dmean": 0.265681922436, "dmean2": 0.424185484648, "dvar": 0.0518447607756, "dvar2": 0.132949963212, "max": 2.88748621941, "mean": 0.332627862692, "median": 0.309337496758, "min": -1.58453154564, "var": 0.235173389316}, "erbbands_spread": {"dmean": 6.22486972809, "dmean2": 9.69483661652, "dvar": 33.0895690918, "dvar2": 73.0947265625, "max": 126.214187622, "mean": 50.4239616394, "median": 50.9833908081, "min": 2.89165353775, "var": 261.427246094}, "hfc": {"dmean": 3.69589853287, "dmean2": 5.89658689499, "dvar": 17.5386295319, "dvar2": 44.0093269348, "max": 105.213737488, "mean": 21.4674358368, "median": 21.1723480225, "min": 1.21800095267e-16, "var": 169.579833984}, "melbands_crest": {"dmean": 2.65725851059, "dmean2": 4.53753900528, "dvar": 5.16231441498, "dvar2": 14.7881402969, "max": 28.9614067078, "mean": 12.5816965103, "median": 12.2165756226, "min": 1.68304717541, "var": 16.0245494843}, "melbands_flatness_db": {"dmean": 0.022866435349, "dmean2": 0.0364234633744, "dvar": 0.000483831361635, "dvar2": 0.00116492644884, "max": 0.573099970818, "mean": 0.218281403184, "median": 0.206956028938, "min": 0.00403798231855, "var": 0.00624041212723}, "melbands_kurtosis": {"dmean": 7.10361146927, "dmean2": 11.8079805374, "dvar": 90.7688293457, "dvar2": 248.33430481, "max": 198.1769104, "mean": 19.7159252167, "median": 13.8669872284, "min": -1.44869565964, "var": 314.466033936}, "melbands_skewness": {"dmean": 0.620373189449, "dmean2": 1.01770281792, "dvar": 0.3493244946, "dvar2": 0.920951545238, "max": 10.359038353, "mean": 3.41790604591, "median": 3.22384881973, "min": -0.356490254402, "var": 2.1112844944}, "melbands_spread": {"dmean": 4.13025903702, "dmean2": 6.76331233978, "dvar": 21.1021251678, "dvar2": 53.8892707825, "max": 155.504379272, "mean": 17.4081249237, "median": 14.6464176178, "min": 1.08837306499, "var": 221.297348022}, "pitch_salience": {"dmean": 0.0641043335199, "dmean2": 0.108031280339, "dvar": 0.00294899148867, "dvar2": 0.00849733874202, "max": 0.84489274025, "mean": 0.594725549221, "median": 0.600211441517, "min": 0.17326593399, "var": 0.00768280262128}, "silence_rate_20dB": {"dmean": 0, "dmean2": 0, "dvar": 0, "dvar2": 0, "max": 1, "mean": 1, "median": 1, "min": 1, "var": 0}, "silence_rate_30dB": {"dmean": 0, "dmean2": 0, "dvar": 0, "dvar2": 0, "max": 1, "mean": 1, "median": 1, "min": 1, "var": 0}, "silence_rate_60dB": {"dmean": 0.00183206109796, "dmean2": 0.00366449519061, "dvar": 0.00182876258623, "dvar2": 0.00487280217931, "max": 1, "mean": 0.0293099936098, "median": 0, "min": 0, "var": 0.0284539274871}, "spectral_centroid": {"dmean": 210.66696167, "dmean2": 339.842926025, "dvar": 42399.1367188, "dvar2": 101639.273438, "max": 11007.5117188, "mean": 1204.77392578, "median": 1156.16699219, "min": 199.2396698, "var": 330733.375}, "spectral_complexity": {"dmean": 3.10656499863, "dmean2": 5.08326530457, "dvar": 8.2283706665, "dvar2": 21.0579662323, "max": 51, "mean": 23.5848770142, "median": 23, "min": 0, "var": 99.9060745239}, "spectral_decrease": {"dmean": 2.98808333632e-09, "dmean2": 5.07369035674e-09, "dvar": 1.14807813472e-17, "dvar2": 3.16874959393e-17, "max": 1.49929805087e-18, "mean": -9.89188642109e-09, "median": -9.72623492856e-09, "min": -3.94565020656e-08, "var": 2.00129946829e-17}, "spectral_energy": {"dmean": 0.011494605802, "dmean2": 0.0195033121854, "dvar": 0.00016909520491, "dvar2": 0.000466456345748, "max": 0.150616139174, "mean": 0.0392813235521, "median": 0.0388489589095, "min": 1.09120155834e-20, "var": 0.000304799410515}, "spectral_energyband_high": {"dmean": 0.000211871811189, "dmean2": 0.000326269888319, "dvar": 9.62338049249e-08, "dvar2": 2.15836351458e-07, "max": 0.0111844576895, "mean": 0.000852102471981, "median": 0.000572590623051, "min": 8.26382027833e-21, "var": 8.02028182534e-07}, "spectral_energyband_low": {"dmean": 0.00743678351864, "dmean2": 0.0127347987145, "dvar": 9.43352351896e-05, "dvar2": 0.000263198540779, "max": 0.142325654626, "mean": 0.016432326287, "median": 0.0143163464963, "min": 1.52499725055e-22, "var": 0.000148079590872}, "spectral_energyband_middle_high": {"dmean": 0.00101124483626, "dmean2": 0.00156959996093, "dvar": 2.3596542178e-06, "dvar2": 5.69335861655e-06, "max": 0.0333216488361, "mean": 0.00454716430977, "median": 0.00367818074301, "min": 1.34026271253e-21, "var": 1.76296416612e-05}, "spectral_energyband_middle_low": {"dmean": 0.00745509006083, "dmean2": 0.0125823505223, "dvar": 9.06670611585e-05, "dvar2": 0.000248026335612, "max": 0.0954891294241, "mean": 0.0193985048681, "median": 0.0168204326183, "min": 2.2600362588e-22, "var": 0.000158804905368}, "spectral_entropy": {"dmean": 0.12582474947, "dmean2": 0.19248996675, "dvar": 0.0175471100956, "dvar2": 0.0369240045547, "max": 9.81838321686, "mean": 7.53144884109, "median": 7.66506004333, "min": 4.89673280716, "var": 0.227947935462}, "spectral_flux": {"dmean": 0.0239626467228, "dmean2": 0.0382181704044, "dvar": 0.000617865473032, "dvar2": 0.00139168521855, "max": 0.313440144062, "mean": 0.0956194251776, "median": 0.0932959318161, "min": 1.04460592953e-10, "var": 0.00165483227465}, "spectral_kurtosis": {"dmean": 1.55850315094, "dmean2": 2.61922860146, "dvar": 10.0793762207, "dvar2": 27.1668148041, "max": 140.097549438, "mean": 4.69418334961, "median": 2.95845222473, "min": -1.21732795238, "var": 67.0880584717}, "spectral_rms": {"dmean": 0.000869475887157, "dmean2": 0.00146141578443, "dvar": 7.94157358541e-07, "dvar2": 2.17753381548e-06, "max": 0.0121219875291, "mean": 0.00597207294777, "median": 0.00615641335025, "min": 3.2628008368e-12, "var": 2.65746371042e-06}, "spectral_rolloff": {"dmean": 308.976989746, "dmean2": 525.471435547, "dvar": 244557.40625, "dvar2": 588139.6875, "max": 19250.6835938, "mean": 1063.34289551, "median": 602.9296875, "min": 86.1328125, "var": 3543562.75}, "spectral_skewness": {"dmean": 0.177650079131, "dmean2": 0.286884218454, "dvar": 0.0490592904389, "dvar2": 0.128393247724, "max": 8.95703792572, "mean": 1.44351553917, "median": 1.27439546585, "min": 0.00238335994072, "var": 0.509881138802}, "spectral_spread": {"dmean": 378717.125, "dmean2": 536457.5625, "dvar": 335144189952, "dvar2": 515804200960, "max": 41299996, "mean": 4389665.5, "median": 4294438, "min": 646014.9375, "var": 1975438016510.0}, "spectral_strongpeak": {"dmean": 0.427517831326, "dmean2": 0.749230623245, "dvar": 0.450332969427, "dvar2": 1.26125884056, "max": 11.4461221695, "mean": 0.656542956829, "median": 0.396178781986, "min": 0, "var": 0.562401890755}, "zerocrossingrate": {"dmean": 0.00702016754076, "dmean2": 0.00922699458897, "dvar": 5.05747266288e-05, "dvar2": 7.21615797374e-05, "max": 0.52587890625, "mean": 0.0536499656737, "median": 0.04736328125, "min": 0.00439453125, "var": 0.00242800544947}, "barkbands": {"dmean": [0.000419675314333, 0.00451279617846, 0.00335398083553, 0.00313331303187, 0.00381252681836, 0.00173874211032, 0.00104330596514, 0.0011982221622, 0.000552922079805, 0.000417787348852, 0.000343154912116, 0.000265437323833, 0.000209525693208, 0.000185137600056, 0.000175258319359, 0.000182817006134, 0.000156569352839, 0.000131990382215, 0.000228053831961, 0.00011819354404, 0.000102592304756, 4.29208485002e-05, 5.08943885507e-05, 5.17387052241e-05, 1.92366296687e-05, 9.86753002508e-06, 1.49484009171e-07], "dmean2": [0.00073669833364, 0.00775425462052, 0.00573095679283, 0.00551509670913, 0.00646121893078, 0.00280586234294, 0.00171614391729, 0.00189600593876, 0.000885130895767, 0.00066754501313, 0.000545980292372, 0.000425742735388, 0.000331888935762, 0.000296554178931, 0.000276724429568, 0.000297850026982, 0.000253869860899, 0.000219695313717, 0.000366738095181, 0.000194012347492, 0.00016657692322, 6.88686486683e-05, 8.37533079903e-05, 7.70432670834e-05, 2.79454743577e-05, 1.55692068802e-05, 2.52452821314e-07], "dvar": [1.09308666651e-06, 4.11165929108e-05, 2.12187951547e-05, 1.54144436237e-05, 3.58318975486e-05, 8.02829708846e-06, 4.92746994496e-06, 4.85079681312e-06, 8.54146890106e-07, 6.50687240977e-07, 7.52274502247e-07, 4.80858318497e-07, 3.71954229195e-07, 2.61084920794e-07, 8.8483368188e-08, 8.09405023006e-08, 4.31227320519e-08, 3.40805428323e-08, 1.22032560057e-07, 2.76035354574e-08, 2.71551563458e-08, 4.19839185639e-09, 7.19199766408e-09, 1.27794770322e-08, 2.18173346056e-09, 6.18716855527e-10, 1.12770429388e-13], "dvar2": [3.07881032313e-06, 0.000116420735139, 6.01640495006e-05, 4.48411083198e-05, 9.62487029028e-05, 2.02697428904e-05, 1.23790687212e-05, 1.20184749903e-05, 2.07519633477e-06, 1.59759156304e-06, 1.83430745437e-06, 1.21528876207e-06, 9.36149831432e-07, 6.8274601972e-07, 2.04070346399e-07, 2.02571968089e-07, 1.11801853109e-07, 9.02226062749e-08, 3.05981103566e-07, 7.24806739072e-08, 6.98753837014e-08, 1.01288861742e-08, 1.94857463498e-08, 2.56497649787e-08, 4.39895053717e-09, 1.48016188195e-09, 3.15146400729e-13], "max": [0.0127296634018, 0.0838675498962, 0.0540605559945, 0.0457679517567, 0.0658470764756, 0.0534559302032, 0.055149782449, 0.0412383936346, 0.0196980480105, 0.0244178138673, 0.0203083455563, 0.0189810227603, 0.0160776283592, 0.0144218541682, 0.00883707683533, 0.00713381310925, 0.00390538573265, 0.00418438762426, 0.00808265805244, 0.00295988912694, 0.0026740594767, 0.00222974806093, 0.00172259763349, 0.00593627709895, 0.00216617179103, 0.0004676511453, 1.08381373138e-05], "mean": [0.000392702408135, 0.00838770531118, 0.00583323836327, 0.00459347618744, 0.00624780217186, 0.00324302678928, 0.00170966458973, 0.00216902117245, 0.00105912028812, 0.000748672173359, 0.000597805250436, 0.000500289665069, 0.000386658095522, 0.000344869680703, 0.00035130494507, 0.000383788428735, 0.000364155130228, 0.000332968542352, 0.0005846786662, 0.000318681268254, 0.000279851083178, 0.00012785565923, 0.000128183557536, 0.000127016275655, 5.09680539835e-05, 1.75649183802e-05, 2.4134064347e-07], "median": [0.000134020883706, 0.0067071551457, 0.00401381170377, 0.00312913674861, 0.00407189782709, 0.00178353569936, 0.000917965895496, 0.000864871544763, 0.000598190585151, 0.00034420346492, 0.000267165247351, 0.000144528254168, 0.000127930921735, 0.000122056386317, 0.000226566073252, 0.000260310102021, 0.000270621560048, 0.00023175503884, 0.00038715309347, 0.000220130532398, 0.000161870702868, 9.57969532465e-05, 7.17687944416e-05, 4.98264053022e-05, 2.58850377577e-05, 6.17287969362e-06, 1.07889476908e-07], "min": [1.53585891858e-22, 4.52032981246e-23, 3.9953255251e-23, 5.81850945258e-24, 1.46059900076e-23, 4.80639444252e-23, 3.92298832115e-24, 3.24778957172e-23, 9.91020522354e-23, 6.47846654159e-23, 7.74913024001e-23, 9.40501365112e-23, 7.50018908861e-23, 6.05200265643e-23, 1.43195495642e-22, 1.999128403e-22, 8.72213526188e-23, 2.48585368826e-22, 1.75269759633e-22, 3.11474193227e-22, 4.4934794485e-22, 6.01794746804e-22, 5.76461280315e-22, 9.06642861837e-22, 1.25869282885e-21, 1.82610459979e-21, 2.61835056395e-21], "var": [7.99286112851e-07, 5.27510928805e-05, 3.54617259291e-05, 2.14224128285e-05, 4.85934979224e-05, 2.00627582672e-05, 8.76001286088e-06, 1.13538972073e-05, 2.02815613193e-06, 1.6442714923e-06, 1.52058487402e-06, 1.19389460451e-06, 9.52312802838e-07, 7.14954637715e-07, 2.20240579552e-07, 1.96520289819e-07, 1.25534810991e-07, 1.04406829848e-07, 4.25471256449e-07, 9.74351408445e-08, 1.06607238592e-07, 1.82001489435e-08, 2.71098947735e-08, 5.31489270372e-08, 8.61495408344e-09, 8.93326523865e-10, 1.4856266716e-13]}, "erbbands": {"dmean": [0.133557379246, 1.06270730495, 3.09421277046, 6.87720108032, 15.2098016739, 10.9330444336, 10.9333086014, 16.8242816925, 15.2378177643, 21.3404350281, 21.1787109375, 14.1118831635, 14.3419771194, 11.3764505386, 10.7746515274, 10.9154090881, 9.63056564331, 9.52280139923, 7.54500007629, 8.24930763245, 8.61289024353, 7.4007229805, 6.51171779633, 11.2513179779, 10.0458974838, 4.59058141708, 4.20659351349, 4.05717325211, 1.79862976074, 2.24908804893, 1.02042913437, 1.58257269859, 0.468393325806, 0.256672471762, 0.134648159146, 0.0482881292701, 0.0199783090502, 0.00171594810672, 5.16046166013e-05, 1.40322435982e-05], "dmean2": [0.223578438163, 1.84777498245, 5.36939239502, 11.934510231, 26.098236084, 18.7640113831, 18.3712043762, 27.1551208496, 25.0388393402, 34.3373832703, 32.9283332825, 22.539182663, 22.8662109375, 18.0801086426, 17.2991580963, 17.4010009766, 15.219704628, 15.1057662964, 11.8868236542, 13.0473556519, 13.9936094284, 11.8643474579, 10.7964525223, 18.3602542877, 16.0264778137, 7.67352819443, 7.05023956299, 6.54355287552, 2.91282367706, 3.68486332893, 1.6726282835, 2.40479469299, 0.682653903961, 0.385838001966, 0.199209615588, 0.0745760425925, 0.0314654298127, 0.00275514181703, 8.38030973682e-05, 2.35458865063e-05], "dvar": [0.0421312190592, 2.23265314102, 18.6143398285, 69.4513702393, 565.053405762, 283.123779297, 270.790771484, 826.043212891, 1141.24682617, 1771.96362305, 2004.65429688, 567.424499512, 696.661315918, 762.388793945, 688.889587402, 654.60333252, 794.172912598, 812.368713379, 236.702774048, 179.507232666, 168.053619385, 103.628974915, 88.8252639771, 389.75302124, 204.780853271, 38.2900810242, 44.0654563904, 51.0812187195, 7.34050559998, 15.0840806961, 2.65807056427, 10.890581131, 2.33240032196, 0.614613115788, 0.0815636813641, 0.0131088774651, 0.00284154294059, 2.83162626147e-05, 1.21763576999e-08, 2.49049059153e-10], "dvar2": [0.111551724374, 6.53379869461, 53.6352310181, 200.964859009, 1549.26672363, 779.941162109, 714.753295898, 2033.72802734, 2848.04907227, 4517.84277344, 4852.44921875, 1399.55358887, 1754.75793457, 1848.71972656, 1774.23193359, 1575.42663574, 1989.80212402, 2150.57324219, 535.854370117, 432.65512085, 407.304595947, 261.497375488, 236.754119873, 985.573974609, 507.262512207, 104.829879761, 117.977630615, 130.876113892, 18.4299888611, 40.0796813965, 6.7985458374, 24.7531166077, 4.21180057526, 1.26549303532, 0.165425539017, 0.032655838877, 0.00664581311867, 6.86876883265e-05, 3.02317673118e-08, 6.75468792011e-10], "max": [2.4218313694, 23.1611251831, 64.2217941284, 104.777046204, 281.172790527, 288.760864258, 376.666564941, 641.362426758, 966.657348633, 747.664672852, 1089.17907715, 510.053863525, 704.664672852, 762.039489746, 975.859680176, 671.052062988, 752.734008789, 823.532043457, 541.88470459, 327.719726562, 319.177398682, 188.793869019, 280.694671631, 580.514587402, 339.217651367, 108.334106445, 120.343238831, 137.629501343, 76.0632705688, 73.5261230469, 46.7253303528, 78.4397506714, 125.61328125, 52.0143280029, 7.31244802475, 3.02050471306, 1.06137692928, 0.109974719584, 0.00196122727357, 0.000280973385088], "mean": [0.264823466539, 1.84067976475, 5.53212404251, 11.9688405991, 21.5322914124, 18.2112236023, 18.9565505981, 29.898607254, 26.6242694855, 37.188369751, 39.9512519836, 27.4995040894, 26.9237136841, 22.248090744, 21.1602706909, 22.3088054657, 19.3952789307, 18.6484355927, 16.7332763672, 19.319606781, 21.0098342896, 18.9713001251, 17.7189121246, 28.3851203918, 26.66340065, 13.6711263657, 11.6201496124, 9.75013160706, 5.11201953888, 5.46679925919, 2.87461447716, 3.60188412666, 1.27327036858, 0.643244981766, 0.33611959219, 0.105177499354, 0.0315750986338, 0.00238537229598, 9.90182088572e-05, 5.06897013111e-05], "median": [0.204980373383, 1.46383452415, 4.22451305389, 9.54224967957, 13.7382259369, 11.755616188, 11.468214035, 15.7521829605, 14.645781517, 20.101436615, 14.8374853134, 16.1962471008, 12.5373897552, 10.3962144852, 9.89049339294, 7.36098051071, 6.71279430389, 6.95905590057, 9.54856300354, 13.5152988434, 15.7589015961, 14.6525993347, 12.7445640564, 17.7149658203, 18.2794189453, 9.96451377869, 7.1825056076, 5.66018009186, 3.68155527115, 3.02060651779, 1.83552265167, 1.2103843689, 0.653080224991, 0.334035038948, 0.153608560562, 0.0464462228119, 0.00847242213786, 0.000633936433587, 5.36383959115e-05, 5.004923878e-05], "min": [3.09061515791e-21, 5.42598372041e-21, 4.18007030695e-20, 2.82468188202e-20, 2.05391934933e-20, 7.84861729297e-20, 2.07906573689e-19, 4.0144703639e-19, 1.28581129092e-19, 4.18438024106e-19, 9.02875290022e-19, 2.22441688015e-18, 2.33083242518e-18, 1.66403272423e-18, 3.37842254978e-18, 4.6167191646e-18, 3.68238019883e-18, 3.27848279497e-18, 3.56282282181e-18, 1.08154725359e-17, 1.09310875701e-17, 6.72210599538e-18, 1.37851460608e-17, 8.07884970404e-18, 9.56992134033e-18, 1.59173471919e-17, 1.75943864006e-17, 2.04199543094e-17, 2.27049481074e-17, 1.7044039978e-17, 1.62848883534e-17, 1.62228448444e-17, 1.47005909806e-17, 1.30875077224e-17, 9.19343587479e-18, 6.50203045751e-18, 3.05842690264e-18, 1.61133377118e-18, 4.01490463372e-19, 3.52683188317e-20], "var": [0.0603623464704, 2.61600184441, 27.4203605652, 101.06186676, 606.553955078, 489.09387207, 561.163879395, 2011.95373535, 2242.12402344, 3159.25146484, 4829.60791016, 1299.27880859, 1505.13745117, 1996.95874023, 1577.78430176, 1917.98266602, 2160.0234375, 2084.25292969, 663.447753906, 564.645629883, 462.023101807, 330.297180176, 275.272460938, 1188.8260498, 783.392456055, 158.062545776, 160.78062439, 148.126571655, 30.3095798492, 47.8198280334, 12.1637525558, 37.0112724304, 9.23295783997, 1.99436700344, 0.359392374754, 0.0271915215999, 0.00380046851933, 2.87778329948e-05, 1.53890837851e-08, 5.26932275591e-10]}, "gfcc": {"mean": [10.3468456268, 112.832763672, -109.881309509, 47.7196464539, -56.0306587219, 6.16375827789, -35.1828689575, 12.0734138489, -21.5532779694, -0.254854172468, -14.557972908, -3.24309492111, -10.7267017365], "cov": [[17271.3671875, -502.187072754, -789.709655762, 1183.99121094, -1202.61572266, 770.712463379, -573.609741211, 387.903320312, -385.290344238, 181.650756836, -136.435150146, 161.466445923, -31.8682060242], [-502.187072754, 1667.77612305, -343.786315918, -279.332427979, 486.952819824, -549.075805664, 204.424087524, -239.202697754, 85.7768096924, -190.623565674, 56.1342811584, -147.973114014, 26.8856906891], [-789.709655762, -343.786315918, 774.56048584, 11.8272476196, 82.8652648926, 272.994842529, -90.4913482666, 168.313949585, 22.5299720764, 121.243598938, -43.1503639221, 81.6567993164, -39.491973877], [1183.99121094, -279.332427979, 11.8272476196, 329.120025635, -147.649429321, 133.330718994, -68.055480957, 35.6412239075, -6.13861465454, 18.6343097687, -6.93306064606, 15.6320781708, 40.2065162659], [-1202.61572266, 486.952819824, 82.8652648926, -147.649429321, 418.29800415, -169.371185303, 84.4321517944, -51.549079895, 41.8862876892, -21.0150814056, 9.19648742676, -29.3568096161, -1.56624054909], [770.712463379, -549.075805664, 272.994842529, 133.330718994, -169.371185303, 402.274597168, -54.4883651733, 149.069274902, -21.6603851318, 88.0388793945, -9.24695968628, 61.7261886597, -20.0736427307], [-573.609741211, 204.424087524, -90.4913482666, -68.055480957, 84.4321517944, -54.4883651733, 157.89012146, -25.036813736, 10.4866638184, -43.4733963013, 22.7427368164, -22.0235805511, 2.75145697594], [387.903320312, -239.202697754, 168.313949585, 35.6412239075, -51.549079895, 149.069274902, -25.036813736, 151.815460205, 10.1849479675, 55.9708900452, -14.6793956757, 41.3424377441, -14.5570926666], [-385.290344238, 85.7768096924, 22.5299720764, -6.13861465454, 41.8862876892, -21.6603851318, 10.4866638184, 10.1849479675, 89.3521270752, 10.5920372009, 15.2605295181, -15.5293703079, 8.06129169464], [181.650756836, -190.623565674, 121.243598938, 18.6343097687, -21.0150814056, 88.0388793945, -43.4733963013, 55.9708900452, 10.5920372009, 95.6890106201, 5.28256702423, 31.6387176514, -17.2690906525], [-136.435150146, 56.1342811584, -43.1503639221, -6.93306064606, 9.19648742676, -9.24695968628, 22.7427368164, -14.6793956757, 15.2605295181, 5.28256702423, 64.8693237305, 7.10395812988, 9.28043460846], [161.466445923, -147.973114014, 81.6567993164, 15.6320781708, -29.3568096161, 61.7261886597, -22.0235805511, 41.3424377441, -15.5293703079, 31.6387176514, 7.10395812988, 65.6564407349, 5.36068630219], [-31.8682060242, 26.8856906891, -39.491973877, 40.2065162659, -1.56624054909, -20.0736427307, 2.75145697594, -14.5570926666, 8.06129169464, -17.2690906525, 9.28043460846, 5.36068630219, 55.2346038818]], "icov": [[0.000374971219571, -0.00108929886483, 0.000996792921796, -0.00117830443196, 0.000622117193416, -0.00100738345645, 0.00117364723701, -0.00122360954992, 0.00147236220073, -0.00127464393154, 0.00110548594967, -0.00117775367107, 0.00090271740919], [-0.00108929886483, 0.00499431276694, -0.00289288139902, 0.00367159768939, -0.0030312105082, 0.00408358499408, -0.00370285427198, 0.00368551420979, -0.00490476191044, 0.00544684473425, -0.00445248372853, 0.0048060673289, -0.00254615629092], [0.000996792921796, -0.00289288139902, 0.0055568353273, -0.00282660522498, -3.03286760754e-05, -0.00456560309976, 0.00443858280778, -0.00399459619075, 0.00280705606565, -0.00389116047882, 0.00465423893183, -0.00514982966706, 0.00317140598781], [-0.00117830443196, 0.00367159768939, -0.00282660522498, 0.00851277541369, -0.00138152041472, 0.00167268223595, -0.00230607227422, 0.00390449725091, -0.00486353039742, 0.00410833628848, -0.00325035327114, 0.00502542452887, -0.00691932905465], [0.000622117193416, -0.0030312105082, -3.03286760754e-05, -0.00138152041472, 0.00632987078279, -0.000252833269769, -3.08862945531e-05, -0.00147516350262, 0.0023636019323, -0.00413066521287, 0.00238808663562, -0.0017705631908, 0.000652896298561], [-0.00100738345645, 0.00408358499408, -0.00456560309976, 0.00167268223595, -0.000252833269769, 0.0101149519905, -0.0049153980799, 0.000197634944925, -0.00239752815105, 0.00262182368897, -0.00518739130348, 0.00441602244973, -0.00147243705578], [0.00117364723701, -0.00370285427198, 0.00443858280778, -0.00230607227422, -3.08862945531e-05, -0.0049153980799, 0.0135900229216, -0.00527543947101, 0.00424786703661, 5.54123580514e-05, 0.000615867727902, -0.00305410707369, 0.00306742195971], [-0.00122360954992, 0.00368551420979, -0.00399459619075, 0.00390449725091, -0.00147516350262, 0.000197634944925, -0.00527543947101, 0.0175538621843, -0.00851057935506, 0.00184778484982, 0.000230449993978, -0.00112935435027, -0.00138837157283], [0.00147236220073, -0.00490476191044, 0.00280705606565, -0.00486353039742, 0.0023636019323, -0.00239752815105, 0.00424786703661, -0.00851057935506, 0.0215198360384, -0.00886992737651, 7.50131512177e-05, 0.0024951081723, -0.000643363338895], [-0.00127464393154, 0.00544684473425, -0.00389116047882, 0.00410833628848, -0.00413066521287, 0.00262182368897, 5.54123580514e-05, 0.00184778484982, -0.00886992737651, 0.0253782235086, -0.00858863536268, 0.000187243218534, 0.0028144675307], [0.00110548594967, -0.00445248372853, 0.00465423893183, -0.00325035327114, 0.00238808663562, -0.00518739130348, 0.000615867727902, 0.000230449993978, 7.50131512177e-05, -0.00858863536268, 0.0247942339629, -0.0103579545394, 0.000854553247336], [-0.00117775367107, 0.0048060673289, -0.00514982966706, 0.00502542452887, -0.0017705631908, 0.00441602244973, -0.00305410707369, -0.00112935435027, 0.0024951081723, 0.000187243218534, -0.0103579545394, 0.0313935428858, -0.0105620073155], [0.00090271740919, -0.00254615629092, 0.00317140598781, -0.00691932905465, 0.000652896298561, -0.00147243705578, 0.00306742195971, -0.00138837157283, -0.000643363338895, 0.0028144675307, 0.000854553247336, -0.0105620073155, 0.0279890466481]]}, "melbands": {"dmean": [0.00123692012858, 0.00146021088585, 0.00140414829366, 0.000912149320357, 0.000406363484217, 0.000364101666491, 0.000226991251111, 0.000244683411438, 0.000152985710884, 8.80909938132e-05, 7.10808380973e-05, 4.66394740215e-05, 4.25268481195e-05, 3.19882747135e-05, 2.26048468903e-05, 2.08429337363e-05, 1.95105913008e-05, 1.23189784063e-05, 1.34481651912e-05, 1.50560745169e-05, 1.10461942313e-05, 9.03651744011e-06, 6.59341594655e-06, 7.36040146876e-06, 1.04158634713e-05, 9.45971532929e-06, 6.09056314715e-06, 3.01162162941e-06, 2.68240682999e-06, 2.93783978123e-06, 2.24425230044e-06, 1.20387323932e-06, 9.53372875756e-07, 1.39609346661e-06, 6.96200629591e-07, 5.76453714984e-07, 1.24220468933e-06, 3.19242019486e-07, 2.83484325792e-07, 2.11515896353e-07], "dmean2": [0.0021090216469, 0.00253265444189, 0.00242960685864, 0.00154861609917, 0.000690248503815, 0.000586882815696, 0.000373007525923, 0.00039185732021, 0.000237488959101, 0.000141424068715, 0.000113533642434, 7.44978606235e-05, 6.82084209984e-05, 5.19121749676e-05, 3.57530989277e-05, 3.28547939716e-05, 3.11887233693e-05, 1.94656404346e-05, 2.14306346606e-05, 2.45360224653e-05, 1.81111627171e-05, 1.45122221511e-05, 1.08503299998e-05, 1.22248475236e-05, 1.70383354998e-05, 1.53566579684e-05, 9.75463535724e-06, 5.11496182298e-06, 4.5204219532e-06, 4.84243400933e-06, 3.65331652574e-06, 1.97956273951e-06, 1.53004816639e-06, 2.31102126236e-06, 1.16696992336e-06, 9.02143085568e-07, 1.89082106772e-06, 4.73489279784e-07, 4.28254509188e-07, 3.25662455225e-07], "dvar": [3.20438675772e-06, 3.94734115616e-06, 2.83194117401e-06, 2.25471967497e-06, 3.30713874064e-07, 3.64834079392e-07, 2.25489287686e-07, 2.12255599763e-07, 1.03409057317e-07, 2.1417257301e-08, 1.74439183098e-08, 1.29192896381e-08, 1.05845145981e-08, 7.07917813259e-09, 4.07108213807e-09, 4.39457314982e-09, 3.18656545595e-09, 7.8783385371e-10, 4.64857874416e-10, 5.96186933155e-10, 2.67888211614e-10, 1.65906829941e-10, 8.16015727212e-11, 1.14697140674e-10, 3.5880293181e-10, 1.94839311352e-10, 8.98528126902e-11, 1.83708222246e-11, 1.56124505685e-11, 2.40920096373e-11, 1.56725101647e-11, 3.58238026917e-12, 1.87914679477e-12, 6.15894011138e-12, 1.30106765205e-12, 1.20624875106e-12, 7.14491269968e-12, 1.23589701841e-12, 1.09874576885e-12, 3.71583081145e-13], "dvar2": [8.83980737854e-06, 1.13729238365e-05, 8.14432951302e-06, 6.12442045167e-06, 9.12039126888e-07, 9.08993513349e-07, 5.68746088447e-07, 5.41176063962e-07, 2.49081921311e-07, 5.29048200804e-08, 4.37903366901e-08, 3.14099430909e-08, 2.61842014737e-08, 1.88347666352e-08, 9.86544979042e-09, 1.0977544207e-08, 8.45843395325e-09, 1.80909232039e-09, 1.1048446602e-09, 1.53217794008e-09, 6.59980903261e-10, 4.169475043e-10, 2.20934423534e-10, 3.01707492323e-10, 9.03252028728e-10, 4.90978480094e-10, 2.23759274998e-10, 5.14945378005e-11, 4.30623071923e-11, 6.30808807967e-11, 4.0682776592e-11, 9.29507859571e-12, 4.66104802324e-12, 1.67255150701e-11, 3.50779344807e-12, 2.88760682032e-12, 1.63902034306e-11, 2.21221261795e-12, 2.35382199842e-12, 8.01988954847e-13], "max": [0.0212989877909, 0.0344543196261, 0.0172279383987, 0.0149607863277, 0.0128057021648, 0.0127394506708, 0.0128927733749, 0.00785980187356, 0.0080795250833, 0.00277585629374, 0.00373764429241, 0.00315164402127, 0.00285095977597, 0.00263927644119, 0.0016128445277, 0.00222922093235, 0.00149382126983, 0.000887013738975, 0.000571399286855, 0.000674601469655, 0.000369915680494, 0.000251142831985, 0.00019995533512, 0.000238913620706, 0.000570366566535, 0.000281843473203, 0.000201060480322, 6.00782295805e-05, 7.94073930592e-05, 9.17572833714e-05, 7.123863179e-05, 5.53882528038e-05, 3.68564469682e-05, 4.3676016503e-05, 3.1591142033e-05, 2.52928839473e-05, 6.16944162175e-05, 8.76238773344e-05, 7.67950114096e-05, 3.50348927896e-05], "mean": [0.00237422250211, 0.00279395119287, 0.00249240314588, 0.00142297637649, 0.000723490025848, 0.000659306941088, 0.000395132927224, 0.00043344401638, 0.000289027142571, 0.000165719844517, 0.000128689935082, 8.65600450197e-05, 7.60832772357e-05, 6.1732265749e-05, 4.53990687674e-05, 3.83783844882e-05, 3.4699216485e-05, 2.53964572039e-05, 2.65082380793e-05, 2.85180503852e-05, 2.43599370151e-05, 2.08204419323e-05, 1.52699176397e-05, 1.75261066033e-05, 2.34374983847e-05, 2.18834957195e-05, 1.49371571752e-05, 7.58975011195e-06, 6.75404226058e-06, 7.37802110962e-06, 4.78321908304e-06, 2.89162062472e-06, 2.51609753832e-06, 3.11345911541e-06, 1.64591449447e-06, 1.42258409142e-06, 2.55646295955e-06, 8.00015016011e-07, 6.62201330215e-07, 4.83318046918e-07], "median": [0.00190497329459, 0.00227172672749, 0.00201943796128, 0.000955008727033, 0.000441900338046, 0.000351048714947, 0.000221888709348, 0.000221703827265, 0.000107242522063, 9.72972775344e-05, 5.73100915062e-05, 3.76485404558e-05, 3.45754378941e-05, 2.12301929423e-05, 1.42389726534e-05, 1.26772574731e-05, 1.2219121345e-05, 1.29039544845e-05, 1.70155581145e-05, 1.78004265763e-05, 1.77942747541e-05, 1.50041578308e-05, 1.14810100058e-05, 1.17254330689e-05, 1.36338730954e-05, 1.44978967e-05, 9.56807889452e-06, 5.30107081431e-06, 4.47426646133e-06, 3.8637108446e-06, 2.83788745037e-06, 1.95761299437e-06, 1.74652768692e-06, 1.58689022101e-06, 1.11374822609e-06, 6.76172703606e-07, 7.66431696775e-07, 4.2291645741e-07, 3.14382589295e-07, 2.51860228673e-07], "min": [2.66379300368e-23, 1.6163674751e-23, 5.09209280447e-24, 3.10885783456e-24, 6.50328765554e-24, 8.90663168382e-24, 1.6870539876e-24, 5.76210550343e-24, 8.91871545516e-24, 1.43076570127e-23, 1.18426567994e-23, 6.62933618971e-24, 9.75677998162e-24, 1.22225643227e-23, 8.61017065588e-24, 7.8952922818e-24, 5.71454862933e-24, 4.5646339764e-24, 1.20505816013e-23, 1.5335594837e-23, 1.15703893465e-23, 6.1148486015e-24, 1.23475348784e-23, 9.27254718128e-24, 5.92286549515e-24, 7.65666106911e-24, 6.75519184739e-24, 1.12581416342e-23, 1.0737548657e-23, 1.04295623712e-23, 1.20129063933e-23, 1.40426975673e-23, 1.0089614597e-23, 9.3929257777e-24, 8.87063753843e-24, 1.05116756917e-23, 9.7661169393e-24, 8.78851396275e-24, 1.26140523241e-23, 1.11281752223e-23], "var": [4.26932456321e-06, 5.60947410122e-06, 3.97048916057e-06, 2.50110974775e-06, 7.77904062943e-07, 9.01550322396e-07, 4.34045404063e-07, 4.1166552478e-07, 2.50639033084e-07, 4.7545178461e-08, 3.74007100845e-08, 3.39049641696e-08, 2.21463505312e-08, 1.59991948578e-08, 1.01145900544e-08, 1.09438405005e-08, 7.80703768299e-09, 2.32136510014e-09, 1.26527599509e-09, 1.30714927771e-09, 6.50524301093e-10, 4.79276840437e-10, 2.1370563652e-10, 3.28277988126e-10, 9.94544224753e-10, 5.66508173705e-10, 2.97262103821e-10, 5.46706777071e-11, 5.15071214846e-11, 8.47216186095e-11, 3.75124861729e-11, 1.11518702259e-11, 7.37970708847e-12, 1.75543694164e-11, 3.95295168126e-12, 4.62712637303e-12, 2.0744838139e-11, 4.70009708237e-12, 3.15488845985e-12, 1.06625819285e-12]}, "mfcc": {"mean": [-623.011474609, 130.588088989, 7.11918640137, 39.5232467651, 5.58013010025, 0.196665510535, -0.920328736305, 5.46030235291, -1.1017036438, 4.60730075836, -2.16467666626, -1.79849874973, 0.198406860232], "cov": [[8305.703125, -664.131225586, 86.7218475342, 124.368515015, -367.92868042, 163.288757324, -26.0456256866, 170.963989258, -56.9971313477, 60.3338661194, -22.9687194824, 79.5550231934, -29.3630943298], [-664.131225586, 1416.88818359, -421.202453613, 153.298110962, 177.224411011, -132.124862671, 68.0188674927, -36.7066116333, -14.6419353485, -22.6897621155, 3.70939397812, -71.7263793945, 26.7492294312], [86.7218475342, -421.202453613, 565.180847168, -45.5863723755, 71.9526519775, 129.328414917, -16.133764267, 63.7134971619, 60.991481781, 45.5849456787, 34.9957771301, 41.1825332642, 43.9311943054], [124.368515015, 153.298110962, -45.5863723755, 209.399002075, 53.3628768921, -6.3897190094, -13.8309431076, -12.1151809692, 12.963344574, -0.160014227033, -20.2022304535, -18.9995422363, -4.4887509346], [-367.92868042, 177.224411011, 71.9526519775, 53.3628768921, 218.190383911, 27.7488765717, -0.461937904358, -10.4372673035, 27.299987793, 24.7915687561, 20.3758525848, -27.1415748596, 38.1168899536], [163.288757324, -132.124862671, 129.328414917, -6.3897190094, 27.7488765717, 134.32598877, 34.0931472778, 30.6333045959, 16.4125442505, 19.4111156464, 22.6441745758, 25.1363430023, -2.0263736248], [-26.0456256866, 68.0188674927, -16.133764267, -13.8309431076, -0.461937904358, 34.0931472778, 106.222213745, 37.6809463501, 5.72735309601, -5.34484863281, 10.653719902, 14.7488679886, -6.10975456238], [170.963989258, -36.7066116333, 63.7134971619, -12.1151809692, -10.4372673035, 30.6333045959, 37.6809463501, 97.8977432251, 33.591178894, 13.3750572205, 10.4574604034, 17.2079334259, 15.0697183609], [-56.9971313477, -14.6419353485, 60.991481781, 12.963344574, 27.299987793, 16.4125442505, 5.72735309601, 33.591178894, 70.6567382812, 28.3957443237, 7.54421186447, 0.498084843159, 11.0027151108], [60.3338661194, -22.6897621155, 45.5849456787, -0.160014227033, 24.7915687561, 19.4111156464, -5.34484863281, 13.3750572205, 28.3957443237, 63.4085502625, 26.6015968323, 6.8564081192, 9.72929763794], [-22.9687194824, 3.70939397812, 34.9957771301, -20.2022304535, 20.3758525848, 22.6441745758, 10.653719902, 10.4574604034, 7.54421186447, 26.6015968323, 67.155128479, 20.9192905426, 13.761879921], [79.5550231934, -71.7263793945, 41.1825332642, -18.9995422363, -27.1415748596, 25.1363430023, 14.7488679886, 17.2079334259, 0.498084843159, 6.8564081192, 20.9192905426, 65.2300415039, 10.6815061569], [-29.3630943298, 26.7492294312, 43.9311943054, -4.4887509346, 38.1168899536, -2.0263736248, -6.10975456238, 15.0697183609, 11.0027151108, 9.72929763794, 13.761879921, 10.6815061569, 73.037147522]], "icov": [[0.000155322937644, 3.22485502693e-05, 2.25903913815e-05, -0.000218390618102, 0.000303603912471, -0.000235924046137, 0.000130434535095, -0.000333489471814, 0.000367966335034, -0.000304952205624, 7.17386428732e-05, 6.64400940877e-05, -9.96913804556e-05], [3.22485502693e-05, 0.00138033588883, 0.000920490070712, -0.00061625248054, -0.00120542373043, 0.000955274328589, -0.00106746703386, -0.00023781429627, 0.000146286110976, 0.000146037200466, -0.000584725232329, 0.000398356089136, -0.00045831972966], [2.25903913815e-05, 0.000920490070712, 0.00358284520917, 0.000415622955188, -0.00157335633412, -0.0019648661837, 0.0012348741293, -0.00127659365535, -0.00128979200963, 0.000191856452147, -0.000114959839266, -0.000803293136414, -0.00101636641193], [-0.000218390618102, -0.00061625248054, 0.000415622955188, 0.00626363465562, -0.00171480525751, -0.000569547933992, 0.00129849731456, 0.000467282836325, -0.00191153865308, 0.000447584345238, 0.00207187444903, -0.000636419455986, 0.00109522091225], [0.000303603912471, -0.00120542373043, -0.00157335633412, -0.00171480525751, 0.00915237143636, -0.0027601858601, -0.000226359159569, 0.00227327691391, -0.000870846328326, -0.00168062571902, -0.00149783166125, 0.00443147169426, -0.00394732831046], [-0.000235924046137, 0.000955274328589, -0.0019648661837, -0.000569547933992, -0.0027601858601, 0.0132522946224, -0.00447924993932, -0.000649956404231, 0.000605193257798, -0.00103230669629, -0.00158084998839, -0.00253614992835, 0.00298483180813], [0.000130434535095, -0.00106746703386, 0.0012348741293, 0.00129849731456, -0.000226359159569, -0.00447924993932, 0.0146460495889, -0.00572767434642, -0.000148974737385, 0.00283450540155, -0.00086738972459, -0.002302513225, 0.00232628616504], [-0.000333489471814, -0.00023781429627, -0.00127659365535, 0.000467282836325, 0.00227327691391, -0.000649956404231, -0.00572767434642, 0.0173338185996, -0.00734664639458, 0.000164227429195, 2.24576906476e-05, -0.000410584558267, -0.00336975161918], [0.000367966335034, 0.000146286110976, -0.00128979200963, -0.00191153865308, -0.000870846328326, 0.000605193257798, -0.000148974737385, -0.00734664639458, 0.0230520796031, -0.00897274073213, 0.00196734699421, 0.00150506559294, -0.000140921314596], [-0.000304952205624, 0.000146037200466, 0.000191856452147, 0.000447584345238, -0.00168062571902, -0.00103230669629, 0.00283450540155, 0.000164227429195, -0.00897274073213, 0.0246817898005, -0.00846018735319, -0.000337664008839, 0.000495014013723], [7.17386428732e-05, -0.000584725232329, -0.000114959839266, 0.00207187444903, -0.00149783166125, -0.00158084998839, -0.00086738972459, 2.24576906476e-05, 0.00196734699421, -0.00846018735319, 0.0219770148396, -0.00582973146811, -0.00135766563471], [6.64400940877e-05, 0.000398356089136, -0.000803293136414, -0.000636419455986, 0.00443147169426, -0.00253614992835, -0.002302513225, -0.000410584558267, 0.00150506559294, -0.000337664008839, -0.00582973146811, 0.0220863763243, -0.00447947019711], [-9.96913804556e-05, -0.00045831972966, -0.00101636641193, 0.00109522091225, -0.00394732831046, 0.00298483180813, 0.00232628616504, -0.00336975161918, -0.000140921314596, 0.000495014013723, -0.00135766563471, -0.00447947019711, 0.0183970388025]]}, "spectral_contrast_coeffs": {"dmean": [0.0524858981371, 0.0458955727518, 0.035729251802, 0.0281952656806, 0.020521344617, 0.0159880630672], "dmean2": [0.0887524113059, 0.075752466917, 0.0588217079639, 0.0462276376784, 0.0328479148448, 0.0258141793311], "dvar": [0.00186887953896, 0.00134726532269, 0.000816289393697, 0.000509845733177, 0.000312159914756, 0.000230896781432], "dvar2": [0.0051968912594, 0.00368563039228, 0.00222451635636, 0.00130556558724, 0.000723929842934, 0.000577313476242], "max": [-0.292552769184, -0.462643355131, -0.510200083256, -0.581611275673, -0.587381720543, -0.545274198055], "mean": [-0.637464344501, -0.7273889184, -0.762162685394, -0.778386592865, -0.779700696468, -0.744815468788], "median": [-0.644171774387, -0.733354628086, -0.765659630299, -0.78370821476, -0.78551864624, -0.743111252785], "min": [-0.968451678753, -0.970251023769, -0.963489949703, -0.959418416023, -0.959198892117, -0.965156555176], "var": [0.00605089310557, 0.00477577885613, 0.00311321602203, 0.00227748812176, 0.00205073854886, 0.00248942989856]}, "spectral_contrast_valleys": {"dmean": [0.345354259014, 0.322272717953, 0.273811489344, 0.240321591496, 0.200723290443, 0.237196490169], "dmean2": [0.590522408485, 0.538653552532, 0.450525254011, 0.383581936359, 0.304709404707, 0.323684871197], "dvar": [0.0926405489445, 0.0842809453607, 0.0631278678775, 0.0581953898072, 0.0590567775071, 0.106634624302], "dvar2": [0.238769650459, 0.210333630443, 0.146121039987, 0.117031209171, 0.10539971292, 0.184851527214], "max": [-5.21675777435, -4.689453125, -5.29270553589, -5.85571575165, -5.88352155685, -7.81177568436], "mean": [-6.61860847473, -6.41130304337, -7.2943