{"lowlevel": {"average_loudness": 0.775791406631, "barkbands_crest": {"dmean": 2.71735405922, "dmean2": 4.22854089737, "dvar": 7.56189489365, "dvar2": 17.8584899902, "max": 26.4483470917, "mean": 11.5420207977, "median": 10.7149934769, "min": 2.85703277588, "var": 18.3591594696}, "barkbands_flatness_db": {"dmean": 0.0308461803943, "dmean2": 0.0434240140021, "dvar": 0.000861420703586, "dvar2": 0.00176423508674, "max": 0.415632873774, "mean": 0.192697405815, "median": 0.187075704336, "min": 0.0255002845079, "var": 0.00353539176285}, "barkbands_kurtosis": {"dmean": 3.69064092636, "dmean2": 5.57798719406, "dvar": 56.5927658081, "dvar2": 136.230072021, "max": 282.108642578, "mean": 5.78615188599, "median": 3.38423347473, "min": -1.88077485561, "var": 106.404464722}, "barkbands_skewness": {"dmean": 0.566027879715, "dmean2": 0.815027654171, "dvar": 0.413568198681, "dvar2": 0.934272706509, "max": 14.0442228317, "mean": 1.81483209133, "median": 1.67368352413, "min": -2.05988550186, "var": 1.26961016655}, "barkbands_spread": {"dmean": 2.87786531448, "dmean2": 4.32054901123, "dvar": 12.2714700699, "dvar2": 29.6172904968, "max": 112.348297119, "mean": 10.9282073975, "median": 9.48684310913, "min": 0.300652891397, "var": 73.5210037231}, "dissonance": {"dmean": 0.0288754384965, "dmean2": 0.0464487597346, "dvar": 0.000640889571514, "dvar2": 0.00159477535635, "max": 0.5, "mean": 0.422708153725, "median": 0.427738904953, "min": 0.239817813039, "var": 0.00174040265847}, "dynamic_complexity": 3.82978248596, "erbbands_crest": {"dmean": 2.74884438515, "dmean2": 4.17637491226, "dvar": 6.94108819962, "dvar2": 15.8016271591, "max": 30.5161151886, "mean": 12.0726089478, "median": 11.0985984802, "min": 2.14323544502, "var": 23.0219135284}, "erbbands_flatness_db": {"dmean": 0.0298400837928, "dmean2": 0.0400085709989, "dvar": 0.000759140355512, "dvar2": 0.0014574896777, "max": 0.430960506201, "mean": 0.221436500549, "median": 0.217421129346, "min": 0.0328987725079, "var": 0.00366123626009}, "erbbands_kurtosis": {"dmean": 1.17442321777, "dmean2": 1.78398346901, "dvar": 4.28655195236, "dvar2": 9.65782928467, "max": 56.8283500671, "mean": 1.00285995007, "median": 0.185652017593, "min": -1.89720451832, "var": 9.57904148102}, "erbbands_skewness": {"dmean": 0.400366514921, "dmean2": 0.564238727093, "dvar": 0.155604600906, "dvar2": 0.333977222443, "max": 6.5361623764, "mean": 0.743468463421, "median": 0.690377056599, "min": -2.29390859604, "var": 0.645144879818}, "erbbands_spread": {"dmean": 5.18785381317, "dmean2": 7.49899244308, "dvar": 34.1562004089, "dvar2": 73.3795394897, "max": 119.462402344, "mean": 23.9187717438, "median": 22.578912735, "min": 1.91623473167, "var": 113.185531616}, "hfc": {"dmean": 4.85599851608, "dmean2": 6.34174537659, "dvar": 85.2767562866, "dvar2": 164.421035767, "max": 204.382629395, "mean": 11.0606889725, "median": 6.2718911171, "min": 1.15504946403e-16, "var": 198.814208984}, "melbands_crest": {"dmean": 2.93319892883, "dmean2": 4.62129068375, "dvar": 7.72023487091, "dvar2": 19.3168811798, "max": 31.8613967896, "mean": 14.0781488419, "median": 13.41152668, "min": 1.8840290308, "var": 20.0711669922}, "melbands_flatness_db": {"dmean": 0.0330847911537, "dmean2": 0.0463252030313, "dvar": 0.00104889925569, "dvar2": 0.00215915287845, "max": 0.539524078369, "mean": 0.258402019739, "median": 0.252725869417, "min": 0.00537800509483, "var": 0.00445578992367}, "melbands_kurtosis": {"dmean": 5.50133275986, "dmean2": 8.18914985657, "dvar": 79.4705886841, "dvar2": 184.440475464, "max": 176.820541382, "mean": 10.0012655258, "median": 6.70148468018, "min": -1.68144154549, "var": 152.191604614}, "melbands_skewness": {"dmean": 0.626871347427, "dmean2": 0.903100907803, "dvar": 0.473276227713, "dvar2": 1.07073748112, "max": 11.5219974518, "mean": 2.27340102196, "median": 2.10456371307, "min": -0.743705153465, "var": 1.4102858305}, "melbands_spread": {"dmean": 3.51652383804, "dmean2": 5.24383640289, "dvar": 18.8834896088, "dvar2": 43.8815689087, "max": 163.073669434, "mean": 13.0891962051, "median": 11.2175359726, "min": 0.456109732389, "var": 91.5969161987}, "pitch_salience": {"dmean": 0.0739214494824, "dmean2": 0.114925123751, "dvar": 0.00495122745633, "dvar2": 0.012107915245, "max": 0.839753746986, "mean": 0.524061083794, "median": 0.523296356201, "min": 0.11561691016, "var": 0.0122891319916}, "silence_rate_20dB": {"dmean": 0, "dmean2": 0, "dvar": 0, "dvar2": 0, "max": 1, "mean": 1, "median": 1, "min": 1, "var": 0}, "silence_rate_30dB": {"dmean": 0.00936714652926, "dmean2": 0.0187364332378, "dvar": 0.00927960686386, "dvar2": 0.0227266475558, "max": 1, "mean": 0.992233037949, "median": 1, "min": 0, "var": 0.0077069113031}, "silence_rate_60dB": {"dmean": 0.0514050722122, "dmean2": 0.102821886539, "dvar": 0.0487672016025, "dvar2": 0.108919434249, "max": 1, "mean": 0.112735576928, "median": 0, "min": 0, "var": 0.100016385317}, "spectral_centroid": {"dmean": 129.432983398, "dmean2": 190.954162598, "dvar": 35398.1054688, "dvar2": 65531.0195312, "max": 11672.3417969, "mean": 757.826843262, "median": 699.433166504, "min": 140.63369751, "var": 116857.148438}, "spectral_complexity": {"dmean": 2.48526382446, "dmean2": 3.55329608917, "dvar": 10.8663330078, "dvar2": 19.5492286682, "max": 54, "mean": 11.7527132034, "median": 11, "min": 0, "var": 40.4035835266}, "spectral_decrease": {"dmean": 2.17620099718e-09, "dmean2": 2.99644953294e-09, "dvar": 1.56713172079e-17, "dvar2": 3.30107202216e-17, "max": 2.15418407627e-18, "mean": -4.55191528914e-09, "median": -2.84408363527e-09, "min": -8.43495939762e-08, "var": 2.94653943377e-17}, "spectral_energy": {"dmean": 0.00861856155097, "dmean2": 0.0118090175092, "dvar": 0.000243571732426, "dvar2": 0.000508769124281, "max": 0.335380792618, "mean": 0.01818321459, "median": 0.0113231921569, "min": 1.05288411283e-20, "var": 0.000467883015517}, "spectral_energyband_high": {"dmean": 0.000126462866319, "dmean2": 0.000178628775757, "dvar": 1.20580267549e-07, "dvar2": 2.45560300982e-07, "max": 0.0090941907838, "mean": 0.000157694041263, "median": 3.37589335686e-05, "min": 7.78153601491e-21, "var": 1.71730277998e-07}, "spectral_energyband_low": {"dmean": 0.00157890818082, "dmean2": 0.00269887619652, "dvar": 3.0077104384e-05, "dvar2": 8.31119759823e-05, "max": 0.06062322855, "mean": 0.00218461616896, "median": 0.000449301005574, "min": 7.33544968805e-23, "var": 2.47494917858e-05}, "spectral_energyband_middle_high": {"dmean": 0.00133601739071, "dmean2": 0.00179175066296, "dvar": 8.33533158584e-06, "dvar2": 1.80035749509e-05, "max": 0.0607793852687, "mean": 0.00321769877337, "median": 0.00158866751008, "min": 1.5586127468e-21, "var": 1.99673104362e-05}, "spectral_energyband_middle_low": {"dmean": 0.00688712671399, "dmean2": 0.00962508376688, "dvar": 0.000182664589374, "dvar2": 0.000391987356124, "max": 0.296519517899, "mean": 0.0132282245904, "median": 0.00779809290543, "min": 2.3683669297e-22, "var": 0.000296693702694}, "spectral_entropy": {"dmean": 0.328012436628, "dmean2": 0.443714886904, "dvar": 0.095210917294, "dvar2": 0.178726449609, "max": 9.80138587952, "mean": 6.76442909241, "median": 6.76477861404, "min": 4.83120775223, "var": 0.379005461931}, "spectral_flux": {"dmean": 0.0262519977987, "dmean2": 0.039170101285, "dvar": 0.00106920441613, "dvar2": 0.00218830117956, "max": 0.402981489897, "mean": 0.0587323978543, "median": 0.0432001873851, "min": 1.02610142605e-10, "var": 0.00251343566924}, "spectral_kurtosis": {"dmean": 5.63877820969, "dmean2": 8.94902896881, "dvar": 57.3554992676, "dvar2": 133.546005249, "max": 134.972915649, "mean": 12.9143791199, "median": 9.07401847839, "min": -1.24882221222, "var": 135.166366577}, "spectral_rms": {"dmean": 0.000844744383357, "dmean2": 0.00109221797902, "dvar": 1.18265097626e-06, "dvar2": 2.29156421483e-06, "max": 0.0180886927992, "mean": 0.00369812222198, "median": 0.00332370516844, "min": 3.20500245267e-12, "var": 4.06355002269e-06}, "spectral_rolloff": {"dmean": 231.667221069, "dmean2": 394.157562256, "dvar": 219337.234375, "dvar2": 505513.28125, "max": 18583.1542969, "mean": 1002.08221436, "median": 861.328125, "min": 86.1328125, "var": 1445490}, "spectral_skewness": {"dmean": 0.481227219105, "dmean2": 0.738464474678, "dvar": 0.267180204391, "dvar2": 0.596624433994, "max": 9.34816074371, "mean": 2.56600618362, "median": 2.35320281982, "min": -0.0589021593332, "var": 0.835838258266}, "spectral_spread": {"dmean": 697485.3125, "dmean2": 979245, "dvar": 559424798720, "dvar2": 1042900058110.0, "max": 42701576, "mean": 3346939.5, "median": 3172905, "min": 765821.375, "var": 1903225470980.0}, "spectral_strongpeak": {"dmean": 0.460940897465, "dmean2": 0.716061890125, "dvar": 0.466101318598, "dvar2": 1.07570040226, "max": 11.4191417694, "mean": 1.13003158569, "median": 0.862708568573, "min": 0, "var": 1.09220206738}, "zerocrossingrate": {"dmean": 0.00609698938206, "dmean2": 0.00760994665325, "dvar": 5.32375815965e-05, "dvar2": 7.10369859007e-05, "max": 0.53076171875, "mean": 0.0399431362748, "median": 0.0361328125, "min": 0.0048828125, "var": 0.000880333594978}, "barkbands": {"dmean": [7.75278094807e-05, 0.00107616197783, 0.000382016150979, 0.000345277163433, 0.000672018853948, 0.00526353064924, 0.00123773131054, 0.000519169261679, 0.000289268995402, 0.00032260332955, 0.000223830298637, 0.000182200601557, 0.000339706486557, 0.000348339468474, 0.000147684724652, 0.000172033760464, 0.000110236185719, 5.7845885749e-05, 3.92376168747e-05, 3.19321225106e-05, 2.85670539597e-05, 2.87755956379e-05, 2.386025335e-05, 1.62690303114e-05, 1.35603477247e-05, 8.34508773551e-06, 3.15829606734e-06], "dmean2": [0.00014269213716, 0.00195863633417, 0.000584931694902, 0.00052168010734, 0.00103600358125, 0.00780796585605, 0.00178060482722, 0.000716188340448, 0.000400290853577, 0.000419079617132, 0.000325179833453, 0.000283073401079, 0.000506645592395, 0.000503959949128, 0.000223391136387, 0.000253598293057, 0.000180402494152, 8.62256201799e-05, 5.73075740249e-05, 4.66634483018e-05, 4.06440994993e-05, 4.16666007368e-05, 3.49282054231e-05, 2.39751170739e-05, 2.09105128306e-05, 1.35064628921e-05, 5.27186693944e-06], "dvar": [1.06413011736e-07, 2.24605500989e-05, 8.91018430593e-07, 4.59487409898e-07, 1.71056865383e-06, 0.000146086938912, 7.49836772229e-06, 1.66282586633e-06, 1.61687444233e-06, 6.98250403275e-07, 3.01100470779e-07, 3.98765735099e-07, 1.01539933439e-06, 1.00829720395e-06, 2.24538538873e-07, 2.39705627791e-07, 4.20828058623e-07, 2.25207301696e-08, 1.0270196249e-08, 7.14759451625e-09, 5.23710586009e-09, 6.93272017571e-09, 5.4796802651e-09, 2.85242740539e-09, 1.87856530331e-09, 8.68047522751e-10, 1.99346164576e-10], "dvar2": [3.06403848072e-07, 6.34497919236e-05, 2.15467116504e-06, 1.00068325537e-06, 3.88712442145e-06, 0.000330691458657, 1.64153352671e-05, 2.99998487208e-06, 3.2270650081e-06, 1.2187468883e-06, 6.39555821635e-07, 9.89217255665e-07, 2.49469758273e-06, 2.05663559427e-06, 5.26709243331e-07, 5.35372691957e-07, 1.1808247109e-06, 5.13164799543e-08, 2.21635225728e-08, 1.51455399333e-08, 1.07807336391e-08, 1.47386973737e-08, 1.19893881489e-08, 6.08522698897e-09, 4.51956116976e-09, 2.13663864379e-09, 5.1919163413e-10], "max": [0.00404437165707, 0.049772053957, 0.0174888968468, 0.0112898275256, 0.0514007583261, 0.27713856101, 0.0721407532692, 0.0315576381981, 0.0457779318094, 0.0285859629512, 0.0190798956901, 0.0151581196114, 0.0440008193254, 0.0327056236565, 0.0199525021017, 0.0125728463754, 0.0183605663478, 0.00350555637851, 0.0030541473534, 0.0023473855108, 0.00145324936602, 0.00231060758233, 0.00181805272587, 0.00195244059432, 0.00150589214172, 0.000753308238927, 0.000488907448016], "mean": [5.11835351062e-05, 0.000774078944232, 0.000866967195179, 0.000768386817072, 0.00136343599297, 0.00658118957654, 0.00224295305088, 0.00126435863785, 0.000777786073741, 0.000672665657476, 0.000399540993385, 0.000235061932472, 0.000529022829141, 0.000690577493515, 0.000237053289311, 0.000270278251264, 0.000129999432829, 8.99002625374e-05, 5.57185849175e-05, 4.34811263403e-05, 4.10100328736e-05, 3.19600258081e-05, 2.55655850196e-05, 1.76939629455e-05, 1.36951421155e-05, 7.01507815393e-06, 2.64677146333e-06], "median": [3.18194736337e-07, 2.68122348643e-05, 0.000143011260661, 0.000129634921905, 0.000789777259342, 0.0021943077445, 0.00102727278136, 0.000378704979084, 7.2128525062e-05, 0.000201126240427, 0.000136723174364, 5.10855825269e-05, 0.000158678594744, 0.000201470815227, 4.95791064168e-05, 4.85735581606e-05, 2.76805949397e-05, 2.25456442422e-05, 1.60245654115e-05, 7.85998327046e-06, 9.08784932108e-06, 5.65871732761e-06, 3.73733450942e-06, 2.45555384026e-06, 1.36332732836e-06, 5.76726961299e-07, 1.3990201353e-07], "min": [2.92997897002e-23, 4.90081036437e-23, 2.99623926287e-24, 9.81811076156e-24, 6.92949555534e-23, 2.09540420643e-23, 3.86982185716e-23, 1.44434199745e-23, 7.66360698938e-23, 4.83459337999e-23, 6.47711790498e-23, 4.52187377103e-23, 7.16720648289e-23, 9.4480658928e-23, 1.08046201355e-22, 1.88151807728e-22, 2.11176840016e-22, 1.50663067541e-22, 3.7891124882e-22, 3.41268396767e-22, 4.79632630545e-22, 7.77699974916e-22, 5.52180823228e-22, 7.45314823998e-22, 1.03171313591e-21, 1.78134071928e-21, 2.52861923895e-21], "var": [6.72188846806e-08, 1.39613312058e-05, 1.99623082153e-06, 1.64566847616e-06, 3.19075434163e-06, 0.000184903110494, 1.38107152452e-05, 5.35924300493e-06, 7.05541742718e-06, 2.56951716437e-06, 6.50933600355e-07, 4.52807000784e-07, 1.37604149586e-06, 2.63712149717e-06, 3.79651424964e-07, 4.62032801352e-07, 3.09014126287e-07, 3.94580546015e-08, 1.56868011914e-08, 1.03913437854e-08, 8.54343262802e-09, 8.71201777386e-09, 6.53998943889e-09, 3.42797190633e-09, 2.17658824297e-09, 7.65261132241e-10, 1.64835048388e-10]}, "erbbands": {"dmean": [0.0363890528679, 0.219142481685, 0.374755889177, 0.893285274506, 1.48509383202, 2.42831683159, 21.4134941101, 47.0048217773, 20.3556880951, 15.9112462997, 8.37985706329, 8.38723468781, 6.17146539688, 10.1231298447, 9.78801441193, 8.80042648315, 15.3966970444, 20.3540267944, 8.05146503448, 8.1014919281, 6.95461368561, 5.95904445648, 3.24613189697, 2.56734728813, 1.88850772381, 1.42668378353, 1.28738677502, 1.02557826042, 1.04105114937, 0.879121601582, 0.628650188446, 0.394240796566, 0.254828691483, 0.1702683568, 0.0853177607059, 0.0375664718449, 0.0157218948007, 0.00420411489904, 0.000547306612134, 3.12437841785e-05], "dmean2": [0.0678765922785, 0.391665577888, 0.595072329044, 1.33693611622, 2.31151199341, 3.83297157288, 32.3560142517, 70.2223968506, 29.0919933319, 22.8705215454, 11.3897752762, 11.29758358, 8.10885047913, 13.6673536301, 14.1322088242, 13.1552467346, 22.8144798279, 29.1935558319, 11.6843366623, 12.0702142715, 10.2329921722, 9.74297714233, 4.8941617012, 3.79375386238, 2.71337127686, 2.0490064621, 1.82229971886, 1.47563624382, 1.51076030731, 1.27933168411, 0.933844447136, 0.587799966335, 0.38011148572, 0.261099010706, 0.134655848145, 0.060115981847, 0.0256784185767, 0.0069961505942, 0.000912914227229, 4.83745570818e-05], "dvar": [0.0261782798916, 0.90821659565, 1.07677853107, 3.20440006256, 8.7782087326, 25.7278518677, 2593.40161133, 12294.1601562, 2082.67822266, 1083.76635742, 705.837463379, 1322.609375, 379.984100342, 746.563354492, 674.148010254, 803.79296875, 1997.53967285, 3228.78808594, 460.944854736, 535.984680176, 322.606811523, 1511.4329834, 96.6542129517, 36.2111816406, 26.3796405792, 12.9046621323, 9.25069713593, 8.72548770905, 9.11883449554, 6.80263853073, 4.05036020279, 1.76073479652, 0.680083990097, 0.312216252089, 0.0863346755505, 0.0152728958055, 0.003360663075, 0.000277209037449, 6.22842708253e-06, 1.6640520073e-08], "dvar2": [0.0753820389509, 2.53302955627, 2.79532670975, 6.66689443588, 19.8635540009, 62.919670105, 6016.09130859, 28614.1992188, 4604.34667969, 2331.22167969, 1209.49060059, 2565.90869141, 612.034240723, 1441.94555664, 1467.71728516, 1910.56054688, 4885.97460938, 6719.99072266, 979.744995117, 1170.73144531, 715.684753418, 4269.13818359, 234.479309082, 80.1102676392, 55.6312141418, 27.4725875854, 18.9580516815, 18.0629119873, 19.278465271, 14.9334526062, 9.00766944885, 3.94311690331, 1.44749689102, 0.730755925179, 0.21699757874, 0.0373640134931, 0.0083993030712, 0.000721587275621, 1.60862236953e-05, 4.374569329e-08], "max": [1.61573863029, 10.2825737, 18.0075855255, 27.5990562439, 89.0421218872, 235.13369751, 1188.81152344, 2509.82324219, 1111.87890625, 643.528320312, 807.625, 1325.06970215, 1115.01171875, 796.351074219, 967.990234375, 669.1640625, 1880.99414062, 1770.78076172, 872.032043457, 778.579467773, 362.272186279, 1157.63391113, 202.962036133, 188.817993164, 181.185256958, 98.7734603882, 63.446937561, 78.3034591675, 83.114440918, 57.1870765686, 46.20495224, 51.5448036194, 24.5158519745, 15.2180738449, 11.2161359787, 4.21799755096, 1.50981485844, 0.374198526144, 0.0944939032197, 0.00541277835146], "mean": [0.0230559986085, 0.177721977234, 0.758375704288, 2.27591896057, 2.64230465889, 4.46915102005, 28.7560482025, 57.4916000366, 33.931427002, 34.9908828735, 21.977394104, 23.720205307, 15.616276741, 19.364484787, 17.9278068542, 13.2030467987, 24.9540252686, 40.3840484619, 15.525967598, 13.9752645493, 11.3696699142, 6.99793481827, 5.05913162231, 3.95324277878, 2.51395606995, 2.09142255783, 1.94712555408, 1.27112734318, 1.16107940674, 0.958227336407, 0.664876997471, 0.415963381529, 0.277736753225, 0.183728292584, 0.078222244978, 0.0323445312679, 0.0129642309621, 0.00338742788881, 0.000475935987197, 4.10727006965e-05], "median": [0.000543516245671, 0.0151106901467, 0.175904139876, 0.400684326887, 1.14985370636, 2.82991790771, 9.94532394409, 17.183757782, 15.1909379959, 16.7933235168, 6.49574279785, 2.92287302017, 4.71089410782, 5.76139688492, 6.53167915344, 4.23764705658, 8.37834835052, 13.4872274399, 4.70411872864, 3.77505064011, 2.71175861359, 1.49210524559, 1.25324296951, 1.44522321224, 0.643120706081, 0.442672133446, 0.434276491404, 0.247471705079, 0.208945199847, 0.158115237951, 0.0978903844953, 0.0598981790245, 0.0324428342283, 0.0178309101611, 0.00833318382502, 0.00291821337305, 0.00102763518225, 0.000228134202189, 3.18127131322e-05, 1.59190003615e-05], "min": [2.78021401746e-21, 5.83599065442e-21, 4.8112847238e-21, 1.78055667484e-20, 1.46818432422e-19, 1.74518462239e-19, 2.98088130515e-19, 1.78950974175e-19, 5.53689111143e-19, 4.06050839336e-19, 5.65362335646e-19, 2.00484778361e-18, 1.15210987507e-18, 2.54658656474e-18, 2.12847985232e-18, 1.75487173454e-18, 3.54037065844e-18, 4.92735815825e-18, 3.885880278e-18, 6.57483269117e-18, 1.44141631499e-17, 1.0030727116e-17, 8.19504624623e-18, 8.29600281281e-18, 2.48390939401e-17, 1.82031780966e-17, 1.57873871915e-17, 2.59109711214e-17, 2.30437530145e-17, 1.92146396604e-17, 1.9433743261e-17, 1.66328898546e-17, 1.06465299948e-17, 8.71726935517e-18, 9.90767986395e-18, 6.76980412463e-18, 3.35461918689e-18, 1.27390343147e-18, 3.99654277509e-19, 3.3756216516e-20], "var": [0.0154614793137, 0.586863934994, 1.5716997385, 12.71600914, 15.6962251663, 34.8178443909, 3262.56323242, 15122.3085938, 3570.38427734, 2466.61743164, 2461.37524414, 6034.81640625, 2060.37329102, 1981.1730957, 1374.41931152, 1045.31384277, 2769.76904297, 8095.93701172, 1036.1295166, 1242.40759277, 622.130371094, 1056.93945312, 151.430999756, 57.8313026428, 36.7439804077, 20.4949054718, 16.7694721222, 12.1092624664, 11.4433135986, 8.3015794754, 4.67961454391, 1.93748414516, 0.847895860672, 0.40693628788, 0.0801979601383, 0.0140068754554, 0.00283855991438, 0.000220217683818, 5.39286929779e-06, 1.44708200978e-08]}, "gfcc": {"mean": [-78.7856445312, 113.948867798, -130.293426514, -8.42335224152, -65.7752380371, -11.1430606842, -51.2004470825, -14.7840032578, -23.1899166107, 3.01534056664, -8.17288208008, 0.167028903961, -10.8455123901], "cov": [[10169.8164062, -696.148254395, -275.050079346, 825.968688965, -322.245819092, 405.943084717, -229.933151245, 146.229598999, -109.279205322, 148.212417603, -173.432510376, -85.684463501, -136.850494385], [-696.148254395, 1482.39306641, -57.7795448303, -114.078208923, 331.426086426, -52.2093887329, 202.38822937, -42.3584213257, 154.635391235, -124.045310974, 50.1616020203, -110.751243591, 54.1204910278], [-275.050079346, -57.7795448303, 843.75793457, 368.158416748, 240.924438477, 257.802215576, 83.12525177, 87.5171813965, -54.0935020447, 24.9001464844, -85.1393203735, -17.6834030151, -95.0750427246], [825.968688965, -114.078208923, 368.158416748, 557.136535645, 155.281524658, 247.498596191, 68.8599853516, 61.2571182251, -26.7012805939, 12.17208004, -56.8229942322, -60.8255310059, -68.723197937], [-322.245819092, 331.426086426, 240.924438477, 155.281524658, 343.320800781, 132.133666992, 98.9544296265, 37.6399383545, 36.04322052, -11.9346618652, -22.9530239105, -62.2647857666, -27.0698413849], [405.943084717, -52.2093887329, 257.802215576, 247.498596191, 132.133666992, 270.191467285, 85.9086227417, 48.3704032898, -23.0109672546, 18.0939617157, -49.8833656311, -41.8721923828, -45.4917030334], [-229.933151245, 202.38822937, 83.12525177, 68.8599853516, 98.9544296265, 85.9086227417, 169.712173462, 62.5981330872, 34.5310211182, -28.0281505585, -18.0891838074, -30.0290393829, -5.48935413361], [146.229598999, -42.3584213257, 87.5171813965, 61.2571182251, 37.6399383545, 48.3704032898, 62.5981330872, 146.202209473, 51.8343696594, 7.34302854538, -47.2372322083, -29.4241199493, -27.0269069672], [-109.279205322, 154.635391235, -54.0935020447, -26.7012805939, 36.04322052, -23.0109672546, 34.5310211182, 51.8343696594, 126.606239319, 24.8339347839, 5.11100387573, -36.648525238, 1.95763480663], [148.212417603, -124.045310974, 24.9001464844, 12.17208004, -11.9346618652, 18.0939617157, -28.0281505585, 7.34302854538, 24.8339347839, 110.960838318, 28.5888156891, -6.62646198273, -21.5055809021], [-173.432510376, 50.1616020203, -85.1393203735, -56.8229942322, -22.9530239105, -49.8833656311, -18.0891838074, -47.2372322083, 5.11100387573, 28.5888156891, 110.687606812, 44.2178459167, 27.2326717377], [-85.684463501, -110.751243591, -17.6834030151, -60.8255310059, -62.2647857666, -41.8721923828, -30.0290393829, -29.4241199493, -36.648525238, -6.62646198273, 44.2178459167, 137.257537842, 52.8175506592], [-136.850494385, 54.1204910278, -95.0750427246, -68.723197937, -27.0698413849, -45.4917030334, -5.48935413361, -27.0269069672, 1.95763480663, -21.5055809021, 27.2326717377, 52.8175506592, 109.674911499]], "icov": [[0.000189043828868, -0.000215384308831, 0.000338005716912, -0.000422758981586, 0.000322083738865, -0.000408343825256, 0.000577360100579, -0.000481623312226, 0.000344624277204, -0.000403277750593, 0.000363740778994, -0.000252122525126, 0.000136480986839], [-0.000215384308831, 0.00206486857496, -0.000604928121902, 0.000954948714934, -0.00175600941293, 0.00109095708467, -0.00221295957454, 0.00221216003411, -0.00229304027744, 0.00244536576793, -0.00156892521773, 0.00166544679087, -0.000652288668789], [0.000338005716912, -0.000604928121902, 0.00308717414737, -0.00158504373394, -0.000599312596023, -0.00128051708452, 0.00109713640995, -0.00171424611472, 0.00200793519616, -0.00191959610675, 0.00200670771301, -0.00214370875619, 0.00147854583338], [-0.000422758981586, 0.000954948714934, -0.00158504373394, 0.00451656244695, -0.00112973607611, -0.00139673962258, -0.00110008427873, 0.0010371558601, -0.00111763516907, 0.00201092427596, -0.00172385643236, 0.00178472616244, -0.000217530759983], [0.000322083738865, -0.00175600941293, -0.000599312596023, -0.00112973607611, 0.00666794739664, -0.00243679154664, 0.00101788679603, -0.00114444922656, -2.78814604826e-06, -0.000718282535672, 0.000261357286945, 0.000311070121825, 8.94345503184e-05], [-0.000408343825256, 0.00109095708467, -0.00128051708452, -0.00139673962258, -0.00243679154664, 0.0101327328011, -0.00527131883428, 0.0017231538659, 0.00138153275475, -0.00178828253411, 0.00116129638627, 0.0011372679146, -0.000482218049001], [0.000577360100579, -0.00221295957454, 0.00109713640995, -0.00110008427873, 0.00101788679603, -0.00527131883428, 0.0135265290737, -0.00632195360959, 0.000545539485756, 0.00140103057493, -0.000486493780045, -0.000989990425296, 0.000120617150969], [-0.000481623312226, 0.00221216003411, -0.00171424611472, 0.0010371558601, -0.00114444922656, 0.0017231538659, -0.00632195360959, 0.0147710265592, -0.00766306323931, 0.00154911715072, 0.00290390523151, 0.000296934042126, 0.000803589762654], [0.000344624277204, -0.00229304027744, 0.00200793519616, -0.00111763516907, -2.78814604826e-06, 0.00138153275475, 0.000545539485756, -0.00766306323931, 0.0166020300239, -0.00700604775921, 0.00079923204612, 0.00132073368877, -0.00119147473015], [-0.000403277750593, 0.00244536576793, -0.00191959610675, 0.00201092427596, -0.000718282535672, -0.00178828253411, 0.00140103057493, 0.00154911715072, -0.00700604775921, 0.0170067995787, -0.0078898658976, 0.00310863251798, 0.00134077377152], [0.000363740778994, -0.00156892521773, 0.00200670771301, -0.00172385643236, 0.000261357286945, 0.00116129638627, -0.000486493780045, 0.00290390523151, 0.00079923204612, -0.0078898658976, 0.0171761326492, -0.00640335399657, 0.000382421567338], [-0.000252122525126, 0.00166544679087, -0.00214370875619, 0.00178472616244, 0.000311070121825, 0.0011372679146, -0.000989990425296, 0.000296934042126, 0.00132073368877, 0.00310863251798, -0.00640335399657, 0.0141797438264, -0.00595708517358], [0.000136480986839, -0.000652288668789, 0.00147854583338, -0.000217530759983, 8.94345503184e-05, -0.000482218049001, 0.000120617150969, 0.000803589762654, -0.00119147473015, 0.00134077377152, 0.000382421567338, -0.00595708517358, 0.0138396164402]]}, "melbands": {"dmean": [0.000317627680488, 0.000227546523092, 0.000161819174537, 0.000124074111227, 0.000624855107162, 0.0010280838469, 0.000293027638691, 0.000158361188369, 5.99751328991e-05, 5.17183507327e-05, 3.0684426747e-05, 4.29412466474e-05, 3.20510516758e-05, 2.41367306444e-05, 2.7056057661e-05, 3.58690049325e-05, 4.01342076657e-05, 1.31788510771e-05, 8.67635117174e-06, 1.62036667462e-05, 6.35151172901e-06, 6.96969573255e-06, 3.63870822184e-06, 3.12381007461e-06, 2.06552908821e-06, 1.31267972847e-06, 1.44443959016e-06, 8.48591128033e-07, 9.0638667416e-07, 6.56915858599e-07, 6.10202675944e-07, 6.52458879813e-07, 4.88874945859e-07, 4.96781240145e-07, 3.84770572737e-07, 3.01913246403e-07, 2.11667227745e-07, 1.79040029025e-07, 1.71968622453e-07, 1.34785494765e-07], "dmean2": [0.000584258174058, 0.000375907897251, 0.00024290944566, 0.000197162880795, 0.00093744933838, 0.00152728962712, 0.000421101140091, 0.00022686610464, 8.14175582491e-05, 7.01327080606e-05, 4.03331505368e-05, 5.7913352066e-05, 4.67343306809e-05, 3.65057094314e-05, 4.03382837249e-05, 5.35479302926e-05, 5.78036269872e-05, 1.93830546777e-05, 1.33105231725e-05, 2.38930842897e-05, 9.52136178967e-06, 1.14755503091e-05, 5.88310103922e-06, 4.69366023026e-06, 3.10138989335e-06, 1.93107757696e-06, 2.133392627e-06, 1.2481397107e-06, 1.3078771417e-06, 9.69203824752e-07, 8.97675136002e-07, 9.51479592004e-07, 7.2764134984e-07, 7.32569105821e-07, 5.77691423587e-07, 4.58171882656e-07, 3.17612318668e-07, 2.6812631404e-07, 2.62486594238e-07, 2.08709252547e-07], "dvar": [1.98042107513e-06, 5.67995527945e-07, 8.91844251782e-08, 6.98179647429e-08, 2.14676538235e-06, 5.64144056625e-06, 4.41292996811e-07, 1.09486954614e-07, 3.93172889801e-08, 5.74125813557e-08, 8.94307561339e-09, 1.45459271295e-08, 6.35761709944e-09, 5.51482282063e-09, 5.97942273473e-09, 1.12905569338e-08, 1.41093314809e-08, 1.29233101998e-09, 1.40700207041e-09, 2.02139616157e-09, 3.1549557411e-10, 2.01833905145e-09, 2.98642388596e-10, 6.98281571454e-11, 2.58325166813e-11, 1.16299010353e-11, 1.79383348453e-11, 4.81262165536e-12, 4.6723042102e-12, 3.53276067254e-12, 3.17901347607e-12, 3.72322138398e-12, 2.37014444529e-12, 2.33684903025e-12, 1.62467543759e-12, 1.04251286423e-12, 5.44453479696e-13, 3.48484641751e-13, 3.31020015001e-13, 1.95052551584e-13], "dvar2": [5.63784078622e-06, 1.53135238179e-06, 1.9028955478e-07, 1.67566795994e-07, 4.90802040076e-06, 1.29357686092e-05, 9.7594147519e-07, 2.30141992574e-07, 6.74027944569e-08, 1.12390594609e-07, 1.42711558127e-08, 2.77083245237e-08, 1.3912465846e-08, 1.36084139513e-08, 1.42416167748e-08, 2.81943464131e-08, 2.85676264866e-08, 2.68224420452e-09, 3.66855235079e-09, 4.49369741418e-09, 7.25409399216e-10, 5.67910918292e-09, 8.1978274169e-10, 1.63403041098e-10, 5.84572737439e-11, 2.54014795309e-11, 3.87791396217e-11, 1.06968357783e-11, 9.80397100309e-12, 7.66854201667e-12, 6.60676071143e-12, 8.0537737937e-12, 5.46266460885e-12, 5.22631850991e-12, 3.69217026744e-12, 2.40696742052e-12, 1.22819885772e-12, 7.56109205195e-13, 7.53390839298e-13, 4.62733421459e-13], "max": [0.0145746339113, 0.0102794542909, 0.00452307844535, 0.0127981733531, 0.0352210514247, 0.0516713149846, 0.0171096902341, 0.00730223581195, 0.0059073343873, 0.00869560800493, 0.00552807282656, 0.00352513743564, 0.002540493384, 0.00188131746836, 0.00174433516804, 0.0046700858511, 0.00406444072723, 0.00144848530181, 0.00205359258689, 0.00122219487093, 0.000374175782781, 0.00129956798628, 0.000503329269122, 0.000241540314164, 0.000178137022885, 0.000118777512398, 0.000136075192131, 5.37640553375e-05, 6.204382953e-05, 3.75332019757e-05, 4.85880627821e-05, 6.10227616562e-05, 3.83043916372e-05, 3.39275320584e-05, 2.69875854428e-05, 3.35324621119e-05, 3.07621448883e-05, 1.85133048944e-05, 1.57680879056e-05, 1.10511082312e-05], "mean": [0.000213593870285, 0.00035173894139, 0.000394256669097, 0.000217976979911, 0.000864432135131, 0.00127340469044, 0.000495696440339, 0.00035681592999, 0.000155346715474, 0.00014270216343, 7.38368980819e-05, 7.96436870587e-05, 5.78244107601e-05, 3.49309157173e-05, 4.08322521253e-05, 5.64638285141e-05, 7.95028099674e-05, 2.45101127803e-05, 1.34566962515e-05, 2.59588196059e-05, 9.79605101747e-06, 7.87157114246e-06, 4.73546924695e-06, 4.67703512186e-06, 3.06139349959e-06, 1.75188483809e-06, 1.76700598331e-06, 1.22970061511e-06, 1.35969798976e-06, 8.65696733854e-07, 7.0765389637e-07, 7.18195053651e-07, 5.13317104378e-07, 5.36582831501e-07, 3.98489504505e-07, 3.07757801465e-07, 2.22578876219e-07, 1.94806844434e-07, 1.80245351089e-07, 1.43661566199e-07], "median": [5.83002292842e-06, 6.03885346209e-05, 0.000119406206068, 0.000123415593407, 0.000323833723087, 0.000405025057262, 0.000225644689635, 0.00016857641458, 3.55169831892e-05, 1.42157841765e-05, 2.2379339498e-05, 1.96660475922e-05, 2.03958334168e-05, 9.65743492998e-06, 1.26789745991e-05, 1.87196455954e-05, 2.22782800847e-05, 6.87241936248e-06, 2.98972395285e-06, 5.67959659747e-06, 2.26440420192e-06, 1.35887034958e-06, 8.50368053307e-07, 1.2060509107e-06, 1.03317938738e-06, 4.74102961334e-07, 2.87852344627e-07, 2.3149198114e-07, 2.87673685762e-07, 1.59117050202e-07, 1.17050980464e-07, 1.23985088862e-07, 7.90680445562e-08, 8.42067677809e-08, 5.50105347941e-08, 4.03897040258e-08, 3.17571924313e-08, 2.22881197942e-08, 1.71236038682e-08, 1.25051533573e-08], "min": [1.98908106031e-23, 3.85988497076e-24, 6.20258531695e-24, 1.27813405343e-23, 9.8097441028e-24, 3.88996344822e-24, 8.14116444874e-24, 3.78657139368e-24, 6.24475624322e-24, 1.19447251453e-23, 5.28730866281e-24, 1.01699458807e-23, 8.15831744026e-24, 5.2515874633e-24, 4.4150470161e-24, 8.71269654115e-24, 9.43475276062e-24, 5.48400994623e-24, 9.57200824724e-24, 9.55675719936e-24, 1.95017586041e-23, 1.02112340717e-23, 1.09493869979e-23, 4.74126624396e-24, 5.79342919782e-24, 1.73848550981e-23, 1.55481155426e-23, 1.08280625572e-23, 9.79822357814e-24, 1.03910990912e-23, 1.84784056394e-23, 1.55287663623e-23, 9.69417676905e-24, 9.67173919832e-24, 1.08827187851e-23, 1.2016815988e-23, 8.73430975224e-24, 6.85112364435e-24, 7.4243076115e-24, 7.3296135373e-24], "var": [1.20519496249e-06, 5.35430217496e-07, 3.10310554141e-07, 9.71592584165e-08, 2.76939204014e-06, 7.08401557858e-06, 7.63547575389e-07, 2.62774307203e-07, 1.39003304866e-07, 2.57775894852e-07, 4.85844928733e-08, 3.9105483296e-08, 1.32533717334e-08, 6.98811808419e-09, 8.66354366025e-09, 1.47149883389e-08, 3.7523072649e-08, 2.80478928971e-09, 1.88853799266e-09, 4.02755961915e-09, 5.28709354075e-10, 1.45785106209e-09, 2.62924071404e-10, 1.02924321843e-10, 3.99665335549e-11, 1.61905246154e-11, 2.27546557985e-11, 7.72734133625e-12, 8.84427080183e-12, 4.99281692379e-12, 4.22264480326e-12, 4.49722984547e-12, 2.62441977872e-12, 2.75670892363e-12, 1.82370828508e-12, 1.10313180032e-12, 5.89713770437e-13, 4.23732121439e-13, 3.91107204132e-13, 2.58054455625e-13]}, "mfcc": {"mean": [-723.674621582, 156.059829712, -14.3265066147, 0.592086195946, -7.72041606903, -5.018409729, -19.1804866791, -18.2546768188, -19.3516178131, -9.58388900757, -4.49110984802, -3.70040106773, -2.56993317604], "cov": [[8690.75488281, -1001.2097168, -48.4819946289, 374.750854492, 37.6493263245, 244.378005981, 27.5615940094, -5.72390127182, 87.1049957275, 132.589279175, -78.8973007202, 137.784805298, 82.2703704834], [-1001.2097168, 1329.89575195, -111.971534729, -42.8371620178, 96.8835449219, -0.262015193701, 26.8471565247, 65.0304107666, 72.8279953003, 21.9374847412, 52.0909957886, -8.95285606384, -22.0331401825], [-48.4819946289, -111.971534729, 523.655395508, 211.750793457, 179.060531616, 178.091522217, 145.793991089, 87.3072052002, 78.2254180908, 38.2235107422, 36.5314025879, 7.24644613266, 16.2882232666], [374.750854492, -42.8371620178, 211.750793457, 306.872741699, 162.392379761, 148.938217163, 110.252754211, 74.7405319214, 68.6739120483, 48.0124893188, 22.5821647644, 20.8164787292, 12.3025121689], [37.6493263245, 96.8835449219, 179.060531616, 162.392379761, 275.968414307, 147.627365112, 112.828674316, 56.8270339966, 77.847869873, 49.8064079285, 26.709197998, 21.6622467041, 24.5032730103], [244.378005981, -0.262015193701, 178.091522217, 148.938217163, 147.627365112, 246.018157959, 143.109481812, 58.7032318115, 47.0924186707, 42.7459030151, 12.9119539261, 12.7900056839, 16.6067867279], [27.5615940094, 26.8471565247, 145.793991089, 110.252754211, 112.828674316, 143.109481812, 189.725997925, 83.6298217773, 57.4102172852, 33.699760437, 15.8757715225, 5.33910369873, 12.3293123245], [-5.72390127182, 65.0304107666, 87.3072052002, 74.7405319214, 56.8270339966, 58.7032318115, 83.6298217773, 157.541213989, 88.485168457, 14.4950990677, 11.0009498596, -2.39448809624, 4.75849246979], [87.1049957275, 72.8279953003, 78.2254180908, 68.6739120483, 77.847869873, 47.0924186707, 57.4102172852, 88.485168457, 182.061203003, 80.2598419189, 14.9005699158, 23.4016876221, -0.726728737354], [132.589279175, 21.9374847412, 38.2235107422, 48.0124893188, 49.8064079285, 42.7459030151, 33.699760437, 14.4950990677, 80.2598419189, 147.953598022, 49.0986785889, 34.2871131897, -11.5625896454], [-78.8973007202, 52.0909957886, 36.5314025879, 22.5821647644, 26.709197998, 12.9119539261, 15.8757715225, 11.0009498596, 14.9005699158, 49.0986785889, 119.888221741, 28.8717308044, -13.3688669205], [137.784805298, -8.95285606384, 7.24644613266, 20.8164787292, 21.6622467041, 12.7900056839, 5.33910369873, -2.39448809624, 23.4016876221, 34.2871131897, 28.8717308044, 107.992736816, 19.9322223663], [82.2703704834, -22.0331401825, 16.2882232666, 12.3025121689, 24.5032730103, 16.6067867279, 12.3293123245, 4.75849246979, -0.726728737354, -11.5625896454, -13.3688669205, 19.9322223663, 100.492263794]], "icov": [[0.000148361490574, 0.000108279324195, 0.00014966254821, -0.000223117589485, 7.55480577936e-05, -0.000203117058845, 0.000116744064144, 1.34588299261e-05, -7.57977031753e-05, -7.97549218987e-05, 9.76942101261e-05, -0.000115692877444, -6.82590180077e-05], [0.000108279324195, 0.000969712797087, 0.000491517654154, 0.000152180975419, -0.000564834917895, -0.000117919815239, 4.5403092372e-05, -0.000317461002851, -0.000331519229803, 0.000120606899145, -0.000387235108064, 0.000110931541712, 0.000130303538754], [0.00014966254821, 0.000491517654154, 0.0034238435328, -0.00126179785002, -0.000728623243049, -0.000991186243482, -0.000557038874831, -0.00019771917141, -0.000628892041277, 0.00050636054948, -0.000788331788499, 0.000358074146789, -0.00011825634283], [-0.000223117589485, 0.000152180975419, -0.00126179785002, 0.0064508235082, -0.00207961560227, -0.00112229061779, -0.000118845848192, -0.00130841054488, 0.000237089916482, -0.000413809611928, -6.27122208243e-05, -0.000313049473334, 0.000407747342251], [7.55480577936e-05, -0.000564834917895, -0.000728623243049, -0.00207961560227, 0.00732092233375, -0.00201349472627, -0.000922171515413, 0.00115405733231, -0.00154497451149, 9.13204348763e-06, -0.000392855581595, -0.000188017569599, -0.00123193871696], [-0.000203117058845, -0.000117919815239, -0.000991186243482, -0.00112229061779, -0.00201349472627, 0.00960316788405, -0.00493132462725, 0.000241784931859, 0.0012358550448, -0.00109589402564, 0.000780860777013, -6.89734952175e-05, -6.35515025351e-05], [0.000116744064144, 4.5403092372e-05, -0.000557038874831, -0.000118845848192, -0.000922171515413, -0.00493132462725, 0.0117450021207, -0.00380901922472, 0.000323237880366, -0.000739319541026, -5.91527132201e-05, 0.000263057445409, -0.000344399944879], [1.34588299261e-05, -0.000317461002851, -0.00019771917141, -0.00130841054488, 0.00115405733231, 0.000241784931859, -0.00380901922472, 0.0117974504828, -0.00576021615416, 0.00301299314015, -0.00123372476082, 0.0011031460017, -0.000378968514269], [-7.57977031753e-05, -0.000331519229803, -0.000628892041277, 0.000237089916482, -0.00154497451149, 0.0012358550448, 0.000323237880366, -0.00576021615416, 0.0113894026726, -0.00573863787577, 0.00221731839702, -0.00123254931532, 0.000429388252087], [-7.97549218987e-05, 0.000120606899145, 0.00050636054948, -0.000413809611928, 9.13204348763e-06, -0.00109589402564, -0.000739319541026, 0.00301299314015, -0.00573863787577, 0.0118140652776, -0.00391721678898, -0.00130044575781, 0.0012418696424], [9.76942101261e-05, -0.000387235108064, -0.000788331788499, -6.27122208243e-05, -0.000392855581595, 0.000780860777013, -5.91527132201e-05, -0.00123372476082, 0.00221731839702, -0.00391721678898, 0.0110834939405, -0.00261813565157, 0.00156209617853], [-0.000115692877444, 0.000110931541712, 0.000358074146789, -0.000313049473334, -0.000188017569599, -6.89734952175e-05, 0.000263057445409, 0.0011031460017, -0.00123254931532, -0.00130044575781, -0.00261813565157, 0.0113873966038, -0.0026934298221], [-6.82590180077e-05, 0.000130303538754, -0.00011825634283, 0.000407747342251, -0.00123193871696, -6.35515025351e-05, -0.000344399944879, -0.000378968514269, 0.000429388252087, 0.0012418696424, 0.00156209617853, -0.0026934298221, 0.0112638399005]]}, "spectral_contrast_coeffs": {"dmean": [0.0499015562236, 0.0533938370645, 0.0461103394628, 0.0441826656461, 0.0303707141429, 0.0203098095953], "dmean2": [0.0793146118522, 0.0818310603499, 0.0677657648921, 0.0642486140132, 0.0446749776602, 0.0296161528677], "dvar": [0.00194861530326, 0.00228256476112, 0.00156552682165, 0.00146587146446, 0.000751254847273, 0.000304714019876], "dvar2": [0.00465460726991, 0.00527152651921, 0.00313992192969, 0.00282433396205, 0.00147241423838, 0.000647772161756], "max": [-0.292096972466, -0.305235207081, -0.388115257025, -0.439186543226, -0.553784966469, -0.634293496609], "mean": [-0.564639747143, -0.625456809998, -0.709746718407, -0.70786267519, -0.773123025894, -0.779640614986], "median": [-0.560284554958, -0.624438226223, -0.714978516102, -0.714371800423, -0.780719280243, -0.780100703239], "min": [-0.934460699558, -0.954274535179, -0.965973615646, -0.963437974453, -0.96446532011, -0.955871403217], "var": [0.00673504592851, 0.00707043986768, 0.00763938808814, 0.00698408158496, 0.0036305685062, 0.00141386059113]}, "spectral_contrast_valleys": {"dmean": [0.495183885098, 0.4460272789, 0.496169775724, 0.556470990181, 0.567308783531, 0.626692175865], "dmean2": [0.765289008617, 0.642508387566, 0.685348689556, 0.72546505928, 0.692421674728, 0.761275291443], "dvar": [0.236359283328, 0.177832111716, 0.204523891211, 0.257583737373, 0.267125725746, 0.295207321644], "dvar2": [0.452251344919, 0.338588744402, 0.36579605937, 0.429829776287, 0