{"lowlevel": {"average_loudness": 0.940270841122, "barkbands_crest": {"dmean": 2.781873703, "dmean2": 4.10762262344, "dvar": 9.50403499603, "dvar2": 19.7488479614, "max": 25.9849853516, "mean": 11.7656450272, "median": 10.0868873596, "min": 2.04888510704, "var": 40.7695770264}, "barkbands_flatness_db": {"dmean": 0.0279249325395, "dmean2": 0.0393267832696, "dvar": 0.000810465018731, "dvar2": 0.00166867335793, "max": 0.532159209251, "mean": 0.146205022931, "median": 0.128541722894, "min": 0.0200728457421, "var": 0.00759178306907}, "barkbands_kurtosis": {"dmean": 7.64035224915, "dmean2": 11.7088518143, "dvar": 263.137817383, "dvar2": 678.625976562, "max": 494.811218262, "mean": 14.6287841797, "median": 4.07282543182, "min": -1.90646493435, "var": 1229.64550781}, "barkbands_skewness": {"dmean": 0.813275396824, "dmean2": 1.19385480881, "dvar": 1.12046658993, "dvar2": 2.44635415077, "max": 18.2737998962, "mean": 2.59505987167, "median": 1.94108963013, "min": -1.35718369484, "var": 4.48681688309}, "barkbands_spread": {"dmean": 5.32966852188, "dmean2": 8.07993030548, "dvar": 51.0872764587, "dvar2": 114.396789551, "max": 94.7291946411, "mean": 17.7455825806, "median": 15.5749959946, "min": 0.30889955163, "var": 160.581985474}, "dissonance": {"dmean": 0.0184650439769, "dmean2": 0.0297924429178, "dvar": 0.000326931243762, "dvar2": 0.000848714844324, "max": 0.499520868063, "mean": 0.446849584579, "median": 0.458695173264, "min": 0.100985109806, "var": 0.00208730972372}, "dynamic_complexity": 3.50784778595, "erbbands_crest": {"dmean": 1.8237323761, "dmean2": 2.75747585297, "dvar": 3.49508142471, "dvar2": 7.81185102463, "max": 25.0169487, "mean": 8.34974193573, "median": 7.34401035309, "min": 2.4639647007, "var": 14.7732906342}, "erbbands_flatness_db": {"dmean": 0.0207913257182, "dmean2": 0.0280228741467, "dvar": 0.000484266114654, "dvar2": 0.000845073780511, "max": 0.46957179904, "mean": 0.14636823535, "median": 0.136963009834, "min": 0.0443145446479, "var": 0.00450708158314}, "erbbands_kurtosis": {"dmean": 0.923327565193, "dmean2": 1.2684918642, "dvar": 4.29578065872, "dvar2": 7.27104282379, "max": 128.020370483, "mean": 1.16237282753, "median": -0.0325584411621, "min": -1.79341578484, "var": 25.0062541962}, "erbbands_skewness": {"dmean": 0.325085878372, "dmean2": 0.449877232313, "dvar": 0.115263238549, "dvar2": 0.216602489352, "max": 8.18893623352, "mean": 0.680799365044, "median": 0.522751510143, "min": -2.11505460739, "var": 0.842795491219}, "erbbands_spread": {"dmean": 9.73997592926, "dmean2": 13.9025201797, "dvar": 173.153778076, "dvar2": 327.182891846, "max": 169.764053345, "mean": 41.1645927429, "median": 37.5218391418, "min": 1.50751054287, "var": 483.689971924}, "hfc": {"dmean": 9.19553089142, "dmean2": 13.3635864258, "dvar": 221.342727661, "dvar2": 493.419525146, "max": 166.672332764, "mean": 20.1981449127, "median": 12.7166185379, "min": 3.92077081912e-09, "var": 471.077484131}, "melbands_crest": {"dmean": 3.15323114395, "dmean2": 4.66462612152, "dvar": 12.4063167572, "dvar2": 23.575510025, "max": 33.6017799377, "mean": 15.1978292465, "median": 13.4256010056, "min": 3.30775976181, "var": 46.5960960388}, "melbands_flatness_db": {"dmean": 0.0329298004508, "dmean2": 0.0461963973939, "dvar": 0.00118823733646, "dvar2": 0.00225684256293, "max": 0.646861791611, "mean": 0.227289155126, "median": 0.211084440351, "min": 0.0295524653047, "var": 0.0105968080461}, "melbands_kurtosis": {"dmean": 16.0595207214, "dmean2": 23.9387798309, "dvar": 1093.73022461, "dvar2": 2295.5456543, "max": 599.05456543, "mean": 26.767999649, "median": 12.2146072388, "min": -1.37315869331, "var": 1750.125}, "melbands_skewness": {"dmean": 1.01966607571, "dmean2": 1.48854744434, "dvar": 1.91995334625, "dvar2": 3.64505934715, "max": 18.29255867, "mean": 3.50331497192, "median": 2.89681339264, "min": -0.158416315913, "var": 4.95818042755}, "melbands_spread": {"dmean": 5.53096389771, "dmean2": 8.41368961334, "dvar": 58.4902877808, "dvar2": 122.026191711, "max": 140.098175049, "mean": 16.4901485443, "median": 13.3866682053, "min": 0.463370531797, "var": 175.533599854}, "pitch_salience": {"dmean": 0.0784996375442, "dmean2": 0.117107145488, "dvar": 0.00648952322081, "dvar2": 0.0141224712133, "max": 0.891318321228, "mean": 0.52861148119, "median": 0.560426354408, "min": 0.0639057010412, "var": 0.0209271479398}, "silence_rate_20dB": {"dmean": 0, "dmean2": 0, "dvar": 0, "dvar2": 0, "max": 1, "mean": 1, "median": 1, "min": 1, "var": 0}, "silence_rate_30dB": {"dmean": 0.111577026546, "dmean2": 0.223194748163, "dvar": 0.099129460752, "dvar2": 0.225160583854, "max": 1, "mean": 0.857819914818, "median": 1, "min": 0, "var": 0.121957495809}, "silence_rate_60dB": {"dmean": 0.0291704647243, "dmean2": 0.0581692196429, "dvar": 0.0283219013363, "dvar2": 0.0693768709898, "max": 1, "mean": 0.0720014572144, "median": 0, "min": 0, "var": 0.0668200030923}, "spectral_centroid": {"dmean": 204.867935181, "dmean2": 298.875274658, "dvar": 77577.921875, "dvar2": 146810.171875, "max": 10920.5859375, "mean": 1039.81994629, "median": 963.090820312, "min": 224.61605835, "var": 324326.71875}, "spectral_complexity": {"dmean": 3.35460352898, "dmean2": 4.81272792816, "dvar": 17.1324043274, "dvar2": 32.5966377258, "max": 53, "mean": 17.4327373505, "median": 17, "min": 0, "var": 84.3441085815}, "spectral_decrease": {"dmean": 7.08422165374e-09, "dmean2": 1.02457686779e-08, "dvar": 1.66810605521e-16, "dvar2": 3.28404864516e-16, "max": -1.61637893315e-20, "mean": -1.17018368329e-08, "median": -5.97502891608e-09, "min": -1.0345549839e-07, "var": 2.76322767353e-16}, "spectral_energy": {"dmean": 0.0273646079004, "dmean2": 0.0395621657372, "dvar": 0.00244050403126, "dvar2": 0.00477368850261, "max": 0.397938638926, "mean": 0.0459975935519, "median": 0.0239315740764, "min": 4.16631789832e-13, "var": 0.00408586440608}, "spectral_energyband_high": {"dmean": 0.000586948008277, "dmean2": 0.000918379053473, "dvar": 1.31543595216e-06, "dvar2": 3.13306486532e-06, "max": 0.0163879320025, "mean": 0.000964549777564, "median": 0.000226855074288, "min": 2.69339211307e-13, "var": 2.89918170893e-06}, "spectral_energyband_low": {"dmean": 0.0234737116843, "dmean2": 0.0346432738006, "dvar": 0.00221721665002, "dvar2": 0.00448606535792, "max": 0.342304110527, "mean": 0.0285896155983, "median": 0.00655649090186, "min": 1.56423725833e-14, "var": 0.00331619218923}, "spectral_energyband_middle_high": {"dmean": 0.00133472157177, "dmean2": 0.00181016430724, "dvar": 5.40921337233e-06, "dvar2": 1.00803117675e-05, "max": 0.0518635846674, "mean": 0.00362382479943, "median": 0.00239154230803, "min": 8.70040394981e-14, "var": 1.68802180269e-05}, "spectral_energyband_middle_low": {"dmean": 0.00516061065719, "dmean2": 0.00731148431078, "dvar": 6.29476417089e-05, "dvar2": 0.000148297651322, "max": 0.128982976079, "mean": 0.0142305800691, "median": 0.0116673205048, "min": 2.08524434428e-14, "var": 0.00013255122758}, "spectral_entropy": {"dmean": 0.184420257807, "dmean2": 0.249928772449, "dvar": 0.0485038869083, "dvar2": 0.0855274200439, "max": 9.79111099243, "mean": 7.38801336288, "median": 7.51539897919, "min": 4.06240367889, "var": 0.520056009293}, "spectral_flux": {"dmean": 0.0484612360597, "dmean2": 0.0828690901399, "dvar": 0.00440652575344, "dvar2": 0.011716783978, "max": 0.469427078962, "mean": 0.0954819247127, "median": 0.0655907317996, "min": 2.69955144176e-05, "var": 0.00794780626893}, "spectral_kurtosis": {"dmean": 1.75660908222, "dmean2": 2.7749569416, "dvar": 12.7879476547, "dvar2": 33.3249282837, "max": 255.505096436, "mean": 9.53481769562, "median": 4.39754486084, "min": -1.18443655968, "var": 670.916870117}, "spectral_rms": {"dmean": 0.0015798327513, "dmean2": 0.00221436587162, "dvar": 5.05268280904e-06, "dvar2": 9.02846204553e-06, "max": 0.01970362477, "mean": 0.00559582747519, "median": 0.00483196415007, "min": 2.01611030093e-08, "var": 1.35624750328e-05}, "spectral_rolloff": {"dmean": 442.646118164, "dmean2": 727.432373047, "dvar": 802880.9375, "dvar2": 1872608.25, "max": 17851.0253906, "mean": 1075.41894531, "median": 689.0625, "min": 64.599609375, "var": 1248573.375}, "spectral_skewness": {"dmean": 0.202873200178, "dmean2": 0.309169858694, "dvar": 0.0570529475808, "dvar2": 0.130070313811, "max": 13.4406194687, "mean": 2.00107097626, "median": 1.71129393578, "min": -0.00290862633847, "var": 2.44468355179}, "spectral_spread": {"dmean": 901578.875, "dmean2": 1209818.75, "dvar": 1485147078660.0, "dvar2": 2581560295420.0, "max": 39570512, "mean": 5099829.5, "median": 4853312, "min": 464599.40625, "var": 3473093951490.0}, "spectral_strongpeak": {"dmean": 0.352998942137, "dmean2": 0.569390177727, "dvar": 0.323118180037, "dvar2": 0.818258583546, "max": 11.5656585693, "mean": 0.722350001335, "median": 0.610258579254, "min": 0, "var": 0.472491890192}, "zerocrossingrate": {"dmean": 0.0116555448622, "dmean2": 0.0139405895025, "dvar": 0.000193072366528, "dvar2": 0.000266404211288, "max": 0.48486328125, "mean": 0.0530272014439, "median": 0.04638671875, "min": 0.00390625, "var": 0.00106778764166}, "barkbands": {"dmean": [0.00112868810538, 0.0207186769694, 0.0039710784331, 0.00194733345415, 0.00216426420957, 0.00100387213752, 0.000465783610707, 0.0007095169276, 0.000349944079062, 0.000296335114399, 0.000245367613388, 0.000202821058338, 0.000328169408021, 0.000152619395521, 0.000206326003536, 0.00014883215772, 0.000181808471098, 0.000111252062197, 0.0001687832264, 0.000134090820211, 8.64586399985e-05, 8.43318921397e-05, 9.73435016931e-05, 8.77542843227e-05, 0.000135055568535, 0.000106348474219, 2.56270232057e-05], "dmean2": [0.00188275519758, 0.0304818935692, 0.0067392308265, 0.00316974357702, 0.00312851602212, 0.00141449540388, 0.000672015594319, 0.000981368706562, 0.000478190166177, 0.000423959019827, 0.000354786607204, 0.000316784018651, 0.000461970601464, 0.00024328334257, 0.000320700724842, 0.000238875785726, 0.000283882953227, 0.000170919782249, 0.000269309966825, 0.000216799802729, 0.000131751832669, 0.000125267499243, 0.000155229354277, 0.000137946815812, 0.000221045571379, 0.000180499380804, 4.47138263553e-05], "dvar": [5.12122096552e-06, 0.00192248087842, 0.000134939313284, 2.47612770181e-05, 9.74576141743e-06, 2.59755074694e-06, 7.1812587521e-07, 1.65927860962e-06, 3.46117388972e-07, 2.26317268925e-07, 3.40225028594e-07, 3.01404014635e-07, 2.01967964131e-06, 5.43412674858e-08, 2.13643659208e-07, 6.79704683648e-08, 1.27157221641e-07, 7.31327105541e-08, 4.06452727475e-07, 2.06673448133e-07, 2.84180448062e-08, 2.8064887303e-08, 3.3291264856e-08, 3.03494473997e-08, 8.90352467309e-08, 6.33357473134e-08, 4.75180339521e-09], "dvar2": [1.31247616082e-05, 0.00432526739314, 0.000365280400729, 6.40064463369e-05, 2.36652776948e-05, 5.09951769345e-06, 1.28189492443e-06, 2.84100724457e-06, 6.04438582741e-07, 4.86226326757e-07, 7.00973828316e-07, 7.35419121156e-07, 3.45408329849e-06, 1.40562121942e-07, 3.37921676419e-07, 1.75093120447e-07, 2.38183602619e-07, 1.74980868906e-07, 1.01327452739e-06, 5.20748301369e-07, 6.77026719131e-08, 5.90662132538e-08, 8.00449555527e-08, 7.33461646973e-08, 2.28686545256e-07, 1.69735699274e-07, 1.3060132531e-08], "max": [0.0189951825887, 0.325867146254, 0.112512663007, 0.0861649811268, 0.0450142771006, 0.0355621315539, 0.0171169284731, 0.0247885975987, 0.0117946220562, 0.0116180051118, 0.0121448906139, 0.0165118966252, 0.0446919314563, 0.00260552228428, 0.0248898677528, 0.00434562750161, 0.0103334775195, 0.00536477426067, 0.0105238687247, 0.0117704709992, 0.00352781754918, 0.00368784111924, 0.00221352814697, 0.00277419784106, 0.00255232607014, 0.00205306219868, 0.000623389671091], "mean": [0.0013039377518, 0.021640598774, 0.00443966919556, 0.00241140159778, 0.00534417852759, 0.00251199142076, 0.00110465893522, 0.00168719468638, 0.000783126219176, 0.000644888961688, 0.000473525113193, 0.0003607122635, 0.000529602344614, 0.000271704018814, 0.000376166193746, 0.000236500040046, 0.000347093387973, 0.000195315442397, 0.000244369730353, 0.000236020467128, 0.000171032152139, 0.000162734388141, 0.000147098282469, 0.000128561034217, 0.000138569332194, 8.83000975591e-05, 1.86428842426e-05], "median": [4.32683664258e-05, 0.0026545394212, 0.00140298029874, 0.00101570051629, 0.00352972489782, 0.00136923440732, 0.000398703559767, 0.000612149829976, 0.000326882582158, 0.000404109072406, 0.000192387349671, 0.000150081046741, 0.000188858888578, 0.000115461567475, 0.000162076874403, 0.000116811483167, 0.000169858918525, 8.67656053742e-05, 8.30448843772e-05, 6.80093507981e-05, 5.61968554393e-05, 4.50559527962e-05, 2.79094711004e-05, 2.5007633667e-05, 2.11795231735e-05, 1.18607767945e-05, 1.38028997299e-06], "min": [8.76594905333e-15, 8.6167679166e-15, 2.17103014711e-15, 1.02147631225e-15, 8.58585523743e-16, 2.01907918616e-16, 1.87185535728e-15, 5.45104495667e-15, 8.20788647823e-15, 1.0963755606e-14, 1.05282180408e-14, 4.26292793518e-15, 3.72998285158e-15, 1.49249852284e-15, 5.00198959265e-15, 2.02966441397e-14, 5.65265997394e-15, 8.24903195068e-15, 5.4234808105e-15, 1.75322758834e-14, 1.45305706893e-14, 9.21696445159e-15, 3.21163688905e-14, 3.2272151802e-14, 5.53003416713e-14, 4.14469653531e-14, 8.47935952139e-14], "var": [7.44057388147e-06, 0.00244536204264, 0.000100437369838, 2.27226119023e-05, 3.33607058565e-05, 1.04073551483e-05, 2.79605114883e-06, 6.18430658506e-06, 1.3068752196e-06, 5.69938947592e-07, 8.20847390059e-07, 5.84858355523e-07, 4.46163176093e-06, 1.2442598063e-07, 6.0616855535e-07, 1.04656038502e-07, 4.27961850846e-07, 1.25384090666e-07, 4.22690618507e-07, 4.01176833975e-07, 1.07183510067e-07, 1.08285689748e-07, 6.80676706111e-08, 6.53929035366e-08, 8.21294250386e-08, 4.62731897244e-08, 3.10308778673e-09]}, "erbbands": {"dmean": [0.82794213295, 3.74640917778, 4.14504384995, 5.89519739151, 6.63397598267, 7.67593812943, 8.89391803741, 8.29158401489, 6.49809408188, 15.0689439774, 9.78244400024, 9.22086620331, 9.99728488922, 5.68287801743, 10.6596593857, 9.67725276947, 15.1917591095, 9.36593341827, 9.96507644653, 8.86361885071, 8.18270111084, 8.02240085602, 7.29177236557, 5.44890499115, 9.83214473724, 6.85716819763, 3.84310722351, 3.48714280128, 2.98566770554, 3.33081960678, 2.69899058342, 1.86090362072, 1.50286412239, 1.3448599577, 1.07640433311, 0.545512080193, 0.177694931626, 0.0356975719333, 0.004292385187, 0.00024214250152], "dmean2": [1.23968100548, 5.67939567566, 6.94541168213, 9.73407459259, 10.8275918961, 10.8647260666, 12.088716507, 11.8363838196, 9.35738658905, 21.7168292999, 13.0661697388, 12.4610099792, 14.2427148819, 8.15440940857, 15.1962823868, 14.8387565613, 21.6022186279, 14.1390066147, 15.1159362793, 13.9296751022, 12.9623889923, 12.7055397034, 11.3220739365, 8.58221340179, 15.6928491592, 11.1733341217, 5.89008522034, 5.34881830215, 4.52723884583, 5.25861024857, 4.3424987793, 3.00712609291, 2.34332871437, 2.17627477646, 1.7883541584, 0.916068255901, 0.303441673517, 0.0622539557517, 0.00744644692168, 0.000409706117352], "dvar": [2.99618315697, 71.071472168, 136.592849731, 255.712554932, 213.7449646, 121.478683472, 168.044326782, 233.087722778, 132.685577393, 707.127502441, 345.81729126, 260.280456543, 288.817016602, 111.605072021, 664.235961914, 686.718444824, 3436.51806641, 455.973754883, 632.077941895, 187.352600098, 220.805419922, 204.447921753, 259.92364502, 138.984176636, 1791.4407959, 545.399963379, 151.200027466, 46.2869338989, 43.1877441406, 39.4216957092, 26.41705513, 12.7603635788, 8.84069156647, 8.30257415771, 6.09283781052, 1.64163398743, 0.186866745353, 0.00878034625202, 0.000127216539113, 3.81040706543e-07], "dvar2": [6.68514442444, 162.004623413, 355.895965576, 673.649108887, 557.711547852, 271.429229736, 350.043457031, 428.506988525, 240.999588013, 1254.85644531, 615.124389648, 451.004730225, 617.364135742, 242.772216797, 1320.18457031, 1672.60864258, 5868.03808594, 905.377441406, 955.415466309, 430.998321533, 545.106933594, 435.624176025, 582.172302246, 338.964263916, 4503.98828125, 1436.80957031, 375.122314453, 109.350875854, 92.8497619629, 92.7377243042, 64.8784255981, 32.0554580688, 21.3615760803, 20.9252548218, 15.9494953156, 4.37479686737, 0.504642784595, 0.0241254288703, 0.000347177847289, 1.02701380911e-06], "max": [11.8891334534, 63.6114311218, 102.822135925, 217.267150879, 234.596832275, 186.423217773, 208.957000732, 451.491790771, 176.88760376, 473.014434814, 383.619537354, 333.178253174, 456.934570312, 161.029632568, 575.482910156, 830.15032959, 1846.66674805, 568.962097168, 1394.03552246, 410.307159424, 260.283691406, 354.617004395, 314.346405029, 228.503677368, 763.901000977, 731.99017334, 350.0597229, 144.717849731, 154.454177856, 131.920501709, 79.4492721558, 49.8258209229, 47.2017936707, 32.2126502991, 21.7812404633, 11.8640260696, 3.55459809303, 0.758661806583, 0.0912467837334, 0.00639763148502], "mean": [0.883265972137, 3.84341526031, 4.91509056091, 7.53876066208, 9.66668891907, 19.5560760498, 23.5615768433, 20.2833938599, 16.0427646637, 34.2673721313, 24.9779777527, 21.7249298096, 22.4073505402, 12.1145553589, 21.640209198, 18.5201759338, 25.8776111603, 17.4940872192, 17.861913681, 16.6726970673, 14.1488733292, 15.4007644653, 13.6077833176, 10.0603752136, 13.3393306732, 11.8748579025, 7.10786056519, 6.88370418549, 5.70922517776, 5.56640100479, 3.99982690811, 2.70092177391, 2.07178115845, 1.52329289913, 1.01127374172, 0.466718733311, 0.143943697214, 0.0272025857121, 0.0031891646795, 0.000206500757486], "median": [0.0725743845105, 0.571716785431, 1.82641839981, 3.20634794235, 4.72405910492, 10.9059925079, 12.3036804199, 10.8965435028, 6.47891330719, 11.2192516327, 11.0814495087, 9.70870113373, 14.0043411255, 6.29688930511, 8.36605644226, 8.97474098206, 10.6066465378, 7.11507987976, 7.48472738266, 8.87494373322, 7.47254180908, 7.9349527359, 6.49671363831, 5.07016658783, 3.52829170227, 3.40245962143, 2.35828876495, 2.02157330513, 1.60329735279, 1.27852809429, 0.788603186607, 0.529490411282, 0.396472662687, 0.256685197353, 0.137781053782, 0.0654272660613, 0.0186628289521, 0.00274391891435, 0.00026020014775, 4.54045220977e-05], "min": [3.84854230732e-13, 1.47038338536e-12, 2.66319952202e-12, 3.14282714436e-12, 3.58631895882e-12, 2.5747320942e-12, 6.64766039524e-13, 2.57699439045e-12, 1.56269840818e-11, 6.1293289888e-11, 1.45000039753e-10, 1.74131639663e-10, 2.96736191174e-10, 4.21372658987e-10, 3.05590580618e-10, 2.02768316027e-10, 1.77943187962e-10, 8.61816520925e-11, 1.14881694435e-10, 6.39080677267e-10, 1.03369757198e-09, 3.84454551527e-10, 3.15055509459e-10, 3.55467349999e-10, 7.24285575959e-10, 6.70116961921e-10, 4.27428925587e-10, 7.08419045647e-10, 3.39447442377e-10, 3.31506960771e-10, 1.09072939569e-09, 5.55250123657e-10, 7.30092375445e-10, 7.09854675041e-10, 3.09867437265e-10, 1.07800400551e-10, 9.07794117655e-11, 3.13481914038e-11, 1.42442169171e-11, 1.30391704378e-12], "var": [4.05007362366, 81.2693023682, 115.493423462, 213.576049805, 222.234375, 590.065856934, 804.585754395, 827.830200195, 407.543609619, 2584.96069336, 1342.00366211, 995.616088867, 746.942077637, 246.895095825, 1792.46826172, 1370.859375, 7737.171875, 1050.92285156, 1728.80517578, 480.037872314, 408.332489014, 624.100830078, 591.695861816, 278.934112549, 1713.02966309, 1062.50817871, 264.978820801, 186.306549072, 147.078109741, 102.133529663, 51.5580062866, 25.4806346893, 16.4677562714, 9.15222358704, 5.04400920868, 1.22838866711, 0.133771330118, 0.00581638189033, 8.48944328027e-05, 2.67979515911e-07]}, "gfcc": {"mean": [-8.51089668274, 88.0385665894, -98.5075759888, 19.2749977112, -60.064704895, 5.6295170784, -41.6474990845, 2.118257761, -26.99908638, -0.265145361423, -19.0340690613, 1.55660235882, -11.5629739761], "cov": [[17641.7539062, -2901.17944336, -532.205627441, 2430.94555664, 511.43081665, 1717.67260742, 144.743362427, 1454.3269043, 427.721618652, 1119.60998535, -24.9498538971, 306.538482666, -309.639007568], [-2901.17944336, 1345.81872559, 137.891891479, -264.221893311, 164.476242065, -212.507385254, 138.782791138, -156.391387939, 91.1795425415, -130.694229126, 124.526252747, -54.6777229309, 88.4364547729], [-532.205627441, 137.891891479, 1122.19274902, 170.02696228, 197.030883789, 159.559448242, 221.856750488, 60.9694061279, 112.041557312, 59.1604995728, 75.2630462646, 47.4394683838, 61.2712974548], [2430.94555664, -264.221893311, 170.02696228, 774.004821777, 223.362213135, 352.107727051, 148.595458984, 276.232177734, 120.71245575, 185.389938354, 55.3936576843, 55.1243553162, 17.1433048248], [511.43081665, 164.476242065, 197.030883789, 223.362213135, 376.964385986, 246.930175781, 145.956451416, 124.90587616, 115.614059448, 72.4050216675, 44.8723716736, 19.720331192, 11.7890558243], [1717.67260742, -212.507385254, 159.559448242, 352.107727051, 246.930175781, 429.382263184, 143.3019104, 203.805725098, 116.823242188, 158.293075562, 12.262014389, 47.8635215759, -24.5700721741], [144.743362427, 138.782791138, 221.856750488, 148.595458984, 145.956451416, 143.3019104, 195.562561035, 112.250854492, 91.6110839844, 69.7635574341, 66.9425735474, 9.59593963623, 9.73615550995], [1454.3269043, -156.391387939, 60.9694061279, 276.232177734, 124.90587616, 203.805725098, 112.250854492, 250.371109009, 126.756118774, 140.674591064, 32.885093689, 31.0604381561, -31.1737728119], [427.721618652, 91.1795425415, 112.041557312, 120.71245575, 115.614059448, 116.823242188, 91.6110839844, 126.756118774, 163.430206299, 99.5574417114, 46.6483039856, 9.18867301941, -5.38687610626], [1119.60998535, -130.694229126, 59.1604995728, 185.389938354, 72.4050216675, 158.293075562, 69.7635574341, 140.674591064, 99.5574417114, 161.976104736, 48.5463180542, 20.6687145233, -26.0737266541], [-24.9498538971, 124.526252747, 75.2630462646, 55.3936576843, 44.8723716736, 12.262014389, 66.9425735474, 32.885093689, 46.6483039856, 48.5463180542, 86.1624221802, 15.1591768265, 8.14893913269], [306.538482666, -54.6777229309, 47.4394683838, 55.1243553162, 19.720331192, 47.8635215759, 9.59593963623, 31.0604381561, 9.18867301941, 20.6687145233, 15.1591768265, 54.8967399597, 14.6070575714], [-309.639007568, 88.4364547729, 61.2712974548, 17.1433048248, 11.7890558243, -24.5700721741, 9.73615550995, -31.1737728119, -5.38687610626, -26.0737266541, 8.14893913269, 14.6070575714, 61.6004943848]], "icov": [[0.000330731651047, 0.000162901444128, 0.000168449914781, -0.000450112711405, 1.63518370755e-06, -0.000400886492571, 0.00068339164136, -0.00093704694882, 0.00050159561215, -0.00107211316936, 0.000268960429821, -0.000454481516499, 0.000306121422909], [0.000162901444128, 0.00217414624058, 0.000373207381926, 0.000105309067294, -0.00114139297511, 0.000678608485032, -0.00116716965567, 0.00103817426134, -0.00220483611338, 0.00157982879318, -0.00224715075456, 0.000909166410565, -0.000946452375501], [0.000168449914781, 0.000373207381926, 0.00143660767935, -0.000354192015948, -0.000317942234688, 0.000155399262439, -0.00169629824813, 0.000848017400131, -0.000693094159942, -0.000621599610895, 0.000618764315732, -0.00140795693733, -0.000271048571449], [-0.000450112711405, 0.000105309067294, -0.000354192015948, 0.00381416059099, -0.000285904592602, -0.00124084169511, 0.000225354116992, -0.00197937595658, 0.000774726795498, 0.00122369441669, -0.00268948334269, 0.00265270867385, -0.00428793719038], [1.63518370755e-06, -0.00114139297511, -0.000317942234688, -0.000285904592602, 0.00649336958304, -0.00435226084664, 0.000516857544426, -0.00124890531879, -0.000863011402544, 0.00244378182106, -0.00165375007782, 0.001388457953, -0.000801253772806], [-0.000400886492571, 0.000678608485032, 0.000155399262439, -0.00124084169511, -0.00435226084664, 0.0109414439648, -0.00676498841494, 0.00398775842041, -0.0015661289217, -0.00473057059571, 0.0082695549354, -0.00625842856243, 0.00373658258468], [0.00068339164136, -0.00116716965567, -0.00169629824813, 0.000225354116992, 0.000516857544426, -0.00676498841494, 0.0190106891096, -0.0101722031832, 0.00315786362626, 0.00137847987935, -0.0103776678443, 0.00720618339255, -0.0036907393951], [-0.00093704694882, 0.00103817426134, 0.000848017400131, -0.00197937595658, -0.00124890531879, 0.00398775842041, -0.0101722031832, 0.0205417033285, -0.00957409944385, -0.00131636601873, 0.00533865345642, -0.00653367675841, 0.00678817695007], [0.00050159561215, -0.00220483611338, -0.000693094159942, 0.000774726795498, -0.000863011402544, -0.0015661289217, 0.00315786362626, -0.00957409944385, 0.0186883583665, -0.00927169434726, 0.000246517243795, 0.00232936558314, -0.00251840497367], [-0.00107211316936, 0.00157982879318, -0.000621599610895, 0.00122369441669, 0.00244378182106, -0.00473057059571, 0.00137847987935, -0.00131636601873, -0.00927169434726, 0.0275426153094, -0.0156230935827, 0.00587496068329, 0.000902864907403], [0.000268960429821, -0.00224715075456, 0.000618764315732, -0.00268948334269, -0.00165375007782, 0.0082695549354, -0.0103776678443, 0.00533865345642, 0.000246517243795, -0.0156230935827, 0.0324591062963, -0.01386848744, 0.00507131172344], [-0.000454481516499, 0.000909166410565, -0.00140795693733, 0.00265270867385, 0.001388457953, -0.00625842856243, 0.00720618339255, -0.00653367675841, 0.00232936558314, 0.00587496068329, -0.01386848744, 0.0323701836169, -0.0132856983691], [0.000306121422909, -0.000946452375501, -0.000271048571449, -0.00428793719038, -0.000801253772806, 0.00373658258468, -0.0036907393951, 0.00678817695007, -0.00251840497367, 0.000902864907403, 0.00507131172344, -0.0132856983691, 0.0288978144526]]}, "melbands": {"dmean": [0.00655796891078, 0.00273326737806, 0.00104239874054, 0.00046287375153, 0.000333813921316, 0.000187085519428, 9.69484171947e-05, 0.000169966049725, 7.41702242522e-05, 5.41465924471e-05, 4.97787768836e-05, 2.32024995057e-05, 3.53652358172e-05, 2.49296499533e-05, 2.76716873486e-05, 3.30318580382e-05, 1.65332949109e-05, 1.55513553182e-05, 1.22823503261e-05, 1.23889230963e-05, 1.01419973362e-05, 8.22133370093e-06, 9.6665798992e-06, 5.67737151869e-06, 4.38230836153e-06, 7.14041834726e-06, 6.3129150476e-06, 4.21801860284e-06, 2.69664178632e-06, 2.41069960794e-06, 2.1145451683e-06, 1.83519136954e-06, 1.78606728696e-06, 2.0025242975e-06, 1.75573063643e-06, 1.15759360142e-06, 1.26565998926e-06, 1.11846532036e-06, 1.08892675144e-06, 1.14991462397e-06], "dmean2": [0.00969048216939, 0.00434707244858, 0.00170398980845, 0.00070886767935, 0.000444365112344, 0.000265793380095, 0.000139060779475, 0.000243801667239, 9.75922157522e-05, 7.42461052141e-05, 7.11434477125e-05, 3.38650061167e-05, 5.13571940246e-05, 3.7675810745e-05, 4.20780452259e-05, 4.56086054328e-05, 2.61623408733e-05, 2.36079467868e-05, 1.93685737031e-05, 1.98834386538e-05, 1.60174913617e-05, 1.27799221445e-05, 1.59149803949e-05, 8.57848772284e-06, 7.00145574228e-06, 1.13593014248e-05, 1.01892919702e-05, 6.88640102453e-06, 4.29229976362e-06, 3.77974242838e-06, 3.31941168952e-06, 2.85095916297e-06, 2.74268654721e-06, 3.20402637044e-06, 2.8290546652e-06, 1.88874560081e-06, 2.06581535167e-06, 1.79065466455e-06, 1.73796661329e-06, 1.88383455679e-06], "dvar": [0.000188475532923, 3.93692644138e-05, 7.36147603675e-06, 6.12274277501e-07, 2.00327505695e-07, 1.04577928539e-07, 2.94448234683e-08, 9.28593024696e-08, 1.89290449981e-08, 8.69094840539e-09, 7.16427717151e-09, 1.95149141291e-09, 7.16807457835e-09, 4.12276923711e-09, 2.36077513094e-09, 3.76315298922e-08, 6.66283472839e-10, 1.39766731522e-09, 5.75643421818e-10, 3.45162787241e-10, 3.69740515982e-10, 2.18340998059e-10, 3.31037114387e-10, 3.03832126125e-10, 8.54809070749e-11, 8.42640845988e-10, 5.47138501172e-10, 2.18750850767e-10, 1.36578290344e-10, 2.69901930666e-11, 1.76569349419e-11, 2.20846604893e-11, 1.10487634666e-11, 1.45221647208e-11, 1.12871387584e-11, 4.93533339196e-12, 6.81101008926e-12, 5.44361300828e-12, 5.34669921184e-12, 6.41193912201e-12], "dvar2": [0.000421273492975, 8.52921366459e-05, 1.90565351659e-05, 1.54651581852e-06, 4.11632214536e-07, 1.95016426119e-07, 5.2696194075e-08, 1.62353259725e-07, 3.42614967508e-08, 1.56108317384e-08, 1.53271475511e-08, 4.31158220238e-09, 1.4918400737e-08, 9.89038984045e-09, 5.56762280723e-09, 6.69101325457e-08, 1.64598490393e-09, 2.20963825015e-09, 1.07333508748e-09, 8.66690164081e-10, 8.81433981359e-10, 4.37518993257e-10, 7.82235776153e-10, 7.42284844701e-10, 2.11998862909e-10, 2.08995887263e-09, 1.41110012564e-09, 5.77863867868e-10, 3.56759205511e-10, 7.23690066207e-11, 4.35480401739e-11, 4.89692210393e-11, 2.6317050969e-11, 3.49342083039e-11, 2.79232019451e-11, 1.25741110232e-11, 1.74285655352e-11, 1.35992129016e-11, 1.31349228369e-11, 1.63721414898e-11], "max": [0.0987870022655, 0.0475456155837, 0.0346423983574, 0.0115724597126, 0.00768586387858, 0.00869616027921, 0.00266348267905, 0.00586480041966, 0.00281126913615, 0.00180217123125, 0.00226671318524, 0.000708956969902, 0.00182411284186, 0.00184794724919, 0.000946491607465, 0.00607159128413, 0.000296976300888, 0.00201895041391, 0.00107314134948, 0.000285363581497, 0.000387579930248, 0.000415663525928, 0.000351068738382, 0.000399763026508, 0.000198115492822, 0.000518514425494, 0.000456571026007, 0.000453002110589, 0.000345149659552, 0.000104941143945, 7.49973623897e-05, 0.00011805172835, 6.71509187669e-05, 6.26218534308e-05, 4.21773402195e-05, 3.14657881972e-05, 4.72459614684e-05, 3.94592534576e-05, 5.3938547353e-05, 2.48846699833e-05], "mean": [0.00685862125829, 0.00339937582612, 0.00138140982017, 0.000965747982264, 0.000946389045566, 0.000464245444164, 0.000237302621827, 0.00038931259769, 0.000188892576261, 0.000124050609884, 0.000108193133201, 4.55717781733e-05, 6.79266377119e-05, 4.7032324801e-05, 5.10593272338e-05, 5.41329536645e-05, 2.92784206977e-05, 2.69665360975e-05, 2.2760261345e-05, 2.14175051951e-05, 1.65818419191e-05, 1.59871615324e-05, 1.5824665752e-05, 1.01093019111e-05, 7.6028809417e-06, 9.46549880609e-06, 9.02105693967e-06, 7.42137945053e-06, 4.34038065578e-06, 4.20988135375e-06, 3.9342112359e-06, 3.33808793584e-06, 2.97972701446e-06, 3.13560144605e-06, 2.51842743637e-06, 1.6053041918e-06, 1.76813182406e-06, 1.51289634687e-06, 1.36343714985e-06, 1.2396690181e-06], "median": [0.000723701668903, 0.00106709904503, 0.000612273288425, 0.000672067864798, 0.000505124626216, 0.000250833312748, 8.93171527423e-05, 0.000125373509945, 8.62740707817e-05, 5.42288689758e-05, 6.58944627503e-05, 2.09342142625e-05, 2.70477703452e-05, 2.22252419917e-05, 2.59986554738e-05, 1.71956562554e-05, 1.18555926747e-05, 1.1209069271e-05, 1.00857623693e-05, 1.10988612505e-05, 7.85363044997e-06, 7.7718468674e-06, 7.74316322349e-06, 4.0072691263e-06, 3.69130566469e-06, 2.53723737842e-06, 2.21470372708e-06, 2.06470849662e-06, 1.34172955768e-06, 1.36474375267e-06, 1.16816249829e-06, 9.08919560061e-07, 7.6368110058e-07, 6.58336034576e-07, 4.74518287774e-07, 3.43340616382e-07, 3.19000093896e-07, 2.88753028599e-07, 2.3478933997e-07, 2.04983180652e-07], "min": [3.33636050001e-15, 1.60563036086e-15, 5.70325600474e-16, 2.34697980138e-16, 3.53657365128e-17, 5.55781197737e-17, 2.76962859563e-16, 7.67229208733e-16, 1.25207425587e-15, 1.11671966145e-15, 1.48482959242e-15, 1.68476833148e-15, 1.2794580899e-15, 4.223895757e-16, 5.49585151727e-16, 3.3820683566e-16, 1.26449935571e-16, 1.40863855529e-16, 4.76503784313e-16, 1.25149181484e-15, 1.12653349106e-15, 4.08575659471e-16, 2.08002426551e-16, 3.87180348377e-16, 2.66118482028e-16, 2.35151275113e-16, 8.73469057296e-16, 3.32744293714e-16, 2.72533406644e-16, 1.6802195528e-16, 5.68148937558e-16, 2.0793954759e-16, 1.14747156318e-16, 1.88946382229e-16, 6.0006032151e-16, 5.77610189699e-16, 2.52291304439e-16, 5.14475159608e-16, 3.67824401452e-16, 7.85184771968e-16], "var": [0.000245870149229, 4.83433395857e-05, 6.51221762382e-06, 1.28544058953e-06, 1.20390393477e-06, 3.85732846553e-07, 9.68198463625e-08, 3.40821117106e-07, 7.32878362442e-08, 3.19547268646e-08, 1.83176176449e-08, 4.02190014626e-09, 1.6748961329e-08, 8.28771984374e-09, 5.27928234462e-09, 7.73425341549e-08, 1.53812362846e-09, 3.73851616331e-09, 1.54767798577e-09, 7.34777738653e-10, 7.31738725168e-10, 7.42871486548e-10, 7.00135116549e-10, 5.07087150048e-10, 1.77046668992e-10, 8.29049107143e-10, 6.30984764438e-10, 4.51495452136e-10, 1.59909058217e-10, 7.58161658454e-11, 6.09080702541e-11, 6.47417744415e-11, 2.9615618985e-11, 3.2725936544e-11, 2.02259181625e-11, 8.80832906613e-12, 1.35945126684e-11, 1.01081287437e-11, 8.03115646902e-12, 6.41647889335e-12]}, "mfcc": {"mean": [-652.262573242, 120.785179138, 11.8466596603, 17.4686374664, 1.86006784439, 1.72250318527, -5.96745109558, -1.35418140888, -3.92128825188, -5.43963050842, -3.90479326248, -2.67768478394, -4.02995681763], "cov": [[10502.2353516, -267.005187988, -227.123931885, 403.29864502, 553.81652832, 588.50378418, 477.362640381, 516.46295166, 548.135253906, 656.896850586, 595.375549316, 562.538696289, 572.52935791], [-267.005187988, 803.292785645, -81.4238204956, 4.22564792633, 53.6307601929, 27.248758316, 13.1032791138, 44.3011322021, 30.263420105, 23.05859375, 50.4743843079, 36.1899757385, 32.5160598755], [-227.123931885, -81.4238204956, 733.272277832, 213.075088501, 84.8308486938, 114.4556427, 101.312797546, 66.9703826904, 72.8258514404, 52.3642501831, 43.0448150635, 53.3460044861, 69.3525314331], [403.29864502, 4.22564792633, 213.075088501, 361.759979248, 139.712142944, 97.8650665283, 130.243835449, 97.2173309326, 81.0442504883, 103.79573822, 58.2607917786, 61.8745269775, 72.7273101807], [553.81652832, 53.6307601929, 84.8308486938, 139.712142944, 267.499938965, 184.291885376, 107.432952881, 124.565597534, 116.791442871, 89.4974594116, 70.1824951172, 64.3724212646, 63.9791412354], [588.50378418, 27.248758316, 114.4556427, 97.8650665283, 184.291885376, 251.617477417, 141.269500732, 112.245803833, 108.989128113, 87.3013916016, 73.1437683105, 74.5596084595, 62.4953041077], [477.362640381, 13.1032791138, 101.312797546, 130.243835449, 107.432952881, 141.269500732, 178.395004272, 105.109298706, 70.9501342773, 83.7265014648, 64.5246505737, 57.7374038696, 60.9798316956], [516.46295166, 44.3011322021, 66.9703826904, 97.2173309326, 124.565597534, 112.245803833, 105.109298706, 150.496429443, 108.168937683, 73.6158752441, 69.4679489136, 72.6284103394, 58.9064712524], [548.135253906, 30.263420105, 72.8258514404, 81.0442504883, 116.791442871, 108.989128113, 70.9501342773, 108.168937683, 140.637756348, 100.125946045, 73.8182449341, 71.9121856689, 63.8239784241], [656.896850586, 23.05859375, 52.3642501831, 103.79573822, 89.4974594116, 87.3013916016, 83.7265014648, 73.6158752441, 100.125946045, 162.736328125, 105.201835632, 76.6801376343, 84.1144180298], [595.375549316, 50.4743843079, 43.0448150635, 58.2607917786, 70.1824951172, 73.1437683105, 64.5246505737, 69.4679489136, 73.8182449341, 105.201835632, 128.04347229, 98.2392578125, 76.0742263794], [562.538696289, 36.1899757385, 53.3460044861, 61.8745269775, 64.3724212646, 74.5596084595, 57.7374038696, 72.6284103394, 71.9121856689, 76.6801376343, 98.2392578125, 132.510345459, 88.0441741943], [572.52935791, 32.5160598755, 69.3525314331, 72.7273101807, 63.9791412354, 62.4953041077, 60.9798316956, 58.9064712524, 63.8239784241, 84.1144180298, 76.0742263794, 88.0441741943, 121.129508972]], "icov": [[0.000176953981281, 0.000138714662171, 0.000201779446797, -4.29714491474e-05, 2.58642721747e-05, -0.000155549030751, -8.38663254399e-07, -0.000118183983432, -0.000146287842654, -8.64689500304e-05, -0.000335964432452, -1.08320746222e-05, -0.000482866424136], [0.000138714662171, 0.00143951456994, 0.00036171177635, -7.43574128137e-05, -0.000169224134879, -0.00011259920575, 0.000205965843634, -0.000431335822213, -7.0439047704e-05, 0.000392075802665, -0.00110210629646, 0.000301565160044, -0.000713150948286], [0.000201779446797, 0.00036171177635, 0.0020551152993, -0.00118565536104, 0.000577162427362, -0.000920967315324, -0.000102669859189, 0.00037089100806, -0.00113558827434, 0.00110003678128, -0.000947076943703, 0.000437377020717, -0.00136261503212], [-4.29714491474e-05, -7.43574128137e-05, -0.00118565536104, 0.00532262166962, -0.00245364150032, 0.00231365021318, -0.00287229893729, -0.000323274143739, 0.000929408299271, -0.00279408250935, 0.0025561505463, -0.00149936554953, 0.000346659100614], [2.58642721747e-05, -0.000169224134879, 0.000577162427362, -0.00245364150032, 0.0104624330997, -0.00659946911037, 0.0030977318529, -0.0039713489823, -0.00141983269714, 0.000449973333161, -0.00130418490153, 0.00271720811725, -0.00140377448406], [-0.000155549030751, -0.00011259920575, -0.000920967315324, 0.00231365021318, -0.00659946911037, 0.0133756035939, -0.00825614575297, 0.0034704443533, -0.00413898937404, 0.000742163974792, 0.00117552338634, -0.00313547998667, 0.00216330471449], [-8.38663254399e-07, 0.000205965843634, -0.000102669859189, -0.00287229893729, 0.0030977318529, -0.00825614575297, 0.0175742097199, -0.0103430561721, 0.00743606686592, -0.00412522582337, -0.000759663351346, 0.00275085563771, -0.00203778431751], [-0.000118183983432, -0.000431335822213, 0.00037089100806, -0.000323274143739, -0.0039713489823, 0.0034704443533, -0.0103430561721, 0.0250940974802, -0.0154494848102, 0.00693353218958, -0.00249491375871, -0.00322979222983, 0.00120687694289], [-0.000146287842654, -7.0439047704e-05, -0.00113558827434, 0.000929408299271, -0.00141983269714, -0.00413898937404, 0.00743606686592, -0.0154494848102, 0.0280056316406, -0.0125016272068, 0.00415453314781, -0.00255152443424, 0.000627995934337], [-8.64689500304e-05, 0.000392075802665, 0.00110003678128, -0.00279408250935, 0.000449973333161, 0.000742163974792, -0.00412522582337, 0.00693353218958, -0.0125016272068, 0.0232741460204, -0.0147506017238, 0.0064141638577, -0.00553745264187], [-0.000335964432452, -0.00110210629646, -0.000947076943703, 0.0025561505463, -0.00130418490153, 0.00117552338634, -0.000759663351346, -0.00249491375871, 0.00415453314781, -0.0147506017238, 0.0311559848487, -0.0160311404616, 0.00270861317404], [-1.08320746222e-05, 0.000301565160044, 0.000437377020717, -0.00149936554953, 0.00271720811725, -0.00313547998667, 0.00275085563771, -0.00322979222983, -0.00255152443424, 0.0064141638577, -0.0160311404616, 0.0257768332958, -0.0107892286032], [-0.000482866424136, -0.000713150948286, -0.00136261503212, 0.000346659100614, -0.00140377448406, 0.00216330471449, -0.00203778431751, 0.00120687694289, 0.000627995934337, -0.00553745264187, 0.00270861317404, -0.0107892286032, 0.0210212320089]]}, "spectral_contrast_coeffs": {"dmean": [0.049471385777, 0.0406977757812, 0.0353418551385, 0.0296003613621, 0.0242586098611, 0.0180892962962], "dmean2": [0.0791924223304, 0.0653014853597, 0.0553767457604, 0.0454387851059, 0.0384435579181, 0.0277241431177], "dvar": [0.0021681340877, 0.0013081576908, 0.00091102195438, 0.000608908943832, 0.000483290932607, 0.000256491708569], "dvar2": [0.00518209673464, 0.00318636512384, 0.00201825168915, 0.00137272721622, 0.00107686885167, 0.00057906442089], "max": [-0.217942818999, -0.415428847075, -0.54265743494, -0.542624115944, -0.612571835518, -0.648495197296], "mean": [-0.604014396667, -0.695441424847, -0.737205445766, -0.775104045868, -0.779051959515, -0.778279304504], "median": [-0.639188945293, -0.699327588081, -0.739744126797, -0.777806520462, -0.781170964241, -0.777363598347], "min": [-0.954719007015, -0.965839207172, -0.96263885498, -0.978875458241, -0.971581399441, -0.960883975029], "var": [0.0158772151917, 0.00465420493856, 0.00319167110138, 0.00314023182727, 0.00204793969169, 0.00137303385418]}, "spectral_contrast_valleys": {"dmean": [0.567116320133, 0.365670114756, 0.363882154226, 0.33004707098, 0.300064593554, 0.462053567171], "dmean2": [0.858693659306, 0.584015607834, 0.535788476467, 0.464942842722, 0.406947433949, 0.574406564236], "dvar": [0.483818084002, 0.190055593848, 0.177991360426, 0.181785345078, 0.179172769189, 0.28895893693], "dvar2": [0.811575055122, 0.31702208519, 0.260231107473, 0.236308246851, 0.245850682259, 0.469059854746], "max": [-4.57319688797, -4.9684252739, -5.00560235977, -5.4614906311, -5.75070762634, -7.81477451324], "mean": [-7.45666790009, -6.9562587738, -7.69307231903, -8.040974617, -8.06552314758, -10.2088708878], "median": [-6.79931354523, -6.8