{"lowlevel": {"average_loudness": 0.858571827412, "barkbands_crest": {"dmean": 2.93091630936, "dmean2": 4.63545799255, "dvar": 6.47881698608, "dvar2": 16.6764144897, "max": 24.9332332611, "mean": 11.9242277145, "median": 11.4675989151, "min": 2.64390015602, "var": 18.4616851807}, "barkbands_flatness_db": {"dmean": 0.0221824645996, "dmean2": 0.0340750366449, "dvar": 0.000652111542877, "dvar2": 0.00148911541328, "max": 0.439769685268, "mean": 0.125642165542, "median": 0.113072797656, "min": 0.0184244327247, "var": 0.00319518055767}, "barkbands_kurtosis": {"dmean": 3.40817570686, "dmean2": 5.29803180695, "dvar": 34.4108428955, "dvar2": 84.8288650513, "max": 110.862915039, "mean": 5.78330469131, "median": 3.15250778198, "min": -1.8394036293, "var": 71.8753433228}, "barkbands_skewness": {"dmean": 0.557573080063, "dmean2": 0.85256421566, "dvar": 0.367150962353, "dvar2": 0.915521621704, "max": 9.59996414185, "mean": 2.03564214706, "median": 1.85993289948, "min": -2.11517381668, "var": 1.2866345644}, "barkbands_spread": {"dmean": 7.2610411644, "dmean2": 11.0212621689, "dvar": 71.9702529907, "dvar2": 159.926757812, "max": 104.475654602, "mean": 27.4963512421, "median": 25.3047199249, "min": 1.26914417744, "var": 246.455032349}, "dissonance": {"dmean": 0.0221706125885, "dmean2": 0.0367583669722, "dvar": 0.000521353969816, "dvar2": 0.00134633516427, "max": 0.500000059605, "mean": 0.451165050268, "median": 0.46076977253, "min": 0.142097488046, "var": 0.00142948096618}, "dynamic_complexity": 3.57313251495, "erbbands_crest": {"dmean": 2.88688135147, "dmean2": 4.60373258591, "dvar": 7.87966966629, "dvar2": 18.1907272339, "max": 31.6956691742, "mean": 9.16187095642, "median": 7.79016399384, "min": 2.21725535393, "var": 25.6423625946}, "erbbands_flatness_db": {"dmean": 0.0152788143605, "dmean2": 0.0228149015456, "dvar": 0.000331009476213, "dvar2": 0.000631483329926, "max": 0.458503574133, "mean": 0.12250880897, "median": 0.107847370207, "min": 0.054563883692, "var": 0.00262520322576}, "erbbands_kurtosis": {"dmean": 1.1059422493, "dmean2": 1.69656145573, "dvar": 6.86944007874, "dvar2": 15.3171854019, "max": 80.6832962036, "mean": 0.347782105207, "median": -0.614229679108, "min": -1.80812084675, "var": 12.3146467209}, "erbbands_skewness": {"dmean": 0.377144902945, "dmean2": 0.560910284519, "dvar": 0.164647728205, "dvar2": 0.36604526639, "max": 7.27734565735, "mean": 0.595717072487, "median": 0.48147508502, "min": -2.31913685799, "var": 0.576251447201}, "erbbands_spread": {"dmean": 10.943403244, "dmean2": 16.4423007965, "dvar": 117.18901825, "dvar2": 228.028182983, "max": 121.671607971, "mean": 56.6828804016, "median": 57.6677780151, "min": 1.6038287878, "var": 485.816711426}, "hfc": {"dmean": 10.9224996567, "dmean2": 15.4147062302, "dvar": 348.407165527, "dvar2": 741.750183105, "max": 213.733413696, "mean": 30.5671920776, "median": 19.7196712494, "min": 1.19417126889e-16, "var": 955.479003906}, "melbands_crest": {"dmean": 3.49570560455, "dmean2": 5.5871424675, "dvar": 10.7048778534, "dvar2": 27.0584964752, "max": 36.628452301, "mean": 16.7775173187, "median": 15.941321373, "min": 1.77044463158, "var": 32.7016906738}, "melbands_flatness_db": {"dmean": 0.0270584132522, "dmean2": 0.0412595942616, "dvar": 0.00101303658448, "dvar2": 0.00230032275431, "max": 0.563447058201, "mean": 0.198595315218, "median": 0.185290813446, "min": 0.00407513417304, "var": 0.00505777960643}, "melbands_kurtosis": {"dmean": 9.84139633179, "dmean2": 15.5914640427, "dvar": 236.113922119, "dvar2": 588.797912598, "max": 310.960723877, "mean": 22.1148834229, "median": 15.6944389343, "min": -1.67145729065, "var": 503.090240479}, "melbands_skewness": {"dmean": 0.846323251724, "dmean2": 1.31043231487, "dvar": 0.786908864975, "dvar2": 1.85917949677, "max": 14.465133667, "mean": 3.59621548653, "median": 3.39517784119, "min": -1.79040849209, "var": 2.7497420311}, "melbands_spread": {"dmean": 6.85028266907, "dmean2": 10.6999721527, "dvar": 101.548591614, "dvar2": 244.080459595, "max": 165.636322021, "mean": 20.8525867462, "median": 17.71626091, "min": 1.14799940586, "var": 260.480682373}, "pitch_salience": {"dmean": 0.0771738812327, "dmean2": 0.125666409731, "dvar": 0.00499788485467, "dvar2": 0.0132872173563, "max": 0.830492734909, "mean": 0.489363342524, "median": 0.492022514343, "min": 0.106137700379, "var": 0.013515451923}, "silence_rate_20dB": {"dmean": 0, "dmean2": 0, "dvar": 0, "dvar2": 0, "max": 1, "mean": 1, "median": 1, "min": 1, "var": 0}, "silence_rate_30dB": {"dmean": 0.00285074324347, "dmean2": 0.00570206716657, "dvar": 0.00284256017767, "dvar2": 0.00831711292267, "max": 1, "mean": 0.998472988605, "median": 1, "min": 0, "var": 0.00152455351781}, "silence_rate_60dB": {"dmean": 0.0482590086758, "dmean2": 0.096426025033, "dvar": 0.0459263287485, "dvar2": 0.100763857365, "max": 1, "mean": 0.0906036868691, "median": 0, "min": 0, "var": 0.0823874846101}, "spectral_centroid": {"dmean": 281.498901367, "dmean2": 436.269256592, "dvar": 110669.359375, "dvar2": 252935.1875, "max": 10466.6806641, "mean": 1402.52380371, "median": 1342.4576416, "min": 309.896728516, "var": 360387.125}, "spectral_complexity": {"dmean": 3.72531056404, "dmean2": 5.90102863312, "dvar": 26.0405769348, "dvar2": 59.2683486938, "max": 59, "mean": 17.4870204926, "median": 12, "min": 0, "var": 153.80506897}, "spectral_decrease": {"dmean": 2.55399346116e-09, "dmean2": 4.01891808721e-09, "dvar": 1.09905908075e-17, "dvar2": 2.9182799662e-17, "max": 8.20911940603e-20, "mean": -9.56918011497e-09, "median": -9.27753429636e-09, "min": -3.4673270477e-08, "var": 5.29680936258e-17}, "spectral_energy": {"dmean": 0.0102824997157, "dmean2": 0.0160437822342, "dvar": 0.00017590400239, "dvar2": 0.000456111651147, "max": 0.136234730482, "mean": 0.0388888716698, "median": 0.0374239645898, "min": 1.05222511484e-20, "var": 0.000860510219354}, "spectral_energyband_high": {"dmean": 0.00112568889745, "dmean2": 0.00161313521676, "dvar": 4.20749938712e-06, "dvar2": 8.90678529686e-06, "max": 0.0222778748721, "mean": 0.0024963633623, "median": 0.00133345718496, "min": 7.87449205183e-21, "var": 9.85801943898e-06}, "spectral_energyband_low": {"dmean": 0.00693804398179, "dmean2": 0.0112223634496, "dvar": 0.00011653972615, "dvar2": 0.000328182941303, "max": 0.0983897820115, "mean": 0.0208683386445, "median": 0.0187101922929, "min": 5.52324686214e-23, "var": 0.000421389937401}, "spectral_energyband_middle_high": {"dmean": 0.00143084442243, "dmean2": 0.00226846360601, "dvar": 3.35519507644e-06, "dvar2": 8.37299467094e-06, "max": 0.0221319999546, "mean": 0.00387817667797, "median": 0.00229504029267, "min": 1.48563061751e-21, "var": 1.40958081829e-05}, "spectral_energyband_middle_low": {"dmean": 0.00522247469053, "dmean2": 0.00822450872511, "dvar": 7.70028782426e-05, "dvar2": 0.000193028856302, "max": 0.109812773764, "mean": 0.0126003324986, "median": 0.00981186144054, "min": 2.68524137439e-22, "var": 0.000143789671711}, "spectral_entropy": {"dmean": 0.164632752538, "dmean2": 0.240144833922, "dvar": 0.0508693046868, "dvar2": 0.0971620827913, "max": 9.80110836029, "mean": 7.83230209351, "median": 7.91525316238, "min": 4.45284366608, "var": 0.231782436371}, "spectral_flux": {"dmean": 0.0264287255704, "dmean2": 0.0414914004505, "dvar": 0.00100935180672, "dvar2": 0.00233499729075, "max": 0.331673026085, "mean": 0.0857069864869, "median": 0.0789465680718, "min": 1.99662895284e-06, "var": 0.00259159645066}, "spectral_kurtosis": {"dmean": 0.763877749443, "dmean2": 1.18564784527, "dvar": 4.06149816513, "dvar2": 8.55529403687, "max": 88.3298950195, "mean": 2.23404479027, "median": 1.61158561707, "min": -1.27075469494, "var": 9.90676403046}, "spectral_rms": {"dmean": 0.000822743459139, "dmean2": 0.00123417330906, "dvar": 8.83400502971e-07, "dvar2": 2.10736584449e-06, "max": 0.011528743431, "mean": 0.00555018195882, "median": 0.00604244833812, "min": 3.20399913198e-12, "var": 7.13594135959e-06}, "spectral_rolloff": {"dmean": 769.229614258, "dmean2": 1293.77404785, "dvar": 1685021.125, "dvar2": 3693224.5, "max": 19616.7480469, "mean": 1668.02197266, "median": 947.4609375, "min": 64.599609375, "var": 4322165.5}, "spectral_skewness": {"dmean": 0.155839130282, "dmean2": 0.234353095293, "dvar": 0.056744903326, "dvar2": 0.10915800184, "max": 8.04082202911, "mean": 1.22033584118, "median": 1.12667357922, "min": 0.0655571445823, "var": 0.215748563409}, "spectral_spread": {"dmean": 585582.6875, "dmean2": 790699.5, "dvar": 737016217600, "dvar2": 1039938813950.0, "max": 50063932, "mean": 6721971.5, "median": 6565257.5, "min": 1092709.875, "var": 2503611777020.0}, "spectral_strongpeak": {"dmean": 0.31600522995, "dmean2": 0.521428406239, "dvar": 0.195161581039, "dvar2": 0.464495629072, "max": 5.4913816452, "mean": 0.665454387665, "median": 0.440928041935, "min": 0, "var": 0.374238669872}, "zerocrossingrate": {"dmean": 0.0140796210617, "dmean2": 0.0157663989812, "dvar": 0.00020951438637, "dvar2": 0.000250556448009, "max": 0.52099609375, "mean": 0.077631495893, "median": 0.07177734375, "min": 0.00390625, "var": 0.00208329153247}, "barkbands": {"dmean": [0.000337845500326, 0.00599663564935, 0.00241197785363, 0.000748779566493, 0.00304523808882, 0.00103821535595, 0.00126220169477, 0.000888215086889, 0.000648735265713, 0.000553768826649, 0.000468147394713, 0.000454699998954, 0.000170854225871, 0.000224333489314, 9.35670177569e-05, 0.000160183582921, 0.000120161217637, 0.000101787714812, 0.00011966504826, 0.000165922596352, 0.000216995453229, 0.000274060614174, 0.000266187620582, 0.00016418575251, 0.000210623271414, 8.33910526126e-05, 2.26889569603e-05], "dmean2": [0.000436103640823, 0.00956143718213, 0.00398606574163, 0.00120606156997, 0.00500161526725, 0.00164711568505, 0.00194663368165, 0.00138239213265, 0.00100645341445, 0.000878826365806, 0.000760385126341, 0.000754521635827, 0.000289668241749, 0.00039078303962, 0.000163103366503, 0.000274797232123, 0.000205464937608, 0.00017338267935, 0.000201503251446, 0.000274779362371, 0.000349189795088, 0.000436266243923, 0.000412913359469, 0.000243127768044, 0.000299525883747, 0.000118846466648, 3.30158472934e-05], "dvar": [4.18320524886e-07, 7.71975028329e-05, 3.37339624821e-05, 1.95208235709e-06, 5.4967316828e-05, 3.03727210849e-06, 4.23639721703e-06, 1.64259847679e-06, 1.08450080916e-06, 9.32258274133e-07, 8.49323726015e-07, 8.7368732693e-07, 1.69772562231e-07, 3.63551919236e-07, 3.03524849699e-08, 1.53325046881e-07, 3.5882369076e-08, 3.63188839003e-08, 3.4012909822e-08, 9.16928470929e-08, 1.40008069138e-07, 2.37861797814e-07, 2.49443104394e-07, 8.60923705659e-08, 1.94979989487e-07, 2.92101240973e-08, 1.51384826896e-09], "dvar2": [6.70535257541e-07, 0.000215001171455, 9.17616780498e-05, 5.17532453159e-06, 0.000139219075209, 7.57075576985e-06, 9.83777863439e-06, 3.68533778783e-06, 2.42770761361e-06, 2.25452617997e-06, 2.22433277486e-06, 2.34503977481e-06, 4.77162132029e-07, 1.06071991013e-06, 8.45476364475e-08, 4.3984798026e-07, 1.00146138493e-07, 9.9053764302e-08, 9.29357000246e-08, 2.26302830697e-07, 3.38832109037e-07, 5.62458922104e-07, 5.74762793804e-07, 1.85779114759e-07, 3.96832291472e-07, 6.21247338017e-08, 3.24307447563e-09], "max": [0.00860817916691, 0.081112511456, 0.0687652304769, 0.0196414403617, 0.0951431393623, 0.0370944701135, 0.050418343395, 0.0190804935992, 0.0184981226921, 0.0139432046562, 0.0123600177467, 0.015337061137, 0.0135708525777, 0.0105342185125, 0.00200035958551, 0.00868746079504, 0.00264174118638, 0.00279033486731, 0.00259184208699, 0.00532563403249, 0.00465420773253, 0.00549912126735, 0.00605784030631, 0.00361216650344, 0.00563916424289, 0.00188793556299, 0.000643623876385], "mean": [0.000695406342857, 0.0147413061932, 0.00463166367263, 0.00141643418465, 0.00430627120659, 0.00181501090992, 0.00224570790306, 0.0014912065817, 0.0010681314161, 0.000841307162773, 0.000693939626217, 0.000683554972056, 0.000261082896031, 0.000333228119416, 0.000139557683724, 0.000250883138506, 0.000204931973713, 0.00017378985649, 0.000253595178947, 0.000340752711054, 0.0004223617143, 0.000524844916072, 0.00049118779134, 0.000339693768183, 0.000351674651029, 0.000136545466376, 3.47753921233e-05], "median": [8.38163978187e-05, 0.0124114984646, 0.00190728809685, 0.000549578049686, 0.00141851045191, 0.000928284309339, 0.00107091083191, 0.000791925354861, 0.000471934297821, 0.0003865272447, 0.000237357628066, 0.000229591023526, 8.51996737765e-05, 6.03665903327e-05, 4.68327671115e-05, 6.24950553174e-05, 0.000103695761936, 6.83874095557e-05, 0.000114023750939, 0.000155230707605, 0.000204749609111, 0.000267264840659, 0.000232528924244, 0.00015793532657, 0.000112320623884, 4.46399208158e-05, 1.36001444844e-05], "min": [2.49185974387e-24, 3.12348055473e-23, 2.14007440182e-23, 3.25773067851e-24, 4.93431612692e-23, 2.93388604031e-23, 3.46556282876e-23, 4.52678332576e-23, 9.48790021307e-23, 6.73987421965e-23, 8.00843071283e-23, 1.03709359642e-22, 9.84275319852e-23, 8.21311739854e-23, 8.40677896424e-23, 1.9178624769e-22, 1.26359373767e-22, 2.34949838659e-22, 2.12880438783e-22, 3.21302869992e-22, 4.45941176455e-22, 5.49190977289e-22, 6.25557408214e-22, 5.53826147263e-22, 1.33204129253e-21, 1.65388270839e-21, 2.85823273964e-21], "var": [1.39954522638e-06, 0.000231036465266, 4.38151801063e-05, 4.3268491936e-06, 7.22648619558e-05, 6.45558702672e-06, 9.96462131297e-06, 3.77470996682e-06, 2.46748277277e-06, 1.50086680151e-06, 1.49707784658e-06, 1.54296992605e-06, 2.84714275267e-07, 6.51101174753e-07, 4.38114824419e-08, 2.82423485487e-07, 6.59241621292e-08, 6.03731891147e-08, 9.3577270377e-08, 2.39558659132e-07, 2.79435056427e-07, 4.64653680865e-07, 4.61952765818e-07, 2.02981055963e-07, 3.63011935178e-07, 5.20545775373e-08, 2.57438692586e-09]}, "erbbands": {"dmean": [0.206136032939, 1.34919929504, 2.77978396416, 2.40704298019, 4.62087154388, 13.5619707108, 10.1984729767, 9.37320423126, 21.9825286865, 14.8639373779, 15.4506626129, 13.8328371048, 16.23960495, 10.8554763794, 21.2423744202, 15.066327095, 9.20390415192, 9.55755138397, 7.48246860504, 6.62197256088, 6.06316518784, 7.62146282196, 4.63121271133, 6.88613653183, 5.94456768036, 7.42001533508, 7.82841205597, 9.6022644043, 8.64899539948, 10.7059202194, 7.13858413696, 3.97494387627, 2.72363948822, 2.61019587517, 1.29337751865, 0.504785299301, 0.122959718108, 0.0241846609861, 0.00318147568032, 0.000303589273244], "dmean2": [0.316809237003, 2.16008615494, 4.47836208344, 3.8889799118, 7.46386003494, 22.4669456482, 17.0503807068, 14.7369174957, 34.246509552, 22.7941799164, 23.8341464996, 21.6004390717, 25.9322280884, 17.1062221527, 34.7240600586, 24.7122135162, 15.2389822006, 16.5350532532, 13.0822257996, 11.4009370804, 10.2370738983, 13.0669717789, 7.87475728989, 11.6718940735, 9.97347164154, 12.5031328201, 12.5737771988, 15.5059299469, 13.798248291, 16.8948497772, 11.0583257675, 6.13007593155, 4.03278684616, 3.81422591209, 1.81232738495, 0.720537960529, 0.178111478686, 0.0354323983192, 0.00460224691778, 0.000440339528723], "dvar": [0.124735847116, 4.08934688568, 42.9686470032, 22.1158409119, 105.690185547, 1366.31347656, 351.411682129, 262.964172363, 1404.72180176, 517.618408203, 479.214477539, 551.7421875, 831.664916992, 437.599304199, 1803.12487793, 885.338012695, 430.121551514, 683.535217285, 319.429718018, 174.031494141, 147.956970215, 148.925048828, 75.6231384277, 120.925331116, 96.3261566162, 178.373428345, 198.635116577, 282.063140869, 229.324829102, 379.186584473, 175.807846069, 51.3530960083, 23.552148819, 28.5785446167, 8.0225353241, 1.24522805214, 0.055779453367, 0.00244923192076, 3.07364716718e-05, 4.71990233564e-07], "dvar2": [0.279368728399, 11.287270546, 114.319419861, 59.05493927, 256.732879639, 3546.18237305, 987.340881348, 624.086914062, 3346.66308594, 1112.43041992, 1069.00646973, 1276.26098633, 2106.26196289, 1070.8314209, 4674.46044922, 2330.59814453, 1179.68310547, 1971.74182129, 940.404418945, 499.108856201, 417.992248535, 419.514221191, 203.737304688, 339.141845703, 260.102539062, 482.600280762, 483.298858643, 683.212524414, 544.768676758, 881.576538086, 403.590637207, 116.732002258, 50.5776977539, 61.1214179993, 15.5611257553, 2.66426444054, 0.119262710214, 0.0054511744529, 6.46615517326e-05, 9.90837179415e-07], "max": [3.80778717995, 18.118894577, 73.6557312012, 60.4032363892, 160.630981445, 456.230957031, 258.502319336, 467.555725098, 905.108703613, 375.814239502, 454.718353271, 376.648040771, 387.000030518, 492.458679199, 587.382263184, 549.273498535, 638.851501465, 553.526611328, 333.286804199, 261.460998535, 240.04309082, 165.749313354, 126.342529297, 122.697288513, 149.951477051, 200.012008667, 200.501983643, 198.061279297, 176.175521851, 223.988357544, 156.847412109, 80.3874206543, 53.5120353699, 75.7049636841, 39.6731491089, 13.5262107849, 2.81143069267, 0.792062938213, 0.0679952427745, 0.0172814521939], "mean": [0.46152818203, 3.10689163208, 6.1323299408, 4.76580238342, 6.98409843445, 17.6656856537, 15.7951889038, 17.1882133484, 38.5437889099, 27.0256118774, 27.1145114899, 22.9495544434, 25.7277526855, 18.6330852509, 32.7221870422, 24.6610355377, 15.422039032, 14.665104866, 11.5604696274, 11.1424283981, 10.7195291519, 12.9558916092, 8.69495296478, 13.8977460861, 12.5047931671, 15.4365444183, 15.5912351608, 18.0493888855, 16.6303272247, 19.5829601288, 13.3467006683, 7.7793970108, 5.38848829269, 4.33300733566, 2.1772942543, 0.79923003912, 0.205649778247, 0.0396891459823, 0.00512957153842, 0.000468798156362], "median": [0.280479103327, 2.29997348785, 2.89518404007, 2.54263925552, 2.91822052002, 4.20278739929, 6.79031229019, 9.74780368805, 17.5761451721, 14.1774463654, 16.1600589752, 10.6779270172, 13.0176362991, 10.0856771469, 11.0734157562, 9.445936203, 5.719643116, 2.97913527489, 3.0873336792, 3.6797876358, 3.36546015739, 6.72814273834, 3.72315478325, 5.4572429657, 6.26864528656, 7.14508676529, 7.70318841934, 9.00054645538, 8.609333992, 9.45611286163, 6.22027254105, 3.49101448059, 2.39268898964, 1.42098331451, 0.643442690372, 0.240298420191, 0.0646951422095, 0.014373222366, 0.00190164346714, 0.000199409434572], "min": [6.61532848128e-22, 7.96912345261e-21, 2.62586805244e-20, 1.36799840562e-20, 7.33445733385e-20, 1.92640141228e-19, 1.67500571449e-19, 3.09513562726e-19, 2.27400584088e-19, 8.55565573767e-19, 1.92857966318e-18, 1.65563084395e-18, 1.84190705821e-18, 2.86292752115e-18, 4.04893825624e-18, 2.73378125968e-18, 3.76433229084e-18, 4.91674005432e-18, 4.10901059387e-18, 1.20828497191e-17, 4.92757487957e-18, 8.56893105592e-18, 1.15064404898e-17, 1.20932473794e-17, 1.23804932918e-17, 1.67763163553e-17, 1.82881510522e-17, 1.47245196613e-17, 1.9140613613e-17, 1.85186614735e-17, 1.82070674998e-17, 1.07882483676e-17, 1.2047630023e-17, 1.56780620386e-17, 8.76754787434e-18, 5.77058607469e-18, 3.39147091035e-18, 1.47963462355e-18, 4.03423170874e-19, 3.81812482835e-20], "var": [0.33985683322, 10.8844718933, 65.4746551514, 40.3907432556, 144.947799683, 1647.35119629, 561.109313965, 604.981445312, 3164.63598633, 1279.53869629, 1081.17138672, 1131.60754395, 1328.68676758, 841.526794434, 3342.5715332, 1634.62670898, 779.27557373, 1147.7434082, 515.675231934, 335.374969482, 307.840454102, 265.12677002, 137.817993164, 312.137329102, 227.258071899, 448.668273926, 394.693939209, 534.382751465, 460.392547607, 698.742126465, 331.793243408, 104.538619995, 53.5457839966, 50.2894859314, 15.9952821732, 2.09733963013, 0.107615299523, 0.00406707637012, 6.24984604656e-05, 6.63839273329e-07]}, "gfcc": {"mean": [16.8962154388, 53.1977615356, -87.3932876587, 25.0068912506, -73.9852676392, 11.6496391296, -27.2464752197, 9.41597557068, -17.1938343048, 5.22843265533, -10.2595071793, 6.37922334671, -9.660987854], "cov": [[14300.0058594, 81.150680542, 1092.51196289, 1510.48742676, 614.915771484, 850.873596191, -164.872528076, 96.3114547729, -346.799316406, 254.345245361, -253.541290283, -88.4670028687, -235.81640625], [81.150680542, 1196.16101074, 235.492675781, 366.938873291, 360.490600586, 116.128700256, 176.231246948, 101.853942871, 118.168067932, -24.5634250641, 53.2900276184, -81.6865158081, 32.104095459], [1092.51196289, 235.492675781, 696.345581055, 419.214233398, 286.935333252, 259.503234863, 141.738311768, 194.949661255, 95.8780899048, 138.693130493, 0.627516567707, -6.06854438782, -45.1604957581], [1510.48742676, 366.938873291, 419.214233398, 729.261108398, 383.462646484, 327.033996582, 131.733398438, 174.46144104, 57.4382629395, 108.210510254, -5.06321763992, -41.4453239441, -17.9600486755], [614.915771484, 360.490600586, 286.935333252, 383.462646484, 516.508789062, 240.49710083, 156.092605591, 122.719390869, 115.530609131, 84.1949310303, 10.1317720413, -16.3190402985, -21.973575592], [850.873596191, 116.128700256, 259.503234863, 327.033996582, 240.49710083, 320.910614014, 135.165206909, 148.70501709, 46.9001426697, 124.411865234, 13.4778223038, 6.34226322174, -8.58157730103], [-164.872528076, 176.231246948, 141.738311768, 131.733398438, 156.092605591, 135.165206909, 210.554321289, 121.909858704, 100.770080566, 53.3897361755, 51.3690452576, 0.907080411911, 13.4086971283], [96.3114547729, 101.853942871, 194.949661255, 174.46144104, 122.719390869, 148.70501709, 121.909858704, 195.354721069, 99.1938781738, 103.870765686, 29.9746112823, 19.7798748016, -9.65362548828], [-346.799316406, 118.168067932, 95.8780899048, 57.4382629395, 115.530609131, 46.9001426697, 100.770080566, 99.1938781738, 184.987686157, 67.2802124023, 46.207408905, -8.83104419708, 13.5642662048], [254.345245361, -24.5634250641, 138.693130493, 108.210510254, 84.1949310303, 124.411865234, 53.3897361755, 103.870765686, 67.2802124023, 165.226806641, 41.0712890625, 28.6970539093, -31.8598804474], [-253.541290283, 53.2900276184, 0.627516567707, -5.06321763992, 10.1317720413, 13.4778223038, 51.3690452576, 29.9746112823, 46.207408905, 41.0712890625, 99.1598052979, 37.6736183167, 29.8936004639], [-88.4670028687, -81.6865158081, -6.06854438782, -41.4453239441, -16.3190402985, 6.34226322174, 0.907080411911, 19.7798748016, -8.83104419708, 28.6970539093, 37.6736183167, 91.895324707, 23.4888763428], [-235.81640625, 32.104095459, -45.1604957581, -17.9600486755, -21.973575592, -8.58157730103, 13.4086971283, -9.65362548828, 13.5642662048, -31.8598804474, 29.8936004639, 23.4888763428, 120.476631165]], "icov": [[0.000119082767924, 1.53450910148e-05, -9.73786300165e-05, -0.000180545888725, 2.34879698837e-05, -0.000257913809037, 0.000221465772483, 0.000177026173333, 0.000142749733641, -3.81473037123e-05, 7.48547099647e-05, -7.96366566647e-06, 9.78500975179e-05], [1.53450910148e-05, 0.001436890685, -0.00015848041221, -0.000401066383347, -0.000853971403558, 0.000613699026871, -0.000262717629084, -0.000579122744966, 0.000238269465626, 0.00095134426374, -0.00138395396061, 0.00140561896842, -0.000307156558847], [-9.73786300165e-05, -0.00015848041221, 0.00278400746174, -0.0007516471087, -0.000154277629917, -8.29511336633e-05, -0.000458380003693, -0.00103906076401, -0.00040403965977, -0.000648162094876, 0.000860166852362, -0.000493404862937, 0.000473716732813], [-0.000180545888725, -0.000401066383347, -0.0007516471087, 0.00419136835262, -0.00146840966772, -0.00182114972267, 0.00108781643212, -0.00189809943549, 0.00105950352736, 0.000303751730826, -0.000793555285782, 0.00211730157025, -0.000829010386951], [2.34879698837e-05, -0.000853971403558, -0.000154277629917, -0.00146840966772, 0.00507098902017, -0.00231021735817, -0.00121548445895, 0.0026302409824, -0.00299671432003, 0.000317316007568, 0.00179274275433, -0.00242180400528, 0.00155182415619], [-0.000257913809037, 0.000613699026871, -8.29511336633e-05, -0.00182114972267, -0.00231021735817, 0.0118056656793, -0.00448628049344, -0.00282126339152, 0.00399042339996, -0.00546934176236, 0.00156662031077, 0.00105358439032, -0.00276791048236], [0.000221465772483, -0.000262717629084, -0.000458380003693, 0.00108781643212, -0.00121548445895, -0.00448628049344, 0.012303519994, -0.00443688454106, -0.00204948382452, 0.00393304461613, -0.00504820095375, 0.00191520643421, 0.000377757707611], [0.000177026173333, -0.000579122744966, -0.00103906076401, -0.00189809943549, 0.0026302409824, -0.00282126339152, -0.00443688454106, 0.0159504767507, -0.00522056780756, -0.00361833558418, 0.00372532336041, -0.00530998036265, 0.00162086775526], [0.000142749733641, 0.000238269465626, -0.00040403965977, 0.00105950352736, -0.00299671432003, 0.00399042339996, -0.00204948382452, -0.00522056780756, 0.0129152694717, -0.00425892882049, -0.00272982823662, 0.00565399602056, -0.00323550053872], [-3.81473037123e-05, 0.00095134426374, -0.000648162094876, 0.000303751730826, 0.000317316007568, -0.00546934176236, 0.00393304461613, -0.00361833558418, -0.00425892882049, 0.0162262544036, -0.00630416255444, -0.00213540857658, 0.00516585167497], [7.48547099647e-05, -0.00138395396061, 0.000860166852362, -0.000793555285782, 0.00179274275433, 0.00156662031077, -0.00504820095375, 0.00372532336041, -0.00272982823662, -0.00630416255444, 0.0196865238249, -0.0076672877185, -0.00273132929578], [-7.96366566647e-06, 0.00140561896842, -0.000493404862937, 0.00211730157025, -0.00242180400528, 0.00105358439032, 0.00191520643421, -0.00530998036265, 0.00565399602056, -0.00213540857658, -0.0076672877185, 0.0191175788641, -0.00429086294025], [9.78500975179e-05, -0.000307156558847, 0.000473716732813, -0.000829010386951, 0.00155182415619, -0.00276791048236, 0.000377757707611, 0.00162086775526, -0.00323550053872, 0.00516585167497, -0.00273132929578, -0.00429086294025, 0.0120461154729]]}, "melbands": {"dmean": [0.00166227750015, 0.00147379073314, 0.000417951494455, 0.000687556923367, 0.000409449916333, 0.000226036077947, 0.000291696080239, 0.000179905458936, 0.00013343070168, 8.49146454129e-05, 8.50865908433e-05, 4.94021369377e-05, 6.03772459726e-05, 4.57039423054e-05, 4.85714590468e-05, 1.41989439726e-05, 2.06709592021e-05, 1.47181262946e-05, 7.43211876397e-06, 1.43862762343e-05, 5.33628508492e-06, 9.29226280277e-06, 4.09752465202e-06, 5.13801523994e-06, 6.10847109783e-06, 4.38617780674e-06, 5.38964786756e-06, 5.35457593287e-06, 5.15137435286e-06, 5.68891573494e-06, 5.98897759119e-06, 5.22894879396e-06, 6.16950819676e-06, 6.08424670645e-06, 4.93455172546e-06, 2.95682889373e-06, 2.39174323724e-06, 1.81891334705e-06, 2.56629527939e-06, 2.18263494389e-06], "dmean2": [0.00261374935508, 0.00232803914696, 0.000678485666867, 0.00111406238284, 0.000690265675075, 0.000355762749678, 0.000455247616628, 0.000277723098407, 0.000204446681892, 0.000133249719511, 0.000135916561703, 7.77084933361e-05, 9.84527214314e-05, 7.57169400458e-05, 7.93949729996e-05, 2.4319449949e-05, 3.5815184674e-05, 2.58074633166e-05, 1.2896231965e-05, 2.48591277341e-05, 8.93431842997e-06, 1.59297651408e-05, 7.01220324117e-06, 8.70521762408e-06, 1.03763159132e-05, 7.32973967388e-06, 9.19949525269e-06, 9.05642173166e-06, 8.32752357383e-06, 9.36374453886e-06, 9.67966570897e-06, 8.54018799146e-06, 9.97477491183e-06, 9.61701880442e-06, 7.68847985455e-06, 4.72280953545e-06, 3.7339436858e-06, 2.81939105662e-06, 3.89839988202e-06, 3.22591336044e-06], "dvar": [6.66823916617e-06, 8.33072772366e-06, 6.07984020462e-07, 3.58218221663e-06, 6.16871489001e-07, 1.30445471314e-07, 2.41009871615e-07, 7.92078438394e-08, 4.27946957871e-08, 2.28657039969e-08, 2.29256595929e-08, 7.89319365424e-09, 1.37180302673e-08, 9.07085606627e-09, 1.2809593386e-08, 2.37899411282e-09, 3.5563476608e-09, 1.57369506315e-09, 1.82439577334e-10, 1.45671119611e-09, 9.80453704336e-11, 2.29210789238e-10, 4.85796576577e-11, 1.19543333565e-10, 9.58727194855e-11, 4.83312209698e-11, 1.00956458471e-10, 9.5914151621e-11, 9.71793895355e-11, 9.62047108644e-11, 1.13959376657e-10, 8.68984120772e-11, 1.33115185541e-10, 1.27305513353e-10, 9.19499129615e-11, 2.63443346998e-11, 1.99519463451e-11, 1.05161651956e-11, 2.54362000213e-11, 2.16141479714e-11], "dvar2": [1.7280166503e-05, 2.19363882934e-05, 1.60393040005e-06, 8.79006438481e-06, 1.77346976216e-06, 3.24762083892e-07, 5.73902241285e-07, 1.71459731746e-07, 9.18169789088e-08, 5.33228039501e-08, 5.75328940045e-08, 1.88633428877e-08, 3.56678349078e-08, 2.45114719633e-08, 3.31551923693e-08, 6.83572398685e-09, 1.0307153353e-08, 4.65764005142e-09, 5.11133635417e-10, 4.20739443285e-09, 2.71930894469e-10, 6.48419540283e-10, 1.34503588822e-10, 3.17120607551e-10, 2.68922190072e-10, 1.31849656193e-10, 2.84133827577e-10, 2.56941440346e-10, 2.31476754431e-10, 2.53331633449e-10, 2.75494099755e-10, 2.16399342889e-10, 3.22486315429e-10, 2.96216967621e-10, 2.12797585109e-10, 6.43200770423e-11, 4.59292708033e-11, 2.37706972162e-11, 5.7456189112e-11, 4.5792206832e-11], "max": [0.0262641869485, 0.0305594094098, 0.00938813295215, 0.0258692335337, 0.0100223664194, 0.00904243439436, 0.011819739826, 0.00444904295728, 0.00465822266415, 0.0025233195629, 0.00196411972865, 0.00183995673433, 0.00162570853718, 0.0019064261578, 0.00207551056519, 0.00179326895159, 0.00126602314413, 0.000795693311375, 0.000204486801522, 0.000857564387843, 0.000159262053785, 0.000206061798963, 8.36842664285e-05, 0.000208678407944, 0.000115152732178, 8.89605726115e-05, 0.000175936613232, 0.00015080004232, 0.00018396312953, 0.000141778407851, 0.000142898774357, 0.000120348217024, 0.000157011832925, 0.00012983144552, 0.000121463730466, 6.40320795355e-05, 5.50067743461e-05, 3.37960482284e-05, 6.78055803291e-05, 6.81292149238e-05], "mean": [0.00408657174557, 0.00359090510756, 0.00085662654601, 0.000931736896746, 0.000619064783677, 0.000417336443206, 0.000512690457981, 0.000301679276163, 0.00022775119578, 0.000137053590151, 0.000130535670905, 7.84446820035e-05, 9.30783062358e-05, 7.44419230614e-05, 6.92810572218e-05, 2.06908080145e-05, 2.97496262647e-05, 2.09241316043e-05, 1.11603521873e-05, 2.16035823541e-05, 9.16934277484e-06, 1.47486998685e-05, 7.23662697055e-06, 8.66053414939e-06, 1.17358531497e-05, 8.7686266852e-06, 9.81733592198e-06, 1.04283908513e-05, 9.42753467825e-06, 1.01921132227e-05, 1.05269982669e-05, 9.17839952308e-06, 1.06360121208e-05, 1.07765281427e-05, 8.58508155943e-06, 5.32936792297e-06, 4.53585244031e-06, 3.52417055183e-06, 4.2320243665e-06, 3.47092645825e-06], "median": [0.00325481034815, 0.0023931581527, 0.000503031653352, 0.000272662553471, 0.000253426434938, 0.000248768075835, 0.00023683301697, 0.000135759342811, 0.000122757730423, 6.13833544776e-05, 6.24245294603e-05, 3.88984626625e-05, 3.28054084093e-05, 2.60193646682e-05, 2.06020613405e-05, 5.00915894008e-06, 5.1024962886e-06, 4.73136424262e-06, 3.90354762203e-06, 5.3771354942e-06, 2.48524656854e-06, 7.21391506886e-06, 3.41923555425e-06, 3.29480621986e-06, 4.4132380026e-06, 4.13722909798e-06, 4.62424122816e-06, 4.48869650427e-06, 4.41108750238e-06, 4.63483684143e-06, 5.1941719903e-06, 4.511230145e-06, 5.03618775838e-06, 5.08387847731e-06, 3.59753698831e-06, 2.62130151896e-06, 1.86518002465e-06, 1.54192889568e-06, 1.49753088863e-06, 1.00890952126e-06], "min": [7.57535554219e-24, 1.29416276039e-23, 3.49875825342e-24, 1.07736918971e-23, 7.01054691127e-24, 6.35927241982e-24, 4.5505070553e-24, 9.55630360434e-24, 1.89937779351e-23, 9.01469379492e-24, 9.51870886018e-24, 1.17203013175e-23, 1.25979571951e-23, 1.17549504551e-23, 7.156002607e-24, 8.4538239465e-24, 9.48300974877e-24, 6.53203493022e-24, 8.85789901253e-24, 1.67859881865e-23, 3.59906152309e-24, 9.11448864373e-24, 7.28503974071e-24, 1.25975075444e-23, 9.18882379569e-24, 1.00738405344e-23, 9.43240589942e-24, 1.05651296955e-23, 1.09552300906e-23, 1.02045145545e-23, 7.58350999737e-24, 1.02700617959e-23, 1.08144050084e-23, 9.6755209975e-24, 1.07300773553e-23, 9.86780742087e-24, 5.21925047707e-24, 7.79317581534e-24, 9.78678982818e-24, 1.46313787069e-23], "var": [1.95182565221e-05, 1.69910672412e-05, 1.17352465168e-06, 4.57139640275e-06, 8.89319835551e-07, 2.88875469323e-07, 5.42939460502e-07, 1.93764563505e-07, 1.02001628477e-07, 4.50737935864e-08, 3.6072673737e-08, 1.47129890493e-08, 2.54371741448e-08, 1.80072738942e-08, 2.00740064571e-08, 3.47306805537e-09, 5.76093794891e-09, 2.43061593075e-09, 2.80862166857e-10, 2.53551490914e-09, 1.98359398351e-10, 3.80369041819e-10, 8.75165565017e-11, 1.80133838401e-10, 2.37499575562e-10, 1.15110636301e-10, 1.88623172637e-10, 2.35582109376e-10, 1.7684900766e-10, 1.72742764537e-10, 2.00552047191e-10, 1.54978738176e-10, 2.22286106188e-10, 2.27036972555e-10, 1.6221887722e-10, 4.66473353e-11, 3.92599529275e-11, 2.33283357909e-11, 4.25449953045e-11, 3.72230891943e-11]}, "mfcc": {"mean": [-634.395385742, 90.1699905396, 31.3039321899, 17.1032066345, -13.1013631821, 1.82539069653, -2.00889897346, 5.55690383911, -0.452732414007, -0.480840653181, 0.369786441326, 3.51674056053, 7.02670860291], "cov": [[9923.12011719, -74.3770217896, 542.542175293, 707.308898926, 808.621520996, 757.755615234, 388.154083252, 65.5996780396, 80.9637985229, 127.907112122, 218.162414551, -168.914535522, -300.7762146], [-74.3770217896, 864.842468262, 98.0853347778, 218.712768555, 159.595825195, 62.3325424194, 90.2719116211, 101.66129303, 78.7688980103, 83.4515533447, 41.0057296753, 15.6081581116, 28.877948761], [542.542175293, 98.0853347778, 448.118255615, 202.076477051, 165.149215698, 125.216590881, 116.957977295, 83.1645507812, 109.948608398, 111.444168091, 123.153060913, 37.3882675171, 31.4302177429], [707.308898926, 218.712768555, 202.076477051, 402.072540283, 293.019256592, 205.355819702, 159.469055176, 120.661331177, 115.322097778, 144.79258728, 115.740112305, 29.5522556305, 5.69305181503], [808.621520996, 159.595825195, 165.149215698, 293.019256592, 392.980957031, 245.595977783, 167.098800659, 105.354034424, 144.238250732, 127.316879272, 135.692901611, 44.5436058044, 15.5318670273], [757.755615234, 62.3325424194, 125.216590881, 205.355819702, 245.595977783, 263.010620117, 157.770477295, 88.0254440308, 104.891197205, 113.053924561, 97.5015258789, 30.3906211853, 26.9933223724], [388.154083252, 90.2719116211, 116.957977295, 159.469055176, 167.098800659, 157.770477295, 200.96534729, 96.0749053955, 95.8726196289, 72.4288711548, 81.0609359741, 31.9479141235, 48.0198516846], [65.5996780396, 101.66129303, 83.1645507812, 120.661331177, 105.354034424, 88.0254440308, 96.0749053955, 138.242752075, 86.6244430542, 85.1797637939, 45.8605155945, 38.4942207336, 36.6148147583], [80.9637985229, 78.7688980103, 109.948608398, 115.322097778, 144.238250732, 104.891197205, 95.8726196289, 86.6244430542, 161.832092285, 102.543579102, 89.1048278809, 43.2531738281, 55.3903656006], [127.907112122, 83.4515533447, 111.444168091, 144.79258728, 127.316879272, 113.053924561, 72.4288711548, 85.1797637939, 102.543579102, 187.469161987, 91.5815200806, 39.183555603, 12.3085317612], [218.162414551, 41.0057296753, 123.153060913, 115.740112305, 135.692901611, 97.5015258789, 81.0609359741, 45.8605155945, 89.1048278809, 91.5815200806, 172.124008179, 70.7584915161, 43.4306106567], [-168.914535522, 15.6081581116, 37.3882675171, 29.5522556305, 44.5436058044, 30.3906211853, 31.9479141235, 38.4942207336, 43.2531738281, 39.183555603, 70.7584915161, 149.609771729, 78.5035400391], [-300.7762146, 28.877948761, 31.4302177429, 5.69305181503, 15.5318670273, 26.9933223724, 48.0198516846, 36.6148147583, 55.3903656006, 12.3085317612, 43.4306106567, 78.5035400391, 163.347106934]], "icov": [[0.000165960853337, 4.78000401927e-05, -0.000124815152958, -8.11538411654e-05, -0.000108031621494, -0.000469776627142, -7.88785655459e-06, 9.92945570033e-05, 0.000157281756401, 0.000221370151849, -6.64347899146e-05, 0.000111143614049, 0.000286182446871], [4.78000401927e-05, 0.00146092707291, 1.13147989396e-05, -0.00076596083818, -0.000490752514452, 0.000766969460528, -0.000188802194316, -0.000454264867585, 7.18934388715e-05, -0.000153241780936, 0.000279885629425, 0.000222297792789, -0.000262575194938], [-0.000124815152958, 1.13147989396e-05, 0.00337284477428, -0.00108522048686, 0.000428090570495, 0.000498310721014, -0.000454113149317, -0.000179823065992, -0.000835382437799, -0.000364349281881, -0.00128769758157, 0.00021782690601, -0.000243815942667], [-8.11538411654e-05, -0.00076596083818, -0.00108522048686, 0.00750093953684, -0.00365645717829, -0.000211196602322, -0.00101653952152, -0.00177811598405, 0.00189547939226, -0.00198430242017, -0.000240903129452, 0.000485501223011, 0.000350843329215], [-0.000108031621494, -0.000490752514452, 0.000428090570495, -0.00365645717829, 0.0100869331509, -0.00537528237328, 0.00029979395913, 0.000506667012814, -0.00401825737208, 0.0021095299162, -0.00185723789036, -0.00105111650191, 0.00186293537263], [-0.000469776627142, 0.000766969460528, 0.000498310721014, -0.000211196602322, -0.00537528237328, 0.0142438514158, -0.00531360367313, 0.000296272221021, 0.000836951017845, -0.00397422211245, 0.000735893670935, 0.000496280496009, -0.00185469014104], [-7.88785655459e-06, -0.000188802194316, -0.000454113149317, -0.00101653952152, 0.00029979395913, -0.00531360367313, 0.012859961018, -0.00464023696259, -0.00135852466337, 0.0027932676021, -0.00182822335046, 0.00109690136742, -0.00154002313502], [9.92945570033e-05, -0.000454264867585, -0.000179823065992, -0.00177811598405, 0.000506667012814, 0.000296272221021, -0.00464023696259, 0.0159440282732, -0.00397550268099, -0.003425759729, 0.00355017348193, -0.00230685248971, -0.000176262910827], [0.000157281756401, 7.18934388715e-05, -0.000835382437799, 0.00189547939226, -0.00401825737208, 0.000836951017845, -0.00135852466337, -0.00397550268099, 0.0159460268915, -0.00427001481876, -0.00234299432486, 0.00174063665327, -0.00339322839864], [0.000221370151849, -0.000153241780936, -0.000364349281881, -0.00198430242017, 0.0021095299162, -0.00397422211245, 0.0027932676021, -0.003425759729, -0.00427001481876, 0.0123043488711, -0.00320129632019, -0.000659762765281, 0.00266590248793], [-6.64347899146e-05, 0.000279885629425, -0.00128769758157, -0.000240903129452, -0.00185723789036, 0.000735893670935, -0.00182822335046, 0.00355017348193, -0.00234299432486, -0.00320129632019, 0.0125676542521, -0.00402526883408, -0.000490224163514], [0.000111143614049, 0.000222297792789, 0.00021782690601, 0.000485501223011, -0.00105111650191, 0.000496280496009, 0.00109690136742, -0.00230685248971, 0.00174063665327, -0.000659762765281, -0.00402526883408, 0.0111462604254, -0.00450803060085], [0.000286182446871, -0.000262575194938, -0.000243815942667, 0.000350843329215, 0.00186293537263, -0.00185469014104, -0.00154002313502, -0.000176262910827, -0.00339322839864, 0.00266590248793, -0.000490224163514, -0.00450803060085, 0.01059820503]]}, "spectral_contrast_coeffs": {"dmean": [0.0537043809891, 0.0490856207907, 0.0449229553342, 0.0313254334033, 0.0201325882226, 0.0157263241708], "dmean2": [0.0868694335222, 0.0793490931392, 0.0729550793767, 0.0511552654207, 0.0336452648044, 0.0260759424418], "dvar": [0.00211123772897, 0.0016521938378, 0.00126990384888, 0.000671247718856, 0.000276536098681, 0.000205926655326], "dvar2": [0.00524343363941, 0.00420508347452, 0.00334475003183, 0.00165763823316, 0.000723002944142, 0.000519685738254], "max": [-0.252922534943, -0.371624022722, -0.489268422127, -0.551721930504, -0.689145803452, -0.642634987831], "mean": [-0.651040673256, -0.700735867023, -0.741270244122, -0.783190906048, -0.803331851959, -0.761006295681], "median": [-0.671702265739, -0.708068788052, -0.746628940105, -0.788666009903, -0.804859638214, -0.7590264678], "min": [-0.962138295174, -0.970446050167, -0.972697854042, -0.966747939587, -0.967831552029, -0.96190482378], "var": [0.0107645848766, 0.00636380026117, 0.00412491615862, 0.00277512194589, 0.00108172011096, 0.000875971920323]}, "spectral_contrast_valleys": {"dmean": [0.404611468315, 0.380247592926, 0.354308456182, 0.327800899744, 0.263466536999, 0.319768935442], "dmean2": [0.667203843594, 0.626997053623, 0.5793800354, 0.510914981365, 0.393384188414, 0.412219733], "dvar": [0.184586837888, 0.168342679739, 0.163087591529, 0.185139924288, 0.172696828842, 0.240053668618], "dvar2": [0.393724113703, 0.348838567734, 0.321794867516, 0.346067845821, 0.300536423922, 0.403393059969], "max": [-5.22477531433, -4.51500558853, -5.48387289047, -5.83210706711, -5.5547990799, -7.32465267181], "mean": [-7.52265071869, -6.7311873436, -7.5