{"lowlevel": {"average_loudness": 0.949433624744, "barkbands_crest": {"dmean": 2.76157093048, "dmean2": 4.464864254, "dvar": 7.58032798767, "dvar2": 20.6617355347, "max": 26.0389099121, "mean": 12.7643432617, "median": 11.8665523529, "min": 3.257553339, "var": 18.9191608429}, "barkbands_flatness_db": {"dmean": 0.0348151624203, "dmean2": 0.0498129054904, "dvar": 0.00117146177217, "dvar2": 0.0021844804287, "max": 0.506235718727, "mean": 0.197676792741, "median": 0.191164180636, "min": 0.0335554108024, "var": 0.00600327039137}, "barkbands_kurtosis": {"dmean": 11.5297861099, "dmean2": 17.8544902802, "dvar": 424.616912842, "dvar2": 999.864013672, "max": 278.130889893, "mean": 21.5041446686, "median": 12.2031459808, "min": -1.75777995586, "var": 875.346801758}, "barkbands_skewness": {"dmean": 0.992946565151, "dmean2": 1.49958395958, "dvar": 1.46195340157, "dvar2": 3.50985002518, "max": 13.2976436615, "mean": 3.30129480362, "median": 3.05497264862, "min": -2.60312438011, "var": 4.37047195435}, "barkbands_spread": {"dmean": 6.14007568359, "dmean2": 9.81235218048, "dvar": 88.9651489258, "dvar2": 205.301345825, "max": 101.326850891, "mean": 14.7020025253, "median": 11.3023509979, "min": 0.204643949866, "var": 170.238189697}, "dissonance": {"dmean": 0.0211496539414, "dmean2": 0.0341950915754, "dvar": 0.00044243625598, "dvar2": 0.00111909664702, "max": 0.499982357025, "mean": 0.448434710503, "median": 0.457767546177, "min": 0.288464695215, "var": 0.00134690885898}, "dynamic_complexity": 4.04682826996, "erbbands_crest": {"dmean": 3.0803592205, "dmean2": 4.39496803284, "dvar": 9.18428134918, "dvar2": 17.3959445953, "max": 31.7450942993, "mean": 13.1086273193, "median": 12.2649898529, "min": 2.63331651688, "var": 38.4012107849}, "erbbands_flatness_db": {"dmean": 0.0248781442642, "dmean2": 0.0310566537082, "dvar": 0.000692457426339, "dvar2": 0.00103490892798, "max": 0.406914979219, "mean": 0.144267186522, "median": 0.130849599838, "min": 0.0412991419435, "var": 0.0039223539643}, "erbbands_kurtosis": {"dmean": 1.87449252605, "dmean2": 2.59930157661, "dvar": 21.0536575317, "dvar2": 35.0630531311, "max": 104.035621643, "mean": 2.50693893433, "median": 0.240463614464, "min": -1.86788582802, "var": 63.2760620117}, "erbbands_skewness": {"dmean": 0.458544582129, "dmean2": 0.620651066303, "dvar": 0.297994673252, "dvar2": 0.467566996813, "max": 9.10187244415, "mean": 0.774545073509, "median": 0.554699420929, "min": -3.61562252045, "var": 1.8655589819}, "erbbands_spread": {"dmean": 13.2487611771, "dmean2": 18.5261650085, "dvar": 262.328857422, "dvar2": 526.331359863, "max": 189.565460205, "mean": 51.1604385376, "median": 45.3560943604, "min": 1.75299811363, "var": 880.604614258}, "hfc": {"dmean": 7.02197217941, "dmean2": 9.82043647766, "dvar": 112.238334656, "dvar2": 249.18421936, "max": 100.793411255, "mean": 15.3220443726, "median": 11.5556907654, "min": 1.23211225688e-16, "var": 215.646179199}, "melbands_crest": {"dmean": 3.01283884048, "dmean2": 4.84119653702, "dvar": 7.33075475693, "dvar2": 19.6357135773, "max": 33.0548057556, "mean": 17.9398536682, "median": 18.0474338531, "min": 1.72279322147, "var": 23.9169483185}, "melbands_flatness_db": {"dmean": 0.0399134941399, "dmean2": 0.0574391819537, "dvar": 0.00163943856023, "dvar2": 0.00306264543906, "max": 0.634858727455, "mean": 0.297209084034, "median": 0.298387110233, "min": 0.00415549054742, "var": 0.00970050971955}, "melbands_kurtosis": {"dmean": 28.1632728577, "dmean2": 43.6574287415, "dvar": 2064.32739258, "dvar2": 5119.13183594, "max": 575.504333496, "mean": 57.6300010681, "median": 34.2067604065, "min": -1.84651124477, "var": 4232.86181641}, "melbands_skewness": {"dmean": 1.37115871906, "dmean2": 2.04469966888, "dvar": 2.5961689949, "dvar2": 6.14631175995, "max": 17.5552577972, "mean": 5.1662902832, "median": 4.65862512589, "min": -0.57611143589, "var": 8.5908203125}, "melbands_spread": {"dmean": 4.33290863037, "dmean2": 6.8053612709, "dvar": 59.2551116943, "dvar2": 115.523735046, "max": 189.620773315, "mean": 11.8644981384, "median": 6.36449718475, "min": 0.321355223656, "var": 357.149383545}, "pitch_salience": {"dmean": 0.0825690031052, "dmean2": 0.133221670985, "dvar": 0.00570839270949, "dvar2": 0.0151728568599, "max": 0.922961652279, "mean": 0.459850728512, "median": 0.461882054806, "min": 0.101693496108, "var": 0.0158589966595}, "silence_rate_20dB": {"dmean": 0, "dmean2": 0, "dvar": 0, "dvar2": 0, "max": 1, "mean": 1, "median": 1, "min": 1, "var": 0}, "silence_rate_30dB": {"dmean": 0.0870905593038, "dmean2": 0.17424826324, "dvar": 0.0795050486922, "dvar2": 0.171643197536, "max": 1, "mean": 0.914483845234, "median": 1, "min": 0, "var": 0.0782030895352}, "silence_rate_60dB": {"dmean": 0.0285163782537, "dmean2": 0.0570547431707, "dvar": 0.0277031492442, "dvar2": 0.0599680952728, "max": 1, "mean": 0.121725730598, "median": 0, "min": 0, "var": 0.106907516718}, "spectral_centroid": {"dmean": 207.905441284, "dmean2": 317.097625732, "dvar": 94388.7421875, "dvar2": 179033.765625, "max": 10924.6298828, "mean": 790.816223145, "median": 625.821655273, "min": 127.737388611, "var": 427786.34375}, "spectral_complexity": {"dmean": 2.85009622574, "dmean2": 4.35774850845, "dvar": 22.2656974792, "dvar2": 48.9092903137, "max": 48, "mean": 9.70146369934, "median": 9, "min": 0, "var": 48.1647834778}, "spectral_decrease": {"dmean": 5.65447733081e-09, "dmean2": 8.87620288381e-09, "dvar": 1.02837826757e-16, "dvar2": 2.61226893227e-16, "max": 1.4894709384e-18, "mean": -1.13790941114e-08, "median": -9.22953180549e-09, "min": -8.57782467278e-08, "var": 1.33534889718e-16}, "spectral_energy": {"dmean": 0.0218005944043, "dmean2": 0.0340955927968, "dvar": 0.0015069154324, "dvar2": 0.00381714687683, "max": 0.32755240798, "mean": 0.044337105006, "median": 0.0362040698528, "min": 1.08734385938e-20, "var": 0.00197767443024}, "spectral_energyband_high": {"dmean": 0.000443393888418, "dmean2": 0.000631001661532, "dvar": 5.86435078276e-07, "dvar2": 1.29328327603e-06, "max": 0.00860765203834, "mean": 0.000664923223667, "median": 0.000247403600952, "min": 7.71870340789e-21, "var": 9.90676767287e-07}, "spectral_energyband_low": {"dmean": 0.0159662459046, "dmean2": 0.0269945561886, "dvar": 0.00135860207956, "dvar2": 0.00361864524893, "max": 0.313611626625, "mean": 0.0270712189376, "median": 0.018937651068, "min": 7.02536045689e-23, "var": 0.00135178526398}, "spectral_energyband_middle_high": {"dmean": 0.000915437121876, "dmean2": 0.00122669478878, "dvar": 3.37302503794e-06, "dvar2": 6.85055374561e-06, "max": 0.0294370166957, "mean": 0.0027077475097, "median": 0.0012240173528, "min": 1.78079768005e-21, "var": 1.29077634483e-05}, "spectral_energyband_middle_low": {"dmean": 0.00900426227599, "dmean2": 0.0126265585423, "dvar": 0.000206646771403, "dvar2": 0.000405002036132, "max": 0.19962887466, "mean": 0.0165740605444, "median": 0.00932181254029, "min": 2.48574286908e-22, "var": 0.000436785689089}, "spectral_entropy": {"dmean": 0.330166906118, "dmean2": 0.438736885786, "dvar": 0.130522638559, "dvar2": 0.204641774297, "max": 9.78404045105, "mean": 7.15906667709, "median": 7.28087759018, "min": 3.79685354233, "var": 0.646698117256}, "spectral_flux": {"dmean": 0.0426563061774, "dmean2": 0.0660967305303, "dvar": 0.0039822505787, "dvar2": 0.00833493936807, "max": 0.524335503578, "mean": 0.0859439373016, "median": 0.0629545003176, "min": 1.04275782453e-10, "var": 0.00609755003825}, "spectral_kurtosis": {"dmean": 2.13583636284, "dmean2": 3.01614928246, "dvar": 12.3618001938, "dvar2": 25.6381492615, "max": 68.7241134644, "mean": 5.75865650177, "median": 3.39326238632, "min": -1.17763078213, "var": 45.4158401489}, "spectral_rms": {"dmean": 0.00141289271414, "dmean2": 0.00206897850148, "dvar": 4.02832847612e-06, "dvar2": 9.10674316401e-06, "max": 0.0178763344884, "mean": 0.00573621317744, "median": 0.00594315119088, "min": 3.2570283276e-12, "var": 1.03516367744e-05}, "spectral_rolloff": {"dmean": 382.223327637, "dmean2": 672.761169434, "dvar": 1291702.75, "dvar2": 3062095.25, "max": 19724.4140625, "mean": 918.328125, "median": 236.865234375, "min": 64.599609375, "var": 5395210.5}, "spectral_skewness": {"dmean": 0.286050200462, "dmean2": 0.388621360064, "dvar": 0.121072851121, "dvar2": 0.218704536557, "max": 7.12204122543, "mean": 1.84827530384, "median": 1.65034389496, "min": 0.0216190610081, "var": 0.661612093449}, "spectral_spread": {"dmean": 1094223, "dmean2": 1435284.875, "dvar": 1976519491580.0, "dvar2": 3634120622080.0, "max": 39526420, "mean": 6222422.5, "median": 6209093, "min": 1229734.375, "var": 5289741385730.0}, "spectral_strongpeak": {"dmean": 0.318189263344, "dmean2": 0.511505067348, "dvar": 0.226920008659, "dvar2": 0.524875998497, "max": 4.51198482513, "mean": 0.689924836159, "median": 0.529278576374, "min": 0, "var": 0.42930161953}, "zerocrossingrate": {"dmean": 0.0125980321318, "dmean2": 0.0154011882842, "dvar": 0.000321074621752, "dvar2": 0.000383156759199, "max": 0.52099609375, "mean": 0.0498118363321, "median": 0.03515625, "min": 0.0029296875, "var": 0.00390423182398}, "barkbands": {"dmean": [0.000209604389966, 0.0119412681088, 0.00452598882839, 0.00345433363691, 0.00613350048661, 0.000373690447304, 0.000192499443074, 7.6058349805e-05, 0.000211975508137, 0.000471097184345, 0.000230529913097, 0.000115662733151, 9.85396254691e-05, 8.40243374114e-05, 0.000137412993354, 7.17256552889e-05, 5.81901840633e-05, 3.18389938911e-05, 5.93448348809e-05, 5.08932062075e-05, 6.76494964864e-05, 5.17255830346e-05, 7.47130907257e-05, 5.52214514755e-05, 9.91616980173e-05, 7.72319981479e-05, 3.23628082697e-05], "dmean2": [0.000360218022252, 0.0207425318658, 0.00753134768456, 0.00561679666862, 0.00840061437339, 0.000569791416638, 0.000327210233081, 0.000119743534015, 0.000301091640722, 0.000533347483724, 0.000285833637463, 0.000169891645783, 0.000159567221999, 0.000118971460324, 0.000220953195821, 0.000111519701022, 9.56801668508e-05, 5.20694593433e-05, 9.66372681432e-05, 8.19090782898e-05, 0.000102117752249, 7.95310188551e-05, 0.000110272943857, 8.10629717307e-05, 0.000148452396388, 0.000119458505651, 4.7904690291e-05], "dvar": [2.52955175029e-07, 0.00103851722088, 7.6432901551e-05, 3.48629728251e-05, 0.000115867354907, 4.15150708477e-07, 5.44467127384e-07, 1.58185244459e-07, 8.06736011327e-07, 1.5824222146e-06, 5.19508830621e-07, 1.89061495348e-07, 1.96517859763e-07, 3.53409852494e-08, 1.41352614946e-07, 2.1944286388e-08, 1.67944111951e-08, 5.04031749671e-09, 1.59737343353e-08, 1.44903893329e-08, 1.45757601544e-08, 8.88796503062e-09, 2.1053667254e-08, 9.76657599239e-09, 3.89158145708e-08, 2.36125003994e-08, 3.94600752074e-09], "dvar2": [7.1989859407e-07, 0.00287920725532, 0.000200498703634, 9.09631780814e-05, 0.00021409560577, 1.02968567717e-06, 1.47108607962e-06, 4.04200875437e-07, 1.62457479291e-06, 2.57232795775e-06, 8.38215271415e-07, 3.97391289653e-07, 4.37586265889e-07, 6.18089970317e-08, 3.44198298308e-07, 5.03655570583e-08, 4.35522053976e-08, 1.33344810749e-08, 4.13759337903e-08, 3.83949547711e-08, 3.25788249711e-08, 2.13232844715e-08, 4.55980959657e-08, 2.07353583193e-08, 9.25260934537e-08, 5.66327322815e-08, 8.92156215571e-09], "max": [0.00531312264502, 0.272309839725, 0.0753582566977, 0.0692743062973, 0.16349452734, 0.00913153588772, 0.00957525335252, 0.0137948263437, 0.0228632744402, 0.0196440164, 0.0138714248314, 0.00893157627434, 0.0102481255308, 0.00581479538232, 0.00689499778673, 0.00215394818224, 0.00166069215629, 0.000885272980668, 0.00139074155595, 0.00174742285162, 0.00166194315534, 0.00101716071367, 0.00199363217689, 0.00144342135172, 0.00191279698629, 0.00165581027977, 0.000753007712774], "mean": [0.000235551051446, 0.0159087888896, 0.00852829217911, 0.00495554413646, 0.00961556937546, 0.000738462433219, 0.000198407287826, 0.0001288667263, 0.000340453378158, 0.00107252795715, 0.000507053162437, 0.000230189034482, 0.000163582386449, 0.000283847912215, 0.000356360891601, 0.000147356506204, 9.70606852206e-05, 4.33470777352e-05, 8.39132408146e-05, 7.86997261457e-05, 0.000120519958728, 7.77648601797e-05, 0.000104373320937, 8.37633269839e-05, 0.000117241281259, 8.38824125822e-05, 3.56748896593e-05], "median": [3.30370639858e-05, 0.00722136814147, 0.00450770370662, 0.00242953374982, 0.00362772447988, 0.000408631691243, 4.52603999292e-05, 4.50721709058e-05, 4.68777398055e-05, 0.000136534872581, 6.69022847433e-05, 3.91524881707e-05, 1.73541993718e-05, 3.37431847584e-05, 6.65039915475e-05, 4.03699341405e-05, 3.24171051034e-05, 2.2085449018e-05, 3.29118847731e-05, 2.24024697673e-05, 4.41490301455e-05, 2.62751873379e-05, 3.35082004312e-05, 2.51549972745e-05, 3.15325960401e-05, 1.74737324414e-05, 6.58392218611e-06], "min": [1.75595010139e-23, 3.52155459809e-23, 1.75781307531e-23, 1.34650920348e-23, 4.65717793131e-23, 3.91075900497e-23, 8.73770548289e-23, 3.48426388092e-23, 2.51007698764e-23, 5.12258125293e-23, 7.03454658436e-23, 9.41353082454e-23, 2.35733802316e-22, 6.11995008609e-23, 8.69557399966e-23, 1.73031022871e-22, 1.40440818604e-22, 1.81666348723e-22, 3.52720031781e-22, 3.86223244727e-22, 3.43056473071e-22, 4.41742114033e-22, 6.44322099365e-22, 6.82579253182e-22, 1.27926167645e-21, 1.83221697176e-21, 2.69062466218e-21], "var": [2.9163373938e-07, 0.000852125347592, 0.000112008565338, 5.13285231136e-05, 0.000249075965257, 8.54206462009e-07, 3.97611700009e-07, 2.04884130994e-07, 1.6676276573e-06, 6.7349510573e-06, 2.0339459752e-06, 5.41025940493e-07, 4.06902898931e-07, 5.04001150148e-07, 7.06409309714e-07, 7.57230367299e-08, 3.42460602099e-08, 4.9061585905e-09, 1.89509545834e-08, 1.93714040364e-08, 3.33215375292e-08, 1.43682266085e-08, 3.29975655688e-08, 1.92106295316e-08, 4.6075594895e-08, 2.67927831032e-08, 5.0582458222e-09]}, "erbbands": {"dmean": [0.26100975275, 2.94417309761, 5.58271884918, 7.59901475906, 27.3445835114, 10.3916797638, 3.80823802948, 2.73048043251, 2.57265424728, 2.33126997948, 2.09319424629, 4.74292755127, 13.2783880234, 10.2616882324, 9.49874687195, 5.53638315201, 5.03358268738, 4.43653297424, 5.95311975479, 6.12910032272, 3.62805247307, 2.67465615273, 1.92027997971, 2.59039330482, 2.90725111961, 2.40677762032, 2.99293160439, 2.28924369812, 1.82414782047, 2.29088449478, 2.06332755089, 1.22257518768, 0.91748046875, 0.732723176479, 0.860601246357, 0.433572262526, 0.134711891413, 0.0345163978636, 0.00472266692668, 0.00037974017323], "dmean2": [0.448189854622, 5.13552045822, 9.17461204529, 12.3323144913, 38.4499130249, 14.7100849152, 5.65617132187, 4.25329208374, 4.18453741074, 3.97509455681, 3.20449304581, 6.46714544296, 15.4564905167, 11.9749355316, 11.7226600647, 7.78726816177, 8.09466552734, 6.21072387695, 9.14291667938, 10.0237998962, 5.79946947098, 4.38676834106, 3.11175751686, 4.24521446228, 4.67756032944, 3.83966946602, 4.52568531036, 3.51931428909, 2.805529356, 3.36349320412, 3.122143507, 1.81968307495, 1.34068989754, 1.06174433231, 1.31880021095, 0.685566544533, 0.208460375667, 0.0527342148125, 0.00695497635752, 0.000560760730878], "dvar": [0.499688118696, 62.7495193481, 130.133407593, 144.796188354, 2418.12670898, 289.231658936, 39.197719574, 31.5541820526, 56.2804374695, 83.5396728516, 127.686798096, 451.894897461, 1490.97937012, 1156.98693848, 823.257324219, 407.003082275, 530.925292969, 97.7309646606, 298.502197266, 299.54385376, 54.4362602234, 38.2008476257, 18.0969238281, 29.8225364685, 35.865398407, 33.7881469727, 29.7043209076, 17.959148407, 11.3556814194, 27.351108551, 15.1098222733, 5.07124185562, 2.85957193375, 1.96110475063, 3.40779209137, 0.795949697495, 0.0898637026548, 0.00573547463864, 8.55352554936e-05, 4.65957157303e-07], "dvar2": [1.4024579525, 173.523529053, 338.423278809, 373.42956543, 4679.82324219, 612.778808594, 87.1196594238, 79.2391433716, 148.123016357, 224.358657837, 320.342102051, 904.509033203, 2698.20581055, 1621.20141602, 1316.57946777, 820.500854492, 1181.93103027, 168.893463135, 681.260620117, 725.235778809, 135.839996338, 97.9175109863, 47.2188987732, 79.0993347168, 91.8584747314, 88.0947113037, 67.3221282959, 43.6227798462, 27.3932189941, 56.090839386, 35.0899276733, 10.7669267654, 6.25660276413, 4.1415810585, 8.39407920837, 1.97584605217, 0.219382658601, 0.0135051440448, 0.000191831291886, 1.04841831217e-06], "max": [6.39159059525, 67.5508346558, 98.2843704224, 141.6927948, 723.465454102, 217.59828186, 105.064941406, 91.0919113159, 94.3518753052, 118.772865295, 373.875, 625.94317627, 708.343322754, 735.859191895, 612.762512207, 460.68850708, 528.96270752, 309.771240234, 339.178619385, 492.642669678, 82.7398681641, 79.5613937378, 57.7619819641, 60.339641571, 66.4723587036, 82.9347610474, 82.1354446411, 46.9645042419, 36.4558181763, 101.251487732, 47.8478507996, 29.9257946014, 20.6761054993, 15.9850187302, 17.7500324249, 8.6066608429, 3.35566949844, 0.86516135931, 0.125432878733, 0.00783040095121], "mean": [0.328437268734, 4.00257587433, 10.5986833572, 13.6799659729, 40.67552948, 17.2448177338, 7.59071207047, 4.76149463654, 3.44298839569, 2.44399952888, 3.57387089729, 8.204413414, 30.1084518433, 22.1047306061, 22.8793067932, 12.4885501862, 8.99962711334, 15.9876556396, 16.3531913757, 14.7609376907, 7.32703113556, 4.3225851059, 2.86527705193, 3.67552614212, 4.25431346893, 3.79117512703, 5.23738098145, 3.70415687561, 2.76688361168, 3.46366143227, 2.76453065872, 1.8899834156, 1.31501746178, 1.00998950005, 0.951354205608, 0.458331793547, 0.143977567554, 0.0366740636528, 0.00533848814666, 0.000449851184385], "median": [0.0786031633615, 1.94045376778, 5.86760044098, 8.64468574524, 15.1834945679, 7.87586927414, 4.02668571472, 2.38325881958, 1.0937731266, 0.466413587332, 1.30481982231, 1.33469295502, 3.93924927711, 4.0071144104, 3.23798823357, 2.36679363251, 1.50049948692, 2.11043930054, 2.75028705597, 3.98532962799, 2.31964731216, 1.66893172264, 1.5180311203, 1.52484989166, 1.60369133949, 1.13378167152, 1.73624885082, 1.43583011627, 0.999373555183, 1.04958152771, 0.937823534012, 0.567725658417, 0.409571111202, 0.311530888081, 0.226895183325, 0.0988261252642, 0.0284684374928, 0.00673887459561, 0.00104297720827, 0.000119617434393], "min": [1.97746491939e-21, 4.03340496433e-21, 1.54641980972e-20, 3.16249662808e-20, 1.43873100754e-19, 7.56462744787e-20, 2.26039587637e-19, 4.3643982653e-19, 1.34005482281e-18, 9.27291180163e-19, 5.70575176167e-19, 5.77334482543e-19, 9.06856200118e-19, 2.47753724952e-18, 3.52641115843e-18, 4.87557789268e-18, 9.74894059567e-18, 3.45479675612e-18, 3.32535519117e-18, 6.94035470487e-18, 1.01916799196e-17, 8.3651518033e-18, 1.03606679556e-17, 1.58204214764e-17, 2.15491964663e-17, 1.66995556489e-17, 1.24473443745e-17, 1.3191739097e-17, 1.27205273893e-17, 2.14319700842e-17, 1.80081520692e-17, 1.19580141026e-17, 1.32094854299e-17, 1.1775911118e-17, 9.85497108813e-18, 7.44435254338e-18, 3.23031027764e-18, 1.89723427425e-18, 3.71555003799e-19, 3.2541640727e-20], "var": [0.442958027124, 50.5335540771, 174.949295044, 265.655609131, 4751.56494141, 610.537780762, 100.18624115, 52.2117004395, 53.4355201721, 61.6583633423, 170.964050293, 953.221008301, 6105.37207031, 4764.8125, 3968.90258789, 1366.53015137, 1051.93823242, 1520.55957031, 1379.90087891, 1581.89880371, 140.094863892, 57.4995918274, 19.888212204, 34.9468307495, 47.2408790588, 45.7056274414, 68.9455718994, 30.6800842285, 18.1700820923, 48.7572364807, 20.2154121399, 10.3220596313, 4.76461553574, 3.13595890999, 3.58927726746, 0.824921369553, 0.0931501314044, 0.00622837711126, 0.000112762812932, 6.27208464721e-07]}, "gfcc": {"mean": [-52.0594787598, 77.6294250488, -63.4080810547, 36.8684883118, -34.1235046387, 20.5421562195, -30.6757659912, -3.26184558868, -33.1582374573, -9.13950252533, -26.8228797913, -3.1430208683, -5.71798610687], "cov": [[28990.8808594, -806.039001465, -71.1371002197, 360.002532959, -61.2593383789, 1514.02807617, 160.024688721, 544.641784668, -131.142608643, 40.2137145996, -724.109802246, 126.891777039, 133.25289917], [-806.039001465, 1971.80041504, -136.647842407, 4.99745988846, 266.390777588, -84.7676391602, -38.2334098816, -158.546066284, 49.4054145813, -126.080886841, 27.7904014587, -120.434020996, 62.7170295715], [-71.1371002197, -136.647842407, 766.710876465, 106.437019348, 134.541397095, 56.5295829773, 107.310379028, 99.3588485718, 21.3824825287, 28.1908740997, -2.99747228622, 42.8234596252, -14.950510025], [360.002532959, 4.99745988846, 106.437019348, 379.243041992, -0.985850572586, -36.8141479492, 26.8766555786, -13.2045125961, -48.2970695496, -8.59973144531, 47.4014358521, -4.61378765106, -3.14297747612], [-61.2593383789, 266.390777588, 134.541397095, -0.985850572586, 358.238433838, 181.352798462, 22.3988418579, 5.57660484314, 52.9329490662, 22.6415405273, -23.7821025848, -4.97474575043, 34.8197097778], [1514.02807617, -84.7676391602, 56.5295829773, -36.8141479492, 181.352798462, 358.599182129, 94.8193130493, 104.999588013, 67.8792724609, 52.8594245911, -71.006072998, 19.9364948273, 40.857509613], [160.024688721, -38.2334098816, 107.310379028, 26.8766555786, 22.3988418579, 94.8193130493, 172.006546021, 126.274215698, 47.3335266113, 17.7927207947, 3.07623457909, 24.5771636963, 17.7784118652], [544.641784668, -158.546066284, 99.3588485718, -13.2045125961, 5.57660484314, 104.999588013, 126.274215698, 203.936203003, 95.5044021606, 35.0583953857, -20.2107906342, 43.1870346069, 23.311504364], [-131.142608643, 49.4054145813, 21.3824825287, -48.2970695496, 52.9329490662, 67.8792724609, 47.3335266113, 95.5044021606, 154.13369751, 62.6346931458, 8.03151321411, 8.21298122406, 15.0160627365], [40.2137145996, -126.080886841, 28.1908740997, -8.59973144531, 22.6415405273, 52.8594245911, 17.7927207947, 35.0583953857, 62.6346931458, 112.586860657, 42.3184928894, 2.62520742416, -18.2028617859], [-724.109802246, 27.7904014587, -2.99747228622, 47.4014358521, -23.7821025848, -71.006072998, 3.07623457909, -20.2107906342, 8.03151321411, 42.3184928894, 134.82989502, 50.7889862061, -24.7980804443], [126.891777039, -120.434020996, 42.8234596252, -4.61378765106, -4.97474575043, 19.9364948273, 24.5771636963, 43.1870346069, 8.21298122406, 2.62520742416, 50.7889862061, 133.91557312, 23.9033679962], [133.25289917, 62.7170295715, -14.950510025, -3.14297747612, 34.8197097778, 40.857509613, 17.7784118652, 23.311504364, 15.0160627365, -18.2028617859, -24.7980804443, 23.9033679962, 85.2251205444]], "icov": [[7.0933427196e-05, -8.17354448372e-05, 1.85404551303e-05, -0.000162624157383, 0.000234119361266, -0.000381051359, 0.000249965378316, -0.000237821732298, 0.00027150628739, -0.000255877297604, 0.0004447173269, -0.000262539339019, 0.000146976351971], [-8.17354448372e-05, 0.00104165659286, 9.06386849238e-05, 0.000272634031717, -0.00104650272988, 0.000629046931863, -0.000695345515851, 0.00106020958629, -0.00149887567386, 0.00221184547991, -0.00175144372042, 0.00150843104348, -0.000827940821182], [1.85404551303e-05, 9.06386849238e-05, 0.00184779032134, -0.000536165724043, -0.0011526949238, 0.000825051567517, -0.00101022562012, -0.000519174849615, 0.000423072982812, -0.000767770747188, 0.00129557738546, -0.0010515130125, 0.00107021280564], [-0.000162624157383, 0.000272634031717, -0.000536165724043, 0.00363532220945, -0.000601269188337, 0.000756437482778, -0.000898626982234, 0.000135396636324, 0.000744708289858, 0.00122621271294, -0.00335560878739, 0.00211961870082, -0.00131310848519], [0.000234119361266, -0.00104650272988, -0.0011526949238, -0.000601269188337, 0.0064511061646, -0.00461906427518, 0.00184647704009, 0.000716009177268, -0.000278869672911, -0.000902193656657, 0.000883246655576, -0.000664451043122, -0.00052281661192], [-0.000381051359, 0.000629046931863, 0.000825051567517, 0.000756437482778, -0.00461906427518, 0.00914814323187, -0.00455040158704, 0.000983516336419, -0.000826870440505, -0.00309462100267, 0.00320695061237, -0.00130114529748, -0.000729998631869], [0.000249965378316, -0.000695345515851, -0.00101022562012, -0.000898626982234, 0.00184647704009, -0.00455040158704, 0.0145564582199, -0.00972461979836, 0.00280723767355, 0.00141341832932, -0.00357365724631, 0.00194170069881, -0.000816140673123], [-0.000237821732298, 0.00106020958629, -0.000519174849615, 0.000135396636324, 0.000716009177268, 0.000983516336419, -0.00972461979836, 0.0173275470734, -0.00915739592165, 0.000802921422292, 0.00337556400336, -0.00325637659989, -0.000288974872092], [0.00027150628739, -0.00149887567386, 0.000423072982812, 0.000744708289858, -0.000278869672911, -0.000826870440505, 0.00280723767355, -0.00915739592165, 0.0161977596581, -0.00861326698214, 0.00124243611936, -0.000273238722002, -0.00104571355041], [-0.000255877297604, 0.00221184547991, -0.000767770747188, 0.00122621271294, -0.000902193656657, -0.00309462100267, 0.00141341832932, 0.000802921422292, -0.00861326698214, 0.0225770585239, -0.0133015587926, 0.007489153184, 0.000389482651372], [0.0004447173269, -0.00175144372042, 0.00129557738546, -0.00335560878739, 0.000883246655576, 0.00320695061237, -0.00357365724631, 0.00337556400336, 0.00124243611936, -0.0133015587926, 0.0241802223027, -0.0135307507589, 0.00639179116115], [-0.000262539339019, 0.00150843104348, -0.0010515130125, 0.00211961870082, -0.000664451043122, -0.00130114529748, 0.00194170069881, -0.00325637659989, -0.000273238722002, 0.007489153184, -0.0135307507589, 0.0164773855358, -0.00633575348184], [0.000146976351971, -0.000827940821182, 0.00107021280564, -0.00131310848519, -0.00052281661192, -0.000729998631869, -0.000816140673123, -0.000288974872092, -0.00104571355041, 0.000389482651372, 0.00639179116115, -0.00633575348184, 0.0169695597142]]}, "melbands": {"dmean": [0.00289317686111, 0.00327428407036, 0.00183294864837, 0.00154014723375, 0.000133157591335, 6.16177057964e-05, 4.07611405535e-05, 2.24589548452e-05, 1.83281790669e-05, 3.28053574776e-05, 6.63886094117e-05, 4.22394987254e-05, 3.30014372594e-05, 1.5541949324e-05, 1.35595710162e-05, 8.38817959448e-06, 8.99126735021e-06, 8.91781201062e-06, 8.45907470648e-06, 7.43077180232e-06, 3.99143618779e-06, 3.09091183226e-06, 2.37654944613e-06, 1.53588496232e-06, 2.24741370403e-06, 2.30232967624e-06, 1.93087407752e-06, 1.60763249824e-06, 1.91020785678e-06, 1.82062149179e-06, 1.26897066366e-06, 1.02620913367e-06, 1.15957720936e-06, 1.33224739329e-06, 1.27833050101e-06, 8.8487274752e-07, 7.4605111422e-07, 6.56646818697e-07, 6.04133049364e-07, 6.32815272184e-07], "dmean2": [0.00502774817869, 0.00546905724332, 0.00278599117883, 0.00213621626608, 0.000203773044632, 9.58709060797e-05, 6.66314372211e-05, 3.78760159947e-05, 2.74815593002e-05, 4.52322092315e-05, 7.71714912844e-05, 4.95156346005e-05, 4.10305729019e-05, 2.12921113416e-05, 2.08297260542e-05, 1.36732169267e-05, 1.24158077597e-05, 1.36897024277e-05, 1.39777621371e-05, 1.1772540347e-05, 6.64088202029e-06, 5.11367306899e-06, 3.92235961044e-06, 2.43413978751e-06, 3.72575595975e-06, 3.77500145987e-06, 3.12150814352e-06, 2.60271508523e-06, 2.925153467e-06, 2.79598248198e-06, 2.02886963052e-06, 1.62959565841e-06, 1.76948833541e-06, 1.96533778762e-06, 1.97895610654e-06, 1.3256786815e-06, 1.13081125619e-06, 9.75921807367e-07, 8.77029208368e-07, 9.39611936701e-07], "dvar": [6.31747971056e-05, 5.48216921743e-05, 7.8825678429e-06, 7.19989520803e-06, 4.52094290893e-08, 1.4540901816e-08, 1.6328064234e-08, 6.9788659296e-09, 9.07936836825e-09, 1.85322601709e-08, 3.67564645387e-08, 2.20496740866e-08, 1.11013518378e-08, 2.09937844886e-09, 3.46332540424e-09, 1.02310149241e-09, 4.40240788269e-10, 6.52964349257e-10, 5.87387138928e-10, 2.94032465042e-10, 8.03338159883e-11, 5.4986282888e-11, 2.92750372555e-11, 9.65821693455e-12, 2.26797400305e-11, 2.64790585291e-11, 1.57369482029e-11, 1.64251928031e-11, 1.30976739871e-11, 1.10256404701e-11, 5.87729864776e-12, 3.8789093465e-12, 4.34199507945e-12, 1.01850854139e-11, 6.0463201286e-12, 2.9091724689e-12, 1.95189936263e-12, 1.57156904677e-12, 1.13446871255e-12, 1.65911175857e-12], "dvar2": [0.000176902278326, 0.000144797726534, 1.82606836461e-05, 1.36051103254e-05, 1.0598204625e-07, 3.66431613941e-08, 4.31168700743e-08, 1.8543252267e-08, 2.08669703738e-08, 3.90276184703e-08, 6.65061392624e-08, 3.02102769467e-08, 1.83817423505e-08, 4.1440766374e-09, 8.16946599258e-09, 2.3381547809e-09, 6.91386892182e-10, 1.48032797131e-09, 1.53518497914e-09, 6.67464250537e-10, 2.13110931679e-10, 1.43136363873e-10, 7.61661358983e-11, 2.42372476256e-11, 6.08265104951e-11, 6.90038165496e-11, 4.05304470541e-11, 4.33783356457e-11, 3.10222784961e-11, 2.5706280854e-11, 1.48200028638e-11, 9.84456439979e-12, 9.72390050424e-12, 2.10019744651e-11, 1.41630205827e-11, 6.51140903349e-12, 4.21142417814e-12, 3.46240939565e-12, 2.51853507667e-12, 3.51491231954e-12], "max": [0.0695160403848, 0.0620473846793, 0.0301563050598, 0.0400895476341, 0.00297052576207, 0.00190766411833, 0.0015989592066, 0.00105060241185, 0.00280612916686, 0.00335626886226, 0.003544338746, 0.0032656325493, 0.00208520237356, 0.000987355830148, 0.000892769079655, 0.000697603623848, 0.000707869417965, 0.000505047501065, 0.000434282992501, 0.000460156938061, 0.000109779663035, 8.68572969921e-05, 8.40434731799e-05, 3.65212654287e-05, 5.28823729837e-05, 6.46387779852e-05, 5.42666421097e-05, 5.99083141424e-05, 5.37226551387e-05, 5.24342613062e-05, 2.32261172641e-05, 2.51553246926e-05, 2.66342995019e-05, 6.27357439953e-05, 3.21663901559e-05, 2.23399874812e-05, 1.8176928279e-05, 1.7965952793e-05, 1.2627147953e-05, 1.46875599967e-05], "mean": [0.00373959215358, 0.0056485356763, 0.00320137897506, 0.00238781003281, 0.000252039841143, 0.000112849651487, 5.11922626174e-05, 2.49501626968e-05, 3.11914554914e-05, 5.63678222534e-05, 0.000149959421833, 8.74906036188e-05, 7.16493814252e-05, 3.97043695557e-05, 2.3887028874e-05, 1.42298858918e-05, 3.30317452608e-05, 2.40980189119e-05, 1.91860017367e-05, 1.81583982339e-05, 7.01848784956e-06, 4.80910830447e-06, 3.43987699125e-06, 2.20348078983e-06, 3.03204683405e-06, 3.00303804579e-06, 2.93101811621e-06, 2.35736524701e-06, 3.10876885123e-06, 3.04264813167e-06, 1.89150102869e-06, 1.45110618632e-06, 1.71482759015e-06, 1.94536164599e-06, 1.62939079473e-06, 1.27968053221e-06, 1.09962343231e-06, 9.18348916912e-07, 8.3067544665e-07, 8.5077812173e-07], "median": [0.00141723849811, 0.00376062327996, 0.00196657283232, 0.000896888435818, 0.000130663596792, 5.97118705628e-05, 1.46241636685e-05, 5.35028084414e-06, 1.00490633486e-05, 7.97536540631e-06, 1.89502388821e-05, 1.18087482406e-05, 1.01173336589e-05, 5.24353072251e-06, 3.24290977005e-06, 1.74574415723e-06, 3.23463268614e-06, 3.75644731321e-06, 4.43271073891e-06, 4.5603765102e-06, 1.80322172127e-06, 1.5076307136e-06, 1.46152115121e-06, 1.18194043353e-06, 1.13853366202e-06, 1.10079554361e-06, 9.19999934013e-07, 6.55026099139e-07, 9.94567017187e-07, 1.07327696242e-06, 6.98580834069e-07, 4.91511059408e-07, 5.40572955288e-07, 5.74146383769e-07, 5.2972757203e-07, 4.22608280815e-07, 2.88662675985e-07, 2.69748767323e-07, 2.65716494141e-07, 2.50604273333e-07], "min": [1.38548319204e-23, 7.71564498785e-24, 9.98480495944e-24, 7.44075378365e-24, 7.30812102194e-24, 9.75198686276e-24, 1.94518994395e-23, 9.14078453315e-24, 4.14619335884e-24, 3.84307118943e-24, 5.15306268054e-24, 1.01760201097e-23, 1.03555837844e-23, 1.17570401476e-23, 2.37270601178e-23, 1.47989611622e-23, 5.81378102032e-24, 5.0811343432e-24, 8.73187611634e-24, 7.89641483087e-24, 1.36459210423e-23, 8.7008005187e-24, 9.24358415315e-24, 8.27915988689e-24, 1.37084698235e-23, 1.16779599973e-23, 2.07724936156e-23, 7.75801470707e-24, 6.51272085424e-24, 8.53486993818e-24, 8.00245272489e-24, 7.44477224111e-24, 8.26146100362e-24, 1.309092663e-23, 1.00731526477e-23, 8.51794650518e-24, 7.25058466295e-24, 9.92593227009e-24, 8.37368593372e-24, 1.02416280935e-23], "var": [5.20955036336e-05, 5.72937206016e-05, 1.44591758726e-05, 1.52360798893e-05, 1.01747005488e-07, 2.48769893574e-08, 1.44913352429e-08, 5.49487344514e-09, 1.45504861493e-08, 3.70438719699e-08, 1.50259836573e-07, 9.24203433783e-08, 3.96694161964e-08, 1.07544435579e-08, 5.58114887639e-09, 2.29289032205e-09, 7.41878602994e-09, 3.05270919654e-09, 1.99878091856e-09, 1.6478639564e-09, 1.52590121094e-10, 9.57956144965e-11, 3.975383564e-11, 1.09427588518e-11, 2.62695195458e-11, 2.84612680646e-11, 2.52623668512e-11, 2.01420234658e-11, 2.62823963981e-11, 2.26870553593e-11, 8.61609481678e-12, 5.39656557288e-12, 7.67699272208e-12, 1.76623455445e-11, 7.57442459448e-12, 4.53984636342e-12, 3.9046409335e-12, 2.5363647814e-12, 1.79593102542e-12, 2.54446333794e-12]}, "mfcc": {"mean": [-706.110717773, 114.422706604, 33.117061615, 31.8076305389, 20.033788681, 22.4124717712, 10.949007988, 7.58434534073, 5.80292034149, -0.95742303133, -13.386349678, -13.7180366516, -7.97985267639], "cov": [[14498.7509766, 417.373413086, -91.7430877686, -135.421920776, 59.054889679, 444.152832031, 230.02557373, 467.645172119, 484.592437744, 295.360046387, -77.6138000488, 82.8112182617, 206.10005188], [417.373413086, 1436.86914062, -95.8355102539, -12.3196296692, 256.874908447, 203.864181519, 40.5262145996, 116.449653625, 159.340164185, 91.0651550293, -21.5671253204, -82.3348007202, -83.1797714233], [-91.7430877686, -95.8355102539, 492.019805908, 150.02583313, 19.742313385, -7.27362394333, 65.3186569214, 46.1932106018, 24.0938472748, 1.33540427685, 48.7068710327, 71.6179275513, 15.0604362488], [-135.421920776, -12.3196296692, 150.02583313, 313.812316895, 38.2002944946, 3.25343179703, 65.3069152832, -2.6146903038, -43.5278892517, -24.4896602631, -1.58264803886, -6.22389602661, -6.01346921921], [59.054889679, 256.874908447, 19.742313385, 38.2002944946, 257.679443359, 149.470184326, 31.1458930969, 30.6044082642, 51.152721405, 44.2167282104, 4.54028749466, -31.2473449707, -18.8170318604], [444.152832031, 203.864181519, -7.27362394333, 3.25343179703, 149.470184326, 209.579788208, 74.8762817383, 40.811050415, 56.223651886, 55.640247345, 10.0296735764, -28.0496482849, -16.0810928345], [230.02557373, 40.5262145996, 65.3186569214, 65.3069152832, 31.1458930969, 74.8762817383, 147.910690308, 60.6433639526, 36.6424598694, 18.553571701, 6.59258317947, 12.8409881592, 0.99484282732], [467.645172119, 116.449653625, 46.1932106018, -2.6146903038, 30.6044082642, 40.811050415, 60.6433639526, 180.899200439, 117.994400024, 38.9714241028, -5.36877155304, 24.9423389435, 56.1505966187], [484.592437744, 159.340164185, 24.0938472748, -43.5278892517, 51.152721405, 56.223651886, 36.6424598694, 117.994400024, 188.116287231, 126.216079712, 11.380566597, -30.825553894, -11.2248563766], [295.360046387, 91.0651550293, 1.33540427685, -24.4896602631, 44.2167282104, 55.640247345, 18.553571701, 38.9714241028, 126.216079712, 204.829833984, 63.1982727051, -48.1073951721, -58.9639625549], [-77.6138000488, -21.5671253204, 48.7068710327, -1.58264803886, 4.54028749466, 10.0296735764, 6.59258317947, -5.36877155304, 11.380566597, 63.1982727051, 109.480781555, 55.0420951843, -7.92489147186], [82.8112182617, -82.3348007202, 71.6179275513, -6.22389602661, -31.2473449707, -28.0496482849, 12.8409881592, 24.9423389435, -30.825553894, -48.1073951721, 55.0420951843, 198.542861938, 118.85307312], [206.10005188, -83.1797714233, 15.0604362488, -6.01346921921, -18.8170318604, -16.0810928345, 0.99484282732, 56.1505966187, -11.2248563766, -58.9639625549, -7.92489147186, 118.85307312, 180.23236084]], "icov": [[8.6723754066e-05, 5.4885422287e-06, 2.30502319027e-05, -2.86963113467e-05, 0.000159424176672, -0.000272188044619, 4.97370529047e-05, -7.91763668531e-05, -0.000123765188619, -0.000107343148557, 0.000204060212127, -0.000135031892569, -2.75773400062e-05], [5.4885422287e-06, 0.000998482923023, 0.000296579208225, -0.000149456362124, -0.000634079857264, -0.000467033387395, 0.000357809738489, -0.000495773332659, -0.000604603788815, 0.000288642389933, 0.000242090784013, -0.000394740316551, 0.000797108106781], [2.30502319027e-05, 0.000296579208225, 0.00292708934285, -0.00139962008689, -0.000370884663425, 0.000350348331267, -0.000389864260796, -0.000288632407319, -0.00140968349297, 0.000842571200337, -0.000937535893172, -0.00118756550364, 0.000833604310174], [-2.86963113467e-05, -0.000149456362124, -0.00139962008689, 0.00486084399745, -0.00134013453498, 0.00161003589164, -0.00256379670464, -0.000331082526827, 0.00277912407182, -0.000717381422874, 1.49716188389e-05, 0.00149243779015, -0.000681119214278], [0.000159424176672, -0.000634079857264, -0.000370884663425, -0.00134013453498, 0.00814395770431, -0.00612496118993, 0.00228698900901, 0.000133032925078, -0.0011690397514, 9.96964226943e-05, 0.000344068743289, -0.000133124995045, -0.000176238812855], [-0.000272188044619, -0.000467033387395, 0.000350348331267, 0.00161003589164, -0.00612496118993, 0.012294231914, -0.00578552950174, 0.000710844353307, 0.00101469771471, -0.000821439491119, -0.00167571369093, 0.00208124169149, -0.00126358622219], [4.97370529047e-05, 0.000357809738489, -0.000389864260796, -0.00256379670464, 0.00228698900901, -0.00578552950174, 0.0120367165655, -0.00362161849625, -0.000386007566703, 0.00019809063815, 0.00110175961163, -0.00242301402614, 0.00252676801756], [-7.91763668531e-05, -0.000495773332659, -0.000288632407319, -0.000331082526827, 0.000133032925078, 0.000710844353307, -0.00362161849625, 0.0144698359072, -0.0100134098902, 0.0026152995415, -7.98734690761e-05, 0.00022912271379, -0.0044585345313], [-0.000123765188619, -0.000604603788815, -0.00140968349297, 0.00277912407182, -0.0011690397514, 0.00101469771471, -0.000386007566703, -0.0100134098902, 0.0204176548868, -0.0105686420575, 0.00344760273583, 0.00101853802335, 0.000457210408058], [-0.000107343148557, 0.000288642389933, 0.000842571200337, -0.000717381422874, 9.96964226943e-05, -0.000821439491119, 0.00019809063815, 0.0026152995415, -0.0105686420575, 0.0150173241273, -0.00953632127494, 0.00358738820069, 0.000752644264139], [0.000204060212127, 0.000242090784013, -0.000937535893172, 1.49716188389e-05, 0.000344068743289, -0.00167571369093, 0.00110175961163, -7.98734690761e-05, 0.00344760273583, -0.00953632127494, 0.0202530976385, -0.00989972334355, 0.00437613762915], [-0.000135031892569, -0.000394740316551, -0.00118756550364, 0.00149243779015, -0.000133124995045, 0.00208124169149, -0.00242301402614, 0.00022912271379, 0.00101853802335, 0.00358738820069, -0.00989972334355, 0.0147985890508, -0.00872200727463], [-2.75773400062e-05, 0.000797108106781, 0.000833604310174, -0.000681119214278, -0.000176238812855, -0.00126358622219, 0.00252676801756, -0.0044585345313, 0.000457210408058, 0.000752644264139, 0.00437613762915, -0.00872200727463, 0.0133181689307]]}, "spectral_contrast_coeffs": {"dmean": [0.0533349141479, 0.0438463352621, 0.0385643318295, 0.0288870129734, 0.0215236376971, 0.0179937276989], "dmean2": [0.0842079296708, 0.0697014331818, 0.0584112815559, 0.0439313538373, 0.0328165069222, 0.0287190787494], "dvar": [0.00200945674442, 0.00148386356886, 0.00128562690224, 0.000675169052556, 0.000355361844413, 0.000246892421274], "dvar2": [0.00508290575817, 0.00366843841039, 0.00266734464094, 0.00140944775194, 0.000754202075768, 0.000614378077444], "max": [-0.276551604271, -0.431259095669, -0.439050078392, -0.503330349922, -0.643058538437, -0.672263622284], "mean": [-0.58983194828, -0.713208377361, -0.735145390034, -0.768116354942, -0.813688755035, -0.792819499969], "median": [-0.592045664787, -0.712641477585, -0.740914523602, -0.780829191208, -0.816320180893, -0.792178034782], "min": [-0.958599746227, -0.963181376457, -0.968388438225, -0.97555154562, -0.955502092838, -0.956792116165], "var": [0.00829863268882, 0.00598819833249, 0.00834412593395, 0.0070927683264, 0.00201151636429, 0.001383516239]}, "spectral_contrast_valleys": {"dmean": [0.440209060907, 0.45680141449, 0.438868612051, 0.423161745071, 0.408606022596, 0.480109512806], "dmean2": [0.68394100666, 0.652928948402, 0.614697754383, 0.56280452013, 0.523915112019, 0.552864730358], "dvar": [0.244796976447, 0.239452987909, 0.219319194555, 0.217065483332, 0.227792277932, 0.276301175356], "dvar2": [0.441645652056, 0.392684668303, 0.374429434538, 0.346082121134, 0.356989562511, 0.432761222124], "max": [-4.76188755035, -5.25003910065, -5.73309516907, -6.00004720688, -5.87953853607, -8.06918525696], "mean"