{"lowlevel": {"average_loudness": 0.818806648254, "barkbands_crest": {"dmean": 2.56024813652, "dmean2": 4.16875076294, "dvar": 6.8506231308, "dvar2": 18.2846336365, "max": 25.4794769287, "mean": 12.7390651703, "median": 11.8916006088, "min": 4.51895236969, "var": 19.9186630249}, "barkbands_flatness_db": {"dmean": 0.0361703447998, "dmean2": 0.0498357489705, "dvar": 0.00103451206814, "dvar2": 0.00213703885674, "max": 0.654866993427, "mean": 0.258520364761, "median": 0.247323706746, "min": 0.0374015979469, "var": 0.00988971348852}, "barkbands_kurtosis": {"dmean": 9.36463546753, "dmean2": 14.1838979721, "dvar": 207.904434204, "dvar2": 493.600158691, "max": 529.84588623, "mean": 18.8777942657, "median": 9.72570323944, "min": -1.81262040138, "var": 1812.65966797}, "barkbands_skewness": {"dmean": 0.908579230309, "dmean2": 1.30714595318, "dvar": 0.985964953899, "dvar2": 2.18740797043, "max": 18.4265289307, "mean": 2.28032016754, "median": 1.9770796299, "min": -2.09943819046, "var": 4.19907188416}, "barkbands_spread": {"dmean": 2.23907637596, "dmean2": 3.59161114693, "dvar": 23.7367630005, "dvar2": 61.6620368958, "max": 114.705169678, "mean": 5.8427901268, "median": 4.51508951187, "min": 0.262262910604, "var": 42.1062889099}, "dissonance": {"dmean": 0.0430001094937, "dmean2": 0.0707542523742, "dvar": 0.00151786650531, "dvar2": 0.00380843272433, "max": 0.499999880791, "mean": 0.38544818759, "median": 0.387924969196, "min": 0.198936790228, "var": 0.00385220907629}, "dynamic_complexity": 4.41314458847, "erbbands_crest": {"dmean": 3.27078676224, "dmean2": 5.15351963043, "dvar": 10.4784469604, "dvar2": 26.7098293304, "max": 31.1994228363, "mean": 14.5102539062, "median": 13.9285383224, "min": 2.22548866272, "var": 30.5943565369}, "erbbands_flatness_db": {"dmean": 0.0359879396856, "dmean2": 0.0495528765023, "dvar": 0.00104644824751, "dvar2": 0.00200861459598, "max": 0.410695165396, "mean": 0.238288983703, "median": 0.241626948118, "min": 0.0281722676009, "var": 0.00453732861206}, "erbbands_kurtosis": {"dmean": 5.33990287781, "dmean2": 8.61686515808, "dvar": 60.2143058777, "dvar2": 159.359588623, "max": 109.512039185, "mean": 9.38764667511, "median": 6.17952060699, "min": -1.68236589432, "var": 114.973800659}, "erbbands_skewness": {"dmean": 0.709064900875, "dmean2": 1.06100153923, "dvar": 0.525612294674, "dvar2": 1.31051838398, "max": 7.58446073532, "mean": 1.9300750494, "median": 1.81300759315, "min": -1.51649487019, "var": 1.82317137718}, "erbbands_spread": {"dmean": 5.62420797348, "dmean2": 8.97100925446, "dvar": 81.5682907104, "dvar2": 199.442245483, "max": 146.212173462, "mean": 14.6205511093, "median": 11.1845874786, "min": 1.67593896389, "var": 162.271850586}, "hfc": {"dmean": 5.73037290573, "dmean2": 8.65871524811, "dvar": 89.7442398071, "dvar2": 220.869338989, "max": 110.501739502, "mean": 10.1977090836, "median": 7.06489992142, "min": 1.17653696937e-16, "var": 129.279541016}, "melbands_crest": {"dmean": 2.76603960991, "dmean2": 4.47569417953, "dvar": 7.55327987671, "dvar2": 19.0996894836, "max": 33.3991470337, "mean": 14.4753751755, "median": 13.6853570938, "min": 1.60648679733, "var": 24.5639305115}, "melbands_flatness_db": {"dmean": 0.0392492823303, "dmean2": 0.0533255413175, "dvar": 0.00125006749295, "dvar2": 0.00256164907478, "max": 0.834670245647, "mean": 0.35759845376, "median": 0.343266129494, "min": 0.00339066213928, "var": 0.0157341118902}, "melbands_kurtosis": {"dmean": 9.54979991913, "dmean2": 14.4693069458, "dvar": 280.755371094, "dvar2": 619.78918457, "max": 703.32220459, "mean": 18.235332489, "median": 8.72281932831, "min": -1.53747177124, "var": 2095.75463867}, "melbands_skewness": {"dmean": 0.789666712284, "dmean2": 1.17880618572, "dvar": 0.870248794556, "dvar2": 1.93942129612, "max": 18.7855758667, "mean": 1.96926271915, "median": 1.6609544754, "min": -0.845667719841, "var": 2.83676671982}, "melbands_spread": {"dmean": 2.16514062881, "dmean2": 3.33515572548, "dvar": 23.9122447968, "dvar2": 53.8693199158, "max": 160.751419067, "mean": 8.25859451294, "median": 5.57060432434, "min": 0.317480832338, "var": 264.89730835}, "pitch_salience": {"dmean": 0.0769818499684, "dmean2": 0.124434992671, "dvar": 0.00588185340166, "dvar2": 0.0159682109952, "max": 0.868970632553, "mean": 0.525253653526, "median": 0.530435860157, "min": 0.110367141664, "var": 0.0175414122641}, "silence_rate_20dB": {"dmean": 0.00221075909212, "dmean2": 0.00442314799875, "dvar": 0.0022058323957, "dvar2": 0.00661505758762, "max": 1, "mean": 0.998895049095, "median": 1, "min": 0, "var": 0.00110374053475}, "silence_rate_30dB": {"dmean": 0.0257921889424, "dmean2": 0.0516033917665, "dvar": 0.0251266434789, "dvar2": 0.0548389814794, "max": 1, "mean": 0.967587471008, "median": 1, "min": 0, "var": 0.031362220645}, "silence_rate_60dB": {"dmean": 0.0530582182109, "dmean2": 0.106155544519, "dvar": 0.0502416864038, "dvar2": 0.108156770468, "max": 1, "mean": 0.142909765244, "median": 0, "min": 0, "var": 0.122482381761}, "spectral_centroid": {"dmean": 74.9579162598, "dmean2": 109.961631775, "dvar": 36505.2070312, "dvar2": 47779.8671875, "max": 10876.7919922, "mean": 518.421325684, "median": 452.116241455, "min": 99.7335586548, "var": 262238.375}, "spectral_complexity": {"dmean": 1.72070741653, "dmean2": 2.58680438995, "dvar": 3.66193389893, "dvar2": 7.53842592239, "max": 28, "mean": 8.29539585114, "median": 9, "min": 0, "var": 16.7096862793}, "spectral_decrease": {"dmean": 4.18444434658e-09, "dmean2": 6.30977714522e-09, "dvar": 1.10112675104e-16, "dvar2": 2.74496723137e-16, "max": 6.50251187662e-18, "mean": -7.87222731446e-09, "median": -5.20152454442e-09, "min": -1.59084123652e-07, "var": 1.29705572878e-16}, "spectral_energy": {"dmean": 0.0162874292582, "dmean2": 0.0245518777519, "dvar": 0.00161544769071, "dvar2": 0.00402608094737, "max": 0.605210661888, "mean": 0.0306364893913, "median": 0.0203501638025, "min": 1.05160537561e-20, "var": 0.00191531842574}, "spectral_energyband_high": {"dmean": 0.000100737241155, "dmean2": 0.000163556425832, "dvar": 1.04941065615e-07, "dvar2": 2.76202655414e-07, "max": 0.00412544514984, "mean": 9.10034359549e-05, "median": 1.40924530569e-05, "min": 7.60780062129e-21, "var": 8.8631260553e-08}, "spectral_energyband_low": {"dmean": 0.00648637255654, "dmean2": 0.0100455675274, "dvar": 0.00132263882551, "dvar2": 0.00337099190801, "max": 0.583558022976, "mean": 0.0112078003585, "median": 0.000973342626821, "min": 3.61825979428e-23, "var": 0.00122860062402}, "spectral_energyband_middle_high": {"dmean": 0.00051412236644, "dmean2": 0.000727572187316, "dvar": 1.97772146748e-06, "dvar2": 3.04958302877e-06, "max": 0.0415769554675, "mean": 0.000986380735412, "median": 0.000431735825259, "min": 1.59366210187e-21, "var": 4.8185702326e-06}, "spectral_energyband_middle_low": {"dmean": 0.0108802374452, "dmean2": 0.0163804069161, "dvar": 0.000276965001831, "dvar2": 0.000673457689118, "max": 0.191096410155, "mean": 0.0187728442252, "median": 0.0131814470515, "min": 3.4936869822e-22, "var": 0.000407847895985}, "spectral_entropy": {"dmean": 0.375321120024, "dmean2": 0.529403924942, "dvar": 0.132867008448, "dvar2": 0.261330187321, "max": 9.79113197327, "mean": 6.29214286804, "median": 6.23908281326, "min": 4.17991399765, "var": 0.613053679466}, "spectral_flux": {"dmean": 0.0391365140676, "dmean2": 0.0590736605227, "dvar": 0.00313038285822, "dvar2": 0.00695772934705, "max": 0.693465173244, "mean": 0.0757836252451, "median": 0.0568599253893, "min": 1.02547810521e-10, "var": 0.00532340584323}, "spectral_kurtosis": {"dmean": 9.0796546936, "dmean2": 13.1461296082, "dvar": 95.9056091309, "dvar2": 208.982727051, "max": 191.701705933, "mean": 23.3258666992, "median": 14.6224498749, "min": -1.22915244102, "var": 828.93939209}, "spectral_rms": {"dmean": 0.00117879372556, "dmean2": 0.00166298635304, "dvar": 3.02972625832e-06, "dvar2": 6.69139308229e-06, "max": 0.024299165234, "mean": 0.00464868266135, "median": 0.00445576244965, "min": 3.20305544241e-12, "var": 8.27904841572e-06}, "spectral_rolloff": {"dmean": 110.90234375, "dmean2": 193.74180603, "dvar": 395511.90625, "dvar2": 910147.0625, "max": 19272.2167969, "mean": 830.823669434, "median": 473.73046875, "min": 86.1328125, "var": 5964320}, "spectral_skewness": {"dmean": 0.712292969227, "dmean2": 1.00019049644, "dvar": 0.391540706158, "dvar2": 0.800956189632, "max": 11.7435436249, "mean": 3.60793471336, "median": 3.21290183067, "min": 0.00876661762595, "var": 3.22617650032}, "spectral_spread": {"dmean": 1116669.75, "dmean2": 1502764.75, "dvar": 1533512646660.0, "dvar2": 2591876186110.0, "max": 40826072, "mean": 3596522.5, "median": 3113879.75, "min": 507712.71875, "var": 4544495878140.0}, "spectral_strongpeak": {"dmean": 0.508430182934, "dmean2": 0.830995678902, "dvar": 0.4826361835, "dvar2": 1.14285087585, "max": 8.38328075409, "mean": 0.925891339779, "median": 0.604106485844, "min": 0, "var": 0.850404381752}, "zerocrossingrate": {"dmean": 0.00617242185399, "dmean2": 0.00774662801996, "dvar": 0.000127107647131, "dvar2": 0.000153612883878, "max": 0.5234375, "mean": 0.0338253900409, "median": 0.02294921875, "min": 0.001953125, "var": 0.00416529830545}, "barkbands": {"dmean": [0.000595173158217, 0.00481610978022, 0.00147480564192, 0.000692344328854, 0.00327607127838, 0.00233295909129, 0.00577955180779, 0.000885341200046, 0.000547420408111, 7.03617261024e-05, 0.000168568745721, 0.000230172954616, 4.9577018217e-05, 3.49706388079e-05, 2.66660954367e-05, 2.45748869929e-05, 1.84171058208e-05, 2.76486316579e-05, 1.1545954294e-05, 1.21634184325e-05, 7.79050242272e-06, 1.04756245491e-05, 1.57857521117e-05, 1.33581525006e-05, 2.24419709411e-05, 2.51179008046e-05, 7.50542722017e-06], "dmean2": [0.000918806472328, 0.00774545362219, 0.00245041982271, 0.00115135894157, 0.00518680782989, 0.004028017167, 0.00911840889603, 0.00139148056041, 0.000778108253144, 0.00010922562069, 0.000258959247731, 0.000311538664391, 8.06401003501e-05, 4.98892841279e-05, 4.08830892411e-05, 4.04791353503e-05, 2.97747519653e-05, 4.24032259616e-05, 1.79617945832e-05, 1.8846227249e-05, 1.13404803415e-05, 1.56526075443e-05, 2.58038617176e-05, 2.17501255975e-05, 3.82761463698e-05, 4.40691328549e-05, 1.31406859509e-05], "dvar": [1.11444469439e-05, 0.000862153829075, 3.60116027878e-05, 4.05695209338e-06, 4.14798305428e-05, 2.63912716036e-05, 0.000107512219984, 4.20763763032e-06, 1.77594563411e-06, 1.85272810427e-08, 3.34271476277e-07, 1.49576237618e-06, 1.52588111035e-08, 1.79786425747e-08, 4.28509849826e-09, 3.51736217929e-09, 2.5989228547e-09, 4.30711866173e-09, 7.09463821025e-10, 1.12783360429e-09, 2.91369733896e-10, 5.52706380663e-10, 1.41390588126e-09, 1.1405834055e-09, 7.50760964507e-09, 1.5213304394e-08, 1.28344679329e-09], "dvar2": [2.22142189159e-05, 0.00227286294103, 9.22156687011e-05, 1.11975041364e-05, 0.000101528625237, 7.13837071089e-05, 0.000279185478576, 1.00401130112e-05, 3.4552328998e-06, 4.12207015188e-08, 7.68365168824e-07, 2.05129640563e-06, 3.59288279128e-08, 2.22974669839e-08, 8.92257823182e-09, 8.65651550441e-09, 6.15496853484e-09, 9.9474188886e-09, 1.62603419618e-09, 2.68430033756e-09, 5.41568290213e-10, 1.14767284565e-09, 3.5583562763e-09, 2.91252866269e-09, 2.05273575915e-08, 4.18258672141e-08, 3.54446050288e-09], "max": [0.0414387136698, 0.460703253746, 0.0879642739892, 0.0312709622085, 0.061838530004, 0.0576547011733, 0.123173944652, 0.0235468484461, 0.0300237145275, 0.00223175412975, 0.0140841528773, 0.0400155112147, 0.00287516391836, 0.00563764059916, 0.00166034779977, 0.00133794522844, 0.00114706286695, 0.000983594800346, 0.000353867100785, 0.000482512026792, 0.000216087340959, 0.0002745972306, 0.000365121639334, 0.000407104904298, 0.00138171284925, 0.00159924873151, 0.000493274943437], "mean": [0.000674993731081, 0.00700885942206, 0.00310891354457, 0.00122949189972, 0.0043975757435, 0.00275856722146, 0.00812334846705, 0.00117048749235, 0.00105761957821, 0.00010492963338, 0.000309774361085, 0.000340370810591, 5.36276857019e-05, 4.75694141642e-05, 4.45073383162e-05, 3.37584533554e-05, 2.09682330023e-05, 3.81408062822e-05, 1.32844443215e-05, 1.43183351611e-05, 9.10195740289e-06, 1.08964095489e-05, 1.45596432048e-05, 1.20143258755e-05, 1.67385605891e-05, 1.71559004229e-05, 4.97014434586e-06], "median": [8.35554692458e-06, 0.00026202906156, 0.000367766420823, 0.000371442118194, 0.00201874319464, 0.00121779751498, 0.00445284787565, 0.0003363811702, 0.000277620973065, 4.26732622145e-05, 0.000106970153865, 4.69412370876e-05, 1.10912878881e-05, 9.97629013e-06, 1.0989691873e-05, 8.07090782473e-06, 5.12274527864e-06, 1.19392789202e-05, 3.5514526644e-06, 3.5770847262e-06, 1.91664935301e-06, 1.70904229435e-06, 2.43168619818e-06, 1.83698932688e-06, 1.37045333304e-06, 6.54103700981e-07, 1.47951510598e-07], "min": [1.91570926528e-24, 9.56390506802e-24, 8.37211688938e-24, 1.87731161849e-23, 3.40434911578e-23, 5.63769354009e-23, 2.99651938737e-23, 5.46877759436e-23, 1.27424613668e-22, 9.09007892074e-23, 5.48489749364e-23, 6.24564592055e-23, 1.16023869648e-22, 8.45280742033e-23, 1.31498657414e-22, 1.43027562932e-22, 2.16659347576e-22, 2.89836180359e-22, 2.46434466993e-22, 4.03117919013e-22, 4.75889921001e-22, 3.66379038448e-22, 6.08159958163e-22, 9.24917676676e-22, 1.11877207785e-21, 1.41161915726e-21, 2.78294698505e-21], "var": [1.28802084873e-05, 0.000690205954015, 4.82944778923e-05, 5.08655648446e-06, 4.85993768962e-05, 2.25646090257e-05, 0.00012733337644, 5.85724501434e-06, 4.87305896968e-06, 3.2561839447e-08, 4.90796992381e-07, 3.38182871928e-06, 1.94195877157e-08, 4.36393037262e-08, 1.3086515871e-08, 5.30312149749e-09, 3.35068373047e-09, 6.60010002207e-09, 9.35242328026e-10, 1.40020717243e-09, 5.54270296327e-10, 8.61886784165e-10, 1.33819588743e-09, 1.05261610539e-09, 5.11833153638e-09, 9.84376669066e-09, 8.16570366879e-10]}, "erbbands": {"dmean": [0.147365555167, 1.04452598095, 1.89022147655, 1.7224547863, 8.30802726746, 10.4417743683, 13.624578476, 23.3282470703, 74.2462234497, 60.6853866577, 16.8127784729, 10.4412336349, 7.69874668121, 3.8150575161, 8.14063549042, 6.07215833664, 2.13935399055, 2.1857984066, 1.09231245518, 1.50568032265, 1.37782871723, 1.16446042061, 1.56203782558, 0.761921942234, 0.623555541039, 0.507154405117, 0.392112523317, 0.25928235054, 0.348014742136, 0.492438703775, 0.460296690464, 0.334245711565, 0.200554266572, 0.163007229567, 0.20275503397, 0.11123496294, 0.0478130318224, 0.0109308697283, 0.00130973674823, 6.9262663601e-05], "dmean2": [0.245917707682, 1.67494666576, 3.08862018585, 2.88224959373, 13.1093378067, 16.733045578, 23.5937709808, 39.3703079224, 118.343185425, 97.6624603271, 25.558391571, 15.7480192184, 10.167801857, 5.8913731575, 11.6270923615, 8.40679740906, 3.43138098717, 3.14444494247, 1.74008584023, 2.37807011604, 2.26190495491, 1.837911129, 2.38747644424, 1.165163517, 0.97783857584, 0.782200098038, 0.574886500835, 0.380174160004, 0.515268206596, 0.768137395382, 0.758765280247, 0.545815467834, 0.326127231121, 0.26649466157, 0.35314193368, 0.195013493299, 0.0840053111315, 0.0193035006523, 0.00229316111654, 0.000115721144539], "dvar": [0.911260128021, 36.9977264404, 76.145401001, 23.5302791595, 273.148406982, 644.766784668, 720.829528809, 2781.61962891, 17186.5878906, 13714.0869141, 1576.36499023, 620.566101074, 401.473052979, 71.7517929077, 929.848205566, 793.051574707, 23.1915435791, 80.7040481567, 5.08380270004, 11.1396427155, 13.8003911972, 10.4180908203, 16.5618572235, 2.22152304649, 2.37869691849, 1.82016193867, 0.742407262325, 0.386492073536, 0.608728289604, 1.6826184988, 1.13260376453, 0.695179820061, 0.277956068516, 0.270753085613, 0.693711221218, 0.267097085714, 0.0597417168319, 0.0032382782083, 3.71249298041e-05, 6.31114787097e-08], "dvar2": [2.47556757927, 95.6709671021, 196.109848022, 61.4308204651, 679.944274902, 1671.13708496, 1939.96899414, 7526.76611328, 43776.7148438, 36362.2148438, 3697.85107422, 1461.38452148, 503.659606934, 156.337341309, 1632.61999512, 1104.66040039, 53.7598075867, 102.733123779, 12.0468988419, 26.728345871, 34.3810501099, 23.5653781891, 37.9609832764, 5.00122976303, 5.5980219841, 4.38151788712, 1.51093733311, 0.692563772202, 1.23248028755, 4.0538983345, 2.924949646, 1.79137527943, 0.705019116402, 0.695188343525, 1.93197190762, 0.732274055481, 0.165086627007, 0.00901818554848, 0.000102165104181, 1.6895037902e-07], "max": [15.2267408371, 93.3127212524, 134.462585449, 72.9245071411, 218.085708618, 322.972412109, 225.127182007, 618.377807617, 1245.41186523, 1453.3651123, 458.366638184, 337.141235352, 667.057800293, 149.634002686, 786.37487793, 927.714660645, 92.2380905151, 381.308410645, 37.0575027466, 62.8326072693, 91.2991714478, 81.2708511353, 66.7215499878, 19.0481300354, 27.248714447, 20.2240200043, 11.747590065, 8.3234167099, 11.3919696808, 16.9509620667, 11.1466522217, 10.9040107727, 6.1362490654, 6.34044408798, 13.6719970703, 7.12458658218, 2.87030100822, 0.669137060642, 0.0767067149282, 0.00362505600788], "mean": [0.194097146392, 1.58716976643, 3.80843162537, 3.84049153328, 11.3499183655, 13.367269516, 13.2636089325, 30.3593635559, 101.122085571, 82.3554992676, 24.4667186737, 17.0567131042, 17.3625583649, 8.54294490814, 13.0833091736, 9.03302669525, 2.56103849411, 2.82732224464, 1.63389480114, 2.38263273239, 1.97109556198, 1.45373773575, 2.21286058426, 0.969363093376, 0.717392623425, 0.59988451004, 0.452653318644, 0.300659954548, 0.367885023355, 0.47569423914, 0.408375233412, 0.297024250031, 0.181120067835, 0.137917235494, 0.141717106104, 0.0776499137282, 0.0318788327277, 0.00713468156755, 0.000889922084752, 7.14344932931e-05], "median": [0.00280596758239, 0.0816222280264, 0.49767524004, 1.17512428761, 4.4889755249, 5.91870164871, 5.40663957596, 14.3312559128, 45.6860313416, 39.318939209, 8.27418899536, 5.54881238937, 3.29501128197, 3.84025740623, 4.34017419815, 1.66389846802, 0.669720888138, 0.543245494366, 0.541206896305, 0.696426689625, 0.512469530106, 0.410017251968, 0.666420817375, 0.340412974358, 0.185314908624, 0.173280775547, 0.109302945435, 0.0509756691754, 0.0597866028547, 0.0799193456769, 0.0634064376354, 0.042392808944, 0.0276785381138, 0.0141812097281, 0.0097533185035, 0.00375364441425, 0.000982973142527, 0.000187737270608, 4.22199373133e-05, 2.87320963253e-05], "min": [2.57779347039e-22, 2.23768834684e-21, 8.84641796247e-21, 5.43588783499e-20, 9.69978546532e-20, 9.90781945067e-20, 2.80737138287e-19, 3.86896515825e-19, 3.25496139726e-19, 1.18694731035e-18, 1.23939738542e-18, 2.61118047839e-18, 3.57353067484e-18, 2.31009500723e-18, 2.04106609352e-18, 3.41139789811e-18, 5.6197108125e-18, 4.42565864108e-18, 5.77430218359e-18, 6.7568988663e-18, 9.18875320534e-18, 1.30548481503e-17, 1.55394447659e-17, 1.40004156793e-17, 1.29425831975e-17, 1.57799624183e-17, 1.71915444792e-17, 2.08412456672e-17, 1.34470277136e-17, 1.481325298e-17, 1.70231023824e-17, 1.7733758062e-17, 1.54819292436e-17, 1.14167559134e-17, 8.88304627609e-18, 5.16307857664e-18, 2.88210280852e-18, 1.13557225987e-18, 3.7351332805e-19, 4.28954636855e-20], "var": [0.667989015579, 31.3180847168, 87.1255569458, 43.1312217712, 357.015411377, 601.223693848, 592.682250977, 2490.64404297, 21608.5507812, 15074.4853516, 2355.62182617, 998.2890625, 1864.82775879, 189.044845581, 1726.40734863, 1822.92651367, 32.755065918, 188.818634033, 9.2962808609, 26.4998245239, 21.2228145599, 14.8161649704, 26.1087989807, 3.21598243713, 2.96782374382, 2.22369027138, 1.27464067936, 0.739561796188, 1.00910520554, 1.82431387901, 0.991075873375, 0.626823306084, 0.255656898022, 0.224260270596, 0.443632155657, 0.174285024405, 0.0381209626794, 0.00201911805198, 2.38749507844e-05, 4.57472673077e-08]}, "gfcc": {"mean": [-128.511428833, 135.094070435, -69.5846252441, 2.08080410957, -65.856086731, -6.62711143494, -38.6083183289, 6.84842014313, -14.9944467545, -4.20119667053, -8.07166194916, -0.0113284196705, -13.0610876083], "cov": [[33321.15625, 1657.60632324, -3443.72216797, -984.521362305, -2024.86291504, -506.928009033, -1415.51501465, -202.954879761, -808.809570312, -178.752838135, -200.16607666, 218.599395752, -235.443328857], [1657.60632324, 2592.16723633, 245.422973633, 61.1375465393, 423.788513184, -69.260307312, 302.649414062, -8.17802429199, 205.652664185, -202.12286377, 109.914749146, -164.711029053, 143.273345947], [-3443.72216797, 245.422973633, 1657.21118164, 568.71697998, 581.327392578, 378.982879639, 396.969085693, 138.268325806, 214.467666626, 144.308349609, 25.5264434814, -23.420135498, 7.98218631744], [-984.521362305, 61.1375465393, 568.71697998, 517.735473633, 356.904327393, 181.81829834, 198.996688843, 86.0010223389, 110.468734741, 108.950202942, 55.7442932129, 7.96902704239, 10.3898897171], [-2024.86291504, 423.788513184, 581.327392578, 356.904327393, 651.647766113, 277.195922852, 341.501068115, 104.537689209, 191.733581543, 83.3616790771, 78.3585662842, -3.87478709221, 48.8423690796], [-506.928009033, -69.260307312, 378.982879639, 181.81829834, 277.195922852, 382.587554932, 208.003128052, 100.291305542, 71.4852752686, 92.4609985352, 6.22306871414, 46.3814964294, 3.72066617012], [-1415.51501465, 302.649414062, 396.969085693, 198.996688843, 341.501068115, 208.003128052, 311.376159668, 103.345802307, 129.427108765, 43.8268013, 43.9097290039, -8.98366832733, 40.0724716187], [-202.954879761, -8.17802429199, 138.268325806, 86.0010223389, 104.537689209, 100.291305542, 103.345802307, 119.013832092, 72.2203903198, 46.004940033, 21.2006645203, 23.3066654205, -4.42578029633], [-808.809570312, 205.652664185, 214.467666626, 110.468734741, 191.733581543, 71.4852752686, 129.427108765, 72.2203903198, 151.656478882, 60.584400177, 48.6685256958, -5.6333861351, 21.9973258972], [-178.752838135, -202.12286377, 144.308349609, 108.950202942, 83.3616790771, 92.4609985352, 43.8268013, 46.004940033, 60.584400177, 133.684875488, 37.3354034424, 24.6666297913, -12.5992898941], [-200.16607666, 109.914749146, 25.5264434814, 55.7442932129, 78.3585662842, 6.22306871414, 43.9097290039, 21.2006645203, 48.6685256958, 37.3354034424, 84.9556503296, 20.082490921, 1.02775704861], [218.599395752, -164.711029053, -23.420135498, 7.96902704239, -3.87478709221, 46.3814964294, -8.98366832733, 23.3066654205, -5.6333861351, 24.6666297913, 20.082490921, 78.2097930908, -1.09717392921], [-235.443328857, 143.273345947, 7.98218631744, 10.3898897171, 48.8423690796, 3.72066617012, 40.0724716187, -4.42578029633, 21.9973258972, -12.5992898941, 1.02775704861, -1.09717392921, 72.6520385742]], "icov": [[0.000125256265164, -0.000429002160672, 0.00025064937654, -0.000245501636527, 0.000308103131829, -0.000261276902165, 0.000496656459291, -0.000442592077889, 0.000656149000861, -0.000911437731702, 0.00069409556454, -0.000632407900412, 0.000388752843719], [-0.000429002160672, 0.0023542244453, -0.000914597534575, 0.000939949590247, -0.00124745606445, 0.000720613577869, -0.00177374016494, 0.00172223884147, -0.00324833742343, 0.00519645912573, -0.00409157760441, 0.00372843886726, -0.00218298775144], [0.00025064937654, -0.000914597534575, 0.00178463722114, -0.0014564958401, 0.000558288476896, -0.000845723086968, 0.000205420685234, -0.000237200845731, 0.000450876395917, -0.00208777352236, 0.00263655046001, -0.00128385738935, 0.00161309749819], [-0.000245501636527, 0.000939949590247, -0.0014564958401, 0.00477004796267, -0.00236721104011, 0.00104574044235, -0.000799090252258, -0.000412117224187, 0.000427282066084, 4.52342374047e-06, -0.00249462923966, 0.00168900517747, -0.0012856326066], [0.000308103131829, -0.00124745606445, 0.000558288476896, -0.00236721104011, 0.00630170479417, -0.00240523950197, -0.00169299379922, 0.00113885779865, -0.00146235816646, -0.00134093139786, 0.000492812716402, -0.0016728634946, 0.000803551869467], [-0.000261276902165, 0.000720613577869, -0.000845723086968, 0.00104574044235, -0.00240523950197, 0.00785549264401, -0.00487886136398, -0.000254648126429, 0.00131292385049, -0.00226760981604, 0.00328803504817, -0.00339925917797, 0.000677144911606], [0.000496656459291, -0.00177374016494, 0.000205420685234, -0.000799090252258, -0.00169299379922, -0.00487886136398, 0.0150505816564, -0.00752469850704, 0.00165559235029, -0.000595828169025, -0.00127470877487, 0.0023961821571, -0.00272303214297], [-0.000442592077889, 0.00172223884147, -0.000237200845731, -0.000412117224187, 0.00113885779865, -0.000254648126429, -0.00752469850704, 0.0200038664043, -0.0106016527861, 0.00337407365441, 0.000345624925103, -0.00364894326776, 0.00360579160042], [0.000656149000861, -0.00324833742343, 0.000450876395917, 0.000427282066084, -0.00146235816646, 0.00131292385049, 0.00165559235029, -0.0106016527861, 0.0234342906624, -0.0125901792198, 0.000647028267849, -0.000613783893641, -0.00151866278611], [-0.000911437731702, 0.00519645912573, -0.00208777352236, 4.52342374047e-06, -0.00134093139786, -0.00226760981604, -0.000595828169025, 0.00337407365441, -0.0125901792198, 0.0255293641239, -0.0131072821096, 0.00743671832606, -0.00288381334394], [0.00069409556454, -0.00409157760441, 0.00263655046001, -0.00249462923966, 0.000492812716402, 0.00328803504817, -0.00127470877487, 0.000345624925103, 0.000647028267849, -0.0131072821096, 0.0281806457788, -0.0146382991225, 0.00752099044621], [-0.000632407900412, 0.00372843886726, -0.00128385738935, 0.00168900517747, -0.0016728634946, -0.00339925917797, 0.0023961821571, -0.00364894326776, -0.000613783893641, 0.00743671832606, -0.0146382991225, 0.0264065228403, -0.00766644440591], [0.000388752843719, -0.00218298775144, 0.00161309749819, -0.0012856326066, 0.000803551869467, 0.000677144911606, -0.00272303214297, 0.00360579160042, -0.00151866278611, -0.00288381334394, 0.00752099044621, -0.00766644440591, 0.0202198922634]]}, "melbands": {"dmean": [0.00136033364106, 0.00111030077096, 0.000447855505627, 0.000700606731698, 0.000472716405056, 0.000530093559064, 0.00114504608791, 0.000560408516321, 0.000110999440949, 7.32846310711e-05, 3.83487749787e-05, 1.42591552503e-05, 2.61913719442e-05, 3.04379791487e-05, 6.06625235378e-06, 5.32565491085e-06, 3.71214514416e-06, 1.68184362792e-06, 2.43679824052e-06, 1.73486318999e-06, 1.58561670105e-06, 1.21812706766e-06, 1.27094631353e-06, 1.38980760767e-06, 5.51901166546e-07, 4.47364186584e-07, 5.44186150364e-07, 2.91478670533e-07, 2.78286478306e-07, 1.8218517539e-07, 1.37251305432e-07, 1.87934162454e-07, 2.38448734535e-07, 2.80586618828e-07, 2.75682623396e-07, 2.26475847853e-07, 1.96854131218e-07, 1.36622347213e-07, 1.40597421705e-07, 1.3064226323e-07], "dmean2": [0.00216776062734, 0.00179434579331, 0.000735480803996, 0.00108789314982, 0.000811309146229, 0.000882563646883, 0.00181904889178, 0.000906659523025, 0.000169481718331, 0.000107337487862, 5.04801973875e-05, 2.22145790758e-05, 3.88697844755e-05, 4.07324514526e-05, 9.70762175712e-06, 8.31030956761e-06, 5.34588571099e-06, 2.75620845969e-06, 3.70440238839e-06, 2.82811743091e-06, 2.61525929091e-06, 1.95758093469e-06, 1.98132079277e-06, 2.15790350921e-06, 8.53574306348e-07, 7.03146383785e-07, 8.7866561671e-07, 4.49155237447e-07, 4.17296661226e-07, 2.73233666803e-07, 2.03952197353e-07, 2.87348029815e-07, 3.67570919479e-07, 4.4261162202e-07, 4.57723928093e-07, 3.70412749362e-07, 3.22945396647e-07, 2.23837972158e-07, 2.33124595184e-07, 2.12391853438e-07], "dvar": [7.05519123585e-05, 3.42373314197e-05, 1.14463625778e-06, 1.71912438418e-06, 1.00823319826e-06, 1.29045156427e-06, 4.08920959671e-06, 1.1330802181e-06, 8.18385643697e-08, 2.99564284489e-08, 1.00883479348e-08, 9.2870644508e-10, 9.01490970762e-09, 2.95709607911e-08, 3.3379560227e-10, 2.60556881626e-10, 2.28314422923e-10, 1.31479601512e-11, 4.4463988047e-11, 1.26342443452e-11, 2.03389735609e-11, 1.21202292994e-11, 1.26712902324e-11, 8.53592283662e-12, 1.36294057637e-12, 9.83213293768e-13, 2.94020103403e-12, 5.47778619339e-13, 4.08007856017e-13, 1.78603646087e-13, 1.25280956941e-13, 1.87298405409e-13, 3.29721113693e-13, 5.84157939035e-13, 4.0784972513e-13, 2.93419422873e-13, 2.43088047521e-13, 1.17817688656e-13, 2.14934393525e-13, 1.64727796291e-13], "dvar2": [0.000185074182809, 8.7727123173e-05, 2.9920201996e-06, 4.08824917031e-06, 2.72032661996e-06, 3.46711749444e-06, 1.05174203782e-05, 2.98787790598e-06, 1.92911087993e-07, 6.44590656407e-08, 1.24071224405e-08, 2.05619543614e-09, 1.98693914655e-08, 4.05436431095e-08, 7.19806214633e-10, 4.54946469386e-10, 2.90583501705e-10, 3.35953001529e-11, 8.82082601406e-11, 3.24601213963e-11, 5.09995795595e-11, 2.71919708972e-11, 3.05239444831e-11, 2.00582449955e-11, 3.07470737239e-12, 2.21955483506e-12, 7.41686920214e-12, 1.29065443229e-12, 8.6891469497e-13, 3.51530653545e-13, 2.25577735202e-13, 3.9855729936e-13, 7.1800367301e-13, 1.43498201603e-12, 1.06832316431e-12, 7.50388249801e-13, 6.33815753787e-13, 2.95978926047e-13, 5.67214678004e-13, 4.15828043656e-13], "max": [0.1326200068, 0.0911479070783, 0.0152370929718, 0.0119738355279, 0.00950925424695, 0.0138002643362, 0.0224327743053, 0.0130075598136, 0.00310923112556, 0.00334484595805, 0.00337567273527, 0.000487566168886, 0.00213546166196, 0.00565801979974, 0.000384494225727, 0.00058206153335, 0.000640699989162, 3.90154309571e-05, 0.000186921708519, 4.14675923821e-05, 0.00010737618868, 8.73038297868e-05, 5.55231017643e-05, 3.98933443648e-05, 1.47320024553e-05, 1.2026519471e-05, 2.9737211662e-05, 1.00134275272e-05, 8.96256369742e-06, 6.04191518505e-06, 4.93579545946e-06, 6.62527190798e-06, 7.98340442998e-06, 9.38540233619e-06, 7.18835508451e-06, 5.00312899021e-06, 6.60762498228e-06, 4.69147198601e-06, 5.28813643541e-06, 5.12789893037e-06], "mean": [0.00188525009435, 0.00209104432724, 0.000874359859154, 0.000969702959992, 0.0004720374709, 0.000709879212081, 0.00157774263062, 0.000749225262552, 0.000157073445735, 0.000126893311972, 8.57775958139e-05, 2.98293070955e-05, 4.42675009253e-05, 4.59635848529e-05, 6.77980142427e-06, 6.08147820458e-06, 4.75901015307e-06, 2.1296077648e-06, 4.12335157307e-06, 2.26402312364e-06, 2.16985199586e-06, 1.41069870097e-06, 1.65371625371e-06, 1.8717189505e-06, 6.61899264287e-07, 5.13174029493e-07, 5.7535828546e-07, 3.46115143657e-07, 3.10574819196e-07, 2.10443715787e-07, 1.56349258873e-07, 1.93826465988e-07, 2.43762571017e-07, 2.66467111487e-07, 2.41227212427e-07, 1.99385652877e-07, 1.71842273744e-07, 1.2460056098e-07, 1.18624974732e-07, 1.11376166956e-07], "median": [4.61906274722e-05, 0.000220533664105, 0.000336136581609, 0.000423029094236, 0.000189966172911, 0.000353928335244, 0.000809736724477, 0.000337162899086, 3.84979866794e-05, 3.10058021569e-05, 1.41529380926e-05, 1.20535187307e-05, 1.62169453688e-05, 5.97510143052e-06, 1.28641636366e-06, 1.03774948457e-06, 8.43487896418e-07, 6.3062617528e-07, 9.3028467063e-07, 6.64429080643e-07, 4.28039953704e-07, 3.26294554043e-07, 3.49400465893e-07, 6.06872561093e-07, 2.05022161026e-07, 1.50981776414e-07, 1.11192242969e-07, 9.95206264065e-08, 6.89978989499e-08, 3.75010458242e-08, 2.22738041344e-08, 2.93279285302e-08, 3.85653677881e-08, 4.51626469555e-08, 3.64544412434e-08, 2.90562880423e-08, 2.39918538369e-08, 2.03148342592e-08, 1.28572787972e-08, 1.13605764795e-08], "min": [2.60311043075e-24, 3.94486343406e-24, 9.15607029091e-24, 7.72762462956e-24, 7.69130231804e-24, 9.42097767149e-24, 5.23610606803e-24, 1.25996122253e-23, 1.07983335452e-23, 1.75729952686e-23, 1.80744441693e-23, 9.67064031508e-24, 7.18012124032e-24, 6.45824251456e-24, 1.30410587878e-23, 9.66501573682e-24, 7.76772952912e-24, 9.07109024989e-24, 9.02867793218e-24, 9.05669117179e-24, 1.04956499824e-23, 1.47626625165e-23, 1.12799252392e-23, 1.54703433237e-23, 1.1023193613e-23, 8.47810192972e-24, 1.12016686597e-23, 1.09989061635e-23, 1.12476868606e-23, 1.06966888175e-23, 1.32617079162e-23, 7.9625339965e-24, 6.28732593868e-24, 9.26077974316e-24, 9.06035227525e-24, 1.16584096575e-23, 1.04510533089e-23, 1.00008693229e-23, 1.10435525353e-23, 9.02010616959e-24], "var": [5.64799556741e-05, 3.36832599714e-05, 1.89493800917e-06, 2.31787817029e-06, 8.05000581749e-07, 1.2230309494e-06, 4.90887896376e-06, 1.26912334508e-06, 1.24250846056e-07, 6.49078657489e-08, 4.73979149263e-08, 2.48943177183e-09, 1.27586501364e-08, 6.71624533766e-08, 5.08126762888e-10, 4.91036211692e-10, 5.35248900757e-10, 1.5937286213e-11, 1.47177922627e-10, 1.74601010733e-11, 3.10101666567e-11, 1.73433819389e-11, 1.70402997268e-11, 1.29728467552e-11, 1.86697575802e-12, 1.32175249478e-12, 2.94094067675e-12, 7.20704095361e-13, 6.30477170038e-13, 3.22473737166e-13, 2.2928119364e-13, 2.87251234084e-13, 4.65232615886e-13, 5.89711276772e-13, 3.47499725393e-13, 2.59469989982e-13, 2.15649492621e-13, 1.10302825901e-13, 1.71904157575e-13, 1.40435867145e-13]}, "mfcc": {"mean": [-771.671020508, 171.556182861, 37.0726547241, 14.7389240265, -2.7746925354, -12.7622909546, -11.1741304398, 2.62595319748, -8.17204475403, -0.704884052277, -3.07161712646, 1.34854161739, 5.59844970703], "cov": [[14221.4472656, 2010.32202148, -655.641113281, -379.453796387, -624.891967773, -651.472900391, -634.532165527, -372.457244873, -578.663024902, -317.113647461, -247.931625366, -104.095397949, 53.6698265076], [2010.32202148, 2241.65551758, -84.3569946289, 31.9569454193, -73.255241394, -139.423187256, -28.9778022766, 55.8711700439, -11.0104627609, -2.72205042839, -85.6001586914, -63.1915664673, -3.16086864471], [-655.641113281, -84.3569946289, 714.006896973, 214.978027344, 219.368530273, 250.587677002, 166.187332153, 117.128234863, 137.249160767, 121.283309937, 86.596572876, 62.9773101807, 23.4494628906], [-379.453796387, 31.9569454193, 214.978027344, 411.42980957, 233.61555481, 167.349258423, 146.154724121, 65.1288528442, 113.700752258, 59.1426963806, 88.629196167, 87.2912063599, 49.2176208496], [-624.891967773, -73.255241394, 219.368530273, 233.61555481, 316.233215332, 256.906768799, 178.80027771, 104.239891052, 131.554122925, 83.5225372314, 99.5073928833, 85.3451156616, 67.1039657593], [-651.472900391, -139.423187256, 250.587677002, 167.349258423, 256.906768799, 351.354156494, 227.588088989, 121.708084106, 159.607513428, 107.743598938, 93.9116744995, 70.1049804688, 66.9886703491], [-634.532165527, -28.9778022766, 166.187332153, 146.154724121, 178.80027771, 227.588088989, 230.902191162, 127.704711914, 135.523864746, 85.9422531128, 78.48462677, 56.049533844, 41.8939285278], [-372.457244873, 55.8711700439, 117.128234863, 65.1288528442, 104.239891052, 121.708084106, 127.704711914, 160.011672974, 103.488067627, 48.5165176392, 49.4228935242, 45.56772995, 38.233417511], [-578.663024902, -11.0104627609, 137.249160767, 113.700752258, 131.554122925, 159.607513428, 135.523864746, 103.488067627, 172.582046509, 94.6016464233, 53.1523399353, 43.0543060303, 38.3136482239], [-317.113647461, -2.72205042839, 121.283309937, 59.1426963806, 83.5225372314, 107.743598938, 85.9422531128, 48.5165176392, 94.6016464233, 125.959190369, 62.346031189, 18.5943202972, 21.9701137543], [-247.931625366, -85.6001586914, 86.596572876, 88.629196167, 99.5073928833, 93.9116744995, 78.48462677, 49.4228935242, 53.1523399353, 62.346031189, 120.585136414, 74.5524139404, 27.777677536], [-104.095397949, -63.1915664673, 62.9773101807, 87.2912063599, 85.3451156616, 70.1049804688, 56.049533844, 45.56772995, 43.0543060303, 18.5943202972, 74.5524139404, 116.705207825, 70.7093887329], [53.6698265076, -3.16086864471, 23.4494628906, 49.2176208496, 67.1039657593, 66.9886703491, 41.8939285278, 38.233417511, 38.3136482239, 21.9701137543, 27.777677536, 70.7093887329, 131.174407959]], "icov": [[0.000103359234345, -9.67132800724e-05, 1.88828871615e-05, -4.65462399006e-05, 0.000162290016306, -0.000186439647223, 0.000226699339692, 1.81543364306e-05, 0.00027242617216, -4.63013748231e-06, -3.19726132147e-05, -5.30396246177e-05, -0.000139468116686], [-9.67132800724e-05, 0.00060687639052, 4.60922528873e-05, -0.000217991750105, -0.000152036271174, 0.000574951001909, -0.000282376393443, -0.000600102939643, 7.30703004592e-06, -0.0004576179781, 0.000560939311981, 0.000219357883907, 1.44816622196e-05], [1.88828871615e-05, 4.60922528873e-05, 0.00223259767517, -0.000810952391475, -2.78122424788e-05, -0.0014283809578, 0.000946706335526, -0.0012116834987, 0.000857306586113, -0.00184647704009, 0.00101339805406, -0.000972072419245, 0.00106129655614], [-4.65462399006e-05, -0.000217991750105, -0.000810952391475, 0.00528310518712, -0.00373592367396, 0.00223560910672, -0.00236955774017, 0.002591047436, -0.0023426071275, 0.001759848441, -0.00102883251384, -0.000961269892287, 7.30557803763e-05], [0.000162290016306, -0.000152036271174, -2.78122424788e-05, -0.00373592367396, 0.0119161019102, -0.0066781360656, 0.00139091245364, -0.00132510706317, 0.00053927465342, 0.000354795367457, -0.00196059443988, -0.000374503666535, -0.00100664177444], [-0.000186439647223, 0.000574951001909, -0.0014283809578, 0.00223560910672, -0.0066781360656, 0.0141357835382, -0.00899489596486, 0.00248122168705, -0.00325140054338, 0.000183487485629, -0.00050845858641, 0.00172347668558, -0.00204884097911], [0.000226699339692, -0.000282376393443, 0.000946706335526, -0.00236955774017, 0.00139091245364, -0.00899489596486, 0.0185068920255, -0.00704140774906, -0.000540128035937, -0.00161403615493, -0.00118444417603, -4.52908425359e-05, 0.00134732224979], [1.81543364306e-05, -0.000600102939643, -0.0012116834987, 0.002591047436, -0.00132510706317, 0.00248122168705, -0.00704140774906, 0.01529051736, -0.00685167871416, 0.00450409855694, -0.00282753654756, -5.78159706492e-05, -0.00169778196141], [0.00027242617216, 7.30703004592e-06, 0.000857306586113, -0.0023426071275, 0.00053927465342, -0.00325140054338, -0.000540128035937, -0.00685167871416, 0.0195782501251, -0.0110305780545, 0.00631422735751, -0.00421604188159, 0.00123312918004], [-4.63013748231e-06, -0.0004576179781, -0.00184647704009, 0.001759848441, 0.000354795367457, 0.000183487485629, -0.00161403615493, 0.00450409855694, -0.0110305780545, 0.0217914264649, -0.0127593083307, 0.00935680512339, -0.00418169656768], [-3.19726132147e-05, 0.000560939311981, 0.00101339805406, -0.00102883251384, -0.00196059443988, -0.00050845858641, -0.00118444417603, -0.00282753654756, 0.00631422735751, -0.0127593083307, 0.0249720010906, -0.0162549652159, 0.00646338658407], [-5.30396246177e-05, 0.000219357883907, -0.000972072419245, -0.000961269892287, -0.000374503666535, 0.00172347668558, -4.52908425359e-05, -5.78159706492e-05, -0.00421604188159, 0.00935680512339, -0.0162549652159, 0.0264193657786, -0.0112306885421], [-0.000139468116686, 1.44816622196e-05, 0.00106129655614, 7.30557803763e-05, -0.00100664177444, -0.00204884097911, 0.00134732224979, -0.00169778196141, 0.00123312918004, -0.00418169656768, 0.00646338658407, -0.0112306885421, 0.014114937745]]}, "spectral_contrast_coeffs": {"dmean": [0.0521716438234, 0.0557668693364, 0.0448135919869, 0.035122487694, 0.0309311598539, 0.0170733053237], "dmean2": [0.0794373378158, 0.0903734341264, 0.0663344040513, 0.0528873838484, 0.0447374433279, 0.0259842667729], "dvar": [0.00235257623717, 0.00308414828032, 0.00156777538359, 0.000905111955944, 0.000809332937934, 0.00024670487619], "dvar2": [0.00526977702975, 0.007495818194, 0.00331464782357, 0.00195288332179, 0.00150509434752, 0.000592354801483], "max": [-0.278800576925, -0.362388283014, -0.427011072636, -0.595170557499, -0.60763156414, -0.724631249905], "mean": [-0.612515330315, -0.657836079597, -0.732613027096, -0.802556216717, -0.806625962257, -0.835166156292], "median": [-0.628088593483, -0.653136849403, -0.730162084103, -0.806721925735, -0.810136795044, -0.835358500481], "min": [-0.95373827219, -0.971631407738, -0.959109306335, -0.965742170811, -0.962721347809, -0.958242416382], "var": [0.0122264446691, 0.00933505501598, 0.0073000988923, 0.00409945333377, 0.00337692908943, 0.00107959762681]}, "spectral_contrast_valleys": {"dmean": [0.393744140863, 0.528095602989, 0.532050490379, 0.647308826447, 0.632310450077, 0.700568914413], "dmean2": [0.600618720055, 0.755213618279, 0.726690888405, 0.886690914631, 0.782808899879, 0.789027154446], "dvar": [0.185585066676, 0.30308303237, 0.266022801399, 0.354736536741, 0.341537684202, 0.341296941042], "dvar2": [0.342768967152, 0.559502184391, 0.458430707455, 0.69175440073, 0.56863117218, 0.482385605574], "