{"lowlevel": {"average_loudness": 0.703033387661, "barkbands_crest": {"dmean": 3.07032966614, "dmean2": 4.91681528091, "dvar": 12.8901491165, "dvar2": 27.34633255, "max": 26.8214588165, "mean": 14.5340747833, "median": 12.9028892517, "min": 2.56665897369, "var": 59.7936515808}, "barkbands_flatness_db": {"dmean": 0.0311787463725, "dmean2": 0.0443324446678, "dvar": 0.00124893675093, "dvar2": 0.00217846222222, "max": 0.511554658413, "mean": 0.162897661328, "median": 0.134817928076, "min": 0.0288901571184, "var": 0.00877838861197}, "barkbands_kurtosis": {"dmean": 46.1888465881, "dmean2": 66.4223632812, "dvar": 32425.5859375, "dvar2": 69469.703125, "max": 2842.56958008, "mean": 64.800743103, "median": 6.17558860779, "min": -1.86176967621, "var": 55343.3007812}, "barkbands_skewness": {"dmean": 1.61761558056, "dmean2": 2.27282953262, "dvar": 9.20924663544, "dvar2": 18.0936393738, "max": 46.137752533, "mean": 4.00635719299, "median": 2.18007063866, "min": -2.70686674118, "var": 37.1781005859}, "barkbands_spread": {"dmean": 9.19182395935, "dmean2": 14.6465148926, "dvar": 145.764846802, "dvar2": 350.638244629, "max": 112.355331421, "mean": 24.1492767334, "median": 19.0730361938, "min": 0.0866131484509, "var": 429.377838135}, "dissonance": {"dmean": 0.020405549556, "dmean2": 0.0343557186425, "dvar": 0.000481566647068, "dvar2": 0.0012918934226, "max": 0.500000059605, "mean": 0.457642108202, "median": 0.471206218004, "min": 0.254384815693, "var": 0.00160101277288}, "dynamic_complexity": 6.4658331871, "erbbands_crest": {"dmean": 2.51127886772, "dmean2": 3.98091936111, "dvar": 6.30673503876, "dvar2": 14.5494232178, "max": 26.4445075989, "mean": 8.77566242218, "median": 7.78898859024, "min": 2.36858272552, "var": 18.310798645}, "erbbands_flatness_db": {"dmean": 0.0191813390702, "dmean2": 0.0289301183075, "dvar": 0.000377880118322, "dvar2": 0.000819058448542, "max": 0.298438429832, "mean": 0.123488888144, "median": 0.115818209946, "min": 0.0338337607682, "var": 0.0019061305793}, "erbbands_kurtosis": {"dmean": 1.78510081768, "dmean2": 2.72410511971, "dvar": 8.4113779068, "dvar2": 18.6044406891, "max": 36.9386749268, "mean": 1.87823021412, "median": 0.459226131439, "min": -1.77891373634, "var": 22.2009925842}, "erbbands_skewness": {"dmean": 0.532282412052, "dmean2": 0.812758684158, "dvar": 0.325934708118, "dvar2": 0.745887041092, "max": 5.79921674728, "mean": 0.672451257706, "median": 0.637599229813, "min": -2.39494180679, "var": 1.80667734146}, "erbbands_spread": {"dmean": 15.0252685547, "dmean2": 23.3016643524, "dvar": 254.241592407, "dvar2": 613.606323242, "max": 164.502243042, "mean": 58.0689506531, "median": 52.8036766052, "min": 5.5780544281, "var": 1049.98327637}, "hfc": {"dmean": 8.66352844238, "dmean2": 12.5670213699, "dvar": 342.830810547, "dvar2": 842.721313477, "max": 189.433395386, "mean": 13.5607004166, "median": 6.43551969528, "min": 1.14753098783e-16, "var": 448.545074463}, "melbands_crest": {"dmean": 3.35841989517, "dmean2": 5.38254499435, "dvar": 14.5518865585, "dvar2": 33.1363220215, "max": 37.2999839783, "mean": 17.8265419006, "median": 17.7720527649, "min": 2.17146420479, "var": 64.3757324219}, "melbands_flatness_db": {"dmean": 0.0387953072786, "dmean2": 0.0551290027797, "dvar": 0.00206742249429, "dvar2": 0.00370538793504, "max": 0.630778193474, "mean": 0.224059805274, "median": 0.197315827012, "min": 0.00683298008516, "var": 0.0168100465089}, "melbands_kurtosis": {"dmean": 47.6403274536, "dmean2": 73.1622161865, "dvar": 9615.94628906, "dvar2": 23187.9921875, "max": 1196.41308594, "mean": 93.0409011841, "median": 21.0808181763, "min": -1.61082279682, "var": 25600.5742188}, "melbands_skewness": {"dmean": 1.73152923584, "dmean2": 2.657943964, "dvar": 5.18580818176, "dvar2": 11.4497280121, "max": 24.8697299957, "mean": 5.33292579651, "median": 3.47734260559, "min": -0.887094378471, "var": 23.8334541321}, "melbands_spread": {"dmean": 10.5530185699, "dmean2": 16.9781856537, "dvar": 317.566009521, "dvar2": 818.386413574, "max": 188.771316528, "mean": 28.9409656525, "median": 13.7369947433, "min": 0.246614083648, "var": 1444.95202637}, "pitch_salience": {"dmean": 0.092423453927, "dmean2": 0.147013157606, "dvar": 0.0114369159564, "dvar2": 0.0247698035091, "max": 0.854834735394, "mean": 0.460119336843, "median": 0.513920724392, "min": 0.0173278525472, "var": 0.0538872219622}, "silence_rate_20dB": {"dmean": 0, "dmean2": 0, "dvar": 0, "dvar2": 0, "max": 1, "mean": 1, "median": 1, "min": 1, "var": 0}, "silence_rate_30dB": {"dmean": 0.0510046370327, "dmean2": 0.102088168263, "dvar": 0.0484033040702, "dvar2": 0.105586960912, "max": 1, "mean": 0.940540552139, "median": 1, "min": 0, "var": 0.0559234209359}, "silence_rate_60dB": {"dmean": 0.0680061802268, "dmean2": 0.135344162583, "dvar": 0.0633803978562, "dvar2": 0.135585948825, "max": 1, "mean": 0.281081080437, "median": 0, "min": 0, "var": 0.202076792717}, "spectral_centroid": {"dmean": 358.31350708, "dmean2": 555.516479492, "dvar": 276002.25, "dvar2": 525351.75, "max": 11016.9404297, "mean": 1620.1895752, "median": 1212.12927246, "min": 94.854598999, "var": 1326021.375}, "spectral_complexity": {"dmean": 3.5363214016, "dmean2": 5.2119102478, "dvar": 31.5128059387, "dvar2": 65.5031661987, "max": 47, "mean": 7.48880290985, "median": 5, "min": 0, "var": 66.8432540894}, "spectral_decrease": {"dmean": 3.71505648467e-09, "dmean2": 5.50311929359e-09, "dvar": 6.45578866244e-17, "dvar2": 1.59889790477e-16, "max": 6.36446017416e-12, "mean": -7.64743468551e-09, "median": -3.04251224215e-09, "min": -1.22860654983e-07, "var": 1.16177569973e-16}, "spectral_energy": {"dmean": 0.0146907456219, "dmean2": 0.0217013843358, "dvar": 0.000977788935415, "dvar2": 0.00242043356411, "max": 0.468136906624, "mean": 0.0300932154059, "median": 0.012484584935, "min": 1.05371403994e-20, "var": 0.00174084038008}, "spectral_energyband_high": {"dmean": 0.000514147919603, "dmean2": 0.00077522668289, "dvar": 1.20182517094e-06, "dvar2": 2.96668054034e-06, "max": 0.0115643609315, "mean": 0.000778828980401, "median": 0.000356442644261, "min": 7.1323826032e-21, "var": 1.59671412803e-06}, "spectral_energyband_low": {"dmean": 0.00787568092346, "dmean2": 0.0113114370033, "dvar": 0.000655760697555, "dvar2": 0.00160725321621, "max": 0.463660091162, "mean": 0.0189700741321, "median": 0.00262920279056, "min": 1.31081444658e-22, "var": 0.00132410717197}, "spectral_energyband_middle_high": {"dmean": 0.00118485232815, "dmean2": 0.00188008707482, "dvar": 1.25868373289e-05, "dvar2": 3.20801518683e-05, "max": 0.032741677016, "mean": 0.00141898787115, "median": 0.000266348273726, "min": 1.78330668687e-21, "var": 1.235120817e-05}, "spectral_energyband_middle_low": {"dmean": 0.00644163880497, "dmean2": 0.00974632520229, "dvar": 0.000284118810669, "dvar2": 0.000680876139086, "max": 0.205193296075, "mean": 0.00907127652317, "median": 0.00141603278462, "min": 4.09930673252e-22, "var": 0.000408152351156}, "spectral_entropy": {"dmean": 0.213354125619, "dmean2": 0.327985286713, "dvar": 0.0601239688694, "dvar2": 0.138013273478, "max": 9.79676055908, "mean": 7.95288658142, "median": 8.0400762558, "min": 5.81452226639, "var": 0.190101459622}, "spectral_flux": {"dmean": 0.0374040007591, "dmean2": 0.0570932142437, "dvar": 0.00341841392219, "dvar2": 0.00746077345684, "max": 0.540934920311, "mean": 0.0657430887222, "median": 0.0407897643745, "min": 1.0265057554e-10, "var": 0.00506016006693}, "spectral_kurtosis": {"dmean": 0.742856740952, "dmean2": 1.19386076927, "dvar": 0.805872559547, "dvar2": 2.12272620201, "max": 8.49139976501, "mean": 1.77943408489, "median": 1.55625343323, "min": -1.16678237915, "var": 1.42086303234}, "spectral_rms": {"dmean": 0.00116007390898, "dmean2": 0.00162305077538, "dvar": 3.21843776874e-06, "dvar2": 7.09748974259e-06, "max": 0.0213709827513, "mean": 0.00424290820956, "median": 0.00348999747075, "min": 3.20626533136e-12, "var": 1.13569358291e-05}, "spectral_rolloff": {"dmean": 911.151367188, "dmean2": 1481.76135254, "dvar": 2888281.75, "dvar2": 6620919.5, "max": 19164.5507812, "mean": 2384.06445312, "median": 710.595703125, "min": 43.06640625, "var": 12784457}, "spectral_skewness": {"dmean": 0.196251049638, "dmean2": 0.309419304132, "dvar": 0.0437019728124, "dvar2": 0.110306821764, "max": 2.47444367409, "mean": 1.19580280781, "median": 1.16516888142, "min": -0.00993980001658, "var": 0.104024469852}, "spectral_spread": {"dmean": 927091.8125, "dmean2": 1417230, "dvar": 2005175762940.0, "dvar2": 3739856404480.0, "max": 40374472, "mean": 7255017, "median": 7162299.5, "min": 2508908.75, "var": 3725651869700.0}, "spectral_strongpeak": {"dmean": 0.322353839874, "dmean2": 0.51804459095, "dvar": 0.331357002258, "dvar2": 0.658794760704, "max": 5.47249364853, "mean": 0.654469311237, "median": 0.306203842163, "min": 0, "var": 0.795445978642}, "zerocrossingrate": {"dmean": 0.0188448633999, "dmean2": 0.0210013799369, "dvar": 0.000525798590388, "dvar2": 0.000602060870733, "max": 0.50390625, "mean": 0.0905741006136, "median": 0.0625, "min": 0.0029296875, "var": 0.00817142054439}, "barkbands": {"dmean": [0.000470694067189, 0.0075796819292, 0.000752900668886, 0.000405327620683, 0.00141543557402, 0.000710697844625, 0.00141666969284, 0.00190486270003, 0.00154210196342, 0.000358340155799, 0.00025330344215, 0.000174263754161, 8.7294538389e-05, 0.000128555824631, 8.13066071714e-05, 4.898563202e-05, 5.00786409248e-05, 0.000104258819192, 6.70586814522e-05, 7.43920536479e-05, 7.88688266766e-05, 9.06967179617e-05, 0.000108807413199, 0.000119095202535, 8.09974590084e-05, 3.19369610224e-05, 1.51221656779e-05], "dmean2": [0.000602010695729, 0.0109385410324, 0.00139456649777, 0.000710746680852, 0.00243502063677, 0.00109595793765, 0.00211018626578, 0.00283843651414, 0.00242817029357, 0.000568194547668, 0.000410719570937, 0.000305808876874, 0.000137996743433, 0.000218358109123, 0.000136812406708, 7.92972059571e-05, 8.27859621495e-05, 0.000184092859854, 0.000112432186143, 0.000123432400869, 0.000119903292216, 0.000139468495036, 0.000175478431629, 0.000191849205294, 0.000125994280097, 4.98603003507e-05, 2.41386205744e-05], "dvar": [7.67101846577e-06, 0.000620206992608, 9.53843118623e-06, 1.22760718568e-06, 1.92313636944e-05, 6.24375070402e-06, 2.02163882932e-05, 3.77016076527e-05, 5.27758784301e-05, 1.46847548876e-06, 7.42617316973e-07, 5.71894474888e-07, 4.57565398904e-08, 1.70382918441e-07, 5.82064956234e-08, 2.16144009357e-08, 1.79952621693e-08, 1.61654284625e-07, 2.99590716679e-08, 4.47740191589e-08, 3.06723570986e-08, 4.43142731399e-08, 6.84448124844e-08, 7.23283974935e-08, 3.09275201005e-08, 9.89800419404e-09, 2.3292237028e-09], "dvar2": [1.26294353322e-05, 0.00158788741101, 2.76697901427e-05, 3.30985699293e-06, 5.33027960046e-05, 1.82084131666e-05, 4.28288658441e-05, 8.14800878288e-05, 0.000139403375215, 3.44306022271e-06, 1.85926217e-06, 1.62352898769e-06, 1.01991716406e-07, 4.67122418968e-07, 1.50111418407e-07, 5.61212836203e-08, 4.67186751507e-08, 4.63356286673e-07, 8.25164576668e-08, 1.25037658449e-07, 7.44953183585e-08, 1.17211399697e-07, 1.84988536489e-07, 1.91220578927e-07, 7.13042496159e-08, 2.32618404539e-08, 5.6257172254e-09], "max": [0.052759565413, 0.440503537655, 0.0450416058302, 0.00932389125228, 0.0410532169044, 0.0364634282887, 0.070558398962, 0.0822205245495, 0.115868039429, 0.013519179076, 0.0112978899851, 0.00916552171111, 0.00194127031136, 0.00478467950597, 0.00242409482598, 0.00179116916843, 0.00116098404396, 0.00541594391689, 0.00174855196383, 0.00256850500591, 0.00184742850251, 0.00280883675441, 0.00288568204269, 0.00265326909721, 0.0026382135693, 0.00107633066364, 0.000534683524165], "mean": [0.000610238523223, 0.0176897794008, 0.000612972304225, 0.000332951371092, 0.00135286769364, 0.000950523128267, 0.0018673784798, 0.00270721968263, 0.00167808844708, 0.000496498774737, 0.000245502480539, 0.000154666704475, 0.0001034513989, 0.000117214854981, 8.2275531895e-05, 5.02608272654e-05, 5.11214238941e-05, 8.51167569635e-05, 8.49231582833e-05, 9.39616002142e-05, 0.000121335026051, 0.000137369192089, 0.000143696539453, 0.000153809058247, 0.000112619432912, 4.05197970395e-05, 1.68308561115e-05], "median": [1.51988861035e-05, 0.0022317438852, 5.06182623212e-05, 2.82873843389e-05, 9.91812848952e-05, 9.42449914874e-05, 0.000168961967574, 0.000125834674691, 8.3383776655e-05, 3.14630378853e-05, 2.27665532293e-05, 2.03327726922e-05, 1.37580345836e-05, 1.36572825795e-05, 1.10789260361e-05, 1.04008540802e-05, 1.16389646792e-05, 1.48055760292e-05, 2.65667786152e-05, 3.00982283079e-05, 4.94809901284e-05, 6.21719300398e-05, 5.89091141592e-05, 6.0367561673e-05, 4.40503936261e-05, 1.35528807732e-05, 3.95666211261e-06], "min": [6.59670795604e-23, 6.59109947054e-23, 2.28797335755e-23, 6.12999670304e-24, 9.39427188995e-23, 2.76912171175e-23, 9.58704425164e-23, 5.60023968649e-23, 9.93256280377e-23, 8.27594354321e-23, 2.41984755062e-23, 4.55514319084e-23, 1.40992882398e-22, 1.58511955868e-22, 1.11297974359e-22, 1.57929940603e-22, 2.04352789289e-22, 3.10773482795e-22, 3.46331369165e-22, 3.67059554041e-22, 4.85789532139e-22, 4.17667215165e-22, 5.13136272631e-22, 7.67941071321e-22, 1.12544071666e-21, 1.53257059291e-21, 2.33386889374e-21], "var": [1.41609198181e-05, 0.00117287505418, 5.97498956267e-06, 9.40453332987e-07, 1.58296570589e-05, 7.84271742305e-06, 3.05499306705e-05, 6.22940788162e-05, 4.75528322568e-05, 2.38341522163e-06, 6.48532363812e-07, 3.58325792149e-07, 5.99453144901e-08, 1.28167101821e-07, 5.23071967962e-08, 1.81242381103e-08, 1.54256003526e-08, 9.65823758747e-08, 2.65910120589e-08, 3.5858235492e-08, 4.4263547494e-08, 4.99784924557e-08, 6.62669705775e-08, 7.58912506171e-08, 4.33065920902e-08, 1.05904351955e-08, 2.3032000751e-09]}, "erbbands": {"dmean": [0.225760951638, 1.66152429581, 1.22122979164, 1.04174602032, 3.71790742874, 4.49715900421, 6.65826177597, 5.0309381485, 20.6426753998, 22.3650398254, 37.5817451477, 42.4209709167, 14.3759403229, 14.683886528, 9.54017829895, 6.86917591095, 4.24296522141, 6.23981952667, 4.31876564026, 3.82242751122, 2.50633525848, 2.74555683136, 5.32601547241, 4.15484046936, 3.74948453903, 3.41756129265, 3.27627539635, 3.15887260437, 3.44396543503, 3.56387352943, 2.83157896996, 2.31576323509, 2.01502633095, 1.26140975952, 0.387979358435, 0.149955108762, 0.0569617375731, 0.0170700084418, 0.00255143619142, 0.000146172300447], "dmean2": [0.336689263582, 2.35726451874, 2.05247616768, 1.82665920258, 6.72487306595, 7.80427885056, 8.17719364166, 8.67164421082, 29.1688652039, 33.3110313416, 57.8869018555, 66.9839935303, 22.1368255615, 24.1327648163, 15.2654981613, 12.0138368607, 6.73081541061, 10.606423378, 6.98729038239, 6.41271352768, 3.98371863365, 4.5298204422, 9.32170677185, 7.23314619064, 6.37407159805, 5.60507726669, 5.24207401276, 4.79988479614, 5.41683530807, 5.71989822388, 4.49679088593, 3.77823615074, 3.23664689064, 1.9774531126, 0.593891263008, 0.233950227499, 0.0902082175016, 0.027039160952, 0.00409069703892, 0.000229877972743], "dvar": [0.87947922945, 24.618227005, 17.9805431366, 8.94023227692, 131.069137573, 219.045761108, 245.342636108, 571.642456055, 5256.21582031, 3833.36987305, 18084.6308594, 44754.0976562, 2801.21240234, 2585.28881836, 897.269104004, 928.270874023, 115.224906921, 395.610900879, 145.499465942, 125.878623962, 48.3357315063, 49.414642334, 348.902648926, 226.774902344, 117.467666626, 94.0922927856, 61.3398361206, 45.6875686646, 82.0010757446, 81.4756011963, 39.9098587036, 31.2975654602, 20.8643455505, 6.99887561798, 0.864820897579, 0.198716878891, 0.0334534756839, 0.00304275425151, 7.09968226147e-05, 1.50080239791e-07], "dvar2": [2.4458322525, 57.901058197, 47.710357666, 24.588716507, 367.255004883, 603.762695312, 374.252166748, 1652.53845215, 10546.0810547, 8480.68945312, 44381.6015625, 119461.992188, 6840.97607422, 6284.84667969, 2102.08740234, 2651.59423828, 265.352172852, 1077.47253418, 363.280181885, 335.649414062, 120.829429626, 125.21912384, 987.30065918, 645.505493164, 332.265808105, 261.490509033, 149.310791016, 114.539360046, 222.544464111, 222.951660156, 106.238990784, 83.1186752319, 54.4166984558, 16.5682220459, 1.98649013042, 0.477286100388, 0.0795655921102, 0.00711175426841, 0.000173994063516, 3.61593635034e-07], "max": [15.3993844986, 87.3257827759, 70.0509262085, 25.9212017059, 100.464813232, 153.321899414, 288.384368896, 346.527038574, 1212.73425293, 740.75592041, 1791.54748535, 3362.79248047, 679.155517578, 542.758361816, 338.014160156, 376.252197266, 95.0369949341, 225.849990845, 99.7372131348, 107.741760254, 83.6099853516, 61.0791625977, 242.40335083, 195.909423828, 105.321678162, 120.888748169, 88.750038147, 73.5952682495, 131.879684448, 105.326431274, 64.5687789917, 55.9046783447, 44.6089706421, 39.3782501221, 11.860411644, 5.10021495819, 2.02542376518, 0.624390721321, 0.0890831425786, 0.00392800895497], "mean": [0.46984282136, 4.07064151764, 2.07750368118, 0.947539269924, 2.66113877296, 3.9050924778, 11.1663322449, 5.86092758179, 30.0190391541, 32.6363067627, 46.1435127258, 45.3793678284, 19.179397583, 16.6172428131, 9.68980121613, 6.20141983032, 4.94387388229, 5.93863964081, 4.42428445816, 3.76341295242, 2.66715836525, 2.90070080757, 4.48067903519, 4.24647665024, 4.45957565308, 4.4441280365, 5.11307859421, 4.74859571457, 4.92535495758, 4.9346446991, 3.78796195984, 3.00939440727, 2.61775016785, 1.72001218796, 0.540551781654, 0.189382791519, 0.0715733543038, 0.0204026605934, 0.00284703331999, 0.00017533681239], "median": [0.0660951882601, 0.462883681059, 0.195564255118, 0.1303460747, 0.13119803369, 0.245335966349, 0.916384220123, 0.73851120472, 2.34044599533, 2.68220853806, 2.59050226212, 2.21176552773, 1.28147876263, 1.19936597347, 0.904634952545, 0.809786975384, 0.626834690571, 0.754104077816, 0.572185218334, 0.631072878838, 0.54892206192, 0.698337495327, 0.786844134331, 1.1216686964, 1.38592207432, 1.42841041088, 2.10029363632, 1.89691460133, 2.06973075867, 2.00886130333, 1.59775066376, 1.16042709351, 1.01676285267, 0.64229542017, 0.215555310249, 0.0695547908545, 0.0245121046901, 0.00567538291216, 0.000693940382916, 6.65251354803e-05], "min": [2.61567151659e-21, 1.22615058228e-20, 2.55758800873e-20, 3.13257336942e-20, 5.0965612225e-20, 4.33491935772e-19, 3.76094984591e-19, 2.7800470223e-19, 8.83472527984e-19, 2.37096226542e-18, 8.742944421e-19, 2.37745170412e-18, 3.02370372168e-18, 1.03865895213e-18, 1.54396921607e-18, 2.27962911809e-18, 5.52970611723e-18, 1.0636936354e-17, 3.26159486879e-18, 7.57539449602e-18, 1.03583121452e-17, 1.2066114201e-17, 1.71592761635e-17, 1.64177501034e-17, 1.6308747551e-17, 1.94451715884e-17, 2.01230527178e-17, 1.6834621008e-17, 1.22702557587e-17, 1.91775439186e-17, 1.45052307722e-17, 1.58006634403e-17, 1.35564190409e-17, 1.02307948092e-17, 8.7042379518e-18, 5.29666121453e-18, 3.06080525369e-18, 1.08634250232e-18, 3.34537249671e-19, 3.70600857425e-20], "var": [0.979237377644, 61.9418487549, 24.1806049347, 6.66076612473, 89.1814041138, 167.154464722, 1005.35388184, 428.543060303, 8648.640625, 6550.55371094, 21860.2265625, 39361.4101562, 3666.07641602, 2864.92919922, 882.889892578, 571.391662598, 141.120330811, 305.667541504, 141.376281738, 104.006782532, 45.1939506531, 45.1735687256, 219.370346069, 143.845993042, 90.4544906616, 77.7200012207, 87.3657836914, 60.7041130066, 78.509765625, 76.3017883301, 43.1850700378, 31.3073062897, 22.3688335419, 9.66470909119, 1.15111660957, 0.211406901479, 0.0347688272595, 0.00318279699422, 6.81737365085e-05, 1.54132933972e-07]}, "gfcc": {"mean": [-64.0072784424, 37.6000480652, -81.0010910034, 30.9718093872, -71.0368881226, 20.6103229523, -22.83344841, 21.3439273834, -8.52946186066, 15.6890478134, -4.60855293274, 4.93462181091, -6.85051202774], "cov": [[11922.8017578, 1872.46520996, 717.108520508, -106.645309448, -681.682495117, -12.3382968903, -106.832954407, -7.14557409286, 135.129333496, -126.369674683, -168.9349823, -150.782791138, -84.7993011475], [1872.46520996, 2389.8527832, 755.885253906, 361.68862915, 104.533607483, 428.847045898, 228.809173584, 50.9535369873, 189.476882935, -104.068695068, 2.83363127708, -112.144004822, 39.7794189453], [717.108520508, 755.885253906, 1801.12609863, 689.827575684, 581.579406738, 272.311859131, 350.404754639, 16.7950115204, 133.53024292, -23.0202617645, 2.46112084389, -33.6452827454, -36.6182785034], [-106.645309448, 361.68862915, 689.827575684, 773.699707031, 482.663208008, 275.087982178, 236.261886597, 59.3843345642, 46.4370307922, -39.9855308533, 5.18371009827, -43.6862068176, -34.4300956726], [-681.682495117, 104.533607483, 581.579406738, 482.663208008, 581.344299316, 281.536682129, 242.458633423, 39.2538261414, 48.9622802734, -24.7165908813, 17.4378490448, -20.0888309479, -23.836977005], [-12.3382968903, 428.847045898, 272.311859131, 275.087982178, 281.536682129, 360.126251221, 228.964569092, 115.449913025, 99.213432312, 8.09759998322, 34.7396774292, -16.247587204, 4.65200042725], [-106.832954407, 228.809173584, 350.404754639, 236.261886597, 242.458633423, 228.964569092, 280.565765381, 156.262771606, 134.231048584, 48.7996673584, 49.3772506714, -12.51795578, -2.17229795456], [-7.14557409286, 50.9535369873, 16.7950115204, 59.3843345642, 39.2538261414, 115.449913025, 156.262771606, 180.54385376, 125.666793823, 81.0826263428, 52.5798339844, 4.86657762527, 5.54624652863], [135.129333496, 189.476882935, 133.53024292, 46.4370307922, 48.9622802734, 99.213432312, 134.231048584, 125.666793823, 149.355255127, 76.7887268066, 50.8461456299, 0.845424175262, 10.1423006058], [-126.369674683, -104.068695068, -23.0202617645, -39.9855308533, -24.7165908813, 8.09759998322, 48.7996673584, 81.0826263428, 76.7887268066, 110.579719543, 56.1424827576, 35.4917488098, 9.45034408569], [-168.9349823, 2.83363127708, 2.46112084389, 5.18371009827, 17.4378490448, 34.7396774292, 49.3772506714, 52.5798339844, 50.8461456299, 56.1424827576, 77.3551864624, 40.3245544434, 21.3225688934], [-150.782791138, -112.144004822, -33.6452827454, -43.6862068176, -20.0888309479, -16.247587204, -12.51795578, 4.86657762527, 0.845424175262, 35.4917488098, 40.3245544434, 71.8281097412, 30.2739028931], [-84.7993011475, 39.7794189453, -36.6182785034, -34.4300956726, -23.836977005, 4.65200042725, -2.17229795456, 5.54624652863, 10.1423006058, 9.45034408569, 21.3225688934, 30.2739028931, 59.4317054749]], "icov": [[0.000125466554891, -4.38361130364e-05, -0.000110272645543, -3.33405478159e-05, 0.000327403278789, -0.000131794498884, 0.000155041358084, -7.52382038627e-05, -0.000244091352215, 0.000213330044062, 0.0002120572899, -0.000117128663987, 0.000266739400104], [-4.38361130364e-05, 0.00118405965623, -0.000369080487872, -0.000376610201783, 0.00142838223837, -0.00181617983617, 0.000180008384632, 0.0016110787401, -0.00230420008302, 0.00183454807848, -0.00110796489753, 0.00140749348793, -0.000947312568314], [-0.000110272645543, -0.000369080487872, 0.0016229870962, -0.000671017216519, -0.00092878844589, 0.00138638284989, -0.00248718773946, 0.0024756740313, -0.00121106172446, -0.000747581420001, 0.00125428533647, -0.00156374659855, 0.000570065691136], [-3.33405478159e-05, -0.000376610201783, -0.000671017216519, 0.00353421666659, -0.00254343589768, 6.98729490978e-06, 0.000839683343656, -0.00293579674326, 0.00271626166068, 8.87063506525e-05, -0.00070908019552, 0.000962649763096, 0.000408892345149], [0.000327403278789, 0.00142838223837, -0.00092878844589, -0.00254343589768, 0.00858350191265, -0.00449726777151, -0.00346801173873, 0.00581968622282, -0.0032192049548, 0.00273249205202, -0.00101940275636, 0.000163935401361, 0.000987310195342], [-0.000131794498884, -0.00181617983617, 0.00138638284989, 6.98729490978e-06, -0.00449726777151, 0.0104350037873, -0.00457916222513, -0.00291174766608, 0.0022039571777, -0.000549187709112, 0.00115237757564, -0.00228776084259, -0.000167256046552], [0.000155041358084, 0.000180008384632, -0.00248718773946, 0.000839683343656, -0.00346801173873, -0.00457916222513, 0.0216500107199, -0.0138665596023, -0.00207003834657, 0.0022594507318, -0.00320089585148, 0.00361275929026, -0.000590342096984], [-7.52382038627e-05, 0.0016110787401, 0.0024756740313, -0.00293579674326, 0.00581968622282, -0.00291174766608, -0.0138665596023, 0.029775198549, -0.0141757233068, -0.00362376612611, 0.000394835777115, -0.000409938074881, 0.000978018739261], [-0.000244091352215, -0.00230420008302, -0.00121106172446, 0.00271626166068, -0.0032192049548, 0.0022039571777, -0.00207003834657, -0.0141757233068, 0.0319057330489, -0.0135216992348, -0.0037577864714, 0.00719195744023, -0.0038051113952], [0.000213330044062, 0.00183454807848, -0.000747581420001, 8.87063506525e-05, 0.00273249205202, -0.000549187709112, 0.0022594507318, -0.00362376612611, -0.0135216992348, 0.0287686306983, -0.00860790908337, -0.00683834822848, 0.00453161494806], [0.0002120572899, -0.00110796489753, 0.00125428533647, -0.00070908019552, -0.00101940275636, 0.00115237757564, -0.00320089585148, 0.000394835777115, -0.0037577864714, -0.00860790908337, 0.0316234230995, -0.0147409541532, -0.00107345031574], [-0.000117128663987, 0.00140749348793, -0.00156374659855, 0.000962649763096, 0.000163935401361, -0.00228776084259, 0.00361275929026, -0.000409938074881, 0.00719195744023, -0.00683834822848, -0.0147409541532, 0.0328228995204, -0.0126708084717], [0.000266739400104, -0.000947312568314, 0.000570065691136, 0.000408892345149, 0.000987310195342, -0.000167256046552, -0.000590342096984, 0.000978018739261, -0.0038051113952, 0.00453161494806, -0.00107345031574, -0.0126708084717, 0.0254933368415]]}, "melbands": {"dmean": [0.00213702511974, 0.00110516115092, 0.000238613589318, 0.000344493368175, 0.000200014736038, 0.000122730300063, 0.000302199972793, 0.000313616765197, 0.000278047402389, 0.000258934043813, 6.26293185633e-05, 5.88507900829e-05, 3.29608701577e-05, 2.36829164351e-05, 1.20601698654e-05, 8.30222234072e-06, 1.27373750729e-05, 7.06099126546e-06, 7.13115832696e-06, 4.08035111832e-06, 2.73756131719e-06, 2.87091756945e-06, 3.59897580893e-06, 5.38014683116e-06, 3.15917714033e-06, 2.80963081423e-06, 2.76991590908e-06, 2.20481842916e-06, 2.15116710933e-06, 1.89289607988e-06, 1.91314939002e-06, 2.08923734135e-06, 1.73545424786e-06, 2.19378330257e-06, 1.65045514677e-06, 1.63956099186e-06, 1.29694194584e-06, 1.25933752315e-06, 1.7416615492e-06, 8.73214844432e-07], "dmean2": [0.00305588007905, 0.00166011834517, 0.000422865094151, 0.000616265519056, 0.000257801846601, 0.000206879907637, 0.000440155185061, 0.000465585850179, 0.00042772537563, 0.000412299385061, 9.5491312095e-05, 9.67970991042e-05, 5.30450961378e-05, 4.09083222621e-05, 2.01969014597e-05, 1.2796673218e-05, 2.19081612158e-05, 1.14024760478e-05, 1.21610964925e-05, 6.77677689964e-06, 4.46411650046e-06, 4.69806809633e-06, 6.15281123828e-06, 9.52483060246e-06, 5.50773711439e-06, 4.77940375276e-06, 4.85056443722e-06, 3.59859632226e-06, 3.51493781636e-06, 2.93379002869e-06, 2.97003020933e-06, 3.34615424435e-06, 2.71622843684e-06, 3.61521483683e-06, 2.63613083007e-06, 2.73833552455e-06, 2.11662359106e-06, 2.01579496206e-06, 2.88770888801e-06, 1.34129345497e-06], "dvar": [5.67090391996e-05, 1.11970030048e-05, 3.8142405856e-07, 1.37359154451e-06, 2.01319039661e-07, 3.06271374484e-07, 1.06463130578e-06, 8.68167091994e-07, 1.01150521914e-06, 1.67679002061e-06, 4.74571137943e-08, 4.17671230935e-08, 1.10625135719e-08, 1.01690895704e-08, 1.41752964922e-09, 4.21138346418e-10, 1.72598235704e-09, 3.90051324572e-10, 4.77683559374e-10, 1.51229848089e-10, 6.24598220367e-11, 5.17282675028e-11, 1.11792762547e-10, 4.5371850721e-10, 1.30207220006e-10, 5.39551840706e-11, 8.61300267219e-11, 3.14779695365e-11, 2.67016079386e-11, 1.72793637038e-11, 1.65219435355e-11, 3.7468660119e-11, 1.09988971056e-11, 3.45660375323e-11, 1.32808633882e-11, 1.47628177044e-11, 1.08469223187e-11, 7.99718624656e-12, 1.71261373139e-11, 3.72310602487e-12], "dvar2": [0.000149421146489, 2.51842884609e-05, 1.04526850464e-06, 3.81034783459e-06, 3.32507426037e-07, 8.9018089966e-07, 2.17111937673e-06, 1.8386759848e-06, 2.47496996053e-06, 4.4993175834e-06, 1.1099382391e-07, 1.02165252258e-07, 2.65844448677e-08, 2.80692749044e-08, 3.92541776861e-09, 9.73027769469e-10, 4.74739403344e-09, 9.84370807089e-10, 1.25519972194e-09, 4.04748956573e-10, 1.569184227e-10, 1.32671526543e-10, 3.03989028394e-10, 1.3024679113e-09, 3.69879155082e-10, 1.50480822247e-10, 2.46303782925e-10, 8.55821941093e-11, 6.68500532708e-11, 4.27463446584e-11, 4.19705936672e-11, 1.0436707748e-10, 2.69025218769e-11, 9.63038745971e-11, 3.53246251694e-11, 3.97290915444e-11, 2.87354966211e-11, 2.04270333287e-11, 4.61424197462e-11, 8.35634426238e-12], "max": [0.133580610156, 0.0513643138111, 0.00469308206812, 0.0111784981564, 0.00787461362779, 0.00801071338356, 0.0170494671911, 0.0118412394077, 0.0129482056946, 0.0207379627973, 0.00242074369453, 0.00223714415915, 0.00134644727223, 0.00123566796537, 0.000401149882236, 0.000184523887583, 0.000474776199553, 0.000183064912562, 0.000237632746575, 0.000152515043737, 0.000110622808279, 5.93093027419e-05, 8.74655524967e-05, 0.000305637600832, 0.000144042045576, 7.26266007405e-05, 0.000102948390122, 6.79749500705e-05, 6.32490700809e-05, 4.67018217023e-05, 4.51439373137e-05, 9.33223418542e-05, 3.55037263944e-05, 6.94510235917e-05, 3.6679841287e-05, 3.73470538761e-05, 4.19272364525e-05, 3.13605632982e-05, 4.40781295765e-05, 3.35856784659e-05], "mean": [0.00492331990972, 0.00268440600485, 0.000194203297724, 0.000247571646469, 0.000325681379763, 0.00015479499416, 0.000419812306063, 0.000459167611552, 0.000342914951034, 0.000273811107036, 8.55377220432e-05, 6.53799288557e-05, 3.34551295964e-05, 2.09437093872e-05, 1.207886271e-05, 9.66705465544e-06, 1.15809925774e-05, 7.02643637851e-06, 6.90538081471e-06, 3.97666781282e-06, 2.87331590698e-06, 2.92939853352e-06, 3.32595004693e-06, 4.30299996879e-06, 3.26037411469e-06, 3.4606778172e-06, 2.92479148811e-06, 2.92962454296e-06, 3.2115947306e-06, 2.82349719782e-06, 2.769565981e-06, 2.82632549897e-06, 2.63256379185e-06, 2.78591960523e-06, 2.19049093175e-06, 2.00130534722e-06, 1.72722616298e-06, 1.66469931173e-06, 2.0790976123e-06, 1.24630889786e-06], "median": [0.000641579157673, 0.000308239337755, 2.11386759474e-05, 8.73836143001e-06, 2.97600090562e-05, 1.97786466742e-05, 3.32593954226e-05, 2.92454824375e-05, 2.15437958104e-05, 1.29335367092e-05, 5.8902028286e-06, 4.4539033297e-06, 3.23926633428e-06, 2.5467973046e-06, 1.5986526023e-06, 1.29884563194e-06, 1.38253392379e-06, 9.09323034648e-07, 8.60575539718e-07, 7.83478867561e-07, 5.65024095067e-07, 6.89270450493e-07, 6.03099692853e-07, 7.54249640522e-07, 8.56605765875e-07, 1.070965709e-06, 8.03291811735e-07, 9.26556253944e-07, 1.24882308228e-06, 1.13859903195e-06, 1.07759967705e-06, 1.17653780762e-06, 1.25738540646e-06, 1.06811580736e-06, 8.84715291249e-07, 7.76541014602e-07, 6.68329448672e-07, 6.93335266533e-07, 7.45131103486e-07, 4.64974533543e-07], "min": [2.47343345196e-23, 1.54669764653e-23, 5.18633446694e-24, 1.53969319278e-23, 1.70005015547e-23, 6.04603192601e-24, 1.42201265844e-23, 2.34709627358e-23, 8.16939935826e-24, 1.42109142667e-23, 1.5145320009e-23, 4.6776063522e-24, 3.76409990193e-24, 6.09661723712e-24, 7.44537729742e-24, 1.77861675733e-23, 1.88365516458e-23, 3.36957794145e-24, 1.04670963731e-23, 8.71314066984e-24, 1.30789185893e-23, 1.32029606557e-23, 1.35961991395e-23, 1.41390537714e-23, 1.32627681452e-23, 1.25165704155e-23, 1.1903320203e-23, 1.25831060997e-23, 1.19205205261e-23, 1.04852441182e-23, 1.04178509422e-23, 6.56368205758e-24, 7.5594528952e-24, 1.122581017e-23, 8.66369013514e-24, 7.44123341108e-24, 1.00735281455e-23, 9.21867192576e-24, 9.03790208275e-24, 8.53044758394e-24], "var": [9.22379476833e-05, 2.86850954581e-05, 2.80156996268e-07, 9.54035613177e-07, 7.79255117322e-07, 2.53925065863e-07, 1.6869269075e-06, 1.54588667556e-06, 1.22711310269e-06, 1.43403838138e-06, 6.87958916501e-08, 4.57312410163e-08, 1.05756026159e-08, 6.76811540146e-09, 1.10117748253e-09, 5.26300114601e-10, 1.27990784637e-09, 3.71974590019e-10, 4.04428185385e-10, 1.19387597031e-10, 5.67736031798e-11, 4.71685052128e-11, 8.29015675552e-11, 2.67703498258e-10, 8.33899060915e-11, 4.76084310863e-11, 5.67712335475e-11, 2.97853929021e-11, 3.70725464216e-11, 2.25798737347e-11, 2.15643562035e-11, 3.11176882872e-11, 1.61962214473e-11, 2.87952266198e-11, 1.47575337367e-11, 1.36630620012e-11, 1.09408350435e-11, 9.06408802182e-12, 1.58717587684e-11, 5.66333351742e-12]}, "mfcc": {"mean": [-715.765014648, 75.6848907471, 35.9733390808, 14.7877655029, -6.99591875076, 2.42333030701, 2.94149541855, 5.53996133804, 7.67783164978, 11.4512214661, 12.2358465195, 8.658618927, 7.52429485321], "cov": [[10810.9101562, 1462.22314453, 681.533325195, -312.627868652, -423.370544434, -267.568695068, -385.545440674, -78.5800552368, 14.0603961945, -49.515083313, 3.69444680214, -21.8547382355, -139.9322052], [1462.22314453, 1618.46643066, 709.588256836, 55.5557861328, 126.314720154, 226.701339722, 77.7387619019, 157.430862427, 165.478439331, 22.0396385193, 105.051895142, 73.7792663574, -2.22704362869], [681.533325195, 709.588256836, 1125.51293945, 493.04473877, 309.983062744, 308.028167725, 197.540893555, 185.94732666, 158.106216431, 65.8639602661, 102.783180237, 79.8962402344, 36.5612869263], [-312.627868652, 55.5557861328, 493.04473877, 597.078063965, 342.782958984, 277.063751221, 208.762985229, 156.474960327, 78.4939880371, 65.7230453491, 20.032491684, 29.1848945618, 26.735912323], [-423.370544434, 126.314720154, 309.983062744, 342.782958984, 368.198425293, 301.446807861, 206.482543945, 152.742340088, 77.5819091797, 34.2861747742, 18.9658966064, 25.5137615204, 24.0510063171], [-267.568695068, 226.701339722, 308.028167725, 277.063751221, 301.446807861, 333.333557129, 223.056869507, 174.993148804, 106.990013123, 50.9679222107, 40.737449646, 45.7257003784, 36.9646949768], [-385.545440674, 77.7387619019, 197.540893555, 208.762985229, 206.482543945, 223.056869507, 230.577178955, 167.33052063, 110.076690674, 76.5125350952, 59.0470085144, 55.9342880249, 51.1630058289], [-78.5800552368, 157.430862427, 185.94732666, 156.474960327, 152.742340088, 174.993148804, 167.33052063, 179.565368652, 122.228408813, 82.1364059448, 65.0942840576, 59.1936035156, 45.8261604309], [14.0603961945, 165.478439331, 158.106216431, 78.4939880371, 77.5819091797, 106.990013123, 110.076690674, 122.228408813, 149.218429565, 104.856536865, 82.8231048584, 65.8495101929, 45.2533569336], [-49.515083313, 22.0396385193, 65.8639602661, 65.7230453491, 34.2861747742, 50.9679222107, 76.5125350952, 82.1364059448, 104.856536865, 129.963729858, 87.7784881592, 60.89686203, 42.0492401123], [3.69444680214, 105.051895142, 102.783180237, 20.032491684, 18.9658966064, 40.737449646, 59.0470085144, 65.0942840576, 82.8231048584, 87.7784881592, 112.767089844, 76.2552566528, 46.5239181519], [-21.8547382355, 73.7792663574, 79.8962402344, 29.1848945618, 25.5137615204, 45.7257003784, 55.9342880249, 59.1936035156, 65.8495101929, 60.89686203, 76.2552566528, 86.0014266968, 59.5222892761], [-139.9322052, -2.22704362869, 36.5612869263, 26.735912323, 24.0510063171, 36.9646949768, 51.1630058289, 45.8261604309, 45.2533569336, 42.0492401123, 46.5239181519, 59.5222892761, 81.9480056763]], "icov": [[0.000128763480461, -7.94516672613e-05, -0.000117365154438, 4.23287601734e-05, 0.000180244169314, -4.27122795372e-05, 0.000339506193995, -0.000294838566333, 0.000115579117846, -0.000179320893949, 0.00021388757159, -0.00012310994498, 0.000171722960658], [-7.94516672613e-05, 0.00132895400748, -0.000764961121604, 0.00071268924512, 0.000239941145992, -0.00124681019224, 0.00118598865811, -0.000825567578431, -0.00102722411975, 0.00121897924691, -0.000734685861971, -0.000262182293227, 0.000771717168391], [-0.000117365154438, -0.000764961121604, 0.00267099379562, -0.00239823898301, 0.000150406165631, -0.000137830793392, -0.000197168599698, 0.00115974072833, -0.0019875455182, 0.00253555295058, -0.00259267748334, 0.000507640186697, -0.000238117572735], [4.23287601734e-05, 0.00071268924512, -0.00239823898301, 0.00612965878099, -0.00387130957097, 0.000555284670554, -0.000457574555185, -0.00144340621773, 0.00331693142653, -0.00497887888923, 0.00401853956282, -0.00119951774832, 0.000453290878795], [0.000180244169314, 0.000239941145992, 0.000150406165631, -0.00387130957097, 0.0150967650115, -0.0106859309599, -0.000291241769446, -0.000494762323797, 0.000155301691848, 0.00232717394829, -0.00119121943135, 0.00165277998894, 0.000554047350306], [-4.27122795372e-05, -0.00124681019224, -0.000137830793392, 0.000555284670554, -0.0106859309599, 0.0198353547603, -0.00854404363781, -0.00152632268146, -0.00133100198582, 0.00136531167664, 0.00229174061678, -0.00196513393894, 0.000311102397973], [0.000339506193995, 0.00118598865811, -0.000197168599698, -0.000457574555185, -0.000291241769446, -0.00854404363781, 0.0236823465675, -0.0125030037016, 3.37819510605e-05, -0.000662089441903, -0.00244042603299, 0.00149808172137, -0.00238676625304], [-0.000294838566333, -0.000825567578431, 0.00115974072833, -0.00144340621773, -0.000494762323797, -0.00152632268146, -0.0125030037016, 0.0279162973166, -0.0116219902411, 0.000670302135404, 0.000377646792913, -0.00165639468469, -0.000481055845739], [0.000115579117846, -0.00102722411975, -0.0019875455182, 0.00331693142653, 0.000155301691848, -0.00133100198582, 3.37819510605e-05, -0.0116219902411, 0.0312434416264, -0.0181385576725, 0.00255337636918, -0.00285368855111, -0.000315977988066], [-0.000179320893949, 0.00121897924691, 0.00253555295058, -0.00497887888923, 0.00232717394829, 0.00136531167664, -0.000662089441903, 0.000670302135404, -0.0181385576725, 0.0325215160847, -0.0178274996579, 0.00360974785872, -0.000212062426726], [0.00021388757159, -0.000734685861971, -0.00259267748334, 0.00401853956282, -0.00119121943135, 0.00229174061678, -0.00244042603299, 0.000377646792913, 0.00255337636918, -0.0178274996579, 0.0378783941269, -0.0236570220441, 0.00423547439277], [-0.00012310994498, -0.000262182293227, 0.000507640186697, -0.00119951774832, 0.00165277998894, -0.00196513393894, 0.00149808172137, -0.00165639468469, -0.00285368855111, 0.00360974785872, -0.0236570220441, 0.0477439276874, -0.0211842861027], [0.000171722960658, 0.000771717168391, -0.000238117572735, 0.000453290878795, 0.000554047350306, 0.000311102397973, -0.00238676625304, -0.000481055845739, -0.000315977988066, -0.000212062426726, 0.00423547439277, -0.0211842861027, 0.0271973814815]]}, "spectral_contrast_coeffs": {"dmean": [0.055829372257, 0.0488070808351, 0.0379747338593, 0.0251894574612, 0.0195968542248, 0.0162574145943], "dmean2": [0.0923316255212, 0.0776572600007, 0.0631099417806, 0.0424565114081, 0.032061830163, 0.0258822608739], "dvar": [0.00280726980418, 0.00187498924788, 0.00117410928942, 0.000428899598774, 0.000316165358527, 0.000209310368518], "dvar2": [0.0073450836353, 0.00421277619898, 0.00297377048992, 0.00114328775089, 0.00082015816588, 0.000480545219034], "max": [-0.284787535667, -0.468537390232, -0.542480230331, -0.737599849701, -0.71991121769, -0.721769869328], "mean": [-0.689237713814, -0.735107004642, -0.808200001717, -0.844459891319, -0.831541657448, -0.805107533932], "median": [-0.694836258888, -0.763360440731, -0.820747852325, -0.847568154335, -0.833753108978, -0.805492162704], "min": [-0.963231086731, -0.964827895164, -0.964327096939, -0.954272806644, -0.962948203087, -0.958863139153], "var": [0.00889949966222, 0.0111817270517, 0.00399701250717, 0.000885409186594, 0.00104978180025, 0.000685649574734]}, "spectral_contrast_valleys": {"dmean": [0.534151077271, 0.622741818428, 0.50081628561, 0.474059075117, 0.431114077568, 0.435695022345], "dmean2": [0.791413366795, 0.9518455863, 0.750002205372, 0.679042935371, 0.579356014729, 0.579507887363], "dvar": [0.552467644215, 0.654133081436, 0.552799642086, 0.510321319103, 0.497014433146, 0.4152546525], "dvar2": [0.802046597004, 1.08796405792, 0.837336421013, 0.720442116261, 0.721149146557, 0.628302276134], "max": [-5.22417116165, -4.4600982666, -5.45389461517, -6.10404539108, -5.84630775452, -7.68844366074], "mean": [-8.4386510849, -7.61298131943, -8.04887866974, -8.599