{"lowlevel": {"average_loudness": 0.934622704983, "barkbands_crest": {"dmean": 3.21334409714, "dmean2": 5.32132434845, "dvar": 9.350440979, "dvar2": 24.6954917908, "max": 25.7740306854, "mean": 12.3314723969, "median": 11.7780780792, "min": 2.40412902832, "var": 25.8130435944}, "barkbands_flatness_db": {"dmean": 0.0307053625584, "dmean2": 0.0500799976289, "dvar": 0.00108700816054, "dvar2": 0.00277555827051, "max": 0.581466019154, "mean": 0.140219733119, "median": 0.136942952871, "min": 0.0186640657485, "var": 0.00401657260954}, "barkbands_kurtosis": {"dmean": 8.22137260437, "dmean2": 14.1488904953, "dvar": 312.447113037, "dvar2": 901.12878418, "max": 295.767211914, "mean": 10.4863090515, "median": 5.1299905777, "min": -1.87686395645, "var": 407.494598389}, "barkbands_skewness": {"dmean": 0.928715229034, "dmean2": 1.52169001102, "dvar": 1.30523884296, "dvar2": 3.59258198738, "max": 14.5656890869, "mean": 2.48564720154, "median": 2.37416505814, "min": -2.56858706474, "var": 3.3194937706}, "barkbands_spread": {"dmean": 8.12270927429, "dmean2": 12.7434177399, "dvar": 86.8125762939, "dvar2": 188.882949829, "max": 109.854743958, "mean": 25.7371921539, "median": 21.9728546143, "min": 0.165447995067, "var": 296.230560303}, "dissonance": {"dmean": 0.0113876359537, "dmean2": 0.0193570163101, "dvar": 0.000161260904861, "dvar2": 0.000439572526375, "max": 0.5, "mean": 0.479373157024, "median": 0.484152376652, "min": 0.275849819183, "var": 0.000307924754452}, "dynamic_complexity": 1.81983780861, "erbbands_crest": {"dmean": 1.75571799278, "dmean2": 2.77973294258, "dvar": 3.3767645359, "dvar2": 7.51609277725, "max": 20.7213668823, "mean": 6.3942656517, "median": 5.53140354156, "min": 2.42510318756, "var": 8.48155975342}, "erbbands_flatness_db": {"dmean": 0.0170314330608, "dmean2": 0.0228963419795, "dvar": 0.000313614495099, "dvar2": 0.000578355800826, "max": 0.367016464472, "mean": 0.116137586534, "median": 0.101892948151, "min": 0.0499611496925, "var": 0.00236536259763}, "erbbands_kurtosis": {"dmean": 0.579065799713, "dmean2": 0.921618878841, "dvar": 1.41141593456, "dvar2": 3.46183657646, "max": 30.9965934753, "mean": -0.33226954937, "median": -0.770312190056, "min": -1.72197628021, "var": 3.9126727581}, "erbbands_skewness": {"dmean": 0.288129657507, "dmean2": 0.444965213537, "dvar": 0.0814511924982, "dvar2": 0.186176836491, "max": 3.93266987801, "mean": -0.177877306938, "median": -0.188766345382, "min": -2.52691721916, "var": 0.479213625193}, "erbbands_spread": {"dmean": 10.8279256821, "dmean2": 17.0278358459, "dvar": 110.965034485, "dvar2": 270.412078857, "max": 146.564025879, "mean": 57.5663986206, "median": 57.2360305786, "min": 2.62678170204, "var": 348.538116455}, "hfc": {"dmean": 12.8973493576, "dmean2": 20.092124939, "dvar": 709.585266113, "dvar2": 1741.17590332, "max": 292.413299561, "mean": 33.1490249634, "median": 26.2710494995, "min": 1.12627284314e-16, "var": 927.433288574}, "melbands_crest": {"dmean": 3.47904610634, "dmean2": 5.70045375824, "dvar": 9.87366294861, "dvar2": 26.21925354, "max": 34.8421669006, "mean": 17.5760498047, "median": 18.2654762268, "min": 1.0017567873, "var": 31.2348175049}, "melbands_flatness_db": {"dmean": 0.0378428511322, "dmean2": 0.0613012835383, "dvar": 0.00165694346651, "dvar2": 0.00398893840611, "max": 0.736720085144, "mean": 0.22415407002, "median": 0.225860863924, "min": 6.47149533961e-08, "var": 0.00719773070887}, "melbands_kurtosis": {"dmean": 20.7255096436, "dmean2": 35.4313049316, "dvar": 987.551879883, "dvar2": 2786.56982422, "max": 300.778381348, "mean": 35.2367172241, "median": 25.5378952026, "min": -1.67701661587, "var": 1396.06677246}, "melbands_skewness": {"dmean": 1.31498575211, "dmean2": 2.16057753563, "dvar": 2.12853336334, "dvar2": 5.61621761322, "max": 13.4793605804, "mean": 4.60753488541, "median": 4.54018783569, "min": -1.0700776577, "var": 5.38294792175}, "melbands_spread": {"dmean": 7.95296096802, "dmean2": 12.5453367233, "dvar": 116.266906738, "dvar2": 240.19291687, "max": 206.516494751, "mean": 21.0328960419, "median": 12.7424182892, "min": 0.332394272089, "var": 545.82208252}, "pitch_salience": {"dmean": 0.0933105349541, "dmean2": 0.155830323696, "dvar": 0.00736158574, "dvar2": 0.0197015311569, "max": 0.995985209942, "mean": 0.480688422918, "median": 0.485190838575, "min": 0.084524512291, "var": 0.0206615626812}, "silence_rate_20dB": {"dmean": 0, "dmean2": 0, "dvar": 0, "dvar2": 0, "max": 1, "mean": 1, "median": 1, "min": 1, "var": 0}, "silence_rate_30dB": {"dmean": 0.126700356603, "dmean2": 0.253499209881, "dvar": 0.110646724701, "dvar2": 0.233562320471, "max": 1, "mean": 0.861305356026, "median": 1, "min": 0, "var": 0.119456991553}, "silence_rate_60dB": {"dmean": 0.0108822388574, "dmean2": 0.0217729397118, "dvar": 0.0107636740431, "dvar2": 0.0212981645018, "max": 1, "mean": 0.0240870248526, "median": 0, "min": 0, "var": 0.0235065147281}, "spectral_centroid": {"dmean": 323.038848877, "dmean2": 502.127624512, "dvar": 125366.335938, "dvar2": 277657.15625, "max": 11015.3671875, "mean": 1706.14587402, "median": 1607.15026855, "min": 100.567657471, "var": 690303.875}, "spectral_complexity": {"dmean": 5.36028003693, "dmean2": 8.10419940948, "dvar": 32.4009017944, "dvar2": 61.7983436584, "max": 61, "mean": 26.7035751343, "median": 27, "min": 0, "var": 136.097640991}, "spectral_decrease": {"dmean": 6.52271436863e-09, "dmean2": 1.10883036086e-08, "dvar": 8.47788196241e-17, "dvar2": 2.29662210448e-16, "max": 1.34876039753e-28, "mean": -1.53453232343e-08, "median": -1.38536684346e-08, "min": -7.01316267282e-08, "var": 1.24280498904e-16}, "spectral_energy": {"dmean": 0.0252609755844, "dmean2": 0.0427748523653, "dvar": 0.00123144045938, "dvar2": 0.00332382856868, "max": 0.267803162336, "mean": 0.0609234943986, "median": 0.055583756417, "min": 1.03622425908e-20, "var": 0.00182396883611}, "spectral_energyband_high": {"dmean": 0.00112073274795, "dmean2": 0.0017403542297, "dvar": 6.0979969021e-06, "dvar2": 1.53067194333e-05, "max": 0.0272885952145, "mean": 0.00224093114957, "median": 0.00138875178527, "min": 7.37974353368e-21, "var": 8.220377822e-06}, "spectral_energyband_low": {"dmean": 0.0227829366922, "dmean2": 0.0392188020051, "dvar": 0.00120050890837, "dvar2": 0.00330715975724, "max": 0.256859004498, "mean": 0.0439286194742, "median": 0.036253746599, "min": 6.00785295146e-23, "var": 0.00161173811648}, "spectral_energyband_middle_high": {"dmean": 0.00171359500382, "dmean2": 0.00277114356868, "dvar": 6.4284504333e-06, "dvar2": 1.66230238392e-05, "max": 0.0277208108455, "mean": 0.00473645422608, "median": 0.00422481866553, "min": 1.35373913261e-21, "var": 1.10456358016e-05}, "spectral_energyband_middle_low": {"dmean": 0.0061620217748, "dmean2": 0.0101655833423, "dvar": 8.05425879662e-05, "dvar2": 0.000208843950531, "max": 0.0674927160144, "mean": 0.0128932539374, "median": 0.0104791224003, "min": 2.90935814596e-22, "var": 0.000117744297313}, "spectral_entropy": {"dmean": 0.152757883072, "dmean2": 0.225818306208, "dvar": 0.0352455824614, "dvar2": 0.0706852599978, "max": 9.81562042236, "mean": 7.77916622162, "median": 7.79039382935, "min": 4.54734802246, "var": 0.152205586433}, "spectral_flux": {"dmean": 0.0466478094459, "dmean2": 0.0710728242993, "dvar": 0.00318886782043, "dvar2": 0.00630059977993, "max": 0.426113426685, "mean": 0.116486214101, "median": 0.0935429930687, "min": 6.72646174871e-11, "var": 0.00496731279418}, "spectral_kurtosis": {"dmean": 1.16213750839, "dmean2": 1.89669513702, "dvar": 6.19368839264, "dvar2": 14.1323356628, "max": 94.897277832, "mean": 3.5272257328, "median": 3.13393211365, "min": -1.23633146286, "var": 11.2783260345}, "spectral_rms": {"dmean": 0.00151231396012, "dmean2": 0.00246754777618, "dvar": 3.19612672683e-06, "dvar2": 8.21339290269e-06, "max": 0.0161638911813, "mean": 0.00719308946282, "median": 0.00736397039145, "min": 3.17954473514e-12, "var": 7.69704547565e-06}, "spectral_rolloff": {"dmean": 726.079345703, "dmean2": 1189.29064941, "dvar": 1568941.375, "dvar2": 3374123.75, "max": 18798.4863281, "mean": 1483.08178711, "median": 452.197265625, "min": 64.599609375, "var": 4659020}, "spectral_skewness": {"dmean": 0.18828073144, "dmean2": 0.294185370207, "dvar": 0.0658582150936, "dvar2": 0.138423845172, "max": 8.32885456085, "mean": 1.23831582069, "median": 1.27694356441, "min": -0.149159699678, "var": 0.241384625435}, "spectral_spread": {"dmean": 708510.125, "dmean2": 954041.5, "dvar": 795414036480, "dvar2": 1392298950660.0, "max": 41642700, "mean": 5102902.5, "median": 5028467.5, "min": 1449721.5, "var": 4002156904450.0}, "spectral_strongpeak": {"dmean": 0.316921085119, "dmean2": 0.543139636517, "dvar": 0.356349170208, "dvar2": 0.971914350986, "max": 7.90970897675, "mean": 0.63278645277, "median": 0.514666140079, "min": 0, "var": 0.432729870081}, "zerocrossingrate": {"dmean": 0.0147545197979, "dmean2": 0.0163625478745, "dvar": 0.000315203680657, "dvar2": 0.000345536478562, "max": 0.5205078125, "mean": 0.067047804594, "median": 0.05078125, "min": 0.0029296875, "var": 0.00285230949521}, "barkbands": {"dmean": [0.000532507256139, 0.0175434555858, 0.00714065833017, 0.00356412585825, 0.00251115695573, 0.000889633956831, 0.000402757053962, 0.000369574612705, 0.000486176635604, 0.000462165655335, 0.00033112190431, 0.000200451861019, 0.000140162737807, 0.000211823789869, 0.000238929031184, 0.000288249226287, 0.000327429384924, 0.000145258396515, 0.000342458835803, 0.00026657251874, 0.00025185989216, 0.00019858952146, 0.000213309162064, 9.57975571509e-05, 9.06012792257e-05, 0.000335618300596, 1.62860560522e-05], "dmean2": [0.000867627561092, 0.030819054693, 0.0121847493574, 0.00613617151976, 0.00422800797969, 0.00146736518946, 0.000685720122419, 0.00058729306329, 0.000789521902334, 0.000752302526962, 0.000487671612063, 0.000333816336934, 0.000232337741181, 0.000355841912096, 0.000415296846768, 0.000484139745822, 0.000556969374884, 0.00025165345869, 0.000548121111933, 0.00042166892672, 0.00040554968291, 0.000335465359967, 0.000339766556863, 0.000155401648954, 0.000134123110911, 0.000518445565831, 2.37412423303e-05], "dvar": [7.62549746014e-07, 0.000844588503242, 0.000121060962556, 3.52126007783e-05, 1.59035771503e-05, 1.61989828484e-06, 7.31033594548e-07, 4.46044793989e-07, 5.39619691153e-07, 5.00711735185e-07, 3.25177126115e-07, 1.14866395506e-07, 5.78102081761e-08, 1.33372466848e-07, 2.26652957735e-07, 1.4082145583e-07, 1.75230113086e-07, 5.95868243636e-08, 2.07623372717e-07, 1.1574682901e-07, 1.10531075848e-07, 3.20914978147e-07, 2.19939963131e-07, 5.09062800802e-08, 2.88916055524e-08, 9.90894363895e-07, 7.71885722006e-10], "dvar2": [2.02939304472e-06, 0.00237994757481, 0.000334427895723, 9.66994266491e-05, 4.14156165789e-05, 4.2983374442e-06, 2.05937658393e-06, 9.7181180081e-07, 1.38148834594e-06, 1.24740950014e-06, 6.00125076744e-07, 2.95687158314e-07, 1.41902404494e-07, 3.60754654594e-07, 6.17782859536e-07, 3.61708828223e-07, 4.65557548068e-07, 1.64141113146e-07, 5.10885627136e-07, 2.79234541267e-07, 2.58684565324e-07, 8.90468470516e-07, 5.61376225505e-07, 1.32232386818e-07, 6.43210640305e-08, 2.42114447246e-06, 1.62070934451e-09], "max": [0.00695396540686, 0.216372013092, 0.0952049791813, 0.0516353398561, 0.0321512930095, 0.0190338604152, 0.00988631416112, 0.0139488875866, 0.0110343396664, 0.008354825899, 0.0139823295176, 0.00560308480635, 0.0023586708121, 0.00404335558414, 0.00443652318791, 0.00388059858233, 0.00397099554539, 0.00260069523938, 0.00663952669129, 0.00492258137092, 0.00594125175849, 0.00693002995104, 0.00528402859345, 0.00246713659726, 0.00204205978662, 0.0100632971153, 0.000429922860349], "mean": [0.000643868348561, 0.0279630608857, 0.0126878228039, 0.00444851629436, 0.00406969804317, 0.00177620863542, 0.000603953551035, 0.000693675945513, 0.000866056536324, 0.000693976588082, 0.000653734721709, 0.00028792876401, 0.000186530945939, 0.000319886632496, 0.000330060196575, 0.00053687451873, 0.000642006576527, 0.000249116215855, 0.00073892128421, 0.000627375789918, 0.00059987232089, 0.000311055890052, 0.000307168142172, 0.00015868578339, 0.000153560991748, 0.000343440799043, 3.04729201162e-05], "median": [0.000161065559951, 0.0188525058329, 0.00835982710123, 0.00212026084773, 0.00274735270068, 0.00124097219668, 0.000296176644042, 0.000297124759527, 0.000445734389359, 0.00040679553058, 0.000234312086832, 0.000164822646184, 9.97986571747e-05, 0.000194726599148, 0.000213326653466, 0.000354150455678, 0.000516667088959, 0.000174657674506, 0.000495948363096, 0.000485335593112, 0.000450146646472, 0.000157892849529, 8.883071132e-05, 5.60325242986e-05, 6.1403021391e-05, 5.99787417741e-05, 1.36809394462e-05], "min": [1.92437036638e-24, 2.04075160737e-23, 3.0753702947e-24, 6.23081549331e-24, 1.2824155171e-23, 3.75000051208e-23, 2.84518809785e-23, 6.691615496e-23, 3.68240680765e-23, 3.63012836437e-23, 3.5662751228e-23, 8.65818136167e-23, 6.29025064049e-23, 4.4269700176e-23, 9.73157619125e-23, 1.17815076152e-22, 1.13156063646e-22, 2.07543283577e-22, 1.1151698739e-22, 2.03361790665e-22, 3.94549324483e-22, 5.29972760538e-22, 4.11956644762e-22, 6.8650300946e-22, 1.16868594527e-21, 1.55375144511e-21, 2.20629627714e-21], "var": [1.14314286748e-06, 0.000984297716059, 0.000181788331247, 3.83813603548e-05, 2.11611932173e-05, 3.51144763044e-06, 7.96790857294e-07, 1.4692249124e-06, 1.27338239508e-06, 7.27090480268e-07, 1.51069980348e-06, 1.41782322771e-07, 6.90698840344e-08, 1.49098625002e-07, 2.03223322615e-07, 3.03239090726e-07, 3.03731809481e-07, 7.22529307495e-08, 6.06881997101e-07, 3.32714193974e-07, 3.51320807113e-07, 2.89004418619e-07, 3.26340540369e-07, 7.48767163827e-08, 5.47408625096e-08, 9.6020755791e-07, 2.10458739325e-09]}, "erbbands": {"dmean": [0.450761318207, 4.24874973297, 8.33847522736, 10.0583086014, 9.84493923187, 9.12674617767, 6.7772436142, 8.21194934845, 6.71088457108, 5.44225358963, 8.79231452942, 12.4870662689, 16.0943317413, 9.08854389191, 14.2919197083, 7.71446704865, 6.55192613602, 8.33717441559, 11.9650592804, 12.7056207657, 15.6382827759, 16.7090644836, 9.03648376465, 14.4146757126, 15.9996871948, 10.7490606308, 13.9453325272, 7.42912578583, 6.46258068085, 5.06855010986, 7.07878398895, 3.59202456474, 1.06419920921, 0.871122479439, 1.10586893559, 2.42601037025, 0.247853383422, 0.029839804396, 0.00282024405897, 0.000201841990929], "dmean2": [0.763450562954, 7.53823852539, 14.4177865982, 17.22240448, 16.8628540039, 15.7119045258, 11.4157018661, 13.4779977798, 11.0791501999, 9.05896282196, 13.8518323898, 20.0765113831, 25.8870277405, 14.4452438354, 21.7095870972, 12.3508214951, 10.8172531128, 13.7878293991, 20.6024780273, 21.7899684906, 26.3212051392, 28.4194488525, 15.3476171494, 24.0409202576, 25.6862792969, 17.1391372681, 22.3848114014, 12.1576948166, 10.8737154007, 8.39127922058, 11.4882411957, 5.73975229263, 1.71347284317, 1.29694342613, 1.66420340538, 3.78871893883, 0.38015678525, 0.0463090650737, 0.00417591165751, 0.000291295989882], "dvar": [0.62824934721, 49.9663467407, 164.367202759, 235.779052734, 359.552368164, 242.485137939, 128.97454834, 129.813873291, 127.936538696, 120.57244873, 309.47668457, 374.653076172, 612.944458008, 332.126434326, 545.650024414, 164.381134033, 123.08102417, 196.988418579, 473.166259766, 436.163909912, 457.222930908, 487.526489258, 214.479034424, 362.640289307, 526.66229248, 186.28515625, 349.626831055, 125.81098175, 233.629272461, 226.497451782, 256.37600708, 77.5150909424, 4.56896162033, 2.35640859604, 6.19153022766, 53.3570747375, 0.523688971996, 0.00549777504057, 2.67202231043e-05, 9.47862588419e-08], "dvar2": [1.71741557121, 142.289031982, 463.158111572, 621.227416992, 958.270507812, 668.325317383, 339.755889893, 343.705078125, 343.247039795, 323.193359375, 666.586914062, 958.086914062, 1484.84130859, 670.528808594, 1144.04125977, 398.799316406, 298.354064941, 514.686218262, 1298.28649902, 1161.47998047, 1219.09802246, 1297.75012207, 591.952148438, 930.38861084, 1283.77270508, 452.049224854, 787.135620117, 325.294006348, 639.260375977, 618.043823242, 667.374145508, 199.803161621, 11.5535821915, 5.08314228058, 14.8011989594, 130.646087646, 1.27883040905, 0.0136053236201, 6.06537578278e-05, 1.90666952449e-07], "max": [5.9599404335, 49.4918403625, 105.574577332, 135.277450562, 168.150802612, 166.703323364, 170.095016479, 196.500274658, 200.835906982, 182.161697388, 381.203460693, 321.081756592, 299.196228027, 546.724731445, 380.816192627, 280.771728516, 124.923538208, 157.266601562, 211.760528564, 204.051940918, 231.053588867, 263.604064941, 159.47265625, 248.062423706, 325.341796875, 184.324111938, 354.743041992, 117.943443298, 174.732025146, 188.688156128, 178.502487183, 92.3868103027, 21.5772533417, 20.6361198425, 31.1919460297, 71.6535873413, 8.02536869049, 0.94213539362, 0.075302913785, 0.00441168807447], "mean": [0.660772562027, 6.67876243591, 15.1992006302, 15.9065504074, 13.0297107697, 14.3813371658, 11.5978631973, 16.0553226471, 12.4056215286, 8.60504150391, 17.3314590454, 23.3079319, 25.0188503265, 17.3323478699, 25.8978099823, 12.8105783463, 9.37940216064, 12.9727172852, 17.9546127319, 22.2646331787, 30.1016750336, 32.9816970825, 17.5538463593, 29.4307231903, 36.2130126953, 26.9337310791, 32.6812477112, 16.5364074707, 11.306854248, 7.60360145569, 9.7131357193, 5.00126743317, 2.00873327255, 1.62295925617, 1.50271081924, 2.34084701538, 0.296732068062, 0.0460252575576, 0.00519631337374, 0.0004014520091], "median": [0.314638078213, 4.34579372406, 9.80412483215, 10.5844507217, 7.71288919449, 7.6255865097, 8.49703502655, 10.7056941986, 6.36037874222, 4.99241638184, 6.59605789185, 12.8797073364, 14.1057195663, 8.03301048279, 11.3657932281, 8.2548866272, 5.31641435623, 8.27483654022, 12.4000740051, 16.3761901855, 23.6145133972, 26.7884368896, 13.5542621613, 21.574005127, 24.0635604858, 21.4972419739, 23.3826560974, 12.4399032593, 6.45173931122, 2.94034337997, 2.5830283165, 1.43660855293, 0.810037016869, 0.660472869873, 0.509510755539, 0.321870863438, 0.0776372104883, 0.0161174032837, 0.00242486014031, 0.000238113367232], "min": [8.17657029321e-22, 3.83189116554e-21, 4.37403212447e-21, 1.78617229416e-20, 5.23079034081e-20, 3.93653864109e-20, 1.70847602701e-19, 3.27555147367e-19, 4.14800988501e-19, 1.37366958175e-18, 8.88609939973e-19, 1.01187360312e-18, 7.53317985044e-19, 1.53041007147e-18, 2.67518523265e-18, 3.35716648958e-18, 2.83330535623e-18, 1.81659636544e-18, 3.77475559373e-18, 4.75309560502e-18, 7.43412362792e-18, 7.91286102488e-18, 1.0024718476e-17, 8.73722260591e-18, 1.02193912973e-17, 1.00537947017e-17, 1.70231238891e-17, 1.53300042892e-17, 1.8001299705e-17, 1.74069869785e-17, 1.15575081393e-17, 1.21939160872e-17, 1.11413039423e-17, 1.00587916998e-17, 8.45751561767e-18, 5.76282381182e-18, 2.80066915196e-18, 1.17581594084e-18, 3.01905103753e-19, 3.04420624619e-20], "var": [0.781840026379, 56.1634750366, 247.353515625, 302.133392334, 359.342041016, 357.260223389, 162.43170166, 308.740020752, 281.956939697, 141.415725708, 1073.84716797, 921.798950195, 973.985595703, 1577.14709473, 1629.74475098, 249.733947754, 149.800109863, 227.813858032, 457.011260986, 522.82623291, 676.837402344, 835.823547363, 285.985626221, 831.370849609, 1578.12133789, 534.680847168, 1166.05627441, 242.949279785, 263.09197998, 232.62638855, 345.55291748, 94.1165618896, 9.24557685852, 5.78229045868, 7.73490905762, 50.1353416443, 0.540556490421, 0.00782335363328, 6.06373469054e-05, 2.30224827646e-07]}, "gfcc": {"mean": [38.1855926514, 73.835357666, -96.4264831543, 48.4144744873, -38.9886436462, 6.18091917038, -21.2026824951, 9.87295436859, -22.8067035675, 2.98762083054, -21.6169204712, 1.77967476845, -5.36820173264], "cov": [[10049.4960938, -885.587036133, 751.660888672, 252.468536377, -202.590118408, 460.997375488, -372.841461182, 328.595062256, -358.184936523, 134.013061523, -396.046142578, 114.986930847, -332.514221191], [-885.587036133, 1986.65136719, -388.508178711, 340.336486816, 251.438644409, -216.106750488, 368.41973877, -117.117424011, 289.06427002, 11.1544065475, 142.165512085, -101.189430237, 168.164810181], [751.660888672, -388.508178711, 1565.25646973, 62.506855011, 308.453918457, 525.969299316, -53.871509552, 284.279327393, -4.88040065765, 79.855796814, -89.8413543701, 59.8404998779, -166.682830811], [252.468536377, 340.336486816, 62.506855011, 319.312835693, 133.993286133, 28.5984325409, 124.083755493, 19.6849918365, 60.5988082886, 15.3241004944, 25.0222797394, -39.301109314, 9.77522468567], [-202.590118408, 251.438644409, 308.453918457, 133.993286133, 323.521606445, 123.123832703, 128.096786499, 78.9992523193, 50.38904953, 33.3013572693, 5.26025676727, -6.80492448807, 1.15878427029], [460.997375488, -216.106750488, 525.969299316, 28.5984325409, 123.123832703, 312.376647949, -14.2040615082, 128.026641846, 5.23140001297, 25.0469341278, -36.239315033, 22.4322071075, -72.8874969482], [-372.841461182, 368.41973877, -53.871509552, 124.083755493, 128.096786499, -14.2040615082, 200.898330688, 19.8978385925, 95.5499267578, 24.8074893951, 38.1511726379, -20.1922874451, 52.0976715088], [328.595062256, -117.117424011, 284.279327393, 19.6849918365, 78.9992523193, 128.026641846, 19.8978385925, 136.649734497, 9.8256111145, 38.9914207458, -27.7419013977, 20.2966556549, -35.0050125122], [-358.184936523, 289.06427002, -4.88040065765, 60.5988082886, 50.38904953, 5.23140001297, 95.5499267578, 9.8256111145, 130.96937561, 37.6271896362, 45.5971679688, -9.66831493378, 22.1273822784], [134.013061523, 11.1544065475, 79.855796814, 15.3241004944, 33.3013572693, 25.0469341278, 24.8074893951, 38.9914207458, 37.6271896362, 78.2632598877, 15.2529697418, 14.4243240356, -13.0538930893], [-396.046142578, 142.165512085, -89.8413543701, 25.0222797394, 5.26025676727, -36.239315033, 38.1511726379, -27.7419013977, 45.5971679688, 15.2529697418, 85.1887664795, 6.77255487442, 35.5748252869], [114.986930847, -101.189430237, 59.8404998779, -39.301109314, -6.80492448807, 22.4322071075, -20.1922874451, 20.2966556549, -9.66831493378, 14.4243240356, 6.77255487442, 69.5242156982, 8.5717458725], [-332.514221191, 168.164810181, -166.682830811, 9.77522468567, 1.15878427029, -72.8874969482, 52.0976715088, -35.0050125122, 22.1273822784, -13.0538930893, 35.5748252869, 8.5717458725, 87.7533340454]], "icov": [[0.000210811616853, -0.000153835644596, 0.00011038921366, -0.000456637237221, 0.000389162974898, -0.000363640981959, 0.00022929853003, -0.000267007359071, 0.000693426758517, -0.000712348148227, 0.000813447521068, -0.000490555888973, 0.000241665999056], [-0.000153835644596, 0.00138497853186, -0.000150926192873, -0.000192775507458, -0.00103442254476, 0.00102871982381, -0.000558334577363, 0.000992889748886, -0.00258008344099, 0.0010456352029, -0.000529281271156, 0.00100306945387, -0.000983836245723], [0.00011038921366, -0.000150926192873, 0.00198447005823, -0.000370919064153, -0.000912764575332, -0.00211695535108, 0.0012929282384, -0.00139699561987, 0.000128320025397, -0.000599057064392, 0.000737769063562, -0.00101140909828, 0.00112532696221], [-0.000456637237221, -0.000192775507458, -0.000370919064153, 0.00589410355315, -0.00140313548036, 0.000347035878804, -0.00265199085698, 0.000504612689838, -0.000474639295135, 0.00146170938388, -0.00280113285407, 0.00279342918657, 0.000560359912924], [0.000389162974898, -0.00103442254476, -0.000912764575332, -0.00140313548036, 0.00762053253129, -0.00211844639853, -0.00357598741539, -0.000899954757188, 0.00399132445455, -0.00236018374562, 0.00126701535191, -0.000578022794798, -3.14288881782e-05], [-0.000363640981959, 0.00102871982381, -0.00211695535108, 0.000347035878804, -0.00211844639853, 0.00995000172406, 0.000153428831254, -0.00280305487104, -0.00386745529249, 0.00418366864324, -0.00189409998711, 9.03978143469e-05, 0.00203075795434], [0.00022929853003, -0.000558334577363, 0.0012929282384, -0.00265199085698, -0.00357598741539, 0.000153428831254, 0.0150116840377, -0.00411507161334, -0.00532758235931, -0.00121915200725, 0.00152956426609, 0.00137207203079, -0.00528104556724], [-0.000267007359071, 0.000992889748886, -0.00139699561987, 0.000504612689838, -0.000899954757188, -0.00280305487104, -0.00411507161334, 0.0176878143102, -0.00115096976515, -0.00440518418327, 0.00351575925015, -0.00174921017606, -6.12324438407e-05], [0.000693426758517, -0.00258008344099, 0.000128320025397, -0.000474639295135, 0.00399132445455, -0.00386745529249, -0.00532758235931, -0.00115096976515, 0.0210062097758, -0.0083107734099, -0.00258578825742, -0.000183158146683, 0.00184028595686], [-0.000712348148227, 0.0010456352029, -0.000599057064392, 0.00146170938388, -0.00236018374562, 0.00418366864324, -0.00121915200725, -0.00440518418327, -0.0083107734099, 0.0229768585414, -0.00659443810582, -0.00249142828397, 0.00489921588451], [0.000813447521068, -0.000529281271156, 0.000737769063562, -0.00280113285407, 0.00126701535191, -0.00189409998711, 0.00152956426609, 0.00351575925015, -0.00258578825742, -0.00659443810582, 0.0222710538656, -0.00482775177807, -0.00417158426717], [-0.000490555888973, 0.00100306945387, -0.00101140909828, 0.00279342918657, -0.000578022794798, 9.03978143469e-05, 0.00137207203079, -0.00174921017606, -0.000183158146683, -0.00249142828397, -0.00482775177807, 0.0218692142516, -0.00794640835375], [0.000241665999056, -0.000983836245723, 0.00112532696221, 0.000560359912924, -3.14288881782e-05, 0.00203075795434, -0.00528104556724, -6.12324438407e-05, 0.00184028595686, 0.00489921588451, -0.00417158426717, -0.00794640835375, 0.0238018333912]]}, "melbands": {"dmean": [0.00448324577883, 0.00467057898641, 0.00172083708458, 0.000615137978457, 0.000280237320112, 0.000179026304977, 9.76771261776e-05, 6.0236077843e-05, 7.48066231608e-05, 7.78819376137e-05, 8.00864581834e-05, 3.70668058167e-05, 4.18703384639e-05, 2.853884871e-05, 1.69901832123e-05, 1.30997796077e-05, 1.74938595592e-05, 2.05833766813e-05, 1.80414172064e-05, 2.04962179851e-05, 1.92465795408e-05, 1.90394093806e-05, 1.37350134537e-05, 6.61261174173e-06, 1.32681898322e-05, 1.41895743582e-05, 1.0648940588e-05, 7.55809287512e-06, 9.87114435702e-06, 6.75803585182e-06, 4.57481974081e-06, 4.17226738136e-06, 3.51800053977e-06, 2.3785491976e-06, 3.94439211959e-06, 4.19792650064e-06, 1.65325434409e-06, 7.56359440857e-07, 6.15688804828e-07, 8.35528112475e-07], "dmean2": [0.00778054166585, 0.00817301403731, 0.00294238235801, 0.00103952933569, 0.000473515799968, 0.000292280717986, 0.000160769850481, 9.89109976217e-05, 0.000118464638945, 0.000126345898025, 0.000129084306536, 5.97320649831e-05, 6.33624949842e-05, 4.54528526461e-05, 2.76409391518e-05, 2.16920489038e-05, 2.89992185571e-05, 3.552473936e-05, 3.13726923196e-05, 3.42538369296e-05, 3.26777735609e-05, 3.25100700138e-05, 2.33675127674e-05, 1.13217511171e-05, 2.22885009862e-05, 2.24400173465e-05, 1.72233194462e-05, 1.21095126815e-05, 1.59709052241e-05, 1.10955588752e-05, 7.51606921767e-06, 7.04699550624e-06, 5.99774193688e-06, 3.86594456359e-06, 6.45619320494e-06, 6.80968014422e-06, 2.69880933956e-06, 1.24020095882e-06, 9.9348767435e-07, 1.23731592794e-06], "dvar": [5.901608165e-05, 5.25270806975e-05, 6.81299570715e-06, 1.01982300293e-06, 1.90698202118e-07, 6.09648083127e-08, 2.93702644427e-08, 1.223501922e-08, 1.99620497909e-08, 1.52098049711e-08, 1.55007100489e-08, 5.29011012773e-09, 4.38213421106e-09, 1.98402760887e-09, 7.2207334556e-10, 5.90298754322e-10, 8.49493475563e-10, 1.30820299038e-09, 1.51386048142e-09, 7.27912341514e-10, 7.84353804129e-10, 6.73888445046e-10, 3.59926616289e-10, 1.08721698311e-10, 3.05628800046e-10, 3.80218356799e-10, 2.37732028507e-10, 8.70069988279e-11, 1.71681710515e-10, 8.4575610404e-11, 5.2186394095e-11, 9.00190408326e-11, 1.37503911035e-10, 3.38577776926e-11, 6.99447860741e-11, 1.07999192922e-10, 2.0637219364e-11, 2.13846757142e-12, 1.21275580724e-12, 2.16870813842e-12], "dvar2": [0.000165302248206, 0.000149443207192, 1.82114617928e-05, 2.64744130618e-06, 5.09732615228e-07, 1.62112328894e-07, 7.90033922726e-08, 3.17431911867e-08, 4.46785044517e-08, 3.87375358457e-08, 3.75932920349e-08, 1.13213154407e-08, 9.15286069159e-09, 4.87640727798e-09, 1.78402304041e-09, 1.44968526072e-09, 2.25186203018e-09, 3.62651708663e-09, 4.11605194373e-09, 1.81785642095e-09, 2.11956585616e-09, 1.78721981658e-09, 1.00116803736e-09, 2.99277630456e-10, 7.92440058017e-10, 9.32513510854e-10, 6.05089089944e-10, 2.15518686231e-10, 3.96284505211e-10, 2.11319739485e-10, 1.37773847886e-10, 2.46276721239e-10, 3.83789694469e-10, 8.80468267739e-11, 1.80333248334e-10, 2.81011963699e-10, 5.49618892065e-11, 5.44023506799e-12, 2.97581143754e-12, 4.68183911778e-12], "max": [0.0583445206285, 0.0603097602725, 0.0212189927697, 0.00841606594622, 0.00546438386664, 0.00415879068896, 0.00266545219347, 0.0019613543991, 0.00282761547714, 0.00216294103302, 0.00150105555076, 0.00202493020333, 0.00100014219061, 0.000627354369499, 0.000308495131321, 0.000270128191914, 0.000345012667822, 0.000402262870921, 0.00039818813093, 0.000325341097778, 0.000326863169903, 0.000341188628227, 0.000203256684472, 0.000116431248898, 0.000230301491683, 0.000290630414383, 0.000276257662335, 0.00011977180111, 0.000267357565463, 0.000159062750754, 7.62306590332e-05, 0.000101378565887, 0.000148252394865, 6.96024144418e-05, 8.7446969701e-05, 0.000116069153592, 5.61419619771e-05, 1.44277582876e-05, 1.23628551592e-05, 1.88670819625e-05], "mean": [0.00693193683401, 0.00867025461048, 0.00275284121744, 0.000938648823649, 0.000487802695716, 0.000360231584636, 0.000175306806341, 9.90370972431e-05, 0.000144169709529, 0.000142128163134, 0.000120387572679, 6.41820806777e-05, 7.81209964771e-05, 4.88324258185e-05, 2.54228398262e-05, 1.69222075783e-05, 2.632288124e-05, 2.98646864394e-05, 2.469125684e-05, 3.96803952754e-05, 3.38066820404e-05, 3.57651770173e-05, 2.42568257818e-05, 1.14681051855e-05, 2.4911849323e-05, 2.92253389489e-05, 2.16340104089e-05, 1.69770046341e-05, 2.16867174458e-05, 1.44208515849e-05, 8.64414869284e-06, 6.89838725521e-06, 4.93563584314e-06, 3.68919995708e-06, 5.50602817384e-06, 5.22864775121e-06, 2.30395176004e-06, 1.3608878362e-06, 1.21009179566e-06, 1.42915644119e-06], "median": [0.00443430617452, 0.00658564735204, 0.00191068032291, 0.000587295740843, 0.000337538629537, 0.00024489214411, 8.89322254807e-05, 5.55503356736e-05, 5.51419107069e-05, 7.47435115045e-05, 6.615750317e-05, 2.55253216892e-05, 3.22391897498e-05, 2.7059653803e-05, 1.46121319631e-05, 8.73496719578e-06, 1.66382360476e-05, 1.91243489098e-05, 1.54242625285e-05, 2.4133874831e-05, 2.69888878393e-05, 2.78762017842e-05, 1.86551151273e-05, 8.39150197862e-06, 1.80012466444e-05, 1.73936241481e-05, 1.50376281454e-05, 1.31636561491e-05, 1.55446159624e-05, 9.88224292087e-06, 6.10491315456e-06, 3.79520702154e-06, 2.15817544813e-06, 1.32699790356e-06, 1.44483624354e-06, 1.24587654682e-06, 7.15866974588e-07, 5.37746359441e-07, 5.17529429089e-07, 5.48132334188e-07], "min": [6.56267744322e-24, 2.69356812468e-24, 4.72937732126e-24, 2.83087232346e-24, 5.38752712993e-24, 7.3254830616e-24, 6.67257681137e-24, 1.95812931383e-23, 5.90977513729e-24, 6.12261769813e-24, 3.81338911458e-24, 6.31201018527e-24, 6.43523341411e-24, 9.33064363151e-24, 7.92178144214e-24, 6.38135815858e-24, 2.90716976692e-24, 5.05596139729e-24, 8.13304470344e-24, 6.02968238931e-24, 9.1496860396e-24, 6.27316351885e-24, 8.54810939075e-24, 8.16969991426e-24, 5.64455142349e-24, 3.79640809473e-24, 5.74232363294e-24, 6.81208055157e-24, 9.96344970588e-24, 1.01684407341e-23, 8.55818235565e-24, 9.83249011814e-24, 1.00165605552e-23, 8.75065652791e-24, 6.18620856456e-24, 7.84420801616e-24, 7.2196384385e-24, 6.56321702408e-24, 6.15001562623e-24, 8.8080595694e-24], "var": [6.85186969349e-05, 7.04745907569e-05, 8.73172211868e-06, 1.30865112169e-06, 2.80338781522e-07, 1.52703989897e-07, 5.71667762017e-08, 1.73649503665e-08, 6.50576978956e-08, 3.80504552311e-08, 2.41402418055e-08, 2.23381242392e-08, 1.49116328174e-08, 3.84905796125e-09, 1.03096897686e-09, 6.57885523836e-10, 9.76189684643e-10, 1.30091570849e-09, 1.30751642846e-09, 2.08417949565e-09, 9.76387082297e-10, 1.11827158644e-09, 5.33288857518e-10, 1.3159962009e-10, 6.42861153199e-10, 1.15795295574e-09, 5.47625944591e-10, 2.20363671755e-10, 5.19585374725e-10, 2.29287575038e-10, 8.02163960256e-11, 9.96917270957e-11, 1.1075733386e-10, 5.19637909091e-11, 1.0925355759e-10, 1.18420828699e-10, 2.23373177594e-11, 4.19518673273e-12, 3.22574367391e-12, 4.89197094292e-12]}, "mfcc": {"mean": [-610.987731934, 108.026756287, 3.52440237999, 48.8189239502, 5.56202936172, 11.9037160873, 6.98357200623, 7.19452095032, 9.94734859467, 3.72941279411, -6.4063410759, -0.761987924576, 0.289477497339], "cov": [[5483.28662109, -583.804077148, 284.484283447, 81.8607025146, 59.6580848694, 42.8406410217, 12.0586290359, 75.4961700439, 6.88323450089, 22.3929576874, -81.9664993286, 2.68169140816, 5.817902565], [-583.804077148, 1335.84899902, -145.826934814, 405.820465088, 18.529460907, 134.615005493, 53.612033844, 21.7785148621, 171.246963501, 38.4947929382, 111.664764404, 68.4908218384, 60.0952911377], [284.484283447, -145.826934814, 1028.57849121, -120.095169067, 401.006378174, 151.587677002, 127.683738708, 183.775634766, 89.8403625488, 95.9461288452, 40.4955062866, 104.75958252, 91.9815216064], [81.8607025146, 405.820465088, -120.095169067, 415.5440979, -2.12130618095, 81.9114227295, 69.974609375, 14.9829263687, 81.9128952026, 40.3736991882, 60.2266616821, 17.407831192, 3.19049692154], [59.6580848694, 18.529460907, 401.006378174, -2.12130618095, 309.090667725, 116.525421143, 122.283920288, 113.372657776, 59.6346435547, 66.8092422485, 26.6259632111, 40.8655281067, 41.3836135864], [42.8406410217, 134.615005493, 151.587677002, 81.9114227295, 116.525421143, 148.465270996, 72.831817627, 70.2279129028, 62.3990592957, 49.2279014587, 50.1998634338, 28.2230129242, 27.1566104889], [12.0586290359, 53.612033844, 127.683738708, 69.974609375, 122.283920288, 72.831817627, 137.15562439, 69.0959854126, 61.5409469604, 46.200843811, 21.6222515106, 12.8192586899, 16.567609787], [75.4961700439, 21.7785148621, 183.775634766, 14.9829263687, 113.372657776, 70.2279129028, 69.0959854126, 115.411643982, 61.5362854004, 37.6194839478, 16.9934234619, 23.3405990601, 29.5967674255], [6.88323450089, 171.246963501, 89.8403625488, 81.9128952026, 59.6346435547, 62.3990592957, 61.5409469604, 61.5362854004, 126.246200562, 44.4771080017, 40.6608428955, 34.4801979065, 33.5822029114], [22.3929576874, 38.4947929382, 95.9461288452, 40.3736991882, 66.8092422485, 49.2279014587, 46.200843811, 37.6194839478, 44.4771080017, 81.3097763062, 51.3236312866, 17.4643878937, -1.2209982872], [-81.9664993286, 111.664764404, 40.4955062866, 60.2266616821, 26.6259632111, 50.1998634338, 21.6222515106, 16.9934234619, 40.6608428955, 51.3236312866, 102.101776123, 40.208732605, 12.5197973251], [2.68169140816, 68.4908218384, 104.75958252, 17.407831192, 40.8655281067, 28.2230129242, 12.8192586899, 23.3405990601, 34.4801979065, 17.4643878937, 40.208732605, 74.4530563354, 49.1852607727], [5.817902565, 60.0952911377, 91.9815216064, 3.19049692154, 41.3836135864, 27.1566104889, 16.567609787, 29.5967674255, 33.5822029114, -1.2209982872, 12.5197973251, 49.1852607727, 88.0355606079]], "icov": [[0.000211383274291, 0.000152615102706, -5.87561044085e-05, -0.000224624935072, 5.69428812014e-05, -0.000126502331113, 0.000181153969606, -7.60263210395e-05, -7.46930818423e-05, -0.000121721284813, 0.000314198929118, -0.000108643194835, -2.07557036447e-06], [0.000152615102706, 0.00143659987953, 0.000265314709395, -0.00109825271647, -0.000467847188702, -0.000648148823529, 0.000816212850623, 0.000485254189698, -0.00149096676614, 0.000662602833472, -0.000288755371002, -0.00033041019924, -0.00032143064891], [-5.87561044085e-05, 0.000265314709395, 0.00258098822087, 0.000609738694038, -0.00269404915161, -0.000368860550225, 0.000824273156468, -0.0010424455395, -0.000348710484104, -0.000665835803375, 0.000467692880193, -0.00208130129613, -0.000100371369626], [-0.000224624935072, -0.00109825271647, 0.000609738694038, 0.00457040127367, 0.000719534000382, -0.001339116483, -0.00229854905047, 0.000679397664499, -0.000529858458322, -0.000448163540568, -0.000539309112355, -0.000491524639074, 0.000788056233432], [5.69428812014e-05, -0.000467847188702, -0.00269404915161, 0.000719534000382, 0.0105296885595, -0.00269718654454, -0.00507423793897, -0.00196176813915, 0.00242127757519, -0.00250543700531, 0.0016899225302, -0.000426452432293, -0.000359425437637], [-0.000126502331113, -0.000648148823529, -0.000368860550225, -0.001339116483, -0.00269718654454, 0.0144744729623, -0.00132591428701, -0.00369161553681, -0.000128069106722, -0.000220688409172, -0.00455320905894, 0.00232516415417, -0.00142750120722], [0.000181153969606, 0.000816212850623, 0.000824273156468, -0.00229854905047, -0.00507423793897, -0.00132591428701, 0.0161494035274, -0.00293017900549, -0.00354827335104, -0.00238120416179, 0.00123735086527, 0.00194062455557, -0.000546535069589], [-7.60263210395e-05, 0.000485254189698, -0.0010424455395, 0.000679397664499, -0.00196176813915, -0.00369161553681, -0.00293017900549, 0.0195070710033, -0.00562335783616, -0.00109832838643, 0.00182460446376, 0.000775614229497, -0.00177034409717], [-7.46930818423e-05, -0.00149096676614, -0.000348710484104, -0.000529858458322, 0.00242127757519, -0.000128069106722, -0.00354827335104, -0.00562335783616, 0.0167924258858, -0.00459591159597, -0.000209441786865, -0.00181089737453, -0.00256203557365], [-0.000121721284813, 0.000662602833472, -0.000665835803375, -0.000448163540568, -0.00250543700531, -0.000220688409172, -0.00238120416179, -0.00109832838643, -0.00459591159597, 0.0267362110317, -0.0115781305358, 0.00115498248488, 0.00545611092821], [0.000314198929118, -0.000288755371002, 0.000467692880193, -0.000539309112355, 0.0016899225302, -0.00455320905894, 0.00123735086527, 0.00182460446376, -0.000209441786865, -0.0115781305358, 0.0215049721301, -0.0105279320851, 0.00221406598575], [-0.000108643194835, -0.00033041019924, -0.00208130129613, -0.000491524639074, -0.000426452432293, 0.00232516415417, 0.00194062455557, 0.000775614229497, -0.00181089737453, 0.00115498248488, -0.0105279320851, 0.0309205427766, -0.0137888398021], [-2.07557036447e-06, -0.00032143064891, -0.000100371369626, 0.000788056233432, -0.000359425437637, -0.00142750120722, -0.000546535069589, -0.00177034409717, -0.00256203557365, 0.00545611092821, 0.00221406598575, -0.0137888398021, 0.0214041564614]]}, "spectral_contrast_coeffs": {"dmean": [0.053330309689, 0.0476644635201, 0.0396416634321, 0.0283029284328, 0.0211990326643, 0.0241954792291], "dmean2": [0.089389488101, 0.0780533030629, 0.0638817176223, 0.0457965955138, 0.0338470004499, 0.0372247025371], "dvar": [0.00204168260098, 0.00140772282612, 0.00102871330455, 0.000488896504976, 0.000279486441286, 0.000765488133766], "dvar2": [0.00541164446622, 0.00369592662901, 0.00252153282054, 0.00120789848734, 0.000690055021551, 0.00146756775212], "max": [-0.317538917065, -0.455599486828, -0.548503279686, -0.640382409096, -0.642321884632, -0.499014496803], "mean": [-0.646091103554, -0.738238036633, -0.774162173271, -0.797764182091, -0.791957259178, -0.723046779633], "median": [-0.649926245213, -0.738988876343, -0.777015924454, -0.800994157791, -0.791224479675, -0.736045241356], "min": [-0.98014575243, -0.98629283905, -0.997065782547, -0.987716317177, -0.9894490242, -0.964096844196], "var": [0.00701863598078, 0.00488264439628, 0.00363283231854, 0.00196599378251, 0.001247920678, 0.00375421973877]}, "spectral_contrast_valleys": {"dmean": [0.427080273628, 0.418398946524, 0.401627272367, 0.348708987236, 0.278259724379, 0.4215233922], "dmean2": [0.689708590508, 0.667150199413, 0.632618844509, 0.536424875259, 0.410176336765, 0.566700816154], "dvar": [0.205492675304, 0.190890207887, 0.186440750957, 0.159929767251, 0.142248883843, 0.298969209194], "dvar2": [0.422560185194, 0.381045103073, 0.367701470852, 0.292573839426, 0.24793292582, 0.611397862434], "max": [-4.9547700882, -4.93448114395, -5.15133237839, -5.6353263855, -5.5793504715, -7.76817798615], "mean": [-6.6276512146, -6.85324192047, -7.19835281372, -7.464412212