{"lowlevel": {"average_loudness": 0.0687048658729, "barkbands_crest": {"dmean": 1.99184024334, "dmean2": 3.02504396439, "dvar": 3.90812182426, "dvar2": 8.87131977081, "max": 26.7443695068, "mean": 12.7799968719, "median": 11.2631530762, "min": 3.85361504555, "var": 30.6152744293}, "barkbands_flatness_db": {"dmean": 0.016891758889, "dmean2": 0.0253434386104, "dvar": 0.000297968246741, "dvar2": 0.000664829451125, "max": 0.700407385826, "mean": 0.279525309801, "median": 0.259365767241, "min": 0.0738262012601, "var": 0.00916632451117}, "barkbands_kurtosis": {"dmean": 9.39546108246, "dmean2": 16.4029121399, "dvar": 2410.59301758, "dvar2": 7131.33642578, "max": 1063.46118164, "mean": 15.7501592636, "median": 2.32669687271, "min": -1.94707238674, "var": 4711.15380859}, "barkbands_skewness": {"dmean": 0.544166743755, "dmean2": 0.857661128044, "dvar": 0.927139103413, "dvar2": 2.64183878899, "max": 23.9192581177, "mean": 1.44025993347, "median": 1.06886458397, "min": -6.45790958405, "var": 4.80013656616}, "barkbands_spread": {"dmean": 1.49229872227, "dmean2": 2.18150115013, "dvar": 8.22182559967, "dvar2": 13.0295276642, "max": 152.471008301, "mean": 7.68028497696, "median": 6.94787597656, "min": 0.0317754223943, "var": 70.0839233398}, "dissonance": {"dmean": 0.0346676446497, "dmean2": 0.0579145029187, "dvar": 0.00114629487507, "dvar2": 0.00316077191383, "max": 0.499871790409, "mean": 0.392966747284, "median": 0.403046011925, "min": 0.113252595067, "var": 0.00433024484664}, "dynamic_complexity": 6.47253322601, "erbbands_crest": {"dmean": 2.41791200638, "dmean2": 3.58627820015, "dvar": 5.48403644562, "dvar2": 12.5055809021, "max": 33.6186294556, "mean": 13.9069461823, "median": 12.3927268982, "min": 2.49736881256, "var": 40.0691604614}, "erbbands_flatness_db": {"dmean": 0.0138235213235, "dmean2": 0.0200487114489, "dvar": 0.000240846959059, "dvar2": 0.000484291347675, "max": 0.558930516243, "mean": 0.292032510042, "median": 0.290717959404, "min": 0.0319163613021, "var": 0.00493216048926}, "erbbands_kurtosis": {"dmean": 2.1921942234, "dmean2": 3.30834007263, "dvar": 32.0892715454, "dvar2": 75.4733505249, "max": 148.871002197, "mean": 5.6260843277, "median": 0.991206526756, "min": -1.68154740334, "var": 253.21937561}, "erbbands_skewness": {"dmean": 0.32669365406, "dmean2": 0.490478217602, "dvar": 0.135283365846, "dvar2": 0.325429201126, "max": 10.0751781464, "mean": 0.928154528141, "median": 0.627355992794, "min": -3.22935819626, "var": 2.07444667816}, "erbbands_spread": {"dmean": 2.74005365372, "dmean2": 3.96470713615, "dvar": 12.3277339935, "dvar2": 23.9725379944, "max": 165.925186157, "mean": 14.7810173035, "median": 13.6202459335, "min": 0.330511838198, "var": 104.545700073}, "hfc": {"dmean": 1.85964381695, "dmean2": 2.68204283714, "dvar": 9.35057163239, "dvar2": 19.3582344055, "max": 70.5664138794, "mean": 10.5310783386, "median": 5.3011674881, "min": 1.25761443368e-16, "var": 146.049118042}, "melbands_crest": {"dmean": 2.48646450043, "dmean2": 3.82485127449, "dvar": 5.77518081665, "dvar2": 13.8908414841, "max": 33.9060974121, "mean": 16.0827980042, "median": 15.112405777, "min": 1.74971520901, "var": 36.3561058044}, "melbands_flatness_db": {"dmean": 0.0181343797594, "dmean2": 0.0268135163933, "dvar": 0.00038875854807, "dvar2": 0.000834506703541, "max": 0.875241935253, "mean": 0.348798692226, "median": 0.32335716486, "min": 0.00386369228363, "var": 0.0147599428892}, "melbands_kurtosis": {"dmean": 3.83056712151, "dmean2": 5.79698514938, "dvar": 103.718887329, "dvar2": 188.105789185, "max": 894.900878906, "mean": 9.69201469421, "median": 3.37814450264, "min": -1.71864616871, "var": 1343.53112793}, "melbands_skewness": {"dmean": 0.46704569459, "dmean2": 0.698847293854, "dvar": 0.288440972567, "dvar2": 0.616176187992, "max": 22.1557979584, "mean": 1.42049479485, "median": 1.23879408836, "min": -6.41206121445, "var": 2.75015091896}, "melbands_spread": {"dmean": 2.06192231178, "dmean2": 3.08061432838, "dvar": 10.3838996887, "dvar2": 18.8682727814, "max": 163.9765625, "mean": 10.3696079254, "median": 9.8769903183, "min": 0.178842335939, "var": 63.2532501221}, "pitch_salience": {"dmean": 0.0544695071876, "dmean2": 0.0837775245309, "dvar": 0.00266813486814, "dvar2": 0.00669861445203, "max": 0.878750324249, "mean": 0.482183456421, "median": 0.502133607864, "min": 0.0250573158264, "var": 0.0259648058563}, "silence_rate_20dB": {"dmean": 0, "dmean2": 0, "dvar": 0, "dvar2": 0, "max": 1, "mean": 1, "median": 1, "min": 1, "var": 0}, "silence_rate_30dB": {"dmean": 0.0297898389399, "dmean2": 0.0595918372273, "dvar": 0.0289020519704, "dvar2": 0.0666524544358, "max": 1, "mean": 0.902284801006, "median": 1, "min": 0, "var": 0.0881676375866}, "silence_rate_60dB": {"dmean": 0.0273413583636, "dmean2": 0.054693877697, "dvar": 0.0265939608216, "dvar2": 0.0590486936271, "max": 1, "mean": 0.203794375062, "median": 0, "min": 0, "var": 0.16224399209}, "spectral_centroid": {"dmean": 66.8779678345, "dmean2": 98.9557037354, "dvar": 24133.4785156, "dvar2": 31542.3222656, "max": 11283.4736328, "mean": 668.0390625, "median": 653.830078125, "min": 72.5067062378, "var": 105840.710938}, "spectral_complexity": {"dmean": 1.3944092989, "dmean2": 2.31387758255, "dvar": 2.36088085175, "dvar2": 5.77452802658, "max": 42, "mean": 11.1499385834, "median": 10, "min": 0, "var": 52.6259155273}, "spectral_decrease": {"dmean": 1.68252145549e-09, "dmean2": 2.55679144523e-09, "dvar": 1.14299626791e-17, "dvar2": 2.87126500541e-17, "max": 1.15693993569e-16, "mean": -7.96239696399e-09, "median": -2.3473183397e-09, "min": -6.12142443401e-08, "var": 1.37939236051e-16}, "spectral_energy": {"dmean": 0.00648538023233, "dmean2": 0.0098434202373, "dvar": 0.000166004276252, "dvar2": 0.000416429829784, "max": 0.234951213002, "mean": 0.0310070551932, "median": 0.00935587473214, "min": 1.12629025296e-20, "var": 0.00204357458279}, "spectral_energyband_high": {"dmean": 1.29913678393e-05, "dmean2": 1.984478331e-05, "dvar": 3.36956995639e-09, "dvar2": 6.65749766426e-09, "max": 0.00239795260131, "mean": 4.72109168186e-05, "median": 2.45096453e-06, "min": 8.18305303854e-21, "var": 2.79918168644e-08}, "spectral_energyband_low": {"dmean": 0.0051104510203, "dmean2": 0.00797664374113, "dvar": 0.000166937985341, "dvar2": 0.000425414938945, "max": 0.198185235262, "mean": 0.0172240640968, "median": 0.000571757089347, "min": 6.86440758868e-23, "var": 0.00131616857834}, "spectral_energyband_middle_high": {"dmean": 0.00101082224865, "dmean2": 0.00144230283331, "dvar": 4.78708534501e-06, "dvar2": 9.95728532871e-06, "max": 0.0426411107183, "mean": 0.00321870180778, "median": 0.00136744859628, "min": 1.70777677667e-21, "var": 2.06380391319e-05}, "spectral_energyband_middle_low": {"dmean": 0.00237377779558, "dmean2": 0.00332332076505, "dvar": 1.5806295778e-05, "dvar2": 3.23313288391e-05, "max": 0.141707286239, "mean": 0.0112531557679, "median": 0.00611396040767, "min": 2.84381074671e-22, "var": 0.000195536005776}, "spectral_entropy": {"dmean": 0.124371252954, "dmean2": 0.189047724009, "dvar": 0.0266358125955, "dvar2": 0.0570766143501, "max": 9.79581165314, "mean": 6.31075572968, "median": 6.41550064087, "min": 3.37516355515, "var": 0.562535226345}, "spectral_flux": {"dmean": 0.0139328306541, "dmean2": 0.023226890713, "dvar": 0.00040557270404, "dvar2": 0.00111542933155, "max": 0.293038129807, "mean": 0.0466322116554, "median": 0.0328869819641, "min": 1.06126822608e-10, "var": 0.0017216661945}, "spectral_kurtosis": {"dmean": 10.9840526581, "dmean2": 19.2729721069, "dvar": 139.844543457, "dvar2": 410.777038574, "max": 202.153594971, "mean": 30.4056892395, "median": 21.006231308, "min": -1.18115019798, "var": 863.014770508}, "spectral_rms": {"dmean": 0.000479843671201, "dmean2": 0.000708512787241, "dvar": 4.62405893131e-07, "dvar2": 1.11929705326e-06, "max": 0.015140036121, "mean": 0.00428450992331, "median": 0.00302120554261, "min": 3.31484492633e-12, "var": 1.18937477964e-05}, "spectral_rolloff": {"dmean": 101.509689331, "dmean2": 174.324539185, "dvar": 157613.515625, "dvar2": 311102.875, "max": 19789.0136719, "mean": 795.972229004, "median": 775.1953125, "min": 64.599609375, "var": 1322343.25}, "spectral_skewness": {"dmean": 0.714584410191, "dmean2": 1.25715398788, "dvar": 0.470777451992, "dvar2": 1.40334832668, "max": 11.9898729324, "mean": 3.62441182137, "median": 3.13330149651, "min": 0.00756215536967, "var": 3.2522854805}, "spectral_spread": {"dmean": 239171.015625, "dmean2": 398105, "dvar": 259301031936, "dvar2": 372142505984, "max": 39984744, "mean": 1976014.625, "median": 1714299.125, "min": 526470.625, "var": 1508378542080.0}, "spectral_strongpeak": {"dmean": 0.300165325403, "dmean2": 0.474766522646, "dvar": 0.273226112127, "dvar2": 0.641680717468, "max": 7.59523916245, "mean": 0.96265655756, "median": 0.712952136993, "min": 0, "var": 0.785515964031}, "zerocrossingrate": {"dmean": 0.00291025987826, "dmean2": 0.00348074780777, "dvar": 2.94966430374e-05, "dvar2": 1.93096147996e-05, "max": 0.63232421875, "mean": 0.0300823878497, "median": 0.02880859375, "min": 0.00244140625, "var": 0.0010436642915}, "barkbands": {"dmean": [1.72295458469e-05, 0.00405191583559, 0.00169559416827, 0.000505098083522, 0.000414314185036, 0.000808144104667, 0.00088629295351, 0.000771393009927, 0.000695694296155, 0.000674073759001, 0.000451799453003, 0.000126230384922, 9.66478764894e-05, 6.28040506854e-05, 0.000140903954161, 7.96849126345e-05, 7.78770481702e-05, 2.66345432465e-05, 1.88165704458e-05, 8.46149578138e-06, 6.59549323245e-06, 3.61104457625e-06, 2.02650858228e-06, 1.84929047009e-06, 5.84122517466e-07, 1.35528978262e-07, 1.51627883582e-08], "dmean2": [2.45555329457e-05, 0.00600446341559, 0.00291492114775, 0.000852785422467, 0.0005715591833, 0.00114955031313, 0.0012356688967, 0.00108182465192, 0.000901594234165, 0.00095126911765, 0.000653089315165, 0.000197140368982, 0.0001451648277, 9.98063114821e-05, 0.00023841264192, 0.000134363333927, 0.00012830842752, 4.41673801106e-05, 3.02887656289e-05, 1.40676966112e-05, 1.03676284198e-05, 5.88180364502e-06, 3.2033547086e-06, 2.92100571642e-06, 9.04661078494e-07, 2.10783383636e-07, 2.50983838157e-08], "dvar": [4.54391413385e-09, 0.000127052757307, 2.66722945526e-05, 2.46685226557e-06, 5.61397484944e-07, 3.15010765917e-06, 4.35140782429e-06, 3.1966521874e-06, 2.53714279097e-06, 2.69364795713e-06, 2.04131833925e-06, 7.61797451787e-08, 4.63594638234e-08, 3.60753524831e-08, 1.06027172819e-07, 3.06616669832e-08, 2.95389206428e-08, 4.67292338158e-09, 2.13468065446e-09, 6.32301988546e-10, 1.03457287182e-09, 2.55021226359e-10, 1.16826034957e-10, 1.17188078685e-10, 9.33934526937e-12, 5.6885930428e-13, 5.76255572258e-15], "dvar2": [9.37320088212e-09, 0.000289454299491, 8.33858794067e-05, 6.91871400704e-06, 1.18454067888e-06, 6.18562717136e-06, 7.90322883404e-06, 6.58972248857e-06, 4.47697857453e-06, 5.72779026697e-06, 3.96627365262e-06, 1.8468477947e-07, 1.03607320057e-07, 8.25365304991e-08, 2.99729720155e-07, 8.79829613609e-08, 7.92586689613e-08, 1.28095400953e-08, 5.44181766315e-09, 1.63918412177e-09, 2.44847342401e-09, 6.74727718142e-10, 2.68270961001e-10, 2.74017863955e-10, 2.09512199256e-11, 1.17148250735e-12, 1.44487794938e-14], "max": [0.00250552385114, 0.192454397678, 0.0952331796288, 0.0443168878555, 0.0177052542567, 0.049521971494, 0.137128993869, 0.0554594323039, 0.0457162335515, 0.0413292050362, 0.0345406681299, 0.00571284256876, 0.00424451055005, 0.00491474941373, 0.00603632908314, 0.00277192797512, 0.00262942444533, 0.00182103517, 0.00115983572323, 0.000847933581099, 0.00116171897389, 0.000458965194412, 0.000489886500873, 0.000446298770839, 0.000154291832587, 3.98467818741e-05, 2.58796103481e-06], "mean": [4.99809830217e-05, 0.014087440446, 0.00253794458695, 0.000807431933936, 0.00131960271392, 0.00229489058256, 0.00268504698761, 0.00179184682202, 0.00197500083596, 0.00139385170769, 0.000848980620503, 0.000244669383392, 0.00018633469881, 0.000127245599288, 0.000215290740016, 0.000139599724207, 0.000149019208038, 5.55382030143e-05, 3.92328583985e-05, 1.96302698896e-05, 1.72630880115e-05, 8.20598506834e-06, 5.83228575124e-06, 5.14183466294e-06, 1.67460268585e-06, 3.91565436075e-07, 2.9840784066e-08], "median": [1.49118122295e-08, 2.33672926697e-05, 0.0002593655081, 0.000119529970107, 0.000537312764209, 0.000795656407718, 0.000473704596516, 0.000486190372612, 0.000449202692835, 0.00045861286344, 0.000213167309994, 6.87130377628e-05, 4.79054870084e-05, 1.89838883671e-05, 5.12624574185e-05, 3.52156712324e-05, 3.48685862264e-05, 1.04282516986e-05, 4.19103662352e-06, 1.66716995409e-06, 6.40481118808e-07, 5.07212234879e-07, 1.56774774496e-07, 8.17698548872e-08, 3.88642860116e-08, 1.39977069935e-08, 1.41256917274e-09], "min": [1.32125429491e-23, 3.48640989813e-23, 1.61036329698e-23, 2.679717581e-23, 2.11476443076e-23, 9.28249408621e-23, 2.38193016235e-23, 7.21994972302e-23, 2.88627544478e-23, 1.00858138652e-22, 1.79264207313e-23, 1.01669043486e-22, 8.56218708692e-23, 1.83099942491e-22, 1.3148333458e-22, 1.26540571961e-22, 2.02258849524e-22, 1.95129806238e-22, 3.87730537036e-22, 4.2203551034e-22, 3.49743413461e-22, 7.04056919027e-22, 6.90517743487e-22, 7.60571823045e-22, 1.07356673815e-21, 1.77366728623e-21, 2.77925375286e-21], "var": [2.88020256534e-08, 0.00108237622771, 4.04205493396e-05, 5.67332608625e-06, 3.93232448914e-06, 1.51777812789e-05, 5.18697634107e-05, 1.17237623272e-05, 1.50532823682e-05, 8.36962590256e-06, 4.82788118461e-06, 1.92848247593e-07, 1.27697816765e-07, 9.64389172964e-08, 1.65005189956e-07, 6.4276463263e-08, 7.10775935886e-08, 1.07801101379e-08, 6.95867052869e-09, 2.57032573003e-09, 4.7221462296e-09, 6.49936771069e-10, 6.37217945076e-10, 6.56735443805e-10, 5.41049809122e-11, 3.4563250699e-12, 2.06555828214e-14]}, "erbbands": {"dmean": [0.0769883543253, 1.05661857128, 2.0489897728, 1.84215056896, 0.691594719887, 1.50179469585, 5.6608247757, 6.36919927597, 11.1990032196, 12.6527175903, 18.1711063385, 18.8774223328, 12.3427867889, 22.9150276184, 16.5145435333, 6.10548114777, 4.7178311348, 3.18470740318, 6.58870410919, 5.85639762878, 3.88366937637, 2.90127539635, 1.63815844059, 1.07218074799, 0.780684709549, 0.412007242441, 0.28596124053, 0.238439142704, 0.148167818785, 0.0918481275439, 0.0525690168142, 0.0464719124138, 0.024503601715, 0.00903811212629, 0.00280657992698, 0.000899080769159, 0.000262420275249, 2.83874378511e-05, 4.95445647175e-06, 7.12601740815e-06], "dmean2": [0.106705494225, 1.59186792374, 3.51117420197, 3.14892601967, 1.09473371506, 2.13607215881, 7.36157369614, 9.38481521606, 15.4208669662, 17.5344142914, 25.6556434631, 24.0022697449, 16.5791893005, 33.3102378845, 23.9440765381, 9.47650623322, 7.07890844345, 4.9508523941, 11.0170440674, 9.9866104126, 6.50099468231, 4.73783969879, 2.70782876015, 1.70844125748, 1.30497217178, 0.682062804699, 0.454980075359, 0.383982241154, 0.237774804235, 0.147699356079, 0.0828547775745, 0.0746557340026, 0.0371085479856, 0.0144220767543, 0.00421647541225, 0.00136204110458, 0.000410555396229, 4.37147682533e-05, 7.62330773796e-06, 1.07957466753e-05], "dvar": [0.0524428747594, 8.45356941223, 37.2903213501, 28.7212848663, 3.61755299568, 8.25770378113, 167.044235229, 201.844772339, 711.620788574, 822.079467773, 2223.66967773, 1888.15014648, 644.853881836, 3832.19555664, 2353.63476562, 178.824569702, 110.343261719, 75.3130874634, 289.736358643, 265.639465332, 64.3505783081, 37.8599281311, 15.8254566193, 5.91102457047, 6.60602712631, 1.35198509693, 1.70397782326, 1.889062047, 0.463979333639, 0.193642765284, 0.0684408247471, 0.0748889744282, 0.0171259436756, 0.00204659579322, 0.000261248555034, 2.73821715382e-05, 2.2683991574e-06, 2.28887593323e-08, 2.34950836564e-10, 1.94607718829e-10], "dvar2": [0.102053076029, 19.9679737091, 116.110404968, 82.7523803711, 8.75164985657, 18.6828899384, 285.015533447, 412.343505859, 1257.07043457, 1456.61853027, 4581.63671875, 3179.17358398, 1248.02685547, 8335.52050781, 4689.45703125, 435.234832764, 248.854156494, 170.768127441, 798.796203613, 777.910522461, 180.15725708, 101.693557739, 42.7061767578, 14.1376113892, 18.4092445374, 3.4837744236, 4.08815717697, 4.90122699738, 1.17210257053, 0.436737447977, 0.158403068781, 0.189475551248, 0.0319945886731, 0.00487253535539, 0.000579404761083, 5.58917126909e-05, 4.92870958624e-06, 4.6585594049e-08, 5.48151024571e-10, 4.86432782942e-10], "max": [5.89810276031, 49.92162323, 120.603996277, 158.755264282, 54.5463600159, 78.8706665039, 460.070587158, 352.454101562, 2119.60498047, 1027.76708984, 1389.08679199, 1300.87207031, 602.746643066, 1560.59265137, 1017.13537598, 267.368865967, 197.85736084, 207.964477539, 361.432769775, 251.646194458, 113.642288208, 93.4586486816, 93.5729980469, 41.1812744141, 67.0736923218, 33.6094169617, 38.4588775635, 51.1348800659, 17.023015976, 16.8513336182, 9.54461860657, 9.48669719696, 6.98915624619, 2.21813249588, 0.734033405781, 0.27399367094, 0.0752309709787, 0.00744887487963, 0.000619981612545, 0.000257911335211], "mean": [0.314727038145, 3.42740535736, 3.9445669651, 3.05511569977, 1.67896139622, 4.44348526001, 17.9727668762, 16.6441268921, 34.7744216919, 37.3986816406, 41.8302078247, 56.0079193115, 32.8345870972, 45.0416603088, 33.6455383301, 12.7886714935, 9.57651805878, 7.26221847534, 10.4406967163, 10.451376915, 7.97110557556, 6.29553222656, 3.72545480728, 2.33297348022, 1.66126894951, 0.966325223446, 0.786621510983, 0.545915424824, 0.331994444132, 0.237338930368, 0.152657404542, 0.122827224433, 0.0717154666781, 0.025230769068, 0.00807342026383, 0.00260143866763, 0.000649867870379, 7.66093144193e-05, 2.01846160053e-05, 3.4713633795e-05], "median": [0.000291467295028, 0.0115197505802, 0.21925586462, 0.637792348862, 0.414477795362, 1.75029826164, 3.91852021217, 5.40917491913, 7.71078920364, 8.7452287674, 11.4856405258, 14.9884500504, 12.2510786057, 12.9360847473, 9.73132228851, 4.16989517212, 2.66446685791, 1.53854703903, 2.1827340126, 2.58195352554, 2.2351603508, 1.5831682682, 0.797006845474, 0.279072403908, 0.169776171446, 0.0913029313087, 0.0361262410879, 0.0218561813235, 0.020584333688, 0.00924146734178, 0.00397610664368, 0.00237000407651, 0.00106866378337, 0.000488954829052, 0.000236605614191, 9.87656312645e-05, 2.56660750892e-05, 2.53074949796e-06, 4.84088286612e-06, 1.06851985038e-05], "min": [1.64039407044e-21, 5.0236976773e-21, 2.11646276625e-20, 4.35295687109e-20, 1.43982185198e-19, 2.77103986553e-20, 3.48003362302e-19, 8.25384803443e-19, 3.35417240596e-19, 6.21782050481e-19, 1.60023776365e-18, 7.70999746119e-19, 2.92851508551e-18, 1.55089354498e-18, 2.5792618533e-18, 3.11529267462e-18, 3.99664513869e-18, 8.23113034609e-18, 6.5017322589e-18, 6.24711696736e-18, 8.89579726524e-18, 1.18918024305e-17, 1.08898790864e-17, 1.34361916475e-17, 2.36505958729e-17, 1.78655213162e-17, 1.32529364003e-17, 1.79925812213e-17, 2.40692650681e-17, 2.14382268784e-17, 2.08414723147e-17, 1.39268776684e-17, 1.28637131805e-17, 1.01526676003e-17, 9.5291595341e-18, 7.41008824086e-18, 3.23345873384e-18, 1.41964324622e-18, 4.26505671716e-19, 3.54313832723e-20], "var": [0.585614919662, 66.0679779053, 79.3675689697, 61.0121574402, 14.2332372665, 49.9691925049, 1285.57751465, 863.735107422, 10183.4082031, 7166.87548828, 6760.86132812, 11906.3710938, 2465.28686523, 11193.0683594, 5546.578125, 458.168151855, 304.668823242, 204.444366455, 451.561096191, 457.171813965, 176.352645874, 113.527069092, 41.766544342, 19.7643852234, 18.0480422974, 5.56313753128, 8.83467769623, 5.68746995926, 1.1048514843, 0.851079821587, 0.407514244318, 0.365247368813, 0.128142163157, 0.0111799351871, 0.00134578777943, 0.000162950876984, 1.01168670881e-05, 1.3870625537e-07, 1.70267444588e-09, 2.49398857122e-09]}, "gfcc": {"mean": [-157.688278198, 174.943069458, -136.28994751, -9.77580451965, -51.5561714172, -8.54753780365, -25.3361644745, -0.194957643747, -7.85059213638, -14.207408905, -9.23057842255, -6.51522541046, -1.32351946831], "cov": [[26657.2285156, -98.7364959717, -3447.62133789, 1582.55419922, -1265.99414062, 139.699798584, -965.792053223, 653.592407227, -88.5342178345, 166.124694824, 104.786705017, 347.6043396, 406.005218506], [-98.7364959717, 1161.73071289, -0.284399867058, -364.225067139, 149.398712158, -232.172851562, 42.7571411133, -198.374847412, 58.0156097412, -59.5811500549, 23.3062648773, -28.3860473633, -14.4217271805], [-3447.62133789, -0.284399867058, 2101.4140625, 645.485107422, 761.389160156, 427.791290283, 492.068908691, 303.099456787, 249.899795532, 229.583679199, 99.0732955933, -53.5123748779, -76.7480010986], [1582.55419922, -364.225067139, 645.485107422, 906.623046875, 315.860687256, 347.943115234, 213.226669312, 268.411407471, 132.200515747, 135.095108032, 73.0647277832, 31.2731361389, 37.1925354004], [-1265.99414062, 149.398712158, 761.389160156, 315.860687256, 527.395690918, 190.28263855, 259.461853027, 114.578277588, 136.232254028, 76.8967514038, 59.7337226868, 2.51647377014, -1.07208073139], [139.699798584, -232.172851562, 427.791290283, 347.943115234, 190.28263855, 360.164123535, 167.153396606, 126.511886597, 64.7636032104, 91.5835037231, 35.8319969177, 35.819065094, 45.7811355591], [-965.792053223, 42.7571411133, 492.068908691, 213.226669312, 259.461853027, 167.153396606, 374.508239746, 114.824485779, 134.221115112, 52.8438911438, 52.1319732666, -5.32786273956, 9.16981601715], [653.592407227, -198.374847412, 303.099456787, 268.411407471, 114.578277588, 126.511886597, 114.824485779, 280.453796387, 101.856834412, 89.4114685059, 35.1315002441, -4.82097482681, -5.3203420639], [-88.5342178345, 58.0156097412, 249.899795532, 132.200515747, 136.232254028, 64.7636032104, 134.221115112, 101.856834412, 180.061538696, 106.419425964, 72.9808349609, 6.75322628021, -8.24776554108], [166.124694824, -59.5811500549, 229.583679199, 135.095108032, 76.8967514038, 91.5835037231, 52.8438911438, 89.4114685059, 106.419425964, 187.743484497, 92.0498123169, 36.1736373901, -0.941037833691], [104.786705017, 23.3062648773, 99.0732955933, 73.0647277832, 59.7337226868, 35.8319969177, 52.1319732666, 35.1315002441, 72.9808349609, 92.0498123169, 134.216964722, 69.8800201416, 33.7197303772], [347.6043396, -28.3860473633, -53.5123748779, 31.2731361389, 2.51647377014, 35.819065094, -5.32786273956, -4.82097482681, 6.75322628021, 36.1736373901, 69.8800201416, 121.808113098, 72.0357284546], [406.005218506, -14.4217271805, -76.7480010986, 37.1925354004, -1.07208073139, 45.7811355591, 9.16981601715, -5.3203420639, -8.24776554108, -0.941037833691, 33.7197303772, 72.0357284546, 127.125305176]], "icov": [[0.000282755790977, -0.000795341096818, 0.000680968689267, -0.00112002319656, 0.000705162645318, -0.000520468456671, 0.000581956002861, -0.00120755040552, 0.000339380145306, -0.000369252025848, 0.000157675967785, -0.000277981540421, -1.86347697309e-05], [-0.000795341096818, 0.00381270307116, -0.00192209566012, 0.00363901909441, -0.00295530236326, 0.00237830285914, -0.00173310085665, 0.00438786344603, -0.00198181835003, 0.0013653394999, -0.000806509284303, 0.00127281807363, -0.000450967432698], [0.000680968689267, -0.00192209566012, 0.00298462156206, -0.00277945236303, 0.000285701389657, -0.00171310792211, 0.00088306167163, -0.00316869723611, 0.00135833700188, -0.00176557758823, 0.000260664499365, -6.15452809143e-05, 0.000685982988216], [-0.00112002319656, 0.00363901909441, -0.00277945236303, 0.00681782606989, -0.00363207608461, 0.000917003140785, -0.00204278179444, 0.00380374118686, -0.00169289892074, 0.00168403133284, -0.00110804906581, 0.0013491982827, -0.000305091962218], [0.000705162645318, -0.00295530236326, 0.000285701389657, -0.00363207608461, 0.00723540550098, -0.00195326190442, 0.000558845174965, -0.00293864286505, -0.000120480835903, 0.000121473232866, 0.000376380659873, -0.00157613668125, 3.5245273466e-05], [-0.000520468456671, 0.00237830285914, -0.00171310792211, 0.000917003140785, -0.00195326190442, 0.00755624147132, -0.00272973370738, 0.00253712013364, 0.000172892818227, -0.00153060490265, 0.00173712603282, -0.000542521709576, -0.00195852317847], [0.000581956002861, -0.00173310085665, 0.00088306167163, -0.00204278179444, 0.000558845174965, -0.00272973370738, 0.00690191565081, -0.00292973150499, -0.00243307789788, 0.00166192499455, -0.00100562279113, 0.000452690699603, -0.00069249124499], [-0.00120755040552, 0.00438786344603, -0.00316869723611, 0.00380374118686, -0.00293864286505, 0.00253712013364, -0.00292973150499, 0.0118028717116, -0.00405373284593, 0.000762258889154, -0.000166129510035, 0.00199366942979, -0.000247648655204], [0.000339380145306, -0.00198181835003, 0.00135833700188, -0.00169289892074, -0.000120480835903, 0.000172892818227, -0.00243307789788, -0.00405373284593, 0.0143987191841, -0.00590057019144, -0.00263684242964, 0.00126693607308, 0.000821192050353], [-0.000369252025848, 0.0013653394999, -0.00176557758823, 0.00168403133284, 0.000121473232866, -0.00153060490265, 0.00166192499455, 0.000762258889154, -0.00590057019144, 0.0134238954633, -0.00628967955709, -0.000447519123554, 0.00187829951756], [0.000157675967785, -0.000806509284303, 0.000260664499365, -0.00110804906581, 0.000376380659873, 0.00173712603282, -0.00100562279113, -0.000166129510035, -0.00263684242964, -0.00628967955709, 0.0181939229369, -0.00880230497569, -0.000726048077922], [-0.000277981540421, 0.00127281807363, -6.15452809143e-05, 0.0013491982827, -0.00157613668125, -0.000542521709576, 0.000452690699603, 0.00199366942979, 0.00126693607308, -0.000447519123554, -0.00880230497569, 0.0186635423452, -0.00732886511832], [-1.86347697309e-05, -0.000450967432698, 0.000685982988216, -0.000305091962218, 3.5245273466e-05, -0.00195852317847, -0.00069249124499, -0.000247648655204, 0.000821192050353, 0.00187829951756, -0.000726048077922, -0.00732886511832, 0.0135358851403]]}, "melbands": {"dmean": [0.000953825830948, 0.0011531857308, 0.000276848906651, 5.79205261602e-05, 0.000170406681718, 0.000145115089254, 0.000178532878635, 0.000135063048219, 0.000145641170093, 0.00011461435497, 6.20755163254e-05, 9.65975486906e-05, 6.3072759076e-05, 1.79262224265e-05, 1.18013094834e-05, 9.18821388041e-06, 6.3194042923e-06, 1.05727476694e-05, 7.58468740969e-06, 8.00082125352e-06, 5.0333001127e-06, 3.87539967051e-06, 2.68298549599e-06, 1.25608039525e-06, 9.63845081969e-07, 6.75103592584e-07, 4.07680744274e-07, 2.68151893579e-07, 2.23799730747e-07, 1.45014197983e-07, 1.75552813175e-07, 8.07860374152e-08, 9.15089515274e-08, 5.0055120937e-08, 3.35204468627e-08, 3.13280779096e-08, 3.30537197613e-08, 2.16428510669e-08, 1.23593784096e-08, 6.78406575361e-09], "dmean2": [0.00137881422415, 0.00188698084094, 0.000470688595669, 8.60464642756e-05, 0.000225425101235, 0.000212472805288, 0.000247749878326, 0.000188017875189, 0.000208104844205, 0.000144590667333, 8.37009283714e-05, 0.00014024975826, 9.0626104793e-05, 2.73040295724e-05, 1.82521671377e-05, 1.36796752486e-05, 9.94307265501e-06, 1.765473462e-05, 1.28099090944e-05, 1.36453054438e-05, 8.43567158881e-06, 6.37069297227e-06, 4.52427138953e-06, 2.08327810469e-06, 1.53496057465e-06, 1.12141913178e-06, 6.82126483298e-07, 4.420646178e-07, 3.58978525128e-07, 2.21240597398e-07, 2.9005440183e-07, 1.30518984065e-07, 1.52630249772e-07, 7.87194451846e-08, 5.32979385071e-08, 5.10925630692e-08, 5.48208838325e-08, 3.37258398986e-08, 1.9735619361e-08, 1.07660032e-08], "dvar": [7.26599910195e-06, 9.68486892816e-06, 6.01505348641e-07, 1.61727591319e-08, 1.32221003923e-07, 1.02772020227e-07, 1.79046153903e-07, 7.96496237854e-08, 1.37526527055e-07, 6.76989202475e-08, 1.63578395274e-08, 7.19466157761e-08, 4.38065868025e-08, 1.53187584839e-09, 5.87613402381e-10, 4.5612608135e-10, 3.55336454705e-10, 7.21541604243e-10, 2.94430979597e-10, 3.59953539197e-10, 1.19858692416e-10, 7.43392569724e-11, 4.72598904455e-11, 8.25065883669e-12, 5.11120659685e-12, 3.83293874071e-12, 1.89480484254e-12, 5.75803510774e-13, 1.00776277514e-12, 4.37882775829e-13, 1.11670265049e-12, 1.1124631896e-13, 2.24013326335e-13, 7.74085453397e-14, 2.73280458999e-14, 2.65095020588e-14, 4.66497330944e-14, 1.45286818058e-14, 4.02587263588e-15, 1.07995133764e-15], "dvar2": [1.56536807481e-05, 2.75034344668e-05, 1.72196303083e-06, 3.58738141415e-08, 2.30804843682e-07, 2.08147014291e-07, 3.221166196e-07, 1.46979829196e-07, 2.91013634524e-07, 1.1087030316e-07, 3.19717443631e-08, 1.55863588702e-07, 8.40860181484e-08, 3.5778831009e-09, 1.33488675669e-09, 9.56395629359e-10, 8.02257760224e-10, 1.97007010705e-09, 8.35279401201e-10, 1.05094644098e-09, 3.33465199898e-10, 2.0038092019e-10, 1.28129049037e-10, 2.23591475196e-11, 1.22851806852e-11, 1.04425374597e-11, 5.31312277161e-12, 1.45841672072e-12, 2.62132112891e-12, 9.58425396339e-13, 3.06500267874e-12, 2.82214274736e-13, 6.26851977444e-13, 1.6616458101e-13, 6.56907796388e-14, 6.49565918089e-14, 1.29201526864e-13, 2.99213982042e-14, 9.80801048966e-15, 2.62497606761e-15], "max": [0.055868729949, 0.056017357856, 0.0220467224717, 0.00338155589998, 0.012606870383, 0.00782407820225, 0.0321974493563, 0.00934093259275, 0.0104173040017, 0.00775986816734, 0.00300930766389, 0.00689018471166, 0.00500088743865, 0.000937718374189, 0.000531587516889, 0.000556611514185, 0.000471974053653, 0.000539472792298, 0.000231191675994, 0.000264629168669, 0.000141998025356, 0.000124339960166, 0.000136397691676, 4.12988920289e-05, 3.79412995244e-05, 4.85559176013e-05, 4.29302162956e-05, 2.38702323259e-05, 2.5440558602e-05, 2.19606736209e-05, 3.4484466596e-05, 7.10137692295e-06, 1.53218952619e-05, 1.33137327794e-05, 5.96822883381e-06, 5.4194151744e-06, 7.12146720616e-06, 5.38940685146e-06, 3.19719606523e-06, 1.3974815829e-06], "mean": [0.00356350047514, 0.00309239607304, 0.000486938137328, 0.000169156905031, 0.000538947700989, 0.000379275268642, 0.000550840282813, 0.000388204527553, 0.000330495036906, 0.000336331926519, 0.000154706780449, 0.00018522409664, 0.000119842508866, 4.06614599342e-05, 2.32171096286e-05, 1.84400523722e-05, 1.29012169054e-05, 1.62341166288e-05, 1.26024951896e-05, 1.36212602229e-05, 9.17964280234e-06, 7.52861888031e-06, 4.68358120997e-06, 2.46975469054e-06, 1.81968903235e-06, 1.29385398395e-06, 8.54652512317e-07, 5.75993738039e-07, 5.40675898719e-07, 3.35292128284e-07, 3.24479600522e-07, 1.66062378071e-07, 1.74712369017e-07, 1.20714943819e-07, 8.949353969e-08, 7.53375601903e-08, 7.67231256305e-08, 5.75841738737e-08, 3.13019619114e-08, 1.7118226836e-08], "median": [4.0181193981e-06, 8.36124600028e-05, 0.00010891945567, 4.23652527388e-05, 0.000153808068717, 0.000126078812173, 0.00011355051538, 0.000100293982541, 8.5506173491e-05, 8.04245428299e-05, 5.49296310055e-05, 4.76091372548e-05, 3.07559748762e-05, 1.35977343234e-05, 6.64977960696e-06, 4.3392601583e-06, 2.22442122322e-06, 3.07860113935e-06, 3.32909780809e-06, 3.26975441567e-06, 2.28708790928e-06, 1.73680280113e-06, 9.96305971057e-07, 3.95596998715e-07, 1.8162120341e-07, 1.24464648366e-07, 8.11762816966e-08, 5.24531955648e-08, 2.08949160196e-08, 1.56162762721e-08, 1.05414885709e-08, 1.1875416206e-08, 7.27137505763e-09, 3.73722652824e-09, 2.03063699189e-09, 1.93764559953e-09, 1.19370036078e-09, 7.55755569237e-10, 5.33815103232e-10, 3.37534611372e-10], "min": [1.16744314225e-23, 9.66589137243e-24, 1.24167148244e-23, 5.83796276251e-24, 9.97717273019e-24, 1.83670926325e-23, 4.76061857969e-24, 9.02501919531e-24, 1.13664790577e-23, 4.53246659526e-24, 1.54065796967e-23, 7.51552517569e-24, 5.65134706575e-24, 1.13769669635e-23, 6.54809613825e-24, 9.14331519893e-24, 1.74015079518e-23, 1.06788802826e-23, 1.18007067541e-23, 5.7528403321e-24, 1.07168923342e-23, 1.06177893164e-23, 1.32881331788e-23, 8.83544960889e-24, 1.03461797735e-23, 1.66223784347e-23, 1.57681288491e-23, 1.15683667072e-23, 9.09074629707e-24, 8.08195412691e-24, 1.0972678905e-23, 1.4724786149e-23, 1.22333685617e-23, 1.15375956098e-23, 1.35438203531e-23, 8.48355374743e-24, 8.62657344069e-24, 7.94721747316e-24, 1.00216613298e-23, 7.96069910603e-24], "var": [6.99382653693e-05, 4.61733579868e-05, 1.41828206779e-06, 9.79076872909e-08, 1.0134697277e-06, 4.39787072537e-07, 2.43259751187e-06, 6.43819362267e-07, 4.07819129578e-07, 4.53003167422e-07, 5.87579620515e-08, 2.13287847828e-07, 1.03954498343e-07, 4.43647385495e-09, 1.7263181995e-09, 1.4294793127e-09, 8.8949769772e-10, 1.12934506191e-09, 5.0877685398e-10, 6.60908994199e-10, 2.7691873794e-10, 1.87338811131e-10, 8.02738917005e-11, 2.12230562985e-11, 1.38986634701e-11, 9.67787395362e-12, 5.50787237e-12, 2.04853495278e-12, 4.44866409335e-12, 1.75351714485e-12, 2.49223818666e-12, 2.4548036672e-13, 3.90338342161e-13, 3.01759160194e-13, 1.42129851725e-13, 1.1360780616e-13, 1.61382693775e-13, 8.80029285121e-14, 2.00438607091e-14, 4.81328420453e-15]}, "mfcc": {"mean": [-778.477844238, 191.564315796, -17.3540077209, 0.500813901424, -5.47038698196, -11.4595403671, -10.1390714645, 4.57278728485, 3.14723825455, -3.17974019051, -5.6239991188, -2.63437604904, 2.17070674896], "cov": [[15864.8945312, 2071.50390625, -2024.72900391, 651.061340332, -244.595596313, -113.605270386, -406.047729492, 160.297119141, 47.5454521179, 228.366424561, 140.499893188, 161.302642822, -25.767999649], [2071.50390625, 1906.96740723, -644.737792969, -172.492599487, -59.9103126526, -248.635513306, -239.447937012, -112.256271362, -84.5873413086, -172.054229736, -84.8604202271, -66.7258071899, -17.0620975494], [-2024.72900391, -644.737792969, 1107.96801758, 404.911651611, 278.412109375, 360.22857666, 332.433776855, 161.863540649, 162.98197937, 195.333496094, 148.021102905, 168.230300903, 110.89302063], [651.061340332, -172.492599487, 404.911651611, 651.483642578, 288.849334717, 269.407714844, 226.506256104, 199.320495605, 164.182785034, 209.215255737, 181.887939453, 168.520141602, 79.4222793579], [-244.595596313, -59.9103126526, 278.412109375, 288.849334717, 323.842895508, 206.640167236, 139.722000122, 100.759216309, 87.903213501, 75.5482254028, 76.3025665283, 95.0099563599, 61.5069122314], [-113.605270386, -248.635513306, 360.22857666, 269.407714844, 206.640167236, 389.739349365, 198.9974823, 120.739952087, 123.768821716, 94.7441482544, 89.7001495361, 86.8544769287, 62.5169944763], [-406.047729492, -239.447937012, 332.433776855, 226.506256104, 139.722000122, 198.9974823, 240.505386353, 149.704772949, 115.551651001, 105.965866089, 49.2567634583, 72.6084289551, 53.5109672546], [160.297119141, -112.256271362, 161.863540649, 199.320495605, 100.759216309, 120.739952087, 149.704772949, 185.089294434, 122.88910675, 91.7358169556, 39.2139205933, 46.5773048401, 45.0167388916], [47.5454521179, -84.5873413086, 162.98197937, 164.182785034, 87.903213501, 123.768821716, 115.551651001, 122.88910675, 158.839431763, 113.169494629, 51.8443603516, 47.1663818359, 31.0590877533], [228.366424561, -172.054229736, 195.333496094, 209.215255737, 75.5482254028, 94.7441482544, 105.965866089, 91.7358169556, 113.169494629, 198.992492676, 122.212982178, 77.6114044189, 30.5690479279], [140.499893188, -84.8604202271, 148.021102905, 181.887939453, 76.3025665283, 89.7001495361, 49.2567634583, 39.2139205933, 51.8443603516, 122.212982178, 178.247436523, 107.302207947, 44.5073127747], [161.302642822, -66.7258071899, 168.230300903, 168.520141602, 95.0099563599, 86.8544769287, 72.6084289551, 46.5773048401, 47.1663818359, 77.6114044189, 107.302207947, 169.541412354, 94.1164703369], [-25.767999649, -17.0620975494, 110.89302063, 79.4222793579, 61.5069122314, 62.5169944763, 53.5109672546, 45.0167388916, 31.0590877533, 30.5690479279, 44.5073127747, 94.1164703369, 126.725593567]], "icov": [[0.000182956893696, -0.000138908042572, 0.000415523565607, -0.000417440664023, 0.000377071293769, -0.000471875595395, 0.00057053490309, -0.000485012016725, 0.00043786977767, -0.000679799355567, 0.000516736588906, -0.000541667104699, 0.00017513083003], [-0.000138908042572, 0.000844331516419, 7.18252413208e-05, 0.000127474821056, -0.000615715340246, 0.000697862589732, -0.000237810847466, 0.000680629455019, -0.000987695064396, 0.00117750931531, -0.000570650096051, 0.000533131533302, -0.000481600523926], [0.000415523565607, 7.18252413208e-05, 0.00298115937039, -0.00116348033771, 0.000329622067511, -0.00126874668058, -0.000899756967556, 0.000314052362228, 0.000566124625038, -0.00163047632668, 0.000850506941788, -0.0012689725263, -0.000152779946802], [-0.000417440664023, 0.000127474821056, -0.00116348033771, 0.00544675812125, -0.0028396428097, 0.000492020160891, -0.00138294021599, -0.00164918520022, 0.000113291454909, -0.000279801810393, -0.0023323984351, -0.00041505129775, 0.0010092217708], [0.000377071293769, -0.000615715340246, 0.000329622067511, -0.0028396428097, 0.00721656391397, -0.00268796179444, 0.00101843837183, -0.00102716032416, 0.000631141243502, -0.00032564549474, 0.00139074807521, -0.0018714920152, 6.86315906933e-05], [-0.000471875595395, 0.000697862589732, -0.00126874668058, 0.000492020160891, -0.00268796179444, 0.00750752491876, -0.00510652270168, 0.00318192830309, -0.00433083530515, 0.00451042596251, -0.00382248894311, 0.0027454693336, -0.00129628158174], [0.00057053490309, -0.000237810847466, -0.000899756967556, -0.00138294021599, 0.00101843837183, -0.00510652270168, 0.0179223455489, -0.00992023292929, 0.00297750043683, -0.00538459699601, 0.00592967029661, -0.00407341076061, 0.00123084755614], [-0.000485012016725, 0.000680629455019, 0.000314052362228, -0.00164918520022, -0.00102716032416, 0.00318192830309, -0.00992023292929, 0.0197513420135, -0.0105980914086, 0.00355419074185, -0.00167116883676, 0.0045240172185, -0.00417960062623], [0.00043786977767, -0.000987695064396, 0.000566124625038, 0.000113291454909, 0.000631141243502, -0.00433083530515, 0.00297750043683, -0.0105980914086, 0.0205088015646, -0.0105317737907, 0.00439447304234, -0.00251184799708, 0.00156345136929], [-0.000679799355567, 0.00117750931531, -0.00163047632668, -0.000279801810393, -0.00032564549474, 0.00451042596251, -0.00538459699601, 0.00355419074185, -0.0105317737907, 0.0192819796503, -0.0107106957585, 0.0031238887459, -6.18410849711e-05], [0.000516736588906, -0.000570650096051, 0.000850506941788, -0.0023323984351, 0.00139074807521, -0.00382248894311, 0.00592967029661, -0.00167116883676, 0.00439447304234, -0.0107106957585, 0.0173509940505, -0.00837705656886, 0.00168053107336], [-0.000541667104699, 0.000533131533302, -0.0012689725263, -0.00041505129775, -0.0018714920152, 0.0027454693336, -0.00407341076061, 0.0045240172185, -0.00251184799708, 0.0031238887459, -0.00837705656886, 0.0185434203595, -0.00996854435652], [0.00017513083003, -0.000481600523926, -0.000152779946802, 0.0010092217708, 6.86315906933e-05, -0.00129628158174, 0.00123084755614, -0.00417960062623, 0.00156345136929, -6.18410849711e-05, 0.00168053107336, -0.00996854435652, 0.0153791261837]]}, "spectral_contrast_coeffs": {"dmean": [0.0433110892773, 0.0366872549057, 0.031039038673, 0.0259580537677, 0.0177266411483, 0.0132676539943], "dmean2": [0.0711638554931, 0.0589581467211, 0.0487590022385, 0.0429109446704, 0.0290786363184, 0.021925734356], "dvar": [0.00121955422219, 0.000988103449345, 0.000815433217213, 0.000527987431269, 0.000236664229305, 0.000201906921575], "dvar2": [0.0032155259978, 0.002470535459, 0.00195657438599, 0.00138538551982, 0.000593124190345, 0.000523125519976], "max": [-0.32329133153, -0.377109229565, -0.40671736002, -0.535635590553, -0.582948982716, -0.644779980183], "mean": [-0.588135242462, -0.678550004959, -0.683009564877, -0.740660727024, -0.759861707687, -0.784381389618], "median": [-0.589007675648, -0.679570138454, -0.6819922328, -0.743070244789, -0.755501866341, -0.77866011858], "min": [-0.968329489231, -0.972317278385, -0.963590502739, -0.960340619087, -0.961661458015, -0.961595594883], "var": [0.00858947820961, 0.00718158297241, 0.00639636581764, 0.00427603069693, 0.00275073759258, 0.00220421073027]}, "spectral_contrast_valleys": {"dmean": [0.424181252718, 0.300311744213, 0.270254582167, 0.237138599157, 0.180551752448, 0.185134932399], "dmean2": [0.706901192665, 0.486128240824, 0.435774683952, 0.387649714947, 0.283690482378, 0.292167782784], "dvar": [0.149251818657, 0.109547778964, 0.114390432835, 0.111228175461, 0.0951985642314, 0.0889186412096], "dvar2": [0.340868502855