{"lowlevel": {"average_loudness": 0.950868070126, "barkbands_crest": {"dmean": 2.22619962692, "dmean2": 3.36833524704, "dvar": 7.68329668045, "dvar2": 18.5176525116, "max": 26.9522781372, "mean": 17.1934566498, "median": 17.1006507874, "min": 2.81813025475, "var": 22.7995815277}, "barkbands_flatness_db": {"dmean": 0.0621232837439, "dmean2": 0.0872816368937, "dvar": 0.0051075858064, "dvar2": 0.0111180767417, "max": 0.735926508904, "mean": 0.373873442411, "median": 0.388233929873, "min": 0.0162546858191, "var": 0.0126888044178}, "barkbands_kurtosis": {"dmean": 31.5424823761, "dmean2": 49.220664978, "dvar": 37699.9179688, "dvar2": 94400.390625, "max": 9155.84570312, "mean": 46.1567459106, "median": 14.9974861145, "min": -1.94423782825, "var": 40624.5390625}, "barkbands_skewness": {"dmean": 1.27176070213, "dmean2": 1.88950419426, "dvar": 4.71405172348, "dvar2": 11.8491029739, "max": 67.8957214355, "mean": 3.09641861916, "median": 2.64168691635, "min": -7.5560669899, "var": 11.2038526535}, "barkbands_spread": {"dmean": 2.43031835556, "dmean2": 3.93725204468, "dvar": 30.7148265839, "dvar2": 79.1175079346, "max": 131.515823364, "mean": 6.79374027252, "median": 2.38619279861, "min": 0.0210737902671, "var": 328.513122559}, "dissonance": {"dmean": 0.0629928708076, "dmean2": 0.101146824658, "dvar": 0.00352842919528, "dvar2": 0.00880824960768, "max": 0.500000119209, "mean": 0.347319424152, "median": 0.356183797121, "min": 0.0440488271415, "var": 0.00867490004748}, "dynamic_complexity": 4.43631982803, "erbbands_crest": {"dmean": 3.06449818611, "dmean2": 4.61920261383, "dvar": 12.9357919693, "dvar2": 29.1918888092, "max": 33.2734565735, "mean": 17.0470371246, "median": 16.6838779449, "min": 2.83602118492, "var": 40.9010009766}, "erbbands_flatness_db": {"dmean": 0.0483156107366, "dmean2": 0.0678909271955, "dvar": 0.00293670361862, "dvar2": 0.00630324054509, "max": 0.63620865345, "mean": 0.319059789181, "median": 0.32456317544, "min": 0.0640268176794, "var": 0.0108525361866}, "erbbands_kurtosis": {"dmean": 8.16623497009, "dmean2": 12.1898956299, "dvar": 378.156646729, "dvar2": 889.275695801, "max": 316.608398438, "mean": 12.708615303, "median": 4.24337720871, "min": -1.82899177074, "var": 674.746520996}, "erbbands_skewness": {"dmean": 0.838777601719, "dmean2": 1.21456623077, "dvar": 1.10494661331, "dvar2": 2.60902667046, "max": 13.9532957077, "mean": 1.63021802902, "median": 1.2682915926, "min": -4.48931837082, "var": 4.63435792923}, "erbbands_spread": {"dmean": 7.53661203384, "dmean2": 11.8987751007, "dvar": 169.942108154, "dvar2": 416.694091797, "max": 112.776847839, "mean": 15.6808834076, "median": 10.6902923584, "min": 0.350816845894, "var": 256.290252686}, "hfc": {"dmean": 4.47789764404, "dmean2": 6.93347930908, "dvar": 77.725944519, "dvar2": 212.550628662, "max": 100.607704163, "mean": 7.40657091141, "median": 4.45661449432, "min": 8.95734242334e-09, "var": 80.8908538818}, "melbands_crest": {"dmean": 2.69304347038, "dmean2": 4.04974985123, "dvar": 12.1644992828, "dvar2": 28.7956199646, "max": 34.8460083008, "mean": 23.4769306183, "median": 23.2042293549, "min": 5.88246154785, "var": 41.9767074585}, "melbands_flatness_db": {"dmean": 0.0717131495476, "dmean2": 0.0993454605341, "dvar": 0.00695629324764, "dvar2": 0.0151454051957, "max": 0.892626881599, "mean": 0.485747665167, "median": 0.506341099739, "min": 0.0378811471164, "var": 0.0196829028428}, "melbands_kurtosis": {"dmean": 24.2957496643, "dmean2": 37.8850669861, "dvar": 3031.75976562, "dvar2": 7841.32519531, "max": 874.361694336, "mean": 39.3331680298, "median": 19.5891590118, "min": -1.89831662178, "var": 4162.83886719}, "melbands_skewness": {"dmean": 1.21674454212, "dmean2": 1.80776524544, "dvar": 3.23876094818, "dvar2": 8.13184833527, "max": 21.9450893402, "mean": 3.34561610222, "median": 3.01879191399, "min": -7.88983345032, "var": 8.3475561142}, "melbands_spread": {"dmean": 2.61835956573, "dmean2": 4.13455486298, "dvar": 46.5647163391, "dvar2": 118.573493958, "max": 190.08241272, "mean": 8.62050914764, "median": 2.6364197731, "min": 0.143013045192, "var": 611.259094238}, "pitch_salience": {"dmean": 0.0866206660867, "dmean2": 0.134500175714, "dvar": 0.0140401879326, "dvar2": 0.0365082025528, "max": 0.856827557087, "mean": 0.32208403945, "median": 0.318244248629, "min": 0.019468870014, "var": 0.029290471226}, "silence_rate_20dB": {"dmean": 0, "dmean2": 0, "dvar": 0, "dvar2": 0, "max": 1, "mean": 1, "median": 1, "min": 1, "var": 0}, "silence_rate_30dB": {"dmean": 0.0207930374891, "dmean2": 0.0415961295366, "dvar": 0.020361283794, "dvar2": 0.053406663239, "max": 1, "mean": 0.985013306141, "median": 1, "min": 0, "var": 0.0147624872625}, "silence_rate_60dB": {"dmean": 0.018375242129, "dmean2": 0.0367593728006, "dvar": 0.0180380605161, "dvar2": 0.0402476266026, "max": 1, "mean": 0.134638622403, "median": 0, "min": 0, "var": 0.116510361433}, "spectral_centroid": {"dmean": 118.530319214, "dmean2": 188.261581421, "dvar": 80470.7109375, "dvar2": 195654.234375, "max": 4989.09765625, "mean": 520.045166016, "median": 295.722961426, "min": 87.8268814087, "var": 479745.59375}, "spectral_complexity": {"dmean": 1.52853000164, "dmean2": 2.44812583923, "dvar": 5.50247955322, "dvar2": 12.840215683, "max": 25, "mean": 4.98718881607, "median": 5, "min": 0, "var": 9.93031978607}, "spectral_decrease": {"dmean": 3.18473136751e-09, "dmean2": 4.41722836086e-09, "dvar": 3.2285037979e-17, "dvar2": 7.56247360398e-17, "max": -5.11671389485e-22, "mean": -7.62703322721e-09, "median": -5.26523535882e-09, "min": -6.46562909878e-08, "var": 6.14500698014e-17}, "spectral_energy": {"dmean": 0.0124033950269, "dmean2": 0.0172730516642, "dvar": 0.000486551376525, "dvar2": 0.00114344572648, "max": 0.248324066401, "mean": 0.0294579304755, "median": 0.0202934704721, "min": 8.14388270362e-13, "var": 0.000913850206416}, "spectral_energyband_high": {"dmean": 0.000140091389767, "dmean2": 0.000257941544987, "dvar": 5.46463411411e-07, "dvar2": 1.82481687716e-06, "max": 0.0213453434408, "mean": 0.000100021672552, "median": 1.1282018022e-06, "min": 5.79623480289e-13, "var": 3.92176957575e-07}, "spectral_energyband_low": {"dmean": 0.00471232831478, "dmean2": 0.00629548123106, "dvar": 0.000108018590254, "dvar2": 0.000234614140936, "max": 0.119771823287, "mean": 0.0144698331133, "median": 0.00635044043884, "min": 8.68909030014e-14, "var": 0.000381593126804}, "spectral_energyband_middle_high": {"dmean": 0.000614493619651, "dmean2": 0.00102244364098, "dvar": 2.94154665426e-06, "dvar2": 7.89149726188e-06, "max": 0.021677756682, "mean": 0.000831451150589, "median": 0.000245228875428, "min": 9.66543875101e-14, "var": 3.15860802402e-06}, "spectral_energyband_middle_low": {"dmean": 0.00935185234994, "dmean2": 0.0127778034657, "dvar": 0.000338420068147, "dvar2": 0.000787877303082, "max": 0.237113431096, "mean": 0.0180405862629, "median": 0.00885896291584, "min": 2.76437283031e-14, "var": 0.00056100677466}, "spectral_entropy": {"dmean": 0.660751998425, "dmean2": 0.947255849838, "dvar": 0.61990904808, "dvar2": 1.32192146778, "max": 9.38726139069, "mean": 5.32165288925, "median": 5.08914995193, "min": 2.70580172539, "var": 1.42774033546}, "spectral_flux": {"dmean": 0.0332010798156, "dmean2": 0.0515912137926, "dvar": 0.00301621155813, "dvar2": 0.00703323306516, "max": 0.418635457754, "mean": 0.0540992952883, "median": 0.0319301746786, "min": 6.59922625346e-06, "var": 0.00385310896672}, "spectral_kurtosis": {"dmean": 25.013168335, "dmean2": 38.0473213196, "dvar": 1079.20825195, "dvar2": 2612.76245117, "max": 655.141906738, "mean": 54.6117897034, "median": 40.4497146606, "min": -0.283841371536, "var": 3172.05737305}, "spectral_rms": {"dmean": 0.000985787948593, "dmean2": 0.0012612438295, "dvar": 2.14278816202e-06, "dvar2": 4.72885812997e-06, "max": 0.0155649408698, "mean": 0.00464716926217, "median": 0.0044495514594, "min": 2.81873226982e-08, "var": 7.1431163633e-06}, "spectral_rolloff": {"dmean": 130.214019775, "dmean2": 236.782974243, "dvar": 213607.375, "dvar2": 558513.3125, "max": 18626.2207031, "mean": 867.18963623, "median": 279.931640625, "min": 86.1328125, "var": 7245145}, "spectral_skewness": {"dmean": 1.6165497303, "dmean2": 2.37841272354, "dvar": 2.80133247375, "dvar2": 6.14083480835, "max": 21.4015464783, "mean": 5.26903009415, "median": 5.21318531036, "min": 0.047903239727, "var": 8.27768039703}, "spectral_spread": {"dmean": 886684.4375, "dmean2": 1337749.25, "dvar": 1299766050820.0, "dvar2": 2504508571650.0, "max": 34484012, "mean": 2719629, "median": 2094771.875, "min": 203099.40625, "var": 4805182881790.0}, "spectral_strongpeak": {"dmean": 0.247005984187, "dmean2": 0.334043800831, "dvar": 0.19195702672, "dvar2": 0.454978793859, "max": 15.9682731628, "mean": 0.927000701427, "median": 0.806069672108, "min": 0, "var": 0.834807872772}, "zerocrossingrate": {"dmean": 0.00363070634194, "dmean2": 0.00476094894111, "dvar": 4.5974717068e-05, "dvar2": 6.38193596387e-05, "max": 0.5556640625, "mean": 0.030274618417, "median": 0.01171875, "min": 0.00341796875, "var": 0.00606110831723}, "barkbands": {"dmean": [3.48644243786e-05, 0.0010344425682, 0.002628125716, 0.00332516850904, 0.00257359514944, 0.00281722308137, 0.000460730312625, 0.00046341138659, 0.000777967856266, 0.000339700607583, 0.000171721520019, 7.09489540895e-05, 2.99951334455e-05, 2.07202156162e-05, 2.74879912467e-05, 1.54612407641e-05, 3.22884770867e-05, 1.60064446391e-05, 2.31085159612e-05, 3.87484760722e-05, 5.11033031216e-05, 2.50940447586e-05, 1.38052555485e-05, 9.26075699681e-06, 6.23927599008e-06, 7.98854216555e-06, 1.85870226233e-06], "dmean2": [6.13720621914e-05, 0.00156564300414, 0.00354536948726, 0.00424608262256, 0.0034638424404, 0.00381628819741, 0.000567939307075, 0.00081926031271, 0.00140855833888, 0.000538123189472, 0.000290774158202, 0.000117196956126, 5.16604523e-05, 3.38091995218e-05, 4.91387909278e-05, 2.88964401989e-05, 6.16994075244e-05, 3.04842342302e-05, 4.30775762652e-05, 7.46963487472e-05, 9.32680122787e-05, 4.33765853813e-05, 2.60524120677e-05, 1.76180510607e-05, 1.17318822959e-05, 1.50880596266e-05, 3.4509409943e-06], "dvar": [7.54753859411e-09, 1.25679507619e-05, 4.60675400973e-05, 9.34987110668e-05, 3.59625555575e-05, 6.28476554994e-05, 1.51966139583e-06, 5.12010774401e-06, 8.55073267303e-06, 9.23118022911e-07, 6.45280408662e-07, 1.72970231915e-07, 9.35150890058e-09, 2.93955881858e-09, 8.10633249415e-09, 2.93968183129e-09, 1.50903041174e-08, 2.82266143792e-09, 1.01152064502e-08, 2.95509948955e-07, 1.59165296054e-07, 5.92610538419e-09, 1.49235435121e-09, 7.30957405715e-10, 4.0318604011e-10, 1.06683917256e-09, 1.34882147118e-10], "dvar2": [2.11400799088e-08, 2.66681217909e-05, 9.79934920906e-05, 0.000215351145016, 7.83972936915e-05, 0.000128656232846, 2.15069348997e-06, 1.48815515786e-05, 2.46102517849e-05, 2.22981248044e-06, 1.68855160609e-06, 3.75761032956e-07, 2.48995810637e-08, 7.32874383402e-09, 2.21713047921e-08, 8.37952818245e-09, 4.43823324758e-08, 8.10904587922e-09, 2.87444894553e-08, 1.01729654034e-06, 4.89937178827e-07, 1.27773809311e-08, 4.21608170598e-09, 2.12212181161e-09, 1.14771026016e-09, 3.02609759473e-09, 3.91288390578e-10], "max": [0.00090155005455, 0.0769810825586, 0.093884922564, 0.209348797798, 0.108700849116, 0.0843874514103, 0.0389073044062, 0.040922947228, 0.0350172296166, 0.0141239995137, 0.0213747490197, 0.0198845285922, 0.00254954164848, 0.00121451786254, 0.00170526991133, 0.000491635175422, 0.00174498953857, 0.000634686439298, 0.0019560654182, 0.020257268101, 0.0139238573611, 0.00485323695466, 0.000314543547574, 0.000419529649662, 0.000179430571734, 0.000443591736257, 0.000226990188821], "mean": [2.9426508263e-05, 0.00257084635086, 0.00791227445006, 0.00795539654791, 0.00445226905867, 0.00310724670999, 0.00119936536066, 0.000517087057233, 0.000717157730833, 0.000477966037579, 0.000186418488738, 8.12293219496e-05, 3.7714438804e-05, 2.74799658655e-05, 2.48965461651e-05, 1.00255683719e-05, 1.97969930014e-05, 9.74037811829e-06, 1.55941925186e-05, 2.20437850658e-05, 3.16551122523e-05, 2.90851276077e-05, 8.04285991762e-06, 5.44808744962e-06, 3.81197469324e-06, 4.77220783068e-06, 1.23780932881e-06], "median": [7.38091694075e-06, 0.000112815345346, 0.00155341660138, 0.00178444967605, 0.0005060370313, 0.000115136856039, 0.000115480426757, 3.79237317247e-05, 3.07115769829e-05, 3.67355496564e-05, 8.54119753058e-06, 3.81098311664e-06, 4.95907124787e-06, 2.50618199971e-06, 1.10819894417e-06, 3.21932645875e-07, 5.15268766321e-07, 1.30446025537e-07, 1.09873489862e-07, 1.17517849674e-07, 2.26767241429e-07, 1.88244158039e-07, 1.23959125631e-07, 8.48530632425e-08, 6.22776497039e-08, 5.41977556168e-08, 1.31161854711e-07], "min": [4.99942630155e-14, 4.63282163283e-14, 1.77067462475e-15, 6.38252137129e-16, 8.34131449621e-15, 2.02623346466e-15, 1.41977502685e-15, 9.35686803646e-16, 5.82272131986e-15, 3.22410110592e-15, 2.73981848866e-15, 9.1656833829e-15, 2.46292650987e-14, 1.74988028353e-14, 7.04878287629e-15, 6.9925144776e-15, 2.89729440729e-15, 9.43940631497e-15, 6.88106654108e-15, 1.13847657091e-14, 2.10500392887e-14, 2.12965919449e-14, 1.17595176489e-14, 3.87183706862e-14, 4.16048522944e-14, 7.16294021709e-14, 3.71628400796e-13], "var": [5.50207968075e-09, 6.08022346569e-05, 0.000184221964446, 0.000205689677387, 8.22173897177e-05, 8.80385341588e-05, 1.18083426059e-05, 3.74094383915e-06, 5.66329572393e-06, 1.29631814616e-06, 6.98662347531e-07, 2.00626118385e-07, 1.67962603825e-08, 6.37311226015e-09, 7.54997309116e-09, 1.71185321474e-09, 8.45293790519e-09, 1.60387159109e-09, 6.54726406424e-09, 1.6127594904e-07, 1.07153660167e-07, 5.66565212523e-08, 8.73790484412e-10, 4.55789184173e-10, 2.40025499476e-10, 6.17336182174e-10, 7.45523157097e-11]}, "erbbands": {"dmean": [0.0136531926692, 0.311469852924, 2.46929168701, 7.15479183197, 9.51323127747, 7.27309465408, 21.1136169434, 21.7563972473, 4.55302000046, 11.7408237457, 10.4910936356, 16.1980400085, 15.3363876343, 7.85990953445, 6.6736907959, 2.33423423767, 1.44879758358, 1.11505460739, 1.48408484459, 1.07144749165, 0.778448939323, 1.77109491825, 1.14387154579, 1.23642098904, 0.950826525688, 1.87375974655, 2.55352807045, 1.33548307419, 0.814933121204, 0.6868750453, 0.349661320448, 0.242943033576, 0.134056210518, 0.0650232955813, 0.0467135980725, 0.0384149551392, 0.0127243865281, 0.00323026371188, 0.000340347498422, 2.25332569244e-05], "dmean2": [0.0227569546551, 0.460448682308, 3.33952212334, 9.20959281921, 12.2947454453, 10.0166664124, 27.4847450256, 31.5458984375, 7.17035055161, 14.9744615555, 19.0309734344, 29.5368614197, 26.3367176056, 12.3836612701, 11.4209470749, 3.82365059853, 2.36088371277, 1.82466804981, 2.59621977806, 1.95748960972, 1.44835472107, 3.38387680054, 2.19060087204, 2.31203055382, 1.77622687817, 3.61082220078, 4.79282140732, 2.38517522812, 1.34939992428, 1.29539692402, 0.660365283489, 0.463362157345, 0.254298001528, 0.122325576842, 0.0877025425434, 0.0726561099291, 0.0238388776779, 0.00603283196688, 0.000631102127954, 3.52193019353e-05], "dvar": [0.00256975740194, 1.00625157356, 40.9456291199, 323.791107178, 763.690063477, 368.615722656, 3374.83398438, 3973.09814453, 174.810409546, 1230.42321777, 2692.88842773, 3993.20458984, 2506.80078125, 611.490905762, 972.05456543, 179.544586182, 19.2457389832, 8.15225315094, 20.4550151825, 10.280834198, 4.61097574234, 47.1037254333, 17.911031723, 34.8684654236, 10.1244764328, 809.99987793, 457.001312256, 66.2535552979, 7.88827323914, 4.23754405975, 0.950719833374, 0.515696227551, 0.153681904078, 0.0405214875937, 0.0254356916994, 0.0212520230561, 0.00308815133758, 0.000356501317583, 4.63029527964e-06, 4.46513981345e-09], "dvar2": [0.0068701216951, 2.02954554558, 85.4555511475, 743.955078125, 1699.69445801, 812.021118164, 6328.82763672, 9187.27734375, 465.471191406, 2022.31311035, 7896.88476562, 11510.7851562, 7008.6953125, 1402.02282715, 2585.01586914, 364.996582031, 48.5443572998, 20.3709545135, 54.5283889771, 28.9051685333, 12.7671222687, 138.539047241, 52.0745429993, 99.7446136475, 28.8027038574, 2683.17016602, 1588.61022949, 178.955123901, 13.9577589035, 12.0881938934, 2.69166183472, 1.47646951675, 0.444595187902, 0.114735260606, 0.0723181217909, 0.0605143047869, 0.00878587737679, 0.00103165779728, 1.3461243725e-05, 1.23493641979e-08], "max": [1.04785609245, 21.1059150696, 99.1757965088, 321.981872559, 498.573242188, 342.568939209, 634.794006348, 570.636474609, 438.101074219, 1021.25524902, 901.005187988, 915.185668945, 621.511901855, 437.018005371, 643.535522461, 638.388793945, 114.137435913, 63.2889518738, 102.474342346, 30.6998100281, 28.659538269, 101.844238281, 56.1916656494, 113.529922485, 46.7507858276, 1238.10961914, 670.980834961, 193.087814331, 230.627944946, 15.0470838547, 6.80036878586, 12.5413427353, 6.41651964188, 2.68057370186, 1.39409184456, 1.81952595711, 0.767197608948, 0.344317406416, 0.0379077941179, 0.00102250149939], "mean": [0.0247958246619, 0.865274429321, 7.59888553619, 19.2439517975, 21.432762146, 11.4179077148, 24.4120178223, 22.7848129272, 8.45547199249, 27.1439609528, 10.4278860092, 14.9518060684, 15.8522911072, 12.3094978333, 7.12560033798, 2.92824077606, 2.14284896851, 1.49027359486, 1.52011084557, 0.825703263283, 0.507473289967, 1.09599339962, 0.681427717209, 0.75537520647, 0.689101457596, 1.0820287466, 1.55855286121, 1.01245653629, 1.14110791683, 0.423090457916, 0.203831344843, 0.140135511756, 0.0800688415766, 0.0387783497572, 0.0297215934843, 0.0225249156356, 0.00768679892644, 0.0020959964022, 0.000225963129196, 3.85137172998e-05], "median": [0.00327426730655, 0.0676914379001, 1.59623682499, 8.11036682129, 4.40722370148, 1.27415347099, 1.06015169621, 1.08052134514, 1.4869941473, 2.18462157249, 0.827572345734, 0.845147967339, 1.59255218506, 1.72207665443, 0.717530786991, 0.314943283796, 0.323714762926, 0.164955899119, 0.107411108911, 0.0514413192868, 0.0225464440882, 0.0331107340753, 0.0125469174236, 0.0070427195169, 0.00621076114476, 0.00636233389378, 0.00690321670845, 0.00899369549006, 0.00664448365569, 0.0054989438504, 0.00333536579274, 0.00218689371832, 0.00131457939278, 0.000744499324355, 0.000425786944106, 0.000236661289819, 0.000133314606501, 0.000205827702302, 1.99860241992e-05, 2.35431307374e-05], "min": [2.11464613181e-12, 6.06835501987e-12, 4.47038239759e-12, 3.98075322705e-12, 2.85114865745e-11, 2.08225086479e-11, 2.20298067982e-11, 1.42967859773e-11, 1.71100997953e-11, 2.10600686196e-11, 3.59385229909e-11, 1.28294194712e-10, 1.4292057815e-10, 5.98063334967e-11, 1.75214481812e-10, 4.65580018982e-10, 1.16466725153e-09, 9.57990908823e-10, 6.0532995283e-10, 2.69326450031e-10, 3.60706908786e-10, 2.26663438019e-10, 5.13432518723e-10, 4.23737461785e-10, 3.20544618626e-10, 6.48810838388e-10, 2.21065304951e-10, 1.42261391556e-09, 6.91714741041e-10, 4.65496113877e-10, 3.57077090118e-10, 5.19559895107e-10, 8.18208167885e-10, 4.21653323368e-10, 3.05921010746e-10, 2.16568221689e-10, 1.52594256675e-10, 1.08579749358e-10, 6.85160816971e-11, 5.00418456673e-12], "var": [0.0058357771486, 5.0819735527, 167.93862915, 803.04510498, 1680.83178711, 869.695007324, 5202.02441406, 4708.37011719, 305.443908691, 7709.39355469, 1707.32922363, 2683.15087891, 1866.69506836, 1035.18310547, 915.849914551, 231.77180481, 46.0324783325, 16.1905059814, 23.7236061096, 6.85282611847, 2.9312787056, 26.2943115234, 9.93149185181, 20.1343994141, 9.05996990204, 441.766906738, 295.672149658, 52.4599304199, 119.263793945, 2.54609489441, 0.549109637737, 0.302091479301, 0.101990781724, 0.0244072936475, 0.0162118654698, 0.0121405534446, 0.00178256328218, 0.00019793586398, 2.54427914115e-06, 3.57399221329e-09]}, "gfcc": {"mean": [-212.492050171, 149.430969238, -56.992023468, -4.70703077316, -47.0520706177, 3.54691362381, -18.1240711212, -9.56474208832, -18.1732788086, -11.4319400787, -21.4279289246, -9.69109535217, -14.2806100845], "cov": [[30274.390625, 5154.13769531, 1623.23217773, 2133.25292969, -1904.6673584, -1648.65881348, -775.705383301, 36.7391433716, -415.682220459, -435.000640869, -1091.45397949, -366.41519165, -113.087615967], [5154.13769531, 4889.31298828, 1380.75793457, -592.987365723, 284.709320068, -931.78302002, 237.562164307, 121.991706848, 399.204559326, -344.988006592, -79.5054321289, -570.197387695, -255.966934204], [1623.23217773, 1380.75793457, 3640.19116211, 1243.8416748, -136.778213501, -625.886657715, -115.772354126, -134.285293579, -93.3691711426, -177.83531189, -362.168670654, -202.793869019, -141.178497314], [2133.25292969, -592.987365723, 1243.8416748, 1925.79980469, -254.943969727, -441.370025635, -222.739151001, -35.7679138184, -132.725448608, -77.3752059937, -205.923080444, -40.6781768799, -15.3277540207], [-1904.6673584, 284.709320068, -136.778213501, -254.943969727, 551.023254395, 115.724830627, 119.606834412, 88.4546585083, 127.219306946, -34.4353599548, 80.6848297119, -97.4429931641, -98.5543441772], [-1648.65881348, -931.78302002, -625.886657715, -441.370025635, 115.724830627, 742.482971191, 133.53944397, -60.3010101318, -62.3920326233, 100.8465271, 36.8235626221, 138.526062012, 59.2480773926], [-775.705383301, 237.562164307, -115.772354126, -222.739151001, 119.606834412, 133.53944397, 346.807281494, 117.805480957, 80.5303421021, 18.9325065613, 56.2991371155, -63.1249694824, -46.4393997192], [36.7391433716, 121.991706848, -134.285293579, -35.7679138184, 88.4546585083, -60.3010101318, 117.805480957, 331.539337158, 182.193878174, 67.9981613159, 49.4689483643, -38.9810066223, -66.6411437988], [-415.682220459, 399.204559326, -93.3691711426, -132.725448608, 127.219306946, -62.3920326233, 80.5303421021, 182.193878174, 331.672210693, 116.072181702, 104.405387878, -27.0350875854, -22.8592834473], [-435.000640869, -344.988006592, -177.83531189, -77.3752059937, -34.4353599548, 100.8465271, 18.9325065613, 67.9981613159, 116.072181702, 252.307754517, 136.595214844, 100.743301392, 40.1504211426], [-1091.45397949, -79.5054321289, -362.168670654, -205.923080444, 80.6848297119, 36.8235626221, 56.2991371155, 49.4689483643, 104.405387878, 136.595214844, 291.661102295, 126.739776611, 46.2421226501], [-366.41519165, -570.197387695, -202.793869019, -40.6781768799, -97.4429931641, 138.526062012, -63.1249694824, -38.9810066223, -27.0350875854, 100.743301392, 126.739776611, 292.180786133, 157.138305664], [-113.087615967, -255.966934204, -141.178497314, -15.3277540207, -98.5543441772, 59.2480773926, -46.4393997192, -66.6411437988, -22.8592834473, 40.1504211426, 46.2421226501, 157.138305664, 239.791870117]], "icov": [[0.000224957373575, -0.000689817359671, 0.000342724844813, -0.000535700179171, 0.000593206146732, -0.000384714192478, 0.000490741920657, -0.000540185312275, 0.00081984436838, -0.000770405342337, 0.00090798799647, -0.000710303836968, 0.000318581995089], [-0.000689817359671, 0.00277920789085, -0.00132051762193, 0.00211176718585, -0.00175265735015, 0.00185381702613, -0.0018348392332, 0.00194971752353, -0.00333720888011, 0.0031892482657, -0.00306301633827, 0.0028655200731, -0.0011322631035], [0.000342724844813, -0.00132051762193, 0.00108780723531, -0.00120818894356, 0.000712272594683, -0.000447966216598, 0.000567866838537, -0.00053426931845, 0.0014931083424, -0.00174677337054, 0.00214819447137, -0.00168247614056, 0.000803281960543], [-0.000535700179171, 0.00211176718585, -0.00120818894356, 0.00240011443384, -0.00128060602583, 0.00168087333441, -0.00114949955605, 0.00123124255333, -0.00219709938392, 0.00221591396257, -0.00208268291317, 0.00206127972342, -0.000908042304218], [0.000593206146732, -0.00175265735015, 0.000712272594683, -0.00128060602583, 0.00462423544377, -0.00215000147, 0.00160394364502, -0.00180417834781, 0.000911921670195, -7.37058362574e-05, 0.000415059592342, -0.000470394123113, 0.00131487031467], [-0.000384714192478, 0.00185381702613, -0.000447966216598, 0.00168087333441, -0.00215000147, 0.00437023257837, -0.00276132160798, 0.00224538939074, -0.00130740355235, 0.00013162905816, 0.000440352130681, -0.000208598779864, -0.000327966234181], [0.000490741920657, -0.0018348392332, 0.000567866838537, -0.00114949955605, 0.00160394364502, -0.00276132160798, 0.00593151012436, -0.00314479344524, 0.00207152357325, -0.00107470084913, 8.9855704573e-05, 0.000345561100403, 0.000283575005597], [-0.000540185312275, 0.00194971752353, -0.00053426931845, 0.00123124255333, -0.00180417834781, 0.00224538939074, -0.00314479344524, 0.00694674160331, -0.00463619222865, 0.00122044770978, -0.000968724838458, 0.00070680474164, 0.000693184207194], [0.00081984436838, -0.00333720888011, 0.0014931083424, -0.00219709938392, 0.000911921670195, -0.00130740355235, 0.00207152357325, -0.00463619222865, 0.0101724434644, -0.00652393652126, 0.00314981467091, -0.00238813203759, 0.000393165595597], [-0.000770405342337, 0.0031892482657, -0.00174677337054, 0.00221591396257, -7.37058362574e-05, 0.00013162905816, -0.00107470084913, 0.00122044770978, -0.00652393652126, 0.0118570877239, -0.00702197570354, 0.00313506810926, -0.00108506635297], [0.00090798799647, -0.00306301633827, 0.00214819447137, -0.00208268291317, 0.000415059592342, 0.000440352130681, 8.9855704573e-05, -0.000968724838458, 0.00314981467091, -0.00702197570354, 0.0122880702838, -0.00761815346777, 0.00219879928045], [-0.000710303836968, 0.0028655200731, -0.00168247614056, 0.00206127972342, -0.000470394123113, -0.000208598779864, 0.000345561100403, 0.00070680474164, -0.00238813203759, 0.00313506810926, -0.00761815346777, 0.0122040696442, -0.00529436534271], [0.000318581995089, -0.0011322631035, 0.000803281960543, -0.000908042304218, 0.00131487031467, -0.000327966234181, 0.000283575005597, 0.000693184207194, 0.000393165595597, -0.00108506635297, 0.00219879928045, -0.00529436534271, 0.00766038754955]]}, "melbands": {"dmean": [0.000198893161723, 0.00097728217952, 0.00136904697865, 0.000539483386092, 0.000689927022904, 0.000492340128403, 6.96557035553e-05, 0.000123984587844, 8.70043586474e-05, 0.000108738102426, 7.59589893278e-05, 3.28522874042e-05, 2.54862407019e-05, 8.90616320248e-06, 4.89526746605e-06, 2.71017370324e-06, 1.96102155314e-06, 2.27424720833e-06, 1.89698994291e-06, 1.28518126985e-06, 8.00075952156e-07, 1.76402022589e-06, 1.80530264515e-06, 5.9198072222e-07, 1.0824421679e-06, 7.26390169348e-07, 7.12738142283e-07, 1.40849203945e-06, 1.70593193616e-06, 1.24630730625e-06, 6.83671203205e-07, 5.14779799232e-07, 3.95868397618e-07, 3.55075968628e-07, 1.89463435163e-07, 1.89893683e-07, 1.30013347643e-07, 1.00079248e-07, 7.54218092425e-08, 4.47990515795e-08], "dmean2": [0.000310240924591, 0.00133683218155, 0.00173788622487, 0.000721629709005, 0.000909030961338, 0.000695285794791, 0.000105338120193, 0.000168387865415, 0.000160324940225, 0.000197284462047, 0.000129658117658, 5.09828460054e-05, 4.290371362e-05, 1.51287467816e-05, 7.49461196392e-06, 4.54838254882e-06, 3.22180994772e-06, 3.94672815673e-06, 3.43614510712e-06, 2.38873553826e-06, 1.4815823306e-06, 3.36275957125e-06, 3.47563218384e-06, 1.11830456717e-06, 2.02511228053e-06, 1.34760148285e-06, 1.34674132823e-06, 2.73153546004e-06, 3.23883364217e-06, 2.24974678531e-06, 1.21305549783e-06, 8.14585348508e-07, 7.39379345305e-07, 6.73697797993e-07, 3.56285312364e-07, 3.62853000979e-07, 2.47599643899e-07, 1.89218113178e-07, 1.42838345596e-07, 8.39916864948e-08], "dvar": [5.00976909734e-07, 6.31492775938e-06, 1.23071540656e-05, 2.11749147638e-06, 3.53005316356e-06, 1.97909889721e-06, 3.56188216699e-08, 1.53773001443e-07, 1.84565379868e-07, 1.77373635779e-07, 6.09044121802e-08, 1.07041895347e-08, 1.44708041105e-08, 3.36241523513e-09, 4.38612840492e-10, 5.98447125189e-11, 2.58112073381e-11, 4.57831828005e-11, 4.016122504e-11, 2.3701447055e-11, 4.62230947962e-12, 4.58469651132e-11, 5.34201329006e-11, 3.75306600034e-12, 3.05546039858e-11, 6.67095155157e-12, 7.04634310969e-12, 7.09062863979e-10, 2.63267324607e-10, 1.4937287518e-10, 1.52118283248e-11, 4.49901053912e-12, 1.15129379554e-12, 1.27825809833e-12, 3.10986073048e-13, 3.07766019701e-13, 1.83630305514e-13, 9.88363511585e-14, 5.45953968069e-14, 2.26275280387e-14], "dvar2": [1.15373575227e-06, 1.28557730932e-05, 2.84441575786e-05, 4.63554715679e-06, 6.86231169311e-06, 4.39096947957e-06, 8.78316654962e-08, 3.20670181964e-07, 5.42483178378e-07, 5.10104712248e-07, 1.6956838067e-07, 2.33263168781e-08, 3.78664992695e-08, 7.52027418116e-09, 9.35204469421e-10, 1.59831356483e-10, 6.50603876329e-11, 1.20992216246e-10, 1.12995293677e-10, 6.79735989717e-11, 1.25038278342e-11, 1.3440003277e-10, 1.57227730835e-10, 1.07297087881e-11, 8.75544775569e-11, 1.8718812958e-11, 2.0382936658e-11, 2.35795294401e-09, 9.44256339785e-10, 3.86498971716e-10, 4.10167351472e-11, 6.0108454672e-12, 3.21849144558e-12, 3.65174210315e-12, 8.78879109246e-13, 8.80898002112e-13, 5.30534871677e-13, 2.87058571358e-13, 1.51779549215e-13, 6.31238022465e-14], "max": [0.0148216020316, 0.0372733846307, 0.0698437094688, 0.0324862189591, 0.0188723560423, 0.0131933223456, 0.00596089474857, 0.0093781426549, 0.00737170269713, 0.00515559781343, 0.00307654752396, 0.0019157549832, 0.00313907093368, 0.00284308823757, 0.000784940144513, 0.000155769026605, 0.000107687767013, 0.000147928396473, 9.37591175898e-05, 4.83357835037e-05, 3.78673903469e-05, 0.000105703802546, 8.74882389326e-05, 2.49001823249e-05, 0.00010804116755, 4.4567965233e-05, 4.52247804787e-05, 0.0011458566878, 0.000548761920072, 0.00056954275351, 6.9386245741e-05, 0.000208328128792, 7.38247172194e-06, 9.04958596948e-06, 5.32234389539e-06, 4.84115116706e-06, 1.2025740034e-05, 6.42163513476e-06, 5.55562110094e-06, 2.5716460641e-06], "mean": [0.00045322952792, 0.00300732487813, 0.00358618469909, 0.00109186838381, 0.000803936854936, 0.000530536810402, 0.000145454774611, 0.000260667817201, 7.88153556641e-05, 9.74876820692e-05, 8.04158553365e-05, 5.38763488294e-05, 2.82043383777e-05, 7.95715186541e-06, 7.91694128566e-06, 3.4971394598e-06, 2.48161995842e-06, 2.36490518546e-06, 1.55540351443e-06, 8.69213977239e-07, 5.13071483965e-07, 1.1098717323e-06, 1.03844467958e-06, 3.81798770377e-07, 6.46934097404e-07, 5.36129675766e-07, 4.4423336476e-07, 8.00339591933e-07, 1.03669913187e-06, 7.90200033407e-07, 5.47859656308e-07, 8.89467742127e-07, 2.37635219946e-07, 2.06791042956e-07, 1.11192711927e-07, 1.07226149737e-07, 7.58201395001e-08, 6.00824918706e-08, 4.35589733172e-08, 2.68734137165e-08], "median": [2.77339004242e-05, 0.000477109279018, 0.00158885784913, 0.000191767408978, 3.23602253047e-05, 2.31610702031e-05, 1.90128830582e-05, 1.93938776647e-05, 5.1606548368e-06, 4.00548606194e-06, 5.97752250542e-06, 5.99057011641e-06, 1.70860948856e-06, 3.44182410572e-07, 7.33678746201e-07, 4.15149997934e-07, 1.9220773595e-07, 1.16699347075e-07, 7.08836438434e-08, 3.41403563198e-08, 1.194586563e-08, 3.06173362219e-08, 1.50110217589e-08, 5.40537392624e-09, 4.71146632819e-09, 3.95253829666e-09, 4.01598088118e-09, 3.38431216385e-09, 3.69272434853e-09, 4.90028329025e-09, 4.81423745313e-09, 3.55106455352e-09, 3.57069840362e-09, 2.62826005404e-09, 1.80386972026e-09, 1.53212642573e-09, 1.11405329406e-09, 9.55334589214e-10, 6.61541266211e-10, 5.83359416328e-10], "min": [1.82743258731e-14, 1.6122744873e-15, 5.36709350957e-16, 2.02286206178e-15, 8.34912541054e-16, 3.31741539053e-16, 2.71718243312e-16, 2.09501780747e-16, 3.62797181501e-16, 8.61794772761e-16, 7.10462807614e-16, 2.27633354781e-16, 4.72808920718e-16, 8.16519167665e-16, 2.015605107e-15, 2.46618004813e-15, 1.72607664601e-15, 1.06655477043e-15, 4.2982255451e-16, 4.26878347395e-16, 3.85020043784e-16, 1.74014541328e-16, 4.5852275715e-16, 3.94320809652e-16, 3.45445446879e-16, 2.21274519627e-16, 3.26322328136e-16, 4.38842131909e-16, 5.8169173707e-17, 2.96387283807e-16, 1.09129649694e-15, 4.01808977953e-16, 3.46492088434e-16, 2.32699379429e-16, 2.1746759622e-16, 2.33333701227e-16, 2.8230403757e-16, 6.4362290835e-16, 3.22155190733e-16, 4.10326211875e-16], "var": [2.07617608794e-06, 2.70451637334e-05, 2.70469263342e-05, 5.23479229741e-06, 5.30081388206e-06, 2.50686321124e-06, 1.07455726095e-07, 6.70560780236e-07, 1.12102277683e-07, 1.15753344687e-07, 4.71777070743e-08, 1.9789352379e-08, 1.55418931058e-08, 3.51288731437e-09, 8.18448919748e-10, 1.0617254298e-10, 4.91591940766e-11, 5.76541349384e-11, 2.90930161906e-11, 1.37827171551e-11, 3.12395747291e-12, 2.59058451774e-11, 2.90656769486e-11, 2.2621615952e-12, 1.75473992975e-11, 5.93904873197e-12, 4.08022313853e-12, 3.85825177363e-10, 1.67859018352e-10, 1.12566365951e-10, 1.47815770041e-11, 9.63687740718e-11, 7.01256327312e-13, 7.27808438516e-13, 1.81923595112e-13, 1.7147355313e-13, 1.15514260483e-13, 6.79636400869e-14, 3.50311278466e-14, 1.39009660174e-14]}, "mfcc": {"mean": [-861.010742188, 182.953552246, 49.1140708923, 12.9765872955, -4.42515277863, 9.61301898956, 0.788449525833, 3.75667262077, 3.51062250137, -1.19199621677, -2.83789277077, -4.3723025322, -7.89433956146], "cov": [[12599.2480469, 1225.81359863, -202.740264893, 869.234741211, -454.32232666, -134.736724854, -463.750427246, 43.0409698486, 113.443977356, 162.566680908, -310.263946533, -384.405731201, -354.17590332], [1225.81359863, 3518.51269531, 1240.31164551, -109.867080688, 67.1901245117, -83.9296646118, -3.85640192032, 64.0510787964, 205.639282227, 210.052474976, 88.0345993042, -83.3934783936, -110.789146423], [-202.740264893, 1240.31164551, 1829.58984375, 991.779907227, 239.031158447, -45.0827178955, -86.7659988403, -31.2540111542, 106.49433136, 30.3966464996, -126.324012756, -122.790306091, -113.325180054], [869.234741211, -109.867080688, 991.779907227, 1552.78161621, 293.901519775, -71.5612564087, -204.624237061, -33.796585083, 35.4242172241, -12.0525369644, -158.246749878, -122.559310913, -133.21043396], [-454.32232666, 67.1901245117, 239.031158447, 293.901519775, 336.834136963, 15.9038209915, -27.7498569489, 9.29579162598, -8.53452777863, 4.60536813736, -7.07711362839, 9.28815841675, -13.0539550781], [-134.736724854, -83.9296646118, -45.0827178955, -71.5612564087, 15.9038209915, 279.114654541, 116.4765625, -1.65278410912, -1.08297240734, -64.4344406128, -41.1480522156, -14.7670269012, -2.09898710251], [-463.750427246, -3.85640192032, -86.7659988403, -204.624237061, -27.7498569489, 116.4765625, 249.097549438, 85.9340820312, -5.6043586731, -2.71517920494, 30.5316848755, 17.9653301239, 14.2512817383], [43.0409698486, 64.0510787964, -31.2540111542, -33.796585083, 9.29579162598, -1.65278410912, 85.9340820312, 186.912322998, 85.0557327271, 42.8501815796, 68.1299972534, 39.192565918, 9.77926254272], [113.443977356, 205.639282227, 106.49433136, 35.4242172241, -8.53452777863, -1.08297240734, -5.6043586731, 85.0557327271, 228.2474823, 136.599578857, 54.0089836121, 3.92384934425, -10.8118877411], [162.566680908, 210.052474976, 30.3966464996, -12.0525369644, 4.60536813736, -64.4344406128, -2.71517920494, 42.8501815796, 136.599578857, 266.26348877, 142.071792603, 19.000743866, 28.0643806458], [-310.263946533, 88.0345993042, -126.324012756, -158.246749878, -7.07711362839, -41.1480522156, 30.5316848755, 68.1299972534, 54.0089836121, 142.071792603, 259.6824646, 168.987945557, 89.4742202759], [-384.405731201, -83.3934783936, -122.790306091, -122.559310913, 9.28815841675, -14.7670269012, 17.9653301239, 39.192565918, 3.92384934425, 19.000743866, 168.987945557, 295.110290527, 172.232620239], [-354.17590332, -110.789146423, -113.325180054, -133.21043396, -13.0539550781, -2.09898710251, 14.2512817383, 9.77926254272, -10.8118877411, 28.0643806458, 89.4742202759, 172.232620239, 240.587585449]], "icov": [[0.000152741398779, -0.000149256331497, 0.000226881253184, -0.00024524400942, 0.000370555499103, -0.000209095305763, 0.000373423768906, -0.000351845897967, 0.000283961067908, -0.000383647944545, 0.000420056778239, -0.000156558133313, 0.000151039188495], [-0.000149256331497, 0.00068497355096, -0.000806888972875, 0.00070043921005, -0.000424246303737, 0.000218710105401, -0.000122297380585, 0.000124303434859, -0.000286424270598, 0.000141060532769, -0.000577247876208, 0.000235830681049, 0.00010105837282], [0.000226881253184, -0.000806888972875, 0.00188921636436, -0.00141298712697, 0.000352597940946, -4.00375320169e-05, -0.000211785751162, 0.000244366616243, -0.000247160176514, -0.000143087803735, 0.000849552394357, -0.000192458086531, -8.12275538919e-05], [-0.00024524400942, 0.00070043921005, -0.00141298712697, 0.00207170494832, -0.0012284402037, 0.000220267349505, 0.000580310937949, -0.000188815858564, -0.000118444564578, 6.04109081905e-05, -0.00014564547746, 7.1915841545e-05, 0.000341909268172], [0.000370555499103, -0.000424246303737, 0.000352597940946, -0.0012284402037, 0.00476211169735, -0.00136492436286, 0.00148018752225, -0.00174541003071, 0.00186609872617, -0.00171267706901, 0.00123372895177, -0.00108954112511, 0.000670606794301], [-0.000209095305763, 0.000218710105401, -4.00375320169e-05, 0.000220267349505, -0.00136492436286, 0.00595842301846, -0.00407186103985, 0.00279747718014, -0.00284160929732, 0.00285981385969, -0.000822408066597, 0.000852308352478, -0.000764184282161], [0.000373423768906, -0.000122297380585, -0.000211785751162, 0.000580310937949, 0.00148018752225, -0.00407186103985, 0.00902320723981, -0.00571799883619, 0.0037087239325, -0.00280609237961, 0.00145767419599, -0.000649082590826, 0.000874238146935], [-0.000351845897967, 0.000124303434859, 0.000244366616243, -0.000188815858564, -0.00174541003071, 0.00279747718014, -0.00571799883619, 0.0110468612984, -0.0058461362496, 0.00385807151906, -0.00356398895383, 0.000956241390668, -0.000702655466739], [0.000283961067908, -0.000286424270598, -0.000247160176514, -0.000118444564578, 0.00186609872617, -0.00284160929732, 0.0037087239325, -0.0058461362496, 0.0103369094431, -0.0067246677354, 0.0032256024424, -0.00207764445804, 0.00173524860293], [-0.000383647944545, 0.000141060532769, -0.000143087803735, 6.04109081905e-05, -0.00171267706901, 0.00285981385969, -0.00280609237961, 0.00385807151906, -0.0067246677354, 0.0116523616016, -0.00803999882191, 0.00493737962097, -0.00279831583612], [0.000420056778239, -0.000577247876208, 0.000849552394357, -0.00014564547746, 0.00123372895177, -0.000822408066597, 0.00145767419599, -0.00356398895383, 0.0032256024424, -0.00803999882191, 0.0133910393342, -0.00755484029651, 0.00230146222748], [-0.000156558133313, 0.000235830681049, -0.000192458086531, 7.1915841545e-05, -0.00108954112511, 0.000852308352478, -0.000649082590826, 0.000956241390668, -0.00207764445804, 0.00493737962097, -0.00755484029651, 0.0104920454323, -0.00559556623921], [0.000151039188495, 0.00010105837282, -8.12275538919e-05, 0.000341909268172, 0.000670606794301, -0.000764184282161, 0.000874238146935, -0.000702655466739, 0.00173524860293, -0.00279831583612, 0.00230146222748, -0.00559556623921, 0.00813718512654]]}, "spectral_contrast_coeffs": {"dmean": [0.052140135318, 0.0662126839161, 0.0555979125202, 0.0424168556929, 0.0256254523993, 0.0294713769108], "dmean2": [0.0808544829488, 0.101938478649, 0.087145447731, 0.0659537240863, 0.0413312278688, 0.0437870547175], "dvar": [0.00245930859819, 0.00417983718216, 0.00292593706399, 0.00181064684875, 0.00065909512341, 0.00108056562021], "dvar2": [0.0058303414844, 0.0096005955711, 0.00699829310179, 0.00399205414578, 0.00166067003738, 0.00239390181378], "max": [-0.240880429745, -0.346213519573, -0.346630603075, -0.377052843571, -0.381403416395, -0.424670338631], "mean": [-0.494428277016, -0.666758954525, -0.689469337463, -0.764070093632, -0.830181479454, -0.818597555161], "median": [-0.460930019617, -0.66373872757, -0.692203879356, -0.784629881382, -0.848218917847, -0.828253865242], "min": [-0.986934959888, -0.963908195496, -0.971286296844, -0.967976808548, -0.95566368103, -0.950622737408], "var": [0.0211740527302, 0.0157082881778, 0.0130099533126, 0.0119162406772, 0.0049824710004, 0.00346629694104]}, "spectral_contrast_valleys": {"dmean": [0.696462929249, 0.821366369724, 0.87741291523, 0.94711625576, 0.965614438057, 0.77973151207], "dmean2": [1.08026432991, 1.27154743671, 1.28823685646, 1.34633815289, 1.3791590929, 1.15394604206], "dvar": [0.494643718004, 0.803658664227, 0.843130111694, 0.875545918941, 1.10109496117, 0.797779083252], "dvar2": [1.08788323402, 1.853391885