{"lowlevel": {"average_loudness": 0.910653233528, "barkbands_crest": {"dmean": 2.60240769386, "dmean2": 3.94626832008, "dvar": 6.63818073273, "dvar2": 15.110502243, "max": 26.9674797058, "mean": 14.0668106079, "median": 13.3357610703, "min": 3.3881509304, "var": 28.3782424927}, "barkbands_flatness_db": {"dmean": 0.0281299650669, "dmean2": 0.0398584716022, "dvar": 0.000775118765887, "dvar2": 0.00154590071179, "max": 0.598705530167, "mean": 0.346010446548, "median": 0.36275178194, "min": 0.0349071212113, "var": 0.0100452695042}, "barkbands_kurtosis": {"dmean": 15.6873264313, "dmean2": 24.2879905701, "dvar": 9213.21484375, "dvar2": 24800.0683594, "max": 2057.1796875, "mean": 20.054309845, "median": 3.76207065582, "min": -1.92370486259, "var": 13592.4960938}, "barkbands_skewness": {"dmean": 0.919951915741, "dmean2": 1.27015328407, "dvar": 3.21926307678, "dvar2": 7.70574760437, "max": 11.2170915604, "mean": 0.651744186878, "median": 1.32682728767, "min": -41.5882644653, "var": 14.2541723251}, "barkbands_spread": {"dmean": 2.48690605164, "dmean2": 3.70410132408, "dvar": 9.56674671173, "dvar2": 21.2058677673, "max": 58.4671020508, "mean": 8.62942695618, "median": 6.20877027512, "min": 0.0596021190286, "var": 58.4292564392}, "dissonance": {"dmean": 0.0426349379122, "dmean2": 0.0704609081149, "dvar": 0.00196463102475, "dvar2": 0.00534930918366, "max": 0.499996364117, "mean": 0.402931660414, "median": 0.409051716328, "min": 0.132372334599, "var": 0.00439060619101}, "dynamic_complexity": 4.25135469437, "erbbands_crest": {"dmean": 3.66070890427, "dmean2": 5.53248691559, "dvar": 13.0302505493, "dvar2": 27.6650772095, "max": 35.0875778198, "mean": 16.4792823792, "median": 16.1296138763, "min": 2.58910417557, "var": 55.1167068481}, "erbbands_flatness_db": {"dmean": 0.0227627120912, "dmean2": 0.0322355665267, "dvar": 0.000589511357248, "dvar2": 0.00110074854456, "max": 0.655513644218, "mean": 0.394022285938, "median": 0.4128074646, "min": 0.0789906010032, "var": 0.0109293973073}, "erbbands_kurtosis": {"dmean": 3.53074526787, "dmean2": 5.31740665436, "dvar": 57.5855407715, "dvar2": 128.822906494, "max": 156.819137573, "mean": 4.88662052155, "median": 1.16520214081, "min": -1.88197851181, "var": 143.087905884}, "erbbands_skewness": {"dmean": 0.600087463856, "dmean2": 0.844309031963, "dvar": 0.452477455139, "dvar2": 0.869627773762, "max": 7.64566469193, "mean": 0.482628971338, "median": 0.732144534588, "min": -9.14282417297, "var": 3.05632090569}, "erbbands_spread": {"dmean": 4.07305335999, "dmean2": 5.98227453232, "dvar": 18.8704967499, "dvar2": 39.3203887939, "max": 56.0163803101, "mean": 15.8429031372, "median": 13.4734487534, "min": 0.15104329586, "var": 111.137153625}, "hfc": {"dmean": 6.84237003326, "dmean2": 9.68060970306, "dvar": 176.517440796, "dvar2": 392.660736084, "max": 189.369979858, "mean": 13.6959228516, "median": 7.46574735641, "min": 1.05903808094e-16, "var": 366.819458008}, "melbands_crest": {"dmean": 3.409252882, "dmean2": 4.99615383148, "dvar": 10.5122423172, "dvar2": 23.9274425507, "max": 35.8178443909, "mean": 17.7782516479, "median": 17.724281311, "min": 1.52983236313, "var": 55.0672569275}, "melbands_flatness_db": {"dmean": 0.0294228252023, "dmean2": 0.0405251458287, "dvar": 0.000870798656251, "dvar2": 0.00175331835635, "max": 0.656946063042, "mean": 0.414501875639, "median": 0.443439513445, "min": 0.002514798427, "var": 0.0184357296675}, "melbands_kurtosis": {"dmean": 7.24890613556, "dmean2": 10.7372655869, "dvar": 238.895690918, "dvar2": 485.159606934, "max": 325.37701416, "mean": 13.3524284363, "median": 5.4654712677, "min": -1.92396855354, "var": 871.769226074}, "melbands_skewness": {"dmean": 0.802464067936, "dmean2": 1.11437439919, "dvar": 0.797435879707, "dvar2": 1.57791101933, "max": 11.5662164688, "mean": 1.50771772861, "median": 1.66028761864, "min": -13.6217775345, "var": 5.7975487709}, "melbands_spread": {"dmean": 4.36069393158, "dmean2": 6.72807741165, "dvar": 37.6599121094, "dvar2": 89.306930542, "max": 171.121505737, "mean": 20.1555233002, "median": 8.95386219025, "min": 0.248416438699, "var": 1166.11816406}, "pitch_salience": {"dmean": 0.0673571676016, "dmean2": 0.102273866534, "dvar": 0.00465281726792, "dvar2": 0.0109132528305, "max": 0.962433516979, "mean": 0.449609220028, "median": 0.438511073589, "min": 0.0519931651652, "var": 0.0234191305935}, "silence_rate_20dB": {"dmean": 0, "dmean2": 0, "dvar": 0, "dvar2": 0, "max": 1, "mean": 1, "median": 1, "min": 1, "var": 0}, "silence_rate_30dB": {"dmean": 0.00189393945038, "dmean2": 0.00378967309371, "dvar": 0.00189035001677, "dvar2": 0.00567013584077, "max": 1, "mean": 0.999053478241, "median": 1, "min": 0, "var": 0.000945628446061}, "silence_rate_60dB": {"dmean": 0.0568181835115, "dmean2": 0.113690197468, "dvar": 0.0535892955959, "dvar2": 0.114027306437, "max": 1, "mean": 0.235683858395, "median": 0, "min": 0, "var": 0.180134356022}, "spectral_centroid": {"dmean": 157.83555603, "dmean2": 228.45892334, "dvar": 78332.1796875, "dvar2": 147610.90625, "max": 11867.5048828, "mean": 1645.86303711, "median": 796.759399414, "min": 307.449523926, "var": 7652278}, "spectral_complexity": {"dmean": 1.75, "dmean2": 2.5769777298, "dvar": 5.04071950912, "dvar2": 9.33928012848, "max": 30, "mean": 6.61855173111, "median": 6, "min": 0, "var": 21.6263046265}, "spectral_decrease": {"dmean": 1.90157933844e-09, "dmean2": 2.57839150031e-09, "dvar": 8.93708433115e-18, "dvar2": 1.87884183061e-17, "max": 2.24087799042e-28, "mean": -4.46865922044e-09, "median": -3.00208835569e-09, "min": -3.35724728018e-08, "var": 2.37222793448e-17}, "spectral_energy": {"dmean": 0.00777162192389, "dmean2": 0.0105729419738, "dvar": 0.000150917243445, "dvar2": 0.000319477316225, "max": 0.133097201586, "mean": 0.0181080084294, "median": 0.0120335808024, "min": 9.91224341292e-21, "var": 0.000390420813346}, "spectral_energyband_high": {"dmean": 3.09460489234e-07, "dmean2": 5.23763731053e-07, "dvar": 2.61998994548e-12, "dvar2": 7.41964649442e-12, "max": 4.15526919824e-05, "mean": 3.14384408284e-07, "median": 7.80060318561e-08, "min": 6.94287423239e-21, "var": 1.67670250514e-12}, "spectral_energyband_low": {"dmean": 2.48800733971e-06, "dmean2": 4.3505897338e-06, "dvar": 6.03947933331e-11, "dvar2": 1.7066539848e-10, "max": 0.000216473868932, "mean": 5.94572156842e-06, "median": 5.21276160725e-06, "min": 1.86968112473e-23, "var": 4.58031494677e-11}, "spectral_energyband_middle_high": {"dmean": 0.00378503557295, "dmean2": 0.00554370181635, "dvar": 6.91868190188e-05, "dvar2": 0.000153422835865, "max": 0.120175011456, "mean": 0.00600972631946, "median": 0.00136256881524, "min": 1.181678497e-21, "var": 0.000139687472256}, "spectral_energyband_middle_low": {"dmean": 0.00489179044962, "dmean2": 0.00632403744385, "dvar": 7.3520510341e-05, "dvar2": 0.000143148659845, "max": 0.122083626688, "mean": 0.0121165988967, "median": 0.00620037456974, "min": 1.77206192274e-22, "var": 0.000245827657636}, "spectral_entropy": {"dmean": 0.271647810936, "dmean2": 0.359673976898, "dvar": 0.0777543857694, "dvar2": 0.136737719178, "max": 9.82439899445, "mean": 6.22059345245, "median": 6.00637245178, "min": 3.72698450089, "var": 1.47537374496}, "spectral_flux": {"dmean": 0.0247539803386, "dmean2": 0.0379675738513, "dvar": 0.000970212684479, "dvar2": 0.00215000915341, "max": 0.350665092468, "mean": 0.0556994155049, "median": 0.0420663803816, "min": 6.31070265489e-11, "var": 0.00256110355258}, "spectral_kurtosis": {"dmean": 17.3737487793, "dmean2": 28.8439941406, "dvar": 265.590759277, "dvar2": 696.283813477, "max": 231.988601685, "mean": 35.3805236816, "median": 29.512676239, "min": -1.26630413532, "var": 917.438354492}, "spectral_rms": {"dmean": 0.000816210987978, "dmean2": 0.00105156726204, "dvar": 1.06271545519e-06, "dvar2": 1.9967769731e-06, "max": 0.0113952150568, "mean": 0.00350911077112, "median": 0.003426379757, "min": 3.10973989615e-12, "var": 5.35250001121e-06}, "spectral_rolloff": {"dmean": 195.87789917, "dmean2": 331.015869141, "dvar": 286979.59375, "dvar2": 519660.84375, "max": 19659.8144531, "mean": 2395.68383789, "median": 968.994140625, "min": 301.46484375, "var": 23434192}, "spectral_skewness": {"dmean": 1.22265636921, "dmean2": 2.05348610878, "dvar": 1.15252113342, "dvar2": 3.15535402298, "max": 11.602686882, "mean": 3.22374558449, "median": 2.98905444145, "min": -0.0776056796312, "var": 4.07661104202}, "spectral_spread": {"dmean": 371134.125, "dmean2": 634962.125, "dvar": 1039142420480.0, "dvar2": 1930212016130.0, "max": 42833988, "mean": 4465324, "median": 1388265.875, "min": 390826.09375, "var": 111416199610000.0}, "spectral_strongpeak": {"dmean": 0.877644658089, "dmean2": 1.29765677452, "dvar": 2.01373338699, "dvar2": 4.31362867355, "max": 18.6634712219, "mean": 1.98608064651, "median": 1.29340052605, "min": 0, "var": 5.47246742249}, "zerocrossingrate": {"dmean": 0.00599416112527, "dmean2": 0.0073015508242, "dvar": 0.000155415807967, "dvar2": 0.00028417177964, "max": 0.53125, "mean": 0.0754187703133, "median": 0.037109375, "min": 0.01318359375, "var": 0.0159311052412}, "barkbands": {"dmean": [3.20947196997e-06, 8.96296285191e-07, 8.88048816705e-07, 1.79656376531e-06, 0.000588396389503, 0.00299755064771, 0.000740543007851, 0.00132903107442, 0.000320375314914, 0.000177469366463, 0.00100363790989, 0.00028655785718, 0.000765371136367, 0.00160894775763, 0.00055936537683, 7.64198994148e-05, 0.000120900629554, 5.29324897798e-05, 2.51524434134e-05, 2.42779515247e-06, 2.7871028152e-08, 1.76028063237e-08, 1.69272666994e-08, 1.40419080807e-08, 1.38934073135e-08, 1.59763047236e-08, 6.96854407511e-10], "dmean2": [5.38609128853e-06, 1.54242161443e-06, 1.60227091328e-06, 3.19320565723e-06, 0.000786431017332, 0.00402008416131, 0.00105703820009, 0.00176048756111, 0.000493900210131, 0.000282946566585, 0.00152833689936, 0.000429706007708, 0.00113504705951, 0.00254806061275, 0.000850124808494, 0.000114346650662, 0.000188904363313, 7.85366792115e-05, 3.75056333723e-05, 3.6774849832e-06, 5.30118562381e-08, 3.35927623496e-08, 3.11731227498e-08, 2.58411514409e-08, 2.56828727174e-08, 2.87734582827e-08, 1.27122090632e-09], "dvar": [9.30272005262e-12, 1.13822406361e-11, 1.00051243332e-11, 6.46168674123e-11, 3.61483671441e-06, 3.23848689732e-05, 4.37259541286e-06, 9.43176473811e-06, 5.7198212744e-07, 3.34615094744e-07, 1.05181379695e-05, 2.03825402423e-06, 1.86527231563e-05, 3.53773975803e-05, 1.88263929886e-05, 1.61681214195e-07, 3.13224177262e-07, 3.9898438331e-08, 4.46443149116e-09, 6.31610458379e-11, 1.37167390619e-13, 3.56416827475e-14, 2.49417440233e-14, 1.79758924488e-14, 2.58031223206e-14, 2.93840167855e-14, 2.06891271525e-18], "dvar2": [2.67683861188e-11, 3.20206396121e-11, 2.81240395555e-11, 1.84556328553e-10, 7.25029121895e-06, 6.63117680233e-05, 8.24699327495e-06, 1.74556462298e-05, 1.403086344e-06, 7.23222626675e-07, 2.39164000959e-05, 4.71154908155e-06, 3.74215305783e-05, 8.10990532045e-05, 4.26163023803e-05, 3.66251839523e-07, 8.12444454823e-07, 9.47551512809e-08, 9.98364679816e-09, 1.55995577567e-10, 4.03731274757e-13, 1.05824555932e-13, 7.43406800962e-14, 5.34841200733e-14, 7.67453524233e-14, 8.64388381293e-14, 6.34643240761e-18], "max": [4.79907976114e-05, 0.000106441810203, 8.34174716147e-05, 0.00016231542395, 0.0433826819062, 0.107321768999, 0.0587435886264, 0.0544664077461, 0.0109191993251, 0.011613054201, 0.0523400343955, 0.0307799000293, 0.0798722058535, 0.081308208406, 0.090569242835, 0.0130506614223, 0.0151522299275, 0.00452946219593, 0.00160103337839, 0.000165198784089, 1.17426579891e-05, 5.29208182343e-06, 4.11695737057e-06, 3.3790629459e-06, 4.81280449094e-06, 5.14509565619e-06, 3.00448874668e-08], "mean": [1.50894811668e-05, 1.12681425435e-06, 8.28327983982e-07, 1.54545932673e-06, 0.00131007039454, 0.00617908732966, 0.00122153724078, 0.0028647442814, 0.000484192976728, 0.000190990715055, 0.0012885570759, 0.000436610745965, 0.000829276512377, 0.00226314505562, 0.000672631082125, 9.3281865702e-05, 0.000143348617712, 7.40099640097e-05, 3.48550565832e-05, 3.02759849546e-06, 1.75288015214e-08, 1.16697478347e-08, 1.51716808006e-08, 1.27295445296e-08, 1.13288374237e-08, 1.34685054221e-08, 7.31490756856e-10], "median": [1.58430048032e-05, 5.48146090296e-07, 3.9988736944e-07, 3.00102271922e-07, 0.000101961006294, 0.00205490924418, 0.000291050877422, 0.0010854593711, 0.000189974860405, 2.30672085308e-05, 0.00013284511806, 3.51367452822e-05, 1.57466092787e-05, 1.94716067199e-05, 2.20045258175e-05, 1.29117088363e-05, 3.21670850099e-05, 1.90801747522e-05, 8.5572100943e-06, 5.85173722811e-07, 1.71804148685e-09, 1.62919000513e-09, 4.49982140438e-09, 4.33225633145e-09, 2.5246615909e-09, 2.77757594702e-09, 3.14834047721e-10], "min": [3.02297982331e-25, 3.40025043117e-24, 2.73177650401e-25, 4.06594909636e-25, 8.09174941277e-24, 7.1592393033e-24, 5.59073257152e-24, 1.14422917462e-23, 1.22947632393e-23, 1.33129665201e-23, 9.84958315624e-24, 2.01326343358e-23, 3.51041493547e-23, 3.72227142018e-23, 4.47661745198e-23, 4.02908182987e-23, 4.09333518169e-23, 1.05645135951e-22, 6.17939675064e-23, 1.51267360237e-22, 1.86965020138e-22, 3.04531106545e-22, 3.59163700091e-22, 5.77434065718e-22, 8.83195037969e-22, 1.26809554597e-21, 1.9513828807e-21], "var": [3.44620165738e-11, 8.90095722822e-12, 6.69482958654e-12, 3.97100650973e-11, 9.16151475394e-06, 9.80814220384e-05, 9.22666276892e-06, 2.45287101279e-05, 7.25281608993e-07, 4.15688077737e-07, 1.45723752212e-05, 3.99387226935e-06, 2.50394023169e-05, 6.25735046924e-05, 2.59124117292e-05, 2.04760041811e-07, 2.84924112748e-07, 5.32084776239e-08, 6.78004719035e-09, 8.0111334233e-11, 7.28585689501e-14, 1.86581198896e-14, 1.28298157756e-14, 9.30263844608e-15, 1.33895918983e-14, 1.58491824536e-14, 1.55793533353e-18]}, "erbbands": {"dmean": [3.6614608689e-05, 0.000201713002753, 0.00089635013137, 0.00467293476686, 0.104193896055, 1.73839366436, 19.6402587891, 21.6645202637, 14.0572910309, 8.82305812836, 36.0161514282, 8.94518947601, 3.65639948845, 26.058637619, 23.4121761322, 14.9926166534, 30.1476669312, 80.9262771606, 44.840461731, 15.2586326599, 3.49462556839, 6.33971405029, 2.53151512146, 1.94809603691, 1.25434780121, 0.15002553165, 0.0064572035335, 0.00132867274806, 0.000706742051989, 0.000581093132496, 0.000457527494291, 0.000359159515938, 0.000216795044253, 0.000159936709679, 0.000111135232146, 6.01516840106e-05, 3.57026656275e-05, 5.39689017387e-06, 4.1644675548e-06, 9.15501186682e-06], "dmean2": [6.3738974859e-05, 0.000345926004229, 0.00157924590167, 0.00785301811993, 0.171368837357, 2.44963669777, 25.0780887604, 29.5090198517, 20.2257575989, 11.5441865921, 47.9122123718, 12.5610389709, 5.44172906876, 40.6828155518, 34.0142707825, 22.1386566162, 43.4650192261, 121.688499451, 66.7228164673, 21.8892822266, 5.19860696793, 9.9132604599, 3.86839604378, 2.86912894249, 1.86673617363, 0.220395952463, 0.00970264989883, 0.00237205438316, 0.00131888804026, 0.0010813359404, 0.00084811123088, 0.000630241236649, 0.000403502373956, 0.000298992119497, 0.000198091511265, 0.000108374384581, 6.22243824182e-05, 9.23249353946e-06, 5.7244128584e-06, 1.2504674487e-05], "dvar": [1.3802480936e-08, 6.043940175e-07, 1.18884263429e-05, 0.000490597914904, 0.791188716888, 66.3836288452, 1717.88684082, 2338.68432617, 1699.45812988, 469.410064697, 7403.97705078, 390.5574646, 145.551132202, 9193.82910156, 4053.42944336, 4525.50878906, 26897.6953125, 99816.7890625, 56740.5742188, 11411.7548828, 168.649383545, 787.210388184, 123.61101532, 35.5734977722, 13.438205719, 0.166691929102, 0.000376576237613, 0.000234793187701, 5.55697479285e-05, 3.31103219651e-05, 2.16014377656e-05, 8.86972429726e-06, 4.57661417386e-06, 3.67808115698e-06, 1.24328130369e-06, 4.04271048637e-07, 1.05812652862e-07, 2.53419440988e-09, 4.7794945085e-11, 2.13945375305e-10], "dvar2": [3.98780670707e-08, 1.67188557043e-06, 3.25334040099e-05, 0.00120635819621, 1.81465792656, 149.841049194, 2962.26538086, 4688.13183594, 3412.33227539, 828.172424316, 13931.2060547, 839.344238281, 300.221954346, 21292.3867188, 9022.84667969, 10522.1630859, 54154.203125, 224848.515625, 131406.671875, 23628.9492188, 413.804046631, 2068.86645508, 332.179962158, 76.4321060181, 28.4413394928, 0.396791487932, 0.000941906822845, 0.000689462409355, 0.00016420261818, 9.85172737273e-05, 6.43858365947e-05, 2.63005258603e-05, 1.36272046802e-05, 1.09713009806e-05, 3.67453048966e-06, 1.19364153761e-06, 3.09847422386e-07, 7.38977679049e-09, 1.03307626342e-10, 4.56548771011e-10], "max": [0.00365238054655, 0.0245156455785, 0.0993307903409, 0.489374250174, 24.9430904388, 232.973937988, 830.218444824, 1048.12133789, 1131.86315918, 366.771209717, 1515.0682373, 284.711425781, 383.811218262, 1496.89599609, 1138.9407959, 1450.69189453, 3844.70825195, 5544.94140625, 6085.61914062, 2732.70336914, 246.981994629, 730.767944336, 286.622772217, 149.279525757, 110.912757874, 8.86727619171, 0.409529864788, 0.492719322443, 0.216866672039, 0.157147198915, 0.12346790731, 0.075754866004, 0.0555554777384, 0.0548978224397, 0.0342985838652, 0.0185027122498, 0.00984514504671, 0.00159453938249, 0.000103736165329, 0.000158028124133], "mean": [7.19080853742e-05, 0.000265469978331, 0.00101720099337, 0.00598544673994, 0.131280750036, 3.36471295357, 46.4195404053, 39.0916519165, 21.4134845734, 19.0859718323, 75.1434020996, 16.5420799255, 5.12461853027, 28.8265018463, 34.4093742371, 22.336774826, 35.748085022, 114.527297974, 59.8185348511, 18.970708847, 4.72379398346, 7.61939573288, 3.35679364204, 2.67981123924, 1.83119261265, 0.222151100636, 0.00902874208987, 0.00121900066733, 0.00054573873058, 0.000442906777607, 0.000404698046623, 0.000409270141972, 0.000184618780622, 0.000128976680571, 0.000108231288323, 5.42951456737e-05, 3.65348714695e-05, 5.99044551564e-06, 9.50508911046e-06, 2.11084352486e-05], "median": [5.76148486289e-05, 0.000130411994178, 0.000566637376323, 0.00228080945089, 0.0285392124206, 0.472690552473, 7.1396150589, 12.2584934235, 4.79714488983, 5.45108795166, 27.575750351, 6.9036359787, 1.18866801262, 3.39595150948, 5.07906723022, 3.000685215, 2.16072058678, 2.08962607384, 2.14388990402, 1.72660124302, 1.19302177429, 1.7887352705, 0.912101089954, 0.678640246391, 0.454985886812, 0.0593762882054, 0.00254716840573, 0.000318678445183, 0.00012755561329, 8.16270185169e-05, 0.000138848248753, 0.000149728482938, 5.98466904194e-05, 3.46945817e-05, 2.92964068649e-05, 1.72603613464e-05, 9.93070443656e-06, 1.89000684259e-06, 6.26615019428e-06, 1.39029025377e-05], "min": [6.06350740387e-23, 5.37366747491e-22, 1.27139437295e-21, 1.91904468279e-21, 6.43811149739e-21, 2.56184879668e-20, 4.24997902405e-20, 5.64698626602e-20, 1.14251103859e-19, 2.51412603295e-19, 1.61563831569e-19, 3.09216889229e-19, 3.70618506099e-19, 6.11457337172e-19, 7.1416251187e-19, 1.04142442371e-18, 1.81806543821e-18, 1.95809843052e-18, 2.60950461047e-18, 2.64818998656e-18, 3.50261151784e-18, 3.10748078091e-18, 5.60334049459e-18, 5.32417076016e-18, 4.87799367366e-18, 7.77590886676e-18, 8.08673438964e-18, 9.52672596874e-18, 1.02855971791e-17, 1.23027101901e-17, 1.16380970377e-17, 1.02925959543e-17, 9.56222442473e-18, 7.75260470737e-18, 6.26228539185e-18, 4.14589871329e-18, 2.36493997697e-18, 9.39813350469e-19, 2.42641748766e-19, 2.73751901744e-20], "var": [1.01987245316e-08, 4.85781811221e-07, 8.36321214592e-06, 0.00040966027882, 0.697095513344, 85.8080978394, 7976.86230469, 6289.47705078, 3585.01733398, 1456.9666748, 18344.1445312, 740.705871582, 224.599899292, 10488.6181641, 7401.08691406, 8234.54394531, 37129.125, 165303.015625, 84345.7265625, 17564.0703125, 213.827316284, 698.100769043, 116.307998657, 55.6847686768, 23.402349472, 0.228995576501, 0.000413649569964, 0.000126323051518, 2.95406280202e-05, 1.71915107785e-05, 1.10855207822e-05, 4.71855128126e-06, 2.36157870859e-06, 1.88494550457e-06, 6.66072935473e-07, 2.14502762219e-07, 5.88358091136e-08, 1.43324052626e-09, 1.12337375513e-10, 5.36388600203e-10]}, "gfcc": {"mean": [-291.900299072, 168.294036865, -178.78918457, -61.7865409851, -26.1774272919, -60.9630889893, -44.0468711853, 2.29548025131, -18.2149868011, -6.82533979416, 21.1252765656, -5.36277770996, 2.35688734055], "cov": [[67810.8515625, 12414.0849609, -13725.7177734, -5428.29296875, -2477.97973633, -4975.55175781, -3696.76269531, -174.884735107, -1441.78234863, -680.664794922, 1581.98669434, -376.802368164, 204.912033081], [12414.0849609, 3048.95532227, -2487.56323242, -909.45489502, -618.24621582, -1247.92419434, -633.664855957, 129.246139526, -335.289154053, -335.613830566, 339.930541992, -50.5917739868, 125.119392395], [-13725.7177734, -2487.56323242, 3301.12548828, 1077.71679688, 278.668304443, 939.712646484, 572.630004883, -91.8223571777, 267.401855469, -1.68203926086, -312.476257324, 106.416275024, -14.84167099], [-5428.29296875, -909.45489502, 1077.71679688, 726.913269043, 247.371276855, 310.526611328, 290.612579346, 42.360080719, 57.3041381836, 18.1780166626, -162.842300415, 9.15627384186, 13.9906015396], [-2477.97973633, -618.24621582, 278.668304443, 247.371276855, 440.318939209, 439.319824219, 129.704711914, -71.1327819824, 87.4594421387, 198.585601807, -76.8709640503, -61.9043655396, -86.7581253052], [-4975.55175781, -1247.92419434, 939.712646484, 310.526611328, 439.319824219, 801.298339844, 270.389282227, -125.447738647, 134.70765686, 241.051345825, -108.78729248, 4.93807268143, -129.460540771], [-3696.76269531, -633.664855957, 572.630004883, 290.612579346, 129.704711914, 270.389282227, 400.427307129, 147.335388184, 47.8893356323, 39.5208358765, -74.0794219971, 38.6778945923, -19.6521034241], [-174.884735107, 129.246139526, -91.8223571777, 42.360080719, -71.1327819824, -125.447738647, 147.335388184, 232.293655396, 44.4235267639, -43.0876617432, -37.2419776917, 15.6414613724, 31.2268981934], [-1441.78234863, -335.289154053, 267.401855469, 57.3041381836, 87.4594421387, 134.70765686, 47.8893356323, 44.4235267639, 179.051208496, 105.461151123, -70.6636810303, -35.0469741821, -20.084072113], [-680.664794922, -335.613830566, -1.68203926086, 18.1780166626, 198.585601807, 241.051345825, 39.5208358765, -43.0876617432, 105.461151123, 255.199157715, 0.668953001499, -61.2910346985, -84.0513153076], [1581.98669434, 339.930541992, -312.476257324, -162.842300415, -76.8709640503, -108.78729248, -74.0794219971, -37.2419776917, -70.6636810303, 0.668953001499, 158.051513672, 43.1309432983, -8.93665409088], [-376.802368164, -50.5917739868, 106.416275024, 9.15627384186, -61.9043655396, 4.93807268143, 38.6778945923, 15.6414613724, -35.0469741821, -61.2910346985, 43.1309432983, 118.751319885, 45.1062850952], [204.912033081, 125.119392395, -14.84167099, 13.9906015396, -86.7581253052, -129.460540771, -19.6521034241, 31.2268981934, -20.084072113, -84.0513153076, -8.93665409088, 45.1062850952, 105.457710266]], "icov": [[0.000557563093025, -0.00030876963865, 0.00165080581792, 0.000204306314117, 0.0015678742202, -0.000809934106655, 0.00213141110726, -0.00030595716089, 0.000718528928701, 0.000179833252332, -0.000132293498609, 0.000581768574193, 0.000291668431601], [-0.00030876963865, 0.0031485343352, -0.000278342486126, 0.000451932399301, -0.00117955449969, 0.000610059476458, 0.00205506407656, -0.00416268967092, 0.00187592208385, 0.00216367840767, -0.00419717887416, 0.00364549225196, -0.00167381053325], [0.00165080581792, -0.000278342486126, 0.00768472440541, -0.00246924138628, 0.00808490440249, -0.00465768342838, 0.00455195968971, 0.00269003841095, -0.00279675330967, 0.00427434593439, -0.0016793734394, 0.00254471763037, 0.00116026483011], [0.000204306314117, 0.000451932399301, -0.00246924138628, 0.00692475447431, -0.00534408725798, 0.00338076520711, 0.00204246700741, -0.00481599010527, 0.00692780548707, -0.00288180238567, 0.00180615088902, 2.31054491451e-05, -0.00147321226541], [0.0015678742202, -0.00117955449969, 0.00808490440249, -0.00534408725798, 0.0167191047221, -0.00974890124053, 0.00419721147045, 0.00362066272646, -0.00350560806692, 0.00204620254226, -0.0014680265449, 0.00538249081001, 0.00023314714781], [-0.000809934106655, 0.000610059476458, -0.00465768342838, 0.00338076520711, -0.00974890124053, 0.0131065864116, -0.0071106152609, 0.00510552804917, 0.000187894154806, -0.00494310865179, 0.00615190900862, -0.0092137567699, 0.00553685473278], [0.00213141110726, 0.00205506407656, 0.00455195968971, 0.00204246700741, 0.00419721147045, -0.0071106152609, 0.0244849249721, -0.0202092248946, 0.0139715634286, -8.52455632412e-05, -0.0068722628057, 0.00804879609495, -0.00237130536698], [-0.00030595716089, -0.00416268967092, 0.00269003841095, -0.00481599010527, 0.00362066272646, 0.00510552804917, -0.0202092248946, 0.0305876843631, -0.0191833972931, 0.00210524513386, 0.0103011010215, -0.0114409374073, 0.00676468573511], [0.000718528928701, 0.00187592208385, -0.00279675330967, 0.00692780548707, -0.00350560806692, 0.000187894154806, 0.0139715634286, -0.0191833972931, 0.0262512899935, -0.010068655014, 0.000983324600384, 0.00506107229739, -0.00441065896302], [0.000179833252332, 0.00216367840767, 0.00427434593439, -0.00288180238567, 0.00204620254226, -0.00494310865179, -8.52455632412e-05, 0.00210524513386, -0.010068655014, 0.0172528587282, -0.00968679599464, 0.00814042333513, 0.000573823810555], [-0.000132293498609, -0.00419717887416, -0.0016793734394, 0.00180615088902, -0.0014680265449, 0.00615190900862, -0.0068722628057, 0.0103011010215, 0.000983324600384, -0.00968679599464, 0.0237434878945, -0.0176600888371, 0.00880668777972], [0.000581768574193, 0.00364549225196, 0.00254471763037, 2.31054491451e-05, 0.00538249081001, -0.0092137567699, 0.00804879609495, -0.0114409374073, 0.00506107229739, 0.00814042333513, -0.0176600888371, 0.0288403127342, -0.0134758483618], [0.000291668431601, -0.00167381053325, 0.00116026483011, -0.00147321226541, 0.00023314714781, 0.00553685473278, -0.00237130536698, 0.00676468573511, -0.00441065896302, 0.000573823810555, 0.00880668777972, -0.0134758483618, 0.0219317860901]]}, "melbands": {"dmean": [3.69971985492e-07, 3.55505932248e-07, 1.27961766339e-06, 3.39124853781e-05, 0.000545003276784, 0.000513315782882, 0.000185039141797, 9.59602548392e-05, 0.00030097621493, 3.69175540982e-05, 1.57688027684e-05, 9.56417352427e-05, 0.00011416333291, 3.04471686832e-05, 4.00594035455e-05, 8.75058685779e-05, 0.000169715407537, 8.56487531564e-05, 3.90563727706e-05, 8.92180469236e-06, 3.66046538147e-06, 7.98404380475e-06, 3.36223956765e-06, 2.39459427576e-06, 1.53841369865e-06, 1.02332239749e-06, 4.48005920362e-07, 4.30638920079e-08, 9.84379466828e-10, 7.58717255689e-10, 5.11328146491e-10, 3.63235802547e-10, 3.37383371241e-10, 3.03595371065e-10, 2.4705046342e-10, 2.66442284902e-10, 2.13551357153e-10, 1.42019507265e-10, 1.42306139095e-10, 1.2648442016e-10], "dmean2": [6.35953028905e-07, 6.30426427506e-07, 2.19560524783e-06, 5.56551021873e-05, 0.000697547860909, 0.000701276352629, 0.000267246912699, 0.000125564474729, 0.000401462661102, 5.45122966287e-05, 2.40116241912e-05, 0.000149842831888, 0.000169427032233, 4.61472918687e-05, 6.0200887674e-05, 0.000126472907141, 0.000258212181507, 0.000128993560793, 5.5561256886e-05, 1.32751501951e-05, 5.56952545594e-06, 1.25598826344e-05, 5.42155248695e-06, 3.48240860149e-06, 2.29517331718e-06, 1.52695690758e-06, 6.63499918119e-07, 6.73327633649e-08, 1.72536374077e-09, 1.4547896221e-09, 9.76852598811e-10, 6.95955182373e-10, 6.38060659863e-10, 5.69615687951e-10, 4.71850059025e-10, 4.70901762029e-10, 3.75424275001e-10, 2.68354061195e-10, 2.70015149129e-10, 2.40114039762e-10], "dvar": [1.02558217994e-12, 1.8851838493e-12, 4.73889018304e-11, 9.52181409275e-08, 1.29213572109e-06, 1.1343757933e-06, 2.9226487186e-07, 5.50768994856e-08, 5.08130483468e-07, 7.62942509169e-09, 3.59734486644e-09, 1.26783817223e-07, 1.09633802481e-07, 2.61682178149e-08, 3.84531801956e-08, 2.24650293035e-07, 4.31821945313e-07, 1.81529813403e-07, 8.76818830875e-08, 3.46624462466e-09, 2.35667513282e-10, 1.43977474387e-09, 2.62535299056e-10, 9.02268260106e-11, 2.20869104256e-11, 8.63284096986e-12, 1.53959690049e-12, 2.42824694813e-14, 2.61661034009e-17, 1.34938304198e-16, 5.03757625256e-17, 1.48857702499e-17, 1.39479724284e-17, 8.69003112478e-18, 7.48891276297e-18, 4.57843186918e-18, 2.97655608112e-18, 1.97737297956e-18, 2.6007356688e-18, 2.62721723572e-18], "dvar2": [2.95342808369e-12, 5.2311223929e-12, 1.1894056573e-10, 2.20992077971e-07, 2.25849680646e-06, 2.32131628763e-06, 5.99373436216e-07, 9.80369208037e-08, 9.61461637417e-07, 1.77209731334e-08, 7.40868877358e-09, 2.92293549364e-07, 2.46815659466e-07, 6.04315673058e-08, 8.87648781145e-08, 4.40538826751e-07, 9.66124275692e-07, 4.22130511879e-07, 1.84430589911e-07, 7.50514050907e-09, 5.83089132533e-10, 3.71994568482e-09, 7.19498294277e-10, 1.8885971953e-10, 4.83944273544e-11, 1.82539174748e-11, 3.3083553258e-12, 6.46044022857e-14, 7.39196719518e-17, 4.01693834411e-16, 1.47500332201e-16, 4.41312834372e-17, 4.13618198807e-17, 2.59063637254e-17, 2.23562021437e-17, 1.35876070587e-17, 8.82392850489e-18, 5.8884369781e-18, 7.76874879138e-18, 7.84547227474e-18], "max": [3.25311921188e-05, 4.05030041293e-05, 0.000212478305912, 0.00911661982536, 0.0227512158453, 0.0221598297358, 0.014309220016, 0.00474813953042, 0.0121733509004, 0.00127626059111, 0.00199767714366, 0.00553140137345, 0.00526443682611, 0.00378737761639, 0.00373059604317, 0.00882358662784, 0.0101665314287, 0.0105137564242, 0.00707123801112, 0.00183560431469, 0.000373481598217, 0.00105122488458, 0.000390091445297, 0.00027917130501, 0.00010778124124, 8.71735319379e-05, 3.08111011691e-05, 4.14303440266e-06, 9.34123391971e-08, 3.69765501773e-07, 2.25340201609e-07, 1.07210809119e-07, 1.09226341749e-07, 7.65019052551e-08, 7.23431625715e-08, 5.47779350768e-08, 4.39713403466e-08, 3.59526666216e-08, 4.32338396195e-08, 4.69300758255e-08], "mean": [9.80010781859e-07, 3.9737295765e-07, 1.30155410716e-06, 3.24493375956e-05, 0.00126825482585, 0.000956870033406, 0.000282575696474, 0.000206704178709, 0.00062147132121, 5.92811556999e-05, 2.05005599128e-05, 0.000102084297396, 0.000158900234965, 4.59378825326e-05, 5.05507450725e-05, 0.000102597936348, 0.000238323831582, 0.000110012377263, 4.52373751614e-05, 1.03210131783e-05, 4.77480534755e-06, 9.45045849221e-06, 3.62959508493e-06, 3.35209233526e-06, 2.01635384656e-06, 1.42712303841e-06, 6.67578262892e-07, 4.8561627608e-08, 8.25054080611e-10, 4.69186134389e-10, 3.19999415854e-10, 2.35187341824e-10, 2.2842322478e-10, 2.1446577847e-10, 1.74289513377e-10, 2.91792173757e-10, 2.37327851815e-10, 1.04993319594e-10, 1.00840266692e-10, 9.00079871746e-11], "median": [8.97229540442e-07, 1.9589664646e-07, 2.47385656849e-07, 3.20967956213e-06, 0.000202076276764, 0.000337748177117, 6.42120285193e-05, 6.00915118412e-05, 0.000219307752559, 2.44377279159e-05, 2.10446228266e-06, 9.59652697929e-06, 1.8225513486e-05, 4.78056927022e-06, 4.0693162191e-06, 2.7628971111e-06, 2.38924349105e-06, 2.3247257559e-06, 1.93642154045e-06, 1.07962262064e-06, 1.08016649847e-06, 2.05630385608e-06, 6.16547026766e-07, 8.17658758479e-07, 4.69095368771e-07, 3.31458608116e-07, 1.67692761011e-07, 8.1582705036e-09, 1.40856798447e-10, 4.53055509775e-11, 3.39973153796e-11, 3.41154569872e-11, 2.33061868415e-11, 2.65706380509e-11, 3.75583140977e-11, 8.72174971134e-11, 7.85976908557e-11, 2.28414457487e-11, 1.76316652251e-11, 1.80583187293e-11], "min": [1.03840068372e-24, 6.71018250097e-25, 4.78704117989e-25, 1.49992286885e-24, 1.36850899584e-24, 1.31668734247e-24, 1.85614513934e-24, 1.97618176456e-24, 1.26726777056e-24, 1.68348202542e-24, 1.80833011051e-24, 1.46634253923e-24, 2.06589950695e-24, 2.89969195718e-24, 3.17641509362e-24, 3.17402878938e-24, 3.18996003258e-24, 3.96108478085e-24, 3.52547145025e-24, 2.26420809447e-24, 3.35441721815e-24, 2.19697683218e-24, 3.68342546374e-24, 3.87312245118e-24, 3.72946180844e-24, 2.74586072801e-24, 3.68801505648e-24, 4.67640965021e-24, 4.6021309018e-24, 4.02931888257e-24, 5.49984001802e-24, 4.57473494586e-24, 5.81439514853e-24, 5.48054645243e-24, 5.31019706754e-24, 5.37914193294e-24, 5.08245095205e-24, 5.43122095218e-24, 4.63667906515e-24, 5.891083867e-24], "var": [8.57598063744e-13, 1.32463495468e-12, 3.75510490758e-11, 8.30100077565e-08, 5.75671356273e-06, 2.99234261547e-06, 6.01826457114e-07, 1.6714757578e-07, 1.25437816223e-06, 1.06685273948e-08, 5.57188473138e-09, 1.44808538494e-07, 1.79691454605e-07, 4.92980163358e-08, 4.99488415073e-08, 3.32024001182e-07, 7.35897742743e-07, 2.70869776386e-07, 1.23524174001e-07, 4.25966106832e-09, 2.77037087715e-10, 1.31977129225e-09, 2.08649708622e-10, 1.49391513049e-10, 3.27179672244e-11, 1.42064884162e-11, 2.77935660598e-12, 2.0705883026e-14, 1.66655502539e-17, 6.92324695544e-17, 2.7128516463e-17, 7.78232613396e-18, 7.41340854384e-18, 4.46949135533e-18, 3.80867289398e-18, 2.4363742607e-18, 1.58607260585e-18, 1.01866010306e-18, 1.32438709143e-18, 1.33908950304e-18]}, "mfcc": {"mean": [-852.40625, 182.304214478, -64.556602478, -21.7482261658, 1.23083555698, -50.2797851562, -21.3949966431, -10.2614021301, -30.6591777802, -3.36416888237, 4.81931495667, -6.33746623993, 10.224108696], "cov": [[10138.7382812, 6014.20410156, -2744.90673828, -788.015136719, -155.240844727, -2078.90795898, -760.429748535, -371.495605469, -1162.67224121, -207.552932739, -63.2877311707, -358.475708008, 347.970275879], [6014.20410156, 3785.75415039, -1418.24462891, -491.42300415, -150.07824707, -1272.03552246, -514.20904541, -235.767654419, -702.712158203, -181.66607666, -52.6130180359, -196.646026611, 213.664901733], [-2744.90673828, -1418.24462891, 1113.47900391, 309.320404053, -63.6446800232, 448.995361328, 117.484207153, 103.966316223, 316.502563477, -45.4747924805, -71.1694488525, 83.3338470459, -84.0717849731], [-788.015136719, -491.42300415, 309.320404053, 270.281890869, 32.1409111023, 38.8673629761, 37.1673049927, 60.5255737305, 94.9888000488, -12.1793451309, -79.6660385132, -36.3920173645, -32.8928833008], [-155.240844727, -150.07824707, -63.6446800232, 32.1409111023, 192.257049561, 197.614990234, 19.6834640503, -58.915813446, 2.2905061245, 63.7663116455, 65.3591003418, -19.1407718658, -82.7365570068], [-2078.90795898, -1272.03552246, 448.995361328, 38.8673629761, 197.614990234, 756.866088867, 244.387939453, -23.2818012238, 191.191070557, 111.153556824, 133.096466064, 93.1552886963, -159.596847534], [-760.429748535, -514.20904541, 117.484207153, 37.1673049927, 19.6834640503, 244.387939453, 217.78314209, 88.2970581055, 50.6815605164, 8.63950538635, 23.0710296631, 44.1819725037, -21.5060806274], [-371.495605469, -235.767654419, 103.966316223, 60.5255737305, -58.915813446, -23.2818012238, 88.2970581055, 172.764053345, 112.494995117, -39.199886322, -57.1701087952, 29.3374958038, 45.3587760925], [-1162.67224121, -702.712158203, 316.502563477, 94.9888000488, 2.2905061245, 191.191070557, 50.6815605164, 112.494995117, 275.356903076, 87.6228790283, -20.4639110565, 22.617855072, -17.2831249237], [-207.552932739, -181.66607666, -45.4747924805, -12.1793451309, 63.7663116455, 111.153556824, 8.63950538635, -39.199886322, 87.6228790283, 185.329559326, 115.371635437, -20.6863479614, -57.9396858215], [-63.2877311707, -52.6130180359, -71.1694488525, -79.6660385132, 65.3591003418, 133.096466064, 23.0710296631, -57.1701087952, -20.4639110565, 115.371635437, 199.300750732, 70.9847869873, -61.0452308655], [-358.475708008, -196.646026611, 83.3338470459, -36.3920173645, -19.1407718658, 93.1552886963, 44.1819725037, 29.3374958038, 22.617855072, -20.6863479614, 70.9847869873, 149.675109863, 59.6329154968], [347.970275879, 213.664901733, -84.0717849731, -32.8928833008, -82.7365570068, -159.596847534, -21.5060806274, 45.3587760925, -17.2831249237, -57.9396858215, -61.0452308655, 59.6329154968, 180.228027344]], "icov": [[0.02525806427, -0.0403790771961, 0.0538332387805, -0.0700301676989, 0.0845772996545, -0.090970441699, 0.0888522639871, -0.0758065730333, 0.057796806097, -0.0385062769055, 0.0220127813518, -0.00920219253749, 0.00304997875355], [-0.0403790771961, 0.0681569427252, -0.0918680950999, 0.124663412571, -0.148663684726, 0.157905846834, -0.146390229464, 0.120373144746, -0.0849624276161, 0.0538314394653, -0.0279919337481, 0.0114711271599, -0.00324132107198], [0.0538332387805, -0.0918680950999, 0.139171496034, -0.191332146525, 0.233217194676, -0.245568975806, 0.229847788811, -0.183776736259, 0.12639246881, -0.0714905560017, 0.0328545235097, -0.0102628618479, 0.00192006467842], [-0.0700301676989, 0.124663412571, -0.191332146525, 0.280012220144, -0.341973692179, 0.369102865458, -0.350898504257, 0.290920376778, -0.208607330918, 0.126614227891, -0.0593546107411, 0.0219956506044, -0.00263943965547], [0.0845772996545, -0.148663684726, 0.233217194676, -0.341973692179, 0.447724044323, -0.501039803028, 0.507924079895, -0.45385441184, 0.357858598232, -0.245396211743, 0.137575387955, -0.0576863139868, 0.017122099176], [-0.090970441699, 0.157905846834, -0.245568975806, 0.369102865458, -0.501039803028, 0.609315216541, -0.66395097971, 0.643405854702, -0.54702270031, 0.409917980433, -0.254765242338, 0.11714143306, -0.0360794253647], [0.0888522639871, -0.146390229464, 0.229847788811, -0.350898504257, 0.507924079895, -0.66395097971, 0.789752185345, -0.813610553741, 0.735322117805, -0.582475185394, 0.382048785686, -0.186498120427, 0.0637766346335], [-0.0758065730333, 0.120373144746, -0.183776736259, 0.290920376778, -0.45385441184, 0.643405854702, -0.813610553741, 0.897047877312, -0.843801379204, 0.697882592678, -0.472486078739, 0.23766861856, -0.0856581777334], [0.057796806097, -0.0849624276161, 0.12639246881, -0.208607330918, 0.357858598232, -0.54702270031, 0.735322117805, -0.843801379204, 0.835021317005, -0.713262915611, 0.49846971035, -0.258857220411, 0.0952681973577], [-0.0385062769055, 0.0538314394653, -0.0714905560017, 0.126614227891, -0.245396211743, 0.409917980433, -0.582475185394, 0.697882592678, -0.713262915611, 0.64320152998, -0.464093595743, 0.25320032239, -0.0971117019653], [0.0220127813518, -0.0279919337481, 0.0328545235097, -0.0593546107411, 0.137575387955, -0.254765242338, 0.382048785686, -0.472486078739, 0.49846971035, -0.464093595743, 0.35479554534, -0.201456427574, 0.0826682001352], [-0.00920219253749, 0.0114711271599, -0.0102628618479, 0.0219956506044, -0.0576863139868, 0.11714143306, -0.186498120427, 0.23766861856, -0.258857220411, 0.25320032239, -0.201456427574, 0.131107598543, -0.0564649514854], [0.00304997875355, -0.00324132107198, 0.00192006467842, -0.00263943965547, 0.017122099176, -0.0360794253647, 0.0637766346335, -0.0856581777334, 0.0952681973577, -0.0971117019653, 0.0826682001352, -0.0564649514854, 0.0335954129696]]}, "spectral_contrast_coeffs": {"dmean": [0.053303591907, 0.0504367277026, 0.0437679514289, 0.0370719395578, 0.0241831094027, 0.0256082545966], "dmean2": [0.0799921527505, 0.0738567262888, 0.0680665820837, 0.0528750941157, 0.0372543670237, 0.044424880296], "dvar": [0.00281065329909, 0.00217501143925, 0.00153843185399, 0.00127017928753, 0.00054918701062, 0.000533317564987], "dvar2": [0.00560650927946, 0.00453989300877, 0.00336927128956, 0.00225267442875, 0.0011840572115, 0.00153518537991], "max": [-0.288913577795, -0.331004619598, -0.450367987156, -0.395638644695, -0.458718568087, -0.787863969803], "mean": [-0.61021643877, -0.645962655544, -0.732416510582, -0.728147089481, -0.712856411934, -0.900208592415], "median": [-0.594060063362, -0.628023564816, -0.72287863493, -0.731068611145, -0.694000184536, -0.897827088833], "min": [-0.979825913906, -0.981354951859, -0.975476980209, -0.971369683743, -0.969511270523, -0.965283155441], "var": [0.028906788677, 0.0195144955069, 0.0115942843258, 0.0142414486036, 0.00787447858602, 0.00105462875217]}, "spectral_contrast_valleys": {"dmean": [0.431509852409, 0.497512340546, 0.469495296478, 0.379817187786, 0.365976005793, 0.634502470493], "dmean2": [0.721023440361, 0.707015514374, 0.661308050156, 0.52047264576, 0.496724933386, 1.06240916252], "dvar": [0.197406277061, 0.267113894224, 0.236548095942, 0.18691149354, 0.195527747273, 0.363177269697], "dvar2": [0.387475878, 0.401880264282, 0.363289296627, 0.261176079512, 0.278587132692, 0.943027496338], "max": [-7.84092426