{"lowlevel": {"average_loudness": 0.928440690041, "barkbands_crest": {"dmean": 2.0520169735, "dmean2": 3.20105814934, "dvar": 3.71170043945, "dvar2": 9.8644733429, "max": 22.6514663696, "mean": 9.00206279755, "median": 8.34632968903, "min": 3.31903791428, "var": 11.3423900604}, "barkbands_flatness_db": {"dmean": 0.0161295998842, "dmean2": 0.0266595166177, "dvar": 0.000283584726276, "dvar2": 0.000733424327336, "max": 0.372312873602, "mean": 0.179704591632, "median": 0.156353130937, "min": 0.0655583143234, "var": 0.00372206768952}, "barkbands_kurtosis": {"dmean": 0.696449577808, "dmean2": 1.07077813148, "dvar": 0.728847384453, "dvar2": 1.70682632923, "max": 11.8266124725, "mean": -0.275113850832, "median": -0.680992841721, "min": -1.83921921253, "var": 1.89292669296}, "barkbands_skewness": {"dmean": 0.342388749123, "dmean2": 0.503796815872, "dvar": 0.1074892506, "dvar2": 0.246074512601, "max": 3.13286972046, "mean": 0.420550107956, "median": 0.408055633307, "min": -1.99562942982, "var": 0.469799220562}, "barkbands_spread": {"dmean": 5.78033447266, "dmean2": 8.96051216125, "dvar": 39.5700531006, "dvar2": 94.2970123291, "max": 78.1557617188, "mean": 33.2547645569, "median": 31.0890312195, "min": 4.4171037674, "var": 168.979919434}, "dissonance": {"dmean": 0.0200922433287, "dmean2": 0.0336000807583, "dvar": 0.000432173284935, "dvar2": 0.00114327482879, "max": 0.499999403954, "mean": 0.45432767272, "median": 0.463012933731, "min": 0.26637789607, "var": 0.00103952689096}, "dynamic_complexity": 3.53015422821, "erbbands_crest": {"dmean": 2.83920621872, "dmean2": 4.46514701843, "dvar": 7.01845359802, "dvar2": 19.3426609039, "max": 27.0030078888, "mean": 12.3218326569, "median": 11.6961755753, "min": 3.23441004753, "var": 21.7990512848}, "erbbands_flatness_db": {"dmean": 0.0153392823413, "dmean2": 0.0250686462969, "dvar": 0.000227369499044, "dvar2": 0.000595703837462, "max": 0.375810354948, "mean": 0.209160447121, "median": 0.196696653962, "min": 0.0920712500811, "var": 0.00309339095838}, "erbbands_kurtosis": {"dmean": 0.775950193405, "dmean2": 1.22272658348, "dvar": 0.856047272682, "dvar2": 2.19133663177, "max": 11.3532819748, "mean": 0.128578573465, "median": -0.282849788666, "min": -1.67046606541, "var": 1.89524149895}, "erbbands_skewness": {"dmean": 0.326417595148, "dmean2": 0.501466035843, "dvar": 0.0856939479709, "dvar2": 0.216704562306, "max": 2.94982051849, "mean": 0.477531373501, "median": 0.53690892458, "min": -3.02442002296, "var": 0.405855953693}, "erbbands_spread": {"dmean": 7.45471477509, "dmean2": 11.569270134, "dvar": 60.1698799133, "dvar2": 150.43347168, "max": 113.265480042, "mean": 41.5821151733, "median": 39.4227294922, "min": 6.62892150879, "var": 265.486541748}, "hfc": {"dmean": 27.5191688538, "dmean2": 40.8295974731, "dvar": 1651.35900879, "dvar2": 3973.18603516, "max": 571.633483887, "mean": 61.0313034058, "median": 43.1790847778, "min": 1.17507742572e-16, "var": 3192.45800781}, "melbands_crest": {"dmean": 2.47241520882, "dmean2": 3.79611611366, "dvar": 5.54595994949, "dvar2": 14.3319978714, "max": 30.4524040222, "mean": 12.207690239, "median": 11.5672931671, "min": 3.08289074898, "var": 18.8233833313}, "melbands_flatness_db": {"dmean": 0.0185296684504, "dmean2": 0.0290139112622, "dvar": 0.000346244807588, "dvar2": 0.000828874122817, "max": 0.376293927431, "mean": 0.167472466826, "median": 0.159912541509, "min": 0.00642526615411, "var": 0.00266010151245}, "melbands_kurtosis": {"dmean": 1.85913252831, "dmean2": 2.78586888313, "dvar": 4.47686815262, "dvar2": 10.5325107574, "max": 30.6493644714, "mean": 3.63667750359, "median": 2.54508590698, "min": -1.80695974827, "var": 16.7034282684}, "melbands_skewness": {"dmean": 0.37505915761, "dmean2": 0.550178289413, "dvar": 0.126115351915, "dvar2": 0.300002574921, "max": 4.87091493607, "mean": 1.50785577297, "median": 1.44559216499, "min": -1.68176627159, "var": 0.711796164513}, "melbands_spread": {"dmean": 11.7710866928, "dmean2": 17.2981109619, "dvar": 145.090591431, "dvar2": 328.762817383, "max": 169.875198364, "mean": 50.4142684937, "median": 45.3589706421, "min": 7.0270318985, "var": 571.700927734}, "pitch_salience": {"dmean": 0.0494531020522, "dmean2": 0.0805713683367, "dvar": 0.002588796895, "dvar2": 0.00695966277272, "max": 0.919363021851, "mean": 0.45645609498, "median": 0.446313977242, "min": 0.242216080427, "var": 0.0055936165154}, "silence_rate_20dB": {"dmean": 0, "dmean2": 0, "dvar": 0, "dvar2": 0, "max": 1, "mean": 1, "median": 1, "min": 1, "var": 0}, "silence_rate_30dB": {"dmean": 0, "dmean2": 0, "dvar": 0, "dvar2": 0, "max": 1, "mean": 1, "median": 1, "min": 1, "var": 0}, "silence_rate_60dB": {"dmean": 0.0201082751155, "dmean2": 0.0398452617228, "dvar": 0.0197039358318, "dvar2": 0.0444465242326, "max": 1, "mean": 0.0680324733257, "median": 0, "min": 0, "var": 0.0634042471647}, "spectral_centroid": {"dmean": 319.35256958, "dmean2": 474.030212402, "dvar": 105576.460938, "dvar2": 204290.53125, "max": 10458.0976562, "mean": 2317.82324219, "median": 2348.26049805, "min": 541.007019043, "var": 502612.5625}, "spectral_complexity": {"dmean": 2.34880113602, "dmean2": 3.65686655045, "dvar": 5.89691209793, "dvar2": 13.0346775055, "max": 37, "mean": 14.101275444, "median": 14, "min": 0, "var": 40.3098335266}, "spectral_decrease": {"dmean": 9.32655619401e-10, "dmean2": 1.42908940237e-09, "dvar": 1.59412831104e-18, "dvar2": 3.71589838443e-18, "max": 1.60190487016e-29, "mean": -3.63538399384e-09, "median": -3.07201353245e-09, "min": -1.91290574492e-08, "var": 7.01855635998e-18}, "spectral_energy": {"dmean": 0.00561195239425, "dmean2": 0.00855166651309, "dvar": 5.35335166205e-05, "dvar2": 0.000123704317957, "max": 0.0958639606833, "mean": 0.0192564856261, "median": 0.0164348483086, "min": 1.05978355846e-20, "var": 0.000195035638171}, "spectral_energyband_high": {"dmean": 0.0027865068987, "dmean2": 0.00414256518707, "dvar": 1.54154713528e-05, "dvar2": 3.90559216612e-05, "max": 0.0450345911086, "mean": 0.00512875197455, "median": 0.00311942445114, "min": 7.51978585762e-21, "var": 2.77714334516e-05}, "spectral_energyband_low": {"dmean": 1.13007617983e-05, "dmean2": 1.36934695547e-05, "dvar": 5.22501653055e-10, "dvar2": 8.47891201694e-10, "max": 0.000569430063479, "mean": 3.47331661033e-05, "median": 2.91602600555e-06, "min": 1.32990450184e-22, "var": 3.79961040409e-09}, "spectral_energyband_middle_high": {"dmean": 0.00298543623649, "dmean2": 0.00453882664442, "dvar": 2.01418333745e-05, "dvar2": 4.9176182074e-05, "max": 0.0596441812813, "mean": 0.00926156900823, "median": 0.00613533752039, "min": 1.65077300608e-21, "var": 8.13003789517e-05}, "spectral_energyband_middle_low": {"dmean": 0.00125822855625, "dmean2": 0.00194911588915, "dvar": 4.48750370197e-06, "dvar2": 1.21876064441e-05, "max": 0.0339540988207, "mean": 0.00496433814988, "median": 0.00372412754223, "min": 2.79960474863e-22, "var": 1.9396407879e-05}, "spectral_entropy": {"dmean": 0.176445737481, "dmean2": 0.290426105261, "dvar": 0.033390995115, "dvar2": 0.0839363709092, "max": 9.80764389038, "mean": 7.62327575684, "median": 7.66311502457, "min": 6.1302075386, "var": 0.11569993943}, "spectral_flux": {"dmean": 0.0193312503397, "dmean2": 0.0300949718803, "dvar": 0.000594674202148, "dvar2": 0.00145109242294, "max": 0.237521722913, "mean": 0.0643087550998, "median": 0.0592682026327, "min": 1.02945790781e-10, "var": 0.00130974082276}, "spectral_kurtosis": {"dmean": 0.671043753624, "dmean2": 1.07055854797, "dvar": 1.40656912327, "dvar2": 4.34327459335, "max": 30.700214386, "mean": 1.5999404192, "median": 1.11629247665, "min": -1.19599020481, "var": 4.28295564651}, "spectral_rms": {"dmean": 0.000598338549025, "dmean2": 0.000878600985743, "dvar": 4.55309276504e-07, "dvar2": 9.94918991637e-07, "max": 0.0096708741039, "mean": 0.00401793094352, "median": 0.00400424748659, "min": 3.215486254e-12, "var": 2.64307550424e-06}, "spectral_rolloff": {"dmean": 1492.73327637, "dmean2": 2422.70703125, "dvar": 3605736.75, "dvar2": 7286317.5, "max": 18690.8203125, "mean": 6322.30615234, "median": 6072.36328125, "min": 516.796875, "var": 10746477}, "spectral_skewness": {"dmean": 0.14840246737, "dmean2": 0.231525048614, "dvar": 0.0319164693356, "dvar2": 0.0846945270896, "max": 4.33515834808, "mean": 1.19675529003, "median": 1.14273226261, "min": -0.184938162565, "var": 0.115695394576}, "spectral_spread": {"dmean": 636601.3125, "dmean2": 961610.375, "dvar": 716157485056, "dvar2": 1169086611460.0, "max": 40120948, "mean": 8006532, "median": 8319143, "min": 1563773.625, "var": 3272292696060.0}, "spectral_strongpeak": {"dmean": 1.62203192711, "dmean2": 2.73983120918, "dvar": 28.5810375214, "dvar2": 73.8007278442, "max": 82.7080993652, "mean": 3.33626770973, "median": 2.55398750305, "min": 0, "var": 24.9778881073}, "zerocrossingrate": {"dmean": 0.0229592267424, "dmean2": 0.0245744306594, "dvar": 0.000480642454932, "dvar2": 0.000658298900817, "max": 0.49951171875, "mean": 0.180326402187, "median": 0.173828125, "min": 0.0234375, "var": 0.00394743029028}, "barkbands": {"dmean": [1.9215404734e-07, 8.09850462247e-08, 1.79505570941e-06, 9.2251051683e-05, 0.000276457838481, 0.000136509115691, 0.000475318549434, 0.000448681501439, 0.000396532006562, 0.000121684555779, 0.000458991446067, 0.000511547899805, 0.0010615355568, 0.000604630331509, 0.000194757070858, 0.000187452853424, 0.000698975054547, 0.00026985880686, 0.000525585259311, 0.000115900795208, 0.000673966424074, 0.000602827873081, 0.000287192029646, 0.000386908912333, 0.000883004395291, 0.000434620276792, 5.33582569915e-05], "dmean2": [3.28599867316e-07, 1.42691661154e-07, 2.03302033697e-06, 0.000158823182574, 0.000415108370362, 0.000182369039976, 0.000713270681445, 0.000719018746167, 0.000626751745585, 0.000172343672602, 0.000696980045177, 0.000921172497328, 0.00150871207006, 0.00087810883997, 0.000266326940618, 0.000255801249295, 0.00107438315172, 0.000433506647823, 0.000870376767125, 0.000186948556802, 0.0010968077695, 0.000988173298538, 0.000471966923214, 0.000557303836104, 0.00130355625879, 0.000669572094921, 8.70708609e-05], "dvar": [2.60410670892e-13, 4.89627835617e-14, 1.09880979315e-10, 3.35677192709e-08, 2.97085847478e-07, 6.86779131343e-08, 1.33083631226e-06, 1.11720214591e-06, 1.37088784413e-06, 9.70839977299e-08, 2.05874903259e-06, 5.63515777685e-06, 6.25054644843e-06, 3.40580982083e-06, 4.5252178893e-07, 2.02250802772e-07, 1.14109741389e-06, 3.6816814486e-07, 2.01768398256e-06, 1.98871333623e-07, 1.2538126839e-06, 1.97764870791e-06, 5.74811679144e-07, 4.29707398553e-07, 3.06814899886e-06, 2.08478422792e-06, 1.08597086879e-08], "dvar2": [7.16919579258e-13, 1.39542443898e-13, 1.70650507614e-10, 1.15010365676e-07, 7.92319553966e-07, 1.26737148776e-07, 3.15414422403e-06, 3.46757883563e-06, 3.7136373976e-06, 1.59964855584e-07, 4.12484314438e-06, 1.88752073882e-05, 1.30036596602e-05, 6.85385521138e-06, 9.78579350885e-07, 4.13525924614e-07, 2.75757383861e-06, 9.48826482272e-07, 5.21788751939e-06, 4.21051794319e-07, 3.32236459144e-06, 4.69782844448e-06, 1.55849897965e-06, 1.07611379008e-06, 7.3354185588e-06, 4.63629021397e-06, 2.87824661882e-08], "max": [8.24167000246e-06, 5.28412283529e-06, 0.000396776187699, 0.0020256433636, 0.0137664545327, 0.00745956739411, 0.0154451895505, 0.0139331463724, 0.0270609948784, 0.00966709386557, 0.0415756106377, 0.0397790931165, 0.0311707928777, 0.0351509340107, 0.0129001224414, 0.00663608685136, 0.0116990115494, 0.00856203958392, 0.0150388684124, 0.0145952571183, 0.0102467397228, 0.0247595664114, 0.00882361922413, 0.0104740634561, 0.0328938141465, 0.034314237535, 0.00127687852364], "mean": [1.78935934514e-07, 9.6029950214e-08, 7.11767052053e-06, 0.000164462326211, 0.000918112928048, 0.00042857468361, 0.00088321819203, 0.00121754431166, 0.00107164960355, 0.00036531384103, 0.00107658444904, 0.000779551686719, 0.00278713274747, 0.00153312971815, 0.000431462598499, 0.000398563279305, 0.00106975191738, 0.000411122717196, 0.000548447889742, 0.000186999226571, 0.00086064147763, 0.000963310420047, 0.00039082422154, 0.000731214822736, 0.00150330201723, 0.000464143871795, 6.40568177914e-05], "median": [2.70650559742e-08, 5.34728457069e-08, 1.02644072797e-07, 3.05825305986e-05, 0.000372073584003, 0.000142656281241, 0.000243243019213, 0.00051518518012, 0.000298192433547, 8.19804117782e-05, 0.000191519837244, 6.94012487656e-05, 0.000361388112651, 0.000162040174473, 2.60696579062e-05, 7.43245909689e-05, 0.000484922667965, 5.50609365746e-05, 0.000111330373329, 1.70439416252e-05, 0.000390549335862, 0.000361321843229, 0.000149988904013, 0.000534839229658, 0.000899632286746, 7.17443035683e-05, 1.96160090127e-05], "min": [4.62157884747e-23, 8.62803930202e-23, 1.18431940136e-23, 1.9829820611e-23, 4.28317613625e-23, 8.12753671883e-23, 2.05896798339e-23, 4.91208918205e-23, 6.44829418968e-23, 8.12784658339e-23, 8.2153022277e-23, 1.61391260307e-22, 8.54695639165e-23, 1.29838894069e-22, 1.20330507454e-22, 8.07455366499e-23, 1.99413308332e-22, 1.50890941057e-22, 3.66821305426e-22, 3.77248935877e-22, 3.10591325346e-22, 6.05473337733e-22, 5.80583046991e-22, 7.59392192002e-22, 9.4297024731e-22, 1.63779883165e-21, 2.75922168409e-21], "var": [2.37805570591e-13, 3.87945765464e-14, 9.84816006522e-10, 7.69265682266e-08, 1.88614058061e-06, 5.12037047429e-07, 2.54136170952e-06, 3.66541712538e-06, 3.72399836124e-06, 7.16494014341e-07, 7.01763838151e-06, 7.41489293432e-06, 2.31995145441e-05, 1.12531961349e-05, 1.28811507238e-06, 6.70526162594e-07, 2.0178692921e-06, 7.9578506984e-07, 1.72913246388e-06, 6.0697658455e-07, 1.40804024795e-06, 2.81362213173e-06, 5.86226178712e-07, 6.33824072338e-07, 4.38913320977e-06, 2.41602970164e-06, 1.09586233421e-08]}, "erbbands": {"dmean": [4.69797669211e-06, 7.14327616151e-05, 0.00277810590342, 0.11451356858, 0.824032783508, 0.991363704205, 0.766374886036, 1.28847801685, 3.74542355537, 13.6803216934, 6.28835105896, 10.02202034, 4.60048723221, 3.26945090294, 22.7144508362, 28.9275150299, 49.5492935181, 37.6005477905, 11.8756580353, 9.8127117157, 10.9341964722, 31.9384059906, 18.6677112579, 28.9286785126, 13.286649704, 5.93981599808, 8.12914943695, 36.3508796692, 18.6372699738, 15.6555290222, 9.35213756561, 7.51314115524, 7.23064041138, 9.27866363525, 5.74757099152, 2.19785666466, 1.04685282707, 0.0843791216612, 0.0109381498769, 0.000482420582557], "dmean2": [8.06985462987e-06, 0.000110706539999, 0.00397423887625, 0.192588597536, 1.46486079693, 1.3653832674, 1.00017333031, 1.78063309193, 5.15810537338, 21.7313213348, 9.95624065399, 15.6824102402, 6.3632979393, 4.73722743988, 34.8888969421, 50.2951774597, 70.8709564209, 54.9993171692, 17.1905231476, 12.45266819, 16.0057563782, 47.8838233948, 30.7164993286, 47.5853347778, 21.8463573456, 9.44943141937, 13.1037492752, 58.9505386353, 29.3678016663, 26.4710769653, 15.6996326447, 11.8721199036, 10.3777494431, 13.6054897308, 8.87408161163, 3.38512802124, 1.65346181393, 0.13660030067, 0.0177914910018, 0.000751363288146], "dvar": [7.20879259064e-11, 2.68111719492e-08, 5.56702761969e-05, 0.0477973558009, 2.44951987267, 5.05175209045, 3.0931994915, 5.84886074066, 52.0425720215, 916.033935547, 212.962631226, 848.19342041, 159.351104736, 85.9105224609, 4498.34814453, 13203.4277344, 13286.5566406, 10733.1572266, 1587.8380127, 632.498718262, 285.022521973, 2385.80810547, 1443.02539062, 5340.11816406, 1103.62133789, 559.864685059, 210.57635498, 3366.86035156, 2026.50366211, 1369.51196289, 830.944702148, 307.514678955, 158.792800903, 314.776367188, 146.529998779, 49.971244812, 10.9300117493, 0.0337653122842, 0.000464900600491, 8.20451418804e-07], "dvar2": [2.11048220566e-10, 5.58373436377e-08, 0.000102673177025, 0.158388018608, 8.89274406433, 12.1050596237, 6.68405294418, 11.8492107391, 101.782592773, 2427.39794922, 532.495483398, 2215.02026367, 254.281845093, 160.473022461, 9487.4765625, 44287.4257812, 27918.2636719, 22531.0097656, 3480.9621582, 1295.07568359, 650.256164551, 5478.46533203, 4012.00878906, 13583.6738281, 2755.51538086, 1181.68603516, 494.935058594, 8827.90625, 4586.91210938, 3667.56054688, 2264.38549805, 822.965087891, 365.122161865, 863.284729004, 322.15914917, 107.286605835, 25.8592720032, 0.0867961272597, 0.00121459108777, 2.03428771783e-06], "max": [0.000166905971128, 0.00547056924552, 0.259771317244, 2.61700034142, 19.0104007721, 65.4051513672, 34.491771698, 65.3324127197, 146.716705322, 454.370941162, 355.315704346, 695.970397949, 391.857696533, 227.149581909, 1917.80078125, 1878.08764648, 1447.04248047, 1982.12023926, 809.558288574, 705.319274902, 199.021575928, 562.472412109, 604.497131348, 737.828491211, 480.033782959, 791.804443359, 251.213134766, 648.234069824, 931.195861816, 444.540771484, 367.863372803, 281.653900146, 288.112823486, 331.527038574, 258.610717773, 137.182891846, 60.5975036621, 2.59446549416, 0.390313535929, 0.0149995256215], "mean": [1.11380732051e-05, 0.000200399023015, 0.00846614036709, 0.236158847809, 1.60554611683, 3.30965638161, 3.08404064178, 3.83170700073, 9.08060741425, 27.9452915192, 20.3587608337, 28.1014480591, 15.4510803223, 8.61822605133, 52.5304222107, 51.3319969177, 133.804794312, 100.801956177, 30.4226322174, 26.2442932129, 21.885848999, 51.9341888428, 32.3385467529, 32.8885154724, 15.7477226257, 9.88356971741, 12.5082130432, 49.8523330688, 29.8076114655, 24.8989143372, 11.9019994736, 11.3953847885, 15.6688251495, 17.2893371582, 8.51761436462, 2.56144809723, 1.05882036686, 0.0970302522182, 0.0130687411875, 0.00067767460132], "median": [6.80466564518e-06, 7.06035425537e-05, 0.00176065694541, 0.0719329044223, 0.583429276943, 1.02730095387, 0.857477366924, 1.78797793388, 3.4474465847, 13.493262291, 7.82928180695, 10.0782012939, 4.60094022751, 3.12782168388, 12.8097600937, 15.8202915192, 23.9276866913, 20.3828144073, 5.97206354141, 5.12631368637, 10.422492981, 24.0391979218, 10.17299366, 7.15860319138, 3.04730129242, 1.20327293873, 4.7799282074, 24.2503242493, 11.8430194855, 11.3584270477, 2.60769367218, 7.07239627838, 11.5300693512, 10.6476068497, 4.81705284119, 0.625500619411, 0.148670732975, 0.0240286495537, 0.00376879796386, 0.000264178117504], "min": [4.48525439342e-21, 1.17386670912e-20, 1.57477982627e-20, 3.59099460307e-20, 1.48331087268e-19, 1.04058506803e-19, 3.57734651071e-19, 8.22295387253e-19, 1.56213110379e-19, 9.16290401799e-19, 1.07623900813e-18, 1.08099839858e-18, 1.39588134575e-18, 3.24898594792e-18, 5.99057434501e-18, 5.72780139828e-18, 3.5911148803e-18, 4.28424508433e-18, 9.31817801988e-18, 4.01883839453e-18, 5.97332101179e-18, 1.25709309483e-17, 6.68138554818e-18, 1.62857089166e-17, 1.84559661461e-17, 1.98378755842e-17, 1.23208841753e-17, 1.54615193891e-17, 2.29969527898e-17, 1.80755093865e-17, 1.60856387418e-17, 1.5711716709e-17, 1.20513308291e-17, 9.24474588818e-18, 7.71478104668e-18, 6.82098220272e-18, 3.03379697951e-18, 1.42745513993e-18, 4.13120493538e-19, 3.54121868659e-20], "var": [1.80614134759e-10, 1.84444772344e-07, 0.000437654292909, 0.1299508214, 5.50258970261, 32.2546730042, 21.6908035278, 37.8684043884, 179.801651001, 1614.33312988, 1398.26208496, 2539.36499023, 1261.11853027, 309.309844971, 14166.5712891, 17252.15625, 50150.9140625, 37190.859375, 4888.33398438, 2851.16699219, 859.805175781, 4666.81738281, 3417.12011719, 5321.92431641, 1266.45019531, 1732.78588867, 463.666442871, 4166.41259766, 3072.27661133, 1650.73388672, 838.171447754, 315.554412842, 265.53616333, 378.280975342, 215.601959229, 63.8706512451, 11.1746082306, 0.0329066254199, 0.000483938783873, 1.01141392861e-06]}, "gfcc": {"mean": [-20.7894058228, -46.9199256897, -151.291656494, -28.2281475067, -96.8994674683, -0.0870000943542, -62.3125343323, -3.08063983917, -28.5758724213, 2.04686450958, -22.3276367188, -0.115253835917, -21.5056438446], "cov": [[13920.3740234, -117.746528625, 1378.52746582, -412.770935059, 41.8810195923, 527.305236816, -1303.12060547, -469.329620361, -327.067779541, -187.968292236, -851.891601562, -401.999664307, -233.55116272], [-117.746528625, 3433.64575195, 936.385620117, 561.075683594, -44.4898338318, -478.966491699, -480.277130127, -850.821533203, -796.549865723, -831.344360352, -383.976623535, -103.238555908, 344.080688477], [1378.52746582, 936.385620117, 1039.90136719, 270.794891357, 46.0615234375, -149.130661011, -400.769989014, -275.165496826, -341.960845947, -333.942199707, -312.528015137, 24.8507385254, 180.929992676], [-412.770935059, 561.075683594, 270.794891357, 490.994873047, 138.593231201, -210.987716675, -76.5372772217, -245.742874146, -284.655914307, -204.43270874, 40.2144889832, 9.09133720398, 18.4352893829], [41.8810195923, -44.4898338318, 46.0615234375, 138.593231201, 240.95211792, 6.99307966232, -21.6344528198, -60.8294525146, -45.9936141968, 31.0661125183, 16.2596645355, -57.4718780518, -111.206916809], [527.305236816, -478.966491699, -149.130661011, -210.987716675, 6.99307966232, 343.48223877, 53.0020294189, 144.90953064, 234.92276001, 149.357177734, -58.4027023315, -92.5405883789, -41.5159912109], [-1303.12060547, -480.277130127, -400.769989014, -76.5372772217, -21.6344528198, 53.0020294189, 421.910614014, 253.664535522, 123.155975342, 79.9757843018, 123.829467773, 9.39063930511, -67.6766281128], [-469.329620361, -850.821533203, -275.165496826, -245.742874146, -60.8294525146, 144.90953064, 253.664535522, 477.184661865, 323.258178711, 187.03213501, 7.98242092133, -10.7063703537, -30.4665241241], [-327.067779541, -796.549865723, -341.960845947, -284.655914307, -45.9936141968, 234.92276001, 123.155975342, 323.258178711, 467.291046143, 295.633880615, 1.91298854351, -59.0505371094, -51.9062995911], [-187.968292236, -831.344360352, -333.942199707, -204.43270874, 31.0661125183, 149.357177734, 79.9757843018, 187.03213501, 295.633880615, 424.466796875, 198.303009033, 14.5757703781, -130.013442993], [-851.891601562, -383.976623535, -312.528015137, 40.2144889832, 16.2596645355, -58.4027023315, 123.829467773, 7.98242092133, 1.91298854351, 198.303009033, 386.337158203, 137.088668823, -110.997688293], [-401.999664307, -103.238555908, 24.8507385254, 9.09133720398, -57.4718780518, -92.5405883789, 9.39063930511, -10.7063703537, -59.0505371094, 14.5757703781, 137.088668823, 238.026443481, 88.6041030884], [-233.55116272, 344.080688477, 180.929992676, 18.4352893829, -111.206916809, -41.5159912109, -67.6766281128, -30.4665241241, -51.9062995911, -130.013442993, -110.997688293, 88.6041030884, 317.795013428]], "icov": [[0.000203220552066, 0.000188705060282, -4.47173370048e-05, 0.000162834388902, 0.000269453594228, -0.000355394295184, 0.000665397965349, -3.19746395689e-05, 0.000659742683638, -3.5400975321e-05, 0.00035070834565, 0.000168845843291, 0.000316239427775], [0.000188705060282, 0.00127421761863, -0.000408318621339, 0.000505584059283, 0.000452905078419, 0.000502671406139, 0.000369460874936, 0.00146992714144, 0.000455538305687, 0.00105594261549, -1.46025531649e-05, 0.00149773259182, -0.000510317739099], [-4.47173370048e-05, -0.000408318621339, 0.0034573986195, -0.00183494843077, 0.000101091696706, -0.000747267098632, 0.00228229630738, -0.00179962196853, 0.00220835814252, -0.00120211835019, 0.00328284804709, -0.00243315752596, 0.000492431747261], [0.000162834388902, 0.000505584059283, -0.00183494843077, 0.00657213944942, -0.00334044964984, 0.00208739819936, -0.00062315253308, 0.00193550717086, -0.000864750414621, 0.00342751364224, -0.00395306805149, 0.00298428139649, -0.00155944295693], [0.000269453594228, 0.000452905078419, 0.000101091696706, -0.00334044964984, 0.00831163208932, -0.00173097173683, 0.000832736783195, 7.03643599991e-05, 0.00270247762091, -0.00308793620206, 0.00291937892325, 0.000187863639439, 0.0028557300102], [-0.000355394295184, 0.000502671406139, -0.000747267098632, 0.00208739819936, -0.00173097173683, 0.00699016265571, -0.00222803279757, 0.00214053015225, -0.00362611864693, 0.000780831847806, -0.00106432428584, 0.00243001221679, -0.0017849591095], [0.000665397965349, 0.000369460874936, 0.00228229630738, -0.00062315253308, 0.000832736783195, -0.00222803279757, 0.00862855091691, -0.00444180890918, 0.00386254838668, 0.00105972739402, 0.000679513206705, -0.000230874109548, 0.00160390918609], [-3.19746395689e-05, 0.00146992714144, -0.00179962196853, 0.00193550717086, 7.03643599991e-05, 0.00214053015225, -0.00444180890918, 0.00880767311901, -0.00448667351156, 0.00142870808486, -0.000294962548651, 0.00152541778516, -0.00117663061246], [0.000659742683638, 0.000455538305687, 0.00220835814252, -0.000864750414621, 0.00270247762091, -0.00362611864693, 0.00386254838668, -0.00448667351156, 0.0126294270158, -0.00614481465891, 0.00536467274651, 2.64090758719e-05, 0.00106418691576], [-3.5400975321e-05, 0.00105594261549, -0.00120211835019, 0.00342751364224, -0.00308793620206, 0.000780831847806, 0.00105972739402, 0.00142870808486, -0.00614481465891, 0.0117040956393, -0.00752661144361, 0.00236608460546, -0.000803561299108], [0.00035070834565, -1.46025531649e-05, 0.00328284804709, -0.00395306805149, 0.00291937892325, -0.00106432428584, 0.000679513206705, -0.000294962548651, 0.00536467274651, -0.00752661144361, 0.0132309999317, -0.00663537345827, 0.00390107976273], [0.000168845843291, 0.00149773259182, -0.00243315752596, 0.00298428139649, 0.000187863639439, 0.00243001221679, -0.000230874109548, 0.00152541778516, 2.64090758719e-05, 0.00236608460546, -0.00663537345827, 0.0116660753265, -0.00440298207104], [0.000316239427775, -0.000510317739099, 0.000492431747261, -0.00155944295693, 0.0028557300102, -0.0017849591095, 0.00160390918609, -0.00117663061246, 0.00106418691576, -0.000803561299108, 0.00390107976273, -0.00440298207104, 0.00717182736844]]}, "melbands": {"dmean": [2.810725519e-08, 4.60850856143e-07, 4.61060553789e-05, 5.85414309171e-05, 3.44960717484e-05, 2.97003170999e-05, 6.69632136123e-05, 0.000145851619891, 5.72882163397e-05, 5.67576280446e-05, 2.16946809815e-05, 1.0418837519e-05, 6.45325417281e-05, 7.65617078287e-05, 8.06388561614e-05, 0.000105550891021, 7.64467040426e-05, 1.8447972252e-05, 9.7193997135e-06, 1.95225802599e-05, 1.3859154933e-05, 3.21991792589e-05, 3.51968228642e-05, 9.26113261812e-06, 2.67939740297e-05, 1.82564690476e-05, 2.50764310294e-06, 4.83932990392e-06, 2.77589901998e-06, 1.35636319101e-05, 2.6335428629e-05, 1.14677695819e-05, 1.27340272229e-05, 7.25541349311e-06, 6.43431167191e-06, 3.18429442814e-06, 5.92717469772e-06, 6.50240917821e-06, 5.4363417803e-06, 8.55182497617e-06], "dmean2": [4.8390059959e-08, 5.35329547802e-07, 8.16605024738e-05, 9.26301290747e-05, 4.50706465926e-05, 3.99357923015e-05, 9.46149302763e-05, 0.000233772050706, 9.1937603429e-05, 8.7369546236e-05, 3.01225009025e-05, 1.54100325744e-05, 9.86406521406e-05, 0.000133485606057, 0.000124429221614, 0.000147077313159, 0.000112650544907, 2.64453847194e-05, 1.29480595206e-05, 2.56705388892e-05, 2.16445987462e-05, 4.7489105782e-05, 5.76698221266e-05, 1.47270147863e-05, 4.4224820158e-05, 3.05641333398e-05, 4.18244553657e-06, 7.72236035118e-06, 4.69137603432e-06, 2.10596444958e-05, 4.3578515033e-05, 1.82862168003e-05, 2.1989662855e-05, 1.21525754366e-05, 1.09508055175e-05, 5.1247261581e-06, 9.31393879e-06, 9.27075052459e-06, 8.11862082628e-06, 1.25133874462e-05], "dvar": [4.17241865312e-15, 7.15278097169e-12, 8.2252284983e-09, 1.31285906591e-08, 6.27668095277e-09, 3.24969628984e-09, 1.76874763724e-08, 9.77186118689e-08, 2.09121484573e-08, 2.54093350804e-08, 3.83114606706e-09, 1.01308972322e-09, 4.00263679978e-08, 9.36678148378e-08, 3.96839183736e-08, 7.06594818212e-08, 5.42539630999e-08, 3.98280253222e-09, 9.50448053594e-10, 2.15473971998e-09, 5.11187758789e-10, 2.24622564993e-09, 4.0844567728e-09, 3.78889919439e-10, 4.75843497938e-09, 2.67601918402e-09, 4.35082109229e-11, 5.00366248435e-10, 6.9671872438e-11, 4.73003081147e-10, 1.80747727896e-09, 9.99961446979e-10, 8.65041760445e-10, 2.89781337814e-10, 4.14710321639e-10, 1.21205046e-10, 1.21881962856e-10, 1.6282838966e-10, 9.01983071566e-11, 3.2009253581e-10], "dvar2": [1.14544282398e-14, 1.11930985314e-11, 2.9733348228e-08, 3.84457869984e-08, 1.33072637354e-08, 6.0959020054e-09, 3.79032059072e-08, 2.74100472097e-07, 5.56979493638e-08, 6.49203357739e-08, 6.10922690214e-09, 1.97998306639e-09, 8.0106893563e-08, 3.12563372518e-07, 9.45018143739e-08, 1.43188472634e-07, 1.11703236882e-07, 8.89431284179e-09, 1.9782602223e-09, 4.40398029156e-09, 1.30544886012e-09, 5.03563768461e-09, 1.1035543146e-08, 1.00082631072e-09, 1.21191545688e-08, 6.93461954526e-09, 1.0902545533e-10, 1.0530377681e-09, 1.59042432002e-10, 1.12269282759e-09, 4.82067497032e-09, 2.15090789624e-09, 2.29984697953e-09, 7.96167964889e-10, 1.12743325786e-09, 3.06920516779e-10, 3.23273019465e-10, 3.74275110904e-10, 2.29589292022e-10, 8.88682127886e-10], "max": [1.28471299377e-06, 9.96942981146e-05, 0.00103259040043, 0.00288475956768, 0.00164223695174, 0.00162125891075, 0.00217840634286, 0.00443803751841, 0.00262345885858, 0.00373675511219, 0.00191619060934, 0.000775352178607, 0.00585759151727, 0.0054547842592, 0.00263350945897, 0.00367359630764, 0.00437639933079, 0.00123671710026, 0.000713992922101, 0.000658396922518, 0.000284842186375, 0.000465101533337, 0.0010162841063, 0.000260037661064, 0.000700798409525, 0.000550749304239, 0.000111630411993, 0.000758468464483, 0.000184093718417, 0.000136784132337, 0.000513416889589, 0.000742826377973, 0.000348276138538, 0.0001890322892, 0.00027509679785, 0.000168114842381, 0.000157900751219, 0.00031530848355, 0.000194576525246, 0.000269420008408], "mean": [3.59169050057e-08, 1.80553536211e-06, 8.36164035718e-05, 0.000172719053808, 0.000134093177621, 8.98501530173e-05, 0.000148282488226, 0.000311394513119, 0.000171105217305, 0.000164050652529, 6.98346775607e-05, 2.21437621803e-05, 0.000154179622768, 0.000129958891193, 0.000188997233636, 0.000271330471151, 0.000187645695405, 4.51737760159e-05, 2.26015763474e-05, 4.58781250927e-05, 2.21612026508e-05, 5.0440459745e-05, 5.49856631551e-05, 1.46104521264e-05, 2.89891777356e-05, 1.79604394361e-05, 3.67541679225e-06, 7.88094712334e-06, 4.40118674305e-06, 1.73071948666e-05, 3.4894059354e-05, 1.66117406479e-05, 1.75574932655e-05, 1.11340032163e-05, 7.75338685344e-06, 3.30486500388e-06, 8.69885752763e-06, 1.38213799801e-05, 1.04458122223e-05, 1.51941994773e-05], "median": [1.8634688459e-08, 4.03126847459e-08, 2.652305011e-05, 7.42879783502e-05, 3.66116437363e-05, 3.76184143533e-05, 4.79384798382e-05, 0.000154140710947, 4.93361840199e-05, 4.83018884552e-05, 1.79029284482e-05, 5.12098222316e-06, 2.74869235e-05, 2.67330196948e-05, 3.7252670154e-05, 4.22427547164e-05, 2.15536001633e-05, 4.63619107904e-06, 1.54303359068e-06, 5.48712432646e-06, 1.03054126157e-05, 2.17565029743e-05, 1.92014449567e-05, 2.18372383642e-06, 4.85053487864e-06, 2.43503586717e-06, 4.5042719421e-07, 4.95240840337e-07, 1.17342824524e-06, 7.23170705896e-06, 1.65423443832e-05, 4.41322754341e-06, 7.10481981514e-06, 4.92838626087e-06, 1.21847870105e-06, 4.06837870059e-07, 5.62142076888e-06, 9.97873121378e-06, 6.42643908577e-06, 8.95140328794e-06], "min": [3.3115497277e-23, 1.03417455864e-23, 1.05160175821e-23, 8.71363370791e-24, 1.10681760396e-23, 1.66257942024e-23, 2.58087678057e-24, 1.03590137516e-23, 9.3964953733e-24, 7.50988718681e-24, 7.08082495159e-24, 1.30878824157e-23, 1.55555513455e-23, 1.78765394786e-23, 1.11759517942e-23, 8.61970009562e-24, 7.7357475303e-24, 1.68907978241e-23, 8.40636134127e-24, 4.25876104901e-24, 6.49119481229e-24, 1.46349806458e-23, 6.08510893981e-24, 7.28577890338e-24, 1.42750723241e-23, 9.31570339483e-24, 1.60003963208e-23, 1.27019984822e-23, 8.44837528422e-24, 6.55233311017e-24, 9.4547456514e-24, 1.33762094989e-23, 1.07610433013e-23, 1.04388464752e-23, 9.55796810085e-24, 7.98196995148e-24, 1.09425909612e-23, 7.78810107314e-24, 9.42973008323e-24, 7.23077952107e-24], "var": [3.93834660386e-15, 6.30180907457e-11, 1.54910573258e-08, 7.02862976709e-08, 4.4868741611e-08, 2.30372965149e-08, 5.13085680609e-08, 1.83282637067e-07, 9.57947463576e-08, 8.35512281583e-08, 2.98034912305e-08, 3.45087425302e-09, 1.40740311849e-07, 1.25909622284e-07, 1.1621801832e-07, 2.53114080806e-07, 1.73520007252e-07, 1.29686741346e-08, 3.18581450109e-09, 7.94287124961e-09, 8.82279749259e-10, 4.17681800258e-09, 8.05044386709e-09, 8.82355077891e-10, 4.6347166105e-09, 2.375191821e-09, 7.23791027113e-11, 1.5618595306e-09, 1.71747741029e-10, 6.17227824407e-10, 2.21019336166e-09, 1.50287526868e-09, 9.08388142484e-10, 3.52461948516e-10, 4.15075224192e-10, 1.12399541063e-10, 1.40944061977e-10, 2.45266335019e-10, 1.30625968375e-10, 3.47354672803e-10]}, "mfcc": {"mean": [-676.709960938, 9.88066482544, -22.2500686646, -40.8233299255, -23.6334247589, -24.4855194092, -32.2220115662, -21.5351715088, -6.80975103378, -35.8400039673, 13.9538469315, 8.27205753326, -13.2906103134], "cov": [[9393.17285156, 1251.52490234, 175.807449341, -283.464904785, 52.1468009949, 49.337688446, -493.745880127, -551.433105469, -633.663574219, -607.158569336, -700.029602051, -819.201660156, -577.331848145], [1251.52490234, 2687.09741211, 857.389221191, 157.286499023, 3.38734269142, 16.0105228424, -156.177093506, -259.829711914, -306.65713501, -671.421569824, -1155.01916504, -889.034973145, -289.256195068], [175.807449341, 857.389221191, 628.385742188, 199.277664185, 64.1655273438, -51.3678512573, -89.6732330322, -67.7107315063, -19.3168411255, -389.535247803, -560.030212402, -280.911895752, -26.8514385223], [-283.464904785, 157.286499023, 199.277664185, 518.05682373, 128.736099243, 15.4414997101, 156.152572632, -21.4436855316, -366.196990967, -94.9351882935, -210.429794312, -132.624359131, 35.6552963257], [52.1468009949, 3.38734269142, 64.1655273438, 128.736099243, 280.398986816, 101.386177063, -58.7408409119, -131.695114136, -59.2471427917, -24.3235397339, 9.77394390106, -39.5952415466, -44.6008071899], [49.337688446, 16.0105228424, -51.3678512573, 15.4414997101, 101.386177063, 238.850128174, 25.7204265594, -107.036987305, -113.465187073, 26.994764328, 44.0565032959, -7.22300386429, -17.2528648376], [-493.745880127, -156.177093506, -89.6732330322, 156.152572632, -58.7408409119, 25.7204265594, 270.209503174, 108.224105835, -157.392227173, 100.715118408, 19.7740287781, 10.4705085754, 40.0509490967], [-551.433105469, -259.829711914, -67.7107315063, -21.4436855316, -131.695114136, -107.036987305, 108.224105835, 294.87689209, 166.014419556, 119.301589966, 111.450935364, 45.8105964661, -14.516336441], [-633.663574219, -306.65713501, -19.3168411255, -366.196990967, -59.2471427917, -113.465187073, -157.392227173, 166.014419556, 848.204162598, 139.902389526, 139.265228271, 165.201873779, 22.3376216888], [-607.158569336, -671.421569824, -389.535247803, -94.9351882935, -24.3235397339, 26.994764328, 100.715118408, 119.301589966, 139.902389526, 648.503723145, 491.158508301, 85.6182174683, -119.800430298], [-700.029602051, -1155.01916504, -560.030212402, -210.429794312, 9.77394390106, 44.0565032959, 19.7740287781, 111.450935364, 139.265228271, 491.158508301, 987.397705078, 502.115966797, -70.4819335938], [-819.201660156, -889.034973145, -280.911895752, -132.624359131, -39.5952415466, -7.22300386429, 10.4705085754, 45.8105964661, 165.201873779, 85.6182174683, 502.115966797, 684.025634766, 327.163818359], [-577.331848145, -289.256195068, -26.8514385223, 35.6552963257, -44.6008071899, -17.2528648376, 40.0509490967, -14.516336441, 22.3376216888, -119.800430298, -70.4819335938, 327.163818359, 540.727905273]], "icov": [[0.000178952730494, 8.42780282255e-05, 0.000147730490426, 0.000168801867403, 6.47647320875e-05, 5.16309773957e-05, 0.000287456292426, 0.000155865665874, 0.000193741376279, 0.000143064389704, 0.000171284496901, 0.000123795354739, 0.000193355575902], [8.42780282255e-05, 0.00136289664079, -0.0009410349885, 0.000546357070561, 0.000648069893941, -0.000248162366915, 0.000120578202768, 0.000678045209497, 0.000334763230057, 0.000424788158853, 0.000449815270258, 0.00094338710187, 0.000359227095032], [0.000147730490426, -0.0009410349885, 0.0060938866809, -0.0025829935912, -0.000301620137179, 0.000154239023686, 0.0020361347124, -0.000626996450592, -0.00108591048047, 0.00124659005087, 0.00205127173103, -0.000987131963484, 0.00112534279469], [0.000168801867403, 0.000546357070561, -0.0025829935912, 0.00669032055885, -0.00365269556642, 0.00164450216107, -0.00289262738079, -0.000850840646308, 0.00270407483913, -0.000577810627874, 0.000534480554052, 0.000334804994054, -0.000526955293026], [6.47647320875e-05, 0.000648069893941, -0.000301620137179, -0.00365269556642, 0.00822080671787, -0.00269519188441, 0.0021698018536, 0.00308784586377, -0.00146126141772, 0.000722971977666, -0.00127734895796, 0.00128974928521, 0.000429658801295], [5.16309773957e-05, -0.000248162366915, 0.000154239023686, 0.00164450216107, -0.00269519188441, 0.00685288058594, -0.00267429254018, 0.00216362974606, 0.000519210239872, -8.19850974949e-05, -0.000434856687207, 0.000209056641324, -0.000148675550008], [0.000287456292426, 0.000120578202768, 0.0020361347124, -0.00289262738079, 0.0021698018536, -0.00267429254018, 0.00997498910874, -0.00373198185116, 0.00147197640035, -0.0012155395234, 0.0022051515989, -0.00111375621054, 0.000549076474272], [0.000155865665874, 0.000678045209497, -0.000626996450592, -0.000850840646308, 0.00308784586377, 0.00216362974606, -0.00373198185116, 0.00884534791112, -0.0021753848996, 0.000952682341449, -0.00177013885695, 0.0018548797816, 0.000339633348631], [0.000193741376279, 0.000334763230057, -0.00108591048047, 0.00270407483913, -0.00146126141772, 0.000519210239872, 0.00147197640035, -0.0021753848996, 0.00341629539616, -0.00119720993098, 0.00131488486659, -0.000960082397796, 0.000228221921134], [0.000143064389704, 0.000424788158853, 0.00124659005087, -0.000577810627874, 0.000722971977666, -8.19850974949e-05, -0.0012155395234, 0.000952682341449, -0.00119720993098, 0.00444008037448, -0.00230889907107, 0.00265269819647, -0.000220165311475], [0.000171284496901, 0.000449815270258, 0.00205127173103, 0.000534480554052, -0.00127734895796, -0.000434856687207, 0.0022051515989, -0.00177013885695, 0.00131488486659, -0.00230889907107, 0.00692432094365, -0.0050758337602, 0.00356782926247], [0.000123795354739, 0.00094338710187, -0.000987131963484, 0.000334804994054, 0.00128974928521, 0.000209056641324, -0.00111375621054, 0.0018548797816, -0.000960082397796, 0.00265269819647, -0.0050758337602, 0.00804909411818, -0.00409321347252], [0.000193355575902, 0.000359227095032, 0.00112534279469, -0.000526955293026, 0.000429658801295, -0.000148675550008, 0.000549076474272, 0.000339633348631, 0.000228221921134, -0.000220165311475, 0.00356782926247, -0.00409321347252, 0.00522116012871]]}, "spectral_contrast_coeffs": {"dmean": [0.0402978025377, 0.0391563847661, 0.0385078862309, 0.0332250669599, 0.0365111008286, 0.0234314929694], "dmean2": [0.0672130063176, 0.0636247172952, 0.0639357119799, 0.0525723621249, 0.0591331198812, 0.0370769649744], "dvar": [0.00133237009868, 0.00142848223913, 0.00146294629667, 0.00126389123034, 0.000882718421053, 0.000382451806217], "dvar2": [0.00365072023124, 0.00355606363155, 0.00371278659441, 0.00297463755123, 0.00223333970644, 0.000811401579995], "max": [-0.219728857279, -0.350772380829, -0.399676591158, -0.433837383986, -0.543212294579, -0.614677190781], "mean": [-0.519025444984, -0.621707618237, -0.640170872211, -0.629230260849, -0.706013262272, -0.692999839783], "median": [-0.424445927143, -0.638582706451, -0.644507408142, -0.623918890953, -0.70383310318, -0.68780964613], "min": [-0.965475201607, -0.957006216049, -0.976803719997, -0.960876822472, -0.96338224411, -0.960146546364], "var": [0.0431071743369, 0.0101489182562, 0.0094624441117, 0.00686197960749, 0.0022130778525, 0.00133178033866]}, "spectral_contrast_valleys": {"dmean": [0.496645718813, 0.382118850946, 0.398240566254, 0.360650628805, 0.386827677488, 0.333276927471], "dmean2": [0.84653377533, 0.615302443504, 0.646333873272, 0.571059703827, 0.601453959942, 0.482449501753], "dvar": [0.233953177929, 0.336040854454, 0.34808626771, 0.34647127986, 0.252512603998, 0.218562319875], "dvar2": [0.516634583473, 0.596172213554, 0.65322124958, 0.625115811825, 0.39775082469, 0.322979539633], "max": [-9.25695133209, -5.33243