{"lowlevel": {"average_loudness": 0.966063261032, "barkbands_crest": {"dmean": 2.58032488823, "dmean2": 4.1657576561, "dvar": 5.95749855042, "dvar2": 15.0969333649, "max": 25.7007255554, "mean": 10.9223384857, "median": 10.0259532928, "min": 2.56204128265, "var": 19.0630073547}, "barkbands_flatness_db": {"dmean": 0.0233749449253, "dmean2": 0.0366642251611, "dvar": 0.000626453082077, "dvar2": 0.00141848006751, "max": 0.591603696346, "mean": 0.149734675884, "median": 0.129780203104, "min": 0.0297902245075, "var": 0.00511089665815}, "barkbands_kurtosis": {"dmean": 5.09915733337, "dmean2": 8.06072616577, "dvar": 148.735916138, "dvar2": 338.203552246, "max": 471.491577148, "mean": 9.09097099304, "median": 1.85166788101, "min": -1.88802230358, "var": 617.247314453}, "barkbands_skewness": {"dmean": 0.677681982517, "dmean2": 1.05819857121, "dvar": 0.643085479736, "dvar2": 1.48937094212, "max": 17.6581478119, "mean": 1.99874687195, "median": 1.60079693794, "min": -3.41668987274, "var": 3.90600252151}, "barkbands_spread": {"dmean": 6.36682319641, "dmean2": 10.2217588425, "dvar": 55.7621688843, "dvar2": 135.740951538, "max": 123.229957581, "mean": 25.1473312378, "median": 24.6309432983, "min": 0.246173724532, "var": 211.718826294}, "dissonance": {"dmean": 0.0101781291887, "dmean2": 0.0168373994529, "dvar": 0.000198258290766, "dvar2": 0.000550633238163, "max": 0.500000119209, "mean": 0.480051010847, "median": 0.485855996609, "min": 0.0959876850247, "var": 0.000405573460739}, "dynamic_complexity": 4.38014888763, "erbbands_crest": {"dmean": 2.04984498024, "dmean2": 3.35864019394, "dvar": 3.95497059822, "dvar2": 9.87014961243, "max": 33.4392280579, "mean": 8.02175331116, "median": 7.30608320236, "min": 2.58182883263, "var": 11.5950469971}, "erbbands_flatness_db": {"dmean": 0.0158643927425, "dmean2": 0.02330320701, "dvar": 0.000281680200715, "dvar2": 0.000511164776981, "max": 0.429370313883, "mean": 0.14772169292, "median": 0.144188463688, "min": 0.0388064496219, "var": 0.00180626648944}, "erbbands_kurtosis": {"dmean": 1.00165688992, "dmean2": 1.56507623196, "dvar": 2.86341929436, "dvar2": 5.8596200943, "max": 74.9591522217, "mean": 1.01023793221, "median": 0.297919511795, "min": -1.83813846111, "var": 11.28444767}, "erbbands_skewness": {"dmean": 0.334291815758, "dmean2": 0.505518972874, "dvar": 0.123638994992, "dvar2": 0.257576555014, "max": 6.52869319916, "mean": -0.449628770351, "median": -0.574996292591, "min": -4.11111593246, "var": 0.80846452713}, "erbbands_spread": {"dmean": 9.35887336731, "dmean2": 14.5975856781, "dvar": 114.889190674, "dvar2": 257.95614624, "max": 149.656982422, "mean": 40.8843536377, "median": 35.4873580933, "min": 2.06412649155, "var": 491.226898193}, "hfc": {"dmean": 6.85097169876, "dmean2": 10.2383146286, "dvar": 83.4617538452, "dvar2": 192.661010742, "max": 105.319229126, "mean": 25.3917694092, "median": 24.8963165283, "min": 1.04991024214e-16, "var": 345.449157715}, "melbands_crest": {"dmean": 3.88222432137, "dmean2": 5.93806934357, "dvar": 12.4272356033, "dvar2": 27.2387142181, "max": 38.7851638794, "mean": 17.6241912842, "median": 17.2896595001, "min": 1.58981251717, "var": 41.1404876709}, "melbands_flatness_db": {"dmean": 0.0297557301819, "dmean2": 0.0470271706581, "dvar": 0.000999667332508, "dvar2": 0.00234045204706, "max": 0.720911026001, "mean": 0.22540165484, "median": 0.207982689142, "min": 0.003693171544, "var": 0.00835218466818}, "melbands_kurtosis": {"dmean": 14.5032835007, "dmean2": 23.1650810242, "dvar": 1093.7623291, "dvar2": 2398.44946289, "max": 1179.23730469, "mean": 30.1170425415, "median": 10.5042438507, "min": -1.83019411564, "var": 3737.51074219}, "melbands_skewness": {"dmean": 1.00386428833, "dmean2": 1.56806313992, "dvar": 1.40658044815, "dvar2": 3.1585187912, "max": 29.4009056091, "mean": 3.81705164909, "median": 3.09289002419, "min": -2.0155518055, "var": 7.79312896729}, "melbands_spread": {"dmean": 7.59184789658, "dmean2": 12.1800642014, "dvar": 84.3362350464, "dvar2": 196.111434937, "max": 198.877471924, "mean": 24.9365653992, "median": 19.785572052, "min": 0.303252160549, "var": 611.147827148}, "pitch_salience": {"dmean": 0.0766784772277, "dmean2": 0.120855763555, "dvar": 0.00507491501048, "dvar2": 0.0127970799804, "max": 0.942758798599, "mean": 0.512261867523, "median": 0.52143406868, "min": 0.0455177314579, "var": 0.0152200991288}, "silence_rate_20dB": {"dmean": 0, "dmean2": 0, "dvar": 0, "dvar2": 0, "max": 1, "mean": 1, "median": 1, "min": 1, "var": 0}, "silence_rate_30dB": {"dmean": 0.0569969527423, "dmean2": 0.114003293216, "dvar": 0.0537409111857, "dvar2": 0.137889862061, "max": 1, "mean": 0.959561824799, "median": 1, "min": 0, "var": 0.0388076379895}, "silence_rate_60dB": {"dmean": 0.00164731079713, "dmean2": 0.00329489284195, "dvar": 0.00164427666459, "dvar2": 0.00377881084569, "max": 1, "mean": 0.125761821866, "median": 0, "min": 0, "var": 0.109937906265}, "spectral_centroid": {"dmean": 265.015197754, "dmean2": 420.654724121, "dvar": 97729.09375, "dvar2": 235403.828125, "max": 11736.8447266, "mean": 1625.41442871, "median": 1568.55859375, "min": 113.862930298, "var": 1278516.5}, "spectral_complexity": {"dmean": 3.93427228928, "dmean2": 6.01466226578, "dvar": 19.5895423889, "dvar2": 42.2935256958, "max": 59, "mean": 24.1538467407, "median": 28, "min": 0, "var": 209.055282593}, "spectral_decrease": {"dmean": 4.18037116034e-09, "dmean2": 6.50239284639e-09, "dvar": 3.26822931225e-17, "dvar2": 7.66812442053e-17, "max": 7.69342407044e-18, "mean": -1.20468213183e-08, "median": -1.11801394809e-08, "min": -5.85513610929e-08, "var": 6.92391730261e-17}, "spectral_energy": {"dmean": 0.0160664990544, "dmean2": 0.0248756241053, "dvar": 0.00047513525351, "dvar2": 0.00111051695421, "max": 0.223357781768, "mean": 0.0477704294026, "median": 0.0449426285923, "min": 1.00299308577e-20, "var": 0.00104335707147}, "spectral_energyband_high": {"dmean": 0.000536968698725, "dmean2": 0.000854971294757, "dvar": 9.89295017462e-07, "dvar2": 2.45455862569e-06, "max": 0.0120476353914, "mean": 0.000926510780118, "median": 0.000524946372025, "min": 6.96391725481e-21, "var": 1.46267029777e-06}, "spectral_energyband_low": {"dmean": 0.0141785917804, "dmean2": 0.0223178192973, "dvar": 0.00042646221118, "dvar2": 0.00101197615732, "max": 0.216831192374, "mean": 0.0307021606714, "median": 0.0240260735154, "min": 9.10873784773e-24, "var": 0.000763391319197}, "spectral_energyband_middle_high": {"dmean": 0.00196871720254, "dmean2": 0.00296552455984, "dvar": 6.61597823637e-06, "dvar2": 1.51249305418e-05, "max": 0.0447600595653, "mean": 0.00749318068847, "median": 0.00665024109185, "min": 1.06820652296e-21, "var": 4.27534469054e-05}, "spectral_energyband_middle_low": {"dmean": 0.00479129422456, "dmean2": 0.00779434526339, "dvar": 6.41685546725e-05, "dvar2": 0.000159964809427, "max": 0.0923243686557, "mean": 0.0106647415087, "median": 0.00838954281062, "min": 1.27179574538e-22, "var": 0.000100798628409}, "spectral_entropy": {"dmean": 0.145100310445, "dmean2": 0.216878831387, "dvar": 0.0307286921889, "dvar2": 0.0644614771008, "max": 9.82360172272, "mean": 7.69905233383, "median": 7.75569486618, "min": 4.39138698578, "var": 0.270700752735}, "spectral_flux": {"dmean": 0.0364186093211, "dmean2": 0.0573168694973, "dvar": 0.0020615356043, "dvar2": 0.0041680703871, "max": 0.416545748711, "mean": 0.0998779088259, "median": 0.0917399525642, "min": 6.22853296717e-11, "var": 0.00460078893229}, "spectral_kurtosis": {"dmean": 1.78907752037, "dmean2": 2.98565793037, "dvar": 8.85238647461, "dvar2": 24.7696075439, "max": 117.32711792, "mean": 5.03995990753, "median": 3.75435829163, "min": -1.26711416245, "var": 55.9279708862}, "spectral_rms": {"dmean": 0.00103698438033, "dmean2": 0.00157445436344, "dvar": 1.61748596383e-06, "dvar2": 3.55811494046e-06, "max": 0.014761775732, "mean": 0.00620041368529, "median": 0.00662166625261, "min": 3.12814617959e-12, "var": 8.16003648652e-06}, "spectral_rolloff": {"dmean": 453.476074219, "dmean2": 775.060791016, "dvar": 627397.125, "dvar2": 1577116.5, "max": 19509.0820312, "mean": 1655.9675293, "median": 990.52734375, "min": 43.06640625, "var": 8529375}, "spectral_skewness": {"dmean": 0.242249131203, "dmean2": 0.391612261534, "dvar": 0.0763950198889, "dvar2": 0.196637362242, "max": 8.37120819092, "mean": 1.46525681019, "median": 1.38892757893, "min": -0.0749757289886, "var": 0.507007718086}, "spectral_spread": {"dmean": 485832.09375, "dmean2": 713715.5, "dvar": 454796115968, "dvar2": 796662038528, "max": 42780876, "mean": 4561079.5, "median": 4028347.75, "min": 746292.625, "var": 13556317683700.0}, "spectral_strongpeak": {"dmean": 0.261071443558, "dmean2": 0.456328392029, "dvar": 0.465091764927, "dvar2": 1.214179039, "max": 14.9781131744, "mean": 0.455845177174, "median": 0.341780900955, "min": 0, "var": 0.446910887957}, "zerocrossingrate": {"dmean": 0.00940040964633, "dmean2": 0.0117035871372, "dvar": 9.8561104096e-05, "dvar2": 0.000144300720422, "max": 0.56640625, "mean": 0.0602340474725, "median": 0.0478515625, "min": 0.00244140625, "var": 0.00611680699512}, "barkbands": {"dmean": [0.00255980156362, 0.0107831293717, 0.00445905094966, 0.00291592022404, 0.00212354375981, 0.000503784045577, 0.000344670756022, 0.00017932690389, 0.000412711349782, 0.000408333609812, 0.000248128635576, 0.000283285131445, 0.000239340035478, 0.000412961555412, 0.000399555399781, 0.000717908435035, 0.000523928320035, 0.000240889872657, 0.000151616666699, 0.000150148669491, 0.000197194021894, 0.000144284815178, 7.03316036379e-05, 5.36019069841e-05, 3.33364696417e-05, 2.52117679338e-05, 4.38802362623e-06], "dmean2": [0.00346004008316, 0.0171249415725, 0.00784330908209, 0.00501649221405, 0.00357397436164, 0.000789555546362, 0.000498267996591, 0.000270208693109, 0.000592922966462, 0.000606091110967, 0.000382966070902, 0.000443171447841, 0.000384818558814, 0.000663754413836, 0.000651071080938, 0.00114501034841, 0.000860005558934, 0.00039208313683, 0.000250167911872, 0.00024198796018, 0.000333626114298, 0.000242768073804, 0.000110876688268, 8.20482964627e-05, 5.13237282576e-05, 4.07130173699e-05, 7.33071283321e-06], "dvar": [1.19634296425e-05, 0.000286969618173, 6.30159047432e-05, 2.4678562113e-05, 2.02688406716e-05, 1.2128821254e-06, 7.73335784743e-07, 8.80791048985e-08, 9.67750111158e-07, 8.2853529193e-07, 5.07362642566e-07, 1.0635342278e-06, 4.21682472052e-07, 4.60124709889e-07, 3.76246276801e-07, 1.30123112285e-06, 7.03464763774e-07, 1.60547031669e-07, 6.22934734906e-08, 6.5509212277e-08, 1.68144865142e-07, 7.4515412507e-08, 1.50188643744e-08, 1.25394592487e-08, 6.22693852037e-09, 7.82623654771e-09, 3.14016618264e-10], "dvar2": [2.1300451408e-05, 0.000689995242283, 0.00017809603014, 6.61847006995e-05, 5.39439715794e-05, 2.63990818894e-06, 1.51904805534e-06, 1.80012776241e-07, 2.03546551347e-06, 1.64551852322e-06, 1.15486204777e-06, 2.38698794419e-06, 1.05094363789e-06, 1.12645557238e-06, 9.84761527434e-07, 3.21147172144e-06, 1.89377806237e-06, 3.95732854486e-07, 1.56671973173e-07, 1.61071241678e-07, 4.50882026826e-07, 1.96798026764e-07, 3.59874228195e-08, 2.94390058997e-08, 1.50690073752e-08, 1.90104394449e-08, 7.70053298904e-10], "max": [0.0295158755034, 0.186220407486, 0.0917140170932, 0.067733310163, 0.0576498433948, 0.0289229825139, 0.020532425493, 0.0069643529132, 0.0288995020092, 0.0311959721148, 0.0313817709684, 0.0342998988926, 0.0181884746999, 0.0169488023967, 0.0113840950653, 0.0207708384842, 0.0184380747378, 0.00725086033344, 0.00550001859665, 0.00509903905913, 0.00514939054847, 0.00376773090102, 0.00157803634647, 0.00138236372732, 0.000867067370564, 0.00120549544226, 0.000256217026617], "mean": [0.00340625457466, 0.0183470323682, 0.0070292619057, 0.0042633973062, 0.00331871048547, 0.000947080727201, 0.000689250708092, 0.000378287921194, 0.00088343792595, 0.000793831597548, 0.000432491418906, 0.000483227689983, 0.00040749082109, 0.000806657248177, 0.00080786307808, 0.00161419366486, 0.00122581690084, 0.000523649330717, 0.000340834230883, 0.000296735350275, 0.000268729432719, 0.000199240428628, 0.000124304337078, 9.67233791016e-05, 5.4552245274e-05, 2.80465774267e-05, 3.44270824826e-06], "median": [0.000975346658379, 0.012426787056, 0.00377679569647, 0.00277233193628, 0.0016290723579, 0.000356041011401, 0.000218053362914, 0.000207958539249, 0.000313205760904, 0.000318410631735, 0.000187476369319, 0.000178542948561, 0.000200540409423, 0.000533388578333, 0.000534317397978, 0.000962179386988, 0.000592094147578, 0.000336654193234, 0.000238041189732, 0.000204153446248, 0.00012958944717, 9.26722277654e-05, 5.65621594433e-05, 4.71935891255e-05, 1.84726086445e-05, 4.46355716122e-06, 1.67856796907e-07], "min": [7.3827450942e-25, 6.18671018149e-25, 2.15611679552e-24, 5.84495986013e-25, 5.63667701393e-24, 3.24090131718e-24, 4.39752207666e-24, 3.87242943688e-24, 1.3818474899e-23, 1.53086142163e-23, 2.23945809633e-23, 2.28606557633e-23, 2.58376685138e-23, 3.51541631361e-23, 4.13750539704e-23, 4.89718791509e-23, 6.18327983956e-23, 7.91728067513e-23, 1.25383723221e-22, 1.4950379542e-22, 2.43096714461e-22, 3.05337738909e-22, 4.20171526684e-22, 5.27571897082e-22, 9.18573770872e-22, 1.19678120748e-21, 1.94116732131e-21], "var": [2.3031812816e-05, 0.000422906305175, 7.23971243133e-05, 2.68868952844e-05, 2.36560663325e-05, 3.17323269883e-06, 2.44280363404e-06, 2.84169857423e-07, 2.62911862592e-06, 2.54121459875e-06, 1.12425516363e-06, 1.80506651759e-06, 7.27516180632e-07, 1.02979061012e-06, 9.28498934627e-07, 3.97418534703e-06, 2.60005663222e-06, 3.93013493749e-07, 1.69788933135e-07, 1.22626403254e-07, 1.76477996661e-07, 8.56143103078e-08, 2.92272623881e-08, 1.94202147696e-08, 8.38328606534e-09, 6.88815804395e-09, 2.52278559154e-10]}, "erbbands": {"dmean": [0.447986960411, 2.37143874168, 5.38006830215, 6.57912492752, 10.2221317291, 5.89945268631, 3.85091590881, 4.132396698, 5.12021970749, 3.95735883713, 4.52393531799, 9.60097694397, 8.7523059845, 13.6317682266, 11.7502422333, 9.25563716888, 11.200966835, 15.4768848419, 22.626335144, 26.2144546509, 36.2553672791, 25.4963150024, 14.4888095856, 9.55653381348, 7.1905579567, 6.9734954834, 7.76368808746, 7.91787958145, 5.37738800049, 3.16820192337, 1.98719990253, 1.43426179886, 0.713749349117, 0.408864736557, 0.221080601215, 0.114171363413, 0.0439672246575, 0.00963488314301, 0.000683785532601, 3.93610971514e-05], "dmean2": [0.622916698456, 4.12418270111, 9.51538562775, 11.3136339188, 17.1182632446, 10.041519165, 6.49319076538, 6.36979579926, 7.42121458054, 5.88872718811, 6.72275733948, 13.8489971161, 12.703253746, 20.4661483765, 18.0728168488, 14.5132980347, 17.8958454132, 24.7987098694, 36.851184845, 41.7027206421, 58.2152786255, 41.4459609985, 23.4337062836, 15.5022449493, 11.7928743362, 11.3805789948, 12.9787273407, 13.4719963074, 9.04088592529, 5.23430347443, 3.10796284676, 2.25445866585, 1.06512033939, 0.626331448555, 0.345542609692, 0.183812394738, 0.0711585655808, 0.0156947374344, 0.0011383468518, 6.11512878095e-05], "dvar": [0.478275567293, 17.3591861725, 93.7489700317, 105.434913635, 445.614685059, 163.949935913, 71.8588638306, 88.1390457153, 179.965194702, 71.2890701294, 66.3716506958, 590.101074219, 349.087127686, 1032.11975098, 1071.44152832, 635.793334961, 1019.22137451, 775.121154785, 1310.42712402, 1462.96118164, 3520.79467773, 1547.62683105, 556.121032715, 255.816619873, 139.731628418, 158.418533325, 223.329376221, 295.02947998, 101.136810303, 32.8371505737, 12.7336740494, 9.67261981964, 1.79140126705, 0.882546007633, 0.29017546773, 0.118046700954, 0.03071324341, 0.00148414005525, 7.01397766534e-06, 1.14545466445e-08], "dvar2": [0.802829921246, 48.6738739014, 266.537017822, 289.036560059, 1133.5267334, 451.484436035, 185.517974854, 183.174072266, 351.682647705, 143.377868652, 133.198318481, 1285.80859375, 629.901062012, 2086.28833008, 2391.64526367, 1486.9552002, 2559.40087891, 1829.4486084, 3383.60400391, 3756.62182617, 8744.91894531, 4065.74853516, 1379.29907227, 633.488769531, 351.070892334, 404.086029053, 580.298217773, 804.462280273, 267.088012695, 83.7113952637, 30.4920425415, 23.4202251434, 3.98298048973, 2.13646864891, 0.704758703709, 0.289562135935, 0.0755305364728, 0.00352392834611, 1.73662647285e-05, 2.69243134454e-08], "max": [6.82783794403, 42.1593475342, 104.432006836, 135.683563232, 252.173919678, 195.167022705, 194.487106323, 329.404418945, 275.524108887, 330.705932617, 190.078201294, 825.797546387, 648.430969238, 1172.63684082, 846.869384766, 755.216918945, 963.555053711, 898.283874512, 680.672851562, 830.929748535, 1078.22680664, 691.822509766, 396.820068359, 366.407745361, 287.988983154, 238.9140625, 230.405456543, 248.024459839, 129.458206177, 75.5031738281, 54.5074577332, 41.7672996521, 16.2903862, 11.7883901596, 8.35994529724, 4.23424863815, 2.50898838043, 0.549419283867, 0.0366086214781, 0.00243669957854], "mean": [0.723643898964, 3.28918743134, 8.44898414612, 11.4587669373, 14.4676380157, 9.82690429688, 6.18393230438, 7.91650676727, 10.1718759537, 8.48644065857, 10.2052631378, 20.6630153656, 19.7832660675, 26.6767024994, 21.343000412, 17.774684906, 20.4472198486, 31.5960636139, 47.2434272766, 58.2539329529, 88.5283813477, 62.3727912903, 35.9753761292, 20.7257843018, 16.5630130768, 13.5406217575, 11.7171230316, 10.0202741623, 7.34529733658, 4.89088010788, 3.50586032867, 2.4723341465, 1.33428168297, 0.689978301525, 0.347414046526, 0.149006977677, 0.0442906990647, 0.00817647203803, 0.000569910858758, 7.66826269682e-05], "median": [0.266759395599, 2.34440088272, 5.07381629944, 9.04867362976, 8.44621276855, 4.40620326996, 3.2033765316, 2.8417069912, 2.94295215607, 3.99960899353, 5.9229593277, 7.59083843231, 8.9734249115, 11.4927005768, 9.47784519196, 8.03793239594, 10.4834270477, 21.5320014954, 32.9078903198, 41.1875076294, 52.4120483398, 34.6856002808, 20.6641349792, 15.1396217346, 11.8508348465, 9.51455879211, 6.17604637146, 4.49923801422, 3.44705533981, 2.37995433807, 1.59904193878, 1.14094519615, 0.655142068863, 0.261282026768, 0.105692923069, 0.0311329513788, 0.00565879791975, 0.000593768490944, 6.5101965447e-05, 5.9103113017e-05], "min": [7.72727311314e-23, 3.35491991187e-22, 1.78717541221e-21, 3.00688553716e-21, 5.48410689093e-21, 2.26956485035e-20, 2.07691254698e-20, 3.19880727203e-20, 1.15730555159e-19, 1.31252224537e-19, 1.3519441224e-19, 4.29962433647e-19, 5.16198855939e-19, 6.68335775356e-19, 9.0004622893e-19, 1.30572868855e-18, 1.90094872879e-18, 2.12467420112e-18, 2.63217783785e-18, 3.39793119094e-18, 4.33092454065e-18, 4.17371017984e-18, 4.19758178514e-18, 5.5692924998e-18, 7.01493579044e-18, 7.28162791891e-18, 9.84864811953e-18, 1.09989089357e-17, 1.06808927318e-17, 1.22604271987e-17, 1.18350975452e-17, 9.91985596256e-18, 1.02908795545e-17, 8.77114280128e-18, 6.67452822091e-18, 4.2263660161e-18, 2.24541361923e-18, 9.28806264852e-19, 2.1823035642e-19, 2.85350331026e-20], "var": [0.979831755161, 15.7830438614, 98.4558944702, 130.491973877, 448.568267822, 252.545669556, 97.3036346436, 291.120788574, 546.923095703, 272.184631348, 205.521270752, 1545.3572998, 1272.81225586, 3048.84765625, 2090.29882812, 1294.17382812, 1805.00146484, 1715.64672852, 3143.37182617, 4041.23901367, 12192.6669922, 5376.08496094, 1931.17480469, 567.556091309, 391.729248047, 262.289489746, 277.591217041, 282.896484375, 117.657997131, 47.6671867371, 23.5807647705, 13.6354093552, 3.40319705009, 1.24304354191, 0.370344281197, 0.115361481905, 0.025440055877, 0.00126630067825, 5.59358568353e-06, 1.1067148975e-08]}, "gfcc": {"mean": [-40.6031455994, 95.2677459717, -113.84122467, 52.7401924133, -34.3071861267, 24.3898983002, -29.6223392487, 11.3075580597, -14.2794971466, -2.10919761658, -19.3983402252, -4.2470369339, -5.02681732178], "cov": [[50177.0390625, 2447.99414062, -3342.43530273, 2636.70361328, -471.843963623, 655.70111084, -1427.98779297, 466.780487061, -623.35760498, -154.325027466, -1019.52325439, -151.357788086, -230.292297363], [2447.99414062, 2030.52087402, -408.658691406, -62.468536377, 62.0945053101, -171.299194336, 94.1378555298, -128.731216431, 44.0811233521, -175.114547729, 83.7823867798, -152.953231812, 92.8879852295], [-3342.43530273, -408.658691406, 921.726928711, 30.442193985, -4.83874368668, 42.6823043823, 185.161758423, -70.5057983398, -33.9865913391, 42.3589286804, 58.8753128052, 36.3598556519, -4.96903562546], [2636.70361328, -62.468536377, 30.442193985, 569.903991699, 31.795425415, 84.1070632935, -2.54179477692, -11.1188268661, -18.4667224884, -10.3098955154, -61.9413909912, -44.6820068359, 23.8138427734], [-471.843963623, 62.0945053101, -4.83874368668, 31.795425415, 310.146087646, -29.2227058411, 52.0178070068, 19.4414672852, 72.3109893799, -10.6069517136, -12.1951036453, -33.5850715637, 17.1024150848], [655.70111084, -171.299194336, 42.6823043823, 84.1070632935, -29.2227058411, 176.345336914, -4.86322498322, 46.1199493408, -22.2743415833, 11.3299589157, -15.0524053574, 4.14842605591, -22.2292461395], [-1427.98779297, 94.1378555298, 185.161758423, -2.54179477692, 52.0178070068, -4.86322498322, 202.20350647, -29.2206134796, 18.3706588745, -18.7515640259, 54.4148330688, -18.0951499939, 29.3881626129], [466.780487061, -128.731216431, -70.5057983398, -11.1188268661, 19.4414672852, 46.1199493408, -29.2206134796, 117.701568604, 15.2031574249, 13.5673265457, -18.0413722992, 17.2227897644, -14.7816209793], [-623.35760498, 44.0811233521, -33.9865913391, -18.4667224884, 72.3109893799, -22.2743415833, 18.3706588745, 15.2031574249, 120.184898376, 21.7212257385, 23.1879711151, -15.0893163681, 24.9961872101], [-154.325027466, -175.114547729, 42.3589286804, -10.3098955154, -10.6069517136, 11.3299589157, -18.7515640259, 13.5673265457, 21.7212257385, 93.7227706909, 6.04469537735, 20.3411521912, -1.67954850197], [-1019.52325439, 83.7823867798, 58.8753128052, -61.9413909912, -12.1951036453, -15.0524053574, 54.4148330688, -18.0413722992, 23.1879711151, 6.04469537735, 110.214080811, 19.3163146973, 15.6501302719], [-151.357788086, -152.953231812, 36.3598556519, -44.6820068359, -33.5850715637, 4.14842605591, -18.0951499939, 17.2227897644, -15.0893163681, 20.3411521912, 19.3163146973, 82.1364822388, 3.66832900047], [-230.292297363, 92.8879852295, -4.96903562546, 23.8138427734, 17.1024150848, -22.2292461395, 29.3881626129, -14.7816209793, 24.9961872101, -1.67954850197, 15.6501302719, 3.66832900047, 68.3196640015]], "icov": [[9.29745219764e-05, -0.000230490753893, 0.000206910481211, -0.000441540207248, 6.2633487687e-05, -0.000171547566424, 0.000233458791627, -0.000243571907049, 0.00031443987973, -0.000310147152049, 0.000482950534206, -0.000448061735369, 0.000361870595952], [-0.000230490753893, 0.00149262137711, -0.000112117784738, 0.00121459458023, -0.000145825717482, 0.000762130250223, -0.00071149377618, 0.00108890002593, -0.000630519993138, 0.00187488109805, -0.00207194685936, 0.00256940349936, -0.00179826689418], [0.000206910481211, -0.000112117784738, 0.0022811582312, -0.00106799125206, 6.83227481204e-05, -0.000648147019092, -0.00126343069132, 0.000748764083255, 0.00115106883459, -0.00125697860494, 0.000748577120248, -0.00150534079876, 0.0013228582684], [-0.000441540207248, 0.00121459458023, -0.00106799125206, 0.00437213899568, -0.000578966515604, -0.000445573270554, -0.000837892584968, 0.00172132416628, -0.00106694328133, 0.00160907302052, -0.0013842106564, 0.00342450221069, -0.00344543438405], [6.2633487687e-05, -0.000145825717482, 6.83227481204e-05, -0.000578966515604, 0.00435558799654, 0.000753952714149, -0.0010373420082, -0.00120819534641, -0.00229387357831, 0.000469574413728, 0.00156351260375, 0.000341751845554, 0.000430264539318], [-0.000171547566424, 0.000762130250223, -0.000648147019092, -0.000445573270554, 0.000753952714149, 0.00828095246106, -0.00101367349271, -0.0029877263587, 0.000437655602582, 0.000327721732901, -0.00137934228405, 0.00172605016269, 0.000860201311298], [0.000233458791627, -0.00071149377618, -0.00126343069132, -0.000837892584968, -0.0010373420082, -0.00101367349271, 0.00928770564497, -0.000780373637099, 0.00101649551652, 0.00103343091905, -0.00230558076873, 0.00161615840625, -0.00218482222408], [-0.000243571907049, 0.00108890002593, 0.000748764083255, 0.00172132416628, -0.00120819534641, -0.0029877263587, -0.000780373637099, 0.0132279759273, -0.00322705041617, 0.000818533648271, 0.00035521137761, -0.00202462123707, 0.000909112393856], [0.00031443987973, -0.000630519993138, 0.00115106883459, -0.00106694328133, -0.00229387357831, 0.000437655602582, 0.00101649551652, -0.00322705041617, 0.0142354425043, -0.00474449014291, -0.0018026860198, 0.00260836118832, -0.00309811742045], [-0.000310147152049, 0.00187488109805, -0.00125697860494, 0.00160907302052, 0.000469574413728, 0.000327721732901, 0.00103343091905, 0.000818533648271, -0.00474449014291, 0.0156292803586, -0.00269638304599, 0.000556170067284, -0.00181729532778], [0.000482950534206, -0.00207194685936, 0.000748577120248, -0.0013842106564, 0.00156351260375, -0.00137934228405, -0.00230558076873, 0.00035521137761, -0.0018026860198, -0.00269638304599, 0.016639020294, -0.00760988984257, 0.00240065506659], [-0.000448061735369, 0.00256940349936, -0.00150534079876, 0.00342450221069, 0.000341751845554, 0.00172605016269, 0.00161615840625, -0.00202462123707, 0.00260836118832, 0.000556170067284, -0.00760988984257, 0.0219552535564, -0.00734034506604], [0.000361870595952, -0.00179826689418, 0.0013228582684, -0.00344543438405, 0.000430264539318, 0.000860201311298, -0.00218482222408, 0.000909112393856, -0.00309811742045, -0.00181729532778, 0.00240065506659, -0.00734034506604, 0.0218407101929]]}, "melbands": {"dmean": [0.00326484488323, 0.00284937419929, 0.00127186521422, 0.000559389707632, 0.000144455931149, 9.31791510084e-05, 7.70791739342e-05, 4.0055540012e-05, 4.2167470383e-05, 6.07002621109e-05, 4.48845603387e-05, 5.85503148613e-05, 3.8815975131e-05, 3.46306405845e-05, 2.51502078754e-05, 2.20505698962e-05, 3.27585221385e-05, 4.13413872593e-05, 2.82814198727e-05, 4.99821871927e-05, 4.46314988949e-05, 3.14164208248e-05, 2.19486119022e-05, 1.00059405668e-05, 8.36768595036e-06, 5.48849357074e-06, 5.16976297149e-06, 5.03097635374e-06, 5.03785622641e-06, 4.58967042505e-06, 4.92563776788e-06, 3.26640088133e-06, 2.51616984315e-06, 1.5299582401e-06, 1.18484922496e-06, 1.14358886094e-06, 7.9077818782e-07, 5.23327628343e-07, 4.59461091395e-07, 3.18736766758e-07], "dmean2": [0.00484977755696, 0.00502066500485, 0.00216993363574, 0.000932515773457, 0.000244996743277, 0.00014328022371, 0.000110857254185, 5.98632759647e-05, 6.19016354904e-05, 8.75710393302e-05, 6.54223986203e-05, 8.78914870555e-05, 5.95663477725e-05, 5.36972947884e-05, 4.10944412579e-05, 3.52134957211e-05, 5.2659175708e-05, 6.75155897625e-05, 4.58135582448e-05, 7.99257613835e-05, 7.27280130377e-05, 5.20565117768e-05, 3.60005651601e-05, 1.61067509907e-05, 1.37373399411e-05, 9.12592804525e-06, 8.46754028316e-06, 8.24672406452e-06, 8.4879438873e-06, 7.74628279032e-06, 8.50073593028e-06, 5.54462803848e-06, 4.24212339567e-06, 2.49890899795e-06, 1.87814885066e-06, 1.82459530151e-06, 1.24257451262e-06, 7.89179409821e-07, 7.00715702351e-07, 5.01858721691e-07], "dvar": [2.48649485002e-05, 2.5481413104e-05, 4.20766082243e-06, 1.29920488234e-06, 9.16162719022e-08, 4.31762252617e-08, 4.01350774837e-08, 6.31470298273e-09, 7.06105041104e-09, 2.14881410443e-08, 9.16277187457e-09, 1.961541507e-08, 1.14896705483e-08, 1.86441102557e-08, 4.01245614512e-09, 2.57910648394e-09, 3.63291174921e-09, 4.36892477751e-09, 1.67813407614e-09, 5.91358739754e-09, 5.84373793799e-09, 2.39408270986e-09, 1.4794189207e-09, 3.4353606071e-10, 1.93835350548e-10, 9.44021111282e-11, 6.57625065514e-11, 8.6813209399e-11, 9.41864017334e-11, 1.00735468578e-10, 1.14261010375e-10, 3.76467815255e-11, 2.29605015556e-11, 7.39104524111e-12, 4.47556271557e-12, 5.93703298329e-12, 2.70850139192e-12, 8.78184298284e-13, 9.96016528802e-13, 5.39532448666e-13], "dvar2": [4.86880780954e-05, 7.23418779671e-05, 1.1073108908e-05, 3.3650419482e-06, 2.45784946173e-07, 8.97211194228e-08, 7.78789157607e-08, 1.30259998343e-08, 1.46643914789e-08, 4.64206806328e-08, 1.67652700611e-08, 3.95127095487e-08, 2.56393040132e-08, 4.2252423782e-08, 1.03934345574e-08, 6.44466391364e-09, 8.55841086889e-09, 1.13581233308e-08, 4.325887204e-09, 1.50526577869e-08, 1.46280312308e-08, 6.54192477967e-09, 3.69956398849e-09, 8.32152069474e-10, 4.91183871354e-10, 2.33383645742e-10, 1.68070599105e-10, 2.2348912998e-10, 2.4504287488e-10, 2.70632016797e-10, 3.13239711947e-10, 1.00478091125e-10, 6.04058955633e-11, 1.83579176166e-11, 1.07829838808e-11, 1.48107446446e-11, 6.46516824451e-12, 1.9493985419e-12, 2.36093414784e-12, 1.33653006197e-12], "max": [0.051012005657, 0.0449829287827, 0.0248643998057, 0.014173858799, 0.00514907948673, 0.00673103844747, 0.00447076791897, 0.00298683228903, 0.00202011852525, 0.00470410007983, 0.00320525444113, 0.00519372569397, 0.0042934040539, 0.004521492403, 0.00164745061193, 0.00145585963037, 0.00206009461544, 0.00110648863483, 0.000745597819332, 0.0013329256326, 0.0016662850976, 0.000851655961014, 0.000589295173995, 0.000457051297417, 0.00029380543856, 0.000265965965809, 0.00014847444254, 0.000170586383319, 0.000169689723407, 0.000180543676834, 0.000148503881064, 9.07171561266e-05, 7.4424140621e-05, 4.07910592912e-05, 3.93839764001e-05, 3.70937523257e-05, 1.97545177798e-05, 1.18146272143e-05, 1.2574626453e-05, 9.33460887609e-06], "mean": [0.00571377202868, 0.00447848811746, 0.00215189321898, 0.000908060756046, 0.000235565021285, 0.000177179943421, 0.000154701934662, 8.63763998495e-05, 9.29037632886e-05, 0.000129228050355, 9.72624620772e-05, 0.000110382388812, 6.9160698331e-05, 5.83027285757e-05, 4.36141490354e-05, 4.02697842219e-05, 6.18993435637e-05, 8.00519774202e-05, 5.9091107687e-05, 0.00010283296433, 0.000103436519566, 6.60758232698e-05, 5.18790802744e-05, 2.04859479709e-05, 1.62493670359e-05, 1.17374811452e-05, 1.06841216621e-05, 8.73407498148e-06, 7.51264633436e-06, 6.26475957688e-06, 5.71412283534e-06, 4.27087206845e-06, 3.4588501876e-06, 2.39609266828e-06, 2.00882209356e-06, 1.88974388493e-06, 1.34096978854e-06, 9.60936745287e-07, 7.61938906635e-07, 5.168785151e-07], "median": [0.00312835397199, 0.00320054660551, 0.00167725631036, 0.000472437648568, 0.000130084750708, 6.26464752713e-05, 4.53128232039e-05, 4.37168491771e-05, 4.92054386996e-05, 4.69557053293e-05, 4.20648357249e-05, 4.38864299213e-05, 3.02338848996e-05, 1.98633424588e-05, 2.11298684007e-05, 2.21825048357e-05, 3.95542010665e-05, 5.36884326721e-05, 3.91185167246e-05, 6.55934563838e-05, 5.45146831428e-05, 3.59530713467e-05, 2.11463375308e-05, 1.37962942972e-05, 1.12553989311e-05, 7.93346953287e-06, 7.85595784691e-06, 5.36270181328e-06, 3.78577055926e-06, 2.97309338748e-06, 2.28474573305e-06, 1.92361403606e-06, 1.64212985965e-06, 1.10277380827e-06, 8.94025902198e-07, 7.83948166827e-07, 6.19254763023e-07, 4.86837052449e-07, 2.96140854061e-07, 1.87522786632e-07], "min": [1.51848900608e-24, 7.84298035138e-25, 6.20285372687e-25, 7.8851558136e-25, 6.2700543222e-25, 7.39647521826e-25, 1.39595958041e-24, 1.28328421073e-24, 1.25335995559e-24, 2.134321752e-24, 1.76912510403e-24, 2.49573817851e-24, 3.17521129188e-24, 2.23608066725e-24, 2.50584545886e-24, 2.79174916129e-24, 3.22912204614e-24, 3.38544903401e-24, 3.61616560523e-24, 3.34982092008e-24, 3.68633044402e-24, 3.7350449715e-24, 3.59149319156e-24, 4.01099324931e-24, 4.32918029543e-24, 5.14779111754e-24, 4.38534048657e-24, 4.3194216916e-24, 4.14194415958e-24, 5.37499725774e-24, 5.2072570303e-24, 4.60779137323e-24, 3.81103673136e-24, 5.95342872763e-24, 6.3260404709e-24, 5.04243322162e-24, 5.20228050128e-24, 5.73905301563e-24, 6.00717855427e-24, 7.0580678922e-24], "var": [4.65002121928e-05, 2.43615559157e-05, 4.93297466164e-06, 1.65774940797e-06, 1.18047111641e-07, 1.33870074137e-07, 1.24865309203e-07, 2.36161614708e-08, 2.02476613254e-08, 5.6391822767e-08, 3.21878523835e-08, 5.76510963413e-08, 2.48818654569e-08, 2.99497351364e-08, 8.22345391782e-09, 5.05837771669e-09, 7.62877228055e-09, 9.64604396358e-09, 4.66957716938e-09, 1.50788839193e-08, 1.91342159894e-08, 6.50783471556e-09, 5.83424553113e-09, 6.75426881092e-10, 3.79219378122e-10, 2.31748495394e-10, 1.45473438851e-10, 1.31589766861e-10, 1.15958999347e-10, 1.04410820267e-10, 1.02600941632e-10, 4.19188746215e-11, 2.6503349862e-11, 1.20623060151e-11, 8.15109698488e-12, 8.24251430998e-12, 3.95954579888e-12, 1.69438052998e-12, 1.48830687358e-12, 7.23021469085e-13]}, "mfcc": {"mean": [-658.648010254, 112.221069336, -4.37140607834, 35.0388183594, 20.2919750214, 18.3031291962, 3.59084320068, 12.0466060638, 11.7444019318, 7.61742830276, -3.05431985855, -0.267323344946, -1.96457195282], "cov": [[22960.5839844, 1613.15258789, -1397.63696289, 1078.18554688, 890.938232422, 396.581878662, -179.674621582, 393.212036133, 376.326171875, 167.372802734, -124.276138306, -52.7693710327, -116.560180664], [1613.15258789, 1518.9309082, -245.207641602, 184.961593628, 72.2768783569, 53.0651321411, 44.9880065918, 35.0667152405, 57.6351509094, 56.1471366882, -14.0215568542, -19.0566310883, 8.77759075165], [-1397.63696289, -245.207641602, 694.568969727, 48.1714706421, -110.32333374, 81.8564147949, 99.6223220825, -19.8198547363, -41.6466255188, -28.8490581512, -0.841132938862, 0.231263071299, 8.61520862579], [1078.18554688, 184.961593628, 48.1714706421, 401.199127197, 104.571166992, 122.764137268, 51.1245765686, 23.8913593292, 71.2838134766, 22.5916938782, -24.3833789825, -8.54056739807, -9.15374565125], [890.938232422, 72.2768783569, -110.32333374, 104.571166992, 223.255004883, 43.1255531311, -14.1829900742, 36.3182258606, 55.3123664856, 45.9959487915, 2.39616012573, -0.23700928688, 1.44888055325], [396.581878662, 53.0651321411, 81.8564147949, 122.764137268, 43.1255531311, 148.694839478, 52.1878814697, 10.2809858322, 31.7142658234, 21.8092651367, -4.39772081375, -0.578932583332, -1.86752200127], [-179.674621582, 44.9880065918, 99.6223220825, 51.1245765686, -14.1829900742, 52.1878814697, 129.294906616, 42.1123123169, 0.944007694721, 6.41969871521, 1.30899751186, 3.00586438179, -5.63717937469], [393.212036133, 35.0667152405, -19.8198547363, 23.8913593292, 36.3182258606, 10.2809858322, 42.1123123169, 104.30140686, 20.8180103302, 6.70925998688, 2.38138604164, 7.27088594437, -7.16363286972], [376.326171875, 57.6351509094, -41.6466255188, 71.2838134766, 55.3123664856, 31.7142658234, 0.944007694721, 20.8180103302, 95.2786636353, 38.0250091553, -6.12353801727, -4.35136270523, -0.243310630322], [167.372802734, 56.1471366882, -28.8490581512, 22.5916938782, 45.9959487915, 21.8092651367, 6.41969871521, 6.70925998688, 38.0250091553, 81.7361907959, 18.8569087982, -0.0497293137014, 2.35478901863], [-124.276138306, -14.0215568542, -0.841132938862, -24.3833789825, 2.39616012573, -4.39772081375, 1.30899751186, 2.38138604164, -6.12353801727, 18.8569087982, 58.4983520508, 16.7117424011, 6.0908036232], [-52.7693710327, -19.0566310883, 0.231263071299, -8.54056739807, -0.23700928688, -0.578932583332, 3.00586438179, 7.27088594437, -4.35136270523, -0.0497293137014, 16.7117424011, 53.685585022, 15.0326051712], [-116.560180664, 8.77759075165, 8.61520862579, -9.15374565125, 1.44888055325, -1.86752200127, -5.63717937469, -7.16363286972, -0.243310630322, 2.35478901863, 6.0908036232, 15.0326051712, 49.4257278442]], "icov": [[7.12906694389e-05, -3.48680587194e-05, 0.000109882792458, -0.000127762716147, -8.3245242422e-05, -0.000177671216079, 0.000226134521654, -0.000256702624029, 4.71663224744e-05, 7.03868272467e-06, 7.65320437495e-05, 7.61500496083e-06, 0.000103963495349], [-3.48680587194e-05, 0.00080918346066, 0.000331535818987, -0.000312696007313, 0.000211585036595, 2.60507895291e-05, -0.000480157643324, 6.54002287774e-05, 7.16501817806e-05, -0.000415114918724, 9.21964383451e-05, 0.000333502335707, -0.000484801334096], [0.000109882792458, 0.000331535818987, 0.00229672039859, -0.000564000627492, 0.000835695362184, -0.00129713665228, -0.000958153570537, 4.79875379824e-05, 0.000684136990458, 0.000168322600075, -3.50946211256e-05, 0.000397945201257, -0.000601724022999], [-0.000127762716147, -0.000312696007313, -0.000564000627492, 0.00440434645861, -0.00131402665284, -0.00186615868006, -0.00108270463534, 0.000918369099963, -0.00202277791686, 0.00103968265466, 0.000834867008962, -0.00019831325335, 0.000543804082554], [-8.3245242422e-05, 0.000211585036595, 0.000835695362184, -0.00131402665284, 0.00720437057316, -0.00128041801509, 0.00178836483974, -0.00216727890074, -0.000729821273126, -0.00257229339331, -0.000230535821174, 0.000261187873548, -0.000924711406697], [-0.000177671216079, 2.60507895291e-05, -0.00129713665228, -0.00186615868006, -0.00128041801509, 0.0115581061691, -0.00395318167284, 0.00217347592115, -0.00160185794812, -0.00110737653449, 0.000107091102109, -0.000575462530833, 1.9505612272e-06], [0.000226134521654, -0.000480157643324, -0.000958153570537, -0.00108270463534, 0.00178836483974, -0.00395318167284, 0.0134028540924, -0.00647712126374, 0.0020146316383, -0.00165783090051, 0.000189673519344, -0.000232107151533, 0.00110925070476], [-0.000256702624029, 6.54002287774e-05, 4.79875379824e-05, 0.000918369099963, -0.00216727890074, 0.00217347592115, -0.00647712126374, 0.0142628801987, -0.00306308828294, 0.0017813174054, -0.00079686276149, -0.00210064975545, 0.00165602180641], [4.71663224744e-05, 7.16501817806e-05, 0.000684136990458, -0.00202277791686, -0.000729821273126, -0.00160185794812, 0.0020146316383, -0.00306308828294, 0.0166495013982, -0.00685852533206, 0.00313330534846, 0.000624905223958, -0.000816137297079], [7.03868272467e-06, -0.000415114918724, 0.000168322600075, 0.00103968265466, -0.00257229339331, -0.00110737653449, -0.00165783090051, 0.0017813174054, -0.00685852533206, 0.0187795516104, -0.00684158783406, 0.00149522570428, -0.000183950702194], [7.65320437495e-05, 9.21964383451e-05, -3.50946211256e-05, 0.000834867008962, -0.000230535821174, 0.000107091102109, 0.000189673519344, -0.00079686276149, 0.00313330534846, -0.00684158783406, 0.0220007132739, -0.00619426136836, -0.000244055729127], [7.61500496083e-06, 0.000333502335707, 0.000397945201257, -0.00019831325335, 0.000261187873548, -0.000575462530833, -0.000232107151533, -0.00210064975545, 0.000624905223958, 0.00149522570428, -0.00619426136836, 0.0228891056031, -0.00677414424717], [0.000103963495349, -0.000484801334096, -0.000601724022999, 0.000543804082554, -0.000924711406697, 1.9505612272e-06, 0.00110925070476, 0.00165602180641, -0.000816137297079, -0.000183950702194, -0.000244055729127, -0.00677414424717, 0.0232581086457]]}, "spectral_contrast_coeffs": {"dmean": [0.0489705391228, 0.0401005409658, 0.0330139733851, 0.028450768441, 0.021509481594, 0.0233592409641], "dmean2": [0.0795958414674, 0.0647878572345, 0.0537139959633, 0.0470512062311, 0.0351039990783, 0.0374324284494], "dvar": [0.00175645912532, 0.00111353141256, 0.000723979435861, 0.000543789938092, 0.00034083952778, 0.000634138647001], "dvar2": [0.00453467806801, 0.00288308039308, 0.00182228244375, 0.0014417815255, 0.000855721300468, 0.00154728407506], "max": [-0.376311779022, -0.474400877953, -0.516130506992, -0.566903591156, -0.638043522835, -0.595448374748], "mean": [-0.66891014576, -0.770732998848, -0.794826865196, -0.783144950867, -0.792978107929, -0.757977962494], "median": [-0.658716797829, -0.775306880474, -0.802078127861, -0.775638699532, -0.789595484734, -0.755497336388], "min": [-0.980348706245, -0.973824262619, -0.97568333149, -0.972317636013, -0.969965040684, -0.964198470116], "var": [0.00804262794554, 0.00567379314452, 0.00450510112569, 0.0031137203332, 0.00265288283117, 0.00289387255907]}, "spectral_contrast_valleys": {"dmean": [0.368924021721, 0.351978242397, 0.293709218502, 0.267151415348, 0.263469487429, 0.306496232748], "dmean2": [0.595428407192, 0.571044325829, 0.471547931433, 0.413927286863, 0.395769357681, 0.423123240471], "dvar": [0.112604670227, 0.104987487197, 0.0780291184783, 0.0774955078959, 0.104098848999, 0.164064466953], "dvar2": [0.268932670355, 0.23708344996, 0.166894748807, 0.14435261488, 0.200627624989, 0.293101340532], "max": [-4.9367485046