{"lowlevel": {"average_loudness": 0.670375525951, "barkbands_crest": {"dmean": 2.86251759529, "dmean2": 4.6212015152, "dvar": 6.08689975739, "dvar2": 15.1920223236, "max": 26.0961742401, "mean": 14.7090826035, "median": 13.8192577362, "min": 4.66479873657, "var": 26.5874519348}, "barkbands_flatness_db": {"dmean": 0.0347185507417, "dmean2": 0.0494825020432, "dvar": 0.00124613684602, "dvar2": 0.00247189146467, "max": 0.500831604004, "mean": 0.30590519309, "median": 0.301270842552, "min": 0.054438021034, "var": 0.00480512762442}, "barkbands_kurtosis": {"dmean": 6.58337020874, "dmean2": 10.4053163528, "dvar": 97.3549880981, "dvar2": 235.791610718, "max": 134.279159546, "mean": 11.1557331085, "median": 6.3390007019, "min": -1.75178897381, "var": 212.692230225}, "barkbands_skewness": {"dmean": 0.777404546738, "dmean2": 1.19302415848, "dvar": 0.633421361446, "dvar2": 1.48990571499, "max": 10.009346962, "mean": 2.25734400749, "median": 1.95091462135, "min": -1.9683637619, "var": 2.22431015968}, "barkbands_spread": {"dmean": 1.79521548748, "dmean2": 2.73227071762, "dvar": 4.37394952774, "dvar2": 8.53540992737, "max": 47.4051399231, "mean": 5.75052547455, "median": 4.6943321228, "min": 0.478640466928, "var": 15.6761932373}, "dissonance": {"dmean": 0.046612419188, "dmean2": 0.079433709383, "dvar": 0.00160387018695, "dvar2": 0.00455838115886, "max": 0.499146163464, "mean": 0.392741322517, "median": 0.398081958294, "min": 0.190192773938, "var": 0.00279657077044}, "dynamic_complexity": 5.26638269424, "erbbands_crest": {"dmean": 3.51425480843, "dmean2": 5.48425006866, "dvar": 9.3903465271, "dvar2": 21.7874546051, "max": 30.3079242706, "mean": 12.6867704391, "median": 11.5491380692, "min": 3.77311682701, "var": 25.0133552551}, "erbbands_flatness_db": {"dmean": 0.030608382076, "dmean2": 0.0439918935299, "dvar": 0.00108513387386, "dvar2": 0.00229687336832, "max": 0.381627678871, "mean": 0.245902374387, "median": 0.255635023117, "min": 0.0853041857481, "var": 0.00306873698719}, "erbbands_kurtosis": {"dmean": 1.51051056385, "dmean2": 2.35057044029, "dvar": 3.43725705147, "dvar2": 7.79713106155, "max": 26.8553962708, "mean": 1.46902883053, "median": 0.617512106895, "min": -1.82534193993, "var": 8.39097213745}, "erbbands_skewness": {"dmean": 0.503486335278, "dmean2": 0.748223185539, "dvar": 0.190229460597, "dvar2": 0.405068814754, "max": 4.07235097885, "mean": 0.351135909557, "median": 0.380938500166, "min": -3.25594162941, "var": 1.10860526562}, "erbbands_spread": {"dmean": 4.98176002502, "dmean2": 8.00188159943, "dvar": 50.0708389282, "dvar2": 133.540786743, "max": 79.9286422729, "mean": 19.203327179, "median": 17.8589496613, "min": 3.67050647736, "var": 71.9213867188}, "hfc": {"dmean": 4.54762792587, "dmean2": 6.59486961365, "dvar": 38.3210372925, "dvar2": 71.7229690552, "max": 67.2899627686, "mean": 13.4817352295, "median": 10.0784702301, "min": 2.04815737703e-08, "var": 131.701461792}, "melbands_crest": {"dmean": 3.06516814232, "dmean2": 4.958132267, "dvar": 6.71644687653, "dvar2": 17.5093517303, "max": 28.014831543, "mean": 16.6639041901, "median": 16.4471817017, "min": 4.25100851059, "var": 20.3864879608}, "melbands_flatness_db": {"dmean": 0.0367875210941, "dmean2": 0.053329218179, "dvar": 0.00139564531855, "dvar2": 0.00276491860859, "max": 0.64378619194, "mean": 0.428353905678, "median": 0.422897398472, "min": 0.0308338906616, "var": 0.00580868683755}, "melbands_kurtosis": {"dmean": 8.4431476593, "dmean2": 13.5973787308, "dvar": 169.393539429, "dvar2": 439.430877686, "max": 151.161300659, "mean": 17.1315422058, "median": 11.6869029999, "min": -1.74201214314, "var": 332.438964844}, "melbands_skewness": {"dmean": 0.763619184494, "dmean2": 1.1931861639, "dvar": 0.655196011066, "dvar2": 1.65256369114, "max": 9.52748012543, "mean": 2.8995115757, "median": 2.67335820198, "min": -0.841501891613, "var": 2.04040384293}, "melbands_spread": {"dmean": 2.33033680916, "dmean2": 3.47542715073, "dvar": 22.6422595978, "dvar2": 29.9873065948, "max": 177.207550049, "mean": 6.40078353882, "median": 4.37817668915, "min": 0.602964639664, "var": 44.202419281}, "pitch_salience": {"dmean": 0.0736918523908, "dmean2": 0.117578014731, "dvar": 0.00397864961997, "dvar2": 0.00959972850978, "max": 0.869355797768, "mean": 0.455210268497, "median": 0.465590894222, "min": 0.0903554707766, "var": 0.0143457762897}, "silence_rate_20dB": {"dmean": 0.00706464145333, "dmean2": 0.014134275727, "dvar": 0.00701455119997, "dvar2": 0.0167604498565, "max": 1, "mean": 0.989053666592, "median": 1, "min": 0, "var": 0.0108268056065}, "silence_rate_30dB": {"dmean": 0.0897209495306, "dmean2": 0.179505303502, "dvar": 0.0816736146808, "dvar2": 0.183328926563, "max": 1, "mean": 0.705508470535, "median": 1, "min": 0, "var": 0.207769289613}, "silence_rate_60dB": {"dmean": 0.000706464168616, "dmean2": 0.00106007070281, "dvar": 0.000705942744389, "dvar2": 0.00105894450098, "max": 1, "mean": 0.0769774019718, "median": 0, "min": 0, "var": 0.0710519626737}, "spectral_centroid": {"dmean": 74.7097167969, "dmean2": 113.655731201, "dvar": 48311.6914062, "dvar2": 51022.8789062, "max": 11578.6767578, "mean": 379.619934082, "median": 336.784942627, "min": 161.751678467, "var": 69538.21875}, "spectral_complexity": {"dmean": 1.35499823093, "dmean2": 2.22650170326, "dvar": 2.2035138607, "dvar2": 5.0324382782, "max": 19, "mean": 9.22351741791, "median": 9, "min": 0, "var": 13.1326570511}, "spectral_decrease": {"dmean": 6.50449294426e-09, "dmean2": 9.2859409051e-09, "dvar": 7.84264563315e-17, "dvar2": 1.66429625983e-16, "max": -7.13476478643e-21, "mean": -2.01894021501e-08, "median": -1.12466826963e-08, "min": -1.7347043979e-07, "var": 4.26594670767e-16}, "spectral_energy": {"dmean": 0.0248808730394, "dmean2": 0.0355254821479, "dvar": 0.00113862729631, "dvar2": 0.00241396902129, "max": 0.659629046917, "mean": 0.077422298491, "median": 0.0433925241232, "min": 1.88466690171e-12, "var": 0.0061921486631}, "spectral_energyband_high": {"dmean": 2.74273970717e-05, "dmean2": 4.4142252591e-05, "dvar": 3.64555985399e-09, "dvar2": 9.0759790794e-09, "max": 0.000681262870785, "mean": 2.65580310952e-05, "median": 4.79838672618e-06, "min": 1.33276029102e-12, "var": 3.45463235796e-09}, "spectral_energyband_low": {"dmean": 0.0214875899255, "dmean2": 0.0307381730527, "dvar": 0.00103012507316, "dvar2": 0.00220686779357, "max": 0.600740373135, "mean": 0.0563413612545, "median": 0.0223859678954, "min": 6.38196838583e-14, "var": 0.00508559448645}, "spectral_energyband_middle_high": {"dmean": 0.00254169036634, "dmean2": 0.00374936312437, "dvar": 2.62383873633e-05, "dvar2": 4.99314119224e-05, "max": 0.0547573827207, "mean": 0.00416035670787, "median": 0.0013695852831, "min": 2.53377966395e-13, "var": 5.60475855309e-05}, "spectral_energyband_middle_low": {"dmean": 0.00677876127884, "dmean2": 0.0106960348785, "dvar": 7.17040675227e-05, "dvar2": 0.000175258144736, "max": 0.117347583175, "mean": 0.0190290305763, "median": 0.014158859849, "min": 2.9653481683e-14, "var": 0.00025456174626}, "spectral_entropy": {"dmean": 0.287153691053, "dmean2": 0.429768890142, "dvar": 0.118050165474, "dvar2": 0.268032282591, "max": 9.79467201233, "mean": 5.99304485321, "median": 5.90849924088, "min": 4.62505626678, "var": 0.251842767}, "spectral_flux": {"dmean": 0.0374872796237, "dmean2": 0.0631867498159, "dvar": 0.00187217618804, "dvar2": 0.00444573583081, "max": 0.431727081537, "mean": 0.0901364386082, "median": 0.0792113542557, "min": 2.89910440188e-05, "var": 0.00339084258303}, "spectral_kurtosis": {"dmean": 15.2373085022, "dmean2": 24.1189899445, "dvar": 261.990386963, "dvar2": 610.807861328, "max": 201.697006226, "mean": 39.0251083374, "median": 32.5576705933, "min": -1.20465648174, "var": 755.703308105}, "spectral_rms": {"dmean": 0.00137310347054, "dmean2": 0.00197789701633, "dvar": 2.33544574257e-06, "dvar2": 4.96273514727e-06, "max": 0.0253681000322, "mean": 0.00754067115486, "median": 0.00650647142902, "min": 4.28800568386e-08, "var": 1.86722554645e-05}, "spectral_rolloff": {"dmean": 132.331802368, "dmean2": 226.121109009, "dvar": 222682.375, "dvar2": 264294.6875, "max": 18475.4882812, "mean": 396.013946533, "median": 258.3984375, "min": 86.1328125, "var": 268049}, "spectral_skewness": {"dmean": 0.947870075703, "dmean2": 1.51364207268, "dvar": 0.833514630795, "dvar2": 2.08978128433, "max": 11.5381193161, "mean": 4.68717241287, "median": 4.51841115952, "min": -0.00907991826534, "var": 2.41626119614}, "spectral_spread": {"dmean": 761163.125, "dmean2": 1126026, "dvar": 1511422427140.0, "dvar2": 2769141104640.0, "max": 41183780, "mean": 2262037.25, "median": 1767542.5, "min": 454059, "var": 2557244342270.0}, "spectral_strongpeak": {"dmean": 0.455355733633, "dmean2": 0.740689098835, "dvar": 1.06935298443, "dvar2": 2.4299530983, "max": 8.68671703339, "mean": 0.832998752594, "median": 0.597184419632, "min": 0, "var": 1.29878485203}, "zerocrossingrate": {"dmean": 0.00383277493529, "dmean2": 0.00484951259568, "dvar": 0.000101599078334, "dvar2": 0.000119742078823, "max": 0.5029296875, "mean": 0.0158315543085, "median": 0.01416015625, "min": 0.00244140625, "var": 0.000177437337697}, "barkbands": {"dmean": [0.000170118291862, 0.0194502715021, 0.0033108217176, 0.00255968864076, 0.00416065054014, 0.000461607880425, 0.000656101794448, 0.00049046886852, 0.000245598872425, 0.000620784587227, 0.00179495860357, 0.000224205912673, 6.67844797135e-05, 6.18711565039e-05, 2.42715123022e-05, 1.00292763818e-05, 7.33720071366e-06, 4.61967374576e-06, 3.60185936188e-06, 6.56205747873e-06, 4.28021758125e-06, 2.57309420704e-06, 2.13438147512e-06, 4.34877301814e-06, 4.84323300043e-06, 5.19959348821e-06, 2.94654068966e-06], "dmean2": [0.000281364656985, 0.0269805397838, 0.00570657197386, 0.00418310938403, 0.00658595236018, 0.000692926754709, 0.000950564746745, 0.000721792690456, 0.00035205410677, 0.000945631880313, 0.00262785772793, 0.00035540497629, 0.00010462031787, 9.01033126866e-05, 3.89151573472e-05, 1.57380254677e-05, 1.19423430078e-05, 8.27848907647e-06, 6.34894195173e-06, 1.20324020827e-05, 7.50540175432e-06, 4.28171097155e-06, 3.12394809043e-06, 6.86699604557e-06, 7.47755620978e-06, 8.36619074107e-06, 4.88193563797e-06], "dvar": [1.06435059877e-07, 0.000905357650481, 2.52758218267e-05, 1.52060547407e-05, 2.78618481389e-05, 1.07463290533e-06, 2.84964767161e-06, 3.12576025863e-06, 2.09376389648e-06, 5.8121731854e-06, 2.14139636228e-05, 8.09954372016e-07, 2.37658497326e-08, 1.25822969821e-08, 2.46239784119e-09, 2.94788610189e-10, 3.77639447491e-10, 2.97840363483e-10, 1.41906417173e-10, 8.13262124311e-10, 1.94086580141e-10, 3.40273434429e-11, 1.99296048414e-11, 1.24848145711e-10, 1.24407803503e-10, 2.78272488385e-10, 5.77574515992e-11], "dvar2": [2.84717742716e-07, 0.00186793110333, 6.88746367814e-05, 4.18666240876e-05, 7.12438923074e-05, 2.01174179892e-06, 6.15567250861e-06, 6.65091465635e-06, 4.92800199936e-06, 1.07244377432e-05, 4.27552840847e-05, 1.82185533504e-06, 4.95578582616e-08, 2.25438885337e-08, 6.02539840244e-09, 7.17955694896e-10, 1.04565600623e-09, 8.66320071236e-10, 4.08751532621e-10, 2.36635933071e-09, 5.58969592834e-10, 8.95232915576e-11, 4.29129509705e-11, 3.16795811806e-10, 3.06566411146e-10, 6.67660315923e-10, 1.43171030587e-10], "max": [0.0042672608979, 0.566312074661, 0.0527542233467, 0.0566666051745, 0.0726052075624, 0.0253000166267, 0.0337073467672, 0.0488098487258, 0.0544506013393, 0.0405152887106, 0.0527578890324, 0.0163730736822, 0.00497338175774, 0.00176231842488, 0.00079562573228, 0.000156140740728, 0.000259621796431, 0.000173735214048, 0.000122476005345, 0.000387105974369, 0.000175873923581, 4.73709733342e-05, 6.9439120125e-05, 0.000153284141561, 0.000128987390781, 0.000317475729389, 6.66676569381e-05], "mean": [0.000304107175907, 0.049768846482, 0.00424281833693, 0.00550964800641, 0.0083469748497, 0.00151521957014, 0.00196061795577, 0.00100444664713, 0.000451532920124, 0.00103567366023, 0.00258305692114, 0.000333263044013, 0.000117102135846, 0.000144878344145, 3.74532355636e-05, 1.65411947819e-05, 1.09801794679e-05, 4.3420413931e-06, 3.74965179617e-06, 6.24544145467e-06, 4.02123259846e-06, 2.95443601317e-06, 3.01478257825e-06, 4.07167817684e-06, 4.53149687019e-06, 4.20269225287e-06, 2.18629611481e-06], "median": [9.83567297226e-05, 0.0149625325575, 0.00246351584792, 0.00212999572977, 0.00599841214716, 0.00106218783185, 0.000838959240355, 0.000380583223887, 5.46818773728e-05, 9.72163543338e-05, 0.000187961748452, 8.29068012536e-05, 6.44515675958e-05, 3.49821930286e-05, 1.88338854059e-05, 7.60335205996e-06, 4.65004268335e-06, 1.3165386008e-06, 1.58191642186e-06, 1.22159963212e-06, 8.90601199899e-07, 9.09305981622e-07, 6.71472889735e-07, 4.66702573476e-07, 4.23275480443e-07, 1.27354411461e-07, 2.42350282065e-08], "min": [4.71660403334e-14, 3.14195047204e-14, 7.72632961299e-15, 4.9058555883e-15, 1.47330268103e-14, 4.80170357008e-15, 1.80903579402e-15, 9.77273580257e-16, 2.06324965149e-15, 2.86184353735e-15, 9.93674890973e-16, 5.17945104191e-15, 7.15501808734e-14, 5.01242757966e-14, 1.57811775664e-14, 1.39648898998e-14, 8.83307048517e-15, 3.63493957156e-14, 2.71593169368e-14, 2.97088471445e-14, 4.64947565583e-14, 6.50938179227e-14, 1.26520349102e-13, 2.30465359253e-13, 1.84789615792e-13, 2.8407522645e-13, 4.35450422465e-13], "var": [1.9267278617e-07, 0.00465806759894, 2.86561062239e-05, 6.55861367704e-05, 6.52805756545e-05, 3.56953705705e-06, 1.06945708467e-05, 5.00612213727e-06, 4.03788635595e-06, 1.26024751808e-05, 4.25917678513e-05, 1.28469275751e-06, 5.04980093297e-08, 6.03550134315e-08, 3.12608361419e-09, 4.80683437498e-10, 3.41514205804e-10, 1.73036820983e-10, 8.75598898942e-11, 5.05879615975e-10, 1.19979817748e-10, 3.03228657461e-11, 3.80118610199e-11, 1.14292554587e-10, 1.16062361111e-10, 2.64135630035e-10, 4.79209796844e-11]}, "erbbands": {"dmean": [0.481268018484, 4.67863416672, 5.06147480011, 4.96223640442, 19.2004165649, 8.3753900528, 4.22509384155, 4.09932374954, 10.0775547028, 8.38663005829, 11.0983409882, 6.24995994568, 11.0280418396, 38.9530677795, 55.5787315369, 11.7243385315, 3.46257567406, 3.70758390427, 1.28016960621, 1.03247618675, 0.44310683012, 0.401167809963, 0.228291466832, 0.204729124904, 0.254703849554, 0.289077103138, 0.164946079254, 0.167333200574, 0.0912649333477, 0.0734450817108, 0.0626260340214, 0.0884234830737, 0.0737122967839, 0.0563359111547, 0.0331331975758, 0.0170627292246, 0.010327517055, 0.00319526111707, 0.00051686092047, 5.03121664224e-05], "dmean2": [0.662349462509, 6.5483546257, 8.35319423676, 8.12444877625, 30.4529418945, 13.4381351471, 6.18701076508, 6.40370750427, 14.2844400406, 12.5809612274, 16.3224849701, 8.55167484283, 17.131816864, 59.8175086975, 78.4602890015, 17.9431343079, 5.2439827919, 5.50633192062, 2.02850174904, 1.57107651234, 0.710760653019, 0.656961917877, 0.395996063948, 0.36638584733, 0.455538421869, 0.528991997242, 0.29103833437, 0.291226387024, 0.150714889169, 0.119944706559, 0.0897006243467, 0.141362607479, 0.115168519318, 0.0856657028198, 0.0524223856628, 0.0270389076322, 0.0170662160963, 0.00510525051504, 0.000850313634146, 8.0235528003e-05], "dvar": [0.518765389919, 53.1862030029, 55.1912956238, 47.5768013, 659.879699707, 124.090568542, 48.228553772, 87.8525695801, 810.490905762, 232.863677979, 2309.7409668, 1353.69104004, 2254.28515625, 10523.1376953, 16021.0712891, 2031.93322754, 67.8102416992, 44.4313087463, 7.83183670044, 3.28419661522, 0.722347974777, 1.31733775139, 0.553028941154, 0.527001798153, 0.93902605772, 1.61595511436, 0.279369473457, 0.333249747753, 0.0424233153462, 0.0311580840498, 0.0194682441652, 0.0558084994555, 0.0321757160127, 0.0155301215127, 0.00658783456311, 0.00166306097526, 0.00120106036775, 0.000128272746224, 1.82437361218e-06, 6.67133992494e-09], "dvar2": [1.06273019314, 110.478866577, 147.714370728, 126.208770752, 1648.57067871, 308.636322021, 97.1971511841, 174.472854614, 1680.75390625, 532.622375488, 4956.10546875, 3024.63110352, 5749.39404297, 19734.0292969, 31002.5214844, 4559.73388672, 141.83581543, 84.5640106201, 19.4157352448, 7.18139219284, 1.89327049255, 3.68623781204, 1.59909880161, 1.52813899517, 2.72321915627, 4.71082258224, 0.805399239063, 0.95727533102, 0.1122828722, 0.0808032825589, 0.036853659898, 0.146579921246, 0.0785873755813, 0.037357352674, 0.0163716822863, 0.00394995789975, 0.00304425787181, 0.000290356692858, 4.54141309092e-06, 1.73134928616e-08], "max": [15.1414051056, 128.821136475, 70.9345626831, 89.2948303223, 317.826873779, 193.502456665, 102.566146851, 222.849105835, 531.635498047, 200.06741333, 1318.58410645, 1471.10522461, 914.296142578, 1491.83935547, 1450.09204102, 833.203796387, 250.556472778, 103.065345764, 44.460067749, 22.0201015472, 8.86828708649, 14.8860702515, 7.43887329102, 7.09688997269, 10.0583124161, 17.6441898346, 5.62293291092, 8.2958984375, 1.98642623425, 1.43808269501, 2.74285197258, 3.06491661072, 2.49608278275, 1.26436722279, 1.03599047661, 0.506430804729, 0.626409113407, 0.224887698889, 0.0140963336453, 0.00083597219782], "mean": [1.22375905514, 11.7670373917, 8.96961593628, 11.1830701828, 33.1175079346, 20.4703540802, 11.0040960312, 12.8299264908, 30.1549968719, 22.938035965, 22.3400611877, 12.6662883759, 17.9308567047, 60.1417961121, 82.5457077026, 19.2244777679, 6.81957197189, 8.62094116211, 2.08290910721, 1.76349961758, 0.67679387331, 0.577208101749, 0.26915743947, 0.201037526131, 0.270386397839, 0.269125699997, 0.145498290658, 0.175495907664, 0.10412247479, 0.0786530971527, 0.0987266302109, 0.0861026644707, 0.0702556818724, 0.056527338922, 0.0284941457212, 0.0143040642142, 0.00789432600141, 0.00263800588436, 0.000415541057009, 0.000105997140054], "median": [0.363239109516, 3.34562110901, 6.18796348572, 5.9911236763, 20.8756961823, 14.9259529114, 6.99581241608, 9.0546836853, 12.6633844376, 11.8966903687, 6.93963527679, 1.94947004318, 3.6154282093, 8.13488960266, 10.4358634949, 6.5110244751, 3.84769487381, 2.55462741852, 1.12371778488, 0.75584924221, 0.337480455637, 0.216704785824, 0.114882655442, 0.0735576525331, 0.0943874493241, 0.0531184710562, 0.0351065844297, 0.0405386574566, 0.033589579165, 0.0179090797901, 0.0214960221201, 0.0128837693483, 0.00768138561398, 0.00614995136857, 0.00211448757909, 0.000767791527323, 0.000212840910535, 4.43590397481e-05, 4.81890747324e-05, 6.27726840321e-05], "min": [1.603363926e-12, 4.78684800131e-12, 8.98016556949e-12, 1.37176251261e-11, 2.78283299182e-11, 5.41674968768e-11, 6.31789481842e-11, 2.88515669689e-11, 1.69945498646e-11, 3.59237223302e-11, 1.77088309294e-11, 4.51177428751e-11, 5.67060079448e-11, 1.14213277724e-10, 8.04048633229e-11, 3.86097764871e-10, 3.04189029521e-09, 2.78395839715e-09, 1.3685452771e-09, 9.03077945758e-10, 9.9060604164e-10, 5.56985568778e-10, 1.50460433002e-09, 1.80845238784e-09, 1.49567658259e-09, 1.44414280534e-09, 1.13979548022e-09, 2.51200171775e-09, 1.75823522408e-09, 5.0829687126e-09, 2.85418888524e-09, 5.86209303322e-09, 2.3794763937e-09, 2.1714241516e-09, 1.18497223145e-09, 7.83222986467e-10, 6.11558581554e-10, 2.66168975749e-10, 5.81740176864e-11, 5.70599904132e-12], "var": [3.34754896164, 254.034317017, 83.0384750366, 190.677230835, 1429.22143555, 423.573608398, 146.217224121, 270.923828125, 2866.42358398, 863.046508789, 3520.44311523, 2872.31030273, 2824.34277344, 22509.9355469, 34166.6328125, 3239.26904297, 144.491134644, 198.783309937, 9.79463577271, 6.59379339218, 0.843971967697, 1.12101638317, 0.352102786303, 0.310843914747, 0.576782047749, 0.972755551338, 0.168362528086, 0.215183660388, 0.0379034951329, 0.0276786591858, 0.0518132857978, 0.0484725497663, 0.0319516919553, 0.0158637817949, 0.0057686958462, 0.00155106873717, 0.000984130427241, 0.000139517927892, 1.52909251483e-06, 1.21827685717e-08]}, "gfcc": {"mean": [-115.536804199, 181.778640747, -60.1996383667, 1.73183977604, -37.145275116, 21.2181911469, -20.6832504272, -10.3739852905, -18.6654109955, -3.48030972481, -1.55133008957, -3.4282450676, -3.98593568802], "cov": [[23687.1914062, 351.489318848, -872.237609863, 751.283813477, 118.476234436, 659.745727539, 367.908050537, 1179.70996094, 823.918945312, 318.407104492, -40.2101173401, 104.015983582, 559.994812012], [351.489318848, 1561.41699219, -351.023681641, -109.705131531, 156.485412598, -84.1464538574, 264.851898193, -94.9168014526, 267.274597168, -170.671310425, 189.816711426, -161.237640381, 151.015151978], [-872.237609863, -351.023681641, 514.850524902, 51.5094223022, 9.49137783051, -1.45389688015, -8.53194713593, 7.43637561798, -50.8037414551, 66.1407699585, -48.8560523987, 20.0690422058, -63.994354248], [751.283813477, -109.705131531, 51.5094223022, 363.752380371, 24.6095314026, -47.7662773132, 20.8364181519, 17.4108772278, 63.7565498352, 34.8341369629, 10.527176857, -27.1676139832, 9.82492160797], [118.476234436, 156.485412598, 9.49137783051, 24.6095314026, 188.684173584, 31.008441925, 68.7695541382, -9.32404327393, 25.7619018555, 2.35331630707, 30.1944179535, -15.6997776031, 14.4148435593], [659.745727539, -84.1464538574, -1.45389688015, -47.7662773132, 31.008441925, 146.387237549, 34.7023735046, 44.2798995972, -8.96270847321, 12.8969612122, 0.51940959692, 33.4333763123, 17.6269264221], [367.908050537, 264.851898193, -8.53194713593, 20.8364181519, 68.7695541382, 34.7023735046, 189.721282959, 41.6747932434, 65.3214492798, -26.0053901672, 43.618560791, -26.4075660706, 45.9263458252], [1179.70996094, -94.9168014526, 7.43637561798, 17.4108772278, -9.32404327393, 44.2798995972, 41.6747932434, 158.515197754, 50.0261611938, 34.0242195129, -22.4914321899, 11.4440135956, 30.3176708221], [823.918945312, 267.274597168, -50.8037414551, 63.7565498352, 25.7619018555, -8.96270847321, 65.3214492798, 50.0261611938, 174.390701294, 5.44079589844, 35.26404953, -38.0766792297, 39.4977302551], [318.407104492, -170.671310425, 66.1407699585, 34.8341369629, 2.35331630707, 12.8969612122, -26.0053901672, 34.0242195129, 5.44079589844, 108.652709961, -10.2350072861, 15.9192619324, -22.9524669647], [-40.2101173401, 189.816711426, -48.8560523987, 10.527176857, 30.1944179535, 0.51940959692, 43.618560791, -22.4914321899, 35.26404953, -10.2350072861, 100.162307739, 9.78930950165, 27.8219718933], [104.015983582, -161.237640381, 20.0690422058, -27.1676139832, -15.6997776031, 33.4333763123, -26.4075660706, 11.4440135956, -38.0766792297, 15.9192619324, 9.78930950165, 93.0764846802, 10.5650339127], [559.994812012, 151.015151978, -63.994354248, 9.82492160797, 14.4148435593, 17.6269264221, 45.9263458252, 30.3176708221, 39.4977302551, -22.9524669647, 27.8219718933, 10.5650339127, 91.8823699951]], "icov": [[0.000124253303511, -0.000228093573241, 0.000168125785422, -0.000397683732444, 4.82576579088e-05, -0.000558287021704, 0.000266989925876, -0.000758999085519, -6.89859953127e-05, -0.000271352153504, 0.000368207576685, -0.000315527693601, -0.000119597993034], [-0.000228093573241, 0.00394042534754, 0.000506256241351, 0.00293677556328, -0.00125872716308, 0.00300362939015, -0.00282939476892, 0.00396519526839, -0.00347758526914, 0.00202407711186, -0.0033341946546, 0.00414567859843, -0.00278706359677], [0.000168125785422, 0.000506256241351, 0.00290421815589, -0.000395984156057, -0.000413585075876, 6.3419952312e-06, -0.00110514648259, -0.000308778369799, -0.000436880043708, -0.00117766298354, 0.00103161926381, -0.000550905650016, 0.000570871925447], [-0.000397683732444, 0.00293677556328, -0.000395984156057, 0.00596163095906, -0.0012462149607, 0.00424527423456, -0.00238564400934, 0.00393558433279, -0.00287007819861, 0.000689341803081, -0.00294876587577, 0.00372600229457, -0.00217095250264], [4.82576579088e-05, -0.00125872716308, -0.000413585075876, -0.0012462149607, 0.00718554062769, -0.00254062656313, -0.00123314978555, 0.000452939682873, 0.00103507714812, -0.0016535470495, 0.00014581954747, -0.000162987445947, 0.00056349724764], [-0.000558287021704, 0.00300362939015, 6.3419952312e-06, 0.00424527423456, -0.00254062656313, 0.0131789986044, -0.00428963080049, 0.00275514181703, -0.000771147198975, 0.0010238365503, -0.00238194037229, 0.000288502080366, -0.00160296144895], [0.000266989925876, -0.00282939476892, -0.00110514648259, -0.00238564400934, -0.00123314978555, -0.00428963080049, 0.0115121426061, -0.00605045817792, 0.00126045290381, 0.00117641186807, -0.00108729151543, 0.000132907138322, -0.000166942787473], [-0.000758999085519, 0.00396519526839, -0.000308778369799, 0.00393558433279, 0.000452939682873, 0.00275514181703, -0.00605045817792, 0.0173023175448, -0.00522612035275, -0.000777209992521, 0.000677680480294, 0.00258262688294, -0.00426130834967], [-6.89859953127e-05, -0.00347758526914, -0.000436880043708, -0.00287007819861, 0.00103507714812, -0.000771147198975, 0.00126045290381, -0.00522612035275, 0.0132755301893, -0.00267745647579, -0.000656156684272, 0.000608600559644, 0.000971750298049], [-0.000271352153504, 0.00202407711186, -0.00117766298354, 0.000689341803081, -0.0016535470495, 0.0010238365503, 0.00117641186807, -0.000777209992521, -0.00267745647579, 0.0144749246538, -0.00320155126974, 0.00049018394202, 0.00284450384788], [0.000368207576685, -0.0033341946546, 0.00103161926381, -0.00294876587577, 0.00014581954747, -0.00238194037229, -0.00108729151543, 0.000677680480294, -0.000656156684272, -0.00320155126974, 0.0186323467642, -0.00844387710094, -0.00016502411745], [-0.000315527693601, 0.00414567859843, -0.000550905650016, 0.00372600229457, -0.000162987445947, 0.000288502080366, 0.000132907138322, 0.00258262688294, 0.000608600559644, 0.00049018394202, -0.00844387710094, 0.0208763033152, -0.00660397624597], [-0.000119597993034, -0.00278706359677, 0.000570871925447, -0.00217095250264, 0.00056349724764, -0.00160296144895, -0.000166942787473, -0.00426130834967, 0.000971750298049, 0.00284450384788, -0.00016502411745, -0.00660397624597, 0.019633654505]]}, "melbands": {"dmean": [0.00514131737873, 0.00386553816497, 0.00128596229479, 0.0010584538104, 0.000175555222086, 9.59265889833e-05, 0.00014897629444, 8.79682847881e-05, 8.76496415003e-05, 3.50520531356e-05, 5.60547559871e-05, 0.00015001425345, 0.000252277037362, 3.35919830832e-05, 1.4140598978e-05, 7.27826272851e-06, 6.5665085458e-06, 1.9515623535e-06, 1.58522948368e-06, 1.10035648504e-06, 4.54199209798e-07, 4.69493699029e-07, 2.84690003127e-07, 1.96903556571e-07, 1.61980054258e-07, 1.45193155277e-07, 2.75992221077e-07, 1.62659176794e-07, 9.20862390785e-08, 1.18003995908e-07, 8.96855993915e-08, 4.58659492608e-08, 5.91961573093e-08, 3.47562725267e-08, 3.14579082783e-08, 4.82134083768e-08, 5.67247120387e-08, 5.34635766769e-08, 4.73010182134e-08, 4.65007339301e-08], "dmean2": [0.00703278323635, 0.00587546499446, 0.00208136229776, 0.00169635657221, 0.000258764921455, 0.000145842321217, 0.000212176615605, 0.000132402667077, 0.000128000028781, 4.86545905005e-05, 8.72246309882e-05, 0.000230272431509, 0.000358169840183, 5.24881143065e-05, 2.17116248677e-05, 1.1094052752e-05, 9.80562981567e-06, 3.13214718517e-06, 2.54324504567e-06, 1.68936571754e-06, 7.40084146855e-07, 7.71423685819e-07, 4.84968722958e-07, 3.50001016614e-07, 2.91019290444e-07, 2.56648775121e-07, 5.08253833686e-07, 2.97225170698e-07, 1.63574100043e-07, 2.08878248031e-07, 1.56555529429e-07, 7.48095203562e-08, 1.00689113935e-07, 5.56163080034e-08, 4.45123582438e-08, 7.36335934448e-08, 9.3296634418e-08, 8.3828119557e-08, 7.31839122636e-08, 7.06974248033e-08], "dvar": [6.17919067736e-05, 3.23328495142e-05, 2.84523298433e-06, 1.85564101685e-06, 7.62515313113e-08, 5.42181624041e-08, 1.70552482359e-07, 2.61565311632e-08, 1.40005980143e-07, 4.23300683394e-08, 5.80803884986e-08, 1.77068528728e-07, 4.00772933062e-07, 1.17092957552e-08, 2.7376485523e-09, 1.73087863486e-10, 1.35017205749e-10, 1.80882392398e-11, 9.05824460579e-12, 3.60618891519e-12, 8.45431634856e-13, 2.00359954322e-12, 6.53549046478e-13, 4.76237538988e-13, 3.30228493205e-13, 2.21402337111e-13, 1.55174766266e-12, 4.83194864329e-13, 8.9038524546e-14, 1.36162741781e-13, 1.02672773441e-13, 1.02431999243e-14, 2.51178811366e-14, 6.38003850597e-15, 5.03804016192e-15, 1.23658958304e-14, 2.79735866497e-14, 1.63590386897e-14, 1.29965762341e-14, 1.0285919184e-14], "dvar2": [0.000123980615172, 7.64217620599e-05, 7.44037879485e-06, 4.7785215429e-06, 1.51225833633e-07, 9.870216644e-08, 3.54254581225e-07, 5.91265134631e-08, 3.02175010347e-07, 9.68488862441e-08, 1.47372048787e-07, 3.22842879541e-07, 7.74271711634e-07, 2.65504453978e-08, 6.28177243556e-09, 3.63857666219e-10, 2.5916449542e-10, 4.48875762948e-11, 2.24196251841e-11, 8.03305425651e-12, 2.21035516279e-12, 5.60404760791e-12, 1.86477114132e-12, 1.38634102028e-12, 9.5768250101e-13, 6.35113814838e-13, 4.5149539489e-12, 1.40822444851e-12, 2.56112866375e-13, 3.92374311211e-13, 2.94404501862e-13, 2.71749158956e-14, 6.77372993308e-14, 1.5798828039e-14, 8.70367688512e-15, 2.9574172294e-14, 7.57387113638e-14, 3.86720481484e-14, 3.26719344125e-14, 2.43859040627e-14], "max": [0.154508516192, 0.0866464525461, 0.0227770321071, 0.0185227077454, 0.00409606285393, 0.00595593173057, 0.00795399304479, 0.00238495226949, 0.00975774601102, 0.00795098021626, 0.00453032646328, 0.00665488094091, 0.00734499283135, 0.0017959184479, 0.000970199005678, 0.000341171980835, 0.000175142806256, 6.15811150055e-05, 4.1048759158e-05, 2.09316331166e-05, 9.43795930652e-06, 1.86150882655e-05, 8.62554588821e-06, 7.66973244026e-06, 5.84869258091e-06, 5.2202212828e-06, 1.64106913871e-05, 9.77602121566e-06, 2.96049097415e-06, 4.21171580456e-06, 4.53392749478e-06, 1.17999559279e-06, 1.2397260889e-06, 7.16010958968e-07, 1.48736125993e-06, 1.17358069929e-06, 2.50217021858e-06, 1.58067962275e-06, 1.47695595842e-06, 9.779996617e-07], "mean": [0.0132324872538, 0.00882172491401, 0.00270885322243, 0.00206787022762, 0.000457097339677, 0.000300406711176, 0.000456053443486, 0.000228522563702, 0.00017109856708, 6.77067146171e-05, 8.84341061465e-05, 0.000230754041695, 0.000361354585038, 5.49291798961e-05, 2.34383714997e-05, 1.56622263603e-05, 1.47694063344e-05, 2.78900984085e-06, 2.45708861257e-06, 1.86128897894e-06, 5.97578036832e-07, 6.46202863663e-07, 3.69776444131e-07, 2.00430974928e-07, 1.5167003653e-07, 1.51759195433e-07, 2.80894454363e-07, 1.43820642506e-07, 8.07995377272e-08, 1.06914967546e-07, 9.63637774021e-08, 5.5138166033e-08, 5.77757219844e-08, 3.73152175825e-08, 5.34069535263e-08, 5.62109292446e-08, 5.17068023953e-08, 5.057965069e-08, 4.57517508323e-08, 4.65460843202e-08], "median": [0.00377518148161, 0.00404225848615, 0.0015211883001, 0.00146359985229, 0.000302660337184, 0.000206531287404, 0.000200137365027, 0.000122872006614, 4.28635175922e-05, 8.5462916104e-06, 1.40987303894e-05, 2.21194677579e-05, 2.95764730254e-05, 1.44928635564e-05, 7.32998432795e-06, 7.53948870624e-06, 4.1179478103e-06, 1.1564873148e-06, 1.24483324271e-06, 7.96752260612e-07, 2.33146892015e-07, 2.19156362391e-07, 1.42167920103e-07, 6.80237519646e-08, 5.10868929382e-08, 6.14787438735e-08, 5.94820583899e-08, 2.53323655386e-08, 2.07190620216e-08, 2.2445439285e-08, 2.27947136722e-08, 1.95510416745e-08, 1.27318475762e-08, 7.29262517041e-09, 1.16677689732e-08, 1.07542854622e-08, 6.12735684413e-09, 4.37910685491e-09, 5.05977792997e-09, 4.37809255516e-09], "min": [1.37839153814e-14, 5.26254200942e-15, 2.72079899911e-15, 2.98060496809e-15, 2.34228771531e-15, 6.79057314089e-16, 2.97455445293e-16, 3.67042351814e-16, 1.2326079035e-16, 3.1980758598e-16, 2.84101838531e-16, 4.76313731295e-16, 1.64894775813e-16, 6.20934230885e-16, 2.67405463888e-15, 7.9724011545e-15, 4.92020390291e-15, 2.69271011602e-15, 1.17052065316e-15, 7.86682273279e-16, 1.32968767307e-15, 5.36653129145e-16, 8.03113441906e-16, 1.81028792048e-15, 1.44382705678e-15, 9.43889258949e-16, 1.3270950111e-15, 8.53590093997e-16, 4.00747169214e-16, 1.23567379219e-15, 1.69120059381e-15, 9.92586877152e-16, 1.2122416845e-15, 3.61520056987e-15, 1.60178800765e-15, 1.97014463696e-15, 4.11205739123e-15, 9.641535693e-16, 2.93760872866e-15, 1.4213511434e-15], "var": [0.0003586805542, 0.000103866019344, 9.66505376709e-06, 4.27227041655e-06, 2.51286877528e-07, 1.7052340695e-07, 6.30489296327e-07, 8.20304748572e-08, 2.17809073888e-07, 8.66077058959e-08, 7.43227985822e-08, 3.88451979916e-07, 8.24521521281e-07, 1.9534935447e-08, 4.52439596899e-09, 5.1739407203e-10, 5.87158099918e-10, 2.33295917307e-11, 1.1807857643e-11, 7.20100801904e-12, 9.4028517611e-13, 1.67044286389e-12, 5.22989583498e-13, 2.87153981149e-13, 1.93847122056e-13, 1.40437493449e-13, 1.01483383329e-12, 2.81958674074e-13, 5.38644514192e-14, 8.36517541434e-14, 6.67810533435e-14, 9.44588865811e-15, 1.97169483431e-14, 6.38819628028e-15, 1.5892921541e-14, 1.49771942217e-14, 2.20752218995e-14, 1.76584109477e-14, 1.1925984187e-14, 1.07594876815e-14]}, "mfcc": {"mean": [-768.882751465, 212.41835022, 38.4231300354, 10.056596756, 12.3631877899, 21.7083454132, 11.9197835922, 1.99379789829, -2.55460047722, -2.59639286995, -1.59125757217, 2.54280114174, 5.27164554596], "cov": [[10204.0087891, 2948.546875, 91.3758850098, -265.012023926, 76.2710418701, 212.501327515, 157.545608521, 159.23739624, 395.494567871, 285.331451416, 176.305862427, 256.129058838, 264.470916748], [2948.546875, 2876.88647461, -29.2095661163, -111.212753296, -45.0564689636, 112.807121277, 82.9659500122, 118.247695923, 113.089866638, 155.340805054, 144.143890381, 82.9181137085, 134.151077271], [91.3758850098, -29.2095661163, 297.218261719, 35.2589263916, 13.2366886139, 34.027557373, 16.8355045319, 4.42107963562, -1.23621702194, 29.1611671448, -13.3538627625, 37.7675247192, -8.98582935333], [-265.012023926, -111.212753296, 35.2589263916, 293.215393066, 35.527015686, 31.0844478607, -5.75008440018, -27.8751106262, -4.82114219666, 36.3642692566, 18.1445941925, 24.658821106, -11.5566205978], [76.2710418701, -45.0564689636, 13.2366886139, 35.527015686, 115.962333679, 30.7305393219, 1.22562646866, -9.98701953888, 3.88723230362, -13.0524559021, 8.30125904083, 20.5255413055, 3.97886514664], [212.501327515, 112.807121277, 34.027557373, 31.0844478607, 30.7305393219, 122.429542542, 42.1484413147, 7.13539075851, -6.83652448654, -8.25453090668, 21.529794693, 35.1592216492, 12.9056777954], [157.545608521, 82.9659500122, 16.8355045319, -5.75008440018, 1.22562646866, 42.1484413147, 134.478591919, 35.6938591003, 17.0783061981, -13.5481433868, 2.01392436028, 14.0875368118, 23.2481651306], [159.23739624, 118.247695923, 4.42107963562, -27.8751106262, -9.98701953888, 7.13539075851, 35.6938591003, 89.449180603, 31.6745986938, 16.3876686096, -6.90552282333, 13.0541658401, 9.31527137756], [395.494567871, 113.089866638, -1.23621702194, -4.82114219666, 3.88723230362, -6.83652448654, 17.0783061981, 31.6745986938, 120.087097168, 43.7613716125, 30.173456192, 0.857749819756, -7.46318244934], [285.331451416, 155.340805054, 29.1611671448, 36.3642692566, -13.0524559021, -8.25453090668, -13.5481433868, 16.3876686096, 43.7613716125, 131.420883179, 27.0069217682, 16.619096756, -6.10717821121], [176.305862427, 144.143890381, -13.3538627625, 18.1445941925, 8.30125904083, 21.529794693, 2.01392436028, -6.90552282333, 30.173456192, 27.0069217682, 105.535133362, 21.6282901764, 13.2784748077], [256.129058838, 82.9181137085, 37.7675247192, 24.658821106, 20.5255413055, 35.1592216492, 14.0875368118, 13.0541658401, 0.857749819756, 16.619096756, 21.6282901764, 96.0448532104, 25.0673522949], [264.470916748, 134.151077271, -8.98582935333, -11.5566205978, 3.97886514664, 12.9056777954, 23.2481651306, 9.31527137756, -7.46318244934, -6.10717821121, 13.2784748077, 25.0673522949, 82.9085083008]], "icov": [[0.000181779658305, -0.000141049051308, -2.19637277041e-05, 0.000176194444066, -0.000115764189104, -0.000179941009264, 1.71450992639e-05, 0.000225326424697, -0.000538615218829, -0.000166824291227, 0.00021030579228, -0.000267143535893, -0.000339699356118], [-0.000141049051308, 0.000581029104069, 9.85748847597e-05, 8.57997583807e-05, 0.000283635425149, -0.000324924883898, 4.61229365101e-06, -0.000501270173118, 0.000273852259852, -0.000382001424441, -0.000528719101567, 0.000216123109567, -0.000359723024303], [-2.19637277041e-05, 9.85748847597e-05, 0.00387415615842, -0.000108638487291, -7.810848183e-05, -0.000869668030646, -0.000452208536444, 0.000281901302515, 0.000148849241668, -0.00109747331589, 0.00105412327684, -0.00140005419962, 0.000736598100048], [0.000176194444066, 8.57997583807e-05, -0.000108638487291, 0.00429616030306, -0.00101424823515, -0.00109844875988, -0.00019049065304, 0.00147329259198, -0.000180086572072, -0.00183263549116, -7.9401761468e-05, -0.000850402226206, 0.000112365836685], [-0.000115764189104, 0.000283635425149, -7.810848183e-05, -0.00101424823515, 0.010297967121, -0.00219924887642, 0.000824717106298, 0.000924634106923, -0.00136178976391, 0.00170942849945, -5.57421444682e-05, -0.00148955709301, -0.000263890542556], [-0.000179941009264, -0.000324924883898, -0.000869668030646, -0.00109844875988, -0.00219924887642, 0.0121195660904, -0.00326863536611, -0.000566044414882, 0.00231139990501, 0.00158001715317, -0.00224511441775, -0.00217820657417, 0.00139412097633], [1.71450992639e-05, 4.61229365101e-06, -0.000452208536444, -0.00019049065304, 0.000824717106298, -0.00326863536611, 0.0100993746892, -0.00323088117875, -0.00176873058081, 0.00177901692223, 0.000405351398513, 0.000384283543099, -0.00234670611098], [0.000225326424697, -0.000501270173118, 0.000281901302515, 0.00147329259198, 0.000924634106923, -0.000566044414882, -0.00323088117875, 0.015885302797, -0.00432663271204, -0.00161465699784, 0.00351719767787, -0.00259999185801, -0.000792489969172], [-0.000538615218829, 0.000273852259852, 0.000148849241668, -0.000180086572072, -0.00136178976391, 0.00231139990501, -0.00176873058081, -0.00432663271204, 0.0135214962065, -0.00254486408085, -0.00402828911319, 0.00191046169493, 0.00305094500072], [-0.000166824291227, -0.000382001424441, -0.00109747331589, -0.00183263549116, 0.00170942849945, 0.00158001715317, 0.00177901692223, -0.00161465699784, -0.00254486408085, 0.0112383486703, -0.00169276783708, -0.00120534666348, 0.00136474100873], [0.00021030579228, -0.000528719101567, 0.00105412327684, -7.9401761468e-05, -5.57421444682e-05, -0.00224511441775, 0.000405351398513, 0.00351719767787, -0.00402828911319, -0.00169276783708, 0.0129599077627, -0.00234188628383, -0.00172373862006], [-0.000267143535893, 0.000216123109567, -0.00140005419962, -0.000850402226206, -0.00148955709301, -0.00217820657417, 0.000384283543099, -0.00259999185801, 0.00191046169493, -0.00120534666348, -0.00234188628383, 0.0146594336256, -0.00314691243693], [-0.000339699356118, -0.000359723024303, 0.000736598100048, 0.000112365836685, -0.000263890542556, 0.00139412097633, -0.00234670611098, -0.000792489969172, 0.00305094500072, 0.00136474100873, -0.00172373862006, -0.00314691243693, 0.0159680843353]]}, "spectral_contrast_coeffs": {"dmean": [0.0503003112972, 0.0338728614151, 0.0431445240974, 0.0274309366941, 0.020187119022, 0.0221279598773], "dmean2": [0.0817786455154, 0.0542486310005, 0.0665752515197, 0.045252121985, 0.0322501286864, 0.0353904776275], "dvar": [0.00152990687639, 0.000943336810451, 0.00139157730155, 0.000709570129402, 0.000496499473229, 0.000757812405936], "dvar2": [0.00407890975475, 0.00234176823869, 0.00325052067637, 0.00160797429271, 0.00104555126745, 0.00167594314553], "max": [-0.406781852245, -0.455826401711, -0.474603593349, -0.596239387989, -0.668997883797, -0.639521121979], "mean": [-0.637879133224, -0.695234239101, -0.708733916283, -0.77117317915, -0.811334490776, -0.793039977551], "median": [-0.639178574085, -0.697078585625, -0.712769389153, -0.774535536766, -0.812386214733, -0.793009638786], "min": [-0.967584729195, -0.96143335104, -0.972980439663, -0.961097598076, -0.960784494877, -0.959690868855], "var": [0.00470328796655, 0.00472632050514, 0.0061936089769, 0.00347066158429, 0.002250892343, 0.00263925129548]}, "spectral_contrast_valleys": {"dmean": [0.375138312578, 0.285379469395, 0.323996931314, 0.363530665636, 0.427136003971, 0.595314741135], "dmean2": [0.611267864704, 0.45762103796, 0.511879563332, 0.542472720146, 0.58872449398, 0.739062428474], "dvar": [0.247579097748, 0.231027752161, 0.228493824601, 0.310964196