{"lowlevel": {"average_loudness": 0.704900145531, "barkbands_crest": {"dmean": 1.30154299736, "dmean2": 1.99396550655, "dvar": 1.84355008602, "dvar2": 4.26144695282, "max": 23.1772537231, "mean": 13.0453329086, "median": 12.803235054, "min": 5.09140634537, "var": 12.4039392471}, "barkbands_flatness_db": {"dmean": 0.01858054474, "dmean2": 0.0303775984794, "dvar": 0.000344639673131, "dvar2": 0.000788032542914, "max": 0.576782345772, "mean": 0.424965858459, "median": 0.42829734087, "min": 0.0687339529395, "var": 0.00332178897224}, "barkbands_kurtosis": {"dmean": 1.13410031796, "dmean2": 1.54187226295, "dvar": 2.72764658928, "dvar2": 4.32380437851, "max": 48.2441291809, "mean": 4.18225240707, "median": 2.11190724373, "min": -1.60214316845, "var": 38.822013855}, "barkbands_skewness": {"dmean": 0.239411324263, "dmean2": 0.334078013897, "dvar": 0.0765686035156, "dvar2": 0.136631712317, "max": 5.69020271301, "mean": 1.4689656496, "median": 1.2595962286, "min": -3.08805775642, "var": 1.25110983849}, "barkbands_spread": {"dmean": 0.517036378384, "dmean2": 0.739214003086, "dvar": 0.771478295326, "dvar2": 1.78261268139, "max": 44.4175796509, "mean": 3.9793074131, "median": 3.76980257034, "min": 0.482676059008, "var": 4.87452983856}, "dissonance": {"dmean": 0.0381119735539, "dmean2": 0.0642987638712, "dvar": 0.00121785025112, "dvar2": 0.00348200998269, "max": 0.499681323767, "mean": 0.342091202736, "median": 0.34342956543, "min": 0.0696825683117, "var": 0.00357594783418}, "dynamic_complexity": 2.99889135361, "erbbands_crest": {"dmean": 1.52677357197, "dmean2": 2.27201032639, "dvar": 2.29269194603, "dvar2": 4.77784395218, "max": 26.8735427856, "mean": 13.0968284607, "median": 12.5259780884, "min": 3.23672103882, "var": 15.195605278}, "erbbands_flatness_db": {"dmean": 0.0104903560132, "dmean2": 0.0166138596833, "dvar": 0.000117069430416, "dvar2": 0.000265160488198, "max": 0.478057682514, "mean": 0.411014765501, "median": 0.415459543467, "min": 0.0882708355784, "var": 0.00121106463484}, "erbbands_kurtosis": {"dmean": 0.510004222393, "dmean2": 0.715939760208, "dvar": 0.35786241293, "dvar2": 0.705132961273, "max": 11.6836299896, "mean": 0.520228147507, "median": 0.167986750603, "min": -1.61944329739, "var": 2.24635362625}, "erbbands_skewness": {"dmean": 0.17841245234, "dmean2": 0.245845004916, "dvar": 0.031040545553, "dvar2": 0.059424649924, "max": 3.01644706726, "mean": 0.439287692308, "median": 0.394390702248, "min": -1.6394392252, "var": 0.392977684736}, "erbbands_spread": {"dmean": 1.34434819221, "dmean2": 1.93168771267, "dvar": 2.38296866417, "dvar2": 5.22318315506, "max": 39.7107315063, "mean": 11.5051994324, "median": 10.9724311829, "min": 2.71434426308, "var": 18.7348899841}, "hfc": {"dmean": 1.74888372421, "dmean2": 2.34898114204, "dvar": 21.1280479431, "dvar2": 34.334941864, "max": 218.856628418, "mean": 8.9540643692, "median": 5.9597158432, "min": 1.20866797308e-16, "var": 128.955032349}, "melbands_crest": {"dmean": 1.64380967617, "dmean2": 2.52571558952, "dvar": 3.82929873466, "dvar2": 8.42588329315, "max": 33.6809120178, "mean": 19.1479129791, "median": 19.2211837769, "min": 2.22675442696, "var": 36.1705703735}, "melbands_flatness_db": {"dmean": 0.0177739746869, "dmean2": 0.0280716083944, "dvar": 0.000423727091402, "dvar2": 0.000866625050548, "max": 0.715821325779, "mean": 0.541979074478, "median": 0.547767043114, "min": 0.00541136460379, "var": 0.00545501289889}, "melbands_kurtosis": {"dmean": 1.80563306808, "dmean2": 2.49239039421, "dvar": 8.415391922, "dvar2": 13.1912269592, "max": 92.1165084839, "mean": 7.07831764221, "median": 3.50142216682, "min": -1.43345522881, "var": 110.092315674}, "melbands_skewness": {"dmean": 0.294900715351, "dmean2": 0.419080764055, "dvar": 0.110488608479, "dvar2": 0.191571816802, "max": 7.8693151474, "mean": 1.92583501339, "median": 1.59783673286, "min": -0.876909792423, "var": 1.85185730457}, "melbands_spread": {"dmean": 0.885981440544, "dmean2": 1.30185472965, "dvar": 11.1949501038, "dvar2": 22.7293167114, "max": 169.998718262, "mean": 6.32419204712, "median": 5.4573802948, "min": 0.524677097797, "var": 88.1329879761}, "pitch_salience": {"dmean": 0.0375380143523, "dmean2": 0.0589701868594, "dvar": 0.00191358174197, "dvar2": 0.00458405259997, "max": 0.88874822855, "mean": 0.429255187511, "median": 0.446656227112, "min": 0.0655606389046, "var": 0.016480512917}, "silence_rate_20dB": {"dmean": 0.000538938271347, "dmean2": 0.00107816711534, "dvar": 0.00053863710491, "dvar2": 0.00161604536697, "max": 1, "mean": 0.999730587006, "median": 1, "min": 0, "var": 0.000269321288215}, "silence_rate_30dB": {"dmean": 0.00538938306272, "dmean2": 0.0107816709206, "dvar": 0.0053601777181, "dvar2": 0.0106651932001, "max": 1, "mean": 0.98679959774, "median": 1, "min": 0, "var": 0.0130263427272}, "silence_rate_60dB": {"dmean": 0.00538938306272, "dmean2": 0.0107816709206, "dvar": 0.00536013115197, "dvar2": 0.0122824348509, "max": 1, "mean": 0.0366379320621, "median": 0, "min": 0, "var": 0.0352960787714}, "spectral_centroid": {"dmean": 29.4373245239, "dmean2": 41.6358833313, "dvar": 28175.203125, "dvar2": 34037.390625, "max": 11252.3603516, "mean": 394.090576172, "median": 360.091339111, "min": 183.502822876, "var": 152215.53125}, "spectral_complexity": {"dmean": 0.934518992901, "dmean2": 1.53854441643, "dvar": 1.15849530697, "dvar2": 2.41238760948, "max": 24, "mean": 8.71066856384, "median": 9, "min": 0, "var": 9.66089820862}, "spectral_decrease": {"dmean": 1.19440601853e-09, "dmean2": 1.65835079002e-09, "dvar": 5.8017658207e-18, "dvar2": 1.03925441877e-17, "max": 1.0754313283e-17, "mean": -6.47536202436e-09, "median": -5.08274755617e-09, "min": -9.65499822314e-08, "var": 3.69063405513e-17}, "spectral_energy": {"dmean": 0.00465838657692, "dmean2": 0.00646026385948, "dvar": 8.98993384908e-05, "dvar2": 0.000160045776283, "max": 0.384252458811, "mean": 0.0252517051995, "median": 0.0197228603065, "min": 1.0657180139e-20, "var": 0.000570683274418}, "spectral_energyband_high": {"dmean": 9.78264154128e-08, "dmean2": 1.26619212892e-07, "dvar": 5.77300468714e-13, "dvar2": 9.78688484421e-13, "max": 3.05264875351e-05, "mean": 1.52813896648e-07, "median": 1.59337609773e-08, "min": 7.55245949182e-21, "var": 1.09441058646e-12}, "spectral_energyband_low": {"dmean": 0.000753521744628, "dmean2": 0.00119963532779, "dvar": 2.90578418571e-06, "dvar2": 7.22183312973e-06, "max": 0.0426451452076, "mean": 0.00351641583256, "median": 0.00209602317773, "min": 3.71941069499e-23, "var": 2.08472283703e-05}, "spectral_energyband_middle_high": {"dmean": 0.000360051548341, "dmean2": 0.000442322751042, "dvar": 9.70759629126e-07, "dvar2": 1.53257769853e-06, "max": 0.0401894077659, "mean": 0.00160516414326, "median": 0.000678087235428, "min": 1.50171732152e-21, "var": 7.12682049198e-06}, "spectral_energyband_middle_low": {"dmean": 0.00445135962218, "dmean2": 0.00623687822372, "dvar": 7.89736659499e-05, "dvar2": 0.000144635123434, "max": 0.343473285437, "mean": 0.0237168483436, "median": 0.0187170114368, "min": 1.44058484228e-22, "var": 0.000490508275107}, "spectral_entropy": {"dmean": 0.108984977007, "dmean2": 0.166597053409, "dvar": 0.0252828579396, "dvar2": 0.0523930639029, "max": 9.80272674561, "mean": 5.25664758682, "median": 5.24905776978, "min": 3.69849491119, "var": 0.235550150275}, "spectral_flux": {"dmean": 0.0134758017957, "dmean2": 0.0220428109169, "dvar": 0.000426997081377, "dvar2": 0.000918887439184, "max": 0.309679657221, "mean": 0.0316889993846, "median": 0.0231666397303, "min": 6.85738826833e-11, "var": 0.000832681369502}, "spectral_kurtosis": {"dmean": 42.5015983582, "dmean2": 74.4670257568, "dvar": 1631.60302734, "dvar2": 4534.12255859, "max": 381.885528564, "mean": 163.841751099, "median": 169.560012817, "min": -1.25340056419, "var": 4287.92138672}, "spectral_rms": {"dmean": 0.000406350358389, "dmean2": 0.00055988272652, "dvar": 3.66553166486e-07, "dvar2": 6.27351084859e-07, "max": 0.0193618293852, "mean": 0.00457031419501, "median": 0.00438654934987, "min": 3.22447645841e-12, "var": 3.74804653802e-06}, "spectral_rolloff": {"dmean": 51.9904174805, "dmean2": 89.8757171631, "dvar": 130856.789062, "dvar2": 238387.5, "max": 19078.4179688, "mean": 584.780517578, "median": 538.330078125, "min": 172.265625, "var": 1214461.625}, "spectral_skewness": {"dmean": 1.95913994312, "dmean2": 3.47993826866, "dvar": 3.25075769424, "dvar2": 8.94564533234, "max": 15.3544235229, "mean": 9.2099199295, "median": 9.74513626099, "min": -0.0267059244215, "var": 7.78603410721}, "spectral_spread": {"dmean": 291339.875, "dmean2": 510988.1875, "dvar": 666077691904, "dvar2": 1241820037120.0, "max": 45740756, "mean": 797747.0625, "median": 662203.375, "min": 236842.84375, "var": 1981396287490.0}, "spectral_strongpeak": {"dmean": 0.248483687639, "dmean2": 0.400917470455, "dvar": 0.224552795291, "dvar2": 0.515959501266, "max": 10.4407262802, "mean": 1.12565028667, "median": 0.954193294048, "min": 0, "var": 0.683885633945}, "zerocrossingrate": {"dmean": 0.00181168003473, "dmean2": 0.00227939174511, "dvar": 5.59423679078e-05, "dvar2": 4.75289452879e-05, "max": 0.51904296875, "mean": 0.0199829619378, "median": 0.01708984375, "min": 0.0068359375, "var": 0.00121594802476}, "barkbands": {"dmean": [2.97388260151e-06, 1.04364216895e-05, 0.000138893374242, 0.00167480332311, 0.00143439054955, 0.000869294977747, 0.000637054559775, 0.00123511801939, 0.00031008280348, 0.000272669218248, 8.27909389045e-05, 3.4065626096e-05, 6.327360461e-05, 6.59583965898e-05, 1.57818558364e-05, 2.31646608881e-05, 5.06753531226e-06, 7.14917689493e-07, 6.6005827648e-07, 3.15406794016e-07, 2.01296614932e-08, 1.5520114971e-08, 9.63034008095e-09, 1.32102007111e-09, 9.88196746654e-10, 9.23619958293e-10, 8.82419193271e-10], "dmean2": [5.30377428731e-06, 1.82361764018e-05, 0.000233445927734, 0.00244785565883, 0.00216616108082, 0.00129227037542, 0.0010031881975, 0.00171997828875, 0.000394078349927, 0.000319789018249, 0.000114424059575, 5.12604710821e-05, 8.69430077728e-05, 9.01507592062e-05, 2.22847811528e-05, 3.33336138283e-05, 7.20956313671e-06, 1.15461057248e-06, 7.98100018073e-07, 3.92876188471e-07, 2.83575101179e-08, 2.02007939265e-08, 1.19716245806e-08, 2.25375451635e-09, 1.76821413067e-09, 1.66392088996e-09, 1.60267821236e-09], "dvar": [1.01669117569e-10, 1.11932774161e-09, 1.35862066486e-07, 1.07923924588e-05, 4.64959430246e-06, 8.81437608768e-06, 7.70854330767e-06, 1.85416847671e-05, 4.35429546997e-06, 4.77580044844e-07, 5.17096516717e-08, 1.79218861973e-08, 7.38382652798e-08, 1.51530159087e-07, 4.74948835816e-09, 2.09489385838e-08, 8.72356742398e-10, 1.63772103517e-11, 2.93952015507e-11, 8.15461673881e-12, 3.1687173908e-14, 1.21232107266e-14, 1.00808880828e-14, 1.36593037654e-17, 2.83756161407e-18, 3.33701512909e-18, 2.66974652012e-18], "dvar2": [2.89496510097e-10, 3.01489944121e-09, 3.70629152258e-07, 2.83873177978e-05, 1.11028030005e-05, 1.77154688572e-05, 1.67800662894e-05, 3.75093732146e-05, 5.41719600733e-06, 6.07087258686e-07, 1.03057423928e-07, 3.97175234923e-08, 1.74610121917e-07, 2.83805832169e-07, 8.9208214149e-09, 4.33214566442e-08, 1.64016034088e-09, 3.87468321317e-11, 3.77495257275e-11, 1.40005021465e-11, 5.05856885243e-14, 2.13653557736e-14, 1.5812504233e-14, 2.81044770893e-17, 8.44056420538e-18, 9.16580390642e-18, 8.60594159807e-18], "max": [0.000182347081136, 0.000681495759636, 0.00873529352248, 0.0747863948345, 0.0673591941595, 0.101728178561, 0.0733654499054, 0.244100615382, 0.11062618345, 0.033591683954, 0.00793872307986, 0.00468603055924, 0.0113758053631, 0.0116467364132, 0.0025078416802, 0.00532653229311, 0.00113229942508, 0.000121578697872, 0.00034706084989, 0.000128240164486, 8.63100012793e-06, 4.23443452746e-06, 5.29620911038e-06, 1.67476571278e-07, 3.71104107444e-08, 5.73617775501e-08, 2.90852302243e-08], "mean": [2.73602063317e-06, 1.04951641333e-05, 0.000407458690461, 0.00953225977719, 0.0038095174823, 0.00348291289993, 0.00119133049157, 0.00356117915362, 0.00123497494496, 0.0012124129571, 0.000225016803597, 8.89657749212e-05, 0.000198966765311, 0.000175509310793, 3.89721171814e-05, 6.47558408673e-05, 1.08273316073e-05, 1.26434349568e-06, 1.60336378485e-06, 4.71523321721e-07, 3.5129033904e-08, 2.1179113574e-08, 1.34951694264e-08, 2.34846697644e-09, 1.01681696396e-09, 9.84656134406e-10, 8.78889461209e-10], "median": [7.20702246326e-07, 2.16525836549e-06, 6.78185315337e-05, 0.00737536884844, 0.0026729456149, 0.00105415889993, 0.000318018050166, 0.00123902689666, 0.000314908800647, 0.000450037769042, 0.000105247498141, 2.38621960307e-05, 5.07637669216e-05, 1.52651919052e-05, 7.14671477908e-06, 3.60252738574e-06, 1.25366057091e-06, 1.93434530615e-07, 4.78180908203e-08, 1.36041169441e-08, 2.19868212525e-09, 1.74016623333e-09, 1.6273987713e-09, 1.5886104654e-09, 5.77204617436e-10, 5.41503619722e-10, 4.23909018998e-10], "min": [7.70059983267e-25, 1.05258578331e-23, 8.3483950531e-24, 9.25170232073e-24, 7.35142633019e-24, 9.28340190734e-24, 1.75322458696e-23, 4.14020708786e-23, 1.8376901329e-23, 4.3565058061e-23, 3.15657011426e-23, 6.38948618692e-23, 1.06722972383e-22, 7.95155321047e-23, 9.76888300118e-23, 7.37895063381e-23, 1.35567349528e-22, 1.54540842693e-22, 2.24145044343e-22, 2.51502866754e-22, 2.16423345637e-22, 4.77048044541e-22, 4.26811261638e-22, 8.02863400859e-22, 1.29255492934e-21, 1.61503056413e-21, 2.3246376308e-21], "var": [6.99223526301e-11, 1.07427411411e-09, 5.71514817693e-07, 8.62926972331e-05, 1.53450000653e-05, 4.39254254161e-05, 1.34059100674e-05, 7.53611384425e-05, 3.16033765557e-05, 5.36688412467e-06, 1.71714631847e-07, 6.79683793692e-08, 2.77339125887e-07, 5.25871882928e-07, 1.7196112978e-08, 9.10812403276e-08, 2.40002218099e-09, 2.33685831103e-11, 2.07565672983e-10, 1.62222162786e-11, 7.70819836454e-14, 2.17988011675e-14, 1.82418455477e-14, 2.38773277331e-17, 2.88281232269e-18, 3.42506250824e-18, 2.24269198822e-18]}, "erbbands": {"dmean": [0.000247504911385, 0.00361004890874, 0.120731897652, 2.73893547058, 6.98834276199, 2.49153208733, 6.10603284836, 7.19716644287, 8.84398651123, 23.6956768036, 14.012553215, 6.78021335602, 10.139629364, 1.99272429943, 3.99130439758, 1.46588122845, 2.82007884979, 3.77059602737, 1.16732156277, 0.863075017929, 0.869888961315, 0.215236067772, 0.124368645251, 0.0484754815698, 0.0184656716883, 0.00777764339, 0.00245516886935, 0.000843598973006, 0.000579264655244, 0.000211624414078, 0.000330359267537, 3.94943199353e-05, 2.12921841012e-05, 1.25821834445e-05, 7.55279233999e-06, 4.62306888949e-06, 2.37705967265e-06, 6.75903550018e-07, 2.17602996599e-06, 5.17375974596e-06], "dmean2": [0.000439043273218, 0.00600505108014, 0.19491957128, 4.13999271393, 10.3282976151, 3.87545895576, 9.33297634125, 10.8626947403, 13.7453260422, 32.5417327881, 19.7207889557, 9.09125614166, 11.9427633286, 2.57322525978, 5.4934926033, 2.09957194328, 3.80713748932, 5.24764537811, 1.5638999939, 1.25640380383, 1.24191331863, 0.301324605942, 0.173752382398, 0.0591728761792, 0.0222812239081, 0.00984606519341, 0.00332172564231, 0.00116100965533, 0.000733576423954, 0.000266224960797, 0.000407054641983, 5.96872523602e-05, 3.59880687029e-05, 2.17888791667e-05, 1.27016228362e-05, 7.50156323193e-06, 3.76305888494e-06, 1.12250586426e-06, 3.00712372336e-06, 7.16297472536e-06], "dvar": [5.58484600788e-07, 9.01405655895e-05, 0.0754803419113, 31.3260574341, 114.017524719, 28.1033000946, 228.701507568, 1027.8963623, 1416.5559082, 6333.71289062, 2870.25219727, 1355.93164062, 625.514099121, 31.3238143921, 136.927352905, 30.4562740326, 143.221878052, 385.802642822, 28.9897193909, 16.2945804596, 28.0386962891, 1.24065065384, 0.692891776562, 0.148057967424, 0.0168947260827, 0.00399479269981, 0.000435194990132, 5.11566977366e-05, 1.71013343788e-05, 2.53736038758e-06, 1.23073141367e-05, 3.3643246411e-08, 3.39477757016e-09, 5.24959797854e-10, 1.85440676703e-10, 8.60020665794e-11, 2.15956089816e-11, 1.46426013675e-12, 2.06013834464e-11, 1.13360584808e-10], "dvar2": [1.56247926952e-06, 0.000222642076551, 0.197002500296, 81.9524307251, 262.268035889, 75.0347213745, 486.868011475, 2130.55761719, 2914.56469727, 11935.8310547, 5308.92431641, 2164.20141602, 826.134460449, 40.7279663086, 277.173858643, 66.1360778809, 344.606872559, 740.321289062, 51.0536079407, 34.6546440125, 58.473651886, 2.22256731987, 1.30934977531, 0.192160606384, 0.0263489056379, 0.00701736332849, 0.000840595515911, 8.63647946971e-05, 2.87361053779e-05, 4.02467776439e-06, 1.93741907424e-05, 5.16125986394e-08, 6.95142698959e-09, 1.3836570778e-09, 4.89836671225e-10, 1.88350127162e-10, 4.46578815594e-11, 3.82839246416e-12, 3.59582155718e-11, 2.00297667341e-10], "max": [0.0155523661524, 0.185162141919, 6.30029916763, 119.100845337, 302.857543945, 198.063415527, 539.201843262, 1198.74414062, 1346.94299316, 4290.47949219, 2083.85791016, 1677.81298828, 1300.31298828, 226.846420288, 413.513885498, 177.546920776, 497.7862854, 579.24041748, 155.769195557, 148.314926147, 195.649383545, 42.2554244995, 31.0167350769, 24.3004779816, 5.7597193718, 2.75324177742, 0.728915214539, 0.242555215955, 0.165792495012, 0.081209346652, 0.182441547513, 0.0103686572984, 0.0026311322581, 0.000719076779205, 0.000523712369613, 0.000410134292906, 0.000217582535697, 4.94590130984e-05, 0.000191835206351, 0.000437246635556], "mean": [0.000521046225913, 0.0103782303631, 0.499719232321, 14.7500448227, 29.0588512421, 6.41647720337, 24.0030193329, 22.3241329193, 20.2170963287, 65.0569458008, 39.5132827759, 29.6758289337, 46.0046806335, 9.29256820679, 10.1964521408, 4.36811113358, 8.67612361908, 10.8546123505, 3.35805034637, 2.51975750923, 2.47169518471, 0.500126242638, 0.249667972326, 0.121124126017, 0.0369203239679, 0.0127224149182, 0.00354548403993, 0.00137989979703, 0.000800632289611, 0.000334643380484, 0.000460555544123, 8.73950120877e-05, 4.80361013615e-05, 2.73218229268e-05, 2.08086748898e-05, 1.54656336235e-05, 9.05876368051e-06, 1.76375692718e-06, 1.18775051305e-05, 2.80597814708e-05], "median": [0.000327198591549, 0.00643845042214, 0.297612130642, 10.9791889191, 19.1980819702, 4.52809524536, 5.83054161072, 9.32899665833, 4.69046783447, 22.315372467, 14.0578012466, 9.38721847534, 18.9169311523, 4.31596660614, 4.5131816864, 1.36699342728, 2.3648686409, 1.41683840752, 0.558345913887, 0.367583036423, 0.194503515959, 0.0621072053909, 0.0183000974357, 0.00625288067386, 0.0017978301039, 0.000697276555002, 0.000196486551431, 9.25335189095e-05, 7.20287134754e-05, 6.05122913839e-05, 5.43540008948e-05, 4.94356645504e-05, 3.47844943462e-05, 1.94771055249e-05, 1.54283316078e-05, 1.15595230454e-05, 6.90891647537e-06, 1.21005678011e-06, 9.24745290831e-06, 2.18215318455e-05], "min": [1.91596933695e-22, 2.79213563687e-21, 1.0449543265e-20, 3.03267095405e-20, 3.97640228427e-20, 3.13847252428e-20, 5.15147502918e-20, 8.17180192818e-20, 2.57661616781e-19, 5.64807194057e-19, 6.96386452205e-19, 5.12002982282e-19, 1.04928977396e-18, 1.66070952611e-18, 1.78959160678e-18, 2.79440057048e-18, 6.35334350163e-18, 3.89049511863e-18, 6.65021903706e-18, 4.83102180898e-18, 4.17063513592e-18, 7.43098116877e-18, 7.97047415454e-18, 1.08431045043e-17, 1.22162201852e-17, 1.17792148773e-17, 9.49335088538e-18, 1.02158170498e-17, 1.45921641459e-17, 1.91937748566e-17, 1.32948984456e-17, 1.18530175859e-17, 1.40495799862e-17, 9.01888753065e-18, 9.85658822623e-18, 6.33621217755e-18, 2.94437937568e-18, 1.31288886733e-18, 3.20392254401e-19, 3.0660612627e-20], "var": [5.93191941789e-07, 0.000180635004654, 0.400508254766, 217.379547119, 976.25012207, 60.3887214661, 1563.94750977, 2959.50878906, 4334.04980469, 25437.9023438, 12995.0957031, 10332.6152344, 7166.71337891, 309.843231201, 415.276306152, 121.563774109, 512.30682373, 1378.02099609, 114.383529663, 72.2739028931, 119.819664001, 4.12828111649, 1.79046261311, 1.01440000534, 0.0482567064464, 0.00815447419882, 0.00069691427052, 9.90344924503e-05, 3.14504613925e-05, 5.11585358254e-06, 2.19130761252e-05, 7.92653267467e-08, 6.25508489449e-09, 1.05493846991e-09, 4.95439411718e-10, 2.78312206614e-10, 8.5785545334e-11, 4.40690973297e-12, 1.31347877019e-10, 7.18782811049e-10]}, "gfcc": {"mean": [-224.735580444, 257.266113281, -101.586738586, -72.5550918579, -27.924331665, -26.7009525299, -39.7412109375, -23.0609397888, -15.6688814163, -31.2180995941, -19.5414886475, -27.4253959656, -13.9792098999], "cov": [[6106.625, 1394.84790039, -1431.2869873, -20.2195663452, 489.549224854, -654.847167969, 1.56630623341, -129.95652771, 103.542221069, -33.9604873657, 99.4688415527, -117.933853149, 42.7477645874], [1394.84790039, 819.420898438, -38.866558075, -226.88923645, 110.642593384, -109.456260681, -37.9096183777, -79.3130645752, 2.85022211075, -142.196243286, 11.5200862885, -68.7830657959, 17.2190475464], [-1431.2869873, -38.866558075, 919.0234375, -28.1168632507, -135.644012451, 253.022018433, -9.45734405518, -44.353012085, -105.480415344, -114.236953735, -61.3570098877, 23.5710353851, 5.0102186203], [-20.2195663452, -226.88923645, -28.1168632507, 234.973800659, 43.1503715515, -32.584651947, 15.4724311829, -0.438563108444, -4.42313337326, 53.0002098083, 16.4112739563, 38.2629814148, 9.10912322998], [489.549224854, 110.642593384, -135.644012451, 43.1503715515, 173.798980713, -55.7427597046, -4.99660587311, -7.85346078873, 7.67057228088, -30.7005367279, -2.07287788391, -30.0716114044, -0.664017021656], [-654.847167969, -109.456260681, 253.022018433, -32.584651947, -55.7427597046, 164.74382019, 21.3659572601, -8.65636730194, -33.709564209, -28.7312583923, -42.0284042358, -2.87972521782, -18.9773654938], [1.56630623341, -37.9096183777, -9.45734405518, 15.4724311829, -4.99660587311, 21.3659572601, 72.2222671509, 17.0059452057, -31.9313602448, -12.2948770523, -5.75809288025, 1.13357329369, -4.42529726028], [-129.95652771, -79.3130645752, -44.353012085, -0.438563108444, -7.85346078873, -8.65636730194, 17.0059452057, 56.7659187317, 14.58066082, -1.90595531464, -14.326259613, -11.0467729568, -11.9682006836], [103.542221069, 2.85022211075, -105.480415344, -4.42313337326, 7.67057228088, -33.709564209, -31.9313602448, 14.58066082, 80.8740921021, 31.0574321747, -8.68977832794, -26.0728816986, -15.8906745911], [-33.9604873657, -142.196243286, -114.236953735, 53.0002098083, -30.7005367279, -28.7312583923, -12.2948770523, -1.90595531464, 31.0574321747, 106.469642639, 33.7819366455, 11.7615652084, -11.0773305893], [99.4688415527, 11.5200862885, -61.3570098877, 16.4112739563, -2.07287788391, -42.0284042358, -5.75809288025, -14.326259613, -8.68977832794, 33.7819366455, 69.243598938, 40.438205719, 14.007525444], [-117.933853149, -68.7830657959, 23.5710353851, 38.2629814148, -30.0716114044, -2.87972521782, 1.13357329369, -11.0467729568, -26.0728816986, 11.7615652084, 40.438205719, 87.8208770752, 48.0340766907], [42.7477645874, 17.2190475464, 5.0102186203, 9.10912322998, -0.664017021656, -18.9773654938, -4.42529726028, -11.9682006836, -15.8906745911, -11.0773305893, 14.007525444, 48.0340766907, 63.2206840515]], "icov": [[0.00104876770638, -0.00218289438635, 0.00135670241434, -0.0014073489001, -0.000124768674141, 0.00110602017958, -0.000850431853905, 0.00108544854447, 0.000830260978546, -0.00100769556593, 0.00221364572644, -0.000938508717809, 0.000712025095709], [-0.00218289438635, 0.0113086970523, -0.00390913477167, 0.00864553637803, -0.00115769461263, 0.00556921958923, -0.00187402102165, 0.00971090700477, -0.00561957014725, 0.0104290349409, -0.0077535668388, 0.00534961186349, -0.00110498128925], [0.00135670241434, -0.00390913477167, 0.00523307966068, -0.00479284394532, 0.00292903417721, -0.00399089977145, 0.00316069764085, 0.000157600297825, 0.00398447876796, 0.00153253367171, 0.00199369504116, 0.000292946380796, 0.000112795256427], [-0.0014073489001, 0.00864553637803, -0.00479284394532, 0.0151548944414, -0.00636235298589, 0.00916927494109, -0.00605787942186, 0.00859793182462, -0.00434159487486, 0.000333284959197, 0.000634987547528, -0.00429574027658, 0.00277258455753], [-0.000124768674141, -0.00115769461263, 0.00292903417721, -0.00636235298589, 0.0125142261386, -0.0028860217426, 0.00417868467048, 0.000181937706657, 0.00145788444206, 0.00780752114952, -0.00417104922235, 0.00779350241646, -0.00258643273264], [0.00110602017958, 0.00556921958923, -0.00399089977145, 0.00916927494109, -0.0028860217426, 0.0275881048292, -0.0114371553063, 0.0190360751003, -0.00286522787064, 0.00372207909822, 0.0110904052854, -0.00675962166861, 0.0103951105848], [-0.000850431853905, -0.00187402102165, 0.00316069764085, -0.00605787942186, 0.00417868467048, -0.0114371553063, 0.0278357435018, -0.0153809906915, 0.0139179863036, 0.000878673628904, -0.00260256463662, 0.00391723634675, -0.00139211362693], [0.00108544854447, 0.00971090700477, 0.000157600297825, 0.00859793182462, 0.000181937706657, 0.0190360751003, -0.0153809906915, 0.0477126985788, -0.012153740041, 0.016633277759, 0.00363705959171, 0.000382033002097, 0.00780515372753], [0.000830260978546, -0.00561957014725, 0.00398447876796, -0.00434159487486, 0.00145788444206, -0.00286522787064, 0.0139179863036, -0.012153740041, 0.0287265256047, -0.0110715171322, 0.00926885474473, 0.00119610945694, 0.0014257443836], [-0.00100769556593, 0.0104290349409, 0.00153253367171, 0.000333284959197, 0.00780752114952, 0.00372207909822, 0.000878673628904, 0.016633277759, -0.0110715171322, 0.0362812019885, -0.0186543371528, 0.0106508089229, 0.00169607682619], [0.00221364572644, -0.0077535668388, 0.00199369504116, 0.000634987547528, -0.00417104922235, 0.0110904052854, -0.00260256463662, 0.00363705959171, 0.00926885474473, -0.0186543371528, 0.0448788441718, -0.0277565103024, 0.0143636772409], [-0.000938508717809, 0.00534961186349, 0.000292946380796, -0.00429574027658, 0.00779350241646, -0.00675962166861, 0.00391723634675, 0.000382033002097, 0.00119610945694, 0.0106508089229, -0.0277565103024, 0.0457094237208, -0.0282399896532], [0.000712025095709, -0.00110498128925, 0.000112795256427, 0.00277258455753, -0.00258643273264, 0.0103951105848, -0.00139211362693, 0.00780515372753, 0.0014257443836, 0.00169607682619, 0.0143636772409, -0.0282399896532, 0.038631375879]]}, "melbands": {"dmean": [2.53313783105e-06, 3.30255170411e-05, 0.000643268227577, 0.000314948905725, 0.000194848515093, 0.000167887235875, 0.000130085929413, 0.000289495452307, 0.000101057550637, 4.13024899899e-05, 5.06300530105e-05, 8.58876774146e-06, 1.09872662506e-05, 5.72571843804e-06, 5.73307033847e-06, 6.19292950432e-06, 7.77063905844e-06, 2.15725890484e-06, 1.36319897592e-06, 1.98618863578e-06, 6.74259979405e-07, 1.80647134584e-07, 2.91276251119e-07, 2.85779062636e-08, 4.56624640321e-08, 9.42393452164e-09, 1.79302830361e-08, 2.22136331551e-09, 2.26157381711e-09, 4.81893414062e-10, 5.12314357604e-10, 4.48506509709e-10, 1.15120891986e-10, 1.18023993356e-10, 2.88667312276e-10, 2.81715328149e-11, 1.88918724414e-11, 1.63181464868e-11, 1.14826351552e-11, 9.94702237245e-12], "dmean2": [4.49804520031e-06, 5.58555439056e-05, 0.000941150996368, 0.00047254524543, 0.000298622413538, 0.000253849313594, 0.000200453956495, 0.000398502335884, 0.0001399791945, 5.47245545022e-05, 5.96059689997e-05, 1.1527505194e-05, 1.53318687808e-05, 7.92709852249e-06, 7.54946995585e-06, 8.98830239748e-06, 1.08004987851e-05, 2.84213001578e-06, 1.94640347218e-06, 2.86739555122e-06, 9.60414126894e-07, 2.62461156808e-07, 4.05364545486e-07, 4.46460930448e-08, 5.53452643715e-08, 1.18339080757e-08, 2.25445848656e-08, 3.26245364057e-09, 3.14012549296e-09, 6.58074927884e-10, 6.9357641852e-10, 5.79704617643e-10, 1.63748056781e-10, 1.46417489244e-10, 3.53846979495e-10, 4.47190513786e-11, 3.20614437777e-11, 2.79744283294e-11, 2.04403438619e-11, 1.78309676052e-11], "dvar": [6.6283985245e-11, 7.57029816612e-09, 1.31712215534e-06, 1.96118875806e-07, 2.51044212973e-07, 4.75273481015e-07, 3.24731928458e-07, 9.59938688538e-07, 2.20333774337e-07, 4.58707276607e-08, 1.5726653757e-08, 8.61665794272e-10, 9.63828461487e-10, 2.83417178615e-10, 5.04600472517e-10, 1.10757347738e-09, 1.98159644249e-09, 1.17809373368e-10, 3.14358435116e-11, 1.5330091363e-10, 1.54678960612e-11, 5.45651089416e-13, 4.91805814823e-12, 2.91596445341e-14, 1.59359206603e-13, 2.96305021026e-15, 2.5227001003e-14, 2.44852316989e-16, 4.22516762991e-16, 1.46517674721e-17, 1.85734605347e-17, 1.16512450735e-17, 6.46773916822e-19, 9.5517636919e-19, 1.0123414358e-17, 1.23080452336e-20, 2.87119136404e-21, 2.13026068817e-21, 5.41776038189e-22, 2.63740712101e-22], "dvar2": [1.8358504994e-10, 2.0587449967e-08, 3.36818220603e-06, 4.47788266911e-07, 5.61329613902e-07, 9.52575135216e-07, 6.61900287469e-07, 1.83035751888e-06, 3.20670267229e-07, 7.45676658198e-08, 2.05314716339e-08, 1.10981401846e-09, 1.97969662885e-09, 5.97264737667e-10, 8.64263050016e-10, 2.88776957902e-09, 3.79820397356e-09, 2.02439481845e-10, 6.25901205864e-11, 3.17532944383e-10, 3.26589831567e-11, 1.09197937151e-12, 9.25737177887e-12, 6.47156007711e-14, 1.99943279164e-13, 4.75572746873e-15, 4.22633390958e-14, 4.94390790818e-16, 8.61016402422e-16, 2.23596134365e-17, 3.4834061211e-17, 2.02353755732e-17, 1.28173341975e-18, 1.48025304445e-18, 1.60517375716e-17, 2.26076717061e-20, 5.65311628828e-21, 4.48666601268e-21, 1.42008867087e-21, 7.75255036225e-22], "max": [0.000169868129888, 0.00200234143995, 0.0281620230526, 0.0113021787256, 0.0194605756551, 0.0237097200006, 0.0177146978676, 0.054919924587, 0.0232714358717, 0.00908684078604, 0.00647493451834, 0.00125663110521, 0.00109010166489, 0.000558394298423, 0.000778040499426, 0.00144537736196, 0.00129159702919, 0.00033611926483, 0.000192189705558, 0.000451382627944, 0.000145237689139, 2.31531321333e-05, 8.46852271934e-05, 6.68986058372e-06, 2.57817482634e-05, 2.53421785601e-06, 7.38829385227e-06, 5.26162580172e-07, 7.06414823526e-07, 1.43436352573e-07, 1.57977325443e-07, 1.25100569903e-07, 3.41525527858e-08, 5.23738918901e-08, 1.63618551596e-07, 4.80131934211e-09, 2.63368282738e-09, 1.93726323872e-09, 6.35989871878e-10, 3.01674546455e-10], "mean": [2.57811916526e-06, 9.42280166782e-05, 0.00343545852229, 0.0011242760811, 0.000693833862897, 0.000565636670217, 0.000272542180028, 0.000801148067694, 0.000285674730549, 0.000184006436029, 0.00022723924485, 3.65517225873e-05, 2.81578195427e-05, 1.48834251377e-05, 1.76683970494e-05, 1.81131872523e-05, 2.16107855522e-05, 5.89367073189e-06, 3.24476604874e-06, 5.60730040888e-06, 1.89884394786e-06, 4.04859207492e-07, 5.49382207282e-07, 5.86733257535e-08, 1.11949994164e-07, 1.8692404069e-08, 2.81044520989e-08, 3.46428619125e-09, 2.93011748198e-09, 7.96245680501e-10, 7.57735707513e-10, 5.87801751717e-10, 1.58479299128e-10, 1.78478648527e-10, 3.76324388318e-10, 5.12024173061e-11, 3.39979364106e-11, 2.70332020658e-11, 1.27192987046e-11, 9.85988807961e-12], "median": [6.12702478975e-07, 1.78378868441e-05, 0.00264839082956, 0.000758282374591, 0.000213152452488, 0.000216191401705, 5.13139166287e-05, 0.000265082344413, 8.98669313756e-05, 5.55628248549e-05, 9.13586991373e-05, 1.45376106957e-05, 1.2873050764e-05, 6.37677067061e-06, 4.21724871558e-06, 3.69988879356e-06, 2.24907307711e-06, 7.17270893347e-07, 5.49102878722e-07, 3.41259521974e-07, 1.75989185891e-07, 6.73451197031e-08, 2.25381455721e-08, 8.76772432434e-09, 3.75644582107e-09, 1.31089161748e-09, 6.97794766413e-10, 3.35227345882e-10, 1.17467535699e-10, 5.15925913103e-11, 4.47630994771e-11, 3.69985986293e-11, 2.96543171963e-11, 2.83896916392e-11, 2.53755419455e-11, 2.57038106077e-11, 2.29869526192e-11, 1.94074339932e-11, 7.26807242862e-12, 5.35759674472e-12], "min": [2.93050486414e-24, 4.91476278943e-24, 6.05982831438e-24, 2.0454342857e-24, 1.81724285823e-24, 1.76216202603e-24, 4.42952576916e-24, 6.71485028956e-24, 5.22216965685e-24, 3.09383141482e-24, 4.91480578235e-24, 6.66904034793e-24, 4.8517470026e-24, 7.78855230157e-24, 1.29683021465e-23, 1.23277810125e-23, 6.97129871465e-24, 8.90670978104e-24, 8.84262903199e-24, 5.76689428355e-24, 4.13511499072e-24, 6.64462904722e-24, 7.39432931938e-24, 7.86924646129e-24, 8.38722594229e-24, 8.35123179691e-24, 9.07751867741e-24, 7.13228629275e-24, 6.08364678612e-24, 4.41855902485e-24, 5.98844547435e-24, 6.94381085641e-24, 1.06336675087e-23, 1.00153583312e-23, 7.82573683806e-24, 6.47685687091e-24, 7.14278129823e-24, 1.03828523393e-23, 7.55708710135e-24, 6.77571248612e-24], "var": [5.94398696929e-11, 2.95386612947e-08, 1.08762314994e-05, 1.26860732053e-06, 1.32475008741e-06, 1.66137328961e-06, 8.70460496571e-07, 3.98527845391e-06, 1.22923052004e-06, 3.79062242928e-07, 1.79298893954e-07, 8.07452416041e-09, 2.96596947003e-09, 8.50342019021e-10, 2.6874431569e-09, 3.40171202318e-09, 6.83750078778e-09, 4.41249453642e-10, 1.1915078646e-10, 6.66621591261e-10, 6.4482620632e-11, 1.70289487806e-12, 1.25812823701e-11, 5.07282916032e-14, 1.12141665311e-12, 8.74868821593e-15, 5.20887247723e-14, 4.22039830502e-16, 5.87424019305e-16, 3.30012473493e-17, 3.1464990972e-17, 2.06681051845e-17, 1.09793254347e-18, 1.86885887731e-18, 1.77212378563e-17, 3.21169901112e-20, 5.39783453798e-21, 3.06267297258e-21, 6.38899936508e-22, 2.66331407045e-22]}, "mfcc": {"mean": [-842.453674316, 255.765014648, 13.3086767197, -39.4212226868, -3.50234913826, -10.3299560547, -24.1408843994, -14.6361560822, -9.04736614227, -13.0472068787, -15.3157577515, -15.4642000198, -17.0787391663], "cov": [[2950.56274414, 1357.77929688, -1158.41687012, -0.930290102959, 401.046875, -197.807266235, -120.803512573, 37.0854377747, -49.8504219055, 73.6471481323, 117.643928528, 37.5204620361, 83.749206543], [1357.77929688, 896.800598145, -294.085784912, -113.56690979, 146.289520264, -46.1677436829, -71.1594924927, -1.13118124008, -35.1242103577, -24.7579669952, -1.25323545933, -17.8127059937, 2.42871761322], [-1158.41687012, -294.085784912, 770.386291504, -2.5837161541, -216.794830322, 133.184768677, 58.3832626343, -48.5136489868, -7.69372081757, -96.3813934326, -122.433670044, -54.90184021, -47.0425796509], [-0.930290102959, -113.56690979, -2.5837161541, 193.046463013, 54.6175231934, -15.2545785904, 22.3672828674, -5.32693338394, -20.4710102081, 0.390082120895, -9.24379062653, 1.3613319397, 42.6474838257], [401.046875, 146.289520264, -216.794830322, 54.6175231934, 165.111755371, -18.5298309326, -45.5303878784, 4.98936748505, -2.99365353584, 11.1099042892, 17.2078666687, 11.9037942886, 23.7887496948], [-197.807266235, -46.1677436829, 133.184768677, -15.2545785904, -18.5298309326, 79.0915222168, 29.2932357788, -14.8549909592, -1.90438556671, -22.1721363068, -29.8104858398, -8.31999492645, -8.31004810333], [-120.803512573, -71.1594924927, 58.3832626343, 22.3672828674, -45.5303878784, 29.2932357788, 99.310333252, 38.378288269, -26.1710700989, -25.9479503632, -13.3311424255, -11.0330791473, 6.27749204636], [37.0854377747, -1.13118124008, -48.5136489868, -5.32693338394, 4.98936748505, -14.8549909592, 38.378288269, 69.7756195068, 15.7877235413, -18.4980163574, -2.99235796928, -1.98298108578, -4.73362445831], [-49.8504219055, -35.1242103577, -7.69372081757, -20.4710102081, -2.99365353584, -1.90438556671, -26.1710700989, 15.7877235413, 60.6658592224, 26.7319107056, -6.10312652588, 0.436389297247, -12.8853883743], [73.6471481323, -24.7579669952, -96.3813934326, 0.390082120895, 11.1099042892, -22.1721363068, -25.9479503632, -18.4980163574, 26.7319107056, 77.6291427612, 55.3183288574, 16.5310630798, 1.18766415119], [117.643928528, -1.25323545933, -122.433670044, -9.24379062653, 17.2078666687, -29.8104858398, -13.3311424255, -2.99235796928, -6.10312652588, 55.3183288574, 97.783164978, 48.8211364746, 2.00437283516], [37.5204620361, -17.8127059937, -54.90184021, 1.3613319397, 11.9037942886, -8.31999492645, -11.0330791473, -1.98298108578, 0.436389297247, 16.5310630798, 48.8211364746, 61.7898483276, 30.4702301025], [83.749206543, 2.42871761322, -47.0425796509, 42.6474838257, 23.7887496948, -8.31004810333, 6.27749204636, -4.73362445831, -12.8853883743, 1.18766415119, 2.00437283516, 30.4702301025, 68.6259841919]], "icov": [[8.67555236816, -12.1305561066, 11.7198476791, -11.0869398117, 10.2448568344, -9.21182918549, 8.03468227386, -6.69313287735, 5.23635101318, -3.70842456818, 2.31575655937, -1.17525780201, 0.403856009245], [-12.1305561066, 16.9634780884, -16.3871555328, 15.5047578812, -14.3276987076, 12.8828659058, -11.2362155914, 9.3613576889, -7.32247781754, 5.18757200241, -3.23861479759, 1.64479410648, -0.565446078777], [11.7198476791, -16.3871555328, 15.8378686905, -14.9816713333, 13.8493041992, -12.4548273087, 10.862698555, -9.04596614838, 7.0771522522, -5.0073223114, 3.12895727158, -1.585942626, 0.546139895916], [-11.0869398117, 15.5047578812, -14.9816713333, 14.1851606369, -13.1121988297, 11.7965497971, -10.2972736359, 8.58284378052, -6.7138710022, 4.75356435776, -2.96659803391, 1.50550496578, -0.520703613758], [10.2448568344, -14.3276987076, 13.8493041992, -13.1121988297, 12.1410484314, -10.9263162613, 9.55094051361, -7.96780204773, 6.23850440979, -4.41465425491, 2.75462698936, -1.39225196838, 0.477181792259], [-9.21182918549, 12.8828659058, -12.4548273087, 11.7965497971, -10.9263162613, 9.86848640442, -8.63035392761, 7.21651268005, -5.65612602234, 4.00592136383, -2.49283671379, 1.25470471382, -0.428572714329], [8.03468227386, -11.2362155914, 10.862698555, -10.2972736359, 9.55094051361, -8.63035392761, 7.59307336807, -6.3681511879, 5.0085401535, -3.55025601387, 2.21385717392, -1.11165928841, 0.378990501165], [-6.69313287735, 9.3613576889, -9.04596614838, 8.58284378052, -7.96780204773, 7.21651268005, -6.3681511879, 5.38928413391, -4.25407266617, 3.03785443306, -1.9003932476, 0.96044754982, -0.330087453127], [5.23635101318, -7.32247781754, 7.0771522522, -6.7138710022, 6.23850440979, -5.65612602234, 5.0085401535, -4.25407266617, 3.40698242188, -2.44172430038, 1.54707717896, -0.792341828346, 0.282053887844], [-3.70842456818, 5.18757200241, -5.0073223114, 4.75356435776, -4.41465425491, 4.00592136383, -3.55025601387, 3.03785443306, -2.44172430038, 1.78876495361, -1.14082348347, 0.592493772507, -0.21398575604], [2.31575655937, -3.23861479759, 3.12895727158, -2.96659803391, 2.75462698936, -2.49283671379, 2.21385717392, -1.9003932476, 1.54707717896, -1.14082348347, 0.764243483543, -0.413976848125, 0.15837842226], [-1.17525780201, 1.64479410648, -1.585942626, 1.50550496578, -1.39225196838, 1.25470471382, -1.11165928841, 0.96044754982, -0.792341828346, 0.592493772507, -0.413976848125, 0.257308870554, -0.105398207903], [0.403856009245, -0.565446078777, 0.546139895916, -0.520703613758, 0.477181792259, -0.428572714329, 0.378990501165, -0.330087453127, 0.282053887844, -0.21398575604, 0.15837842226, -0.105398207903, 0.0637827292085]]}, "spectral_contrast_coeffs": {"dmean": [0.0389995388687, 0.0346063040197, 0.0311270412058, 0.020161760971, 0.0162095353007, 0.0382910072803], "dmean2": [0.0638229548931, 0.0559622459114, 0.0498205348849, 0.0317056402564, 0.025666417554, 0.0672497078776], "dvar": [0.00122403132264, 0.000984116108157, 0.00132529134862, 0.000476042972878, 0.00022041273769, 0.000947230902966], "dvar2": [0.00325993751176, 0.00224136025645, 0.00315375882201, 0.00108775671106, 0.000492584658787, 0.0027282864321], "max": [-0.188411831856, -0.397382318974, -0.419053912163, -0.531559348106, -0.611169874668, -0.653942346573], "mean": [-0.373117983341, -0.651160597801, -0.625511288643, -0.707994103432, -0.750963449478, -0.88123601675], "median": [-0.364226996899, -0.650399565697, -0.616704583168, -0.711119771004, -0.749153614044, -0.887327313423], "min": [-0.96550142765, -0.965753614902, -0.966818094254, -0.960695683956, -0.961729764938, -0.95966142416], "var": [0.00593504821882, 0.00511493580416, 0.00517418049276, 0.00259685050696, 0.00215269974433, 0.00181249773595]}, "spectral_contrast_valleys": {"dmean": [0.494270265102, 0.301843166351, 0.330020338297, 0.237248361111, 0.239293426275, 0.755297720432], "dmean2": [0.806420266628, 0.498939037323, 0.543997943401, 0.379216581583, 0.376886487007, 1.33361840248], "dvar": [0.239838331938, 0.151827454567, 0.215532645583, 0.156930670142, 0.164674416184, 0.37108245492], "dvar2": [0.500125825405, 0.272110134363, 0.433868288994, 0.275178194046, 0.284821718931, 1.04667615891], "max": [-7.13660097122, -4.66979980469, 