{"lowlevel": {"average_loudness": 0.970419168472, "barkbands_crest": {"dmean": 3.88001656532, "dmean2": 6.17456817627, "dvar": 11.119017601, "dvar2": 25.0488014221, "max": 26.3566989899, "mean": 12.3817644119, "median": 10.9667167664, "min": 2.29158806801, "var": 32.3903846741}, "barkbands_flatness_db": {"dmean": 0.0622197315097, "dmean2": 0.0857336074114, "dvar": 0.00406154291704, "dvar2": 0.00806529913098, "max": 0.643437802792, "mean": 0.189086526632, "median": 0.161345899105, "min": 0.0182728804648, "var": 0.0130300922319}, "barkbands_kurtosis": {"dmean": 27.1664600372, "dmean2": 42.9154129028, "dvar": 9400.30078125, "dvar2": 23342.0839844, "max": 2618.94018555, "mean": 29.903837204, "median": 7.47985506058, "min": -1.88554120064, "var": 9906.66113281}, "barkbands_skewness": {"dmean": 1.66121554375, "dmean2": 2.46921920776, "dvar": 4.92012548447, "dvar2": 11.1821098328, "max": 42.5394439697, "mean": 3.2147424221, "median": 2.44894576073, "min": -3.40925478935, "var": 10.7864465714}, "barkbands_spread": {"dmean": 11.2819137573, "dmean2": 17.0928726196, "dvar": 217.912857056, "dvar2": 458.218139648, "max": 127.666641235, "mean": 20.8318557739, "median": 14.5614452362, "min": 0.10921125114, "var": 428.075378418}, "dissonance": {"dmean": 0.0232047382742, "dmean2": 0.0373678840697, "dvar": 0.000834575330373, "dvar2": 0.00206219707616, "max": 0.500000119209, "mean": 0.461484909058, "median": 0.476407468319, "min": 0.11610673368, "var": 0.00183712085709}, "dynamic_complexity": 3.15409088135, "erbbands_crest": {"dmean": 3.32856869698, "dmean2": 5.28959369659, "dvar": 9.54193687439, "dvar2": 22.0927333832, "max": 31.3690261841, "mean": 9.03056049347, "median": 7.6137714386, "min": 2.29775261879, "var": 24.2849617004}, "erbbands_flatness_db": {"dmean": 0.0318737067282, "dmean2": 0.0454058535397, "dvar": 0.00146517204121, "dvar2": 0.00284645194188, "max": 0.52401304245, "mean": 0.141441375017, "median": 0.122146770358, "min": 0.0280305352062, "var": 0.00408155005425}, "erbbands_kurtosis": {"dmean": 3.30670404434, "dmean2": 5.14707612991, "dvar": 69.0989456177, "dvar2": 154.79901123, "max": 138.191848755, "mean": 2.71217346191, "median": -0.130975484848, "min": -1.96297693253, "var": 108.577445984}, "erbbands_skewness": {"dmean": 0.738757669926, "dmean2": 1.10034477711, "dvar": 0.669346570969, "dvar2": 1.46172845364, "max": 8.92890548706, "mean": 0.674800515175, "median": 0.377992749214, "min": -3.04976797104, "var": 1.8687735796}, "erbbands_spread": {"dmean": 18.073884964, "dmean2": 26.060667038, "dvar": 337.689239502, "dvar2": 702.599853516, "max": 209.072799683, "mean": 53.7680435181, "median": 47.1620292664, "min": 0.903373837471, "var": 1045.91796875}, "hfc": {"dmean": 16.4696884155, "dmean2": 25.0249233246, "dvar": 668.40838623, "dvar2": 1564.43103027, "max": 204.142242432, "mean": 20.3904666901, "median": 7.45100688934, "min": 2.50439118332e-08, "var": 835.252868652}, "melbands_crest": {"dmean": 4.67294454575, "dmean2": 7.42300748825, "dvar": 16.1983394623, "dvar2": 33.4827880859, "max": 38.915348053, "mean": 17.8883514404, "median": 16.4571819305, "min": 3.67046093941, "var": 51.2906074524}, "melbands_flatness_db": {"dmean": 0.0749888718128, "dmean2": 0.103006906807, "dvar": 0.00559591408819, "dvar2": 0.0111612407491, "max": 0.794448077679, "mean": 0.27965220809, "median": 0.256023496389, "min": 0.0220543220639, "var": 0.0188807267696}, "melbands_kurtosis": {"dmean": 51.9634246826, "dmean2": 78.8461761475, "dvar": 17476.7675781, "dvar2": 37427.8515625, "max": 2824.14624023, "mean": 72.5668945312, "median": 25.0495300293, "min": -1.78724634647, "var": 29237.6582031}, "melbands_skewness": {"dmean": 2.05938601494, "dmean2": 3.1577899456, "dvar": 6.0175318718, "dvar2": 12.8735542297, "max": 39.3668708801, "mean": 5.12627887726, "median": 3.988976717, "min": -1.83072006702, "var": 16.392988205}, "melbands_spread": {"dmean": 10.3548364639, "dmean2": 16.1759643555, "dvar": 218.757461548, "dvar2": 477.715240479, "max": 182.189758301, "mean": 16.9680290222, "median": 8.94186782837, "min": 0.086622364819, "var": 458.570770264}, "pitch_salience": {"dmean": 0.119963280857, "dmean2": 0.181970819831, "dvar": 0.0118812359869, "dvar2": 0.0269331540912, "max": 0.933918297291, "mean": 0.507848978043, "median": 0.548920035362, "min": 0.010997613892, "var": 0.0362452603877}, "silence_rate_20dB": {"dmean": 0, "dmean2": 0, "dvar": 0, "dvar2": 0, "max": 1, "mean": 1, "median": 1, "min": 1, "var": 0}, "silence_rate_30dB": {"dmean": 0.00873958785087, "dmean2": 0.0174815617502, "dvar": 0.00866313092411, "dvar2": 0.0259163659066, "max": 1, "mean": 0.995630800724, "median": 1, "min": 0, "var": 0.00435009412467}, "silence_rate_60dB": {"dmean": 0.0404205918312, "dmean2": 0.0807156488299, "dvar": 0.0387875027955, "dvar2": 0.0840297937393, "max": 1, "mean": 0.060349535197, "median": 0, "min": 0, "var": 0.0567039102316}, "spectral_centroid": {"dmean": 408.888366699, "dmean2": 613.832763672, "dvar": 241230.765625, "dvar2": 509580.1875, "max": 5698.41259766, "mean": 1100.76550293, "median": 898.433532715, "min": 72.6105270386, "var": 699813.1875}, "spectral_complexity": {"dmean": 5.98497867584, "dmean2": 8.51529598236, "dvar": 55.2829246521, "dvar2": 97.9222259521, "max": 61, "mean": 13.6780443192, "median": 9, "min": 0, "var": 184.474395752}, "spectral_decrease": {"dmean": 3.67301611348e-09, "dmean2": 5.66685276482e-09, "dvar": 2.08792728143e-17, "dvar2": 4.57048853648e-17, "max": -3.19938494136e-19, "mean": -7.70319097398e-09, "median": -5.55431522997e-09, "min": -3.50449127495e-08, "var": 4.27268333275e-17}, "spectral_energy": {"dmean": 0.0148492688313, "dmean2": 0.0228397790343, "dvar": 0.000335636606906, "dvar2": 0.000719409086742, "max": 0.135867103934, "mean": 0.0309230946004, "median": 0.0223877690732, "min": 3.47908008826e-12, "var": 0.000683380814735}, "spectral_energyband_high": {"dmean": 0.00145305145998, "dmean2": 0.00229955511168, "dvar": 7.33145770937e-06, "dvar2": 1.83225292858e-05, "max": 0.0211104061455, "mean": 0.00142624170985, "median": 0.000282966007944, "min": 1.66298908238e-12, "var": 6.88357386025e-06}, "spectral_energyband_low": {"dmean": 0.00999773759395, "dmean2": 0.0158030875027, "dvar": 0.000176112705958, "dvar2": 0.000422538869316, "max": 0.12966004014, "mean": 0.0182954277843, "median": 0.0118495598435, "min": 5.45233508949e-13, "var": 0.000356004253263}, "spectral_energyband_middle_high": {"dmean": 0.00210592267103, "dmean2": 0.00298187066801, "dvar": 1.60627969308e-05, "dvar2": 2.65753205895e-05, "max": 0.0409712456167, "mean": 0.00319395773113, "median": 0.000691331573762, "min": 6.17959297015e-13, "var": 4.02670666517e-05}, "spectral_energyband_middle_low": {"dmean": 0.00829173624516, "dmean2": 0.0137566458434, "dvar": 0.0002139127173, "dvar2": 0.000569491065107, "max": 0.103066496551, "mean": 0.0102130100131, "median": 0.00651750853285, "min": 2.2125217511e-13, "var": 0.000181169452844}, "spectral_entropy": {"dmean": 0.445828825235, "dmean2": 0.621155500412, "dvar": 0.285893887281, "dvar2": 0.550815880299, "max": 8.82457447052, "mean": 7.4417514801, "median": 7.70224475861, "min": 3.61050081253, "var": 0.780692577362}, "spectral_flux": {"dmean": 0.0435197092593, "dmean2": 0.0667450502515, "dvar": 0.00181921792682, "dvar2": 0.00348816812038, "max": 0.348101198673, "mean": 0.104483999312, "median": 0.0874211192131, "min": 9.45753072301e-06, "var": 0.00449864333495}, "spectral_kurtosis": {"dmean": 4.24693012238, "dmean2": 6.5189781189, "dvar": 140.266296387, "dvar2": 346.842437744, "max": 363.978820801, "mean": 6.24717903137, "median": 3.07316827774, "min": -0.725696325302, "var": 167.459213257}, "spectral_rms": {"dmean": 0.00132673687767, "dmean2": 0.00198223744519, "dvar": 1.9326112124e-06, "dvar2": 3.8702337406e-06, "max": 0.0115131782368, "mean": 0.00499448087066, "median": 0.00467351311818, "min": 5.82599746224e-08, "var": 5.22395612279e-06}, "spectral_rolloff": {"dmean": 1004.17687988, "dmean2": 1718.2376709, "dvar": 3873361.25, "dvar2": 8584933, "max": 16709.765625, "mean": 1293.06713867, "median": 322.998046875, "min": 43.06640625, "var": 4902114.5}, "spectral_skewness": {"dmean": 0.510821819305, "dmean2": 0.729833602905, "dvar": 0.661580145359, "dvar2": 1.47501087189, "max": 15.9325008392, "mean": 1.74304413795, "median": 1.45623803139, "min": -0.0212263856083, "var": 1.25102984905}, "spectral_spread": {"dmean": 1234652.875, "dmean2": 1649815.875, "dvar": 1822798249980.0, "dvar2": 3214677377020.0, "max": 19993736, "mean": 5955055, "median": 5448930, "min": 335012.3125, "var": 6626413117440.0}, "spectral_strongpeak": {"dmean": 0.249703541398, "dmean2": 0.418533623219, "dvar": 0.127169206738, "dvar2": 0.306959718466, "max": 4.99657297134, "mean": 0.443157374859, "median": 0.354837834835, "min": 0, "var": 0.182083532214}, "zerocrossingrate": {"dmean": 0.0194585043937, "dmean2": 0.0219727903605, "dvar": 0.000493758707307, "dvar2": 0.000629273301456, "max": 0.47802734375, "mean": 0.0520339533687, "median": 0.0400390625, "min": 0.001953125, "var": 0.00217859167606}, "barkbands": {"dmean": [0.000301905587548, 0.00799854286015, 0.00424567144364, 0.00345773412846, 0.00251354440115, 0.00140565016773, 0.0010640390683, 0.000612362986431, 0.000981819233857, 0.000309651164571, 0.000283508124994, 0.000482757342979, 0.000333186035277, 0.000287765666144, 0.000267185474513, 0.000204437470529, 0.00019359018188, 0.000144742414705, 0.000118772630231, 0.000117874988064, 0.000225446667173, 0.000239112021518, 0.000433326262282, 0.000232830730965, 0.000191082726815, 0.000104814993392, 3.35229015036e-05], "dmean2": [0.00036130551598, 0.0125539815053, 0.00676319980994, 0.00622083805501, 0.00424204673618, 0.0023922114633, 0.00184671615716, 0.00107340316754, 0.00170422485098, 0.000534115068149, 0.000439395196736, 0.000732078740839, 0.000529045821168, 0.000473635533126, 0.000446354300948, 0.000329955102643, 0.000279397092527, 0.000215397376451, 0.000180722330697, 0.000179251292138, 0.000369606830645, 0.000359042547643, 0.000716492242645, 0.000387358915759, 0.000304513727315, 0.000169874736457, 5.31747064088e-05], "dvar": [2.62435037257e-07, 0.000142803459312, 6.16390680079e-05, 6.09499438724e-05, 2.39873697865e-05, 1.09026286736e-05, 6.55530584481e-06, 2.12940062738e-06, 6.79206596033e-06, 4.1719331989e-07, 3.13505836402e-07, 1.57082274654e-06, 6.18949286491e-07, 4.32275129469e-07, 3.91748329776e-07, 2.13195974652e-07, 1.33132260771e-07, 7.50727835452e-08, 5.69502560666e-08, 5.68499629594e-08, 1.59807186151e-07, 1.37525532296e-07, 8.37349489302e-07, 2.92224171972e-07, 1.69485460333e-07, 5.75527430158e-08, 9.12593378644e-09], "dvar2": [3.19825858242e-07, 0.000381570105674, 0.000145680649439, 0.000173588719917, 6.74231196172e-05, 2.83126573777e-05, 1.69935556187e-05, 5.73852457819e-06, 1.75852237589e-05, 1.09794893888e-06, 6.90680110438e-07, 3.48524599758e-06, 1.31046328988e-06, 1.02560454707e-06, 9.30809619604e-07, 4.86490307594e-07, 2.52255404121e-07, 1.52235770656e-07, 1.11955934301e-07, 1.23231245652e-07, 3.94178158558e-07, 2.92916666922e-07, 2.2144254217e-06, 7.65751110521e-07, 4.41786767169e-07, 1.4947384841e-07, 2.301576707e-08], "max": [0.00408498477191, 0.121958121657, 0.068722397089, 0.0602570548654, 0.0472053177655, 0.0392344370484, 0.0323436260223, 0.0236489251256, 0.0422023683786, 0.013951389119, 0.00575271388516, 0.0135684348643, 0.00819375179708, 0.0076655196026, 0.00821110978723, 0.00641228817403, 0.00725370878354, 0.00288495933637, 0.00359633145854, 0.0027493420057, 0.00272504612803, 0.00262205395848, 0.00831668078899, 0.00438543362543, 0.00366404093802, 0.00239177956246, 0.0015799140092], "mean": [0.000476925662952, 0.0112309604883, 0.00444522826001, 0.0034367153421, 0.00303934770636, 0.00132039329037, 0.000871164840646, 0.000547921983525, 0.00087352306582, 0.000345741165802, 0.000365975720342, 0.000568905379623, 0.000396691728383, 0.000334142998327, 0.00032158169779, 0.000255207443843, 0.000248083961196, 0.000187683792319, 0.00016144842084, 0.000155953530339, 0.000237071217271, 0.000253549107583, 0.000368113949662, 0.000199050729861, 0.00016576096823, 8.72997261467e-05, 2.86570666503e-05], "median": [5.45723378309e-05, 0.00556028727442, 0.0021986477077, 0.0016140085645, 0.00177156878635, 0.000230821111472, 9.75828515948e-05, 0.00010971276788, 0.000128151194076, 8.83122265805e-05, 5.71345444769e-05, 6.33873933111e-05, 5.82935826969e-05, 3.03934248223e-05, 3.75763629563e-05, 3.22419582517e-05, 3.69480621885e-05, 2.67867944785e-05, 2.30319310504e-05, 2.06895929296e-05, 2.71708486252e-05, 3.99871132686e-05, 6.5421074396e-05, 3.1049730751e-05, 2.0118233806e-05, 8.79493200046e-06, 1.48612321027e-06], "min": [5.04797267355e-13, 2.58828223611e-13, 3.74644298874e-14, 3.26149900815e-14, 6.93183778064e-14, 6.12617392253e-14, 3.3229312585e-14, 4.81275311487e-15, 1.39167623348e-14, 2.38601828996e-14, 1.65449278626e-13, 5.42899330092e-14, 9.91483489684e-15, 5.55430369395e-14, 6.5786907714e-14, 2.48769307563e-14, 6.83360296518e-14, 5.30131833072e-14, 6.12685154889e-14, 6.63134369465e-14, 7.81195176906e-14, 1.62165121826e-13, 1.0573079955e-13, 1.9328126339e-13, 2.75045258921e-13, 3.58425610155e-13, 4.79646433248e-13], "var": [7.76779302214e-07, 0.000226801494136, 5.90409181314e-05, 3.95530441892e-05, 1.94993590412e-05, 1.11664239739e-05, 5.60228181712e-06, 1.93858886632e-06, 6.15939552517e-06, 5.97888799803e-07, 5.70786994558e-07, 2.3014404178e-06, 1.00758904864e-06, 6.32002866041e-07, 5.48436275949e-07, 3.44728846358e-07, 2.66804875082e-07, 1.341948348e-07, 1.08139516897e-07, 1.03492830306e-07, 1.83934673714e-07, 1.85491217053e-07, 6.55894496049e-07, 2.26322768526e-07, 1.38205393796e-07, 4.55002862054e-08, 7.44774908412e-09]}, "erbbands": {"dmean": [0.257853001356, 1.81389188766, 4.30816602707, 8.88555145264, 10.0101156235, 7.47365236282, 8.62256240845, 12.1161365509, 15.6793375015, 13.6243886948, 15.3174028397, 22.4098472595, 13.3421592712, 9.03796768188, 12.6314659119, 19.4369068146, 15.8355693817, 13.7056446075, 15.2345876694, 11.4768753052, 11.3878240585, 9.98135471344, 7.92971467972, 6.69856834412, 5.69143915176, 5.65838432312, 6.88195514679, 10.0073642731, 9.12120437622, 9.55248260498, 13.7072477341, 4.16341924667, 4.76364850998, 2.40060162544, 1.24019432068, 0.660884618759, 0.127846121788, 0.0353303998709, 0.00531295919791, 0.000304287124891], "dmean2": [0.408187329769, 2.85740923882, 6.63890457153, 14.8405151367, 16.845998764, 12.7712583542, 14.2565517426, 21.3039093018, 27.3701972961, 23.4316062927, 26.598405838, 39.1419754028, 23.465341568, 14.9396820068, 17.9267044067, 28.9608325958, 24.8902130127, 21.228559494, 26.7838058472, 17.2885093689, 17.1179790497, 14.378988266, 11.92258358, 10.3797340393, 8.70279693604, 8.49714183807, 11.3275232315, 16.0909996033, 13.8324775696, 14.6206455231, 23.1806259155, 6.61907434464, 8.17085361481, 3.83187413216, 1.98769497871, 1.1040828228, 0.193374708295, 0.0540948621929, 0.00830312352628, 0.000503746909089], "dvar": [0.166213005781, 7.89860868454, 66.180015564, 292.300750732, 386.744781494, 230.923294067, 373.98916626, 920.121276855, 1554.20959473, 1681.34155273, 933.093383789, 4625.95751953, 990.633911133, 288.593841553, 598.401672363, 2497.12939453, 1414.33398438, 912.908447266, 1206.58203125, 661.802062988, 578.747192383, 369.880706787, 224.015075684, 200.256637573, 126.974571228, 131.405639648, 149.775039673, 337.204803467, 209.947647095, 238.642990112, 957.964294434, 68.1160812378, 151.476074219, 27.7742023468, 6.89411783218, 2.67469525337, 0.0776917338371, 0.0053882189095, 0.000171825056896, 2.73147657026e-06], "dvar2": [0.436451971531, 20.1875133514, 152.108169556, 789.643798828, 1065.85717773, 653.029907227, 874.661010742, 2537.67163086, 4198.64990234, 4374.58300781, 2440.33886719, 12234.7734375, 2686.60766602, 721.768554688, 1138.48840332, 5168.51123047, 3002.17431641, 2008.80090332, 3221.76513672, 1296.3515625, 1114.60302734, 702.801635742, 476.003753662, 402.17956543, 264.747894287, 278.352386475, 373.530670166, 836.538879395, 461.95803833, 560.391052246, 2574.23046875, 171.435531616, 410.112731934, 72.1000671387, 18.025598526, 7.29641342163, 0.176406294107, 0.0123543683439, 0.000395579496399, 7.82289680501e-06], "max": [3.35453820229, 27.1950302124, 74.9721832275, 146.332824707, 174.4246521, 175.375839233, 240.190002441, 292.560272217, 383.366241455, 684.33795166, 379.501617432, 1177.65710449, 436.130096436, 196.740982056, 261.785400391, 576.489074707, 384.375671387, 380.906799316, 367.157012939, 295.387481689, 414.746276855, 493.186828613, 151.591705322, 220.437393188, 173.589538574, 135.825531006, 109.028045654, 133.127105713, 120.23361969, 117.281166077, 271.080871582, 85.9865112305, 91.0026397705, 43.4262657166, 24.2134780884, 15.2799310684, 4.32894611359, 1.33773875237, 0.163970977068, 0.0364252105355], "mean": [0.338912725449, 2.42248916626, 4.88744831085, 10.0194530487, 11.2464971542, 8.96222496033, 9.21969795227, 10.3879947662, 12.4452219009, 12.1289453506, 14.1279764175, 19.4799118042, 13.8852233887, 11.2571792603, 17.4978427887, 23.612121582, 19.3153572083, 16.398601532, 17.0245819092, 15.5325250626, 15.1752920151, 13.3189506531, 10.3965930939, 9.32434272766, 7.65393829346, 7.37796449661, 8.036860466, 9.89592266083, 9.51278305054, 9.51898479462, 11.0727844238, 3.99423074722, 3.70072317123, 2.07386302948, 1.06271076202, 0.519492268562, 0.119966998696, 0.0318514890969, 0.00463437894359, 0.000268078845693], "median": [0.130105912685, 1.2273812294, 2.34011697769, 5.55450630188, 6.093791008, 5.1601896286, 2.05041527748, 1.86123287678, 1.69625616074, 2.0151257515, 2.86487627029, 3.07877206802, 2.84441399574, 2.91817855835, 2.33403110504, 2.80831050873, 2.86556959152, 1.81245493889, 2.03461670876, 1.98689460754, 2.12244224548, 2.12049007416, 1.60842704773, 1.33577680588, 1.16024518013, 0.977547764778, 1.0314258337, 1.10125899315, 1.36346745491, 1.96464371681, 1.82316660881, 0.756729245186, 0.458411216736, 0.250888168812, 0.126778766513, 0.0512880086899, 0.0139485262334, 0.00230471952818, 0.000240935187321, 4.54953842564e-05], "min": [1.48918585796e-11, 3.40797806642e-11, 4.60818813663e-11, 8.1910804528e-11, 1.53114368406e-10, 2.37574321327e-10, 4.19516393846e-10, 4.99296159973e-10, 5.16056086752e-10, 3.16378534482e-10, 1.45178521982e-10, 3.54408252745e-10, 6.37610020338e-10, 2.0618253771e-09, 6.62429933129e-09, 2.16731965708e-09, 5.72311975588e-10, 2.25095342365e-09, 4.01027877572e-09, 2.28585395057e-09, 1.6083603338e-09, 4.24195434334e-09, 3.37546146589e-09, 2.75403588823e-09, 3.45593464957e-09, 2.82784706762e-09, 3.39908634572e-09, 2.98857161241e-09, 5.57550894342e-09, 5.73540814841e-09, 2.88533863468e-09, 3.56662965828e-09, 3.56876017626e-09, 2.91843571532e-09, 1.66716418448e-09, 1.22560739335e-09, 7.1037253857e-10, 2.80538009489e-10, 7.6877074151e-11, 6.77328158838e-12], "var": [0.258221358061, 11.4373502731, 70.0821762085, 238.013809204, 307.732757568, 182.198059082, 494.047637939, 747.31463623, 1182.55883789, 1431.55200195, 956.225769043, 3687.56469727, 1046.71923828, 422.574615479, 1458.78845215, 3828.90722656, 2365.22827148, 1452.74572754, 1482.08959961, 1230.96813965, 1131.12817383, 792.061157227, 385.882751465, 366.727600098, 237.824325562, 238.870071411, 220.346206665, 344.547698975, 270.208435059, 262.990661621, 697.720092773, 63.5155029297, 104.334831238, 22.7423152924, 5.59618425369, 1.86871576309, 0.0786431878805, 0.00534252310172, 0.000164332246641, 1.61371895047e-06]}, "gfcc": {"mean": [-42.4520759583, 82.91746521, -74.8328170776, 39.8929977417, -46.086971283, 26.1261711121, -27.9550457001, 5.92468833923, -17.548948288, -2.7365193367, -17.2750911713, 1.01092171669, -11.9066009521], "cov": [[16734.9570312, -2774.40112305, -1272.30297852, -203.351501465, -1195.20458984, 152.776382446, -586.738037109, 124.836959839, -360.571136475, 504.648834229, -507.10534668, 179.341766357, -583.672546387], [-2774.40112305, 2669.19140625, 63.0227508545, 93.0606231689, 648.264343262, -201.353424072, 235.412948608, -59.6860122681, 131.496429443, -298.996307373, 194.219711304, -211.007293701, 178.375717163], [-1272.30297852, 63.0227508545, 1945.44726562, 429.119689941, -31.6348705292, 162.150939941, -148.75, -238.419311523, -72.8804702759, -175.613815308, -137.497879028, -73.5264434814, -67.396232605], [-203.351501465, 93.0606231689, 429.119689941, 454.395599365, 110.289108276, 94.2298583984, 11.8033370972, -69.6346893311, -64.5127487183, -72.0382080078, -26.4732952118, -35.2145118713, -8.93452548981], [-1195.20458984, 648.264343262, -31.6348705292, 110.289108276, 589.670532227, 110.756973267, 182.638748169, 63.93334198, 58.7967910767, -92.5390777588, 117.844581604, 10.9943618774, 68.5407180786], [152.776382446, -201.353424072, 162.150939941, 94.2298583984, 110.756973267, 357.060943604, 90.0989151001, 77.4060440063, 34.4893684387, 39.4646492004, 1.09069371223, 52.4891166687, -34.5091400146], [-586.738037109, 235.412948608, -148.75, 11.8033370972, 182.638748169, 90.0989151001, 244.720489502, 118.283439636, 98.5044326782, 20.8530673981, 71.2741546631, -13.0533380508, 47.2944831848], [124.836959839, -59.6860122681, -238.419311523, -69.6346893311, 63.93334198, 77.4060440063, 118.283439636, 200.395324707, 102.045547485, 49.3877906799, 39.3187599182, 37.2350769043, 6.82193088531], [-360.571136475, 131.496429443, -72.8804702759, -64.5127487183, 58.7967910767, 34.4893684387, 98.5044326782, 102.045547485, 162.864456177, 50.2042350769, 65.8148651123, -1.70318436623, 33.7438240051], [504.648834229, -298.996307373, -175.613815308, -72.0382080078, -92.5390777588, 39.4646492004, 20.8530673981, 49.3877906799, 50.2042350769, 191.222198486, 45.0293693542, 54.3756866455, -10.5975437164], [-507.10534668, 194.219711304, -137.497879028, -26.4732952118, 117.844581604, 1.09069371223, 71.2741546631, 39.3187599182, 65.8148651123, 45.0293693542, 168.395339966, 69.7156448364, 59.9838409424], [179.341766357, -211.007293701, -73.5264434814, -35.2145118713, 10.9943618774, 52.4891166687, -13.0533380508, 37.2350769043, -1.70318436623, 54.3756866455, 69.7156448364, 144.670410156, 31.202917099], [-583.672546387, 178.375717163, -67.396232605, -8.93452548981, 68.5407180786, -34.5091400146, 47.2944831848, 6.82193088531, 33.7438240051, -10.5975437164, 59.9838409424, 31.202917099, 113.694992065]], "icov": [[0.000110133958515, -2.15927047975e-05, 0.000112198686111, -0.000102223144495, 0.000105706705654, -4.6061752073e-05, 0.000156881840667, -9.60934485192e-05, 5.78310791752e-05, -0.000185597411473, 0.000304491113639, -0.000249571690802, 0.000393930007704], [-2.15927047975e-05, 0.000960618024692, -6.0261823819e-05, 0.000151272062794, -0.000693927868269, 0.000336607190548, -0.000148814448039, 0.000388731277781, -0.000388482789276, 0.000977130606771, -0.00130624510348, 0.00164666585624, -0.000639099627733], [0.000112198686111, -6.0261823819e-05, 0.00106725434307, -0.000807240081485, 0.000324203108903, -0.000565099355299, 0.000384110811865, 0.00124251795933, -0.00126813852694, 0.000611111114267, 0.00084492622409, -0.000821224355604, 0.000851392338518], [-0.000102223144495, 0.000151272062794, -0.000807240081485, 0.00357151124626, -0.000673242437188, -0.000675286108162, -0.000541764486115, 4.54193395854e-05, 0.0020109207835, 0.000138346367748, -0.00106280099135, 0.00175017234869, -0.0010399693856], [0.000105706705654, -0.000693927868269, 0.000324203108903, -0.000673242437188, 0.00382712809369, -0.0011495196959, -0.00132223567925, -0.000198166497285, 0.000225687079364, 0.00154587463476, -0.000959002238233, -0.00133561633993, 0.000626086781267], [-4.6061752073e-05, 0.000336607190548, -0.000565099355299, -0.000675286108162, -0.0011495196959, 0.00526438513771, -0.0023327965755, -0.000253957230598, -0.00102938211057, -0.000607349327765, 0.00170033425093, -0.00296851573512, 0.00229038577527], [0.000156881840667, -0.000148814448039, 0.000384110811865, -0.000541764486115, -0.00132223567925, -0.0023327965755, 0.0107856588438, -0.00503550702706, 0.000218339118874, -0.00178118166514, -0.00217217975296, 0.00532373925671, -0.00341730681248], [-9.60934485192e-05, 0.000388731277781, 0.00124251795933, 4.54193395854e-05, -0.000198166497285, -0.000253957230598, -0.00503550702706, 0.0136892274022, -0.00804030802101, 0.00219897809438, 0.00301061104983, -0.00567122828215, 0.00351192429662], [5.78310791752e-05, -0.000388482789276, -0.00126813852694, 0.0020109207835, 0.000225687079364, -0.00102938211057, 0.000218339118874, -0.00804030802101, 0.0159562565386, -0.0039098826237, -0.00492822285742, 0.0065565421246, -0.00404369831085], [-0.000185597411473, 0.000977130606771, 0.000611111114267, 0.000138346367748, 0.00154587463476, -0.000607349327765, -0.00178118166514, 0.00219897809438, -0.0039098826237, 0.0106752952561, -0.00333488080651, -0.0014402102679, 0.00169019319583], [0.000304491113639, -0.00130624510348, 0.00084492622409, -0.00106280099135, -0.000959002238233, 0.00170033425093, -0.00217217975296, 0.00301061104983, -0.00492822285742, -0.00333488080651, 0.0165773648769, -0.0106749841943, 0.00118253775872], [-0.000249571690802, 0.00164666585624, -0.000821224355604, 0.00175017234869, -0.00133561633993, -0.00296851573512, 0.00532373925671, -0.00567122828215, 0.0065565421246, -0.0014402102679, -0.0106749841943, 0.0202815067023, -0.00819839537144], [0.000393930007704, -0.000639099627733, 0.000851392338518, -0.0010399693856, 0.000626086781267, 0.00229038577527, -0.00341730681248, 0.00351192429662, -0.00404369831085, 0.00169019319583, 0.00118253775872, -0.00819839537144, 0.016755759716]]}, "melbands": {"dmean": [0.00227117608301, 0.00204548751935, 0.00151538592763, 0.00061159406323, 0.000297352700727, 0.000270449439995, 0.000240283989115, 0.000140963849844, 0.00013566344569, 0.000140762756928, 6.41530423309e-05, 3.59315490641e-05, 4.0850831283e-05, 5.41211120435e-05, 4.52676977147e-05, 3.0050654459e-05, 2.63221936621e-05, 2.60295910266e-05, 1.91669441847e-05, 1.49959760165e-05, 1.34103838718e-05, 1.16843357318e-05, 7.98687869974e-06, 6.51744039715e-06, 5.58616193302e-06, 4.5255810619e-06, 3.85163548344e-06, 3.80152573598e-06, 4.02009027312e-06, 5.29440740138e-06, 6.233753993e-06, 5.24275719727e-06, 4.53732491223e-06, 5.93993809161e-06, 1.03076117739e-05, 3.35867321155e-06, 1.93808114091e-06, 3.94915605284e-06, 2.19627077058e-06, 2.10269331546e-06], "dmean2": [0.00361243332736, 0.00299380579963, 0.00248934840783, 0.00103122275323, 0.000495386251714, 0.000470872066217, 0.000419807911385, 0.000242380076088, 0.00023595339735, 0.000246936426265, 0.000113316200441, 6.02301952313e-05, 6.04320885031e-05, 8.4257524577e-05, 6.77390489727e-05, 4.61797535536e-05, 4.12644003518e-05, 4.56625130028e-05, 3.08083981508e-05, 2.35957886616e-05, 2.00274844246e-05, 1.71463507286e-05, 1.17633398986e-05, 9.78976913757e-06, 8.84360269993e-06, 6.69409973852e-06, 6.16681427346e-06, 5.71970713281e-06, 6.61456851958e-06, 8.78654100234e-06, 1.00023753475e-05, 8.08225649962e-06, 6.83691769154e-06, 9.28388362809e-06, 1.76755365828e-05, 5.4417823776e-06, 3.02943226416e-06, 6.90671731718e-06, 3.62111541108e-06, 3.36693187819e-06], "dvar": [1.1719592294e-05, 1.09810780486e-05, 8.30306998978e-06, 1.40451390962e-06, 3.92602771626e-07, 4.38588813267e-07, 3.54444551931e-07, 1.8041612293e-07, 7.88797294149e-08, 1.87800608842e-07, 2.25369909401e-08, 4.72854377875e-09, 6.38730179858e-09, 1.94725373603e-08, 1.37260975919e-08, 4.61890126147e-09, 3.56788976141e-09, 3.45598705209e-09, 2.25966778622e-09, 1.12846720857e-09, 7.99916632932e-10, 5.62004831561e-10, 2.06605010877e-10, 1.52009377308e-10, 1.54793872165e-10, 8.70726477031e-11, 6.67501331986e-11, 6.47754003213e-11, 5.00245886381e-11, 9.50153844492e-11, 1.41173031598e-10, 7.18463621929e-11, 5.08124792242e-11, 1.0961107022e-10, 5.78432302056e-10, 4.56792000059e-11, 1.35085631917e-11, 1.17941253985e-10, 2.51073155322e-11, 2.27206118503e-11], "dvar2": [3.19531318382e-05, 2.30062050832e-05, 2.20749607251e-05, 3.93027266909e-06, 9.7865790849e-07, 1.19647836527e-06, 9.52353786943e-07, 4.71864950669e-07, 2.05342530535e-07, 5.02015893744e-07, 6.08970296412e-08, 1.19363008366e-08, 1.31495703215e-08, 4.55719444403e-08, 2.74780784792e-08, 1.00033075157e-08, 8.07594791041e-09, 9.36073174529e-09, 4.98727859011e-09, 2.53389442761e-09, 1.52482892979e-09, 1.08587439041e-09, 3.96799954006e-10, 3.35069916257e-10, 3.26589283395e-10, 1.77442283089e-10, 1.5467031822e-10, 1.36669134343e-10, 1.24454085926e-10, 2.39310793404e-10, 3.53821444365e-10, 1.60876589828e-10, 1.0632428965e-10, 2.72095096454e-10, 1.56895796355e-09, 1.17830883939e-10, 3.28857566179e-11, 3.22642496053e-10, 6.67249727693e-11, 5.95678020798e-11], "max": [0.0332732759416, 0.0305800847709, 0.0238431226462, 0.0109466984868, 0.00670334463939, 0.00660262722522, 0.00626059155911, 0.00705903209746, 0.0038808810059, 0.00754845514894, 0.00218778196722, 0.00102985952981, 0.000938924320508, 0.00146627076901, 0.00124688190408, 0.000908837188035, 0.000761671166401, 0.000523098569829, 0.000691889261361, 0.000401608063839, 0.000481568742543, 0.000629123940598, 0.000165217308677, 0.000133096749778, 0.00019384008192, 0.000194285574253, 0.00013118001516, 0.000117725496239, 5.87082067796e-05, 6.91355235176e-05, 8.94697732292e-05, 6.96401184541e-05, 6.27634581178e-05, 9.57969314186e-05, 0.000216095490032, 5.93920995016e-05, 4.84406482428e-05, 8.20817003842e-05, 3.94905691792e-05, 4.76813220303e-05], "mean": [0.00309719610959, 0.00288465293124, 0.00175267283339, 0.000747644517105, 0.00032285094494, 0.000237929460127, 0.000192046616576, 0.00012689527648, 0.000123923324281, 0.000122042016301, 6.69840301271e-05, 4.36280897702e-05, 5.46119226783e-05, 6.25368047622e-05, 5.65674781683e-05, 3.49225665559e-05, 3.03339184029e-05, 2.76084338111e-05, 2.40385979851e-05, 1.89682377822e-05, 1.73825283127e-05, 1.49963625518e-05, 1.01444511529e-05, 8.53084020491e-06, 7.43368218536e-06, 5.84807230553e-06, 4.90756110594e-06, 4.84814381707e-06, 4.73065892947e-06, 5.50544336875e-06, 5.82683833272e-06, 5.35403614776e-06, 4.83178700961e-06, 5.73026954953e-06, 7.99073404778e-06, 3.09565757561e-06, 1.97601934815e-06, 2.92338154395e-06, 1.85141425391e-06, 1.77529932444e-06], "median": [0.00145123235416, 0.00152298784815, 0.00113305565901, 0.000468448153697, 9.79662436293e-05, 4.1731971578e-05, 2.47733933065e-05, 2.15508680412e-05, 2.23350216402e-05, 1.81765717571e-05, 1.28071242216e-05, 1.13670266728e-05, 7.13073677616e-06, 7.25459722162e-06, 7.0755845627e-06, 4.94705091114e-06, 2.88537489723e-06, 3.0082082958e-06, 2.62585490418e-06, 2.18968943955e-06, 2.26693646255e-06, 2.0584716367e-06, 1.49780191805e-06, 1.27776684167e-06, 9.14460883905e-07, 7.72528551352e-07, 7.77474099323e-07, 5.54814505449e-07, 5.97389202994e-07, 6.48490868116e-07, 5.78823346586e-07, 7.25632844478e-07, 7.43848488582e-07, 1.20475749554e-06, 1.20386698654e-06, 5.40058749721e-07, 3.87815191516e-07, 3.15736542689e-07, 2.55004010796e-07, 1.91032327734e-07], "min": [1.26703728347e-13, 3.06373511088e-14, 1.63018927648e-14, 1.38212915573e-14, 1.41078368741e-14, 1.14011871369e-14, 7.65781989415e-15, 2.80012194055e-15, 1.44896388809e-15, 2.05675502637e-15, 3.1942347242e-15, 6.73133822106e-15, 2.42848818312e-14, 9.12983610154e-15, 1.73478679169e-15, 1.36923881775e-15, 4.39716571666e-15, 6.6056800363e-15, 4.09269294751e-15, 2.27798775021e-15, 1.70152836065e-15, 4.99480040051e-15, 3.28988401395e-15, 2.14034764914e-15, 2.3376624919e-15, 1.91241108304e-15, 2.70518881716e-15, 1.67796231587e-15, 2.27766100725e-15, 1.77680724917e-15, 1.58117196687e-15, 2.92573671487e-15, 3.47895256745e-15, 2.85498934674e-15, 1.55101918213e-15, 1.26994675694e-15, 2.70584293836e-15, 2.56924151144e-15, 2.14463300058e-15, 2.67458869315e-15], "var": [1.78882273758e-05, 1.65294022736e-05, 6.88296131557e-06, 1.11398708214e-06, 4.6204641535e-07, 3.75460672331e-07, 2.76417523537e-07, 1.5673261089e-07, 8.56670112626e-08, 1.48892780771e-07, 2.54109870923e-08, 6.93849422362e-09, 1.36369102677e-08, 2.72698290615e-08, 2.21310987314e-08, 7.49207806905e-09, 5.20721421537e-09, 4.08613365366e-09, 3.40445738267e-09, 1.87140836161e-09, 1.53680335124e-09, 1.13142206715e-09, 3.99486471681e-10, 2.60956561915e-10, 2.60537341701e-10, 1.5980565482e-10, 1.03471918533e-10, 1.16328759125e-10, 7.8190218189e-11, 1.10511766405e-10, 1.3309549296e-10, 8.79824268996e-11, 6.96965124503e-11, 1.07499530111e-10, 4.06914862916e-10, 3.99054816969e-11, 1.43113429094e-11, 7.78548614466e-11, 1.91253905074e-11, 1.82000074733e-11]}, "mfcc": {"mean": [-695.588134766, 115.189109802, 32.688583374, 24.9043369293, 13.9500398636, 20.4088497162, 4.39026975632, 14.5355043411, 3.70272374153, 2.6401181221, 1.56116163731, -0.607322514057, -0.916134119034], "cov": [[13998.9013672, -2348.69360352, -1376.23608398, -659.777832031, -922.363769531, -258.787750244, -455.117889404, -428.078216553, -115.10773468, -57.5472145081, 67.9397506714, 148.564682007, 149.76159668], [-2348.69360352, 1968.45947266, -55.4659080505, 261.807769775, 338.436218262, -11.9225301743, 165.552520752, 149.129348755, 44.6899909973, 56.0979614258, -29.5904464722, -5.05630111694, -39.4583778381], [-1376.23608398, -55.4659080505, 1689.8503418, 307.702453613, 216.733779907, 243.352005005, -61.4251556396, -11.0217151642, -55.533908844, -65.7691497803, -55.6949081421, -143.984695435, -109.687271118], [-659.777832031, 261.807769775, 307.702453613, 413.041015625, 166.616836548, 79.6474609375, 73.1141357422, 15.0427904129, -17.0356407166, -44.6405029297, -50.182384491, -45.7456893921, -45.7255706787], [-922.363769531, 338.436218262, 216.733779907, 166.616836548, 375.128875732, 156.880981445, 130.50567627, 145.103424072, 0.901562035084, -13.5532779694, -33.0525245667, 0.289583593607, 3.46304655075], [-258.787750244, -11.9225301743, 243.352005005, 79.6474609375, 156.880981445, 263.657287598, 115.957366943, 60.4096031189, 25.0210037231, 6.11152839661, 9.4014787674, 8.18251895905, 14.8779687881], [-455.117889404, 165.552520752, -61.4251556396, 73.1141357422, 130.50567627, 115.957366943, 195.187103271, 121.638763428, 49.7227630615, 22.3533687592, 19.8095169067, 42.680229187, 29.4031887054], [-428.078216553, 149.129348755, -11.0217151642, 15.0427904129, 145.103424072, 60.4096031189, 121.638763428, 223.328674316, 68.2529907227, 42.1182136536, 21.5279369354, 40.0349769592, 33.3133049011], [-115.10773468, 44.6899909973, -55.533908844, -17.0356407166, 0.901562035084, 25.0210037231, 49.7227630615, 68.2529907227, 135.859329224, 77.7710494995, 36.1554908752, 28.9689483643, 11.6835403442], [-57.5472145081, 56.0979614258, -65.7691497803, -44.6405029297, -13.5532779694, 6.11152839661, 22.3533687592, 42.1182136536, 77.7710494995, 144.018188477, 68.7097091675, 39.1007118225, 14.9933643341], [67.9397506714, -29.5904464722, -55.6949081421, -50.182384491, -33.0525245667, 9.4014787674, 19.8095169067, 21.5279369354, 36.1554908752, 68.7097091675, 108.351501465, 59.1268463135, 25.8349075317], [148.564682007, -5.05630111694, -143.984695435, -45.7456893921, 0.289583593607, 8.18251895905, 42.680229187, 40.0349769592, 28.9689483643, 39.1007118225, 59.1268463135, 107.350486755, 67.7780075073], [149.76159668, -39.4583778381, -109.687271118, -45.7255706787, 3.46304655075, 14.8779687881, 29.4031887054, 33.3133049011, 11.6835403442, 14.9933643341, 25.8349075317, 67.7780075073, 109.054504395]], "icov": [[0.000112131470814, 9.54376591835e-05, 0.000108641455881, -3.7211120798e-05, 0.000141302589327, -0.000173430104041, 0.000267520314083, -3.05145022139e-05, 6.15526223555e-05, 1.10854907689e-05, 7.2585658927e-05, -0.000170809260453, 1.14250842671e-05], [9.54376591835e-05, 0.000811763107777, 0.000148091698065, -0.00028416243731, -0.000653000199236, 0.000550975499209, -0.000274075340712, 0.000144645237015, -1.86050583579e-05, -0.00045323985978, 0.000153555389261, -6.50510992273e-05, 0.000236094827414], [0.000108641455881, 0.000148091698065, 0.001155419508, -0.000688717525918, -0.000110309847514, -0.00137152930256, 0.00173803721555, -0.000490732782055, 0.00016666049487, 0.000142763266922, -0.000481256603962, 0.000690101238433, 0.000297277612844], [-3.7211120798e-05, -0.00028416243731, -0.000688717525918, 0.00397146865726, -0.00119768991135, 0.000717362388968, -0.00226124585606, 0.00142028962728, -0.000319246901199, 0.000558010593522, 0.000590035342611, 0.000235485596932, 0.000708101200871], [0.000141302589327, -0.000653000199236, -0.000110309847514, -0.00119768991135, 0.00707687903196, -0.00315488455817, 0.000259637337876, -0.00377742829733, 0.00225652824156, -0.000235269602854, 0.00232297531329, -0.00137619650923, 0.000341734994436], [-0.000173430104041, 0.000550975499209, -0.00137152930256, 0.000717362388968, -0.00315488455817, 0.00878653582186, -0.00591514445841, 0.00257438770495, -0.00129200366791, -0.000176681263838, -0.0011423532851, 0.00134809454903, -0.00133580574766], [0.000267520314083, -0.000274075340712, 0.00173803721555, -0.00226124585606, 0.000259637337876, -0.00591514445841, 0.0145157221705, -0.00501362374052, -0.00102967920247, 0.00131600769237, -0.000642662518658, -0.0025948244147, 0.000444338453235], [-3.05145022139e-05, 0.000144645237015, -0.000490732782055, 0.00142028962728, -0.00377742829733, 0.00257438770495, -0.00501362374052, 0.0099852271378, -0.00332503835671, -0.000378551427275, -0.000413219298935, 0.000192841762328, -0.00134723307565], [6.15526223555e-05, -1.86050583579e-05, 0.00016666049487, -0.000319246901199, 0.00225652824156, -0.00129200366791, -0.00102967920247, -0.00332503835671, 0.0129499696195, -0.00607739016414, 0.00133833836298, -0.000942456186749, 0.00105729908682], [1.10854907689e-05, -0.00045323985978, 0.000142763266922, 0.000558010593522, -0.000235269602854, -0.000176681263838, 0.00131600769237, -0.000378551427275, -0.00607739016414, 0.0137296030298, -0.00695149879903, 0.00039406272117, 0.000156112655532], [7.2585658927e-05, 0.000153555389261, -0.000481256603962, 0.000590035342611, 0.00232297531329, -0.0011423532851, -0.000642662518658, -0.000413219298935, 0.00133833836298, -0.00695149879903, 0.0190265420824, -0.00993459951133, 0.00258019682951], [-0.000170809260453, -6.50510992273e-05, 0.000690101238433, 0.000235485596932, -0.00137619650923, 0.00134809454903, -0.0025948244147, 0.000192841762328, -0.000942456186749, 0.00039406272117, -0.00993459951133, 0.0239509250969, -0.0109809851274], [1.14250842671e-05, 0.000236094827414, 0.000297277612844, 0.000708101200871, 0.000341734994436, -0.00133580574766, 0.000444338453235, -0.00134723307565, 0.00105729908682, 0.000156112655532, 0.00258019682951, -0.0109809851274, 0.0163772571832]]}, "spectral_contrast_coeffs": {"dmean": [0.0586016885936, 0.0581668615341, 0.0407087355852, 0.0332195311785, 0.0280428044498, 0.0245081502944], "dmean2": [0.0932153239846, 0.0928170084953, 0.0675144046545, 0.05228972435, 0.0423844978213, 0.0354956574738], "dvar": [0.00256396620534, 0.00277221738361, 0.00125116144773, 0.000873377604876, 0.000686786312144, 0.000516147294547], "dvar2": [0.00622462155297, 0.00655269436538, 0.00319524342194, 0.0019510097336, 0.00153073412366, 0.000984425540082], "max": [-0.309821039438, -0.356599986553, -0.431148022413, -0.555415213108, -0.601245284081, -0.567650020123], "mean": [-0.657812595367, -0.771303594112, -0.81931912899, -0.825408756733, -0.818591892719, -0.785108029842], "median": [-0.654532670975, -0.789590239525, -0.824662089348, -0.831278979778, -0.82655107975, -0.785854101181], "min": [-0.969480872154, -0.95708078146, -0.954686582088, -0.969193339348, -0.943726241589, -0.957136392593], "var": [0.00686154561117, 0.00767450919375, 0.00299160182476, 0.002422203077, 0.00253855320625, 0.00194567430299]}, "spectral_contrast_valleys": {"dmean": [0.471918672323, 0.84940135479, 0.738145768642, 0.760236799717, 0.764733672142, 0.815735816956], "dmean2": [0.714753866196, 1.23324596882, 1.07399010658, 1.0774782896, 1.01330673695, 0.981600224972], "dvar": [0.178816378117, 0.68872821331, 0.59478199482, 0.663742661476, 0.630595743656, 0.770895600319], "dvar2": [0.354597985744, 1.52169156075, 1.18022084236, 1.32601070404, 1.28721117973, 1.48304021358], "max": [-5.25614547729, -4.42615461349, -5.14346027374, -5.39136075974, -5.65723848343, -7.47932624817], 