{"lowlevel": {"average_loudness": 0.971701204777, "barkbands_crest": {"dmean": 2.76360416412, "dmean2": 4.13686513901, "dvar": 8.56373214722, "dvar2": 18.6439418793, "max": 26.1700630188, "mean": 12.9585771561, "median": 12.117351532, "min": 2.82310128212, "var": 22.567691803}, "barkbands_flatness_db": {"dmean": 0.0304364711046, "dmean2": 0.039411265403, "dvar": 0.000821479770821, "dvar2": 0.00154317065608, "max": 0.504711568356, "mean": 0.182139769197, "median": 0.174785941839, "min": 0.0338971056044, "var": 0.00422985525802}, "barkbands_kurtosis": {"dmean": 7.11052894592, "dmean2": 10.6707696915, "dvar": 135.811355591, "dvar2": 289.957855225, "max": 275.713043213, "mean": 13.6999397278, "median": 9.41558837891, "min": -1.92800676823, "var": 258.206848145}, "barkbands_skewness": {"dmean": 0.821281433105, "dmean2": 1.19446623325, "dvar": 0.968133211136, "dvar2": 2.00817012787, "max": 13.0351686478, "mean": 2.75477695465, "median": 2.58060741425, "min": -4.02699756622, "var": 2.59318637848}, "barkbands_spread": {"dmean": 8.86096763611, "dmean2": 13.3470373154, "dvar": 196.084625244, "dvar2": 448.949920654, "max": 109.250244141, "mean": 17.0860652924, "median": 11.0594949722, "min": 0.384614616632, "var": 304.124816895}, "dissonance": {"dmean": 0.0218375921249, "dmean2": 0.0343747064471, "dvar": 0.000417168397689, "dvar2": 0.00101738423109, "max": 0.499999940395, "mean": 0.436319619417, "median": 0.441187083721, "min": 0.276072859764, "var": 0.00145396927837}, "dynamic_complexity": 3.75669264793, "erbbands_crest": {"dmean": 1.95374453068, "dmean2": 2.80904889107, "dvar": 4.23654747009, "dvar2": 9.06551456451, "max": 27.3260650635, "mean": 9.88076305389, "median": 9.15116500854, "min": 2.55155873299, "var": 17.0999603271}, "erbbands_flatness_db": {"dmean": 0.0235157962888, "dmean2": 0.0262278150767, "dvar": 0.000449853861937, "dvar2": 0.000751380634028, "max": 0.369456589222, "mean": 0.150879740715, "median": 0.145199403167, "min": 0.0386072658002, "var": 0.00334253883921}, "erbbands_kurtosis": {"dmean": 1.76879131794, "dmean2": 2.50865912437, "dvar": 6.39359664917, "dvar2": 14.1743192673, "max": 65.3513412476, "mean": 2.5674161911, "median": 1.61931419373, "min": -1.90029466152, "var": 15.8977193832}, "erbbands_skewness": {"dmean": 0.448335945606, "dmean2": 0.618807733059, "dvar": 0.239732712507, "dvar2": 0.497735351324, "max": 6.76561784744, "mean": 1.27606487274, "median": 1.3055049181, "min": -4.39902353287, "var": 0.981109678745}, "erbbands_spread": {"dmean": 14.5746107101, "dmean2": 19.1842861176, "dvar": 302.924102783, "dvar2": 574.516784668, "max": 157.659484863, "mean": 47.8374824524, "median": 38.1799621582, "min": 4.62848138809, "var": 962.821289062}, "hfc": {"dmean": 10.1160430908, "dmean2": 12.3183612823, "dvar": 318.284881592, "dvar2": 572.112487793, "max": 219.013519287, "mean": 18.6472110748, "median": 9.61851882935, "min": 4.07476186126e-08, "var": 628.762634277}, "melbands_crest": {"dmean": 2.86957073212, "dmean2": 4.40618944168, "dvar": 10.2025957108, "dvar2": 23.2543430328, "max": 35.0580215454, "mean": 15.7203359604, "median": 14.9574298859, "min": 3.04095864296, "var": 27.7857475281}, "melbands_flatness_db": {"dmean": 0.0347771607339, "dmean2": 0.0460717640817, "dvar": 0.00125456519891, "dvar2": 0.00243095913902, "max": 0.655000984669, "mean": 0.259735792875, "median": 0.256927907467, "min": 0.017742600292, "var": 0.00568762421608}, "melbands_kurtosis": {"dmean": 16.8736610413, "dmean2": 25.5333595276, "dvar": 948.950439453, "dvar2": 2107.74804688, "max": 587.962402344, "mean": 34.3492469788, "median": 22.8120155334, "min": -1.91643488407, "var": 1738.19177246}, "melbands_skewness": {"dmean": 1.07934057713, "dmean2": 1.51374483109, "dvar": 1.75281393528, "dvar2": 3.57317686081, "max": 18.9479751587, "mean": 3.89945006371, "median": 3.51601791382, "min": -2.68505144119, "var": 5.18415498734}, "melbands_spread": {"dmean": 5.59927845001, "dmean2": 8.73599147797, "dvar": 183.587051392, "dvar2": 444.141143799, "max": 301.618682861, "mean": 12.7096090317, "median": 8.53053474426, "min": 0.406279891729, "var": 376.602630615}, "pitch_salience": {"dmean": 0.0712140277028, "dmean2": 0.107220627367, "dvar": 0.0064996839501, "dvar2": 0.0141634270549, "max": 0.950750410557, "mean": 0.502694547176, "median": 0.511147856712, "min": 0.0966891869903, "var": 0.0173275731504}, "silence_rate_20dB": {"dmean": 0, "dmean2": 0, "dvar": 0, "dvar2": 0, "max": 1, "mean": 1, "median": 1, "min": 1, "var": 0}, "silence_rate_30dB": {"dmean": 0.0879730507731, "dmean2": 0.175782799721, "dvar": 0.0802366882563, "dvar2": 0.14646692574, "max": 1, "mean": 0.889064967632, "median": 1, "min": 0, "var": 0.0986261963844}, "silence_rate_60dB": {"dmean": 0.0103031499311, "dmean2": 0.0204122085124, "dvar": 0.0101976012811, "dvar2": 0.0223742630333, "max": 1, "mean": 0.0536846257746, "median": 0, "min": 0, "var": 0.0508041866124}, "spectral_centroid": {"dmean": 227.090576172, "dmean2": 336.986236572, "dvar": 132767.5, "dvar2": 274163.25, "max": 6199.90771484, "mean": 846.956542969, "median": 636.778930664, "min": 117.071052551, "var": 459398.78125}, "spectral_complexity": {"dmean": 2.62690711021, "dmean2": 3.76436781883, "dvar": 16.0654163361, "dvar2": 27.8505630493, "max": 50, "mean": 11.2555465698, "median": 10, "min": 0, "var": 42.9623222351}, "spectral_decrease": {"dmean": 5.81321391024e-09, "dmean2": 8.24795520771e-09, "dvar": 1.6009171519e-16, "dvar2": 3.13927589139e-16, "max": 1.24445829148e-16, "mean": -9.91431914343e-09, "median": -5.19902032536e-09, "min": -9.48579241822e-08, "var": 2.1637893389e-16}, "spectral_energy": {"dmean": 0.0225096307695, "dmean2": 0.0315397009254, "dvar": 0.00232977722771, "dvar2": 0.00450966786593, "max": 0.362249076366, "mean": 0.0391103029251, "median": 0.0207714159042, "min": 4.2899572783e-12, "var": 0.0032585079316}, "spectral_energyband_high": {"dmean": 0.000883445958607, "dmean2": 0.00117171357851, "dvar": 2.75900288216e-06, "dvar2": 5.4941133385e-06, "max": 0.0202311929315, "mean": 0.00114094407763, "median": 0.000268670672085, "min": 2.87990334705e-12, "var": 4.45981049779e-06}, "spectral_energyband_low": {"dmean": 0.0186326298863, "dmean2": 0.0278511270881, "dvar": 0.00204386375844, "dvar2": 0.00414590351284, "max": 0.341214746237, "mean": 0.0219863466918, "median": 0.00690884608775, "min": 8.78897378053e-14, "var": 0.00237596430816}, "spectral_energyband_middle_high": {"dmean": 0.00056005269289, "dmean2": 0.000713231915142, "dvar": 7.85963720773e-07, "dvar2": 1.4525902543e-06, "max": 0.0163331013173, "mean": 0.00143448717427, "median": 0.00103090354241, "min": 9.34953720347e-13, "var": 2.22887638301e-06}, "spectral_energyband_middle_low": {"dmean": 0.00487138237804, "dmean2": 0.00654011266306, "dvar": 7.33082124498e-05, "dvar2": 0.000162747586728, "max": 0.146705329418, "mean": 0.0150661515072, "median": 0.0115225259215, "min": 1.46481554642e-13, "var": 0.000181855604751}, "spectral_entropy": {"dmean": 0.299894094467, "dmean2": 0.353672713041, "dvar": 0.0862381979823, "dvar2": 0.147424563766, "max": 8.98140525818, "mean": 7.29277086258, "median": 7.29067325592, "min": 4.85400724411, "var": 0.43644323945}, "spectral_flux": {"dmean": 0.0402788110077, "dmean2": 0.0537813454866, "dvar": 0.00389443640597, "dvar2": 0.00683513330296, "max": 0.526427149773, "mean": 0.0840404927731, "median": 0.044043213129, "min": 2.81665907096e-05, "var": 0.00973809231073}, "spectral_kurtosis": {"dmean": 1.83969783783, "dmean2": 2.49981546402, "dvar": 6.85891675949, "dvar2": 14.2925615311, "max": 52.6267166138, "mean": 4.10864496231, "median": 2.67191290855, "min": -0.920523405075, "var": 21.5056152344}, "spectral_rms": {"dmean": 0.00129305990413, "dmean2": 0.00166408892255, "dvar": 4.76377863379e-06, "dvar2": 7.84458734415e-06, "max": 0.0187993012369, "mean": 0.0052306833677, "median": 0.00450164359063, "min": 6.46940776505e-08, "var": 1.07962996481e-05}, "spectral_rolloff": {"dmean": 749.875610352, "dmean2": 1376.1138916, "dvar": 4390025, "dvar2": 11560311, "max": 19595.2148438, "mean": 1138.94897461, "median": 473.73046875, "min": 64.599609375, "var": 6099789}, "spectral_skewness": {"dmean": 0.306181579828, "dmean2": 0.394846767187, "dvar": 0.0978993549943, "dvar2": 0.184543341398, "max": 5.53708648682, "mean": 1.68117654324, "median": 1.57863378525, "min": -0.181148797274, "var": 0.455807030201}, "spectral_spread": {"dmean": 1246136.375, "dmean2": 1562304.25, "dvar": 1925632884740.0, "dvar2": 3717191172100.0, "max": 18129654, "mean": 6663427, "median": 6600325, "min": 1141358.875, "var": 6293957378050.0}, "spectral_strongpeak": {"dmean": 0.315213322639, "dmean2": 0.509451627731, "dvar": 0.184373483062, "dvar2": 0.451946765184, "max": 6.25324630737, "mean": 0.737669110298, "median": 0.558083713055, "min": 0, "var": 0.393305003643}, "zerocrossingrate": {"dmean": 0.0187963619828, "dmean2": 0.022137157619, "dvar": 0.000583314860705, "dvar2": 0.000805715390015, "max": 0.5576171875, "mean": 0.0588160306215, "median": 0.04296875, "min": 0.00244140625, "var": 0.00324462517165}, "barkbands": {"dmean": [0.000424744765041, 0.0154658062384, 0.00513645075262, 0.000962692662142, 0.00219313357957, 0.00130972708575, 0.00150635070167, 0.000393073802115, 0.000116351300676, 0.000294164346997, 0.000124330908875, 5.59599102417e-05, 4.62281786895e-05, 4.48138489446e-05, 3.78477961931e-05, 2.18146051338e-05, 6.78563301335e-05, 6.32911833236e-05, 6.81564124534e-05, 7.69070975366e-05, 0.000100249817478, 0.000205212068977, 0.000131381835672, 0.000130987216835, 0.000143896759255, 0.000199034548132, 2.21080372285e-05], "dmean2": [0.000727555248886, 0.0234046559781, 0.00957377161831, 0.00164474686608, 0.00292722415179, 0.00182327255607, 0.00205668038689, 0.000514597748406, 0.000170004146639, 0.000379334174795, 0.000171333216713, 8.31753131934e-05, 7.03186815372e-05, 6.75187766319e-05, 5.71930249862e-05, 3.37020719599e-05, 0.000102132769825, 9.05261767912e-05, 0.000100613135146, 0.000116182774946, 0.000148371749674, 0.00029685892514, 0.0001890034182, 0.000182510382729, 0.000196055902052, 0.000295164092677, 3.34592659783e-05], "dvar": [1.25178246435e-06, 0.00142423633952, 0.000266864080913, 8.57762552187e-06, 1.5899162463e-05, 4.79011350762e-06, 1.66804456967e-05, 4.0813657165e-07, 6.87510777198e-08, 4.25276112992e-07, 5.02010806258e-08, 1.88720932215e-08, 7.76447173223e-09, 8.0360305077e-09, 6.20701534615e-09, 1.91966176288e-09, 2.10063895167e-08, 1.85268920205e-08, 2.23810214806e-08, 2.21713314374e-08, 4.27475477238e-08, 1.9556244979e-07, 7.3463823469e-08, 5.32221804406e-08, 8.13930682853e-08, 2.42589692334e-07, 4.77039741043e-09], "dvar2": [3.40011592925e-06, 0.00294805690646, 0.000755937944632, 2.2418997105e-05, 3.35137847287e-05, 9.72916586761e-06, 3.47384011548e-05, 7.45617910525e-07, 1.62733599041e-07, 7.80793527611e-07, 1.03514921079e-07, 4.34667946081e-08, 1.77454992922e-08, 1.77805166146e-08, 1.30917028329e-08, 4.36726788067e-09, 4.92930816165e-08, 4.02545730083e-08, 4.77287507294e-08, 5.06279640433e-08, 9.6977423425e-08, 4.41532677087e-07, 1.69972850017e-07, 1.15414209745e-07, 1.63461081115e-07, 5.33037507466e-07, 1.16680549667e-08], "max": [0.0187230221927, 0.302816480398, 0.112388283014, 0.0436368361115, 0.0616816580296, 0.0397142954171, 0.117499947548, 0.0210570078343, 0.00445209443569, 0.0176423173398, 0.00530855730176, 0.00410269713029, 0.00156080059242, 0.003116435837, 0.00271381274797, 0.00054542865837, 0.00275011500344, 0.0027186977677, 0.00235933694057, 0.00236473279074, 0.00214442401193, 0.00550833204761, 0.00327965477481, 0.00283231493086, 0.00415915856138, 0.00555846886709, 0.00127331260592], "mean": [0.000451242522104, 0.0173004437238, 0.00387342600152, 0.000927294138819, 0.0058871647343, 0.00386142241769, 0.00270921224728, 0.00113199278712, 0.000229271172429, 0.000620108447038, 0.000266913761152, 9.43254053709e-05, 7.2279064625e-05, 7.98542896518e-05, 6.48756540613e-05, 3.12295851472e-05, 0.000148234859807, 8.12552316347e-05, 9.13035473786e-05, 9.80370678008e-05, 0.000123061705381, 0.000236334846704, 0.000158250841196, 0.000176630128408, 0.000187870566151, 0.000188169200555, 2.00769627554e-05], "median": [2.40130866587e-05, 0.00516834016889, 0.000664424267597, 0.00021897078841, 0.00303637702018, 0.00242715422064, 0.000959016557317, 0.00067760219099, 9.40592653933e-05, 0.000294887606287, 0.000123356556287, 4.10752290918e-05, 2.43535359914e-05, 3.31189803546e-05, 2.52585050475e-05, 1.31772030727e-05, 3.70903508156e-05, 1.89530637726e-05, 2.28398457693e-05, 2.61109980784e-05, 2.75784623227e-05, 4.30683976447e-05, 4.28522725997e-05, 4.98485314893e-05, 4.11001092289e-05, 1.3270535419e-05, 1.17658157706e-06], "min": [9.7735282866e-14, 3.1319077106e-14, 1.05863922636e-14, 7.21671986357e-15, 1.9686094321e-14, 2.05440116416e-14, 1.36318780496e-14, 1.85523356389e-14, 4.70228206145e-14, 6.84275905253e-14, 1.36731975026e-13, 1.75992467127e-13, 1.00163421394e-13, 4.84581687656e-14, 1.05344801553e-14, 5.20965954024e-14, 7.99320665538e-14, 1.09872384086e-13, 1.300514465e-13, 9.42101011461e-14, 9.63281578527e-14, 1.24286296315e-13, 3.28051279717e-13, 4.11154427562e-13, 3.56541456515e-13, 6.67369371571e-13, 8.66375547692e-13], "var": [1.13035707727e-06, 0.00158862536773, 0.000156604350195, 6.59709485262e-06, 5.9011454141e-05, 2.00130853045e-05, 3.05834146275e-05, 1.94078029381e-06, 1.33134818725e-07, 1.13152816539e-06, 1.45192771583e-07, 2.80381478035e-08, 1.40852884911e-08, 1.98846681343e-08, 1.54693964305e-08, 2.63270494294e-09, 7.40069623362e-08, 2.87854504677e-08, 3.53881972615e-08, 3.34118084311e-08, 5.90840052439e-08, 2.56032564039e-07, 9.15864362128e-08, 8.550610886e-08, 1.32857707058e-07, 2.64350717316e-07, 4.27630109101e-09]}, "erbbands": {"dmean": [0.380510061979, 3.92036724091, 7.30721998215, 3.52771019936, 4.21914577484, 8.63934993744, 10.046339035, 11.9144763947, 21.9290561676, 15.8056840897, 5.48131513596, 2.89964652061, 8.67130851746, 5.6014547348, 5.45008230209, 2.47532248497, 2.2859313488, 2.20226693153, 2.03633666039, 1.60750818253, 1.67512321472, 2.96877813339, 3.92334294319, 3.0521569252, 3.4581284523, 3.73438572884, 3.2087290287, 5.15765857697, 7.4990401268, 6.0758972168, 3.52880430222, 2.76589441299, 2.27122664452, 1.71957409382, 0.997147321701, 0.893343865871, 0.38664162159, 0.0447439290583, 0.0039194477722, 0.000158256239956], "dmean2": [0.571945786476, 6.07182168961, 12.8946762085, 6.269115448, 7.15698719025, 11.2222938538, 13.0849637985, 16.602519989, 29.485200882, 21.0952777863, 7.57192420959, 4.05075216293, 11.4078111649, 7.28286075592, 7.40704202652, 3.60570955276, 3.44965624809, 3.3145263195, 3.04774403572, 2.42817902565, 2.48464250565, 4.4049782753, 5.61362600327, 4.30166625977, 5.28817605972, 5.66475534439, 4.69273519516, 7.71035385132, 10.7127847672, 8.99170875549, 5.06033325195, 4.02715158463, 3.13233399391, 2.38742351532, 1.36815392971, 1.30541741848, 0.581167817116, 0.0665668845177, 0.00586746213958, 0.00022125452233], "dvar": [0.845830082893, 97.4382553101, 473.101196289, 101.279014587, 188.935546875, 232.767456055, 256.700683594, 434.809082031, 2898.34863281, 1534.44030762, 98.1421203613, 36.8088760376, 502.702941895, 151.478408813, 110.429016113, 39.915473938, 17.9484081268, 21.0932044983, 18.0528507233, 10.3531312943, 11.8866834641, 38.8944282532, 71.4255905151, 49.3790740967, 50.6192359924, 51.1606674194, 45.1538314819, 113.424934387, 267.861755371, 188.919662476, 52.9768104553, 32.5734138489, 14.9099531174, 10.8708658218, 4.47350406647, 4.43588685989, 1.05748581886, 0.0154782822356, 0.000130028580315, 1.72541660959e-07], "dvar2": [1.94090366364, 213.924224854, 1286.66149902, 277.432434082, 503.136108398, 439.07901001, 494.432434082, 878.875854492, 5955.89160156, 3253.90942383, 205.270553589, 83.5872879028, 937.855041504, 255.895111084, 219.098815918, 91.3453826904, 41.082901001, 46.7464256287, 37.1341056824, 24.2627449036, 26.3190803528, 89.6862335205, 156.316299438, 102.634346008, 115.762496948, 120.141532898, 103.728935242, 263.819396973, 574.008728027, 452.886932373, 122.112617493, 77.283996582, 31.7876033783, 23.0034999847, 8.81348800659, 9.54419136047, 2.44550251961, 0.0363293141127, 0.000310033734422, 3.8476696318e-07], "max": [9.08770465851, 73.7911834717, 152.463928223, 94.8855209351, 153.721221924, 260.436767578, 259.914398193, 500.506500244, 983.110107422, 1569.74438477, 165.920730591, 111.339622498, 651.189758301, 330.949798584, 278.299072266, 207.377944946, 68.8643569946, 167.042160034, 162.669372559, 48.053943634, 66.0020523071, 123.130172729, 192.143478394, 129.203964233, 100.579246521, 98.604637146, 77.3322372437, 115.127166748, 271.368682861, 145.699584961, 116.216011047, 96.0438995361, 62.2986373901, 53.9298019409, 25.198141098, 18.2233467102, 16.4165077209, 1.95612859726, 0.175932437181, 0.00592692242935], "mean": [0.424118638039, 4.04799127579, 5.95410776138, 3.21334004402, 4.90885257721, 24.0612983704, 31.2517299652, 34.5963478088, 43.7742004395, 35.4107398987, 15.6686449051, 7.04605340958, 16.0538539886, 13.4177331924, 11.9544296265, 4.57641267776, 3.73269724846, 4.02117156982, 3.88229370117, 2.58164072037, 3.42165708542, 5.94605588913, 5.86272525787, 4.21725749969, 4.5831360817, 4.74605417252, 4.14463615417, 6.00917291641, 8.83528423309, 6.70381689072, 4.31182336807, 3.52033686638, 3.06050515175, 2.2733631134, 1.23360025883, 0.88367164135, 0.349774420261, 0.0414218641818, 0.003598758718, 0.000184814067325], "median": [0.113132379949, 1.07129371166, 1.12729907036, 0.829003930092, 2.00124621391, 11.8807067871, 19.0436000824, 21.4533424377, 18.8096103668, 19.7805633545, 8.13137245178, 3.8501560688, 6.81841802597, 5.73793315887, 6.04906320572, 2.35450077057, 1.52039122581, 1.91386222839, 1.78764772415, 1.26243162155, 1.11645460129, 1.74696671963, 1.67741370201, 1.06739163399, 1.26252663136, 1.31119394302, 1.01834106445, 1.24194133282, 1.42781174183, 1.56011986732, 1.10971164703, 1.04034531116, 0.797183036804, 0.550572872162, 0.209552943707, 0.0827121883631, 0.0197630934417, 0.00266900705174, 0.000242455891566, 4.10729080613e-05], "min": [1.86179023587e-12, 4.3445034896e-12, 1.12264676722e-11, 2.1320929397e-11, 2.96623454965e-11, 7.18131387689e-11, 1.5043356838e-10, 1.62911018009e-10, 1.9360253678e-10, 2.42627695712e-10, 5.34694066801e-10, 1.0318169652e-09, 1.9149302144e-09, 2.9482052355e-09, 7.13427761312e-09, 6.6454290959e-09, 5.3447100079e-09, 2.5271680304e-09, 1.2341504485e-09, 8.68481730976e-10, 3.68009089868e-09, 4.30208846325e-09, 6.31928953609e-09, 8.3734965628e-09, 3.88172294308e-09, 3.2772484726e-09, 5.4035482755e-09, 4.0217913444e-09, 4.26124158182e-09, 7.18525594579e-09, 9.63603419279e-09, 5.86383341883e-09, 8.01331268008e-09, 4.22254764487e-09, 2.9765272469e-09, 2.84750178992e-09, 1.00834129935e-09, 4.92149210274e-10, 1.44030606886e-10, 1.07872990054e-11], "var": [0.891012489796, 98.2155914307, 313.253356934, 67.8628082275, 142.393737793, 1066.91650391, 1230.5144043, 1911.94824219, 6021.32470703, 3116.94042969, 365.67300415, 90.723526001, 1082.94750977, 595.77166748, 313.530456543, 58.8999404907, 32.1962928772, 52.4397773743, 49.8016929626, 15.7499027252, 36.5299224854, 107.666526794, 125.050552368, 86.6165008545, 75.7008209229, 74.388710022, 63.9595184326, 147.720153809, 389.786254883, 208.212280273, 67.7133712769, 42.4758110046, 24.2865123749, 17.1280002594, 7.0625500679, 5.10241174698, 1.05998599529, 0.0151970386505, 0.000123426842038, 1.96809850195e-07]}, "gfcc": {"mean": [-31.6199111938, 79.8659210205, -72.6693115234, 25.7382621765, -77.5184783936, 4.217233181, -41.4907188416, 8.10559749603, -20.4807662964, 5.56709432602, -8.26207923889, 11.5085735321, -3.96445608139], "cov": [[15030.7939453, 114.733642578, 882.903808594, 660.52532959, 97.0728607178, 790.485473633, -173.950256348, 407.403289795, -247.9947052, 211.976379395, -291.614685059, 410.527984619, -39.2638320923], [114.733642578, 2317.28222656, -282.380310059, -144.155349731, 199.752792358, 21.5123996735, 118.451812744, -175.748443604, 122.564445496, -125.232551575, 206.87940979, -91.8818893433, 165.052124023], [882.903808594, -282.380310059, 1069.64660645, 515.399719238, 389.548828125, 339.554382324, 219.838043213, 338.342987061, 96.6228790283, 136.111846924, -41.3079528809, 50.688999176, -103.399940491], [660.52532959, -144.155349731, 515.399719238, 717.607910156, 253.826080322, 258.939605713, 212.997817993, 217.579498291, 94.7953643799, 49.5588798523, 4.71144008636, 10.844912529, -14.8880395889], [97.0728607178, 199.752792358, 389.548828125, 253.826080322, 454.430755615, 236.910446167, 215.3203125, 172.304748535, 101.666091919, 73.5863342285, 19.1541938782, 7.48779964447, -35.9924850464], [790.485473633, 21.5123996735, 339.554382324, 258.939605713, 236.910446167, 382.271789551, 136.176452637, 157.451904297, 46.6895484924, 73.572807312, 5.0574297905, 8.46632099152, -8.34377193451], [-173.950256348, 118.451812744, 219.838043213, 212.997817993, 215.3203125, 136.176452637, 267.342071533, 114.07170105, 82.8278884888, 55.0095214844, 38.8339157104, 4.75933837891, -18.7629261017], [407.403289795, -175.748443604, 338.342987061, 217.579498291, 172.304748535, 157.451904297, 114.07170105, 275.027832031, 93.0204162598, 73.1427307129, -15.0188865662, 41.4881973267, -41.8687171936], [-247.9947052, 122.564445496, 96.6228790283, 94.7953643799, 101.666091919, 46.6895484924, 82.8278884888, 93.0204162598, 145.101287842, 49.0430793762, 41.0631752014, 0.855160236359, 2.26490616798], [211.976379395, -125.232551575, 136.111846924, 49.5588798523, 73.5863342285, 73.572807312, 55.0095214844, 73.1427307129, 49.0430793762, 128.022750854, 29.9182376862, 15.4492397308, -29.7363834381], [-291.614685059, 206.87940979, -41.3079528809, 4.71144008636, 19.1541938782, 5.0574297905, 38.8339157104, -15.0188865662, 41.0631752014, 29.9182376862, 113.230110168, 5.85087966919, 27.2934913635], [410.527984619, -91.8818893433, 50.688999176, 10.844912529, 7.48779964447, 8.46632099152, 4.75933837891, 41.4881973267, 0.855160236359, 15.4492397308, 5.85087966919, 104.974723816, 27.7806587219], [-39.2638320923, 165.052124023, -103.399940491, -14.8880395889, -35.9924850464, -8.34377193451, -18.7629261017, -41.8687171936, 2.26490616798, -29.7363834381, 27.2934913635, 27.7806587219, 109.840148926]], "icov": [[0.000144335630466, -0.000216822096263, 5.40999644727e-05, -0.000243102243985, 0.000220991598326, -0.000290146388579, 0.000292100361548, -0.000108436579467, 0.000411256856751, -0.000573316065129, 0.000621184124611, -0.000758418871555, 0.000328092253767], [-0.000216822096263, 0.00119266100228, -0.000139980533277, 0.000771619204897, -0.000951455382165, 0.000242123671342, -0.000632510695141, 0.000619368511252, -0.00133379071485, 0.00219064578414, -0.00223543448374, 0.00188573799096, -0.00136309571099], [5.40999644727e-05, -0.000139980533277, 0.00241984357126, -0.00108539033681, -0.000737930822652, -0.00052836391842, 0.000334936252329, -0.00111815566197, 0.000612126779743, -0.00116029160563, 0.00100946926977, -0.00113444030285, 0.00141892558895], [-0.000243102243985, 0.000771619204897, -0.00108539033681, 0.00330611644313, -0.000369939341908, -0.000260222353972, -0.00170109828468, -0.000263486494077, -0.00135082332417, 0.00254205148667, -0.00182256870903, 0.00223867502064, -0.00174929306377], [0.000220991598326, -0.000951455382165, -0.000737930822652, -0.000369939341908, 0.0057959696278, -0.00192291289568, -0.00177929247729, -0.000484553631395, -0.000303330889437, -0.0012910614023, 0.00184539682232, -0.00163293001242, 0.00163959851488], [-0.000290146388579, 0.000242123671342, -0.00052836391842, -0.000260222353972, -0.00192291289568, 0.0058022942394, -0.000748131598812, -0.0013999073999, 0.00122769922018, -0.000902892323211, -0.000962146266829, 0.0027430774644, -0.00257540331222], [0.000292100361548, -0.000632510695141, 0.000334936252329, -0.00170109828468, -0.00177929247729, -0.000748131598812, 0.00794116221368, -0.000671449117362, -7.38495145924e-05, -0.00170855165925, -0.000202139402973, -0.00175852433313, 0.00163425749633], [-0.000108436579467, 0.000619368511252, -0.00111815566197, -0.000263486494077, -0.000484553631395, -0.0013999073999, -0.000671449117362, 0.00958317052573, -0.00529875606298, 0.000412402732763, 0.00136153458152, -0.00263667688705, 0.00176476733759], [0.000411256856751, -0.00133379071485, 0.000612126779743, -0.00135082332417, -0.000303330889437, 0.00122769922018, -7.38495145924e-05, -0.00529875606298, 0.0143762463704, -0.00524982903153, -0.000467138219392, 6.41998194624e-05, -0.00111199717503], [-0.000573316065129, 0.00219064578414, -0.00116029160563, 0.00254205148667, -0.0012910614023, -0.000902892323211, -0.00170855165925, 0.000412402732763, -0.00524982903153, 0.0168254040182, -0.00806272123009, 0.00222617993131, 0.00123297551181], [0.000621184124611, -0.00223543448374, 0.00100946926977, -0.00182256870903, 0.00184539682232, -0.000962146266829, -0.000202139402973, 0.00136153458152, -0.000467138219392, -0.00806272123009, 0.0174867417663, -0.00506927957758, 6.42651357339e-05], [-0.000758418871555, 0.00188573799096, -0.00113444030285, 0.00223867502064, -0.00163293001242, 0.0027430774644, -0.00175852433313, -0.00263667688705, 6.41998194624e-05, 0.00222617993131, -0.00506927957758, 0.0175699554384, -0.00808414351195], [0.000328092253767, -0.00136309571099, 0.00141892558895, -0.00174929306377, 0.00163959851488, -0.00257540331222, 0.00163425749633, 0.00176476733759, -0.00111199717503, 0.00123297551181, 6.42651357339e-05, -0.00808414351195, 0.0160471871495]]}, "melbands": {"dmean": [0.00385731458664, 0.00432832306251, 0.000694864196703, 0.000387603417039, 0.000408244552091, 0.000266455666861, 0.000335318676662, 0.000152681241161, 3.8489299186e-05, 1.78682585101e-05, 4.34136309195e-05, 2.34845374507e-05, 1.75725690497e-05, 8.86172347236e-06, 5.72909584662e-06, 3.88997386835e-06, 4.58521708424e-06, 3.39866278409e-06, 2.36201685766e-06, 1.9875333237e-06, 2.36367350226e-06, 2.8691888474e-06, 5.261772003e-06, 2.38353231907e-06, 2.58161367128e-06, 2.67116593022e-06, 2.46023614636e-06, 2.52873087447e-06, 1.93898108591e-06, 2.294582373e-06, 3.39470238941e-06, 4.26719543611e-06, 4.1115881686e-06, 3.07310756398e-06, 2.08163828574e-06, 1.84364682809e-06, 1.67356915881e-06, 1.64692767157e-06, 1.55007012381e-06, 1.46833031067e-06], "dmean2": [0.00575928017497, 0.00703880889341, 0.0012256935006, 0.000568839896005, 0.000505930860527, 0.000369674875401, 0.000450308725704, 0.000202742798137, 5.44712638657e-05, 2.52747959166e-05, 5.71983946429e-05, 3.09587703669e-05, 2.43342583417e-05, 1.2385883565e-05, 8.79310118762e-06, 5.86011583437e-06, 6.95751350577e-06, 5.13450095241e-06, 3.55754673365e-06, 3.07261598209e-06, 3.57637713932e-06, 4.34645608038e-06, 7.84669737186e-06, 3.40948508892e-06, 3.71745431949e-06, 4.13141924582e-06, 3.74872729481e-06, 3.91823323298e-06, 2.89324930236e-06, 3.41190866493e-06, 5.25364885107e-06, 6.17997784502e-06, 6.11407995166e-06, 4.61447643829e-06, 3.02469402413e-06, 2.74575745607e-06, 2.48189030572e-06, 2.32091429098e-06, 2.16460057345e-06, 2.08470692087e-06], "dvar": [8.54569370858e-05, 0.000136327813379, 3.86747433367e-06, 6.40819450837e-07, 4.50759614523e-07, 2.10054153627e-07, 7.24285939668e-07, 1.23064822333e-07, 5.70730884775e-09, 1.41448952551e-09, 1.2475562805e-08, 2.96123658927e-09, 1.00036268158e-09, 3.5494007733e-10, 1.35408573243e-10, 5.93674207017e-11, 9.81746628437e-11, 4.56268876847e-11, 2.20444548032e-11, 1.46951166513e-11, 2.81301579252e-11, 3.85644259582e-11, 1.4178284935e-10, 2.53987924442e-11, 3.96223956423e-11, 3.5571608159e-11, 2.6633677902e-11, 2.58132959452e-11, 1.70585628956e-11, 2.70726600859e-11, 5.1753303032e-11, 9.31826074635e-11, 9.51306325381e-11, 5.03926206319e-11, 1.99890087121e-11, 1.60621273226e-11, 1.24245570429e-11, 8.41479056574e-12, 7.43121796737e-12, 8.96904685938e-12], "dvar2": [0.000176160101546, 0.000336108292686, 1.04697101051e-05, 1.58101249781e-06, 7.81377138992e-07, 4.24753096695e-07, 1.49248739945e-06, 2.57811592519e-07, 1.26380905741e-08, 3.20096704698e-09, 2.32952448442e-08, 4.99571761736e-09, 2.08184447459e-09, 7.2680889085e-10, 3.30872551579e-10, 1.37615557838e-10, 2.16343234993e-10, 9.52844053659e-11, 4.92376209249e-11, 3.3996635368e-11, 6.26125679082e-11, 9.06008532087e-11, 3.28791299742e-10, 5.54235893291e-11, 8.45191139298e-11, 8.14088033096e-11, 6.1568632137e-11, 6.2151166158e-11, 4.03186720122e-11, 6.22822765584e-11, 1.25926019612e-10, 1.94508673057e-10, 2.28322999396e-10, 1.22956020365e-10, 4.70696780164e-11, 3.97847935152e-11, 2.95975813303e-11, 1.88457305317e-11, 1.5658342678e-11, 1.9689163494e-11], "max": [0.0824757218361, 0.0814385786653, 0.0195822548121, 0.0099895298481, 0.0117151830345, 0.00964798312634, 0.0176426637918, 0.0138238184154, 0.00134397682268, 0.000665298488457, 0.00325606856495, 0.00148128019646, 0.000717930670362, 0.000453785411082, 0.000273790268693, 0.000174618064193, 0.000383196689654, 0.000247690535616, 0.000102725149191, 5.35983017471e-05, 0.000110983412014, 0.000128067244077, 0.00018921487208, 0.00010883664072, 0.000119263859233, 8.7317363068e-05, 0.000121607605251, 9.14658303373e-05, 5.17014195793e-05, 8.260289178e-05, 9.45271021919e-05, 0.000227273019846, 0.000138545365189, 9.24019477679e-05, 8.87843561941e-05, 6.67913700454e-05, 5.65978552913e-05, 5.40163637197e-05, 3.84770501114e-05, 4.59645016235e-05], "mean": [0.00443027215078, 0.0040827030316, 0.000631221919321, 0.000877650978509, 0.00129667914007, 0.000770595041104, 0.000653258000966, 0.000358196062734, 0.000105185783468, 3.87915315514e-05, 7.95893429313e-05, 5.41003537364e-05, 3.80955934816e-05, 1.73743192136e-05, 8.99371116247e-06, 6.30588465356e-06, 8.04492628959e-06, 6.32369301456e-06, 3.82149346478e-06, 2.99039515994e-06, 4.85863665745e-06, 5.84250074098e-06, 8.48783656693e-06, 3.20384401675e-06, 3.40354813488e-06, 3.34346282216e-06, 3.23391986967e-06, 3.0663918551e-06, 2.42900864578e-06, 2.7733940442e-06, 3.69363237951e-06, 5.02927832713e-06, 4.45973955721e-06, 3.36737912221e-06, 2.47686489274e-06, 2.20108654503e-06, 2.13390603676e-06, 2.16257262764e-06, 2.0693555598e-06, 1.86891759313e-06], "median": [0.00131934508681, 0.00104389921762, 0.000190679347725, 0.000454244145658, 0.000753985310439, 0.000474271422718, 0.000276163016679, 0.000206817509024, 5.14821549586e-05, 1.81870800589e-05, 3.36116863764e-05, 1.90678929357e-05, 1.80889946932e-05, 7.86831606092e-06, 4.42688087787e-06, 2.27335090131e-06, 3.44776253769e-06, 2.7858473004e-06, 1.67005168805e-06, 1.33986623041e-06, 1.20293248074e-06, 1.60372451319e-06, 1.90040282178e-06, 8.40318648443e-07, 7.59582121646e-07, 7.42462248127e-07, 9.42101678447e-07, 7.90556669017e-07, 5.98418523623e-07, 5.59754880669e-07, 7.27742531126e-07, 7.4254410265e-07, 8.26646555652e-07, 8.4165270664e-07, 6.08613220265e-07, 6.23066057415e-07, 6.12262681443e-07, 5.47128706785e-07, 5.46630644749e-07, 4.18294803239e-07], "min": [1.75060839306e-14, 5.8529121152e-15, 3.78887874647e-15, 3.41340428755e-15, 5.00063942213e-15, 3.76904843463e-15, 2.88855281552e-15, 2.80406509068e-15, 4.78568533001e-15, 6.78874460851e-15, 9.65334650866e-15, 1.10118331961e-14, 2.18073443418e-14, 2.2273039668e-14, 1.35343057833e-14, 8.20345056669e-15, 4.64633104601e-15, 2.35657821992e-15, 8.4959998648e-16, 2.18212458465e-15, 4.6270902691e-15, 4.35524520907e-15, 4.7607372451e-15, 6.02167241851e-15, 7.19234310238e-15, 3.82573103243e-15, 2.02407818933e-15, 2.28215748166e-15, 3.69692781433e-15, 2.16729092016e-15, 2.77348910711e-15, 2.87256655095e-15, 1.90142633626e-15, 4.83621380993e-15, 5.56722823088e-15, 4.24510551494e-15, 3.88139126146e-15, 6.28243320539e-15, 4.11048910973e-15, 3.39121943587e-15], "var": [9.83211793937e-05, 0.000113809139293, 2.66875485977e-06, 1.29072577693e-06, 2.4088990358e-06, 8.80139339188e-07, 1.43916804518e-06, 2.7768217592e-07, 1.79369887832e-08, 3.16102100051e-09, 2.68607838194e-08, 1.17061258464e-08, 2.84115486693e-09, 7.75869812841e-10, 1.87102167093e-10, 1.20830720429e-10, 2.52223519848e-10, 1.20744345078e-10, 4.05717751062e-11, 2.15308691015e-11, 9.92912418951e-11, 1.07386967374e-10, 2.91377144634e-10, 4.1973185344e-11, 6.61090140963e-11, 4.98124562431e-11, 4.02211007555e-11, 3.4217267908e-11, 2.26110258988e-11, 3.68002746332e-11, 5.94837443191e-11, 1.41857109393e-10, 1.02470643082e-10, 5.32427851807e-11, 2.40005428725e-11, 1.86510962924e-11, 1.60930418297e-11, 1.27305822134e-11, 1.19081064454e-11, 1.31459869032e-11]}, "mfcc": {"mean": [-686.184570312, 114.469047546, 44.8986625671, 20.2952919006, -4.75697660446, -5.10972070694, -9.76645469666, -1.12852716446, -5.22511863708, -6.3675699234, -2.51966190338, 0.274308443069, 4.01571273804], "cov": [[10281.7558594, 361.280944824, 732.875427246, 245.992202759, 411.593139648, 237.246551514, 252.340988159, 245.033508301, 255.044952393, 15.5997486115, 159.832565308, 141.444946289, 96.6938323975], [361.280944824, 2073.43359375, -204.649047852, -111.473922729, 59.5488891602, 80.7877578735, 34.2551994324, -14.6249256134, -40.1364860535, -15.8288230896, -23.2791538239, 55.468082428, 47.5928993225], [732.875427246, -204.649047852, 800.507751465, 366.596282959, 351.168640137, 176.25227356, 232.782791138, 223.163345337, 213.966781616, 140.527572632, 114.231781006, 113.22114563, 92.8365020752], [245.992202759, -111.473922729, 366.596282959, 528.737915039, 218.846740723, 158.238143921, 184.289382935, 202.847900391, 158.238479614, 122.218658447, 104.816429138, 85.5482025146, 52.5669822693], [411.593139648, 59.5488891602, 351.168640137, 218.846740723, 407.052612305, 189.120956421, 211.811737061, 185.694396973, 198.124557495, 108.880485535, 95.7140274048, 113.077758789, 71.8414306641], [237.246551514, 80.7877578735, 176.25227356, 158.238143921, 189.120956421, 279.297058105, 206.245529175, 119.346221924, 104.380149841, 107.705543518, 68.6511383057, 51.658115387, 28.4879283905], [252.340988159, 34.2551994324, 232.782791138, 184.289382935, 211.811737061, 206.245529175, 274.401428223, 159.945632935, 133.674041748, 109.905738831, 76.2050628662, 82.6455688477, 51.9162254333], [245.033508301, -14.6249256134, 223.163345337, 202.847900391, 185.694396973, 119.346221924, 159.945632935, 221.322692871, 163.365829468, 73.1480865479, 68.7149658203, 76.682975769, 59.600643158], [255.044952393, -40.1364860535, 213.966781616, 158.238479614, 198.124557495, 104.380149841, 133.674041748, 163.365829468, 215.531005859, 91.9635848999, 59.6237754822, 71.5207977295, 66.9839553833], [15.5997486115, -15.8288230896, 140.527572632, 122.218658447, 108.880485535, 107.705543518, 109.905738831, 73.1480865479, 91.9635848999, 151.974441528, 73.6265487671, 44.1189346313, 29.8068027496], [159.832565308, -23.2791538239, 114.231781006, 104.816429138, 95.7140274048, 68.6511383057, 76.2050628662, 68.7149658203, 59.6237754822, 73.6265487671, 125.440505981, 66.9874954224, 36.0330696106], [141.444946289, 55.468082428, 113.22114563, 85.5482025146, 113.077758789, 51.658115387, 82.6455688477, 76.682975769, 71.5207977295, 44.1189346313, 66.9874954224, 129.785629272, 60.5334091187], [96.6938323975, 47.5928993225, 92.8365020752, 52.5669822693, 71.8414306641, 28.4879283905, 51.9162254333, 59.600643158, 66.9839553833, 29.8068027496, 36.0330696106, 60.5334091187, 99.3495788574]], "icov": [[0.000110509012302, -3.11126241286e-05, -0.000117444564239, 3.25352011714e-05, 1.67360849446e-05, -5.71639575355e-05, -1.10979744932e-05, 3.76861753466e-05, -0.000127556442749, 0.000224495553994, -0.000157954607857, 1.79145881702e-05, 5.23821763636e-05], [-3.11126241286e-05, 0.000567263748962, 0.000288565992378, 7.7060845797e-05, -0.000313763070153, -0.00026351067936, 7.52630730858e-05, -0.000119669392006, 0.000445790763479, -0.000128700994537, 0.000369678804418, -0.000302914733766, -0.000428441155236], [-0.000117444564239, 0.000288565992378, 0.00271888426505, -0.000938480719924, -0.00154722144362, 0.000452685228083, -0.000428522820584, -0.000257301493548, 0.000271833065199, -0.00066796556348, 0.000255272345385, 0.00021189499239, -0.000905272841919], [3.25352011714e-05, 7.7060845797e-05, -0.000938480719924, 0.00362146738917, 9.73674614215e-05, -0.000406342645874, 0.000143971556099, -0.00229761144146, 0.000425259000622, -0.000809184100945, -0.000678901735228, -0.000153468354256, 0.000537236221135], [1.67360849446e-05, -0.000313763070153, -0.00154722144362, 9.73674614215e-05, 0.00706614926457, -0.00167696666904, -0.00106467411388, 0.000198073670617, -0.00370818935335, 0.00113966304343, -0.000871179741807, -0.00186206656508, 0.000945776584558], [-5.71639575355e-05, -0.00026351067936, 0.000452685228083, -0.000406342645874, -0.00167696666904, 0.00933990627527, -0.00576381431893, 0.000117412724649, 0.000636110315099, -0.00216008047573, -0.000634285388514, 0.00170116266236, 0.000862568675075], [-1.10979744932e-05, 7.52630730858e-05, -0.000428522820584, 0.000143971556099, -0.00106467411388, -0.00576381431893, 0.0122119178995, -0.00410447223112, 0.00113401468843, -0.00225715734996, 0.00112994050141, -0.00212488602847, -0.000400060787797], [3.76861753466e-05, -0.000119669392006, -0.000257301493548, -0.00229761144146, 0.000198073670617, 0.000117412724649, -0.00410447223112, 0.0151734277606, -0.00802657287568, 0.00344548770227, -0.00180302781519, -0.00048506364692, -0.000330462877173], [-0.000127556442749, 0.000445790763479, 0.000271833065199, 0.000425259000622, -0.00370818935335, 0.000636110315099, 0.00113401468843, -0.00802657287568, 0.0153551409021, -0.00511634303257, 0.00252899923362, 0.000100267585367, -0.003642906202], [0.000224495553994, -0.000128700994537, -0.00066796556348, -0.000809184100945, 0.00113966304343, -0.00216008047573, -0.00225715734996, 0.00344548770227, -0.00511634303257, 0.0139514412731, -0.00563784269616, 0.00092616956681, 0.000547626637854], [-0.000157954607857, 0.000369678804418, 0.000255272345385, -0.000678901735228, -0.000871179741807, -0.000634285388514, 0.00112994050141, -0.00180302781519, 0.00252899923362, -0.00563784269616, 0.0150456940755, -0.00523625034839, -0.00087979005184], [1.79145881702e-05, -0.000302914733766, 0.00021189499239, -0.000153468354256, -0.00186206656508, 0.00170116266236, -0.00212488602847, -0.00048506364692, 0.000100267585367, 0.00092616956681, -0.00523625034839, 0.0151783172041, -0.00542349927127], [5.23821763636e-05, -0.000428441155236, -0.000905272841919, 0.000537236221135, 0.000945776584558, 0.000862568675075, -0.000400060787797, -0.000330462877173, -0.003642906202, 0.000547626637854, -0.00087979005184, -0.00542349927127, 0.0161729082465]]}, "spectral_contrast_coeffs": {"dmean": [0.0466265715659, 0.0406591296196, 0.0353335179389, 0.0285044219345, 0.0206800475717, 0.019991884008], "dmean2": [0.070128262043, 0.0626439005136, 0.0538419820368, 0.0448267459869, 0.0328527539968, 0.031668830663], "dvar": [0.00199741171673, 0.00154024886433, 0.00100217945874, 0.00058783008717, 0.00032258903957, 0.000393136055209], "dvar2": [0.00466405460611, 0.00351127423346, 0.00224555516616, 0.00129976391327, 0.000784004281741, 0.000927855842747], "max": [-0.218816399574, -0.358291208744, -0.505493342876, -0.597719371319, -0.650214791298, -0.659786522388], "mean": [-0.603437304497, -0.646989583969, -0.736924350262, -0.78629308939, -0.796677231789, -0.796811401844], "median": [-0.620900511742, -0.643658638, -0.737732291222, -0.789227604866, -0.798772454262, -0.797961175442], "min": [-0.939903736115, -0.968124091625, -0.970277667046, -0.940970182419, -0.943562626839, -0.927807569504], "var": [0.0164199844003, 0.00730254640803, 0.00518182478845, 0.00301507045515, 0.00154910888523, 0.00146394327749]}, "spectral_contrast_valleys": {"dmean": [0.484879910946, 0.367124557495, 0.368504285812, 0.391566008329, 0.403815031052, 0.508454442024], "dmean2": [0.687667012215, 0.5299898386, 0.52520865202, 0.539273262024, 0.489537268877, 0.505708038807], "dvar": [0.336759537458, 0.138073548675, 0.13628295064, 0.156892448664, 0.159132406116, 0.193415731192], "dvar2": [0.578871190548, 0.252879947424, 0.243570521474, 0.275239109993, 0.277794837952, 0.315375417471], "max": [-4.77904653549, -4.8261013031, -5.85937738419, -6.49405241013, -6.03094577789, -7.50403738022], "mean": [-7.67984676361, -7.12803125381,