{"lowlevel": {"average_loudness": 0.824760615826, "barkbands_crest": {"dmean": 2.90939903259, "dmean2": 4.72771883011, "dvar": 7.94194507599, "dvar2": 16.9462165833, "max": 26.2681999207, "mean": 12.2694969177, "median": 11.5881309509, "min": 2.18483138084, "var": 22.1840648651}, "barkbands_flatness_db": {"dmean": 0.0497927926481, "dmean2": 0.0675163418055, "dvar": 0.00363580859266, "dvar2": 0.00697704544291, "max": 0.5797098279, "mean": 0.254595786333, "median": 0.276212602854, "min": 0.0308304633945, "var": 0.0122030302882}, "barkbands_kurtosis": {"dmean": 6.89807367325, "dmean2": 11.1581678391, "dvar": 173.489059448, "dvar2": 460.173248291, "max": 213.140701294, "mean": 8.09270763397, "median": 2.8009595871, "min": -1.8028819561, "var": 253.513870239}, "barkbands_skewness": {"dmean": 0.832350432873, "dmean2": 1.29937744141, "dvar": 0.899641394615, "dvar2": 2.45614528656, "max": 9.60925102234, "mean": 1.80613875389, "median": 1.61989784241, "min": -1.68360674381, "var": 2.68978571892}, "barkbands_spread": {"dmean": 7.37314939499, "dmean2": 11.7514343262, "dvar": 192.662216187, "dvar2": 435.657012939, "max": 115.527580261, "mean": 18.5901794434, "median": 9.19260787964, "min": 0.385148853064, "var": 702.336486816}, "dissonance": {"dmean": 0.0372950993478, "dmean2": 0.0624667555094, "dvar": 0.00138590473216, "dvar2": 0.00353369233198, "max": 0.499970197678, "mean": 0.435281932354, "median": 0.448658466339, "min": 0.176993697882, "var": 0.00293249078095}, "dynamic_complexity": 6.90714693069, "erbbands_crest": {"dmean": 3.07340979576, "dmean2": 4.89531373978, "dvar": 8.84004688263, "dvar2": 19.2614154816, "max": 28.6736030579, "mean": 10.5214128494, "median": 9.16715049744, "min": 2.65226078033, "var": 26.5299320221}, "erbbands_flatness_db": {"dmean": 0.0386853963137, "dmean2": 0.053017500788, "dvar": 0.00208524637856, "dvar2": 0.00384397408925, "max": 0.458704382181, "mean": 0.243770807981, "median": 0.254658818245, "min": 0.0345656871796, "var": 0.0103381676599}, "erbbands_kurtosis": {"dmean": 2.04609417915, "dmean2": 3.17687273026, "dvar": 14.9282169342, "dvar2": 32.2395706177, "max": 54.4154090881, "mean": 1.73551738262, "median": 0.0155439376831, "min": -1.74069714546, "var": 29.1926765442}, "erbbands_skewness": {"dmean": 0.563401401043, "dmean2": 0.895449221134, "dvar": 0.343942970037, "dvar2": 0.827904820442, "max": 5.79654979706, "mean": 0.594111740589, "median": 0.419381856918, "min": -1.92802631855, "var": 1.08608078957}, "erbbands_spread": {"dmean": 8.53290367126, "dmean2": 13.8214120865, "dvar": 155.324676514, "dvar2": 320.620635986, "max": 115.031234741, "mean": 26.8191699982, "median": 25.010175705, "min": 1.76388990879, "var": 290.89743042}, "hfc": {"dmean": 3.93617725372, "dmean2": 6.20656251907, "dvar": 44.2716903687, "dvar2": 107.614830017, "max": 78.2037277222, "mean": 9.70317649841, "median": 6.25537586212, "min": 1.20048285548e-16, "var": 147.13999939}, "melbands_crest": {"dmean": 3.65181469917, "dmean2": 6.12226200104, "dvar": 14.0329504013, "dvar2": 34.0204963684, "max": 34.8869934082, "mean": 15.9149837494, "median": 15.3534755707, "min": 1.9791893959, "var": 31.3458137512}, "melbands_flatness_db": {"dmean": 0.0584660433233, "dmean2": 0.0798452124, "dvar": 0.00529838586226, "dvar2": 0.010682195425, "max": 0.743904769421, "mean": 0.335539162159, "median": 0.352806717157, "min": 0.00686899572611, "var": 0.0200415588915}, "melbands_kurtosis": {"dmean": 8.28211021423, "dmean2": 13.4032392502, "dvar": 197.691497803, "dvar2": 522.503295898, "max": 165.450134277, "mean": 12.7733726501, "median": 6.83226490021, "min": -1.66856706142, "var": 352.838134766}, "melbands_skewness": {"dmean": 0.791836023331, "dmean2": 1.27339959145, "dvar": 0.708349466324, "dvar2": 1.79813301563, "max": 9.80971717834, "mean": 2.4547727108, "median": 2.18749594688, "min": -0.85712826252, "var": 2.38431096077}, "melbands_spread": {"dmean": 6.32292127609, "dmean2": 10.4846544266, "dvar": 131.822631836, "dvar2": 317.231109619, "max": 218.493026733, "mean": 22.8487377167, "median": 9.8152141571, "min": 0.504032850266, "var": 1984.28039551}, "pitch_salience": {"dmean": 0.0880617126822, "dmean2": 0.145281508565, "dvar": 0.00882833916694, "dvar2": 0.0213916618377, "max": 0.925201892853, "mean": 0.526533603668, "median": 0.530243515968, "min": 0.13414464891, "var": 0.0159182120115}, "silence_rate_20dB": {"dmean": 0, "dmean2": 0, "dvar": 0, "dvar2": 0, "max": 1, "mean": 1, "median": 1, "min": 1, "var": 0}, "silence_rate_30dB": {"dmean": 0.00974930357188, "dmean2": 0.0195121951401, "dvar": 0.0096543841064, "dvar2": 0.0233129821718, "max": 1, "mean": 0.991649270058, "median": 1, "min": 0, "var": 0.0082809207961}, "silence_rate_60dB": {"dmean": 0.0766016691923, "dmean2": 0.153310105205, "dvar": 0.0707331225276, "dvar2": 0.145134747028, "max": 1, "mean": 0.277661800385, "median": 0, "min": 0, "var": 0.200568899512}, "spectral_centroid": {"dmean": 236.389358521, "dmean2": 386.856414795, "dvar": 184004.1875, "dvar2": 396891.78125, "max": 11263.1660156, "mean": 912.412231445, "median": 570.210693359, "min": 181.594009399, "var": 922530.625}, "spectral_complexity": {"dmean": 2.28551530838, "dmean2": 3.72543549538, "dvar": 9.7722120285, "dvar2": 24.5071697235, "max": 34, "mean": 9.49478054047, "median": 8, "min": 0, "var": 68.8287200928}, "spectral_decrease": {"dmean": 1.85762361049e-09, "dmean2": 2.64599520072e-09, "dvar": 1.22987934899e-17, "dvar2": 2.64826621126e-17, "max": 3.49834078434e-18, "mean": -4.88131890464e-09, "median": -3.92274612793e-09, "min": -5.94552247435e-08, "var": 3.21188772462e-17}, "spectral_energy": {"dmean": 0.00727500440553, "dmean2": 0.0103726089001, "dvar": 0.000186053017387, "dvar2": 0.000402093253797, "max": 0.231490701437, "mean": 0.0193033255637, "median": 0.0154835926369, "min": 1.11323049281e-20, "var": 0.000495727697853}, "spectral_energyband_high": {"dmean": 8.99007209227e-05, "dmean2": 0.000152607361088, "dvar": 8.5166647068e-08, "dvar2": 2.13725016351e-07, "max": 0.00474391877651, "mean": 6.77895295667e-05, "median": 3.88858734368e-06, "min": 8.05665354015e-21, "var": 6.67282336053e-08}, "spectral_energyband_low": {"dmean": 0.0016134417383, "dmean2": 0.00241722399369, "dvar": 1.13446385512e-05, "dvar2": 2.49926524702e-05, "max": 0.0482941120863, "mean": 0.00296161230654, "median": 0.000204013573239, "min": 3.05959228773e-23, "var": 2.4935701731e-05}, "spectral_energyband_middle_high": {"dmean": 0.00123871350661, "dmean2": 0.002084515756, "dvar": 6.51001937513e-06, "dvar2": 1.65201890923e-05, "max": 0.0433406382799, "mean": 0.00262388051488, "median": 0.000627988076303, "min": 1.7290944489e-21, "var": 2.41454035859e-05}, "spectral_energyband_middle_low": {"dmean": 0.00560456793755, "dmean2": 0.00796691514552, "dvar": 0.000170325787622, "dvar2": 0.000365734304069, "max": 0.230245217681, "mean": 0.0137972440571, "median": 0.00762683944777, "min": 3.30859017402e-22, "var": 0.000405401427997}, "spectral_entropy": {"dmean": 0.400326967239, "dmean2": 0.568758010864, "dvar": 0.278174191713, "dvar2": 0.554064035416, "max": 9.80192375183, "mean": 6.78570890427, "median": 6.77408075333, "min": 4.35557508469, "var": 0.978055179119}, "spectral_flux": {"dmean": 0.0199879519641, "dmean2": 0.0319287404418, "dvar": 0.000562299450394, "dvar2": 0.00125668337569, "max": 0.314607769251, "mean": 0.0590173862875, "median": 0.0575191937387, "min": 1.05509739834e-10, "var": 0.00182183482684}, "spectral_kurtosis": {"dmean": 14.2114839554, "dmean2": 21.9859466553, "dvar": 389.131866455, "dvar2": 839.623535156, "max": 234.525588989, "mean": 25.7959785461, "median": 16.0382976532, "min": -1.19096112251, "var": 1006.64465332}, "spectral_rms": {"dmean": 0.000757103785872, "dmean2": 0.00102641794365, "dvar": 8.2844866256e-07, "dvar2": 1.57105148446e-06, "max": 0.0150281265378, "mean": 0.00354435783811, "median": 0.00388663657941, "min": 3.29557063063e-12, "var": 6.27003601039e-06}, "spectral_rolloff": {"dmean": 932.585388184, "dmean2": 1714.80871582, "dvar": 7339020, "dvar2": 18925172, "max": 18583.1542969, "mean": 2243.85668945, "median": 581.396484375, "min": 64.599609375, "var": 21069428}, "spectral_skewness": {"dmean": 0.978190481663, "dmean2": 1.49692332745, "dvar": 1.26962327957, "dvar2": 2.82407855988, "max": 12.9049396515, "mean": 3.22314071655, "median": 2.70284843445, "min": -0.0323689132929, "var": 3.97961997986}, "spectral_spread": {"dmean": 1077943.75, "dmean2": 1532352.125, "dvar": 3019448254460.0, "dvar2": 5169377968130.0, "max": 40794568, "mean": 3652966, "median": 2036619.625, "min": 455448.71875, "var": 12431578366000.0}, "spectral_strongpeak": {"dmean": 0.322580069304, "dmean2": 0.52054309845, "dvar": 0.366733103991, "dvar2": 0.927003085613, "max": 7.28694200516, "mean": 0.57277238369, "median": 0.308379113674, "min": 0, "var": 0.704540133476}, "zerocrossingrate": {"dmean": 0.0156338401139, "dmean2": 0.0197684150189, "dvar": 0.000841267348733, "dvar2": 0.00109918392263, "max": 0.7080078125, "mean": 0.0751558989286, "median": 0.03076171875, "min": 0.00244140625, "var": 0.0196096934378}, "barkbands": {"dmean": [6.7330271122e-05, 0.00102174584754, 0.000724987126887, 0.000248771102633, 0.00205661333166, 0.00370021606795, 0.000531370867975, 0.000395811657654, 0.000475944922073, 0.000180241666385, 0.000146715654409, 0.00033636300941, 0.000407125044148, 0.0003447739291, 0.000316304212902, 0.000137938302942, 8.85546105565e-05, 5.12261613039e-05, 3.65971463907e-05, 2.21948830585e-05, 1.19197329695e-05, 3.94963717554e-06, 3.16591786031e-06, 4.73788486488e-06, 1.21640032376e-05, 3.50635964423e-05, 1.10927212518e-05], "dmean2": [0.000116423208965, 0.00147515640128, 0.00115825096145, 0.000447908096248, 0.00297976960428, 0.00533910933882, 0.000786178454291, 0.000623581116088, 0.000789548852481, 0.000309815106448, 0.000255514692981, 0.000593904696871, 0.000682924001012, 0.000603892782237, 0.000551951816306, 0.000232365593547, 0.000143910787301, 8.82267631823e-05, 6.41376682324e-05, 4.10628199461e-05, 2.2183136025e-05, 7.16491194908e-06, 5.49122387383e-06, 7.90965896158e-06, 2.05321539397e-05, 5.74412915739e-05, 1.87946407095e-05], "dvar": [5.37121742639e-08, 4.42610098617e-06, 3.61519164471e-06, 4.94649214033e-07, 1.73681783053e-05, 0.000143079261761, 2.96468419947e-06, 5.3943574585e-07, 7.1331186291e-07, 1.52722506641e-07, 2.53312862242e-07, 6.31606610568e-07, 8.66893515195e-07, 1.57685099111e-06, 7.54804602821e-07, 1.09157070938e-07, 6.51955360809e-08, 1.43695118027e-08, 7.07148428702e-09, 6.85447565374e-09, 1.57016566416e-09, 1.99798386169e-10, 1.15063250594e-10, 2.31092839309e-10, 2.38412511955e-09, 1.86656681223e-08, 1.75305003847e-09], "dvar2": [1.56289956976e-07, 9.73734222498e-06, 7.72519433667e-06, 1.33466369334e-06, 3.67106840713e-05, 0.000312318356009, 5.19118884768e-06, 1.241725613e-06, 1.93921391656e-06, 4.09579371308e-07, 7.15569285603e-07, 1.66964571235e-06, 2.18790978579e-06, 4.6607715376e-06, 2.10286862057e-06, 2.97130725357e-07, 1.45503236126e-07, 3.9932373852e-08, 1.90859950067e-08, 1.99387955035e-08, 4.50104931105e-09, 5.69809310846e-10, 3.06662389926e-10, 5.81317383119e-10, 6.09904082793e-09, 4.54584849763e-08, 4.33356461826e-09], "max": [0.00437438255176, 0.0249033719301, 0.0211898609996, 0.0118353646249, 0.0709472149611, 0.213179588318, 0.0465022288263, 0.00834697298706, 0.00902035832405, 0.00393943209201, 0.00938250869513, 0.0159390866756, 0.0122290588915, 0.0200482495129, 0.0178588461131, 0.00430354522541, 0.00540589122102, 0.00158446456771, 0.00092252070317, 0.00109664408956, 0.000398841744754, 0.000134258370963, 0.000174599073944, 0.000256043014815, 0.000901304418221, 0.00257943174802, 0.000680065888446], "mean": [8.36963517941e-05, 0.00182518560905, 0.000927557761315, 0.000231319936574, 0.00513848103583, 0.00647954735905, 0.000791809230577, 0.000498079694808, 0.000609551090747, 0.000217649139813, 0.000156000518473, 0.000360481295502, 0.000545736926142, 0.000453772430774, 0.000439396884758, 0.000206979864743, 0.000142206277815, 7.49910032027e-05, 4.2239564209e-05, 1.81337527465e-05, 8.10008805274e-06, 2.63572769654e-06, 2.15772297452e-06, 3.46772753801e-06, 9.18730256672e-06, 2.6586383683e-05, 8.3966560851e-06], "median": [1.83453539648e-06, 8.07025353424e-05, 3.15958604915e-05, 2.88680694212e-05, 0.0017886608839, 0.00169570720755, 0.000226648582611, 0.000152884036652, 9.16449280339e-05, 4.2362822569e-05, 1.23080526464e-05, 5.85274028708e-05, 4.25156977144e-05, 1.83571428352e-05, 5.40095279575e-05, 2.32005240832e-05, 9.97171810013e-06, 3.93441587221e-06, 3.36522884936e-06, 1.33868695684e-06, 5.68102393572e-07, 1.90674029454e-07, 4.24526191978e-08, 3.33172920364e-08, 4.12305993791e-08, 3.00748155269e-08, 6.93776547322e-09], "min": [1.17669726952e-23, 4.12561473884e-24, 7.77206431979e-24, 1.17399904968e-23, 6.15892423243e-23, 4.42760710166e-23, 2.62787017132e-23, 7.6494175905e-23, 1.0969942662e-22, 8.83036697808e-23, 3.10109236669e-23, 1.08105309125e-22, 1.81655127965e-22, 1.39195693173e-22, 1.1143590511e-22, 1.82737445127e-22, 1.78297925279e-22, 1.67853596221e-22, 3.41656314383e-22, 4.36560269762e-22, 4.64564857141e-22, 5.63274353257e-22, 7.86040594956e-22, 9.82133291126e-22, 1.17093948737e-21, 1.72170556114e-21, 2.2680686551e-21], "var": [6.32218686292e-08, 1.02039257399e-05, 5.74845535084e-06, 3.97961485987e-07, 6.52876260574e-05, 0.000230287361774, 6.30857630313e-06, 8.00789337063e-07, 1.02624733245e-06, 2.0239957621e-07, 2.68192195563e-07, 7.84667690823e-07, 1.36436062803e-06, 2.04542334359e-06, 1.46338015838e-06, 1.98361334469e-07, 1.67235313597e-07, 2.69934918862e-08, 8.37793479036e-09, 3.99378929927e-09, 9.00271357462e-10, 1.16841078479e-10, 8.04493832662e-11, 1.84356474531e-10, 1.82617265754e-09, 1.53388786117e-08, 1.40331024578e-09]}, "erbbands": {"dmean": [0.029159327969, 0.250593572855, 0.745992839336, 0.893086612225, 2.7197291851, 7.70474481583, 21.8103713989, 33.30103302, 11.544962883, 5.29901027679, 9.14160728455, 11.4703645706, 5.48487186432, 5.97001647949, 8.4543800354, 13.1277341843, 17.975440979, 14.602766037, 17.886133194, 12.2141313553, 6.48960208893, 4.74673223495, 2.95498228073, 2.12666726112, 1.53240501881, 1.06815576553, 0.640755832195, 0.316496491432, 0.159404218197, 0.101580150425, 0.0833913758397, 0.0937329009175, 0.0842110738158, 0.0879125446081, 0.118622243404, 0.121443659067, 0.0685837492347, 0.021120198071, 0.00165401992854, 4.63929281977e-05], "dmean2": [0.0416915826499, 0.358831673861, 1.1903835535, 1.5118752718, 4.41616344452, 10.9490585327, 31.4622306824, 47.6165161133, 16.597864151, 8.34509468079, 14.5594882965, 18.9883804321, 9.18743133545, 10.2289562225, 15.0158472061, 22.7191696167, 29.9230518341, 25.4522914886, 31.5048370361, 21.064622879, 10.9049682617, 7.59969854355, 5.01527118683, 3.68815732002, 2.74012708664, 1.96567130089, 1.18827867508, 0.586825311184, 0.288834154606, 0.182420730591, 0.141824528575, 0.157592967153, 0.1371422261, 0.146866768599, 0.194902986288, 0.19583748281, 0.111559540033, 0.0357092879713, 0.0028211963363, 7.71353661548e-05], "dvar": [0.00423989025876, 0.257935643196, 4.23120307922, 4.67919397354, 66.0079345703, 187.069137573, 2482.44628906, 12693.4501953, 1749.8137207, 92.1949462891, 257.089416504, 423.884216309, 144.033706665, 245.121749878, 511.62713623, 1012.42016602, 1580.64868164, 3207.47045898, 1791.25402832, 2393.4152832, 226.882980347, 190.983413696, 44.7439537048, 22.1106128693, 19.8439102173, 14.7278394699, 4.54742002487, 1.114818573, 0.31634452939, 0.102522075176, 0.0866729170084, 0.0968381091952, 0.0755382031202, 0.124385982752, 0.211152270436, 0.226609930396, 0.0684681534767, 0.00652930513024, 4.08667656302e-05, 2.59187373786e-08], "dvar2": [0.00952619314194, 0.580731749535, 8.81046009064, 13.0463628769, 182.948608398, 400.935699463, 4859.34472656, 28032.8359375, 3623.25610352, 204.574371338, 607.080810547, 1124.42016602, 410.338195801, 677.865661621, 1326.32653809, 2633.63793945, 3813.07763672, 9322.07617188, 5314.58251953, 6794.35449219, 600.749023438, 467.445739746, 121.271461487, 60.286529541, 55.8168754578, 42.7114562988, 13.0262117386, 3.20208096504, 0.903056502342, 0.283968806267, 0.227989569306, 0.251204848289, 0.187247857451, 0.312115699053, 0.542199552059, 0.54085367918, 0.16948799789, 0.0163015909493, 0.000100880715763, 6.46344275879e-08], "max": [1.01342272758, 5.68533039093, 22.8922519684, 34.6524963379, 148.259185791, 249.465332031, 854.632873535, 1865.23291016, 909.227294922, 183.638366699, 166.327651978, 236.559494019, 151.290161133, 264.011566162, 324.197540283, 777.090637207, 518.76776123, 1178.72546387, 629.06652832, 1209.48425293, 275.338439941, 263.258361816, 85.539100647, 50.4235839844, 49.4331550598, 48.8879127502, 22.2385234833, 8.90744495392, 6.43260574341, 3.10910558701, 5.41367197037, 5.38321208954, 4.37600755692, 7.29430007935, 7.82623958588, 9.15137577057, 4.86773967743, 1.32891178131, 0.113537833095, 0.00299861398526], "mean": [0.0532199256122, 0.415747880936, 1.04045891762, 1.01013302803, 4.5391740799, 19.2411804199, 45.5246925354, 52.0452919006, 17.92552948, 8.13170146942, 12.940990448, 14.8022985458, 7.49563074112, 7.32235002518, 9.14899921417, 15.4013719559, 25.274646759, 21.824426651, 25.3841228485, 18.5252456665, 10.6763973236, 7.94401979446, 4.779753685, 2.79821014404, 1.57617294788, 0.902241647243, 0.460999131203, 0.210062742233, 0.10587067157, 0.0673282295465, 0.0584226027131, 0.0659589096904, 0.0627695694566, 0.0688276961446, 0.0868427604437, 0.0934592634439, 0.0506066270173, 0.0158090256155, 0.0012693030294, 5.30041288584e-05], "median": [0.00131628615782, 0.0154725890607, 0.0388893783092, 0.197232812643, 1.18893885612, 4.88511705399, 15.5534477234, 13.8005609512, 4.84263181686, 3.87548613548, 5.89001178741, 2.96029496193, 1.1637711525, 1.60000085831, 1.66503596306, 2.7599773407, 2.35431528091, 1.29009974003, 3.31595206261, 1.29416322708, 1.50747108459, 0.655322253704, 0.278512567282, 0.233642026782, 0.138320356607, 0.0733045637608, 0.0345435291529, 0.0153997456655, 0.00804876536131, 0.00270407856442, 0.00112387072295, 0.000675862538628, 0.00063809461426, 0.000447848928161, 0.000306111003738, 0.000144579214975, 4.97974579048e-05, 1.4328647012e-05, 1.58585480676e-05, 2.25862950174e-05], "min": [3.21887460099e-22, 4.68552277649e-22, 5.54854337207e-21, 3.58412577281e-20, 1.06976845241e-19, 2.93622570129e-19, 6.49573173564e-20, 4.17156902283e-19, 5.84550392617e-19, 3.98999951795e-19, 2.39676678502e-18, 2.8354357599e-18, 1.44207638444e-18, 2.87428243621e-18, 3.23196546604e-18, 3.5094229366e-18, 8.90114002481e-18, 5.81043177839e-18, 8.82896520764e-18, 7.16500951461e-18, 8.0867873292e-18, 1.20836115525e-17, 7.79879116405e-18, 1.55898928571e-17, 1.63714974723e-17, 2.11824973745e-17, 1.69393288387e-17, 2.03178272823e-17, 2.06209492721e-17, 1.85437068481e-17, 2.15737703479e-17, 2.40805527748e-17, 1.50717568476e-17, 1.30797007918e-17, 8.5700709108e-18, 4.75431693719e-18, 3.50882695297e-18, 1.34089544511e-18, 3.52195125906e-19, 3.38496329953e-20], "var": [0.00934222433716, 0.549851775169, 6.53810787201, 4.3083729744, 105.494842529, 767.529052734, 6431.94384766, 18762.6523438, 2786.85327148, 192.639587402, 387.514007568, 606.040710449, 257.945556641, 286.62991333, 531.06060791, 1455.40148926, 2766.68237305, 4203.02734375, 3111.41821289, 3783.56298828, 497.16027832, 474.706420898, 107.168685913, 34.9871788025, 15.6481122971, 8.75935649872, 2.62824201584, 0.634542047977, 0.184752225876, 0.0649137794971, 0.0626249834895, 0.0724086016417, 0.0621761605144, 0.098879776895, 0.161912471056, 0.193146139383, 0.0550926215947, 0.00512467697263, 3.27399757225e-05, 2.14623501194e-08]}, "gfcc": {"mean": [-213.966156006, 138.788146973, -107.778160095, -12.1944332123, -30.1718959808, -22.8891220093, -38.8491897583, -6.56963777542, -22.1428146362, 3.30805325508, -6.65510034561, 0.201381951571, -2.96632361412], "cov": [[57790.8398438, 11130.3037109, -4463.70947266, -914.944702148, -524.477661133, -2826.18774414, -2258.6652832, -1974.17736816, -828.600341797, -287.814331055, -427.096496582, -300.096679688, -51.3605270386], [11130.3037109, 7510.92529297, -1872.25830078, -496.628967285, 423.41229248, -1294.20825195, -171.860702515, -1094.0723877, 209.839553833, -570.274963379, 259.547363281, -393.007629395, 591.55480957], [-4463.70947266, -1872.25830078, 4919.62255859, 1153.1730957, -79.6950302124, 1780.83959961, 333.169372559, 1369.0411377, 258.659820557, 466.767456055, 69.7843475342, 136.627670288, -389.362762451], [-914.944702148, -496.628967285, 1153.1730957, 730.476928711, 56.5200119019, 483.336273193, 271.622741699, 368.869384766, 76.6875534058, 131.831054688, 22.4981651306, 20.2412090302, -114.921394348], [-524.477661133, 423.41229248, -79.6950302124, 56.5200119019, 275.619598389, 49.1266098022, 102.568367004, -47.4743423462, 72.1137771606, -37.4737052917, 34.4683647156, -46.2557830811, 74.5505981445], [-2826.18774414, -1294.20825195, 1780.83959961, 483.336273193, 49.1266098022, 1020.13299561, 211.237503052, 659.442138672, 93.8341293335, 243.896347046, 15.7009954453, 91.6196899414, -190.548919678], [-2258.6652832, -171.860702515, 333.169372559, 271.622741699, 102.568367004, 211.237503052, 328.59588623, 154.560653687, 104.959579468, 16.8904857635, 68.0207748413, -0.581887900829, 7.68195295334], [-1974.17736816, -1094.0723877, 1369.0411377, 368.869384766, -47.4743423462, 659.442138672, 154.560653687, 566.489624023, 81.7654342651, 206.230239868, 17.6116428375, 85.6169509888, -167.464324951], [-828.600341797, 209.839553833, 258.659820557, 76.6875534058, 72.1137771606, 93.8341293335, 104.959579468, 81.7654342651, 151.37802124, 32.5020332336, 52.6229972839, -18.1835098267, 24.3140125275], [-287.814331055, -570.274963379, 466.767456055, 131.831054688, -37.4737052917, 243.896347046, 16.8904857635, 206.230239868, 32.5020332336, 151.20703125, 10.9678411484, 48.8451042175, -96.7369003296], [-427.096496582, 259.547363281, 69.7843475342, 22.4981651306, 34.4683647156, 15.7009954453, 68.0207748413, 17.6116428375, 52.6229972839, 10.9678411484, 93.2029800415, 5.2612323761, 26.975019455], [-300.096679688, -393.007629395, 136.627670288, 20.2412090302, -46.2557830811, 91.6196899414, -0.581887900829, 85.6169509888, -18.1835098267, 48.8451042175, 5.2612323761, 79.6672897339, -26.5622463226], [-51.3605270386, 591.55480957, -389.362762451, -114.921394348, 74.5505981445, -190.548919678, 7.68195295334, -167.464324951, 24.3140125275, -96.7369003296, 26.975019455, -26.5622463226, 150.291000366]], "icov": [[8.02715803729e-05, -0.000226879681577, 5.5079923186e-05, -0.000145412734128, 1.33077228384e-05, 0.000107642888906, 0.0002437052608, -6.64005056024e-05, 0.000345436041243, -0.000608665926848, 0.000594994693529, -0.000379937351681, 0.000373778282665], [-0.000226879681577, 0.00102171488106, -0.000171290579601, 0.000122417361126, -0.000133496301714, -0.000262196612312, 6.45820546197e-05, 0.000437866139691, -0.00157164677512, 0.00266801915132, -0.00295774964616, 0.00194111722521, -0.00138532789424], [5.5079923186e-05, -0.000171290579601, 0.00100460485555, -0.000884755456354, 0.00053891655989, -0.000851656717714, 0.00126441789325, -0.00138591660652, -0.000625429966021, 0.000655622628983, -0.00034665473504, 0.000229972516536, 0.000289177027298], [-0.000145412734128, 0.000122417361126, -0.000884755456354, 0.00402459083125, -0.000694373738952, 0.00037632510066, -0.00405328394845, 0.000123136254842, 0.00142935325857, -0.00176360679325, 0.00116231408902, 0.000884148466866, 9.34499610139e-07], [1.33077228384e-05, -0.000133496301714, 0.00053891655989, -0.000694373738952, 0.00681062368676, -0.00287015642971, -0.000607831636444, 0.00226812041365, -0.00180644041393, -0.000133677516715, -0.000224058007007, 0.00233990815468, -0.00240377453156], [0.000107642888906, -0.000262196612312, -0.000851656717714, 0.00037632510066, -0.00287015642971, 0.00605473807082, -0.000830527453218, -0.00447134999558, 0.00246069557033, -0.00272422307171, 0.00208060187288, -0.00105935952161, 0.000598407350481], [0.0002437052608, 6.45820546197e-05, 0.00126441789325, -0.00405328394845, -0.000607831636444, -0.000830527453218, 0.0105347139761, -0.00233991886489, -0.00384847028181, 0.00545823574066, -0.00466508092359, -0.000281027460005, 0.00103172962554], [-6.64005056024e-05, 0.000437866139691, -0.00138591660652, 0.000123136254842, 0.00226812041365, -0.00447134999558, -0.00233991886489, 0.014168433845, -0.00319525389932, -0.00252475962043, 5.34473329026e-05, -0.00297131482512, 0.00222742324695], [0.000345436041243, -0.00157164677512, -0.000625429966021, 0.00142935325857, -0.00180644041393, 0.00246069557033, -0.00384847028181, -0.00319525389932, 0.0175257939845, -0.0115833831951, 0.0020596308168, 0.00354885589331, -0.0036045270972], [-0.000608665926848, 0.00266801915132, 0.000655622628983, -0.00176360679325, -0.000133677516715, -0.00272422307171, 0.00545823574066, -0.00252475962043, -0.0115833831951, 0.0304229557514, -0.0120267607272, -0.00238264468499, 0.00635422999039], [0.000594994693529, -0.00295774964616, -0.00034665473504, 0.00116231408902, -0.000224058007007, 0.00208060187288, -0.00466508092359, 5.34473329026e-05, 0.0020596308168, -0.0120267607272, 0.025277370587, -0.00821705255657, 0.000819395703729], [-0.000379937351681, 0.00194111722521, 0.000229972516536, 0.000884148466866, 0.00233990815468, -0.00105935952161, -0.000281027460005, -0.00297131482512, 0.00354885589331, -0.00238264468499, -0.00821705255657, 0.0258722845465, -0.00835890322924], [0.000373778282665, -0.00138532789424, 0.000289177027298, 9.34499610139e-07, -0.00240377453156, 0.000598407350481, 0.00103172962554, 0.00222742324695, -0.0036045270972, 0.00635422999039, 0.000819395703729, -0.00835890322924, 0.0204131212085]]}, "melbands": {"dmean": [0.000274035148323, 0.000350741029251, 0.000171522769961, 0.000392194982851, 0.000671991321724, 0.000715050613508, 0.000164767945535, 6.3607832999e-05, 7.6245800301e-05, 6.89611042617e-05, 2.6928340958e-05, 2.52545178228e-05, 2.38587199419e-05, 3.9802158426e-05, 3.95633942389e-05, 3.44375475834e-05, 2.90872321784e-05, 3.16366167681e-05, 1.95584016183e-05, 1.27063603941e-05, 7.74360432843e-06, 5.47960098629e-06, 3.59201840183e-06, 2.40605936597e-06, 1.77364972842e-06, 1.27948305817e-06, 9.58337636803e-07, 6.39398649582e-07, 4.23205193556e-07, 2.99962039207e-07, 1.40496339895e-07, 9.09116835146e-08, 6.62607035906e-08, 5.60500907909e-08, 4.34994937848e-08, 5.70345051187e-08, 5.74901690698e-08, 6.2913727561e-08, 4.95871645967e-08, 8.32463626921e-08], "dmean2": [0.000393815309508, 0.000541178218555, 0.000289272837108, 0.000583646295127, 0.000961310346611, 0.00102130649611, 0.000238329230342, 0.000100460056274, 0.00012216126197, 0.000114422371553, 4.55644112662e-05, 4.33780260209e-05, 4.16621915065e-05, 7.10089443601e-05, 6.58264689264e-05, 5.78246108489e-05, 5.16456057085e-05, 5.637184222e-05, 3.35243166774e-05, 2.20652273129e-05, 1.30566222651e-05, 8.68368715601e-06, 6.17530076852e-06, 4.14151145378e-06, 3.07795949084e-06, 2.24712061936e-06, 1.76841410848e-06, 1.17806030175e-06, 7.84271037446e-07, 5.61596095849e-07, 2.59188567497e-07, 1.64387401469e-07, 1.20325807984e-07, 1.00408911408e-07, 7.41661665415e-08, 9.83763897011e-08, 9.94547733058e-08, 1.05969760966e-07, 8.22235293185e-08, 1.3798316445e-07], "dvar": [3.39272645533e-07, 7.23216089682e-07, 1.5312600965e-07, 8.73337285157e-07, 2.27288001042e-06, 5.87346676184e-06, 3.68661261518e-07, 1.20003287307e-08, 1.48723229287e-08, 1.57691921743e-08, 3.73345043769e-09, 4.08084366299e-09, 4.71063099639e-09, 9.28308807602e-09, 7.69306307546e-09, 8.85822082353e-09, 1.51751553545e-08, 7.06668767947e-09, 4.12709244557e-09, 2.15684936578e-09, 3.86286114207e-10, 3.17394915905e-10, 5.75301715988e-11, 4.47630231493e-11, 1.50996645742e-11, 1.06501873293e-11, 1.36418055671e-11, 5.25516696132e-12, 1.97848421674e-12, 1.03314893533e-12, 2.38183550574e-13, 1.08263190893e-13, 5.54368291723e-14, 3.05606912389e-14, 2.35535535845e-14, 4.87481589654e-14, 3.48925498683e-14, 4.01362157485e-14, 3.58352636573e-14, 1.16623643251e-13], "dvar2": [7.39345409784e-07, 1.54519250373e-06, 4.19640088012e-07, 2.21434174819e-06, 4.36213076682e-06, 1.29494255816e-05, 7.59270733397e-07, 2.72606559548e-08, 3.61763206058e-08, 4.24134647403e-08, 1.06035669134e-08, 1.12558504739e-08, 1.25974901621e-08, 2.48850344775e-08, 1.8125854595e-08, 2.32697185965e-08, 4.44396768273e-08, 2.1371210579e-08, 1.08333093607e-08, 6.23523943588e-09, 1.03123209971e-09, 7.31001481569e-10, 1.50290363488e-10, 1.25051483058e-10, 4.10546006913e-11, 2.86003356414e-11, 3.95932488184e-11, 1.52154625704e-11, 5.64784850832e-12, 2.97935482708e-12, 6.84104791045e-13, 3.095174941e-13, 1.5774301353e-13, 8.38977460638e-14, 6.23891129731e-14, 1.29710559784e-13, 9.02729903633e-14, 1.01628124319e-13, 8.87253120909e-14, 2.93752652411e-13], "max": [0.0079980995506, 0.00980549026281, 0.00574207445607, 0.0183040704578, 0.0256471876055, 0.0408752895892, 0.0131269665435, 0.00124895619228, 0.00108989048749, 0.00157984136604, 0.000752878957428, 0.000987363280728, 0.000848295167089, 0.00188715546392, 0.00213503139094, 0.00147921510506, 0.00258352933452, 0.00108232395723, 0.00178874575067, 0.00113707629498, 0.000404594728025, 0.00037895157584, 0.000107451465738, 0.000109746688395, 4.80899579998e-05, 4.05784739996e-05, 4.62390453322e-05, 2.90233110718e-05, 1.56815367518e-05, 9.2115778898e-06, 4.68417874799e-06, 3.82793405151e-06, 2.70855548479e-06, 1.86922329704e-06, 2.98120994557e-06, 3.71211649508e-06, 3.12501629196e-06, 3.32098375111e-06, 3.80861661142e-06, 7.12346582077e-06], "mean": [0.000506492040586, 0.000550954835489, 0.000201278046006, 0.000847855524626, 0.0014921304537, 0.00115438248031, 0.000249987613643, 9.15230048122e-05, 0.000108101041405, 8.74427496456e-05, 3.53912182618e-05, 2.99095700029e-05, 2.57713309111e-05, 4.14984497183e-05, 4.90985839861e-05, 4.99564557686e-05, 3.97236181016e-05, 4.24805548391e-05, 2.93813827739e-05, 1.79662838491e-05, 1.16266655823e-05, 8.56428323459e-06, 5.8845635067e-06, 3.1843742363e-06, 2.19218986786e-06, 1.4084267832e-06, 8.20033903892e-07, 5.26227836417e-07, 3.05035683823e-07, 1.95559351823e-07, 9.377509258e-08, 6.10397066225e-08, 4.29052882112e-08, 3.69280748203e-08, 3.01329770025e-08, 4.02002768851e-08, 4.03578468422e-08, 4.50461108414e-08, 4.02132549482e-08, 6.44384314796e-08], "median": [1.94160220417e-05, 2.24260693358e-05, 5.57168823434e-05, 0.000170982108102, 0.000534731778316, 0.000295562465908, 5.5585118389e-05, 4.38932984252e-05, 4.91551436426e-05, 1.14950817078e-05, 3.74989213014e-06, 6.1518549046e-06, 3.3451544823e-06, 7.39855613574e-06, 5.77262153456e-06, 3.73594389202e-06, 9.73367946244e-07, 5.03068258695e-06, 2.63588140115e-06, 8.79631954831e-07, 1.8212959958e-06, 4.68287026933e-07, 4.48344991355e-07, 1.81554142387e-07, 1.85065545111e-07, 1.01822230647e-07, 6.46322888542e-08, 3.64258276875e-08, 2.06252668278e-08, 1.26061578953e-08, 7.25542692592e-09, 4.57448789959e-09, 2.10033546111e-09, 1.11813514003e-09, 5.84619352928e-10, 4.37341329818e-10, 3.49246798148e-10, 4.13460571336e-10, 3.84684839538e-10, 3.92315402387e-10], "min": [3.18001466593e-24, 2.13641400833e-24, 6.18230606966e-24, 1.69847858677e-23, 3.5827975778e-24, 9.87850437474e-24, 8.42876735756e-24, 5.61362097625e-24, 2.17676006267e-23, 1.60150076025e-23, 7.27597099575e-24, 1.27968968713e-23, 7.22132975628e-24, 1.40068012407e-23, 9.87960720229e-24, 2.02408076763e-23, 9.78677799527e-24, 1.58053599284e-23, 7.76045465385e-24, 1.13896352807e-23, 8.80982582897e-24, 1.46486200509e-23, 6.3935594702e-24, 7.09005383532e-24, 1.28450560407e-23, 1.41499605623e-23, 1.10707019722e-23, 1.47968564813e-23, 1.13807826837e-23, 1.14076228871e-23, 1.07071530574e-23, 9.91802630609e-24, 1.36211192555e-23, 9.72974966271e-24, 1.08826935415e-23, 1.72123895938e-23, 1.34961431777e-23, 1.01694757196e-23, 9.33035254184e-24, 1.2336024609e-23], "var": [7.95247558472e-07, 1.20575396068e-06, 1.62151394534e-07, 2.23097936214e-06, 6.43332350592e-06, 8.86710040504e-06, 5.94502921558e-07, 2.16777884532e-08, 2.27915144535e-08, 2.22729514832e-08, 6.52181286753e-09, 4.64537963651e-09, 5.03981834044e-09, 1.05831148289e-08, 1.29953159345e-08, 1.32532633756e-08, 1.79328552008e-08, 1.0456060906e-08, 9.77317160533e-09, 2.83845191795e-09, 7.15771775184e-10, 7.43947459192e-10, 1.48369413977e-10, 6.54174006631e-11, 2.32627025282e-11, 1.11511086823e-11, 8.28698828309e-12, 3.12458392493e-12, 1.15686323368e-12, 5.79828177659e-13, 1.35876295567e-13, 6.30181941786e-14, 3.263515963e-14, 1.97477210501e-14, 1.68092265367e-14, 3.39615590153e-14, 2.60713048101e-14, 3.14022557415e-14, 2.94290924908e-14, 9.1981482923e-14]}, "mfcc": {"mean": [-824.71496582, 174.526779175, -9.71701049805, 11.4757852554, 10.672372818, -10.4720544815, -6.78345680237, -14.9982089996, -10.0204639435, -6.09930086136, -3.70630908012, -1.18756401539, -0.282381266356], "cov": [[20389.4492188, 6415.20605469, -4505.05908203, -46.9100914001, -86.7518310547, -1060.71081543, -775.035766602, -1578.73034668, -876.74822998, -743.840209961, -584.702941895, -451.444671631, -540.323303223], [6415.20605469, 5387.80664062, -828.090942383, 94.1985015869, 354.393859863, -247.491531372, -325.992462158, -494.939666748, -278.480987549, -219.396759033, -190.177124023, -156.778091431, -142.030075073], [-4505.05908203, -828.090942383, 3855.64453125, 531.085205078, 559.966674805, 692.299621582, 531.297851562, 880.737731934, 547.049560547, 536.100219727, 418.974761963, 389.538024902, 437.954467773], [-46.9100914001, 94.1985015869, 531.085205078, 389.659851074, 93.5998687744, 92.2382736206, 119.777938843, 119.577964783, 109.832099915, 82.4839401245, 76.4503097534, 75.3945236206, 69.0179824829], [-86.7518310547, 354.393859863, 559.966674805, 93.5998687744, 270.791015625, 168.04574585, 85.9699554443, 128.238647461, 96.2437667847, 106.231460571, 61.6775398254, 59.8317718506, 72.4385986328], [-1060.71081543, -247.491531372, 692.299621582, 92.2382736206, 168.04574585, 309.335510254, 183.319641113, 240.353256226, 165.884872437, 134.8487854, 96.9503479004, 80.513053894, 104.628959656], [-775.035766602, -325.992462158, 531.297851562, 119.777938843, 85.9699554443, 183.319641113, 223.273880005, 217.853515625, 123.23891449, 106.178031921, 89.1269302368, 91.6493225098, 89.9661407471], [-1578.73034668, -494.939666748, 880.737731934, 119.577964783, 128.238647461, 240.353256226, 217.853515625, 332.169342041, 199.204299927, 157.237609863, 124.10546875, 119.8230896, 135.423934937], [-876.74822998, -278.480987549, 547.049560547, 109.832099915, 96.2437667847, 165.884872437, 123.23891449, 199.204299927, 173.274642944, 128.27406311, 76.6115036011, 67.8734283447, 84.1414489746], [-743.840209961, -219.396759033, 536.100219727, 82.4839401245, 106.231460571, 134.8487854, 106.178031921, 157.237609863, 128.27406311, 161.942337036, 111.350593567, 77.0230331421, 80.828742981], [-584.702941895, -190.177124023, 418.974761963, 76.4503097534, 61.6775398254, 96.9503479004, 89.1269302368, 124.10546875, 76.6115036011, 111.350593567, 142.196884155, 106.924377441, 80.2088088989], [-451.444671631, -156.778091431, 389.538024902, 75.3945236206, 59.8317718506, 80.513053894, 91.6493225098, 119.8230896, 67.8734283447, 77.0230331421, 106.924377441, 133.979812622, 95.65184021], [-540.323303223, -142.030075073, 437.954467773, 69.0179824829, 72.4385986328, 104.628959656, 89.9661407471, 135.423934937, 84.1414489746, 80.828742981, 80.2088088989, 95.65184021, 120.49420166]], "icov": [[0.000130851141876, -0.000100834658951, 7.58337337174e-05, -6.128509267e-05, -0.000167048332514, 0.000173741660547, -0.000419426360168, 0.000678986252751, -0.000268854550086, 0.000133643727168, -9.55788345891e-06, -5.97595208092e-05, -0.000121115968795], [-0.000100834658951, 0.000408518069889, -3.71058085875e-05, -0.000126800063299, -0.000836248800624, 8.47828778205e-05, 0.000339387828717, 2.50870634773e-05, 0.000165598699823, 0.000447516271379, -0.00022421014728, 0.000321015104419, -0.00013703670993], [7.58337337174e-05, -3.71058085875e-05, 0.00105793646071, -0.000820729706902, -0.000645658408757, -0.00029878350324, 0.00112537608948, -0.00253962958232, 0.00161747517996, -0.00159945245832, 0.000566640344914, -0.000409014872275, -0.000526223971974], [-6.128509267e-05, -0.000126800063299, -0.000820729706902, 0.00465505803004, -0.000370298395865, 0.00181824027095, -0.00379304564558, 0.00413441983983, -0.00607832428068, 0.00356403389014, -0.00283442670479, 0.000794250518084, -0.000168447557371], [-0.000167048332514, -0.000836248800624, -0.000645658408757, -0.000370298395865, 0.010311787948, -0.00507859187201, 0.00236702687107, -0.00193289504386, 0.00345430942252, -0.00680698780343, 0.00495429569855, -0.0034006126225, 0.000995436217636], [0.000173741660547, 8.47828778205e-05, -0.00029878350324, 0.00181824027095, -0.00507859187201, 0.0125299291685, -0.00685288617387, 0.00202097091824, -0.00833552423865, 0.00553219811991, -0.0056019644253, 0.00551781011745, -0.0025996780023], [-0.000419426360168, 0.000339387828717, 0.00112537608948, -0.00379304564558, 0.00236702687107, -0.00685288617387, 0.020295124501, -0.0167913809419, 0.0116087254137, -0.00797417294234, 0.00595197966322, -0.00616011209786, 0.00301858363673], [0.000678986252751, 2.50870634773e-05, -0.00253962958232, 0.00413441983983, -0.00193289504386, 0.00202097091824, -0.0167913809419, 0.0341367051005, -0.0231578350067, 0.011825338006, -0.00757152540609, 0.00287319789641, -0.00548736844212], [-0.000268854550086, 0.000165598699823, 0.00161747517996, -0.00607832428068, 0.00345430942252, -0.00833552423865, 0.0116087254137, -0.0231578350067, 0.0409250855446, -0.0248534083366, 0.0156427212059, -0.00553402258083, 0.00118726759683], [0.000133643727168, 0.000447516271379, -0.00159945245832, 0.00356403389014, -0.00680698780343, 0.00553219811991, -0.00797417294234, 0.011825338006, -0.0248534083366, 0.037662871182, -0.025105247274, 0.0118902279064, -0.0037860092707], [-9.55788345891e-06, -0.00022421014728, 0.000566640344914, -0.00283442670479, 0.00495429569855, -0.0056019644253, 0.00595197966322, -0.00757152540609, 0.0156427212059, -0.025105247274, 0.0366864539683, -0.02255304344, 0.00460832985118], [-5.97595208092e-05, 0.000321015104419, -0.000409014872275, 0.000794250518084, -0.0034006126225, 0.00551781011745, -0.00616011209786, 0.00287319789641, -0.00553402258083, 0.0118902279064, -0.02255304344, 0.0336492173374, -0.0160452276468], [-0.000121115968795, -0.00013703670993, -0.000526223971974, -0.000168447557371, 0.000995436217636, -0.0025996780023, 0.00301858363673, -0.00548736844212, 0.00118726759683, -0.0037860092707, 0.00460832985118, -0.0160452276468, 0.0265562497079]]}, "spectral_contrast_coeffs": {"dmean": [0.0484828539193, 0.0514048822224, 0.0399918816984, 0.0347055904567, 0.024711644277, 0.0281798709184], "dmean2": [0.0771537646651, 0.081789791584, 0.0649930909276, 0.0564233027399, 0.0396105833352, 0.045981194824], "dvar": [0.00183574657422, 0.00196438422427, 0.00122239266057, 0.000963180325925, 0.000619042955805, 0.00095640931977], "dvar2": [0.00429000845179, 0.00479950336739, 0.0031396325212, 0.00239881896414, 0.00145791366231, 0.00251547433436], "max": [-0.267156034708, -0.355105221272, -0.592440783978, -0.569301247597, -0.640771150589, -0.575243890285], "mean": [-0.603607773781, -0.718146204948, -0.791934847832, -0.792779743671, -0.809002876282, -0.814899861813], "median": [-0.635794878006, -0.705470085144, -0.794018507004, -0.800915837288, -0.823613464832, -0.840782940388], "min": [-0.960201382637, -0.962259590626, -0.970136642456, -0.955740094185, -0.9577485919, -0.961677908897], "var": [0.0306220836937, 0.0130791775882, 0.0065546524711, 0.00695443479344, 0.00458403769881, 0.00612467434257]}, "spectral_contrast_valleys": {"dmean": [0.51149469614, 0.538027226925, 0.566593527794, 0.599209308624, 0.685144066811, 0.901584625244], "dmean2": [0.7573158741, 0.821376919746, 0.833068549633, 0.860502541065, 0.953594744205, 1.21638727188], "dvar": [0.373958200216, 0.43169221282, 0.581918478012, 0.675830423832, 0.862959265709, 0.92619407177], "dvar2": [0.621756136417, 0.814061284065, 1.17077231407, 1.34077811241, 1.80801343918, 2.09144496918], "max": [-5.8