{"lowlevel": {"average_loudness": 0.830948352814, "barkbands_crest": {"dmean": 2.36603784561, "dmean2": 3.93716597557, "dvar": 5.80852460861, "dvar2": 15.9997520447, "max": 26.7427940369, "mean": 10.0220155716, "median": 9.24642658234, "min": 2.51567363739, "var": 14.1882238388}, "barkbands_flatness_db": {"dmean": 0.0212465487421, "dmean2": 0.0323576293886, "dvar": 0.00053482176736, "dvar2": 0.00117242499255, "max": 0.549217283726, "mean": 0.218250960112, "median": 0.204026520252, "min": 0.0310058407485, "var": 0.00776230730116}, "barkbands_kurtosis": {"dmean": 3.79985737801, "dmean2": 6.19437932968, "dvar": 45.3459091187, "dvar2": 119.861526489, "max": 127.297119141, "mean": 7.41607475281, "median": 5.1122174263, "min": -1.87049233913, "var": 75.2431488037}, "barkbands_skewness": {"dmean": 0.523113191128, "dmean2": 0.821324527264, "dvar": 0.428032040596, "dvar2": 1.03575539589, "max": 8.42102527618, "mean": 1.68428635597, "median": 1.64830732346, "min": -9.75199794769, "var": 1.44511079788}, "barkbands_spread": {"dmean": 3.36726641655, "dmean2": 5.1147685051, "dvar": 34.9573173523, "dvar2": 70.6633148193, "max": 128.404541016, "mean": 11.6545200348, "median": 7.99523162842, "min": 0.570456147194, "var": 135.035614014}, "dissonance": {"dmean": 0.0325585380197, "dmean2": 0.0541311912239, "dvar": 0.00105132453609, "dvar2": 0.00274391542189, "max": 0.5, "mean": 0.398761808872, "median": 0.419777989388, "min": 0.0797449871898, "var": 0.0056552933529}, "dynamic_complexity": 3.67582726479, "erbbands_crest": {"dmean": 2.45518016815, "dmean2": 3.95595836639, "dvar": 6.4304857254, "dvar2": 15.1171941757, "max": 34.9670181274, "mean": 12.0994205475, "median": 10.6475887299, "min": 2.34887075424, "var": 35.2748374939}, "erbbands_flatness_db": {"dmean": 0.0173966921866, "dmean2": 0.0248878672719, "dvar": 0.000439585506683, "dvar2": 0.000774527143221, "max": 0.50440454483, "mean": 0.215315520763, "median": 0.203559756279, "min": 0.0460403971374, "var": 0.00560308434069}, "erbbands_kurtosis": {"dmean": 2.11038589478, "dmean2": 3.32821798325, "dvar": 19.7737998962, "dvar2": 40.1239509583, "max": 249.494445801, "mean": 5.82971525192, "median": 2.06624317169, "min": -1.89553117752, "var": 184.209274292}, "erbbands_skewness": {"dmean": 0.397448152304, "dmean2": 0.619720697403, "dvar": 0.181408077478, "dvar2": 0.423329919577, "max": 8.27264785767, "mean": 1.1336710453, "median": 1.03955554962, "min": -7.56250810623, "var": 1.38433289528}, "erbbands_spread": {"dmean": 7.20301580429, "dmean2": 10.8847532272, "dvar": 131.13142395, "dvar2": 264.525634766, "max": 150.537994385, "mean": 28.7432937622, "median": 22.2144775391, "min": 0.208223626018, "var": 529.414428711}, "hfc": {"dmean": 4.960896492, "dmean2": 7.17775821686, "dvar": 153.121734619, "dvar2": 277.315979004, "max": 186.411102295, "mean": 13.5515766144, "median": 7.35882759094, "min": 1.12525944763e-16, "var": 363.847595215}, "melbands_crest": {"dmean": 2.91178011894, "dmean2": 4.77264785767, "dvar": 7.89074325562, "dvar2": 21.113237381, "max": 33.136806488, "mean": 13.6477746964, "median": 12.8658466339, "min": 2.35950398445, "var": 20.4734573364}, "melbands_flatness_db": {"dmean": 0.0244091227651, "dmean2": 0.0365294069052, "dvar": 0.000757010886446, "dvar2": 0.00158960709814, "max": 0.710138857365, "mean": 0.304631322622, "median": 0.289286494255, "min": 0.005450819619, "var": 0.0120110698044}, "melbands_kurtosis": {"dmean": 7.66766023636, "dmean2": 12.5350656509, "dvar": 330.002563477, "dvar2": 836.385559082, "max": 325.060028076, "mean": 14.3744668961, "median": 9.23720550537, "min": -1.94935393333, "var": 403.9715271}, "melbands_skewness": {"dmean": 0.669890463352, "dmean2": 1.05001807213, "dvar": 0.923071205616, "dvar2": 2.13682198524, "max": 12.9659519196, "mean": 2.29033756256, "median": 2.13315820694, "min": -7.31775283813, "var": 2.62557721138}, "melbands_spread": {"dmean": 3.32056498528, "dmean2": 5.10045194626, "dvar": 53.7826843262, "dvar2": 108.503387451, "max": 268.651855469, "mean": 11.4299383163, "median": 8.56596183777, "min": 0.938174009323, "var": 135.035064697}, "pitch_salience": {"dmean": 0.0651591494679, "dmean2": 0.108155280352, "dvar": 0.00387357943691, "dvar2": 0.0108263734728, "max": 0.860695779324, "mean": 0.565001189709, "median": 0.572850584984, "min": 0.0599120818079, "var": 0.0115677909926}, "silence_rate_20dB": {"dmean": 0, "dmean2": 0, "dvar": 0, "dvar2": 0, "max": 1, "mean": 1, "median": 1, "min": 1, "var": 0}, "silence_rate_30dB": {"dmean": 0.0371874719858, "dmean2": 0.0743816569448, "dvar": 0.0358028635383, "dvar2": 0.0897967964411, "max": 1, "mean": 0.973104715347, "median": 1, "min": 0, "var": 0.026172010228}, "silence_rate_60dB": {"dmean": 0.00812347698957, "dmean2": 0.0162484198809, "dvar": 0.00805845111609, "dvar2": 0.0179688017815, "max": 1, "mean": 0.0693140774965, "median": 0, "min": 0, "var": 0.0645148605108}, "spectral_centroid": {"dmean": 124.84992981, "dmean2": 191.774551392, "dvar": 58256.2148438, "dvar2": 109265.171875, "max": 10774.3613281, "mean": 667.591430664, "median": 527.380615234, "min": 177.509735107, "var": 212620.21875}, "spectral_complexity": {"dmean": 2.10777139664, "dmean2": 3.22016620636, "dvar": 14.4179773331, "dvar2": 24.0490474701, "max": 63, "mean": 12.0339345932, "median": 10, "min": 0, "var": 65.4774398804}, "spectral_decrease": {"dmean": 2.98997426817e-09, "dmean2": 4.84402740142e-09, "dvar": 3.90367342928e-17, "dvar2": 9.88449862359e-17, "max": -7.09857528575e-30, "mean": -6.9541594705e-09, "median": -5.13435338689e-09, "min": -7.27978672899e-08, "var": 5.20374492622e-17}, "spectral_energy": {"dmean": 0.0116483494639, "dmean2": 0.0187782477587, "dvar": 0.000586174952332, "dvar2": 0.00146995077375, "max": 0.275424361229, "mean": 0.0274757165462, "median": 0.0201833099127, "min": 1.02332145322e-20, "var": 0.000808120472357}, "spectral_energyband_high": {"dmean": 0.000356743927114, "dmean2": 0.000497722998261, "dvar": 1.56803548634e-06, "dvar2": 2.89098329631e-06, "max": 0.0230622980744, "mean": 0.000600824307185, "median": 6.36804907117e-05, "min": 7.09304224869e-21, "var": 3.12952920467e-06}, "spectral_energyband_low": {"dmean": 0.00666208053008, "dmean2": 0.0110971592367, "dvar": 0.000403131096391, "dvar2": 0.00106619903818, "max": 0.220179453492, "mean": 0.00950315687805, "median": 0.00510619720444, "min": 6.69232736408e-23, "var": 0.000333458767273}, "spectral_energyband_middle_high": {"dmean": 0.000704093312379, "dmean2": 0.00103579484858, "dvar": 2.72372972177e-06, "dvar2": 5.605520073e-06, "max": 0.0414371453226, "mean": 0.00185164762661, "median": 0.000762946961913, "min": 1.60588836043e-21, "var": 8.33415742818e-06}, "spectral_energyband_middle_low": {"dmean": 0.00634040078148, "dmean2": 0.0102916900069, "dvar": 0.000148590537719, "dvar2": 0.000368677719962, "max": 0.181559622288, "mean": 0.0166722163558, "median": 0.0121427709237, "min": 4.40289600225e-22, "var": 0.000278927502222}, "spectral_entropy": {"dmean": 0.197562381625, "dmean2": 0.287720143795, "dvar": 0.0618130229414, "dvar2": 0.112477906048, "max": 9.80362033844, "mean": 6.67303848267, "median": 6.81251049042, "min": 3.87188696861, "var": 0.812751829624}, "spectral_flux": {"dmean": 0.0262744482607, "dmean2": 0.0417968928814, "dvar": 0.00183520477731, "dvar2": 0.00377447460778, "max": 0.429995059967, "mean": 0.0739919170737, "median": 0.060053166002, "min": 1.01159351729e-10, "var": 0.00405621435493}, "spectral_kurtosis": {"dmean": 4.57720899582, "dmean2": 7.55647659302, "dvar": 53.3394470215, "dvar2": 140.132476807, "max": 180.124130249, "mean": 14.5347709656, "median": 6.6851978302, "min": -1.4283901453, "var": 407.739837646}, "spectral_rms": {"dmean": 0.000869958021212, "dmean2": 0.00136508094147, "dvar": 1.90626542462e-06, "dvar2": 4.49195113106e-06, "max": 0.016392275691, "mean": 0.00465713953599, "median": 0.00443745777011, "min": 3.15968735551e-12, "var": 5.11658845426e-06}, "spectral_rolloff": {"dmean": 251.161682129, "dmean2": 423.279022217, "dvar": 607510.75, "dvar2": 1355359.625, "max": 18949.21875, "mean": 762.37298584, "median": 495.263671875, "min": 21.533203125, "var": 1118532.375}, "spectral_skewness": {"dmean": 0.40070644021, "dmean2": 0.629904806614, "dvar": 0.242520332336, "dvar2": 0.565956830978, "max": 11.4565258026, "mean": 2.68950676918, "median": 2.17604732513, "min": -0.298593252897, "var": 2.97032094002}, "spectral_spread": {"dmean": 565718.75, "dmean2": 806185.5625, "dvar": 831247024128, "dvar2": 1238172565500.0, "max": 39805184, "mean": 3985048, "median": 3562754.5, "min": 586480.125, "var": 4168520564740.0}, "spectral_strongpeak": {"dmean": 0.379206418991, "dmean2": 0.637283086777, "dvar": 0.287774264812, "dvar2": 0.706375718117, "max": 11.3127708435, "mean": 0.804217278957, "median": 0.569740891457, "min": 0, "var": 0.645864844322}, "zerocrossingrate": {"dmean": 0.00682672625408, "dmean2": 0.00808418821543, "dvar": 0.00014505899162, "dvar2": 0.000172002168256, "max": 0.50341796875, "mean": 0.0358114652336, "median": 0.02685546875, "min": 0.0029296875, "var": 0.000922589853872}, "barkbands": {"dmean": [0.000906436587684, 0.00351666612551, 0.00270938244648, 0.00190099992324, 0.00313520734198, 0.00168906780891, 0.0015299700899, 0.00087173312204, 0.000417601462686, 0.000139872325235, 0.000172076295712, 0.000178215879714, 0.000221261245315, 0.000145176119986, 0.000106463237898, 7.69204052631e-05, 4.11495784647e-05, 4.32586784882e-05, 4.80423186673e-05, 6.72017558827e-05, 6.86772327754e-05, 9.59216995398e-05, 7.13741683285e-05, 7.16722279321e-05, 5.51279626961e-05, 6.40101370664e-06, 2.397727485e-06], "dmean2": [0.0015932576498, 0.00610107416287, 0.00458768941462, 0.00319220940582, 0.00539861805737, 0.00273976870812, 0.00238032778725, 0.00138651614543, 0.000646455097012, 0.000221721900743, 0.000285147252725, 0.000285704561975, 0.000361477956176, 0.00023555183725, 0.000175073873834, 0.000125090431538, 6.30222493783e-05, 6.90939341439e-05, 7.69503531046e-05, 0.000106601866719, 9.92338755168e-05, 0.000139198062243, 9.72581037786e-05, 0.000106045670691, 8.1131409388e-05, 9.15771852306e-06, 4.0774102672e-06], "dvar": [2.47851403401e-05, 0.000186191013199, 5.97299695073e-05, 1.54832505359e-05, 9.11126335268e-05, 1.16647179311e-05, 1.80012029887e-05, 5.22007576365e-06, 9.34132572183e-07, 1.76268102337e-07, 4.11190853811e-07, 3.72475824406e-07, 3.10945409865e-07, 1.67802468809e-07, 6.6160019685e-08, 3.83936082926e-08, 9.88236958932e-09, 2.16794724395e-08, 2.03083114769e-08, 5.66934410529e-08, 6.38365804662e-08, 2.06350534881e-07, 7.02167426425e-08, 4.75299977154e-08, 3.97417281306e-08, 9.15605702367e-10, 2.06748076992e-10], "dvar2": [7.62443814892e-05, 0.00051633088151, 0.000166392492247, 4.16236907768e-05, 0.000241820016527, 2.8675325666e-05, 4.07504448958e-05, 1.30396019813e-05, 2.16328885472e-06, 4.06016681609e-07, 1.01534442365e-06, 8.93456103768e-07, 7.90076228441e-07, 3.99256805395e-07, 1.60270644756e-07, 9.73176099706e-08, 2.22998295385e-08, 5.58152137842e-08, 4.79970871936e-08, 1.28457941173e-07, 1.39733558058e-07, 4.24545191891e-07, 1.18807534477e-07, 9.72171889657e-08, 8.76914043602e-08, 1.67043456845e-09, 5.48733891659e-10], "max": [0.240215137601, 0.1598931849, 0.0948466137052, 0.0700567662716, 0.157455682755, 0.0667132139206, 0.13007093966, 0.058688133955, 0.0308260153979, 0.0112102972344, 0.0345611684024, 0.0193304847926, 0.0220017787069, 0.0138796679676, 0.0064868349582, 0.00383046851493, 0.00264762761071, 0.00253810873255, 0.00268424930982, 0.0079452469945, 0.00471634604037, 0.0075266007334, 0.00887427665293, 0.00482937972993, 0.00379130616784, 0.00110630365089, 0.000222411355935], "mean": [0.000832110643387, 0.0038845196832, 0.00368762924336, 0.00286420690827, 0.00446922006086, 0.00334797939286, 0.00317941559479, 0.00181335164234, 0.000865420734044, 0.000235356317717, 0.000245408562478, 0.000285086629447, 0.000356670905603, 0.00022150206496, 0.000166800178704, 0.000132316694362, 7.67631281633e-05, 6.42430677544e-05, 8.20229179226e-05, 0.000121736244182, 0.000109277287265, 0.000140856063808, 0.000119324133266, 0.000103707781818, 6.10909555689e-05, 7.94029074314e-06, 1.8234587742e-06], "median": [8.79854269442e-05, 0.00150525663048, 0.00181193696335, 0.00141187896952, 0.00232524843886, 0.00171938166022, 0.00130978296511, 0.00063264981145, 0.000263728637947, 5.49396863789e-05, 4.97080036439e-05, 5.23575508851e-05, 8.29911150504e-05, 4.22420926043e-05, 4.02993391617e-05, 2.52087902481e-05, 1.66244499269e-05, 7.4827021308e-06, 1.04670161818e-05, 9.40980044106e-06, 1.16650526252e-05, 9.92362765828e-06, 1.24850112115e-05, 5.48805201106e-06, 1.90917126019e-06, 2.3185859277e-07, 2.84622707625e-08], "min": [1.64637889938e-23, 2.2716780156e-23, 2.90530371645e-23, 9.08227629753e-24, 3.18514297179e-23, 3.91589133402e-23, 7.56600154512e-23, 1.42873047169e-22, 1.2564895719e-22, 6.47320831034e-23, 3.76218304882e-23, 7.81339905351e-23, 1.17490898496e-22, 1.53424282657e-22, 2.22127478936e-22, 1.18214719397e-22, 1.23711552672e-22, 1.93392785012e-22, 3.16167524338e-22, 2.86309353646e-22, 4.11010339841e-22, 4.89245626428e-22, 5.41853131988e-22, 7.08348473813e-22, 1.0729263598e-21, 1.5645042882e-21, 2.53246413438e-21], "var": [1.94207859749e-05, 0.000124688172946, 4.82419018226e-05, 1.91729723156e-05, 8.14281520434e-05, 2.73428104265e-05, 4.26361621066e-05, 1.15764260045e-05, 2.72194984063e-06, 3.25397593315e-07, 6.98615679084e-07, 7.06004641415e-07, 6.58246847252e-07, 2.99729038034e-07, 1.24588837025e-07, 7.21794819469e-08, 2.15737969711e-08, 3.15142401064e-08, 4.16743475284e-08, 1.64795864066e-07, 1.11454653506e-07, 3.1938208167e-07, 1.56626413172e-07, 8.85756250568e-08, 4.5517204228e-08, 1.55340118546e-09, 1.52245036023e-10]}, "erbbands": {"dmean": [0.0751185268164, 0.904102981091, 2.91403365135, 4.89676952362, 9.75889968872, 10.3761978149, 6.87119054794, 17.5410442352, 21.4760513306, 21.3036155701, 17.1940097809, 10.0349502563, 6.39305067062, 4.34098768234, 5.98198652267, 7.91736841202, 9.05655765533, 8.49111175537, 5.30921554565, 4.77571964264, 3.28729295731, 2.05945587158, 1.94379353523, 2.52424693108, 2.74972629547, 2.89696192741, 2.70473814011, 3.29329872131, 3.33275198936, 2.61348772049, 2.07060432434, 1.67230439186, 1.18815863132, 0.904727578163, 0.193880572915, 0.0370150692761, 0.0107041224837, 0.00282167387195, 0.000478739006212, 2.67850282398e-05], "dmean2": [0.132416576147, 1.56626367569, 4.95084095001, 8.18842601776, 16.7038803101, 17.8430919647, 10.8987579346, 28.551361084, 33.6325378418, 33.4270477295, 26.9112319946, 15.4203605652, 9.9994468689, 6.95245695114, 9.73383903503, 12.5430860519, 14.5736351013, 13.7484102249, 8.58896255493, 7.70190143585, 5.21284580231, 3.10062813759, 3.04810285568, 3.95492887497, 4.37038230896, 4.63735198975, 3.97218632698, 5.21472406387, 4.74655056, 3.53524255753, 2.86916995049, 2.47213888168, 1.74308025837, 1.34184503555, 0.281360864639, 0.0512045137584, 0.0157813858241, 0.00425033597276, 0.000833443074953, 4.37855560449e-05], "dvar": [0.0895116627216, 11.8606052399, 80.0678634644, 119.255210876, 597.992675781, 1168.96069336, 192.622512817, 1462.61877441, 3807.62841797, 3090.52612305, 2441.19921875, 511.759674072, 350.205078125, 281.77130127, 363.563873291, 702.370544434, 540.841064453, 455.217407227, 182.154067993, 163.623794556, 62.6478881836, 27.2715167999, 46.0144805908, 63.5269927979, 81.1583709717, 104.8463974, 92.8440933228, 241.355606079, 242.035018921, 95.2857666016, 65.0545120239, 30.515668869, 14.2042560577, 11.5847835541, 0.414756149054, 0.0282621476799, 0.00275604776107, 0.000192275212612, 8.85355257196e-06, 1.08209246008e-08], "dvar2": [0.251488387585, 32.9229888916, 220.670593262, 322.158294678, 1604.79003906, 3148.11767578, 433.459381104, 3655.99536133, 8248.14550781, 7161.48974609, 6031.53564453, 1163.55773926, 801.851501465, 628.578186035, 925.197753906, 1649.40771484, 1364.82922363, 1061.36120605, 435.545257568, 396.422241211, 155.300460815, 58.8740234375, 115.200386047, 148.604019165, 191.324478149, 246.255981445, 178.019958496, 644.660705566, 477.315460205, 158.64793396, 118.397644043, 61.9453239441, 31.3039112091, 26.535326004, 0.791189312935, 0.0465808659792, 0.00552180409431, 0.000420583790401, 2.41688449023e-05, 2.87974444291e-08], "max": [4.06033945084, 41.5267982483, 96.2025756836, 165.043731689, 391.43145752, 567.333007812, 540.392028809, 700.098999023, 2264.77954102, 1741.43713379, 1622.86401367, 914.939575195, 609.010375977, 1104.67919922, 996.056945801, 915.964477539, 910.550292969, 678.028808594, 460.972290039, 272.720428467, 168.752380371, 117.428947449, 164.481231689, 170.121047974, 257.849029541, 378.162200928, 280.714141846, 276.27444458, 250.909103394, 287.363800049, 275.875213623, 178.100845337, 65.6402282715, 68.5020141602, 14.4776344299, 8.5529050827, 2.05819487572, 0.274220883846, 0.0479903705418, 0.00178290356416], "mean": [0.082744538784, 1.00120615959, 3.89541268349, 7.7583899498, 13.5706243515, 13.794011116, 14.3811454773, 33.6678466797, 44.2221679688, 44.9241294861, 37.2002754211, 23.2753562927, 11.4610815048, 7.28593873978, 9.95281791687, 13.5059480667, 16.0344219208, 14.3640651703, 9.1158208847, 8.23105239868, 6.38348007202, 4.0681681633, 3.13757872581, 4.32464027405, 5.15240383148, 5.41682434082, 4.48210859299, 4.68805789948, 4.92286062241, 4.03019762039, 3.40583109856, 2.51638627052, 1.55336260796, 1.00512456894, 0.233268350363, 0.0487370453775, 0.0125814471394, 0.00286881183274, 0.000354257761501, 4.25084763265e-05], "median": [0.0345961973071, 0.39762288332, 1.91228067875, 4.20293092728, 6.56799888611, 6.25547790527, 6.89164161682, 16.7290687561, 17.5625991821, 24.0637626648, 12.6016263962, 8.32909584045, 3.75670528412, 1.79816615582, 2.52692914009, 3.07515335083, 3.90823507309, 3.59935450554, 2.30022382736, 1.91501259804, 1.5476744175, 0.983387470245, 0.533133506775, 0.495701372623, 0.545410752296, 0.475687801838, 0.465665221214, 0.431986570358, 0.338607996702, 0.410910457373, 0.314370989799, 0.159021526575, 0.0685737729073, 0.0273314341903, 0.00916024576873, 0.00180750875734, 0.000438869348727, 7.91752536315e-05, 1.63436088769e-05, 2.38888624153e-05], "min": [6.28042787071e-22, 5.5827328309e-21, 1.99212734199e-20, 4.34910143395e-20, 7.96000039363e-20, 1.12248809789e-19, 2.01619031681e-19, 3.36943905814e-19, 8.36557325182e-19, 1.95559021211e-18, 3.18886480663e-18, 2.77481851704e-18, 2.34887695666e-18, 1.96907036096e-18, 1.48580869964e-18, 4.17016488374e-18, 5.35461390184e-18, 7.43524611201e-18, 1.0040248792e-17, 1.05603725165e-17, 5.44381375037e-18, 6.68877227105e-18, 9.84197194481e-18, 1.62001089581e-17, 1.47493185361e-17, 1.46657617137e-17, 1.68621264177e-17, 1.67126763877e-17, 1.75068425677e-17, 1.11938505907e-17, 1.66137720563e-17, 1.28244394722e-17, 1.31470002064e-17, 1.06607996875e-17, 8.9354225253e-18, 6.35608601895e-18, 2.54854015855e-18, 1.25124033705e-18, 3.5503095954e-19, 3.50316385477e-20], "var": [0.0580106861889, 7.95937776566, 61.7215652466, 130.744186401, 591.365356445, 997.739440918, 575.935424805, 3063.88378906, 8906.59179688, 6640.63037109, 5501.78320312, 1745.55688477, 658.604675293, 590.44934082, 647.953674316, 1375.25695801, 1272.37280273, 994.774902344, 380.211547852, 292.640289307, 137.644500732, 61.0834503174, 67.7651901245, 131.02154541, 213.649002075, 321.047546387, 179.519104004, 267.109466553, 389.609527588, 194.461685181, 133.385543823, 60.2579879761, 20.4150066376, 12.4128541946, 0.657026827335, 0.0563358552754, 0.00382681679912, 0.000218830638914, 6.01314695814e-06, 8.89872620036e-09]}, "gfcc": {"mean": [-74.4567489624, 137.549621582, -82.9036636353, 28.9439201355, -73.6037368774, 8.14696216583, -37.8710670471, -4.40192365646, -9.84131717682, 1.30872654915, -6.07306957245, -11.6937532425, -13.5958747864], "cov": [[15352.8496094, -2142.99731445, -2810.49902344, 1116.94104004, -192.985961914, 636.578308105, -878.367248535, 244.683792114, -254.958206177, 348.916778564, -549.834533691, -75.6777420044, 213.048828125], [-2142.99731445, 1630.54394531, 521.661010742, -414.272277832, 203.327850342, -296.100219727, 320.096893311, -137.220153809, 191.536087036, -136.177230835, 142.725082397, -50.7078781128, -49.776638031], [-2810.49902344, 521.661010742, 1470.21325684, 12.3510494232, -77.8059921265, -229.643814087, 172.117218018, 13.9322299957, 63.6393013, -58.7714042664, 123.177787781, 28.5588588715, -78.6675109863], [1116.94104004, -414.272277832, 12.3510494232, 546.655273438, -24.8641624451, 16.1931743622, -124.93434906, 62.0870170593, 3.87908792496, 14.0653419495, -35.0697593689, -0.541920661926, 32.4497566223], [-192.985961914, 203.327850342, -77.8059921265, -24.8641624451, 474.194885254, -8.46316432953, 10.3415756226, 5.65614128113, -15.4573011398, -4.17195892334, -47.4710731506, 21.055809021, -21.1676006317], [636.578308105, -296.100219727, -229.643814087, 16.1931743622, -8.46316432953, 460.671356201, 19.0876045227, 4.88841724396, -35.0657463074, -1.27299320698, 5.79588365555, -31.3153820038, 37.4054908752], [-878.367248535, 320.096893311, 172.117218018, -124.93434906, 10.3415756226, 19.0876045227, 317.676971436, 10.7019042969, 6.46005392075, -26.3779277802, 30.827293396, -15.1459379196, -34.124332428], [244.683792114, -137.220153809, 13.9322299957, 62.0870170593, 5.65614128113, 4.88841724396, 10.7019042969, 179.846664429, 4.76381921768, 7.28531646729, -7.0982708931, -14.9984922409, 1.7420681715], [-254.958206177, 191.536087036, 63.6393013, 3.87908792496, -15.4573011398, -35.0657463074, 6.46005392075, 4.76381921768, 160.544082642, 8.9428024292, 5.50172185898, -16.5121116638, -4.24872493744], [348.916778564, -136.177230835, -58.7714042664, 14.0653419495, -4.17195892334, -1.27299320698, -26.3779277802, 7.28531646729, 8.9428024292, 151.555770874, -17.4780216217, -24.4200630188, -7.23200798035], [-549.834533691, 142.725082397, 123.177787781, -35.0697593689, -47.4710731506, 5.79588365555, 30.827293396, -7.0982708931, 5.50172185898, -17.4780216217, 175.87828064, -0.869076371193, -5.76038551331], [-75.6777420044, -50.7078781128, 28.5588588715, -0.541920661926, 21.055809021, -31.3153820038, -15.1459379196, -14.9984922409, -16.5121116638, -24.4200630188, -0.869076371193, 133.312347412, 2.77425837517], [213.048828125, -49.776638031, -78.6675109863, 32.4497566223, -21.1676006317, 37.4054908752, -34.124332428, 1.7420681715, -4.24872493744, -7.23200798035, -5.76038551331, 2.77425837517, 96.2963027954]], "icov": [[0.000204010109883, -0.000355115684215, 0.000368150038412, -0.000485308060888, 0.000346430024365, -0.000318226928357, 0.000464087701403, -0.000436735455878, 0.000561944732908, -0.000495197018608, 0.00051579385763, -0.000248452735832, 0.000227108947001], [-0.000355115684215, 0.00318339117803, -0.00100067118183, 0.00204231590033, -0.00198444072157, 0.00202087149955, -0.00251275976188, 0.0025237808004, -0.0036336008925, 0.00272287148982, -0.00229618209414, 0.00208110897802, -0.00138494023122], [0.000368150038412, -0.00100067118183, 0.00161745527294, -0.00124305498321, 0.000946319545619, -0.000361804908607, 0.000600367260631, -0.00106700498145, 0.0011568707414, -0.00091171998065, 0.000604166300036, -0.000850739423186, 0.00103230157401], [-0.000485308060888, 0.00204231590033, -0.00124305498321, 0.00390691030771, -0.00138381205034, 0.0012673366582, -0.0009868593188, 0.00109251053073, -0.00261567370035, 0.00199040793814, -0.00148461735807, 0.00137195910793, -0.00146283535287], [0.000346430024365, -0.00198444072157, 0.000946319545619, -0.00138381205034, 0.00357556669042, -0.00129143125378, 0.00159538979642, -0.00181768171024, 0.00251555279829, -0.00172665098216, 0.0021997038275, -0.00167931988835, 0.00149429764133], [-0.000318226928357, 0.00202087149955, -0.000361804908607, 0.0012673366582, -0.00129143125378, 0.00387804256752, -0.00217130454257, 0.00169760128483, -0.00193736248184, 0.00193861580919, -0.00194832601119, 0.0018672257429, -0.00167462031823], [0.000464087701403, -0.00251275976188, 0.000600367260631, -0.0009868593188, 0.00159538979642, -0.00217130454257, 0.00618212250993, -0.00265971571207, 0.00299772433937, -0.00181185430847, 0.00197237217799, -0.00117483478971, 0.00207837950438], [-0.000436735455878, 0.0025237808004, -0.00106700498145, 0.00109251053073, -0.00181768171024, 0.00169760128483, -0.00265971571207, 0.00807520747185, -0.00309921638109, 0.00213525653817, -0.00192410394084, 0.00225847843103, -0.00127313181292], [0.000561944732908, -0.0036336008925, 0.0011568707414, -0.00261567370035, 0.00251555279829, -0.00193736248184, 0.00299772433937, -0.00309921638109, 0.0108420196921, -0.0036301414948, 0.00280919158831, -0.00151801900938, 0.00154638907406], [-0.000495197018608, 0.00272287148982, -0.00091171998065, 0.00199040793814, -0.00172665098216, 0.00193861580919, -0.00181185430847, 0.00213525653817, -0.0036301414948, 0.00968050677329, -0.00176941626705, 0.00303990463726, -0.000352313159965], [0.00051579385763, -0.00229618209414, 0.000604166300036, -0.00148461735807, 0.0021997038275, -0.00194832601119, 0.00197237217799, -0.00192410394084, 0.00280919158831, -0.00176941626705, 0.00844464637339, -0.00145917863119, 0.00117811572272], [-0.000248452735832, 0.00208110897802, -0.000850739423186, 0.00137195910793, -0.00167931988835, 0.0018672257429, -0.00117483478971, 0.00225847843103, -0.00151801900938, 0.00303990463726, -0.00145917863119, 0.00955007318407, -0.00128461315762], [0.000227108947001, -0.00138494023122, 0.00103230157401, -0.00146283535287, 0.00149429764133, -0.00167462031823, 0.00207837950438, -0.00127313181292, 0.00154638907406, -0.000352313159965, 0.00117811572272, -0.00128461315762, 0.0123902857304]]}, "melbands": {"dmean": [0.000841482542455, 0.00143114989623, 0.000924647902139, 0.000795730738901, 0.000256059924141, 0.000372993992642, 0.000325273402268, 0.000222307382501, 0.000128376457724, 6.17442274233e-05, 3.1022947951e-05, 1.6732572476e-05, 2.18175482587e-05, 1.93477080757e-05, 2.26244137593e-05, 2.0294877686e-05, 1.61390689755e-05, 8.90667251952e-06, 6.52493736197e-06, 6.95152266417e-06, 3.56480359187e-06, 2.47652610597e-06, 1.6280600903e-06, 2.25255666919e-06, 2.13106045521e-06, 1.73482271748e-06, 2.58263571595e-06, 1.9311557935e-06, 1.83145709798e-06, 1.76780201855e-06, 2.26701672545e-06, 2.16080979953e-06, 1.87783132333e-06, 1.39466726523e-06, 1.28108160879e-06, 1.11640940759e-06, 9.63486854744e-07, 8.22403535494e-07, 8.58961016093e-07, 7.67741198615e-07], "dmean2": [0.00147523987107, 0.00243071117438, 0.00155136885587, 0.00137589662336, 0.000413892616052, 0.000607531983405, 0.000509307021275, 0.000348793691956, 0.000198053414351, 9.50215471676e-05, 4.86801327497e-05, 2.68571275228e-05, 3.60227859346e-05, 3.10973045998e-05, 3.57271492248e-05, 3.28993010044e-05, 2.62807880063e-05, 1.45047970364e-05, 1.05280068965e-05, 1.1300820006e-05, 5.67441338717e-06, 3.81698782803e-06, 2.49885215453e-06, 3.61924458048e-06, 3.34711580763e-06, 2.77020444628e-06, 4.02447949455e-06, 3.13860982715e-06, 2.74760304819e-06, 2.63606989392e-06, 3.81302629648e-06, 3.21488118971e-06, 2.54026690527e-06, 1.95717689166e-06, 1.82514338576e-06, 1.60655395121e-06, 1.4490817648e-06, 1.21763366678e-06, 1.28989722725e-06, 1.1462210523e-06], "dvar": [1.06770294224e-05, 2.121599573e-05, 3.38291124535e-06, 6.59675151837e-06, 2.56158500633e-07, 6.22019854291e-07, 7.88430838838e-07, 3.09828891432e-07, 1.37646750886e-07, 1.8660335499e-08, 8.41367864268e-09, 3.94735577558e-09, 5.7325233449e-09, 3.99065669399e-09, 5.76234482352e-09, 2.34154606815e-09, 1.83371751117e-09, 5.8632881883e-10, 3.14369447141e-10, 3.35188321543e-10, 7.34884098019e-11, 3.80438666681e-11, 2.9441515198e-11, 6.08658956569e-11, 4.81095475957e-11, 2.73098557657e-11, 1.02161931692e-10, 4.5052669928e-11, 4.36251104685e-11, 4.19476016422e-11, 1.47504966574e-10, 1.26332486139e-10, 6.49586287538e-11, 2.60300270921e-11, 2.53475799378e-11, 1.86921571971e-11, 9.2281234737e-12, 5.92456812776e-12, 1.21895748703e-11, 8.02293214502e-12], "dvar2": [2.96379657811e-05, 5.78291874263e-05, 9.1114479801e-06, 1.75276891241e-05, 6.39383415546e-07, 1.53353221322e-06, 1.74236163275e-06, 7.25109771338e-07, 3.32268115244e-07, 4.29928448398e-08, 1.92967561929e-08, 8.84813289304e-09, 1.45667788942e-08, 9.71830971253e-09, 1.37040183645e-08, 5.71795366611e-09, 4.32645919091e-09, 1.42230982547e-09, 7.38165695235e-10, 8.46599068627e-10, 1.82927270553e-10, 8.63202495593e-11, 7.03286873183e-11, 1.58259239047e-10, 1.11470693787e-10, 6.56544124622e-11, 2.33529862115e-10, 1.0925461924e-10, 9.25213031189e-11, 9.03224300908e-11, 4.18117068746e-10, 2.94171326187e-10, 1.21575249867e-10, 4.54905800529e-11, 4.81673069486e-11, 3.60418951628e-11, 1.99360632169e-11, 1.28371549502e-11, 2.91191099011e-11, 1.83433442047e-11], "max": [0.0402880273759, 0.0517692863941, 0.0280456822366, 0.0430328585207, 0.0155954333022, 0.014949192293, 0.0312229637057, 0.017203040421, 0.0133167048916, 0.00502177141607, 0.00294904434122, 0.00406213989481, 0.0033357378561, 0.0019685770385, 0.00250869151205, 0.00144354405347, 0.00154069752898, 0.000939091667533, 0.000471221428597, 0.000346057728166, 0.000223877636017, 0.000129400927108, 0.000119776719657, 0.000153097964358, 0.000166637488292, 0.000104162783828, 0.000354097341187, 0.000299268518575, 0.000198878711672, 0.00011512418132, 0.000213310151594, 0.000186571880477, 0.0001630786428, 0.000206824828638, 0.000157127389684, 0.000169327657204, 8.62049782882e-05, 4.28755265602e-05, 8.0333717051e-05, 4.92078906973e-05], "mean": [0.000957168929745, 0.0018415764207, 0.00150003482122, 0.00105852319393, 0.00050475646276, 0.000721319345757, 0.000685711915139, 0.000464780488983, 0.000273351324722, 0.000133627443574, 5.20546673215e-05, 2.68937874353e-05, 3.26751141984e-05, 3.31579758495e-05, 3.56612799806e-05, 3.44877480529e-05, 2.52665577136e-05, 1.4179561731e-05, 1.02873573269e-05, 1.12763264042e-05, 6.69644623486e-06, 4.57059604742e-06, 2.59665080193e-06, 3.34493415721e-06, 3.48876233147e-06, 2.9333036764e-06, 4.57550959254e-06, 3.35732806889e-06, 2.76300147561e-06, 2.62550565822e-06, 2.85500004793e-06, 2.93322773359e-06, 2.41348038799e-06, 2.15966588257e-06, 2.00603926714e-06, 1.80805045602e-06, 1.38293569307e-06, 1.06861409677e-06, 9.90555804492e-07, 8.27514895718e-07], "median": [0.000377282703994, 0.000909091613721, 0.000903453910723, 0.00048791320296, 0.000255027145613, 0.000358299992513, 0.000285773014184, 0.000242357156822, 8.99771985132e-05, 4.24130848842e-05, 1.51297317643e-05, 5.83639848628e-06, 7.5666180237e-06, 7.54452366891e-06, 7.73371721152e-06, 8.30164663057e-06, 4.8859301387e-06, 3.13314922096e-06, 2.43094632424e-06, 2.07629864235e-06, 1.4581423784e-06, 9.4411302598e-07, 4.98662643622e-07, 3.18233674079e-07, 3.48836010744e-07, 3.62815484323e-07, 3.24970415022e-07, 2.7991427487e-07, 2.58857340896e-07, 2.51693677455e-07, 2.44537602612e-07, 1.77545089741e-07, 1.739459492e-07, 2.28151648685e-07, 1.79380407417e-07, 1.29824542228e-07, 7.47409245605e-08, 5.07528667981e-08, 2.87458039594e-08, 1.96833944699e-08], "min": [8.00129704366e-24, 1.07998607799e-23, 8.64067275165e-24, 7.71680619111e-24, 6.18854990373e-24, 7.35182076064e-24, 1.4012867581e-23, 2.41008902567e-23, 2.51234890705e-23, 1.76702760177e-23, 1.15364738496e-23, 8.010323979e-24, 5.08694272605e-24, 7.26327112403e-24, 1.251882498e-23, 1.23533850709e-23, 1.30097733532e-23, 1.44075552023e-23, 1.84905036102e-23, 1.05172671378e-23, 5.78419558093e-24, 7.07008461037e-24, 6.38967985227e-24, 1.08591160668e-23, 1.39910855537e-23, 8.29634048854e-24, 1.45787711509e-23, 7.64490073073e-24, 1.18545906871e-23, 7.12977061532e-24, 1.15985122378e-23, 1.18853215526e-23, 5.85290260476e-24, 6.35435466094e-24, 1.04155537793e-23, 7.64324017853e-24, 8.38520014749e-24, 8.71336470634e-24, 1.00674428724e-23, 8.59607134493e-24], "var": [7.16814111001e-06, 1.60131039593e-05, 4.00334101869e-06, 5.69846179133e-06, 5.82532607041e-07, 1.35515801958e-06, 1.90765467778e-06, 6.62262493734e-07, 3.16522573485e-07, 6.00186851329e-08, 1.54027670618e-08, 8.24152657231e-09, 9.1190539564e-09, 8.60956905768e-09, 9.96235627326e-09, 5.76502179328e-09, 3.62896157569e-09, 1.0840101039e-09, 5.50563983293e-10, 5.74089553673e-10, 1.61204050109e-10, 8.16821818517e-11, 4.17420854826e-11, 9.31716856445e-11, 9.91725174204e-11, 5.88258122769e-11, 2.81236339772e-10, 1.23853455269e-10, 7.35201829971e-11, 6.86596265953e-11, 1.26121085797e-10, 1.56142848651e-10, 1.00249128443e-10, 5.32886547389e-11, 4.82402590096e-11, 3.74952881244e-11, 1.7345652692e-11, 9.2171313984e-12, 1.25384997524e-11, 8.59358851441e-12]}, "mfcc": {"mean": [-721.390991211, 157.880950928, 42.497215271, 21.4596595764, -1.99049139023, 6.51795101166, -11.7491369247, -6.35500192642, -7.51941919327, 6.17985677719, 1.96815907955, 5.97937250137, 1.8565980196], "cov": [[13721.53125, -2551.84667969, -2368.64208984, -410.34979248, 197.880264282, 532.100769043, -23.3230075836, -256.092712402, 184.146514893, 23.1983184814, -166.349746704, -189.205307007, -173.19418335], [-2551.84667969, 1986.46911621, 228.1849823, 69.1666259766, -44.4305992126, -64.1020812988, -36.3693962097, 73.2911834717, -52.1567878723, -3.36513519287, 63.3805809021, 71.9376144409, -7.7108464241], [-2368.64208984, 228.1849823, 1294.4119873, 195.344238281, -69.4994659424, -121.694740295, -4.5179066658, 51.2500343323, -64.0414505005, 26.8894271851, 38.6753540039, 34.1879463196, 35.0118675232], [-410.34979248, 69.1666259766, 195.344238281, 529.145935059, 106.078651428, -62.3274536133, -68.1059570312, 9.11706733704, -16.0090198517, 5.22922992706, -36.1018409729, 0.612867891788, 37.1410484314], [197.880264282, -44.4305992126, -69.4994659424, 106.078651428, 313.567474365, 17.952796936, -12.7309932709, -18.1067371368, 16.619720459, -1.77278983593, -15.2624053955, -7.74099302292, 11.2119607925], [532.100769043, -64.1020812988, -121.694740295, -62.3274536133, 17.952796936, 249.804138184, 31.7982139587, 10.1270933151, 27.266040802, 10.4172420502, 0.16058459878, 8.92603588104, -13.0490980148], [-23.3230075836, -36.3693962097, -4.5179066658, -68.1059570312, -12.7309932709, 31.7982139587, 254.134536743, 49.5482826233, 28.5832118988, -1.75892627239, 18.8429946899, 2.82592797279, -2.37819838524], [-256.092712402, 73.2911834717, 51.2500343323, 9.11706733704, -18.1067371368, 10.1270933151, 49.5482826233, 197.415313721, 25.2638320923, -28.8148517609, -5.46297979355, 8.84893321991, -8.51721477509], [184.146514893, -52.1567878723, -64.0414505005, -16.0090198517, 16.619720459, 27.266040802, 28.5832118988, 25.2638320923, 156.467498779, 31.7505054474, 13.387046814, -6.44676208496, -9.7278842926], [23.1983184814, -3.36513519287, 26.8894271851, 5.22922992706, -1.77278983593, 10.4172420502, -1.75892627239, -28.8148517609, 31.7505054474, 128.129562378, 31.5273914337, 16.6308670044, -1.07010674477], [-166.349746704, 63.3805809021, 38.6753540039, -36.1018409729, -15.2624053955, 0.16058459878, 18.8429946899, -5.46297979355, 13.387046814, 31.5273914337, 140.51499939, 24.0372047424, -30.4209632874], [-189.205307007, 71.9376144409, 34.1879463196, 0.612867891788, -7.74099302292, 8.92603588104, 2.82592797279, 8.84893321991, -6.44676208496, 16.6308670044, 24.0372047424, 89.1819076538, 19.5930843353], [-173.19418335, -7.7108464241, 35.0118675232, 37.1410484314, 11.2119607925, -13.0490980148, -2.37819838524, -8.51721477509, -9.7278842926, -1.07010674477, -30.4209632874, 19.5930843353, 105.533439636]], "icov": [[0.000154875087901, 0.000160265393788, 0.000227893324336, -7.61112414693e-06, -6.62329966872e-06, -0.000176621848368, 3.98924785259e-05, 7.97162647359e-05, -4.57060423287e-06, -6.63521423121e-05, 8.91318341019e-05, 6.58623030176e-05, 0.000191520928638], [0.000160265393788, 0.000714779132977, 0.000187025536434, -5.69573312532e-05, 3.23606327584e-05, -8.46337788971e-05, 0.000140339674545, -0.000132573855808, 0.000149635001435, -3.56792661478e-05, -0.000110600558401, -0.000304269575281, 0.000289839488687], [0.000227893324336, 0.000187025536434, 0.00126481568441, -0.000354772433639, 0.000238253618591, 5.93654876866e-05, -1.79056460183e-05, -0.000168186728843, 0.000364754232578, -0.000375604373403, -0.000178055794095, 1.86909710465e-05, 3.597723844e-05], [-7.61112414693e-06, -5.69573312532e-05, -0.000354772433639, 0.0023911006283, -0.000870860996656, 0.000409590924392, 0.0005404240801, -0.000300134590361, 4.72236424685e-05, -0.000274502468528, 0.000490038830321, 7.34491914045e-05, -0.000480154529214], [-6.62329966872e-06, 3.23606327584e-05, 0.000238253618591, -0.000870860996656, 0.00362126668915, -0.000333331263391, -3.38833015121e-05, 0.000383710634196, -0.000410350214224, 0.000226699077757, 9.79143806035e-06, 0.000163294113008, -0.000239819986746], [-0.000176621848368, -8.46337788971e-05, 5.93654876866e-05, 0.000409590924392, -0.000333331263391, 0.00468217162415, -0.000419901218265, -0.000334757642122, -0.000378017750336, -0.000314917007927, 0.000246573268669, -0.000887498666998, 0.000315800571116], [3.98924785259e-05, 0.000140339674545, -1.79056460183e-05, 0.0005404240801, -3.38833015121e-05, -0.000419901218265, 0.00446159951389, -0.0010900531197, -0.000494754465763, 7.18847586541e-05, -0.000601815816481, 0.000180522314622, -0.000396154995542], [7.97162647359e-05, -0.000132573855808, -0.000168186728843, -0.000300134590361, 0.000383710634196, -0.000334757642122, -0.0010900531197, 0.00613869912922, -0.00140551012009, 0.00174787058495, 0.000660324294586, -0.000975178962108, 0.000930833281018], [-4.57060423287e-06, 0.000149635001435, 0.000364754232578, 4.72236424685e-05, -0.000410350214224, -0.000378017750336, -0.000494754465763, -0.00140551012009, 0.00757466070354, -0.00223661749624, -0.000568548974115, 0.00099021429196, 6.58822173136e-05], [-6.63521423121e-05, -3.56792661478e-05, -0.000375604373403, -0.000274502468528, 0.000226699077757, -0.000314917007927, 7.18847586541e-05, 0.00174787058495, -0.00223661749624, 0.00948209874332, -0.0016136940103, -0.00156467384659, -9.53083726927e-05], [8.91318341019e-05, -0.000110600558401, -0.000178055794095, 0.000490038830321, 9.79143806035e-06, 0.000246573268669, -0.000601815816481, 0.000660324294586, -0.000568548974115, -0.0016136940103, 0.00909392908216, -0.00260609132238, 0.00313046085648], [6.58623030176e-05, -0.000304269575281, 1.86909710465e-05, 7.34491914045e-05, 0.000163294113008, -0.000887498666998, 0.000180522314622, -0.000975178962108, 0.00099021429196, -0.00156467384659, -0.00260609132238, 0.0135854650289, -0.00334597867914], [0.000191520928638, 0.000289839488687, 3.597723844e-05, -0.000480154529214, -0.000239819986746, 0.000315800571116, -0.000396154995542, 0.000930833281018, 6.58822173136e-05, -9.53083726927e-05, 0.00313046085648, -0.00334597867914, 0.011627625674]]}, "spectral_contrast_coeffs": {"dmean": [0.0453078076243, 0.0403642170131, 0.0342820994556, 0.0304933656007, 0.0208779852837, 0.0168261453509], "dmean2": [0.0762812271714, 0.0665654689074, 0.055667579174, 0.049827683717, 0.0331784933805, 0.0261636450887], "dvar": [0.00164887367282, 0.00146876601502, 0.000887957576197, 0.000727464561351, 0.000366228166968, 0.000290376279736], "dvar2": [0.00453745760024, 0.00369457248598, 0.00223519350402, 0.00178351299837, 0.000848762923852, 0.000626136490609], "max": [-0.27881076932, -0.37149721384, -0.452438592911, -0.549394071102, -0.594755887985, -0.551350057125], "mean": [-0.615989863873, -0.6551181674, -0.73983669281, -0.76509475708, -0.797582149506, -0.77733451128], "median": [-0.617951750755, -0.656729757786, -0.746216773987, -0.762534439564, -0.804205775261, -0.77695953846], "min": [-0.958127319813, -0.964565455914, -0.962445020676, -0.952723503113, -0.963730573654, -0.959744513035], "var": [0.00600292207673, 0.0067382324487, 0.00494485767558, 0.00402461457998, 0.00242168921977, 0.0021492887754]}, "spectral_contrast_valleys": {"dmean": [0.335333406925, 0.32026425004, 0.322727382183, 0.320401936769, 0.295647859573, 0.313726693392], "dmean2": [0.546602129936, 0.523553788662, 0.504069030285, 0.483581572771, 0.425299704075, 0.411691516638], "dvar": [0.153026357293, 0.140083238482, 0.128305882215, 0.172843053937, 0.173383921385, 0.221618816257], "dvar2": [0.28870755434, 0.282486200333, 0.228087440133, 0.308405578136, 0.29599159956, 0.