{"lowlevel": {"average_loudness": 0.740185499191, "barkbands_crest": {"dmean": 1.96403050423, "dmean2": 2.91888332367, "dvar": 4.4100151062, "dvar2": 10.5334672928, "max": 26.5795536041, "mean": 15.3074817657, "median": 15.3663539886, "min": 4.8696231842, "var": 19.5872116089}, "barkbands_flatness_db": {"dmean": 0.0203829351813, "dmean2": 0.0298886075616, "dvar": 0.000595015590079, "dvar2": 0.00125133991241, "max": 0.575795173645, "mean": 0.30137771368, "median": 0.304021716118, "min": 0.04702758044, "var": 0.00491480529308}, "barkbands_kurtosis": {"dmean": 6.62504005432, "dmean2": 9.36493968964, "dvar": 161.81022644, "dvar2": 319.722381592, "max": 459.624145508, "mean": 18.7748165131, "median": 10.6646575928, "min": -1.63671267033, "var": 650.73626709}, "barkbands_skewness": {"dmean": 0.563977301121, "dmean2": 0.820125997066, "dvar": 0.484175950289, "dvar2": 1.04179513454, "max": 19.0997943878, "mean": 2.64811944962, "median": 2.3803358078, "min": -2.13808608055, "var": 2.90907239914}, "barkbands_spread": {"dmean": 1.00686144829, "dmean2": 1.44568943977, "dvar": 4.45827960968, "dvar2": 9.32186698914, "max": 66.1722793579, "mean": 4.50337839127, "median": 2.9090180397, "min": 0.11669626832, "var": 21.5495605469}, "dissonance": {"dmean": 0.0349781624973, "dmean2": 0.0585863776505, "dvar": 0.00113018322736, "dvar2": 0.00305493827909, "max": 0.499934077263, "mean": 0.355502218008, "median": 0.361662149429, "min": 0.0981119275093, "var": 0.00423011835665}, "dynamic_complexity": 4.11199474335, "erbbands_crest": {"dmean": 1.96561384201, "dmean2": 2.86081218719, "dvar": 4.67159223557, "dvar2": 10.4486188889, "max": 30.8613948822, "mean": 12.89772892, "median": 11.9283695221, "min": 2.80803847313, "var": 22.1275196075}, "erbbands_flatness_db": {"dmean": 0.0168573986739, "dmean2": 0.0241629108787, "dvar": 0.00044619833352, "dvar2": 0.00092108361423, "max": 0.508228898048, "mean": 0.282837092876, "median": 0.28143492341, "min": 0.0358984954655, "var": 0.00381269911304}, "erbbands_kurtosis": {"dmean": 2.42196893692, "dmean2": 3.35011911392, "dvar": 27.2284870148, "dvar2": 52.5300979614, "max": 179.164657593, "mean": 5.48048496246, "median": 2.03696060181, "min": -1.6797990799, "var": 100.624832153}, "erbbands_skewness": {"dmean": 0.371198147535, "dmean2": 0.498232573271, "dvar": 0.202491343021, "dvar2": 0.376730531454, "max": 8.56204986572, "mean": 1.50305497646, "median": 1.3389081955, "min": -1.60441792011, "var": 1.52071619034}, "erbbands_spread": {"dmean": 2.55483436584, "dmean2": 3.64861774445, "dvar": 17.5332012177, "dvar2": 34.0627288818, "max": 91.4318695068, "mean": 15.379193306, "median": 12.6091127396, "min": 0.767579257488, "var": 111.408531189}, "hfc": {"dmean": 2.17643785477, "dmean2": 2.95180416107, "dvar": 16.992061615, "dvar2": 35.0968666077, "max": 95.9022369385, "mean": 7.33804655075, "median": 4.61298894882, "min": 1.21838794085e-16, "var": 66.6313018799}, "melbands_crest": {"dmean": 1.85262823105, "dmean2": 2.76985311508, "dvar": 3.84207344055, "dvar2": 9.0108089447, "max": 33.1408653259, "mean": 15.6874876022, "median": 15.3868217468, "min": 1.63304150105, "var": 17.9371070862}, "melbands_flatness_db": {"dmean": 0.0207227915525, "dmean2": 0.0298011228442, "dvar": 0.000666178355459, "dvar2": 0.00135606108233, "max": 0.646591305733, "mean": 0.389718294144, "median": 0.394895136356, "min": 0.00240029627457, "var": 0.00646238960326}, "melbands_kurtosis": {"dmean": 5.57055234909, "dmean2": 7.90621423721, "dvar": 128.674087524, "dvar2": 243.579711914, "max": 634.435119629, "mean": 17.9367027283, "median": 12.1129617691, "min": -1.39796471596, "var": 652.686828613}, "melbands_skewness": {"dmean": 0.461787283421, "dmean2": 0.66776907444, "dvar": 0.320501297712, "dvar2": 0.679356575012, "max": 15.9525508881, "mean": 2.59836554527, "median": 2.40040421486, "min": -1.03046917915, "var": 1.94236648083}, "melbands_spread": {"dmean": 1.26266336441, "dmean2": 1.78969526291, "dvar": 7.16192436218, "dvar2": 15.5008335114, "max": 149.921981812, "mean": 5.98846197128, "median": 3.71390867233, "min": 0.339724391699, "var": 76.0417404175}, "pitch_salience": {"dmean": 0.0549742169678, "dmean2": 0.0856290459633, "dvar": 0.0038708767388, "dvar2": 0.00956120435148, "max": 0.86258161068, "mean": 0.509275257587, "median": 0.517808139324, "min": 0.0835852101445, "var": 0.0137544469908}, "silence_rate_20dB": {"dmean": 0, "dmean2": 0, "dvar": 0, "dvar2": 0, "max": 1, "mean": 1, "median": 1, "min": 1, "var": 0}, "silence_rate_30dB": {"dmean": 0.00880245678127, "dmean2": 0.0176067147404, "dvar": 0.00872437749058, "dvar2": 0.0217994861305, "max": 1, "mean": 0.990482032299, "median": 1, "min": 0, "var": 0.00942786317319}, "silence_rate_60dB": {"dmean": 0.0223132036626, "dmean2": 0.0446309745312, "dvar": 0.0218200460076, "dvar2": 0.0465221703053, "max": 1, "mean": 0.132330358028, "median": 0, "min": 0, "var": 0.114823900163}, "spectral_centroid": {"dmean": 41.5895118713, "dmean2": 59.4350738525, "dvar": 13428.7988281, "dvar2": 23948.6875, "max": 10762.6464844, "mean": 430.171173096, "median": 354.235748291, "min": 205.8881073, "var": 82557.9453125}, "spectral_complexity": {"dmean": 1.03234386444, "dmean2": 1.68901622295, "dvar": 2.60374641418, "dvar2": 5.85588550568, "max": 39, "mean": 7.83614778519, "median": 8, "min": 0, "var": 14.2514152527}, "spectral_decrease": {"dmean": 1.62692215255e-09, "dmean2": 2.30141039559e-09, "dvar": 9.75894617236e-18, "dvar2": 2.09641928304e-17, "max": 3.2923264897e-18, "mean": -5.25880050617e-09, "median": -3.55362006488e-09, "min": -7.61752403378e-08, "var": 3.28990012081e-17}, "spectral_energy": {"dmean": 0.00632591266185, "dmean2": 0.00893653463572, "dvar": 0.000147203492816, "dvar2": 0.000316010526149, "max": 0.296200484037, "mean": 0.0205134581774, "median": 0.0138807026669, "min": 1.07822879755e-20, "var": 0.000498281675391}, "spectral_energyband_high": {"dmean": 1.82948715519e-05, "dmean2": 2.65025682893e-05, "dvar": 1.36035573917e-08, "dvar2": 2.78886727045e-08, "max": 0.0026927634608, "mean": 2.50356733886e-05, "median": 2.60405545305e-06, "min": 7.83171615129e-21, "var": 1.65426143894e-08}, "spectral_energyband_low": {"dmean": 0.000694091955665, "dmean2": 0.000983376172371, "dvar": 4.58941667603e-06, "dvar2": 8.32053319755e-06, "max": 0.0633952319622, "mean": 0.001532414346, "median": 0.000283545057755, "min": 3.76127144115e-23, "var": 1.59820338013e-05}, "spectral_energyband_middle_high": {"dmean": 0.000302135216771, "dmean2": 0.00037898181472, "dvar": 6.94828486303e-07, "dvar2": 1.21971868339e-06, "max": 0.0310150031, "mean": 0.00105050788261, "median": 0.000332854426233, "min": 1.48813336393e-21, "var": 4.4774737944e-06}, "spectral_energyband_middle_low": {"dmean": 0.00596993463114, "dmean2": 0.00858177989721, "dvar": 0.000134512098157, "dvar2": 0.00029519450618, "max": 0.293294459581, "mean": 0.0181880984455, "median": 0.0125265195966, "min": 2.51746214566e-22, "var": 0.0004039623891}, "spectral_entropy": {"dmean": 0.190199866891, "dmean2": 0.28090134263, "dvar": 0.0605324879289, "dvar2": 0.133457034826, "max": 9.78574848175, "mean": 5.64745235443, "median": 5.58994913101, "min": 3.46816635132, "var": 0.397598177195}, "spectral_flux": {"dmean": 0.0189864039421, "dmean2": 0.0301855672151, "dvar": 0.000887319794856, "dvar2": 0.00213749939576, "max": 0.310292601585, "mean": 0.0415141955018, "median": 0.0283616371453, "min": 1.0383779947e-10, "var": 0.0015800842084}, "spectral_kurtosis": {"dmean": 9.4995508194, "dmean2": 15.6021518707, "dvar": 103.674438477, "dvar2": 251.939086914, "max": 161.96546936, "mean": 32.3658256531, "median": 27.5552577972, "min": -1.21807491779, "var": 490.373748779}, "spectral_rms": {"dmean": 0.000577438157052, "dmean2": 0.000786307558883, "dvar": 6.98269786881e-07, "dvar2": 1.42229635003e-06, "max": 0.016999296844, "mean": 0.00395487528294, "median": 0.00367996585555, "min": 3.24334786458e-12, "var": 4.37208746007e-06}, "spectral_rolloff": {"dmean": 72.9314117432, "dmean2": 125.347999573, "dvar": 67168.34375, "dvar2": 143805.0625, "max": 18992.2851562, "mean": 575.859680176, "median": 387.59765625, "min": 215.33203125, "var": 1134716.125}, "spectral_skewness": {"dmean": 0.620545804501, "dmean2": 1.00427985191, "dvar": 0.366244018078, "dvar2": 0.893592298031, "max": 10.8535451889, "mean": 4.3030257225, "median": 4.18393850327, "min": 0.043723449111, "var": 2.45237064362}, "spectral_spread": {"dmean": 335597.625, "dmean2": 530566.1875, "dvar": 235069227008, "dvar2": 422398525440, "max": 40604776, "mean": 2276709.25, "median": 2020060.875, "min": 557852.5625, "var": 1369848020990.0}, "spectral_strongpeak": {"dmean": 0.334268897772, "dmean2": 0.520378232002, "dvar": 0.268976420164, "dvar2": 0.627445578575, "max": 7.07014226913, "mean": 0.905315339565, "median": 0.669106066227, "min": 0, "var": 0.634127020836}, "zerocrossingrate": {"dmean": 0.00262752291746, "dmean2": 0.00322273629718, "dvar": 1.84887412615e-05, "dvar2": 2.27412256208e-05, "max": 0.51904296875, "mean": 0.0228321831673, "median": 0.01806640625, "min": 0.0078125, "var": 0.000824083457701}, "barkbands": {"dmean": [3.35235245075e-06, 0.000394083792344, 0.000254244776443, 0.000461135496153, 0.00308705377392, 0.00331646762788, 0.000294053839752, 0.000119520591397, 0.000258858199231, 8.17468026071e-05, 5.44543217984e-05, 1.40291977004e-05, 6.58710123389e-05, 0.000107717343781, 3.0239656553e-05, 2.68500225502e-05, 1.93694377231e-05, 7.30990177544e-06, 8.05652598501e-06, 5.77898663323e-06, 4.93537254442e-06, 4.39631367044e-06, 2.99020007333e-06, 2.0537254386e-06, 1.12909162908e-06, 4.35841286617e-07, 1.17907354991e-07], "dmean2": [5.44065414942e-06, 0.000543584756088, 0.000371499656467, 0.000773394946009, 0.00491140875965, 0.00459356186911, 0.000415936665377, 0.000163388860528, 0.000310802424792, 0.000115009177534, 6.8752313382e-05, 2.01161219593e-05, 8.85007248144e-05, 0.000118841409858, 4.6619996283e-05, 3.77521027985e-05, 2.85020269075e-05, 1.15303473649e-05, 1.22008941617e-05, 8.4179591795e-06, 7.32416992832e-06, 6.5073031692e-06, 4.4401795094e-06, 3.07686127599e-06, 1.6560501308e-06, 6.50197534924e-07, 1.867153685e-07], "dvar": [2.8061466345e-11, 1.46727256833e-06, 1.05880940282e-06, 9.2840355137e-07, 4.3378022383e-05, 7.96922322479e-05, 5.92630556184e-07, 1.03561866638e-07, 8.24713765724e-07, 1.40648651836e-07, 3.54714728701e-08, 2.77792633341e-09, 4.69963303829e-08, 2.49264786589e-07, 3.47316486682e-08, 1.16535545658e-08, 5.93769433621e-09, 2.02038408226e-09, 3.14574655214e-09, 9.21830611844e-10, 9.51053902298e-10, 9.70744373774e-10, 4.35259717158e-10, 1.91927154725e-10, 5.90256316046e-11, 8.2684969982e-12, 4.75619110069e-13], "dvar2": [7.5413252032e-11, 2.51488563663e-06, 2.13688372241e-06, 2.73632713288e-06, 0.000115571994684, 0.00015824388538, 1.39649273478e-06, 2.24540997351e-07, 1.25786903027e-06, 3.07163020352e-07, 6.678450859e-08, 5.74911940276e-09, 1.00327341102e-07, 3.50168704699e-07, 8.58613091737e-08, 2.57532377645e-08, 1.4567305584e-08, 4.85632689617e-09, 7.14048864481e-09, 2.00026128994e-09, 2.06704431349e-09, 2.09739803303e-09, 8.8452872804e-10, 4.06361333471e-10, 1.22774762579e-10, 1.7705396177e-11, 1.08268071158e-12], "max": [0.000133494933834, 0.0373240895569, 0.0311803501099, 0.0169289447367, 0.139982402325, 0.227027192712, 0.0163873527199, 0.00728662218899, 0.0389292128384, 0.0189835429192, 0.0097926883027, 0.00179982220288, 0.00715185608715, 0.0171701572835, 0.0138222593814, 0.00324152014218, 0.0030403251294, 0.00142615858931, 0.00443801376969, 0.000809338467661, 0.000680705590639, 0.000929606379941, 0.000551877776161, 0.000383093429264, 0.000194428794202, 7.83401701483e-05, 1.60807630891e-05], "mean": [4.0515328692e-06, 0.00077821983723, 0.000500548398122, 0.00122542923782, 0.00886885542423, 0.00596354994923, 0.000793030660134, 0.000382836413337, 0.000887586385943, 0.000211029750062, 0.000149438506924, 3.11043040711e-05, 0.000156064750627, 0.000335453631124, 6.28863563179e-05, 6.54533723718e-05, 4.41169504484e-05, 1.16485280159e-05, 1.29279105749e-05, 9.61022578849e-06, 6.47306478641e-06, 5.42673933523e-06, 3.46653791894e-06, 2.34787785303e-06, 1.26926317989e-06, 5.32171043233e-07, 1.73633594613e-07], "median": [2.2751578399e-06, 9.56588773988e-05, 3.70924244635e-05, 0.000734692090191, 0.00650134589523, 0.00166181463283, 0.000195610671653, 0.00014825357357, 0.000169060891494, 3.45674525306e-05, 3.62081336789e-05, 4.23337223765e-06, 2.26244792429e-05, 7.55351356929e-06, 4.25346752309e-06, 3.77022706743e-06, 3.39815642292e-06, 1.07656603632e-06, 1.10502480766e-06, 8.17310535695e-07, 5.9115023987e-07, 4.77818275613e-07, 2.8507926686e-07, 1.94369206952e-07, 1.48212706108e-07, 1.0795510974e-07, 8.53509050103e-08], "min": [1.50212164113e-23, 2.91399601699e-23, 4.02027301457e-24, 2.27899292556e-24, 5.56503566419e-23, 6.53138080675e-23, 2.93842924804e-23, 2.54373657806e-23, 7.14501424791e-23, 3.50817299278e-23, 9.09100220355e-23, 1.2210323568e-22, 8.70144880459e-23, 9.00127400874e-23, 2.15034117407e-22, 9.51916939717e-23, 1.13182077123e-22, 2.55317747605e-22, 1.55360538594e-22, 3.87197797178e-22, 4.4918058012e-22, 5.64348617727e-22, 4.99913651195e-22, 1.06961995976e-21, 1.25390594515e-21, 1.71420640956e-21, 2.45899854064e-21], "var": [3.25931573397e-11, 5.21802439835e-06, 2.76517107523e-06, 2.04032585316e-06, 0.000106683262857, 0.000179211478098, 2.18614604819e-06, 4.26021841804e-07, 4.87568922836e-06, 6.738199545e-07, 1.30728665226e-07, 8.41251956984e-09, 1.28260154497e-07, 1.42218527799e-06, 4.96020788887e-08, 3.61284406836e-08, 1.69807172767e-08, 2.23396723342e-09, 6.23030116387e-09, 1.2926203441e-09, 1.09745856847e-09, 1.095763702e-09, 5.06087616259e-10, 2.16730786096e-10, 6.78379852292e-11, 9.10044435642e-12, 4.63421727208e-13]}, "erbbands": {"dmean": [0.00395324360579, 0.111371293664, 0.328926026821, 0.798552155495, 3.62545895576, 13.5834732056, 23.5956268311, 27.2075653076, 6.16020393372, 3.38614225388, 1.9010258913, 7.34248971939, 2.39443635941, 2.52718234062, 1.85131835938, 0.825357615948, 2.95291018486, 5.75460624695, 2.18125486374, 1.33835792542, 1.5655901432, 0.875138342381, 0.557257950306, 0.450915277004, 0.338964670897, 0.279685825109, 0.225015714765, 0.186116725206, 0.159539490938, 0.113303005695, 0.0818159878254, 0.0486233308911, 0.0333634987473, 0.0155809083953, 0.00620871689171, 0.00215040054172, 0.000815349747427, 0.000187163648661, 2.16839998757e-05, 7.42902648199e-06], "dmean2": [0.00631211744621, 0.151855930686, 0.451483726501, 1.34584343433, 5.84140539169, 22.477104187, 33.7326927185, 37.382019043, 8.42373752594, 4.79399394989, 2.49200344086, 8.85456752777, 3.05380249023, 3.52487373352, 2.25979280472, 1.105514884, 3.94048810005, 6.40473747253, 2.92102909088, 1.95530724525, 2.25538063049, 1.31179606915, 0.836033642292, 0.681223213673, 0.51493948698, 0.411483615637, 0.330063313246, 0.275134980679, 0.237610086799, 0.166408926249, 0.122133553028, 0.0720075294375, 0.0501443259418, 0.0229226183146, 0.00918085873127, 0.00318226031959, 0.00123784155585, 0.000284845678834, 3.40817423421e-05, 1.04765376818e-05], "dvar": [8.23929003673e-05, 0.122353345156, 1.45948040485, 3.67025852203, 41.5068588257, 857.416503906, 3047.45654297, 6177.875, 186.078369141, 63.0402488708, 17.6671695709, 678.230834961, 70.8827667236, 123.777290344, 35.2480316162, 6.621986866, 84.0040893555, 619.838867188, 51.3108482361, 137.730026245, 41.6454086304, 16.4589519501, 6.8506526947, 8.73707103729, 3.68570280075, 2.30047488213, 1.76093649864, 1.56200027466, 1.24632167816, 0.715368628502, 0.31125459075, 0.0983503162861, 0.057145241648, 0.0127037819475, 0.00158708181698, 0.000192196486751, 2.81697557512e-05, 1.48338472172e-06, 1.40071270138e-08, 2.06514333412e-10], "dvar2": [0.000180376155186, 0.208284810185, 2.77486920357, 10.4044570923, 121.103309631, 2396.86206055, 6590.04833984, 12527.6064453, 402.421478271, 146.918167114, 31.4097175598, 1055.68066406, 138.81590271, 240.085494995, 64.4581756592, 12.9647922516, 177.890991211, 861.102172852, 95.9451370239, 342.515136719, 95.3037109375, 42.7676048279, 16.5166053772, 19.7849597931, 8.53492164612, 5.06439971924, 3.81594157219, 3.46378684044, 2.71547055244, 1.47196280956, 0.639136195183, 0.207662850618, 0.123978018761, 0.0265051797032, 0.00328148039989, 0.000400338816689, 6.194220623e-05, 3.31652927343e-06, 3.21571391737e-08, 4.42431619119e-10], "max": [0.210733473301, 11.0087070465, 36.6478424072, 40.9788589478, 136.361999512, 592.03112793, 1884.36621094, 1866.10412598, 431.878356934, 190.256027222, 176.840026855, 1107.70495605, 570.713989258, 624.03314209, 230.629440308, 96.0247497559, 295.453033447, 839.781494141, 295.155975342, 938.644226074, 220.659759521, 200.208511353, 86.3716049194, 233.168121338, 66.085105896, 42.1246032715, 34.3088798523, 33.8971595764, 29.7916526794, 22.9998474121, 14.5882883072, 8.38288593292, 6.92278862, 2.9067633152, 1.14952242374, 0.340946346521, 0.155975446105, 0.0290551092476, 0.00266851997003, 0.000330689916154], "mean": [0.00690444139764, 0.220813259482, 0.676221370697, 2.10733628273, 14.1402921677, 30.3611774445, 51.5706825256, 47.8676261902, 15.9947052002, 10.760843277, 6.41843032837, 25.3022823334, 7.31768989563, 7.29657173157, 5.29533910751, 2.19033718109, 7.3433432579, 18.1088562012, 5.71443414688, 3.29501271248, 3.90972018242, 1.91182529926, 1.12479531765, 0.828221797943, 0.509518146515, 0.451310634613, 0.327459871769, 0.243398681283, 0.201339900494, 0.125042825937, 0.095733679831, 0.0569530166686, 0.0369170419872, 0.0174613948911, 0.00715495878831, 0.00257338606752, 0.00100493663922, 0.00022932291904, 3.81268837373e-05, 2.43942995439e-05], "median": [0.00221030064858, 0.022871401161, 0.086638495326, 1.30937314034, 13.9901361465, 17.4165382385, 22.7970180511, 12.4343967438, 5.77543306351, 5.17430114746, 3.43665480614, 4.90770769119, 2.00953912735, 1.31462049484, 1.46048116684, 0.648922741413, 1.61320090294, 1.31532967091, 0.659277260303, 0.412637829781, 0.344508647919, 0.169625967741, 0.114526197314, 0.0710054710507, 0.0486520975828, 0.0385739654303, 0.029438469559, 0.0221899151802, 0.0177159681916, 0.0113991051912, 0.00758826686069, 0.00457740388811, 0.00319052208215, 0.0018364690477, 0.000959515047725, 0.000459553441033, 0.000206651136978, 6.62269376335e-05, 2.15575037146e-05, 1.66956288012e-05], "min": [1.14458643394e-21, 5.46269713023e-21, 4.02660657367e-21, 8.36516686703e-21, 5.98179925118e-20, 2.09244241062e-19, 4.47028720647e-19, 5.54239134551e-19, 4.95197722463e-19, 2.51147905499e-19, 8.92099091195e-19, 1.51331648751e-18, 9.1760489519e-19, 2.50141216354e-18, 4.38665418006e-18, 4.81443228821e-18, 4.4354834788e-18, 5.49999006731e-18, 5.13138473788e-18, 1.15053262775e-17, 4.95041954014e-18, 7.89164384217e-18, 1.42533823998e-17, 7.00956904262e-18, 1.22664234309e-17, 1.95383352864e-17, 1.19458156701e-17, 2.25801629489e-17, 1.70820307292e-17, 2.21275379895e-17, 1.38688699736e-17, 1.78165489152e-17, 2.03869398768e-17, 1.21572752948e-17, 9.14841574277e-18, 5.95604699906e-18, 2.8770774795e-18, 1.48578378082e-18, 3.56432410292e-19, 3.5064683767e-20], "var": [0.000236722684349, 0.434035718441, 4.16743087769, 7.67461585999, 124.78931427, 1780.87670898, 8273.19140625, 13082.4755859, 673.227661133, 249.340988159, 88.013343811, 4014.17675781, 350.725524902, 660.101806641, 141.501846313, 24.0655498505, 239.991714478, 3645.19750977, 263.331726074, 144.255950928, 128.905319214, 33.6366119385, 13.8079900742, 17.8375377655, 4.83994960785, 2.98725581169, 2.15163207054, 1.75723803043, 1.38010454178, 0.80617660284, 0.358875900507, 0.113353095949, 0.0617983862758, 0.014333746396, 0.00189118704293, 0.000228039280046, 2.99898601952e-05, 1.50923563069e-06, 1.37660451927e-08, 6.60984489365e-10]}, "gfcc": {"mean": [-148.34815979, 153.70539856, -92.1112365723, -12.8749876022, -61.423614502, -21.5916137695, -51.1123352051, -22.3570194244, -25.3882656097, -7.78173208237, -14.5012216568, -5.24764633179, -4.10942554474], "cov": [[10439.1904297, 1429.98034668, -1090.3449707, 1533.63208008, 701.851257324, 476.11541748, 98.4223175049, -4.19148921967, 67.5740661621, -164.41468811, -117.933097839, -236.662979126, -54.7124099731], [1429.98034668, 1051.77575684, 272.078582764, 54.2050971985, 199.505874634, 4.43903112411, 129.340682983, -56.1415367126, 19.8500137329, -106.133338928, 13.0668029785, -60.3565559387, 21.189414978], [-1090.3449707, 272.078582764, 1376.58959961, 424.121063232, -5.34069871902, 82.7550582886, 137.159255981, 55.4855232239, -96.8490371704, -114.326408386, -31.0812397003, -16.284116745, -47.5908966064], [1533.63208008, 54.2050971985, 424.121063232, 1110.32836914, 348.812469482, 253.915908813, 99.9270172119, 79.4449234009, -6.26749801636, -73.2535629272, -93.427406311, -92.2222366333, -77.1519775391], [701.851257324, 199.505874634, -5.34069871902, 348.812469482, 351.086517334, 150.4324646, 23.4267597198, 8.06408214569, 40.1125335693, 3.76657176018, -35.2072219849, -60.0910758972, -28.4502716064], [476.11541748, 4.43903112411, 82.7550582886, 253.915908813, 150.4324646, 231.61151123, 61.0054321289, 28.0134563446, 4.12398672104, 16.4860286713, -27.9022254944, -44.8258895874, -42.8719673157], [98.4223175049, 129.340682983, 137.159255981, 99.9270172119, 23.4267597198, 61.0054321289, 144.288696289, 51.1357269287, -6.97782516479, -30.4004535675, -1.65667617321, -0.654736638069, 4.5226020813], [-4.19148921967, -56.1415367126, 55.4855232239, 79.4449234009, 8.06408214569, 28.0134563446, 51.1357269287, 137.13470459, 33.3578605652, -32.2253837585, -38.1546859741, 4.99357509613, 2.23924088478], [67.5740661621, 19.8500137329, -96.8490371704, -6.26749801636, 40.1125335693, 4.12398672104, -6.97782516479, 33.3578605652, 94.2995758057, 38.5334777832, -10.4260406494, -7.91025447845, 6.592669487], [-164.41468811, -106.133338928, -114.326408386, -73.2535629272, 3.76657176018, 16.4860286713, -30.4004535675, -32.2253837585, 38.5334777832, 124.791259766, 43.585319519, -14.567278862, -15.0131111145], [-117.933097839, 13.0668029785, -31.0812397003, -93.427406311, -35.2072219849, -27.9022254944, -1.65667617321, -38.1546859741, -10.4260406494, 43.585319519, 99.5805664062, 33.6343688965, 7.24313926697], [-236.662979126, -60.3565559387, -16.284116745, -92.2222366333, -60.0910758972, -44.8258895874, -0.654736638069, 4.99357509613, -7.91025447845, -14.567278862, 33.6343688965, 101.230926514, 49.3545646667], [-54.7124099731, 21.189414978, -47.5908966064, -77.1519775391, -28.4502716064, -42.8719673157, 4.5226020813, 2.23924088478, 6.592669487, -15.0131111145, 7.24313926697, 49.3545646667, 78.309967041]], "icov": [[0.000769043923356, -0.00237486232072, 0.00171593762934, -0.00208778050728, 0.0022633834742, -0.00174359825905, 0.00218949071132, -0.00160956324544, 0.00192732620053, -0.00126098433975, 0.000551963050384, -0.00079180294415, -2.90120078716e-06], [-0.00237486232072, 0.00992250442505, -0.00590415066108, 0.00728307012469, -0.00905416626483, 0.0061613349244, -0.00931529700756, 0.00770977372304, -0.00899861380458, 0.00799425598234, -0.00392224313691, 0.00518624996766, -0.000971254426986], [0.00171593762934, -0.00590415066108, 0.0049749519676, -0.00525585236028, 0.00592650193721, -0.0040401048027, 0.00483547896147, -0.00426898989826, 0.00560900988057, -0.00338513031602, 0.00169304269366, -0.00248521193862, 0.000714331166819], [-0.00208778050728, 0.00728307012469, -0.00525585236028, 0.00777494255453, -0.00824680365622, 0.00426507834345, -0.00682725664228, 0.0047607505694, -0.00591740757227, 0.005316125229, -0.00182247569319, 0.00316224712878, 0.000326486915583], [0.0022633834742, -0.00905416626483, 0.00592650193721, -0.00824680365622, 0.0141195775941, -0.00840817019343, 0.00893837120384, -0.00539905345067, 0.00507517671213, -0.00550036504865, 0.00260486919433, -0.00280781975016, -0.000280311505776], [-0.00174359825905, 0.0061613349244, -0.0040401048027, 0.00426507834345, -0.00840817019343, 0.0127969104797, -0.00893784500659, 0.00367701542564, -0.00293456017971, 0.000284522218863, 0.0005479962565, 0.0017391575966, 0.00237839017063], [0.00218949071132, -0.00931529700756, 0.00483547896147, -0.00682725664228, 0.00893837120384, -0.00893784500659, 0.0195281412452, -0.0109180668369, 0.00876448489726, -0.00504883751273, -3.2283278415e-05, -0.00287694623694, -0.0020884082187], [-0.00160956324544, 0.00770977372304, -0.00426898989826, 0.0047607505694, -0.00539905345067, 0.00367701542564, -0.0109180668369, 0.018477620557, -0.0136196073145, 0.00968041364104, -0.000121692246466, 0.00186776707415, 0.000875590310898], [0.00192732620053, -0.00899861380458, 0.00560900988057, -0.00591740757227, 0.00507517671213, -0.00293456017971, 0.00876448489726, -0.0136196073145, 0.0270548686385, -0.0162132009864, 0.00721047725528, -0.00475202826783, -0.00157713505905], [-0.00126098433975, 0.00799425598234, -0.00338513031602, 0.005316125229, -0.00550036504865, 0.000284522218863, -0.00504883751273, 0.00968041364104, -0.0162132009864, 0.0249887630343, -0.0125133106485, 0.0089697279036, -3.17029043799e-05], [0.000551963050384, -0.00392224313691, 0.00169304269366, -0.00182247569319, 0.00260486919433, 0.0005479962565, -3.2283278415e-05, -0.000121692246466, 0.00721047725528, -0.0125133106485, 0.0205642301589, -0.0104806367308, 0.00362934870645], [-0.00079180294415, 0.00518624996766, -0.00248521193862, 0.00316224712878, -0.00280781975016, 0.0017391575966, -0.00287694623694, 0.00186776707415, -0.00475202826783, 0.0089697279036, -0.0104806367308, 0.0225748959929, -0.0114452540874], [-2.90120078716e-06, -0.000971254426986, 0.000714331166819, 0.000326486915583, -0.000280311505776, 0.00237839017063, -0.0020884082187, 0.000875590310898, -0.00157713505905, -3.17029043799e-05, 0.00362934870645, -0.0114452540874, 0.0220864769071]]}, "melbands": {"dmean": [7.1146117989e-05, 0.000169855862623, 0.000208763012779, 0.000538263178896, 0.000828757416457, 0.000600329076406, 8.25571041787e-05, 3.53060677298e-05, 1.83424162969e-05, 4.48470455012e-05, 1.08163385448e-05, 1.06052357296e-05, 6.50119045531e-06, 2.45287174039e-06, 3.59506952918e-06, 7.00516238794e-06, 1.23867812363e-05, 4.04358661399e-06, 1.69688246388e-06, 2.04100979317e-06, 1.69880161138e-06, 8.43582256493e-07, 1.00270938219e-06, 2.9539214097e-07, 3.90014378127e-07, 2.73798093531e-07, 2.15820236349e-07, 1.92269382637e-07, 1.58860018473e-07, 1.1654164922e-07, 1.12304086031e-07, 9.51064222932e-08, 7.58840812409e-08, 5.83286805522e-08, 5.06588975213e-08, 3.78588076444e-08, 2.68654449798e-08, 2.47246703111e-08, 1.96272491593e-08, 1.09948183891e-08], "dmean2": [0.000103551319626, 0.000225596522796, 0.000342127401382, 0.000900351558812, 0.00119751133025, 0.000825371185783, 0.00011408165301, 5.01106260344e-05, 2.38628526859e-05, 5.34808896191e-05, 1.40683541758e-05, 1.49881825564e-05, 8.29923101264e-06, 3.04093168779e-06, 4.81892220705e-06, 9.47614898905e-06, 1.36291155286e-05, 5.30141051058e-06, 2.57031388173e-06, 2.87850480163e-06, 2.48465494224e-06, 1.29549255234e-06, 1.46923855482e-06, 4.59523306517e-07, 5.90703052694e-07, 4.1841119014e-07, 3.30191710418e-07, 2.81673464997e-07, 2.34068494365e-07, 1.74125801777e-07, 1.69188325572e-07, 1.41852083857e-07, 1.13387677914e-07, 8.60456950136e-08, 7.70519932303e-08, 5.62076500898e-08, 4.03360154166e-08, 3.73841473333e-08, 2.9591634032e-08, 1.60773687696e-08], "dvar": [4.11616056795e-08, 3.38264300126e-07, 1.62846134799e-07, 1.17143008538e-06, 3.20270487464e-06, 2.85952637569e-06, 3.81911142711e-08, 7.50242001857e-09, 3.06496650282e-09, 2.55212881939e-08, 1.78306291954e-09, 2.53779108839e-09, 5.42963896066e-10, 4.66002895994e-11, 1.36723521393e-10, 7.33161309441e-10, 3.30227778456e-09, 2.01860514415e-10, 1.43259029639e-10, 1.16678333661e-10, 5.11470865661e-11, 2.17679364117e-11, 1.99792959954e-11, 3.04532983032e-12, 7.27580495852e-12, 3.30626108089e-12, 1.42160241912e-12, 1.07399039748e-12, 8.22186557118e-13, 4.77933935917e-13, 6.12882249292e-13, 4.42640119436e-13, 3.31712088353e-13, 1.91953332569e-13, 1.2204399004e-13, 6.49105267691e-14, 3.04101768723e-14, 3.08794399014e-14, 2.25472394797e-14, 5.95796368242e-15], "dvar2": [7.52078932464e-08, 5.91942637129e-07, 4.65552602691e-07, 3.36893845088e-06, 7.22570575817e-06, 5.74026944378e-06, 8.45393230975e-08, 1.71168519358e-08, 4.86539564193e-09, 3.88824332731e-08, 3.76345932196e-09, 5.07141262318e-09, 1.091432833e-09, 8.06352762339e-11, 2.60407057029e-10, 1.61287960765e-09, 4.58888127497e-09, 3.51568052448e-10, 3.43624406707e-10, 2.81155460025e-10, 1.1739682837e-10, 6.04014754879e-11, 4.55607253314e-11, 7.10123149519e-12, 1.65351760062e-11, 7.49860850496e-12, 3.30025243245e-12, 2.3648080022e-12, 1.80967925107e-12, 1.0340749524e-12, 1.39375999891e-12, 9.78888086041e-13, 7.29560726068e-13, 3.93803343884e-13, 2.58527899609e-13, 1.35434700022e-13, 6.62850444021e-14, 6.89749364395e-14, 4.87042521656e-14, 1.2237188327e-14], "max": [0.00576872285455, 0.0185545478016, 0.00740770809352, 0.0226877443492, 0.0511026382446, 0.0383343137801, 0.00582751631737, 0.00170408503618, 0.00305672315881, 0.0059907278046, 0.00277430610731, 0.00285531510599, 0.00106769532431, 0.000207155710086, 0.000331746734446, 0.000993752502836, 0.00194031896535, 0.000475916458527, 0.000950273242779, 0.000730305036996, 0.000252268189797, 0.000277201150311, 0.000190383274457, 4.73557847727e-05, 0.000223500392167, 0.000124881262309, 3.4243970731e-05, 2.82974306174e-05, 2.45481460297e-05, 1.80134447874e-05, 2.2070700652e-05, 1.65396468219e-05, 1.98354973691e-05, 9.50410048972e-06, 9.89108139038e-06, 7.58929263611e-06, 4.50713423561e-06, 5.28256305188e-06, 4.13025691159e-06, 1.84765372069e-06], "mean": [0.000136558010126, 0.000350386515493, 0.000730280065909, 0.00149500067346, 0.00189452816267, 0.00105555541813, 0.000219575609663, 0.000113347407023, 5.81576932746e-05, 0.000156117937877, 3.03633878502e-05, 2.93963967124e-05, 1.78139889613e-05, 6.84393808115e-06, 7.97211760073e-06, 1.6575158952e-05, 3.8984537241e-05, 1.06176748886e-05, 3.89317483496e-06, 4.93081370223e-06, 4.11407245338e-06, 1.69609211298e-06, 2.1810196813e-06, 4.69187995122e-07, 6.98869314419e-07, 4.15231852458e-07, 3.17532681038e-07, 3.03424997128e-07, 2.35021644812e-07, 1.53717778062e-07, 1.42150000215e-07, 1.24797665535e-07, 8.08132583074e-08, 6.31581045241e-08, 5.8082232357e-08, 4.50157280341e-08, 3.0075632651e-08, 2.68224429334e-08, 2.12452988535e-08, 1.23802168517e-08], "median": [2.3776136004e-05, 2.9668366551e-05, 0.000710453256033, 0.00120256911032, 0.000913068768568, 0.000280567444861, 6.61620215396e-05, 5.24418683199e-05, 2.46525887633e-05, 2.70997497864e-05, 6.79927825331e-06, 3.39430766871e-06, 4.53218035545e-06, 1.53345035869e-06, 1.50788139308e-06, 1.83832605671e-06, 1.34297124532e-06, 7.7970980783e-07, 2.63715463689e-07, 4.97032488056e-07, 2.66193268317e-07, 1.39817998956e-07, 1.53438293182e-07, 5.26468575401e-08, 5.42512488266e-08, 3.41771198009e-08, 2.91169950373e-08, 2.35688091266e-08, 1.97353013931e-08, 1.33846098649e-08, 1.22118342105e-08, 1.05462163447e-08, 7.06117297966e-09, 5.5600226645e-09, 4.29386082246e-09, 3.56685436742e-09, 2.37055597374e-09, 2.26853869023e-09, 1.76450754008e-09, 1.4093113343e-09], "min": [9.66943651334e-24, 3.88914106072e-24, 2.65220341425e-24, 8.68093936769e-24, 1.54303275654e-23, 1.24382641377e-23, 7.02588710043e-24, 3.1068351952e-24, 8.51048388101e-24, 9.44617862197e-24, 4.24834295746e-24, 9.54284642615e-24, 1.31958758959e-23, 1.67561629334e-23, 8.46039436898e-24, 8.96285458939e-24, 1.05895757061e-23, 5.01961384222e-24, 1.83957014621e-23, 1.0465701667e-23, 4.74641356137e-24, 6.32368690439e-24, 1.36882891838e-23, 1.1282217669e-23, 4.65788246299e-24, 7.22413573452e-24, 1.18715172756e-23, 1.30609617485e-23, 6.6397160215e-24, 9.85061340858e-24, 1.30525296142e-23, 8.63368738833e-24, 1.27458488933e-23, 1.12069855822e-23, 7.88806079388e-24, 8.83948068812e-24, 1.11639516421e-23, 1.24645063846e-23, 1.69558914705e-23, 7.8399394898e-24], "var": [1.40915702218e-07, 1.12133216135e-06, 4.16758808797e-07, 2.42161604547e-06, 8.64966841618e-06, 6.06175808571e-06, 1.42808289638e-07, 3.0116890315e-08, 1.57887782848e-08, 1.56660064476e-07, 8.17252931995e-09, 1.3240899932e-08, 1.82660730985e-09, 2.1402890571e-10, 4.19460188805e-10, 1.87106197203e-09, 1.92587581438e-08, 1.00097197198e-09, 1.90230664554e-10, 1.89285281893e-10, 1.57916027477e-10, 3.04770132742e-11, 6.79382383684e-11, 3.46319197278e-12, 1.52473970949e-11, 5.94603229501e-12, 1.66435290029e-12, 1.44991635885e-12, 1.03996813331e-12, 5.76199244567e-13, 6.72969926313e-13, 4.95531784009e-13, 3.42604064693e-13, 2.17320627639e-13, 1.3515807939e-13, 7.6726988749e-14, 3.32900143541e-14, 3.21727474035e-14, 2.43247347313e-14, 6.8676728326e-15]}, "mfcc": {"mean": [-807.907775879, 194.113433838, 16.2329559326, 11.6201868057, -4.38865184784, -8.18607997894, -21.3550739288, -19.3356018066, -15.7341403961, -12.3521356583, -12.8867731094, -9.34939575195, -10.7587928772], "cov": [[8301.10253906, 750.381530762, -984.989135742, 1168.38122559, 712.948486328, 667.634033203, 260.55267334, 379.521026611, 305.147796631, 202.28314209, -115.447814941, 129.645874023, 16.1885623932], [750.381530762, 1326.88061523, 183.266921997, 104.998558044, 79.3952941895, 94.2766952515, 93.1153945923, 62.5263938904, 8.24453258514, -21.053730011, 41.4600448608, -26.9499015808, -32.5797309875], [-984.989135742, 183.266921997, 999.508911133, 357.911590576, 95.4038619995, 95.6413803101, 183.239273071, 134.637298584, 0.759292960167, 11.2509288788, 73.6922454834, -78.5073242188, -38.3717193604], [1168.38122559, 104.998558044, 357.911590576, 844.748901367, 428.693206787, 313.525482178, 216.866088867, 206.578460693, 130.180526733, 84.5712738037, 14.7494449615, 5.517121315, -4.65960884094], [712.948486328, 79.3952941895, 95.4038619995, 428.693206787, 399.236450195, 247.667556763, 112.656089783, 102.628265381, 93.76146698, 76.8506240845, 18.8287792206, 22.5547847748, 7.1859664917], [667.634033203, 94.2766952515, 95.6413803101, 313.525482178, 247.667556763, 297.001190186, 149.901275635, 66.7062072754, 55.6635627747, 61.6824645996, 36.0524291992, 25.9315357208, 2.68801784515], [260.55267334, 93.1153945923, 183.239273071, 216.866088867, 112.656089783, 149.901275635, 198.461929321, 105.173225403, 20.3077449799, 42.352848053, 27.7463626862, -16.1903972626, -4.40809774399], [379.521026611, 62.5263938904, 134.637298584, 206.578460693, 102.628265381, 66.7062072754, 105.173225403, 199.510620117, 103.220176697, 11.8144893646, -14.2193975449, -3.40765094757, -1.66057014465], [305.147796631, 8.24453258514, 0.759292960167, 130.180526733, 93.76146698, 55.6635627747, 20.3077449799, 103.220176697, 179.279266357, 45.6949043274, -20.297372818, 25.4024887085, 15.2051334381], [202.28314209, -21.053730011, 11.2509288788, 84.5712738037, 76.8506240845, 61.6824645996, 42.352848053, 11.8144893646, 45.6949043274, 132.426483154, 40.4216079712, 2.95392012596, 9.50944805145], [-115.447814941, 41.4600448608, 73.6922454834, 14.7494449615, 18.8287792206, 36.0524291992, 27.7463626862, -14.2193975449, -20.297372818, 40.4216079712, 108.279594421, 12.6449098587, -18.3626194], [129.645874023, -26.9499015808, -78.5073242188, 5.517121315, 22.5547847748, 25.9315357208, -16.1903972626, -3.40765094757, 25.4024887085, 2.95392012596, 12.6449098587, 97.9425125122, 30.2837257385], [16.1885623932, -32.5797309875, -38.3717193604, -4.65960884094, 7.1859664917, 2.68801784515, -4.40809774399, -1.66057014465, 15.2051334381, 9.50944805145, -18.3626194, 30.2837257385, 78.3897323608]], "icov": [[0.000341027451213, -0.000220085028559, 0.000630758237094, -0.000627743662335, 0.000394913717173, -0.000616128090769, 0.000380292505724, -0.000690268643666, 0.000361907586921, -0.000445110956207, 0.000320086139254, -3.54629955837e-05, 0.000173710446688], [-0.000220085028559, 0.000960480829235, -0.000476432323921, 0.000516356609296, -0.000397707306547, 0.000241096189711, -0.000462066818727, 0.00037911569234, -0.000357115233783, 0.000718276540283, -0.000554174243007, 0.000249088188866, 8.44846726977e-06], [0.000630758237094, -0.000476432323921, 0.00275298464112, -0.00196975050494, 0.00114946707617, -0.000719779229257, -0.000108362066385, -0.00154285458848, 0.000684157887008, -0.000192872947082, -0.000807769130915, 0.00112297513988, 5.04047275172e-05], [-0.000627743662335, 0.000516356609296, -0.00196975050494, 0.00485487142578, -0.00353157403879, 0.00035348025267, -0.00133281957824, 8.7484724645e-05, -0.00068968324922, 0.000516049214639, 0.000412498629885, -0.000329398812028, 0.000202209630515], [0.000394913717173, -0.000397707306547, 0.00114946707617, -0.00353157403879, 0.00876680295914, -0.00559298787266, 0.00327497790568, -0.00221893447451, 0.00048574025277, -0.0020679703448, 0.000239677072386, 0.000417838251451, -0.000317442958476], [-0.000616128090769, 0.000241096189711, -0.000719779229257, 0.00035348025267, -0.00559298787266, 0.0127721615136, -0.00845322571695, 0.00547392759472, -0.00279456796125, 0.00178114813752, -0.00154656649102, -0.00228648912162, 0.000458501977846], [0.000380292505724, -0.000462066818727, -0.000108362066385, -0.00133281957824, 0.00327497790568, -0.00845322571695, 0.0160556770861, -0.0089557422325, 0.00530208833516, -0.00380118493922, -0.000277954910416, 0.00234202807769, -0.00123725470621], [-0.000690268643666, 0.00037911569234, -0.00154285458848, 8.7484724645e-05, -0.00221893447451, 0.00547392759472, -0.0089557422325, 0.0152238681912, -0.00828443747014, 0.00425597140566, 3.01705426864e-06, -0.000272481993306, 0.000581281608902], [0.000361907586921, -0.000357115233783, 0.000684157887008, -0.00068968324922, 0.00048574025277, -0.00279456796125, 0.00530208833516, -0.00828443747014, 0.0122698834166, -0.00530340801924, 0.00310657126829, -0.00222698529251, 9.61249606917e-05], [-0.000445110956207, 0.000718276540283, -0.000192872947082, 0.000516049214639, -0.0020679703448, 0.00178114813752, -0.00380118493922, 0.00425597140566, -0.00530340801924, 0.0130391540006, -0.00602293247357, 0.00271657155827, -0.00268180808052], [0.000320086139254, -0.000554174243007, -0.000807769130915, 0.000412498629885, 0.000239677072386, -0.00154656649102, -0.000277954910416, 3.01705426864e-06, 0.00310657126829, -0.00602293247357, 0.0150880217552, -0.00504384189844, 0.00495913811028], [-3.54629955837e-05, 0.000249088188866, 0.00112297513988, -0.000329398812028, 0.000417838251451, -0.00228648912162, 0.00234202807769, -0.000272481993306, -0.00222698529251, 0.00271657155827, -0.00504384189844, 0.0151746748015, -0.00613441877067], [0.000173710446688, 8.44846726977e-06, 5.04047275172e-05, 0.000202209630515, -0.000317442958476, 0.000458501977846, -0.00123725470621, 0.000581281608902, 9.61249606917e-05, -0.00268180808052, 0.00495913811028, -0.00613441877067, 0.0165554359555]]}, "spectral_contrast_coeffs": {"dmean": [0.0416694618762, 0.0418292060494, 0.0377782359719, 0.0306945275515, 0.0187928155065, 0.0127452062443], "dmean2": [0.06930436939, 0.0654826685786, 0.0577128529549, 0.0459581725299, 0.0283453259617, 0.0194739643484], "dvar": [0.0013057574397, 0.00197723833844, 0.00141639902722, 0.000986369675957, 0.000395827373723, 0.000190662758541], "dvar2": [0.00339767779224, 0.00453125312924, 0.0030878642574, 0.00181907089427, 0.000752343330532, 0.000384962768294], "max": [-0.212434738874, -0.285857617855, -0.382963985205, -0.394747078419, -0.529579401016, -0.61285507679], "mean": [-0.474980175495, -0.585273087025, -0.64579808712, -0.697819828987, -0.804356336594, -0.813702583313], "median": [-0.468435645103, -0.591257333755, -0.645703554153, -0.700718104839, -0.824832201004, -0.81851875782], "min": [-0.941897630692, -0.965061843395, -0.964016020298, -0.977510273457, -0.961673796177, -0.958720386028], "var": [0.00634844973683, 0.00814557820559, 0.00839109253138, 0.00982572790235, 0.00513461185619, 0.00175950699486]}, "spectral_contrast_valleys": {"dmean": [0.443360179663, 0.35821685195, 0.407536506653, 0.350778162479, 0.250976860523, 0.195358946919], "dmean2": [0.733035802841, 0.563984930515, 0.640413165092, 0.546661019325, 0.379871577024, 0.28647556901], "dvar": [0.161414250731, 0.143736004829, 0.181553184986, 0.150919258595, 0.102974310517, 0.0709935575724], "dvar2": [0.382110029459, 0.330056935549, 