{"lowlevel": {"average_loudness": 0.00388891715556, "barkbands_crest": {"dmean": 1.83128774166, "dmean2": 2.6379172802, "dvar": 3.67326521873, "dvar2": 8.39454650879, "max": 26.7465763092, "mean": 15.6459960938, "median": 15.0821561813, "min": 4.70078086853, "var": 29.7147808075}, "barkbands_flatness_db": {"dmean": 0.0151326553896, "dmean2": 0.021019468084, "dvar": 0.000182973788469, "dvar2": 0.00035827231477, "max": 0.457565009594, "mean": 0.280244350433, "median": 0.280976802111, "min": 0.0858449935913, "var": 0.00439333263785}, "barkbands_kurtosis": {"dmean": 4.59543228149, "dmean2": 6.32774400711, "dvar": 84.5222625732, "dvar2": 166.86831665, "max": 474.358734131, "mean": 14.7792949677, "median": 7.6226067543, "min": -1.94854700565, "var": 544.092102051}, "barkbands_skewness": {"dmean": 0.489284515381, "dmean2": 0.661994278431, "dvar": 0.293592780828, "dvar2": 0.552925229073, "max": 20.0306091309, "mean": 2.86447525024, "median": 2.42539787292, "min": -9.24563789368, "var": 3.58826541901}, "barkbands_spread": {"dmean": 1.53193473816, "dmean2": 2.2948987484, "dvar": 4.03364229202, "dvar2": 9.4300737381, "max": 98.130821228, "mean": 7.6809015274, "median": 5.7583823204, "min": 0.241733402014, "var": 54.1950531006}, "dissonance": {"dmean": 0.0238371323794, "dmean2": 0.0395177341998, "dvar": 0.000464324111817, "dvar2": 0.00126113963779, "max": 0.500000119209, "mean": 0.419525355101, "median": 0.424597889185, "min": 0.220528453588, "var": 0.00207554223016}, "dynamic_complexity": 6.60996484756, "erbbands_crest": {"dmean": 2.46836042404, "dmean2": 3.56363844872, "dvar": 5.47421979904, "dvar2": 12.5129852295, "max": 32.3283157349, "mean": 15.7583026886, "median": 14.737537384, "min": 2.78301477432, "var": 42.8635940552}, "erbbands_flatness_db": {"dmean": 0.0114975096658, "dmean2": 0.016026545316, "dvar": 0.000106154169771, "dvar2": 0.000227751646889, "max": 0.435090750456, "mean": 0.284524381161, "median": 0.283725559711, "min": 0.0839118286967, "var": 0.00211110152304}, "erbbands_kurtosis": {"dmean": 1.5694475174, "dmean2": 2.28428530693, "dvar": 9.11684894562, "dvar2": 19.6450233459, "max": 175.115356445, "mean": 3.2352001667, "median": 1.60509085655, "min": -1.75707745552, "var": 35.6628570557}, "erbbands_skewness": {"dmean": 0.346416085958, "dmean2": 0.491837114096, "dvar": 0.110513150692, "dvar2": 0.244497433305, "max": 10.9314832687, "mean": 1.49908161163, "median": 1.35443043709, "min": -2.25685691833, "var": 1.08038210869}, "erbbands_spread": {"dmean": 3.45541882515, "dmean2": 5.21910095215, "dvar": 10.9504003525, "dvar2": 26.2140216827, "max": 129.198760986, "mean": 21.5522212982, "median": 19.5358505249, "min": 1.51391172409, "var": 130.094711304}, "hfc": {"dmean": 1.118486166, "dmean2": 1.324608922, "dvar": 5.20932102203, "dvar2": 8.50050544739, "max": 71.9421539307, "mean": 6.64188861847, "median": 2.94987511635, "min": 1.25925847169e-16, "var": 76.2585372925}, "melbands_crest": {"dmean": 2.26793456078, "dmean2": 3.20036292076, "dvar": 5.79475307465, "dvar2": 12.5617084503, "max": 31.4785366058, "mean": 19.7774047852, "median": 20.2480354309, "min": 2.02600288391, "var": 39.8071670532}, "melbands_flatness_db": {"dmean": 0.0151210073382, "dmean2": 0.0201852396131, "dvar": 0.000203900432098, "dvar2": 0.00036984399776, "max": 0.542729318142, "mean": 0.317183107138, "median": 0.31381380558, "min": 0.00858083087951, "var": 0.0065706348978}, "melbands_kurtosis": {"dmean": 6.66071748734, "dmean2": 9.14977073669, "dvar": 86.5462799072, "dvar2": 166.062057495, "max": 240.097793579, "mean": 23.0649623871, "median": 13.7048025131, "min": -1.58339488506, "var": 686.069213867}, "melbands_skewness": {"dmean": 0.567773342133, "dmean2": 0.763159453869, "dvar": 0.302723199129, "dvar2": 0.589339435101, "max": 11.8345651627, "mean": 3.43164896965, "median": 3.0234413147, "min": -0.413797199726, "var": 3.28107905388}, "melbands_spread": {"dmean": 2.00621151924, "dmean2": 3.02685475349, "dvar": 13.3937015533, "dvar2": 32.770980835, "max": 148.177322388, "mean": 8.90171718597, "median": 6.61563205719, "min": 0.441548675299, "var": 102.289772034}, "pitch_salience": {"dmean": 0.0479355640709, "dmean2": 0.0682148858905, "dvar": 0.00193050049711, "dvar2": 0.00407381122932, "max": 0.829543948174, "mean": 0.425688415766, "median": 0.437102138996, "min": 0.069555029273, "var": 0.0175017230213}, "silence_rate_20dB": {"dmean": 0, "dmean2": 0, "dvar": 0, "dvar2": 0, "max": 1, "mean": 1, "median": 1, "min": 1, "var": 0}, "silence_rate_30dB": {"dmean": 0.00756924133748, "dmean2": 0.0151410875842, "dvar": 0.00751188118011, "dvar2": 0.0176644176245, "max": 1, "mean": 0.934812545776, "median": 1, "min": 0, "var": 0.0609312467277}, "silence_rate_60dB": {"dmean": 0.0423189401627, "dmean2": 0.0846524462104, "dvar": 0.0405266471207, "dvar2": 0.0915967151523, "max": 1, "mean": 0.350361198187, "median": 0, "min": 0, "var": 0.227611809969}, "spectral_centroid": {"dmean": 93.8855361938, "dmean2": 139.822631836, "dvar": 25954.6972656, "dvar2": 50874.671875, "max": 10816.6523438, "mean": 745.754577637, "median": 638.760498047, "min": 180.920791626, "var": 216440.953125}, "spectral_complexity": {"dmean": 1.01771891117, "dmean2": 1.7216104269, "dvar": 0.898866415024, "dvar2": 2.23593974113, "max": 18, "mean": 6.68249034882, "median": 6, "min": 0, "var": 11.0017852783}, "spectral_decrease": {"dmean": 6.87652323972e-10, "dmean2": 7.39238115166e-10, "dvar": 1.58457892446e-18, "dvar2": 1.91803083562e-18, "max": 6.10422393191e-16, "mean": -5.80890313628e-09, "median": -1.28247013009e-09, "min": -7.50877902078e-08, "var": 1.27449566797e-16}, "spectral_energy": {"dmean": 0.00269105751067, "dmean2": 0.0029014472384, "dvar": 2.43823851633e-05, "dvar2": 2.98185968859e-05, "max": 0.286186903715, "mean": 0.0225265286863, "median": 0.00515269488096, "min": 1.11223084827e-20, "var": 0.00187179853674}, "spectral_energyband_high": {"dmean": 1.05217050077e-05, "dmean2": 1.77239035111e-05, "dvar": 1.81592996196e-09, "dvar2": 5.32027488731e-09, "max": 0.00112872838508, "mean": 2.55376908171e-05, "median": 9.11233473744e-06, "min": 7.85113470085e-21, "var": 3.96939148217e-09}, "spectral_energyband_low": {"dmean": 0.000351399125066, "dmean2": 0.000269693729933, "dvar": 1.69360021118e-06, "dvar2": 9.85872816273e-07, "max": 0.276670992374, "mean": 0.0103008411825, "median": 4.09964559367e-06, "min": 2.47656191654e-23, "var": 0.00121836632024}, "spectral_energyband_middle_high": {"dmean": 0.000187376441318, "dmean2": 0.000279831292573, "dvar": 2.07987099543e-07, "dvar2": 5.72592000481e-07, "max": 0.0173302218318, "mean": 0.000838454812765, "median": 0.000434622867033, "min": 1.76392468997e-21, "var": 1.64981645412e-06}, "spectral_energyband_middle_low": {"dmean": 0.00254033040255, "dmean2": 0.00279260589741, "dvar": 2.30127188843e-05, "dvar2": 2.85588139377e-05, "max": 0.14821177721, "mean": 0.0113955605775, "median": 0.00426484830678, "min": 3.0214581836e-22, "var": 0.00028087044484}, "spectral_entropy": {"dmean": 0.11818934232, "dmean2": 0.163529247046, "dvar": 0.0112362541258, "dvar2": 0.0208796821535, "max": 9.8041267395, "mean": 6.59442567825, "median": 6.65275859833, "min": 4.87874412537, "var": 0.281253159046}, "spectral_flux": {"dmean": 0.00666695740074, "dmean2": 0.0110357785597, "dvar": 7.82349088695e-05, "dvar2": 0.000219014502363, "max": 0.178659021854, "mean": 0.0231812000275, "median": 0.0182673949748, "min": 1.05462354127e-10, "var": 0.000288573879516}, "spectral_kurtosis": {"dmean": 4.693754673, "dmean2": 8.33781814575, "dvar": 20.9555988312, "dvar2": 66.8313598633, "max": 52.436870575, "mean": 10.0627403259, "median": 7.89727401733, "min": -1.16581261158, "var": 55.1748809814}, "spectral_rms": {"dmean": 0.000284854555503, "dmean2": 0.000330606999341, "dvar": 1.28749718442e-07, "dvar2": 1.68933738109e-07, "max": 0.0167094804347, "mean": 0.00345512595959, "median": 0.00224210135639, "min": 3.29409047782e-12, "var": 1.00392144304e-05}, "spectral_rolloff": {"dmean": 146.270217896, "dmean2": 254.423202515, "dvar": 179844.65625, "dvar2": 387121.8125, "max": 19767.4804688, "mean": 859.228271484, "median": 559.86328125, "min": 107.666015625, "var": 2603684.5}, "spectral_skewness": {"dmean": 0.403109312057, "dmean2": 0.709713041782, "dvar": 0.126695603132, "dvar2": 0.404343545437, "max": 5.67853832245, "mean": 2.03439092636, "median": 1.83189916611, "min": 0.0307507328689, "var": 0.639552056789}, "spectral_spread": {"dmean": 205129.21875, "dmean2": 348736.78125, "dvar": 151037853696, "dvar2": 226686877696, "max": 38912780, "mean": 2729517.5, "median": 2637494.25, "min": 1347724.875, "var": 1291193155580.0}, "spectral_strongpeak": {"dmean": 0.219787210226, "dmean2": 0.341024160385, "dvar": 0.140861660242, "dvar2": 0.350482016802, "max": 7.5926618576, "mean": 1.00191569328, "median": 0.802487969398, "min": 6.12174222425e-09, "var": 0.617296218872}, "zerocrossingrate": {"dmean": 0.00372514990158, "dmean2": 0.00451424904168, "dvar": 6.56309202895e-05, "dvar2": 6.29482383374e-05, "max": 0.763671875, "mean": 0.0345575287938, "median": 0.02783203125, "min": 0.00390625, "var": 0.0025089441333}, "barkbands": {"dmean": [1.37371527487e-08, 0.000227581142099, 0.000117646290164, 3.71763926523e-05, 0.000399153708713, 0.0016775240656, 0.000451640633401, 0.000496717169881, 0.000236676540226, 6.36406402919e-05, 2.63436122623e-05, 7.13548870408e-05, 2.35980951402e-05, 2.05585765798e-05, 6.91774039296e-05, 1.33982712214e-05, 1.8100359739e-05, 2.18145414692e-05, 1.29122354338e-05, 1.12059497042e-05, 4.1145403884e-06, 1.06387142296e-06, 7.4334815281e-07, 3.20172148349e-07, 7.49215303131e-08, 7.94095633694e-09, 2.50442977467e-09], "dmean2": [2.31367973669e-08, 0.000170386323589, 9.18732694117e-05, 4.74861772091e-05, 0.000513042672537, 0.00158807414118, 0.000633981195278, 0.000661467434838, 0.000264195434283, 9.02201936697e-05, 3.59235418728e-05, 8.89400398592e-05, 3.53664945578e-05, 3.15287506965e-05, 0.000117389849038, 2.18754357775e-05, 2.94426827168e-05, 3.68696382793e-05, 2.15730378841e-05, 1.93284067791e-05, 6.77936441207e-06, 1.76138155439e-06, 1.25434667098e-06, 5.16677232554e-07, 1.13556588133e-07, 1.26234285247e-08, 4.38923652979e-09], "dvar": [1.39948572902e-15, 7.96986228124e-07, 1.81673613042e-07, 8.43789749183e-09, 1.6507192413e-06, 1.52537495524e-05, 1.23497409277e-06, 7.48499633119e-06, 3.56157102033e-07, 1.07266613369e-08, 4.05326439079e-09, 3.65011523229e-08, 2.25355289984e-09, 1.2067812305e-09, 1.66994595929e-07, 5.001495329e-10, 8.65602367561e-10, 5.86807713532e-09, 1.39628419937e-09, 1.6418848503e-09, 2.24429988482e-10, 7.3193456504e-12, 1.65319563594e-11, 3.0864293326e-12, 1.4792648443e-13, 7.06460100482e-16, 1.11513682488e-17], "dvar2": [3.29467716164e-15, 4.76326817989e-07, 1.1265887423e-07, 1.21110907969e-08, 2.53653001892e-06, 1.30631597131e-05, 2.28740623243e-06, 1.41089667522e-05, 4.0590529693e-07, 2.47531026787e-08, 8.52883985658e-09, 4.97116161569e-08, 4.57170612478e-09, 2.67435029677e-09, 5.03178966937e-07, 1.1692419255e-09, 2.2692603352e-09, 1.77730434814e-08, 3.952400629e-09, 4.88214135785e-09, 5.45079537062e-10, 2.01234775371e-11, 4.61976151778e-11, 8.27302896328e-12, 3.36976974102e-13, 1.76316599531e-15, 3.4471574123e-17], "max": [1.39827716339e-06, 0.174243718386, 0.102579131722, 0.00400451617315, 0.0860135480762, 0.108929350972, 0.0427281409502, 0.0953185707331, 0.0141029870138, 0.00165594066493, 0.00141551531851, 0.00883892644197, 0.00111440487672, 0.00117839104496, 0.0162495300174, 0.000759700604249, 0.000740909541491, 0.00194204342552, 0.00142825976945, 0.00110562914051, 0.00054274109425, 6.88154614181e-05, 0.000139700772706, 5.05229145347e-05, 1.77213023562e-05, 8.76395915839e-07, 4.71179149031e-08], "mean": [1.77621064523e-08, 0.00633544893935, 0.00393404718488, 0.000111289191409, 0.00271112821065, 0.00536573771387, 0.00153780390974, 0.00110165879596, 0.000555427221116, 0.000155639092554, 6.33839226793e-05, 0.000286357186269, 5.51446210011e-05, 4.15324284404e-05, 0.000104004975583, 2.86565009446e-05, 3.76242751372e-05, 3.77136020688e-05, 2.82207311102e-05, 2.14144947677e-05, 8.46426974022e-06, 2.9598591027e-06, 1.81285611234e-06, 7.48029378883e-07, 2.17487013288e-07, 3.03542648794e-08, 7.01980340523e-09], "median": [2.92447999151e-09, 1.08096230633e-07, 1.13658607859e-07, 1.67378275364e-05, 0.000138520583278, 0.000875102297869, 0.000365237792721, 0.000140413816553, 8.30914868857e-05, 9.38798111747e-05, 1.45048688864e-05, 1.92247134692e-05, 1.54968074639e-05, 2.07053435588e-05, 2.16065727727e-05, 1.71960200532e-05, 2.44581788138e-05, 1.34399833769e-05, 1.42752915053e-05, 8.4041575974e-06, 3.16365185427e-06, 1.66517429534e-06, 6.07304173172e-07, 1.88208474583e-07, 4.59958933163e-08, 1.22124603763e-08, 5.59307622439e-09], "min": [1.60556055402e-23, 3.88275404841e-24, 1.04871539505e-23, 3.99912799244e-24, 1.44417081463e-22, 2.82243198509e-23, 2.13795110381e-23, 6.65411178639e-23, 2.79363162007e-23, 5.85922587712e-23, 6.13231690073e-23, 7.31634410801e-23, 9.11921313169e-23, 7.89539641144e-23, 8.67638827136e-23, 1.75686227703e-22, 2.79163889432e-22, 3.58608417744e-22, 2.76404037467e-22, 4.01036765106e-22, 3.55194631643e-22, 5.89651438547e-22, 6.09283699989e-22, 8.49633436695e-22, 1.01003993353e-21, 1.92384519801e-21, 2.79507055285e-21], "var": [2.57666914335e-15, 0.000466136873001, 0.000177502326551, 7.18075199302e-08, 8.05085292086e-05, 0.000120553282613, 1.45820076796e-05, 1.99769237952e-05, 1.58911404924e-06, 3.4840482499e-08, 1.84490591693e-08, 7.76329557084e-07, 1.06653388343e-08, 3.69579344905e-09, 2.57106535173e-07, 1.64090008248e-09, 1.93155202943e-09, 9.63678026267e-09, 3.7660545793e-09, 2.8346678338e-09, 5.72109970509e-10, 2.2302710026e-11, 2.76337043525e-11, 6.97076771305e-12, 7.05424813615e-13, 5.19758898193e-15, 2.34012422772e-17]}, "erbbands": {"dmean": [0.00131476321258, 0.0659007951617, 0.189077436924, 0.075038023293, 0.265551567078, 2.17805314064, 2.96657538414, 19.9359893799, 10.9313898087, 3.3023443222, 12.6546020508, 3.9748415947, 4.69638442993, 2.69231271744, 1.52060639858, 1.86465513706, 1.00309252739, 0.828678369522, 4.08158683777, 1.14546585083, 0.776548862457, 0.933234572411, 0.94631844759, 0.75823777914, 0.736656546593, 0.536594033241, 0.285301566124, 0.0743374750018, 0.0400320738554, 0.0325803346932, 0.0155285717919, 0.00789907481521, 0.005310729146, 0.00112604233436, 0.00049024890177, 7.86198434071e-05, 1.0249657862e-05, 1.99211353902e-06, 1.40506313073e-06, 3.00175088341e-06], "dmean2": [0.00103016395587, 0.0491440929472, 0.140586838126, 0.0931166410446, 0.366387486458, 2.7672867775, 3.39751648903, 18.6637916565, 13.1331501007, 4.56153917313, 16.796672821, 4.6943564415, 5.21838140488, 3.81182432175, 1.92179238796, 2.4414563179, 1.51670503616, 1.30581307411, 6.87650823593, 1.90433001518, 1.2756986618, 1.51604390144, 1.58201038837, 1.28713202477, 1.23953402042, 0.928424954414, 0.479260355234, 0.121305249631, 0.0665875822306, 0.0545499920845, 0.0254246424884, 0.0124403750524, 0.00881074275821, 0.00173794804141, 0.000741431314964, 0.000119252261356, 1.60972067533e-05, 3.30943271365e-06, 1.6738715658e-06, 3.2518066746e-06], "dvar": [2.70508044196e-05, 0.0664353892207, 0.496546924114, 0.0286007449031, 0.550059437752, 61.1937904358, 49.3111381531, 2276.81811523, 488.953521729, 50.074005127, 5312.41796875, 96.0189971924, 139.187454224, 23.8285732269, 14.2824554443, 23.228553772, 3.95734000206, 3.29095315933, 643.860107422, 8.21084785461, 2.23745679855, 2.14849805832, 8.61474990845, 3.66792345047, 6.35958003998, 4.10002470016, 1.10903298855, 0.0450217239559, 0.0113980192691, 0.0281814485788, 0.00381954154, 0.00113994930871, 0.00148096121848, 2.97404021694e-05, 6.98516487319e-06, 9.83982815228e-08, 1.03507746818e-09, 1.22411820264e-11, 5.40497507862e-12, 3.04270428297e-11], "dvar2": [1.73841781361e-05, 0.0393741354346, 0.289684683084, 0.0439621210098, 1.18231368065, 93.202293396, 59.7928199768, 1911.76171875, 778.304992676, 115.073768616, 9705.14160156, 139.364562988, 153.422622681, 55.7293319702, 19.1890850067, 36.9753761292, 8.47499084473, 7.8777961731, 1934.53710938, 24.5818653107, 5.14593076706, 5.51572132111, 25.5492992401, 11.1869049072, 18.0110206604, 11.9244890213, 3.09676241875, 0.107537217438, 0.0309427399188, 0.0774831995368, 0.0100447749719, 0.00285211391747, 0.00417781993747, 7.36788715585e-05, 1.59976516443e-05, 2.24115396463e-07, 2.5220954214e-09, 3.05550897084e-11, 7.08073140052e-12, 3.76564682214e-11], "max": [0.918630361557, 51.1728439331, 162.606369019, 19.9335765839, 42.1631469727, 519.687927246, 304.097625732, 1127.34008789, 849.985046387, 223.713623047, 2578.18017578, 243.53994751, 296.022247314, 87.697883606, 185.961105347, 204.954193115, 43.1722297668, 68.1354980469, 1010.80877686, 101.806488037, 52.5970993042, 25.5834827423, 72.2838363647, 47.411190033, 95.4432678223, 47.657245636, 26.6107673645, 8.389295578, 3.07652783394, 5.82779884338, 1.97517514229, 0.892230033875, 1.14340901375, 0.200052812696, 0.120443277061, 0.0125002656132, 0.00140497728717, 0.000133701498271, 0.000127735183924, 0.000309976690914], "mean": [0.0328161679208, 1.86766350269, 6.15184164047, 0.939527094364, 1.36127829552, 15.5693101883, 12.1899995804, 61.3545379639, 39.9271774292, 10.6457805634, 26.4158649445, 9.26366710663, 11.5754089355, 6.65520477295, 6.61391878128, 7.42003059387, 2.58191895485, 1.71835744381, 6.3498673439, 2.33136415482, 1.68825852871, 2.00170278549, 1.91187036037, 1.57386636734, 1.5801486969, 1.09140825272, 0.558217287064, 0.190886721015, 0.112666517496, 0.080226585269, 0.0421707481146, 0.0209240559489, 0.0105079710484, 0.00308912433684, 0.00136486813426, 0.000266899704002, 4.74823063996e-05, 9.00769191503e-06, 1.15140137495e-05, 2.49901750067e-05], "median": [6.98009353073e-06, 6.21312719886e-05, 0.00117553968448, 0.0385286659002, 0.120501741767, 0.36754372716, 3.12241053581, 8.50319385529, 10.7126293182, 5.20889091492, 2.94237327576, 2.1872959137, 3.37384557724, 3.1258494854, 1.04482626915, 0.852765679359, 0.860754609108, 0.832358837128, 1.59152746201, 1.19731914997, 1.00923836231, 1.26128268242, 0.901440918446, 0.868763625622, 0.741085588932, 0.391154706478, 0.172176659107, 0.0932193398476, 0.0625884085894, 0.0321488827467, 0.0165048837662, 0.00606863340363, 0.00227433303371, 0.000707691826392, 0.000267998198979, 7.76476736064e-05, 2.3218581191e-05, 6.04678461968e-06, 3.76958723791e-06, 6.02531690674e-06], "min": [2.34532764743e-22, 8.53347267619e-22, 8.80312830522e-21, 1.64044908118e-20, 2.23464083252e-19, 6.6121338839e-19, 2.18535560217e-19, 2.18750859821e-19, 3.2086374735e-19, 7.91847644387e-19, 1.17727508744e-18, 6.62938732052e-19, 1.31262396274e-18, 2.23131887518e-18, 2.75764521355e-18, 2.37767690404e-18, 4.91730915458e-18, 3.67118100051e-18, 4.38328672779e-18, 5.11503137717e-18, 1.15527278625e-17, 1.75442691817e-17, 2.21581602158e-17, 1.17114754026e-17, 1.8007445657e-17, 2.16187838625e-17, 1.4134293207e-17, 1.45811527176e-17, 1.88552644258e-17, 2.28350851244e-17, 1.62662122696e-17, 1.7436616588e-17, 1.54537703612e-17, 1.03178348891e-17, 7.91089812529e-18, 6.46610228119e-18, 3.55487237535e-18, 1.44093921789e-18, 3.39443697324e-19, 4.26351376683e-20], "var": [0.0124978041276, 40.4870491028, 436.330230713, 6.75444984436, 12.3295602798, 2907.57373047, 572.433227539, 16460.0859375, 5965.71875, 219.195068359, 13961.5449219, 358.942382812, 628.059936523, 86.2152328491, 343.90447998, 424.552703857, 19.3941421509, 8.90338134766, 990.912475586, 14.8205270767, 7.23104333878, 5.26139879227, 15.4567584991, 6.91076278687, 16.7439155579, 8.07604312897, 2.24722552299, 0.153484746814, 0.0349560305476, 0.0466393530369, 0.0101295718923, 0.00353544065729, 0.00233561894856, 0.000121771481645, 3.0644430808e-05, 5.61863942039e-07, 9.25515930561e-09, 1.16661860727e-10, 3.78753306496e-10, 2.22196439026e-09]}, "gfcc": {"mean": [-168.430221558, 127.614776611, -168.520599365, -4.30194568634, -82.5362319946, -43.5890617371, -42.8068656921, -17.5087280273, -15.4873714447, -10.8276147842, -2.44103193283, -4.4120349884, 0.435310810804], "cov": [[10221.6337891, 2247.49975586, 25.742231369, 918.47857666, -46.671749115, 584.628234863, 317.898406982, 107.67527771, 66.7663192749, -54.3321876526, 239.593490601, -281.74911499, -8.66333580017], [2247.49975586, 2072.89111328, 1215.35583496, 609.72479248, 870.46282959, 454.005065918, 579.886657715, 6.99688386917, 153.792388916, -56.2872772217, 115.990203857, -91.0753936768, -63.1521606445], [25.742231369, 1215.35583496, 1574.99914551, 623.560791016, 924.06048584, 524.017150879, 529.254150391, 84.8051300049, 157.549179077, 22.5524730682, 63.936466217, -75.1625137329, -90.4256820679], [918.47857666, 609.72479248, 623.560791016, 663.811523438, 441.739807129, 283.936340332, 211.92666626, 47.9676704407, 59.8388023376, -29.2121696472, -28.5229606628, -75.0537719727, -90.981010437], [-46.671749115, 870.46282959, 924.06048584, 441.739807129, 729.041870117, 332.896942139, 360.384246826, 68.3187179565, 127.880157471, 32.1728553772, 43.1116447449, -26.2821292877, -73.4801483154], [584.628234863, 454.005065918, 524.017150879, 283.936340332, 332.896942139, 359.236419678, 246.291702271, 87.6738739014, 63.8447494507, 32.4444160461, 45.6758613586, -35.1844406128, -48.6796875], [317.898406982, 579.886657715, 529.254150391, 211.92666626, 360.384246826, 246.291702271, 332.695251465, 88.4859085083, 92.6393356323, 13.8201541901, 54.4686737061, -24.6169757843, -32.2915458679], [107.67527771, 6.99688386917, 84.8051300049, 47.9676704407, 68.3187179565, 87.6738739014, 88.4859085083, 160.855834961, 76.1851730347, 68.2187805176, 32.7285385132, 9.5253238678, -14.3756971359], [66.7663192749, 153.792388916, 157.549179077, 59.8388023376, 127.880157471, 63.8447494507, 92.6393356323, 76.1851730347, 141.625854492, 72.9665603638, 73.0678710938, 16.671339035, 6.66829013824], [-54.3321876526, -56.2872772217, 22.5524730682, -29.2121696472, 32.1728553772, 32.4444160461, 13.8201541901, 68.2187805176, 72.9665603638, 147.61920166, 87.4629135132, 33.5078048706, -7.61253595352], [239.593490601, 115.990203857, 63.936466217, -28.5229606628, 43.1116447449, 45.6758613586, 54.4686737061, 32.7285385132, 73.0678710938, 87.4629135132, 188.22505188, 66.5360107422, 22.3648643494], [-281.74911499, -91.0753936768, -75.1625137329, -75.0537719727, -26.2821292877, -35.1844406128, -24.6169757843, 9.5253238678, 16.671339035, 33.5078048706, 66.5360107422, 101.519523621, 41.972366333], [-8.66333580017, -63.1521606445, -90.4256820679, -90.981010437, -73.4801483154, -48.6796875, -32.2915458679, -14.3756971359, 6.66829013824, -7.61253595352, 22.3648643494, 41.972366333, 101.295501709]], "icov": [[0.000568690418731, -0.00123740814161, 0.00069568248, -0.000998225994408, 0.00144025613554, -0.00108078471385, 0.000655713549349, -0.000796245643869, 0.00043582712533, -0.000418924464611, -0.000856338359881, 0.00145744986366, -0.000851971970405], [-0.00123740814161, 0.0042209518142, -0.00144802872092, 0.00180719781201, -0.0041699684225, 0.00258234981447, -0.00301902554929, 0.00279293139465, -0.0011421116069, 0.00179388467222, 0.000579894811381, -0.00191870052367, 0.00138326315209], [0.00069568248, -0.00144802872092, 0.00396777130663, -0.00148560805246, -0.00118842138909, -0.00242796656676, -0.000221740527195, -0.000233936938457, 0.000646001077257, -0.000499648740515, -0.0014892371837, 0.00306480214931, -0.00178957590833], [-0.000998225994408, 0.00180719781201, -0.00148560805246, 0.00522549031302, -0.00372061529197, 0.000188026868273, 0.000717692135368, 0.000718928989954, -0.00167591450736, 0.00226074783131, 0.00192759209312, -0.00209058471955, 0.00285163638182], [0.00144025613554, -0.0041699684225, -0.00118842138909, -0.00372061529197, 0.011896783486, -0.00273663853295, -0.000244091992499, -0.000876152771525, -0.000867080234457, -0.00299639091827, 0.000654787698295, -0.000585093686823, 0.000163209217135], [-0.00108078471385, 0.00258234981447, -0.00242796656676, 0.000188026868273, -0.00273663853295, 0.010374289006, -0.00480311829597, -0.000465770688606, 0.00190422788728, -0.000666935055051, 7.62406707508e-05, -0.00123047537636, 0.00123966613319], [0.000655713549349, -0.00301902554929, -0.000221740527195, 0.000717692135368, -0.000244091992499, -0.00480311829597, 0.0135609982535, -0.00558660086244, -0.00123373966198, 0.00305252359249, -0.00226964848116, 0.00247112382203, -0.000546737515833], [-0.000796245643869, 0.00279293139465, -0.000233936938457, 0.000718928989954, -0.000876152771525, -0.000465770688606, -0.00558660086244, 0.0138096651062, -0.00540373381227, -0.0031044522766, 0.00361955538392, -0.00380845996551, 0.00233087129891], [0.00043582712533, -0.0011421116069, 0.000646001077257, -0.00167591450736, -0.000867080234457, 0.00190422788728, -0.00123373966198, -0.00540373381227, 0.0161231346428, -0.0049860146828, -0.00393825257197, 0.00350577244535, -0.00449661817402], [-0.000418924464611, 0.00179388467222, -0.000499648740515, 0.00226074783131, -0.00299639091827, -0.000666935055051, 0.00305252359249, -0.0031044522766, -0.0049860146828, 0.0155737958848, -0.00501920236275, -0.000758606242016, 0.00362663320266], [-0.000856338359881, 0.000579894811381, -0.0014892371837, 0.00192759209312, 0.000654787698295, 7.62406707508e-05, -0.00226964848116, 0.00361955538392, -0.00393825257197, -0.00501920236275, 0.0137802809477, -0.00972572807223, 0.0018613912398], [0.00145744986366, -0.00191870052367, 0.00306480214931, -0.00209058471955, -0.000585093686823, -0.00123047537636, 0.00247112382203, -0.00380845996551, 0.00350577244535, -0.000758606242016, -0.00972572807223, 0.0228820685297, -0.0086036156863], [-0.000851971970405, 0.00138326315209, -0.00178957590833, 0.00285163638182, 0.000163209217135, 0.00123966613319, -0.000546737515833, 0.00233087129891, -0.00449661817402, 0.00362663320266, 0.0018613912398, -0.0086036156863, 0.01621854119]]}, "melbands": {"dmean": [3.60211051884e-05, 0.000101245219412, 1.6514226445e-05, 8.01784481155e-05, 0.000100910758192, 0.000402357662097, 0.000151512605953, 4.53722968814e-05, 9.13822368602e-05, 2.81848060695e-05, 2.42092955887e-05, 1.14200483949e-05, 3.44988166034e-06, 9.49839341047e-06, 3.10115069624e-06, 1.60215518008e-06, 1.39192138704e-06, 6.53632741887e-06, 3.2159807688e-06, 9.81193238658e-07, 1.00119757462e-06, 1.11784788714e-06, 6.16242687101e-07, 1.51916435698e-06, 5.45349507775e-07, 5.57870805551e-07, 4.23381408154e-07, 4.34013088579e-07, 2.18248729311e-07, 1.11981954376e-07, 3.67042289895e-08, 2.23630465257e-08, 2.46202329635e-08, 2.1496786573e-08, 9.86431736294e-09, 7.52860174202e-09, 4.85754902968e-09, 4.74448436094e-09, 1.46913525789e-09, 9.16276887697e-10], "dmean2": [2.73291479971e-05, 7.48144593672e-05, 2.00542945095e-05, 0.000104515165731, 0.00012081758905, 0.000377874413971, 0.000182297444553, 6.19349448243e-05, 0.000121407480037, 3.16916484735e-05, 2.68974799837e-05, 1.62194992299e-05, 4.68462485514e-06, 1.18194666356e-05, 4.45477962785e-06, 2.47014622801e-06, 2.15296972783e-06, 1.09469692688e-05, 5.4242996157e-06, 1.60420404427e-06, 1.64403127201e-06, 1.80990105036e-06, 1.00855925211e-06, 2.56364978668e-06, 9.35083733111e-07, 9.32087573347e-07, 7.1540796398e-07, 7.55852454404e-07, 3.72115010805e-07, 1.84818190974e-07, 6.10867303408e-08, 3.7078265791e-08, 4.12486436119e-08, 3.66868349033e-08, 1.64877835829e-08, 1.23350325509e-08, 7.55985674061e-09, 7.88978749e-09, 2.35484942657e-09, 1.44246625755e-09], "dvar": [2.01061300942e-08, 1.4864502873e-07, 1.22781773637e-09, 8.72990923995e-08, 4.97211480877e-08, 8.82868619101e-07, 8.86743407591e-08, 2.46229312495e-08, 2.77451988495e-07, 4.87012830064e-09, 3.65213059794e-09, 4.10657868821e-10, 5.74042549606e-11, 7.07427394442e-10, 3.9295500881e-11, 8.33766562736e-12, 7.20934943688e-12, 1.52046453206e-09, 1.97735092189e-10, 2.03260563762e-12, 4.1361050869e-12, 3.49303008393e-12, 1.11684413887e-12, 3.12135040037e-11, 1.33304652039e-12, 3.86903096367e-12, 1.04208221913e-12, 3.40757782234e-12, 9.51764491872e-13, 2.70883819932e-13, 7.93303021608e-15, 2.28664760331e-15, 6.24375768102e-15, 1.90548768984e-14, 1.23162984514e-15, 1.04625880222e-15, 4.05950889655e-16, 1.17823786447e-15, 6.50749539166e-17, 2.06394202152e-17], "dvar2": [1.22640635425e-08, 8.57498108076e-08, 1.71778524738e-09, 1.42530169001e-07, 6.52490186326e-08, 7.42657562114e-07, 1.44270217106e-07, 5.58141195484e-08, 5.04171225657e-07, 5.60588242493e-09, 4.0297183368e-09, 9.54460510627e-10, 9.42246142221e-11, 9.62114388159e-10, 7.39886069079e-11, 1.86490562576e-11, 1.56691309233e-11, 4.51712756089e-09, 6.0447213901e-10, 5.56170604363e-12, 9.56807896801e-12, 8.60094287458e-12, 3.11098521076e-12, 9.40064068256e-11, 3.99962485007e-12, 1.1117683163e-11, 2.84695119042e-12, 1.02198197821e-11, 2.86058611694e-12, 6.09566759048e-13, 2.10193309562e-14, 6.23979314331e-15, 1.73482833866e-14, 5.49469561376e-14, 3.28587754811e-15, 2.66754349661e-15, 9.68527329802e-16, 3.31024753303e-15, 1.8267049013e-16, 4.95142870049e-17], "max": [0.0267812442034, 0.0841035097837, 0.00401314906776, 0.0182517897338, 0.0106397308409, 0.0235568135977, 0.0110944090411, 0.0047536380589, 0.0185665581375, 0.00162905082107, 0.00150666630361, 0.000320672552334, 0.000366910186131, 0.00124473380856, 0.000148247592733, 8.89964721864e-05, 0.000116048213386, 0.00154603563715, 0.000541714194696, 2.5808931241e-05, 6.72624446452e-05, 3.35902295774e-05, 1.97905228561e-05, 0.000140410586027, 2.48146989179e-05, 8.71280717547e-05, 2.57582723862e-05, 4.26696788054e-05, 3.15794823109e-05, 2.307026989e-05, 2.40665622186e-06, 1.3240384078e-06, 1.97844406102e-06, 4.73367208542e-06, 1.16555088425e-06, 9.51097206325e-07, 5.07604681843e-07, 9.62995841292e-07, 2.48636354172e-07, 2.13416811334e-07], "mean": [0.000967725121882, 0.00313783809543, 0.000194473497686, 0.000549736607354, 0.000514006940648, 0.001276645693, 0.000549730262719, 0.000127474355395, 0.000187003330211, 6.60522055114e-05, 5.89388146182e-05, 2.66616225417e-05, 1.46714864968e-05, 3.84774903068e-05, 7.76582601247e-06, 3.44321688317e-06, 2.83041049443e-06, 1.01858067865e-05, 5.26610301677e-06, 1.99626470021e-06, 1.89298202713e-06, 2.2093993266e-06, 1.2611509419e-06, 2.49218760473e-06, 1.06115783183e-06, 1.16473620437e-06, 8.69332893672e-07, 7.39682832318e-07, 3.81563580731e-07, 2.10065365991e-07, 8.50601935554e-08, 6.00399374662e-08, 5.63827384781e-08, 4.28104343086e-08, 2.48429348204e-08, 1.73612431098e-08, 1.09791846725e-08, 8.42900416131e-09, 3.27048566007e-09, 2.39225128595e-09], "median": [2.83538454937e-08, 5.00724368635e-08, 1.00402312455e-05, 1.07757769001e-05, 9.17105207918e-05, 0.000210856611375, 0.000161487027071, 3.90155182686e-05, 1.79027083504e-05, 1.19175510918e-05, 1.76883004315e-05, 1.32317136377e-05, 2.93154835163e-06, 1.66451673067e-06, 2.04572233997e-06, 1.27860516841e-06, 1.3680421489e-06, 2.65659878096e-06, 1.53042037709e-06, 1.26648183141e-06, 9.59544877333e-07, 1.24172049709e-06, 7.87651060818e-07, 7.56415488468e-07, 5.98130213803e-07, 5.50104687136e-07, 4.35277456745e-07, 1.93945425053e-07, 1.06183669857e-07, 6.62788721684e-08, 4.52985453592e-08, 3.52534925696e-08, 2.57247378954e-08, 1.38395881422e-08, 1.05116120253e-08, 5.25786747474e-09, 2.74481548601e-09, 1.67020108854e-09, 8.17260925601e-10, 4.62716975846e-10], "min": [2.94918864025e-24, 3.49663542872e-24, 5.53405212662e-24, 3.70150481462e-23, 1.17710171851e-23, 4.97820180014e-24, 4.73638398382e-24, 1.11956109968e-23, 8.58666181205e-24, 3.89644039068e-24, 7.07922987484e-24, 9.14362758785e-24, 9.22772331579e-24, 7.77384162341e-24, 6.94901733838e-24, 1.03548919534e-23, 6.68805189575e-24, 7.30067575271e-24, 5.98987252373e-24, 7.40387295861e-24, 1.45766080943e-23, 1.64533712967e-23, 2.05895110177e-23, 1.7128707229e-23, 8.33838756365e-24, 1.11027423467e-23, 1.39995168991e-23, 1.42824781503e-23, 9.3880285292e-24, 6.53326436994e-24, 8.72882559122e-24, 1.03516142363e-23, 1.20554015414e-23, 1.21769358191e-23, 8.13316618802e-24, 1.18352004861e-23, 9.50669529745e-24, 1.16359515764e-23, 9.28381684818e-24, 8.22598119555e-24], "var": [1.08771828309e-05, 0.000113829075417, 2.80593951629e-07, 3.62153059541e-06, 1.42942087678e-06, 6.66876985633e-06, 1.0407644595e-06, 7.59903286962e-08, 7.24478525171e-07, 2.15661213332e-08, 1.62901603318e-08, 1.35628119846e-09, 1.24141952274e-09, 1.51182550923e-08, 2.12491260698e-10, 2.87580150665e-11, 2.28440998756e-11, 2.37931141456e-09, 2.98726571257e-10, 5.17410723641e-12, 1.22867714267e-11, 8.05232356488e-12, 2.43552812466e-12, 5.01924855845e-11, 2.44376589277e-12, 1.08449733568e-11, 2.55097353831e-12, 5.47356821326e-12, 1.45497004202e-12, 7.05702206741e-13, 2.05473997734e-14, 7.73947387027e-15, 1.43499392192e-14, 2.2173726749e-14, 3.12934988286e-15, 2.44898083238e-15, 1.20073029498e-15, 1.78214461553e-15, 1.25394611928e-16, 9.32302893787e-17]}, "mfcc": {"mean": [-792.785339355, 150.440505981, -41.6925086975, 12.5413913727, -32.5518569946, -30.2670822144, -30.638507843, -20.0643978119, -21.0250968933, -11.4470186234, -12.8658494949, -11.53810215, -2.20613765717], "cov": [[5380.22314453, 1654.50476074, -35.116191864, 383.786895752, -200.53352356, 226.831710815, 124.373710632, 192.483093262, -61.6594543457, 244.096298218, 66.356590271, 76.3749694824, 117.870872498], [1654.50476074, 2042.56616211, 748.059082031, 571.94519043, 517.598571777, 578.827697754, 535.087768555, 342.655761719, 241.676971436, 157.801132202, 214.473587036, 75.1394729614, 201.004974365], [-35.116191864, 748.059082031, 947.269470215, 487.703308105, 549.487548828, 570.426208496, 481.487579346, 326.661468506, 264.67868042, 184.339889526, 181.375732422, 100.738853455, 125.914466858], [383.786895752, 571.94519043, 487.703308105, 575.057006836, 436.179992676, 387.458770752, 297.252746582, 224.139648438, 183.530090332, 131.149658203, 127.129119873, 56.607585907, 52.4772338867], [-200.53352356, 517.598571777, 549.487548828, 436.179992676, 551.326843262, 419.407440186, 334.171112061, 220.884521484, 204.158111572, 111.165458679, 152.951522827, 82.5738830566, 81.086769104], [226.831710815, 578.827697754, 570.426208496, 387.458770752, 419.407440186, 495.004119873, 358.24206543, 243.818618774, 178.157684326, 131.724502563, 141.662338257, 71.0396957397, 85.4575195312], [124.373710632, 535.087768555, 481.487579346, 297.252746582, 334.171112061, 358.24206543, 379.470489502, 229.363128662, 167.508346558, 117.889289856, 130.123260498, 81.4300231934, 102.904914856], [192.483093262, 342.655761719, 326.661468506, 224.139648438, 220.884521484, 243.818618774, 229.363128662, 237.943359375, 153.312057495, 108.293800354, 98.7177047729, 48.8738555908, 54.9655609131], [-61.6594543457, 241.676971436, 264.67868042, 183.530090332, 204.158111572, 178.157684326, 167.508346558, 153.312057495, 207.285522461, 117.54347229, 84.7513656616, 39.5609664917, 37.6803436279], [244.096298218, 157.801132202, 184.339889526, 131.149658203, 111.165458679, 131.724502563, 117.889289856, 108.293800354, 117.54347229, 161.430450439, 87.0258178711, 53.8964080811, 45.93775177], [66.356590271, 214.473587036, 181.375732422, 127.129119873, 152.951522827, 141.662338257, 130.123260498, 98.7177047729, 84.7513656616, 87.0258178711, 131.758789062, 92.5493621826, 71.4349822998], [76.3749694824, 75.1394729614, 100.738853455, 56.607585907, 82.5738830566, 71.0396957397, 81.4300231934, 48.8738555908, 39.5609664917, 53.8964080811, 92.5493621826, 178.779815674, 125.423370361], [117.870872498, 201.004974365, 125.914466858, 52.4772338867, 81.086769104, 85.4575195312, 102.904914856, 54.9655609131, 37.6803436279, 45.93775177, 71.4349822998, 125.423370361, 175.810836792]], "icov": [[0.000635276723187, -0.000749959552195, 0.000593183154706, -0.000697069510352, 0.00112853688188, -0.000745344616007, 0.000507454096805, -0.000707541883457, 0.00116393796634, -0.00160565506667, 0.00101313402411, -0.000895848730579, 0.000378255877877], [-0.000749959552195, 0.00184639682993, -0.000777765410021, 0.000234735824051, -0.000900595798157, 0.000608974776696, -0.00130089255981, 0.000909706344828, -0.00148849422112, 0.00243990472518, -0.00217015761882, 0.00223498418927, -0.00155600835569], [0.000593183154706, -0.000777765410021, 0.00493411580101, -0.000550110358745, -0.000157467788085, -0.00307527068071, -0.0012985864887, -0.00102061440703, 0.000472104147775, -0.00220930017531, 0.00197707978077, -0.000875629426446, 6.60001023789e-05], [-0.000697069510352, 0.000234735824051, -0.000550110358745, 0.00620550848544, -0.00459463009611, -0.000186253790162, 0.000172556407051, -0.000514535524417, -0.000634654366877, -9.54448914854e-05, 0.000362347520422, 0.000131619817694, 0.000930041656829], [0.00112853688188, -0.000900595798157, -0.000157467788085, -0.00459463009611, 0.0109619945288, -0.00424991501495, -0.000267588329734, 0.000865570618771, -0.00156456173863, 0.00120556168258, -0.00212660781108, -0.00128339463845, 0.000453168322565], [-0.000745344616007, 0.000608974776696, -0.00307527068071, -0.000186253790162, -0.00424991501495, 0.0120565230027, -0.00401626434177, -0.000920458289329, 0.00103155698162, 0.000441301293904, -0.00165686593391, 0.00161434453912, -1.50124897118e-05], [0.000507454096805, -0.00130089255981, -0.0012985864887, 0.000172556407051, -0.000267588329734, -0.00401626434177, 0.0133921541274, -0.00505896285176, 0.000688550469931, -0.00106169725768, 0.000452933571069, -0.00101428385824, -0.00148635718506], [-0.000707541883457, 0.000909706344828, -0.00102061440703, -0.000514535524417, 0.000865570618771, -0.000920458289329, -0.00505896285176, 0.0147562203929, -0.00615083891898, 0.00153992685955, -0.0034612021409, 0.00171222386416, -0.000184518983588], [0.00116393796634, -0.00148849422112, 0.000472104147775, -0.000634654366877, -0.00156456173863, 0.00103155698162, 0.000688550469931, -0.00615083891898, 0.0156984366477, -0.00927332509309, 0.00258125830442, -0.00127561006229, 0.00143263617065], [-0.00160565506667, 0.00243990472518, -0.00220930017531, -9.54448914854e-05, 0.00120556168258, 0.000441301293904, -0.00106169725768, 0.00153992685955, -0.00927332509309, 0.018825430423, -0.00947391614318, 0.00283727655187, -0.00183894101065], [0.00101313402411, -0.00217015761882, 0.00197707978077, 0.000362347520422, -0.00212660781108, -0.00165686593391, 0.000452933571069, -0.0034612021409, 0.00258125830442, -0.00947391614318, 0.024631023407, -0.0103769889101, 0.00219811708666], [-0.000895848730579, 0.00223498418927, -0.000875629426446, 0.000131619817694, -0.00128339463845, 0.00161434453912, -0.00101428385824, 0.00171222386416, -0.00127561006229, 0.00283727655187, -0.0103769889101, 0.0173289962113, -0.0101153319702], [0.000378255877877, -0.00155600835569, 6.60001023789e-05, 0.000930041656829, 0.000453168322565, -1.50124897118e-05, -0.00148635718506, -0.000184518983588, 0.00143263617065, -0.00183894101065, 0.00219811708666, -0.0101153319702, 0.0141110038385]]}, "spectral_contrast_coeffs": {"dmean": [0.0371847748756, 0.034800183028, 0.0293551273644, 0.0239555817097, 0.0164730232209, 0.0109823672101], "dmean2": [0.0619102418423, 0.0540786236525, 0.045669067651, 0.0397829711437, 0.028034651652, 0.0186330843717], "dvar": [0.00093803089112, 0.00076335889753, 0.000540786422789, 0.000337736826623, 0.000163964476087, 7.31605105102e-05], "dvar2": [0.00266397325322, 0.00188585196156, 0.00134395540226, 0.000940161524341, 0.000464951182948, 0.000216902597458], "max": [-0.208196222782, -0.296582907438, -0.431126087904, -0.499465554953, -0.656850636005, -0.675683557987], "mean": [-0.52172845602, -0.611143827438, -0.703264653683, -0.770445168018, -0.797007083893, -0.745637893677], "median": [-0.519936978817, -0.609769225121, -0.708160042763, -0.773315787315, -0.798231065273, -0.743001580238], "min": [-0.954327344894, -0.969022929668, -0.955761373043, -0.961730957031, -0.961575210094, -0.959992408752], "var": [0.00961741805077, 0.0120724383742, 0.0059547345154, 0.00238716928288, 0.00109826971311, 0.000907602312509]}, "spectral_contrast_valleys": {"dmean": [0.425245255232, 0.274106264114, 0.240099176764, 0.191101208329, 0.125919431448, 0.109743669629], "dmean2": [0.726740777493, 0.462232917547, 0.406836688519, 0.324176132679, 0.212577551603, 0.176240563393], "dvar": [0.149042829871, 0.0673791617155, 