{"lowlevel": {"average_loudness": 0.930336833, "barkbands_crest": {"dmean": 2.09376358986, "dmean2": 3.39893579483, "dvar": 5.30094528198, "dvar2": 13.7152271271, "max": 25.2749843597, "mean": 13.389544487, "median": 13.4534778595, "min": 2.84650444984, "var": 16.2473907471}, "barkbands_flatness_db": {"dmean": 0.0233861003071, "dmean2": 0.0328482091427, "dvar": 0.000653171155136, "dvar2": 0.00130376894958, "max": 0.638823151588, "mean": 0.178677454591, "median": 0.156619265676, "min": 0.0253869891167, "var": 0.0112985298038}, "barkbands_kurtosis": {"dmean": 4.66937303543, "dmean2": 7.18220090866, "dvar": 174.291427612, "dvar2": 359.704193115, "max": 620.506835938, "mean": 10.6630268097, "median": 4.57117938995, "min": -1.90673911572, "var": 1143.85241699}, "barkbands_skewness": {"dmean": 0.567445039749, "dmean2": 0.879400610924, "dvar": 0.595129013062, "dvar2": 1.36464297771, "max": 20.112657547, "mean": 2.36594510078, "median": 2.31571102142, "min": -3.0565290451, "var": 2.8963470459}, "barkbands_spread": {"dmean": 6.45893192291, "dmean2": 9.85602378845, "dvar": 105.87412262, "dvar2": 227.156036377, "max": 130.877258301, "mean": 23.1391334534, "median": 19.6966667175, "min": 0.293329358101, "var": 364.678161621}, "dissonance": {"dmean": 0.0112384492531, "dmean2": 0.0188381727785, "dvar": 0.000338914076565, "dvar2": 0.000947552849539, "max": 0.500000119209, "mean": 0.473821341991, "median": 0.485269129276, "min": 0.116573341191, "var": 0.00169746950269}, "dynamic_complexity": 5.37298107147, "erbbands_crest": {"dmean": 1.28750813007, "dmean2": 2.10180091858, "dvar": 2.09048318863, "dvar2": 5.10061645508, "max": 19.6316013336, "mean": 6.04175281525, "median": 5.3872923851, "min": 2.15883374214, "var": 5.87818241119}, "erbbands_flatness_db": {"dmean": 0.0165924169123, "dmean2": 0.0219599269331, "dvar": 0.000407778919907, "dvar2": 0.00084326142678, "max": 0.439353823662, "mean": 0.145627364516, "median": 0.135807096958, "min": 0.0302696730942, "var": 0.00455596623942}, "erbbands_kurtosis": {"dmean": 0.685356318951, "dmean2": 1.07897007465, "dvar": 2.07258629799, "dvar2": 4.3964972496, "max": 102.332077026, "mean": 0.776892781258, "median": -0.0503437519073, "min": -1.80264234543, "var": 41.864440918}, "erbbands_skewness": {"dmean": 0.27895206213, "dmean2": 0.413919389248, "dvar": 0.16193819046, "dvar2": 0.304598212242, "max": 7.37333297729, "mean": -0.447887867689, "median": -0.677421927452, "min": -2.09478902817, "var": 0.850394546986}, "erbbands_spread": {"dmean": 7.96304750443, "dmean2": 12.8631973267, "dvar": 169.993988037, "dvar2": 382.724487305, "max": 182.15322876, "mean": 44.119846344, "median": 41.6677856445, "min": 1.86261606216, "var": 372.602050781}, "hfc": {"dmean": 5.3838095665, "dmean2": 8.03721523285, "dvar": 100.321289062, "dvar2": 247.092056274, "max": 103.64894104, "mean": 19.0221633911, "median": 16.815164566, "min": 1.17606805722e-16, "var": 248.878982544}, "melbands_crest": {"dmean": 2.09344053268, "dmean2": 3.4868273735, "dvar": 6.18083572388, "dvar2": 15.2849369049, "max": 31.2846431732, "mean": 17.2239303589, "median": 17.4585819244, "min": 2.31759691238, "var": 17.92786026}, "melbands_flatness_db": {"dmean": 0.0274655558169, "dmean2": 0.0397605262697, "dvar": 0.000981304212473, "dvar2": 0.00203533330932, "max": 0.838951706886, "mean": 0.272669941187, "median": 0.254766494036, "min": 0.00775714078918, "var": 0.0182368457317}, "melbands_kurtosis": {"dmean": 12.2210502625, "dmean2": 19.5965328217, "dvar": 863.023864746, "dvar2": 2030.39782715, "max": 543.18963623, "mean": 28.3213710785, "median": 20.3470745087, "min": -1.67701423168, "var": 1458.27880859}, "melbands_skewness": {"dmean": 0.869367599487, "dmean2": 1.39260601997, "dvar": 1.66157257557, "dvar2": 4.1389298439, "max": 17.692111969, "mean": 4.32280445099, "median": 4.21210193634, "min": -0.428913027048, "var": 3.58422350883}, "melbands_spread": {"dmean": 6.0424656868, "dmean2": 9.20085430145, "dvar": 144.022293091, "dvar2": 272.2003479, "max": 202.361099243, "mean": 19.40858078, "median": 12.3427553177, "min": 0.357420444489, "var": 825.158874512}, "pitch_salience": {"dmean": 0.0620771534741, "dmean2": 0.0991277620196, "dvar": 0.00433412892744, "dvar2": 0.0107776988298, "max": 0.88287293911, "mean": 0.476103425026, "median": 0.468856334686, "min": 0.0934309959412, "var": 0.0148849636316}, "silence_rate_20dB": {"dmean": 0, "dmean2": 0, "dvar": 0, "dvar2": 0, "max": 1, "mean": 1, "median": 1, "min": 1, "var": 0}, "silence_rate_30dB": {"dmean": 0.049104180187, "dmean2": 0.098230086267, "dvar": 0.0466927401721, "dvar2": 0.11025916785, "max": 1, "mean": 0.957983195782, "median": 1, "min": 0, "var": 0.0402522645891}, "silence_rate_60dB": {"dmean": 0.0145985400304, "dmean2": 0.0292035397142, "dvar": 0.0143857980147, "dvar2": 0.0296793952584, "max": 1, "mean": 0.164086684585, "median": 0, "min": 0, "var": 0.137162566185}, "spectral_centroid": {"dmean": 249.424575806, "dmean2": 375.131134033, "dvar": 119638.242188, "dvar2": 209316.015625, "max": 11299.0791016, "mean": 1589.43371582, "median": 1602.21325684, "min": 108.695343018, "var": 683262.625}, "spectral_complexity": {"dmean": 3.50055289268, "dmean2": 5.0362830162, "dvar": 19.2979240417, "dvar2": 29.7900791168, "max": 58, "mean": 24.4900493622, "median": 27, "min": 0, "var": 235.758987427}, "spectral_decrease": {"dmean": 4.14380707525e-09, "dmean2": 7.17762427271e-09, "dvar": 6.53121099069e-17, "dvar2": 1.89844806254e-16, "max": 3.07407016509e-11, "mean": -1.21399796882e-08, "median": -1.19665672926e-08, "min": -7.21222761513e-08, "var": 8.52644937577e-17}, "spectral_energy": {"dmean": 0.016008855775, "dmean2": 0.0276773124933, "dvar": 0.000971260888036, "dvar2": 0.00281589198858, "max": 0.27695313096, "mean": 0.0475444719195, "median": 0.0470423549414, "min": 1.06270462078e-20, "var": 0.00129275978543}, "spectral_energyband_high": {"dmean": 0.00022969955171, "dmean2": 0.000319051148836, "dvar": 1.3529948717e-07, "dvar2": 2.67031850854e-07, "max": 0.0041087185964, "mean": 0.000565182068385, "median": 0.000316460267641, "min": 7.49536221912e-21, "var": 4.40719844619e-07}, "spectral_energyband_low": {"dmean": 0.0128763215616, "dmean2": 0.0223315991461, "dvar": 0.000735036097467, "dvar2": 0.00219036103226, "max": 0.250042885542, "mean": 0.0358642600477, "median": 0.0351385548711, "min": 3.38543759552e-23, "var": 0.00084409158444}, "spectral_energyband_middle_high": {"dmean": 0.00111379870214, "dmean2": 0.00163509231061, "dvar": 3.96846917283e-06, "dvar2": 9.07471985556e-06, "max": 0.0242160838097, "mean": 0.00482686143368, "median": 0.00452314410359, "min": 1.59742369359e-21, "var": 1.57533049787e-05}, "spectral_energyband_middle_low": {"dmean": 0.0052962526679, "dmean2": 0.00925441924483, "dvar": 0.000201643153559, "dvar2": 0.000556808896363, "max": 0.143838271499, "mean": 0.00887222029269, "median": 0.0056620510295, "min": 4.15745701462e-22, "var": 0.000165932317032}, "spectral_entropy": {"dmean": 0.120389506221, "dmean2": 0.161177530885, "dvar": 0.0324044525623, "dvar2": 0.0514866523445, "max": 9.80106925964, "mean": 7.5496339798, "median": 7.66737127304, "min": 4.15768909454, "var": 0.645000100136}, "spectral_flux": {"dmean": 0.0315837711096, "dmean2": 0.0464684292674, "dvar": 0.00239626341499, "dvar2": 0.00412723561749, "max": 0.419143885374, "mean": 0.0749204605818, "median": 0.054010361433, "min": 1.03087566261e-10, "var": 0.00487307133153}, "spectral_kurtosis": {"dmean": 3.72369217873, "dmean2": 6.40373325348, "dvar": 148.763580322, "dvar2": 437.90411377, "max": 468.5809021, "mean": 17.6109104156, "median": 5.0825510025, "min": -1.1889179945, "var": 3348.11376953}, "spectral_rms": {"dmean": 0.000991209875792, "dmean2": 0.00163768336643, "dvar": 2.71367889582e-06, "dvar2": 7.57107818572e-06, "max": 0.0164377056062, "mean": 0.00607675639912, "median": 0.00677458383143, "min": 3.21991456935e-12, "var": 9.45774354477e-06}, "spectral_rolloff": {"dmean": 673.735351562, "dmean2": 1106.9876709, "dvar": 3846020, "dvar2": 7487948.5, "max": 19401.4160156, "mean": 1701.82580566, "median": 366.064453125, "min": 64.599609375, "var": 15677975}, "spectral_skewness": {"dmean": 0.294247090816, "dmean2": 0.475628972054, "dvar": 0.164233237505, "dvar2": 0.468475729227, "max": 18.3999786377, "mean": 1.9653993845, "median": 1.35501146317, "min": -0.00724035641178, "var": 6.93061828613}, "spectral_spread": {"dmean": 548645.4375, "dmean2": 752801.5, "dvar": 1138481299460.0, "dvar2": 1868528353280.0, "max": 39334144, "mean": 4161771.5, "median": 3484122, "min": 249825.828125, "var": 6859812503550.0}, "spectral_strongpeak": {"dmean": 0.158948585391, "dmean2": 0.284835040569, "dvar": 0.0733461230993, "dvar2": 0.196196585894, "max": 4.66066741943, "mean": 0.372775226831, "median": 0.269518464804, "min": 0, "var": 0.0870016440749}, "zerocrossingrate": {"dmean": 0.0144432317466, "dmean2": 0.0144934188575, "dvar": 0.000880831270479, "dvar2": 0.000742372765671, "max": 0.56640625, "mean": 0.0669299513102, "median": 0.04150390625, "min": 0.001953125, "var": 0.00912930630147}, "barkbands": {"dmean": [0.000417022441979, 0.00894996710122, 0.00429590418935, 0.0021629568655, 0.00195456505753, 0.000542484165635, 0.000812809041236, 0.000361131184036, 0.000324831111357, 0.000248250958975, 0.000124942293041, 0.000168062950252, 0.00017129869957, 0.0001096016058, 0.0002296565508, 0.000227974145673, 0.000281692511635, 0.000228337317822, 0.000179966213182, 0.000129062216729, 7.08734369255e-05, 3.57468306902e-05, 2.21808204515e-05, 1.73617590917e-05, 1.90474656847e-05, 2.03604140552e-05, 3.51212620444e-05], "dmean2": [0.000680838653352, 0.0151064917445, 0.00762927532196, 0.00373279023916, 0.00342680863105, 0.000994105706923, 0.00148998852819, 0.000636587908957, 0.000504166178871, 0.000392429210478, 0.00020481228421, 0.000243992224569, 0.000261043460341, 0.00017322023632, 0.000344088301063, 0.000353175739292, 0.000443566066679, 0.000368563109078, 0.000278953666566, 0.000196784108994, 0.000107948995719, 5.3466486861e-05, 3.29701870214e-05, 2.46645886364e-05, 2.59294592979e-05, 2.80446583929e-05, 5.55203732802e-05], "dvar": [9.18407351946e-07, 0.000310817995341, 7.88304605521e-05, 1.86738452612e-05, 3.9174581616e-05, 3.83739325116e-06, 1.14847834993e-05, 1.8844149281e-06, 5.18923684467e-07, 2.53342534506e-07, 1.80254289717e-07, 7.2543784313e-08, 7.74527748604e-08, 3.51000437604e-08, 1.14613797564e-07, 1.11334308883e-07, 1.67359317516e-07, 1.03462063805e-07, 7.03416844772e-08, 3.88425327458e-08, 1.26789556631e-08, 4.14519307768e-09, 1.71071545818e-09, 1.02934427648e-09, 1.3212724248e-09, 1.83829373945e-09, 6.39339337027e-09], "dvar2": [2.27635700867e-06, 0.000929048517719, 0.000232421487453, 5.24804236193e-05, 0.000108521620859, 1.12153093141e-05, 3.27160050801e-05, 5.45619786863e-06, 1.3195781321e-06, 6.88080149303e-07, 4.82185043893e-07, 1.6718482243e-07, 1.88485358876e-07, 8.65924150162e-08, 2.61221003939e-07, 2.5959263894e-07, 3.97927749418e-07, 2.60848054268e-07, 1.56627550041e-07, 8.59250803842e-08, 2.88861787823e-08, 8.87584850062e-09, 3.86940079977e-09, 2.00110128468e-09, 2.63938493283e-09, 3.97967525601e-09, 1.67642610904e-08], "max": [0.0102135287598, 0.196984812617, 0.100550740957, 0.0602135472, 0.0800771191716, 0.0220617149025, 0.0306745022535, 0.0187701769173, 0.00806455686688, 0.00666712597013, 0.00840730965137, 0.00470012472942, 0.00454623065889, 0.00234787259251, 0.00505107780918, 0.00421155057847, 0.00536496425048, 0.00444780942053, 0.00367080816068, 0.00293628266081, 0.00142591109034, 0.000742178002838, 0.000503888528328, 0.000492505379952, 0.000400487013394, 0.000438187475083, 0.000808064360172], "mean": [0.000794127117842, 0.0232978928834, 0.00925599783659, 0.00381569052115, 0.00245256791823, 0.000608128379099, 0.000775577267632, 0.000462016148958, 0.00061033986276, 0.000533775193617, 0.000165481280419, 0.00038702954771, 0.000434493704233, 0.000252893660218, 0.000609855575021, 0.000584306486417, 0.00068410782842, 0.000586754584219, 0.000479621056002, 0.000346508953953, 0.000164411074365, 7.05592683516e-05, 3.86421925214e-05, 3.28511050611e-05, 3.1779793062e-05, 3.07138761855e-05, 3.83889746445e-05], "median": [0.000405110244174, 0.0215798132122, 0.00739873759449, 0.00184571975842, 0.00128440698609, 0.000311622483423, 0.00022085076489, 0.000192642022739, 0.00036468997132, 0.00036299682688, 7.78546309448e-05, 0.000249789853115, 0.000324835651554, 0.000178930000402, 0.000437867536675, 0.000438669027062, 0.000513289356604, 0.000437181617599, 0.000333329924615, 0.000214536266867, 8.84365290403e-05, 2.84092275251e-05, 7.50429035179e-06, 5.90864055994e-06, 5.20317735209e-06, 3.44084264725e-06, 1.5304237877e-06], "min": [1.82495428913e-23, 1.67043931476e-23, 6.85455440043e-24, 5.17361526813e-24, 1.25980127309e-22, 1.99546783597e-23, 3.22440931221e-23, 1.81610547858e-22, 3.78160259549e-23, 6.91339332654e-23, 9.99884794573e-23, 6.34221196168e-23, 1.1260285127e-22, 7.40368868071e-23, 1.21995571944e-22, 1.21213968559e-22, 2.24806803979e-22, 2.25165489567e-22, 3.12393285601e-22, 3.09335105375e-22, 3.81078028846e-22, 5.23113987309e-22, 5.79439615197e-22, 7.47237574636e-22, 1.2108009697e-21, 1.86469976473e-21, 2.29739196548e-21], "var": [1.26836164327e-06, 0.000383658101782, 9.03105828911e-05, 2.69321699307e-05, 2.82239489025e-05, 2.27042801271e-06, 6.91106288286e-06, 1.24713221794e-06, 6.87245744757e-07, 3.90007045326e-07, 1.47007710893e-07, 2.0301690995e-07, 2.11602753097e-07, 7.99841615162e-08, 4.13485224726e-07, 3.63739360409e-07, 5.24132019564e-07, 3.68311731336e-07, 2.56820356981e-07, 1.48060365746e-07, 3.79068474388e-08, 1.03458779321e-08, 4.34837854613e-09, 3.41530070891e-09, 2.98567459645e-09, 3.43094552768e-09, 6.79922873559e-09]}, "erbbands": {"dmean": [0.234946787357, 2.12874722481, 4.87263965607, 6.37198972702, 7.94076013565, 5.33911180496, 4.17559862137, 4.33616495132, 5.79582214355, 17.8583641052, 5.29904985428, 8.4355173111, 6.28890514374, 8.34354782104, 4.77120256424, 6.6107134819, 8.00169181824, 6.37486839294, 11.5653057098, 9.70746994019, 13.5272760391, 12.8366336823, 12.2311115265, 10.5473995209, 7.72923231125, 5.94149494171, 3.55647706985, 2.35833072662, 1.34562551975, 0.94906938076, 0.559800088406, 0.416991382837, 0.273570924997, 0.19053196907, 0.158375099301, 0.0829748511314, 0.0385467596352, 0.0183264687657, 0.00541500421241, 0.000469078193419], "dmean2": [0.411287367344, 3.53889465332, 8.61498069763, 11.0873355865, 13.9532022476, 9.50935554504, 7.44172430038, 8.06878757477, 10.2292728424, 33.5184288025, 8.52766513824, 13.335187912, 9.87520027161, 13.1602334976, 7.58447885513, 9.59660339355, 12.1039762497, 9.90494060516, 16.9639263153, 14.8145704269, 21.2238063812, 20.7328624725, 19.4412708282, 16.5783824921, 11.9522237778, 9.16677474976, 5.53103017807, 3.44972515106, 2.00591015816, 1.45878362656, 0.809492170811, 0.596813380718, 0.383498668671, 0.26210591197, 0.22250020504, 0.114359334111, 0.0556463673711, 0.0277005787939, 0.00862983893603, 0.000748005579226], "dvar": [0.255596786737, 16.4643974304, 94.3868103027, 182.865249634, 542.39239502, 285.134918213, 198.735336304, 264.931091309, 379.282623291, 7132.07275391, 191.032653809, 456.253234863, 116.209976196, 427.701843262, 123.496559143, 120.725700378, 177.723464966, 106.238220215, 330.015075684, 183.372314453, 400.937225342, 367.045318604, 298.137512207, 234.90196228, 128.351776123, 86.9961700439, 29.8694534302, 15.2141675949, 5.95266294479, 3.22860145569, 1.07484412193, 0.563658893108, 0.277417272329, 0.122897341847, 0.104158438742, 0.028326805681, 0.00704850861803, 0.00185760948807, 0.000151823653141, 1.23175311728e-06], "dvar2": [0.764800071716, 48.7792739868, 281.37991333, 521.208496094, 1500.13830566, 805.291320801, 579.308959961, 773.942443848, 1071.92163086, 20576.3300781, 529.915283203, 1157.49938965, 311.409088135, 1094.06237793, 329.313659668, 267.460723877, 430.884399414, 262.471282959, 713.490234375, 421.814483643, 969.801757812, 904.024902344, 729.773803711, 536.607421875, 272.979003906, 197.917541504, 68.9962158203, 32.7612953186, 12.7646875381, 7.52027177811, 2.30972313881, 1.18143224716, 0.520283520222, 0.240604147315, 0.21687078476, 0.0585977546871, 0.015940496698, 0.00467260973528, 0.000402810837841, 3.21473726217e-06], "max": [5.23837041855, 47.1438064575, 108.579467773, 186.41305542, 304.173553467, 263.325500488, 182.773468018, 182.237976074, 214.006240845, 801.014770508, 200.872116089, 251.729827881, 159.526992798, 289.941345215, 191.508972168, 207.322906494, 222.950134277, 138.493865967, 248.249420166, 165.163864136, 273.413848877, 294.132904053, 267.702270508, 221.411483765, 163.165008545, 156.366165161, 64.8582077026, 51.8996009827, 27.4793586731, 25.3153171539, 14.2994413376, 12.6718845367, 10.2655162811, 5.02490091324, 4.16374254227, 1.92173731327, 0.793993890285, 0.477933168411, 0.119906291366, 0.0106275174767], "mean": [0.634434878826, 5.28798723221, 11.8164796829, 12.2418031693, 10.0831565857, 7.30617141724, 5.5843167305, 4.37982463837, 7.96923446655, 12.9962921143, 10.8831377029, 15.2815666199, 14.2800865173, 14.9944095612, 9.48915672302, 16.8534660339, 20.439031601, 17.065454483, 29.6793861389, 27.9484348297, 35.2466468811, 33.3267478943, 33.6641769409, 28.7081604004, 21.2181758881, 16.1949462891, 9.03029918671, 5.10949707031, 2.70863652229, 1.61332261562, 0.996079146862, 0.769502997398, 0.502873420715, 0.329187691212, 0.250626802444, 0.130889490247, 0.0557535998523, 0.0222421530634, 0.00597428902984, 0.000541678920854], "median": [0.663850545883, 4.41555690765, 10.3174524307, 7.2398891449, 5.79493427277, 3.29474520683, 2.922996521, 1.97740411758, 3.47820210457, 2.54088926315, 6.60509204865, 8.34359741211, 9.57285118103, 8.71697807312, 6.82004642487, 11.2135047913, 14.2460136414, 13.3431224823, 18.7944068909, 23.5808143616, 28.4257774353, 27.1658878326, 26.0473861694, 20.4233493805, 14.4470043182, 9.96857261658, 5.30836296082, 2.57892823219, 1.15089488029, 0.431101739407, 0.19893398881, 0.137724757195, 0.0858985930681, 0.0548702813685, 0.0388264879584, 0.0179791171104, 0.00544276554137, 0.00136885885149, 0.000281425134744, 8.22341971798e-05], "min": [6.7331628435e-22, 3.06904626188e-21, 9.1451941457e-21, 1.03171442838e-20, 1.29033803683e-19, 5.71329926778e-19, 2.88909139902e-19, 2.02706037479e-19, 3.44290510424e-19, 2.16240914669e-18, 3.1114063733e-18, 1.26242723105e-18, 1.68431395207e-18, 2.03994795213e-18, 3.89129086638e-18, 3.12746711887e-18, 5.44281699774e-18, 3.93335258694e-18, 4.79186349237e-18, 7.43992216401e-18, 8.52963584092e-18, 1.29451118887e-17, 1.22849291156e-17, 1.16465226994e-17, 1.81725674508e-17, 1.58626209225e-17, 1.1249625725e-17, 2.07591513001e-17, 1.73744754717e-17, 2.17908225406e-17, 1.37667702434e-17, 1.53672621583e-17, 1.13792151485e-17, 1.24101361362e-17, 9.38366673616e-18, 5.78405050711e-18, 3.87404580497e-18, 1.61274835343e-18, 2.85757219877e-19, 3.22051591635e-20], "var": [0.276042073965, 22.7602615356, 114.583641052, 232.204559326, 397.70489502, 209.033493042, 132.368621826, 152.363479614, 286.464050293, 3991.43969727, 240.840942383, 531.894287109, 254.430236816, 506.223175049, 138.938034058, 409.676208496, 498.570373535, 295.830047607, 1174.91345215, 707.409851074, 1202.02185059, 1058.23986816, 1147.12548828, 874.08770752, 508.699645996, 323.218200684, 102.379119873, 40.8935508728, 14.5443696976, 7.26886177063, 2.91631340981, 1.84909069538, 0.836918234825, 0.31550988555, 0.203521922231, 0.0571862347424, 0.0120931575075, 0.00229736394249, 0.000161626099725, 1.26879160689e-06]}, "gfcc": {"mean": [-42.0105323792, 101.690185547, -98.8671188354, 42.16223526, -16.742641449, 7.94900083542, -15.8956766129, 11.0147123337, -15.5647354126, 0.518560469151, -14.0792961121, -5.55084705353, -8.56224918365], "cov": [[27933.1738281, -1146.13464355, -5338.42626953, 2004.01281738, 569.86932373, 490.315368652, 202.148040771, 920.760314941, -612.525085449, -49.0794296265, -863.235473633, -87.9884872437, -72.6798019409], [-1146.13464355, 4584.68603516, -499.111602783, 84.9892196655, 590.223083496, -1.65172016621, 235.938949585, -125.591308594, 287.664703369, -105.529319763, 303.540557861, -159.455368042, 208.075820923], [-5338.42626953, -499.111602783, 2156.42773438, -516.610961914, -65.1745529175, -12.7214612961, -129.173553467, -182.281982422, 62.5500793457, 57.5985298157, 155.67578125, 94.6008529663, -69.4803314209], [2004.01281738, 84.9892196655, -516.610961914, 536.435546875, 82.7006225586, 114.021018982, 99.2637863159, 101.248008728, -32.3503303528, -29.356098175, -63.6641159058, -29.4935569763, 6.52715063095], [569.86932373, 590.223083496, -65.1745529175, 82.7006225586, 418.056182861, -10.2113285065, 154.728607178, 6.69620466232, 2.52213311195, -3.9988656044, -0.438308477402, -23.1384105682, 15.7845783234], [490.315368652, -1.65172016621, -12.7214612961, 114.021018982, -10.2113285065, 170.31678772, -6.01502084732, 62.0952415466, 3.84497261047, -2.91162490845, -3.7750442028, 4.39444828033, 1.30224096775], [202.148040771, 235.938949585, -129.173553467, 99.2637863159, 154.728607178, -6.01502084732, 163.588592529, 18.7505989075, 17.0942840576, -2.02671146393, 0.637412011623, -14.2158298492, 10.5036439896], [920.760314941, -125.591308594, -182.281982422, 101.248008728, 6.69620466232, 62.0952415466, 18.7505989075, 122.954933167, -5.79165124893, 16.5342979431, -39.6091918945, 1.21734130383, -17.1522922516], [-612.525085449, 287.664703369, 62.5500793457, -32.3503303528, 2.52213311195, 3.84497261047, 17.0942840576, -5.79165124893, 83.7609786987, 8.68950366974, 44.8555183411, -12.7473096848, 19.033624649], [-49.0794296265, -105.529319763, 57.5985298157, -29.356098175, -3.9988656044, -2.91162490845, -2.02671146393, 16.5342979431, 8.68950366974, 59.4377212524, 11.5401525497, 11.9758348465, -20.0553531647], [-863.235473633, 303.540557861, 155.67578125, -63.6641159058, -0.438308477402, -3.7750442028, 0.637412011623, -39.6091918945, 44.8555183411, 11.5401525497, 92.1896438599, 6.35575485229, 15.8761281967], [-87.9884872437, -159.455368042, 94.6008529663, -29.4935569763, -23.1384105682, 4.39444828033, -14.2158298492, 1.21734130383, -12.7473096848, 11.9758348465, 6.35575485229, 43.130531311, -0.214807778597], [-72.6798019409, 208.075820923, -69.4803314209, 6.52715063095, 15.7845783234, 1.30224096775, 10.5036439896, -17.1522922516, 19.033624649, -20.0553531647, 15.8761281967, -0.214807778597, 52.193145752]], "icov": [[0.000126171420561, 5.11878170073e-06, 0.000263619993348, -0.000118204057799, -0.000252497004112, -0.000194199936232, 0.000294397614198, -0.000190230974113, 0.000320644292515, -0.000166165584233, 0.000400866381824, -0.000313280703267, 0.000176445275429], [5.11878170073e-06, 0.000635202799458, 0.000241998786805, 1.06419111034e-05, -0.000911439710762, -0.000102331337985, 0.00038514912012, 9.0598994575e-05, -0.0010660905391, 0.000913182855584, -0.0019880074542, 0.00120235071518, -0.000624588690698], [0.000263619993348, 0.000241998786805, 0.00156990683172, 0.00031847084756, -0.00115933676716, -0.001206383924, 0.00103801523801, 0.00103306397796, -0.000773381849285, 0.000354453397449, -0.000315959769068, -0.00224732328206, 0.00246879598126], [-0.000118204057799, 1.06419111034e-05, 0.00031847084756, 0.00362044223584, 0.000270585122053, -0.00199697748758, -0.00207184394822, -0.000420015800046, 0.000808248587418, 0.0010695818346, -6.23320374871e-05, 0.00120484898798, 0.000151234620716], [-0.000252497004112, -0.000911439710762, -0.00115933676716, 0.000270585122053, 0.00572802452371, 0.000561014865525, -0.00496928859502, -4.01394609071e-05, 0.00272389152087, -0.00176322215702, 0.0018815639196, 0.00123309891205, -0.0012927489588], [-0.000194199936232, -0.000102331337985, -0.001206383924, -0.00199697748758, 0.000561014865525, 0.0096319001168, 0.00128470966592, -0.00514624966308, -0.000470739090815, 0.00159704568796, -0.00226415763609, 0.000134853529744, -0.00210382929072], [0.000294397614198, 0.00038514912012, 0.00103801523801, -0.00207184394822, -0.00496928859502, 0.00128470966592, 0.0123390136287, -0.00118100270629, -0.00327497674152, 0.00052673619939, -0.000764509430155, -0.00136337452568, 0.000738567847293], [-0.000190230974113, 9.0598994575e-05, 0.00103306397796, -0.000420015800046, -4.01394609071e-05, -0.00514624966308, -0.00118100270629, 0.0171696692705, -0.00549122411758, -0.00375163066201, 0.0055218054913, -0.00434391945601, 0.0056858160533], [0.000320644292515, -0.0010660905391, -0.000773381849285, 0.000808248587418, 0.00272389152087, -0.000470739090815, -0.00327497674152, -0.00549122411758, 0.0258474946022, -0.0066932067275, -0.0048459796235, 0.00971421599388, -0.0088753560558], [-0.000166165584233, 0.000913182855584, 0.000354453397449, 0.0010695818346, -0.00176322215702, 0.00159704568796, 0.00052673619939, -0.00375163066201, -0.0066932067275, 0.0267429221421, -0.00747549114749, -0.0060875355266, 0.0105863958597], [0.000400866381824, -0.0019880074542, -0.000315959769068, -6.23320374871e-05, 0.0018815639196, -0.00226415763609, -0.000764509430155, 0.0055218054913, -0.0048459796235, -0.00747549114749, 0.0278242286295, -0.0085064470768, -7.70167753217e-05], [-0.000313280703267, 0.00120235071518, -0.00224732328206, 0.00120484898798, 0.00123309891205, 0.000134853529744, -0.00136337452568, -0.00434391945601, 0.00971421599388, -0.0060875355266, -0.0085064470768, 0.0388155244291, -0.0130358636379], [0.000176445275429, -0.000624588690698, 0.00246879598126, 0.000151234620716, -0.0012927489588, -0.00210382929072, 0.000738567847293, 0.0056858160533, -0.0088753560558, 0.0105863958597, -7.70167753217e-05, -0.0130358636379, 0.0346005260944]]}, "melbands": {"dmean": [0.00230697798543, 0.00258339685388, 0.0011084114667, 0.000503378221765, 0.000144728372106, 9.61444602581e-05, 0.000111976129119, 0.000174080167199, 3.65251398762e-05, 5.20849534951e-05, 3.19130813295e-05, 3.6178069422e-05, 1.60080435307e-05, 1.96702785615e-05, 1.63156691997e-05, 1.60252402566e-05, 1.22412311612e-05, 1.75094683073e-05, 1.35293103085e-05, 1.58578459377e-05, 1.79323706107e-05, 1.45361109389e-05, 1.50308433149e-05, 1.22866968013e-05, 9.31471549848e-06, 6.71719544698e-06, 5.76455613555e-06, 4.09934182244e-06, 2.73689670394e-06, 1.80444249054e-06, 1.31704382511e-06, 8.68246956998e-07, 5.9332563751e-07, 5.38806887107e-07, 3.34924294521e-07, 3.13570666322e-07, 2.5936003567e-07, 2.11454533883e-07, 1.73687112692e-07, 1.6475236464e-07], "dmean2": [0.0039423648268, 0.00447358516976, 0.00193429901265, 0.000883995613549, 0.000260943808826, 0.00017820080393, 0.00019984091341, 0.000325888569932, 5.5195108871e-05, 8.225167403e-05, 5.06666037836e-05, 5.7399734942e-05, 2.60867727775e-05, 2.85108835669e-05, 2.47288990067e-05, 2.46357794822e-05, 1.91924791579e-05, 2.59850930888e-05, 2.09971440199e-05, 2.37745825871e-05, 2.82794262603e-05, 2.34803919739e-05, 2.35666520894e-05, 1.98075813387e-05, 1.48243507283e-05, 1.04804739749e-05, 8.94375989446e-06, 6.49415687803e-06, 4.35224819739e-06, 2.77029289464e-06, 1.97249323719e-06, 1.31922251967e-06, 8.92389664386e-07, 8.56315352848e-07, 5.04983177052e-07, 4.60148413595e-07, 3.8976770611e-07, 3.05878387508e-07, 2.47338078907e-07, 2.32257789889e-07], "dvar": [2.21242062253e-05, 2.64295085799e-05, 5.02092552779e-06, 2.48739456765e-06, 2.44674453143e-07, 1.2597240584e-07, 1.6788212065e-07, 6.71180373502e-07, 5.49856249421e-09, 1.64065667718e-08, 3.03964853288e-09, 7.70704300379e-09, 2.13208739552e-09, 9.75955760651e-10, 8.17864553859e-10, 6.46363906842e-10, 3.99692029474e-10, 7.38175964798e-10, 4.09490774622e-10, 5.62741353516e-10, 6.75784872506e-10, 4.61414906283e-10, 4.60324417473e-10, 3.11892012217e-10, 1.88311574667e-10, 9.3126069356e-11, 7.44808104081e-11, 4.30279457897e-11, 1.69923745214e-11, 8.75661435723e-12, 4.68226759448e-12, 2.37968759281e-12, 1.31748128032e-12, 1.08228660409e-12, 4.06520683002e-13, 3.35194464416e-13, 2.31041368762e-13, 1.93034702264e-13, 1.20956738549e-13, 9.35398947969e-14], "dvar2": [6.62226593704e-05, 7.92237406131e-05, 1.41822629303e-05, 6.92002413416e-06, 7.14004443125e-07, 3.68103258097e-07, 4.74625068136e-07, 1.93738605958e-06, 1.44745522235e-08, 4.19518961792e-08, 8.31606072893e-09, 2.00224921088e-08, 5.79638070874e-09, 2.28467422758e-09, 2.002466859e-09, 1.57602197959e-09, 9.85997616887e-10, 1.61518831643e-09, 1.01681596476e-09, 1.23605148339e-09, 1.63935387487e-09, 1.15166109982e-09, 1.14191622824e-09, 7.73901664974e-10, 4.36400499071e-10, 2.14763637429e-10, 1.73922140578e-10, 1.06139097511e-10, 4.10686033792e-11, 2.09032461479e-11, 1.00389844007e-11, 5.21522018279e-12, 3.00028426582e-12, 2.64243466518e-12, 9.09104822672e-13, 7.51864228429e-13, 5.25409143276e-13, 3.86137573739e-13, 2.43072407905e-13, 1.93669123165e-13], "max": [0.0511310771108, 0.0520162545145, 0.0284927524626, 0.0209663864225, 0.00661636982113, 0.00400736834854, 0.00413789274171, 0.00813921634108, 0.00122329196893, 0.00144587503746, 0.000788449542597, 0.00113132328261, 0.000917407800443, 0.000525858602487, 0.000477497029351, 0.000349740526872, 0.000253634905675, 0.000361722282832, 0.00036649388494, 0.00034730535117, 0.000325105822412, 0.000325248169247, 0.00029519337113, 0.000261589710135, 0.000197707937332, 0.000139405747177, 0.00012384292495, 0.000112522648124, 4.93947300129e-05, 4.05425962526e-05, 2.69717329502e-05, 1.80311762961e-05, 1.70197090483e-05, 1.47245355038e-05, 9.23912375583e-06, 8.56215592648e-06, 9.42445967667e-06, 1.10157352537e-05, 6.83987627781e-06, 4.91710352435e-06], "mean": [0.00610569212586, 0.00662396056578, 0.00205754861236, 0.000652090413496, 0.000197486486286, 9.92264467641e-05, 0.000135011534439, 0.000131807057187, 8.91325325938e-05, 9.24456689972e-05, 7.05450293026e-05, 6.35137839708e-05, 2.64158825303e-05, 4.60704213765e-05, 3.85616694984e-05, 4.16056500399e-05, 2.95031422866e-05, 4.2366256821e-05, 3.63053222827e-05, 4.26367005275e-05, 4.17703886342e-05, 3.42300481861e-05, 3.45834814652e-05, 2.87363218376e-05, 2.26714273595e-05, 1.66397730936e-05, 1.36054732138e-05, 1.00701927295e-05, 6.37120274405e-06, 3.70150337403e-06, 2.64512345893e-06, 1.64766413491e-06, 1.0403559827e-06, 8.32010982776e-07, 5.57852843031e-07, 5.29055455445e-07, 4.51760712394e-07, 3.68732713696e-07, 2.89559523026e-07, 2.73796132433e-07], "median": [0.00595963094383, 0.00650489330292, 0.00133834732696, 0.000339146703482, 0.00011161409202, 4.69373044325e-05, 5.21906404174e-05, 3.06257825287e-05, 6.24299718766e-05, 5.41184854228e-05, 4.62577627331e-05, 3.56375894626e-05, 1.72740492417e-05, 2.97090682579e-05, 2.76408190985e-05, 3.19353675877e-05, 2.05178439501e-05, 2.63588190137e-05, 2.88580558845e-05, 3.13245909638e-05, 3.16697914968e-05, 2.67068244284e-05, 2.46450545092e-05, 2.05742035178e-05, 1.55605666805e-05, 1.12178804557e-05, 8.59387000673e-06, 6.04404931437e-06, 3.70872885469e-06, 1.84757095667e-06, 1.30628075112e-06, 7.21070932741e-07, 2.98306360946e-07, 1.85866980473e-07, 1.11157234528e-07, 9.55815266934e-08, 7.83567344342e-08, 6.09203354429e-08, 4.84542290735e-08, 4.32913012105e-08], "min": [6.20399303924e-24, 4.69287436059e-24, 3.63038837293e-24, 2.60866898135e-23, 1.54775582455e-23, 4.21946867618e-24, 5.39609849809e-24, 2.94259664243e-23, 2.21025888324e-23, 6.24449868014e-24, 8.96250906831e-24, 8.19734160038e-24, 1.55746039141e-23, 6.20130736228e-24, 9.29806130954e-24, 1.17679848038e-23, 6.69701414449e-24, 7.68226354979e-24, 8.96920570854e-24, 8.68286182172e-24, 1.06758881332e-23, 1.35056505293e-23, 1.22582232022e-23, 9.53007634582e-24, 8.83691925676e-24, 1.35809236369e-23, 1.21315266188e-23, 9.84367379919e-24, 6.87831725748e-24, 5.76383586982e-24, 1.55995192969e-23, 1.00168721552e-23, 9.38489201824e-24, 1.33175387579e-23, 8.32036840286e-24, 7.0526097636e-24, 1.03041035106e-23, 8.35629628392e-24, 6.68341970451e-24, 1.22210852085e-23], "var": [2.51389737969e-05, 3.00791143673e-05, 5.82457187193e-06, 1.80229233138e-06, 1.59792790555e-07, 7.28575315634e-08, 1.13766809307e-07, 3.76432893745e-07, 1.09898410372e-08, 1.86715300998e-08, 6.32665919653e-09, 9.08209418782e-09, 1.85504822614e-09, 2.80637291183e-09, 1.74480319082e-09, 1.88211912722e-09, 1.0501236547e-09, 2.4758286532e-09, 1.26342392104e-09, 2.17849782658e-09, 1.91360816082e-09, 1.22464649532e-09, 1.41240208418e-09, 9.42074862564e-10, 5.93447624375e-10, 3.21735749154e-10, 2.40375885863e-10, 1.31381086566e-10, 5.2766544606e-11, 2.12417947815e-11, 1.14917927604e-11, 5.32475452619e-12, 3.18306925956e-12, 2.0868246367e-12, 9.62689021382e-13, 9.10650569709e-13, 6.73767465431e-13, 5.23655988363e-13, 2.806320714e-13, 2.22553529425e-13]}, "mfcc": {"mean": [-682.542419434, 130.126449585, -10.0371789932, 47.6719436646, 18.8419685364, 13.3084583282, 13.370429039, 10.9906511307, 10.709400177, 7.56663179398, 3.97561693192, 3.44189143181, -0.949370801449], "cov": [[20149.3945312, 1829.27770996, -3654.76123047, 1031.54418945, 169.128967285, 208.076019287, 545.076843262, 491.706329346, 474.135192871, 245.262115479, -47.7880172729, -161.859390259, -285.036834717], [1829.27770996, 2359.78955078, -754.128173828, 321.601867676, 136.905807495, 109.134399414, 94.6965484619, 83.6581039429, 90.5199508667, 25.1841392517, 53.7150497437, 71.3888015747, -4.67950248718], [-3654.76123047, -754.128173828, 1452.82543945, -308.994628906, 69.9421615601, -19.7904319763, -142.663909912, -92.1047439575, -166.867614746, -47.6694030762, -4.09183168411, 38.1996688843, 81.4875411987], [1031.54418945, 321.601867676, -308.994628906, 368.214111328, 61.726360321, 90.3777008057, 120.182853699, 61.4237594604, 71.8924942017, 23.9208469391, 19.2592353821, -1.28328680992, -21.3738937378], [169.128967285, 136.905807495, 69.9421615601, 61.726360321, 163.115463257, 60.0510673523, 52.9015274048, 33.967880249, 18.5081615448, 13.907286644, 5.11508274078, 4.15357685089, -0.25194132328], [208.076019287, 109.134399414, -19.7904319763, 90.3777008057, 60.0510673523, 113.427192688, 64.3628387451, 38.8918685913, 26.7405586243, 11.6314144135, 5.8284740448, 6.62277507782, 2.72831654549], [545.076843262, 94.6965484619, -142.663909912, 120.182853699, 52.9015274048, 64.3628387451, 124.5440979, 56.2368774414, 44.6413497925, 17.3451728821, 11.7256164551, 2.88251399994, -4.88383483887], [491.706329346, 83.6581039429, -92.1047439575, 61.4237594604, 33.967880249, 38.8918685913, 56.2368774414, 88.0952606201, 48.8696289062, 22.2295913696, 3.02814602852, 2.1561229229, -2.23726320267], [474.135192871, 90.5199508667, -166.867614746, 71.8924942017, 18.5081615448, 26.7405586243, 44.6413497925, 48.8696289062, 84.4661483765, 31.0702667236, 5.27476167679, -3.5120742321, -8.1885061264], [245.262115479, 25.1841392517, -47.6694030762, 23.9208469391, 13.907286644, 11.6314144135, 17.3451728821, 22.2295913696, 31.0702667236, 53.0178108215, 23.6948127747, 4.46892166138, -3.77100920677], [-47.7880172729, 53.7150497437, -4.09183168411, 19.2592353821, 5.11508274078, 5.8284740448, 11.7256164551, 3.02814602852, 5.27476167679, 23.6948127747, 47.776309967, 26.19049263, 6.43436050415], [-161.859390259, 71.3888015747, 38.1996688843, -1.28328680992, 4.15357685089, 6.62277507782, 2.88251399994, 2.1561229229, -3.5120742321, 4.46892166138, 26.19049263, 50.5334358215, 23.98046875], [-285.036834717, -4.67950248718, 81.4875411987, -21.3738937378, -0.25194132328, 2.72831654549, -4.88383483887, -2.23726320267, -8.1885061264, -3.77100920677, 6.43436050415, 23.98046875, 40.4133148193]], "icov": [[0.000111617460789, 2.024234891e-05, 0.00028499646578, -5.97717262281e-05, -0.000188781996258, 2.66584338533e-05, 1.3839928215e-05, -0.000336937024258, 0.00032068559085, -0.000383911043173, 0.000340005761245, -6.69228611514e-05, 0.000178094836883], [2.024234891e-05, 0.000671158195473, 0.000507144781295, -0.000289333460387, -0.000799719186034, -0.000314635195537, 0.000787151511759, -0.000279758358374, 0.000270985387033, 0.00034153755405, -0.000246850104304, -0.00102383783087, -0.000125625752844], [0.00028499646578, 0.000507144781295, 0.00228685908951, 0.000312130985549, -0.002034668345, -0.000771733873989, 0.00147865759209, -0.00107414531521, 0.0027519504074, -0.000826767878607, 0.000400299875764, -0.000532468257006, -0.00148590432946], [-5.97717262281e-05, -0.000289333460387, 0.000312130985549, 0.0050520254299, -0.000191796832951, -0.00192695797887, -0.00267121638171, 0.000670602312312, -0.00156985374633, 0.00125436217058, -0.00187429029029, 0.000734864093829, 0.00109201821033], [-0.000188781996258, -0.000799719186034, -0.002034668345, -0.000191796832951, 0.0100296912715, -0.00226962938905, -0.00322924554348, -7.47032318031e-05, -0.00110828259494, -0.0011708001839, 0.000782213290222, 0.000583478715271, 0.00159388280008], [2.66584338533e-05, -0.000314635195537, -0.000771733873989, -0.00192695797887, -0.00226962938905, 0.0152254793793, -0.00502789812163, -0.00159846502356, -0.000376894779038, -0.0008403158281, 0.00185880274512, -0.000825207855087, -0.00101064040791], [1.3839928215e-05, 0.000787151511759, 0.00147865759209, -0.00267121638171, -0.00322924554348, -0.00502789812163, 0.0184718798846, -0.00600038049743, -0.00050719815772, 0.00250231451355, -0.00408345088363, 0.000424842350185, -0.00145732343663], [-0.000336937024258, -0.000279758358374, -0.00107414531521, 0.000670602312312, -7.47032318031e-05, -0.00159846502356, -0.00600038049743, 0.0220119170845, -0.00893799960613, -0.00263411272317, 0.00342214852571, -0.00209030718543, -0.000648716464639], [0.00032068559085, 0.000270985387033, 0.0027519504074, -0.00156985374633, -0.00110828259494, -0.000376894779038, -0.00050719815772, -0.00893799960613, 0.0262334588915, -0.0117633519694, 0.00484590185806, -1.99641417566e-05, -0.00116549024824], [-0.000383911043173, 0.00034153755405, -0.000826767878607, 0.00125436217058, -0.0011708001839, -0.0008403158281, 0.00250231451355, -0.00263411272317, -0.0117633519694, 0.03597157076, -0.0214190669358, 0.00585388485342, 0.000777976936661], [0.000340005761245, -0.000246850104304, 0.000400299875764, -0.00187429029029, 0.000782213290222, 0.00185880274512, -0.00408345088363, 0.00342214852571, 0.00484590185806, -0.0214190669358, 0.0445373542607, -0.0225598048419, 0.00542524643242], [-6.69228611514e-05, -0.00102383783087, -0.000532468257006, 0.000734864093829, 0.000583478715271, -0.000825207855087, 0.000424842350185, -0.00209030718543, -1.99641417566e-05, 0.00585388485342, -0.0225598048419, 0.0422700494528, -0.020081486553], [0.000178094836883, -0.000125625752844, -0.00148590432946, 0.00109201821033, 0.00159388280008, -0.00101064040791, -0.00145732343663, -0.000648716464639, -0.00116549024824, 0.000777976936661, 0.00542524643242, -0.020081486553, 0.0403143130243]]}, "spectral_contrast_coeffs": {"dmean": [0.0437652878463, 0.0394830480218, 0.0300092753023, 0.0245592817664, 0.0172693561763, 0.0198574047536], "dmean2": [0.0740520432591, 0.0664623379707, 0.0488147549331, 0.0389751046896, 0.0284617934376, 0.0303576029837], "dvar": [0.0016748473281, 0.00124282762408, 0.000629608228337, 0.000420693948399, 0.000202225448447, 0.000474218308227], "dvar2": [0.00485732732341, 0.00363663141616, 0.00169361475855, 0.000989972962998, 0.000526837538928, 0.000940670142882], "max": [-0.396322846413, -0.516692638397, -0.607255995274, -0.613391041756, -0.696444153786, -0.603523313999], "mean": [-0.683542191982, -0.765841364861, -0.784831881523, -0.784589707851, -0.804800510406, -0.755944311619], "median": [-0.681925415993, -0.763017654419, -0.781117200851, -0.777160525322, -0.795666694641, -0.748144090176], "min": [-0.981394827366, -0.991530954838, -0.959661900997, -0.961580216885, -0.965578258038, -0.957787573338], "var": [0.00451345881447, 0.0034884668421, 0.00285219796933, 0.00296348077245, 0.00166749302298, 0.00464693875983]}, "spectral_contrast_valleys": {"dmean": [0.355126470327, 0.382478266954, 0.327574253082, 0.293821185827, 0.249189302325, 0.406218349934], "dmean2": [0.53936201334, 0.595506429672, 0.482538223267, 0.418606042862, 0.338948875666, 0.484028458595], "dvar": [0.177215129137, 0.192749410868, 0.159538984299, 0.146879091859, 0.151686653495, 0.323679059744], "dvar2": [0.266745686531, 0.360414355993, 0.250715881586, 0.204550907016, 0.196447208524, 0.587345480919], "max": [-4.93150377274, -4.6095995903, -5.22428417206, -