{"lowlevel": {"average_loudness": 0.851769089699, "barkbands_crest": {"dmean": 2.12440347672, "dmean2": 3.45240449905, "dvar": 4.19978380203, "dvar2": 11.2146110535, "max": 25.1094703674, "mean": 11.0878181458, "median": 10.3510465622, "min": 3.73050618172, "var": 14.1758947372}, "barkbands_flatness_db": {"dmean": 0.0160371456295, "dmean2": 0.0257233362645, "dvar": 0.000221655514906, "dvar2": 0.000501371454448, "max": 0.51223808527, "mean": 0.319109529257, "median": 0.32047072053, "min": 0.0419446900487, "var": 0.00380214489996}, "barkbands_kurtosis": {"dmean": 1.56817281246, "dmean2": 2.51908326149, "dvar": 4.17581415176, "dvar2": 11.1211166382, "max": 37.5661392212, "mean": 3.83475637436, "median": 2.86287641525, "min": -1.76066017151, "var": 16.6408481598}, "barkbands_skewness": {"dmean": 0.322263777256, "dmean2": 0.506111562252, "dvar": 0.100624352694, "dvar2": 0.25041243434, "max": 5.36745405197, "mean": 1.30117809772, "median": 1.30177676678, "min": -2.26685500145, "var": 0.709513247013}, "barkbands_spread": {"dmean": 0.960608899593, "dmean2": 1.52453148365, "dvar": 1.42288827896, "dvar2": 3.21021318436, "max": 90.5628433228, "mean": 5.66108036041, "median": 5.09171104431, "min": 0.70487678051, "var": 17.9412498474}, "dissonance": {"dmean": 0.0340654589236, "dmean2": 0.0581972189248, "dvar": 0.000907863781322, "dvar2": 0.00256294943392, "max": 0.500000059605, "mean": 0.411285817623, "median": 0.420805215836, "min": 0.149052500725, "var": 0.00268720532767}, "dynamic_complexity": 4.73032569885, "erbbands_crest": {"dmean": 2.27944612503, "dmean2": 3.73509144783, "dvar": 5.3384680748, "dvar2": 14.9901075363, "max": 27.7205104828, "mean": 11.3408937454, "median": 10.4241218567, "min": 2.69970917702, "var": 18.0615367889}, "erbbands_flatness_db": {"dmean": 0.0121459988877, "dmean2": 0.019539007917, "dvar": 0.000149380415678, "dvar2": 0.00032493355684, "max": 0.474444657564, "mean": 0.338471591473, "median": 0.339291006327, "min": 0.0537794604897, "var": 0.00308510730974}, "erbbands_kurtosis": {"dmean": 0.806984126568, "dmean2": 1.28320395947, "dvar": 1.09821975231, "dvar2": 2.61516261101, "max": 29.2218475342, "mean": 1.21067738533, "median": 0.686586141586, "min": -1.59503018856, "var": 4.43885421753}, "erbbands_skewness": {"dmean": 0.26100730896, "dmean2": 0.418032258749, "dvar": 0.0638893917203, "dvar2": 0.168573483825, "max": 3.13278365135, "mean": 0.678592979908, "median": 0.669883370399, "min": -2.03820204735, "var": 0.391840785742}, "erbbands_spread": {"dmean": 2.12282085419, "dmean2": 3.43010878563, "dvar": 5.23324346542, "dvar2": 13.0968141556, "max": 99.5518875122, "mean": 13.6962852478, "median": 12.6164827347, "min": 1.09160351753, "var": 43.0174255371}, "hfc": {"dmean": 2.37120389938, "dmean2": 3.64183735847, "dvar": 9.39535236359, "dvar2": 21.1052379608, "max": 51.3425064087, "mean": 12.7018527985, "median": 11.8915157318, "min": 1.12576634391e-16, "var": 71.3896408081}, "melbands_crest": {"dmean": 2.43243122101, "dmean2": 4.04731464386, "dvar": 5.80541753769, "dvar2": 16.4292488098, "max": 29.2967834473, "mean": 12.6794128418, "median": 12.0697622299, "min": 1.87011778355, "var": 15.8032083511}, "melbands_flatness_db": {"dmean": 0.0177986379713, "dmean2": 0.0278713125736, "dvar": 0.000324691587593, "dvar2": 0.000664587831125, "max": 0.645827949047, "mean": 0.411323606968, "median": 0.412224918604, "min": 0.00419173389673, "var": 0.00595122016966}, "melbands_kurtosis": {"dmean": 1.81021606922, "dmean2": 2.91974544525, "dvar": 5.43670320511, "dvar2": 14.6891508102, "max": 42.4547805786, "mean": 4.70285224915, "median": 3.60906124115, "min": -1.63386654854, "var": 22.7269668579}, "melbands_skewness": {"dmean": 0.335440635681, "dmean2": 0.534094214439, "dvar": 0.102732181549, "dvar2": 0.257057368755, "max": 4.9151930809, "mean": 1.44174492359, "median": 1.43701779842, "min": -2.66507339478, "var": 0.687393307686}, "melbands_spread": {"dmean": 1.36060070992, "dmean2": 2.14700436592, "dvar": 4.80347681046, "dvar2": 8.42136001587, "max": 159.734207153, "mean": 8.39778804779, "median": 7.4964427948, "min": 1.26913583279, "var": 74.1984786987}, "pitch_salience": {"dmean": 0.0536326989532, "dmean2": 0.0886530950665, "dvar": 0.00242465711199, "dvar2": 0.00661067524925, "max": 0.840524017811, "mean": 0.583797037601, "median": 0.58930927515, "min": 0.159555777907, "var": 0.0091712269932}, "silence_rate_20dB": {"dmean": 0, "dmean2": 0, "dvar": 0, "dvar2": 0, "max": 1, "mean": 1, "median": 1, "min": 1, "var": 0}, "silence_rate_30dB": {"dmean": 0.000474383297842, "dmean2": 0.000948879111093, "dvar": 0.000474168540677, "dvar2": 0.000948019616771, "max": 1, "mean": 0.999407112598, "median": 1, "min": 0, "var": 0.000592627795413}, "silence_rate_60dB": {"dmean": 0.00118595827371, "dmean2": 0.00225358805619, "dvar": 0.0011845305562, "dvar2": 0.00224860617891, "max": 1, "mean": 0.0971184596419, "median": 0, "min": 0, "var": 0.0876863226295}, "spectral_centroid": {"dmean": 43.7195663452, "dmean2": 67.3896179199, "dvar": 15168.7832031, "dvar2": 17470.0390625, "max": 10998.2480469, "mean": 496.157836914, "median": 467.754272461, "min": 242.711456299, "var": 72915.453125}, "spectral_complexity": {"dmean": 1.47722959518, "dmean2": 2.48606324196, "dvar": 2.34954810143, "dvar2": 5.87333440781, "max": 29, "mean": 12.9841098785, "median": 13, "min": 0, "var": 26.3973426819}, "spectral_decrease": {"dmean": 1.54057777646e-09, "dmean2": 2.4653459274e-09, "dvar": 3.23314874791e-18, "dvar2": 8.80500095812e-18, "max": 3.94873922167e-17, "mean": -8.01653321503e-09, "median": -7.50790274395e-09, "min": -3.65530432589e-08, "var": 2.65207554341e-17}, "spectral_energy": {"dmean": 0.00600813236088, "dmean2": 0.00960396882147, "dvar": 4.90064339829e-05, "dvar2": 0.000132809072966, "max": 0.140919849277, "mean": 0.0314082168043, "median": 0.0294887237251, "min": 1.05756600356e-20, "var": 0.000404377147788}, "spectral_energyband_high": {"dmean": 3.21034031003e-06, "dmean2": 4.81150027554e-06, "dvar": 1.41286024546e-10, "dvar2": 3.29421795398e-10, "max": 0.000227257885854, "mean": 5.18502747582e-06, "median": 5.50288064005e-07, "min": 7.60592088566e-21, "var": 1.93456126119e-10}, "spectral_energyband_low": {"dmean": 0.00171332643367, "dmean2": 0.00275546079502, "dvar": 1.04378113974e-05, "dvar2": 2.90030566248e-05, "max": 0.0759195312858, "mean": 0.0051138214767, "median": 0.00257885898463, "min": 1.05734876768e-22, "var": 5.44040594832e-05}, "spectral_energyband_middle_high": {"dmean": 0.000747572572436, "dmean2": 0.00111645448487, "dvar": 2.50662060353e-06, "dvar2": 6.00129305894e-06, "max": 0.0293660052121, "mean": 0.00267918501049, "median": 0.00201475806534, "min": 1.6318659918e-21, "var": 7.44241015127e-06}, "spectral_energyband_middle_low": {"dmean": 0.00551027990878, "dmean2": 0.00887756887823, "dvar": 4.34667381342e-05, "dvar2": 0.000117757976113, "max": 0.131090372801, "mean": 0.0252217035741, "median": 0.0228917393833, "min": 3.28583210488e-22, "var": 0.000277508574072}, "spectral_entropy": {"dmean": 0.129855200648, "dmean2": 0.206348523498, "dvar": 0.019916113466, "dvar2": 0.044398277998, "max": 9.79748249054, "mean": 6.08700752258, "median": 6.07670450211, "min": 4.68415212631, "var": 0.219091877341}, "spectral_flux": {"dmean": 0.017373951152, "dmean2": 0.0271823592484, "dvar": 0.00039382831892, "dvar2": 0.000912148447242, "max": 0.228154405951, "mean": 0.0568290054798, "median": 0.051110342145, "min": 1.02838029759e-10, "var": 0.00134433875792}, "spectral_kurtosis": {"dmean": 25.7398204803, "dmean2": 45.3036422729, "dvar": 753.105285645, "dvar2": 2205.52783203, "max": 466.299682617, "mean": 71.7779693604, "median": 53.6433448792, "min": -1.18414664268, "var": 4039.11547852}, "spectral_rms": {"dmean": 0.000494910869747, "dmean2": 0.000784010742791, "dvar": 2.70512657607e-07, "dvar2": 7.0267827823e-07, "max": 0.0117253055796, "mean": 0.0050969668664, "median": 0.00536371953785, "min": 3.21212023993e-12, "var": 4.66316851089e-06}, "spectral_rolloff": {"dmean": 73.0698547363, "dmean2": 124.277297974, "dvar": 61746.375, "dvar2": 80549.9375, "max": 19358.3496094, "mean": 716.976257324, "median": 602.9296875, "min": 215.33203125, "var": 1606582.125}, "spectral_skewness": {"dmean": 1.41289591789, "dmean2": 2.49753069878, "dvar": 1.60299873352, "dvar2": 4.71250104904, "max": 16.9007453918, "mean": 5.42614269257, "median": 4.76612377167, "min": 0.00859501119703, "var": 7.76295280457}, "spectral_spread": {"dmean": 240581.1875, "dmean2": 421159.5625, "dvar": 219409268736, "dvar2": 294251921408, "max": 39772464, "mean": 1282822.125, "median": 1108717.625, "min": 184935.5, "var": 1343933120510.0}, "spectral_strongpeak": {"dmean": 0.410133719444, "dmean2": 0.675733864307, "dvar": 0.355222195387, "dvar2": 0.836247265339, "max": 7.10146474838, "mean": 1.25508320332, "median": 0.984833717346, "min": 0, "var": 1.19695436954}, "zerocrossingrate": {"dmean": 0.00233004894108, "dmean2": 0.00304777617566, "dvar": 3.2533389458e-05, "dvar2": 3.52975766873e-05, "max": 0.5185546875, "mean": 0.02607113868, "median": 0.02294921875, "min": 0.00830078125, "var": 0.00100710743573}, "barkbands": {"dmean": [1.01140028619e-06, 0.000526021700352, 0.00105257669929, 0.00109458563384, 0.00291332649067, 0.00261891819537, 0.00140900176484, 0.000718387193047, 0.000965589133557, 0.000364381470717, 0.00033359992085, 0.000160692623467, 7.69698817749e-05, 5.01263857586e-05, 5.44262948097e-05, 4.53104330518e-05, 2.46258478001e-05, 1.3084632883e-05, 6.542441497e-06, 3.96988662033e-06, 1.13485180009e-06, 4.99899158513e-07, 1.04388760747e-07, 1.56263322282e-08, 6.04717831365e-09, 2.64352739698e-09, 1.69964065044e-09], "dmean2": [1.74562444499e-06, 0.000880585226696, 0.00168753718026, 0.0017806161195, 0.0046472302638, 0.00450528459623, 0.00241404422559, 0.00116497080307, 0.00124855944887, 0.000582301232498, 0.000478980247863, 0.000261547422269, 0.000110916422273, 7.54967913963e-05, 8.21045250632e-05, 7.13842964615e-05, 3.90666937164e-05, 2.10319922189e-05, 1.01573086795e-05, 6.16226998318e-06, 1.77228150733e-06, 7.56649910727e-07, 1.5836150169e-07, 2.11567812158e-08, 9.6041743447e-09, 4.4295038748e-09, 3.05555181157e-09], "dvar": [4.18538250932e-12, 1.26080931295e-06, 5.09127721671e-06, 4.05397940995e-06, 2.43021440838e-05, 2.193799628e-05, 5.20497223988e-06, 2.2985650503e-06, 8.18883745524e-06, 9.51595325205e-07, 8.34085312817e-07, 2.1446969356e-07, 6.16712583223e-08, 6.08767365406e-08, 1.37732270034e-08, 1.28141470768e-08, 3.10373526879e-09, 1.28453470083e-09, 2.91824536758e-10, 2.65531846511e-10, 2.46922031433e-11, 8.69033837947e-12, 2.83037021554e-13, 5.0494285199e-15, 4.09355088601e-16, 1.9569984871e-17, 5.63079875502e-18], "dvar2": [1.25811678783e-11, 3.86148622056e-06, 1.41209875437e-05, 1.13892092486e-05, 6.38342971797e-05, 7.00327727827e-05, 1.57966387633e-05, 5.41100234841e-06, 1.25620636027e-05, 2.57452006736e-06, 1.86346960618e-06, 4.0683721636e-07, 1.24339280205e-07, 1.43388376728e-07, 2.55375756097e-08, 3.14681898317e-08, 7.68064722934e-09, 3.23124615953e-09, 6.88803014626e-10, 6.66348476397e-10, 6.25053273029e-11, 2.19837221344e-11, 7.10213626191e-13, 7.33706037549e-15, 9.39641071081e-16, 4.85506811483e-17, 1.7254420132e-17], "max": [2.96633006656e-05, 0.0172950197011, 0.0469583496451, 0.0328395813704, 0.113824501634, 0.0807679519057, 0.0342999473214, 0.046535782516, 0.0590840503573, 0.0242258124053, 0.0219172667712, 0.0248335767537, 0.00755067355931, 0.0132881859317, 0.00511800684035, 0.00257429247722, 0.00128748628777, 0.00131491257343, 0.000364852981875, 0.000579732179176, 0.000111318629934, 0.000183808457223, 1.95312532014e-05, 3.39017810802e-06, 6.37548851046e-07, 8.83505038018e-08, 4.1030755682e-08], "mean": [1.36024652875e-06, 0.00105808163062, 0.00251464475878, 0.00268692197278, 0.00766540458426, 0.00659532891586, 0.00349071924575, 0.00180147914216, 0.00278249313124, 0.000903727661353, 0.000849462405313, 0.00040372699732, 0.000206240190892, 0.000130350643303, 0.000112498019007, 0.000103708742245, 5.46158407815e-05, 2.58680011029e-05, 1.29186555569e-05, 6.12188568994e-06, 1.70831197011e-06, 7.26838834453e-07, 1.50786263475e-07, 2.61485091357e-08, 1.02359667409e-08, 5.03648056593e-09, 2.57219046063e-09], "median": [3.36047946803e-07, 0.000311118958052, 0.000720749259926, 0.0012351119658, 0.00471278140321, 0.0037106948439, 0.0021360735409, 0.00095906923525, 0.000906900211703, 0.000423291872721, 0.000444260193035, 0.000222456073971, 0.000105858533061, 6.02333057032e-05, 5.02585717186e-05, 3.30772527377e-05, 1.88720714505e-05, 8.76217382029e-06, 3.52361894329e-06, 7.88269574059e-07, 1.64504854183e-07, 4.25262065562e-08, 1.26581447546e-08, 6.16450757107e-09, 4.09158884551e-09, 3.09194159165e-09, 1.74081149495e-09], "min": [6.79178568483e-23, 5.76342913314e-23, 1.45909558964e-23, 1.09593321673e-23, 3.07973348437e-23, 4.93984635741e-23, 9.96651411495e-23, 6.00044460093e-23, 5.00729301817e-23, 7.50915244176e-23, 8.40217895853e-23, 2.09242073449e-22, 8.95577629826e-23, 9.66718683981e-23, 1.65192055257e-22, 8.29450196932e-23, 9.88591903616e-23, 1.69585909525e-22, 4.27122716545e-22, 3.98570798538e-22, 4.22996557493e-22, 3.44055259329e-22, 5.79615865656e-22, 9.85925276078e-22, 1.47195457144e-21, 1.71025730876e-21, 2.00233143071e-21], "var": [6.33825891078e-12, 2.69091788141e-06, 2.18132972805e-05, 1.40243209898e-05, 8.51939039421e-05, 6.39837162453e-05, 1.79536182259e-05, 1.07589921754e-05, 4.07686493418e-05, 2.23994129556e-06, 2.10525672628e-06, 6.98783253483e-07, 1.57549649771e-07, 8.94591778433e-08, 4.17681285114e-08, 3.68805075368e-08, 9.52688505862e-09, 2.27891661098e-09, 6.31083074687e-10, 3.09355929762e-10, 2.86299473712e-11, 9.44634648281e-12, 3.35752801429e-13, 1.13747182043e-14, 6.4068645688e-16, 3.75932611105e-17, 6.22391992786e-18]}, "erbbands": {"dmean": [0.0054392456077, 0.15303902328, 0.946940362453, 2.51265287399, 5.49812364578, 13.5216093063, 11.795384407, 27.5525627136, 14.6163816452, 23.2002830505, 14.8217220306, 16.0513248444, 20.0715923309, 14.6279144287, 6.91657924652, 5.06064414978, 3.72993707657, 2.81737041473, 2.53464913368, 2.16307926178, 2.40871024132, 1.21779382229, 0.863620221615, 0.435598701239, 0.253440409899, 0.173448801041, 0.0575255863369, 0.04734088853, 0.0186469648033, 0.00918835029006, 0.00236535049044, 0.00053117290372, 0.000188560545212, 9.3468297564e-05, 3.1832158129e-05, 1.33900339279e-05, 5.55377255296e-06, 1.48833044022e-06, 2.83362805931e-06, 6.67523090669e-06], "dmean2": [0.00892687309533, 0.256482034922, 1.55902063847, 3.95383906364, 8.70728302002, 21.8458824158, 18.0322914124, 49.7212715149, 25.7090549469, 38.9807701111, 23.2075252533, 21.1893692017, 26.8577136993, 21.5671234131, 10.8303689957, 8.13093471527, 5.46268510818, 4.1726307869, 3.9686050415, 3.17427015305, 3.7958445549, 1.96295762062, 1.38143908978, 0.67916727066, 0.394946992397, 0.263630360365, 0.0868507176638, 0.075036495924, 0.0283844489604, 0.0139372488484, 0.00354069611058, 0.00072152010398, 0.000282294728095, 0.00014408340212, 5.13854174642e-05, 2.17513952521e-05, 9.06684363144e-06, 2.48725154961e-06, 4.4926227929e-06, 1.06518255052e-05], "dvar": [0.000110077693535, 0.109326414764, 4.22578954697, 20.4446105957, 81.1196670532, 661.404602051, 392.84286499, 3343.13134766, 720.292602539, 1370.80407715, 1657.34802246, 2059.89892578, 3412.25732422, 1580.84362793, 225.228103638, 202.94090271, 123.369781494, 217.421951294, 22.4486560822, 23.4553318024, 37.7003555298, 6.85915374756, 5.48570108414, 1.35447978973, 0.585152864456, 0.43235591054, 0.037904959172, 0.0681352317333, 0.00710112508386, 0.00481178052723, 0.000194504085812, 6.71271573083e-06, 5.59088164209e-07, 1.21048216783e-07, 6.11635142533e-09, 5.17270337674e-10, 7.19610274147e-11, 4.83533872664e-12, 1.0785645814e-11, 6.02936381378e-11], "dvar2": [0.000296857208014, 0.338181465864, 12.334569931, 53.6109085083, 176.974227905, 1805.13598633, 916.727478027, 11338.234375, 2300.43408203, 3846.30029297, 3871.72607422, 3167.15600586, 5503.72363281, 3885.10644531, 478.442626953, 431.152832031, 249.960449219, 497.42666626, 57.11378479, 43.0315895081, 96.8663024902, 17.0903053284, 13.9912128448, 3.14399528503, 1.40365946293, 1.01975822449, 0.0889341309667, 0.182160630822, 0.0177426319569, 0.0120582412928, 0.000483401672682, 1.0251895219e-05, 1.08191795789e-06, 2.56664407061e-07, 1.46398217993e-08, 1.23475274449e-09, 1.75174028061e-10, 1.24073494534e-11, 2.862634782e-11, 1.62319935271e-10], "max": [0.207178100944, 5.36914157867, 42.3713951111, 121.865242004, 328.497924805, 400.568267822, 419.913116455, 1011.66906738, 578.809509277, 757.54864502, 1273.46606445, 1488.52124023, 1242.85791016, 992.057373047, 507.518585205, 572.045654297, 395.301208496, 792.746032715, 119.935531616, 186.346664429, 149.009368896, 58.3773269653, 90.4703369141, 28.2490406036, 30.3281402588, 16.3918590546, 5.88049125671, 6.13091278076, 2.91025424004, 4.90404033661, 0.795170903206, 0.127532958984, 0.0300394184887, 0.00817045662552, 0.00260059349239, 0.000505024509039, 0.000164056138601, 5.0441485655e-05, 6.46155676804e-05, 0.000154514331371], "mean": [0.013700382784, 0.331160843372, 2.37181377411, 6.98523139954, 13.0445261002, 34.1598968506, 37.8774261475, 58.7862510681, 36.9480781555, 60.0525970459, 42.3650360107, 47.8998680115, 57.3685569763, 39.7044334412, 19.1899032593, 14.0494728088, 10.6862754822, 7.76684379578, 6.22236061096, 4.95545387268, 5.78466892242, 2.82533979416, 1.93742871284, 0.908469319344, 0.515339791775, 0.281371027231, 0.103383392096, 0.0615894533694, 0.0272229295224, 0.0137363160029, 0.00329473894089, 0.00089771108469, 0.000338336249115, 0.0001716917468, 7.25630961824e-05, 3.78063305106e-05, 1.82393723662e-05, 4.17792716689e-06, 1.51754375111e-05, 3.51174276148e-05], "median": [0.00415616715327, 0.103795163333, 0.823538601398, 3.08691287041, 8.10559463501, 17.4430999756, 24.6038742065, 27.5943965912, 24.4903335571, 35.6906433105, 23.9319419861, 18.3173904419, 21.0340442657, 23.0120391846, 12.6238288879, 8.74826431274, 6.24185371399, 4.01794099808, 3.67025756836, 2.34522032738, 2.11572527885, 1.21209323406, 0.655218839645, 0.302375614643, 0.130672395229, 0.0360785648227, 0.0129941394553, 0.00453658122569, 0.00176055147313, 0.000773443316575, 0.00036742730299, 0.000183612035471, 0.000110737273644, 7.11391476216e-05, 4.60601186205e-05, 2.91053183901e-05, 1.54715507961e-05, 3.36639823217e-06, 1.43441693581e-05, 3.3102605812e-05], "min": [3.08863222665e-21, 8.16679296183e-21, 1.08004512139e-20, 3.24609615367e-20, 7.602146551e-20, 1.04808701458e-19, 3.10487619596e-19, 3.85111304967e-19, 1.14812658683e-18, 1.75429229452e-18, 1.01331548233e-18, 1.33136363612e-18, 1.94860798055e-18, 2.86688826872e-18, 3.99782014875e-18, 7.30712410693e-18, 3.86219685629e-18, 4.32198892209e-18, 7.64050519075e-18, 7.60606387159e-18, 3.73013871226e-18, 5.54031015909e-18, 9.3302432763e-18, 1.3583179988e-17, 2.35897401952e-17, 2.21777958291e-17, 1.36330325092e-17, 1.82254176745e-17, 1.38827872874e-17, 1.53049473341e-17, 1.6353172113e-17, 2.00783287164e-17, 1.64138044519e-17, 1.55397822556e-17, 1.11760504911e-17, 5.93440671346e-18, 3.21181327837e-18, 1.12571030242e-18, 2.52025569978e-19, 3.31982605747e-20], "var": [0.000458428869024, 0.253470420837, 17.0326251984, 102.736228943, 298.541870117, 2206.90820312, 1854.96508789, 7637.64550781, 1837.30114746, 6028.95019531, 6093.80517578, 12303.9804688, 15595.2783203, 3293.51074219, 814.479614258, 647.62310791, 344.474517822, 316.021484375, 63.0642051697, 82.9552154541, 103.566444397, 19.9913692474, 12.3329696655, 2.82454180717, 1.1665583849, 0.569348573685, 0.0600479245186, 0.0618416853249, 0.00892866123468, 0.00510274944827, 0.000212868646486, 1.39752555697e-05, 1.03498405224e-06, 2.26144479143e-07, 9.90415571778e-09, 1.28619426221e-09, 2.12364709151e-10, 1.19643947527e-11, 9.11858158426e-11, 5.0168963428e-10]}, "gfcc": {"mean": [-161.127334595, 233.426986694, -130.477508545, -35.7215766907, -32.2237701416, -35.714515686, -27.8212432861, -15.833190918, -16.4126663208, -20.1497859955, -9.47930908203, -10.9123487473, -3.65176725388], "cov": [[16107.2314453, 3515.26098633, -1866.53845215, 1737.42163086, 865.652587891, -371.827575684, 979.277832031, -307.416381836, 562.532531738, -54.4267539978, 377.29574585, -116.975036621, 334.160308838], [3515.26098633, 1912.07116699, 10.2326822281, -244.809921265, 495.223327637, -123.621154785, 96.916633606, -71.2500228882, 65.9894943237, -110.174003601, 128.947769165, -80.398475647, 86.4977874756], [-1866.53845215, 10.2326822281, 758.770385742, -343.571105957, -9.5711183548, 162.108673096, -109.287528992, 30.044424057, -41.915473938, -3.89746284485, -24.0805664062, 2.9666724205, -14.9916849136], [1737.42163086, -244.809921265, -343.571105957, 878.065612793, 73.1104888916, 2.10251069069, 266.656433105, 4.2768034935, 134.823547363, 108.868713379, 31.2947731018, 46.4739265442, 42.7207794189], [865.652587891, 495.223327637, -9.5711183548, 73.1104888916, 326.034606934, -20.3601341248, 49.2017784119, 19.7451610565, 19.4803733826, -8.3826007843, 54.4056167603, -13.5602426529, 35.2909507751], [-371.827575684, -123.621154785, 162.108673096, 2.10251069069, -20.3601341248, 152.623733521, 23.9573993683, 16.1105079651, 17.8639259338, 5.82992506027, -21.8132171631, 7.35810184479, -2.75979232788], [979.277832031, 96.916633606, -109.287528992, 266.656433105, 49.2017784119, 23.9573993683, 186.742492676, 27.7874126434, 63.187412262, 26.16954422, 4.98874473572, -4.92202949524, 29.1111755371], [-307.416381836, -71.2500228882, 30.044424057, 4.2768034935, 19.7451610565, 16.1105079651, 27.7874126434, 101.949684143, 21.9337043762, 8.84030723572, -8.81789016724, -6.0356388092, -12.08481884], [562.532531738, 65.9894943237, -41.915473938, 134.823547363, 19.4803733826, 17.8639259338, 63.187412262, 21.9337043762, 95.9219284058, 35.9416923523, 9.66250419617, 4.66938924789, 8.29466533661], [-54.4267539978, -110.174003601, -3.89746284485, 108.868713379, -8.3826007843, 5.82992506027, 26.16954422, 8.84030723572, 35.9416923523, 72.1945953369, 17.0912914276, 10.8091030121, 3.91113781929], [377.29574585, 128.947769165, -24.0805664062, 31.2947731018, 54.4056167603, -21.8132171631, 4.98874473572, -8.81789016724, 9.66250419617, 17.0912914276, 68.0308456421, 22.633354187, 6.44874382019], [-116.975036621, -80.398475647, 2.9666724205, 46.4739265442, -13.5602426529, 7.35810184479, -4.92202949524, -6.0356388092, 4.66938924789, 10.8091030121, 22.633354187, 58.8606529236, 18.8192558289], [334.160308838, 86.4977874756, -14.9916849136, 42.7207794189, 35.2909507751, -2.75979232788, 29.1111755371, -12.08481884, 8.29466533661, 3.91113781929, 6.44874382019, 18.8192558289, 63.6267204285]], "icov": [[0.00100478052627, -0.00185014749877, 0.00152017630171, -0.00188470853027, 0.00163874507416, -0.00100723898504, -0.00034770934144, 0.00117006292567, -0.00208870996721, 0.00258387066424, -0.00330578512512, 0.00313774170354, -0.0021890301723], [-0.00185014749877, 0.00665262714028, -0.00364608038217, 0.00574738206342, -0.00640888651833, 0.00467870663851, -0.00323629495688, 0.00187060039025, -0.00165154715069, 0.00040575597086, 0.00151704484597, -0.00233902642503, 0.00227685342543], [0.00152017630171, -0.00364608038217, 0.0049842139706, -0.00250125583261, 0.00282661640085, -0.00495085865259, 0.00113758502994, 0.000302558764815, -0.00108687602915, 0.000908698420972, -0.00339989759959, 0.00333898235112, -0.00297603919171], [-0.00188470853027, 0.00574738206342, -0.00250125583261, 0.00848878454417, -0.00643698452041, 0.00388973555528, -0.00595792476088, 0.00209886557423, -0.000669540604576, -0.00479540368542, 0.00514537561685, -0.00726079568267, 0.00466773752123], [0.00163874507416, -0.00640888651833, 0.00282661640085, -0.00643698452041, 0.0112163256854, -0.00446555484086, 0.00406235409901, -0.00412529846653, 0.00201713247225, 0.00191542773973, -0.00654459604993, 0.0062766415067, -0.0055368677713], [-0.00100723898504, 0.00467870663851, -0.00495085865259, 0.00388973555528, -0.00446555484086, 0.0142655288801, -0.00607153540477, 0.00297861173749, -0.00464557250962, 0.0023694166448, 0.00315720192157, -0.00362356076948, 0.00280220992863], [-0.00034770934144, -0.00323629495688, 0.00113758502994, -0.00595792476088, 0.00406235409901, -0.00607153540477, 0.0185853149742, -0.00892245676368, 0.00462210318074, -0.00408435240388, 0.00352073810063, 0.00202706176788, -0.00352837797254], [0.00117006292567, 0.00187060039025, 0.000302558764815, 0.00209886557423, -0.00412529846653, 0.00297861173749, -0.00892245676368, 0.0189481955022, -0.0115001089871, 0.00703797815368, -0.00522760348395, 0.00461487332359, 0.000303962180624], [-0.00208870996721, -0.00165154715069, -0.00108687602915, -0.000669540604576, 0.00201713247225, -0.00464557250962, 0.00462210318074, -0.0115001089871, 0.0302892290056, -0.0197173468769, 0.0136321298778, -0.0118928151205, 0.00718835461885], [0.00258387066424, 0.00040575597086, 0.000908698420972, -0.00479540368542, 0.00191542773973, 0.0023694166448, -0.00408435240388, 0.00703797815368, -0.0197173468769, 0.0377519316971, -0.0234698783606, 0.0170855280012, -0.0108670182526], [-0.00330578512512, 0.00151704484597, -0.00339989759959, 0.00514537561685, -0.00654459604993, 0.00315720192157, 0.00352073810063, -0.00522760348395, 0.0136321298778, -0.0234698783606, 0.0441180877388, -0.0294167418033, 0.0161014460027], [0.00313774170354, -0.00233902642503, 0.00333898235112, -0.00726079568267, 0.0062766415067, -0.00362356076948, 0.00202706176788, 0.00461487332359, -0.0118928151205, 0.0170855280012, -0.0294167418033, 0.0439148917794, -0.020834248513], [-0.0021890301723, 0.00227685342543, -0.00297603919171, 0.00466773752123, -0.0055368677713, 0.00280220992863, -0.00352837797254, 0.000303962180624, 0.00718835461885, -0.0108670182526, 0.0161014460027, -0.020834248513, 0.0294085685164]]}, "melbands": {"dmean": [9.58124437602e-05, 0.000388898100937, 0.000468575773994, 0.000710787833668, 0.000417835195549, 0.000557344174013, 0.000246997864451, 0.000228134042118, 0.000119008349429, 0.000122235956951, 0.000103020305687, 5.9937730839e-05, 3.11068288283e-05, 1.59079681907e-05, 1.28458532345e-05, 8.93326432561e-06, 5.01749536852e-06, 4.01405441153e-06, 4.23058099841e-06, 3.00449710267e-06, 2.66004917648e-06, 1.34479694225e-06, 1.0727018207e-06, 6.9044671136e-07, 3.51495629047e-07, 2.35048588593e-07, 1.71785529801e-07, 1.07219271683e-07, 4.16597316644e-08, 2.94888238273e-08, 2.50773641852e-08, 1.1010279799e-08, 8.47318837316e-09, 3.91341004047e-09, 1.69091085578e-09, 4.02184729964e-10, 2.66479227573e-10, 1.45925896367e-10, 8.9695077754e-11, 7.41736463916e-11], "dmean2": [0.000158944312716, 0.000640766636934, 0.000739548529964, 0.00114535575267, 0.000645877735224, 0.00099292723462, 0.000431810331065, 0.000381161109544, 0.000183905794984, 0.000157391245011, 0.000138838688144, 8.9681125246e-05, 4.66989149572e-05, 2.59496155195e-05, 2.10213511309e-05, 1.22821720652e-05, 7.58487567509e-06, 6.47015394861e-06, 6.08520485912e-06, 4.69668884762e-06, 4.21599997935e-06, 2.15926183955e-06, 1.72650015884e-06, 1.10264693376e-06, 5.52232961581e-07, 3.65950086234e-07, 2.76104628938e-07, 1.60382853664e-07, 6.32898888853e-08, 4.65746090583e-08, 3.9872976032e-08, 1.68656075772e-08, 1.32094077898e-08, 5.89449422606e-09, 2.59057131302e-09, 5.83274428756e-10, 3.58739676853e-10, 2.19253046274e-10, 1.45540468566e-10, 1.15237180909e-10], "dvar": [3.85292686644e-08, 6.86351938839e-07, 5.912760912e-07, 1.59344813255e-06, 3.90689649521e-07, 1.24555481307e-06, 1.68488412555e-07, 1.21390513641e-07, 1.230832396e-07, 1.34437030397e-07, 8.97394869526e-08, 2.4708212365e-08, 5.63474111814e-09, 2.8087985271e-09, 2.77206879673e-09, 9.90777793142e-10, 6.81297129823e-10, 5.97376800804e-11, 1.29703733864e-10, 6.57956120143e-11, 4.56705818996e-11, 7.69875309337e-12, 1.06543680128e-11, 3.89514982768e-12, 9.98508892756e-13, 3.28268824883e-13, 8.1718198831e-13, 2.08487510567e-13, 2.49225621152e-14, 1.85746329342e-14, 1.84026818578e-14, 2.30680974031e-15, 4.20076799883e-15, 5.761785452e-16, 1.18389292112e-16, 2.42883657736e-18, 1.68639420792e-18, 3.93202191183e-19, 1.26692585281e-19, 9.03645576118e-20], "dvar2": [1.13295520521e-07, 2.03344438887e-06, 1.57153942837e-06, 4.27355053034e-06, 9.48596493799e-07, 4.18375930167e-06, 5.30285603872e-07, 3.33417347065e-07, 2.89680883725e-07, 2.02374010883e-07, 1.47047430232e-07, 6.15957205241e-08, 1.23993446621e-08, 4.70339545089e-09, 6.70308075712e-09, 1.73308367657e-09, 1.55557533521e-09, 1.60288948781e-10, 2.01157701607e-10, 1.49216597412e-10, 1.17838211411e-10, 1.92272361227e-11, 2.63560371444e-11, 9.57227439674e-12, 2.34030134681e-12, 7.56769213267e-13, 2.15098880547e-12, 4.63689470934e-13, 5.90035087304e-14, 4.64221658347e-14, 4.92805090084e-14, 5.76301650851e-15, 1.06409106922e-14, 1.43545720659e-15, 3.01319212552e-16, 4.55726514449e-18, 2.47257085712e-18, 7.58126075752e-19, 3.22791672714e-19, 1.94467305653e-19], "max": [0.0031996506732, 0.0163906402886, 0.0169087536633, 0.0312056392431, 0.0109759895131, 0.0196461863816, 0.00813808478415, 0.00687179388478, 0.00943989306688, 0.0102108959109, 0.00627929205075, 0.00372451753356, 0.00248410110362, 0.00348703283817, 0.00271467119455, 0.00106609996874, 0.00137251673732, 0.000121363205835, 0.000547240371816, 0.000273978512269, 0.000159103045007, 5.26591393282e-05, 8.7967098807e-05, 6.60090299789e-05, 2.61983168457e-05, 9.44732073549e-06, 4.05831779062e-05, 7.48520733396e-06, 4.35952097178e-06, 3.03991214423e-06, 3.010018645e-06, 1.18156742701e-06, 4.53257780464e-06, 1.44116097545e-06, 5.73445163354e-07, 5.34997965929e-08, 6.1805344842e-08, 2.56181778013e-08, 1.56054742462e-08, 8.41057623546e-09], "mean": [0.000211414211662, 0.000970700581092, 0.00129834620748, 0.00171914987732, 0.00137732224539, 0.00125822762493, 0.00063794455491, 0.000608679722063, 0.00031533051515, 0.000356185948476, 0.000288340786938, 0.000158165596076, 8.25468014227e-05, 4.09441563534e-05, 3.15960314765e-05, 2.24036302825e-05, 1.3125139958e-05, 9.60242232395e-06, 8.29327746033e-06, 6.73618751534e-06, 6.11301356912e-06, 2.69485781246e-06, 2.54641690844e-06, 1.29047134578e-06, 6.79529591707e-07, 4.64558297608e-07, 2.68487895028e-07, 1.65534174812e-07, 7.26825533093e-08, 4.06206623893e-08, 3.13010772857e-08, 1.51675916271e-08, 1.20090239975e-08, 5.83216586136e-09, 2.11052131327e-09, 6.48082754129e-10, 4.26175178481e-10, 2.36037328571e-10, 1.43594969249e-10, 1.19512455488e-10], "median": [6.67156418785e-05, 0.00037342280848, 0.000694744056091, 0.00100054848008, 0.000916213612072, 0.000648535497021, 0.000427588878665, 0.000375029805582, 0.000163396456628, 0.000111112072773, 0.000103976213722, 8.7201326096e-05, 4.96355933137e-05, 2.41025481955e-05, 1.47784385263e-05, 1.10261134978e-05, 5.97374219069e-06, 5.14831845067e-06, 3.38815311807e-06, 2.22097150981e-06, 2.1525372631e-06, 1.08963376988e-06, 6.35516130387e-07, 3.95646026163e-07, 2.07567509847e-07, 1.10714395873e-07, 4.37141878251e-08, 1.58250035298e-08, 8.93821994197e-09, 3.13529491258e-09, 2.00643168746e-09, 8.73966066184e-10, 6.0776211841e-10, 2.80465817237e-10, 2.02161704044e-10, 1.21396420694e-10, 8.53317624894e-11, 6.44197542532e-11, 5.01527014363e-11, 3.96821048243e-11], "min": [2.46155241787e-23, 7.42143142464e-24, 7.29023675636e-24, 6.02288674705e-24, 9.90532091235e-24, 1.0032072716e-23, 1.71713057179e-23, 1.81779095879e-23, 8.40140413934e-24, 7.68380182855e-24, 9.84806302127e-24, 1.15365693018e-23, 1.25676649363e-23, 2.02239749623e-23, 1.56825926611e-23, 8.03298874167e-24, 7.98979229622e-24, 1.16766528548e-23, 1.50153725298e-23, 7.4620427729e-24, 3.44900242954e-24, 5.0676302278e-24, 7.31131275316e-24, 8.96972556788e-24, 1.09068879055e-23, 1.65440350805e-23, 1.48462581066e-23, 1.57875947808e-23, 7.01973635196e-24, 1.09743560233e-23, 1.00388379871e-23, 7.67388426925e-24, 7.6734898388e-24, 8.83817591218e-24, 9.52002783561e-24, 8.2448326046e-24, 1.43891889427e-23, 1.18802965086e-23, 1.00153575423e-23, 1.43600342214e-23], "var": [1.06578994519e-07, 2.6264524422e-06, 2.65364155894e-06, 4.7019698286e-06, 2.04533830583e-06, 3.01990917251e-06, 5.04141837609e-07, 5.59848729154e-07, 3.68044709376e-07, 7.61107230574e-07, 4.04337441751e-07, 5.26858734418e-08, 1.83492261385e-08, 9.1034140226e-09, 6.77042955033e-09, 2.71768696436e-09, 1.08295850065e-09, 1.62995020259e-10, 3.94421190153e-10, 2.02780875425e-10, 1.20662355108e-10, 1.74386494828e-11, 3.72358498202e-11, 6.70017687165e-12, 1.8823094125e-12, 7.96021451879e-13, 8.52071614221e-13, 2.743388741e-13, 3.56097665461e-14, 2.0532993437e-14, 1.66925884058e-14, 2.81913147747e-15, 4.32402103354e-15, 6.6780617545e-16, 1.20203451396e-16, 4.47855187817e-18, 3.61994626055e-18, 6.69600120922e-19, 1.52866634889e-19, 1.61664372788e-19]}, "mfcc": {"mean": [-782.103515625, 249.143127441, -16.0193805695, -3.37928462029, -0.544494450092, -17.4730491638, -10.6039791107, -5.17977619171, -7.97659301758, -10.0915775299, -8.41361618042, -8.37486743927, -4.47161436081], "cov": [[9211.65820312, 3839.00170898, -1916.75854492, 1267.74890137, 293.987487793, 101.512191772, 285.120788574, 158.133331299, 159.286102295, 70.6953735352, 129.28678894, 50.5098457336, 197.109115601], [3839.00170898, 2887.91186523, -298.561126709, -89.5944747925, 349.817810059, -31.5349559784, 84.6958312988, 83.2835083008, -18.6909732819, -17.4461898804, -14.1828641891, 5.29922819138, 8.47747612], [-1916.75854492, -298.561126709, 849.892944336, -410.361022949, -40.372089386, 67.1368026733, -76.6898574829, -19.2970046997, -19.1743812561, -25.9488487244, -26.3361129761, 2.23697519302, -66.4260177612], [1267.74890137, -89.5944747925, -410.361022949, 700.085510254, 33.968547821, 92.4229431152, 129.750701904, 31.7124156952, 114.607894897, 72.3112258911, 68.9345932007, 53.2685089111, 98.4593582153], [293.987487793, 349.817810059, -40.372089386, 33.968547821, 254.872955322, 11.9169101715, 44.8166236877, 47.7795944214, -7.93070650101, 15.369679451, 1.08271920681, 18.162727356, 26.7616157532], [101.512191772, -31.5349559784, 67.1368026733, 92.4229431152, 11.9169101715, 154.519882202, 31.1436824799, 10.5936374664, 44.6547431946, 6.77262306213, 20.3065853119, 10.7418985367, 12.2409906387], [285.120788574, 84.6958312988, -76.6898574829, 129.750701904, 44.8166236877, 31.1436824799, 113.010231018, 38.3554954529, 33.2990074158, 37.1348571777, 1.55341768265, 9.18460083008, 19.7821846008], [158.133331299, 83.2835083008, -19.2970046997, 31.7124156952, 47.7795944214, 10.5936374664, 38.3554954529, 89.7845611572, 36.1253089905, 20.3527069092, 22.2311000824, 1.79111921787, 5.51909065247], [159.286102295, -18.6909732819, -19.1743812561, 114.607894897, -7.93070650101, 44.6547431946, 33.2990074158, 36.1253089905, 107.61605072, 53.4540100098, 18.0386333466, 15.982129097, 1.04466247559], [70.6953735352, -17.4461898804, -25.9488487244, 72.3112258911, 15.369679451, 6.77262306213, 37.1348571777, 20.3527069092, 53.4540100098, 90.897064209, 30.3275699615, -2.74131441116, 10.0776081085], [129.28678894, -14.1828641891, -26.3361129761, 68.9345932007, 1.08271920681, 20.3065853119, 1.55341768265, 22.2311000824, 18.0386333466, 30.3275699615, 76.9660186768, 28.7761611938, 4.90175390244], [50.5098457336, 5.29922819138, 2.23697519302, 53.2685089111, 18.162727356, 10.7418985367, 9.18460083008, 1.79111921787, 15.982129097, -2.74131441116, 28.7761611938, 74.3274917603, 27.6325511932], [197.109115601, 8.47747612, -66.4260177612, 98.4593582153, 26.7616157532, 12.2409906387, 19.7821846008, 5.51909065247, 1.04466247559, 10.0776081085, 4.90175390244, 27.6325511932, 76.9017944336]], "icov": [[0.0182444676757, -0.0255668014288, 0.0251842476428, -0.0256482996047, 0.0238474030048, -0.0237916503102, 0.0225448571146, -0.0207108277828, 0.0180907137692, -0.0138185331598, 0.011807273142, -0.00874640792608, 0.00577776413411], [-0.0255668014288, 0.0363004095852, -0.0350340269506, 0.0363203324378, -0.034094620496, 0.0334062278271, -0.0320602692664, 0.0292460117489, -0.0258901044726, 0.019952101633, -0.0169580951333, 0.0124910706654, -0.00820890814066], [0.0251842476428, -0.0350340269506, 0.0370747447014, -0.0338910967112, 0.0329326875508, -0.0349835455418, 0.0318040028214, -0.029126772657, 0.0254181083292, -0.0204370934516, 0.0175896659493, -0.0140384268016, 0.00900084991008], [-0.0256482996047, 0.0363203324378, -0.0338910967112, 0.0404871106148, -0.0343425907195, 0.032971907407, -0.0355700440705, 0.0323848873377, -0.0305678490549, 0.0224735531956, -0.0211578570306, 0.0141865704209, -0.012125223875], [0.0238474030048, -0.034094620496, 0.0329326875508, -0.0343425907195, 0.0375874266028, -0.0329063385725, 0.030613899231, -0.0320813991129, 0.0291754677892, -0.0228265989572, 0.0199362244457, -0.015612365678, 0.00856982450932], [-0.0237916503102, 0.0334062278271, -0.0349835455418, 0.032971907407, -0.0329063385725, 0.0427965223789, -0.034647334367, 0.032340336591, -0.0327114649117, 0.027115797624, -0.0239694286138, 0.0183741431683, -0.012087052688], [0.0225448571146, -0.0320602692664, 0.0318040028214, -0.0355700440705, 0.030613899231, -0.034647334367, 0.0478242859244, -0.0365453325212, 0.0319170467556, -0.0305079221725, 0.0283654518425, -0.0197265055031, 0.0127882063389], [-0.0207108277828, 0.0292460117489, -0.029126772657, 0.0323848873377, -0.0320813991129, 0.032340336591, -0.0365453325212, 0.0478165559471, -0.0368801616132, 0.0287950132042, -0.0299846287817, 0.0220078527927, -0.0140452980995], [0.0180907137692, -0.0258901044726, 0.0254181083292, -0.0305678490549, 0.0291754677892, -0.0327114649117, 0.0319170467556, -0.0368801616132, 0.0504372641444, -0.0374109484255, 0.0304898284376, -0.0256978422403, 0.018575809896], [-0.0138185331598, 0.019952101633, -0.0204370934516, 0.0224735531956, -0.0228265989572, 0.027115797624, -0.0305079221725, 0.0287950132042, -0.0374109484255, 0.0450467094779, -0.0322267822921, 0.0254479777068, -0.0162835437804], [0.011807273142, -0.0169580951333, 0.0175896659493, -0.0211578570306, 0.0199362244457, -0.0239694286138, 0.0283654518425, -0.0299846287817, 0.0304898284376, -0.0322267822921, 0.0438016429543, -0.0271709579974, 0.0164014063776], [-0.00874640792608, 0.0124910706654, -0.0140384268016, 0.0141865704209, -0.015612365678, 0.0183741431683, -0.0197265055031, 0.0220078527927, -0.0256978422403, 0.0254479777068, -0.0271709579974, 0.0351856537163, -0.0171418897808], [0.00577776413411, -0.00820890814066, 0.00900084991008, -0.012125223875, 0.00856982450932, -0.012087052688, 0.0127882063389, -0.0140452980995, 0.018575809896, -0.0162835437804, 0.0164014063776, -0.0171418897808, 0.0260539986193]]}, "spectral_contrast_coeffs": {"dmean": [0.0450154319406, 0.0405204668641, 0.0309747811407, 0.0247907210141, 0.0191133413464, 0.0274013634771], "dmean2": [0.0752950534225, 0.0682188421488, 0.0501388758421, 0.0405918508768, 0.0309983808547, 0.0473604165018], "dvar": [0.00130336370785, 0.00120789580978, 0.000721679534763, 0.000454994180473, 0.000280472275335, 0.000629200716503], "dvar2": [0.00373028614558, 0.00338464742526, 0.00175099633634, 0.00117650954053, 0.000714276160579, 0.00174823461566], "max": [-0.251466751099, -0.386335611343, -0.457764208317, -0.602735817432, -0.604296028614, -0.595040082932], "mean": [-0.533962488174, -0.690446674824, -0.722977221012, -0.757452845573, -0.750626981258, -0.811002910137], "median": [-0.533512055874, -0.692001581192, -0.728798747063, -0.758208870888, -0.743644177914, -0.813807785511], "min": [-0.936270713806, -0.949897110462, -0.963719367981, -0.963669300079, -0.961957812309, -0.960008978844], "var": [0.00790824741125, 0.00618393113837, 0.00491843512282, 0.00240387069061, 0.00230908975936, 0.00467802863568]}, "spectral_contrast_valleys": {"dmean": [0.412826806307, 0.288692712784, 0.268273800611, 0.260366410017, 0.28139218688, 0.429855585098], "dmean2": [0.695297181606, 0.475715041161, 0.435727655888, 0.415625274181, 0.435835778713, 0.75322753191], "dvar": [0.158894881606, 0.119346439838, 0.103060409427, 0.101286329329, 0.124217040837, 0.165821239352], "dvar2": [0.359362661839, 0.217809841037, 0.181209161878, 0.178725853562, 0.2349807024, 0.480945080519], "max": [-5.61114883423, -4.47653627396, -5.68793392181, -6.61406183243, -7.272649