{"lowlevel": {"average_loudness": 0.976409614086, "barkbands_crest": {"dmean": 2.56264805794, "dmean2": 4.00514316559, "dvar": 8.0949306488, "dvar2": 20.9612865448, "max": 25.8437671661, "mean": 12.8108167648, "median": 11.8641796112, "min": 3.05572319031, "var": 20.5164394379}, "barkbands_flatness_db": {"dmean": 0.0358162857592, "dmean2": 0.0489413179457, "dvar": 0.00140782201197, "dvar2": 0.0028782566078, "max": 0.585610508919, "mean": 0.229760497808, "median": 0.208438575268, "min": 0.0475435331464, "var": 0.00798057671636}, "barkbands_kurtosis": {"dmean": 8.44747638702, "dmean2": 13.0533504486, "dvar": 243.188934326, "dvar2": 595.568847656, "max": 444.276000977, "mean": 16.1933498383, "median": 11.0448112488, "min": -1.20909965038, "var": 390.348022461}, "barkbands_skewness": {"dmean": 0.869860172272, "dmean2": 1.28189313412, "dvar": 1.0906188488, "dvar2": 2.82748484612, "max": 14.6312084198, "mean": 2.72497940063, "median": 2.48635458946, "min": -0.935070633888, "var": 2.32436299324}, "barkbands_spread": {"dmean": 2.6175661087, "dmean2": 3.81690216064, "dvar": 10.5503959656, "dvar2": 21.2547550201, "max": 45.663684845, "mean": 7.03337526321, "median": 5.93454885483, "min": 0.159012272954, "var": 26.97930336}, "dissonance": {"dmean": 0.0358690693974, "dmean2": 0.0569165125489, "dvar": 0.0011089220643, "dvar2": 0.00257374276407, "max": 0.498991638422, "mean": 0.38881072402, "median": 0.396841585636, "min": 0.141200512648, "var": 0.00392415607348}, "dynamic_complexity": 2.07838964462, "erbbands_crest": {"dmean": 2.60295724869, "dmean2": 3.77984213829, "dvar": 7.04521799088, "dvar2": 14.6219396591, "max": 30.5342941284, "mean": 13.0308609009, "median": 11.9979763031, "min": 3.25985860825, "var": 26.601360321}, "erbbands_flatness_db": {"dmean": 0.0317715108395, "dmean2": 0.0398732163012, "dvar": 0.000994012109004, "dvar2": 0.00173097080551, "max": 0.508308947086, "mean": 0.224638804793, "median": 0.207211956382, "min": 0.0554351732135, "var": 0.00701576285064}, "erbbands_kurtosis": {"dmean": 3.2036254406, "dmean2": 4.47848129272, "dvar": 25.0251522064, "dvar2": 48.6333961487, "max": 153.920074463, "mean": 6.33348751068, "median": 3.5613360405, "min": -1.38842141628, "var": 77.7436752319}, "erbbands_skewness": {"dmean": 0.530941367149, "dmean2": 0.722996354103, "dvar": 0.300375193357, "dvar2": 0.623204946518, "max": 9.14217758179, "mean": 1.68428277969, "median": 1.49903798103, "min": -0.99959641695, "var": 1.40220916271}, "erbbands_spread": {"dmean": 6.42393398285, "dmean2": 8.68089485168, "dvar": 65.3228378296, "dvar2": 132.071609497, "max": 103.961616516, "mean": 19.6795215607, "median": 16.4993305206, "min": 0.996453821659, "var": 185.469055176}, "hfc": {"dmean": 5.85822868347, "dmean2": 7.76895904541, "dvar": 88.8193588257, "dvar2": 174.676956177, "max": 87.826423645, "mean": 14.7167949677, "median": 10.7737360001, "min": 5.53688987566e-05, "var": 166.527832031}, "melbands_crest": {"dmean": 2.70983219147, "dmean2": 4.23608446121, "dvar": 8.07027053833, "dvar2": 19.4901599884, "max": 30.5363750458, "mean": 14.4685468674, "median": 13.6593341827, "min": 6.3009018898, "var": 19.8309020996}, "melbands_flatness_db": {"dmean": 0.0387906059623, "dmean2": 0.052467264235, "dvar": 0.00178412813693, "dvar2": 0.00369189772755, "max": 0.682203888893, "mean": 0.310254365206, "median": 0.298787117004, "min": 0.0460431016982, "var": 0.00830755755305}, "melbands_kurtosis": {"dmean": 11.2395915985, "dmean2": 17.3493289948, "dvar": 399.974578857, "dvar2": 1066.18823242, "max": 227.739074707, "mean": 19.3149623871, "median": 12.9684791565, "min": -1.27105545998, "var": 462.111053467}, "melbands_skewness": {"dmean": 0.86697024107, "dmean2": 1.28693258762, "dvar": 1.24770998955, "dvar2": 3.15866041183, "max": 11.6535053253, "mean": 2.59946966171, "median": 2.31913352013, "min": -0.703861355782, "var": 2.24459910393}, "melbands_spread": {"dmean": 2.50338864326, "dmean2": 3.74865031242, "dvar": 14.977388382, "dvar2": 29.861831665, "max": 103.758201599, "mean": 7.43121671677, "median": 6.10945940018, "min": 0.377368748188, "var": 29.6447277069}, "pitch_salience": {"dmean": 0.0694935172796, "dmean2": 0.106345333159, "dvar": 0.00668175658211, "dvar2": 0.0171409305185, "max": 0.857350766659, "mean": 0.534937798977, "median": 0.546746075153, "min": 0.160375401378, "var": 0.0166197344661}, "silence_rate_20dB": {"dmean": 0, "dmean2": 0, "dvar": 0, "dvar2": 0, "max": 1, "mean": 1, "median": 1, "min": 1, "var": 0}, "silence_rate_30dB": {"dmean": 0.00402900902554, "dmean2": 0.00806126557291, "dvar": 0.00401276210323, "dvar2": 0.0120268240571, "max": 1, "mean": 0.997986316681, "median": 1, "min": 0, "var": 0.00200970144942}, "silence_rate_60dB": {"dmean": 0.00322320708074, "dmean2": 0.0056428858079, "dvar": 0.00321291876025, "dvar2": 0.00722382729873, "max": 1, "mean": 0.0032219090499, "median": 0, "min": 0, "var": 0.00321163702756}, "spectral_centroid": {"dmean": 95.6087799072, "dmean2": 134.869918823, "dvar": 20346.5234375, "dvar2": 39010.578125, "max": 3265.96875, "mean": 540.037780762, "median": 481.691772461, "min": 255.636825562, "var": 43651.921875}, "spectral_complexity": {"dmean": 3.1196615696, "dmean2": 4.61991119385, "dvar": 23.3710727692, "dvar2": 39.0434188843, "max": 44, "mean": 11.4252920151, "median": 10, "min": 0, "var": 46.7786598206}, "spectral_decrease": {"dmean": 3.51370754714e-09, "dmean2": 5.60888757661e-09, "dvar": 4.59015425923e-17, "dvar2": 1.26417285098e-16, "max": -1.81678296912e-15, "mean": -8.30685742415e-09, "median": -6.77319844655e-09, "min": -4.71950656333e-08, "var": 4.12056878857e-17}, "spectral_energy": {"dmean": 0.0137348975986, "dmean2": 0.0217728000134, "dvar": 0.0006743313279, "dvar2": 0.00184871803503, "max": 0.179882004857, "mean": 0.0326868779957, "median": 0.0265552606434, "min": 1.18790888237e-08, "var": 0.000621849962045}, "spectral_energyband_high": {"dmean": 0.000267851486569, "dmean2": 0.000368904817151, "dvar": 3.28423794826e-07, "dvar2": 6.04474450938e-07, "max": 0.00449250778183, "mean": 0.000314515753416, "median": 6.91377135809e-05, "min": 5.63182300795e-09, "var": 5.10868630954e-07}, "spectral_energyband_low": {"dmean": 0.00813681818545, "dmean2": 0.0142616089433, "dvar": 0.000690663640853, "dvar2": 0.0018964484334, "max": 0.172131225467, "mean": 0.00748367002234, "median": 0.00098126498051, "min": 4.12233025493e-11, "var": 0.000503078277688}, "spectral_energyband_middle_high": {"dmean": 0.00162282807287, "dmean2": 0.00239452300593, "dvar": 9.60611760092e-06, "dvar2": 2.2941874704e-05, "max": 0.0291694980115, "mean": 0.0027688741684, "median": 0.00127935281489, "min": 4.08963174436e-09, "var": 1.49464149217e-05}, "spectral_energyband_middle_low": {"dmean": 0.00622800923884, "dmean2": 0.00849028863013, "dvar": 7.47602607589e-05, "dvar2": 0.000160695359227, "max": 0.0853399857879, "mean": 0.0227944925427, "median": 0.0195741206408, "min": 2.17758122645e-09, "var": 0.000194701700821}, "spectral_entropy": {"dmean": 0.36572766304, "dmean2": 0.457085728645, "dvar": 0.151232123375, "dvar2": 0.280844599009, "max": 8.11600208282, "mean": 6.5441403389, "median": 6.65116739273, "min": 3.65745139122, "var": 0.74207264185}, "spectral_flux": {"dmean": 0.0376210324466, "dmean2": 0.0571366660297, "dvar": 0.00309240166098, "dvar2": 0.00603215582669, "max": 0.396121174097, "mean": 0.0735812559724, "median": 0.05028603971, "min": 0.000108991232992, "var": 0.00469842553139}, "spectral_kurtosis": {"dmean": 8.19562625885, "dmean2": 11.8559532166, "dvar": 240.394744873, "dvar2": 452.629394531, "max": 257.204193115, "mean": 18.6959781647, "median": 8.48986530304, "min": 0.45329117775, "var": 853.479736328}, "spectral_rms": {"dmean": 0.00100823852699, "dmean2": 0.00150719587691, "dvar": 2.34652134168e-06, "dvar2": 6.11149016549e-06, "max": 0.0132474387065, "mean": 0.00535626104102, "median": 0.00508994795382, "min": 3.4043141568e-06, "var": 3.20013236887e-06}, "spectral_rolloff": {"dmean": 137.535995483, "dmean2": 241.378173828, "dvar": 83473.609375, "dvar2": 152985.78125, "max": 9022.41210938, "mean": 579.842041016, "median": 516.796875, "min": 86.1328125, "var": 105030.734375}, "spectral_skewness": {"dmean": 0.639323353767, "dmean2": 0.88421690464, "dvar": 0.692432820797, "dvar2": 1.30077719688, "max": 13.4156990051, "mean": 3.07577395439, "median": 2.52250647545, "min": 1.06933474541, "var": 3.18822336197}, "spectral_spread": {"dmean": 978738.125, "dmean2": 1255881.75, "dvar": 729613402112, "dvar2": 1409693515780.0, "max": 11818414, "mean": 4084378.75, "median": 4140546.75, "min": 364255, "var": 3121850351620.0}, "spectral_strongpeak": {"dmean": 0.476745545864, "dmean2": 0.748590052128, "dvar": 0.427754878998, "dvar2": 0.928763210773, "max": 6.94472742081, "mean": 1.2992169857, "median": 1.09416234493, "min": 0.000120567434351, "var": 0.886697530746}, "zerocrossingrate": {"dmean": 0.00711135799065, "dmean2": 0.00844208989292, "dvar": 6.00362873229e-05, "dvar2": 8.05084710009e-05, "max": 0.13623046875, "mean": 0.0308624040335, "median": 0.02685546875, "min": 0.009765625, "var": 0.000225170631893}, "barkbands": {"dmean": [0.000192611827515, 0.00698911538348, 0.00115702231415, 0.000446097285021, 0.00302461883985, 0.00139214599039, 0.00247979839332, 0.00134224025533, 0.000398398842663, 0.000549107266124, 0.000388122309232, 0.000363319122698, 0.000180110931979, 0.000160173993208, 0.000156155889272, 8.0224541307e-05, 5.57039638807e-05, 4.15542417613e-05, 4.56999587186e-05, 4.09115054936e-05, 4.60106675746e-05, 5.53022873646e-05, 5.20555440744e-05, 4.47793936473e-05, 2.40264562308e-05, 4.66401033918e-05, 2.61312152361e-06], "dmean2": [0.000341598701198, 0.0124408071861, 0.00199978449382, 0.00075748434756, 0.00445168744773, 0.00180941016879, 0.00316841993481, 0.00182411202695, 0.000678477052134, 0.000824533053674, 0.000507194083184, 0.000534845283255, 0.000312833348289, 0.000251229648711, 0.000269901909633, 0.000124019134091, 8.72567761689e-05, 6.31904185866e-05, 6.75307965139e-05, 6.332751218e-05, 7.0232359576e-05, 8.15974854049e-05, 7.31014297344e-05, 6.22046209173e-05, 3.16186851705e-05, 7.53121930757e-05, 3.88421267417e-06], "dvar": [2.94585447591e-07, 0.000539139553439, 9.88554347714e-06, 9.61586124504e-07, 2.24558825721e-05, 4.75732167615e-06, 1.87706355064e-05, 5.72223598283e-06, 1.18906632451e-06, 1.50704295265e-06, 1.19607113902e-06, 8.00017517122e-07, 5.11680639192e-07, 1.53831408056e-07, 2.3187556053e-07, 2.44596325416e-08, 1.36728806055e-08, 8.09268119184e-09, 1.05799236039e-08, 1.13615108432e-08, 1.40816585059e-08, 2.23680487466e-08, 2.16861888447e-08, 7.79515385574e-09, 1.94678517751e-09, 5.91585935794e-09, 3.10025893846e-11], "dvar2": [8.43416216867e-07, 0.00150382297579, 2.53204871115e-05, 2.71629778581e-06, 5.56907871214e-05, 8.86045290827e-06, 3.47468412656e-05, 1.1007194189e-05, 2.93073935609e-06, 3.43200326824e-06, 1.82052076525e-06, 1.66901975263e-06, 1.44700470628e-06, 3.281450347e-07, 6.40893915715e-07, 5.47212550828e-08, 3.13390557949e-08, 1.69761005253e-08, 2.28107044364e-08, 2.80910139594e-08, 3.2553376883e-08, 4.34831157747e-08, 4.9344407671e-08, 1.46064618178e-08, 3.65392782697e-09, 1.42418405957e-08, 7.50492029633e-11], "max": [0.00355894165114, 0.154538884759, 0.0288319885731, 0.0105548650026, 0.0660705268383, 0.0305486936122, 0.0478804334998, 0.0275415722281, 0.0171464122832, 0.0262295324355, 0.020888177678, 0.0174962468445, 0.0161391552538, 0.00890735350549, 0.00442597037181, 0.00143621559255, 0.00118105590809, 0.000877560931258, 0.00135433650576, 0.00121999520343, 0.0011924385326, 0.001060573617, 0.00126790383365, 0.000816960760858, 0.000441908225184, 0.000559825915843, 6.96246788721e-05], "mean": [0.000167265185155, 0.00575922289863, 0.00128147355281, 0.000679174088873, 0.00820432417095, 0.00462007243186, 0.0053369817324, 0.00285955681466, 0.000492145307362, 0.00102487881668, 0.000590918061789, 0.000541907094885, 0.000155330271809, 0.000220433576033, 0.000135849404614, 9.60833131103e-05, 6.75065602991e-05, 5.65808550164e-05, 5.97893049417e-05, 4.49019498774e-05, 5.45322291146e-05, 6.22871812084e-05, 5.64105212106e-05, 5.0643538998e-05, 2.86995436909e-05, 3.74108931283e-05, 2.53257189797e-06], "median": [3.77142350771e-06, 0.000385397375794, 0.000283625267912, 0.000320227612974, 0.00548857357353, 0.00316201872192, 0.00244313525036, 0.00147133483551, 8.09571210993e-05, 0.000341820705216, 0.000111417626613, 0.000122598634334, 1.68914521055e-05, 5.93994482188e-05, 2.35603438341e-05, 2.19770918193e-05, 2.07884386327e-05, 1.8366950826e-05, 1.76674675458e-05, 9.56621624937e-06, 8.79696835909e-06, 1.02511203295e-05, 9.16207864066e-06, 1.26161967273e-05, 6.81291703586e-06, 4.08718460676e-06, 5.00425585415e-07], "min": [3.57985256022e-12, 2.48846949991e-11, 7.508808679e-12, 6.14927345155e-11, 3.25479809771e-10, 1.34435473864e-09, 1.75121570023e-10, 3.26803445416e-11, 2.00378491577e-10, 4.04575872803e-10, 3.97451793699e-11, 1.92307239577e-10, 3.27733784555e-10, 1.71521435943e-10, 9.65532098718e-10, 7.44776185169e-10, 2.78059519854e-10, 3.91495447172e-10, 2.95248631099e-10, 7.31156746259e-10, 8.77304728863e-10, 8.84406381463e-10, 1.2028620322e-09, 4.78084960509e-10, 7.71254948795e-10, 4.86081230822e-10, 8.94119014938e-11], "var": [2.45225123763e-07, 0.000373382586986, 8.56521546666e-06, 1.03608749669e-06, 7.18305964256e-05, 1.96485925699e-05, 5.13962004334e-05, 1.35940781547e-05, 1.78432276243e-06, 4.7475809879e-06, 2.88413912131e-06, 1.99614487428e-06, 3.40226023354e-07, 2.71274274155e-07, 1.62065475706e-07, 3.1891811858e-08, 1.66208860009e-08, 1.13525766565e-08, 1.45198235657e-08, 1.21703074285e-08, 1.78938517337e-08, 2.95129023442e-08, 2.58342609527e-08, 1.1737679273e-08, 3.39212613554e-09, 5.63162760869e-09, 3.2769103403e-11]}, "erbbands": {"dmean": [0.20332621038, 1.55006372929, 1.87279188633, 1.20655107498, 5.06535339355, 11.3725137711, 9.58792686462, 12.8977870941, 30.6276340485, 47.7866973877, 14.4826498032, 9.83106613159, 16.8152389526, 12.4076509476, 17.1830768585, 16.5724506378, 9.2035779953, 7.72272396088, 7.95385217667, 7.07396221161, 3.7230193615, 3.04153084755, 2.18721938133, 2.32056927681, 2.60534572601, 1.60303843021, 1.87065637112, 1.71364820004, 2.11489748955, 1.6448713541, 1.37492823601, 1.32292115688, 0.474497199059, 0.304517656565, 0.163650140166, 0.262320995331, 0.0631933882833, 0.00544866640121, 0.000530832505319, 2.9906639611e-05], "dmean2": [0.345595747232, 2.82502198219, 3.30489850044, 2.01161885262, 8.3736333847, 16.7732200623, 12.8507013321, 17.0534152985, 39.8168373108, 59.6782608032, 19.8639335632, 16.1193752289, 25.040353775, 19.7823295593, 21.7552947998, 24.2381229401, 15.5366344452, 11.937502861, 13.3081436157, 11.5533065796, 5.7001786232, 4.6661734581, 3.32785058022, 3.26392292976, 4.10855674744, 2.43041086197, 2.85905861855, 2.46520972252, 3.12158703804, 2.35745573044, 1.9343919754, 1.87495231628, 0.639138102531, 0.399395555258, 0.229075074196, 0.422563523054, 0.101173400879, 0.00823561474681, 0.000802579277661, 4.41725896962e-05], "dvar": [0.399742513895, 27.9802761078, 33.1671485901, 5.84776544571, 143.742294312, 319.710754395, 203.056640625, 408.442199707, 2887.5534668, 6832.70166016, 768.285644531, 750.916748047, 1572.25805664, 812.24987793, 3029.19921875, 1804.76611328, 1303.04528809, 327.516998291, 482.412963867, 305.493255615, 58.9006271362, 43.9290809631, 24.4258823395, 22.9416027069, 50.6162605286, 15.9733819962, 22.2466926575, 19.0286560059, 34.6107978821, 19.0750408173, 13.5832338333, 8.47731876373, 0.838162899017, 0.317430108786, 0.0950795710087, 0.184689864516, 0.0111975362524, 8.74057295732e-05, 1.4359677607e-06, 2.46986631147e-09], "dvar2": [1.07638549805, 78.8165969849, 91.1367340088, 15.5526103973, 408.784576416, 751.843200684, 355.219787598, 777.715820312, 5543.30126953, 11872.8388672, 1453.43664551, 1755.30517578, 3234.34326172, 2156.75219727, 4315.50830078, 3725.92675781, 3680.71826172, 693.685241699, 1280.8692627, 792.465209961, 132.052230835, 98.8158493042, 54.2568473816, 47.066280365, 120.337272644, 35.4865112305, 49.805431366, 38.2209968567, 64.8218536377, 39.441619873, 31.2730026245, 17.6623802185, 1.48790729046, 0.613545894623, 0.18348890543, 0.443391740322, 0.0269695613533, 0.000199973772396, 3.54513213097e-06, 5.79388936828e-09], "max": [4.0941491127, 34.8565635681, 45.3825149536, 32.2297172546, 136.715698242, 269.891479492, 285.631317139, 275.942901611, 661.007568359, 971.996826172, 531.224487305, 525.180786133, 981.10723877, 349.892089844, 1182.61572266, 891.334838867, 848.186706543, 419.209686279, 181.574783325, 175.029998779, 67.1543502808, 71.1090240479, 57.6797180176, 54.0699729919, 108.759368896, 51.3049621582, 46.4826316833, 46.1493415833, 41.9451179504, 34.6436882019, 32.4154701233, 30.4430065155, 8.03453636169, 5.79797506332, 3.33023834229, 3.03281068802, 0.832638323307, 0.0910365432501, 0.0151094412431, 0.000534217862878], "mean": [0.180482417345, 1.21155226231, 1.76934933662, 1.92283725739, 9.22923469543, 30.1521224976, 33.7457389832, 42.6748924255, 69.526763916, 104.661346436, 34.4032058716, 15.3557767868, 31.3321876526, 19.3143863678, 27.5463809967, 25.7338829041, 9.35845184326, 10.8807754517, 8.12398815155, 7.19642162323, 4.30931949615, 3.73793911934, 2.94532799721, 3.11731123924, 3.07133030891, 2.02193975449, 2.17304491997, 2.11791992188, 2.37851881981, 1.86066794395, 1.55753421783, 1.39505517483, 0.591167211533, 0.361904084682, 0.18751616776, 0.210830718279, 0.0517283156514, 0.0051197167486, 0.000511684978846, 5.23741618963e-05], "median": [0.00741583760828, 0.08727953583, 0.301620900631, 0.965857744217, 4.16281557083, 17.4450149536, 22.7191352844, 29.2368965149, 33.0905647278, 48.9895477295, 15.4407844543, 3.64658021927, 8.78354072571, 7.30930185318, 6.46640014648, 5.85948419571, 2.18907427788, 3.34875059128, 1.94328927994, 1.5442905426, 1.09986841679, 1.17408275604, 1.02530229092, 1.03348064423, 0.678149580956, 0.484160363674, 0.383589178324, 0.315024375916, 0.349734306335, 0.328064292669, 0.286335498095, 0.284685671329, 0.154691934586, 0.0874051377177, 0.0447244308889, 0.0227584280074, 0.00640303222463, 0.000982584082521, 0.000103810569271, 3.46260239894e-05], "min": [4.45995324005e-10, 6.50100728805e-09, 1.29721033915e-08, 9.26947336666e-08, 9.12095742933e-07, 8.2397832557e-07, 4.58342356069e-06, 1.25647966343e-05, 4.50361494586e-06, 2.14484839489e-06, 5.63176001833e-07, 3.68917267224e-06, 8.5122510427e-06, 1.11912731882e-05, 2.439677246e-06, 1.00736488093e-05, 1.2909875295e-05, 7.32569196771e-06, 1.90562495845e-05, 7.8345372458e-05, 2.18803925236e-05, 1.80280312634e-05, 2.51755373029e-05, 5.15638066645e-06, 2.93401826639e-05, 3.92199472117e-05, 1.36751250466e-05, 5.74970981688e-05, 3.79514567612e-05, 3.14187309414e-05, 2.78294464806e-05, 3.7894039906e-06, 1.55797188199e-05, 1.34242027343e-05, 2.43092881647e-06, 1.80971323971e-06, 1.06813217826e-06, 3.9684906028e-07, 8.90385152275e-08, 1.15004483714e-09], "var": [0.328095078468, 17.9869251251, 23.1793117523, 6.91872549057, 180.190979004, 1217.27514648, 1246.69641113, 1669.78234863, 7651.52392578, 20339.0292969, 2798.76391602, 1375.05944824, 5884.4609375, 1233.51318359, 6967.42626953, 4903.78125, 904.94934082, 588.119506836, 390.153656006, 272.08215332, 71.0848083496, 53.7163848877, 31.1322612762, 35.3977241516, 54.473400116, 21.0037937164, 27.6061096191, 28.7521495819, 46.3124542236, 25.0456790924, 17.0282173157, 11.0151424408, 1.43714559078, 0.547301113605, 0.147241175175, 0.177385672927, 0.0108071099967, 0.000101266014099, 1.4224658571e-06, 2.97667535065e-09]}, "gfcc": {"mean": [-44.8636779785, 116.670646667, -93.3511199951, -7.01992511749, -75.766708374, -8.21439361572, -51.5684127808, -3.37088489532, -26.3744544983, -0.196640238166, -8.16872119904, 5.07651424408, -8.80891609192], "cov": [[6556.84228516, -2409.37255859, 379.972503662, 1544.82189941, 116.283569336, 1223.10095215, 447.23651123, 709.046569824, 136.740631104, 829.222900391, -291.03527832, 255.428314209, -427.644897461], [-2409.37255859, 1578.41308594, -75.9230804443, -402.139343262, 294.636047363, -324.644897461, 57.9628181458, -237.0052948, -59.6899108887, -381.058868408, 138.172912598, -167.353439331, 189.8046875], [379.972503662, -75.9230804443, 827.773132324, 484.981567383, 230.711547852, 415.144012451, 173.247512817, 185.764373779, 0.475211024284, 93.3592376709, -68.2285232544, 93.7177429199, -87.6864395142], [1544.82189941, -402.139343262, 484.981567383, 907.303710938, 282.790252686, 538.971740723, 318.733764648, 249.700561523, 56.8792495728, 230.773742676, -63.1476516724, 94.2344284058, -98.2674407959], [116.283569336, 294.636047363, 230.711547852, 282.790252686, 438.963592529, 305.072021484, 224.301239014, 87.2516174316, -17.1847190857, 7.1497297287, -23.3836631775, 2.8818128109, -6.92063426971], [1223.10095215, -324.644897461, 415.144012451, 538.971740723, 305.072021484, 638.276367188, 266.332183838, 230.028503418, -13.9453325272, 160.688049316, -82.9256820679, 78.3679580688, -96.4820632935], [447.23651123, 57.9628181458, 173.247512817, 318.733764648, 224.301239014, 266.332183838, 255.125823975, 126.20274353, 11.1461420059, 63.3832778931, -16.1058311462, 30.1498851776, -25.0341014862], [709.046569824, -237.0052948, 185.764373779, 249.700561523, 87.2516174316, 230.028503418, 126.20274353, 200.995132446, 45.7652702332, 114.078727722, -27.8916740417, 48.4745750427, -53.6740264893], [136.740631104, -59.6899108887, 0.475211024284, 56.8792495728, -17.1847190857, -13.9453325272, 11.1461420059, 45.7652702332, 103.274551392, 74.495803833, 20.1386375427, 7.01682662964, -4.41058921814], [829.222900391, -381.058868408, 93.3592376709, 230.773742676, 7.1497297287, 160.688049316, 63.3832778931, 114.078727722, 74.495803833, 224.245773315, 4.99004173279, 54.4789161682, -82.3448638916], [-291.03527832, 138.172912598, -68.2285232544, -63.1476516724, -23.3836631775, -82.9256820679, -16.1058311462, -27.8916740417, 20.1386375427, 4.99004173279, 113.42603302, 13.8110189438, 25.412530899], [255.428314209, -167.353439331, 93.7177429199, 94.2344284058, 2.8818128109, 78.3679580688, 30.1498851776, 48.4745750427, 7.01682662964, 54.4789161682, 13.8110189438, 102.113136292, -2.30806946754], [-427.644897461, 189.8046875, -87.6864395142, -98.2674407959, -6.92063426971, -96.4820632935, -25.0341014862, -53.6740264893, -4.41058921814, -82.3448638916, 25.412530899, -2.30806946754, 115.83430481]], "icov": [[0.000893701566383, 0.000447168684332, 0.000875600555446, -0.00091552460799, 0.000191976563656, -0.000549374613911, 0.000190476115677, -0.00106407620478, 0.000567229581065, -0.00102119147778, 0.000998090021312, -0.000211260063224, 0.000627305882517], [0.000447168684332, 0.00571977999061, -0.0019012336852, 0.00160389952362, -0.00381746399216, 0.0020530812908, -0.00518106576055, 0.00266145681962, -0.00197531608865, 0.00484385155141, -0.00564984139055, 0.00560082541779, -0.00148523494136], [0.000875600555446, -0.0019012336852, 0.00415661092848, -0.00265065813437, 0.00124434917234, -0.00213272729889, 0.00345995300449, -0.00311214104295, 0.00107850832865, -0.00182444753591, 0.00380817940459, -0.00417279079556, 0.00267492467538], [-0.00091552460799, 0.00160389952362, -0.00265065813437, 0.0050994171761, -0.00146849313751, 0.000386490602978, -0.00461790245026, 0.00275248428807, -0.00217299931683, 0.00122077367269, -0.0026022226084, 0.00225701020099, -0.00177607277874], [0.000191976563656, -0.00381746399216, 0.00124434917234, -0.00146849313751, 0.00825943052769, -0.00381057243794, 4.35764886788e-05, -0.00116487185005, 0.00122733984608, -0.00286239990965, 0.00377268763259, -0.00234623369761, 0.000586825655773], [-0.000549374613911, 0.0020530812908, -0.00213272729889, 0.000386490602978, -0.00381057243794, 0.00772534962744, -0.00341283204034, -0.000861902255565, 0.00269268872216, 0.000386560801417, -0.0013107288396, 0.00170062691905, -0.000910133181605], [0.000190476115677, -0.00518106576055, 0.00345995300449, -0.00461790245026, 4.35764886788e-05, -0.00341283204034, 0.0171744395047, -0.00700441980734, 0.00253425072879, -0.00401820009574, 0.00458403350785, -0.00562267936766, 0.00164281157777], [-0.00106407620478, 0.00266145681962, -0.00311214104295, 0.00275248428807, -0.00116487185005, -0.000861902255565, -0.00700441980734, 0.0160014498979, -0.00706910016015, 0.00329047883861, -0.00324942683801, 0.00166721211281, -0.000380925775971], [0.000567229581065, -0.00197531608865, 0.00107850832865, -0.00217299931683, 0.00122733984608, 0.00269268872216, 0.00253425072879, -0.00706910016015, 0.0196501500905, -0.0108127268031, 0.00177867920138, 0.000966296822298, -0.00341725978069], [-0.00102119147778, 0.00484385155141, -0.00182444753591, 0.00122077367269, -0.00286239990965, 0.000386560801417, -0.00401820009574, 0.00329047883861, -0.0108127268031, 0.0204708669335, -0.00930147152394, 0.00164122297429, 0.00496864877641], [0.000998090021312, -0.00564984139055, 0.00380817940459, -0.0026022226084, 0.00377268763259, -0.0013107288396, 0.00458403350785, -0.00324942683801, 0.00177867920138, -0.00930147152394, 0.0197709091008, -0.0095687918365, 0.00116376322694], [-0.000211260063224, 0.00560082541779, -0.00417279079556, 0.00225701020099, -0.00234623369761, 0.00170062691905, -0.00562267936766, 0.00166721211281, 0.000966296822298, 0.00164122297429, -0.0095687918365, 0.0210792999715, -0.00664497446269], [0.000627305882517, -0.00148523494136, 0.00267492467538, -0.00177607277874, 0.000586825655773, -0.000910133181605, 0.00164281157777, -0.000380925775971, -0.00341725978069, 0.00496864877641, 0.00116376322694, -0.00664497446269, 0.0163706485182]]}, "melbands": {"dmean": [0.00191380479373, 0.00137342105154, 0.000280661857687, 0.000591911375523, 0.000416846596636, 0.000312523392495, 0.000472407584311, 0.000486686767545, 9.38301236602e-05, 6.20375867584e-05, 8.49918142194e-05, 5.11493817612e-05, 5.51696175535e-05, 4.39994910266e-05, 3.3385498682e-05, 1.50099522216e-05, 1.50079849845e-05, 1.29546479002e-05, 1.14490248961e-05, 7.05187267158e-06, 4.10138500229e-06, 3.46863475897e-06, 2.42472719947e-06, 1.83392739928e-06, 2.00120985028e-06, 1.69099871528e-06, 1.91834215002e-06, 9.39916105835e-07, 1.14259216843e-06, 1.36559594921e-06, 8.98647272152e-07, 1.19650781016e-06, 1.10757787297e-06, 9.34599256652e-07, 7.27205076601e-07, 1.03957154352e-06, 6.91349669069e-07, 3.22024135357e-07, 2.81253988987e-07, 2.53154297525e-07], "dmean2": [0.0033555701375, 0.00247967545874, 0.00046230663429, 0.000938140670769, 0.000551901001018, 0.000403564539738, 0.000601668609306, 0.000607118767221, 0.000134813220939, 0.000103561964352, 0.000126927552628, 8.36221006466e-05, 7.05373604433e-05, 6.15778481006e-05, 5.24698771187e-05, 2.54756578215e-05, 2.30188434216e-05, 2.13355633605e-05, 1.97327917704e-05, 1.09781367428e-05, 6.36191271042e-06, 5.42738780496e-06, 3.79176185561e-06, 2.7795611004e-06, 2.82083465208e-06, 2.6239079034e-06, 3.12743986797e-06, 1.42475869325e-06, 1.76711716904e-06, 2.19725939132e-06, 1.25104247672e-06, 1.79409153134e-06, 1.64341793152e-06, 1.35816787861e-06, 1.0495054994e-06, 1.56223620706e-06, 9.68635845311e-07, 4.44592188842e-07, 3.78991586558e-07, 3.37077608492e-07], "dvar": [3.84255945391e-05, 2.06581717066e-05, 3.23308825045e-07, 1.17949082323e-06, 4.45235173174e-07, 2.57949835714e-07, 6.76704132729e-07, 6.6735776727e-07, 4.04542639387e-08, 2.95983024756e-08, 4.09924396649e-08, 1.53976564832e-08, 2.54451233417e-08, 1.27622330481e-08, 7.88642307015e-09, 3.55221807524e-09, 1.3754124506e-09, 1.21659649022e-09, 1.27216859269e-09, 2.07220463011e-10, 7.08344841116e-11, 5.72918795738e-11, 2.92458210427e-11, 1.68255982064e-11, 1.7833333768e-11, 1.77354433223e-11, 3.36211926355e-11, 5.14422185405e-12, 8.21235787707e-12, 1.51589608921e-11, 4.88683095726e-12, 1.13899046444e-11, 8.98185952697e-12, 6.84064220199e-12, 4.26255255051e-12, 6.06553739527e-12, 2.31012865087e-12, 3.86407350344e-13, 2.85494934985e-13, 2.217589041e-13], "dvar2": [0.000105970175355, 5.7611221564e-05, 8.90779631391e-07, 3.34378773914e-06, 7.61849264563e-07, 4.85993837174e-07, 1.26106317566e-06, 1.1753546687e-06, 7.79118494165e-08, 7.05629688014e-08, 8.51185646411e-08, 4.12957952278e-08, 3.63496930333e-08, 2.30695214043e-08, 1.94149407662e-08, 1.00183861207e-08, 2.71427613718e-09, 3.15403125839e-09, 3.55229090587e-09, 4.69097927169e-10, 1.61888794037e-10, 1.31484531596e-10, 6.84960560493e-11, 3.53183315926e-11, 3.82086411121e-11, 3.87893675513e-11, 9.00078483967e-11, 1.03813312113e-11, 1.87675656266e-11, 3.81678508243e-11, 8.54706062869e-12, 2.15328449515e-11, 1.90604025618e-11, 1.46093744741e-11, 9.85129772896e-12, 1.47504248399e-11, 4.48396181296e-12, 6.73609930855e-13, 5.52287707754e-13, 4.40151170719e-13], "max": [0.041053082794, 0.0303845740855, 0.00539318937808, 0.0112954685465, 0.0136956460774, 0.0072484202683, 0.0104833347723, 0.00878934655339, 0.00422939378768, 0.00295421830378, 0.00495228590444, 0.00155348668341, 0.00298209139146, 0.00178432511166, 0.00140546972398, 0.00137325609103, 0.000971005123574, 0.000311199750286, 0.00038686368498, 0.000122591736726, 6.73317699693e-05, 7.6197902672e-05, 6.13095617155e-05, 4.56682100776e-05, 5.57302300876e-05, 5.04507697769e-05, 9.3618837127e-05, 2.18918557948e-05, 2.72489651252e-05, 4.54207984149e-05, 1.84885484487e-05, 2.54257229244e-05, 2.50378107012e-05, 2.22891158046e-05, 1.90688915609e-05, 2.0589950509e-05, 1.5935052943e-05, 5.45616376257e-06, 5.2830223467e-06, 4.73164982395e-06], "mean": [0.00161177129485, 0.00118632230442, 0.00050634634681, 0.00131186423823, 0.00142273516394, 0.000996342976578, 0.00106628297362, 0.0010576241184, 0.000211087317439, 8.5226718511e-05, 0.000155846515554, 7.45133656892e-05, 8.7763335614e-05, 6.67046188028e-05, 4.24619138357e-05, 1.46414504343e-05, 2.17018623516e-05, 1.37528622872e-05, 1.01605173768e-05, 8.17232194095e-06, 4.5668821258e-06, 4.06213894166e-06, 3.07065465677e-06, 2.41907628151e-06, 2.58373324868e-06, 2.07742505154e-06, 1.97147733161e-06, 1.21365224004e-06, 1.30485682348e-06, 1.43989882417e-06, 1.11977078632e-06, 1.32207730985e-06, 1.21255982322e-06, 1.0227513485e-06, 8.49481978094e-07, 1.02190051621e-06, 7.42516931496e-07, 4.07776809652e-07, 3.40501259188e-07, 2.94171911719e-07], "median": [9.60341349128e-05, 0.000172253727214, 0.000260538421571, 0.000977244228125, 0.000838753127027, 0.000654359231703, 0.000506344775204, 0.00049433845561, 7.0703739766e-05, 1.67113648786e-05, 4.19919488195e-05, 2.57568590314e-05, 1.75750683411e-05, 1.55471188918e-05, 8.47241335578e-06, 2.92142976832e-06, 6.09767857895e-06, 3.27505927089e-06, 1.9279980279e-06, 1.89665581729e-06, 1.07925825432e-06, 1.14697138542e-06, 9.57012275649e-07, 7.26032226339e-07, 8.10267465567e-07, 4.78770516565e-07, 3.8668051161e-07, 2.81599085383e-07, 2.42259318384e-07, 2.06007996439e-07, 1.55905297561e-07, 1.73640799517e-07, 2.12371006114e-07, 1.58708246545e-07, 1.30841272039e-07, 1.77542730739e-07, 1.56022608166e-07, 1.07082946954e-07, 8.84019115688e-08, 6.4659552379e-08], "min": [5.80552359658e-12, 7.27596455308e-12, 3.8692101606e-11, 6.91471740977e-11, 1.29465493881e-10, 2.72721040195e-10, 6.24168841612e-11, 1.9206256377e-11, 3.62840009774e-12, 2.84555694979e-11, 4.58962867711e-11, 5.11930532687e-11, 5.27950426432e-12, 1.82120221681e-11, 2.46959692279e-11, 3.42884089177e-11, 9.93891947909e-12, 2.04150550631e-11, 9.51514561587e-11, 8.89757087452e-11, 1.24918729874e-11, 1.04739689144e-11, 4.14085918332e-11, 8.13672046407e-12, 2.56813255557e-12, 1.38871371e-11, 2.45466060672e-11, 2.81423009896e-11, 3.98112922836e-12, 1.77816632946e-11, 3.50283968498e-11, 2.96600972949e-11, 3.72451462033e-12, 2.64206052869e-11, 2.1547270912e-11, 3.48097744206e-12, 1.01373727121e-12, 1.11478846987e-11, 7.35322653461e-12, 1.44000358512e-11], "var": [2.82661367237e-05, 1.35433292598e-05, 4.31854005001e-07, 1.63276558851e-06, 2.83267536361e-06, 1.00228373867e-06, 1.82688165751e-06, 1.9036726826e-06, 1.62447392427e-07, 5.00809065329e-08, 1.51204062604e-07, 2.19590727824e-08, 6.46387121606e-08, 2.92291719717e-08, 1.2955469586e-08, 2.46569076268e-09, 2.8105044958e-09, 1.07954445383e-09, 8.81579365064e-10, 2.53140786111e-10, 8.32735477796e-11, 6.69625604965e-11, 3.61248496394e-11, 2.35529842157e-11, 2.60740682517e-11, 2.24946589134e-11, 2.84567473752e-11, 7.51323742804e-12, 9.93747792388e-12, 1.514605108e-11, 8.31470829687e-12, 1.49246361797e-11, 1.08655610551e-11, 8.46469162125e-12, 5.40127447976e-12, 6.45150859818e-12, 3.17470810925e-12, 6.69477169014e-13, 4.81098993109e-13, 3.68527555477e-13]}, "mfcc": {"mean": [-702.480163574, 158.708724976, 21.441034317, 1.34972548485, -7.90234470367, -13.86444664, -16.8168010712, -11.1336317062, -17.4180717468, -9.73168754578, -9.32603931427, -3.09527516365, 0.432727068663], "cov": [[6537.05175781, -2264.66650391, 225.018737793, 786.577453613, 227.812774658, 875.515991211, 497.310943604, 401.321166992, 508.072174072, 577.332641602, 488.324798584, 394.445831299, 231.783416748], [-2264.66650391, 1311.38049316, -192.722381592, -215.546981812, 12.7522153854, -235.997253418, -12.9066638947, -62.5332946777, -128.42237854, -150.901184082, -173.873245239, -152.240570068, -103.795135498], [225.018737793, -192.722381592, 662.321472168, 269.75390625, 198.874588013, 274.647125244, 194.905639648, 206.660263062, 117.675636292, 102.440696716, 97.2762680054, 29.1176280975, 9.31529712677], [786.577453613, -215.546981812, 269.75390625, 489.880340576, 176.169998169, 320.620361328, 241.724395752, 190.286376953, 154.874038696, 145.041870117, 123.251724243, 82.2948303223, 57.8813095093], [227.812774658, 12.7522153854, 198.874588013, 176.169998169, 263.206176758, 253.644042969, 215.330123901, 162.151107788, 108.52091217, 103.304862976, 56.5348815918, 10.9910049438, 1.11025595665], [875.515991211, -235.997253418, 274.647125244, 320.620361328, 253.644042969, 484.633056641, 333.827056885, 235.91104126, 181.570068359, 168.065597534, 109.542930603, 61.5566940308, 40.418888092], [497.310943604, -12.9066638947, 194.905639648, 241.724395752, 215.330123901, 333.827056885, 363.711334229, 238.854431152, 145.44480896, 132.878341675, 73.7161102295, 33.2392692566, 14.9057416916], [401.321166992, -62.5332946777, 206.660263062, 190.286376953, 162.151107788, 235.91104126, 238.854431152, 246.160583496, 143.61328125, 102.221122742, 53.9309158325, 17.8764362335, -0.322692811489], [508.072174072, -128.42237854, 117.675636292, 154.874038696, 108.52091217, 181.570068359, 145.44480896, 143.61328125, 178.3021698, 115.593772888, 46.9415931702, 22.5785388947, 6.56496953964], [577.332641602, -150.901184082, 102.440696716, 145.041870117, 103.304862976, 168.065597534, 132.878341675, 102.221122742, 115.593772888, 166.927154541, 94.6226425171, 37.0260734558, 15.4321374893], [488.324798584, -173.873245239, 97.2762680054, 123.251724243, 56.5348815918, 109.542930603, 73.7161102295, 53.9309158325, 46.9415931702, 94.6226425171, 132.782318115, 84.5145568848, 42.893535614], [394.445831299, -152.240570068, 29.1176280975, 82.2948303223, 10.9910049438, 61.5566940308, 33.2392692566, 17.8764362335, 22.5785388947, 37.0260734558, 84.5145568848, 138.78276062, 82.5768814087], [231.783416748, -103.795135498, 9.31529712677, 57.8813095093, 1.11025595665, 40.418888092, 14.9057416916, -0.322692811489, 6.56496953964, 15.4321374893, 42.893535614, 82.5768814087, 123.818382263]], "icov": [[0.000710912689101, 0.00105210614856, 0.00058168952819, -0.000243948670686, 0.000183964279131, -0.000215510692215, -0.000489824509714, -7.46250734664e-05, -0.00033166562207, -0.000661791593302, -0.000291529751848, -0.000328318477841, 0.000168934915564], [0.00105210614856, 0.00285901431926, 0.00103984982707, -0.000378739874577, -0.000827216368634, 0.0010262603173, -0.00210080994293, 0.000205567324883, -4.05649116146e-05, -0.000540051260032, 0.00037511557457, -0.000118073119665, 0.00047008835827], [0.00058168952819, 0.00103984982707, 0.0030204153154, -0.000835004320834, -0.000851760152727, -0.000661685073283, 0.000623329018708, -0.00191810459364, 0.000219574721996, 0.000248814962106, -0.00151388347149, 0.000476576242363, 0.000253443286056], [-0.000243948670686, -0.000378739874577, -0.000835004320834, 0.00446631666273, 0.000101263547549, -0.00127753941342, -0.000371781352442, -0.000145675934618, -0.00109178363346, 0.000407840125263, -0.00143811956514, -6.10899296589e-05, -0.00087937474018], [0.000183964279131, -0.000827216368634, -0.000851760152727, 0.000101263547549, 0.0102407028899, -0.00368795753457, -0.0010558150243, -0.00117198156659, -0.000139873489388, -0.00164853548631, -0.000801648944616, 0.00074250792386, 0.000210432030144], [-0.000215510692215, 0.0010262603173, -0.000661685073283, -0.00127753941342, -0.00368795753457, 0.00985408760607, -0.00584216462448, 0.0015624180669, -0.00154785532504, 5.78293329454e-05, 0.000533862039447, 0.000111539862701, -0.000750044186134], [-0.000489824509714, -0.00210080994293, 0.000623329018708, -0.000371781352442, -0.0010558150243, -0.00584216462448, 0.0144557617605, -0.00853220559657, 0.00278124306351, -0.00217665848322, 0.000729556486476, -0.000688453379553, -0.00023292406695], [-7.46250734664e-05, 0.000205567324883, -0.00191810459364, -0.000145675934618, -0.00117198156659, 0.0015624180669, -0.00853220559657, 0.016828617081, -0.00740667013451, 0.0027877157554, -0.000873447046615, 0.000557342777029, 0.00107204157393], [-0.00033166562207, -4.05649116146e-05, 0.000219574721996, -0.00109178363346, -0.000139873489388, -0.00154785532504, 0.00278124306351, -0.00740667013451, 0.0173032470047, -0.00940903741866, 0.00662950379774, -0.00228133215569, 0.000713243382052], [-0.000661791593302, -0.000540051260032, 0.000248814962106, 0.000407840125263, -0.00164853548631, 5.78293329454e-05, -0.00217665848322, 0.0027877157554, -0.00940903741866, 0.0210331119597, -0.0130443181843, 0.005301496014, -0.000297445367323], [-0.000291529751848, 0.00037511557457, -0.00151388347149, -0.00143811956514, -0.000801648944616, 0.000533862039447, 0.000729556486476, -0.000873447046615, 0.00662950379774, -0.0130443181843, 0.0253625959158, -0.0119790444151, 0.00186632107943], [-0.000328318477841, -0.000118073119665, 0.000476576242363, -6.10899296589e-05, 0.00074250792386, 0.000111539862701, -0.000688453379553, 0.000557342777029, -0.00228133215569, 0.005301496014, -0.0119790444151, 0.0194085743278, -0.00878434628248], [0.000168934915564, 0.00047008835827, 0.000253443286056, -0.00087937474018, 0.000210432030144, -0.000750044186134, -0.00023292406695, 0.00107204157393, 0.000713243382052, -0.000297445367323, 0.00186632107943, -0.00878434628248, 0.014031146653]]}, "spectral_contrast_coeffs": {"dmean": [0.0513915941119, 0.0508419387043, 0.0451834462583, 0.0371803119779, 0.0231560636312, 0.0209114719182], "dmean2": [0.0801845937967, 0.0771672576666, 0.0679001957178, 0.0594987161458, 0.0348635725677, 0.0326026901603], "dvar": [0.00212307297625, 0.00304900784977, 0.0019333838718, 0.0013824593043, 0.000402629608288, 0.000440218922449], "dvar2": [0.00491343531758, 0.00708970474079, 0.00423129927367, 0.00307375774719, 0.000872417120263, 0.00104135414585], "max": [-0.18839097023, -0.379557967186, -0.418824195862, -0.547336399555, -0.666879475117, -0.698424518108], "mean": [-0.520965456963, -0.608977913857, -0.709989130497, -0.765380501747, -0.801868259907, -0.816858589649], "median": [-0.535540878773, -0.603382766247, -0.713125109673, -0.77420425415, -0.810033500195, -0.817000985146], "min": [-0.841052353382, -0.897620141506, -0.909448802471, -0.931408345699, -0.903030276299, -0.92334741354], "var": [0.0175452698022, 0.00653991568834, 0.0072122104466, 0.004538920708, 0.00188935385086, 0.00136501085944]}, "spectral_contrast_valleys": {"dmean": [0.451299905777, 0.428645342588, 0.533677697182, 0.581175386906, 0.52472358942, 0.577634215355], "dmean2": [0.712873935699, 0.636293590069, 0.77273607254, 0.804976582527, 0.673055529594, 0.65985840559], "dvar": [0.198009833694, 0.230587184429, 0.346993535757, 0.451196283102, 0.31540748477, 0.238184317946], "dvar2": [0.411387890577, 0.467222124338, 0.677915096283, 0.837496399879, 0.557700693607, 0.380377322435], "max": [-5.10461521149, -4.56286430359, -5.15536022186, -5.54394054413, -6.06733608246, -8.3262929916