{"lowlevel": {"average_loudness": 0.957765519619, "barkbands_crest": {"dmean": 2.42768096924, "dmean2": 3.96251630783, "dvar": 4.97518253326, "dvar2": 12.0679941177, "max": 24.3473300934, "mean": 10.0973758698, "median": 9.4499206543, "min": 2.74797725677, "var": 12.7354478836}, "barkbands_flatness_db": {"dmean": 0.029797045514, "dmean2": 0.0416411049664, "dvar": 0.000694415008184, "dvar2": 0.00135155604221, "max": 0.356260359287, "mean": 0.155435666442, "median": 0.159327864647, "min": 0.0233715455979, "var": 0.0031237101648}, "barkbands_kurtosis": {"dmean": 4.73691320419, "dmean2": 7.22418737411, "dvar": 36.9479751587, "dvar2": 84.9971466064, "max": 96.6544494629, "mean": 8.44756507874, "median": 6.36196327209, "min": -1.85690283775, "var": 82.1219482422}, "barkbands_skewness": {"dmean": 0.687406420708, "dmean2": 1.02168595791, "dvar": 0.449367582798, "dvar2": 0.946083545685, "max": 8.58089447021, "mean": 2.21934199333, "median": 2.11300992966, "min": -1.70364284515, "var": 1.29257929325}, "barkbands_spread": {"dmean": 6.76142978668, "dmean2": 9.17673206329, "dvar": 75.8378219604, "dvar2": 147.942138672, "max": 97.2948303223, "mean": 19.0251808167, "median": 12.5545835495, "min": 0.787142515182, "var": 252.469940186}, "dissonance": {"dmean": 0.0300707761198, "dmean2": 0.0485344454646, "dvar": 0.000755635497626, "dvar2": 0.00198159180582, "max": 0.499999880791, "mean": 0.431516855955, "median": 0.43977072835, "min": 0.204588532448, "var": 0.00213145976886}, "dynamic_complexity": 2.30808591843, "erbbands_crest": {"dmean": 2.68357014656, "dmean2": 4.15469884872, "dvar": 6.77162504196, "dvar2": 14.3376312256, "max": 32.0302810669, "mean": 10.4390439987, "median": 8.80630111694, "min": 2.54474568367, "var": 31.7093315125}, "erbbands_flatness_db": {"dmean": 0.0291753783822, "dmean2": 0.0380998924375, "dvar": 0.000702283694409, "dvar2": 0.00124616117682, "max": 0.396802932024, "mean": 0.140646934509, "median": 0.133805856109, "min": 0.0392168797553, "var": 0.00287422048859}, "erbbands_kurtosis": {"dmean": 2.14639353752, "dmean2": 3.31100392342, "dvar": 14.5056591034, "dvar2": 34.3679885864, "max": 117.592964172, "mean": 2.94409227371, "median": 1.55200886726, "min": -1.82780861855, "var": 35.8633880615}, "erbbands_skewness": {"dmean": 0.465367287397, "dmean2": 0.700482904911, "dvar": 0.215031176805, "dvar2": 0.478453934193, "max": 7.86213731766, "mean": 1.13281238079, "median": 1.1251270771, "min": -1.87540483475, "var": 0.743846178055}, "erbbands_spread": {"dmean": 12.2854251862, "dmean2": 17.0000896454, "dvar": 212.080795288, "dvar2": 394.675109863, "max": 172.993377686, "mean": 38.7532157898, "median": 32.7568054199, "min": 1.68312394619, "var": 543.432128906}, "hfc": {"dmean": 11.7316942215, "dmean2": 16.1737442017, "dvar": 335.540557861, "dvar2": 672.305053711, "max": 157.893798828, "mean": 22.5945186615, "median": 11.8421802521, "min": 3.28460828314e-07, "var": 630.785583496}, "melbands_crest": {"dmean": 3.02323174477, "dmean2": 5.02185297012, "dvar": 8.37441539764, "dvar2": 22.4970855713, "max": 31.8326644897, "mean": 13.0840358734, "median": 12.3345785141, "min": 4.42933034897, "var": 16.7965183258}, "melbands_flatness_db": {"dmean": 0.0333750769496, "dmean2": 0.0458787344396, "dvar": 0.000899471633602, "dvar2": 0.00166044814978, "max": 0.439971923828, "mean": 0.24608746171, "median": 0.255205452442, "min": 0.0548289194703, "var": 0.00468203099445}, "melbands_kurtosis": {"dmean": 12.3417005539, "dmean2": 18.787563324, "dvar": 549.194824219, "dvar2": 1200.75085449, "max": 320.870819092, "mean": 20.8465595245, "median": 13.0682268143, "min": -1.48075973988, "var": 757.721069336}, "melbands_skewness": {"dmean": 0.924251079559, "dmean2": 1.3576002121, "dvar": 1.34680342674, "dvar2": 2.77206802368, "max": 15.6735200882, "mean": 2.98946022987, "median": 2.71795201302, "min": -1.08019328117, "var": 2.9045484066}, "melbands_spread": {"dmean": 4.13603258133, "dmean2": 5.87704229355, "dvar": 36.4795188904, "dvar2": 74.1568145752, "max": 114.40663147, "mean": 13.0862646103, "median": 9.71201515198, "min": 1.20432257652, "var": 102.059631348}, "pitch_salience": {"dmean": 0.0733193606138, "dmean2": 0.121112652123, "dvar": 0.0057034320198, "dvar2": 0.0151090277359, "max": 0.937880039215, "mean": 0.559115469456, "median": 0.568401992321, "min": 0.188363701105, "var": 0.0123008703813}, "silence_rate_20dB": {"dmean": 0, "dmean2": 0, "dvar": 0, "dvar2": 0, "max": 1, "mean": 1, "median": 1, "min": 1, "var": 0}, "silence_rate_30dB": {"dmean": 0.0611498840153, "dmean2": 0.122340425849, "dvar": 0.0574097856879, "dvar2": 0.134630307555, "max": 1, "mean": 0.951494991779, "median": 1, "min": 0, "var": 0.0461510457098}, "silence_rate_60dB": {"dmean": 0.00465270876884, "dmean2": 0.00897606369108, "dvar": 0.00463117705658, "dvar2": 0.0102250846103, "max": 1, "mean": 0.00531561439857, "median": 0, "min": 0, "var": 0.00528748612851}, "spectral_centroid": {"dmean": 150.600662231, "dmean2": 201.229476929, "dvar": 43706.2304688, "dvar2": 75212.6328125, "max": 4195.15576172, "mean": 695.030578613, "median": 549.583312988, "min": 213.990737915, "var": 169230.15625}, "spectral_complexity": {"dmean": 3.16118311882, "dmean2": 4.36835098267, "dvar": 23.2591438293, "dvar2": 32.5253295898, "max": 54, "mean": 14.7292356491, "median": 12, "min": 0, "var": 86.745765686}, "spectral_decrease": {"dmean": 3.90135701522e-09, "dmean2": 5.94607918458e-09, "dvar": 4.86405725198e-17, "dvar2": 1.07257492475e-16, "max": -1.9494849988e-18, "mean": -8.14036837937e-09, "median": -5.45983214195e-09, "min": -6.52904361687e-08, "var": 7.02921408586e-17}, "spectral_energy": {"dmean": 0.0155431507155, "dmean2": 0.0234562940896, "dvar": 0.000748580670916, "dvar2": 0.00164465594571, "max": 0.250516027212, "mean": 0.0327730439603, "median": 0.0221149213612, "min": 3.71501891749e-11, "var": 0.00109151436482}, "spectral_energyband_high": {"dmean": 0.0008204348851, "dmean2": 0.00114517996553, "dvar": 1.88411024737e-06, "dvar2": 3.8968323679e-06, "max": 0.0100807696581, "mean": 0.00114334106911, "median": 0.000291432894301, "min": 2.95369423364e-11, "var": 3.23195581586e-06}, "spectral_energyband_low": {"dmean": 0.00995555706322, "dmean2": 0.0159050207585, "dvar": 0.000557371007744, "dvar2": 0.0013003355125, "max": 0.223507478833, "mean": 0.0138663118705, "median": 0.00554894655943, "min": 3.34761210451e-14, "var": 0.000650677713566}, "spectral_energyband_middle_high": {"dmean": 0.00129116117023, "dmean2": 0.00171592540573, "dvar": 9.64208174992e-06, "dvar2": 1.67042908288e-05, "max": 0.114410676062, "mean": 0.00302800000645, "median": 0.0013668142492, "min": 7.29932867621e-12, "var": 3.50150185113e-05}, "spectral_energyband_middle_low": {"dmean": 0.00778545346111, "dmean2": 0.012779308483, "dvar": 0.000171785068233, "dvar2": 0.000462280790089, "max": 0.10675535351, "mean": 0.0165386795998, "median": 0.0125629715621, "min": 2.71062523555e-13, "var": 0.000192271996639}, "spectral_entropy": {"dmean": 0.324293673038, "dmean2": 0.418799042702, "dvar": 0.0952754542232, "dvar2": 0.151932731271, "max": 9.00068759918, "mean": 7.23687314987, "median": 7.21460390091, "min": 5.22665643692, "var": 0.380674660206}, "spectral_flux": {"dmean": 0.0357294343412, "dmean2": 0.0552229508758, "dvar": 0.00274896202609, "dvar2": 0.00521024083719, "max": 0.409223973751, "mean": 0.085746884346, "median": 0.0617998987436, "min": 0.000192636391148, "var": 0.00498413247988}, "spectral_kurtosis": {"dmean": 3.4841375351, "dmean2": 4.81561899185, "dvar": 19.2697925568, "dvar2": 40.344997406, "max": 55.1795196533, "mean": 6.43630743027, "median": 4.49196052551, "min": -0.634232521057, "var": 33.2031517029}, "spectral_rms": {"dmean": 0.00113378395326, "dmean2": 0.00165789457969, "dvar": 2.50095354204e-06, "dvar2": 5.05715524923e-06, "max": 0.0156334862113, "mean": 0.00516741722822, "median": 0.00464494712651, "min": 1.90378798948e-07, "var": 5.27153451912e-06}, "spectral_rolloff": {"dmean": 562.870117188, "dmean2": 947.102416992, "dvar": 2439967, "dvar2": 5919617.5, "max": 16386.7675781, "mean": 1075.71899414, "median": 559.86328125, "min": 86.1328125, "var": 2769687.25}, "spectral_skewness": {"dmean": 0.452209532261, "dmean2": 0.584217369556, "dvar": 0.212588712573, "dvar2": 0.384463131428, "max": 6.21936845779, "mean": 2.17327809334, "median": 2.07276010513, "min": 0.409857481718, "var": 0.601526319981}, "spectral_spread": {"dmean": 1800141.25, "dmean2": 2236063.25, "dvar": 2401079132160.0, "dvar2": 3598443610110.0, "max": 21979658, "mean": 6803113, "median": 6218175, "min": 1379156.125, "var": 9484109873150.0}, "spectral_strongpeak": {"dmean": 0.375744432211, "dmean2": 0.635599195957, "dvar": 0.295270502567, "dvar2": 0.68138474226, "max": 8.22334480286, "mean": 0.75380307436, "median": 0.537273645401, "min": 1.4499536519e-05, "var": 0.66410523653}, "zerocrossingrate": {"dmean": 0.0173061545938, "dmean2": 0.0187019184232, "dvar": 0.000316185731208, "dvar2": 0.000381424179068, "max": 0.27001953125, "mean": 0.0629084706306, "median": 0.04541015625, "min": 0.0087890625, "var": 0.00208624172956}, "barkbands": {"dmean": [2.63702568191e-05, 0.00385191245005, 0.00718169892207, 0.0022802806925, 0.00422617979348, 0.00107109907549, 0.000784527452197, 0.00116875628009, 0.000427044840762, 0.000525794865098, 0.00019318536215, 0.000179252980161, 0.000205770717002, 0.000218133311137, 0.000204543335713, 7.71940831328e-05, 9.5088413218e-05, 5.98643564445e-05, 4.59933544334e-05, 5.13157756359e-05, 5.58744504815e-05, 8.18315093056e-05, 8.25861789053e-05, 0.000159975868883, 0.000215677340748, 0.000165657795151, 8.08041222626e-05], "dmean2": [4.04566671932e-05, 0.00606689881533, 0.0127211520448, 0.00396527769044, 0.00695038028061, 0.0016947168624, 0.00129794306122, 0.00189296912868, 0.000622037390713, 0.000714770809282, 0.000305206485791, 0.000280074920738, 0.000321090017678, 0.00033867827733, 0.000288929761155, 0.000123212797916, 0.000141634620377, 8.16925312392e-05, 6.00361199758e-05, 7.86060554674e-05, 8.12340149423e-05, 0.000118405318062, 0.000116157068987, 0.000233282757108, 0.000314949458698, 0.000244576018304, 0.00012423422595], "dvar": [8.63264038031e-09, 0.000104455240944, 0.000415823160438, 2.59245662164e-05, 4.8234978749e-05, 2.70873056252e-06, 2.07391963158e-06, 3.10455129693e-06, 8.59523368035e-07, 5.20893809153e-06, 1.97348825282e-07, 2.35971398865e-07, 4.32360906188e-07, 3.44181557921e-07, 3.35012003916e-07, 3.09070422588e-08, 3.96722512619e-08, 2.09441477494e-08, 1.06614734818e-08, 1.36050539723e-08, 1.22063550378e-08, 2.44307400976e-08, 2.23342393468e-08, 7.50199831145e-08, 1.43978809319e-07, 7.82967148893e-08, 3.17928261495e-08], "dvar2": [2.14145856603e-08, 0.000250991841312, 0.00112608552445, 7.14501002221e-05, 0.000127119754325, 7.08368406777e-06, 4.96456732435e-06, 7.53754420657e-06, 1.67997461631e-06, 8.07906417322e-06, 4.94787741445e-07, 5.79417417157e-07, 9.77014451564e-07, 8.15920259356e-07, 6.2172938442e-07, 6.4648695286e-08, 7.67842962546e-08, 3.58340876971e-08, 1.57532706879e-08, 3.07608694072e-08, 2.3219303813e-08, 5.15032319015e-08, 4.75132786448e-08, 1.54268704478e-07, 3.05541476564e-07, 1.6637626743e-07, 7.33310017154e-08], "max": [0.0041459207423, 0.114336661994, 0.148505046964, 0.0512575432658, 0.0677000656724, 0.022468695417, 0.0309814624488, 0.0230475384742, 0.0245782155544, 0.10836969316, 0.00914054550231, 0.00516497483477, 0.0215685404837, 0.0158146712929, 0.00727239903063, 0.00307493377477, 0.00601620972157, 0.00166364363395, 0.0012664787937, 0.00108781154267, 0.000980167416856, 0.00156910845544, 0.00111672189087, 0.00246299989522, 0.00260525615886, 0.00208153272979, 0.00177023885772], "mean": [3.8165384467e-05, 0.00545060122386, 0.00679441308603, 0.00271525373682, 0.00719450460747, 0.00199317000806, 0.00135315151419, 0.00200676545501, 0.000815362960566, 0.00117311801296, 0.000370678899344, 0.000225300856982, 0.000317750644172, 0.000397022115067, 0.000288576848106, 0.000116995928693, 0.000171922351001, 9.26002248889e-05, 7.77581662987e-05, 8.12578946352e-05, 8.63535096869e-05, 0.000116007082397, 0.000105230981717, 0.000178387170308, 0.00023980923288, 0.000231892874581, 0.000141014737892], "median": [2.34020853895e-06, 0.00183819327503, 0.00223960285075, 0.00132018106524, 0.00480740889907, 0.00122654251754, 0.000705482030753, 0.00115594698582, 0.000322417065036, 0.00026328972308, 0.000196042790776, 8.31040379126e-05, 0.000102118348877, 6.90368469805e-05, 7.93647486717e-05, 3.68170840375e-05, 6.46654953016e-05, 1.49778097693e-05, 1.33709290822e-05, 1.47478694998e-05, 1.4490349713e-05, 2.25659023272e-05, 2.07588927879e-05, 6.0001588281e-05, 5.71920900256e-05, 3.23904896504e-05, 6.49002458886e-06], "min": [1.1167882923e-14, 1.13346781098e-14, 7.82333521424e-15, 2.384230034e-14, 1.45572695066e-13, 5.65504572694e-14, 1.64779993849e-14, 9.08730827132e-15, 1.75528265967e-14, 1.22710450809e-14, 2.64090659741e-14, 6.98223691863e-14, 1.50079384684e-13, 4.20213146777e-14, 4.01340880017e-13, 3.46958941612e-12, 7.95230797445e-13, 9.23337903531e-13, 1.09723731836e-12, 5.74535948331e-12, 2.80928492274e-12, 9.36176158296e-13, 2.64677949696e-12, 2.83220322195e-12, 3.09647858569e-12, 4.83569000814e-12, 6.95068048256e-12], "var": [2.66487685252e-08, 0.00011903851555, 0.000292428710964, 1.99384594453e-05, 5.90322561038e-05, 5.40019118489e-06, 4.46659259978e-06, 5.75731291974e-06, 2.32353158935e-06, 2.44802758971e-05, 3.19346867172e-07, 2.38327672264e-07, 9.40422239637e-07, 9.35198841034e-07, 5.25644054505e-07, 5.32386614793e-08, 1.02677503833e-07, 4.96864025479e-08, 3.06849337051e-08, 2.85663901423e-08, 2.90889889953e-08, 4.72114400907e-08, 3.4938295812e-08, 9.95263604864e-08, 1.81955641665e-07, 1.604609281e-07, 1.0467071121e-07]}, "erbbands": {"dmean": [0.0555414967239, 1.08008670807, 6.64473819733, 8.87542438507, 11.3417453766, 14.0136156082, 11.5795383453, 9.48564815521, 7.43004560471, 27.3155994415, 17.0100822449, 11.440580368, 12.2129831314, 13.4995107651, 7.99983263016, 8.43948173523, 9.94226360321, 11.9004716873, 8.45819950104, 9.16422176361, 4.3896021843, 4.00407838821, 3.56560826302, 2.49469900131, 2.22514414787, 2.48076152802, 2.42339849472, 2.43741393089, 2.96782112122, 2.42004418373, 2.44964241982, 2.23284244537, 3.45317816734, 2.76009511948, 1.28013968468, 0.737845957279, 0.304132580757, 0.0863217413425, 0.0133850360289, 0.000823103357106], "dmean2": [0.0889176726341, 1.63136053085, 11.4969024658, 15.4866876602, 18.8811759949, 23.4280853271, 18.5713386536, 15.0862464905, 11.297700882, 45.8313140869, 27.4703464508, 16.5150241852, 17.2930145264, 18.3413066864, 11.9178857803, 13.3576593399, 15.3753814697, 18.9258155823, 11.7806348801, 13.9052457809, 6.18047142029, 6.11023139954, 5.06659793854, 3.23515248299, 2.95704460144, 3.87397408485, 3.54151988029, 3.53223657608, 4.37233304977, 3.48413109779, 3.51628375053, 3.19236111641, 5.08449029922, 4.13544893265, 1.81957423687, 1.07821798325, 0.449098944664, 0.13445673883, 0.0211155340075, 0.00127104029525], "dvar": [0.0218116585165, 7.36512327194, 331.140258789, 514.264404297, 685.662414551, 467.733764648, 242.965789795, 235.788696289, 164.452987671, 2011.02441406, 968.993347168, 603.376586914, 816.671325684, 6984.84667969, 243.609191895, 506.27130127, 1039.22363281, 1081.51428223, 402.778442383, 660.604064941, 71.6643371582, 57.8431930542, 70.6744003296, 36.6034240723, 22.1371803284, 36.2866249084, 29.7919654846, 21.2852592468, 36.3227653503, 17.3385448456, 20.5714893341, 11.5749702454, 39.010093689, 24.2351741791, 4.74216365814, 1.42734932899, 0.262771993876, 0.0274195596576, 0.000930879788939, 4.14591340814e-06], "dvar2": [0.0489123165607, 17.0414562225, 864.510192871, 1404.42736816, 1785.77661133, 1281.6817627, 657.101745605, 612.010620117, 383.378143311, 4863.45214844, 2397.63305664, 1123.94091797, 1537.34875488, 10422.7939453, 550.31439209, 1282.98522949, 2325.95239258, 2658.33764648, 719.349914551, 1325.43347168, 124.922424316, 120.116462708, 127.572090149, 54.524597168, 35.5323753357, 86.7000427246, 62.8199119568, 40.2394828796, 82.5373458862, 34.2354698181, 44.718711853, 23.4823360443, 84.4906692505, 53.7460174561, 9.35573577881, 3.08507680893, 0.567988753319, 0.060894344002, 0.00202741357498, 9.68127005763e-06], "max": [1.93604648113, 32.0214538574, 134.456344604, 173.492218018, 266.733428955, 243.153823853, 182.341461182, 278.660064697, 214.613128662, 823.982666016, 342.653198242, 687.126220703, 777.61517334, 4154.33496094, 289.261199951, 236.127243042, 1057.02258301, 849.598693848, 237.230880737, 420.895111084, 184.071609497, 167.087234497, 104.731025696, 64.4068374634, 68.0600738525, 58.4038887024, 47.7241401672, 40.9318885803, 58.8973503113, 32.574798584, 35.6638336182, 28.2587013245, 52.7824287415, 32.7873306274, 18.3069877625, 8.82648849487, 4.3815741539, 1.37975525856, 0.330116093159, 0.0220668576658], "mean": [0.0796015784144, 1.53839612007, 6.64148664474, 10.0299463272, 15.0052404404, 23.7375049591, 23.1084041595, 17.2490119934, 14.2530641556, 46.1963005066, 28.6629314423, 23.7576408386, 25.4231987, 30.4126968384, 17.3481006622, 11.5584897995, 15.9686660767, 20.8015632629, 13.7423238754, 13.8327875137, 7.45447969437, 7.14816713333, 5.68239021301, 4.27133893967, 3.87818670273, 3.79957389832, 3.67101550102, 3.57136702538, 3.97354197502, 3.60683941841, 3.00185585022, 2.81690192223, 3.57653427124, 2.9061229229, 1.508939147, 0.876041591167, 0.434522658587, 0.133780255914, 0.0253843069077, 0.00141710031312], "median": [0.0244550667703, 0.508030951023, 2.25313901901, 4.16697978973, 7.156645298, 15.3696155548, 17.0903339386, 10.0262928009, 8.23843765259, 25.6844711304, 15.4239778519, 10.7040147781, 9.3047990799, 4.68164014816, 9.29592514038, 5.04026222229, 5.51641082764, 4.30352020264, 4.36427974701, 3.57765293121, 2.783618927, 2.65680742264, 1.42762684822, 0.668588221073, 0.803448796272, 0.661073207855, 0.535134196281, 0.605430305004, 0.738758206367, 0.654630720615, 0.62694978714, 0.958036959171, 1.02056586742, 0.757183670998, 0.339098155499, 0.143167108297, 0.053775921464, 0.0111574279144, 0.0011861610692, 8.1929982116e-05], "min": [4.94899097831e-13, 2.05486560927e-12, 7.65369278372e-12, 4.70647895656e-11, 2.19011461744e-10, 5.57349555397e-10, 6.8696559552e-10, 3.64910407447e-10, 2.54064297378e-10, 1.43755021775e-10, 3.61412566541e-10, 4.06465694436e-10, 2.20114967919e-10, 9.51727363585e-10, 9.25413801145e-10, 3.6718010854e-09, 6.91987223078e-09, 3.08648262504e-09, 1.55183190742e-08, 6.02024385898e-08, 1.91134603256e-07, 4.61896902948e-08, 5.87871653579e-08, 5.48190790539e-08, 4.01279969253e-08, 2.65445549985e-07, 2.33254411341e-07, 6.19711499894e-08, 4.41754046676e-08, 2.26742411513e-08, 8.96445087051e-08, 1.03644993033e-07, 1.9389965189e-08, 2.21676490497e-08, 2.79665890446e-08, 1.0276647977e-08, 1.18684777561e-08, 4.18489731757e-09, 1.00851227369e-09, 1.03670814988e-10], "var": [0.0288375150412, 9.06113433838, 257.513336182, 379.027618408, 632.896850586, 651.278564453, 491.751525879, 476.453948975, 324.458099365, 4104.06347656, 1497.97192383, 1763.20629883, 2974.08740234, 34177.6914062, 575.834411621, 509.511535645, 2329.13769531, 2534.94580078, 787.238037109, 1069.87597656, 161.925735474, 136.725067139, 155.183288574, 102.558067322, 64.7550811768, 69.2419662476, 59.1559638977, 48.6133880615, 61.2816925049, 36.723274231, 29.7327899933, 19.5290260315, 45.8580703735, 27.7489776611, 6.92939949036, 2.16499137878, 0.60174036026, 0.0709731280804, 0.00356940808706, 1.18897378343e-05]}, "gfcc": {"mean": [4.20161533356, 88.8280181885, -65.4571151733, 2.47586727142, -57.4209136963, 14.5632829666, -47.6040077209, 4.80539512634, -23.2324981689, 0.674782037735, -20.5886058807, -4.90426683426, -13.9586210251], "cov": [[4827.33837891, -1989.51745605, 160.024841309, 327.141876221, 177.223327637, -87.0331420898, 197.330627441, -127.546913147, -136.841598511, 60.3389587402, -177.080459595, 118.25693512, -124.364845276], [-1989.51745605, 1918.79101562, -447.371185303, -31.8836917877, 40.5371818542, -13.2611284256, -129.959991455, 92.7058944702, 22.6579589844, -122.86289978, 143.551727295, -64.6968078613, 180.969985962], [160.024841309, -447.371185303, 960.561706543, -141.073516846, 68.4491043091, 139.431915283, 105.487609863, 55.392036438, 155.475112915, 86.9753952026, -26.2814922333, 6.07714080811, -93.4319992065], [327.141876221, -31.8836917877, -141.073516846, 324.754852295, 15.0138235092, -15.7635450363, 51.4801101685, -9.43206119537, -41.9473724365, 10.9869842529, 16.5284900665, 22.0701599121, 22.9006099701], [177.223327637, 40.5371818542, 68.4491043091, 15.0138235092, 227.244750977, 26.4955883026, 29.0162086487, -3.33700060844, 26.0619049072, 12.4051609039, 10.2545919418, 8.4898223877, 13.974316597], [-87.0331420898, -13.2611284256, 139.431915283, -15.7635450363, 26.4955883026, 157.281555176, 39.1267127991, 38.73853302, 37.083152771, 45.1505050659, 10.0411682129, -3.34124159813, -10.3134632111], [197.330627441, -129.959991455, 105.487609863, 51.4801101685, 29.0162086487, 39.1267127991, 168.846435547, 19.7268028259, 35.8650131226, 22.6239376068, -0.230630367994, 17.3651332855, 1.99245333672], [-127.546913147, 92.7058944702, 55.392036438, -9.43206119537, -3.33700060844, 38.73853302, 19.7268028259, 113.75289917, 32.8000488281, 13.6014585495, 9.5666217804, 0.0421329960227, 10.1091651917], [-136.841598511, 22.6579589844, 155.475112915, -41.9473724365, 26.0619049072, 37.083152771, 35.8650131226, 32.8000488281, 129.850097656, 59.1727256775, 10.9777412415, -20.7482433319, -19.9687976837], [60.3389587402, -122.86289978, 86.9753952026, 10.9869842529, 12.4051609039, 45.1505050659, 22.6239376068, 13.6014585495, 59.1727256775, 111.641639709, 26.4718132019, -14.1321573257, -35.9270248413], [-177.080459595, 143.551727295, -26.2814922333, 16.5284900665, 10.2545919418, 10.0411682129, -0.230630367994, 9.5666217804, 10.9777412415, 26.4718132019, 66.6780471802, 13.6956682205, 10.1168680191], [118.25693512, -64.6968078613, 6.07714080811, 22.0701599121, 8.4898223877, -3.34124159813, 17.3651332855, 0.0421329960227, -20.7482433319, -14.1321573257, 13.6956682205, 74.6469345093, 29.213727951], [-124.364845276, 180.969985962, -93.4319992065, 22.9006099701, 13.974316597, -10.3134632111, 1.99245333672, 10.1091651917, -19.9687976837, -35.9270248413, 10.1168680191, 29.213727951, 78.744140625]], "icov": [[0.000474569940707, 0.000461600458948, 9.78162352112e-05, -0.000313893513521, -0.000520922825672, 0.000258444197243, -0.000151992862811, -0.000114057285828, 0.000261214387137, -2.60451524809e-05, 0.000434118352132, -0.00021999963792, 0.000120997843624], [0.000461600458948, 0.00204163533635, 0.000427669554483, -0.000247395946644, -0.000701437122189, -0.00023138175311, 0.000704867299646, -0.000875986763276, -0.00113707268611, 0.00278710364364, -0.00377304805443, 0.00299735367298, -0.00283885933459], [9.78162352112e-05, 0.000427669554483, 0.00194101629313, 0.000503184273839, -0.000515794730745, -0.0009940759046, -0.000410225591622, -0.00048256124137, -0.00177783949766, 0.000722693046555, 0.000248089258093, -0.00100283930078, 0.00158107257448], [-0.000313893513521, -0.000247395946644, 0.000503184273839, 0.00417736917734, 2.7321086236e-05, 0.000252716330579, -0.00155862257816, 2.28957851505e-05, 0.00143869034946, -0.00153101049364, -0.000690335349645, -0.000119194344734, -0.000681039178744], [-0.000520922825672, -0.000701437122189, -0.000515794730745, 2.7321086236e-05, 0.00545627390966, -0.000785661279224, -0.000251498015132, 0.00117770303041, -0.000935841235332, -0.00029745217762, -0.000488606630825, -4.96021602885e-05, -0.00133851077408], [0.000258444197243, -0.00023138175311, -0.0009940759046, 0.000252716330579, -0.000785661279224, 0.00900191161782, -0.0014789737761, -0.00195701560006, 0.00170434743632, -0.00388134899549, 0.00108616857324, -0.000180880160769, -0.000117047216918], [-0.000151992862811, 0.000704867299646, -0.000410225591622, -0.00155862257816, -0.000251498015132, -0.0014789737761, 0.00828758068383, -0.000698851130437, -0.0028409010265, 0.00145325879566, -0.00107845361345, -0.000141922806506, -0.00202866224572], [-0.000114057285828, -0.000875986763276, -0.00048256124137, 2.28957851505e-05, 0.00117770303041, -0.00195701560006, -0.000698851130437, 0.0110550774261, -0.00165132584516, -0.0009341185214, 0.000934028590564, -0.000936883909162, -0.00123043346684], [0.000261214387137, -0.00113707268611, -0.00177783949766, 0.00143869034946, -0.000935841235332, 0.00170434743632, -0.0028409010265, -0.00165132584516, 0.0156146418303, -0.00859559420496, 0.00272868433967, 0.00121753080748, 0.00040681680548], [-2.60451524809e-05, 0.00278710364364, 0.000722693046555, -0.00153101049364, -0.00029745217762, -0.00388134899549, 0.00145325879566, -0.0009341185214, -0.00859559420496, 0.0222022663802, -0.013547655195, 0.00589526630938, 0.0019873410929], [0.000434118352132, -0.00377304805443, 0.000248089258093, -0.000690335349645, -0.000488606630825, 0.00108616857324, -0.00107845361345, 0.000934028590564, 0.00272868433967, -0.013547655195, 0.0311107691377, -0.0130208190531, 0.0053328089416], [-0.00021999963792, 0.00299735367298, -0.00100283930078, -0.000119194344734, -4.96021602885e-05, -0.000180880160769, -0.000141922806506, -0.000936883909162, 0.00121753080748, 0.00589526630938, -0.0130208190531, 0.0254412032664, -0.0130494516343], [0.000120997843624, -0.00283885933459, 0.00158107257448, -0.000681039178744, -0.00133851077408, -0.000117047216918, -0.00202866224572, -0.00123043346684, 0.00040681680548, 0.0019873410929, 0.0053328089416, -0.0130494516343, 0.0270863100886]]}, "melbands": {"dmean": [0.000786335847806, 0.00264502339996, 0.00155301520135, 0.000918705482036, 0.000474624306662, 0.000207285062061, 0.000119918156997, 0.000301697407849, 0.000125015649246, 6.36261320324e-05, 6.11365176155e-05, 5.74748082727e-05, 2.67752766376e-05, 2.31850754062e-05, 2.22589260375e-05, 1.74145206984e-05, 2.49057411565e-05, 1.27302582769e-05, 1.61681218742e-05, 8.02703198133e-06, 5.70987231185e-06, 5.04203217133e-06, 3.51235257767e-06, 3.06988249577e-06, 2.01246712095e-06, 1.66560346315e-06, 1.6387167534e-06, 1.74150602561e-06, 1.67971734299e-06, 1.27823568619e-06, 1.58995521815e-06, 1.87751936664e-06, 1.39184817272e-06, 1.42481735566e-06, 1.57615852459e-06, 1.162460876e-06, 1.46649676935e-06, 2.31756780522e-06, 2.67433847512e-06, 2.31428316511e-06], "dmean2": [0.00124884012621, 0.00433153659105, 0.00267661688849, 0.00153092085384, 0.000757834292017, 0.000326023990056, 0.000187587807886, 0.000502723501995, 0.000197925284738, 9.20826787478e-05, 8.68175920914e-05, 7.82589122537e-05, 4.16381481045e-05, 3.5888831917e-05, 3.46675806213e-05, 2.68958556262e-05, 3.97602634621e-05, 1.78140871867e-05, 2.41231191467e-05, 1.25359856611e-05, 7.93959407019e-06, 7.70213864598e-06, 5.36395464223e-06, 4.29104966315e-06, 2.65342441708e-06, 2.17532374336e-06, 2.49093795901e-06, 2.78040874946e-06, 2.41920156441e-06, 1.9609251467e-06, 2.42203191192e-06, 2.88326236841e-06, 2.03956165024e-06, 2.11134556594e-06, 2.35174002228e-06, 1.67401299223e-06, 2.14474357563e-06, 3.41433656104e-06, 4.0360064304e-06, 3.51759490513e-06], "dvar": [4.45618161393e-06, 4.42760792794e-05, 1.26828153952e-05, 2.94190431305e-06, 4.14564595985e-07, 1.06313429171e-07, 4.60329943053e-08, 2.30716707961e-07, 5.67660620732e-08, 1.81785999587e-08, 2.08350208197e-08, 1.3592249104e-07, 3.45807449342e-09, 3.60562268931e-09, 4.18383550027e-09, 2.36823738398e-09, 5.11728082131e-09, 7.61092244783e-10, 2.54077958672e-09, 3.63820557014e-10, 1.30553914901e-10, 1.03373462568e-10, 4.97237667707e-11, 6.23629481389e-11, 2.41165473008e-11, 1.34794553991e-11, 1.12893800211e-11, 1.93758308009e-11, 1.63908921158e-11, 6.08895746324e-12, 9.97573638278e-12, 1.8417900885e-11, 5.6778219279e-12, 6.27895782243e-12, 9.42187040193e-12, 3.86382028802e-12, 4.87826836218e-12, 1.71308869867e-11, 2.61209491537e-11, 1.78494528186e-11], "dvar2": [1.02407684608e-05, 0.00010862894851, 3.40967199008e-05, 7.74717045715e-06, 1.10528492314e-06, 2.72861313988e-07, 1.10561892086e-07, 5.60348667022e-07, 1.37933312772e-07, 3.39029035956e-08, 3.90406391659e-08, 2.03179098435e-07, 8.19698886545e-09, 8.92138452002e-09, 9.47340605961e-09, 5.52071455218e-09, 1.24619567998e-08, 1.39401745702e-09, 5.03673769359e-09, 7.81273101769e-10, 2.35366115486e-10, 2.12587003556e-10, 1.02884180342e-10, 1.17563903057e-10, 3.75349577808e-11, 2.14663772868e-11, 2.47220421218e-11, 4.82421290415e-11, 3.59344810852e-11, 1.21077731174e-11, 2.12128179605e-11, 4.56165313856e-11, 1.03807674262e-11, 1.34742408203e-11, 2.15877697662e-11, 7.94265868354e-12, 1.00852260571e-11, 3.69965134916e-11, 5.82891235279e-11, 4.08582542799e-11], "max": [0.021286405623, 0.0545606464148, 0.0261759869754, 0.0176114272326, 0.00829249899834, 0.00537079153582, 0.00346363941208, 0.0081162173301, 0.0028135785833, 0.00373540259898, 0.00383831211366, 0.0182626005262, 0.00117272976786, 0.00062359176809, 0.00205213576555, 0.00133488350548, 0.0019534311723, 0.000348665693309, 0.000549864664208, 0.000386669009458, 0.000337342818966, 0.000279379280983, 8.76125341165e-05, 8.85123808985e-05, 5.42075285921e-05, 5.50945260329e-05, 4.01872821385e-05, 4.05770770158e-05, 3.63855542673e-05, 2.16458774958e-05, 2.85921487375e-05, 4.03057129006e-05, 2.17370798055e-05, 2.06077529583e-05, 2.36707619479e-05, 1.70519542735e-05, 1.92017614609e-05, 3.57114113285e-05, 4.17451046815e-05, 3.1361116271e-05], "mean": [0.00114160997327, 0.00314154825173, 0.00188074249309, 0.00137589091901, 0.000978645170107, 0.000381199613912, 0.00022513444128, 0.000515200546943, 0.000213667677599, 0.000131253371364, 0.000123216217617, 0.000126300088596, 5.34672872163e-05, 3.36294142471e-05, 3.40160004271e-05, 2.61224977294e-05, 4.32892302342e-05, 2.13755047298e-05, 2.25233325182e-05, 1.23664713101e-05, 9.23093466554e-06, 8.53063920658e-06, 5.66561993764e-06, 4.65242464998e-06, 3.32961872118e-06, 2.75758088719e-06, 2.64166396846e-06, 2.49706886279e-06, 2.38390907725e-06, 1.97573081095e-06, 2.11313545151e-06, 2.27175587497e-06, 2.16166586142e-06, 1.95207940124e-06, 1.81364316632e-06, 1.51200572418e-06, 1.79341247986e-06, 2.41061275119e-06, 2.65989137915e-06, 2.43311683334e-06], "median": [0.000409404339734, 0.00112087698653, 0.000878302496858, 0.000832846970297, 0.000697865034454, 0.000224745483138, 0.000129699299578, 0.00029402851942, 0.000115657472634, 5.80105188419e-05, 4.23766468884e-05, 1.4436964193e-05, 2.83725712507e-05, 1.64089287864e-05, 1.3082395526e-05, 8.61026092025e-06, 7.71622399043e-06, 6.41339011054e-06, 5.72000135435e-06, 3.73748889615e-06, 3.21225388689e-06, 3.03104002342e-06, 1.80847428055e-06, 7.20433035895e-07, 4.53528059552e-07, 5.08391167386e-07, 6.13535235061e-07, 3.67072544805e-07, 2.92773165711e-07, 3.07377320041e-07, 3.43525954349e-07, 4.175506092e-07, 4.27240223644e-07, 3.13884896741e-07, 2.85034161607e-07, 5.27570819031e-07, 5.76250272388e-07, 6.75454259635e-07, 6.88382954195e-07, 6.41679719138e-07], "min": [4.30815314182e-15, 3.45825955254e-15, 1.20491732707e-14, 2.80841447781e-14, 2.54206428992e-14, 8.57842273507e-15, 3.75460059365e-15, 1.3356681492e-15, 3.50721001008e-15, 2.26028116173e-15, 9.58336041139e-16, 3.64507372785e-15, 3.2126060218e-15, 5.67433935871e-15, 1.55809186489e-14, 1.24252770751e-14, 4.48797146026e-15, 1.75367685461e-14, 3.73812173706e-14, 1.74992453254e-13, 2.24067387366e-13, 4.19192878651e-14, 4.95551170899e-14, 4.17807234393e-14, 4.52249830196e-14, 4.28115151023e-14, 1.68652730128e-14, 2.37250269344e-13, 2.09838087661e-13, 4.29427713278e-14, 2.88828511075e-14, 2.4619681768e-14, 1.62729428728e-14, 8.91968722732e-15, 4.095322646e-14, 9.93874036889e-14, 4.14978686451e-14, 1.18224056101e-14, 1.09222018636e-14, 1.94358774002e-14], "var": [5.39295160706e-06, 4.30422878708e-05, 9.96297694655e-06, 2.93952007269e-06, 9.40415418427e-07, 2.23047152303e-07, 8.80506831891e-08, 4.59088312255e-07, 9.32708346113e-08, 5.37276285684e-08, 7.5794083898e-08, 6.62328091039e-07, 6.55162857299e-09, 3.70788422188e-09, 8.56745963063e-09, 4.59623361593e-09, 1.24513714894e-08, 1.72958913858e-09, 3.52401374748e-09, 6.70415500892e-10, 3.14165332638e-10, 2.40016867492e-10, 1.04118727529e-10, 1.35784938848e-10, 6.45430028867e-11, 3.75700061339e-11, 2.53532316669e-11, 3.34302273364e-11, 2.81392513457e-11, 1.43058447033e-11, 1.85902369887e-11, 2.37578012818e-11, 1.42237532516e-11, 1.09910951868e-11, 1.21423192681e-11, 6.19335832619e-12, 8.04622948131e-12, 2.05129958158e-11, 2.80155031118e-11, 1.95898210847e-11]}, "mfcc": {"mean": [-661.877319336, 140.106277466, 38.6397781372, 0.166865289211, 14.170583725, 1.2464966774, -5.25287389755, -4.46678972244, 0.649403452873, -1.25341677666, -1.7386931181, -1.61490404606, -1.97982215881], "cov": [[4487.47558594, -1710.99694824, -368.2706604, 440.159301758, -152.819519043, 178.855621338, 99.0958557129, 33.5715675354, -20.379901886, -97.1025695801, -31.3390922546, -114.583854675, -82.8980789185], [-1710.99694824, 1431.85839844, -117.705505371, -123.554740906, 190.181015015, -134.78276062, -14.9143857956, 14.7848730087, 20.5955734253, 13.0780057907, -66.9968643188, 34.447177887, 38.1591873169], [-368.2706604, -117.705505371, 665.776611328, -99.2869644165, 35.3054122925, 57.1257743835, -4.23227787018, 44.5966415405, 75.7908172607, 87.2687759399, 120.133224487, 50.1517524719, 36.7252731323], [440.159301758, -123.554740906, -99.2869644165, 272.185180664, -18.6130771637, 37.1563987732, 41.6788787842, 15.0248861313, -1.82129573822, -21.0461235046, -20.9865074158, -1.32716155052, 9.859126091], [-152.819519043, 190.181015015, 35.3054122925, -18.6130771637, 190.061737061, 14.854174614, 5.06753206253, 0.697932064533, 16.3131980896, 17.469833374, 6.09412193298, 18.9348106384, 12.3441419601], [178.855621338, -134.78276062, 57.1257743835, 37.1563987732, 14.854174614, 145.091918945, 36.8044395447, 7.52120113373, 13.9816379547, 21.5236244202, 45.2775878906, 10.1951522827, -1.7888982296], [99.0958557129, -14.9143857956, -4.23227787018, 41.6788787842, 5.06753206253, 36.8044395447, 106.175331116, 39.0285072327, 11.1202554703, 1.92854773998, -0.185360625386, -1.30189156532, 6.43895196915], [33.5715675354, 14.7848730087, 44.5966415405, 15.0248861313, 0.697932064533, 7.52120113373, 39.0285072327, 91.2419586182, 40.965801239, -8.11425971985, -11.6998643875, -3.65319275856, 12.7690343857], [-20.379901886, 20.5955734253, 75.7908172607, -1.82129573822, 16.3131980896, 13.9816379547, 11.1202554703, 40.965801239, 90.1539764404, 41.2117271423, 21.6415042877, 6.99037599564, 6.58597707748], [-97.1025695801, 13.0780057907, 87.2687759399, -21.0461235046, 17.469833374, 21.5236244202, 1.92854773998, -8.11425971985, 41.2117271423, 110.095039368, 77.9217834473, 6.94913673401, -10.0333118439], [-31.3390922546, -66.9968643188, 120.133224487, -20.9865074158, 6.09412193298, 45.2775878906, -0.185360625386, -11.6998643875, 21.6415042877, 77.9217834473, 121.517028809, 31.8773117065, 0.577695608139], [-114.583854675, 34.447177887, 50.1517524719, -1.32716155052, 18.9348106384, 10.1951522827, -1.30189156532, -3.65319275856, 6.99037599564, 6.94913673401, 31.8773117065, 77.1245193481, 37.5171089172], [-82.8980789185, 38.1591873169, 36.7252731323, 9.859126091, 12.3441419601, -1.7888982296, 6.43895196915, 12.7690343857, 6.58597707748, -10.0333118439, 0.577695608139, 37.5171089172, 66.7720565796]], "icov": [[0.000590031268075, 0.000741807511076, 0.000421176431701, -0.000460410665255, -0.000427328574006, 1.69766499312e-05, -0.000108421729237, -0.000287280185148, -0.000308987102471, 0.000279663508991, -0.000160272829817, 0.000334211392328, 0.000175878594746], [0.000741807511076, 0.00196602684446, 0.000815742474515, -0.000143604062032, -0.00150771765038, 0.000814358878415, -0.000216533037019, -0.000736015092116, -0.00035022557131, -0.000500586116686, 0.000580938765779, -0.000198598470888, -0.000101990422991], [0.000421176431701, 0.000815742474515, 0.0026029907167, 0.000531903817318, -0.000670665642247, -0.000282896537101, 0.000454494846053, -0.00149780430365, -0.000893085321877, -0.000288952287519, -0.00156997819431, -3.21416810038e-05, -0.00101817620452], [-0.000460410665255, -0.000143604062032, 0.000531903817318, 0.00496208947152, 0.000423580000643, -0.00100502627902, -0.00107238488272, -9.70726905507e-05, -5.12279511895e-05, -0.000432739208918, 0.000931704125833, -0.000624596548732, -0.00121510704048], [-0.000427328574006, -0.00150771765038, -0.000670665642247, 0.000423580000643, 0.00692305248231, -0.00153243518434, -0.000113554233394, 0.00101499492303, -0.000390028930269, -0.000844572961796, 0.00102140998933, -0.00111581105739, -0.000336970813805], [1.69766499312e-05, 0.000814358878415, -0.000282896537101, -0.00100502627902, -0.00153243518434, 0.00999018736184, -0.00313457264565, 0.000632433919236, -0.000971523870248, 0.00148156611249, -0.00378291751258, -0.000109865432023, 0.00100486155134], [-0.000108421729237, -0.000216533037019, 0.000454494846053, -0.00107238488272, -0.000113554233394, -0.00313457264565, 0.0132085643709, -0.00634690839797, 0.00224473816343, -0.00218000169843, 0.000791167491116, 4.43386743427e-05, -0.000806205032859], [-0.000287280185148, -0.000736015092116, -0.00149780430365, -9.70726905507e-05, 0.00101499492303, 0.000632433919236, -0.00634690839797, 0.0199106950313, -0.00978181511164, 0.00552126485854, 7.27241422283e-05, 0.00283832289279, -0.00226507917978], [-0.000308987102471, -0.00035022557131, -0.000893085321877, -5.12279511895e-05, -0.000390028930269, -0.000971523870248, 0.00224473816343, -0.00978181511164, 0.0201118811965, -0.0097942315042, 0.00328958081082, -0.00207770126872, -0.000300950079691], [0.000279663508991, -0.000500586116686, -0.000288952287519, -0.000432739208918, -0.000844572961796, 0.00148156611249, -0.00218000169843, 0.00552126485854, -0.0097942315042, 0.0238746721298, -0.0148289343342, 0.00487647205591, 0.00214816676453], [-0.000160272829817, 0.000580938765779, -0.00156997819431, 0.000931704125833, 0.00102140998933, -0.00378291751258, 0.000791167491116, 7.27241422283e-05, 0.00328958081082, -0.0148289343342, 0.0227100327611, -0.00841583684087, 0.00179399864282], [0.000334211392328, -0.000198598470888, -3.21416810038e-05, -0.000624596548732, -0.00111581105739, -0.000109865432023, 4.43386743427e-05, 0.00283832289279, -0.00207770126872, 0.00487647205591, -0.00841583684087, 0.0228128284216, -0.0115127116442], [0.000175878594746, -0.000101990422991, -0.00101817620452, -0.00121510704048, -0.000336970813805, 0.00100486155134, -0.000806205032859, -0.00226507917978, -0.000300950079691, 0.00214816676453, 0.00179399864282, -0.0115127116442, 0.0233980864286]]}, "spectral_contrast_coeffs": {"dmean": [0.051619399339, 0.0466989688575, 0.0386440604925, 0.0326731987298, 0.0235913842916, 0.021114077419], "dmean2": [0.0815581306815, 0.0765430256724, 0.0607125870883, 0.051864888519, 0.0367745049298, 0.0319200232625], "dvar": [0.00216644559987, 0.00155894213822, 0.00114112219308, 0.000761087576393, 0.000472047977382, 0.000337042292813], "dvar2": [0.00524067040533, 0.00401518074796, 0.00267807813361, 0.00177740317304, 0.00098625337705, 0.000781062932219], "max": [-0.308118402958, -0.494016349316, -0.463643878698, -0.568204760551, -0.641119360924, -0.714609742165], "mean": [-0.594085991383, -0.692771792412, -0.739701807499, -0.771044135094, -0.807045936584, -0.833398759365], "median": [-0.599577307701, -0.692493915558, -0.745992660522, -0.777623176575, -0.81622171402, -0.838455796242], "min": [-0.918261170387, -0.939711213112, -0.974170804024, -0.980154573917, -0.907802283764, -0.91802239418], "var": [0.00676573207602, 0.00433380203322, 0.0046813134104, 0.00298154773191, 0.00214692740701, 0.00131352269091]}, "spectral_contrast_valleys": {"dmean": [0.395748913288, 0.423133909702, 0.404354393482, 0.407366931438, 0.480899333954, 0.633493363857], "dmean2": [0.63291823864, 0.696125328541, 0.629108011723, 0.583971738815, 0.647776424885, 0.756719410419], "dvar": [0.188863545656, 0.228758186102, 0.218138188124, 0.215528041124, 0.283638477325, 0.301816910505], "dvar2": [0.37686663866, 0.488999515772, 0.428500473499, 0.37911605835, 0.485830873251, 0.462512820959], "max": [-5.23389816284, -4.5894699