{"lowlevel": {"average_loudness": 0.0500922203064, "barkbands_crest": {"dmean": 2.56424617767, "dmean2": 4.08724403381, "dvar": 5.31560754776, "dvar2": 13.0986652374, "max": 25.338104248, "mean": 13.0807495117, "median": 12.3037967682, "min": 4.24360847473, "var": 21.3442134857}, "barkbands_flatness_db": {"dmean": 0.0217578411102, "dmean2": 0.0321152321994, "dvar": 0.000405373895774, "dvar2": 0.00084834889276, "max": 0.493383318186, "mean": 0.266023278236, "median": 0.26323568821, "min": 0.0848135575652, "var": 0.00350886536762}, "barkbands_kurtosis": {"dmean": 4.2755689621, "dmean2": 6.85661792755, "dvar": 44.9978256226, "dvar2": 109.257026672, "max": 107.113632202, "mean": 7.39018106461, "median": 3.54558062553, "min": -1.95607817173, "var": 131.707260132}, "barkbands_skewness": {"dmean": 0.605263471603, "dmean2": 0.94728577137, "dvar": 0.354537248611, "dvar2": 0.828829705715, "max": 7.55647850037, "mean": 1.27267301083, "median": 1.17987990379, "min": -9.11293888092, "var": 2.44020652771}, "barkbands_spread": {"dmean": 1.74553382397, "dmean2": 2.70692396164, "dvar": 4.83948278427, "dvar2": 11.0434713364, "max": 134.322875977, "mean": 7.16733264923, "median": 6.04666423798, "min": 0.459804922342, "var": 76.0152587891}, "dissonance": {"dmean": 0.0467508248985, "dmean2": 0.0793724879622, "dvar": 0.00167609541677, "dvar2": 0.00473847566172, "max": 0.500000119209, "mean": 0.393156886101, "median": 0.404134243727, "min": 0.103225067258, "var": 0.00425645289943}, "dynamic_complexity": 6.8289604187, "erbbands_crest": {"dmean": 3.26010322571, "dmean2": 5.15986871719, "dvar": 8.93497753143, "dvar2": 22.7254695892, "max": 32.5583152771, "mean": 14.0916452408, "median": 13.1328983307, "min": 2.73521447182, "var": 30.6461639404}, "erbbands_flatness_db": {"dmean": 0.0194821041077, "dmean2": 0.0289145596325, "dvar": 0.000281838641968, "dvar2": 0.000676930125337, "max": 0.486406415701, "mean": 0.261678367853, "median": 0.252390414476, "min": 0.0366186536849, "var": 0.004260212183}, "erbbands_kurtosis": {"dmean": 2.19459033012, "dmean2": 3.45193362236, "dvar": 13.1209468842, "dvar2": 30.629108429, "max": 101.184173584, "mean": 3.14779686928, "median": 1.51362895966, "min": -1.6953971386, "var": 38.7259597778}, "erbbands_skewness": {"dmean": 0.478127896786, "dmean2": 0.733666360378, "dvar": 0.194200396538, "dvar2": 0.464455157518, "max": 7.54305791855, "mean": 0.660660743713, "median": 0.673411607742, "min": -4.30789375305, "var": 1.35073435307}, "erbbands_spread": {"dmean": 3.78219008446, "dmean2": 5.94262266159, "dvar": 14.1452732086, "dvar2": 35.4269332886, "max": 158.759674072, "mean": 15.52891922, "median": 13.9390888214, "min": 0.709191322327, "var": 125.230407715}, "hfc": {"dmean": 2.04950046539, "dmean2": 2.87960934639, "dvar": 17.8302612305, "dvar2": 38.4363632202, "max": 155.414245605, "mean": 7.73981952667, "median": 3.08451652527, "min": 1.22774196391e-16, "var": 147.161941528}, "melbands_crest": {"dmean": 3.11411142349, "dmean2": 4.97382307053, "dvar": 7.8992972374, "dvar2": 19.272813797, "max": 33.3478240967, "mean": 16.5191574097, "median": 15.8636684418, "min": 1.84798395634, "var": 30.7040328979}, "melbands_flatness_db": {"dmean": 0.0245341900736, "dmean2": 0.036364171654, "dvar": 0.000554048165213, "dvar2": 0.00110154598951, "max": 0.655559241772, "mean": 0.387101113796, "median": 0.386730015278, "min": 0.00724135898054, "var": 0.006577427499}, "melbands_kurtosis": {"dmean": 5.38158941269, "dmean2": 8.54609870911, "dvar": 72.3003616333, "dvar2": 178.284851074, "max": 166.638870239, "mean": 9.47517204285, "median": 4.43061447144, "min": -1.88797819614, "var": 218.910308838}, "melbands_skewness": {"dmean": 0.655787527561, "dmean2": 1.00793159008, "dvar": 0.397428572178, "dvar2": 0.94126367569, "max": 9.29783630371, "mean": 1.82031202316, "median": 1.57713627815, "min": -2.7765827179, "var": 2.22874069214}, "melbands_spread": {"dmean": 2.35451698303, "dmean2": 3.6348233223, "dvar": 11.6433897018, "dvar2": 25.1618213654, "max": 200.423812866, "mean": 9.75202941895, "median": 7.24694252014, "min": 0.377500087023, "var": 241.299713135}, "pitch_salience": {"dmean": 0.0706133320928, "dmean2": 0.112705431879, "dvar": 0.00402352120727, "dvar2": 0.010124694556, "max": 0.877908885479, "mean": 0.489100903273, "median": 0.490944683552, "min": 0.0977951958776, "var": 0.0171095523983}, "silence_rate_20dB": {"dmean": 0.00299209239893, "dmean2": 0.00598546396941, "dvar": 0.0029831933789, "dvar2": 0.00723244575784, "max": 1, "mean": 0.99722224474, "median": 1, "min": 0, "var": 0.0027699994389}, "silence_rate_30dB": {"dmean": 0.0115409279242, "dmean2": 0.0230867899954, "dvar": 0.0114079676569, "dvar2": 0.0255472920835, "max": 1, "mean": 0.967094004154, "median": 1, "min": 0, "var": 0.0318236202002}, "silence_rate_60dB": {"dmean": 0.0384697578847, "dmean2": 0.0769559666514, "dvar": 0.0369900204241, "dvar2": 0.0821481347084, "max": 1, "mean": 0.201068371534, "median": 0, "min": 0, "var": 0.160638138652}, "spectral_centroid": {"dmean": 70.3707809448, "dmean2": 106.359558105, "dvar": 18687.9453125, "dvar2": 28195.0488281, "max": 11023.9482422, "mean": 507.187347412, "median": 448.294921875, "min": 119.950332642, "var": 178090.078125}, "spectral_complexity": {"dmean": 1.22718524933, "dmean2": 2.03591275215, "dvar": 1.41814506054, "dvar2": 3.27614927292, "max": 30, "mean": 7.15747880936, "median": 7, "min": 0, "var": 13.55057621}, "spectral_decrease": {"dmean": 1.86679227632e-09, "dmean2": 2.74364264641e-09, "dvar": 2.18892338725e-17, "dvar2": 5.33216835592e-17, "max": 1.36691339468e-15, "mean": -5.93868998422e-09, "median": -2.63708321846e-09, "min": -1.10919202712e-07, "var": 1.04049977227e-16}, "spectral_energy": {"dmean": 0.00720989750698, "dmean2": 0.0105797406286, "dvar": 0.000322172709275, "dvar2": 0.000783686991781, "max": 0.425598442554, "mean": 0.02311594598, "median": 0.0102238766849, "min": 1.07833809202e-20, "var": 0.00155572523363}, "spectral_energyband_high": {"dmean": 2.61901755039e-06, "dmean2": 3.71512805941e-06, "dvar": 9.7071704841e-11, "dvar2": 1.38252964632e-10, "max": 0.00059362972388, "mean": 6.43334124106e-06, "median": 1.84080568033e-06, "min": 8.10855508462e-21, "var": 6.86239343128e-10}, "spectral_energyband_low": {"dmean": 0.00425601936877, "dmean2": 0.00630205404013, "dvar": 0.000192414852791, "dvar2": 0.000463892822154, "max": 0.35932970047, "mean": 0.00917584076524, "median": 0.00197248207405, "min": 2.35923731623e-23, "var": 0.000595715129748}, "spectral_energyband_middle_high": {"dmean": 0.000912502873689, "dmean2": 0.00127430516295, "dvar": 5.84851886742e-06, "dvar2": 1.17006602522e-05, "max": 0.0746332108974, "mean": 0.00270399125293, "median": 0.000327989051584, "min": 1.45586968497e-21, "var": 3.62640384992e-05}, "spectral_energyband_middle_low": {"dmean": 0.0040448368527, "dmean2": 0.00611961865798, "dvar": 0.000122738390928, "dvar2": 0.000304418848827, "max": 0.345466256142, "mean": 0.0120336683467, "median": 0.00452690664679, "min": 2.74743920712e-22, "var": 0.000505433301441}, "spectral_entropy": {"dmean": 0.185184821486, "dmean2": 0.27735722065, "dvar": 0.0289566554129, "dvar2": 0.0608008354902, "max": 9.80101013184, "mean": 6.13945484161, "median": 6.15601587296, "min": 4.10825490952, "var": 0.398319333792}, "spectral_flux": {"dmean": 0.0158740021288, "dmean2": 0.0262630935758, "dvar": 0.000518012559041, "dvar2": 0.00140089273918, "max": 0.477734208107, "mean": 0.0487454496324, "median": 0.0382834374905, "min": 1.03843059152e-10, "var": 0.00181350158527}, "spectral_kurtosis": {"dmean": 8.46343517303, "dmean2": 14.2351398468, "dvar": 78.0456390381, "dvar2": 212.711425781, "max": 177.503448486, "mean": 34.8774795532, "median": 26.1827316284, "min": -1.18640303612, "var": 625.78527832}, "spectral_rms": {"dmean": 0.00060940667754, "dmean2": 0.000862563028932, "dvar": 6.81171229644e-07, "dvar2": 1.47285572893e-06, "max": 0.0203768983483, "mean": 0.00382755347528, "median": 0.00315824523568, "min": 3.24351222963e-12, "var": 7.90189551481e-06}, "spectral_rolloff": {"dmean": 117.9739151, "dmean2": 209.750305176, "dvar": 247756.59375, "dvar2": 517644.8125, "max": 19745.9472656, "mean": 888.840087891, "median": 538.330078125, "min": 86.1328125, "var": 6204193.5}, "spectral_skewness": {"dmean": 0.582703471184, "dmean2": 0.968548774719, "dvar": 0.285762578249, "dvar2": 0.768796384335, "max": 11.7589330673, "mean": 4.28473949432, "median": 3.95690536499, "min": 0.0232594460249, "var": 2.58524036407}, "spectral_spread": {"dmean": 270235.71875, "dmean2": 450164.71875, "dvar": 221669523456, "dvar2": 350578114560, "max": 39568516, "mean": 2295550, "median": 2081027.5, "min": 538269.625, "var": 4031333793790.0}, "spectral_strongpeak": {"dmean": 0.343338578939, "dmean2": 0.561582863331, "dvar": 0.417335063219, "dvar2": 1.0476975441, "max": 8.75693893433, "mean": 0.911222040653, "median": 0.503823399544, "min": 0, "var": 1.2824293375}, "zerocrossingrate": {"dmean": 0.00364869972691, "dmean2": 0.00461748288944, "dvar": 0.000109288332169, "dvar2": 0.000173088454176, "max": 0.73681640625, "mean": 0.0324888564646, "median": 0.02099609375, "min": 0.00341796875, "var": 0.00679183844477}, "barkbands": {"dmean": [0.000208737663343, 0.00169928313699, 0.00265118433163, 0.000726142432541, 0.00240281852894, 0.00116429117043, 0.000481962459162, 0.000597974052653, 0.000322153588058, 0.000387303327443, 0.000433451641584, 0.00026567504392, 8.19691704237e-05, 5.53577774554e-05, 1.86389443115e-05, 1.11238141471e-05, 9.21889386518e-06, 6.20905393589e-06, 4.41065913037e-06, 3.51643279828e-06, 9.59841713666e-07, 5.28926875631e-07, 3.80053478466e-07, 1.38221224688e-07, 9.54876426817e-08, 4.19180032907e-08, 1.13939201185e-07], "dmean2": [0.000384662911529, 0.00258346879855, 0.00399022176862, 0.00116681144573, 0.00386993098073, 0.00185929879081, 0.000738577160519, 0.000847661984153, 0.000495304819196, 0.000580180319957, 0.000591301533859, 0.000371068716049, 0.000126675789943, 7.72147395764e-05, 2.94921974273e-05, 1.69105514942e-05, 1.44512323459e-05, 9.90998614725e-06, 7.25725885786e-06, 5.83746441407e-06, 1.45728301959e-06, 8.29993894058e-07, 5.93605932409e-07, 1.85842949918e-07, 1.25927385852e-07, 6.11737362988e-08, 1.91392118154e-07], "dvar": [7.3945159329e-08, 2.97125043289e-05, 0.000111132379971, 5.89864384892e-06, 7.85136071499e-05, 2.79371397482e-05, 1.82391750059e-06, 3.36042558047e-06, 1.50553626099e-06, 1.74513786533e-06, 2.46300373874e-06, 1.37789379551e-06, 3.70423748564e-07, 6.60927952367e-08, 5.57473756047e-09, 1.10495668171e-09, 1.56915458405e-09, 9.78434666621e-10, 2.90720475471e-10, 2.19786924771e-10, 1.39873581467e-11, 7.64219243443e-12, 6.20984643915e-12, 7.64867010873e-13, 4.48681917358e-13, 2.94764890664e-14, 1.70185063551e-14], "dvar2": [2.28470369734e-07, 7.04841440893e-05, 0.000265997572569, 1.68984188349e-05, 0.000220889458433, 7.14602792868e-05, 4.35943593402e-06, 6.85183522364e-06, 3.68124574379e-06, 3.73802231479e-06, 4.96218626722e-06, 2.53920666182e-06, 8.85844372078e-07, 1.26319505966e-07, 1.33117534773e-08, 2.43056019755e-09, 3.56465434947e-09, 2.24936158588e-09, 7.79348197089e-10, 6.14863437942e-10, 3.01292706062e-11, 1.68943782575e-11, 1.36458240541e-11, 8.52468052745e-13, 5.76163249055e-13, 4.11002374983e-14, 4.26543532211e-14], "max": [0.00259616412222, 0.17096632719, 0.311432182789, 0.0580401308835, 0.246501237154, 0.223254129291, 0.0441884882748, 0.0531004704535, 0.0306750070304, 0.0341821052134, 0.056278437376, 0.0362196937203, 0.02369165048, 0.0120627982542, 0.00321059767157, 0.000762494688388, 0.00209624855779, 0.00127156544477, 0.000386547559174, 0.000416735507315, 0.000123878751765, 0.000147318307427, 0.000127137827803, 6.28025081824e-05, 4.54375476693e-05, 1.23202489704e-05, 5.76839465793e-06], "mean": [0.000225301177124, 0.00334933120757, 0.00505478540435, 0.00118131062482, 0.00557302730158, 0.00195677601732, 0.000948098662775, 0.00121906481218, 0.000629820453469, 0.00099073536694, 0.000912273011636, 0.000682552868966, 0.000171510779182, 0.000124767931993, 3.25682049152e-05, 1.86559009308e-05, 1.79676681e-05, 9.97230381472e-06, 7.28145641915e-06, 5.44731665286e-06, 1.73753346644e-06, 9.97808911052e-07, 6.6422302325e-07, 3.26685210439e-07, 2.66371699809e-07, 1.88100571563e-07, 5.82506856972e-07], "median": [0.000136293936521, 0.000542730791494, 0.000529089011252, 0.000210874539334, 0.000773562700488, 0.000287255621515, 0.000200802474865, 0.000166923331562, 8.36927065393e-05, 4.2601604946e-05, 4.81799797853e-05, 2.79785763269e-05, 1.03798811324e-05, 1.18428033602e-05, 6.90903698342e-06, 4.00998851546e-06, 4.14040823671e-06, 1.6311306581e-06, 1.26671011458e-06, 7.90334297562e-07, 2.66707161245e-07, 1.30198543502e-07, 8.74691181707e-08, 8.8172470214e-08, 1.14905624571e-07, 1.44542227076e-07, 5.35642811883e-07], "min": [9.06012666103e-24, 6.34600614598e-24, 6.24396343801e-24, 1.40692253818e-23, 5.03370502791e-23, 5.28563217561e-23, 6.74197890054e-23, 1.84554292766e-23, 4.21863563906e-23, 9.76227991985e-23, 6.17371316559e-23, 7.06959094122e-23, 9.47125209252e-23, 1.04843236753e-22, 1.3570883962e-22, 9.34421393235e-23, 1.50394678128e-22, 9.91126040388e-23, 3.20582393861e-22, 4.58046568901e-22, 4.37062162003e-22, 3.20714998223e-22, 6.29960690948e-22, 9.61077041087e-22, 1.37200637438e-21, 1.99076847165e-21, 2.37327245809e-21], "var": [7.4712701803e-08, 9.86021841527e-05, 0.000318741775118, 1.04530199678e-05, 0.000196207358385, 4.89504272991e-05, 7.12376277079e-06, 1.30713724502e-05, 4.17238561568e-06, 6.08346636e-06, 8.81124014995e-06, 1.01484338302e-05, 6.822162959e-07, 2.04829262884e-07, 1.16265184147e-08, 3.09778913632e-09, 3.652210534e-09, 1.90033611069e-09, 5.45222200721e-10, 4.45350700762e-10, 3.9598772178e-11, 3.26037703779e-11, 2.29518990619e-11, 5.70875811901e-12, 3.03276197558e-12, 2.32034606373e-13, 1.47293757594e-13]}, "erbbands": {"dmean": [0.0193414837122, 0.516904830933, 2.9251203537, 2.29392123222, 5.23074626923, 8.58361625671, 8.64174938202, 10.3452033997, 7.81146335602, 8.53848457336, 12.2094430923, 7.86565065384, 11.411863327, 11.4030704498, 16.1942825317, 8.9019203186, 4.03703069687, 3.03982043266, 1.36667943001, 0.788805782795, 0.508923709393, 0.464386194944, 0.388664603233, 0.279407769442, 0.207449093461, 0.121041223407, 0.0487116649747, 0.0328775420785, 0.0187745597214, 0.0182381980121, 0.00885519199073, 0.00374662992544, 0.00200926070102, 0.0011314151343, 0.000745572033338, 0.000253773177974, 7.69594553276e-05, 2.57775718637e-05, 1.63553868333e-05, 8.82753465703e-06], "dmean2": [0.0299690254033, 0.783279240131, 4.39861536026, 3.4522550106, 8.35768508911, 14.0277166367, 13.7211608887, 16.7464847565, 12.1624088287, 11.6838979721, 18.5856819153, 11.6227684021, 16.8588981628, 17.2085094452, 21.1747131348, 12.7227783203, 6.19802188873, 4.2132267952, 2.06635475159, 1.20529162884, 0.768527209759, 0.720647990704, 0.609397530556, 0.45544052124, 0.343313157558, 0.196436330676, 0.0742177814245, 0.0521505177021, 0.0303511470556, 0.0294732023031, 0.0135514130816, 0.00525632407516, 0.00271859113127, 0.00151074444875, 0.00103030051105, 0.000370468216715, 0.000114838512673, 4.12242770835e-05, 2.71027911367e-05, 1.32028990265e-05], "dvar": [0.00498184142634, 2.57274508476, 120.597244263, 56.428188324, 392.56338501, 1196.76281738, 819.452758789, 2947.15527344, 569.51184082, 542.703186035, 2086.88720703, 882.885559082, 1614.32116699, 2570.37304688, 3357.4765625, 1364.77490234, 678.895141602, 165.220458984, 53.2239646912, 7.87207984924, 2.10808873177, 5.29759025574, 4.2311000824, 1.32514715195, 0.813542544842, 0.184857726097, 0.0257355645299, 0.0202820189297, 0.0119510376826, 0.00985864177346, 0.00411020545289, 0.00067965593189, 0.000199629270355, 6.00594576099e-05, 3.10620453092e-05, 1.67262112427e-06, 7.52345954425e-08, 3.00088687233e-09, 4.08584527323e-10, 3.7550620946e-10], "dvar2": [0.0100313657895, 6.2568116188, 299.160064697, 133.826705933, 953.490478516, 3640.12182617, 2075.75805664, 7452.45507812, 1442.54052734, 913.463562012, 4930.87792969, 1973.79602051, 3464.44580078, 6191.77685547, 5775.11181641, 2936.9387207, 1658.4543457, 343.371704102, 100.217597961, 18.9238567352, 4.36408853531, 11.8709011078, 9.52465057373, 3.50632190704, 2.24441504478, 0.484598845243, 0.0542550347745, 0.047092076391, 0.0300330128521, 0.0239554308355, 0.00825522001833, 0.000946043408476, 0.000271355587756, 8.05803356343e-05, 4.41472111561e-05, 2.47868729275e-06, 1.05179864818e-07, 4.75368544528e-09, 9.48583878113e-10, 8.94416318786e-10], "max": [2.60112166405, 44.8336334229, 303.831512451, 215.184020996, 568.197753906, 872.487243652, 700.897460938, 2280.92871094, 627.397644043, 1000.33874512, 1147.58984375, 799.619567871, 1009.50958252, 2375.70751953, 2060.51000977, 1148.68933105, 922.765014648, 511.877838135, 439.832275391, 130.618209839, 33.5360450745, 141.531799316, 84.734992981, 31.1425075531, 23.541891098, 13.7135877609, 6.13434934616, 4.32250738144, 5.86905527115, 3.82607531548, 4.00154447556, 1.88530433178, 0.947467625141, 0.548410773277, 0.348657429218, 0.082139827311, 0.0214778482914, 0.0037516807206, 0.00103692058474, 0.000492568069603], "mean": [0.0401798784733, 1.00852692127, 5.51332807541, 4.82016611099, 9.78791236877, 19.5947971344, 19.6190452576, 16.9164505005, 14.5062446594, 19.9417572021, 23.234752655, 16.6959896088, 31.7416496277, 23.4485721588, 43.2337112427, 21.6626186371, 9.29227638245, 6.80416965485, 2.87892985344, 1.53468334675, 0.991284608841, 0.892266571522, 0.659829139709, 0.475032448769, 0.33500751853, 0.203458234668, 0.0917965769768, 0.0592682212591, 0.0349371917546, 0.030325813219, 0.0170165318996, 0.00832987204194, 0.00504244863987, 0.00297851068899, 0.00199649389833, 0.000840056047309, 0.000347793480614, 0.000134763395181, 9.12007235456e-05, 3.64376428479e-05], "median": [0.012974624522, 0.143148630857, 0.732933402061, 1.02700889111, 1.78860521317, 2.66083526611, 1.91579461098, 2.51639914513, 2.92505168915, 3.66892504692, 4.52593135834, 3.02832889557, 1.73577880859, 1.83808660507, 1.78935599327, 1.37503051758, 0.732599496841, 0.764598190784, 0.673843979836, 0.427427738905, 0.275750041008, 0.221494972706, 0.121735945344, 0.0855204537511, 0.0549047812819, 0.0327237173915, 0.0160902962089, 0.0086412448436, 0.00507196830586, 0.00346194114536, 0.00238461629488, 0.00182601239067, 0.00151490233839, 0.00120521429926, 0.000871488009579, 0.000535078812391, 0.000280500738882, 0.000120229749882, 8.42483495944e-05, 2.32148286159e-05], "min": [5.06283961751e-22, 3.52040500687e-22, 3.83209836459e-21, 2.70602056133e-20, 1.00525056183e-19, 1.34086481358e-19, 4.17171662287e-19, 4.51095037141e-19, 7.82442549123e-19, 8.33363218945e-19, 3.52926456965e-19, 6.4192420859e-19, 2.88654476841e-18, 3.19767159182e-18, 2.42723722365e-18, 3.04001117386e-18, 4.90487704356e-18, 3.91518439197e-18, 6.09598072969e-18, 6.95108571896e-18, 5.58821342914e-18, 8.31307995655e-18, 6.17759905432e-18, 6.06986126108e-18, 2.38283718758e-17, 2.12056518142e-17, 1.79735494498e-17, 1.68422889723e-17, 1.08089469081e-17, 1.58451707203e-17, 1.77712872464e-17, 2.08646449524e-17, 1.50617314186e-17, 1.21570676724e-17, 1.13501455403e-17, 5.78945489164e-18, 4.56767686686e-18, 1.38303740219e-18, 3.12777901766e-19, 3.77550305482e-20], "var": [0.017436331138, 8.15386390686, 304.444946289, 190.987960815, 1167.85168457, 2441.77832031, 2370.49365234, 4702.22509766, 1482.39074707, 3364.96411133, 4850.35253906, 2886.5144043, 6434.55664062, 4974.68066406, 20303.609375, 6470.88671875, 1462.56384277, 489.909088135, 121.749504089, 19.5743503571, 6.18460226059, 10.1768131256, 7.63325500488, 2.49108672142, 1.66402316093, 0.465868145227, 0.104444459081, 0.0538393072784, 0.0387837961316, 0.0263018533587, 0.0185218192637, 0.00430762255564, 0.00132518727332, 0.000408041174524, 0.000180083050509, 1.08718695628e-05, 5.45755312942e-07, 2.72755684705e-08, 4.02103683683e-09, 2.21571827552e-09]}, "gfcc": {"mean": [-163.918045044, 164.990280151, -79.6002426147, -16.1328868866, -31.044418335, -7.57126235962, -22.195854187, -3.39085245132, -17.0586776733, -5.49228286743, -10.3140907288, -4.8626537323, -8.32769489288], "cov": [[16169.1015625, 3445.14990234, -2324.66967773, 95.1548919678, -101.380012512, 169.673126221, 104.570846558, -1.59271919727, -367.281829834, -260.465759277, -164.307815552, -55.80676651, 22.3814468384], [3445.14990234, 1449.11364746, -108.194816589, -242.47505188, 44.6120681763, 139.449783325, -12.1809844971, 3.58398103714, -57.6077957153, -84.1151275635, -77.7823638916, -73.4094390869, -32.6952705383], [-2324.66967773, -108.194816589, 1211.26293945, 288.962249756, 115.519111633, 81.683052063, 5.83158302307, 100.310440063, 128.290710449, 67.5627288818, -9.92485427856, -60.7892036438, -76.9401931763], [95.1548919678, -242.47505188, 288.962249756, 644.554077148, 54.9332237244, -98.6041793823, 99.4710235596, 99.6497192383, 67.5817718506, 81.4040527344, 24.6655769348, -0.309826254845, -26.58618927], [-101.380012512, 44.6120681763, 115.519111633, 54.9332237244, 209.222290039, 130.959014893, 14.5643348694, 6.3946685791, -7.46518516541, -7.75138092041, -13.4695482254, -27.4441204071, -11.7233877182], [169.673126221, 139.449783325, 81.683052063, -98.6041793823, 130.959014893, 267.26449585, 24.7846565247, -39.4293823242, -47.6963310242, -67.1823806763, -33.6246643066, -22.9983444214, -1.02598905563], [104.570846558, -12.1809844971, 5.83158302307, 99.4710235596, 14.5643348694, 24.7846565247, 137.666107178, 75.7685928345, 13.4108695984, -17.5835876465, -16.8708934784, -8.3672246933, 7.03413677216], [-1.59271919727, 3.58398103714, 100.310440063, 99.6497192383, 6.3946685791, -39.4293823242, 75.7685928345, 174.929443359, 134.418334961, 71.9637908936, -19.6014499664, -51.977016449, -52.310459137], [-367.281829834, -57.6077957153, 128.290710449, 67.5817718506, -7.46518516541, -47.6963310242, 13.4108695984, 134.418334961, 237.714767456, 174.101669312, -1.21987688541, -93.6684188843, -118.631034851], [-260.465759277, -84.1151275635, 67.5627288818, 81.4040527344, -7.75138092041, -67.1823806763, -17.5835876465, 71.9637908936, 174.101669312, 233.699111938, 75.0121154785, -50.7305297852, -109.900756836], [-164.307815552, -77.7823638916, -9.92485427856, 24.6655769348, -13.4695482254, -33.6246643066, -16.8708934784, -19.6014499664, -1.21987688541, 75.0121154785, 114.832145691, 71.8576889038, 6.95880889893], [-55.80676651, -73.4094390869, -60.7892036438, -0.309826254845, -27.4441204071, -22.9983444214, -8.3672246933, -51.977016449, -93.6684188843, -50.7305297852, 71.8576889038, 157.448074341, 122.223899841], [22.3814468384, -32.6952705383, -76.9401931763, -26.58618927, -11.7233877182, -1.02598905563, 7.03413677216, -52.310459137, -118.631034851, -109.900756836, 6.95880889893, 122.223899841, 171.178268433]], "icov": [[0.000844611029606, -0.00202906294726, 0.00201258715242, -0.00231596594676, 0.00157808733638, -0.00199088454247, 0.00184770731721, -0.0019190373132, 0.00144952803385, -0.000484445656184, 0.000412285357015, -6.59583311062e-05, 0.000204568335903], [-0.00202906294726, 0.00569948647171, -0.00477536953986, 0.00578810181469, -0.00373953720555, 0.00440262351185, -0.00410014670342, 0.00384654081427, -0.00274803070351, 0.00104995223228, -0.000735761830583, 0.000387136795325, -0.000256170780631], [0.00201258715242, -0.00477536953986, 0.00593207543716, -0.00618666829541, 0.00374746858142, -0.00554780429229, 0.00546780601144, -0.00524694938213, 0.00277093611658, -0.000429725041613, 0.000405569851864, 0.000138149072882, 0.000454803084722], [-0.00231596594676, 0.00578810181469, -0.00618666829541, 0.00916330516338, -0.00592801813036, 0.00750862620771, -0.00768338888884, 0.00559718161821, -0.00303828599863, -0.000158793161972, 0.000328264082782, -0.00136047706474, 0.000466464378405], [0.00157808733638, -0.00373953720555, 0.00374746858142, -0.00592801813036, 0.0115581052378, -0.00895686633885, 0.00584220467135, -0.00607120944187, 0.0044821491465, -0.00171392806806, -0.000649608438835, 0.00285439682193, -0.00152019679081], [-0.00199088454247, 0.00440262351185, -0.00554780429229, 0.00750862620771, -0.00895686633885, 0.0133608821779, -0.00886779930443, 0.00866114813834, -0.0047163227573, 0.002492840169, -8.52442826726e-05, -0.000944943632931, 0.00126172788441], [0.00184770731721, -0.00410014670342, 0.00546780601144, -0.00768338888884, 0.00584220467135, -0.00886779930443, 0.0190647616982, -0.0137859322131, 0.0054124975577, 0.00156198185869, -0.00245443079621, 0.00341730355285, -0.00199611368589], [-0.0019190373132, 0.00384654081427, -0.00524694938213, 0.00559718161821, -0.00607120944187, 0.00866114813834, -0.0137859322131, 0.0229487512261, -0.0143378134817, 0.00290866196156, 0.00104019523133, -0.00186785915866, -6.5563559474e-05], [0.00144952803385, -0.00274803070351, 0.00277093611658, -0.00303828599863, 0.0044821491465, -0.0047163227573, 0.0054124975577, -0.0143378134817, 0.0253619290888, -0.016558624804, 0.0108404448256, -0.00221938057803, 0.00382337276824], [-0.000484445656184, 0.00104995223228, -0.000429725041613, -0.000158793161972, -0.00171392806806, 0.002492840169, 0.00156198185869, 0.00290866196156, -0.016558624804, 0.0252837650478, -0.021636787802, 0.010002553463, -0.000736831862014], [0.000412285357015, -0.000735761830583, 0.000405569851864, 0.000328264082782, -0.000649608438835, -8.52442826726e-05, -0.00245443079621, 0.00104019523133, 0.0108404448256, -0.021636787802, 0.0399207174778, -0.028724020347, 0.012920438312], [-6.59583311062e-05, 0.000387136795325, 0.000138149072882, -0.00136047706474, 0.00285439682193, -0.000944943632931, 0.00341730355285, -0.00186785915866, -0.00221938057803, 0.010002553463, -0.028724020347, 0.0387106873095, -0.0221765581518], [0.000204568335903, -0.000256170780631, 0.000454803084722, 0.000466464378405, -0.00152019679081, 0.00126172788441, -0.00199611368589, -6.5563559474e-05, 0.00382337276824, -0.000736831862014, 0.012920438312, -0.0221765581518, 0.0234942846]]}, "melbands": {"dmean": [0.000314085162245, 0.00121760566253, 0.000456268026028, 0.000537905259989, 0.000307904236251, 0.000226279589697, 0.00011487914162, 0.000100464458228, 9.58869495662e-05, 4.90996389999e-05, 5.78019971726e-05, 4.59725852124e-05, 5.05608295498e-05, 3.64924417227e-05, 1.64081666298e-05, 7.69575672166e-06, 6.00061230216e-06, 2.53434063779e-06, 1.6599775563e-06, 9.57765109888e-07, 5.48008301848e-07, 5.68255074995e-07, 3.79778754223e-07, 2.67354778316e-07, 2.47899379247e-07, 1.33347043629e-07, 1.83000750553e-07, 6.55328449284e-08, 3.48604913825e-08, 3.09658290121e-08, 1.68229394859e-08, 1.26194610317e-08, 8.96881235946e-09, 1.09067856968e-08, 5.2708788445e-09, 4.00015620627e-09, 2.11722728238e-09, 1.7056926982e-09, 1.06541886424e-09, 1.04764652509e-09], "dmean2": [0.000479821988847, 0.0018266675761, 0.000699907715898, 0.000872625561897, 0.000484757358208, 0.000363850384019, 0.0001770696108, 0.00013666243467, 0.000149137515109, 7.23099219613e-05, 8.52609373396e-05, 6.99416268617e-05, 6.77313219057e-05, 4.78977781313e-05, 2.53055750363e-05, 1.18309426398e-05, 8.21413141239e-06, 3.8234211388e-06, 2.61288937509e-06, 1.47126286265e-06, 8.38521486912e-07, 8.95766561371e-07, 5.8742824649e-07, 4.20458206918e-07, 4.08745307823e-07, 2.17302044803e-07, 3.08884580136e-07, 1.02848979111e-07, 5.47692025066e-08, 4.72262122742e-08, 2.776132213e-08, 2.08494768117e-08, 1.41194362868e-08, 1.79889116936e-08, 8.04865596393e-09, 6.12756956286e-09, 3.08090775114e-09, 2.38607911207e-09, 1.5387600083e-09, 1.52256440789e-09], "dvar": [1.18127843507e-06, 1.78242098627e-05, 1.85431599675e-06, 5.39788106835e-06, 9.76420551524e-07, 1.25093799852e-06, 1.16844944387e-07, 7.5639739805e-08, 1.41293085676e-07, 3.73982338431e-08, 4.2724888516e-08, 3.97370492067e-08, 3.01859301999e-08, 2.04365324663e-08, 1.08436628565e-08, 5.98692606602e-09, 5.91412641082e-10, 2.72551092806e-10, 5.34561631071e-11, 9.4481670751e-12, 3.19507376285e-12, 8.34977920139e-12, 3.17932117265e-12, 1.63033681607e-12, 1.13351667462e-12, 3.8123483862e-13, 8.40554947694e-13, 5.07328621929e-14, 1.49991696445e-14, 2.33107024623e-14, 5.74833361588e-15, 7.14262480948e-15, 2.46447242971e-15, 5.07096433258e-15, 1.62788816325e-15, 1.22671938339e-15, 2.33749012069e-16, 1.52881691334e-16, 4.31733752007e-17, 7.05047196586e-17], "dvar2": [2.63169090431e-06, 4.40217045252e-05, 4.70059103463e-06, 1.55765374075e-05, 2.53685379903e-06, 3.17989201903e-06, 2.86002233452e-07, 1.21108442386e-07, 3.44551949638e-07, 8.36981612906e-08, 9.06784691779e-08, 9.54308205792e-08, 5.58707498044e-08, 3.30678098237e-08, 2.64237094427e-08, 1.42471368036e-08, 1.15749565488e-09, 5.06814701318e-10, 1.31389163438e-10, 2.15053721359e-11, 6.77380287278e-12, 1.8689610623e-11, 7.53880551735e-12, 3.64584360965e-12, 3.02146979311e-12, 9.94146063214e-13, 2.43358263229e-12, 1.12975363927e-13, 3.64143665308e-14, 4.95986545834e-14, 1.44173223842e-14, 1.88458122263e-14, 5.36687105754e-15, 1.32732612404e-14, 3.16357784899e-15, 3.09453958159e-15, 3.15793258615e-16, 2.23305704635e-16, 6.88624551228e-17, 1.24235526749e-16], "max": [0.0385044366121, 0.111766785383, 0.0334239266813, 0.0678313225508, 0.0209770854563, 0.0469175241888, 0.00856232549995, 0.0124894119799, 0.00993182044476, 0.00548747740686, 0.00521421525627, 0.0088796755299, 0.0059135123156, 0.00500389374793, 0.00393165275455, 0.00321479677223, 0.00117181392852, 0.00104380655102, 0.000348260073224, 8.23873924674e-05, 5.28616328666e-05, 0.000172337153344, 6.02220461587e-05, 5.21681431565e-05, 2.58338750427e-05, 2.05824489967e-05, 2.72883262369e-05, 1.14475997179e-05, 5.1717529459e-06, 5.64794299862e-06, 2.66618576461e-06, 4.57220266981e-06, 2.57319220509e-06, 2.59386229118e-06, 2.62782759819e-06, 1.87861519407e-06, 1.06568643332e-06, 7.35482331038e-07, 4.70550219234e-07, 5.60839907848e-07], "mean": [0.000658489763737, 0.00239830906503, 0.000971568166278, 0.00107807538006, 0.000796437554527, 0.000372835784219, 0.000219738692977, 0.000236074949498, 0.000175029112143, 0.000102022997453, 0.000157849630341, 8.9919907623e-05, 0.000122573372209, 0.000105545412225, 3.09598544845e-05, 1.40030606417e-05, 1.34390847961e-05, 5.0948142416e-06, 2.82434393739e-06, 1.66072402408e-06, 1.02817500647e-06, 1.02389947187e-06, 6.63950913804e-07, 4.55028327906e-07, 3.92073843614e-07, 2.13517367342e-07, 2.64220574309e-07, 1.05911027504e-07, 5.92171396363e-08, 5.06799722189e-08, 2.78266689691e-08, 2.13240607394e-08, 1.60556723472e-08, 1.63129953989e-08, 9.6286667528e-09, 7.33855864965e-09, 4.43691305918e-09, 3.85307652451e-09, 2.6470146075e-09, 2.46933895554e-09], "median": [0.000151747313794, 0.00033784477273, 0.000212129933061, 0.000177631198312, 7.6781725511e-05, 5.00087771798e-05, 4.1483566747e-05, 3.60189296771e-05, 3.32012168656e-05, 1.18272764666e-05, 7.05199136064e-06, 6.13217889622e-06, 6.01043757342e-06, 3.68872542822e-06, 1.9113244889e-06, 8.44538135425e-07, 1.19410401567e-06, 9.0071307568e-07, 5.23930964391e-07, 3.34761409704e-07, 2.58452814705e-07, 2.32609266959e-07, 1.16386587479e-07, 7.46106465499e-08, 5.99372071974e-08, 3.15612140867e-08, 3.07918455178e-08, 1.61785145281e-08, 1.03222106418e-08, 5.95340621246e-09, 4.05252809088e-09, 2.84313705912e-09, 2.00827665608e-09, 1.77265302437e-09, 1.35186295491e-09, 1.15449805271e-09, 1.05076414236e-09, 1.04729180883e-09, 9.95661997294e-10, 9.90443282944e-10], "min": [3.74249142401e-24, 1.55543146088e-24, 7.19786272208e-24, 7.95389044756e-24, 1.2838464319e-23, 1.1044245944e-23, 1.20725671547e-23, 8.11772502466e-24, 2.28875843192e-24, 5.09285523853e-24, 1.49478491917e-23, 1.31685426544e-23, 8.58624529349e-24, 8.31534888092e-24, 7.80944212721e-24, 1.0297148124e-23, 6.99536607201e-24, 9.75088324636e-24, 1.13635839382e-23, 8.35825265897e-24, 6.23116061995e-24, 8.31766103223e-24, 8.60386607953e-24, 3.43863009193e-24, 4.3536014569e-24, 1.33675351843e-23, 1.86694630174e-23, 1.32739415711e-23, 1.25243698833e-23, 8.4908830541e-24, 1.04858475968e-23, 5.94355968328e-24, 6.27908668096e-24, 9.53401197288e-24, 8.51081125829e-24, 1.30005720796e-23, 1.2751368553e-23, 1.05550898628e-23, 9.22677904929e-24, 1.07133566596e-23], "var": [4.22472703576e-06, 4.78576985188e-05, 6.3718812271e-06, 1.02149888335e-05, 3.83815086025e-06, 2.06522872759e-06, 3.57193812306e-07, 4.9378058975e-07, 2.90402198289e-07, 1.21746253967e-07, 1.66163090398e-07, 7.84640761253e-08, 1.48308203052e-07, 1.89813505358e-07, 2.65983111092e-08, 9.71790825588e-09, 2.0803336831e-09, 6.16017292732e-10, 9.87686946119e-11, 2.73246043847e-11, 8.02344302109e-12, 1.54745990327e-11, 5.61395764945e-12, 3.77628830983e-12, 1.89528319254e-12, 7.2984635913e-13, 1.35957488757e-12, 1.53458476937e-13, 4.93870454244e-14, 4.90578884211e-14, 1.45874760567e-14, 1.73345512884e-14, 8.6019829565e-15, 8.32647871414e-15, 6.30089810012e-15, 4.0790798575e-15, 1.30316707149e-15, 8.28606804278e-16, 3.11248847444e-16, 3.16775922713e-16]}, "mfcc": {"mean": [-822.122009277, 214.745025635, 9.16218852997, 12.003285408, 5.70222902298, 0.432454675436, 2.11515545845, 1.06084382534, -0.931941330433, -1.09627962112, -1.93241250515, -0.830943584442, 0.951122939587], "cov": [[7384.97705078, 2291.32299805, -1056.58520508, 200.48727417, -319.745117188, 159.975326538, 198.245758057, 224.979476929, -87.5623703003, -223.168685913, -280.946563721, -296.733978271, -181.198074341], [2291.32299805, 1875.02111816, -37.2748298645, -222.058502197, 118.086357117, 133.142425537, 124.729240417, 97.5386352539, 28.0919475555, -52.2288131714, -44.58177948, -83.8449249268, -95.83543396], [-1056.58520508, -37.2748298645, 720.883300781, 237.412322998, 142.510940552, 12.6107559204, -18.5748081207, -3.15878510475, 85.8407745361, 128.492355347, 100.963317871, 105.484313965, 87.4343414307], [200.48727417, -222.058502197, 237.412322998, 645.94720459, 40.1033439636, -50.6083908081, 2.33210277557, -12.2090845108, 74.0996856689, 120.749824524, 56.6604652405, 91.5376663208, 120.59765625], [-319.745117188, 118.086357117, 142.510940552, 40.1033439636, 214.83380127, 98.8616409302, 35.5579147339, 4.84636688232, 25.2754936218, 33.7336578369, 42.1764259338, 31.0760135651, 1.66589665413], [159.975326538, 133.142425537, 12.6107559204, -50.6083908081, 98.8616409302, 191.730453491, 102.68712616, 40.945728302, -11.7097520828, -32.2758522034, -17.6350440979, -41.4812965393, -52.0901527405], [198.245758057, 124.729240417, -18.5748081207, 2.33210277557, 35.5579147339, 102.68712616, 171.070175171, 95.0432739258, -2.79012036324, -61.5298156738, -76.6590652466, -72.6740341187, -36.7480125427], [224.979476929, 97.5386352539, -3.15878510475, -12.2090845108, 4.84636688232, 40.945728302, 95.0432739258, 143.664276123, 54.9670333862, -29.5254898071, -62.3844223022, -84.2300872803, -47.0802268982], [-87.5623703003, 28.0919475555, 85.8407745361, 74.0996856689, 25.2754936218, -11.7097520828, -2.79012036324, 54.9670333862, 145.541168213, 111.524780273, 41.7181892395, 5.84779405594, -8.80960083008], [-223.168685913, -52.2288131714, 128.492355347, 120.749824524, 33.7336578369, -32.2758522034, -61.5298156738, -29.5254898071, 111.524780273, 211.303604126, 154.396224976, 78.8838882446, 26.9865245819], [-280.946563721, -44.58177948, 100.963317871, 56.6604652405, 42.1764259338, -17.6350440979, -76.6590652466, -62.3844223022, 41.7181892395, 154.396224976, 204.767181396, 135.579727173, 45.2101631165], [-296.733978271, -83.8449249268, 105.484313965, 91.5376663208, 31.0760135651, -41.4812965393, -72.6740341187, -84.2300872803, 5.84779405594, 78.8838882446, 135.579727173, 193.843597412, 118.989311218], [-181.198074341, -95.83543396, 87.4343414307, 120.59765625, 1.66589665413, -52.0901527405, -36.7480125427, -47.0802268982, -8.80960083008, 26.9865245819, 45.2101631165, 118.989311218, 160.06060791]], "icov": [[0.0011615534313, -0.00168886210304, 0.00177245854866, -0.00206862553023, 0.00249877455644, -0.00257053622045, 0.0025314213708, -0.00278278626502, 0.00233147316612, -0.00157501164358, 0.00149325642269, -0.000885191140696, 0.00042437427328], [-0.00168886210304, 0.00306966667995, -0.00255978130735, 0.00322125549428, -0.00394833553582, 0.0037462930195, -0.00401415582746, 0.00402104808018, -0.00367628526874, 0.00248718238436, -0.00231858389452, 0.00135051761754, -0.00055202411022], [0.00177245854866, -0.00255978130735, 0.00467676809058, -0.00355277722701, 0.00268391473219, -0.00400615064427, 0.00427664956078, -0.00485099945217, 0.00344041851349, -0.003061986994, 0.00250350800343, -0.0017222573515, 9.81013872661e-05], [-0.00206862553023, 0.00322125549428, -0.00355277722701, 0.00603312579915, -0.00473544513807, 0.00523323286325, -0.00573511142284, 0.00524346996099, -0.00425694137812, 0.00110632169526, -0.00158986006863, 0.00134201627225, -0.00200944929384], [0.00249877455644, -0.00394833553582, 0.00268391473219, -0.00473544513807, 0.0133107835427, -0.00982826575637, 0.00545856915414, -0.0050466414541, 0.00364393275231, -0.00286902114749, 0.00259483722039, -0.0029486475978, 0.00114166317508], [-0.00257053622045, 0.0037462930195, -0.00400615064427, 0.00523323286325, -0.00982826575637, 0.0174405090511, -0.0125145306811, 0.00795419048518, -0.00490513490513, 0.00504605285823, -0.00601449515671, 0.00308997952379, 0.00110406696331], [0.0025314213708, -0.00401415582746, 0.00427664956078, -0.00573511142284, 0.00545856915414, -0.0125145306811, 0.0219069905579, -0.0162027366459, 0.00977551005781, -0.00599070964381, 0.00794109981507, -0.00363181671128, 0.000586362672038], [-0.00278278626502, 0.00402104808018, -0.00485099945217, 0.00524346996099, -0.0050466414541, 0.00795419048518, -0.0162027366459, 0.0291648264974, -0.0206977706403, 0.0144106624648, -0.0106353443116, 0.0109418286011, -0.00324277300388], [0.00233147316612, -0.00367628526874, 0.00344041851349, -0.00425694137812, 0.00364393275231, -0.00490513490513, 0.00977551005781, -0.0206977706403, 0.0304702185094, -0.0233754366636, 0.0146922180429, -0.00947530474514, 0.00480053341016], [-0.00157501164358, 0.00248718238436, -0.003061986994, 0.00110632169526, -0.00286902114749, 0.00504605285823, -0.00599070964381, 0.0144106624648, -0.0233754366636, 0.0321796312928, -0.0238385498524, 0.0119845122099, -0.00380740105174], [0.00149325642269, -0.00231858389452, 0.00250350800343, -0.00158986006863, 0.00259483722039, -0.00601449515671, 0.00794109981507, -0.0106353443116, 0.0146922180429, -0.0238385498524, 0.0303561612964, -0.0191520769149, 0.00733433198184], [-0.000885191140696, 0.00135051761754, -0.0017222573515, 0.00134201627225, -0.0029486475978, 0.00308997952379, -0.00363181671128, 0.0109418286011, -0.00947530474514, 0.0119845122099, -0.0191520769149, 0.0263476334512, -0.013562287204], [0.00042437427328, -0.00055202411022, 9.81013872661e-05, -0.00200944929384, 0.00114166317508, 0.00110406696331, 0.000586362672038, -0.00324277300388, 0.00480053341016, -0.00380740105174, 0.00733433198184, -0.013562287204, 0.0163029264659]]}, "spectral_contrast_coeffs": {"dmean": [0.0465287938714, 0.0462417975068, 0.0362623669207, 0.0275666546077, 0.0175121631473, 0.0139255775139], "dmean2": [0.0756070315838, 0.0748203396797, 0.0578440986574, 0.0453419499099, 0.0289241727442, 0.0216981489211], "dvar": [0.00143523840234, 0.00139657885302, 0.000901511870325, 0.000493297586218, 0.000205691379961, 0.000200996801141], "dvar2": [0.00375173310749, 0.00365898292512, 0.00228484603576, 0.00131390930619, 0.000540519366041, 0.000446478079539], "max": [-0.237471789122, -0.409457832575, -0.359559834003, -0.457661211491, -0.682326734066, -0.661329984665], "mean": [-0.609135687351, -0.711559653282, -0.726916849613, -0.777657687664, -0.818171143532, -0.828046441078], "median": [-0.624371707439, -0.718189239502, -0.748415052891, -0.793068945408, -0.820124864578, -0.834784805775], "min": [-0.957895755768, -0.958030223846, -0.958398163319, -0.958118081093, -0.965544998646, -0.959349095821], "var": [0.0115859257057, 0.00768218003213, 0.011349119246, 0.0053113438189, 0.00174239010084, 0.00189081742428]}, "spectral_contrast_valleys": {"dmean": [0.386439949274, 0.330918669701, 0.28960943222, 0.250687450171, 0.215102896094, 0.115943670273], "dmean2": [0.642947494984, 0.53927397728, 0.462309390306, 0.391066104174, 0.315590649843, 0.177413523197], "dvar": [0.125677466393, 0.1