{"lowlevel": {"average_loudness": 0.890571117401, "barkbands_crest": {"dmean": 2.14904165268, "dmean2": 3.36348557472, "dvar": 5.15779829025, "dvar2": 11.8003444672, "max": 26.5922412872, "mean": 11.1963586807, "median": 10.0052118301, "min": 2.77088570595, "var": 25.0980758667}, "barkbands_flatness_db": {"dmean": 0.0211913716048, "dmean2": 0.0297637972981, "dvar": 0.000541879504453, "dvar2": 0.00102726451587, "max": 0.622262656689, "mean": 0.162644118071, "median": 0.147448435426, "min": 0.0148136978969, "var": 0.00671190163121}, "barkbands_kurtosis": {"dmean": 4.85386896133, "dmean2": 7.39492082596, "dvar": 390.212646484, "dvar2": 833.369018555, "max": 1939.67248535, "mean": 14.3618717194, "median": 2.06589651108, "min": -1.96408641338, "var": 8681.63085938}, "barkbands_skewness": {"dmean": 0.576832592487, "dmean2": 0.831129610538, "dvar": 0.553273499012, "dvar2": 1.14264655113, "max": 34.1119041443, "mean": 1.58513236046, "median": 1.22109436989, "min": -3.28725242615, "var": 6.63050746918}, "barkbands_spread": {"dmean": 7.59837293625, "dmean2": 11.3016052246, "dvar": 170.918670654, "dvar2": 341.064758301, "max": 117.767318726, "mean": 21.7972221375, "median": 15.601518631, "min": 0.074425317347, "var": 421.40447998}, "dissonance": {"dmean": 0.0286696217954, "dmean2": 0.0473931208253, "dvar": 0.000833969854284, "dvar2": 0.00226467777975, "max": 0.499735146761, "mean": 0.430074244738, "median": 0.439760684967, "min": 0.168532431126, "var": 0.00214850739576}, "dynamic_complexity": 3.71243047714, "erbbands_crest": {"dmean": 2.40107369423, "dmean2": 3.68846940994, "dvar": 6.58893632889, "dvar2": 15.1216936111, "max": 33.5539245605, "mean": 11.4837837219, "median": 10.0569725037, "min": 2.20837378502, "var": 31.2422714233}, "erbbands_flatness_db": {"dmean": 0.0211502723396, "dmean2": 0.0275140963495, "dvar": 0.00047900469508, "dvar2": 0.000835975341033, "max": 0.43055537343, "mean": 0.171982735395, "median": 0.167527541518, "min": 0.0298254583031, "var": 0.00453850114718}, "erbbands_kurtosis": {"dmean": 1.4521510601, "dmean2": 2.16943192482, "dvar": 5.93438005447, "dvar2": 12.6492214203, "max": 121.825057983, "mean": 2.97834086418, "median": 0.884368777275, "min": -1.82992708683, "var": 80.6958694458}, "erbbands_skewness": {"dmean": 0.414731115103, "dmean2": 0.598621666431, "dvar": 0.238449543715, "dvar2": 0.484836518764, "max": 8.46656227112, "mean": 0.520875453949, "median": 0.451494783163, "min": -5.66838216782, "var": 1.34173333645}, "erbbands_spread": {"dmean": 8.70923900604, "dmean2": 12.5615816116, "dvar": 188.827011108, "dvar2": 383.460723877, "max": 177.710296631, "mean": 32.2863578796, "median": 25.88514328, "min": 1.06201958656, "var": 615.700317383}, "hfc": {"dmean": 11.9699707031, "dmean2": 17.5104541779, "dvar": 513.285461426, "dvar2": 1148.4309082, "max": 256.227844238, "mean": 31.8694572449, "median": 26.2143745422, "min": 1.10585352576e-16, "var": 954.275878906}, "melbands_crest": {"dmean": 2.71758031845, "dmean2": 4.30970191956, "dvar": 7.83637428284, "dvar2": 19.1045627594, "max": 33.7287101746, "mean": 14.4068317413, "median": 13.36465168, "min": 1.55873537064, "var": 31.9498538971}, "melbands_flatness_db": {"dmean": 0.0255075991154, "dmean2": 0.0358381457627, "dvar": 0.000868701608852, "dvar2": 0.00161264627241, "max": 0.78081792593, "mean": 0.248438939452, "median": 0.235419005156, "min": 0.0023210356012, "var": 0.00956216547638}, "melbands_kurtosis": {"dmean": 6.27220010757, "dmean2": 9.48131370544, "dvar": 196.341690063, "dvar2": 442.843444824, "max": 596.532531738, "mean": 13.4568243027, "median": 4.78035640717, "min": -1.91975843906, "var": 1156.70446777}, "melbands_skewness": {"dmean": 0.631382703781, "dmean2": 0.906592071056, "dvar": 0.673603653908, "dvar2": 1.39603245258, "max": 16.2870464325, "mean": 2.16105413437, "median": 1.81884539127, "min": -2.76515221596, "var": 3.63204669952}, "melbands_spread": {"dmean": 6.39178228378, "dmean2": 9.53234863281, "dvar": 231.909484863, "dvar2": 439.679473877, "max": 270.865020752, "mean": 22.0862369537, "median": 17.3989505768, "min": 0.268533587456, "var": 597.090576172}, "pitch_salience": {"dmean": 0.05931327492, "dmean2": 0.0931973010302, "dvar": 0.00405545439571, "dvar2": 0.00934911519289, "max": 0.925111114979, "mean": 0.509721934795, "median": 0.517267644405, "min": 0.0666029304266, "var": 0.017420148477}, "silence_rate_20dB": {"dmean": 0, "dmean2": 0, "dvar": 0, "dvar2": 0, "max": 1, "mean": 1, "median": 1, "min": 1, "var": 0}, "silence_rate_30dB": {"dmean": 0, "dmean2": 0, "dvar": 0, "dvar2": 0, "max": 1, "mean": 1, "median": 1, "min": 1, "var": 0}, "silence_rate_60dB": {"dmean": 0.0157496221364, "dmean2": 0.0315024219453, "dvar": 0.0155004542321, "dvar2": 0.0349646992981, "max": 1, "mean": 0.0714718326926, "median": 0, "min": 0, "var": 0.0663536041975}, "spectral_centroid": {"dmean": 193.955307007, "dmean2": 281.125305176, "dvar": 127277.304688, "dvar2": 237230.390625, "max": 11523.3681641, "mean": 1047.53991699, "median": 907.012695312, "min": 85.8494186401, "var": 774403.6875}, "spectral_complexity": {"dmean": 2.21423530579, "dmean2": 3.41195487976, "dvar": 6.20115232468, "dvar2": 12.7812328339, "max": 50, "mean": 14.2771043777, "median": 14, "min": 0, "var": 40.6688156128}, "spectral_decrease": {"dmean": 1.76096415228e-09, "dmean2": 2.67336597304e-09, "dvar": 5.70340039739e-18, "dvar2": 1.24458968085e-17, "max": 1.5962975386e-10, "mean": -8.15277445554e-09, "median": -8.22267054446e-09, "min": -3.20687760791e-08, "var": 2.62072225491e-17}, "spectral_energy": {"dmean": 0.00702770240605, "dmean2": 0.0105778658763, "dvar": 8.54926838656e-05, "dvar2": 0.00018507205823, "max": 0.124068498611, "mean": 0.033661082387, "median": 0.0340027436614, "min": 1.01517041223e-20, "var": 0.000413866015151}, "spectral_energyband_high": {"dmean": 0.000875846017152, "dmean2": 0.0012942784233, "dvar": 3.74409160031e-06, "dvar2": 8.12482812762e-06, "max": 0.0229199230671, "mean": 0.00125507882331, "median": 0.000276107573882, "min": 7.35729333487e-21, "var": 6.45633735985e-06}, "spectral_energyband_low": {"dmean": 0.00391284469515, "dmean2": 0.00638676248491, "dvar": 5.80928244744e-05, "dvar2": 0.000147109982208, "max": 0.10560053587, "mean": 0.00856049451977, "median": 0.00423485646024, "min": 1.87414513082e-23, "var": 0.000110447079351}, "spectral_energyband_middle_high": {"dmean": 0.00209409859963, "dmean2": 0.00283847749233, "dvar": 9.79363267106e-06, "dvar2": 1.66714216903e-05, "max": 0.0524358823895, "mean": 0.0094880759716, "median": 0.00560883618891, "min": 1.26268494466e-21, "var": 0.000109240587335}, "spectral_energyband_middle_low": {"dmean": 0.00431212829426, "dmean2": 0.00640716496855, "dvar": 3.89573870052e-05, "dvar2": 8.00514244474e-05, "max": 0.0911033079028, "mean": 0.0149901257828, "median": 0.0110874297097, "min": 1.68146661203e-22, "var": 0.000169784820173}, "spectral_entropy": {"dmean": 0.243007868528, "dmean2": 0.321137338877, "dvar": 0.0805278718472, "dvar2": 0.139374569058, "max": 9.81955051422, "mean": 7.11703205109, "median": 7.09606266022, "min": 4.30727815628, "var": 0.57981044054}, "spectral_flux": {"dmean": 0.0274624433368, "dmean2": 0.042473308742, "dvar": 0.000863297551405, "dvar2": 0.00201791990548, "max": 0.301903426647, "mean": 0.0802149549127, "median": 0.0717012062669, "min": 6.42350755919e-11, "var": 0.00260916328989}, "spectral_kurtosis": {"dmean": 2.72686743736, "dmean2": 4.19958019257, "dvar": 17.2893562317, "dvar2": 45.9146118164, "max": 99.056640625, "mean": 9.55323123932, "median": 7.20464754105, "min": -1.45057177544, "var": 121.868942261}, "spectral_rms": {"dmean": 0.000600667379331, "dmean2": 0.000881891523022, "dvar": 5.47668662421e-07, "dvar2": 1.08800338694e-06, "max": 0.0110019287094, "mean": 0.00534171471372, "median": 0.00575963594019, "min": 3.14707830108e-12, "var": 4.30607497037e-06}, "spectral_rolloff": {"dmean": 872.997375488, "dmean2": 1512.64550781, "dvar": 5365733.5, "dvar2": 11782620, "max": 19379.8828125, "mean": 1981.45666504, "median": 1033.59375, "min": 86.1328125, "var": 9717437}, "spectral_skewness": {"dmean": 0.318760156631, "dmean2": 0.468932420015, "dvar": 0.133266210556, "dvar2": 0.286361157894, "max": 8.35220527649, "mean": 2.33981966972, "median": 2.24908733368, "min": -0.390522867441, "var": 1.0340783596}, "spectral_spread": {"dmean": 1147203.25, "dmean2": 1522363.875, "dvar": 2497193181180.0, "dvar2": 4146375950340.0, "max": 41772232, "mean": 5772784, "median": 4661366, "min": 873487.375, "var": 15278488420400.0}, "spectral_strongpeak": {"dmean": 0.62773835659, "dmean2": 1.04440951347, "dvar": 1.04616272449, "dvar2": 2.52827596664, "max": 11.4911088943, "mean": 1.66485488415, "median": 0.763265788555, "min": 0, "var": 3.69853067398}, "zerocrossingrate": {"dmean": 0.018992587924, "dmean2": 0.020934516564, "dvar": 0.000919416546822, "dvar2": 0.000991644337773, "max": 0.5341796875, "mean": 0.071597777307, "median": 0.0478515625, "min": 0.0029296875, "var": 0.00534325093031}, "barkbands": {"dmean": [9.91676133708e-05, 0.00236743013375, 0.00183192628901, 0.000959326163866, 0.00159462390002, 0.0016699207481, 0.000957693497185, 0.000900853076018, 0.000674160779454, 0.000701686367393, 0.000942151353229, 0.000667824060656, 0.000297294085613, 0.000408759340644, 0.00039189538802, 0.000233807659242, 0.000142946824781, 9.60917823249e-05, 5.66757553315e-05, 5.56933628104e-05, 6.39914651401e-05, 3.87655236409e-05, 6.20186983724e-05, 0.000139047711855, 0.000203044648515, 0.000338396290317, 0.000120722630527], "dmean2": [0.000171911844518, 0.00391591200605, 0.00304843345657, 0.00158658379223, 0.00240235123783, 0.0025585195981, 0.00143720384222, 0.00134339870419, 0.000960086181294, 0.000990353524685, 0.00130018114578, 0.00093860848574, 0.000442270014901, 0.000615262950305, 0.00059075455647, 0.000355217023753, 0.000206892102142, 0.000144319768879, 8.8677421445e-05, 8.35415994516e-05, 9.45402571233e-05, 5.7993849623e-05, 9.1260917543e-05, 0.000211361315451, 0.000303892127704, 0.000523926632013, 0.000185858996701], "dvar": [5.47561782582e-08, 2.50229659287e-05, 1.57079048222e-05, 4.72835563414e-06, 1.06740571937e-05, 1.56388650794e-05, 7.31845966584e-06, 5.03098863192e-06, 2.68552503258e-06, 3.10934137815e-06, 5.84686085858e-06, 3.20291655953e-06, 6.31921466265e-07, 1.05248500404e-06, 1.06001152744e-06, 4.60560926285e-07, 2.24532612947e-07, 4.62101290566e-08, 1.66315317074e-08, 1.83896471384e-08, 2.46270026594e-08, 1.27502408631e-08, 3.960051842e-08, 2.1077313761e-07, 2.6131712616e-07, 8.34755951473e-07, 9.59110906251e-08], "dvar2": [1.49259918203e-07, 6.57025448163e-05, 4.06231629313e-05, 1.07473952085e-05, 2.05245742109e-05, 3.42841303791e-05, 1.56726109708e-05, 1.11801600724e-05, 5.67902498005e-06, 6.22009520157e-06, 1.03506990854e-05, 5.62215518585e-06, 1.35281163693e-06, 2.46879153565e-06, 2.37204017139e-06, 1.02457750017e-06, 4.23526785198e-07, 9.72356843931e-08, 3.96508497147e-08, 3.69651758092e-08, 4.92002669716e-08, 2.92498079091e-08, 7.54713340712e-08, 4.41371014404e-07, 5.54285293219e-07, 1.98683574126e-06, 2.24966754558e-07], "max": [0.00300896773115, 0.0871755480766, 0.0608070939779, 0.0258725043386, 0.0724315941334, 0.0623630583286, 0.0518685430288, 0.040658030659, 0.0291215274483, 0.0360295474529, 0.0470135957003, 0.0449856519699, 0.0249941255897, 0.0250629670918, 0.0232151765376, 0.0168130826205, 0.0174813233316, 0.00511683989316, 0.00356455286965, 0.00574099179357, 0.00536756077781, 0.00293592340313, 0.00523245800287, 0.00982680544257, 0.0106727108359, 0.0107308002189, 0.00344543298706], "mean": [0.000115138638648, 0.00501155480742, 0.002891325159, 0.00129008141812, 0.00417338311672, 0.0036344518885, 0.00223816488869, 0.00200510793366, 0.0015022441512, 0.00163678429089, 0.00286393496208, 0.00174910458736, 0.000613084528595, 0.000907015404664, 0.000739093520679, 0.000402768520871, 0.00029240292497, 0.000197937188204, 0.000100394267065, 0.000117097013572, 0.000109926462756, 5.14058156114e-05, 8.17033069325e-05, 0.000190448670764, 0.000283439003397, 0.000336963421432, 0.000126100931084], "median": [2.50409539149e-05, 0.0018237286713, 0.000814231112599, 0.000440636824351, 0.00209884578362, 0.00110016576946, 0.000550925906282, 0.000389268476283, 0.000388608372305, 0.000429546576925, 0.00027267774567, 0.000321916653775, 0.000145851183333, 0.000220777554205, 0.0001429291151, 8.58628336573e-05, 5.60522348678e-05, 6.94880291121e-05, 4.5535271056e-05, 4.81061833852e-05, 3.29006434185e-05, 1.31254164444e-05, 1.0409308743e-05, 2.35125080508e-05, 4.56331472378e-05, 1.81530012924e-05, 9.7234515124e-06], "min": [9.18277481027e-25, 2.77760804071e-24, 1.45593992908e-24, 4.81670185688e-25, 1.35730208284e-23, 1.23371802902e-23, 2.0086451263e-23, 1.05255375555e-23, 2.17036618726e-23, 1.10348230005e-23, 2.17631025418e-23, 2.32133633627e-23, 2.20733820463e-23, 3.92288695253e-23, 4.45179326147e-23, 6.5869437513e-23, 5.19384095177e-23, 1.11592541332e-22, 1.40022810677e-22, 1.96293660063e-22, 2.36617982862e-22, 3.16652200478e-22, 3.29676129941e-22, 7.16655974317e-22, 7.64713734073e-22, 1.28020891538e-21, 2.02844537725e-21], "var": [6.18276061459e-08, 5.02963703184e-05, 2.75190086541e-05, 5.79817060498e-06, 3.98282063543e-05, 4.25424732384e-05, 2.56731746049e-05, 1.60305826284e-05, 7.17888269719e-06, 1.17505323942e-05, 4.18118834205e-05, 2.37048043346e-05, 1.67898247128e-06, 3.64226775673e-06, 2.84315001409e-06, 1.00835438843e-06, 9.22589435959e-07, 1.60368102797e-07, 2.87735986149e-08, 5.79734660278e-08, 7.38766772201e-08, 2.00053751342e-08, 7.94375054625e-08, 3.89797008893e-07, 4.73102090837e-07, 9.14379938877e-07, 1.15891097607e-07]}, "erbbands": {"dmean": [0.0501080974936, 0.611421704292, 2.08063626289, 2.32822585106, 3.90799498558, 5.50225305557, 13.4310512543, 13.60501194, 13.8243646622, 14.7653665543, 17.409620285, 14.9570121765, 16.6266384125, 31.0730762482, 34.4838104248, 20.4089565277, 13.3706197739, 15.1884117126, 19.1021461487, 18.0988063812, 11.3104896545, 8.54773044586, 5.26732110977, 3.9406375885, 1.81196641922, 2.43789696693, 3.24365520477, 1.7585067749, 1.3058052063, 1.41886246204, 1.94480216503, 2.92498779297, 2.22404527664, 1.95295286179, 1.72230541706, 1.31146514416, 0.671453535557, 0.151264503598, 0.0203134696931, 0.00102969049476], "dmean2": [0.0826651677489, 1.01129949093, 3.44711112976, 3.89443349838, 6.31086730957, 8.21735668182, 19.2213172913, 20.8048782349, 20.8179264069, 22.1721744537, 25.2028598785, 21.5492534637, 22.8956222534, 40.5580825806, 44.6349906921, 28.1329612732, 19.0206623077, 22.0300502777, 28.3550243378, 26.5128822327, 16.7730121613, 11.9245738983, 7.67869758606, 6.07432794571, 2.76018571854, 3.56809043884, 4.71534729004, 2.58700728416, 1.93148958683, 2.11597156525, 2.88205099106, 4.45584487915, 3.39278745651, 2.9783449173, 2.57332706451, 2.00773525238, 1.05994164944, 0.234157770872, 0.0309826787561, 0.00158490915783], "dvar": [0.0117015428841, 1.69705045223, 19.2407817841, 24.7098236084, 54.8336524963, 196.477081299, 1014.61303711, 1274.11547852, 1656.72998047, 1707.34985352, 1447.94909668, 1590.49658203, 1608.76269531, 5298.15087891, 7985.78515625, 2713.42822266, 1082.78759766, 1680.12744141, 2319.32958984, 2390.58886719, 1204.08410645, 726.00994873, 157.806442261, 77.3650588989, 17.6640224457, 37.8592147827, 74.9853057861, 17.0423736572, 18.0161380768, 15.0424127579, 44.2772064209, 104.435768127, 51.3249549866, 31.7327709198, 17.6313896179, 11.5145874023, 3.99002552032, 0.161740452051, 0.00270532350987, 8.01487385615e-06], "dvar2": [0.0315807908773, 4.49715423584, 49.6403541565, 63.0292167664, 128.577178955, 372.46862793, 2013.62036133, 2816.65893555, 3518.09643555, 3786.28833008, 3173.3449707, 3444.83764648, 3238.64428711, 9647.40917969, 12720.8925781, 4855.17871094, 2160.78027344, 3900.63525391, 4781.47949219, 5317.45556641, 2528.3203125, 1254.04577637, 306.093292236, 179.505187988, 37.9543838501, 74.7668151855, 148.973770142, 35.2956466675, 40.9524002075, 33.4543762207, 84.9100036621, 219.510955811, 109.500564575, 71.0743942261, 37.4250335693, 25.736240387, 10.0927019119, 0.388984799385, 0.00632908008993, 1.91854815057e-05], "max": [1.61409974098, 23.0809783936, 56.6502227783, 80.979850769, 92.0077972412, 434.183898926, 530.947753906, 670.394958496, 931.272460938, 1042.63000488, 677.285644531, 839.595214844, 937.817871094, 1756.01123047, 2271.23095703, 1942.06799316, 1185.28442383, 974.159545898, 977.56640625, 1539.66552734, 963.737243652, 1145, 345.515563965, 299.595184326, 160.004394531, 296.654846191, 361.040802002, 103.215766907, 145.891799927, 88.4179382324, 181.886764526, 225.126663208, 152.464660645, 134.188400269, 107.040550232, 34.6963729858, 37.5290870667, 4.39448833466, 0.505171239376, 0.0407745428383], "mean": [0.0993999391794, 1.28903877735, 3.51659226418, 3.65235280991, 7.24311733246, 13.5598831177, 31.409954071, 28.2776451111, 32.4855766296, 32.5463943481, 44.6730308533, 32.2297477722, 41.2056045532, 88.6320800781, 97.2082519531, 54.9033088684, 34.1255264282, 38.2644729614, 40.2656707764, 35.4024200439, 22.5886936188, 18.6122875214, 11.6044416428, 7.99734067917, 3.92854237556, 5.17806196213, 6.37402486801, 2.73874044418, 1.81174659729, 1.79066717625, 2.55585837364, 3.76939868927, 3.1511900425, 2.71760416031, 2.28111290932, 1.37295520306, 0.637799441814, 0.156451001763, 0.0211628489196, 0.00106945016887], "median": [0.0347193479538, 0.466115683317, 1.38640415668, 1.58226704597, 3.76199150085, 5.89497470856, 10.1308813095, 9.2147064209, 9.60379886627, 9.31102561951, 11.9246234894, 10.5374097824, 15.3346166611, 20.480846405, 16.3172225952, 14.0199127197, 9.83373069763, 11.0942802429, 12.9504184723, 8.99852848053, 5.00602674484, 3.98376750946, 3.68696022034, 3.93461227417, 1.96369099617, 2.21266078949, 1.92610406876, 0.94563639164, 0.50902235508, 0.299898654222, 0.311338335276, 0.353570818901, 0.445689439774, 0.431591272354, 0.344698250294, 0.102119266987, 0.0284832846373, 0.0101531520486, 0.00165521458257, 0.000119212520076], "min": [8.96731638667e-23, 5.26036685408e-22, 2.34613039229e-21, 3.12131737191e-21, 1.31592148917e-20, 5.26745479835e-20, 5.83452426676e-20, 1.12541140587e-19, 2.66369372939e-19, 2.48286868706e-19, 3.47026022559e-19, 5.21392412812e-19, 4.79602317688e-19, 6.86418046944e-19, 1.00718741816e-18, 1.31130357569e-18, 1.41770019896e-18, 2.15601814248e-18, 2.69044733534e-18, 2.67587034499e-18, 4.27144942743e-18, 4.06532842649e-18, 5.95055203825e-18, 6.37730526961e-18, 1.02494196079e-17, 8.21134335866e-18, 9.63716533386e-18, 1.08897384657e-17, 1.10462079503e-17, 1.19072880788e-17, 9.2376668765e-18, 1.21000666564e-17, 1.1003810808e-17, 8.26814750568e-18, 5.58873579369e-18, 4.28304815398e-18, 2.26293723371e-18, 1.00373507647e-18, 2.5580697445e-19, 2.94243588898e-20], "var": [0.023215578869, 3.27290940285, 32.4407463074, 33.1999397278, 94.7359771729, 595.299438477, 3030.77392578, 3239.17602539, 6033.40917969, 4293.86230469, 5869.4375, 3417.05834961, 5478.27441406, 34944.4492188, 52385.7617188, 18133, 4662.79980469, 6951.69628906, 6152.58691406, 6444.91796875, 3178.1628418, 3217.35375977, 654.48059082, 181.131546021, 39.6717796326, 123.985664368, 274.599395752, 32.8974647522, 29.5824184418, 22.0730304718, 89.3009567261, 185.967163086, 94.5713729858, 52.8073806763, 29.7676849365, 14.121878624, 3.77540397644, 0.193767055869, 0.00323407934047, 8.67639028002e-06]}, "gfcc": {"mean": [-13.1221351624, 86.974822998, -87.8502578735, -4.48685216904, -42.2275314331, 8.35596656799, -35.9330596924, 7.31654596329, -29.7596435547, 3.90344405174, -14.830452919, -1.04167711735, -3.9789583683], "cov": [[22513.4492188, -2073.64233398, -1913.08654785, -650.41619873, -956.534667969, -81.5914535522, -689.848083496, 547.223754883, -314.408050537, 547.44934082, -263.043273926, 68.7638168335, -172.610137939], [-2073.64233398, 2373.33007812, -536.695983887, -38.2234649658, 341.743377686, -33.1391639709, 241.53036499, -57.9132118225, 11.9484233856, -96.763999939, 159.405029297, -75.9758682251, 142.081054688], [-1913.08654785, -536.695983887, 1412.29699707, 283.531280518, 77.5335083008, 211.307769775, 88.7697219849, -20.3601818085, 155.363494873, -42.2478370667, -0.532691657543, 100.463607788, -152.377365112], [-650.41619873, -38.2234649658, 283.531280518, 538.57421875, 88.7853546143, 42.3791656494, 29.2110767365, 40.0211639404, 116.23412323, -27.2706642151, -2.83886384964, 5.74370718002, 4.99520540237], [-956.534667969, 341.743377686, 77.5335083008, 88.7853546143, 364.87008667, 79.4236907959, 134.719100952, -1.16295289993, 50.8916931152, 13.7318620682, 26.7455539703, -1.6576821804, 23.4532394409], [-81.5914535522, -33.1391639709, 211.307769775, 42.3791656494, 79.4236907959, 327.295928955, 162.601013184, -17.75989151, 8.93122768402, 26.7743396759, 52.0439758301, -13.3872947693, -69.624786377], [-689.848083496, 241.53036499, 88.7697219849, 29.2110767365, 134.719100952, 162.601013184, 317.119262695, 8.37260723114, 6.34342956543, 18.7088527679, 75.2539596558, 13.8571271896, -55.2273674011], [547.223754883, -57.9132118225, -20.3601818085, 40.0211639404, -1.16295289993, -17.75989151, 8.37260723114, 207.631057739, 59.5338897705, 26.8190441132, 1.55116891861, 23.4242572784, 24.4618988037], [-314.408050537, 11.9484233856, 155.363494873, 116.23412323, 50.8916931152, 8.93122768402, 6.34342956543, 59.5338897705, 180.19078064, 15.1822118759, -10.5625133514, 29.4349250793, -1.4273724556], [547.44934082, -96.763999939, -42.2478370667, -27.2706642151, 13.7318620682, 26.7743396759, 18.7088527679, 26.8190441132, 15.1822118759, 136.753677368, 32.0095367432, 0.373295634985, -0.828865408897], [-263.043273926, 159.405029297, -0.532691657543, -2.83886384964, 26.7455539703, 52.0439758301, 75.2539596558, 1.55116891861, -10.5625133514, 32.0095367432, 137.401321411, 18.757610321, -0.757913291454], [68.7638168335, -75.9758682251, 100.463607788, 5.74370718002, -1.6576821804, -13.3872947693, 13.8571271896, 23.4242572784, 29.4349250793, 0.373295634985, 18.757610321, 114.408569336, 16.8976650238], [-172.610137939, 142.081054688, -152.377365112, 4.99520540237, 23.4532394409, -69.624786377, -55.2273674011, 24.4618988037, -1.4273724556, -0.828865408897, -0.757913291454, 16.8976650238, 171.127944946]], "icov": [[9.2733062047e-05, 1.05384824565e-05, 0.000161553631187, -2.47204752668e-05, 0.000110911299998, -0.000204047479201, 0.000238235355937, -0.000255696970271, 0.000188999343663, -0.000345411128365, 0.000233006532653, -0.000314682198223, 0.000276584672974], [1.05384824565e-05, 0.000804249604698, 0.000305197958369, 0.000148987717694, -0.000539677450433, 0.000304908491671, -0.000546862604097, 0.000273690238828, -0.000579229847062, 0.00095637323102, -0.000983795151114, 0.000668099732138, -0.000477817753563], [0.000161553631187, 0.000305197958369, 0.00152496586088, -0.00040849056677, -0.000106658917503, -0.000898817146663, 0.000471002131235, -7.43555356166e-05, -0.000456298497738, 0.00011053885828, 0.00020200801373, -0.0014596976107, 0.00123267562594], [-2.47204752668e-05, 0.000148987717694, -0.00040849056677, 0.00247665471397, -0.00042309120181, 9.12555769901e-05, -0.000214841784327, -0.000141821845318, -0.00138911721297, 0.000907566805836, -0.000452347070677, 0.000930843816604, -0.000639716221485], [0.000110911299998, -0.000539677450433, -0.000106658917503, -0.00042309120181, 0.00424550101161, -0.000622834835667, -0.0010555110639, 2.79246683021e-06, -0.00033447748865, -0.00133316416759, 0.00112346198875, -0.000186894190847, -0.00068478815956], [-0.000204047479201, 0.000304908491671, -0.000898817146663, 9.12555769901e-05, -0.000622834835667, 0.00546851800755, -0.00276043335907, 0.00095911079552, -0.000480893388158, 0.00038343569031, -0.00163668207824, 0.00230139843188, -0.000216306958464], [0.000238235355937, -0.000546862604097, 0.000471002131235, -0.000214841784327, -0.0010555110639, -0.00276043335907, 0.00663486169651, -0.00148300139699, 0.00136034784373, -0.00120789953507, -0.000548452953808, -0.0024075943511, 0.00273558474146], [-0.000255696970271, 0.000273690238828, -7.43555356166e-05, -0.000141821845318, 2.79246683021e-06, 0.00095911079552, -0.00148300139699, 0.0065931873396, -0.0026369902771, 0.000353218027158, -0.000784698873758, 0.000398222357035, -0.00164152309299], [0.000188999343663, -0.000579229847062, -0.000456298497738, -0.00138911721297, -0.00033447748865, -0.000480893388158, 0.00136034784373, -0.0026369902771, 0.0089242644608, -0.00261314935051, 0.0021855130326, -0.00255093653686, 0.00129529077094], [-0.000345411128365, 0.00095637323102, 0.00011053885828, 0.000907566805836, -0.00133316416759, 0.00038343569031, -0.00120789953507, 0.000353218027158, -0.00261314935051, 0.0109670441598, -0.00405806396157, 0.00230624526739, -0.0013864786597], [0.000233006532653, -0.000983795151114, 0.00020200801373, -0.000452347070677, 0.00112346198875, -0.00163668207824, -0.000548452953808, -0.000784698873758, 0.0021855130326, -0.00405806396157, 0.0111465211958, -0.00338234123774, 0.000742133765016], [-0.000314682198223, 0.000668099732138, -0.0014596976107, 0.000930843816604, -0.000186894190847, 0.00230139843188, -0.0024075943511, 0.000398222357035, -0.00255093653686, 0.00230624526739, -0.00338234123774, 0.0127844670787, -0.00335845630616], [0.000276584672974, -0.000477817753563, 0.00123267562594, -0.000639716221485, -0.00068478815956, -0.000216306958464, 0.00273558474146, -0.00164152309299, 0.00129529077094, -0.0013864786597, 0.000742133765016, -0.00335845630616, 0.00909789372236]]}, "melbands": {"dmean": [0.00054693792481, 0.000965572078712, 0.000440140953287, 0.000306875968818, 0.000415493181208, 0.000305783527438, 0.000201976814424, 0.000177343696123, 0.00014093745267, 9.25510612433e-05, 8.93715696293e-05, 0.000128257117467, 0.000118262454635, 8.76000704011e-05, 4.15203612647e-05, 2.93647390208e-05, 3.26852132275e-05, 3.54195290129e-05, 3.28013702529e-05, 1.86358684005e-05, 1.35058226078e-05, 1.06152529042e-05, 5.56364193471e-06, 4.65316497866e-06, 3.44028444488e-06, 1.76236153493e-06, 1.43581087286e-06, 1.87197269952e-06, 2.38659276874e-06, 1.51361825829e-06, 9.4244722959e-07, 7.44072792713e-07, 8.15572775537e-07, 8.20054196993e-07, 1.06500044694e-06, 1.37478139095e-06, 2.1072914933e-06, 1.73073829046e-06, 1.39299083912e-06, 1.78240304649e-06], "dmean2": [0.00089694513008, 0.00159388431348, 0.000716901442502, 0.000480546033941, 0.000591902644373, 0.000470455503091, 0.000303954875562, 0.000266134564299, 0.000203769333893, 0.000132956614834, 0.000123630932649, 0.000169711507624, 0.000157857401064, 0.00011893620831, 5.73770012124e-05, 4.26419028372e-05, 4.78734909848e-05, 5.31034966116e-05, 4.86477401864e-05, 2.76547762041e-05, 2.03993167815e-05, 1.51989752339e-05, 8.06453772384e-06, 6.97433779351e-06, 5.37294044989e-06, 2.73786486105e-06, 2.19476828534e-06, 2.81389066004e-06, 3.53648806595e-06, 2.27322288993e-06, 1.41531040754e-06, 1.11547899451e-06, 1.27585360588e-06, 1.23481299852e-06, 1.60816034622e-06, 2.06197591979e-06, 3.24666416418e-06, 2.66637334789e-06, 2.14198803405e-06, 2.7565149594e-06], "dvar": [1.31817830606e-06, 3.88082298741e-06, 8.10502797322e-07, 3.50089010226e-07, 9.00219617961e-07, 5.66677613278e-07, 3.2512983239e-07, 2.20582180077e-07, 8.92976927958e-08, 6.2576511084e-08, 4.91954672555e-08, 8.495111814e-08, 8.81741044623e-08, 5.91394133664e-08, 1.88469755358e-08, 5.64091751087e-09, 8.71479333142e-09, 9.0680893905e-09, 7.47114281552e-09, 2.85364798458e-09, 2.34869701465e-09, 1.38129285787e-09, 2.96088653595e-10, 1.37160754976e-10, 6.31062008205e-11, 1.72469139664e-11, 1.19680081817e-11, 2.67458277747e-11, 4.57877034898e-11, 1.5772128395e-11, 5.7788847492e-12, 6.83130982337e-12, 6.07725458499e-12, 5.19837818624e-12, 1.37180813584e-11, 2.72528215273e-11, 5.26070645379e-11, 3.4155952372e-11, 1.88124602701e-11, 2.63458751343e-11], "dvar2": [3.42890552929e-06, 1.01285113487e-05, 1.86419936199e-06, 7.31285922484e-07, 1.70379803421e-06, 1.25472604395e-06, 6.96798451827e-07, 4.8925039664e-07, 1.923816626e-07, 1.35633001719e-07, 9.70189120153e-08, 1.57579805204e-07, 1.43804541608e-07, 9.53382865987e-08, 3.00154177069e-08, 1.152773077e-08, 2.04833625617e-08, 1.85804616137e-08, 1.60000759308e-08, 6.09135630825e-09, 5.11898745614e-09, 2.42051734212e-09, 6.0081428721e-10, 2.89319679325e-10, 1.48217105256e-10, 4.09253776701e-11, 2.55616968564e-11, 5.37770210307e-11, 1.01318162193e-10, 3.24316164202e-11, 1.24814767896e-11, 1.55350662889e-11, 1.50285756062e-11, 1.15117186616e-11, 2.74380847903e-11, 5.41625598538e-11, 1.14435343146e-10, 7.48013248564e-11, 4.23658226556e-11, 5.99718608107e-11], "max": [0.0190423280001, 0.0242445822805, 0.0118061983958, 0.0187027398497, 0.0163100715727, 0.0131051205099, 0.0119370231405, 0.00966044329107, 0.00492366822436, 0.00522140646353, 0.00461346842349, 0.00657232571393, 0.00665456708521, 0.00649405969307, 0.00628156168386, 0.00177842355333, 0.00223468965851, 0.00214710785076, 0.00184436538257, 0.00158053671475, 0.00128401862457, 0.00159057870042, 0.000811518635601, 0.000287196831778, 0.000262859626673, 0.000157372807735, 0.000154660956468, 0.000264727277681, 0.000312240212224, 0.00013858024613, 7.71269405959e-05, 9.03590407688e-05, 4.77674329886e-05, 6.2451872509e-05, 0.000107412059151, 0.000150003586896, 0.000157082104124, 0.000156599198817, 8.50442156661e-05, 0.000134444213472], "mean": [0.00118094228674, 0.00185343145858, 0.000755253247917, 0.000706034014001, 0.00103166641202, 0.00065851159161, 0.000471281266073, 0.000394670030801, 0.000358184246579, 0.000191302635358, 0.000210934158531, 0.000352701346856, 0.000337276578648, 0.00022251108021, 0.000104265251139, 6.15118333371e-05, 7.62303243391e-05, 6.6763110226e-05, 6.14871678408e-05, 3.22836422129e-05, 2.36205669353e-05, 2.04824318644e-05, 1.13607065941e-05, 9.19311878533e-06, 6.37166476736e-06, 3.29356248585e-06, 2.75255024462e-06, 3.61616025657e-06, 4.56135603599e-06, 2.43579438575e-06, 1.31649073865e-06, 1.0179326182e-06, 9.68232939158e-07, 9.95886239252e-07, 1.35407117341e-06, 1.7832840058e-06, 2.60391675511e-06, 2.33082937484e-06, 1.9425760911e-06, 2.39587348005e-06], "median": [0.00042677813326, 0.000827299780212, 0.000370046007447, 0.000380763609428, 0.000359971891157, 0.00021431047935, 0.00013328687055, 9.2503039923e-05, 9.09739974304e-05, 5.00641508552e-05, 6.26054534223e-05, 7.48317252146e-05, 4.68170219392e-05, 3.49798065145e-05, 2.13539242395e-05, 1.26194699988e-05, 1.58185393957e-05, 1.92808947759e-05, 1.18524631034e-05, 7.54690972826e-06, 4.00771205022e-06, 3.81559357265e-06, 2.75762704405e-06, 3.23956601278e-06, 2.99412386084e-06, 1.47313437537e-06, 1.16898104352e-06, 1.35499271892e-06, 1.28246506392e-06, 6.76238528285e-07, 4.45012375394e-07, 2.81308757621e-07, 1.6955475246e-07, 1.51829368633e-07, 1.73646554913e-07, 1.57125654709e-07, 2.23299366553e-07, 2.7691436344e-07, 3.31026114964e-07, 3.41515487889e-07], "min": [1.05598833761e-24, 1.02518982736e-24, 8.45323525905e-25, 2.48807400038e-24, 2.45442316632e-24, 2.35206688615e-24, 4.78567398533e-24, 3.24818763093e-24, 2.01023491768e-24, 3.07961357751e-24, 1.97854420575e-24, 2.6897553627e-24, 3.04847349049e-24, 1.97207199646e-24, 4.06845821638e-24, 3.13019060559e-24, 3.48338098779e-24, 3.94568187725e-24, 2.29343322164e-24, 4.00489298793e-24, 4.11692661926e-24, 3.18011031531e-24, 5.44744545442e-24, 4.93619535136e-24, 3.86786469325e-24, 5.10512163118e-24, 6.39969049716e-24, 4.67333624812e-24, 6.68776790582e-24, 4.88862112232e-24, 6.4708287903e-24, 5.47940970386e-24, 6.04857284698e-24, 5.38650555506e-24, 4.8575250143e-24, 6.04198822501e-24, 7.39232482382e-24, 7.17638125077e-24, 7.4349919436e-24, 5.53705571451e-24], "var": [2.96119560517e-06, 6.4638825279e-06, 1.21438529277e-06, 1.02149135728e-06, 3.07759250973e-06, 1.4796630694e-06, 1.14876854695e-06, 6.04761169143e-07, 3.72917725144e-07, 1.3300471835e-07, 1.72555630229e-07, 5.21658705566e-07, 5.70324630189e-07, 4.00071343165e-07, 1.26968672021e-07, 2.01093843799e-08, 3.5144928745e-08, 2.28891181564e-08, 2.19272493496e-08, 6.21511997423e-09, 4.97380447939e-09, 5.04573272053e-09, 1.04188635497e-09, 4.04688449418e-10, 1.29402225046e-10, 3.25974559845e-11, 2.87006581695e-11, 8.12686584695e-11, 1.40086747757e-10, 4.1322962413e-11, 9.03017591258e-12, 1.10172903786e-11, 7.6753126424e-12, 7.30470458427e-12, 2.52298425207e-11, 5.31427436778e-11, 8.64262689193e-11, 6.09025538334e-11, 2.96992812288e-11, 4.29183043271e-11]}, "mfcc": {"mean": [-670.165283203, 140.298492432, 7.407310009, 4.46183633804, 8.9226436615, -2.05026531219, 9.18856716156, -4.92403030396, 2.0838265419, -2.39579844475, -6.38658428192, -2.83990645409, -2.75636577606], "cov": [[10879.2548828, 47.9388542175, -874.141540527, -346.544433594, -151.592926025, -426.448974609, -126.499771118, -299.615020752, 177.274093628, 112.721931458, 82.2085113525, 211.104446411, -2.49538898468], [47.9388542175, 1803.40368652, -539.44519043, -30.3175296783, -62.2300109863, -13.5890302658, 181.086273193, -16.8512763977, -18.8692131042, -6.31209087372, 16.0622768402, -44.8819236755, 3.4594578743], [-874.141540527, -539.44519043, 1081.18591309, 76.6469802856, 115.584449768, 183.457504272, -63.7549362183, 191.131652832, -46.0684814453, 16.2019309998, 78.5091934204, 13.3140144348, 46.459236145], [-346.544433594, -30.3175296783, 76.6469802856, 379.954162598, 118.914382935, 5.30200767517, -28.7494411469, 53.1166191101, 71.7920150757, -3.31765055656, -0.814381122589, 32.6394195557, 10.7751550674], [-151.592926025, -62.2300109863, 115.584449768, 118.914382935, 260.680603027, 22.5971794128, -29.9866161346, 16.0852718353, 67.4121627808, 22.319021225, -20.7257137299, 27.2403964996, -3.85771989822], [-426.448974609, -13.5890302658, 183.457504272, 5.30200767517, 22.5971794128, 357.224609375, 116.534362793, 95.8056411743, -55.4686889648, 95.1597442627, 63.1256256104, -55.0246353149, 48.1553573608], [-126.499771118, 181.086273193, -63.7549362183, -28.7494411469, -29.9866161346, 116.534362793, 285.343231201, 45.5855140686, -32.1564445496, 41.4109535217, 28.0602436066, 10.8369932175, 38.983039856], [-299.615020752, -16.8512763977, 191.131652832, 53.1166191101, 16.0852718353, 95.8056411743, 45.5855140686, 219.106460571, 20.2039985657, 33.0496139526, 50.1764373779, 10.5060272217, 64.5270996094], [177.274093628, -18.8692131042, -46.0684814453, 71.7920150757, 67.4121627808, -55.4686889648, -32.1564445496, 20.2039985657, 177.512802124, 16.2896652222, -18.6845245361, 46.7131690979, 9.61831188202], [112.721931458, -6.31209087372, 16.2019309998, -3.31765055656, 22.319021225, 95.1597442627, 41.4109535217, 33.0496139526, 16.2896652222, 155.72605896, 53.0423583984, -15.1329269409, 23.7675819397], [82.2085113525, 16.0622768402, 78.5091934204, -0.814381122589, -20.7257137299, 63.1256256104, 28.0602436066, 50.1764373779, -18.6845245361, 53.0423583984, 166.610549927, 40.422039032, 24.4268684387], [211.104446411, -44.8819236755, 13.3140144348, 32.6394195557, 27.2403964996, -55.0246353149, 10.8369932175, 10.5060272217, 46.7131690979, -15.1329269409, 40.422039032, 156.838104248, 23.6997127533], [-2.49538898468, 3.4594578743, 46.459236145, 10.7751550674, -3.85771989822, 48.1553573608, 38.983039856, 64.5270996094, 9.61831188202, 23.7675819397, 24.4268684387, 23.6997127533, 145.77986145]], "icov": [[0.000112935929792, 1.29653171825e-05, 6.97456052876e-05, 9.77535964921e-05, 2.46312465606e-05, 8.32685327623e-05, 5.26284638909e-05, 8.81678133737e-05, -7.7250180766e-05, -0.000143077762914, -7.99236659077e-05, -0.000122409925098, -4.60647570435e-05], [1.29653171825e-05, 0.000720332434867, 0.000402263132855, -1.20200256788e-05, -0.000131126900669, 8.51348959259e-05, -0.000384347105864, -0.000193302432308, 5.41596236872e-05, 0.000236220890656, -0.000340364029398, 0.00034796106047, -2.9058122891e-05], [6.97456052876e-05, 0.000402263132855, 0.00162882613949, 7.99464760348e-05, -0.000663422921207, -0.000510021054652, 0.000543883536011, -0.00115135358647, 0.000651573820505, 0.000381464487873, -0.000474667700473, -0.000190813050722, -1.2878801499e-05], [9.77535964921e-05, -1.20200256788e-05, 7.99464760348e-05, 0.00339462282136, -0.00125467032194, -6.90568049322e-05, 0.000282625842374, -0.000609782524407, -0.000862124317791, 0.000409671920352, -0.000219039560761, -0.000277683633612, -1.8551310859e-05], [2.46312465606e-05, -0.000131126900669, -0.000663422921207, -0.00125467032194, 0.00545942038298, -0.000677165051457, 0.000399063224904, 0.000604330212809, -0.00148126063868, -0.00107973045669, 0.00136089138687, -0.00110036635306, 0.000526272982825], [8.32685327623e-05, 8.51348959259e-05, -0.000510021054652, -6.90568049322e-05, -0.000677165051457, 0.00522585399449, -0.00169231242035, -0.000773875392042, 0.00110458745621, -0.00198277225718, -0.000966540828813, 0.00192163209431, -0.000682099256665], [5.26284638909e-05, -0.000384347105864, 0.000543883536011, 0.000282625842374, 0.000399063224904, -0.00169231242035, 0.00502810860053, -0.000747948710341, 0.000834005768411, -0.000697611889336, 0.00060170260258, -0.00165637722239, -0.000400951306801], [8.81678133737e-05, -0.000193302432308, -0.00115135358647, -0.000609782524407, 0.000604330212809, -0.000773875392042, -0.000747948710341, 0.00729183852673, -0.00170018163044, -1.36369430948e-06, -0.00115764338989, 0.000357794575393, -0.00208967668004], [-7.7250180766e-05, 5.41596236872e-05, 0.000651573820505, -0.000862124317791, -0.00148126063868, 0.00110458745621, 0.000834005768411, -0.00170018163044, 0.00840498693287, -0.00195564352907, 0.00159913650714, -0.00213266420178, -0.000178020840394], [-0.000143077762914, 0.000236220890656, 0.000381464487873, 0.000409671920352, -0.00107973045669, -0.00198277225718, -0.000697611889336, -1.36369430948e-06, -0.00195564352907, 0.00960682053119, -0.00308881048113, 0.00207952223718, -0.000604111177381], [-7.99236659077e-05, -0.000340364029398, -0.000474667700473, -0.000219039560761, 0.00136089138687, -0.000966540828813, 0.00060170260258, -0.00115764338989, 0.00159913650714, -0.00308881048113, 0.00906666461378, -0.00360683957115, 0.000346217595506], [-0.000122409925098, 0.00034796106047, -0.000190813050722, -0.000277683633612, -0.00110036635306, 0.00192163209431, -0.00165637722239, 0.000357794575393, -0.00213266420178, 0.00207952223718, -0.00360683957115, 0.00965804886073, -0.00147244264372], [-4.60647570435e-05, -2.9058122891e-05, -1.2878801499e-05, -1.8551310859e-05, 0.000526272982825, -0.000682099256665, -0.000400951306801, -0.00208967668004, -0.000178020840394, -0.000604111177381, 0.000346217595506, -0.00147244264372, 0.0084280623123]]}, "spectral_contrast_coeffs": {"dmean": [0.0455209426582, 0.0457626692951, 0.0401430130005, 0.0350087285042, 0.025476872921, 0.0187295358628], "dmean2": [0.0743977651, 0.0712674930692, 0.059681955725, 0.0520183779299, 0.0381132736802, 0.0290947519243], "dvar": [0.00165267591365, 0.00191583496053, 0.00134780001827, 0.000993621419184, 0.000550871540327, 0.000306088797515], "dvar2": [0.00416062725708, 0.00415553990752, 0.00264353957027, 0.00198149727657, 0.00111362361349, 0.00068014243152], "max": [-0.228096172214, -0.341849565506, -0.389937996864, -0.412567317486, -0.463627099991, -0.626967132092], "mean": [-0.617162406445, -0.662452936172, -0.681528866291, -0.711398720741, -0.767690956593, -0.803571641445], "median": [-0.622980237007, -0.667593598366, -0.683202028275, -0.710613191128, -0.771132349968, -0.804121017456], "min": [-0.978500306606, -0.970905840397, -0.979725897312, -0.977635741234, -0.96587151289, -0.963924050331], "var": [0.00923202838749, 0.00963006727397, 0.0100884297863, 0.00719007197767, 0.00368057866581, 0.00158757530153]}, "spectral_contrast_valleys": {"dmean": [0.37593999505, 0.358325302601, 0.350784480572, 0.339409977198, 0.315334260464, 0.395729869604], "dmean2": [0.614191353321, 0.557687699795, 0.534006714821, 0.508523225784, 0.438368737698, 0.500496089458], "dvar": [0.124405890703, 0.128920823336, 0.121139869094, 0.128481343389, 0.131552621722, 0.197734624147], "dvar2": [0.275167822838, 0.269159048796, 0.24078451097, 0.246583387256, 0.224544465542, 0.316491633654], "max": [-5.25226545334, -4.78674650192, -5.1902551651, -5.57713747025, -5.54634809494, -7.45282506943], "mean": [-7.58130550385, -7