{"lowlevel": {"average_loudness": 0.0315195769072, "barkbands_crest": {"dmean": 2.04247403145, "dmean2": 3.20071554184, "dvar": 4.30132770538, "dvar2": 10.8745937347, "max": 26.862411499, "mean": 12.3482780457, "median": 11.4625806808, "min": 3.53253483772, "var": 21.7849254608}, "barkbands_flatness_db": {"dmean": 0.0218243040144, "dmean2": 0.0315239466727, "dvar": 0.000669088913128, "dvar2": 0.00143300241325, "max": 0.671468615532, "mean": 0.295741647482, "median": 0.303788691759, "min": 0.0673258006573, "var": 0.00830107182264}, "barkbands_kurtosis": {"dmean": 11.1492462158, "dmean2": 15.0257539749, "dvar": 14575.5830078, "dvar2": 23047.0566406, "max": 5904.59667969, "mean": 15.6731529236, "median": 0.791863918304, "min": -1.88273060322, "var": 33130.5}, "barkbands_skewness": {"dmean": 0.543671429157, "dmean2": 0.794536590576, "dvar": 1.62232911587, "dvar2": 3.17145204544, "max": 56.4497718811, "mean": 1.31993055344, "median": 0.996518909931, "min": -8.83097743988, "var": 7.95649242401}, "barkbands_spread": {"dmean": 2.34207510948, "dmean2": 3.56580042839, "dvar": 21.1843109131, "dvar2": 61.6437530518, "max": 117.712425232, "mean": 13.1386737823, "median": 12.2539787292, "min": 0.0424102284014, "var": 100.149711609}, "dissonance": {"dmean": 0.0297829825431, "dmean2": 0.0503817945719, "dvar": 0.00100012274925, "dvar2": 0.00290497462265, "max": 0.499999910593, "mean": 0.417327702045, "median": 0.429419130087, "min": 0.0252548418939, "var": 0.00298128440045}, "dynamic_complexity": 7.56211137772, "erbbands_crest": {"dmean": 1.9129550457, "dmean2": 2.8527033329, "dvar": 3.80822849274, "dvar2": 8.17578315735, "max": 29.264169693, "mean": 14.0889377594, "median": 13.3681201935, "min": 2.76277661324, "var": 28.7876567841}, "erbbands_flatness_db": {"dmean": 0.0157158598304, "dmean2": 0.0216105189174, "dvar": 0.000417528586695, "dvar2": 0.000809291144833, "max": 0.54978120327, "mean": 0.31508821249, "median": 0.326867669821, "min": 0.0627947747707, "var": 0.00647201063111}, "erbbands_kurtosis": {"dmean": 1.2309268713, "dmean2": 1.79585564137, "dvar": 5.09023809433, "dvar2": 10.9779806137, "max": 53.6755371094, "mean": 2.3490319252, "median": 0.158863544464, "min": -1.89908778667, "var": 30.9675960541}, "erbbands_skewness": {"dmean": 0.305106550455, "dmean2": 0.429358094931, "dvar": 0.107230387628, "dvar2": 0.211355060339, "max": 6.04735898972, "mean": 0.0514510013163, "median": -0.110428720713, "min": -4.28144264221, "var": 2.12275385857}, "erbbands_spread": {"dmean": 3.18484330177, "dmean2": 4.54345655441, "dvar": 13.4391613007, "dvar2": 26.894859314, "max": 71.8450164795, "mean": 22.4033908844, "median": 20.9541816711, "min": 0.882808208466, "var": 176.467300415}, "hfc": {"dmean": 1.86493968964, "dmean2": 2.3271510601, "dvar": 19.8786754608, "dvar2": 29.5030975342, "max": 197.645263672, "mean": 10.9085235596, "median": 4.40969181061, "min": 1.20641221846e-16, "var": 337.148620605}, "melbands_crest": {"dmean": 2.46438622475, "dmean2": 3.93213391304, "dvar": 6.33328533173, "dvar2": 16.116897583, "max": 39.4220046997, "mean": 14.8012247086, "median": 14.1744651794, "min": 2.1174519062, "var": 27.5318031311}, "melbands_flatness_db": {"dmean": 0.0233509503305, "dmean2": 0.0325945541263, "dvar": 0.000759286107495, "dvar2": 0.00155549729243, "max": 0.739174604416, "mean": 0.372556954622, "median": 0.376593917608, "min": 0.0066761514172, "var": 0.0133754760027}, "melbands_kurtosis": {"dmean": 4.1916437149, "dmean2": 6.17783641815, "dvar": 190.702255249, "dvar2": 364.29586792, "max": 631.716491699, "mean": 9.51919364929, "median": 3.77188014984, "min": -1.88313615322, "var": 525.60369873}, "melbands_skewness": {"dmean": 0.482842475176, "dmean2": 0.708162605762, "dvar": 0.366154909134, "dvar2": 0.781687021255, "max": 18.2158756256, "mean": 1.93053364754, "median": 1.73883783817, "min": -4.6756234169, "var": 2.80955791473}, "melbands_spread": {"dmean": 3.52030014992, "dmean2": 5.07265853882, "dvar": 32.6591262817, "dvar2": 62.5943527222, "max": 151.068817139, "mean": 18.9697132111, "median": 16.5291976929, "min": 0.0989426746964, "var": 243.939315796}, "pitch_salience": {"dmean": 0.0540171414614, "dmean2": 0.0857097133994, "dvar": 0.00277536106296, "dvar2": 0.00674654496834, "max": 0.952900052071, "mean": 0.463422685862, "median": 0.457665503025, "min": 0.026720603928, "var": 0.0140443453565}, "silence_rate_20dB": {"dmean": 0, "dmean2": 0, "dvar": 0, "dvar2": 0, "max": 1, "mean": 1, "median": 1, "min": 1, "var": 0}, "silence_rate_30dB": {"dmean": 0.00371747207828, "dmean2": 0.00743667222559, "dvar": 0.00370342074893, "dvar2": 0.00923960097134, "max": 1, "mean": 0.989547014236, "median": 1, "min": 0, "var": 0.0103443730623}, "silence_rate_60dB": {"dmean": 0.0506505593657, "dmean2": 0.101324655116, "dvar": 0.0480836257339, "dvar2": 0.102675713599, "max": 1, "mean": 0.327526122332, "median": 0, "min": 0, "var": 0.220254957676}, "spectral_centroid": {"dmean": 107.976119995, "dmean2": 148.706741333, "dvar": 40999.671875, "dvar2": 64602.8164062, "max": 10571.7167969, "mean": 911.802734375, "median": 800.397827148, "min": 157.461883545, "var": 376739.65625}, "spectral_complexity": {"dmean": 1.00882899761, "dmean2": 1.60910987854, "dvar": 1.39764106274, "dvar2": 2.70654630661, "max": 24, "mean": 7.6615562439, "median": 7, "min": 0, "var": 20.8218193054}, "spectral_decrease": {"dmean": 7.3735195727e-10, "dmean2": 1.02765063126e-09, "dvar": 2.1632704485e-18, "dvar2": 3.93208410547e-18, "max": 6.70201161109e-16, "mean": -3.59538776529e-09, "median": -1.41869793691e-09, "min": -3.94506756152e-08, "var": 2.76528596359e-17}, "spectral_energy": {"dmean": 0.00293008796871, "dmean2": 0.00405770912766, "dvar": 3.38745994668e-05, "dvar2": 6.06268913543e-05, "max": 0.166822865605, "mean": 0.0145592261106, "median": 0.00583249237388, "min": 1.10408626963e-20, "var": 0.000455748056993}, "spectral_energyband_high": {"dmean": 2.4390681574e-05, "dmean2": 3.40032638633e-05, "dvar": 7.56795781598e-09, "dvar2": 1.60864566112e-08, "max": 0.00220359815285, "mean": 7.23427292542e-05, "median": 1.66503173205e-06, "min": 7.93152389325e-21, "var": 3.8074180253e-08}, "spectral_energyband_low": {"dmean": 0.000761918025091, "dmean2": 0.00117069249973, "dvar": 3.12738757202e-06, "dvar2": 7.52123469283e-06, "max": 0.0311311334372, "mean": 0.00168097531423, "median": 0.000131694483571, "min": 5.5827490625e-23, "var": 1.07229379864e-05}, "spectral_energyband_middle_high": {"dmean": 0.000958906661253, "dmean2": 0.00114968116395, "dvar": 8.88277736522e-06, "dvar2": 1.29407508211e-05, "max": 0.134818926454, "mean": 0.005380731076, "median": 0.00138049840461, "min": 1.78884835269e-21, "var": 0.000124639482237}, "spectral_energyband_middle_low": {"dmean": 0.0022250788752, "dmean2": 0.00324164237827, "dvar": 2.3736143703e-05, "dvar2": 4.68159087177e-05, "max": 0.133534356952, "mean": 0.0080051664263, "median": 0.00306420982815, "min": 3.37534951605e-22, "var": 0.000165060031577}, "spectral_entropy": {"dmean": 0.158320352435, "dmean2": 0.233173489571, "dvar": 0.0517792440951, "dvar2": 0.118486076593, "max": 9.81191444397, "mean": 5.92102813721, "median": 5.87422037125, "min": 3.99959373474, "var": 0.51795810461}, "spectral_flux": {"dmean": 0.0106972279027, "dmean2": 0.0172112621367, "dvar": 0.00021858823311, "dvar2": 0.000531262136064, "max": 0.261674940586, "mean": 0.0311371348798, "median": 0.023742960766, "min": 1.05075510792e-10, "var": 0.000738251721486}, "spectral_kurtosis": {"dmean": 15.3419332504, "dmean2": 26.5330524445, "dvar": 380.488037109, "dvar2": 1054.8001709, "max": 455.003692627, "mean": 40.9106674194, "median": 26.0155124664, "min": -1.22487545013, "var": 2137.48413086}, "spectral_rms": {"dmean": 0.000339660793543, "dmean2": 0.000461714866105, "dvar": 1.96539218678e-07, "dvar2": 3.51804146703e-07, "max": 0.0127575080842, "mean": 0.00301078497432, "median": 0.00238542165607, "min": 3.28200747829e-12, "var": 5.13929307999e-06}, "spectral_rolloff": {"dmean": 213.283493042, "dmean2": 370.386199951, "dvar": 975551.3125, "dvar2": 2525280.25, "max": 19789.0136719, "mean": 1329.75378418, "median": 1356.59179688, "min": 21.533203125, "var": 2342571.75}, "spectral_skewness": {"dmean": 0.941247284412, "dmean2": 1.63648557663, "dvar": 0.922271847725, "dvar2": 2.67642998695, "max": 17.1348133087, "mean": 3.89895963669, "median": 3.28057742119, "min": 0.0568536296487, "var": 6.62172031403}, "spectral_spread": {"dmean": 345268.6875, "dmean2": 577542.1875, "dvar": 399682699264, "dvar2": 718188380160, "max": 41449172, "mean": 2141868, "median": 1604197.375, "min": 299557.09375, "var": 3664373088260.0}, "spectral_strongpeak": {"dmean": 0.434814184904, "dmean2": 0.703166723251, "dvar": 0.816030800343, "dvar2": 1.76711928844, "max": 19.0898532867, "mean": 1.45346772671, "median": 0.538031756878, "min": 0, "var": 4.49302721024}, "zerocrossingrate": {"dmean": 0.00531368888915, "dmean2": 0.00606839545071, "dvar": 0.00018411380006, "dvar2": 0.000198680354515, "max": 0.73095703125, "mean": 0.0461215376854, "median": 0.04052734375, "min": 0, "var": 0.00213877065107}, "barkbands": {"dmean": [1.12763154902e-05, 0.000146258913446, 0.000442494929302, 0.000630470516626, 0.00125106307678, 0.000656567222904, 0.000236628256971, 0.000190860184375, 0.00011708495731, 7.08041334292e-05, 0.000215653810301, 8.48774652695e-05, 0.000514767307322, 0.000323081971146, 0.000117492651043, 3.66305175703e-05, 2.45072733378e-05, 1.7096499505e-05, 7.97796565166e-06, 6.75875708112e-06, 6.46762464385e-06, 5.43568967259e-06, 4.41990096078e-06, 4.32808019468e-06, 1.69609290879e-06, 1.08770188945e-06, 3.46542691432e-07], "dmean2": [1.99284604605e-05, 0.000229006342124, 0.000683527090587, 0.00101417326368, 0.0018540272722, 0.000944087456446, 0.000356785632903, 0.000248155207373, 0.000168494007085, 0.000100853445474, 0.000251732533798, 0.000107145664515, 0.000627143890597, 0.000392902788008, 0.000162056472618, 4.7868983529e-05, 3.3158405131e-05, 2.22926428251e-05, 1.05853960122e-05, 9.0909688879e-06, 8.87847454578e-06, 7.28974919184e-06, 6.49376806905e-06, 6.19129150436e-06, 2.40160898102e-06, 1.62914875546e-06, 5.39870654848e-07], "dvar": [1.26296162417e-09, 2.35429894246e-07, 1.17817467071e-06, 3.06939091388e-06, 1.15509528769e-05, 1.72063300852e-06, 4.51048833838e-07, 1.39214046158e-06, 5.58830492992e-08, 1.72199946746e-07, 5.603117188e-07, 1.23714229971e-07, 6.77037678543e-06, 1.02187186712e-06, 1.2777870495e-07, 3.3710659153e-08, 2.15297077943e-08, 1.21852234969e-08, 1.29182953224e-09, 6.64155952457e-10, 1.14172771237e-09, 9.90559079206e-10, 9.35983957007e-10, 6.72576272454e-10, 8.37108299345e-11, 3.91512482156e-11, 6.38437913647e-12], "dvar2": [3.57667051532e-09, 5.83006624311e-07, 2.93143421004e-06, 7.90052945376e-06, 2.37695749092e-05, 3.78477284357e-06, 1.0026186601e-06, 1.55064412866e-06, 1.0490971647e-07, 2.54783628861e-07, 7.58305418458e-07, 1.74795289354e-07, 1.02520207292e-05, 1.52295933731e-06, 2.53766557989e-07, 6.37412682636e-08, 4.0592350814e-08, 2.78198371007e-08, 2.82322143441e-09, 1.39705735869e-09, 2.36239716678e-09, 1.72298231238e-09, 1.83551351896e-09, 1.35936195633e-09, 1.85680415488e-10, 8.37997587988e-11, 1.46113589977e-11], "max": [0.000815355568193, 0.0143859004602, 0.0162864364684, 0.0398640334606, 0.0882704108953, 0.0323787778616, 0.0162999257445, 0.0766336023808, 0.00658337725326, 0.0238754227757, 0.0200602989644, 0.014926075004, 0.125165194273, 0.0445958375931, 0.00990433059633, 0.0085808346048, 0.00752761820331, 0.0046309218742, 0.00138881057501, 0.000835992686916, 0.00117484922521, 0.00112761324272, 0.00112682557665, 0.000772287079599, 0.000221166861593, 0.000133030524012, 6.30889771855e-05], "mean": [1.07840969577e-05, 0.000288398412522, 0.000834650592878, 0.00120248261373, 0.00349089270458, 0.00153974606656, 0.000576900376473, 0.000835554208606, 0.000288761337288, 0.000233228696743, 0.000788359728176, 0.000287730450509, 0.00181942887139, 0.00151290011127, 0.000401601049816, 0.000164334182045, 0.000107490675873, 7.38293820177e-05, 2.37507629208e-05, 1.83634565474e-05, 1.84004657058e-05, 1.76329103851e-05, 1.1042981896e-05, 8.92320076673e-06, 2.50539369517e-06, 1.24477878671e-06, 3.17885650247e-07], "median": [9.68104018284e-07, 6.57937152937e-06, 5.20112116646e-05, 5.52842648176e-05, 0.000834310776554, 0.000576359219849, 6.76128183841e-05, 4.25087891927e-05, 9.35280622798e-05, 1.03746660898e-05, 1.16432393042e-05, 1.61805728567e-05, 0.00013246529852, 0.000161758667673, 1.33969042508e-05, 6.52923972666e-06, 4.90249249196e-06, 3.56729992745e-06, 1.33858520712e-06, 9.60858073995e-07, 3.79627692837e-07, 1.14719284738e-07, 2.78492127137e-08, 2.20118661076e-08, 7.07698655233e-09, 3.48243700543e-09, 4.12231404567e-09], "min": [1.21060653442e-23, 2.82985863719e-23, 1.23448006865e-23, 1.99315962896e-23, 5.62266226886e-23, 9.02343090276e-23, 1.13989605633e-22, 2.04392424816e-23, 1.95473815857e-23, 1.59839728679e-22, 1.27134161394e-22, 8.46991497347e-23, 1.43545345987e-22, 7.40286510992e-23, 1.91003571454e-22, 1.10919119176e-22, 1.48548163008e-22, 1.75318669009e-22, 3.7989738806e-22, 4.71128735231e-22, 3.70218481272e-22, 3.29500182404e-22, 4.68474578005e-22, 1.07701652155e-21, 1.29232268868e-21, 1.90660748913e-21, 2.41849072248e-21], "var": [1.14746234736e-09, 1.00051931895e-06, 3.16176510751e-06, 8.32069054013e-06, 4.6457764256e-05, 5.85385396334e-06, 1.85982264611e-06, 2.99811163131e-05, 3.73349337224e-07, 1.21830760236e-06, 5.48155958313e-06, 9.59043973126e-07, 4.79035625176e-05, 1.55958823598e-05, 1.01592979718e-06, 3.24255807982e-07, 2.22541089556e-07, 8.0835846461e-08, 5.00931296443e-09, 3.32459682006e-09, 6.59864474173e-09, 6.94146962132e-09, 4.11575040715e-09, 2.35896546741e-09, 1.59476640227e-10, 5.47318267097e-11, 6.55333079469e-12]}, "erbbands": {"dmean": [0.00116823392455, 0.0456619746983, 0.3836607337, 1.29203236103, 3.1046359539, 5.24585962296, 4.47828149796, 5.68017196655, 3.96855115891, 5.39426612854, 2.33526396751, 2.21515107155, 2.79795050621, 4.20550727844, 6.71898031235, 4.01531410217, 21.9698429108, 20.9564781189, 5.39148902893, 5.74481678009, 1.92336571217, 1.23258054256, 0.860485970974, 0.574057221413, 0.377951353788, 0.296881586313, 0.254410684109, 0.265442311764, 0.245542556047, 0.129426404834, 0.122947789729, 0.102426029742, 0.0553578697145, 0.0203926973045, 0.0118330530822, 0.00541901960969, 0.00178119330667, 0.000456126785139, 6.01802566962e-05, 6.52160451864e-06], "dmean2": [0.00187886448111, 0.0716179609299, 0.601724803448, 2.009308815, 4.94985771179, 7.82186412811, 6.50407409668, 8.3653678894, 5.89566230774, 7.59971284866, 3.21545982361, 3.09811758995, 4.07377338409, 5.13589763641, 7.87773132324, 5.02855634689, 26.8265895844, 24.8023090363, 7.06751537323, 7.73465013504, 2.44539642334, 1.68560636044, 1.0993771553, 0.759111642838, 0.511150419712, 0.400514543056, 0.350417077541, 0.363728284836, 0.329256176949, 0.185964375734, 0.18298175931, 0.147078216076, 0.0801162421703, 0.0302083771676, 0.0169625598937, 0.00818661600351, 0.00265402137302, 0.000694069836754, 9.24418200157e-05, 9.60593388299e-06], "dvar": [1.34851206894e-05, 0.0211224779487, 0.947228491306, 11.6436281204, 109.073669434, 180.534713745, 88.1794815063, 141.493637085, 109.735321045, 676.743896484, 77.3015975952, 26.2759819031, 49.5637321472, 317.562652588, 546.782470703, 196.934036255, 12292.0732422, 4486.7421875, 292.94708252, 410.50302124, 76.6507492065, 73.037727356, 21.7748165131, 10.2897758484, 3.1633913517, 1.44191205502, 1.08291018009, 2.89298057556, 2.32456159592, 1.08338725567, 0.639813780785, 0.416802734137, 0.147020891309, 0.0140058072284, 0.00427533127367, 0.00109866971616, 0.000114384391054, 7.55113069317e-06, 1.86235098454e-07, 1.03846309329e-09], "dvar2": [3.72907161363e-05, 0.0520229525864, 2.37467932701, 28.3910751343, 244.698959351, 375.195526123, 187.626358032, 321.957733154, 249.916137695, 997.56854248, 95.674041748, 43.7949256897, 95.0871963501, 432.286407471, 723.973388672, 273.354492188, 17741.7382812, 6604.04199219, 575.664978027, 831.229736328, 138.066146851, 134.709457397, 46.6634941101, 22.3434123993, 7.55928611755, 3.08265805244, 2.18539333344, 5.92838573456, 4.0161819458, 2.22711515427, 1.23938322067, 0.852306842804, 0.306237369776, 0.0312842614949, 0.00875394139439, 0.0024442889262, 0.000243304777541, 1.64208831848e-05, 4.15659627606e-07, 2.55147347694e-09], "max": [0.0905083790421, 4.20472478867, 15.7255811691, 66.8427276611, 344.97442627, 332.994140625, 288.14855957, 275.383209229, 235.930419922, 1452.82434082, 558.254394531, 178.860916138, 260.120544434, 916.07409668, 721.59387207, 534.105163574, 5258.72363281, 2431.64282227, 669.45526123, 663.069091797, 493.489898682, 520.570922852, 205.737426758, 125.51020813, 78.7122421265, 45.5271873474, 24.7135734558, 59.299621582, 56.8453292847, 50.4393806458, 30.7148609161, 24.1801834106, 13.8056116104, 2.7945959568, 1.83623528481, 0.800728440285, 0.308919161558, 0.0532566793263, 0.0120346685871, 0.000874970166478], "mean": [0.00224898313172, 0.0951403975487, 0.78367036581, 2.73444795609, 6.31515884399, 14.9865684509, 11.1931962967, 13.1992959976, 9.46287250519, 19.669090271, 8.45870304108, 6.35167598724, 7.64941120148, 14.7976932526, 25.9314861298, 15.5535535812, 80.3505859375, 94.0987701416, 25.7901268005, 20.8177585602, 9.26368999481, 5.78584432602, 4.02978801727, 2.26539158821, 1.05327486992, 0.809648633003, 0.65929287672, 0.82670378685, 0.820052564144, 0.401348173618, 0.316048681736, 0.226547256112, 0.109520383179, 0.0327099710703, 0.0171557366848, 0.00644100829959, 0.00189389265142, 0.000448520382633, 6.28413326922e-05, 2.01167949854e-05], "median": [0.000217436769162, 0.00339413248003, 0.0554247051477, 0.198772296309, 0.712074458599, 3.126496315, 4.31938314438, 4.32730674744, 1.60419988632, 1.22521185875, 1.3550593853, 1.87314558029, 1.62915623188, 0.588911056519, 0.690527379513, 1.46734189987, 7.21175384521, 12.5023908615, 3.22249698639, 1.13378083706, 0.666232585907, 0.576636791229, 0.326427668333, 0.19576369226, 0.100563421845, 0.0528664402664, 0.0203634724021, 0.0159876514226, 0.00755321420729, 0.00238036806695, 0.00144030188676, 0.000838517444208, 0.000326807639794, 0.000135804511956, 6.43908424536e-05, 2.96457401419e-05, 1.13035976028e-05, 2.94738401863e-06, 4.38591587226e-06, 7.74547879701e-06], "min": [3.90324841807e-22, 7.61927452112e-21, 1.82593480158e-20, 3.63088538811e-20, 7.58823505331e-20, 2.35704882902e-19, 4.98542272174e-19, 9.25770822197e-19, 1.54819104252e-18, 8.70904966142e-19, 5.60289805636e-19, 4.85975123922e-19, 2.50613391727e-18, 6.59735640566e-18, 4.09098053806e-18, 4.65430459728e-18, 7.53534241076e-18, 3.92914471916e-18, 8.69832278324e-18, 6.59722736548e-18, 7.64411831567e-18, 8.47315429433e-18, 9.26473553487e-18, 1.39053246504e-17, 2.06204711617e-17, 2.26824388685e-17, 1.79808567633e-17, 1.3883174408e-17, 1.24875693405e-17, 1.11159367944e-17, 1.36854186846e-17, 1.95832478849e-17, 1.75833832441e-17, 1.31721845473e-17, 1.0937613198e-17, 8.65616883204e-18, 3.23327944244e-18, 1.23571787926e-18, 3.09970941906e-19, 3.68433708844e-20], "var": [3.70902889699e-05, 0.0920167937875, 2.97924995422, 35.0070152283, 240.011672974, 931.148254395, 319.037139893, 472.390319824, 436.828033447, 11208.7587891, 1628.12060547, 274.974487305, 324.004638672, 2781.56347656, 5936.72851562, 1796.25427246, 91700.578125, 54744.4335938, 3397.47167969, 2816.39672852, 788.005859375, 736.14263916, 190.053955078, 58.835849762, 7.4362282753, 7.07874441147, 4.41472101212, 17.4955768585, 16.1207771301, 5.2799038887, 3.34010791779, 1.6095700264, 0.503757715225, 0.0310025308281, 0.00880161486566, 0.00154934613965, 0.000151221756823, 8.69925224833e-06, 2.03275845934e-07, 1.48367496067e-09]}, "gfcc": {"mean": [-200.803207397, 162.807800293, -139.735687256, -11.0914554596, -40.7456932068, -19.8328933716, -44.411945343, -33.2083129883, -20.8620986938, -9.76598644257, -6.383040905, -13.6452274323, -6.11739397049], "cov": [[23445.5449219, -339.551055908, -4662.80078125, 1071.1361084, -640.694213867, 1287.98388672, -1108.1282959, -653.28527832, -349.863037109, 440.594543457, 44.4125328064, 24.1721248627, -168.437347412], [-339.551055908, 3393.25073242, 252.895828247, -713.135192871, 1077.85888672, -434.841064453, 191.673995972, -401.101593018, 84.8047332764, -236.904602051, -6.89199638367, -140.110595703, 75.0077362061], [-4662.80078125, 252.895828247, 3371.37329102, 519.245422363, 295.11505127, 456.182189941, 218.747573853, 303.587585449, 125.491638184, -211.428543091, -379.405273438, -124.417259216, -41.3662033081], [1071.1361084, -713.135192871, 519.245422363, 1295.71020508, -163.300323486, 421.905487061, 79.95287323, 137.652954102, 11.6050834656, -30.3648509979, -137.200714111, 3.86162996292, 30.3937988281], [-640.694213867, 1077.85888672, 295.11505127, -163.300323486, 1070.6036377, 19.5908107758, 77.8328475952, 7.53843832016, 96.9442367554, -89.4911346436, -98.8938140869, -38.4403266907, 6.50329208374], [1287.98388672, -434.841064453, 456.182189941, 421.905487061, 19.5908107758, 689.055236816, 79.8447799683, 35.0303001404, 9.41995334625, 27.8809299469, -156.71963501, -28.64610672, -9.26012420654], [-1108.1282959, 191.673995972, 218.747573853, 79.95287323, 77.8328475952, 79.8447799683, 425.809356689, 21.167427063, -22.2230472565, -15.0702142715, 2.89285111427, 34.0793647766, 58.1233291626], [-653.28527832, -401.101593018, 303.587585449, 137.652954102, 7.53843832016, 35.0303001404, 21.167427063, 353.815948486, 24.7709407806, -36.8429107666, 10.8934545517, 36.310585022, -21.3584690094], [-349.863037109, 84.8047332764, 125.491638184, 11.6050834656, 96.9442367554, 9.41995334625, -22.2230472565, 24.7709407806, 161.920455933, 26.8629226685, -38.7538528442, -13.0065774918, 1.63480162621], [440.594543457, -236.904602051, -211.428543091, -30.3648509979, -89.4911346436, 27.8809299469, -15.0702142715, -36.8429107666, 26.8629226685, 189.407897949, 44.7759437561, 20.7644882202, 9.08475399017], [44.4125328064, -6.89199638367, -379.405273438, -137.200714111, -98.8938140869, -156.71963501, 2.89285111427, 10.8934545517, -38.7538528442, 44.7759437561, 199.653213501, 47.5178489685, -29.4273757935], [24.1721248627, -140.110595703, -124.417259216, 3.86162996292, -38.4403266907, -28.64610672, 34.0793647766, 36.310585022, -13.0065774918, 20.7644882202, 47.5178489685, 156.092987061, 37.2792663574], [-168.437347412, 75.0077362061, -41.3662033081, 30.3937988281, 6.50329208374, -9.26012420654, 58.1233291626, -21.3584690094, 1.63480162621, 9.08475399017, -29.4273757935, 37.2792663574, 190.503189087]], "icov": [[0.000254325277638, -0.000458816473838, 0.00050168071175, -0.000325079163304, 0.00031609859434, -0.000839140731841, 0.000769842474256, -0.000392382149585, 0.000656499527395, -0.000610998133197, 0.000570025469642, -0.000332309689838, 0.000412450288422], [-0.000458816473838, 0.00171781517565, -0.0010626638541, 0.000781717593782, -0.00131284364033, 0.00186583469622, -0.00170150841586, 0.00185479503125, -0.00163804506883, 0.00207703537308, -0.0018036228139, 0.00111842784099, -0.00115736620501], [0.00050168071175, -0.0010626638541, 0.00149538530968, -0.000706268416252, 0.000755515182391, -0.00179845455568, 0.00131850666367, -0.00133766361978, 0.00117412453983, -0.00110247603152, 0.00199629599229, -0.000567781855352, 0.00109588296618], [-0.000325079163304, 0.000781717593782, -0.000706268416252, 0.00154012232088, -0.000320770253893, 0.000580820604227, -0.00113072746899, 0.000435537687736, -0.00104058522265, 0.00122739968356, -0.000593980308622, 0.000443494267529, -0.000789432728197], [0.00031609859434, -0.00131284364033, 0.000755515182391, -0.000320770253893, 0.00215810723603, -0.00140530755743, 0.000945225183386, -0.00144823815208, 0.000465904071461, -0.00100499892142, 0.0017661487218, -0.0007909394335, 0.000890409341082], [-0.000839140731841, 0.00186583469622, -0.00179845455568, 0.000580820604227, -0.00140530755743, 0.00524829886854, -0.00304205808789, 0.00166018563323, -0.00178465736099, 0.00128105434123, -0.000466344703455, 0.00129287375603, -0.000913222786039], [0.000769842474256, -0.00170150841586, 0.00131850666367, -0.00113072746899, 0.000945225183386, -0.00304205808789, 0.00525293778628, -0.00146937696263, 0.00261548813432, -0.00205144076608, 0.000994560541585, -0.00160884961952, 0.000413596862927], [-0.000392382149585, 0.00185479503125, -0.00133766361978, 0.000435537687736, -0.00144823815208, 0.00166018563323, -0.00146937696263, 0.00563013693318, -0.00230356073007, 0.00293221371248, -0.00305997650139, 0.000160714873346, -0.00085169414524], [0.000656499527395, -0.00163804506883, 0.00117412453983, -0.00104058522265, 0.000465904071461, -0.00178465736099, 0.00261548813432, -0.00230356073007, 0.00962265953422, -0.004344063811, 0.00346887484193, -0.000848448078614, 0.00131392572075], [-0.000610998133197, 0.00207703537308, -0.00110247603152, 0.00122739968356, -0.00100499892142, 0.00128105434123, -0.00205144076608, 0.00293221371248, -0.004344063811, 0.00960688106716, -0.00417282339185, 0.000907700974494, -0.00198508310132], [0.000570025469642, -0.0018036228139, 0.00199629599229, -0.000593980308622, 0.0017661487218, -0.000466344703455, 0.000994560541585, -0.00305997650139, 0.00346887484193, -0.00417282339185, 0.0116646382958, -0.00280800578184, 0.00353349582292], [-0.000332309689838, 0.00111842784099, -0.000567781855352, 0.000443494267529, -0.0007909394335, 0.00129287375603, -0.00160884961952, 0.000160714873346, -0.000848448078614, 0.000907700974494, -0.00280800578184, 0.0086113428697, -0.00248440098949], [0.000412450288422, -0.00115736620501, 0.00109588296618, -0.000789432728197, 0.000890409341082, -0.000913222786039, 0.000413596862927, -0.00085169414524, 0.00131392572075, -0.00198508310132, 0.00353349582292, -0.00248440098949, 0.00725245755166]]}, "melbands": {"dmean": [2.46363488259e-05, 0.000152545690071, 0.000269122800091, 0.000282697932562, 0.000178295755177, 0.000127169216285, 5.67838505958e-05, 5.80344167247e-05, 1.79800463229e-05, 1.48532171806e-05, 1.42386288644e-05, 1.55785364768e-05, 2.82078563032e-05, 7.59183285481e-06, 2.21490590775e-05, 6.51156733511e-05, 3.56918972102e-05, 9.16584485822e-06, 8.88884642336e-06, 5.34811397301e-06, 1.8577281935e-06, 1.4582615222e-06, 7.58694909564e-07, 1.03606384982e-06, 3.83717434715e-07, 3.95504599737e-07, 1.63307106504e-07, 2.27787751328e-07, 1.91783016135e-07, 1.20488053312e-07, 1.85213920645e-07, 1.31412804194e-07, 1.1326316951e-07, 7.41128189929e-08, 6.51975966548e-08, 7.596819529e-08, 6.61356196474e-08, 4.31529372236e-08, 2.83300156667e-08, 1.47410714746e-08], "dmean2": [3.87895197491e-05, 0.000238745313254, 0.000428664439823, 0.000431126391049, 0.000255793071119, 0.000185636148672, 8.41199216666e-05, 7.97230895841e-05, 2.52296722465e-05, 2.10328907997e-05, 2.07492012123e-05, 1.94489730347e-05, 3.24568572978e-05, 9.97704046313e-06, 2.80313106487e-05, 7.80745322118e-05, 4.24264180765e-05, 1.20592503663e-05, 1.20834347399e-05, 7.10990661901e-06, 2.35360539591e-06, 2.02974183594e-06, 9.60363308877e-07, 1.36604046475e-06, 5.11683822424e-07, 5.41496149253e-07, 2.36858539893e-07, 3.11352266635e-07, 2.67804011855e-07, 1.66631181742e-07, 2.57833988826e-07, 1.76517630734e-07, 1.48727750116e-07, 1.0757768365e-07, 9.763541442e-08, 1.0921613125e-07, 9.43129592201e-08, 6.0883941444e-08, 4.35974136792e-08, 2.14262367848e-08], "dvar": [6.46877218458e-09, 1.50798499021e-07, 5.1862411965e-07, 6.68471614063e-07, 1.4221409117e-07, 6.84708396648e-08, 2.08966834947e-08, 9.26914509591e-08, 2.76439249269e-09, 1.03114816685e-09, 1.39526667997e-09, 5.29109467351e-09, 1.09875992749e-08, 5.12977382794e-10, 1.02998320983e-08, 1.20625884392e-07, 1.32713147138e-08, 1.18156362472e-09, 8.23439316733e-10, 4.73415140423e-10, 9.98043522826e-11, 1.25368465609e-10, 1.16118850646e-11, 6.61962012982e-11, 4.60385549128e-12, 5.02375745171e-12, 5.02446825465e-13, 9.27991732937e-13, 8.17753417065e-13, 5.60630860312e-13, 2.05220345925e-12, 6.38239840752e-13, 5.93945140466e-13, 8.10460585362e-13, 2.11231951527e-13, 2.40061849522e-13, 3.07804048092e-13, 8.0708348533e-14, 8.98097717614e-14, 7.84593320624e-15], "dvar2": [1.64203939335e-08, 3.7531984276e-07, 1.2756910337e-06, 1.45488502312e-06, 2.82450542954e-07, 1.54780366302e-07, 4.70884167214e-08, 1.24368582988e-07, 3.95368537909e-09, 1.85967297117e-09, 2.64130917138e-09, 7.23100512801e-09, 1.42433149719e-08, 7.7312706237e-10, 1.47601300071e-08, 1.85217018611e-07, 1.84677535486e-08, 2.25023955025e-09, 1.51295354023e-09, 9.57105394939e-10, 1.76083647663e-10, 2.35370112289e-10, 1.64165295941e-11, 1.51268900184e-10, 8.93664656165e-12, 1.19604144297e-11, 1.11474338874e-12, 2.00226597455e-12, 1.71275287789e-12, 1.23277223932e-12, 4.02566044735e-12, 1.13050606203e-12, 9.93815923653e-13, 1.63756226461e-12, 4.30942255622e-13, 4.86130829602e-13, 6.14682458579e-13, 1.5801758773e-13, 1.96693599993e-13, 1.62747690758e-14], "max": [0.00232493178919, 0.00697428127751, 0.0147562846541, 0.0227008741349, 0.0119799338281, 0.0060545518063, 0.00306717096828, 0.0180948656052, 0.00329527002759, 0.00096097466303, 0.00138458819129, 0.00403100438416, 0.00304135982879, 0.000784583913628, 0.0036706298124, 0.0172280203551, 0.0054672700353, 0.00149609032087, 0.000970521825366, 0.000603831198532, 0.000540598353837, 0.0006864258321, 0.000169179809745, 0.000351496157236, 0.000115593647934, 9.94608635665e-05, 2.81128286588e-05, 4.1835304728e-05, 2.16095832002e-05, 2.34206218011e-05, 4.64160257252e-05, 3.30427465087e-05, 2.69340707746e-05, 4.59826333099e-05, 1.86306388059e-05, 1.7441021555e-05, 2.39880246227e-05, 1.34024539875e-05, 1.2306226381e-05, 2.0791994757e-06], "mean": [4.7961519158e-05, 0.000316031364491, 0.000577509228606, 0.000739945971873, 0.000499311718158, 0.000300007552141, 0.00013558518549, 0.000224485513172, 5.87796967011e-05, 3.86557439924e-05, 3.75365125365e-05, 5.42691341252e-05, 0.000104252460005, 2.8307787943e-05, 7.84940566518e-05, 0.000234134859056, 0.000164098790265, 4.11649525631e-05, 3.24683751387e-05, 1.95660704776e-05, 8.68792722031e-06, 6.61468675389e-06, 2.91483843284e-06, 4.59157308796e-06, 1.38047732889e-06, 9.68063432083e-07, 4.385371426e-07, 5.78766673698e-07, 4.9035105576e-07, 2.90856377205e-07, 5.8014188653e-07, 4.29079108244e-07, 3.46207428947e-07, 2.0336406692e-07, 1.54554740561e-07, 1.85337810876e-07, 1.33426851789e-07, 8.19303167532e-08, 4.99575740776e-08, 2.07370138838e-08], "median": [2.12404415834e-06, 1.89452257473e-05, 4.74721346109e-05, 0.00016927922843, 0.000183913012734, 9.77012314252e-05, 2.47798179771e-05, 9.92139030132e-06, 8.68967345014e-06, 1.17974868772e-05, 6.3124002736e-06, 1.38460165999e-06, 1.99279247681e-06, 1.8745588477e-06, 2.50915650213e-06, 1.62719679793e-05, 1.93883570319e-05, 2.60144543063e-06, 8.95546236279e-07, 6.14331611359e-07, 3.83331837384e-07, 3.32550655457e-07, 1.53488443289e-07, 1.92579690861e-07, 8.66498908181e-08, 4.43146426221e-08, 3.76920290535e-08, 2.04444123852e-08, 9.3421244074e-09, 5.43164713207e-09, 6.65146293599e-09, 3.34697380922e-09, 1.03369524052e-09, 5.02132557756e-10, 3.64861807434e-10, 3.83349130217e-10, 3.08051611997e-10, 1.36475816759e-10, 7.3775062448e-11, 6.13597853083e-11], "min": [6.82167152246e-24, 1.05817841269e-23, 7.90330947518e-24, 1.00023224047e-23, 1.76100811974e-23, 1.99268189479e-23, 2.31665397348e-23, 7.60480924181e-24, 4.36804471122e-24, 2.93293001978e-24, 1.29231808805e-23, 2.74148286553e-23, 1.50442511498e-23, 1.00432548194e-23, 1.33776894019e-23, 1.42793716161e-23, 6.44110253924e-24, 1.29928380873e-23, 1.28604759048e-23, 8.01576869697e-24, 9.05799673659e-24, 1.03215546915e-23, 5.56704031752e-24, 9.68799604385e-24, 1.09618770326e-23, 1.46046899648e-23, 1.4743411155e-23, 1.55213826242e-23, 1.25591728487e-23, 8.25322450691e-24, 7.75688742484e-24, 7.77719822657e-24, 4.9265191835e-24, 7.16539399608e-24, 7.03027158934e-24, 1.04250003886e-23, 1.24327421114e-23, 1.20321451331e-23, 1.07312298811e-23, 1.18720631673e-23], "var": [2.43838815805e-08, 5.22348045706e-07, 1.4460380271e-06, 2.21432765102e-06, 7.23125083368e-07, 2.41359060738e-07, 8.59827622435e-08, 1.70783914655e-06, 5.73700980055e-08, 7.87064013963e-09, 8.95801477441e-09, 4.47538575088e-08, 1.06644797881e-07, 5.89662407791e-09, 8.8269935361e-08, 8.27157577987e-07, 2.03105841479e-07, 1.34063746771e-08, 7.36577909777e-09, 3.35081851155e-09, 9.68979674276e-10, 1.24939525392e-09, 1.39910971697e-10, 4.07548689241e-10, 3.15063773682e-11, 1.02568110255e-11, 1.59602051627e-12, 4.75792539048e-12, 3.45599091879e-12, 1.93292755933e-12, 1.1731558433e-11, 4.81661108567e-12, 3.35630937105e-12, 3.41465549412e-12, 1.00590022423e-12, 1.27459457919e-12, 1.08039152711e-12, 2.97473227691e-13, 2.59606111564e-13, 1.48880236752e-14]}, "mfcc": {"mean": [-824.542236328, 176.826828003, -15.6006679535, -0.298932254314, 3.61201286316, 0.896205842495, -13.7490196228, -21.3532218933, -23.1990852356, -8.47638130188, -5.5954823494, -9.32193946838, -15.2017383575], "cov": [[11640.3691406, 2217.10302734, -2568.45117188, -51.4090995789, 75.5573348999, 814.83605957, -122.41544342, -123.77986908, -95.3067779541, 113.14440155, -163.035934448, 4.8070192337, 39.8847160339], [2217.10302734, 2898.10961914, -517.030334473, -433.290405273, 464.689208984, 154.610214233, -64.7319488525, -152.265899658, 8.85581493378, -156.059585571, -56.8254623413, -52.4363594055, 5.68543577194], [-2568.45117188, -517.030334473, 2152.31738281, 586.354736328, 114.918739319, 258.167144775, 202.547622681, 153.23197937, 257.449462891, 140.49407959, -190.988220215, -64.2870559692, 113.697921753], [-51.4090995789, -433.290405273, 586.354736328, 906.560119629, 210.942092896, 288.761474609, 201.96081543, 208.329391479, 242.714691162, 158.521789551, -131.065353394, -52.5846939087, 114.031524658], [75.5573348999, 464.689208984, 114.918739319, 210.942092896, 677.880065918, 295.51385498, 58.3436546326, 80.9113769531, 233.906890869, 81.4398193359, -91.2340240479, -40.613155365, 93.440574646], [814.83605957, 154.610214233, 258.167144775, 288.761474609, 295.51385498, 637.671081543, 223.738540649, 72.6531143188, 249.644775391, 139.822647095, -174.334671021, -67.7510757446, 151.968582153], [-122.41544342, -64.7319488525, 202.547622681, 201.96081543, 58.3436546326, 223.738540649, 306.98840332, 139.380889893, 90.9411239624, 60.846321106, -61.03358078, 3.98097157478, 61.0294075012], [-123.77986908, -152.265899658, 153.23197937, 208.329391479, 80.9113769531, 72.6531143188, 139.380889893, 257.795135498, 85.9629669189, 12.568444252, 11.1493148804, 24.16198349, 48.8553161621], [-95.3067779541, 8.85581493378, 257.449462891, 242.714691162, 233.906890869, 249.644775391, 90.9411239624, 85.9629669189, 317.256591797, 95.6638412476, -152.778045654, -40.7363891602, 135.253097534], [113.14440155, -156.059585571, 140.49407959, 158.521789551, 81.4398193359, 139.822647095, 60.846321106, 12.568444252, 95.6638412476, 257.909301758, -62.3658599854, -35.9724884033, 20.6932964325], [-163.035934448, -56.8254623413, -190.988220215, -131.065353394, -91.2340240479, -174.334671021, -61.03358078, 11.1493148804, -152.778045654, -62.3658599854, 345.380371094, 68.0390548706, -111.217086792], [4.8070192337, -52.4363594055, -64.2870559692, -52.5846939087, -40.613155365, -67.7510757446, 3.98097157478, 24.16198349, -40.7363891602, -35.9724884033, 68.0390548706, 266.719726562, -34.5977630615], [39.8847160339, 5.68543577194, 113.697921753, 114.031524658, 93.440574646, 151.968582153, 61.0294075012, 48.8553161621, 135.253097534, 20.6932964325, -111.217086792, -34.5977630615, 301.69644165]], "icov": [[0.000250796671025, -0.000205021351576, 0.000337612000294, -0.00025451547117, 0.00033633960993, -0.000645297113806, 0.00052467326168, -0.000297237653285, 0.000314438075293, -0.00022219667153, 0.000173057022039, -0.000129991618451, 2.5710241971e-05], [-0.000205021351576, 0.000671877758577, -0.000212741098949, 0.000455341039924, -0.00073259929195, 0.000412913359469, -0.000545159331523, 0.000478583941003, -0.000179171547643, 0.00052615837194, -4.16030961787e-05, 0.000189832848264, 2.48682990787e-05], [0.000337612000294, -0.000212741098949, 0.00105385214556, -0.000606056360994, 0.000488991267048, -0.000849164789543, 0.000553119345568, -0.00037859522854, 0.000181695169886, -0.000286877737381, 0.000364746432751, -0.000122768615256, 7.55972432671e-05], [-0.00025451547117, 0.000455341039924, -0.000606056360994, 0.00226477137767, -0.00064581411425, 0.000421045115218, -0.000761057250202, -0.000616236007772, -0.000705855258275, -0.000181608615094, -3.73168427359e-06, 0.000339714984875, 5.61135993848e-06], [0.00033633960993, -0.00073259929195, 0.000488991267048, -0.00064581411425, 0.00307705323212, -0.00156613113359, 0.00145523285028, -0.0010354432743, -0.000873849669006, -0.000599318300374, -3.4524469811e-05, -0.00020473334007, 0.000134976580739], [-0.000645297113806, 0.000412913359469, -0.000849164789543, 0.000421045115218, -0.00156613113359, 0.00508478004485, -0.00344240292907, 0.00173009582795, -0.00196099607274, 4.97117662235e-06, -0.00022226794681, 0.000604758271948, -0.000555413251277], [0.00052467326168, -0.000545159331523, 0.000553119345568, -0.000761057250202, 0.00145523285028, -0.00344240292907, 0.00729809468612, -0.00362393958494, 0.00139880145434, -0.00095051038079, 0.000836841354612, -0.000684223603457, 8.20494387881e-05], [-0.000297237653285, 0.000478583941003, -0.00037859522854, -0.000616236007772, -0.0010354432743, 0.00173009582795, -0.00362393958494, 0.00722316419706, -0.0017289032694, 0.00119741691742, -0.00142374215648, -0.000228136865189, -0.000439571740571], [0.000314438075293, -0.000179171547643, 0.000181695169886, -0.000705855258275, -0.000873849669006, -0.00196099607274, 0.00139880145434, -0.0017289032694, 0.00764643307775, -0.00114031229168, 0.00184774561785, -0.000255336752161, -0.00128231698181], [-0.00022219667153, 0.00052615837194, -0.000286877737381, -0.000181608615094, -0.000599318300374, 4.97117662235e-06, -0.00095051038079, 0.00119741691742, -0.00114031229168, 0.00534075219184, -5.92987162236e-05, 0.000451151281595, 0.000552469922695], [0.000173057022039, -4.16030961787e-05, 0.000364746432751, -3.73168427359e-06, -3.4524469811e-05, -0.00022226794681, 0.000836841354612, -0.00142374215648, 0.00184774561785, -5.92987162236e-05, 0.00441659754142, -0.000623454572633, 0.000758122070692], [-0.000129991618451, 0.000189832848264, -0.000122768615256, 0.000339714984875, -0.00020473334007, 0.000604758271948, -0.000684223603457, -0.000228136865189, -0.000255336752161, 0.000451151281595, -0.000623454572633, 0.00418637925759, 0.000199389643967], [2.5710241971e-05, 2.48682990787e-05, 7.55972432671e-05, 5.61135993848e-06, 0.000134976580739, -0.000555413251277, 8.20494387881e-05, -0.000439571740571, -0.00128231698181, 0.000552469922695, 0.000758122070692, 0.000199389643967, 0.00441197957844]]}, "spectral_contrast_coeffs": {"dmean": [0.0437969714403, 0.0386884734035, 0.0322343371809, 0.0236312989146, 0.018807163462, 0.0263931378722], "dmean2": [0.07209918648, 0.0606844685972, 0.0504742637277, 0.0369406379759, 0.0291171018034, 0.0437845624983], "dvar": [0.00132318900432, 0.00109201273881, 0.000794815947302, 0.000578998646233, 0.000461406336399, 0.000641958147753], "dvar2": [0.00341777852736, 0.0026678708382, 0.00182550842874, 0.00127304915804, 0.000966923020314, 0.00176905794069], "max": [-0.271421611309, -0.329050719738, -0.396321564913, -0.350468754768, -0.452151596546, -0.494696646929], "mean": [-0.535688459873, -0.671064972878, -0.704971909523, -0.639367341995, -0.726623654366, -0.758125245571], "median": [-0.538239896297, -0.669821858406, -0.713591814041, -0.626542448997, -0.719968497753, -0.758125185966], "min": [-0.970048069954, -0.977433264256, -0.96845304966, -0.97707182169, -0.95823097229, -0.961010456085], "var": [0.0114639531821, 0.0075659872964, 0.00781710725278, 0.0146298101172, 0.00878947880119, 0.00696821277961]}, "spectral_contrast_valleys": {"dmean": [0.447422593832, 0.324081271887, 0.296754032373, 0.271313309669, 0.268175274134, 0.507818579674], "dmean2": [0.750378012657, 0.512980341911, 0.474894970655, 0.416242152452, 0.382003933191, 0.810000002384], "dvar": [0.190910175443, 0.114607147872, 0