{"lowlevel": {"average_loudness": 0.963350534439, "barkbands_crest": {"dmean": 3.77988147736, "dmean2": 5.35533905029, "dvar": 12.0590267181, "dvar2": 25.1930980682, "max": 26.7440986633, "mean": 14.6155824661, "median": 14.5202903748, "min": 2.2917277813, "var": 40.1361122131}, "barkbands_flatness_db": {"dmean": 0.0503112599254, "dmean2": 0.0665193870664, "dvar": 0.00266170385294, "dvar2": 0.00482214707881, "max": 0.73006182909, "mean": 0.18486379087, "median": 0.169974803925, "min": 0.0150789171457, "var": 0.0117225926369}, "barkbands_kurtosis": {"dmean": 30.3521842957, "dmean2": 44.0549316406, "dvar": 14018.7001953, "dvar2": 31072.609375, "max": 7780.02636719, "mean": 40.3371162415, "median": 11.3409986496, "min": -1.91526281834, "var": 16863.8964844}, "barkbands_skewness": {"dmean": 1.72984564304, "dmean2": 2.35048890114, "dvar": 4.80564785004, "dvar2": 9.49772453308, "max": 73.4315567017, "mean": 3.90049982071, "median": 3.09691309929, "min": -2.61745882034, "var": 12.7609472275}, "barkbands_spread": {"dmean": 11.7638645172, "dmean2": 17.934633255, "dvar": 256.044372559, "dvar2": 532.160461426, "max": 123.224052429, "mean": 22.5388622284, "median": 13.0498552322, "min": 0.0415449552238, "var": 562.655090332}, "dissonance": {"dmean": 0.0169626977295, "dmean2": 0.0286352466792, "dvar": 0.00040031541721, "dvar2": 0.0010552132735, "max": 0.500000178814, "mean": 0.473270088434, "median": 0.479704409838, "min": 0.126011937857, "var": 0.000691528897732}, "dynamic_complexity": 3.04696202278, "erbbands_crest": {"dmean": 2.55225515366, "dmean2": 4.10779380798, "dvar": 5.99137687683, "dvar2": 13.5283355713, "max": 28.9551105499, "mean": 7.62832021713, "median": 6.61124801636, "min": 1.79518580437, "var": 13.8076591492}, "erbbands_flatness_db": {"dmean": 0.0210497267544, "dmean2": 0.0321215689182, "dvar": 0.000595772580709, "dvar2": 0.00123435165733, "max": 0.547220528126, "mean": 0.116561725736, "median": 0.107280738652, "min": 0.0213429927826, "var": 0.00198270636611}, "erbbands_kurtosis": {"dmean": 1.29912376404, "dmean2": 1.9723815918, "dvar": 25.0055541992, "dvar2": 36.4593849182, "max": 348.561157227, "mean": 0.532364726067, "median": -0.441317796707, "min": -1.82319164276, "var": 61.7088623047}, "erbbands_skewness": {"dmean": 0.526712536812, "dmean2": 0.771432459354, "dvar": 0.333147823811, "dvar2": 0.656975507736, "max": 15.2429666519, "mean": 0.248995617032, "median": 0.185696065426, "min": -3.60287022591, "var": 1.09837889671}, "erbbands_spread": {"dmean": 14.6841058731, "dmean2": 22.1997642517, "dvar": 209.38508606, "dvar2": 497.751739502, "max": 193.310165405, "mean": 58.1967048645, "median": 55.834312439, "min": 0.627230107784, "var": 518.05657959}, "hfc": {"dmean": 16.5202770233, "dmean2": 25.195306778, "dvar": 764.285339355, "dvar2": 1882.87597656, "max": 235.016296387, "mean": 22.3349952698, "median": 10.7730226517, "min": 5.42891114008e-11, "var": 883.040283203}, "melbands_crest": {"dmean": 4.6326675415, "dmean2": 6.83508300781, "dvar": 17.9356136322, "dvar2": 40.4624176025, "max": 39.3501815796, "mean": 21.757856369, "median": 21.0756149292, "min": 2.60499286652, "var": 73.772819519}, "melbands_flatness_db": {"dmean": 0.0602197088301, "dmean2": 0.079223535955, "dvar": 0.00364818330854, "dvar2": 0.00683043524623, "max": 0.882929742336, "mean": 0.276360362768, "median": 0.268396317959, "min": 0.0157281793654, "var": 0.0177891515195}, "melbands_kurtosis": {"dmean": 68.2670974731, "dmean2": 100.264823914, "dvar": 32135.9882812, "dvar2": 71701.671875, "max": 4489.80517578, "mean": 99.9668273926, "median": 38.395816803, "min": -1.72044932842, "var": 50667.1914062}, "melbands_skewness": {"dmean": 2.27543592453, "dmean2": 3.2016518116, "dvar": 8.34636116028, "dvar2": 17.1706409454, "max": 43.2174911499, "mean": 6.23939180374, "median": 5.14001846313, "min": -1.36761081219, "var": 21.9562721252}, "melbands_spread": {"dmean": 10.8736333847, "dmean2": 15.8811044693, "dvar": 288.190948486, "dvar2": 566.270996094, "max": 219.538925171, "mean": 18.524559021, "median": 7.31177902222, "min": 0.0576293021441, "var": 713.153442383}, "pitch_salience": {"dmean": 0.118431836367, "dmean2": 0.168515205383, "dvar": 0.0124597009271, "dvar2": 0.0268840175122, "max": 0.955524086952, "mean": 0.414823889732, "median": 0.440465480089, "min": 0.00654412107542, "var": 0.0404373332858}, "silence_rate_20dB": {"dmean": 0, "dmean2": 0, "dvar": 0, "dvar2": 0, "max": 1, "mean": 1, "median": 1, "min": 1, "var": 0}, "silence_rate_30dB": {"dmean": 0.179918125272, "dmean2": 0.359875023365, "dvar": 0.147536084056, "dvar2": 0.238339722157, "max": 1, "mean": 0.74921900034, "median": 1, "min": 0, "var": 0.18787355721}, "silence_rate_60dB": {"dmean": 0.0409394539893, "dmean2": 0.0817799791694, "dvar": 0.0392654016614, "dvar2": 0.0968675836921, "max": 1, "mean": 0.0590326413512, "median": 0, "min": 0, "var": 0.0555438809097}, "spectral_centroid": {"dmean": 450.847381592, "dmean2": 678.161376953, "dvar": 254487.796875, "dvar2": 531637.5, "max": 5053.57275391, "mean": 1328.00292969, "median": 1136.71618652, "min": 48.0718345642, "var": 822417.25}, "spectral_complexity": {"dmean": 5.41672039032, "dmean2": 7.83934926987, "dvar": 48.4013977051, "dvar2": 81.8310775757, "max": 62, "mean": 13.6071310043, "median": 10, "min": 0, "var": 119.311439514}, "spectral_decrease": {"dmean": 9.26275145474e-09, "dmean2": 1.13055573792e-08, "dvar": 1.20026580329e-16, "dvar2": 1.91695242371e-16, "max": -1.56068409122e-24, "mean": -1.63930948816e-08, "median": -9.1911482869e-09, "min": -7.93508760921e-08, "var": 2.93014398611e-16}, "spectral_energy": {"dmean": 0.0353865660727, "dmean2": 0.0434837192297, "dvar": 0.00173353950959, "dvar2": 0.00273968791589, "max": 0.302002042532, "mean": 0.0638970211148, "median": 0.0375264659524, "min": 4.93006971917e-15, "var": 0.00425604963675}, "spectral_energyband_high": {"dmean": 0.00146816251799, "dmean2": 0.00230895844288, "dvar": 8.19183878775e-06, "dvar2": 1.94187778106e-05, "max": 0.0267496351153, "mean": 0.00156253215391, "median": 0.000314739067107, "min": 3.62753082848e-15, "var": 9.27213113755e-06}, "spectral_energyband_low": {"dmean": 0.0340558588505, "dmean2": 0.0419973284006, "dvar": 0.00176437583286, "dvar2": 0.00298020499758, "max": 0.291685760021, "mean": 0.0523054115474, "median": 0.02322172001, "min": 7.97227807002e-17, "var": 0.00385994231328}, "spectral_energyband_middle_high": {"dmean": 0.00149388122372, "dmean2": 0.0023038808722, "dvar": 8.24033395475e-06, "dvar2": 1.93812356883e-05, "max": 0.0317911617458, "mean": 0.00225762510672, "median": 0.00113320583478, "min": 5.86516317623e-16, "var": 1.09518814497e-05}, "spectral_energyband_middle_low": {"dmean": 0.0073598283343, "dmean2": 0.0130987446755, "dvar": 0.000293165096082, "dvar2": 0.000840222695842, "max": 0.163426443934, "mean": 0.00930378772318, "median": 0.00435413001105, "min": 1.5814015128e-16, "var": 0.00021270623256}, "spectral_entropy": {"dmean": 0.305535376072, "dmean2": 0.456385493279, "dvar": 0.126942768693, "dvar2": 0.259789705276, "max": 9.00040340424, "mean": 7.65778827667, "median": 7.75086784363, "min": 3.92128229141, "var": 0.420953571796}, "spectral_flux": {"dmean": 0.0549867451191, "dmean2": 0.0830303356051, "dvar": 0.00407861545682, "dvar2": 0.0074596167542, "max": 0.529840111732, "mean": 0.130129024386, "median": 0.103896550834, "min": 2.5126755645e-06, "var": 0.00995133910328}, "spectral_kurtosis": {"dmean": 2.33101081848, "dmean2": 3.67538905144, "dvar": 155.116699219, "dvar2": 442.846160889, "max": 795.830322266, "mean": 4.79088926315, "median": 3.00330018997, "min": -0.976200819016, "var": 256.860351562}, "spectral_rms": {"dmean": 0.00211766734719, "dmean2": 0.00247624446638, "dvar": 4.4701009756e-06, "dvar2": 6.74080547469e-06, "max": 0.0171649679542, "mean": 0.00678808335215, "median": 0.00605071755126, "min": 2.19313101013e-09, "var": 1.62607229868e-05}, "spectral_rolloff": {"dmean": 1011.19274902, "dmean2": 1679.6126709, "dvar": 3450074, "dvar2": 7502287.5, "max": 19035.3515625, "mean": 1488.99316406, "median": 236.865234375, "min": 43.06640625, "var": 6219243.5}, "spectral_skewness": {"dmean": 0.314449608326, "dmean2": 0.46462777257, "dvar": 0.26923841238, "dvar2": 0.587321937084, "max": 24.7716121674, "mean": 1.56415212154, "median": 1.44322144985, "min": 0.092753380537, "var": 0.834447205067}, "spectral_spread": {"dmean": 1030161.5625, "dmean2": 1537690.875, "dvar": 1300978597890.0, "dvar2": 2675471024130.0, "max": 15505723, "mean": 6013693, "median": 5860315, "min": 214642.25, "var": 3522402713600.0}, "spectral_strongpeak": {"dmean": 0.275021612644, "dmean2": 0.423163026571, "dvar": 0.0895614326, "dvar2": 0.219889655709, "max": 3.90964746475, "mean": 0.48823839426, "median": 0.385153353214, "min": 0, "var": 0.141304671764}, "zerocrossingrate": {"dmean": 0.0206594727933, "dmean2": 0.0228903479874, "dvar": 0.000572820776142, "dvar2": 0.000601757317781, "max": 0.50244140625, "mean": 0.057929944247, "median": 0.037109375, "min": 0.00146484375, "var": 0.00350584904663}, "barkbands": {"dmean": [0.0022530478891, 0.0297101903707, 0.00874945614487, 0.00389417703263, 0.00271556922235, 0.000593439443037, 0.000239939065068, 0.000310560775688, 0.000614727206994, 0.000361479789717, 0.00018480977451, 0.000176611458301, 0.000148027014802, 0.000160359035362, 0.000205824951991, 0.000183422671398, 0.000165796809597, 0.000156418478582, 0.000187161611393, 0.000169270133483, 0.000178064030479, 0.00030986208003, 0.000313338474371, 0.000258122192463, 0.000191277154954, 0.000174522705493, 7.65906443121e-05], "dmean2": [0.00212982948869, 0.0387635119259, 0.0155104976147, 0.00734214996919, 0.00457214610651, 0.000934448966291, 0.000378287368221, 0.000533167214599, 0.00114297983237, 0.000631289556623, 0.000314896344207, 0.000283346569631, 0.000229076613323, 0.000262397166807, 0.000331587798428, 0.000295509322314, 0.00026548045571, 0.000250917073572, 0.000311983691063, 0.000280881882645, 0.000285355316009, 0.000492483726703, 0.000475896318676, 0.000402298173867, 0.000320595660014, 0.000303091859678, 0.000139830808621], "dvar": [1.17011513794e-05, 0.00156987481751, 0.000510466983542, 0.000126224389533, 2.77398739854e-05, 1.06209063233e-06, 3.77746147251e-07, 5.92717356085e-07, 2.74825015367e-06, 6.19236175226e-07, 2.16601634406e-07, 1.69202891698e-07, 1.29349388089e-07, 1.00458407815e-07, 1.59040254744e-07, 1.88577104154e-07, 8.72537881946e-08, 8.28974577871e-08, 1.45499072346e-07, 1.05953510854e-07, 1.29569329488e-07, 4.86624117002e-07, 4.57705965573e-07, 2.51926877581e-07, 1.49400847249e-07, 1.55507095201e-07, 3.46796547035e-08], "dvar2": [1.17989657156e-05, 0.00320350192487, 0.0013894517906, 0.000366508902516, 7.6907024777e-05, 2.43795193455e-06, 8.14569659724e-07, 1.67230518855e-06, 7.93407798483e-06, 1.72743352778e-06, 5.83153052958e-07, 3.90221003954e-07, 2.8594766377e-07, 2.54071153449e-07, 3.83507284596e-07, 4.49339921715e-07, 2.08434556725e-07, 1.96563647137e-07, 3.77581272915e-07, 2.72403156032e-07, 3.12124427637e-07, 1.15911120702e-06, 1.00430554539e-06, 5.68593634398e-07, 3.90426805552e-07, 4.0782515498e-07, 9.78717054068e-08], "max": [0.0381746850908, 0.281254053116, 0.177893579006, 0.110273875296, 0.0601612366736, 0.0246066879481, 0.0192373357713, 0.0156077966094, 0.0150020942092, 0.00976622942835, 0.00936014764011, 0.00734159955755, 0.00900388788432, 0.00457266997546, 0.00553017575294, 0.00713438121602, 0.00456303311512, 0.00336093246005, 0.0056426958181, 0.00603529950604, 0.00420817732811, 0.00654802517965, 0.00743700563908, 0.00550745613873, 0.0043892422691, 0.0047609214671, 0.00136739877053], "mean": [0.00390522833914, 0.0395673215389, 0.00737589783967, 0.00308212055825, 0.00405123736709, 0.000964255887084, 0.000274653953966, 0.000292876415187, 0.000490652862936, 0.000381361460313, 0.000207713936106, 0.000205296804779, 0.000169833627297, 0.000196519307792, 0.000241132380324, 0.000209833538975, 0.00021887148614, 0.000193693922483, 0.00021851582278, 0.000200857102755, 0.000191948973224, 0.000315945624607, 0.000322630570736, 0.00025593439932, 0.000171795880306, 0.000138338378747, 5.26373114553e-05], "median": [0.000399478216423, 0.0140207670629, 0.00146244512871, 0.000320906372508, 0.00148564809933, 0.000449236424174, 6.25503162155e-05, 6.80351295159e-05, 0.000119508709759, 0.000159984832862, 7.65420190874e-05, 6.21770741418e-05, 4.58698123111e-05, 7.03428231645e-05, 8.18873086246e-05, 5.77087484999e-05, 7.42988631828e-05, 6.02436448389e-05, 5.49212272745e-05, 5.50396216568e-05, 3.6069755879e-05, 5.21801412106e-05, 4.85009222757e-05, 3.96230207116e-05, 3.67315769836e-05, 2.13667317439e-05, 4.76100285596e-06], "min": [4.8143397267e-17, 4.44042067173e-17, 9.32390872717e-18, 5.41710036608e-18, 1.79805738676e-17, 3.6435803823e-17, 4.48375004657e-17, 3.46830808969e-17, 1.05988049822e-17, 2.4204035951e-17, 1.80895449871e-17, 1.3132127499e-17, 6.53794870765e-18, 8.21282351564e-17, 6.68547289575e-17, 1.20200844123e-16, 1.25990221673e-16, 5.02495413816e-17, 2.20586652773e-17, 1.84780316853e-16, 2.18675081391e-16, 1.85913395473e-16, 3.68003363632e-16, 4.92889213161e-16, 4.47868459102e-16, 8.03508423957e-16, 1.11906784854e-15], "var": [4.47623533546e-05, 0.00275953579694, 0.000351397757186, 7.77324748924e-05, 3.40391015925e-05, 2.32446222981e-06, 5.31826913175e-07, 5.48811613044e-07, 1.65565484167e-06, 4.83878125124e-07, 1.8973871363e-07, 1.85045720968e-07, 1.52587588786e-07, 1.18107315927e-07, 1.8368770327e-07, 2.10269448075e-07, 1.24850913608e-07, 1.1264864952e-07, 1.9314315125e-07, 1.34388386641e-07, 1.51430427309e-07, 5.33192121566e-07, 5.5928370557e-07, 3.00179863189e-07, 1.30319762093e-07, 1.21223848737e-07, 2.11046700116e-08]}, "erbbands": {"dmean": [1.09552764893, 5.77115774155, 9.98033714294, 11.8471193314, 11.9232549667, 8.11142063141, 5.42117071152, 4.33341360092, 3.3872795105, 5.0348944664, 7.17301464081, 13.7626142502, 14.1395626068, 8.37670612335, 7.66821527481, 7.2768201828, 6.77727746964, 7.62845611572, 8.89168739319, 11.065448761, 9.41204166412, 8.04944610596, 8.13556003571, 9.17557430267, 9.21746921539, 7.8010802269, 7.36227369308, 8.26107120514, 10.5120611191, 9.66480064392, 9.30770301819, 6.25694131851, 3.89560008049, 2.44329452515, 1.23817443848, 0.567175209522, 0.349033623934, 0.102998323739, 0.0122446604073, 0.000756359775551], "dmean2": [1.27093017101, 8.213804245, 16.3347949982, 21.9117336273, 21.5576400757, 12.9149694443, 8.40491008759, 6.90874862671, 5.35015964508, 8.34650421143, 12.3731307983, 25.5207309723, 25.5549678802, 14.4995956421, 12.8951787949, 11.4591264725, 10.5389547348, 12.3035097122, 14.5700588226, 17.4725456238, 14.9031829834, 12.8471708298, 12.9329490662, 15.1003475189, 15.4011554718, 12.8434123993, 12.0983247757, 12.9418592453, 16.5767059326, 15.1226787567, 14.4630746841, 9.70478534698, 6.21494102478, 4.07313776016, 2.07016968727, 0.955748200417, 0.617459356785, 0.186964809895, 0.0221130345017, 0.00137154397089], "dvar": [1.9296489954, 91.1411895752, 531.156433105, 1104.13842773, 949.795715332, 175.373901367, 70.837928772, 70.8882522583, 88.4123001099, 178.423568726, 289.844146729, 1365.09838867, 1198.53894043, 279.189788818, 443.612335205, 268.572143555, 272.759521484, 241.465087891, 296.208526611, 572.784729004, 331.809997559, 234.08241272, 239.327926636, 379.208465576, 316.056091309, 226.537216187, 233.59602356, 297.525268555, 546.330688477, 432.073699951, 440.28314209, 158.404525757, 59.759803772, 23.4604206085, 6.77048254013, 1.35291707516, 0.766490280628, 0.0646609663963, 0.000879897619598, 3.48934645444e-06], "dvar2": [3.13490748405, 190.603439331, 1344.71887207, 3137.43530273, 2735.75854492, 448.691864014, 160.805496216, 170.025543213, 186.914978027, 465.64642334, 784.553161621, 3941.53222656, 3426.68652344, 774.605957031, 1163.24755859, 602.059997559, 605.057312012, 582.705383301, 750.102600098, 1350.3182373, 781.268737793, 558.239440918, 545.159240723, 983.131530762, 812.960327148, 577.607543945, 597.060974121, 695.25982666, 1269.18078613, 979.534301758, 1012.19909668, 352.725372314, 142.385513306, 59.969959259, 17.9266052246, 3.52807283401, 2.03979897499, 0.175622284412, 0.00246331049129, 9.94202491711e-06], "max": [13.5548944473, 67.998916626, 175.636352539, 245.541717529, 343.575653076, 150.498031616, 136.074478149, 216.712005615, 325.545440674, 362.86895752, 377.022186279, 339.95401001, 357.247497559, 203.45123291, 409.039520264, 277.973480225, 337.928375244, 265.72177124, 291.102935791, 353.124450684, 316.209320068, 249.0340271, 213.577270508, 273.869995117, 316.587188721, 255.506591797, 154.237136841, 212.643966675, 220.037002563, 222.512557983, 206.414413452, 134.506240845, 94.9705810547, 54.2169036865, 38.2199440002, 12.4396276474, 13.0601701736, 2.91127204895, 0.2474155128, 0.0125904818997], "mean": [1.65318906307, 6.67649793625, 9.7097234726, 9.42942905426, 13.173081398, 13.1749505997, 9.87027072906, 6.56858587265, 4.12923336029, 5.10521221161, 7.12738275528, 11.0245227814, 12.8348245621, 9.7635011673, 8.55855751038, 8.82053852081, 8.08720874786, 9.31696605682, 11.3509845734, 13.0806560516, 11.8186321259, 10.9863290787, 10.4780912399, 11.0826320648, 10.7407827377, 9.27263259888, 8.06637477875, 8.52609825134, 10.7170791626, 10.5786857605, 9.24206733704, 6.22051429749, 3.73683667183, 2.19055318832, 1.12258422375, 0.500490367413, 0.263620585203, 0.0724250376225, 0.00868468452245, 0.000573335040826], "median": [0.458506017923, 2.05755519867, 2.39394497871, 1.78940093517, 2.65832281113, 5.42065668106, 5.15727138519, 3.13324952126, 1.27323627472, 1.18745577335, 1.95434010029, 2.7793982029, 4.89914894104, 3.99592995644, 3.03855991364, 2.84717679024, 2.4898018837, 3.3552942276, 4.64405155182, 4.7195315361, 4.30409383774, 3.98261785507, 3.2951374054, 3.04197740555, 2.8142516613, 2.42549824715, 1.75319516659, 1.43968105316, 1.77880477905, 1.81807267666, 1.28020703793, 0.898177266121, 0.590885519981, 0.412614226341, 0.244884744287, 0.109066866338, 0.0330218821764, 0.00741964392364, 0.000873096927535, 0.000138172501465], "min": [2.04632805079e-15, 7.35060527935e-15, 1.19320057442e-14, 1.48791281352e-14, 3.28088522062e-14, 6.58036383087e-14, 1.35003133347e-13, 3.5901183827e-13, 6.04154530223e-13, 7.18401249947e-13, 6.57914315475e-13, 2.05823720697e-13, 6.75285185842e-13, 7.67459555108e-13, 6.72675240163e-13, 4.99488254577e-13, 3.51671437197e-13, 2.59731689281e-12, 3.67573549723e-12, 5.81975266589e-12, 6.12622539503e-12, 7.31373902413e-12, 3.49351754123e-12, 1.11144947412e-12, 2.77250401456e-12, 8.19999537022e-12, 1.11926761262e-11, 5.83383124794e-12, 4.46256096312e-12, 1.32054402135e-11, 9.76203059361e-12, 6.63631129216e-12, 9.61162139462e-12, 3.45265916551e-12, 4.58021771552e-12, 2.48609921712e-12, 1.46350347206e-12, 7.19994593459e-13, 1.56834384347e-13, 1.53678187119e-14], "var": [5.73075437546, 116.090057373, 452.196380615, 670.128417969, 716.276367188, 323.046875, 179.840789795, 119.635757446, 117.052894592, 187.922592163, 270.204925537, 824.565124512, 780.171386719, 264.673431396, 382.007659912, 307.931152344, 317.391967773, 274.270446777, 359.905700684, 661.180541992, 414.427215576, 336.580780029, 341.868591309, 469.652709961, 427.631744385, 292.225891113, 250.857559204, 340.725067139, 611.657165527, 532.204650879, 497.0675354, 192.543365479, 64.3980789185, 21.455406189, 5.69601154327, 1.13730180264, 0.56537348032, 0.0445944406092, 0.000553243386094, 2.11384804061e-06]}, "gfcc": {"mean": [-17.9473953247, 66.8690567017, -74.7443695068, 42.6511268616, -36.046787262, 22.8623123169, -27.5736503601, 8.59562683105, -19.2347602844, -1.09455871582, -15.564043045, 3.95327687263, -4.81114816666], "cov": [[14846.4277344, -872.409057617, 69.3489074707, 482.072174072, -560.932189941, 120.136650085, -312.532623291, 102.355361938, -326.938201904, -142.78843689, -532.875061035, -130.208633423, -375.632629395], [-872.409057617, 2335.88061523, 209.869186401, 93.5394210815, 465.126922607, -84.3103408813, 78.9357681274, -94.6207962036, 94.2306976318, -79.9804763794, 135.525756836, -17.9073085785, 244.358352661], [69.3489074707, 209.869186401, 818.747619629, 126.815223694, 64.4275894165, 74.5495529175, 77.1874465942, 49.2185935974, 73.3998947144, 96.7534103394, 58.8405303955, -5.75614404678, 15.3178796768], [482.072174072, 93.5394210815, 126.815223694, 424.400115967, 105.440185547, 114.535377502, 33.3661613464, 25.9236984253, 63.4968147278, 33.9047088623, 43.8100204468, 37.4935722351, 76.2916564941], [-560.932189941, 465.126922607, 64.4275894165, 105.440185547, 532.212341309, 136.880203247, 141.166473389, 15.7265005112, 78.4742126465, -6.06367301941, 71.9389724731, 37.0305175781, 89.1172027588], [120.136650085, -84.3103408813, 74.5495529175, 114.535377502, 136.880203247, 307.833831787, 115.597892761, 56.691318512, 54.5844650269, 39.7950782776, 48.5613136292, 25.6295089722, 13.3124036789], [-312.532623291, 78.9357681274, 77.1874465942, 33.3661613464, 141.166473389, 115.597892761, 248.462997437, 80.2075042725, 68.3104934692, 41.7559928894, 60.8770256042, 5.15989208221, 25.3403644562], [102.355361938, -94.6207962036, 49.2185935974, 25.9236984253, 15.7265005112, 56.691318512, 80.2075042725, 191.799942017, 87.890007019, 81.5573501587, 31.9473209381, 5.30248689651, -20.7079391479], [-326.938201904, 94.2306976318, 73.3998947144, 63.4968147278, 78.4742126465, 54.5844650269, 68.3104934692, 87.890007019, 187.271835327, 79.9111175537, 84.3510437012, 15.2624330521, 15.5679016113], [-142.78843689, -79.9804763794, 96.7534103394, 33.9047088623, -6.06367301941, 39.7950782776, 41.7559928894, 81.5573501587, 79.9111175537, 172.487258911, 89.5684127808, 22.4716243744, -12.9748382568], [-532.875061035, 135.525756836, 58.8405303955, 43.8100204468, 71.9389724731, 48.5613136292, 60.8770256042, 31.9473209381, 84.3510437012, 89.5684127808, 178.643890381, 77.0704956055, 39.9524536133], [-130.208633423, -17.9073085785, -5.75614404678, 37.4935722351, 37.0305175781, 25.6295089722, 5.15989208221, 5.30248689651, 15.2624330521, 22.4716243744, 77.0704956055, 142.151367188, 67.4578018188], [-375.632629395, 244.358352661, 15.3178796768, 76.2916564941, 89.1172027588, 13.3124036789, 25.3403644562, -20.7079391479, 15.5679016113, -12.9748382568, 39.9524536133, 67.4578018188, 172.037979126]], "icov": [[9.61576661211e-05, -3.6679324694e-05, -7.48029697206e-06, -0.00017755870067, 8.64301837282e-05, -8.32280056784e-05, 5.26710864506e-05, -0.000121493554616, 0.00013064914674, -1.22630726764e-05, 0.000317075668136, -0.00018568552332, 0.000267171184532], [-3.6679324694e-05, 0.000775529711973, -0.000178527101525, 0.000102718906419, -0.000596257334109, 0.000511990161613, 9.75461516646e-05, 0.000167668491486, -0.000210837897612, 0.000593253585976, -0.0010567123536, 0.00108402303886, -0.0010520570213], [-7.48029697206e-06, -0.000178527101525, 0.00143439136446, -0.000321293977322, 9.39226374612e-05, -0.000156310808961, -0.000271084165433, 0.000112350397103, -6.13422671449e-05, -0.000844760856126, 0.0001736809063, 0.000108050560812, 0.000128042258439], [-0.00017755870067, 0.000102718906419, -0.000321293977322, 0.00337322009727, -0.00036748603452, -0.00084042456001, 0.000468795507913, 0.000191316954442, -0.00086631992599, -0.000170960047399, -0.000407620071201, 0.000351216236595, -0.00176904303953], [8.64301837282e-05, -0.000596257334109, 9.39226374612e-05, -0.00036748603452, 0.00317449728027, -0.0011043647537, -0.00107848132029, 0.000200744179892, -0.000517920241691, 0.000460722949356, 0.000461800373159, -0.000809292483609, 0.000105983519461], [-8.32280056784e-05, 0.000511990161613, -0.000156310808961, -0.00084042456001, -0.0011043647537, 0.004997972399, -0.00156197312754, -0.000146816135384, -0.000132630273583, 0.000138618052006, -0.000769144506194, 3.11930052703e-05, 6.42381201033e-05], [5.26710864506e-05, 9.75461516646e-05, -0.000271084165433, 0.000468795507913, -0.00107848132029, -0.00156197312754, 0.00652521383017, -0.00227535702288, 6.47430788376e-05, 0.000521629815921, -0.00167165300809, 0.00161596143153, -0.000974731286988], [-0.000121493554616, 0.000167668491486, 0.000112350397103, 0.000191316954442, 0.000200744179892, -0.000146816135384, -0.00227535702288, 0.00887637864798, -0.00334648205899, -0.00298682507128, 0.00190039700828, -0.000952014233917, 0.000722218479495], [0.00013064914674, -0.000210837897612, -6.13422671449e-05, -0.00086631992599, -0.000517920241691, -0.000132630273583, 6.47430788376e-05, -0.00334648205899, 0.00950816925615, -0.00133550190367, -0.00277596688829, 0.00128639023751, 1.97051940631e-05], [-1.22630726764e-05, 0.000593253585976, -0.000844760856126, -0.000170960047399, 0.000460722949356, 0.000138618052006, 0.000521629815921, -0.00298682507128, -0.00133550190367, 0.0112802851945, -0.00570122664794, 0.00129008514341, 0.00038560925168], [0.000317075668136, -0.0010567123536, 0.0001736809063, -0.000407620071201, 0.000461800373159, -0.000769144506194, -0.00167165300809, 0.00190039700828, -0.00277596688829, -0.00570122664794, 0.014534028247, -0.00733901793137, 0.00197749305516], [-0.00018568552332, 0.00108402303886, 0.000108050560812, 0.000351216236595, -0.000809292483609, 3.11930052703e-05, 0.00161596143153, -0.000952014233917, 0.00128639023751, 0.00129008514341, -0.00733901793137, 0.013395995833, -0.00561379967257], [0.000267171184532, -0.0010520570213, 0.000128042258439, -0.00176904303953, 0.000105983519461, 6.42381201033e-05, -0.000974731286988, 0.000722218479495, 1.97051940631e-05, 0.00038560925168, 0.00197749305516, -0.00561379967257, 0.0106033561751]]}, "melbands": {"dmean": [0.00883781723678, 0.00546183018014, 0.00206300034188, 0.000730653875507, 0.000197837449377, 9.91582855931e-05, 4.98904264532e-05, 5.82811917411e-05, 6.16338802502e-05, 9.14192205528e-05, 7.03197074472e-05, 3.47295062966e-05, 2.42193964368e-05, 2.22721992031e-05, 1.67864418472e-05, 1.38315926961e-05, 1.51587400978e-05, 1.39300118462e-05, 1.72431155079e-05, 1.49929201143e-05, 1.09841621452e-05, 9.26003031054e-06, 7.57884117775e-06, 7.32344642529e-06, 7.79432230047e-06, 6.81380788592e-06, 6.03741546001e-06, 5.43406395082e-06, 4.96653319715e-06, 4.17728779212e-06, 5.34381115358e-06, 6.26125938652e-06, 5.58511419513e-06, 5.15117517352e-06, 5.34201171831e-06, 4.96285701956e-06, 3.58502688869e-06, 2.89828290079e-06, 2.17975593841e-06, 2.14425881495e-06], "dmean2": [0.0109306015074, 0.00796418450773, 0.00378227210604, 0.00125197705347, 0.000305690977257, 0.00015784642892, 7.81531634857e-05, 9.76705778157e-05, 0.000106610779767, 0.00017039582599, 0.00012659317872, 6.01154752076e-05, 4.08357809647e-05, 3.61794227501e-05, 2.6323054044e-05, 2.19556914089e-05, 2.45716710197e-05, 2.32127840718e-05, 2.76116152236e-05, 2.42069781962e-05, 1.75205805135e-05, 1.51334979819e-05, 1.19060314319e-05, 1.18225334518e-05, 1.29443151309e-05, 1.11988611025e-05, 1.01970827018e-05, 9.03652016859e-06, 8.32142995932e-06, 6.70359486321e-06, 8.49623029353e-06, 9.81231369224e-06, 9.07351750357e-06, 8.03603052191e-06, 8.30088538351e-06, 7.79168931331e-06, 5.64414222026e-06, 4.67766540169e-06, 3.49316474058e-06, 3.66232961824e-06], "dvar": [0.00011956441449, 0.000109207743662, 3.15018151014e-05, 2.28143403547e-06, 7.40994394732e-08, 3.42711636847e-08, 1.8255123635e-08, 2.2929741661e-08, 2.02047285569e-08, 6.23644780262e-08, 2.92465678342e-08, 4.92965890331e-09, 4.13151601819e-09, 3.19842152763e-09, 1.62732338715e-09, 1.01895658577e-09, 9.62885438049e-10, 8.28685564613e-10, 1.12508713457e-09, 1.4354181177e-09, 4.14710044083e-10, 2.98131075382e-10, 2.49913340022e-10, 1.91340734923e-10, 2.91947743758e-10, 1.79845749404e-10, 1.37917580134e-10, 1.22992824259e-10, 1.16475468159e-10, 7.27457816208e-11, 1.33587280127e-10, 2.13012565919e-10, 1.29817823158e-10, 1.24183205386e-10, 1.41045897184e-10, 1.32227936933e-10, 5.00434450823e-11, 3.41637065859e-11, 2.22753135382e-11, 1.84655641472e-11], "dvar2": [0.000225699084694, 0.00023138319375, 8.91370218596e-05, 6.42875011181e-06, 1.68109309584e-07, 8.09992997119e-08, 3.84961182931e-08, 6.1713251398e-08, 5.40048290532e-08, 1.80650658876e-07, 8.33753261986e-08, 1.36073436963e-08, 1.08490372241e-08, 7.80895703656e-09, 3.52106677148e-09, 2.34036745539e-09, 2.36599961845e-09, 2.19675899693e-09, 2.68782907042e-09, 3.42463124525e-09, 9.94229254481e-10, 7.54740492326e-10, 5.43475042747e-10, 4.5679318661e-10, 7.65735863606e-10, 4.54634302427e-10, 3.61000701554e-10, 3.18887222184e-10, 3.05934083622e-10, 1.76027428744e-10, 3.12955356074e-10, 4.88012963373e-10, 3.18500920082e-10, 2.70213129649e-10, 3.26188381861e-10, 3.05096226061e-10, 1.13305843874e-10, 8.30250312944e-11, 5.44279205039e-11, 4.87343151945e-11], "max": [0.0899186655879, 0.0819341987371, 0.0468578077853, 0.0169236324728, 0.00380507716909, 0.00518651679158, 0.00464378995821, 0.00421780021861, 0.00261094653979, 0.00234699156135, 0.00175763759762, 0.000945074949414, 0.0014236709103, 0.00103382312227, 0.00114210159518, 0.00055023515597, 0.000543028581887, 0.000467816978926, 0.00054405129049, 0.000562510278542, 0.00029191817157, 0.000274362973869, 0.000242341004196, 0.000186688965186, 0.000252560101217, 0.000260170374531, 0.000249701464782, 0.000160711206263, 0.000103300641058, 0.00010274752276, 0.000139233408845, 0.000147198734339, 0.000112396126497, 0.000113332207548, 0.000113702240924, 0.000121146607853, 7.52057821956e-05, 6.45386971883e-05, 5.86050155107e-05, 4.40152580268e-05], "mean": [0.0124887032434, 0.00643619103357, 0.0017880089581, 0.00101317779627, 0.000378010357963, 0.000153795946972, 6.00926614425e-05, 5.73627912672e-05, 6.10843126196e-05, 7.12882101652e-05, 6.36975455564e-05, 3.99973141612e-05, 2.7072021112e-05, 2.49905133387e-05, 2.03505678655e-05, 1.58514012583e-05, 1.78718655661e-05, 1.71174124262e-05, 1.97922618099e-05, 1.69536215253e-05, 1.35297823363e-05, 1.21804596347e-05, 9.71964618657e-06, 8.83202756086e-06, 9.04381977307e-06, 7.94371499069e-06, 6.9156567406e-06, 6.12641724729e-06, 5.25012274011e-06, 4.55818371847e-06, 5.2165910347e-06, 6.23809273748e-06, 5.79369725529e-06, 5.68112182009e-06, 5.31148953087e-06, 4.7460521273e-06, 3.49856577486e-06, 2.72617353403e-06, 2.09467566492e-06, 1.81299094493e-06], "median": [0.00413089618087, 0.00230228225701, 0.000370205758372, 0.000315390265314, 0.000215270978515, 7.40687610232e-05, 1.69257273228e-05, 1.26873110275e-05, 1.58018465299e-05, 1.72287582245e-05, 2.35595853155e-05, 1.57756348926e-05, 9.63684033195e-06, 7.68840800447e-06, 6.13740758126e-06, 4.25408916271e-06, 6.01862711846e-06, 6.22246216153e-06, 6.0724710238e-06, 4.42600185124e-06, 4.3099676077e-06, 4.27262102676e-06, 2.82042060462e-06, 2.5893568818e-06, 2.25164285439e-06, 1.91840649677e-06, 1.80908648417e-06, 1.49180277731e-06, 1.10279347609e-06, 8.70708959155e-07, 7.26911991933e-07, 9.49570562625e-07, 1.01278328657e-06, 9.65345861914e-07, 7.14354086995e-07, 5.94208074745e-07, 4.94315145261e-07, 4.11091178876e-07, 3.59443532716e-07, 3.37545174034e-07], "min": [1.76109498652e-17, 7.51100013969e-18, 3.03839755128e-18, 3.51983920846e-18, 4.40685186267e-18, 8.03064492666e-18, 9.28839538193e-18, 7.95090140689e-18, 4.70976209427e-18, 1.25362530555e-18, 3.44570066452e-18, 3.10967074158e-18, 2.39728294572e-18, 1.6941218326e-18, 8.76630710342e-19, 7.57614102652e-19, 5.71782890881e-18, 6.63266585088e-18, 5.99075136166e-18, 9.22610371872e-18, 6.34972872235e-18, 8.47091759796e-18, 4.00370264368e-18, 2.37017685743e-18, 6.18713313806e-19, 1.13363169416e-18, 3.45521365515e-18, 5.99275851541e-18, 7.35951689975e-18, 5.96906227241e-18, 2.60173593695e-18, 1.66645853477e-18, 4.98614298925e-18, 8.28090593945e-18, 6.58586728054e-18, 2.72784396403e-18, 4.53515584748e-18, 8.20909094585e-18, 3.49574757312e-18, 2.71040513556e-18], "var": [0.000277234445093, 0.000130887594423, 2.00105423573e-05, 2.45582077696e-06, 2.04739379228e-07, 6.26094447398e-08, 2.50145486547e-08, 2.31184476007e-08, 1.90379356724e-08, 3.68337929046e-08, 1.92628899498e-08, 4.63903138126e-09, 3.65821017922e-09, 3.11953995968e-09, 1.93469262832e-09, 1.15354348296e-09, 1.0620107016e-09, 9.67345648029e-10, 1.2966659968e-09, 1.56761092995e-09, 5.21535259423e-10, 3.93214460992e-10, 3.67593289141e-10, 2.49894022142e-10, 3.47872453066e-10, 2.63113364429e-10, 1.8271725799e-10, 1.39595737747e-10, 1.14720809241e-10, 8.43919864546e-11, 1.44879760966e-10, 2.35750974298e-10, 1.4568679596e-10, 1.56919172101e-10, 1.5792993302e-10, 1.47070369771e-10, 5.83623080419e-11, 3.50949269645e-11, 2.28141099762e-11, 1.52359062866e-11]}, "mfcc": {"mean": [-672.622802734, 104.388954163, 25.7095031738, 32.0989227295, 19.9970054626, 18.5884933472, 8.56015300751, 13.7781305313, 5.28292369843, 4.95692300797, -2.34278702736, -4.93866062164, -0.794309079647], "cov": [[9281.05859375, -1036.72473145, -76.4332809448, -40.3357582092, -212.478317261, -52.325088501, -115.287117004, 12.4877386093, 19.3816013336, 3.18989133835, -85.9527282715, -145.616668701, -182.901489258], [-1036.72473145, 1999.11914062, 26.3904418945, 221.791229248, 289.864135742, 101.449882507, 131.830490112, 33.1266212463, 40.9125061035, -1.62805664539, -31.2180767059, -39.5586051941, 11.8376073837], [-76.4332809448, 26.3904418945, 709.691833496, 90.3031387329, -2.57402300835, 22.7749423981, 5.36737966537, -50.6642036438, 38.8150520325, 58.200050354, 32.3355560303, 67.1960525513, 35.4389381409], [-40.3357582092, 221.791229248, 90.3031387329, 321.894165039, 134.821289062, 60.8292198181, 36.201133728, 14.3508205414, 55.8302230835, 0.104940213263, -1.75391530991, 29.9624061584, 15.1500282288], [-212.478317261, 289.864135742, -2.57402300835, 134.821289062, 315.154846191, 155.45602417, 61.0800056458, 79.0237121582, 37.8433151245, 32.798740387, 12.6088762283, 19.571603775, 18.3900852203], [-52.325088501, 101.449882507, 22.7749423981, 60.8292198181, 155.45602417, 277.016143799, 125.276802063, 88.9539260864, 28.3058414459, 35.1084289551, 11.0932159424, 14.6299943924, 23.2396755219], [-115.287117004, 131.830490112, 5.36737966537, 36.201133728, 61.0800056458, 125.276802063, 210.316299438, 76.9482650757, 56.7897491455, 41.8400230408, 26.210893631, 14.6023101807, 27.8126506805], [12.4877386093, 33.1266212463, -50.6642036438, 14.3508205414, 79.0237121582, 88.9539260864, 76.9482650757, 177.926422119, 44.7283477783, 31.0215873718, 32.8970413208, 12.6269350052, 21.4862422943], [19.3816013336, 40.9125061035, 38.8150520325, 55.8302230835, 37.8433151245, 28.3058414459, 56.7897491455, 44.7283477783, 162.002197266, 54.7240562439, 11.539144516, 30.7631072998, 10.1887292862], [3.18989133835, -1.62805664539, 58.200050354, 0.104940213263, 32.798740387, 35.1084289551, 41.8400230408, 31.0215873718, 54.7240562439, 170.647338867, 105.678222656, 42.9575538635, 35.0908279419], [-85.9527282715, -31.2180767059, 32.3355560303, -1.75391530991, 12.6088762283, 11.0932159424, 26.210893631, 32.8970413208, 11.539144516, 105.678222656, 167.112579346, 85.3681030273, 55.5269355774], [-145.616668701, -39.5586051941, 67.1960525513, 29.9624061584, 19.571603775, 14.6299943924, 14.6023101807, 12.6269350052, 30.7631072998, 42.9575538635, 85.3681030273, 145.335006714, 72.6524353027], [-182.901489258, 11.8376073837, 35.4389381409, 15.1500282288, 18.3900852203, 23.2396755219, 27.8126506805, 21.4862422943, 10.1887292862, 35.0908279419, 55.5269355774, 72.6524353027, 110.042114258]], "icov": [[0.000121051882161, 5.99205959588e-05, 7.24496385374e-06, -6.5259373514e-05, 7.36816291464e-05, -3.81652280339e-05, 5.45531111129e-05, -6.11527066212e-05, -2.12706418097e-05, -7.68379468354e-05, 3.3570733649e-05, 6.94808113622e-05, 0.000158964496222], [5.99205959588e-05, 0.000663450569846, -2.20146084757e-05, -0.000246236508247, -0.000583048793487, 0.000268398434855, -0.00041980293463, 0.000160985844559, 1.85059379874e-05, 5.02577931911e-05, 9.96871585812e-06, 0.000411531684222, -0.000109832617454], [7.24496385374e-06, -2.20146084757e-05, 0.00164199573919, -0.000480084941955, 0.000353685085429, -0.000341087463312, 0.000117037263408, 0.000615870812908, -0.000116001654533, -0.00069121888373, 0.000349969777744, -0.000670108769555, -8.82147433003e-05], [-6.5259373514e-05, -0.000246236508247, -0.000480084941955, 0.0043982504867, -0.00176663382445, 5.45009897905e-05, -0.000160827068612, 0.000612951640505, -0.00131003523711, 0.00113784964196, -0.000253062898992, -0.00046460001613, -0.000135316455271], [7.36816291464e-05, -0.000583048793487, 0.000353685085429, -0.00176663382445, 0.00613836571574, -0.00287077645771, 0.00126807962079, -0.00141950638499, 7.19836025382e-05, -0.0010007256642, 0.000469369522762, -0.000574183824938, 0.000306308531435], [-3.81652280339e-05, 0.000268398434855, -0.000341087463312, 5.45009897905e-05, -0.00287077645771, 0.0070205386728, -0.00335526606068, -0.00130095810164, 0.0012369977776, -0.000779755006079, 0.00129341881257, -0.000410709762946, -0.000138192277518], [5.45531111129e-05, -0.00041980293463, 0.000117037263408, -0.000160827068612, 0.00126807962079, -0.00335526606068, 0.00798575859517, -0.0014945018338, -0.00193799845874, -0.000215883890633, -0.000710844120476, 0.000831013487186, -0.00105128285941], [-6.11527066212e-05, 0.000160985844559, 0.000615870812908, 0.000612951640505, -0.00141950638499, -0.00130095810164, -0.0014945018338, 0.00839726720005, -0.00198715226725, 0.00103616097476, -0.002126181731, 0.00117909768596, -0.00100362289231], [-2.12706418097e-05, 1.85059379874e-05, -0.000116001654533, -0.00131003523711, 7.19836025382e-05, 0.0012369977776, -0.00193799845874, -0.00198715226725, 0.00929143931717, -0.00419024936855, 0.00372006907128, -0.00308175431564, 0.00141835643444], [-7.68379468354e-05, 5.02577931911e-05, -0.00069121888373, 0.00113784964196, -0.0010007256642, -0.000779755006079, -0.000215883890633, 0.00103616097476, -0.00419024936855, 0.0125405099243, -0.00875847227871, 0.0030283741653, -0.00107392075006], [3.3570733649e-05, 9.96871585812e-06, 0.000349969777744, -0.000253062898992, 0.000469369522762, 0.00129341881257, -0.000710844120476, -0.002126181731, 0.00372006907128, -0.00875847227871, 0.0153494477272, -0.00699664186686, -0.000457354472019], [6.94808113622e-05, 0.000411531684222, -0.000670108769555, -0.00046460001613, -0.000574183824938, -0.000410709762946, 0.000831013487186, 0.00117909768596, -0.00308175431564, 0.0030283741653, -0.00699664186686, 0.0146220037714, -0.00671025691554], [0.000158964496222, -0.000109832617454, -8.82147433003e-05, -0.000135316455271, 0.000306308531435, -0.000138192277518, -0.00105128285941, -0.00100362289231, 0.00141835643444, -0.00107392075006, -0.000457354472019, -0.00671025691554, 0.0147223481908]]}, "spectral_contrast_coeffs": {"dmean": [0.0620691552758, 0.0547575317323, 0.0414165593684, 0.0329034626484, 0.0255645606667, 0.0243229363114], "dmean2": [0.0960329920053, 0.0862408131361, 0.0674137920141, 0.0535904988647, 0.0407753027976, 0.0372852645814], "dvar": [0.0028876059223, 0.00210237083957, 0.00118755211588, 0.000775182794314, 0.000553884194233, 0.000482929346617], "dvar2": [0.00714280083776, 0.00484595680609, 0.00302571011707, 0.00185976910871, 0.00128295982722, 0.00110914814286], "max": [-0.305585592985, -0.413571715355, -0.555951595306, -0.623014986515, -0.586948156357, -0.617794513702], "mean": [-0.660706460476, -0.747811257839, -0.795622825623, -0.80069899559, -0.798859536648, -0.786529123783], "median": [-0.66573882103, -0.755645573139, -0.798638761044, -0.802901446819, -0.805177211761, -0.786791503429], "min": [-0.99182331562, -0.958407759666, -0.971023321152, -0.960236728191, -0.955512940884, -0.964589655399], "var": [0.00862341560423, 0.00697024026886, 0.00311149191111, 0.00226707733236, 0.0018698729109, 0.00146344082896]}, "spectral_contrast_valleys": {"dmean": [0.533492207527, 0.603052973747, 0.523479402065, 0.473853975534, 0.475210338831, 0.634384989738], "dmean2": [0.806400537491, 0.930445432663, 0.817599773407, 0.711591243744, 0.691053509712, 0.88701146841], "dvar": [0.276721715927, 0.363457471132, 0.303821951151, 0.269652038813, 0.342860281467, 0.528421163559], "dvar2": [0.537075102329, 0.771649479866, 0.650209605694, 0.519285082817, 0.673746287823, 1.10049581528], "max": [-4.93045473099, -4.88345909119, -4.91796588898, -5.62688970566, -5.48062038422, -7.33325338364], "mean": [-7.0097322464, -7.