{"lowlevel": {"average_loudness": 0.850582480431, "barkbands_crest": {"dmean": 2.39367032051, "dmean2": 3.35321474075, "dvar": 5.72883176804, "dvar2": 12.7062005997, "max": 26.7980613708, "mean": 16.3315620422, "median": 15.891456604, "min": 4.39486646652, "var": 25.00689888}, "barkbands_flatness_db": {"dmean": 0.0348447747529, "dmean2": 0.051845356822, "dvar": 0.00154244236182, "dvar2": 0.00347385555506, "max": 0.713472783566, "mean": 0.436905324459, "median": 0.438915193081, "min": 0.0696219354868, "var": 0.0101600289345}, "barkbands_kurtosis": {"dmean": 6.1080622673, "dmean2": 8.5029001236, "dvar": 213.342819214, "dvar2": 493.080200195, "max": 237.371643066, "mean": 9.16442108154, "median": 3.33493423462, "min": -1.94248104095, "var": 360.698028564}, "barkbands_skewness": {"dmean": 0.72334676981, "dmean2": 0.976253151894, "dvar": 0.844214379787, "dvar2": 1.837220788, "max": 14.6315050125, "mean": 0.884724617004, "median": 0.614870965481, "min": -5.33001184464, "var": 3.51893734932}, "barkbands_spread": {"dmean": 1.19052624702, "dmean2": 1.67921662331, "dvar": 5.3900103569, "dvar2": 11.7906103134, "max": 59.8832015991, "mean": 3.69637989998, "median": 2.19332170486, "min": 0.155507609248, "var": 20.7870121002}, "dissonance": {"dmean": 0.0643195062876, "dmean2": 0.109213113785, "dvar": 0.0034827105701, "dvar2": 0.00937022827566, "max": 0.500000119209, "mean": 0.272016882896, "median": 0.269016444683, "min": 0.0255510807037, "var": 0.0119727319106}, "dynamic_complexity": 3.69044947624, "erbbands_crest": {"dmean": 3.02896547318, "dmean2": 4.35345745087, "dvar": 9.08578205109, "dvar2": 19.7649440765, "max": 34.5071983337, "mean": 19.1260318756, "median": 18.2028713226, "min": 2.96046447754, "var": 42.5194587708}, "erbbands_flatness_db": {"dmean": 0.0272497329861, "dmean2": 0.0409030579031, "dvar": 0.00114174722694, "dvar2": 0.00266740052029, "max": 0.696045279503, "mean": 0.4386459589, "median": 0.44438457489, "min": 0.0855082497001, "var": 0.00723937898874}, "erbbands_kurtosis": {"dmean": 3.88567447662, "dmean2": 5.2103934288, "dvar": 41.5841598511, "dvar2": 85.2744598389, "max": 150.26991272, "mean": 6.54649829865, "median": 2.53543663025, "min": -1.94194746017, "var": 121.572967529}, "erbbands_skewness": {"dmean": 0.616678893566, "dmean2": 0.830801844597, "dvar": 0.485532909632, "dvar2": 1.04736626148, "max": 9.32696914673, "mean": 0.702076435089, "median": 0.483447521925, "min": -3.93502092361, "var": 2.32956528664}, "erbbands_spread": {"dmean": 2.46789932251, "dmean2": 3.54529595375, "dvar": 25.1684589386, "dvar2": 60.7244949341, "max": 111.466644287, "mean": 7.70798110962, "median": 4.70658636093, "min": 0.328446298838, "var": 89.8142700195}, "hfc": {"dmean": 3.06155753136, "dmean2": 3.88445186615, "dvar": 24.7624015808, "dvar2": 41.3505592346, "max": 122.578636169, "mean": 10.7747612, "median": 7.47629356384, "min": 1.19703318146e-16, "var": 128.704162598}, "melbands_crest": {"dmean": 2.84815812111, "dmean2": 3.92766213417, "dvar": 8.63373374939, "dvar2": 19.3945808411, "max": 34.7324714661, "mean": 19.6484279633, "median": 19.1459102631, "min": 1.92030966282, "var": 39.54662323}, "melbands_flatness_db": {"dmean": 0.0360525101423, "dmean2": 0.0524116940796, "dvar": 0.00184195756447, "dvar2": 0.00416176579893, "max": 0.859760701656, "mean": 0.5220079422, "median": 0.527292370796, "min": 0.00725927995518, "var": 0.014020986855}, "melbands_kurtosis": {"dmean": 5.79594802856, "dmean2": 7.98078346252, "dvar": 272.441314697, "dvar2": 597.418395996, "max": 520.678527832, "mean": 8.98154258728, "median": 2.73751068115, "min": -1.8129273653, "var": 480.146484375}, "melbands_skewness": {"dmean": 0.67927801609, "dmean2": 0.88771378994, "dvar": 0.705294311047, "dvar2": 1.38549745083, "max": 16.6367282867, "mean": 1.03500854969, "median": 0.581956267357, "min": -4.30298233032, "var": 3.85468125343}, "melbands_spread": {"dmean": 1.96884429455, "dmean2": 2.82074427605, "dvar": 19.2060337067, "dvar2": 42.5749053955, "max": 155.094345093, "mean": 6.80447053909, "median": 3.85651040077, "min": 0.206718102098, "var": 150.53678894}, "pitch_salience": {"dmean": 0.0628646835685, "dmean2": 0.0881126001477, "dvar": 0.00406508287415, "dvar2": 0.00903810653836, "max": 0.858913600445, "mean": 0.422835677862, "median": 0.429486036301, "min": 0.0283461157233, "var": 0.0190818365663}, "silence_rate_20dB": {"dmean": 0, "dmean2": 0, "dvar": 0, "dvar2": 0, "max": 1, "mean": 1, "median": 1, "min": 1, "var": 0}, "silence_rate_30dB": {"dmean": 0.0140367858112, "dmean2": 0.0280803684145, "dvar": 0.0138400942087, "dvar2": 0.0301959831268, "max": 1, "mean": 0.980885565281, "median": 1, "min": 0, "var": 0.0187493693084}, "silence_rate_60dB": {"dmean": 0.0600193627179, "dmean2": 0.1200677827, "dvar": 0.0564157962799, "dvar2": 0.11968704313, "max": 1, "mean": 0.118799902499, "median": 0, "min": 0, "var": 0.10468351841}, "spectral_centroid": {"dmean": 72.7079162598, "dmean2": 93.9727783203, "dvar": 41871.328125, "dvar2": 63483.2265625, "max": 10867.4072266, "mean": 609.687072754, "median": 459.420715332, "min": 147.433853149, "var": 265520.96875}, "spectral_complexity": {"dmean": 0.755566298962, "dmean2": 1.26942634583, "dvar": 0.851668357849, "dvar2": 1.94895231724, "max": 17, "mean": 5.33510780334, "median": 5, "min": 0, "var": 6.21164131165}, "spectral_decrease": {"dmean": 1.73028824602e-09, "dmean2": 1.96641214423e-09, "dvar": 7.68847422165e-18, "dvar2": 1.17740805673e-17, "max": 1.45245315842e-18, "mean": -5.805889991e-09, "median": -3.83963572048e-09, "min": -4.6659025088e-08, "var": 3.97318373226e-17}, "spectral_energy": {"dmean": 0.00677523063496, "dmean2": 0.00773496925831, "dvar": 0.000115045717394, "dvar2": 0.000176723639015, "max": 0.179583802819, "mean": 0.0228900685906, "median": 0.0153099056333, "min": 1.06113144281e-20, "var": 0.000598053680733}, "spectral_energyband_high": {"dmean": 1.44330479088e-05, "dmean2": 2.41025627474e-05, "dvar": 1.55437174243e-08, "dvar2": 4.134180287e-08, "max": 0.00348496763036, "mean": 1.9699544282e-05, "median": 2.60297127852e-07, "min": 7.68306436351e-21, "var": 2.44820270723e-08}, "spectral_energyband_low": {"dmean": 0.000957370095421, "dmean2": 0.000903090869542, "dvar": 1.61251300597e-05, "dvar2": 1.69971281139e-05, "max": 0.146370306611, "mean": 0.00264196540229, "median": 0.000104225371615, "min": 4.3017241494e-23, "var": 0.000101775425719}, "spectral_energyband_middle_high": {"dmean": 0.0011855091434, "dmean2": 0.0014972591307, "dvar": 8.59856845636e-06, "dvar2": 1.32194481921e-05, "max": 0.0593645535409, "mean": 0.00348779046908, "median": 0.000467208359623, "min": 1.29228775161e-21, "var": 4.99751331517e-05}, "spectral_energyband_middle_low": {"dmean": 0.00580915343016, "dmean2": 0.00669159414247, "dvar": 0.000107319938252, "dvar2": 0.000168909638887, "max": 0.176213309169, "mean": 0.0181757248938, "median": 0.0103486003354, "min": 2.44826124757e-22, "var": 0.000499695539474}, "spectral_entropy": {"dmean": 0.279244303703, "dmean2": 0.415819168091, "dvar": 0.120497763157, "dvar2": 0.285915255547, "max": 9.79412555695, "mean": 4.85675525665, "median": 4.79727983475, "min": 2.8945453167, "var": 0.724014937878}, "spectral_flux": {"dmean": 0.023506578058, "dmean2": 0.0386273264885, "dvar": 0.00112151983194, "dvar2": 0.00280563719571, "max": 0.322190016508, "mean": 0.0444812737405, "median": 0.033343680203, "min": 1.04885475305e-10, "var": 0.00145526404958}, "spectral_kurtosis": {"dmean": 46.930644989, "dmean2": 77.8913116455, "dvar": 3807.58056641, "dvar2": 10852.3193359, "max": 1034.06103516, "mean": 118.507171631, "median": 100.146720886, "min": -1.24584829807, "var": 9275.30859375}, "spectral_rms": {"dmean": 0.000707425584551, "dmean2": 0.000811874866486, "dvar": 8.10105518667e-07, "dvar2": 1.34836432153e-06, "max": 0.0132364537567, "mean": 0.00413759006187, "median": 0.00386477587745, "min": 3.21753040877e-12, "var": 5.21209676663e-06}, "spectral_rolloff": {"dmean": 114.961433411, "dmean2": 202.561782837, "dvar": 252323, "dvar2": 574932.6875, "max": 18992.2851562, "mean": 825.488098145, "median": 602.9296875, "min": 129.19921875, "var": 1978964.125}, "spectral_skewness": {"dmean": 1.817730546, "dmean2": 3.00686764717, "dvar": 3.10142588615, "dvar2": 8.11594390869, "max": 26.4724826813, "mean": 7.92587566376, "median": 7.68779277802, "min": 0.0453087687492, "var": 15.1604423523}, "spectral_spread": {"dmean": 516105, "dmean2": 882854.5, "dvar": 750413938688, "dvar2": 1282636120060.0, "max": 41419580, "mean": 1382122.25, "median": 1077066.125, "min": 135127.53125, "var": 2472531722240.0}, "spectral_strongpeak": {"dmean": 0.540141880512, "dmean2": 0.746409237385, "dvar": 0.775966405869, "dvar2": 1.41939151287, "max": 20.6546440125, "mean": 1.86518585682, "median": 1.44377458096, "min": 0, "var": 3.35864877701}, "zerocrossingrate": {"dmean": 0.00353826652281, "dmean2": 0.00366595084779, "dvar": 0.000174047920154, "dvar2": 0.000149669343955, "max": 0.85205078125, "mean": 0.0320024453104, "median": 0.021484375, "min": 0.00537109375, "var": 0.0041772373952}, "barkbands": {"dmean": [6.33814670437e-06, 5.86117857893e-05, 0.000451435276773, 0.00123281858396, 0.00230297236703, 0.00150463590398, 0.000937996956054, 0.000733800698072, 0.000526601041202, 0.000331727176672, 0.000450421881396, 0.000234703315073, 0.000172213622136, 8.26147006592e-05, 0.000107746040158, 0.000123310499475, 5.72881690459e-05, 1.27999383039e-05, 1.36287899295e-05, 9.09204663913e-06, 5.0073103921e-06, 3.67779034605e-06, 2.24904783863e-06, 3.91141156797e-06, 2.45471414928e-06, 2.21415163537e-07, 2.60106780559e-08], "dmean2": [1.07726818896e-05, 6.69999935781e-05, 0.00041747133946, 0.00118255498819, 0.00260214367881, 0.00191796058789, 0.00120345212054, 0.000946236075833, 0.000734071072657, 0.000442713120719, 0.000556502491236, 0.000280762993498, 0.000228933276958, 0.000105656508822, 0.000120192016766, 0.000150137013406, 7.65991935623e-05, 2.14654846786e-05, 1.92111638171e-05, 1.63697386597e-05, 8.55593043525e-06, 5.8876962612e-06, 3.60236731467e-06, 7.13927829565e-06, 3.95442793888e-06, 3.45993925066e-07, 4.531186093e-08], "dvar": [4.18564211069e-10, 2.54571943969e-07, 6.55378562442e-06, 2.87367038254e-05, 5.34833779966e-05, 1.65898945852e-05, 8.37646530272e-06, 3.22580717693e-06, 2.37911490331e-06, 1.22488745546e-06, 2.74921831078e-06, 1.23922370676e-06, 1.24323184991e-06, 4.12657243487e-07, 6.91358707172e-07, 1.55657403411e-06, 1.95898579136e-07, 1.79651902243e-08, 1.29116841663e-08, 2.78738010451e-08, 4.34492974932e-09, 3.13105674721e-09, 2.39326292117e-09, 5.57624035835e-09, 2.22264695537e-09, 3.33132514629e-11, 5.8397338072e-14], "dvar2": [1.07213282696e-09, 2.92686991088e-07, 6.29146370557e-06, 3.28651403834e-05, 8.40425054776e-05, 3.06930596707e-05, 1.4531888155e-05, 5.92382320974e-06, 4.46402691523e-06, 2.14840770241e-06, 4.12152940044e-06, 1.60662625603e-06, 1.90061041394e-06, 6.15415046923e-07, 7.5213256423e-07, 2.43143517764e-06, 2.8566120136e-07, 4.51522517153e-08, 2.61954706815e-08, 9.00586130115e-08, 1.15816369828e-08, 7.54341389353e-09, 6.01551919388e-09, 1.54383350548e-08, 5.19581888625e-09, 8.47745970645e-11, 1.51822036388e-13], "max": [0.000364454841474, 0.0358224734664, 0.130245521665, 0.141394242644, 0.145007312298, 0.0892320349813, 0.0627277120948, 0.0381251126528, 0.0317628718913, 0.0278016198426, 0.0445432066917, 0.0490627288818, 0.0407816544175, 0.0260389987379, 0.0420997440815, 0.056693688035, 0.0265651755035, 0.00383374560624, 0.00351060810499, 0.00722109433264, 0.00222529564053, 0.00187160563655, 0.00219385069795, 0.00237892242149, 0.00194416288286, 0.000326022243826, 1.07856485556e-05], "mean": [6.13854490439e-06, 0.000104209968413, 0.00123570428696, 0.00332673545927, 0.00511577120051, 0.0037874863483, 0.00250668544322, 0.00195090798661, 0.00120456458535, 0.000737461901736, 0.00126956694294, 0.000621540297288, 0.000292457611067, 0.000120153883472, 0.000243271089857, 0.000230831865338, 8.19407287054e-05, 1.339456594e-05, 1.67688758665e-05, 7.65556615079e-06, 4.56424504591e-06, 3.34937567459e-06, 2.10160897041e-06, 3.62842274626e-06, 2.96073244499e-06, 1.94662447939e-07, 2.66667274929e-08], "median": [1.34617516778e-06, 6.4440459937e-06, 7.57028783482e-06, 0.000118196709082, 0.000600218190812, 0.000360864389222, 0.000258165237028, 0.000253027421422, 0.000117245181173, 3.00900119328e-05, 3.73383845726e-05, 1.3079983546e-05, 3.63159961125e-06, 1.55291945703e-06, 1.33873879804e-06, 1.0272859754e-06, 3.28633120716e-07, 1.66197722251e-07, 1.54110082917e-07, 1.36580453614e-07, 7.62250920161e-08, 2.1495223379e-08, 6.45864028925e-09, 3.13995540679e-09, 1.92454696624e-09, 1.12347831038e-09, 6.38312291912e-10], "min": [7.08178105101e-24, 1.52679231931e-23, 8.65456143674e-24, 1.50781232593e-23, 1.87329505431e-23, 5.08767258016e-23, 2.0519699983e-23, 3.40866734037e-23, 5.22481320863e-23, 4.32430324177e-23, 4.96777203345e-23, 6.39274134256e-23, 8.3237074933e-23, 8.69034479849e-23, 1.64042426172e-22, 1.20739086916e-22, 9.96725753747e-23, 2.08752525303e-22, 2.05627891434e-22, 2.00656161843e-22, 3.1164150747e-22, 3.64207285444e-22, 5.70312406171e-22, 9.09404506094e-22, 1.0087757366e-21, 1.7698161304e-21, 2.38854339157e-21], "var": [3.45189876683e-10, 9.61049750003e-07, 4.48733007943e-05, 0.000167040998349, 0.000202874522074, 6.74860930303e-05, 3.77346659661e-05, 1.53311139002e-05, 8.28904921946e-06, 4.9391360335e-06, 1.78155587491e-05, 8.4994462668e-06, 3.35013373842e-06, 9.99074472929e-07, 4.11010114476e-06, 5.25852647115e-06, 8.58106659507e-07, 1.86525159762e-08, 2.0220609187e-08, 1.60317359388e-08, 3.24711524335e-09, 2.88393553483e-09, 2.31533081596e-09, 4.93286655967e-09, 3.00612201798e-09, 2.91797072616e-11, 9.6617904107e-14]}, "erbbands": {"dmean": [0.000995431677438, 0.0216377917677, 0.375671267509, 2.36083364487, 6.41737174988, 7.41548919678, 9.8382396698, 13.0587015152, 14.6190290451, 13.8796710968, 13.6832933426, 14.6693315506, 8.0917301178, 10.146071434, 20.1332149506, 12.1306753159, 8.74518203735, 4.70858335495, 6.0248632431, 5.30052280426, 5.25213050842, 2.14757537842, 0.925963401794, 0.567539393902, 0.668978571892, 0.416780978441, 0.297738194466, 0.102925546467, 0.165640980005, 0.0624365508556, 0.0666888728738, 0.0725930854678, 0.0731175765395, 0.0338061153889, 0.0201201606542, 0.00224548578262, 0.000217774082557, 3.31933588313e-05, 7.78031426307e-06, 7.72670773586e-06], "dmean2": [0.00149652338587, 0.0213249698281, 0.340021342039, 2.251298666, 6.35241365433, 8.53065299988, 12.8092298508, 16.5093383789, 18.3296527863, 18.1057739258, 18.0166301727, 20.1012153625, 10.850687027, 13.6543121338, 24.272939682, 14.1668300629, 11.4432945251, 5.9790058136, 6.815928936, 6.13866901398, 6.51974582672, 3.05361652374, 1.45322608948, 0.842792570591, 1.00537776947, 0.724368870258, 0.494511514902, 0.165130093694, 0.280463784933, 0.0895675122738, 0.107428006828, 0.135630592704, 0.137578770518, 0.0561146363616, 0.0306862145662, 0.00344366114587, 0.000368109060219, 5.75709309487e-05, 1.22005649246e-05, 8.97778954823e-06], "dvar": [1.09578304546e-05, 0.027814656496, 4.02399730682, 87.2527618408, 581.741333008, 742.10949707, 1381.24963379, 1354.00561523, 1963.54125977, 1652.81970215, 1388.06921387, 1852.69958496, 729.702087402, 1269.08996582, 6167.69921875, 3165.91796875, 2990.1472168, 1130.94445801, 2400.94042969, 1539.1730957, 1524.34362793, 210.236297607, 90.5538101196, 18.2795543671, 38.5642776489, 50.1308403015, 17.3677539825, 0.696189343929, 8.05368995667, 1.1035605669, 2.60465669632, 3.80854439735, 2.39941883087, 0.470853000879, 0.144609764218, 0.00319381779991, 1.81994000741e-05, 7.9355778837e-08, 3.62994612146e-09, 1.46263390288e-10], "dvar2": [2.12836712308e-05, 0.031387783587, 3.96151208878, 99.4646530151, 778.491027832, 1213.85852051, 2819.37963867, 2439.8671875, 3387.76855469, 3066.92456055, 2499.78149414, 3457.45800781, 1307.12890625, 2290.91064453, 9186.17871094, 4011.69384766, 4505.50097656, 1658.8269043, 2467.61206055, 2355.43212891, 2459.56494141, 405.888153076, 228.560089111, 37.6041870117, 95.1698684692, 160.204956055, 45.1755828857, 1.64026892185, 20.4664421082, 2.39178299904, 6.82033348083, 11.59100914, 6.4200553894, 1.14156353474, 0.359333187342, 0.00837111566216, 5.13098239026e-05, 2.25668358667e-07, 9.16150977304e-09, 2.2902345298e-10], "max": [0.164356440306, 11.1751241684, 100.095779419, 225.309921265, 651.923706055, 789.75189209, 1237.89453125, 700.636169434, 1033.52636719, 1065.70239258, 1048.85461426, 895.710021973, 850.467041016, 1077.77856445, 2244.55029297, 2520.91259766, 2047.9152832, 1393.70275879, 2584.72705078, 1567.61437988, 1619.29333496, 648.068115234, 272.373626709, 118.853546143, 181.027999878, 306.279846191, 147.782897949, 27.9705505371, 98.6049575806, 49.8656311035, 83.7858505249, 88.6687088013, 53.0228767395, 26.9837532043, 14.4608898163, 3.06686019897, 0.214936226606, 0.0109496777877, 0.00328517192975, 0.000234235616517], "mean": [0.00151747872587, 0.0476671420038, 1.01196217537, 6.53465986252, 15.8121900558, 15.9128923416, 20.3387107849, 33.6881103516, 43.0185813904, 35.0225143433, 37.7576904297, 35.5561523438, 18.948266983, 24.2154827118, 57.7306365967, 33.6032295227, 16.0693321228, 7.67797040939, 13.9446496964, 10.4954423904, 9.39572143555, 2.87191438675, 0.99224293232, 0.71495527029, 0.800227999687, 0.400500983, 0.269535213709, 0.11596468091, 0.142653137445, 0.0630257055163, 0.0590906254947, 0.0528438873589, 0.0762192159891, 0.0355080589652, 0.0219561234117, 0.0021114719566, 0.000194831562112, 2.9616025131e-05, 1.67864927789e-05, 2.60982051259e-05], "median": [0.000343737337971, 0.00195335177705, 0.0252401158214, 0.393111407757, 1.13687837124, 1.59861528873, 2.38332223892, 3.951597929, 4.43984460831, 6.98751068115, 8.66272449493, 5.88033533096, 2.8126718998, 2.50202941895, 2.76009368896, 1.30320084095, 0.569360375404, 0.263532161713, 0.181413084269, 0.142205640674, 0.0658006966114, 0.0270722433925, 0.0152184162289, 0.011621793732, 0.00627958262339, 0.00685810530558, 0.00441307108849, 0.00278572528623, 0.00121144077275, 0.000512494472787, 0.000192324645468, 0.000106647552457, 5.83609216847e-05, 3.9512397052e-05, 2.46033196163e-05, 1.56836704264e-05, 8.60567160998e-06, 1.88707906545e-06, 8.45724935061e-06, 1.75369295903e-05], "min": [2.82978038219e-22, 3.56815625945e-21, 7.94973559921e-21, 4.95759617206e-20, 4.20501238736e-20, 9.21398229157e-20, 1.21839296907e-19, 5.02961846488e-19, 3.42578634297e-19, 4.14434418242e-19, 8.56317480944e-19, 1.40594513528e-18, 9.85507324494e-19, 9.01128387966e-19, 2.18100354647e-18, 2.97360304634e-18, 3.86320891177e-18, 4.9591462956e-18, 9.20584110243e-18, 5.55899782349e-18, 6.71544719145e-18, 7.42821755835e-18, 1.15998043656e-17, 6.32475117658e-18, 1.04344077985e-17, 7.91849908794e-18, 1.16671939429e-17, 1.40588146305e-17, 1.37085805689e-17, 1.44207160747e-17, 1.53267154191e-17, 2.544080497e-17, 1.11799572651e-17, 8.57742123773e-18, 7.83595556179e-18, 4.79941689214e-18, 3.40338396554e-18, 1.33212774421e-18, 3.24639826847e-19, 3.62721412791e-20], "var": [2.85107798845e-05, 0.113124422729, 25.8102645874, 519.928405762, 2742.78637695, 2539.30273438, 3279.72607422, 6171.359375, 10087.4394531, 5748.03173828, 7093.27001953, 6472.01611328, 3290.88916016, 4925.46386719, 38846.9101562, 22152.9316406, 8237.26855469, 2862.95898438, 14999.3359375, 5069.28222656, 5242.83398438, 618.410766602, 92.0470657349, 26.937953949, 51.4252510071, 31.015920639, 13.1657247543, 0.818251430988, 6.39843082428, 1.24022781849, 2.30625534058, 2.25208163261, 2.68982720375, 0.540905237198, 0.180852890015, 0.00281398673542, 1.26123422888e-05, 6.58864465208e-08, 7.10640346568e-09, 7.65350727239e-10]}, "gfcc": {"mean": [-242.972229004, 188.741043091, -113.127792358, -44.286655426, -57.6884880066, -24.2243804932, -17.050775528, -19.3606987, -14.0531654358, -12.6440839767, -11.1498470306, -13.0423660278, -2.14074444771], "cov": [[14830.6103516, 1625.1875, -1810.9519043, 446.910369873, -420.926300049, 82.4556350708, 14.6896629333, -104.170463562, -78.4675140381, -145.535827637, -391.534454346, -650.113342285, -350.259887695], [1625.1875, 4475.63427734, 2986.42089844, -369.839752197, -672.162597656, -1365.56494141, -596.181640625, -679.328125, -9.91799736023, 173.049835205, 106.907775879, -613.134521484, -353.666870117], [-1810.9519043, 2986.42089844, 4792.734375, 561.645812988, -867.799682617, -1306.3182373, -1093.79956055, -694.342346191, -350.835083008, 60.9540252686, 7.29487228394, -501.809143066, -343.296356201], [446.910369873, -369.839752197, 561.645812988, 1030.27233887, 62.1392173767, 30.5541687012, -145.539337158, 8.04288959503, -140.814498901, -148.295928955, -224.275650024, -171.318511963, -96.091217041], [-420.926300049, -672.162597656, -867.799682617, 62.1392173767, 842.065307617, 583.323242188, 184.315246582, 114.261360168, 6.54128599167, -122.884941101, -30.8540153503, 104.240402222, 30.7594032288], [82.4556350708, -1365.56494141, -1306.3182373, 30.5541687012, 583.323242188, 968.42364502, 383.226196289, 229.758926392, -32.4245529175, -149.059570312, -112.949363708, 187.616668701, 69.9947280884], [14.6896629333, -596.181640625, -1093.79956055, -145.539337158, 184.315246582, 383.226196289, 665.869445801, 367.482543945, 201.216537476, 12.1794214249, -41.7254295349, 54.4919395447, 5.6623005867], [-104.170463562, -679.328125, -694.342346191, 8.04288959503, 114.261360168, 229.758926392, 367.482543945, 472.112030029, 238.368392944, 96.9023742676, 21.0959663391, 62.1582603455, -27.2551422119], [-78.4675140381, -9.91799736023, -350.835083008, -140.814498901, 6.54128599167, -32.4245529175, 201.216537476, 238.368392944, 322.623596191, 188.346740723, 80.4616470337, 18.265411377, -22.0050849915], [-145.535827637, 173.049835205, 60.9540252686, -148.295928955, -122.884941101, -149.059570312, 12.1794214249, 96.9023742676, 188.346740723, 298.678710938, 176.676818848, -2.01549959183, -48.5206947327], [-391.534454346, 106.907775879, 7.29487228394, -224.275650024, -30.8540153503, -112.949363708, -41.7254295349, 21.0959663391, 80.4616470337, 176.676818848, 288.674133301, 134.784973145, -8.6361989975], [-650.113342285, -613.134521484, -501.809143066, -171.318511963, 104.240402222, 187.616668701, 54.4919395447, 62.1582603455, 18.265411377, -2.01549959183, 134.784973145, 336.651763916, 188.516723633], [-350.259887695, -353.666870117, -343.296356201, -96.091217041, 30.7594032288, 69.9947280884, 5.6623005867, -27.2551422119, -22.0050849915, -48.5206947327, -8.6361989975, 188.516723633, 293.123291016]], "icov": [[0.000201479720999, -0.000422980985604, 0.000461222633021, -0.00037557768519, 0.000445607060101, -0.000373849266907, 0.000462761439849, -0.000302195752738, 0.000279551779386, -3.6943169107e-05, 3.40036276611e-05, 6.69171931804e-05, 0.000125763224787], [-0.000422980985604, 0.00188033410814, -0.00143304036465, 0.00137211370748, -0.00120002089534, 0.00136267940979, -0.00145420292392, 0.00173297047149, -0.00153926992789, 0.000686338520609, -0.000658479402773, 0.00119872076903, -0.000267766445177], [0.000461222633021, -0.00143304036465, 0.0018108979566, -0.00130903848913, 0.00127701275051, -0.000726285274141, 0.00169125047978, -0.00105497054756, 0.00136097101495, -0.000514594605193, 0.000404424732551, -0.000386594532756, 0.000700028787833], [-0.00037557768519, 0.00137211370748, -0.00130903848913, 0.00257728714496, -0.00127731135581, 0.00108611141331, -0.000620654667728, 0.000199260030058, -0.00040751916822, 0.000346269982401, 0.000791107479017, 0.000672131602187, 4.14781716245e-05], [0.000445607060101, -0.00120002089534, 0.00127701275051, -0.00127731135581, 0.00356175308116, -0.00277316872962, 0.00164720811881, -0.000604531087447, -0.000596238009166, 0.00157110672444, -0.0016506172251, 0.000973200891167, -9.73532150965e-05], [-0.000373849266907, 0.00136267940979, -0.000726285274141, 0.00108611141331, -0.00277316872962, 0.0048334444873, -0.00213857600465, 0.000585335597862, 0.00144972687121, -0.00138365407474, 0.00263309502043, -0.00226308521815, 0.00134826463182], [0.000462761439849, -0.00145420292392, 0.00169125047978, -0.000620654667728, 0.00164720811881, -0.00213857600465, 0.00536943320185, -0.00320328213274, -0.000183189331437, 0.00088692078134, 0.000193424159079, 0.00066860957304, 0.000220678426558], [-0.000302195752738, 0.00173297047149, -0.00105497054756, 0.000199260030058, -0.000604531087447, 0.000585335597862, -0.00320328213274, 0.00772248208523, -0.00466765556484, 0.000268596486421, -0.000580529216677, 2.49531294685e-05, 0.000924079911783], [0.000279551779386, -0.00153926992789, 0.00136097101495, -0.00040751916822, -0.000596238009166, 0.00144972687121, -0.000183189331437, -0.00466765556484, 0.0113108083606, -0.00660428358242, 0.00361874629743, -0.00275713368319, 0.000858818180859], [-3.6943169107e-05, 0.000686338520609, -0.000514594605193, 0.000346269982401, 0.00157110672444, -0.00138365407474, 0.00088692078134, 0.000268596486421, -0.00660428358242, 0.011860567145, -0.00830346904695, 0.00544831622392, -0.00181296619121], [3.40036276611e-05, -0.000658479402773, 0.000404424732551, 0.000791107479017, -0.0016506172251, 0.00263309502043, 0.000193424159079, -0.000580529216677, 0.00361874629743, -0.00830346904695, 0.014015221037, -0.0096591738984, 0.0049881064333], [6.69171931804e-05, 0.00119872076903, -0.000386594532756, 0.000672131602187, 0.000973200891167, -0.00226308521815, 0.00066860957304, 2.49531294685e-05, -0.00275713368319, 0.00544831622392, -0.0096591738984, 0.0136769525707, -0.00666425656527], [0.000125763224787, -0.000267766445177, 0.000700028787833, 4.14781716245e-05, -9.73532150965e-05, 0.00134826463182, 0.000220678426558, 0.000924079911783, 0.000858818180859, -0.00181296619121, 0.0049881064333, -0.00666425656527, 0.0080394372344]]}, "melbands": {"dmean": [1.16045139293e-05, 0.000135909489472, 0.000545021553989, 0.000509477977175, 0.000345857057255, 0.000292078388156, 0.00021499065042, 0.000151697429828, 0.000110051340016, 8.54669851833e-05, 3.89367887692e-05, 4.00595563406e-05, 6.15815806668e-05, 4.05693608627e-05, 2.42447858909e-05, 1.29982081489e-05, 9.16786848393e-06, 9.48194065131e-06, 5.13074019182e-06, 1.18670668598e-05, 4.97821201861e-06, 2.80568610833e-06, 1.24203404539e-06, 6.24951212558e-07, 4.43562498731e-07, 6.61975491312e-07, 4.20492057174e-07, 2.31691714703e-07, 2.2823303425e-07, 9.38485129609e-08, 5.70198501748e-08, 1.30334029791e-07, 3.2519874793e-08, 4.26715907054e-08, 3.53866305147e-08, 5.27778496462e-08, 3.36160148606e-08, 5.91605520128e-08, 3.01467082409e-08, 3.62745424809e-08], "dmean2": [1.50985115397e-05, 0.000124481113744, 0.000520975328982, 0.000536136853043, 0.000444256264018, 0.000368916487787, 0.000270544289378, 0.000198407942662, 0.000147084079799, 0.000117441581097, 5.22834416188e-05, 5.44460745004e-05, 7.59865652071e-05, 4.7811652621e-05, 3.09176357405e-05, 1.7136500901e-05, 1.17788831631e-05, 1.10154051072e-05, 5.98168571742e-06, 1.38648711072e-05, 6.44389729132e-06, 3.94362132283e-06, 1.90625792129e-06, 1.00605404896e-06, 6.7492129574e-07, 9.39793494581e-07, 7.6012355521e-07, 3.89111505683e-07, 3.85605574138e-07, 1.62914616908e-07, 8.94269263085e-08, 2.19078430064e-07, 5.54807719766e-08, 6.54468976791e-08, 5.58306183507e-08, 9.92325794869e-08, 6.181204526e-08, 1.06483980744e-07, 5.65942919195e-08, 6.3107393089e-08], "dvar": [5.54649393081e-09, 5.94727964653e-07, 4.07234256272e-06, 3.04291529574e-06, 1.46015952396e-06, 6.10901963682e-07, 4.24450604442e-07, 1.79663999234e-07, 8.48312282642e-08, 6.97692286167e-08, 1.78626784475e-08, 2.4060451409e-08, 5.1874700091e-08, 2.31064500866e-08, 1.39996121362e-08, 5.90391646682e-09, 5.81575365644e-09, 5.53185985908e-09, 1.22250720658e-09, 1.45775187477e-08, 1.04879016583e-09, 4.21790075089e-10, 2.3133146787e-10, 4.37634581352e-11, 1.52598038372e-11, 4.45999175092e-11, 7.05408370605e-11, 1.12649828701e-11, 1.24451048425e-11, 7.37994355297e-13, 2.54236003994e-13, 5.5250803932e-12, 1.89167393772e-13, 7.92260137703e-13, 6.44273534262e-13, 1.58761036002e-12, 1.19713223709e-12, 1.71286975489e-12, 5.30513296054e-13, 7.36410606973e-13], "dvar2": [6.74755007424e-09, 5.87161423482e-07, 4.85119699078e-06, 4.4041748879e-06, 2.8965380352e-06, 1.09652341962e-06, 7.31279328647e-07, 3.38498836072e-07, 1.5665862918e-07, 1.27409194306e-07, 3.20242925511e-08, 4.31715285742e-08, 7.88380631889e-08, 3.16081703033e-08, 2.06869099628e-08, 9.28309429327e-09, 8.52027781661e-09, 5.87642823291e-09, 1.57565094305e-09, 2.22694058749e-08, 1.59723478887e-09, 7.42237771245e-10, 4.99417396327e-10, 9.92457643845e-11, 3.27615365392e-11, 9.90512394328e-11, 2.29130076024e-10, 3.45929535017e-11, 3.36491771946e-11, 1.81197906072e-12, 5.17292968443e-13, 1.41576438073e-11, 4.28774068117e-13, 1.70912492058e-12, 1.29391950713e-12, 5.30060370596e-12, 3.46659094659e-12, 4.54671760311e-12, 1.51509403981e-12, 1.77513017306e-12], "max": [0.00521896919236, 0.0372333116829, 0.0462897233665, 0.0408773161471, 0.0335243828595, 0.0135487988591, 0.0143573563546, 0.00978378392756, 0.00801993533969, 0.00614542327821, 0.00422517256811, 0.0046622697264, 0.00593400513753, 0.00539107294753, 0.00373686663806, 0.00260190735571, 0.00320550217293, 0.00384233985096, 0.00155407807324, 0.00549179920927, 0.00164548365865, 0.00109472172335, 0.00074876844883, 0.000264840724412, 0.000114954440505, 0.000227980708587, 0.000351606344339, 0.000141793483635, 0.000121979217511, 2.68617150141e-05, 1.78496848093e-05, 7.76787055656e-05, 1.76920348167e-05, 4.37280432379e-05, 3.79728880944e-05, 4.73005420645e-05, 5.14071689395e-05, 4.78073488921e-05, 3.40502629115e-05, 3.45676817233e-05], "mean": [1.84015098057e-05, 0.000358730234439, 0.00146474037319, 0.0011707454687, 0.000725294696167, 0.000761322269682, 0.000621981045697, 0.000382891157642, 0.000299502018606, 0.000198247696972, 8.74180695973e-05, 9.06869099708e-05, 0.000175979337655, 0.000111158748041, 5.30473807885e-05, 2.19652411033e-05, 1.36944263431e-05, 2.09865847864e-05, 1.06423376565e-05, 2.32656366279e-05, 8.27234543976e-06, 3.72288627659e-06, 1.15005229873e-06, 7.5684016565e-07, 4.99927523379e-07, 7.61509625136e-07, 3.36265827627e-07, 2.35956932215e-07, 1.91517258941e-07, 9.18854610177e-08, 6.28330170116e-08, 1.04406744583e-07, 2.94451201199e-08, 3.99048190047e-08, 3.53008466902e-08, 3.35618750569e-08, 2.39060931051e-08, 5.92951572287e-08, 2.51552361163e-08, 3.6252057356e-08], "median": [2.2352051019e-06, 3.18701768265e-06, 0.00010511608707, 0.000109213156975, 7.32791304472e-05, 7.47663871152e-05, 5.03059272887e-05, 7.14212073945e-05, 6.12822332187e-05, 2.32141865126e-05, 6.79362483424e-06, 3.52977895091e-06, 6.15243061475e-06, 2.731007271e-06, 7.10495669409e-07, 3.43648622447e-07, 1.90238623077e-07, 1.78198263256e-07, 7.9645012363e-08, 1.21955437749e-07, 4.13908800567e-08, 1.76872507751e-08, 9.36981514599e-09, 7.52225126632e-09, 7.23528303936e-09, 2.85822920887e-09, 3.02558800236e-09, 4.20067269857e-09, 2.24082796763e-09, 1.24903953846e-09, 1.24831300852e-09, 5.27238808168e-10, 3.08497505319e-10, 1.72559008749e-10, 8.38060801311e-11, 6.16397419217e-11, 4.69812695691e-11, 2.90888771404e-11, 2.55072022531e-11, 1.81508419406e-11], "min": [4.77367777754e-24, 4.65600734062e-24, 7.51155168332e-24, 5.29780524601e-24, 3.86847842703e-24, 1.09563810387e-23, 4.76160347253e-24, 5.7078661886e-24, 7.64709849722e-24, 7.96420085959e-24, 5.07106808362e-24, 2.84712325254e-24, 8.18974881417e-24, 4.26445425816e-24, 7.14091406447e-24, 5.75595120508e-24, 8.37030172043e-24, 1.44851144288e-23, 9.65360091953e-24, 8.63570135022e-24, 7.31708642613e-24, 6.68176230775e-24, 7.89505404581e-24, 4.90248022514e-24, 4.67599589266e-24, 8.43042475433e-24, 7.1691608069e-24, 4.7486507709e-24, 7.12039579232e-24, 8.44699951081e-24, 7.94714647568e-24, 7.37468037195e-24, 7.90942156947e-24, 7.89010631021e-24, 7.8139481007e-24, 1.28092393891e-23, 1.52749882314e-23, 7.85687554458e-24, 6.76129131991e-24, 7.23634493475e-24], "var": [2.02801686555e-08, 3.75232934857e-06, 2.2732616344e-05, 1.27004668684e-05, 3.71010810341e-06, 2.89827539746e-06, 2.16187140722e-06, 6.50300364669e-07, 4.21729026812e-07, 2.3759454848e-07, 8.06048348068e-08, 9.12405226927e-08, 3.33757213866e-07, 1.50998147319e-07, 5.30705257518e-08, 1.58302118081e-08, 1.43346214898e-08, 3.35046728139e-08, 6.12474782002e-09, 4.99710139934e-08, 4.37236469253e-09, 1.51871437648e-09, 2.96840718672e-10, 6.98987048797e-11, 1.89587269495e-11, 6.01600574912e-11, 3.81639060631e-11, 8.48277698084e-12, 8.5111301687e-12, 7.42450914117e-13, 3.57396946239e-13, 4.24795788823e-12, 1.87453026192e-13, 7.97602327067e-13, 7.62685704522e-13, 9.09388124699e-13, 6.99202143666e-13, 1.87356120201e-12, 3.83342744483e-13, 7.49772477177e-13]}, "mfcc": {"mean": [-876.914916992, 198.492141724, 17.5826148987, -16.5865688324, -21.8004283905, -13.3027601242, -11.6039304733, -10.1304101944, -3.54918956757, -6.0463013649, -9.15086650848, -4.21800470352, -0.843111455441], "cov": [[6712.64990234, 2055.85913086, -1638.30639648, -272.009765625, -242.216796875, 283.389373779, 268.846008301, 136.846664429, 275.46484375, 359.79083252, 189.753250122, -60.0413284302, -472.105773926], [2055.85913086, 3475.99511719, 1492.97314453, -183.092971802, -273.600311279, -288.948822021, -411.498077393, -744.735046387, -480.329681396, 84.6334533691, 303.521209717, -23.2876605988, -585.426269531], [-1638.30639648, 1492.97314453, 3198.3605957, 859.543151855, -42.8547325134, -434.391113281, -649.788024902, -899.441162109, -760.407409668, -251.313735962, 37.9921455383, -192.113891602, -509.056030273], [-272.009765625, -183.092971802, 859.543151855, 1009.50726318, 215.13885498, -63.4200363159, -119.995124817, -184.267028809, -169.949752808, -61.301815033, -24.1932296753, -122.012145996, -211.944046021], [-242.216796875, -273.600311279, -42.8547325134, 215.13885498, 460.836395264, 238.762680054, 97.0562820435, 87.8978881836, -24.2277240753, -68.34400177, -85.7663116455, -57.0943984985, 2.91498064995], [283.389373779, -288.948822021, -434.391113281, -63.4200363159, 238.762680054, 426.679534912, 254.969116211, 195.489898682, 100.820510864, -55.8811950684, -134.802444458, -97.8438796997, 7.52589607239], [268.846008301, -411.498077393, -649.788024902, -119.995124817, 97.0562820435, 254.969116211, 401.553649902, 364.412353516, 230.526641846, 61.6219940186, -39.1530914307, 11.2436494827, 83.899017334], [136.846664429, -744.735046387, -899.441162109, -184.267028809, 87.8978881836, 195.489898682, 364.412353516, 612.775024414, 435.811035156, 105.628295898, -26.3755931854, 57.3382072449, 197.594055176], [275.46484375, -480.329681396, -760.407409668, -169.949752808, -24.2277240753, 100.820510864, 230.526641846, 435.811035156, 544.899475098, 254.924606323, 42.2046813965, 49.7432823181, 119.36341095], [359.79083252, 84.6334533691, -251.313735962, -61.301815033, -68.34400177, -55.8811950684, 61.6219940186, 105.628295898, 254.924606323, 381.74822998, 262.168151855, 108.0936203, 5.98908090591], [189.753250122, 303.521209717, 37.9921455383, -24.1932296753, -85.7663116455, -134.802444458, -39.1530914307, -26.3755931854, 42.2046813965, 262.168151855, 471.704925537, 290.383331299, 9.99035167694], [-60.0413284302, -23.2876605988, -192.113891602, -122.012145996, -57.0943984985, -97.8438796997, 11.2436494827, 57.3382072449, 49.7432823181, 108.0936203, 290.383331299, 441.539398193, 265.087768555], [-472.105773926, -585.426269531, -509.056030273, -211.944046021, 2.91498064995, 7.52589607239, 83.899017334, 197.594055176, 119.36341095, 5.98908090591, 9.99035167694, 265.087768555, 518.04675293]], "icov": [[0.000611104886048, -0.000723755161744, 0.000861464184709, -0.000817727239337, 0.000715827045497, -0.000713675457519, 0.000509146659169, -0.000516345899086, 0.00044836505549, -0.000382394180633, 0.000369749090169, -0.000256007013377, 0.000396795454435], [-0.000723755161744, 0.0014814089518, -0.00126203277614, 0.00144882721361, -0.000847025134135, 0.00081098836381, -0.000704857229721, 0.00100931175984, -0.000400805089157, 0.000119667420222, -0.000411462766351, -5.55697151867e-05, 0.000216633678065], [0.000861464184709, -0.00126203277614, 0.00207744981162, -0.00174366054125, 0.00102254666854, -0.000734425615519, 0.00111728243064, -0.000557196559384, 0.000935361662414, -0.000253506499575, 0.000399522017688, -0.000176236746483, 0.000593302422203], [-0.000817727239337, 0.00144882721361, -0.00174366054125, 0.00308987358585, -0.00207568518817, 0.00167056242935, -0.00120293954387, 0.0012160949409, -0.000866536400281, 0.000402998790378, -0.000535164319444, 0.000239285101998, 0.000244054564973], [0.000715827045497, -0.000847025134135, 0.00102254666854, -0.00207568518817, 0.0051571582444, -0.00395262893289, 0.00207913760096, -0.0023595681414, 0.00223995815031, -0.00144629890565, 0.00098838203121, -0.000771122053266, 0.000318555306876], [-0.000713675457519, 0.00081098836381, -0.000734425615519, 0.00167056242935, -0.00395262893289, 0.00769636593759, -0.00495599489659, 0.00278331432492, -0.00233443197794, 0.00258554378524, -0.00112309295218, 0.00168893241789, -0.000455272354884], [0.000509146659169, -0.000704857229721, 0.00111728243064, -0.00120293954387, 0.00207913760096, -0.00495599489659, 0.00961219985038, -0.00609124545008, 0.00331057514995, -0.00311754806899, 0.00203082710505, -0.00179473799653, 0.00125257833861], [-0.000516345899086, 0.00100931175984, -0.000557196559384, 0.0012160949409, -0.0023595681414, 0.00278331432492, -0.00609124545008, 0.00994512625039, -0.0068627060391, 0.00424903491512, -0.00257550505921, 0.00152744131628, -0.00141372787766], [0.00044836505549, -0.000400805089157, 0.000935361662414, -0.000866536400281, 0.00223995815031, -0.00233443197794, 0.00331057514995, -0.0068627060391, 0.00978675484657, -0.00702165532857, 0.00371227483265, -0.00182616699021, 0.00131208985113], [-0.000382394180633, 0.000119667420222, -0.000253506499575, 0.000402998790378, -0.00144629890565, 0.00258554378524, -0.00311754806899, 0.00424903491512, -0.00702165532857, 0.0107835866511, -0.00697593158111, 0.00360390264541, -0.00165909901261], [0.000369749090169, -0.000411462766351, 0.000399522017688, -0.000535164319444, 0.00098838203121, -0.00112309295218, 0.00203082710505, -0.00257550505921, 0.00371227483265, -0.00697593158111, 0.00977421272546, -0.00688560167328, 0.00327004399151], [-0.000256007013377, -5.55697151867e-05, -0.000176236746483, 0.000239285101998, -0.000771122053266, 0.00168893241789, -0.00179473799653, 0.00152744131628, -0.00182616699021, 0.00360390264541, -0.00688560167328, 0.00908403657377, -0.00481998454779], [0.000396795454435, 0.000216633678065, 0.000593302422203, 0.000244054564973, 0.000318555306876, -0.000455272354884, 0.00125257833861, -0.00141372787766, 0.00131208985113, -0.00165909901261, 0.00327004399151, -0.00481998454779, 0.0056810034439]]}, "spectral_contrast_coeffs": {"dmean": [0.0495526865125, 0.0511877685785, 0.042009409517, 0.0379977151752, 0.0282523650676, 0.0369514748454], "dmean2": [0.0725473463535, 0.0770470127463, 0.0641195699573, 0.0559441670775, 0.0438085496426, 0.0635956823826], "dvar": [0.00230694143102, 0.00278030219488, 0.00161588413175, 0.00135570683051, 0.000903404550627, 0.000994549365714], "dvar2": [0.00441337749362, 0.00584622751921, 0.00350816780701, 0.00273187737912, 0.0020857853815, 0.00280951755121], "max": [-0.177527457476, -0.23222823441, -0.278503090143, -0.247650057077, -0.412263900042, -0.547478616238], "mean": [-0.514360845089, -0.557927131653, -0.614695012569, -0.723013162613, -0.798978745937, -0.810240805149], "median": [-0.480139702559, -0.542043268681, -0.614776313305, -0.736854970455, -0.819907069206, -0.809674978256], "min": [-0.994070649147, -0.982266783714, -0.969357430935, -0.965391457081, -0.961848676205, -0.961473286152], "var": [0.0316484197974, 0.0185727477074, 0.0159901361912, 0.0147462654859, 0.00758583843708, 0.00477385148406]}, "spectral_contrast_valleys": {"dmean": [0.52575391531, 0.501422047615, 0.441002577543, 0.446304857731, 0.42922025919, 0.691203832626], "dmean2": [0.863062262535, 0.823754131794, 0.710219323635, 0.712658286095, 0.671448945999, 1.16632711887], "dvar": [0.283478587866, 0.318588793278, 0.256987959146, 0.292707890272, 0.364589363337, 0.41094520