{"lowlevel": {"average_loudness": 0.808686494827, "barkbands_crest": {"dmean": 2.81210827827, "dmean2": 4.45436143875, "dvar": 11.9727153778, "dvar2": 28.0326538086, "max": 26.9813690186, "mean": 15.698884964, "median": 15.8522701263, "min": 3.423204422, "var": 37.6372337341}, "barkbands_flatness_db": {"dmean": 0.0762489065528, "dmean2": 0.100289218128, "dvar": 0.00691708223894, "dvar2": 0.0131156975403, "max": 0.936325252056, "mean": 0.360200434923, "median": 0.331407934427, "min": 0.0247041638941, "var": 0.0343713238835}, "barkbands_kurtosis": {"dmean": 86.4589996338, "dmean2": 124.889640808, "dvar": 272125.28125, "dvar2": 484689.6875, "max": 15431.6298828, "mean": 131.934783936, "median": 14.1732854843, "min": -1.95699799061, "var": 551678.375}, "barkbands_skewness": {"dmean": 2.54864907265, "dmean2": 3.59408354759, "dvar": 19.9333839417, "dvar2": 38.119468689, "max": 106.051994324, "mean": 4.23374509811, "median": 2.49255847931, "min": -24.3937835693, "var": 65.6745376587}, "barkbands_spread": {"dmean": 8.83354759216, "dmean2": 14.053730011, "dvar": 253.457138062, "dvar2": 564.12322998, "max": 146.264923096, "mean": 16.886756897, "median": 4.25673484802, "min": 0.0136849591509, "var": 715.253295898}, "dissonance": {"dmean": 0.0498392060399, "dmean2": 0.0816067159176, "dvar": 0.00372625165619, "dvar2": 0.00948560237885, "max": 0.500000059605, "mean": 0.396536439657, "median": 0.431719303131, "min": 0.000578431296162, "var": 0.0106260180473}, "dynamic_complexity": 7.37621831894, "erbbands_crest": {"dmean": 3.22653985023, "dmean2": 5.06159353256, "dvar": 14.0555305481, "dvar2": 32.1675643921, "max": 33.4609146118, "mean": 14.5119409561, "median": 13.6073322296, "min": 2.96984696388, "var": 47.1518173218}, "erbbands_flatness_db": {"dmean": 0.0545348487794, "dmean2": 0.0746216401458, "dvar": 0.00361857376993, "dvar2": 0.00731076672673, "max": 0.606832802296, "mean": 0.270128428936, "median": 0.253159493208, "min": 0.0333438552916, "var": 0.0147783774883}, "erbbands_kurtosis": {"dmean": 20.2932281494, "dmean2": 29.0783309937, "dvar": 2034.2713623, "dvar2": 3677.5, "max": 712.953491211, "mean": 31.068819046, "median": 4.32355690002, "min": -1.93602693081, "var": 5552.13916016}, "erbbands_skewness": {"dmean": 1.52157711983, "dmean2": 2.11916565895, "dvar": 3.47285223007, "dvar2": 6.40866565704, "max": 19.3837985992, "mean": 2.0786383152, "median": 1.09352350235, "min": -7.55094003677, "var": 14.7056035995}, "erbbands_spread": {"dmean": 20.1040611267, "dmean2": 30.2311248779, "dvar": 734.314758301, "dvar2": 1532.19482422, "max": 187.60333252, "mean": 36.1659088135, "median": 20.5111293793, "min": 0.328989326954, "var": 1665.15368652}, "hfc": {"dmean": 4.72370624542, "dmean2": 7.13201522827, "dvar": 89.3588638306, "dvar2": 208.699142456, "max": 142.144104004, "mean": 6.99395656586, "median": 3.06944227219, "min": 6.08685013503e-09, "var": 130.047790527}, "melbands_crest": {"dmean": 3.16276478767, "dmean2": 5.0760807991, "dvar": 15.0191221237, "dvar2": 34.5636787415, "max": 34.3849143982, "mean": 19.4977874756, "median": 20.3938179016, "min": 3.53025221825, "var": 45.3336334229}, "melbands_flatness_db": {"dmean": 0.0853176862001, "dmean2": 0.109151422977, "dvar": 0.00965987239033, "dvar2": 0.0171223748475, "max": 1, "mean": 0.437026917934, "median": 0.435592293739, "min": 0.0271792933345, "var": 0.0626048520207}, "melbands_kurtosis": {"dmean": 74.1209640503, "dmean2": 110.377426147, "dvar": 17700.3613281, "dvar2": 38521.3085938, "max": 1344.30322266, "mean": 110.823799133, "median": 20.3789749146, "min": -1.92077291012, "var": 37056.0078125}, "melbands_skewness": {"dmean": 2.64631891251, "dmean2": 3.84967470169, "dvar": 11.7447519302, "dvar2": 24.5560398102, "max": 29.4727230072, "mean": 4.61767721176, "median": 2.40111231804, "min": -5.26932191849, "var": 33.3106460571}, "melbands_spread": {"dmean": 14.470664978, "dmean2": 22.9874191284, "dvar": 942.015441895, "dvar2": 2039.05944824, "max": 255.694976807, "mean": 30.2857265472, "median": 2.83730912209, "min": 0.151711478829, "var": 3097.49291992}, "pitch_salience": {"dmean": 0.102207489312, "dmean2": 0.163616135716, "dvar": 0.0170282162726, "dvar2": 0.0407603234053, "max": 0.987297058105, "mean": 0.419823139906, "median": 0.383022606373, "min": 0.00920714996755, "var": 0.043069832027}, "silence_rate_20dB": {"dmean": 0.00161681487225, "dmean2": 0.00323450146243, "dvar": 0.00161416467745, "dvar2": 0.00484114093706, "max": 1, "mean": 0.999191820621, "median": 1, "min": 0, "var": 0.000807506963611}, "silence_rate_30dB": {"dmean": 0.0635947212577, "dmean2": 0.127223715186, "dvar": 0.0595499835908, "dvar2": 0.118044905365, "max": 1, "mean": 0.897898733616, "median": 1, "min": 0, "var": 0.091677442193}, "silence_rate_60dB": {"dmean": 0.105631902814, "dmean2": 0.211051210761, "dvar": 0.0944762229919, "dvar2": 0.176217153668, "max": 1, "mean": 0.410290956497, "median": 0, "min": 0, "var": 0.241953328252}, "spectral_centroid": {"dmean": 403.009216309, "dmean2": 578.329956055, "dvar": 450087.15625, "dvar2": 740025, "max": 7875.41015625, "mean": 1384.12939453, "median": 466.053894043, "min": 88.4357757568, "var": 2664296.5}, "spectral_complexity": {"dmean": 1.26973867416, "dmean2": 2.16010785103, "dvar": 7.11409473419, "dvar2": 17.9322052002, "max": 25, "mean": 2.26427793503, "median": 2, "min": 0, "var": 7.83024072647}, "spectral_decrease": {"dmean": 4.42701075798e-09, "dmean2": 6.04113115088e-09, "dvar": 7.27430042217e-17, "dvar2": 1.36060609618e-16, "max": 1.01966102228e-09, "mean": -9.55899892574e-09, "median": -2.01898542329e-09, "min": -1.01919518158e-07, "var": 1.97516542476e-16}, "spectral_energy": {"dmean": 0.0170728806406, "dmean2": 0.0233419500291, "dvar": 0.00106899288949, "dvar2": 0.00200060941279, "max": 0.387825220823, "mean": 0.0367121249437, "median": 0.00823078583926, "min": 6.22294045721e-13, "var": 0.00289136311039}, "spectral_energyband_high": {"dmean": 0.000198292051209, "dmean2": 0.000307983602397, "dvar": 2.55026549212e-07, "dvar2": 6.44281044515e-07, "max": 0.00861276593059, "mean": 0.000190583828953, "median": 9.1113806775e-06, "min": 4.45608068673e-13, "var": 2.39882155029e-07}, "spectral_energyband_low": {"dmean": 0.0119566088542, "dmean2": 0.0163039993495, "dvar": 0.000686586543452, "dvar2": 0.00133481493685, "max": 0.381296187639, "mean": 0.0267588868737, "median": 0.000393849448301, "min": 1.786763825e-14, "var": 0.00203962647356}, "spectral_energyband_middle_high": {"dmean": 0.000511387479492, "dmean2": 0.000939722754993, "dvar": 2.88562023343e-06, "dvar2": 8.15902967588e-06, "max": 0.016828501597, "mean": 0.000343403953593, "median": 5.11843700224e-06, "min": 1.19040248579e-13, "var": 1.83314818969e-06}, "spectral_energyband_middle_low": {"dmean": 0.00680795544758, "dmean2": 0.00952854100615, "dvar": 0.00036467629252, "dvar2": 0.000661979720462, "max": 0.347607731819, "mean": 0.0107117379084, "median": 0.000733813154511, "min": 2.79868376331e-14, "var": 0.000882954045665}, "spectral_entropy": {"dmean": 0.642147898674, "dmean2": 0.85575658083, "dvar": 0.637093245983, "dvar2": 1.17018449306, "max": 9.15573787689, "mean": 6.24331378937, "median": 6.44010591507, "min": 2.70039224625, "var": 3.00501966476}, "spectral_flux": {"dmean": 0.0444002598524, "dmean2": 0.068862080574, "dvar": 0.00430031307042, "dvar2": 0.00954250711948, "max": 0.521284282207, "mean": 0.0616655908525, "median": 0.0318313091993, "min": 1.9730283384e-05, "var": 0.00590849714354}, "spectral_kurtosis": {"dmean": 26.3881072998, "dmean2": 40.8951835632, "dvar": 5767.49169922, "dvar2": 14864.1328125, "max": 1301.02331543, "mean": 42.8148841858, "median": 4.53182125092, "min": -1.30885887146, "var": 11994.9433594}, "spectral_rms": {"dmean": 0.00133991835173, "dmean2": 0.00174730026629, "dvar": 4.17293585997e-06, "dvar2": 6.83871667206e-06, "max": 0.0194516330957, "mean": 0.00424653710797, "median": 0.00283373147249, "min": 2.46397267034e-08, "var": 1.77837464435e-05}, "spectral_rolloff": {"dmean": 950.313354492, "dmean2": 1570.37463379, "dvar": 5458190.5, "dvar2": 9997818, "max": 18798.4863281, "mean": 3111.57250977, "median": 301.46484375, "min": 64.599609375, "var": 26808766}, "spectral_skewness": {"dmean": 1.32608425617, "dmean2": 1.9215978384, "dvar": 4.91257810593, "dvar2": 10.3078718185, "max": 31.1167945862, "mean": 3.60805034637, "median": 1.79797422886, "min": 0.160330995917, "var": 18.8602752686}, "spectral_spread": {"dmean": 1563237.625, "dmean2": 2199202, "dvar": 3367378616320.0, "dvar2": 7302905069570.0, "max": 30528804, "mean": 5968953, "median": 5821184, "min": 78524.0859375, "var": 15570034491400.0}, "spectral_strongpeak": {"dmean": 0.389694064856, "dmean2": 0.595389604568, "dvar": 1.02504193783, "dvar2": 2.17054891586, "max": 31.3777770996, "mean": 0.684556126595, "median": 0.336354523897, "min": 0, "var": 1.4905295372}, "zerocrossingrate": {"dmean": 0.0254415459931, "dmean2": 0.0254241861403, "dvar": 0.00169701094273, "dvar2": 0.0014627383789, "max": 0.716796875, "mean": 0.113828726113, "median": 0.03173828125, "min": 0.001953125, "var": 0.0260782502592}, "barkbands": {"dmean": [0.00018921760784, 0.00768638402224, 0.00442419061437, 0.00176795199513, 0.00261501525529, 0.00227302848361, 0.000653662660625, 0.000116623450594, 0.000119173499115, 6.43323364784e-05, 5.5918644648e-05, 8.19775377749e-05, 5.64764377486e-05, 4.44190445705e-05, 4.61391391582e-05, 1.88175272342e-05, 4.64735021524e-05, 4.40409421572e-05, 6.41333026579e-05, 2.77082181128e-05, 5.4735060985e-05, 1.5594125216e-05, 4.99389243487e-05, 1.42811504702e-05, 3.10797477141e-05, 1.34456431624e-05, 1.55206307682e-05], "dmean2": [0.000280354317511, 0.0104408655316, 0.00661389576271, 0.00272993650287, 0.00355308759026, 0.00324876210652, 0.00110163260251, 0.000218465254875, 0.000212864571949, 0.000114946524263, 9.95760128717e-05, 0.000153540764586, 0.000101760851976, 8.52157390909e-05, 8.63674067659e-05, 3.59173682227e-05, 8.81132364157e-05, 8.53242381709e-05, 0.000118709373055, 4.94592168252e-05, 9.2571885034e-05, 2.49218865065e-05, 7.7552816947e-05, 2.3277125365e-05, 4.74189255328e-05, 2.20661841013e-05, 2.44227121584e-05], "dvar": [2.46909138468e-07, 0.000331048038788, 0.000132734610816, 2.07280045288e-05, 0.000131587235956, 0.000162750191521, 9.98567611532e-06, 4.66360290829e-07, 4.29170626148e-07, 1.152036333e-07, 9.97072433506e-08, 1.73046018404e-07, 9.05302712795e-08, 6.14133881527e-08, 5.76608876202e-08, 9.66852908846e-09, 6.88096264412e-08, 5.1845603366e-08, 1.22556400584e-07, 1.03130997076e-08, 6.41139976665e-08, 1.72331982018e-09, 1.61221027639e-08, 4.10031697484e-09, 8.34250712956e-09, 5.39354960694e-09, 2.78681540067e-08], "dvar2": [5.02112811773e-07, 0.000645338033792, 0.00032828951953, 4.77483263239e-05, 0.000217181572225, 0.000306185684167, 2.37065705733e-05, 1.3537076029e-06, 1.23407869523e-06, 3.20253775499e-07, 2.68780837587e-07, 4.97604560223e-07, 2.27123493346e-07, 1.78981963472e-07, 1.64913330991e-07, 2.79404606118e-08, 2.01391216592e-07, 1.52436641088e-07, 3.39411172945e-07, 2.92735684582e-08, 1.67572451915e-07, 4.33649294251e-09, 3.88710041932e-08, 1.03904174154e-08, 2.10957082913e-08, 1.47690846219e-08, 7.41359187373e-08], "max": [0.0112540293485, 0.341205239296, 0.180918365717, 0.0693676248193, 0.318554610014, 0.286656439304, 0.0596922300756, 0.00971576664597, 0.0102223539725, 0.00512720597908, 0.00540582183748, 0.00500538712367, 0.00787342432886, 0.00527072092518, 0.00522739579901, 0.00252879201435, 0.0047036325559, 0.00299492175691, 0.00860071741045, 0.00173355825245, 0.00627813441679, 0.000550967350136, 0.00159292353783, 0.00116049463395, 0.0019922554493, 0.00167757028248, 0.00774651067331], "mean": [0.000449215091066, 0.0177427455783, 0.00727944169194, 0.00241957907565, 0.00438985321671, 0.0030343637336, 0.000653174880426, 7.51583502279e-05, 0.00013001775369, 4.46395279141e-05, 5.08502489538e-05, 4.89083795401e-05, 4.36193513451e-05, 2.49322856689e-05, 2.80009153357e-05, 1.09359189082e-05, 2.68566964223e-05, 2.37603635469e-05, 3.91829744331e-05, 2.84892921627e-05, 4.45526602562e-05, 1.46543388837e-05, 4.42862910859e-05, 1.26555887618e-05, 2.83219142148e-05, 1.08016774902e-05, 1.31860033434e-05], "median": [1.08417816591e-06, 7.87857570685e-05, 5.7811899751e-05, 9.23886473174e-05, 5.05065399921e-05, 2.10903954212e-06, 5.54322241442e-07, 2.31365916648e-07, 6.67265339871e-07, 1.5687227517e-07, 8.50053964996e-08, 6.96890580798e-08, 1.62830815498e-07, 5.32770876305e-08, 9.69977875798e-08, 7.51432338575e-08, 9.37158617376e-08, 3.61908760738e-08, 1.05513812798e-07, 4.09231830645e-07, 8.43453449306e-07, 8.13066776573e-07, 1.24169832816e-06, 2.78886545857e-07, 7.3499603559e-07, 4.10056316014e-07, 1.64387429891e-07], "min": [1.83505452858e-14, 8.73486717933e-15, 6.85481900175e-16, 4.61633088602e-17, 7.43630288487e-16, 7.37384871045e-15, 1.14100149142e-14, 2.0956584026e-15, 4.20889909161e-15, 3.89176233286e-15, 1.1238350982e-14, 2.86286929425e-15, 1.42154879854e-14, 1.00734130171e-14, 1.62793227249e-14, 7.8438291764e-15, 1.68337786337e-14, 1.59609772502e-14, 9.06911739175e-15, 2.38822091443e-14, 1.34363362586e-14, 1.65370663804e-14, 5.87615385224e-15, 3.47378105014e-14, 8.96210731495e-14, 1.57957373852e-13, 1.17934741833e-13], "var": [1.02996989426e-06, 0.00101124297362, 0.000222638540436, 3.92873698729e-05, 0.000361203099601, 0.000294244819088, 1.52713055286e-05, 2.70228412091e-07, 3.34831895543e-07, 7.84957450151e-08, 9.11295501282e-08, 1.03229496062e-07, 1.01768222294e-07, 3.32099965306e-08, 3.35607310831e-08, 5.33406208092e-09, 3.69970969416e-08, 2.71848907829e-08, 7.85740184028e-08, 8.66980442993e-09, 5.50825234313e-08, 1.60347279898e-09, 1.58260817784e-08, 3.69411812251e-09, 6.89354040517e-09, 3.60467167226e-09, 1.97880307695e-08]}, "erbbands": {"dmean": [0.184445813298, 1.87722587585, 4.84565782547, 5.38472414017, 6.7350859642, 8.48875236511, 16.1920394897, 17.3080615997, 10.8237953186, 6.09762763977, 2.12268829346, 2.85830187798, 1.83676803112, 2.21638584137, 2.39072990417, 3.55771303177, 2.70469284058, 2.16405701637, 2.66360878944, 1.63502335548, 1.46398854256, 2.35330200195, 2.51622891426, 2.62523388863, 3.04163193703, 1.27201724052, 2.07509708405, 1.7873262167, 0.660834670067, 1.18212938309, 1.28303337097, 0.319769948721, 0.233513846993, 0.26016202569, 0.295915603638, 0.0813776478171, 0.0187680758536, 0.0145316226408, 0.00263351434842, 9.39079254749e-05], "dmean2": [0.240112692118, 2.59627485275, 7.28402376175, 8.05828285217, 9.77281284332, 11.2518949509, 21.54753685, 25.6118526459, 17.4929447174, 10.861492157, 3.9076423645, 5.03570318222, 3.4481985569, 3.84254717827, 4.34835767746, 6.55377149582, 4.83193874359, 4.14560079575, 4.93934965134, 3.12051486969, 2.75712752342, 4.50494289398, 4.8608083725, 5.02957820892, 5.52620220184, 2.30027127266, 3.53897953033, 3.00876450539, 1.06347942352, 1.84015059471, 1.97888302803, 0.521244883537, 0.368616789579, 0.403729498386, 0.449313342571, 0.133922621608, 0.0306444261223, 0.0225332323462, 0.0042334436439, 0.000138071380206], "dvar": [0.219112440944, 19.6658687592, 135.393585205, 165.892166138, 570.260498047, 1717.5690918, 8775.03320312, 9287.95117188, 2610.50708008, 1024.71313477, 138.106948853, 232.428405762, 129.270675659, 113.687797546, 138.123397827, 274.308807373, 205.395584106, 169.525268555, 172.580001831, 72.3258743286, 58.3368873596, 192.44770813, 176.790817261, 150.38104248, 383.639038086, 23.6005649567, 110.277114868, 55.7222366333, 4.44906568527, 10.1306943893, 13.358124733, 3.06096124649, 0.875103473663, 0.890990078449, 0.536932528019, 0.352069795132, 0.0150376595557, 0.00602810829878, 0.00139872578438, 1.95397063862e-07], "dvar2": [0.36677339673, 40.2504577637, 324.433532715, 391.790222168, 1101.44897461, 2647.4777832, 18055.3320312, 17215.9238281, 5835.80322266, 2817.57177734, 403.1534729, 665.945861816, 375.388275146, 302.65234375, 387.562164307, 777.038085938, 507.390991211, 500.875030518, 487.54083252, 210.149230957, 167.859222412, 567.777893066, 520.74230957, 438.00970459, 1045.4041748, 68.2958068848, 300.154266357, 133.940032959, 10.1224918365, 24.4384460449, 33.1736869812, 7.96105194092, 2.10281634331, 2.3689057827, 1.2777620554, 0.973154366016, 0.0402282141149, 0.0157592371106, 0.00373255484737, 5.10718393798e-07], "max": [7.12538290024, 84.4314880371, 162.954772949, 166.568511963, 681.269592285, 1156.94189453, 2848.38061523, 2390.40356445, 990.786987305, 539.55291748, 196.471481323, 235.64225769, 181.479995728, 153.337265015, 144.812728882, 208.870620728, 393.89654541, 312.945526123, 282.172271729, 189.425369263, 141.260467529, 267.303588867, 195.562347412, 149.974151611, 554.970031738, 79.7415390015, 293.125915527, 210.100234985, 58.1744422913, 54.2963027954, 67.2772903442, 41.5862541199, 16.4605102539, 22.4232749939, 12.3987731934, 15.0808677673, 4.26053714752, 3.44870567322, 1.73937249184, 0.0196283943951], "mean": [0.457949340343, 4.13920211792, 8.70955181122, 8.55404758453, 10.1229286194, 15.1284179688, 24.7392044067, 21.834569931, 11.3498601913, 5.24015235901, 1.66394412518, 3.33655595779, 1.21875619888, 1.78493368626, 1.93981349468, 2.25610589981, 2.12653279305, 1.21736192703, 1.62338924408, 0.971064865589, 0.867118060589, 1.32720637321, 1.37796616554, 1.47374248505, 1.93334615231, 0.994763851166, 1.97752928734, 1.57401490211, 0.657640516758, 1.06451642513, 1.13860213757, 0.279312431812, 0.214619830251, 0.22752058506, 0.268448859453, 0.0666518434882, 0.0153119154274, 0.0125786792487, 0.00213982444257, 0.000113319474622], "median": [0.00200849864632, 0.0177057553083, 0.108110338449, 0.45706564188, 0.425296127796, 0.144738614559, 0.0556085966527, 0.0205141454935, 0.0116039756685, 0.0129716340452, 0.0196099095047, 0.0192706193775, 0.00959244091064, 0.00898783095181, 0.00477814581245, 0.00721030682325, 0.00892662908882, 0.00486196624115, 0.00552942836657, 0.00712510896847, 0.00662189442664, 0.00746973883361, 0.00381386745721, 0.00473400531337, 0.00885518826544, 0.01922082901, 0.043014369905, 0.0484923906624, 0.0326927825809, 0.0291827730834, 0.0399574562907, 0.00815124623477, 0.00584090175107, 0.00930273346603, 0.00394619768485, 0.00251486152411, 0.000491587095894, 0.000173706648638, 5.24861243321e-05, 4.37453491031e-05], "min": [5.21850412275e-13, 1.08454944244e-12, 1.03800941367e-12, 3.9245142509e-13, 1.4302374389e-12, 2.8249707261e-12, 1.06600665795e-11, 8.01834154629e-11, 1.72351841132e-10, 9.92586221549e-11, 4.61736135438e-11, 7.43291053706e-11, 1.72002911913e-10, 2.10619285901e-10, 3.9883235603e-10, 1.47331050138e-10, 5.3474658035e-10, 7.71561314838e-10, 4.46837122858e-10, 7.56203266672e-10, 6.02212169021e-10, 9.8174290919e-10, 1.0408665041e-09, 5.38701971919e-10, 5.57307811011e-10, 1.14455511735e-09, 8.94223750603e-10, 4.37409775067e-10, 5.69662039762e-10, 2.81007966896e-10, 1.73964509464e-10, 3.65095925714e-10, 7.61645579939e-10, 7.91339715978e-10, 7.73774877505e-10, 4.83280249153e-10, 3.09300113299e-10, 9.92194867933e-11, 1.84420222149e-11, 1.5632381457e-12], "var": [0.763877511024, 57.2138671875, 248.220504761, 292.630615234, 1446.73828125, 4949.74267578, 16815.6113281, 15864.7900391, 4408.29736328, 890.283447266, 80.1185150146, 202.663970947, 72.6200332642, 91.7739562988, 105.030845642, 177.705429077, 241.764984131, 88.3226928711, 103.376121521, 39.5834007263, 32.8380584717, 100.61353302, 92.3473815918, 81.269859314, 258.023529053, 14.1707296371, 81.3082733154, 66.8137130737, 5.97675466537, 10.3746585846, 12.0110244751, 2.53124237061, 0.907808065414, 0.656320035458, 0.497488290071, 0.226996317506, 0.0105931926519, 0.00452747847885, 0.00098182039801, 1.51303268581e-07]}, "gfcc": {"mean": [-280.87512207, 51.3303642273, -29.4456748962, 37.8888092041, -42.7357711792, 9.46649074554, -18.539981842, -4.3576798439, -18.8373146057, 2.20099115372, -19.7011909485, -4.72728061676, -8.87291526794], "cov": [[39140.1523438, 4452.34326172, 1266.62817383, 3304.16210938, -1382.55432129, 82.8224182129, -418.694732666, -750.534179688, -599.797851562, -509.716308594, -450.580108643, 58.5622062683, 198.95199585], [4452.34326172, 11086.4189453, 2549.80981445, 27.5817146301, 2151.4140625, -146.104568481, 438.346282959, -325.308807373, 516.211547852, -528.700073242, 541.02923584, -703.980102539, 120.059318542], [1266.62817383, 2549.80981445, 5442.61865234, 2228.03417969, 784.405395508, 460.885375977, 159.682327271, -332.67779541, -17.6439189911, -305.251312256, -102.259803772, -55.1434936523, 146.118972778], [3304.16210938, 27.5817146301, 2228.03417969, 2482.07128906, 638.820983887, 473.288208008, 188.588806152, -54.4924049377, -82.5387115479, -137.297836304, -168.486877441, -100.82321167, 23.8482971191], [-1382.55432129, 2151.4140625, 784.405395508, 638.820983887, 1805.75817871, 531.596008301, 573.812805176, 252.2447052, 313.168304443, -161.959396362, 83.2903518677, -406.530212402, -94.831703186], [82.8224182129, -146.104568481, 460.885375977, 473.288208008, 531.596008301, 815.753356934, 524.039123535, 263.544708252, 59.9912719727, -81.648765564, -148.560073853, -170.491668701, -127.880744934], [-418.694732666, 438.346282959, 159.682327271, 188.588806152, 573.812805176, 524.039123535, 724.062561035, 409.869934082, 211.537567139, -37.4754714966, -61.5892753601, -268.723114014, -107.408836365], [-750.534179688, -325.308807373, -332.67779541, -54.4924049377, 252.2447052, 263.544708252, 409.869934082, 501.150634766, 206.584609985, 35.6571464539, -49.1441841125, -112.258201599, -94.1061706543], [-599.797851562, 516.211547852, -17.6439189911, -82.5387115479, 313.168304443, 59.9912719727, 211.537567139, 206.584609985, 290.238616943, 67.391418457, 69.8483657837, -80.0025787354, -31.5533256531], [-509.716308594, -528.700073242, -305.251312256, -137.297836304, -161.959396362, -81.648765564, -37.4754714966, 35.6571464539, 67.391418457, 240.880355835, 99.8255081177, 77.0998382568, 9.19641780853], [-450.580108643, 541.02923584, -102.259803772, -168.486877441, 83.2903518677, -148.560073853, -61.5892753601, -49.1441841125, 69.8483657837, 99.8255081177, 302.643127441, 94.6131515503, 29.559720993], [58.5622062683, -703.980102539, -55.1434936523, -100.82321167, -406.530212402, -170.491668701, -268.723114014, -112.258201599, -80.0025787354, 77.0998382568, 94.6131515503, 338.480529785, 93.9524307251], [198.95199585, 120.059318542, 146.118972778, 23.8482971191, -94.831703186, -127.880744934, -107.408836365, -94.1061706543, -31.5533256531, 9.19641780853, 29.559720993, 93.9524307251, 197.3256073]], "icov": [[5.2896226407e-05, -8.04920564406e-05, 7.59691247367e-05, -0.000159935458214, 0.000153536399012, -7.6254204032e-05, 1.34808033181e-05, 7.03321575202e-06, -2.69051224677e-06, 2.21617710849e-06, 0.000109589753265, -9.00350642041e-05, 1.96956989384e-05], [-8.04920564406e-05, 0.000379044999136, -0.000227380878641, 0.000360867357813, -0.000335732562235, 0.000244488328462, -0.000110170891276, 0.00028562132502, -0.000371706759324, 0.000582110602409, -0.000722383672837, 0.000647428678349, -0.000237974876654], [7.59691247367e-05, -0.000227380878641, 0.000517414067872, -0.000569229188841, 0.000281061948044, -0.000250420649536, -9.39646197367e-05, 0.000328713358613, -0.000250017765211, 0.000103160688013, 0.000397904484998, -0.000509257602971, -3.61154743587e-05], [-0.000159935458214, 0.000360867357813, -0.000569229188841, 0.00130710785743, -0.000790170102846, 0.000137989991345, 1.53401415446e-05, -4.30693435192e-05, 0.000396890740376, -0.000148664374137, -0.000227056691074, 0.00044058210915, -0.00020264518389], [0.000153536399012, -0.000335732562235, 0.000281061948044, -0.000790170102846, 0.00197005248629, -0.00104508828372, 0.000314149539918, -9.0658038971e-05, -0.00112831662409, 0.000885894463863, -0.000835915678181, 0.000972382898908, -0.000225376701565], [-7.6254204032e-05, 0.000244488328462, -0.000250420649536, 0.000137989991345, -0.00104508828372, 0.00371999084018, -0.00276037422009, 0.000339025020367, 0.00111338845454, -0.000198793888558, 0.00113951915409, -0.00131092010997, 0.00130536139477], [1.34808033181e-05, -0.000110170891276, -9.39646197367e-05, 1.53401415446e-05, 0.000314149539918, -0.00276037422009, 0.00604871381074, -0.00310974591412, -0.000806425639894, 0.000186560937436, -0.00120442069601, 0.00291061843745, -0.00105043442454], [7.03321575202e-06, 0.00028562132502, 0.000328713358613, -4.30693435192e-05, -9.0658038971e-05, 0.000339025020367, -0.00310974591412, 0.00602890504524, -0.00302993459627, 0.00049388903426, 0.000920876511373, -0.0010850118706, 0.000810729747172], [-2.69051224677e-06, -0.000371706759324, -0.000250017765211, 0.000396890740376, -0.00112831662409, 0.00111338845454, -0.000806425639894, -0.00302993459627, 0.00852889288217, -0.00329986773431, 0.000250152457738, -0.00054880551761, 0.000402818317525], [2.21617710849e-06, 0.000582110602409, 0.000103160688013, -0.000148664374137, 0.000885894463863, -0.000198793888558, 0.000186560937436, 0.00049388903426, -0.00329986773431, 0.00801987759769, -0.0034394832328, 0.000990559929051, -0.00063865550328], [0.000109589753265, -0.000722383672837, 0.000397904484998, -0.000227056691074, -0.000835915678181, 0.00113951915409, -0.00120442069601, 0.000920876511373, 0.000250152457738, -0.0034394832328, 0.00775209954008, -0.00427858205512, 0.00125833973289], [-9.00350642041e-05, 0.000647428678349, -0.000509257602971, 0.00044058210915, 0.000972382898908, -0.00131092010997, 0.00291061843745, -0.0010850118706, -0.00054880551761, 0.000990559929051, -0.00427858205512, 0.00844321306795, -0.00280771427788], [1.96956989384e-05, -0.000237974876654, -3.61154743587e-05, -0.00020264518389, -0.000225376701565, 0.00130536139477, -0.00105043442454, 0.000810729747172, 0.000402818317525, -0.00063865550328, 0.00125833973289, -0.00280771427788, 0.00703896442428]]}, "melbands": {"dmean": [0.00191543821711, 0.00251080351882, 0.000974488444626, 0.000557773804758, 0.000533207610715, 0.000401402328862, 0.000156022768351, 5.55496408197e-05, 1.68399983522e-05, 1.70280418388e-05, 8.91040781426e-06, 9.00420400285e-06, 8.14882059785e-06, 9.56378607953e-06, 7.83012728789e-06, 4.6989493967e-06, 3.94494782086e-06, 4.32029628428e-06, 3.15075453727e-06, 1.35596508244e-06, 1.91100502889e-06, 2.44344846578e-06, 2.51321785072e-06, 2.05298943001e-06, 2.01394573196e-06, 2.8917711461e-06, 1.04781008758e-06, 7.93189940396e-07, 1.16158889796e-06, 1.41126110975e-06, 1.0817105931e-06, 4.13211722616e-07, 2.3280198036e-07, 9.4558612318e-07, 1.07386733816e-06, 1.7375008099e-07, 1.85815167697e-07, 1.61090625284e-07, 1.00601049269e-07, 2.89433046419e-07], "dmean2": [0.00254548992962, 0.00362568255514, 0.00144488620572, 0.000760411203373, 0.000703069265001, 0.000585273024626, 0.000257792853517, 0.000100711702544, 3.05954199575e-05, 3.03682445519e-05, 1.67404068634e-05, 1.55525067385e-05, 1.45512276504e-05, 1.78933623829e-05, 1.40825650305e-05, 8.59261490405e-06, 7.6184419413e-06, 8.01547230367e-06, 5.9661956584e-06, 2.593656518e-06, 3.58358488484e-06, 4.66423398393e-06, 4.8378133215e-06, 3.97590201828e-06, 3.89185970562e-06, 5.26136318513e-06, 1.94039989765e-06, 1.42423573379e-06, 1.98048383027e-06, 2.42621058533e-06, 1.79985534032e-06, 6.72082421715e-07, 3.61787698466e-07, 1.49363495439e-06, 1.66347388131e-06, 2.81536784996e-07, 3.08641375568e-07, 2.56433082768e-07, 1.57154218527e-07, 4.59396090946e-07], "dvar": [2.23389379244e-05, 3.08729831886e-05, 5.09271239935e-06, 6.9644092946e-06, 7.67729306972e-06, 4.75007436762e-06, 5.41119447917e-07, 9.10436170898e-08, 8.54489812241e-09, 8.77894734685e-09, 3.06443759257e-09, 1.9157038178e-09, 1.89738802447e-09, 2.48883669229e-09, 1.26303634218e-09, 6.2939942147e-10, 6.02227934188e-10, 4.55307125335e-10, 2.92724677831e-10, 4.48082161653e-11, 1.15543463686e-10, 2.2188027804e-10, 2.03718708569e-10, 1.10692122135e-10, 1.02842616367e-10, 3.65013491654e-10, 2.50069166763e-11, 9.31319604769e-12, 2.10973981341e-11, 8.05141023297e-11, 3.56921228684e-11, 2.31550455893e-12, 2.35709834897e-13, 7.99285377467e-12, 1.02907370125e-11, 5.9832385357e-13, 1.48009154845e-12, 4.46210207455e-13, 1.70499627871e-13, 1.57487380342e-12], "dvar2": [4.09084896091e-05, 6.88742802595e-05, 1.19822434499e-05, 1.10664759632e-05, 1.48886729221e-05, 8.66378013598e-06, 1.26985139559e-06, 2.53864271826e-07, 2.48397800107e-08, 2.53024232677e-08, 8.87431106378e-09, 5.07088460111e-09, 5.14291809139e-09, 7.17723303012e-09, 3.32685101689e-09, 1.70062242066e-09, 1.77896697373e-09, 1.2811032235e-09, 8.50174985967e-10, 1.29250443681e-10, 3.31163041434e-10, 6.52828791026e-10, 6.01619365437e-10, 3.24930637952e-10, 3.00577007728e-10, 9.93907844915e-10, 7.07442854297e-11, 2.69342534387e-11, 5.73064790066e-11, 2.19225942955e-10, 8.07681421744e-11, 5.16524540153e-12, 5.89787875656e-13, 1.94159618938e-11, 2.56862014297e-11, 1.57572544422e-12, 3.78550359462e-12, 1.08426614041e-12, 4.09072623865e-13, 4.27839361161e-12], "max": [0.0864462852478, 0.0732727572322, 0.02694151178, 0.0911270454526, 0.0750977545977, 0.0497480966151, 0.0128105869517, 0.00474232481793, 0.00161676714197, 0.00150135590229, 0.000884910288732, 0.000673225906212, 0.000728641171008, 0.000626114371698, 0.00076296646148, 0.000530203920789, 0.000585684960242, 0.000455802102806, 0.000360844453098, 0.000179521215614, 0.000200222872081, 0.000273787678452, 0.000278791849269, 0.000155673260451, 0.000129636900965, 0.000544381386135, 9.42358528846e-05, 5.04488452862e-05, 0.000100386023405, 0.000264210189926, 0.000198098656256, 4.26065926149e-05, 6.77586149322e-06, 5.02572365804e-05, 5.91627576796e-05, 2.0729174139e-05, 2.85712558252e-05, 1.1339867342e-05, 1.10376422526e-05, 3.13213640766e-05], "mean": [0.00461504328996, 0.00505797518417, 0.00154357391875, 0.000946771120653, 0.000838518317323, 0.000511572463438, 0.00015601994528, 4.45488003606e-05, 1.51754047693e-05, 1.8814984287e-05, 5.54106281925e-06, 7.19798208593e-06, 7.36793072065e-06, 5.69137091588e-06, 5.73215857003e-06, 3.33178491019e-06, 2.16604280467e-06, 2.63383617494e-06, 1.84991881724e-06, 7.95019673205e-07, 1.14306476462e-06, 1.37754932439e-06, 1.4099746295e-06, 1.11296185423e-06, 1.10410258003e-06, 1.83392239705e-06, 6.38995459212e-07, 6.77852483477e-07, 1.32278091769e-06, 1.04059847672e-06, 1.0083019788e-06, 4.01367913128e-07, 2.30096901532e-07, 8.28355098292e-07, 9.39000130984e-07, 1.53258142177e-07, 1.59324272886e-07, 1.46835475334e-07, 9.62410808825e-08, 2.39677348191e-07], "median": [2.26828487939e-05, 2.89916497422e-05, 9.35941789066e-05, 1.76344237843e-05, 2.13985458686e-06, 3.4548821759e-07, 1.49362222146e-07, 6.6423183398e-08, 1.38048449116e-07, 9.64674597981e-08, 2.10744453e-08, 2.39646205102e-08, 1.16043175069e-08, 8.9148866067e-09, 2.20869509349e-08, 1.29869626164e-08, 4.61924720696e-09, 6.50823617221e-09, 7.00845870227e-09, 5.43768985395e-09, 5.23542187381e-09, 6.49623466131e-09, 3.40390071685e-09, 1.69199032563e-09, 2.25108065521e-09, 4.44878489603e-09, 3.42584871582e-09, 1.17647793729e-08, 2.2000861577e-08, 1.67850888744e-08, 1.97585414696e-08, 1.66552336367e-08, 1.2743629263e-08, 1.51296593032e-08, 3.08995495857e-08, 5.0383710537e-09, 3.54635565358e-09, 2.99489810729e-09, 7.2442207788e-09, 6.57623555611e-09], "min": [4.42579373622e-15, 8.21679398258e-16, 8.94367530627e-17, 1.6807124201e-16, 2.96065225999e-16, 1.82091013715e-15, 2.58281881431e-15, 8.94038405387e-16, 3.13043392622e-16, 5.87195002772e-16, 8.35167445031e-16, 7.20716670836e-16, 1.5075351576e-15, 4.70142566879e-16, 3.30307326985e-16, 1.91351963741e-15, 1.23768740126e-15, 4.57980709004e-16, 1.45789754458e-15, 4.84633765359e-16, 7.46504483036e-16, 1.05075008854e-15, 9.21151082996e-16, 8.08135394371e-16, 3.84551184578e-16, 3.40732079104e-16, 6.30838745956e-16, 7.74467528784e-16, 6.34587396144e-16, 2.84481918096e-16, 2.69276935539e-16, 3.49401090742e-16, 2.65583871889e-16, 1.20535845654e-16, 8.48003329374e-17, 1.25991081941e-16, 2.57115183543e-16, 4.74697221855e-16, 6.42942423256e-16, 6.82271327668e-16], "var": [7.19177041901e-05, 7.22168406355e-05, 9.16648696148e-06, 1.98139841814e-05, 1.63694603543e-05, 8.42543431645e-06, 8.28806548725e-07, 7.17284294183e-08, 5.44235323474e-09, 6.94548418778e-09, 1.73822289895e-09, 1.56289881037e-09, 1.76285763764e-09, 1.46492318276e-09, 1.1856997606e-09, 5.44429779037e-10, 3.1308605708e-10, 2.7506014133e-10, 1.609462702e-10, 2.49154377685e-11, 6.60574789313e-11, 1.17163306834e-10, 1.06091448127e-10, 5.83090728479e-11, 5.48816339596e-11, 2.45924641762e-10, 1.50438220908e-11, 5.94595596717e-12, 2.02047822917e-11, 5.54350801374e-11, 4.9870836627e-11, 3.22251491984e-12, 2.20959670916e-13, 8.06873925313e-12, 9.07817397644e-12, 4.87536443508e-13, 1.28405847153e-12, 4.48694412788e-13, 1.77195538516e-13, 1.08439038998e-12]}, "mfcc": {"mean": [-923.117858887, 83.6611099243, 64.0197219849, 40.983707428, 10.1007003784, 23.2555580139, 5.46971464157, 2.48877477646, 6.3795170784, 1.08229935169, -1.09050822258, -0.541302084923, 1.16637837887], "cov": [[16822.4785156, 2746.27758789, 589.460510254, 1234.7755127, -318.735595703, 271.421173096, -120.816818237, -40.4203262329, -158.899780273, -319.028564453, -474.00302124, -140.907699585, 151.524612427], [2746.27758789, 6189.59326172, 1846.49487305, 893.115356445, 1208.92004395, 383.589233398, 362.871856689, 137.290939331, -102.950576782, 23.5151901245, 202.451889038, 21.7477836609, -292.608123779], [589.460510254, 1846.49487305, 3551.4309082, 1752.79748535, 892.723815918, 804.268981934, 277.105957031, 187.009811401, 127.959152222, -111.164253235, -68.1943511963, -51.8348388672, -77.9620819092], [1234.7755127, 893.115356445, 1752.79748535, 1676.77685547, 959.505981445, 680.016906738, 388.928039551, 231.035751343, 160.875366211, 97.2262496948, -0.168965429068, 4.11399078369, -50.8605079651], [-318.735595703, 1208.92004395, 892.723815918, 959.505981445, 1112.97070312, 581.853759766, 454.027252197, 314.884765625, 196.826293945, 216.106872559, 166.548187256, 37.3553276062, -112.970840454], [271.421173096, 383.589233398, 804.268981934, 680.016906738, 581.853759766, 711.499511719, 451.454437256, 313.570068359, 267.835510254, 177.731994629, 108.146217346, 7.90622377396, -48.3529129028], [-120.816818237, 362.871856689, 277.105957031, 388.928039551, 454.027252197, 451.454437256, 618.184692383, 406.247467041, 309.35144043, 316.432861328, 141.95501709, 68.3459243774, -27.7514324188], [-40.4203262329, 137.290939331, 187.009811401, 231.035751343, 314.884765625, 313.570068359, 406.247467041, 477.435668945, 335.322845459, 227.812316895, 156.474060059, 75.8006515503, -27.4352149963], [-158.899780273, -102.950576782, 127.959152222, 160.875366211, 196.826293945, 267.835510254, 309.35144043, 335.322845459, 439.530517578, 279.69039917, 96.0367584229, 89.05493927, 27.4580287933], [-319.028564453, 23.5151901245, -111.164253235, 97.2262496948, 216.106872559, 177.731994629, 316.432861328, 227.812316895, 279.69039917, 440.921356201, 228.963516235, 99.456237793, 1.39018642902], [-474.00302124, 202.451889038, -68.1943511963, -0.168965429068, 166.548187256, 108.146217346, 141.95501709, 156.474060059, 96.0367584229, 228.963516235, 393.588043213, 153.723876953, -50.6497001648], [-140.907699585, 21.7477836609, -51.8348388672, 4.11399078369, 37.3553276062, 7.90622377396, 68.3459243774, 75.8006515503, 89.05493927, 99.456237793, 153.723876953, 255.234924316, 78.4961090088], [151.524612427, -292.608123779, -77.9620819092, -50.8605079651, -112.970840454, -48.3529129028, -27.7514324188, -27.4352149963, 27.4580287933, 1.39018642902, -50.6497001648, 78.4961090088, 220.762145996]], "icov": [[0.000122460740386, -0.000139571347972, 0.000175222812686, -0.00037519770558, 0.000444786157459, -0.000271556287771, 0.000255114748143, -0.000264671485638, 0.000111221401312, -8.37632032926e-05, 0.000153052198584, 9.56978419708e-06, -0.000107891435619], [-0.000139571347972, 0.000433239940321, -0.00039073600783, 0.00063539162511, -0.000903452804778, 0.000564663030673, -0.000536514562555, 0.000424213474616, -4.6893446779e-06, 0.000155466710567, -0.000220380839892, -9.16820354178e-05, 0.000306698755594], [0.000175222812686, -0.00039073600783, 0.00105322548188, -0.00136469304562, 0.00103798008058, -0.000896467186976, 0.000683528196532, -0.000404955557315, -0.000150899068103, 0.000301278894767, 0.000104610597191, 0.000116022565635, -0.000210593934753], [-0.00037519770558, 0.00063539162511, -0.00136469304562, 0.00349172251299, -0.00283132540062, 0.000385126797482, -0.000768901023548, 0.000825487019029, 0.000292754673865, -0.000335771183018, 0.000404487975175, -0.000543422007468, 0.000315339595545], [0.000444786157459, -0.000903452804778, 0.00103798008058, -0.00283132540062, 0.0047271172516, -0.00204133358784, 0.000894878408872, -0.00154847081285, 0.000733181426767, -0.000679905817378, 0.000258501531789, 7.85109023127e-07, 7.55796281737e-05], [-0.000271556287771, 0.000564663030673, -0.000896467186976, 0.000385126797482, -0.00204133358784, 0.00572874955833, -0.00368277123198, 0.00184501335025, -0.00245390599594, 0.00217746198177, -0.0021415555384, 0.00148436508607, -4.41979427706e-05], [0.000255114748143, -0.000536514562555, 0.000683528196532, -0.000768901023548, 0.000894878408872, -0.00368277123198, 0.00800189096481, -0.00522629730403, 0.00261692563072, -0.00431868201122, 0.00287788826972, -0.00122850865591, -1.54682693392e-05], [-0.000264671485638, 0.000424213474616, -0.000404955557315, 0.000825487019029, -0.00154847081285, 0.00184501335025, -0.00522629730403, 0.00928249023855, -0.00586602371186, 0.00367878004909, -0.00328690744936, 0.000971592031419, 0.000506263633724], [0.000111221401312, -4.6893446779e-06, -0.000150899068103, 0.000292754673865, 0.000733181426767, -0.00245390599594, 0.00261692563072, -0.00586602371186, 0.00918142870069, -0.0054572597146, 0.00363768567331, -0.00219334801659, -0.000123832825921], [-8.37632032926e-05, 0.000155466710567, 0.000301278894767, -0.000335771183018, -0.000679905817378, 0.00217746198177, -0.00431868201122, 0.00367878004909, -0.0054572597146, 0.00854794401675, -0.00478813797235, 0.00179927737918, -0.00077749841148], [0.000153052198584, -0.000220380839892, 0.000104610597191, 0.000404487975175, 0.000258501531789, -0.0021415555384, 0.00287788826972, -0.00328690744936, 0.00363768567331, -0.00478813797235, 0.00739324046299, -0.00414979271591, 0.00209897221066], [9.56978419708e-06, -9.16820354178e-05, 0.000116022565635, -0.000543422007468, 7.85109023127e-07, 0.00148436508607, -0.00122850865591, 0.000971592031419, -0.00219334801659, 0.00179927737918, -0.00414979271591, 0.00753291370347, -0.00328956660815], [-0.000107891435619, 0.000306698755594, -0.000210593934753, 0.000315339595545, 7.55796281737e-05, -4.41979427706e-05, -1.54682693392e-05, 0.000506263633724, -0.000123832825921, -0.00077749841148, 0.00209897221066, -0.00328956660815, 0.0067701083608]]}, "spectral_contrast_coeffs": {"dmean": [0.0545219779015, 0.0512077659369, 0.041690018028, 0.0349722392857, 0.0323680154979, 0.0307505987585], "dmean2": [0.0804247185588, 0.0797079056501, 0.0644918829203, 0.0549588054419, 0.0486866161227, 0.0474950745702], "dvar": [0.0028898071032, 0.00262072333135, 0.0018995529972, 0.00131263316143, 0.00106727285311, 0.00143155781552], "dvar2": [0.0062447860837, 0.00576417334378, 0.00402271421626, 0.00294568692334, 0.00230525317602, 0.00317903840914], "max": [-0.194628328085, -0.221644029021, -0.356933742762, -0.485681414604, -0.5357016325, -0.472618252039], "mean": [-0.629345357418, -0.7449888587, -0.816521465778, -0.840039074421, -0.817120373249, -0.796007990837], "median": [-0.625206947327, -0.774178802967, -0.843999385834, -0.855310201645, -0.825712919235, -0.786457419395], "min": [-0.988905787468, -0.974053025246, -0.985046982765, -0.97766149044, -0.963608503342, -0.965514242649], "var": [0.021843675524, 0.0186472292989, 0.01140752621, 0.00504574878141, 0.00475259404629, 0.00412940699607]}, "spectral_contrast_valleys": {"dmean": [0.84299325943, 0.892180323601, 0.97490054369, 1.05465137959, 1.05723106861, 0.904202461243], "dmean2": [1.12793397903, 1.31625342369, 1.48789072037, 1.52738189697, 1.39646327496, 1.12045240402], "dvar": [1.23826062679, 1.18150579929, 1.395794034, 1.45177912712, 1.37844800949, 0.778668344021], "dvar2": [1.89531898499, 2.370