{"lowlevel": {"average_loudness": 0.907226502895, "barkbands_crest": {"dmean": 2.53670024872, "dmean2": 3.79132151604, "dvar": 8.81851863861, "dvar2": 16.852399826, "max": 26.2328338623, "mean": 12.3299760818, "median": 11.2790126801, "min": 2.32126092911, "var": 35.8876914978}, "barkbands_flatness_db": {"dmean": 0.0225780513138, "dmean2": 0.0320724062622, "dvar": 0.00063498178497, "dvar2": 0.00114176073112, "max": 0.352309644222, "mean": 0.132419452071, "median": 0.123512327671, "min": 0.0162513647228, "var": 0.00341345835477}, "barkbands_kurtosis": {"dmean": 5.80599737167, "dmean2": 7.70813179016, "dvar": 128.023101807, "dvar2": 230.414260864, "max": 250.678894043, "mean": 10.8121471405, "median": 3.54683303833, "min": -1.94195246696, "var": 348.625854492}, "barkbands_skewness": {"dmean": 0.844405591488, "dmean2": 1.08679521084, "dvar": 1.0777323246, "dvar2": 1.69188904762, "max": 14.600353241, "mean": 2.14302039146, "median": 1.93501138687, "min": -5.04522657394, "var": 5.63450956345}, "barkbands_spread": {"dmean": 11.7218093872, "dmean2": 17.1318798065, "dvar": 268.552703857, "dvar2": 549.92401123, "max": 129.693069458, "mean": 35.9684257507, "median": 25.7656135559, "min": 0.683002054691, "var": 778.71105957}, "dissonance": {"dmean": 0.015489526093, "dmean2": 0.0262232609093, "dvar": 0.000273650279269, "dvar2": 0.000737153808586, "max": 0.500000119209, "mean": 0.470373809338, "median": 0.47630572319, "min": 0.267527699471, "var": 0.00054544035811}, "dynamic_complexity": 3.99961066246, "erbbands_crest": {"dmean": 2.11465620995, "dmean2": 3.22688031197, "dvar": 4.7560210228, "dvar2": 10.2943582535, "max": 25.1765613556, "mean": 8.33983230591, "median": 7.52276325226, "min": 2.30228471756, "var": 15.1804857254}, "erbbands_flatness_db": {"dmean": 0.0147787583992, "dmean2": 0.0220625139773, "dvar": 0.00030694322777, "dvar2": 0.00059828691883, "max": 0.335407137871, "mean": 0.0992195010185, "median": 0.0856162160635, "min": 0.0290777701885, "var": 0.0022256586235}, "erbbands_kurtosis": {"dmean": 0.910152256489, "dmean2": 1.46734166145, "dvar": 5.09293174744, "dvar2": 13.0739459991, "max": 56.1347618103, "mean": 0.219269141555, "median": -0.239868760109, "min": -1.83677363396, "var": 5.94835758209}, "erbbands_skewness": {"dmean": 0.404790103436, "dmean2": 0.607545495033, "dvar": 0.27609360218, "dvar2": 0.641747057438, "max": 7.15516424179, "mean": 0.250686585903, "median": 0.247034907341, "min": -4.82231473923, "var": 0.736581742764}, "erbbands_spread": {"dmean": 12.3701629639, "dmean2": 18.6915950775, "dvar": 233.079208374, "dvar2": 501.376953125, "max": 183.741516113, "mean": 61.5051574707, "median": 57.318901062, "min": 4.19366836548, "var": 760.665405273}, "hfc": {"dmean": 26.3323688507, "dmean2": 39.5734901428, "dvar": 3682.53320312, "dvar2": 8953.05175781, "max": 733.442382812, "mean": 36.467918396, "median": 15.3177337646, "min": 1.1656704631e-16, "var": 4007.58178711}, "melbands_crest": {"dmean": 2.98470330238, "dmean2": 4.56827449799, "dvar": 10.8244810104, "dvar2": 22.1665077209, "max": 35.1483078003, "mean": 17.1755199432, "median": 16.0532741547, "min": 1.52432489395, "var": 52.8696784973}, "melbands_flatness_db": {"dmean": 0.0311887841672, "dmean2": 0.0413353294134, "dvar": 0.00142315763514, "dvar2": 0.00215228460729, "max": 0.471432000399, "mean": 0.204475715756, "median": 0.205262258649, "min": 0.00723989028484, "var": 0.00879388861358}, "melbands_kurtosis": {"dmean": 21.1444168091, "dmean2": 29.5255908966, "dvar": 1841.06591797, "dvar2": 3559.56005859, "max": 887.142028809, "mean": 45.9716453552, "median": 19.9602413177, "min": -1.93425524235, "var": 5066.57470703}, "melbands_skewness": {"dmean": 1.19707787037, "dmean2": 1.63814973831, "dvar": 2.26848101616, "dvar2": 3.82718896866, "max": 23.6176700592, "mean": 4.53723335266, "median": 3.91167974472, "min": -2.33065533638, "var": 11.6022596359}, "melbands_spread": {"dmean": 12.5604953766, "dmean2": 18.8129673004, "dvar": 499.326293945, "dvar2": 980.46661377, "max": 296.68460083, "mean": 31.975812912, "median": 14.7445688248, "min": 0.62299901247, "var": 1480.11315918}, "pitch_salience": {"dmean": 0.0777981281281, "dmean2": 0.121539972723, "dvar": 0.00883838627487, "dvar2": 0.0202582944185, "max": 0.895375847816, "mean": 0.484194785357, "median": 0.496154606342, "min": 0.0457375571132, "var": 0.0241252146661}, "silence_rate_20dB": {"dmean": 0.00757153984159, "dmean2": 0.0151447663084, "dvar": 0.00751428259537, "dvar2": 0.0224873479456, "max": 1, "mean": 0.99621462822, "median": 1, "min": 0, "var": 0.00377153628506}, "silence_rate_30dB": {"dmean": 0.0347400084138, "dmean2": 0.0694877505302, "dvar": 0.0335353501141, "dvar2": 0.0679945126176, "max": 1, "mean": 0.927633047104, "median": 1, "min": 0, "var": 0.0671364441514}, "silence_rate_60dB": {"dmean": 0.0904130935669, "dmean2": 0.180846318603, "dvar": 0.0822411626577, "dvar2": 0.169974178076, "max": 1, "mean": 0.184034734964, "median": 0, "min": 0, "var": 0.150160089135}, "spectral_centroid": {"dmean": 364.920013428, "dmean2": 525.356689453, "dvar": 256446.40625, "dvar2": 455137.71875, "max": 10928.078125, "mean": 1601.53771973, "median": 1358.68261719, "min": 223.30682373, "var": 1003562.1875}, "spectral_complexity": {"dmean": 3.48001337051, "dmean2": 4.75256109238, "dvar": 36.6958618164, "dvar2": 51.8874855042, "max": 64, "mean": 11.3197507858, "median": 10, "min": 0, "var": 95.9494476318}, "spectral_decrease": {"dmean": 4.19301304788e-09, "dmean2": 5.40473443778e-09, "dvar": 1.00898716878e-16, "dvar2": 1.77828360113e-16, "max": 4.97510310726e-10, "mean": -9.1393399515e-09, "median": -3.71407837818e-09, "min": -1.05877724366e-07, "var": 2.31742179259e-16}, "spectral_energy": {"dmean": 0.0173658542335, "dmean2": 0.022858755663, "dvar": 0.00152074522339, "dvar2": 0.00271010771394, "max": 0.405874013901, "mean": 0.037801746279, "median": 0.0184452999383, "min": 1.06201629988e-20, "var": 0.00343784736469}, "spectral_energyband_high": {"dmean": 0.00208631437272, "dmean2": 0.0031700944528, "dvar": 2.67247196462e-05, "dvar2": 6.41608203296e-05, "max": 0.0661774352193, "mean": 0.00266562425531, "median": 0.000777200388256, "min": 7.7777959307e-21, "var": 3.02604657918e-05}, "spectral_energyband_low": {"dmean": 0.0120687354356, "dmean2": 0.0153983067721, "dvar": 0.00134411756881, "dvar2": 0.00244502420537, "max": 0.394857466221, "mean": 0.0237167142332, "median": 0.00377278425731, "min": 4.6491444874e-23, "var": 0.00281141814776}, "spectral_energyband_middle_high": {"dmean": 0.00129729066975, "dmean2": 0.00168047670741, "dvar": 1.10076334749e-05, "dvar2": 2.07420289371e-05, "max": 0.0531355701387, "mean": 0.00223691901192, "median": 0.00105357542634, "min": 1.6306044202e-21, "var": 1.76212924998e-05}, "spectral_energyband_middle_low": {"dmean": 0.00547564495355, "dmean2": 0.00843229610473, "dvar": 0.000140960051795, "dvar2": 0.000339555728715, "max": 0.128894194961, "mean": 0.00983784813434, "median": 0.00408486230299, "min": 2.38949148879e-22, "var": 0.000270253862254}, "spectral_entropy": {"dmean": 0.203883126378, "dmean2": 0.292608618736, "dvar": 0.0701245963573, "dvar2": 0.141967460513, "max": 9.80593585968, "mean": 7.80011320114, "median": 7.88684558868, "min": 5.06789159775, "var": 0.344369381666}, "spectral_flux": {"dmean": 0.0416570305824, "dmean2": 0.063935264945, "dvar": 0.00453198608011, "dvar2": 0.00940539408475, "max": 0.580166935921, "mean": 0.0755530595779, "median": 0.0489015504718, "min": 1.03054176304e-10, "var": 0.00653729960322}, "spectral_kurtosis": {"dmean": 0.803710997105, "dmean2": 1.23275589943, "dvar": 1.46627175808, "dvar2": 3.56283760071, "max": 28.9106807709, "mean": 3.08175301552, "median": 2.5522043705, "min": -1.17333555222, "var": 5.01446723938}, "spectral_rms": {"dmean": 0.001235282165, "dmean2": 0.00157518370543, "dvar": 3.92711262975e-06, "dvar2": 6.35339756627e-06, "max": 0.0198991112411, "mean": 0.00485257618129, "median": 0.00424209982157, "min": 3.2188717837e-12, "var": 1.33322591864e-05}, "spectral_rolloff": {"dmean": 1640.8458252, "dmean2": 2596.97436523, "dvar": 10127285, "dvar2": 18313896, "max": 19724.4140625, "mean": 4387.63574219, "median": 1119.7265625, "min": 64.599609375, "var": 31711638}, "spectral_skewness": {"dmean": 0.169839724898, "dmean2": 0.25439658761, "dvar": 0.0486107580364, "dvar2": 0.106157064438, "max": 4.32077503204, "mean": 1.48108792305, "median": 1.46194374561, "min": -0.0760623887181, "var": 0.175720870495}, "spectral_spread": {"dmean": 918416.625, "dmean2": 1354808.625, "dvar": 2713538527230.0, "dvar2": 5297013260290.0, "max": 39628564, "mean": 8412061, "median": 8713350, "min": 1893093, "var": 7181546553340.0}, "spectral_strongpeak": {"dmean": 0.345216363668, "dmean2": 0.568911314011, "dvar": 0.579972743988, "dvar2": 1.58091938496, "max": 16.72240448, "mean": 0.669282495975, "median": 0.422487139702, "min": 0, "var": 1.03981745243}, "zerocrossingrate": {"dmean": 0.0301572531462, "dmean2": 0.0311280936003, "dvar": 0.00129977311008, "dvar2": 0.00119701109361, "max": 0.70654296875, "mean": 0.138517588377, "median": 0.09033203125, "min": 0.001953125, "var": 0.01471070759}, "barkbands": {"dmean": [0.000449846935226, 0.010434160009, 0.00240233563818, 0.00173013750464, 0.00342808919959, 0.000470872677397, 0.000232667516684, 0.000195625078049, 0.00012835583766, 0.000184001110028, 0.000145966565469, 0.000248245254625, 0.00022545203683, 0.000192037041415, 0.000128944127937, 9.30845126277e-05, 0.000106891624455, 0.000118574178487, 0.000141092808917, 0.000117138435598, 0.000155368819833, 0.000134908186737, 0.000272691249847, 0.000195631888346, 0.000402682257118, 0.000665498955641, 0.000277304527117], "dmean2": [0.000583474524319, 0.0136072915047, 0.00394157832488, 0.00299855018966, 0.00501087028533, 0.000766747572925, 0.000348822883097, 0.000330394657794, 0.000180380025995, 0.000288310722681, 0.000219222871237, 0.000350636197254, 0.000284571578959, 0.000282804219751, 0.000192055857042, 0.000141386684845, 0.000159170944244, 0.000179553084308, 0.000219388559344, 0.000174911721842, 0.00022884288046, 0.000195353844902, 0.000435262074461, 0.000292648677714, 0.000639931706246, 0.00110996700823, 0.000417806935729], "dvar": [1.42170119943e-06, 0.00126646249555, 6.43921011942e-05, 2.63687034021e-05, 5.41057270311e-05, 1.88645867638e-06, 3.78294942038e-07, 3.40781434716e-06, 6.89719428237e-08, 6.4446186343e-07, 1.53837675043e-07, 4.07598975016e-07, 3.92606608557e-07, 3.08787690528e-07, 1.60128976745e-07, 5.8686161708e-08, 1.11245810785e-07, 1.38151165174e-07, 1.87959315667e-07, 1.13773879207e-07, 2.46350310817e-07, 1.40173099794e-07, 5.42028885775e-07, 2.76457882364e-07, 1.37425467983e-06, 3.39080293088e-06, 3.7920625573e-07], "dvar2": [2.83929398393e-06, 0.00245906505734, 0.000184956938028, 7.29129315005e-05, 0.000105283528683, 4.63903234049e-06, 9.76630531113e-07, 9.36451397138e-06, 1.26200873751e-07, 1.69424629348e-06, 3.73550165023e-07, 8.58512009927e-07, 5.43285068488e-07, 6.8322236757e-07, 3.76869053298e-07, 1.24780314081e-07, 2.19135301904e-07, 3.049119357e-07, 4.29615283792e-07, 2.31035073739e-07, 5.31517173386e-07, 2.60565087729e-07, 1.30167052248e-06, 6.01904787345e-07, 3.52662823389e-06, 8.99611768546e-06, 9.07209596335e-07], "max": [0.0191675946116, 0.382545113564, 0.0948432013392, 0.0517178215086, 0.106590047479, 0.0245015528053, 0.0102554894984, 0.0445460006595, 0.00619843509048, 0.0370351411402, 0.0061109662056, 0.00973220076412, 0.0186934191734, 0.00855911336839, 0.0085030766204, 0.00497702462599, 0.00503148697317, 0.00389905972406, 0.0046366895549, 0.00372955109924, 0.00536081660539, 0.00395778287202, 0.0121074588969, 0.00753519916907, 0.023438712582, 0.0194425135851, 0.00515979807824], "mean": [0.000925434869714, 0.0184027478099, 0.00376311736181, 0.00178319006227, 0.00635960092768, 0.000618687423412, 0.000517512613442, 0.000197419052711, 0.000307828770019, 0.00024011923233, 0.000224676943617, 0.000346344168065, 0.000345803971868, 0.000237406769884, 0.000169762904989, 0.000153023938765, 0.000144036763231, 0.000152583103045, 0.000150062391185, 0.000163418546435, 0.000200057416805, 0.000208485638723, 0.000383512466215, 0.000304284301819, 0.000470936007332, 0.000644791754894, 0.000386890722439], "median": [6.43777457299e-05, 0.00204037385993, 0.000106838080683, 0.00013606788707, 0.00165728456341, 0.000166196696227, 0.000143471872434, 5.19361492479e-05, 0.000124374782899, 7.29617167963e-05, 6.94545597071e-05, 6.56758056721e-05, 5.86799651501e-05, 4.14918831666e-05, 4.76202803839e-05, 5.32520716661e-05, 4.22347075073e-05, 4.81458191643e-05, 4.40444928245e-05, 6.44762258162e-05, 6.7514978582e-05, 6.1876125983e-05, 8.50052601891e-05, 8.85446279426e-05, 0.000128598709125, 0.000142069795402, 0.000158640032168], "min": [6.82710992954e-24, 3.92134583386e-23, 3.86206479066e-25, 1.85155823365e-25, 3.56399626142e-23, 5.34442408561e-23, 2.50033155779e-23, 5.01374937136e-23, 7.3269508162e-23, 7.80432210439e-23, 4.27440684288e-23, 1.17073004165e-22, 7.97863133436e-23, 1.46505467647e-22, 1.50527093164e-22, 1.30935347619e-22, 1.83334821092e-22, 2.26317908064e-22, 3.55983770227e-22, 2.39342948243e-22, 4.80330614674e-22, 6.63491798015e-22, 5.18028371447e-22, 1.01558886949e-21, 1.0302203334e-21, 1.73646697884e-21, 2.45143638116e-21], "var": [3.94736252929e-06, 0.00233979080804, 5.33467828063e-05, 2.04578682315e-05, 0.000159290691954, 2.67377185992e-06, 1.05130709471e-06, 2.18819081965e-06, 2.84662434069e-07, 5.53150982796e-07, 2.21955829716e-07, 6.2987533056e-07, 1.01042655842e-06, 4.14654749648e-07, 1.88043301819e-07, 8.32160935715e-08, 1.46974912241e-07, 1.64927016044e-07, 1.91657264281e-07, 1.45377754279e-07, 2.88124795134e-07, 2.21961840907e-07, 1.02475587482e-06, 4.81289248455e-07, 1.26741997519e-06, 2.60256865658e-06, 4.12129026017e-07]}, "erbbands": {"dmean": [0.385248035192, 2.11906814575, 2.88730621338, 4.01307916641, 10.5129623413, 12.0882749557, 5.81467247009, 3.40005683899, 3.43618249893, 4.26986026764, 3.21372890472, 2.87393188477, 3.69674301147, 6.879778862, 6.46817445755, 10.0416688919, 9.56610488892, 12.0729045868, 6.77675294876, 5.06402778625, 5.87337350845, 5.98763751984, 6.52050447464, 7.11484050751, 6.85724210739, 6.17391443253, 6.46662521362, 4.89646577835, 4.88371133804, 5.2247262001, 8.55044174194, 4.72819471359, 3.56627678871, 3.73850131035, 3.27816557884, 2.48964715004, 1.31196403503, 0.310798734426, 0.0480508506298, 0.00286178733222], "dmean2": [0.475271105766, 2.93595743179, 4.66916561127, 6.87804985046, 16.7223987579, 16.8572978973, 8.30381011963, 5.69519519806, 5.29949140549, 6.91519021988, 5.0440120697, 3.96261262894, 5.64831638336, 10.7102041245, 8.97210597992, 14.1324625015, 12.0511264801, 16.902721405, 10.2137346268, 7.48648452759, 8.93839550018, 8.79324150085, 9.6466999054, 11.0513477325, 10.2708148956, 9.30362129211, 9.86914348602, 7.16142177582, 7.15035533905, 7.73190498352, 13.958823204, 7.20801496506, 5.47534036636, 5.91704273224, 5.23651409149, 4.12112808228, 2.20387744904, 0.498735845089, 0.0749887004495, 0.00427661510184], "dvar": [1.65555620193, 56.889175415, 98.6899185181, 155.390731812, 808.715332031, 592.256896973, 204.978408813, 146.609542847, 99.322227478, 1045.61401367, 410.16192627, 44.8183479309, 234.017959595, 594.766418457, 203.937301636, 731.52734375, 665.606567383, 1239.29260254, 468.59564209, 196.337860107, 220.026916504, 435.643035889, 446.088867188, 627.154418945, 341.440795898, 309.83114624, 443.987915039, 243.973312378, 174.832122803, 207.033920288, 531.804992676, 159.027008057, 88.0256958008, 106.879577637, 100.33846283, 46.3400192261, 13.2697992325, 0.62047201395, 0.012143727392, 3.64636798622e-05], "dvar2": [2.95309352875, 119.484451294, 275.71496582, 444.588928223, 1778.91064453, 1106.5579834, 340.023712158, 399.810638428, 261.759765625, 2874.04541016, 1126.81835938, 79.0094833374, 615.527099609, 1537.2232666, 441.625610352, 1558.2097168, 976.854125977, 2456.61743164, 1103.40075684, 418.813140869, 457.056793213, 915.67388916, 1001.16369629, 1473.54614258, 731.837646484, 627.540466309, 971.471374512, 521.281738281, 298.917419434, 436.977233887, 1360.42382812, 345.366668701, 203.019790649, 267.846374512, 259.430786133, 122.220878601, 35.3445549011, 1.59484553337, 0.0299694314599, 8.09974808362e-05], "max": [15.4503793716, 77.6748046875, 102.322746277, 138.417144775, 452.77947998, 463.399383545, 387.058990479, 214.296798706, 185.710128784, 763.381408691, 495.873840332, 146.100967407, 816.91796875, 669.935058594, 221.573730469, 458.567993164, 721.816101074, 797.322143555, 381.693908691, 311.851654053, 331.690826416, 319.389526367, 223.985397339, 274.602966309, 251.39666748, 183.280685425, 228.443649292, 164.66595459, 131.230865479, 173.858963013, 382.770629883, 187.130081177, 140.849227905, 180.817214966, 216.515975952, 95.626953125, 36.5205726624, 7.00134944916, 0.987264871597, 0.0530517734587], "mean": [0.740839540958, 3.27845954895, 4.39847183228, 5.35047149658, 16.4650936127, 22.030500412, 10.2926292419, 4.31511306763, 7.32528686523, 6.09215307236, 4.33262777328, 6.73376750946, 6.44938182831, 9.55150508881, 10.7930030823, 14.6150341034, 14.7637758255, 16.2210903168, 8.31129264832, 7.42347192764, 10.4114189148, 7.60953569412, 8.38875865936, 7.88836765289, 8.66673183441, 8.33425140381, 7.83194160461, 6.74024248123, 7.57564544678, 7.81508779526, 11.7875585556, 7.10146093369, 5.27565383911, 4.49066209793, 3.64621853828, 2.52176141739, 1.25987911224, 0.348266750574, 0.0630770921707, 0.00436909450218], "median": [0.0879730507731, 0.311911284924, 0.262395262718, 0.512344121933, 2.92564678192, 4.6766242981, 2.62896037102, 1.37191307545, 2.10532712936, 1.86298847198, 1.838586092, 2.34230661392, 3.24586319923, 3.57728290558, 4.11325359344, 3.37799239159, 2.99796199799, 2.87099456787, 2.04277896881, 2.16165018082, 4.45967960358, 2.41083288193, 2.82864642143, 2.22796821594, 3.18977975845, 3.18119764328, 2.64535808563, 2.20492291451, 2.24924874306, 2.15224075317, 2.61857271194, 1.81995892525, 1.59370279312, 1.21998238564, 0.911696076393, 0.583686113358, 0.286566972733, 0.107966817915, 0.0246216319501, 0.00196359679103], "min": [2.02846092728e-21, 5.27494288315e-21, 1.28902921334e-21, 1.26950676133e-21, 3.65017840655e-20, 1.82865283306e-19, 1.98894621861e-19, 5.1211268711e-19, 3.51968607665e-19, 7.69405510585e-19, 9.95492221668e-19, 1.91048984357e-18, 9.35765335346e-19, 3.09295652333e-18, 2.60417301783e-18, 4.43022964114e-18, 3.75961322544e-18, 5.96906185882e-18, 8.26557083807e-18, 8.24111441608e-18, 8.51782452895e-18, 1.02621118672e-17, 1.34311185488e-17, 1.27865818971e-17, 1.76693024943e-17, 1.15546924165e-17, 1.92423038888e-17, 1.8306785777e-17, 2.03172284035e-17, 2.04824660027e-17, 1.84145674108e-17, 2.04762439501e-17, 1.59179278726e-17, 9.25089680322e-18, 8.31034612463e-18, 7.15471442471e-18, 2.89552298678e-18, 1.38994777242e-18, 3.36019014491e-19, 3.65442610824e-20], "var": [3.76394677162, 81.6927947998, 78.9753723145, 113.610412598, 1934.86975098, 1673.32458496, 652.170349121, 130.431091309, 209.041946411, 734.217956543, 278.29296875, 168.039382935, 220.000991821, 558.24029541, 355.985473633, 1104.18774414, 1660.87927246, 2069.51196289, 513.125183105, 324.114440918, 321.626037598, 519.946228027, 511.635498047, 617.117248535, 403.407318115, 390.958099365, 480.567565918, 309.824523926, 296.481140137, 318.953552246, 983.431396484, 301.318115234, 137.491790771, 109.820831299, 87.5870285034, 37.4851646423, 9.98697090149, 0.526089847088, 0.0120086213574, 4.60169176222e-05]}, "gfcc": {"mean": [-15.7310647964, 16.0868930817, -64.9761123657, 19.0470924377, -37.4957046509, 13.9457149506, -25.8162288666, 2.44034385681, -24.9233093262, -1.71757280827, -14.8343982697, 4.63933992386, -7.3776049614], "cov": [[20462.7363281, 1078.08557129, 1716.41601562, 775.163818359, 59.5637245178, 386.150787354, -558.591674805, -217.920196533, -630.50378418, -13.2186183929, -124.60786438, 152.528762817, -229.625076294], [1078.08557129, 2557.90136719, -23.8858261108, 217.624542236, -11.1784324646, 3.58770775795, 8.69197273254, -59.3557090759, 56.7621192932, 182.138031006, 151.419754028, -78.1136474609, -101.663772583], [1716.41601562, -23.8858261108, 1647.1295166, 516.34387207, 436.304351807, 202.015014648, 40.4395256042, 11.6285228729, -91.5718078613, -105.085426331, -61.8604354858, 80.0808334351, 29.9293708801], [775.163818359, 217.624542236, 516.34387207, 455.572052002, 266.380340576, 130.313613892, 62.6433448792, 42.9276771545, -10.4826469421, -44.5414009094, -38.7909011841, -1.57653903961, 31.802280426], [59.5637245178, -11.1784324646, 436.304351807, 266.380340576, 382.929290771, 208.007644653, 162.327560425, 69.2269744873, 21.9941368103, 1.99667370319, 2.65204453468, 1.70937490463, 20.7361927032], [386.150787354, 3.58770775795, 202.015014648, 130.313613892, 208.007644653, 277.391540527, 159.971893311, 83.3413009644, 46.756439209, 50.8396186829, 41.3386688232, 22.3840923309, -12.7339353561], [-558.591674805, 8.69197273254, 40.4395256042, 62.6433448792, 162.327560425, 159.971893311, 213.826797485, 138.81552124, 94.554725647, 37.2694244385, 26.2675228119, -1.348990798, 17.7599143982], [-217.920196533, -59.3557090759, 11.6285228729, 42.9276771545, 69.2269744873, 83.3413009644, 138.81552124, 188.455917358, 142.691162109, 49.4563369751, -0.987241923809, -0.79529440403, 11.7047691345], [-630.50378418, 56.7621192932, -91.5718078613, -10.4826469421, 21.9941368103, 46.756439209, 94.554725647, 142.691162109, 189.465866089, 114.999671936, 43.7110939026, -8.83928966522, -6.49235868454], [-13.2186183929, 182.138031006, -105.085426331, -44.5414009094, 1.99667370319, 50.8396186829, 37.2694244385, 49.4563369751, 114.999671936, 188.137359619, 131.661972046, 16.8804721832, -43.179649353], [-124.60786438, 151.419754028, -61.8604354858, -38.7909011841, 2.65204453468, 41.3386688232, 26.2675228119, -0.987241923809, 43.7110939026, 131.661972046, 160.009094238, 63.3280067444, -15.0694437027], [152.528762817, -78.1136474609, 80.0808334351, -1.57653903961, 1.70937490463, 22.3840923309, -1.348990798, -0.79529440403, -8.83928966522, 16.8804721832, 63.3280067444, 97.0751495361, 44.0902900696], [-229.625076294, -101.663772583, 29.9293708801, 31.802280426, 20.7361927032, -12.7339353561, 17.7599143982, 11.7047691345, -6.49235868454, -43.179649353, -15.0694437027, 44.0902900696, 100.821594238]], "icov": [[0.000121705583297, -7.58084279369e-05, -3.65691266779e-05, -8.78165956237e-05, 9.79268661467e-05, -0.000424865516834, 0.000740951916669, -0.000956643256359, 0.00124029326253, -0.000912012066692, 0.000652404036373, -0.000309907714836, 6.83534235577e-05], [-7.58084279369e-05, 0.000621920567937, -2.3053456971e-05, -0.000674658687785, 0.000578620762099, 0.00047547018039, -0.0011981780408, 0.00136722507887, -0.000926601933315, 0.000195702843484, -0.00105894741137, 0.00103884330019, 7.90656995378e-05], [-3.65691266779e-05, -2.3053456971e-05, 0.00138715934008, -0.000789531273767, -0.00146338762715, 0.000319964950904, 0.000389317894587, 0.000196192762814, -0.000247812393354, 0.000191691447981, 0.00135816878174, -0.00276353536174, 0.00145842030179], [-8.78165956237e-05, -0.000674658687785, -0.000789531273767, 0.00610362878069, -0.00362423830666, -0.00143970432691, 0.00422211270779, -0.00320330122486, -0.000304879271425, 0.00309012760408, -0.00249024108052, 0.00310814590193, -0.00280711101368], [9.79268661467e-05, 0.000578620762099, -0.00146338762715, -0.00362423830666, 0.0102401254699, -0.00232200394385, -0.00646575633436, 0.00322790490463, 0.00114559964277, -0.00283403228968, 0.000337844365276, 0.00284906104207, -0.00158647750504], [-0.000424865516834, 0.00047547018039, 0.000319964950904, -0.00143970432691, -0.00232200394385, 0.012450014241, -0.0118400398642, 0.00640877429396, -0.00278611271642, -0.00241632200778, 0.00395488273352, -0.00722682382911, 0.00579981086776], [0.000740951916669, -0.0011981780408, 0.000389317894587, 0.00422211270779, -0.00646575633436, -0.0118400398642, 0.032256629318, -0.0240955241024, 0.00822094548494, 0.00643411884084, -0.0124259470031, 0.0120123336092, -0.00784371327609], [-0.000956643256359, 0.00136722507887, 0.000196192762814, -0.00320330122486, 0.00322790490463, 0.00640877429396, -0.0240955241024, 0.0379883050919, -0.026386724785, 0.00270770769566, 0.00960172712803, -0.0109470998868, 0.00581474881619], [0.00124029326253, -0.000926601933315, -0.000247812393354, -0.000304879271425, 0.00114559964277, -0.00278611271642, 0.00822094548494, -0.026386724785, 0.0383523479104, -0.0242402162403, 0.00936515443027, 0.00147062120959, -0.00406730594113], [-0.000912012066692, 0.000195702843484, 0.000191691447981, 0.00309012760408, -0.00283403228968, -0.00241632200778, 0.00643411884084, 0.00270770769566, -0.0242402162403, 0.0424034707248, -0.0344015583396, 0.0146153634414, 0.000984737882391], [0.000652404036373, -0.00105894741137, 0.00135816878174, -0.00249024108052, 0.000337844365276, 0.00395488273352, -0.0124259470031, 0.00960172712803, 0.00936515443027, -0.0344015583396, 0.0487873815, -0.0336705483496, 0.0101907635108], [-0.000309907714836, 0.00103884330019, -0.00276353536174, 0.00310814590193, 0.00284906104207, -0.00722682382911, 0.0120123336092, -0.0109470998868, 0.00147062120959, 0.0146153634414, -0.0336705483496, 0.0444077402353, -0.0202606096864], [6.83534235577e-05, 7.90656995378e-05, 0.00145842030179, -0.00280711101368, -0.00158647750504, 0.00579981086776, -0.00784371327609, 0.00581474881619, -0.00406730594113, 0.000984737882391, 0.0101907635108, -0.0202606096864, 0.0229150466621]]}, "melbands": {"dmean": [0.00316406320781, 0.00183771480806, 0.000906715518795, 0.000846773735248, 0.000261188251898, 7.70933474996e-05, 5.18816341355e-05, 4.73070467706e-05, 2.5152174203e-05, 1.77458769031e-05, 1.86759571079e-05, 2.84329780698e-05, 2.22903890972e-05, 2.85607820842e-05, 2.21800819418e-05, 2.38631218963e-05, 2.09760473808e-05, 1.05681983769e-05, 8.12793223304e-06, 5.72210774408e-06, 6.98857002135e-06, 6.03738590144e-06, 6.45010049993e-06, 6.39379641143e-06, 5.91543448536e-06, 5.30449551661e-06, 4.25111647928e-06, 4.00099543185e-06, 3.96234736399e-06, 3.78061918127e-06, 2.75310367215e-06, 2.44236730396e-06, 3.20665139952e-06, 3.0738251553e-06, 4.67260224468e-06, 4.74487069368e-06, 2.51536835094e-06, 2.3958220936e-06, 2.96986354442e-06, 3.21461197927e-06], "dmean2": [0.00403242046013, 0.00264577916823, 0.0015204999363, 0.00126496085431, 0.000353056704625, 0.000128964791656, 7.9343575635e-05, 7.82944043749e-05, 3.84571430914e-05, 2.48497672146e-05, 2.85014084511e-05, 4.44038123533e-05, 3.22429186781e-05, 3.97264411731e-05, 3.0289435017e-05, 3.07957270707e-05, 3.00348528981e-05, 1.63243821589e-05, 1.23880572573e-05, 8.33337344375e-06, 1.07991982077e-05, 9.00244140212e-06, 9.74362865236e-06, 9.76864521363e-06, 9.39356868912e-06, 8.21046251076e-06, 6.46910939395e-06, 6.05814648225e-06, 6.17675641479e-06, 5.85123780183e-06, 4.23377878178e-06, 3.6101735077e-06, 4.79929440189e-06, 4.65796620119e-06, 7.63052412367e-06, 7.70644874137e-06, 3.82667576559e-06, 3.66263452634e-06, 4.72470128443e-06, 5.12844599143e-06], "dvar": [0.000115571514471, 3.60083795385e-05, 6.58826229483e-06, 3.43399642588e-06, 3.1596800909e-07, 7.21569435314e-08, 2.08702086724e-08, 1.68893492969e-07, 1.64563260796e-08, 1.4367940171e-09, 6.86284096219e-09, 1.08617985717e-08, 2.79920908675e-09, 4.57902560314e-09, 4.18071088859e-09, 4.31005497958e-09, 3.88010557018e-09, 1.18876930522e-09, 7.31825655631e-10, 2.06263103819e-10, 3.14685444369e-10, 4.59380505857e-10, 4.64831645397e-10, 3.15408005269e-10, 4.90712526169e-10, 2.42409814444e-10, 1.2281546613e-10, 1.39471989513e-10, 1.55537860369e-10, 1.72330691384e-10, 6.9169517336e-11, 4.59171312084e-11, 7.28856835996e-11, 7.10813699567e-11, 1.52235932194e-10, 1.76161210619e-10, 4.66150694434e-11, 4.32222556357e-11, 5.48631209907e-11, 8.39614350268e-11], "dvar2": [0.000218711807975, 8.56200567796e-05, 1.802758743e-05, 7.11225038685e-06, 4.99590385061e-07, 1.94925590336e-07, 5.44631575394e-08, 4.64903365582e-07, 4.48285781829e-08, 2.57325338815e-09, 1.80942443251e-08, 2.80857506141e-08, 6.52583009852e-09, 9.00546393012e-09, 7.53630668981e-09, 6.8252639096e-09, 8.11182232496e-09, 2.81072720654e-09, 1.743216127e-09, 4.25223661837e-10, 6.49523990148e-10, 9.53748080512e-10, 1.05699138331e-09, 7.03904101673e-10, 1.18669019056e-09, 5.50933187959e-10, 2.5018009886e-10, 2.84985868237e-10, 3.33524124985e-10, 3.95021820809e-10, 1.51709853013e-10, 7.77324871137e-11, 1.43825701349e-10, 1.54503909666e-10, 3.87548493297e-10, 4.19687812281e-10, 1.03487975134e-10, 9.82703779462e-11, 1.36328809353e-10, 2.10759243391e-10], "max": [0.121374897659, 0.0640074759722, 0.0249547101557, 0.0262088943273, 0.0137955583632, 0.00474634859711, 0.00257677375339, 0.00959881208837, 0.00309759448282, 0.000835735001601, 0.00451434776187, 0.00332908821292, 0.000829290656839, 0.00104069407098, 0.00115394277964, 0.00188935582992, 0.0012987672817, 0.000583611021284, 0.00054051267216, 0.000204162948648, 0.000381980731618, 0.000323672982631, 0.000298951461446, 0.000216218933929, 0.000242879381403, 0.000218743123696, 0.000133624998853, 0.000123799371067, 0.000141847849591, 0.000144284946145, 9.06319110072e-05, 6.67005660944e-05, 8.51195509313e-05, 0.000118960604595, 0.000199362897547, 0.00022418278968, 9.62004851317e-05, 9.84432335827e-05, 8.34222082631e-05, 0.000175833309186], "mean": [0.00573614099994, 0.00299349031411, 0.00125680700876, 0.00148966931738, 0.000484818476252, 9.48945744312e-05, 0.000113302499813, 6.04458982707e-05, 3.72714457626e-05, 4.21254444518e-05, 3.1890169339e-05, 3.83470469387e-05, 3.6656831071e-05, 4.10360007663e-05, 3.23005697282e-05, 3.5503107938e-05, 2.73470432148e-05, 1.23373183669e-05, 1.03137963379e-05, 8.9628083515e-06, 1.24126245282e-05, 7.28381337467e-06, 7.53685117161e-06, 8.6242589532e-06, 5.93889717493e-06, 5.86796750213e-06, 6.22407651463e-06, 5.13551412951e-06, 4.94078221891e-06, 4.15778595197e-06, 3.8913735807e-06, 3.80102665076e-06, 4.71856674267e-06, 4.34139155914e-06, 6.48165496386e-06, 6.59431407257e-06, 3.61067600352e-06, 3.65482082998e-06, 3.70064412891e-06, 3.78739878215e-06], "median": [0.000680008612107, 0.000292464479571, 0.000129145948449, 0.000372011039872, 0.000111820132588, 2.49779677688e-05, 3.31598530465e-05, 1.8596812879e-05, 1.46059310282e-05, 1.5910332877e-05, 1.55179423018e-05, 1.32269124151e-05, 1.2692978089e-05, 7.88276065578e-06, 7.4259342e-06, 6.51282425679e-06, 4.50909465144e-06, 2.55465624832e-06, 2.77836034002e-06, 3.23823633153e-06, 5.3586049944e-06, 1.86820329873e-06, 1.55748932684e-06, 3.02608714264e-06, 1.254256631e-06, 1.95352004084e-06, 2.35147149397e-06, 1.56933697326e-06, 1.59536580213e-06, 1.09384541247e-06, 1.33199114316e-06, 1.08166705104e-06, 1.41409736898e-06, 1.12231009552e-06, 1.46708293869e-06, 1.33285948323e-06, 9.35344473874e-07, 1.13859005069e-06, 9.69028064901e-07, 1.02904039068e-06], "min": [1.4340271678e-23, 2.56142859824e-24, 4.49411986945e-25, 8.45904305025e-24, 7.36327028782e-24, 1.09428394524e-23, 5.45350272288e-24, 9.08930031503e-24, 8.28840849214e-24, 1.23210157414e-23, 4.58391452578e-24, 1.30232360534e-23, 7.46317636602e-24, 9.66199676614e-24, 1.22145652731e-23, 9.22897839349e-24, 1.11431257142e-23, 1.36709074227e-23, 1.20657442968e-23, 9.26240400777e-24, 1.06283908181e-23, 9.68591108448e-24, 1.41413178022e-23, 9.12388871028e-24, 1.00738965435e-23, 1.5101927926e-23, 9.16419240279e-24, 6.90069487477e-24, 1.03356989676e-23, 1.4517508213e-23, 9.22736280636e-24, 1.19399186158e-23, 1.18535541239e-23, 9.86913034061e-24, 9.91559503678e-24, 1.44767162156e-23, 9.90054278185e-24, 1.0671601463e-23, 1.00952825626e-23, 7.08186309255e-24], "var": [0.00023003599199, 4.24232603109e-05, 6.77813341099e-06, 9.05887100089e-06, 1.09438292384e-06, 6.70903332889e-08, 4.9138705549e-08, 1.12252998008e-07, 1.22285035431e-08, 5.7175011392e-09, 6.22816909157e-09, 1.01085415594e-08, 4.67636462886e-09, 8.10366262982e-09, 7.44179962098e-09, 9.88056481077e-09, 5.9607181413e-09, 1.28757571272e-09, 8.22313384052e-10, 3.37555039476e-10, 4.60750715359e-10, 5.43678380094e-10, 5.26745425056e-10, 3.88495124959e-10, 4.51011616942e-10, 2.50372222954e-10, 1.65077423953e-10, 1.72730302284e-10, 1.73877343079e-10, 1.7304775668e-10, 9.11860378872e-11, 7.68490410197e-11, 1.12100523308e-10, 1.1013658735e-10, 2.82497608639e-10, 3.38575029124e-10, 7.40435837643e-11, 6.91319085311e-11, 6.60528645668e-11, 8.32166141551e-11]}, "mfcc": {"mean": [-679.398864746, 74.6379241943, 26.3777198792, 17.3885307312, 11.3560590744, 13.0006256104, 9.38661670685, 7.4499373436, -0.334541112185, -0.617984652519, -4.5067615509, -2.82175898552, -0.244720891118], "cov": [[8899.82226562, 1230.83300781, 765.412963867, 196.190826416, 287.671600342, 308.573699951, 224.507675171, 17.8062877655, -182.923980713, -140.206832886, -33.4107093811, 30.4779186249, 52.0950660706], [1230.83300781, 1855.12866211, 226.449127197, 217.507324219, 35.865196228, 102.703559875, 31.1991176605, -90.7450637817, -68.2907104492, 30.6827754974, 128.970794678, 148.612945557, 83.6322631836], [765.412963867, 226.449127197, 929.020874023, 357.65133667, 356.696289062, 189.89805603, 156.866287231, 144.263748169, 53.495010376, -13.0341787338, -70.6020355225, -42.0486755371, 20.3957195282], [196.190826416, 217.507324219, 357.65133667, 393.872772217, 244.737243652, 108.885116577, 97.7392120361, 80.2667694092, 84.1338424683, 11.8993597031, -33.303440094, -34.5668754578, -25.9968795776], [287.671600342, 35.865196228, 356.696289062, 244.737243652, 296.178497314, 190.301757812, 148.686340332, 101.961608887, 70.1444778442, 35.9022789001, 0.935148239136, -15.3206424713, -1.54452514648], [308.573699951, 102.703559875, 189.89805603, 108.885116577, 190.301757812, 230.716537476, 176.688278198, 75.3513565063, 23.6884994507, 33.1004219055, 41.8760681152, 21.8972396851, 18.88306427], [224.507675171, 31.1991176605, 156.866287231, 97.7392120361, 148.686340332, 176.688278198, 215.683685303, 113.995559692, 49.9209251404, 33.2975692749, 17.6428031921, 5.71413564682, 19.7489147186], [17.8062877655, -90.7450637817, 144.263748169, 80.2667694092, 101.961608887, 75.3513565063, 113.995559692, 175.665313721, 129.950088501, 52.6891746521, -1.3728325367, -21.3908748627, -3.17523097992], [-182.923980713, -68.2907104492, 53.495010376, 84.1338424683, 70.1444778442, 23.6884994507, 49.9209251404, 129.950088501, 187.314422607, 112.5574646, 28.0882549286, -6.45672082901, -4.25413703918], [-140.206832886, 30.6827754974, -13.0341787338, 11.8993597031, 35.9022789001, 33.1004219055, 33.2975692749, 52.6891746521, 112.5574646, 164.178421021, 105.525108337, 53.0054969788, 34.051864624], [-33.4107093811, 128.970794678, -70.6020355225, -33.303440094, 0.935148239136, 41.8760681152, 17.6428031921, -1.3728325367, 28.0882549286, 105.525108337, 167.187973022, 109.676765442, 42.4956703186], [30.4779186249, 148.612945557, -42.0486755371, -34.5668754578, -15.3206424713, 21.8972396851, 5.71413564682, -21.3908748627, -6.45672082901, 53.0054969788, 109.676765442, 134.116271973, 83.6569747925], [52.0950660706, 83.6322631836, 20.3957195282, -25.9968795776, -1.54452514648, 18.88306427, 19.7489147186, -3.17523097992, -4.25413703918, 34.051864624, 42.4956703186, 83.6569747925, 134.287521362]], "icov": [[0.00013918307377, -9.92428758764e-05, -8.06524258223e-05, 0.000145773956319, -0.000130591724883, -6.00341263635e-06, -5.77293467359e-05, -5.13170234626e-05, 0.000106459978269, 7.93164799688e-05, 3.03070537484e-05, 3.49148103851e-06, 2.63956935669e-05], [-9.92428758764e-05, 0.000905992055777, -0.000284235866275, -0.00121263891924, 0.00169947464019, -0.00104441260919, 0.000198456793441, 0.000520563393366, 9.8182601505e-05, -0.000190769642359, -0.000407347542932, -0.000472520885523, -9.30363457883e-05], [-8.06524258223e-05, -0.000284235866275, 0.00273210066371, -0.000625725311693, -0.00313472351991, 0.000694233109243, 0.000963151745964, -0.00259363721125, 0.00212952774018, -0.00065052008722, 0.0012545742793, -7.65031654737e-05, -0.000781367591117], [0.000145773956319, -0.00121263891924, -0.000625725311693, 0.00860987231135, -0.00821830704808, 0.00434676604345, -0.00241363234818, 0.00296589662321, -0.00458961399272, 0.00272667198442, 0.000624692242127, -0.000430148851592, 0.00141330389306], [-0.000130591724883, 0.00169947464019, -0.00313472351991, -0.00821830704808, 0.0219242945313, -0.0138993877918, 0.00269763567485, -2.61744498857e-05, -0.00065525691025, -0.00227299937978, -0.00019153401081, 0.000874625286087, -0.000241964211455], [-6.00341263635e-06, -0.00104441260919, 0.000694233109243, 0.00434676604345, -0.0138993877918, 0.023530524224, -0.0133757991716, 0.00190535746515, 0.00160205049906, 0.00161193765234, -0.00407135672867, 0.000281598797301, 0.000687305990141], [-5.77293467359e-05, 0.000198456793441, 0.000963151745964, -0.00241363234818, 0.00269763567485, -0.0133757991716, 0.0190818347037, -0.0108854267746, 0.00535433739424, -0.00300584617071, 0.00253924285062, -0.00021356207435, -0.00160518125631], [-5.13170234626e-05, 0.000520563393366, -0.00259363721125, 0.00296589662321, -2.61744498857e-05, 0.00190535746515, -0.0108854267746, 0.0254231784493, -0.0196725875139, 0.00803762581199, -0.00334367505275, 0.0025859309826, -0.000616620585788], [0.000106459978269, 9.8182601505e-05, 0.00212952774018, -0.00458961399272, -0.00065525691025, 0.00160205049906, 0.00535433739424, -0.0196725875139, 0.0290613770485, -0.0180248916149, 0.00623995345086, -0.00225312216207, 0.00212047575042], [7.93164799688e-05, -0.000190769642359, -0.00065052008722, 0.00272667198442, -0.00227299937978, 0.00161193765234, -0.00300584617071, 0.00803762581199, -0.0180248916149, 0.0255398508161, -0.0157763827592, 0.00673610717058, -0.00515717687085], [3.03070537484e-05, -0.000407347542932, 0.0012545742793, 0.000624692242127, -0.00019153401081, -0.00407135672867, 0.00253924285062, -0.00334367505275, 0.00623995345086, -0.0157763827592, 0.0279660020024, -0.0206299982965, 0.00849021784961], [3.49148103851e-06, -0.000472520885523, -7.65031654737e-05, -0.000430148851592, 0.000874625286087, 0.000281598797301, -0.00021356207435, 0.0025859309826, -0.00225312216207, 0.00673610717058, -0.0206299982965, 0.0315335430205, -0.0146111976355], [2.63956935669e-05, -9.30363457883e-05, -0.000781367591117, 0.00141330389306, -0.000241964211455, 0.000687305990141, -0.00160518125631, -0.000616620585788, 0.00212047575042, -0.00515717687085, 0.00849021784961, -0.0146111976355, 0.0157992169261]]}, "spectral_contrast_coeffs": {"dmean": [0.052861571312, 0.045682772994, 0.0373657159507, 0.0281823351979, 0.0207496602088, 0.0152008803561], "dmean2": [0.083991907537, 0.0743012651801, 0.0590475089848, 0.0440236628056, 0.0343720763922, 0.0248541105539], "dvar": [0.00265810801648, 0.00162640074268, 0.00119117111899, 0.000715395668522, 0.00044916049228, 0.000293026125291], "dvar2": [0.00549688562751, 0.00398067664355, 0.00274740741588, 0.00146685692016, 0.00108049379196, 0.000672533118632], "max": [-0.177300482988, -0.388047754765, -0.487777799368, -0.474096298218, -0.603585481644, -0.616404533386], "mean": [-0.660536050797, -0.748934805393, -0.760599732399, -0.779251217842, -0.782244563103, -0.792059659958], "median": [-0.676347434521, -0.762179255486, -0.766148746014, -0.799839735031, -0.793792426586, -0.802513718605], "min": [-0.948243200779, -0.966758549213, -0.95850622654, -0.969162106514, -0.962388277054, -0.962015151978], "var": [0.0144784096628, 0.00755229126662, 0.005133964587, 0.00545609695837, 0.00267451466061, 0.00170000921935]}, "spectral_contrast_valleys": {"dmean": [0.563472509384, 0.515984833241, 0.446378320456, 0.380666613579, 0.311469078064, 0.355549573898], "dmean2": [0.842003941536, 0.788058519363, 0.655199170113, 0.545093774796, 0.431150019169, 0.460510760546], "dvar": [0.420655608177, 0.38781028986, 0.285083651543, 0.236743494868, 0.202160462737, 0.298855662346], "dvar2": [0.736005604267, 0.718484520912, 0.480992168188, 0.356146126986, 0.304985076189, 0.507309913635], "max": [-4.57112932205, -4.87042665482, -5.18450117111, -5.41663599014, -5.38872098923, -7.09371137619], "mean": [-7.69782972336, -7.91684055328, -8.15494918823, -8.64