{"lowlevel": {"average_loudness": 0.938047945499, "barkbands_crest": {"dmean": 2.43741846085, "dmean2": 3.96368741989, "dvar": 5.42842054367, "dvar2": 14.2038698196, "max": 25.6810493469, "mean": 9.71684932709, "median": 9.23792743683, "min": 2.18963909149, "var": 12.1336269379}, "barkbands_flatness_db": {"dmean": 0.0237153246999, "dmean2": 0.0339363366365, "dvar": 0.000539321103133, "dvar2": 0.00107838935219, "max": 0.375604242086, "mean": 0.129428803921, "median": 0.128727003932, "min": 0.0104897683486, "var": 0.0027853322681}, "barkbands_kurtosis": {"dmean": 3.52713179588, "dmean2": 5.59814119339, "dvar": 37.7063751221, "dvar2": 90.1288833618, "max": 105.797286987, "mean": 5.45593738556, "median": 2.92385578156, "min": -1.91231238842, "var": 68.0676193237}, "barkbands_skewness": {"dmean": 0.593747913837, "dmean2": 0.901003777981, "dvar": 0.467469781637, "dvar2": 1.02041351795, "max": 8.77976894379, "mean": 1.72476005554, "median": 1.60160636902, "min": -3.35620617867, "var": 1.48073470592}, "barkbands_spread": {"dmean": 6.86657524109, "dmean2": 10.2135429382, "dvar": 86.9613952637, "dvar2": 180.110992432, "max": 109.010421753, "mean": 21.5595569611, "median": 16.0193061829, "min": 1.35659706593, "var": 268.784942627}, "dissonance": {"dmean": 0.0186193305999, "dmean2": 0.0303854122758, "dvar": 0.000346737506334, "dvar2": 0.000920236518141, "max": 0.500000119209, "mean": 0.461733102798, "median": 0.469263613224, "min": 0.220714718103, "var": 0.000927971443161}, "dynamic_complexity": 5.11881160736, "erbbands_crest": {"dmean": 2.3625190258, "dmean2": 3.78355169296, "dvar": 5.83299875259, "dvar2": 14.0931739807, "max": 30.9281177521, "mean": 8.49300193787, "median": 7.55319786072, "min": 2.18194293976, "var": 18.0454826355}, "erbbands_flatness_db": {"dmean": 0.0222912300378, "dmean2": 0.0285187717527, "dvar": 0.000425778795034, "dvar2": 0.000725716992747, "max": 0.349064409733, "mean": 0.136167943478, "median": 0.132890149951, "min": 0.0306307561696, "var": 0.00275264098309}, "erbbands_kurtosis": {"dmean": 1.00462889671, "dmean2": 1.57097446918, "dvar": 2.46510148048, "dvar2": 5.68277025223, "max": 39.0670013428, "mean": 0.647701323032, "median": -0.156582832336, "min": -1.77430212498, "var": 6.11347389221}, "erbbands_skewness": {"dmean": 0.371706873178, "dmean2": 0.559118807316, "dvar": 0.161127403378, "dvar2": 0.343113750219, "max": 4.72475004196, "mean": 0.488025099039, "median": 0.484234780073, "min": -5.09373092651, "var": 0.637149870396}, "erbbands_spread": {"dmean": 10.1301145554, "dmean2": 14.8068780899, "dvar": 138.674209595, "dvar2": 286.515960693, "max": 136.528701782, "mean": 41.7434692383, "median": 36.5546035767, "min": 4.47920656204, "var": 484.456176758}, "hfc": {"dmean": 8.96063327789, "dmean2": 12.6100254059, "dvar": 213.16178894, "dvar2": 466.530487061, "max": 193.019165039, "mean": 19.3802394867, "median": 12.7711038589, "min": 1.14812642553e-16, "var": 454.027587891}, "melbands_crest": {"dmean": 3.11485290527, "dmean2": 5.14040136337, "dvar": 8.3745174408, "dvar2": 21.4762172699, "max": 29.5752620697, "mean": 13.7450561523, "median": 12.9836139679, "min": 1.87217819691, "var": 24.5466976166}, "melbands_flatness_db": {"dmean": 0.0277474373579, "dmean2": 0.0406864956021, "dvar": 0.000854861049447, "dvar2": 0.00165072432719, "max": 0.50171816349, "mean": 0.209480419755, "median": 0.211138665676, "min": 0.00588383339345, "var": 0.0048087798059}, "melbands_kurtosis": {"dmean": 8.90225124359, "dmean2": 14.2990036011, "dvar": 313.046081543, "dvar2": 768.817504883, "max": 242.784698486, "mean": 15.6206817627, "median": 9.58108234406, "min": -1.80098819733, "var": 462.725860596}, "melbands_skewness": {"dmean": 0.811576366425, "dmean2": 1.24162876606, "dvar": 1.04100108147, "dvar2": 2.34996175766, "max": 12.6931772232, "mean": 2.77512550354, "median": 2.52305746078, "min": -1.60910379887, "var": 2.99041748047}, "melbands_spread": {"dmean": 6.82211112976, "dmean2": 10.3302516937, "dvar": 152.417770386, "dvar2": 290.293548584, "max": 202.585067749, "mean": 20.8389377594, "median": 15.4646635056, "min": 0.89391040802, "var": 498.738586426}, "pitch_salience": {"dmean": 0.0676034837961, "dmean2": 0.110750995576, "dvar": 0.00388329057023, "dvar2": 0.00993707031012, "max": 0.972456097603, "mean": 0.564420163631, "median": 0.570940673351, "min": 0.0790830031037, "var": 0.0108695290983}, "silence_rate_20dB": {"dmean": 0, "dmean2": 0, "dvar": 0, "dvar2": 0, "max": 1, "mean": 1, "median": 1, "min": 1, "var": 0}, "silence_rate_30dB": {"dmean": 0.00915264245123, "dmean2": 0.0183079876006, "dvar": 0.00906899478287, "dvar2": 0.0259460024536, "max": 1, "mean": 0.994833946228, "median": 1, "min": 0, "var": 0.00513937743381}, "silence_rate_60dB": {"dmean": 0.0200767647475, "dmean2": 0.0401594564319, "dvar": 0.0196743384004, "dvar2": 0.0412058793008, "max": 1, "mean": 0.0910701081157, "median": 0, "min": 0, "var": 0.0827823802829}, "spectral_centroid": {"dmean": 250.328826904, "dmean2": 380.009796143, "dvar": 129230.742188, "dvar2": 239104.125, "max": 10792.796875, "mean": 1152.82165527, "median": 959.072021484, "min": 174.117034912, "var": 521079}, "spectral_complexity": {"dmean": 3.98937106133, "dmean2": 5.63265895844, "dvar": 28.5289916992, "dvar2": 53.9302482605, "max": 63, "mean": 16.0252399445, "median": 15, "min": 0, "var": 93.0191802979}, "spectral_decrease": {"dmean": 3.20395088238e-09, "dmean2": 5.11071718279e-09, "dvar": 3.16499452483e-17, "dvar2": 8.00129424242e-17, "max": -3.6676844119e-29, "mean": -6.62055210654e-09, "median": -5.04493780085e-09, "min": -4.60336160302e-08, "var": 4.04536913734e-17}, "spectral_energy": {"dmean": 0.0127510353923, "dmean2": 0.0201964322478, "dvar": 0.000483490148326, "dvar2": 0.00122058962006, "max": 0.176924243569, "mean": 0.0267452951521, "median": 0.0206354800612, "min": 1.05522679495e-20, "var": 0.000633790681604}, "spectral_energyband_high": {"dmean": 0.000661754049361, "dmean2": 0.000905842403881, "dvar": 2.10574353332e-06, "dvar2": 4.18596664531e-06, "max": 0.0259215794504, "mean": 0.000979682779871, "median": 0.0002506224846, "min": 7.59710462667e-21, "var": 4.13665156884e-06}, "spectral_energyband_low": {"dmean": 0.00693615106866, "dmean2": 0.0114601943642, "dvar": 0.000326482288074, "dvar2": 0.000833644648083, "max": 0.161793529987, "mean": 0.00963932927698, "median": 0.00551899569109, "min": 9.99204228493e-23, "var": 0.000290507974569}, "spectral_energyband_middle_high": {"dmean": 0.00150763581041, "dmean2": 0.00229173130356, "dvar": 7.70042242948e-06, "dvar2": 1.9187835278e-05, "max": 0.0517292097211, "mean": 0.00372212519869, "median": 0.00188819447067, "min": 1.68029967849e-21, "var": 2.50345074164e-05}, "spectral_energyband_middle_low": {"dmean": 0.00654713669792, "dmean2": 0.0105688814074, "dvar": 0.000128291343572, "dvar2": 0.000332899944624, "max": 0.11675144732, "mean": 0.0133733088151, "median": 0.00931331049651, "min": 2.47083478636e-22, "var": 0.000196265769773}, "spectral_entropy": {"dmean": 0.210511311889, "dmean2": 0.281893968582, "dvar": 0.0500888451934, "dvar2": 0.0847864300013, "max": 9.79705142975, "mean": 7.53267335892, "median": 7.5152797699, "min": 5.74541759491, "var": 0.264121681452}, "spectral_flux": {"dmean": 0.032016120851, "dmean2": 0.0477152131498, "dvar": 0.00191642192658, "dvar2": 0.00373628223315, "max": 0.360721319914, "mean": 0.0812915340066, "median": 0.0632433667779, "min": 1.02724231898e-10, "var": 0.00399503856897}, "spectral_kurtosis": {"dmean": 1.76669371128, "dmean2": 2.69822645187, "dvar": 5.2367682457, "dvar2": 12.2985973358, "max": 53.0262489319, "mean": 5.58543872833, "median": 4.78955364227, "min": -1.20889091492, "var": 14.687666893}, "spectral_rms": {"dmean": 0.00102120544761, "dmean2": 0.0015328793088, "dvar": 2.06983736462e-06, "dvar2": 4.92785557071e-06, "max": 0.0131380753592, "mean": 0.00457115378231, "median": 0.0044868895784, "min": 3.20856600837e-12, "var": 5.19766763318e-06}, "spectral_rolloff": {"dmean": 583.619140625, "dmean2": 936.198120117, "dvar": 1310004.375, "dvar2": 2731968, "max": 18432.421875, "mean": 1433.45812988, "median": 753.662109375, "min": 86.1328125, "var": 3289460}, "spectral_skewness": {"dmean": 0.250702053308, "dmean2": 0.374695986509, "dvar": 0.0800275355577, "dvar2": 0.170154675841, "max": 6.04880046844, "mean": 1.79688608646, "median": 1.79334259033, "min": -0.197628960013, "var": 0.342565983534}, "spectral_spread": {"dmean": 845895.9375, "dmean2": 1099807.875, "dvar": 1008788439040.0, "dvar2": 1634290237440.0, "max": 40644876, "mean": 5111880.5, "median": 4835795.5, "min": 1636321.5, "var": 3344359751680.0}, "spectral_strongpeak": {"dmean": 0.415856063366, "dmean2": 0.68904876709, "dvar": 0.423928648233, "dvar2": 1.0247181654, "max": 6.9197845459, "mean": 0.818709552288, "median": 0.400929540396, "min": 0, "var": 0.952812433243}, "zerocrossingrate": {"dmean": 0.0143123203889, "dmean2": 0.0156867112964, "dvar": 0.000312683929224, "dvar2": 0.000332914030878, "max": 0.50439453125, "mean": 0.06363209337, "median": 0.0478515625, "min": 0.0048828125, "var": 0.00232874322683}, "barkbands": {"dmean": [0.000174836575752, 0.00313945836388, 0.00369694759138, 0.00144199270289, 0.00331316282973, 0.00100702396594, 0.000947621418163, 0.00115910137538, 0.00101867422927, 0.000451610976597, 0.000355716678314, 0.000239813700318, 0.000202351351618, 0.00019496679306, 0.000233462138567, 0.000166302357684, 0.000168857935932, 0.000192368490389, 0.000138950141263, 0.000114020978799, 0.00014721644402, 0.000161472780746, 0.000122295721667, 7.64350988902e-05, 6.03335138294e-05, 8.28099873615e-05, 4.01879187848e-05], "dmean2": [0.000273782759905, 0.00509480806068, 0.00673891231418, 0.00251448876224, 0.00557004194707, 0.00161492126063, 0.00146476936061, 0.00178179820068, 0.00153558491729, 0.000696996576153, 0.000555120932404, 0.000377192132873, 0.000318805628922, 0.000308436545311, 0.00036062268191, 0.000254357757512, 0.000271475233603, 0.000319263286656, 0.000227261611144, 0.000177319016075, 0.000227260403335, 0.000248139811447, 0.000173512773472, 0.000106272746052, 8.42053996166e-05, 0.000117128431157, 5.80734740652e-05], "dvar": [2.02700832119e-07, 5.62326968065e-05, 0.000111622975965, 1.16327164505e-05, 6.07886104262e-05, 3.56501072929e-06, 6.58221824779e-06, 1.19041787912e-05, 6.02881391387e-06, 2.52023005487e-06, 1.69845839082e-06, 2.60079843883e-07, 2.73830096376e-07, 2.50298143101e-07, 2.91152929321e-07, 2.35594868059e-07, 2.46952964744e-07, 2.69537679287e-07, 1.33869022534e-07, 7.98773243105e-08, 1.75012758064e-07, 1.81512106678e-07, 1.67148513697e-07, 4.94945275875e-08, 1.70461404991e-08, 2.6529708208e-08, 8.51025916404e-09], "dvar2": [4.89823889893e-07, 0.000127952633193, 0.000318521575537, 3.23102722177e-05, 0.000164246317581, 8.75428304425e-06, 1.44864370668e-05, 2.7870928534e-05, 1.4286764781e-05, 6.21800063527e-06, 4.22811808676e-06, 6.31943748886e-07, 6.43115242838e-07, 6.23443099812e-07, 6.66798996463e-07, 5.62952777727e-07, 6.04749516242e-07, 7.08016216322e-07, 3.21112452184e-07, 1.83086299899e-07, 4.2187880922e-07, 4.37510152551e-07, 3.10680036364e-07, 1.00428351857e-07, 3.52770150869e-08, 5.70252396415e-08, 1.81057817628e-08], "max": [0.00487855542451, 0.0761547610164, 0.0898070037365, 0.0322035700083, 0.0870032384992, 0.0276874192059, 0.0599744170904, 0.105945050716, 0.0488539226353, 0.0454526804388, 0.0439532808959, 0.0120688965544, 0.0137458518147, 0.0114263845608, 0.00995722785592, 0.0115182567388, 0.0181572344154, 0.0195663161576, 0.00775458198041, 0.00678784679621, 0.0123272845522, 0.00803466700017, 0.0118547882885, 0.00752222491428, 0.00251635629684, 0.00216249423102, 0.00102009135298], "mean": [0.000161324060173, 0.00484799733385, 0.00372960744426, 0.00157778675202, 0.00431998958811, 0.00189192546532, 0.00171157775912, 0.00179520470556, 0.00193466572091, 0.000713911140338, 0.000597069389187, 0.000440691888798, 0.000355546246283, 0.000287033122731, 0.000377203890821, 0.000270867254585, 0.00024185347138, 0.000277552666375, 0.000163952412549, 0.00016063163639, 0.000184258256922, 0.000197923945962, 0.000175930428668, 0.000116101909953, 8.27145195217e-05, 9.12889663596e-05, 4.07671432185e-05], "median": [2.68300082098e-05, 0.00276885204948, 0.00136349292006, 0.000731788866688, 0.00199778424576, 0.000661545898765, 0.000410270295106, 0.000469100719783, 0.000493737636134, 0.000159554518177, 0.000148695311509, 0.000206053111469, 9.25776475924e-05, 7.07795479684e-05, 0.000107467611087, 8.2246515376e-05, 7.24119090592e-05, 0.000119322947285, 4.89892590849e-05, 4.43137469119e-05, 4.28418134106e-05, 4.04665843234e-05, 3.07226619043e-05, 3.11194089591e-05, 1.49194811456e-05, 1.43725683301e-05, 3.28553051077e-06], "min": [1.40712211999e-22, 2.30675203362e-23, 1.29396767509e-23, 3.19402187738e-24, 2.41815276185e-23, 2.39206623612e-23, 5.86857734983e-23, 3.60849653617e-23, 5.28478998771e-23, 1.61052719072e-22, 7.13968849016e-23, 6.77099825335e-23, 9.5870347853e-23, 7.63069381915e-23, 1.80604264266e-22, 1.56843319416e-22, 1.29150275297e-22, 2.71912679991e-22, 3.36098114041e-22, 2.82146010845e-22, 4.45407477343e-22, 4.91702025691e-22, 5.54917223936e-22, 9.19507378287e-22, 1.04870850671e-21, 1.70667312871e-21, 2.3938522109e-21], "var": [1.93340852661e-07, 6.15130411461e-05, 7.25837089703e-05, 8.7051976152e-06, 5.23372691532e-05, 8.78570335772e-06, 1.62100204761e-05, 2.17174674617e-05, 1.47746532093e-05, 4.29379542766e-06, 3.23960080095e-06, 6.1726518652e-07, 7.27066378658e-07, 4.23826492124e-07, 5.93938125348e-07, 4.53396467037e-07, 3.24923064454e-07, 2.71898215942e-07, 1.69783973547e-07, 1.27865874333e-07, 2.11559608942e-07, 2.24199183663e-07, 3.4306523844e-07, 1.03335743518e-07, 3.1653080157e-08, 3.63251615454e-08, 1.03616191183e-08]}, "erbbands": {"dmean": [0.0909715667367, 0.796545147896, 3.58137893677, 5.14302158356, 7.19853878021, 14.0974807739, 6.35052347183, 9.73568725586, 12.7489938736, 17.4003925323, 26.9648895264, 20.1445617676, 15.2759037018, 14.9834423065, 10.1405057907, 8.40884876251, 8.35942649841, 9.42716598511, 9.34578418732, 11.6194353104, 9.02389240265, 9.57940673828, 10.0256671906, 8.07494068146, 6.38426160812, 5.62218427658, 4.95063018799, 7.01282119751, 5.28194713593, 4.46378040314, 3.52315735817, 1.94296348095, 1.18774247169, 0.751527547836, 0.397566944361, 0.304843515158, 0.145124927163, 0.0577958673239, 0.0077668633312, 0.000166766389157], "dmean2": [0.144387081265, 1.33862304688, 6.46211624146, 9.27135372162, 12.1477651596, 23.8882713318, 10.3189125061, 15.6146345139, 19.8625507355, 26.4783496857, 40.9624023438, 30.8969039917, 23.6634159088, 23.5195789337, 15.5506801605, 13.1805992126, 12.9261026382, 15.1529388428, 14.1502256393, 17.765832901, 13.6989192963, 15.4063644409, 16.3936672211, 13.3997535706, 10.0916795731, 8.87486934662, 7.44756174088, 11.5146379471, 8.21626377106, 6.2926607132, 5.08207464218, 2.66426372528, 1.68774449825, 1.05805444717, 0.555045187473, 0.43868303299, 0.205373719335, 0.0829390212893, 0.0111810034141, 0.000236284002312], "dvar": [0.0567054860294, 3.79364490509, 99.7494735718, 210.171173096, 213.940505981, 1213.58532715, 161.207778931, 357.466278076, 1126.05444336, 3139.17529297, 5848.53515625, 2546.98266602, 1742.3581543, 3381.0859375, 705.491516113, 295.175750732, 451.243865967, 575.408203125, 528.716064453, 965.865661621, 560.400085449, 817.568847656, 862.031677246, 488.838806152, 281.325256348, 181.715698242, 179.909545898, 392.561553955, 192.65663147, 179.97277832, 136.927093506, 40.507270813, 10.2654619217, 2.9408864975, 0.727232992649, 0.434254437685, 0.0752446353436, 0.0160508751869, 0.000313960306812, 1.26966526182e-07], "dvar2": [0.134198650718, 9.30605220795, 282.039001465, 596.863037109, 569.969604492, 3322.86254883, 391.392944336, 893.81262207, 2533.61254883, 6632.76953125, 13698.2373047, 6196.73632812, 4203.76123047, 8700.25195312, 1614.03881836, 718.465332031, 1013.63006592, 1480.66186523, 1182.20410156, 2208.8918457, 1254.80285645, 1998.1986084, 2269.10766602, 1249.00085449, 642.497802734, 419.256652832, 409.019866943, 997.778930664, 473.769744873, 348.770507812, 261.291351318, 77.1923294067, 21.8017597198, 6.11858272552, 1.52271533012, 0.983098804951, 0.157500624657, 0.0340012088418, 0.000686560582835, 2.66358568979e-07], "max": [2.48302459717, 22.0342540741, 86.7265396118, 135.665420532, 156.941268921, 465.821502686, 197.402282715, 320.513763428, 671.465576172, 2196.36376953, 2440.74462891, 1132.76513672, 1063.16760254, 1462.33825684, 896.737670898, 442.58996582, 568.760253906, 645.224487305, 461.347442627, 1033.94140625, 501.900238037, 1052.3918457, 1166.58178711, 585.807739258, 460.562652588, 321.571533203, 361.659393311, 374.76260376, 293.061706543, 289.935546875, 297.555938721, 272.243377686, 79.8209686279, 33.8312301636, 17.0400867462, 11.0124158859, 3.26077604294, 1.38228344917, 0.214762896299, 0.00394992437214], "mean": [0.112111561, 1.19901120663, 4.04564094543, 5.29509401321, 8.89643287659, 17.1974716187, 11.2760696411, 18.3061771393, 23.2485771179, 30.9373531342, 45.9163856506, 37.5701408386, 27.8812599182, 26.2670059204, 19.8973331451, 16.3207702637, 15.4561576843, 15.0576000214, 16.1395816803, 19.2734584808, 15.4413061142, 14.7131271362, 15.3817005157, 10.3064422607, 8.06014442444, 7.89175987244, 6.83900213242, 7.78952789307, 6.3837928772, 6.58167934418, 4.88669157028, 2.89453101158, 1.76901865005, 1.04938626289, 0.524824738503, 0.345631271601, 0.160373911262, 0.0598378702998, 0.00774669554085, 0.000190745122381], "median": [0.0527999177575, 0.698181986809, 1.67056643963, 2.56849074364, 4.11174154282, 6.75890731812, 4.56687641144, 6.33905315399, 7.91171550751, 9.24305152893, 12.5882368088, 10.1572151184, 8.14585590363, 6.14770936966, 7.98005771637, 8.05742263794, 4.95592975616, 3.93127465248, 4.71707725525, 6.35960054398, 4.82946872711, 4.68854570389, 6.64812421799, 4.17264413834, 2.32884860039, 2.04997754097, 1.70385766029, 1.68456077576, 1.33678770065, 1.32036697865, 0.835272312164, 0.638234317303, 0.48573461175, 0.192152917385, 0.0928513407707, 0.0587944090366, 0.0252003371716, 0.00630732811987, 0.000637211778667, 4.68846374133e-05], "min": [1.75450581698e-21, 2.5068007347e-21, 1.22630600176e-20, 1.74369689282e-20, 1.91610152732e-20, 9.93337868537e-20, 2.33122347482e-19, 2.09693102866e-19, 9.0207240784e-19, 3.4832601444e-19, 1.23208490201e-18, 1.35558627619e-18, 3.36502243065e-18, 4.32375205756e-18, 3.5373477269e-18, 2.59282368624e-18, 3.60199602767e-18, 3.91870115034e-18, 9.44752425227e-18, 7.09340793361e-18, 9.7574597288e-18, 8.1712697667e-18, 1.48737430438e-17, 1.76959989214e-17, 1.34926260448e-17, 1.3884521058e-17, 1.9193698756e-17, 1.53204602793e-17, 1.94801298954e-17, 1.69940931583e-17, 1.64698459384e-17, 1.59132774632e-17, 1.61111208678e-17, 1.01020606905e-17, 8.71327407281e-18, 7.65737636653e-18, 3.15690689046e-18, 1.3373463233e-18, 3.54753414595e-19, 3.07717908712e-20], "var": [0.0553495101631, 3.6661901474, 68.5577545166, 135.56980896, 204.369827271, 1015.8626709, 344.957458496, 900.063232422, 2459.82983398, 8698.54589844, 11120.8535156, 5641.23632812, 3414.83032227, 6441.75097656, 1846.94189453, 710.990478516, 1229.62536621, 1014.46478271, 1101.66503906, 1739.17089844, 1268.20141602, 1100.70385742, 893.994262695, 477.913421631, 428.775360107, 294.152038574, 259.87487793, 401.471038818, 229.840957642, 326.646636963, 266.47567749, 91.0834960938, 19.1735591888, 5.52756214142, 1.25451505184, 0.563139498234, 0.107308454812, 0.0199949387461, 0.000370644353097, 1.60712133379e-07]}, "gfcc": {"mean": [-20.8326931, 81.5198898315, -93.4235076904, 19.7317276001, -53.5676994324, 5.6697268486, -34.3541946411, 8.14321041107, -19.318151474, -0.249295562506, -19.9740715027, 2.64013242722, -15.4272241592], "cov": [[19754.0800781, -39.8887748718, 929.581176758, 742.955810547, -4.68709564209, 756.540649414, 414.831298828, -33.6708869934, -146.678344727, 265.970306396, 113.394050598, 154.72845459, -299.393768311], [-39.8887748718, 1941.88500977, -160.221084595, -192.286209106, 216.267562866, -2.12941527367, 72.86328125, 1.53009963036, 112.325843811, -67.7909622192, 63.8744506836, -48.7518920898, 50.1154708862], [929.581176758, -160.221084595, 880.391784668, 306.442749023, 219.508651733, 198.929504395, 163.590545654, 47.7219009399, -56.9278907776, 97.4483108521, 54.6930046082, 63.0125160217, -26.8621730804], [742.955810547, -192.286209106, 306.442749023, 546.848937988, 96.3477935791, 108.968467712, 96.7378845215, 21.7919864655, -11.7733259201, 43.4916191101, 41.817276001, 21.9839439392, 3.54451131821], [-4.68709564209, 216.267562866, 219.508651733, 96.3477935791, 311.376403809, 74.6211242676, 86.7173843384, 62.6542472839, 16.1767635345, 31.2042255402, 19.0113525391, 20.8444194794, 0.926885247231], [756.540649414, -2.12941527367, 198.929504395, 108.968467712, 74.6211242676, 253.813064575, 141.9503479, 24.3704528809, -29.5742874146, 45.3381080627, 55.9222068787, 10.8454904556, -30.7450885773], [414.831298828, 72.86328125, 163.590545654, 96.7378845215, 86.7173843384, 141.9503479, 197.80140686, 51.6626205444, -12.4112577438, 31.5780544281, 42.8013687134, 12.8359365463, -22.6364803314], [-33.6708869934, 1.53009963036, 47.7219009399, 21.7919864655, 62.6542472839, 24.3704528809, 51.6626205444, 111.294029236, 49.9766540527, 16.4314804077, -1.29833769798, 6.0092754364, 3.78768181801], [-146.678344727, 112.325843811, -56.9278907776, -11.7733259201, 16.1767635345, -29.5742874146, -12.4112577438, 49.9766540527, 114.972229004, 23.4287395477, -12.9002733231, -7.68557977676, 19.56965065], [265.970306396, -67.7909622192, 97.4483108521, 43.4916191101, 31.2042255402, 45.3381080627, 31.5780544281, 16.4314804077, 23.4287395477, 84.0221633911, 32.3126106262, 12.3829660416, -6.42374849319], [113.394050598, 63.8744506836, 54.6930046082, 41.817276001, 19.0113525391, 55.9222068787, 42.8013687134, -1.29833769798, -12.9002733231, 32.3126106262, 83.4188156128, 28.5558700562, -3.651730299], [154.72845459, -48.7518920898, 63.0125160217, 21.9839439392, 20.8444194794, 10.8454904556, 12.8359365463, 6.0092754364, -7.68557977676, 12.3829660416, 28.5558700562, 70.0115432739, 19.2731246948], [-299.393768311, 50.1154708862, -26.8621730804, 3.54451131821, 0.926885247231, -30.7450885773, -22.6364803314, 3.78768181801, 19.56965065, -6.42374849319, -3.651730299, 19.2731246948, 69.1318817139]], "icov": [[7.21086325939e-05, -7.4219009548e-05, 2.13257908399e-06, -0.000110162356577, 0.000146288701217, -0.000193767657038, 4.70854356536e-05, -9.96179369395e-06, 0.000100886776636, -0.000279134721495, 0.000357674696716, -0.000387782172766, 0.000372899317881], [-7.4219009548e-05, 0.00104803789873, -3.90656859963e-05, 0.000610309245531, -0.0010835477151, 0.000333664007485, -0.000771143066231, 0.00117065105587, -0.00180554366671, 0.00213398807682, -0.00229560234584, 0.00173371902201, -0.00117656949442], [2.13257908399e-06, -3.90656859963e-05, 0.00214693392627, -0.000749508209992, -0.000836283608805, -0.000576417369302, -0.000219129753532, -0.000381325691706, 0.00150632474106, -0.00199556560256, 0.00118717702571, -0.00140969839413, 0.000458090507891], [-0.000110162356577, 0.000610309245531, -0.000749508209992, 0.0028088085819, -0.000780628994107, 0.000138954012073, -0.000887143833097, 0.000848486553878, -0.00125301920343, 0.00140509963967, -0.00207413174212, 0.00169407599606, -0.00171605614014], [0.000146288701217, -0.0010835477151, -0.000836283608805, -0.000780628994107, 0.00561530282721, -0.000651797745377, -3.73449574909e-06, -0.00260596931912, 0.00129866867792, -0.00210219365545, 0.00252112280577, -0.00224507995881, 0.00110661564395], [-0.000193767657038, 0.000333664007485, -0.000576417369302, 0.000138954012073, -0.000651797745377, 0.00831688661128, -0.0044126030989, 0.000361088954378, 0.000636363460217, -0.000407680665376, -0.00340805342421, 0.00238809990697, -0.00013308673806], [4.70854356536e-05, -0.000771143066231, -0.000219129753532, -0.000887143833097, -3.73449574909e-06, -0.0044126030989, 0.0110157737508, -0.00484772538766, 0.00253856671043, -0.00111695751548, -0.000388184853364, -0.00102083198726, 0.00207519601099], [-9.96179369395e-06, 0.00117065105587, -0.000381325691706, 0.000848486553878, -0.00260596931912, 0.000361088954378, -0.00484772538766, 0.0161786992103, -0.00894947815686, 0.00308103417046, -0.000568062649108, -4.5470387704e-06, -0.000570732576307], [0.000100886776636, -0.00180554366671, 0.00150632474106, -0.00125301920343, 0.00129866867792, 0.000636363460217, 0.00253856671043, -0.00894947815686, 0.0183107908815, -0.01021847222, 0.00566382566467, -0.000658660836052, -0.0016675532097], [-0.000279134721495, 0.00213398807682, -0.00199556560256, 0.00140509963967, -0.00210219365545, -0.000407680665376, -0.00111695751548, 0.00308103417046, -0.01021847222, 0.02348372899, -0.0112275611609, 0.00361625850201, -0.000817472231574], [0.000357674696716, -0.00229560234584, 0.00118717702571, -0.00207413174212, 0.00252112280577, -0.00340805342421, -0.000388184853364, -0.000568062649108, 0.00566382566467, -0.0112275611609, 0.0247585177422, -0.0115017183125, 0.00400311499834], [-0.000387782172766, 0.00173371902201, -0.00140969839413, 0.00169407599606, -0.00224507995881, 0.00238809990697, -0.00102083198726, -4.5470387704e-06, -0.000658660836052, 0.00361625850201, -0.0115017183125, 0.024205185473, -0.00964586064219], [0.000372899317881, -0.00117656949442, 0.000458090507891, -0.00171605614014, 0.00110661564395, -0.00013308673806, 0.00207519601099, -0.000570732576307, -0.0016675532097, -0.000817472231574, 0.00400311499834, -0.00964586064219, 0.0211323872209]]}, "melbands": {"dmean": [0.000825176190119, 0.00158313999418, 0.000877770828083, 0.000830466800835, 0.000290162570309, 0.000213615698158, 0.000192568302737, 0.000209877674934, 0.000219913956244, 0.000126284561702, 7.90780322859e-05, 6.37699122308e-05, 4.00983117288e-05, 2.90894968202e-05, 1.96468863578e-05, 2.31570556934e-05, 1.76067842403e-05, 1.54874560394e-05, 2.01168131753e-05, 1.18016669148e-05, 1.12710595204e-05, 1.03011579995e-05, 9.3370108516e-06, 9.83687459666e-06, 6.38946721665e-06, 5.40822611583e-06, 3.70824795937e-06, 4.08767255067e-06, 2.89656873065e-06, 3.82715415981e-06, 4.53542315881e-06, 3.07881487061e-06, 3.02331204693e-06, 2.30667478718e-06, 2.20172751142e-06, 1.68781139109e-06, 1.03855416e-06, 8.55494079133e-07, 7.62658544318e-07, 6.04252932135e-07], "dmean2": [0.00130679877475, 0.00278313597664, 0.00156057032291, 0.00139829562977, 0.000481763971038, 0.000341553823091, 0.000300164101645, 0.000322626816342, 0.00033191597322, 0.000193417043192, 0.000122686600662, 0.000100053883216, 6.2271457864e-05, 4.51149026048e-05, 3.06823567371e-05, 3.68022447219e-05, 2.83777753793e-05, 2.36756277445e-05, 3.10659415845e-05, 1.81185332622e-05, 1.74989363586e-05, 1.64846023836e-05, 1.51581507453e-05, 1.63961885846e-05, 1.06269171738e-05, 8.91536637937e-06, 5.58623423785e-06, 6.71040334055e-06, 4.44133411293e-06, 5.96660311203e-06, 7.78465437179e-06, 4.9942309488e-06, 4.39971245214e-06, 3.29196291204e-06, 3.31648607244e-06, 2.34260733123e-06, 1.45664967022e-06, 1.23588893075e-06, 1.10797964226e-06, 8.56448025388e-07], "dvar": [4.12783037973e-06, 1.84809177881e-05, 4.74911712445e-06, 3.95766755901e-06, 3.5396087128e-07, 1.66415560443e-07, 2.39936127855e-07, 3.96645873479e-07, 3.36336313467e-07, 1.00112629298e-07, 4.858344127e-08, 5.94911782059e-08, 1.66848099781e-08, 4.32822044871e-09, 2.45993514447e-09, 3.89258891786e-09, 2.22661933336e-09, 1.89571425224e-09, 2.34693486867e-09, 1.43841150102e-09, 8.99707752744e-10, 9.69008651097e-10, 7.36971872417e-10, 7.88652865236e-10, 3.09748698912e-10, 2.17543788539e-10, 9.52092849005e-11, 9.94987980896e-11, 5.98547600372e-11, 1.56128804329e-10, 1.73969672002e-10, 6.73495842429e-11, 6.52611437113e-11, 5.74210991255e-11, 5.46124083456e-11, 3.66064782653e-11, 1.10340087761e-11, 5.415328342e-12, 3.53610153311e-12, 1.92586484954e-12], "dvar2": [9.37518052524e-06, 5.0918199122e-05, 1.33472176458e-05, 1.06357010736e-05, 9.27267933548e-07, 4.14903894352e-07, 5.39877646588e-07, 8.69748419063e-07, 7.91818592916e-07, 2.39630026044e-07, 1.17862832383e-07, 1.52747674065e-07, 4.05504216872e-08, 1.01405301933e-08, 6.1394214157e-09, 9.31998034304e-09, 5.73425706918e-09, 4.2740997408e-09, 5.32059729608e-09, 3.48309137088e-09, 2.03976346924e-09, 2.40525555029e-09, 1.86611748276e-09, 2.11148254436e-09, 7.88174359112e-10, 5.26365506737e-10, 2.06850925277e-10, 2.45298087398e-10, 1.35327152262e-10, 3.99345667645e-10, 4.64175919923e-10, 1.73372372014e-10, 1.4210617405e-10, 1.11181897022e-10, 1.1360648533e-10, 6.60314303236e-11, 2.29598735857e-11, 1.15957382585e-11, 7.90072347823e-12, 4.03142536715e-12], "max": [0.0204425640404, 0.0390089303255, 0.0200382806361, 0.021063324064, 0.0082647036761, 0.00649347249418, 0.0100924316794, 0.0236347150058, 0.0166090782732, 0.00635563163087, 0.0053151557222, 0.00621207803488, 0.0050833481364, 0.00171123712789, 0.00127556663938, 0.00174476020038, 0.00145473133307, 0.00088409811724, 0.00110783718992, 0.00117749150377, 0.00067971390672, 0.00115526199806, 0.000937471108045, 0.00105032790452, 0.000432690692833, 0.000340788101312, 0.000274464691756, 0.000248675642069, 0.000168580634636, 0.000497436558362, 0.000167741818586, 0.000135106485686, 0.000208835219382, 0.000175800916622, 0.000165437464602, 0.000278965919279, 0.000122362966067, 6.05227178312e-05, 4.28081875725e-05, 2.48651704169e-05], "mean": [0.00118682580069, 0.0019955963362, 0.000982742407359, 0.001005922677, 0.000467739446322, 0.000400985154556, 0.000357858662028, 0.00035966039286, 0.000380916899303, 0.000233287020819, 0.000138349481858, 0.000108024178189, 7.24066267139e-05, 5.43015776202e-05, 3.31193768943e-05, 3.79768098355e-05, 2.56182411249e-05, 2.39753044298e-05, 3.24183238263e-05, 1.85329936357e-05, 1.76487410499e-05, 1.45164794958e-05, 1.42970193338e-05, 1.325748417e-05, 7.7659933595e-06, 6.07960237176e-06, 5.23510107087e-06, 5.31335263076e-06, 3.9740284592e-06, 4.66325582238e-06, 4.56530597148e-06, 3.42323005498e-06, 4.11048040405e-06, 3.37970323017e-06, 2.85820692625e-06, 2.39377118305e-06, 1.50990388192e-06, 1.26059421746e-06, 1.05589481336e-06, 8.21384389837e-07], "median": [0.000651808164548, 0.000989994732663, 0.000512871018145, 0.000425226928201, 0.000197499117348, 0.000141189375427, 0.000123623438412, 0.000100587341876, 9.69007815002e-05, 6.05139866821e-05, 3.74034389097e-05, 2.28468252317e-05, 2.35446459556e-05, 2.41416491917e-05, 1.24412281366e-05, 8.79557319422e-06, 6.1498813011e-06, 5.9976605371e-06, 8.86131783773e-06, 5.80024698138e-06, 4.94582354804e-06, 4.14286023442e-06, 5.0788930821e-06, 5.91195203015e-06, 2.81529150925e-06, 1.59794194587e-06, 1.52666802933e-06, 1.24706116367e-06, 9.40173094932e-07, 1.06576828784e-06, 9.08777508357e-07, 6.99416432326e-07, 8.14982968222e-07, 6.51647496852e-07, 4.55302966884e-07, 3.73563466383e-07, 3.75147635623e-07, 3.65581200867e-07, 2.30147946922e-07, 1.33122455281e-07], "min": [1.85127826199e-23, 5.65171980253e-24, 2.82832923311e-24, 3.6009721442e-24, 7.20864960609e-24, 5.72394080726e-24, 1.25986655922e-23, 4.00215406287e-24, 1.08036780778e-23, 7.78199607859e-24, 1.69997805358e-23, 1.8021027242e-23, 1.12769985652e-23, 8.73073384575e-24, 4.40966619587e-24, 1.111912541e-23, 5.9440262945e-24, 1.5603993716e-23, 1.11166515422e-23, 7.6837947288e-24, 1.22978626738e-23, 7.81941963993e-24, 8.00435309081e-24, 1.66878065582e-23, 1.4086045474e-23, 1.15014176599e-23, 7.84915732948e-24, 8.98049509695e-24, 1.10738992254e-23, 1.22682196476e-23, 7.33555444878e-24, 1.04878434149e-23, 1.10459270066e-23, 8.35766495759e-24, 9.39990798557e-24, 9.36673875109e-24, 9.88537219778e-24, 1.16341419294e-23, 9.68104933472e-24, 8.15309675879e-24], "var": [4.41829479314e-06, 1.37103925226e-05, 3.29318163494e-06, 3.32576155415e-06, 5.14580960953e-07, 4.04671823162e-07, 5.24334666352e-07, 9.98154746412e-07, 7.21122148661e-07, 2.23033993052e-07, 9.26531882328e-08, 1.10839124545e-07, 3.53895011074e-08, 1.0582995813e-08, 5.12092945826e-09, 8.91951401627e-09, 3.45668316193e-09, 3.44052897283e-09, 4.96003682571e-09, 2.32309416148e-09, 1.89219262481e-09, 1.24388122025e-09, 9.08307817848e-10, 6.94478807794e-10, 3.05958258728e-10, 2.76216743922e-10, 1.70083280793e-10, 1.38706060526e-10, 8.84211107111e-11, 1.6194316721e-10, 1.5187015534e-10, 7.04512559402e-11, 9.61921930998e-11, 1.0601884648e-10, 9.07230957026e-11, 8.18686993198e-11, 2.20699916675e-11, 9.93216533324e-12, 6.11442103546e-12, 3.46632683494e-12]}, "mfcc": {"mean": [-670.82421875, 121.067687988, 13.6117954254, 19.5850906372, 2.12480998039, 1.52488279343, -4.85902023315, 6.16685724258, 0.603713333607, 0.217060655355, -0.0990817397833, 0.0462187714875, -2.94407367706], "cov": [[14261.6992188, 1095.32617188, 101.895751953, 302.534881592, -46.9623756409, 358.014953613, 155.669082642, 215.501251221, 3.50693392754, -11.5320234299, 148.346633911, 125.371490479, 33.9801025391], [1095.32617188, 1974.0045166, -167.490859985, -39.5339660645, 122.041557312, 47.7582359314, 57.4883804321, 116.503143311, 42.7310066223, 14.9001893997, 69.0912857056, 44.5034446716, -12.7514429092], [101.895751953, -167.490859985, 538.77142334, 196.349700928, 87.1189727783, 155.955123901, 164.437866211, 40.0726509094, 17.6650943756, 31.672712326, 12.1187238693, 43.3961334229, 79.2052688599], [302.534881592, -39.5339660645, 196.349700928, 422.379943848, 145.266555786, 97.4378585815, 82.8997802734, 53.7932167053, 50.2042503357, 27.2375965118, -17.6406288147, 50.1619873047, 84.1095123291], [-46.9623756409, 122.041557312, 87.1189727783, 145.266555786, 212.448455811, 58.9044189453, 54.4270133972, 36.8944625854, 49.1031341553, 24.4834270477, 1.10133159161, 34.8251419067, 46.5138778687], [358.014953613, 47.7582359314, 155.955123901, 97.4378585815, 58.9044189453, 201.516494751, 149.510925293, 48.6270141602, -0.417472749949, 38.3546943665, 41.0841445923, 15.7390203476, 38.4470901489], [155.669082642, 57.4883804321, 164.437866211, 82.8997802734, 54.4270133972, 149.510925293, 251.709716797, 86.9110412598, 0.769521892071, 36.7037124634, 42.6338768005, 26.3557395935, 57.9641571045], [215.501251221, 116.503143311, 40.0726509094, 53.7932167053, 36.8944625854, 48.6270141602, 86.9110412598, 114.140663147, 41.9321899414, 19.2804927826, 23.2997627258, 24.6825389862, 22.5315818787], [3.50693392754, 42.7310066223, 17.6650943756, 50.2042503357, 49.1031341553, -0.417472749949, 0.769521892071, 41.9321899414, 111.704528809, 41.4505462646, 6.02973651886, 21.6147651672, 16.3161277771], [-11.5320234299, 14.9001893997, 31.672712326, 27.2375965118, 24.4834270477, 38.3546943665, 36.7037124634, 19.2804927826, 41.4505462646, 101.413818359, 39.0622711182, 5.02848482132, 12.501912117], [148.346633911, 69.0912857056, 12.1187238693, -17.6406288147, 1.10133159161, 41.0841445923, 42.6338768005, 23.2997627258, 6.02973651886, 39.0622711182, 90.8785324097, 22.0466861725, -2.30964565277], [125.371490479, 44.5034446716, 43.3961334229, 50.1619873047, 34.8251419067, 15.7390203476, 26.3557395935, 24.6825389862, 21.6147651672, 5.02848482132, 22.0466861725, 82.3197021484, 43.0304298401], [33.9801025391, -12.7514429092, 79.2052688599, 84.1095123291, 46.5138778687, 38.4470901489, 57.9641571045, 22.5315818787, 16.3161277771, 12.501912117, -2.30964565277, 43.0304298401, 96.6642379761]], "icov": [[8.2434838987e-05, -4.3278450903e-05, 1.04247856143e-05, -8.10534911579e-05, 0.000136630958878, -0.000197670728085, 0.000108325315523, -0.00011153583182, 1.61136449606e-05, 7.862655184e-05, -6.74848270137e-05, -8.27788608149e-05, 2.35623410845e-05], [-4.3278450903e-05, 0.000635357690044, 0.000273125944659, 0.0002032010525, -0.000535095459782, -7.85647425801e-05, -2.03220897674e-05, -0.000518223328982, 4.93532425025e-05, 7.25190766389e-05, -0.000205506803468, -0.000202550174436, 0.000187678160728], [1.04247856143e-05, 0.000273125944659, 0.0029963045381, -0.000696488190442, -0.000113509835501, -0.00131545052864, -0.00115716550499, 0.000719875504728, -0.000362054794095, 0.000121029253933, 0.000321633560816, -0.000675284303725, -0.000359070021659], [-8.10534911579e-05, 0.0002032010525, -0.000696488190442, 0.00411585904658, -0.00187806540634, -0.000927048036829, 0.000555654754862, -0.000924438762013, -0.000222683374886, -0.000492598395795, 0.00165163294878, -0.00070685474202, -0.00134517089464], [0.000136630958878, -0.000535095459782, -0.000113509835501, -0.00187806540634, 0.00747903995216, -0.00122683029622, -0.000143328928971, 0.000439115683548, -0.00215653586201, 5.42558809684e-05, 0.00058281555539, -0.000942141748965, -0.000728444021661], [-0.000197670728085, -7.85647425801e-05, -0.00131545052864, -0.000927048036829, -0.00122683029622, 0.0112867904827, -0.00485925888643, 0.000496878055856, 0.00138351914939, -0.00133563065901, -0.00251493696123, 0.00180397322401, -8.11371864984e-05], [0.000108325315523, -2.03220897674e-05, -0.00115716550499, 0.000555654754862, -0.000143328928971, -0.00485925888643, 0.0104956906289, -0.0061545050703, 0.00293250475079, -0.000938275537919, -0.00112947903108, 0.000864630157594, -0.00321903196163], [-0.00011153583182, -0.000518223328982, 0.000719875504728, -0.000924438762013, 0.000439115683548, 0.000496878055856, -0.0061545050703, 0.0163589026779, -0.00635741325095, 0.00196889555082, -0.00135153939482, -0.0011735917069, 0.000962406629696], [1.61136449606e-05, 4.93532425025e-05, -0.000362054794095, -0.000222683374886, -0.00215653586201, 0.00138351914939, 0.00293250475079, -0.00635741325095, 0.0151491407305, -0.0065157096833, 0.00192998733837, -0.00221701082774, 2.07650064112e-05], [7.862655184e-05, 7.25190766389e-05, 0.000121029253933, -0.000492598395795, 5.42558809684e-05, -0.00133563065901, -0.000938275537919, 0.00196889555082, -0.0065157096833, 0.0158303584903, -0.00704461196437, 0.0035874734167, -0.00179269141518], [-6.74848270137e-05, -0.000205506803468, 0.000321633560816, 0.00165163294878, 0.00058281555539, -0.00251493696123, -0.00112947903108, -0.00135153939482, 0.00192998733837, -0.00704461196437, 0.0182919111103, -0.00713530555367, 0.00420681387186], [-8.27788608149e-05, -0.000202550174436, -0.000675284303725, -0.00070685474202, -0.000942141748965, 0.00180397322401, 0.000864630157594, -0.0011735917069, -0.00221701082774, 0.0035874734167, -0.00713530555367, 0.0200218055397, -0.00851136259735], [2.35623410845e-05, 0.000187678160728, -0.000359070021659, -0.00134517089464, -0.000728444021661, -8.11371864984e-05, -0.00321903196163, 0.000962406629696, 2.07650064112e-05, -0.00179269141518, 0.00420681387186, -0.00851136259735, 0.0180327054113]]}, "spectral_contrast_coeffs": {"dmean": [0.054273519665, 0.0469475984573, 0.0357818417251, 0.0300326962024, 0.0243250560015, 0.0233363062143], "dmean2": [0.0901822224259, 0.0755027085543, 0.0569974519312, 0.0469037927687, 0.0367547497153, 0.0372574180365], "dvar": [0.00248723640107, 0.00170234020334, 0.000911605951842, 0.000664466235321, 0.000494382693432, 0.000643857696559], "dvar2": [0.0065009878017, 0.00420088320971, 0.00215971493162, 0.00148791191168, 0.00100932258647, 0.00165006215684], "max": [-0.284665763378, -0.397305011749, -0.507183849812, -0.5276004076, -0.589292883873, -0.586341679096], "mean": [-0.639512896538, -0.728403925896, -0.773922026157, -0.782512903214, -0.789492487907, -0.777267813683], "median": [-0.651869237423, -0.734503626823, -0.787083148956, -0.792073786259, -0.797177433968, -0.777755200863], "min": [-0.962086558342, -0.955443024635, -0.967149734497, -0.960744976997, -0.960409641266, -0.957989811897], "var": [0.00846711359918, 0.00780654419214, 0.00511375349015, 0.00355969113298, 0.00244767498225, 0.00182422099169]}, "spectral_contrast_valleys": {"dmean": [0.400135278702, 0.391114085913, 0.332270979881, 0.330733716488, 0.394292205572, 0.445910483599], "dmean2": [0.634683310986, 0.618723094463, 0.522055804729, 0.475799679756, 0.519474446774, 0.516271352768], "dvar": [0.160380870104, 0.170140340924, 0.12981107831, 0.135895043612, 0.207323074341, 0.232150286436], "dvar2": [0.322051107883, 0.350646674633, 0.246407970786, 0.230167165399, 0.372365087271, 0.348958045244], "max": [-5.18764400482, -4.56850099564, -4.96508073807, -5.84374475479, -5.61552333832, -7.