{"lowlevel": {"average_loudness": 0.786521971226, "barkbands_crest": {"dmean": 2.90366768837, "dmean2": 4.7634768486, "dvar": 9.53840351105, "dvar2": 25.2416000366, "max": 26.5217857361, "mean": 14.7755756378, "median": 14.3316917419, "min": 2.67387199402, "var": 34.8731002808}, "barkbands_flatness_db": {"dmean": 0.0540716908872, "dmean2": 0.0787065625191, "dvar": 0.00307754869573, "dvar2": 0.00629668356851, "max": 0.847287356853, "mean": 0.260726481676, "median": 0.240647956729, "min": 0.0390764921904, "var": 0.0229488927871}, "barkbands_kurtosis": {"dmean": 57.2436714172, "dmean2": 90.9341506958, "dvar": 25693.2753906, "dvar2": 63136.2773438, "max": 3823.10571289, "mean": 78.9706802368, "median": 11.8084373474, "min": -1.94580721855, "var": 42262.5507812}, "barkbands_skewness": {"dmean": 2.3132481575, "dmean2": 3.41113901138, "dvar": 9.31257343292, "dvar2": 19.5852737427, "max": 43.8862228394, "mean": 4.63382196426, "median": 3.1060962677, "min": -5.07325553894, "var": 29.2086639404}, "barkbands_spread": {"dmean": 13.4066467285, "dmean2": 19.2357406616, "dvar": 230.374954224, "dvar2": 426.457000732, "max": 100.285522461, "mean": 25.9072704315, "median": 17.1492919922, "min": 0.0247219279408, "var": 660.118835449}, "dissonance": {"dmean": 0.0127738872543, "dmean2": 0.020697593689, "dvar": 0.000252230180195, "dvar2": 0.000693615351338, "max": 0.5, "mean": 0.477610617876, "median": 0.487087607384, "min": 0.24928483367, "var": 0.000623824889772}, "dynamic_complexity": 6.02884197235, "erbbands_crest": {"dmean": 3.73088264465, "dmean2": 5.82720470428, "dvar": 15.0063762665, "dvar2": 30.82305336, "max": 28.1381320953, "mean": 10.7956991196, "median": 8.25315189362, "min": 2.30628180504, "var": 39.8246803284}, "erbbands_flatness_db": {"dmean": 0.0300170425326, "dmean2": 0.0457152277231, "dvar": 0.00100524851587, "dvar2": 0.00228107976727, "max": 0.547266066074, "mean": 0.175266191363, "median": 0.158357575536, "min": 0.0489912442863, "var": 0.00589958997443}, "erbbands_kurtosis": {"dmean": 7.48314237595, "dmean2": 12.13783741, "dvar": 360.540496826, "dvar2": 866.007263184, "max": 387.006286621, "mean": 11.136464119, "median": 0.992094039917, "min": -1.95078682899, "var": 1639.1081543}, "erbbands_skewness": {"dmean": 1.14198493958, "dmean2": 1.62420725822, "dvar": 1.74794304371, "dvar2": 3.70652723312, "max": 15.9274320602, "mean": 0.792188763618, "median": 0.151067197323, "min": -3.71358036995, "var": 7.32236242294}, "erbbands_spread": {"dmean": 29.0661315918, "dmean2": 46.3439102173, "dvar": 958.976989746, "dvar2": 2548.52978516, "max": 187.721420288, "mean": 73.3910751343, "median": 68.4521255493, "min": 0.416493594646, "var": 2301.58569336}, "hfc": {"dmean": 13.3217592239, "dmean2": 17.259803772, "dvar": 290.627624512, "dvar2": 427.478027344, "max": 171.650878906, "mean": 30.6263237, "median": 15.3950986862, "min": 1.15260418579e-16, "var": 1291.64025879}, "melbands_crest": {"dmean": 3.46337199211, "dmean2": 5.56670284271, "dvar": 12.218047142, "dvar2": 31.8542308807, "max": 33.0268516541, "mean": 20.4704627991, "median": 21.5006389618, "min": 1.99888539314, "var": 42.5418205261}, "melbands_flatness_db": {"dmean": 0.0630308687687, "dmean2": 0.088096767664, "dvar": 0.00378031353466, "dvar2": 0.00748115545139, "max": 0.98693716526, "mean": 0.32680490613, "median": 0.317265570164, "min": 0.006329910364, "var": 0.0326706953347}, "melbands_kurtosis": {"dmean": 101.425582886, "dmean2": 156.025939941, "dvar": 23603.3984375, "dvar2": 47471.2929688, "max": 1221.46313477, "mean": 160.218002319, "median": 59.6349563599, "min": -1.87890911102, "var": 52823.6484375}, "melbands_skewness": {"dmean": 3.00292277336, "dmean2": 4.58012962341, "dvar": 10.7662982941, "dvar2": 23.9186954498, "max": 27.6649589539, "mean": 7.70646572113, "median": 6.13604211807, "min": -2.19539737701, "var": 37.0857124329}, "melbands_spread": {"dmean": 13.6811857224, "dmean2": 20.4017391205, "dvar": 656.178649902, "dvar2": 1249.13903809, "max": 244.639007568, "mean": 28.3641471863, "median": 7.73858880997, "min": 0.229212224483, "var": 2459.72680664}, "pitch_salience": {"dmean": 0.103025205433, "dmean2": 0.159044221044, "dvar": 0.0117948856205, "dvar2": 0.0251212418079, "max": 0.875182390213, "mean": 0.365455061197, "median": 0.329358875751, "min": 0.00658098608255, "var": 0.0629045590758}, "silence_rate_20dB": {"dmean": 0.0141458110884, "dmean2": 0.0283070225269, "dvar": 0.0139458086342, "dvar2": 0.0383929349482, "max": 1, "mean": 0.991299629211, "median": 1, "min": 0, "var": 0.00862452108413}, "silence_rate_30dB": {"dmean": 0.101196952164, "dmean2": 0.202504083514, "dvar": 0.0909553691745, "dvar2": 0.214843854308, "max": 1, "mean": 0.848830878735, "median": 1, "min": 0, "var": 0.128318756819}, "silence_rate_60dB": {"dmean": 0.0533188246191, "dmean2": 0.106695696712, "dvar": 0.0504777655005, "dvar2": 0.107286766171, "max": 1, "mean": 0.216421961784, "median": 0, "min": 0, "var": 0.169587239623}, "spectral_centroid": {"dmean": 498.616241455, "dmean2": 709.635253906, "dvar": 388171.75, "dvar2": 634442.5, "max": 10939.9892578, "mean": 1328.32873535, "median": 857.236206055, "min": 73.9628067017, "var": 1667721}, "spectral_complexity": {"dmean": 4.01958656311, "dmean2": 5.74305915833, "dvar": 36.6967658997, "dvar2": 66.5386428833, "max": 50, "mean": 7.77161502838, "median": 3, "min": 0, "var": 107.085517883}, "spectral_decrease": {"dmean": 7.56502327448e-09, "dmean2": 1.18380212299e-08, "dvar": 2.29491242141e-16, "dvar2": 5.88474763676e-16, "max": 4.2185060936e-29, "mean": -1.36509683557e-08, "median": -8.22768964071e-09, "min": -1.59374039299e-07, "var": 3.51703538051e-16}, "spectral_energy": {"dmean": 0.0292306002229, "dmean2": 0.0455418117344, "dvar": 0.00330656347796, "dvar2": 0.00850357115269, "max": 0.606949448586, "mean": 0.0542997270823, "median": 0.0340665280819, "min": 1.03715370636e-20, "var": 0.00514063844457}, "spectral_energyband_high": {"dmean": 0.00142270536162, "dmean2": 0.00176702719182, "dvar": 3.70659245164e-06, "dvar2": 5.13893382958e-06, "max": 0.0183869227767, "mean": 0.00292805931531, "median": 0.00071359280264, "min": 7.06145025008e-21, "var": 1.49940378833e-05}, "spectral_energyband_low": {"dmean": 0.027613863349, "dmean2": 0.0438966155052, "dvar": 0.00342427799478, "dvar2": 0.00872669462115, "max": 0.604755163193, "mean": 0.0456493422389, "median": 0.0251369737089, "min": 6.33342089575e-23, "var": 0.00483643030748}, "spectral_energyband_middle_high": {"dmean": 0.000688532891218, "dmean2": 0.00104594649747, "dvar": 1.78714708454e-06, "dvar2": 3.80186429538e-06, "max": 0.011277589947, "mean": 0.000998218776658, "median": 0.000124092155602, "min": 1.71998859592e-21, "var": 3.70303473574e-06}, "spectral_energyband_middle_low": {"dmean": 0.00563920801505, "dmean2": 0.00874272268265, "dvar": 0.000148574239574, "dvar2": 0.000321957282722, "max": 0.105288721621, "mean": 0.00822571385652, "median": 0.00176305463538, "min": 1.67781235588e-22, "var": 0.00022899673786}, "spectral_entropy": {"dmean": 0.420106649399, "dmean2": 0.607904970646, "dvar": 0.253359675407, "dvar2": 0.505767703056, "max": 9.80434608459, "mean": 7.44468212128, "median": 7.84922933578, "min": 2.47671055794, "var": 1.31143224239}, "spectral_flux": {"dmean": 0.0436691083014, "dmean2": 0.0677404850721, "dvar": 0.00398991955444, "dvar2": 0.00934493262321, "max": 0.589069485664, "mean": 0.0995023697615, "median": 0.067117460072, "min": 1.01840744171e-10, "var": 0.00906425714493}, "spectral_kurtosis": {"dmean": 2.15500760078, "dmean2": 3.19828915596, "dvar": 47.1087036133, "dvar2": 89.6432342529, "max": 169.758804321, "mean": 3.96107006073, "median": 0.876914978027, "min": -1.20569074154, "var": 210.424301147}, "spectral_rms": {"dmean": 0.00160048110411, "dmean2": 0.0023815985769, "dvar": 5.03193223267e-06, "dvar2": 1.20527756735e-05, "max": 0.024334045127, "mean": 0.00590523052961, "median": 0.00576503574848, "min": 3.18097046099e-12, "var": 1.8103623006e-05}, "spectral_rolloff": {"dmean": 1091.16296387, "dmean2": 1837.17675781, "dvar": 3847936, "dvar2": 7708433.5, "max": 19272.2167969, "mean": 2203.70166016, "median": 236.865234375, "min": 64.599609375, "var": 10924104}, "spectral_skewness": {"dmean": 0.355728387833, "dmean2": 0.52361291647, "dvar": 0.246996149421, "dvar2": 0.481586247683, "max": 11.8061180115, "mean": 1.18805134296, "median": 0.886387467384, "min": -0.100902527571, "var": 1.72826766968}, "spectral_spread": {"dmean": 948477.5, "dmean2": 1484817.125, "dvar": 1867825020930.0, "dvar2": 3202705522690.0, "max": 41848308, "mean": 7049501, "median": 7210159, "min": 673513.6875, "var": 5316221075460.0}, "spectral_strongpeak": {"dmean": 0.373813837767, "dmean2": 0.592768907547, "dvar": 1.02323520184, "dvar2": 2.49280023575, "max": 14.8389854431, "mean": 0.848597705364, "median": 0.804264903069, "min": 0, "var": 1.39241707325}, "zerocrossingrate": {"dmean": 0.0230990499258, "dmean2": 0.0248643346131, "dvar": 0.000693601847161, "dvar2": 0.00075406441465, "max": 0.51171875, "mean": 0.0792061761022, "median": 0.05224609375, "min": 0.0029296875, "var": 0.00719218561426}, "barkbands": {"dmean": [8.65704132593e-05, 0.0140333008021, 0.0140685103834, 0.00326393661089, 0.0034404695034, 0.000507327436935, 0.00010093311721, 5.64063957427e-05, 0.000122007768368, 5.57699750061e-05, 6.33451054455e-05, 9.2077163572e-05, 4.79377813463e-05, 2.82641012745e-05, 3.74623341486e-05, 0.000111452944111, 5.24931310792e-05, 7.59261238272e-05, 0.000245692848694, 0.000117140087241, 0.000201886199648, 0.000283487897832, 0.000367468310287, 0.000471796520287, 0.000219440218643, 3.41780832969e-05, 1.98150501092e-05], "dmean2": [0.000159395625815, 0.0223452877253, 0.0231936648488, 0.00548566551879, 0.00581278838217, 0.000971241446678, 0.000191699655261, 0.000101039178844, 0.000212633036426, 0.000102312144008, 0.000117069583212, 0.000171786756255, 8.57647537487e-05, 4.71852035844e-05, 6.29961796221e-05, 0.000189704369404, 8.45954273245e-05, 0.000125803184346, 0.000323677726556, 0.000172872052644, 0.000284194567939, 0.000399903859943, 0.000448174891062, 0.000623894913588, 0.000307101581711, 4.70664199383e-05, 2.78437782981e-05], "dvar": [1.63557203336e-07, 0.00163642945699, 0.000897803576663, 7.88257020758e-05, 8.04236915428e-05, 3.22088203575e-06, 8.25286008421e-08, 3.00081630655e-08, 1.09933424142e-07, 2.01937400135e-08, 2.79853953344e-08, 7.33577110168e-08, 1.32203696879e-08, 3.36926597733e-09, 7.13425807319e-09, 6.21020532776e-08, 1.24611956309e-08, 2.55194674281e-08, 3.91328143223e-07, 4.5907427193e-08, 8.79367263451e-08, 1.46899338915e-07, 2.18189910584e-07, 5.20066521403e-07, 1.00104138312e-07, 5.68218361252e-09, 2.1556527674e-09], "dvar2": [4.5785205316e-07, 0.00392523175105, 0.00245369272307, 0.000204414289328, 0.000218073881115, 9.42734186538e-06, 2.40570358301e-07, 8.33205007211e-08, 2.92715242267e-07, 5.78669663298e-08, 8.24768306984e-08, 2.19508706323e-07, 3.64968926192e-08, 8.76332517663e-09, 1.91113667114e-08, 1.64609318176e-07, 2.70313673667e-08, 6.91111736728e-08, 5.76028128307e-07, 1.09337328524e-07, 1.58130461614e-07, 2.72213696917e-07, 3.53444306711e-07, 8.69179416441e-07, 1.8821057779e-07, 1.02748050068e-08, 3.87947807212e-09], "max": [0.00440373085439, 0.497633635998, 0.305465221405, 0.0893733650446, 0.0693270415068, 0.0139174843207, 0.00188961206004, 0.00125942309387, 0.0032346714288, 0.000906832632609, 0.00142337149009, 0.00218816520646, 0.000737218069844, 0.000404478982091, 0.000689323351253, 0.00204219506122, 0.000957672018558, 0.00162785011344, 0.0067872395739, 0.00221782224253, 0.00320012704469, 0.00313526112586, 0.00425103120506, 0.00829314347357, 0.00250543886796, 0.000708229490556, 0.000513272476383], "mean": [5.56952400075e-05, 0.0221040826291, 0.0200017951429, 0.00433094333857, 0.00337822316214, 0.000302732776618, 6.78517317283e-05, 3.98430456698e-05, 9.03026739252e-05, 4.47615493613e-05, 4.96155953442e-05, 6.39072895865e-05, 4.97681248817e-05, 3.07103400701e-05, 3.61991988029e-05, 0.000121317294543, 6.2508348492e-05, 9.78256430244e-05, 0.000339824880939, 0.000194847816601, 0.000353195006028, 0.000469975551823, 0.000643933657557, 0.000920212653, 0.000344803207554, 6.58770513837e-05, 3.90497152694e-05], "median": [8.4928439037e-07, 0.000388649554225, 0.00848211441189, 0.000427893333836, 0.000205364878639, 2.40278441197e-05, 6.14367036178e-06, 3.08561561724e-06, 6.2864710344e-06, 3.97883559344e-06, 3.85941302739e-06, 4.41595511802e-06, 3.76651837541e-06, 1.80627409918e-06, 2.19538901547e-06, 5.10920062879e-06, 4.63865535494e-06, 8.15925250208e-06, 2.90058123937e-05, 4.02175501222e-05, 8.55681937537e-05, 0.000125307269627, 0.000184364558663, 0.000183254756848, 6.39513964416e-05, 3.51938342646e-06, 1.87881630609e-06], "min": [4.93967974998e-24, 3.32792143138e-23, 6.37316071049e-24, 1.39773625294e-23, 5.46570356118e-23, 2.43117653985e-23, 1.90353398607e-23, 9.22528021357e-24, 2.55521292651e-23, 1.02302574524e-22, 8.74473581127e-23, 3.49814404632e-23, 2.93664042705e-23, 1.30218594911e-22, 8.84526635177e-23, 2.19587321577e-22, 2.54774531674e-22, 1.65713018999e-22, 1.86400662736e-22, 2.09093792842e-22, 2.97832882288e-22, 3.49125451383e-22, 5.33356456328e-22, 8.14590190557e-22, 1.00938965971e-21, 1.5926543794e-21, 2.22960011181e-21], "var": [9.81157484148e-08, 0.00259049329907, 0.00106162403245, 9.18225996429e-05, 7.77187233325e-05, 1.75225488874e-06, 4.78258108672e-08, 1.91383549009e-08, 8.77390959886e-08, 1.36889513058e-08, 1.84720256868e-08, 4.19142125452e-08, 1.1655875376e-08, 4.09265821233e-09, 7.0143926223e-09, 7.65038805639e-08, 1.81571753188e-08, 4.22617603135e-08, 8.39737253955e-07, 9.18414713169e-08, 2.37593695829e-07, 3.71805924715e-07, 6.82318500367e-07, 2.05461969927e-06, 2.39762897536e-07, 2.08362855858e-08, 8.35906366348e-09]}, "erbbands": {"dmean": [0.180858701468, 3.9697701931, 15.3905744553, 13.8234214783, 9.93239307404, 14.0489692688, 8.50461483002, 2.9920232296, 1.54975402355, 1.21938455105, 1.36150527, 2.35988354683, 2.72839927673, 1.64554870129, 3.26185584068, 3.51681876183, 2.40326166153, 1.4358522892, 1.6260727644, 2.83021330833, 6.84733581543, 2.96617555618, 3.6246650219, 12.137509346, 7.65786075592, 5.19655418396, 6.46663808823, 9.39404392242, 9.51060199738, 11.1963949203, 10.5521640778, 11.0090236664, 6.97085666656, 3.33453011513, 1.04814660549, 0.18234834075, 0.0551714152098, 0.0303724724799, 0.0033643215429, 0.00014355564781], "dmean2": [0.297230035067, 6.28989887238, 25.228427887, 22.3187236786, 16.9792327881, 23.5757293701, 15.8120536804, 5.69298839569, 2.95074439049, 2.26235938072, 2.48851418495, 4.20907497406, 4.96420621872, 2.94832134247, 6.07878065109, 6.52063417435, 4.33026647568, 2.37151575089, 2.67261052132, 4.7884812355, 11.6691789627, 4.85546350479, 5.7807507515, 16.9000892639, 11.1562013626, 7.39437961578, 9.37626647949, 13.3998165131, 13.7012748718, 15.269408226, 12.8264970779, 14.9714365005, 9.41854000092, 4.59181642532, 1.46916854382, 0.257522970438, 0.0739472135901, 0.0438388288021, 0.00466581247747, 0.000191362560145], "dvar": [0.466565102339, 115.600608826, 1035.29272461, 1025.5078125, 757.993652344, 1316.88012695, 690.139038086, 112.580993652, 20.0359172821, 14.4779014587, 18.59973526, 38.2531280518, 57.8498191833, 13.4291391373, 87.4868545532, 109.674758911, 36.2271995544, 8.37508773804, 10.8541755676, 44.867313385, 256.415100098, 36.2909240723, 52.5824775696, 1018.03118896, 279.913879395, 91.6317749023, 93.3592453003, 190.304855347, 180.43522644, 227.287902832, 176.067047119, 263.121765137, 107.658760071, 25.1298923492, 2.25550794601, 0.135903179646, 0.0130610950291, 0.00534404721111, 5.93252880208e-05, 6.75061571087e-08], "dvar2": [1.23558759689, 274.634002686, 2756.48364258, 2645.24780273, 2106.26708984, 3329.13110352, 2023.93859863, 329.739379883, 58.9815559387, 41.3549995422, 52.6254768372, 98.2099151611, 162.970687866, 37.4491691589, 263.503601074, 327.320800781, 102.694244385, 20.6935138702, 28.0758838654, 119.512580872, 693.059814453, 81.2968063354, 118.107002258, 1462.40063477, 515.234802246, 219.61428833, 178.169967651, 365.787384033, 327.553009033, 389.310943604, 301.323974609, 465.015594482, 177.836914062, 45.2140388489, 4.31782865524, 0.259098231792, 0.0222859736532, 0.0108495596796, 0.000108797314169, 1.0440577114e-07], "max": [10.3530321121, 135.895339966, 348.051147461, 354.124572754, 238.811676025, 289.063140869, 197.24206543, 82.6970825195, 31.9192714691, 29.8830451965, 34.0667877197, 52.6604614258, 74.1153030396, 27.5080032349, 69.2246246338, 85.5482254028, 41.8610191345, 19.1355018616, 23.1864547729, 57.3340568542, 134.085464478, 43.3923377991, 63.8149185181, 306.103881836, 173.0753479, 123.048660278, 111.199813843, 138.389389038, 127.841140747, 108.30355835, 116.669616699, 174.660446167, 110.781745911, 37.3903541565, 13.2891435623, 3.29463362694, 1.16588246822, 0.917922377586, 0.0874034911394, 0.00262983725406], "mean": [0.251323133707, 6.32215261459, 22.1872901917, 21.6372127533, 10.6875495911, 12.0069360733, 5.54453420639, 1.87239873409, 1.0453556776, 0.865306317806, 0.985740423203, 1.86322045326, 1.96413326263, 1.50002408028, 2.40262699127, 2.54354071617, 2.35681176186, 1.73908758163, 1.67458772659, 3.24651002884, 6.9223947525, 3.65631318092, 5.04488754272, 16.8770885468, 11.8725090027, 8.62171459198, 10.9578142166, 16.0384063721, 16.3843021393, 18.2765216827, 18.8033180237, 20.5050296783, 13.0771846771, 5.23882722855, 1.72018003464, 0.313272505999, 0.106229484081, 0.0550357587636, 0.00655780779198, 0.000309767259751], "median": [0.00775245158002, 0.367841690779, 11.1011705399, 3.9878256321, 1.84626603127, 0.790204167366, 0.383580327034, 0.148589760065, 0.0936468020082, 0.0814226567745, 0.0769526585937, 0.136294111609, 0.14367903769, 0.136017695069, 0.165117949247, 0.187574744225, 0.173141553998, 0.114890791476, 0.102739430964, 0.185798227787, 0.287968456745, 0.270268410444, 0.404671937227, 0.887439012527, 1.53745865822, 1.81290757656, 2.75775289536, 3.91838312149, 4.16081094742, 4.99853181839, 5.45509529114, 4.42596197128, 2.53881263733, 1.11079156399, 0.271206736565, 0.0239957906306, 0.00754188932478, 0.00211382401176, 0.000432697532233, 9.62240083027e-05], "min": [4.75649551928e-22, 7.10537402529e-21, 9.88807503719e-21, 5.60319416117e-20, 5.88794010105e-20, 2.38509929908e-19, 1.00907698302e-19, 1.76682263324e-19, 1.81432684033e-19, 2.92405425556e-19, 3.32768323931e-19, 6.15537715736e-19, 1.60492105348e-18, 3.97920568984e-18, 3.16396191391e-18, 2.22568887714e-18, 1.8209243812e-18, 5.8064418727e-18, 6.10509998236e-18, 7.5388819166e-18, 1.29645266448e-17, 1.29213602246e-17, 8.31921184644e-18, 6.53451094503e-18, 1.32049963207e-17, 1.00735105516e-17, 9.83373818899e-18, 1.30576423664e-17, 1.19169313503e-17, 1.21850429207e-17, 1.74919979844e-17, 1.71131128679e-17, 1.4818075443e-17, 1.11829533133e-17, 7.33485699133e-18, 5.48109436699e-18, 2.94521730964e-18, 1.34851770766e-18, 2.91290256843e-19, 3.43933394582e-20], "var": [0.553783774376, 186.808029175, 1270.54992676, 1441.90881348, 623.085388184, 1308.10620117, 408.862701416, 61.617099762, 11.4731492996, 8.61996650696, 11.3787307739, 32.2543945312, 39.0184936523, 11.30560112, 52.5989837646, 62.9383888245, 28.2643566132, 12.1496982574, 12.3514995575, 51.6074409485, 280.134307861, 54.8965568542, 106.804916382, 2183.18066406, 629.945678711, 181.065078735, 228.967071533, 493.456634521, 459.285949707, 579.464111328, 575.011291504, 912.031188965, 421.246185303, 54.1588249207, 7.13721132278, 0.396195679903, 0.050218231976, 0.0183161869645, 0.000224299670663, 2.94784797461e-07]}, "gfcc": {"mean": [-101.474822998, 38.4685630798, -47.5237197876, 82.6178665161, -51.5718421936, 31.319311142, -25.8589706421, -0.742955684662, -26.4852962494, -18.7394809723, -17.8785362244, -10.6757040024, -10.2420482635], "cov": [[24222.1308594, -4488.93896484, -1145.60314941, 892.044006348, -445.411102295, 321.68572998, -901.586120605, 191.845855713, -627.993530273, 184.91255188, -193.707992554, -75.1915893555, -584.96307373], [-4488.93896484, 4192.39160156, 90.2253112793, -777.33404541, 419.867462158, -153.223236084, 326.329284668, -204.46156311, 465.99029541, -107.740768433, 333.265472412, 69.4569396973, 281.009490967], [-1145.60314941, 90.2253112793, 1655.60925293, 929.150146484, 298.920135498, 285.258758545, 530.408325195, 142.327575684, 53.7447128296, -144.025772095, -73.2943344116, -190.856399536, 58.0421524048], [892.044006348, -777.33404541, 929.150146484, 1104.56970215, 109.775863647, 314.204345703, 236.813964844, 112.305412292, -50.0507774353, -71.8935699463, -103.693763733, -205.259231567, -78.9240112305], [-445.411102295, 419.867462158, 298.920135498, 109.775863647, 639.274414062, 130.657714844, 266.152862549, 126.700019836, 212.957641602, 33.6806983948, 104.443656921, -14.5696496964, -1.05603659153], [321.68572998, -153.223236084, 285.258758545, 314.204345703, 130.657714844, 211.470001221, 148.172348022, 82.6420440674, 40.8059539795, 19.6985626221, 3.7956840992, -39.9049530029, -5.33621644974], [-901.586120605, 326.329284668, 530.408325195, 236.813964844, 266.152862549, 148.172348022, 313.269226074, 109.882904053, 126.159355164, -19.1511936188, 50.598991394, -29.3737487793, 56.4746360779], [191.845855713, -204.46156311, 142.327575684, 112.305412292, 126.700019836, 82.6420440674, 109.882904053, 130.999130249, 51.3167304993, 35.4590568542, 21.390422821, 14.646897316, 2.87468481064], [-627.993530273, 465.99029541, 53.7447128296, -50.0507774353, 212.957641602, 40.8059539795, 126.159355164, 51.3167304993, 164.081710815, 48.0249862671, 100.977989197, 19.8317661285, 38.57554245], [184.91255188, -107.740768433, -144.025772095, -71.8935699463, 33.6806983948, 19.6985626221, -19.1511936188, 35.4590568542, 48.0249862671, 98.5170135498, 57.0453453064, 44.9004135132, -4.56159257889], [-193.707992554, 333.265472412, -73.2943344116, -103.693763733, 104.443656921, 3.7956840992, 50.598991394, 21.390422821, 100.977989197, 57.0453453064, 115.173744202, 51.6523017883, 36.0022926331], [-75.1915893555, 69.4569396973, -190.856399536, -205.259231567, -14.5696496964, -39.9049530029, -29.3737487793, 14.646897316, 19.8317661285, 44.9004135132, 51.6523017883, 97.2398986816, 46.676776886], [-584.96307373, 281.009490967, 58.0421524048, -78.9240112305, -1.05603659153, -5.33621644974, 56.4746360779, 2.87468481064, 38.57554245, -4.56159257889, 36.0022926331, 46.676776886, 91.6717834473]], "icov": [[7.48698148527e-05, 3.26342888002e-05, -4.08602973039e-05, 2.63736128545e-05, -5.17141670571e-05, -0.000337926583597, 0.000543002446648, -0.000345261476468, 0.000266861461569, 0.000342617742717, -0.000587453716435, 9.8645898106e-05, 0.000167567559402], [3.26342888002e-05, 0.00107446732, -0.000370372203179, 0.00090860115597, 0.000181144641829, -0.000854925718158, 0.000279654341284, 0.00201282184571, -0.00303842057474, 0.00324663519859, -0.0020893777255, 0.000238797656493, -0.000212647239096], [-4.08602973039e-05, -0.000370372203179, 0.00364280003123, -0.00228140759282, -0.000377049553208, 0.00288495048881, -0.00652757985517, 0.000380809651688, 0.00319391302764, -0.00291781453416, 0.00287335552275, 0.00227441056632, -0.00299873366021], [2.63736128545e-05, 0.00090860115597, -0.00228140759282, 0.00507879117504, 0.000403975980589, -0.00508792418987, 0.00320353428833, -0.0010569911683, -0.000364203093341, 0.00385432573967, -0.00507282838225, 0.00544757768512, 0.000531724537723], [-5.17141670571e-05, 0.000181144641829, -0.000377049553208, 0.000403975980589, 0.00418616412207, -0.000716991140507, -0.00186797813512, 0.000242051319219, -0.00612217374146, 0.00257000653073, 0.000339273945428, -0.00275979097933, 0.00482699461281], [-0.000337926583597, -0.000854925718158, 0.00288495048881, -0.00508792418987, -0.000716991140507, 0.0168861337006, -0.0113875567913, 0.000663213024382, 0.00325072323903, -0.0120832510293, 0.0079174246639, 0.000839348416775, -0.00327940331772], [0.000543002446648, 0.000279654341284, -0.00652757985517, 0.00320353428833, -0.00186797813512, -0.0113875567913, 0.0304681155831, -0.0121459607035, -0.00634199427441, 0.0137444958091, -0.0118403248489, 0.0029664777685, -0.0030825373251], [-0.000345261476468, 0.00201282184571, 0.000380809651688, -0.0010569911683, 0.000242051319219, 0.000663213024382, -0.0121459607035, 0.0263516940176, -0.0112513247877, -0.00197627046145, 0.0087074059993, -0.0147743942216, 0.00591254793108], [0.000266861461569, -0.00303842057474, 0.00319391302764, -0.000364203093341, -0.00612217374146, 0.00325072323903, -0.00634199427441, -0.0112513247877, 0.0445399358869, -0.0185807067901, -0.0142461322248, 0.0206747669727, -0.0115396212786], [0.000342617742717, 0.00324663519859, -0.00291781453416, 0.00385432573967, 0.00257000653073, -0.0120832510293, 0.0137444958091, -0.00197627046145, -0.0185807067901, 0.0409292988479, -0.0172356534749, -0.0107163377106, 0.0104015674442], [-0.000587453716435, -0.0020893777255, 0.00287335552275, -0.00507282838225, 0.000339273945428, 0.0079174246639, -0.0118403248489, 0.0087074059993, -0.0142461322248, -0.0172356534749, 0.0427128784359, -0.0182048678398, 0.00158740428742], [9.8645898106e-05, 0.000238797656493, 0.00227441056632, 0.00544757768512, -0.00275979097933, 0.000839348416775, 0.0029664777685, -0.0147743942216, 0.0206747669727, -0.0107163377106, -0.0182048678398, 0.0525986589491, -0.0270650833845], [0.000167567559402, -0.000212647239096, -0.00299873366021, 0.000531724537723, 0.00482699461281, -0.00327940331772, -0.0030825373251, 0.00591254793108, -0.0115396212786, 0.0104015674442, 0.00158740428742, -0.0270650833845, 0.0350951775908]]}, "melbands": {"dmean": [0.00277626956813, 0.00721631012857, 0.0021647256799, 0.000849500356708, 0.000375423842343, 7.12678956916e-05, 2.25405801757e-05, 1.25493679661e-05, 1.14409403977e-05, 1.69510421983e-05, 1.37459246616e-05, 6.25517168373e-06, 1.00517136161e-05, 1.08670865302e-05, 6.84135511619e-06, 4.79289337818e-06, 2.4877551823e-06, 2.53479993262e-06, 2.91981109513e-06, 5.94431367062e-06, 7.97240591055e-06, 3.05108778775e-06, 3.0882183637e-06, 3.63321373698e-06, 1.15786733659e-05, 8.39294261823e-06, 4.90635238748e-06, 3.14012231684e-06, 3.57484350388e-06, 5.48245634491e-06, 5.57091425435e-06, 4.98468398291e-06, 6.76593708704e-06, 6.26927430858e-06, 6.44063811706e-06, 5.96328027314e-06, 8.10438359622e-06, 5.93203640165e-06, 4.06047320212e-06, 2.54892347584e-06], "dmean2": [0.00442478340119, 0.0116017675027, 0.00343954679556, 0.00142873195, 0.000681165140122, 0.00013571389718, 4.30502186646e-05, 2.30494770221e-05, 2.09591671592e-05, 2.95904192171e-05, 2.51375568041e-05, 1.12054440251e-05, 1.86809920706e-05, 2.0390480131e-05, 1.24788657558e-05, 8.54184872878e-06, 4.0808513404e-06, 4.19554135078e-06, 4.85987538923e-06, 1.01242076198e-05, 1.38653213071e-05, 5.0366038522e-06, 5.08224229634e-06, 5.44239355804e-06, 1.61075349752e-05, 1.15710518003e-05, 7.84961684985e-06, 4.43299768449e-06, 5.24213919562e-06, 7.7646363934e-06, 8.39168751554e-06, 7.49929768062e-06, 9.70130076894e-06, 8.52786979522e-06, 8.44196165417e-06, 7.53251833885e-06, 1.15395905596e-05, 8.14063423604e-06, 5.64252923141e-06, 3.58985153071e-06], "dvar": [7.69295656937e-05, 0.000229718687478, 2.24303403229e-05, 4.69326278107e-06, 1.09838413209e-06, 6.43617781293e-08, 4.16507717205e-09, 1.56315760336e-09, 1.27690058527e-09, 2.10619877095e-09, 1.50612133876e-09, 1.95253757607e-10, 7.78826947379e-10, 1.03288133602e-09, 4.28941854258e-10, 1.04138891954e-10, 2.5791020361e-11, 2.73942517975e-11, 4.62125060441e-11, 1.63259850083e-10, 3.63658658742e-10, 4.17655042495e-11, 3.81248782544e-11, 5.32090413397e-11, 9.49906486802e-10, 4.81848561051e-10, 9.10935216147e-11, 3.32219356192e-11, 3.35010214014e-11, 6.146516629e-11, 6.86086049084e-11, 4.99714644664e-11, 9.30116747511e-11, 7.22530854591e-11, 7.03817906733e-11, 6.09605144142e-11, 1.85186532775e-10, 1.01731338631e-10, 3.60553358003e-11, 1.47765168157e-11], "dvar2": [0.000190185528481, 0.000586011388805, 5.66444468859e-05, 1.26597342387e-05, 3.17185640597e-06, 1.88482900398e-07, 1.22580852135e-08, 4.43521930293e-09, 3.63327434805e-09, 5.39967892621e-09, 4.25601287546e-09, 5.45674339048e-10, 2.32575381176e-09, 3.11183878665e-09, 1.25126553563e-09, 2.88067902865e-10, 6.47229006501e-11, 7.25518742306e-11, 1.22838211825e-10, 4.21357310154e-10, 9.89363146964e-10, 9.27141974305e-11, 1.00807064085e-10, 1.18114656944e-10, 1.37816158485e-09, 9.24500476174e-10, 2.22366028368e-10, 8.25024562556e-11, 7.0244594863e-11, 1.15242107523e-10, 1.44728479201e-10, 9.6875368838e-11, 1.80770287628e-10, 1.27710467202e-10, 1.38106914793e-10, 1.05840849973e-10, 3.75033032407e-10, 1.77147657654e-10, 6.68358562939e-11, 2.76229959045e-11], "max": [0.122908256948, 0.161627098918, 0.0505881495774, 0.0168077219278, 0.00729853147641, 0.00195058796089, 0.000454599270597, 0.000311414187308, 0.000287435366772, 0.00044439669, 0.000377294840291, 0.000101728146547, 0.000227109878324, 0.000256896193605, 0.000184204967809, 5.97856742388e-05, 3.41156555805e-05, 3.06197071041e-05, 5.44802678633e-05, 0.000101340381661, 0.000155833084136, 4.95456624776e-05, 4.5302502258e-05, 6.78850556142e-05, 0.00028632642352, 0.000244180584559, 0.000110547727672, 8.27563198982e-05, 6.72931564623e-05, 8.84023174876e-05, 7.11583124939e-05, 6.51003865642e-05, 7.0826827141e-05, 6.58270291751e-05, 9.03200998437e-05, 6.80899393046e-05, 0.000155488058226, 0.000117126124678, 4.39031537098e-05, 3.09035094688e-05], "mean": [0.0043039387092, 0.0111388666555, 0.00342657836154, 0.000820600893348, 0.000258189422311, 4.32765009464e-05, 1.52004595293e-05, 9.01963903743e-06, 8.07434844319e-06, 1.30372345666e-05, 9.80371623882e-06, 5.74578643864e-06, 7.58159376346e-06, 7.49685341361e-06, 5.59786212762e-06, 4.95479071105e-06, 2.93601533485e-06, 2.53513053394e-06, 2.87841271529e-06, 6.95192466083e-06, 7.7787817645e-06, 3.57999647349e-06, 3.54355779564e-06, 5.09796973347e-06, 1.54670324264e-05, 1.10614628284e-05, 7.13417466613e-06, 5.18179740538e-06, 5.68339783058e-06, 9.22867002373e-06, 8.97649351828e-06, 8.52003086038e-06, 1.02262310975e-05, 1.00690067484e-05, 1.1147960322e-05, 9.86905979516e-06, 1.43853658301e-05, 1.07053683678e-05, 5.83960718359e-06, 3.8440721255e-06], "median": [6.99601005181e-05, 0.00452058995143, 0.00112900882959, 5.47110830666e-05, 1.50189407577e-05, 3.35553772857e-06, 1.34667561724e-06, 8.39959909626e-07, 6.39619599951e-07, 9.25862082113e-07, 6.97991254128e-07, 5.2364646308e-07, 5.54610153358e-07, 4.98596079979e-07, 3.96438480266e-07, 3.60890254569e-07, 1.82827207595e-07, 1.53174710249e-07, 1.83028106449e-07, 3.28640481939e-07, 3.24657918327e-07, 2.58324405422e-07, 3.04117122596e-07, 4.01399319117e-07, 6.53606434753e-07, 1.00758313692e-06, 1.06919480913e-06, 1.29180364183e-06, 1.49864035848e-06, 2.18167633648e-06, 2.0886971015e-06, 2.12840291169e-06, 2.56476323557e-06, 2.62971798293e-06, 3.35940922014e-06, 2.4225287234e-06, 2.67589916803e-06, 1.80883216672e-06, 1.22947722048e-06, 7.54075642817e-07], "min": [7.50810515002e-24, 6.67998105982e-24, 1.00388237877e-23, 1.30006864644e-23, 5.27848446472e-24, 4.2100824147e-24, 3.01691865985e-24, 3.00278976661e-24, 3.35784363549e-24, 3.55248993626e-24, 8.06973624921e-24, 1.6284118034e-23, 1.27594669991e-23, 4.38441081399e-24, 7.43721337591e-24, 3.9400379719e-24, 1.12660002665e-23, 9.78322891005e-24, 6.94096937943e-24, 1.71916946169e-23, 1.21665599316e-23, 1.51821661241e-23, 8.0154673521e-24, 7.31682058e-24, 4.29810824767e-24, 8.78952291585e-24, 8.33715694064e-24, 6.16906267278e-24, 4.64808047181e-24, 9.58827140366e-24, 6.45655711323e-24, 5.9797719487e-24, 5.45908194163e-24, 6.93614628386e-24, 9.02406151817e-24, 1.16237021442e-23, 8.69359506319e-24, 8.74363172155e-24, 1.18458619412e-23, 8.51809875533e-24], "var": [0.000115225528134, 0.000315208366374, 3.22483792843e-05, 4.6482664402e-06, 7.30422016204e-07, 3.49876714267e-08, 2.38771047378e-09, 9.45847622447e-10, 7.70492170066e-10, 1.7784560491e-09, 1.00006913861e-09, 1.6276628656e-10, 4.86398477051e-10, 5.87084603154e-10, 2.60444277256e-10, 1.06630912433e-10, 3.59263799266e-11, 2.91031972827e-11, 4.56943961835e-11, 2.29776364602e-10, 3.70756425561e-10, 5.77160402804e-11, 5.20648003877e-11, 1.1479578399e-10, 1.96196037194e-09, 8.68215943584e-10, 1.54291274201e-10, 6.25806767518e-11, 6.60196758373e-11, 1.63309726853e-10, 1.56530302609e-10, 1.2583650788e-10, 1.93557975203e-10, 1.80861561838e-10, 2.05995567826e-10, 1.69652389359e-10, 5.75612058018e-10, 3.67366331799e-10, 6.95670812623e-11, 3.01729613517e-11]}, "mfcc": {"mean": [-750.774536133, 52.3024787903, 64.8080062866, 49.6550788879, 20.6591739655, 26.9529685974, 16.2756252289, 18.0611915588, 3.01173639297, 1.27351081371, -8.32023239136, -4.5264172554, -6.10141658783], "cov": [[18611.4101562, -3459.56103516, -579.054931641, -227.287857056, -182.519638062, -249.37588501, -173.033569336, -219.87940979, -453.961486816, -167.277664185, -255.587631226, -106.926345825, -100.605361938], [-3459.56103516, 4072.34448242, -346.88092041, -360.079071045, 96.6969528198, -4.1088719368, -142.205505371, 67.2077560425, -13.4518690109, -35.8496017456, 118.753936768, 157.185684204, 119.150131226], [-579.054931641, -346.88092041, 1407.01049805, 708.22467041, 92.1052856445, 313.445495605, 371.377807617, 247.511474609, 273.730743408, 104.896125793, -49.8108329773, -39.4170799255, -9.01628780365], [-227.287857056, -360.079071045, 708.22467041, 581.637573242, 224.674514771, 250.975311279, 289.094573975, 217.966369629, 202.949401855, 141.572784424, 29.7926216125, 24.4949893951, 14.4456586838], [-182.519638062, 96.6969528198, 92.1052856445, 224.674514771, 280.827606201, 164.461700439, 168.198165894, 142.614395142, 128.381973267, 120.412879944, 88.0822219849, 71.4377059937, 45.1586532593], [-249.37588501, -4.1088719368, 313.445495605, 250.975311279, 164.461700439, 225.261642456, 173.918579102, 133.585021973, 126.784881592, 99.7663574219, 61.6943893433, 44.881275177, 27.7630729675], [-173.033569336, -142.205505371, 371.377807617, 289.094573975, 168.198165894, 173.918579102, 240.70425415, 179.72706604, 162.711959839, 111.147964478, 49.3952293396, 35.7250671387, 31.4470119476], [-219.87940979, 67.2077560425, 247.511474609, 217.966369629, 142.614395142, 133.585021973, 179.72706604, 181.599060059, 140.492279053, 101.181343079, 45.2443161011, 42.6913452148, 31.4115962982], [-453.961486816, -13.4518690109, 273.730743408, 202.949401855, 128.381973267, 126.784881592, 162.711959839, 140.492279053, 161.122650146, 93.0327301025, 44.7330589294, 30.4075317383, 29.7863044739], [-167.277664185, -35.8496017456, 104.896125793, 141.572784424, 120.412879944, 99.7663574219, 111.147964478, 101.181343079, 93.0327301025, 119.881668091, 72.5054931641, 56.9146461487, 32.4883308411], [-255.587631226, 118.753936768, -49.8108329773, 29.7926216125, 88.0822219849, 61.6943893433, 49.3952293396, 45.2443161011, 44.7330589294, 72.5054931641, 100.21055603, 69.6104431152, 47.2159347534], [-106.926345825, 157.185684204, -39.4170799255, 24.4949893951, 71.4377059937, 44.881275177, 35.7250671387, 42.6913452148, 30.4075317383, 56.9146461487, 69.6104431152, 86.4177932739, 59.4706230164], [-100.605361938, 119.150131226, -9.01628780365, 14.4456586838, 45.1586532593, 27.7630729675, 31.4470119476, 31.4115962982, 29.7863044739, 32.4883308411, 47.2159347534, 59.4706230164, 70.557472229]], "icov": [[8.05179661256e-05, 9.27321962081e-05, -6.49508365314e-05, 0.000172981483047, -0.000205640899367, -1.48649523908e-05, 3.84653540095e-05, -0.00036535091931, 0.000563703710213, -1.03229140223e-05, 0.000228815493756, -0.00012212836009, -8.59317515278e-05], [9.27321962081e-05, 0.000547600327991, -0.000658034346998, 0.00115568644833, -0.00120557635091, -4.42472046416e-05, 0.00174251734279, -0.00228618644178, 0.000913642521482, 0.000935772724915, -0.000456982321339, -0.00057488004677, -0.000109257562144], [-6.49508365314e-05, -0.000658034346998, 0.00523633696139, -0.00606463383883, 0.0064690252766, -0.00268812407739, -0.00508808484301, 0.00501976395026, -0.00482273986563, 0.000362463790225, 0.00336537905969, -2.45058090513e-05, -0.000482607632875], [0.000172981483047, 0.00115568644833, -0.00606463383883, 0.0128770861775, -0.00874954555184, 0.000253131263889, 0.00267415656708, -0.0065432288684, 0.00556274503469, -0.0023197948467, 0.000586138339713, -0.000655730254948, 0.000985402264632], [-0.000205640899367, -0.00120557635091, 0.0064690252766, -0.00874954555184, 0.0170651115477, -0.00490614958107, -0.00814610999078, 0.00637990329415, -0.00701524410397, -0.00126334303059, 0.000895700999536, -0.00185229734052, 0.000664476479869], [-1.48649523908e-05, -4.42472046416e-05, -0.00268812407739, 0.000253131263889, -0.00490614958107, 0.0147487670183, -0.0028374446556, -0.000388811924495, 0.000866475631483, 0.000167404854437, -0.00539509626105, -0.0015364876017, 0.00289511471055], [3.84653540095e-05, 0.00174251734279, -0.00508808484301, 0.00267415656708, -0.00814610999078, -0.0028374446556, 0.0357236787677, -0.0222983695567, -0.00201558577828, 0.00197995244525, -0.00650081783533, 0.00601234100759, -0.00452812248841], [-0.00036535091931, -0.00228618644178, 0.00501976395026, -0.0065432288684, 0.00637990329415, -0.000388811924495, -0.0222983695567, 0.0393461659551, -0.015428179875, -0.00827321317047, 0.0104067800567, -0.00714129535481, 0.0031898082234], [0.000563703710213, 0.000913642521482, -0.00482273986563, 0.00556274503469, -0.00701524410397, 0.000866475631483, -0.00201558577828, -0.015428179875, 0.0339473225176, -0.00687160110101, -0.00335936411284, 0.00953455734998, -0.00753382686526], [-1.03229140223e-05, 0.000935772724915, 0.000362463790225, -0.0023197948467, -0.00126334303059, 0.000167404854437, 0.00197995244525, -0.00827321317047, -0.00687160110101, 0.0344692096114, -0.0148423565552, -0.0109596308321, 0.00866898708045], [0.000228815493756, -0.000456982321339, 0.00336537905969, 0.000586138339713, 0.000895700999536, -0.00539509626105, -0.00650081783533, 0.0104067800567, -0.00335936411284, -0.0148423565552, 0.0381383933127, -0.0157854463905, -0.002742217388], [-0.00012212836009, -0.00057488004677, -2.45058090513e-05, -0.000655730254948, -0.00185229734052, -0.0015364876017, 0.00601234100759, -0.00714129535481, 0.00953455734998, -0.0109596308321, -0.0157854463905, 0.0533491931856, -0.0301641803235], [-8.59317515278e-05, -0.000109257562144, -0.000482607632875, 0.000985402264632, 0.000664476479869, 0.00289511471055, -0.00452812248841, 0.0031898082234, -0.00753382686526, 0.00866898708045, -0.002742217388, -0.0301641803235, 0.0394532904029]]}, "spectral_contrast_coeffs": {"dmean": [0.0657119452953, 0.042921833694, 0.0304968040437, 0.0232585705817, 0.0225933268666, 0.0181645881385], "dmean2": [0.102215580642, 0.0749005004764, 0.0524576343596, 0.0377911701798, 0.0338720269501, 0.02970684506], "dvar": [0.00331119331531, 0.00120382430032, 0.000624898064416, 0.000340990693076, 0.000413512403611, 0.000218799264985], "dvar2": [0.00788801349699, 0.00351734529249, 0.00174940517172, 0.000824774731882, 0.000862379267346, 0.000591384770814], "max": [-0.235641404986, -0.659189403057, -0.698476731777, -0.692022681236, -0.683923721313, -0.720482230186], "mean": [-0.542347669601, -0.825987815857, -0.865265071392, -0.850306630135, -0.820880115032, -0.797790229321], "median": [-0.525995135307, -0.827026426792, -0.869117498398, -0.854201674461, -0.826451897621, -0.796346664429], "min": [-0.973098635674, -0.970536351204, -0.967854738235, -0.963421702385, -0.964244663715, -0.963051855564], "var": [0.018316200003, 0.00193741428666, 0.00111075385939, 0.00137292419095, 0.00255487044342, 0.000835880346131]}, "spectral_contrast_valleys": {"dmean": [0.572703659534, 0.640327036381, 0.60452157259, 0.532330453396, 0.490844935179, 0.535099744797], "dmean2": [0.919408738613, 1.00888133049, 0.943972826004, 0.774829864502, 0.62929213047, 0.627885580063], "dvar": [0.391557395458, 0.596841394901, 0.49642342329, 0.438532531261, 0.374154835939, 0.406555652618], "dvar2": [0.748062252998, 1.23497223854, 1.02146410942, 0.769379913807, 0.532981574535, 0.579421281815], "max": [-4.93916034698, -5.08262205124, -5.76321172714, -6.59675168991, -5.85210132599, -7.40894651413], "mean": [-8.192242622