{"lowlevel": {"average_loudness": 0.957305490971, "barkbands_crest": {"dmean": 2.42059254646, "dmean2": 3.99355530739, "dvar": 4.75581598282, "dvar2": 12.811126709, "max": 23.1545772552, "mean": 8.87119007111, "median": 8.20968723297, "min": 2.24386048317, "var": 11.2975463867}, "barkbands_flatness_db": {"dmean": 0.0166005305946, "dmean2": 0.0240139141679, "dvar": 0.00020888223662, "dvar2": 0.00042350043077, "max": 0.256248056889, "mean": 0.107044614851, "median": 0.104475319386, "min": 0.0229376517236, "var": 0.00111420708708}, "barkbands_kurtosis": {"dmean": 1.83302175999, "dmean2": 2.90503144264, "dvar": 4.72348642349, "dvar2": 11.4671144485, "max": 39.8348922729, "mean": 3.45049405098, "median": 2.31571006775, "min": -1.91061806679, "var": 15.7132730484}, "barkbands_skewness": {"dmean": 0.394749104977, "dmean2": 0.614454209805, "dvar": 0.133644536138, "dvar2": 0.30499702692, "max": 5.15977191925, "mean": 1.54219090939, "median": 1.47685432434, "min": -2.3126938343, "var": 0.633435666561}, "barkbands_spread": {"dmean": 4.69638109207, "dmean2": 6.93613052368, "dvar": 40.219833374, "dvar2": 70.3919067383, "max": 97.5663604736, "mean": 21.7124786377, "median": 19.4133491516, "min": 2.20547223091, "var": 167.764190674}, "dissonance": {"dmean": 0.0176513753831, "dmean2": 0.0295730903745, "dvar": 0.00027908370248, "dvar2": 0.000746894045733, "max": 0.499999970198, "mean": 0.46302857995, "median": 0.467544615269, "min": 0.299096226692, "var": 0.000604265311267}, "dynamic_complexity": 2.26235532761, "erbbands_crest": {"dmean": 2.46328043938, "dmean2": 3.9355661869, "dvar": 6.03434419632, "dvar2": 14.4558029175, "max": 28.7730045319, "mean": 8.6692533493, "median": 7.58089256287, "min": 2.31888866425, "var": 17.823059082}, "erbbands_flatness_db": {"dmean": 0.0159285180271, "dmean2": 0.0218806993216, "dvar": 0.000223442475544, "dvar2": 0.000418435316533, "max": 0.275263011456, "mean": 0.131085857749, "median": 0.128535121679, "min": 0.0404326468706, "var": 0.00122167612426}, "erbbands_kurtosis": {"dmean": 0.707679569721, "dmean2": 1.10236430168, "dvar": 0.996586441994, "dvar2": 2.39185476303, "max": 24.0190792084, "mean": 0.325191169977, "median": -0.189623117447, "min": -1.7547185421, "var": 3.05166816711}, "erbbands_skewness": {"dmean": 0.30279943347, "dmean2": 0.460965186357, "dvar": 0.0807136595249, "dvar2": 0.177796214819, "max": 3.94541430473, "mean": 0.496704638004, "median": 0.495179504156, "min": -2.60116219521, "var": 0.399603098631}, "erbbands_spread": {"dmean": 6.82353878021, "dmean2": 10.2141542435, "dvar": 60.5675048828, "dvar2": 124.534584045, "max": 120.811500549, "mean": 38.761302948, "median": 37.167930603, "min": 4.34195613861, "var": 257.574371338}, "hfc": {"dmean": 6.57202577591, "dmean2": 9.04733562469, "dvar": 113.229820251, "dvar2": 189.347564697, "max": 332.627960205, "mean": 26.8439693451, "median": 23.227191925, "min": 1.09746988481e-16, "var": 492.921936035}, "melbands_crest": {"dmean": 3.18881130219, "dmean2": 5.2920165062, "dvar": 7.48509931564, "dvar2": 19.8618335724, "max": 29.3375759125, "mean": 12.2860469818, "median": 11.6412830353, "min": 1.58746349812, "var": 16.358455658}, "melbands_flatness_db": {"dmean": 0.0202875863761, "dmean2": 0.0298586320132, "dvar": 0.000325842702296, "dvar2": 0.000653537805192, "max": 0.347535282373, "mean": 0.187312319875, "median": 0.18597407639, "min": 0.00343121541664, "var": 0.00208809436299}, "melbands_kurtosis": {"dmean": 3.96658015251, "dmean2": 6.34989023209, "dvar": 22.3248634338, "dvar2": 54.9726219177, "max": 79.7676086426, "mean": 9.32677745819, "median": 6.99902439117, "min": -1.37934243679, "var": 63.837146759}, "melbands_skewness": {"dmean": 0.534738302231, "dmean2": 0.840296447277, "dvar": 0.248066142201, "dvar2": 0.58000254631, "max": 8.07406330109, "mean": 2.33946037292, "median": 2.22457671165, "min": -0.928157150745, "var": 1.05537962914}, "melbands_spread": {"dmean": 5.24637651443, "dmean2": 7.96823501587, "dvar": 63.4234771729, "dvar2": 120.230438232, "max": 208.231643677, "mean": 21.3897686005, "median": 18.7334022522, "min": 3.00795340538, "var": 255.470336914}, "pitch_salience": {"dmean": 0.0682742074132, "dmean2": 0.112201474607, "dvar": 0.00340386549942, "dvar2": 0.00881791301072, "max": 0.867241024971, "mean": 0.591264128685, "median": 0.5944262743, "min": 0.193700730801, "var": 0.00911807268858}, "silence_rate_20dB": {"dmean": 0, "dmean2": 0, "dvar": 0, "dvar2": 0, "max": 1, "mean": 1, "median": 1, "min": 1, "var": 0}, "silence_rate_30dB": {"dmean": 0, "dmean2": 0, "dvar": 0, "dvar2": 0, "max": 1, "mean": 1, "median": 1, "min": 1, "var": 0}, "silence_rate_60dB": {"dmean": 0.00233304174617, "dmean2": 0.00466653704643, "dvar": 0.00232787360437, "dvar2": 0.00522916018963, "max": 1, "mean": 0.0245917569846, "median": 0, "min": 0, "var": 0.0239876303822}, "spectral_centroid": {"dmean": 183.603118896, "dmean2": 273.736999512, "dvar": 51628.8554688, "dvar2": 90382.28125, "max": 11434.9433594, "mean": 1184.6427002, "median": 1111.19897461, "min": 299.200653076, "var": 533695.625}, "spectral_complexity": {"dmean": 3.6813454628, "dmean2": 5.46237611771, "dvar": 12.3530292511, "dvar2": 24.4158248901, "max": 51, "mean": 22.1202373505, "median": 22, "min": 0, "var": 67.6643447876}, "spectral_decrease": {"dmean": 2.15248752156e-09, "dmean2": 3.37982086762e-09, "dvar": 5.25395884259e-18, "dvar2": 1.24885230798e-17, "max": 2.39834226341e-28, "mean": -8.63109672622e-09, "median": -8.44947667389e-09, "min": -2.4265974119e-08, "var": 1.81165127294e-17}, "spectral_energy": {"dmean": 0.00846433266997, "dmean2": 0.0132347419858, "dvar": 8.02493159426e-05, "dvar2": 0.000190133752767, "max": 0.0965648517013, "mean": 0.0350104235113, "median": 0.0346847549081, "min": 1.01518915304e-20, "var": 0.000284592504613}, "spectral_energyband_high": {"dmean": 0.000437286362285, "dmean2": 0.000573589117266, "dvar": 1.56196290391e-06, "dvar2": 2.36747428062e-06, "max": 0.0389047116041, "mean": 0.00108063302469, "median": 0.00052092038095, "min": 7.08432534831e-21, "var": 6.40131747787e-06}, "spectral_energyband_low": {"dmean": 0.00506291724741, "dmean2": 0.00841370970011, "dvar": 4.72737774544e-05, "dvar2": 0.000117797484563, "max": 0.0737368017435, "mean": 0.00937739387155, "median": 0.00662963651121, "min": 2.63999212354e-23, "var": 8.274125139e-05}, "spectral_energyband_middle_high": {"dmean": 0.0019327797927, "dmean2": 0.00282504176721, "dvar": 7.01029648553e-06, "dvar2": 1.51097729031e-05, "max": 0.0734959095716, "mean": 0.00638122111559, "median": 0.00479326024652, "min": 1.11824256916e-21, "var": 3.43294341292e-05}, "spectral_energyband_middle_low": {"dmean": 0.00560478540137, "dmean2": 0.00868245586753, "dvar": 4.07019433624e-05, "dvar2": 9.60404577199e-05, "max": 0.0871239453554, "mean": 0.0198034439236, "median": 0.0176542885602, "min": 1.48306948276e-22, "var": 0.000144016914419}, "spectral_entropy": {"dmean": 0.142464101315, "dmean2": 0.191039726138, "dvar": 0.0213562976569, "dvar2": 0.0349789224565, "max": 9.81689453125, "mean": 7.58214902878, "median": 7.58230400085, "min": 6.20808458328, "var": 0.142882227898}, "spectral_flux": {"dmean": 0.0234829559922, "dmean2": 0.0367693156004, "dvar": 0.000542282243259, "dvar2": 0.00124738423619, "max": 0.312962502241, "mean": 0.0927717015147, "median": 0.0888595283031, "min": 6.36608127325e-11, "var": 0.00159846385941}, "spectral_kurtosis": {"dmean": 1.18460083008, "dmean2": 1.84374642372, "dvar": 1.76130104065, "dvar2": 4.03215408325, "max": 23.2310466766, "mean": 5.37237691879, "median": 5.18906736374, "min": -1.2763402462, "var": 7.07244634628}, "spectral_rms": {"dmean": 0.000695146736689, "dmean2": 0.0010770605877, "dvar": 4.71966103532e-07, "dvar2": 1.08707342861e-06, "max": 0.0097061637789, "mean": 0.00561544438824, "median": 0.00581711158156, "min": 3.1471073577e-12, "var": 2.62328012468e-06}, "spectral_rolloff": {"dmean": 417.023223877, "dmean2": 680.298706055, "dvar": 721329.875, "dvar2": 1365132.5, "max": 19444.4824219, "mean": 1398.94787598, "median": 990.52734375, "min": 107.666015625, "var": 3050289.5}, "spectral_skewness": {"dmean": 0.178850382566, "dmean2": 0.266273021698, "dvar": 0.036345385015, "dvar2": 0.0702241957188, "max": 3.70145988464, "mean": 1.7697674036, "median": 1.78796076775, "min": -0.0623954758048, "var": 0.228623390198}, "spectral_spread": {"dmean": 547623, "dmean2": 745549.625, "dvar": 648099069952, "dvar2": 1071243919360.0, "max": 42940900, "mean": 5050506.5, "median": 4669538, "min": 1879578.875, "var": 6545919180800.0}, "spectral_strongpeak": {"dmean": 0.565159618855, "dmean2": 0.946773946285, "dvar": 0.633909881115, "dvar2": 1.54907596111, "max": 14.5411186218, "mean": 1.10638928413, "median": 0.583483099937, "min": 0, "var": 1.45916640759}, "zerocrossingrate": {"dmean": 0.0102494442835, "dmean2": 0.0116857104003, "dvar": 0.000180995557457, "dvar2": 0.000184900141903, "max": 0.52880859375, "mean": 0.062745898962, "median": 0.05517578125, "min": 0.0126953125, "var": 0.00187771522906}, "barkbands": {"dmean": [0.000169886217918, 0.00312453624792, 0.0023349346593, 0.00168960751034, 0.00251724827103, 0.00165057671256, 0.00138043810148, 0.00178263289854, 0.00103565177415, 0.000646068423521, 0.000707389088348, 0.000359100289643, 0.000361582118785, 0.000498207693454, 0.000218654793571, 0.000216724249185, 0.000290365656838, 0.000215037871385, 0.00011648718646, 9.57517622737e-05, 7.28143277229e-05, 7.9556441051e-05, 9.72136040218e-05, 0.000144572230056, 5.70515803702e-05, 3.19791470247e-05, 2.86660888378e-05], "dmean2": [0.000287928181933, 0.00531751755625, 0.00399291701615, 0.00282340985723, 0.00404228689149, 0.0026014347095, 0.00221279775724, 0.00273846532218, 0.00160892214626, 0.000972525565885, 0.00107943022158, 0.000567634881008, 0.000584659806918, 0.000813142745756, 0.00033984798938, 0.000346302840626, 0.000456447625766, 0.000336315511959, 0.000188642923604, 0.000150232997839, 0.000111691544589, 0.000115035123599, 0.000137091861689, 0.000203173054615, 7.64498618082e-05, 4.47835227533e-05, 4.19065545429e-05], "dvar": [1.05893725788e-07, 2.8438944355e-05, 1.10662185762e-05, 5.1845931921e-06, 1.00880879472e-05, 9.60181569098e-06, 1.14111217044e-05, 1.37344813993e-05, 5.41632607565e-06, 1.35276377478e-06, 3.33497746396e-06, 3.84460264513e-07, 6.70062036079e-07, 8.12319058241e-07, 1.88682861335e-07, 1.53614706733e-07, 2.56854832514e-07, 1.29868084286e-07, 2.97898097301e-08, 2.60864219115e-08, 1.97651370826e-08, 5.3848662418e-08, 1.28432319002e-07, 4.68279353072e-07, 4.54603608091e-08, 2.73766187497e-09, 2.61830068737e-09], "dvar2": [3.00117761753e-07, 7.49673417886e-05, 3.09298011416e-05, 1.39109652082e-05, 2.56196817645e-05, 2.22050312004e-05, 2.6723890187e-05, 3.06838628603e-05, 1.29093141368e-05, 2.76569767266e-06, 7.235562407e-06, 9.2186803613e-07, 1.6199072661e-06, 1.93905316337e-06, 4.33232855812e-07, 3.49396628962e-07, 6.01265924161e-07, 3.11721663593e-07, 7.51047792846e-08, 6.1678186114e-08, 4.13220959672e-08, 1.12849420475e-07, 2.35302977103e-07, 8.93822232229e-07, 7.3734767625e-08, 5.64643753975e-09, 5.97730887009e-09], "max": [0.00316609675065, 0.0464458167553, 0.0390627160668, 0.036771312356, 0.0545499064028, 0.0660831406713, 0.0702930688858, 0.0668796896935, 0.0412953011692, 0.0395678021014, 0.0691897720098, 0.0176643673331, 0.0217476356775, 0.0295354090631, 0.00927411112934, 0.0125639149919, 0.0123781580478, 0.00986193679273, 0.00513386446983, 0.00831561628729, 0.00354837323539, 0.00813114736229, 0.00954141933471, 0.0249180682003, 0.00757500436157, 0.00171011639759, 0.000717296381481], "mean": [0.000184749005712, 0.00433758832514, 0.00354800838977, 0.00271049584262, 0.00546597409993, 0.003499527229, 0.00218724133447, 0.00339043466374, 0.00192260497715, 0.00130168255419, 0.0013845351059, 0.000599332968704, 0.000522597227246, 0.000755139859393, 0.000352867820766, 0.00038410993875, 0.000567321723793, 0.000441380776465, 0.000253197125858, 0.00020959226822, 0.000157909016707, 0.000162738695508, 0.000182859439519, 0.000256480096141, 0.000120465367218, 6.64800172672e-05, 4.51426094514e-05], "median": [2.99989114865e-05, 0.00195204652846, 0.00239813188091, 0.00177332933526, 0.00386171368882, 0.00177452689968, 0.000885196961462, 0.00121593941003, 0.00075125292642, 0.000653207302094, 0.000522716087289, 0.000339248392265, 0.000214232772123, 0.000336550467182, 0.00017497400404, 0.000188941412489, 0.000283900037175, 0.000256149447523, 0.000169865787029, 0.000141357406392, 9.5895738923e-05, 7.09404775989e-05, 5.36868319614e-05, 5.4873235058e-05, 4.70459926873e-05, 3.48775320163e-05, 1.69042596099e-05], "min": [9.61315858471e-25, 9.42707162198e-24, 3.47850267196e-24, 1.26109276461e-24, 1.54878260591e-23, 1.9128247165e-23, 9.27484592196e-24, 1.06943135573e-23, 1.53495387424e-23, 1.05343901526e-23, 2.61917092881e-23, 2.92635588965e-23, 2.99968682168e-23, 4.57022179373e-23, 5.46794897486e-23, 9.13250259805e-23, 4.90355875577e-23, 1.15186111988e-22, 1.93099063698e-22, 2.41601892465e-22, 2.12086201002e-22, 3.60266515014e-22, 4.41508156821e-22, 6.4025425291e-22, 9.28725817499e-22, 1.3706633166e-21, 1.84983454556e-21], "var": [1.28263181409e-07, 4.01666584366e-05, 1.41683185575e-05, 8.93431115401e-06, 2.88841711154e-05, 2.84753950837e-05, 1.82035801117e-05, 3.30852053594e-05, 1.32504128487e-05, 5.26453595739e-06, 1.13688493002e-05, 6.61990043227e-07, 1.0080169659e-06, 1.52187237745e-06, 3.21228185385e-07, 4.09131018841e-07, 6.74932493894e-07, 3.06809283757e-07, 8.00770578735e-08, 6.55133405303e-08, 5.38623403656e-08, 1.61163939083e-07, 3.84758465088e-07, 1.31191472974e-06, 1.37866592809e-07, 7.07413949641e-09, 4.24557944356e-09]}, "erbbands": {"dmean": [0.0953057259321, 0.732509374619, 2.35846948624, 4.00178146362, 7.21387052536, 9.08399295807, 11.172624588, 15.0693445206, 18.1279354095, 30.6282100677, 30.0421886444, 25.8502655029, 19.7695846558, 17.4737987518, 28.2536392212, 13.6200408936, 15.1933708191, 24.8355579376, 12.9505701065, 12.7251253128, 8.66714000702, 13.5911340714, 13.3790597916, 7.64717435837, 4.81629800797, 4.57002449036, 3.15864896774, 2.82350707054, 2.58795309067, 2.99772882462, 2.97263646126, 3.17553424835, 2.22014975548, 0.884031057358, 0.337498664856, 0.144535899162, 0.0577573291957, 0.019589651376, 0.0051864371635, 0.000339901860571], "dmean2": [0.163127690554, 1.24829876423, 4.04041004181, 6.61728858948, 12.1445970535, 14.5091161728, 17.3675422668, 24.0820789337, 29.2708263397, 45.8302497864, 47.0133895874, 40.0953826904, 30.594701767, 25.3723964691, 43.2112045288, 21.4422283173, 24.3830928802, 40.757484436, 19.9027233124, 19.8196430206, 13.6661310196, 21.3493118286, 20.5013446808, 12.4660377502, 7.59553623199, 7.25513458252, 4.97794055939, 4.20969343185, 3.76511502266, 4.39057064056, 4.20000600815, 4.4480638504, 3.19700169563, 1.2065333128, 0.455296874046, 0.200812473893, 0.0825365558267, 0.0281920954585, 0.00771200563759, 0.000500317313708], "dvar": [0.0355524532497, 1.5215126276, 12.595240593, 26.5300979614, 82.0183486938, 191.019302368, 398.959838867, 914.389648438, 2026.33056641, 4235.82519531, 5622.890625, 3248.86303711, 1124.35632324, 1648.08557129, 4995.12988281, 462.145904541, 1090.29187012, 2133.71972656, 450.886932373, 612.415771484, 177.495742798, 589.36505127, 459.617950439, 115.637031555, 79.3329238892, 54.1196975708, 28.4026985168, 55.1467018127, 51.688041687, 97.7717437744, 131.74432373, 199.966033936, 137.929244995, 13.4323444366, 1.18892109394, 0.0839366614819, 0.00878245104104, 0.000981422606856, 8.72709497344e-05, 3.96248594825e-07], "dvar2": [0.101933680475, 3.9023835659, 34.855052948, 73.0365982056, 231.88659668, 474.028869629, 870.45880127, 2156.26171875, 4800.29785156, 8894.3359375, 13183.1650391, 7508.47900391, 2625.78759766, 2827.83618164, 11207.0361328, 1094.34667969, 2641.89819336, 5037.28857422, 1011.06317139, 1373.10913086, 422.932952881, 1400.28344727, 1068.73718262, 310.79888916, 191.092254639, 130.626037598, 64.1563491821, 114.976898193, 108.525169373, 212.822769165, 236.52255249, 368.468414307, 287.934448242, 22.8872566223, 2.12466096878, 0.165659114718, 0.0183496680111, 0.00217401445843, 0.00020152120851, 9.10251173991e-07], "max": [1.45173120499, 11.570857048, 40.1599311829, 73.7147216797, 175.689956665, 261.86895752, 391.767120361, 638.209899902, 926.755859375, 1409.55200195, 1809.47131348, 1104.30285645, 801.545227051, 1383.87487793, 2585.91821289, 397.364746094, 832.923034668, 1678.0847168, 422.009643555, 644.931335449, 373.039916992, 529.534362793, 529.128845215, 173.2993927, 323.780303955, 330.199462891, 248.715011597, 187.244537354, 270.78604126, 342.458465576, 348.53527832, 397.377532959, 487.548583984, 121.05973053, 52.6703300476, 13.2365999222, 3.0408539772, 0.496326297522, 0.13996937871, 0.00808507483453], "mean": [0.114227116108, 1.02095162868, 3.53089237213, 7.37860774994, 12.7935171127, 18.4583930969, 24.5629310608, 30.2619438171, 31.0609416962, 59.2324676514, 57.7005844116, 50.9848480225, 38.4908866882, 38.0650596619, 57.7933197021, 25.7311515808, 24.6621818542, 38.1096343994, 22.5812301636, 23.5604877472, 17.9250850677, 28.4229717255, 29.6937885284, 16.6744499207, 11.1656274796, 9.95418548584, 7.35427284241, 5.77255678177, 5.23926544189, 5.78308296204, 5.53861761093, 5.62862539291, 3.74202537537, 1.72107350826, 0.715763628483, 0.308197677135, 0.115470379591, 0.0348737090826, 0.00803768541664, 0.000553591002245], "median": [0.0249903127551, 0.514960408211, 2.42622566223, 5.25513744354, 8.97905635834, 11.318113327, 13.1564264297, 15.5580120087, 14.4321937561, 24.1928081512, 26.6449317932, 20.9643783569, 21.1893692017, 17.6889533997, 23.8789539337, 15.5513687134, 11.5362854004, 18.0015010834, 12.5053100586, 11.8952636719, 10.4338588715, 15.0545597076, 16.7734165192, 11.5163469315, 7.34690237045, 6.97603225708, 4.86110496521, 2.92960000038, 2.21239423752, 2.24406290054, 1.57091641426, 1.18557500839, 0.83035504818, 0.561121344566, 0.32065179944, 0.168019413948, 0.0568804740906, 0.0172642581165, 0.00295869586989, 0.000204376556212], "min": [1.92199055446e-22, 1.43697266713e-21, 3.94614467985e-21, 1.28940905807e-20, 1.68312578467e-20, 3.30614429626e-20, 4.99274100834e-20, 1.81225539913e-19, 1.60402082248e-19, 1.64842827216e-19, 3.47111687451e-19, 3.72885394568e-19, 4.17822265688e-19, 7.37420969538e-19, 1.60542449628e-18, 1.83073143454e-18, 1.69717464605e-18, 2.36270596893e-18, 3.2450101043e-18, 2.16363420117e-18, 5.99867533834e-18, 2.98013860036e-18, 6.84587620325e-18, 7.27249584495e-18, 9.50776781628e-18, 9.68963753602e-18, 8.86501043002e-18, 1.01980219133e-17, 1.08368063511e-17, 1.03461807144e-17, 1.35270450301e-17, 1.16440676273e-17, 1.06062992385e-17, 8.72501590161e-18, 6.2135714848e-18, 4.20380714643e-18, 2.52120142572e-18, 9.9181902276e-19, 2.72530033195e-19, 2.72215736874e-20], "var": [0.0443789884448, 2.02641797066, 14.3561553955, 49.0839424133, 151.56652832, 499.609893799, 1365.25720215, 2402.13696289, 3193.1418457, 10266.0253906, 10486.5039062, 9050.62988281, 2821.67504883, 7163.61181641, 15868.6396484, 947.85168457, 1837.05993652, 4011.90356445, 1006.42327881, 1430.38317871, 453.835205078, 1604.45727539, 1312.9744873, 281.491363525, 194.699859619, 131.270080566, 92.768081665, 128.83380127, 156.999923706, 254.678634644, 394.795532227, 582.503479004, 323.768981934, 39.3326759338, 3.42626428604, 0.226026251912, 0.0212485659868, 0.0019133198075, 0.000136246424518, 6.25813754596e-07]}, "gfcc": {"mean": [37.2753944397, 81.8477935791, -97.9200820923, 14.3373193741, -52.0775947571, 1.80215728283, -35.686164856, 5.67926311493, -24.3276538849, -2.74243330956, -16.296377182, -1.67061722279, -15.5539112091], "cov": [[10754.8144531, -167.089477539, -208.768829346, -72.8009414673, -210.076065063, 112.585983276, -94.7342300415, 98.7089767456, -19.1467075348, 13.3924465179, -76.4925537109, 84.2735214233, -80.6982727051], [-167.089477539, 850.802246094, -264.257965088, 29.0932025909, 68.3072662354, -65.923614502, 53.6329154968, 72.5601654053, 7.58908462524, 7.2666592598, 47.3107910156, -22.2009010315, 4.82071399689], [-208.768829346, -264.257965088, 579.28704834, -57.61951828, 43.1868247986, 61.8370742798, 17.4853439331, -9.75558662415, 18.0725364685, 30.599615097, 29.3259143829, 60.0691108704, 17.6463165283], [-72.8009414673, 29.0932025909, -57.61951828, 291.125427246, -30.2580528259, 54.2255744934, -18.3117618561, 7.07922029495, 18.0641040802, 17.3310489655, 12.4769306183, -16.914308548, 25.2700824738], [-210.076065063, 68.3072662354, 43.1868247986, -30.2580528259, 230.513931274, -53.6026229858, 36.1256484985, 30.5204601288, 33.0353012085, 20.2223434448, 12.7976741791, 30.9889297485, -1.58547770977], [112.585983276, -65.923614502, 61.8370742798, 54.2255744934, -53.6026229858, 176.248291016, 50.987613678, -10.8071680069, -6.92206096649, 15.4416904449, 8.51446342468, -12.2468194962, 19.9262561798], [-94.7342300415, 53.6329154968, 17.4853439331, -18.3117618561, 36.1256484985, 50.987613678, 150.755844116, 47.1768989563, 19.2553443909, 18.2142009735, 9.15652370453, 2.05740427971, 3.62892413139], [98.7089767456, 72.5601654053, -9.75558662415, 7.07922029495, 30.5204601288, -10.8071680069, 47.1768989563, 125.078804016, 56.1119003296, 2.53933143616, 11.8355360031, 13.9124135971, -2.5329117775], [-19.1467075348, 7.58908462524, 18.0725364685, 18.0641040802, 33.0353012085, -6.92206096649, 19.2553443909, 56.1119003296, 97.4018096924, 25.5723819733, 11.1173467636, 6.85043621063, -0.479055404663], [13.3924465179, 7.2666592598, 30.599615097, 17.3310489655, 20.2223434448, 15.4416904449, 18.2142009735, 2.53933143616, 25.5723819733, 75.943572998, 30.4347934723, -1.09684586525, -4.96168851852], [-76.4925537109, 47.3107910156, 29.3259143829, 12.4769306183, 12.7976741791, 8.51446342468, 9.15652370453, 11.8355360031, 11.1173467636, 30.4347934723, 65.3848876953, 26.8279438019, 5.4882850647], [84.2735214233, -22.2009010315, 60.0691108704, -16.914308548, 30.9889297485, -12.2468194962, 2.05740427971, 13.9124135971, 6.85043621063, -1.09684586525, 26.8279438019, 66.9141082764, 20.3380393982], [-80.6982727051, 4.82071399689, 17.6463165283, 25.2700824738, -1.58547770977, 19.9262561798, 3.62892413139, -2.5329117775, -0.479055404663, -4.96168851852, 5.4882850647, 20.3380393982, 55.8791542053]], "icov": [[0.000112287561933, -1.00328197732e-05, 8.32343939692e-05, 4.77220855828e-05, 0.000106231265818, -0.000214138082811, 0.000174710177816, -0.000197093118913, 8.79343278939e-05, -0.000265651236987, 0.000411530723795, -0.000531020807102, 0.000304274377413], [-1.00328197732e-05, 0.00175566307735, 0.000695091381203, -1.992820944e-05, -0.000527884869371, 0.000699102354702, -0.000549432414118, -0.00082211807603, 0.000581375556067, 0.000370523222955, -0.0022236185614, 0.00166606332641, -0.000992409768514], [8.32343939692e-05, 0.000695091381203, 0.00253681885079, 0.00059735099785, -0.000460533628939, -0.00114017061424, 0.000258597079664, -5.12602382514e-05, -0.000192868625163, -0.000799391709734, -0.00027007094468, -0.0018786060391, 1.01970783817e-06], [4.77220855828e-05, -1.992820944e-05, 0.00059735099785, 0.00438426993787, -3.54392341251e-07, -0.00168642122298, 0.00157601968385, -0.000750255188905, -0.000708812556695, -0.000839346612338, -0.000746467383578, 0.00130628945772, -0.00211841985583], [0.000106231265818, -0.000527884869371, -0.000460533628939, -3.54392341251e-07, 0.00597324967384, 0.00190078211017, -0.00156583229546, 0.000205532531254, -0.00107440119609, -0.00169299950358, 0.00166794972029, -0.00312665523961, 0.0007618588279], [-0.000214138082811, 0.000699102354702, -0.00114017061424, -0.00168642122298, 0.00190078211017, 0.00977139919996, -0.00452333502471, 0.00132525560912, 0.000604924221989, 3.16863261105e-05, -0.00260448339395, 0.00391216669232, -0.00348361977376], [0.000174710177816, -0.000549432414118, 0.000258597079664, 0.00157601968385, -0.00156583229546, -0.00452333502471, 0.0104223508388, -0.00422699283808, 0.000802326772828, -0.00236909487285, 0.00157280277926, -0.00054601195734, 4.62162788608e-05], [-0.000197093118913, -0.00082211807603, -5.12602382514e-05, -0.000750255188905, 0.000205532531254, 0.00132525560912, -0.00422699283808, 0.0141299217939, -0.00779985077679, 0.00381895666942, -0.00146389647853, -0.00189613981638, 0.0016961498186], [8.79343278939e-05, 0.000581375556067, -0.000192868625163, -0.000708812556695, -0.00107440119609, 0.000604924221989, 0.000802326772828, -0.00779985077679, 0.0164776686579, -0.0056354990229, 0.00110011768993, 0.00029446039116, -0.000767923891544], [-0.000265651236987, 0.000370523222955, -0.000799391709734, -0.000839346612338, -0.00169299950358, 3.16863261105e-05, -0.00236909487285, 0.00381895666942, -0.0056354990229, 0.0213601775467, -0.0117678409442, 0.00631521455944, 0.00118965038564], [0.000411530723795, -0.0022236185614, -0.00027007094468, -0.000746467383578, 0.00166794972029, -0.00260448339395, 0.00157280277926, -0.00146389647853, 0.00110011768993, -0.0117678409442, 0.0289315078408, -0.015218554996, 0.00367855885997], [-0.000531020807102, 0.00166606332641, -0.0018786060391, 0.00130628945772, -0.00312665523961, 0.00391216669232, -0.00054601195734, -0.00189613981638, 0.00029446039116, 0.00631521455944, -0.015218554996, 0.0304140839726, -0.0114540196955], [0.000304274377413, -0.000992409768514, 1.01970783817e-06, -0.00211841985583, 0.0007618588279, -0.00348361977376, 4.62162788608e-05, 0.0016961498186, -0.000767923891544, 0.00118965038564, 0.00367855885997, -0.0114540196955, 0.0246228352189]]}, "melbands": {"dmean": [0.000846980430651, 0.00108189310413, 0.000735610548873, 0.000544269336388, 0.000408532068832, 0.000331412156811, 0.000276419043075, 0.000361220067134, 0.000242666283157, 0.000148441191413, 9.83770369203e-05, 7.01921817381e-05, 9.88575848169e-05, 4.85059536004e-05, 3.23872191075e-05, 3.48851681338e-05, 5.20330941072e-05, 2.43906270043e-05, 1.68954211404e-05, 1.92356474145e-05, 9.48229899222e-06, 1.29608752104e-05, 1.9911547497e-05, 1.01930854726e-05, 6.65994866722e-06, 4.39530822405e-06, 3.5574944377e-06, 3.02721764456e-06, 2.23143069888e-06, 1.96656242224e-06, 1.7523096858e-06, 1.52240681928e-06, 1.72747331817e-06, 1.66067775353e-06, 1.65258438756e-06, 2.08396204471e-06, 1.96857195078e-06, 1.75252330337e-06, 1.16725323096e-06, 6.74691989389e-07], "dmean2": [0.00143370951992, 0.00182545057032, 0.00122890842613, 0.000895282952115, 0.000630600436125, 0.000526222924236, 0.000443481374532, 0.000541471585166, 0.000380757934181, 0.000229863944696, 0.000152733337018, 0.000102066653199, 0.000150135529111, 7.55039000069e-05, 5.09642486577e-05, 5.59636391699e-05, 8.60550426296e-05, 3.81924364774e-05, 2.63696747425e-05, 3.06516303681e-05, 1.49058969328e-05, 2.05074284167e-05, 3.12453266815e-05, 1.60780437e-05, 1.10281134766e-05, 7.11258826414e-06, 5.59220234209e-06, 4.86481485495e-06, 3.56026498594e-06, 3.09340884996e-06, 2.63665720013e-06, 2.27922942031e-06, 2.55489408119e-06, 2.49524237006e-06, 2.41258908318e-06, 2.92867457574e-06, 2.83826193481e-06, 2.60989509115e-06, 1.64771120126e-06, 9.42502765611e-07], "dvar": [2.38231609728e-06, 2.63035326498e-06, 7.78105004429e-07, 4.61476531655e-07, 4.31656729916e-07, 4.16557298877e-07, 4.52370898074e-07, 5.36749723778e-07, 3.81148936413e-07, 1.0265576833e-07, 2.81614997988e-08, 2.8358023485e-08, 6.90962878025e-08, 7.75544428677e-09, 4.01856592447e-09, 6.88465950915e-09, 9.19231446517e-09, 1.69175895515e-09, 1.38718581066e-09, 1.36572964049e-09, 2.33396468818e-10, 5.96420857146e-10, 1.37490629992e-09, 3.00037134027e-10, 9.72247143904e-11, 6.78870779036e-11, 3.14475112617e-11, 2.98790645004e-11, 1.92809136712e-11, 1.32783948767e-11, 2.40561997406e-11, 1.86875966091e-11, 2.58079096288e-11, 3.44127434881e-11, 3.88703166876e-11, 8.15669753962e-11, 8.34895277912e-11, 1.01572583677e-10, 3.0344747548e-11, 7.19815309788e-12], "dvar2": [6.52430799164e-06, 6.95226071912e-06, 2.13394901039e-06, 1.21553102872e-06, 9.74916588348e-07, 9.77532636171e-07, 1.06533104827e-06, 1.12751399683e-06, 9.10136009225e-07, 2.36297225342e-07, 6.55823981788e-08, 4.70848071643e-08, 1.50197422499e-07, 1.86805397817e-08, 9.07105857095e-09, 1.64402553793e-08, 2.25124701103e-08, 3.88874488166e-09, 3.23305049399e-09, 3.02534108876e-09, 5.49250145365e-10, 1.41802747322e-09, 3.20701065704e-09, 7.4184741683e-10, 2.68417899019e-10, 1.68557154345e-10, 7.07160510705e-11, 7.45908543265e-11, 4.52930713768e-11, 3.03835116788e-11, 5.08795679199e-11, 4.1054683958e-11, 5.62833842033e-11, 7.80559991642e-11, 7.56829529602e-11, 1.44827816406e-10, 1.68068961526e-10, 2.36314384727e-10, 5.47833896303e-11, 1.31107971701e-11], "max": [0.0122687425464, 0.0175115801394, 0.0141029693186, 0.0124122416601, 0.0120830405504, 0.0130474688485, 0.0151083730161, 0.0145556312054, 0.0142723880708, 0.0060643106699, 0.00390502344817, 0.00608569057658, 0.0112161347643, 0.00345393409953, 0.00148799351882, 0.00293734460138, 0.00307787233032, 0.00093050126452, 0.000930428039283, 0.00119012512732, 0.000433928740676, 0.000630124355666, 0.000932361814193, 0.00036312956945, 0.000163138305652, 0.000311141775455, 0.00018359918613, 0.000318573322147, 0.000267484982032, 0.000102983329271, 0.00015149830142, 0.000187006793567, 0.000165336459759, 0.000204374940949, 0.000180676273885, 0.000271507684374, 0.000240322668105, 0.000392135523725, 0.000201791030122, 9.02342508198e-05], "mean": [0.00111515715253, 0.00173650099896, 0.00145897245966, 0.0011024447158, 0.000913825875614, 0.000675168761518, 0.000465855177026, 0.000700879434589, 0.000465771328891, 0.000284817564534, 0.000182165545993, 0.000144798614201, 0.000198859634111, 9.13386975299e-05, 5.39056527487e-05, 5.03646842844e-05, 7.66761586419e-05, 3.89189626731e-05, 2.72580600722e-05, 3.38612262567e-05, 1.77548645297e-05, 2.55375343841e-05, 3.87207146559e-05, 2.03307899937e-05, 1.25815267893e-05, 8.88028807822e-06, 7.2626075962e-06, 6.20164246357e-06, 4.72074452773e-06, 3.8899656829e-06, 3.20596427628e-06, 2.86898944069e-06, 3.26069971379e-06, 3.05371804643e-06, 2.92183426609e-06, 3.67972802451e-06, 3.26902977577e-06, 2.77373578683e-06, 1.98059206014e-06, 1.28164572288e-06], "median": [0.0003994491708, 0.00121427886188, 0.00113206135575, 0.000802829861641, 0.000522099086083, 0.000346942106262, 0.00020218885038, 0.000266582530458, 0.000215620108065, 0.000115047179861, 9.22400358832e-05, 6.08843802183e-05, 7.66808516346e-05, 5.11110556545e-05, 2.6487163268e-05, 2.0985971787e-05, 3.38676327374e-05, 2.01476086659e-05, 1.29781456053e-05, 1.58236016432e-05, 1.00572742667e-05, 1.29950803966e-05, 1.84551608982e-05, 1.13626192615e-05, 7.66992889112e-06, 5.24397682966e-06, 4.69284896099e-06, 4.11121800425e-06, 2.85476266981e-06, 2.37043241214e-06, 1.40489544265e-06, 1.17189517823e-06, 1.38028167385e-06, 1.09385371161e-06, 8.78338141774e-07, 7.89770751908e-07, 6.76387003296e-07, 5.67781228256e-07, 4.80794540181e-07, 4.54868938959e-07], "min": [2.80025032084e-24, 2.23815714637e-24, 1.72088744297e-24, 2.85966909916e-24, 1.80323387185e-24, 4.28357703536e-24, 2.41645765753e-24, 1.6283439022e-24, 2.35660954167e-24, 2.39210216873e-24, 1.74614085269e-24, 2.50221176831e-24, 5.40003885832e-24, 2.88133437506e-24, 2.67886572955e-24, 3.18658508841e-24, 4.34601182614e-24, 3.50291121165e-24, 2.99619548109e-24, 4.25756000828e-24, 5.63158412793e-24, 2.60217010855e-24, 4.32029772164e-24, 5.10491021645e-24, 5.60139520994e-24, 7.16362221448e-24, 5.14523244719e-24, 6.1562543327e-24, 5.62306758559e-24, 4.28882927127e-24, 5.6240015969e-24, 5.61421774953e-24, 5.69102282498e-24, 5.78680631609e-24, 6.85805299854e-24, 6.56504520923e-24, 5.64651568714e-24, 6.85795439093e-24, 5.90423654487e-24, 6.64949079698e-24], "var": [3.22881351167e-06, 3.40835936186e-06, 1.53823168603e-06, 1.1122953083e-06, 1.43860552271e-06, 1.12214036108e-06, 7.42268809972e-07, 1.42879378018e-06, 6.98737721905e-07, 2.865014892e-07, 7.10668643933e-08, 1.25851101984e-07, 2.44450006903e-07, 1.74692438293e-08, 7.69185515281e-09, 1.04372848142e-08, 1.6519075885e-08, 3.8305394412e-09, 2.16008411158e-09, 3.70522412751e-09, 4.82700102111e-10, 1.57206836437e-09, 3.40983841163e-09, 7.06310510079e-10, 2.03588590431e-10, 1.67281563601e-10, 7.29107260677e-11, 6.91121257446e-11, 5.8931887148e-11, 3.2262633537e-11, 5.37822668345e-11, 5.09017411554e-11, 6.65202615213e-11, 8.16992445918e-11, 1.03331676549e-10, 2.45107961705e-10, 2.07240655192e-10, 1.96594948654e-10, 8.07574285222e-11, 1.87631282039e-11]}, "mfcc": {"mean": [-613.673828125, 126.490142822, 5.78393268585, 17.9309616089, 3.11593818665, -2.3095099926, -1.76702356339, 2.6539721489, -3.87766361237, -1.29381930828, -1.14684152603, -1.16769909859, -3.69221758842], "cov": [[4934.51367188, 157.98576355, -29.9916801453, -40.3960647583, -55.6889343262, 51.2954406738, -35.7057952881, 86.1169586182, 31.8081283569, 34.6312866211, 31.2799835205, 48.5799026489, -12.8598985672], [157.98576355, 851.982116699, -199.166397095, 60.6413002014, 15.7979307175, -92.6714706421, 45.0168991089, 31.7160987854, 0.923246562481, 3.57293343544, 50.4272994995, 16.7844791412, 16.4476394653], [-29.9916801453, -199.166397095, 458.670410156, -59.9018363953, 10.2867822647, 70.9730300903, 18.1342468262, -0.6210039258, -5.88264465332, -2.48759269714, -23.0673751831, 11.1644697189, 31.0078983307], [-40.3960647583, 60.6413002014, -59.9018363953, 199.104705811, 56.5264663696, -14.5968809128, -7.78437280655, 3.17741250992, 14.7596311569, 8.18209552765, 13.8129844666, 11.2341375351, 19.2382488251], [-55.6889343262, 15.7979307175, 10.2867822647, 56.5264663696, 142.258117676, -4.12551164627, -25.4691734314, 1.33342063427, -3.00966405869, -4.77440595627, 1.82733380795, 2.72446298599, 15.1354818344], [51.2954406738, -92.6714706421, 70.9730300903, -14.5968809128, -4.12551164627, 142.083679199, 47.2594947815, -22.9075584412, 1.36221396923, 13.625497818, -5.31447649002, -6.93632125854, -0.161797821522], [-35.7057952881, 45.0168991089, 18.1342468262, -7.78437280655, -25.4691734314, 47.2594947815, 109.476524353, 20.2513809204, 11.3240633011, 7.53539037704, 12.3350429535, 7.59090805054, 2.13864517212], [86.1169586182, 31.7160987854, -0.6210039258, 3.17741250992, 1.33342063427, -22.9075584412, 20.2513809204, 97.9102706909, 41.1612968445, 5.49672460556, 16.4522857666, 14.3517637253, 0.280404269695], [31.8081283569, 0.923246562481, -5.88264465332, 14.7596311569, -3.00966405869, 1.36221396923, 11.3240633011, 41.1612968445, 79.9157180786, 32.2385177612, 15.8229484558, 10.7306623459, -2.46433281898], [34.6312866211, 3.57293343544, -2.48759269714, 8.18209552765, -4.77440595627, 13.625497818, 7.53539037704, 5.49672460556, 32.2385177612, 75.6878585815, 28.2032718658, 5.44758462906, -0.663407564163], [31.2799835205, 50.4272994995, -23.0673751831, 13.8129844666, 1.82733380795, -5.31447649002, 12.3350429535, 16.4522857666, 15.8229484558, 28.2032718658, 73.7003326416, 38.293346405, 5.81680059433], [48.5799026489, 16.7844791412, 11.1644697189, 11.2341375351, 2.72446298599, -6.93632125854, 7.59090805054, 14.3517637253, 10.7306623459, 5.44758462906, 38.293346405, 74.6661453247, 26.1097450256], [-12.8598985672, 16.4476394653, 31.0078983307, 19.2382488251, 15.1354818344, -0.161797821522, 2.13864517212, 0.280404269695, -2.46433281898, -0.663407564163, 5.81680059433, 26.1097450256, 69.1421356201]], "icov": [[0.000219724111957, -7.91732018115e-05, 1.66346871993e-05, 3.00383762806e-05, 0.000126270955661, -0.00028851578827, 0.00031826729537, -0.000320005201502, 9.46743966779e-05, -0.000100311284768, 7.39789902582e-05, -0.000207126722671, 8.14240629552e-05], [-7.91732018115e-05, 0.00157727464102, 0.000521020439919, -0.000147516897414, -0.000324027088936, 0.00122263166122, -0.00135038304143, 0.000100099343399, 0.000251608667895, 4.21921613452e-05, -0.00082186574582, 0.000464241456939, -0.000564184156246], [1.66346871993e-05, 0.000521020439919, 0.00285463640466, 0.000868169590831, -0.000534502789378, -0.000991814769804, -0.000265930313617, -0.000543158850633, 0.00032461603405, -0.000285930611426, 0.000976931070909, -0.000687967927661, -0.00133107148577], [3.00383762806e-05, -0.000147516897414, 0.000868169590831, 0.00631311396137, -0.00243718153797, 0.000198320063646, -0.000159467948833, 0.000606487796176, -0.001393536455, -0.000181189927389, -0.000282321241684, -0.000164209239301, -0.0015344399726], [0.000126270955661, -0.000324027088936, -0.000534502789378, -0.00243718153797, 0.00875085406005, -0.00117974460591, 0.00279558217153, -0.00119530363008, 0.000684381870087, 0.000672901340295, -0.000629102170933, 0.000510490732267, -0.0010905811796], [-0.00028851578827, 0.00122263166122, -0.000991814769804, 0.000198320063646, -0.00117974460591, 0.0113844852895, -0.00625795545056, 0.0041814474389, -0.0011153559899, -0.00141889019869, 6.30283466307e-05, 0.00119743985124, -4.24159134127e-06], [0.00031826729537, -0.00135038304143, -0.000265930313617, -0.000159467948833, 0.00279558217153, -0.00625795545056, 0.0140493176877, -0.00415455084294, 0.00038579912507, 0.000431496213423, -0.00113031466026, -0.000604510889389, -0.000159002884175], [-0.000320005201502, 0.000100099343399, -0.000543158850633, 0.000606487796176, -0.00119530363008, 0.0041814474389, -0.00415455084294, 0.0160942915827, -0.00859083421528, 0.00289471191354, -0.00201711035334, -9.39362071222e-05, 0.00025293615181], [9.46743966779e-05, 0.000251608667895, 0.00032461603405, -0.001393536455, 0.000684381870087, -0.0011153559899, 0.00038579912507, -0.00859083421528, 0.0205001551658, -0.00825385656208, 0.00167972932104, -0.00216837110929, 0.00139937945642], [-0.000100311284768, 4.21921613452e-05, -0.000285930611426, -0.000181189927389, 0.000672901340295, -0.00141889019869, 0.000431496213423, 0.00289471191354, -0.00825385656208, 0.0197395253927, -0.00857278052717, 0.00380814750679, -0.000847375311423], [7.39789902582e-05, -0.00082186574582, 0.000976931070909, -0.000282321241684, -0.000629102170933, 6.30283466307e-05, -0.00113031466026, -0.00201711035334, 0.00167972932104, -0.00857278052717, 0.0242914669216, -0.0124407140538, 0.00266263424419], [-0.000207126722671, 0.000464241456939, -0.000687967927661, -0.000164209239301, 0.000510490732267, 0.00119743985124, -0.000604510889389, -9.39362071222e-05, -0.00216837110929, 0.00380814750679, -0.0124407140538, 0.0227491334081, -0.00746936071664], [8.14240629552e-05, -0.000564184156246, -0.00133107148577, -0.0015344399726, -0.0010905811796, -4.24159134127e-06, -0.000159002884175, 0.00025293615181, 0.00139937945642, -0.000847375311423, 0.00266263424419, -0.00746936071664, 0.0185171701014]]}, "spectral_contrast_coeffs": {"dmean": [0.0526249110699, 0.0473931506276, 0.036178868264, 0.0303782392293, 0.0228920187801, 0.0164287593216], "dmean2": [0.0875066593289, 0.0769778341055, 0.0583949610591, 0.0503522418439, 0.0365731269121, 0.0259768608958], "dvar": [0.0017126967432, 0.00157452328131, 0.000878635328263, 0.00061926030321, 0.00038142662379, 0.00023326119117], "dvar2": [0.00461572455242, 0.00406499998644, 0.00222912942991, 0.00164052541368, 0.000890435883775, 0.000519649591297], "max": [-0.328721612692, -0.45053756237, -0.521356999874, -0.600688099861, -0.588121116161, -0.644679486752], "mean": [-0.610084593296, -0.715956807137, -0.758685946465, -0.787075936794, -0.773556232452, -0.76927870512], "median": [-0.613000571728, -0.720213830471, -0.764749705791, -0.792437970638, -0.777039051056, -0.771632432938], "min": [-0.976362407207, -0.975383162498, -0.974825382233, -0.969611048698, -0.964479506016, -0.965179920197], "var": [0.00672100251541, 0.00545203546062, 0.00370360002853, 0.00222843233496, 0.00194821204059, 0.00127242854796]}, "spectral_contrast_valleys": {"dmean": [0.405112147331, 0.326292186975, 0.304319143295, 0.290698587894, 0.238009646535, 0.266290694475], "dmean2": [0.676982939243, 0.53636431694, 0.480629831553, 0.438826799393, 0.341915845871, 0.310097783804], "dvar": [0.142007961869, 0.10656131804, 0.0972420424223, 0.0987386032939, 0.0842198207974, 0.109798371792], "dvar2": [0.31172645092, 0.22159960866, 0.177946001291, 0.168292745948, 0.130239799619, 0.1453268677], "max": [-5.3187417984, -4.13469362259, -5.30695056915, -5.67468118668, -6.14650344849, -7.08468008041], "mean": [-7.02672624588, -6.30206012726, -6.98017