{"lowlevel": {"average_loudness": 0.824738562107, "barkbands_crest": {"dmean": 2.24519443512, "dmean2": 3.37604784966, "dvar": 5.43524932861, "dvar2": 11.9842863083, "max": 26.9576797485, "mean": 12.7336435318, "median": 11.8028993607, "min": 2.59369134903, "var": 23.1506004333}, "barkbands_flatness_db": {"dmean": 0.0311518795788, "dmean2": 0.04624953866, "dvar": 0.00149240531027, "dvar2": 0.0031388301868, "max": 0.976233184338, "mean": 0.282127380371, "median": 0.259531378746, "min": 0.0303250718862, "var": 0.0230971183628}, "barkbands_kurtosis": {"dmean": 22.7178764343, "dmean2": 39.1841506958, "dvar": 135710.640625, "dvar2": 396849.375, "max": 18783.0234375, "mean": 26.9591083527, "median": 2.89808964729, "min": -1.95137310028, "var": 104805.695312}, "barkbands_skewness": {"dmean": 0.638640701771, "dmean2": 0.912202954292, "dvar": 2.52210450172, "dvar2": 6.26263713837, "max": 61.5004959106, "mean": 1.86105585098, "median": 1.38727426529, "min": -3.62742376328, "var": 6.5549697876}, "barkbands_spread": {"dmean": 4.50216007233, "dmean2": 6.73641777039, "dvar": 65.7113647461, "dvar2": 152.335205078, "max": 115.336639404, "mean": 15.0798473358, "median": 8.49186134338, "min": 0.00223387707956, "var": 256.51071167}, "dissonance": {"dmean": 0.0408181920648, "dmean2": 0.0680785402656, "dvar": 0.00184712267946, "dvar2": 0.00490872841328, "max": 0.500000119209, "mean": 0.391692191362, "median": 0.419357270002, "min": 0.00538539048284, "var": 0.00846385024488}, "dynamic_complexity": 2.85655045509, "erbbands_crest": {"dmean": 2.48495793343, "dmean2": 3.70569801331, "dvar": 7.16093111038, "dvar2": 14.9876298904, "max": 33.9033203125, "mean": 13.8946590424, "median": 12.9407787323, "min": 2.29765319824, "var": 36.4203720093}, "erbbands_flatness_db": {"dmean": 0.0230742972344, "dmean2": 0.0341378673911, "dvar": 0.000996219343506, "dvar2": 0.00201300857589, "max": 0.739992797375, "mean": 0.268101006746, "median": 0.249961525202, "min": 0.0264582559466, "var": 0.0203441549093}, "erbbands_kurtosis": {"dmean": 2.19955205917, "dmean2": 3.26103854179, "dvar": 43.0051765442, "dvar2": 94.9408874512, "max": 281.40423584, "mean": 3.99799013138, "median": 0.926386237144, "min": -1.89038395882, "var": 135.002807617}, "erbbands_skewness": {"dmean": 0.402983665466, "dmean2": 0.573627591133, "dvar": 0.267402797937, "dvar2": 0.568935036659, "max": 11.6366195679, "mean": 0.938937723637, "median": 0.768453121185, "min": -5.98686075211, "var": 1.5247374773}, "erbbands_spread": {"dmean": 6.71124458313, "dmean2": 9.42605209351, "dvar": 108.813171387, "dvar2": 210.99130249, "max": 199.147521973, "mean": 29.2539386749, "median": 19.2145957947, "min": 0.202887803316, "var": 795.07434082}, "hfc": {"dmean": 7.55349349976, "dmean2": 11.6062393188, "dvar": 232.764389038, "dvar2": 568.620056152, "max": 220.903564453, "mean": 24.721534729, "median": 13.5631446838, "min": 1.1671176983e-16, "var": 758.742553711}, "melbands_crest": {"dmean": 2.86059808731, "dmean2": 4.45917415619, "dvar": 8.96916294098, "dvar2": 21.3929805756, "max": 33.74949646, "mean": 16.3872127533, "median": 15.490196228, "min": 1.62326073647, "var": 36.2270851135}, "melbands_flatness_db": {"dmean": 0.0348998494446, "dmean2": 0.0514440089464, "dvar": 0.00202629552223, "dvar2": 0.00423795124516, "max": 1, "mean": 0.361705124378, "median": 0.337874770164, "min": 0.00398753210902, "var": 0.0301569644362}, "melbands_kurtosis": {"dmean": 9.26010799408, "dmean2": 12.5471973419, "dvar": 633.250610352, "dvar2": 992.567260742, "max": 808.808288574, "mean": 18.2230186462, "median": 6.25026798248, "min": -1.91868841648, "var": 1880.53515625}, "melbands_skewness": {"dmean": 0.703438222408, "dmean2": 0.96689504385, "dvar": 1.09370028973, "dvar2": 1.86475050449, "max": 21.3005409241, "mean": 2.35479307175, "median": 1.89602148533, "min": -3.00777769089, "var": 5.30786132812}, "melbands_spread": {"dmean": 3.38042235374, "dmean2": 5.07880926132, "dvar": 47.5535163879, "dvar2": 102.499313354, "max": 211.542724609, "mean": 12.7398252487, "median": 8.44347381592, "min": 0.139379322529, "var": 174.298919678}, "pitch_salience": {"dmean": 0.0679330378771, "dmean2": 0.10568882525, "dvar": 0.00554759195074, "dvar2": 0.0129701755941, "max": 0.896409988403, "mean": 0.487548410892, "median": 0.494775474072, "min": 0.0034983959049, "var": 0.0218236129731}, "silence_rate_20dB": {"dmean": 0, "dmean2": 0, "dvar": 0, "dvar2": 0, "max": 1, "mean": 1, "median": 1, "min": 1, "var": 0}, "silence_rate_30dB": {"dmean": 0.0252246316522, "dmean2": 0.0504534207284, "dvar": 0.0245904661715, "dvar2": 0.0606032796204, "max": 1, "mean": 0.976755678654, "median": 1, "min": 0, "var": 0.0227049291134}, "silence_rate_60dB": {"dmean": 0.00263786991127, "dmean2": 0.00527617475018, "dvar": 0.00263124145567, "dvar2": 0.00623826356605, "max": 1, "mean": 0.0377514027059, "median": 0, "min": 0, "var": 0.0363204926252}, "spectral_centroid": {"dmean": 137.518493652, "dmean2": 206.471435547, "dvar": 62092.78125, "dvar2": 127110.953125, "max": 10849.4814453, "mean": 831.792053223, "median": 557.309448242, "min": 143.639984131, "var": 387125.625}, "spectral_complexity": {"dmean": 2.58428812027, "dmean2": 4.30107164383, "dvar": 14.7788467407, "dvar2": 38.260925293, "max": 49, "mean": 11.5568742752, "median": 10, "min": 0, "var": 47.0507392883}, "spectral_decrease": {"dmean": 1.84300397166e-09, "dmean2": 2.49865772517e-09, "dvar": 6.67065412051e-18, "dvar2": 1.19813703744e-17, "max": 8.5015157326e-19, "mean": -8.51481374298e-09, "median": -6.22302476216e-09, "min": -4.07934805935e-08, "var": 4.54560264231e-17}, "spectral_energy": {"dmean": 0.00716198468581, "dmean2": 0.0097146127373, "dvar": 9.45739739109e-05, "dvar2": 0.000169623672264, "max": 0.156666964293, "mean": 0.0343791879714, "median": 0.0253736395389, "min": 1.04968145368e-20, "var": 0.000703471770976}, "spectral_energyband_high": {"dmean": 0.000554592814296, "dmean2": 0.000870473333634, "dvar": 1.9255553525e-06, "dvar2": 4.7773037295e-06, "max": 0.0204446539283, "mean": 0.00128862657584, "median": 8.10290657682e-05, "min": 8.07751157784e-21, "var": 5.22459185959e-06}, "spectral_energyband_low": {"dmean": 0.00422670645639, "dmean2": 0.00501273246482, "dvar": 0.00010178393859, "dvar2": 0.00014506446314, "max": 0.138089939952, "mean": 0.0128746973351, "median": 0.00202033552341, "min": 4.34949819691e-23, "var": 0.000529986631591}, "spectral_energyband_middle_high": {"dmean": 0.00105326902121, "dmean2": 0.00145828188397, "dvar": 4.60327146357e-06, "dvar2": 7.7735639934e-06, "max": 0.0502875298262, "mean": 0.00354511803016, "median": 0.00133581086993, "min": 1.3818739767e-21, "var": 3.55255178874e-05}, "spectral_energyband_middle_low": {"dmean": 0.00541809387505, "dmean2": 0.008190844208, "dvar": 7.01458047843e-05, "dvar2": 0.000163168966537, "max": 0.134612306952, "mean": 0.017702486366, "median": 0.0160861462355, "min": 2.51467020915e-22, "var": 0.000163963792147}, "spectral_entropy": {"dmean": 0.25290414691, "dmean2": 0.383341759443, "dvar": 0.128778427839, "dvar2": 0.282536000013, "max": 9.8037147522, "mean": 6.54295825958, "median": 6.60882425308, "min": 1.96765697002, "var": 1.59477996826}, "spectral_flux": {"dmean": 0.02630116418, "dmean2": 0.0384665057063, "dvar": 0.000974091235548, "dvar2": 0.00187608913984, "max": 0.349253743887, "mean": 0.0736705064774, "median": 0.0568236112595, "min": 1.02453961981e-10, "var": 0.00328948465176}, "spectral_kurtosis": {"dmean": 32.0959434509, "dmean2": 55.2370300293, "dvar": 9599.54003906, "dvar2": 27787.8027344, "max": 3007.51782227, "mean": 72.7560348511, "median": 6.94964885712, "min": -1.21530044079, "var": 22745.9277344}, "spectral_rms": {"dmean": 0.000578084029257, "dmean2": 0.000790865917224, "dvar": 4.07045689599e-07, "dvar2": 7.32735429665e-07, "max": 0.0123630827293, "mean": 0.00535615673289, "median": 0.00497541669756, "min": 3.20012419341e-12, "var": 4.85215605295e-06}, "spectral_rolloff": {"dmean": 451.362060547, "dmean2": 765.83996582, "dvar": 1817560.875, "dvar2": 4436987, "max": 18884.6191406, "mean": 1179.7878418, "median": 581.396484375, "min": 64.599609375, "var": 3042697}, "spectral_skewness": {"dmean": 1.02172660828, "dmean2": 1.69730567932, "dvar": 3.46211194992, "dvar2": 9.2842502594, "max": 48.6375923157, "mean": 4.704205513, "median": 2.29117083549, "min": -0.012376613915, "var": 26.1582775116}, "spectral_spread": {"dmean": 762868.9375, "dmean2": 1091460.75, "dvar": 1205066399740.0, "dvar2": 2346455400450.0, "max": 40222112, "mean": 4605593, "median": 3877360, "min": 47910.1210938, "var": 14068477853700.0}, "spectral_strongpeak": {"dmean": 0.472240507603, "dmean2": 0.777013719082, "dvar": 0.683158218861, "dvar2": 1.5150128603, "max": 12.3499040604, "mean": 1.36404752731, "median": 0.914140105247, "min": 0, "var": 2.24119925499}, "zerocrossingrate": {"dmean": 0.010248391889, "dmean2": 0.0121833216399, "dvar": 0.000257084553596, "dvar2": 0.000323538348312, "max": 0.5078125, "mean": 0.0530519671738, "median": 0.03125, "min": 0.0029296875, "var": 0.00231536850333}, "barkbands": {"dmean": [0.00010069902055, 0.00350132817402, 0.00228975014761, 0.00113413971849, 0.00249697780237, 0.00132618821226, 0.000924529798795, 0.001802806044, 0.000473091669846, 0.000653880939353, 0.000164005337865, 0.000280925916741, 0.000142180113471, 0.000110390486952, 8.94238182809e-05, 5.60636035516e-05, 0.000111258639663, 8.10302881291e-05, 9.08039291971e-05, 7.50724211684e-05, 8.74012403074e-05, 7.9180666944e-05, 7.93369108578e-05, 9.85656297416e-05, 0.000115933704365, 0.000123418823932, 7.77853711043e-05], "dmean2": [0.000128573257825, 0.00425036577508, 0.00375175359659, 0.00205450388603, 0.00402582529932, 0.00190366792958, 0.00138143321965, 0.0024755417835, 0.000739992246963, 0.00090615398949, 0.000248161319178, 0.000401295081247, 0.000201803486561, 0.000164254830452, 0.000132354020025, 9.33188202907e-05, 0.00017604745517, 0.000135089183459, 0.000140903401189, 0.000118243173347, 0.00014022437972, 0.000125311285956, 0.000126175204059, 0.000164035634953, 0.000188325793715, 0.000193995001609, 0.000126479528262], "dvar": [8.05680215876e-08, 8.76400663401e-05, 8.83296816028e-05, 1.80003371497e-05, 4.4273048843e-05, 4.93465176987e-06, 3.66277868125e-06, 1.80325369001e-05, 2.06364416044e-06, 3.46065485246e-06, 4.99100622164e-07, 8.84081146069e-07, 3.12841592631e-07, 4.8158710797e-07, 3.30268591142e-07, 3.98079862407e-08, 1.5070187942e-07, 7.66856160794e-08, 1.31825615313e-07, 4.70841214906e-08, 7.15883174962e-08, 5.97326064167e-08, 5.81998911287e-08, 9.36392439144e-08, 1.00049049934e-07, 8.71131504709e-08, 5.16628233527e-08], "dvar2": [1.48916413423e-07, 0.000146891106851, 0.000220607951633, 5.07222212036e-05, 0.000106050400063, 1.09516504381e-05, 7.78732919571e-06, 3.08371891151e-05, 4.19059097112e-06, 5.93965887674e-06, 9.1108313427e-07, 1.41689201882e-06, 4.69539685355e-07, 7.59014369578e-07, 5.03229443893e-07, 8.17336172076e-08, 3.07301661451e-07, 1.52443035972e-07, 2.04513241897e-07, 8.93114346923e-08, 1.33305192662e-07, 1.15716886739e-07, 1.39220475148e-07, 2.47872975478e-07, 2.5150603733e-07, 1.92380525732e-07, 1.30841428359e-07], "max": [0.0049854866229, 0.105124503374, 0.0961181893945, 0.0652498006821, 0.1323120296, 0.052150182426, 0.0408982075751, 0.098757006228, 0.064159527421, 0.0387971363962, 0.0308903567493, 0.0384227372706, 0.0328738875687, 0.0434412807226, 0.0292727481574, 0.0118307620287, 0.00726209115237, 0.00790830049664, 0.009750158526, 0.00735816126689, 0.00698051648214, 0.00551682850346, 0.00444058142602, 0.00645294040442, 0.00372368656099, 0.00331889069639, 0.00377511489205], "mean": [0.000267137074843, 0.0097941281274, 0.00226905103773, 0.00100482127164, 0.00446179136634, 0.00341511773877, 0.00230449275114, 0.004803577438, 0.000725476362277, 0.0014938589884, 0.000302848493448, 0.000742734933738, 0.000369891611626, 0.000233620929066, 0.000168574712006, 8.06645548437e-05, 0.000253472244367, 0.000117014773423, 0.000187434678082, 0.000163820397574, 0.000185099226655, 0.000181239913218, 0.000148187595187, 0.000200898051844, 0.000213704857742, 0.000195186279598, 9.52270347625e-05], "median": [3.44312041989e-07, 0.000451184227131, 0.000505363103002, 0.000207508826861, 0.00258462782949, 0.00204376643524, 0.00120509730186, 0.00229172362015, 0.000197418528842, 0.000329379428877, 4.75779015687e-05, 7.07270228304e-05, 4.35196852777e-05, 2.04724965442e-05, 1.84235614142e-05, 1.14989907161e-05, 1.06472843981e-05, 8.52861739986e-06, 7.08316929376e-06, 8.15576277091e-06, 1.16448063636e-05, 1.08235608423e-05, 8.2978303908e-06, 6.14787859377e-06, 2.61192417383e-06, 6.01243868914e-07, 8.53212185348e-08], "min": [1.64485198021e-23, 1.78059711374e-23, 1.7476465515e-23, 6.03132598101e-24, 3.11171863863e-23, 1.85096476867e-23, 5.40431314336e-23, 2.35674278028e-23, 9.4009854118e-23, 3.55447723465e-23, 9.84880849483e-23, 7.79152614942e-23, 6.53372593245e-23, 7.00534358474e-23, 8.58414771234e-23, 1.28432841014e-22, 2.2197038833e-22, 1.45763282064e-22, 3.10046115175e-22, 3.36868496669e-22, 4.19057124971e-22, 5.08081756822e-22, 8.17028414465e-22, 8.85346697109e-22, 1.07291828186e-21, 1.9020468886e-21, 2.49429104158e-21], "var": [4.75530498534e-07, 0.000362358812708, 6.98625590303e-05, 1.1195847037e-05, 5.08674638695e-05, 1.73056141648e-05, 1.25457727336e-05, 7.81277776696e-05, 5.78505478188e-06, 1.54824483616e-05, 2.3132502065e-06, 6.35127435089e-06, 2.40948838837e-06, 2.30399336942e-06, 1.56823500674e-06, 8.41768681425e-08, 7.6221499512e-07, 1.23868034052e-07, 5.55067231289e-07, 2.26499253131e-07, 2.66190738785e-07, 1.68216544694e-07, 1.24814320657e-07, 1.87506927318e-07, 1.99400346901e-07, 1.68038624793e-07, 5.75580934026e-08]}, "erbbands": {"dmean": [0.107392311096, 0.87336230278, 2.31337237358, 3.22910857201, 5.86720609665, 8.44917869568, 11.1685352325, 9.67812728882, 15.8666715622, 27.9987602234, 27.2952976227, 12.537405014, 21.3054447174, 9.87432765961, 7.65465402603, 13.6883602142, 7.56518507004, 5.61390686035, 4.82905101776, 3.36782956123, 4.01668214798, 4.40179586411, 3.65307974815, 4.02858400345, 4.53819847107, 3.8306119442, 2.99550318718, 3.14553236961, 2.67841529846, 2.20001602173, 2.51553940773, 2.06393432617, 1.68107068539, 1.22105193138, 0.905888736248, 0.500343263149, 0.236937016249, 0.0712048336864, 0.0135518508032, 0.000865440350026], "dmean2": [0.112440168858, 1.08035385609, 3.48409771919, 5.58870124817, 9.83962440491, 13.4503593445, 16.7557468414, 14.2614421844, 22.7603435516, 38.8847007751, 39.2231178284, 19.0800228119, 29.7428588867, 14.4817857742, 11.0699977875, 19.2618465424, 10.5554876328, 8.24391460419, 6.89950466156, 5.51841878891, 6.27830600739, 6.44518899918, 5.86874103546, 6.37584066391, 6.86235618591, 5.79767084122, 4.60006999969, 4.98434066772, 4.14596033096, 3.54980516434, 3.98135852814, 3.31981372833, 2.82346177101, 2.06137418747, 1.48152840137, 0.787861168385, 0.377745956182, 0.114471934736, 0.0221542026848, 0.00141784653533], "dvar": [0.0682759806514, 5.96188497543, 72.5108032227, 155.47416687, 302.547912598, 602.76739502, 354.748657227, 290.72769165, 994.116882324, 5192.20849609, 5551.703125, 1486.08605957, 4072.35742188, 1905.64916992, 1221.06994629, 2159.50048828, 833.625244141, 1227.30297852, 1027.91833496, 115.735679626, 136.12399292, 185.959365845, 94.7324829102, 277.449310303, 332.416809082, 153.854125977, 77.1775131226, 66.8117980957, 43.0779838562, 39.9397354126, 70.0725326538, 37.7502365112, 29.8143749237, 12.6537656784, 5.70326471329, 1.50877594948, 0.333085685968, 0.0293262638152, 0.00166381883901, 7.78340927354e-06], "dvar2": [0.0788186341524, 10.4471292496, 158.790100098, 409.462371826, 770.513549805, 1441.3371582, 844.302490234, 653.952697754, 2047.85473633, 8417.57617188, 10997.3125, 2975.17358398, 6650.97314453, 3453.72753906, 2040.43286133, 3405.54223633, 1164.42578125, 2043.8873291, 1669.6217041, 235.831344604, 263.054260254, 320.520721436, 181.290084839, 464.750701904, 494.034790039, 259.898468018, 139.477478027, 137.021987915, 89.8891372681, 98.1312255859, 160.388320923, 95.5701446533, 78.2768554688, 32.6513252258, 14.0361785889, 3.46237158775, 0.740810036659, 0.0690276920795, 0.00423036608845, 1.98475609068e-05], "max": [3.57453131676, 27.3172512054, 88.6497039795, 160.986419678, 306.550262451, 454.872650146, 375.543457031, 410.138031006, 617.789245605, 1859.59143066, 2298.27636719, 1748.76159668, 1523.01086426, 1427.3828125, 1591.17626953, 1951.61340332, 1607.12365723, 2446.4699707, 1772.67724609, 484.332855225, 303.70513916, 345.406036377, 223.381439209, 639.590148926, 676.003967285, 471.523895264, 391.013763428, 362.134857178, 131.465789795, 189.181930542, 174.805374146, 135.008605957, 106.160308838, 49.3470726013, 31.5470581055, 14.4722042084, 6.39727401733, 1.9157961607, 0.668549180031, 0.0491654649377], "mean": [0.334328442812, 1.981798172, 2.86567640305, 3.16988158226, 6.97037029266, 15.1434574127, 27.3288459778, 23.8810539246, 41.5480995178, 70.6922988892, 70.3070373535, 24.6418571472, 46.0958518982, 21.4018611908, 17.8627510071, 39.2320480347, 20.6990222931, 13.0274944305, 10.4529380798, 5.15488100052, 8.39155387878, 9.85116481781, 6.95664215088, 8.37395000458, 9.69319820404, 8.70590591431, 7.2789683342, 7.23743581772, 6.45663642883, 4.75632286072, 4.65217256546, 4.28168439865, 3.16177606583, 2.25713062286, 1.5669118166, 0.872450888157, 0.345230430365, 0.0948393270373, 0.0161186549813, 0.00107868702617], "median": [0.00287710386328, 0.141292229295, 0.782622456551, 0.972838044167, 2.1898355484, 7.49584817886, 15.8028736115, 13.5069904327, 21.0976524353, 30.9543838501, 30.8350067139, 9.95606803894, 9.79229927063, 4.77645587921, 3.69335746765, 4.38512277603, 3.35929727554, 1.73117780685, 1.28425836563, 0.822429060936, 0.731965005398, 0.527227759361, 0.499683082104, 0.424529910088, 0.302437394857, 0.426747262478, 0.484627276659, 0.465053975582, 0.440635055304, 0.281627357006, 0.266951650381, 0.153145074844, 0.0836132988334, 0.0377282314003, 0.0118049131706, 0.00383436260745, 0.000897573539987, 0.000169318256667, 4.18820236519e-05, 3.91885805584e-05], "min": [2.09417427761e-22, 5.2345665334e-21, 2.03440273364e-20, 2.0448418499e-20, 6.22714877568e-20, 9.27738633176e-20, 1.25366420889e-19, 1.74926572474e-19, 3.14081641809e-19, 1.01866589332e-18, 9.52146820197e-19, 2.01351291411e-18, 1.71051779311e-18, 2.41993590718e-18, 2.54622777515e-18, 3.75602987903e-18, 3.41098472139e-18, 3.4545630776e-18, 3.20942913705e-18, 5.81284425064e-18, 8.93887269563e-18, 1.19654885067e-17, 7.44741642036e-18, 1.13352720057e-17, 1.70839133923e-17, 1.58362388241e-17, 1.45478156845e-17, 2.04383706586e-17, 1.7357710175e-17, 1.91951380502e-17, 2.45497842121e-17, 2.15451250833e-17, 1.33366148182e-17, 9.73415474223e-18, 9.14078252007e-18, 6.36790394836e-18, 3.54422159779e-18, 1.57967477741e-18, 3.04772887238e-19, 3.78162031394e-20], "var": [0.424922078848, 17.574010849, 77.9279098511, 110.815002441, 291.441497803, 676.746765137, 1120.35131836, 966.187194824, 3416.5559082, 19831.0410156, 22763.5292969, 4481.1484375, 16768.8632812, 7429.70507812, 6432.71875, 16019.2285156, 6015.64697266, 6172.60449219, 5694.61962891, 251.889297485, 666.456054688, 992.251647949, 337.288726807, 1354.83911133, 1667.56335449, 786.388366699, 440.698272705, 380.253051758, 182.355377197, 113.179954529, 139.896652222, 85.1066665649, 53.7726249695, 22.5793457031, 11.5136213303, 3.31571626663, 0.564567923546, 0.0411419868469, 0.00175777100958, 8.86127327249e-06]}, "gfcc": {"mean": [-88.0906829834, 127.343727112, -80.0554962158, -14.1303691864, -72.1097488403, -11.4185905457, -30.661693573, -6.67195367813, -17.8115634918, -2.34504055977, -6.49556827545, -4.50744199753, -9.21645832062], "cov": [[26691.3925781, -11345.5429688, -1845.21154785, 3605.60620117, -176.327362061, 2116.99145508, 104.624267578, 2272.86743164, 189.296951294, 1397.46447754, -639.023376465, 802.766296387, -468.286773682], [-11345.5429688, 10839.1601562, 407.542633057, -2077.73852539, 1257.52783203, -868.877319336, 696.974914551, -1185.86352539, 456.316619873, -979.511108398, 610.987487793, -835.380615234, 318.802520752], [-1845.21154785, 407.542633057, 2571.34887695, 25.6236610413, 192.042633057, 368.087219238, 222.286254883, 305.996429443, 121.882400513, 243.705032349, 63.7236251831, 141.219238281, 33.5206069946], [3605.60620117, -2077.73852539, 25.6236610413, 1666.72668457, 24.0945796967, 435.938842773, 95.7762145996, 444.660125732, 120.204391479, 251.454544067, -86.119720459, 176.203521729, -45.6127128601], [-176.327362061, 1257.52783203, 192.042633057, 24.0945796967, 1184.33630371, 161.488342285, 229.772674561, 127.150169373, 255.145904541, 43.6113777161, 74.8212203979, -35.5512504578, 44.5754623413], [2116.99145508, -868.877319336, 368.087219238, 435.938842773, 161.488342285, 721.252929688, 216.673095703, 315.765808105, 63.8386573792, 248.313858032, 21.285358429, 123.554244995, -56.9685401917], [104.624267578, 696.974914551, 222.286254883, 95.7762145996, 229.772674561, 216.673095703, 456.89453125, 176.776260376, 158.597183228, 30.4147281647, 97.0386199951, 9.90801906586, 16.9920024872], [2272.86743164, -1185.86352539, 305.996429443, 444.660125732, 127.150169373, 315.765808105, 176.776260376, 584.637634277, 173.180557251, 267.329315186, -64.5069198608, 161.019622803, -23.2835731506], [189.296951294, 456.316619873, 121.882400513, 120.204391479, 255.145904541, 63.8386573792, 158.597183228, 173.180557251, 306.896728516, 115.181663513, 52.9908981323, -27.6492118835, 29.9953918457], [1397.46447754, -979.511108398, 243.705032349, 251.454544067, 43.6113777161, 248.313858032, 30.4147281647, 267.329315186, 115.181663513, 356.055877686, 35.7776832581, 112.090194702, -51.9661407471], [-639.023376465, 610.987487793, 63.7236251831, -86.119720459, 74.8212203979, 21.285358429, 97.0386199951, -64.5069198608, 52.9908981323, 35.7776832581, 211.101028442, 22.9531822205, -0.457539469004], [802.766296387, -835.380615234, 141.219238281, 176.203521729, -35.5512504578, 123.554244995, 9.90801906586, 161.019622803, -27.6492118835, 112.090194702, 22.9531822205, 220.972473145, 27.7972927094], [-468.286773682, 318.802520752, 33.5206069946, -45.6127128601, 44.5754623413, -56.9685401917, 16.9920024872, -23.2835731506, 29.9953918457, -51.9661407471, -0.457539469004, 27.7972927094, 142.152542114]], "icov": [[0.000122461467981, 6.98609437677e-05, 0.000132893255795, -6.18982885499e-05, -2.5375491532e-05, -0.000189676968148, -3.73503326045e-06, -0.000233631639276, -1.36418811962e-05, -3.43006140611e-05, 6.48500717944e-05, 5.62827008252e-05, 6.92094981787e-05], [6.98609437677e-05, 0.000658824108541, -0.000133221386932, 0.000274270016234, -0.000352328963345, 3.41751765518e-05, -0.00055183051154, 0.000316243531415, -0.00069275702117, 0.00108451070264, -0.00123402161989, 0.00139110442251, -0.000619391328655], [0.000132893255795, -0.000133221386932, 0.000671332585625, -7.80948685133e-05, 6.93963302183e-05, -0.00039661503979, 7.30333194952e-05, -0.000511048012413, 0.000253586244071, -0.00061492563691, 0.000470699887956, -0.000468308047857, 9.48364322539e-05], [-6.18982885499e-05, 0.000274270016234, -7.80948685133e-05, 0.00104506243952, -8.64631510922e-05, -0.000221793845412, -0.00018892333901, 7.76379019953e-05, -0.000724186887965, 0.000621378188953, -0.000311732495902, 0.000185635784874, -0.000149074883666], [-2.5375491532e-05, -0.000352328963345, 6.93963302183e-05, -8.64631510922e-05, 0.0012915575644, -0.000329898728523, 0.000200842274353, -0.00020594248781, -0.000515890074894, -0.000291334465146, 0.000560493441299, -0.000682672369294, 0.000205164134968], [-0.000189676968148, 3.41751765518e-05, -0.00039661503979, -0.000221793845412, -0.000329898728523, 0.00301413983107, -0.00135183369275, 0.000219708483201, 0.000999428797513, -0.00116166938096, -0.000209565550904, 0.000125539794681, 0.000169050894328], [-3.73503326045e-06, -0.00055183051154, 7.30333194952e-05, -0.00018892333901, 0.000200842274353, -0.00135183369275, 0.00482535362244, -0.0022108098492, -0.000525632291101, 0.00119221396744, -0.00137446937151, -0.000340349011822, 0.000212666433072], [-0.000233631639276, 0.000316243531415, -0.000511048012413, 7.76379019953e-05, -0.00020594248781, 0.000219708483201, -0.0022108098492, 0.00659592449665, -0.00304579595104, -0.00109228747897, 0.0029027259443, -0.00280413962901, 0.000964870443568], [-1.36418811962e-05, -0.00069275702117, 0.000253586244071, -0.000724186887965, -0.000515890074894, 0.000999428797513, -0.000525632291101, -0.00304579595104, 0.0087964553386, -0.00385171128437, -0.00089214858599, 0.00290793343447, -0.00249291444197], [-3.43006140611e-05, 0.00108451070264, -0.00061492563691, 0.000621378188953, -0.000291334465146, -0.00116166938096, 0.00119221396744, -0.00109228747897, -0.00385171128437, 0.00908048823476, -0.00410744221881, 0.000668410095386, 0.001091909362], [6.48500717944e-05, -0.00123402161989, 0.000470699887956, -0.000311732495902, 0.000560493441299, -0.000209565550904, -0.00137446937151, 0.0029027259443, -0.00089214858599, -0.00410744221881, 0.0111979013309, -0.00638308934867, 0.00312106241472], [5.62827008252e-05, 0.00139110442251, -0.000468308047857, 0.000185635784874, -0.000682672369294, 0.000125539794681, -0.000340349011822, -0.00280413962901, 0.00290793343447, 0.000668410095386, -0.00638308934867, 0.013034498319, -0.00585726369172], [6.92094981787e-05, -0.000619391328655, 9.48364322539e-05, -0.000149074883666, 0.000205164134968, 0.000169050894328, 0.000212666433072, 0.000964870443568, -0.00249291444197, 0.001091909362, 0.00312106241472, -0.00585726369172, 0.0107982195914]]}, "melbands": {"dmean": [0.000921305501834, 0.00104145670775, 0.000579322106205, 0.00053954962641, 0.000383031874662, 0.000236456122366, 0.000228311429964, 0.000342717627063, 0.000201134476811, 7.03999176039e-05, 0.000106682615296, 4.08339692513e-05, 2.27919244935e-05, 3.53238538082e-05, 2.55575469055e-05, 1.04975897557e-05, 1.21012308227e-05, 8.21954199637e-06, 5.72106682739e-06, 3.94312110075e-06, 5.85527322983e-06, 5.63617550142e-06, 4.84703605252e-06, 3.24005577568e-06, 3.59033811037e-06, 3.47016907654e-06, 3.1646111438e-06, 2.66541997007e-06, 2.08076016861e-06, 2.0622478587e-06, 2.16327407543e-06, 1.74029537447e-06, 1.54609313086e-06, 1.22655444557e-06, 1.56070871071e-06, 1.29443674268e-06, 1.41272164456e-06, 1.31116371449e-06, 1.04011985513e-06, 1.14893634873e-06], "dmean2": [0.00103840918746, 0.00135985668749, 0.000967372383457, 0.000884887878783, 0.000580158666708, 0.000343085790519, 0.000327845424181, 0.000472716579679, 0.000292332813842, 0.000107769796159, 0.000147915648995, 6.07280853728e-05, 3.37770507031e-05, 4.99346097058e-05, 3.49757392542e-05, 1.50450523506e-05, 1.77718429768e-05, 1.19876440294e-05, 8.87185069587e-06, 6.53517190585e-06, 9.0664225354e-06, 8.07931064628e-06, 7.71927898313e-06, 5.39360735274e-06, 5.62110881219e-06, 5.36154357178e-06, 4.68210737381e-06, 4.0177151277e-06, 3.27124826072e-06, 3.34810624736e-06, 3.41847317031e-06, 2.65204607786e-06, 2.46247168434e-06, 2.00151748686e-06, 2.46988861363e-06, 2.05605556403e-06, 2.3234767923e-06, 2.22911512537e-06, 1.72110640051e-06, 1.95676966541e-06], "dvar": [5.25784116689e-06, 9.86616305454e-06, 3.75683293896e-06, 3.30350371769e-06, 3.94494179545e-07, 1.65100971117e-07, 2.1491561597e-07, 7.9966650901e-07, 3.21442712448e-07, 4.5096083312e-08, 1.01456762991e-07, 3.64778003359e-08, 9.53379508672e-09, 1.28563080182e-08, 6.19183326833e-09, 1.82350501365e-09, 6.5660703541e-09, 2.4974258217e-09, 9.8785080116e-10, 2.83836176784e-10, 3.5289465794e-10, 3.67879920971e-10, 4.55599780125e-10, 7.92197557553e-11, 2.86321494292e-10, 2.12927953047e-10, 9.14197398338e-11, 7.29512214526e-11, 3.70502309388e-11, 7.55019449739e-11, 4.65805831407e-11, 1.97333416968e-11, 2.05883591425e-11, 1.13665275109e-11, 2.54673365729e-11, 1.44850485773e-11, 1.74007405707e-11, 1.73299239542e-11, 9.74888312438e-12, 1.01203134414e-11], "dvar2": [7.01407179804e-06, 1.66338231793e-05, 9.45995816437e-06, 7.93270464783e-06, 9.77084368969e-07, 3.64294834299e-07, 4.3743713718e-07, 1.27871646782e-06, 6.4906987518e-07, 9.13178368478e-08, 1.64571432038e-07, 6.72408120295e-08, 1.64195625985e-08, 2.07357810922e-08, 9.4174126275e-09, 2.46331000042e-09, 1.08399955678e-08, 4.07822753345e-09, 1.37205891093e-09, 5.14160325427e-10, 6.64593213795e-10, 5.65679336706e-10, 7.49264761346e-10, 1.80736633992e-10, 4.47335002374e-10, 3.45282358261e-10, 1.54175186506e-10, 1.15596074379e-10, 6.89437673618e-11, 1.26790133947e-10, 8.64037799642e-11, 3.62688420963e-11, 4.50756168502e-11, 2.77471517984e-11, 5.69313138299e-11, 3.46794051809e-11, 4.54641671532e-11, 4.55046972325e-11, 2.54562985275e-11, 2.6466330863e-11], "max": [0.0298685058951, 0.0331156626344, 0.0268414374441, 0.036948159337, 0.0105581730604, 0.00941034965217, 0.00943063478917, 0.0232288911939, 0.017188379541, 0.00939074251801, 0.0075269266963, 0.00608459766954, 0.00421854434535, 0.00468289479613, 0.00378725398332, 0.00237440411001, 0.00559158576652, 0.00269714649767, 0.00151362665929, 0.0012689846335, 0.000511952792294, 0.000390918605262, 0.000567840470467, 0.000272765813861, 0.000600765517447, 0.000644711428322, 0.000276327715255, 0.000329787173541, 0.000176826797542, 0.00034565461101, 0.000330887647578, 0.000109496999357, 0.00015233985323, 8.75895493664e-05, 0.000104147598904, 7.65392032918e-05, 9.02205138118e-05, 8.40490974952e-05, 5.14245548402e-05, 4.34976282122e-05], "mean": [0.00285812444054, 0.00189933169167, 0.000634169147816, 0.000776736997068, 0.000944747240283, 0.000591601012275, 0.000588042195886, 0.000868408766109, 0.000504859606735, 0.00012143891945, 0.000225692070671, 8.44997048262e-05, 4.3833610107e-05, 9.43271807046e-05, 7.16278445907e-05, 2.45232204179e-05, 2.67461000476e-05, 1.64166103787e-05, 8.9486638899e-06, 5.7364281929e-06, 1.24119424072e-05, 1.11638637463e-05, 9.40504014579e-06, 5.0258149713e-06, 6.74338662066e-06, 7.30226111045e-06, 5.94117545916e-06, 5.35251456313e-06, 4.46002468379e-06, 4.17966975874e-06, 4.55681401945e-06, 3.68092969438e-06, 3.3318988244e-06, 2.3259910904e-06, 2.72850888905e-06, 2.42833152697e-06, 2.67689711109e-06, 2.34470553551e-06, 1.79789060439e-06, 1.9522187813e-06], "median": [7.11055181455e-05, 0.000383114616852, 0.000216875239857, 0.000330367358401, 0.000609902781434, 0.000330666109221, 0.000289058429189, 0.000370356923668, 0.000215731735807, 3.84143604606e-05, 4.28810308222e-05, 1.5626392269e-05, 7.34812692826e-06, 1.10036507976e-05, 9.63188267633e-06, 3.47824970959e-06, 2.07438984035e-06, 1.9649778551e-06, 1.18129264592e-06, 9.44009286741e-07, 8.14953068584e-07, 5.34893217718e-07, 5.21039794421e-07, 3.78467575501e-07, 3.31673334131e-07, 2.15253010083e-07, 1.66231671983e-07, 2.80449853562e-07, 3.18978948144e-07, 2.17853198592e-07, 2.65034486802e-07, 2.28185314199e-07, 2.01158798063e-07, 1.19657627806e-07, 1.47079305179e-07, 1.15338053774e-07, 8.02401132205e-08, 5.39597060367e-08, 4.30930171547e-08, 2.34497576912e-08], "min": [4.2158501712e-24, 9.83119401967e-24, 4.08827716333e-24, 7.13462210989e-24, 4.18083026904e-24, 3.56821311739e-24, 7.12634774785e-24, 9.96251490571e-24, 9.48121903452e-24, 1.27990630834e-23, 8.39496230119e-24, 8.79561449976e-24, 1.13890254913e-23, 8.28191301145e-24, 8.59011228965e-24, 6.06905088722e-24, 6.88451297103e-24, 4.55087860879e-24, 7.89409952411e-24, 8.14825867486e-24, 1.09860311647e-23, 1.30117415611e-23, 8.30906718153e-24, 7.06977458803e-24, 9.09991364965e-24, 1.19299553026e-23, 1.20330886107e-23, 1.0584403934e-23, 8.49029693045e-24, 1.15094206537e-23, 1.17089480314e-23, 9.69831907766e-24, 8.87611617742e-24, 1.18929806031e-23, 1.42837639936e-23, 1.47339874226e-23, 1.17482735364e-23, 1.06733961216e-23, 6.87660385159e-24, 8.16876748067e-24], "var": [2.96943580906e-05, 1.99204478122e-05, 2.9968311992e-06, 3.25237715515e-06, 1.10448922896e-06, 5.77495313792e-07, 7.50679760131e-07, 3.08195853904e-06, 1.25331723666e-06, 1.30011898136e-07, 4.15707603452e-07, 1.43310998624e-07, 4.79750497107e-08, 8.85893740588e-08, 4.002794185e-08, 1.02256185741e-08, 3.21428430539e-08, 1.3442116753e-08, 2.9720843564e-09, 6.74511835275e-10, 1.88988735772e-09, 1.49260659388e-09, 1.88325599559e-09, 1.72790073916e-10, 1.23561816334e-09, 1.30086830197e-09, 3.18178733361e-10, 3.13967352117e-10, 1.55690751957e-10, 3.10809128434e-10, 2.51603488044e-10, 6.6399878651e-11, 6.63673352386e-11, 3.4054287168e-11, 5.0547156738e-11, 3.22125381924e-11, 3.39147251949e-11, 3.2011976403e-11, 1.75779339001e-11, 1.68228157099e-11]}, "mfcc": {"mean": [-732.06036377, 155.731491089, 34.6738204956, 2.73658895493, -17.6370010376, -10.3098115921, -9.99162101746, -8.85436153412, -9.17581653595, -5.79688024521, -1.36809337139, 2.4550344944, -1.79748904705], "cov": [[16305.0263672, -5784.11914062, -1480.27368164, 932.659057617, 487.375701904, 287.778137207, 179.988128662, 600.643493652, 768.860046387, 713.644958496, 483.959442139, 576.378295898, 352.803039551], [-5784.11914062, 7149.02587891, 452.983764648, -430.730438232, -15.0577793121, 149.325546265, 286.527282715, 45.9930915833, -60.9432067871, -4.28964138031, 127.748794556, -48.901966095, -40.8640098572], [-1480.27368164, 452.983764648, 1972.55212402, 21.7181491852, -28.5965328217, 207.839111328, 261.915985107, 213.97744751, 163.21282959, 151.415405273, 147.113876343, 123.595199585, 110.141342163], [932.659057617, -430.730438232, 21.7181491852, 820.309875488, 341.319519043, 173.213439941, 123.207092285, 206.537658691, 223.969039917, 165.314437866, 115.137207031, 102.069625854, 132.642379761], [487.375701904, -15.0577793121, -28.5965328217, 341.319519043, 646.569213867, 294.52935791, 169.563796997, 145.63999939, 194.275909424, 180.018417358, 134.66506958, 96.6732559204, 92.6483917236], [287.778137207, 149.325546265, 207.839111328, 173.213439941, 294.52935791, 444.722625732, 265.954345703, 162.025238037, 111.904037476, 131.885818481, 137.162521362, 97.3916549683, 61.1925163269], [179.988128662, 286.527282715, 261.915985107, 123.207092285, 169.563796997, 265.954345703, 353.131286621, 232.088134766, 132.382919312, 113.609794617, 132.634887695, 116.512825012, 105.174385071], [600.643493652, 45.9930915833, 213.97744751, 206.537658691, 145.63999939, 162.025238037, 232.088134766, 335.595031738, 237.667816162, 132.35836792, 96.1083068848, 112.567985535, 123.862770081], [768.860046387, -60.9432067871, 163.21282959, 223.969039917, 194.275909424, 111.904037476, 132.382919312, 237.667816162, 354.776824951, 236.557449341, 122.008926392, 87.7448043823, 92.9432373047], [713.644958496, -4.28964138031, 151.415405273, 165.314437866, 180.018417358, 131.885818481, 113.609794617, 132.35836792, 236.557449341, 297.973571777, 199.418075562, 116.686256409, 78.590927124], [483.959442139, 127.748794556, 147.113876343, 115.137207031, 134.66506958, 137.162521362, 132.634887695, 96.1083068848, 122.008926392, 199.418075562, 259.626556396, 176.638595581, 108.901000977], [576.378295898, -48.901966095, 123.595199585, 102.069625854, 96.6732559204, 97.3916549683, 116.512825012, 112.567985535, 87.7448043823, 116.686256409, 176.638595581, 229.781204224, 148.893173218], [352.803039551, -40.8640098572, 110.141342163, 132.642379761, 92.6483917236, 61.1925163269, 105.174385071, 123.862770081, 92.9432373047, 78.590927124, 108.901000977, 148.893173218, 202.511001587]], "icov": [[0.00013174340711, 9.82013589237e-05, 0.000130309723318, -2.79697974293e-06, 6.94202244631e-05, -5.84587833146e-05, 3.12630145345e-05, -0.00017845450202, -7.0842448622e-05, -0.000187239929801, -2.92714066745e-05, -0.000220479472773, 8.3099504991e-05], [9.82013589237e-05, 0.000233725339058, 7.39854876883e-05, 0.00010036007734, 1.39038866109e-05, 3.95334654968e-06, -0.000151937550982, -0.000143799799844, -4.09884232795e-05, -2.35487423197e-05, -0.00030843829154, 8.37821426103e-05, 6.16293182247e-05], [0.000130309723318, 7.39854876883e-05, 0.000735819630791, 3.65733685612e-05, 0.000349454378011, -0.000274258694844, -0.000210847996641, -0.00022610022279, -0.000207387158298, -0.000324171734974, -2.77573763015e-05, -0.000233713682974, -5.77000573685e-05], [-2.79697974293e-06, 0.00010036007734, 3.65733685612e-05, 0.00188568653539, -0.000695388647728, -0.000168321173987, 0.000467394886073, -0.000782894727308, -0.000224144387175, 9.29470616029e-07, -0.000318231381243, 0.000456067966297, -0.000686442421284], [6.94202244631e-05, 1.39038866109e-05, 0.000349454378011, -0.000695388647728, 0.00300610391423, -0.00176994327921, 6.27843974144e-06, 0.00071492017014, -0.00107197440229, -0.000410220673075, 0.000199110800168, -0.000136656744871, -0.000489130499773], [-5.84587833146e-05, 3.95334654968e-06, -0.000274258694844, -0.000168321173987, -0.00176994327921, 0.00563562335446, -0.00350100034848, -1.58681650646e-05, 0.00106441380922, -0.000522503105458, -0.000518038053997, -0.000133323890623, 0.00138770241756], [3.12630145345e-05, -0.000151937550982, -0.000210847996641, 0.000467394886073, 6.27843974144e-06, -0.00350100034848, 0.0092523349449, -0.00542697543278, 0.00162516976707, 0.000142215765663, -0.00178139191121, 0.00052861077711, -0.000939225254115], [-0.00017845450202, -0.000143799799844, -0.00022610022279, -0.000782894727308, 0.00071492017014, -1.58681650646e-05, -0.00542697543278, 0.0118197211996, -0.00695416098461, 0.00267902482301, 0.00183539267164, -0.00161307724193, -0.00146452989429], [-7.0842448622e-05, -4.09884232795e-05, -0.000207387158298, -0.000224144387175, -0.00107197440229, 0.00106441380922, 0.00162516976707, -0.00695416098461, 0.0122621683404, -0.00860546994954, 0.00239460007288, 0.00107924162876, -0.000416423863498], [-0.000187239929801, -2.35487423197e-05, -0.000324171734974, 9.29470616029e-07, -0.000410220673075, -0.000522503105458, 0.000142215765663, 0.00267902482301, -0.00860546994954, 0.0153867509216, -0.00936793256551, 0.00177879293915, 0.000838260282762], [-2.92714066745e-05, -0.00030843829154, -2.77573763015e-05, -0.000318231381243, 0.000199110800168, -0.000518038053997, -0.00178139191121, 0.00183539267164, 0.00239460007288, -0.00936793256551, 0.0164900179952, -0.00855486374348, 3.90984096157e-05], [-0.000220479472773, 8.37821426103e-05, -0.000233713682974, 0.000456067966297, -0.000136656744871, -0.000133323890623, 0.00052861077711, -0.00161307724193, 0.00107924162876, 0.00177879293915, -0.00855486374348, 0.014999913983, -0.00656940275803], [8.3099504991e-05, 6.16293182247e-05, -5.77000573685e-05, -0.000686442421284, -0.000489130499773, 0.00138770241756, -0.000939225254115, -0.00146452989429, -0.000416423863498, 0.000838260282762, 3.90984096157e-05, -0.00656940275803, 0.0111494977027]]}, "spectral_contrast_coeffs": {"dmean": [0.0501454733312, 0.0471808835864, 0.0437599979341, 0.0292101204395, 0.0203228201717, 0.0214323215187], "dmean2": [0.0799446552992, 0.0773716494441, 0.071130156517, 0.047175526619, 0.0334151722491, 0.0353772304952], "dvar": [0.00188016367611, 0.00204636063427, 0.00165443238802, 0.000781815790106, 0.000365027983207, 0.000551733188331], "dvar2": [0.00439870683476, 0.00551849836484, 0.00405144644901, 0.0018988075899, 0.000878356047906, 0.00140133767854], "max": [-0.179202705622, -0.349225014448, -0.428295969963, -0.40706834197, -0.584045350552, -0.48257791996], "mean": [-0.557142734528, -0.658495545387, -0.71602755785, -0.769604086876, -0.811307132244, -0.800558686256], "median": [-0.56933516264, -0.661083102226, -0.720765769482, -0.780449211597, -0.816007018089, -0.785960555077], "min": [-0.960366010666, -0.964745700359, -0.969968557358, -0.971032142639, -0.963866233826, -0.966346263885], "var": [0.0160104054958, 0.00667488016188, 0.00757169676945, 0.00536506669596, 0.00305058178492, 0.00515773706138]}, "spectral_contrast_valleys": {"dmean": [0.456253379583, 0.424243420362, 0.48938947916, 0.400609374046, 0.369279295206, 0.476628631353], "dmean2": [0.734594941139, 0.694644868374, 0.811805605888, 0.640670835972, 0.5782777071, 0.748529672623], "dvar": [0.193922221661, 0.18935829401, 0.26779922843, 0.24622271955, 0.284595042467, 0.400489032269], "dvar2": [0.438363283873, 0.48874142766, 0.686434388161, 0.557001709938, 0.628358542919, 0.990042150021], "max": [-5.09178590775, -4.32206487656, -5.36739587784, -5.77598667145, -5.797258