{"lowlevel": {"average_loudness": 0.690620422363, "barkbands_crest": {"dmean": 1.17767584324, "dmean2": 1.35417366028, "dvar": 1.61760604382, "dvar2": 2.68075370789, "max": 26.872795105, "mean": 19.7061347961, "median": 20.3367919922, "min": 6.54864692688, "var": 23.2322864532}, "barkbands_flatness_db": {"dmean": 0.0145481936634, "dmean2": 0.0204367674887, "dvar": 0.000153436121764, "dvar2": 0.000278761785012, "max": 0.764355123043, "mean": 0.575723707676, "median": 0.575308144093, "min": 0.0771751925349, "var": 0.00374252628535}, "barkbands_kurtosis": {"dmean": 10.5378055573, "dmean2": 11.6851520538, "dvar": 818.947265625, "dvar2": 1243.42382812, "max": 1120.90441895, "mean": 34.7411384583, "median": 10.9018573761, "min": -1.93318963051, "var": 4408.26416016}, "barkbands_skewness": {"dmean": 0.45970249176, "dmean2": 0.570694208145, "dvar": 0.424092411995, "dvar2": 0.792414546013, "max": 21.7726554871, "mean": -0.0920759513974, "median": 0.0818349868059, "min": -14.8543739319, "var": 4.32322025299}, "barkbands_spread": {"dmean": 0.0763704702258, "dmean2": 0.0818888992071, "dvar": 0.239738672972, "dvar2": 0.231970518827, "max": 40.6017036438, "mean": 0.56459569931, "median": 0.375269114971, "min": 0.0116804996505, "var": 0.6780179739}, "dissonance": {"dmean": 0.0691944882274, "dmean2": 0.125556439161, "dvar": 0.00682001793757, "dvar2": 0.0189036484808, "max": 0.499944657087, "mean": 0.325839757919, "median": 0.379194229841, "min": 1.50874475366e-05, "var": 0.0156543515623}, "dynamic_complexity": 3.89567732811, "erbbands_crest": {"dmean": 1.47771072388, "dmean2": 1.85065996647, "dvar": 2.17688941956, "dvar2": 4.06470441818, "max": 31.0884971619, "mean": 21.6626529694, "median": 22.1942424774, "min": 3.39662432671, "var": 23.0463371277}, "erbbands_flatness_db": {"dmean": 0.0105011211708, "dmean2": 0.0143253169954, "dvar": 8.75611876836e-05, "dvar2": 0.000143754616147, "max": 0.721230328083, "mean": 0.591639995575, "median": 0.600286781788, "min": 0.0926526337862, "var": 0.00356879713945}, "erbbands_kurtosis": {"dmean": 1.60057151318, "dmean2": 1.86690199375, "dvar": 9.49798679352, "dvar2": 10.9322242737, "max": 296.980895996, "mean": 9.79847812653, "median": 8.88457298279, "min": -1.64620482922, "var": 92.1490707397}, "erbbands_skewness": {"dmean": 0.200403615832, "dmean2": 0.235226869583, "dvar": 0.0509249791503, "dvar2": 0.0690400376916, "max": 12.920343399, "mean": 0.374042749405, "median": 0.440654039383, "min": -2.87345695496, "var": 1.019703269}, "erbbands_spread": {"dmean": 0.119270473719, "dmean2": 0.125658139586, "dvar": 0.212386772037, "dvar2": 0.173930242658, "max": 42.7790145874, "mean": 1.29715979099, "median": 0.745390951633, "min": 0.248875707388, "var": 2.98523116112}, "hfc": {"dmean": 1.47090220451, "dmean2": 1.3806964159, "dvar": 3.09480500221, "dvar2": 2.50146532059, "max": 67.5274505615, "mean": 11.1770038605, "median": 8.33772563934, "min": 1.18752020737e-16, "var": 92.9515380859}, "melbands_crest": {"dmean": 1.00012814999, "dmean2": 1.38966953754, "dvar": 0.993440449238, "dvar2": 1.85399806499, "max": 34.3982620239, "mean": 18.8889160156, "median": 18.9182167053, "min": 3.02448654175, "var": 12.1111192703}, "melbands_flatness_db": {"dmean": 0.0154449464753, "dmean2": 0.0221369992942, "dvar": 0.000189650731045, "dvar2": 0.000354722433258, "max": 0.854513704777, "mean": 0.67361330986, "median": 0.674812555313, "min": 0.0124249653891, "var": 0.00342523772269}, "melbands_kurtosis": {"dmean": 1.31701076031, "dmean2": 1.54940629005, "dvar": 20.3338775635, "dvar2": 34.9586143494, "max": 412.737213135, "mean": 6.93135166168, "median": 5.61580753326, "min": -1.80469536781, "var": 72.8521499634}, "melbands_skewness": {"dmean": 0.195436820388, "dmean2": 0.259359806776, "dvar": 0.0514187775552, "dvar2": 0.0835077166557, "max": 12.6134214401, "mean": -0.202064469457, "median": -0.0249508973211, "min": -3.86250114441, "var": 1.28549838066}, "melbands_spread": {"dmean": 0.160668358207, "dmean2": 0.17018045485, "dvar": 5.80390453339, "dvar2": 5.62786865234, "max": 173.797729492, "mean": 1.25474846363, "median": 0.805241703987, "min": 0.259803920984, "var": 7.29340934753}, "pitch_salience": {"dmean": 0.039922054857, "dmean2": 0.0471529401839, "dvar": 0.00164405978285, "dvar2": 0.0027357134968, "max": 0.946559846401, "mean": 0.441059619188, "median": 0.445379734039, "min": 0.0688704103231, "var": 0.0233614966273}, "silence_rate_20dB": {"dmean": 0, "dmean2": 0, "dvar": 0, "dvar2": 0, "max": 1, "mean": 1, "median": 1, "min": 1, "var": 0}, "silence_rate_30dB": {"dmean": 0.00155904900748, "dmean2": 0.00311850314029, "dvar": 0.00155675818678, "dvar2": 0.00336856534705, "max": 1, "mean": 0.997531831264, "median": 1, "min": 0, "var": 0.00246193888597}, "silence_rate_60dB": {"dmean": 0.00727556180209, "dmean2": 0.014553014189, "dvar": 0.00722302682698, "dvar2": 0.0169409811497, "max": 1, "mean": 0.0762535706162, "median": 0, "min": 0, "var": 0.0704378634691}, "spectral_centroid": {"dmean": 7.34148645401, "dmean2": 7.29055786133, "dvar": 17023.6132812, "dvar2": 16384.8164062, "max": 11543.0097656, "mean": 542.946655273, "median": 557.393554688, "min": 226.977737427, "var": 22727.7109375}, "spectral_complexity": {"dmean": 0.505131840706, "dmean2": 0.937110185623, "dvar": 0.370004028082, "dvar2": 0.874977707863, "max": 9, "mean": 4.49324512482, "median": 5, "min": 0, "var": 1.63734769821}, "spectral_decrease": {"dmean": 6.565601951e-10, "dmean2": 6.16987905211e-10, "dvar": 6.14094233868e-19, "dvar2": 4.90440399965e-19, "max": 3.76758540738e-29, "mean": -5.07803621375e-09, "median": -3.77770348337e-09, "min": -3.05283052171e-08, "var": 1.87827802431e-17}, "spectral_energy": {"dmean": 0.0026112345513, "dmean2": 0.00245367921889, "dvar": 9.71592726273e-06, "dvar2": 7.76425349613e-06, "max": 0.121345825493, "mean": 0.0201795063913, "median": 0.0150247961283, "min": 1.06289606786e-20, "var": 0.000296819926007}, "spectral_energyband_high": {"dmean": 3.66053809486e-09, "dmean2": 6.00935345929e-09, "dvar": 2.42404633308e-17, "dvar2": 5.90259409157e-17, "max": 6.26418952265e-08, "mean": 9.36506072691e-09, "median": 6.96661439648e-09, "min": 7.86656840474e-21, "var": 5.38787797756e-17}, "spectral_energyband_low": {"dmean": 1.47984337673e-06, "dmean2": 1.8265759536e-06, "dvar": 1.32779490528e-11, "dvar2": 1.33574635727e-11, "max": 0.000435966765508, "mean": 1.46366201079e-05, "median": 1.11829513116e-06, "min": 7.67911410151e-23, "var": 1.93298976825e-09}, "spectral_energyband_middle_high": {"dmean": 3.47747254636e-06, "dmean2": 3.57553653885e-06, "dvar": 2.11287168317e-11, "dvar2": 2.26250823632e-11, "max": 0.000223128838115, "mean": 2.55791273958e-05, "median": 1.95634675038e-05, "min": 1.60851187199e-21, "var": 5.24038312744e-10}, "spectral_energyband_middle_low": {"dmean": 0.00261109438725, "dmean2": 0.00245364708826, "dvar": 9.71641657088e-06, "dvar2": 7.76445085648e-06, "max": 0.12132768333, "mean": 0.0201396849006, "median": 0.0149928070605, "min": 2.31576215045e-22, "var": 0.000296531361528}, "spectral_entropy": {"dmean": 0.0739623233676, "dmean2": 0.0897384956479, "dvar": 0.00654648058116, "dvar2": 0.00682465033606, "max": 9.80606842041, "mean": 4.17503833771, "median": 4.2074546814, "min": 2.6088552475, "var": 0.160344138741}, "spectral_flux": {"dmean": 0.00690028630197, "dmean2": 0.0117303142324, "dvar": 4.37852177129e-05, "dvar2": 0.000135576061439, "max": 0.0795803815126, "mean": 0.0201205424964, "median": 0.0187233872712, "min": 1.03096850501e-10, "var": 0.000121363671497}, "spectral_kurtosis": {"dmean": 127.594833374, "dmean2": 216.337097168, "dvar": 13676.3896484, "dvar2": 36836.8476562, "max": 1177.71057129, "mean": 398.920135498, "median": 370.591064453, "min": -1.14705705643, "var": 28297.1542969}, "spectral_rms": {"dmean": 0.000279258587398, "dmean2": 0.000269765238045, "dvar": 7.37811092222e-08, "dvar2": 6.93836526011e-08, "max": 0.0108805410564, "mean": 0.00404937565327, "median": 0.00382862100378, "min": 3.22020470185e-12, "var": 3.28988971887e-06}, "spectral_rolloff": {"dmean": 15.2607126236, "dmean2": 22.8813419342, "dvar": 85709.59375, "dvar2": 85255.6015625, "max": 18669.2871094, "mean": 605.271057129, "median": 581.396484375, "min": 236.865234375, "var": 88135.6015625}, "spectral_skewness": {"dmean": 2.25826072693, "dmean2": 3.81499195099, "dvar": 3.59780669212, "dvar2": 9.37950897217, "max": 27.946187973, "mean": 16.7287712097, "median": 16.5436820984, "min": -0.056612726301, "var": 12.2630157471}, "spectral_spread": {"dmean": 276561.15625, "dmean2": 450988, "dvar": 172057575424, "dvar2": 219184971776, "max": 38515900, "mean": 562757.6875, "median": 480143.625, "min": 83552.515625, "var": 395160190976}, "spectral_strongpeak": {"dmean": 0.335713267326, "dmean2": 0.484382867813, "dvar": 0.149228334427, "dvar2": 0.335956215858, "max": 7.92769908905, "mean": 2.26826190948, "median": 1.99145555496, "min": 0, "var": 2.21530771255}, "zerocrossingrate": {"dmean": 0.000685065519065, "dmean2": 0.000935830117669, "dvar": 5.75277117605e-05, "dvar2": 6.02892214374e-05, "max": 0.5048828125, "mean": 0.0247677452862, "median": 0.025390625, "min": 0.009765625, "var": 7.26767684682e-05}, "barkbands": {"dmean": [3.77964965992e-07, 2.35977708485e-07, 1.09578718366e-06, 4.39418386122e-07, 2.78246134258e-05, 4.90487673233e-06, 0.000235209343373, 0.00251897564158, 0.000492504972499, 1.10770588435e-06, 1.45904380133e-06, 1.21485743421e-06, 1.64176071848e-06, 9.06439936443e-07, 5.83963242207e-08, 4.58672388959e-08, 9.75292024918e-09, 1.36273206053e-08, 1.73640102297e-09, 1.23720700351e-09, 7.41627759204e-10, 5.65469671088e-10, 4.57225812767e-10, 4.37586467061e-10, 4.24682594646e-10, 4.2610448503e-10, 4.73709294013e-10], "dmean2": [6.45570025881e-07, 3.62125177844e-07, 1.25509393456e-06, 6.93024333032e-07, 3.467123679e-05, 5.9540084294e-06, 0.000216075713979, 0.00238553294912, 0.000381066725822, 1.1290267139e-06, 1.27141004214e-06, 1.17225783924e-06, 1.94732820091e-06, 1.14068757284e-06, 7.88834029208e-08, 7.6554542261e-08, 1.38674609573e-08, 1.95567633199e-08, 2.72209987884e-09, 2.02797423299e-09, 1.20533205639e-09, 9.28036480996e-10, 7.52551188032e-10, 7.17245041137e-10, 6.99251823111e-10, 6.99295343853e-10, 7.77262365581e-10], "dvar": [6.02487244122e-13, 2.74403736495e-13, 9.41709210611e-12, 8.75922652552e-13, 5.02775421296e-09, 7.23038989792e-11, 1.16538764416e-07, 9.38624089031e-06, 5.97037171701e-07, 2.21546782656e-12, 8.28868917946e-12, 3.86753129522e-12, 9.03780609379e-12, 2.41089830391e-12, 1.03451462688e-14, 3.06029043964e-15, 5.77859217386e-16, 5.8520161661e-16, 5.21397913563e-18, 4.26233968735e-18, 8.43982770444e-19, 5.39887395827e-19, 3.73469513327e-19, 3.37318360137e-19, 3.10668875547e-19, 2.98674860063e-19, 3.36503794029e-19], "dvar2": [1.63779265757e-12, 5.15534446729e-13, 7.91393860167e-12, 2.02402222586e-12, 5.27956744989e-09, 9.44393729885e-11, 1.96698181298e-07, 7.39257529858e-06, 3.91395303723e-07, 2.50551489278e-12, 6.25061721132e-12, 3.59245142315e-12, 1.18219219136e-11, 3.88028064541e-12, 1.68514663757e-14, 8.32569012647e-15, 1.22241952651e-15, 1.16641900199e-15, 1.19576104385e-17, 1.11269027278e-17, 2.0784592067e-18, 1.33642505089e-18, 9.14827015898e-19, 8.30330412928e-19, 7.5863815225e-19, 7.36576211338e-19, 8.33300043026e-19], "max": [1.3096982002e-05, 5.88366201555e-05, 0.000376146897906, 2.02538140002e-05, 0.0198519155383, 0.000369562127162, 0.0198492482305, 0.119357824326, 0.0223511103541, 0.000115489718155, 0.00012706698908, 0.000108970336441, 0.000105603998236, 8.29409473226e-05, 6.7422374741e-06, 1.43924194163e-06, 1.3714167153e-06, 4.66141358402e-07, 6.59590781993e-08, 6.13891657508e-08, 3.33086838111e-08, 1.05079163149e-08, 6.87437617941e-09, 6.57240217805e-09, 6.56733245563e-09, 6.74579592186e-09, 7.37869809697e-09], "mean": [3.78282777547e-07, 1.92490574591e-06, 1.19917813208e-05, 1.05981428078e-06, 0.000576435937546, 3.50401132891e-05, 0.00134303292725, 0.0159435030073, 0.00222726585343, 1.59073497343e-05, 8.37375773699e-06, 4.65332732347e-06, 5.55796623303e-06, 3.94138578486e-06, 2.07410352004e-07, 1.16668346095e-07, 3.77120663586e-08, 4.1182122601e-08, 5.45966871712e-09, 4.06007094611e-09, 1.97299887539e-09, 1.10237940998e-09, 8.27119484015e-10, 8.42313607752e-10, 9.74676894749e-10, 1.18697196516e-09, 1.38347455714e-09], "median": [1.04967028847e-07, 9.68798161693e-08, 4.4361934215e-07, 4.11396740674e-07, 4.81494498672e-05, 1.3897181816e-05, 0.000919156358577, 0.00972492899746, 0.00136871146969, 7.68557492847e-06, 2.65321659754e-06, 3.21659535985e-06, 2.67036443802e-06, 2.00111571758e-06, 1.40116952707e-07, 8.20564736159e-08, 1.43877159076e-08, 1.30264830034e-08, 4.10241707272e-09, 2.26152829796e-09, 1.22818988313e-09, 7.52989504083e-10, 5.70910041464e-10, 6.20679840857e-10, 7.8015160998e-10, 1.02416786163e-09, 1.23748866709e-09], "min": [8.41704172907e-24, 3.63466242131e-23, 9.85036965056e-24, 4.58053220576e-23, 2.21579794897e-23, 7.25665415876e-24, 1.06027550475e-22, 1.65309210568e-23, 3.19063502141e-23, 1.4032050785e-22, 2.18569224004e-22, 1.62176839551e-22, 1.01848619783e-22, 8.91516195233e-23, 1.7650589836e-22, 1.51593090372e-22, 9.01485377591e-23, 1.84003863492e-22, 1.55378764436e-22, 3.33471396554e-22, 4.76051934099e-22, 2.44154772572e-22, 7.4868615045e-22, 9.64684445209e-22, 1.0871004106e-21, 1.61589601396e-21, 2.67110715791e-21], "var": [7.0309686892e-13, 3.59976111419e-11, 1.42821410254e-09, 3.26608683675e-12, 4.3614486458e-06, 2.3860677878e-09, 2.08432561521e-06, 0.000295727833873, 6.07465290159e-06, 4.13417106104e-10, 2.30060664963e-10, 2.91321168577e-11, 6.76466174743e-11, 3.34853082762e-11, 9.41384557113e-14, 1.75245187556e-14, 5.60741274445e-15, 3.9035996183e-15, 2.70280123642e-17, 4.10829806049e-17, 8.93099049158e-18, 1.10757354031e-18, 5.39497225072e-19, 4.67244652927e-19, 4.53071481817e-19, 4.737309897e-19, 5.78116581812e-19]}, "erbbands": {"dmean": [3.70300199393e-06, 8.08067779872e-05, 0.00100874027703, 0.00187342835125, 0.0334352664649, 0.142014846206, 0.0603410080075, 0.0446579381824, 1.35225439072, 17.5592308044, 52.1058654785, 14.8568820953, 0.855405807495, 0.0554249510169, 0.0624022595584, 0.0320149771869, 0.0864018648863, 0.0411018952727, 0.0200434401631, 0.00439386954531, 0.0018534938572, 0.000681682897266, 0.000876665348187, 0.000136143295094, 6.21460567345e-05, 5.96102290729e-05, 3.42208986694e-05, 2.61705044977e-05, 2.10470407183e-05, 1.65618912433e-05, 1.30851904032e-05, 1.01007708508e-05, 7.56625331633e-06, 5.45129387319e-06, 3.70403586203e-06, 2.35540323956e-06, 1.25483848024e-06, 3.68397451211e-07, 1.2765279962e-06, 2.96069947581e-06], "dmean2": [6.130973361e-06, 0.000112219240691, 0.00115538435057, 0.00231734639965, 0.0288988742977, 0.196269899607, 0.0863489732146, 0.0443138256669, 1.23404633999, 18.6600894928, 51.0866889954, 11.797208786, 0.671139478683, 0.049125097692, 0.0556110143661, 0.0322085544467, 0.101403780282, 0.0516591481864, 0.0255469027907, 0.00676009105518, 0.00310065574013, 0.00099089962896, 0.00125307554845, 0.000197846704395, 9.91026608972e-05, 9.69687098404e-05, 5.49156065972e-05, 4.2668376409e-05, 3.43159408658e-05, 2.70146974799e-05, 2.12354752875e-05, 1.62197775353e-05, 1.19769438243e-05, 8.42436838866e-06, 5.47642594029e-06, 3.25800579049e-06, 1.65249434758e-06, 5.33118452495e-07, 1.21047651191e-06, 2.78251650343e-06], "dvar": [4.6260974218e-11, 4.27726369878e-08, 8.79423441802e-06, 1.34465553856e-05, 0.011684237048, 0.11829226464, 0.0079636303708, 0.00316410372034, 2.73541736603, 394.831298828, 4035.32861328, 511.467529297, 1.5345158577, 0.00485271262005, 0.00967615097761, 0.00228364206851, 0.0251265596598, 0.00626693572849, 0.00161063158885, 3.12282863888e-05, 7.0952905844e-06, 2.6109216833e-06, 2.55520353676e-06, 4.8769823735e-08, 6.41951203306e-09, 8.72782912609e-09, 1.74197800629e-09, 1.09996389774e-09, 7.2817352148e-10, 4.76417905126e-10, 2.96942304079e-10, 1.7416861009e-10, 9.45575007183e-11, 4.62236221521e-11, 2.02964971219e-11, 7.769656446e-12, 2.1164565326e-12, 1.85722395579e-13, 2.31267110497e-12, 1.24924133538e-11], "dvar2": [1.2000840599e-10, 5.44845981665e-08, 6.70615054332e-06, 2.06670774787e-05, 0.00544164143503, 0.177575483918, 0.0156783368438, 0.00399026554078, 3.3150908947, 439.352233887, 3867.99462891, 337.874481201, 1.01859784126, 0.00459473859519, 0.00771586271003, 0.00229635834694, 0.0325968563557, 0.0101267248392, 0.00251532439142, 6.99521333445e-05, 2.08687433769e-05, 5.55627138965e-06, 5.09199617227e-06, 8.10973759258e-08, 1.57698938352e-08, 2.26257963476e-08, 4.19849888189e-09, 2.70760969201e-09, 1.78494263814e-09, 1.15697240677e-09, 7.12259917712e-10, 4.13856976467e-10, 2.19300494431e-10, 1.02425290471e-10, 4.16305635798e-11, 1.40726709799e-11, 3.40993899783e-12, 3.6848632869e-13, 1.86089164911e-12, 9.99026295717e-12], "max": [0.000304121902445, 0.0265156254172, 0.387035399675, 0.652793943882, 35.1131210327, 83.5326766968, 5.23968505859, 2.66056108475, 66.5066299438, 767.937072754, 2255.66357422, 658.632263184, 41.6214942932, 4.77824497223, 4.43555593491, 2.34684634209, 5.54457998276, 4.64359331131, 0.965407013893, 0.274863868952, 0.0805768668652, 0.0936510786414, 0.0315157026052, 0.0158721171319, 0.0023872894235, 0.00305930315517, 0.00128825730644, 0.000939913268667, 0.000440499396063, 0.000288693117909, 0.000242362730205, 0.000202413488296, 0.000172269690665, 0.000142340446473, 0.000113394045911, 8.19383421913e-05, 4.68525249744e-05, 1.15972261483e-05, 5.89499868511e-05, 0.000137476832606], "mean": [1.63706390595e-05, 0.000876926875208, 0.0126058422029, 0.0253300722688, 0.980260491371, 2.38218855858, 0.60992950201, 0.425883620977, 10.5299053192, 124.181213379, 309.658111572, 75.5229110718, 8.21763134003, 0.512689352036, 0.392726957798, 0.169239759445, 0.304408371449, 0.187497854233, 0.0687602758408, 0.0131388120353, 0.00548208039254, 0.00281349592842, 0.00266360165551, 0.000687582069077, 0.000252897036262, 0.000210527767194, 0.000103992562799, 7.13499102858e-05, 5.07564582222e-05, 4.0046943468e-05, 3.45470289176e-05, 3.02737025777e-05, 2.68777403107e-05, 2.34793515119e-05, 1.93792820937e-05, 1.45093472383e-05, 8.46619241202e-06, 2.18262675844e-06, 9.96050857793e-06, 2.28722947213e-05], "median": [4.85956570628e-06, 4.32927408838e-05, 0.00059625133872, 0.0026720915921, 0.0189433023334, 0.172154545784, 0.335376530886, 0.324156522751, 7.79786062241, 93.0525360107, 192.048736572, 53.9295501709, 5.6938495636, 0.391668975353, 0.217240452766, 0.138303667307, 0.165856540203, 0.0849391967058, 0.0247636511922, 0.0096395611763, 0.00366295035928, 0.00140602374449, 0.000972768175416, 0.000385045539588, 0.000176034198375, 0.000131437787786, 7.18471128494e-05, 4.79467380501e-05, 3.73579459847e-05, 2.92107652058e-05, 2.6521851396e-05, 2.38035900111e-05, 2.12958875636e-05, 1.88036847248e-05, 1.55414545588e-05, 1.15813090815e-05, 6.73860540701e-06, 1.8003962623e-06, 7.4575891631e-06, 1.7028854927e-05], "min": [1.50817048141e-21, 6.52282682824e-21, 9.26751751775e-21, 9.67704575329e-20, 6.79382113277e-20, 1.08406090555e-19, 6.27418562573e-20, 1.61010163396e-19, 1.77856942512e-18, 4.1689931307e-19, 4.14831206442e-19, 6.51625693007e-19, 2.02453302782e-18, 6.93427451378e-18, 1.09992770311e-17, 5.07401066341e-18, 5.25282188284e-18, 4.14820075693e-18, 5.87112656942e-18, 1.19916257597e-17, 6.55009130546e-18, 6.01737954635e-18, 1.1211356214e-17, 5.92112508796e-18, 8.8281181747e-18, 1.61229809834e-17, 1.99047961501e-17, 1.55894064749e-17, 8.48230539345e-18, 1.55423465155e-17, 2.04345226144e-17, 2.19236875993e-17, 1.52474483553e-17, 1.20974850257e-17, 7.87195032614e-18, 5.45721076757e-18, 2.98428525677e-18, 1.49643352441e-18, 3.88377453465e-19, 3.88144356553e-20], "var": [1.0595331279e-09, 7.45634770283e-06, 0.00153558619786, 0.00508064869791, 13.9055700302, 75.7197875977, 0.635452389717, 0.142516538501, 91.306060791, 12479.484375, 106167.015625, 5484.95751953, 59.6940574646, 0.185440808535, 0.28390198946, 0.0224024113268, 0.181484624743, 0.09481433779, 0.0106968134642, 0.000210065889405, 5.60933076486e-05, 2.43350950768e-05, 1.48627041199e-05, 1.64548976045e-06, 8.39802325459e-08, 9.30889498818e-08, 1.57971040693e-08, 7.57617879543e-09, 1.94118587871e-09, 1.12417308795e-09, 7.17535364458e-10, 5.16487408397e-10, 3.81407544436e-10, 2.78248729613e-10, 1.89805476891e-10, 1.09156982064e-10, 3.77718169242e-11, 2.12901701477e-12, 7.04979338795e-11, 3.81177256426e-10]}, "gfcc": {"mean": [-337.156463623, 200.411758423, -91.4396743774, -122.993515015, -89.2976150513, -47.4708976746, -28.2206344604, -0.0725786983967, 10.0585136414, -2.51261520386, -13.7067470551, -33.2477340698, -19.8422851562], "cov": [[4034.30322266, 816.064880371, -321.490905762, -407.342468262, 218.015228271, -5.83275365829, 144.173950195, 13.4533958435, 214.568084717, 98.8767929077, 173.719970703, -81.8202438354, -47.949760437], [816.064880371, 658.889892578, 269.536712646, 269.182525635, 287.423034668, 59.5782165527, -71.544670105, -174.842178345, -124.721878052, -76.3024520874, -27.2964420319, -70.687713623, -56.9059448242], [-321.490905762, 269.536712646, 644.017272949, 456.497009277, 120.476570129, 54.8647575378, -70.6114196777, -134.914474487, -122.549865723, -75.8920822144, -102.533119202, -97.6823654175, -100.235427856], [-407.342468262, 269.182525635, 456.497009277, 685.600646973, 270.582763672, 2.04142451286, -174.906509399, -212.197525024, -195.179443359, -61.0233383179, -85.1317214966, -87.177444458, -101.377296448], [218.015228271, 287.423034668, 120.476570129, 270.582763672, 244.756286621, 35.8676490784, -84.0771865845, -100.466880798, -66.9905014038, -11.5651664734, -6.9401049614, -42.5615577698, -49.0272216797], [-5.83275365829, 59.5782165527, 54.8647575378, 2.04142451286, 35.8676490784, 89.5865707397, 40.0688972473, 12.3747024536, 11.8488302231, 10.110663414, 1.29556632042, -0.0273652561009, -15.4929714203], [144.173950195, -71.544670105, -70.6114196777, -174.906509399, -84.0771865845, 40.0688972473, 125.333763123, 108.462478638, 77.4482421875, 18.6782341003, 17.71342659, 16.5488986969, 17.9213447571], [13.4533958435, -174.842178345, -134.914474487, -212.197525024, -100.466880798, 12.3747024536, 108.462478638, 159.358062744, 126.539672852, 42.770488739, 28.3751773834, 30.2265853882, 32.591758728], [214.568084717, -124.721878052, -122.549865723, -195.179443359, -66.9905014038, 11.8488302231, 77.4482421875, 126.539672852, 149.357147217, 77.951675415, 47.2837944031, 17.9415111542, 17.6877403259], [98.8767929077, -76.3024520874, -75.8920822144, -61.0233383179, -11.5651664734, 10.110663414, 18.6782341003, 42.770488739, 77.951675415, 81.5823440552, 54.8261108398, 14.380947113, -3.77222108841], [173.719970703, -27.2964420319, -102.533119202, -85.1317214966, -6.9401049614, 1.29556632042, 17.71342659, 28.3751773834, 47.2837944031, 54.8261108398, 66.4568939209, 32.7007865906, 5.94784259796], [-81.8202438354, -70.687713623, -97.6823654175, -87.177444458, -42.5615577698, -0.0273652561009, 16.5488986969, 30.2265853882, 17.9415111542, 14.380947113, 32.7007865906, 52.7139129639, 33.6798706055], [-47.949760437, -56.9059448242, -100.235427856, -101.377296448, -49.0272216797, -15.4929714203, 17.9213447571, 32.591758728, 17.6877403259, -3.77222108841, 5.94784259796, 33.6798706055, 53.2907676697]], "icov": [[0.00128010462504, -0.00201440579258, 0.00127264892217, -0.000211523700273, 0.000254958198639, 0.00226750434376, -0.00364747387357, 0.00489789573476, -0.00632394943386, 0.00343108805828, -0.00304152211174, 0.00193391356152, 0.00157611642499], [-0.00201440579258, 0.0131205869839, -0.00604516686872, 0.00396381737664, -0.0136949745938, -0.001623704331, -0.00386347109452, 0.00775429885834, 0.00141333218198, 0.00886374898255, -0.00546973152086, 0.00123551592696, -0.00815828889608], [0.00127264892217, -0.00604516686872, 0.0102444291115, -0.0101503618062, 0.0148251960054, -0.00908423680812, 0.00358441867866, 0.00335075729527, -0.0155482310802, 0.0165034215897, -0.0121369091794, 0.0115154674277, 0.00279831048101], [-0.000211523700273, 0.00396381737664, -0.0101503618062, 0.0193100348115, -0.0238057896495, 0.0191818252206, -0.00943752191961, -0.00159564323258, 0.0232396610081, -0.0340822599828, 0.0337871983647, -0.0234638862312, 0.0104419961572], [0.000254958198639, -0.0136949745938, 0.0148251960054, -0.0238057896495, 0.0488670840859, -0.0333818383515, 0.0318548083305, -0.0174692608416, -0.013761905022, 0.0301889814436, -0.0422656685114, 0.0381888225675, -0.00928601901978], [0.00226750434376, -0.001623704331, -0.00908423680812, 0.0191818252206, -0.0333818383515, 0.0551936738193, -0.0415475144982, 0.0184970553964, 0.00848717801273, -0.0473256595433, 0.0592066645622, -0.0532080158591, 0.028557356447], [-0.00364747387357, -0.00386347109452, 0.00358441867866, -0.00943752191961, 0.0318548083305, -0.0415475144982, 0.0676796659827, -0.0570640787482, 0.0250379946083, 0.011199648492, -0.030922587961, 0.0347211956978, -0.0152624770999], [0.00489789573476, 0.00775429885834, 0.00335075729527, -0.00159564323258, -0.0174692608416, 0.0184970553964, -0.0570640787482, 0.100189425051, -0.0876432359219, 0.053462587297, -0.0122272046283, -0.0127101391554, 0.00544797070324], [-0.00632394943386, 0.00141333218198, -0.0155482310802, 0.0232396610081, -0.013761905022, 0.00848717801273, 0.0250379946083, -0.0876432359219, 0.132283493876, -0.116763472557, 0.0634258389473, -0.0183062497526, -0.00190927518997], [0.00343108805828, 0.00886374898255, 0.0165034215897, -0.0340822599828, 0.0301889814436, -0.0473256595433, 0.011199648492, 0.053462587297, -0.116763472557, 0.183780565858, -0.152347907424, 0.0833557397127, -0.027603879571], [-0.00304152211174, -0.00546973152086, -0.0121369091794, 0.0337871983647, -0.0422656685114, 0.0592066645622, -0.030922587961, -0.0122272046283, 0.0634258389473, -0.152347907424, 0.195662900805, -0.137087523937, 0.0620402656496], [0.00193391356152, 0.00123551592696, 0.0115154674277, -0.0234638862312, 0.0381888225675, -0.0532080158591, 0.0347211956978, -0.0127101391554, -0.0183062497526, 0.0833557397127, -0.137087523937, 0.146119758487, -0.0692269876599], [0.00157611642499, -0.00815828889608, 0.00279831048101, 0.0104419961572, -0.00928601901978, 0.028557356447, -0.0152624770999, 0.00544797070324, -0.00190927518997, -0.027603879571, 0.0620402656496, -0.0692269876599, 0.0736660286784]]}, "melbands": {"dmean": [5.40675735294e-08, 3.74550097604e-07, 4.64231817432e-07, 7.27072301743e-06, 2.60237925431e-06, 6.79795732594e-07, 2.75443326245e-05, 0.000310590054141, 0.000344788015354, 7.87677927292e-05, 9.00136740256e-07, 1.45835770127e-07, 2.39411690472e-07, 1.70060218352e-07, 1.37163965519e-07, 1.37490971497e-07, 7.25541937641e-08, 4.48609576154e-08, 3.99374444626e-09, 4.67414551508e-09, 2.07829597976e-09, 8.36583857744e-10, 7.83356934875e-10, 4.89240592483e-10, 1.00175402695e-10, 6.22021392727e-11, 4.95020933966e-11, 3.67336126794e-11, 2.22631010849e-11, 1.88855545785e-11, 1.43417491424e-11, 1.25176813359e-11, 1.03376231186e-11, 8.75015337964e-12, 7.56660185897e-12, 6.57502828225e-12, 5.81154438808e-12, 5.11793775762e-12, 4.55929044518e-12, 4.0656974315e-12], "dmean2": [8.73855725558e-08, 4.36041375451e-07, 4.88580951696e-07, 8.5933088485e-06, 3.92380025005e-06, 8.05955323813e-07, 2.6645946491e-05, 0.000294703932013, 0.000339863006957, 6.07219189988e-05, 7.18428225355e-07, 1.37181785931e-07, 2.08092217235e-07, 1.62196613473e-07, 1.61200048865e-07, 1.63652345009e-07, 9.23155383248e-08, 5.72889611306e-08, 5.79399772604e-09, 7.45521955281e-09, 3.49646267495e-09, 1.1927128174e-09, 1.12688891551e-09, 7.09901470941e-10, 1.448498127e-10, 9.71980274045e-11, 8.19000631203e-11, 5.91881821332e-11, 3.58005187995e-11, 3.04644469373e-11, 2.3530944554e-11, 2.04753679289e-11, 1.6971273345e-11, 1.43696270161e-11, 1.24424151537e-11, 1.08126849488e-11, 9.53875780446e-12, 8.38183081969e-12, 7.48927048849e-12, 6.6948803272e-12], "dvar": [8.93981527125e-15, 1.16945190511e-12, 1.1600756163e-12, 3.98354682574e-10, 1.53381474188e-11, 1.208353838e-12, 1.26131793898e-09, 1.37313577397e-07, 1.76406032892e-07, 1.51738017706e-08, 2.27880084594e-12, 4.90201581855e-14, 1.96543153389e-13, 7.59835174381e-14, 6.09689978625e-14, 5.42714575266e-14, 1.8758395038e-14, 8.56678789051e-15, 3.03624816382e-17, 3.61016228555e-17, 9.39529193249e-18, 4.82312264772e-18, 1.94810815667e-18, 6.50622839911e-19, 3.20915640009e-20, 5.30731642204e-21, 9.27304201795e-21, 2.69448874271e-21, 7.39012822485e-22, 5.57396847264e-22, 3.31047384764e-22, 2.42074476946e-22, 1.77534724442e-22, 1.30895071536e-22, 9.84658453816e-23, 7.45657707124e-23, 5.70826314341e-23, 4.38348484906e-23, 3.40560782224e-23, 2.64468205939e-23], "dvar2": [2.05915013908e-14, 9.26079091884e-13, 9.64167981565e-13, 3.7512165596e-10, 3.44172502997e-11, 1.82287952094e-12, 2.12538697753e-09, 1.0539139339e-07, 1.72763009232e-07, 9.8814689764e-09, 1.91738768959e-12, 5.69322014662e-14, 1.43096756775e-13, 6.88368768454e-14, 8.12491485766e-14, 7.23965090893e-14, 3.07685090785e-14, 1.33960971114e-14, 5.74983500825e-17, 8.25480657133e-17, 2.83948340279e-17, 1.01640156912e-17, 3.89613524964e-18, 1.34335744481e-18, 5.09638706221e-20, 1.27160617643e-20, 2.44542797222e-20, 6.71055966878e-21, 1.75090931807e-21, 1.39351478687e-21, 8.21419681269e-22, 6.02311532738e-22, 4.39359324959e-22, 3.2358546742e-22, 2.41739722243e-22, 1.82644245945e-22, 1.41010414043e-22, 1.08149182413e-22, 8.36793040455e-23, 6.49151366987e-23], "max": [7.92027640273e-06, 0.000140344985994, 0.000332120223902, 0.00571340648457, 0.000537074694876, 5.77905520913e-05, 0.00155139155686, 0.015354976058, 0.0147806117311, 0.00354451942258, 0.000168758007931, 1.93033920368e-05, 2.01176899282e-05, 1.47920009113e-05, 9.09767641133e-06, 7.6259434536e-06, 7.97192205937e-06, 2.2000874651e-06, 2.76957990764e-07, 2.73129217021e-07, 8.88926052767e-08, 1.26042024817e-07, 2.6784329421e-08, 1.69233072e-08, 1.28846950886e-08, 2.25876961579e-09, 3.1465527961e-09, 1.81042669745e-09, 8.08046407563e-10, 1.06373743147e-09, 3.7104619377e-10, 2.72159017545e-10, 1.72094671846e-10, 1.28626137519e-10, 1.11205773756e-10, 9.79087783071e-11, 8.53730905415e-11, 7.5471455474e-11, 6.73946731755e-11, 6.02122796067e-11], "mean": [2.95257677863e-07, 4.4669077397e-06, 1.03530510387e-05, 0.000160070980201, 2.77169856417e-05, 4.92234312333e-06, 0.000172028929228, 0.00221116072498, 0.00210748356767, 0.000354598130798, 2.10654143302e-05, 6.59709087358e-07, 1.42566648265e-06, 5.87108445416e-07, 5.43237035799e-07, 5.35340291208e-07, 3.16252993571e-07, 1.35078153107e-07, 1.32677406839e-08, 1.1670699962e-08, 4.86720175275e-09, 2.97843016916e-09, 2.28419083648e-09, 1.60273738725e-09, 4.38046987572e-10, 2.09568126741e-10, 1.53320176e-10, 1.16112099102e-10, 5.60396694327e-11, 5.12822007082e-11, 2.99191955933e-11, 2.45298364954e-11, 1.87298752896e-11, 1.53727065799e-11, 1.34011768696e-11, 1.18083676517e-11, 1.07298189431e-11, 9.79310729732e-12, 9.20392408121e-12, 8.63865663031e-12], "median": [3.97883184178e-08, 1.58030545094e-07, 5.02336774844e-07, 5.3391295296e-06, 1.28321589727e-05, 3.20216759064e-06, 0.00012212448928, 0.00152331322897, 0.00135758868419, 0.000215507287066, 8.57565282786e-06, 3.78506229026e-07, 5.60157332075e-07, 3.76415670189e-07, 3.19490652601e-07, 2.66736662979e-07, 1.38894193924e-07, 3.09139238652e-08, 9.31906285473e-09, 7.98329047313e-09, 2.80544520948e-09, 9.51710932284e-10, 8.24679213807e-10, 6.46332654064e-10, 2.14432416268e-10, 1.51076748334e-10, 7.88767662296e-11, 7.07811240175e-11, 3.59322398225e-11, 2.9848346017e-11, 1.93222330497e-11, 1.73398378989e-11, 1.24357191211e-11, 1.0300592844e-11, 9.42119039032e-12, 8.52611471008e-12, 7.9137564557e-12, 7.39189525562e-12, 7.21823382316e-12, 6.87836029453e-12], "min": [1.21437484408e-23, 5.69476360339e-24, 1.59483046798e-23, 5.48744464661e-24, 3.22756937066e-24, 4.27516383381e-24, 2.48282720762e-23, 3.54685549724e-24, 3.23439932838e-24, 4.34910218873e-24, 1.09550163093e-23, 2.76454158533e-23, 3.19615042132e-23, 2.19353660977e-23, 9.20820531927e-24, 1.16808732606e-23, 6.94654899261e-24, 7.94063758435e-24, 1.68905122564e-23, 1.32252641201e-23, 6.56382326368e-24, 4.79121139445e-24, 1.15904153695e-23, 6.75667727247e-24, 4.38346851964e-24, 6.6005613049e-24, 7.66976641533e-24, 1.12110253389e-23, 1.29106285258e-23, 1.19781215717e-23, 8.08559550885e-24, 4.20648323682e-24, 4.89523374886e-24, 1.07203767328e-23, 9.90999018005e-24, 1.57216570531e-23, 1.25281272278e-23, 1.23312141352e-23, 6.60012033165e-24, 1.21237105849e-23], "var": [6.53205083339e-13, 2.03248112784e-10, 1.24339971652e-09, 3.62961458222e-07, 2.94185942273e-09, 3.02335274871e-11, 2.71254894102e-08, 4.80651260659e-06, 4.57546684629e-06, 1.58849104537e-07, 9.22427634276e-10, 1.04591183804e-12, 5.68829792297e-12, 5.54704773868e-13, 4.9941528777e-13, 4.96816563583e-13, 2.78234873292e-13, 5.38084354363e-14, 2.59992554465e-16, 1.9732744237e-16, 6.54776519086e-17, 4.42849868299e-17, 1.1291022806e-17, 5.16842671289e-18, 1.0664696949e-18, 4.74149814509e-20, 6.66283643654e-20, 2.99264252099e-20, 5.15741942048e-21, 8.50298856645e-21, 1.19544451107e-21, 5.67260309639e-22, 3.45102891855e-22, 2.17615648942e-22, 1.41821400919e-22, 1.0314521681e-22, 7.94543354311e-23, 6.13640635566e-23, 4.87249751539e-23, 3.8759898028e-23]}, "mfcc": {"mean": [-941.327209473, 197.365020752, 40.4956092834, -53.1904525757, -60.5872535706, -44.8813934326, -38.2604484558, -27.2708702087, -4.86913156509, 15.9640855789, 21.2203025818, 8.95053482056, -9.47615623474], "cov": [[1269.56286621, 1125.75231934, 14.3098344803, -313.818817139, -20.2022724152, 126.199714661, 14.0654191971, -74.7127380371, -46.5082130432, 57.7835998535, 142.043014526, 94.1141204834, -12.9569244385], [1125.75231934, 1063.02331543, 152.726547241, -174.416702271, 22.9021472931, 144.41809082, 38.9099884033, -70.2793273926, -59.1967926025, 37.5179100037, 114.775352478, 79.3559112549, -15.8623571396], [14.3098344803, 152.726547241, 336.868591309, 319.003845215, 193.558288574, 117.098152161, 52.4244804382, -31.9270801544, -69.4424057007, -50.2781639099, -24.5357933044, -12.6968288422, -30.1860561371], [-313.818817139, -174.416702271, 319.003845215, 532.401794434, 393.148376465, 172.446716309, 29.801410675, -60.3509712219, -109.871070862, -98.1536712646, -57.0978469849, -40.2110328674, -60.3860549927], [-20.2022724152, 22.9021472931, 193.558288574, 393.148376465, 414.655883789, 231.942199707, 25.9345226288, -91.8127288818, -124.667961121, -79.9523010254, -9.66244792938, -5.29023218155, -56.2991142273], [126.199714661, 144.41809082, 117.098152161, 172.446716309, 231.942199707, 187.951004028, 62.9575805664, -44.8382835388, -77.4573516846, -40.6498451233, 12.8769893646, 21.4217948914, -15.8087024689], [14.0654191971, 38.9099884033, 52.4244804382, 29.801410675, 25.9345226288, 62.9575805664, 80.1964492798, 47.8763885498, 6.55467700958, -9.4929227829, -1.74679982662, 13.3267030716, 14.6175909042], [-74.7127380371, -70.2793273926, -31.9270801544, -60.3509712219, -91.8127288818, -44.8382835388, 47.8763885498, 102.373497009, 87.5423660278, 33.3650665283, -6.27338504791, 0.311782836914, 29.1768035889], [-46.5082130432, -59.1967926025, -69.4424057007, -109.871070862, -124.667961121, -77.4573516846, 6.55467700958, 87.5423660278, 123.275032043, 88.4212188721, 27.2988567352, 12.2923078537, 41.0540924072], [57.7835998535, 37.5179100037, -50.2781639099, -98.1536712646, -79.9523010254, -40.6498451233, -9.4929227829, 33.3650665283, 88.4212188721, 113.85900116, 90.8354263306, 53.4017219543, 39.5608482361], [142.043014526, 114.775352478, -24.5357933044, -57.0978469849, -9.66244792938, 12.8769893646, -1.74679982662, -6.27338504791, 27.2988567352, 90.8354263306, 131.11756897, 100.284202576, 39.8974990845], [94.1141204834, 79.3559112549, -12.6968288422, -40.2110328674, -5.29023218155, 21.4217948914, 13.3267030716, 0.311782836914, 12.2923078537, 53.4017219543, 100.284202576, 110.160079956, 67.5854187012], [-12.9569244385, -15.8623571396, -30.1860561371, -60.3860549927, -56.2991142273, -15.8087024689, 14.6175909042, 29.1768035889, 41.0540924072, 39.5608482361, 39.8974990845, 67.5854187012, 82.3069381714]], "icov": [[-295.725006104, 399.761230469, -349.005706787, 278.005340576, -201.781173706, 133.299865723, -80.1259078979, 43.8626823425, -21.8644275665, 9.84942054749, -3.89105439186, 1.23991394043, -0.241830632091], [399.761230469, -544.487609863, 488.477813721, -413.212402344, 336.12588501, -268.028045654, 210.623718262, -160.3568573, 113.616821289, -71.1274185181, 36.8466377258, -14.3666009903, 3.30936455727], [-349.005706787, 488.477813721, -478.487579346, 473.332855225, -477.499969482, 481.303253174, -464.667663574, 411.71987915, -321.567932129, 213.100769043, -113.849060059, 45.0881156921, -10.4820814133], [278.005340576, -413.212402344, 473.332855225, -566.998046875, 674.617492676, -758.884887695, 777.383239746, -706.934143066, 556.40020752, -368.297851562, 195.806259155, -77.0660247803, 17.821931839], [-201.781173706, 336.12588501, -477.499969482, 674.617492676, -873.833740234, 1010.87463379, -1032.6262207, 923.438659668, -711.43145752, 460.86630249, -240.212844849, 92.86668396, -21.1479759216], [133.299865723, -268.028045654, 481.303253174, -758.884887695, 1010.87463379, -1154.27429199, 1141.94934082, -981.105041504, 724.914123535, -450.966644287, 226.414001465, -84.5457992554, 18.6564044952], [-80.1259078979, 210.623718262, -464.667663574, 777.383239746, -1032.6262207, 1141.94934082, -1076.57214355, 872.303771973, -604.042419434, 350.820770264, -164.182067871, 57.0165672302, -11.6795825958], [43.8626823425, -160.3568573, 411.71987915, -706.934143066, 923.438659668, -981.105041504, 872.303771973, -653.828857422, 409.981781006, -209.997955322, 83.8326187134, -23.5186405182, 3.51653552055], [-21.8644275665, 113.616821289, -321.567932129, 556.40020752, -711.43145752, 724.914123535, -604.042419434, 409.981781006, -219.694625854, 85.2877731323, -18.1170272827, -2.18807578087, 2.44901823997], [9.84942054749, -71.1274185181, 213.100769043, -368.297851562, 460.86630249, -450.966644287, 350.820770264, -209.997955322, 85.2877731323, -9.69330692291, -16.1036128998, 13.7040739059, -4.78175020218], [-3.89105439186, 36.8466377258, -113.849060059, 195.806259155, -240.212844849, 226.414001465, -164.182067871, 83.8326187134, -18.1170272827, -16.1036128998, 21.4571762085, -13.0074186325, 4.06729602814], [1.23991394043, -14.3666009903, 45.0881156921, -77.0660247803, 92.86668396, -84.5457992554, 57.0165672302, -23.5186405182, -2.18807578087, 13.7040739059, -13.0074186325, 7.23637533188, -2.2163631916], [-0.241830632091, 3.30936455727, -10.4820814133, 17.821931839, -21.1479759216, 18.6564044952, -11.6795825958, 3.51653552055, 2.44901823997, -4.78175020218, 4.06729602814, -2.2163631916, 0.713652610779]]}, "spectral_contrast_coeffs": {"dmean": [0.0368103720248, 0.0222974736243, 0.0201294962317, 0.0184513516724, 0.0142969470471, 0.0225341040641], "dmean2": [0.0626359954476, 0.0316828601062, 0.0258561689407, 0.0295617952943, 0.0234980713576, 0.0383239351213], "dvar": [0.000930160167627, 0.000358667166438, 0.000348117813701, 0.000245268864091, 0.000128805695567, 0.000327419198584], "dvar2": [0.00276667950675, 0.000742313393857, 0.000634774914943, 0.000662644801196, 0.000346144923242, 0.000846843002364], "max": [-0.220938771963, -0.20332545042, -0.346804738045, -0.579254329205, -0.731063365936, -0.806396007538], "mean": [-0.563854515553, -0.495908886194, -0.574801802635, -0.725170254707, -0.826639056206, -0.908231496811], "median": [-0.5774050951, -0.49346768856, -0.572786331177, -0.725285887718, -0.827100098133, -0.906532764435], "min": [-0.994562089443, -0.965522348881, -0.961784243584, -0.955192744732, -0.958229899406, -0.959472119808], "var": [0.00972959585488, 0.00926677510142, 0.00604375498369, 0.00202001887374, 0.00100378226489, 0.000682325102389]}, "spectral_contrast_valleys": {"dmean": [0.453766971827, 0.185288518667, 0.166847392917, 0.225930795074, 0.199425116181, 0.587439537048], "dmean2": [0.759191274643, 0.291753411293, 0.26540106535, 0.375780194998, 0.328773111105, 0.986396968365], "dvar": [0.156263753772, 0.0618228875101, 0.0424760580063, 0.0646881982684, 0.047679796