{"lowlevel": {"average_loudness": 0.93479090929, "barkbands_crest": {"dmean": 2.61880898476, "dmean2": 4.39936304092, "dvar": 8.0207824707, "dvar2": 20.6810512543, "max": 26.1006507874, "mean": 9.66855716705, "median": 8.70519351959, "min": 2.1522860527, "var": 19.6082077026}, "barkbands_flatness_db": {"dmean": 0.0262988582253, "dmean2": 0.0416517220438, "dvar": 0.000776776927523, "dvar2": 0.00197101174854, "max": 0.471065819263, "mean": 0.16028560698, "median": 0.141596615314, "min": 0.0387168191373, "var": 0.00667593814433}, "barkbands_kurtosis": {"dmean": 3.55720901489, "dmean2": 5.87851285934, "dvar": 46.9509162903, "dvar2": 124.176704407, "max": 119.442390442, "mean": 4.95636081696, "median": 1.13149118423, "min": -1.86990594864, "var": 134.923583984}, "barkbands_skewness": {"dmean": 0.633596301079, "dmean2": 1.04567706585, "dvar": 0.573765933514, "dvar2": 1.51039946079, "max": 10.1493082047, "mean": 1.66212999821, "median": 1.44214725494, "min": -1.78996121883, "var": 1.60121321678}, "barkbands_spread": {"dmean": 7.56564283371, "dmean2": 12.0240602493, "dvar": 80.1447982788, "dvar2": 191.259384155, "max": 81.7357254028, "mean": 26.857963562, "median": 24.1318130493, "min": 0.676766335964, "var": 320.840057373}, "dissonance": {"dmean": 0.0127918468788, "dmean2": 0.0215197782964, "dvar": 0.000281083601294, "dvar2": 0.000808150914963, "max": 0.500000059605, "mean": 0.472397357225, "median": 0.480203390121, "min": 0.213835194707, "var": 0.000839037296828}, "dynamic_complexity": 4.18758773804, "erbbands_crest": {"dmean": 1.57796263695, "dmean2": 2.58509278297, "dvar": 2.81200027466, "dvar2": 7.3621468544, "max": 22.0196990967, "mean": 6.34243154526, "median": 5.41042470932, "min": 2.39902925491, "var": 8.72075366974}, "erbbands_flatness_db": {"dmean": 0.0147981513292, "dmean2": 0.0213795341551, "dvar": 0.000228446951951, "dvar2": 0.000430494343163, "max": 0.453758269548, "mean": 0.174452334642, "median": 0.153310954571, "min": 0.0617741122842, "var": 0.00470140529796}, "erbbands_kurtosis": {"dmean": 0.674133121967, "dmean2": 1.07913982868, "dvar": 2.67553973198, "dvar2": 6.64691257477, "max": 51.113822937, "mean": 0.371943831444, "median": -0.82510304451, "min": -1.71398866177, "var": 27.3590660095}, "erbbands_skewness": {"dmean": 0.317797750235, "dmean2": 0.503233015537, "dvar": 0.0919196382165, "dvar2": 0.230975776911, "max": 5.49388360977, "mean": 0.0343842543662, "median": -0.0764144137502, "min": -2.16071629524, "var": 0.793381512165}, "erbbands_spread": {"dmean": 8.52250480652, "dmean2": 13.5854854584, "dvar": 83.356918335, "dvar2": 196.349639893, "max": 120.286270142, "mean": 48.0700378418, "median": 49.0578193665, "min": 2.39749479294, "var": 400.22177124}, "hfc": {"dmean": 9.60090732574, "dmean2": 15.0079679489, "dvar": 405.989776611, "dvar2": 1023.89025879, "max": 186.283508301, "mean": 19.7573242188, "median": 11.4441757202, "min": 1.17020275111e-16, "var": 619.602783203}, "melbands_crest": {"dmean": 3.20296859741, "dmean2": 5.35240316391, "dvar": 11.2812995911, "dvar2": 30.9523868561, "max": 29.7179470062, "mean": 13.0642175674, "median": 12.0153255463, "min": 2.47337388992, "var": 22.184797287}, "melbands_flatness_db": {"dmean": 0.033765245229, "dmean2": 0.0538101904094, "dvar": 0.00135242170654, "dvar2": 0.00332426372916, "max": 0.546893775463, "mean": 0.197761490941, "median": 0.174014434218, "min": 0.00795639585704, "var": 0.0101748062298}, "melbands_kurtosis": {"dmean": 9.63819026947, "dmean2": 16.0963993073, "dvar": 357.601409912, "dvar2": 992.194641113, "max": 270.566101074, "mean": 15.9780712128, "median": 9.55403518677, "min": -1.32829034328, "var": 468.054168701}, "melbands_skewness": {"dmean": 0.862194180489, "dmean2": 1.40968096256, "dvar": 1.2522778511, "dvar2": 3.33943629265, "max": 14.1713752747, "mean": 3.07985949516, "median": 2.83608818054, "min": -0.202155262232, "var": 2.89685940742}, "melbands_spread": {"dmean": 9.75039386749, "dmean2": 16.5541229248, "dvar": 152.371200562, "dvar2": 399.941986084, "max": 145.758346558, "mean": 26.099067688, "median": 20.9005947113, "min": 1.0953745842, "var": 399.154205322}, "pitch_salience": {"dmean": 0.0773937106133, "dmean2": 0.12768420577, "dvar": 0.00652459170669, "dvar2": 0.0176651217043, "max": 0.981438696384, "mean": 0.595264554024, "median": 0.615002572536, "min": 0.0805823877454, "var": 0.015398225747}, "silence_rate_20dB": {"dmean": 0, "dmean2": 0, "dvar": 0, "dvar2": 0, "max": 1, "mean": 1, "median": 1, "min": 1, "var": 0}, "silence_rate_30dB": {"dmean": 0.0118091637269, "dmean2": 0.0236239079386, "dvar": 0.0116701964289, "dvar2": 0.0320433415473, "max": 1, "mean": 0.992680072784, "median": 1, "min": 0, "var": 0.00726621644571}, "silence_rate_60dB": {"dmean": 0.0103920642287, "dmean2": 0.0207890383899, "dvar": 0.0102834627032, "dvar2": 0.022248307243, "max": 1, "mean": 0.114757969975, "median": 0, "min": 0, "var": 0.101588785648}, "spectral_centroid": {"dmean": 343.384002686, "dmean2": 568.368835449, "dvar": 175664.75, "dvar2": 402780.96875, "max": 11019.7421875, "mean": 1567.87268066, "median": 1524.21936035, "min": 295.988525391, "var": 640464.6875}, "spectral_complexity": {"dmean": 5.21870565414, "dmean2": 8.04488563538, "dvar": 41.1091957092, "dvar2": 86.3038787842, "max": 66, "mean": 20.2441558838, "median": 18, "min": 0, "var": 149.83114624}, "spectral_decrease": {"dmean": 2.59584509443e-09, "dmean2": 4.15580858615e-09, "dvar": 2.22160794023e-17, "dvar2": 5.3688213906e-17, "max": 9.40064438723e-25, "mean": -5.59487656204e-09, "median": -4.23662260829e-09, "min": -4.6873363857e-08, "var": 3.56861796646e-17}, "spectral_energy": {"dmean": 0.0104045048356, "dmean2": 0.0165144931525, "dvar": 0.000336344266543, "dvar2": 0.000800632406026, "max": 0.183068037033, "mean": 0.0229083877057, "median": 0.0173263084143, "min": 1.07599193639e-20, "var": 0.00056289852364}, "spectral_energyband_high": {"dmean": 0.00103280611802, "dmean2": 0.00165696023032, "dvar": 5.13500617672e-06, "dvar2": 1.29291238409e-05, "max": 0.02038067393, "mean": 0.0016823039623, "median": 0.000534254824743, "min": 7.54530809537e-21, "var": 8.06769548944e-06}, "spectral_energyband_low": {"dmean": 0.00736492266878, "dmean2": 0.0122347371653, "dvar": 0.000287271192065, "dvar2": 0.000756959954742, "max": 0.156741216779, "mean": 0.0100045613945, "median": 0.00529113644734, "min": 1.09943885149e-22, "var": 0.000342589279171}, "spectral_energyband_middle_high": {"dmean": 0.00141575431917, "dmean2": 0.00234919181094, "dvar": 8.27727944852e-06, "dvar2": 2.19467092393e-05, "max": 0.0279042907059, "mean": 0.00292804487981, "median": 0.0022361704614, "min": 1.55413009835e-21, "var": 9.77868876362e-06}, "spectral_energyband_middle_low": {"dmean": 0.00402947189286, "dmean2": 0.00667433487251, "dvar": 6.18491321802e-05, "dvar2": 0.000159107963555, "max": 0.0837172344327, "mean": 0.00964520592242, "median": 0.00717180082574, "min": 4.48335022204e-22, "var": 8.40431894176e-05}, "spectral_entropy": {"dmean": 0.185421600938, "dmean2": 0.286490499973, "dvar": 0.0493817031384, "dvar2": 0.104458034039, "max": 9.80983448029, "mean": 7.51966905594, "median": 7.62811803818, "min": 4.8598856926, "var": 0.523371636868}, "spectral_flux": {"dmean": 0.0252432636917, "dmean2": 0.0388739742339, "dvar": 0.00121147662867, "dvar2": 0.00251583592035, "max": 0.349106371403, "mean": 0.0726183205843, "median": 0.0544114261866, "min": 1.03730031509e-10, "var": 0.00327141163871}, "spectral_kurtosis": {"dmean": 2.65424084663, "dmean2": 4.5774474144, "dvar": 48.8764228821, "dvar2": 137.603790283, "max": 168.272781372, "mean": 6.91253900528, "median": 2.06665229797, "min": -1.21025848389, "var": 373.285247803}, "spectral_rms": {"dmean": 0.00088544463506, "dmean2": 0.00137003976852, "dvar": 1.54331382873e-06, "dvar2": 3.46226556758e-06, "max": 0.0133642414585, "mean": 0.0041514816694, "median": 0.00411141291261, "min": 3.23998185052e-12, "var": 5.11493590238e-06}, "spectral_rolloff": {"dmean": 759.864868164, "dmean2": 1292.03527832, "dvar": 1077526.5, "dvar2": 2355202.5, "max": 21016.40625, "mean": 1982.55114746, "median": 1399.65820312, "min": 86.1328125, "var": 3202914.5}, "spectral_skewness": {"dmean": 0.276144564152, "dmean2": 0.454580187798, "dvar": 0.146256819367, "dvar2": 0.396501630545, "max": 10.7752466202, "mean": 1.42098963261, "median": 1.05317020416, "min": -0.00139278057031, "var": 2.08868145943}, "spectral_spread": {"dmean": 461430.09375, "dmean2": 669385.25, "dvar": 508940189696, "dvar2": 686738112512, "max": 39851284, "mean": 4114342, "median": 4059470.5, "min": 516430.15625, "var": 1948868280320.0}, "spectral_strongpeak": {"dmean": 0.258936017752, "dmean2": 0.447885751724, "dvar": 0.11873807013, "dvar2": 0.318571388721, "max": 5.01435136795, "mean": 0.472576677799, "median": 0.359528154135, "min": 1.16601672762e-09, "var": 0.165970936418}, "zerocrossingrate": {"dmean": 0.0113236503676, "dmean2": 0.0138679714873, "dvar": 0.000152515538502, "dvar2": 0.000182219489943, "max": 0.49951171875, "mean": 0.0684230178595, "median": 0.0615234375, "min": 0.00732421875, "var": 0.00160571211018}, "barkbands": {"dmean": [3.30668153765e-05, 0.00408042874187, 0.00335031352006, 0.00189469929319, 0.00192235340364, 0.000731794221792, 0.00024063437013, 0.000316154386383, 0.000126299317344, 0.000140470816405, 0.000126747501781, 0.000123702993733, 0.00014553447545, 0.000210008016438, 0.000193988613319, 0.000232541249716, 0.000283609697362, 0.00027946732007, 0.000233471480897, 0.000212480154005, 0.000385814433685, 0.000259399006609, 0.000206865050131, 0.000104369748442, 3.40442165907e-05, 4.64181994175e-06, 3.02358188264e-07], "dmean2": [4.77841094835e-05, 0.00676739262417, 0.00563716795295, 0.00325748790056, 0.00329682789743, 0.00119040592108, 0.000394330389099, 0.000488716934342, 0.000192164196051, 0.00020618273993, 0.000207914839848, 0.000207707606023, 0.000245145929512, 0.000343976949807, 0.000334599782946, 0.000397887517465, 0.00049779942492, 0.000497272412758, 0.000395183858927, 0.000350645277649, 0.000669791537803, 0.000406327482779, 0.000347552908352, 0.000167498525116, 5.40735381946e-05, 7.14294901627e-06, 4.65470577637e-07], "dvar": [3.95654176089e-09, 0.000124276892166, 0.000135105539812, 2.36609976128e-05, 1.36770704557e-05, 1.1936683677e-06, 2.31409458706e-07, 3.22716459777e-07, 4.25785735558e-08, 3.08559897633e-08, 3.76782303135e-08, 7.19982438113e-08, 5.6492588385e-08, 1.68149441038e-07, 1.15056785432e-07, 1.53413168391e-07, 2.23143302946e-07, 3.84849215607e-07, 1.21158237221e-07, 1.44936279867e-07, 7.34167826977e-07, 3.20027254475e-07, 2.52967879533e-07, 3.93615238181e-08, 4.47356507394e-09, 1.47982251453e-10, 2.85250165502e-12], "dvar2": [9.41422850786e-09, 0.000316843565088, 0.000350622111, 6.41517908662e-05, 3.62997889169e-05, 3.2044144973e-06, 6.19720367467e-07, 8.02974454928e-07, 1.01485909454e-07, 6.53357687952e-08, 9.68170326132e-08, 1.90626948893e-07, 1.44824795711e-07, 4.33802796351e-07, 3.11884122084e-07, 4.12635756675e-07, 6.27414465271e-07, 1.08571271085e-06, 2.97927527981e-07, 3.61712523045e-07, 1.96814448827e-06, 7.18805381439e-07, 6.98046449088e-07, 8.514830796e-08, 1.05471080758e-08, 3.48779616299e-10, 6.72712449981e-12], "max": [0.000643680628855, 0.112773865461, 0.133656531572, 0.0438471585512, 0.0407289415598, 0.0129734165967, 0.00568758742884, 0.00779176689684, 0.00302397971973, 0.00267629814334, 0.00242891116068, 0.00279511953704, 0.00272093643434, 0.00536560034379, 0.00360645283945, 0.00495007541031, 0.00491632847115, 0.00702890893444, 0.00341219129041, 0.00333267450333, 0.009113275446, 0.00530390487984, 0.00402375217527, 0.00173122098204, 0.00054354238091, 0.000352949165972, 0.000132387896883], "mean": [5.06448486703e-05, 0.00517158815637, 0.00353199290112, 0.0022976922337, 0.00409702863544, 0.0017301060725, 0.000468952464871, 0.000632872397546, 0.000231372658163, 0.0003026232298, 0.000187085432117, 0.000160830240929, 0.000214466737816, 0.000284829788143, 0.000285255489871, 0.000325065600919, 0.000414364563767, 0.000347265828168, 0.000358972058166, 0.000339620397426, 0.000486880744575, 0.000459934701212, 0.00031390262302, 0.000159062896273, 4.760068623e-05, 7.72190014686e-06, 6.92976016126e-07], "median": [8.52690754982e-06, 0.00183205585927, 0.00120178842917, 0.00063099397812, 0.00229671737179, 0.00123972515576, 0.000225875381147, 0.000319479702739, 0.000121191726066, 0.000205810400075, 0.000119598997117, 8.77408747328e-05, 0.000106899693492, 0.0001570952154, 0.000174685847014, 0.000202846364118, 0.000247378717177, 0.000174585875357, 0.000216247848584, 0.000161853444297, 0.00012659181084, 9.66332881944e-05, 4.44219840574e-05, 2.57612846326e-05, 5.6661333474e-06, 3.47907331388e-07, 2.1076700385e-09], "min": [8.92677859969e-25, 4.68053578717e-23, 3.75973568674e-23, 6.44229001156e-23, 1.44951440063e-23, 1.10987882603e-22, 1.33921975006e-22, 2.2163717664e-23, 9.90242263739e-23, 3.46058827189e-23, 1.52555803599e-22, 7.15057855719e-23, 1.00461537254e-22, 3.2161347924e-23, 1.00860940686e-22, 1.48605819274e-22, 1.58261274805e-22, 2.28080917524e-22, 3.19246202327e-22, 3.93509441726e-22, 5.97136352764e-22, 4.8358844613e-22, 5.80906063443e-22, 8.1817391623e-22, 1.32929964116e-21, 1.43502850996e-21, 2.38143501013e-21], "var": [7.38873406902e-09, 0.00015391636407, 0.000107206666144, 1.9117798729e-05, 2.24246414291e-05, 2.83284066427e-06, 4.13275898836e-07, 6.74211889873e-07, 9.73308900143e-08, 9.54803525133e-08, 4.81018638254e-08, 7.03123603785e-08, 8.24671246846e-08, 1.81132136845e-07, 1.30345938487e-07, 1.63414512144e-07, 2.65319300752e-07, 3.44227146343e-07, 1.89959806107e-07, 2.21580862103e-07, 7.92895605173e-07, 6.67824451739e-07, 3.68808343865e-07, 7.48530624151e-08, 6.98688884526e-09, 6.27974727774e-10, 2.73086882968e-11]}, "erbbands": {"dmean": [0.0994639694691, 1.02168691158, 3.22611832619, 5.69769144058, 6.2633061409, 6.37019824982, 6.11844873428, 6.0111784935, 4.19747209549, 4.70132541656, 6.2117228508, 3.46374773979, 4.69681024551, 2.66899561882, 5.87290334702, 5.75098896027, 7.06200313568, 10.2860774994, 10.2302064896, 10.8298854828, 10.9421043396, 14.0392332077, 16.9156303406, 13.414847374, 9.21523857117, 10.9366922379, 11.7292995453, 17.2656745911, 9.60786247253, 7.79152107239, 5.65364170074, 2.87123560905, 1.37209904194, 0.541022479534, 0.170596495271, 0.0348074659705, 0.00662540784106, 0.000853664183524, 4.77652974951e-05, 1.41132759381e-05], "dmean2": [0.153752699494, 1.70496284962, 5.45665168762, 9.42661952972, 10.8298273087, 10.9786043167, 10.273144722, 9.90483856201, 6.51980924606, 7.85766983032, 9.46210479736, 5.17913103104, 6.89934873581, 4.25069856644, 9.62085723877, 9.65070438385, 11.8309230804, 16.6477775574, 17.7891979218, 18.1329994202, 18.7867851257, 25.1004714966, 30.0258693695, 23.1198978424, 15.3860206604, 18.3683738708, 19.7021427155, 29.8464584351, 15.2085237503, 12.9633541107, 9.58430862427, 4.59541702271, 2.1594171524, 0.869108438492, 0.265856385231, 0.0524387732148, 0.0104128792882, 0.00129202287644, 7.06727878423e-05, 2.18901604967e-05], "dvar": [0.0713323280215, 7.4684176445, 105.026596069, 236.474853516, 194.163482666, 169.28616333, 110.867141724, 84.196182251, 61.7717704773, 69.0017166138, 145.176925659, 28.4745254517, 41.3827400208, 15.8178052902, 98.5598373413, 131.462127686, 137.279296875, 347.278198242, 406.471466064, 343.030639648, 313.825134277, 790.638305664, 1616.65075684, 426.395874023, 261.424377441, 391.326629639, 530.568603516, 1672.71191406, 384.674041748, 321.035705566, 172.034545898, 29.8848686218, 7.52189493179, 1.08198583126, 0.116496138275, 0.00641979370266, 0.000458033027826, 1.16133678603e-05, 3.46140573981e-08, 5.41879374705e-10], "dvar2": [0.159351915121, 20.2087917328, 282.28805542, 613.047607422, 519.529541016, 464.246826172, 308.183166504, 225.928283691, 152.330413818, 185.002410889, 337.864105225, 64.7420272827, 85.690826416, 39.3865356445, 251.962997437, 348.054504395, 351.973358154, 864.413330078, 1124.74804688, 892.17376709, 849.302001953, 2243.10766602, 4587.83007812, 1137.42883301, 616.305236816, 1001.00073242, 1357.77978516, 4489.65673828, 839.907897949, 821.332214355, 472.707611084, 65.4108657837, 17.6649723053, 2.56996035576, 0.282294183969, 0.0154169155285, 0.00106788589619, 2.55251216004e-05, 7.67518955058e-08, 1.23675336638e-09], "max": [3.04601550102, 28.0579433441, 105.462661743, 165.169113159, 175.976303101, 189.545227051, 136.183502197, 105.164329529, 114.459312439, 101.032066345, 214.154632568, 86.8919143677, 103.482322693, 56.6824760437, 134.569595337, 119.618057251, 134.636703491, 250.654968262, 200.998840332, 202.598220825, 182.076858521, 284.442016602, 442.507598877, 187.334365845, 177.953384399, 181.677246094, 236.095092773, 415.589111328, 173.127609253, 155.090652466, 119.329826355, 47.3921699524, 21.5726566315, 8.06688117981, 2.78292059898, 1.4270247221, 0.923049449921, 0.203473106027, 0.0146661950275, 0.000304650049657], "mean": [0.127454966307, 1.26304471493, 3.54080915451, 6.82643556595, 11.3642158508, 12.9653348923, 12.4149837494, 14.102643013, 10.3395175934, 6.97444868088, 13.78748703, 7.33509016037, 9.52788066864, 5.54831886292, 8.85103988647, 8.22230815887, 11.0220451355, 14.9994001389, 14.4527664185, 16.8940830231, 17.3459262848, 19.2793617249, 20.9489650726, 21.1375808716, 14.4639263153, 17.3084697723, 17.1340351105, 21.0380573273, 15.9439735413, 13.4590501785, 8.37068557739, 4.51051998138, 1.97691810131, 0.766353785992, 0.230092301965, 0.0532141588628, 0.0119339050725, 0.00171427696478, 0.00011776816973, 3.24419488607e-05], "median": [0.0332616567612, 0.45410490036, 1.38261377811, 2.08935046196, 3.6507589817, 7.92578125, 8.58047962189, 9.31666469574, 4.95335245132, 4.36415052414, 6.05287456512, 4.61294269562, 5.69543266296, 3.83251738548, 5.5276260376, 5.01052522659, 5.79210281372, 8.23206520081, 8.555352211, 11.3701105118, 11.7858848572, 11.0838050842, 9.93795776367, 13.0011091232, 6.888671875, 8.61602020264, 6.23309516907, 4.73811531067, 3.3165910244, 2.65739274025, 1.42867398262, 0.690717041492, 0.275915622711, 0.102375224233, 0.0256795287132, 0.0041068829596, 0.000383143633371, 2.79291907646e-05, 1.40971214933e-05, 2.33438222494e-05], "min": [9.35047206057e-22, 1.25883730273e-20, 4.23693735847e-20, 1.21729566229e-19, 1.43346639069e-19, 4.20407050006e-20, 3.5916781903e-19, 1.01445740516e-18, 2.04012248724e-18, 1.38631469178e-18, 4.6485265339e-19, 2.7669913205e-18, 9.42264493419e-19, 4.6335510493e-18, 4.64826328367e-18, 2.15614759624e-18, 3.36700125347e-18, 3.60359538138e-18, 5.86466049857e-18, 3.88311666757e-18, 9.29664402699e-18, 9.7032272863e-18, 1.13452296059e-17, 1.55119956045e-17, 1.93586865466e-17, 1.49754597894e-17, 1.7013689067e-17, 2.90603703139e-17, 1.77515490627e-17, 1.736191887e-17, 1.6238180773e-17, 1.67691165753e-17, 1.44683120471e-17, 1.39493422395e-17, 9.8917632546e-18, 3.82419204304e-18, 3.04998904e-18, 1.4818467113e-18, 3.07060170878e-19, 3.31582683307e-20], "var": [0.0956643372774, 8.86751079559, 85.084854126, 203.890457153, 239.297927856, 236.346694946, 169.429412842, 213.373580933, 197.223617554, 73.1832122803, 399.807678223, 73.9674606323, 119.761383057, 36.7098007202, 119.381614685, 142.39251709, 204.931106567, 434.707977295, 403.734832764, 400.873626709, 380.933776855, 748.33404541, 1392.92724609, 608.048034668, 421.789337158, 561.707458496, 741.850830078, 1756.66296387, 799.255371094, 578.342895508, 255.4115448, 61.6358566284, 12.4710664749, 1.6815662384, 0.178823083639, 0.0173026863486, 0.00245754816569, 9.12395335035e-05, 4.76626524915e-07, 1.18492726742e-09]}, "gfcc": {"mean": [-49.0688934326, 102.70892334, -136.649307251, 52.3717575073, -75.4343490601, 2.74281144142, -44.7115516663, -6.08593225479, -19.8456573486, -9.27994728088, -11.5808429718, -6.59567737579, -3.00205302238], "cov": [[24282.0585938, -3257.71826172, -1727.24609375, 3773.37451172, 1452.37878418, 3035.04638672, -56.2724876404, 795.261169434, -71.5578613281, 874.745056152, 82.8551177979, -159.259597778, -173.936843872], [-3257.71826172, 2149.04760742, 294.157806396, -430.465240479, 291.405181885, -389.875061035, 326.117645264, -167.73425293, 212.795547485, -284.925201416, 174.087524414, -66.2893371582, 196.232192993], [-1727.24609375, 294.157806396, 1317.58032227, 184.163742065, 110.242912292, 97.5697250366, 138.143569946, 96.1375427246, -2.97518444061, -17.1327877045, -51.3537635803, 88.0959701538, -34.5688552856], [3773.37451172, -430.465240479, 184.163742065, 1277.7565918, 460.783599854, 779.766845703, 140.621887207, 219.830749512, 90.599067688, 195.678833008, 90.3444442749, -29.4559764862, 8.10443687439], [1452.37878418, 291.405181885, 110.242912292, 460.783599854, 529.449462891, 337.896606445, 173.349258423, 89.0138320923, 85.5349197388, 60.7475318909, 84.5916137695, -21.8173427582, 32.8875923157], [3035.04638672, -389.875061035, 97.5697250366, 779.766845703, 337.896606445, 657.273010254, 114.611991882, 191.414047241, 50.5193214417, 153.542633057, 52.5401268005, 1.55685842037, -6.58712530136], [-56.2724876404, 326.117645264, 138.143569946, 140.621887207, 173.349258423, 114.611991882, 200.009918213, 69.4266967773, 100.065101624, -0.988441407681, 68.9591217041, 8.89901256561, 48.2350616455], [795.261169434, -167.73425293, 96.1375427246, 219.830749512, 89.0138320923, 191.414047241, 69.4266967773, 151.822052002, 51.6952819824, 81.2828140259, 17.1806907654, 29.3966617584, 0.959215819836], [-71.5578613281, 212.795547485, -2.97518444061, 90.599067688, 85.5349197388, 50.5193214417, 100.065101624, 51.6952819824, 124.430915833, 28.210723877, 70.1590881348, 4.1150431633, 48.8868637085], [874.745056152, -284.925201416, -17.1327877045, 195.678833008, 60.7475318909, 153.542633057, -0.988441407681, 81.2828140259, 28.210723877, 131.192657471, 32.1274719238, 28.8585357666, -7.30137872696], [82.8551177979, 174.087524414, -51.3537635803, 90.3444442749, 84.5916137695, 52.5401268005, 68.9591217041, 17.1806907654, 70.1590881348, 32.1274719238, 105.000640869, 19.600774765, 53.0803794861], [-159.259597778, -66.2893371582, 88.0959701538, -29.4559764862, -21.8173427582, 1.55685842037, 8.89901256561, 29.3966617584, 4.1150431633, 28.8585357666, 19.600774765, 70.7890701294, 13.1060638428], [-173.936843872, 196.232192993, -34.5688552856, 8.10443687439, 32.8875923157, -6.58712530136, 48.2350616455, 0.959215819836, 48.8868637085, -7.30137872696, 53.0803794861, 13.1060638428, 76.4279785156]], "icov": [[0.000227243101108, -0.000199802118004, 0.000495825253893, -0.00032189549529, -8.29603304737e-05, -0.000756964320317, 0.000348816858605, -0.00040938789607, 0.000644739018753, -0.000409490283346, 0.000599475286435, -0.000391173380194, 0.000243226924795], [-0.000199802118004, 0.00332780787721, -0.00160469010007, 0.00145996210631, -0.00206378358416, 0.00166560767684, -0.00135245500132, 0.00154361291789, -0.00323139247485, 0.00493837846443, -0.00451765954494, 0.00411657243967, -0.00304344436154], [0.000495825253893, -0.00160469010007, 0.00272886571474, -0.00175076513551, 0.000428291474236, -0.00143015338108, -0.000107467974885, -0.00136040884536, 0.00247090286575, -0.00190657749772, 0.00434404052794, -0.00479990243912, 0.00248925364576], [-0.00032189549529, 0.00145996210631, -0.00175076513551, 0.00440050289035, -0.00100635550916, -0.00225683255121, 0.00033050077036, 0.000902211468201, -0.00234783254564, 0.00127486488782, -0.00384012656286, 0.00508235394955, -0.00230191880837], [-8.29603304737e-05, -0.00206378358416, 0.000428291474236, -0.00100635550916, 0.00546395871788, -0.00161498214584, -0.00213139876723, 0.000407695100876, 0.00218538660556, -0.00385723123327, 0.00124507700093, -0.000468637648737, 0.00170942605473], [-0.000756964320317, 0.00166560767684, -0.00143015338108, -0.00225683255121, -0.00161498214584, 0.010710934177, -0.00342327333055, -0.00177978607826, 0.000125644786749, 0.00141774024814, -0.00280067813583, 0.00148301199079, -0.000860004802234], [0.000348816858605, -0.00135245500132, -0.000107467974885, 0.00033050077036, -0.00213139876723, -0.00342327333055, 0.0169937554747, -0.00640425318852, -0.00566042447463, 0.00567028298974, -0.00308856950141, -0.001531426562, 0.000730148109142], [-0.00040938789607, 0.00154361291789, -0.00136040884536, 0.000902211468201, 0.000407695100876, -0.00177978607826, -0.00640425318852, 0.0206432938576, -0.00827541481704, -0.00527698732913, 0.00602811155841, -0.00388299906626, -0.000883594329935], [0.000644739018753, -0.00323139247485, 0.00247090286575, -0.00234783254564, 0.00218538660556, 0.000125644786749, -0.00566042447463, -0.00827541481704, 0.0268656145781, -0.00937618874013, -0.00293933833018, 0.00275361142121, -0.00263368082233], [-0.000409490283346, 0.00493837846443, -0.00190657749772, 0.00127486488782, -0.00385723123327, 0.00141774024814, 0.00567028298974, -0.00527698732913, -0.00937618874013, 0.0278797335923, -0.0133816776797, -0.000567518407479, 0.00171259394847], [0.000599475286435, -0.00451765954494, 0.00434404052794, -0.00384012656286, 0.00124507700093, -0.00280067813583, -0.00308856950141, 0.00602811155841, -0.00293933833018, -0.0133816776797, 0.0343996323645, -0.0146498037502, -0.0043450477533], [-0.000391173380194, 0.00411657243967, -0.00479990243912, 0.00508235394955, -0.000468637648737, 0.00148301199079, -0.001531426562, -0.00388299906626, 0.00275361142121, -0.000567518407479, -0.0146498037502, 0.0328138247132, -0.0100930053741], [0.000243226924795, -0.00304344436154, 0.00248925364576, -0.00230191880837, 0.00170942605473, -0.000860004802234, 0.000730148109142, -0.000883594329935, -0.00263368082233, 0.00171259394847, -0.0043450477533, -0.0100930053741, 0.0281592197716]]}, "melbands": {"dmean": [0.00104046182241, 0.00155963993166, 0.00096771895187, 0.000464686745545, 0.000224483985221, 0.00013461173512, 5.97952966928e-05, 5.57295279577e-05, 4.609694588e-05, 1.9869501557e-05, 2.32984803006e-05, 1.07418254629e-05, 1.82481544471e-05, 1.52646935021e-05, 1.47118535097e-05, 1.46547336044e-05, 2.10788148252e-05, 1.63032709679e-05, 1.27191979118e-05, 1.90212613234e-05, 1.28744150061e-05, 1.32373706947e-05, 2.10944817809e-05, 1.19453279694e-05, 1.15815628305e-05, 7.71753002482e-06, 5.84152894589e-06, 8.03804596217e-06, 6.37512266621e-06, 1.03325137388e-05, 1.01163359432e-05, 5.77448327022e-06, 4.47222373623e-06, 4.58282238469e-06, 3.60479975825e-06, 2.44959369411e-06, 1.60528816195e-06, 1.06027414404e-06, 6.76460444993e-07, 3.97168690824e-07], "dmean2": [0.0016760090366, 0.00260373787023, 0.00159721251111, 0.000800224719569, 0.000377038028091, 0.000218759159907, 9.34735071496e-05, 9.24221167224e-05, 6.99398806319e-05, 2.98739141726e-05, 3.42525163433e-05, 1.70681014424e-05, 3.00306091958e-05, 2.53838406934e-05, 2.47825282713e-05, 2.43427493842e-05, 3.42498969985e-05, 2.84059351543e-05, 2.15726413444e-05, 3.22379746649e-05, 2.21924747166e-05, 2.32749698625e-05, 3.760663094e-05, 2.10522648558e-05, 1.99598616746e-05, 1.31058977786e-05, 9.6226176538e-06, 1.35415784825e-05, 1.06785691969e-05, 1.79798989848e-05, 1.75914155989e-05, 9.38806624617e-06, 7.157757409e-06, 7.81261496741e-06, 6.1423443185e-06, 3.98389192924e-06, 2.54352539741e-06, 1.67586790667e-06, 1.11619908694e-06, 6.46341050015e-07], "dvar": [8.35178161651e-06, 1.69021350303e-05, 5.96947165832e-06, 8.61639591676e-07, 1.50543698396e-07, 3.99557897879e-08, 1.30392825426e-08, 1.0043586407e-08, 7.47216066799e-09, 9.99673233082e-10, 1.01581398848e-09, 2.67756400385e-10, 8.56844650787e-10, 8.21456846989e-10, 7.08971881203e-10, 7.29697302582e-10, 1.32972788336e-09, 1.11519882218e-09, 5.3407200884e-10, 8.9189222674e-10, 4.32158364649e-10, 4.7275539039e-10, 2.76060307947e-09, 5.60218205159e-10, 3.10092979072e-10, 1.6857945595e-10, 1.18072066013e-10, 2.01922395471e-10, 1.39018116463e-10, 5.59249202503e-10, 5.41549194377e-10, 1.36535713291e-10, 9.05392774642e-11, 1.22368504218e-10, 7.14586723127e-11, 2.33394900628e-11, 9.29400133243e-12, 4.44321749532e-12, 1.91367689924e-12, 5.31620049631e-13], "dvar2": [1.97774352273e-05, 4.72517422168e-05, 1.53402270371e-05, 2.30897603615e-06, 4.14596030396e-07, 1.05765764147e-07, 3.25702060877e-08, 2.66775295188e-08, 1.69771166014e-08, 2.27765251104e-09, 2.1018318197e-09, 6.5213562328e-10, 2.23657026233e-09, 2.1635095937e-09, 1.86921411682e-09, 1.84081216936e-09, 3.31450000779e-09, 3.09674730303e-09, 1.42269018788e-09, 2.35353669886e-09, 1.19572063362e-09, 1.33032218574e-09, 7.87122100832e-09, 1.55010682068e-09, 8.36172742158e-10, 4.14151962724e-10, 2.81092704668e-10, 5.24961907278e-10, 3.41861511322e-10, 1.53200807596e-09, 1.446555431e-09, 3.08032654939e-10, 1.88368723397e-10, 3.37844474618e-10, 2.0305743198e-10, 5.65938892971e-11, 2.05875819864e-11, 1.02131194127e-11, 4.86199752334e-12, 1.22789647374e-12], "max": [0.0313144437969, 0.039963748306, 0.027061406523, 0.0100559424609, 0.00462847715244, 0.00227745459415, 0.00154660048429, 0.00106534210499, 0.00161114963703, 0.000502726295963, 0.000511745514814, 0.000248742231634, 0.000363119121175, 0.00030756322667, 0.000305633351672, 0.000257157575106, 0.000470150174806, 0.000355777068762, 0.000231813814025, 0.000388101761928, 0.000195283719222, 0.000206214550417, 0.00052624149248, 0.000303604552755, 0.000179315655259, 0.000131847336888, 0.000102017831523, 0.000120136879559, 0.000121923018014, 0.000251100864261, 0.000222257513087, 0.000104803300928, 7.9635734437e-05, 0.000100944373116, 7.86555392551e-05, 4.08577361668e-05, 2.89155395876e-05, 1.634977707e-05, 1.26730265038e-05, 5.49370452063e-06], "mean": [0.00133614998776, 0.0018472073134, 0.00130953430198, 0.00092084496282, 0.000478650385048, 0.000326755602146, 0.00014200458827, 8.40986976982e-05, 0.000104964841739, 3.93183727283e-05, 4.62928728666e-05, 2.11743627005e-05, 2.67984978564e-05, 2.17808574234e-05, 2.18675286305e-05, 2.16260796151e-05, 2.96111538773e-05, 2.18990880967e-05, 1.93235791812e-05, 2.7496529583e-05, 1.97660210688e-05, 1.8972745238e-05, 2.38403736148e-05, 1.60665204021e-05, 1.75621826202e-05, 1.0965824913e-05, 9.03979525901e-06, 1.2198596778e-05, 9.66250536294e-06, 1.21429548017e-05, 1.23794261526e-05, 9.23582956602e-06, 8.16108968138e-06, 7.08259494786e-06, 5.07117511006e-06, 3.57845510734e-06, 2.41051702687e-06, 1.47564480812e-06, 9.30380679165e-07, 5.43163309885e-07], "median": [0.000397891300963, 0.000884865119588, 0.000461957766674, 0.000437684881035, 0.000333321338985, 0.000224800547585, 6.51882000966e-05, 5.10389872943e-05, 4.88945479447e-05, 2.23085062316e-05, 2.71192493528e-05, 1.32916311486e-05, 1.71772371687e-05, 1.36584867505e-05, 1.23535601233e-05, 1.03765378299e-05, 1.60268027685e-05, 1.26554114104e-05, 1.20970644275e-05, 1.77831225301e-05, 1.28927831611e-05, 1.12199459181e-05, 9.81716402748e-06, 8.92354819371e-06, 1.04045593616e-05, 4.60163573734e-06, 3.84399072573e-06, 5.96606560066e-06, 3.73440502699e-06, 2.90526736535e-06, 2.46694025918e-06, 1.82974906693e-06, 1.56120336214e-06, 1.2105604128e-06, 8.38833670969e-07, 4.26090593919e-07, 4.28946947295e-07, 1.87998338674e-07, 1.49439060237e-07, 5.7762772343e-08], "min": [1.15185887952e-23, 2.00114795003e-23, 2.46193343768e-23, 5.16305754821e-24, 9.4945752385e-24, 2.47566608609e-23, 2.9008065782e-23, 1.23619244902e-23, 4.63407306315e-24, 1.66980144183e-23, 3.4438921886e-24, 1.7064484485e-23, 1.90080642061e-23, 8.4931107973e-24, 4.35820958788e-24, 9.76097435506e-24, 5.69595991096e-24, 8.79163311877e-24, 5.39448803856e-24, 6.89448969489e-24, 1.11808955855e-23, 1.08012594303e-23, 7.77592184962e-24, 1.26463498673e-23, 1.26232031106e-23, 1.17098315556e-23, 1.57121654787e-23, 8.93190205405e-24, 1.00435750969e-23, 1.08906981131e-23, 1.97035397573e-23, 9.00163499149e-24, 9.23382436603e-24, 1.02793119789e-23, 8.87362101038e-24, 9.58862323562e-24, 1.03999950756e-23, 9.36366771559e-24, 1.09295219026e-23, 1.22648425341e-23], "var": [1.08205058496e-05, 1.60535000759e-05, 5.60170428798e-06, 1.25046392441e-06, 2.44301531893e-07, 1.09149851824e-07, 3.88300414045e-08, 1.095251001e-08, 2.20949747387e-08, 2.55693199946e-09, 2.92065371887e-09, 6.59658050406e-10, 1.00838715156e-09, 8.79160688694e-10, 8.54474213607e-10, 9.72883995587e-10, 1.69674629902e-09, 1.03573793986e-09, 5.91486915003e-10, 1.06191189175e-09, 5.44806144642e-10, 5.64284619031e-10, 2.13429540707e-09, 5.6812421434e-10, 4.43356962254e-10, 2.547551059e-10, 1.84808779391e-10, 2.80121426055e-10, 2.30962984848e-10, 5.31316213248e-10, 6.04840233454e-10, 2.68103400591e-10, 2.17410381365e-10, 1.74174674683e-10, 9.90593440608e-11, 4.24422927359e-11, 1.80329241123e-11, 7.38716206261e-12, 2.59024615992e-12, 8.45772887489e-13]}, "mfcc": {"mean": [-664.585571289, 103.495811462, -2.2755188942, 33.178024292, -2.92751216888, 3.99020075798, -14.1214599609, -2.76249051094, -8.1616153717, -5.40740823746, -7.71720981598, -4.01888227463, -6.04298496246], "cov": [[15935.3896484, -1601.6340332, -710.49420166, 1367.80908203, 1042.73986816, 1689.25842285, 710.936462402, 790.283630371, 457.787719727, 602.928710938, 476.604003906, 398.557891846, 26.6469917297], [-1601.6340332, 1754.21081543, -178.628555298, 57.8727874756, 16.8280620575, -96.8183822632, 30.4675064087, 47.3047218323, 44.51820755, -12.8334264755, -31.415391922, -44.1453475952, 27.3308868408], [-710.49420166, -178.628555298, 925.171203613, 145.1355896, 180.270462036, 108.316810608, 146.500808716, 110.4479599, 78.1382827759, 25.5790100098, 23.4732151031, 29.4900913239, 39.6793556213], [1367.80908203, 57.8727874756, 145.1355896, 462.876281738, 324.739379883, 361.595062256, 209.710906982, 194.987731934, 123.016593933, 144.178512573, 114.968338013, 92.2072296143, 38.6078834534], [1042.73986816, 16.8280620575, 180.270462036, 324.739379883, 370.556213379, 333.600921631, 207.71862793, 157.844207764, 106.680549622, 113.453727722, 102.326370239, 75.227180481, 36.2205352783], [1689.25842285, -96.8183822632, 108.316810608, 361.595062256, 333.600921631, 442.1121521, 236.798126221, 207.57989502, 123.412223816, 145.79675293, 123.692779541, 105.060684204, 38.1823310852], [710.936462402, 30.4675064087, 146.500808716, 209.710906982, 207.71862793, 236.798126221, 202.482727051, 155.37953186, 96.734085083, 87.3201904297, 75.8888320923, 63.0199127197, 34.4980735779], [790.283630371, 47.3047218323, 110.4479599, 194.987731934, 157.844207764, 207.57989502, 155.37953186, 199.47694397, 116.371360779, 94.1978530884, 77.0350112915, 63.7336959839, 34.1923065186], [457.787719727, 44.51820755, 78.1382827759, 123.016593933, 106.680549622, 123.412223816, 96.734085083, 116.371360779, 112.732788086, 82.5983810425, 55.0441207886, 45.0863342285, 31.3449573517], [602.928710938, -12.8334264755, 25.5790100098, 144.178512573, 113.453727722, 145.79675293, 87.3201904297, 94.1978530884, 82.5983810425, 115.922912598, 75.4992294312, 50.1755523682, 26.1485366821], [476.604003906, -31.415391922, 23.4732151031, 114.968338013, 102.326370239, 123.692779541, 75.8888320923, 77.0350112915, 55.0441207886, 75.4992294312, 96.6784820557, 58.4049949646, 19.9015769958], [398.557891846, -44.1453475952, 29.4900913239, 92.2072296143, 75.227180481, 105.060684204, 63.0199127197, 63.7336959839, 45.0863342285, 50.1755523682, 58.4049949646, 89.0552368164, 44.6788749695], [26.6469917297, 27.3308868408, 39.6793556213, 38.6078834534, 36.2205352783, 38.1823310852, 34.4980735779, 34.1923065186, 31.3449573517, 26.1485366821, 19.9015769958, 44.6788749695, 65.1000061035]], "icov": [[0.000160524097737, 0.000158588212798, 0.000243363057962, -0.000185650787898, 3.46181222994e-05, -0.000481659837533, 0.00014902948169, -0.000255024759099, -0.000192650288227, 3.68628898286e-05, 0.00014740190818, -3.45186927007e-05, 0.000204275667784], [0.000158588212798, 0.000905246008188, 0.000571304990444, -0.000691543740686, -0.000360173202353, 0.000637422665022, -0.000415784947108, -0.000662631588057, -0.000563890382182, 0.000441369251348, 0.000288722658297, 0.000648283516057, -0.000427121878602], [0.000243363057962, 0.000571304990444, 0.00188575475477, -0.000646110682283, -0.000919564685319, 0.000623615691438, -0.00102708186023, -0.000810820434708, -0.000927142507862, 0.000945290958043, 0.000610658607911, 0.000271563476417, -0.000296013691695], [-0.000185650787898, -0.000691543740686, -0.000646110682283, 0.00819478742778, -0.00341698760167, -0.00254592346027, 0.00118306954391, -0.0017551893834, 0.00185610144399, -0.00350173958577, 0.000773062754888, -0.00134288344998, 0.000787641562056], [3.46181222994e-05, -0.000360173202353, -0.000919564685319, -0.00341698760167, 0.0127078955993, -0.00647529074922, -0.00406312616542, 0.00491637783125, -0.00307415844873, 0.00266162655316, -0.00375141995028, 0.00304427160881, -0.00150905235205], [-0.000481659837533, 0.000637422665022, 0.000623615691438, -0.00254592346027, -0.00647529074922, 0.0165525209159, -0.00602877372876, -0.00385269406252, 0.00458559487015, -0.00426965393126, 0.001816807664, -0.00427158968523, 0.00205533253029], [0.00014902948169, -0.000415784947108, -0.00102708186023, 0.00118306954391, -0.00406312616542, -0.00602877372876, 0.0219500493258, -0.00795582775027, -0.00132822280284, 0.00117756146938, -0.000937611213885, 0.000237902291701, -0.00132875668351], [-0.000255024759099, -0.000662631588057, -0.000810820434708, -0.0017551893834, 0.00491637783125, -0.00385269406252, -0.00795582775027, 0.0223997235298, -0.013967637904, 0.00358858169056, -0.00355329015292, 0.000210391110159, 0.000118760493933], [-0.000192650288227, -0.000563890382182, -0.000927142507862, 0.00185610144399, -0.00307415844873, 0.00458559487015, -0.00132822280284, -0.013967637904, 0.0338279902935, -0.0167954266071, 0.00378258060664, -0.00170496059582, -0.00268702558242], [3.68628898286e-05, 0.000441369251348, 0.000945290958043, -0.00350173958577, 0.00266162655316, -0.00426965393126, 0.00117756146938, 0.00358858169056, -0.0167954266071, 0.031920298934, -0.014744897373, 0.00480279093608, -0.00370842521079], [0.00014740190818, 0.000288722658297, 0.000610658607911, 0.000773062754888, -0.00375141995028, 0.001816807664, -0.000937611213885, -0.00355329015292, 0.00378258060664, -0.014744897373, 0.0304782968014, -0.0144224623218, 0.00705467863008], [-3.45186927007e-05, 0.000648283516057, 0.000271563476417, -0.00134288344998, 0.00304427160881, -0.00427158968523, 0.000237902291701, 0.000210391110159, -0.00170496059582, 0.00480279093608, -0.0144224623218, 0.0314764045179, -0.0173539053649], [0.000204275667784, -0.000427121878602, -0.000296013691695, 0.000787641562056, -0.00150905235205, 0.00205533253029, -0.00132875668351, 0.000118760493933, -0.00268702558242, -0.00370842521079, 0.00705467863008, -0.0173539053649, 0.0279827211052]]}, "spectral_contrast_coeffs": {"dmean": [0.0558388903737, 0.0404569618404, 0.0332087501884, 0.0306456275284, 0.0243952553719, 0.0210982579738], "dmean2": [0.0879100710154, 0.0657464340329, 0.0540936030447, 0.0504399687052, 0.0388609617949, 0.0335937142372], "dvar": [0.00249824556522, 0.00117343582679, 0.000794117746409, 0.000720501411706, 0.000480903778225, 0.000422477169195], "dvar2": [0.00608455203474, 0.00312332459725, 0.00202220492065, 0.00181891524699, 0.00109069247264, 0.000981310149655], "max": [-0.225884363055, -0.52782034874, -0.574340343475, -0.627703309059, -0.627027630806, -0.612142264843], "mean": [-0.596864759922, -0.721181154251, -0.776510775089, -0.776856124401, -0.785650789738, -0.722773730755], "median": [-0.605311453342, -0.722052812576, -0.776348590851, -0.772539556026, -0.791411280632, -0.714415252209], "min": [-0.969975173473, -0.990916371346, -0.991579711437, -0.985249996185, -0.961079597473, -0.960281431675], "var": [0.010304486379, 0.0038735026028, 0.00239409669302, 0.00265102367848, 0.00224139750935, 0.0023354543373]}, "spectral_contrast_valleys": {"dmean": [0.454644232988, 0.378528922796, 0.347055852413, 0.359493643045, 0.377809137106, 0.487696260214], "dmean2": [0.680881023407, 0.612213909626, 0.561884284019, 0.562114477158, 0.565714776516, 0.658640682697], "dvar": [0.241815686226, 0.190237343311, 0.174244552851, 0.221357092261, 0.279264777899, 0.409234911203], "dvar2": [0.391693592072, 0.354913324118, 0.320957064629, 0.404031097889, 0.500150561333, 0.766975104809], "max": [-5.02658748627, -5.04260730743, -5.64901399612, -5.58002376556, -5.24752569199, -7.93367004395], "mean": [