{"lowlevel": {"average_loudness": 0.298239022493, "barkbands_crest": {"dmean": 1.52605080605, "dmean2": 2.2572581768, "dvar": 2.60607767105, "dvar2": 5.788022995, "max": 25.9213905334, "mean": 11.8136444092, "median": 10.5940275192, "min": 2.95378351212, "var": 21.1709442139}, "barkbands_flatness_db": {"dmean": 0.0157501529902, "dmean2": 0.0212660655379, "dvar": 0.000331838411512, "dvar2": 0.00060276768636, "max": 0.53170979023, "mean": 0.264556348324, "median": 0.258895039558, "min": 0.031215665862, "var": 0.00694241886958}, "barkbands_kurtosis": {"dmean": 2.30326008797, "dmean2": 3.32417726517, "dvar": 33.80834198, "dvar2": 71.6349105835, "max": 356.071685791, "mean": 8.13670730591, "median": 2.29053139687, "min": -1.85690331459, "var": 821.558898926}, "barkbands_skewness": {"dmean": 0.334597468376, "dmean2": 0.459557563066, "dvar": 0.174673378468, "dvar2": 0.352750390768, "max": 14.3238954544, "mean": 1.21297907829, "median": 0.954936385155, "min": -4.07147789001, "var": 3.11392903328}, "barkbands_spread": {"dmean": 1.07777655125, "dmean2": 1.52918994427, "dvar": 4.98252487183, "dvar2": 9.90054416656, "max": 111.226875305, "mean": 6.85962438583, "median": 6.18072986603, "min": 0.304705351591, "var": 42.2271232605}, "dissonance": {"dmean": 0.0391182377934, "dmean2": 0.0664391517639, "dvar": 0.00135607924312, "dvar2": 0.00375449145213, "max": 0.499999970198, "mean": 0.373407393694, "median": 0.388168871403, "min": 0.0543600954115, "var": 0.00573882833123}, "dynamic_complexity": 6.7493724823, "erbbands_crest": {"dmean": 1.99462103844, "dmean2": 2.72234511375, "dvar": 4.21581506729, "dvar2": 8.22421836853, "max": 31.892988205, "mean": 14.8323841095, "median": 13.7287559509, "min": 2.67929816246, "var": 36.7194976807}, "erbbands_flatness_db": {"dmean": 0.0155230499804, "dmean2": 0.0198467914015, "dvar": 0.0003609759151, "dvar2": 0.000604495231528, "max": 0.560110211372, "mean": 0.285142809153, "median": 0.276488125324, "min": 0.0372882671654, "var": 0.00783519539982}, "erbbands_kurtosis": {"dmean": 1.37885892391, "dmean2": 1.93895566463, "dvar": 5.90070104599, "dvar2": 12.2305545807, "max": 121.956695557, "mean": 3.8923637867, "median": 1.60086679459, "min": -1.66568481922, "var": 74.6246337891}, "erbbands_skewness": {"dmean": 0.263539671898, "dmean2": 0.367568016052, "dvar": 0.0874646753073, "dvar2": 0.176532909274, "max": 8.75320625305, "mean": 0.568399429321, "median": 0.430754870176, "min": -3.35225558281, "var": 1.29667961597}, "erbbands_spread": {"dmean": 2.32772374153, "dmean2": 3.23751926422, "dvar": 15.2339868546, "dvar2": 31.8746852875, "max": 136.194992065, "mean": 13.7922821045, "median": 11.830160141, "min": 0.539924323559, "var": 119.690322876}, "hfc": {"dmean": 2.31441617012, "dmean2": 3.13921713829, "dvar": 49.6493988037, "dvar2": 106.933990479, "max": 244.525527954, "mean": 9.28546142578, "median": 5.93936252594, "min": 1.08976823774e-16, "var": 164.736434937}, "melbands_crest": {"dmean": 1.74356293678, "dmean2": 2.60381388664, "dvar": 3.9180521965, "dvar2": 9.12338829041, "max": 35.8446846008, "mean": 14.1793746948, "median": 13.1487493515, "min": 1.79318153858, "var": 26.6417579651}, "melbands_flatness_db": {"dmean": 0.0157749857754, "dmean2": 0.0214137714356, "dvar": 0.000386132684071, "dvar2": 0.000699449214153, "max": 0.657753288746, "mean": 0.35132676363, "median": 0.345679074526, "min": 0.00505006918684, "var": 0.00868873950094}, "melbands_kurtosis": {"dmean": 2.84192323685, "dmean2": 4.07308006287, "dvar": 87.7516174316, "dvar2": 194.239944458, "max": 522.159118652, "mean": 9.91464710236, "median": 2.25300717354, "min": -1.76560032368, "var": 1533.22338867}, "melbands_skewness": {"dmean": 0.34869748354, "dmean2": 0.478580832481, "dvar": 0.21713899076, "dvar2": 0.446623384953, "max": 17.6348896027, "mean": 1.33296465874, "median": 1.09733557701, "min": -3.94977092743, "var": 3.21369385719}, "melbands_spread": {"dmean": 1.37454235554, "dmean2": 1.92299306393, "dvar": 3.87732028961, "dvar2": 7.05157184601, "max": 158.64402771, "mean": 9.75574302673, "median": 9.28407478333, "min": 0.231883481145, "var": 50.5702819824}, "pitch_salience": {"dmean": 0.0461771935225, "dmean2": 0.0699366480112, "dvar": 0.0022232318297, "dvar2": 0.00518216378987, "max": 0.913367033005, "mean": 0.508391082287, "median": 0.506348967552, "min": 0.132522836328, "var": 0.0146532896906}, "silence_rate_20dB": {"dmean": 0, "dmean2": 0, "dvar": 0, "dvar2": 0, "max": 1, "mean": 1, "median": 1, "min": 1, "var": 0}, "silence_rate_30dB": {"dmean": 0.018330540508, "dmean2": 0.0366646945477, "dvar": 0.017994267866, "dvar2": 0.041824169457, "max": 1, "mean": 0.977236866951, "median": 1, "min": 0, "var": 0.0222453773022}, "silence_rate_60dB": {"dmean": 0.0246378239244, "dmean2": 0.0492805056274, "dvar": 0.0240335762501, "dvar2": 0.0511942580342, "max": 1, "mean": 0.260543942451, "median": 0, "min": 0, "var": 0.192647263408}, "spectral_centroid": {"dmean": 44.1464271545, "dmean2": 62.2179374695, "dvar": 12458.9179688, "dvar2": 16484.6035156, "max": 10689.5693359, "mean": 570.050231934, "median": 544.750244141, "min": 132.865890503, "var": 69576.5078125}, "spectral_complexity": {"dmean": 1.39864003658, "dmean2": 2.18411207199, "dvar": 5.55982112885, "dvar2": 11.4581460953, "max": 52, "mean": 9.13894367218, "median": 9, "min": 0, "var": 37.8833656311}, "spectral_decrease": {"dmean": 1.43631984084e-09, "dmean2": 2.0437740389e-09, "dvar": 2.07653568091e-17, "dvar2": 4.56610216312e-17, "max": 5.36426461805e-18, "mean": -5.30557864309e-09, "median": -2.99262836734e-09, "min": -1.27772651126e-07, "var": 5.73087933733e-17}, "spectral_energy": {"dmean": 0.00561765022576, "dmean2": 0.00797194521874, "dvar": 0.00031214725459, "dvar2": 0.000685995502863, "max": 0.490802198648, "mean": 0.0208667255938, "median": 0.0118654239923, "min": 1.00590429301e-20, "var": 0.000871777476277}, "spectral_energyband_high": {"dmean": 5.01074537169e-05, "dmean2": 7.00868404238e-05, "dvar": 8.07345728049e-08, "dvar2": 1.69671579897e-07, "max": 0.0117601007223, "mean": 8.81659070728e-05, "median": 3.22402934216e-06, "min": 6.96998943905e-21, "var": 1.5996030811e-07}, "spectral_energyband_low": {"dmean": 0.00228417897597, "dmean2": 0.00333199510351, "dvar": 0.000133015957545, "dvar2": 0.000291892996756, "max": 0.379721164703, "mean": 0.00594626646489, "median": 0.000489718047902, "min": 2.4182602047e-23, "var": 0.000270784483291}, "spectral_energyband_middle_high": {"dmean": 0.000678687123582, "dmean2": 0.000894373748451, "dvar": 5.21539595866e-06, "dvar2": 1.17922945719e-05, "max": 0.144910186529, "mean": 0.00243406766094, "median": 0.000792770646513, "min": 1.3096498607e-21, "var": 1.89150032384e-05}, "spectral_energyband_middle_low": {"dmean": 0.00381794013083, "dmean2": 0.00562386075035, "dvar": 0.000135411159135, "dvar2": 0.00032341608312, "max": 0.328135043383, "mean": 0.0143557135016, "median": 0.00845184922218, "min": 2.35313724418e-22, "var": 0.000357904733391}, "spectral_entropy": {"dmean": 0.134566709399, "dmean2": 0.191720440984, "dvar": 0.0300613306463, "dvar2": 0.0592603236437, "max": 9.80535888672, "mean": 6.1472120285, "median": 6.14407300949, "min": 3.69922280312, "var": 0.519317924976}, "spectral_flux": {"dmean": 0.0137531775981, "dmean2": 0.0213981177658, "dvar": 0.000863544177264, "dvar2": 0.0019173376495, "max": 0.551056563854, "mean": 0.0362510867417, "median": 0.0236358437687, "min": 1.00294779426e-10, "var": 0.00217532366514}, "spectral_kurtosis": {"dmean": 11.7099952698, "dmean2": 19.5583076477, "dvar": 265.146118164, "dvar2": 703.028503418, "max": 497.319274902, "mean": 40.3508758545, "median": 23.234703064, "min": -1.19874370098, "var": 1810.71679688}, "spectral_rms": {"dmean": 0.000429244420957, "dmean2": 0.000576262944378, "dvar": 8.30382248296e-07, "dvar2": 1.63929166774e-06, "max": 0.0218822173774, "mean": 0.00367189617828, "median": 0.0034023555927, "min": 3.13268269832e-12, "var": 6.87488500262e-06}, "spectral_rolloff": {"dmean": 67.8935241699, "dmean2": 116.078689575, "dvar": 52671.0273438, "dvar2": 105315.34375, "max": 19013.8183594, "mean": 790.260314941, "median": 732.12890625, "min": 64.599609375, "var": 1204606.25}, "spectral_skewness": {"dmean": 0.695716440678, "dmean2": 1.16962504387, "dvar": 0.607407093048, "dvar2": 1.66740489006, "max": 17.3931274414, "mean": 4.37796068192, "median": 3.72084665298, "min": -0.00271356035955, "var": 5.11691761017}, "spectral_spread": {"dmean": 379153.21875, "dmean2": 591338.1875, "dvar": 357785042944, "dvar2": 669779820544, "max": 40310244, "mean": 2470711.75, "median": 2051056.75, "min": 221357.109375, "var": 2867059752960.0}, "spectral_strongpeak": {"dmean": 0.302288144827, "dmean2": 0.481802642345, "dvar": 0.321921974421, "dvar2": 0.717039465904, "max": 12.9943714142, "mean": 1.13253879547, "median": 0.77168405056, "min": 0, "var": 1.09619307518}, "zerocrossingrate": {"dmean": 0.00297140819021, "dmean2": 0.00377424177714, "dvar": 3.31315859512e-05, "dvar2": 5.02151742694e-05, "max": 0.51171875, "mean": 0.0298143140972, "median": 0.02734375, "min": 0.001953125, "var": 0.000752577499952}, "barkbands": {"dmean": [0.000169153587194, 0.00110698502976, 0.000960388919339, 0.00115830521099, 0.0014182998566, 0.000854288227856, 0.00051166646881, 0.000477316993056, 0.000739487761166, 0.00040849292418, 0.000204308787943, 0.000215550462599, 7.82700590207e-05, 4.80529597553e-05, 4.57363130408e-05, 2.98797931464e-05, 2.31166104641e-05, 1.6428222807e-05, 2.18461427721e-05, 1.5913410607e-05, 1.07966934593e-05, 1.22901637951e-05, 8.44236183184e-06, 6.14605551164e-06, 5.81217682338e-06, 6.71586531098e-06, 2.98541863231e-06], "dmean2": [0.000216532789636, 0.00167931581382, 0.00161609915085, 0.00178861012682, 0.00225129839964, 0.00130914722104, 0.000813057064079, 0.00070935493568, 0.00093962973915, 0.000516100029927, 0.000294932397082, 0.000298048107652, 0.000117718605907, 7.66359298723e-05, 7.29855237296e-05, 4.96484899486e-05, 3.44321815646e-05, 2.62483117695e-05, 3.07407790388e-05, 2.42464011535e-05, 1.70963867276e-05, 1.85362405318e-05, 1.2640802197e-05, 8.80292282091e-06, 8.23748996481e-06, 1.06715660877e-05, 5.03666251461e-06], "dvar": [8.24831317914e-07, 5.03700430272e-05, 2.47484367719e-05, 3.37531419063e-05, 2.96771686408e-05, 5.05320758748e-06, 3.02425041809e-06, 2.08856863537e-06, 4.85150803797e-06, 1.55401073698e-06, 2.9460627502e-06, 2.07276585229e-07, 5.55289503268e-08, 2.46813307569e-08, 4.37149445531e-08, 1.2287387996e-08, 1.29667316884e-08, 7.15676140572e-09, 2.21275726631e-08, 1.00860795271e-08, 4.30962687759e-09, 1.24384573752e-08, 2.91892776616e-09, 3.16358450547e-09, 1.13861919893e-09, 1.6219637855e-09, 3.30595995024e-10], "dvar2": [1.34220920245e-06, 0.000112503905257, 6.83717516949e-05, 7.81336275395e-05, 7.60798866395e-05, 1.31895576487e-05, 7.70888436818e-06, 5.34891660209e-06, 9.83009158517e-06, 2.5785896014e-06, 7.71900340624e-06, 4.29817021086e-07, 1.2963404572e-07, 5.99204170726e-08, 1.04102952037e-07, 3.32823688609e-08, 2.73062710221e-08, 1.82422166262e-08, 4.04781737018e-08, 2.01249683585e-08, 9.512933552e-09, 2.82704064603e-08, 6.90609303078e-09, 7.48965245378e-09, 2.57248244928e-09, 4.03039868146e-09, 8.54112891524e-10], "max": [0.0242351479828, 0.133654773235, 0.177304401994, 0.2733515203, 0.108273133636, 0.0573777258396, 0.0440018586814, 0.0476174242795, 0.110284224153, 0.0590606294572, 0.121509619057, 0.0116488495842, 0.00760787259787, 0.00354712898843, 0.0097621511668, 0.00455813389271, 0.00547331990674, 0.00232470687479, 0.00774594862014, 0.00640735123307, 0.00268332590349, 0.00667918333784, 0.00190461985767, 0.00313286529854, 0.00122193526477, 0.00114557088818, 0.000345460750395], "mean": [0.000199992195121, 0.00139002571814, 0.00264460220933, 0.00306731299497, 0.00335088372231, 0.00242010108195, 0.000987221370451, 0.00155672745313, 0.00239076092839, 0.00139955186751, 0.00042786062113, 0.000441491778474, 0.000147607643157, 8.71331285452e-05, 7.77687018854e-05, 5.49453980057e-05, 4.52248496003e-05, 2.74773210549e-05, 3.68967630493e-05, 3.33529205818e-05, 1.95468273887e-05, 1.97604604182e-05, 1.32166660478e-05, 9.54435381573e-06, 8.71289557836e-06, 6.52676089885e-06, 2.415494464e-06], "median": [1.67795201378e-06, 0.000109460939711, 0.000104983562778, 0.000395056966227, 0.00106192426756, 0.000879764207639, 0.000220307891141, 0.000186256365851, 0.000717348826583, 0.000109479224193, 5.88831244386e-05, 0.000179267357453, 4.33429231634e-05, 2.25493549806e-05, 1.60231465998e-05, 1.13272762974e-05, 5.1276783779e-06, 2.56663861364e-06, 1.47855917021e-06, 1.52510369844e-06, 6.69694600219e-07, 4.31824844327e-07, 1.92053875026e-07, 2.01138206535e-07, 2.05395338071e-07, 5.17954106272e-08, 8.79822525945e-09], "min": [5.08611560539e-24, 1.08669510333e-23, 1.22693705957e-24, 3.21108166498e-23, 2.63814019368e-23, 2.53681968787e-23, 4.74193314697e-23, 5.12001777054e-23, 1.87692980982e-23, 6.3903659246e-23, 3.86806585278e-23, 3.31615099558e-23, 7.07187485131e-23, 1.0523677106e-22, 1.28979414336e-22, 9.93795356365e-23, 1.34874918979e-22, 1.34509114711e-22, 1.96290782299e-22, 3.75203173425e-22, 3.29226466603e-22, 5.72414587955e-22, 4.36128756536e-22, 7.35669617347e-22, 1.26886264694e-21, 1.48878848451e-21, 2.06694623229e-21], "var": [1.44324292251e-06, 5.94321463723e-05, 4.33930035797e-05, 6.74572220305e-05, 4.44382712885e-05, 1.76172834472e-05, 6.80000493958e-06, 1.17114905152e-05, 1.80739461939e-05, 9.69809570961e-06, 4.17637465944e-06, 5.66373330457e-07, 1.16607992595e-07, 4.02006392619e-08, 6.86846277631e-08, 2.08280734881e-08, 4.11080840479e-08, 9.92588677917e-09, 6.50374971656e-08, 4.30312603328e-08, 1.08944719912e-08, 1.81761095064e-08, 4.29074731301e-09, 4.06447764334e-09, 1.69301705988e-09, 1.48968692937e-09, 2.57922766478e-10]}, "erbbands": {"dmean": [0.050107948482, 0.202877998352, 0.78723526001, 2.78733563423, 4.50000667572, 4.76157426834, 5.71324443817, 7.71443986893, 7.63800954819, 8.73456001282, 10.1546201706, 12.911860466, 19.8341331482, 9.3117389679, 8.46752262115, 7.68932914734, 3.82148051262, 2.51873159409, 2.40243315697, 1.86326432228, 1.86823070049, 1.14037132263, 0.855027675629, 1.11857700348, 0.997807919979, 0.695367336273, 0.355524986982, 0.488959163427, 0.424436092377, 0.361317783594, 0.184282451868, 0.142526522279, 0.103365406394, 0.0823882818222, 0.0294070541859, 0.0176730528474, 0.0146153699607, 0.00454628141597, 0.000506523065269, 2.78449770121e-05], "dmean2": [0.0727926492691, 0.331358402967, 1.3118237257, 4.45620107651, 7.04440021515, 7.58956098557, 8.9218120575, 11.7247962952, 12.1816091537, 13.4575252533, 14.671836853, 16.7371692657, 25.097486496, 11.8979454041, 11.9609718323, 10.5862436295, 5.59560918808, 4.02188110352, 3.77885985374, 3.04657459259, 3.03777837753, 1.72387695312, 1.33123886585, 1.63180017471, 1.41966176033, 1.06388819218, 0.565311253071, 0.761715114117, 0.640595138073, 0.533674895763, 0.268527776003, 0.204936906695, 0.152327984571, 0.121409021318, 0.0421568565071, 0.0253697689623, 0.0239477828145, 0.00780668808147, 0.000848588999361, 4.42551245214e-05], "dvar": [0.107552140951, 1.68344938755, 16.2866573334, 192.582580566, 424.355529785, 271.47076416, 186.376113892, 472.525756836, 609.188354492, 1275.08459473, 948.674316406, 2198.02661133, 3522.24291992, 929.206542969, 2507.23364258, 335.997009277, 121.804130554, 76.6849517822, 97.2746658325, 127.981987, 48.8383827209, 31.978521347, 20.3461856842, 50.9232368469, 34.419883728, 13.9129810333, 4.58655977249, 9.51461601257, 13.7163600922, 7.24357128143, 1.14971601963, 1.09543502331, 0.954547524452, 0.291611909866, 0.031079666689, 0.0103774433956, 0.00827782135457, 0.000846979790367, 9.56419353315e-06, 2.2809388156e-08], "dvar2": [0.223883107305, 4.27607870102, 45.5171356201, 483.8046875, 1020.79351807, 695.513366699, 445.090881348, 1203.1295166, 1651.84814453, 3197.86474609, 2353.36694336, 4680.24658203, 6503.70605469, 1934.49084473, 6307.65771484, 669.431640625, 269.773101807, 191.792572021, 232.753005981, 308.061462402, 130.701446533, 72.5258483887, 50.8785972595, 99.7824478149, 63.1346359253, 31.5943012238, 11.8323945999, 20.0608768463, 30.7288894653, 15.8331489563, 2.53164458275, 2.44766831398, 2.25364875793, 0.677873730659, 0.0657167509198, 0.0228270348161, 0.0209994856268, 0.00226739631034, 2.4588258384e-05, 5.81412535894e-08], "max": [6.02545690536, 29.3139629364, 156.419967651, 432.888183594, 645.723876953, 308.472412109, 373.098266602, 584.286560059, 513.229797363, 1547.72717285, 817.788269043, 3246.40380859, 2303.23120117, 1653.62133789, 3457.16552734, 516.406494141, 355.307373047, 244.961471558, 310.650115967, 686.425109863, 306.17098999, 235.11857605, 131.847320557, 314.374481201, 273.845306396, 138.191497803, 49.3640518188, 129.242294312, 187.118530273, 151.695556641, 46.6671562195, 61.6889686584, 60.5491638184, 22.038608551, 9.10360813141, 4.26866531372, 1.98776686192, 0.595677673817, 0.056174416095, 0.00323899672367], "mean": [0.056428283453, 0.275058418512, 2.09857344627, 8.1201581955, 9.54996776581, 11.4494819641, 15.7247056961, 20.9888477325, 15.5103712082, 24.591085434, 31.4124393463, 44.6734466553, 60.459197998, 35.9332733154, 19.9046649933, 16.598783493, 8.09860229492, 4.66030740738, 4.44527721405, 3.41557908058, 3.44154715538, 2.27338576317, 1.50503969193, 1.91155660152, 1.97461032867, 1.35164260864, 0.581689536572, 0.906961083412, 0.704627811909, 0.575159966946, 0.314098536968, 0.235045596957, 0.152927353978, 0.121679186821, 0.0427528917789, 0.0224820189178, 0.0130378669128, 0.00354432733729, 0.000421499484219, 4.2523486627e-05], "median": [0.00143430870958, 0.0333040319383, 0.142460435629, 0.797749519348, 2.04618024826, 3.19026899338, 5.58659887314, 7.26569843292, 4.61037063599, 5.1327047348, 8.60822105408, 16.9362754822, 19.7036170959, 6.12811660767, 7.34400844574, 6.50599098206, 2.68952441216, 1.44485735893, 0.975060284138, 0.778303146362, 0.657358109951, 0.317868173122, 0.180025815964, 0.109244845808, 0.0787121355534, 0.0734708830714, 0.0341157987714, 0.021330293268, 0.0158009137958, 0.00984511058778, 0.00590396719053, 0.00450705876574, 0.00338406278752, 0.00259406445548, 0.00111289834604, 0.000340287515428, 7.9255849414e-05, 1.71402898559e-05, 9.74251634034e-06, 1.45478898048e-05], "min": [1.75638441665e-22, 2.83975890466e-21, 3.53452175481e-21, 4.82351762647e-20, 1.000203403e-19, 8.32443032213e-20, 9.51758342577e-20, 2.61696500411e-19, 6.30016426684e-19, 7.61898794827e-19, 1.05879232144e-18, 5.3162163846e-19, 1.90227842163e-18, 1.58671367083e-18, 1.70426234312e-18, 1.88453663826e-18, 2.80037881156e-18, 4.14621262833e-18, 5.86832490869e-18, 5.99936892928e-18, 6.58135583748e-18, 7.16273559511e-18, 7.26001286233e-18, 9.84459741607e-18, 1.41669205191e-17, 1.57614120659e-17, 1.4514687101e-17, 1.39919288062e-17, 1.82639527105e-17, 1.40465756662e-17, 1.36007774284e-17, 1.39079947894e-17, 1.2432613115e-17, 1.05872012925e-17, 1.06826877137e-17, 5.56601355586e-18, 2.83492394189e-18, 1.26804368401e-18, 2.89965785586e-19, 2.95271134627e-20], "var": [0.135538816452, 1.64175629616, 26.4090900421, 376.969543457, 737.224853516, 494.170043945, 656.249389648, 1510.60009766, 1118.46191406, 4846.08642578, 3613.75097656, 7103.74560547, 12461.3632812, 7474.59179688, 4323.35400391, 960.987060547, 293.212738037, 114.231452942, 148.379547119, 216.668502808, 93.4896469116, 71.3364105225, 28.0811805725, 131.164901733, 129.80267334, 36.5856666565, 5.86810922623, 25.8406829834, 20.2776584625, 12.1710939407, 2.11473965645, 1.81451511383, 1.10315549374, 0.418702185154, 0.0445807129145, 0.0136680463329, 0.00685967458412, 0.000604729517363, 7.56912231736e-06, 2.0873054396e-08]}, "gfcc": {"mean": [-163.943252563, 161.231964111, -109.034996033, -28.6061172485, -62.4532775879, -8.50650691986, -33.3486709595, -9.44923305511, -29.0488986969, -13.9362440109, -19.1178455353, -8.41016387939, -7.60469818115], "cov": [[27930.2441406, -783.155517578, -1435.13427734, 2726.91137695, -282.490966797, 1890.66601562, 468.546508789, 1496.06616211, 493.19631958, 175.54095459, 5.99867773056, 218.371520996, 562.683288574], [-783.155517578, 2037.09313965, -479.472839355, -943.866149902, 271.148010254, -343.255157471, 157.174179077, -204.195861816, 107.592849731, -105.925880432, 126.909294128, -196.386764526, 9.1889705658], [-1435.13427734, -479.472839355, 1372.67810059, 521.70703125, 107.203819275, 245.463287354, -179.46913147, 72.0253219604, 33.8666152954, 31.7626552582, -76.5051651001, 33.7575836182, -166.274047852], [2726.91137695, -943.866149902, 521.70703125, 1308.62731934, -2.13753080368, 460.767059326, -30.3960552216, 291.227355957, 44.6108627319, 30.7173709869, -79.6184082031, 45.66563797, 24.7681865692], [-282.490966797, 271.148010254, 107.203819275, -2.13753080368, 288.390441895, 18.8406467438, 31.2888660431, 8.50628471375, 25.2194900513, -7.2789940834, 4.11789369583, -3.25591540337, -21.0167312622], [1890.66601562, -343.255157471, 245.463287354, 460.767059326, 18.8406467438, 421.229522705, -4.77220582962, 191.889907837, 38.1354103088, 10.5251541138, -25.5666046143, 55.2618141174, 35.4499320984], [468.546508789, 157.174179077, -179.46913147, -30.3960552216, 31.2888660431, -4.77220582962, 177.965209961, 22.6703033447, 6.80699110031, -16.8736515045, -3.29524230957, -33.3613624573, 14.6000127792], [1496.06616211, -204.195861816, 72.0253219604, 291.227355957, 8.50628471375, 191.889907837, 22.6703033447, 196.332275391, 64.9546813965, 24.1997566223, -9.90993309021, 21.4054870605, 25.1629753113], [493.19631958, 107.592849731, 33.8666152954, 44.6108627319, 25.2194900513, 38.1354103088, 6.80699110031, 64.9546813965, 117.487350464, 33.0521202087, 22.933971405, -20.0579814911, -7.76309871674], [175.54095459, -105.925880432, 31.7626552582, 30.7173709869, -7.2789940834, 10.5251541138, -16.8736515045, 24.1997566223, 33.0521202087, 89.3042755127, 32.5663604736, 25.2067527771, -23.2923183441], [5.99867773056, 126.909294128, -76.5051651001, -79.6184082031, 4.11789369583, -25.5666046143, -3.29524230957, -9.90993309021, 22.933971405, 32.5663604736, 90.542678833, 14.5686674118, 2.40042591095], [218.371520996, -196.386764526, 33.7575836182, 45.66563797, -3.25591540337, 55.2618141174, -33.3613624573, 21.4054870605, -20.0579814911, 25.2067527771, 14.5686674118, 124.078941345, 30.4318122864], [562.683288574, 9.1889705658, -166.274047852, 24.7681865692, -21.0167312622, 35.4499320984, 14.6000127792, 25.1629753113, -7.76309871674, -23.2923183441, 2.40042591095, 30.4318122864, 117.895263672]], "icov": [[0.000116266004625, -0.000193948697415, 0.000244906521402, -0.000234838837059, 0.000229712124565, -0.000312338466756, 5.54236294192e-06, -0.00047777229338, 1.60919626069e-05, -0.000276931212284, 0.000248148920946, -0.00025725577143, 9.88034735201e-05], [-0.000193948697415, 0.00204882700928, -0.000406234845286, 0.00131407217123, -0.00173682835884, 0.000413790345192, -0.000617795449216, 0.0016677044332, -0.00200744555332, 0.00249109324068, -0.00240921648219, 0.00221489858814, -0.000959200493526], [0.000244906521402, -0.000406234845286, 0.00203136587515, -0.000921623839531, 8.3044906205e-06, -0.00130972126499, 0.00124579586554, -0.000448052946012, -0.000528501579538, -0.000235640254687, 0.00141506909858, -0.0010912544094, 0.00242952001281], [-0.000234838837059, 0.00131407217123, -0.000921623839531, 0.00255145947449, -0.00104301446117, -0.000265573908109, -0.000295193603961, -4.89036610816e-05, -0.00040989604895, 0.0010086906841, -0.000947366526816, 0.00195677368902, -0.00119003443979], [0.000229712124565, -0.00173682835884, 8.3044906205e-06, -0.00104301446117, 0.0054346001707, -0.00062995852204, -0.000694906804711, -0.00141006649937, 0.000562762375921, -0.00114433909766, 0.00153508712538, -0.00244982773438, 0.00122717255726], [-0.000312338466756, 0.000413790345192, -0.00130972126499, -0.000265573908109, -0.00062995852204, 0.0065344539471, -0.00016681321722, -0.00284743821248, 0.000557002960704, 0.00155744201038, -0.000909491500352, -0.000633448478766, -0.00125525821932], [5.54236294192e-06, -0.000617795449216, 0.00124579586554, -0.000295193603961, -0.000694906804711, -0.00016681321722, 0.00782463233918, -0.0019763475284, 0.0011604973115, -3.88291591662e-05, 0.0012296725763, 0.00109339342453, 0.000981312477961], [-0.00047777229338, 0.0016677044332, -0.000448052946012, -4.89036610816e-05, -0.00141006649937, -0.00284743821248, -0.0019763475284, 0.0161509681493, -0.00709201209247, 0.000700987235177, -0.00029252161039, 0.00066253246041, -0.00156250374857], [1.60919626069e-05, -0.00200744555332, -0.000528501579538, -0.00040989604895, 0.000562762375921, 0.000557002960704, 0.0011604973115, -0.00709201209247, 0.0165668465197, -0.00652413628995, -0.000849090050906, 0.00252097914927, -0.000108311840449], [-0.000276931212284, 0.00249109324068, -0.000235640254687, 0.0010086906841, -0.00114433909766, 0.00155744201038, -3.88291591662e-05, 0.000700987235177, -0.00652413628995, 0.020938726142, -0.00786300748587, -0.00214404496364, 0.00418695248663], [0.000248148920946, -0.00240921648219, 0.00141506909858, -0.000947366526816, 0.00153508712538, -0.000909491500352, 0.0012296725763, -0.00029252161039, -0.000849090050906, -0.00786300748587, 0.0181722678244, -0.00432794447988, 0.000793254585005], [-0.00025725577143, 0.00221489858814, -0.0010912544094, 0.00195677368902, -0.00244982773438, -0.000633448478766, 0.00109339342453, 0.00066253246041, 0.00252097914927, -0.00214404496364, -0.00432794447988, 0.0146607989445, -0.0053718322888], [9.88034735201e-05, -0.000959200493526, 0.00242952001281, -0.00119003443979, 0.00122717255726, -0.00125525821932, 0.000981312477961, -0.00156250374857, -0.000108311840449, 0.00418695248663, 0.000793254585005, -0.0053718322888, 0.0147605044767]]}, "melbands": {"dmean": [0.000360551144695, 0.000345159263816, 0.000521048612427, 0.000320184743032, 0.000202803275897, 0.000168354366906, 0.000116365969006, 9.63021593634e-05, 8.16672472865e-05, 9.46120999288e-05, 0.000100008226582, 3.82013677154e-05, 3.23230487993e-05, 2.67709110631e-05, 1.21171060528e-05, 6.59492388877e-06, 4.59816101284e-06, 4.05962828154e-06, 2.84369207293e-06, 1.93358164324e-06, 2.51426081377e-06, 1.29890372591e-06, 9.36089236347e-07, 8.05736590337e-07, 9.79258402367e-07, 8.00548264124e-07, 7.45465229102e-07, 4.15284375777e-07, 2.23074110295e-07, 2.49631767701e-07, 3.21310437812e-07, 2.6817568255e-07, 2.54216359963e-07, 2.12805161937e-07, 1.12077003678e-07, 1.17984356507e-07, 7.60340341799e-08, 7.12065926223e-08, 8.69954135396e-08, 6.21932585432e-08], "dmean2": [0.000527712225448, 0.000569652067497, 0.000819577893708, 0.000511139805894, 0.000314415607136, 0.00025682328851, 0.000185535405762, 0.000146612335811, 0.000115081304102, 0.000121792101709, 0.000126266590087, 4.90882412123e-05, 4.60793853563e-05, 3.69651970686e-05, 1.73219486896e-05, 9.9375283753e-06, 7.41309986552e-06, 6.43800785838e-06, 4.55623558082e-06, 3.1486208627e-06, 4.0692989387e-06, 1.95493248611e-06, 1.46612114804e-06, 1.30091405026e-06, 1.43265947372e-06, 1.13351279651e-06, 1.10942164611e-06, 6.53138499729e-07, 3.66755671166e-07, 3.97240739858e-07, 5.07820118401e-07, 4.18321292273e-07, 3.70679316575e-07, 3.30332142084e-07, 1.69185028653e-07, 1.75488025889e-07, 1.10295196976e-07, 1.08751322614e-07, 1.32314752932e-07, 9.23572542888e-08], "dvar": [5.43192481928e-06, 3.28956571138e-06, 5.66217795495e-06, 2.07869379665e-06, 2.17287649207e-07, 2.22372150915e-07, 1.43819278264e-07, 1.35191740469e-07, 6.13973867303e-08, 8.9569688555e-08, 8.70383587426e-08, 1.45696938958e-08, 5.8979924944e-08, 3.21869308983e-09, 9.1843771477e-10, 3.64493657479e-10, 2.61237281807e-10, 2.71286187958e-10, 1.55239127109e-10, 1.0567287323e-10, 9.09975358954e-11, 3.90423735008e-11, 3.60699005386e-11, 1.47366840952e-11, 4.47482849386e-11, 3.1930291744e-11, 3.029668183e-11, 4.74885365406e-12, 2.01482016834e-12, 1.60119389536e-12, 5.79005116422e-12, 6.43372464679e-12, 8.31370736143e-12, 2.35990719154e-12, 4.63649463874e-13, 6.69630258361e-13, 3.27795977211e-13, 5.53089529471e-13, 4.76025848514e-13, 1.61491710304e-13], "dvar2": [1.15494058264e-05, 8.9232580649e-06, 1.35941345434e-05, 5.3901553656e-06, 5.16300701747e-07, 5.80772507419e-07, 3.89219906083e-07, 3.45308905025e-07, 1.43968364341e-07, 1.90205213357e-07, 1.60205061661e-07, 2.87090813345e-08, 1.51002183202e-07, 6.68753497024e-09, 2.03411598676e-09, 8.56833937135e-10, 6.57848775454e-10, 6.58225252081e-10, 3.66178809497e-10, 2.55936605242e-10, 2.39130770741e-10, 8.68052088543e-11, 8.47054926201e-11, 3.57367295478e-11, 8.73495303866e-11, 5.69134114836e-11, 5.6035301399e-11, 1.17013924592e-11, 5.31712824811e-12, 3.97985984446e-12, 1.1610267435e-11, 1.56413909602e-11, 1.85897755522e-11, 5.76517349485e-12, 1.08480650678e-12, 1.47097687763e-12, 7.48312544742e-13, 1.38337323367e-12, 1.12604771427e-12, 3.6749336213e-13], "max": [0.0434707999229, 0.0693271905184, 0.0923218280077, 0.0284637566656, 0.0124549726024, 0.0124013600871, 0.00786957796663, 0.0164018534124, 0.00828768312931, 0.0179331786931, 0.0115052489564, 0.00554072670639, 0.0171727407724, 0.00153842126019, 0.000735185749363, 0.000632046314422, 0.000435402529547, 0.00046602729708, 0.000645367719699, 0.000573514204007, 0.00041265328764, 0.000252569036093, 0.000364114355762, 0.000106568033516, 0.000296987709589, 0.000307909736875, 0.000388218293665, 7.71208069636e-05, 3.51674789272e-05, 3.58273355232e-05, 0.00011954560614, 0.000130024112877, 0.000201725808438, 6.70807348797e-05, 2.42049936787e-05, 4.32785200246e-05, 2.95333247777e-05, 4.91466780659e-05, 3.1765724998e-05, 2.04087609745e-05], "mean": [0.000431617838331, 0.000868274422828, 0.0014711843105, 0.000688282598276, 0.000577141647227, 0.000461323274067, 0.000234642677242, 0.000297415739624, 0.000251345598372, 0.000313528900733, 0.000301814579871, 0.000145846497617, 7.06777718733e-05, 5.37070518476e-05, 2.5633160476e-05, 1.30926246129e-05, 7.96343101683e-06, 7.16175100024e-06, 5.05815478391e-06, 3.50960885953e-06, 4.41790052719e-06, 2.48844435191e-06, 1.49738889377e-06, 1.37228926178e-06, 1.59290812007e-06, 1.39952669542e-06, 1.61926675446e-06, 7.0096126592e-07, 3.06351694235e-07, 4.36221142763e-07, 5.68394284528e-07, 4.06169533562e-07, 3.82539724342e-07, 3.06835715946e-07, 1.76784723749e-07, 1.82671954008e-07, 1.23468183233e-07, 9.96143469933e-08, 1.22029433669e-07, 9.09061910193e-08], "median": [2.2368007194e-05, 5.91711977904e-05, 0.000207013421459, 0.000174768807483, 0.000215091597056, 0.000161548698088, 6.68080319883e-05, 5.36108054803e-05, 6.82472236804e-05, 0.000116903102025, 9.40821119002e-05, 1.64122320712e-05, 1.77469955815e-05, 2.06779368455e-05, 6.98667099641e-06, 4.25400139648e-06, 2.13346766031e-06, 1.40475276567e-06, 1.22034680317e-06, 7.42172289847e-07, 7.02470401848e-07, 2.80458948509e-07, 2.04605044019e-07, 1.2551933537e-07, 7.79863427169e-08, 5.24292005366e-08, 5.7042182533e-08, 4.21328181233e-08, 2.10723918315e-08, 1.42472647013e-08, 1.06551070189e-08, 9.14468856195e-09, 6.66996857746e-09, 4.29308677496e-09, 3.10563397221e-09, 3.2573468367e-09, 2.35299157936e-09, 2.15774864643e-09, 2.20737872425e-09, 2.06527150937e-09], "min": [2.86515503511e-24, 2.61355889344e-24, 1.34237620342e-23, 7.24898800848e-24, 3.53933844167e-24, 6.24726324318e-24, 9.80435618282e-24, 8.40867349259e-24, 8.15942342325e-24, 2.33575580642e-24, 9.86118808901e-24, 6.75535829704e-24, 5.13310844394e-24, 6.23381277031e-24, 5.17911678409e-24, 6.71701413502e-24, 7.87417053106e-24, 9.31588167739e-24, 1.17542673015e-23, 5.85461088305e-24, 7.75304251679e-24, 7.57536816396e-24, 5.34222442586e-24, 7.85980774056e-24, 8.00783670056e-24, 7.78889545607e-24, 1.50005498334e-23, 8.94296109508e-24, 9.5858006913e-24, 6.21179092928e-24, 8.78959233561e-24, 9.70077085735e-24, 1.01441722172e-23, 6.43124256679e-24, 7.40638153629e-24, 7.27855688179e-24, 9.41340302908e-24, 8.62173062359e-24, 7.62345475816e-24, 8.74380842639e-24], "var": [6.7850319283e-06, 5.08122820975e-06, 1.1511705452e-05, 2.63857009486e-06, 8.23596849386e-07, 7.10959511707e-07, 2.69232231176e-07, 6.06655419233e-07, 2.14404607846e-07, 3.0548122254e-07, 3.10692428229e-07, 1.43937882058e-07, 9.25642993366e-08, 8.77559269696e-09, 2.27110397155e-09, 7.95325583169e-10, 3.64108299067e-10, 4.01487093571e-10, 2.72134814683e-10, 1.89982710119e-10, 1.94144769705e-10, 1.16559442653e-10, 4.35093974738e-11, 2.65399386495e-11, 1.13700895921e-10, 9.69355498648e-11, 1.48449405546e-10, 7.93325388021e-12, 2.05592400743e-12, 3.36831560907e-12, 1.58447872878e-11, 7.83578150282e-12, 1.17046277184e-11, 3.09230809362e-12, 7.05180109185e-13, 1.10224373032e-12, 5.55499006169e-13, 5.52776628724e-13, 5.86961902693e-13, 2.40282403349e-13]}, "mfcc": {"mean": [-794.874389648, 186.484893799, 7.68718290329, -13.4732046127, -14.8429937363, -10.1076602936, -6.86942386627, -5.4013004303, -7.23611021042, -9.61318206787, -12.452501297, -9.60449981689, -5.43048334122], "cov": [[16837.3691406, 1405.32739258, -610.071166992, 1257.35876465, 651.663696289, 660.457580566, 396.266906738, 912.668884277, 753.13873291, 655.439208984, 502.826904297, 25.6445846558, 52.147605896], [1405.32739258, 2149.99511719, -387.79699707, -363.648529053, -17.0721912384, -109.873054504, -3.42059850693, -13.937951088, 52.5334014893, 43.8301353455, 52.6124038696, 88.1001434326, 16.5143184662], [-610.071166992, -387.79699707, 708.937561035, 236.834579468, 136.846206665, 123.889450073, 8.21127128601, 42.4309158325, 11.043794632, 10.8068780899, 73.3258361816, -16.6660118103, 3.77411770821], [1257.35876465, -363.648529053, 236.834579468, 649.202758789, 292.246765137, 198.133209229, 118.138885498, 191.346405029, 151.587036133, 130.422973633, 94.8393173218, -14.6759910583, -5.8744392395], [651.663696289, -17.0721912384, 136.846206665, 292.246765137, 338.781982422, 170.927902222, 79.825920105, 130.607421875, 118.800186157, 81.9995422363, 89.7183151245, -2.65148591995, 2.5176756382], [660.457580566, -109.873054504, 123.889450073, 198.133209229, 170.927902222, 198.577896118, 94.6785888672, 112.000900269, 79.1140594482, 60.5582542419, 55.1402816772, -4.81250858307, -0.0489176176488], [396.266906738, -3.42059850693, 8.21127128601, 118.138885498, 79.825920105, 94.6785888672, 130.833297729, 89.6630325317, 56.7220497131, 43.5278358459, 19.3953933716, 0.472640454769, -0.183133304119], [912.668884277, -13.937951088, 42.4309158325, 191.346405029, 130.607421875, 112.000900269, 89.6630325317, 171.634292603, 108.999443054, 70.7853469849, 46.132724762, -7.22513580322, -4.18485116959], [753.13873291, 52.5334014893, 11.043794632, 151.587036133, 118.800186157, 79.1140594482, 56.7220497131, 108.999443054, 145.615020752, 77.4861068726, 47.6397781372, 0.81937289238, -5.85360860825], [655.439208984, 43.8301353455, 10.8068780899, 130.422973633, 81.9995422363, 60.5582542419, 43.5278358459, 70.7853469849, 77.4861068726, 124.086799622, 70.030090332, 5.51251268387, 0.647686600685], [502.826904297, 52.6124038696, 73.3258361816, 94.8393173218, 89.7183151245, 55.1402816772, 19.3953933716, 46.132724762, 47.6397781372, 70.030090332, 134.845748901, 58.7742385864, 11.4192276001], [25.6445846558, 88.1001434326, -16.6660118103, -14.6759910583, -2.65148591995, -4.81250858307, 0.472640454769, -7.22513580322, 0.81937289238, 5.51251268387, 58.7742385864, 111.576538086, 44.6557388306], [52.147605896, 16.5143184662, 3.77411770821, -5.8744392395, 2.5176756382, -0.0489176176488, -0.183133304119, -4.18485116959, -5.85360860825, 0.647686600685, 11.4192276001, 44.6557388306, 88.5396194458]], "icov": [[0.000134030706249, -0.000109738779429, 0.000228920034715, -0.000262701360043, 0.000324707711115, -0.00039307581028, 0.000315004930599, -0.000448957231129, -0.000109839769721, 1.38794885061e-05, -0.000442117423518, 0.00034489252721, -0.000239970788243], [-0.000109738779429, 0.00074421253521, -3.52600238784e-07, 0.000814548053313, -0.000741017051041, 0.000843292917125, -0.00051396235358, 0.000251669116551, -0.000253196980339, -0.000353602779796, 0.000200598573429, -0.000618061691057, 0.000283951900201], [0.000228920034715, -3.52600238784e-07, 0.00244337809272, -0.00101894023828, 0.000557974737603, -0.00177880155388, 0.00124392076395, -0.000537396233995, 0.000253529695328, 0.00117388437502, -0.00244909944013, 0.00164653593674, -0.000852598401252], [-0.000262701360043, 0.000814548053313, -0.00101894023828, 0.00438776146621, -0.00267160777003, 0.00113967445213, -0.00125600164756, -0.000666312000249, -0.000241031957557, -0.00199191761203, 0.0014122138964, -0.00116809597239, 0.000785494339652], [0.000324707711115, -0.000741017051041, 0.000557974737603, -0.00267160777003, 0.00840462464839, -0.00504082674161, 0.00154727650806, -0.000896715966519, -0.00249681225978, 0.00186725857202, -0.00397719582543, 0.00283355475403, -0.00162993813865], [-0.00039307581028, 0.000843292917125, -0.00177880155388, 0.00113967445213, -0.00504082674161, 0.0148486793041, -0.00657255295664, -0.00121791358106, 0.000443878670922, -0.000614846881945, 0.000321896717651, -0.000605819339398, 0.000603921886068], [0.000315004930599, -0.00051396235358, 0.00124392076395, -0.00125600164756, 0.00154727650806, -0.00657255295664, 0.0156067376956, -0.00604338990524, 0.000763450399972, -0.00152536167298, 0.00175091228448, -0.0011602822924, -0.000106004044937], [-0.000448957231129, 0.000251669116551, -0.000537396233995, -0.000666312000249, -0.000896715966519, -0.00121791358106, -0.00604338990524, 0.0180852115154, -0.00701775727794, 0.000330813723849, 6.27926783636e-05, 0.000784166739322, 0.000193326588487], [-0.000109839769721, -0.000253196980339, 0.000253529695328, -0.000241031957557, -0.00249681225978, 0.000443878670922, 0.000763450399972, -0.00701775727794, 0.0168817490339, -0.00539056351408, 0.00174527452327, -0.00168686639518, 0.00160747265909], [1.38794885061e-05, -0.000353602779796, 0.00117388437502, -0.00199191761203, 0.00186725857202, -0.000614846881945, -0.00152536167298, 0.000330813723849, -0.00539056351408, 0.0181186161935, -0.00968043599278, 0.00531355338171, -0.00208572391421], [-0.000442117423518, 0.000200598573429, -0.00244909944013, 0.0014122138964, -0.00397719582543, 0.000321896717651, 0.00175091228448, 6.27926783636e-05, 0.00174527452327, -0.00968043599278, 0.0211744066328, -0.012788769789, 0.00444633560255], [0.00034489252721, -0.000618061691057, 0.00164653593674, -0.00116809597239, 0.00283355475403, -0.000605819339398, -0.0011602822924, 0.000784166739322, -0.00168686639518, 0.00531355338171, -0.012788769789, 0.0194949284196, -0.00861520878971], [-0.000239970788243, 0.000283951900201, -0.000852598401252, 0.000785494339652, -0.00162993813865, 0.000603921886068, -0.000106004044937, 0.000193326588487, 0.00160747265909, -0.00208572391421, 0.00444633560255, -0.00861520878971, 0.015420043841]]}, "spectral_contrast_coeffs": {"dmean": [0.0354599319398, 0.0370251983404, 0.0323299095035, 0.0244907028973, 0.0166640747339, 0.0134486397728], "dmean2": [0.0584762170911, 0.0597465485334, 0.050925180316, 0.0394194610417, 0.0268177557737, 0.0219919607043], "dvar": [0.00104474567343, 0.00116279709619, 0.000991778681055, 0.000507634191308, 0.000250395387411, 0.000179558934178], "dvar2": [0.00258509628475, 0.00290352012962, 0.00245672604069, 0.00123372278176, 0.000585025758483, 0.000466810131911], "max": [-0.271094083786, -0.329600960016, -0.381099045277, -0.523890912533, -0.573260247707, -0.607523083687], "mean": [-0.524257957935, -0.657208502293, -0.663080275059, -0.754823803902, -0.790959298611, -0.811352431774], "median": [-0.523669064045, -0.662291526794, -0.654381632805, -0.758212208748, -0.788991570473, -0.808099687099], "min": [-0.962146759033, -0.986096799374, -0.994942069054, -0.995874583721, -0.986774682999, -0.962548494339], "var": [0.00629422208294, 0.00720586301759, 0.0089336624369, 0.00442436803132, 0.00251995422877, 0.00215122103691]}, "spectral_contrast_valleys": {"dmean": [0.387245893478, 0.346417874098, 0.309916287661, 0.260829538107, 0.20773486793, 0.246886178851], "dmean2": [0.634435534477, 0.553506791592, 0.50308650732, 0.419997006655, 0.308414041996, 0.349645674229], "dvar": [0.155191704631, 0.138836935163, 0.135946556926, 0.117855668068, 0.0944105386734, 0.132476374507], "dvar2": [0.347891658545, 0.285835