{"lowlevel": {"average_loudness": 0.77239882946, "barkbands_crest": {"dmean": 3.24842405319, "dmean2": 5.22856283188, "dvar": 9.48366355896, "dvar2": 21.7389659882, "max": 26.9998607635, "mean": 11.4720430374, "median": 10.8506622314, "min": 2.23152399063, "var": 31.4265041351}, "barkbands_flatness_db": {"dmean": 0.0379638560116, "dmean2": 0.0561802573502, "dvar": 0.00221145176329, "dvar2": 0.00429153814912, "max": 1, "mean": 0.14530980587, "median": 0.127081051469, "min": 0.0140468012542, "var": 0.00849801208824}, "barkbands_kurtosis": {"dmean": 29.5209693909, "dmean2": 47.6293144226, "dvar": 2796711.25, "dvar2": 7294710.5, "max": 197857.875, "mean": 31.1061553955, "median": 2.36197662354, "min": -1.97523498535, "var": 2523200.75}, "barkbands_skewness": {"dmean": 0.974441945553, "dmean2": 1.49187791348, "dvar": 12.3342905045, "dvar2": 28.5513648987, "max": 21.0309352875, "mean": 1.92421376705, "median": 1.66343045235, "min": -444.493621826, "var": 25.3695793152}, "barkbands_spread": {"dmean": 9.60150051117, "dmean2": 14.5068025589, "dvar": 128.749160767, "dvar2": 268.024597168, "max": 141.031341553, "mean": 26.9943256378, "median": 25.3913097382, "min": 0.00218523829244, "var": 309.71383667}, "dissonance": {"dmean": 0.0164423845708, "dmean2": 0.0274098701775, "dvar": 0.000427110702731, "dvar2": 0.00109976890963, "max": 0.500000119209, "mean": 0.474272280931, "median": 0.482920736074, "min": 0.170215785503, "var": 0.000815091072582}, "dynamic_complexity": 2.93243789673, "erbbands_crest": {"dmean": 2.85309362411, "dmean2": 4.70365715027, "dvar": 9.79394721985, "dvar2": 23.6594314575, "max": 34.234790802, "mean": 8.26124095917, "median": 6.67174959183, "min": 2.27470755577, "var": 23.4999027252}, "erbbands_flatness_db": {"dmean": 0.0230056084692, "dmean2": 0.0346627272666, "dvar": 0.000842224573717, "dvar2": 0.0017151205102, "max": 0.895079791546, "mean": 0.137617081404, "median": 0.115606471896, "min": 0.0334314964712, "var": 0.00486251758412}, "erbbands_kurtosis": {"dmean": 1.93840777874, "dmean2": 3.07490229607, "dvar": 166.657821655, "dvar2": 322.510284424, "max": 1201.59716797, "mean": 1.1858536005, "median": -0.539076924324, "min": -1.90599894524, "var": 281.968597412}, "erbbands_skewness": {"dmean": 0.488949328661, "dmean2": 0.748547136784, "dvar": 0.502097964287, "dvar2": 1.06416320801, "max": 16.9101791382, "mean": 0.139771178365, "median": 0.00395681057125, "min": -25.2973041534, "var": 1.1808078289}, "erbbands_spread": {"dmean": 11.7667274475, "dmean2": 18.5413532257, "dvar": 168.257019043, "dvar2": 385.463623047, "max": 222.318908691, "mean": 49.3820114136, "median": 47.3338317871, "min": 0.149666279554, "var": 511.638275146}, "hfc": {"dmean": 13.4132852554, "dmean2": 19.8018074036, "dvar": 342.235900879, "dvar2": 786.094482422, "max": 402.026519775, "mean": 30.0263710022, "median": 19.5851459503, "min": 1.21146225537e-16, "var": 853.289245605}, "melbands_crest": {"dmean": 3.7774875164, "dmean2": 6.20053529739, "dvar": 11.8012914658, "dvar2": 28.9598350525, "max": 38.2295799255, "mean": 15.9603815079, "median": 16.3814353943, "min": 1.80270445347, "var": 45.0115776062}, "melbands_flatness_db": {"dmean": 0.0457066521049, "dmean2": 0.0668111667037, "dvar": 0.00314711872488, "dvar2": 0.00601158617064, "max": 1, "mean": 0.211891874671, "median": 0.189185202122, "min": 0.00504681281745, "var": 0.0140302339569}, "melbands_kurtosis": {"dmean": 20.6378917694, "dmean2": 33.1148872375, "dvar": 4327.91259766, "dvar2": 9530.82519531, "max": 5085.18310547, "mean": 29.8671741486, "median": 12.4924507141, "min": -1.92131471634, "var": 5811.95507812}, "melbands_skewness": {"dmean": 1.26537656784, "dmean2": 1.97370457649, "dvar": 2.62520813942, "dvar2": 6.15992546082, "max": 46.0079879761, "mean": 3.60207009315, "median": 3.13852453232, "min": -26.5389404297, "var": 7.60348749161}, "melbands_spread": {"dmean": 9.39389419556, "dmean2": 14.356127739, "dvar": 138.34552002, "dvar2": 297.33682251, "max": 300.516204834, "mean": 26.1144123077, "median": 18.8491668701, "min": 0.0432108230889, "var": 518.794372559}, "pitch_salience": {"dmean": 0.0933520644903, "dmean2": 0.149534210563, "dvar": 0.00808616355062, "dvar2": 0.0197090301663, "max": 0.948224842548, "mean": 0.511375725269, "median": 0.524274706841, "min": 0.00257772649638, "var": 0.0235499273986}, "silence_rate_20dB": {"dmean": 0, "dmean2": 0, "dvar": 0, "dvar2": 0, "max": 1, "mean": 1, "median": 1, "min": 1, "var": 0}, "silence_rate_30dB": {"dmean": 0.0303640589118, "dmean2": 0.060731254518, "dvar": 0.0294377021492, "dvar2": 0.0742757916451, "max": 1, "mean": 0.973303735256, "median": 1, "min": 0, "var": 0.0259787943214}, "silence_rate_60dB": {"dmean": 0.0222050081939, "dmean2": 0.0444123111665, "dvar": 0.0217080526054, "dvar2": 0.0515170022845, "max": 1, "mean": 0.0904678329825, "median": 0, "min": 0, "var": 0.0822794958949}, "spectral_centroid": {"dmean": 360.700683594, "dmean2": 549.663269043, "dvar": 161346.515625, "dvar2": 313980.8125, "max": 11363.7236328, "mean": 1745.60009766, "median": 1631.77026367, "min": 39.6745071411, "var": 801821.8125}, "spectral_complexity": {"dmean": 6.24879932404, "dmean2": 9.50191116333, "dvar": 38.9274749756, "dvar2": 80.5638198853, "max": 62, "mean": 21.5767326355, "median": 20, "min": 0, "var": 152.703063965}, "spectral_decrease": {"dmean": 3.55003382246e-09, "dmean2": 5.45351763748e-09, "dvar": 1.73262855836e-17, "dvar2": 4.00189583306e-17, "max": 2.08875916043e-16, "mean": -1.04094519671e-08, "median": -9.94822357825e-09, "min": -5.52440830859e-08, "var": 6.59901730161e-17}, "spectral_energy": {"dmean": 0.013854383491, "dmean2": 0.0212929453701, "dvar": 0.000255884806393, "dvar2": 0.000592875760049, "max": 0.211466223001, "mean": 0.0420111343265, "median": 0.0402868688107, "min": 1.11143024406e-20, "var": 0.000995313981548}, "spectral_energyband_high": {"dmean": 0.00105549965519, "dmean2": 0.00154608103912, "dvar": 2.55649797509e-06, "dvar2": 5.62003060622e-06, "max": 0.0536327809095, "mean": 0.00189152138773, "median": 0.000969944871031, "min": 8.28492953982e-21, "var": 6.78253445585e-06}, "spectral_energyband_low": {"dmean": 0.0120405154303, "dmean2": 0.0179269183427, "dvar": 0.000225522351684, "dvar2": 0.000514085346367, "max": 0.203880876303, "mean": 0.0250884182751, "median": 0.0193681828678, "min": 1.19935799322e-22, "var": 0.000693481881171}, "spectral_energyband_middle_high": {"dmean": 0.0024526277557, "dmean2": 0.00387964397669, "dvar": 1.34398269438e-05, "dvar2": 3.29603535647e-05, "max": 0.100593209267, "mean": 0.00541355041787, "median": 0.00332880835049, "min": 1.54493468125e-21, "var": 4.46949779871e-05}, "spectral_energyband_middle_low": {"dmean": 0.00635623978451, "dmean2": 0.00938083510846, "dvar": 9.96724629658e-05, "dvar2": 0.000213968931348, "max": 0.189565435052, "mean": 0.0119622778147, "median": 0.00755069218576, "min": 3.32029182114e-22, "var": 0.000199497095309}, "spectral_entropy": {"dmean": 0.24622695148, "dmean2": 0.374220848083, "dvar": 0.134013205767, "dvar2": 0.26012840867, "max": 9.80607891083, "mean": 7.73053312302, "median": 7.86471223831, "min": 1.92697393894, "var": 0.422126501799}, "spectral_flux": {"dmean": 0.0321030430496, "dmean2": 0.0505777411163, "dvar": 0.0010838349117, "dvar2": 0.00256171356887, "max": 0.368960648775, "mean": 0.109407223761, "median": 0.106712907553, "min": 1.05424391439e-10, "var": 0.00349631835707}, "spectral_kurtosis": {"dmean": 3.0781993866, "dmean2": 5.04580307007, "dvar": 364.216278076, "dvar2": 830.906433105, "max": 468.486480713, "mean": 5.22332239151, "median": 3.03022670746, "min": -1.23980271816, "var": 356.519500732}, "spectral_rms": {"dmean": 0.00101670844015, "dmean2": 0.00153258850332, "dvar": 1.16522392091e-06, "dvar2": 2.48925084634e-06, "max": 0.0143634434789, "mean": 0.00579475751147, "median": 0.00626931106672, "min": 3.29290479432e-12, "var": 7.40733685234e-06}, "spectral_rolloff": {"dmean": 833.581542969, "dmean2": 1354.38659668, "dvar": 2053764.875, "dvar2": 4433569.5, "max": 19832.0800781, "mean": 2020.08837891, "median": 1098.19335938, "min": 43.06640625, "var": 5169868}, "spectral_skewness": {"dmean": 0.3202701509, "dmean2": 0.500395774841, "dvar": 0.8655782938, "dvar2": 1.79045665264, "max": 18.6192531586, "mean": 1.44552874565, "median": 1.32556295395, "min": -8.7135848999, "var": 1.21073806286}, "spectral_spread": {"dmean": 796167.4375, "dmean2": 1147901.375, "dvar": 1064405041150.0, "dvar2": 2020783947780.0, "max": 41288936, "mean": 5510951.5, "median": 5472299, "min": 255395.84375, "var": 3976045789180.0}, "spectral_strongpeak": {"dmean": 0.385557442904, "dmean2": 0.668037950993, "dvar": 0.575442552567, "dvar2": 1.39579570293, "max": 41.5901451111, "mean": 0.704134643078, "median": 0.464525282383, "min": 0, "var": 2.07782697678}, "zerocrossingrate": {"dmean": 0.0181408654898, "dmean2": 0.0205294471234, "dvar": 0.000425294711022, "dvar2": 0.000475485110655, "max": 0.8115234375, "mean": 0.0816906169057, "median": 0.072265625, "min": 0.00146484375, "var": 0.00348555459641}, "barkbands": {"dmean": [0.000210542450077, 0.0097577823326, 0.00401089619845, 0.00338064087555, 0.00360020319931, 0.000748245802242, 0.000829941243865, 0.000550973752979, 0.00053951900918, 0.000791962258518, 0.000612252333667, 0.000475054024719, 0.000321881641867, 0.000294730445603, 0.000162853713846, 0.00023583782604, 0.000211041406146, 0.000363676255802, 0.000270502467174, 0.000300497864373, 0.000159923365572, 0.000127635081299, 0.000142094067996, 0.00015832016652, 0.000213558363612, 0.000205609627301, 4.59324255644e-05], "dmean2": [0.000321053143125, 0.0150817232206, 0.00581185333431, 0.00492521515116, 0.00606471858919, 0.00127622263972, 0.00137844565324, 0.000881804793607, 0.000872768927366, 0.00126355525572, 0.000991356326267, 0.000780757633038, 0.000523532798979, 0.000502841663547, 0.000273461395409, 0.00038462257362, 0.000330857175868, 0.000596754834987, 0.000430534913903, 0.000475870096125, 0.000255811522948, 0.00019071927818, 0.000221043839701, 0.00023532717023, 0.000312089163344, 0.000310853152769, 6.90808010404e-05], "dvar": [1.18307255548e-07, 0.000189750615391, 4.31593471149e-05, 4.04650818382e-05, 5.13579580002e-05, 2.71431940746e-06, 3.12178553941e-06, 1.70165685631e-06, 1.78395180228e-06, 4.9360542107e-06, 3.76266780222e-06, 8.49629827826e-07, 3.12258180202e-07, 3.16175061243e-07, 1.48962143953e-07, 2.73902060144e-07, 2.1418487961e-07, 8.92594243851e-07, 2.03059215664e-07, 1.73754955313e-07, 6.15866468934e-08, 3.93002110854e-08, 8.46426004841e-08, 1.66817088143e-07, 1.36882547963e-07, 1.41147751265e-07, 7.91262255717e-09], "dvar2": [2.35434868046e-07, 0.00043911713874, 9.2969967227e-05, 8.57851046021e-05, 0.000130975255161, 6.74752891427e-06, 7.87008048064e-06, 3.92020911022e-06, 3.76544153369e-06, 1.20154591059e-05, 7.24183564671e-06, 2.09108475246e-06, 7.71271118083e-07, 8.64160938363e-07, 3.89220048191e-07, 6.546014788e-07, 5.01537670061e-07, 2.33983200815e-06, 4.53574102721e-07, 4.13622842643e-07, 1.55914392508e-07, 8.74904202419e-08, 1.80710131303e-07, 2.97870855093e-07, 3.10081986754e-07, 3.4097431012e-07, 1.83678228183e-08], "max": [0.00594042241573, 0.16696447134, 0.0753816515207, 0.182401165366, 0.081470489502, 0.0794625282288, 0.0490778684616, 0.0564950406551, 0.0822936370969, 0.102541640401, 0.0861262828112, 0.0345374420285, 0.011927338317, 0.0182721428573, 0.0162610802799, 0.022715177387, 0.0123530579731, 0.0422174781561, 0.039560161531, 0.00776216899976, 0.00911209266633, 0.0112264603376, 0.0176690015942, 0.0350581631064, 0.00796976219863, 0.00424785166979, 0.00100901920814], "mean": [0.000270642049145, 0.0163864158094, 0.00621979124844, 0.00417249137536, 0.00396713940427, 0.000955965893809, 0.00108446669765, 0.000818950706162, 0.000726934405975, 0.00103694782592, 0.000874005723745, 0.000641369319055, 0.000439762108726, 0.000389177002944, 0.00024205291993, 0.00033068456105, 0.000323495885823, 0.000497591216117, 0.00047679268755, 0.000521864101756, 0.000273698911769, 0.000259773863945, 0.000229020166444, 0.000298513041344, 0.00028843578184, 0.000235758721828, 4.94236373925e-05], "median": [0.000104941005702, 0.00791592523456, 0.00109876156785, 0.00116664799862, 0.00154217903037, 0.0003811858478, 0.000266922841547, 0.000251238176133, 0.0002343916276, 0.00030153177795, 0.000269188050879, 0.000222314352868, 0.000219119421672, 0.000185676442925, 6.6143082222e-05, 0.000120337324915, 0.000114564594696, 0.000237428961555, 0.000305294262944, 0.000385412829928, 0.000177856432856, 0.000146523263538, 8.05779127404e-05, 6.93243127898e-05, 5.92948053963e-05, 5.03645351273e-05, 8.62289016368e-06], "min": [8.13886255262e-24, 8.56534694816e-23, 2.51210325576e-23, 1.33537506289e-24, 8.57394300767e-23, 4.15752984225e-23, 4.26403931732e-23, 2.75253764671e-23, 1.1692694499e-22, 1.00756426082e-22, 4.99953567557e-23, 4.16209292927e-23, 8.44765079437e-23, 1.91501475214e-22, 8.3794685997e-23, 1.64952443491e-22, 2.22536626377e-22, 2.90577457174e-22, 2.162364424e-22, 2.92787858053e-22, 4.77459716337e-22, 5.31929388018e-22, 6.81709309998e-22, 1.00875271449e-21, 1.49794179536e-21, 1.37847942618e-21, 2.7432538267e-21], "var": [2.46909593216e-07, 0.000417617469793, 9.66942316154e-05, 6.34659154457e-05, 4.72845786135e-05, 4.11209612139e-06, 4.11448218074e-06, 3.8994839997e-06, 4.32602973888e-06, 7.61380624681e-06, 1.10825185402e-05, 1.38705138397e-06, 4.33834145497e-07, 4.37236650441e-07, 2.54012547884e-07, 4.8259533969e-07, 4.04668270448e-07, 1.23143991004e-06, 4.75316682014e-07, 2.89127939368e-07, 1.14055225708e-07, 1.15166663761e-07, 1.98401110652e-07, 1.42554256399e-06, 2.21038845893e-07, 1.60332291443e-07, 9.01293262245e-09]}, "erbbands": {"dmean": [0.303299844265, 2.20118260384, 4.11799907684, 8.25913238525, 14.6758975983, 10.9566679001, 6.32133054733, 6.44733524323, 11.3987379074, 10.728852272, 12.3065719604, 11.4302148819, 18.3871269226, 27.5891113281, 19.3256931305, 18.7391757965, 13.981379509, 15.6256084442, 10.2255363464, 8.57211685181, 13.2222957611, 11.356883049, 18.518289566, 14.5155258179, 15.4642477036, 14.7495613098, 7.54361438751, 5.73398828506, 5.09845018387, 3.64486026764, 4.3612818718, 3.45417428017, 2.64841985703, 2.05201363564, 1.76214540005, 0.785063624382, 0.423421263695, 0.0951123386621, 0.00785635132343, 0.00014113834186], "dmean2": [0.465881794691, 3.4014134407, 5.70130300522, 12.0829772949, 24.4061717987, 18.7686386108, 11.1173868179, 10.8452348709, 18.9653568268, 17.6259498596, 19.2744827271, 18.1390190125, 28.8004779816, 44.0612983704, 31.5616130829, 30.6480007172, 22.6659679413, 26.2437610626, 17.2097854614, 14.0480031967, 21.5626316071, 17.4471645355, 30.1464443207, 23.6230487823, 24.4197101593, 23.3199501038, 11.9629268646, 9.12373161316, 7.89314079285, 5.41493606567, 6.79486751556, 5.15589857101, 3.94748353958, 3.05122733116, 2.64013838768, 1.16855990887, 0.661850452423, 0.144927784801, 0.0117029501125, 0.000211044520256], "dvar": [0.183220148087, 9.87651729584, 39.1405334473, 205.265640259, 1076.60302734, 382.863800049, 163.725616455, 242.798171997, 671.030334473, 475.565460205, 872.016235352, 1003.35046387, 2714.27905273, 9031.93652344, 1794.25854492, 1462.60986328, 580.183105469, 843.022888184, 454.509307861, 436.395721436, 932.030700684, 568.049316406, 1843.89978027, 1332.00585938, 458.751617432, 472.415588379, 143.785476685, 77.4074935913, 62.2936935425, 47.1012153625, 82.8606948853, 154.539871216, 23.2737388611, 13.1522855759, 9.30932426453, 1.79886317253, 0.681752622128, 0.0334347039461, 0.000243033893639, 7.1448120309e-08], "dvar2": [0.415736794472, 23.1940383911, 81.8004608154, 448.477478027, 2767.27416992, 1009.82946777, 445.526550293, 592.336730957, 1691.2355957, 1129.33959961, 2012.36730957, 2036.47680664, 5560.41357422, 22996.9550781, 4007.61401367, 3694.65771484, 1425.02575684, 2268.10131836, 1218.13635254, 1169.50842285, 2249.82592773, 1224.33789062, 4661.23632812, 3197.12792969, 1115.62988281, 1112.85546875, 367.0418396, 191.489120483, 150.375457764, 90.3366928101, 180.982208252, 267.008728027, 46.1277732849, 28.3350486755, 22.0164337158, 4.18473815918, 1.73763871193, 0.0755520015955, 0.00055805669399, 1.67994301137e-07], "max": [4.29426050186, 39.1669387817, 77.4005737305, 418.763427734, 428.91192627, 207.518203735, 374.84942627, 901.893188477, 719.922119141, 511.858093262, 1785.02697754, 2200.73461914, 3157.92651367, 2280.55419922, 2623.1965332, 1116.37353516, 623.181762695, 818.044799805, 810.533996582, 1135.23400879, 1500.50598145, 655.025268555, 1934.52563477, 3719.94433594, 452.410522461, 313.765655518, 530.65234375, 216.568496704, 327.154449463, 551.326904297, 539.23626709, 1280.80249023, 222.915588379, 66.6813735962, 69.1002197266, 23.6059951782, 9.91575145721, 2.19034218788, 0.183085665107, 0.00450195278972], "mean": [0.499702334404, 3.60422110558, 6.66332197189, 11.8820371628, 15.2339830399, 12.3886365891, 7.3153963089, 8.38282871246, 14.8881692886, 14.268614769, 19.4014472961, 15.3681697845, 26.3109226227, 43.6968765259, 28.7701187134, 25.9877891541, 20.2913093567, 22.0282287598, 14.6390295029, 13.3248872757, 19.1990261078, 18.554933548, 26.1232089996, 23.1217346191, 28.5391082764, 25.4869689941, 12.9787912369, 10.3564090729, 10.1251363754, 6.89398765564, 6.98350143433, 6.91075944901, 4.33420467377, 3.02047014236, 2.1749215126, 0.989058613777, 0.44724214077, 0.105859570205, 0.00840456876904, 0.000193435247638], "median": [0.189020127058, 1.8213865757, 2.31677246094, 3.72203207016, 6.14182662964, 4.03945684433, 2.77792954445, 3.34522390366, 3.62164998055, 5.16853237152, 6.10596847534, 5.43927145004, 7.99312591553, 12.7772445679, 12.1722145081, 8.92556762695, 10.1785736084, 11.0236930847, 5.82330131531, 4.33784103394, 7.2501745224, 7.17101049423, 12.374294281, 14.1256866455, 18.9385814667, 18.0878677368, 9.04458427429, 6.34465503693, 5.71477222443, 3.38270783424, 2.29276394844, 1.45539081097, 1.13803875446, 0.643780946732, 0.422453999519, 0.227971702814, 0.0886740386486, 0.0188407171518, 0.00134965172037, 8.75424739206e-05], "min": [2.46141707458e-21, 1.82833798744e-20, 4.13605137366e-20, 9.10085112564e-21, 7.23745489739e-20, 4.32266131653e-19, 1.96525150071e-19, 4.54323006084e-19, 7.73608932265e-19, 4.86976322656e-19, 1.00949928457e-18, 3.15172356995e-18, 2.39991813635e-18, 2.51124113717e-18, 1.84334883402e-18, 2.12273136065e-18, 3.62443991923e-18, 1.11930300275e-17, 5.37978955737e-18, 4.53351554833e-18, 9.99639084874e-18, 1.35911953682e-17, 1.54842221882e-17, 1.24144581549e-17, 1.13030508393e-17, 1.13461841723e-17, 1.6050003801e-17, 2.46072864996e-17, 1.68160210247e-17, 1.58607399138e-17, 2.44917128244e-17, 2.22827898643e-17, 1.57970221912e-17, 1.46738664293e-17, 1.17062633376e-17, 5.14858844026e-18, 2.64714918656e-18, 1.14537269577e-18, 4.14104424877e-19, 4.09277754917e-20], "var": [0.410005092621, 20.7560386658, 93.3015823364, 377.915283203, 950.733642578, 389.782653809, 170.168426514, 370.030700684, 859.137878418, 700.282531738, 2310.33300781, 1822.23791504, 5774.01660156, 22121.4042969, 4052.1640625, 2184.97900391, 853.313232422, 1287.41809082, 689.708862305, 771.355163574, 1634.93774414, 1262.79504395, 2678.53100586, 2881.21630859, 974.459777832, 788.195556641, 221.397216797, 162.330154419, 161.441970825, 146.589950562, 194.081954956, 1681.69494629, 67.7664337158, 25.1645736694, 12.8864860535, 2.42006111145, 0.664055109024, 0.0392932333052, 0.000271093187621, 8.35855047399e-08]}, "gfcc": {"mean": [10.8420972824, 56.7489852905, -102.62171936, 30.2545146942, -53.3317070007, 11.1325588226, -25.6901931763, 9.53273677826, -33.2378425598, 2.16083145142, -16.3134346008, 1.04687809944, -15.8333644867], "cov": [[11532.8339844, -667.702270508, 1375.89929199, 820.681396484, 624.157409668, 885.424316406, -303.32635498, 663.159362793, -163.484725952, 378.997955322, -115.07901001, 307.542236328, -96.6421279907], [-667.702270508, 2238.7434082, 779.781188965, 513.630004883, 767.057067871, -91.8787155151, 375.619537354, 196.097793579, 260.185699463, -55.366268158, 203.289398193, -43.8381767273, 199.071014404], [1375.89929199, 779.781188965, 2894.59985352, 694.086364746, 1230.48339844, 707.280883789, 183.097320557, 481.475128174, 173.983078003, 278.533905029, 146.555145264, 180.30758667, 179.563766479], [820.681396484, 513.630004883, 694.086364746, 914.596252441, 446.68939209, 186.358032227, 103.221343994, 176.87008667, 141.67086792, 26.105632782, 72.019569397, -9.18081283569, 89.7906112671], [624.157409668, 767.057067871, 1230.48339844, 446.68939209, 950.601318359, 334.863800049, 176.319732666, 295.67755127, 159.352844238, 103.140357971, 97.7588119507, 110.556182861, 125.362045288], [885.424316406, -91.8787155151, 707.280883789, 186.358032227, 334.863800049, 532.618041992, 67.1012039185, 169.741317749, 3.48357748985, 103.870780945, 30.6322612762, 45.0019721985, 31.7114448547], [-303.32635498, 375.619537354, 183.097320557, 103.221343994, 176.319732666, 67.1012039185, 234.921356201, 89.4463653564, 37.9578323364, 1.94081580639, 47.8394851685, -14.8609409332, 37.8827285767], [663.159362793, 196.097793579, 481.475128174, 176.87008667, 295.67755127, 169.741317749, 89.4463653564, 265.707244873, 106.633636475, 78.4676513672, 47.9290313721, 65.6674118042, 58.4366836548], [-163.484725952, 260.185699463, 173.983078003, 141.67086792, 159.352844238, 3.48357748985, 37.9578323364, 106.633636475, 195.186645508, 49.7920722961, 43.935710907, 26.4238777161, 49.9223709106], [378.997955322, -55.366268158, 278.533905029, 26.105632782, 103.140357971, 103.870780945, 1.94081580639, 78.4676513672, 49.7920722961, 149.421966553, 47.3055801392, 52.4276351929, 19.4995746613], [-115.07901001, 203.289398193, 146.555145264, 72.019569397, 97.7588119507, 30.6322612762, 47.8394851685, 47.9290313721, 43.935710907, 47.3055801392, 124.005821228, 48.4564704895, 46.8608093262], [307.542236328, -43.8381767273, 180.30758667, -9.18081283569, 110.556182861, 45.0019721985, -14.8609409332, 65.6674118042, 26.4238777161, 52.4276351929, 48.4564704895, 126.851287842, 47.5332984924], [-96.6421279907, 199.071014404, 179.563766479, 89.7906112671, 125.362045288, 31.7114448547, 37.8827285767, 58.4366836548, 49.9223709106, 19.4995746613, 46.8608093262, 47.5332984924, 113.61743927]], "icov": [[0.00020393372688, -0.000191177910892, 0.000104502440081, -0.000283610017505, 0.000112622183224, -0.00023308325035, 0.000494159699883, -0.000681594014168, 0.000688062049448, -0.000552886340301, 0.00062423653435, -0.000680014607497, 0.000513587845489], [-0.000191177910892, 0.00168980075978, -0.000288804236334, 0.000350171059836, -0.00124735268764, 0.00128611910623, -0.00145937222987, 0.000772225961555, -0.00137139880098, 0.0016758532729, -0.002468298655, 0.002689874731, -0.00162925606128], [0.000104502440081, -0.000288804236334, 0.00109420029912, -0.000347623747075, -0.00077975296881, -0.000670549692586, 0.000624604057521, -0.000694566057064, 0.000888494891115, -0.00132270087488, 0.000627582019661, -0.00050942262169, 0.000127712206449], [-0.000283610017505, 0.000350171059836, -0.000347623747075, 0.00212602014653, -0.000647643348202, 0.000199148038519, -0.000410393666243, 0.000607662659604, -0.00165265367832, 0.00152850488666, -0.00172462838236, 0.00246864324436, -0.0013598970836], [0.000112622183224, -0.00124735268764, -0.00077975296881, -0.000647643348202, 0.00416326802224, -0.00130009825807, -0.000121914359624, -0.000910220609512, -0.000118547002785, -0.000196697772481, 0.00193900230806, -0.00336074340157, 0.000995640293695], [-0.00023308325035, 0.00128611910623, -0.000670549692586, 0.000199148038519, -0.00130009825807, 0.0043589384295, -0.00139506720006, -0.000366597756511, 0.000333247211529, 3.24301145156e-05, -0.00171287567355, 0.00261828862131, -0.00121866376139], [0.000494159699883, -0.00145937222987, 0.000624604057521, -0.000410393666243, -0.000121914359624, -0.00139506720006, 0.00836540106684, -0.00388444913551, 0.00272088847123, -0.00111114780884, 1.57260637934e-06, 0.000561783905141, 0.000806551310234], [-0.000681594014168, 0.000772225961555, -0.000694566057064, 0.000607662659604, -0.000910220609512, -0.000366597756511, -0.00388444913551, 0.0108460281044, -0.00536323245615, 0.000908084388357, -0.00093679165002, -0.000453383720014, -0.00171517895069], [0.000688062049448, -0.00137139880098, 0.000888494891115, -0.00165265367832, -0.000118547002785, 0.000333247211529, 0.00272088847123, -0.00536323245615, 0.0112917460501, -0.00488226022571, 0.0022109199781, -0.00181106233504, 0.000501267844811], [-0.000552886340301, 0.0016758532729, -0.00132270087488, 0.00152850488666, -0.000196697772481, 3.24301145156e-05, -0.00111114780884, 0.000908084388357, -0.00488226022571, 0.01373529993, -0.00617017736658, 0.00141966564115, -0.000673880975228], [0.00062423653435, -0.002468298655, 0.000627582019661, -0.00172462838236, 0.00193900230806, -0.00171287567355, 1.57260637934e-06, -0.00093679165002, 0.0022109199781, -0.00617017736658, 0.016845844686, -0.00862337835133, 0.000793996150605], [-0.000680014607497, 0.002689874731, -0.00050942262169, 0.00246864324436, -0.00336074340157, 0.00261828862131, 0.000561783905141, -0.000453383720014, -0.00181106233504, 0.00141966564115, -0.00862337835133, 0.0195547100157, -0.00748618179932], [0.000513587845489, -0.00162925606128, 0.000127712206449, -0.0013598970836, 0.000995640293695, -0.00121866376139, 0.000806551310234, -0.00171517895069, 0.000501267844811, -0.000673880975228, 0.000793996150605, -0.00748618179932, 0.0155205223709]]}, "melbands": {"dmean": [0.00276869744994, 0.00218631094322, 0.00138367689215, 0.000932567811105, 0.000252765836194, 0.000144153891597, 0.00017354231386, 0.00011423946853, 9.73848000285e-05, 7.70477345213e-05, 9.54438000917e-05, 0.000113958747534, 7.30393949198e-05, 5.69537369302e-05, 3.57277858711e-05, 3.36765297106e-05, 2.99977109535e-05, 1.8221044229e-05, 1.19075011753e-05, 1.39926714837e-05, 1.61206262419e-05, 1.13993746709e-05, 1.58850725711e-05, 1.92274710571e-05, 1.15863404062e-05, 1.1430329323e-05, 1.16408755275e-05, 1.01083351183e-05, 5.11917824042e-06, 3.97351095671e-06, 3.4138574847e-06, 3.13072860081e-06, 2.38200664171e-06, 2.09981385524e-06, 2.79869345832e-06, 2.20646688831e-06, 2.06984623219e-06, 2.05252695196e-06, 1.54335282332e-06, 1.87471493973e-06], "dmean2": [0.00427071051672, 0.00316031742841, 0.00203874148428, 0.00155405933037, 0.000444830599008, 0.00024300761288, 0.000288398441626, 0.000186773264431, 0.000154010704136, 0.000123300866107, 0.000148499719216, 0.000183429918252, 0.000118262076285, 9.3589143944e-05, 5.81854728807e-05, 5.52278106625e-05, 5.08469274791e-05, 3.10852483381e-05, 1.98016750801e-05, 2.29809920711e-05, 2.65594499069e-05, 1.77356396307e-05, 2.55265786109e-05, 3.20832077705e-05, 1.90129958355e-05, 1.83583961189e-05, 1.8412609279e-05, 1.62490432558e-05, 8.1988509919e-06, 6.45829459245e-06, 5.48596244698e-06, 4.93872857987e-06, 3.67211350749e-06, 3.23719768858e-06, 4.43951785201e-06, 3.4119357224e-06, 3.10717518914e-06, 3.14354315378e-06, 2.27307396017e-06, 2.82817291009e-06], "dvar": [1.52203165271e-05, 8.66774280439e-06, 5.59331510885e-06, 3.45302919413e-06, 2.41620426777e-07, 1.1302616798e-07, 1.47885813817e-07, 5.86909720823e-08, 5.73344181021e-08, 4.36279492533e-08, 7.30031075591e-08, 1.45434853493e-07, 3.01943821057e-08, 1.22634791211e-08, 4.48369918971e-09, 3.60937546517e-09, 3.31410121568e-09, 1.51667134407e-09, 8.30886637271e-10, 1.03082764547e-09, 1.45808398688e-09, 6.19334028507e-10, 1.19650100938e-09, 3.50399265159e-09, 8.8531709741e-10, 2.92650209621e-10, 2.34191749326e-10, 2.61759752762e-10, 7.95335394765e-11, 3.97293170584e-11, 2.86193950483e-11, 2.36181491031e-11, 1.73086493055e-11, 1.68768332642e-11, 3.21238348422e-11, 4.72401909257e-11, 4.65545310635e-11, 1.52315104973e-11, 7.28571456637e-12, 1.12516194278e-11], "dvar2": [3.46483429894e-05, 1.82833209692e-05, 1.18991783893e-05, 8.77960155776e-06, 6.62859918066e-07, 2.77760477729e-07, 3.72543212279e-07, 1.39260365017e-07, 1.31511015411e-07, 9.00623504663e-08, 1.50237795538e-07, 3.7651128082e-07, 6.12030319758e-08, 2.98034628088e-08, 1.12262670271e-08, 9.18076104028e-09, 9.07470987244e-09, 4.09511047295e-09, 2.12419304368e-09, 2.54268783806e-09, 3.59468899092e-09, 1.36399458395e-09, 2.84429901853e-09, 9.57787804623e-09, 2.03189487458e-09, 7.17496839719e-10, 5.68259106437e-10, 6.30719476646e-10, 2.07730388446e-10, 1.02606853569e-10, 7.21625606492e-11, 5.82796658155e-11, 3.8943542835e-11, 3.39440073271e-11, 7.46653502914e-11, 8.46350628469e-11, 8.39857974833e-11, 3.26551286012e-11, 1.47640129289e-11, 2.44509881092e-11], "max": [0.0453106090426, 0.0340229645371, 0.0619944557548, 0.021970147267, 0.0107197649777, 0.018045110628, 0.0109072076157, 0.00803432613611, 0.0159483384341, 0.0153276035562, 0.0165896117687, 0.00943334866315, 0.0102209569886, 0.00465798936784, 0.00163874798454, 0.00126579822972, 0.00155515316874, 0.00182186288293, 0.00123665551655, 0.00105828291271, 0.00169373909011, 0.000659178127535, 0.00116178707685, 0.00266974768601, 0.00340540986508, 0.000544604903553, 0.000419272080762, 0.000279908475932, 0.000431158376159, 0.00018305904814, 0.00011523955618, 0.000167965321452, 0.000255805294728, 0.00030361575773, 0.000278111721855, 0.000632568786386, 0.000645489257295, 0.000158918104717, 0.000107107203803, 5.66309172427e-05], "mean": [0.00462955795228, 0.00398971140385, 0.00220983615145, 0.00102405645885, 0.000299647304928, 0.000187549347174, 0.000229053257499, 0.000155246350914, 0.000148235150846, 0.000100564859167, 0.000131934095407, 0.000176207147888, 0.000105332823296, 7.77891618782e-05, 4.84876291011e-05, 4.50125917268e-05, 4.05594691983e-05, 2.40822737396e-05, 1.7642898456e-05, 1.98673405976e-05, 2.24970772251e-05, 1.78664431587e-05, 2.17304768739e-05, 2.49925797107e-05, 1.72694999492e-05, 1.93437608687e-05, 2.04528823815e-05, 1.62860596902e-05, 8.41221572045e-06, 6.07040783507e-06, 5.97207963438e-06, 5.88761258768e-06, 4.62910566057e-06, 3.56652321898e-06, 4.09945232605e-06, 4.12554709328e-06, 4.04811908084e-06, 3.13613782055e-06, 2.49533854912e-06, 2.59345574705e-06], "median": [0.00206126319245, 0.00241607171483, 0.000857472303323, 0.000387468375266, 0.000113897709525, 7.51232728362e-05, 5.70149641135e-05, 5.55236329092e-05, 4.64465301775e-05, 3.15612924169e-05, 3.9672551793e-05, 4.82809446112e-05, 3.9460210246e-05, 2.76865866908e-05, 1.87701025425e-05, 2.24158757192e-05, 1.99262321985e-05, 9.81751600193e-06, 4.88441355628e-06, 6.6510256147e-06, 7.97324537416e-06, 6.48566947348e-06, 8.64441153681e-06, 1.20089243865e-05, 9.86703344097e-06, 1.16121082101e-05, 1.37626548167e-05, 1.02789981611e-05, 5.89085266256e-06, 3.52816687155e-06, 3.54620942744e-06, 3.27085354002e-06, 2.49645540862e-06, 1.46144998325e-06, 1.34937658913e-06, 9.08011543288e-07, 8.55301323099e-07, 8.28817974252e-07, 5.951330877e-07, 5.09378082825e-07], "min": [2.23830841045e-23, 2.33487934252e-23, 2.41379880185e-24, 1.78715586108e-23, 1.07434162044e-23, 1.06824814326e-23, 1.04914698085e-23, 5.07150905687e-24, 1.15953070959e-23, 1.76795577551e-23, 1.23908070545e-23, 1.13222421047e-23, 6.87111180197e-24, 4.52277149474e-24, 6.20960657344e-24, 1.00797562023e-23, 2.23415631996e-23, 8.2858446942e-24, 5.48073656791e-24, 7.48316215706e-24, 1.29898932695e-23, 1.4862243584e-23, 1.25600240296e-23, 1.41493263181e-23, 9.49297069542e-24, 8.3853815855e-24, 7.8028480389e-24, 7.94154161895e-24, 1.08870314876e-23, 9.51679508362e-24, 1.63952006935e-23, 1.02796022797e-23, 8.10452738172e-24, 8.311531583e-24, 1.37233587842e-23, 1.41118380702e-23, 1.26882510032e-23, 1.14473720104e-23, 9.46485727048e-24, 1.36847929523e-23], "var": [3.41411869158e-05, 2.35564439208e-05, 1.11041763375e-05, 3.2645657484e-06, 2.40352818537e-07, 1.71969077201e-07, 1.91540166838e-07, 9.06908113052e-08, 1.31827263772e-07, 9.00174299545e-08, 1.48998694272e-07, 3.42255759733e-07, 8.33138571465e-08, 2.12559303492e-08, 6.22415852192e-09, 4.84182693938e-09, 4.7378678758e-09, 1.95841076689e-09, 1.49684131756e-09, 1.78553716257e-09, 2.43149611556e-09, 1.30995647663e-09, 1.97521354828e-09, 3.80756048912e-09, 2.0877191087e-09, 5.64822799642e-10, 4.52681697682e-10, 3.94874632992e-10, 1.03840325227e-10, 6.38694028221e-11, 5.69049425636e-11, 5.57401833023e-11, 4.54905245417e-11, 4.93463221674e-11, 5.92038570946e-11, 4.28455826373e-10, 4.46147035982e-10, 3.83281774374e-11, 1.94877031179e-11, 1.89542704448e-11]}, "mfcc": {"mean": [-638.357116699, 95.4356231689, 4.07005929947, 24.3718509674, -4.17642831802, 4.13031482697, 11.6725683212, 4.90413236618, -4.20472478867, -0.0497369505465, -1.68816924095, -2.31093788147, -1.86290299892], "cov": [[8394.23730469, -632.080200195, 443.216461182, 330.56350708, 781.186706543, 305.224731445, 337.753875732, 228.693054199, 227.339248657, 142.598709106, 102.267784119, 85.3707809448, 182.34727478], [-632.080200195, 1802.49975586, 648.96661377, 552.420837402, 643.010131836, 138.941085815, 388.94619751, 255.103225708, 311.516967773, 124.256729126, 78.9782562256, 220.498657227, 210.501235962], [443.216461182, 648.96661377, 1617.42651367, 562.900146484, 1003.06494141, 439.728729248, 493.455932617, 266.469543457, 364.833312988, 238.81578064, 73.1694488525, 236.186981201, 258.807647705], [330.56350708, 552.420837402, 562.900146484, 838.729919434, 563.507385254, 162.059936523, 218.318145752, 183.297012329, 230.134185791, 95.3895492554, 47.9689254761, 142.403610229, 149.715087891], [781.186706543, 643.010131836, 1003.06494141, 563.507385254, 1108.22680664, 393.197692871, 413.487854004, 309.537353516, 379.471893311, 185.209487915, 63.4632568359, 252.442443848, 258.654663086], [305.224731445, 138.941085815, 439.728729248, 162.059936523, 393.197692871, 325.9972229, 239.746292114, 112.761772156, 133.659637451, 94.4484405518, 30.6406211853, 74.531829834, 72.8633346558], [337.753875732, 388.94619751, 493.455932617, 218.318145752, 413.487854004, 239.746292114, 410.885864258, 188.524078369, 166.220336914, 115.926078796, 44.7655677795, 100.31237793, 89.0868225098], [228.693054199, 255.103225708, 266.469543457, 183.297012329, 309.537353516, 112.761772156, 188.524078369, 211.169143677, 157.117523193, 67.4846954346, 34.3178825378, 84.9439544678, 78.77003479], [227.339248657, 311.516967773, 364.833312988, 230.134185791, 379.471893311, 133.659637451, 166.220336914, 157.117523193, 258.785400391, 118.191581726, 29.746213913, 115.874092102, 110.262741089], [142.598709106, 124.256729126, 238.81578064, 95.3895492554, 185.209487915, 94.4484405518, 115.926078796, 67.4846954346, 118.191581726, 136.977127075, 49.7529411316, 55.0103721619, 49.6823730469], [102.267784119, 78.9782562256, 73.1694488525, 47.9689254761, 63.4632568359, 30.6406211853, 44.7655677795, 34.3178825378, 29.746213913, 49.7529411316, 104.672798157, 47.9190444946, 24.4893417358], [85.3707809448, 220.498657227, 236.186981201, 142.403610229, 252.442443848, 74.531829834, 100.31237793, 84.9439544678, 115.874092102, 55.0103721619, 47.9190444946, 153.65461731, 108.338279724], [182.34727478, 210.501235962, 258.807647705, 149.715087891, 258.654663086, 72.8633346558, 89.0868225098, 78.77003479, 110.262741089, 49.6823730469, 24.4893417358, 108.338279724, 151.125915527]], "icov": [[0.000155424102559, 0.000150970256072, 7.40293398849e-05, -3.02308926621e-05, -0.000206574331969, 0.000108391941467, -0.000205327829462, 6.46741318633e-05, -8.51240038173e-05, 6.74613766023e-05, -0.000218168104766, 0.00025493974681, -0.000213499210076], [0.000150970256072, 0.00107244472019, 5.59777472517e-05, -0.000293904682621, -0.000345166685292, 0.000821279769298, -0.00105664785951, 0.00030387530569, -0.000687355059199, 0.000547503528651, -0.000527293654159, 6.67115527904e-05, -0.000462240277557], [7.40293398849e-05, 5.59777472517e-05, 0.00175206467975, -0.00021420304256, -0.00110366905574, -0.000335341843311, -0.000832604884636, 0.000784885021858, 3.97761104978e-05, -0.000889712828211, 9.2095702712e-05, 0.000271891360171, -0.000769577862229], [-3.02308926621e-05, -0.000293904682621, -0.00021420304256, 0.00201045861468, -0.000650178350043, 0.000246311596129, 0.000169648425072, -0.000189813334146, -0.000500830414239, 0.000424454570748, -0.000358946679626, 0.000234635124798, -7.0210400736e-05], [-0.000206574331969, -0.000345166685292, -0.00110366905574, -0.000650178350043, 0.00459348689765, -0.00231740041636, 0.000620303151663, -0.00172815611586, -0.00122231501155, 0.000431744847447, 0.000900774495676, -0.00167021621019, -0.00114399171434], [0.000108391941467, 0.000821279769298, -0.000335341843311, 0.000246311596129, -0.00231740041636, 0.00783539097756, -0.00344006204978, 0.00145731633529, -0.000516806263477, -0.000350311456714, -0.000706774939317, 0.000893234682735, 0.000478791975183], [-0.000205327829462, -0.00105664785951, -0.000832604884636, 0.000169648425072, 0.000620303151663, -0.00344006204978, 0.00768537539989, -0.00452060485259, 0.00207625632174, -0.00246850284748, 0.00108503061347, -0.00101782276761, 0.00125054467935], [6.46741318633e-05, 0.00030387530569, 0.000784885021858, -0.000189813334146, -0.00172815611586, 0.00145731633529, -0.00452060485259, 0.0127688683569, -0.005637308117, 0.00285374745727, -0.00240359501913, 0.000768909521867, -0.000379673700081], [-8.51240038173e-05, -0.000687355059199, 3.97761104978e-05, -0.000500830414239, -0.00122231501155, -0.000516806263477, 0.00207625632174, -0.005637308117, 0.0143295349553, -0.0083616739139, 0.00419771531597, -0.00335854943842, -0.000434932444477], [6.74613766023e-05, 0.000547503528651, -0.000889712828211, 0.000424454570748, 0.000431744847447, -0.000350311456714, -0.00246850284748, 0.00285374745727, -0.0083616739139, 0.017296127975, -0.00683245947585, 0.00214089965448, -0.000356070930138], [-0.000218168104766, -0.000527293654159, 9.2095702712e-05, -0.000358946679626, 0.000900774495676, -0.000706774939317, 0.00108503061347, -0.00240359501913, 0.00419771531597, -0.00683245947585, 0.0146123571321, -0.00587911019102, 0.00163802271709], [0.00025493974681, 6.67115527904e-05, 0.000271891360171, 0.000234635124798, -0.00167021621019, 0.000893234682735, -0.00101782276761, 0.000768909521867, -0.00335854943842, 0.00214089965448, -0.00587911019102, 0.017802676186, -0.00853441655636], [-0.000213499210076, -0.000462240277557, -0.000769577862229, -7.0210400736e-05, -0.00114399171434, 0.000478791975183, 0.00125054467935, -0.000379673700081, -0.000434932444477, -0.000356070930138, 0.00163802271709, -0.00853441655636, 0.016380822286]]}, "spectral_contrast_coeffs": {"dmean": [0.0604813992977, 0.0547708906233, 0.0454988926649, 0.0367947146297, 0.0264260582626, 0.0234533827752], "dmean2": [0.0951669812202, 0.0886798426509, 0.0740604028106, 0.0604181364179, 0.0425741709769, 0.0370197743177], "dvar": [0.00249838922173, 0.0022230297327, 0.00144120946061, 0.000997102120891, 0.000631740142126, 0.000833613798022], "dvar2": [0.00588874518871, 0.00547338509932, 0.00359760271385, 0.00250596459955, 0.00146026513539, 0.00170647620689], "max": [-0.170064002275, -0.210548713803, -0.363372981548, -0.486124187708, -0.545368671417, -0.390911400318], "mean": [-0.607594251633, -0.761756420135, -0.78453117609, -0.790589988232, -0.784074783325, -0.763253629208], "median": [-0.620779752731, -0.769255161285, -0.792629480362, -0.796078324318, -0.785359084606, -0.779603838921], "min": [-0.971143245697, -0.975391387939, -0.981218636036, -0.973031580448, -0.960532486439, -0.956134021282], "var": [0.0110940914601, 0.00489148264751, 0.00412191683426, 0.00255976081826, 0.00181109516416, 0.00382986618206]}, "spectral_contrast_valleys": {"dmean": [0.509291231632, 0.533254563808, 0.498217791319, 0.480497449636, 0.441028445959, 0.441758006811], "dmean2": [0.78826469183, 0.856647372246, 0.800308346748, 0.754585146904, 0.65489089489, 0.613931119442], "dvar": [0.245434895158, 0.35203436017, 0.32295435667, 0.324792861938, 0.343031316996, 0.328436553478], "dvar2": [0.487062305212, 0.772462666035, 0.692243158817, 0.678411304951, 0.648506700993, 0.620169639587], "max": [-5.08396196365, -4.41232919693, -4.92887830734, -5.3708319664, -5.3987827301, -7.05303955078], "mean": [-7.7097401619, -6.91363811493, -7.19672679901, -7.79220199585, -7.29690074921, -9.77825641632], "median": [-6.696534156