{"lowlevel": {"average_loudness": 0.24721352756, "barkbands_crest": {"dmean": 1.96275734901, "dmean2": 3.1584174633, "dvar": 3.85802721977, "dvar2": 9.83581161499, "max": 26.248128891, "mean": 11.7420949936, "median": 11.1516771317, "min": 3.08403635025, "var": 16.9570827484}, "barkbands_flatness_db": {"dmean": 0.0157607775182, "dmean2": 0.0248819626868, "dvar": 0.000283828529064, "dvar2": 0.000693138630595, "max": 0.582747459412, "mean": 0.19568040967, "median": 0.174500510097, "min": 0.0460002534091, "var": 0.0073991692625}, "barkbands_kurtosis": {"dmean": 3.11526989937, "dmean2": 5.09128046036, "dvar": 83.6798553467, "dvar2": 217.680664062, "max": 347.890106201, "mean": 7.08829069138, "median": 3.49493169785, "min": -1.71261668205, "var": 196.331420898}, "barkbands_skewness": {"dmean": 0.417732208967, "dmean2": 0.65836930275, "dvar": 0.238570615649, "dvar2": 0.564150631428, "max": 9.62446403503, "mean": 1.62627005577, "median": 1.50321495533, "min": -2.01784729958, "var": 1.83789634705}, "barkbands_spread": {"dmean": 2.65142202377, "dmean2": 4.24573707581, "dvar": 12.7329874039, "dvar2": 30.9512042999, "max": 64.5485153198, "mean": 14.4404277802, "median": 11.2721920013, "min": 0.103882648051, "var": 119.553771973}, "dissonance": {"dmean": 0.0308171119541, "dmean2": 0.05310786888, "dvar": 0.000926848151721, "dvar2": 0.00272871530615, "max": 0.499186575413, "mean": 0.414994984865, "median": 0.425546228886, "min": 0.145466566086, "var": 0.00297555257566}, "dynamic_complexity": 5.95635700226, "erbbands_crest": {"dmean": 2.56192684174, "dmean2": 4.20351648331, "dvar": 6.4415102005, "dvar2": 18.1691589355, "max": 30.9194049835, "mean": 12.9255723953, "median": 12.1135015488, "min": 2.6136534214, "var": 27.7449645996}, "erbbands_flatness_db": {"dmean": 0.0128485346213, "dmean2": 0.0201058201492, "dvar": 0.00016701844288, "dvar2": 0.000403598794946, "max": 0.537762641907, "mean": 0.200288742781, "median": 0.18538634479, "min": 0.0446360222995, "var": 0.0058906795457}, "erbbands_kurtosis": {"dmean": 1.37542259693, "dmean2": 2.2505698204, "dvar": 9.74354076385, "dvar2": 25.4847202301, "max": 133.397476196, "mean": 2.38004088402, "median": 0.710124254227, "min": -1.67844820023, "var": 45.807346344}, "erbbands_skewness": {"dmean": 0.325067937374, "dmean2": 0.515584588051, "dvar": 0.103055007756, "dvar2": 0.243079155684, "max": 7.2103934288, "mean": 0.754840195179, "median": 0.668178796768, "min": -2.72542595863, "var": 1.11987388134}, "erbbands_spread": {"dmean": 5.02597093582, "dmean2": 8.09300422668, "dvar": 29.6503734589, "dvar2": 74.4657287598, "max": 98.1511993408, "mean": 28.4167633057, "median": 25.4510250092, "min": 0.496809720993, "var": 278.266326904}, "hfc": {"dmean": 2.29493355751, "dmean2": 3.51735496521, "dvar": 10.640173912, "dvar2": 24.0034732819, "max": 90.4167327881, "mean": 12.1907405853, "median": 9.34642791748, "min": 1.0973901446e-16, "var": 142.762405396}, "melbands_crest": {"dmean": 2.4114048481, "dmean2": 3.82461452484, "dvar": 6.23312711716, "dvar2": 16.0748405457, "max": 33.2229003906, "mean": 15.7023191452, "median": 15.1508407593, "min": 1.79666161537, "var": 31.0078010559}, "melbands_flatness_db": {"dmean": 0.0168594103307, "dmean2": 0.0264557637274, "dvar": 0.000367357133655, "dvar2": 0.000848717230838, "max": 0.64884096384, "mean": 0.279768943787, "median": 0.25987419486, "min": 0.00370017299429, "var": 0.010741324164}, "melbands_kurtosis": {"dmean": 4.74395847321, "dmean2": 7.69284534454, "dvar": 69.9914093018, "dvar2": 194.778930664, "max": 197.183486938, "mean": 12.2877025604, "median": 7.32055473328, "min": -1.74545145035, "var": 338.229492188}, "melbands_skewness": {"dmean": 0.515022218227, "dmean2": 0.814114749432, "dvar": 0.304522484541, "dvar2": 0.778840661049, "max": 10.6359109879, "mean": 2.23013210297, "median": 2.03842139244, "min": -1.04051077366, "var": 2.32751083374}, "melbands_spread": {"dmean": 3.47071433067, "dmean2": 5.41800165176, "dvar": 34.907875061, "dvar2": 81.3776473999, "max": 150.283370972, "mean": 18.0802230835, "median": 12.1486301422, "min": 0.270132958889, "var": 357.487121582}, "pitch_salience": {"dmean": 0.0505256019533, "dmean2": 0.081847473979, "dvar": 0.00242598727345, "dvar2": 0.0062682046555, "max": 0.98921495676, "mean": 0.459309995174, "median": 0.453125447035, "min": 0.108214437962, "var": 0.010936498642}, "silence_rate_20dB": {"dmean": 0, "dmean2": 0, "dvar": 0, "dvar2": 0, "max": 1, "mean": 1, "median": 1, "min": 1, "var": 0}, "silence_rate_30dB": {"dmean": 0.0138888889924, "dmean2": 0.0277874264866, "dvar": 0.0136961694807, "dvar2": 0.0318776592612, "max": 1, "mean": 0.975008666515, "median": 1, "min": 0, "var": 0.0243670847267}, "silence_rate_60dB": {"dmean": 0.0125000001863, "dmean2": 0.0250086840242, "dvar": 0.0123438965529, "dvar2": 0.0250780899078, "max": 1, "mean": 0.177368968725, "median": 0, "min": 0, "var": 0.145909979939}, "spectral_centroid": {"dmean": 164.207000732, "dmean2": 269.726959229, "dvar": 112651.34375, "dvar2": 239436.5, "max": 11438.7900391, "mean": 1100.90161133, "median": 802.947631836, "min": 155.334365845, "var": 1405193.875}, "spectral_complexity": {"dmean": 1.27569448948, "dmean2": 2.16394591331, "dvar": 1.48163568974, "dvar2": 3.79738545418, "max": 23, "mean": 10.3359947205, "median": 11, "min": 0, "var": 24.14909935}, "spectral_decrease": {"dmean": 1.65578639688e-09, "dmean2": 2.64505573e-09, "dvar": 1.72186296812e-17, "dvar2": 4.74111372841e-17, "max": 5.30285859036e-25, "mean": -6.2277276669e-09, "median": -3.81688414208e-09, "min": -8.9409127213e-08, "var": 6.02078298098e-17}, "spectral_energy": {"dmean": 0.0064273183234, "dmean2": 0.0102556971833, "dvar": 0.000251167919487, "dvar2": 0.000690985762049, "max": 0.34097841382, "mean": 0.0246105790138, "median": 0.0152853913605, "min": 1.01944436722e-20, "var": 0.000893579097465}, "spectral_energyband_high": {"dmean": 8.04293449619e-05, "dmean2": 0.000139105890412, "dvar": 2.41827695646e-08, "dvar2": 7.07868395011e-08, "max": 0.00257730251178, "mean": 0.000248202151852, "median": 0.000127620267449, "min": 7.19299297011e-21, "var": 1.28615567974e-07}, "spectral_energyband_low": {"dmean": 0.00313038658351, "dmean2": 0.00528162159026, "dvar": 0.000204833268072, "dvar2": 0.000571229611523, "max": 0.296609669924, "mean": 0.00700986245647, "median": 0.0015731860185, "min": 1.97194526595e-23, "var": 0.000442805117927}, "spectral_energyband_middle_high": {"dmean": 0.000830925768241, "dmean2": 0.00117918255273, "dvar": 2.87848934022e-06, "dvar2": 5.29730868948e-06, "max": 0.052193518728, "mean": 0.0035187790636, "median": 0.00174756511115, "min": 1.23407370431e-21, "var": 3.14242679451e-05}, "spectral_energyband_middle_low": {"dmean": 0.00412908103317, "dmean2": 0.00636823568493, "dvar": 5.32115554961e-05, "dvar2": 0.000136923074024, "max": 0.136562734842, "mean": 0.0145867438987, "median": 0.00854318309575, "min": 1.86870028664e-22, "var": 0.00029455346521}, "spectral_entropy": {"dmean": 0.127454906702, "dmean2": 0.205196321011, "dvar": 0.0211809463799, "dvar2": 0.0512277297676, "max": 9.81473445892, "mean": 6.51330852509, "median": 6.60903215408, "min": 3.75072789192, "var": 0.481136977673}, "spectral_flux": {"dmean": 0.014526385814, "dmean2": 0.0243923664093, "dvar": 0.000516992004123, "dvar2": 0.00139517732896, "max": 0.398367226124, "mean": 0.0460933707654, "median": 0.0344592630863, "min": 6.49368059324e-11, "var": 0.00162808375899}, "spectral_kurtosis": {"dmean": 4.66359233856, "dmean2": 7.90115594864, "dvar": 115.182411194, "dvar2": 307.518707275, "max": 249.510574341, "mean": 16.5097427368, "median": 6.96094226837, "min": -1.24463307858, "var": 768.314819336}, "spectral_rms": {"dmean": 0.000498902692925, "dmean2": 0.000766671146266, "dvar": 6.30588033346e-07, "dvar2": 1.64112464063e-06, "max": 0.0182390213013, "mean": 0.00416214251891, "median": 0.00386168062687, "min": 3.1536960543e-12, "var": 6.68685515848e-06}, "spectral_rolloff": {"dmean": 241.645446777, "dmean2": 432.251647949, "dvar": 487746.34375, "dvar2": 1286850.875, "max": 19509.0820312, "mean": 1278.48583984, "median": 753.662109375, "min": 107.666015625, "var": 4616702.5}, "spectral_skewness": {"dmean": 0.358153313398, "dmean2": 0.608358860016, "dvar": 0.315450400114, "dvar2": 0.87811923027, "max": 12.7279014587, "mean": 2.63797736168, "median": 2.09712123871, "min": -0.0800034999847, "var": 2.92265892029}, "spectral_spread": {"dmean": 342827.5625, "dmean2": 580596.375, "dvar": 1413310840830.0, "dvar2": 2759093649410.0, "max": 43135768, "mean": 4153790, "median": 3876613, "min": 341692.15625, "var": 15513763708900.0}, "spectral_strongpeak": {"dmean": 0.404514223337, "dmean2": 0.67500025034, "dvar": 0.556408286095, "dvar2": 1.25356972218, "max": 12.0591545105, "mean": 1.27751541138, "median": 0.820980548859, "min": 0, "var": 2.52689433098}, "zerocrossingrate": {"dmean": 0.00524478498846, "dmean2": 0.00701198354363, "dvar": 0.000171209059772, "dvar2": 0.000316551129799, "max": 0.517578125, "mean": 0.0515464656055, "median": 0.0380859375, "min": 0.00390625, "var": 0.0034259702079}, "barkbands": {"dmean": [1.82451749424e-05, 0.0014839626383, 0.00188536837231, 0.000714867550414, 0.00269667268731, 0.000636085285805, 0.00123068888206, 0.000277931103483, 0.000447847560281, 0.000299999665003, 0.000167271064129, 0.000150262014358, 0.00022714206716, 0.000195542204892, 0.000113311296445, 3.00519586744e-05, 5.42434754607e-05, 6.35450633126e-05, 4.3848187488e-05, 4.52744170616e-05, 6.40737416688e-05, 2.4409568141e-05, 1.04829769043e-05, 7.22023105482e-06, 3.54690996573e-06, 2.47581556323e-06, 1.54949907483e-06], "dmean2": [3.02666867356e-05, 0.00242187292315, 0.0032269845251, 0.00118331040721, 0.00429359683767, 0.000894377590157, 0.00222050398588, 0.000345188222127, 0.00058760959655, 0.000421345961513, 0.000253667589277, 0.000226601827308, 0.000364680920029, 0.000251323188422, 0.000150322113768, 4.67815734737e-05, 9.29929447011e-05, 0.00010227245366, 7.48930760892e-05, 7.04479025444e-05, 0.000112589346827, 4.17164119426e-05, 1.80416736839e-05, 1.2066846466e-05, 5.77115906708e-06, 4.00254930355e-06, 2.4355874757e-06], "dvar": [7.11462666558e-10, 5.23405033164e-05, 7.38847156754e-05, 4.37472817794e-06, 3.83010919904e-05, 2.45110868491e-06, 9.68005861068e-06, 1.41398163578e-06, 1.08121150788e-06, 8.16043041141e-07, 4.70045023349e-07, 1.41669588061e-07, 5.8727113128e-07, 4.7954472393e-07, 2.85703606551e-07, 3.52073992183e-09, 2.84769630099e-08, 4.26496491457e-08, 8.65439275799e-09, 2.27559233679e-08, 1.66731464191e-08, 4.24856727577e-09, 6.81729894758e-10, 3.6400263359e-10, 6.87454468351e-11, 4.32255481408e-11, 1.58329061667e-11], "dvar2": [2.01710403935e-09, 0.000132673507323, 0.000218829824007, 1.2825680642e-05, 9.67533414951e-05, 4.65503353553e-06, 3.09576316795e-05, 1.62845356044e-06, 1.73533794623e-06, 1.6511476133e-06, 9.03691670828e-07, 2.94113959853e-07, 1.65675555763e-06, 5.85842769851e-07, 3.42514027807e-07, 8.43655190153e-09, 8.336736812e-08, 1.03881788505e-07, 2.45073614735e-08, 5.1613074703e-08, 4.93994676276e-08, 1.21293926014e-08, 1.84757764643e-09, 1.04018138547e-09, 1.86539256264e-10, 1.09526089587e-10, 3.53815275689e-11], "max": [0.000399420241592, 0.160224437714, 0.139013469219, 0.0399383157492, 0.0954731479287, 0.0385570190847, 0.0378388352692, 0.0492819994688, 0.0200294591486, 0.0194075666368, 0.022838935256, 0.0174600593746, 0.0233432855457, 0.0356476232409, 0.0209010131657, 0.00131656613667, 0.00365316332318, 0.0079858340323, 0.0015240390785, 0.00356302317232, 0.00188723031897, 0.00121260725427, 0.000556988466997, 0.000592586991843, 0.000237135740463, 0.00016189312737, 0.000107935302367], "mean": [4.57788846688e-05, 0.00312688201666, 0.00310875382274, 0.00155272847041, 0.00579044874758, 0.00261222920381, 0.00223143096082, 0.00114028039388, 0.00121324881911, 0.00080720364349, 0.000463661242975, 0.000300475483527, 0.00050083437236, 0.000740515359212, 0.000270393589744, 6.8395427661e-05, 8.71346128406e-05, 0.000143304569065, 7.5784882938e-05, 0.000100218123407, 0.000115135429951, 4.70247323392e-05, 2.31629546761e-05, 2.1631762138e-05, 1.17784948088e-05, 7.53535641707e-06, 4.65507355329e-06], "median": [2.31880731008e-05, 0.000502293696627, 0.000521861365996, 0.000164857017808, 0.00176695501432, 0.000592166674323, 0.000152509150212, 0.000101432415249, 0.000418086157879, 0.000206081342185, 1.94217518583e-05, 9.81974735623e-05, 8.39197891764e-05, 7.44941935409e-05, 2.1545587515e-05, 2.11500973819e-05, 1.67355065059e-05, 2.379416037e-05, 2.2790987714e-05, 1.28159499582e-05, 4.47530583187e-05, 1.86839188245e-05, 9.80252207228e-06, 9.28832287173e-06, 5.65625077797e-06, 3.26523218064e-06, 1.60736635735e-06], "min": [3.95758869723e-25, 6.54782082579e-24, 1.53706589154e-24, 2.3063046706e-24, 6.73089966467e-24, 8.49934122073e-24, 1.37327430736e-23, 1.88612429921e-23, 1.98576484683e-23, 2.09937911876e-23, 4.05873479575e-23, 4.04795958687e-23, 3.87571527921e-23, 4.70277503827e-23, 2.5745308679e-23, 8.78436692098e-23, 9.33125200104e-23, 9.74247951113e-23, 1.60201292031e-22, 2.04535615692e-22, 2.98969725516e-22, 3.20437697838e-22, 3.31041351556e-22, 6.26375097252e-22, 8.95505408032e-22, 1.34892811607e-21, 1.76676368046e-21], "var": [3.18394643983e-09, 0.000111508008558, 0.000117522038636, 1.3077074982e-05, 0.000110057546408, 2.24979739869e-05, 2.31564172282e-05, 1.43429988384e-05, 4.73497902931e-06, 3.5753728298e-06, 2.15662475966e-06, 7.45177487715e-07, 1.97644271793e-06, 7.79083711677e-06, 1.50251639752e-06, 1.57601238726e-08, 4.92421925458e-08, 2.44744967404e-07, 1.86825452886e-08, 1.0318081678e-07, 3.66238133154e-08, 7.3268844325e-09, 2.09387707173e-09, 2.12221773488e-09, 3.71916331066e-10, 2.3713592201e-10, 1.01908710637e-10]}, "erbbands": {"dmean": [0.0150451762602, 0.433827161789, 2.08401656151, 2.0322034359, 7.23519229889, 9.16076564789, 2.96525359154, 6.88248682022, 21.8899822235, 5.42624330521, 6.53107357025, 8.95053577423, 9.07545566559, 8.37263393402, 6.50460386276, 6.28715276718, 10.4885759354, 11.6802749634, 7.1132106781, 2.33165121078, 2.11650729179, 2.12642192841, 3.41570305824, 2.25514292717, 2.5303633213, 2.3134970665, 3.2423017025, 1.1104849577, 0.78785020113, 0.411524087191, 0.236823648214, 0.180197298527, 0.130610361695, 0.0495702885091, 0.0200355071574, 0.0123424064368, 0.00494309375063, 0.00124855875038, 0.000310320057906, 2.42200421781e-05], "dmean2": [0.0255233887583, 0.708848118782, 3.58738207817, 3.35011410713, 11.6746320724, 14.8983821869, 4.20944833755, 10.2952432632, 39.5888786316, 7.99768590927, 8.2140712738, 11.6452112198, 12.3766279221, 11.8366298676, 9.67851066589, 9.62706661224, 16.5238552094, 15.3022098541, 9.16417312622, 3.63358449936, 3.35983371735, 3.56343007088, 5.63382673264, 3.71620130539, 4.02607774734, 3.85599040985, 5.6683382988, 1.91403603554, 1.3220924139, 0.6827018857, 0.403741687536, 0.298894196749, 0.213830783963, 0.0810655802488, 0.032567769289, 0.0198832843453, 0.00789179466665, 0.00197184900753, 0.000497786793858, 3.88833395846e-05], "dvar": [0.00440566940233, 4.61281919479, 101.209068298, 42.1343955994, 308.420776367, 407.306915283, 33.5568313599, 272.773864746, 2877.49755859, 168.707397461, 496.959625244, 404.156524658, 619.900756836, 349.872802734, 421.681671143, 335.711212158, 1410.63964844, 1896.17358398, 1058.70300293, 35.1843490601, 16.9509906769, 42.6792984009, 84.3056335449, 29.5151157379, 46.8943634033, 55.3315391541, 54.9142189026, 12.4564247131, 2.95665311813, 1.04392659664, 0.226652741432, 0.362731456757, 0.104226760566, 0.0122859943658, 0.00201794249006, 0.00109549309127, 0.00015860790154, 1.67312209669e-05, 6.40308485345e-07, 1.64476887665e-09], "dvar2": [0.0128610618412, 11.7663469315, 289.452758789, 119.983932495, 840.758483887, 1035.19995117, 61.0958786011, 556.80847168, 9390.45117188, 324.443939209, 582.147949219, 595.448303223, 1105.32666016, 781.637573242, 755.274597168, 700.638305664, 4048.47265625, 2489.7734375, 1217.63647461, 77.5701370239, 41.67137146, 123.446380615, 213.399047852, 76.8149490356, 101.941360474, 148.720184326, 163.72819519, 35.9313964844, 8.0992231369, 2.82235789299, 0.627569258213, 1.08622217178, 0.261210441589, 0.0327618904412, 0.00553031172603, 0.00272187637165, 0.00037694798084, 3.79528210033e-05, 1.46500804021e-06, 4.31461621986e-09], "max": [1.27422833443, 47.9883918762, 191.802963257, 141.37210083, 347.891235352, 291.926452637, 141.853225708, 351.335418701, 620.254333496, 367.174682617, 919.216369629, 466.902984619, 450.874481201, 311.916900635, 713.514770508, 899.084350586, 1205.89331055, 2153.63525391, 1274.74621582, 151.371520996, 90.619934082, 135.511398315, 329.517852783, 166.577560425, 216.794952393, 138.780258179, 115.880874634, 73.8389816284, 27.2929077148, 22.7891216278, 7.45551729202, 14.9835968018, 7.12300682068, 2.87415552139, 1.34469461441, 0.723750650883, 0.350282102823, 0.120465554297, 0.0264640897512, 0.000984656973742], "mean": [0.0286763496697, 0.918664753437, 3.78797912598, 4.38554096222, 14.8536262512, 19.6964988708, 9.66418266296, 27.5633811951, 39.5375480652, 17.8754615784, 26.3799133301, 24.2562580109, 28.0542354584, 22.053068161, 18.4366569519, 13.5881004333, 24.6581420898, 43.7354736328, 18.5564250946, 4.90890741348, 4.81426477432, 3.90015101433, 7.36007642746, 5.10449790955, 5.90151882172, 4.66988277435, 5.75964832306, 2.33102917671, 1.76888382435, 0.987198531628, 0.543447613716, 0.442667037249, 0.329257160425, 0.148308321834, 0.0695768743753, 0.0380956158042, 0.0146593321115, 0.0034523550421, 0.000805705494713, 7.99724293756e-05], "median": [0.00616581551731, 0.14668931067, 0.647123754025, 0.768853127956, 3.12709236145, 5.09971141815, 4.40137910843, 6.85046720505, 7.63967418671, 3.31216263771, 5.91848897934, 9.49427509308, 7.745054245, 8.37730407715, 4.96129560471, 5.02243709564, 4.65761423111, 4.83817911148, 3.40735673904, 1.22125804424, 1.83831894398, 1.42925345898, 2.06683492661, 1.4225859642, 1.16845989227, 1.23425912857, 1.72403299809, 0.723948180676, 0.713054180145, 0.439902514219, 0.233108565211, 0.165339156985, 0.143242105842, 0.0702043548226, 0.0322320535779, 0.0166429337114, 0.00607872987166, 0.00144888076466, 0.000265165581368, 5.25038631167e-05], "min": [1.9654422753e-22, 6.49304721547e-22, 2.24136986602e-21, 6.92625630313e-21, 7.97823940302e-21, 2.48988230624e-20, 5.61797032109e-20, 1.04214856864e-19, 1.574239477e-19, 2.39626675434e-19, 4.58958474538e-19, 4.03620556847e-19, 7.09704421958e-19, 9.25985992554e-19, 1.46795969298e-18, 1.92478083622e-18, 1.78520382722e-18, 2.95151939193e-18, 3.04304010247e-18, 3.80507879422e-18, 4.35855816338e-18, 5.06521442478e-18, 6.57351251091e-18, 7.30520091201e-18, 9.3846122036e-18, 1.02415365766e-17, 1.08280250017e-17, 1.05446296151e-17, 8.77494286902e-18, 1.15642719952e-17, 1.02007085959e-17, 1.15897185523e-17, 1.01442154688e-17, 8.24087370652e-18, 6.91070731094e-18, 4.46949714559e-18, 2.52348403062e-18, 9.35564847445e-19, 2.62930111048e-19, 2.49580020191e-20], "var": [0.00819119811058, 9.70553779602, 175.268035889, 102.810211182, 999.317749023, 1079.69018555, 227.080307007, 2512.71435547, 5846.77490234, 1374.13122559, 5036.46875, 1842.35925293, 2826.61621094, 1348.54663086, 2104.67480469, 1895.21606445, 4438.69775391, 29209.3886719, 5458.31640625, 127.80493927, 73.4515075684, 81.3699035645, 431.789581299, 140.427963257, 283.143707275, 137.090560913, 120.955245972, 32.5862579346, 8.21712684631, 3.64203953743, 0.700081825256, 1.20831954479, 0.359622687101, 0.0586187578738, 0.0133430408314, 0.00577704701573, 0.00091495300876, 5.85172565479e-05, 3.26384088112e-06, 1.17213430073e-08]}, "gfcc": {"mean": [-93.5618896484, 107.095413208, -99.9393768311, 9.93388080597, -57.0372276306, 0.213044896722, -25.3289031982, -2.2266304493, -24.1894035339, -0.684496045113, -14.2518558502, -4.48025083542, -9.06498241425], "cov": [[39027.8046875, -730.685180664, -2743.25732422, 601.650939941, -1575.54345703, 173.932601929, -1241.46557617, -692.523803711, -1469.62670898, 141.89994812, -254.668365479, 36.68567276, -318.998840332], [-730.685180664, 3326.74975586, 1.45335900784, -468.69934082, 411.637878418, -345.934783936, -76.0862884521, -157.718414307, 310.993041992, -94.0573348999, 116.698928833, -109.93460083, 310.116882324], [-2743.25732422, 1.45335900784, 749.828369141, 227.699874878, 91.9863739014, 107.585762024, 143.378768921, 93.5931091309, 116.117477417, 10.4238023758, -61.5543518066, -47.7081108093, -88.3841552734], [601.650939941, -468.69934082, 227.699874878, 552.975402832, 80.6371002197, 159.265548706, 24.5056991577, 63.8915405273, -62.7997398376, 71.9808120728, -74.2323150635, -69.4708480835, -132.741348267], [-1575.54345703, 411.637878418, 91.9863739014, 80.6371002197, 407.797058105, -3.86598920822, 25.4566860199, -20.2056255341, 63.0092658997, -12.5195121765, 19.1592502594, -33.6560935974, 53.874961853], [173.932601929, -345.934783936, 107.585762024, 159.265548706, -3.86598920822, 241.173095703, 126.476364136, 103.216560364, -13.1402463913, 12.9031686783, -70.5802764893, -8.55876255035, -68.9445037842], [-1241.46557617, -76.0862884521, 143.378768921, 24.5056991577, 25.4566860199, 126.476364136, 294.830566406, 197.354019165, 97.6338195801, 3.48015642166, -35.5576934814, -25.6917095184, -21.563741684], [-692.523803711, -157.718414307, 93.5931091309, 63.8915405273, -20.2056255341, 103.216560364, 197.354019165, 258.888549805, 131.81022644, 44.4613456726, -43.8910255432, -25.9716854095, -48.5730628967], [-1469.62670898, 310.993041992, 116.117477417, -62.7997398376, 63.0092658997, -13.1402463913, 97.6338195801, 131.81022644, 241.84286499, 61.6647529602, 18.3177890778, -46.9234924316, 7.37955856323], [141.89994812, -94.0573348999, 10.4238023758, 71.9808120728, -12.5195121765, 12.9031686783, 3.48015642166, 44.4613456726, 61.6647529602, 146.083007812, 45.7835083008, -27.6985874176, -59.1806030273], [-254.668365479, 116.698928833, -61.5543518066, -74.2323150635, 19.1592502594, -70.5802764893, -35.5576934814, -43.8910255432, 18.3177890778, 45.7835083008, 154.399429321, 54.1883087158, 34.3279953003], [36.68567276, -109.93460083, -47.7081108093, -69.4708480835, -33.6560935974, -8.55876255035, -25.6917095184, -25.9716854095, -46.9234924316, -27.6985874176, 54.1883087158, 139.621902466, 62.6097946167], [-318.998840332, 310.116882324, -88.3841552734, -132.741348267, 53.874961853, -68.9445037842, -21.563741684, -48.5730628967, 7.37955856323, -59.1806030273, 34.3279953003, 62.6097946167, 168.837875366]], "icov": [[8.01007045084e-05, -0.000121513228805, 0.000286644382868, -0.000195032785996, 0.000303760141833, -0.000198504829314, 0.000193215848412, -5.92924770899e-05, 0.000337191275321, -0.000178958420292, 0.0001534052426, -6.39509162284e-05, 0.000115942399134], [-0.000121513228805, 0.000781099835876, -0.00052936328575, 0.000562689034268, -0.000787837838288, 0.000510020530783, -0.000189413971384, 0.0003968886449, -0.00114254769869, 0.000593299861066, -0.000504775031004, 0.000983598292805, -0.000953578797635], [0.000286644382868, -0.00052936328575, 0.00327338138595, -0.00200552679598, 0.00115544826258, -0.000599523133133, -0.000710470369086, 0.00153298047371, -0.00111789489165, 0.000403874320909, 0.00121697806753, -0.00160705111921, 0.00192641525064], [-0.000195032785996, 0.000562689034268, -0.00200552679598, 0.00480072339997, -0.00223696115427, -0.000939223100431, 0.00139000429772, -0.00227364734747, 0.0023950629402, -0.00183340162039, -0.000109613087261, 0.00205727899447, -0.000311770359986], [0.000303760141833, -0.000787837838288, 0.00115544826258, -0.00223696115427, 0.00484014907852, -0.00113042152952, -5.43336536794e-05, 0.00123626634013, -0.00021981120517, 0.000320728460792, -0.000323506188579, 0.000341215956723, -0.000728922314011], [-0.000198504829314, 0.000510020530783, -0.000599523133133, -0.000939223100431, -0.00113042152952, 0.00902666803449, -0.00399324670434, 0.00023391302966, -0.000145271289512, -0.000537054089364, 0.00274295918643, -0.00248666596599, 0.00142243225127], [0.000193215848412, -0.000189413971384, -0.000710470369086, 0.00139000429772, -5.43336536794e-05, -0.00399324670434, 0.0104034189135, -0.00783758517355, 0.0024961088784, 0.00113202619832, -0.00216329540126, 0.00302265328355, -0.00149885518476], [-5.92924770899e-05, 0.0003968886449, 0.00153298047371, -0.00227364734747, 0.00123626634013, 0.00023391302966, -0.00783758517355, 0.0148946261033, -0.00845379475504, -0.000324066204485, 0.0034789564088, -0.00385207519867, 0.00213601440191], [0.000337191275321, -0.00114254769869, -0.00111789489165, 0.0023950629402, -0.00021981120517, -0.000145271289512, 0.0024961088784, -0.00845379475504, 0.0147329624742, -0.00581112457439, -0.00057691463735, 0.00354138668627, -0.00194575847127], [-0.000178958420292, 0.000593299861066, 0.000403874320909, -0.00183340162039, 0.000320728460792, -0.000537054089364, 0.00113202619832, -0.000324066204485, -0.00581112457439, 0.0145558016375, -0.00660634692758, 0.00208696932532, 0.00299716112204], [0.0001534052426, -0.000504775031004, 0.00121697806753, -0.000109613087261, -0.000323506188579, 0.00274295918643, -0.00216329540126, 0.0034789564088, -0.00057691463735, -0.00660634692758, 0.0135536668822, -0.00708327116445, 0.00129629741423], [-6.39509162284e-05, 0.000983598292805, -0.00160705111921, 0.00205727899447, 0.000341215956723, -0.00248666596599, 0.00302265328355, -0.00385207519867, 0.00354138668627, 0.00208696932532, -0.00708327116445, 0.015581577085, -0.00675894273445], [0.000115942399134, -0.000953578797635, 0.00192641525064, -0.000311770359986, -0.000728922314011, 0.00142243225127, -0.00149885518476, 0.00213601440191, -0.00194575847127, 0.00299716112204, 0.00129629741423, -0.00675894273445, 0.0132717071101]]}, "melbands": {"dmean": [0.000274468940916, 0.000885135261342, 0.000419163989136, 0.000735087960493, 0.000124664002215, 0.000151957894559, 0.000303537788568, 5.26281219209e-05, 5.57519379072e-05, 5.87143367738e-05, 4.83303956571e-05, 3.79173798137e-05, 2.56381572399e-05, 1.79369253601e-05, 1.92637344298e-05, 2.50772682193e-05, 1.97781373572e-05, 1.07266587293e-05, 5.30046418135e-06, 2.1246387405e-06, 2.7782593861e-06, 1.90223317986e-06, 2.87973125523e-06, 4.77960838907e-06, 1.50577591285e-06, 2.09720428757e-06, 1.98556654141e-06, 1.21679317999e-06, 2.87892089545e-06, 5.2726869626e-07, 8.48616195981e-07, 4.42425147185e-07, 4.64394531718e-07, 2.54805115674e-07, 1.63613549375e-07, 1.15036193904e-07, 1.03773807325e-07, 9.62925881254e-08, 6.91856811841e-08, 5.83250248098e-08], "dmean2": [0.000453378132079, 0.0015047279885, 0.000691596360411, 0.00116313970648, 0.000186918055988, 0.000226880321861, 0.000546346942428, 6.67924250592e-05, 7.06480714143e-05, 7.80581613071e-05, 6.61867743474e-05, 5.37402447662e-05, 3.83532533306e-05, 2.71387179964e-05, 3.15763209073e-05, 3.64121806342e-05, 2.5912619094e-05, 1.39664834933e-05, 7.27710494175e-06, 3.48394701177e-06, 4.41975453214e-06, 3.15028000841e-06, 5.06060905536e-06, 7.70189762989e-06, 2.49674462793e-06, 3.51251628672e-06, 3.04726154354e-06, 2.03300123758e-06, 5.0667740652e-06, 8.9355756927e-07, 1.46099171161e-06, 7.51619211314e-07, 7.6684028727e-07, 4.33453180904e-07, 2.79412574855e-07, 1.94239717644e-07, 1.71237431346e-07, 1.58363903324e-07, 1.09033415185e-07, 9.63795159237e-08], "dvar": [1.66393192558e-06, 1.8904429453e-05, 1.36601056511e-06, 2.94717551697e-06, 4.41735750201e-08, 1.1915616227e-07, 5.50088373075e-07, 2.90803221503e-08, 2.3234417057e-08, 1.90919262621e-08, 1.7957328069e-08, 8.31893398612e-09, 9.92794468857e-09, 1.82821224826e-09, 4.46845405122e-09, 6.06588823615e-09, 5.42506972678e-09, 2.33749464229e-09, 4.49032450112e-10, 2.1441201245e-11, 3.20454808522e-11, 2.61420867592e-11, 1.24465174278e-10, 2.55545307137e-10, 1.50677959693e-11, 2.02838371099e-11, 4.75742951977e-11, 2.05603502973e-11, 5.01922114982e-11, 1.70512649139e-12, 9.71933991623e-12, 1.37782645536e-12, 1.13210016448e-12, 8.10461506934e-13, 1.3861013845e-13, 9.04127440233e-14, 1.12083682179e-13, 4.63430495693e-14, 4.37769869725e-14, 1.93216448429e-14], "dvar2": [4.46616513727e-06, 5.22256523254e-05, 3.98210931962e-06, 7.39373126635e-06, 9.53029015704e-08, 2.39733594753e-07, 1.77679294211e-06, 3.74105866285e-08, 2.87577162084e-08, 3.07420435774e-08, 3.2401427319e-08, 1.856957077e-08, 1.83196071646e-08, 3.8999217189e-09, 1.32205739689e-08, 1.17950476053e-08, 7.09889125261e-09, 2.65420729839e-09, 6.00948846241e-10, 5.61721780201e-11, 8.01891539282e-11, 7.22042495238e-11, 3.67766622711e-10, 6.26947549431e-10, 4.1915665383e-11, 5.44255092383e-11, 9.55820977921e-11, 5.50954247502e-11, 1.51506793222e-10, 4.76434083158e-12, 2.81693401244e-11, 3.96277368558e-12, 2.88392335186e-12, 2.22972877141e-12, 3.84356852986e-13, 2.61439253493e-13, 3.33124993519e-13, 1.17588528975e-13, 1.07173953956e-13, 5.21691149752e-14], "max": [0.0264788456261, 0.0901518315077, 0.0230704583228, 0.0260045584291, 0.00458992505446, 0.00763192633167, 0.00900488719344, 0.00636892579496, 0.00601373892277, 0.00283722276799, 0.00253831990995, 0.00166655646171, 0.00342689151876, 0.00188414298464, 0.00200139870867, 0.00295841111802, 0.00365063059144, 0.00188631506171, 0.000789780693594, 7.24089259165e-05, 0.000116304800031, 8.33101075841e-05, 0.000272076140391, 0.000616636883933, 7.64936048654e-05, 7.52081905375e-05, 0.000215696694795, 8.76108751982e-05, 0.000108796441054, 3.64576117136e-05, 6.94300833857e-05, 2.18775621761e-05, 2.20508554776e-05, 2.04397856578e-05, 5.6895050875e-06, 6.50389301882e-06, 7.86778036854e-06, 3.91484081774e-06, 5.04867921336e-06, 3.52183201358e-06], "mean": [0.00055279280059, 0.00178157200571, 0.000958297343459, 0.00153405824676, 0.000372234469978, 0.000587668910157, 0.000570038973819, 0.000207044402487, 0.000205780437682, 0.000155968984473, 0.000146358011989, 9.8554926808e-05, 7.25790887373e-05, 3.59644654964e-05, 3.64542465832e-05, 7.74035652285e-05, 7.30601823307e-05, 2.65729140665e-05, 1.26400418594e-05, 3.7191764477e-06, 6.0060647229e-06, 3.22624327964e-06, 4.57733767689e-06, 1.04229384306e-05, 3.01779891743e-06, 3.93371692553e-06, 4.56738871435e-06, 2.21511459131e-06, 4.8190599955e-06, 9.66071524999e-07, 1.62471678777e-06, 9.05505942228e-07, 9.25849860778e-07, 5.24848417172e-07, 3.23591649476e-07, 2.64063089617e-07, 2.27463473834e-07, 2.2289164292e-07, 1.61187642789e-07, 1.37537710998e-07], "median": [0.000103993006633, 0.000304190063616, 0.00019258564862, 0.000314449192956, 0.000185970391612, 0.000145462778164, 0.00010230186308, 3.4950538975e-05, 5.04205927427e-05, 5.29971875949e-05, 3.77557153115e-05, 3.3536398405e-05, 8.81327832758e-06, 1.33149515023e-05, 4.5069295993e-06, 9.27300970943e-06, 6.38833807898e-06, 3.3117160001e-06, 1.12413772513e-06, 1.13615135433e-06, 1.60655713444e-06, 7.53771644213e-07, 7.63669959269e-07, 1.16698197417e-06, 6.45278987577e-07, 9.15761518172e-07, 5.96542065523e-07, 3.20755560779e-07, 9.25700305743e-07, 3.50597787246e-07, 1.83159926337e-07, 3.89222748254e-07, 2.41480819341e-07, 9.91472930423e-08, 1.13018323589e-07, 1.0425289787e-07, 4.50290968956e-08, 8.72111201033e-08, 4.78406114723e-08, 5.89031046161e-08], "min": [2.17613473263e-24, 7.9279372196e-25, 1.71135780601e-24, 1.80842418217e-24, 2.06450243429e-24, 2.23560971729e-24, 2.7394039015e-24, 3.02350840942e-24, 3.75395475626e-24, 2.27761813822e-24, 3.35944581199e-24, 2.35829159033e-24, 4.92496157764e-24, 4.27705118352e-24, 4.0628009004e-24, 4.08473833331e-24, 4.38665551769e-24, 4.30006067841e-24, 2.29984547751e-24, 5.40783162077e-24, 4.15805427698e-24, 4.39506595824e-24, 5.81660198691e-24, 4.60328500531e-24, 5.19454138137e-24, 5.67617370173e-24, 4.63557268773e-24, 6.32584562225e-24, 4.85670104908e-24, 6.60740467325e-24, 5.66718265956e-24, 4.235187913e-24, 5.67067139692e-24, 5.18676479056e-24, 6.54544241016e-24, 5.06767164299e-24, 6.18426086698e-24, 7.01402973217e-24, 6.07778397187e-24, 7.35869805002e-24], "var": [3.2363743685e-06, 3.66135245713e-05, 4.23616120315e-06, 8.3079075921e-06, 2.58548965348e-07, 1.09239738322e-06, 1.2160580809e-06, 2.84184636712e-07, 2.27150394494e-07, 8.06430264788e-08, 8.20204277829e-08, 3.21381286028e-08, 4.78536286153e-08, 8.9788816382e-09, 1.09960893724e-08, 6.24502263236e-08, 8.38479579102e-08, 1.19342171701e-08, 2.46808817828e-09, 3.96092637855e-11, 1.34833352816e-10, 5.20314936969e-11, 2.22088680779e-10, 1.44047906936e-09, 4.35249128405e-11, 6.23171236835e-11, 2.95851343424e-10, 4.73418214353e-11, 1.04383023058e-10, 3.06679399757e-12, 2.47273191506e-11, 2.8806592528e-12, 2.73086479645e-12, 2.40021262414e-12, 3.11802504389e-13, 2.8805552236e-13, 3.56446995401e-13, 1.47149938176e-13, 1.39182095753e-13, 5.63969850638e-14]}, "mfcc": {"mean": [-736.695739746, 143.871414185, 15.3188829422, 12.3059282303, -8.88550567627, 1.49367082119, 1.38435661793, -2.29676890373, -1.76866805553, -0.828410506248, -0.294781476259, -4.49451541901, -7.3672246933], "cov": [[15231.515625, 1950.93884277, -494.716003418, 607.092651367, -329.390960693, 209.136260986, 117.172653198, -354.670440674, -432.485473633, -254.496047974, -87.390625, -213.397857666, -328.077636719], [1950.93884277, 2921.59350586, -64.2252960205, 8.70407581329, 216.230316162, -34.3243370056, -184.317367554, -111.620887756, 47.0177536011, -29.499332428, -158.274398804, -81.0205764771, -30.5446910858], [-494.716003418, -64.2252960205, 406.652557373, 37.0759544373, -18.7393760681, 6.82133388519, 3.87364840508, 43.4696960449, 53.2232055664, 42.1224327087, 61.9258575439, 74.4681167603, 34.5614929199], [607.092651367, 8.70407581329, 37.0759544373, 426.202941895, 127.03653717, 109.325759888, 80.8544998169, -59.524181366, -31.5725154877, 43.1625671387, 74.3693771362, 0.0444500297308, -46.6595115662], [-329.390960693, 216.230316162, -18.7393760681, 127.03653717, 261.095153809, 93.5168914795, -4.05131959915, -14.4317750931, 28.9574146271, 3.96950554848, -15.9592599869, 0.240200698376, -9.04639148712], [209.136260986, -34.3243370056, 6.82133388519, 109.325759888, 93.5168914795, 156.603866577, 80.0258178711, 15.3136730194, 17.0310211182, -3.77287197113, -14.5175075531, 7.87656736374, -2.17951989174], [117.172653198, -184.317367554, 3.87364840508, 80.8544998169, -4.05131959915, 80.0258178711, 179.747833252, 84.6899719238, 28.9849720001, 38.8881874084, 48.2499580383, 6.43507289886, -27.1587257385], [-354.670440674, -111.620887756, 43.4696960449, -59.524181366, -14.4317750931, 15.3136730194, 84.6899719238, 202.304229736, 126.036643982, 54.3926544189, 15.2346973419, 9.53271961212, 13.7552547455], [-432.485473633, 47.0177536011, 53.2232055664, -31.5725154877, 28.9574146271, 17.0310211182, 28.9849720001, 126.036643982, 228.109237671, 131.491958618, 30.0217342377, 5.35566329956, -12.147772789], [-254.496047974, -29.499332428, 42.1224327087, 43.1625671387, 3.96950554848, -3.77287197113, 38.8881874084, 54.3926544189, 131.491958618, 246.905548096, 163.135238647, 11.1714706421, -29.6898326874], [-87.390625, -158.274398804, 61.9258575439, 74.3693771362, -15.9592599869, -14.5175075531, 48.2499580383, 15.2346973419, 30.0217342377, 163.135238647, 262.680938721, 60.1096954346, -50.4906311035], [-213.397857666, -81.0205764771, 74.4681167603, 0.0444500297308, 0.240200698376, 7.87656736374, 6.43507289886, 9.53271961212, 5.35566329956, 11.1714706421, 60.1096954346, 143.463928223, 71.2910232544], [-328.077636719, -30.5446910858, 34.5614929199, -46.6595115662, -9.04639148712, -2.17951989174, -27.1587257385, 13.7552547455, -12.147772789, -29.6898326874, -50.4906311035, 71.2910232544, 199.118209839]], "icov": [[0.000113948874059, -0.000108731284854, 0.000145186844748, -0.00021870501223, 0.000470691360533, -0.000368808337953, 9.73444184638e-05, -3.49286019627e-05, 0.000116901625006, 7.83053328632e-05, -3.90381173929e-05, -1.43029055835e-05, 0.000141686599818], [-0.000108731284854, 0.000515540072229, -0.000143589553772, 0.000196052045794, -0.000812529004179, 0.000580906518735, 0.000119511685625, 0.00022505299421, -0.000272752688034, -0.000182107934961, 0.000321405736031, 6.48617424304e-05, -4.45229816251e-05], [0.000145186844748, -0.000143589553772, 0.00318211689591, -0.000933505012654, 0.00129695655778, -0.000890666793566, 0.00109372194856, -0.000777202018071, -0.000508764933329, 0.000414433510741, -0.000549644522835, -0.00127273227554, 4.52188614872e-05], [-0.00021870501223, 0.000196052045794, -0.000933505012654, 0.00452744076028, -0.0025404675398, -0.000474207423395, -0.0022579790093, 0.00205259420909, 0.000344693107763, -0.000649907044135, -0.000735391105991, 0.000705296231899, -0.000192578081624], [0.000470691360533, -0.000812529004179, 0.00129695655778, -0.0025404675398, 0.00851847045124, -0.00570048531517, 0.00329185067676, -0.000887373404112, -0.000456487498013, 0.000660921155941, -0.000347532652086, -0.000525421230122, 0.000836069928482], [-0.000368808337953, 0.000580906518735, -0.000890666793566, -0.000474207423395, -0.00570048531517, 0.0146255586296, -0.00706881843507, 0.00216757832095, -0.00184036116116, 0.000298086757539, 0.0022530250717, -0.000837380997837, -0.000884586188477], [9.73444184638e-05, 0.000119511685625, 0.00109372194856, -0.0022579790093, 0.00329185067676, -0.00706881843507, 0.0134326266125, -0.00688646314666, 0.00254240864888, -0.000856500060763, -0.00103985553142, -0.000616055505816, 0.00182410469279], [-3.49286019627e-05, 0.00022505299421, -0.000777202018071, 0.00205259420909, -0.000887373404112, 0.00216757832095, -0.00688646314666, 0.0122636146843, -0.00683421688154, 0.00210512010381, -0.00086169684073, 0.00129893538542, -0.00199680728838], [0.000116901625006, -0.000272752688034, -0.000508764933329, 0.000344693107763, -0.000456487498013, -0.00184036116116, 0.00254240864888, -0.00683421688154, 0.0126268900931, -0.00781307742, 0.00405240245163, -0.00206213654019, 0.00246909935959], [7.83053328632e-05, -0.000182107934961, 0.000414433510741, -0.000649907044135, 0.000660921155941, 0.000298086757539, -0.000856500060763, 0.00210512010381, -0.00781307742, 0.0131016978994, -0.00842370837927, 0.00362878269516, -0.00231044413522], [-3.90381173929e-05, 0.000321405736031, -0.000549644522835, -0.000735391105991, -0.000347532652086, 0.0022530250717, -0.00103985553142, -0.00086169684073, 0.00405240245163, -0.00842370837927, 0.0115092676133, -0.00583222601563, 0.00383237819187], [-1.43029055835e-05, 6.48617424304e-05, -0.00127273227554, 0.000705296231899, -0.000525421230122, -0.000837380997837, -0.000616055505816, 0.00129893538542, -0.00206213654019, 0.00362878269516, -0.00583222601563, 0.0125517081469, -0.0053917770274], [0.000141686599818, -4.45229816251e-05, 4.52188614872e-05, -0.000192578081624, 0.000836069928482, -0.000884586188477, 0.00182410469279, -0.00199680728838, 0.00246909935959, -0.00231044413522, 0.00383237819187, -0.0053917770274, 0.00831917952746]]}, "spectral_contrast_coeffs": {"dmean": [0.042514629662, 0.0356636755168, 0.0302691329271, 0.028441214934, 0.0204742923379, 0.015337924473], "dmean2": [0.0705389156938, 0.0582928098738, 0.0482310168445, 0.046335209161, 0.034362975508, 0.0262336712331], "dvar": [0.00134915742092, 0.000900271465071, 0.000737129128538, 0.000655538635328, 0.000319092941936, 0.000252870551776], "dvar2": [0.00358528154902, 0.00238947384059, 0.00174105970655, 0.00174861983396, 0.000869503011927, 0.000724108598661], "max": [-0.294647485018, -0.384059369564, -0.392964035273, -0.394047141075, -0.491277009249, -0.598265528679], "mean": [-0.616420090199, -0.655223846436, -0.688870549202, -0.706791043282, -0.701243340969, -0.738158226013], "median": [-0.616016209126, -0.649709880352, -0.691101670265, -0.716153025627, -0.694372832775, -0.725996136665], "min": [-0.984894871712, -0.988875865936, -0.995398640633, -0.971534907818, -0.968097448349, -0.965774297714], "var": [0.0133443977684, 0.0104027437046, 0.00762414792553, 0.00859781634063, 0.00711171934381, 0.0037593904417]}, "spectral_contrast_valleys": {"dmean": [0.356529444456, 0.291598945856, 0.288709819317, 0.248066097498, 0.173362419009, 0.153945192695], "dmean2": [0.589124798775, 0.465746968985, 0.475203901529, 0.407436728477, 0.281355559826, 0.249786689878], "dvar": [0.154590368271, 0.156284466386, 0.161908432841, 0.149565443397, 0.136447682977, 0.125387713313], "dvar2": [0.3079687953, 0.2727