{"lowlevel": {"average_loudness": 0.881541669369, "barkbands_crest": {"dmean": 1.86905026436, "dmean2": 2.86661052704, "dvar": 2.58337187767, "dvar2": 6.19137763977, "max": 23.8628673553, "mean": 9.53310012817, "median": 8.82229995728, "min": 3.20251369476, "var": 11.6081142426}, "barkbands_flatness_db": {"dmean": 0.0167201086879, "dmean2": 0.0241835713387, "dvar": 0.000261886627413, "dvar2": 0.000512491038535, "max": 0.354277402163, "mean": 0.147926151752, "median": 0.143748596311, "min": 0.0313930138946, "var": 0.00193945458159}, "barkbands_kurtosis": {"dmean": 1.43382143974, "dmean2": 2.21189117432, "dvar": 2.23035931587, "dvar2": 5.19532203674, "max": 29.8382301331, "mean": 2.3797211647, "median": 1.63708400726, "min": -1.8005040884, "var": 8.5435552597}, "barkbands_skewness": {"dmean": 0.362815618515, "dmean2": 0.553287506104, "dvar": 0.103517435491, "dvar2": 0.236980885267, "max": 4.51410102844, "mean": 1.25305354595, "median": 1.22016096115, "min": -1.77350151539, "var": 0.435081005096}, "barkbands_spread": {"dmean": 3.12235641479, "dmean2": 4.69983100891, "dvar": 11.283744812, "dvar2": 25.1869297028, "max": 68.0489730835, "mean": 15.9671363831, "median": 14.9449539185, "min": 1.72122836113, "var": 46.0370407104}, "dissonance": {"dmean": 0.0220562312752, "dmean2": 0.0365994647145, "dvar": 0.000380882032914, "dvar2": 0.00103712023702, "max": 0.500000119209, "mean": 0.440224766731, "median": 0.446419835091, "min": 0.247201949358, "var": 0.00119605241343}, "dynamic_complexity": 2.10502171516, "erbbands_crest": {"dmean": 2.45100212097, "dmean2": 3.82291793823, "dvar": 4.83041000366, "dvar2": 11.4233980179, "max": 30.0622253418, "mean": 9.82973766327, "median": 8.95037460327, "min": 2.6217622757, "var": 16.1087284088}, "erbbands_flatness_db": {"dmean": 0.0187062863261, "dmean2": 0.0259781759232, "dvar": 0.000409196130931, "dvar2": 0.000696258211974, "max": 0.38281711936, "mean": 0.197005212307, "median": 0.196276709437, "min": 0.0498605743051, "var": 0.00229242141359}, "erbbands_kurtosis": {"dmean": 0.696349024773, "dmean2": 1.07513260841, "dvar": 0.646268785, "dvar2": 1.43261909485, "max": 24.2587203979, "mean": 0.171583905816, "median": -0.222469568253, "min": -1.67268681526, "var": 2.08145451546}, "erbbands_skewness": {"dmean": 0.301755934954, "dmean2": 0.453790217638, "dvar": 0.0622899867594, "dvar2": 0.141929000616, "max": 4.35299110413, "mean": 0.551373898983, "median": 0.498581826687, "min": -2.21539664268, "var": 0.291078925133}, "erbbands_spread": {"dmean": 5.57953357697, "dmean2": 8.29601573944, "dvar": 31.3322582245, "dvar2": 64.7350234985, "max": 102.453651428, "mean": 30.0091342926, "median": 28.9167823792, "min": 4.51293563843, "var": 119.066864014}, "hfc": {"dmean": 4.39209365845, "dmean2": 6.8524851799, "dvar": 32.0959129333, "dvar2": 78.2965698242, "max": 123.927528381, "mean": 20.5880908966, "median": 19.4926929474, "min": 1.17722756592e-16, "var": 124.671463013}, "melbands_crest": {"dmean": 2.56613636017, "dmean2": 4.03210258484, "dvar": 5.50209331512, "dvar2": 14.3113822937, "max": 29.2249469757, "mean": 12.6010131836, "median": 11.9468402863, "min": 2.36930060387, "var": 16.3019008636}, "melbands_flatness_db": {"dmean": 0.0168605577201, "dmean2": 0.0253036618233, "dvar": 0.000235082305153, "dvar2": 0.000535043189302, "max": 0.437087744474, "mean": 0.208453670144, "median": 0.205120429397, "min": 0.00856449175626, "var": 0.00173433253076}, "melbands_kurtosis": {"dmean": 3.15938520432, "dmean2": 4.88233613968, "dvar": 12.5006866455, "dvar2": 29.1230487823, "max": 66.1117172241, "mean": 6.93330335617, "median": 5.35212373734, "min": -1.48463714123, "var": 39.3752479553}, "melbands_skewness": {"dmean": 0.479689389467, "dmean2": 0.724385917187, "dvar": 0.189370453358, "dvar2": 0.43400490284, "max": 7.32384252548, "mean": 2.03495430946, "median": 1.95244121552, "min": -0.799222052097, "var": 0.750882983208}, "melbands_spread": {"dmean": 3.9342315197, "dmean2": 6.07787752151, "dvar": 15.7351922989, "dvar2": 37.4695129395, "max": 139.634216309, "mean": 17.7021903992, "median": 16.7142181396, "min": 1.83187007904, "var": 56.663936615}, "pitch_salience": {"dmean": 0.0523810014129, "dmean2": 0.0825947597623, "dvar": 0.001980565954, "dvar2": 0.00477576442063, "max": 0.978516161442, "mean": 0.526545166969, "median": 0.526343882084, "min": 0.213748946786, "var": 0.00660389382392}, "silence_rate_20dB": {"dmean": 0, "dmean2": 0, "dvar": 0, "dvar2": 0, "max": 1, "mean": 1, "median": 1, "min": 1, "var": 0}, "silence_rate_30dB": {"dmean": 0.000974421447609, "dmean2": 0.00194900110364, "dvar": 0.000973475223873, "dvar2": 0.00243246508762, "max": 1, "mean": 0.999269247055, "median": 1, "min": 0, "var": 0.00073026336031}, "silence_rate_60dB": {"dmean": 0.000649614317808, "dmean2": 0.0012993341079, "dvar": 0.000649246620014, "dvar2": 0.00129786308389, "max": 1, "mean": 0.00876908097416, "median": 0, "min": 0, "var": 0.00869158096611}, "spectral_centroid": {"dmean": 152.197921753, "dmean2": 234.685317993, "dvar": 29134.6992188, "dvar2": 61934.2265625, "max": 10716.3808594, "mean": 1050.35583496, "median": 1001.01403809, "min": 376.504577637, "var": 131227.265625}, "spectral_complexity": {"dmean": 2.24522948265, "dmean2": 3.66720795631, "dvar": 4.01693201065, "dvar2": 10.1587505341, "max": 43, "mean": 19.1173267365, "median": 19, "min": 0, "var": 32.028755188}, "spectral_decrease": {"dmean": 1.75953018822e-09, "dmean2": 2.74521694266e-09, "dvar": 7.08822068399e-18, "dvar2": 1.87339567346e-17, "max": 6.52940866994e-29, "mean": -7.50509698833e-09, "median": -6.92515733647e-09, "min": -4.14998382325e-08, "var": 1.8523578235e-17}, "spectral_energy": {"dmean": 0.00696467468515, "dmean2": 0.0108586866409, "dvar": 0.000107968582597, "dvar2": 0.000284563662717, "max": 0.16117952764, "mean": 0.0301933605224, "median": 0.0279855448753, "min": 1.04313662942e-20, "var": 0.000290559604764}, "spectral_energyband_high": {"dmean": 0.000180770861334, "dmean2": 0.000270431191893, "dvar": 1.94168620737e-07, "dvar2": 4.42051231175e-07, "max": 0.00931721460074, "mean": 0.000413645204389, "median": 0.000241708010435, "min": 7.27865867009e-21, "var": 3.53531504516e-07}, "spectral_energyband_low": {"dmean": 0.00215303781442, "dmean2": 0.00367370131426, "dvar": 4.69564620289e-05, "dvar2": 0.000125910300994, "max": 0.0791395306587, "mean": 0.00324082421139, "median": 0.00120669766329, "min": 8.76415693567e-23, "var": 4.3599637138e-05}, "spectral_energyband_middle_high": {"dmean": 0.00212064292282, "dmean2": 0.0031899807509, "dvar": 6.2642411649e-06, "dvar2": 1.34412102852e-05, "max": 0.0418559983373, "mean": 0.00686428928748, "median": 0.00539605598897, "min": 1.42993456373e-21, "var": 2.63199563051e-05}, "spectral_energyband_middle_low": {"dmean": 0.00534993037581, "dmean2": 0.00815845374018, "dvar": 4.18770032411e-05, "dvar2": 0.000104904087493, "max": 0.100802071393, "mean": 0.0198945812881, "median": 0.017447501421, "min": 4.36135925704e-22, "var": 0.000157915550517}, "spectral_entropy": {"dmean": 0.137267872691, "dmean2": 0.194191083312, "dvar": 0.0249063316733, "dvar2": 0.0463132709265, "max": 9.81168937683, "mean": 7.04702711105, "median": 7.03257369995, "min": 5.18482065201, "var": 0.125168740749}, "spectral_flux": {"dmean": 0.0192003026605, "dmean2": 0.0311055053025, "dvar": 0.000651324167848, "dvar2": 0.00136332132388, "max": 0.318206012249, "mean": 0.0680316388607, "median": 0.0598525851965, "min": 1.02134058155e-10, "var": 0.00130137661472}, "spectral_kurtosis": {"dmean": 2.35385036469, "dmean2": 4.0452041626, "dvar": 6.13898181915, "dvar2": 17.6122074127, "max": 36.6488761902, "mean": 6.7326335907, "median": 5.8468003273, "min": -1.17841351032, "var": 12.6293087006}, "spectral_rms": {"dmean": 0.000584857771173, "dmean2": 0.000894697906915, "dvar": 4.76954312489e-07, "dvar2": 1.21540278997e-06, "max": 0.0125398691744, "mean": 0.0052129579708, "median": 0.00522522442043, "min": 3.19013218619e-12, "var": 2.28200997299e-06}, "spectral_rolloff": {"dmean": 278.741821289, "dmean2": 476.624786377, "dvar": 187288.875, "dvar2": 420818.4375, "max": 19422.9492188, "mean": 1162.16357422, "median": 1162.79296875, "min": 258.3984375, "var": 354400.5625}, "spectral_skewness": {"dmean": 0.240829020739, "dmean2": 0.402262181044, "dvar": 0.0468257702887, "dvar2": 0.132610604167, "max": 4.36438560486, "mean": 1.8484172821, "median": 1.80563187599, "min": 0.0154269617051, "var": 0.153293266892}, "spectral_spread": {"dmean": 466268, "dmean2": 654747, "dvar": 552565080064, "dvar2": 903664893952, "max": 40505772, "mean": 3582962.25, "median": 3312860, "min": 1484874.875, "var": 1401347244030.0}, "spectral_strongpeak": {"dmean": 0.662854850292, "dmean2": 1.09996771812, "dvar": 0.81373000145, "dvar2": 1.97270905972, "max": 10.4297084808, "mean": 1.53012251854, "median": 1.25498986244, "min": 0, "var": 1.45697557926}, "zerocrossingrate": {"dmean": 0.00568134943023, "dmean2": 0.00702063878998, "dvar": 4.53980064776e-05, "dvar2": 5.44455069758e-05, "max": 0.50634765625, "mean": 0.0485557168722, "median": 0.046875, "min": 0.01171875, "var": 0.000271107972367}, "barkbands": {"dmean": [0.000178569956915, 0.000557055289391, 0.00120964681264, 0.00126679160167, 0.00214581331238, 0.00158666155767, 0.00108980096411, 0.00134880433325, 0.00089486601064, 0.000566737726331, 0.000600299332291, 0.000999071635306, 0.000239200337091, 0.000222950504394, 0.000315971090458, 0.000284864974674, 0.000286487018457, 0.000115532136988, 0.000119779535453, 9.55452342168e-05, 5.35625549674e-05, 3.01996060443e-05, 1.71004030562e-05, 2.78427796729e-05, 2.85575024463e-05, 1.88667909242e-05, 3.87556565329e-06], "dmean2": [0.00027639081236, 0.000911678886041, 0.00219083740376, 0.00219864305109, 0.00330018159002, 0.00249806419015, 0.00132588390261, 0.00196915515698, 0.00134984508622, 0.000762899580877, 0.000874642515555, 0.00151603412814, 0.000388951273635, 0.00037062773481, 0.000533200800419, 0.000485186988954, 0.000473494001199, 0.000188175356016, 0.000195421205717, 0.000148742910824, 8.42781300889e-05, 4.72826504847e-05, 2.6644918762e-05, 4.13391135226e-05, 4.34929097537e-05, 2.87152306555e-05, 5.90858826399e-06], "dvar": [1.951572699e-07, 4.20505875809e-06, 1.81162831723e-05, 1.10774544737e-05, 8.36086292111e-06, 4.68992629976e-06, 4.80026164951e-06, 4.41077918367e-06, 3.01737236441e-06, 2.26235124501e-06, 1.24698340187e-06, 2.82152586806e-06, 1.42416567428e-07, 1.39902965657e-07, 2.14572295931e-07, 3.18704394431e-07, 1.84984941143e-07, 5.12656974649e-08, 4.70815244569e-08, 3.09241166008e-08, 1.15401794787e-08, 9.72834346413e-09, 2.30394858747e-09, 8.2759710196e-09, 1.59603956718e-08, 4.77777017949e-09, 1.85357534876e-10], "dvar2": [4.97824714785e-07, 1.02616932054e-05, 5.25217801624e-05, 3.00013361993e-05, 2.0139521439e-05, 1.27802313727e-05, 5.95814390181e-06, 1.09507827801e-05, 6.32919909549e-06, 3.55512884198e-06, 2.35966876971e-06, 6.25162238066e-06, 3.7218691773e-07, 3.6290040839e-07, 5.76580191591e-07, 8.78919820479e-07, 4.82661448586e-07, 1.2458725962e-07, 1.11536095915e-07, 6.59600658537e-08, 2.64398920535e-08, 2.24150564776e-08, 5.65194113733e-09, 1.8526575829e-08, 3.79970792608e-08, 1.10078097748e-08, 4.09296152526e-10], "max": [0.0121200988069, 0.0271301586181, 0.0541463196278, 0.0369219444692, 0.0718962401152, 0.0628894120455, 0.0748790502548, 0.0316081680357, 0.0358106680214, 0.0388945713639, 0.0273082740605, 0.0279367752373, 0.00633613299578, 0.00690958462656, 0.00954033154994, 0.0107508786023, 0.00973900128156, 0.00991105288267, 0.00989686045796, 0.00613257475197, 0.0041300104931, 0.00407944060862, 0.00122954102699, 0.00212324713357, 0.00337982736528, 0.00134516938124, 0.000276244449196], "mean": [0.000799745030235, 0.000609850743786, 0.00176442251541, 0.00147824524902, 0.00609594769776, 0.00442066742107, 0.00322527298704, 0.00293897232041, 0.00146712805144, 0.00138699263334, 0.00113366846927, 0.00169043126516, 0.000405114085879, 0.000327585818013, 0.000514054321684, 0.000433744222391, 0.000472993415315, 0.000235190847889, 0.000236601699726, 0.0002565557661, 0.000109220709419, 5.6114691688e-05, 3.01336331177e-05, 4.30703330494e-05, 3.74702649424e-05, 2.00310787477e-05, 4.11347991758e-06], "median": [0.000226302552619, 5.56296072318e-05, 0.000370738096535, 0.000441915588453, 0.0037412296515, 0.00299653736874, 0.000959899742156, 0.00171780656092, 0.000609153590631, 0.000365041254554, 0.000458864436951, 0.00071461009793, 0.00024878885597, 0.000167015416082, 0.000311145180603, 0.000189417682122, 0.00030037277611, 0.000132132234285, 0.000147585407831, 0.000109474196506, 6.8077693868e-05, 3.31480478053e-05, 1.65542987816e-05, 1.33213206936e-05, 7.26911139282e-06, 1.83102724804e-06, 2.36041628909e-07], "min": [1.16773233865e-23, 5.35455810834e-23, 1.92850853347e-23, 2.4677572822e-23, 5.78661975049e-23, 1.40900983258e-22, 6.45256792252e-23, 7.57802567858e-23, 6.79944268432e-23, 2.14031516217e-23, 3.11338061078e-23, 8.18149101821e-23, 1.52602466299e-22, 2.62016047592e-22, 1.20807294985e-22, 1.12463696206e-22, 2.14413959139e-22, 2.13559313545e-22, 1.22016978474e-22, 2.81405844746e-22, 3.32540490198e-22, 4.45787897626e-22, 5.51418922433e-22, 7.6975002404e-22, 1.23129893341e-21, 1.71774676682e-21, 2.37419940121e-21], "var": [8.44909948228e-07, 4.01650277126e-06, 1.69943450601e-05, 8.98112102732e-06, 4.83772091684e-05, 2.14850279008e-05, 4.43750832346e-05, 1.14689828479e-05, 6.46438229523e-06, 1.3310873328e-05, 3.69480449081e-06, 6.09549488217e-06, 2.31793947592e-07, 2.15757495425e-07, 3.83241200552e-07, 5.34018568032e-07, 3.08718455244e-07, 1.10436083389e-07, 9.70563434066e-08, 1.51267443016e-07, 2.31589929456e-08, 1.41880969196e-08, 3.03894909237e-09, 1.2610994915e-08, 1.891787349e-08, 5.48189049709e-09, 2.32470376282e-10]}, "erbbands": {"dmean": [0.0110634397715, 0.159334003925, 1.15826439857, 2.84776687622, 5.00370311737, 7.79437112808, 13.9922657013, 12.2124099731, 17.7596645355, 13.1311559677, 38.7491455078, 16.1214351654, 13.8776731491, 16.978094101, 21.7092781067, 42.6406097412, 16.6362419128, 11.0157184601, 14.0281591415, 14.1870889664, 13.3379964828, 11.0340452194, 6.25411605835, 7.41521453857, 4.83838558197, 4.6311788559, 2.67284941673, 1.46619582176, 0.843012452126, 0.98318862915, 0.574393510818, 0.617849647999, 0.429342985153, 0.312108457088, 0.203921437263, 0.0954652056098, 0.0329911001027, 0.00583886401728, 0.000689519161824, 3.8629717892e-05], "dmean2": [0.0184935107827, 0.261966615915, 2.08956027031, 4.99488210678, 8.35516548157, 11.8433551788, 22.4825572968, 17.625541687, 21.7995300293, 16.0093154907, 59.6196098328, 24.6751842499, 18.744720459, 22.9283161163, 32.8672485352, 64.685295105, 26.1715126038, 18.206325531, 23.7461929321, 24.025762558, 22.1846027374, 18.1662788391, 10.2419910431, 12.1838254929, 7.71351289749, 7.17343950272, 4.14199113846, 2.37841796875, 1.32454001904, 1.54987871647, 0.895555377007, 0.929878890514, 0.650773942471, 0.474919945002, 0.312531113625, 0.146823301911, 0.050020121038, 0.0088026765734, 0.00104571215343, 5.84334338782e-05], "dvar": [0.00192609685473, 0.336534231901, 16.9922904968, 68.1443328857, 129.063369751, 109.716644287, 321.670928955, 379.446563721, 1263.859375, 423.138702393, 4330.90380859, 728.475280762, 1109.19787598, 1429.2298584, 1623.00927734, 4908.44189453, 886.040771484, 340.206878662, 377.529968262, 386.389678955, 366.370574951, 343.529571533, 206.911331177, 160.160720825, 145.058959961, 83.2005462646, 26.0607185364, 8.78649425507, 3.0287501812, 18.1862182617, 2.23821806908, 4.47131252289, 2.134141922, 1.70432221889, 0.863528907299, 0.131847932935, 0.0149790905416, 0.000414966605604, 5.90723357163e-06, 1.69773528569e-08], "dvar2": [0.00502943992615, 0.832014024258, 48.7169876099, 189.995010376, 339.914855957, 265.473052979, 873.111022949, 937.233337402, 1634.54541016, 584.809753418, 10842.2792969, 1632.07214355, 1735.51416016, 2376.41162109, 3452.87744141, 10698.9130859, 2151.77709961, 877.742004395, 1045.46765137, 1050.71081543, 973.040283203, 851.674194336, 511.273864746, 396.825073242, 323.892242432, 175.602539062, 59.517616272, 22.1638946533, 7.39857149124, 41.6483535767, 5.41626834869, 10.5578727722, 4.80883026123, 3.99121260643, 2.07857298851, 0.315242171288, 0.0328553952277, 0.000879197672475, 1.28148658405e-05, 3.90443943843e-08], "max": [0.748001158237, 7.77526521683, 50.0836982727, 95.8613967896, 161.758728027, 312.231628418, 379.120880127, 748.596801758, 1344.41918945, 486.139862061, 896.310302734, 529.91192627, 882.680969238, 1055.40771484, 953.107666016, 1005.18652344, 524.377624512, 373.159088135, 409.486419678, 338.064941406, 296.422790527, 671.988830566, 691.693054199, 339.34866333, 666.344909668, 339.513671875, 182.533813477, 128.134750366, 40.7471847534, 183.31489563, 33.6654853821, 52.9921684265, 43.6488685608, 35.1949691772, 23.8396568298, 7.51724481583, 2.32822966576, 0.432349860668, 0.0504861213267, 0.00281149987131], "mean": [0.014141635038, 0.181085109711, 1.57829022408, 3.82581686974, 7.715467453, 23.2150859833, 34.248374939, 39.6411972046, 56.3875579834, 38.1269454956, 73.24659729, 30.3605518341, 34.7772216797, 39.7570304871, 39.6898956299, 73.8277893066, 30.6873149872, 18.4484920502, 24.3979225159, 24.9257221222, 23.505947113, 20.4373474121, 13.4739227295, 15.2726488113, 10.3773899078, 12.5311231613, 6.38499546051, 2.85483121872, 1.74653053284, 1.57897114754, 1.00409924984, 0.931645452976, 0.652231872082, 0.428296804428, 0.254423171282, 0.104013979435, 0.0346977561712, 0.00652007339522, 0.000745194964111, 6.91297755111e-05], "median": [0.00407997705042, 0.0262061022222, 0.36078324914, 1.45689845085, 3.96395969391, 13.1113319397, 23.6034011841, 22.4657077789, 19.984254837, 16.52460289, 41.0747375488, 17.3492031097, 9.91162872314, 14.7494049072, 17.9509429932, 34.0041503906, 16.281583786, 11.6963100433, 16.2005939484, 16.7325172424, 15.1290054321, 13.1633882523, 8.07765388489, 8.77785301208, 6.37090682983, 5.14383888245, 3.63603425026, 1.8952562809, 1.13263249397, 0.746374845505, 0.533452510834, 0.31875783205, 0.191086933017, 0.102020099759, 0.0437017381191, 0.0137880016118, 0.00246060919017, 0.000381546036806, 6.00117891736e-05, 3.94706548832e-05], "min": [9.17552416881e-22, 1.40598812928e-20, 3.17048635269e-20, 4.54470121449e-20, 1.58644879209e-19, 1.21416245723e-19, 8.4099721712e-19, 1.12624714264e-18, 7.47853629918e-19, 1.18089317544e-18, 2.1630400787e-18, 1.3428672369e-18, 5.47647694141e-19, 1.42866530516e-18, 1.36024671516e-18, 3.35070145271e-18, 6.45887644495e-18, 1.46089046271e-17, 7.07614053832e-18, 6.45227967956e-18, 7.41123884909e-18, 1.11524047061e-17, 1.14719131439e-17, 9.22520374621e-18, 5.85588866177e-18, 1.3055996277e-17, 1.74913279681e-17, 1.25494664386e-17, 1.43703258861e-17, 1.64770490272e-17, 1.6050773079e-17, 1.50462333626e-17, 1.48289048915e-17, 1.22196397499e-17, 7.713248281e-18, 5.49085054873e-18, 3.44516175635e-18, 1.43813683337e-18, 2.71655961782e-19, 3.82024674049e-20], "var": [0.00172692071646, 0.312818825245, 14.7589645386, 54.5741920471, 136.550262451, 818.914916992, 1144.64086914, 2508.03369141, 13411.3671875, 2698.97119141, 8927.97070312, 1580.09851074, 6677.82568359, 5770.07324219, 3820.87402344, 10338.5126953, 1782.27844238, 505.194488525, 680.749206543, 691.865966797, 629.824890137, 689.884887695, 367.707489014, 457.802124023, 245.026855469, 411.944152832, 67.9060592651, 13.3927297592, 4.97024583817, 25.5234279633, 3.16720056534, 5.92531824112, 3.19178056717, 2.07047510147, 1.0091739893, 0.137504905462, 0.0185831971467, 0.000599044840783, 7.45311717765e-06, 2.15475104426e-08]}, "gfcc": {"mean": [-2.52289581299, 105.219024658, -146.147171021, 8.17226791382, -70.0357284546, -10.6043243408, -47.803062439, -5.42271852493, -28.5304489136, -2.65095710754, -10.8385353088, -2.62675285339, -6.0702662468], "cov": [[5084.42529297, -682.096557617, 1377.96154785, 663.228637695, 312.916534424, 476.750823975, -1.34623980522, 272.053588867, -342.830078125, 68.1234283447, -303.793487549, -84.9799423218, -361.928649902], [-682.096557617, 751.338684082, -273.509613037, 71.9575805664, 3.12882375717, -79.5670852661, 52.4462127686, -105.754516602, 109.266242981, -113.524490356, 80.1661300659, -52.6413879395, 100.353042603], [1377.96154785, -273.509613037, 940.372558594, 257.099060059, 229.63684082, 296.141204834, 18.2677612305, 151.864562988, -136.374572754, 15.9153814316, -184.034332275, -39.0027008057, -188.440155029], [663.228637695, 71.9575805664, 257.099060059, 326.793945312, 110.204681396, 114.827804565, 24.0779685974, 23.2318210602, -61.4957962036, -26.1619510651, -54.090637207, -61.333656311, -66.7177200317], [312.916534424, 3.12882375717, 229.63684082, 110.204681396, 179.166625977, 106.393608093, 25.9768886566, 53.3950271606, -31.5079116821, 1.93838453293, -44.9090118408, -21.259021759, -49.5512466431], [476.750823975, -79.5670852661, 296.141204834, 114.827804565, 106.393608093, 204.808441162, 38.1944274902, 57.7693367004, -50.3559799194, -7.89724731445, -78.2948532104, -26.2165222168, -73.7467193604], [-1.34623980522, 52.4462127686, 18.2677612305, 24.0779685974, 25.9768886566, 38.1944274902, 94.9141311646, 42.1331672668, 16.9919567108, 8.6031961441, 4.86107826233, -3.63046908379, 3.57091927528], [272.053588867, -105.754516602, 151.864562988, 23.2318210602, 53.3950271606, 57.7693367004, 42.1331672668, 136.793884277, 8.95446586609, 40.992061615, -26.1423816681, 0.90136885643, -18.8329753876], [-342.830078125, 109.266242981, -136.374572754, -61.4957962036, -31.5079116821, -50.3559799194, 16.9919567108, 8.95446586609, 135.304412842, 29.1470661163, 47.0336036682, 25.5199165344, 57.3087348938], [68.1234283447, -113.524490356, 15.9153814316, -26.1619510651, 1.93838453293, -7.89724731445, 8.6031961441, 40.992061615, 29.1470661163, 108.102378845, 39.6297073364, 27.7362289429, 9.53620052338], [-303.793487549, 80.1661300659, -184.034332275, -54.090637207, -44.9090118408, -78.2948532104, 4.86107826233, -26.1423816681, 47.0336036682, 39.6297073364, 119.254844666, 41.3986816406, 55.6687507629], [-84.9799423218, -52.6413879395, -39.0027008057, -61.333656311, -21.259021759, -26.2165222168, -3.63046908379, 0.90136885643, 25.5199165344, 27.7362289429, 41.3986816406, 84.3960342407, 44.9775314331], [-361.928649902, 100.353042603, -188.440155029, -66.7177200317, -49.5512466431, -73.7467193604, 3.57091927528, -18.8329753876, 57.3087348938, 9.53620052338, 55.6687507629, 44.9775314331, 125.721801758]], "icov": [[0.000442744611064, 8.35928076413e-05, -0.000267829833319, -0.000680285796989, 0.000292308832286, -5.47790186829e-05, 0.000215315289097, -0.00039713314618, 0.000448519916972, -0.000338633079082, 0.000246194656938, -0.000356471922714, 0.000302617496345], [8.35928076413e-05, 0.00439709564671, -0.000563511217479, -0.00113475811668, -0.00173404510133, 0.000843103509396, -0.00236607948318, 0.00255751935765, -0.00370489177294, 0.00529308104888, -0.00400022557005, 0.00435500079766, -0.00295398198068], [-0.000267829833319, -0.000563511217479, 0.00373147637583, -0.000625717977528, -0.00114812410902, -0.00195375899784, 0.00123153091408, -0.00173164787702, 0.00104030489456, -0.0015802308917, 0.00298280734569, -0.00267560291104, 0.0023288554512], [-0.000680285796989, -0.00113475811668, -0.000625717977528, 0.0063918735832, -0.00147267966531, -0.000966908177361, -0.000427832361311, 0.000827397161629, 0.00081858492922, 6.26805776847e-05, -0.00111243140418, 0.00280879787169, -0.00050016696332], [0.000292308832286, -0.00173404510133, -0.00114812410902, -0.00147267966531, 0.0105510763824, -0.00271683488972, 0.000668542168569, -0.00263712229207, 0.00167631090153, -0.00218271766789, 0.0010089565767, -0.00153645372484, 0.0013784437906], [-5.47790186829e-05, 0.000843103509396, -0.00195375899784, -0.000966908177361, -0.00271683488972, 0.0119255129248, -0.00444883946329, 0.000757357687689, -0.000371807254851, 0.00117697904352, 0.00237356685102, -0.000301352934912, 0.00102916546166], [0.000215315289097, -0.00236607948318, 0.00123153091408, -0.000427832361311, 0.000668542168569, -0.00444883946329, 0.0161135904491, -0.00636973697692, 0.000898512254935, -0.00190372171346, -0.000529532844666, -0.00126023800112, 0.00078951130854], [-0.00039713314618, 0.00255751935765, -0.00173164787702, 0.000827397161629, -0.00263712229207, 0.000757357687689, -0.00636973697692, 0.0147737273946, -0.00420886697248, -0.00110067345668, 0.000193500818568, 0.00314030400477, -0.00274935318157], [0.000448519916972, -0.00370489177294, 0.00104030489456, 0.00081858492922, 0.00167631090153, -0.000371807254851, 0.000898512254935, -0.00420886697248, 0.0145025169477, -0.00658778706565, 0.00287455297075, -0.00407908903435, 0.000104155362351], [-0.000338633079082, 0.00529308104888, -0.0015802308917, 6.26805776847e-05, -0.00218271766789, 0.00117697904352, -0.00190372171346, -0.00110067345668, -0.00658778706565, 0.021168159321, -0.0116612138227, 0.00425745127723, -0.00277815246955], [0.000246194656938, -0.00400022557005, 0.00298280734569, -0.00111243140418, 0.0010089565767, 0.00237356685102, -0.000529532844666, 0.000193500818568, 0.00287455297075, -0.0116612138227, 0.0228637997061, -0.0104594584554, 0.00280844327062], [-0.000356471922714, 0.00435500079766, -0.00267560291104, 0.00280879787169, -0.00153645372484, -0.000301352934912, -0.00126023800112, 0.00314030400477, -0.00407908903435, 0.00425745127723, -0.0104594584554, 0.024724021554, -0.00997565872967], [0.000302617496345, -0.00295398198068, 0.0023288554512, -0.00050016696332, 0.0013784437906, 0.00102916546166, 0.00078951130854, -0.00274935318157, 0.000104155362351, -0.00277815246955, 0.00280844327062, -0.00997565872967, 0.0176096130162]]}, "melbands": {"dmean": [0.000128856030642, 0.000463333708467, 0.000559808860999, 0.0003959973983, 0.000469032122055, 0.000291436066618, 0.00025465618819, 0.000146199963638, 0.000349778245436, 8.35929095047e-05, 7.38542366889e-05, 7.3176168371e-05, 6.60549922031e-05, 7.42536212783e-05, 0.000123557052575, 1.41897626236e-05, 2.37937238126e-05, 2.00930662686e-05, 2.53604011959e-05, 2.77045164694e-05, 1.56469104695e-05, 1.58626771736e-05, 4.721942787e-06, 6.74088232699e-06, 6.58571843815e-06, 3.61409297511e-06, 3.65416030945e-06, 3.31430169354e-06, 1.9797735149e-06, 1.52151653765e-06, 7.36023139325e-07, 5.06265337208e-07, 6.38725168756e-07, 4.47294496553e-07, 3.21363074818e-07, 4.33155975088e-07, 3.54469847252e-07, 3.24028349041e-07, 2.95900179026e-07, 2.56004710764e-07], "dmean2": [0.000209741803701, 0.000815351959318, 0.00096707692137, 0.000633406976704, 0.000726529746316, 0.000423738936661, 0.000313832046231, 0.000177921479917, 0.000544658454601, 0.000126238359371, 9.95230584522e-05, 9.84309299383e-05, 9.84296420938e-05, 0.000111843655759, 0.000191672428627, 2.2775024263e-05, 3.94622366002e-05, 3.40586339007e-05, 4.27617087553e-05, 4.73622603749e-05, 2.57838783e-05, 2.63071742665e-05, 7.75514126872e-06, 1.09204374894e-05, 1.08631884359e-05, 5.79702009418e-06, 5.69599842493e-06, 5.18583874509e-06, 3.11624739879e-06, 2.44081729761e-06, 1.20872664411e-06, 8.05229547041e-07, 1.01194416402e-06, 7.11191262326e-07, 5.14367343385e-07, 6.79800734815e-07, 5.32435706191e-07, 5.01451950186e-07, 4.54717934417e-07, 4.00749399887e-07], "dvar": [2.17104627609e-07, 2.65454832515e-06, 2.25028384193e-06, 4.32801584793e-07, 3.30798542336e-07, 1.87712245747e-07, 2.28297452054e-07, 4.712680024e-08, 3.65351581877e-07, 1.9462206069e-08, 3.59870533373e-08, 2.77961387241e-08, 1.39998510562e-08, 1.38761624413e-08, 5.99112439659e-08, 5.31935273607e-10, 1.81560844137e-09, 8.7799312265e-10, 1.87327930945e-09, 3.14502512921e-09, 6.17009776605e-10, 6.68259614311e-10, 1.05761760461e-10, 1.46498535525e-10, 1.39503228413e-10, 1.08244253838e-10, 4.60225746401e-11, 4.77505292251e-11, 1.23788765696e-11, 1.56896180076e-11, 2.14458182116e-12, 9.82457930114e-13, 6.8642587274e-12, 2.98674605013e-12, 5.88109584903e-13, 2.10245406154e-12, 1.34230755851e-12, 1.10675184295e-12, 1.41448398133e-12, 1.13347081287e-12], "dvar2": [5.30033219093e-07, 7.39975803299e-06, 6.18015064902e-06, 1.12245641049e-06, 8.17087766336e-07, 4.57354417449e-07, 3.04021057218e-07, 6.43070663386e-08, 9.10856101655e-07, 4.18713028694e-08, 5.61930662002e-08, 4.5708773655e-08, 2.8701412802e-08, 2.83026384551e-08, 1.421021949e-07, 1.34437361243e-09, 4.68536232034e-09, 2.43765985175e-09, 4.92713869704e-09, 8.77433059543e-09, 1.63173241585e-09, 1.6947291348e-09, 2.61065336016e-10, 3.48163414765e-10, 3.49091977547e-10, 2.42246583904e-10, 9.97893642718e-11, 1.03349578895e-10, 2.90047881546e-11, 3.56813086022e-11, 5.46167841856e-12, 2.51408876356e-12, 1.57361033926e-11, 6.91084385898e-12, 1.44208126343e-12, 5.14373352939e-12, 3.14312399892e-12, 2.58275041978e-12, 3.35200877472e-12, 2.67803270879e-12], "max": [0.00592043902725, 0.0193218253553, 0.0169969480485, 0.0137875117362, 0.0144554534927, 0.0147118410096, 0.0173057597131, 0.00587339978665, 0.00887247268111, 0.00278204749338, 0.00500582251698, 0.00388792878948, 0.00261601107195, 0.00199019093998, 0.00439328933135, 0.000668979890179, 0.000856696686242, 0.0006048604846, 0.00100253755227, 0.00108356622513, 0.000343366526067, 0.000845599221066, 0.000502029608469, 0.000479657115648, 0.000313540454954, 0.000590285286307, 0.000233970786212, 0.000267343741143, 6.42073791823e-05, 0.000181655152119, 6.13972806605e-05, 2.86676313408e-05, 0.000113501926535, 7.02188262949e-05, 1.45376743603e-05, 3.95663446398e-05, 2.83032804873e-05, 2.98025715892e-05, 3.4834665712e-05, 2.86193462671e-05], "mean": [0.00017406931147, 0.000631734961644, 0.000786575255916, 0.000988134532236, 0.00131333793979, 0.000929807079956, 0.000778425834142, 0.000414297566749, 0.000623250496574, 0.000152313776198, 0.000181581053766, 0.000170780840563, 0.000120814424008, 0.000133434863528, 0.000205281801755, 2.60356846411e-05, 3.53631621692e-05, 3.37538731401e-05, 3.92512156395e-05, 4.16328075517e-05, 2.50488028541e-05, 2.64174213953e-05, 9.45959709497e-06, 1.38162158692e-05, 1.22746605484e-05, 6.41852830086e-06, 8.54441896081e-06, 8.22647780296e-06, 4.38388678958e-06, 2.65722883341e-06, 1.28827196022e-06, 1.00665965874e-06, 1.0061478406e-06, 7.03636828803e-07, 5.56436418719e-07, 6.18889771431e-07, 5.36756203928e-07, 4.81777306049e-07, 3.9639814986e-07, 3.47778808418e-07], "median": [7.30801475584e-05, 0.000147615966853, 0.000351678725565, 0.000649232417345, 0.000863163208123, 0.000548641488422, 0.000278891675407, 0.000169214938069, 0.000308546819724, 8.01845162641e-05, 4.08363775932e-05, 5.14565981575e-05, 4.96704669786e-05, 7.67681049183e-05, 7.25794234313e-05, 1.6137424609e-05, 1.85104436241e-05, 2.10138787224e-05, 2.13353232539e-05, 1.71151368704e-05, 1.47704759001e-05, 1.59542360052e-05, 5.38758104085e-06, 7.70646875026e-06, 6.3485172177e-06, 3.36746279572e-06, 3.9671876948e-06, 3.00533884001e-06, 2.20033689402e-06, 1.49937272909e-06, 7.75772718953e-07, 6.07948209108e-07, 4.83582994093e-07, 3.32676052039e-07, 2.89554861865e-07, 2.16218680293e-07, 1.70731581761e-07, 1.35668301482e-07, 1.03439674604e-07, 7.09675589405e-08], "min": [1.25857677164e-23, 1.78170009906e-23, 1.19649215622e-23, 9.04414591681e-24, 2.47965961554e-23, 2.52934696629e-23, 1.21407436696e-23, 1.28867544393e-23, 1.9194426284e-23, 7.21236671868e-24, 2.37879132425e-24, 5.53515377087e-24, 4.13836391436e-24, 7.5050727687e-24, 1.16289701573e-23, 1.96390172462e-23, 2.7549979461e-23, 1.08279631608e-23, 1.06554542692e-23, 6.79280552421e-24, 9.98407605197e-24, 1.33810357499e-23, 8.36532164154e-24, 1.0577479313e-23, 7.33917926464e-24, 3.61924768479e-24, 5.23057220878e-24, 9.24242137218e-24, 1.24475253648e-23, 7.05175700496e-24, 7.50205932004e-24, 8.43843169251e-24, 7.91072003452e-24, 9.52907133703e-24, 8.8923256913e-24, 9.7027595757e-24, 8.57727673386e-24, 1.01729774732e-23, 1.16783291842e-23, 9.92715815993e-24], "var": [2.12721175785e-07, 2.35973948293e-06, 1.87830414689e-06, 1.18764114632e-06, 1.94149606614e-06, 1.21496759675e-06, 2.2800077204e-06, 3.45148180259e-07, 7.43817167859e-07, 4.37839098311e-08, 2.1716499532e-07, 1.25692196207e-07, 3.6283314131e-08, 2.77880420896e-08, 1.21637711459e-07, 1.02173591809e-09, 2.7117608159e-09, 1.59417101742e-09, 3.10835224226e-09, 5.31901500622e-09, 9.00150620708e-10, 1.23876453539e-09, 1.79248324517e-10, 4.11276263046e-10, 3.71325331594e-10, 1.64987648543e-10, 1.69077654655e-10, 2.01357708285e-10, 3.25797271106e-11, 2.79264389391e-11, 3.14038573791e-12, 1.697622945e-12, 9.63175372792e-12, 4.12321565779e-12, 8.84108433165e-13, 2.46437527503e-12, 1.87174841598e-12, 1.64911704084e-12, 1.64666414185e-12, 1.41153679457e-12]}, "mfcc": {"mean": [-639.582824707, 139.078369141, -23.1140079498, 13.0256462097, -10.1383152008, -9.66323852539, -11.4867992401, -11.1824836731, -12.4252090454, -8.14839458466, -11.5013895035, -1.17454147339, 0.420531183481], "cov": [[3308.11523438, -253.805923462, 687.489257812, 319.344573975, 358.845031738, 176.835174561, 336.060546875, 82.6191711426, 87.369972229, 32.0040931702, -15.9199895859, 91.6807250977, -32.2117805481], [-253.805923462, 527.130065918, -162.851013184, 45.9774208069, -36.2884178162, -0.731102049351, -64.6377563477, 18.7278404236, -13.2854156494, -12.9892969131, -6.17156028748, -30.2428188324, 0.806669592857], [687.489257812, -162.851013184, 583.519104004, 112.175621033, 231.960479736, 140.498199463, 170.540222168, 101.549552917, 83.9633102417, 25.1316070557, 9.33745670319, 0.926076173782, -50.4821548462], [319.344573975, 45.9774208069, 112.175621033, 201.591567993, 93.2987136841, 58.2989578247, 66.7082061768, 22.8506526947, 10.4583034515, 10.7152299881, -0.179550051689, 14.668753624, -8.47154426575], [358.845031738, -36.2884178162, 231.960479736, 93.2987136841, 213.907699585, 87.8819503784, 96.3509674072, 53.3210220337, 52.1241760254, 16.4619483948, 3.11537337303, 13.2505016327, -16.6907691956], [176.835174561, -0.731102049351, 140.498199463, 58.2989578247, 87.8819503784, 134.773895264, 66.5245132446, 42.6044769287, 21.5959835052, -3.45180773735, -1.35379576683, -6.33633565903, -18.4731006622], [336.060546875, -64.6377563477, 170.540222168, 66.7082061768, 96.3509674072, 66.5245132446, 172.983840942, 51.6400527954, 36.5133209229, 19.9927005768, -0.397833615541, 11.8566598892, -31.6466789246], [82.6191711426, 18.7278404236, 101.549552917, 22.8506526947, 53.3210220337, 42.6044769287, 51.6400527954, 103.774291992, 47.1880531311, 6.40506792068, 1.55935394764, -13.9727287292, -13.0012645721], [87.369972229, -13.2854156494, 83.9633102417, 10.4583034515, 52.1241760254, 21.5959835052, 36.5133209229, 47.1880531311, 113.622184753, 41.4228591919, 7.61418008804, 8.89312744141, -0.942239463329], [32.0040931702, -12.9892969131, 25.1316070557, 10.7152299881, 16.4619483948, -3.45180773735, 19.9927005768, 6.40506792068, 41.4228591919, 80.2261734009, 27.6336193085, 8.56483364105, 8.28697109222], [-15.9199895859, -6.17156028748, 9.33745670319, -0.179550051689, 3.11537337303, -1.35379576683, -0.397833615541, 1.55935394764, 7.61418008804, 27.6336193085, 68.7954177856, 26.3889522552, 8.20882987976], [91.6807250977, -30.2428188324, 0.926076173782, 14.668753624, 13.2505016327, -6.33633565903, 11.8566598892, -13.9727287292, 8.89312744141, 8.56483364105, 26.3889522552, 89.6501922607, 38.400894165], [-32.2117805481, 0.806669592857, -50.4821548462, -8.47154426575, -16.6907691956, -18.4731006622, -31.6466789246, -13.0012645721, -0.942239463329, 8.28697109222, 8.20882987976, 38.400894165, 106.605934143]], "icov": [[0.000478306319565, 6.72536625643e-05, -0.000383128091926, -0.000414284324506, -0.000114150578156, 0.000140778429341, -0.000417196657509, 0.000208613288123, 2.58126765402e-05, 4.30230429629e-05, 0.000288002018351, -0.000344474537997, -6.34247189737e-05], [6.72536625643e-05, 0.00253710243851, 0.00102115864865, -0.00124285544734, -0.000165045872563, -0.000486409640871, 0.000947237596847, -0.00128989771474, -7.50023973524e-05, 0.000120387165225, -0.000161442876561, 0.000608763308264, 0.000182798554306], [-0.000383128091926, 0.00102115864865, 0.00441210763529, -0.00015342066763, -0.00253712688573, -0.00136873649899, -0.000587734859437, -0.00150116730947, -0.000656613032334, 0.000163062213687, -0.000878283986822, 0.000843004847411, 0.000707158120349], [-0.000414284324506, -0.00124285544734, -0.00015342066763, 0.00763586815447, -0.0019852227997, -0.00119376962539, -0.00105339521542, 0.000343577034073, 0.00142079824582, -0.00126446643844, 0.00064344931161, -0.00108638592064, 8.25172828627e-05], [-0.000114150578156, -0.000165045872563, -0.00253712688573, -0.0019852227997, 0.0103914951906, -0.00236307876185, -0.000968490901869, -0.000233589758864, -0.00172109645791, -1.75009445229e-05, 0.000411894434365, -0.00108566798735, -0.000145455574966], [0.000140778429341, -0.000486409640871, -0.00136873649899, -0.00119376962539, -0.00236307876185, 0.0121807837859, -0.00208795070648, -0.00114774366375, -4.84461907035e-06, 0.00226153992116, -0.000869403593242, 0.00138832675293, -0.000324826396536], [-0.000417196657509, 0.000947237596847, -0.000587734859437, -0.00105339521542, -0.000968490901869, -0.00208795070648, 0.0112096760422, -0.00347011908889, 0.000796659965999, -0.00286841392517, 0.00198131659999, -0.00276290113106, 0.00296845776029], [0.000208613288123, -0.00128989771474, -0.00150116730947, 0.000343577034073, -0.000233589758864, -0.00114774366375, -0.00347011908889, 0.0162564683706, -0.00588181987405, 0.00322988885455, -0.00219057593495, 0.00377037189901, -0.00138629379217], [2.58126765402e-05, -7.50023973524e-05, -0.000656613032334, 0.00142079824582, -0.00172109645791, -4.84461907035e-06, 0.000796659965999, -0.00588181987405, 0.0150136975572, -0.00786892697215, 0.00283957994543, -0.00288642104715, 0.000624667853117], [4.30230429629e-05, 0.000120387165225, 0.000163062213687, -0.00126446643844, -1.75009445229e-05, 0.00226153992116, -0.00286841392517, 0.00322988885455, -0.00786892697215, 0.0199139695615, -0.00826374161988, 0.00356150045991, -0.00234376406297], [0.000288002018351, -0.000161442876561, -0.000878283986822, 0.00064344931161, 0.000411894434365, -0.000869403593242, 0.00198131659999, -0.00219057593495, 0.00283957994543, -0.00826374161988, 0.0203712973744, -0.00739703187719, 0.00172168458812], [-0.000344474537997, 0.000608763308264, 0.000843004847411, -0.00108638592064, -0.00108566798735, 0.00138832675293, -0.00276290113106, 0.00377037189901, -0.00288642104715, 0.00356150045991, -0.00739703187719, 0.0179003421217, -0.00626631919295], [-6.34247189737e-05, 0.000182798554306, 0.000707158120349, 8.25172828627e-05, -0.000145455574966, -0.000324826396536, 0.00296845776029, -0.00138629379217, 0.000624667853117, -0.00234376406297, 0.00172168458812, -0.00626631919295, 0.0126466499642]]}, "spectral_contrast_coeffs": {"dmean": [0.0484352335334, 0.0411281920969, 0.0362013913691, 0.0322197265923, 0.0240245647728, 0.0212720967829], "dmean2": [0.0786572471261, 0.0645459517837, 0.0560342185199, 0.0516984313726, 0.0382149405777, 0.0324460044503], "dvar": [0.00169048272073, 0.00118951767217, 0.000843248679303, 0.000642014900222, 0.000485479191411, 0.000527539057657], "dvar2": [0.00427143462002, 0.00290102185681, 0.00195960048586, 0.00161355698947, 0.00108589115553, 0.00107065564953], "max": [-0.194914802909, -0.333372116089, -0.449976235628, -0.522884070873, -0.553331911564, -0.53221809864], "mean": [-0.496990174055, -0.631260693073, -0.68780964613, -0.69460362196, -0.711137890816, -0.738358855247], "median": [-0.496375501156, -0.632742464542, -0.694157898426, -0.694903969765, -0.710057616234, -0.732870817184], "min": [-0.977441191673, -0.986680567265, -0.96232432127, -0.950363814831, -0.963060736656, -0.959410071373], "var": [0.00876907166094, 0.00513478089124, 0.00420749559999, 0.00232302071527, 0.00173176475801, 0.00165260885842]}, "spectral_contrast_valleys": {"dmean": [0.497271299362, 0.291701465845, 0.265011042356, 0.223492473364, 0.209214761853, 0.327438980341], "dmean2": [0.800385296345, 0.462185680866, 0.424225598574, 0.359587371349, 0.31598418951, 0.422713458538], "dvar": [0.24645896256, 0.0827375948429, 0.0693162530661, 0.05982163921, 0.080392755568, 0.229619130492], "dvar2": [0.525467514992, 0.171286657453, 0.136693164706, 0.113759189844