{"lowlevel": {"average_loudness": 0.342399507761, "barkbands_crest": {"dmean": 1.94735562801, "dmean2": 3.00476551056, "dvar": 3.49086904526, "dvar2": 8.40634441376, "max": 25.1797122955, "mean": 11.4970932007, "median": 11.1255540848, "min": 2.49250602722, "var": 13.4475955963}, "barkbands_flatness_db": {"dmean": 0.0191868133843, "dmean2": 0.0274239685386, "dvar": 0.000439345254563, "dvar2": 0.000825675670058, "max": 0.483720391989, "mean": 0.206482321024, "median": 0.202413931489, "min": 0.0315038710833, "var": 0.00508797168732}, "barkbands_kurtosis": {"dmean": 3.32889485359, "dmean2": 4.96829462051, "dvar": 31.6291007996, "dvar2": 74.7878494263, "max": 250.404098511, "mean": 7.74944162369, "median": 5.03898048401, "min": -1.92992091179, "var": 101.432418823}, "barkbands_skewness": {"dmean": 0.490927666426, "dmean2": 0.724183619022, "dvar": 0.268118023872, "dvar2": 0.551794946194, "max": 10.918633461, "mean": 1.75507843494, "median": 1.80921316147, "min": -5.46676635742, "var": 2.17413067818}, "barkbands_spread": {"dmean": 3.92190027237, "dmean2": 5.78341531754, "dvar": 58.0315895081, "dvar2": 117.788398743, "max": 118.207550049, "mean": 13.054567337, "median": 8.61546421051, "min": 0.382766634226, "var": 186.053924561}, "dissonance": {"dmean": 0.0305651500821, "dmean2": 0.0512356571853, "dvar": 0.000879129918758, "dvar2": 0.00245342543349, "max": 0.499998450279, "mean": 0.411424964666, "median": 0.422490030527, "min": 0.182616114616, "var": 0.0032469262369}, "dynamic_complexity": 4.32725572586, "erbbands_crest": {"dmean": 2.58087158203, "dmean2": 3.92070007324, "dvar": 6.3195104599, "dvar2": 13.7940826416, "max": 32.4144592285, "mean": 12.7032470703, "median": 11.3689870834, "min": 2.38965344429, "var": 38.3654594421}, "erbbands_flatness_db": {"dmean": 0.0179819948971, "dmean2": 0.0250908061862, "dvar": 0.000430329178926, "dvar2": 0.000788756355178, "max": 0.441279351711, "mean": 0.21037428081, "median": 0.199755981565, "min": 0.0275066271424, "var": 0.00700247939676}, "erbbands_kurtosis": {"dmean": 1.58772921562, "dmean2": 2.37633061409, "dvar": 6.38194227219, "dvar2": 13.9775810242, "max": 64.5247573853, "mean": 2.54263734818, "median": 1.08822488785, "min": -1.89136588573, "var": 19.7288970947}, "erbbands_skewness": {"dmean": 0.366577893496, "dmean2": 0.528374612331, "dvar": 0.154041811824, "dvar2": 0.300054967403, "max": 6.28282642365, "mean": 0.746458172798, "median": 0.705357551575, "min": -4.92127180099, "var": 1.02275085449}, "erbbands_spread": {"dmean": 6.33980798721, "dmean2": 9.38499546051, "dvar": 83.9885940552, "dvar2": 181.487335205, "max": 149.59022522, "mean": 28.8229789734, "median": 23.0327186584, "min": 1.67464530468, "var": 486.503875732}, "hfc": {"dmean": 6.90790939331, "dmean2": 9.63789653778, "dvar": 420.23928833, "dvar2": 767.150146484, "max": 354.965576172, "mean": 19.6161823273, "median": 9.35276699066, "min": 1.22216756068e-16, "var": 1253.06335449}, "melbands_crest": {"dmean": 2.44604802132, "dmean2": 3.78796315193, "dvar": 5.7618637085, "dvar2": 13.6571521759, "max": 35.3457603455, "mean": 15.6581487656, "median": 15.2883720398, "min": 1.61054182053, "var": 32.2338218689}, "melbands_flatness_db": {"dmean": 0.0215047039092, "dmean2": 0.0301325507462, "dvar": 0.00063642358873, "dvar2": 0.00112195697147, "max": 0.643319010735, "mean": 0.28573384881, "median": 0.284451663494, "min": 0.00294261379167, "var": 0.00880829524249}, "melbands_kurtosis": {"dmean": 6.00973796844, "dmean2": 9.08270835876, "dvar": 97.6766281128, "dvar2": 221.180023193, "max": 281.726348877, "mean": 15.1815690994, "median": 9.16806030273, "min": -1.94195914268, "var": 358.169555664}, "melbands_skewness": {"dmean": 0.588662207127, "dmean2": 0.880380988121, "dvar": 0.4256939888, "dvar2": 0.910320401192, "max": 13.3953523636, "mean": 2.47402858734, "median": 2.21681642532, "min": -1.88040101528, "var": 3.42038679123}, "melbands_spread": {"dmean": 4.19241905212, "dmean2": 6.18057250977, "dvar": 128.910614014, "dvar2": 231.640045166, "max": 260.86517334, "mean": 16.0841426849, "median": 8.79939079285, "min": 0.403729557991, "var": 691.323669434}, "pitch_salience": {"dmean": 0.0554568134248, "dmean2": 0.0855641588569, "dvar": 0.00267797079869, "dvar2": 0.00640252744779, "max": 0.903637528419, "mean": 0.516495227814, "median": 0.519137620926, "min": 0.087909989059, "var": 0.0169068314135}, "silence_rate_20dB": {"dmean": 0, "dmean2": 0, "dvar": 0, "dvar2": 0, "max": 1, "mean": 1, "median": 1, "min": 1, "var": 0}, "silence_rate_30dB": {"dmean": 0.0325443781912, "dmean2": 0.0650961622596, "dvar": 0.0314856097102, "dvar2": 0.0706431120634, "max": 1, "mean": 0.87234044075, "median": 1, "min": 0, "var": 0.111362941563}, "silence_rate_60dB": {"dmean": 0.021847974509, "dmean2": 0.0437009222806, "dvar": 0.0213686600327, "dvar2": 0.047034651041, "max": 1, "mean": 0.143474802375, "median": 0, "min": 0, "var": 0.122881777585}, "spectral_centroid": {"dmean": 132.109100342, "dmean2": 188.171264648, "dvar": 81019.9140625, "dvar2": 131845.6875, "max": 11493.3085938, "mean": 815.679992676, "median": 585.159362793, "min": 185.259750366, "var": 527896.25}, "spectral_complexity": {"dmean": 1.85343647003, "dmean2": 2.93296909332, "dvar": 5.97013807297, "dvar2": 11.7973146439, "max": 51, "mean": 11.7508249283, "median": 10, "min": 0, "var": 48.0074386597}, "spectral_decrease": {"dmean": 2.090159823e-09, "dmean2": 3.18781512298e-09, "dvar": 1.93053780648e-17, "dvar2": 4.37742656674e-17, "max": 1.16702205967e-17, "mean": -9.62481916389e-09, "median": -4.85633044889e-09, "min": -7.46355510728e-08, "var": 1.33459067035e-16}, "spectral_energy": {"dmean": 0.00823615584522, "dmean2": 0.0124978423119, "dvar": 0.000292177835945, "dvar2": 0.000658466073219, "max": 0.292266309261, "mean": 0.0381054617465, "median": 0.0196202043444, "min": 1.0825021063e-20, "var": 0.00203463830985}, "spectral_energyband_high": {"dmean": 0.000626749009825, "dmean2": 0.000851896184031, "dvar": 6.1951814132e-06, "dvar2": 1.07183905129e-05, "max": 0.0464812666178, "mean": 0.00115783174988, "median": 5.87381109654e-05, "min": 7.73721076631e-21, "var": 1.79513954208e-05}, "spectral_energyband_low": {"dmean": 0.00563842756674, "dmean2": 0.00851913169026, "dvar": 0.000220997317228, "dvar2": 0.000470981467515, "max": 0.271068155766, "mean": 0.0212277639657, "median": 0.00230133393779, "min": 8.18145883269e-23, "var": 0.00136399222538}, "spectral_energyband_middle_high": {"dmean": 0.000856929167639, "dmean2": 0.00124601321295, "dvar": 2.47856132773e-06, "dvar2": 5.55415408598e-06, "max": 0.0283935759217, "mean": 0.00305123697035, "median": 0.00141082226764, "min": 1.80044564298e-21, "var": 1.53037490236e-05}, "spectral_energyband_middle_low": {"dmean": 0.00430689565837, "dmean2": 0.00678092380986, "dvar": 9.0970628662e-05, "dvar2": 0.00024360808311, "max": 0.215615525842, "mean": 0.0145491436124, "median": 0.0102868443355, "min": 2.48172662044e-22, "var": 0.00023266232165}, "spectral_entropy": {"dmean": 0.1775239259, "dmean2": 0.253132551908, "dvar": 0.0464443489909, "dvar2": 0.0883030965924, "max": 9.79685306549, "mean": 6.82709646225, "median": 6.81819152832, "min": 4.39636516571, "var": 0.680226683617}, "spectral_flux": {"dmean": 0.0183506943285, "dmean2": 0.0296859629452, "dvar": 0.000901799357962, "dvar2": 0.00213072821498, "max": 0.425402849913, "mean": 0.0579571649432, "median": 0.0456119067967, "min": 1.04043364202e-10, "var": 0.00254738773219}, "spectral_kurtosis": {"dmean": 5.35370922089, "dmean2": 8.92890548706, "dvar": 91.6672592163, "dvar2": 243.651763916, "max": 175.662872314, "mean": 15.5893554688, "median": 7.28074836731, "min": -1.34445655346, "var": 470.989349365}, "spectral_rms": {"dmean": 0.000578831823077, "dmean2": 0.000855946564116, "dvar": 7.6730134424e-07, "dvar2": 1.6200524442e-06, "max": 0.0168860256672, "mean": 0.00508100679144, "median": 0.00437511829659, "min": 3.24976850985e-12, "var": 1.13591713671e-05}, "spectral_rolloff": {"dmean": 309.628356934, "dmean2": 521.382141113, "dvar": 1126816.75, "dvar2": 2508010.25, "max": 19832.0800781, "mean": 1374.65185547, "median": 559.86328125, "min": 64.599609375, "var": 9966529}, "spectral_skewness": {"dmean": 0.430464029312, "dmean2": 0.693604707718, "dvar": 0.314955800772, "dvar2": 0.807026088238, "max": 10.3717842102, "mean": 2.66245484352, "median": 2.26546788216, "min": -0.539147078991, "var": 2.52143669128}, "spectral_spread": {"dmean": 612832.125, "dmean2": 836200.5625, "dvar": 1009166712830.0, "dvar2": 1633800552450.0, "max": 40944116, "mean": 4273566, "median": 3749730.25, "min": 554364.3125, "var": 7137631141890.0}, "spectral_strongpeak": {"dmean": 0.325775533915, "dmean2": 0.542660653591, "dvar": 0.334510326385, "dvar2": 0.793597877026, "max": 12.8557786942, "mean": 0.912936925888, "median": 0.719738483429, "min": 0, "var": 0.713941454887}, "zerocrossingrate": {"dmean": 0.00893396884203, "dmean2": 0.0101963924244, "dvar": 0.00026678640279, "dvar2": 0.00031212088652, "max": 0.572265625, "mean": 0.0534976571798, "median": 0.03076171875, "min": 0.00244140625, "var": 0.00733979884535}, "barkbands": {"dmean": [0.000106472078187, 0.00331999151967, 0.00256692036055, 0.00165163353086, 0.00202972721308, 0.00107860937715, 0.000734193250537, 0.000656929682009, 0.000265659968136, 0.00019267683092, 0.000451533123851, 0.00018973951228, 0.000165314355399, 7.81439666753e-05, 7.36677102395e-05, 5.645354031e-05, 6.54462419334e-05, 5.92527940171e-05, 3.91476569348e-05, 4.78868751088e-05, 8.06753960205e-05, 0.000147637518239, 0.000150004649186, 0.000127691950183, 7.05559141352e-05, 8.07823817013e-05, 4.85244563606e-05], "dmean2": [0.000164681274327, 0.00497448351234, 0.00390257243998, 0.00260248431005, 0.00333493715152, 0.00157536985353, 0.00108746043406, 0.00104533694685, 0.000403512211051, 0.000274048827123, 0.000673257629387, 0.00027342303656, 0.000246712559601, 0.000118533323985, 0.000120430049719, 8.79762592376e-05, 0.000104137834569, 9.3068316346e-05, 6.09539201832e-05, 7.3335475463e-05, 0.00011651236855, 0.000218964487431, 0.000213440711377, 0.000181462717592, 9.68522072071e-05, 0.000121230230434, 7.00594828231e-05], "dvar": [1.92580372982e-07, 0.000106301580672, 3.83218612114e-05, 1.43696825035e-05, 5.45444236195e-05, 4.45479781774e-06, 1.48320532389e-06, 2.23933238885e-06, 4.49816894843e-07, 2.4103272267e-07, 1.54123699758e-06, 2.11154727481e-07, 1.88383666e-07, 3.3885726225e-08, 3.89094054754e-08, 2.20663842754e-08, 7.01567515193e-08, 3.56094886911e-08, 2.45668925203e-08, 5.16760358948e-08, 2.00604077349e-07, 7.45707154692e-07, 7.06266803263e-07, 4.28821209653e-07, 1.22741312225e-07, 1.44341598229e-07, 7.05539093815e-08], "dvar2": [4.77864432469e-07, 0.000246445124503, 8.46926923259e-05, 3.68246583093e-05, 0.000150744759594, 1.06419556687e-05, 3.70118414139e-06, 5.64383435631e-06, 9.15278349112e-07, 4.97840972002e-07, 3.44102727468e-06, 4.640414204e-07, 4.08981975397e-07, 7.52357394163e-08, 9.6768346225e-08, 5.46395959589e-08, 1.76649095351e-07, 8.05964575079e-08, 5.44160201343e-08, 1.09215207544e-07, 3.68510455928e-07, 1.52066184e-06, 1.22653648305e-06, 7.66174707678e-07, 2.61933934098e-07, 3.28800723537e-07, 1.32678692921e-07], "max": [0.00917505007237, 0.152776330709, 0.113171353936, 0.0667544230819, 0.18503703177, 0.0582218766212, 0.0295668002218, 0.0283455830067, 0.0148306526244, 0.0203862041235, 0.0244028866291, 0.0124759208411, 0.0111793307588, 0.00491313263774, 0.00467191822827, 0.00370208942331, 0.0159661620855, 0.00470673386008, 0.00536014232785, 0.00736496271566, 0.0162958279252, 0.0246370937675, 0.0270242057741, 0.0202810354531, 0.0127542354167, 0.00614520860836, 0.00524589093402], "mean": [0.000307493610308, 0.0109259625897, 0.00819238089025, 0.00317354104482, 0.00471755117178, 0.00304821506143, 0.00161412591115, 0.00131895754021, 0.000517093401868, 0.000488209305331, 0.00112247071229, 0.000413916946854, 0.000413454836234, 0.000152744498337, 0.000125837119413, 9.73615678959e-05, 0.000111911154818, 0.000102708640043, 6.90667220624e-05, 7.9032521171e-05, 0.000124976504594, 0.000244427967118, 0.000271997821983, 0.00022882023768, 0.00010714437667, 8.41403671075e-05, 5.20307476108e-05], "median": [1.16588080346e-06, 0.000235878425883, 0.000813799735624, 0.000518294691574, 0.00195114663802, 0.00142068066634, 0.000970218447037, 0.00048275385052, 0.000169586332049, 0.000132750617922, 0.000219098306843, 8.28447009553e-05, 5.94838384131e-05, 4.32530978287e-05, 3.19330974889e-05, 2.00789072551e-05, 2.24999876082e-05, 1.3917349861e-05, 1.27808953039e-05, 8.16812280391e-06, 6.90735942044e-06, 8.84512428456e-06, 8.67187463882e-06, 8.28792235552e-06, 2.81463735519e-06, 5.11428140726e-07, 5.99541394308e-08], "min": [2.11443374027e-23, 4.4533141853e-23, 1.45113535202e-23, 4.27725747065e-24, 3.92138401473e-23, 3.01127045521e-23, 3.73382097492e-23, 3.62279606003e-23, 8.05734324439e-23, 8.90018306146e-23, 6.62046529106e-23, 1.33400821937e-22, 1.24682987545e-22, 8.05098944312e-23, 1.20168557466e-22, 1.45499095703e-22, 1.96529207619e-22, 1.58986168558e-22, 5.01607695279e-22, 3.17344984436e-22, 3.48559692963e-22, 3.67061043411e-22, 6.27626268513e-22, 7.18297713768e-22, 1.07170063404e-21, 2.23329617127e-21, 2.59082196893e-21], "var": [5.33041998096e-07, 0.000461615534732, 0.000223336362978, 3.56269774784e-05, 7.01336102793e-05, 2.79159066849e-05, 3.91797084376e-06, 6.04952219874e-06, 1.37997938054e-06, 1.49120205606e-06, 6.522228432e-06, 8.23520224458e-07, 1.17092906748e-06, 1.04207309448e-07, 7.34833704996e-08, 4.80223292243e-08, 1.04365597053e-07, 8.26049912916e-08, 4.36657643377e-08, 9.80504353265e-08, 4.4055110493e-07, 1.59801311383e-06, 2.15158570427e-06, 1.16834667097e-06, 1.93078278699e-07, 1.57490077868e-07, 9.75550804583e-08]}, "erbbands": {"dmean": [0.0752003118396, 0.858575820923, 2.79126644135, 4.2368183136, 5.74031448364, 7.02657556534, 9.0644903183, 8.48750400543, 9.67054080963, 16.5594654083, 9.07041835785, 6.72023439407, 4.43805217743, 7.32823038101, 19.5076522827, 9.09229373932, 8.07075500488, 4.38781547546, 3.01948237419, 4.03689098358, 2.66619849205, 3.2810344696, 3.366740942, 2.26182889938, 1.97829139233, 2.24484038353, 2.9344804287, 3.78264403343, 5.244764328, 4.92963457108, 4.53716564178, 3.11883878708, 1.96274507046, 0.923084259033, 0.445220291615, 0.284476995468, 0.144036114216, 0.048280492425, 0.00804772321135, 0.000586017325986], "dmean2": [0.112454406917, 1.29704809189, 4.2882566452, 6.62417125702, 9.28205776215, 11.5946016312, 13.4083995819, 12.453253746, 13.9396619797, 25.6293468475, 14.3473939896, 9.94421386719, 6.36848020554, 10.6308460236, 29.1604480743, 12.7539901733, 11.851732254, 6.64902687073, 4.78073740005, 6.52927875519, 4.10789299011, 5.12034273148, 5.24764060974, 3.4527463913, 3.00220751762, 3.4334924221, 4.34575223923, 5.37620258331, 7.77049970627, 7.33951711655, 6.40130710602, 4.46250772476, 2.7144370079, 1.29312801361, 0.600066244602, 0.403258770704, 0.221715390682, 0.0741551145911, 0.0116928601637, 0.000844709458761], "dvar": [0.0810008123517, 6.70234107971, 56.300037384, 84.8365097046, 412.469268799, 631.650085449, 377.285827637, 322.972686768, 344.1065979, 996.599365234, 357.989868164, 291.19732666, 101.997253418, 331.992370605, 3434.72998047, 438.404968262, 457.059783936, 104.118835449, 65.4308700562, 174.966766357, 50.0277442932, 167.573867798, 119.406265259, 75.5389022827, 61.3999404907, 112.762931824, 279.591064453, 503.880065918, 971.483154297, 751.065368652, 648.45880127, 299.61895752, 93.3145446777, 27.0531711578, 3.75535297394, 1.50074148178, 0.502736747265, 0.0597701892257, 0.00187731615733, 1.1237651961e-05], "dvar2": [0.193421393633, 16.1534862518, 126.070983887, 211.10194397, 1117.2310791, 1784.85327148, 877.281188965, 780.568603516, 862.239868164, 2540.87255859, 901.08782959, 555.446533203, 231.754119873, 664.130859375, 7985.78271484, 922.206298828, 969.838378906, 232.913711548, 151.170211792, 448.645935059, 119.746856689, 412.870544434, 269.73034668, 158.029830933, 139.798294067, 238.621292114, 584.172912598, 1003.41619873, 1992.11608887, 1522.68481445, 1199.08276367, 575.338317871, 168.770797729, 58.5746688843, 7.52526712418, 2.97330641747, 1.159678936, 0.142904564738, 0.00355849135667, 2.08762085094e-05], "max": [6.06405544281, 41.9194755554, 152.780059814, 178.761123657, 500.024536133, 553.923156738, 936.655090332, 433.756835938, 359.81149292, 529.395812988, 404.425323486, 407.949920654, 301.840637207, 758.956726074, 1237.65246582, 631.339904785, 558.601745605, 274.393035889, 273.257110596, 449.061553955, 189.813491821, 723.995117188, 368.281585693, 284.353851318, 249.079528809, 394.823181152, 657.546936035, 638.840576172, 1128.23925781, 768.713500977, 884.981140137, 638.171813965, 309.34564209, 211.949050903, 63.4856910706, 20.3363189697, 12.2585659027, 3.9031484127, 0.845485210419, 0.0651944354177], "mean": [0.256736516953, 2.63913321495, 9.83677768707, 9.77393054962, 11.2679033279, 15.4295959473, 28.2725410461, 20.3089141846, 22.5014533997, 34.5820007324, 18.6740093231, 14.0600566864, 10.943655014, 19.4514331818, 48.784538269, 22.8793964386, 21.5375919342, 9.70510482788, 5.86239910126, 6.87039470673, 5.1279258728, 5.93933582306, 5.99759340286, 4.10912752151, 3.47585558891, 3.78209614754, 4.5796957016, 5.63109016418, 8.69000816345, 8.42319774628, 7.8426399231, 5.44308376312, 3.34388256073, 1.43911874294, 0.638412773609, 0.353338032961, 0.141703933477, 0.0445576012135, 0.00843863654882, 0.000680384691805], "median": [0.00279401987791, 0.0928191170096, 0.908549487591, 2.1224527359, 3.1008245945, 5.18973112106, 9.86414051056, 9.38366508484, 12.6711359024, 16.0020084381, 9.02983665466, 5.31639432907, 4.26750993729, 5.85608434677, 11.2324342728, 6.27872276306, 3.95890760422, 3.19683170319, 1.72619926929, 1.65807831287, 1.06639146805, 1.2050588131, 0.923907458782, 0.716238975525, 0.540408074856, 0.440946787596, 0.300571113825, 0.293190807104, 0.302513599396, 0.271717369556, 0.245843812823, 0.190853774548, 0.113609984517, 0.0486773699522, 0.0124224470928, 0.00339564867318, 0.00082625541836, 9.23443367356e-05, 2.40888093685e-05, 2.87820475933e-05], "min": [1.92161306243e-21, 7.73227272423e-21, 2.01351593849e-20, 1.31221969437e-20, 4.65477213527e-20, 1.09336642894e-19, 2.70674434437e-19, 3.15516050539e-19, 3.89687578308e-19, 5.88636044457e-19, 8.52452893122e-19, 1.58336214178e-18, 2.58071789797e-18, 3.43827403018e-18, 3.19601867816e-18, 6.04850842075e-18, 5.3064972192e-18, 3.76385624839e-18, 6.99971649435e-18, 5.77515831552e-18, 7.91581736839e-18, 1.20216888118e-17, 9.87916694823e-18, 1.75729806207e-17, 2.41447783862e-17, 1.58571846915e-17, 1.66060362632e-17, 1.10978207118e-17, 1.26050728281e-17, 1.2786210493e-17, 1.79986196398e-17, 1.65156998685e-17, 1.23247454544e-17, 1.03694244896e-17, 8.53257894954e-18, 5.95045567171e-18, 4.98553459791e-18, 1.44004658661e-18, 3.86323357209e-19, 3.70425824715e-20], "var": [0.288497537374, 27.3383426666, 336.261383057, 253.288833618, 511.709472656, 829.650878906, 5213.36865234, 919.677978516, 897.22857666, 2764.3190918, 773.203857422, 964.141784668, 394.902191162, 1921.05859375, 13367.8349609, 2065.5, 2950.16210938, 338.199401855, 146.967987061, 319.985839844, 130.620559692, 285.930297852, 268.87512207, 157.796768188, 117.620132446, 209.254577637, 587.25213623, 904.651306152, 2138.640625, 1727.80664062, 1881.91870117, 758.116455078, 242.791381836, 42.5481338501, 6.14070129395, 2.13495993614, 0.520593702793, 0.0588823072612, 0.00254032271914, 1.58424481924e-05]}, "gfcc": {"mean": [-84.6268081665, 126.108345032, -98.4885025024, 9.71426868439, -61.5293273926, 7.61895465851, -34.4334526062, -4.03443956375, -18.6002902985, -5.39116668701, -5.44831991196, -2.61073255539, -10.7945394516], "cov": [[31921.9550781, 41.7879142761, 896.214416504, 2092.93920898, -1158.18835449, 1581.75354004, -1013.4140625, -21.2396965027, -776.941101074, -447.724487305, -324.026916504, 224.684783936, -361.84954834], [41.7879142761, 3514.34301758, -850.08782959, -688.054260254, 202.177200317, -637.629516602, 109.647880554, -297.703094482, 206.789810181, -137.022872925, 143.838195801, -286.76739502, 30.7691383362], [896.214416504, -850.08782959, 1110.4675293, 129.822036743, 114.684104919, 279.422271729, 23.2293624878, 169.544921875, -27.6452655792, 125.659393311, -63.7796936035, 127.93157959, -17.7243595123], [2092.93920898, -688.054260254, 129.822036743, 920.051940918, -94.795173645, 377.157714844, -45.4107971191, 42.5018615723, -94.3736724854, -138.488754272, 6.45750808716, 78.6706390381, -15.0351352692], [-1158.18835449, 202.177200317, 114.684104919, -94.795173645, 526.141174316, -34.1310195923, 228.178359985, 112.050735474, 72.3803939819, 107.483764648, 41.3684082031, 3.3085372448, -1.58511722088], [1581.75354004, -637.629516602, 279.422271729, 377.157714844, -34.1310195923, 466.59161377, 24.1763210297, 102.853607178, -84.1061553955, -16.0788764954, -19.5380210876, 54.0688972473, -19.7483673096], [-1013.4140625, 109.647880554, 23.2293624878, -45.4107971191, 228.178359985, 24.1763210297, 307.813201904, 116.053451538, 62.6685028076, 78.3438034058, 38.2995986938, -8.58671188354, 13.5794458389], [-21.2396965027, -297.703094482, 169.544921875, 42.5018615723, 112.050735474, 102.853607178, 116.053451538, 251.944152832, 32.9249458313, 104.025474548, 19.6375160217, 28.0365352631, 3.80059552193], [-776.941101074, 206.789810181, -27.6452655792, -94.3736724854, 72.3803939819, -84.1061553955, 62.6685028076, 32.9249458313, 163.249160767, 59.1828727722, -1.6154075861, -29.5923404694, 10.5401000977], [-447.724487305, -137.022872925, 125.659393311, -138.488754272, 107.483764648, -16.0788764954, 78.3438034058, 104.025474548, 59.1828727722, 212.337265015, 39.8733940125, -0.676289498806, -8.20524024963], [-324.026916504, 143.838195801, -63.7796936035, 6.45750808716, 41.3684082031, -19.5380210876, 38.2995986938, 19.6375160217, -1.6154075861, 39.8733940125, 160.739074707, 19.6474781036, 5.49877500534], [224.684783936, -286.76739502, 127.93157959, 78.6706390381, 3.3085372448, 54.0688972473, -8.58671188354, 28.0365352631, -29.5923404694, -0.676289498806, 19.6474781036, 126.020584106, 26.2550487518], [-361.84954834, 30.7691383362, -17.7243595123, -15.0351352692, -1.58511722088, -19.7483673096, 13.5794458389, 3.80059552193, 10.5401000977, -8.20524024963, 5.49877500534, 26.2550487518, 87.8406906128]], "icov": [[7.62734125601e-05, -0.000168491198565, -1.95543907466e-05, -0.000158053924679, 0.000122131299577, -0.000217494074604, 0.000218898523599, -0.000145698344568, 0.000282073277049, -0.000252857367741, 0.000304049346596, -0.000304845831124, 0.000282608729322], [-0.000168491198565, 0.00102642155252, 0.000124759419123, 0.000654951902106, -0.000541565357707, 0.000746241363231, -0.000621296989266, 0.000716669717804, -0.00115222483873, 0.00144448364154, -0.0014980151318, 0.00173991534393, -0.000846392591484], [-1.95543907466e-05, 0.000124759419123, 0.00146720756311, 0.000158438779181, -0.000403492507758, -0.000643006351311, 0.000294458121061, -0.000205275558983, -9.92197310552e-05, -0.000675744260661, 0.000698573421687, -0.00110440026037, 0.000245587609243], [-0.000158053924679, 0.000654951902106, 0.000158438779181, 0.00243748701178, -0.000384346785722, -0.000955080089625, -0.00024749833392, 0.000183942567674, -0.00115074776113, 0.0023108611349, -0.00155577692203, 0.000503566465341, -0.000321863422869], [0.000122131299577, -0.000541565357707, -0.000403492507758, -0.000384346785722, 0.00339210103266, 0.000108911779535, -0.00168432714418, -0.000615514058154, 0.000421388773248, -0.00107763567939, 0.00057646172354, -0.00113378732931, 0.00106988719199], [-0.000217494074604, 0.000746241363231, -0.000643006351311, -0.000955080089625, 0.000108911779535, 0.00520714838058, -0.0015806700103, -0.000553200487047, 0.000669641070999, 0.00089947017841, -0.000655120995361, 0.00146116595715, -0.000401680241339], [0.000218898523599, -0.000621296989266, 0.000294458121061, -0.00024749833392, -0.00168432714418, -0.0015806700103, 0.00649540545419, -0.0020295814611, -0.000115566974273, -0.000987220206298, 0.000362143735401, -0.000389571650885, -0.000150252657477], [-0.000145698344568, 0.000716669717804, -0.000205275558983, 0.000183942567674, -0.000615514058154, -0.000553200487047, -0.0020295814611, 0.00722148781642, -0.00150557537563, -0.00155678391457, -0.000985918566585, 0.000503075600136, -0.00104874628596], [0.000282073277049, -0.00115222483873, -9.92197310552e-05, -0.00115074776113, 0.000421388773248, 0.000669641070999, -0.000115566974273, -0.00150557537563, 0.0099917082116, -0.00353798293509, 0.00281656393781, -0.000388964603189, 2.90525576929e-07], [-0.000252857367741, 0.00144448364154, -0.000675744260661, 0.0023108611349, -0.00107763567939, 0.00089947017841, -0.000987220206298, -0.00155678391457, -0.00353798293509, 0.010566429235, -0.00435060402378, 0.00281593506224, -4.34435023635e-05], [0.000304049346596, -0.0014980151318, 0.000698573421687, -0.00155577692203, 0.00057646172354, -0.000655120995361, 0.000362143735401, -0.000985918566585, 0.00281656393781, -0.00435060402378, 0.00991493556648, -0.00438840920106, 0.00144832709339], [-0.000304845831124, 0.00173991534393, -0.00110440026037, 0.000503566465341, -0.00113378732931, 0.00146116595715, -0.000389571650885, 0.000503075600136, -0.000388964603189, 0.00281593506224, -0.00438840920106, 0.014226150699, -0.00532308267429], [0.000282608729322, -0.000846392591484, 0.000245587609243, -0.000321863422869, 0.00106988719199, -0.000401680241339, -0.000150252657477, -0.00104874628596, 2.90525576929e-07, -4.34435023635e-05, 0.00144832709339, -0.00532308267429, 0.0143332444131]]}, "melbands": {"dmean": [0.000768460682593, 0.00131174293347, 0.000728983839508, 0.000453066080809, 0.000307609734591, 0.000193843909074, 0.000146235019201, 0.000180164715857, 6.92262401571e-05, 3.87157015211e-05, 2.21376540139e-05, 2.85721635009e-05, 6.47960696369e-05, 3.20598737744e-05, 1.97892040887e-05, 1.36658227348e-05, 8.43431280373e-06, 4.83893563796e-06, 4.84925385535e-06, 5.28248983755e-06, 3.13566260957e-06, 3.53307700607e-06, 3.71017836187e-06, 3.03233127852e-06, 1.83194310921e-06, 1.46136187595e-06, 1.4864848481e-06, 1.59006663125e-06, 1.83086365269e-06, 2.02431647267e-06, 2.39469204644e-06, 3.11253052132e-06, 3.19837749885e-06, 2.86473255073e-06, 3.0664177757e-06, 2.15473642129e-06, 1.91590083887e-06, 1.60018805673e-06, 1.12749080472e-06, 7.08390984983e-07], "dmean2": [0.00114874565043, 0.00202724966221, 0.00113701145165, 0.000749951985199, 0.000463446922367, 0.000283464236418, 0.000211626451346, 0.000281649816316, 0.00010923982336, 5.69141811866e-05, 3.18542079185e-05, 4.13553279941e-05, 9.70424007392e-05, 4.62455718662e-05, 2.85917994916e-05, 2.03843683266e-05, 1.28585461425e-05, 7.66409903008e-06, 7.79307993071e-06, 8.46705916047e-06, 4.89127614856e-06, 5.54409689357e-06, 5.89988667343e-06, 4.84071188112e-06, 2.84293901132e-06, 2.25984285862e-06, 2.29938632401e-06, 2.46267427428e-06, 2.75109141512e-06, 2.92367099064e-06, 3.57544763574e-06, 4.63965989184e-06, 4.85286000185e-06, 4.29290093962e-06, 4.47599177278e-06, 3.12488964482e-06, 2.81403572444e-06, 2.34049161918e-06, 1.64623065757e-06, 1.00632757949e-06], "dvar": [6.65548259349e-06, 1.31528895508e-05, 2.42307010012e-06, 3.73528132513e-06, 3.96720622575e-07, 1.51012358174e-07, 6.99337974197e-08, 1.33842561922e-07, 2.02400691762e-08, 9.08044750503e-09, 2.67122057807e-09, 5.90152637869e-09, 3.08792493797e-08, 6.83222234343e-09, 2.03329775239e-09, 9.34853305878e-10, 3.85027870697e-10, 1.85786774853e-10, 2.00338579059e-10, 2.27713292666e-10, 8.3181503352e-11, 1.58573196241e-10, 2.65676231015e-10, 1.0896887559e-10, 5.63933552633e-11, 3.3072926342e-11, 4.19084732195e-11, 6.44219955159e-11, 1.00653534119e-10, 1.51084408873e-10, 2.32421387691e-10, 3.65402957891e-10, 3.64878544046e-10, 2.54046061965e-10, 3.29402005672e-10, 1.54509627315e-10, 1.16366472014e-10, 6.75743766498e-11, 3.14528889045e-11, 1.9431123377e-11], "dvar2": [1.55412344611e-05, 2.98184895655e-05, 6.03633225182e-06, 1.04077653305e-05, 9.70661176325e-07, 3.6642353507e-07, 1.72326139136e-07, 3.40942250432e-07, 4.98004304461e-08, 1.74558625332e-08, 6.1252798389e-09, 1.17025757973e-08, 6.99719464592e-08, 1.55477160035e-08, 4.46385639563e-09, 2.03474614935e-09, 8.69917859969e-10, 4.33002828037e-10, 5.12632991612e-10, 5.84433279549e-10, 2.00809521789e-10, 4.0074615848e-10, 6.55068166378e-10, 2.67257133091e-10, 1.18180104591e-10, 7.83414721983e-11, 9.3975376092e-11, 1.39226699614e-10, 2.15339829301e-10, 2.7849064721e-10, 5.14069009583e-10, 7.77843511823e-10, 8.06473665627e-10, 5.18914466952e-10, 6.60550836251e-10, 3.08944064775e-10, 2.3032040164e-10, 1.35351674313e-10, 6.54351364759e-11, 4.4447702463e-11], "max": [0.0482812151313, 0.0749188959599, 0.0271339919418, 0.048623111099, 0.0261420533061, 0.00860100332648, 0.0060708434321, 0.00663259858266, 0.00316226040013, 0.00226161675528, 0.00154246471357, 0.00337183964439, 0.00330435740761, 0.00180111802183, 0.0010354584083, 0.00070619804319, 0.000494877051096, 0.000398706295528, 0.000389823078876, 0.000443801720394, 0.000245445466135, 0.000556571874768, 0.000999715179205, 0.000279008701909, 0.000255484541412, 0.000188701160369, 0.00030576842255, 0.000302854401525, 0.000325779285049, 0.000619595346507, 0.000539438915439, 0.000684646714944, 0.000521506124642, 0.000532330421265, 0.000676696945447, 0.000375245028408, 0.000374225171981, 0.000266259245109, 0.000186239209143, 0.000218115499592], "mean": [0.00256087630987, 0.00468102609739, 0.00176370621193, 0.000964924518485, 0.000914169941097, 0.000481510738609, 0.0003411170037, 0.000370606750948, 0.000136700546136, 7.84606745583e-05, 5.26506955794e-05, 7.19316449249e-05, 0.000159573421115, 7.62105264585e-05, 5.10863974341e-05, 3.34490541718e-05, 1.67219932337e-05, 8.58461498865e-06, 8.11789323052e-06, 8.76080503076e-06, 5.6405133364e-06, 6.12364419794e-06, 6.05992545388e-06, 5.02296325067e-06, 3.10631071443e-06, 2.46907120527e-06, 2.43846488956e-06, 2.50014227277e-06, 2.71789917861e-06, 2.95391873806e-06, 3.31824207933e-06, 4.82697669213e-06, 5.00015130456e-06, 4.63451397081e-06, 4.95374479215e-06, 3.55673410013e-06, 3.20713706969e-06, 2.56362159234e-06, 1.69941847616e-06, 1.03283389308e-06], "median": [4.22661905759e-05, 0.000398066506023, 0.000495523621794, 0.00029951101169, 0.000370005698642, 0.000228996766964, 0.00019926459936, 0.000162191747222, 6.5546380938e-05, 2.69906886388e-05, 1.78376667463e-05, 1.8332275431e-05, 3.39901089319e-05, 1.72885174834e-05, 8.14978193375e-06, 6.8249269134e-06, 4.84702104586e-06, 2.21626032726e-06, 1.99973737836e-06, 1.90486821339e-06, 8.78872185694e-07, 1.06632955976e-06, 1.02209196484e-06, 5.92049332226e-07, 4.71226115906e-07, 3.84945025189e-07, 2.68542009962e-07, 2.6763299843e-07, 1.65698651244e-07, 1.45678569652e-07, 1.5649253271e-07, 1.65154304455e-07, 1.47721365806e-07, 1.42630000255e-07, 1.37497437436e-07, 1.22658732948e-07, 1.01404992847e-07, 7.42211270222e-08, 5.59986617077e-08, 3.00996632063e-08], "min": [1.63715159337e-23, 1.04228049887e-23, 3.11287274213e-24, 4.9992474258e-24, 9.30030640768e-24, 6.53580805193e-24, 6.69375772667e-24, 6.96435358324e-24, 6.11905401899e-24, 1.17476732132e-23, 1.33379923434e-23, 1.4052045569e-23, 9.8286207554e-24, 1.42938061929e-23, 1.57001101064e-23, 9.39766919832e-24, 6.83758126919e-24, 1.10393352849e-23, 9.01968334014e-24, 8.51590572202e-24, 9.0819702195e-24, 1.33856348089e-23, 8.81541490848e-24, 7.6179595531e-24, 1.40641056745e-23, 2.23420917364e-23, 1.24921551705e-23, 9.62796688441e-24, 8.67345465542e-24, 1.14731014977e-23, 4.80759761318e-24, 7.46376643398e-24, 6.86984094705e-24, 7.24394482072e-24, 9.74167723959e-24, 1.19030890667e-23, 9.55433618524e-24, 8.94293269609e-24, 6.53541598806e-24, 9.90186964589e-24], "var": [2.5678134989e-05, 7.45085562812e-05, 7.75469925429e-06, 4.40150688519e-06, 4.16607645093e-06, 4.85609064071e-07, 1.92952569478e-07, 3.70141520989e-07, 4.34458229392e-08, 2.96537407962e-08, 1.02620960618e-08, 3.51469537918e-08, 1.25881499002e-07, 2.58442458545e-08, 1.17234115748e-08, 5.37862288041e-09, 1.18403886695e-09, 3.82059606174e-10, 3.48707646092e-10, 4.30254415429e-10, 1.95732097197e-10, 2.87943807686e-10, 3.76473463515e-10, 2.20741036561e-10, 1.08768667684e-10, 5.38615541057e-11, 8.99169003143e-11, 1.07918299297e-10, 1.96398577956e-10, 3.17376597225e-10, 3.41885436628e-10, 7.40711714187e-10, 6.73190558853e-10, 5.86590553908e-10, 8.29548318926e-10, 3.72624736622e-10, 2.69068073377e-10, 1.59036742109e-10, 5.77664895085e-11, 2.54400563116e-11]}, "mfcc": {"mean": [-721.127746582, 155.362442017, 21.0713768005, 6.00701141357, -0.528980374336, 2.12439966202, -4.76650905609, 0.820508956909, -9.41271305084, -4.74816513062, -2.47125434875, 2.89552426338, 1.3511505127], "cov": [[15121.8134766, -1418.20117188, 1258.12182617, 864.307556152, 445.398498535, 936.980285645, 315.430145264, 669.199645996, -155.024978638, -322.369628906, -359.466827393, 131.557785034, 178.633728027], [-1418.20117188, 3021.14892578, -444.731750488, -299.648284912, -68.4971694946, -294.403411865, -147.836334229, -252.746780396, -21.3056373596, 78.6348495483, 123.227798462, 0.720121204853, -54.1144142151], [1258.12182617, -444.731750488, 666.296386719, 71.3510360718, 90.4698562622, 143.772323608, 65.5968399048, 100.0391922, 22.8475532532, -16.8579463959, -25.3880786896, 18.3775806427, 29.5497264862], [864.307556152, -299.648284912, 71.3510360718, 373.482940674, 103.809066772, 110.251098633, 65.9573364258, 122.102241516, 14.3895015717, -31.4349937439, -26.1010761261, 36.5267982483, 43.6952857971], [445.398498535, -68.4971694946, 90.4698562622, 103.809066772, 245.421875, 85.4322662354, 74.0901412964, 68.3507232666, 32.5088272095, 14.1443624496, 15.1936016083, 28.7856369019, 28.503660202], [936.980285645, -294.403411865, 143.772323608, 110.251098633, 85.4322662354, 256.910888672, 95.6646728516, 101.42641449, 17.5482769012, -9.8327589035, -18.1785125732, 13.9641971588, 12.7126073837], [315.430145264, -147.836334229, 65.5968399048, 65.9573364258, 74.0901412964, 95.6646728516, 264.051879883, 107.155158997, 46.4946174622, 76.7414245605, 43.6050491333, 26.9959926605, 51.126865387], [669.199645996, -252.746780396, 100.0391922, 122.102241516, 68.3507232666, 101.42641449, 107.155158997, 209.593475342, 47.6872138977, -11.7219848633, -33.7635612488, 8.80300807953, 37.4150238037], [-155.024978638, -21.3056373596, 22.8475532532, 14.3895015717, 32.5088272095, 17.5482769012, 46.4946174622, 47.6872138977, 189.650985718, 97.9924316406, 38.2859687805, -10.3763446808, 3.19162082672], [-322.369628906, 78.6348495483, -16.8579463959, -31.4349937439, 14.1443624496, -9.8327589035, 76.7414245605, -11.7219848633, 97.9924316406, 209.621383667, 108.303886414, -0.748915970325, -1.31712949276], [-359.466827393, 123.227798462, -25.3880786896, -26.1010761261, 15.1936016083, -18.1785125732, 43.6050491333, -33.7635612488, 38.2859687805, 108.303886414, 158.96484375, 31.6315670013, -7.05254745483], [131.557785034, 0.720121204853, 18.3775806427, 36.5267982483, 28.7856369019, 13.9641971588, 26.9959926605, 8.80300807953, -10.3763446808, -0.748915970325, 31.6315670013, 89.8077850342, 39.7678070068], [178.633728027, -54.1144142151, 29.5497264862, 43.6952857971, 28.503660202, 12.7126073837, 51.126865387, 37.4150238037, 3.19162082672, -1.31712949276, -7.05254745483, 39.7678070068, 135.883773804]], "icov": [[0.00010769579967, -1.82634339581e-05, -0.000129624604597, -0.000114814080007, -8.45046906761e-06, -0.000243336791755, 3.8818718167e-05, -0.000141435695696, 0.000143358760397, -3.55162992491e-05, 0.000154920562636, -7.6318581705e-05, -8.20167861093e-06], [-1.82634339581e-05, 0.000428853585618, 0.000216581509449, 0.000223470429773, -0.000171702355146, 0.000287498900434, 5.72784374526e-05, 0.000205374948564, -3.55980191671e-05, -4.84635802422e-06, -0.000195715634618, -8.38911146275e-05, 2.20402398554e-05], [-0.000129624604597, 0.000216581509449, 0.00201735529117, 0.000387853564462, -0.000387946784031, -0.000378839176847, 6.68500870233e-05, -0.000164001583471, -0.000257795094512, 9.32049224502e-05, -0.000114997950732, -0.000134277332108, -0.000129651249154], [-0.000114814080007, 0.000223470429773, 0.000387853564462, 0.00399681925774, -0.000964912120253, -0.000401259399951, 0.000216415981413, -0.00133300141897, -0.000153580855113, 0.000344944011886, -3.07926929963e-05, -0.000965274230111, -0.000316241697874], [-8.45046906761e-06, -0.000171702355146, -0.000387946784031, -0.000964912120253, 0.00537338247523, -0.000932224560529, -0.000533379148692, -0.0003442321904, -0.000533728045411, 0.000149124869495, -0.000499761081301, -0.000685342412908, -0.000218473112909], [-0.000243336791755, 0.000287498900434, -0.000378839176847, -0.000401259399951, -0.000932224560529, 0.00661956146359, -0.00147271889728, -0.000696440518368, -0.00024401115661, 0.000385463412385, 6.86406710884e-05, -0.000124274825794, 0.00101733428892], [3.8818718167e-05, 5.72784374526e-05, 6.68500870233e-05, 0.000216415981413, -0.000533379148692, -0.00147271889728, 0.00662442483008, -0.0029023361858, 0.000802219670732, -0.00240670097992, -0.00101384054869, -0.00035060592927, -0.00154819001909], [-0.000141435695696, 0.000205374948564, -0.000164001583471, -0.00133300141897, -0.0003442321904, -0.000696440518368, -0.0029023361858, 0.00922162178904, -0.00247074104846, 0.00144588865805, 0.00148697709665, 0.000414761481807, -0.000549885211512], [0.000143358760397, -3.55980191671e-05, -0.000257795094512, -0.000153580855113, -0.000533728045411, -0.00024401115661, 0.000802219670732, -0.00247074104846, 0.00810511223972, -0.00411453843117, 0.000215471896809, 0.000981814111583, -9.03437903617e-05], [-3.55162992491e-05, -4.84635802422e-06, 9.32049224502e-05, 0.000344944011886, 0.000149124869495, 0.000385463412385, -0.00240670097992, 0.00144588865805, -0.00411453843117, 0.0106185311452, -0.00569589016959, 0.00215066573583, -0.000371832196834], [0.000154920562636, -0.000195715634618, -0.000114997950732, -3.07926929963e-05, -0.000499761081301, 6.86406710884e-05, -0.00101384054869, 0.00148697709665, 0.000215471896809, -0.00569589016959, 0.0123444413766, -0.00508986925706, 0.00189377262723], [-7.6318581705e-05, -8.38911146275e-05, -0.000134277332108, -0.000965274230111, -0.000685342412908, -0.000124274825794, -0.00035060592927, 0.000414761481807, 0.000981814111583, 0.00215066573583, -0.00508986925706, 0.0158047452569, -0.00431218976155], [-8.20167861093e-06, 2.20402398554e-05, -0.000129651249154, -0.000316241697874, -0.000218473112909, 0.00101733428892, -0.00154819001909, -0.000549885211512, -9.03437903617e-05, -0.000371832196834, 0.00189377262723, -0.00431218976155, 0.00955206342041]]}, "spectral_contrast_coeffs": {"dmean": [0.0403879769146, 0.039499450475, 0.0322691351175, 0.0271700173616, 0.0203353520483, 0.0160792656243], "dmean2": [0.0661510676146, 0.0637829229236, 0.0508088506758, 0.0434850752354, 0.0324541144073, 0.0249750353396], "dvar": [0.00124799064361, 0.00112876167987, 0.000746326171793, 0.000523793278262, 0.000335489981808, 0.00028017006116], "dvar2": [0.00320354942232, 0.00301753939129, 0.00181096419692, 0.00132375629619, 0.000766368873883, 0.000587395392358], "max": [-0.258204460144, -0.428544491529, -0.495014995337, -0.517212629318, -0.570100963116, -0.553972005844], "mean": [-0.591754257679, -0.686679661274, -0.721981942654, -0.747454762459, -0.791157126427, -0.79119938612], "median": [-0.596224367619, -0.682793617249, -0.722302317619, -0.747907161713, -0.794703006744, -0.795492231846], "min": [-0.964104950428, -0.97089266777, -0.985450088978, -0.954359054565, -0.954459071159, -0.960017621517], "var": [0.0115537997335, 0.00627767527476, 0.00511292694137, 0.00412510009483, 0.00237175263464, 0.00207734992728]}, "spectral_contrast_valleys": {"dmean": [0.370689243078, 0.299854397774, 0.275003761053, 0.255444228649, 0.229673624039, 0.27981993556], "dmean2": [0.612271487713, 0.486698657274, 0.44798874855, 0.405429154634, 0.350792050362, 0.38258689642], "dvar": [0.128785207868, 0.0880631953478, 0.0852688550949, 0.0875500589609, 0.103190176189, 0.188506618142], "dvar2": [0.275104016066, 0.171904534101, 0.162093117833, 0.155