{"lowlevel": {"average_loudness": 0.867185652256, "barkbands_crest": {"dmean": 2.0825817585, "dmean2": 3.40712594986, "dvar": 4.20328474045, "dvar2": 11.5813684464, "max": 26.4328517914, "mean": 13.4524593353, "median": 12.5493412018, "min": 4.3790230751, "var": 22.4993095398}, "barkbands_flatness_db": {"dmean": 0.0219916459173, "dmean2": 0.0334764532745, "dvar": 0.000579586660024, "dvar2": 0.00139496440534, "max": 0.569651782513, "mean": 0.296509563923, "median": 0.277552247047, "min": 0.0767969414592, "var": 0.00845119450241}, "barkbands_kurtosis": {"dmean": 4.32545042038, "dmean2": 7.21069097519, "dvar": 68.9753494263, "dvar2": 202.905426025, "max": 188.08366394, "mean": 11.205286026, "median": 5.748524189, "min": -1.79156029224, "var": 244.503250122}, "barkbands_skewness": {"dmean": 0.473989188671, "dmean2": 0.742842078209, "dvar": 0.294385969639, "dvar2": 0.76464343071, "max": 10.2712097168, "mean": 2.09469079971, "median": 1.78318583965, "min": -2.06723642349, "var": 2.10110783577}, "barkbands_spread": {"dmean": 1.37395763397, "dmean2": 2.10379528999, "dvar": 2.88678336143, "dvar2": 6.49119186401, "max": 29.7506465912, "mean": 6.487803936, "median": 5.64881277084, "min": 0.205914974213, "var": 21.8680438995}, "dissonance": {"dmean": 0.0360891222954, "dmean2": 0.0611647106707, "dvar": 0.00117063964717, "dvar2": 0.00334934215061, "max": 0.5, "mean": 0.389373481274, "median": 0.396954923868, "min": 0.139706298709, "var": 0.00358192180283}, "dynamic_complexity": 3.58761501312, "erbbands_crest": {"dmean": 2.54038596153, "dmean2": 4.02991819382, "dvar": 6.12721586227, "dvar2": 17.7697048187, "max": 31.8353729248, "mean": 14.8787603378, "median": 13.8611049652, "min": 2.8807656765, "var": 32.6607666016}, "erbbands_flatness_db": {"dmean": 0.0191947165877, "dmean2": 0.0286765079945, "dvar": 0.00051900598919, "dvar2": 0.00119266379625, "max": 0.526097416878, "mean": 0.294779062271, "median": 0.288223445415, "min": 0.0220047459006, "var": 0.00822814367712}, "erbbands_kurtosis": {"dmean": 1.84696757793, "dmean2": 2.99531435966, "dvar": 9.9644203186, "dvar2": 27.8372364044, "max": 86.8216094971, "mean": 3.5319890976, "median": 1.00846481323, "min": -1.85051417351, "var": 47.6816101074}, "erbbands_skewness": {"dmean": 0.365891426802, "dmean2": 0.567010402679, "dvar": 0.132454931736, "dvar2": 0.366085141897, "max": 6.95721626282, "mean": 1.28662157059, "median": 1.08805465698, "min": -2.18417024612, "var": 1.42947733402}, "erbbands_spread": {"dmean": 3.02472829819, "dmean2": 4.42204761505, "dvar": 13.0672044754, "dvar2": 27.5819511414, "max": 140.130355835, "mean": 18.1205692291, "median": 16.3081493378, "min": 1.03713238239, "var": 248.64491272}, "hfc": {"dmean": 2.34569358826, "dmean2": 3.255818367, "dvar": 7.40612316132, "dvar2": 13.7524662018, "max": 47.533618927, "mean": 11.0852527618, "median": 9.17328071594, "min": 1.28036772388e-16, "var": 65.6515274048}, "melbands_crest": {"dmean": 2.46950888634, "dmean2": 3.97866129875, "dvar": 5.35455131531, "dvar2": 14.09233284, "max": 34.8815727234, "mean": 16.8813076019, "median": 16.1606521606, "min": 2.56443309784, "var": 31.7341575623}, "melbands_flatness_db": {"dmean": 0.0234549455345, "dmean2": 0.0352982729673, "dvar": 0.00069489935413, "dvar2": 0.00161441753153, "max": 0.719930768013, "mean": 0.384671062231, "median": 0.360217809677, "min": 0.00473839230835, "var": 0.0112873995677}, "melbands_kurtosis": {"dmean": 5.01613807678, "dmean2": 7.94456768036, "dvar": 124.14868927, "dvar2": 258.719818115, "max": 560.542541504, "mean": 18.9408416748, "median": 8.68455886841, "min": -1.52938342094, "var": 2811.90209961}, "melbands_skewness": {"dmean": 0.473194241524, "dmean2": 0.716114699841, "dvar": 0.308616429567, "dvar2": 0.651491761208, "max": 21.0075817108, "mean": 2.43937492371, "median": 2.08888626099, "min": -1.14174342155, "var": 4.97167110443}, "melbands_spread": {"dmean": 1.65176975727, "dmean2": 2.50357317924, "dvar": 6.63819789886, "dvar2": 11.444644928, "max": 147.679931641, "mean": 7.6572675705, "median": 6.42015361786, "min": 0.457111060619, "var": 34.3141517639}, "pitch_salience": {"dmean": 0.0549985356629, "dmean2": 0.0881471708417, "dvar": 0.00275389151648, "dvar2": 0.00729118240997, "max": 0.871093809605, "mean": 0.479610562325, "median": 0.48517164588, "min": 0.0657560154796, "var": 0.0134940007702}, "silence_rate_20dB": {"dmean": 0, "dmean2": 0, "dvar": 0, "dvar2": 0, "max": 1, "mean": 1, "median": 1, "min": 1, "var": 0}, "silence_rate_30dB": {"dmean": 0.00649431766942, "dmean2": 0.0129902577028, "dvar": 0.00645198905841, "dvar2": 0.0155688943341, "max": 1, "mean": 0.991008996964, "median": 1, "min": 0, "var": 0.00891047623008}, "silence_rate_60dB": {"dmean": 0.0072436616756, "dmean2": 0.014489132911, "dvar": 0.00719203148037, "dvar2": 0.0165303349495, "max": 1, "mean": 0.0370879136026, "median": 0, "min": 0, "var": 0.03571113199}, "spectral_centroid": {"dmean": 50.3485908508, "dmean2": 74.0171890259, "dvar": 15712.1796875, "dvar2": 21254.4355469, "max": 10964.453125, "mean": 515.479492188, "median": 463.694000244, "min": 155.333633423, "var": 61959.359375}, "spectral_complexity": {"dmean": 1.31060326099, "dmean2": 2.08543586731, "dvar": 1.65243887901, "dvar2": 3.61475396156, "max": 23, "mean": 10.2406339645, "median": 10, "min": 0, "var": 15.3204784393}, "spectral_decrease": {"dmean": 1.71895109258e-09, "dmean2": 2.55555443474e-09, "dvar": 4.75297442306e-18, "dvar2": 1.08212421207e-17, "max": 1.23869193639e-28, "mean": -7.07598690752e-09, "median": -5.60727508869e-09, "min": -4.83511577443e-08, "var": 3.00197707843e-17}, "spectral_energy": {"dmean": 0.00667835213244, "dmean2": 0.00990930199623, "dvar": 7.05668062437e-05, "dvar2": 0.000160140072694, "max": 0.186037585139, "mean": 0.0277117732912, "median": 0.0220111403614, "min": 1.1145801543e-20, "var": 0.000453681976069}, "spectral_energyband_high": {"dmean": 9.81152061286e-06, "dmean2": 1.38212899401e-05, "dvar": 8.91496210187e-10, "dvar2": 1.98580418775e-09, "max": 0.000578705861699, "mean": 2.99603507301e-05, "median": 4.78110541735e-06, "min": 8.3246374404e-21, "var": 3.33932326235e-09}, "spectral_energyband_low": {"dmean": 0.00244456226937, "dmean2": 0.00369695480913, "dvar": 4.32370034105e-05, "dvar2": 0.000103996637336, "max": 0.134490460157, "mean": 0.00540094450116, "median": 0.00116808665916, "min": 1.13327555696e-22, "var": 0.000126822298625}, "spectral_energyband_middle_high": {"dmean": 0.000800350971986, "dmean2": 0.00093741773162, "dvar": 2.87147076961e-06, "dvar2": 3.47968443748e-06, "max": 0.0436004661024, "mean": 0.00276664691046, "median": 0.00148530164734, "min": 1.53723570174e-21, "var": 1.73067383002e-05}, "spectral_energyband_middle_low": {"dmean": 0.00511621730402, "dmean2": 0.00778951030225, "dvar": 3.58297002094e-05, "dvar2": 8.60926447785e-05, "max": 0.115790300071, "mean": 0.0198663845658, "median": 0.0160467624664, "min": 2.54668180603e-22, "var": 0.00021933572134}, "spectral_entropy": {"dmean": 0.172712862492, "dmean2": 0.261108845472, "dvar": 0.0347219370306, "dvar2": 0.0852808281779, "max": 9.79676914215, "mean": 5.9191737175, "median": 6.02839279175, "min": 3.83194947243, "var": 0.516373574734}, "spectral_flux": {"dmean": 0.0167584568262, "dmean2": 0.0280124396086, "dvar": 0.000344566564308, "dvar2": 0.000912420859095, "max": 0.2383582443, "mean": 0.0505086444318, "median": 0.0455086305737, "min": 1.05573674802e-10, "var": 0.000872155185789}, "spectral_kurtosis": {"dmean": 20.1044692993, "dmean2": 34.1771812439, "dvar": 948.523925781, "dvar2": 2570.61865234, "max": 379.461578369, "mean": 57.7638130188, "median": 26.9457988739, "min": -1.18034636974, "var": 4527.15429688}, "spectral_rms": {"dmean": 0.000608519010711, "dmean2": 0.000909111637156, "dvar": 3.77795259965e-07, "dvar2": 8.80968684669e-07, "max": 0.013472196646, "mean": 0.00482207676396, "median": 0.0046340348199, "min": 3.29756773103e-12, "var": 3.78368031306e-06}, "spectral_rolloff": {"dmean": 89.9930648804, "dmean2": 152.210601807, "dvar": 74677.46875, "dvar2": 112278.46875, "max": 18927.6855469, "mean": 580.12121582, "median": 452.197265625, "min": 64.599609375, "var": 154853.046875}, "spectral_skewness": {"dmean": 0.965518534184, "dmean2": 1.63688278198, "dvar": 1.26260697842, "dvar2": 3.36860942841, "max": 15.9271526337, "mean": 5.02403116226, "median": 3.69985342026, "min": 0.0167344734073, "var": 9.49980831146}, "spectral_spread": {"dmean": 353373.6875, "dmean2": 589362.25, "dvar": 277533655040, "dvar2": 523267932160, "max": 40644132, "mean": 2001488.875, "median": 1727889.75, "min": 236470.375, "var": 2389474017280.0}, "spectral_strongpeak": {"dmean": 0.401578307152, "dmean2": 0.670699298382, "dvar": 0.335566282272, "dvar2": 0.768569886684, "max": 10.6711931229, "mean": 1.19414615631, "median": 0.996939241886, "min": 0, "var": 0.828731656075}, "zerocrossingrate": {"dmean": 0.00300506106578, "dmean2": 0.00381812034175, "dvar": 3.638302951e-05, "dvar2": 4.11286928284e-05, "max": 0.53759765625, "mean": 0.0249678902328, "median": 0.02294921875, "min": 0.00390625, "var": 0.00015581867774}, "barkbands": {"dmean": [7.46016849007e-06, 0.00183309090789, 0.000708848005161, 0.000221524955123, 0.00154884357471, 0.00338637502864, 0.000942553044297, 0.000560443673749, 0.000210829239222, 0.000385107821785, 0.000263052177615, 0.000173886612174, 8.61013540998e-05, 6.86425628373e-05, 0.000159648159752, 5.88108086959e-05, 6.57153941575e-05, 1.59048813657e-05, 4.82669929625e-06, 4.45967543783e-06, 1.71327542375e-06, 2.10892358155e-06, 1.14018985187e-06, 7.13121266926e-07, 1.75531192781e-06, 1.2020319673e-06, 1.09366112611e-06], "dmean2": [1.27067369249e-05, 0.00284360232763, 0.00105329847429, 0.000351723865606, 0.0021765709389, 0.00548374233767, 0.00138875574339, 0.000672734575346, 0.000265652226517, 0.000430680782301, 0.000294886907795, 0.000253729755059, 0.000121499157103, 9.12944524316e-05, 0.000223208495299, 9.11007373361e-05, 9.45232750382e-05, 2.331111682e-05, 7.40962741475e-06, 6.52412245472e-06, 2.50573111771e-06, 3.01079990095e-06, 1.55120960699e-06, 1.05511185211e-06, 2.61050786321e-06, 1.59897786034e-06, 1.64958851201e-06], "dvar": [9.94084370376e-10, 2.7886884709e-05, 5.88505599808e-06, 1.59829596669e-07, 5.19230570717e-06, 2.25393414439e-05, 4.85482041768e-06, 1.41668624565e-06, 3.71439853097e-07, 1.86328361451e-06, 8.47879732646e-07, 2.31074153589e-07, 3.98510096034e-08, 7.16115806654e-08, 1.21916002627e-07, 3.17192352384e-08, 1.9081989322e-08, 1.48277190526e-09, 7.34236421662e-11, 1.32766284078e-10, 1.31859887592e-11, 4.16748302534e-11, 1.33497241039e-11, 4.98177410782e-12, 6.04486946609e-11, 2.23823667933e-11, 2.14410971616e-11], "dvar2": [2.79115175417e-09, 6.87132924213e-05, 1.02804060589e-05, 4.48577480938e-07, 9.83827612799e-06, 6.08405207458e-05, 1.24496982608e-05, 1.94531526176e-06, 4.54224533541e-07, 1.85435783351e-06, 9.75307443696e-07, 5.61170736546e-07, 8.08025646393e-08, 1.1723131621e-07, 2.53309792697e-07, 7.88071972124e-08, 3.91501373542e-08, 2.77630474166e-09, 1.78684664287e-10, 2.77939893323e-10, 2.97353253131e-11, 8.85208711887e-11, 2.34379651104e-11, 1.12021216955e-11, 1.43860548474e-10, 4.88261375775e-11, 5.36726045552e-11], "max": [0.000804055889603, 0.112674824893, 0.102879136801, 0.00835998356342, 0.049614906311, 0.0694139301777, 0.0563097186387, 0.0409156195819, 0.0252254419029, 0.0414467602968, 0.0325016081333, 0.00914791971445, 0.00539275119081, 0.0104741575196, 0.00834486074746, 0.00323929055594, 0.00307092093863, 0.000668712076731, 0.000172160187503, 0.000261028122623, 8.81437590579e-05, 0.00014277145965, 0.000101085563074, 4.22214361606e-05, 0.000131978464196, 6.96499046171e-05, 7.10441090632e-05], "mean": [1.00020533864e-05, 0.00370541424491, 0.00142715929542, 0.000496907101478, 0.00530984578654, 0.00980748049915, 0.00210481905378, 0.00130383146461, 0.000648018787615, 0.000817875145003, 0.000707150611561, 0.000312259624479, 0.000193431420485, 0.000196998837055, 0.000343267485732, 0.000107703686808, 0.000143197874422, 2.98982849927e-05, 1.11153512989e-05, 1.19715959954e-05, 4.52581161881e-06, 6.55961139273e-06, 3.36668699674e-06, 1.91406365957e-06, 3.70841212316e-06, 2.15214436139e-06, 1.28200645122e-06], "median": [1.17917284115e-06, 0.000351339753252, 0.000296040525427, 0.000274055637419, 0.00377189554274, 0.00667671347037, 0.000673439004458, 0.000284777634079, 0.000216214131797, 0.000155456771608, 6.2594175688e-05, 6.77198113408e-05, 4.88069526909e-05, 1.38411760418e-05, 7.01763492543e-05, 1.86455527e-05, 2.37213389482e-05, 8.19463548396e-06, 5.41196823178e-06, 2.55687086792e-06, 1.28821056933e-06, 6.41343149255e-07, 3.49147796896e-07, 1.73025071604e-07, 1.63826072708e-07, 3.85532672453e-08, 2.964052781e-09], "min": [1.40081075943e-23, 7.71332163472e-23, 1.63477160002e-23, 1.13777045484e-23, 2.65786266294e-23, 7.66028304507e-23, 3.30021726748e-23, 6.56472374841e-23, 3.00868236035e-23, 5.23576575344e-23, 6.40760537528e-23, 8.94973173046e-23, 7.11908659876e-23, 9.79121344459e-23, 1.71784042039e-22, 1.06307009184e-22, 1.86875203591e-22, 3.06711997715e-22, 2.69926870968e-22, 2.21339425824e-22, 3.75233591902e-22, 3.78893502605e-22, 5.27700992592e-22, 1.20001460318e-21, 1.34555577988e-21, 1.67295350282e-21, 2.85137134109e-21], "var": [1.18900722601e-09, 7.48883903725e-05, 1.95653665287e-05, 4.51282716085e-07, 2.71950721071e-05, 9.65146391536e-05, 1.66889331012e-05, 6.56587735648e-06, 3.34634569299e-06, 7.93020171841e-06, 5.7234765336e-06, 4.42705015757e-07, 1.30242682417e-07, 6.69628150263e-07, 3.35645012228e-07, 6.58596661651e-08, 7.67024204151e-08, 3.84785048269e-09, 2.49186116186e-10, 6.20389628558e-10, 6.24755316925e-11, 2.61319993422e-10, 5.16688532237e-11, 1.51997147507e-11, 1.38550351747e-10, 4.6539716525e-11, 2.64368318903e-11]}, "erbbands": {"dmean": [0.0236825142056, 0.499652713537, 1.01542818546, 0.659125328064, 1.51320338249, 4.99647665024, 26.3561840057, 25.1268253326, 13.1369667053, 10.2932043076, 12.7971515656, 5.19258117676, 5.8084526062, 17.2478599548, 6.52240562439, 8.97307491302, 4.28026676178, 4.08171081543, 8.5098733902, 3.64659380913, 3.39028930664, 2.16666650772, 1.06520462036, 0.410367310047, 0.264755040407, 0.222334489226, 0.103570491076, 0.0642831847072, 0.0767998993397, 0.0579619221389, 0.025328008458, 0.0177640859038, 0.0120278270915, 0.0147541509941, 0.0141648948193, 0.00583833036944, 0.00226471596397, 0.000784418021794, 0.000193007639609, 1.79780272447e-05], "dmean2": [0.0364314615726, 0.774054825306, 1.53982412815, 0.991304218769, 2.09800744057, 7.1646771431, 39.8389701843, 41.6081962585, 19.0845394135, 14.734333992, 15.1318616867, 6.45048522949, 6.46419095993, 19.3699417114, 7.67449378967, 13.0320558548, 6.01230764389, 5.49304437637, 11.6773796082, 5.37328195572, 5.09177589417, 3.11400532722, 1.55970561504, 0.579818844795, 0.409128248692, 0.324759662151, 0.151481196284, 0.0927799493074, 0.109378263354, 0.0809286683798, 0.0337178185582, 0.0252672526985, 0.0181060358882, 0.0204723589122, 0.0221889838576, 0.00828127004206, 0.00303780473769, 0.00110077124555, 0.000289370887913, 2.85865407932e-05], "dvar": [0.00438745412976, 2.08306574821, 10.0289726257, 1.82678735256, 9.54765033722, 76.3519973755, 1506.47924805, 1552.01074219, 685.793457031, 541.756896973, 903.948364258, 145.125259399, 587.80670166, 3197.51049805, 399.838745117, 589.340820312, 96.5291442871, 190.822479248, 315.913604736, 87.857711792, 46.2977981567, 21.4867897034, 5.62663698196, 0.760540962219, 0.26016908884, 0.352516829967, 0.0655178204179, 0.0177178271115, 0.0593686811626, 0.0411812961102, 0.00582466460764, 0.00314135639928, 0.00170196243562, 0.00351615063846, 0.00519271986559, 0.000657728291117, 7.98402033979e-05, 9.34062245506e-06, 6.71499606142e-07, 3.00860847346e-09], "dvar2": [0.0105108199641, 5.15711116791, 21.8068847656, 3.78228092194, 16.2753009796, 132.48651123, 3920.82226562, 4212.02246094, 1656.60742188, 1137.43286133, 1255.08972168, 198.190673828, 560.652587891, 3377.33325195, 487.517456055, 1430.78723145, 197.082977295, 322.0519104, 613.853393555, 206.88067627, 109.101715088, 45.077205658, 10.7942438126, 1.47484230995, 0.655064702034, 0.706837415695, 0.145727813244, 0.03882900998, 0.126275330782, 0.0812336280942, 0.0096721816808, 0.00639875698835, 0.00408514821902, 0.00717768166214, 0.0135578606278, 0.00152825273108, 0.000178072761628, 2.03197196242e-05, 1.68564145042e-06, 7.94280552441e-09], "max": [1.54896211624, 30.0179481506, 111.234237671, 44.6662979126, 78.7637863159, 270.124145508, 673.014343262, 493.793212891, 655.54888916, 539.37322998, 1117.27197266, 496.633087158, 981.162353516, 1546.33459473, 862.348999023, 461.795959473, 275.576843262, 545.004760742, 479.52053833, 282.457061768, 136.690826416, 115.417831421, 45.3716011047, 21.8367938995, 11.1649007797, 14.0020885468, 4.70663499832, 2.71423506737, 4.61919307709, 5.22564601898, 1.99830043316, 1.15910172462, 0.815124452114, 1.27493190765, 1.32913994789, 0.460095047951, 0.140832275152, 0.0561138540506, 0.0117549737915, 0.000704661128111], "mean": [0.0512198768556, 1.00342810154, 2.05184912682, 1.6333425045, 4.76421451569, 15.5769853592, 83.7539901733, 67.2577133179, 32.6362991333, 25.442855835, 31.4313926697, 15.8209209442, 14.8130378723, 42.3709983826, 15.9637432098, 16.577419281, 10.4268083572, 12.3849487305, 19.2799873352, 7.62669277191, 7.47092962265, 4.96281099319, 2.3031270504, 0.871345996857, 0.597424328327, 0.621335685253, 0.27260184288, 0.191553160548, 0.228651151061, 0.180566713214, 0.0756455659866, 0.049904845655, 0.0283613931388, 0.0340028107166, 0.0267320200801, 0.011254273355, 0.0040529044345, 0.00127812265418, 0.000236281252, 4.18048621214e-05], "median": [0.00408449815586, 0.100776508451, 0.37212523818, 0.88467001915, 1.9676861763, 10.7345075607, 44.7119560242, 36.2761306763, 17.1908740997, 8.9953250885, 5.83809328079, 6.92889499664, 4.79275083542, 6.08827400208, 3.69076871872, 4.7347202301, 3.93693780899, 2.59146642685, 5.73985815048, 3.09037446976, 2.42491340637, 1.25418674946, 0.686833262444, 0.389289826155, 0.251344382763, 0.135375291109, 0.0676247179508, 0.0447687879205, 0.025466920808, 0.0160996429622, 0.00852149259299, 0.00413367152214, 0.00266648596153, 0.00166486972012, 0.00119328754954, 0.000292361888569, 6.43641033093e-05, 8.79588424141e-06, 1.41316140798e-05, 2.67510658887e-05], "min": [3.31410336511e-21, 1.30128103856e-20, 1.92411597041e-20, 3.22508802793e-20, 4.3998483183e-20, 1.07240942038e-19, 3.51829020937e-19, 5.90737238309e-19, 4.68034351918e-19, 5.91204647054e-19, 1.74773295906e-18, 7.82119224901e-19, 1.03779361781e-18, 2.12169138783e-18, 3.64235582412e-18, 3.37757903235e-18, 3.14779073973e-18, 4.80036939061e-18, 7.09209106207e-18, 8.13149065104e-18, 5.38845758301e-18, 1.3270686869e-17, 1.63282375806e-17, 1.32927874806e-17, 1.45737792296e-17, 1.20304833961e-17, 1.54193116712e-17, 1.38366198559e-17, 1.43164532672e-17, 1.29322831445e-17, 1.58631205396e-17, 2.5000895431e-17, 1.77409330267e-17, 1.42505517878e-17, 1.02005803829e-17, 6.86657763885e-18, 2.89625338726e-18, 1.28574814085e-18, 4.01569226476e-19, 4.33801204386e-20], "var": [0.0136836580932, 5.5294508934, 29.9365978241, 6.03829526901, 54.1584625244, 290.066253662, 9793.14746094, 5593.68115234, 2513.11694336, 2163.68457031, 5051.72216797, 1036.51843262, 3027.27392578, 16807.5742188, 2205.90991211, 1126.55566406, 310.191497803, 1820.84973145, 983.999572754, 167.745529175, 144.837463379, 76.1115493774, 17.7870559692, 2.16211390495, 0.843619704247, 1.84498071671, 0.263630062342, 0.105343841016, 0.314636528492, 0.203343763947, 0.0239665042609, 0.0115992352366, 0.00370262260549, 0.00933038257062, 0.00859200023115, 0.0013818560401, 0.000166968209669, 1.92527622858e-05, 8.0176192796e-07, 3.31173621859e-09]}, "gfcc": {"mean": [-123.99017334, 180.932693481, -107.444503784, -14.4726705551, -46.0674133301, -13.9984617233, -44.1654777527, -15.3847761154, -16.365190506, -5.8093123436, -4.79180431366, -0.518590986729, 4.43118906021], "cov": [[15395.5556641, -1662.31103516, -2017.87915039, 1519.31542969, -667.221984863, 192.319076538, -360.004089355, 554.764038086, 5.75634431839, 543.23034668, -336.871612549, 355.081665039, -166.231216431], [-1662.31103516, 2793.2487793, -92.3334503174, -888.284545898, 481.264587402, -281.662536621, 76.675819397, -476.436767578, 54.6599998474, -427.759796143, 244.540649414, -316.179382324, 226.350906372], [-2017.87915039, -92.3334503174, 1111.66601562, -26.9713745117, 34.8254814148, 153.840057373, 134.141647339, -24.6936759949, -54.3542251587, 2.38570284843, 18.9762229919, 13.7708854675, -26.3962574005], [1519.31542969, -888.284545898, -26.9713745117, 906.264038086, -42.1562156677, 251.313430786, 153.412963867, 311.253997803, 143.026397705, 212.882644653, -75.3982620239, 113.074180603, -78.0756149292], [-667.221984863, 481.264587402, 34.8254814148, -42.1562156677, 410.750457764, 37.0853652954, 104.666320801, 39.9313735962, 85.2311401367, -14.9213705063, 42.9615364075, -33.643535614, 18.4254722595], [192.319076538, -281.662536621, 153.840057373, 251.313430786, 37.0853652954, 267.781951904, 116.71572113, 140.154602051, 48.458240509, 109.606864929, 10.4490718842, 40.8075752258, -19.4855098724], [-360.004089355, 76.675819397, 134.141647339, 153.412963867, 104.666320801, 116.71572113, 231.363555908, 79.9600830078, 80.8294906616, 39.8641662598, 35.8882713318, 26.623003006, 19.8465061188], [554.764038086, -476.436767578, -24.6936759949, 311.253997803, 39.9313735962, 140.154602051, 79.9600830078, 283.504669189, 84.3289031982, 121.634506226, -53.2639923096, 58.178565979, -38.0213279724], [5.75634431839, 54.6599998474, -54.3542251587, 143.026397705, 85.2311401367, 48.458240509, 80.8294906616, 84.3289031982, 160.702178955, 61.9585418701, 27.5209789276, -6.51897335052, 10.9053754807], [543.23034668, -427.759796143, 2.38570284843, 212.882644653, -14.9213705063, 109.606864929, 39.8641662598, 121.634506226, 61.9585418701, 214.361862183, 12.8893051147, 65.8916702271, -43.1331558228], [-336.871612549, 244.540649414, 18.9762229919, -75.3982620239, 42.9615364075, 10.4490718842, 35.8882713318, -53.2639923096, 27.5209789276, 12.8893051147, 142.059921265, 14.0999240875, 34.7058601379], [355.081665039, -316.179382324, 13.7708854675, 113.074180603, -33.643535614, 40.8075752258, 26.623003006, 58.178565979, -6.51897335052, 65.8916702271, 14.0999240875, 142.346817017, 24.8599815369], [-166.231216431, 226.350906372, -26.3962574005, -78.0756149292, 18.4254722595, -19.4855098724, 19.8465061188, -38.0213279724, 10.9053754807, -43.1331558228, 34.7058601379, 24.8599815369, 125.306228638]], "icov": [[0.000185433411389, -0.000380999874324, 0.000280089705484, -0.000359764642781, 0.000393347087083, -0.000208934390685, 0.000443219061708, -0.000250684912317, 0.000366107327864, -0.000535555824172, 0.000530538731255, -0.000720122712664, 0.000312188174576], [-0.000380999874324, 0.00278574763797, -0.000304373563267, 0.00131274980959, -0.00230732443742, 0.000728891929612, -0.00204148818739, 0.002036269987, -0.00146130449139, 0.0027032000944, -0.00284118647687, 0.00430215988308, -0.00239883409813], [0.000280089705484, -0.000304373563267, 0.00162252353039, -0.000227049968089, 0.000393971684389, -0.00111579266377, -0.000281551125227, 0.000271131226327, 0.000946228217799, -0.000500023539644, 0.000760825001635, -0.00092555640731, 0.000735555659048], [-0.000359764642781, 0.00131274980959, -0.000227049968089, 0.00347693543881, -0.000521913636476, -0.000799488043413, -0.00195577600971, 0.000145922283991, -0.00263145240024, 0.00130820495542, -0.000194388776436, 0.000750430976041, 0.000160731346114], [0.000393347087083, -0.00230732443742, 0.000393971684389, -0.000521913636476, 0.00526300305501, -0.000894219381735, 0.000626370485406, -0.0024570284877, -0.00016153602337, -0.00162553065456, 0.00191557104699, -0.00317909312434, 0.00224451557733], [-0.000208934390685, 0.000728891929612, -0.00111579266377, -0.000799488043413, -0.000894219381735, 0.00807296019047, -0.00252091325819, -0.00188284448814, 0.00155656202696, -0.00134595390409, -0.0024908746127, 0.00281548011117, -0.00157964846585], [0.000443219061708, -0.00204148818739, -0.000281551125227, -0.00195577600971, 0.000626370485406, -0.00252091325819, 0.00958358310163, -0.00186484691221, -0.00107534835115, -0.00101398595143, 0.000967717845924, -0.00401740288362, 0.000703476020135], [-0.000250684912317, 0.002036269987, 0.000271131226327, 0.000145922283991, -0.0024570284877, -0.00188284448814, -0.00186484691221, 0.01005867403, -0.00367445824668, 0.000624234322459, 0.00178660312667, 0.000662728329189, -0.000538515450899], [0.000366107327864, -0.00146130449139, 0.000946228217799, -0.00263145240024, -0.00016153602337, 0.00155656202696, -0.00107534835115, -0.00367445824668, 0.0137465661392, -0.00477711996064, -0.00130081176758, 0.00236737285741, -0.0019438713789], [-0.000535555824172, 0.0027032000944, -0.000500023539644, 0.00130820495542, -0.00162553065456, -0.00134595390409, -0.00101398595143, 0.000624234322459, -0.00477711996064, 0.0122607545927, -0.00464678369462, 0.0006254974287, 0.00129512499552], [0.000530538731255, -0.00284118647687, 0.000760825001635, -0.000194388776436, 0.00191557104699, -0.0024908746127, 0.000967717845924, 0.00178660312667, -0.00130081176758, -0.00464678369462, 0.0139771681279, -0.00687040854245, 0.00160055153538], [-0.000720122712664, 0.00430215988308, -0.00092555640731, 0.000750430976041, -0.00317909312434, 0.00281548011117, -0.00401740288362, 0.000662728329189, 0.00236737285741, 0.0006254974287, -0.00687040854245, 0.0187810733914, -0.00852527469397], [0.000312188174576, -0.00239883409813, 0.000735555659048, 0.000160731346114, 0.00224451557733, -0.00157964846585, 0.000703476020135, -0.000538515450899, -0.0019438713789, 0.00129512499552, 0.00160055153538, -0.00852527469397, 0.0139954481274]]}, "melbands": {"dmean": [0.000375111150788, 0.000603554944973, 0.000126226543216, 0.000196645007236, 0.000757912697736, 0.000558428349905, 0.000205961172469, 0.000106032130134, 0.000100917444797, 2.98758022836e-05, 2.94237870548e-05, 7.11887987563e-05, 2.37701515289e-05, 2.2482337954e-05, 1.43931783896e-05, 8.12363123259e-06, 8.34352158563e-06, 1.23801628433e-05, 9.07950106921e-06, 5.10630161443e-06, 4.23237906944e-06, 2.93145467367e-06, 1.38260099902e-06, 9.20843262975e-07, 2.84588821842e-07, 2.23402949473e-07, 1.32738421144e-07, 1.70350332951e-07, 8.26517236874e-08, 4.96087544377e-08, 4.50130244189e-08, 5.04878485685e-08, 3.56546436819e-08, 3.47674173895e-08, 1.491119761e-08, 1.26868293648e-08, 1.11345137555e-08, 8.90173534884e-09, 9.50914191833e-09, 1.34728503909e-08], "dmean2": [0.000578790961299, 0.00091784686083, 0.000185715820407, 0.000274485559203, 0.00114376517013, 0.000920903636143, 0.000299596402328, 0.000148295846884, 0.000119921598525, 3.77528376703e-05, 3.29335671267e-05, 8.0227975559e-05, 2.72516899713e-05, 3.17230042128e-05, 2.07169323403e-05, 1.1447414181e-05, 1.11818699224e-05, 1.68959377334e-05, 1.3009777831e-05, 7.90862850408e-06, 6.23471578365e-06, 4.19206071456e-06, 2.08979940908e-06, 1.3484172996e-06, 4.16904100575e-07, 3.51525756059e-07, 1.98544981345e-07, 2.5135855708e-07, 1.21058249647e-07, 7.4972057007e-08, 6.73245494909e-08, 7.2192534617e-08, 5.25852712485e-08, 4.78747814725e-08, 2.01015062373e-08, 1.79980261805e-08, 1.55845416572e-08, 1.34776074745e-08, 1.37068632e-08, 1.85084481075e-08], "dvar": [1.14872693757e-06, 2.94616620522e-06, 5.82505066404e-08, 1.53568080918e-07, 1.13923101708e-06, 6.91365130479e-07, 1.94414951693e-07, 5.49837544384e-08, 6.16481514726e-08, 5.47334666479e-09, 1.48378385134e-08, 5.63820208299e-08, 5.3372071207e-09, 3.28997851184e-09, 9.78276903929e-10, 2.88680662708e-10, 1.01303032629e-09, 7.10901892909e-10, 6.76243894215e-10, 2.9642424626e-10, 7.46494394077e-11, 4.64923759214e-11, 1.0178928013e-11, 6.77554193307e-12, 4.23488040425e-13, 1.95029566498e-13, 8.54627241371e-14, 2.12720317164e-13, 5.38677243545e-14, 1.57566474923e-14, 1.01926337514e-14, 2.76878045095e-14, 1.80745582347e-14, 1.7849820065e-14, 1.96072351301e-15, 1.84373852211e-15, 1.28008891769e-15, 1.0800691811e-15, 9.99767069567e-16, 3.80264726703e-15], "dvar2": [2.77308504337e-06, 7.09062942406e-06, 1.10906910322e-07, 2.51681257168e-07, 2.85982287096e-06, 1.86651845979e-06, 4.89762385314e-07, 1.06429929758e-07, 8.99016328049e-08, 7.3617361096e-09, 1.41470568593e-08, 5.91214330825e-08, 6.43271258483e-09, 7.56076357078e-09, 2.23476592787e-09, 5.71778346892e-10, 1.69950242768e-09, 1.36414535223e-09, 1.53746737563e-09, 7.3472744555e-10, 1.61417046396e-10, 9.64580290641e-11, 2.23491069401e-11, 1.29752363368e-11, 8.84452342094e-13, 5.01039531045e-13, 1.89767526779e-13, 4.44758596271e-13, 1.16607095616e-13, 3.71055216988e-14, 2.37678156507e-14, 5.59321062773e-14, 3.98534016118e-14, 3.24125424308e-14, 3.55464321985e-15, 2.97533854074e-15, 2.5949108449e-15, 2.68889910304e-15, 2.03536786797e-15, 7.71053414259e-15], "max": [0.0246357098222, 0.0426797606051, 0.00764812715352, 0.0118470555171, 0.0189854744822, 0.00996057596058, 0.0112271979451, 0.00660024024546, 0.00824459735304, 0.0034212837927, 0.00486071547493, 0.00686480151489, 0.00229428242892, 0.00108746637125, 0.000527368043549, 0.000361010839697, 0.00125046714675, 0.000748025311623, 0.000892062031198, 0.000327856163494, 0.000175291803316, 0.000156068665092, 6.68571083224e-05, 5.40856453881e-05, 1.91013077711e-05, 9.55626364885e-06, 5.70594420424e-06, 1.07146079245e-05, 4.79602431369e-06, 3.35143477059e-06, 2.07374341699e-06, 3.4766076169e-06, 3.16424393532e-06, 4.24061454396e-06, 8.40366226385e-07, 1.40481415656e-06, 7.1548328151e-07, 7.93325000359e-07, 5.78872970891e-07, 1.41734062709e-06], "mean": [0.000780054600909, 0.00124223867897, 0.000355669704732, 0.000557360530365, 0.00244995881803, 0.00151393318083, 0.000494217150845, 0.000262070330791, 0.000246740353759, 8.9664477855e-05, 7.08133229637e-05, 0.000169467792148, 6.10127644904e-05, 4.15101058024e-05, 2.89790114039e-05, 1.85402550414e-05, 2.41037905653e-05, 2.78518291452e-05, 1.85677126865e-05, 9.1401670943e-06, 9.09671507543e-06, 6.36411050436e-06, 2.88924479719e-06, 1.61870491411e-06, 5.49293474705e-07, 4.49942803016e-07, 3.31328067205e-07, 4.42052026983e-07, 1.95334280306e-07, 1.15708161275e-07, 1.18054920506e-07, 1.50494770423e-07, 9.24093868093e-08, 1.03208599e-07, 4.22286028368e-08, 3.0086813041e-08, 3.13007575414e-08, 1.99182998983e-08, 2.01487448948e-08, 3.07901366625e-08], "median": [7.20770040061e-05, 0.000207833189052, 0.000209899444599, 0.000327508547343, 0.00145522819366, 0.000910298025701, 0.000226475473028, 9.60302568274e-05, 3.81735735573e-05, 3.50857080775e-05, 1.95450866158e-05, 2.30306068261e-05, 8.2938131527e-06, 8.69399082148e-06, 1.0874337022e-05, 4.59219336335e-06, 1.91682784134e-06, 6.53687675367e-06, 3.7739328036e-06, 1.69979603015e-06, 2.19256730816e-06, 1.03759464309e-06, 5.31304749529e-07, 3.80809865419e-07, 2.07253407325e-07, 1.70698456259e-07, 1.01840200273e-07, 7.60853993143e-08, 4.34398153004e-08, 2.44386377801e-08, 2.25946692467e-08, 1.51809089743e-08, 7.76482522724e-09, 7.62733698423e-09, 4.66882132955e-09, 2.88704127271e-09, 2.0749379992e-09, 1.92240179331e-09, 1.23188281798e-09, 1.31041910656e-09], "min": [2.5817846017e-23, 1.25387350403e-23, 5.47575412243e-24, 5.7095732836e-24, 1.0108506238e-23, 1.40106098611e-23, 7.45536979851e-24, 6.71955190055e-24, 1.38661126314e-23, 4.43232740866e-24, 4.84539509459e-24, 7.9198834428e-24, 1.07794632035e-23, 9.16109849032e-24, 7.86305311432e-24, 8.04435070528e-24, 8.80378236558e-24, 1.01445903135e-23, 1.39522704417e-23, 9.34486442705e-24, 4.82173597275e-24, 1.24040891056e-23, 1.3691010754e-23, 1.42563147895e-23, 1.02341315483e-23, 1.05707534849e-23, 9.20414268561e-24, 7.33359018512e-24, 9.14118685221e-24, 9.08644937172e-24, 7.63649462893e-24, 8.39798363846e-24, 6.79113944998e-24, 7.93809114135e-24, 8.92217066593e-24, 1.11854536238e-23, 1.75462670834e-23, 1.23186562584e-23, 1.22555844625e-23, 1.19780789732e-23], "var": [3.2204004583e-06, 8.34695310914e-06, 2.38632395622e-07, 5.0728391443e-07, 7.32414537197e-06, 2.48825472227e-06, 6.73560236919e-07, 2.18837016064e-07, 3.69431489844e-07, 3.60201219962e-08, 7.59469784839e-08, 2.81134958868e-07, 3.34361978105e-08, 7.52728368525e-09, 2.24395169113e-09, 1.08000919319e-09, 9.66403135294e-09, 2.24198681842e-09, 1.39442446478e-09, 5.67113633831e-10, 2.82725037826e-10, 1.65536154229e-10, 4.16377626822e-11, 1.60701053159e-11, 1.06700542499e-12, 5.17419169576e-13, 3.54376060831e-13, 9.99211781025e-13, 1.82252799549e-13, 7.44565745322e-14, 5.3107092156e-14, 1.64058653815e-13, 9.16896766845e-14, 6.83390925229e-14, 8.31014114266e-15, 6.0791105697e-15, 5.08357580613e-15, 2.03873122404e-15, 2.78011290475e-15, 9.25536638432e-15]}, "mfcc": {"mean": [-765.908691406, 210.216262817, 3.78660345078, 5.02459955215, 3.4725792408, -2.56047296524, -15.5676050186, -12.2348394394, -8.88789463043, -10.6610078812, -11.2083377838, -5.36816740036, 1.85548257828], "cov": [[8960.35644531, -212.722183228, -1594.75061035, 1014.409729, 31.1820755005, -170.653488159, -201.2706604, 156.695465088, 213.671478271, 253.042114258, 301.417999268, 296.062194824, 316.058013916], [-212.722183228, 2022.32287598, -60.1468544006, -304.624908447, 103.070022583, 7.34384965897, -35.3480529785, -118.46459198, -89.275604248, -73.0662307739, -83.1876144409, -125.630058289, -100.972496033], [-1594.75061035, -60.1468544006, 1121.55358887, -219.167541504, -64.3610687256, 161.786361694, 116.409248352, -34.5962753296, -61.0645256042, -53.4493637085, -111.747261047, -54.3058700562, -38.1933555603], [1014.409729, -304.624908447, -219.167541504, 482.137115479, 108.170005798, 30.9285869598, 59.2569580078, 147.553619385, 143.197799683, 133.405731201, 127.610618591, 113.148017883, 83.7422409058], [31.1820755005, 103.070022583, -64.3610687256, 108.170005798, 211.644241333, 48.0651130676, 45.7969284058, 65.518119812, 56.0980224609, 63.8768539429, 62.4981117249, 34.7457695007, 6.62521409988], [-170.653488159, 7.34384965897, 161.786361694, 30.9285869598, 48.0651130676, 167.615432739, 92.9474105835, 33.460899353, 28.5962772369, 33.946144104, 38.1985855103, 32.6211585999, 17.8959522247], [-201.2706604, -35.3480529785, 116.409248352, 59.2569580078, 45.7969284058, 92.9474105835, 162.154083252, 89.512008667, 55.4785346985, 43.4072265625, 43.090297699, 32.0958480835, 18.6256141663], [156.695465088, -118.46459198, -34.5962753296, 147.553619385, 65.518119812, 33.460899353, 89.512008667, 172.436965942, 101.22077179, 59.0009651184, 47.3944702148, 42.2350616455, 31.8027324677], [213.671478271, -89.275604248, -61.0645256042, 143.197799683, 56.0980224609, 28.5962772369, 55.4785346985, 101.22077179, 160.781402588, 99.9377670288, 47.8771896362, 36.5380477905, 32.4887275696], [253.042114258, -73.0662307739, -53.4493637085, 133.405731201, 63.8768539429, 33.946144104, 43.4072265625, 59.0009651184, 99.9377670288, 176.986846924, 96.3048171997, 41.0165290833, 23.8450450897], [301.417999268, -83.1876144409, -111.747261047, 127.610618591, 62.4981117249, 38.1985855103, 43.090297699, 47.3944702148, 47.8771896362, 96.3048171997, 159.739639282, 76.3088531494, 23.1874885559], [296.062194824, -125.630058289, -54.3058700562, 113.148017883, 34.7457695007, 32.6211585999, 32.0958480835, 42.2350616455, 36.5380477905, 41.0165290833, 76.3088531494, 133.606399536, 64.6535568237], [316.058013916, -100.972496033, -38.1933555603, 83.7422409058, 6.62521409988, 17.8959522247, 18.6256141663, 31.8027324677, 32.4887275696, 23.8450450897, 23.1874885559, 64.6535568237, 124.795547485]], "icov": [[0.000206517841434, -5.85130037507e-05, 0.000196551176487, -0.00039978735731, 0.000254646642134, -7.75655425969e-05, 0.000274825986708, -3.2189374906e-05, 0.000101660858491, -9.23664192669e-05, -1.52003322e-05, -6.81481760694e-05, -0.000247843214311], [-5.85130037507e-05, 0.000657455122564, 0.00011472258484, 0.000522363174241, -0.000676271738485, -0.000164686935022, -0.000235325758695, 0.000332911033183, -2.62459197984e-05, 2.86126523861e-05, 0.000195929475012, 0.000322569336277, 0.000172373998794], [0.000196551176487, 0.00011472258484, 0.00163460173644, 0.000107776082586, 0.000455448869616, -0.00143230776303, -0.000684151891619, 0.00012194502051, 0.000586939044297, -0.000601812673267, 0.00131056341343, -0.000158558832482, 7.605610881e-05], [-0.00039978735731, 0.000522363174241, 0.000107776082586, 0.00514300353825, -0.00136666069739, -3.78057011403e-05, 1.70646326296e-05, -0.00166717148386, -0.00131037016399, -0.000602769374382, -0.000737472437322, -0.000870212679729, -0.000438544841018], [0.000254646642134, -0.000676271738485, 0.000455448869616, -0.00136666069739, 0.00715519394726, -0.00155317841563, 0.000593772274442, -0.00167161249556, 0.000121489596495, -0.000926203501876, -0.000830618024338, -0.000526531017385, 0.000617074489128], [-7.75655425969e-05, -0.000164686935022, -0.00143230776303, -3.78057011403e-05, -0.00155317841563, 0.0108208507299, -0.00508495979011, 0.00190892873798, -0.000696939358022, 0.000245999573963, -0.00152902677655, -0.000825914379675, -0.000700192293152], [0.000274825986708, -0.000235325758695, -0.000684151891619, 1.70646326296e-05, 0.000593772274442, -0.00508495979011, 0.0137438736856, -0.00617545796558, -0.000250717246672, -5.01352078572e-05, -0.00183871516492, -3.11036492349e-05, -0.000454500783235], [-3.2189374906e-05, 0.000332911033183, 0.00012194502051, -0.00166717148386, -0.00167161249556, 0.00190892873798, -0.00617545796558, 0.0136360963807, -0.00556501932442, 0.00180511828512, 8.11483114376e-05, -2.96558828268e-05, -0.000127240258735], [0.000101660858491, -2.62459197984e-05, 0.000586939044297, -0.00131037016399, 0.000121489596495, -0.000696939358022, -0.000250717246672, -0.00556501932442, 0.0145948678255, -0.00670033553615, 0.00298167252913, -0.000294927216601, -0.000591195421293], [-9.23664192669e-05, 2.86126523861e-05, -0.000601812673267, -0.000602769374382, -0.000926203501876, 0.000245999573963, -5.01352078572e-05, 0.00180511828512, -0.00670033553615, 0.0126794977114, -0.00648808665574, 0.00199027615599, -0.000465237419121], [-1.52003322e-05, 0.000195929475012, 0.00131056341343, -0.000737472437322, -0.000830618024338, -0.00152902677655, -0.00183871516492, 8.11483114376e-05, 0.00298167252913, -0.00648808665574, 0.0145616624504, -0.00594428787008, 0.00244753854349], [-6.81481760694e-05, 0.000322569336277, -0.000158558832482, -0.000870212679729, -0.000526531017385, -0.000825914379675, -3.11036492349e-05, -2.96558828268e-05, -0.000294927216601, 0.00199027615599, -0.00594428787008, 0.014544823207, -0.00560676585883], [-0.000247843214311, 0.000172373998794, 7.605610881e-05, -0.000438544841018, 0.000617074489128, -0.000700192293152, -0.000454500783235, -0.000127240258735, -0.000591195421293, -0.000465237419121, 0.00244753854349, -0.00560676585883, 0.0119585003704]]}, "spectral_contrast_coeffs": {"dmean": [0.0397496037185, 0.0408890992403, 0.0311203096062, 0.0278685614467, 0.0204189568758, 0.0209231916815], "dmean2": [0.0654081702232, 0.0689551010728, 0.0468647480011, 0.0432329922915, 0.0322959497571, 0.0341083668172], "dvar": [0.00115626049228, 0.00121927179862, 0.000775884196628, 0.000589497212786, 0.000326607463649, 0.000427510967711], "dvar2": [0.00293513387442, 0.00338298152201, 0.00174588779919, 0.00131635274738, 0.000785704236478, 0.00109790381975], "max": [-0.267366826534, -0.332843661308, -0.437413990498, -0.533082008362, -0.586593210697, -0.634779810905], "mean": [-0.555700957775, -0.593395113945, -0.701726436615, -0.711422204971, -0.752196848392, -0.783757567406], "median": [-0.558898627758, -0.592538833618, -0.706904172897, -0.706116080284, -0.754138946533, -0.773510694504], "min": [-0.970504045486, -0.96037620306, -0.956845164299, -0.95693731308, -0.955715477467, -0.958476781845], "var": [0.0101656671613, 0.00863329507411, 0.00539680849761, 0.00373911205679, 0.00239324662834, 0.00474783172831]}, "spectral_contrast_valleys": {"dmean": [0.36940357089, 0.277494251728, 0.267529517412, 0.283890455961, 0.266041427851, 0.39191403985], "dmean2": [0.612292528152, 0.451832234859, 0.418966948986, 0.418963819742, 0.372666597366, 0.611408829689], "dvar": [0.128854066133, 0.08