{"lowlevel": {"average_loudness": 0.168566718698, "barkbands_crest": {"dmean": 1.81331479549, "dmean2": 2.92663931847, "dvar": 4.03034496307, "dvar2": 9.83582019806, "max": 25.8037261963, "mean": 12.3714456558, "median": 11.7931213379, "min": 3.68547058105, "var": 16.672744751}, "barkbands_flatness_db": {"dmean": 0.0231186933815, "dmean2": 0.0331155732274, "dvar": 0.000695752620231, "dvar2": 0.00140416785143, "max": 0.539616167545, "mean": 0.274913221598, "median": 0.271443545818, "min": 0.0387797579169, "var": 0.00583047326654}, "barkbands_kurtosis": {"dmean": 3.48189496994, "dmean2": 5.33050775528, "dvar": 107.227859497, "dvar2": 199.76940918, "max": 591.691162109, "mean": 9.24145317078, "median": 6.22359085083, "min": -1.57560563087, "var": 363.184051514}, "barkbands_skewness": {"dmean": 0.423934310675, "dmean2": 0.641280829906, "dvar": 0.347945213318, "dvar2": 0.732530117035, "max": 18.592086792, "mean": 1.73353588581, "median": 1.70057952404, "min": -2.71949458122, "var": 1.84319400787}, "barkbands_spread": {"dmean": 1.36548864841, "dmean2": 2.10830140114, "dvar": 6.48809862137, "dvar2": 14.8165969849, "max": 64.3061676025, "mean": 6.29850816727, "median": 4.66366624832, "min": 0.271728903055, "var": 31.1440448761}, "dissonance": {"dmean": 0.0340877324343, "dmean2": 0.0549855083227, "dvar": 0.00107766885776, "dvar2": 0.00261512142606, "max": 0.499999940395, "mean": 0.381068050861, "median": 0.396122187376, "min": 0.0814541727304, "var": 0.00562855554745}, "dynamic_complexity": 6.07380580902, "erbbands_crest": {"dmean": 1.94299256802, "dmean2": 3.11485004425, "dvar": 4.83745765686, "dvar2": 12.1436395645, "max": 32.1463813782, "mean": 11.9424467087, "median": 11.1943292618, "min": 2.68009805679, "var": 20.610452652}, "erbbands_flatness_db": {"dmean": 0.0195529703051, "dmean2": 0.026611238718, "dvar": 0.000481595925521, "dvar2": 0.000953485548962, "max": 0.480330526829, "mean": 0.259800165892, "median": 0.25589209795, "min": 0.0683246701956, "var": 0.0040540904738}, "erbbands_kurtosis": {"dmean": 1.42813658714, "dmean2": 2.24743461609, "dvar": 7.4585442543, "dvar2": 17.8454170227, "max": 77.640411377, "mean": 3.24293541908, "median": 1.95044279099, "min": -1.7256731987, "var": 24.5854263306}, "erbbands_skewness": {"dmean": 0.295001298189, "dmean2": 0.451214522123, "dvar": 0.138766616583, "dvar2": 0.306779950857, "max": 7.77696037292, "mean": 1.26676166058, "median": 1.25307381153, "min": -2.55172777176, "var": 0.779521822929}, "erbbands_spread": {"dmean": 3.76927113533, "dmean2": 5.73977947235, "dvar": 29.7974796295, "dvar2": 67.897567749, "max": 90.0817947388, "mean": 19.2642669678, "median": 16.714679718, "min": 1.67857670784, "var": 131.770889282}, "hfc": {"dmean": 1.51224648952, "dmean2": 2.16327929497, "dvar": 14.7896881104, "dvar2": 28.9723930359, "max": 94.1998901367, "mean": 6.3381524086, "median": 3.02029514313, "min": 1.1861474846e-16, "var": 85.0109405518}, "melbands_crest": {"dmean": 2.35565114021, "dmean2": 3.88599896431, "dvar": 7.67612171173, "dvar2": 19.2501811981, "max": 37.4173431396, "mean": 15.7364530563, "median": 15.0666294098, "min": 1.59056401253, "var": 28.7515296936}, "melbands_flatness_db": {"dmean": 0.0263883806765, "dmean2": 0.0361058339477, "dvar": 0.000996478716843, "dvar2": 0.00188213970978, "max": 0.685863435268, "mean": 0.356406390667, "median": 0.354231327772, "min": 0.00309892115183, "var": 0.0108469417319}, "melbands_kurtosis": {"dmean": 4.88210296631, "dmean2": 7.47913980484, "dvar": 230.914810181, "dvar2": 454.699432373, "max": 674.547912598, "mean": 13.067404747, "median": 8.89198207855, "min": -1.56497824192, "var": 694.199462891}, "melbands_skewness": {"dmean": 0.457264721394, "dmean2": 0.693692922592, "dvar": 0.451422661543, "dvar2": 0.97790312767, "max": 17.9652099609, "mean": 2.10582447052, "median": 1.98873031139, "min": -1.49369692802, "var": 1.93688750267}, "melbands_spread": {"dmean": 1.69230103493, "dmean2": 2.66696596146, "dvar": 18.514465332, "dvar2": 47.7096176147, "max": 192.871368408, "mean": 9.38876438141, "median": 5.61929416656, "min": 0.224346995354, "var": 338.519683838}, "pitch_salience": {"dmean": 0.0530438683927, "dmean2": 0.0859826952219, "dvar": 0.00352689088322, "dvar2": 0.00846194382757, "max": 0.835401892662, "mean": 0.559348762035, "median": 0.566442847252, "min": 0.0505711659789, "var": 0.0134562747553}, "silence_rate_20dB": {"dmean": 0, "dmean2": 0, "dvar": 0, "dvar2": 0, "max": 1, "mean": 1, "median": 1, "min": 1, "var": 0}, "silence_rate_30dB": {"dmean": 0.00706991367042, "dmean2": 0.0141416788101, "dvar": 0.00701958173886, "dvar2": 0.0160353835672, "max": 1, "mean": 0.986778378487, "median": 1, "min": 0, "var": 0.013047429733}, "silence_rate_60dB": {"dmean": 0.0348258689046, "dmean2": 0.0696608647704, "dvar": 0.0336120463908, "dvar2": 0.0718824863434, "max": 1, "mean": 0.247283682227, "median": 0, "min": 0, "var": 0.186133235693}, "spectral_centroid": {"dmean": 67.4812393188, "dmean2": 100.80821228, "dvar": 25657.7988281, "dvar2": 42295.9257812, "max": 11710.3007812, "mean": 553.873291016, "median": 403.954162598, "min": 161.848266602, "var": 340783.15625}, "spectral_complexity": {"dmean": 1.18722176552, "dmean2": 1.82270526886, "dvar": 2.613104105, "dvar2": 4.69391345978, "max": 32, "mean": 7.43317174911, "median": 7, "min": 0, "var": 20.4188404083}, "spectral_decrease": {"dmean": 1.17824561219e-09, "dmean2": 1.77479564378e-09, "dvar": 8.28354381842e-18, "dvar2": 1.86534753697e-17, "max": 7.87037454708e-18, "mean": -4.62921745381e-09, "median": -2.46056264253e-09, "min": -7.76671456038e-08, "var": 3.85622866545e-17}, "spectral_energy": {"dmean": 0.0045763370581, "dmean2": 0.00688087008893, "dvar": 0.000124796657474, "dvar2": 0.000279886036878, "max": 0.301580160856, "mean": 0.0180465728045, "median": 0.00958444178104, "min": 1.05621052596e-20, "var": 0.000586700509302}, "spectral_energyband_high": {"dmean": 1.94187632587e-05, "dmean2": 2.81002339761e-05, "dvar": 8.91330032005e-09, "dvar2": 1.97821314885e-08, "max": 0.00343785504811, "mean": 3.41636805388e-05, "median": 3.2171044495e-06, "min": 7.61152535743e-21, "var": 1.86299633498e-08}, "spectral_energyband_low": {"dmean": 0.00116040487774, "dmean2": 0.00183774484321, "dvar": 9.67320283962e-06, "dvar2": 2.38741049543e-05, "max": 0.0832122042775, "mean": 0.00365925789811, "median": 0.0016980797518, "min": 3.90503124371e-23, "var": 3.4934055293e-05}, "spectral_energyband_middle_high": {"dmean": 0.000302778644254, "dmean2": 0.000419670162955, "dvar": 9.94104311758e-07, "dvar2": 1.72128591203e-06, "max": 0.0310626123101, "mean": 0.00108381547034, "median": 0.00026815442834, "min": 1.65670372548e-21, "var": 5.80868936595e-06}, "spectral_energyband_middle_low": {"dmean": 0.0038193478249, "dmean2": 0.00586262624711, "dvar": 0.000102547484857, "dvar2": 0.000235583996982, "max": 0.291476845741, "mean": 0.0138320270926, "median": 0.00646049994975, "min": 2.93212858443e-22, "var": 0.000441850716015}, "spectral_entropy": {"dmean": 0.240595221519, "dmean2": 0.338145852089, "dvar": 0.0803151354194, "dvar2": 0.168080955744, "max": 9.79784107208, "mean": 6.09979486465, "median": 6.06538200378, "min": 3.94707608223, "var": 0.591510474682}, "spectral_flux": {"dmean": 0.0163135807961, "dmean2": 0.0257432926446, "dvar": 0.000753918953706, "dvar2": 0.00182790553663, "max": 0.387143075466, "mean": 0.0347937718034, "median": 0.0240278020501, "min": 1.02772103328e-10, "var": 0.00135288818274}, "spectral_kurtosis": {"dmean": 12.8121433258, "dmean2": 20.4365367889, "dvar": 297.830932617, "dvar2": 679.506835938, "max": 385.749603271, "mean": 31.8957271576, "median": 18.1130180359, "min": -1.1806075573, "var": 1414.02697754}, "spectral_rms": {"dmean": 0.000454460299807, "dmean2": 0.000662436534185, "dvar": 6.17147406956e-07, "dvar2": 1.19124433695e-06, "max": 0.017152974382, "mean": 0.00347593426704, "median": 0.00305788731202, "min": 3.21006134001e-12, "var": 5.52440906176e-06}, "spectral_rolloff": {"dmean": 81.4693374634, "dmean2": 140.186401367, "dvar": 96803.03125, "dvar2": 207922.015625, "max": 19552.1484375, "mean": 854.437683105, "median": 430.6640625, "min": 43.06640625, "var": 6450508}, "spectral_skewness": {"dmean": 0.833320319653, "dmean2": 1.33278787136, "dvar": 0.758914351463, "dvar2": 1.78300094604, "max": 15.3624849319, "mean": 3.76124620438, "median": 3.11304426193, "min": -0.0616668835282, "var": 4.97259950638}, "spectral_spread": {"dmean": 402857.1875, "dmean2": 622710.125, "dvar": 276846542848, "dvar2": 475331067904, "max": 39650912, "mean": 2375847.75, "median": 2126329.75, "min": 319744.9375, "var": 2253745815550.0}, "spectral_strongpeak": {"dmean": 0.189323097467, "dmean2": 0.312429249287, "dvar": 0.094993956387, "dvar2": 0.213086724281, "max": 4.8548412323, "mean": 0.683336853981, "median": 0.485762357712, "min": 0, "var": 0.435987204313}, "zerocrossingrate": {"dmean": 0.00310222897679, "dmean2": 0.00386712094769, "dvar": 3.25087094097e-05, "dvar2": 3.49499750882e-05, "max": 0.5224609375, "mean": 0.0302851982415, "median": 0.01806640625, "min": 0.001953125, "var": 0.00478882249445}, "barkbands": {"dmean": [0.000229631754337, 0.00044000838534, 0.00059847481316, 0.000272485835012, 0.00283159059472, 0.000714490481187, 0.00055947189685, 0.000206997181522, 0.000192669976968, 0.000130621599965, 4.65135235572e-05, 7.18270748621e-05, 3.81974132324e-05, 3.41540981026e-05, 2.25042731472e-05, 2.38461198023e-05, 1.81985033123e-05, 1.64119883266e-05, 1.25301894514e-05, 9.14156316867e-06, 7.46120576878e-06, 4.13437192037e-06, 2.41680254476e-06, 1.55763086696e-06, 7.88898603332e-07, 1.12166055999e-07, 2.21666973665e-09], "dmean2": [0.000380141718779, 0.000767124991398, 0.000921105325688, 0.000446535559604, 0.00456409808248, 0.00108913588338, 0.000830057600979, 0.00029979084502, 0.000286025227979, 0.000192053557839, 6.79596123518e-05, 0.000101363897556, 5.90885756537e-05, 5.25082177774e-05, 3.45486623701e-05, 3.61448765034e-05, 2.74162139249e-05, 2.4389479222e-05, 1.84013588296e-05, 1.41712025652e-05, 1.12603256639e-05, 6.19336378804e-06, 3.67035272575e-06, 2.33608875533e-06, 1.21560685784e-06, 1.8563881099e-07, 4.29395186075e-09], "dvar": [2.0015404516e-06, 2.30200862461e-06, 2.37834206018e-06, 5.76113563966e-07, 7.49153041397e-05, 5.97790130996e-06, 2.34162757806e-06, 1.01010823528e-06, 3.75923264073e-07, 3.25468135998e-07, 3.84488458849e-08, 7.47515542798e-08, 1.83037975887e-08, 1.07056497001e-08, 6.59480781096e-09, 5.64282576221e-09, 5.42340927723e-09, 3.57531604323e-09, 1.89081839075e-09, 1.88623827668e-09, 1.62895263944e-09, 4.04306338408e-10, 2.31648547566e-10, 1.56483784264e-10, 3.40271873178e-11, 1.57636956873e-12, 6.33844410606e-15], "dvar2": [5.15503415954e-06, 6.3227253122e-06, 4.97852215631e-06, 1.37200879635e-06, 0.000191390587133, 1.05745330075e-05, 4.60632600152e-06, 1.78522236638e-06, 6.50748916087e-07, 5.68091195419e-07, 7.5351238138e-08, 1.32375831186e-07, 3.74065827202e-08, 2.32625954055e-08, 1.51980952268e-08, 1.19715979352e-08, 1.14293641218e-08, 7.65677743431e-09, 3.75204312064e-09, 4.79069983683e-09, 4.00831812186e-09, 8.618431524e-10, 5.40862910015e-10, 3.43653161483e-10, 8.2720413852e-11, 3.42033974927e-12, 1.89998146746e-14], "max": [0.0433742068708, 0.0460599437356, 0.0511016473174, 0.0328678637743, 0.262931287289, 0.13949675858, 0.0370093360543, 0.0396875031292, 0.0158318467438, 0.0237507168204, 0.00841079559177, 0.00924350507557, 0.00359672424383, 0.00338087789714, 0.00372117827646, 0.00304829049855, 0.00267290114425, 0.00218169996515, 0.00222150678746, 0.00163663935382, 0.00144190597348, 0.000870976655278, 0.000572079210542, 0.000698613643181, 0.000205255768378, 5.60466032766e-05, 4.92159870191e-06], "mean": [0.000204228446819, 0.000816394051071, 0.00210210145451, 0.000796571199317, 0.00710457935929, 0.0024087165948, 0.00211407616735, 0.00059706257889, 0.00075898587238, 0.000437588227214, 0.000104501683381, 0.000202838869882, 9.12624891498e-05, 7.35829235055e-05, 4.68193538836e-05, 4.85119162477e-05, 3.60699086741e-05, 3.51445814886e-05, 2.57515148405e-05, 1.61657826538e-05, 1.23287027236e-05, 6.76496938468e-06, 3.45386183653e-06, 2.05484184335e-06, 9.372207046e-07, 1.11558073002e-07, 1.58640756087e-09], "median": [3.94260205212e-05, 0.000535361934453, 0.000547255505808, 0.000152902997797, 0.00240455567837, 0.000617583631538, 0.000476955843624, 6.28017587587e-05, 0.000124112411868, 5.33384481969e-05, 9.84966573014e-06, 2.13315979636e-05, 1.30459866341e-05, 1.50879714056e-05, 7.62631043472e-06, 9.24074447539e-06, 5.03520686834e-06, 4.69349515697e-06, 3.31036540047e-06, 1.86785848655e-06, 9.06329091777e-07, 4.50436118626e-07, 1.52545283072e-07, 1.03046332356e-07, 5.40552314021e-08, 2.2557400392e-09, 3.74989150842e-10], "min": [1.08180061584e-23, 1.96899681943e-23, 1.30743155859e-23, 1.39868943357e-24, 1.48300691031e-23, 5.90520700156e-23, 4.93884103307e-23, 8.11771129848e-23, 7.96680410058e-23, 5.47085640061e-23, 4.14966237467e-23, 9.15517004284e-23, 6.70191991269e-23, 2.30568820736e-22, 2.3165449529e-22, 6.62181834528e-23, 1.43559532861e-22, 2.16649502592e-22, 2.31688599325e-22, 5.64139954552e-22, 2.54532319822e-22, 5.90921391009e-22, 4.94458974647e-22, 6.63232597254e-22, 1.22129249158e-21, 1.83166827798e-21, 2.39440191442e-21], "var": [1.54999304414e-06, 1.99324495043e-06, 1.7286523871e-05, 3.93489744965e-06, 0.000205212520086, 4.60677511001e-05, 1.56390451593e-05, 4.85221289637e-06, 2.75139655059e-06, 1.9107103526e-06, 1.2945480421e-07, 3.66096799098e-07, 6.26521625691e-08, 3.13399333152e-08, 2.056576065e-08, 1.64002162961e-08, 1.37596707361e-08, 1.07645661274e-08, 7.53396633968e-09, 3.15526604844e-09, 2.78175305013e-09, 9.87743442593e-10, 3.7522435159e-10, 2.31004659845e-10, 3.82619769201e-11, 1.7736314804e-12, 3.18246541316e-15]}, "erbbands": {"dmean": [0.0195974688977, 0.0854585170746, 0.537581562996, 0.935564577579, 4.83991670609, 11.2179164886, 8.69353961945, 5.20137739182, 8.72850513458, 4.57686424255, 4.50798940659, 4.64482355118, 3.31887960434, 3.4969625473, 2.59625434875, 2.09299445152, 1.95002019405, 1.45414817333, 1.33077323437, 1.48274493217, 1.22689247131, 0.986328482628, 0.886587619781, 0.720662474632, 0.58109909296, 0.45537340641, 0.335763067007, 0.259441494942, 0.154673218727, 0.108128629625, 0.0600757673383, 0.041277512908, 0.0202311258763, 0.010680180043, 0.00473551498726, 0.00109639484435, 4.01682118536e-05, 3.10417976834e-06, 2.44314924203e-06, 5.09760911882e-06], "dmean2": [0.0346379801631, 0.14437648654, 0.809265732765, 1.49017655849, 7.91698312759, 18.2114009857, 13.8022212982, 7.80343008041, 12.9660396576, 6.65936994553, 6.47671031952, 6.95852327347, 4.90019273758, 5.10477638245, 3.66507840157, 2.95722126961, 2.97353863716, 2.21326112747, 2.04023361206, 2.22056508064, 1.87647259235, 1.45534026623, 1.32157170773, 1.06657230854, 0.846283733845, 0.696438014507, 0.497096121311, 0.400006055832, 0.231889456511, 0.162002459168, 0.0920346230268, 0.0624148361385, 0.0303421765566, 0.0163066424429, 0.00743956910446, 0.00174873555079, 6.50935326121e-05, 5.34036689714e-06, 3.74642650058e-06, 7.64643482398e-06], "dvar": [0.00841191504151, 0.042733553797, 1.78023183346, 6.57339859009, 309.314483643, 1277.91821289, 660.098510742, 457.81918335, 582.813537598, 176.065734863, 371.767028809, 239.630508423, 276.613891602, 149.455413818, 80.5131607056, 55.2868843079, 47.6736755371, 19.224313736, 17.0598430634, 31.6158332825, 16.6783924103, 17.9649219513, 11.9271936417, 5.72226285934, 5.29755067825, 4.15770435333, 2.3595468998, 2.83032417297, 0.588912904263, 0.356195956469, 0.150124743581, 0.110559828579, 0.019918397069, 0.00582007365301, 0.00138425128534, 0.000115130278573, 1.62974032492e-07, 3.40400463372e-09, 1.8847290395e-10, 1.53930132529e-10], "dvar2": [0.0231574065983, 0.113273590803, 3.46998667717, 15.2782011032, 788.36541748, 3395.67114258, 1493.23999023, 785.44317627, 1175.04406738, 335.868041992, 651.888427734, 400.158233643, 526.003295898, 269.179870605, 152.020584106, 97.8165512085, 94.2102813721, 39.2123298645, 38.7605705261, 65.5116882324, 37.0965957642, 37.0346984863, 25.4520187378, 11.4872236252, 10.5990657806, 10.0600919724, 5.15606164932, 7.58331632614, 1.24531006813, 0.781311452389, 0.363329619169, 0.252477407455, 0.0415544733405, 0.0135634634644, 0.00342770013958, 0.000245514034759, 3.73697503164e-07, 1.00233252809e-08, 5.42501210621e-10, 3.43796602298e-10], "max": [3.04087924957, 4.66789531708, 46.2990646362, 118.275939941, 487.247680664, 1447.02001953, 938.421081543, 1199.53808594, 688.858337402, 637.986816406, 618.307250977, 472.658172607, 889.263061523, 320.887176514, 424.749359131, 224.974700928, 195.856124878, 132.175842285, 116.34085083, 250.550598145, 217.013809204, 190.568054199, 122.466209412, 76.8385238647, 158.062606812, 77.8743591309, 45.4358978271, 77.9312438965, 35.6251029968, 24.0069084167, 15.4421653748, 18.0691299438, 7.08437299728, 2.34867596626, 1.37967479229, 0.496290594339, 0.0188890099525, 0.00345699652098, 0.000807659293059, 0.000333510950441], "mean": [0.0321727059782, 0.1864284724, 1.89070391655, 3.27215027809, 9.19588088989, 28.578710556, 25.2848033905, 19.8856544495, 33.1806640625, 16.7641773224, 13.927025795, 19.454744339, 11.7699804306, 11.721529007, 7.10091114044, 6.03881978989, 4.9147772789, 3.43338084221, 2.83070731163, 3.10987377167, 2.53795742989, 2.00854229927, 1.91166007519, 1.58349132538, 1.17308628559, 0.849735617638, 0.609923601151, 0.387538790703, 0.254269689322, 0.162260770798, 0.0848966687918, 0.0539673790336, 0.0271509885788, 0.0128147155046, 0.00559753598645, 0.00120543676894, 4.54028195236e-05, 3.6962901504e-06, 8.84580276761e-06, 2.01283419301e-05], "median": [0.0214169118553, 0.0995822027326, 0.517007231712, 1.0493491888, 2.46962690353, 9.08905982971, 7.67531919479, 4.88470840454, 7.37974452972, 5.05557870865, 2.64894175529, 3.12064576149, 1.78612542152, 1.75150990486, 1.37082791328, 0.942165434361, 0.821698129177, 0.741425216198, 0.597919285297, 0.534430980682, 0.488702207804, 0.340817332268, 0.260943382978, 0.232994586229, 0.159403115511, 0.0989297106862, 0.0518547594547, 0.0289814975113, 0.016776945442, 0.00827836990356, 0.00405110325664, 0.00238885101862, 0.00161582196597, 0.000762118957937, 0.000323737272993, 5.82107022638e-05, 6.97698033036e-06, 9.77934746516e-07, 4.63902097181e-06, 1.07144160211e-05], "min": [3.11121313656e-22, 5.46649012492e-21, 1.60006602674e-20, 9.73163208046e-21, 3.08688424215e-20, 3.41430236188e-20, 9.98970128403e-20, 6.09629888404e-19, 7.11870394392e-19, 1.12099051324e-18, 1.78795420276e-18, 1.71049545923e-18, 1.80472818481e-18, 2.35634805195e-18, 2.28436720864e-18, 3.77773633907e-18, 3.75920170309e-18, 1.12621384862e-17, 1.14064020937e-17, 7.44679520772e-18, 4.84964329893e-18, 8.66968413607e-18, 1.220749922e-17, 7.20459507001e-18, 2.00816026973e-17, 2.32128254229e-17, 1.47711246714e-17, 1.15705627037e-17, 1.78148846278e-17, 2.08495522149e-17, 1.3929756257e-17, 1.2436386713e-17, 1.21388357845e-17, 1.2277163544e-17, 9.04817634178e-18, 7.19711653009e-18, 3.56448214612e-18, 1.2288513496e-18, 3.19787171783e-19, 3.81293297753e-20], "var": [0.00594701198861, 0.0801570266485, 13.2689733505, 51.4092941284, 505.005828857, 4009.08911133, 3303.03417969, 3594.10595703, 3798.79882812, 873.457458496, 1844.3581543, 2023.64941406, 1298.15246582, 904.27947998, 301.356201172, 268.428527832, 173.93850708, 64.4172439575, 49.4137687683, 107.793190002, 49.5178337097, 37.6500892639, 35.5648574829, 22.827299118, 20.999797821, 8.57562065125, 5.78990221024, 3.25362658501, 1.46361851692, 0.68899667263, 0.2346496135, 0.162057563663, 0.0304131973535, 0.00682742614299, 0.00159935618285, 0.000136034548632, 1.64441914308e-07, 1.86209359043e-09, 2.22513910075e-10, 7.30134952498e-10]}, "gfcc": {"mean": [-177.398300171, 184.367645264, -106.447570801, 20.8966808319, -53.687915802, -8.78308296204, -31.7652339935, -7.39304828644, -13.6743097305, -10.352640152, 0.108703128994, -11.4767379761, 6.71284198761], "cov": [[21127.0273438, 3563.63793945, -2837.77246094, 857.774047852, -812.932189941, -619.271972656, -161.396881104, -473.511901855, -151.107650757, -622.483764648, -1.25557982922, -422.623260498, 115.887214661], [3563.63793945, 2798.72924805, 232.492797852, -578.49005127, 279.967590332, -358.020172119, 65.6748275757, -248.251174927, 47.4376678467, -215.588378906, 47.420753479, -244.518600464, -1.29051697254], [-2837.77246094, 232.492797852, 1267.13305664, -263.868438721, 144.050476074, 172.010391235, -37.6959762573, 24.8926105499, -6.8343873024, 37.8428344727, -23.7869739532, -30.793214798, -44.1542129517], [857.774047852, -578.49005127, -263.868438721, 763.662475586, -120.117332458, 96.1467514038, -38.6205635071, 36.4606208801, -20.753364563, 2.03591609001, -10.3268594742, 18.9931259155, 31.3769111633], [-812.932189941, 279.967590332, 144.050476074, -120.117332458, 350.963104248, -29.0943107605, 27.5376605988, -28.2663345337, 4.24133968353, -14.7377338409, -11.0041036606, -34.9368476868, -26.030664444], [-619.271972656, -358.020172119, 172.010391235, 96.1467514038, -29.0943107605, 261.835174561, -24.3447780609, 62.8252830505, -15.1659135818, 39.3652229309, -13.0937204361, 19.8868980408, -5.87053155899], [-161.396881104, 65.6748275757, -37.6959762573, -38.6205635071, 27.5376605988, -24.3447780609, 155.200775146, 8.21302986145, 19.7947406769, -13.9176130295, 15.0250692368, -1.74821746349, -20.9608516693], [-473.511901855, -248.251174927, 24.8926105499, 36.4606208801, -28.2663345337, 62.8252830505, 8.21302986145, 156.30229187, 23.0926532745, 46.8426818848, 19.3949489594, 29.7381229401, -3.19152665138], [-151.107650757, 47.4376678467, -6.8343873024, -20.753364563, 4.24133968353, -15.1659135818, 19.7947406769, 23.0926532745, 107.369667053, 26.5266170502, 14.5442094803, -2.15822863579, 3.11363434792], [-622.483764648, -215.588378906, 37.8428344727, 2.03591609001, -14.7377338409, 39.3652229309, -13.9176130295, 46.8426818848, 26.5266170502, 110.962532043, 22.2614002228, 30.6837177277, 5.01288461685], [-1.25557982922, 47.420753479, -23.7869739532, -10.3268594742, -11.0041036606, -13.0937204361, 15.0250692368, 19.3949489594, 14.5442094803, 22.2614002228, 83.5840759277, 26.5750217438, 5.39903306961], [-422.623260498, -244.518600464, -30.793214798, 18.9931259155, -34.9368476868, 19.8868980408, -1.74821746349, 29.7381229401, -2.15822863579, 30.6837177277, 26.5750217438, 108.99861145, 34.4474906921], [115.887214661, -1.29051697254, -44.1542129517, 31.3769111633, -26.030664444, -5.87053155899, -20.9608516693, -3.19152665138, 3.11363434792, 5.01288461685, 5.39903306961, 34.4474906921, 87.3916015625]], "icov": [[0.000284348498099, -0.000602722924668, 0.000655371521134, -0.000370826339349, 0.000723851087969, -0.000319737795508, 0.000438689341536, -7.14722773409e-05, 0.000372423732188, 0.000324418768287, 0.000276662380202, 7.15195637895e-05, 0.000297876045806], [-0.000602722924668, 0.00217468384653, -0.00157859490719, 0.00121638283599, -0.00180459755939, 0.00126941071358, -0.000953871349338, 0.000717726361472, -0.00119262561202, 0.00053316593403, -0.00193586770911, 0.00166033336427, -0.00158071808983], [0.000655371521134, -0.00157859490719, 0.00261008110829, -0.000525387644302, 0.00137434678618, -0.00170392158907, 0.00131346355192, -0.00029459662619, 0.000965463405009, 0.000318304839311, 0.000999133335426, 2.2731925128e-05, 0.00109082495328], [-0.000370826339349, 0.00121638283599, -0.000525387644302, 0.00233197235502, -0.000791995611507, -9.89588661469e-05, -0.000303762499243, 0.000135579583002, -0.000508752884343, 0.000343942956533, -0.000880873703863, 0.000954037182964, -0.00122671166901], [0.000723851087969, -0.00180459755939, 0.00137434678618, -0.000791995611507, 0.0052026999183, -0.000662619480863, 0.000604266708251, 3.49571814695e-06, 0.00100224011112, 0.000474076310638, 0.00134657160379, 0.000190767692402, 0.00142116378993], [-0.000319737795508, 0.00126941071358, -0.00170392158907, -9.89588661469e-05, -0.000662619480863, 0.0062218979001, -0.000312937889248, -0.00117524003144, 0.000283735746052, -0.00076480593998, 2.96494581562e-05, 0.000461454445031, -0.000429984065704], [0.000438689341536, -0.000953871349338, 0.00131346355192, -0.000303762499243, 0.000604266708251, -0.000312937889248, 0.00812469609082, -0.000761416566093, -0.00084381637862, 0.0021119134035, -0.000742247793823, -0.000634253432509, 0.00246151629835], [-7.14722773409e-05, 0.000717726361472, -0.00029459662619, 0.000135579583002, 3.49571814695e-06, -0.00117524003144, -0.000761416566093, 0.00883089844137, -0.00173943897244, -0.00147772801574, -0.00181345816236, -0.000260954868281, 0.000331460294547], [0.000372423732188, -0.00119262561202, 0.000965463405009, -0.000508752884343, 0.00100224011112, 0.000283735746052, -0.00084381637862, -0.00173943897244, 0.0116079337895, -0.00294713443145, 8.91780291568e-05, 0.00104025157634, -0.000449408777058], [0.000324418768287, 0.00053316593403, 0.000318304839311, 0.000343942956533, 0.000474076310638, -0.00076480593998, 0.0021119134035, -0.00147772801574, -0.00294713443145, 0.0143899898976, -0.00358482147567, 9.732961189e-05, -0.000379905482987], [0.000276662380202, -0.00193586770911, 0.000999133335426, -0.000880873703863, 0.00134657160379, 2.96494581562e-05, -0.000742247793823, -0.00181345816236, 8.91780291568e-05, -0.00358482147567, 0.0165622755885, -0.00557179376483, 0.00195993855596], [7.15195637895e-05, 0.00166033336427, 2.2731925128e-05, 0.000954037182964, 0.000190767692402, 0.000461454445031, -0.000634253432509, -0.000260954868281, 0.00104025157634, 9.732961189e-05, -0.00557179376483, 0.0165188908577, -0.00668494449928], [0.000297876045806, -0.00158071808983, 0.00109082495328, -0.00122671166901, 0.00142116378993, -0.000429984065704, 0.00246151629835, 0.000331460294547, -0.000449408777058, -0.000379905482987, 0.00195993855596, -0.00668494449928, 0.0155646465719]]}, "melbands": {"dmean": [0.000150353473146, 0.000217766020796, 0.000199613845325, 0.00065963761881, 0.000326858804328, 0.000118087395094, 0.000129824999021, 4.94799314765e-05, 3.59203368134e-05, 2.73798777926e-05, 1.69176855707e-05, 1.57317881531e-05, 7.84042367741e-06, 9.82094024948e-06, 3.45707644556e-06, 3.89849446947e-06, 2.71932344731e-06, 2.41338557316e-06, 1.77282231562e-06, 1.69653640114e-06, 1.48428330249e-06, 9.70718474491e-07, 1.12551549591e-06, 7.52632388412e-07, 5.98843996613e-07, 4.52717870303e-07, 3.77616174774e-07, 2.9801611845e-07, 2.30658628197e-07, 1.89370865655e-07, 1.39878466143e-07, 9.22428284866e-08, 7.54100568656e-08, 5.70129152777e-08, 3.77127804541e-08, 2.6302341638e-08, 2.5497742584e-08, 1.53765391531e-08, 1.10206848092e-08, 8.70168648248e-09], "dmean2": [0.000261711102212, 0.000332259398419, 0.000316874589771, 0.00107083818875, 0.000520135043189, 0.000177432972123, 0.000191878774785, 7.14807902114e-05, 5.21372494404e-05, 4.10636603192e-05, 2.50453267654e-05, 2.30850910157e-05, 1.11751505756e-05, 1.37179849844e-05, 5.24403594682e-06, 6.02348200118e-06, 4.16721695728e-06, 3.75247168449e-06, 2.67126938525e-06, 2.55365375779e-06, 2.29141960517e-06, 1.43885210946e-06, 1.70666714894e-06, 1.1225806702e-06, 8.93606227237e-07, 6.69556698085e-07, 5.66657888612e-07, 4.65472879796e-07, 3.47614133034e-07, 2.8665661489e-07, 2.1931329286e-07, 1.40987083341e-07, 1.14457087363e-07, 8.63088729375e-08, 5.92547628742e-08, 4.07890361487e-08, 3.87538108271e-08, 2.32093011476e-08, 1.67037992327e-08, 1.36815128116e-08], "dvar": [4.21261432848e-07, 2.67070106474e-07, 2.68089451083e-07, 4.80560447613e-06, 9.3612834462e-07, 2.1325396915e-07, 1.24021326542e-07, 2.74196025885e-08, 1.8558992565e-08, 7.96866572728e-09, 7.43144523696e-09, 3.38749872597e-09, 8.11004263745e-10, 1.48092271779e-09, 1.53604295949e-10, 1.83820417221e-10, 7.2344068236e-11, 6.20346968239e-11, 4.22646327658e-11, 3.51623868911e-11, 2.65945425404e-11, 2.0911645679e-11, 1.79220128321e-11, 1.26001873865e-11, 4.17291244961e-12, 2.85735345974e-12, 3.34893657944e-12, 1.71568304268e-12, 1.07804379573e-12, 1.00923273644e-12, 9.40307402254e-13, 2.25093191699e-13, 1.45000304081e-13, 1.15717412865e-13, 5.66629161397e-14, 4.00446379344e-14, 4.68612643264e-14, 1.22421155177e-14, 4.69236432208e-15, 4.78816883061e-15], "dvar2": [1.13939051971e-06, 5.4709420283e-07, 6.27046290447e-07, 1.24857460833e-05, 2.15969635065e-06, 3.61741740562e-07, 2.4709621016e-07, 5.08924031806e-08, 3.26515774418e-08, 1.34776962923e-08, 1.38402329597e-08, 6.06834227312e-09, 1.47182532828e-09, 2.56607157745e-09, 3.02439989719e-10, 3.96604027397e-10, 1.48172876746e-10, 1.44288705983e-10, 9.59759494101e-11, 7.06458641586e-11, 5.92885809891e-11, 4.23746385203e-11, 3.94865598552e-11, 2.64256654753e-11, 8.41913344596e-12, 5.55973322935e-12, 8.57238325463e-12, 4.07364810287e-12, 2.36557930362e-12, 2.42722335286e-12, 2.5888967619e-12, 4.74516584879e-13, 3.28053366807e-13, 2.54406386365e-13, 1.40998107287e-13, 9.1816175973e-14, 1.08396215723e-13, 2.61163313875e-14, 9.61434911176e-15, 1.14125856592e-14], "max": [0.0217692535371, 0.0168681181967, 0.0161389540881, 0.0523831062019, 0.0354932546616, 0.0264486949891, 0.0087023396045, 0.00848878920078, 0.00405282806605, 0.00259144837037, 0.00447973702103, 0.00172508042306, 0.00132827204652, 0.0013195782667, 0.000397176248953, 0.000380869576475, 0.000265835231403, 0.000232372796745, 0.000295419828035, 0.000232336795307, 0.00026254914701, 0.000213532795897, 0.000170409824932, 0.000175949375262, 7.33175620553e-05, 0.000114803689939, 7.62959825806e-05, 5.27880511072e-05, 3.14358367177e-05, 2.84328052658e-05, 4.7737838031e-05, 2.24036848522e-05, 1.17072577268e-05, 1.53399978444e-05, 8.87249007064e-06, 1.13855739983e-05, 1.11140898298e-05, 5.27025531483e-06, 2.87785064756e-06, 2.3980117021e-06], "mean": [0.000251046760241, 0.000730871572159, 0.000576998922043, 0.00151355250273, 0.000976773444563, 0.000437717040768, 0.000497722474393, 0.000172714411747, 0.00011407535203, 0.000112427827844, 5.74141449761e-05, 5.23408525623e-05, 2.0122688511e-05, 2.78155785054e-05, 8.28253814689e-06, 9.39232086239e-06, 6.08275922787e-06, 4.73824457004e-06, 3.68510677617e-06, 3.46809224538e-06, 2.91175547318e-06, 1.82091184797e-06, 2.28637213695e-06, 1.53320866048e-06, 1.26331428874e-06, 8.69344148668e-07, 6.93989761658e-07, 5.25314192146e-07, 4.09360950471e-07, 2.96563456459e-07, 1.90554345636e-07, 1.4682126448e-07, 1.17221766516e-07, 8.07275881698e-08, 5.06097705966e-08, 3.7354222826e-08, 3.07204501837e-08, 2.00150633844e-08, 1.40120235415e-08, 9.70863123229e-09], "median": [0.000164929500897, 0.000226284217206, 0.000219769062824, 0.000410815642681, 0.00033367346623, 0.000101261881355, 0.000109195389086, 4.30957843491e-05, 1.99531368708e-05, 1.68787555594e-05, 6.52003018331e-06, 6.66065398036e-06, 3.42314592672e-06, 2.75383763437e-06, 1.39485086947e-06, 1.48272079059e-06, 1.24093674003e-06, 8.10726703548e-07, 6.14726616277e-07, 5.47824924979e-07, 4.6942770382e-07, 2.6922398888e-07, 2.26582656637e-07, 2.11918020909e-07, 1.66423177461e-07, 1.14818369923e-07, 8.27936261771e-08, 5.19857437098e-08, 3.02959932696e-08, 1.98638616666e-08, 1.35350193275e-08, 9.3637604337e-09, 6.44408171269e-09, 3.42720629654e-09, 2.30647501098e-09, 1.55550439196e-09, 1.28440236224e-09, 1.11929443491e-09, 8.127553075e-10, 5.01698238509e-10], "min": [5.09345161738e-24, 8.41255232166e-24, 2.36737216821e-24, 2.17546380643e-24, 3.10518016502e-24, 1.30462668475e-23, 1.1721875095e-23, 1.27353152336e-23, 1.35573966493e-23, 1.14554767673e-23, 8.39560680055e-24, 9.35347721041e-24, 6.27547843118e-24, 9.95744647439e-24, 9.89824404117e-24, 7.99081623767e-24, 2.27154801132e-23, 1.79154192771e-23, 1.53612627931e-23, 4.95344261177e-24, 5.94910853089e-24, 8.13525745828e-24, 9.88457702599e-24, 1.16732512865e-23, 3.9949568904e-24, 1.24688048877e-23, 1.78543156891e-23, 1.50398855935e-23, 1.06921260461e-23, 6.55946993478e-24, 6.53451195346e-24, 8.40172047257e-24, 1.42100149653e-23, 9.97205696721e-24, 7.71368545736e-24, 8.25737312641e-24, 7.65741048697e-24, 8.57510105548e-24, 8.98250511454e-24, 1.10755597776e-23], "var": [3.18165433555e-07, 1.82811982086e-06, 1.20599099773e-06, 1.15540051411e-05, 4.48656101071e-06, 1.73841976903e-06, 8.28567465305e-07, 1.26429739566e-07, 9.17411782098e-08, 6.54367582342e-08, 3.69004595768e-08, 2.04999377473e-08, 3.09341308125e-09, 7.36520355815e-09, 5.29252808246e-10, 6.10624495412e-10, 2.33376956649e-10, 1.63379157425e-10, 1.27031440922e-10, 1.17239287722e-10, 7.58162421732e-11, 3.97278425435e-11, 5.96377253137e-11, 3.01056020391e-11, 1.63878320636e-11, 1.1781980773e-11, 5.9174921907e-12, 3.67147067956e-12, 2.71551184317e-12, 1.80743636204e-12, 9.10962819935e-13, 5.38490909849e-13, 3.1824827604e-13, 2.08159105729e-13, 7.96190844916e-14, 7.39313937761e-14, 5.98740214309e-14, 1.7658394007e-14, 7.48003191369e-15, 5.06656145532e-15]}, "mfcc": {"mean": [-805.779602051, 194.984558105, 14.7062673569, 27.3739356995, 1.77378666401, -2.42050027847, -4.66775131226, -4.59355974197, -5.44309711456, -3.53682184219, -3.4426343441, -3.28405070305, -1.92486393452], "cov": [[11946.5117188, 1622.34143066, -1992.04309082, 583.501403809, -734.975708008, -183.34072876, -286.503265381, -34.2300949097, -220.811813354, -185.217681885, -164.495315552, -120.916000366, -187.814117432], [1622.34143066, 2470.00683594, 118.427696228, -234.001403809, 40.3759803772, -115.314598083, -14.2471752167, -86.7660293579, -63.5329818726, -25.5823040009, 13.0509386063, -51.3414001465, -79.2737197876], [-1992.04309082, 118.427696228, 953.844848633, -107.159034729, 144.624145508, 91.2673568726, 41.94947052, 13.1881990433, 32.5912475586, 37.974609375, 33.0235099792, 17.4675388336, -0.572286427021], [583.501403809, -234.001403809, -107.159034729, 401.297821045, 31.6379261017, 20.7371482849, 14.3196620941, 13.4193410873, 0.0298101548105, -9.59474563599, -24.767457962, -16.7111492157, 14.5923175812], [-734.975708008, 40.3759803772, 144.624145508, 31.6379261017, 253.26713562, 63.2220954895, 30.2933883667, -0.677271842957, 18.2037220001, 19.1631393433, -3.27690720558, -11.7187862396, 13.4512557983], [-183.34072876, -115.314598083, 91.2673568726, 20.7371482849, 63.2220954895, 152.839874268, 30.363363266, 4.51378774643, 14.3022918701, -4.05073404312, -11.2449111938, -3.20831370354, -5.63429880142], [-286.503265381, -14.2471752167, 41.94947052, 14.3196620941, 30.2933883667, 30.363363266, 119.006462097, 38.237033844, -1.54825413227, 3.2584028244, 10.5112094879, 0.27094823122, 8.45113182068], [-34.2300949097, -86.7660293579, 13.1881990433, 13.4193410873, -0.677271842957, 4.51378774643, 38.237033844, 96.6739578247, 20.8083763123, -5.51608848572, 7.54796123505, 10.4080467224, 13.5730895996], [-220.811813354, -63.5329818726, 32.5912475586, 0.0298101548105, 18.2037220001, 14.3022918701, -1.54825413227, 20.8083763123, 87.6238098145, 27.6064720154, -5.46292972565, 8.32959365845, 13.7779397964], [-185.217681885, -25.5823040009, 37.974609375, -9.59474563599, 19.1631393433, -4.05073404312, 3.2584028244, -5.51608848572, 27.6064720154, 96.4557876587, 36.0949745178, -7.63918018341, 14.9745311737], [-164.495315552, 13.0509386063, 33.0235099792, -24.767457962, -3.27690720558, -11.2449111938, 10.5112094879, 7.54796123505, -5.46292972565, 36.0949745178, 98.4449081421, 25.6338672638, 4.25035762787], [-120.916000366, -51.3414001465, 17.4675388336, -16.7111492157, -11.7187862396, -3.20831370354, 0.27094823122, 10.4080467224, 8.32959365845, -7.63918018341, 25.6338672638, 84.8480300903, 26.7591266632], [-187.814117432, -79.2737197876, -0.572286427021, 14.5923175812, 13.4512557983, -5.63429880142, 8.45113182068, 13.5730895996, 13.7779397964, 14.9745311737, 4.25035762787, 26.7591266632, 90.3594436646]], "icov": [[0.000298774568364, -0.000306787580485, 0.000512669910677, -0.000510941958055, 0.00071009475505, -0.000542772235349, 0.00067564449273, -0.000591048039496, 0.000508972560056, -0.000302434433252, 0.000323504937114, -9.00868108147e-05, 0.000307632959448], [-0.000306787580485, 0.000805574643891, -0.000586123205721, 0.000778776477091, -0.000935258110985, 0.00104082317557, -0.000857440114487, 0.000999575131573, -0.000437191163655, 0.000577258935664, -0.000451773696113, 0.000358661665814, -4.01935285481e-05], [0.000512669910677, -0.000586123205721, 0.00216178689152, -0.000521868409123, 0.000625070766546, -0.00152079656255, 0.00102215516381, -0.00116763310507, 0.000696908915415, -0.000836659804918, 0.00034315395169, -0.000470259634312, 0.000696774455719], [-0.000510941958055, 0.000778776477091, -0.000521868409123, 0.00373728666455, -0.00173390482087, 0.000799236935563, -0.00137797137722, 0.00081919162767, -0.000697027891874, 0.000747897836845, -0.000195967513719, 0.000761939852964, -0.000905924884137], [0.00071009475505, -0.000935258110985, 0.000625070766546, -0.00173390482087, 0.00675076153129, -0.00296297250316, 0.000896369689144, -0.000902348780073, 0.000645540945698, -0.00128551840317, 0.000902566884179, 0.000542791211046, -0.000287179369479], [-0.000542772235349, 0.00104082317557, -0.00152079656255, 0.000799236935563, -0.00296297250316, 0.00956166908145, -0.00322694750503, 0.00209534564056, -0.00218651094474, 0.00164773734286, 4.53462525911e-05, 0.000167487174622, 0.000679216173012], [0.00067564449273, -0.000857440114487, 0.00102215516381, -0.00137797137722, 0.000896369689144, -0.00322694750503, 0.0123248724267, -0.00596306473017, 0.00309416977689, -0.00139516917989, -2.28690423683e-05, 0.00024032179499, -2.12242284761e-05], [-0.000591048039496, 0.000999575131573, -0.00116763310507, 0.00081919162767, -0.000902348780073, 0.00209534564056, -0.00596306473017, 0.0150859327987, -0.00529474345967, 0.00379351712763, -0.00256729917601, 0.000485360185849, -0.00177895254456], [0.000508972560056, -0.000437191163655, 0.000696908915415, -0.000697027891874, 0.000645540945698, -0.00218651094474, 0.00309416977689, -0.00529474345967, 0.0162523388863, -0.00668560341001, 0.00441665854305, -0.002805885626, 0.000317833415465], [-0.000302434433252, 0.000577258935664, -0.000836659804918, 0.000747897836845, -0.00128551840317, 0.00164773734286, -0.00139516917989, 0.00379351712763, -0.00668560341001, 0.0167045146227, -0.00782470963895, 0.00523443380371, -0.00332444673404], [0.000323504937114, -0.000451773696113, 0.00034315395169, -0.000195967513719, 0.000902566884179, 4.53462525911e-05, -2.28690423683e-05, -0.00256729917601, 0.00441665854305, -0.00782470963895, 0.015402212739, -0.00597631884739, 0.00223474553786], [-9.00868108147e-05, 0.000358661665814, -0.000470259634312, 0.000761939852964, 0.000542791211046, 0.000167487174622, 0.00024032179499, 0.000485360185849, -0.002805885626, 0.00523443380371, -0.00597631884739, 0.0163206718862, -0.00515607884154], [0.000307632959448, -4.01935285481e-05, 0.000696774455719, -0.000905924884137, -0.000287179369479, 0.000679216173012, -2.12242284761e-05, -0.00177895254456, 0.000317833415465, -0.00332444673404, 0.00223474553786, -0.00515607884154, 0.014100369066]]}, "spectral_contrast_coeffs": {"dmean": [0.0407285727561, 0.0395669713616, 0.0357266776264, 0.0345020294189, 0.0326321832836, 0.0308415666223], "dmean2": [0.0657610148191, 0.0617589652538, 0.0527062639594, 0.0480621978641, 0.0420610792935, 0.046168718487], "dvar": [0.00160084979143, 0.00142594124191, 0.00121304614004, 0.000979962642305, 0.000893999473192, 0.000733337481506], "dvar2": [0.00356950168498, 0.0030885997694, 0.0023407288827, 0.00186250731349, 0.00150121620391, 0.00176065426785], "max": [-0.246045142412, -0.252976238728, -0.34898096323, -0.485554039478, -0.421913176775, -0.506315171719], "mean": [-0.589159429073, -0.655384361744, -0.70595151186, -0.741414189339, -0.744834661484, -0.757579803467], "median": [-0.58307737112, -0.654770255089, -0.70903724432, -0.738489806652, -0.74666839838, -0.757327318192], "min": [-0.957953214645, -0.959720611572, -0.967719435692, -0.962166666985, -0.961202383041, -0.961530685425], "var": [0.0125765679404, 0.010413441807, 0.00918961595744, 0.00692210020497, 0.00839297194034, 0.00579770561308]}, "spectral_contrast_valleys": {"dmean": [0.340102910995, 0.374092042446, 0.387087106705, 0.441717892885, 0.494142204523, 0.542254984379], "dmean2": [0.554130792618, 0.583907067776, 0.58407574892, 0.59372103214