{"lowlevel": {"average_loudness": 0.895122945309, "barkbands_crest": {"dmean": 2.34097933769, "dmean2": 3.76583194733, "dvar": 6.20673942566, "dvar2": 16.3727531433, "max": 25.6218605042, "mean": 16.1290664673, "median": 16.4944000244, "min": 2.57846927643, "var": 25.7433261871}, "barkbands_flatness_db": {"dmean": 0.0306377802044, "dmean2": 0.0457055084407, "dvar": 0.000894799537491, "dvar2": 0.00204809405841, "max": 0.472988188267, "mean": 0.253874957561, "median": 0.250199556351, "min": 0.0159104466438, "var": 0.00813760329038}, "barkbands_kurtosis": {"dmean": 10.6413116455, "dmean2": 16.0495605469, "dvar": 246.802963257, "dvar2": 605.204101562, "max": 330.845611572, "mean": 32.9176292419, "median": 17.725189209, "min": -1.39344859123, "var": 1305.45922852}, "barkbands_skewness": {"dmean": 0.772733092308, "dmean2": 1.15805470943, "dvar": 0.571806967258, "dvar2": 1.35518741608, "max": 12.45616436, "mean": 4.12154912949, "median": 3.6479344368, "min": -1.96939516068, "var": 4.87962245941}, "barkbands_spread": {"dmean": 3.26181411743, "dmean2": 5.21924352646, "dvar": 39.8162117004, "dvar2": 95.9246292114, "max": 81.4298477173, "mean": 7.93091583252, "median": 4.50713443756, "min": 0.372857630253, "var": 107.071418762}, "dissonance": {"dmean": 0.0247996058315, "dmean2": 0.0414977446198, "dvar": 0.000518495391589, "dvar2": 0.00138557062019, "max": 0.499882012606, "mean": 0.433901101351, "median": 0.440331459045, "min": 0.278761297464, "var": 0.00136582180858}, "dynamic_complexity": 6.88534736633, "erbbands_crest": {"dmean": 1.87090730667, "dmean2": 2.81951165199, "dvar": 4.26898765564, "dvar2": 9.0760717392, "max": 25.9296951294, "mean": 9.10025119781, "median": 8.29132938385, "min": 2.51935505867, "var": 13.6913518906}, "erbbands_flatness_db": {"dmean": 0.0229818504304, "dmean2": 0.0324016064405, "dvar": 0.000548913609236, "dvar2": 0.00127260817681, "max": 0.309321790934, "mean": 0.158311888576, "median": 0.16041842103, "min": 0.0398851111531, "var": 0.00202790694311}, "erbbands_kurtosis": {"dmean": 0.990687906742, "dmean2": 1.50311005116, "dvar": 1.39334630966, "dvar2": 3.37689685822, "max": 12.5646915436, "mean": 1.09082126617, "median": 0.692842483521, "min": -1.69369482994, "var": 3.73441886902}, "erbbands_skewness": {"dmean": 0.298640966415, "dmean2": 0.448820829391, "dvar": 0.0848177820444, "dvar2": 0.215502947569, "max": 3.12589287758, "mean": 0.786089658737, "median": 0.805862128735, "min": -1.80550944805, "var": 0.379807561636}, "erbbands_spread": {"dmean": 9.45219993591, "dmean2": 14.1331148148, "dvar": 208.50553894, "dvar2": 478.740142822, "max": 132.4165802, "mean": 37.4906349182, "median": 32.3983879089, "min": 8.21392154694, "var": 392.971496582}, "hfc": {"dmean": 7.10190725327, "dmean2": 11.5887002945, "dvar": 192.341537476, "dvar2": 488.375183105, "max": 115.275466919, "mean": 16.4649295807, "median": 13.5225772858, "min": 1.09431786346e-16, "var": 330.272216797}, "melbands_crest": {"dmean": 3.13520359993, "dmean2": 5.02347517014, "dvar": 9.352643013, "dvar2": 22.9216880798, "max": 35.9400367737, "mean": 21.9959831238, "median": 22.5802745819, "min": 1.95902955532, "var": 40.1718177795}, "melbands_flatness_db": {"dmean": 0.0324982367456, "dmean2": 0.0486915148795, "dvar": 0.00112906657159, "dvar2": 0.00245292647742, "max": 0.62794983387, "mean": 0.374519109726, "median": 0.37262570858, "min": 0.00413103541359, "var": 0.0115477330983}, "melbands_kurtosis": {"dmean": 16.1406803131, "dmean2": 24.3573932648, "dvar": 351.672485352, "dvar2": 831.62512207, "max": 316.574951172, "mean": 51.342048645, "median": 33.6572265625, "min": -1.32239985466, "var": 2190.98632812}, "melbands_skewness": {"dmean": 0.909804284573, "dmean2": 1.37223434448, "dvar": 0.769700288773, "dvar2": 1.86487662792, "max": 13.7752418518, "mean": 4.97941303253, "median": 4.64896297455, "min": -0.0922721624374, "var": 4.8390994072}, "melbands_spread": {"dmean": 2.06508994102, "dmean2": 3.27907824516, "dvar": 25.9562301636, "dvar2": 46.0995292664, "max": 147.191497803, "mean": 6.05013513565, "median": 3.61848473549, "min": 0.368137001991, "var": 98.4346466064}, "pitch_salience": {"dmean": 0.0632541999221, "dmean2": 0.102125927806, "dvar": 0.00510887196288, "dvar2": 0.0121940104291, "max": 0.946273267269, "mean": 0.387717187405, "median": 0.367814928293, "min": 0.0841900333762, "var": 0.0203691553324}, "silence_rate_20dB": {"dmean": 0.0139599815011, "dmean2": 0.0279329605401, "dvar": 0.0137649588287, "dvar2": 0.0373947247863, "max": 1, "mean": 0.991162776947, "median": 1, "min": 0, "var": 0.00875918008387}, "silence_rate_30dB": {"dmean": 0.0874825492501, "dmean2": 0.175046548247, "dvar": 0.0798305869102, "dvar2": 0.165819108486, "max": 1, "mean": 0.687906980515, "median": 1, "min": 0, "var": 0.214691698551}, "silence_rate_60dB": {"dmean": 0.000930665410124, "dmean2": 0.0018621974159, "dvar": 0.000929821049795, "dvar2": 0.00185873138253, "max": 1, "mean": 0.105581395328, "median": 0, "min": 0, "var": 0.0944339782}, "spectral_centroid": {"dmean": 109.364074707, "dmean2": 163.579910278, "dvar": 101219.40625, "dvar2": 150513.046875, "max": 11744.4169922, "mean": 595.253356934, "median": 449.703857422, "min": 135.646911621, "var": 506536.3125}, "spectral_complexity": {"dmean": 1.87156820297, "dmean2": 3.15689015388, "dvar": 6.63595962524, "dvar2": 16.8529109955, "max": 39, "mean": 10.1502323151, "median": 11, "min": 0, "var": 41.4762039185}, "spectral_decrease": {"dmean": 8.17526757402e-09, "dmean2": 1.30153967604e-08, "dvar": 1.53381268719e-16, "dvar2": 3.73511539479e-16, "max": 8.9289061302e-29, "mean": -2.17603002284e-08, "median": -1.42871554587e-08, "min": -1.1058241256e-07, "var": 4.81941682895e-16}, "spectral_energy": {"dmean": 0.0311517268419, "dmean2": 0.0495784394443, "dvar": 0.00221625342965, "dvar2": 0.00540250260383, "max": 0.421540737152, "mean": 0.083621673286, "median": 0.0558162778616, "min": 1.03607215156e-20, "var": 0.00701326085255}, "spectral_energyband_high": {"dmean": 0.000533035199624, "dmean2": 0.000886975903995, "dvar": 1.85342355508e-06, "dvar2": 4.71194471174e-06, "max": 0.0123527562246, "mean": 0.000537042447831, "median": 5.52509081899e-05, "min": 7.18528338831e-21, "var": 2.22988728638e-06}, "spectral_energyband_low": {"dmean": 0.0301985628903, "dmean2": 0.0481694154441, "dvar": 0.00218040752225, "dvar2": 0.00534105021507, "max": 0.399292856455, "mean": 0.0679718926549, "median": 0.033809967339, "min": 1.66460269069e-23, "var": 0.00576286343858}, "spectral_energyband_middle_high": {"dmean": 0.000744484423194, "dmean2": 0.00117237796076, "dvar": 3.81076824851e-06, "dvar2": 9.31722388486e-06, "max": 0.04005279392, "mean": 0.00196537654847, "median": 0.00127313728444, "min": 1.44687833672e-21, "var": 8.3309787442e-06}, "spectral_energyband_middle_low": {"dmean": 0.00444736424834, "dmean2": 0.00714977970347, "dvar": 6.43335588393e-05, "dvar2": 0.000172918313183, "max": 0.0839676111937, "mean": 0.0157770514488, "median": 0.0132254883647, "min": 2.03901661825e-22, "var": 0.00025123974774}, "spectral_entropy": {"dmean": 0.232084512711, "dmean2": 0.346094310284, "dvar": 0.0898520052433, "dvar2": 0.207304134965, "max": 9.81524085999, "mean": 6.88595151901, "median": 6.76114559174, "min": 5.50043535233, "var": 0.366906911135}, "spectral_flux": {"dmean": 0.0435058735311, "dmean2": 0.0678093582392, "dvar": 0.00331336446106, "dvar2": 0.00738699734211, "max": 0.520791947842, "mean": 0.0993730947375, "median": 0.065793544054, "min": 6.7444674845e-11, "var": 0.00879214983433}, "spectral_kurtosis": {"dmean": 4.19037055969, "dmean2": 6.86823606491, "dvar": 39.553943634, "dvar2": 113.459136963, "max": 108.414894104, "mean": 11.5435676575, "median": 8.39780235291, "min": -1.24919450283, "var": 196.010147095}, "spectral_rms": {"dmean": 0.0013995867921, "dmean2": 0.00221771770157, "dvar": 3.06136303152e-06, "dvar2": 7.38309427106e-06, "max": 0.0202795285732, "mean": 0.00783107616007, "median": 0.00737935490906, "min": 3.17931141483e-12, "var": 2.02563624043e-05}, "spectral_rolloff": {"dmean": 148.567672729, "dmean2": 249.625900269, "dvar": 379937.6875, "dvar2": 701227.6875, "max": 19272.2167969, "mean": 390.612365723, "median": 150.732421875, "min": 43.06640625, "var": 1623530.75}, "spectral_skewness": {"dmean": 0.396299302578, "dmean2": 0.63284444809, "dvar": 0.225529015064, "dvar2": 0.596699416637, "max": 8.64336109161, "mean": 2.46482634544, "median": 2.3829023838, "min": -0.0601764991879, "var": 1.14387428761}, "spectral_spread": {"dmean": 1199780.25, "dmean2": 1785696.125, "dvar": 3486351097860.0, "dvar2": 7615916539900.0, "max": 41891524, "mean": 4403873.5, "median": 3626289.5, "min": 773513.5625, "var": 8502552035330.0}, "spectral_strongpeak": {"dmean": 0.196043968201, "dmean2": 0.339874327183, "dvar": 0.141155362129, "dvar2": 0.406141191721, "max": 5.50035762787, "mean": 0.450102806091, "median": 0.34136235714, "min": 0, "var": 0.172315001488}, "zerocrossingrate": {"dmean": 0.00713744945824, "dmean2": 0.00915072672069, "dvar": 0.000160038936883, "dvar2": 0.000155767484102, "max": 0.515625, "mean": 0.0233966205269, "median": 0.01318359375, "min": 0.00146484375, "var": 0.00160876277369}, "barkbands": {"dmean": [0.00312460982241, 0.0260090250522, 0.00805458240211, 0.00234557734802, 0.00154947442934, 0.000514235463925, 0.000861714768689, 0.000809594173916, 0.000291445176117, 0.000335095828632, 0.00034145990503, 0.000105861312477, 5.52249039174e-05, 5.74571786274e-05, 9.09899390535e-05, 4.59300244984e-05, 8.24324160931e-05, 4.78675392515e-05, 3.81237587135e-05, 4.37271482951e-05, 3.04724890157e-05, 6.08814771113e-05, 0.000165180172189, 9.37513177632e-05, 0.000117350267828, 5.35484032298e-05, 1.44337236634e-05], "dmean2": [0.00471836142242, 0.0421506874263, 0.0139812631533, 0.00414763670415, 0.0023315413855, 0.000695506576449, 0.00116263213567, 0.00116016948596, 0.000463368633064, 0.000493588100653, 0.000472739047837, 0.000187410856597, 9.28223525989e-05, 0.000100175471744, 0.000153030137881, 8.23861628305e-05, 0.000134411180625, 7.88760880823e-05, 6.61004232825e-05, 7.09506566636e-05, 4.7703688324e-05, 9.5211493317e-05, 0.000280952255707, 0.000155474219355, 0.000203625968425, 9.42625483731e-05, 2.5993480449e-05], "dvar": [2.0549447072e-05, 0.00194374623243, 0.000524573086295, 3.36156444973e-05, 7.80585469329e-06, 9.49482910073e-07, 2.58046202362e-06, 2.66998063125e-06, 4.28468325708e-07, 5.9507573269e-07, 9.32593252401e-07, 8.07685296422e-08, 2.14985274027e-08, 2.30355841069e-08, 5.53857759655e-08, 1.75871104346e-08, 2.85435071135e-08, 4.41799024031e-08, 1.709391384e-08, 1.35045272742e-08, 7.70633157288e-09, 2.37519639512e-08, 2.37435713757e-07, 6.64282353569e-08, 8.90934046538e-08, 1.76196657264e-08, 1.6114073409e-09], "dvar2": [3.95371716877e-05, 0.00494043109939, 0.00140943320002, 9.62877384154e-05, 1.9327904738e-05, 2.11062888411e-06, 4.92182880407e-06, 5.69209123569e-06, 1.12380428163e-06, 1.29889906475e-06, 1.5680228671e-06, 2.3791410797e-07, 5.49080212409e-08, 6.53710614529e-08, 1.58185869736e-07, 5.18544638339e-08, 7.07494578478e-08, 1.14318169153e-07, 4.93080847264e-08, 3.3737386218e-08, 1.96821012821e-08, 5.87251669515e-08, 6.15815451965e-07, 1.65892785731e-07, 2.40585336542e-07, 4.85305911013e-08, 4.49656045731e-09], "max": [0.0601356960833, 0.371699571609, 0.217047989368, 0.0561909787357, 0.0424168221653, 0.0133997229859, 0.0304990075529, 0.0292763188481, 0.00708618806675, 0.00983191654086, 0.0214619785547, 0.00317694386467, 0.00186469720211, 0.00210489309393, 0.00495055131614, 0.00201416620985, 0.0014995370293, 0.00384350633249, 0.00292457966134, 0.00184509402607, 0.00190257222857, 0.00207655364648, 0.00362938432954, 0.00314575084485, 0.00202249642462, 0.000727106526028, 0.000241982386797], "mean": [0.00537726143375, 0.0479772239923, 0.0123391766101, 0.00394638674334, 0.00491358479485, 0.00114784413017, 0.00214699306525, 0.00205643894151, 0.0007823673659, 0.000882435415406, 0.00075790414121, 0.000147205675603, 7.19917225069e-05, 6.94074042258e-05, 0.00012769048044, 5.03946685058e-05, 0.000129150168505, 6.78687283653e-05, 6.40125508653e-05, 6.55079784337e-05, 4.8723519285e-05, 7.28302038624e-05, 0.000141567332321, 9.64180144365e-05, 9.41404068726e-05, 3.79588600481e-05, 9.436504115e-06], "median": [0.00233381986618, 0.0236028768122, 0.00399981671944, 0.000957934418693, 0.00246618315578, 0.000423931196565, 0.00100705679506, 0.000599074759521, 0.000214118481381, 0.000169193168404, 0.000180762552191, 5.82712818868e-05, 2.75477359537e-05, 2.28921599046e-05, 5.73020915908e-05, 1.43615470733e-05, 5.6660559494e-05, 2.39393775701e-05, 2.54883416346e-05, 1.88674766832e-05, 1.06172938104e-05, 9.59003955359e-06, 6.56945076116e-06, 5.53556674276e-06, 3.62557329936e-06, 1.61511809438e-06, 3.48540538653e-07], "min": [2.21930987884e-24, 7.35707772972e-24, 2.21980508627e-24, 4.67536204293e-24, 1.32620991912e-23, 1.46895934863e-23, 2.20140234186e-23, 1.32601002177e-23, 4.55215530128e-23, 2.34909303831e-23, 1.97193800843e-23, 5.45537390094e-23, 3.55321537274e-23, 5.1314736086e-23, 7.37534837937e-23, 6.14334896272e-23, 8.69039149906e-23, 1.45319235416e-22, 2.47700658165e-22, 2.13206333e-22, 3.27089802131e-22, 3.81895238256e-22, 4.10233823032e-22, 6.48043099457e-22, 1.19785365441e-21, 1.45907561568e-21, 2.10736680874e-21], "var": [6.78209908074e-05, 0.00384579715319, 0.000499154324643, 3.68986475223e-05, 3.75520576199e-05, 3.0159058042e-06, 1.11487606773e-05, 1.15571747301e-05, 1.55197108143e-06, 2.21070035877e-06, 3.14209955832e-06, 7.30134885885e-08, 3.08565866192e-08, 1.91993869691e-08, 6.79281342286e-08, 1.39573019808e-08, 4.09067837381e-08, 4.55149660183e-08, 2.96798461363e-08, 2.78498077932e-08, 2.52206682205e-08, 4.23513561998e-08, 2.09030503129e-07, 9.3050395833e-08, 7.29453049075e-08, 1.18222951428e-08, 1.00447872242e-09]}, "erbbands": {"dmean": [1.13318800926, 4.91800260544, 8.41656684875, 9.34805393219, 5.29561805725, 6.1769824028, 3.66336798668, 4.17711353302, 7.52658033371, 23.2310733795, 10.9839496613, 5.29718828201, 12.1161794662, 7.83199310303, 12.3368244171, 4.1849899292, 2.57178616524, 3.01033568382, 2.67433714867, 4.41019964218, 2.60018825531, 4.30470609665, 3.13161587715, 1.75307738781, 2.1954267025, 2.07664227486, 1.2451376915, 1.41759312153, 2.17677426338, 1.92105436325, 4.4621720314, 3.95264339447, 1.31886708736, 1.42971861362, 0.736428320408, 0.291734188795, 0.0908691361547, 0.0202017668635, 0.00220181816258, 0.000138232746394], "dmean2": [1.76852178574, 7.85098600388, 14.028758049, 16.3817424774, 8.4005651474, 9.16790390015, 5.70993375778, 5.5746088028, 9.72038269043, 33.4497451782, 16.6534557343, 8.49468421936, 17.0806941986, 11.8211269379, 17.5480175018, 7.10024595261, 4.36582803726, 5.17756748199, 4.63496017456, 7.48916578293, 4.46043634415, 7.04514503479, 5.06438159943, 3.0063085556, 3.79109025002, 3.3193089962, 1.94763958454, 2.14242172241, 3.4466149807, 3.03775882721, 7.50491714478, 6.738073349, 2.19072890282, 2.4803686142, 1.28048872948, 0.505470216274, 0.161990210414, 0.036404453218, 0.00393913732842, 0.000244499387918], "dvar": [3.46682858467, 85.7902908325, 473.381256104, 698.082458496, 113.408233643, 121.251426697, 73.1524047852, 65.2524261475, 163.263549805, 1801.96398926, 448.908843994, 130.701934814, 854.772888184, 1114.58740234, 817.807678223, 86.0090103149, 44.6665496826, 64.0045852661, 44.78074646, 107.88269043, 44.0879898071, 105.037315369, 168.06300354, 29.2656574249, 75.6997833252, 32.2346878052, 15.4662504196, 14.4088907242, 35.1520996094, 18.3673782349, 156.213592529, 152.734695435, 11.4065151215, 14.7790203094, 3.20014715195, 0.48397642374, 0.0546079687774, 0.00314246769994, 3.49590045516e-05, 1.00120196578e-07], "dvar2": [8.43187141418, 218.090148926, 1187.60864258, 1983.56677246, 277.460021973, 321.65423584, 207.40927124, 126.244819641, 301.194274902, 4282.16113281, 1021.71704102, 351.991760254, 1845.35241699, 1819.2980957, 1720.90698242, 238.198684692, 117.460983276, 181.210876465, 129.011444092, 307.319366455, 126.796485901, 260.203857422, 433.143341064, 84.6117095947, 219.427337646, 78.8423614502, 34.5106315613, 34.5443344116, 88.3154144287, 43.9244499207, 398.125274658, 402.239776611, 28.3945808411, 39.6947364807, 8.64091968536, 1.31973659992, 0.151185438037, 0.00882934127003, 9.70344990492e-05, 2.75424866913e-07], "max": [17.0388278961, 82.2436599731, 186.704177856, 272.273040771, 160.685577393, 128.802185059, 163.42414856, 150.99987793, 226.111816406, 677.300842285, 307.690460205, 114.183433533, 375.234100342, 825.833007812, 365.669372559, 122.850479126, 77.8988418579, 120.722328186, 118.654853821, 159.986175537, 116.132575989, 104.792060852, 235.043243408, 100.627494812, 207.376220703, 83.5932693481, 116.612861633, 47.1944007874, 65.0521850586, 74.4425430298, 90.8855209351, 88.2230224609, 55.2658424377, 30.9311027527, 11.3555240631, 3.7074379921, 1.25650310516, 0.334549248219, 0.0352723039687, 0.00203585461713], "mean": [2.08453583717, 7.99931573868, 13.4751014709, 15.76475811, 15.0898923874, 17.2342414856, 8.52300930023, 9.43287086487, 20.391242981, 57.5477981567, 31.2147884369, 14.5354738235, 33.7917900085, 15.9929122925, 26.7157878876, 7.39892101288, 3.76767039299, 3.99678683281, 3.96653747559, 5.96848011017, 3.66089677811, 6.69335508347, 4.39141798019, 2.9379491806, 3.65885543823, 3.14220094681, 2.40475344658, 1.90692222118, 2.53173851967, 2.3754837513, 3.89062452316, 3.32511425018, 1.3709795475, 1.17617321014, 0.578822672367, 0.219851955771, 0.0616829656065, 0.0132616572082, 0.00149245711509, 0.000168717335328], "median": [0.957214951515, 4.30684518814, 4.98769187927, 4.55922842026, 5.19700241089, 8.96895980835, 4.06424045563, 3.68201303482, 9.88481140137, 26.4779052734, 10.8889560699, 6.55871963501, 6.46361064911, 5.37915897369, 5.88520526886, 2.99066209793, 1.75041222572, 1.62667179108, 2.09334945679, 2.85665917397, 1.82398414612, 2.76841711998, 1.58055067062, 1.58581876755, 1.1358590126, 0.82946228981, 0.517126083374, 0.382821589708, 0.337042540312, 0.264108717442, 0.186944663525, 0.131301343441, 0.0796535611153, 0.045210737735, 0.0222092345357, 0.00960727222264, 0.00247673131526, 0.000453828222817, 0.000115306320367, 8.12573271105e-05], "min": [2.07224937181e-22, 1.64301061477e-21, 4.14745208739e-21, 8.61932861155e-21, 5.08194597505e-20, 3.70224231752e-20, 8.28156233311e-20, 9.84822884236e-20, 3.55559347005e-19, 5.43539139738e-19, 5.25524335068e-19, 8.80020393095e-19, 1.31601571344e-18, 5.46267698386e-19, 1.2637604394e-18, 1.84611802791e-18, 2.28970872744e-18, 3.16870931024e-18, 3.85650750803e-18, 3.61826170724e-18, 6.07354717789e-18, 5.16805117289e-18, 8.78049076939e-18, 1.09261848706e-17, 1.26461828774e-17, 1.06824056451e-17, 1.17504149299e-17, 1.54776411393e-17, 1.40620968832e-17, 1.34134119206e-17, 1.16044771088e-17, 1.15745373066e-17, 1.18196780714e-17, 1.0890211613e-17, 7.2652447797e-18, 4.8111558258e-18, 2.85001481819e-18, 9.77608473427e-19, 2.67184714529e-19, 3.03455505177e-20], "var": [8.15847492218, 128.057174683, 521.278564453, 669.966369629, 423.09463501, 446.359436035, 144.070632935, 265.591186523, 827.275634766, 6238.50439453, 1958.35144043, 405.912750244, 3346.47143555, 3548.03076172, 2502.90332031, 132.807403564, 60.1500473022, 54.8711128235, 48.4982795715, 118.212753296, 40.6276092529, 136.78263855, 172.540130615, 29.8656234741, 140.361907959, 66.9347000122, 88.5364227295, 26.2287693024, 53.9742851257, 45.6150016785, 145.937561035, 127.995361328, 18.7896156311, 12.646197319, 2.54289031029, 0.347911447287, 0.0353925377131, 0.0019362407038, 2.22654871322e-05, 8.01598005751e-08]}, "gfcc": {"mean": [-84.1198883057, 135.678924561, -66.4362411499, 30.3035449982, -34.2141418457, 14.1785736084, -18.6248550415, 17.7927570343, -8.73682975769, -0.425532519817, -8.21508979797, 0.381488919258, -7.90990543365], "cov": [[40256.6601562, -2541.53564453, -1094.71240234, 1312.63867188, -2456.41967773, 687.192749023, -991.206359863, 773.510009766, -252.009796143, 420.471038818, -862.051452637, 36.154384613, -533.429748535], [-2541.53564453, 2015.80407715, -290.156768799, -325.008483887, 760.155639648, -269.906066895, 317.16192627, -124.467903137, 206.684310913, -105.982284546, 233.628036499, -63.7535705566, 127.275741577], [-1094.71240234, -290.156768799, 484.519134521, -81.9054946899, 14.9948749542, 18.9218387604, -34.698474884, 2.60887360573, -31.2398834229, 21.6903896332, -54.2202377319, 37.5303230286, -37.7087135315], [1312.63867188, -325.008483887, -81.9054946899, 442.775695801, -123.287185669, 10.7940864563, -32.1462669373, -22.7734546661, -10.0503816605, 2.52620530128, 14.6582365036, -14.1774930954, 33.2453155518], [-2456.41967773, 760.155639648, 14.9948749542, -123.287185669, 589.731750488, -128.088363647, 180.427536011, -81.9988098145, 109.9635849, -36.7653961182, 134.813476562, -9.5779838562, 62.8950614929], [687.192749023, -269.906066895, 18.9218387604, 10.7940864563, -128.088363647, 133.104431152, -26.7437324524, 43.4261550903, -29.2897949219, 16.7804985046, -28.3016910553, 2.48669314384, -29.4001312256], [-991.206359863, 317.16192627, -34.698474884, -32.1462669373, 180.427536011, -26.7437324524, 145.277923584, -2.99113559723, 59.0377540588, -10.1986894608, 72.5827484131, -6.05552101135, 41.4153366089], [773.510009766, -124.467903137, 2.60887360573, -22.7734546661, -81.9988098145, 43.4261550903, -2.99113559723, 97.1982498169, -2.60621333122, 19.6479759216, -37.1402168274, 8.8768863678, -25.348651886], [-252.009796143, 206.684310913, -31.2398834229, -10.0503816605, 109.9635849, -29.2897949219, 59.0377540588, -2.60621333122, 92.0684127808, 19.4329624176, 45.7788009644, -10.4970159531, 22.4131031036], [420.471038818, -105.982284546, 21.6903896332, 2.52620530128, -36.7653961182, 16.7804985046, -10.1986894608, 19.6479759216, 19.4329624176, 75.464302063, 12.7233572006, 8.92845153809, -15.3874473572], [-862.051452637, 233.628036499, -54.2202377319, 14.6582365036, 134.813476562, -28.3016910553, 72.5827484131, -37.1402168274, 45.7788009644, 12.7233572006, 127.358680725, 7.56008815765, 35.9963340759], [36.154384613, -63.7535705566, 37.5303230286, -14.1774930954, -9.5779838562, 2.48669314384, -6.05552101135, 8.8768863678, -10.4970159531, 8.92845153809, 7.56008815765, 56.5679244995, 15.1214494705], [-533.429748535, 127.275741577, -37.7087135315, 33.2453155518, 62.8950614929, -29.4001312256, 41.4153366089, -25.348651886, 22.4131031036, -15.3874473572, 35.9963340759, 15.1214494705, 74.0999679565]], "icov": [[7.39111565053e-05, -0.000206096781767, 0.000159927672939, -0.000359451340046, 0.000119098942378, -0.000280745443888, 0.000302489614114, -0.00025582377566, -9.64679929893e-05, -0.00042038585525, 0.000533057493158, -0.000513033708557, 0.000447291211458], [-0.000206096781767, 0.00266741868109, 0.000475900247693, 0.00241055735387, -0.00130874093156, 0.00267690210603, -0.00186003220733, 0.000876548525412, -0.00103680777829, 0.00297774723731, -0.00266773975454, 0.00291484105401, -0.00175913667772], [0.000159927672939, 0.000475900247693, 0.00345973321237, -3.58087199857e-05, -0.000877873564605, -0.000240024121013, -0.000101887431811, 0.000700538221281, -0.000274966208963, -0.00137108413037, 0.00261785462499, -0.00289491913281, 0.00217455322854], [-0.000359451340046, 0.00241055735387, -3.58087199857e-05, 0.00553659070283, -0.000358273391612, 0.00256690243259, -0.00147424160969, 0.00178000191227, -0.000342128943885, 0.00309352390468, -0.00437441421673, 0.00501718744636, -0.00462780799717], [0.000119098942378, -0.00130874093156, -0.000877873564605, -0.000358273391612, 0.00527326157317, 0.000749545812141, -0.00257197767496, 0.00170340912882, -0.0020300084725, 0.000535681494512, -0.000337620964274, -0.00166242243722, 0.0018895464018], [-0.000280745443888, 0.00267690210603, -0.000240024121013, 0.00256690243259, 0.000749545812141, 0.0137501191348, -0.00367038603872, -0.00188367953524, 0.00132212101016, 0.00246973359026, -0.00428115716204, 0.00392522802576, -0.000274712103419], [0.000302489614114, -0.00186003220733, -0.000101887431811, -0.00147424160969, -0.00257197767496, -0.00367038603872, 0.0193862691522, -0.00790258031338, -0.00293456320651, 0.000322413106915, -0.00368564296514, 0.0015218090266, -0.00439539691433], [-0.00025582377566, 0.000876548525412, 0.000700538221281, 0.00178000191227, 0.00170340912882, -0.00188367953524, -0.00790258031338, 0.0194743555039, -0.00306809530593, -0.00112028419971, 0.00498495809734, -0.00460901204497, 0.00431058835238], [-9.64679929893e-05, -0.00103680777829, -0.000274966208963, -0.000342128943885, -0.0020300084725, 0.00132212101016, -0.00293456320651, -0.00306809530593, 0.0219116844237, -0.0087708812207, -0.00155669916421, 0.00572998635471, -0.00492390943691], [-0.00042038585525, 0.00297774723731, -0.00137108413037, 0.00309352390468, 0.000535681494512, 0.00246973359026, 0.000322413106915, -0.00112028419971, -0.0087708812207, 0.0243038237095, -0.00965341366827, 0.000804654206149, 0.0019602754619], [0.000533057493158, -0.00266773975454, 0.00261785462499, -0.00437441421673, -0.000337620964274, -0.00428115716204, -0.00368564296514, 0.00498495809734, -0.00155669916421, -0.00965341366827, 0.021942794323, -0.0099689103663, 0.00390874035656], [-0.000513033708557, 0.00291484105401, -0.00289491913281, 0.00501718744636, -0.00166242243722, 0.00392522802576, 0.0015218090266, -0.00460901204497, 0.00572998635471, 0.000804654206149, -0.0099689103663, 0.0311706215143, -0.0149671006948], [0.000447291211458, -0.00175913667772, 0.00217455322854, -0.00462780799717, 0.0018895464018, -0.000274712103419, -0.00439539691433, 0.00431058835238, -0.00492390943691, 0.0019602754619, 0.00390874035656, -0.0149671006948, 0.0281900092959]]}, "melbands": {"dmean": [0.00827916618437, 0.0044262832962, 0.0014716348378, 0.000370195019059, 0.000159149087267, 9.94488145807e-05, 0.000136804359499, 0.000247609394137, 9.15526543395e-05, 2.96906473523e-05, 5.99574414082e-05, 2.96594826068e-05, 3.81734062103e-05, 1.94031363208e-05, 8.63266996021e-06, 5.40819382877e-06, 6.18073363512e-06, 3.27323505189e-06, 8.95100129128e-06, 4.24272366217e-06, 3.07935169985e-06, 4.75730030303e-06, 3.99716645916e-06, 1.97679833036e-06, 1.48325113969e-06, 1.3640421912e-06, 1.6856295133e-06, 1.45143428654e-06, 8.67042842856e-07, 6.8548672516e-07, 8.45874410516e-07, 1.31355159283e-06, 1.20280355986e-06, 9.48429374148e-07, 1.73222429112e-06, 4.48874470749e-06, 1.80271763384e-06, 7.40513428354e-07, 1.06957554635e-06, 1.25644180571e-06], "dmean2": [0.0133263878524, 0.00710823154077, 0.00255510862917, 0.00055435008835, 0.000243398928433, 0.000132093540742, 0.000173617649125, 0.000354261719622, 0.000140416712384, 4.76024688396e-05, 8.46987604746e-05, 4.61274430563e-05, 5.4340409406e-05, 2.995984687e-05, 1.50146279339e-05, 8.76443209563e-06, 1.07077721623e-05, 5.81355061513e-06, 1.50802716234e-05, 7.42378051655e-06, 5.24106735611e-06, 7.71869326854e-06, 6.52467315376e-06, 3.2770190046e-06, 2.55667373494e-06, 2.37384938373e-06, 2.85410715151e-06, 2.31605054068e-06, 1.37553627155e-06, 1.13594637696e-06, 1.26800307498e-06, 2.1154037313e-06, 1.9082046947e-06, 1.52271877596e-06, 2.85038595393e-06, 7.77738841862e-06, 3.04679701912e-06, 1.21352786664e-06, 1.83831241429e-06, 2.1926973659e-06], "dvar": [0.0001899584895, 8.65386609803e-05, 1.60839044838e-05, 4.20137098445e-07, 1.19415531685e-07, 3.51348461436e-08, 5.82009356265e-08, 2.13904201019e-07, 3.33571357203e-08, 3.74986663942e-09, 2.12750688178e-08, 1.56064459134e-08, 8.27851653895e-09, 2.04939309967e-09, 3.76681630332e-10, 2.50073045605e-10, 2.59244237188e-10, 7.20547163602e-11, 6.11023620589e-10, 9.9932714881e-11, 5.56773099847e-11, 1.11361614374e-10, 1.69295050201e-10, 5.67035932098e-11, 1.97392709816e-11, 3.0466858203e-11, 2.70523360657e-11, 1.59054644455e-11, 9.01686798144e-12, 3.17955861293e-12, 4.96250740153e-12, 1.38593034618e-11, 1.17547464817e-11, 4.35217833994e-12, 1.78518137772e-11, 2.14156747891e-10, 3.15920727079e-11, 3.41458502098e-12, 8.29640869893e-12, 1.18237390365e-11], "dvar2": [0.000472199317301, 0.000195283835637, 4.50592051493e-05, 1.00985027984e-06, 3.38794336585e-07, 6.84099035198e-08, 1.02916672517e-07, 4.98984604747e-07, 7.92152263784e-08, 1.00638049005e-08, 4.61688181019e-08, 2.60453383305e-08, 1.60801043592e-08, 5.12256503882e-09, 1.06490849472e-09, 5.64592039787e-10, 7.30561167117e-10, 2.06838504657e-10, 1.73506264911e-09, 2.91376173189e-10, 1.54922533135e-10, 2.7462615515e-10, 4.37730407477e-10, 1.47077239276e-10, 5.82169451535e-11, 8.7672848148e-11, 7.65295257721e-11, 3.83114685809e-11, 1.98069945861e-11, 8.14456141418e-12, 1.15292541139e-11, 3.51695790546e-11, 3.2102882852e-11, 1.00153227725e-11, 4.35752059436e-11, 5.68151636848e-10, 8.32698215936e-11, 8.09680447689e-12, 2.19665379636e-11, 3.18979391511e-11], "max": [0.117759086192, 0.0941949635744, 0.0401404313743, 0.00894786044955, 0.00608964497223, 0.00288996635936, 0.00479404116049, 0.00793450046331, 0.00228321948089, 0.000635146803688, 0.00187346362509, 0.00304074259475, 0.00147837190889, 0.000505517353304, 0.000160768919159, 0.000257101753959, 0.000236580497585, 9.45318679442e-05, 0.000517744279932, 0.000124683399918, 0.000129059742903, 0.000116508846986, 0.00020006687555, 0.00013815893908, 7.97894826974e-05, 0.000129923413624, 0.000113015776151, 6.46978514851e-05, 9.50304238359e-05, 3.18986567436e-05, 2.78797378996e-05, 4.09447966376e-05, 6.83125326759e-05, 3.8818900066e-05, 4.45480218332e-05, 0.000109923006676, 4.3246862333e-05, 3.1567273254e-05, 4.63759643026e-05, 2.73548976111e-05], "mean": [0.0156667493284, 0.00824262015522, 0.00274132587947, 0.00116963882465, 0.00040181982331, 0.000220746209379, 0.000369602959836, 0.000622749503236, 0.000249270146014, 8.29662312753e-05, 0.000163844044437, 5.2647152188e-05, 8.44308815431e-05, 3.58820398105e-05, 1.13255018732e-05, 7.63766729506e-06, 7.61536512073e-06, 4.50329116575e-06, 1.18521156764e-05, 5.09030132889e-06, 4.1725193114e-06, 7.50858953324e-06, 5.08326002091e-06, 2.94727101391e-06, 2.26362681133e-06, 2.25570602197e-06, 2.52621407526e-06, 2.0301602035e-06, 1.67084203895e-06, 1.01613557035e-06, 1.11676865799e-06, 1.41748307669e-06, 1.48579511006e-06, 1.16247770166e-06, 1.6868517605e-06, 3.41419149663e-06, 1.6026801859e-06, 8.50194567192e-07, 9.82836809271e-07, 9.91951196738e-07], "median": [0.00759265432134, 0.00372405070812, 0.000793504354078, 0.000578667328227, 0.00020667964418, 8.09308112366e-05, 0.000172896834556, 0.000268858391792, 6.74892216921e-05, 3.76269963454e-05, 2.90037314699e-05, 1.20282948046e-05, 2.02726096177e-05, 9.1837355285e-06, 4.33492050433e-06, 2.66062897936e-06, 2.52637119047e-06, 2.32184584092e-06, 4.50486368209e-06, 1.6039195998e-06, 1.5767742525e-06, 3.12643464895e-06, 1.37129813993e-06, 1.14818635666e-06, 1.11734846087e-06, 6.68737357046e-07, 7.37219068014e-07, 4.50111087957e-07, 3.21041795814e-07, 2.14767496232e-07, 2.08142438396e-07, 1.90511173059e-07, 1.59770550567e-07, 1.26766082076e-07, 1.03842097587e-07, 9.45644273997e-08, 7.31564426815e-08, 5.75369369926e-08, 4.47605614795e-08, 3.64574184175e-08], "min": [2.12686208606e-24, 2.1690856688e-24, 2.4409188537e-24, 3.64527615036e-24, 2.28518094771e-24, 2.3561902621e-24, 5.17909154054e-24, 4.76091598025e-24, 3.31421765528e-24, 6.17749638472e-24, 6.56650381304e-24, 2.12044391374e-24, 2.65291910831e-24, 5.18609189221e-24, 4.90141052975e-24, 6.32447694858e-24, 5.48162561415e-24, 6.10579642262e-24, 6.05622322004e-24, 3.00776905664e-24, 7.82057768774e-24, 4.28255901036e-24, 6.54368127819e-24, 7.72453150595e-24, 8.71338048356e-24, 8.83279035878e-24, 6.25884096025e-24, 6.10702980664e-24, 5.92008554932e-24, 6.73915588291e-24, 8.41803727153e-24, 8.05302975296e-24, 6.77030484461e-24, 8.52188292109e-24, 6.90953721666e-24, 5.73796912074e-24, 7.20060716917e-24, 7.8196302658e-24, 7.24019220939e-24, 9.39966186097e-24], "var": [0.00041404820513, 0.00013470936392, 1.74418564711e-05, 2.03519562092e-06, 2.7946435921e-07, 1.33021615056e-07, 3.03243581357e-07, 7.80236234732e-07, 1.37421423574e-07, 1.20949001925e-08, 8.20351502284e-08, 4.84423132718e-08, 2.63653046062e-08, 4.41891812031e-09, 3.84700354905e-10, 4.82098805321e-10, 2.26398316761e-10, 6.11932102212e-11, 7.45669859192e-10, 9.94029858425e-11, 5.96263524666e-11, 1.57909463283e-10, 1.74021255739e-10, 6.22936910388e-11, 1.76991719891e-11, 5.66944026448e-11, 4.6197500686e-11, 3.02431378552e-11, 4.98234925539e-11, 8.31284520386e-12, 9.06993664201e-12, 1.73111750629e-11, 2.19875680163e-11, 1.13254874229e-11, 2.37507843254e-11, 1.58269938821e-10, 2.91023663501e-11, 7.40314146791e-12, 9.84186603742e-12, 9.26940555562e-12]}, "mfcc": {"mean": [-726.075378418, 159.451339722, 33.4031219482, 32.591003418, 15.2596130371, 7.34924268723, 7.57626008987, 15.9304437637, 8.51763343811, 8.54794025421, 4.67386722565, 5.68939876556, 7.99298334122], "cov": [[19368.9589844, 918.264892578, 680.984863281, -32.5378646851, -547.975952148, -504.291870117, -613.8515625, 66.0559005737, 23.4075698853, 36.5873603821, -139.072311401, -40.6541976929, -71.1089630127], [918.264892578, 2403.31030273, -320.282165527, 288.214080811, 259.334686279, 36.8847084045, 44.5706291199, 75.3107223511, 61.7033424377, 12.5475578308, 68.9044647217, 33.8677139282, 102.100799561], [680.984863281, -320.282165527, 386.466339111, -77.0880584717, -54.8301887512, -11.5135650635, -9.346159935, -0.228863999248, 2.50390481949, 3.92195081711, -3.53611278534, 0.787814855576, -9.55609130859], [-32.5378646851, 288.214080811, -77.0880584717, 311.299530029, 96.0412445068, 33.3588638306, 24.6034202576, 6.11113834381, -9.83998680115, 12.4500102997, -8.29135990143, -13.2641210556, 19.3307304382], [-547.975952148, 259.334686279, -54.8301887512, 96.0412445068, 177.800140381, 57.6177711487, 39.2317428589, 9.10487270355, -5.56965732574, 1.34174978733, 12.9629077911, -0.553695499897, 19.4368209839], [-504.291870117, 36.8847084045, -11.5135650635, 33.3588638306, 57.6177711487, 77.1782989502, 43.4916763306, -0.356063634157, -3.75210738182, 6.068318367, 3.46530175209, 7.679292202, 14.8933601379], [-613.8515625, 44.5706291199, -9.346159935, 24.6034202576, 39.2317428589, 43.4916763306, 90.3896942139, 30.5712394714, 2.62100052834, 3.01889657974, 13.1324214935, 10.3969583511, 16.0396537781], [66.0559005737, 75.3107223511, -0.228863999248, 6.11113834381, 9.10487270355, -0.356063634157, 30.5712394714, 64.6548156738, 26.3160400391, -2.89239239693, 3.92382097244, -2.00479054451, 3.69704222679], [23.4075698853, 61.7033424377, 2.50390481949, -9.83998680115, -5.56965732574, -3.75210738182, 2.62100052834, 26.3160400391, 64.1891098022, 20.340089798, 7.79853725433, 2.63815808296, 1.98996531963], [36.5873603821, 12.5475578308, 3.92195081711, 12.4500102997, 1.34174978733, 6.068318367, 3.01889657974, -2.89239239693, 20.340089798, 51.289264679, 17.8200149536, 5.16312837601, -2.66952514648], [-139.072311401, 68.9044647217, -3.53611278534, -8.29135990143, 12.9629077911, 3.46530175209, 13.1324214935, 3.92382097244, 7.79853725433, 17.8200149536, 59.1512107849, 33.3741722107, 7.11799383163], [-40.6541976929, 33.8677139282, 0.787814855576, -13.2641210556, -0.553695499897, 7.679292202, 10.3969583511, -2.00479054451, 2.63815808296, 5.16312837601, 33.3741722107, 74.1282501221, 35.0349655151], [-71.1089630127, 102.100799561, -9.55609130859, 19.3307304382, 19.4368209839, 14.8933601379, 16.0396537781, 3.69704222679, 1.98996531963, -2.66952514648, 7.11799383163, 35.0349655151, 68.1445541382]], "icov": [[0.000100298784673, -9.71637055045e-05, -0.00021103976178, -6.13266965956e-05, 0.000221324342419, 0.000181523733772, 0.000688193365932, -0.000522883317899, 0.000347897643223, -0.000337240926456, 0.000304058688926, -0.000181828974746, 3.9978462155e-05], [-9.71637055045e-05, 0.000737794092856, 0.000566711998545, -0.000275383208646, -0.000895311066415, 0.000152884240379, -0.000341193343047, 5.08040684508e-05, -0.000856195227243, 0.000551821663976, -0.00102428661194, 0.000417387345806, -0.00081070617307], [-0.00021103976178, 0.000566711998545, 0.00343913864344, 0.000498040462844, -0.000201045389986, -0.000524040777236, -0.00117323896848, 0.000498037901707, -0.000730722676963, 0.000283707893686, -0.0007825687062, 0.000473658787087, -0.000436640286352], [-6.13266965956e-05, -0.000275383208646, 0.000498040462844, 0.00446097459644, -0.00179557967931, -0.000159716844792, -0.000679810298607, -0.000118552845379, 0.00133328011725, -0.00208160630427, 0.0014973905636, 0.000789591053035, -0.000816339626908], [0.000221324342419, -0.000895311066415, -0.000201045389986, -0.00179557967931, 0.0105139110237, -0.00597469275817, 0.00143223127816, -0.00163204560522, 0.00169496121816, 0.000662313890643, -0.002273197053, 0.00188470678404, -0.000643171078991], [0.000181523733772, 0.000152884240379, -0.000524040777236, -0.000159716844792, -0.00597469275817, 0.0245548225939, -0.00982377585024, 0.00499750114977, -0.000341196981026, -0.00317347119562, 0.00432779779658, -0.00226939702407, -0.00108875113074], [0.000688193365932, -0.000341193343047, -0.00117323896848, -0.000679810298607, 0.00143223127816, -0.00982377585024, 0.0258125234395, -0.015119520016, 0.00603434722871, -0.00320878461935, -0.00171316077467, -0.00088615185814, -0.00192658777814], [-0.000522883317899, 5.08040684508e-05, 0.000498037901707, -0.000118552845379, -0.00163204560522, 0.00499750114977, -0.015119520016, 0.0295021217316, -0.0137107307091, 0.00825773645192, -0.0020760090556, 0.00273524108343, 0.000347668305039], [0.000347897643223, -0.000856195227243, -0.000730722676963, 0.00133328011725, 0.00169496121816, -0.000341196981026, 0.00603434722871, -0.0137107307091, 0.0257254373282, -0.0123360389844, 0.00213735969737, -0.000935518241022, -0.00089697574731], [-0.000337240926456, 0.000551821663976, 0.000283707893686, -0.00208160630427, 0.000662313890643, -0.00317347119562, -0.00320878461935, 0.00825773645192, -0.0123360389844, 0.0294135268778, -0.0103372624144, 0.0024956248235, 0.00157271057833], [0.000304058688926, -0.00102428661194, -0.0007825687062, 0.0014973905636, -0.002273197053, 0.00432779779658, -0.00171316077467, -0.0020760090556, 0.00213735969737, -0.0103372624144, 0.030402906239, -0.0150835290551, 0.00564761273563], [-0.000181828974746, 0.000417387345806, 0.000473658787087, 0.000789591053035, 0.00188470678404, -0.00226939702407, -0.00088615185814, 0.00273524108343, -0.000935518241022, 0.0024956248235, -0.0150835290551, 0.02652669698, -0.0128915430978], [3.9978462155e-05, -0.00081070617307, -0.000436640286352, -0.000816339626908, -0.000643171078991, -0.00108875113074, -0.00192658777814, 0.000347668305039, -0.00089697574731, 0.00157271057833, 0.00564761273563, -0.0128915430978, 0.0230832193047]]}, "spectral_contrast_coeffs": {"dmean": [0.036969255656, 0.0362027361989, 0.0374928191304, 0.0322777591646, 0.0210280939937, 0.0192160978913], "dmean2": [0.0589768178761, 0.0575373135507, 0.0605510659516, 0.0543092489243, 0.0355329178274, 0.0293721742928], "dvar": [0.00140232103877, 0.00115597469267, 0.0013883409556, 0.000835009443108, 0.000328075228026, 0.000254394428339], "dvar2": [0.00357908918522, 0.00320156058297, 0.00365890702233, 0.00224576331675, 0.000890467723366, 0.000585113943089], "max": [-0.38494771719, -0.452469408512, -0.526819884777, -0.618611812592, -0.684246242046, -0.725434243679], "mean": [-0.696593940258, -0.707150757313, -0.738957941532, -0.788477182388, -0.791593074799, -0.812541782856], "median": [-0.700411081314, -0.699258208275, -0.737021207809, -0.781949877739, -0.787691831589, -0.804883778095], "min": [-0.981008529663, -0.96953189373, -0.970851957798, -0.96443593502, -0.962914943695, -0.961367785931], "var": [0.0054680518806, 0.00643441081047, 0.00542778940871, 0.00267364317551, 0.00155257852748, 0.00135894853156]}, "spectral_contrast_valleys": {"dmean": [0.283009499311, 0.302357107401, 0.356535881758, 0.353337496519, 0.28658375144, 0.53657579422], "dmean2": [0.437849849463, 0.501515388489, 0.596491277218, 0.590593159199, 0.433948993683, 0.721463561058], "dvar": [0.236717998981, 0.278826206923, 0.326543837786, 0.352977842093, 0.260088860989, 0.428649246693], "dvar2": [0.304998576641, 0.425236731768, 0.565793514252, 0.623074769974, 0.384365022182, 0.848439514637], "max": [-4.61201