{"lowlevel": {"average_loudness": 0.893604457378, "barkbands_crest": {"dmean": 3.0366089344, "dmean2": 4.9758143425, "dvar": 8.92028427124, "dvar2": 23.1562786102, "max": 24.9562740326, "mean": 13.8679904938, "median": 13.4426937103, "min": 2.21840691566, "var": 28.3558769226}, "barkbands_flatness_db": {"dmean": 0.039249625057, "dmean2": 0.0579948201776, "dvar": 0.0014775164891, "dvar2": 0.00322508718818, "max": 0.398460954428, "mean": 0.172572597861, "median": 0.173972755671, "min": 0.0172890126705, "var": 0.0043461387977}, "barkbands_kurtosis": {"dmean": 8.98421382904, "dmean2": 15.5205831528, "dvar": 318.674621582, "dvar2": 875.680297852, "max": 295.584106445, "mean": 10.7187843323, "median": 5.05207061768, "min": -1.94802248478, "var": 313.382202148}, "barkbands_skewness": {"dmean": 1.08129048347, "dmean2": 1.72860908508, "dvar": 1.8446829319, "dvar2": 4.62874412537, "max": 14.2412691116, "mean": 2.22570991516, "median": 2.04867815971, "min": -8.11022281647, "var": 4.19580316544}, "barkbands_spread": {"dmean": 10.4485273361, "dmean2": 16.9229278564, "dvar": 228.837097168, "dvar2": 498.501220703, "max": 136.113128662, "mean": 20.4392871857, "median": 13.1329050064, "min": 0.717933118343, "var": 375.746551514}, "dissonance": {"dmean": 0.02107873559, "dmean2": 0.0339939333498, "dvar": 0.000506639946252, "dvar2": 0.00119791959878, "max": 0.499997019768, "mean": 0.453202754259, "median": 0.459482342005, "min": 0.237353309989, "var": 0.00125911447685}, "dynamic_complexity": 5.03984546661, "erbbands_crest": {"dmean": 2.92598557472, "dmean2": 4.49421596527, "dvar": 11.2759494781, "dvar2": 22.6534614563, "max": 32.9658966064, "mean": 10.864066124, "median": 9.15382766724, "min": 2.37565112114, "var": 39.7815170288}, "erbbands_flatness_db": {"dmean": 0.0336807370186, "dmean2": 0.0449061952531, "dvar": 0.00112362392247, "dvar2": 0.00187359447591, "max": 0.360313117504, "mean": 0.145025759935, "median": 0.141066685319, "min": 0.0420199520886, "var": 0.00325909070671}, "erbbands_kurtosis": {"dmean": 1.44938528538, "dmean2": 2.23707652092, "dvar": 5.96945381165, "dvar2": 13.0504646301, "max": 45.9152832031, "mean": 1.2376832962, "median": 0.197417736053, "min": -1.85361588001, "var": 12.0564155579}, "erbbands_skewness": {"dmean": 0.466238647699, "dmean2": 0.734606862068, "dvar": 0.314429730177, "dvar2": 0.712907731533, "max": 4.96912479401, "mean": 0.236133813858, "median": 0.369798630476, "min": -5.55931854248, "var": 1.04777216911}, "erbbands_spread": {"dmean": 17.2813358307, "dmean2": 26.5224514008, "dvar": 486.079467773, "dvar2": 1043.97460938, "max": 187.372802734, "mean": 43.0069503784, "median": 35.009552002, "min": 2.11178302765, "var": 776.777160645}, "hfc": {"dmean": 18.1229667664, "dmean2": 28.6115608215, "dvar": 872.665466309, "dvar2": 2064.18701172, "max": 259.480438232, "mean": 21.5408535004, "median": 9.6533575058, "min": 1.20419590382e-16, "var": 947.134033203}, "melbands_crest": {"dmean": 3.3927385807, "dmean2": 5.49964284897, "dvar": 12.1359586716, "dvar2": 31.4885215759, "max": 34.7599906921, "mean": 17.5826740265, "median": 18.2805938721, "min": 2.06890630722, "var": 35.9995613098}, "melbands_flatness_db": {"dmean": 0.0455610007048, "dmean2": 0.068631850183, "dvar": 0.00214748899452, "dvar2": 0.0047333505936, "max": 0.521239638329, "mean": 0.25627335906, "median": 0.265836656094, "min": 0.00522010168061, "var": 0.00805325433612}, "melbands_kurtosis": {"dmean": 26.990442276, "dmean2": 45.2309150696, "dvar": 3526.05859375, "dvar2": 9382.58789062, "max": 1142.87011719, "mean": 32.7743301392, "median": 13.7973327637, "min": -1.84434461594, "var": 3510.11962891}, "melbands_skewness": {"dmean": 1.59369409084, "dmean2": 2.48127031326, "dvar": 4.92228984833, "dvar2": 11.7870140076, "max": 29.4814491272, "mean": 3.84146237373, "median": 3.16292762756, "min": -2.55464434624, "var": 8.75867271423}, "melbands_spread": {"dmean": 9.32698059082, "dmean2": 15.2224836349, "dvar": 402.540374756, "dvar2": 1025.6427002, "max": 291.639221191, "mean": 19.7946529388, "median": 10.9947004318, "min": 0.514985203743, "var": 825.450134277}, "pitch_salience": {"dmean": 0.0851917043328, "dmean2": 0.13954217732, "dvar": 0.00769313750789, "dvar2": 0.0192708019167, "max": 0.962364912033, "mean": 0.436308652163, "median": 0.423225522041, "min": 0.0848458334804, "var": 0.0236539896578}, "silence_rate_20dB": {"dmean": 0.00128700130153, "dmean2": 0.0025748310145, "dvar": 0.00128535425756, "dvar2": 0.00385565101169, "max": 1, "mean": 0.999356687069, "median": 1, "min": 0, "var": 0.000642870028969}, "silence_rate_30dB": {"dmean": 0.148648649454, "dmean2": 0.297392994165, "dvar": 0.126550301909, "dvar2": 0.225040510297, "max": 1, "mean": 0.816017985344, "median": 1, "min": 0, "var": 0.150129914284}, "silence_rate_60dB": {"dmean": 0.0508365519345, "dmean2": 0.101705826819, "dvar": 0.0482509210706, "dvar2": 0.103593066335, "max": 1, "mean": 0.154390484095, "median": 0, "min": 0, "var": 0.130553469062}, "spectral_centroid": {"dmean": 341.952178955, "dmean2": 536.088012695, "dvar": 264726.0625, "dvar2": 554733.1875, "max": 10712.3398438, "mean": 1237.65771484, "median": 846.613098145, "min": 151.62562561, "var": 935198.9375}, "spectral_complexity": {"dmean": 4.52638339996, "dmean2": 6.80849695206, "dvar": 42.3253593445, "dvar2": 90.0492248535, "max": 58, "mean": 12.1817302704, "median": 11, "min": 0, "var": 88.5786514282}, "spectral_decrease": {"dmean": 1.14160032538e-08, "dmean2": 2.00392022975e-08, "dvar": 5.73781812536e-16, "dvar2": 1.5849204053e-15, "max": 6.43680664325e-11, "mean": -1.34623485692e-08, "median": -5.67749625091e-09, "min": -1.35147899982e-07, "var": 4.5582532779e-16}, "spectral_energy": {"dmean": 0.0444130338728, "dmean2": 0.0775021761656, "dvar": 0.00836999341846, "dvar2": 0.0230483915657, "max": 0.515703380108, "mean": 0.0527638308704, "median": 0.0231655016541, "min": 1.1110466229e-20, "var": 0.00674034561962}, "spectral_energyband_high": {"dmean": 0.00140984519385, "dmean2": 0.00232727639377, "dvar": 7.03991099726e-06, "dvar2": 1.68161168403e-05, "max": 0.0250009391457, "mean": 0.00121163774747, "median": 8.40163047542e-05, "min": 7.93543038294e-21, "var": 7.07344497641e-06}, "spectral_energyband_low": {"dmean": 0.0395198054612, "dmean2": 0.0710373967886, "dvar": 0.00766445323825, "dvar2": 0.021225085482, "max": 0.488509446383, "mean": 0.0398583821952, "median": 0.0103407464921, "min": 5.1049054044e-23, "var": 0.0056870742701}, "spectral_energyband_middle_high": {"dmean": 0.00185717153363, "dmean2": 0.00249764462933, "dvar": 1.41168748087e-05, "dvar2": 2.84428206214e-05, "max": 0.0558666400611, "mean": 0.00329513498582, "median": 0.00144258444197, "min": 1.9301366982e-21, "var": 3.13438686135e-05}, "spectral_energyband_middle_low": {"dmean": 0.00472366809845, "dmean2": 0.00775251397863, "dvar": 6.88320214977e-05, "dvar2": 0.000173051914317, "max": 0.110031560063, "mean": 0.009227165021, "median": 0.00614553177729, "min": 2.58516206233e-22, "var": 0.000114849448437}, "spectral_entropy": {"dmean": 0.370258510113, "dmean2": 0.502645850182, "dvar": 0.146376162767, "dvar2": 0.242280051112, "max": 9.81280422211, "mean": 7.4927611351, "median": 7.58842229843, "min": 5.48835086823, "var": 0.46658551693}, "spectral_flux": {"dmean": 0.0714507102966, "dmean2": 0.111848585308, "dvar": 0.0123371975496, "dvar2": 0.0224900823087, "max": 0.690462172031, "mean": 0.113438285887, "median": 0.0617036521435, "min": 1.05406197659e-10, "var": 0.0177114997059}, "spectral_kurtosis": {"dmean": 2.96278762817, "dmean2": 4.36383008957, "dvar": 10.3999347687, "dvar2": 21.3645744324, "max": 29.8677940369, "mean": 5.89016437531, "median": 4.40117788315, "min": -1.25272321701, "var": 24.7653484344}, "spectral_rms": {"dmean": 0.00226665753871, "dmean2": 0.00364054040983, "dvar": 1.379684727e-05, "dvar2": 3.58003344445e-05, "max": 0.0224304534495, "mean": 0.00567186903208, "median": 0.00475399708375, "min": 3.29233645555e-12, "var": 1.93068299268e-05}, "spectral_rolloff": {"dmean": 881.68951416, "dmean2": 1534.50952148, "dvar": 4541058, "dvar2": 9978643, "max": 19810.546875, "mean": 1732.75549316, "median": 495.263671875, "min": 43.06640625, "var": 13064994}, "spectral_skewness": {"dmean": 0.425672024488, "dmean2": 0.627693235874, "dvar": 0.176452279091, "dvar2": 0.358002513647, "max": 4.39813423157, "mean": 1.78074789047, "median": 1.75900447369, "min": -0.113617911935, "var": 0.557675898075}, "spectral_spread": {"dmean": 1841122.125, "dmean2": 2549409, "dvar": 4580614078460.0, "dvar2": 8551573487620.0, "max": 42407720, "mean": 5748518, "median": 4896644.5, "min": 1845343, "var": 9373999955970.0}, "spectral_strongpeak": {"dmean": 0.4022539258, "dmean2": 0.648953914642, "dvar": 0.778240084648, "dvar2": 1.76728820801, "max": 13.1368112564, "mean": 0.766070783138, "median": 0.473219186068, "min": 0, "var": 1.35304760933}, "zerocrossingrate": {"dmean": 0.0202522035688, "dmean2": 0.0247453451157, "dvar": 0.000813162012491, "dvar2": 0.000997198279947, "max": 0.76953125, "mean": 0.0667919740081, "median": 0.03759765625, "min": 0.00439453125, "var": 0.00987207889557}, "barkbands": {"dmean": [0.00224967463873, 0.0305842421949, 0.00818741787225, 0.00184734538198, 0.00186086189933, 0.00109134765808, 0.000742429634556, 0.000367147207726, 0.000286423688522, 0.000366967171431, 0.000417709845351, 0.000273994286545, 0.000314687931677, 0.000132250585011, 0.00016187413712, 0.00012788028107, 0.000120218232041, 0.000116424977023, 0.000145145138958, 0.000204695723369, 0.000138575371238, 0.000151535583427, 0.000176403162186, 0.000217388107558, 0.000335421151249, 0.000296514073852, 5.05017342221e-05], "dmean2": [0.00390925444663, 0.0555766783655, 0.014699629508, 0.0034119412303, 0.00326363951899, 0.00169711490162, 0.000979202333838, 0.000555764243472, 0.000423236226197, 0.000509915815201, 0.000570276461076, 0.000380210403819, 0.000422084733145, 0.000194032661966, 0.000239693457843, 0.000205671953154, 0.000186333039892, 0.000196267195861, 0.000242243360844, 0.000361939164577, 0.000231840240303, 0.000249127071584, 0.000294024532195, 0.000368322071154, 0.000575344369281, 0.000512961007189, 8.7042542873e-05], "dvar": [2.43089452852e-05, 0.00471258303151, 0.000349939335138, 2.32881902775e-05, 1.62874021044e-05, 4.54429437013e-06, 2.24576024266e-06, 1.02690489712e-06, 9.10351559469e-07, 1.57676618073e-06, 2.44592047238e-06, 1.85860653801e-06, 2.54781684816e-06, 3.94208001353e-07, 6.98457256476e-07, 9.07579149612e-08, 9.54860084335e-08, 1.32900723315e-07, 1.17516151477e-07, 5.4386651982e-07, 1.81288683621e-07, 1.09551834271e-07, 1.16537471229e-07, 1.88790195921e-07, 4.43631080316e-07, 3.89882330865e-07, 1.09915152535e-08], "dvar2": [6.37920602458e-05, 0.0131438504905, 0.000980610377155, 6.05546156294e-05, 4.39105242549e-05, 1.04610362541e-05, 3.50806317329e-06, 2.22214521273e-06, 1.56992678058e-06, 2.28225849241e-06, 4.6794566515e-06, 3.23592485074e-06, 4.53157417724e-06, 7.67538494983e-07, 1.30764465212e-06, 2.36520193653e-07, 2.11093876601e-07, 3.64089544291e-07, 3.19695999451e-07, 1.5288051145e-06, 4.90596676173e-07, 2.79817555793e-07, 2.81015559267e-07, 4.70776882366e-07, 1.09025563688e-06, 9.87993075796e-07, 2.79752523369e-08], "max": [0.0295597501099, 0.397061765194, 0.148424655199, 0.0757659748197, 0.0508316084743, 0.0265485588461, 0.022470459342, 0.0185324400663, 0.0254601668566, 0.0417407527566, 0.0481829531491, 0.038239993155, 0.0522986650467, 0.022838383913, 0.0286825820804, 0.00414918363094, 0.00728452764452, 0.00546168908477, 0.00388428731821, 0.00890702288598, 0.00646112626418, 0.00483540864661, 0.00463550910354, 0.00500142900273, 0.00547938467935, 0.00584060885012, 0.000904120504856], "mean": [0.00162713765167, 0.0296689476818, 0.00786580797285, 0.0015901994193, 0.00234942999668, 0.00200928817503, 0.0018183963839, 0.000679259595927, 0.000509335717652, 0.000830503471661, 0.000627811998129, 0.000392134679714, 0.000473462743685, 0.00022969370184, 0.000249452306889, 0.000175367269549, 0.000146849197336, 0.000112235939014, 0.000142668111948, 0.000173324559, 0.000138582807267, 0.000145489859278, 0.000156051595695, 0.000170827857801, 0.000241189438384, 0.000205379605177, 3.50553928001e-05], "median": [0.000101510384411, 0.00614625774324, 0.00107445684262, 0.000201246788492, 0.000900972052477, 0.000288926938083, 0.000612832605839, 8.98707439774e-05, 0.000127441307995, 0.000191311642993, 0.000109134925879, 6.86952043907e-05, 8.81891610334e-05, 7.85806914791e-05, 8.96803467185e-05, 7.30478059268e-05, 5.23583767063e-05, 2.68327439699e-05, 3.80759229301e-05, 1.84666278074e-05, 1.49148327182e-05, 1.36304624903e-05, 9.78419484454e-06, 8.49940352055e-06, 7.73715237301e-06, 4.64270988232e-06, 4.90469858505e-07], "min": [2.13289292768e-24, 2.84015295646e-23, 6.61305686164e-24, 2.74887638547e-23, 4.54732021502e-23, 1.54128227419e-23, 7.02454887679e-23, 4.40245379839e-23, 3.91753058698e-23, 6.61326772416e-23, 7.70401560039e-23, 1.33110016253e-22, 1.25379860958e-22, 5.90411648025e-23, 9.01791455622e-23, 1.37278773795e-22, 2.42969638436e-22, 1.89452178666e-22, 4.15494023278e-22, 6.52623793852e-22, 5.33197926841e-22, 6.46412063271e-22, 5.09272848436e-22, 7.51757735001e-22, 1.03791285056e-21, 2.00075219429e-21, 2.41438349609e-21], "var": [1.80429524335e-05, 0.00336056738161, 0.000291754811769, 2.54946189671e-05, 1.55014586198e-05, 1.26415770865e-05, 8.94055938261e-06, 2.6862805953e-06, 2.81630991594e-06, 7.67869278206e-06, 5.1072520364e-06, 3.63236199519e-06, 4.93591005579e-06, 6.96716483617e-07, 1.2535786027e-06, 9.63842694546e-08, 1.1339277961e-07, 9.78875434043e-08, 9.82220882406e-08, 3.76829319748e-07, 1.7190738788e-07, 1.27691492935e-07, 1.42738926456e-07, 1.70456132764e-07, 3.59136805628e-07, 3.00689094956e-07, 8.52003889662e-09]}, "erbbands": {"dmean": [0.901802837849, 6.81227111816, 11.3325481415, 6.9284901619, 6.27322149277, 6.44514417648, 5.50724887848, 10.3174629211, 9.07596683502, 13.440448761, 5.85099983215, 7.67282962799, 7.59962272644, 11.6044912338, 19.1264705658, 13.4083681107, 14.6359472275, 8.77052211761, 8.70167255402, 6.05202913284, 7.60863780975, 5.91905212402, 5.2631149292, 8.70278835297, 6.51773357391, 10.0333223343, 7.22962522507, 5.50813245773, 5.52565813065, 5.10975408554, 4.71813488007, 4.54190635681, 3.85426187515, 3.59525322914, 2.44850325584, 1.40193271637, 0.550881505013, 0.093810684979, 0.00908215716481, 0.000348775007296], "dmean2": [1.63481462002, 12.3886566162, 20.1783943176, 12.808549881, 11.250670433, 11.1361932755, 9.16386222839, 15.9643096924, 12.4519691467, 18.2766704559, 8.36109447479, 11.0420484543, 10.8679456711, 16.1801490784, 25.3141765594, 17.9150352478, 19.5020637512, 12.1830301285, 12.8251123428, 9.24993515015, 12.0353384018, 9.2139415741, 8.39129638672, 15.0547428131, 10.6951150894, 17.8151569366, 12.6162528992, 9.03207206726, 9.13890647888, 8.35699081421, 7.89490795135, 7.64461803436, 6.5987405777, 6.18357753754, 4.21417045593, 2.42720031738, 0.957935571671, 0.162179738283, 0.0157067850232, 0.000584202236496], "dvar": [4.15460586548, 235.934585571, 656.483642578, 270.598602295, 232.574020386, 217.215072632, 102.398651123, 440.694458008, 296.252593994, 1509.87243652, 391.136230469, 711.535583496, 371.943084717, 1994.74401855, 5697.96337891, 4844.85595703, 4726.50439453, 1357.6307373, 2415.25390625, 167.710861206, 331.315551758, 190.167877197, 168.513015747, 721.939453125, 236.904525757, 1395.58032227, 645.182312012, 186.887008667, 164.814651489, 93.9553909302, 86.8899688721, 88.4425811768, 59.4627456665, 56.1299819946, 23.9555931091, 8.08861351013, 1.42078185081, 0.043413862586, 0.000366040301742, 4.77952937672e-07], "dvar2": [11.4605331421, 665.420043945, 1838.09912109, 754.473388672, 608.380615234, 582.840637207, 269.324035645, 1003.94012451, 511.946777344, 2827.91333008, 685.210754395, 1163.22338867, 575.978881836, 2887.23681641, 10786.4150391, 8416.58300781, 8323.74609375, 2571.18286133, 4515.17431641, 376.92755127, 844.420166016, 451.597412109, 424.044952393, 2028.77319336, 625.891235352, 3949.34155273, 1804.2487793, 470.097595215, 430.588500977, 229.377761841, 208.828491211, 217.525421143, 149.44329834, 140.322845459, 59.4304656982, 20.5086460114, 3.62459993362, 0.110516496003, 0.000944691884797, 1.21705329548e-06], "max": [10.2019691467, 94.1922149658, 188.285095215, 128.672241211, 235.619567871, 209.396133423, 145.743362427, 333.281585693, 316.260314941, 659.435668945, 507.180023193, 733.898925781, 502.961791992, 1517.54638672, 2440.27270508, 1944.7401123, 2106.77709961, 1175.07324219, 1690.49365234, 236.130355835, 263.856964111, 284.198699951, 166.554977417, 408.104278564, 209.634521484, 465.794067383, 317.592926025, 194.939605713, 196.951660156, 120.265556335, 125.866020203, 100.122924805, 94.0532684326, 64.8414916992, 46.4531784058, 26.1973972321, 11.060749054, 2.02859783173, 0.193041622639, 0.00803715270013], "mean": [0.726190149784, 6.93410873413, 11.7752027512, 6.29455137253, 6.35855913162, 8.40758228302, 7.75238180161, 19.6194953918, 23.4233074188, 28.8112411499, 11.8473834991, 14.6380281448, 17.5508861542, 23.8049545288, 30.3887081146, 20.1904525757, 22.9695987701, 15.569144249, 14.2473840714, 8.63844680786, 10.3347864151, 7.46270847321, 6.09859418869, 7.95854139328, 6.64861345291, 8.31256580353, 6.52253866196, 5.67775011063, 5.26851177216, 4.73878192902, 4.12226343155, 3.75141716003, 2.90521979332, 2.5851995945, 1.74678766727, 0.971110105515, 0.377729535103, 0.0651268288493, 0.00625116284937, 0.000278821971733], "median": [0.132394611835, 1.41368031502, 2.28087639809, 1.03834354877, 1.83779108524, 2.98959112167, 3.13126850128, 3.02562618256, 8.29130744934, 7.62220001221, 2.66666102409, 3.56914615631, 5.0626168251, 5.36822986603, 6.53772258759, 3.79860591888, 5.05083370209, 4.96945619583, 5.54627799988, 3.41626691818, 4.30767679214, 2.9915459156, 1.8585318327, 2.14223456383, 1.32074320316, 0.899805128574, 0.678316235542, 0.571780741215, 0.48712465167, 0.396323800087, 0.248704656959, 0.194957539439, 0.131872594357, 0.0884117335081, 0.0518667250872, 0.0249931327999, 0.00784177426249, 0.00107288057916, 0.000113090594823, 4.60916708107e-05], "min": [6.6938631816e-22, 6.7017050396e-21, 1.28003332125e-20, 5.07083913662e-20, 5.43917975534e-20, 1.91556444153e-19, 1.91211354741e-19, 1.96691103182e-19, 5.15351202606e-19, 1.25087069071e-18, 1.28769728857e-18, 8.27945444427e-19, 1.28288495856e-18, 3.28175036518e-18, 4.00125460265e-18, 5.44709310791e-18, 4.94771465954e-18, 3.85878969934e-18, 4.00727316879e-18, 7.27069838148e-18, 9.53043752815e-18, 1.07723780804e-17, 8.95950175293e-18, 1.83306267766e-17, 2.66711269433e-17, 2.92890328137e-17, 2.73829390215e-17, 1.83149235799e-17, 2.19441702457e-17, 1.73466987467e-17, 1.44622918266e-17, 1.50224502656e-17, 1.28558996324e-17, 1.08183552603e-17, 7.81149086799e-18, 6.1495005561e-18, 4.21464073091e-18, 1.35606490357e-18, 3.55171450997e-19, 3.57485973437e-20], "var": [2.78676629066, 171.825119019, 562.892089844, 229.512680054, 209.620117188, 210.961685181, 130.49079895, 1277.83569336, 1414.35778809, 4298.38525391, 1403.59631348, 2294.41015625, 1961.15698242, 9231.78320312, 12055.1005859, 9424.25390625, 9321.89941406, 2505.10766602, 4381.70947266, 242.807952881, 346.988464355, 208.414718628, 165.631332397, 483.281188965, 239.633529663, 927.012207031, 477.484802246, 246.260787964, 179.688781738, 111.284233093, 105.266792297, 92.9595031738, 49.6515197754, 44.1460494995, 19.0249557495, 6.23463439941, 1.075096488, 0.033293094486, 0.000276066479273, 3.8062881913e-07]}, "gfcc": {"mean": [-57.5212936401, 84.5058670044, -87.8742980957, 27.4139308929, -40.5035362244, 19.1081542969, -28.2363605499, 13.4411439896, -15.9202508926, 8.99364852905, -10.2807044983, 4.74054431915, -9.32249641418], "cov": [[31533.8769531, 2059.64794922, 1721.11401367, 596.801574707, -1237.6048584, 1084.24523926, -1010.65631104, 81.8653106689, -893.366577148, 185.582061768, -492.183868408, 437.048156738, -207.455169678], [2059.64794922, 3453.4465332, -785.298278809, -105.880462646, 285.948150635, -73.7110900879, 11.7570524216, -90.5175018311, 134.31918335, -110.598327637, 121.149414062, -170.225631714, 110.502685547], [1721.11401367, -785.298278809, 952.887451172, 70.0900192261, -87.6452713013, 257.249847412, -67.619644165, 92.3810348511, -56.4430389404, 42.1814918518, -84.4948959351, 96.339515686, -74.524520874], [596.801574707, -105.880462646, 70.0900192261, 697.55645752, 27.5948257446, 77.8292922974, 204.827636719, 89.6470794678, 41.2735671997, 7.17438697815, -30.2722167969, -63.4632568359, -25.5206680298], [-1237.6048584, 285.948150635, -87.6452713013, 27.5948257446, 325.847625732, -5.80149888992, 132.257965088, 5.28953647614, 93.468536377, -8.3633108139, 62.1161270142, -45.8496589661, 2.51391625404], [1084.24523926, -73.7110900879, 257.249847412, 77.8292922974, -5.80149888992, 251.103851318, 40.3674468994, 74.3782043457, -8.38890838623, 11.6111736298, -27.6589355469, 24.3102550507, -30.4975414276], [-1010.65631104, 11.7570524216, -67.619644165, 204.827636719, 132.257965088, 40.3674468994, 277.743408203, 111.101539612, 112.175605774, -2.16894745827, 18.761554718, -49.9127349854, 7.51462650299], [81.8653106689, -90.5175018311, 92.3810348511, 89.6470794678, 5.28953647614, 74.3782043457, 111.101539612, 144.244308472, 69.5640563965, 21.1708621979, -19.0806827545, -5.16706085205, -11.1728525162], [-893.366577148, 134.31918335, -56.4430389404, 41.2735671997, 93.468536377, -8.38890838623, 112.175605774, 69.5640563965, 151.309509277, 35.8905563354, 45.9687347412, -40.8273162842, 2.15001678467], [185.582061768, -110.598327637, 42.1814918518, 7.17438697815, -8.3633108139, 11.6111736298, -2.16894745827, 21.1708621979, 35.8905563354, 89.9225921631, 38.3374443054, 19.9683513641, -24.7362251282], [-492.183868408, 121.149414062, -84.4948959351, -30.2722167969, 62.1161270142, -27.6589355469, 18.761554718, -19.0806827545, 45.9687347412, 38.3374443054, 105.07875824, 23.4526844025, 9.8253030777], [437.048156738, -170.225631714, 96.339515686, -63.4632568359, -45.8496589661, 24.3102550507, -49.9127349854, -5.16706085205, -40.8273162842, 19.9683513641, 23.4526844025, 102.077713013, 27.1608924866], [-207.455169678, 110.502685547, -74.524520874, -25.5206680298, 2.51391625404, -30.4975414276, 7.51462650299, -11.1728525162, 2.15001678467, -24.7362251282, 9.8253030777, 27.1608924866, 83.9006729126]], "icov": [[9.97741299216e-05, -0.000180705246748, -8.45885297167e-05, -0.000155654823175, 0.000168444952578, -0.000179023380042, 0.000179000591743, -0.00018213869771, 0.000498077250086, -0.000529741169885, 0.000396263960283, -0.000379460630938, 0.000159304836416], [-0.000180705246748, 0.000820915098302, 0.00051128125051, 0.000246273906669, -0.000596483936533, -0.00022386694036, 0.000429660547525, 6.4479172579e-05, -0.00113312655594, 0.00150787935127, -0.0014127381146, 0.00165123469196, -0.000987866194919], [-8.45885297167e-05, 0.00051128125051, 0.00241431081668, -0.000207069970202, -0.000713938381523, -0.00163226714358, 0.00129922933411, -0.000344938016497, -0.00155424803961, 0.000751978543121, 0.00131083489396, -0.00189195084386, 0.00118524068967], [-0.000155654823175, 0.000246273906669, -0.000207069970202, 0.0023710008245, 0.000209260411793, 0.000167745965882, -0.00240390840918, 0.000450994237326, 0.000381702295272, -0.000131624474307, -0.000605556182563, 0.00209836289287, -0.000498859386425], [0.000168444952578, -0.000596483936533, -0.000713938381523, 0.000209260411793, 0.00569219794124, -0.000417204661062, -0.00277979811653, 0.00235657324083, -0.00111043581273, 0.000617224839516, -0.00143018120434, -7.08713632775e-05, 0.00127305206843], [-0.000179023380042, -0.00022386694036, -0.00163226714358, 0.000167745965882, -0.000417204661062, 0.00748409470543, -0.00186111975927, -0.00216776225716, 0.00125719071366, 0.000597380800173, -0.000404390681069, -0.000882794789504, 0.00154136063065], [0.000179000591743, 0.000429660547525, 0.00129922933411, -0.00240390840918, -0.00277979811653, -0.00186111975927, 0.0119806118309, -0.00731395743787, -0.00145143922418, 0.00218813423999, -0.00201744539663, 0.00190979067702, -0.00204039784148], [-0.00018213869771, 6.4479172579e-05, -0.000344938016497, 0.000450994237326, 0.00235657324083, -0.00216776225716, -0.00731395743787, 0.0200138036162, -0.0107072815299, -0.000759170739911, 0.0079833669588, -0.00623248098418, 0.00289047090337], [0.000498077250086, -0.00113312655594, -0.00155424803961, 0.000381702295272, -0.00111043581273, 0.00125719071366, -0.00145143922418, -0.0107072815299, 0.0237880479544, -0.00979219190776, -0.00677506299689, 0.0100276824087, -0.00529551738873], [-0.000529741169885, 0.00150787935127, 0.000751978543121, -0.000131624474307, 0.000617224839516, 0.000597380800173, 0.00218813423999, -0.000759170739911, -0.00979219190776, 0.0241701174527, -0.00882641877979, -0.00324008823372, 0.00669312989339], [0.000396263960283, -0.0014127381146, 0.00131083489396, -0.000605556182563, -0.00143018120434, -0.000404390681069, -0.00201744539663, 0.0079833669588, -0.00677506299689, -0.00882641877979, 0.0255104210228, -0.0147916767746, 0.00433268304914], [-0.000379460630938, 0.00165123469196, -0.00189195084386, 0.00209836289287, -7.08713632775e-05, -0.000882794789504, 0.00190979067702, -0.00623248098418, 0.0100276824087, -0.00324008823372, -0.0147916767746, 0.0300078969449, -0.014669473283], [0.000159304836416, -0.000987866194919, 0.00118524068967, -0.000498859386425, 0.00127305206843, 0.00154136063065, -0.00204039784148, 0.00289047090337, -0.00529551738873, 0.00669312989339, 0.00433268304914, -0.014669473283, 0.021955223754]]}, "melbands": {"dmean": [0.00834330823272, 0.00710327969864, 0.00120226759464, 0.000473862077342, 0.000201414542971, 0.000223156690481, 0.000143656652654, 0.000131882043206, 4.32245251432e-05, 4.82331852254e-05, 3.82856196666e-05, 4.82775321871e-05, 5.86294045206e-05, 4.18230447394e-05, 2.66470906354e-05, 3.34929864039e-05, 1.50006271724e-05, 1.34517831611e-05, 9.43117265706e-06, 8.19048000267e-06, 9.30753503781e-06, 6.53683400742e-06, 5.13093937116e-06, 5.55186579732e-06, 7.45874876884e-06, 5.28284863321e-06, 4.22533457822e-06, 7.74057207309e-06, 5.10019572175e-06, 3.53073164661e-06, 3.06620836454e-06, 3.24493930748e-06, 2.86675299321e-06, 2.95136237582e-06, 2.66430743068e-06, 2.73496925729e-06, 2.9883078696e-06, 2.73128466688e-06, 2.73803470918e-06, 3.10189739139e-06], "dmean2": [0.0151137737557, 0.0127726122737, 0.002217737725, 0.000832411868032, 0.000334037235007, 0.000343879248248, 0.000195100568817, 0.000182230694918, 6.38770798105e-05, 6.92253670422e-05, 5.52323836018e-05, 6.76283452776e-05, 8.04746887297e-05, 5.52676065126e-05, 3.68835644622e-05, 4.39423674834e-05, 2.17720862565e-05, 2.00709600904e-05, 1.42905801113e-05, 1.278876789e-05, 1.48123262989e-05, 1.02259291452e-05, 8.01911937742e-06, 9.36293417908e-06, 1.3005056644e-05, 8.80157131178e-06, 7.0823302849e-06, 1.39090016091e-05, 8.96433357411e-06, 6.04829756412e-06, 5.0082112466e-06, 5.39996062798e-06, 4.76768627777e-06, 4.8769784371e-06, 4.48473520009e-06, 4.55589224657e-06, 5.12476526637e-06, 4.70670465802e-06, 4.72324336442e-06, 5.33570664629e-06], "dvar": [0.000349310837919, 0.00025748074404, 8.10122037365e-06, 1.16873718525e-06, 1.19596265336e-07, 1.99809122137e-07, 6.73629472203e-08, 1.42739352782e-07, 2.38227144678e-08, 2.79823311189e-08, 9.47273282037e-09, 3.90761556446e-08, 4.58785827107e-08, 3.00869267278e-08, 1.17726424165e-08, 3.89505956377e-08, 5.50743717298e-09, 5.09936537441e-09, 1.4185913555e-09, 2.99075458843e-10, 5.6861271247e-10, 2.92640828237e-10, 1.38693959095e-10, 2.77239203816e-10, 5.46561407244e-10, 1.54171564404e-10, 1.39770098273e-10, 8.81356265747e-10, 3.21413756721e-10, 1.38767247693e-10, 4.83161913256e-11, 6.28154611659e-11, 3.85043420759e-11, 3.04795251538e-11, 2.68503951711e-11, 3.51435616719e-11, 4.2417003937e-11, 3.10177335205e-11, 3.38359236463e-11, 4.11007824996e-11], "dvar2": [0.000965809100308, 0.000725307676475, 2.23445767915e-05, 3.11134249387e-06, 3.09598135573e-07, 4.48990817858e-07, 1.14458401868e-07, 2.8280510378e-07, 4.34902993618e-08, 4.3918973347e-08, 1.4862427733e-08, 5.6163226958e-08, 8.7499749668e-08, 5.46691723002e-08, 2.12763300311e-08, 6.75700846386e-08, 1.0692442487e-08, 9.64509805357e-09, 2.69942068698e-09, 7.29322269244e-10, 1.42276923576e-09, 6.80009770715e-10, 3.17109533077e-10, 7.52034434726e-10, 1.54332413516e-09, 4.16643608503e-10, 3.74222958177e-10, 2.50967291393e-09, 8.99185392811e-10, 3.83842402307e-10, 1.15256991451e-10, 1.66595806594e-10, 9.89101300863e-11, 7.49357451091e-11, 6.59367352385e-11, 8.22344969897e-11, 1.0815810747e-10, 7.9435208411e-11, 8.65152255392e-11, 1.02065328411e-10], "max": [0.0981117784977, 0.0953057482839, 0.0285578779876, 0.013441205956, 0.00399475684389, 0.0064475168474, 0.00474354904145, 0.00623628729954, 0.00381813943386, 0.00488786492497, 0.00248106149957, 0.00679125310853, 0.00666739232838, 0.00426367251202, 0.00244873343036, 0.00723828980699, 0.00270142569207, 0.00241666752845, 0.00125663285144, 0.000283686618786, 0.000366596272215, 0.000407323444961, 0.000190295351786, 0.000252171797911, 0.000357235403499, 0.000173890861333, 0.000160030904226, 0.000357344513759, 0.000198128967895, 0.00019058259204, 0.000104679376818, 0.000125277569168, 8.46239418024e-05, 5.96753779973e-05, 6.51165391901e-05, 0.000115471892059, 6.32247538306e-05, 8.34220772958e-05, 5.26126314071e-05, 5.32703015779e-05], "mean": [0.00758257647976, 0.00755747780204, 0.00111269450281, 0.000570823729504, 0.000292200915283, 0.000425176403951, 0.000367506057955, 0.00027600757312, 8.23499576654e-05, 8.95289194887e-05, 8.66253903951e-05, 9.70889595919e-05, 8.95826306078e-05, 6.36869954178e-05, 4.05986465921e-05, 4.9363981816e-05, 2.67760133283e-05, 2.14851716009e-05, 1.37698461913e-05, 1.11755625767e-05, 1.22134406411e-05, 7.7558652265e-06, 6.4613241193e-06, 5.3541498346e-06, 6.63394894218e-06, 5.13937447977e-06, 4.11803011957e-06, 6.1176951931e-06, 4.43411909146e-06, 3.32564422934e-06, 3.22622145177e-06, 3.041883474e-06, 2.65984476755e-06, 2.66315896624e-06, 2.26629822464e-06, 2.42234546022e-06, 2.33463765653e-06, 2.02807927963e-06, 1.9982358026e-06, 2.2169440399e-06], "median": [0.00154532352462, 0.00177794054616, 0.000229730765568, 0.000191235580132, 0.000143963959999, 5.41952540516e-05, 0.000138904157211, 6.43347520963e-05, 1.57934646268e-05, 2.12921440834e-05, 2.33266819123e-05, 1.88571866602e-05, 1.81924660865e-05, 1.14675294753e-05, 8.65206766321e-06, 9.30949772737e-06, 7.57773887017e-06, 8.29090276966e-06, 5.0264679885e-06, 4.16537659476e-06, 4.67384825242e-06, 2.77162439488e-06, 2.03988906833e-06, 1.20704658002e-06, 1.75862851393e-06, 1.08404060484e-06, 6.83069686147e-07, 5.61890487916e-07, 3.82271167609e-07, 3.84234539297e-07, 2.89089882699e-07, 2.59571123706e-07, 2.52804369438e-07, 1.99146143132e-07, 1.34904212246e-07, 1.36826727726e-07, 1.10632768724e-07, 9.45767482108e-08, 8.15922689412e-08, 7.08718630449e-08], "min": [7.11410383774e-24, 7.38288846967e-24, 8.84813370339e-24, 7.7490832239e-24, 8.51097376364e-24, 3.84972089243e-24, 9.91062521308e-24, 1.30448658306e-23, 9.91242933797e-24, 4.98009033314e-24, 6.23845127244e-24, 1.27109410094e-23, 1.09842041628e-23, 1.7640930392e-23, 1.17866997399e-23, 1.0420653765e-23, 6.50041620184e-24, 5.83285331042e-24, 7.55809526558e-24, 1.08217682361e-23, 1.23030660004e-23, 1.38224823124e-23, 6.6924213963e-24, 8.86395825315e-24, 1.5500592984e-23, 1.54452054821e-23, 2.5482382917e-23, 1.73877218186e-23, 2.00969652011e-23, 1.08389015061e-23, 1.05451833475e-23, 1.43390347441e-23, 9.38977506724e-24, 9.83179197624e-24, 9.00670894483e-24, 7.05995958065e-24, 1.02403351504e-23, 8.48425031161e-24, 1.02997915969e-23, 8.2382645487e-24], "var": [0.000243881571805, 0.000202984796488, 6.87563715474e-06, 1.12246584649e-06, 1.5847639645e-07, 5.99620932462e-07, 3.15264514938e-07, 3.79917793225e-07, 8.20683894176e-08, 9.16305680221e-08, 4.93059459927e-08, 1.8100968191e-07, 9.5984809434e-08, 5.94066484894e-08, 2.23784031306e-08, 7.60762404184e-08, 9.77407399461e-09, 9.18866049915e-09, 2.49947929021e-09, 3.85623782906e-10, 5.8587362739e-10, 3.18721771198e-10, 1.75849237949e-10, 2.1122836813e-10, 3.5735009396e-10, 1.36078315283e-10, 1.29114427483e-10, 5.68187163985e-10, 2.36086761252e-10, 1.12513019734e-10, 7.6795195203e-11, 6.57697438178e-11, 4.07389261214e-11, 3.46127917994e-11, 3.02482622283e-11, 5.04109289035e-11, 3.71795788601e-11, 2.51133211449e-11, 2.61211295649e-11, 3.2533264277e-11]}, "mfcc": {"mean": [-702.894104004, 121.786758423, 16.4958229065, 21.7013759613, 13.5050153732, 11.5371856689, 5.74891805649, 7.31164503098, 4.6202955246, 4.63913536072, 4.30303287506, 2.9922337532, 5.63650131226], "cov": [[16830.0097656, 2104.02124023, 754.695617676, 124.422027588, 201.285491943, 216.425354004, -12.5248804092, -92.0167922974, -159.820281982, -264.147766113, -187.860702515, -53.056842804, 151.607574463], [2104.02124023, 3144.62133789, -575.894775391, -100.134269714, 189.277435303, 32.5535354614, -87.5275421143, -33.0329322815, -28.8164825439, -52.3020591736, -19.4547405243, -2.87557315826, 42.7017593384], [754.695617676, -575.894775391, 636.173217773, 9.83629798889, 57.3221817017, 62.0856170654, 41.9183692932, 76.5685501099, 35.0214653015, 33.0155754089, 35.1874923706, -3.64684534073, -5.52881002426], [124.422027588, -100.134269714, 9.83629798889, 424.519256592, 34.2707443237, 64.1230316162, 88.162902832, 64.266784668, 75.7850570679, 70.2556838989, 42.0537414551, 31.1612644196, -9.58839988708], [201.285491943, 189.277435303, 57.3221817017, 34.2707443237, 162.31729126, 68.325378418, 33.7918205261, 26.7705974579, 7.44447898865, 11.4413709641, 29.7385101318, 23.6078262329, 19.3150882721], [216.425354004, 32.5535354614, 62.0856170654, 64.1230316162, 68.325378418, 114.366722107, 68.3208007812, 46.0429420471, 23.9606437683, 23.2070083618, 30.6527709961, 24.0772209167, 4.04787492752], [-12.5248804092, -87.5275421143, 41.9183692932, 88.162902832, 33.7918205261, 68.3208007812, 119.532073975, 87.7103271484, 55.9533424377, 40.2571296692, 33.3924598694, 24.8240222931, 6.49440717697], [-92.0167922974, -33.0329322815, 76.5685501099, 64.266784668, 26.7705974579, 46.0429420471, 87.7103271484, 141.791976929, 97.9932632446, 63.0728378296, 38.3572845459, 15.2227935791, 1.41092288494], [-159.820281982, -28.8164825439, 35.0214653015, 75.7850570679, 7.44447898865, 23.9606437683, 55.9533424377, 97.9932632446, 127.672592163, 87.5718917847, 31.6071357727, 1.34889042377, -5.4700961113], [-264.147766113, -52.3020591736, 33.0155754089, 70.2556838989, 11.4413709641, 23.2070083618, 40.2571296692, 63.0728378296, 87.5718917847, 131.013778687, 81.7647705078, 20.7549171448, -19.0443630219], [-187.860702515, -19.4547405243, 35.1874923706, 42.0537414551, 29.7385101318, 30.6527709961, 33.3924598694, 38.3572845459, 31.6071357727, 81.7647705078, 123.661743164, 70.2377471924, -4.8516626358], [-53.056842804, -2.87557315826, -3.64684534073, 31.1612644196, 23.6078262329, 24.0772209167, 24.8240222931, 15.2227935791, 1.34889042377, 20.7549171448, 70.2377471924, 111.383384705, 43.0610656738], [151.607574463, 42.7017593384, -5.52881002426, -9.58839988708, 19.3150882721, 4.04787492752, 6.49440717697, 1.41092288494, -5.4700961113, -19.0443630219, -4.8516626358, 43.0610656738, 83.9109954834]], "icov": [[8.85804547579e-05, -0.000108565182018, -0.000231656027609, -7.98472683528e-05, 0.000141961150803, -0.00010843572818, -0.000110963715997, 0.000189925558516, 1.96864166355e-05, 9.51742040343e-05, 8.51911026984e-05, 2.78104835161e-05, -0.000137697454193], [-0.000108565182018, 0.000628171022981, 0.000845490430947, 0.000185956581845, -0.000879545870703, -0.000291786534945, 0.001042373362, -0.000768191181123, -0.000114590387966, 0.0001450789714, -0.00035012952867, 0.00026938947849, -3.08187372866e-05], [-0.000231656027609, 0.000845490430947, 0.00304307485931, 0.000390999543015, -0.00138430553488, -0.00100859242957, 0.00192390964366, -0.00247332383879, 0.000378159427783, 6.34824682493e-05, -0.00111512956209, 0.00103323056828, -6.21910367045e-05], [-7.98472683528e-05, 0.000185956581845, 0.000390999543015, 0.00316541036591, -0.000487576908199, -0.000495529791806, -0.00165382795967, 0.000901565770619, -0.00142857537139, -0.000862627290189, 0.00075316184666, -0.00114452594426, 0.00102806242649], [0.000141961150803, -0.000879545870703, -0.00138430553488, -0.000487576908199, 0.0100969197229, -0.00497997831553, -9.79919204838e-05, 0.000226426753215, 0.000831245444715, 0.000577035185415, -0.00196380750276, 0.00117706647143, -0.00256840861402], [-0.00010843572818, -0.000291786534945, -0.00100859242957, -0.000495529791806, -0.00497997831553, 0.0180919710547, -0.00940884277225, 0.00132295244839, 0.000638696132228, -0.000319100072375, 0.000252203288255, -0.00181894970592, 0.00211808923632], [-0.000110963715997, 0.001042373362, 0.00192390964366, -0.00165382795967, -9.79919204838e-05, -0.00940884277225, 0.02398718521, -0.0129534136504, 0.00169503409415, 0.000232509541092, -0.000642410188448, -0.000159514864208, -0.00134648010135], [0.000189925558516, -0.000768191181123, -0.00247332383879, 0.000901565770619, 0.000226426753215, 0.00132295244839, -0.0129534136504, 0.0255496893078, -0.0162644200027, 0.00440509151667, -0.00296315178275, -4.88570840389e-05, 0.000238089734921], [1.96864166355e-05, -0.000114590387966, 0.000378159427783, -0.00142857537139, 0.000831245444715, 0.000638696132228, 0.00169503409415, -0.0162644200027, 0.0305233858526, -0.0184226091951, 0.00877276901156, 0.0002583321766, -0.00201215897687], [9.51742040343e-05, 0.0001450789714, 6.34824682493e-05, -0.000862627290189, 0.000577035185415, -0.000319100072375, 0.000232509541092, 0.00440509151667, -0.0184226091951, 0.0298014469445, -0.0196820478886, 0.00644775340334, 0.000566252390854], [8.51911026984e-05, -0.00035012952867, -0.00111512956209, 0.00075316184666, -0.00196380750276, 0.000252203288255, -0.000642410188448, -0.00296315178275, 0.00877276901156, -0.0196820478886, 0.0314300470054, -0.0186920445412, 0.0080906925723], [2.78104835161e-05, 0.00026938947849, 0.00103323056828, -0.00114452594426, 0.00117706647143, -0.00181894970592, -0.000159514864208, -4.88570840389e-05, 0.0002583321766, 0.00644775340334, -0.0186920445412, 0.0251104328781, -0.012906672433], [-0.000137697454193, -3.08187372866e-05, -6.21910367045e-05, 0.00102806242649, -0.00256840861402, 0.00211808923632, -0.00134648010135, 0.000238089734921, -0.00201215897687, 0.000566252390854, 0.0080906925723, -0.012906672433, 0.0199730098248]]}, "spectral_contrast_coeffs": {"dmean": [0.052421476692, 0.0513030141592, 0.040904905647, 0.0327281393111, 0.0251796096563, 0.0246353447437], "dmean2": [0.0859134346247, 0.0815907865763, 0.0644260346889, 0.0505822338164, 0.039407145232, 0.0409470796585], "dvar": [0.00229233922437, 0.00210828799754, 0.00151962833479, 0.00102337403223, 0.000552974524908, 0.000641971186269], "dvar2": [0.00580369308591, 0.00492774089798, 0.00329121109098, 0.00205404195003, 0.00120105745737, 0.00161775806919], "max": [-0.353077769279, -0.398793637753, -0.459410309792, -0.53267210722, -0.632248401642, -0.647222995758], "mean": [-0.666188955307, -0.689699232578, -0.755787193775, -0.778095126152, -0.801849365234, -0.803319394588], "median": [-0.666100561619, -0.675539553165, -0.763186752796, -0.788982391357, -0.808104991913, -0.807982087135], "min": [-0.986529707909, -0.96708971262, -0.984818041325, -0.965318381786, -0.96237963438, -0.962881922722], "var": [0.00747389392927, 0.0115778176114, 0.00766075449064, 0.00573818990961, 0.00263894954696, 0.00193322682753]}, "spectral_contrast_valleys": {"dmean": [0.599922657013, 0.539827048779, 0.521994590759, 0.54606539011, 0.63332760334, 0.868971288204], "dmean2": [0.910019814968, 0.832781195641, 0.747532725334, 0.733499705791, 0.821923077106, 1.05757510662], "dvar": [0.451232075691, 0.340517222881, 0.338696926832, 0.35351935029, 0.479593604803, 0.649663448334], "dvar2": [0.879585266113, 0.626295983791, 0.574328482151, 0.626159787178, 0.871311903, 1.01798212528], "max": [-4.53769922256, -5.12798547745, -5.38095426559, -5.69823980331, -5.31198358536, -7.41325330734], "mean": [-