{"lowlevel": {"average_loudness": 0.875541627407, "barkbands_crest": {"dmean": 2.4890396595, "dmean2": 3.94680809975, "dvar": 6.00286245346, "dvar2": 15.199005127, "max": 25.547618866, "mean": 10.3879261017, "median": 9.61333942413, "min": 2.77218675613, "var": 14.8093528748}, "barkbands_flatness_db": {"dmean": 0.024869767949, "dmean2": 0.0375239811838, "dvar": 0.000648816290777, "dvar2": 0.00150117790326, "max": 0.453504532576, "mean": 0.164991512895, "median": 0.140687957406, "min": 0.0186983048916, "var": 0.00621026474983}, "barkbands_kurtosis": {"dmean": 3.33438444138, "dmean2": 5.50202035904, "dvar": 40.7642211914, "dvar2": 108.765678406, "max": 99.017326355, "mean": 4.30223464966, "median": 2.45657920837, "min": -1.89169037342, "var": 45.1791648865}, "barkbands_skewness": {"dmean": 0.574387013912, "dmean2": 0.90567201376, "dvar": 0.502503633499, "dvar2": 1.2528321743, "max": 8.57538414001, "mean": 1.70229125023, "median": 1.59957110882, "min": -2.37278079987, "var": 1.12887573242}, "barkbands_spread": {"dmean": 4.754342556, "dmean2": 7.29858541489, "dvar": 33.6368026733, "dvar2": 78.9426803589, "max": 116.544258118, "mean": 17.9936332703, "median": 16.5931148529, "min": 1.52955830097, "var": 104.564346313}, "dissonance": {"dmean": 0.0183426756412, "dmean2": 0.030236152932, "dvar": 0.000380697427318, "dvar2": 0.00105041975621, "max": 0.49998486042, "mean": 0.449281901121, "median": 0.460386812687, "min": 0.203739434481, "var": 0.00141774769872}, "dynamic_complexity": 3.75147151947, "erbbands_crest": {"dmean": 2.44417452812, "dmean2": 3.84123563766, "dvar": 6.34236764908, "dvar2": 15.0376176834, "max": 33.189414978, "mean": 10.0047912598, "median": 8.66227626801, "min": 2.45741772652, "var": 26.9253406525}, "erbbands_flatness_db": {"dmean": 0.0199351217598, "dmean2": 0.0268923602998, "dvar": 0.000474495667731, "dvar2": 0.000953105511144, "max": 0.474111944437, "mean": 0.180001154542, "median": 0.155124589801, "min": 0.0403737165034, "var": 0.00676925992593}, "erbbands_kurtosis": {"dmean": 0.697996854782, "dmean2": 1.09872639179, "dvar": 2.34103369713, "dvar2": 5.9010386467, "max": 48.7486038208, "mean": 0.0644043758512, "median": -0.504896640778, "min": -1.79251086712, "var": 3.8941950798}, "erbbands_skewness": {"dmean": 0.29806509614, "dmean2": 0.456661522388, "dvar": 0.091514788568, "dvar2": 0.205432116985, "max": 3.54498267174, "mean": 0.23480913043, "median": 0.206077426672, "min": -4.18355751038, "var": 0.422782540321}, "erbbands_spread": {"dmean": 6.73647451401, "dmean2": 10.178519249, "dvar": 57.0968284607, "dvar2": 126.589248657, "max": 116.26158905, "mean": 36.5440559387, "median": 36.0100021362, "min": 2.17416882515, "var": 322.115905762}, "hfc": {"dmean": 5.22925567627, "dmean2": 8.00043964386, "dvar": 79.844367981, "dvar2": 196.654891968, "max": 111.002944946, "mean": 16.7501068115, "median": 13.9270811081, "min": 1.16392954569e-16, "var": 212.068817139}, "melbands_crest": {"dmean": 3.24191141129, "dmean2": 5.23496484756, "dvar": 8.73169898987, "dvar2": 23.8566970825, "max": 34.1352577209, "mean": 14.3441171646, "median": 13.5498008728, "min": 2.16165232658, "var": 22.7135696411}, "melbands_flatness_db": {"dmean": 0.0295469518751, "dmean2": 0.0443761870265, "dvar": 0.00096228835173, "dvar2": 0.00219859997742, "max": 0.536423742771, "mean": 0.242698729038, "median": 0.226651281118, "min": 0.00766623113304, "var": 0.00649181520566}, "melbands_kurtosis": {"dmean": 8.00111293793, "dmean2": 13.0983800888, "dvar": 254.898178101, "dvar2": 675.69744873, "max": 259.754302979, "mean": 12.6882066727, "median": 7.90527248383, "min": -1.8176163435, "var": 282.604949951}, "melbands_skewness": {"dmean": 0.7680554986, "dmean2": 1.19517087936, "dvar": 0.952460050583, "dvar2": 2.3321852684, "max": 13.2084054947, "mean": 2.68550300598, "median": 2.47654604912, "min": -2.56067323685, "var": 2.23318219185}, "melbands_spread": {"dmean": 5.15703487396, "dmean2": 7.9404630661, "dvar": 37.5640945435, "dvar2": 83.3764724731, "max": 131.789764404, "mean": 17.7633705139, "median": 15.1822862625, "min": 1.27885437012, "var": 125.408752441}, "pitch_salience": {"dmean": 0.0681679695845, "dmean2": 0.111497059464, "dvar": 0.0042428188026, "dvar2": 0.0114123197272, "max": 0.964745342731, "mean": 0.513265728951, "median": 0.515797436237, "min": 0.145446479321, "var": 0.0113310525194}, "silence_rate_20dB": {"dmean": 0, "dmean2": 0, "dvar": 0, "dvar2": 0, "max": 1, "mean": 1, "median": 1, "min": 1, "var": 0}, "silence_rate_30dB": {"dmean": 0.0452778413892, "dmean2": 0.0905660390854, "dvar": 0.0432245396078, "dvar2": 0.112541049719, "max": 1, "mean": 0.969589591026, "median": 1, "min": 0, "var": 0.0294881761074}, "silence_rate_60dB": {"dmean": 0.0205808375031, "dmean2": 0.0411663800478, "dvar": 0.0201605688781, "dvar2": 0.0458825454116, "max": 1, "mean": 0.105064593256, "median": 0, "min": 0, "var": 0.0940333455801}, "spectral_centroid": {"dmean": 202.381988525, "dmean2": 311.396240234, "dvar": 61716.21875, "dvar2": 122586.242188, "max": 11697.9746094, "mean": 1112.35083008, "median": 1010.50805664, "min": 248.07585144, "var": 270469.8125}, "spectral_complexity": {"dmean": 3.12119817734, "dmean2": 4.94911384583, "dvar": 15.9242153168, "dvar2": 36.8644943237, "max": 59, "mean": 18.0535049438, "median": 17, "min": 0, "var": 101.578674316}, "spectral_decrease": {"dmean": 4.05523037372e-09, "dmean2": 6.72054900619e-09, "dvar": 6.31903585485e-17, "dvar2": 1.67863599823e-16, "max": 9.78562777887e-29, "mean": -7.83136222537e-09, "median": -6.0671991875e-09, "min": -7.27255056177e-08, "var": 6.8655798936e-17}, "spectral_energy": {"dmean": 0.0156602691859, "dmean2": 0.0258944351226, "dvar": 0.000928729481529, "dvar2": 0.00246441341005, "max": 0.277057796717, "mean": 0.0310767199844, "median": 0.0245375186205, "min": 1.09168356876e-20, "var": 0.00103283266071}, "spectral_energyband_high": {"dmean": 0.000288637093036, "dmean2": 0.000434650253737, "dvar": 3.4011156913e-07, "dvar2": 7.92701086993e-07, "max": 0.0102745369077, "mean": 0.000576697289944, "median": 0.000300376064843, "min": 7.63957598904e-21, "var": 6.65016443691e-07}, "spectral_energyband_low": {"dmean": 0.0107050053775, "dmean2": 0.0184826366603, "dvar": 0.000735978770535, "dvar2": 0.00199816538952, "max": 0.26507422328, "mean": 0.0126088690013, "median": 0.0057564638555, "min": 4.59508006303e-23, "var": 0.000589268980548}, "spectral_energyband_middle_high": {"dmean": 0.00132833095267, "dmean2": 0.00204354384914, "dvar": 4.6294699132e-06, "dvar2": 1.14877429951e-05, "max": 0.0485977530479, "mean": 0.00428499281406, "median": 0.00314986589365, "min": 1.55292224501e-21, "var": 1.79211347131e-05}, "spectral_energyband_middle_low": {"dmean": 0.0062928237021, "dmean2": 0.00958257168531, "dvar": 0.000173842781805, "dvar2": 0.000414001435274, "max": 0.195119023323, "mean": 0.0143992779776, "median": 0.0103648891672, "min": 1.9854701284e-22, "var": 0.000271515542408}, "spectral_entropy": {"dmean": 0.174503162503, "dmean2": 0.2508431077, "dvar": 0.0393235944211, "dvar2": 0.0832713395357, "max": 9.78851604462, "mean": 7.27630805969, "median": 7.44016551971, "min": 5.07565402985, "var": 0.342534810305}, "spectral_flux": {"dmean": 0.0325719341636, "dmean2": 0.0522226057947, "dvar": 0.00274378899485, "dvar2": 0.00576844718307, "max": 0.463867336512, "mean": 0.0811093002558, "median": 0.0659011080861, "min": 1.04483664776e-10, "var": 0.00457838410512}, "spectral_kurtosis": {"dmean": 3.33812999725, "dmean2": 5.5929942131, "dvar": 37.166431427, "dvar2": 105.626190186, "max": 163.807144165, "mean": 9.80072021484, "median": 5.07168292999, "min": -1.19314444065, "var": 260.886871338}, "spectral_rms": {"dmean": 0.00109082041308, "dmean2": 0.00172431429382, "dvar": 2.78260267805e-06, "dvar2": 7.06653054294e-06, "max": 0.0164408106357, "mean": 0.0049017588608, "median": 0.00489275390282, "min": 3.26352139757e-12, "var": 6.29136548014e-06}, "spectral_rolloff": {"dmean": 358.863952637, "dmean2": 610.621459961, "dvar": 398506.75, "dvar2": 870575.8125, "max": 18970.7519531, "mean": 1065.42602539, "median": 796.728515625, "min": 64.599609375, "var": 814791.375}, "spectral_skewness": {"dmean": 0.311081290245, "dmean2": 0.509567260742, "dvar": 0.170731037855, "dvar2": 0.475504428148, "max": 9.78016853333, "mean": 1.94968414307, "median": 1.62813341618, "min": -0.0515083372593, "var": 1.20319473743}, "spectral_spread": {"dmean": 621983.875, "dmean2": 863976.6875, "dvar": 945804279808, "dvar2": 1604039344130.0, "max": 40565980, "mean": 3934020, "median": 3649421.5, "min": 526646, "var": 3233304018940.0}, "spectral_strongpeak": {"dmean": 0.448083221912, "dmean2": 0.763917565346, "dvar": 0.699187815189, "dvar2": 1.73791503906, "max": 12.2705888748, "mean": 0.834615767002, "median": 0.509376227856, "min": 0, "var": 1.0692397356}, "zerocrossingrate": {"dmean": 0.00866875052452, "dmean2": 0.0104834455997, "dvar": 0.000113196809252, "dvar2": 0.000152123888256, "max": 0.50732421875, "mean": 0.0484638251364, "median": 0.04443359375, "min": 0.0048828125, "var": 0.000645130989142}, "barkbands": {"dmean": [0.000625293585472, 0.00754316290841, 0.00292943161912, 0.00159342365805, 0.00416029570624, 0.00122841878328, 0.000358170771506, 0.000256876432104, 0.000372760841856, 0.000446171325166, 0.000440058502136, 0.000148704159074, 0.000132111279527, 0.000263405730948, 0.000293948949547, 0.000211679900531, 0.000277714949334, 0.000100967314211, 0.000109760389023, 0.000131226915983, 8.69502109708e-05, 3.40736405633e-05, 3.49461188307e-05, 3.12941374432e-05, 4.62841599074e-05, 2.69661886705e-05, 1.29059189931e-05], "dmean2": [0.00115790462587, 0.0129661364481, 0.00522365234792, 0.00260925665498, 0.0062347939238, 0.0019052894786, 0.000529266020749, 0.000377723597921, 0.000563007139135, 0.000659525452647, 0.000690245768055, 0.000232135236729, 0.000199109243113, 0.000442404823843, 0.000479238573462, 0.000355769065209, 0.000453989632661, 0.000171380626853, 0.000185695418622, 0.000216907152208, 0.000140082818689, 5.52717938263e-05, 5.17325934197e-05, 4.86254139105e-05, 7.29522071197e-05, 4.00681929023e-05, 1.9504554075e-05], "dvar": [2.76854393633e-06, 0.000413540081354, 5.9601625253e-05, 1.15513275887e-05, 9.56000803853e-05, 4.04329466619e-06, 3.02548727404e-07, 2.58808057652e-07, 6.71372504257e-07, 1.16124726901e-06, 6.41298129267e-07, 5.44967377891e-08, 1.19208813487e-07, 1.75081129328e-06, 4.80172673178e-07, 1.99855278993e-07, 4.37003564002e-07, 3.25239888355e-08, 3.62060674775e-08, 5.81592551896e-08, 3.34939365132e-08, 9.30368049268e-09, 2.18226823279e-08, 5.25930055062e-09, 1.71568146357e-08, 4.32961888563e-09, 1.22225007892e-09], "dvar2": [9.01263592823e-06, 0.00112129515037, 0.00016955427418, 2.89642684947e-05, 0.000225720432354, 1.08297690531e-05, 6.6338105853e-07, 5.16758177582e-07, 1.64151731497e-06, 2.30470891438e-06, 1.42124497415e-06, 1.27372203451e-07, 1.70253628085e-07, 4.68057805847e-06, 1.19432183965e-06, 5.20181174579e-07, 1.06147570023e-06, 8.89291769113e-08, 9.83351853279e-08, 1.5199823622e-07, 8.50540118336e-08, 2.46472939835e-08, 3.61938283788e-08, 1.22287886484e-08, 4.35158113987e-08, 9.656390354e-09, 2.68865951725e-09], "max": [0.0218006670475, 0.206341147423, 0.0732548981905, 0.0408237352967, 0.151725679636, 0.0304272919893, 0.0109198391438, 0.0153541713953, 0.0274627320468, 0.0403375551105, 0.0196082852781, 0.00627986248583, 0.018873795867, 0.047058429569, 0.0272192433476, 0.012255994603, 0.0184770300984, 0.00352176837623, 0.00241593504325, 0.00403894437477, 0.00360648729838, 0.0015075027477, 0.0057606161572, 0.00102795206476, 0.00224069692194, 0.00103990349453, 0.000618272519205], "mean": [0.000713275978342, 0.008057304658, 0.0033033604268, 0.00203308998607, 0.00641227699816, 0.00291338004172, 0.00090442225337, 0.000597398320679, 0.000973274640273, 0.000915616401471, 0.000723452249076, 0.000263782887487, 0.000268963660346, 0.000336552009685, 0.000557348830625, 0.000376612850232, 0.000547125469893, 0.000215443127672, 0.000237271786318, 0.000289565796265, 0.000173866414116, 5.8732672187e-05, 5.49319083802e-05, 4.80949784105e-05, 5.39453139936e-05, 3.25494802382e-05, 1.50658188431e-05], "median": [9.58213859121e-05, 0.00294018397108, 0.000653363647871, 0.000696369155776, 0.0027749822475, 0.0018459665589, 0.000507371558342, 0.000267833267571, 0.000343238731148, 0.000292913115118, 0.000325062777847, 0.000159799790708, 0.00010138462676, 0.00015990594693, 0.00020165569731, 0.000140859148814, 0.000156659254571, 9.84732832876e-05, 0.000106024002889, 0.000148521532537, 8.31410652609e-05, 2.60240940406e-05, 1.31174028866e-05, 1.16476503536e-05, 9.74406066234e-06, 4.92649132866e-06, 9.25799383822e-07], "min": [3.65474958097e-24, 1.70555924449e-23, 2.28781684754e-23, 4.95887628568e-24, 2.12672103773e-23, 4.44231399329e-23, 3.83645903621e-23, 1.42615023389e-23, 1.89144595488e-23, 1.59129526672e-23, 1.50244163467e-22, 5.4710192215e-23, 9.80504880269e-23, 1.44830621282e-22, 1.26070032209e-22, 1.57818566065e-22, 7.79921848987e-23, 1.56895926972e-22, 2.34124298877e-22, 3.15183858966e-22, 3.33622151028e-22, 3.98975806038e-22, 4.87731821283e-22, 7.78114877887e-22, 1.25658751687e-21, 1.36848701976e-21, 2.74923250884e-21], "var": [3.03050001094e-06, 0.000320708204526, 4.47868806077e-05, 1.33766452564e-05, 0.000126647981233, 1.12214111141e-05, 1.3443827811e-06, 1.13188127671e-06, 3.2662474041e-06, 5.06920196131e-06, 1.61313198532e-06, 1.20690330618e-07, 7.64272726883e-07, 1.25959456909e-06, 1.29324496356e-06, 4.35621615225e-07, 1.26651332266e-06, 8.27758555033e-08, 9.32701595957e-08, 1.70392226551e-07, 8.07697446703e-08, 1.17908882658e-08, 4.19908658955e-08, 9.24652709955e-09, 1.83984401048e-08, 6.16135897857e-09, 1.7708705613e-09]}, "erbbands": {"dmean": [0.21188724041, 1.75725364685, 3.65136837959, 3.83649992943, 15.8662366867, 9.8735742569, 9.17987918854, 10.6974039078, 7.86610412598, 3.74707055092, 6.21457147598, 9.62030696869, 14.5452451706, 8.60513973236, 17.9598331451, 7.20836210251, 6.26083183289, 14.4189996719, 12.650718689, 15.2657213211, 12.5800743103, 9.89424228668, 5.70374345779, 6.41825628281, 4.64791536331, 6.75341081619, 5.16524505615, 1.95979094505, 1.17308199406, 1.42200779915, 0.822567403316, 0.559888124466, 0.648061037064, 0.615832269192, 0.270084679127, 0.129319190979, 0.0505284927785, 0.0122135458514, 0.00217237789184, 0.000143940822454], "dmean2": [0.356819033623, 3.07022094727, 6.53369474411, 6.47509717941, 23.738483429, 15.5060548782, 13.6671619415, 17.1240386963, 11.2186193466, 5.75676345825, 9.05371856689, 14.251458168, 21.9779891968, 12.6440229416, 28.0957164764, 11.1067638397, 9.40104198456, 23.929265976, 19.786365509, 26.0167789459, 20.6649246216, 16.2850894928, 9.56753540039, 10.9503974915, 7.75314998627, 11.1388711929, 8.31970405579, 3.23522377014, 1.8902015686, 2.08112454414, 1.28949391842, 0.853412568569, 1.01522874832, 0.995632886887, 0.412243098021, 0.190741792321, 0.0774014815688, 0.0182586610317, 0.00336091360077, 0.000218610148295], "dvar": [0.263916254044, 24.3576526642, 98.1566543579, 62.0927047729, 1680.83764648, 408.988433838, 265.151641846, 359.492980957, 152.54045105, 46.2132492065, 173.067199707, 501.602386475, 1399.78747559, 446.674255371, 1279.98034668, 132.265533447, 280.408905029, 5299.41796875, 829.192504883, 1586.83117676, 630.049682617, 414.552398682, 96.9350357056, 130.559524536, 73.3250961304, 175.033843994, 120.730606079, 20.4875049591, 8.5905380249, 60.2677955627, 3.2041451931, 1.63167333603, 2.75359797478, 3.8368999958, 0.564454674721, 0.114236041903, 0.016693815589, 0.000956849602517, 3.88535918319e-05, 1.26411549672e-07], "dvar2": [0.687814354897, 67.496131897, 279.21762085, 165.278366089, 3833.46948242, 1061.65002441, 551.784484863, 1000.76190186, 298.555145264, 103.452804565, 356.63873291, 1201.68188477, 2832.31005859, 850.501220703, 2798.25756836, 300.025695801, 420.469848633, 14191.0644531, 1850.22692871, 4260.60595703, 1527.99414062, 1038.3659668, 259.032836914, 364.161468506, 191.208465576, 455.593444824, 304.009796143, 54.8946151733, 21.8178634644, 100.154350281, 7.36972236633, 3.75663781166, 6.73363542557, 10.0566749573, 1.34038805962, 0.252354770899, 0.0404935516417, 0.00214871787466, 8.78189821378e-05, 2.7713284112e-07], "max": [4.93812561035, 49.9831733704, 93.2196884155, 92.7554397583, 617.231079102, 276.631591797, 444.422180176, 336.256744385, 271.36920166, 295.441741943, 417.088378906, 747.970825195, 1588.31384277, 842.800964355, 951.558044434, 324.448547363, 995.281311035, 2541.78759766, 1240.89221191, 1902.18225098, 514.604248047, 580.431762695, 173.105514526, 160.80178833, 162.11038208, 222.457687378, 255.799163818, 63.7501182556, 44.9309997559, 309.918487549, 36.5710906982, 25.3517608643, 25.0639781952, 43.8658905029, 12.230758667, 5.01886224747, 2.11279988289, 0.519189238548, 0.117178097367, 0.00632038619369], "mean": [0.222168296576, 1.81048870087, 4.19386720657, 5.09514379501, 20.1891117096, 15.8853874207, 19.0467433929, 23.3281955719, 20.6648674011, 8.48689460754, 16.3329029083, 27.0635261536, 29.8805141449, 18.8115463257, 31.1139240265, 13.9796733856, 13.4276666641, 19.5412921906, 26.8867530823, 24.9504432678, 25.395368576, 21.4815807343, 13.569190979, 13.2745227814, 11.1180887222, 14.5426807404, 10.7297382355, 3.85177779198, 2.17189693451, 2.30921840668, 1.24998211861, 0.936317205429, 0.860264778137, 0.682019650936, 0.333232283592, 0.163560926914, 0.0561335459352, 0.0141262151301, 0.00245216558687, 0.00019260267436], "median": [0.0580110959709, 0.590603113174, 0.930078446865, 1.8769646883, 4.9326043129, 8.35775566101, 10.2741470337, 14.1350307465, 9.9691362381, 5.11324882507, 7.68086385727, 9.61682033539, 11.4054098129, 7.91429853439, 14.2191114426, 8.54781341553, 5.61278772354, 9.79381370544, 9.3935842514, 13.3696022034, 9.85892963409, 7.94595098495, 6.29794740677, 5.9803071022, 5.4254784584, 6.78871440887, 4.94482469559, 2.17724967003, 1.04316735268, 0.599143326283, 0.382516860962, 0.236529946327, 0.189214631915, 0.117236629128, 0.0615729540586, 0.0311108231544, 0.00629764888436, 0.00125760352239, 0.000167532198247, 4.89091107738e-05], "min": [3.49881318969e-22, 2.77803257094e-21, 2.33619844922e-20, 2.02083777938e-20, 2.06179549817e-20, 7.72575964626e-20, 2.08887325552e-19, 4.13374153643e-19, 7.89672469568e-19, 4.52603090795e-19, 3.05233523441e-19, 4.19903271163e-19, 5.29635474412e-19, 2.73184607063e-18, 4.61865848955e-18, 3.21130538947e-18, 4.97495578506e-18, 7.65931114198e-18, 6.20949100284e-18, 8.3327172243e-18, 7.0286587168e-18, 5.16958890165e-18, 8.49431440158e-18, 1.05078680543e-17, 1.32769552437e-17, 1.23361555838e-17, 1.25067764744e-17, 1.25896028963e-17, 1.22600516587e-17, 1.48928409898e-17, 1.46837280766e-17, 1.22608440977e-17, 1.54792524871e-17, 1.41381826103e-17, 9.14882933307e-18, 5.75015512715e-18, 2.20217357989e-18, 1.2186839557e-18, 3.80261234843e-19, 3.73164697271e-20], "var": [0.236734881997, 17.6277523041, 72.5858535767, 66.8350601196, 2153.15576172, 506.769287109, 856.026916504, 826.231140137, 831.700805664, 144.238189697, 744.084777832, 2511.10375977, 5828.45507812, 2090.14282227, 3299.53735352, 328.974731445, 1717.23791504, 3829.46972656, 3704.52734375, 1698.95788574, 1812.55895996, 1314.39416504, 343.181976318, 295.947631836, 213.788894653, 487.683441162, 317.27142334, 31.7207012177, 13.2123651505, 112.704353333, 5.32125091553, 3.65331411362, 3.45317983627, 3.51147818565, 0.734913885593, 0.162478089333, 0.0199112594128, 0.00137077493127, 5.11287362315e-05, 1.99330230544e-07]}, "gfcc": {"mean": [-30.8885192871, 107.648216248, -120.121185303, 13.2295188904, -47.0420227051, -5.01564264297, -35.241809845, -0.667128562927, -25.6606826782, 0.97873800993, -15.127948761, -1.94812691212, -0.500497698784], "cov": [[16444.8945312, -3022.45068359, 1898.78515625, 3195.58276367, 268.555664062, 1337.01074219, -7.54777383804, 1163.08349609, -414.078369141, 122.763320923, -382.582763672, 443.769927979, -142.147293091], [-3022.45068359, 2044.75305176, -473.192169189, -406.056427002, 348.252655029, -336.000915527, 301.980895996, -195.511184692, 166.337158203, -92.9857406616, 189.121047974, -48.3919219971, 148.130340576], [1898.78515625, -473.192169189, 1548.62854004, 679.390258789, 525.075500488, 654.91027832, 289.252319336, 372.013275146, 35.0164871216, 74.0144958496, -5.18759489059, 133.661437988, -93.1405105591], [3195.58276367, -406.056427002, 679.390258789, 1254.9473877, 325.67010498, 424.639465332, 222.091033936, 422.515777588, -12.6036539078, 25.7406520844, -79.1762619019, 127.515510559, -4.44701290131], [268.555664062, 348.252655029, 525.075500488, 325.67010498, 520.614929199, 245.910308838, 274.629608154, 172.251617432, 82.1991958618, 29.266002655, 47.513961792, 78.4669952393, 31.2685661316], [1337.01074219, -336.000915527, 654.91027832, 424.639465332, 245.910308838, 515.766662598, 161.037200928, 227.00491333, 49.1628112793, 73.4284133911, 15.1546974182, 101.961738586, -26.0197086334], [-7.54777383804, 301.980895996, 289.252319336, 222.091033936, 274.629608154, 161.037200928, 302.696746826, 134.969421387, 57.0986824036, 10.3843488693, 41.550693512, 47.5201301575, 26.5670280457], [1163.08349609, -195.511184692, 372.013275146, 422.515777588, 172.251617432, 227.00491333, 134.969421387, 277.21005249, 33.307434082, 21.5087146759, -24.671005249, 60.1031417847, 0.783102929592], [-414.078369141, 166.337158203, 35.0164871216, -12.6036539078, 82.1991958618, 49.1628112793, 57.0986824036, 33.307434082, 142.364974976, 32.7716751099, 34.3716850281, 18.0626678467, 20.9487380981], [122.763320923, -92.9857406616, 74.0144958496, 25.7406520844, 29.266002655, 73.4284133911, 10.3843488693, 21.5087146759, 32.7716751099, 122.374359131, 56.7673530579, 30.6792469025, 0.219817996025], [-382.582763672, 189.121047974, -5.18759489059, -79.1762619019, 47.513961792, 15.1546974182, 41.550693512, -24.671005249, 34.3716850281, 56.7673530579, 145.78717041, 73.4803009033, 32.1910438538], [443.769927979, -48.3919219971, 133.661437988, 127.515510559, 78.4669952393, 101.961738586, 47.5201301575, 60.1031417847, 18.0626678467, 30.6792469025, 73.4803009033, 137.509994507, 45.1662139893], [-142.147293091, 148.130340576, -93.1405105591, -4.44701290131, 31.2685661316, -26.0197086334, 26.5670280457, 0.783102929592, 20.9487380981, 0.219817996025, 32.1910438538, 45.1662139893, 91.4616775513]], "icov": [[0.00019741919823, 2.10281923501e-05, 3.41877021128e-05, -0.000353142473614, 4.32641900261e-05, -0.000188212725334, 0.000321167346556, -0.0002683000057, 0.000483958574478, -0.000170791812707, 0.000321217521559, -0.000454849505331, 0.000132206652779], [2.10281923501e-05, 0.00196015252732, 0.00047029950656, -0.000136638060212, -0.00164780626073, 0.000882637687027, -0.00146844133269, 0.00115025357809, -0.00128791795578, 0.00211314135231, -0.00284459604882, 0.00220605963841, -0.00123684457503], [3.41877021128e-05, 0.00047029950656, 0.00221927254461, 5.52485616936e-05, -0.00178874225821, -0.00138577248435, -0.000211287333514, -0.000507887394633, 0.000428857660154, 0.000428117142292, -0.000152494336362, -0.000559551932383, 0.0020678890869], [-0.000353142473614, -0.000136638060212, 5.52485616936e-05, 0.00263033714145, -0.000469130696729, -7.67532474129e-05, -0.000674301583786, -0.00178882014006, 0.000191096827621, -0.00018788073794, 0.00106214499101, -0.000648495974019, 0.000109429405711], [4.32641900261e-05, -0.00164780626073, -0.00178874225821, -0.000469130696729, 0.00659447023645, -0.000519880501088, -0.00165337359067, -0.000478382047731, -0.00015721321688, -0.00159194122534, 0.00180921331048, -0.00143303372897, -0.000915683282074], [-0.000188212725334, 0.000882637687027, -0.00138577248435, -7.67532474129e-05, -0.000519880501088, 0.00602823356166, -0.00160910154227, -0.000152491425979, -0.00197373051196, -0.000564064772334, -0.000906598404981, -0.000410287466366, 0.000199555273866], [0.000321167346556, -0.00146844133269, -0.000211287333514, -0.000674301583786, -0.00165337359067, -0.00160910154227, 0.00908283423632, -0.00321365986019, 0.00138327246532, -0.00023978210811, -8.44680907903e-05, -0.000418416893808, 4.62604693894e-05], [-0.0002683000057, 0.00115025357809, -0.000507887394633, -0.00178882014006, -0.000478382047731, -0.000152491425979, -0.00321365986019, 0.0111249284819, -0.00326344906352, 0.000970847555436, 0.000174904460437, 0.000696857692674, -0.00158626493067], [0.000483958574478, -0.00128791795578, 0.000428857660154, 0.000191096827621, -0.00015721321688, -0.00197373051196, 0.00138327246532, -0.00326344906352, 0.0114061422646, -0.00361034134403, 0.00203756056726, -0.00189475750085, 1.71681349457e-05], [-0.000170791812707, 0.00211314135231, 0.000428117142292, -0.00018788073794, -0.00159194122534, -0.000564064772334, -0.00023978210811, 0.000970847555436, -0.00361034134403, 0.0144427996129, -0.00934056844562, 0.00461470894516, -0.00101503101178], [0.000321217521559, -0.00284459604882, -0.000152494336362, 0.00106214499101, 0.00180921331048, -0.000906598404981, -8.44680907903e-05, 0.000174904460437, 0.00203756056726, -0.00934056844562, 0.0208666082472, -0.0136316055432, 0.00309240282513], [-0.000454849505331, 0.00220605963841, -0.000559551932383, -0.000648495974019, -0.00143303372897, -0.000410287466366, -0.000418416893808, 0.000696857692674, -0.00189475750085, 0.00461470894516, -0.0136316055432, 0.0213119592518, -0.0096961222589], [0.000132206652779, -0.00123684457503, 0.0020678890869, 0.000109429405711, -0.000915683282074, 0.000199555273866, 4.62604693894e-05, -0.00158626493067, 1.71681349457e-05, -0.00101503101178, 0.00309240282513, -0.0096961222589, 0.0193216279149]]}, "melbands": {"dmean": [0.00200809841044, 0.00209235516377, 0.00101757363882, 0.000983742182143, 0.000331102550263, 0.000238313048612, 0.000108634900243, 4.06515573559e-05, 5.41719527973e-05, 5.95106903347e-05, 7.20803218428e-05, 3.39634971169e-05, 6.2337705458e-05, 2.57010451605e-05, 1.41790187627e-05, 1.31352726385e-05, 3.11837138725e-05, 1.91372128029e-05, 1.72895106516e-05, 2.20507045015e-05, 1.6757985577e-05, 1.28954452521e-05, 7.96327549324e-06, 5.24813458469e-06, 5.79932702749e-06, 3.97261692342e-06, 3.8341427171e-06, 4.78850051877e-06, 4.16023931393e-06, 1.89453589883e-06, 1.03256638795e-06, 6.81567996708e-07, 7.58263695388e-07, 7.98358087195e-07, 4.89434967221e-07, 3.68521938299e-07, 3.63696386785e-07, 4.1121128902e-07, 5.98309668476e-07, 5.07267884586e-07], "dmean2": [0.00343744829297, 0.00369809404947, 0.001630022889, 0.00148958561476, 0.000494517968036, 0.000374612398446, 0.00015454806271, 6.2409460952e-05, 7.86367090768e-05, 8.91919262358e-05, 0.000109083404823, 4.98279296153e-05, 9.81721532298e-05, 3.95246061089e-05, 2.21291793423e-05, 1.96428318304e-05, 5.22678055859e-05, 3.00702704408e-05, 2.89709041681e-05, 3.73621223844e-05, 2.74695303233e-05, 2.12324302993e-05, 1.31800088639e-05, 8.87435362529e-06, 9.90965691017e-06, 6.67848462399e-06, 6.38728715785e-06, 7.9305809777e-06, 6.73600425216e-06, 3.05501976072e-06, 1.72373813712e-06, 1.12816178444e-06, 1.18363072943e-06, 1.1751551483e-06, 7.97533232344e-07, 5.82622533329e-07, 5.79933782774e-07, 6.47211777505e-07, 9.73354985945e-07, 8.29681141568e-07], "dvar": [2.67716313829e-05, 3.2704709156e-05, 4.56813995697e-06, 6.01355350227e-06, 2.84660984562e-07, 1.61984743841e-07, 2.89746697746e-08, 5.37464872608e-09, 1.2086325718e-08, 1.67616782676e-08, 3.43199140218e-08, 8.79838424339e-09, 1.27241426284e-08, 1.76032444177e-09, 7.46852302225e-10, 1.17635712282e-09, 2.76033524926e-08, 1.84475812404e-09, 1.75305781003e-09, 2.43482389806e-09, 1.47730561117e-09, 8.81420603172e-10, 3.11992626179e-10, 1.0897865943e-10, 1.09830401718e-10, 6.08888842124e-11, 4.4330504545e-11, 9.68057439765e-11, 9.16356435177e-11, 1.50190259535e-11, 6.22309408865e-12, 2.95681881757e-12, 5.18414044332e-12, 2.38020072402e-11, 1.12136482825e-12, 6.16186192782e-13, 8.11799954516e-13, 9.45437196413e-13, 3.78381007082e-12, 2.79509336683e-12], "dvar2": [7.1410300734e-05, 9.21370228752e-05, 1.09274451461e-05, 1.44004225149e-05, 6.28921384305e-07, 4.43183637344e-07, 5.69041098686e-08, 1.15125029509e-08, 2.601268001e-08, 4.02258315546e-08, 6.9507450462e-08, 1.66890963271e-08, 2.86054717691e-08, 3.87129173163e-09, 1.37182742943e-09, 1.48386869459e-09, 7.4151842e-08, 4.13779099873e-09, 4.58491866695e-09, 6.48872111597e-09, 3.52834561568e-09, 2.16255613417e-09, 8.19155299148e-10, 2.91460189317e-10, 3.08059910914e-10, 1.61738747395e-10, 1.1488272833e-10, 2.54856497017e-10, 2.30856667116e-10, 3.90548010598e-11, 1.68504793452e-11, 7.88577276395e-12, 1.12592287924e-11, 3.88979820576e-11, 2.80034437479e-12, 1.40838013994e-12, 1.91815053424e-12, 2.25114306536e-12, 9.93650908082e-12, 7.40646866754e-12], "max": [0.0510869733989, 0.0527627021074, 0.0252500716597, 0.0379029735923, 0.0125308204442, 0.00667540822178, 0.00366568984464, 0.00349478214048, 0.00311441719532, 0.00444944528863, 0.00783952139318, 0.00378835666925, 0.00269640376791, 0.000951083202381, 0.0016195907956, 0.00196551042609, 0.00583230052143, 0.00183366646525, 0.00178988429252, 0.00157892226707, 0.000932934926823, 0.000957225915045, 0.000449319224572, 0.000267308088951, 0.000145105004776, 0.000146606049384, 0.000136233560625, 0.000144585486851, 0.000266169197857, 7.68007521401e-05, 3.79375487682e-05, 2.5099292543e-05, 6.12643343629e-05, 0.000198926965822, 1.8261898731e-05, 1.14713329822e-05, 1.75374607352e-05, 1.41868276842e-05, 3.07557857013e-05, 3.81391873816e-05], "mean": [0.00213741883636, 0.0023374282755, 0.00136991206091, 0.00138158211485, 0.000664043414872, 0.000544651353266, 0.000288105162326, 8.86429697857e-05, 0.000142649034387, 0.000162024865858, 0.000143600758747, 7.0380687248e-05, 0.000103664708149, 4.63681099063e-05, 2.75074471574e-05, 2.65781091002e-05, 3.82025282306e-05, 3.95322749682e-05, 3.11770381813e-05, 3.59659243259e-05, 3.15009783662e-05, 2.52553909377e-05, 1.67295802385e-05, 1.04426399048e-05, 1.07557034426e-05, 7.92180253484e-06, 8.59335250425e-06, 9.52729897108e-06, 8.09108587418e-06, 3.35985873789e-06, 1.83068607384e-06, 1.15387729238e-06, 1.23969209653e-06, 1.25290000597e-06, 6.98072369687e-07, 5.77255491407e-07, 5.79108927923e-07, 5.66946596336e-07, 6.59908096168e-07, 5.46207388652e-07], "median": [0.000739363720641, 0.000731835258193, 0.000520390691236, 0.000499952526297, 0.000388818822103, 0.000343823601725, 0.000139986645081, 5.25450668647e-05, 6.63220998831e-05, 5.59063591936e-05, 5.20589710504e-05, 2.48838314292e-05, 4.76974564663e-05, 2.66228053079e-05, 1.47518512676e-05, 1.04489763544e-05, 1.66860463651e-05, 1.37424867717e-05, 1.30027601699e-05, 1.41763111969e-05, 1.02900039565e-05, 7.95780852059e-06, 6.82006793795e-06, 4.2191322791e-06, 4.56367979496e-06, 3.06294077745e-06, 4.2229689825e-06, 4.10548091168e-06, 3.35582240041e-06, 1.63737445291e-06, 8.92338107406e-07, 5.55028350391e-07, 4.11926635024e-07, 2.6211668569e-07, 2.28308280725e-07, 1.44620742049e-07, 1.31312191343e-07, 1.28857962522e-07, 1.15286809432e-07, 8.97798955179e-08], "min": [5.65671368649e-24, 9.08472097747e-24, 3.59472476026e-24, 3.16334524614e-24, 6.77029143398e-24, 1.01055700977e-23, 1.20907322548e-23, 4.40645158768e-24, 2.42075773833e-24, 2.48557153638e-24, 2.38726250708e-24, 9.32899806766e-24, 1.62029568686e-23, 6.49284708146e-24, 1.0645722881e-23, 1.22255604164e-23, 1.28790804004e-23, 9.25473391318e-24, 1.04382777065e-23, 1.02550466175e-23, 5.89232474521e-24, 5.40809194487e-24, 5.51211903244e-24, 7.9056618584e-24, 7.66150230848e-24, 1.07192044855e-23, 1.06922033544e-23, 7.19260496414e-24, 6.72243124286e-24, 9.940321093e-24, 5.74272279656e-24, 6.59997084251e-24, 7.3226218631e-24, 8.43543717652e-24, 8.14530281305e-24, 6.31655047421e-24, 8.09225507261e-24, 9.61520390382e-24, 1.06219765901e-23, 1.31627500488e-23], "var": [2.19029734581e-05, 2.39082201006e-05, 5.82844177188e-06, 7.34912191547e-06, 7.92660728166e-07, 4.19272197405e-07, 1.5863601277e-07, 1.827281082e-08, 5.17249141296e-08, 8.81317561152e-08, 1.41645571716e-07, 4.06814066878e-08, 3.1738682793e-08, 4.47638504042e-09, 3.64688523824e-09, 8.316683342e-09, 1.95014155935e-08, 7.94004595406e-09, 3.15213810609e-09, 3.76476982922e-09, 4.12970591057e-09, 2.36432784462e-09, 1.12281528519e-09, 2.66586086539e-10, 2.1634344316e-10, 1.36945940699e-10, 1.49203732702e-10, 2.36322572622e-10, 2.34053998405e-10, 2.76931758775e-11, 8.82819772147e-12, 3.87503701002e-12, 8.57144303451e-12, 4.45892524292e-11, 1.58705860953e-12, 1.18430287278e-12, 1.71623609421e-12, 1.36521588305e-12, 3.3274279599e-12, 2.44597506312e-12]}, "mfcc": {"mean": [-673.71496582, 141.307769775, -13.3933010101, 19.8810501099, 1.31244504452, -2.73636364937, -2.05177330971, -8.20797348022, -1.210916996, -3.09115052223, -10.6670694351, -4.87403011322, -1.24544608593], "cov": [[11304.28125, -1401.0098877, 1098.57409668, 2239.45996094, 956.905273438, 664.831665039, 893.522094727, 886.364074707, 729.232055664, 253.613769531, -34.9083786011, 155.66734314, 149.421478271], [-1401.0098877, 1348.2644043, -341.23223877, -140.21875, -51.5120315552, -18.6686248779, 15.6582326889, -48.1874351501, -50.0313568115, -44.3706054688, -0.126287549734, 62.9060440063, 18.212562561], [1098.57409668, -341.23223877, 1009.33282471, 376.560455322, 435.652587891, 402.093536377, 381.626312256, 398.710601807, 232.065505981, 158.967971802, 133.465988159, 149.091247559, 74.0710220337], [2239.45996094, -140.21875, 376.560455322, 950.073242188, 374.749328613, 279.265777588, 391.219543457, 388.296081543, 327.911499023, 120.275482178, 37.602935791, 132.007095337, 84.5715866089], [956.905273438, -51.5120315552, 435.652587891, 374.749328613, 406.207855225, 279.17956543, 270.08706665, 283.876068115, 202.499160767, 98.2800827026, 69.442855835, 112.482139587, 83.5047073364], [664.831665039, -18.6686248779, 402.093536377, 279.265777588, 279.17956543, 368.691162109, 262.705108643, 245.657104492, 163.878036499, 108.711799622, 86.6205825806, 102.754844666, 80.2480392456], [893.522094727, 15.6582326889, 381.626312256, 391.219543457, 270.08706665, 262.705108643, 382.80859375, 290.155761719, 194.028579712, 91.7229614258, 60.6277809143, 133.59526062, 64.3088912964], [886.364074707, -48.1874351501, 398.710601807, 388.296081543, 283.876068115, 245.657104492, 290.155761719, 386.339111328, 227.569473267, 106.189926147, 60.5089035034, 99.8064956665, 66.2102432251], [729.232055664, -50.0313568115, 232.065505981, 327.911499023, 202.499160767, 163.878036499, 194.028579712, 227.569473267, 255.243652344, 109.073905945, 43.6183433533, 60.2915687561, 36.5009651184], [253.613769531, -44.3706054688, 158.967971802, 120.275482178, 98.2800827026, 108.711799622, 91.7229614258, 106.189926147, 109.073905945, 127.665290833, 64.4775161743, 40.8253288269, 19.0892505646], [-34.9083786011, -0.126287549734, 133.465988159, 37.602935791, 69.442855835, 86.6205825806, 60.6277809143, 60.5089035034, 43.6183433533, 64.4775161743, 103.660118103, 56.9023094177, 22.4835891724], [155.66734314, 62.9060440063, 149.091247559, 132.007095337, 112.482139587, 102.754844666, 133.59526062, 99.8064956665, 60.2915687561, 40.8253288269, 56.9023094177, 140.21786499, 64.9870223999], [149.421478271, 18.212562561, 74.0710220337, 84.5715866089, 83.5047073364, 80.2480392456, 64.3088912964, 66.2102432251, 36.5009651184, 19.0892505646, 22.4835891724, 64.9870223999, 111.746284485]], "icov": [[0.000206537544727, 0.000165102537721, 2.10833495657e-05, -0.00044088071445, -0.000156182562932, -3.58899669664e-05, -0.000104298851511, 4.82858486066e-05, 0.000115312999696, -6.7799432145e-05, 0.000273778074188, 0.000156412439537, 1.83768770512e-05], [0.000165102537721, 0.00111883471254, 0.000748992490117, -7.81544349593e-06, -0.000383979029721, -0.000304871588014, -0.000523577036802, -0.000174153450644, 0.00013163863332, 0.000196138440515, 0.000110766617581, -0.000603222404607, 0.000268720672466], [2.10833495657e-05, 0.000748992490117, 0.00299080926925, 0.000525638984982, -0.00167261075694, -0.00100190297235, -0.00092764251167, -0.00127340585459, 0.000782898103353, -0.000372800423065, -0.000813169404864, -0.000534052611329, 0.00100935250521], [-0.00044088071445, -7.81544349593e-06, 0.000525638984982, 0.00355815887451, -0.000643280567601, 0.00024291423324, -0.00117771152873, -0.000690489425324, -0.00192062184215, 0.000360766774975, 0.000248363299761, -0.000811970385257, -6.93964248057e-05], [-0.000156182562932, -0.000383979029721, -0.00167261075694, -0.000643280567601, 0.00847669318318, -0.00227884040214, 0.000288163486402, -0.00102875824086, -0.00190724607091, 0.00109604059253, -0.000198103414732, -0.000650549656712, -0.00153327558655], [-3.58899669664e-05, -0.000304871588014, -0.00100190297235, 0.00024291423324, -0.00227884040214, 0.00840351264924, -0.00289106741548, -0.000151655025547, 0.000388830754673, -0.0017032896867, -0.00213085673749, 0.00190473441035, -0.00251531740651], [-0.000104298851511, -0.000523577036802, -0.00092764251167, -0.00117771152873, 0.000288163486402, -0.00289106741548, 0.0103018702939, -0.00282568717375, -0.000797472952399, 0.000590756768361, 0.0016571059823, -0.00490737240762, 0.00201750639826], [4.82858486066e-05, -0.000174153450644, -0.00127340585459, -0.000690489425324, -0.00102875824086, -0.000151655025547, -0.00282568717375, 0.00951274484396, -0.0036487954203, 9.03015898075e-05, 2.67424511549e-05, 0.000972407520749, -0.00119652668945], [0.000115312999696, 0.00013163863332, 0.000782898103353, -0.00192062184215, -0.00190724607091, 0.000388830754673, -0.000797472952399, -0.0036487954203, 0.0127526419237, -0.00657826382667, 0.00132020807359, 0.000988529762253, 0.000643523875624], [-6.7799432145e-05, 0.000196138440515, -0.000372800423065, 0.000360766774975, 0.00109604059253, -0.0017032896867, 0.000590756768361, 9.03015898075e-05, -0.00657826382667, 0.0176971126348, -0.0079901451245, 0.000471404579002, 0.000502506212797], [0.000273778074188, 0.000110766617581, -0.000813169404864, 0.000248363299761, -0.000198103414732, -0.00213085673749, 0.0016571059823, 2.67424511549e-05, 0.00132020807359, -0.0079901451245, 0.0191790722311, -0.00627283705398, 0.00139852648135], [0.000156412439537, -0.000603222404607, -0.000534052611329, -0.000811970385257, -0.000650549656712, 0.00190473441035, -0.00490737240762, 0.000972407520749, 0.000988529762253, 0.000471404579002, -0.00627283705398, 0.0167360194027, -0.0066503318958], [1.83768770512e-05, 0.000268720672466, 0.00100935250521, -6.93964248057e-05, -0.00153327558655, -0.00251531740651, 0.00201750639826, -0.00119652668945, 0.000643523875624, 0.000502506212797, 0.00139852648135, -0.0066503318958, 0.014054056257]]}, "spectral_contrast_coeffs": {"dmean": [0.053145956248, 0.0409571155906, 0.0364486165345, 0.030922524631, 0.0206414870918, 0.0203987043351], "dmean2": [0.0838374421, 0.0664892941713, 0.058463871479, 0.0504264123738, 0.0342627316713, 0.0325058214366], "dvar": [0.00224310462363, 0.0011650751112, 0.000868118251674, 0.000655057607219, 0.00030197610613, 0.000394411588786], "dvar2": [0.00501663563773, 0.00303752208129, 0.00224553467706, 0.00167054811027, 0.00078732194379, 0.000961816695053], "max": [-0.199519574642, -0.405753612518, -0.496663540602, -0.497418105602, -0.568862438202, -0.511412620544], "mean": [-0.603892147541, -0.673664331436, -0.725972950459, -0.761528670788, -0.796815931797, -0.764599978924], "median": [-0.628304004669, -0.674119830132, -0.728674530983, -0.768286585808, -0.799783229828, -0.763790607452], "min": [-0.968158185482, -0.955490231514, -0.979562699795, -0.9615046978, -0.962678313255, -0.961337924004], "var": [0.0147066479549, 0.00516030425206, 0.00376259558834, 0.00302417902276, 0.00160934682935, 0.00205835397355]}, "spectral_contrast_valleys": {"dmean": [0.480401039124, 0.334664463997, 0.301612854004, 0.290103197098, 0.277793377638, 0.418517678976], "dmean2": [0.782657921314, 0.546589791775, 0.484582602978, 0.447517871857, 0.413607239723, 0.544138014317], "dvar": [0.254078328609, 0.103912457824, 0.0925315320492, 0.0925221517682, 0.118025384843, 0.268128991127], "dvar2": [0.587031126022, 0.227912396193, 0.190284758806, 0.176300764084, 0.223860412836, 0.52928674221], "max": [-4.67649888992, -4.8422703743, -5.51965236664, -5.90655946732, -5.55119466782, -8.122192382