{"lowlevel": {"average_loudness": 0.915736913681, "barkbands_crest": {"dmean": 2.80423808098, "dmean2": 4.13738918304, "dvar": 7.15263462067, "dvar2": 15.249537468, "max": 26.7697582245, "mean": 15.1754074097, "median": 14.3744907379, "min": 3.7160820961, "var": 25.0512619019}, "barkbands_flatness_db": {"dmean": 0.0404381416738, "dmean2": 0.0562267303467, "dvar": 0.00184895587154, "dvar2": 0.00376827619039, "max": 0.873503386974, "mean": 0.297862976789, "median": 0.290996193886, "min": 0.0656229332089, "var": 0.00897733215243}, "barkbands_kurtosis": {"dmean": 8.98237895966, "dmean2": 13.417804718, "dvar": 481.415527344, "dvar2": 1060.11999512, "max": 924.908447266, "mean": 15.6761550903, "median": 7.95884895325, "min": -1.80730974674, "var": 822.738037109}, "barkbands_skewness": {"dmean": 0.900554060936, "dmean2": 1.25980353355, "dvar": 1.03496706486, "dvar2": 2.11474537849, "max": 21.0340061188, "mean": 2.30649447441, "median": 2.01409339905, "min": -2.83775067329, "var": 3.99649882317}, "barkbands_spread": {"dmean": 2.46462512016, "dmean2": 3.50600218773, "dvar": 12.0459241867, "dvar2": 23.9365386963, "max": 63.6559104919, "mean": 6.86250782013, "median": 5.21728467941, "min": 0.0113001195714, "var": 36.844745636}, "dissonance": {"dmean": 0.0431968644261, "dmean2": 0.0708395913243, "dvar": 0.00171600806061, "dvar2": 0.00473704794422, "max": 0.500000119209, "mean": 0.410470664501, "median": 0.422923028469, "min": 0.124302886426, "var": 0.00385129568167}, "dynamic_complexity": 3.64742088318, "erbbands_crest": {"dmean": 3.33754277229, "dmean2": 4.99839496613, "dvar": 12.4866056442, "dvar2": 27.3744335175, "max": 34.1075744629, "mean": 17.9686470032, "median": 17.1666736603, "min": 2.57149529457, "var": 50.6656265259}, "erbbands_flatness_db": {"dmean": 0.0350588336587, "dmean2": 0.0483268275857, "dvar": 0.00153901136946, "dvar2": 0.00311155267991, "max": 0.567448794842, "mean": 0.276549816132, "median": 0.275499999523, "min": 0.0658120512962, "var": 0.00742072798312}, "erbbands_kurtosis": {"dmean": 4.95461702347, "dmean2": 7.50821304321, "dvar": 59.1917419434, "dvar2": 139.945999146, "max": 235.077606201, "mean": 9.58597564697, "median": 5.75918245316, "min": -1.81541240215, "var": 148.623168945}, "erbbands_skewness": {"dmean": 0.668138504028, "dmean2": 0.959324896336, "dvar": 0.474936455488, "dvar2": 1.02282178402, "max": 11.4376268387, "mean": 2.0410592556, "median": 1.91002631187, "min": -1.94905996323, "var": 2.11024236679}, "erbbands_spread": {"dmean": 6.33647489548, "dmean2": 9.03532314301, "dvar": 82.4663848877, "dvar2": 160.125442505, "max": 119.958724976, "mean": 17.0998516083, "median": 11.7738285065, "min": 0.453618556261, "var": 254.318023682}, "hfc": {"dmean": 3.60987377167, "dmean2": 5.28675794601, "dvar": 23.7568244934, "dvar2": 49.7915496826, "max": 86.205581665, "mean": 13.5093774796, "median": 11.2966976166, "min": 1.15208749569e-16, "var": 117.61895752}, "melbands_crest": {"dmean": 3.8023853302, "dmean2": 5.89531421661, "dvar": 12.2072553635, "dvar2": 28.6894607544, "max": 36.300567627, "mean": 19.2718677521, "median": 18.5492210388, "min": 1.0020365715, "var": 37.5090332031}, "melbands_flatness_db": {"dmean": 0.0447251908481, "dmean2": 0.0611045733094, "dvar": 0.00248806527816, "dvar2": 0.00515136355534, "max": 1, "mean": 0.369533598423, "median": 0.356936067343, "min": -1.63944292808e-07, "var": 0.012703884393}, "melbands_kurtosis": {"dmean": 11.4114646912, "dmean2": 16.5600242615, "dvar": 359.883666992, "dvar2": 718.942504883, "max": 349.946990967, "mean": 20.8874168396, "median": 10.6936016083, "min": -1.71105575562, "var": 944.180541992}, "melbands_skewness": {"dmean": 0.972932696342, "dmean2": 1.35721933842, "dvar": 1.09614598751, "dvar2": 2.13476014137, "max": 15.9765768051, "mean": 2.46051049232, "median": 2.02412557602, "min": -2.51049399376, "var": 4.47542381287}, "melbands_spread": {"dmean": 2.52312898636, "dmean2": 3.66123199463, "dvar": 13.839427948, "dvar2": 25.4945087433, "max": 136.036773682, "mean": 7.56020832062, "median": 5.76700019836, "min": 0.0979023054242, "var": 46.3167991638}, "pitch_salience": {"dmean": 0.0849992781878, "dmean2": 0.133982166648, "dvar": 0.00978915113956, "dvar2": 0.0240775458515, "max": 0.995884776115, "mean": 0.444842517376, "median": 0.451345026493, "min": 0.00638348935172, "var": 0.0202803816646}, "silence_rate_20dB": {"dmean": 0, "dmean2": 0, "dvar": 0, "dvar2": 0, "max": 1, "mean": 1, "median": 1, "min": 1, "var": 0}, "silence_rate_30dB": {"dmean": 0.00216755177826, "dmean2": 0.00433557340875, "dvar": 0.00216261623427, "dvar2": 0.00496730627492, "max": 1, "mean": 0.997724294662, "median": 1, "min": 0, "var": 0.00227067549713}, "silence_rate_60dB": {"dmean": 0.0203749872744, "dmean2": 0.0407543890178, "dvar": 0.0199582148343, "dvar2": 0.042341824621, "max": 1, "mean": 0.0658864304423, "median": 0, "min": 0, "var": 0.0615381412208}, "spectral_centroid": {"dmean": 97.5383377075, "dmean2": 140.041595459, "dvar": 37453.3945312, "dvar2": 54878.0039062, "max": 11048.1210938, "mean": 583.460449219, "median": 527.051147461, "min": 52.1632537842, "var": 106552.375}, "spectral_complexity": {"dmean": 2.27896380424, "dmean2": 3.63169312477, "dvar": 7.16608953476, "dvar2": 17.3631877899, "max": 30, "mean": 8.46987438202, "median": 8, "min": 0, "var": 16.9734897614}, "spectral_decrease": {"dmean": 2.28709184924e-09, "dmean2": 3.36107608412e-09, "dvar": 7.18561871957e-18, "dvar2": 1.64153446622e-17, "max": 1.10528529692e-28, "mean": -9.21594178749e-09, "median": -8.9579490492e-09, "min": -4.03470821198e-08, "var": 3.24315415916e-17}, "spectral_energy": {"dmean": 0.00888966396451, "dmean2": 0.0130818923935, "dvar": 0.000108638705569, "dvar2": 0.000248431810178, "max": 0.154809296131, "mean": 0.0360084287822, "median": 0.034701526165, "min": 1.07435397337e-20, "var": 0.000494000327308}, "spectral_energyband_high": {"dmean": 9.02232859517e-05, "dmean2": 0.00013310299255, "dvar": 3.92413568306e-08, "dvar2": 8.69271161719e-08, "max": 0.00227680173703, "mean": 0.000137380193337, "median": 2.98267514154e-05, "min": 7.67174959902e-21, "var": 5.98441047828e-08}, "spectral_energyband_low": {"dmean": 0.00543499784544, "dmean2": 0.007551335264, "dvar": 5.89896662859e-05, "dvar2": 0.000116728726425, "max": 0.132567092776, "mean": 0.0128776729107, "median": 0.00864908564836, "min": 8.65018294318e-23, "var": 0.000183593176189}, "spectral_energyband_middle_high": {"dmean": 0.000849146337714, "dmean2": 0.00119795650244, "dvar": 5.18784418091e-06, "dvar2": 8.93377455213e-06, "max": 0.0543236173689, "mean": 0.00189310777932, "median": 0.000578026287258, "min": 1.60800851562e-21, "var": 1.83454139915e-05}, "spectral_energyband_middle_low": {"dmean": 0.00678377132863, "dmean2": 0.010456578806, "dvar": 9.06399800442e-05, "dvar2": 0.000228390708799, "max": 0.145370543003, "mean": 0.0218403413892, "median": 0.0191706046462, "min": 4.01175276459e-22, "var": 0.000296607409837}, "spectral_entropy": {"dmean": 0.381857007742, "dmean2": 0.549839913845, "dvar": 0.199197441339, "dvar2": 0.44115421176, "max": 9.80509376526, "mean": 6.3494682312, "median": 6.36735343933, "min": 2.62586975098, "var": 0.690668106079}, "spectral_flux": {"dmean": 0.0312210693955, "dmean2": 0.0444525592029, "dvar": 0.00101472646929, "dvar2": 0.00178326352034, "max": 0.349223464727, "mean": 0.0771091133356, "median": 0.0646699666977, "min": 1.03651046079e-10, "var": 0.00272283260711}, "spectral_kurtosis": {"dmean": 13.4941415787, "dmean2": 21.5046348572, "dvar": 886.720581055, "dvar2": 2251.24487305, "max": 717.508483887, "mean": 27.3609199524, "median": 10.6044197083, "min": -1.2395336628, "var": 2364.49316406}, "spectral_rms": {"dmean": 0.000768672500271, "dmean2": 0.00110774324276, "dvar": 7.22765662431e-07, "dvar2": 1.49764071011e-06, "max": 0.0122895669192, "mean": 0.00553149031475, "median": 0.00581851787865, "min": 3.2375148569e-12, "var": 4.5329106797e-06}, "spectral_rolloff": {"dmean": 113.020439148, "dmean2": 196.41368103, "dvar": 159497.21875, "dvar2": 314613.78125, "max": 18863.0859375, "mean": 549.04901123, "median": 452.197265625, "min": 64.599609375, "var": 293195.625}, "spectral_skewness": {"dmean": 0.859405815601, "dmean2": 1.32739913464, "dvar": 1.42947125435, "dvar2": 3.23386001587, "max": 22.9130058289, "mean": 3.34847593307, "median": 2.5500254631, "min": -0.37982994318, "var": 5.90592050552}, "spectral_spread": {"dmean": 638594.625, "dmean2": 938798.875, "dvar": 947776978944, "dvar2": 1456230367230.0, "max": 41706332, "mean": 3301142.25, "median": 2918562.5, "min": 153542.9375, "var": 3857693540350.0}, "spectral_strongpeak": {"dmean": 0.517055928707, "dmean2": 0.842852771282, "dvar": 0.693366706371, "dvar2": 1.36801791191, "max": 8.4489030838, "mean": 1.48778390884, "median": 0.717043995857, "min": 0, "var": 2.20734810829}, "zerocrossingrate": {"dmean": 0.00476580904797, "dmean2": 0.00551827671006, "dvar": 7.9409488535e-05, "dvar2": 0.000114558963105, "max": 0.51025390625, "mean": 0.0249989107251, "median": 0.0224609375, "min": 0.001953125, "var": 0.000292048149277}, "barkbands": {"dmean": [0.000487928278744, 0.0046772886999, 0.00170818273909, 0.00127192307264, 0.00178086478263, 0.00306538841687, 0.000942903570831, 0.0016304400051, 0.000577788276132, 0.000550506287254, 8.25341121526e-05, 6.94276968716e-05, 5.62362474739e-05, 5.79744337301e-05, 0.000151040585479, 8.33012163639e-05, 0.00012068678916, 4.52356507594e-05, 2.42077858275e-05, 2.00534159376e-05, 2.20595702558e-05, 1.70317489392e-05, 1.81131963473e-05, 1.38250461532e-05, 1.19068954518e-05, 6.10932238487e-06, 2.13146589267e-09], "dmean2": [0.000769601552747, 0.00613613380119, 0.00284354179166, 0.00229791435413, 0.00300393253565, 0.00490243267268, 0.00136107846629, 0.00214944640175, 0.000830878794659, 0.000773699954152, 0.00013424345525, 0.00010961402586, 8.86817651917e-05, 8.54855170473e-05, 0.000193843618035, 0.000108174514025, 0.000160979383509, 7.32055050321e-05, 3.93428963434e-05, 3.29366012011e-05, 3.31844457833e-05, 2.60766428255e-05, 2.84333691525e-05, 1.97286826733e-05, 1.74184060597e-05, 9.16055250855e-06, 3.89554344338e-09], "dvar": [9.29571740471e-07, 4.61017007183e-05, 1.62416108651e-05, 1.18199532153e-05, 1.51775684571e-05, 2.98416925943e-05, 3.53212021764e-06, 2.13418989006e-05, 5.58984675081e-06, 5.9553135543e-06, 3.93892563011e-08, 2.20657412342e-08, 2.31633965342e-08, 8.39596765445e-08, 3.96220684706e-07, 1.53549464699e-07, 3.46914362126e-07, 3.81789710957e-08, 5.14435782861e-09, 2.2990847004e-09, 2.4594937198e-09, 1.18231624491e-09, 2.22350959866e-09, 1.23350474279e-09, 1.28464439086e-09, 4.08344885683e-10, 6.12377424643e-17], "dvar2": [2.85840292236e-06, 8.37930274429e-05, 4.10693028243e-05, 3.34411452059e-05, 4.13968737121e-05, 8.63367822603e-05, 6.54029781799e-06, 3.43494175468e-05, 9.72945690592e-06, 1.05656736196e-05, 9.10084025918e-08, 4.17562411315e-08, 4.77261075105e-08, 1.48011466194e-07, 5.85907514505e-07, 2.14784805053e-07, 5.38315873655e-07, 9.27187215893e-08, 1.28655992526e-08, 6.03998540072e-09, 5.37458388905e-09, 2.70906008737e-09, 5.01858732349e-09, 2.51960186048e-09, 2.89305823742e-09, 9.37353417108e-10, 1.7499610693e-16], "max": [0.0195329356939, 0.121647670865, 0.026144746691, 0.0295364204794, 0.0423414446414, 0.090564802289, 0.0497677437961, 0.141799792647, 0.0600699447095, 0.0531677305698, 0.00611955532804, 0.0075020333752, 0.00593063794076, 0.0118212532252, 0.0189925413579, 0.010306016542, 0.0113712484017, 0.00444428436458, 0.00182507815771, 0.00104812544305, 0.00135163101368, 0.000568308169022, 0.000466642202809, 0.000440796837211, 0.000333463336574, 0.000185452838195, 2.72682882496e-07], "mean": [0.00060174765531, 0.0102547444403, 0.00145955896005, 0.00100594281685, 0.0025885279756, 0.00811703596264, 0.00278114108369, 0.00576818920672, 0.00109995796811, 0.00121048092842, 9.38424636843e-05, 0.00011465876014, 8.90906230779e-05, 7.60316688684e-05, 0.000247274583671, 0.000115189875942, 0.000158141352586, 4.60372393718e-05, 3.04933273583e-05, 2.6248388167e-05, 3.32784329657e-05, 2.59128682956e-05, 2.40019635385e-05, 1.98788729904e-05, 1.42441813296e-05, 6.78066680848e-06, 1.67540381568e-09], "median": [0.000106291969132, 0.00417738314718, 5.16647050972e-05, 3.60631420335e-05, 0.000622989493422, 0.00429766764864, 0.000900949991774, 0.000413985515479, 0.000136365750222, 9.54697679845e-05, 2.48178585025e-05, 3.6097739212e-05, 2.21859008889e-05, 1.41887003338e-05, 2.85879978037e-05, 1.25454598674e-05, 1.3490427591e-05, 1.08290714707e-05, 7.56352983444e-06, 8.08972890809e-06, 7.11158463673e-06, 4.30426098319e-06, 2.61238346866e-06, 1.64981690887e-06, 9.66363131738e-07, 2.87832847334e-07, 5.67004554419e-10], "min": [2.84878625021e-23, 1.04330822686e-23, 2.31565369785e-23, 3.96924578357e-23, 1.80989288341e-23, 1.59886060057e-23, 7.59006811362e-23, 8.97138438459e-23, 1.1738579698e-22, 3.67876195472e-23, 3.92986868708e-23, 6.51417480378e-23, 5.73250199912e-23, 8.16864268288e-23, 7.20920859293e-23, 1.12439399291e-22, 1.03751756183e-22, 2.12052021236e-22, 1.3664917444e-22, 2.4020814564e-22, 4.68779217154e-22, 5.36164397254e-22, 6.02164615283e-22, 7.97505911974e-22, 1.01580717571e-21, 1.53194485582e-21, 2.34012828414e-21], "var": [1.00570480299e-06, 0.000154609326273, 1.28744122776e-05, 7.25651261746e-06, 2.3586626412e-05, 8.98528887774e-05, 1.91283888853e-05, 0.000139624142321, 1.74352444446e-05, 1.99069781956e-05, 5.05168138432e-08, 7.28665980887e-08, 5.80006336293e-08, 1.89334784295e-07, 1.04611319784e-06, 4.08467485613e-07, 6.67040012559e-07, 3.51304194623e-08, 5.56213830549e-09, 2.305887703e-09, 4.22011314782e-09, 2.10471373663e-09, 3.02968450328e-09, 1.99150096414e-09, 1.53125379043e-09, 4.31529562084e-10, 3.77409062324e-17]}, "erbbands": {"dmean": [0.205939441919, 0.965621769428, 1.90133535862, 3.26043510437, 4.15714502335, 5.70706367493, 17.9821472168, 27.9454135895, 17.5831184387, 14.2119255066, 37.8536071777, 16.890712738, 15.0508794785, 12.9465713501, 3.24373674393, 3.07990145683, 2.57366323471, 3.20245027542, 8.49727058411, 4.80103254318, 4.49445295334, 5.23164796829, 3.43580126762, 1.64112555981, 1.08131992817, 0.922740638256, 0.967260539532, 0.743496954441, 0.660150408745, 0.574286878109, 0.515462040901, 0.308920443058, 0.210120588541, 0.147129744291, 0.0821363851428, 0.0311139300466, 0.0108497617766, 0.000834448845126, 1.91036342585e-05, 1.03648226286e-05], "dmean2": [0.239072471857, 1.22444939613, 2.92660355568, 5.63175725937, 7.53811597824, 9.89585590363, 26.1605014801, 46.728099823, 24.8347015381, 20.9947757721, 48.6039924622, 23.5662097931, 21.4303455353, 17.850769043, 5.011967659, 4.8146777153, 4.01187944412, 4.59376525879, 10.8965272903, 6.24162960052, 5.91727399826, 7.47096538544, 5.15380382538, 2.65091705322, 1.71954786777, 1.50019848347, 1.50721991062, 1.13030612469, 0.99760890007, 0.907046079636, 0.801069736481, 0.444919526577, 0.30481249094, 0.212884113193, 0.122625477612, 0.0461868159473, 0.0165029708296, 0.00128416565713, 2.87377333734e-05, 1.53553792188e-05], "dvar": [0.0740121379495, 2.02633976936, 15.3662252426, 65.4083938599, 132.715805054, 176.203781128, 1160.1373291, 2950.45776367, 1091.6541748, 1726.03076172, 13409.8974609, 4783.97412109, 5536.93652344, 3632.97509766, 55.3859596252, 43.0778694153, 45.4849662781, 254.668228149, 1436.09191895, 352.207122803, 356.341186523, 648.515625, 179.809432983, 30.4238986969, 7.85867834091, 5.10557603836, 5.52038669586, 3.43277430534, 1.89365422726, 1.61041522026, 1.89209079742, 0.587377846241, 0.306843876839, 0.181972414255, 0.0669084563851, 0.0105691496283, 0.00129327434115, 7.09208143235e-06, 2.72823874603e-09, 1.53571641515e-10], "dvar2": [0.138252928853, 3.73625230789, 36.1793632507, 177.748596191, 378.688781738, 489.065948486, 2346.67456055, 9244.390625, 1931.58764648, 2786.29907227, 20892.1953125, 8451.11425781, 10509.9003906, 5922.89697266, 118.981155396, 82.5923614502, 93.7385101318, 440.911865234, 2163.48217773, 478.14465332, 526.801025391, 1332.52294922, 388.97958374, 75.739616394, 18.6247386932, 13.3113975525, 12.6015281677, 7.59740066528, 4.25666618347, 3.83418941498, 4.23205757141, 1.19978356361, 0.635207891464, 0.397064715624, 0.156974613667, 0.0244133155793, 0.00306051759981, 1.60388135555e-05, 6.25066798321e-09, 3.58895163588e-10], "max": [4.65773391724, 23.3954772949, 24.0258293152, 65.947769165, 83.7296676636, 154.501190186, 780.245727539, 916.111938477, 772.10748291, 974.214111328, 3817.08349609, 1865.68066406, 1803.76782227, 1673.02038574, 274.160675049, 334.365966797, 288.362091064, 656.141784668, 1187.72961426, 620.121337891, 348.228637695, 494.496276855, 285.380187988, 135.112716675, 61.7035903931, 53.7054023743, 56.9525718689, 65.961807251, 24.409576416, 22.4678039551, 13.3110589981, 11.6362476349, 5.18333530426, 4.16325473785, 2.18967270851, 0.954216182232, 0.348028481007, 0.0281134992838, 0.000533967104275, 0.000186329591088], "mean": [0.37754252553, 1.95149207115, 2.03025746346, 2.86413621902, 3.25331425667, 7.41692733765, 42.2771186829, 64.6061782837, 62.1938743591, 38.8265190125, 138.616516113, 41.5683631897, 31.1047801971, 27.3583660126, 4.83599662781, 5.57703590393, 4.45101070404, 4.65434265137, 13.8478651047, 7.23473119736, 6.60037231445, 6.41134548187, 3.75711274147, 1.86561596394, 1.47943484783, 1.24897348881, 1.34687805176, 1.14103162289, 0.997902095318, 0.813026428223, 0.67652708292, 0.456513911486, 0.289118051529, 0.181202843785, 0.0944666862488, 0.0354221761227, 0.0115016829222, 0.000909217458684, 3.4963912185e-05, 4.1303159378e-05], "median": [0.112787343562, 0.746926546097, 0.440655231476, 0.159536838531, 0.373163223267, 2.03889846802, 13.2819385529, 36.1719169617, 17.8392295837, 12.5563602448, 9.03195381165, 5.92912769318, 3.55133104324, 2.93238067627, 1.52340984344, 2.06375980377, 1.23945486546, 1.22095549107, 1.55209779739, 1.25322127342, 0.782536506653, 0.773455381393, 0.788971483707, 0.485058784485, 0.478286623955, 0.434669435024, 0.289940595627, 0.254744887352, 0.168031364679, 0.120397299528, 0.0737114846706, 0.0387696623802, 0.0259413905442, 0.0139025319368, 0.0048521514982, 0.00169333303347, 0.000440618372522, 3.09668757836e-05, 2.09394384001e-05, 3.96084869863e-05], "min": [6.68224509062e-22, 1.91062505044e-21, 1.90679558387e-20, 1.09153939377e-19, 1.76955258775e-19, 6.24672646057e-20, 1.15314806428e-19, 9.17814663023e-20, 6.26624831076e-19, 8.38463097614e-19, 1.71533849832e-18, 2.2954448114e-18, 1.59464188681e-18, 1.36767769219e-18, 1.55479690689e-18, 3.42194879361e-18, 3.66956717114e-18, 5.8188107044e-18, 3.25864307477e-18, 4.58108711895e-18, 6.08048887759e-18, 6.84909600379e-18, 8.6269916903e-18, 1.03427032471e-17, 9.31405121581e-18, 1.13928048988e-17, 1.86146508205e-17, 1.67460332731e-17, 1.94432260596e-17, 1.94683706958e-17, 1.6106766589e-17, 1.46585966752e-17, 1.23521077619e-17, 1.02942255001e-17, 7.47993785333e-18, 4.94138176477e-18, 2.99228078457e-18, 1.21736708417e-18, 3.31183006438e-19, 3.47535701526e-20], "var": [0.262510925531, 6.04922914505, 15.7333049774, 45.7633247375, 78.4990844727, 211.994628906, 6367.58496094, 6292.34423828, 8322.05175781, 7443.515625, 92948.6171875, 14833.8154297, 15095.0361328, 13712.9824219, 103.011116028, 146.259689331, 132.533554077, 573.012390137, 3670.25537109, 970.946777344, 841.855163574, 932.52923584, 206.325469971, 29.3073120117, 10.3061647415, 5.26868534088, 8.61117553711, 5.45818662643, 3.26503634453, 2.53261685371, 2.51338672638, 1.02854323387, 0.45457676053, 0.22934037447, 0.0736557990313, 0.0113133480772, 0.0013039248297, 7.51936522647e-06, 3.10701908646e-09, 6.46263376147e-10]}, "gfcc": {"mean": [-103.562942505, 144.768264771, -102.458259583, 8.62757778168, -71.4930343628, -9.46585083008, -34.3763694763, 0.527545034885, -3.11215662956, 7.83487653732, 0.803672671318, 2.52317762375, 2.82289505005], "cov": [[14561.4960938, -3099.72558594, -492.874023438, 1952.83996582, -742.797973633, 1181.85998535, -307.244567871, 1188.59265137, -185.044952393, 504.588165283, -464.472045898, 221.109542847, -295.014984131], [-3099.72558594, 2989.58837891, 483.584197998, -256.601104736, 1142.60144043, -223.682067871, 734.561889648, -395.638183594, 448.061309814, -291.54901123, 497.13293457, -71.1589050293, 404.492156982], [-492.874023438, 483.584197998, 1456.07678223, 501.752044678, 444.752563477, 400.768707275, 280.081237793, 102.263465881, -30.8820419312, 127.313499451, 138.108688354, 154.606002808, 15.026966095], [1952.83996582, -256.601104736, 501.752044678, 1029.86315918, 293.66583252, 407.833312988, 201.86227417, 259.684936523, -10.5872039795, 119.027038574, 60.8530387878, 132.815536499, 22.1993751526], [-742.797973633, 1142.60144043, 444.752563477, 293.66583252, 826.599060059, 154.264312744, 440.251678467, 50.4820785522, 241.23979187, -48.8382568359, 183.722640991, 23.0455722809, 174.027160645], [1181.85998535, -223.682067871, 400.768707275, 407.833312988, 154.264312744, 453.799407959, 138.326583862, 248.866638184, 24.6374168396, 138.55960083, 11.0634622574, 84.0448684692, -10.5202608109], [-307.244567871, 734.561889648, 280.081237793, 201.86227417, 440.251678467, 138.326583862, 478.564056396, 102.758605957, 221.932601929, 8.09858798981, 181.986175537, 76.7399673462, 170.216278076], [1188.59265137, -395.638183594, 102.263465881, 259.684936523, 50.4820785522, 248.866638184, 102.758605957, 390.113647461, 111.593414307, 135.84803772, -84.447517395, 32.62890625, -16.9969558716], [-185.044952393, 448.061309814, -30.8820419312, -10.5872039795, 241.23979187, 24.6374168396, 221.932601929, 111.593414307, 387.268707275, 126.074142456, 119.881721497, -88.0534133911, 80.0770797729], [504.588165283, -291.54901123, 127.313499451, 119.027038574, -48.8382568359, 138.55960083, 8.09858798981, 135.84803772, 126.074142456, 302.652679443, 93.6548309326, 3.43628001213, -61.5827789307], [-464.472045898, 497.13293457, 138.108688354, 60.8530387878, 183.722640991, 11.0634622574, 181.986175537, -84.447517395, 119.881721497, 93.6548309326, 371.392883301, 132.378829956, 134.85585022], [221.109542847, -71.1589050293, 154.606002808, 132.815536499, 23.0455722809, 84.0448684692, 76.7399673462, 32.62890625, -88.0534133911, 3.43628001213, 132.378829956, 280.398132324, 127.248336792], [-295.014984131, 404.492156982, 15.026966095, 22.1993751526, 174.027160645, -10.5202608109, 170.216278076, -16.9969558716, 80.0770797729, -61.5827789307, 134.85585022, 127.248336792, 234.167526245]], "icov": [[0.000197724541067, -0.000339218735462, 0.000317111756885, -0.000488209363539, 0.000471491453936, -0.000431606837083, 0.000310952513246, -0.000405344268074, 3.32575109496e-05, -0.000215630585444, 0.000298289669445, -0.000343500199961, 0.000182542105904], [-0.000339218735462, 0.00434668641537, -0.0016334032407, 0.00220220419578, -0.00370898004621, 0.00152943248395, -0.0026367183309, 0.00275805499405, -0.00121603126172, 0.00321778119542, -0.00326717435382, 0.00341852777638, -0.00181170192081], [0.000317111756885, -0.0016334032407, 0.00209129694849, -0.00123559031636, 0.000907246547285, -0.00161931128241, 0.000616940669715, -0.000691299093887, 0.00108473061118, -0.00197385554202, 0.00150724675041, -0.00178878672887, 0.0011722893687], [-0.000488209363539, 0.00220220419578, -0.00123559031636, 0.00346600962803, -0.0027669055853, 0.000483604089823, -0.00163395248819, 0.000994707224891, 0.000466086465167, 0.00123239844106, -0.0020725929644, 0.00198353268206, -0.00104997924063], [0.000471491453936, -0.00370898004621, 0.000907246547285, -0.0027669055853, 0.00675859441981, -0.00204372685403, 0.000844280933961, -0.0022385106422, -0.00055300607346, -0.000819835055154, 0.00218221498653, -0.00215560640208, 0.00120217911899], [-0.000431606837083, 0.00152943248395, -0.00161931128241, 0.000483604089823, -0.00204372685403, 0.00675328448415, -0.00168374460191, -0.00112477957737, 0.000875923491549, -0.000339876365615, -0.00109922583215, 0.00118019268848, -0.000560263579246], [0.000310952513246, -0.0026367183309, 0.000616940669715, -0.00163395248819, 0.000844280933961, -0.00168374460191, 0.00807111803442, -0.003060500836, -0.00171098182909, 2.06095792237e-05, 0.000407923624152, -0.00266028870828, 7.07158833393e-05], [-0.000405344268074, 0.00275805499405, -0.000691299093887, 0.000994707224891, -0.0022385106422, -0.00112477957737, -0.003060500836, 0.00974739156663, -0.00398207176477, -9.53091221163e-05, 0.00258966744877, -0.00118654617108, -0.000289445975795], [3.32575109496e-05, -0.00121603126172, 0.00108473061118, 0.000466086465167, -0.00055300607346, 0.000875923491549, -0.00171098182909, -0.00398207176477, 0.0106282392517, -0.00541387218982, -0.00118900707457, 0.0052464636974, -0.00379084353335], [-0.000215630585444, 0.00321778119542, -0.00197385554202, 0.00123239844106, -0.000819835055154, -0.000339876365615, 2.06095792237e-05, -9.53091221163e-05, -0.00541387218982, 0.011915535666, -0.00644415896386, 0.00172199308872, 0.00251239631325], [0.000298289669445, -0.00326717435382, 0.00150724675041, -0.0020725929644, 0.00218221498653, -0.00109922583215, 0.000407923624152, 0.00258966744877, -0.00118900707457, -0.00644415896386, 0.0108045740053, -0.00681303627789, 0.000531287281774], [-0.000343500199961, 0.00341852777638, -0.00178878672887, 0.00198353268206, -0.00215560640208, 0.00118019268848, -0.00266028870828, -0.00118654617108, 0.0052464636974, 0.00172199308872, -0.00681303627789, 0.0138466926292, -0.00785044394433], [0.000182542105904, -0.00181170192081, 0.0011722893687, -0.00104997924063, 0.00120217911899, -0.000560263579246, 7.07158833393e-05, -0.000289445975795, -0.00379084353335, 0.00251239631325, 0.000531287281774, -0.00785044394433, 0.012580270879]]}, "melbands": {"dmean": [0.0015151797561, 0.000987019971944, 0.000572887307499, 0.000326369336108, 0.000555318780243, 0.000602726475336, 0.000249122822424, 0.00018418036052, 0.000279467349174, 9.71453264356e-05, 7.54753564252e-05, 5.79797524551e-05, 1.06058778329e-05, 8.38197411213e-06, 6.65651941745e-06, 4.92604067404e-06, 6.1605414885e-06, 1.32951927299e-05, 6.65766583552e-06, 8.07802916825e-06, 5.46324508832e-06, 5.47436275156e-06, 5.09785832037e-06, 2.71099861493e-06, 1.19592573355e-06, 9.20850311559e-07, 7.13275426278e-07, 6.11091309111e-07, 7.02151339738e-07, 4.46219189598e-07, 4.82832888338e-07, 4.14521508674e-07, 3.13683273134e-07, 3.46765943959e-07, 3.43390411217e-07, 2.32748561757e-07, 1.71267402038e-07, 1.62288856131e-07, 1.21405392406e-07, 1.33095085175e-07], "dmean2": [0.00183601281606, 0.00134242034983, 0.000987110310234, 0.000586623558775, 0.000828777381685, 0.000993356923573, 0.000349802197888, 0.000266513350653, 0.000359091005521, 0.000137316674227, 0.000107914733235, 8.02246213425e-05, 1.70193779923e-05, 1.31653150675e-05, 1.04848832052e-05, 7.82557526691e-06, 8.78160790307e-06, 1.73114494828e-05, 9.00626946532e-06, 9.97580082185e-06, 7.44053613744e-06, 7.89414480096e-06, 7.45953002479e-06, 4.3537829697e-06, 1.98874181478e-06, 1.49081336076e-06, 1.1472816368e-06, 1.00344641396e-06, 1.10130292796e-06, 7.12473479325e-07, 7.33737806513e-07, 6.41499923404e-07, 4.86065687255e-07, 5.57227565423e-07, 5.48353170871e-07, 3.41821788652e-07, 2.47781969165e-07, 2.39557181203e-07, 1.8786624878e-07, 1.95376415491e-07], "dvar": [4.19353364123e-06, 2.56803468801e-06, 2.03257172871e-06, 7.19664285498e-07, 1.02903788957e-06, 1.27385465021e-06, 2.27898581784e-07, 2.72734240525e-07, 7.08401330485e-07, 1.85883905601e-07, 1.33644789457e-07, 8.0071330899e-08, 6.73441746812e-10, 2.97411234529e-10, 2.78124384634e-10, 1.73862646502e-10, 1.29124921866e-09, 3.47627748809e-09, 5.6171400864e-10, 1.56058921341e-09, 8.24872448124e-10, 7.81686715356e-10, 7.94995513864e-10, 1.80985212928e-10, 2.04997616104e-11, 8.24811312999e-12, 2.42616625575e-12, 2.62736967599e-12, 3.2494239504e-12, 1.213277959e-12, 1.67946928066e-12, 7.71390763765e-13, 4.62292801696e-13, 6.69147137873e-13, 8.86417729582e-13, 3.34597692435e-13, 1.73809344738e-13, 1.83205203395e-13, 1.06808916637e-13, 1.57100583085e-13], "dvar2": [7.77862624091e-06, 5.5356372286e-06, 5.48480647922e-06, 2.04175967156e-06, 2.21474715545e-06, 3.89411979995e-06, 3.99347271696e-07, 4.41889653757e-07, 1.08711651592e-06, 3.21563021544e-07, 2.51872876333e-07, 1.32174491796e-07, 1.51472678844e-09, 5.60665180949e-10, 6.29194585322e-10, 3.5671648968e-10, 2.21891061081e-09, 5.38094324654e-09, 8.48343839621e-10, 1.88913351629e-09, 1.27455146437e-09, 1.56272206286e-09, 1.57292789904e-09, 4.39507735761e-10, 5.22474077891e-11, 2.00849857579e-11, 6.07878070796e-12, 6.95049269875e-12, 7.44073205827e-12, 2.72005616815e-12, 3.48468259456e-12, 1.82758734361e-12, 1.04747796808e-12, 1.61534739578e-12, 2.04263645928e-12, 7.12113636288e-13, 3.5361679405e-13, 3.59769776904e-13, 2.52464526064e-13, 3.43150068907e-13], "max": [0.0381237119436, 0.0181322060525, 0.011545419693, 0.00583921838552, 0.021873248741, 0.0191261768341, 0.0116033721715, 0.010727789253, 0.0273728482425, 0.0114794746041, 0.00878347177058, 0.0078046573326, 0.000953414069954, 0.000900212558918, 0.000827368116006, 0.000587392598391, 0.00150625826791, 0.00183338753413, 0.000609902024735, 0.00107227452099, 0.000597371603362, 0.000545246177353, 0.000759937393013, 0.000358108605724, 0.000131922424771, 5.71997043153e-05, 2.66070073849e-05, 4.29141364293e-05, 4.9250684242e-05, 3.47754685208e-05, 3.71054775314e-05, 1.38440036608e-05, 1.64673820109e-05, 1.33596622618e-05, 8.97732024896e-06, 8.07611104392e-06, 6.56616111883e-06, 4.31756825492e-06, 3.02544253827e-06, 3.99079226554e-06], "mean": [0.00311273685656, 0.0015975543065, 0.000495043292176, 0.000295256788377, 0.00123488064855, 0.00150812824722, 0.000867941707838, 0.000520363741089, 0.00102214806248, 0.000203290081117, 0.000149796105688, 0.000117995521578, 1.29421159727e-05, 1.37667921081e-05, 1.22144338093e-05, 7.37357595426e-06, 8.29143573355e-06, 2.10269117815e-05, 1.09601578515e-05, 1.12981988423e-05, 7.43360624256e-06, 6.9324364631e-06, 5.4298343457e-06, 2.67471568804e-06, 1.28577460146e-06, 1.13540227176e-06, 9.40622157941e-07, 7.84615906468e-07, 9.23657921703e-07, 6.26409985216e-07, 7.01461146946e-07, 5.90057823047e-07, 4.62980096927e-07, 4.54081117596e-07, 4.1603877321e-07, 3.27139730416e-07, 2.50249200917e-07, 2.18667992158e-07, 1.58285274665e-07, 1.53394225322e-07], "median": [0.00121491460595, 0.000742891454138, 2.61224158749e-05, 5.35911749466e-05, 0.000398515898269, 0.000820054905489, 0.00023923839035, 0.000106857762148, 6.14259624854e-05, 2.49661898124e-05, 1.2079991393e-05, 1.09972052087e-05, 3.68325754607e-06, 4.49842173111e-06, 3.75997478841e-06, 2.11262295124e-06, 1.58079706125e-06, 2.18119066631e-06, 1.76673904662e-06, 1.00461488728e-06, 7.49514583731e-07, 7.09069979621e-07, 6.60287128085e-07, 5.5181328662e-07, 2.43892287699e-07, 2.58290043575e-07, 2.93407708796e-07, 2.24089959033e-07, 1.63191003821e-07, 1.21089755112e-07, 1.27699905761e-07, 9.4419682739e-08, 6.59026113681e-08, 6.0911474975e-08, 3.58035521231e-08, 2.99177429497e-08, 1.92595024373e-08, 1.96268121755e-08, 1.41756029137e-08, 9.53428358486e-09], "min": [6.21805330158e-24, 6.49187520482e-24, 2.01769730519e-23, 6.78530819017e-24, 4.03451077062e-24, 2.28235465631e-24, 1.19434535015e-23, 1.02989814367e-23, 1.48992727149e-23, 1.32321524535e-23, 7.73087236991e-24, 4.98384373333e-24, 5.04858673111e-24, 8.19047929937e-24, 1.34702338301e-23, 7.49281623682e-24, 8.72046760993e-24, 4.17716127697e-24, 6.37932329188e-24, 7.01392875797e-24, 6.71895236626e-24, 7.03768609299e-24, 5.91271009429e-24, 9.54941527091e-24, 8.14083707146e-24, 5.90978618134e-24, 7.72767511666e-24, 7.05568710999e-24, 1.00839474203e-23, 1.23729653874e-23, 9.60501497637e-24, 1.11495983179e-23, 9.75761696304e-24, 1.13187577061e-23, 8.74483867874e-24, 1.00145000505e-23, 7.77774096287e-24, 8.453270955e-24, 9.81741025308e-24, 7.79334778702e-24], "var": [1.51729091158e-05, 4.65417815576e-06, 1.41852945035e-06, 4.8592261237e-07, 5.09874098498e-06, 3.32506647283e-06, 1.68491578734e-06, 1.26487634589e-06, 5.09613801114e-06, 5.82407665206e-07, 3.67489633391e-07, 2.86158012841e-07, 9.07919350812e-10, 8.59483428872e-10, 8.14844525188e-10, 4.09836470316e-10, 2.90107382561e-09, 8.59993143365e-09, 1.59259727628e-09, 4.22206936079e-09, 1.63881330728e-09, 1.2569791874e-09, 9.94098026119e-10, 1.67537955731e-10, 1.87912168464e-11, 9.91684165341e-12, 2.68280948672e-12, 2.57814451211e-12, 4.83626029849e-12, 2.02234886823e-12, 2.91779621298e-12, 1.17229761055e-12, 8.16081685735e-13, 9.26367923343e-13, 1.05556860995e-12, 5.51507515871e-13, 3.09974566631e-13, 2.7432594499e-13, 1.39795645763e-13, 1.88194484952e-13]}, "mfcc": {"mean": [-746.042785645, 167.498123169, 20.5424976349, 14.7870826721, -9.85593414307, -7.36683893204, -17.7449474335, -9.17276382446, -4.09277915955, 1.39090275764, 2.91593146324, 6.0246796608, 5.73713684082], "cov": [[9336.84765625, -1382.6895752, -282.547729492, 635.130187988, -88.2508239746, 188.244094849, 3.92078065872, 335.170562744, 262.984924316, 248.199142456, 42.0574264526, 19.7341651917, 16.2691459656], [-1382.6895752, 2467.32592773, -53.1262512207, 44.0084457397, 331.042663574, 212.03263855, 271.228546143, 181.202041626, 162.477111816, 41.0668029785, 49.9042854309, 80.1445007324, 141.917449951], [-282.547729492, -53.1262512207, 1064.08422852, 238.655059814, 213.532226562, 282.876586914, 275.270629883, 122.072921753, 17.847322464, 16.2760715485, 81.1690673828, 78.2481918335, 75.9452896118], [635.130187988, 44.0084457397, 238.655059814, 709.916320801, 271.58380127, 276.091430664, 277.846252441, 223.805725098, 139.168884277, 88.9569091797, 61.897354126, 86.3685150146, 100.733436584], [-88.2508239746, 331.042663574, 213.532226562, 271.58380127, 401.397125244, 232.674728394, 207.020645142, 166.15032959, 129.53338623, 103.059692383, 56.7511787415, 56.3766937256, 66.7791976929], [188.244094849, 212.03263855, 282.876586914, 276.091430664, 232.674728394, 329.422088623, 252.785324097, 153.104293823, 86.3671798706, 69.0299301147, 71.4055175781, 78.5311203003, 109.232841492], [3.92078065872, 271.228546143, 275.270629883, 277.846252441, 207.020645142, 252.785324097, 349.445953369, 232.998321533, 93.2971420288, 13.4471263885, 22.8071594238, 71.5797576904, 107.440231323], [335.170562744, 181.202041626, 122.072921753, 223.805725098, 166.15032959, 153.104293823, 232.998321533, 316.061157227, 197.478225708, 34.7275352478, -22.2117042542, 33.0850715637, 71.7558441162], [262.984924316, 162.477111816, 17.847322464, 139.168884277, 129.53338623, 86.3671798706, 93.2971420288, 197.478225708, 305.254882812, 192.426574707, 64.4427871704, 28.593662262, 26.6773605347], [248.199142456, 41.0668029785, 16.2760715485, 88.9569091797, 103.059692383, 69.0299301147, 13.4471263885, 34.7275352478, 192.426574707, 316.04208374, 194.694366455, 68.3941726685, 44.8176994324], [42.0574264526, 49.9042854309, 81.1690673828, 61.897354126, 56.7511787415, 71.4055175781, 22.8071594238, -22.2117042542, 64.4427871704, 194.694366455, 270.110290527, 106.379440308, 52.8273391724], [19.7341651917, 80.1445007324, 78.2481918335, 86.3685150146, 56.3766937256, 78.5311203003, 71.5797576904, 33.0850715637, 28.593662262, 68.3941726685, 106.379440308, 166.739318848, 106.726837158], [16.2691459656, 141.917449951, 75.9452896118, 100.733436584, 66.7791976929, 109.232841492, 107.440231323, 71.7558441162, 26.6773605347, 44.8176994324, 52.8273391724, 106.726837158, 199.151184082]], "icov": [[0.000152522829012, 7.29751118342e-05, 7.64257347328e-05, -0.000132793196826, 0.000188565027202, -0.000299947394524, 0.000317108817399, -0.000440293224528, 0.000197301444132, -0.000211522317841, 4.37480630353e-05, -1.90552709682e-05, 8.21938956506e-05], [7.29751118342e-05, 0.000589324801695, 0.00023568677716, 0.000218204964767, -0.000430122920079, -0.000105768987851, -0.000459573086118, 0.000266908726189, -0.000501443282701, 0.00040041518514, -0.000194731910597, 3.93543232349e-05, -0.00026453754981], [7.64257347328e-05, 0.00023568677716, 0.00141927064396, 7.3224924563e-05, -0.000214331885218, -0.000844627385959, -0.000760127790272, 0.000112879126391, 9.13436961127e-05, 0.000247740885243, -0.00037128731492, -7.51682309783e-05, 0.000222868708079], [-0.000132793196826, 0.000218204964767, 7.3224924563e-05, 0.00264595332555, -0.000944970583078, -0.000647421111353, -0.00111259624828, -7.19842064427e-05, -0.000266110582743, 0.000115291462862, -8.14249360701e-05, -0.000321615458233, -9.13030544325e-06], [0.000188565027202, -0.000430122920079, -0.000214331885218, -0.000944970583078, 0.00563051225618, -0.00273357075639, 0.000576246820856, -0.00173445080873, 0.000871530035511, -0.00201764772646, 0.000823388400022, -0.000251338205999, 0.00102979352232], [-0.000299947394524, -0.000105768987851, -0.000844627385959, -0.000647421111353, -0.00273357075639, 0.0104955146089, -0.00561885442585, 0.00259960745461, -0.00103971362114, 0.000375753676053, -0.000902901752852, 0.000585889851209, -0.00201574689709], [0.000317108817399, -0.000459573086118, -0.000760127790272, -0.00111259624828, 0.000576246820856, -0.00561885442585, 0.0134234558791, -0.00872928090394, 0.00376628292724, -0.000341271050274, -0.000317954982165, -0.000778444751631, 2.01058937819e-05], [-0.000440293224528, 0.000266908726189, 0.000112879126391, -7.19842064427e-05, -0.00173445080873, 0.00259960745461, -0.00872928090394, 0.016531009227, -0.0111873429269, 0.00542519055307, 0.00082833354827, 0.000466553261504, -0.00244408915751], [0.000197301444132, -0.000501443282701, 9.13436961127e-05, -0.000266110582743, 0.000871530035511, -0.00103971362114, 0.00376628292724, -0.0111873429269, 0.0149422269315, -0.00958321988583, 0.00195156061091, -0.000416433787905, 0.00257858424447], [-0.000211522317841, 0.00040041518514, 0.000247740885243, 0.000115291462862, -0.00201764772646, 0.000375753676053, -0.000341271050274, 0.00542519055307, -0.00958321988583, 0.0131750209257, -0.00653882930055, 0.00108112907037, -0.00224713375792], [4.37480630353e-05, -0.000194731910597, -0.00037128731492, -8.14249360701e-05, 0.000823388400022, -0.000902901752852, -0.000317954982165, 0.00082833354827, 0.00195156061091, -0.00653882930055, 0.00968818552792, -0.00426487438381, 0.00133595394436], [-1.90552709682e-05, 3.93543232349e-05, -7.51682309783e-05, -0.000321615458233, -0.000251338205999, 0.000585889851209, -0.000778444751631, 0.000466553261504, -0.000416433787905, 0.00108112907037, -0.00426487438381, 0.0119686191902, -0.00529065448791], [8.21938956506e-05, -0.00026453754981, 0.000222868708079, -9.13030544325e-06, 0.00102979352232, -0.00201574689709, 2.01058937819e-05, -0.00244408915751, 0.00257858424447, -0.00224713375792, 0.00133595394436, -0.00529065448791, 0.00939404498786]]}, "spectral_contrast_coeffs": {"dmean": [0.0569499433041, 0.0519914403558, 0.0412469543517, 0.0336631312966, 0.0267088599503, 0.024017220363], "dmean2": [0.0840896442533, 0.0824177265167, 0.066905066371, 0.0537034161389, 0.041869033128, 0.0379128269851], "dvar": [0.00266388338059, 0.00246578431688, 0.00150647503324, 0.000991451088339, 0.000676729425322, 0.000552331854124], "dvar2": [0.00617688568309, 0.00625228602439, 0.00365907233208, 0.00229784427211, 0.00149197306018, 0.0012859426206], "max": [-0.260824561119, -0.291904747486, -0.390136182308, -0.529678046703, -0.495871543884, -0.517587184906], "mean": [-0.62911939621, -0.619924962521, -0.760552227497, -0.797233760357, -0.813492238522, -0.776881217957], "median": [-0.646076798439, -0.617913722992, -0.779648959637, -0.807725310326, -0.823187112808, -0.779259383678], "min": [-0.966122984886, -0.958107411861, -0.977785944939, -0.978601813316, -0.995136260986, -0.966442108154], "var": [0.0132850697264, 0.00910345837474, 0.00780929066241, 0.0039168917574, 0.00272196368314, 0.00219240575098]}, "spectral_contrast_valleys": {"dmean": [0.598688900471, 0.422887384892, 0.506967782974, 0.492627769709, 0.496423155069, 0.583832502365], "dmean2": [0.823583304882, 0.675932109356, 0.806001961231, 0.758345723152, 0.717935681343, 0.844016551971], "dvar": [0.307448714972, 0.270221441984, 0.369679063559, 0.382890373468, 0.41491740942, 0.551162362099], "dvar2": [0.564897298813, 0.6184425354, 0.837241888046, 0.848324656487, 0.834582448006, 1.09295618534], "max": [-5.23391342163, -4.30938148499