{"lowlevel": {"average_loudness": 0.696322441101, "barkbands_crest": {"dmean": 1.90077400208, "dmean2": 2.79510688782, "dvar": 4.24826908112, "dvar2": 9.6323595047, "max": 25.9663410187, "mean": 10.8561258316, "median": 9.76496601105, "min": 2.3286113739, "var": 28.4307136536}, "barkbands_flatness_db": {"dmean": 0.0167664438486, "dmean2": 0.0225116163492, "dvar": 0.000448319624411, "dvar2": 0.000720281561371, "max": 0.573034346104, "mean": 0.130806446075, "median": 0.106094770133, "min": 0.015839247033, "var": 0.00698694912717}, "barkbands_kurtosis": {"dmean": 3.26434516907, "dmean2": 4.55781364441, "dvar": 95.4991226196, "dvar2": 182.767745972, "max": 293.020874023, "mean": 7.26173973083, "median": 1.15738964081, "min": -1.88901245594, "var": 470.316162109}, "barkbands_skewness": {"dmean": 0.444480776787, "dmean2": 0.615977466106, "dvar": 0.356016725302, "dvar2": 0.673618853092, "max": 13.6281452179, "mean": 1.67722964287, "median": 1.31796371937, "min": -3.35007739067, "var": 3.14810538292}, "barkbands_spread": {"dmean": 5.97015762329, "dmean2": 8.63431072235, "dvar": 63.8826675415, "dvar2": 123.537872314, "max": 112.302185059, "mean": 30.4734897614, "median": 29.5188941956, "min": 0.283431053162, "var": 321.695098877}, "dissonance": {"dmean": 0.0158723704517, "dmean2": 0.0255867335945, "dvar": 0.00036731394357, "dvar2": 0.000908713846002, "max": 0.499990403652, "mean": 0.463551402092, "median": 0.47356364131, "min": 0.180989325047, "var": 0.00112698355224}, "dynamic_complexity": 5.4321513176, "erbbands_crest": {"dmean": 2.16575217247, "dmean2": 3.38327217102, "dvar": 5.23505878448, "dvar2": 11.7545394897, "max": 29.6693134308, "mean": 8.02801990509, "median": 6.82695579529, "min": 1.97009372711, "var": 21.4609050751}, "erbbands_flatness_db": {"dmean": 0.0135290343314, "dmean2": 0.0191965345293, "dvar": 0.000261883542407, "dvar2": 0.000475712004118, "max": 0.429159730673, "mean": 0.131091862917, "median": 0.120401211083, "min": 0.0265422631055, "var": 0.00271219923161}, "erbbands_kurtosis": {"dmean": 1.00520443916, "dmean2": 1.45118391514, "dvar": 4.65011072159, "dvar2": 8.76232147217, "max": 56.1834716797, "mean": 0.457754313946, "median": -0.513046503067, "min": -1.86089217663, "var": 11.7606887817}, "erbbands_skewness": {"dmean": 0.369812995195, "dmean2": 0.51239669323, "dvar": 0.185378760099, "dvar2": 0.348480463028, "max": 6.12715530396, "mean": 0.159425526857, "median": 0.0686389356852, "min": -5.77781486511, "var": 0.931390821934}, "erbbands_spread": {"dmean": 9.38896179199, "dmean2": 13.7434091568, "dvar": 129.003509521, "dvar2": 283.161224365, "max": 159.515945435, "mean": 48.9962539673, "median": 48.0616149902, "min": 3.34345841408, "var": 386.387786865}, "hfc": {"dmean": 5.63397932053, "dmean2": 8.10212802887, "dvar": 159.707000732, "dvar2": 294.456573486, "max": 241.271270752, "mean": 21.7966899872, "median": 15.2955703735, "min": 1.18522554217e-16, "var": 575.32019043}, "melbands_crest": {"dmean": 2.42626452446, "dmean2": 3.5306968689, "dvar": 7.0458855629, "dvar2": 14.4689712524, "max": 38.8894004822, "mean": 16.9588947296, "median": 14.779001236, "min": 2.36706995964, "var": 70.2779541016}, "melbands_flatness_db": {"dmean": 0.0204564481974, "dmean2": 0.026506010443, "dvar": 0.000660248391796, "dvar2": 0.00103609473445, "max": 0.708743810654, "mean": 0.183914780617, "median": 0.159026056528, "min": 0.00923339836299, "var": 0.00837492197752}, "melbands_kurtosis": {"dmean": 9.84218120575, "dmean2": 14.4035072327, "dvar": 1353.76306152, "dvar2": 2802.54736328, "max": 1377.6472168, "mean": 23.9512233734, "median": 8.41901397705, "min": -1.89484643936, "var": 5169.85693359}, "melbands_skewness": {"dmean": 0.652759969234, "dmean2": 0.926053583622, "dvar": 0.915586650372, "dvar2": 1.84142196178, "max": 26.7491798401, "mean": 3.14174389839, "median": 2.56250190735, "min": -1.37549161911, "var": 6.49337339401}, "melbands_spread": {"dmean": 7.90473461151, "dmean2": 10.9817638397, "dvar": 208.391448975, "dvar2": 334.244049072, "max": 297.508331299, "mean": 33.211139679, "median": 24.6725254059, "min": 0.0975400209427, "var": 1039.96337891}, "pitch_salience": {"dmean": 0.0532958880067, "dmean2": 0.079087741673, "dvar": 0.00276856007986, "dvar2": 0.00600487273186, "max": 0.932123243809, "mean": 0.521378755569, "median": 0.545836448669, "min": 0.044691901654, "var": 0.0271312985569}, "silence_rate_20dB": {"dmean": 0, "dmean2": 0, "dvar": 0, "dvar2": 0, "max": 1, "mean": 1, "median": 1, "min": 1, "var": 0}, "silence_rate_30dB": {"dmean": 0.0240466352552, "dmean2": 0.0480991117656, "dvar": 0.0234695859253, "dvar2": 0.0506480634212, "max": 1, "mean": 0.905160903931, "median": 1, "min": 0, "var": 0.0858431681991}, "silence_rate_60dB": {"dmean": 0.0335195548832, "dmean2": 0.0670472458005, "dvar": 0.0323983840644, "dvar2": 0.068872615695, "max": 1, "mean": 0.235336974263, "median": 0, "min": 0, "var": 0.179955080152}, "spectral_centroid": {"dmean": 270.948913574, "dmean2": 387.958953857, "dvar": 123913.726562, "dvar2": 214039.328125, "max": 11669.0546875, "mean": 1799.60437012, "median": 1739.1887207, "min": 138.828201294, "var": 804514.625}, "spectral_complexity": {"dmean": 3.12144756317, "dmean2": 4.76278400421, "dvar": 15.4649906158, "dvar2": 31.6798286438, "max": 55, "mean": 17.9596843719, "median": 16, "min": 0, "var": 159.090545654}, "spectral_decrease": {"dmean": 1.47988554744e-09, "dmean2": 2.18355533654e-09, "dvar": 1.18343249585e-17, "dvar2": 2.25897483178e-17, "max": 1.01738513204e-28, "mean": -7.28392102189e-09, "median": -3.08229020085e-09, "min": -7.64271632647e-08, "var": 1.08661767222e-16}, "spectral_energy": {"dmean": 0.00590521888807, "dmean2": 0.00867510959506, "dvar": 0.000177027890459, "dvar2": 0.000338827318046, "max": 0.295847296715, "mean": 0.0294682569802, "median": 0.0135619919747, "min": 1.03663607225e-20, "var": 0.00162914232351}, "spectral_energyband_high": {"dmean": 0.000549648015294, "dmean2": 0.000786899414379, "dvar": 1.83396389275e-06, "dvar2": 3.17930789606e-06, "max": 0.0252342633903, "mean": 0.00152563280426, "median": 0.00106510135811, "min": 7.63622606912e-21, "var": 4.77817366118e-06}, "spectral_energyband_low": {"dmean": 0.00328566273674, "dmean2": 0.00466066831723, "dvar": 0.000124339974718, "dvar2": 0.000229618628509, "max": 0.23298573494, "mean": 0.0164210181683, "median": 0.0014763304498, "min": 9.46517660138e-23, "var": 0.00108458660543}, "spectral_energyband_middle_high": {"dmean": 0.000821269291919, "dmean2": 0.00121602474246, "dvar": 1.60328465881e-06, "dvar2": 3.48576895703e-06, "max": 0.0275245606899, "mean": 0.00317666796036, "median": 0.0019508136902, "min": 1.49504383594e-21, "var": 1.29868831209e-05}, "spectral_energyband_middle_low": {"dmean": 0.0033931764774, "dmean2": 0.00542353559285, "dvar": 5.79155130254e-05, "dvar2": 0.000152534659719, "max": 0.127982512116, "mean": 0.00862442236394, "median": 0.00513317016885, "min": 2.26604422345e-22, "var": 0.000136565475259}, "spectral_entropy": {"dmean": 0.163673490286, "dmean2": 0.226310119033, "dvar": 0.0443407967687, "dvar2": 0.0813734829426, "max": 9.80950450897, "mean": 7.67286109924, "median": 7.83354854584, "min": 4.41777086258, "var": 0.354825675488}, "spectral_flux": {"dmean": 0.0170964933932, "dmean2": 0.0259721707553, "dvar": 0.000796420208644, "dvar2": 0.00161678576842, "max": 0.447079211473, "mean": 0.0589522309601, "median": 0.0467699542642, "min": 1.01815327003e-10, "var": 0.00279253628105}, "spectral_kurtosis": {"dmean": 1.28335642815, "dmean2": 1.97817623615, "dvar": 19.4675350189, "dvar2": 32.4365577698, "max": 310.169067383, "mean": 3.52428555489, "median": 2.47491264343, "min": -1.27996313572, "var": 44.9392929077}, "spectral_rms": {"dmean": 0.000472082349006, "dmean2": 0.000667096290272, "dvar": 7.11304494416e-07, "dvar2": 1.2805944607e-06, "max": 0.0169891584665, "mean": 0.00428901799023, "median": 0.00363747333176, "min": 3.18017660816e-12, "var": 1.03534630398e-05}, "spectral_rolloff": {"dmean": 656.035949707, "dmean2": 1010.36810303, "dvar": 1381533, "dvar2": 2461058.75, "max": 18992.2851562, "mean": 2407.90869141, "median": 1550.390625, "min": 21.533203125, "var": 6917856.5}, "spectral_skewness": {"dmean": 0.203354030848, "dmean2": 0.301917761564, "dvar": 0.124350622296, "dvar2": 0.235303848982, "max": 13.8648233414, "mean": 1.36544001102, "median": 1.25612390041, "min": -0.243883818388, "var": 0.355547130108}, "spectral_spread": {"dmean": 628363.5, "dmean2": 895343, "dvar": 726240395264, "dvar2": 1190213582850.0, "max": 40533724, "mean": 5830352, "median": 5676231, "min": 370167.9375, "var": 3077381029890.0}, "spectral_strongpeak": {"dmean": 0.301315099001, "dmean2": 0.506591320038, "dvar": 0.48744058609, "dvar2": 1.26367866993, "max": 12.5019378662, "mean": 0.707790970802, "median": 0.433161050081, "min": 0, "var": 0.942378640175}, "zerocrossingrate": {"dmean": 0.0121203335002, "dmean2": 0.0128724053502, "dvar": 0.000353578099748, "dvar2": 0.000305109162582, "max": 0.50341796875, "mean": 0.0641446784139, "median": 0.05615234375, "min": 0, "var": 0.00266297510825}, "barkbands": {"dmean": [0.000811793084722, 0.00280638644472, 0.00109186733607, 0.000922524719499, 0.00125594611745, 0.000633199058939, 0.000630876049399, 0.000763862277381, 0.000856274098624, 0.000122721743537, 0.000113649119157, 0.000197000903427, 0.000192821273231, 0.000204322190257, 0.000191441795323, 0.000129717838718, 0.000140414616908, 0.000104914848635, 0.000135471535032, 0.000143019526149, 0.000132106622914, 0.000152509848704, 8.37700426928e-05, 0.000136377741001, 0.000114581300295, 4.97788641951e-05, 1.16500914373e-05], "dmean2": [0.00096752657555, 0.00388456205837, 0.00187161262147, 0.00161535397638, 0.00203076680191, 0.000999042997137, 0.000935665040743, 0.0011771870777, 0.00128209602553, 0.000189394952031, 0.000181302209967, 0.000318540405715, 0.000307811598759, 0.000324606749928, 0.000306812551571, 0.00020316663722, 0.000220453133807, 0.000165425939485, 0.00020975669031, 0.000217235487071, 0.000201666378416, 0.000230753008509, 0.000130560380057, 0.000200601643883, 0.000167188598425, 7.17499715392e-05, 1.83385745913e-05], "dvar": [9.63696766121e-06, 0.000106474792119, 2.71465269179e-05, 1.33114463097e-05, 2.003944428e-05, 1.66326560702e-06, 1.7460907884e-06, 5.40180963071e-06, 7.38472090234e-06, 9.19518257092e-08, 3.91616943318e-08, 1.76358298631e-07, 2.63678231249e-07, 2.37974262518e-07, 3.33030754973e-07, 8.26946688903e-08, 9.74722951241e-08, 3.32683640636e-08, 8.04562674261e-08, 8.02000670319e-08, 6.69461783787e-08, 1.11720922291e-07, 2.73079621138e-08, 1.70993985193e-07, 2.05783848628e-07, 2.22602096756e-08, 1.98874006152e-09], "dvar2": [1.62894521054e-05, 0.000201643677428, 7.84611838753e-05, 4.01146862714e-05, 5.28455129825e-05, 3.82397684007e-06, 3.74283285964e-06, 1.30054795591e-05, 1.56832393259e-05, 2.33572166053e-07, 1.03491970549e-07, 4.65333556576e-07, 6.46095827506e-07, 5.91564742081e-07, 8.09040614058e-07, 1.76623501602e-07, 2.1465989164e-07, 7.78479360974e-08, 1.73060712427e-07, 1.60636844271e-07, 1.42695469663e-07, 2.23882324235e-07, 5.75315652895e-08, 3.16596299399e-07, 4.08004751762e-07, 4.92288272369e-08, 4.51925519229e-09], "max": [0.0554206743836, 0.202761888504, 0.100578144193, 0.0538162514567, 0.0738901272416, 0.0353671684861, 0.0332724899054, 0.0572337657213, 0.0718596950173, 0.0107387648895, 0.00376521097496, 0.00835923478007, 0.0120090600103, 0.0107283145189, 0.0160463824868, 0.00939913373441, 0.0102376583964, 0.00522644491866, 0.0107299955562, 0.00789171271026, 0.00715302722529, 0.0078458795324, 0.00274688471109, 0.00908489804715, 0.0107385311276, 0.004898192361, 0.00182650133502], "mean": [0.00308596738614, 0.0111726270989, 0.00191118917428, 0.000993250869215, 0.0018465060275, 0.00110607931856, 0.00115414639004, 0.00140599708539, 0.00207229657099, 0.000210747442907, 0.000212118960917, 0.000369451619918, 0.000369807996321, 0.000382930214982, 0.000402584759286, 0.000253671460086, 0.000305489345919, 0.000228485558182, 0.000284867943265, 0.000307764130412, 0.000316127581755, 0.000349889305653, 0.000181539071491, 0.000243299509748, 0.00018793126219, 9.5994095318e-05, 1.74405649886e-05], "median": [4.26283950219e-05, 0.000766447163187, 0.000365226733265, 0.000265726819634, 0.000702760589775, 0.000499595422298, 0.0004894938902, 0.000240754437982, 0.000236977575696, 8.51055883686e-05, 8.78651408129e-05, 0.0001216816745, 0.000120743970911, 0.000139408191899, 0.000113402900752, 0.000119959775475, 0.00013156903151, 0.000151763539179, 0.000171089821379, 0.000201266491786, 0.000226231539273, 0.000207359393244, 0.000139518175274, 0.000126272207126, 8.73191020219e-05, 5.7855497289e-05, 8.15200746729e-06], "min": [9.02875129625e-24, 2.43786402929e-23, 2.52765580628e-23, 4.67909185617e-23, 3.36856070532e-23, 1.32145214123e-23, 5.0804906327e-24, 2.59669565053e-23, 9.07965270393e-23, 4.05241507327e-23, 1.07998213368e-22, 6.73324337042e-23, 9.84091231271e-23, 2.0952823432e-22, 1.16065811805e-22, 1.70695111067e-22, 1.11383688829e-22, 2.49959198491e-22, 2.13895330426e-22, 1.89099299095e-22, 3.74011879862e-22, 5.36340597226e-22, 5.76458654986e-22, 7.20516773183e-22, 1.14228513104e-21, 2.02227221881e-21, 2.43798621437e-21], "var": [7.58637979743e-05, 0.000571517972276, 2.356173718e-05, 8.54758400237e-06, 1.83012398338e-05, 3.82688358513e-06, 4.17714818468e-06, 1.30819225888e-05, 4.10893590015e-05, 1.53608397113e-07, 9.1139355618e-08, 4.80860649077e-07, 7.1272910418e-07, 5.31935256731e-07, 1.07273069716e-06, 2.27383878837e-07, 3.52067104359e-07, 8.61139639596e-08, 2.19056943251e-07, 2.13758355017e-07, 1.67434563991e-07, 2.75670146266e-07, 5.41246656383e-08, 3.51648992591e-07, 3.15806715889e-07, 3.08866141552e-08, 2.18705986654e-09]}, "erbbands": {"dmean": [0.13049043715, 0.573637485504, 1.17367041111, 2.18100118637, 3.6469066143, 4.76287174225, 4.71418571472, 5.14703321457, 6.86461353302, 11.7621259689, 20.196969986, 17.6187725067, 4.39367008209, 4.13183355331, 4.24315786362, 7.20374393463, 8.70289611816, 8.38077640533, 8.55424499512, 8.3736333847, 7.31496095657, 8.56652927399, 6.00044822693, 5.49459552765, 7.27896308899, 6.6424369812, 5.71881151199, 5.21179580688, 5.64732646942, 3.68456697464, 2.40502381325, 2.94536042213, 2.13332176208, 1.63841331005, 0.63389480114, 0.278405249119, 0.0861475691199, 0.0187448281795, 0.00177329371218, 0.000100633405964], "dmean2": [0.164197400212, 0.784061729908, 1.88189971447, 3.8583586216, 6.13429784775, 7.68517303467, 7.4708738327, 8.08059978485, 9.94513988495, 17.7786312103, 31.1050796509, 26.9196414948, 6.62280273438, 6.56198501587, 6.58410739899, 11.5382118225, 13.7893037796, 13.3663797379, 13.4233026505, 13.0626754761, 11.5126180649, 13.3978586197, 9.39011669159, 8.65662670135, 11.0731744766, 10.1797208786, 8.87533378601, 7.8334479332, 8.57597255707, 5.64707136154, 3.74463295937, 4.42988538742, 3.14468193054, 2.40692901611, 0.950249373913, 0.416837275028, 0.127738803625, 0.0290134809911, 0.00277730589733, 0.000158633236424], "dvar": [0.206151634455, 6.02491188049, 26.754655838, 96.2376098633, 125.965736389, 405.108673096, 94.5011062622, 158.367584229, 210.652526855, 1220.52807617, 2839.03076172, 3475.47265625, 160.029418945, 58.3415107727, 61.9287147522, 218.133682251, 559.767150879, 400.11730957, 568.155273438, 480.435546875, 232.245056152, 403.533843994, 105.0104599, 131.148452759, 228.138305664, 178.666488647, 129.301147461, 115.195594788, 155.180618286, 66.0561065674, 22.0268878937, 71.4963378906, 48.6831283569, 51.1707572937, 3.99489545822, 0.779555559158, 0.0448910519481, 0.00433152867481, 3.41287523042e-05, 7.77791910878e-08], "dvar2": [0.321021258831, 12.0432395935, 71.4941101074, 286.698425293, 359.753448486, 1062.42687988, 234.920227051, 361.496765137, 452.653656006, 2667.80639648, 6737.46972656, 7980.17041016, 374.465942383, 149.324981689, 154.503738403, 576.502258301, 1370.7064209, 1003.19396973, 1351.82824707, 1138.09399414, 518.372253418, 881.129089355, 245.182250977, 311.518859863, 466.215026855, 370.873626709, 299.992950439, 226.018585205, 314.815551758, 145.200637817, 45.8354225159, 136.958557129, 93.0135192871, 105.642601013, 7.71970748901, 1.72332847118, 0.0939212590456, 0.00984871666878, 7.59948088671e-05, 1.94030647549e-07], "max": [6.98323488235, 52.9423217773, 97.3034973145, 142.767883301, 174.914871216, 300.87802124, 160.355957031, 411.146087646, 334.790527344, 1397.94641113, 1224.23974609, 1724.0645752, 407.280426025, 202.308319092, 158.075424194, 314.021606445, 603.367919922, 414.002227783, 750.227294922, 862.172851562, 465.225585938, 721.673461914, 294.671020508, 389.170562744, 575.169555664, 380.857147217, 249.642166138, 231.682128906, 280.116729736, 153.493789673, 83.1878738403, 209.3671875, 167.049423218, 183.86227417, 60.4866485596, 29.1503067017, 6.09612178802, 2.36598849297, 0.230372697115, 0.00676421262324], "mean": [0.564223945141, 1.50984799862, 2.62702012062, 2.59138655663, 4.77994394302, 6.36990880966, 8.25792217255, 8.71950435638, 13.2832918167, 21.3251342773, 45.422290802, 42.6925964355, 9.50207424164, 8.35073852539, 8.92673683167, 14.956413269, 18.0295372009, 17.4872455597, 17.5404949188, 20.0579738617, 15.7879934311, 19.2669582367, 14.107509613, 12.108669281, 15.8362770081, 14.4296760559, 12.6988363266, 12.4188404083, 12.9114217758, 8.09630870819, 5.06769704819, 5.26500558853, 3.63632321358, 2.56873202324, 1.06727206707, 0.502025365829, 0.155553147197, 0.0285491850227, 0.00280836899765, 0.000184889824595], "median": [0.00902716163546, 0.196729615331, 0.558556497097, 0.94152122736, 1.89063477516, 1.92015683651, 3.25021958351, 4.01777982712, 6.0089673996, 8.73269939423, 7.40416431427, 5.66001415253, 3.98480534554, 3.80859541893, 3.45155191422, 5.00333738327, 6.11579084396, 6.45343923569, 6.43878936768, 6.95944547653, 7.6343164444, 8.34457874298, 9.25338172913, 8.27476024628, 9.16308784485, 9.54797554016, 9.06851577759, 8.36184310913, 7.40537309647, 5.68680143356, 3.88064479828, 2.9144256115, 1.76051068306, 1.06493580341, 0.569494009018, 0.293602615595, 0.0892203822732, 0.0142264980823, 0.00141729216557, 0.000115582290164], "min": [1.31482721161e-21, 3.12266961834e-21, 1.60345859816e-20, 1.37054754363e-19, 1.23215389405e-19, 1.07295632894e-19, 7.19072307019e-20, 1.32643826671e-19, 7.66520097813e-20, 2.11376454187e-19, 1.28460549424e-18, 1.86581712741e-18, 1.00225008048e-18, 2.68510850487e-18, 3.43667281531e-18, 3.4684723264e-18, 5.33228953788e-18, 9.37708734157e-18, 9.57022243407e-18, 5.48505656213e-18, 8.69147290059e-18, 7.58881053837e-18, 1.33400385188e-17, 1.4016673087e-17, 8.28416172234e-18, 8.99695979979e-18, 1.52906255289e-17, 1.38926919481e-17, 1.75057870852e-17, 1.93532288089e-17, 1.46537609774e-17, 1.6349315797e-17, 1.17242933934e-17, 9.17263310956e-18, 1.04365477147e-17, 6.85172437019e-18, 3.83984974486e-18, 1.39238712805e-18, 3.09865295432e-19, 3.75949387879e-20], "var": [2.01943159103, 11.7050266266, 32.0623435974, 60.614276886, 105.18712616, 340.898742676, 185.09942627, 353.804138184, 510.211425781, 2274.23779297, 11463.9511719, 18682.0078125, 342.901641846, 137.759185791, 168.788909912, 710.565673828, 1567.78039551, 1057.07458496, 1298.51159668, 2486.43725586, 713.780151367, 1490.12573242, 322.313415527, 271.95401001, 829.30267334, 446.348480225, 272.460754395, 302.780853271, 390.514831543, 120.965248108, 44.2893333435, 140.877700806, 93.8704452515, 76.1640548706, 6.36535453796, 1.03078711033, 0.0720122531056, 0.00496177235618, 4.14301575802e-05, 9.0282263443e-08]}, "gfcc": {"mean": [-55.6103515625, 44.8640785217, -102.024246216, 28.78216362, -62.0531349182, 5.88568925858, -39.2867202759, 7.87249994278, -19.6410923004, 9.35915184021, -14.0066680908, 0.984130084515, -12.6526679993], "cov": [[49865.703125, 2114.26611328, -353.327362061, 1905.14025879, -334.89944458, 1222.82897949, 245.504486084, 693.441101074, 188.163223267, 667.704589844, -521.61907959, -0.74303072691, -867.354980469], [2114.26611328, 3262.38012695, 576.429321289, 565.296813965, 417.343902588, 263.753601074, 235.113555908, 116.315414429, -42.2969970703, -389.981262207, -111.751014709, -270.621398926, -33.2889671326], [-353.327362061, 576.429321289, 1259.625, 471.904846191, 296.673583984, 321.80480957, 318.618804932, 94.2362136841, 70.6725158691, -38.8545379639, 16.6414222717, -81.7434921265, -14.3644609451], [1905.14025879, 565.296813965, 471.904846191, 685.875732422, 240.537109375, 155.82258606, 149.993759155, 64.6068115234, -1.60491549969, -62.5673141479, -38.6245040894, -89.5819778442, 1.08633303642], [-334.89944458, 417.343902588, 296.673583984, 240.537109375, 405.038604736, 169.901901245, 155.35723877, 89.5163955688, 82.6331329346, -25.5676841736, -1.40990626812, -32.9032249451, 14.1487855911], [1222.82897949, 263.753601074, 321.80480957, 155.82258606, 169.901901245, 352.240020752, 241.013031006, 103.516601562, 99.8015365601, 33.6621551514, -9.38047218323, -22.4921588898, -28.5646057129], [245.504486084, 235.113555908, 318.618804932, 149.993759155, 155.35723877, 241.013031006, 393.958526611, 118.156394958, 119.440292358, 26.3771743774, 47.5710296631, 15.6746673584, -27.2442684174], [693.441101074, 116.315414429, 94.2362136841, 64.6068115234, 89.5163955688, 103.516601562, 118.156394958, 173.308898926, 98.0164489746, 42.2227554321, 21.7729644775, 14.2703084946, -14.952296257], [188.163223267, -42.2969970703, 70.6725158691, -1.60491549969, 82.6331329346, 99.8015365601, 119.440292358, 98.0164489746, 249.995605469, 96.7649154663, 76.9458694458, 41.7234268188, 1.62712538242], [667.704589844, -389.981262207, -38.8545379639, -62.5673141479, -25.5676841736, 33.6621551514, 26.3771743774, 42.2227554321, 96.7649154663, 171.760055542, 61.4863929749, 58.0395278931, -4.97682476044], [-521.61907959, -111.751014709, 16.6414222717, -38.6245040894, -1.40990626812, -9.38047218323, 47.5710296631, 21.7729644775, 76.9458694458, 61.4863929749, 160.491317749, 69.1163330078, 33.4214668274], [-0.74303072691, -270.621398926, -81.7434921265, -89.5819778442, -32.9032249451, -22.4921588898, 15.6746673584, 14.2703084946, 41.7234268188, 58.0395278931, 69.1163330078, 128.567520142, 24.353269577], [-867.354980469, -33.2889671326, -14.3644609451, 1.08633303642, 14.1487855911, -28.5646057129, -27.2442684174, -14.952296257, 1.62712538242, -4.97682476044, 33.4214668274, 24.353269577, 120.716209412]], "icov": [[5.36002444278e-05, -7.96684034867e-05, 9.81987031992e-05, -0.000251627730904, 0.000204198295251, -0.0002438830561, 0.000148565959535, -8.88593131094e-05, 4.12673871324e-05, -0.000364781561075, 0.000181261959369, -0.000283708999632, 0.000309438328259], [-7.96684034867e-05, 0.000718653725926, -0.000121613913507, 0.000221121954382, -0.0004872904683, 0.000112768277177, -0.000229156707064, -0.0002413734328, -0.000202206283575, 0.0019461173797, -0.000658453733195, 0.00114696624223, -0.000354654970579], [9.81987031992e-05, -0.000121613913507, 0.00155705632642, -0.00105458172038, 0.000143638928421, -0.00113259139471, -0.000175264125573, 5.03085684613e-05, 0.00015968066873, -0.000420858472353, -0.000244532740908, 1.1165550859e-05, 0.000594584096689], [-0.000251627730904, 0.000221121954382, -0.00105458172038, 0.00358909298666, -0.00173287012149, 0.0012879044516, -0.000946545042098, 8.35895189084e-05, 0.000312612188281, 0.00143955624662, -0.000586315174587, 0.0020877874922, -0.00180391559843], [0.000204198295251, -0.0004872904683, 0.000143638928421, -0.00173287012149, 0.00490423105657, -0.00177599629387, 0.000419556105044, -0.00104530376848, -0.000815915234853, -0.000724322744645, 0.000930119713303, -0.0010925619863, 0.000279683212284], [-0.0002438830561, 0.000112768277177, -0.00113259139471, 0.0012879044516, -0.00177599629387, 0.00761973811314, -0.00348119810224, -0.000138903109473, -0.000692110974342, -0.000455277506262, 0.00122540211305, 0.00176118081436, -0.00136327126529], [0.000148565959535, -0.000229156707064, -0.000175264125573, -0.000946545042098, 0.000419556105044, -0.00348119810224, 0.00598424347118, -0.00145942310337, -0.000560152344406, 0.000113138688903, -0.000968366977759, -0.00204580114223, 0.0019818530418], [-8.88593131094e-05, -0.0002413734328, 5.03085684613e-05, 8.35895189084e-05, -0.00104530376848, -0.000138903109473, -0.00145942310337, 0.00934900250286, -0.00215342012234, -0.00106140458956, 0.000369280751329, -0.000633907853626, 0.00022939502378], [4.12673871324e-05, -0.000202206283575, 0.00015968066873, 0.000312612188281, -0.000815915234853, -0.000692110974342, -0.000560152344406, -0.00215342012234, 0.00740715488791, -0.00334567320533, -0.00178976240568, -7.28273807908e-05, 6.80774173816e-05], [-0.000364781561075, 0.0019461173797, -0.000420858472353, 0.00143955624662, -0.000724322744645, -0.000455277506262, 0.000113138688903, -0.00106140458956, -0.00334567320533, 0.0151909431443, -0.00391474366188, 0.00114369066432, -0.0007516334299], [0.000181261959369, -0.000658453733195, -0.000244532740908, -0.000586315174587, 0.000930119713303, 0.00122540211305, -0.000968366977759, 0.000369280751329, -0.00178976240568, -0.00391474366188, 0.0112790921703, -0.00491450447589, -0.00116342795081], [-0.000283708999632, 0.00114696624223, 1.1165550859e-05, 0.0020877874922, -0.0010925619863, 0.00176118081436, -0.00204580114223, -0.000633907853626, -7.28273807908e-05, 0.00114369066432, -0.00491450447589, 0.0147764906287, -0.00330731971189], [0.000309438328259, -0.000354654970579, 0.000594584096689, -0.00180391559843, 0.000279683212284, -0.00136327126529, 0.0019818530418, 0.00022939502378, 6.80774173816e-05, -0.0007516334299, -0.00116342795081, -0.00330731971189, 0.0115741621703]]}, "melbands": {"dmean": [0.000864845816977, 0.0005917242961, 0.000411421846366, 0.000311037758365, 0.000163762379088, 0.000117183924885, 0.00010995973571, 0.000137438997626, 0.000186355202459, 9.88942119875e-05, 2.16809730773e-05, 1.72180079971e-05, 1.41164900924e-05, 1.9040029656e-05, 2.58691125055e-05, 1.72977070179e-05, 1.75041477632e-05, 1.55732850544e-05, 1.71687843249e-05, 8.8478818725e-06, 8.88963404577e-06, 1.00329480119e-05, 6.85676104695e-06, 4.65231505586e-06, 4.77226876683e-06, 5.51649827685e-06, 5.86960231885e-06, 4.4875328058e-06, 4.09071571994e-06, 3.15614852298e-06, 3.17404646921e-06, 3.58677289114e-06, 3.00265378428e-06, 1.86076977116e-06, 1.36788867167e-06, 1.5792134036e-06, 1.98606880986e-06, 1.55615418862e-06, 1.53556629812e-06, 1.39647625019e-06], "dmean2": [0.00111446122173, 0.00086724490393, 0.000721852644347, 0.00050637696404, 0.000258785148617, 0.000184041433386, 0.000159832765348, 0.000205886157346, 0.00028814873076, 0.000149921295815, 3.29334943672e-05, 2.71946573775e-05, 2.21923710342e-05, 3.01799645968e-05, 4.21478107455e-05, 2.74166504823e-05, 2.79433243122e-05, 2.45308347075e-05, 2.70737618848e-05, 1.36965500133e-05, 1.42219632835e-05, 1.60083673109e-05, 1.07580744952e-05, 7.46507748772e-06, 7.63818934502e-06, 8.40917800815e-06, 9.02942156245e-06, 7.02611032466e-06, 6.44848660158e-06, 4.8402343964e-06, 4.86395629196e-06, 5.50379263586e-06, 4.6408167691e-06, 2.90009393211e-06, 2.16668968278e-06, 2.46203944698e-06, 2.96053326565e-06, 2.35076049648e-06, 2.27314990298e-06, 2.08782807931e-06], "dvar": [9.10693506739e-06, 6.18002059127e-06, 2.80520953311e-06, 1.36885341817e-06, 1.30858865077e-07, 6.96124971e-08, 4.87878359934e-08, 1.71780271785e-07, 2.57134871617e-07, 1.0470596834e-07, 4.10005496221e-09, 1.08334896609e-09, 5.76661995932e-10, 1.91658622306e-09, 3.9931049578e-09, 1.71438863106e-09, 1.99586258631e-09, 1.90520732524e-09, 3.14918024991e-09, 4.5573575469e-10, 3.28247123926e-10, 6.16778184082e-10, 1.77576883753e-10, 5.4128927035e-11, 1.12653032736e-10, 1.31955266158e-10, 1.4305834295e-10, 9.5021351898e-11, 6.40029487742e-11, 4.97341404171e-11, 4.93649600364e-11, 6.41550770841e-11, 4.39377909056e-11, 1.64804975222e-11, 6.79091635356e-12, 1.13769497295e-11, 4.00552334356e-11, 2.3602692717e-11, 3.79984967103e-11, 3.98402699719e-11], "dvar2": [1.44056875797e-05, 1.38007053465e-05, 8.34551156004e-06, 3.61257593795e-06, 3.31716080382e-07, 1.6038012518e-07, 1.05324176047e-07, 3.89629150277e-07, 5.95266669734e-07, 2.38487842807e-07, 9.70366276221e-09, 2.7128350677e-09, 1.47009671103e-09, 4.82107420652e-09, 1.05643946924e-08, 4.16154755101e-09, 4.97397989463e-09, 4.51512960353e-09, 7.32778548951e-09, 8.68509486551e-10, 7.62459262393e-10, 1.4069756471e-09, 3.93198695825e-10, 1.30063029791e-10, 2.76773770569e-10, 2.69493899419e-10, 2.84538392847e-10, 2.06673275716e-10, 1.52433468625e-10, 1.12626477589e-10, 9.77831079996e-11, 1.33758504273e-10, 9.61834917268e-11, 3.82927786702e-11, 1.49093914298e-11, 2.24017002864e-11, 7.82859610471e-11, 4.68274169441e-11, 7.6679169958e-11, 8.5003795669e-11], "max": [0.0482177622616, 0.0570873841643, 0.0228560362011, 0.0191721692681, 0.0049229869619, 0.00825123582035, 0.00455833505839, 0.015064551495, 0.00992368347943, 0.0092352880165, 0.00199494091794, 0.00106692686677, 0.000361470127245, 0.00126028223895, 0.00135500065517, 0.000920474820305, 0.000950504501816, 0.0013828354422, 0.00170005345717, 0.000827153387945, 0.000495349348057, 0.000763981137425, 0.000363675091648, 0.000122315977933, 0.000368687411537, 0.00048797231284, 0.000511130434461, 0.000268403877271, 0.000174850647454, 0.000287627161015, 0.000169247257872, 0.000195303757209, 0.000172389278305, 7.13207846275e-05, 4.0139992052e-05, 9.80201803031e-05, 0.00016352221428, 0.00013314714306, 0.00012909801444, 0.000182382180355], "mean": [0.0039940928109, 0.00158352905419, 0.00052053615218, 0.000420606229454, 0.000282382767182, 0.000204928452149, 0.000211197504541, 0.000243915375904, 0.000436474132584, 0.000235470753978, 4.11654618802e-05, 3.34234537149e-05, 2.8517055398e-05, 3.45652078977e-05, 4.96195498272e-05, 3.21178631566e-05, 3.38025784004e-05, 2.71034077741e-05, 3.45336629834e-05, 1.87564801308e-05, 1.72517229657e-05, 2.10769048863e-05, 1.44656487464e-05, 1.00784809547e-05, 9.52816571953e-06, 1.14557233246e-05, 1.18558828035e-05, 8.8492379291e-06, 8.23072059575e-06, 7.0721512202e-06, 7.07578919901e-06, 7.72026669438e-06, 6.20562286713e-06, 3.81389395443e-06, 2.78338029602e-06, 2.95673817163e-06, 3.30059333464e-06, 2.56495945905e-06, 2.40794588535e-06, 2.09573954635e-06], "median": [0.000155190064106, 0.000260426488239, 0.000228451041039, 0.000149941304699, 0.000112960908154, 9.6304967883e-05, 9.4290197012e-05, 8.55624239193e-05, 5.32554404344e-05, 3.10173672915e-05, 1.78237733053e-05, 1.47061546159e-05, 1.22477977129e-05, 1.17337285701e-05, 1.241755308e-05, 1.33943667606e-05, 1.12241314127e-05, 1.00474517239e-05, 9.33871160669e-06, 8.16742249299e-06, 8.29122564028e-06, 8.40544635139e-06, 7.36915262678e-06, 6.84505857862e-06, 6.17057139607e-06, 6.52781773169e-06, 7.00724103808e-06, 5.62016157346e-06, 5.63859020986e-06, 4.93977813676e-06, 4.51395499113e-06, 4.26259657615e-06, 3.75704485123e-06, 2.78154197986e-06, 2.11742349165e-06, 1.94747622118e-06, 1.63869560765e-06, 1.27949590478e-06, 9.67798882812e-07, 8.43708335196e-07], "min": [9.27961143069e-24, 7.3592612967e-24, 2.17061404736e-23, 8.14871779191e-24, 3.05243120565e-24, 2.83301486968e-24, 9.69270041586e-25, 2.50683705702e-24, 1.37310533335e-23, 1.09810376751e-23, 4.60610833849e-24, 1.01885290771e-23, 1.32358569443e-23, 7.90263657683e-24, 1.00096375119e-23, 8.91087102232e-24, 1.95809839048e-23, 1.7402000201e-23, 5.94114734663e-24, 9.09199427502e-24, 1.02483223671e-23, 5.80943045242e-24, 1.20952405949e-23, 1.22079987949e-23, 1.17900239998e-23, 5.47202281035e-24, 7.49512128838e-24, 5.04262057609e-24, 8.71695165688e-24, 1.00857057912e-23, 7.6735221821e-24, 9.30607771406e-24, 1.16316570176e-23, 1.03944414949e-23, 8.12314844338e-24, 9.33918383967e-24, 1.04835299235e-23, 8.13827011808e-24, 7.93382024841e-24, 7.37761493452e-24], "var": [8.61733642523e-05, 1.05746539703e-05, 1.85103431249e-06, 1.19737580917e-06, 2.15727411046e-07, 1.57743869522e-07, 1.21479104109e-07, 3.25425503434e-07, 1.22353185361e-06, 5.52957033051e-07, 7.44318873203e-09, 2.35638708546e-09, 1.54443979827e-09, 4.20848067506e-09, 1.17669864963e-08, 3.9465604118e-09, 4.90754636928e-09, 3.3975315894e-09, 8.84214301777e-09, 1.79020787083e-09, 8.59311954926e-10, 2.05901540262e-09, 5.3235782449e-10, 1.41617634286e-10, 1.98966981779e-10, 4.10128792039e-10, 4.95038843251e-10, 1.95537128156e-10, 1.21562912514e-10, 1.03029265675e-10, 1.16845366716e-10, 1.5449892754e-10, 8.86131168443e-11, 2.60401162439e-11, 1.25361908354e-11, 2.51600996981e-11, 7.30989643816e-11, 4.36535356474e-11, 6.19490569953e-11, 5.49756455637e-11]}, "mfcc": {"mean": [-684.481262207, 80.3382949829, 9.88881111145, 22.1020259857, 0.358196407557, 1.32266831398, -5.53007173538, -3.89951443672, -2.50576710701, 2.10692811012, 1.88002097607, 3.15687966347, 1.86421740055], "cov": [[23022.8847656, 1711.17260742, 593.775512695, 646.949401855, 42.9232368469, 839.52355957, 224.864639282, 658.784118652, 641.201599121, 696.16595459, 928.655029297, 570.236694336, 115.358657837], [1711.17260742, 2588.21289062, 515.064880371, 391.394195557, 325.154602051, 204.267776489, 266.736541748, 390.043670654, 141.211669922, 134.08543396, 25.8741989136, -72.3369445801, -122.328651428], [593.775512695, 515.064880371, 973.101501465, 320.864837646, 144.046264648, 237.726974487, 248.370117188, 150.786911011, 134.628494263, 97.5779037476, 51.66664505, 42.7759017944, -40.5464248657], [646.949401855, 391.394195557, 320.864837646, 494.027618408, 190.797637939, 102.56729126, 124.893928528, 101.389953613, 58.6253738403, 49.8746643066, -17.794418335, -25.972202301, -8.52259254456], [42.9232368469, 325.154602051, 144.046264648, 190.797637939, 326.621032715, 78.99974823, 54.8722801208, 58.9773483276, 68.1633987427, 54.4966506958, -9.74156856537, -26.4079914093, -19.9523429871], [839.52355957, 204.267776489, 237.726974487, 102.56729126, 78.99974823, 277.951965332, 145.745193481, 119.462882996, 124.56526947, 83.1625976562, 78.4749755859, 49.0484848022, -20.2985496521], [224.864639282, 266.736541748, 248.370117188, 124.893928528, 54.8722801208, 145.745193481, 260.851226807, 131.282211304, 84.6665039062, 43.3870391846, 31.2405433655, 2.85099983215, -20.8890113831], [658.784118652, 390.043670654, 150.786911011, 101.389953613, 58.9773483276, 119.462882996, 131.282211304, 259.334960938, 101.035797119, 81.7445449829, 81.2668228149, 44.7725334167, 8.16486263275], [641.201599121, 141.211669922, 134.628494263, 58.6253738403, 68.1633987427, 124.56526947, 84.6665039062, 101.035797119, 178.644805908, 91.5423278809, 63.5245285034, 36.1376228333, -12.8655643463], [696.16595459, 134.08543396, 97.5779037476, 49.8746643066, 54.4966506958, 83.1625976562, 43.3870391846, 81.7445449829, 91.5423278809, 149.686325073, 106.033668518, 60.8684997559, 26.649936676], [928.655029297, 25.8741989136, 51.66664505, -17.794418335, -9.74156856537, 78.4749755859, 31.2405433655, 81.2668228149, 63.5245285034, 106.033668518, 184.587081909, 106.604446411, 44.0502510071], [570.236694336, -72.3369445801, 42.7759017944, -25.972202301, -26.4079914093, 49.0484848022, 2.85099983215, 44.7725334167, 36.1376228333, 60.8684997559, 106.604446411, 141.78453064, 79.2921447754], [115.358657837, -122.328651428, -40.5464248657, -8.52259254456, -19.9523429871, -20.2985496521, -20.8890113831, 8.16486263275, -12.8655643463, 26.649936676, 44.0502510071, 79.2921447754, 132.408996582]], "icov": [[6.66483392706e-05, -4.52855965705e-05, 3.96207869926e-05, -0.000129216496134, 0.000110560140456, -0.000118755517178, 0.000108317522972, 3.79566918127e-05, -0.000110867345938, -6.29012174613e-06, -0.000252174824709, -8.11192730907e-05, 4.00794742745e-05], [-4.52855965705e-05, 0.000657579919789, -0.000169356484548, 2.5521412681e-06, -0.000402915145969, 0.000175058012246, -0.000101767407614, -0.000923431070987, 0.000414089707192, -0.000342711078702, 0.0002788057609, 0.00032048477442, 0.000426824699389], [3.96207869926e-05, -0.000169356484548, 0.00180191942491, -0.000867626164109, 0.000123056976008, -0.000565312162507, -0.000942388782278, 0.000430268177297, -0.000131022228743, -0.000313398748403, 0.000247248244705, -0.00132512545679, 0.000823266571388], [-0.000129216496134, 2.5521412681e-06, -0.000867626164109, 0.00367292994633, -0.00153045065235, 2.32992897509e-05, -0.000574178702664, -0.000594376877416, 0.000610684219282, -0.000521048845258, 0.00120859348681, 0.001147599658, -0.00112042040564], [0.000110560140456, -0.000402915145969, 0.000123056976008, -0.00153045065235, 0.00481278542429, -0.000878485327121, 0.00071029033279, 0.000390993431211, -0.00112881639507, -0.00125009124167, 0.000356130942237, 0.000834414269775, -0.000327130081132], [-0.000118755517178, 0.000175058012246, -0.000565312162507, 2.32992897509e-05, -0.000878485327121, 0.00765079818666, -0.00249825255014, -0.000411027343944, -0.00208073877729, -0.000158346432727, -0.000428841245594, -0.00207536295056, 0.0019804853946], [0.000108317522972, -0.000101767407614, -0.000942388782278, -0.000574178702664, 0.00071029033279, -0.00249825255014, 0.00752674136311, -0.00219362112693, -0.000948638713453, 0.000955407042056, -0.000753383268602, 0.00202749320306, -0.00071516627213], [3.79566918127e-05, -0.000923431070987, 0.000430268177297, -0.000594376877416, 0.000390993431211, -0.000411027343944, -0.00219362112693, 0.00786936655641, -0.00205203238875, -4.32342167187e-05, -0.00176558794919, -0.0007977434434, -0.000753697939217], [-0.000110867345938, 0.000414089707192, -0.000131022228743, 0.000610684219282, -0.00112881639507, -0.00208073877729, -0.000948638713453, -0.00205203238875, 0.0115278027952, -0.00511680124328, 0.00165556883439, -0.00131787976716, 0.00235452293418], [-6.29012174613e-06, -0.000342711078702, -0.000313398748403, -0.000521048845258, -0.00125009124167, -0.000158346432727, 0.000955407042056, -4.32342167187e-05, -0.00511680124328, 0.0161989983171, -0.00762069504708, 0.00106563279405, -0.00236031692475], [-0.000252174824709, 0.0002788057609, 0.000247248244705, 0.00120859348681, 0.000356130942237, -0.000428841245594, -0.000753383268602, -0.00176558794919, 0.00165556883439, -0.00762069504708, 0.0157426632941, -0.00790185015649, 0.00179805140942], [-8.11192730907e-05, 0.00032048477442, -0.00132512545679, 0.001147599658, 0.000834414269775, -0.00207536295056, 0.00202749320306, -0.0007977434434, -0.00131787976716, 0.00106563279405, -0.00790185015649, 0.0205382294953, -0.00980141013861], [4.00794742745e-05, 0.000426824699389, 0.000823266571388, -0.00112042040564, -0.000327130081132, 0.0019804853946, -0.00071516627213, -0.000753697939217, 0.00235452293418, -0.00236031692475, 0.00179805140942, -0.00980141013861, 0.0142548810691]]}, "spectral_contrast_coeffs": {"dmean": [0.0396487303078, 0.0422561876476, 0.0327501818538, 0.0306234359741, 0.026103598997, 0.0185167677701], "dmean2": [0.0642361268401, 0.067214846611, 0.0523311384022, 0.0483967959881, 0.0394444949925, 0.0283918194473], "dvar": [0.00143316481262, 0.00134381267708, 0.000817899650428, 0.000777410517912, 0.000705137033947, 0.000337113713613], "dvar2": [0.00366739113815, 0.00330455298536, 0.00205320585519, 0.00180824799463, 0.00146957021207, 0.00074715964729], "max": [-0.276450514793, -0.342720448971, -0.450654059649, -0.4278216362, -0.438526600599, -0.529160439968], "mean": [-0.648922204971, -0.696825563908, -0.764333069324, -0.755885779858, -0.765001475811, -0.746526777744], "median": [-0.657528758049, -0.709097266197, -0.777231454849, -0.768135249615, -0.7878049016, -0.741925120354], "min": [-0.987528800964, -0.969564199448, -0.966794371605, -0.964043021202, -0.959348618984, -0.962401866913], "var": [0.0121984081343, 0.00977852288634, 0.00690182391554, 0.00761113362387, 0.00750778010115, 0.00415940303355]}, "spectral_contrast_valleys": {"dmean": [0.370787799358, 0.353896558285, 0.346453666687, 0.350235909224, 0.346397668123, 0.293819218874], "dmean2": [0.607145011425, 0.550732433796, 0.531577408314, 0.512443900108, 0.488105982542, 0.397767424583], "dvar": [0.162084549665, 0.147115513682, 0.160695239902, 0.18598434329, 0.232869923115, 0.191819652915], "dvar2": [0.396620124578, 0.297739684582, 0.314222663641, 0.315896034241, 0.407352149487, 0.322917580605], "max": [-4.84000110626, -4.84939002991, -5.73095226288, -5.87921047211, -5.744