{"lowlevel": {"average_loudness": 0.374845385551, "barkbands_crest": {"dmean": 1.54821932316, "dmean2": 2.32443141937, "dvar": 2.40936613083, "dvar2": 6.2501540184, "max": 26.905872345, "mean": 12.6728391647, "median": 11.7305288315, "min": 3.90881180763, "var": 21.2530422211}, "barkbands_flatness_db": {"dmean": 0.0120592424646, "dmean2": 0.0179414227605, "dvar": 0.000140258271131, "dvar2": 0.000329671194777, "max": 0.570530653, "mean": 0.29608219862, "median": 0.291389584541, "min": 0.0650270432234, "var": 0.00228686910123}, "barkbands_kurtosis": {"dmean": 6.16005516052, "dmean2": 9.8085899353, "dvar": 3932.9855957, "dvar2": 12325.2675781, "max": 5141.42724609, "mean": 19.5729217529, "median": 4.28633451462, "min": -1.73855280876, "var": 26352.1777344}, "barkbands_skewness": {"dmean": 0.3713516891, "dmean2": 0.547331690788, "dvar": 0.683056175709, "dvar2": 1.99000513554, "max": 54.1287574768, "mean": 1.78946709633, "median": 1.51615345478, "min": -2.09383058548, "var": 7.6951212883}, "barkbands_spread": {"dmean": 0.711507439613, "dmean2": 1.02503085136, "dvar": 0.733622431755, "dvar2": 1.52097773552, "max": 58.5829467773, "mean": 4.75774145126, "median": 4.4263048172, "min": 0.0397353731096, "var": 6.59079027176}, "dissonance": {"dmean": 0.0359469354153, "dmean2": 0.0608749985695, "dvar": 0.000991940381937, "dvar2": 0.00275706220418, "max": 0.499999970198, "mean": 0.382720708847, "median": 0.388097584248, "min": 0.124436587095, "var": 0.00294349505566}, "dynamic_complexity": 3.35978627205, "erbbands_crest": {"dmean": 1.92306852341, "dmean2": 2.89931631088, "dvar": 3.61930155754, "dvar2": 8.94933414459, "max": 32.4728622437, "mean": 13.1857128143, "median": 12.0609865189, "min": 3.02381849289, "var": 28.3443832397}, "erbbands_flatness_db": {"dmean": 0.0104974592105, "dmean2": 0.0153010562062, "dvar": 0.000120895318105, "dvar2": 0.000263873982476, "max": 0.46437433362, "mean": 0.286209642887, "median": 0.281588852406, "min": 0.0578727833927, "var": 0.00155275966972}, "erbbands_kurtosis": {"dmean": 1.30870759487, "dmean2": 1.86925625801, "dvar": 8.19041633606, "dvar2": 17.7955265045, "max": 333.57131958, "mean": 4.05106067657, "median": 1.02817058563, "min": -1.86991834641, "var": 371.628295898}, "erbbands_skewness": {"dmean": 0.268569737673, "dmean2": 0.373187959194, "dvar": 0.0668296217918, "dvar2": 0.1397010535, "max": 14.6692876816, "mean": 1.02326774597, "median": 0.857849180698, "min": -2.51521968842, "var": 1.60147821903}, "erbbands_spread": {"dmean": 1.8390622139, "dmean2": 2.6157605648, "dvar": 3.70335006714, "dvar2": 7.74855947495, "max": 106.07169342, "mean": 13.4007768631, "median": 12.9761295319, "min": 0.595207333565, "var": 37.1068267822}, "hfc": {"dmean": 1.62318921089, "dmean2": 2.28903055191, "dvar": 8.57582187653, "dvar2": 15.9411678314, "max": 154.330307007, "mean": 10.1762475967, "median": 8.06512737274, "min": 1.16708394933e-16, "var": 71.8099822998}, "melbands_crest": {"dmean": 1.90623807907, "dmean2": 2.82859754562, "dvar": 3.5181427002, "dvar2": 8.92250442505, "max": 34.9603157043, "mean": 16.3875904083, "median": 15.2791290283, "min": 3.35696911812, "var": 33.1247062683}, "melbands_flatness_db": {"dmean": 0.0126990396529, "dmean2": 0.0185728818178, "dvar": 0.000172647793079, "dvar2": 0.000384525337722, "max": 0.676309585571, "mean": 0.401509910822, "median": 0.398600071669, "min": 0.0124607589096, "var": 0.00362836173736}, "melbands_kurtosis": {"dmean": 3.284709692, "dmean2": 4.84340620041, "dvar": 170.689331055, "dvar2": 374.032226562, "max": 1430.89709473, "mean": 13.5648498535, "median": 6.64754295349, "min": -1.69049274921, "var": 3691.08691406}, "melbands_skewness": {"dmean": 0.352313011885, "dmean2": 0.512148976326, "dvar": 0.15513394773, "dvar2": 0.37621024251, "max": 25.3119945526, "mean": 2.00015091896, "median": 1.88824987411, "min": -1.62046015263, "var": 2.57276153564}, "melbands_spread": {"dmean": 0.954719126225, "dmean2": 1.35173606873, "dvar": 5.25515985489, "dvar2": 6.28849983215, "max": 169.90536499, "mean": 6.02194595337, "median": 5.26043319702, "min": 0.163568779826, "var": 16.9250278473}, "pitch_salience": {"dmean": 0.0441824905574, "dmean2": 0.0686721950769, "dvar": 0.00179219967686, "dvar2": 0.00471290154383, "max": 0.853652358055, "mean": 0.50814896822, "median": 0.516711473465, "min": 0.0356725305319, "var": 0.0159125328064}, "silence_rate_20dB": {"dmean": 0.000393468420953, "dmean2": 0.000787014258094, "dvar": 0.00039329964784, "dvar2": 0.000983202597126, "max": 1, "mean": 0.999704957008, "median": 1, "min": 0, "var": 0.000294997327728}, "silence_rate_30dB": {"dmean": 0.0180995482951, "dmean2": 0.0362026579678, "dvar": 0.017767990008, "dvar2": 0.0384346731007, "max": 1, "mean": 0.932920217514, "median": 1, "min": 0, "var": 0.0625887438655}, "silence_rate_60dB": {"dmean": 0.00314774736762, "dmean2": 0.00629611406475, "dvar": 0.00313757779077, "dvar2": 0.00704291835427, "max": 1, "mean": 0.0261630769819, "median": 0, "min": 0, "var": 0.0254779309034}, "spectral_centroid": {"dmean": 25.8050880432, "dmean2": 37.0774612427, "dvar": 12526.6630859, "dvar2": 13282.5800781, "max": 10935.6777344, "mean": 394.337799072, "median": 369.02746582, "min": 199.546295166, "var": 26157.3066406}, "spectral_complexity": {"dmean": 1.11666333675, "dmean2": 1.86571574211, "dvar": 1.04071414471, "dvar2": 2.49904632568, "max": 20, "mean": 10.0408182144, "median": 10, "min": 0, "var": 8.08397388458}, "spectral_decrease": {"dmean": 1.50854551073e-09, "dmean2": 2.15672790738e-09, "dvar": 7.29960089926e-18, "dvar2": 1.81797970094e-17, "max": 4.75597626596e-29, "mean": -9.54410861453e-09, "median": -6.48136566639e-09, "min": -1.13385858924e-07, "var": 8.63959709565e-17}, "spectral_energy": {"dmean": 0.00582131417468, "dmean2": 0.00832886807621, "dvar": 0.000108113054011, "dvar2": 0.000267666095169, "max": 0.441941320896, "mean": 0.0369444824755, "median": 0.0252144169062, "min": 1.04062899585e-20, "var": 0.00127408688422}, "spectral_energyband_high": {"dmean": 1.0503415524e-06, "dmean2": 1.65014455433e-06, "dvar": 1.42788445998e-11, "dvar2": 3.55281914999e-11, "max": 0.000155465677381, "mean": 3.88483522329e-06, "median": 2.22730341193e-06, "min": 7.59105586844e-21, "var": 4.12122246052e-11}, "spectral_energyband_low": {"dmean": 0.00286289677024, "dmean2": 0.0035842906218, "dvar": 5.18364104209e-05, "dvar2": 0.000149528932525, "max": 0.149574175477, "mean": 0.0142006045207, "median": 0.00443703308702, "min": 8.29816985698e-23, "var": 0.000625926826615}, "spectral_energyband_middle_high": {"dmean": 0.00040721608093, "dmean2": 0.000449440354714, "dvar": 1.40202473631e-06, "dvar2": 1.66466838891e-06, "max": 0.0567768700421, "mean": 0.00163358624559, "median": 0.000881602230947, "min": 1.49942692384e-21, "var": 9.47285388975e-06}, "spectral_energyband_middle_low": {"dmean": 0.00427733967081, "dmean2": 0.00640753563493, "dvar": 6.14084565314e-05, "dvar2": 0.000126483471831, "max": 0.425394892693, "mean": 0.0223865881562, "median": 0.0184403210878, "min": 2.35117178145e-22, "var": 0.000358663790394}, "spectral_entropy": {"dmean": 0.104962468147, "dmean2": 0.161493465304, "dvar": 0.0123877972364, "dvar2": 0.0275983288884, "max": 9.80387210846, "mean": 5.8799161911, "median": 5.92336273193, "min": 3.32655382156, "var": 0.160306423903}, "spectral_flux": {"dmean": 0.0116323670372, "dmean2": 0.0192270372063, "dvar": 0.000254286627751, "dvar2": 0.000663512619212, "max": 0.416959911585, "mean": 0.0431150794029, "median": 0.0356103517115, "min": 1.02011225855e-10, "var": 0.000829086930025}, "spectral_kurtosis": {"dmean": 12.3549499512, "dmean2": 21.4607276917, "dvar": 119.957359314, "dvar2": 336.703460693, "max": 184.136428833, "mean": 41.4169807434, "median": 37.0041542053, "min": -1.16479861736, "var": 506.317993164}, "spectral_rms": {"dmean": 0.000438138260506, "dmean2": 0.000626452907454, "dvar": 2.99926284697e-07, "dvar2": 7.57721295486e-07, "max": 0.0207644477487, "mean": 0.00544408662245, "median": 0.00495978118852, "min": 3.18629541154e-12, "var": 6.40535927232e-06}, "spectral_rolloff": {"dmean": 50.2672271729, "dmean2": 83.180770874, "dvar": 59780.4804688, "dvar2": 59231.6679688, "max": 19056.8847656, "mean": 459.108184814, "median": 387.59765625, "min": 64.599609375, "var": 117792.078125}, "spectral_skewness": {"dmean": 0.745192289352, "dmean2": 1.29508912563, "dvar": 0.382880449295, "dvar2": 1.08779430389, "max": 11.5111989975, "mean": 4.75573301315, "median": 4.59755897522, "min": 0.0097606992349, "var": 1.81732201576}, "spectral_spread": {"dmean": 234930.515625, "dmean2": 405166.875, "dvar": 188360835072, "dvar2": 265664086016, "max": 39984184, "mean": 1688673.375, "median": 1604379.875, "min": 557404.3125, "var": 650721427456}, "spectral_strongpeak": {"dmean": 0.258068084717, "dmean2": 0.414596259594, "dvar": 0.217700988054, "dvar2": 0.472739458084, "max": 9.82566261292, "mean": 1.06727170944, "median": 0.74949914217, "min": 0, "var": 0.894134581089}, "zerocrossingrate": {"dmean": 0.00182886933908, "dmean2": 0.0023263131734, "dvar": 2.46518993663e-05, "dvar2": 1.78625105036e-05, "max": 0.4892578125, "mean": 0.0178220495582, "median": 0.0166015625, "min": 0.00244140625, "var": 0.000106618070276}, "barkbands": {"dmean": [0.000148616993101, 0.00211748154834, 0.000573742494453, 0.00101579923648, 0.00183953158557, 0.00208409875631, 0.000646131113172, 0.000570084957872, 0.00034024042543, 0.000181542593054, 0.000200481605134, 8.01706191851e-05, 0.000110824956209, 2.9855993489e-05, 2.01737784664e-05, 1.51640697368e-05, 9.33237879508e-06, 1.88847479876e-06, 1.72801071585e-06, 9.57388238021e-07, 5.30579995939e-07, 2.6345628612e-07, 1.3560293155e-07, 9.56060972612e-08, 5.14123783546e-08, 2.03798435905e-08, 7.9964621591e-09], "dmean2": [0.000184229371371, 0.00254350248724, 0.000772551225964, 0.00152757810429, 0.00285956519656, 0.00303455465473, 0.000903777196072, 0.000826801930089, 0.000406131555792, 0.000230952835409, 0.0002066919551, 8.77338243299e-05, 0.000136926435516, 4.11985311075e-05, 2.83190020127e-05, 2.255356776e-05, 1.50896785271e-05, 3.10317454932e-06, 2.81925326817e-06, 1.58310638199e-06, 8.73311762462e-07, 4.35573440427e-07, 2.25078423455e-07, 1.65723292866e-07, 9.12722555313e-08, 3.60974006242e-08, 1.38472779909e-08], "dvar": [3.29865827098e-07, 4.63344040327e-05, 9.02501142264e-07, 3.3659471228e-06, 1.25006290546e-05, 4.19604657509e-05, 1.66317022376e-06, 1.56805333518e-06, 1.21039215628e-06, 2.50839946148e-07, 7.43151645111e-07, 9.53082519572e-08, 3.72937250859e-07, 1.49180365838e-08, 4.2851460158e-09, 4.74446926191e-09, 3.30377813995e-09, 2.16427466226e-11, 2.83170049908e-11, 8.28863019886e-12, 4.67872485546e-12, 7.33231563573e-13, 2.19465247299e-13, 1.64827122762e-13, 1.08305610303e-13, 9.90923600905e-15, 5.10137980341e-16], "dvar2": [7.25824122583e-07, 0.000133509674924, 2.00638737624e-06, 9.29493944568e-06, 3.01553409372e-05, 8.10025521787e-05, 3.57168369192e-06, 4.2279561967e-06, 1.62120068126e-06, 3.67264533452e-07, 6.53952781704e-07, 9.52699750201e-08, 6.67272445298e-07, 3.46091013625e-08, 6.29463547952e-09, 1.30947563903e-08, 9.81976278069e-09, 5.44758405052e-11, 7.24535084706e-11, 2.21049203247e-11, 1.23075759653e-11, 1.84980069456e-12, 5.74295060292e-13, 4.71965890848e-13, 3.15851050826e-13, 2.84868056065e-14, 1.42633699109e-15], "max": [0.0366578921676, 0.136167243123, 0.0302811767906, 0.033795516938, 0.109896756709, 0.383530676365, 0.0745704397559, 0.0418352298439, 0.0598599612713, 0.0519989207387, 0.0476477742195, 0.0139778861776, 0.038906853646, 0.00979845691472, 0.00588134676218, 0.00332510471344, 0.00388526148163, 0.000244403810939, 0.000155735979206, 9.31542599574e-05, 0.000116397633974, 2.27242326218e-05, 1.4449419723e-05, 1.56331425387e-05, 1.41382834045e-05, 2.81593270302e-06, 6.51469804325e-07], "mean": [0.000698369345628, 0.00985014159232, 0.00247398577631, 0.00317886378616, 0.00621042447165, 0.0079012401402, 0.00204515340738, 0.00183734402526, 0.000986333936453, 0.000480814749608, 0.000551787787117, 0.000227847398492, 0.000313268683385, 7.32926928322e-05, 5.22985865246e-05, 3.25765868183e-05, 1.80128354259e-05, 3.97857593271e-06, 3.75569720745e-06, 2.19309936256e-06, 1.29234865653e-06, 7.15991518518e-07, 3.99756004299e-07, 2.87353117301e-07, 1.4741166865e-07, 7.91171501646e-08, 3.38350751861e-08], "median": [3.92299534724e-06, 0.00104442459997, 0.00132519938052, 0.00143242860213, 0.00390835152939, 0.00338206719607, 0.000693173147738, 0.000663644343149, 0.000285916292341, 0.000182224641321, 0.000140597680002, 4.01216821047e-05, 9.98748728307e-05, 2.73818513961e-05, 2.26550055231e-05, 9.68218682829e-06, 7.12689598004e-06, 2.27618124882e-06, 1.95180086848e-06, 1.11769577416e-06, 6.48832383376e-07, 3.83081811606e-07, 2.27484278525e-07, 1.75734925278e-07, 1.00021956939e-07, 6.58767547179e-08, 3.09034824397e-08], "min": [1.54193276889e-23, 5.76654481817e-23, 1.20157573366e-23, 3.91416570079e-24, 1.64127118279e-22, 8.85494236186e-24, 2.57331759983e-23, 1.41177860814e-23, 1.35374148026e-23, 2.6961946765e-23, 5.32580507498e-23, 6.71235054712e-23, 1.18877551884e-22, 1.79123073786e-22, 1.28891402702e-22, 1.73283508847e-22, 8.36470238573e-23, 2.17772032728e-22, 3.4851215936e-22, 3.12033943682e-22, 3.76132237001e-22, 3.94801431806e-22, 6.21637337495e-22, 8.51167032782e-22, 1.19255816368e-21, 1.84708824938e-21, 2.3678590295e-21], "var": [5.61158321943e-06, 0.000484246673295, 1.11631934487e-05, 1.67086272995e-05, 5.8306955907e-05, 0.000187483543414, 2.26485863095e-05, 1.12792640721e-05, 6.45047794023e-06, 2.28123712986e-06, 3.99191594624e-06, 5.04961917613e-07, 1.12474879188e-06, 4.82729411999e-08, 4.36058691378e-08, 8.4582838511e-09, 7.67659713574e-09, 4.78977066343e-11, 5.49109889503e-11, 1.68511246623e-11, 8.97237232428e-12, 2.07402346165e-12, 4.89352211096e-13, 2.68134581378e-13, 8.70173074222e-14, 8.25052018757e-15, 5.20201155271e-16]}, "erbbands": {"dmean": [0.0868038535118, 0.391028791666, 0.619611084461, 2.05075907707, 3.64716410637, 7.06339836121, 15.5105133057, 16.2901763916, 9.97397041321, 11.5390443802, 8.60859394073, 8.83734416962, 5.91332864761, 4.31292724609, 8.4154253006, 4.26162862778, 5.38579082489, 1.66414737701, 1.14341700077, 0.985320627689, 0.574348509312, 0.361371964216, 0.206591725349, 0.0948410704732, 0.0768233314157, 0.0510202869773, 0.0265968553722, 0.015419899486, 0.00969811528921, 0.00718679791316, 0.00384285976179, 0.00279545481317, 0.00125500035938, 0.000674641632941, 0.000360140867997, 0.000120868135127, 3.57306307706e-05, 9.04803528101e-06, 3.25913833876e-06, 6.39253721602e-06], "dmean2": [0.0932943075895, 0.510179519653, 0.838186442852, 3.05372595787, 5.89424705505, 10.8878746033, 21.6419086456, 24.8899726868, 13.9252271652, 17.035238266, 12.1878185272, 10.3324251175, 7.82147169113, 4.91801309586, 8.61318588257, 4.45834589005, 6.58147382736, 2.35342240334, 1.49095582962, 1.45475065708, 0.849108636379, 0.576042294502, 0.341578990221, 0.155395969748, 0.124109454453, 0.0847768485546, 0.0437591895461, 0.0249906592071, 0.0159249901772, 0.0119664184749, 0.00643440335989, 0.00484376540408, 0.00216636736877, 0.00118381285574, 0.000647247710731, 0.000214814499486, 6.27013796475e-05, 1.5792909835e-05, 4.97635801366e-06, 9.14288466447e-06], "dvar": [0.0887197181582, 1.57205557823, 1.15024340153, 13.2536211014, 34.6719360352, 210.044906616, 1397.59179688, 2891.70800781, 403.971954346, 670.735839844, 290.046936035, 934.059814453, 247.445999146, 234.707855225, 1340.78869629, 254.205490112, 936.674682617, 50.337146759, 13.7666301727, 11.7959661484, 4.40361690521, 4.4296412468, 1.83748412132, 0.0482824258506, 0.104878388345, 0.0271727908403, 0.00837952084839, 0.00481949420646, 0.000960566860158, 0.000739438459277, 0.000151116910274, 0.000127967621665, 2.44671882683e-05, 9.8383434306e-06, 7.9134833868e-06, 3.80385898779e-07, 2.52495908626e-08, 9.17018461166e-10, 3.82256518106e-11, 1.29062288634e-10], "dvar2": [0.246787697077, 4.67850875854, 2.58277416229, 35.6657752991, 110.829841614, 513.391540527, 2909.65722656, 6335.99902344, 896.049499512, 1737.37414551, 622.869750977, 1229.11218262, 518.206665039, 203.947067261, 1185.80224609, 254.702651978, 1678.37121582, 113.160018921, 18.6588592529, 25.964017868, 11.5948905945, 13.0295219421, 5.51608371735, 0.127576828003, 0.254040211439, 0.0738019496202, 0.0221720207483, 0.0124230785295, 0.00243839249015, 0.00200334354304, 0.000404064630857, 0.000364688719856, 7.05153797753e-05, 2.85545866063e-05, 2.31902013184e-05, 1.10264625164e-06, 7.23244042433e-08, 2.60445176536e-09, 9.69829563879e-11, 3.17184084553e-10], "max": [7.51118469238, 26.0848960876, 39.279914856, 71.9175872803, 115.708808899, 452.776672363, 1614.52307129, 3270.65136719, 1132.61108398, 670.489135742, 1148.3848877, 1730.85668945, 400.702484131, 1932.6953125, 2096.05859375, 723.557495117, 2025.35998535, 505.063781738, 357.132507324, 238.250946045, 96.5193939209, 146.239135742, 88.8161468506, 6.33551502228, 11.0029201508, 5.77355861664, 3.89300560951, 3.92237210274, 1.05488848686, 0.797050595284, 0.442704707384, 0.327608942986, 0.192156463861, 0.107226759195, 0.128570869565, 0.0197038147599, 0.00532913161442, 0.000926015432924, 0.000243213726208, 0.000490823877044], "mean": [0.379260808229, 1.80548226833, 3.09942770004, 6.40655660629, 10.6850938797, 21.5256214142, 66.115776062, 54.2372245789, 33.4293022156, 36.3694381714, 29.888299942, 27.1292476654, 15.4347400665, 12.7053661346, 24.3915557861, 13.615568161, 15.6762428284, 4.40565776825, 3.11698913574, 2.63745284081, 1.3504383564, 0.773913145065, 0.431818932295, 0.223599672318, 0.16224142909, 0.117555655539, 0.0651381239295, 0.0388704538345, 0.0261636581272, 0.0191201772541, 0.0114948768169, 0.00739439018071, 0.00389257981442, 0.00199473858811, 0.000928449095227, 0.000398132629925, 0.00014631797967, 4.0901817556e-05, 2.28300013987e-05, 4.0973394789e-05], "median": [0.00847234763205, 0.325276553631, 1.64555263519, 3.96209979057, 6.59818077087, 13.5031661987, 26.977191925, 24.7675590515, 13.1422080994, 13.5341320038, 11.7012739182, 8.63286685944, 6.01288700104, 4.23247480392, 7.11713457108, 4.00569009781, 4.94927501678, 2.20722460747, 1.39762103558, 0.979596078396, 0.512755095959, 0.315611451864, 0.189230650663, 0.120525129139, 0.0811396688223, 0.0560645982623, 0.0344277434051, 0.0190966799855, 0.0146109825, 0.00935747846961, 0.00625933613628, 0.00461886264384, 0.00240044435486, 0.00130192586221, 0.000641288526822, 0.000308836781187, 0.000126259445096, 3.64787701983e-05, 1.76346311491e-05, 2.82900891762e-05], "min": [2.4530644891e-21, 9.19924442106e-21, 1.96892605672e-20, 1.14424241486e-20, 1.13192971835e-19, 5.58337711089e-19, 7.69941730417e-19, 5.62783186496e-20, 2.21633894448e-19, 3.53848763348e-19, 3.66533035204e-19, 3.79709505374e-19, 6.24126797325e-19, 1.89588679703e-18, 2.11631161192e-18, 2.37375916987e-18, 5.39271963112e-18, 8.96638472281e-18, 8.46225784413e-18, 5.93755744442e-18, 9.25671436447e-18, 5.45428089385e-18, 1.20572517879e-17, 1.80297944227e-17, 1.28500374034e-17, 1.65045709805e-17, 1.85137066616e-17, 1.2305888218e-17, 1.47765807547e-17, 1.94216664241e-17, 1.69490796437e-17, 1.74847303755e-17, 1.2725838716e-17, 9.52992798489e-18, 1.02763600532e-17, 6.74589943211e-18, 3.73282911721e-18, 1.34514880782e-18, 2.87542430735e-19, 3.66526637479e-20], "var": [1.02799868584, 13.7532024384, 18.204744339, 52.407207489, 136.795852661, 883.484191895, 10063.3886719, 10981.0332031, 5352.24560547, 3968.77661133, 3264.58666992, 5004.91064453, 968.239501953, 2869.54760742, 7342.75292969, 1361.23876953, 2829.16357422, 146.182693481, 112.555130005, 100.727584839, 9.23324203491, 11.1891956329, 4.09139537811, 0.131471306086, 0.175924420357, 0.0574094504118, 0.016105864197, 0.00875186175108, 0.0024198347237, 0.00185790692922, 0.000451994070318, 0.000175902736373, 4.43305252702e-05, 1.18699099403e-05, 5.12416545462e-06, 3.24605366586e-07, 2.1383122828e-08, 9.60950652384e-10, 3.04356068126e-10, 1.52236401263e-09]}, "gfcc": {"mean": [-119.228729248, 195.434875488, -90.9108734131, -10.492972374, -45.8219070435, -7.90335845947, -32.1286773682, -14.9903717041, -18.1000823975, -7.2832493782, -6.04974365234, -6.76139163971, -5.50214767456], "cov": [[7916.85400391, 1311.51574707, -1268.14355469, -395.162506104, 135.614028931, 304.093322754, 353.132019043, 193.411636353, 380.313232422, 132.223312378, 267.761962891, 43.8439331055, 141.808074951], [1311.51574707, 780.221984863, 230.38142395, -110.064353943, 254.173049927, 138.424423218, 213.503143311, 102.472976685, 157.922393799, 73.509223938, 120.169723511, 19.5294437408, 66.6398391724], [-1268.14355469, 230.38142395, 762.276855469, 123.581672668, 146.593307495, 50.9878005981, 101.077850342, 78.9026565552, 39.0413246155, 23.0610599518, 20.7315349579, 9.65654563904, 28.6995983124], [-395.162506104, -110.064353943, 123.581672668, 202.663391113, 34.4997749329, 16.2218284607, -8.74436950684, -4.91142559052, -18.9407100677, -24.6458206177, -45.3437385559, -28.6093845367, -23.8129711151], [135.614028931, 254.173049927, 146.593307495, 34.4997749329, 228.238494873, 114.37663269, 75.2438430786, 16.1286754608, 45.736907959, 27.3824825287, 36.5166435242, 11.3896942139, 28.5958118439], [304.093322754, 138.424423218, 50.9878005981, 16.2218284607, 114.37663269, 171.133956909, 111.456680298, 37.938949585, 23.5333194733, 14.2644844055, 11.3517942429, 2.38253688812, 23.203168869], [353.132019043, 213.503143311, 101.077850342, -8.74436950684, 75.2438430786, 111.456680298, 177.120498657, 104.610702515, 66.2233505249, 32.5480079651, 31.1332511902, 7.34234142303, 30.4500350952], [193.411636353, 102.472976685, 78.9026565552, -4.91142559052, 16.1286754608, 37.938949585, 104.610702515, 148.823135376, 97.9421386719, 41.5588798523, 20.8421821594, 5.02606678009, 12.7926092148], [380.313232422, 157.922393799, 39.0413246155, -18.9407100677, 45.736907959, 23.5333194733, 66.2233505249, 97.9421386719, 129.922073364, 68.708694458, 45.4958839417, 6.03054666519, 19.6905574799], [132.223312378, 73.509223938, 23.0610599518, -24.6458206177, 27.3824825287, 14.2644844055, 32.5480079651, 41.5588798523, 68.708694458, 85.7138290405, 57.3746910095, 10.1298103333, 2.08928585052], [267.761962891, 120.169723511, 20.7315349579, -45.3437385559, 36.5166435242, 11.3517942429, 31.1332511902, 20.8421821594, 45.4958839417, 57.3746910095, 105.727378845, 52.0167045593, 24.8978176117], [43.8439331055, 19.5294437408, 9.65654563904, -28.6093845367, 11.3896942139, 2.38253688812, 7.34234142303, 5.02606678009, 6.03054666519, 10.1298103333, 52.0167045593, 78.4451828003, 49.7314910889], [141.808074951, 66.6398391724, 28.6995983124, -23.8129711151, 28.5958118439, 23.203168869, 30.4500350952, 12.7926092148, 19.6905574799, 2.08928585052, 24.8978176117, 49.7314910889, 83.1083908081]], "icov": [[0.00113334006164, -0.00350155914202, 0.00289368326776, -0.00204699998721, 0.00266977376305, -0.00213659764268, 0.00150523451157, -0.00106132030487, -0.000430258311098, 0.000454363849713, -0.00114918989129, 0.000164798970218, -0.00108596333303], [-0.00350155914202, 0.0163029711694, -0.00992743298411, 0.00993439089507, -0.0124524263665, 0.00825564563274, -0.00999150052667, 0.00701820617542, -0.00485046720132, 0.00395789230242, -0.000879626895767, 0.00327014131472, 0.00309360120445], [0.00289368326776, -0.00992743298411, 0.00948366802186, -0.00701798498631, 0.0061157150194, -0.00442568259314, 0.00397866312414, -0.00478821014985, 0.00161448586732, -0.000549167452846, -0.00238308589906, 9.44005441852e-05, -0.00356373377144], [-0.00204699998721, 0.00993439089507, -0.00701798498631, 0.0128249460831, -0.00853186286986, 0.00400772783905, -0.00486251711845, 0.0039343200624, -0.00340927857906, 0.00346169387922, 0.00175726553425, 0.00182276731357, 0.00372143648565], [0.00266977376305, -0.0124524263665, 0.0061157150194, -0.00853186286986, 0.0189891755581, -0.0122946612537, 0.00745022762567, -0.000354608899215, -0.00212476355955, -0.00115541694686, -0.00150492577814, -0.00244770175777, -0.00245541310869], [-0.00213659764268, 0.00825564563274, -0.00442568259314, 0.00400772783905, -0.0122946612537, 0.0197120066732, -0.0138286259025, 0.00372703303583, 0.00280794664286, -0.00202504266053, 0.0034974233713, 0.000507151999045, 0.00095685699489], [0.00150523451157, -0.00999150052667, 0.00397866312414, -0.00486251711845, 0.00745022762567, -0.0138286259025, 0.0267363935709, -0.0174161940813, 0.0086952643469, -0.0033655539155, -0.00265168701299, 0.00257745175622, -0.00586516782641], [-0.00106132030487, 0.00701820617542, -0.00478821014985, 0.0039343200624, -0.000354608899215, 0.00372703303583, -0.0174161940813, 0.0296243019402, -0.0227743983269, 0.00573950307444, 0.00421107839793, -0.00594095047563, 0.00741185061634], [-0.000430258311098, -0.00485046720132, 0.00161448586732, -0.00340927857906, -0.00212476355955, 0.00280794664286, 0.0086952643469, -0.0227743983269, 0.0384416803718, -0.0208240784705, 0.00144485663623, 0.00521916011348, -0.00878435745835], [0.000454363849713, 0.00395789230242, -0.000549167452846, 0.00346169387922, -0.00115541694686, -0.00202504266053, -0.0033655539155, 0.00573950307444, -0.0208240784705, 0.0361591912806, -0.0186484213918, 0.00707904295996, 0.00392064312473], [-0.00114918989129, -0.000879626895767, -0.00238308589906, 0.00175726553425, -0.00150492577814, 0.0034974233713, -0.00265168701299, 0.00421107839793, 0.00144485663623, -0.0186484213918, 0.0337063223124, -0.0230266451836, 0.00766500039026], [0.000164798970218, 0.00327014131472, 9.44005441852e-05, 0.00182276731357, -0.00244770175777, 0.000507151999045, 0.00257745175622, -0.00594095047563, 0.00521916011348, 0.00707904295996, -0.0230266451836, 0.0395655632019, -0.0199348293245], [-0.00108596333303, 0.00309360120445, -0.00356373377144, 0.00372143648565, -0.00245541310869, 0.00095685699489, -0.00586516782641, 0.00741185061634, -0.00878435745835, 0.00392064312473, 0.00766500039026, -0.0199348293245, 0.0269028432667]]}, "melbands": {"dmean": [0.000658000353724, 0.000371012109099, 0.000396931514842, 0.000316401332384, 0.000519766064826, 0.000369485787814, 0.000142931035953, 0.000129305277369, 6.85615304974e-05, 5.17419211974e-05, 2.88290775643e-05, 1.73347070813e-05, 2.8631542591e-05, 1.34556903504e-05, 1.24810621855e-05, 7.80763275543e-06, 3.22942423736e-06, 1.99885357688e-06, 1.14585770916e-06, 1.56908947702e-06, 5.97196219587e-07, 3.45186435879e-07, 4.94105677262e-07, 1.0666596495e-07, 8.27112600632e-08, 5.92084603568e-08, 4.66085978701e-08, 3.42696360178e-08, 1.90278441892e-08, 1.66590936601e-08, 7.82489273377e-09, 5.70791858223e-09, 6.41199404683e-09, 3.63594510056e-09, 2.5697899364e-09, 2.15387641056e-09, 1.61767388374e-09, 1.04256814293e-09, 7.58388796207e-10, 5.72706049251e-10], "dmean2": [0.000738327158615, 0.000512423168402, 0.000605483888648, 0.000506701006088, 0.000740010698792, 0.000556265586056, 0.000197289933567, 0.000191291153897, 9.52060872805e-05, 6.10234419582e-05, 3.82967955375e-05, 1.99988880922e-05, 2.95820900647e-05, 1.38663535836e-05, 1.45093708852e-05, 9.80319146038e-06, 4.60989394924e-06, 2.56138673649e-06, 1.62097694556e-06, 2.36216646954e-06, 8.63529635353e-07, 5.40843075214e-07, 8.17706279577e-07, 1.75524832002e-07, 1.35769042231e-07, 9.62569401963e-08, 7.74727908492e-08, 5.68428468739e-08, 3.13430170706e-08, 2.73681290963e-08, 1.28231176788e-08, 9.48992351368e-09, 1.07549125161e-08, 6.07242744977e-09, 4.31815561086e-09, 3.68916386329e-09, 2.83485168673e-09, 1.80700410191e-09, 1.30757171757e-09, 1.00962649352e-09], "dvar": [4.70519626106e-06, 7.19291733731e-07, 4.30736463386e-07, 2.92244948241e-07, 1.38288237395e-06, 1.42109024637e-06, 8.57055937331e-08, 8.98737795296e-08, 1.83216766203e-08, 3.39597114873e-08, 5.84387382929e-09, 4.18560475168e-09, 1.53677461867e-08, 2.53196041911e-09, 2.74252309751e-09, 2.53612597589e-09, 2.01575214853e-10, 3.6411505755e-11, 1.01150017182e-11, 4.9159197546e-11, 2.53753593658e-12, 2.08639138952e-12, 1.59781961967e-11, 5.75410148674e-14, 3.94000018158e-14, 6.31161721737e-14, 2.0313027451e-14, 1.1192898347e-14, 5.01361342579e-15, 8.280353535e-15, 5.67159550136e-16, 2.63510785221e-16, 5.85717671433e-16, 2.09193262231e-16, 7.33584530673e-17, 5.00390669291e-17, 5.32907668566e-17, 1.55189389585e-17, 7.46765008533e-18, 7.59272972011e-18], "dvar2": [1.32269842652e-05, 2.08419760384e-06, 1.21874768411e-06, 7.66044195188e-07, 2.94709343507e-06, 2.93812172458e-06, 1.82861271014e-07, 2.40726421907e-07, 3.54278952841e-08, 4.35291518386e-08, 1.2291684115e-08, 3.61466567789e-09, 1.3637793117e-08, 2.42741493572e-09, 4.90219154159e-09, 4.48876713577e-09, 4.75667893962e-10, 5.19856588332e-11, 1.6858158966e-11, 1.32243646589e-10, 5.54689974508e-12, 5.83047369065e-12, 4.81487176518e-11, 1.46571733158e-13, 1.0249032932e-13, 1.65435319523e-13, 5.15907269975e-14, 2.97114966636e-14, 1.27207789183e-14, 2.15817981026e-14, 1.43911808299e-15, 6.67953770941e-16, 1.50996751859e-15, 5.59809792313e-16, 1.94723411628e-16, 1.38654873012e-16, 1.52527141871e-16, 4.45209318279e-17, 2.17898034541e-17, 2.21126503928e-17], "max": [0.0490314662457, 0.0216968134046, 0.0122740762308, 0.0137221515179, 0.0472584664822, 0.072689794004, 0.0173593610525, 0.00814202055335, 0.00864833500236, 0.0117598008364, 0.00197204318829, 0.00859608408064, 0.00723554426804, 0.0026284060441, 0.00335478689522, 0.00284808664583, 0.00114152778406, 0.000526808784343, 0.000227368640481, 0.000319782615406, 5.31798832526e-05, 9.60585894063e-05, 0.000269228068646, 1.09441725726e-05, 6.43656403554e-06, 8.14789473225e-06, 4.15081785832e-06, 3.40568203683e-06, 2.65248922915e-06, 5.8543846535e-06, 8.30962278542e-07, 4.82526104406e-07, 7.2697861242e-07, 5.49751291601e-07, 3.49378581177e-07, 3.09206228621e-07, 2.50350382203e-07, 1.18023095297e-07, 1.31684188887e-07, 1.02214343656e-07], "mean": [0.00299246003851, 0.00188528385479, 0.00133698584978, 0.000963836442679, 0.00214769691229, 0.00127072329633, 0.000472378189443, 0.000406140548876, 0.000233415092225, 0.000151740736328, 7.18904484529e-05, 4.82444302179e-05, 7.83433424658e-05, 4.08437190345e-05, 3.76099960704e-05, 2.14762112591e-05, 7.69629696151e-06, 5.25803488927e-06, 3.09038864543e-06, 3.4815818708e-06, 1.29479599309e-06, 7.33096953809e-07, 8.53276958424e-07, 2.07113444617e-07, 1.72995385128e-07, 1.17353380347e-07, 9.66866835483e-08, 7.26605264845e-08, 4.17799235208e-08, 3.44400206131e-08, 1.82666504145e-08, 1.40379876612e-08, 1.45223575387e-08, 8.90985418778e-09, 6.81188661034e-09, 5.53342438536e-09, 3.88539156404e-09, 2.78253287078e-09, 2.21867368921e-09, 1.4465181275e-09], "median": [0.000184016098501, 0.000773246749304, 0.000817470310722, 0.000662818842102, 0.00105866638478, 0.000587470189203, 0.000161184943863, 0.000145616388181, 9.69433895079e-05, 4.34791145381e-05, 2.55109880527e-05, 1.40549755088e-05, 2.03976705961e-05, 1.03584752651e-05, 1.4314397049e-05, 7.19741410649e-06, 3.18347429129e-06, 1.94880044546e-06, 1.48193316818e-06, 9.39234439556e-07, 4.46807007393e-07, 3.22890599591e-07, 2.31937391959e-07, 1.11734841823e-07, 8.84748416752e-08, 6.0854013384e-08, 4.70275978159e-08, 3.26857794164e-08, 2.25243450558e-08, 1.45423033615e-08, 9.25203824664e-09, 8.23549761719e-09, 6.77500056057e-09, 4.3481285239e-09, 3.48703310671e-09, 3.31327831837e-09, 2.43096298647e-09, 1.63305546863e-09, 1.38025846308e-09, 9.48533696032e-10], "min": [1.82542239919e-23, 1.13091067818e-23, 4.73723753132e-24, 1.90853567976e-23, 3.25036725361e-23, 1.00502782452e-24, 4.07926561078e-24, 3.67572697016e-24, 2.85161818197e-24, 2.32373652446e-24, 3.13848173092e-24, 7.29619581163e-24, 7.33022963767e-24, 6.93068421095e-24, 6.28108683778e-24, 1.56026179425e-23, 1.62361111148e-23, 1.41068193371e-23, 8.61516098997e-24, 1.09738148647e-23, 9.67126114861e-24, 3.96474233444e-24, 1.04912276282e-23, 1.04507480197e-23, 1.5834314279e-23, 1.01042960873e-23, 7.39059327414e-24, 1.16101700243e-23, 1.07436457629e-23, 1.02928977414e-23, 6.19849783417e-24, 9.85623877569e-24, 6.26619235503e-24, 1.21885289189e-23, 1.01119511936e-23, 1.03479310448e-23, 9.98739715638e-24, 8.47864939918e-24, 9.37240750555e-24, 7.60000744548e-24], "var": [5.31645600859e-05, 8.09687844594e-06, 2.17264823732e-06, 1.15774048481e-06, 8.70396070241e-06, 5.70719475945e-06, 1.2249199699e-06, 5.28461328031e-07, 1.92121348164e-07, 1.85768698202e-07, 2.29235030957e-08, 5.38383488902e-08, 8.09273501545e-08, 1.3994040593e-08, 9.84414061378e-09, 6.39605612918e-09, 6.531935548e-10, 2.7046243023e-10, 1.0959413238e-10, 1.46834391868e-10, 7.37396775585e-12, 5.52089190337e-12, 3.56911375454e-11, 1.2725782342e-13, 9.22986188347e-14, 1.03841963511e-13, 4.07601978157e-14, 2.27518809457e-14, 8.94850413522e-15, 1.19864394696e-14, 1.37445918769e-15, 5.53318290624e-16, 1.37367631748e-15, 4.08267868873e-16, 2.05075901248e-16, 8.05345889883e-17, 5.61987103739e-17, 2.5866718613e-17, 1.3136240241e-17, 7.31616932693e-18]}, "mfcc": {"mean": [-773.433898926, 235.100524902, 9.44267559052, 10.7337741852, 1.20392000675, 3.19955420494, -5.26612043381, -7.19802904129, -9.74716949463, -4.91189050674, -5.29283332825, -0.715935468674, -1.42993783951], "cov": [[3476.07397461, 1257.64074707, -418.798248291, -98.0065994263, -166.648406982, -1.64290392399, -71.9312820435, 72.9646453857, 60.6810569763, 111.915367126, 65.2742843628, 151.083694458, 116.048164368], [1257.64074707, 1428.68078613, 147.66645813, -53.6658592224, 115.068313599, 96.1366424561, 139.697540283, 93.8510894775, 109.385993958, 127.854995728, 145.998535156, 117.765113831, 89.7813186646], [-418.798248291, 147.66645813, 346.429931641, 81.8471450806, 70.8437042236, 29.7113666534, 85.3936157227, 66.5656814575, 64.8297805786, 49.3086585999, 48.8455314636, 0.295478731394, 6.68924760818], [-98.0065994263, -53.6658592224, 81.8471450806, 145.093215942, 57.9229774475, 18.9943714142, 2.77634811401, 15.1721382141, 17.2068996429, 13.9817342758, 5.97115802765, -4.84185314178, -8.56065940857], [-166.648406982, 115.068313599, 70.8437042236, 57.9229774475, 159.355133057, 85.9686431885, 40.9868240356, 13.2647399902, 10.5601615906, 12.7509231567, 18.6890544891, 8.73480987549, -2.57804083824], [-1.64290392399, 96.1366424561, 29.7113666534, 18.9943714142, 85.9686431885, 149.458236694, 87.0950317383, 23.7145957947, 19.9680690765, 10.878235817, 5.09017944336, 1.27293217182, -3.22115063667], [-71.9312820435, 139.697540283, 85.3936157227, 2.77634811401, 40.9868240356, 87.0950317383, 133.885726929, 65.3012008667, 43.4171257019, 26.1157073975, 23.0791168213, 10.1654729843, 10.6814584732], [72.9646453857, 93.8510894775, 66.5656814575, 15.1721382141, 13.2647399902, 23.7145957947, 65.3012008667, 105.704826355, 74.8098907471, 32.2365074158, 14.4379396439, 9.66433811188, 19.9370670319], [60.6810569763, 109.385993958, 64.8297805786, 17.2068996429, 10.5601615906, 19.9680690765, 43.4171257019, 74.8098907471, 121.388168335, 72.4609527588, 27.8835697174, 8.21497058868, 14.4959011078], [111.915367126, 127.854995728, 49.3086585999, 13.9817342758, 12.7509231567, 10.878235817, 26.1157073975, 32.2365074158, 72.4609527588, 108.332618713, 70.4585952759, 18.9669017792, 4.25882005692], [65.2742843628, 145.998535156, 48.8455314636, 5.97115802765, 18.6890544891, 5.09017944336, 23.0791168213, 14.4379396439, 27.8835697174, 70.4585952759, 110.473083496, 55.9936103821, 10.516043663], [151.083694458, 117.765113831, 0.295478731394, -4.84185314178, 8.73480987549, 1.27293217182, 10.1654729843, 9.66433811188, 8.21497058868, 18.9669017792, 55.9936103821, 90.4727096558, 46.3055648804], [116.048164368, 89.7813186646, 6.68924760818, -8.56065940857, -2.57804083824, -3.22115063667, 10.6814584732, 19.9370670319, 14.4959011078, 4.25882005692, 10.516043663, 46.3055648804, 87.7377929688]], "icov": [[0.00143265654333, -0.00173043482937, 0.00200717709959, -0.00159491261002, 0.00304602156393, -0.00215419847518, 0.00286893546581, -0.00295549957082, 0.00185925385449, -0.00210786517709, 0.00150034006219, -0.00124635291286, 0.000172990316059], [-0.00173043482937, 0.00312561402097, -0.00262665352784, 0.00277506234124, -0.00441533979028, 0.00259840651415, -0.00384757039137, 0.00347398011945, -0.00241248961538, 0.00199774419889, -0.00220991903916, 0.000977731426246, -0.000743456999771], [0.00200717709959, -0.00262665352784, 0.0077564381063, -0.00458782631904, 0.00275304820389, -0.000443272554548, 0.000355899450369, -0.00393286487088, 0.00111893191934, -0.00169612502214, -0.000395327515434, 0.00067180005135, -0.000500738620758], [-0.00159491261002, 0.00277506234124, -0.00458782631904, 0.0119910323992, -0.00680969888344, 0.00167051400058, -0.00032301119063, 0.00151294004172, -0.00182073493488, 0.000721674005035, -0.000636367010884, 0.000372756447177, 0.000491706014145], [0.00304602156393, -0.00441533979028, 0.00275304820389, -0.00680969888344, 0.0185549631715, -0.0120618874207, 0.00894244946539, -0.0067627960816, 0.00517485383898, -0.00385394878685, 0.00227811466902, -0.00313996267505, 0.000881636107806], [-0.00215419847518, 0.00259840651415, -0.000443272554548, 0.00167051400058, -0.0120618874207, 0.0206314530224, -0.0167684555054, 0.00886520184577, -0.00509038893506, 0.00318937562406, -0.000355682510417, 0.00183562573511, 0.000577198981773], [0.00286893546581, -0.00384757039137, 0.000355899450369, -0.00032301119063, 0.00894244946539, -0.0167684555054, 0.0277249123901, -0.0166608542204, 0.00681259296834, -0.00465267524123, 0.00133278931025, -0.00241451500915, 0.000356468226528], [-0.00295549957082, 0.00347398011945, -0.00393286487088, 0.00151294004172, -0.0067627960816, 0.00886520184577, -0.0166608542204, 0.0305582117289, -0.0182953029871, 0.0096062393859, -0.0036767043639, 0.00283999601379, -0.00248882058077], [0.00185925385449, -0.00241248961538, 0.00111893191934, -0.00182073493488, 0.00517485383898, -0.00509038893506, 0.00681259296834, -0.0182953029871, 0.0285621676594, -0.0203929543495, 0.00965242553502, -0.00363340042531, 7.12262408342e-05], [-0.00210786517709, 0.00199774419889, -0.00169612502214, 0.000721674005035, -0.00385394878685, 0.00318937562406, -0.00465267524123, 0.0096062393859, -0.0203929543495, 0.0345644727349, -0.0222696922719, 0.00998309720308, -0.00157721096184], [0.00150034006219, -0.00220991903916, -0.000395327515434, -0.000636367010884, 0.00227811466902, -0.000355682510417, 0.00133278931025, -0.0036767043639, 0.00965242553502, -0.0222696922719, 0.0318810120225, -0.0189776979387, 0.00665302015841], [-0.00124635291286, 0.000977731426246, 0.00067180005135, 0.000372756447177, -0.00313996267505, 0.00183562573511, -0.00241451500915, 0.00283999601379, -0.00363340042531, 0.00998309720308, -0.0189776979387, 0.0284324083477, -0.0123585956171], [0.000172990316059, -0.000743456999771, -0.000500738620758, 0.000491706014145, 0.000881636107806, 0.000577198981773, 0.000356468226528, -0.00248882058077, 7.12262408342e-05, -0.00157721096184, 0.00665302015841, -0.0123585956171, 0.0183748565614]]}, "spectral_contrast_coeffs": {"dmean": [0.0360815227032, 0.0346623472869, 0.0274826399982, 0.0221346449107, 0.0154873169959, 0.0103093199432], "dmean2": [0.0587247386575, 0.0564272999763, 0.0420669130981, 0.0349543020129, 0.0255387518555, 0.0174474176019], "dvar": [0.000909394293558, 0.00083281454863, 0.000493223604281, 0.000324692897266, 0.000149403160322, 7.45426950743e-05], "dvar2": [0.00247275317088, 0.00225029746071, 0.00113219604827, 0.000805785355624, 0.000390830216929, 0.000208190409467], "max": [-0.260850608349, -0.275308966637, -0.391093790531, -0.443440943956, -0.626137375832, -0.677315115929], "mean": [-0.584837913513, -0.637952625751, -0.701497554779, -0.740006804466, -0.818744182587, -0.813221037388], "median": [-0.586064815521, -0.64261007309, -0.705250382423, -0.743120133877, -0.82236623764, -0.813311457634], "min": [-0.968538045883, -0.985210180283, -0.965011417866, -0.95585244894, -0.953120350838, -0.957569181919], "var": [0.00788762513548, 0.0070883128792, 0.00441916519776, 0.00363004719839, 0.0012295988854, 0.000673870556056]}, "spectral_contrast_valleys": {"dmean": [0.298584461212, 0.256397247314, 0.235620155931, 0.195515170693, 0.137565046549, 0.10523468256], "dmean2": [0.48813828826, 0.422708123922, 0.384309202433, 0.326065033674, 0.229774907231, 0.176686510444], "dvar": [0.