{"lowlevel": {"average_loudness": 0.829903066158, "barkbands_crest": {"dmean": 3.0137591362, "dmean2": 4.73768568039, "dvar": 10.701125145, "dvar2": 26.1960906982, "max": 26.9969768524, "mean": 15.9168901443, "median": 15.1102962494, "min": 2.62946271896, "var": 33.7093544006}, "barkbands_flatness_db": {"dmean": 0.0710208788514, "dmean2": 0.102756977081, "dvar": 0.00671169348061, "dvar2": 0.0148833245039, "max": 0.806150257587, "mean": 0.30209928751, "median": 0.274962067604, "min": 0.0457918606699, "var": 0.0228498280048}, "barkbands_kurtosis": {"dmean": 208.187408447, "dmean2": 352.886749268, "dvar": 2049670.25, "dvar2": 5446367, "max": 26999.9609375, "mean": 200.13873291, "median": 17.7147636414, "min": -1.9925096035, "var": 1845592.875}, "barkbands_skewness": {"dmean": 3.07081460953, "dmean2": 4.54813289642, "dvar": 55.3615531921, "dvar2": 128.388793945, "max": 148.034790039, "mean": 5.47682905197, "median": 3.29568815231, "min": -14.6433897018, "var": 131.329208374}, "barkbands_spread": {"dmean": 9.37240028381, "dmean2": 14.2251462936, "dvar": 170.400177002, "dvar2": 359.372344971, "max": 127.843322754, "mean": 18.6005096436, "median": 8.71521472931, "min": 0.0031228212174, "var": 587.826843262}, "dissonance": {"dmean": 0.0607529915869, "dmean2": 0.0995538756251, "dvar": 0.00491211004555, "dvar2": 0.0127696283162, "max": 0.499998539686, "mean": 0.366092681885, "median": 0.394258379936, "min": 0.0254904516041, "var": 0.0121323633939}, "dynamic_complexity": 5.10529518127, "erbbands_crest": {"dmean": 4.07991123199, "dmean2": 6.35651540756, "dvar": 15.638051033, "dvar2": 38.2890968323, "max": 34.8695602417, "mean": 17.173582077, "median": 16.7630176544, "min": 3.04783630371, "var": 47.6344985962}, "erbbands_flatness_db": {"dmean": 0.0438264906406, "dmean2": 0.0631067231297, "dvar": 0.00248546618968, "dvar2": 0.00512996548787, "max": 0.691608011723, "mean": 0.239006757736, "median": 0.216547161341, "min": 0.0656025186181, "var": 0.0141245834529}, "erbbands_kurtosis": {"dmean": 14.0357160568, "dmean2": 21.9892597198, "dvar": 1102.37939453, "dvar2": 2364.54077148, "max": 561.482299805, "mean": 16.9031772614, "median": 2.66882610321, "min": -1.97344791889, "var": 1615.13916016}, "erbbands_skewness": {"dmean": 1.54458343983, "dmean2": 2.25750541687, "dvar": 3.26349639893, "dvar2": 7.22822237015, "max": 18.6024875641, "mean": 1.57766401768, "median": 1.24950933456, "min": -11.1941976547, "var": 8.6400604248}, "erbbands_spread": {"dmean": 22.786283493, "dmean2": 34.7968597412, "dvar": 812.01348877, "dvar2": 1883.03381348, "max": 234.489456177, "mean": 47.35962677, "median": 37.3734054565, "min": 0.19606924057, "var": 1713.23120117}, "hfc": {"dmean": 12.2433948517, "dmean2": 20.9455909729, "dvar": 533.830566406, "dvar2": 1402.58496094, "max": 222.360275269, "mean": 12.823641777, "median": 5.43356800079, "min": 2.00825223118e-09, "var": 453.768310547}, "melbands_crest": {"dmean": 3.73118233681, "dmean2": 5.93632125854, "dvar": 17.0490932465, "dvar2": 42.1083526611, "max": 39.6355819702, "mean": 20.6418914795, "median": 19.9753227234, "min": 4.29052829742, "var": 44.0158462524}, "melbands_flatness_db": {"dmean": 0.0806332603097, "dmean2": 0.116647563875, "dvar": 0.00895970407873, "dvar2": 0.0202257558703, "max": 0.885726034641, "mean": 0.373018145561, "median": 0.358000844717, "min": 0.0381293147802, "var": 0.0295217372477}, "melbands_kurtosis": {"dmean": 81.4832077026, "dmean2": 125.317878723, "dvar": 34374.71875, "dvar2": 81468.8359375, "max": 3009.08764648, "mean": 117.926872253, "median": 37.347114563, "min": -1.9851474762, "var": 60866.9921875}, "melbands_skewness": {"dmean": 2.87788438797, "dmean2": 4.27105665207, "dvar": 13.2385282516, "dvar2": 31.8217048645, "max": 41.9197845459, "mean": 5.76065254211, "median": 4.20758533478, "min": -8.52450942993, "var": 32.2630310059}, "melbands_spread": {"dmean": 12.7864952087, "dmean2": 20.7524604797, "dvar": 518.241455078, "dvar2": 1171.00256348, "max": 326.427032471, "mean": 20.8924102783, "median": 5.55869197845, "min": 0.10805106163, "var": 1497.18041992}, "pitch_salience": {"dmean": 0.10522415489, "dmean2": 0.168420940638, "dvar": 0.0154916830361, "dvar2": 0.0419758781791, "max": 0.9469627738, "mean": 0.424060404301, "median": 0.442571669817, "min": 0.00239048036747, "var": 0.0371440984309}, "silence_rate_20dB": {"dmean": 0, "dmean2": 0, "dvar": 0, "dvar2": 0, "max": 1, "mean": 1, "median": 1, "min": 1, "var": 0}, "silence_rate_30dB": {"dmean": 0.00394788803533, "dmean2": 0.00789889413863, "dvar": 0.00393225392327, "dvar2": 0.0117861079052, "max": 1, "mean": 0.998026847839, "median": 1, "min": 0, "var": 0.00196925131604}, "silence_rate_60dB": {"dmean": 0.0789577588439, "dmean2": 0.157582938671, "dvar": 0.0727266222239, "dvar2": 0.146181747317, "max": 1, "mean": 0.224151536822, "median": 0, "min": 0, "var": 0.173902675509}, "spectral_centroid": {"dmean": 422.188751221, "dmean2": 662.203491211, "dvar": 450039.0625, "dvar2": 905464.125, "max": 8227.25292969, "mean": 1006.23986816, "median": 557.613647461, "min": 51.350112915, "var": 1410234.25}, "spectral_complexity": {"dmean": 2.56375837326, "dmean2": 4.04146909714, "dvar": 21.0008583069, "dvar2": 39.1054267883, "max": 58, "mean": 5.12470388412, "median": 4, "min": 0, "var": 48.6981925964}, "spectral_decrease": {"dmean": 2.61707788773e-09, "dmean2": 4.15686374211e-09, "dvar": 2.08612237333e-17, "dvar2": 5.3901150048e-17, "max": 3.16564936236e-18, "mean": -5.73394842718e-09, "median": -4.07916189715e-09, "min": -3.88200405155e-08, "var": 3.84197204216e-17}, "spectral_energy": {"dmean": 0.0109171858057, "dmean2": 0.0174684021622, "dvar": 0.000350188580342, "dvar2": 0.000909489870537, "max": 0.154799714684, "mean": 0.02280437015, "median": 0.0161338988692, "min": 1.60044598559e-13, "var": 0.000600963481702}, "spectral_energyband_high": {"dmean": 0.000356979027856, "dmean2": 0.000558103027288, "dvar": 5.03217222558e-07, "dvar2": 1.16527223781e-06, "max": 0.00824527442455, "mean": 0.000420969823608, "median": 0.000157760048751, "min": 1.34051678178e-13, "var": 6.50399897495e-07}, "spectral_energyband_low": {"dmean": 0.00353113003075, "dmean2": 0.00527277356014, "dvar": 6.00634266448e-05, "dvar2": 0.000139216674143, "max": 0.0982375442982, "mean": 0.009745051153, "median": 0.00234506442212, "min": 1.20643936058e-14, "var": 0.000265951064648}, "spectral_energyband_middle_high": {"dmean": 0.00367862312123, "dmean2": 0.00675262184814, "dvar": 6.45483451081e-05, "dvar2": 0.000173050299054, "max": 0.077934987843, "mean": 0.00251997681335, "median": 0.00016302568838, "min": 6.99582722346e-15, "var": 4.56749075965e-05}, "spectral_energyband_middle_low": {"dmean": 0.00565792853013, "dmean2": 0.00838264916092, "dvar": 0.000163397824508, "dvar2": 0.000421295990236, "max": 0.142302915454, "mean": 0.011308632791, "median": 0.0057253879495, "min": 4.13886217237e-15, "var": 0.000253370497376}, "spectral_entropy": {"dmean": 0.600319027901, "dmean2": 0.876809179783, "dvar": 0.531578838825, "dvar2": 1.10333895683, "max": 8.98221111298, "mean": 6.58550596237, "median": 6.93509197235, "min": 2.29293847084, "var": 2.05704021454}, "spectral_flux": {"dmean": 0.0377642810345, "dmean2": 0.0573553480208, "dvar": 0.00276127504185, "dvar2": 0.00557274278253, "max": 0.364273369312, "mean": 0.0647606179118, "median": 0.0426953360438, "min": 6.69676182952e-06, "var": 0.00406124116853}, "spectral_kurtosis": {"dmean": 7.92742538452, "dmean2": 11.8130979538, "dvar": 445.203918457, "dvar2": 930.694213867, "max": 416.198822021, "mean": 13.9203071594, "median": 2.96147561073, "min": -1.52842092514, "var": 1627.46691895}, "spectral_rms": {"dmean": 0.0010646476876, "dmean2": 0.00159509282093, "dvar": 2.23859046855e-06, "dvar2": 5.45366674487e-06, "max": 0.0122891869396, "mean": 0.00394855486229, "median": 0.00396741554141, "min": 1.24956418546e-08, "var": 6.65699508318e-06}, "spectral_rolloff": {"dmean": 726.050109863, "dmean2": 1316.46618652, "dvar": 2578896, "dvar2": 5685955.5, "max": 18669.2871094, "mean": 1713.22399902, "median": 409.130859375, "min": 21.533203125, "var": 11436728}, "spectral_skewness": {"dmean": 0.741702854633, "dmean2": 1.05507719517, "dvar": 1.41681861877, "dvar2": 3.03849482536, "max": 16.9024276733, "mean": 2.30780243874, "median": 1.7305431366, "min": -0.748251616955, "var": 5.85968399048}, "spectral_spread": {"dmean": 2054856.75, "dmean2": 3011025.75, "dvar": 5184815628290.0, "dvar2": 11114218782700.0, "max": 17290958, "mean": 7544302.5, "median": 7149273, "min": 193353.390625, "var": 14170359595000.0}, "spectral_strongpeak": {"dmean": 0.501471161842, "dmean2": 0.832804381847, "dvar": 1.29761993885, "dvar2": 3.62580919266, "max": 8.65852546692, "mean": 0.911759734154, "median": 0.549099028111, "min": 0, "var": 1.23545205593}, "zerocrossingrate": {"dmean": 0.0173843931407, "dmean2": 0.0198388360441, "dvar": 0.000530244840775, "dvar2": 0.000631495960988, "max": 0.630859375, "mean": 0.0684289336205, "median": 0.03515625, "min": 0.001953125, "var": 0.00999572034925}, "barkbands": {"dmean": [7.58737878641e-05, 0.00209398753941, 0.00141149933916, 0.00108559499495, 0.00336268497631, 0.00111793039832, 0.000544698094018, 0.000384491577279, 0.00011977450049, 0.000187424491742, 4.89208796353e-05, 7.41736221244e-05, 7.61090050219e-05, 0.000167227932252, 0.000210056226933, 0.000178351634531, 0.00271579949185, 0.000124466911075, 4.64958902739e-05, 4.83327239635e-05, 3.57104618161e-05, 3.79088342015e-05, 4.56682573713e-05, 0.000124800862977, 7.59558170103e-05, 3.1589250284e-05, 7.9648434621e-06], "dmean2": [0.000110853456135, 0.00303865317255, 0.00222045485862, 0.00176080840174, 0.00499610370025, 0.00163974054158, 0.000662241538521, 0.000436816393631, 0.000212613609619, 0.000303142966004, 7.94595907792e-05, 0.000116976363643, 0.000125907929032, 0.000309878203552, 0.000400297401939, 0.000327140267473, 0.00511711603031, 0.000225276889978, 7.44055723771e-05, 8.04789669928e-05, 5.74464429519e-05, 5.73948818783e-05, 7.2389455454e-05, 0.00019142072415, 0.000128175670397, 5.65698501305e-05, 1.45721951412e-05], "dvar": [2.82696692722e-08, 2.51071214734e-05, 1.46563197632e-05, 7.8396869867e-06, 0.000107769941678, 8.36102117319e-06, 2.33402488448e-06, 1.61960122114e-06, 1.16497901104e-07, 3.51831886292e-07, 4.56019648709e-08, 2.02802155513e-07, 1.29593445308e-07, 1.5027923439e-07, 1.49211231815e-07, 2.13215116673e-07, 4.44482357125e-05, 1.28355665652e-07, 5.5101462948e-08, 1.75913097422e-08, 1.17214637996e-08, 1.17778844455e-08, 1.13191642725e-08, 3.92120220738e-08, 3.0650241456e-08, 8.55391846244e-09, 6.82394474261e-10], "dvar2": [6.21804119305e-08, 5.96298268647e-05, 3.52952774847e-05, 1.98280886252e-05, 0.000269892596407, 2.05806572922e-05, 3.46853471456e-06, 1.78044103905e-06, 3.21673553572e-07, 9.41584517022e-07, 9.54269552267e-08, 3.78714844373e-07, 3.44039818856e-07, 3.72095996681e-07, 3.8191953422e-07, 5.55735141461e-07, 0.000123887424706, 3.24405704077e-07, 1.3414030775e-07, 3.99154629349e-08, 2.29260734841e-08, 2.2884506734e-08, 2.53431480246e-08, 9.27778884829e-08, 8.16492331523e-08, 2.37771899947e-08, 1.90144788803e-09], "max": [0.00469850748777, 0.085765004158, 0.0458078123629, 0.0323421992362, 0.132170006633, 0.0718871206045, 0.0492672286928, 0.0315498262644, 0.00288582826033, 0.00692149158567, 0.0046818908304, 0.011656248942, 0.00696427375078, 0.00744014373049, 0.00391497509554, 0.00699457433075, 0.0428327210248, 0.00707493443042, 0.00587667245418, 0.00283434311859, 0.00203721388243, 0.00211655232124, 0.00210954854265, 0.00187527714297, 0.00181924446952, 0.000587739632465, 0.000162710770383], "mean": [0.000304346875055, 0.00613035401329, 0.00213559623808, 0.00169564399403, 0.00503195961937, 0.00234858435579, 0.0012286757119, 0.00087940110825, 0.000103139747807, 0.000211071426747, 5.138544293e-05, 8.9780522103e-05, 7.47587764636e-05, 0.000114520000352, 0.000138043804327, 0.000125382095575, 0.00156505033374, 8.94488039194e-05, 4.32048836956e-05, 4.50126644864e-05, 3.90428140236e-05, 4.36128138972e-05, 5.79005718464e-05, 0.000162444091984, 6.83719845256e-05, 2.2480106054e-05, 5.15017927682e-06], "median": [1.64671091625e-05, 0.00091783888638, 8.42196750455e-05, 5.85472516832e-05, 0.000612416770309, 0.000130673055537, 9.07708999875e-06, 2.14680330828e-05, 3.37429264619e-06, 1.58425900736e-05, 1.97747067432e-06, 5.8486693888e-06, 4.21655522587e-06, 4.2633519115e-06, 3.31877345161e-06, 2.60679007624e-06, 3.88485022995e-06, 1.98037810151e-06, 1.2645600691e-06, 4.16638067691e-06, 1.54159408794e-06, 2.17477008846e-06, 8.59950159793e-06, 8.77125858096e-05, 1.53133914864e-05, 2.85275655187e-06, 3.64785307738e-07], "min": [5.56906756293e-15, 6.41270602564e-15, 2.25758929102e-15, 1.11694465458e-15, 1.80793147482e-15, 6.67426069415e-16, 2.85720227326e-16, 1.10523300795e-16, 1.46960401637e-16, 6.77549198396e-17, 1.44819578802e-16, 2.74601199357e-16, 6.94403962906e-16, 4.26881841406e-16, 1.36631549529e-15, 6.57240021768e-16, 6.1572741348e-16, 3.66799518056e-16, 8.35406043625e-16, 2.84687350056e-15, 3.23525907094e-15, 1.26096926649e-15, 3.82362827313e-15, 1.87445807777e-15, 1.78539840789e-14, 4.04531483723e-14, 6.48156929604e-14], "var": [5.87671706853e-07, 0.000174364919076, 1.90283335542e-05, 1.21968623716e-05, 0.000132327128085, 3.63844592357e-05, 2.06771401281e-05, 1.11373301479e-05, 1.00105118861e-07, 4.06369224493e-07, 7.00069762161e-08, 2.86569047603e-07, 1.36144677754e-07, 1.37786585697e-07, 1.33244029143e-07, 1.79114479693e-07, 2.62864741671e-05, 1.15933772804e-07, 5.59993580396e-08, 2.22248122128e-08, 1.95925764501e-08, 2.18138929142e-08, 1.91594899945e-08, 4.66271679045e-08, 2.39285302683e-08, 5.33702992911e-09, 4.12758716095e-10]}, "erbbands": {"dmean": [0.0646004453301, 0.4681673944, 1.29785478115, 3.25268149376, 6.96225118637, 13.0681600571, 10.3906593323, 9.30908489227, 9.76511287689, 4.3174533844, 7.71548318863, 3.14165496826, 4.61945390701, 4.05826854706, 2.21366691589, 2.85389661789, 3.44398498535, 5.73207378387, 14.6137733459, 7.61593914032, 46.4116706848, 137.062484741, 11.6800031662, 3.52541327477, 2.63069391251, 2.10990858078, 1.43181192875, 1.55300533772, 1.3661416769, 1.33620119095, 1.34674584866, 2.17374873161, 2.15150666237, 0.954475224018, 0.503502905369, 0.18135279417, 0.0440141297877, 0.0128353070468, 0.00139959272929, 6.72267997288e-05], "dmean2": [0.088330693543, 0.701593399048, 2.01716732979, 5.12284231186, 10.6722993851, 20.1612510681, 13.5360584259, 14.402545929, 11.7531652451, 5.92580127716, 8.9797000885, 5.43667125702, 7.5515332222, 6.55526065826, 3.62234950066, 4.36274147034, 5.78859996796, 10.3042993546, 27.8956108093, 14.1288814545, 86.5721359253, 257.950134277, 21.2771911621, 6.27424001694, 4.48710012436, 3.43149709702, 2.28781914711, 2.46337246895, 2.065356493, 2.10660076141, 2.11747145653, 3.37935328484, 3.31052517891, 1.57730150223, 0.853537499905, 0.320672899485, 0.0790197402239, 0.0234385933727, 0.00256323767826, 0.000119554490084], "dvar": [0.0266592875123, 1.35821831226, 12.8214159012, 70.8447952271, 377.674804688, 2012.18676758, 514.578125, 644.844726562, 757.038452148, 87.6281051636, 600.974853516, 73.7013320923, 192.835540771, 150.424224854, 127.868499756, 310.961151123, 260.893585205, 385.807861328, 671.233642578, 318.379943848, 12426.3974609, 113281.171875, 752.231689453, 114.058197021, 131.405410767, 37.2012367249, 27.0665035248, 17.9056682587, 16.3012447357, 11.9350976944, 9.08749961853, 13.309548378, 11.230093956, 4.17824983597, 1.44941270351, 0.247863799334, 0.0174660533667, 0.00175947381649, 2.10720190807e-05, 3.50722153541e-08], "dvar2": [0.0554432123899, 3.2988114357, 31.4769515991, 170.512481689, 912.976013184, 5200.89794922, 1165.26098633, 1764.07104492, 1149.57617188, 142.051254272, 681.543395996, 203.759414673, 520.237731934, 399.294647217, 260.110229492, 590.321472168, 657.977294922, 917.982543945, 1788.34008789, 789.645141602, 34339.0429688, 315437.28125, 1946.64318848, 253.653091431, 327.290893555, 81.58543396, 54.9104385376, 35.3852424622, 32.1683540344, 24.8643608093, 20.016122818, 31.5899581909, 26.6080856323, 10.8515806198, 3.93983793259, 0.686934947968, 0.0483691096306, 0.00491743255407, 5.87917493249e-05, 9.64798729797e-08], "max": [4.26472473145, 18.350276947, 52.6094512939, 103.827606201, 231.62121582, 546.062011719, 583.426818848, 325.267425537, 879.714538574, 194.661239624, 613.344360352, 83.7323455811, 189.737350464, 132.976837158, 296.624664307, 511.0887146, 323.16027832, 445.685302734, 197.513031006, 274.332550049, 683.967102051, 2238.02783203, 355.606323242, 217.678955078, 279.991088867, 135.417984009, 112.236976624, 74.7511901855, 78.7479705811, 53.4786682129, 57.8798370361, 35.1785430908, 31.4359207153, 18.7911167145, 12.4274301529, 4.23987674713, 0.796049952507, 0.257383555174, 0.0288915317506, 0.00120928627439], "mean": [0.253617316484, 1.06517016888, 2.08369922638, 5.31531476974, 8.79304504395, 16.3428688049, 27.4709606171, 16.1829509735, 22.5003967285, 8.30311203003, 17.2984466553, 3.14438223839, 5.14886665344, 4.3313164711, 2.53291153908, 3.32150959969, 3.52405285835, 4.43451595306, 9.1762638092, 5.57235717773, 28.2098007202, 79.3474502563, 7.92122602463, 2.85717630386, 2.32712101936, 2.0919213295, 1.53604722023, 1.69044566154, 1.53826928139, 1.56925427914, 1.75705480576, 2.60009551048, 2.91722941399, 0.929442107677, 0.434175103903, 0.135053619742, 0.03158281371, 0.0084912320599, 0.000912437506486, 6.19480342721e-05], "median": [0.0262211728841, 0.183305561543, 0.231316655874, 0.323312878609, 0.756180524826, 1.83217024803, 2.22701740265, 0.927573502064, 0.654575526714, 0.59432965517, 0.589914023876, 0.322063833475, 0.53823530674, 0.515981137753, 0.25759691, 0.226777136326, 0.234899044037, 0.236376047134, 0.221950858831, 0.235468834639, 0.230851128697, 0.238865196705, 0.156480997801, 0.0832882300019, 0.10799331218, 0.209781989455, 0.0936589315534, 0.0625773966312, 0.0722939148545, 0.128966331482, 0.326981365681, 1.0408809185, 1.74810481071, 0.25415956974, 0.0765261426568, 0.018642231822, 0.00436924537644, 0.000834334408864, 8.05430463515e-05, 2.34457074839e-05], "min": [2.65736000912e-13, 1.16932765554e-12, 2.60714475182e-12, 3.46710464158e-12, 4.1109945309e-12, 6.4887080084e-12, 8.0720291562e-12, 4.24367615701e-12, 3.16662689993e-12, 4.67494706141e-12, 2.19846450072e-12, 3.61998950781e-12, 1.41552275543e-12, 4.16275434262e-12, 8.16962990313e-12, 1.22590453414e-11, 3.12430741001e-11, 2.14530285897e-11, 5.09970815576e-11, 7.71887900819e-11, 2.05994891284e-11, 3.42617843818e-11, 2.38103443212e-11, 3.2168972347e-11, 5.26518065258e-11, 1.46247486343e-10, 1.58109317305e-10, 9.15130402013e-11, 4.29504591615e-11, 9.16270184725e-11, 9.30980847968e-11, 6.66778576797e-11, 4.30861908651e-11, 1.51489515376e-10, 1.41154962718e-10, 9.27256535443e-11, 9.23901996575e-11, 3.99413939423e-11, 8.88285105194e-12, 1.01043771874e-12], "var": [0.40338948369, 4.42510890961, 17.3867778778, 105.642623901, 458.962860107, 1968.13793945, 3460.22265625, 1253.19604492, 6591.68603516, 492.8097229, 4048.84838867, 64.8832168579, 215.783538818, 156.50793457, 179.972640991, 423.60723877, 296.393371582, 387.164550781, 492.546966553, 353.481964111, 7663.71582031, 67229.6640625, 609.405273438, 130.799346924, 128.701263428, 49.6630249023, 39.8018417358, 31.5166511536, 29.2829456329, 21.2013454437, 15.4410638809, 15.5409259796, 13.6843566895, 3.56297516823, 1.07038533688, 0.160297244787, 0.0109484521672, 0.00105929316487, 1.27062157844e-05, 2.27643788264e-08]}, "gfcc": {"mean": [-177.173233032, 61.2440910339, -52.7830924988, 27.9082794189, -60.1525497437, 20.0450649261, -52.9849357605, 12.5919265747, -15.7596035004, -6.0841422081, -7.56310367584, -3.41892981529, -1.47917807102], "cov": [[50347.3671875, 3523.86572266, -1422.50744629, 3736.79077148, -424.542053223, 762.045471191, -2824.06518555, -693.718444824, -1699.87341309, -973.976623535, -452.210266113, 1169.5090332, 1041.02722168], [3523.86572266, 3500.96411133, 300.636627197, -413.587432861, -28.5686016083, -176.481018066, 235.547515869, -265.399658203, -16.6006565094, -141.568664551, 191.499893188, -185.376724243, 136.437164307], [-1422.50744629, 300.636627197, 3769.77807617, 1731.98205566, 320.072570801, 1087.98937988, 92.1124801636, -79.0092315674, -484.272247314, -553.877502441, 106.798210144, 22.9895744324, 266.750274658], [3736.79077148, -413.587432861, 1731.98205566, 2213.12841797, 863.193664551, 865.467163086, -218.852844238, -24.9966850281, -431.747924805, -372.816314697, -97.14478302, 257.304077148, 201.756607056], [-424.542053223, -28.5686016083, 320.072570801, 863.193664551, 1488.06018066, 577.784484863, 333.133270264, 137.755508423, 33.8717002869, -138.10017395, -158.117233276, 2.16313838959, -111.970848083], [762.045471191, -176.481018066, 1087.98937988, 865.467163086, 577.784484863, 1186.46569824, 304.226654053, 102.183113098, -313.372528076, -250.103637695, 25.412273407, 16.6232357025, 69.5463485718], [-2824.06518555, 235.547515869, 92.1124801636, -218.852844238, 333.133270264, 304.226654053, 726.433959961, 212.625152588, 149.755447388, 77.4778518677, 28.3719100952, -141.740615845, -99.613609314], [-693.718444824, -265.399658203, -79.0092315674, -24.9966850281, 137.755508423, 102.183113098, 212.625152588, 323.981384277, 211.604400635, 59.848400116, -43.2510795593, -20.6140403748, -46.8397064209], [-1699.87341309, -16.6006565094, -484.272247314, -431.747924805, 33.8717002869, -313.372528076, 149.755447388, 211.604400635, 454.287689209, 278.647827148, 67.4093933105, -63.5201225281, -109.261032104], [-973.976623535, -141.568664551, -553.877502441, -372.816314697, -138.10017395, -250.103637695, 77.4778518677, 59.848400116, 278.647827148, 449.973510742, 198.669555664, 20.7337474823, -80.8386077881], [-452.210266113, 191.499893188, 106.798210144, -97.14478302, -158.117233276, 25.412273407, 28.3719100952, -43.2510795593, 67.4093933105, 198.669555664, 295.794067383, 80.8213119507, 76.9637756348], [1169.5090332, -185.376724243, 22.9895744324, 257.304077148, 2.16313838959, 16.6232357025, -141.740615845, -20.6140403748, -63.5201225281, 20.7337474823, 80.8213119507, 262.467987061, 158.699768066], [1041.02722168, 136.437164307, 266.750274658, 201.756607056, -111.970848083, 69.5463485718, -99.613609314, -46.8397064209, -109.261032104, -80.8386077881, 76.9637756348, 158.699768066, 241.779907227]], "icov": [[9.03176478459e-05, -0.000224895062274, 0.000198462585104, -0.000263310736045, 0.000197526314878, -0.000261990440777, 0.00033765277476, -0.00018232713046, 9.10464223125e-05, -0.000146281730849, 0.000322530831909, -0.00023576291278, 5.37386331416e-05], [-0.000224895062274, 0.00101708783768, -0.00046489041415, 0.000663481594529, -0.000644695071969, 0.000919122772757, -0.00108969619032, 0.000807820179034, -0.000306016445393, 0.000863046851009, -0.00149114744272, 0.0012854328379, -0.000720571726561], [0.000198462585104, -0.00046489041415, 0.00119105982594, -0.00131210475229, 0.000802316295449, -0.000700356438756, 0.000355562049663, -0.000132643035613, -0.000247139658313, 0.000780173751991, -0.000339928286849, 0.00014479397214, 4.47994207207e-05], [-0.000263310736045, 0.000663481594529, -0.00131210475229, 0.00265230215155, -0.00162269198336, 0.000446497171652, 0.000116315837658, -0.000219978013774, 0.000903025502339, -0.000682444253471, 2.04567149922e-05, -0.000196869310457, -0.000578303763177], [0.000197526314878, -0.000644695071969, 0.000802316295449, -0.00162269198336, 0.00248145498335, -0.0016434447607, -0.000281533517409, 0.00142019183841, -0.00240318407305, 0.000606965506449, 0.00185907864943, -0.00190383277368, 0.00153805920854], [-0.000261990440777, 0.000919122772757, -0.000700356438756, 0.000446497171652, -0.0016434447607, 0.00416369037703, -0.00162598583847, -0.0025331764482, 0.00367109198123, 0.00103104894515, -0.00413942337036, 0.0024242575746, -0.000379788863938], [0.00033765277476, -0.00108969619032, 0.000355562049663, 0.000116315837658, -0.000281533517409, -0.00162598583847, 0.00453977705911, -0.00283700739965, 0.00142059137579, -0.00194130721502, 0.00125869992189, 0.000118473210023, -0.000155682428158], [-0.00018232713046, 0.000807820179034, -0.000132643035613, -0.000219978013774, 0.00142019183841, -0.0025331764482, -0.00283700739965, 0.0113364476711, -0.0090651223436, 0.00149738870095, 0.00381695781834, -0.00218743109144, -0.000302342930809], [9.10464223125e-05, -0.000306016445393, -0.000247139658313, 0.000903025502339, -0.00240318407305, 0.00367109198123, 0.00142059137579, -0.0090651223436, 0.0127508342266, -0.00382624613121, -0.00338782253675, 0.00309811905026, -0.000512291677296], [-0.000146281730849, 0.000863046851009, 0.000780173751991, -0.000682444253471, 0.000606965506449, 0.00103104894515, -0.00194130721502, 0.00149738870095, -0.00382624613121, 0.00954094622284, -0.00687223440036, -0.00083110271953, 0.00352033856325], [0.000322530831909, -0.00149114744272, -0.000339928286849, 2.04567149922e-05, 0.00185907864943, -0.00413942337036, 0.00125869992189, 0.00381695781834, -0.00338782253675, -0.00687223440036, 0.0139431711286, -0.00449793832377, -0.00219434988685], [-0.00023576291278, 0.0012854328379, 0.00014479397214, -0.000196869310457, -0.00190383277368, 0.0024242575746, 0.000118473210023, -0.00218743109144, 0.00309811905026, -0.00083110271953, -0.00449793832377, 0.0122077669948, -0.00711867026985], [5.37386331416e-05, -0.000720571726561, 4.47994207207e-05, -0.000578303763177, 0.00153805920854, -0.000379788863938, -0.000155682428158, -0.000302342930809, -0.000512291677296, 0.00352033856325, -0.00219434988685, -0.00711867026985, 0.0117597831413]]}, "melbands": {"dmean": [0.00057608995121, 0.000637873774394, 0.000567057984881, 0.000834394420963, 0.00038333327393, 0.000211056423723, 0.00013122119708, 5.92871037952e-05, 5.38869389857e-05, 1.81936757144e-05, 2.46314084507e-05, 1.90818245756e-05, 6.47501474305e-06, 9.12493123906e-06, 5.93546246819e-06, 8.508251085e-06, 1.06586039692e-05, 2.5548355552e-05, 1.20214599519e-05, 9.12879113457e-06, 7.53556596464e-05, 0.000201464426937, 1.04753416963e-05, 6.05839795753e-06, 2.29168790611e-06, 1.84338887266e-06, 2.02033083951e-06, 1.26722693494e-06, 9.50237847519e-07, 8.16780016066e-07, 9.40941617955e-07, 7.95646997176e-07, 7.2845887189e-07, 7.65334846164e-07, 7.95158541678e-07, 8.00852774319e-07, 1.6829166043e-06, 1.83893303074e-06, 9.84809162219e-07, 7.53285348765e-07], "dmean2": [0.000813040125649, 0.000969061045907, 0.000889751419891, 0.00126906845253, 0.000531515455805, 0.000316350662615, 0.000162196578458, 7.44617500459e-05, 6.4617190219e-05, 3.25152759615e-05, 4.00255594286e-05, 3.05166249746e-05, 1.06733286884e-05, 1.43319302879e-05, 9.31933846005e-06, 1.43350716826e-05, 1.91651433852e-05, 4.87827201141e-05, 2.25219391723e-05, 1.67069320014e-05, 0.000141302050906, 0.00037982154754, 1.91219678527e-05, 1.10641976789e-05, 4.05597029385e-06, 3.04853347188e-06, 3.57801968676e-06, 2.05471837944e-06, 1.50365008267e-06, 1.35414336455e-06, 1.50033383761e-06, 1.22468952668e-06, 1.13063561002e-06, 1.23154438825e-06, 1.24273731217e-06, 1.28479655359e-06, 2.62560092779e-06, 2.82203541246e-06, 1.60276840688e-06, 1.27861324017e-06], "dvar": [1.95586085283e-06, 2.64091295321e-06, 1.81785856057e-06, 7.47164403947e-06, 8.05900015166e-07, 2.99594290709e-07, 1.32706418299e-07, 2.67621089733e-08, 2.63742983009e-08, 2.81530376789e-09, 5.63290658562e-09, 3.30540572691e-09, 9.01984709145e-10, 3.36950622959e-09, 9.32618315908e-10, 1.56931534434e-09, 1.49156687002e-09, 2.06048511586e-09, 5.68731617356e-10, 7.96313404106e-10, 3.34045928696e-08, 2.45964855594e-07, 7.55340290315e-10, 2.43996517435e-10, 5.8423647864e-11, 1.00930874769e-10, 3.50547715855e-11, 1.59433299896e-11, 1.32618976564e-11, 6.31273462323e-12, 6.80681726262e-12, 5.6755685221e-12, 4.54212535639e-12, 4.00006503615e-12, 3.51484921897e-12, 2.40209891908e-12, 7.74484035931e-12, 7.33789765062e-12, 3.77713442121e-12, 2.8731229635e-12], "dvar2": [4.53584334537e-06, 6.40625376036e-06, 4.46251624453e-06, 1.82453986781e-05, 2.05998026104e-06, 8.02331612704e-07, 2.10905753306e-07, 3.16209884943e-08, 3.15110675331e-08, 7.73969688339e-09, 1.51164929463e-08, 8.80650041779e-09, 1.9130534934e-09, 6.31881302837e-09, 1.94826221822e-09, 4.17821688359e-09, 3.59951601858e-09, 5.55861223717e-09, 1.39609757088e-09, 2.09642347926e-09, 9.2778272176e-08, 6.85605300532e-07, 1.97171545757e-09, 6.1741362023e-10, 1.27145668993e-10, 2.59333360342e-10, 8.53740411699e-11, 3.4986263886e-11, 2.77086322636e-11, 1.32916993384e-11, 1.43332099661e-11, 1.12447828826e-11, 9.53707772477e-12, 9.04288015996e-12, 7.82737416549e-12, 5.43926015339e-12, 1.85701211353e-11, 1.6969002592e-11, 9.74456799974e-12, 7.51236833157e-12], "max": [0.0295082870871, 0.0237203706056, 0.0152175957337, 0.0341379232705, 0.015126994811, 0.00819329731166, 0.0114167155698, 0.00391353713349, 0.00399968121201, 0.000548054522369, 0.00101263308898, 0.000616934383288, 0.000737406080589, 0.00153148325626, 0.000854301499203, 0.000693724839948, 0.000895673700143, 0.000352396164089, 0.00031953729922, 0.000533143815119, 0.00107299373485, 0.00323009397835, 0.000348036643118, 0.000302355387248, 0.000162031166838, 0.000259573251242, 0.000124488127767, 8.4359831817e-05, 8.04036317277e-05, 4.53658103652e-05, 5.23274975421e-05, 4.40643307229e-05, 4.34052053606e-05, 3.83894912375e-05, 3.96822542825e-05, 1.69605045812e-05, 2.45323208219e-05, 2.64954469458e-05, 1.76058038051e-05, 1.61127718457e-05], "mean": [0.00190964515787, 0.00120996683836, 0.00091372593306, 0.000974307477009, 0.000916206277907, 0.000399474607548, 0.000290722033242, 0.000120910088299, 0.000116302115202, 1.51061449287e-05, 2.76881510217e-05, 2.09758745768e-05, 7.11787515684e-06, 1.07725136331e-05, 6.63073205942e-06, 8.20043896965e-06, 7.95177220425e-06, 1.57455106091e-05, 8.39132189867e-06, 6.5844051278e-06, 4.48578211945e-05, 0.000115741306217, 7.09981031832e-06, 4.221897143e-06, 1.93079313249e-06, 1.71470787791e-06, 1.65118535733e-06, 1.30776822971e-06, 9.78855268841e-07, 8.66579284775e-07, 1.003814873e-06, 8.87940359462e-07, 8.04459091341e-07, 8.8618025984e-07, 1.06293157387e-06, 9.07097330582e-07, 1.9635733679e-06, 2.59361786448e-06, 1.03443233002e-06, 6.72136934554e-07], "median": [0.000254354032222, 0.000241153436946, 8.81594678503e-05, 8.39578133309e-05, 8.19102569949e-05, 1.94887979887e-05, 4.07764446209e-06, 5.2133027566e-06, 3.64231527783e-06, 4.69523058655e-07, 2.33047376241e-06, 2.19862272388e-06, 5.41659460396e-07, 6.58462454339e-07, 3.71485469941e-07, 3.6435238826e-07, 3.68851772237e-07, 3.70774557723e-07, 2.26938027481e-07, 2.25752103233e-07, 2.37868661657e-07, 2.44700487428e-07, 1.18126536108e-07, 9.65242321627e-08, 5.51522632009e-08, 4.92937601848e-08, 1.28240884578e-07, 1.35342659746e-07, 3.78428097747e-08, 3.42506751849e-08, 3.46060531342e-08, 3.75516293616e-08, 4.3287510465e-08, 7.17879373724e-08, 1.30784684416e-07, 2.06130906122e-07, 8.34777097225e-07, 1.586461849e-06, 3.89901288145e-07, 1.19908321494e-07], "min": [2.34500880865e-15, 1.45423211538e-15, 6.21314072223e-16, 3.73690051672e-16, 2.94886659062e-16, 9.93923680431e-17, 5.16255828004e-17, 4.60739766628e-17, 1.83914162799e-17, 2.18539926696e-17, 6.4029267755e-18, 1.58610542424e-17, 2.30209691517e-17, 3.21963939958e-17, 4.50770718235e-17, 6.94549546694e-17, 3.42954078135e-17, 7.22930642906e-17, 1.09260923918e-16, 7.92171152656e-17, 1.39927791478e-17, 3.47188845825e-17, 3.41280261622e-17, 1.40905105372e-17, 2.67615675628e-17, 3.4177656999e-17, 6.86520997843e-17, 9.98818869122e-17, 8.31648181954e-17, 9.752609638e-17, 4.53287597228e-17, 2.58703019594e-17, 2.0165852697e-17, 6.37053347281e-17, 4.33007047667e-17, 6.14265580196e-17, 3.29072200747e-17, 1.38724938519e-17, 8.95043634973e-17, 1.2337549714e-16], "var": [1.9562046873e-05, 4.44342003902e-06, 2.66771144197e-06, 7.94000243332e-06, 3.44459294865e-06, 7.68070435697e-07, 1.10889072857e-06, 1.79689294555e-07, 1.73772946255e-07, 2.29574559363e-09, 6.54933796085e-09, 3.59357010815e-09, 1.32186317447e-09, 4.68424810052e-09, 1.31118271796e-09, 1.62151403416e-09, 1.40653877434e-09, 1.43086009707e-09, 6.0666854873e-10, 7.31987026548e-10, 2.01372500896e-08, 1.45207039282e-07, 6.03480987404e-10, 2.20050658251e-10, 6.95399987594e-11, 9.3006838342e-11, 3.5460821779e-11, 2.09691587011e-11, 1.79650148924e-11, 1.00100787034e-11, 1.09339447218e-11, 1.02535558169e-11, 7.32575718837e-12, 6.46876822941e-12, 5.89198481671e-12, 3.61110490468e-12, 8.45121975873e-12, 9.67254141365e-12, 3.48024018458e-12, 2.32917049363e-12]}, "mfcc": {"mean": [-816.643066406, 88.4932556152, 57.649559021, 13.6927843094, 28.7759933472, 0.0490362010896, -2.01444530487, 3.65245485306, -2.29327487946, 2.72078442574, -11.4585800171, 3.24835371971, -4.61307144165], "cov": [[24662.8085938, 2711.578125, -1851.67565918, 763.644226074, 890.68347168, -35.475479126, -807.110961914, -372.328033447, -339.934326172, -627.760437012, -773.638183594, -307.438415527, -38.7513008118], [2711.578125, 2663.6315918, 498.869567871, 233.878829956, 98.2650299072, 167.518692017, 142.022842407, 23.9675788879, -197.510482788, 20.1881542206, -194.292999268, -144.460571289, 24.043762207], [-1851.67565918, 498.869567871, 3131.64770508, 591.956237793, 586.442138672, 402.515655518, 554.274047852, 325.719909668, -60.0118942261, -17.4609413147, -441.829406738, -101.705818176, -39.5306587219], [763.644226074, 233.878829956, 591.956237793, 914.164245605, 582.987731934, 287.189361572, 165.769073486, 193.193389893, 162.858627319, -92.5078125, -87.5620346069, -16.6931838989, 9.43927574158], [890.68347168, 98.2650299072, 586.442138672, 582.987731934, 1021.43029785, 486.37789917, 396.997161865, 341.253601074, 222.681869507, -61.5712280273, -146.480514526, 40.9482192993, -74.3467559814], [-35.475479126, 167.518692017, 402.515655518, 287.189361572, 486.37789917, 597.377197266, 544.897521973, 302.261169434, 130.214767456, 42.5728530884, -11.6847019196, -21.7330493927, -21.075422287], [-807.110961914, 142.022842407, 554.274047852, 165.769073486, 396.997161865, 544.897521973, 710.676879883, 414.704833984, 203.164733887, 98.5122833252, -4.67624759674, -35.0866470337, -60.0630226135], [-372.328033447, 23.9675788879, 325.719909668, 193.193389893, 341.253601074, 302.261169434, 414.704833984, 431.247589111, 283.813690186, 62.2420120239, -32.9689178467, 1.27599716187, -33.7545166016], [-339.934326172, -197.510482788, -60.0118942261, 162.858627319, 222.681869507, 130.214767456, 203.164733887, 283.813690186, 356.093017578, 104.022911072, 129.180252075, 50.3783187866, -37.7770690918], [-627.760437012, 20.1881542206, -17.4609413147, -92.5078125, -61.5712280273, 42.5728530884, 98.5122833252, 62.2420120239, 104.022911072, 290.372924805, 201.67427063, 81.7637252808, 41.8876914978], [-773.638183594, -194.292999268, -441.829406738, -87.5620346069, -146.480514526, -11.6847019196, -4.67624759674, -32.9689178467, 129.180252075, 201.67427063, 398.278991699, 177.583251953, 68.7723388672], [-307.438415527, -144.460571289, -101.705818176, -16.6931838989, 40.9482192993, -21.7330493927, -35.0866470337, 1.27599716187, 50.3783187866, 81.7637252808, 177.583251953, 231.874404907, 143.612869263], [-38.7513008118, 24.043762207, -39.5306587219, 9.43927574158, -74.3467559814, -21.075422287, -60.0630226135, -33.7545166016, -37.7770690918, 41.8876914978, 68.7723388672, 143.612869263, 227.420150757]], "icov": [[6.67954518576e-05, -7.20330644981e-05, 7.66768571339e-05, -2.64603131654e-05, -5.89457740716e-05, -9.73207424977e-05, 0.000112035711936, 0.000103425722045, -9.17537763598e-05, -1.9702134523e-05, 0.000221596535994, -5.26582407474e-05, 4.70394888907e-06], [-7.20330644981e-05, 0.000545563409105, -6.12037620158e-05, -0.000158629743964, -3.8525871787e-05, 0.000248491036473, -0.000158808514243, -0.000546277093235, 0.000875852070749, -0.000302100437693, -0.0003693557519, 0.000552022072952, -0.000222365983063], [7.66768571339e-05, -6.12037620158e-05, 0.000722521857824, -0.000608870002907, 9.92688001134e-05, 0.000275090744253, -0.000731204287149, 0.000226126765483, 0.000389721681131, -0.000732409826014, 0.0014443222899, -0.00097771640867, 0.000449076789664], [-2.64603131654e-05, -0.000158629743964, -0.000608870002907, 0.00280380714685, -0.00161451427266, -0.000596619094722, 0.00138211785816, -0.000186477758689, -0.00123078131583, 0.0015086659696, -0.00208532996476, 0.00289566279389, -0.00213598366827], [-5.89457740716e-05, -3.8525871787e-05, 9.92688001134e-05, -0.00161451427266, 0.00489145284519, -0.00383679708466, 0.000374554219889, 0.00174308812711, -0.0027817513328, -0.000737898342777, 0.00514892395586, -0.00706828013062, 0.00425976514816], [-9.73207424977e-05, 0.000248491036473, 0.000275090744253, -0.000596619094722, -0.00383679708466, 0.0109953368083, -0.006940276362, -0.0017430925509, 0.00447302311659, 0.000606977089774, -0.0048109786585, 0.00558483647183, -0.00373798189685], [0.000112035711936, -0.000158808514243, -0.000731204287149, 0.00138211785816, 0.000374554219889, -0.006940276362, 0.0104230111465, -0.00645416975021, 0.0014761898201, -1.50269579535e-05, -0.00208519026637, 0.00125598302111, 0.00121093122289], [0.000103425722045, -0.000546277093235, 0.000226126765483, -0.000186477758689, 0.00174308812711, -0.0017430925509, -0.00645416975021, 0.0187349040061, -0.0142072578892, -0.00124071014579, 0.0100837210193, -0.0059999646619, 0.000214940388105], [-9.17537763598e-05, 0.000875852070749, 0.000389721681131, -0.00123078131583, -0.0027817513328, 0.00447302311659, 0.0014761898201, -0.0142072578892, 0.0172792654485, -0.000551351753529, -0.00926489476115, 0.00499741174281, 0.000414659472881], [-1.9702134523e-05, -0.000302100437693, -0.000732409826014, 0.0015086659696, -0.000737898342777, 0.000606977089774, -1.50269579535e-05, -0.00124071014579, -0.000551351753529, 0.0073961513117, -0.0054491343908, 0.00272740912624, -0.00206279358827], [0.000221596535994, -0.0003693557519, 0.0014443222899, -0.00208532996476, 0.00514892395586, -0.0048109786585, -0.00208519026637, 0.0100837210193, -0.00926489476115, -0.0054491343908, 0.0176208503544, -0.0143243931234, 0.00577951734886], [-5.26582407474e-05, 0.000552022072952, -0.00097771640867, 0.00289566279389, -0.00706828013062, 0.00558483647183, 0.00125598302111, -0.0059999646619, 0.00499741174281, 0.00272740912624, -0.0143243931234, 0.0231182482094, -0.0126488255337], [4.70394888907e-06, -0.000222365983063, 0.000449076789664, -0.00213598366827, 0.00425976514816, -0.00373798189685, 0.00121093122289, 0.000214940388105, 0.000414659472881, -0.00206279358827, 0.00577951734886, -0.0126488255337, 0.012674709782]]}, "spectral_contrast_coeffs": {"dmean": [0.0581203475595, 0.0677390992641, 0.0578822419047, 0.0470275655389, 0.0430981144309, 0.0187707897276], "dmean2": [0.0882266610861, 0.10472548008, 0.0924749821424, 0.0760951265693, 0.0655702129006, 0.0303018223494], "dvar": [0.00355799216777, 0.00407955283299, 0.00323225115426, 0.00175501301419, 0.00226376205683, 0.000368517328752], "dvar2": [0.00811339076608, 0.00936464127153, 0.00699923280627, 0.00431081000715, 0.0043460028246, 0.000905283843167], "max": [-0.221142724156, -0.253589749336, -0.407018780708, -0.555460989475, -0.59284889698, -0.688260674477], "mean": [-0.601895451546, -0.656359195709, -0.774966537952, -0.807270467281, -0.810321450233, -0.840706348419], "median": [-0.600323915482, -0.667253732681, -0.794917881489, -0.812855005264, -0.82718873024, -0.843047857285], "min": [-0.971898853779, -0.969475507736, -0.97652721405, -0.954635083675, -0.95917725563, -0.941987276077], "var": [0.0198101121932, 0.0267839580774, 0.0127438781783, 0.00537080783397, 0.00556829432026, 0.00135739240795]}, "spectral_contrast_valleys": {"dmean": [0.676223933697, 1.03145265579, 1.07477509975, 1.22932052612, 1.10218894482, 0.800497233868], "dmean2": [1.0207297802, 1.65021669865, 1.68686687946, 1.88316679001, 1.61034250259, 1.12232458591], "dvar": [0.636735260487, 1.37327432632, 1.45362961292, 1.98435258865, 1.6389862299, 0.978401958942], "dvar2": [1.31683385372, 2.95830965042, 3.19788050652, 4.3622508049, 3.67172384262, 2.10274147987], "max": [-5.28134965897, -5.0613656044, -5.30281257629, -5.46136760712, -5.35709667206, 