{"lowlevel": {"average_loudness": 0.48878467083, "barkbands_crest": {"dmean": 2.30736041069, "dmean2": 3.67669868469, "dvar": 5.23781013489, "dvar2": 16.5722141266, "max": 26.3332176208, "mean": 15.0700683594, "median": 14.8228750229, "min": 3.71625566483, "var": 17.1472320557}, "barkbands_flatness_db": {"dmean": 0.0208698976785, "dmean2": 0.0328874289989, "dvar": 0.000446501915576, "dvar2": 0.0013929780107, "max": 0.46451485157, "mean": 0.251565217972, "median": 0.252297013998, "min": 0.0604641586542, "var": 0.00321932206862}, "barkbands_kurtosis": {"dmean": 7.6440281868, "dmean2": 10.4801387787, "dvar": 122.035140991, "dvar2": 350.084594727, "max": 218.600585938, "mean": 17.622253418, "median": 11.6369228363, "min": -1.80449855328, "var": 322.266845703}, "barkbands_skewness": {"dmean": 0.709311723709, "dmean2": 1.01189470291, "dvar": 0.557360649109, "dvar2": 1.67218315601, "max": 12.8605928421, "mean": 3.38849449158, "median": 3.20872545242, "min": -2.13299798965, "var": 2.69837546349}, "barkbands_spread": {"dmean": 3.23829650879, "dmean2": 4.16167402267, "dvar": 10.3262653351, "dvar2": 23.2274341583, "max": 76.5391235352, "mean": 10.8067455292, "median": 9.26384162903, "min": 0.456811189651, "var": 56.8766784668}, "dissonance": {"dmean": 0.0265564043075, "dmean2": 0.0431422069669, "dvar": 0.00059121241793, "dvar2": 0.00159627140965, "max": 0.499999791384, "mean": 0.405657589436, "median": 0.408432304859, "min": 0.140942230821, "var": 0.00255833612755}, "dynamic_complexity": 4.74874067307, "erbbands_crest": {"dmean": 2.79471087456, "dmean2": 4.23130655289, "dvar": 7.19595050812, "dvar2": 21.5751724243, "max": 32.7815170288, "mean": 16.2637310028, "median": 15.3230829239, "min": 2.55786895752, "var": 32.1467094421}, "erbbands_flatness_db": {"dmean": 0.0151265431195, "dmean2": 0.021975569427, "dvar": 0.00020696973661, "dvar2": 0.000555484555662, "max": 0.447992324829, "mean": 0.259796828032, "median": 0.26093056798, "min": 0.0850251242518, "var": 0.00185383146163}, "erbbands_kurtosis": {"dmean": 2.98619794846, "dmean2": 3.79667687416, "dvar": 18.1179733276, "dvar2": 39.8950157166, "max": 230.340316772, "mean": 5.06322288513, "median": 2.3981962204, "min": -1.89119589329, "var": 71.3108215332}, "erbbands_skewness": {"dmean": 0.513112902641, "dmean2": 0.646736383438, "dvar": 0.215478822589, "dvar2": 0.50389534235, "max": 11.1525163651, "mean": 1.99587285519, "median": 1.80081450939, "min": -1.80999422073, "var": 1.33972609043}, "erbbands_spread": {"dmean": 8.47520446777, "dmean2": 9.50986671448, "dvar": 53.2435493469, "dvar2": 83.876121521, "max": 91.3655853271, "mean": 34.3467559814, "median": 32.0803833008, "min": 0.734652638435, "var": 351.968200684}, "hfc": {"dmean": 1.85708880424, "dmean2": 2.93198752403, "dvar": 9.97204208374, "dvar2": 34.8150215149, "max": 55.3078117371, "mean": 9.38393783569, "median": 7.25294876099, "min": 1.14000258547e-16, "var": 67.7776870728}, "melbands_crest": {"dmean": 2.64411139488, "dmean2": 4.20857429504, "dvar": 6.24255943298, "dvar2": 18.9371070862, "max": 32.646156311, "mean": 18.0680999756, "median": 17.8693447113, "min": 1.60857594013, "var": 23.7348041534}, "melbands_flatness_db": {"dmean": 0.0214775204659, "dmean2": 0.0323718339205, "dvar": 0.00045109167695, "dvar2": 0.00142000592314, "max": 0.469219654799, "mean": 0.277528136969, "median": 0.277484595776, "min": 0.00355345592834, "var": 0.00310106482357}, "melbands_kurtosis": {"dmean": 13.8390207291, "dmean2": 20.6898784637, "dvar": 303.806915283, "dvar2": 951.076599121, "max": 315.852996826, "mean": 44.7453384399, "median": 37.8148498535, "min": -1.61365604401, "var": 950.005187988}, "melbands_skewness": {"dmean": 0.819133341312, "dmean2": 1.23949813843, "dvar": 0.688871026039, "dvar2": 2.14333748817, "max": 15.0077323914, "mean": 5.12251853943, "median": 5.24940824509, "min": -0.578805088997, "var": 4.00517749786}, "melbands_spread": {"dmean": 2.72827839851, "dmean2": 3.77393770218, "dvar": 12.8592224121, "dvar2": 31.059671402, "max": 166.699310303, "mean": 10.0148611069, "median": 7.3289847374, "min": 0.600526332855, "var": 207.476928711}, "pitch_salience": {"dmean": 0.0497443564236, "dmean2": 0.078777551651, "dvar": 0.00245759752579, "dvar2": 0.00686366762966, "max": 0.864094853401, "mean": 0.449301511049, "median": 0.452251583338, "min": 0.10696657747, "var": 0.0107901357114}, "silence_rate_20dB": {"dmean": 0, "dmean2": 0, "dvar": 0, "dvar2": 0, "max": 1, "mean": 1, "median": 1, "min": 1, "var": 0}, "silence_rate_30dB": {"dmean": 0.000515862775501, "dmean2": 0.00103185861371, "dvar": 0.000515585765243, "dvar2": 0.00128871493507, "max": 1, "mean": 0.999484181404, "median": 1, "min": 0, "var": 0.000515519350301}, "silence_rate_60dB": {"dmean": 0.0265669338405, "dmean2": 0.0531407184899, "dvar": 0.0258599314839, "dvar2": 0.0580628290772, "max": 1, "mean": 0.171244353056, "median": 0, "min": 0, "var": 0.141914457083}, "spectral_centroid": {"dmean": 172.983779907, "dmean2": 225.12008667, "dvar": 37289.046875, "dvar2": 78753.5546875, "max": 10794.5849609, "mean": 930.288085938, "median": 819.211669922, "min": 255.154373169, "var": 247961.296875}, "spectral_complexity": {"dmean": 1.17694091797, "dmean2": 1.88443183899, "dvar": 1.39474439621, "dvar2": 3.0465400219, "max": 24, "mean": 7.53152799606, "median": 7, "min": 0, "var": 18.1114234924}, "spectral_decrease": {"dmean": 1.16356801971e-09, "dmean2": 1.93479920974e-09, "dvar": 5.44204275668e-18, "dvar2": 2.0076581711e-17, "max": 5.62279226708e-19, "mean": -4.23969881425e-09, "median": -2.98693603185e-09, "min": -3.49070674588e-08, "var": 1.90579799241e-17}, "spectral_energy": {"dmean": 0.00454059196636, "dmean2": 0.00755244586617, "dvar": 8.24624221423e-05, "dvar2": 0.000304229557514, "max": 0.136613443494, "mean": 0.016852747649, "median": 0.011967250146, "min": 1.00955527759e-20, "var": 0.000294937402941}, "spectral_energyband_high": {"dmean": 0.000115182898298, "dmean2": 0.000104448110505, "dvar": 1.80465331567e-08, "dvar2": 1.63928746133e-08, "max": 0.00213837716728, "mean": 0.00036600837484, "median": 0.000207459801459, "min": 7.46213201516e-21, "var": 1.7257792706e-07}, "spectral_energyband_low": {"dmean": 0.000120164571854, "dmean2": 0.000145379191963, "dvar": 7.98097744337e-07, "dvar2": 1.23665131468e-06, "max": 0.0944394096732, "mean": 0.000612396223005, "median": 1.30996813823e-05, "min": 1.13370494972e-22, "var": 1.00081833807e-05}, "spectral_energyband_middle_high": {"dmean": 0.000224616727792, "dmean2": 0.000286644644802, "dvar": 1.9671831808e-07, "dvar2": 3.2200955502e-07, "max": 0.0164728481323, "mean": 0.000946146494243, "median": 0.000510934682097, "min": 1.27675176086e-21, "var": 1.99645228349e-06}, "spectral_energyband_middle_low": {"dmean": 0.00450291391462, "dmean2": 0.00747712794691, "dvar": 8.18891348899e-05, "dvar2": 0.000304064131342, "max": 0.12591779232, "mean": 0.0148080391809, "median": 0.0101746646687, "min": 2.61541367898e-22, "var": 0.000250642857281}, "spectral_entropy": {"dmean": 0.178168684244, "dmean2": 0.277472704649, "dvar": 0.0295694526285, "dvar2": 0.0854972749949, "max": 9.79413700104, "mean": 6.3703994751, "median": 6.367852211, "min": 4.38639354706, "var": 0.232777670026}, "spectral_flux": {"dmean": 0.010212732479, "dmean2": 0.0158951506019, "dvar": 0.000151424581418, "dvar2": 0.000335213233484, "max": 0.243184551597, "mean": 0.0355433523655, "median": 0.0284109208733, "min": 1.00476627019e-10, "var": 0.000888351758476}, "spectral_kurtosis": {"dmean": 2.16219425201, "dmean2": 3.54133343697, "dvar": 5.97088193893, "dvar2": 16.3641300201, "max": 52.5933609009, "mean": 4.39309597015, "median": 3.35570335388, "min": -1.18418729305, "var": 16.8886108398}, "spectral_rms": {"dmean": 0.00046787361498, "dmean2": 0.000747985264752, "dvar": 4.48871190883e-07, "dvar2": 1.62663354786e-06, "max": 0.0115447565913, "mean": 0.00355327944271, "median": 0.00341692357324, "min": 3.13836261666e-12, "var": 3.81589097742e-06}, "spectral_rolloff": {"dmean": 164.564102173, "dmean2": 291.402984619, "dvar": 294914.15625, "dvar2": 654270.1875, "max": 19143.0175781, "mean": 887.517578125, "median": 516.796875, "min": 107.666015625, "var": 4135334}, "spectral_skewness": {"dmean": 0.284731298685, "dmean2": 0.402761936188, "dvar": 0.0641656965017, "dvar2": 0.138160049915, "max": 5.60113954544, "mean": 1.53939902782, "median": 1.43687450886, "min": 0.0466714538634, "var": 0.386368513107}, "spectral_spread": {"dmean": 338946.125, "dmean2": 481622.53125, "dvar": 255403606016, "dvar2": 382155948032, "max": 39981000, "mean": 4331507, "median": 4204569, "min": 1305216, "var": 1267959726080.0}, "spectral_strongpeak": {"dmean": 0.302232384682, "dmean2": 0.501385688782, "dvar": 0.169611439109, "dvar2": 0.498780310154, "max": 6.04216527939, "mean": 1.12015748024, "median": 1.05259358883, "min": 0, "var": 0.485998392105}, "zerocrossingrate": {"dmean": 0.00701055768877, "dmean2": 0.00741043779999, "dvar": 4.74526568723e-05, "dvar2": 5.13642844453e-05, "max": 0.5078125, "mean": 0.0485656298697, "median": 0.0400390625, "min": 0.00634765625, "var": 0.00277266651392}, "barkbands": {"dmean": [9.51796318986e-05, 8.65049223648e-05, 2.18054028664e-05, 1.02203648567e-05, 0.000197678644327, 0.00374404690228, 0.00122306891717, 0.000311547279125, 0.000181901399628, 0.000141871685628, 7.14255875209e-05, 3.55589218088e-05, 2.2147090931e-05, 1.04767150333e-05, 2.00520371436e-05, 1.13547566798e-05, 1.41990230986e-05, 8.60055661178e-06, 5.09101664647e-05, 3.70873385691e-05, 8.37740517454e-05, 3.0719620554e-05, 1.10006303657e-05, 5.38034964848e-06, 1.73621128852e-06, 6.9209488629e-07, 4.23455261966e-08], "dmean2": [0.000145713682286, 9.69105094555e-05, 2.80626281892e-05, 1.42100443554e-05, 0.000261678942479, 0.00666403770447, 0.00128262036014, 0.000461481919046, 0.000249479169725, 0.000172983884113, 9.84667130979e-05, 5.74956175114e-05, 3.2912244933e-05, 1.52071152115e-05, 3.20582148561e-05, 1.8693619495e-05, 2.16218923015e-05, 1.31879496621e-05, 5.02191578562e-05, 4.6015749831e-05, 8.82373860804e-05, 4.29983301728e-05, 1.71796127688e-05, 8.21088724479e-06, 2.73532805295e-06, 1.02375702227e-06, 7.09430238999e-08], "dvar": [4.25464783405e-08, 5.80123355576e-07, 4.6270489662e-08, 2.58211674264e-09, 3.29118591935e-07, 8.26906762086e-05, 2.27246914619e-06, 4.98006045291e-07, 1.29688260131e-07, 1.56506587246e-07, 1.95177882745e-08, 2.40372717286e-08, 1.05377417903e-09, 4.32828328734e-10, 3.44538664265e-09, 7.06484337698e-09, 2.50080911535e-09, 1.44281947501e-10, 7.91101140152e-09, 5.46470424467e-09, 1.14126015305e-08, 2.63616950491e-09, 1.13866194251e-09, 2.44071901578e-10, 5.99558111491e-11, 1.06392117338e-11, 7.06798375795e-14], "dvar2": [9.89920891925e-08, 9.03270233721e-07, 9.82126522331e-08, 6.33955332674e-09, 6.92083972353e-07, 0.000311561307171, 2.82432347376e-06, 1.30059265757e-06, 2.68033488737e-07, 2.22589605414e-07, 3.91292473978e-08, 6.39408597181e-08, 2.32102226327e-09, 8.86779316644e-10, 8.67351968026e-09, 1.77166459281e-08, 5.11266007308e-09, 3.60932755905e-10, 1.00607868703e-08, 8.24118817633e-09, 1.30206894156e-08, 5.77037306826e-09, 3.04798697393e-09, 6.31291630082e-10, 1.54898302518e-10, 2.70669146818e-11, 1.88908730239e-13], "max": [0.00497035728768, 0.0783670097589, 0.0151542425156, 0.0020566759631, 0.0252351779491, 0.114073619246, 0.0430781021714, 0.0107649648562, 0.00829752814025, 0.0142825655639, 0.00439850240946, 0.00485748192295, 0.00072057772195, 0.000605298730079, 0.00195284886286, 0.0055669946596, 0.00388391921297, 0.000181677605724, 0.00208116858266, 0.00178483873606, 0.00148316798732, 0.00100259354804, 0.000644429761451, 0.000290286145173, 0.000132939443574, 5.96063255216e-05, 4.993123639e-06], "mean": [0.000216270622332, 0.000468808430014, 7.85068914411e-05, 2.56280745816e-05, 0.00061877182452, 0.00771482428536, 0.00528002437204, 0.000699391413946, 0.000403898768127, 0.000400910910685, 0.000156288515427, 6.19191559963e-05, 4.55128574686e-05, 2.48525084316e-05, 4.03928643209e-05, 2.37044187088e-05, 3.08695634885e-05, 2.04263942578e-05, 0.000123863559566, 7.79091496952e-05, 0.000217513559619, 7.31962936698e-05, 2.83738172584e-05, 1.64046632563e-05, 3.40673182109e-06, 1.07274422589e-06, 4.60417659554e-08], "median": [3.3410226024e-05, 1.07841992758e-06, 1.30923908159e-07, 1.72725151515e-07, 8.25318329589e-06, 0.00298054562882, 0.00345121626742, 0.000134826710564, 0.000137494222145, 6.05537134106e-05, 7.76888773544e-05, 4.16858165408e-06, 2.41183170147e-05, 1.38323448482e-05, 1.59188602993e-05, 8.56618044054e-06, 1.59025312314e-05, 1.40984257087e-05, 3.93258851545e-05, 2.68252733804e-05, 9.65478539001e-05, 3.60287449439e-05, 1.3038279576e-05, 6.82298468746e-06, 1.42316184792e-06, 2.14713907098e-07, 4.07260669633e-09], "min": [2.76307556622e-23, 6.1427790896e-23, 2.21871357888e-23, 3.69734499329e-23, 1.97791157875e-23, 5.4450051132e-23, 1.55083222431e-23, 7.3541570511e-23, 5.49609805631e-23, 7.40085824778e-23, 3.93387862484e-23, 5.4278010035e-23, 2.65097590724e-23, 7.94468948951e-23, 8.19690220486e-23, 2.22077395735e-22, 2.31629276985e-22, 1.01550562889e-22, 2.22506081683e-22, 3.02108230715e-22, 5.3246152203e-22, 3.94453752406e-22, 4.51241009074e-22, 1.01943083667e-21, 1.19948055066e-21, 1.73864216497e-21, 2.17926487906e-21], "var": [1.97963871074e-07, 7.35381036066e-06, 2.59600881236e-07, 8.12820033502e-09, 2.57953456639e-06, 0.000140921678394, 3.22592095472e-05, 1.46928402955e-06, 4.99589759784e-07, 1.23200641156e-06, 7.31380040975e-08, 5.10326145786e-08, 3.34000183067e-09, 1.87188464729e-09, 1.01618997661e-08, 1.0597656086e-08, 5.26669463596e-09, 4.50568887755e-10, 4.93556306935e-08, 2.41527757794e-08, 7.8733734199e-08, 8.46375503016e-09, 2.12256079379e-09, 7.69070085394e-10, 5.82295045515e-11, 1.08278941369e-11, 5.06731463702e-14]}, "erbbands": {"dmean": [0.00186124164611, 0.0217060446739, 0.0353531837463, 0.0248502343893, 0.168144822121, 0.990010023117, 10.6893186569, 39.2923164368, 13.4556064606, 19.4319896698, 3.31963539124, 4.97337770462, 2.00298452377, 4.9595913887, 2.60043978691, 1.59221339226, 1.06597530842, 0.570420026779, 1.01538383961, 0.648438155651, 0.648316502571, 0.540842533112, 0.456628769636, 2.12464690208, 1.71509194374, 1.90182185173, 2.90115118027, 2.82707309723, 1.02864122391, 0.53393137455, 0.356482028961, 0.163633093238, 0.0549278967083, 0.0232997871935, 0.0100896628574, 0.00410934491083, 0.00111016980372, 0.00014391708828, 6.87073179506e-06, 5.0769876907e-06], "dmean2": [0.00235816091299, 0.0242339689285, 0.0410398542881, 0.0353855602443, 0.194138616323, 1.40193808079, 17.8132343292, 71.7679519653, 14.6278762817, 23.1638374329, 4.5955119133, 6.77551221848, 2.48636746407, 6.14046144485, 3.6488571167, 2.58162355423, 1.59497714043, 0.822223067284, 1.59505450726, 1.03815317154, 1.00787615776, 0.828307628632, 0.689939200878, 2.07041072845, 2.07776761055, 2.35249209404, 2.98516893387, 3.07796120644, 1.33698272705, 0.738758206367, 0.553544104099, 0.253929764032, 0.0881410464644, 0.0377406477928, 0.0152038605884, 0.00612732535228, 0.00170080049429, 0.000223559545702, 1.10496994239e-05, 8.4731818788e-06], "dvar": [8.47079136292e-05, 0.0450477078557, 0.117689348757, 0.0251011326909, 0.330319166183, 8.04519748688, 527.530639648, 9845.75195312, 455.493896484, 1097.51477051, 55.2108345032, 97.8991088867, 22.4863567352, 191.380508423, 22.9503116608, 44.1340827942, 2.49123883247, 1.34616315365, 13.4311256409, 0.846765518188, 17.8431797028, 1.67950296402, 0.363241434097, 12.2899894714, 13.3685407639, 13.7214994431, 19.3393955231, 19.4649391174, 3.00408005714, 1.36012709141, 1.00887775421, 0.195179715753, 0.0297131575644, 0.0106936953962, 0.00168019533157, 0.000373469199985, 3.34636715706e-05, 6.20601269929e-07, 9.40914346437e-10, 1.0164333264e-10], "dvar2": [0.000114933864097, 0.0732479095459, 0.205470353365, 0.0673295930028, 0.465260177851, 19.4664058685, 1913.17382812, 37243.3085938, 509.166992188, 2112.92822266, 117.719642639, 194.089523315, 33.0214004517, 272.677612305, 47.5837135315, 116.654403687, 5.61477136612, 2.52895379066, 33.9514007568, 2.20592999458, 36.9872779846, 3.32061767578, 0.841900587082, 12.270986557, 26.6290721893, 20.102809906, 18.8560237885, 20.1293621063, 6.08918142319, 3.23339557648, 2.71147441864, 0.51217186451, 0.0738665312529, 0.0282187294215, 0.00421038363129, 0.00096205889713, 8.68189090397e-05, 1.59293847446e-06, 2.41753705943e-09, 3.73444886126e-10], "max": [1.0395014286, 21.8570404053, 34.6393318176, 7.67851018906, 31.4370117188, 130.757476807, 329.816436768, 1203.20483398, 812.372802734, 1024.73364258, 241.799697876, 232.238021851, 218.461791992, 524.867492676, 181.932739258, 232.191574097, 33.8418922424, 41.8897247314, 120.277824402, 15.1597747803, 349.032318115, 91.731628418, 10.8284826279, 58.8143692017, 90.2403793335, 114.884277344, 75.4428939819, 74.7114257812, 28.495344162, 22.4807758331, 16.9174365997, 7.33489656448, 4.42173576355, 1.80979430676, 0.661536216736, 0.282095104456, 0.132227733731, 0.0150912664831, 0.000728642684408, 0.000156192603754], "mean": [0.0106071066111, 0.111735269427, 0.151325330138, 0.0753101855516, 0.674329459667, 2.96927785873, 26.4936103821, 71.0866165161, 62.1803970337, 71.6963424683, 10.1699142456, 11.4498100281, 5.91628789902, 13.8893852234, 6.4305729866, 2.96022844315, 2.29597020149, 1.47580778599, 2.13826870918, 1.36856019497, 1.55402481556, 1.39114177227, 1.31374263763, 5.28727388382, 4.36121892929, 4.69379234314, 7.57845163345, 7.0094461441, 2.73875880241, 1.45110809803, 0.87589520216, 0.435717582703, 0.188756763935, 0.0499038212001, 0.0201444905251, 0.00682625453919, 0.0016325378092, 0.00019643412088, 1.61658826983e-05, 1.97473800654e-05], "median": [0.000157590053277, 0.000165556484717, 0.000420604512328, 0.0021875880193, 0.0269425902516, 0.452740103006, 11.1113023758, 25.8914394379, 24.9368934631, 34.3080596924, 3.90407037735, 4.10519218445, 1.49819004536, 2.94895124435, 3.02525258064, 0.671359479427, 1.21020686626, 0.864668130875, 0.542739629745, 0.87323486805, 0.529801905155, 0.762190997601, 0.901084601879, 1.91304826736, 1.52351367474, 1.84510576725, 2.645403862, 2.60848164558, 1.34695851803, 0.693779885769, 0.404634386301, 0.212131381035, 0.0746418908238, 0.0250892750919, 0.00725463218987, 0.00152550137136, 0.000337789882906, 2.7910225981e-05, 1.02097747003e-05, 1.42811950354e-05], "min": [1.91784127232e-21, 1.3244445191e-20, 3.28526767932e-20, 6.50380450143e-20, 9.78942147068e-20, 7.11007425293e-20, 3.091178602e-19, 3.39615569945e-19, 2.28698197825e-19, 5.33882116279e-19, 1.64612250621e-18, 1.15972676094e-18, 1.82925222881e-18, 3.01100670607e-18, 1.25235785806e-18, 2.28789968344e-18, 1.6066354887e-18, 4.16921569398e-18, 4.05439309879e-18, 6.44402938013e-18, 1.19390121096e-17, 1.32686536591e-17, 8.06392240271e-18, 9.26155916131e-18, 1.22726057788e-17, 1.35965174482e-17, 2.38876327492e-17, 1.83819185921e-17, 1.37334555443e-17, 1.20756135431e-17, 1.27938048382e-17, 1.50063516766e-17, 2.30784995633e-17, 1.41970514001e-17, 7.90094300661e-18, 5.03125411114e-18, 3.78046686227e-18, 1.04212359812e-18, 3.12325020381e-19, 3.58722963881e-20], "var": [0.00337803107686, 0.491511136293, 1.02744233608, 0.0611852183938, 4.91320228577, 50.8099250793, 1385.0690918, 13662.6064453, 8047.27734375, 9695.6484375, 277.187316895, 395.0809021, 161.558303833, 1519.88977051, 102.030700684, 86.5810165405, 8.31872749329, 6.35100746155, 40.3785514832, 2.51079702377, 49.2286071777, 7.74774742126, 1.89391386509, 77.0956802368, 65.3622360229, 74.2349624634, 138.899276733, 124.235282898, 12.4252872467, 3.95266294479, 1.87926363945, 0.427409529686, 0.173448890448, 0.00998631305993, 0.00198603700846, 0.000373560818844, 3.05628709611e-05, 5.45081604741e-07, 9.21420773015e-10, 3.81838255459e-10]}, "gfcc": {"mean": [-128.918258667, 71.2421722412, -151.282714844, 11.6854772568, -125.366531372, -31.3976192474, -43.7894134521, -9.66189479828, -12.657037735, 13.2413063049, 10.6802387238, 12.5018997192, 9.32262992859], "cov": [[18687.7753906, 2318.71899414, -411.177825928, 793.756408691, -716.78717041, 108.872543335, 68.1598205566, 9.51185703278, -160.692245483, -39.9598846436, 79.5123596191, -107.235366821, 152.311340332], [2318.71899414, 1335.32727051, 168.398391724, 293.794616699, 391.291992188, 72.7111358643, 53.4902801514, -138.285842896, -61.8327674866, -216.266723633, -50.1955223083, -169.097961426, 39.3370056152], [-411.177825928, 168.398391724, 603.877624512, 84.0875854492, 305.678771973, 260.366119385, 96.0351791382, 61.3385353088, -63.6256408691, -44.0119857788, -195.044250488, -88.0304107666, -125.265716553], [793.756408691, 293.794616699, 84.0875854492, 619.728210449, 136.576309204, 22.0884685516, 114.755317688, -104.012313843, 36.8959083557, -34.6235466003, 34.2662162781, -96.3638534546, 6.94979143143], [-716.78717041, 391.291992188, 305.678771973, 136.576309204, 637.35723877, 233.731674194, 103.254867554, 67.2874832153, -25.1523227692, -86.6610488892, -89.8386001587, -47.8424797058, -27.7100353241], [108.872543335, 72.7111358643, 260.366119385, 22.0884685516, 233.731674194, 391.059112549, 117.418617249, 99.5479507446, 21.4719276428, 16.1221885681, -115.273803711, -15.7555618286, -78.5512466431], [68.1598205566, 53.4902801514, 96.0351791382, 114.755317688, 103.254867554, 117.418617249, 199.6144104, 58.3938179016, 14.7111234665, 25.0867824554, -6.64533090591, 25.3762893677, 0.176070064306], [9.51185703278, -138.285842896, 61.3385353088, -104.012313843, 67.2874832153, 99.5479507446, 58.3938179016, 206.798782349, 51.241191864, 78.0733032227, -16.3558979034, 35.3427009583, -31.0069007874], [-160.692245483, -61.8327674866, -63.6256408691, 36.8959083557, -25.1523227692, 21.4719276428, 14.7111234665, 51.241191864, 196.993438721, 107.159835815, 50.1943244934, -6.43011665344, -6.591132164], [-39.9598846436, -216.266723633, -44.0119857788, -34.6235466003, -86.6610488892, 16.1221885681, 25.0867824554, 78.0733032227, 107.159835815, 175.369369507, 49.448513031, 52.4267807007, -20.9415035248], [79.5123596191, -50.1955223083, -195.044250488, 34.2662162781, -89.8386001587, -115.273803711, -6.64533090591, -16.3558979034, 50.1943244934, 49.448513031, 201.835098267, 63.2976341248, 62.8840370178], [-107.235366821, -169.097961426, -88.0304107666, -96.3638534546, -47.8424797058, -15.7555618286, 25.3762893677, 35.3427009583, -6.43011665344, 52.4267807007, 63.2976341248, 173.20765686, 58.4511299133], [152.311340332, 39.3370056152, -125.265716553, 6.94979143143, -27.7100353241, -78.5512466431, 0.176070064306, -31.0069007874, -6.591132164, -20.9415035248, 62.8840370178, 58.4511299133, 137.58354187]], "icov": [[0.000169269827893, -0.000536548730452, 0.000199533707928, -0.000386137573514, 0.000632998766378, -0.000355882919393, 0.00033683681977, -0.000721680582501, 0.000537453801371, -0.00034692347981, 0.000122695724713, -0.000186457662494, -7.55018481868e-05], [-0.000536548730452, 0.00300010852516, -0.000669843691867, 0.0011532077333, -0.00263047358021, 0.00103970780037, -0.00139297440182, 0.0029039690271, -0.00189770094585, 0.00198137573898, -0.000666511477903, 0.00157408462837, -0.000365281826816], [0.000199533707928, -0.000669843691867, 0.0040369364433, -0.000806254800409, -0.000222919843509, -0.00122429523617, -0.000190324950381, -0.00104463449679, 0.00189995404799, -0.00107789225876, 0.0021366532892, 0.000230250530876, 0.00156034214888], [-0.000386137573514, 0.0011532077333, -0.000806254800409, 0.00372570124455, -0.00189363269601, 0.00105635891668, -0.00286557991058, 0.00361843523569, -0.00187996693421, 0.000515596999321, -0.00129825121257, 0.00208208081312, -8.64005633048e-05], [0.000632998766378, -0.00263047358021, -0.000222919843509, -0.00189363269601, 0.005456388928, -0.00230911071412, 0.00143742235377, -0.00411247415468, 0.00163246609736, 0.0002808450663, 0.000143739263876, -0.00129180029035, -0.000599979888648], [-0.000355882919393, 0.00103970780037, -0.00122429523617, 0.00105635891668, -0.00230911071412, 0.00595814874396, -0.00257396372035, 0.000974943046458, -0.00226472760551, 0.000675928720739, 0.00145882170182, -0.000533601327334, 0.00164264405612], [0.00033683681977, -0.00139297440182, -0.000190324950381, -0.00286557991058, 0.00143742235377, -0.00257396372035, 0.0092534692958, -0.00384177849628, 0.00174155936111, -0.00142973999027, 1.66648424056e-05, -0.00235413876362, -0.00120254582725], [-0.000721680582501, 0.0029039690271, -0.00104463449679, 0.00361843523569, -0.00411247415468, 0.000974943046458, -0.00384177849628, 0.0120288478211, -0.00339413387701, -0.00107752042823, -0.000495490094181, 0.00106815109029, 0.000725014251657], [0.000537453801371, -0.00189770094585, 0.00189995404799, -0.00187996693421, 0.00163246609736, -0.00226472760551, 0.00174155936111, -0.00339413387701, 0.0113694369793, -0.00747670093551, -0.000676566676702, 0.00244739558548, -0.00128285214305], [-0.00034692347981, 0.00198137573898, -0.00107789225876, 0.000515596999321, 0.0002808450663, 0.000675928720739, -0.00142973999027, -0.00107752042823, -0.00747670093551, 0.0151193533093, -0.00196703034453, -0.00319116562605, 0.00320950686], [0.000122695724713, -0.000666511477903, 0.0021366532892, -0.00129825121257, 0.000143739263876, 0.00145882170182, 1.66648424056e-05, -0.000495490094181, -0.000676566676702, -0.00196703034453, 0.00959935970604, -0.00260955747217, -0.000794829567894], [-0.000186457662494, 0.00157408462837, 0.000230250530876, 0.00208208081312, -0.00129180029035, -0.000533601327334, -0.00235413876362, 0.00106815109029, 0.00244739558548, -0.00319116562605, -0.00260955747217, 0.0117661608383, -0.00463475938886], [-7.55018481868e-05, -0.000365281826816, 0.00156034214888, -8.64005633048e-05, -0.000599979888648, 0.00164264405612, -0.00120254582725, 0.000725014251657, -0.00128285214305, 0.00320950686, -0.000794829567894, -0.00463475938886, 0.0126226628199]]}, "melbands": {"dmean": [2.28170356422e-05, 2.31954982155e-05, 5.48779553355e-06, 3.76383140974e-05, 0.000339061662089, 0.000808629731182, 0.00021264643874, 0.00018128695956, 2.28615608648e-05, 2.88511273538e-05, 9.92694367596e-06, 2.1600177206e-05, 1.0532035958e-05, 5.26208941665e-06, 2.61660511569e-06, 1.9844135295e-06, 1.02954322756e-06, 1.60239028446e-06, 9.02166675587e-07, 7.35733976853e-07, 9.33428339067e-07, 5.4273442629e-07, 7.04530748408e-07, 5.62821128369e-07, 1.92939455701e-06, 2.08252345146e-06, 9.86913505585e-07, 1.1339188859e-06, 2.53104258263e-06, 1.9364306354e-06, 1.42307294482e-06, 5.57770761134e-07, 7.06583307419e-07, 2.18305288513e-07, 2.872835978e-07, 1.10220248928e-07, 8.16272560655e-08, 5.18100549129e-08, 2.11719495269e-08, 1.85102564387e-08], "dmean2": [2.83506506094e-05, 2.58430900431e-05, 7.34273498892e-06, 4.85224700242e-05, 0.000570849282667, 0.00146236550063, 0.000219500638195, 0.000223168361117, 3.29095091729e-05, 3.9214395656e-05, 1.22520659716e-05, 2.66752158495e-05, 1.45490166688e-05, 8.32014302432e-06, 4.09572703575e-06, 2.92235017696e-06, 1.49018569573e-06, 2.50449147643e-06, 1.44168848237e-06, 1.18779951208e-06, 1.42173098538e-06, 8.30598594348e-07, 1.06604966277e-06, 8.7231848056e-07, 1.89564696029e-06, 2.3694135507e-06, 1.2899356534e-06, 1.42781198065e-06, 2.6726111173e-06, 2.27750410886e-06, 1.59483590778e-06, 7.77248999384e-07, 1.01920875295e-06, 3.41068812304e-07, 4.60635391164e-07, 1.74311608703e-07, 1.28510151853e-07, 8.39521447915e-08, 3.48300304154e-08, 2.9997870854e-08], "dvar": [2.174681768e-08, 5.21757002048e-08, 7.72443053965e-10, 1.58955675289e-08, 5.45586999579e-07, 4.05195623898e-06, 9.47391214368e-08, 1.04203600415e-07, 3.07837266789e-09, 3.46208883784e-09, 6.01108107734e-10, 3.83366405288e-09, 4.12605782873e-10, 4.56862825349e-10, 3.88814362651e-11, 1.00525221827e-11, 4.38770721145e-12, 3.24587613731e-11, 4.20478278931e-12, 1.50239662291e-12, 4.5975657309e-11, 3.66321339582e-12, 1.2649277242e-12, 6.82013419264e-13, 1.04612854837e-11, 1.90162469105e-11, 4.17381320478e-12, 4.5499480919e-12, 2.02754271705e-11, 1.08366735724e-11, 3.85058174582e-12, 7.31438076339e-13, 2.12617358615e-12, 3.51526127e-13, 6.79802676824e-13, 1.12354529434e-13, 4.47372072384e-14, 2.57742537437e-14, 9.26639814143e-15, 5.79401283218e-15], "dvar2": [3.26878151213e-08, 8.48657606412e-08, 1.96486737991e-09, 3.35148726549e-08, 2.01010902856e-06, 1.53042819875e-05, 1.01105264605e-07, 2.13753963862e-07, 6.5374785585e-09, 6.79691902761e-09, 8.86000273148e-10, 5.46880185581e-09, 8.34641689096e-10, 1.19204501825e-09, 1.05668238048e-10, 2.12953352868e-11, 8.46205137212e-12, 8.27346316457e-11, 1.03325967574e-11, 3.69587346838e-12, 8.98432508945e-11, 6.4246498746e-12, 2.89524979512e-12, 1.75283745851e-12, 1.06566491742e-11, 3.36460616313e-11, 6.38689188343e-12, 6.9192672425e-12, 1.93171381668e-11, 1.18325297477e-11, 5.02827076851e-12, 1.5718212322e-12, 4.78927791522e-12, 9.25721413587e-13, 1.86606502819e-12, 2.91309185975e-13, 1.16272727666e-13, 6.37241317656e-14, 2.49885459818e-14, 1.50334660085e-14], "max": [0.0140068214387, 0.0246499218047, 0.00131203781348, 0.00496855517849, 0.0100421570241, 0.0246776994318, 0.0113237332553, 0.00938096921891, 0.00184388004709, 0.00129070552066, 0.00109148607589, 0.00233998266049, 0.0006260262453, 0.000604564149398, 0.000213993233046, 8.76455451362e-05, 7.06305581843e-05, 0.00018080996233, 7.04894482624e-05, 4.80087728647e-05, 0.000570945907384, 0.000151960659423, 1.87799578271e-05, 1.15403372547e-05, 5.06821961608e-05, 0.000104915117845, 6.05390850978e-05, 6.306245632e-05, 7.14421403245e-05, 5.36711340828e-05, 3.36352095474e-05, 1.50275409396e-05, 2.29144316108e-05, 1.16586252261e-05, 1.44410714711e-05, 7.80035497883e-06, 4.26238420914e-06, 4.90398724651e-06, 1.68982694504e-06, 1.2942966805e-06], "mean": [0.000121216151456, 0.000110693981696, 1.78867830982e-05, 0.000126454120618, 0.00081019976642, 0.00154998200014, 0.000982300494798, 0.00063802144723, 5.53051831957e-05, 6.52178787277e-05, 2.83414647129e-05, 5.93040240346e-05, 2.37010553974e-05, 9.23384322959e-06, 5.20607909493e-06, 4.30757017966e-06, 2.43336648964e-06, 3.35020763487e-06, 1.86450438378e-06, 1.57939086876e-06, 2.01898478736e-06, 1.37579945658e-06, 1.44541763802e-06, 1.17257991405e-06, 4.53963730251e-06, 4.78868696518e-06, 2.27659847951e-06, 2.65703260993e-06, 5.88606781093e-06, 4.44943225375e-06, 3.40545352628e-06, 1.3911495671e-06, 1.53976452566e-06, 5.57186751848e-07, 6.29017108622e-07, 2.67673158305e-07, 2.30391847822e-07, 1.7976569211e-07, 4.33358948726e-08, 3.61320928732e-08], "median": [2.28214094022e-06, 1.10384263508e-07, 1.39778592256e-07, 5.2090194913e-07, 0.000353263196303, 0.000567911774851, 0.000497478293255, 0.00027959633735, 1.82135863724e-05, 2.18084624066e-05, 5.39793518328e-06, 1.07073165054e-05, 1.20157892525e-05, 1.23358654491e-06, 2.10253983823e-06, 2.48638821176e-06, 1.30245359742e-06, 8.01539670192e-07, 9.10248218133e-07, 9.72485167949e-07, 5.46939361357e-07, 7.2781392646e-07, 7.18586704807e-07, 8.18117314338e-07, 1.50593496073e-06, 1.47948571794e-06, 9.11131678549e-07, 1.01767068372e-06, 1.04199318685e-06, 1.40750387345e-06, 1.35257550937e-06, 7.53575761792e-07, 6.1329978962e-07, 2.48576185413e-07, 2.71946078101e-07, 1.15515355503e-07, 9.58962900199e-08, 5.55992087925e-08, 2.51692107156e-08, 1.47697019059e-08], "min": [1.85663510085e-23, 1.72558368971e-23, 1.33395463994e-23, 6.14997223888e-24, 8.7779597927e-24, 8.35198594794e-24, 3.62030002524e-24, 8.9556467673e-24, 1.08613895639e-23, 8.25665920729e-24, 9.51443086749e-24, 1.27055665e-23, 4.04507874573e-24, 5.80978662312e-24, 4.45631745765e-24, 4.9504615064e-24, 7.39755260504e-24, 5.66197814974e-24, 6.28568116369e-24, 1.18623633336e-23, 1.43988619551e-23, 1.22415624599e-23, 1.12427706794e-23, 5.20523044663e-24, 7.6461061102e-24, 8.86986287702e-24, 8.68761155323e-24, 8.89121970831e-24, 1.44293451182e-23, 1.22389947176e-23, 1.04729773311e-23, 8.50849752925e-24, 6.24550408336e-24, 6.70101051384e-24, 6.52819869963e-24, 8.85645618594e-24, 8.77641441419e-24, 1.47365007334e-23, 1.66176279144e-23, 1.03805733201e-23], "var": [3.73164596112e-07, 5.32433716671e-07, 2.5475157539e-09, 1.51732251652e-07, 1.27254895688e-06, 6.15225326328e-06, 1.67094833614e-06, 8.24368839858e-07, 1.23248318218e-08, 1.38259617088e-08, 4.29647961653e-09, 3.00704989797e-08, 1.56158119768e-09, 9.34027966082e-10, 9.3695454173e-11, 3.53792030394e-11, 2.00994394739e-11, 9.77762315557e-11, 1.36201310647e-11, 4.46861601541e-12, 1.19242116181e-10, 1.37677508283e-11, 4.17015554033e-12, 1.51122712434e-12, 6.14305203928e-11, 9.24516921352e-11, 2.06702450295e-11, 2.37622404392e-11, 1.30543922894e-10, 5.95514124124e-11, 2.39222947007e-11, 2.70417173896e-12, 5.55434214247e-12, 9.35789748642e-13, 1.02419429274e-12, 2.50011057863e-13, 1.74616370625e-13, 2.2211450886e-13, 7.85298729663e-15, 5.83480466837e-15]}, "mfcc": {"mean": [-753.290466309, 89.2146072388, -4.88109350204, 11.8738937378, -55.4935569763, -26.4271640778, -35.0968933105, -23.8909702301, -20.4768104553, -6.64514255524, 0.106101706624, 9.73113155365, 12.1186027527], "cov": [[10113.6025391, 1389.35595703, 101.403923035, 786.445373535, -636.031311035, 239.767028809, 53.5160446167, 131.804916382, -40.3646316528, 194.408493042, -152.729507446, -33.5422096252, 0.371970444918], [1389.35595703, 1317.06567383, 115.104682922, 153.665267944, 338.718780518, 202.704040527, 233.136779785, 140.184753418, 65.0805053711, -23.5464439392, -208.973190308, -203.544677734, -171.446670532], [101.403923035, 115.104682922, 471.101654053, 108.324447632, 103.681274414, 195.997268677, 75.6708831787, 36.3314971924, 55.3743591309, -5.61159467697, -3.09172177315, -74.8147964478, -139.14491272], [786.445373535, 153.665267944, 108.324447632, 569.344726562, 113.182693481, 150.656661987, 92.9267959595, 3.36151242256, -16.0889472961, 16.8322925568, -78.6763153076, -63.297832489, -17.0185909271], [-636.031311035, 338.718780518, 103.681274414, 113.182693481, 481.284942627, 211.348724365, 155.10446167, 96.66355896, 84.213104248, 9.60700321198, -55.5230712891, -88.9226608276, -88.8141555786], [239.767028809, 202.704040527, 195.997268677, 150.656661987, 211.348724365, 358.037536621, 147.18182373, 106.654121399, 78.9348526001, -12.649725914, -16.4424133301, -49.4972648621, -66.3389968872], [53.5160446167, 233.136779785, 75.6708831787, 92.9267959595, 155.10446167, 147.18182373, 266.445587158, 134.226806641, 54.6467132568, -3.31866669655, -71.9657516479, -78.9168701172, -45.5357208252], [131.804916382, 140.184753418, 36.3314971924, 3.36151242256, 96.66355896, 106.654121399, 134.226806641, 175.179336548, 83.4616928101, 11.5044841766, -18.675453186, -33.5465621948, -10.6793909073], [-40.3646316528, 65.0805053711, 55.3743591309, -16.0889472961, 84.213104248, 78.9348526001, 54.6467132568, 83.4616928101, 176.938140869, 61.6092910767, 28.7203445435, -27.5172348022, -11.5795192719], [194.408493042, -23.5464439392, -5.61159467697, 16.8322925568, 9.60700321198, -12.649725914, -3.31866669655, 11.5044841766, 61.6092910767, 156.379043579, 76.8980407715, 28.5080528259, 26.73072052], [-152.729507446, -208.973190308, -3.09172177315, -78.6763153076, -55.5230712891, -16.4424133301, -71.9657516479, -18.675453186, 28.7203445435, 76.8980407715, 215.094558716, 133.565322876, 85.1130218506], [-33.5422096252, -203.544677734, -74.8147964478, -63.297832489, -88.9226608276, -49.4972648621, -78.9168701172, -33.5465621948, -27.5172348022, 28.5080528259, 133.565322876, 191.298690796, 118.509429932], [0.371970444918, -171.446670532, -139.14491272, -17.0185909271, -88.8141555786, -66.3389968872, -45.5357208252, -10.6793909073, -11.5795192719, 26.73072052, 85.1130218506, 118.509429932, 217.800033569]], "icov": [[0.00025960142375, -0.000419857504312, 4.02755867981e-05, -0.000342116778484, 0.000831575074699, -0.000376507843612, 0.000289291347144, -0.000366666528862, 0.000144605000969, -0.000510704587214, 0.000178571048309, -0.000214727813727, 5.23983871972e-05], [-0.000419857504312, 0.00181917508598, -1.89445181604e-05, 0.000539480126463, -0.00179847877007, 0.000488390447572, -0.000708586827386, 0.000293522287393, -0.000158257884323, 0.000570961914491, 0.000419035786763, 0.000559835229069, 0.000197541317903], [4.02755867981e-05, -1.89445181604e-05, 0.00351204583421, -0.000457501300843, 0.000489775207825, -0.00156237650663, -0.00018732206081, 0.000372967740986, -0.000443065189756, 0.000322197156493, -0.00136435835157, 0.000596880039666, 0.0020412565209], [-0.000342116778484, 0.000539480126463, -0.000457501300843, 0.00292543205433, -0.00122856826056, -0.000659268756863, -0.000820132903755, 0.00146123603918, 0.00065511133289, -0.000603906693868, 0.000984532176517, 0.000632998417132, -0.00106026930735], [0.000831575074699, -0.00179847877007, 0.000489775207825, -0.00122856826056, 0.00607069721445, -0.00258916942403, 0.000219214591198, -0.000986009137705, -0.000191289349459, -0.00183431641199, 0.000395410286728, -0.000423704914283, 0.000775104563218], [-0.000376507843612, 0.000488390447572, -0.00156237650663, -0.000659268756863, -0.00258916942403, 0.00666596181691, -0.00149519916158, -0.000989695428871, -0.0013616939541, 0.00252973334864, -0.00136290863156, -0.000493308645673, 0.000367006607121], [0.000289291347144, -0.000708586827386, -0.00018732206081, -0.000820132903755, 0.000219214591198, -0.00149519916158, 0.00837697461247, -0.00539436889812, 0.0010827826336, -0.0011569079943, 0.00146465748549, 0.000722238211893, -0.000386973842978], [-0.000366666528862, 0.000293522287393, 0.000372967740986, 0.00146123603918, -0.000986009137705, -0.000989695428871, -0.00539436889812, 0.0127311637625, -0.00404141424224, 0.000985685619526, 0.00014068854216, -4.2597301217e-05, -0.000990586588159], [0.000144605000969, -0.000158257884323, -0.000443065189756, 0.00065511133289, -0.000191289349459, -0.0013616939541, 0.0010827826336, -0.00404141424224, 0.0100655611604, -0.00376238883473, -0.00123539112974, 0.00250466587022, -0.000704397738446], [-0.000510704587214, 0.000570961914491, 0.000322197156493, -0.000603906693868, -0.00183431641199, 0.00252973334864, -0.0011569079943, 0.000985685619526, -0.00376238883473, 0.0109914001077, -0.0046714679338, 0.000877131766174, 0.00023721854086], [0.000178571048309, 0.000419035786763, -0.00136435835157, 0.000984532176517, 0.000395410286728, -0.00136290863156, 0.00146465748549, 0.00014068854216, -0.00123539112974, -0.0046714679338, 0.0125267654657, -0.0068315663375, -0.0010763584869], [-0.000214727813727, 0.000559835229069, 0.000596880039666, 0.000632998417132, -0.000423704914283, -0.000493308645673, 0.000722238211893, -4.2597301217e-05, 0.00250466587022, 0.000877131766174, -0.0068315663375, 0.0137146729976, -0.00406952621415], [5.23983871972e-05, 0.000197541317903, 0.0020412565209, -0.00106026930735, 0.000775104563218, 0.000367006607121, -0.000386973842978, -0.000990586588159, -0.000704397738446, 0.00023721854086, -0.0010763584869, -0.00406952621415, 0.00883477088064]]}, "spectral_contrast_coeffs": {"dmean": [0.0421927161515, 0.040405061096, 0.0323880910873, 0.0258004758507, 0.0252950210124, 0.0205304455012], "dmean2": [0.0692535564303, 0.0670189857483, 0.0492956750095, 0.0411969944835, 0.0387266352773, 0.0270794481039], "dvar": [0.00117425189819, 0.00146926776506, 0.000837231054902, 0.000482735893456, 0.000504697614815, 0.000383100938052], "dvar2": [0.0031479774043, 0.00420373538509, 0.00202663172968, 0.00126126769464, 0.00114324688911, 0.00066504458664], "max": [-0.220297396183, -0.211624205112, -0.423563539982, -0.537621319294, -0.507335424423, -0.495057106018], "mean": [-0.676857352257, -0.505413174629, -0.661495447159, -0.703299164772, -0.675051152706, -0.667617082596], "median": [-0.719563245773, -0.506204247475, -0.665578067303, -0.701005101204, -0.674047648907, -0.665201485157], "min": [-0.959724187851, -0.966393709183, -0.967651724815, -0.963535070419, -0.95732831955, -0.959266901016], "var": [0.021831670776, 0.0165978744626, 0.00726795196533, 0.00329098803923, 0.00394213059917, 0.00368243036792]}, "spectral_contrast_valleys": {"dmean": [0.488490074873, 0.358731031418, 0.294635504484, 0.247772842646, 0.267077833414, 0.257812619209], "dmean2": [0.830406248569, 0.587373614311, 0.477807700634, 0.412418544292, 0.43119263649, 0.401971250772], "dvar": [0.197405621409