{"lowlevel": {"average_loudness": 0.95376676321, "barkbands_crest": {"dmean": 2.16511082649, "dmean2": 3.62544941902, "dvar": 3.86339521408, "dvar2": 10.4789333344, "max": 26.0436725616, "mean": 10.1294269562, "median": 9.43547916412, "min": 3.27675271034, "var": 13.9869918823}, "barkbands_flatness_db": {"dmean": 0.0209584087133, "dmean2": 0.032116882503, "dvar": 0.000387802661862, "dvar2": 0.000858894956764, "max": 0.612439393997, "mean": 0.14672267437, "median": 0.134580731392, "min": 0.0344945788383, "var": 0.00410299235955}, "barkbands_kurtosis": {"dmean": 3.63341641426, "dmean2": 5.97815656662, "dvar": 144.841278076, "dvar2": 330.719909668, "max": 558.906982422, "mean": 7.43912363052, "median": 4.42942762375, "min": -1.86024916172, "var": 238.628616333}, "barkbands_skewness": {"dmean": 0.486006289721, "dmean2": 0.791863441467, "dvar": 0.346882671118, "dvar2": 0.855996310711, "max": 21.4824066162, "mean": 2.14409565926, "median": 1.98966932297, "min": -2.18629360199, "var": 1.6259149313}, "barkbands_spread": {"dmean": 4.09697294235, "dmean2": 6.53578805923, "dvar": 21.8703784943, "dvar2": 51.5313987732, "max": 89.6453857422, "mean": 17.1096744537, "median": 16.2711639404, "min": 0.129483222961, "var": 75.0053710938}, "dissonance": {"dmean": 0.0164235718548, "dmean2": 0.0275538340211, "dvar": 0.000255569815636, "dvar2": 0.000703860307112, "max": 0.499999970198, "mean": 0.459294468164, "median": 0.466013491154, "min": 0.22307652235, "var": 0.000842192210257}, "dynamic_complexity": 2.71176171303, "erbbands_crest": {"dmean": 2.20604610443, "dmean2": 3.5668361187, "dvar": 5.05692052841, "dvar2": 13.1292829514, "max": 28.5930557251, "mean": 8.32315349579, "median": 7.39293003082, "min": 2.01937031746, "var": 15.8571586609}, "erbbands_flatness_db": {"dmean": 0.0164097305387, "dmean2": 0.0213997550309, "dvar": 0.000240770837991, "dvar2": 0.000426880229497, "max": 0.387325078249, "mean": 0.14013029635, "median": 0.136734306812, "min": 0.0302963871509, "var": 0.00218767812476}, "erbbands_kurtosis": {"dmean": 0.553921878338, "dmean2": 0.869103133678, "dvar": 1.15581727028, "dvar2": 3.01515197754, "max": 37.8124008179, "mean": 0.107117518783, "median": -0.437907218933, "min": -1.74534416199, "var": 4.61898899078}, "erbbands_skewness": {"dmean": 0.264328926802, "dmean2": 0.417166620493, "dvar": 0.0659701526165, "dvar2": 0.164232492447, "max": 5.25830316544, "mean": 0.456796884537, "median": 0.41897419095, "min": -3.41977071762, "var": 0.326864600182}, "erbbands_spread": {"dmean": 6.74889707565, "dmean2": 10.0911407471, "dvar": 48.515953064, "dvar2": 101.840042114, "max": 140.216064453, "mean": 45.0654182434, "median": 43.6170272827, "min": 3.19309306145, "var": 346.996734619}, "hfc": {"dmean": 3.96919441223, "dmean2": 5.66871881485, "dvar": 21.7620582581, "dvar2": 44.8357772827, "max": 106.240280151, "mean": 21.6255588531, "median": 20.3125686646, "min": 1.17359948558e-16, "var": 164.036331177}, "melbands_crest": {"dmean": 3.4248752594, "dmean2": 5.88972616196, "dvar": 9.03061580658, "dvar2": 26.0742759705, "max": 39.4225082397, "mean": 16.3166694641, "median": 15.5641088486, "min": 1.56700360775, "var": 34.3174705505}, "melbands_flatness_db": {"dmean": 0.0231244321913, "dmean2": 0.0374040305614, "dvar": 0.000456513022073, "dvar2": 0.00112959649414, "max": 0.699831783772, "mean": 0.22641120851, "median": 0.212339937687, "min": 0.00340767740272, "var": 0.00582207320258}, "melbands_kurtosis": {"dmean": 10.5377874374, "dmean2": 17.2589302063, "dvar": 2053.37573242, "dvar2": 5014.50878906, "max": 2292.98730469, "mean": 23.0370426178, "median": 14.0623502731, "min": -1.37768697739, "var": 2385.21484375}, "melbands_skewness": {"dmean": 0.753793656826, "dmean2": 1.22515690327, "dvar": 0.952463924885, "dvar2": 2.31344032288, "max": 31.5624141693, "mean": 3.47112417221, "median": 3.11153554916, "min": -0.330310463905, "var": 4.09413862228}, "melbands_spread": {"dmean": 3.70810437202, "dmean2": 6.06351089478, "dvar": 21.4354801178, "dvar2": 51.288444519, "max": 172.062927246, "mean": 15.4223470688, "median": 13.3651771545, "min": 0.0452826209366, "var": 192.798095703}, "pitch_salience": {"dmean": 0.0724922120571, "dmean2": 0.122047394514, "dvar": 0.00394395506009, "dvar2": 0.0108939725906, "max": 0.932291388512, "mean": 0.507795631886, "median": 0.518104672432, "min": 0.0455889478326, "var": 0.0143874529749}, "silence_rate_20dB": {"dmean": 0, "dmean2": 0, "dvar": 0, "dvar2": 0, "max": 1, "mean": 1, "median": 1, "min": 1, "var": 0}, "silence_rate_30dB": {"dmean": 0, "dmean2": 0, "dvar": 0, "dvar2": 0, "max": 1, "mean": 1, "median": 1, "min": 1, "var": 0}, "silence_rate_60dB": {"dmean": 0.00441246991977, "dmean2": 0.00882578641176, "dvar": 0.00439290935174, "dvar2": 0.0100906454027, "max": 1, "mean": 0.0341454073787, "median": 0, "min": 0, "var": 0.0329788289964}, "spectral_centroid": {"dmean": 170.382110596, "dmean2": 266.72088623, "dvar": 38268.6289062, "dvar2": 80624.2734375, "max": 10977.3359375, "mean": 1039.53723145, "median": 984.482543945, "min": 124.33946228, "var": 231657.734375}, "spectral_complexity": {"dmean": 2.72441244125, "dmean2": 4.29105901718, "dvar": 6.87048625946, "dvar2": 14.9686870575, "max": 46, "mean": 19.8037605286, "median": 20, "min": 0, "var": 52.2065620422}, "spectral_decrease": {"dmean": 2.55411136685e-09, "dmean2": 4.2967975844e-09, "dvar": 6.20012194163e-18, "dvar2": 1.7344084856e-17, "max": 8.03697833842e-19, "mean": -1.09446149921e-08, "median": -1.13953166903e-08, "min": -3.28596563293e-08, "var": 2.50887337402e-17}, "spectral_energy": {"dmean": 0.00979710742831, "dmean2": 0.0164299737662, "dvar": 9.06765417312e-05, "dvar2": 0.000251901510637, "max": 0.126707553864, "mean": 0.0432689785957, "median": 0.0452201068401, "min": 1.0534931084e-20, "var": 0.000386368861655}, "spectral_energyband_high": {"dmean": 0.000266371556791, "dmean2": 0.000356658536475, "dvar": 1.82751904276e-07, "dvar2": 3.52703182216e-07, "max": 0.0115816146135, "mean": 0.000690392567776, "median": 0.000458163092844, "min": 8.13907594896e-21, "var": 6.0312873984e-07}, "spectral_energyband_low": {"dmean": 0.00896671414375, "dmean2": 0.0154452770948, "dvar": 8.19329361548e-05, "dvar2": 0.000246703915764, "max": 0.102476850152, "mean": 0.0208752285689, "median": 0.0179761312902, "min": 3.02106021905e-23, "var": 0.000215222622501}, "spectral_energyband_middle_high": {"dmean": 0.00131974299438, "dmean2": 0.00197989330627, "dvar": 4.11488554164e-06, "dvar2": 9.63977527135e-06, "max": 0.047245234251, "mean": 0.0052124070935, "median": 0.00338148861192, "min": 1.29128941974e-21, "var": 2.64678383246e-05}, "spectral_energyband_middle_low": {"dmean": 0.00472262641415, "dmean2": 0.00750456703827, "dvar": 2.84782272502e-05, "dvar2": 7.3182513006e-05, "max": 0.0895275250077, "mean": 0.0177679657936, "median": 0.0165877602994, "min": 2.3898209171e-22, "var": 0.000148098944919}, "spectral_entropy": {"dmean": 0.146397486329, "dmean2": 0.204503342509, "dvar": 0.0241117477417, "dvar2": 0.0450862534344, "max": 9.78164577484, "mean": 7.47252082825, "median": 7.51330566406, "min": 4.58487319946, "var": 0.242933884263}, "spectral_flux": {"dmean": 0.0227910727262, "dmean2": 0.0358907990158, "dvar": 0.000464346871013, "dvar2": 0.00114364770707, "max": 0.254644721746, "mean": 0.0900058224797, "median": 0.0885449796915, "min": 1.05704923981e-10, "var": 0.00162496662233}, "spectral_kurtosis": {"dmean": 1.56327211857, "dmean2": 2.60387158394, "dvar": 12.0877037048, "dvar2": 34.0870361328, "max": 138.535049438, "mean": 4.97949934006, "median": 3.46053647995, "min": -1.33494532108, "var": 77.2211456299}, "spectral_rms": {"dmean": 0.00074174569454, "dmean2": 0.00123091880232, "dvar": 4.81493884763e-07, "dvar2": 1.26603072204e-06, "max": 0.0111183235422, "mean": 0.00624202005565, "median": 0.00664207618684, "min": 3.20592901185e-12, "var": 3.2509472021e-06}, "spectral_rolloff": {"dmean": 245.051818848, "dmean2": 427.736236572, "dvar": 231700.375, "dvar2": 578265.875, "max": 19918.2128906, "mean": 894.302978516, "median": 602.9296875, "min": 21.533203125, "var": 3250149}, "spectral_skewness": {"dmean": 0.188149571419, "dmean2": 0.30091765523, "dvar": 0.0555341541767, "dvar2": 0.144688799977, "max": 9.12418842316, "mean": 1.60084617138, "median": 1.49106192589, "min": -0.00410774163902, "var": 0.543099284172}, "spectral_spread": {"dmean": 577462.75, "dmean2": 755796.4375, "dvar": 693655044096, "dvar2": 1004902350850.0, "max": 52276404, "mean": 4683209, "median": 4447820, "min": 638594.375, "var": 2292161970180.0}, "spectral_strongpeak": {"dmean": 0.421598553658, "dmean2": 0.733272314072, "dvar": 0.429029911757, "dvar2": 1.12707149982, "max": 9.54129505157, "mean": 0.788988292217, "median": 0.533426165581, "min": 0, "var": 0.700025498867}, "zerocrossingrate": {"dmean": 0.00723396288231, "dmean2": 0.00904669333249, "dvar": 6.78884243825e-05, "dvar2": 8.64629037096e-05, "max": 0.5302734375, "mean": 0.0459559001029, "median": 0.04052734375, "min": 0.00048828125, "var": 0.00224406016059}, "barkbands": {"dmean": [0.000865732668899, 0.00453496538103, 0.00504245050251, 0.00147610099521, 0.00227549858391, 0.000953858194407, 0.0018354736967, 0.0011580401333, 0.00102732051164, 0.00065691844793, 0.000212627201108, 0.000356886652298, 0.000320917897625, 0.000246571318712, 0.000278986495687, 0.000169142978848, 0.000196909502847, 9.55337673076e-05, 0.000102450270788, 7.79624533607e-05, 6.37247940176e-05, 6.36120603303e-05, 4.78188048874e-05, 4.26674814662e-05, 4.07169682148e-05, 2.37453550653e-05, 9.68134463619e-06], "dmean2": [0.00142284156755, 0.00776873994619, 0.00878473650664, 0.00242010573857, 0.00359560828656, 0.00152036349755, 0.0029218068812, 0.00184627529234, 0.00157895276789, 0.00103632418904, 0.000338402955094, 0.000557038001716, 0.000499873480294, 0.000383677135687, 0.000444231671281, 0.000262248067884, 0.000307539477944, 0.000154422872583, 0.000155039873789, 0.00012069704826, 9.12486211746e-05, 9.22474282561e-05, 6.75984629197e-05, 5.91210555285e-05, 5.78293438593e-05, 3.61393795174e-05, 1.4887486941e-05], "dvar": [1.08430658656e-05, 2.74279154837e-05, 2.76404407487e-05, 4.95090307595e-06, 8.41530436446e-06, 3.23946278513e-06, 1.4999418454e-05, 6.88725322107e-06, 5.39365146324e-06, 2.02901310331e-06, 5.2332791256e-07, 1.10688324639e-06, 6.72092369314e-07, 3.67593315787e-07, 4.19714837108e-07, 1.17835924129e-07, 8.66294840307e-08, 2.03056345072e-08, 3.55941480734e-08, 1.59759263596e-08, 2.06799555258e-08, 1.16708198661e-08, 6.08465411389e-09, 6.23722362647e-09, 6.94154955738e-09, 4.00291133573e-09, 6.9771166622e-10], "dvar2": [2.20700512727e-05, 7.91467973613e-05, 8.16198080429e-05, 1.27081302708e-05, 2.08576366276e-05, 7.81261314842e-06, 3.70637426386e-05, 1.83101146831e-05, 1.28616702568e-05, 5.2494369811e-06, 1.33035155159e-06, 2.44720740739e-06, 1.64549010151e-06, 8.72116686423e-07, 1.11146005111e-06, 2.6917942364e-07, 2.0568579373e-07, 4.84107545162e-08, 7.54111795231e-08, 3.74379887091e-08, 3.78673981061e-08, 2.43548186063e-08, 1.26361410224e-08, 1.23688348452e-08, 1.55219090914e-08, 1.030104535e-08, 1.68616898222e-09], "max": [0.102207154036, 0.0755616798997, 0.0609210059047, 0.0334517732263, 0.0473211593926, 0.0514452755451, 0.0711422860622, 0.0459511876106, 0.0509065799415, 0.0287110321224, 0.0302675515413, 0.0438079573214, 0.0195083785802, 0.0118679385632, 0.0117577146739, 0.00760366441682, 0.00656390562654, 0.00443149683997, 0.0044749644585, 0.00346238794737, 0.00669623352587, 0.00392589252442, 0.00175639265217, 0.00306960311718, 0.00220413855277, 0.00273021636531, 0.000678968382999], "mean": [0.000844322377816, 0.00874953437597, 0.010113962926, 0.00241299904883, 0.00544740073383, 0.00204490311444, 0.00341143691912, 0.0022232811898, 0.00201120553538, 0.00125627836678, 0.000385320745409, 0.000646462198347, 0.000582677894272, 0.000455152679933, 0.000531039084308, 0.000405298545957, 0.000466220953967, 0.000220169473323, 0.000259578431724, 0.000197461733478, 0.000149864834384, 0.000162471755175, 0.000107325977297, 8.64691537572e-05, 6.33704694337e-05, 2.5709725378e-05, 9.1377642093e-06], "median": [0.000101637342595, 0.00649087363854, 0.00750188576058, 0.00159866712056, 0.00364058837295, 0.00104070291854, 0.0010316381231, 0.000872108503245, 0.000544096925296, 0.000425014586654, 0.000112048059236, 0.000272482895525, 0.000194551219465, 0.000150267645949, 0.000170197075931, 0.000214237719774, 0.000286197959213, 0.000163987395354, 0.00015953273396, 0.000129634543555, 8.76724734553e-05, 0.00010765800107, 6.5662083216e-05, 4.68049038318e-05, 2.82838554995e-05, 5.46306091564e-06, 4.06228934935e-07], "min": [6.90297073849e-25, 2.29992712462e-23, 5.96284654355e-24, 1.7479749543e-24, 1.90496292872e-23, 2.8831316763e-23, 4.12789454686e-23, 1.57064604367e-23, 4.27019306347e-23, 2.56788329482e-23, 1.39456676759e-23, 3.81299925952e-23, 9.3941122245e-23, 5.4614601206e-23, 1.48525973929e-22, 1.27496052912e-22, 1.0835152208e-22, 1.52452784675e-22, 1.35998547209e-22, 3.04287935438e-22, 3.38459446099e-22, 4.78236460339e-22, 4.67368860073e-22, 8.51886675875e-22, 1.31474350401e-21, 1.82020851454e-21, 2.13992270702e-21], "var": [1.43116230902e-05, 7.26872895029e-05, 8.15344392322e-05, 7.35968387744e-06, 3.10130089929e-05, 8.6504724095e-06, 3.68283908756e-05, 1.37921124406e-05, 1.51111053128e-05, 4.77259482068e-06, 1.05521064597e-06, 3.01847558148e-06, 1.54310612288e-06, 9.36995263601e-07, 9.58820010055e-07, 3.82493368534e-07, 2.80429247823e-07, 4.82592987794e-08, 1.19598880133e-07, 5.33458184293e-08, 6.730433455e-08, 3.8243403111e-08, 1.85219679594e-08, 1.83786745822e-08, 1.04980495408e-08, 3.57742946377e-09, 6.75500211322e-10]}, "erbbands": {"dmean": [0.0768459439278, 1.26691532135, 5.93902015686, 4.5399723053, 6.30936527252, 7.9111495018, 6.97864675522, 7.87386989594, 27.0239543915, 17.6744804382, 28.3369178772, 27.739654541, 12.6083135605, 20.1238765717, 9.68962001801, 14.2223939896, 13.0764970779, 13.6960000992, 15.0762891769, 10.1519546509, 7.8891582489, 8.92575645447, 5.82748222351, 4.38137388229, 5.27872991562, 3.34613275528, 2.49800443649, 2.76563644409, 2.35965943336, 1.79353380203, 1.35148882866, 0.955904603004, 0.688315093517, 0.480011701584, 0.282753318548, 0.104446649551, 0.0405930057168, 0.0157877057791, 0.00149451056495, 7.70716360421e-05], "dmean2": [0.124207057059, 2.20068383217, 10.4872722626, 7.38103866577, 10.3904905319, 12.0197467804, 10.8973865509, 12.6124734879, 43.5544776917, 27.686750412, 45.2140464783, 42.2300376892, 19.78789711, 31.9538440704, 15.2407579422, 22.0172939301, 19.9615745544, 21.2494697571, 23.93866539, 15.6069660187, 12.2593364716, 13.7928533554, 9.31041240692, 6.74118995667, 7.94620656967, 5.11504220963, 3.71747851372, 3.9302611351, 3.42750024796, 2.52137470245, 1.96824276447, 1.35038518906, 0.966323494911, 0.687527298927, 0.407772421837, 0.155567184091, 0.062751211226, 0.0247778315097, 0.00228941254318, 0.000118866628327], "dvar": [0.029018688947, 2.03904461861, 39.7817878723, 28.8916435242, 86.8045959473, 115.115242004, 172.278335571, 316.906585693, 3337.92114258, 1665.34729004, 3702.08544922, 4148.14355469, 1320.50720215, 1735.00891113, 1119.95458984, 1679.44042969, 1133.89367676, 1104.03430176, 1471.09631348, 407.906799316, 205.318130493, 226.670150757, 70.3216171265, 64.4881973267, 92.3077316284, 28.2185344696, 23.1190948486, 44.0634307861, 17.3383827209, 8.35149860382, 4.86110305786, 2.49208474159, 2.16727995872, 0.839035153389, 0.400270015001, 0.0542463883758, 0.0143795823678, 0.00297153764404, 1.50965925059e-05, 3.48012569873e-08], "dvar2": [0.0691553577781, 6.21662902832, 124.384979248, 75.2835769653, 245.344848633, 263.748138428, 421.120727539, 740.13104248, 8332.18066406, 3940.75585938, 10007.2421875, 9666.95410156, 3409.60058594, 4367.8828125, 2836.68383789, 3665.17041016, 2529.50854492, 2714.67871094, 3977.67382812, 912.371643066, 470.647247314, 537.410888672, 165.343383789, 145.664978027, 193.100830078, 65.278427124, 49.165813446, 84.3766098022, 35.5445556641, 16.9658870697, 10.7837610245, 5.04817008972, 4.4640583992, 1.77906191349, 0.940820932388, 0.132963061333, 0.038158301264, 0.00787417963147, 3.54493495252e-05, 8.4761410335e-08], "max": [3.11674761772, 20.1618442535, 69.4151306152, 73.7795562744, 130.547134399, 193.145462036, 295.32611084, 644.596374512, 1269.94372559, 874.187011719, 1221.76281738, 1368.20727539, 1126.95227051, 936.121276855, 1361.05285645, 1343.37731934, 1007.5291748, 697.050292969, 791.744445801, 402.293731689, 516.114562988, 323.984283447, 223.10017395, 356.219970703, 261.349700928, 129.94128418, 169.839263916, 306.129150391, 157.392730713, 71.6211929321, 51.8184776306, 53.1115684509, 70.099571228, 23.0383796692, 19.906293869, 6.58072185516, 5.57293987274, 2.42305064201, 0.0788836330175, 0.00535826152191], "mean": [0.124423578382, 2.48061347008, 11.5759515762, 9.73708438873, 13.846663475, 18.5010700226, 15.5769948959, 16.4498558044, 50.06016922, 32.7958641052, 59.5275268555, 56.3268280029, 25.796787262, 40.0235290527, 19.8362827301, 27.3122806549, 26.3573818207, 27.7729263306, 29.6584358215, 24.4991550446, 21.0237884521, 22.2735176086, 15.3732538223, 11.8777561188, 13.2378740311, 8.81700897217, 6.16182327271, 6.4342007637, 5.89505815506, 4.24729776382, 2.96437287331, 2.00762844086, 1.33205759525, 0.829739511013, 0.38446483016, 0.123736605048, 0.0419055148959, 0.0147418091074, 0.00144440215081, 0.00011589780479], "median": [0.0602116510272, 1.87694168091, 8.6848783493, 7.74172401428, 8.40663051605, 11.7085361481, 7.10031604767, 8.6148815155, 17.4757213593, 13.7502622604, 29.7257976532, 18.7070236206, 10.5591678619, 15.3431186676, 8.22537517548, 12.5505619049, 9.52873134613, 9.97633552551, 8.37045478821, 11.3663845062, 12.6931724548, 12.9664926529, 11.1862640381, 8.88237094879, 7.48381185532, 6.0303030014, 3.85049962997, 3.64233636856, 3.73522472382, 2.80244016647, 1.84755849838, 1.18367147446, 0.682650089264, 0.404210358858, 0.136358425021, 0.0347145535052, 0.0078888759017, 0.000985431834124, 0.00010160151578, 6.66471023578e-05], "min": [5.79922221366e-22, 4.74530697253e-21, 6.14153170487e-21, 7.00643789259e-21, 1.82630977935e-20, 9.70060295241e-20, 8.62822080314e-20, 3.60416965152e-19, 4.41852276073e-19, 4.56024826797e-19, 5.63071769132e-19, 1.04728882406e-18, 7.42292701455e-19, 8.68626186952e-19, 7.59015605103e-19, 1.64389304766e-18, 4.73673149096e-18, 3.94156814478e-18, 5.66267829583e-18, 6.38570322078e-18, 8.02638411933e-18, 6.70611287183e-18, 8.15875286967e-18, 9.49972100328e-18, 8.00544735084e-18, 1.29534573139e-17, 2.01994428474e-17, 1.20263607279e-17, 1.3647966428e-17, 1.51331055249e-17, 1.18213034813e-17, 1.51082073885e-17, 1.52363475915e-17, 1.59343622971e-17, 9.72300186603e-18, 6.65034021902e-18, 3.30434873272e-18, 1.2176942341e-18, 3.08974447761e-19, 3.004353589e-20], "var": [0.0421605408192, 5.35560798645, 102.101402283, 66.9103240967, 229.143753052, 449.754516602, 477.043731689, 759.668029785, 7686.24462891, 3487.1394043, 7773.03955078, 11562.7470703, 3227.13793945, 4092.35839844, 2318.83618164, 4709.47460938, 2900.63500977, 2934.79541016, 3478.86694336, 1418.54321289, 774.890197754, 739.407470703, 220.490188599, 166.777008057, 332.250793457, 92.0473632812, 76.2394104004, 137.520782471, 56.8796157837, 24.2000713348, 13.7440214157, 7.03955936432, 5.85763549805, 1.65690565109, 0.487462937832, 0.0577853880823, 0.0117087615654, 0.00232052756473, 1.55732941494e-05, 3.37530359218e-08]}, "gfcc": {"mean": [11.8040142059, 104.856582642, -103.768257141, 39.4390945435, -55.0764923096, 13.2426204681, -32.9571876526, 9.33845233917, -15.6856040955, -2.54890704155, -16.1211986542, -7.09141492844, -14.1372680664], "cov": [[17547.2109375, -126.649230957, -1406.6015625, 218.64692688, -854.308898926, 386.365936279, -543.73638916, 118.432937622, -313.849182129, 34.356086731, -273.049926758, 103.104919434, -238.374847412], [-126.649230957, 1389.72875977, -325.903625488, 19.0675411224, 5.8123922348, -188.270065308, 33.8701782227, -106.885620117, 108.331268311, -166.448699951, 71.7931976318, -150.978408813, 85.8029708862], [-1406.6015625, -325.903625488, 755.864624023, -51.9818534851, 211.373687744, -26.1860904694, 58.5371360779, 52.3657188416, -26.1946105957, 77.9200744629, -26.9080791473, 73.0664596558, -9.58947467804], [218.64692688, 19.0675411224, -51.9818534851, 308.593139648, -69.7302780151, 39.692779541, -7.58146810532, -18.8889484406, 25.0201187134, -14.0609111786, 22.8021659851, -24.3565788269, 36.0172157288], [-854.308898926, 5.8123922348, 211.373687744, -69.7302780151, 274.884765625, -40.8966445923, 73.3241348267, 0.367519199848, 17.0433349609, 18.0082168579, 0.879694640636, 9.96342658997, -25.7624187469], [386.365936279, -188.270065308, -26.1860904694, 39.692779541, -40.8966445923, 196.975448608, 36.2164268494, 20.2175693512, -29.3795623779, 18.3191661835, -4.27867221832, 1.27052557468, -14.6572990417], [-543.73638916, 33.8701782227, 58.5371360779, -7.58146810532, 73.3241348267, 36.2164268494, 170.812103271, 1.71678924561, 8.23976039886, -6.60847663879, 23.542596817, 4.1808142662, -13.3472394943], [118.432937622, -106.885620117, 52.3657188416, -18.8889484406, 0.367519199848, 20.2175693512, 1.71678924561, 89.0853500366, 7.17232084274, 19.6943264008, -5.51690101624, 20.0925617218, -3.03567814827], [-313.849182129, 108.331268311, -26.1946105957, 25.0201187134, 17.0433349609, -29.3795623779, 8.23976039886, 7.17232084274, 95.9496307373, 9.68423366547, 13.3991498947, -21.5342464447, 16.0407772064], [34.356086731, -166.448699951, 77.9200744629, -14.0609111786, 18.0082168579, 18.3191661835, -6.60847663879, 19.6943264008, 9.68423366547, 91.5255432129, 11.1509103775, 18.0556201935, -27.3219280243], [-273.049926758, 71.7931976318, -26.9080791473, 22.8021659851, 0.879694640636, -4.27867221832, 23.542596817, -5.51690101624, 13.3991498947, 11.1509103775, 86.7283782959, 6.83667421341, 1.08770978451], [103.104919434, -150.978408813, 73.0664596558, -24.3565788269, 9.96342658997, 1.27052557468, 4.1808142662, 20.0925617218, -21.5342464447, 18.0556201935, 6.83667421341, 81.7773284912, -0.766471803188], [-238.374847412, 85.8029708862, -9.58947467804, 36.0172157288, -25.7624187469, -14.6572990417, -13.3472394943, -3.03567814827, 16.0407772064, -27.3219280243, 1.08770978451, -0.766471803188, 80.5271911621]], "icov": [[0.000124858212075, -0.000189020473044, 0.000226567397476, -0.000190068341908, 0.000131907174364, -0.00020654022228, 0.000279619474895, -0.000290415715426, 0.000380677753128, -0.000358383695129, 0.000591001939029, -0.000586478796322, 0.000512013095431], [-0.000189020473044, 0.00197898806073, -5.98740552959e-05, 0.000651108799502, -0.000328872993123, 0.00142362318002, -0.000817140215077, 0.00112168770283, -0.00151521572843, 0.00264412630349, -0.00238789338619, 0.00312492274679, -0.0016448268434], [0.000226567397476, -5.98740552959e-05, 0.00269951252267, -0.000636652053799, -0.001379044028, 0.000370495137759, -0.00011205732153, -0.00132336013485, 0.00181473128032, -0.00229162629694, 0.001896706759, -0.00168201571796, -0.000282152526779], [-0.000190068341908, 0.000651108799502, -0.000636652053799, 0.00440209824592, 0.000728518236428, -0.000621425220743, -0.00025452641421, 0.00160602224059, -0.00206889701076, 0.00152245245408, -0.00237797410227, 0.0021584071219, -0.00218148669228], [0.000131907174364, -0.000328872993123, -0.001379044028, 0.000728518236428, 0.00614069215953, 0.000648238055874, -0.00165670376737, 0.000602013547905, -0.00111639744136, -0.000164869823493, 0.00072642962914, -0.000443161930889, 0.00223386939615], [-0.00020654022228, 0.00142362318002, 0.000370495137759, -0.000621425220743, 0.000648238055874, 0.00803841743618, -0.00324414367788, -0.000957582669798, 0.00177472503856, -0.000604554021265, -0.000775899912696, 0.0032240471337, -0.00122699292842], [0.000279619474895, -0.000817140215077, -0.00011205732153, -0.00025452641421, -0.00165670376737, -0.00324414367788, 0.0088370712474, -0.000531944446266, -0.000563359411899, 0.00165947049391, -0.000965947110672, -0.00231353496201, 0.00278935278766], [-0.000290415715426, 0.00112168770283, -0.00132336013485, 0.00160602224059, 0.000602013547905, -0.000957582669798, -0.000531944446266, 0.0145385246724, -0.00431545590982, 0.000757657107897, -0.00101576093584, -0.000736802991014, -0.00132917391602], [0.000380677753128, -0.00151521572843, 0.00181473128032, -0.00206889701076, -0.00111639744136, 0.00177472503856, -0.000563359411899, -0.00431545590982, 0.0166366565973, -0.00688040070236, 0.00176572194323, 0.00141558505129, -0.0020661605522], [-0.000358383695129, 0.00264412630349, -0.00229162629694, 0.00152245245408, -0.000164869823493, -0.000604554021265, 0.00165947049391, 0.000757657107897, -0.00688040070236, 0.0204435903579, -0.00661724573001, 0.0018554860726, 0.00372262275778], [0.000591001939029, -0.00238789338619, 0.001896706759, -0.00237797410227, 0.00072642962914, -0.000775899912696, -0.000965947110672, -0.00101576093584, 0.00176572194323, -0.00661724573001, 0.0178208127618, -0.00687385769561, 0.00257302611135], [-0.000586478796322, 0.00312492274679, -0.00168201571796, 0.0021584071219, -0.000443161930889, 0.0032240471337, -0.00231353496201, -0.000736802991014, 0.00141558505129, 0.0018554860726, -0.00687385769561, 0.0216716825962, -0.00555092189461], [0.000512013095431, -0.0016448268434, -0.000282152526779, -0.00218148669228, 0.00223386939615, -0.00122699292842, 0.00278935278766, -0.00132917391602, -0.0020661605522, 0.00372262275778, 0.00257302611135, -0.00555092189461, 0.0191190931946]]}, "melbands": {"dmean": [0.000934898387641, 0.00256831129082, 0.000747696380131, 0.000584814348258, 0.000229312194278, 0.000186071629287, 0.000400829740101, 0.000192838502699, 0.000233375569223, 0.000157028101967, 6.4394887886e-05, 8.89945367817e-05, 3.12300253427e-05, 4.27523409599e-05, 2.81453958451e-05, 3.18581187457e-05, 2.63117799477e-05, 2.50863977271e-05, 1.54874087457e-05, 1.43897977978e-05, 1.01947653093e-05, 1.02314170363e-05, 9.17024408409e-06, 5.16451063959e-06, 3.76330081053e-06, 4.49987419415e-06, 3.51925405084e-06, 2.17359911403e-06, 1.73573675966e-06, 1.69588452081e-06, 1.70677401456e-06, 1.44807756897e-06, 1.27932514715e-06, 1.01529371932e-06, 8.5913637804e-07, 6.52553808322e-07, 6.21164531367e-07, 5.34302387223e-07, 4.2041534698e-07, 4.24648163744e-07], "dmean2": [0.0015589534305, 0.00451895361766, 0.00122337392531, 0.000913257419597, 0.000360725854989, 0.000298592000036, 0.000644023588393, 0.000304120301735, 0.000371324829757, 0.000239040033193, 0.000101634039311, 0.000141222102684, 4.92485851282e-05, 6.65714251227e-05, 4.34678440797e-05, 4.98212320963e-05, 4.05894934374e-05, 4.00052995246e-05, 2.42182268266e-05, 2.20165456994e-05, 1.61059942911e-05, 1.60036070156e-05, 1.44430878208e-05, 8.53231995279e-06, 5.82014354222e-06, 6.83636289978e-06, 5.36970901521e-06, 3.38149220624e-06, 2.68729036179e-06, 2.52633230957e-06, 2.48492210631e-06, 2.15654040403e-06, 1.90997593563e-06, 1.46170884818e-06, 1.29361569634e-06, 9.57941438173e-07, 8.93516983069e-07, 7.71029476709e-07, 6.02985608111e-07, 6.19550462488e-07], "dvar": [1.91343337974e-06, 7.44486760595e-06, 8.10808899132e-07, 6.02765396707e-07, 1.5158158817e-07, 1.47948057361e-07, 7.12593646313e-07, 1.86987421102e-07, 2.02683082762e-07, 1.33829701099e-07, 3.45601094409e-08, 3.49383242337e-08, 1.09192042075e-08, 1.84301924833e-08, 5.91283066953e-09, 7.00129776376e-09, 4.35535607579e-09, 4.29751123576e-09, 1.17367693342e-09, 8.27912793877e-10, 3.23669174795e-10, 2.90322710317e-10, 2.32585367632e-10, 5.49747990186e-11, 5.26747014062e-11, 8.00549071478e-11, 3.99127779438e-11, 1.25719851196e-11, 1.04046484969e-11, 1.81262262144e-11, 1.64871883507e-11, 7.69939667578e-12, 3.73995235822e-12, 3.10115193074e-12, 2.07138603145e-12, 1.12717560979e-12, 1.12780076077e-12, 1.44389253158e-12, 7.14308928847e-13, 6.79108679014e-13], "dvar2": [4.76556715512e-06, 2.36621363001e-05, 2.15359500544e-06, 1.44091916354e-06, 3.81518788117e-07, 3.49036099578e-07, 1.77449760486e-06, 4.49398299907e-07, 5.39949212452e-07, 3.1200477224e-07, 8.9113974866e-08, 8.88310580649e-08, 2.75320708454e-08, 4.07080236187e-08, 1.31666606507e-08, 1.77993708661e-08, 1.04450323946e-08, 1.14754969971e-08, 2.76175637914e-09, 1.86090676202e-09, 7.53193118985e-10, 6.89165557954e-10, 5.59409185641e-10, 1.3841740254e-10, 1.21016252574e-10, 1.70986419468e-10, 8.58159029948e-11, 3.04163534637e-11, 2.56077312133e-11, 3.51681392341e-11, 3.34785983658e-11, 1.65446406575e-11, 8.46010154293e-12, 6.56422399076e-12, 4.84167133469e-12, 2.43655746621e-12, 2.31270926888e-12, 3.22270595626e-12, 1.42443468045e-12, 1.48778580601e-12], "max": [0.0227312706411, 0.0286499112844, 0.0128782466054, 0.0134812956676, 0.00837743934244, 0.0125782685354, 0.0166110806167, 0.00961492862552, 0.00884090363979, 0.00742005184293, 0.0054664039053, 0.00431275507435, 0.00468266056851, 0.00643441732973, 0.00275760493241, 0.00152809568681, 0.00139119301457, 0.00143627461512, 0.000715897243936, 0.000607006426435, 0.000691179477144, 0.000372178503312, 0.000280136737274, 0.000299836770864, 0.000312685035169, 0.000199907255592, 0.000218636298086, 9.17485886021e-05, 8.41504588607e-05, 0.000228421660722, 0.000187596247997, 0.000110982065962, 4.05707287428e-05, 4.28711427958e-05, 2.82102319034e-05, 3.68136097677e-05, 3.08458729705e-05, 5.72120297875e-05, 2.87710445264e-05, 1.88683188753e-05], "mean": [0.0017912593903, 0.00524199195206, 0.00177120021544, 0.00134412327316, 0.000543858564924, 0.000382967788028, 0.00075661536539, 0.000353251642082, 0.000497351284139, 0.000306619156618, 0.000121299439343, 0.000171590028913, 6.06748981227e-05, 7.61193587095e-05, 5.5601416534e-05, 5.92551004956e-05, 4.90414786327e-05, 4.66252349725e-05, 3.17231351801e-05, 3.35067670676e-05, 2.3377895559e-05, 2.33801038121e-05, 2.01316433959e-05, 1.09247439468e-05, 9.09010395844e-06, 1.0300809663e-05, 8.36563958728e-06, 5.19792138221e-06, 4.0118443394e-06, 3.53205155079e-06, 3.72840167984e-06, 3.36192192663e-06, 2.97781275549e-06, 2.15585873775e-06, 1.75163245331e-06, 1.38219797918e-06, 1.18982927688e-06, 9.97419192572e-07, 7.36289621273e-07, 6.97585335274e-07], "median": [0.0012226770632, 0.0041474327445, 0.00148781773169, 0.000811842211988, 0.000312659598421, 0.000199645583052, 0.000253289123066, 0.000151435713633, 0.000257573963609, 8.2394319179e-05, 4.37128910562e-05, 6.23647574685e-05, 2.13711646211e-05, 3.06082947645e-05, 2.49593795161e-05, 1.98903726414e-05, 1.68222049979e-05, 1.17345553008e-05, 1.13266187327e-05, 1.70076764334e-05, 1.35308509925e-05, 1.35485606734e-05, 1.10338796731e-05, 8.49380376167e-06, 6.36152617517e-06, 5.27529482497e-06, 4.78783249491e-06, 3.45125408785e-06, 2.43828526436e-06, 1.92679112843e-06, 2.01445936909e-06, 1.9831309146e-06, 2.0146424049e-06, 1.29020941131e-06, 1.08661106424e-06, 8.34241177472e-07, 6.58283170196e-07, 5.04670651935e-07, 3.51884921201e-07, 3.29380270614e-07], "min": [6.47621552699e-24, 5.01104010747e-24, 1.4190663024e-24, 4.14852641497e-24, 3.25528442085e-24, 7.03980970655e-24, 7.89201772018e-24, 4.52884217383e-24, 5.31892029143e-24, 6.07164584517e-24, 3.36622725476e-24, 3.24544831143e-24, 2.39980657876e-24, 3.02265505914e-24, 7.39541242541e-24, 1.12344371528e-23, 5.19933016149e-24, 8.76869146593e-24, 1.09861187282e-23, 5.54616114151e-24, 9.08097862134e-24, 7.18872771279e-24, 5.97159619428e-24, 6.92538148794e-24, 8.18874696082e-24, 3.95320129939e-24, 9.4841291424e-24, 7.97648421275e-24, 1.03662712719e-23, 8.21676808903e-24, 6.89501902056e-24, 7.06417998649e-24, 8.21854697038e-24, 8.52004171974e-24, 6.18189980629e-24, 9.14995898547e-24, 8.81454321718e-24, 1.09303959605e-23, 1.04526807289e-23, 1.30023801488e-23], "var": [3.89466731576e-06, 1.81436134881e-05, 1.80422887297e-06, 2.23797701437e-06, 4.35920725295e-07, 3.62640406593e-07, 1.73130706571e-06, 3.77459798528e-07, 4.57947919585e-07, 3.72841640228e-07, 8.32547897289e-08, 8.02332280614e-08, 2.33547101658e-08, 4.77645158981e-08, 1.74560739197e-08, 1.48854955029e-08, 1.09380531299e-08, 1.00888106758e-08, 3.08447911657e-09, 2.70221423015e-09, 1.04352892993e-09, 8.65627514113e-10, 6.73984645871e-10, 1.11582867945e-10, 1.22761925625e-10, 2.5836432993e-10, 1.35619640518e-10, 3.73125176589e-11, 3.50175478891e-11, 4.88875467886e-11, 4.74696185138e-11, 2.2614450243e-11, 1.08172654861e-11, 7.8100685641e-12, 4.8779006008e-12, 3.2895491886e-12, 2.920443401e-12, 3.57931501278e-12, 1.72407184015e-12, 1.1853192039e-12]}, "mfcc": {"mean": [-625.070007324, 127.686477661, 12.5046443939, 29.0949420929, 7.10145330429, 6.5693655014, -2.49145174026, 7.93837738037, 2.6498632431, 4.71485233307, 3.19983458519, 1.73598027229, 0.229347079992], "cov": [[8671.17871094, 56.6918869019, -591.633117676, -240.656311035, -237.030090332, -75.5020523071, -176.912628174, 40.3023948669, -49.5651741028, -74.9735794067, 14.0913820267, -51.2654304504, -6.39764165878], [56.6918869019, 843.992492676, -164.365264893, 29.3259410858, 1.86304795742, -47.0204124451, -36.9716567993, 29.5079612732, -26.8980255127, 26.7047424316, -3.35973954201, -32.491230011, 13.6276483536], [-591.633117676, -164.365264893, 410.856079102, 68.0886306763, 63.7023925781, 21.4482326508, 45.4854927063, -14.2270088196, 46.487991333, -4.77010059357, -21.8862800598, 27.1291999817, -3.58731675148], [-240.656311035, 29.3259410858, 68.0886306763, 233.126785278, 40.8391723633, 14.5087661743, -8.27939319611, 2.67513990402, 7.08576011658, 3.98390626907, -21.6914978027, 23.8027648926, 18.3830680847], [-237.030090332, 1.86304795742, 63.7023925781, 40.8391723633, 153.053604126, 2.20414757729, -7.16260194778, -17.9432144165, 20.654510498, 11.1387090683, 1.10238480568, -3.64048528671, 5.12847328186], [-75.5020523071, -47.0204124451, 21.4482326508, 14.5087661743, 2.20414757729, 138.047332764, 60.7678718567, 15.7847661972, 7.92930698395, 10.3554439545, 24.004026413, 24.5857410431, -28.6489963531], [-176.912628174, -36.9716567993, 45.4854927063, -8.27939319611, -7.16260194778, 60.7678718567, 139.548461914, 44.5083618164, -3.20756554604, -5.67875242233, 16.7907752991, 37.7535629272, -8.74819660187], [40.3023948669, 29.5079612732, -14.2270088196, 2.67513990402, -17.9432144165, 15.7847661972, 44.5083618164, 90.8452758789, 18.1893997192, -7.82883071899, 0.195886522532, 14.3248081207, 2.67709755898], [-49.5651741028, -26.8980255127, 46.487991333, 7.08576011658, 20.654510498, 7.92930698395, -3.20756554604, 18.1893997192, 79.8015975952, 21.7404613495, -6.61267900467, -10.6132850647, -8.28204727173], [-74.9735794067, 26.7047424316, -4.77010059357, 3.98390626907, 11.1387090683, 10.3554439545, -5.67875242233, -7.82883071899, 21.7404613495, 77.9954910278, 24.2612113953, -9.93270206451, -7.00564908981], [14.0913820267, -3.35973954201, -21.8862800598, -21.6914978027, 1.10238480568, 24.004026413, 16.7907752991, 0.195886522532, -6.61267900467, 24.2612113953, 87.2674636841, 22.4178371429, -1.21557438374], [-51.2654304504, -32.491230011, 27.1291999817, 23.8027648926, -3.64048528671, 24.5857410431, 37.7535629272, 14.3248081207, -10.6132850647, -9.93270206451, 22.4178371429, 83.6079406738, 20.0833244324], [-6.39764165878, 13.6276483536, -3.58731675148, 18.3830680847, 5.12847328186, -28.6489963531, -8.74819660187, 2.67709755898, -8.28204727173, -7.00564908981, -1.21557438374, 20.0833244324, 74.8061294556]], "icov": [[0.000136347080115, 2.11887181649e-05, 0.0001585962018, 7.74719737819e-05, 0.000119078446005, -2.0120112822e-05, 0.000190433202079, -8.42906010803e-05, -5.25742252648e-05, 0.000143051991472, -3.07387599605e-05, -2.84918805846e-05, 2.05116266443e-05], [2.11887181649e-05, 0.00141213159077, 0.000509223435074, -0.000310171482852, -0.000241914880462, 0.00038418683107, 0.000162869328051, -0.000834448321257, 0.000685758248437, -0.000677338219248, 0.00010129086877, 0.000419974327087, -4.07848783652e-05], [0.0001585962018, 0.000509223435074, 0.00366383139044, -0.000726414727978, -0.000777145673055, 0.000431018415838, -0.00144064531196, 0.00147512031253, -0.00222690310329, 0.000614386342932, 0.000809874443803, -0.000961673853453, 0.000354420597432], [7.74719737819e-05, -0.000310171482852, -0.000726414727978, 0.00540341390297, -0.00106275593862, -0.00124317384325, 0.00152074138168, -0.000811090925708, 0.000584998575505, -0.000906360684894, 0.0019816136919, -0.00193734222557, -0.000963724567555], [0.000119078446005, -0.000241914880462, -0.000777145673055, -0.00106275593862, 0.00785762257874, -0.000158072201884, -4.59920884168e-05, 0.00184583745431, -0.00200404715724, 0.000179231821676, -0.000972290115897, 0.00085708592087, -0.000843509158585], [-2.0120112822e-05, 0.00038418683107, 0.000431018415838, -0.00124317384325, -0.000158072201884, 0.0107786860317, -0.00405456172302, 0.000384009937989, -0.0010477657197, -0.000761146191508, -0.00170560239349, -0.00183101347648, 0.00418195594102], [0.000190433202079, 0.000162869328051, -0.00144064531196, 0.00152074138168, -4.59920884168e-05, -0.00405456172302, 0.0126745495945, -0.00606288341805, 0.00290434365161, -0.000235254905419, -0.000230888923397, -0.00307251745835, 0.000814017257653], [-8.42906010803e-05, -0.000834448321257, 0.00147512031253, -0.000811090925708, 0.00184583745431, 0.000384009937989, -0.00606288341805, 0.0166203044355, -0.00668608769774, 0.00285040657036, 0.000106179977593, -0.00105058192275, -0.00105795112904], [-5.25742252648e-05, 0.000685758248437, -0.00222690310329, 0.000584998575505, -0.00200404715724, -0.0010477657197, 0.00290434365161, -0.00668608769774, 0.0183450337499, -0.00591816194355, 0.00200510956347, 0.0016956271138, 0.000989229767583], [0.000143051991472, -0.000677338219248, 0.000614386342932, -0.000906360684894, 0.000179231821676, -0.000761146191508, -0.000235254905419, 0.00285040657036, -0.00591816194355, 0.0174225289375, -0.00582701945677, 0.00257906550542, 0.000143831974128], [-3.07387599605e-05, 0.00010129086877, 0.000809874443803, 0.0019816136919, -0.000972290115897, -0.00170560239349, -0.000230888923397, 0.000106179977593, 0.00200510956347, -0.00582701945677, 0.0157380532473, -0.00496135000139, 0.000177446796442], [-2.84918805846e-05, 0.000419974327087, -0.000961673853453, -0.00193734222557, 0.00085708592087, -0.00183101347648, -0.00307251745835, -0.00105058192275, 0.0016956271138, 0.00257906550542, -0.00496135000139, 0.0182325802743, -0.00527697708458], [2.05116266443e-05, -4.07848783652e-05, 0.000354420597432, -0.000963724567555, -0.000843509158585, 0.00418195594102, 0.000814017257653, -0.00105795112904, 0.000989229767583, 0.000143831974128, 0.000177446796442, -0.00527697708458, 0.0169659666717]]}, "spectral_contrast_coeffs": {"dmean": [0.0473601482809, 0.0436668284237, 0.0349781811237, 0.0265764519572, 0.021165618673, 0.020471803844], "dmean2": [0.0787305012345, 0.0719730108976, 0.0567477978766, 0.0424174517393, 0.0327934324741, 0.0298813413829], "dvar": [0.00140818965156, 0.00130009558052, 0.000829103053547, 0.000491627550218, 0.000342712912243, 0.000442809454398], "dvar2": [0.00393462833017, 0.00348941306584, 0.00210844352841, 0.00117680011317, 0.000726069149096, 0.00084161979612], "max": [-0.358228832483, -0.38736397028, -0.470656663179, -0.562188565731, -0.572676002979, -0.560100436211], "mean": [-0.609818816185, -0.709325671196, -0.74071764946, -0.761128783226, -0.766792237759, -0.747977256775], "median": [-0.607895731926, -0.71221613884, -0.745674848557, -0.766499638557, -0.766734957695, -0.750345647335], "min": [-0.963370323181, -0.972396433353, -0.97238522768, -0.971285879612, -0.962507069111, -0.962368369102], "var": [0.00506253214553, 0.00563954235986, 0.00445826398209, 0.00306366663426, 0.00211780029349, 0.00251606688835]}, "spectral_contrast_valleys": {"dmean": [0.364162415266, 0.293785691261, 0.267012268305, 0.227008998394, 0.209763780236, 0.353010237217], "dmean2": [0.597757816315, 0.483232349157, 0.432216793299, 0.356349289417, 0.301545113325, 0.429596066475], "dvar": [0.100152418017, 0.0708147808909, 0.0621539391577, 0.0555257275701, 0.0639032199979, 0.169798076153], "dvar2": [0.243541076779, 0.153892308474, 0.12639221549, 0.0959523394704, 0.0918568894267, 0.246380418539], "max": [-5.20270729065, -4.67589616776, -5.44029426575, -6.13227558136, -