{"lowlevel": {"average_loudness": 0.953407466412, "barkbands_crest": {"dmean": 3.41828465462, "dmean2": 5.72004365921, "dvar": 10.5457668304, "dvar2": 27.5658226013, "max": 26.5736656189, "mean": 11.784406662, "median": 10.645699501, "min": 2.28338527679, "var": 25.4919872284}, "barkbands_flatness_db": {"dmean": 0.0334009230137, "dmean2": 0.0529663749039, "dvar": 0.00106657133438, "dvar2": 0.00263785524294, "max": 0.605444133282, "mean": 0.125463843346, "median": 0.113020040095, "min": 0.014269143343, "var": 0.00386434560642}, "barkbands_kurtosis": {"dmean": 11.3547430038, "dmean2": 19.0442504883, "dvar": 2340.30639648, "dvar2": 5595.35009766, "max": 2488.91967773, "mean": 13.488658905, "median": 3.28772592545, "min": -1.91299831867, "var": 4912.71191406}, "barkbands_skewness": {"dmean": 1.02296352386, "dmean2": 1.64466321468, "dvar": 2.15579485893, "dvar2": 5.17879199982, "max": 39.2318344116, "mean": 2.28617858887, "median": 1.83400094509, "min": -5.04320144653, "var": 5.3368473053}, "barkbands_spread": {"dmean": 9.67239189148, "dmean2": 15.8572845459, "dvar": 143.74887085, "dvar2": 383.766021729, "max": 120.963615417, "mean": 23.9232311249, "median": 20.9394989014, "min": 0.0360345542431, "var": 256.409790039}, "dissonance": {"dmean": 0.0210196338594, "dmean2": 0.035272076726, "dvar": 0.000416475028032, "dvar2": 0.0011067551095, "max": 0.500000059605, "mean": 0.457976311445, "median": 0.463413417339, "min": 0.223488003016, "var": 0.000906603701878}, "dynamic_complexity": 3.0630428791, "erbbands_crest": {"dmean": 1.89407002926, "dmean2": 3.08696579933, "dvar": 3.94916653633, "dvar2": 9.9738702774, "max": 26.2068920135, "mean": 6.84373617172, "median": 6.14749717712, "min": 2.33413505554, "var": 9.02359390259}, "erbbands_flatness_db": {"dmean": 0.020745517686, "dmean2": 0.0309750176966, "dvar": 0.000365321757272, "dvar2": 0.000810536846984, "max": 0.364059478045, "mean": 0.108641773462, "median": 0.100573733449, "min": 0.0381994955242, "var": 0.00162891135551}, "erbbands_kurtosis": {"dmean": 0.756538629532, "dmean2": 1.26781499386, "dvar": 9.52701282501, "dvar2": 26.706943512, "max": 176.094848633, "mean": 0.05895062536, "median": -0.421269178391, "min": -1.85763037205, "var": 16.961774826}, "erbbands_skewness": {"dmean": 0.331937581301, "dmean2": 0.53066599369, "dvar": 0.173956900835, "dvar2": 0.41620105505, "max": 10.4805755615, "mean": 0.318084806204, "median": 0.288763821125, "min": -3.76977038383, "var": 0.434601187706}, "erbbands_spread": {"dmean": 12.5743350983, "dmean2": 20.3192157745, "dvar": 235.146316528, "dvar2": 620.522827148, "max": 191.970230103, "mean": 49.1143493652, "median": 45.0415763855, "min": 1.46136832237, "var": 394.590698242}, "hfc": {"dmean": 14.0466060638, "dmean2": 21.2395782471, "dvar": 320.1769104, "dvar2": 750.147705078, "max": 215.381195068, "mean": 26.3867053986, "median": 21.3464069366, "min": 1.07213360735e-16, "var": 588.09588623}, "melbands_crest": {"dmean": 3.67055606842, "dmean2": 6.12513494492, "dvar": 11.8664035797, "dvar2": 31.669921875, "max": 37.5876502991, "mean": 15.6026639938, "median": 15.4565086365, "min": 1.52746903896, "var": 27.2516937256}, "melbands_flatness_db": {"dmean": 0.0405686572194, "dmean2": 0.0640164092183, "dvar": 0.00160566763952, "dvar2": 0.00389623176306, "max": 0.762709856033, "mean": 0.212013781071, "median": 0.204091712832, "min": 0.0023772562854, "var": 0.00648038741201}, "melbands_kurtosis": {"dmean": 21.2209396362, "dmean2": 34.9362831116, "dvar": 2333.42407227, "dvar2": 5577.91748047, "max": 890.543395996, "mean": 29.3712368011, "median": 12.1200780869, "min": -1.82095038891, "var": 4313.71826172}, "melbands_skewness": {"dmean": 1.28061521053, "dmean2": 2.06677031517, "dvar": 2.59031820297, "dvar2": 6.34544181824, "max": 23.6613254547, "mean": 3.63369512558, "median": 3.00428652763, "min": -1.60757434368, "var": 6.09343957901}, "melbands_spread": {"dmean": 9.06188106537, "dmean2": 14.838722229, "dvar": 290.367858887, "dvar2": 714.741394043, "max": 258.297210693, "mean": 20.981595993, "median": 16.0117015839, "min": 0.23658490181, "var": 591.660644531}, "pitch_salience": {"dmean": 0.100390210748, "dmean2": 0.164843037724, "dvar": 0.00952556263655, "dvar2": 0.0237761009485, "max": 0.969898700714, "mean": 0.502359747887, "median": 0.496311157942, "min": 0.0267039947212, "var": 0.0236908718944}, "silence_rate_20dB": {"dmean": 0, "dmean2": 0, "dvar": 0, "dvar2": 0, "max": 1, "mean": 1, "median": 1, "min": 1, "var": 0}, "silence_rate_30dB": {"dmean": 0.0757194757462, "dmean2": 0.151460111141, "dvar": 0.0699886381626, "dvar2": 0.135232716799, "max": 1, "mean": 0.910602033138, "median": 1, "min": 0, "var": 0.0814087167382}, "silence_rate_60dB": {"dmean": 0.0257055051625, "dmean2": 0.0514181926847, "dvar": 0.0250454545021, "dvar2": 0.0538054853678, "max": 1, "mean": 0.112864926457, "median": 0, "min": 0, "var": 0.100120402873}, "spectral_centroid": {"dmean": 315.476287842, "dmean2": 510.896697998, "dvar": 195419.65625, "dvar2": 444028.5625, "max": 11810.0146484, "mean": 1314.14196777, "median": 1111.35522461, "min": 76.9374465942, "var": 1538316.25}, "spectral_complexity": {"dmean": 3.95445656776, "dmean2": 6.01536941528, "dvar": 20.6669502258, "dvar2": 41.805606842, "max": 49, "mean": 17.6717414856, "median": 19, "min": 0, "var": 85.0963897705}, "spectral_decrease": {"dmean": 6.90244794654e-09, "dmean2": 1.11834310701e-08, "dvar": 1.61854695156e-16, "dvar2": 4.04458338193e-16, "max": 2.22307907707e-20, "mean": -1.26283898894e-08, "median": -1.02172510452e-08, "min": -1.02369874355e-07, "var": 1.83723007976e-16}, "spectral_energy": {"dmean": 0.0268730334938, "dmean2": 0.0432827323675, "dvar": 0.00235498975962, "dvar2": 0.00587665755302, "max": 0.390868216753, "mean": 0.0500558204949, "median": 0.0407776013017, "min": 9.88234051066e-21, "var": 0.00272008217871}, "spectral_energyband_high": {"dmean": 0.00091275468003, "dmean2": 0.00143608311191, "dvar": 1.75263392066e-06, "dvar2": 4.23819892603e-06, "max": 0.014673772268, "mean": 0.00123952992726, "median": 0.000686319952365, "min": 7.07624418147e-21, "var": 2.67643190455e-06}, "spectral_energyband_low": {"dmean": 0.0220229029655, "dmean2": 0.0364455170929, "dvar": 0.002251440892, "dvar2": 0.00570435728878, "max": 0.367937803268, "mean": 0.0303690563887, "median": 0.0199607629329, "min": 1.81687398687e-23, "var": 0.00224909395911}, "spectral_energyband_middle_high": {"dmean": 0.00231088721193, "dmean2": 0.00355497002602, "dvar": 8.37566039991e-06, "dvar2": 2.01305483642e-05, "max": 0.0270344242454, "mean": 0.00498210499063, "median": 0.00443711085245, "min": 1.09573047317e-21, "var": 1.80712559086e-05}, "spectral_energyband_middle_low": {"dmean": 0.00737195136026, "dmean2": 0.0122897224501, "dvar": 0.000152975262608, "dvar2": 0.000414581940277, "max": 0.12854847312, "mean": 0.0140246413648, "median": 0.0115608051419, "min": 1.88828183379e-22, "var": 0.000183903073776}, "spectral_entropy": {"dmean": 0.308658242226, "dmean2": 0.472155898809, "dvar": 0.077677436173, "dvar2": 0.171342283487, "max": 9.82400608063, "mean": 7.6380109787, "median": 7.63431596756, "min": 4.04142475128, "var": 0.317927718163}, "spectral_flux": {"dmean": 0.0526133552194, "dmean2": 0.0796952396631, "dvar": 0.00396609911695, "dvar2": 0.00775223784149, "max": 0.559189379215, "mean": 0.112539924681, "median": 0.0928705632687, "min": 6.36320787728e-11, "var": 0.00770548032597}, "spectral_kurtosis": {"dmean": 1.6065248251, "dmean2": 2.5214600563, "dvar": 6.53478622437, "dvar2": 16.882024765, "max": 74.2068786621, "mean": 4.1402387619, "median": 3.76482439041, "min": -1.26590311527, "var": 13.3431053162}, "spectral_rms": {"dmean": 0.00160298810806, "dmean2": 0.00247940421104, "dvar": 4.77259663967e-06, "dvar2": 1.10226883407e-05, "max": 0.0195277966559, "mean": 0.00616244692355, "median": 0.00630737887695, "min": 3.10504551758e-12, "var": 1.08591930257e-05}, "spectral_rolloff": {"dmean": 804.901306152, "dmean2": 1387.97851562, "dvar": 3002627, "dvar2": 7522113, "max": 19444.4824219, "mean": 1612.05151367, "median": 753.662109375, "min": 43.06640625, "var": 8587790}, "spectral_skewness": {"dmean": 0.236142396927, "dmean2": 0.375904202461, "dvar": 0.0728139728308, "dvar2": 0.170127943158, "max": 6.75289154053, "mean": 1.66353857517, "median": 1.65645945072, "min": -0.0651589855552, "var": 0.237311497331}, "spectral_spread": {"dmean": 1420002.5, "dmean2": 2180835, "dvar": 2309752619010.0, "dvar2": 5201014030340.0, "max": 43032996, "mean": 6749859.5, "median": 5832939, "min": 974030.875, "var": 19364384342000.0}, "spectral_strongpeak": {"dmean": 0.322079628706, "dmean2": 0.553830564022, "dvar": 0.189534604549, "dvar2": 0.476345747709, "max": 4.43053436279, "mean": 0.510840177536, "median": 0.345475703478, "min": 0, "var": 0.255017906427}, "zerocrossingrate": {"dmean": 0.0178897306323, "dmean2": 0.0232176128775, "dvar": 0.000478349946206, "dvar2": 0.000682268873788, "max": 0.5205078125, "mean": 0.0694356560707, "median": 0.05224609375, "min": 0.00244140625, "var": 0.00515630329028}, "barkbands": {"dmean": [0.00113314774353, 0.018794413656, 0.00452641351148, 0.00114206899889, 0.00394403515384, 0.00218371371739, 0.00107143074274, 0.000480520888232, 0.000914927280974, 0.000398303818656, 0.000428161700256, 0.00029371707933, 0.00021695625037, 0.000442080752691, 0.000366321939509, 0.00037790229544, 0.000328040856402, 0.000168178856256, 8.75344339875e-05, 0.000131837543449, 8.38694249978e-05, 0.000107836342067, 0.000106626408524, 0.000182589850738, 0.000259934051428, 0.000163356147823, 4.37590097135e-05], "dmean2": [0.00189998513088, 0.0316232852638, 0.00768460519612, 0.00201749382541, 0.00691344728693, 0.00353665789589, 0.00167782383505, 0.000770834391005, 0.00138839229476, 0.000633481948171, 0.000660158402752, 0.000472508603707, 0.000350923655787, 0.000673379108775, 0.000577036524191, 0.000624798703939, 0.000533786660526, 0.000263693946181, 0.000139559968375, 0.000207700562896, 0.000131097840494, 0.000168000173289, 0.000170941013494, 0.000296769256238, 0.000425543083111, 0.000269833602943, 7.04741250956e-05], "dvar": [6.49858930046e-06, 0.0017741631018, 0.000101033183455, 3.42331350112e-06, 7.43674027035e-05, 1.26954282678e-05, 3.8861212488e-06, 1.23003087538e-06, 1.98772386284e-06, 6.13758743384e-07, 5.89023784414e-07, 2.75317376008e-07, 1.108875054e-07, 4.07555660331e-07, 2.83159863557e-07, 4.78268532333e-07, 3.35696483944e-07, 5.535991221e-08, 2.25881358062e-08, 3.54235822897e-08, 1.67532370199e-08, 2.64647557202e-08, 3.03902680798e-08, 9.29682499873e-08, 1.71293351059e-07, 7.46296109355e-08, 9.70652269672e-09], "dvar2": [1.49374191096e-05, 0.004620925989, 0.000271310243988, 9.57182965067e-06, 0.000203782270546, 3.0408225939e-05, 7.68611062085e-06, 2.46455056185e-06, 4.54838118458e-06, 1.25117685457e-06, 1.23599375002e-06, 6.41993210593e-07, 2.64215373136e-07, 8.75498983532e-07, 6.40242433292e-07, 1.25868791656e-06, 8.77883223893e-07, 1.25670439388e-07, 5.26621128927e-08, 7.96127608282e-08, 3.80243321274e-08, 6.30705230265e-08, 7.70578338916e-08, 2.30130936529e-07, 4.1593801825e-07, 1.85638938888e-07, 2.24791367742e-08], "max": [0.0584451034665, 0.348414421082, 0.0927996709943, 0.0212585683912, 0.105200231075, 0.0454268343747, 0.0214479193091, 0.018926942721, 0.017340451479, 0.0089256670326, 0.0114738391712, 0.00795617420226, 0.00619986839592, 0.00783857889473, 0.007288842462, 0.0100667504594, 0.00686035025865, 0.00322521151975, 0.00350741390139, 0.00345537019894, 0.00309350411408, 0.00206673890352, 0.00313747441396, 0.00340715120547, 0.00497905677184, 0.0033862257842, 0.0025031643454], "mean": [0.00122765952256, 0.0225410256535, 0.00609380053356, 0.00158982176799, 0.00473202718422, 0.00367244076915, 0.0017648547655, 0.000653366209008, 0.00151298323181, 0.000603291322477, 0.000700987584423, 0.000438891613157, 0.00040290193283, 0.000767418765463, 0.000573086726945, 0.000497303262819, 0.000446979043772, 0.000285273068585, 0.000167742735357, 0.00023840306676, 0.00015440795687, 0.000180947725312, 0.000145566911669, 0.00020093024068, 0.000255607883446, 0.000160852869158, 4.73304062325e-05], "median": [0.000343320629327, 0.011747635901, 0.00278794649057, 0.00102441152558, 0.00224022800103, 0.00135836296249, 0.000617851561401, 0.000171773644979, 0.00067583238706, 0.000202649694984, 0.000291675736662, 0.000193481202587, 0.000215862310142, 0.000342187820934, 0.000276681617834, 0.000241614368861, 0.000238436157815, 0.000169540202478, 0.000103788610431, 0.000150829888298, 9.02480533114e-05, 0.000102267840703, 6.89837688697e-05, 7.82069982961e-05, 8.05653035059e-05, 5.06656542711e-05, 1.44797322719e-05], "min": [7.04106577033e-25, 2.81235854687e-24, 4.21081970382e-25, 2.40660991242e-24, 4.77936428138e-24, 3.2989407722e-24, 9.17997593178e-24, 5.92590063748e-24, 1.23250554981e-23, 1.3035465764e-23, 8.74109474488e-24, 2.50939840949e-23, 3.23737976321e-23, 2.8018515507e-23, 6.92567305093e-23, 3.48554435994e-23, 7.38002032919e-23, 9.25581354822e-23, 1.29516963089e-22, 1.65979792825e-22, 2.82533524565e-22, 2.75359055514e-22, 3.36212214883e-22, 6.32152941714e-22, 9.26226100306e-22, 1.30820946379e-21, 1.99177255905e-21], "var": [7.02177158018e-06, 0.00163562514354, 9.20869861147e-05, 4.03538570026e-06, 6.32712908555e-05, 2.59290645772e-05, 7.7799841165e-06, 2.37559743255e-06, 3.77068317903e-06, 1.1167927596e-06, 1.21287234833e-06, 4.58238673673e-07, 3.53755893912e-07, 9.753281347e-07, 5.26282860847e-07, 5.21474760262e-07, 3.68869478962e-07, 1.12011498743e-07, 6.12237087694e-08, 7.92739314193e-08, 3.70789301485e-08, 5.72291298795e-08, 5.45948672936e-08, 1.09116427893e-07, 1.86496592391e-07, 8.55833661717e-08, 1.45695464582e-08]}, "erbbands": {"dmean": [0.440446197987, 4.67059278488, 6.83060598373, 3.7708799839, 8.65891456604, 15.6917247772, 10.9809141159, 20.2919635773, 17.2741470337, 11.3636837006, 12.7345314026, 18.6548194885, 14.9485311508, 12.471906662, 14.8262147903, 9.93177986145, 10.282743454, 17.7088432312, 19.3527355194, 18.8334655762, 22.2534141541, 18.0768852234, 9.52248573303, 5.48100996017, 5.25249290466, 6.14038085938, 3.58039927483, 3.56648206711, 3.74079680443, 3.14906620979, 3.04949855804, 3.86912894249, 3.04685401917, 2.62848258018, 2.00406932831, 0.907374680042, 0.27337372303, 0.0597565770149, 0.00702434731647, 0.000427377759479], "dmean2": [0.723965466022, 8.0503616333, 11.7531642914, 6.63241577148, 15.2126512527, 27.5137042999, 18.5844707489, 32.9114189148, 26.8570995331, 17.9791278839, 20.1399497986, 28.6755943298, 23.1450443268, 19.6550598145, 23.1141166687, 16.0932388306, 16.1226406097, 27.3463611603, 30.1515045166, 30.0784015656, 37.1954841614, 29.1894607544, 14.9122428894, 8.67494106293, 8.20156002045, 9.68513202667, 5.55037593842, 5.60942029953, 5.79265975952, 5.01537179947, 4.91885089874, 6.35056638718, 4.93058586121, 4.34824132919, 3.28674697876, 1.51155519485, 0.450608074665, 0.0983683913946, 0.0113170091063, 0.000657606287859], "dvar": [0.729939877987, 122.146858215, 253.544128418, 51.1177711487, 389.188812256, 1080.56933594, 369.687225342, 1250.17541504, 1090.96398926, 459.012237549, 692.04119873, 983.539123535, 545.699890137, 482.764892578, 607.382019043, 290.882324219, 252.805374146, 719.759216309, 780.997436523, 662.655090332, 1975.01000977, 988.74420166, 171.074859619, 55.2269515991, 73.6673736572, 83.1422195435, 29.5527191162, 28.2970561981, 31.4789867401, 24.9914531708, 23.8989505768, 41.1267242432, 26.156167984, 18.0830440521, 11.1486234665, 2.24682545662, 0.22772410512, 0.0124023156241, 0.000280269567156, 1.26128020383e-06], "dvar2": [1.71553432941, 329.952087402, 685.02947998, 141.252304077, 1071.12573242, 2963.03198242, 947.141479492, 2931.83227539, 2095.23730469, 1050.80065918, 1464.84375, 2300.86547852, 1167.12414551, 1020.8260498, 1313.99316406, 710.788330078, 580.276916504, 1583.52905273, 1753.7824707, 1601.64794922, 5279.48242188, 2510.56494141, 399.03414917, 127.442558289, 162.235549927, 188.610626221, 66.0100479126, 65.6653823853, 73.6779632568, 61.1478347778, 60.9642524719, 103.670120239, 64.5146942139, 44.9964332581, 27.0511226654, 5.7108039856, 0.562004506588, 0.0302569642663, 0.000652984133922, 2.79664800473e-06], "max": [9.02018737793, 85.2980422974, 124.410972595, 73.8811416626, 231.595336914, 433.116546631, 217.327667236, 440.207702637, 403.253112793, 288.70199585, 354.711486816, 398.231323242, 221.915512085, 343.194122314, 354.880371094, 250.747848511, 327.896514893, 387.335327148, 343.683990479, 289.857849121, 579.43359375, 452.371124268, 210.570236206, 122.167541504, 186.876998901, 137.359222412, 99.5140838623, 105.07447052, 71.5478057861, 90.1058349609, 86.5024642944, 63.6757507324, 62.9256515503, 50.8834037781, 41.6937904358, 16.637052536, 6.75158929825, 1.77942740917, 0.423796355724, 0.0308340582997], "mean": [0.583325147629, 5.20004367828, 8.57238578796, 5.74565601349, 10.5846595764, 18.1239814758, 17.5350818634, 34.2994117737, 29.0878505707, 18.5672092438, 18.8091869354, 29.711019516, 25.7171134949, 21.8470287323, 25.1149864197, 16.3390350342, 21.036441803, 31.0011005402, 33.3323173523, 29.9505748749, 28.4290103912, 25.7695980072, 16.6497268677, 10.4902467728, 10.4270944595, 10.8739852905, 6.87836694717, 6.41980218887, 6.26652193069, 4.90333795547, 3.98499298096, 4.12094783783, 3.44834399223, 2.60320520401, 1.91296982765, 0.852461636066, 0.27254986763, 0.0595268532634, 0.00763049535453, 0.000550965254661], "median": [0.340241611004, 2.47720694542, 4.1616563797, 4.36437511444, 4.95100545883, 7.75209283829, 9.16261577606, 13.0755195618, 10.7984695435, 7.77305221558, 6.44940423965, 13.2526950836, 12.9483280182, 11.9979915619, 12.730556488, 8.74415779114, 12.3722047806, 14.8281412125, 17.3377056122, 20.1210803986, 14.0124588013, 14.2191972733, 11.0271577835, 7.36824655533, 6.58480596542, 6.85127973557, 4.34525537491, 3.76132035255, 3.68881344795, 2.51283884048, 1.91798067093, 1.73066794872, 1.2840089798, 0.885226130486, 0.556994736195, 0.269809156656, 0.0816022008657, 0.0167543534189, 0.00224524689838, 0.000217221022467], "min": [1.23959393836e-22, 5.58097355748e-22, 2.2824023461e-21, 7.99068830968e-21, 1.39861701299e-20, 1.54643951989e-20, 3.18564637612e-20, 3.44745388675e-20, 6.50657103283e-20, 2.06146966655e-19, 2.26660593482e-19, 3.77584581778e-19, 4.16703788253e-19, 6.43522321533e-19, 6.32409201702e-19, 1.38009067466e-18, 1.64993125934e-18, 2.23693481115e-18, 2.88490736438e-18, 3.02005254645e-18, 3.22213152933e-18, 4.68358679096e-18, 4.97430189879e-18, 5.80563868033e-18, 6.63571277066e-18, 7.1594806394e-18, 8.56850257636e-18, 1.08371992619e-17, 9.93407850601e-18, 9.89440775102e-18, 1.04500266228e-17, 1.14499473627e-17, 1.16584390633e-17, 8.69927734967e-18, 6.03371140036e-18, 3.8544482419e-18, 2.37951965565e-18, 9.64186020422e-19, 2.63355566226e-19, 2.71191454631e-20], "var": [0.864544272423, 100.460830688, 211.12298584, 48.5789375305, 376.62008667, 921.934997559, 555.724304199, 2537.140625, 2226.26171875, 836.950683594, 1269.94897461, 1644.05114746, 1046.8651123, 928.612609863, 1234.98156738, 444.191894531, 921.710449219, 1581.82922363, 1651.05419922, 1119.62109375, 2009.93762207, 1184.5201416, 324.268127441, 131.138320923, 224.798492432, 171.58013916, 67.9363250732, 65.9711303711, 62.3490219116, 60.5811233521, 36.6558952332, 43.152797699, 33.5012741089, 18.616853714, 11.8751163483, 2.21174764633, 0.272113829851, 0.0166751872748, 0.000405908678658, 2.15618547372e-06]}, "gfcc": {"mean": [10.0892410278, 68.8690719604, -84.133644104, 24.0158252716, -42.3052482605, 17.5643920898, -35.5233268738, 10.4170398712, -17.4959907532, 7.99882411957, -14.788485527, 5.20739841461, -5.43008089066], "cov": [[30752.7753906, 787.585632324, -1583.89050293, 477.050323486, -612.221130371, 84.5665893555, -824.132568359, 266.077941895, -572.54864502, 123.925415039, -404.326904297, 143.492156982, -170.821472168], [787.585632324, 1448.23193359, -214.388656616, 143.422622681, 157.221130371, 2.04686164856, 133.385986328, -11.2727222443, 60.259979248, -27.8102359772, 56.125328064, -43.1395072937, 46.697265625], [-1583.89050293, -214.388656616, 945.879638672, 170.422103882, 158.224609375, 189.301986694, 88.9221115112, 71.2057952881, 10.1156082153, -20.51795578, -31.6782474518, -36.2830543518, -76.82081604], [477.050323486, 143.422622681, 170.422103882, 304.480621338, 111.371650696, 78.2633056641, 85.2680282593, 47.1716384888, 20.2836265564, 7.74808216095, 10.3434343338, -19.2180366516, -21.17552948], [-612.221130371, 157.221130371, 158.224609375, 111.371650696, 224.827087402, 55.1652259827, 107.257911682, 28.0536270142, 41.5314674377, -5.26921987534, 15.974981308, -16.3860569, -1.63580060005], [84.5665893555, 2.04686164856, 189.301986694, 78.2633056641, 55.1652259827, 167.189041138, 44.3927993774, 44.0116577148, 0.972415804863, -2.45528554916, -20.8575496674, -13.9204969406, -33.6241722107], [-824.132568359, 133.385986328, 88.9221115112, 85.2680282593, 107.257911682, 44.3927993774, 186.953125, 31.3683338165, 52.1065711975, 6.77045822144, 51.5259208679, -2.6108686924, 8.24696063995], [266.077941895, -11.2727222443, 71.2057952881, 47.1716384888, 28.0536270142, 44.0116577148, 31.3683338165, 86.1525497437, 31.1453819275, 20.7466812134, -0.418454617262, 14.0472755432, 0.44519084692], [-572.54864502, 60.259979248, 10.1156082153, 20.2836265564, 41.5314674377, 0.972415804863, 52.1065711975, 31.1453819275, 83.0901260376, 31.7701568604, 32.0499229431, 4.31435012817, 18.7205791473], [123.925415039, -27.8102359772, -20.51795578, 7.74808216095, -5.26921987534, -2.45528554916, 6.77045822144, 20.7466812134, 31.7701568604, 64.4072113037, 31.9196796417, 17.3810825348, 7.88558912277], [-404.326904297, 56.125328064, -31.6782474518, 10.3434343338, 15.974981308, -20.8575496674, 51.5259208679, -0.418454617262, 32.0499229431, 31.9196796417, 79.3756790161, 29.4819755554, 27.0425720215], [143.492156982, -43.1395072937, -36.2830543518, -19.2180366516, -16.3860569, -13.9204969406, -2.6108686924, 14.0472755432, 4.31435012817, 17.3810825348, 29.4819755554, 61.0170211792, 30.2522792816], [-170.821472168, 46.697265625, -76.82081604, -21.17552948, -1.63580060005, -33.6241722107, 8.24696063995, 0.44519084692, 18.7205791473, 7.88558912277, 27.0425720215, 30.2522792816, 61.0252532959]], "icov": [[7.73477731855e-05, -8.94915647223e-05, 0.000159141753102, -0.000223831360927, 6.32981027593e-05, -2.32692073041e-05, 0.000199383110157, -0.00040961446939, 0.00061479624128, -0.000417157396441, 0.000357226294, -0.000322470237734, 0.000239439264988], [-8.94915647223e-05, 0.00106553547084, 0.000215221298276, -0.000123022124171, -0.000539650267456, -0.000239227505517, -0.000279390165815, 0.000500595546328, -0.00102203025017, 0.00135953759309, -0.00122524844483, 0.00150712707546, -0.00101612857543], [0.000159141753102, 0.000215221298276, 0.00206567556597, -0.000838255393319, -0.000717663264368, -0.00124196405523, 0.000436617410742, -0.00132042740006, 0.000993174384348, 0.000108342377644, 0.000294273224426, -0.000454445835203, 0.0016135458136], [-0.000223831360927, -0.000123022124171, -0.000838255393319, 0.00553302234039, -0.00147642265074, -0.000556293409318, -0.00130173808429, -0.000690473534632, -0.00035411134013, 0.000172797605046, -0.00183520279825, 0.00211763381958, 1.69349987118e-05], [6.32981027593e-05, -0.000539650267456, -0.000717663264368, -0.00147642265074, 0.00778157636523, -0.000402389268856, -0.0025797826238, 0.000158747716341, -0.00163524481468, 0.000714866619091, 0.00117171125021, 9.64822247624e-05, -0.000649045337923], [-2.32692073041e-05, -0.000239227505517, -0.00124196405523, -0.000556293409318, -0.000402389268856, 0.00996986310929, -0.00199564360082, -0.00299342325889, 0.00147529155947, -0.00108508113772, 0.00273972097784, -0.00088897178648, 0.00304974103346], [0.000199383110157, -0.000279390165815, 0.000436617410742, -0.00130173808429, -0.0025797826238, -0.00199564360082, 0.0117604359984, -0.00332994014025, -0.00150648783892, 0.00334200984798, -0.00776235759258, 0.00187444523908, 0.000676952418871], [-0.00040961446939, 0.000500595546328, -0.00132042740006, -0.000690473534632, 0.000158747716341, -0.00299342325889, -0.00332994014025, 0.0226586721838, -0.0103660123423, -0.00258383131586, 0.00669033452868, -0.00708653638139, -0.000729686114937], [0.00061479624128, -0.00102203025017, 0.000993174384348, -0.00035411134013, -0.00163524481468, 0.00147529155947, -0.00150648783892, -0.0103660123423, 0.0282814968377, -0.0120702572167, -0.000836907827761, 0.00450494559482, -0.00429992377758], [-0.000417157396441, 0.00135953759309, 0.000108342377644, 0.000172797605046, 0.000714866619091, -0.00108508113772, 0.00334200984798, -0.00258383131586, -0.0120702572167, 0.0298106726259, -0.0139010585845, 0.000451418280136, 0.00276378449053], [0.000357226294, -0.00122524844483, 0.000294273224426, -0.00183520279825, 0.00117171125021, 0.00273972097784, -0.00776235759258, 0.00669033452868, -0.000836907827761, -0.0139010585845, 0.0328474640846, -0.014297910966, -0.00120265991427], [-0.000322470237734, 0.00150712707546, -0.000454445835203, 0.00211763381958, 9.64822247624e-05, -0.00088897178648, 0.00187444523908, -0.00708653638139, 0.00450494559482, 0.000451418280136, -0.014297910966, 0.0337549299002, -0.0144198564813], [0.000239439264988, -0.00101612857543, 0.0016135458136, 1.69349987118e-05, -0.000649045337923, 0.00304974103346, 0.000676952418871, -0.000729686114937, -0.00429992377758, 0.00276378449053, -0.00120265991427, -0.0144198564813, 0.0300916284323]]}, "melbands": {"dmean": [0.00464448146522, 0.00459821149707, 0.000707940373104, 0.000972460315097, 0.000415226269979, 0.000443245924544, 0.000247396121267, 0.000116069051728, 0.000117322946608, 0.000119255113532, 7.68438985688e-05, 5.24366041645e-05, 6.06227331446e-05, 3.21221632475e-05, 2.73335390375e-05, 2.43378908635e-05, 3.49453330273e-05, 3.4060980397e-05, 2.92373006232e-05, 2.38533739321e-05, 2.76013342955e-05, 2.14410156332e-05, 1.03611509985e-05, 9.48993874772e-06, 4.15538170273e-06, 3.37383607985e-06, 5.04772378918e-06, 3.94387507185e-06, 2.52068457485e-06, 2.04098228096e-06, 2.19795219891e-06, 2.3064214929e-06, 2.06414574677e-06, 1.66397194334e-06, 1.52999530201e-06, 2.52172458204e-06, 2.31526428252e-06, 2.23632946472e-06, 1.93805567505e-06, 2.31913122661e-06], "dmean2": [0.00768739217892, 0.00797341670841, 0.00124143157154, 0.00171455647796, 0.000708455278073, 0.000714999390766, 0.000385751802241, 0.000182587536983, 0.000183543539606, 0.000183350770385, 0.000118807358376, 8.27724579722e-05, 9.32617986109e-05, 5.25206560269e-05, 4.2892224883e-05, 3.82093385269e-05, 5.38872882316e-05, 5.29759527126e-05, 4.58174072264e-05, 3.8866437535e-05, 4.63979922642e-05, 3.47987188434e-05, 1.6450198018e-05, 1.47249611473e-05, 6.67725680614e-06, 5.30317265657e-06, 7.94211155153e-06, 6.2880239966e-06, 3.9258866309e-06, 3.23860558638e-06, 3.46795741279e-06, 3.55120096174e-06, 3.29765907736e-06, 2.65721837422e-06, 2.44121338255e-06, 4.21261756856e-06, 3.78693857783e-06, 3.63417302651e-06, 3.17115063808e-06, 3.8679854697e-06], "dvar": [9.40002864809e-05, 0.000118645679322, 1.56037071974e-06, 4.87724673803e-06, 5.08144239575e-07, 5.43613396076e-07, 1.97357721277e-07, 5.02073547182e-08, 5.30406154553e-08, 3.73363917561e-08, 1.49476289124e-08, 9.21943765775e-09, 1.17917968723e-08, 4.24333235216e-09, 2.12519712939e-09, 1.51065848719e-09, 2.65244848308e-09, 3.04688807518e-09, 2.22236296032e-09, 1.48739043304e-09, 3.34035865635e-09, 1.58291479924e-09, 2.27211166548e-10, 1.78923306726e-10, 3.44860563717e-11, 3.17873921629e-11, 6.26302065765e-11, 3.31064793635e-11, 1.57044429544e-11, 1.21974678621e-11, 1.03193573478e-11, 1.19827195041e-11, 1.09851624325e-11, 8.17213744592e-12, 6.94632198983e-12, 1.56226941106e-11, 1.590317808e-11, 1.38476105582e-11, 1.1810339165e-11, 1.41031934395e-11], "dvar2": [0.000233960730839, 0.000320396648021, 4.26566748502e-06, 1.33705761982e-05, 1.36199935241e-06, 1.29087754885e-06, 3.89170281778e-07, 1.09842623885e-07, 1.12631845184e-07, 8.85253683691e-08, 3.14858823458e-08, 1.90858866489e-08, 2.43943389933e-08, 1.00139407877e-08, 4.61951366049e-09, 3.35234462412e-09, 5.9698752608e-09, 6.58086340977e-09, 4.79656403485e-09, 3.65302788019e-09, 8.9486107413e-09, 3.98247612665e-09, 5.63610269566e-10, 3.96718130569e-10, 8.10228550918e-11, 7.32425092798e-11, 1.40010225635e-10, 7.72698294238e-11, 3.54043634687e-11, 2.80302829558e-11, 2.45387148101e-11, 2.74458043098e-11, 2.70363609972e-11, 2.00210629325e-11, 1.75293893984e-11, 4.05300931705e-11, 3.95179479418e-11, 3.46935084827e-11, 2.90703312117e-11, 3.54939029557e-11], "max": [0.0863367393613, 0.0814412683249, 0.0110718775541, 0.0249340627342, 0.00883533619344, 0.00904039945453, 0.00520968716592, 0.00260941474698, 0.00364550598897, 0.0023410115391, 0.00111598672811, 0.00132389611099, 0.00169650185853, 0.0011115988018, 0.00103703304194, 0.000561391119845, 0.000664391787723, 0.000764100579545, 0.000757119501941, 0.000489992264193, 0.000701316923369, 0.000594726065174, 0.000205009549973, 0.000222641450819, 0.000104879043647, 0.000117223986308, 0.000138523013447, 8.10919154901e-05, 5.82307256991e-05, 9.57687370828e-05, 4.56293273601e-05, 5.14596213179e-05, 4.23637648055e-05, 6.1041857407e-05, 5.5828179029e-05, 3.80438177672e-05, 4.25464131695e-05, 3.61594429705e-05, 4.79712798551e-05, 4.74008629681e-05], "mean": [0.00593044282869, 0.00553363375366, 0.00112524803262, 0.00111876812298, 0.000653914932627, 0.000763214426115, 0.000413862755522, 0.000181477153092, 0.000173354623257, 0.000191015409655, 0.000128590705572, 8.86261550477e-05, 0.000101721561805, 4.42273594672e-05, 4.99770612805e-05, 4.53757311334e-05, 5.92765209149e-05, 5.73284050915e-05, 4.40248695668e-05, 3.37029814546e-05, 3.22394116665e-05, 2.84744328383e-05, 1.65251021826e-05, 1.54141525854e-05, 7.53618724048e-06, 6.5147096393e-06, 8.93882042874e-06, 6.6506318035e-06, 4.54284418083e-06, 3.5984612623e-06, 3.72143404093e-06, 3.75827994503e-06, 3.16305954584e-06, 2.53358166447e-06, 2.11667475014e-06, 2.66288429884e-06, 2.45653882303e-06, 2.50043626693e-06, 2.14239139495e-06, 2.1913326691e-06], "median": [0.00323339016177, 0.00318949273787, 0.000834739475977, 0.000507948105223, 0.000358906661859, 0.000310728006298, 0.000160387688084, 5.88177463214e-05, 5.01478571096e-05, 8.58332277858e-05, 5.70752163185e-05, 4.32741144323e-05, 4.66142591904e-05, 1.75091881829e-05, 2.35362294916e-05, 2.14391056943e-05, 2.72534416581e-05, 2.30835994444e-05, 2.00297472475e-05, 1.70625608007e-05, 1.16795717986e-05, 1.30882299345e-05, 1.02217964013e-05, 8.67742619448e-06, 4.87668785354e-06, 3.84366330763e-06, 5.09704022988e-06, 3.96865243601e-06, 2.66861184173e-06, 2.04962998396e-06, 2.06067784347e-06, 2.09091240322e-06, 1.6856960201e-06, 1.17851811865e-06, 9.93929347715e-07, 1.14016324915e-06, 9.39705671499e-07, 9.23579762002e-07, 7.42743964111e-07, 7.20130401533e-07], "min": [1.06555337469e-24, 1.47090787451e-24, 1.79687585017e-24, 1.18471170189e-24, 1.18868578592e-24, 6.97919787472e-25, 1.61578641988e-24, 2.14449095793e-24, 1.63362779115e-24, 2.32182866436e-24, 1.76143844337e-24, 2.43589242923e-24, 1.3365551988e-24, 3.07994095478e-24, 3.40368237054e-24, 3.08970863051e-24, 3.39561271791e-24, 3.76888473775e-24, 2.75762086917e-24, 2.29785675917e-24, 4.44459814004e-24, 4.49714653152e-24, 3.24298016288e-24, 3.79261919581e-24, 4.64441345189e-24, 4.8735534846e-24, 3.03205926721e-24, 4.51285827417e-24, 5.18236058013e-24, 5.3891186568e-24, 6.33574267117e-24, 4.92653535515e-24, 4.64196009448e-24, 4.28549593951e-24, 5.70920843543e-24, 5.7217367299e-24, 6.5866998355e-24, 6.89563669865e-24, 6.52592165263e-24, 6.85165612546e-24], "var": [9.84177167993e-05, 9.58846430876e-05, 1.71963449702e-06, 4.03866306442e-06, 6.62165405174e-07, 1.12024042664e-06, 4.00571082082e-07, 9.85479502447e-08, 1.01471549385e-07, 6.2418976654e-08, 2.89386683505e-08, 1.75770225042e-08, 2.49485605508e-08, 6.8198970915e-09, 5.40733502419e-09, 4.21226387104e-09, 5.60534330063e-09, 6.79263001402e-09, 4.13132150712e-09, 1.99981542437e-09, 3.28507909764e-09, 1.85741333425e-09, 3.62718077795e-10, 3.59373142356e-10, 7.65060861885e-11, 8.2082812769e-11, 1.55600490825e-10, 6.46968312257e-11, 3.35156902231e-11, 2.47042438589e-11, 2.44597311155e-11, 2.35934136811e-11, 1.97856540179e-11, 2.15548516536e-11, 1.17505328384e-11, 1.64855715884e-11, 1.68722032873e-11, 1.76010039876e-11, 1.3993535497e-11, 1.37157004504e-11]}, "mfcc": {"mean": [-637.309875488, 111.554801941, 15.932518959, 18.3973140717, 15.2586116791, 9.8262424469, 1.32639956474, 3.06372284889, 4.81460857391, 2.83163642883, 0.311499655247, 0.0247320923954, -0.221952751279], "cov": [[12411.7900391, 905.92175293, -310.452270508, 412.308898926, 191.873626709, -78.2369384766, 48.2219657898, -11.5625591278, -21.6292800903, -40.3447151184, -85.8727874756, -90.8581390381, -68.6572647095], [905.92175293, 1209.24182129, -51.4413070679, 122.963554382, 60.0804595947, 68.4916381836, 61.0624465942, 40.3239631653, 48.3205986023, 22.0157909393, 5.15940380096, 14.8636140823, 15.8108510971], [-310.452270508, -51.4413070679, 635.364807129, 62.7860145569, 133.977981567, 87.2180786133, 89.7703704834, 81.8927688599, 60.8241691589, 32.6020431519, 34.0930290222, 31.9619350433, 21.5844955444], [412.308898926, 122.963554382, 62.7860145569, 276.860046387, 62.2685813904, 54.5227355957, 70.5519943237, 43.4412841797, 28.8688545227, 38.8624000549, 25.3463459015, 21.0343875885, 28.7962818146], [191.873626709, 60.0804595947, 133.977981567, 62.2685813904, 160.059707642, 51.6238212585, 31.001537323, 34.5975837708, 41.3597183228, 16.8148059845, 18.9271011353, 10.272354126, -3.0463321209], [-78.2369384766, 68.4916381836, 87.2180786133, 54.5227355957, 51.6238212585, 110.576416016, 67.1075668335, 41.3061790466, 23.7247829437, 29.9634952545, 28.4374752045, 15.8724107742, 5.09538602829], [48.2219657898, 61.0624465942, 89.7703704834, 70.5519943237, 31.001537323, 67.1075668335, 112.171203613, 61.1388320923, 28.3630828857, 24.3953456879, 20.6655731201, 23.9577064514, 25.2348537445], [-11.5625591278, 40.3239631653, 81.8927688599, 43.4412841797, 34.5975837708, 41.3061790466, 61.1388320923, 85.4874343872, 47.2178382874, 15.3176765442, 11.4800281525, 27.7765388489, 25.4179477692], [-21.6292800903, 48.3205986023, 60.8241691589, 28.8688545227, 41.3597183228, 23.7247829437, 28.3630828857, 47.2178382874, 84.3172302246, 25.6285686493, 2.8674030304, 25.5999774933, 32.0340652466], [-40.3447151184, 22.0157909393, 32.6020431519, 38.8624000549, 16.8148059845, 29.9634952545, 24.3953456879, 15.3176765442, 25.6285686493, 69.237953186, 40.6259765625, 3.37775945663, -3.06171417236], [-85.8727874756, 5.15940380096, 34.0930290222, 25.3463459015, 18.9271011353, 28.4374752045, 20.6655731201, 11.4800281525, 2.8674030304, 40.6259765625, 69.178024292, 11.8718996048, -13.9250965118], [-90.8581390381, 14.8636140823, 31.9619350433, 21.0343875885, 10.272354126, 15.8724107742, 23.9577064514, 27.7765388489, 25.5999774933, 3.37775945663, 11.8718996048, 63.109287262, 46.954914093], [-68.6572647095, 15.8108510971, 21.5844955444, 28.7962818146, -3.0463321209, 5.09538602829, 25.2348537445, 25.4179477692, 32.0340652466, -3.06171417236, -13.9250965118, 46.954914093, 99.9796218872]], "icov": [[9.78339958237e-05, -5.90649942751e-05, 6.10371062066e-05, -0.000138837305713, -0.000176499845111, 0.000222318063607, -0.000142461052747, 1.39089052027e-05, 6.20411083219e-05, 1.68445421878e-05, 0.000134058616823, 7.92391583673e-05, 8.1143094576e-05], [-5.90649942751e-05, 0.000958002638072, 0.000209505102248, -0.000207640099688, -8.99740552995e-05, -0.000537523941603, -0.000151981192175, 8.78368155099e-05, -0.000489889003802, 0.000106021099782, 8.03081638878e-05, -4.07195548178e-05, 5.37163468834e-05], [6.10371062066e-05, 0.000209505102248, 0.00222870148718, 0.000108065571112, -0.00159300619271, -0.000247777643381, -0.000911531969905, -0.000746422971133, -0.000124333644635, -3.40076257999e-05, -0.000149949337356, 4.00507087761e-05, -0.000120467870147], [-0.000138837305713, -0.000207640099688, 0.000108065571112, 0.00513169867918, -0.00139287323691, -0.000201653136173, -0.00188949587755, -0.000374275259674, 0.00104460271541, -0.00219595688395, -4.65773955511e-05, 1.79192265932e-05, -0.00144082412589], [-0.000176499845111, -8.99740552995e-05, -0.00159300619271, -0.00139287323691, 0.0102592324838, -0.00349797331728, 0.00195989478379, 0.000132864966872, -0.00465481355786, 0.00270478497259, -0.00196528504603, 0.000221617126954, 0.00179697817657], [0.000222318063607, -0.000537523941603, -0.000247777643381, -0.000201653136173, -0.00349797331728, 0.0176082644612, -0.00828106980771, -0.000647471577395, 0.00117923342623, -0.00285984086804, -0.00109777983744, -0.00098436314147, 0.00144401344005], [-0.000142461052747, -0.000151981192175, -0.000911531969905, -0.00188949587755, 0.00195989478379, -0.00828106980771, 0.0215885564685, -0.010943936184, 0.00301617733203, -0.00149063905701, -0.000664512393996, 0.00036811712198, -0.00279518170282], [1.39089052027e-05, 8.78368155099e-05, -0.000746422971133, -0.000374275259674, 0.000132864966872, -0.000647471577395, -0.010943936184, 0.027163900435, -0.0114051345736, 0.00394884729758, -0.00146728684194, -0.00348153780214, 0.00136391015258], [6.20411083219e-05, -0.000489889003802, -0.000124333644635, 0.00104460271541, -0.00465481355786, 0.00117923342623, 0.00301617733203, -0.0114051345736, 0.0252141952515, -0.0119339376688, 0.00744678033516, -0.00391944730654, -0.00378392450511], [1.68445421878e-05, 0.000106021099782, -3.40076257999e-05, -0.00219595688395, 0.00270478497259, -0.00285984086804, -0.00149063905701, 0.00394884729758, -0.0119339376688, 0.0302307903767, -0.0175199322402, 0.00688760634512, -0.00069031433668], [0.000134058616823, 8.03081638878e-05, -0.000149949337356, -4.65773955511e-05, -0.00196528504603, -0.00109777983744, -0.000664512393996, -0.00146728684194, 0.00744678033516, -0.0175199322402, 0.0294474828988, -0.0111173652112, 0.00706209382042], [7.92391583673e-05, -4.07195548178e-05, 4.00507087761e-05, 1.79192265932e-05, 0.000221617126954, -0.00098436314147, 0.00036811712198, -0.00348153780214, -0.00391944730654, 0.00688760634512, -0.0111173652112, 0.0311320759356, -0.0138065330684], [8.1143094576e-05, 5.37163468834e-05, -0.000120467870147, -0.00144082412589, 0.00179697817657, 0.00144401344005, -0.00279518170282, 0.00136391015258, -0.00378392450511, -0.00069031433668, 0.00706209382042, -0.0138065330684, 0.0194891989231]]}, "spectral_contrast_coeffs": {"dmean": [0.0576831176877, 0.0607571452856, 0.0519267730415, 0.0478342697024, 0.0443398691714, 0.0281661618501], "dmean2": [0.0971126183867, 0.0965798869729, 0.079423263669, 0.0721784308553, 0.066865041852, 0.041711859405], "dvar": [0.00311210309155, 0.00308520277031, 0.00212665600702, 0.00189805869013, 0.00157706439495, 0.000632452662103], "dvar2": [0.00814609695226, 0.00673034973443, 0.0043143001385, 0.003781683743, 0.00327391526662, 0.00130344450008], "max": [-0.290124356747, -0.323375880718, -0.48133251071, -0.495854437351, -0.467514753342, -0.548307538033], "mean": [-0.684666097164, -0.697427451611, -0.743131518364, -0.756618559361, -0.754741489887, -0.789950966835], "median": [-0.691308200359, -0.698895335197, -0.739954471588, -0.757968425751, -0.755641639233, -0.795622944832], "min": [-0.981000721455, -0.980063140392, -0.977954566479, -0.97070991993, -0.972485601902, -0.965594828129], "var": [0.00730985216796, 0.0114201623946, 0.00766127509996, 0.00675258412957, 0.00623648194596, 0.00299723632634]}, "spectral_contrast_valleys": {"dmean": [0.4559930861, 0.498052746058, 0.505208849907, 0.520206809044, 0.525025248528, 0.63103801012], "dmean2": [0.727117359638, 0.774795293808, 0.772643566132, 0.788205742836, 0.783005297184, 0.860671877861], "dvar": [0.247459694743, 0.304289400578, 0.289679169655, 0.30807980895, 0.276601970196, 0.276617795229], "dvar2": [0.464485913515, 0.597225129604, 0.554333269596, 0.602220118046, 0.568423330784, 0.586036980152], "max": [-4.68750572205, -4.58311605453, -5.28580379486, -5.6655421257, -5.95031929016, -7.61324834824], "mean": [-7.09510135651, -7.19318771362, -7.81314897537, -8.09411239624, -8.28894424438, -10.0155