{"lowlevel": {"average_loudness": 0.913715898991, "barkbands_crest": {"dmean": 2.47620010376, "dmean2": 3.76139688492, "dvar": 6.52816820145, "dvar2": 15.4444885254, "max": 26.9658927917, "mean": 14.4106531143, "median": 13.1393594742, "min": 3.72126626968, "var": 28.2535686493}, "barkbands_flatness_db": {"dmean": 0.0597791932523, "dmean2": 0.0842786505818, "dvar": 0.0056775175035, "dvar2": 0.0106465565041, "max": 0.845014929771, "mean": 0.351109087467, "median": 0.33673402667, "min": 0.0592501536012, "var": 0.0272845830768}, "barkbands_kurtosis": {"dmean": 20.9547843933, "dmean2": 30.0498142242, "dvar": 9685.20703125, "dvar2": 18335.3378906, "max": 2598.37573242, "mean": 55.3601341248, "median": 5.43233060837, "min": -1.98266887665, "var": 37520.6914062}, "barkbands_skewness": {"dmean": 1.13487017155, "dmean2": 1.56285870075, "dvar": 3.93315196037, "dvar2": 7.11724901199, "max": 41.1517219543, "mean": 2.41756844521, "median": 1.63467955589, "min": -7.82820177078, "var": 17.6993865967}, "barkbands_spread": {"dmean": 5.28021860123, "dmean2": 7.9496717453, "dvar": 75.3442153931, "dvar2": 172.168304443, "max": 123.730232239, "mean": 10.3587493896, "median": 6.3494310379, "min": 0.022838274017, "var": 160.029083252}, "dissonance": {"dmean": 0.050614118576, "dmean2": 0.0799116641283, "dvar": 0.00288619822823, "dvar2": 0.00682126311585, "max": 0.499894559383, "mean": 0.317899435759, "median": 0.332056939602, "min": 0.0252126399428, "var": 0.0144604425877}, "dynamic_complexity": 5.45777320862, "erbbands_crest": {"dmean": 2.70562648773, "dmean2": 4.06630182266, "dvar": 11.1443471909, "dvar2": 25.6697635651, "max": 33.4646453857, "mean": 16.2838668823, "median": 14.1278181076, "min": 2.98681426048, "var": 61.2352638245}, "erbbands_flatness_db": {"dmean": 0.0477552637458, "dmean2": 0.0656352266669, "dvar": 0.00357120577246, "dvar2": 0.00628496985883, "max": 0.654699385166, "mean": 0.310600042343, "median": 0.306183576584, "min": 0.0755294933915, "var": 0.0189735740423}, "erbbands_kurtosis": {"dmean": 8.13191223145, "dmean2": 12.5633678436, "dvar": 426.146697998, "dvar2": 868.767333984, "max": 570.066711426, "mean": 44.3621940613, "median": 4.80124759674, "min": -1.90141773224, "var": 17078.234375}, "erbbands_skewness": {"dmean": 0.899614870548, "dmean2": 1.37004721165, "dvar": 1.2848033905, "dvar2": 2.94117474556, "max": 17.8573627472, "mean": 1.88741052151, "median": 0.901989817619, "min": -6.12430477142, "var": 18.2290477753}, "erbbands_spread": {"dmean": 13.6999645233, "dmean2": 21.005859375, "dvar": 523.514953613, "dvar2": 1189.10534668, "max": 178.021377563, "mean": 22.0630970001, "median": 9.81791496277, "min": 0.348047226667, "var": 768.186218262}, "hfc": {"dmean": 9.13873004913, "dmean2": 14.8295230865, "dvar": 269.238922119, "dvar2": 674.317932129, "max": 133.09262085, "mean": 13.4794282913, "median": 7.63247585297, "min": 3.01787395074e-09, "var": 288.342193604}, "melbands_crest": {"dmean": 3.43578314781, "dmean2": 5.33535194397, "dvar": 15.6793384552, "dvar2": 37.817199707, "max": 35.5967102051, "mean": 19.8298854828, "median": 18.7575149536, "min": 3.31358003616, "var": 50.006855011}, "melbands_flatness_db": {"dmean": 0.0657232627273, "dmean2": 0.0923406258225, "dvar": 0.00722896354273, "dvar2": 0.013068000786, "max": 0.977223575115, "mean": 0.444570422173, "median": 0.42366284132, "min": 0.0197605807334, "var": 0.0335994847119}, "melbands_kurtosis": {"dmean": 16.3610153198, "dmean2": 24.7952270508, "dvar": 1205.73742676, "dvar2": 2698.43383789, "max": 677.880981445, "mean": 34.0285644531, "median": 7.95789289474, "min": -1.9268848896, "var": 5427.83300781}, "melbands_skewness": {"dmean": 1.16517603397, "dmean2": 1.65842163563, "dvar": 2.58679008484, "dvar2": 5.78124523163, "max": 20.551984787, "mean": 2.29838252068, "median": 2.06004452705, "min": -4.05610752106, "var": 6.29594564438}, "melbands_spread": {"dmean": 4.64924097061, "dmean2": 6.77108097076, "dvar": 133.003646851, "dvar2": 260.430755615, "max": 307.895355225, "mean": 11.7895679474, "median": 6.87770557404, "min": 0.161469697952, "var": 483.636322021}, "pitch_salience": {"dmean": 0.069462954998, "dmean2": 0.108215488493, "dvar": 0.00784645136446, "dvar2": 0.0185972191393, "max": 0.894519388676, "mean": 0.405778199434, "median": 0.425001472235, "min": 0.00305650359951, "var": 0.0272147562355}, "silence_rate_20dB": {"dmean": 0, "dmean2": 0, "dvar": 0, "dvar2": 0, "max": 1, "mean": 1, "median": 1, "min": 1, "var": 0}, "silence_rate_30dB": {"dmean": 0.00844900403172, "dmean2": 0.0169082116336, "dvar": 0.00837772339582, "dvar2": 0.0226611532271, "max": 1, "mean": 0.994571745396, "median": 1, "min": 0, "var": 0.00539883878082}, "silence_rate_60dB": {"dmean": 0.0253470130265, "dmean2": 0.0501207746565, "dvar": 0.0247039049864, "dvar2": 0.0536469817162, "max": 1, "mean": 0.14957781136, "median": 0, "min": 0, "var": 0.127206400037}, "spectral_centroid": {"dmean": 146.732818604, "dmean2": 218.529556274, "dvar": 94995.765625, "dvar2": 163772.09375, "max": 6546.50292969, "mean": 703.035949707, "median": 497.773986816, "min": 120.01309967, "var": 502588.53125}, "spectral_complexity": {"dmean": 2.00965595245, "dmean2": 3.12560391426, "dvar": 22.4043617249, "dvar2": 45.502948761, "max": 45, "mean": 6.36489725113, "median": 6, "min": 0, "var": 36.24741745}, "spectral_decrease": {"dmean": 3.09089887018e-09, "dmean2": 4.55083704054e-09, "dvar": 2.04008844876e-17, "dvar2": 4.65695273329e-17, "max": -1.42179939589e-20, "mean": -8.45764880353e-09, "median": -7.540867486e-09, "min": -4.21070609491e-08, "var": 5.12217697689e-17}, "spectral_energy": {"dmean": 0.0123602245003, "dmean2": 0.0182380303741, "dvar": 0.000325013766997, "dvar2": 0.000749798375182, "max": 0.16373077035, "mean": 0.0331437401474, "median": 0.0293517336249, "min": 3.27391813746e-13, "var": 0.000785809534136}, "spectral_energyband_high": {"dmean": 0.000670367910061, "dmean2": 0.00114179530647, "dvar": 1.96300857169e-06, "dvar2": 4.89837930218e-06, "max": 0.012035115622, "mean": 0.000525585433934, "median": 9.3860198831e-06, "min": 2.45136512001e-13, "var": 1.71415570094e-06}, "spectral_energyband_low": {"dmean": 0.00676614558324, "dmean2": 0.00974258687347, "dvar": 0.000107694475446, "dvar2": 0.000253908860032, "max": 0.0961024612188, "mean": 0.0160850286484, "median": 0.0111522339284, "min": 7.16559634301e-15, "var": 0.000277930696029}, "spectral_energyband_middle_high": {"dmean": 0.00109132239595, "dmean2": 0.00144092238043, "dvar": 4.50182915301e-06, "dvar2": 8.74307261256e-06, "max": 0.0347596406937, "mean": 0.00271206675097, "median": 0.000494824838825, "min": 5.88132448016e-14, "var": 2.3475562557e-05}, "spectral_energyband_middle_low": {"dmean": 0.00760251563042, "dmean2": 0.0122017208487, "dvar": 0.000193017622223, "dvar2": 0.000454796070699, "max": 0.147479534149, "mean": 0.0156014068052, "median": 0.0086980946362, "min": 1.24889875053e-14, "var": 0.000359103258234}, "spectral_entropy": {"dmean": 0.551534950733, "dmean2": 0.787068903446, "dvar": 0.520650863647, "dvar2": 0.908234298229, "max": 8.81443691254, "mean": 5.78565263748, "median": 5.76574420929, "min": 2.24649500847, "var": 2.33358550072}, "spectral_flux": {"dmean": 0.0385321006179, "dmean2": 0.05768661201, "dvar": 0.00246163201518, "dvar2": 0.00523495627567, "max": 0.385517507792, "mean": 0.0682318806648, "median": 0.0467527844012, "min": 1.0400899555e-05, "var": 0.0043983720243}, "spectral_kurtosis": {"dmean": 28.585319519, "dmean2": 44.7974128723, "dvar": 6881.421875, "dvar2": 14086.8886719, "max": 2193.49536133, "mean": 51.2074508667, "median": 18.0390758514, "min": -1.11296880245, "var": 14328.0859375}, "spectral_rms": {"dmean": 0.000974841532297, "dmean2": 0.00136742251925, "dvar": 1.68751910223e-06, "dvar2": 3.54113672074e-06, "max": 0.0126387234777, "mean": 0.0049683614634, "median": 0.00535124586895, "min": 1.78719510302e-08, "var": 7.65072127251e-06}, "spectral_rolloff": {"dmean": 268.976013184, "dmean2": 434.279296875, "dvar": 856680.8125, "dvar2": 1625438.25, "max": 17829.4921875, "mean": 820.839538574, "median": 473.73046875, "min": 64.599609375, "var": 1772833.375}, "spectral_skewness": {"dmean": 1.40539693832, "dmean2": 2.16949295998, "dvar": 4.56921815872, "dvar2": 8.04259586334, "max": 39.8296012878, "mean": 4.56988954544, "median": 3.46695113182, "min": -0.227216720581, "var": 15.7987527847}, "spectral_spread": {"dmean": 1649917.625, "dmean2": 2471078, "dvar": 5305148637180.0, "dvar2": 10103508959200.0, "max": 13801998, "mean": 4093078.5, "median": 2717066, "min": 82407.5703125, "var": 10385771986900.0}, "spectral_strongpeak": {"dmean": 0.352928072214, "dmean2": 0.603119492531, "dvar": 0.32719796896, "dvar2": 0.792172908783, "max": 5.6942024231, "mean": 0.797823667526, "median": 0.455153018236, "min": 0, "var": 0.636846840382}, "zerocrossingrate": {"dmean": 0.0106069305912, "dmean2": 0.0131399547681, "dvar": 0.000317712023389, "dvar2": 0.000398533476982, "max": 0.580078125, "mean": 0.0374206602573, "median": 0.0263671875, "min": 0.001953125, "var": 0.00196351646446}, "barkbands": {"dmean": [0.000364056322724, 0.00493238680065, 0.0018275200855, 0.00217400561087, 0.00235720817, 0.00343501823954, 0.000587670190725, 0.000207697637961, 0.000223666531383, 0.000405467959354, 0.000223969473154, 0.00028525327798, 0.000149023122503, 2.04246061912e-05, 3.21865627484e-05, 3.36657358275e-05, 0.000190620674402, 6.62205784465e-05, 4.00598655688e-05, 5.11309335707e-05, 3.53519208147e-05, 5.5985936342e-05, 0.000112272551632, 0.000320135732181, 9.38281955314e-05, 3.72377035092e-05, 6.04095839662e-06], "dmean2": [0.000541645393241, 0.00672424724326, 0.00326646491885, 0.003531931201, 0.00368175865151, 0.00563747948036, 0.00100178993307, 0.000331729184836, 0.000305833469611, 0.000417253788328, 0.000255607475992, 0.000342533894582, 0.000198221037863, 3.50941154466e-05, 5.41520748811e-05, 5.57443163416e-05, 0.00035182441934, 0.000109476211946, 6.47617562208e-05, 8.68298666319e-05, 5.38610947842e-05, 9.16958524613e-05, 0.000193230429431, 0.000565599708352, 0.000157852569828, 6.01988795097e-05, 1.08446420199e-05], "dvar": [3.14147627023e-07, 5.66696908209e-05, 2.68457151833e-05, 3.47906570823e-05, 4.6125267545e-05, 6.27605986665e-05, 2.07535322261e-06, 4.85179214138e-07, 3.2625825952e-07, 1.15524903777e-06, 6.73832175835e-07, 7.61522926496e-07, 2.65393481413e-07, 7.63625251921e-09, 1.5456087965e-08, 1.18179883657e-08, 6.81441463257e-07, 3.56566829396e-08, 1.93164879647e-08, 3.80830833535e-08, 1.10902185213e-08, 2.27794760832e-08, 5.36861115563e-08, 4.26120749353e-07, 4.65208778166e-08, 1.23699450683e-08, 2.88741003329e-10], "dvar2": [6.91289301358e-07, 0.000117286705063, 7.24269630155e-05, 8.2315003965e-05, 0.000107039377326, 0.000157332484378, 5.6902435972e-06, 8.58675150539e-07, 6.52120661471e-07, 1.35309846883e-06, 9.94664674181e-07, 1.13057149065e-06, 4.18261095092e-07, 2.12429434043e-08, 4.10752925006e-08, 3.05475325035e-08, 1.91329581867e-06, 8.05643480817e-08, 4.90284257637e-08, 1.01398853758e-07, 2.38983339784e-08, 5.71211344891e-08, 1.34019146003e-07, 1.11756378374e-06, 1.16174398102e-07, 2.97207840561e-08, 8.48002668086e-10], "max": [0.0047978325747, 0.0757719576359, 0.0583994910121, 0.0655094012618, 0.106359899044, 0.0500880517066, 0.0176129303873, 0.0258087124676, 0.00970431230962, 0.0273107159883, 0.0190925374627, 0.0173411108553, 0.0163867548108, 0.00225130608305, 0.00224274466746, 0.00129798427224, 0.0108025912195, 0.00170646049082, 0.00151010870468, 0.0021499088034, 0.00100989989005, 0.00165313202888, 0.00161019049119, 0.00387066602707, 0.00215039937757, 0.00126242102124, 0.000212259343243], "mean": [0.000899126636796, 0.0109164742753, 0.00251517631114, 0.00279416632839, 0.00542179215699, 0.00381773826666, 0.0018544618506, 0.000696161121596, 0.000986983068287, 0.000993741676211, 0.000487705343403, 0.000648060813546, 0.000285312940832, 1.65423007275e-05, 2.56499479292e-05, 2.74631347565e-05, 0.000116797069495, 5.39474640391e-05, 3.79567209166e-05, 3.98184311052e-05, 3.34238648065e-05, 4.9679667427e-05, 8.5690029664e-05, 0.000229795623454, 7.34115383239e-05, 3.08884918923e-05, 5.78661047257e-06], "median": [0.000444055185653, 0.00581081863493, 4.69392980449e-05, 9.42871411098e-05, 0.000739513023291, 0.000355689873686, 0.000495283398777, 0.000287003611447, 0.00017753757129, 4.50821098639e-05, 4.48698119726e-06, 2.2914236979e-05, 1.04438149719e-05, 6.46439445973e-07, 4.27085979027e-07, 5.64520007629e-07, 1.40234635637e-06, 1.56495207193e-06, 1.13125224743e-06, 1.25143992591e-06, 7.96476513187e-07, 1.23209338199e-06, 8.15116209196e-07, 5.37797689049e-07, 2.97392318771e-07, 1.68615969187e-07, 2.45653772879e-08], "min": [5.8476520406e-15, 3.45450317318e-15, 7.31827996098e-16, 4.17365108606e-16, 3.02778279743e-16, 1.99409195245e-15, 2.37339267095e-15, 2.29381985479e-15, 4.04264007659e-15, 2.48906878419e-15, 1.24763792081e-15, 1.38491640234e-14, 7.99832290378e-15, 7.56635050024e-15, 6.92006902017e-15, 8.62777680381e-15, 2.26744409585e-15, 3.46107276072e-15, 2.63961618507e-15, 6.64728333006e-15, 2.0011902156e-14, 2.74546807136e-14, 1.35926189195e-14, 3.37363261784e-14, 3.89326598575e-14, 3.61807853371e-14, 7.20414803116e-14], "var": [1.25404596929e-06, 0.000163489763509, 3.01270029013e-05, 4.90995589644e-05, 0.000111945082608, 6.5669984906e-05, 6.8633439696e-06, 1.71230738033e-06, 2.67152290689e-06, 5.4072011153e-06, 2.37288554672e-06, 2.90992579721e-06, 9.30448834424e-07, 5.09859843234e-09, 1.11925215762e-08, 9.15575615323e-09, 3.77611314661e-07, 3.51558213652e-08, 1.91520559412e-08, 2.88992865194e-08, 1.31295490036e-08, 2.19516600453e-08, 4.55832420698e-08, 3.14168943305e-07, 4.16341485732e-08, 1.19578444924e-08, 4.27630875155e-10]}, "erbbands": {"dmean": [0.223785966635, 0.877511024475, 1.78627216816, 5.48875808716, 6.92871189117, 8.02254009247, 11.9528636932, 35.1471252441, 14.0711927414, 7.49037075043, 4.73799467087, 4.79698753357, 9.25849723816, 7.3020067215, 10.4558553696, 8.47064685822, 7.36801481247, 2.38952755928, 1.38877618313, 1.52909088135, 3.47801709175, 11.0020236969, 3.99103784561, 2.39669680595, 2.56489920616, 2.32715749741, 1.34557330608, 1.52185511589, 1.93792784214, 2.4142332077, 3.55742502213, 6.76639413834, 4.66069602966, 1.27933931351, 0.598527789116, 0.223445266485, 0.0593898594379, 0.00823354721069, 0.00152821803931, 5.74616933591e-05], "dmean2": [0.288791060448, 1.21711874008, 3.07819771767, 9.01046657562, 11.1524744034, 12.7766361237, 18.9709625244, 57.7617149353, 23.6035518646, 11.7843093872, 7.0759396553, 6.71375513077, 9.90230941772, 7.96865272522, 12.2856645584, 10.2202749252, 9.45394039154, 3.53396081924, 2.37511873245, 2.5053794384, 6.06172370911, 20.2646484375, 6.75500392914, 3.70554661751, 4.37979221344, 3.91143321991, 2.00263738632, 2.38096284866, 3.15170097351, 4.11737775803, 6.12051820755, 12.0162382126, 8.15252971649, 2.15487456322, 1.01675140858, 0.358498364687, 0.0990242362022, 0.0144683299586, 0.00269534392282, 9.83282152447e-05], "dvar": [0.105921946466, 2.13351368904, 27.9339847565, 190.924621582, 466.069152832, 584.323303223, 958.508972168, 7517.48046875, 1144.02697754, 527.925292969, 124.011940002, 191.203964233, 522.91583252, 319.42364502, 1041.82055664, 591.927368164, 502.572052002, 62.8456726074, 26.8093852997, 19.8289260864, 185.763763428, 2172.78930664, 136.827316284, 53.5632171631, 94.6413421631, 78.6382141113, 17.8927192688, 18.670375824, 30.0839710236, 31.914899826, 54.5330696106, 198.831222534, 87.5628509521, 7.16747379303, 2.27194499969, 0.426267802715, 0.0314270034432, 0.000541306624655, 2.19918292714e-05, 1.82590422781e-08], "dvar2": [0.20343002677, 4.75105810165, 75.5394134521, 474.132385254, 1203.44030762, 1180.73718262, 1963.22424316, 19148.3535156, 3052.12109375, 1152.03771973, 272.298736572, 378.160766602, 632.53302002, 442.142272949, 1737.36938477, 873.232666016, 763.703735352, 125.573661804, 72.3436126709, 49.5909996033, 506.789550781, 6089.83105469, 331.900634766, 120.546073914, 258.184936523, 206.963623047, 39.8105621338, 41.0648651123, 75.8338470459, 80.2560119629, 136.947921753, 526.213684082, 227.21812439, 17.9653396606, 5.76779317856, 1.00500524044, 0.0785147994757, 0.00145374715794, 6.3280473114e-05, 5.39052571469e-08], "max": [3.75035452843, 12.6684427261, 63.543056488, 157.114120483, 352.72366333, 378.549560547, 426.573516846, 583.063720703, 359.943756104, 543.47644043, 183.35043335, 283.754516602, 589.53137207, 384.545501709, 609.134460449, 625.125915527, 682.611694336, 206.79335022, 88.5951080322, 59.5115432739, 194.190231323, 598.257446289, 95.067276001, 80.7340240479, 102.65221405, 93.9250106812, 48.0490989685, 41.2799415588, 62.5361709595, 45.6610336304, 58.1361160278, 79.7576828003, 53.6903991699, 25.4114646912, 14.1744613647, 7.40134954453, 1.82862758636, 0.247959136963, 0.0716262981296, 0.00168611714616], "mean": [0.52893191576, 1.60853254795, 2.44547176361, 7.62638664246, 11.1782217026, 17.8827610016, 25.9977245331, 37.0860481262, 24.9794635773, 28.678144455, 20.1970787048, 21.1504707336, 24.4681110382, 19.6285839081, 22.7745132446, 19.7874202728, 15.9433012009, 3.70981526375, 1.18644142151, 1.31485557556, 2.47489237785, 6.80991888046, 3.17494463921, 2.21060967445, 2.12303829193, 1.83474850655, 1.32047045231, 1.41795122623, 1.70500290394, 1.92501151562, 2.69543099403, 4.79668569565, 3.39787554741, 1.01108443737, 0.457479804754, 0.187862753868, 0.047095309943, 0.00600785668939, 0.0015124612255, 8.26227405923e-05], "median": [0.276848852634, 0.788405537605, 0.296075046062, 0.596556067467, 0.715992629528, 2.09555578232, 1.14708566666, 4.65243244171, 7.48244142532, 7.16418504715, 8.24289035797, 4.56667041779, 5.5621380806, 1.48675501347, 1.48002028465, 1.09569501877, 0.829113960266, 0.175200015306, 0.079598672688, 0.0474379062653, 0.0470241978765, 0.0953960120678, 0.0827479958534, 0.0779657885432, 0.0714772120118, 0.0488888025284, 0.0404564365745, 0.0329433307052, 0.0481388941407, 0.0516225136817, 0.0225127562881, 0.0134938787669, 0.00773526355624, 0.00417174585164, 0.00190946552902, 0.000665068801027, 0.000309680443024, 5.66668677493e-05, 2.52033350989e-05, 3.78205695597e-05], "min": [1.86944779318e-13, 4.92466852887e-13, 8.4308336137e-13, 1.25635439552e-12, 9.82163569224e-13, 8.24569741913e-13, 6.06990022481e-12, 1.95875468623e-11, 2.64107832826e-11, 5.62138426086e-11, 4.43424880148e-11, 8.3849906185e-11, 9.97284685389e-11, 7.43783576396e-11, 1.24507348875e-10, 6.22494833458e-10, 4.17506529349e-10, 2.16761553151e-10, 5.1796594791e-10, 2.77686762473e-10, 4.98536156801e-10, 1.56480300939e-10, 2.08765921217e-10, 1.32363883742e-10, 1.63214719517e-10, 2.74543526801e-10, 8.49654402391e-10, 6.87289780643e-10, 7.82573728042e-10, 7.88090592785e-10, 3.72365444035e-10, 5.6192955844e-10, 6.06802885716e-10, 2.74755496132e-10, 3.49263173938e-10, 1.44402267921e-10, 8.6155395318e-11, 1.57008555463e-11, 1.21615061771e-11, 1.27150221775e-12], "var": [0.394130498171, 4.46178197861, 27.8871116638, 266.449523926, 659.679443359, 1526.42285156, 2990.03076172, 7097.21972656, 1625.38708496, 2544.54003906, 827.395874023, 1540.02893066, 2557.88183594, 1666.52734375, 3173.69726562, 2382.62548828, 1947.1427002, 156.75328064, 18.9885978699, 17.6187229156, 114.240760803, 1216.42468262, 118.856887817, 59.6169624329, 74.2290039062, 61.1757087708, 21.2340183258, 21.418762207, 28.497297287, 27.6266155243, 45.7909660339, 142.145904541, 67.1621246338, 6.42653417587, 1.94210040569, 0.428137809038, 0.0276871789247, 0.000396606541472, 3.51897760993e-05, 3.12961851989e-08]}, "gfcc": {"mean": [-180.37727356, 123.229911804, -54.9141998291, 4.28793239594, -74.8911437988, 3.22774100304, -19.6450443268, 9.2362947464, -5.63000583649, 0.874744355679, 1.60699033737, 5.74337911606, -9.14739704132], "cov": [[45555.1914062, -668.724487305, -1107.11608887, 1790.01599121, 1172.09301758, 4059.27148438, -606.467529297, 1547.7824707, -2720.48876953, -854.059143066, -157.316802979, -595.777770996, -186.486968994], [-668.724487305, 4849.56933594, 1110.24560547, -1556.50195312, 421.146850586, -448.695281982, 964.714172363, -364.63861084, 259.540222168, -329.319519043, 102.818695068, -378.016418457, 113.708404541], [-1107.11608887, 1110.24560547, 3458.77368164, 965.489990234, -135.937316895, -388.6875, -318.906433105, 332.344512939, 784.050292969, 292.502838135, -65.7274093628, -142.694839478, 95.9970092773], [1790.01599121, -1556.50195312, 965.489990234, 1944.64331055, 169.933502197, 208.049819946, -686.706298828, 488.62713623, 254.438796997, 206.189727783, -229.617462158, -31.4858646393, -71.5194320679], [1172.09301758, 421.146850586, -135.937316895, 169.933502197, 1157.24121094, 462.741516113, 136.548171997, 62.5873947144, -246.56930542, -299.31628418, -124.642036438, -166.072174072, 14.8251962662], [4059.27148438, -448.695281982, -388.6875, 208.049819946, 462.741516113, 1059.46166992, 176.612548828, 241.51725769, -333.582855225, -149.046905518, 129.568969727, 20.3822498322, 18.3984355927], [-606.467529297, 964.714172363, -318.906433105, -686.706298828, 136.548171997, 176.612548828, 867.877502441, 16.348405838, 116.80280304, 2.92958521843, 234.114212036, 44.300907135, 3.47517299652], [1547.7824707, -364.63861084, 332.344512939, 488.62713623, 62.5873947144, 241.51725769, 16.348405838, 688.840087891, 312.5730896, 101.155891418, -13.6929340363, -107.43347168, -36.0393867493], [-2720.48876953, 259.540222168, 784.050292969, 254.438796997, -246.56930542, -333.582855225, 116.80280304, 312.5730896, 990.985717773, 410.721557617, 158.232727051, 68.0141143799, -64.2645339966], [-854.059143066, -329.319519043, 292.502838135, 206.189727783, -299.31628418, -149.046905518, 2.92958521843, 101.155891418, 410.721557617, 486.013427734, 197.698913574, 210.775421143, -26.001077652], [-157.316802979, 102.818695068, -65.7274093628, -229.617462158, -124.642036438, 129.568969727, 234.114212036, -13.6929340363, 158.232727051, 197.698913574, 366.925018311, 227.31048584, 91.0675048828], [-595.777770996, -378.016418457, -142.694839478, -31.4858646393, -166.072174072, 20.3822498322, 44.300907135, -107.43347168, 68.0141143799, 210.775421143, 227.31048584, 419.455444336, 145.385360718], [-186.486968994, 113.708404541, 95.9970092773, -71.5194320679, 14.8251962662, 18.3984355927, 3.47517299652, -36.0393867493, -64.2645339966, -26.001077652, 91.0675048828, 145.385360718, 295.176879883]], "icov": [[6.281012611e-05, -0.000127976105432, 4.41286720161e-05, -8.70541771292e-05, 9.63031488936e-05, -0.0002138302807, 0.000139448529808, -0.000207147706533, 0.000252352794632, -0.00010651370394, -1.86882007256e-05, -5.32132107764e-05, 0.000112628949864], [-0.000127976105432, 0.000953925249632, -0.000453548622318, 0.000639662030153, -0.00050225481391, 0.000642406230327, -0.000769204460084, 0.00073582486948, -0.000712858163752, 0.000487360492116, -0.000180331087904, 0.00074849993689, -0.000487054727273], [4.41286720161e-05, -0.000453548622318, 0.000693020992912, -0.000538219232112, 0.000261427660007, -0.000210722457268, 0.000355099269655, -0.000164605124155, -6.71101661283e-05, -0.000334639567882, 6.73203976476e-05, 0.000132552231662, -0.00030761238304], [-8.70541771292e-05, 0.000639662030153, -0.000538219232112, 0.00186928000767, -0.000636908574961, -0.000131752763991, 0.000478459143778, -6.88659856678e-05, -0.000693585723639, -0.000378184398869, 0.000960120174568, -9.33301489567e-05, -8.18610787974e-05], [9.63031488936e-05, -0.00050225481391, 0.000261427660007, -0.000636908574961, 0.00165815243963, -0.00100209249649, -2.47415719059e-05, -0.000111777531856, 0.000282341672573, 0.000215342079173, 0.000556274491828, -1.5355004507e-05, -0.000102813275589], [-0.0002138302807, 0.000642406230327, -0.000210722457268, -0.000131752763991, -0.00100209249649, 0.00323154148646, -0.000998503877781, -0.000379138160497, 0.000347186578438, 0.00131711899303, -0.00219526677392, 3.39793950843e-06, 0.000335632736096], [0.000139448529808, -0.000769204460084, 0.000355099269655, 0.000478459143778, -2.47415719059e-05, -0.000998503877781, 0.00302972574718, -0.00104596128222, 0.000160351060913, -0.000349062349414, -0.000663592072669, -0.000662917038426, 0.000820366025437], [-0.000207147706533, 0.00073582486948, -0.000164605124155, -6.88659856678e-05, -0.000111777531856, -0.000379138160497, -0.00104596128222, 0.00382638978772, -0.00216106255539, -7.74319269112e-05, 0.00070892192889, 0.00189719442278, -0.0014992102515], [0.000252352794632, -0.000712858163752, -6.71101661283e-05, -0.000693585723639, 0.000282341672573, 0.000347186578438, 0.000160351060913, -0.00216106255539, 0.00389963015914, -0.00146392430179, -0.00125381560065, -0.000519171881024, 0.00134884566069], [-0.00010651370394, 0.000487360492116, -0.000334639567882, -0.000378184398869, 0.000215342079173, 0.00131711899303, -0.000349062349414, -7.74319269112e-05, -0.00146392430179, 0.00635813502595, -0.00268410076387, -0.001897066948, 0.00166772410739], [-1.86882007256e-05, -0.000180331087904, 6.73203976476e-05, 0.000960120174568, 0.000556274491828, -0.00219526677392, -0.000663592072669, 0.00070892192889, -0.00125381560065, -0.00268410076387, 0.00839422177523, -0.0019314524252, -0.0016762111336], [-5.32132107764e-05, 0.00074849993689, 0.000132552231662, -9.33301489567e-05, -1.5355004507e-05, 3.39793950843e-06, -0.000662917038426, 0.00189719442278, -0.000519171881024, -0.001897066948, -0.0019314524252, 0.00674880947918, -0.00315596163273], [0.000112628949864, -0.000487054727273, -0.00030761238304, -8.18610787974e-05, -0.000102813275589, 0.000335632736096, 0.000820366025437, -0.0014992102515, 0.00134884566069, 0.00166772410739, -0.0016762111336, -0.00315596163273, 0.00603046361357]]}, "melbands": {"dmean": [0.00162156240549, 0.000889677496161, 0.000948591390625, 0.000550915370695, 0.000402034231229, 0.000732471467927, 0.000200838767341, 7.18970259186e-05, 4.2120609578e-05, 2.90742773359e-05, 5.20310968568e-05, 3.65803643945e-05, 3.74499686586e-05, 2.88952633127e-05, 2.02891496883e-05, 1.7051355826e-05, 2.44760576606e-06, 1.96434461941e-06, 2.40681038122e-06, 1.83489953542e-06, 4.52303675047e-06, 1.37960041684e-05, 4.31918579125e-06, 3.24376287608e-06, 1.76190451384e-06, 1.61534273957e-06, 2.18200557356e-06, 1.35716106797e-06, 8.17609929982e-07, 1.00568820471e-06, 7.62820093314e-07, 1.09131815407e-06, 1.11971280603e-06, 1.44847194861e-06, 1.86506792943e-06, 2.68530789072e-06, 4.92274011776e-06, 3.92376659875e-06, 1.64219557064e-06, 8.71940301295e-07], "dmean2": [0.00215175119229, 0.00140051497146, 0.00155944959261, 0.000871033174917, 0.000625067856163, 0.00120393058751, 0.000338506448315, 0.000111916240712, 6.00384737481e-05, 4.06697690778e-05, 5.49305223103e-05, 3.88315384043e-05, 4.2662195483e-05, 3.57303106284e-05, 2.39558503381e-05, 2.27478667512e-05, 4.01025135943e-06, 3.42917223861e-06, 4.04824095313e-06, 2.97461701848e-06, 7.96900076239e-06, 2.55962731899e-05, 7.54381562729e-06, 5.32041485712e-06, 2.71266253549e-06, 2.78996435554e-06, 3.90281957152e-06, 2.22959261009e-06, 1.23541610719e-06, 1.53186897478e-06, 1.2025847127e-06, 1.79427854619e-06, 1.87051693956e-06, 2.49293316301e-06, 3.17946523865e-06, 4.67831068818e-06, 8.79421622813e-06, 6.92157300364e-06, 2.78270385934e-06, 1.4670137034e-06], "dvar": [5.69226585867e-06, 4.86118142362e-06, 5.41098506801e-06, 2.86612589662e-06, 1.05399658423e-06, 3.13307236866e-06, 2.30453807148e-07, 5.35251487577e-08, 1.00947676884e-08, 7.62688845413e-09, 1.72770100448e-08, 8.61514770634e-09, 1.54161412524e-08, 1.27470167754e-08, 5.7264322173e-09, 4.97805929811e-09, 9.63093979567e-11, 4.62704562165e-11, 9.53341919296e-11, 2.83842671589e-11, 3.54985152384e-10, 3.65198493668e-09, 2.17319051643e-10, 9.02355204446e-11, 3.03666709833e-11, 3.52155735128e-11, 7.70531555228e-11, 2.50870019203e-11, 7.00434935746e-12, 1.07134153979e-11, 3.75470748243e-12, 1.07585624437e-11, 8.33001983364e-12, 1.10303129477e-11, 1.61504126045e-11, 3.12738064612e-11, 1.08845779612e-10, 6.39330116625e-11, 1.08878834768e-11, 3.99164338735e-12], "dvar2": [1.14085678433e-05, 1.26507566165e-05, 1.33978264785e-05, 6.90493970978e-06, 2.05737751457e-06, 7.97865141067e-06, 6.15296755768e-07, 1.10172877044e-07, 2.12921253961e-08, 1.45692355957e-08, 2.04645296265e-08, 1.08936166754e-08, 2.27050822588e-08, 1.97970564386e-08, 7.64009833176e-09, 7.72295649654e-09, 2.63271793255e-10, 1.24120838607e-10, 2.50168968874e-10, 6.94182281102e-11, 9.73338631916e-10, 1.02749888597e-08, 5.8749810572e-10, 1.99465499673e-10, 6.86274578832e-11, 9.51927495163e-11, 2.15490875144e-10, 6.33547381224e-11, 1.60802274274e-11, 2.39403670499e-11, 7.86502460381e-12, 2.77271140076e-11, 2.04917419838e-11, 2.82090201892e-11, 3.99018457165e-11, 8.20874895835e-11, 2.89764684469e-10, 1.67514557781e-10, 2.71385292711e-11, 1.02091382223e-11], "max": [0.0259973760694, 0.0265513807535, 0.0258895922452, 0.0281813424081, 0.0126061793417, 0.0117703378201, 0.00512394448742, 0.00652803527191, 0.00199332972988, 0.00191251607612, 0.0033897657413, 0.00221105106175, 0.00289474474266, 0.00247887452133, 0.00284372200258, 0.00228176615201, 0.000241529967752, 0.000109481952677, 0.00018449309573, 7.67448509578e-05, 0.00027687457623, 0.000777907378506, 0.000162786061992, 9.21039900277e-05, 6.26895780442e-05, 6.24297681497e-05, 8.77407801454e-05, 5.50385884708e-05, 3.2859876228e-05, 3.49257534253e-05, 1.73665011971e-05, 3.95511633542e-05, 2.83593963104e-05, 2.75526017504e-05, 3.60450576409e-05, 4.44923934992e-05, 5.92955984757e-05, 4.27044433309e-05, 2.46837971645e-05, 2.17864635488e-05], "mean": [0.00370304682292, 0.00150855362881, 0.00135107000824, 0.00105426029768, 0.000923697662074, 0.000792979262769, 0.000369553716155, 0.000268238596618, 0.000175139051862, 0.000125866601593, 0.00013282422151, 9.70897526713e-05, 8.24570888653e-05, 5.85093184782e-05, 5.07442564412e-05, 3.24272623402e-05, 2.43282374868e-06, 1.58531304351e-06, 1.97765689336e-06, 1.61092998496e-06, 3.10459495267e-06, 8.30721728562e-06, 3.16526188726e-06, 2.66374536295e-06, 1.6650579937e-06, 1.48122478549e-06, 1.5959016082e-06, 1.10057510483e-06, 7.89879948115e-07, 9.28416454826e-07, 7.44909925743e-07, 9.94346351035e-07, 9.2879975e-07, 1.11929568902e-06, 1.41569353218e-06, 1.9722176603e-06, 3.43027818417e-06, 2.8116176054e-06, 1.28505541852e-06, 6.91499508321e-07], "median": [0.0019665795844, 0.000589766481426, 0.000128589599626, 9.10206581466e-05, 4.35945694335e-05, 0.000108908760012, 0.000120893309941, 5.32918711542e-05, 4.56984053017e-05, 1.9188526494e-05, 2.4858798497e-05, 4.96038774145e-06, 3.85801649827e-06, 1.67223674907e-06, 1.38323923693e-06, 4.08113152162e-07, 1.11166144734e-07, 5.72512632857e-08, 3.04950660279e-08, 4.1015617569e-08, 3.1582750637e-08, 9.43374089957e-08, 5.62640778412e-08, 8.23327184207e-08, 5.28713854919e-08, 4.48333636882e-08, 4.81990483081e-08, 2.60252370765e-08, 2.92108524036e-08, 1.101525271e-08, 1.96093985494e-08, 3.44800739072e-08, 1.66075846408e-08, 2.79251004542e-08, 8.99480312455e-09, 9.76909220185e-09, 6.92105395217e-09, 4.72762273773e-09, 4.84223683372e-09, 2.73382982918e-09], "min": [1.59466742518e-15, 5.1029658726e-16, 2.15609205934e-16, 5.03477938948e-17, 1.75054552204e-16, 4.34322019996e-16, 4.24733130577e-16, 6.13259741806e-16, 3.64881623705e-16, 5.74103685056e-16, 4.87108425054e-16, 2.90169982565e-16, 2.28103643355e-16, 1.25139737067e-15, 1.79942832282e-15, 4.42709816695e-16, 4.16035584516e-16, 9.32525994324e-16, 4.99996348984e-16, 4.0174690632e-16, 5.6758899584e-16, 1.0486721182e-16, 2.47003277749e-16, 1.27662648523e-16, 1.05787288124e-16, 8.8303581798e-17, 1.55058129257e-16, 1.72815804419e-16, 4.75413705849e-16, 6.54622795841e-16, 3.14850193307e-16, 4.12531991548e-16, 6.25895355797e-16, 3.5970355248e-16, 2.00399498521e-16, 2.51247601029e-16, 3.60330303921e-16, 5.0898988012e-16, 2.57600242254e-16, 2.13583923687e-16], "var": [1.87089117389e-05, 6.08366462984e-06, 7.39563256502e-06, 5.38118456461e-06, 3.73589705305e-06, 2.96421853818e-06, 3.19087803291e-07, 2.38047249468e-07, 7.8824896832e-08, 6.58265975062e-08, 8.33945250633e-08, 4.37495693006e-08, 5.35211235331e-08, 4.27966106997e-08, 2.6272971354e-08, 1.77228685061e-08, 7.46956038689e-11, 3.31850311119e-11, 7.04289265796e-11, 2.61999675427e-11, 2.11231698799e-10, 2.01200611727e-09, 1.44321166129e-10, 9.13977019068e-11, 3.4125733489e-11, 3.12360831645e-11, 5.18473354527e-11, 2.10673822137e-11, 7.90815937041e-12, 1.18059190896e-11, 4.78886635208e-12, 1.00525473362e-11, 7.70245325854e-12, 9.1037455352e-12, 1.40758550649e-11, 2.34559194984e-11, 7.62152979616e-11, 4.75281966561e-11, 9.56058756468e-12, 3.50083373749e-12]}, "mfcc": {"mean": [-821.533935547, 144.077102661, 58.4685020447, 13.2338695526, -9.9406785965, -8.67980670929, -0.380822628736, 8.88407230377, -4.32610988617, -0.90656298399, 6.7844953537, 11.2755594254, 6.57728147507], "cov": [[23434.9707031, 1084.62683105, 605.008605957, -256.282501221, 680.331237793, 601.774963379, 887.68347168, 994.785705566, -129.929855347, -178.927734375, -588.640380859, -242.260955811, -689.578369141], [1084.62683105, 5471.42529297, 545.030456543, -366.782562256, -616.809082031, 65.8093338013, 511.836517334, 458.780059814, 172.024459839, 50.0472755432, 275.630157471, -107.731086731, -168.09236145], [605.008605957, 545.030456543, 2542.17016602, 1006.38525391, 625.23034668, -44.3359718323, -442.136810303, -47.8133926392, 283.386444092, 611.300109863, 376.2605896, 147.549194336, -126.058547974], [-256.282501221, -366.782562256, 1006.38525391, 1287.33581543, 747.640136719, -32.6872825623, -478.41708374, -205.689819336, 249.325958252, 410.26663208, 281.338928223, 8.24167251587, -111.808151245], [680.331237793, -616.809082031, 625.23034668, 747.640136719, 932.944641113, 145.457229614, -229.174087524, -95.0287628174, 154.786422729, 275.792785645, 77.826171875, -7.37081241608, -182.080108643], [601.774963379, 65.8093338013, -44.3359718323, -32.6872825623, 145.457229614, 461.887176514, 310.535461426, 157.53187561, -61.2248649597, -148.111541748, -37.4270324707, -10.6044654846, 69.8393554688], [887.68347168, 511.836517334, -442.136810303, -478.41708374, -229.174087524, 310.535461426, 718.894287109, 331.081542969, -76.5079040527, -265.880828857, -190.133972168, -60.970287323, -12.7836742401], [994.785705566, 458.780059814, -47.8133926392, -205.689819336, -95.0287628174, 157.53187561, 331.081542969, 395.014709473, 120.40057373, 22.5595645905, 10.8177862167, 52.0717468262, 57.9597816467], [-129.929855347, 172.024459839, 283.386444092, 249.325958252, 154.786422729, -61.2248649597, -76.5079040527, 120.40057373, 318.01361084, 309.060211182, 194.285415649, 58.7190284729, -8.3821811676], [-178.927734375, 50.0472755432, 611.300109863, 410.26663208, 275.792785645, -148.111541748, -265.880828857, 22.5595645905, 309.060211182, 592.953063965, 392.30645752, 205.354156494, 28.1528759003], [-588.640380859, 275.630157471, 376.2605896, 281.338928223, 77.826171875, -37.4270324707, -190.133972168, 10.8177862167, 194.285415649, 392.30645752, 478.454986572, 258.157409668, 166.904724121], [-242.260955811, -107.731086731, 147.549194336, 8.24167251587, -7.37081241608, -10.6044654846, -60.970287323, 52.0717468262, 58.7190284729, 205.354156494, 258.157409668, 318.246582031, 251.009338379], [-689.578369141, -168.09236145, -126.058547974, -111.808151245, -182.080108643, 69.8393554688, -12.7836742401, 57.9597816467, -8.3821811676, 28.1528759003, 166.904724121, 251.009338379, 428.050506592]], "icov": [[5.95931451244e-05, -6.94926484357e-06, -3.97605163016e-06, -4.39299356003e-06, -5.44034446648e-05, -9.55542145675e-06, 5.37207524758e-05, -0.000267095485469, 0.000193208237761, -4.96552056575e-05, 7.0227899414e-05, -5.89019946347e-05, 0.000121349621622], [-6.94926484357e-06, 0.000309365859721, -0.00014958162501, 9.21045138966e-05, 0.00016684892762, 0.000122788987937, -0.000187286335859, -0.000245990144322, 4.28671637565e-06, 0.000240674329689, -0.000729022896849, 0.000500414287671, 0.000144021832966], [-3.97605163016e-06, -0.00014958162501, 0.000785833923146, -0.000565065012779, 0.000199731817702, -0.00047373099369, 0.00043313021888, -0.000175038672751, 0.000302298925817, -0.000770913320594, 0.000661918253172, -0.000764431839343, 0.000464363256469], [-4.39299356003e-06, 9.21045138966e-05, -0.000565065012779, 0.00268147420138, -0.00175047304947, 0.000503311632201, 0.000167347228853, 0.000609516515397, -0.000873555953149, 0.00073089520447, -0.00182423950173, 0.00196794653311, -0.000849038013257], [-5.44034446648e-05, 0.00016684892762, 0.000199731817702, -0.00175047304947, 0.00440134527162, -0.00349853537045, 0.00112616305705, 0.000924172403757, -0.00109987577889, -0.00182276288979, 0.0027387465816, -0.00294543267228, 0.00268864072859], [-9.55542145675e-06, 0.000122788987937, -0.00047373099369, 0.000503311632201, -0.00349853537045, 0.00732945138589, -0.00307396659628, -0.00179793871939, 0.00208123936318, 0.00261620036326, -0.00397769827396, 0.00394787127152, -0.00340297073126], [5.37207524758e-05, -0.000187286335859, 0.00043313021888, 0.000167347228853, 0.00112616305705, -0.00307396659628, 0.00506533542648, -0.00267928070389, 0.000155849498697, -5.19123022968e-05, 0.0016600296367, -0.00196432624944, 0.00218997290358], [-0.000267095485469, -0.000245990144322, -0.000175038672751, 0.000609516515397, 0.000924172403757, -0.00179793871939, -0.00267928070389, 0.00903710816056, -0.00568888382986, -0.000294264085824, 0.00191512273159, -0.00202171062119, -0.000689693901222], [0.000193208237761, 4.28671637565e-06, 0.000302298925817, -0.000873555953149, -0.00109987577889, 0.00208123936318, 0.000155849498697, -0.00568888382986, 0.0114030102268, -0.00447853654623, -0.00173793197609, 0.00405005039647, -0.00103813735768], [-4.96552056575e-05, 0.000240674329689, -0.000770913320594, 0.00073089520447, -0.00182276288979, 0.00261620036326, -5.19123022968e-05, -0.000294264085824, -0.00447853654623, 0.00967104267329, -0.00515450909734, -0.00157548545394, 0.00102443364449], [7.0227899414e-05, -0.000729022896849, 0.000661918253172, -0.00182423950173, 0.0027387465816, -0.00397769827396, 0.0016600296367, 0.00191512273159, -0.00173793197609, -0.00515450909734, 0.0112670715898, -0.00686997408047, 0.00108982250094], [-5.89019946347e-05, 0.000500414287671, -0.000764431839343, 0.00196794653311, -0.00294543267228, 0.00394787127152, -0.00196432624944, -0.00202171062119, 0.00405005039647, -0.00157548545394, -0.00686997408047, 0.0152406515554, -0.00736688636243], [0.000121349621622, 0.000144021832966, 0.000464363256469, -0.000849038013257, 0.00268864072859, -0.00340297073126, 0.00218997290358, -0.000689693901222, -0.00103813735768, 0.00102443364449, 0.00108982250094, -0.00736688636243, 0.00816818233579]]}, "spectral_contrast_coeffs": {"dmean": [0.0635882988572, 0.0586842224002, 0.0544542744756, 0.0395751185715, 0.0251370538026, 0.0228261630982], "dmean2": [0.0972126275301, 0.0968096852303, 0.0847985893488, 0.0626447275281, 0.0422854349017, 0.0384308695793], "dvar": [0.00359616591595, 0.00407338887453, 0.00341713917442, 0.00188148499001, 0.000842713750899, 0.000623761501629], "dvar2": [0.00741236889735, 0.0101872468367, 0.00783494487405, 0.00499681057408, 0.00214783265255, 0.00151413551066], "max": [-0.188319355249, -0.289303421974, -0.333935111761, -0.408425122499, -0.570129156113, -0.53326177597], "mean": [-0.601706981659, -0.603840231895, -0.666125893593, -0.779315769672, -0.835056304932, -0.823124468327], "median": [-0.5988484025, -0.595298051834, -0.657253921032, -0.814268708229, -0.843934834003, -0.830582857132], "min": [-0.982939481735, -0.978886187077, -0.975827217102, -0.967900156975, -0.948689222336, -0.966842591763], "var": [0.0227666776627, 0.0146453399211, 0.0275179743767, 0.0142401410267, 0.00287741632201, 0.00281947595067]}, "spectral_contrast_valleys": {"dmean": [0.75853317976, 0.718637883663, 0.787631034851, 0.746136724949, 0.696312665939, 0.980316340923], "dmean2": [1.15444862843, 1.15671122074, 1.24726009369, 1.12672948837, 0.984994709492, 1.37662220001], "dvar": [0.678604125977, 0.845235824585, 0.855213403702, 0.823667049408, 0.938890278339, 1.54590988159], "dvar2": [1.33489489555, 1.86782705784, 1.82223749161, 1.7772371769, 1.74409389496, 2.5033826828], "max