{"lowlevel": {"average_loudness": 0.876913249493, "barkbands_crest": {"dmean": 2.57643985748, "dmean2": 4.23381757736, "dvar": 6.76139736176, "dvar2": 17.6191291809, "max": 25.9862270355, "mean": 11.5279550552, "median": 10.6155033112, "min": 2.61112880707, "var": 22.3622913361}, "barkbands_flatness_db": {"dmean": 0.0222903527319, "dmean2": 0.033706407994, "dvar": 0.000511006976012, "dvar2": 0.00117284618318, "max": 0.343432337046, "mean": 0.155194491148, "median": 0.155945643783, "min": 0.0138179697096, "var": 0.00293509941548}, "barkbands_kurtosis": {"dmean": 3.77654981613, "dmean2": 6.06991147995, "dvar": 72.7797088623, "dvar2": 194.569320679, "max": 241.541641235, "mean": 7.38801908493, "median": 4.73599243164, "min": -1.86923646927, "var": 102.749885559}, "barkbands_skewness": {"dmean": 0.556583464146, "dmean2": 0.86164444685, "dvar": 0.45165592432, "dvar2": 1.1261703968, "max": 12.5633516312, "mean": 1.96351766586, "median": 2.01655936241, "min": -5.03469848633, "var": 2.12263655663}, "barkbands_spread": {"dmean": 4.15438222885, "dmean2": 6.3073887825, "dvar": 28.3753414154, "dvar2": 62.8205680847, "max": 96.0556411743, "mean": 15.0928602219, "median": 12.2330780029, "min": 0.837125718594, "var": 113.844520569}, "dissonance": {"dmean": 0.0185225699097, "dmean2": 0.0314819589257, "dvar": 0.000329947797582, "dvar2": 0.000917921483051, "max": 0.500000059605, "mean": 0.461581707001, "median": 0.466348946095, "min": 0.276586204767, "var": 0.000670469948091}, "dynamic_complexity": 4.86713790894, "erbbands_crest": {"dmean": 2.56102776527, "dmean2": 4.17489767075, "dvar": 7.20287704468, "dvar2": 19.0070571899, "max": 34.6847686768, "mean": 10.4164409637, "median": 9.24675273895, "min": 2.4649014473, "var": 24.2641124725}, "erbbands_flatness_db": {"dmean": 0.0195931922644, "dmean2": 0.0277826972306, "dvar": 0.000453180342447, "dvar2": 0.000855555350427, "max": 0.406800270081, "mean": 0.179450944066, "median": 0.18025290966, "min": 0.0541066341102, "var": 0.00253968127072}, "erbbands_kurtosis": {"dmean": 1.24504697323, "dmean2": 1.8918081522, "dvar": 9.38815975189, "dvar2": 18.7235889435, "max": 116.418029785, "mean": 1.09239220619, "median": -0.0320414304733, "min": -1.80468857288, "var": 20.0885181427}, "erbbands_skewness": {"dmean": 0.374482870102, "dmean2": 0.567981123924, "dvar": 0.162208795547, "dvar2": 0.360212355852, "max": 7.63651704788, "mean": 0.778346419334, "median": 0.708863854408, "min": -8.373670578, "var": 0.852238714695}, "erbbands_spread": {"dmean": 7.50197696686, "dmean2": 11.2150621414, "dvar": 89.4077453613, "dvar2": 185.969329834, "max": 147.956329346, "mean": 35.7656517029, "median": 34.2115592957, "min": 0.942782342434, "var": 304.890960693}, "hfc": {"dmean": 6.50231122971, "dmean2": 10.235584259, "dvar": 288.915527344, "dvar2": 732.351318359, "max": 289.101287842, "mean": 14.3493509293, "median": 11.2070426941, "min": 1.08993665171e-16, "var": 313.146881104}, "melbands_crest": {"dmean": 3.00470018387, "dmean2": 4.96260881424, "dvar": 9.16711521149, "dvar2": 23.7605400085, "max": 32.9634780884, "mean": 13.5658473969, "median": 13.0827598572, "min": 1.58011114597, "var": 25.2112464905}, "melbands_flatness_db": {"dmean": 0.0245598386973, "dmean2": 0.0373331196606, "dvar": 0.000660593563225, "dvar2": 0.00154590292368, "max": 0.458481639624, "mean": 0.216235727072, "median": 0.223539292812, "min": 0.0035391470883, "var": 0.00507048377767}, "melbands_kurtosis": {"dmean": 7.6777806282, "dmean2": 12.3293523788, "dvar": 306.826904297, "dvar2": 811.480957031, "max": 409.467102051, "mean": 16.9632568359, "median": 12.0463228226, "min": -1.77660953999, "var": 420.180938721}, "melbands_skewness": {"dmean": 0.703538477421, "dmean2": 1.08399617672, "dvar": 0.823719084263, "dvar2": 2.00953388214, "max": 14.2925691605, "mean": 2.83456611633, "median": 2.80318546295, "min": -3.8624382019, "var": 2.8753092289}, "melbands_spread": {"dmean": 4.94441318512, "dmean2": 7.68435001373, "dvar": 44.5767555237, "dvar2": 104.285522461, "max": 165.346176147, "mean": 18.9701805115, "median": 11.8634967804, "min": 0.593544125557, "var": 514.550109863}, "pitch_salience": {"dmean": 0.0659141838551, "dmean2": 0.109254181385, "dvar": 0.00415409216657, "dvar2": 0.0113959591836, "max": 0.986257791519, "mean": 0.565550029278, "median": 0.568829536438, "min": 0.113553278148, "var": 0.0118787446991}, "silence_rate_20dB": {"dmean": 0.00335354055278, "dmean2": 0.00670794630423, "dvar": 0.00334240798838, "dvar2": 0.0092433327809, "max": 1, "mean": 0.997936546803, "median": 1, "min": 0, "var": 0.00205905968323}, "silence_rate_30dB": {"dmean": 0.0379208065569, "dmean2": 0.0758513957262, "dvar": 0.036480948329, "dvar2": 0.0731938034296, "max": 1, "mean": 0.96053647995, "median": 1, "min": 0, "var": 0.0379057526588}, "silence_rate_60dB": {"dmean": 0.0167677029967, "dmean2": 0.0335397310555, "dvar": 0.0164865795523, "dvar2": 0.0368004739285, "max": 1, "mean": 0.178359553218, "median": 0, "min": 0, "var": 0.146538496017}, "spectral_centroid": {"dmean": 189.140182495, "dmean2": 292.223297119, "dvar": 65334.0195312, "dvar2": 134463.640625, "max": 11756.1396484, "mean": 1240.86096191, "median": 798.007263184, "min": 217.431488037, "var": 2781980.25}, "spectral_complexity": {"dmean": 2.61060237885, "dmean2": 4.09674930573, "dvar": 14.3929367065, "dvar2": 31.3288288116, "max": 56, "mean": 13.158241272, "median": 14, "min": 0, "var": 60.75598526}, "spectral_decrease": {"dmean": 4.44253922538e-09, "dmean2": 7.52067919052e-09, "dvar": 2.34295321851e-16, "dvar2": 6.4382354928e-16, "max": 1.98983627217e-28, "mean": -7.28052240717e-09, "median": -5.37363042952e-09, "min": -2.00669845185e-07, "var": 1.66890081034e-16}, "spectral_energy": {"dmean": 0.0173010453582, "dmean2": 0.0292226504534, "dvar": 0.00348373246379, "dvar2": 0.00955562572926, "max": 0.771660625935, "mean": 0.0287799593061, "median": 0.0214481577277, "min": 9.83350454278e-21, "var": 0.00250544096343}, "spectral_energyband_high": {"dmean": 0.00029243028257, "dmean2": 0.000463277159724, "dvar": 1.19577350688e-06, "dvar2": 3.05381399812e-06, "max": 0.0268545579165, "mean": 0.000423387682531, "median": 0.000107937026769, "min": 7.01374276981e-21, "var": 1.26816644297e-06}, "spectral_energyband_low": {"dmean": 0.00863173510879, "dmean2": 0.0156481284648, "dvar": 0.00212466879748, "dvar2": 0.00608741026372, "max": 0.713670492172, "mean": 0.00714879203588, "median": 0.00181327201426, "min": 1.3766973326e-23, "var": 0.00123568542767}, "spectral_energyband_middle_high": {"dmean": 0.00119551899843, "dmean2": 0.00178645947017, "dvar": 7.14019824954e-06, "dvar2": 1.60769268405e-05, "max": 0.061146594584, "mean": 0.0027390064206, "median": 0.00194848119281, "min": 1.08445589641e-21, "var": 1.27456478367e-05}, "spectral_energyband_middle_low": {"dmean": 0.00923368986696, "dmean2": 0.0149097414687, "dvar": 0.000830319477245, "dvar2": 0.0021347112488, "max": 0.5123873353, "mean": 0.019771527499, "median": 0.0155314551666, "min": 1.43515545977e-22, "var": 0.000797733082436}, "spectral_entropy": {"dmean": 0.181619390845, "dmean2": 0.269376307726, "dvar": 0.0390783920884, "dvar2": 0.0827751085162, "max": 9.82309532166, "mean": 7.31185293198, "median": 7.2531042099, "min": 5.83997917175, "var": 0.374208033085}, "spectral_flux": {"dmean": 0.0304407663643, "dmean2": 0.0478442981839, "dvar": 0.00473959138617, "dvar2": 0.00966542772949, "max": 0.849461257458, "mean": 0.0707664564252, "median": 0.0512363091111, "min": 6.23743279249e-11, "var": 0.00704852910712}, "spectral_kurtosis": {"dmean": 2.17254424095, "dmean2": 3.56259822845, "dvar": 7.10984373093, "dvar2": 18.3975696564, "max": 45.3288612366, "mean": 5.53721618652, "median": 4.59236955643, "min": -1.26746273041, "var": 17.0349617004}, "spectral_rms": {"dmean": 0.00104312202893, "dmean2": 0.00162094528787, "dvar": 5.14512430527e-06, "dvar2": 1.2823443285e-05, "max": 0.0274379234761, "mean": 0.0044068028219, "median": 0.00457438826561, "min": 3.09736394519e-12, "var": 8.65814035933e-06}, "spectral_rolloff": {"dmean": 338.939666748, "dmean2": 568.393981934, "dvar": 565694.1875, "dvar2": 1342548.625, "max": 19702.8808594, "mean": 1518.82397461, "median": 667.529296875, "min": 86.1328125, "var": 8860146}, "spectral_skewness": {"dmean": 0.260314017534, "dmean2": 0.406103849411, "dvar": 0.0745137706399, "dvar2": 0.179958194494, "max": 5.49951696396, "mean": 1.66786825657, "median": 1.63490724564, "min": -0.0857560038567, "var": 0.333715826273}, "spectral_spread": {"dmean": 577364.4375, "dmean2": 801111.6875, "dvar": 777763160064, "dvar2": 1322167697410.0, "max": 43428440, "mean": 5160677.5, "median": 3716449.25, "min": 1135461.625, "var": 35373384204300.0}, "spectral_strongpeak": {"dmean": 0.420105397701, "dmean2": 0.703698277473, "dvar": 0.422950536013, "dvar2": 1.01644349098, "max": 14.1244049072, "mean": 0.997578382492, "median": 0.793762564659, "min": 0, "var": 0.903871715069}, "zerocrossingrate": {"dmean": 0.00829038955271, "dmean2": 0.0102362064645, "dvar": 0.00014470035967, "dvar2": 0.000243165472057, "max": 0.53369140625, "mean": 0.0613562464714, "median": 0.0419921875, "min": 0.0048828125, "var": 0.00585410231724}, "barkbands": {"dmean": [0.000313426251523, 0.00515033630654, 0.0025383757893, 0.00195745029487, 0.00516173429787, 0.00279482756741, 0.000472254498163, 0.000499627145473, 0.000359754194506, 0.000290381984087, 0.000194773791009, 0.000265511538601, 0.00022270680347, 0.000123984355014, 0.000193391300854, 0.000136844537337, 9.97548850137e-05, 0.000107697931526, 9.37314543989e-05, 8.6852167442e-05, 6.14106902503e-05, 6.04819542787e-05, 4.06218059652e-05, 3.9772989112e-05, 5.29050084879e-05, 2.49449149123e-05, 5.56546956432e-06], "dmean2": [0.000541281828191, 0.00968282949179, 0.00453053414822, 0.00339426426217, 0.00845258310437, 0.0046273926273, 0.000742566480767, 0.000772839935962, 0.000525562325493, 0.000437578826677, 0.000306740810629, 0.000398125499487, 0.000341094942996, 0.000192564752069, 0.00030529050855, 0.00021467966144, 0.000163444667123, 0.000169623875991, 0.000153126107762, 0.000142479184433, 0.000100257202575, 9.81786943157e-05, 6.51377995382e-05, 6.41007718514e-05, 8.4581777628e-05, 4.04028687626e-05, 9.27231485548e-06], "dvar": [3.8755379137e-06, 0.00121852499433, 0.000124573794892, 3.25159489876e-05, 0.000554643280338, 2.74426747637e-05, 1.10637938633e-06, 3.24130724039e-06, 1.45389640238e-06, 1.14467911771e-06, 3.91397577459e-07, 9.60044189924e-07, 6.92923833867e-07, 1.33210491526e-07, 2.98581767311e-07, 1.54764904892e-07, 7.65989227602e-08, 3.27815456558e-07, 7.35282625897e-08, 4.7277286086e-08, 2.66157176299e-08, 4.32238032033e-08, 2.9043473404e-08, 2.99936466774e-08, 6.62446026922e-08, 1.72404988064e-08, 1.02322572637e-09], "dvar2": [9.96522339847e-06, 0.00354293407872, 0.000360850332072, 8.85838962859e-05, 0.00144294381607, 8.67987619131e-05, 2.71092471849e-06, 7.67586880102e-06, 2.66531742454e-06, 2.74043350146e-06, 9.19998967674e-07, 2.03430477086e-06, 1.40325528264e-06, 3.10384479008e-07, 6.91907303008e-07, 3.67464963347e-07, 1.83986017532e-07, 7.49678690681e-07, 1.94526322161e-07, 1.20490710742e-07, 6.6657200648e-08, 1.12302394939e-07, 7.47927870748e-08, 7.7900899953e-08, 1.72322785374e-07, 4.52240627169e-08, 2.62124189021e-09], "max": [0.0314545743167, 0.516302227974, 0.232301712036, 0.102677300572, 0.438920795918, 0.103613823652, 0.0304968692362, 0.0785214081407, 0.0650090649724, 0.0285876393318, 0.0190010070801, 0.0406455434859, 0.0464503876865, 0.0143609857187, 0.0272817909718, 0.0140699353069, 0.00650641834363, 0.0224499870092, 0.00669906800613, 0.00267242407426, 0.00274760345928, 0.00498568639159, 0.00385111826472, 0.0043287044391, 0.00669676810503, 0.00366883608513, 0.000805448216852], "mean": [0.000219139357796, 0.00309172878042, 0.00265160296112, 0.00217870832421, 0.00700698187575, 0.00754737621173, 0.00109950057231, 0.00107370957267, 0.000615961500444, 0.000490001402795, 0.000281082320726, 0.000387714913813, 0.000413287489209, 0.00024680342176, 0.00033773080213, 0.000215061867493, 0.000143489596667, 0.000153834582306, 0.000137781738886, 0.000119427524623, 8.85240515345e-05, 7.82271963544e-05, 5.2064366173e-05, 5.29642420588e-05, 6.42240556772e-05, 2.80159601971e-05, 5.00005353388e-06], "median": [3.50346681444e-06, 0.000117948453408, 0.000864437082782, 0.00059938756749, 0.0021805036813, 0.00470683071762, 0.000655707030091, 0.000386716099456, 0.000228056305787, 0.000106923456769, 0.000106055056676, 7.16826471034e-05, 0.000151359417941, 9.40184763749e-05, 0.000139581898111, 7.04476115061e-05, 6.21382641839e-05, 5.10812242283e-05, 5.7562643633e-05, 4.80945163872e-05, 3.59832156391e-05, 1.43104116432e-05, 5.93808272242e-06, 3.76798720936e-06, 2.64676782535e-06, 1.07428468255e-06, 5.88201594098e-08], "min": [4.81409417855e-25, 3.51621263911e-25, 4.22704312137e-25, 9.27328673838e-25, 9.77954098532e-24, 2.98815639682e-24, 7.35649870581e-24, 9.49458628256e-24, 9.26178001879e-24, 7.1680611348e-24, 8.2221078885e-24, 2.79677759736e-23, 1.74869794532e-23, 2.98834016196e-23, 2.63183924608e-23, 4.74357303102e-23, 4.80745688039e-23, 8.13921438458e-23, 1.14183867364e-22, 1.42038167274e-22, 2.38807179159e-22, 2.53341909783e-22, 3.61755985378e-22, 4.93375168116e-22, 8.63806679698e-22, 1.19152438987e-21, 1.85115407635e-21], "var": [2.80853896584e-06, 0.00066796579631, 7.6198244642e-05, 2.89460585918e-05, 0.0004355754063, 7.59095491958e-05, 2.22193853006e-06, 6.76350646245e-06, 4.00109320253e-06, 1.84848556728e-06, 4.68949735932e-07, 1.70647888353e-06, 1.07857988496e-06, 2.22718441023e-07, 7.65667550695e-07, 2.09014530128e-07, 9.88934516499e-08, 4.54896195379e-07, 7.27330586869e-08, 5.58400543582e-08, 3.20834736556e-08, 4.45233290236e-08, 2.88505681567e-08, 3.24585549549e-08, 6.25122069664e-08, 1.42734819519e-08, 8.18460910157e-10]}, "erbbands": {"dmean": [0.124128423631, 1.22238087654, 2.96099591255, 5.08809995651, 12.9301176071, 17.1006736755, 17.3027210236, 24.6211547852, 8.10268783569, 9.12368011475, 10.2448816299, 9.1614408493, 8.2248878479, 7.35034704208, 8.98229503632, 11.7002124786, 10.2640151978, 7.18518733978, 8.10305118561, 9.15153312683, 6.06920194626, 5.20264959335, 5.63974523544, 4.62202787399, 4.99615716934, 4.08157682419, 2.58689117432, 2.61599206924, 2.00954055786, 1.69671809673, 1.1135481596, 0.939666390419, 0.684584498405, 0.675553917885, 0.302434593439, 0.14338517189, 0.038638882339, 0.00527390744537, 0.000826960487757, 0.000106939267425], "dmean2": [0.232424020767, 2.29989719391, 5.37921285629, 8.67327213287, 21.8622322083, 27.949136734, 27.5179252625, 41.7256240845, 12.2543182373, 15.0343523026, 15.5749855042, 13.260008812, 12.3038654327, 11.2536182404, 13.8311309814, 17.4048500061, 15.3246898651, 11.1149969101, 12.9321613312, 14.1243925095, 9.44102287292, 8.3317565918, 8.8488740921, 7.62669706345, 8.07312583923, 6.7320933342, 4.2058095932, 4.26895141602, 3.26843643188, 2.70310401917, 1.78596615791, 1.51436901093, 1.11388123035, 1.08112585545, 0.488923221827, 0.230066269636, 0.0637463778257, 0.00881672278047, 0.00140423025005, 0.000176279805601], "dvar": [0.750205755234, 67.0273132324, 232.364151001, 183.681060791, 3826.75805664, 6332.45703125, 972.389587402, 2494.93652344, 254.642074585, 387.265075684, 2106.21557617, 1084.77783203, 1109.02832031, 783.762207031, 851.205932617, 2137.96362305, 1458.38989258, 420.578704834, 480.348510742, 774.108520508, 329.636138916, 275.409484863, 897.961791992, 274.012084961, 165.245254517, 109.383979797, 45.1761207581, 53.0109291077, 53.1206016541, 38.3677597046, 18.6831474304, 14.3269872665, 10.8720417023, 12.9080162048, 1.77352261543, 0.542605400085, 0.0360354296863, 0.000717372691724, 2.30772475334e-05, 2.95663198813e-07], "dvar2": [2.16935324669, 195.066879272, 675.42980957, 498.859832764, 9971.75878906, 16568.5664062, 2451.1081543, 8427.53808594, 563.918884277, 988.340576172, 4861.32910156, 1922.21154785, 2712.92260742, 1834.64538574, 1893.99450684, 4524.94287109, 3046.25537109, 984.283752441, 1268.23278809, 1500.95214844, 780.955444336, 660.89440918, 2066.57714844, 684.775390625, 416.472686768, 283.383911133, 114.113258362, 132.847793579, 140.87336731, 97.214263916, 47.487197876, 36.8284378052, 28.886428833, 33.5772399902, 4.5924448967, 1.42178356647, 0.09469268471, 0.00188801076729, 5.9685899032e-05, 7.57698444431e-07], "max": [15.8574047089, 126.768188477, 306.517333984, 171.914093018, 1164.8996582, 1414.92675781, 432.42098999, 1016.99822998, 305.439788818, 459.355316162, 2181.80249023, 1787.57653809, 1056.25878906, 857.88671875, 966.859130859, 2070.14550781, 2246.69482422, 593.449462891, 955.277160645, 1767.57617188, 629.455993652, 467.809631348, 1202.54589844, 380.009338379, 252.66506958, 145.964950562, 113.706977844, 109.991043091, 195.188949585, 121.183456421, 99.7000198364, 79.7276229858, 92.6261367798, 95.0473251343, 34.7253227234, 21.5724067688, 4.36806869507, 0.543017208576, 0.128034695983, 0.0138333020732], "mean": [0.0733192414045, 0.757447719574, 2.61843156815, 6.20840358734, 13.3327121735, 24.7726554871, 42.2768363953, 64.761932373, 23.541009903, 18.0496368408, 21.5299720764, 16.7231216431, 15.4178066254, 10.9676523209, 13.6255016327, 18.5148429871, 20.1565322876, 14.819311142, 14.562458992, 17.2444858551, 9.43536281586, 8.00326728821, 8.69005393982, 6.46017408371, 7.64846992493, 5.73158311844, 3.8354883194, 3.56500911713, 2.6533665657, 2.17442131042, 1.4326210022, 1.22802710533, 0.874606609344, 0.792871832848, 0.374743580818, 0.167251288891, 0.043038405478, 0.00567036075518, 0.000722171913367, 0.000112413879833], "median": [0.00160525855608, 0.0527156144381, 0.737196803093, 2.31031847, 2.75696802139, 7.57659244537, 25.435842514, 38.8311004639, 16.3854198456, 10.3022670746, 6.27551746368, 6.37808799744, 4.35014820099, 3.42246866226, 5.40825653076, 5.14557123184, 8.32200813293, 6.71032905579, 7.16801214218, 8.21273231506, 4.25276660919, 3.54662227631, 3.28854846954, 2.5949344635, 2.88024926186, 2.41576051712, 1.68312931061, 1.24008321762, 0.518975138664, 0.290814697742, 0.1692879498, 0.0992134064436, 0.0529412776232, 0.0357856675982, 0.016275158152, 0.00557351252064, 0.00172486249357, 0.000298632949125, 2.09662521229e-05, 2.830059384e-05], "min": [4.47051640174e-23, 3.43289067131e-22, 1.4151959662e-21, 5.27297146295e-21, 1.70258472391e-20, 3.1863136136e-20, 4.02307465786e-20, 5.19675508978e-20, 6.81952253913e-20, 1.67078386219e-19, 2.79563937685e-19, 3.22524260731e-19, 2.75581812668e-19, 6.30758614489e-19, 7.21080792019e-19, 1.00948325795e-18, 1.57889484949e-18, 1.87133090657e-18, 2.37951944886e-18, 3.03103109434e-18, 3.51544150273e-18, 3.37257334888e-18, 4.90696112512e-18, 5.45795977962e-18, 6.30184737259e-18, 7.33011890078e-18, 9.19546908473e-18, 9.26563054429e-18, 9.97732847152e-18, 1.06701724711e-17, 1.0773640358e-17, 9.90808518245e-18, 9.04437213814e-18, 8.04167372577e-18, 6.19587602355e-18, 4.24745043632e-18, 2.29778924805e-18, 8.57235961616e-19, 2.46465908136e-19, 2.71995629283e-20], "var": [0.418573856354, 36.6183738708, 132.61541748, 162.071914673, 2864.89282227, 5102.03515625, 2670.86743164, 6168.34570312, 812.852233887, 647.211364746, 4524.16259766, 3137.89086914, 1728.51843262, 1028.77099609, 1140.73376465, 3634.58496094, 2197.41894531, 756.47869873, 676.370605469, 2288.3269043, 408.640167236, 353.804290771, 1259.93981934, 272.120452881, 205.895294189, 125.083335876, 54.212059021, 59.8661575317, 54.4761734009, 40.9752540588, 19.6209983826, 15.1778917313, 10.8261833191, 11.9469175339, 1.72444081306, 0.469563245773, 0.0298288669437, 0.000577556085773, 1.79073922482e-05, 2.39533278545e-07]}, "gfcc": {"mean": [-73.7823791504, 99.3475570679, -118.664932251, 20.2405147552, -62.8766365051, -6.94777488708, -46.9831771851, -7.27304410934, -28.9567909241, 4.86556100845, -14.8674297333, -2.60492634773, -10.4381093979], "cov": [[40361.4023438, 3206.66235352, -1989.97070312, 986.997253418, -1810.70397949, -84.9433746338, -1852.37731934, -539.922058105, -1220.78735352, -50.0924377441, -556.472717285, -259.650939941, -394.982940674], [3206.66235352, 1765.8770752, -584.218444824, 51.7725334167, 97.3046569824, -320.61605835, -120.153923035, -218.245559692, -66.239730835, -138.827667236, 47.3979530334, -146.651351929, 2.8969783783], [-1989.97070312, -584.218444824, 1254.65734863, 26.3406524658, 34.9041366577, 144.02645874, 30.6021995544, 34.4702682495, 66.3533096313, -10.806265831, 18.4808921814, 2.84027051926, -12.6078824997], [986.997253418, 51.7725334167, 26.3406524658, 260.577728271, 23.8222293854, -2.29730272293, -22.1956424713, 4.77036905289, -29.0362205505, 8.05806255341, -3.84859800339, -17.7777900696, -28.211807251], [-1810.70397949, 97.3046569824, 34.9041366577, 23.8222293854, 341.485626221, -5.66874313354, 111.729187012, -23.0903644562, 54.1400184631, -9.8944311142, 57.7835502625, -11.9405975342, 32.3743362427], [-84.9433746338, -320.61605835, 144.02645874, -2.29730272293, -5.66874313354, 261.913635254, 77.6077270508, 67.5841293335, 6.65919399261, 23.2673206329, -25.7381381989, 32.6134185791, -8.76208591461], [-1852.37731934, -120.153923035, 30.6021995544, -22.1956424713, 111.729187012, 77.6077270508, 279.061096191, 97.6717147827, 74.2094573975, -11.7826890945, 5.43635082245, 20.7678394318, 17.8953704834], [-539.922058105, -218.245559692, 34.4702682495, 4.77036905289, -23.0903644562, 67.5841293335, 97.6717147827, 179.881942749, 53.0600471497, 11.4851427078, -23.7905540466, 30.5197734833, -10.0277748108], [-1220.78735352, -66.239730835, 66.3533096313, -29.0362205505, 54.1400184631, 6.65919399261, 74.2094573975, 53.0600471497, 135.820037842, 17.2099685669, 7.67873907089, 4.51888847351, 18.1722183228], [-50.0924377441, -138.827667236, -10.806265831, 8.05806255341, -9.8944311142, 23.2673206329, -11.7826890945, 11.4851427078, 17.2099685669, 106.577850342, 16.7954654694, 16.7282047272, 1.81603848934], [-556.472717285, 47.3979530334, 18.4808921814, -3.84859800339, 57.7835502625, -25.7381381989, 5.43635082245, -23.7905540466, 7.67873907089, 16.7954654694, 96.3180007935, 17.2337417603, 7.68319654465], [-259.650939941, -146.651351929, 2.84027051926, -17.7777900696, -11.9405975342, 32.6134185791, 20.7678394318, 30.5197734833, 4.51888847351, 16.7282047272, 17.2337417603, 86.1063461304, 29.3334903717], [-394.982940674, 2.8969783783, -12.6078824997, -28.211807251, 32.3743362427, -8.76208591461, 17.8953704834, -10.0277748108, 18.1722183228, 1.81603848934, 7.68319654465, 29.3334903717, 84.4367675781]], "icov": [[0.000103734775621, -0.000246515875915, 4.81650640722e-05, -0.000291460310109, 0.000339404155966, -0.000326896901242, 0.000418533832999, -7.32718326617e-05, 0.000403804006055, -0.000191050305148, 0.000390859524487, -0.000162512937095, 8.01589485491e-05], [-0.000246515875915, 0.00176351517439, 0.000379720382625, 0.0004053399025, -0.000863265013322, 0.00135824433528, -0.000903392094187, 0.000828267075121, -0.00112563360017, 0.00179379095789, -0.00172519579064, 0.00186353153549, -0.000546514114831], [4.81650640722e-05, 0.000379720382625, 0.00114243943244, -0.000408503052313, 0.000147775339428, -0.000564524787478, 0.000463243137347, 0.0002842679678, -0.000522986927535, 0.000891621108167, -0.000571109587327, 0.000666983018164, -1.96452765522e-05], [-0.000291460310109, 0.0004053399025, -0.000408503052313, 0.00520395394415, -0.00180550804362, 0.00100929883774, -0.000760046183132, -0.000788867939264, 0.000226107149501, -0.000495462212712, -0.000509911333211, 0.000585724599659, 0.000969722052105], [0.000339404155966, -0.000863265013322, 0.000147775339428, -0.00180550804362, 0.00565551081672, -0.00130106706638, -0.000561561028007, 0.00112952385098, 6.34762036498e-05, -0.000126052764244, -0.00118464941625, 0.000860260333866, -0.00121615792159], [-0.000326896901242, 0.00135824433528, -0.000564524787478, 0.00100929883774, -0.00130106706638, 0.00669644586742, -0.00269774813205, -0.000230179342907, -7.24496785551e-05, -0.000331549963448, 0.000387339183362, -0.000653874361888, 0.000629954331089], [0.000418533832999, -0.000903392094187, 0.000463243137347, -0.000760046183132, -0.000561561028007, -0.00269774813205, 0.00799719896168, -0.00312621076591, 2.72536617558e-05, 0.000803223287221, 0.00112468842417, -0.000628472538665, -0.000233906292124], [-7.32718326617e-05, 0.000828267075121, 0.0002842679678, -0.000788867939264, 0.00112952385098, -0.000230179342907, -0.00312621076591, 0.0100093567744, -0.00358228734694, 0.000572203018237, 0.00144729926251, -0.00253172940575, 0.00230851350352], [0.000403804006055, -0.00112563360017, -0.000522986927535, 0.000226107149501, 6.34762036498e-05, -7.24496785551e-05, 2.72536617558e-05, -0.00358228734694, 0.0126322936267, -0.00333913904615, 0.00159952265676, 0.000887802278157, -0.00163889164105], [-0.000191050305148, 0.00179379095789, 0.000891621108167, -0.000495462212712, -0.000126052764244, -0.000331549963448, 0.000803223287221, 0.000572203018237, -0.00333913904615, 0.0129363713786, -0.00417387764901, 0.000729756779037, -0.000509325996973], [0.000390859524487, -0.00172519579064, -0.000571109587327, -0.000509911333211, -0.00118464941625, 0.000387339183362, 0.00112468842417, 0.00144729926251, 0.00159952265676, -0.00417387764901, 0.016216551885, -0.00632037688047, 0.002525488846], [-0.000162512937095, 0.00186353153549, 0.000666983018164, 0.000585724599659, 0.000860260333866, -0.000653874361888, -0.000628472538665, -0.00253172940575, 0.000887802278157, 0.000729756779037, -0.00632037688047, 0.0194362476468, -0.00747785903513], [8.01589485491e-05, -0.000546514114831, -1.96452765522e-05, 0.000969722052105, -0.00121615792159, 0.000629954331089, -0.000233906292124, 0.00230851350352, -0.00163889164105, -0.000509325996973, 0.002525488846, -0.00747785903513, 0.0161450617015]]}, "melbands": {"dmean": [0.00129624467809, 0.00161733967252, 0.00100734119769, 0.0012424843153, 0.000594097014982, 0.000535358558409, 0.000111377456051, 9.97847819235e-05, 8.26231698738e-05, 5.3051575378e-05, 4.05954233429e-05, 3.04736222461e-05, 2.76357222901e-05, 3.20037797792e-05, 2.59132320934e-05, 2.01537040994e-05, 1.36101007229e-05, 1.25817387016e-05, 1.28313058667e-05, 1.29904074129e-05, 6.58210956317e-06, 5.56837949262e-06, 6.33286890661e-06, 5.08826497025e-06, 3.75866216018e-06, 3.38444488079e-06, 3.71438841285e-06, 2.59986290985e-06, 1.76442074462e-06, 1.58685963925e-06, 1.54921826834e-06, 1.2472353319e-06, 1.06140873868e-06, 8.81911148554e-07, 6.04709384788e-07, 6.94992763783e-07, 5.58566227937e-07, 4.7184170171e-07, 5.8320097196e-07, 5.60571436381e-07], "dmean2": [0.00241853273474, 0.00298102921806, 0.00171996490099, 0.00207846937701, 0.000933779287152, 0.00089730398031, 0.00016733983648, 0.000163306904142, 0.000125418970129, 7.70781043684e-05, 6.09071284998e-05, 4.66314268124e-05, 4.319485015e-05, 4.80361995869e-05, 3.81458412448e-05, 3.08377566398e-05, 2.1303714675e-05, 2.01137590921e-05, 1.9958077246e-05, 2.00191025215e-05, 1.03983384179e-05, 9.127345038e-06, 9.785747352e-06, 8.27317307994e-06, 6.27892950433e-06, 5.48702519154e-06, 6.09719700151e-06, 4.30843510912e-06, 2.89608124149e-06, 2.59302305494e-06, 2.55841837316e-06, 2.04812226912e-06, 1.71088902334e-06, 1.41510031426e-06, 9.77794456958e-07, 1.13715896077e-06, 9.02696683625e-07, 7.78774619903e-07, 9.43003385601e-07, 8.99730139281e-07], "dvar": [7.8179378761e-05, 8.50595533848e-05, 9.05111937755e-06, 4.13367451984e-05, 1.23482618619e-06, 1.09514928681e-06, 5.23479428693e-08, 4.9904983257e-08, 1.23920116835e-07, 3.47208590767e-08, 2.76266138854e-08, 1.45925946882e-08, 7.23868343044e-09, 1.30886999017e-08, 1.04449675575e-08, 4.4316319503e-09, 1.80004589012e-09, 1.15409293233e-09, 1.80131598526e-09, 1.23881804814e-09, 5.18415921302e-10, 2.91709184586e-10, 1.37633160424e-09, 3.63384128343e-10, 2.001794841e-10, 8.62318619288e-11, 8.51167886173e-11, 4.51685737424e-11, 2.24089288792e-11, 1.77663873197e-11, 2.02205786837e-11, 2.13672447791e-11, 1.29185672576e-11, 1.12430047911e-11, 5.18592157064e-12, 8.71923540313e-12, 5.13282905762e-12, 5.60999120422e-12, 7.6302306487e-12, 9.74924047742e-12], "dvar2": [0.000225679832511, 0.000247028918238, 2.42650494329e-05, 0.000107774823846, 3.08014091388e-06, 3.63561548511e-06, 1.16337723455e-07, 1.27381113657e-07, 2.78112850083e-07, 6.44074802381e-08, 6.76957512269e-08, 3.37235448455e-08, 1.66706364269e-08, 2.81825567328e-08, 2.04492636158e-08, 8.82502160238e-09, 4.34462155141e-09, 2.92137580793e-09, 3.86671450414e-09, 2.77884337763e-09, 1.23441523669e-09, 7.24052429124e-10, 3.053537867e-09, 8.3298218323e-10, 5.04585595529e-10, 2.18252707573e-10, 2.18005599684e-10, 1.1597391103e-10, 5.67599370283e-11, 4.30347077418e-11, 5.10007105992e-11, 5.73909877954e-11, 3.30414515193e-11, 2.86225401019e-11, 1.32306735012e-11, 2.25953630806e-11, 1.33041772044e-11, 1.50672217758e-11, 2.00522810162e-11, 2.53911145581e-11], "max": [0.145801976323, 0.166313990951, 0.0446632504463, 0.118687435985, 0.0198490545154, 0.0213333033025, 0.00486529665068, 0.00597368599847, 0.0168981738389, 0.00959014426917, 0.00526540540159, 0.00341382110491, 0.00259536108933, 0.00356527860276, 0.00491436524317, 0.0027044499293, 0.00140055571683, 0.00128352234606, 0.00238065980375, 0.00142496987246, 0.00077809614595, 0.000366251653759, 0.00146329391282, 0.000655287236441, 0.000329903617967, 0.000210807076655, 0.000129986889078, 0.000109057611553, 9.5305054856e-05, 0.000100154800748, 7.76569140726e-05, 0.000126787475892, 7.18481896911e-05, 6.72153764754e-05, 5.66210546822e-05, 6.87673891662e-05, 4.80136695842e-05, 6.90036613378e-05, 6.37120101601e-05, 8.5924679297e-05], "mean": [0.000777344277594, 0.00129661837127, 0.00120399112348, 0.0014317111345, 0.00149257585872, 0.00144323392306, 0.000312895106617, 0.00019894207071, 0.000170304178027, 9.3841132184e-05, 7.44713033782e-05, 4.34057183156e-05, 4.05661412515e-05, 4.56232228316e-05, 4.80640846945e-05, 3.76495663659e-05, 2.66717743216e-05, 2.14514911931e-05, 2.33470491366e-05, 2.19080793613e-05, 8.63020068209e-06, 7.9607589214e-06, 9.18646310311e-06, 7.07719709681e-06, 4.8637261898e-06, 4.94113101013e-06, 5.22899154021e-06, 3.49635615748e-06, 2.4984844913e-06, 2.18082823267e-06, 1.97324334295e-06, 1.53941130066e-06, 1.36933135764e-06, 1.09573738882e-06, 7.70431086039e-07, 8.47320393405e-07, 7.20865614312e-07, 5.80590437949e-07, 7.0202253255e-07, 6.38623134819e-07], "median": [2.22040143854e-05, 0.000298702914733, 0.000412527413573, 0.000359624391422, 0.00087752728723, 0.000897009042092, 0.000199743866688, 0.000102784004412, 4.72300816909e-05, 3.57306344085e-05, 1.91188955796e-05, 1.10421515274e-05, 1.58016937348e-05, 1.16279597933e-05, 1.50417999976e-05, 1.32069635583e-05, 9.55363884714e-06, 1.06365932879e-05, 9.37756612984e-06, 7.82127244747e-06, 3.29220574713e-06, 3.1705553738e-06, 2.84805446427e-06, 2.58375052908e-06, 1.68875499185e-06, 1.71771341684e-06, 1.97101689992e-06, 1.41326336234e-06, 1.03865068013e-06, 8.88887939254e-07, 5.76903573801e-07, 2.79749940546e-07, 2.03670595056e-07, 1.26986520854e-07, 9.54292573851e-08, 8.27920842994e-08, 4.99284418254e-08, 3.42599371095e-08, 3.45822641634e-08, 2.75435318997e-08], "min": [7.29044984741e-25, 9.14096616837e-25, 1.17448826177e-24, 1.51074613908e-24, 1.8152024695e-24, 1.14101432977e-24, 1.09589099295e-24, 1.35069276952e-24, 1.64596084254e-24, 1.44960399551e-24, 8.61821565661e-25, 2.52393443384e-24, 1.52864450555e-24, 2.5506789879e-24, 2.14560206851e-24, 2.63690365421e-24, 2.64012378442e-24, 3.12762306055e-24, 2.59286332481e-24, 2.99695357642e-24, 3.22141448067e-24, 2.97292940919e-24, 3.94035193854e-24, 3.73517276697e-24, 4.05266679878e-24, 3.1588126486e-24, 3.75034571762e-24, 3.72732596754e-24, 4.97211849927e-24, 4.45735796519e-24, 3.95769701769e-24, 4.32784475392e-24, 3.81810926381e-24, 4.83676298413e-24, 5.85566480122e-24, 4.62281877904e-24, 5.14917793501e-24, 5.99889433147e-24, 5.77845937886e-24, 6.19477717171e-24], "var": [4.37680064351e-05, 4.76172099297e-05, 7.54257143853e-06, 3.05010016746e-05, 3.5002419736e-06, 2.86510271508e-06, 1.58931243277e-07, 8.9418172422e-08, 2.89842660095e-07, 9.17248925703e-08, 4.33602629357e-08, 1.95329175057e-08, 9.08741082384e-09, 2.23219682738e-08, 1.76872259061e-08, 7.83598874676e-09, 2.96169133662e-09, 1.55728252516e-09, 5.38350342083e-09, 2.05738226455e-09, 5.57932422485e-10, 3.40852512881e-10, 2.12716733117e-09, 4.38404618164e-10, 1.90808813194e-10, 9.79455475059e-11, 1.03206929114e-10, 5.28858380699e-11, 2.64681766088e-11, 2.19566777954e-11, 2.1823164803e-11, 2.02718206804e-11, 1.45433890625e-11, 1.16490376373e-11, 5.60400857663e-12, 8.21967407333e-12, 5.515679493e-12, 5.18839832209e-12, 7.65947114761e-12, 8.7051676631e-12]}, "mfcc": {"mean": [-700.063415527, 131.308486938, -5.09065389633, 23.1466960907, -4.31416368484, -1.00652074814, -10.0772762299, -15.9355592728, -11.1776342392, -6.19199752808, -6.30078744888, -3.46885108948, -2.15571022034], "cov": [[14072.0195312, 2225.98583984, 785.817871094, 695.733398438, 322.353088379, 228.65145874, -112.066078186, -388.973358154, -449.172943115, -232.173355103, -172.764923096, -339.932220459, -251.714752197], [2225.98583984, 1817.99731445, -343.765014648, 314.724060059, 47.9744987488, -34.3451461792, -76.9402542114, -146.180862427, -164.440124512, -71.8757400513, -62.5349693298, -79.4342346191, -91.8408355713], [785.817871094, -343.765014648, 869.914611816, -74.854637146, 58.6128005981, 24.4910106659, -31.8828353882, 16.3689041138, -11.1013412476, 5.54239034653, 31.9824028015, -29.9144973755, -29.8288421631], [695.733398438, 314.724060059, -74.854637146, 330.045654297, 55.8066101074, -8.83987140656, -0.191431507468, -47.7841033936, -45.97605896, -9.31116008759, 0.333659082651, -6.34972810745, -26.0862846375], [322.353088379, 47.9744987488, 58.6128005981, 55.8066101074, 183.399887085, 41.6684989929, -4.60742664337, -36.5043678284, -42.2152290344, -2.21481156349, 3.09860754013, -14.0313167572, -5.26280784607], [228.65145874, -34.3451461792, 24.4910106659, -8.83987140656, 41.6684989929, 154.754760742, 50.3834877014, -2.34884166718, 8.14870357513, 1.1399461031, -0.481805473566, 0.864497601986, 11.1035575867], [-112.066078186, -76.9402542114, -31.8828353882, -0.191431507468, -4.60742664337, 50.3834877014, 142.595901489, 63.4195137024, 26.3287029266, 12.7929391861, 12.5963411331, 16.2893409729, 14.270152092], [-388.973358154, -146.180862427, 16.3689041138, -47.7841033936, -36.5043678284, -2.34884166718, 63.4195137024, 176.226028442, 90.1439743042, 18.5638332367, 17.7829093933, 28.0748176575, 18.3593273163], [-449.172943115, -164.440124512, -11.1013412476, -45.97605896, -42.2152290344, 8.14870357513, 26.3287029266, 90.1439743042, 169.228149414, 48.8601112366, 0.100541047752, 29.2911453247, 36.6225738525], [-232.173355103, -71.8757400513, 5.54239034653, -9.31116008759, -2.21481156349, 1.1399461031, 12.7929391861, 18.5638332367, 48.8601112366, 88.7461624146, 24.3733921051, 11.346280098, 12.6190757751], [-172.764923096, -62.5349693298, 31.9824028015, 0.333659082651, 3.09860754013, -0.481805473566, 12.5963411331, 17.7829093933, 0.100541047752, 24.3733921051, 82.9863586426, 36.1828460693, 0.132410243154], [-339.932220459, -79.4342346191, -29.9144973755, -6.34972810745, -14.0313167572, 0.864497601986, 16.2893409729, 28.0748176575, 29.2911453247, 11.346280098, 36.1828460693, 93.4023208618, 32.61536026], [-251.714752197, -91.8408355713, -29.8288421631, -26.0862846375, -5.26280784607, 11.1035575867, 14.270152092, 18.3593273163, 36.6225738525, 12.6190757751, 0.132410243154, 32.61536026, 78.6681671143]], "icov": [[0.000123873993289, -0.00013593226322, -0.000172143787495, -0.000150909574586, 6.15061935605e-07, -0.000191036684555, -2.66519036813e-05, 6.13145384705e-05, 5.51526027266e-05, 0.000119096344861, 9.8076328868e-05, 0.000181244904525, 1.97951048904e-05], [-0.00013593226322, 0.000962701160461, 0.000489281548653, -0.000441726384452, 2.96836387861e-05, 0.000134377885843, 0.000360019155778, -4.05781865993e-05, 0.000344304105965, -1.25273363665e-05, 0.000185621756827, 6.02713007538e-05, 0.000471612205729], [-0.000172143787495, 0.000489281548653, 0.00165159418248, 0.000342951709172, -0.000446243357146, -2.31408575928e-05, 0.000648067798465, -0.000435868481873, 8.87207497726e-05, -0.000101133693533, -0.000754110515118, 0.000382660859032, 0.000535481027327], [-0.000150909574586, -0.000441726384452, 0.000342951709172, 0.004175783135, -0.00116496672854, 0.000858043087646, -0.000812934187707, 0.000676256371662, -0.000208379744436, -0.000193181142095, -0.000355931115337, -0.000819596694782, 0.000775158929173], [6.15061935605e-07, 2.96836387861e-05, -0.000446243357146, -0.00116496672854, 0.00684565585107, -0.00203608418815, 0.000563189038076, 0.000226371979807, 0.00155835575424, -0.000753186352085, -0.00027753203176, 0.000681284989696, -0.000815162668005], [-0.000191036684555, 0.000134377885843, -2.31408575928e-05, 0.000858043087646, -0.00203608418815, 0.00872065871954, -0.00369324698113, 0.00171158660669, -0.00142472470179, 0.00063193240203, -8.43898524181e-05, -0.000158151000505, -0.000647615350317], [-2.66519036813e-05, 0.000360019155778, 0.000648067798465, -0.000812934187707, 0.000563189038076, -0.00369324698113, 0.0104794995859, -0.00430422509089, 0.00152548286133, -0.001100963098, -0.000393308553612, -5.91888674535e-05, -0.00053465354722], [6.13145384705e-05, -4.05781865993e-05, -0.000435868481873, 0.000676256371662, 0.000226371979807, 0.00171158660669, -0.00430422509089, 0.0102116679773, -0.00514422170818, 0.00194364471827, -0.00165932730306, -0.000406847451814, 0.000633453950286], [5.51526027266e-05, 0.000344304105965, 8.87207497726e-05, -0.000208379744436, 0.00155835575424, -0.00142472470179, 0.00152548286133, -0.00514422170818, 0.0116169648245, -0.00552998762578, 0.00342125189491, -0.00151948456187, -0.00212466344237], [0.000119096344861, -1.25273363665e-05, -0.000101133693533, -0.000193181142095, -0.000753186352085, 0.00063193240203, -0.001100963098, 0.00194364471827, -0.00552998762578, 0.0156902577728, -0.00547622749582, 0.00214863102883, -0.000953491195105], [9.8076328868e-05, 0.000185621756827, -0.000754110515118, -0.000355931115337, -0.00027753203176, -8.43898524181e-05, -0.000393308553612, -0.00165932730306, 0.00342125189491, -0.00547622749582, 0.0180606581271, -0.00768285337836, 0.00301909144036], [0.000181244904525, 6.02713007538e-05, 0.000382660859032, -0.000819596694782, 0.000681284989696, -0.000158151000505, -5.91888674535e-05, -0.000406847451814, -0.00151948456187, 0.00214863102883, -0.00768285337836, 0.0169985704124, -0.00597467087209], [1.97951048904e-05, 0.000471612205729, 0.000535481027327, 0.000775158929173, -0.000815162668005, -0.000647615350317, -0.00053465354722, 0.000633453950286, -0.00212466344237, -0.000953491195105, 0.00301909144036, -0.00597467087209, 0.0173856783658]]}, "spectral_contrast_coeffs": {"dmean": [0.0515933483839, 0.0413255654275, 0.0360402241349, 0.0288905091584, 0.0218110531569, 0.0190624371171], "dmean2": [0.0847811177373, 0.0693424493074, 0.0574329309165, 0.0458068028092, 0.0349444374442, 0.0294327922165], "dvar": [0.0018712671008, 0.00129817519337, 0.000939154357184, 0.000644488201942, 0.00039209521492, 0.000343478750437], "dvar2": [0.00465319352224, 0.00354493735358, 0.00225436966866, 0.00151449767873, 0.0008817325579, 0.000768557772972], "max": [-0.201003551483, -0.414754927158, -0.440416872501, -0.459568589926, -0.572348713875, -0.544183552265], "mean": [-0.584297716618, -0.684234797955, -0.759811460972, -0.76043176651, -0.794379174709, -0.76199388504], "median": [-0.564113438129, -0.672204732895, -0.760580003262, -0.754248678684, -0.794437885284, -0.763642609119], "min": [-0.981422007084, -0.995428681374, -0.977856516838, -0.975119769573, -0.971042990685, -0.964293420315], "var": [0.0164996813983, 0.0106340069324, 0.00554866390303, 0.00465099047869, 0.00276218657382, 0.00255632540211]}, "spectral_contrast_valleys": {"dmean": [0.517758727074, 0.330315649509, 0.330607622862, 0.285759747028, 0.279053837061, 0.346402853727], "dmean2": [0.830976963043, 0.529537379742, 0.518408954144, 0.445791453123, 0.416912436485, 0.459984004498], "dvar": [0.217364102602, 0.100328803062, 0.102508299053, 0.0972148105502, 0.122435718775, 0.