{"lowlevel": {"average_loudness": 0.73023211956, "barkbands_crest": {"dmean": 2.23941969872, "dmean2": 3.52991747856, "dvar": 5.95413637161, "dvar2": 14.7881412506, "max": 26.7344799042, "mean": 12.0772562027, "median": 11.4738502502, "min": 3.02846717834, "var": 20.5387592316}, "barkbands_flatness_db": {"dmean": 0.0297891609371, "dmean2": 0.0400715991855, "dvar": 0.000986804137938, "dvar2": 0.00189680606127, "max": 0.426761239767, "mean": 0.200704887509, "median": 0.199159681797, "min": 0.0270024891943, "var": 0.0040344055742}, "barkbands_kurtosis": {"dmean": 4.00029659271, "dmean2": 6.12649297714, "dvar": 90.3707351685, "dvar2": 225.819717407, "max": 550.72479248, "mean": 9.64901828766, "median": 5.3540058136, "min": -1.93224215508, "var": 704.775512695}, "barkbands_skewness": {"dmean": 0.536346256733, "dmean2": 0.778634727001, "dvar": 0.437303900719, "dvar2": 0.957954108715, "max": 20.2563972473, "mean": 2.05672216415, "median": 2.09198737144, "min": -5.1853928566, "var": 2.95989990234}, "barkbands_spread": {"dmean": 3.7464184761, "dmean2": 5.60218811035, "dvar": 34.4081382751, "dvar2": 83.8571624756, "max": 96.8821182251, "mean": 12.149723053, "median": 9.7655134201, "min": 0.21341098845, "var": 87.035697937}, "dissonance": {"dmean": 0.0231073275208, "dmean2": 0.0376220159233, "dvar": 0.00050206045853, "dvar2": 0.00125547498465, "max": 0.500000119209, "mean": 0.440829247236, "median": 0.448725789785, "min": 0.188367426395, "var": 0.00142752623651}, "dynamic_complexity": 4.84106349945, "erbbands_crest": {"dmean": 2.25614190102, "dmean2": 3.52498221397, "dvar": 6.34090948105, "dvar2": 14.7635402679, "max": 31.6785793304, "mean": 10.5134038925, "median": 9.48259067535, "min": 1.92037642002, "var": 22.1297931671}, "erbbands_flatness_db": {"dmean": 0.026857573539, "dmean2": 0.0353955924511, "dvar": 0.000876174424775, "dvar2": 0.00161705433857, "max": 0.413133352995, "mean": 0.220914244652, "median": 0.224577903748, "min": 0.0230767913163, "var": 0.00383993797004}, "erbbands_kurtosis": {"dmean": 1.15726709366, "dmean2": 1.76030004025, "dvar": 7.54287719727, "dvar2": 17.1640071869, "max": 181.634307861, "mean": 1.11325824261, "median": 0.11572098732, "min": -1.88133132458, "var": 16.0711803436}, "erbbands_skewness": {"dmean": 0.375923156738, "dmean2": 0.539873063564, "dvar": 0.198461651802, "dvar2": 0.40397337079, "max": 9.2614030838, "mean": 0.691514790058, "median": 0.67195057869, "min": -5.31241941452, "var": 1.00402617455}, "erbbands_spread": {"dmean": 6.53624868393, "dmean2": 9.41974830627, "dvar": 72.1167526245, "dvar2": 153.646881104, "max": 132.337493896, "mean": 29.4378204346, "median": 26.6947040558, "min": 0.628306031227, "var": 235.623641968}, "hfc": {"dmean": 4.20084381104, "dmean2": 5.88494491577, "dvar": 53.2116279602, "dvar2": 98.6780853271, "max": 123.24243927, "mean": 14.8502759933, "median": 8.64544868469, "min": 1.1528494283e-16, "var": 285.604156494}, "melbands_crest": {"dmean": 2.66840386391, "dmean2": 4.23313474655, "dvar": 8.11313247681, "dvar2": 20.6213531494, "max": 38.0826568604, "mean": 14.8873033524, "median": 14.1125087738, "min": 2.46895337105, "var": 27.6850280762}, "melbands_flatness_db": {"dmean": 0.0298971924931, "dmean2": 0.0397705771029, "dvar": 0.00110671552829, "dvar2": 0.00211705244146, "max": 0.565665066242, "mean": 0.266453415155, "median": 0.256915003061, "min": 0.010279905051, "var": 0.0059491363354}, "melbands_kurtosis": {"dmean": 6.06003332138, "dmean2": 9.25831890106, "dvar": 129.438476562, "dvar2": 309.043182373, "max": 553.383972168, "mean": 16.3527774811, "median": 11.954035759, "min": -1.8738284111, "var": 935.580627441}, "melbands_skewness": {"dmean": 0.597776412964, "dmean2": 0.873191058636, "dvar": 0.515257179737, "dvar2": 1.11391603947, "max": 17.1604328156, "mean": 2.7125852108, "median": 2.7770922184, "min": -2.6055226326, "var": 2.90167737007}, "melbands_spread": {"dmean": 4.6836514473, "dmean2": 6.80516862869, "dvar": 89.4162368774, "dvar2": 188.325836182, "max": 233.353134155, "mean": 15.3343305588, "median": 10.076341629, "min": 0.363023370504, "var": 234.432113647}, "pitch_salience": {"dmean": 0.0628517344594, "dmean2": 0.0993601232767, "dvar": 0.00448229257017, "dvar2": 0.0108452392742, "max": 0.901961863041, "mean": 0.569322288036, "median": 0.584349513054, "min": 0.0617917254567, "var": 0.0161033309996}, "silence_rate_20dB": {"dmean": 0, "dmean2": 0, "dvar": 0, "dvar2": 0, "max": 1, "mean": 1, "median": 1, "min": 1, "var": 0}, "silence_rate_30dB": {"dmean": 9.55566138146e-05, "dmean2": 0.000191122366232, "dvar": 9.554195276e-05, "dvar2": 0.00019106369291, "max": 1, "mean": 0.999856650829, "median": 1, "min": 0, "var": 0.000143295066664}, "silence_rate_60dB": {"dmean": 0.0458671748638, "dmean2": 0.0917387381196, "dvar": 0.0437531359494, "dvar2": 0.0938412472606, "max": 1, "mean": 0.178777888417, "median": 0, "min": 0, "var": 0.146822750568}, "spectral_centroid": {"dmean": 186.760528564, "dmean2": 259.72088623, "dvar": 79868.5234375, "dvar2": 145591.40625, "max": 11137.5527344, "mean": 961.116516113, "median": 753.989868164, "min": 137.836181641, "var": 392102.5}, "spectral_complexity": {"dmean": 2.69020533562, "dmean2": 3.8022840023, "dvar": 12.574051857, "dvar2": 22.126707077, "max": 47, "mean": 13.5800008774, "median": 13, "min": 0, "var": 69.2020797729}, "spectral_decrease": {"dmean": 1.21943422027e-09, "dmean2": 1.81088588569e-09, "dvar": 3.20633465438e-18, "dvar2": 6.67940031471e-18, "max": 2.91000431248e-29, "mean": -4.92536988972e-09, "median": -4.43669989636e-09, "min": -3.03764231546e-08, "var": 1.61475714087e-17}, "spectral_energy": {"dmean": 0.0049105733633, "dmean2": 0.00727096851915, "dvar": 5.19983404956e-05, "dvar2": 0.000107142623165, "max": 0.122576370835, "mean": 0.0199364442378, "median": 0.0177922528237, "min": 1.03468508922e-20, "var": 0.000266409449978}, "spectral_energyband_high": {"dmean": 0.000136183196446, "dmean2": 0.000197272544028, "dvar": 1.75909519839e-07, "dvar2": 3.40592180237e-07, "max": 0.0206851046532, "mean": 0.000216613829252, "median": 3.21517618431e-05, "min": 7.71641250534e-21, "var": 3.32686596494e-07}, "spectral_energyband_low": {"dmean": 0.00092265882995, "dmean2": 0.00148988561705, "dvar": 3.80215738005e-06, "dvar2": 1.01641344372e-05, "max": 0.0371309258044, "mean": 0.00215280568227, "median": 0.000813388905954, "min": 2.07513237443e-23, "var": 1.07892356027e-05}, "spectral_energyband_middle_high": {"dmean": 0.00155952619389, "dmean2": 0.00211082049645, "dvar": 9.64096398093e-06, "dvar2": 1.63583627e-05, "max": 0.0631631761789, "mean": 0.00519317854196, "median": 0.00158720836043, "min": 1.42657111327e-21, "var": 6.98048606864e-05}, "spectral_energyband_middle_low": {"dmean": 0.00377165409736, "dmean2": 0.00562195898965, "dvar": 3.57618373528e-05, "dvar2": 7.64055585023e-05, "max": 0.117087066174, "mean": 0.0129470024258, "median": 0.00862758886069, "min": 2.46624172263e-22, "var": 0.000174898013938}, "spectral_entropy": {"dmean": 0.254632472992, "dmean2": 0.347075372934, "dvar": 0.0835276991129, "dvar2": 0.165230959654, "max": 9.80510902405, "mean": 6.81407737732, "median": 6.84658527374, "min": 4.47650241852, "var": 0.347037345171}, "spectral_flux": {"dmean": 0.0217254925519, "dmean2": 0.0326155200601, "dvar": 0.00063849450089, "dvar2": 0.0013160102535, "max": 0.25563287735, "mean": 0.054508857429, "median": 0.0441782139242, "min": 1.01719473122e-10, "var": 0.00183962308802}, "spectral_kurtosis": {"dmean": 5.44620704651, "dmean2": 9.06251049042, "dvar": 52.6707611084, "dvar2": 125.619567871, "max": 156.690734863, "mean": 11.7299003601, "median": 8.16088676453, "min": -1.21728539467, "var": 152.400512695}, "spectral_rms": {"dmean": 0.000560193264391, "dmean2": 0.000795662403107, "dvar": 5.66148571579e-07, "dvar2": 1.02497756416e-06, "max": 0.0109355701134, "mean": 0.00391145376489, "median": 0.00416632881388, "min": 3.17718247544e-12, "var": 4.15084468841e-06}, "spectral_rolloff": {"dmean": 274.182128906, "dmean2": 446.555267334, "dvar": 410101.03125, "dvar2": 903129.4375, "max": 18863.0859375, "mean": 1015.54180908, "median": 581.396484375, "min": 21.533203125, "var": 906127.9375}, "spectral_skewness": {"dmean": 0.493761330843, "dmean2": 0.793635249138, "dvar": 0.27787643671, "dvar2": 0.642588853836, "max": 10.4048709869, "mean": 2.16762256622, "median": 1.93329322338, "min": -0.457487463951, "var": 1.12319910526}, "spectral_spread": {"dmean": 526895.4375, "dmean2": 743091.4375, "dvar": 446998413312, "dvar2": 771005284352, "max": 41795520, "mean": 3003992, "median": 2713851.5, "min": 575238.875, "var": 1699833446400.0}, "spectral_strongpeak": {"dmean": 0.46709856391, "dmean2": 0.767940163612, "dvar": 0.754946291447, "dvar2": 1.7125493288, "max": 13.8049240112, "mean": 1.26618778706, "median": 0.636272013187, "min": 0, "var": 2.94040584564}, "zerocrossingrate": {"dmean": 0.00703117996454, "dmean2": 0.00808756519109, "dvar": 0.000112315938168, "dvar2": 0.000138770323247, "max": 0.50146484375, "mean": 0.0393438823521, "median": 0.033203125, "min": 0.0009765625, "var": 0.000692622852512}, "barkbands": {"dmean": [3.80251949537e-05, 0.000288799201371, 0.000511986087076, 0.000423940917244, 0.00203794660047, 0.00117029785179, 0.000524441653397, 0.000383202015655, 0.000637942168396, 0.000327947782353, 0.000266150193056, 0.000308831833536, 0.000238152118982, 0.000331986258971, 0.000326245382894, 0.000224619638175, 0.000198743888177, 0.000240627676249, 8.30471108202e-05, 6.13318043179e-05, 5.14001621923e-05, 1.91970648302e-05, 1.90432783711e-05, 1.2203760889e-05, 7.68808422436e-06, 6.1080904743e-06, 9.13276289793e-06], "dmean2": [6.22092920821e-05, 0.000503215531353, 0.000807090371381, 0.000683096819557, 0.00318286358379, 0.00176720530726, 0.000836828839965, 0.000597072066739, 0.000966464169323, 0.000502034847159, 0.000370288704289, 0.000439497322077, 0.000340673694154, 0.00047267327318, 0.000480125920149, 0.000328102265485, 0.000283902481897, 0.000354669056833, 0.000119565222121, 8.81629239302e-05, 7.45190918678e-05, 2.88421033474e-05, 2.87144011963e-05, 1.90057326108e-05, 1.23309046103e-05, 1.00867036963e-05, 1.56217229232e-05], "dvar": [1.66736704443e-08, 6.53046299703e-07, 1.33223568355e-06, 8.35496450691e-07, 1.67627404153e-05, 4.80408834846e-06, 2.0116349333e-06, 2.52370864473e-06, 7.0793012128e-06, 1.89813454199e-06, 9.99156668513e-07, 9.59708927439e-07, 5.01139368225e-07, 9.41882319694e-07, 1.46923446209e-06, 1.0457171129e-06, 2.76114036524e-07, 3.65117017509e-07, 2.82130496743e-08, 1.99496810183e-08, 3.55226212889e-08, 8.27772250744e-09, 8.70813021692e-09, 3.14326920048e-09, 9.00541585747e-10, 7.744598296e-10, 1.91511406733e-09], "dvar2": [4.08282225806e-08, 1.98925454242e-06, 3.24419306708e-06, 2.14525175579e-06, 4.01144570787e-05, 1.08557605927e-05, 4.5449442041e-06, 4.84022621094e-06, 1.48877143147e-05, 4.24529252996e-06, 1.82353596756e-06, 1.54938823016e-06, 1.00297518202e-06, 1.87363059467e-06, 3.07108598463e-06, 2.26258725888e-06, 5.44235092548e-07, 7.4218064583e-07, 5.85204062986e-08, 4.16845864493e-08, 7.08431997509e-08, 1.6970284733e-08, 1.66552247549e-08, 6.59031007544e-09, 2.19710116767e-09, 2.025037249e-09, 5.13455677975e-09], "max": [0.0028639966622, 0.0104308854789, 0.0258148573339, 0.0209830086678, 0.0720122382045, 0.0539040863514, 0.0583992376924, 0.0894769579172, 0.114368863404, 0.0588770918548, 0.048419225961, 0.0460403375328, 0.0219255443662, 0.0363063067198, 0.0377424284816, 0.0398237071931, 0.0170801635832, 0.0153655428439, 0.0048405774869, 0.00457223132253, 0.00923133920878, 0.0041036689654, 0.0046842796728, 0.00324320746586, 0.000996161717921, 0.00116643426009, 0.00113723729737], "mean": [3.1667190342e-05, 0.000371129019186, 0.00125008076429, 0.000925123691559, 0.00488973641768, 0.00372164906003, 0.00110255496111, 0.000711719330866, 0.00141302973498, 0.000528014614247, 0.000636485521682, 0.000839401269332, 0.000481555558508, 0.000777244800702, 0.000593888224103, 0.000355837517418, 0.000374880706659, 0.000488575431518, 0.000165367935551, 0.000108108251879, 9.04433763935e-05, 2.47517982643e-05, 2.36287833104e-05, 1.24220050566e-05, 7.03451087247e-06, 5.02923239765e-06, 7.03153136783e-06], "median": [1.20452830288e-06, 3.31739356625e-05, 0.000270532764262, 0.000323795655277, 0.00229584006593, 0.00145719759166, 0.000394803966628, 0.00013776148262, 0.000261772773229, 0.000148321923916, 5.61990054848e-05, 0.000159230781719, 8.10406709206e-05, 0.00010005349759, 8.37684783619e-05, 5.78238432354e-05, 7.63781135902e-05, 7.53266431275e-05, 4.98139925185e-05, 2.23476054089e-05, 7.15106943971e-06, 3.85925295632e-06, 3.28464238919e-06, 1.26594557059e-06, 5.02355987919e-07, 1.42945864923e-07, 4.89049902797e-08], "min": [7.58835360333e-24, 3.78908667667e-24, 8.86429588561e-24, 6.63105906193e-24, 1.45828732276e-23, 1.45618532399e-23, 4.44947337932e-23, 1.01060585604e-22, 6.45098199656e-23, 1.37778873744e-22, 1.11995453617e-22, 7.87849143778e-23, 8.97647853277e-23, 1.05221744837e-22, 1.07050520053e-22, 1.14047539578e-22, 1.518654304e-22, 1.6697642076e-22, 2.40930414063e-22, 2.79551731318e-22, 7.37328068027e-22, 6.14045087708e-22, 6.26896477513e-22, 5.38104717402e-22, 1.06130766298e-21, 1.74522911566e-21, 2.4938170687e-21], "var": [1.46743390772e-08, 8.6332573801e-07, 5.07224103785e-06, 2.1057990125e-06, 4.25525286118e-05, 2.65631824732e-05, 5.59602267458e-06, 1.42075823533e-05, 3.58354227501e-05, 2.87078410111e-06, 4.71958492199e-06, 9.07014873519e-06, 1.92158586287e-06, 6.02091040491e-06, 3.69570784642e-06, 1.7067935687e-06, 7.00897601291e-07, 1.00265356195e-06, 8.07116578017e-08, 4.56329871668e-08, 8.61911928496e-08, 1.12286819842e-08, 1.27218626744e-08, 3.84636189565e-09, 8.36070046528e-10, 6.02850269704e-10, 1.37800537647e-09]}, "erbbands": {"dmean": [0.00446308311075, 0.0825971141458, 0.523328959942, 1.04812633991, 3.93188071251, 8.47721767426, 6.92302703857, 10.6708631516, 8.42650318146, 7.66878080368, 9.59732246399, 15.1063241959, 11.8296966553, 9.56942749023, 10.7795095444, 11.3422393799, 9.45260429382, 15.5221290588, 14.4550580978, 15.645280838, 10.923456192, 10.4602136612, 13.9863367081, 5.14303874969, 3.88900661469, 2.79701972008, 2.47871637344, 1.48457503319, 0.740982949734, 0.592593669891, 0.525406122208, 0.345794141293, 0.152828887105, 0.0968562141061, 0.0501082837582, 0.0297813620418, 0.0107064498588, 0.0023587201722, 0.00126970233396, 0.000175732508069], "dmean2": [0.00780571671203, 0.142599150538, 0.839451909065, 1.66264307499, 6.47832202911, 13.1053533554, 10.2575645447, 16.485742569, 13.2795085907, 11.9116487503, 14.519443512, 22.3480033875, 18.0971450806, 13.7006788254, 14.6466341019, 15.8845243454, 13.2748365402, 21.6605129242, 20.7930030823, 22.9163284302, 15.688167572, 14.4057426453, 20.1003131866, 7.29292726517, 5.53370141983, 3.98027229309, 3.57105755806, 2.15329790115, 1.10750257969, 0.891474664211, 0.789907991886, 0.530805408955, 0.240975469351, 0.154666021466, 0.0815235152841, 0.0491984598339, 0.0176937319338, 0.00385967385955, 0.00216930755414, 0.000301708438201], "dvar": [0.000219766152441, 0.0554249547422, 1.57208883762, 4.6490073204, 87.9725112915, 272.736724854, 161.975997925, 460.028198242, 353.015563965, 833.361938477, 1595.21081543, 5044.51953125, 2765.07739258, 1030.52416992, 1448.4543457, 1091.42407227, 860.922485352, 1842.46264648, 2752.66503906, 3980.22631836, 2864.19677734, 776.03729248, 1288.14453125, 120.231643677, 64.9017715454, 43.0661506653, 67.4273452759, 35.7615814209, 13.1396980286, 8.79901599884, 6.61570549011, 3.5532746315, 0.314368009567, 0.144145667553, 0.0415159501135, 0.0176867097616, 0.00254314113408, 0.000116913935926, 3.71846654161e-05, 7.52191738229e-07], "dvar2": [0.000609039154369, 0.169427037239, 4.11451864243, 11.6140727997, 229.141403198, 632.543029785, 362.697753906, 1044.2487793, 808.679138184, 1891.89050293, 2986.12304688, 10498.0263672, 6061.64599609, 2102.63330078, 2576.95874023, 1842.31225586, 1737.28820801, 3485.54248047, 5892.00146484, 8369.14550781, 6286.70507812, 1381.91430664, 2587.91503906, 226.233474731, 133.254760742, 88.1211547852, 135.882904053, 72.6170654297, 28.4310970306, 16.5930519104, 12.1357517242, 6.92022562027, 0.722068786621, 0.354547470808, 0.103754855692, 0.0465800985694, 0.00661530531943, 0.000289589806926, 9.93095382e-05, 2.04713819585e-06], "max": [0.295141458511, 3.41743206978, 26.1926651001, 50.2963981628, 182.605636597, 305.482727051, 247.687316895, 585.798095703, 983.963928223, 1638.40393066, 2422.87597656, 2545.14501953, 2199.63867188, 1345.97473145, 1865.40856934, 1477.60449219, 1196.84313965, 2025.45507812, 1573.85986328, 2312.90698242, 2664.21923828, 1204.02612305, 1016.31878662, 525.826843262, 264.080841064, 218.340362549, 398.391723633, 312.977783203, 183.027130127, 161.430221558, 143.148361206, 115.199913025, 18.573102951, 13.0461158752, 6.05384683609, 6.64582109451, 1.8926409483, 0.421038448811, 0.170523300767, 0.0221922472119], "mean": [0.00500952079892, 0.124593429267, 1.21419894695, 2.56282711029, 6.77069950104, 20.9494533539, 21.7651329041, 31.4567775726, 21.8865451813, 14.446182251, 20.5511837006, 34.7944297791, 20.2209510803, 21.5193767548, 28.67278862, 30.1528320312, 22.7444934845, 41.1575622559, 28.2984352112, 29.8640003204, 18.961763382, 22.179485321, 29.2928695679, 11.3934936523, 7.95906639099, 5.22961330414, 4.65229988098, 2.27267432213, 0.990360558033, 0.744752585888, 0.648749470711, 0.37803709507, 0.148439243436, 0.0902147293091, 0.0440266616642, 0.024942887947, 0.00866341311485, 0.00192893994972, 0.000996312825009, 0.000153017506818], "median": [0.000680465775076, 0.0145812584087, 0.246229112148, 1.18080174923, 2.62636089325, 9.23529052734, 10.7608890533, 10.435833931, 8.1845998764, 4.7626209259, 3.83079648018, 5.54824113846, 6.65557861328, 5.50774335861, 4.47484207153, 6.90420007706, 4.57689809799, 5.7891793251, 4.3809428215, 4.30084276199, 3.91683530807, 4.55750608444, 4.72780513763, 3.1301920414, 2.41880822182, 1.13703989983, 0.431347280741, 0.22543002665, 0.147121459246, 0.120667114854, 0.0829633250833, 0.0411545597017, 0.0143470689654, 0.00649876939133, 0.00293947686441, 0.000997920054942, 0.000200244001462, 3.30876282533e-05, 2.30988716794e-05, 2.889831012e-05], "min": [1.68740313744e-22, 8.8151795755e-22, 8.17886947565e-21, 1.9969529392e-20, 2.59736586423e-20, 4.28863970105e-20, 8.83546056586e-20, 1.33411553677e-19, 5.23396981629e-19, 8.42932354464e-19, 2.70965984583e-18, 1.56687043511e-18, 1.79715059001e-18, 5.20474159614e-18, 5.61742241734e-18, 2.45519055168e-18, 3.64333313801e-18, 5.32375675627e-18, 5.32822435876e-18, 6.64572206966e-18, 6.52018665836e-18, 6.5815597375e-18, 8.32409965668e-18, 1.03114474004e-17, 1.23626046839e-17, 1.38224485977e-17, 2.91341779856e-17, 2.73445396431e-17, 2.3999444407e-17, 2.37428033501e-17, 1.46849473408e-17, 1.1773973861e-17, 1.0281277642e-17, 1.2033926949e-17, 6.72848397149e-18, 4.07018728541e-18, 3.99931527771e-18, 1.28392544837e-18, 3.6322746638e-19, 3.80779411798e-20], "var": [0.00018462020671, 0.0850901454687, 5.23660612106, 12.5907878876, 127.413848877, 793.484985352, 744.215881348, 2220.65991211, 1200.39038086, 2296.49414062, 10596.453125, 26521.9257812, 4518.92431641, 3446.50024414, 7943.74902344, 7469.80908203, 3795.62744141, 17566.171875, 5763.12646484, 9369.62207031, 4294.94824219, 2260.36523438, 3571.62524414, 409.296081543, 184.539855957, 110.752471924, 194.8074646, 64.0948638916, 16.5784854889, 12.8874473572, 10.0476503372, 4.71249675751, 0.353048563004, 0.133050486445, 0.0362614393234, 0.0135589176789, 0.00199419516139, 0.000102467303805, 2.70680811809e-05, 5.22550465121e-07]}, "gfcc": {"mean": [-93.780418396, 126.567459106, -134.897506714, 12.8348789215, -52.0195770264, -18.4408321381, -43.7265853882, -12.3280334473, -26.4304714203, -14.4240179062, -8.90657901764, -5.83346509933, -8.10764694214], "cov": [[17610.1425781, -580.798828125, -2555.20800781, -99.9209976196, -763.614746094, -327.251617432, -307.28817749, -405.691345215, -447.007446289, -338.090270996, -116.422134399, -171.666793823, -49.2050704956], [-580.798828125, 2079.67480469, 6.02210950851, -82.301322937, 271.704986572, -30.7796459198, 129.776870728, -1.78822231293, 59.1742172241, -229.721359253, 71.8039855957, -226.462402344, -55.6260871887], [-2555.20800781, 6.02210950851, 2015.75292969, 53.221912384, 175.5025177, 154.320785522, -25.8120937347, 216.124557495, -35.7374534607, 197.440948486, -89.2023544312, 76.1506347656, -64.3534851074], [-99.9209976196, -82.301322937, 53.221912384, 579.322692871, 64.6874847412, 105.546401978, 53.0376777649, 68.3105392456, 118.931190491, -31.7930240631, -43.1968154907, -31.5384521484, -24.4261436462], [-763.614746094, 271.704986572, 175.5025177, 64.6874847412, 379.052185059, 86.8764343262, 115.434211731, 68.6084594727, 11.034576416, -6.026948452, -47.454624176, -25.8879356384, -34.5119514465], [-327.251617432, -30.7796459198, 154.320785522, 105.546401978, 86.8764343262, 301.807067871, 145.363311768, 55.1124153137, 28.2675437927, 17.980922699, -46.6713867188, -11.1856937408, -40.1822128296], [-307.28817749, 129.776870728, -25.8120937347, 53.0376777649, 115.434211731, 145.363311768, 246.494476318, 39.6689033508, 24.6488628387, 14.0968351364, -30.6892585754, -37.0047531128, -23.744304657], [-405.691345215, -1.78822231293, 216.124557495, 68.3105392456, 68.6084594727, 55.1124153137, 39.6689033508, 208.840942383, 82.2779922485, 33.6892623901, -5.00900506973, -5.90629291534, -34.2862548828], [-447.007446289, 59.1742172241, -35.7374534607, 118.931190491, 11.034576416, 28.2675437927, 24.6488628387, 82.2779922485, 187.636779785, 14.3522472382, 9.8781452179, -16.9784603119, -11.0137023926], [-338.090270996, -229.721359253, 197.440948486, -31.7930240631, -6.026948452, 17.980922699, 14.0968351364, 33.6892623901, 14.3522472382, 180.06427002, 11.0907516479, 45.5148429871, 13.3737468719], [-116.422134399, 71.8039855957, -89.2023544312, -43.1968154907, -47.454624176, -46.6713867188, -30.6892585754, -5.00900506973, 9.8781452179, 11.0907516479, 157.122467041, 32.5326652527, 3.33319354057], [-171.666793823, -226.462402344, 76.1506347656, -31.5384521484, -25.8879356384, -11.1856937408, -37.0047531128, -5.90629291534, -16.9784603119, 45.5148429871, 32.5326652527, 136.412368774, 31.1143722534], [-49.2050704956, -55.6260871887, -64.3534851074, -24.4261436462, -34.5119514465, -40.1822128296, -23.744304657, -34.2862548828, -11.0137023926, 13.3737468719, 3.33319354057, 31.1143722534, 111.131973267]], "icov": [[9.13063486223e-05, -2.00210124603e-05, 0.000140428659506, -6.08644877502e-05, 0.000159005940077, -1.16648216135e-05, 0.000114112568554, -0.000103945865703, 0.000318698934279, -5.62786553928e-05, 0.000178927133675, 2.36545383814e-05, 0.000162187774549], [-2.00210124603e-05, 0.000957634649239, -0.000304738496197, 0.000376837648218, -0.000656846619677, 0.000311463227263, -0.000539237516932, 0.000439062190708, -0.000709729094524, 0.00128147040959, -0.00104735873174, 0.00139259069692, -0.000277319835732], [0.000140428659506, -0.000304738496197, 0.00104362412822, -0.00026296445867, 0.000154974477482, -0.000444695615442, 0.000887384114321, -0.000996325630695, 0.00119894568343, -0.00119763577823, 0.000940009020269, -0.000600797997322, 0.000628690584563], [-6.08644877502e-05, 0.000376837648218, -0.00026296445867, 0.00237148744054, -0.000477315770695, -0.00045208458323, -0.000186769844731, 0.00021356754587, -0.00183277856559, 0.00110650982242, -9.49758541537e-05, 0.000550818687771, -0.000221232752665], [0.000159005940077, -0.000656846619677, 0.000154974477482, -0.000477315770695, 0.00412466656417, -9.82432029559e-05, -0.00100491300691, -0.00112495361827, 0.00123292056378, -0.000380482291803, 0.00147483497858, -0.000883309927303, 0.00078111392213], [-1.16648216135e-05, 0.000311463227263, -0.000444695615442, -0.00045208458323, -9.82432029559e-05, 0.00549705885351, -0.00320881209336, 2.11257211049e-05, -0.000367644242942, 0.000489382247906, 0.000489828467835, -0.000359527330147, 0.00106249912642], [0.000114112568554, -0.000539237516932, 0.000887384114321, -0.000186769844731, -0.00100491300691, -0.00320881209336, 0.00737124215811, -0.000807258649729, 0.000836019520648, -0.00193526223302, 0.000872060132679, 0.000717843591701, 0.000195616827114], [-0.000103945865703, 0.000439062190708, -0.000996325630695, 0.00021356754587, -0.00112495361827, 2.11257211049e-05, -0.000807258649729, 0.00766621762887, -0.00376342213713, 0.000227809490752, -0.000948635279201, 0.000566750823054, 0.000964105071034], [0.000318698934279, -0.000709729094524, 0.00119894568343, -0.00183277856559, 0.00123292056378, -0.000367644242942, 0.000836019520648, -0.00376342213713, 0.00938048120588, -0.00204831175506, 0.000589417584706, -7.40343148209e-06, 0.000505333358888], [-5.62786553928e-05, 0.00128147040959, -0.00119763577823, 0.00110650982242, -0.000380482291803, 0.000489382247906, -0.00193526223302, 0.000227809490752, -0.00204831175506, 0.00903777126223, -0.00180276529863, -0.000104391096102, -0.00132553267758], [0.000178927133675, -0.00104735873174, 0.000940009020269, -9.49758541537e-05, 0.00147483497858, 0.000489828467835, 0.000872060132679, -0.000948635279201, 0.000589417584706, -0.00180276529863, 0.00896784476936, -0.00336333643645, 0.0015552471159], [2.36545383814e-05, 0.00139259069692, -0.000600797997322, 0.000550818687771, -0.000883309927303, -0.000359527330147, 0.000717843591701, 0.000566750823054, -7.40343148209e-06, -0.000104391096102, -0.00336333643645, 0.0116171604022, -0.00273522664793], [0.000162187774549, -0.000277319835732, 0.000628690584563, -0.000221232752665, 0.00078111392213, 0.00106249912642, 0.000195616827114, 0.000964105071034, 0.000505333358888, -0.00132553267758, 0.0015552471159, -0.00273522664793, 0.0111414771527]]}, "melbands": {"dmean": [5.75923149881e-05, 0.000216708154767, 0.000214789630263, 0.000487848476041, 0.000254991755355, 0.000232986014453, 0.000125245729578, 8.16466636024e-05, 8.29100972624e-05, 9.47175067267e-05, 5.81413223699e-05, 3.93211157643e-05, 3.86465981137e-05, 3.68064866052e-05, 2.33654045587e-05, 2.56004150287e-05, 2.96025664284e-05, 2.47597290581e-05, 2.37896510953e-05, 1.68514998222e-05, 1.33073963298e-05, 1.00878605735e-05, 1.62102423928e-05, 1.05632998384e-05, 3.88262424167e-06, 3.20772414852e-06, 2.50550215242e-06, 1.78725349542e-06, 1.68357667008e-06, 1.25004441998e-06, 7.58110559218e-07, 4.41263352968e-07, 3.41908275914e-07, 3.40268115906e-07, 3.20273187526e-07, 2.70414119541e-07, 1.93670402382e-07, 1.10284389621e-07, 8.77748647099e-08, 8.05153703709e-08], "dmean2": [9.95564187178e-05, 0.000353691808414, 0.000343289459124, 0.000774464278948, 0.000378814060241, 0.000357692537364, 0.00019595840422, 0.000127468214487, 0.000125934762764, 0.000140912117786, 8.93133546924e-05, 5.67544266232e-05, 5.30949946551e-05, 5.13388258696e-05, 3.37836572726e-05, 3.56294149242e-05, 4.1805273213e-05, 3.5986846342e-05, 3.47008790413e-05, 2.48102987825e-05, 1.95177253772e-05, 1.41601458381e-05, 2.31068606809e-05, 1.55324887601e-05, 5.63174853596e-06, 4.66550545752e-06, 3.57454791811e-06, 2.58025852418e-06, 2.47173943535e-06, 1.82226483503e-06, 1.12483030534e-06, 6.72633461818e-07, 5.1308569482e-07, 5.19376044394e-07, 4.86173746594e-07, 4.12404858707e-07, 3.01343618503e-07, 1.75858204443e-07, 1.40847092212e-07, 1.29089258394e-07], "dvar": [2.44721629628e-08, 2.85099503117e-07, 1.91496781099e-07, 1.09013524252e-06, 1.9903970383e-07, 2.13607975752e-07, 7.70665522509e-08, 8.50232240168e-08, 1.14824999287e-07, 1.73589896235e-07, 6.84911682924e-08, 1.77309829041e-08, 1.89942301887e-08, 1.62633533307e-08, 5.03217600922e-09, 5.26516563681e-09, 7.17061432454e-09, 8.87502782376e-09, 1.01313997192e-08, 5.19439380398e-09, 5.28450083692e-09, 8.18578593798e-10, 1.72936254206e-09, 7.10594472153e-10, 7.67918853506e-11, 4.51455157979e-11, 3.31520297325e-11, 1.95326775587e-11, 2.86451973253e-11, 2.29022686232e-11, 1.02776225031e-11, 4.61105329266e-12, 3.15321184961e-12, 3.02799777439e-12, 2.33284615583e-12, 2.52274373266e-12, 1.10671519692e-12, 1.73298346702e-13, 1.06021745203e-13, 1.15247045305e-13], "dvar2": [7.03112803535e-08, 7.86242310369e-07, 4.74374047599e-07, 2.69909469353e-06, 4.32785867588e-07, 4.84310703541e-07, 1.75887109322e-07, 1.95703364625e-07, 2.23491824158e-07, 3.63841053286e-07, 1.50703584723e-07, 3.69290731328e-08, 3.41289307926e-08, 2.40438904342e-08, 1.03808881491e-08, 1.02033270721e-08, 1.38048443787e-08, 1.95336564701e-08, 2.04066648024e-08, 1.08263460419e-08, 1.19079794914e-08, 1.51941503823e-09, 3.39947270334e-09, 1.47469692013e-09, 1.52769977224e-10, 9.5725989635e-11, 6.90550602811e-11, 4.05816144577e-11, 5.93907631408e-11, 4.4426681084e-11, 2.21106466469e-11, 1.05898250238e-11, 6.31474126461e-12, 6.05872253409e-12, 4.32077420717e-12, 4.82217824699e-12, 2.30365553022e-12, 4.07912608856e-13, 2.58366624536e-13, 2.87252535126e-13], "max": [0.00238897185773, 0.0102291526273, 0.00779517460614, 0.0192223601043, 0.007443619892, 0.0118918502703, 0.0129798604175, 0.0152958957478, 0.0178844612092, 0.0144547503442, 0.0110785430297, 0.00517446082085, 0.00766028976068, 0.00617149658501, 0.00228326488286, 0.0024385903962, 0.00363566586748, 0.00288227386773, 0.00367345102131, 0.0028815290425, 0.00375397945754, 0.00126579136122, 0.000902917992789, 0.000606883491855, 0.000459076749394, 0.00018494357937, 0.000181530616828, 0.000161480391398, 0.000251660996582, 0.000199008340132, 0.000180309667485, 9.38166776905e-05, 8.13967490103e-05, 0.000100874567579, 9.41827020142e-05, 9.45045394474e-05, 5.83982473472e-05, 1.323079141e-05, 1.01165887827e-05, 1.29688087327e-05], "mean": [7.2730872489e-05, 0.000469539198093, 0.000487551849801, 0.00106107268948, 0.000801931775641, 0.000708534207661, 0.000321997678839, 0.000148740480654, 0.000186780613149, 0.000206296419492, 9.41777107073e-05, 8.23117225082e-05, 9.7170486697e-05, 0.000102394158603, 5.15101382916e-05, 6.05603163422e-05, 7.43686250644e-05, 4.31679545727e-05, 4.631358388e-05, 2.84408470179e-05, 2.11482984014e-05, 1.96895016416e-05, 3.17476551572e-05, 2.11048391066e-05, 7.68000154494e-06, 6.34782691122e-06, 4.57932992504e-06, 3.07232494379e-06, 3.14800581691e-06, 1.99310647986e-06, 1.05344645362e-06, 5.62871150578e-07, 4.18183503825e-07, 4.14309567986e-07, 3.9223772319e-07, 3.07823626144e-07, 1.99917508326e-07, 1.04684509949e-07, 8.18791789925e-08, 7.34919822776e-08], "median": [7.59719750931e-06, 9.01126477402e-05, 0.000235719577176, 0.000451536063338, 0.000413926318288, 0.000239894201513, 0.000125349775772, 4.3620580982e-05, 2.91613432637e-05, 3.59136647603e-05, 2.9896000342e-05, 1.94014228327e-05, 1.18652797028e-05, 1.79685412149e-05, 1.13137357403e-05, 9.51132096816e-06, 9.8658265415e-06, 5.76292268306e-06, 5.90346326135e-06, 4.78772699353e-06, 4.04797401643e-06, 4.01591978516e-06, 4.45236491942e-06, 3.59117234439e-06, 2.03744912142e-06, 1.86969839433e-06, 1.16637954761e-06, 4.87968065954e-07, 2.42835767494e-07, 1.53639049927e-07, 1.00759507404e-07, 7.5182114756e-08, 6.4134290767e-08, 6.1592942302e-08, 4.71808796476e-08, 3.06091187952e-08, 1.90830231617e-08, 8.38303559902e-09, 6.14244699548e-09, 4.58978499651e-09], "min": [1.71641223505e-24, 3.13323442539e-24, 3.46029063467e-24, 2.36846178234e-24, 3.19803362951e-24, 3.05315774655e-24, 8.79659426501e-24, 9.38015175306e-24, 2.36793072118e-23, 8.45770119785e-24, 1.01097944478e-23, 2.25706878495e-23, 1.6089181038e-23, 1.13677317688e-23, 6.15928710845e-24, 9.21200683997e-24, 1.06165279278e-23, 8.23681067805e-24, 9.61197509614e-24, 9.95589715157e-24, 7.61495478191e-24, 7.00137955869e-24, 7.61625798013e-24, 8.15423192963e-24, 7.92167257933e-24, 9.52069915624e-24, 8.13120350209e-24, 8.5486773706e-24, 1.73466742303e-23, 1.72215624685e-23, 1.4242757426e-23, 1.20970249982e-23, 1.50493093259e-23, 1.2225987979e-23, 8.03242076181e-24, 7.87405456851e-24, 7.12207843263e-24, 5.44773969953e-24, 1.13645258381e-23, 9.92665959984e-24], "var": [3.13575867494e-08, 8.01559735919e-07, 4.294621192e-07, 2.35791003433e-06, 9.18954071949e-07, 1.08586903025e-06, 2.56218868344e-07, 2.43788520038e-07, 7.73580325131e-07, 8.20527020551e-07, 1.09672235737e-07, 5.27690353636e-08, 9.70754854279e-08, 1.7372481409e-07, 1.83175785651e-08, 2.84967054398e-08, 5.89618558422e-08, 1.70318443793e-08, 2.9569536153e-08, 1.02962385284e-08, 7.09893388517e-09, 2.12418127532e-09, 4.58949589444e-09, 1.93062166254e-09, 2.19966905801e-10, 1.31727739827e-10, 7.83253739645e-11, 4.78985219543e-11, 9.20157214312e-11, 4.87249095238e-11, 1.60608887301e-11, 5.35072377031e-12, 4.28540883335e-12, 4.14918880504e-12, 3.52540067451e-12, 3.46551043071e-12, 1.33854429277e-12, 1.89454910635e-13, 1.0231303516e-13, 1.01845201923e-13]}, "mfcc": {"mean": [-729.163085938, 156.901824951, -23.3514938354, 22.7819499969, -0.140373900533, -8.3864402771, -11.3449554443, -5.20964050293, -18.9672660828, -9.1318321228, -10.1566123962, -8.02895927429, -7.91410303116], "cov": [[13103.0703125, -125.303764343, -2299.53930664, 83.0350189209, -783.147644043, -138.18421936, -279.920196533, -76.3396148682, -402.349060059, -181.9503479, -255.835281372, -156.207229614, -223.925796509], [-125.303764343, 1846.19091797, 26.4744186401, -82.1711425781, 155.948242188, -102.934387207, 130.829605103, 68.945930481, -59.0239181519, 25.1255378723, 57.5098228455, -99.6808929443, -26.9227428436], [-2299.53930664, 26.4744186401, 1519.29199219, 81.894821167, 275.118103027, 53.9638214111, 120.991271973, -4.71433591843, 144.704772949, 85.0573883057, 18.8915328979, 97.3426055908, 87.0573196411], [83.0350189209, -82.1711425781, 81.894821167, 385.966766357, 113.961494446, 49.565448761, -5.5391163826, 64.9739608765, 70.3739471436, 66.8312988281, -13.6647367477, 31.1497249603, 28.5089130402], [-783.147644043, 155.948242188, 275.118103027, 113.961494446, 307.765472412, 15.9567890167, 46.0054931641, 87.8718414307, 68.0295791626, 61.2214164734, 31.1182880402, 10.4350318909, 34.7202720642], [-138.18421936, -102.934387207, 53.9638214111, 49.565448761, 15.9567890167, 302.546478271, 111.250022888, 66.5579147339, 107.07510376, 26.06690979, 38.3683624268, 21.1912574768, -28.3464050293], [-279.920196533, 130.829605103, 120.991271973, -5.5391163826, 46.0054931641, 111.250022888, 254.303649902, 50.9854278564, 60.2477378845, 27.4053726196, 52.0858650208, 6.06955909729, 4.35555553436], [-76.3396148682, 68.945930481, -4.71433591843, 64.9739608765, 87.8718414307, 66.5579147339, 50.9854278564, 242.441757202, 58.9814567566, 67.2158889771, 57.7260971069, 13.3795909882, 8.66613292694], [-402.349060059, -59.0239181519, 144.704772949, 70.3739471436, 68.0295791626, 107.07510376, 60.2477378845, 58.9814567566, 224.383041382, 81.5705337524, 26.5852355957, 29.3207511902, -4.02545785904], [-181.9503479, 25.1255378723, 85.0573883057, 66.8312988281, 61.2214164734, 26.06690979, 27.4053726196, 67.2158889771, 81.5705337524, 193.353134155, 45.3498573303, 43.2493743896, 12.9728469849], [-255.835281372, 57.5098228455, 18.8915328979, -13.6647367477, 31.1182880402, 38.3683624268, 52.0858650208, 57.7260971069, 26.5852355957, 45.3498573303, 150.695831299, 28.6328544617, 12.9413175583], [-156.207229614, -99.6808929443, 97.3426055908, 31.1497249603, 10.4350318909, 21.1912574768, 6.06955909729, 13.3795909882, 29.3207511902, 43.2493743896, 28.6328544617, 130.473526001, 42.6236839294], [-223.925796509, -26.9227428436, 87.0573196411, 28.5089130402, 34.7202720642, -28.3464050293, 4.35555553436, 8.66613292694, -4.02545785904, 12.9728469849, 12.9413175583, 42.6236839294, 116.938713074]], "icov": [[0.000120459699247, -1.47437576743e-05, 0.000137148526846, -0.000127952167531, 0.000211102204048, 7.67086476117e-06, -1.35206137202e-05, -5.27428128407e-05, 0.00011332116992, -3.04827171931e-05, 0.000147131300764, -3.20996114169e-05, 0.000102658181277], [-1.47437576743e-05, 0.000676892173942, 2.61253558165e-06, 0.000161008370924, -0.000406597653637, 0.000344179949025, -0.000432898727013, -9.83739082585e-05, 0.000220027242904, -0.000142387390952, -0.000181791430805, 0.000439099123469, 0.000197416506126], [0.000137148526846, 2.61253558165e-06, 0.0010677339742, -2.33617647609e-05, -0.000587075017393, -1.64468031016e-06, -0.000327299057972, 0.000377980875783, -0.000210179015994, -9.65898943832e-05, 0.000371673057089, -0.000534643535502, -0.000210660553421], [-0.000127952167531, 0.000161008370924, -2.33617647609e-05, 0.00349774211645, -0.00138732290361, -0.000515178486239, 0.000436945498222, -0.000330712704454, -0.000464189477498, -0.000670138513669, 0.000828580872621, -0.000272126606433, -0.000682162877638], [0.000211102204048, -0.000406597653637, -0.000587075017393, -0.00138732290361, 0.00562734901905, 0.000409643806051, -6.73018221278e-05, -0.00139547744766, -0.000426664628321, -0.000259255728452, -0.000186080942512, 0.000767735822592, -0.000624854757916], [7.67086476117e-06, 0.000344179949025, -1.64468031016e-06, -0.000515178486239, 0.000409643806051, 0.00517443520948, -0.00193636387121, -0.000807681994047, -0.00169146806002, 0.000729424646124, -0.000538774824236, -0.000575124227908, 0.00161551428027], [-1.35206137202e-05, -0.000432898727013, -0.000327299057972, 0.000436945498222, -6.73018221278e-05, -0.00193636387121, 0.0055434871465, -0.000253281643381, -0.000496481428854, 2.10932084883e-05, -0.00103178655263, 0.000437415787019, -0.000690203451086], [-5.27428128407e-05, -9.83739082585e-05, 0.000377980875783, -0.000330712704454, -0.00139547744766, -0.000807681994047, -0.000253281643381, 0.00571666797623, -0.000379623379558, -0.00102246762253, -0.00136509642471, 0.000157312038937, -0.000325994478771], [0.00011332116992, 0.000220027242904, -0.000210179015994, -0.000464189477498, -0.000426664628321, -0.00169146806002, -0.000496481428854, -0.000379623379558, 0.00694562587887, -0.00210485071875, 0.000314801116474, -0.000262403656961, 0.000833988306113], [-3.04827171931e-05, -0.000142387390952, -9.65898943832e-05, -0.000670138513669, -0.000259255728452, 0.000729424646124, 2.10932084883e-05, -0.00102246762253, -0.00210485071875, 0.00732682878152, -0.00133760238532, -0.00168332119938, 0.00034922818304], [0.000147131300764, -0.000181791430805, 0.000371673057089, 0.000828580872621, -0.000186080942512, -0.000538774824236, -0.00103178655263, -0.00136509642471, 0.000314801116474, -0.00133760238532, 0.00871624145657, -0.00155235349666, -0.000414122565417], [-3.20996114169e-05, 0.000439099123469, -0.000534643535502, -0.000272126606433, 0.000767735822592, -0.000575124227908, 0.000437415787019, 0.000157312038937, -0.000262403656961, -0.00168332119938, -0.00155235349666, 0.010476205498, -0.00336034572683], [0.000102658181277, 0.000197416506126, -0.000210660553421, -0.000682162877638, -0.000624854757916, 0.00161551428027, -0.000690203451086, -0.000325994478771, 0.000833988306113, 0.00034922818304, -0.000414122565417, -0.00336034572683, 0.0110042840242]]}, "spectral_contrast_coeffs": {"dmean": [0.0493693761528, 0.0484127514064, 0.0423510745168, 0.0384166054428, 0.0339197814465, 0.0273263342679], "dmean2": [0.0778780207038, 0.075390137732, 0.0630280971527, 0.0562397688627, 0.0484291501343, 0.0383219197392], "dvar": [0.00216329959221, 0.00223254994489, 0.00164801906794, 0.00131728034467, 0.00102894299198, 0.000624978798442], "dvar2": [0.00498274154961, 0.004982967861, 0.00334386783652, 0.00252824416384, 0.00193860277068, 0.00117348670028], "max": [-0.197535872459, -0.294875234365, -0.361798137426, -0.432333856821, -0.449015498161, -0.43680152297], "mean": [-0.530649662018, -0.652822613716, -0.712274372578, -0.729501724243, -0.734254181385, -0.749201834202], "median": [-0.529533982277, -0.660253286362, -0.715247809887, -0.737493991852, -0.734951019287, -0.754964232445], "min": [-0.972144126892, -0.97078114748, -0.972123265266, -0.964064538479, -0.960875749588, -0.956438004971], "var": [0.0146475899965, 0.011460066773, 0.00997044146061, 0.0087776305154, 0.00686142733321, 0.00487030763179]}, "spectral_contrast_valleys": {"dmean": [0.518397092819, 0.470810621977, 0.468394458294, 0.460974127054, 0.481223136187, 0.583118915558], "dmean2": [0.793118596077, 0.700978159904, 0.67675703764, 0.644782721996, 0.635467946529, 0.7662550807], "dvar": [0.245203927159, 0.243510335684, 0.2338