{"lowlevel": {"average_loudness": 0.98414760828, "barkbands_crest": {"dmean": 5.53930664062, "dmean2": 9.33574581146, "dvar": 17.1762313843, "dvar2": 41.98878479, "max": 25.9097423553, "mean": 15.2154054642, "median": 14.7473659515, "min": 2.83147764206, "var": 34.6349334717}, "barkbands_flatness_db": {"dmean": 0.0535844042897, "dmean2": 0.0840204060078, "dvar": 0.00275344611146, "dvar2": 0.00620884820819, "max": 0.428046017885, "mean": 0.186153918505, "median": 0.176880091429, "min": 0.0314482674003, "var": 0.0057670166716}, "barkbands_kurtosis": {"dmean": 26.9170436859, "dmean2": 41.3091125488, "dvar": 2165.88525391, "dvar2": 5048.77636719, "max": 562.155151367, "mean": 32.1282615662, "median": 8.63920688629, "min": -1.87775206566, "var": 3260.0546875}, "barkbands_skewness": {"dmean": 2.12630224228, "dmean2": 3.10890936852, "dvar": 5.18125486374, "dvar2": 11.3309297562, "max": 21.4930343628, "mean": 4.2671995163, "median": 3.09671664238, "min": -2.06114244461, "var": 11.1659021378}, "barkbands_spread": {"dmean": 18.2833061218, "dmean2": 29.3277053833, "dvar": 409.689910889, "dvar2": 1040.90722656, "max": 104.067398071, "mean": 28.619808197, "median": 24.6719837189, "min": 0.509734690189, "var": 547.812927246}, "dissonance": {"dmean": 0.0174702834338, "dmean2": 0.0283782854676, "dvar": 0.000264956586761, "dvar2": 0.000661500322167, "max": 0.499992907047, "mean": 0.467954099178, "median": 0.473260164261, "min": 0.377928346395, "var": 0.00052776618395}, "dynamic_complexity": 2.39461898804, "erbbands_crest": {"dmean": 2.33867526054, "dmean2": 3.74552178383, "dvar": 5.12667512894, "dvar2": 12.1135120392, "max": 25.1373252869, "mean": 7.09695148468, "median": 6.41544151306, "min": 2.28931546211, "var": 9.854347229}, "erbbands_flatness_db": {"dmean": 0.0226899422705, "dmean2": 0.0292447172105, "dvar": 0.000506439595483, "dvar2": 0.000808404933196, "max": 0.215538054705, "mean": 0.0914389267564, "median": 0.0813652649522, "min": 0.0386367365718, "var": 0.00121763872448}, "erbbands_kurtosis": {"dmean": 0.776617527008, "dmean2": 1.25381851196, "dvar": 1.01617383957, "dvar2": 2.22486615181, "max": 14.918794632, "mean": -0.408846437931, "median": -0.794204950333, "min": -1.79770040512, "var": 1.86611795425}, "erbbands_skewness": {"dmean": 0.481732845306, "dmean2": 0.758188307285, "dvar": 0.216732665896, "dvar2": 0.522681772709, "max": 2.83272814751, "mean": -0.160349160433, "median": -0.182479023933, "min": -2.8658452034, "var": 0.55351293087}, "erbbands_spread": {"dmean": 26.8310546875, "dmean2": 36.6172218323, "dvar": 561.842773438, "dvar2": 1218.39685059, "max": 171.422363281, "mean": 82.7007369995, "median": 75.9023513794, "min": 14.6304121017, "var": 1098.29382324}, "hfc": {"dmean": 51.0627632141, "dmean2": 84.1140518188, "dvar": 4308.34082031, "dvar2": 11193.1025391, "max": 334.793304443, "mean": 55.1822814941, "median": 29.7031955719, "min": 1.21972798297e-05, "var": 3919.21313477}, "melbands_crest": {"dmean": 6.58436584473, "dmean2": 11.3760318756, "dvar": 19.3464107513, "dvar2": 55.3676948547, "max": 36.7411575317, "mean": 22.4634780884, "median": 22.2808055878, "min": 3.62559723854, "var": 31.5225315094}, "melbands_flatness_db": {"dmean": 0.0649213865399, "dmean2": 0.100061304867, "dvar": 0.00397533131763, "dvar2": 0.00904885400087, "max": 0.571227073669, "mean": 0.283515691757, "median": 0.269200176001, "min": 0.0224525667727, "var": 0.00828508194536}, "melbands_kurtosis": {"dmean": 109.315208435, "dmean2": 164.908798218, "dvar": 21553.0273438, "dvar2": 48548.9296875, "max": 1124.90222168, "mean": 139.280822754, "median": 62.8303985596, "min": -1.71674668789, "var": 34031.3203125}, "melbands_skewness": {"dmean": 3.52036213875, "dmean2": 5.09956121445, "dvar": 11.7189359665, "dvar2": 25.533662796, "max": 22.4087944031, "mean": 8.33566761017, "median": 7.30389595032, "min": -0.268569141626, "var": 23.7424430847}, "melbands_spread": {"dmean": 11.4852294922, "dmean2": 18.1230316162, "dvar": 207.238937378, "dvar2": 482.285522461, "max": 186.790313721, "mean": 14.6229009628, "median": 9.47853660583, "min": 0.280709922314, "var": 271.311828613}, "pitch_salience": {"dmean": 0.152215987444, "dmean2": 0.264464914799, "dvar": 0.0151355983689, "dvar2": 0.0433947108686, "max": 0.814536869526, "mean": 0.381807535887, "median": 0.371154397726, "min": 0.089726857841, "var": 0.0247115604579}, "silence_rate_20dB": {"dmean": 0.154713943601, "dmean2": 0.309552609921, "dvar": 0.130776703358, "dvar2": 0.272579401731, "max": 1, "mean": 0.874748289585, "median": 1, "min": 0, "var": 0.109562553465}, "silence_rate_30dB": {"dmean": 0.299758255482, "dmean2": 0.599355101585, "dvar": 0.209898233414, "dvar2": 0.28043949604, "max": 1, "mean": 0.56262588501, "median": 1, "min": 0, "var": 0.246075123549}, "silence_rate_60dB": {"dmean": 0.000805801770184, "dmean2": 0.000806126568932, "dvar": 0.000805158284493, "dvar2": 0.000805482035503, "max": 1, "mean": 0.000805477262475, "median": 0, "min": 0, "var": 0.000804834649898}, "spectral_centroid": {"dmean": 626.411437988, "dmean2": 951.57043457, "dvar": 387432.90625, "dvar2": 849260.375, "max": 4540.10986328, "mean": 1719.3503418, "median": 1710.16760254, "min": 150.471069336, "var": 798896.9375}, "spectral_complexity": {"dmean": 6.9665594101, "dmean2": 11.5344619751, "dvar": 83.3721313477, "dvar2": 205.367126465, "max": 57, "mean": 14.9951667786, "median": 12, "min": 0, "var": 93.4194869995}, "spectral_decrease": {"dmean": 2.98910265428e-08, "dmean2": 4.53870114825e-08, "dvar": 1.41011133383e-15, "dvar2": 3.59831242697e-15, "max": -5.29105913383e-17, "mean": -3.38462911031e-08, "median": -1.59230282293e-08, "min": -1.85139469977e-07, "var": 1.68999410125e-15}, "spectral_energy": {"dmean": 0.115681678057, "dmean2": 0.174780055881, "dvar": 0.0204659160227, "dvar2": 0.0519917234778, "max": 0.712008476257, "mean": 0.132748886943, "median": 0.0638188645244, "min": 1.30602684223e-09, "var": 0.0248728394508}, "spectral_energyband_high": {"dmean": 0.00432986626402, "dmean2": 0.00745790777728, "dvar": 3.56129967258e-05, "dvar2": 9.28708686843e-05, "max": 0.0323919020593, "mean": 0.00449484819546, "median": 0.0020994192455, "min": 1.07916120484e-09, "var": 3.14715798595e-05}, "spectral_energyband_low": {"dmean": 0.110173255205, "dmean2": 0.170225277543, "dvar": 0.0205223988742, "dvar2": 0.052694901824, "max": 0.692060232162, "mean": 0.118480756879, "median": 0.0491209551692, "min": 5.39702267252e-12, "var": 0.0237665493041}, "spectral_energyband_middle_high": {"dmean": 0.00196730415337, "dmean2": 0.00361265940592, "dvar": 1.18562538773e-05, "dvar2": 3.33180068992e-05, "max": 0.0200659167022, "mean": 0.00267183128744, "median": 0.00193073146511, "min": 1.75048683881e-10, "var": 8.6296504378e-06}, "spectral_energyband_middle_low": {"dmean": 0.0073808520101, "dmean2": 0.012137263082, "dvar": 0.000141865937621, "dvar2": 0.000348818051862, "max": 0.108107492328, "mean": 0.00826416071504, "median": 0.00431586522609, "min": 4.04624320161e-11, "var": 0.000129237276269}, "spectral_entropy": {"dmean": 0.398265004158, "dmean2": 0.549329638481, "dvar": 0.19051733613, "dvar2": 0.357761502266, "max": 8.89592552185, "mean": 7.70522069931, "median": 7.78661155701, "min": 5.6794719696, "var": 0.417612761259}, "spectral_flux": {"dmean": 0.12775310874, "dmean2": 0.203951790929, "dvar": 0.0178560242057, "dvar2": 0.0431076735258, "max": 0.732510745525, "mean": 0.224246650934, "median": 0.199831679463, "min": 3.61389938917e-05, "var": 0.0216285567731}, "spectral_kurtosis": {"dmean": 0.896721839905, "dmean2": 1.30791735649, "dvar": 1.2219632864, "dvar2": 2.61677265167, "max": 18.0797042847, "mean": 1.64429628849, "median": 1.42702960968, "min": -0.634665250778, "var": 1.75394189358}, "spectral_rms": {"dmean": 0.00461498415098, "dmean2": 0.00643946509808, "dvar": 1.99231471925e-05, "dvar2": 4.62983880425e-05, "max": 0.0263560693711, "mean": 0.00976046733558, "median": 0.00789064634591, "min": 1.12879251901e-06, "var": 3.42444764101e-05}, "spectral_rolloff": {"dmean": 1467.63928223, "dmean2": 2692.52099609, "dvar": 5121995, "dvar2": 13302559, "max": 14879.4433594, "mean": 1138.99560547, "median": 150.732421875, "min": 43.06640625, "var": 4047339.5}, "spectral_skewness": {"dmean": 0.172933071852, "dmean2": 0.261143028736, "dvar": 0.0337011143565, "dvar2": 0.0662905722857, "max": 3.51325297356, "mean": 1.13482165337, "median": 1.10685586929, "min": 0.494475483894, "var": 0.0839634165168}, "spectral_spread": {"dmean": 1741367.75, "dmean2": 2246566.75, "dvar": 2349315391490.0, "dvar2": 3636015661060.0, "max": 14476905, "mean": 8509351, "median": 8363030.5, "min": 3006351, "var": 5937981554690.0}, "spectral_strongpeak": {"dmean": 0.351460814476, "dmean2": 0.561806619167, "dvar": 0.179671645164, "dvar2": 0.385195195675, "max": 8.78581047058, "mean": 0.440495312214, "median": 0.221368685365, "min": 0, "var": 0.260025560856}, "zerocrossingrate": {"dmean": 0.0223909020424, "dmean2": 0.0277009569108, "dvar": 0.000301563064568, "dvar2": 0.000416655268054, "max": 0.27880859375, "mean": 0.0643308088183, "median": 0.0625, "min": 0.0029296875, "var": 0.00119490933139}, "barkbands": {"dmean": [0.00729373423383, 0.0963533893228, 0.0141097949818, 0.00478112371638, 0.00194129650481, 0.000843690533657, 0.000385873572668, 0.000454633584013, 0.00021109188674, 0.000155724643264, 0.000173642009031, 0.000161111107445, 0.000142720426084, 0.000116423514555, 0.000132658577058, 0.000100886754808, 0.000170153332874, 0.000298998260405, 0.000619983067736, 0.000516374013387, 0.000510973564815, 0.000401453260565, 0.000549921649508, 0.000784529664088, 0.00097150739748, 0.00109345733654, 2.66281112999e-05], "dmean2": [0.0123035330325, 0.154956102371, 0.0245148483664, 0.00821859017015, 0.00313267996535, 0.00139978039078, 0.00062820391031, 0.000656137883198, 0.000317387079122, 0.000247605785262, 0.000294070807286, 0.000258696323726, 0.000244077949901, 0.000182077172212, 0.000220194386202, 0.000168324637343, 0.000310952891596, 0.000561236345675, 0.00117489451077, 0.000975676579401, 0.00093722937163, 0.000663719198201, 0.000948997796513, 0.00134592922404, 0.00165499071591, 0.00181528180838, 4.6967263188e-05], "dvar": [4.95350104757e-05, 0.0185257103294, 0.000414205685956, 7.10993263056e-05, 1.23435238493e-05, 2.17027741201e-06, 7.6966313145e-07, 6.95794369676e-07, 1.13750537878e-07, 1.86647582723e-07, 9.64618180888e-08, 6.36935126863e-08, 1.09477610977e-07, 4.07212823461e-08, 4.46799504061e-08, 4.33516653686e-08, 7.27798763478e-08, 3.68822583141e-07, 1.45707269894e-06, 9.65113940765e-07, 6.94855771144e-07, 3.47942290091e-07, 6.53481436075e-07, 1.14928820949e-06, 1.59557487223e-06, 1.96924338525e-06, 2.12938888744e-09], "dvar2": [0.000124772079289, 0.0482920743525, 0.00109700101893, 0.000185224940651, 3.33938041877e-05, 5.62595278097e-06, 2.05060632652e-06, 1.63873903603e-06, 2.17045197815e-07, 4.62487747654e-07, 2.43495890118e-07, 1.4312487906e-07, 3.00373329765e-07, 8.29955268955e-08, 1.032126562e-07, 1.10330731218e-07, 2.01263432587e-07, 1.04416074009e-06, 4.05672153647e-06, 2.69665861197e-06, 1.89500622128e-06, 8.80014226823e-07, 1.72908164586e-06, 3.01146633319e-06, 4.06615617976e-06, 4.94042842547e-06, 5.72509151198e-09], "max": [0.0413022004068, 0.644555926323, 0.144582659006, 0.0755537822843, 0.0461366921663, 0.0108610931784, 0.00946762692183, 0.0126339579001, 0.00454328441992, 0.00759814167395, 0.00409691454843, 0.00379079463892, 0.00322352536023, 0.00221894471906, 0.00226725940593, 0.00302898790687, 0.0024271805305, 0.00401997752488, 0.00609893212095, 0.00608945870772, 0.0118554234505, 0.00872807670385, 0.00625336682424, 0.00767804868519, 0.0060673695989, 0.00630273949355, 0.000322461157339], "mean": [0.00926039833575, 0.0959160551429, 0.0122049003839, 0.00396775361151, 0.00177470839117, 0.000749276601709, 0.000473685620818, 0.000831734098028, 0.00035134589416, 0.000201262082555, 0.000261034350842, 0.000258662155829, 0.000168626793311, 0.000243964328547, 0.000227900600294, 0.000129576626932, 0.00020928568847, 0.000287544215098, 0.000496784981806, 0.000486344273668, 0.000660728546791, 0.000586058362387, 0.000549271586351, 0.000702038465533, 0.000812074518763, 0.000895288249012, 4.26629630965e-05], "median": [0.00671552913263, 0.0288998261094, 0.00536557566375, 0.00121364800725, 0.000692307949066, 0.000231680402067, 0.00013951107394, 0.000375114905182, 0.000103068246972, 4.41399388365e-05, 7.13068438927e-05, 0.0001001629862, 4.15857575717e-05, 4.41035190306e-05, 9.52809350565e-05, 4.67742902401e-05, 0.000101185018138, 0.0001164213827, 0.000170837491169, 0.00022737805557, 0.000328417052515, 0.000318853621138, 0.00023330996919, 0.000307149282889, 0.000290097552352, 0.000271416996839, 2.89241488645e-05], "min": [1.02577798686e-12, 2.35941257851e-12, 2.23500775179e-12, 7.80819961639e-13, 2.77921977966e-12, 2.20685344998e-11, 1.03836722207e-11, 1.2640933222e-12, 2.33164030618e-12, 6.41285809178e-12, 6.62555123612e-12, 3.26769306058e-11, 2.07235704291e-11, 1.1336076175e-11, 2.04187985964e-11, 2.52471099582e-11, 1.70232786201e-11, 1.92438304875e-11, 4.3748867376e-12, 2.30582757749e-11, 3.86843369837e-11, 7.32407190451e-11, 1.01899121085e-10, 2.46052039854e-10, 2.48776999001e-10, 2.04324279718e-10, 1.28505150965e-10], "var": [5.94576849835e-05, 0.02001433447, 0.000323327461956, 5.72388635192e-05, 9.67639243754e-06, 1.763551154e-06, 9.67626192505e-07, 1.32032130296e-06, 3.41566902762e-07, 2.69055675517e-07, 1.45828892073e-07, 1.32946937015e-07, 1.22487790577e-07, 1.88544120761e-07, 1.1810246292e-07, 5.24837702187e-08, 7.80644171527e-08, 2.30180731364e-07, 9.09477194e-07, 6.09777487171e-07, 8.34935747207e-07, 5.41876886473e-07, 6.16509964857e-07, 9.83980612546e-07, 1.35097332077e-06, 1.73493583588e-06, 2.59552512816e-09]}, "erbbands": {"dmean": [3.28505253792, 20.1335811615, 20.0602035522, 16.8565502167, 8.23559093475, 6.63744497299, 7.38188648224, 6.07531547546, 5.93515968323, 6.13188886642, 10.1446866989, 4.55047416687, 4.84523916245, 4.8592042923, 7.42101240158, 6.97460842133, 6.52768945694, 6.1349158287, 7.4734787941, 4.90710830688, 5.92109727859, 8.71291065216, 15.4326210022, 25.6585712433, 31.6049060822, 23.553527832, 25.13240242, 14.119808197, 14.5184354782, 14.5970973969, 17.5056419373, 15.169169426, 13.545126915, 8.18090343475, 8.27830028534, 4.06399583817, 2.45609307289, 0.245815262198, 0.00856855977327, 0.000410017702961], "dmean2": [5.66083812714, 31.5082435608, 32.5198860168, 28.7840366364, 13.6062307358, 11.1509923935, 12.1888141632, 10.1417007446, 10.1203374863, 8.85343551636, 14.8956708908, 6.74809074402, 7.51388263702, 8.00063800812, 12.7599983215, 11.1107463837, 11.0540895462, 9.45631217957, 12.5393486023, 8.34400558472, 10.1384954453, 16.1328601837, 29.0350627899, 48.4893302917, 59.4989051819, 44.6180419922, 47.1111717224, 24.9442596436, 24.1793041229, 25.3113613129, 30.1074104309, 25.5694561005, 23.7005939484, 13.7864360809, 14.2652311325, 6.793405056, 4.11214208603, 0.404170930386, 0.0150101268664, 0.000665220955852], "dvar": [17.1319923401, 904.173828125, 840.174987793, 852.228027344, 226.181762695, 152.625534058, 153.881011963, 105.174385071, 201.947784424, 137.959381104, 346.043731689, 53.7680549622, 129.944107056, 189.670349121, 163.610549927, 128.645950317, 193.422302246, 111.019210815, 131.249237061, 118.339775085, 95.2713088989, 221.362609863, 947.098632812, 2745.90478516, 3978.33007812, 1984.95910645, 2321.74365234, 594.954040527, 420.821380615, 515.51953125, 657.974243164, 454.63885498, 352.368499756, 111.17980957, 117.608894348, 27.6921424866, 10.2629423141, 0.100569888949, 0.000161148956977, 2.65440831981e-07], "dvar2": [47.2276344299, 2270.46875, 2126.99462891, 2269.64990234, 581.358276367, 415.027374268, 407.65145874, 275.690063477, 563.166564941, 308.465698242, 804.468200684, 100.645729065, 287.549438477, 484.652069092, 424.956420898, 282.404998779, 526.507263184, 226.258987427, 280.42401123, 321.291503906, 243.221176147, 616.645263672, 2669.33496094, 7768.05078125, 11041.2753906, 5539.45166016, 6498.13769531, 1553.63537598, 1066.28808594, 1335.5012207, 1759.32568359, 1190.74707031, 921.385742188, 286.281402588, 297.446807861, 71.4716720581, 25.6059417725, 0.246560946107, 0.00042017060332, 6.79068193676e-07], "max": [19.8396663666, 148.802322388, 158.079818726, 277.392486572, 207.682907104, 171.281478882, 87.0382461548, 71.6083679199, 157.673568726, 162.307250977, 235.743377686, 132.755279541, 303.667236328, 234.182800293, 179.312713623, 181.06993103, 131.844802856, 118.68788147, 110.053276062, 188.944412231, 104.068519592, 146.955917358, 224.3150177, 303.291595459, 410.002716064, 261.94354248, 374.71472168, 559.768615723, 370.676330566, 211.154067993, 169.59727478, 128.538742065, 166.613021851, 47.897354126, 52.5284805298, 22.4741363525, 14.965262413, 1.74093389511, 0.0799233019352, 0.00307111791335], "mean": [3.0332865715, 20.1525726318, 19.1638469696, 15.2754116058, 8.23796463013, 5.41714477539, 6.01924800873, 5.53359699249, 6.19962358475, 11.6075000763, 17.8483829498, 8.38098430634, 7.18420505524, 6.3244767189, 10.2662086487, 11.8953523636, 8.87449932098, 13.9465742111, 13.035782814, 8.0653219223, 8.4235162735, 10.1277914047, 15.1004734039, 21.9379005432, 26.2659854889, 22.0265617371, 26.1827487946, 22.6590461731, 22.1040363312, 17.8039779663, 17.2947177887, 14.5513534546, 11.1932668686, 7.25655937195, 6.69673633575, 3.37585020065, 1.94328463078, 0.22404935956, 0.010552007705, 0.000597444304731], "median": [1.21558988094, 5.11363172531, 7.84316396713, 6.51151227951, 3.83382105827, 1.58062112331, 1.53364980221, 1.70664680004, 1.59742558002, 3.63392162323, 8.5039434433, 3.63062429428, 1.57497787476, 1.65126764774, 4.01671743393, 4.83839416504, 3.45950317383, 4.05984735489, 6.28087043762, 5.22716522217, 4.7664103508, 5.06818723679, 5.08363008499, 8.37399101257, 9.33745384216, 9.84628200531, 11.8832683563, 11.6799221039, 12.9319705963, 8.91326236725, 8.07001781464, 7.25738716125, 4.02008676529, 2.98459553719, 2.25185132027, 1.19552695751, 0.520486950874, 0.0901062935591, 0.00822015758604, 0.000483834883198], "min": [5.28961180413e-11, 6.05573091672e-10, 2.35502528589e-09, 2.8110849204e-09, 5.07724751131e-09, 1.04354596075e-08, 2.7442922601e-08, 2.43966383096e-07, 2.44520919068e-07, 4.57524649278e-08, 2.02006340544e-08, 6.80926390828e-08, 8.57980566593e-08, 2.80962581201e-07, 9.70083760876e-07, 8.26205564408e-07, 1.08542417365e-06, 5.59884654194e-07, 1.39146163747e-06, 9.43027828271e-07, 9.96148628474e-07, 1.28564738588e-06, 1.00198519704e-06, 4.61800141238e-07, 4.34240490677e-07, 9.9597366443e-07, 1.92662264453e-06, 1.55377074407e-06, 2.06307231565e-06, 2.6684756449e-06, 3.5844229842e-06, 6.95140715834e-06, 2.76980904346e-06, 2.40473445956e-06, 1.77967638137e-06, 5.41279746358e-07, 4.75204359418e-07, 1.33171539574e-07, 1.69315832466e-08, 2.36676123144e-09], "var": [16.6270751953, 1017.73901367, 789.622253418, 672.018798828, 184.578430176, 111.258239746, 119.621437073, 86.1385269165, 165.544647217, 311.205322266, 677.772216797, 165.733901978, 266.461212158, 207.486251831, 217.174606323, 284.979217529, 224.82244873, 512.578491211, 341.638153076, 118.68775177, 117.858085632, 195.350112915, 633.737548828, 1648.27233887, 2551.23608398, 1266.53869629, 1781.20214844, 1000.36547852, 723.765930176, 550.191894531, 601.965148926, 407.265960693, 289.374359131, 96.6705551147, 97.6710586548, 23.6079063416, 8.86832237244, 0.0930472761393, 0.000147273414768, 2.99209659715e-07]}, "gfcc": {"mean": [42.9231758118, 36.2871170044, -56.6720809937, 57.4570121765, -35.6399536133, 32.8419265747, -19.7460536957, 20.4808063507, -16.2024116516, 16.2624816895, -16.5534973145, 1.04610753059, -20.2636032104], "cov": [[4272.03125, -865.942199707, 694.61138916, -38.643661499, -334.524841309, -88.3022384644, -365.535247803, 33.5717277527, -441.754119873, 11.8142547607, -102.905685425, 284.723358154, -56.5719490051], [-865.942199707, 914.191772461, -293.319824219, 25.8596782684, 36.5859718323, 8.95329093933, 114.718772888, -72.0806121826, 85.4404449463, 42.5445899963, 109.34941864, -28.9461154938, 86.9606933594], [694.61138916, -293.319824219, 1177.3182373, -144.860198975, 92.1950302124, 77.3137512207, -222.93270874, 103.096290588, -139.058364868, -40.9418830872, -103.872314453, 128.326980591, -29.2983646393], [-38.643661499, 25.8596782684, -144.860198975, 246.712478638, 27.0887641907, 9.88471508026, 34.3239250183, -58.6828231812, 1.07554244995, -2.61817240715, 11.6645927429, 2.08707332611, 29.3738861084], [-334.524841309, 36.5859718323, 92.1950302124, 27.0887641907, 179.686462402, 37.8003044128, 44.7203559875, 30.6300964355, 29.6690711975, -13.6895866394, -3.66896343231, -16.1200389862, 5.31642770767], [-88.3022384644, 8.95329093933, 77.3137512207, 9.88471508026, 37.8003044128, 106.219093323, 20.6204128265, 5.86572170258, 23.0135307312, -1.65169119835, -32.2080459595, -0.709052741528, 9.65375423431], [-365.535247803, 114.718772888, -222.93270874, 34.3239250183, 44.7203559875, 20.6204128265, 147.036117554, 21.3452243805, 68.3003997803, 3.68604016304, 20.5704345703, -52.843662262, 7.30547142029], [33.5717277527, -72.0806121826, 103.096290588, -58.6828231812, 30.6300964355, 5.86572170258, 21.3452243805, 96.7078933716, 7.27127122879, -22.4235668182, -17.1764717102, 1.54340314865, -2.09692716599], [-441.754119873, 85.4404449463, -139.058364868, 1.07554244995, 29.6690711975, 23.0135307312, 68.3003997803, 7.27127122879, 143.18649292, 32.3355407715, -7.53814554214, -66.8818511963, -8.18926620483], [11.8142547607, 42.5445899963, -40.9418830872, -2.61817240715, -13.6895866394, -1.65169119835, 3.68604016304, -22.4235668182, 32.3355407715, 111.043777466, 37.7169265747, -7.6411075592, -29.3720340729], [-102.905685425, 109.34941864, -103.872314453, 11.6645927429, -3.66896343231, -32.2080459595, 20.5704345703, -17.1764717102, -7.53814554214, 37.7169265747, 95.2962341309, 26.0602416992, 14.2651777267], [284.723358154, -28.9461154938, 128.326980591, 2.08707332611, -16.1200389862, -0.709052741528, -52.843662262, 1.54340314865, -66.8818511963, -7.6411075592, 26.0602416992, 101.340896606, 38.6946296692], [-56.5719490051, 86.9606933594, -29.2983646393, 29.3738861084, 5.31642770767, 9.65375423431, 7.30547142029, -2.09692716599, -8.18926620483, -29.3720340729, 14.2651777267, 38.6946296692, 73.1005783081]], "icov": [[0.00058067846112, 0.000198390320293, -4.509599421e-06, -0.000257673149463, 0.000749360420741, 0.000272984965704, 2.5715547963e-05, -0.000542498601135, 0.00127014913596, -0.000905729655642, 0.00114656134974, -0.001071112114, 0.000328025402268], [0.000198390320293, 0.00199913722463, -0.000300450192299, 0.000653413357213, 9.57128941081e-05, 5.24134884472e-05, -0.00113718106877, 0.00182312575635, 9.16106218938e-05, -0.000726317928638, -0.00149882829282, 0.00137868477032, -0.00317443604581], [-4.509599421e-06, -0.000300450192299, 0.00249273376539, 0.000367240660125, -0.00178117735777, -0.00159109593369, 0.00346555979922, -0.00250150589272, 0.000847684568726, -0.000281918677501, 0.00172937987372, -0.0023656222038, 0.00202341564], [-0.000257673149463, 0.000653413357213, 0.000367240660125, 0.00621488550678, -0.00202581775375, 0.000146333317389, -0.0022585587576, 0.00510576181114, 8.90596420504e-05, -3.45207736245e-05, 0.000501957838424, -0.000268032134045, -0.00278662866913], [0.000749360420741, 9.57128941081e-05, -0.00178117735777, -0.00202581775375, 0.00939227174968, -0.00110518350266, -0.00251723732799, -0.0020359668415, 0.00037189811701, 0.000422211305704, -0.00125508802012, 0.000958557706326, 0.00017107995518], [0.000272984965704, 5.24134884472e-05, -0.00159109593369, 0.000146333317389, -0.00110518350266, 0.0149254025891, -0.00580119574443, 0.00326927891001, -0.00122910493519, -0.0029431139119, 0.0078581366688, -0.00398147851229, -0.00251093390398], [2.5715547963e-05, -0.00113718106877, 0.00346555979922, -0.0022585587576, -0.00251723732799, -0.00580119574443, 0.0196486786008, -0.00965260714293, -0.00125307554845, 0.00126543140505, -0.00485660787672, 0.00541394995525, 0.000827916781418], [-0.000542498601135, 0.00182312575635, -0.00250150589272, 0.00510576181114, -0.0020359668415, 0.00326927891001, -0.00965260714293, 0.0211924724281, -0.00335084297694, 0.00299614667892, 0.000288077193545, -0.00155619485304, -0.00275796069764], [0.00127014913596, 9.16106218938e-05, 0.000847684568726, 8.90596420504e-05, 0.00037189811701, -0.00122910493519, -0.00125307554845, -0.00335084297694, 0.016960112378, -0.00765080936253, 0.00483539747074, 0.00563920242712, -0.00376042770222], [-0.000905729655642, -0.000726317928638, -0.000281918677501, -3.45207736245e-05, 0.000422211305704, -0.0029431139119, 0.00126543140505, 0.00299614667892, -0.00765080936253, 0.0177776459605, -0.00981616880745, -0.00138625677209, 0.00931679643691], [0.00114656134974, -0.00149882829282, 0.00172937987372, 0.000501957838424, -0.00125508802012, 0.0078581366688, -0.00485660787672, 0.000288077193545, 0.00483539747074, -0.00981616880745, 0.0267399698496, -0.0134093677625, 0.00118630332872], [-0.001071112114, 0.00137868477032, -0.0023656222038, -0.000268032134045, 0.000958557706326, -0.00398147851229, 0.00541394995525, -0.00155619485304, 0.00563920242712, -0.00138625677209, -0.0134093677625, 0.033330809325, -0.0183906760067], [0.000328025402268, -0.00317443604581, 0.00202341564, -0.00278662866913, 0.00017107995518, -0.00251093390398, 0.000827916781418, -0.00275796069764, -0.00376042770222, 0.00931679643691, 0.00118630332872, -0.0183906760067, 0.0326235406101]]}, "melbands": {"dmean": [0.0282611530274, 0.0157137103379, 0.00266060372815, 0.000474621512694, 0.000271989614703, 0.000145779922605, 8.64044122864e-05, 7.18362935004e-05, 8.04062001407e-05, 2.67640862148e-05, 2.41054913204e-05, 1.90894588741e-05, 2.36028899963e-05, 1.83680294867e-05, 1.66818063008e-05, 1.49041297846e-05, 1.22733927128e-05, 1.19751366583e-05, 9.13635085453e-06, 7.59896693125e-06, 7.91173170001e-06, 9.94184392766e-06, 9.37392724154e-06, 1.6473883079e-05, 2.113874325e-05, 2.44869206654e-05, 2.14885149035e-05, 1.41991586133e-05, 1.6822876205e-05, 1.08253907456e-05, 8.23975642561e-06, 7.41407666283e-06, 9.79913875199e-06, 7.87518001744e-06, 1.14340118671e-05, 8.61482385517e-06, 9.39243273024e-06, 1.05106128103e-05, 7.14721772965e-06, 6.83633697918e-06], "dmean2": [0.0464254058897, 0.0241637043655, 0.00448710471392, 0.000761148927268, 0.000448945502285, 0.000243063317612, 0.000144629637362, 0.000102975514892, 0.000117734023661, 4.01213183068e-05, 3.77007963834e-05, 3.13910422847e-05, 4.11985201936e-05, 2.99600396829e-05, 2.74703215837e-05, 2.46308845817e-05, 1.84084055945e-05, 2.01409366127e-05, 1.51624581122e-05, 1.25396500152e-05, 1.36236512844e-05, 1.83387128345e-05, 1.72675863723e-05, 3.11809380946e-05, 3.99021882913e-05, 4.64063268737e-05, 4.0511982661e-05, 2.6670324587e-05, 3.16958103213e-05, 1.96289201995e-05, 1.44290088429e-05, 1.20582635645e-05, 1.68853348441e-05, 1.37507013278e-05, 2.02078026632e-05, 1.46181018863e-05, 1.58281563927e-05, 1.85842927749e-05, 1.20949098346e-05, 1.16030341815e-05], "dvar": [0.00145817757584, 0.000516162777785, 1.93106825463e-05, 8.19907654659e-07, 1.90506128206e-07, 6.28973992889e-08, 3.97574488886e-08, 1.98521430406e-08, 1.98261531636e-08, 2.14561191036e-09, 3.30381499936e-09, 3.43030648331e-09, 1.80755643786e-09, 7.78604958285e-10, 1.02384833944e-09, 1.09447395591e-09, 5.0434312282e-10, 3.52010198768e-10, 3.03283786973e-10, 2.78270656517e-10, 1.71805319971e-10, 2.79814893478e-10, 3.05748482088e-10, 1.16667919769e-09, 1.91579974107e-09, 2.30225660758e-09, 1.75085934639e-09, 6.57175203145e-10, 1.17697851465e-09, 2.92368240729e-10, 2.47495079986e-10, 1.03852419719e-10, 2.28139299119e-10, 1.39842679103e-10, 2.69746336379e-10, 1.93094873424e-10, 1.64317504048e-10, 2.18176532396e-10, 8.92160928467e-11, 7.88342030544e-11], "dvar2": [0.00388310151175, 0.00124541157857, 5.11009820912e-05, 2.2103658921e-06, 5.08322671067e-07, 1.64141724213e-07, 1.09487181987e-07, 4.50804336083e-08, 4.47297310302e-08, 3.85431420113e-09, 7.37798000472e-09, 8.80780159918e-09, 4.77341988159e-09, 1.79545212031e-09, 2.61569566007e-09, 2.77467870902e-09, 8.92548368547e-10, 7.67928665102e-10, 7.55448315015e-10, 7.2007272367e-10, 4.32064523048e-10, 7.76624820009e-10, 8.64325500061e-10, 3.29875238236e-09, 5.43030109768e-09, 6.3823581975e-09, 4.86069717809e-09, 1.83705883838e-09, 3.32617378085e-09, 7.7989315006e-10, 6.52014664482e-10, 2.46271614213e-10, 5.75667014058e-10, 3.6527342262e-10, 7.16528225642e-10, 5.15900377973e-10, 4.24082796657e-10, 5.73016967209e-10, 2.2980171932e-10, 2.04593800235e-10], "max": [0.186494231224, 0.127099260688, 0.0409980006516, 0.0126871718094, 0.00291164848022, 0.0017080118414, 0.00218921084888, 0.00206226971932, 0.00179212272633, 0.000894262106158, 0.00149627705105, 0.00104820600245, 0.000610645976849, 0.000405194179621, 0.000529543496668, 0.000443479977548, 0.00025443994673, 0.000163637829246, 0.000237193744397, 0.000266937044216, 0.000128073981614, 0.000180029834155, 0.000142659802805, 0.000201387316338, 0.000261861918261, 0.00028288635076, 0.000294257188216, 0.000151602202095, 0.000209199104575, 0.000239098197198, 0.000365454994608, 0.000200898895855, 0.000160441515618, 0.000112592038931, 0.000105454229924, 9.98822506517e-05, 7.4132833106e-05, 0.00013434405264, 4.99095658597e-05, 4.03734229621e-05], "mean": [0.0281151905656, 0.0163595136255, 0.00245096487924, 0.000441723037511, 0.000218523753574, 0.000131579363369, 9.6079420473e-05, 0.000137207927764, 0.000139659197885, 4.68548096251e-05, 3.42492567142e-05, 2.32254933508e-05, 3.11278490699e-05, 3.03109482047e-05, 2.3433341994e-05, 1.93983651116e-05, 2.77595554508e-05, 1.91336002899e-05, 1.53491837409e-05, 1.04565533547e-05, 1.02849971881e-05, 1.15791490316e-05, 1.01337045635e-05, 1.48328517753e-05, 1.77222464117e-05, 1.91518793144e-05, 1.77219517354e-05, 1.39549747473e-05, 1.56859878189e-05, 1.44976220326e-05, 1.36262315209e-05, 1.21097864394e-05, 1.23130803331e-05, 8.76965259522e-06, 1.07897549242e-05, 8.60218551679e-06, 8.79150320543e-06, 8.37830793898e-06, 6.31570082987e-06, 6.0324646256e-06], "median": [0.00974703673273, 0.00542304944247, 0.00109719799366, 0.000183966709301, 5.45341208635e-05, 4.06481703976e-05, 2.17875531234e-05, 5.31519071956e-05, 5.91416719544e-05, 1.60199815582e-05, 6.24537415206e-06, 4.41607608082e-06, 9.16833505471e-06, 1.65041492437e-05, 8.39690892462e-06, 3.92627089241e-06, 4.51211690233e-06, 8.11754034657e-06, 6.60827572574e-06, 3.78171102966e-06, 4.83355142933e-06, 5.15028114023e-06, 3.93580194213e-06, 6.18516469331e-06, 6.367349215e-06, 5.21889569427e-06, 5.61213346373e-06, 6.41683118374e-06, 6.46643684377e-06, 7.77333480073e-06, 5.02229204358e-06, 6.91493187333e-06, 6.72876831231e-06, 3.74713476958e-06, 4.36314257968e-06, 4.76913373859e-06, 4.00248336518e-06, 2.77866820397e-06, 2.60790125139e-06, 2.52950690083e-06], "min": [6.17876409759e-13, 1.12099056166e-12, 5.55465612742e-13, 5.34975926406e-13, 8.92672058234e-13, 5.32810514459e-12, 3.3592961312e-12, 3.76998210211e-13, 1.5779819942e-13, 4.24488216929e-13, 4.11134315611e-13, 1.08515984826e-12, 2.07760241303e-12, 4.33840029873e-12, 1.21162173176e-12, 2.32784906802e-12, 7.03166257859e-13, 2.29746885579e-12, 1.09803778483e-12, 1.85426522227e-12, 8.90108516408e-13, 1.27559616515e-12, 1.21262245037e-12, 5.98131461894e-13, 3.54208660016e-13, 1.6657660494e-13, 5.91171859729e-13, 5.77857965471e-13, 1.56835124315e-12, 5.67593931924e-13, 1.04806473829e-12, 1.14938776812e-12, 1.48424924695e-12, 1.40550396842e-12, 1.82795879128e-12, 2.98715761328e-12, 4.50583754336e-12, 1.62991614563e-12, 2.25733364292e-12, 1.91220108324e-12], "var": [0.00152789067943, 0.000589294708334, 1.56685346155e-05, 6.39897052679e-07, 1.48182948578e-07, 5.14394500328e-08, 3.86127467777e-08, 4.24186197279e-08, 4.3142794226e-08, 6.74980960014e-09, 6.65070309935e-09, 3.49995321614e-09, 2.1096926428e-09, 1.50700940615e-09, 1.38962163998e-09, 1.76014602893e-09, 2.71630118398e-09, 8.17625023242e-10, 5.73907754653e-10, 3.60458163318e-10, 2.26601085118e-10, 2.84863077571e-10, 2.399977439e-10, 6.90789592195e-10, 1.15729092975e-09, 1.45699030618e-09, 1.11994824525e-09, 4.38628827704e-10, 7.82202691507e-10, 4.16300743877e-10, 4.27706592365e-10, 2.25659629871e-10, 2.6520607932e-10, 1.45377807015e-10, 2.36786673602e-10, 1.67834537934e-10, 1.48591403071e-10, 1.72957759226e-10, 7.79718720145e-11, 6.70196467767e-11]}, "mfcc": {"mean": [-626.91607666, 72.6026916504, 45.4910316467, 44.5994720459, 20.5829582214, 23.2860031128, 15.2420549393, 12.4193964005, 10.5892095566, 12.7109527588, 12.6784639359, 10.8273820877, 5.34292936325], "cov": [[4061.54833984, -657.021789551, 331.23260498, -90.7693405151, -143.66998291, -212.655944824, 2.99431562424, -63.8092346191, -268.894592285, -224.334152222, -238.496520996, -206.273071289, -23.0811443329], [-657.021789551, 713.689147949, 54.4472465515, -45.0938453674, 29.8074989319, 7.599568367, 32.1054115295, -12.3643274307, 8.11036777496, -0.302141100168, 14.1511335373, 9.64542007446, 27.9093151093], [331.23260498, 54.4472465515, 629.321166992, -121.717262268, 165.775756836, -8.83304023743, -21.3529129028, 30.4628772736, -10.1066026688, -18.2439575195, -48.8647460938, -92.5577926636, -30.9090633392], [-90.7693405151, -45.0938453674, -121.717262268, 210.764358521, -1.46964716911, 46.0136375427, 27.4185066223, -25.3305568695, 1.70608043671, -24.0215682983, 20.5566253662, 38.6017494202, 27.8298912048], [-143.66998291, 29.8074989319, 165.775756836, -1.46964716911, 178.707168579, 14.4514770508, 20.7693862915, 30.7399463654, 11.3089752197, 4.78700828552, -15.3805398941, -13.4094133377, -13.9082784653], [-212.655944824, 7.599568367, -8.83304023743, 46.0136375427, 14.4514770508, 137.142868042, -4.31873607635, -2.66286444664, 39.7521438599, 2.37036061287, 29.2258014679, 9.69143199921, -5.10800790787], [2.99431562424, 32.1054115295, -21.3529129028, 27.4185066223, 20.7693862915, -4.31873607635, 99.9095916748, 37.374042511, -14.1496839523, -12.6605863571, -18.1764545441, 9.79117774963, -10.8947839737], [-63.8092346191, -12.3643274307, 30.4628772736, -25.3305568695, 30.7399463654, -2.66286444664, 37.374042511, 110.999839783, 39.6920318604, 12.9771499634, -32.3131370544, -31.9705066681, -36.2372207642], [-268.894592285, 8.11036777496, -10.1066026688, 1.70608043671, 11.3089752197, 39.7521438599, -14.1496839523, 39.6920318604, 113.708511353, 60.1739463806, 43.4776725769, -0.155096948147, -14.3185214996], [-224.334152222, -0.302141100168, -18.2439575195, -24.0215682983, 4.78700828552, 2.37036061287, -12.6605863571, 12.9771499634, 60.1739463806, 84.5133361816, 47.3672981262, 1.93741440773, -12.4658250809], [-238.496520996, 14.1511335373, -48.8647460938, 20.5566253662, -15.3805398941, 29.2258014679, -18.1764545441, -32.3131370544, 43.4776725769, 47.3672981262, 114.415122986, 48.1632652283, 24.3651752472], [-206.273071289, 9.64542007446, -92.5577926636, 38.6017494202, -13.4094133377, 9.69143199921, 9.79117774963, -31.9705066681, -0.155096948147, 1.93741440773, 48.1632652283, 105.408599854, 33.817741394], [-23.0811443329, 27.9093151093, -30.9090633392, 27.8298912048, -13.9082784653, -5.10800790787, -10.8947839737, -36.2372207642, -14.3185214996, -12.4658250809, 24.3651752472, 33.817741394, 114.213951111]], "icov": [[0.000530390883796, 0.000516639614943, -0.00033580136369, 0.000136346730869, 0.000604533706792, 0.000534516584594, -0.000572796678171, 0.000653609924484, 5.43946443941e-05, 0.00100467016455, 0.000121991783089, 0.000870215182658, -6.01167448622e-05], [0.000516639614943, 0.00205217255279, -0.000362894963473, 0.000815425650217, 0.0003590794513, 0.000411610875744, -0.00164373544976, 0.00144714862108, -0.00066967314342, 0.00140804774128, -2.05880132853e-06, 0.000953210226726, -0.000541548244655], [-0.00033580136369, -0.000362894963473, 0.0031015551649, 0.00143241509795, -0.0031136625912, -0.000311817682814, 0.000864877074491, -3.05983230646e-05, -0.000254653161392, 0.00107664917596, -0.000755172979552, 0.00143913039938, 1.13989481179e-05], [0.000136346730869, 0.000815425650217, 0.00143241509795, 0.00742454547435, -0.0013850054238, -0.00142102024984, -0.00290658860467, 0.0027231273707, -0.00234804232605, 0.00397399254143, -0.000744566030335, 0.000383237143978, -0.00105390325189], [0.000604533706792, 0.0003590794513, -0.0031136625912, -0.0013850054238, 0.00936737190932, -0.000286716414848, -0.00184163649101, -0.000776982400566, 0.000457402580651, -0.00135419762228, 0.00160957488697, -0.00062912836438, -1.25935857795e-05], [0.000534516584594, 0.000411610875744, -0.000311817682814, -0.00142102024984, -0.000286716414848, 0.0103088337928, -0.000437935959781, 0.00186765834223, -0.00474990997463, 0.00507575180382, -0.00216748565435, 0.00136242434382, 0.00126372068189], [-0.000572796678171, -0.00164373544976, 0.000864877074491, -0.00290658860467, -0.00184163649101, -0.000437935959781, 0.0162745025009, -0.00887189339846, 0.00552970962599, -0.00178392603993, -0.000189353857422, -0.00386676518247, 0.00140577240381], [0.000653609924484, 0.00144714862108, -3.05983230646e-05, 0.0027231273707, -0.000776982400566, 0.00186765834223, -0.00887189339846, 0.0199481714517, -0.0105666881427, 0.00275220558979, 0.00531884701923, 0.00381625373848, 0.00128939549904], [5.43946443941e-05, -0.00066967314342, -0.000254653161392, -0.00234804232605, 0.000457402580651, -0.00474990997463, 0.00552970962599, -0.0105666881427, 0.0228837355971, -0.0121203633025, -0.00384421367198, -0.00047139407252, 0.000201676899451], [0.00100467016455, 0.00140804774128, 0.00107664917596, 0.00397399254143, -0.00135419762228, 0.00507575180382, -0.00178392603993, 0.00275220558979, -0.0121203633025, 0.0290991198272, -0.00917332433164, 0.00462452555075, 0.0021913300734], [0.000121991783089, -2.05880132853e-06, -0.000755172979552, -0.000744566030335, 0.00160957488697, -0.00216748565435, -0.000189353857422, 0.00531884701923, -0.00384421367198, -0.00917332433164, 0.0193179249763, -0.0061332155019, -0.00201748404652], [0.000870215182658, 0.000953210226726, 0.00143913039938, 0.000383237143978, -0.00062912836438, 0.00136242434382, -0.00386676518247, 0.00381625373848, -0.00047139407252, 0.00462452555075, -0.0061332155019, 0.0169605985284, -0.00220255530439], [-6.01167448622e-05, -0.000541548244655, 1.13989481179e-05, -0.00105390325189, -1.25935857795e-05, 0.00126372068189, 0.00140577240381, 0.00128939549904, 0.000201676899451, 0.0021913300734, -0.00201748404652, -0.00220255530439, 0.011080738157]]}, "spectral_contrast_coeffs": {"dmean": [0.0601748712361, 0.059131719172, 0.0663715973496, 0.0616009496152, 0.050026781857, 0.0475185401738], "dmean2": [0.0970609486103, 0.0857607796788, 0.0917429327965, 0.0864532515407, 0.066445030272, 0.0692322701216], "dvar": [0.00208631460555, 0.00274748215452, 0.0037207477726, 0.0035186232999, 0.00267980829813, 0.00271313916892], "dvar2": [0.00583514431491, 0.00565356994048, 0.00717544415966, 0.00680177891627, 0.00438353652135, 0.00488961813971], "max": [-0.434222251177, -0.428603351116, -0.444551408291, -0.489057660103, -0.487609744072, -0.539627432823], "mean": [-0.685300290585, -0.728194892406, -0.74227565527, -0.72265213728, -0.739220023155, -0.763754427433], "median": [-0.689041137695, -0.745484352112, -0.754968166351, -0.733183085918, -0.758572459221, -0.777053833008], "min": [-0.920864880085, -0.958139419556, -0.933388292789, -0.909947752953, -0.908464848995, -0.897897005081], "var": [0.00366351008415, 0.00760177988559, 0.0101058119908, 0.00929890573025, 0.00723628560081, 0.00492841703817]}, "spectral_contrast_valleys": {"dmean": [0.627139508724, 0.762986183167, 0.913188755512, 0.797380506992, 0.912792801857, 1.03471040726], "dmean2": [0.855576992035, 1.03386199474, 1.22295105457, 1.08871245384, 1.26603209972, 1.39544737339], "dvar": [0.344855725765, 0.47815439105, 0.687179505825, 0.638690948486, 1.15349674225, 1.08475530148], "dvar2": [0.708079814911, 0.979033708572, 1.50972366333, 1.37358641624, 2.55077719688, 2.0804579258], "max": [-4.73924922943, -4.88545656204, -5.4024105072, -5.96653270721, -5.06595563889, -7.13957977295], "mean": [-6.38504219055, -7.26239776611, -8