{"lowlevel": {"average_loudness": 0.313111871481, "barkbands_crest": {"dmean": 2.10725665092, "dmean2": 3.44242024422, "dvar": 3.96450710297, "dvar2": 10.4504432678, "max": 26.5645141602, "mean": 11.8694667816, "median": 10.8556575775, "min": 3.19038891792, "var": 20.5060863495}, "barkbands_flatness_db": {"dmean": 0.0205446090549, "dmean2": 0.0340834222734, "dvar": 0.000418727955548, "dvar2": 0.00104239827488, "max": 0.619233429432, "mean": 0.378724396229, "median": 0.379288375378, "min": 0.0352843515575, "var": 0.00389305921271}, "barkbands_kurtosis": {"dmean": 2.13628554344, "dmean2": 3.4288713932, "dvar": 24.5024013519, "dvar2": 76.8700561523, "max": 161.46786499, "mean": 4.39274120331, "median": 2.35207223892, "min": -1.86466372013, "var": 63.2418251038}, "barkbands_skewness": {"dmean": 0.397309303284, "dmean2": 0.622143983841, "dvar": 0.19545057416, "dvar2": 0.496650725603, "max": 10.0520601273, "mean": 1.08694756031, "median": 1.06305909157, "min": -3.9006524086, "var": 1.29177463055}, "barkbands_spread": {"dmean": 1.09887909889, "dmean2": 1.7379771471, "dvar": 6.98879623413, "dvar2": 18.2546348572, "max": 119.385025024, "mean": 5.79263162613, "median": 4.41182947159, "min": 0.245448246598, "var": 56.908367157}, "dissonance": {"dmean": 0.0392938219011, "dmean2": 0.0682375282049, "dvar": 0.00139884476084, "dvar2": 0.00385452760383, "max": 0.500000059605, "mean": 0.387801557779, "median": 0.399214088917, "min": 0.0435381643474, "var": 0.00464910920709}, "dynamic_complexity": 6.01142835617, "erbbands_crest": {"dmean": 2.31743168831, "dmean2": 3.69971084595, "dvar": 5.91459703445, "dvar2": 14.9112548828, "max": 33.8017501831, "mean": 13.2910518646, "median": 11.7809638977, "min": 2.70498847961, "var": 34.8872833252}, "erbbands_flatness_db": {"dmean": 0.0145393395796, "dmean2": 0.0235795397311, "dvar": 0.000239134518779, "dvar2": 0.000597595353611, "max": 0.563992917538, "mean": 0.390498012304, "median": 0.389467895031, "min": 0.041057895869, "var": 0.00289243273437}, "erbbands_kurtosis": {"dmean": 1.27713298798, "dmean2": 2.01846623421, "dvar": 5.63810157776, "dvar2": 15.515332222, "max": 58.045955658, "mean": 2.20679712296, "median": 0.811570286751, "min": -1.76198673248, "var": 22.0445461273}, "erbbands_skewness": {"dmean": 0.308262079954, "dmean2": 0.476556897163, "dvar": 0.110307149589, "dvar2": 0.276163876057, "max": 6.3918132782, "mean": 0.571867763996, "median": 0.610622406006, "min": -4.41489076614, "var": 1.13298153877}, "erbbands_spread": {"dmean": 1.85775232315, "dmean2": 2.90274715424, "dvar": 5.70476293564, "dvar2": 13.4937772751, "max": 112.496116638, "mean": 11.4503507614, "median": 10.620475769, "min": 0.623825669289, "var": 59.7274551392}, "hfc": {"dmean": 3.00171661377, "dmean2": 4.07922554016, "dvar": 38.3557434082, "dvar2": 66.1189041138, "max": 193.018890381, "mean": 10.6596374512, "median": 6.054438591, "min": 1.17195332998e-16, "var": 241.06451416}, "melbands_crest": {"dmean": 2.36563205719, "dmean2": 3.862169981, "dvar": 5.06527996063, "dvar2": 12.9906301498, "max": 33.2567558289, "mean": 14.0052175522, "median": 13.0752506256, "min": 1.81669712067, "var": 23.8514595032}, "melbands_flatness_db": {"dmean": 0.0227535367012, "dmean2": 0.0373863130808, "dvar": 0.000579489511438, "dvar2": 0.00134778593201, "max": 0.77930855751, "mean": 0.495661437511, "median": 0.500554263592, "min": 0.00561116170138, "var": 0.00679090386257}, "melbands_kurtosis": {"dmean": 2.26804924011, "dmean2": 3.64681982994, "dvar": 17.9394760132, "dvar2": 51.5303039551, "max": 127.208908081, "mean": 5.29012393951, "median": 3.46269416809, "min": -1.87370586395, "var": 53.5208282471}, "melbands_skewness": {"dmean": 0.392174363136, "dmean2": 0.616135716438, "dvar": 0.178640261292, "dvar2": 0.442794799805, "max": 10.633149147, "mean": 1.35616362095, "median": 1.34768748283, "min": -3.07799315453, "var": 1.2319688797}, "melbands_spread": {"dmean": 1.66550314426, "dmean2": 2.58643198013, "dvar": 9.26362705231, "dvar2": 19.6580867767, "max": 163.944381714, "mean": 8.41356086731, "median": 6.1490521431, "min": 0.529724895954, "var": 61.2766036987}, "pitch_salience": {"dmean": 0.0577368028462, "dmean2": 0.0946522951126, "dvar": 0.00281753810123, "dvar2": 0.00727028818801, "max": 0.903785407543, "mean": 0.540798664093, "median": 0.553092598915, "min": 0.0864908024669, "var": 0.0132356621325}, "silence_rate_20dB": {"dmean": 0, "dmean2": 0, "dvar": 0, "dvar2": 0, "max": 1, "mean": 1, "median": 1, "min": 1, "var": 0}, "silence_rate_30dB": {"dmean": 0.00580588169396, "dmean2": 0.0116132292897, "dvar": 0.00577247096226, "dvar2": 0.0129930321127, "max": 1, "mean": 0.98889452219, "median": 1, "min": 0, "var": 0.0109814498574}, "silence_rate_60dB": {"dmean": 0.0204467996955, "dmean2": 0.0408987626433, "dvar": 0.0200275499374, "dvar2": 0.0435209348798, "max": 1, "mean": 0.222867235541, "median": 0, "min": 0, "var": 0.173199743032}, "spectral_centroid": {"dmean": 48.9567642212, "dmean2": 74.4055938721, "dvar": 14932.1572266, "dvar2": 23721.4296875, "max": 11483.5927734, "mean": 513.997253418, "median": 417.74206543, "min": 162.856552124, "var": 130922.65625}, "spectral_complexity": {"dmean": 1.20964276791, "dmean2": 1.9686948061, "dvar": 2.01594591141, "dvar2": 4.57800531387, "max": 26, "mean": 9.58758163452, "median": 10, "min": 0, "var": 27.7521018982}, "spectral_decrease": {"dmean": 1.35725164441e-09, "dmean2": 1.9600505663e-09, "dvar": 4.49066138874e-18, "dvar2": 8.90446280933e-18, "max": 1.1186744358e-22, "mean": -5.37655298061e-09, "median": -3.79645204163e-09, "min": -7.1315341188e-08, "var": 3.53522534688e-17}, "spectral_energy": {"dmean": 0.00537658808753, "dmean2": 0.00773836858571, "dvar": 7.14346606401e-05, "dvar2": 0.000139910553116, "max": 0.286667793989, "mean": 0.021259188652, "median": 0.0149003854021, "min": 1.05862510171e-20, "var": 0.000559455598705}, "spectral_energyband_high": {"dmean": 2.24756718126e-06, "dmean2": 3.48558887708e-06, "dvar": 1.53180954032e-10, "dvar2": 3.6380948254e-10, "max": 0.000296175072435, "mean": 2.92834874926e-06, "median": 2.70104774103e-08, "min": 7.65134311793e-21, "var": 1.94633073547e-10}, "spectral_energyband_low": {"dmean": 0.00117390113883, "dmean2": 0.00170477642678, "dvar": 7.046436167e-06, "dvar2": 1.53425262397e-05, "max": 0.0668210089207, "mean": 0.00332951336168, "median": 0.000492097344249, "min": 3.54186019333e-23, "var": 4.64944423584e-05}, "spectral_energyband_middle_high": {"dmean": 0.00137463735882, "dmean2": 0.00189926230814, "dvar": 1.66645877471e-05, "dvar2": 3.14777680614e-05, "max": 0.0849966779351, "mean": 0.00361699308269, "median": 0.000738440779969, "min": 1.62371444594e-21, "var": 6.8340668804e-05}, "spectral_energyband_middle_low": {"dmean": 0.00417272839695, "dmean2": 0.00621056510136, "dvar": 4.86034914502e-05, "dvar2": 0.0001036992835, "max": 0.279178768396, "mean": 0.0150950234383, "median": 0.0109397396445, "min": 3.07494926386e-22, "var": 0.000336830271408}, "spectral_entropy": {"dmean": 0.139402240515, "dmean2": 0.225137963891, "dvar": 0.0295176263899, "dvar2": 0.0709212869406, "max": 9.79814815521, "mean": 5.6029214859, "median": 5.64281368256, "min": 3.77168083191, "var": 0.295721799135}, "spectral_flux": {"dmean": 0.0153748420998, "dmean2": 0.0247357748449, "dvar": 0.000410727749113, "dvar2": 0.00100523792207, "max": 0.265179663897, "mean": 0.0438979491591, "median": 0.0376713834703, "min": 1.02889509412e-10, "var": 0.0012409533374}, "spectral_kurtosis": {"dmean": 39.9173698425, "dmean2": 69.1827468872, "dvar": 1671.4934082, "dvar2": 4770.71044922, "max": 593.51763916, "mean": 133.970825195, "median": 129.256774902, "min": -1.18213796616, "var": 6578.68945312}, "spectral_rms": {"dmean": 0.000511724501848, "dmean2": 0.000738209113479, "dvar": 3.84523758612e-07, "dvar2": 7.5235186614e-07, "max": 0.0167235136032, "mean": 0.00386621872894, "median": 0.00381273683161, "min": 3.21372832859e-12, "var": 5.79298466619e-06}, "spectral_rolloff": {"dmean": 90.2599639893, "dmean2": 158.71522522, "dvar": 230694.734375, "dvar2": 620567.0625, "max": 18755.4199219, "mean": 718.709106445, "median": 538.330078125, "min": 64.599609375, "var": 1006040.1875}, "spectral_skewness": {"dmean": 1.82411694527, "dmean2": 3.19993233681, "dvar": 2.60605216026, "dvar2": 7.16023778915, "max": 20.0786571503, "mean": 7.99442672729, "median": 8.08478546143, "min": -0.0374328605831, "var": 11.5442180634}, "spectral_spread": {"dmean": 265830.125, "dmean2": 467938.59375, "dvar": 203280629760, "dvar2": 338610159616, "max": 40556940, "mean": 906846.3125, "median": 756953.5, "min": 178723.890625, "var": 1206284713980.0}, "spectral_strongpeak": {"dmean": 0.498436629772, "dmean2": 0.793714940548, "dvar": 0.907323896885, "dvar2": 1.92022776604, "max": 13.5811376572, "mean": 1.31916511059, "median": 0.666605293751, "min": 0, "var": 3.37687134743}, "zerocrossingrate": {"dmean": 0.0024303747341, "dmean2": 0.00297948950902, "dvar": 2.8134763852e-05, "dvar2": 3.19013925036e-05, "max": 0.50341796875, "mean": 0.0255942195654, "median": 0.0205078125, "min": 0.00537109375, "var": 0.00073624093784}, "barkbands": {"dmean": [2.66351503342e-06, 0.000226217816817, 0.000849433476105, 0.000730391882826, 0.00157275982201, 0.00195960281417, 0.00036535228719, 0.000611258787103, 0.000897354853805, 0.000340834521921, 0.000315330282319, 0.000360132369678, 0.000460642157122, 0.000141147087561, 4.28032763011e-05, 3.20826875395e-05, 1.57372742251e-05, 8.74997567735e-06, 1.03644015326e-05, 2.30168302551e-06, 6.58247756746e-07, 4.35271829247e-07, 6.59371224287e-08, 1.3857841985e-08, 9.67453051004e-09, 9.64197610642e-10, 8.70684524479e-10], "dmean2": [4.63284141006e-06, 0.000345274660503, 0.00124853069428, 0.00113683042582, 0.00246889842674, 0.00330633996055, 0.000574659614358, 0.000901989638805, 0.00107590516564, 0.000495499756653, 0.00047151275794, 0.000479513575556, 0.000578978681006, 0.000219692286919, 6.03693588346e-05, 4.3013060349e-05, 2.30167024711e-05, 1.40511174322e-05, 1.50886316987e-05, 3.47446052729e-06, 1.00841998574e-06, 6.68417328598e-07, 9.99052218731e-08, 2.36226753714e-08, 1.79340116091e-08, 1.79255688071e-09, 1.61294710921e-09], "dvar": [2.42540171974e-11, 3.18177768577e-07, 4.65288485429e-06, 2.32846150539e-06, 8.89257898962e-06, 1.76929224835e-05, 4.74766210345e-07, 3.43164765582e-06, 1.54106583068e-05, 2.62064463641e-06, 3.19540822602e-06, 4.7552102842e-06, 5.05147863805e-06, 1.17341835448e-06, 2.96799846922e-08, 2.3852434694e-08, 7.98742227914e-09, 2.31477770285e-09, 5.0196118373e-09, 2.07847877798e-10, 1.99876781792e-11, 2.2186032525e-11, 7.88260353258e-13, 3.20658315167e-14, 5.87288599913e-14, 2.27171159342e-17, 2.6606764847e-18], "dvar2": [7.01931152092e-11, 6.8651405627e-07, 1.01999467006e-05, 5.43564829059e-06, 2.15357231355e-05, 5.40631335753e-05, 1.14908095838e-06, 6.91854484103e-06, 2.15596010094e-05, 5.22452000951e-06, 7.42867950976e-06, 7.69953931012e-06, 7.26920143279e-06, 3.21218385579e-06, 4.52537989304e-08, 3.7335301073e-08, 1.60084336898e-08, 5.85487125448e-09, 1.08525304299e-08, 4.25663337911e-10, 4.41418672448e-11, 4.9010864811e-11, 1.79556814296e-12, 8.00475340851e-14, 1.7091330521e-13, 6.68443263341e-17, 8.83947536451e-18], "max": [6.93944821251e-05, 0.0239806789905, 0.042677089572, 0.0285228937864, 0.11230827868, 0.197143569589, 0.0235521700233, 0.0633919686079, 0.269908457994, 0.0698535814881, 0.0448191836476, 0.0798682644963, 0.0809568986297, 0.0305247455835, 0.00711168674752, 0.0046952967532, 0.00325527391396, 0.000952922913712, 0.00210491474718, 0.000868620234542, 0.000142651857459, 0.000188954887562, 3.45447115251e-05, 8.93115702638e-06, 9.09349819267e-06, 1.76465874802e-07, 2.80709588907e-08], "mean": [3.07532877741e-06, 0.000874216493685, 0.00181157025509, 0.00171967200004, 0.00386821222492, 0.00401016743854, 0.000949703156948, 0.00144153274596, 0.00279492628761, 0.000793888641056, 0.000514954270329, 0.000801153189968, 0.00119797314983, 0.000253729260294, 0.000100325574749, 6.38327474007e-05, 2.66403658316e-05, 1.29497893795e-05, 1.60578474606e-05, 3.27315137838e-06, 8.04995124781e-07, 4.64009190182e-07, 7.28453031229e-08, 1.16297975694e-08, 6.87801815502e-09, 1.46482426189e-09, 1.19678089661e-09], "median": [1.13608007268e-06, 2.2225009161e-05, 0.000129893509438, 0.000581927248277, 0.00186279346235, 0.00209598895162, 0.000507828313857, 0.000415741640609, 0.00034653703915, 0.000195383559912, 8.1284364569e-05, 3.3263972e-05, 6.41948281555e-05, 2.03955551115e-05, 3.30556504196e-05, 5.50768800167e-06, 2.50158018389e-06, 5.46899627807e-07, 1.56752690827e-07, 2.2286744894e-08, 3.10557757288e-09, 1.28501098651e-09, 8.14465384025e-10, 8.1681150732e-10, 8.77414862988e-10, 9.43502165285e-10, 7.5593942217e-10], "min": [3.00272646052e-23, 2.00339304817e-23, 1.91341722992e-24, 1.17697652629e-24, 3.36015018589e-23, 7.89485998602e-23, 3.98059528319e-23, 4.84353559166e-23, 4.82745481988e-23, 9.64768304279e-23, 1.23285340591e-22, 7.06482054155e-23, 1.28201736323e-22, 8.92478100666e-23, 1.04874879542e-22, 1.45848327581e-22, 1.76098076205e-22, 2.23605842137e-22, 3.52863995741e-22, 2.72595265555e-22, 5.16282578088e-22, 5.44215120378e-22, 4.1641558952e-22, 9.54516040762e-22, 1.11953635153e-21, 1.85748677402e-21, 2.34515922247e-21], "var": [2.94905176668e-11, 6.11462519373e-06, 1.67506586877e-05, 7.46282103137e-06, 3.55640695489e-05, 4.42945274699e-05, 2.0547472559e-06, 1.19314381664e-05, 0.000125828009914, 8.36836989038e-06, 5.23093103766e-06, 1.73506905412e-05, 2.93473931379e-05, 1.87412740615e-06, 9.40800646276e-08, 7.0869752733e-08, 1.51923309488e-08, 4.12521483639e-09, 9.07640007597e-09, 3.87870319196e-10, 2.62987305544e-11, 2.52581670857e-11, 8.39588164617e-13, 2.69938236396e-14, 3.33310310775e-14, 1.35248877431e-17, 2.16806023784e-18]}, "erbbands": {"dmean": [0.00235899467953, 0.0730199664831, 0.800303757191, 1.48581671715, 3.85724163055, 5.78277254105, 9.38105678558, 20.0321083069, 4.80208492279, 11.863743782, 10.2073392868, 22.7346820831, 12.1140384674, 9.4258813858, 14.01217556, 16.1048679352, 21.8339862823, 10.0836248398, 3.72322821617, 1.67630290985, 1.66760206223, 0.774874687195, 0.604910314083, 0.527442455292, 0.363480180502, 0.104887500405, 0.0486568547785, 0.0254049468786, 0.0163915995508, 0.00281873042695, 0.00213128421456, 0.000478744186694, 0.000251104473136, 6.9643232564e-05, 6.03114822297e-05, 1.92552852241e-05, 3.23204062624e-06, 7.80051948368e-07, 2.61379864241e-06, 6.09019798503e-06], "dmean2": [0.00377319403924, 0.110169038177, 1.1744068861, 2.21751046181, 6.32377147675, 8.99986839294, 14.6621837616, 34.7871170044, 7.33430719376, 17.9681930542, 14.4378519058, 27.4702243805, 15.0598278046, 14.5542640686, 21.0266914368, 20.6196022034, 27.2115879059, 14.9306249619, 5.3630232811, 2.37575125694, 2.1651058197, 1.11154854298, 0.96712744236, 0.759966611862, 0.534895777702, 0.159582570195, 0.075856603682, 0.0398877859116, 0.0252368655056, 0.00432814937085, 0.0032863211818, 0.000779339927249, 0.000432862987509, 0.000118349409604, 0.000115070251923, 3.6164514313e-05, 5.32951253263e-06, 1.27295311358e-06, 3.71524674847e-06, 8.73020235304e-06], "dvar": [2.32621441683e-05, 0.0329003557563, 4.14873361588, 10.3429002762, 67.5797348022, 138.139343262, 270.96786499, 1944.35290527, 64.3495101929, 915.001159668, 1544.55297852, 9205.15332031, 5092.58837891, 1327.97180176, 6906.09667969, 10994.0810547, 9784.74414062, 3527.32519531, 436.138275146, 35.5770111084, 83.5099487305, 18.089176178, 9.90816783905, 12.4352369308, 12.9613723755, 0.295166254044, 0.103466145694, 0.0396288335323, 0.0202277805656, 0.00047980772797, 0.00119132280815, 4.10264001403e-05, 1.18554089568e-05, 1.42787189361e-06, 2.5073281904e-06, 2.07420910669e-07, 6.27863538938e-10, 3.2824595906e-12, 1.75777638972e-11, 9.34289798304e-11], "dvar2": [5.62623354199e-05, 0.0707504525781, 8.99232578278, 22.1283836365, 199.656311035, 323.814727783, 635.124511719, 6323.92578125, 150.99307251, 1983.77209473, 3274.9140625, 13506.7392578, 7383.98583984, 3196.6640625, 16221.7373047, 16698.6152344, 14762.3974609, 9013.10546875, 925.291503906, 67.4236984253, 113.970840454, 38.3536300659, 25.4304924011, 24.5388698578, 31.2547416687, 0.611647069454, 0.241925269365, 0.0997039750218, 0.0423929989338, 0.00102025119122, 0.00278693134896, 9.17211655178e-05, 3.16279401886e-05, 3.81943436878e-06, 7.45551005821e-06, 6.18511933226e-07, 1.83039960966e-09, 8.75593521299e-12, 3.30408443661e-11, 1.80218354129e-10], "max": [0.111645072699, 7.59252929688, 41.2319374084, 63.6073265076, 177.36541748, 443.961791992, 669.963195801, 1831.93994141, 220.274887085, 978.434814453, 1600.04614258, 7452.04394531, 3009.3190918, 1045.75952148, 2279.76318359, 4104.66015625, 3352.37597656, 1648.62524414, 935.432739258, 189.252212524, 323.522125244, 230.299484253, 68.3112869263, 148.440551758, 149.389419556, 25.1442737579, 9.55100727081, 6.37729597092, 5.03189516068, 0.87639272213, 1.38032948971, 0.285469383001, 0.135433271527, 0.0428473576903, 0.057729203254, 0.0165599025786, 0.000947335385717, 5.30200813955e-05, 0.000143434299389, 0.000329109432641], "mean": [0.00638977997005, 0.277243852615, 1.86533045769, 3.8497633934, 7.98284482956, 13.30073452, 23.1797523499, 37.0918426514, 15.6214609146, 26.759469986, 29.2941818237, 72.1692581177, 34.3048934937, 19.7677936554, 24.6658878326, 37.8163299561, 55.8438949585, 23.2765865326, 7.80301046371, 4.47378253937, 3.33736681938, 1.45155572891, 1.0128108263, 0.905522346497, 0.493550002575, 0.155818268657, 0.0570765435696, 0.0299709904939, 0.0181113444269, 0.00339077506214, 0.00224786484614, 0.000474312342703, 0.000221218593651, 7.4140218203e-05, 5.28869022673e-05, 2.43942613452e-05, 9.6787343864e-06, 2.3212362521e-06, 1.04397340692e-05, 2.40349363594e-05], "median": [0.000819921959192, 0.00797818601131, 0.12989680469, 1.52479553223, 3.14781713486, 5.96919345856, 12.7874946594, 19.117389679, 9.22521781921, 11.4104442596, 9.21035861969, 9.35911369324, 7.70735454559, 5.27065849304, 3.51450109482, 2.3969669342, 3.59475064278, 1.7603969574, 1.75363016129, 1.49828398228, 0.291017889977, 0.147921919823, 0.0516134761274, 0.0233706627041, 0.00410634558648, 0.00146126653999, 0.000338324694894, 0.000124963742564, 6.20765567874e-05, 4.38011411461e-05, 3.29848408001e-05, 2.79963314824e-05, 2.4181936169e-05, 2.00597896765e-05, 1.60061408678e-05, 1.16002120194e-05, 6.57290866002e-06, 1.47956279761e-06, 7.24471919966e-06, 1.67474245245e-05], "min": [6.07303293085e-22, 4.5178682509e-21, 4.48311454826e-21, 4.75109239006e-21, 5.02877732559e-20, 1.17264794249e-19, 4.75602279041e-19, 5.48749550416e-19, 5.53056679866e-19, 1.18005110558e-18, 5.87776810596e-19, 1.09687654402e-18, 3.36589738095e-18, 2.46031658994e-18, 5.1070858938e-18, 3.78383100582e-18, 5.55157553185e-18, 4.78108574258e-18, 5.41600228382e-18, 6.1070393073e-18, 8.12175969832e-18, 1.07935969174e-17, 1.39168820179e-17, 1.5111896614e-17, 1.58245970841e-17, 1.46670107564e-17, 2.04747798404e-17, 1.89222759816e-17, 1.96756886271e-17, 1.42323538143e-17, 1.37961442542e-17, 1.75745936229e-17, 1.54363499375e-17, 1.27838613e-17, 7.88940300989e-18, 6.5425589988e-18, 3.21926224658e-18, 1.36273073854e-18, 3.39691618863e-19, 3.57776843744e-20], "var": [0.00018255856412, 0.60328233242, 20.5334873199, 36.7633399963, 167.584594727, 507.902862549, 1079.92431641, 3722.04467773, 383.471374512, 2880.73828125, 6328.984375, 85639.2890625, 22711.3828125, 2450.19238281, 11398.5449219, 42089.109375, 54224.7226562, 8817.91503906, 1062.50366211, 139.997924805, 269.564605713, 41.3180007935, 20.7505378723, 24.5419025421, 21.3208618164, 0.548868477345, 0.118829853833, 0.0412210710347, 0.0249033682048, 0.000635056290776, 0.00123338773847, 4.22123739554e-05, 8.53511755849e-06, 1.00151657989e-06, 1.33685648507e-06, 1.09866078901e-07, 4.28721641521e-10, 8.05081609018e-12, 1.37633640596e-10, 7.26535276385e-10]}, "gfcc": {"mean": [-237.040039062, 247.976013184, -107.514320374, -59.4482345581, -24.974697113, -26.2602577209, -34.432056427, -18.2978000641, -13.0626211166, -13.0421533585, -7.1048874855, -12.4619998932, -2.2148463726], "cov": [[15266.140625, 2075.88134766, -4820.7109375, 73.2045822144, 1307.76940918, -1586.45947266, 420.026885986, -512.592590332, -265.157440186, -580.041381836, -10.7528676987, -550.154296875, -158.887863159], [2075.88134766, 1524.91271973, 165.670852661, -508.286468506, 432.623199463, -141.521591187, -244.632171631, -91.0469436646, -22.8042201996, -221.610794067, -41.929359436, -129.798583984, 34.1523895264], [-4820.7109375, 165.670852661, 2896.99023438, 41.9515419006, -373.792266846, 770.742614746, -180.453598022, 99.2346954346, 87.8368911743, 77.7777481079, -86.6962203979, 79.5741348267, 27.947719574], [73.2045822144, -508.286468506, 41.9515419006, 824.955505371, -68.8110427856, 103.981903076, 325.841186523, 17.7981472015, -33.4094200134, 50.3993034363, -49.7815818787, -17.4282226562, -100.872993469], [1307.76940918, 432.623199463, -373.792266846, -68.8110427856, 458.128540039, -109.894638062, -86.7059783936, 23.7494792938, -0.888603329659, -79.0704040527, 12.4379348755, -61.3667869568, -29.8445301056], [-1586.45947266, -141.521591187, 770.742614746, 103.981903076, -109.894638062, 415.176055908, 38.8313674927, 23.3452281952, 55.5649414062, 83.6325302124, -2.45682358742, 68.6638793945, -8.85133838654], [420.026885986, -244.632171631, -180.453598022, 325.841186523, -86.7059783936, 38.8313674927, 347.667419434, 66.0162506104, -34.5995635986, 38.6819877625, 5.94469308853, 4.85774898529, -35.3061065674], [-512.592590332, -91.0469436646, 99.2346954346, 17.7981472015, 23.7494792938, 23.3452281952, 66.0162506104, 253.100692749, 76.728263855, 4.00280857086, 12.0895624161, 30.4970932007, 21.8299007416], [-265.157440186, -22.8042201996, 87.8368911743, -33.4094200134, -0.888603329659, 55.5649414062, -34.5995635986, 76.728263855, 139.580429077, 57.8789176941, 4.03703594208, 28.6906356812, 35.5637550354], [-580.041381836, -221.610794067, 77.7777481079, 50.3993034363, -79.0704040527, 83.6325302124, 38.6819877625, 4.00280857086, 57.8789176941, 172.746505737, 67.7635192871, 41.2421951294, 14.9115781784], [-10.7528676987, -41.929359436, -86.6962203979, -49.7815818787, 12.4379348755, -2.45682358742, 5.94469308853, 12.0895624161, 4.03703594208, 67.7635192871, 131.225769043, 73.349281311, -0.162206172943], [-550.154296875, -129.798583984, 79.5741348267, -17.4282226562, -61.3667869568, 68.6638793945, 4.85774898529, 30.4970932007, 28.6906356812, 41.2421951294, 73.349281311, 149.819900513, 52.5703582764], [-158.887863159, 34.1523895264, 27.947719574, -100.872993469, -29.8445301056, -8.85133838654, -35.3061065674, 21.8299007416, 35.5637550354, 14.9115781784, -0.162206172943, 52.5703582764, 120.179397583]], "icov": [[0.000784349744208, -0.000999363604933, 0.000914030417334, -0.000617208366748, -0.000292807817459, 0.000632763025351, -0.00157200242393, 0.00181468063965, -0.00202513835393, 0.00205962336622, -0.00189181452151, 0.00169616902713, -0.000627975328825], [-0.000999363604933, 0.00383131625131, -0.00246461597271, 0.00242383149453, -0.0023873434402, 0.000835864455439, -0.00048079888802, 0.00041849759873, 0.000213260689634, 0.000353266106686, 0.000788543431554, -0.000571360695176, -0.000406932551414], [0.000914030417334, -0.00246461597271, 0.00282155978493, -0.00188077776693, 0.00186890817713, -0.00225883373059, 0.000913067488, -0.000246542913374, -0.000337557779858, 0.00123480614275, -0.00157849676907, 0.00205803639255, -0.000670905108564], [-0.000617208366748, 0.00242383149453, -0.00188077776693, 0.0041124029085, -0.00219215336256, 0.00122225284576, -0.00291806762107, 0.00087550265016, 1.26594468384e-05, -0.00116982951295, 0.00312773115002, -0.00214323215187, 0.0019968142733], [-0.000292807817459, -0.0023873434402, 0.00186890817713, -0.00219215336256, 0.00674928119406, -0.00343483616598, 0.00522526772693, -0.00470455177128, 0.0029736966826, -0.00157725997269, -0.000440647330834, 0.000489827711135, 0.000930282636546], [0.000632763025351, 0.000835864455439, -0.00225883373059, 0.00122225284576, -0.00343483616598, 0.00928238313645, -0.00574843306094, 0.00500323809683, -0.00521398382261, 0.000871576950885, 0.000560751592275, -0.00225260178559, 0.00180423515849], [-0.00157200242393, -0.00048079888802, 0.000913067488, -0.00291806762107, 0.00522526772693, -0.00574843306094, 0.0133501067758, -0.00977654661983, 0.00988807808608, -0.00734820961952, 0.00406968127936, -0.002989416942, 0.00126754422672], [0.00181468063965, 0.00041849759873, -0.000246542913374, 0.00087550265016, -0.00470455177128, 0.00500323809683, -0.00977654661983, 0.0139561118558, -0.0123732686043, 0.00985780078918, -0.00715391337872, 0.00463206833228, -0.00273203710094], [-0.00202513835393, 0.000213260689634, -0.000337557779858, 1.26594468384e-05, 0.0029736966826, -0.00521398382261, 0.00988807808608, -0.0123732686043, 0.0216595996171, -0.014289711602, 0.0107563827187, -0.00723751168698, 0.00140191358514], [0.00205962336622, 0.000353266106686, 0.00123480614275, -0.00116982951295, -0.00157725997269, 0.000871576950885, -0.00734820961952, 0.00985780078918, -0.014289711602, 0.0226788539439, -0.0175704080611, 0.0116912275553, -0.00664642313495], [-0.00189181452151, 0.000788543431554, -0.00157849676907, 0.00312773115002, -0.000440647330834, 0.000560751592275, 0.00406968127936, -0.00715391337872, 0.0107563827187, -0.0175704080611, 0.0272866915911, -0.0181489549577, 0.00966685265303], [0.00169616902713, -0.000571360695176, 0.00205803639255, -0.00214323215187, 0.000489827711135, -0.00225260178559, -0.002989416942, 0.00463206833228, -0.00723751168698, 0.0116912275553, -0.0181489549577, 0.0222634766251, -0.0107086924836], [-0.000627975328825, -0.000406932551414, -0.000670905108564, 0.0019968142733, 0.000930282636546, 0.00180423515849, 0.00126754422672, -0.00273203710094, 0.00140191358514, -0.00664642313495, 0.00966685265303, -0.0107086924836, 0.0157780796289]]}, "melbands": {"dmean": [4.01239776693e-05, 0.000294433819363, 0.000327288667904, 0.000299735082081, 0.000351099297404, 0.000414975191234, 7.05142010702e-05, 0.000139637180837, 9.10818489501e-05, 0.000140062402352, 5.9429439716e-05, 3.9086506149e-05, 4.22585508204e-05, 4.48059508926e-05, 3.63959770766e-05, 5.39268075954e-05, 1.6589419829e-05, 6.56648580843e-06, 2.60383376371e-06, 2.2464828362e-06, 1.94332847059e-06, 8.60617831222e-07, 6.20451942268e-07, 4.23955157203e-07, 4.81457504975e-07, 2.73713851584e-07, 1.58218000479e-07, 5.61570558943e-08, 3.72370259072e-08, 1.49248631232e-08, 1.62792286318e-08, 1.172728048e-08, 2.9442377425e-09, 1.11355513699e-09, 1.32255117968e-09, 7.18898385266e-10, 1.75176248507e-10, 1.73824024619e-10, 1.77536957358e-10, 1.45900010823e-11], "dmean2": [6.20678547421e-05, 0.000433914043242, 0.00051140494179, 0.000475550157716, 0.000552297919057, 0.000712652923539, 0.000107479892904, 0.000209448888199, 0.000123798148707, 0.000167672915268, 7.54884385969e-05, 6.09209746472e-05, 6.34618118056e-05, 6.20656064712e-05, 4.73561085528e-05, 6.48802597425e-05, 2.63916972472e-05, 9.47708031163e-06, 3.70826182916e-06, 3.23802964886e-06, 2.47632578976e-06, 1.2483815226e-06, 9.93321691567e-07, 6.6555645617e-07, 6.9168504524e-07, 4.10488638636e-07, 2.28007067449e-07, 8.92486795578e-08, 5.94068190196e-08, 2.27456737889e-08, 2.58075090187e-08, 1.82202963828e-08, 4.46903580809e-09, 1.66719071881e-09, 2.11383510695e-09, 1.16142140349e-09, 3.03480518493e-10, 3.02319530521e-10, 3.0520971861e-10, 2.51545399094e-11], "dvar": [8.82056472307e-09, 5.56414420316e-07, 4.29787036182e-07, 3.42014004673e-07, 3.63298653383e-07, 8.18425803573e-07, 1.41338230009e-08, 1.25184939748e-07, 1.19967296541e-07, 3.72431486539e-07, 1.27210483925e-07, 2.35224728584e-08, 5.87088493376e-08, 6.55268621585e-08, 2.95063582456e-08, 8.43325409505e-08, 1.50892791595e-08, 1.82648784985e-09, 7.86499407268e-11, 9.02795616042e-11, 1.39616693207e-10, 3.04007305441e-11, 9.66731469182e-12, 5.69091822278e-12, 1.28639503563e-11, 7.15094867001e-12, 1.89938863249e-12, 9.27077493007e-14, 7.62575088796e-14, 9.68804521334e-15, 2.78619748123e-14, 1.40216961645e-14, 5.81002662532e-16, 8.46525587754e-17, 5.14335134474e-16, 1.57197218321e-16, 6.5807834285e-18, 6.80248478986e-18, 1.28613987291e-17, 8.42561082847e-21], "dvar2": [1.95338234477e-08, 1.20967001749e-06, 1.05544609141e-06, 8.77944273725e-07, 8.50152446219e-07, 2.61177615357e-06, 3.25884492725e-08, 2.59174100847e-07, 2.38854198642e-07, 5.05459922806e-07, 1.86056951179e-07, 5.82660248938e-08, 1.38934879601e-07, 1.15936352074e-07, 4.72636187965e-08, 1.10656280583e-07, 4.25922301872e-08, 3.91044752135e-09, 1.26896562702e-10, 1.82202114507e-10, 1.85313764334e-10, 6.3757700508e-11, 2.45014702971e-11, 1.39381900119e-11, 2.52577576909e-11, 1.69255252175e-11, 4.20615538926e-12, 2.1279714644e-13, 1.91589867343e-13, 1.97077546475e-14, 7.00584338806e-14, 2.88487495611e-14, 1.23696435276e-15, 1.70652945493e-16, 1.29666789357e-15, 3.12047281876e-16, 1.61804948514e-17, 1.83637685951e-17, 3.42531719715e-17, 2.07388800631e-20], "max": [0.00348871806636, 0.0177442505956, 0.0118724228814, 0.0178668368608, 0.0203959550709, 0.0394338443875, 0.0031900126487, 0.0124794133008, 0.0192226525396, 0.0418254844844, 0.0151522755623, 0.00414454145357, 0.00603045336902, 0.00871784985065, 0.00467083696276, 0.0109347430989, 0.00358670135029, 0.00210547028109, 0.000303053646348, 0.000276935636066, 0.000425909296609, 0.00027289686841, 0.000153397792019, 5.21133770235e-05, 0.000154160632519, 0.000105701517896, 5.48852003703e-05, 7.24745586922e-06, 5.11363896294e-06, 3.38360086971e-06, 6.11825498709e-06, 4.55412100564e-06, 5.51814764549e-07, 3.25263954437e-07, 7.96184167484e-07, 5.18395154359e-07, 1.63106633977e-07, 1.22249659285e-07, 1.28211610217e-07, 2.55139864791e-09], "mean": [0.000139282215969, 0.000784347241279, 0.000840243184939, 0.000709805404767, 0.000866612012032, 0.000805379881058, 0.000220889851335, 0.000313221797114, 0.000263035326498, 0.000444711244199, 0.000158474125783, 7.96075328253e-05, 6.96169299772e-05, 9.59867466008e-05, 8.31728684716e-05, 0.000138855190016, 3.01933760056e-05, 1.30577391246e-05, 6.88787031322e-06, 4.8336414693e-06, 3.68644577975e-06, 1.47729599576e-06, 1.04458558781e-06, 6.46606508781e-07, 8.19721151402e-07, 3.44069121638e-07, 2.24936997029e-07, 7.90046570387e-08, 3.87796426082e-08, 2.02550332062e-08, 1.72774168306e-08, 1.27251524873e-08, 3.12088155319e-09, 1.36317712673e-09, 1.33204680619e-09, 7.20850212854e-10, 1.46211612262e-10, 1.40325709386e-10, 1.38098574243e-10, 1.80577740261e-11], "median": [6.47801607556e-06, 4.01571451221e-05, 0.000365403655451, 0.000327291258145, 0.000469490536489, 0.000420584052335, 0.000122540877783, 0.000120879944006, 6.94143964211e-05, 5.25175346411e-05, 2.93698394671e-05, 1.83440861292e-05, 1.05834342321e-05, 5.36372999704e-06, 6.55192798149e-06, 5.85266025155e-06, 2.20558376895e-06, 2.26531255976e-06, 2.46827312367e-06, 7.46063108181e-07, 1.71748553157e-07, 1.29023646878e-07, 5.63742368342e-08, 2.4061183268e-08, 1.45891183578e-08, 1.81659953746e-09, 7.84311837698e-10, 7.21188109232e-10, 9.99619970132e-11, 7.95486732041e-11, 3.619629943e-11, 2.62391514766e-11, 1.95492441679e-11, 1.61843281832e-11, 1.28252790332e-11, 1.07510476216e-11, 1.0190288717e-11, 9.53038602897e-12, 8.53241782783e-12, 7.9091230093e-12], "min": [7.35174503e-24, 3.86846304425e-24, 1.05059529003e-24, 7.18948344154e-24, 1.30205910028e-23, 1.32705889123e-23, 8.06053103131e-24, 1.30798802107e-23, 3.83052554002e-24, 7.41536587314e-24, 1.66846605809e-23, 8.46592901709e-24, 1.81334336101e-23, 8.83754561232e-24, 1.04267492932e-23, 1.3050041547e-23, 8.3894434303e-24, 8.42964457089e-24, 8.28942533385e-24, 1.04138017192e-23, 9.09921629661e-24, 1.06809912744e-23, 1.40659878967e-23, 8.99922896573e-24, 1.30844903138e-23, 1.13523639695e-23, 9.63181810335e-24, 9.19471579779e-24, 1.26523814978e-23, 1.17011619742e-23, 1.12767879394e-23, 1.10408672528e-23, 1.00903932027e-23, 7.16348889699e-24, 8.12957844862e-24, 8.64581375817e-24, 1.06549138994e-23, 9.86191305218e-24, 1.3055315871e-23, 9.62169228477e-24], "var": [1.33786116407e-07, 3.74437695427e-06, 1.50450114234e-06, 1.2870948467e-06, 1.49088737089e-06, 1.7432050754e-06, 8.3133201656e-08, 4.0662905576e-07, 5.90454305893e-07, 3.39779148817e-06, 5.35294987003e-07, 4.10140899021e-08, 9.44365723399e-08, 2.1366845715e-07, 1.10526222841e-07, 4.82430834836e-07, 2.27521539387e-08, 4.47960202266e-09, 2.84928775018e-10, 2.51905524218e-10, 4.5206197119e-10, 5.96774157868e-11, 2.37522276153e-11, 9.58793548028e-12, 2.53787980214e-11, 1.160244123e-11, 3.46956317843e-12, 1.4698440761e-13, 7.46822986482e-14, 1.54204143757e-14, 2.67285566374e-14, 1.75134361765e-14, 6.8422744438e-16, 1.1871015878e-16, 4.71547212203e-16, 1.84972434513e-16, 5.76594724581e-18, 4.76701002369e-18, 9.02345191327e-18, 8.00364047173e-21]}, "mfcc": {"mean": [-841.624633789, 242.584991455, 10.3081092834, -21.1006088257, 2.19275736809, -7.35192012787, -15.6745834351, -11.9044742584, -8.81579303741, -7.16647052765, -5.33171606064, -7.40415811539, -7.41677331924], "cov": [[7873.69970703, 3371.59667969, -3202.85839844, -521.733398438, 406.488464355, -226.716949463, -115.951690674, -6.30625677109, -121.991409302, -80.2347259521, 59.4985656738, -127.781280518, -240.919647217], [3371.59667969, 2289.32470703, -819.318664551, -489.476837158, 370.023620605, 0.293369174004, -179.110839844, -34.1765556335, -52.2728691101, -61.0072784424, -20.7508068085, -98.3602523804, -147.51600647], [-3202.85839844, -819.318664551, 2094.80029297, 409.902160645, -75.5512771606, 260.358886719, 94.5446395874, 35.9016990662, 102.169364929, 62.2710762024, -39.948600769, -3.39171147346, 36.2504806519], [-521.733398438, -489.476837158, 409.902160645, 620.833374023, 19.962179184, 57.6690139771, 219.517913818, 123.459960938, 82.0793151855, 74.6975326538, 38.6517868042, 11.4706249237, 7.14787197113], [406.488464355, 370.023620605, -75.5512771606, 19.962179184, 311.85748291, 80.6760253906, -39.5144119263, 42.4194259644, 16.4938735962, 2.55622720718, 29.580083847, -0.63746547699, -41.7425537109], [-226.716949463, 0.293369174004, 260.358886719, 57.6690139771, 80.6760253906, 217.691955566, 71.4731903076, -23.0613613129, -0.154330670834, 3.7628223896, 32.1391143799, 16.8705310822, -24.161655426], [-115.951690674, -179.110839844, 94.5446395874, 219.517913818, -39.5144119263, 71.4731903076, 239.167068481, 106.518043518, 15.2253913879, 22.5490722656, 31.2392120361, 43.1185646057, 45.9492301941], [-6.30625677109, -34.1765556335, 35.9016990662, 123.459960938, 42.4194259644, -23.0613613129, 106.518043518, 201.282821655, 99.0645828247, 16.7270107269, 14.238986969, 30.6785964966, 51.6981735229], [-121.991409302, -52.2728691101, 102.169364929, 82.0793151855, 16.4938735962, -0.154330670834, 15.2253913879, 99.0645828247, 161.028488159, 81.9012298584, -14.9579133987, -0.85392165184, 34.5033035278], [-80.2347259521, -61.0072784424, 62.2710762024, 74.6975326538, 2.55622720718, 3.7628223896, 22.5490722656, 16.7270107269, 81.9012298584, 135.412322998, 47.4261016846, -16.1527481079, -1.13343346119], [59.4985656738, -20.7508068085, -39.948600769, 38.6517868042, 29.580083847, 32.1391143799, 31.2392120361, 14.238986969, -14.9579133987, 47.4261016846, 148.90045166, 69.9695281982, -45.4788551331], [-127.781280518, -98.3602523804, -3.39171147346, 11.4706249237, -0.63746547699, 16.8705310822, 43.1185646057, 30.6785964966, -0.85392165184, -16.1527481079, 69.9695281982, 149.020553589, 68.41847229], [-240.919647217, -147.51600647, 36.2504806519, 7.14787197113, -41.7425537109, -24.161655426, 45.9492301941, 51.6981735229, 34.5033035278, -1.13343346119, -45.4788551331, 68.41847229, 178.216400146]], "icov": [[0.0371541753411, -0.0523241385818, 0.0535657256842, -0.0539125986397, 0.05518033728, -0.0563899576664, 0.0550750643015, -0.0534254945815, 0.0474925972521, -0.0400127917528, 0.0304042212665, -0.0186658352613, 0.0102357100695], [-0.0523241385818, 0.0745144486427, -0.0753390863538, 0.0767499431968, -0.0789447873831, 0.0799167975783, -0.0784950554371, 0.0758004635572, -0.0675812289119, 0.0568590089679, -0.0429719276726, 0.0268093645573, -0.0140284569934], [0.0535657256842, -0.0753390863538, 0.0782595351338, -0.0787281394005, 0.0810231268406, -0.0842657536268, 0.0823754370213, -0.0801336243749, 0.0713821128011, -0.0605539605021, 0.0466283112764, -0.0285782981664, 0.0155161181465], [-0.0539125986397, 0.0767499431968, -0.0787281394005, 0.0830842033029, -0.0840033963323, 0.0867737308145, -0.088100835681, 0.0833659172058, -0.0756510719657, 0.0628008618951, -0.0484963282943, 0.0304527636617, -0.0150716658682], [0.05518033728, -0.0789447873831, 0.0810231268406, -0.0840033963323, 0.0925669968128, -0.0945240184665, 0.0949806272984, -0.0937199741602, 0.0836136713624, -0.0707096457481, 0.0542792864144, -0.0345993228257, 0.0181993171573], [-0.0563899576664, 0.0799167975783, -0.0842657536268, 0.0867737308145, -0.0945240184665, 0.106600768864, -0.104389049113, 0.104560375214, -0.094788081944, 0.0809121280909, -0.0636586770415, 0.0393001772463, -0.0199913848191], [0.0550750643015, -0.0784950554371, 0.0823754370213, -0.088100835681, 0.0949806272984, -0.104389049113, 0.113152228296, -0.11022131145, 0.101236268878, -0.0855595543981, 0.0663537755609, -0.0429887063801, 0.0204438548535], [-0.0534254945815, 0.0758004635572, -0.0801336243749, 0.0833659172058, -0.0937199741602, 0.104560375214, -0.11022131145, 0.121290050447, -0.111564382911, 0.0953594222665, -0.0762947276235, 0.0485688596964, -0.0269756689668], [0.0474925972521, -0.0675812289119, 0.0713821128011, -0.0756510719657, 0.0836136713624, -0.094788081944, 0.101236268878, -0.111564382911, 0.115416623652, -0.0984785705805, 0.0783588215709, -0.0504978299141, 0.026184078306], [-0.0400127917528, 0.0568590089679, -0.0605539605021, 0.0628008618951, -0.0707096457481, 0.0809121280909, -0.0855595543981, 0.0953594222665, -0.0984785705805, 0.0962006747723, -0.076290898025, 0.0511387884617, -0.0278468523175], [0.0304042212665, -0.0429719276726, 0.0466283112764, -0.0484963282943, 0.0542792864144, -0.0636586770415, 0.0663537755609, -0.0762947276235, 0.0783588215709, -0.076290898025, 0.0749116390944, -0.0502515919507, 0.0298527386039], [-0.0186658352613, 0.0268093645573, -0.0285782981664, 0.0304527636617, -0.0345993228257, 0.0393001772463, -0.0429887063801, 0.0485688596964, -0.0504978299141, 0.0511387884617, -0.0502515919507, 0.0428405404091, -0.0234004631639], [0.0102357100695, -0.0140284569934, 0.0155161181465, -0.0150716658682, 0.0181993171573, -0.0199913848191, 0.0204438548535, -0.0269756689668, 0.026184078306, -0.0278468523175, 0.0298527386039, -0.0234004631639, 0.0207466445863]]}, "spectral_contrast_coeffs": {"dmean": [0.0422634407878, 0.0354470349848, 0.0277268253267, 0.0230337064713, 0.0183081645519, 0.0311426538974], "dmean2": [0.0699837133288, 0.0602386780083, 0.044478263706, 0.0361087396741, 0.0287694744766, 0.0542588867247], "dvar": [0.00122880446725, 0.00107917073183, 0.000774763233494, 0.000560572894756, 0.000379812729079, 0.00104782707058], "dvar2": [0.00320965191349, 0.00305304839276, 0.00185234413948, 0.00128060556017, 0.000822847301606, 0.00284244958311], "max": [-0.227933034301, -0.352862596512, -0.344715178013, -0.475486963987, -0.518421709538, -0.563683450222], "mean": [-0.553347408772, -0.680996239185, -0.703078687191, -0.714771747589, -0.730539381504, -0.870075404644], "median": [-0.565500915051, -0.683308064938, -0.711610019207, -0.714484572411, -0.703803420067, -0.893204808235], "min": [-0.975531220436, -0.972612023354, -0.978179633617, -0.970554530621, -0.965460240841, -0.961382389069], "var": [0.017042580992, 0.00564676756039, 0.00574582023546, 0.00483413785696, 0.00831488519907, 0.0046566571109]}, "spectral_contrast_valleys": {"dmean": [0.388573765755, 0.242184594274, 0.26853081584, 0.266346484423, 0.271727353334, 0.614861249924], "dmean2": [0.647383511066, 0.39503544569, 0.427180022001, 0.41287612915, 0.427326619625, 1.09503567219], "dvar": [0.117464959621, 0.0832943990827, 0.107536047697, 0.127742916346, 0.167500495911, 0.322397857904], "dvar2": [0.282910466194, 0.158394098282, 0.206264972687, 0.241084232926, 0.330294460058, 0.9528901577], "