{"lowlevel": {"average_loudness": 0.827316701412, "barkbands_crest": {"dmean": 2.86290025711, "dmean2": 4.46012973785, "dvar": 7.53143453598, "dvar2": 16.9884414673, "max": 26.2686195374, "mean": 12.5006389618, "median": 11.5029335022, "min": 2.22903490067, "var": 27.6466064453}, "barkbands_flatness_db": {"dmean": 0.0320212617517, "dmean2": 0.0472096353769, "dvar": 0.000949564098846, "dvar2": 0.00196059141308, "max": 0.363488823175, "mean": 0.170407086611, "median": 0.169947266579, "min": 0.0175967980176, "var": 0.00313417171128}, "barkbands_kurtosis": {"dmean": 4.07390213013, "dmean2": 6.08179664612, "dvar": 70.2414703369, "dvar2": 132.108718872, "max": 305.738677979, "mean": 7.26064729691, "median": 3.3532743454, "min": -1.89608871937, "var": 202.052734375}, "barkbands_skewness": {"dmean": 0.597584247589, "dmean2": 0.882912874222, "dvar": 0.457637965679, "dvar2": 0.903999447823, "max": 15.7025527954, "mean": 1.81436979771, "median": 1.5385133028, "min": -2.56472921371, "var": 2.24720215797}, "barkbands_spread": {"dmean": 5.73146677017, "dmean2": 9.16143321991, "dvar": 81.0013427734, "dvar2": 198.806015015, "max": 107.36605072, "mean": 14.436788559, "median": 11.7142009735, "min": 0.680268466473, "var": 116.321022034}, "dissonance": {"dmean": 0.0264718197286, "dmean2": 0.0440201275051, "dvar": 0.000593774777371, "dvar2": 0.00158263079356, "max": 0.500000059605, "mean": 0.448387116194, "median": 0.454796224833, "min": 0.215456843376, "var": 0.00117822329048}, "dynamic_complexity": 3.47440123558, "erbbands_crest": {"dmean": 2.86330723763, "dmean2": 4.56890773773, "dvar": 6.74347019196, "dvar2": 16.1918563843, "max": 33.4642524719, "mean": 10.5209331512, "median": 9.26766204834, "min": 2.13000869751, "var": 26.9962100983}, "erbbands_flatness_db": {"dmean": 0.0248791556805, "dmean2": 0.036409560591, "dvar": 0.000575247278903, "dvar2": 0.00118939229287, "max": 0.391551017761, "mean": 0.171538427472, "median": 0.167872786522, "min": 0.0300711914897, "var": 0.00260872766376}, "erbbands_kurtosis": {"dmean": 1.51691687107, "dmean2": 2.40289497375, "dvar": 14.6849040985, "dvar2": 31.3960762024, "max": 170.111923218, "mean": 2.05439639091, "median": 0.888679981232, "min": -1.80702841282, "var": 37.3837432861}, "erbbands_skewness": {"dmean": 0.390260666609, "dmean2": 0.602127850056, "dvar": 0.159131571651, "dvar2": 0.362167268991, "max": 9.05263328552, "mean": 0.787859201431, "median": 0.716863512993, "min": -2.56985235214, "var": 0.655559241772}, "erbbands_spread": {"dmean": 8.47708797455, "dmean2": 13.230307579, "dvar": 103.786399841, "dvar2": 247.33404541, "max": 115.42313385, "mean": 29.0321884155, "median": 25.6049385071, "min": 0.753713667393, "var": 262.352966309}, "hfc": {"dmean": 7.0524430275, "dmean2": 11.2295951843, "dvar": 125.843055725, "dvar2": 315.467254639, "max": 165.706176758, "mean": 16.7791023254, "median": 11.1073579788, "min": 1.15540310029e-16, "var": 282.694213867}, "melbands_crest": {"dmean": 3.42028570175, "dmean2": 5.27570915222, "dvar": 10.0822172165, "dvar2": 24.0996818542, "max": 37.9045715332, "mean": 16.8709907532, "median": 15.5187711716, "min": 3.55841445923, "var": 49.720867157}, "melbands_flatness_db": {"dmean": 0.0366327092052, "dmean2": 0.0542327202857, "dvar": 0.00136622122955, "dvar2": 0.00284805032425, "max": 0.484437465668, "mean": 0.250122129917, "median": 0.248703762889, "min": 0.00955149158835, "var": 0.0044966689311}, "melbands_kurtosis": {"dmean": 7.55159235001, "dmean2": 11.3401460648, "dvar": 269.618011475, "dvar2": 554.06060791, "max": 541.811096191, "mean": 15.2900342941, "median": 6.95828056335, "min": -1.58803188801, "var": 897.437805176}, "melbands_skewness": {"dmean": 0.739376425743, "dmean2": 1.09811687469, "dvar": 0.713445365429, "dvar2": 1.40766966343, "max": 19.0526771545, "mean": 2.50037574768, "median": 2.11963701248, "min": -2.88955926895, "var": 4.05445623398}, "melbands_spread": {"dmean": 5.1520280838, "dmean2": 8.08631420135, "dvar": 61.8880882263, "dvar2": 139.583282471, "max": 147.694869995, "mean": 14.9849939346, "median": 12.9402370453, "min": 0.482660025358, "var": 113.296005249}, "pitch_salience": {"dmean": 0.0779696255922, "dmean2": 0.125377103686, "dvar": 0.00688911695033, "dvar2": 0.0165180508047, "max": 0.892037510872, "mean": 0.500450015068, "median": 0.518300354481, "min": 0.0350194647908, "var": 0.0202691014856}, "silence_rate_20dB": {"dmean": 0, "dmean2": 0, "dvar": 0, "dvar2": 0, "max": 1, "mean": 1, "median": 1, "min": 1, "var": 0}, "silence_rate_30dB": {"dmean": 0.00926055852324, "dmean2": 0.0185237154365, "dvar": 0.00917437113822, "dvar2": 0.0246345326304, "max": 1, "mean": 0.99298542738, "median": 1, "min": 0, "var": 0.00696561159566}, "silence_rate_60dB": {"dmean": 0.0112249189988, "dmean2": 0.0223126579076, "dvar": 0.0110989324749, "dvar2": 0.0260260459036, "max": 1, "mean": 0.037317622453, "median": 0, "min": 0, "var": 0.03592627123}, "spectral_centroid": {"dmean": 240.107467651, "dmean2": 372.856689453, "dvar": 121319.726562, "dvar2": 249461.625, "max": 11029.5712891, "mean": 932.503173828, "median": 797.215698242, "min": 205.903656006, "var": 257017.859375}, "spectral_complexity": {"dmean": 3.65567564964, "dmean2": 5.77953958511, "dvar": 26.2110042572, "dvar2": 60.8784065247, "max": 52, "mean": 15.0300226212, "median": 14, "min": 0, "var": 52.7754135132}, "spectral_decrease": {"dmean": 2.33020558404e-09, "dmean2": 3.38850947301e-09, "dvar": 8.02579433955e-18, "dvar2": 1.64587319397e-17, "max": -1.2834194024e-29, "mean": -8.63756266511e-09, "median": -7.25992554962e-09, "min": -3.57399976281e-08, "var": 3.95909254509e-17}, "spectral_energy": {"dmean": 0.00916863139719, "dmean2": 0.0133732603863, "dvar": 0.000121684570331, "dvar2": 0.000250741170021, "max": 0.149181470275, "mean": 0.0341221727431, "median": 0.0288766250014, "min": 1.05282829429e-20, "var": 0.000608185247984}, "spectral_energyband_high": {"dmean": 0.000444656063337, "dmean2": 0.000761453353334, "dvar": 9.30921146391e-07, "dvar2": 2.39122937273e-06, "max": 0.0147410063073, "mean": 0.000422263576183, "median": 0.000119905918837, "min": 7.50421321324e-21, "var": 9.40925190207e-07}, "spectral_energyband_low": {"dmean": 0.00603213533759, "dmean2": 0.00860637705773, "dvar": 0.000106413703179, "dvar2": 0.000226201853366, "max": 0.12545761466, "mean": 0.0151558611542, "median": 0.00699186231941, "min": 4.07417974564e-23, "var": 0.0003289586748}, "spectral_energyband_middle_high": {"dmean": 0.00181716494262, "dmean2": 0.00275644590147, "dvar": 1.54721456056e-05, "dvar2": 3.24318971252e-05, "max": 0.132345631719, "mean": 0.00468267500401, "median": 0.00213371985592, "min": 1.46398326453e-21, "var": 6.16385586909e-05}, "spectral_energyband_middle_low": {"dmean": 0.00528900139034, "dmean2": 0.00851776730269, "dvar": 5.67027746001e-05, "dvar2": 0.000146157181007, "max": 0.106981560588, "mean": 0.0143434051424, "median": 0.0104997865856, "min": 5.67692479198e-22, "var": 0.000172541695065}, "spectral_entropy": {"dmean": 0.265620321035, "dmean2": 0.402194052935, "dvar": 0.0725183114409, "dvar2": 0.157637476921, "max": 9.80683422089, "mean": 7.31170558929, "median": 7.28025722504, "min": 5.08551836014, "var": 0.233666673303}, "spectral_flux": {"dmean": 0.026684127748, "dmean2": 0.0389187671244, "dvar": 0.000901687366422, "dvar2": 0.00166653620545, "max": 0.335605502129, "mean": 0.083493873477, "median": 0.0718881338835, "min": 1.02607422559e-10, "var": 0.00263019278646}, "spectral_kurtosis": {"dmean": 2.59734988213, "dmean2": 4.22232341766, "dvar": 7.81477069855, "dvar2": 21.4875850677, "max": 53.6245269775, "mean": 6.66032457352, "median": 5.67664337158, "min": -1.16954064369, "var": 21.9694671631}, "spectral_rms": {"dmean": 0.000764372118283, "dmean2": 0.00111044629011, "dvar": 6.64082733692e-07, "dvar2": 1.31875424358e-06, "max": 0.0120641160756, "mean": 0.00534908380359, "median": 0.00530776008964, "min": 3.20491745122e-12, "var": 4.67720428787e-06}, "spectral_rolloff": {"dmean": 360.250457764, "dmean2": 626.466674805, "dvar": 831993.1875, "dvar2": 2060520.375, "max": 18647.7539062, "mean": 831.142272949, "median": 667.529296875, "min": 21.533203125, "var": 784641.375}, "spectral_skewness": {"dmean": 0.331704676151, "dmean2": 0.513544797897, "dvar": 0.0903056040406, "dvar2": 0.212057337165, "max": 5.19298887253, "mean": 1.96741390228, "median": 1.9495844841, "min": -0.142784774303, "var": 0.327194720507}, "spectral_spread": {"dmean": 804998.5, "dmean2": 1240306.75, "dvar": 1196015353860.0, "dvar2": 2527369101310.0, "max": 40112600, "mean": 4232159, "median": 3980630, "min": 1202127.875, "var": 2367766921220.0}, "spectral_strongpeak": {"dmean": 0.438646584749, "dmean2": 0.734325110912, "dvar": 0.608259022236, "dvar2": 1.44649076462, "max": 14.0477304459, "mean": 0.962113618851, "median": 0.463435381651, "min": 0, "var": 1.67837846279}, "zerocrossingrate": {"dmean": 0.00939292274415, "dmean2": 0.0124718649313, "dvar": 0.000165300938534, "dvar2": 0.000221677997615, "max": 0.515625, "mean": 0.0369568914175, "median": 0.03271484375, "min": 0.00244140625, "var": 0.000523660506587}, "barkbands": {"dmean": [0.000227104741498, 0.0054516820237, 0.00143698323518, 0.00055610795971, 0.0023305490613, 0.000971547793597, 0.00128715625033, 0.00110207940452, 0.00142760144081, 0.000572950171772, 0.000515843043104, 0.00044607417658, 0.000307641166728, 0.00031554751331, 0.000225191237405, 0.000174694432644, 0.00013220749679, 0.000135141177452, 8.33124795463e-05, 9.25541826291e-05, 0.000107878098788, 7.15318456059e-05, 6.58492281218e-05, 4.92049221066e-05, 6.95470589562e-05, 3.99426608055e-05, 5.18567730978e-06], "dmean2": [0.000294960715109, 0.00775328231975, 0.00246591842733, 0.000949727313127, 0.00391497043893, 0.00158786040265, 0.00208367593586, 0.00172865402419, 0.00218170485459, 0.000881144253071, 0.000805543386377, 0.000662712787744, 0.000476215413073, 0.000497892266139, 0.000354841613444, 0.000304049521219, 0.000217394393985, 0.000222624905291, 0.000138587973197, 0.000150926789502, 0.000184864780749, 0.00012075878476, 0.000110566339572, 8.72946329764e-05, 0.000129040301545, 7.48159000068e-05, 9.5808018159e-06], "dvar": [1.67899884218e-07, 9.44912389969e-05, 1.57713166118e-05, 1.66314100625e-06, 1.38798850458e-05, 3.42448606716e-06, 1.11956960609e-05, 7.86281179899e-06, 1.10308455987e-05, 2.24247060032e-06, 2.31894318858e-06, 3.82916914532e-06, 6.64114054416e-07, 1.30360240291e-06, 5.20727212461e-07, 2.50767300258e-07, 1.50270949462e-07, 1.70377944642e-07, 1.0134219508e-07, 3.40805250687e-08, 6.55856098319e-08, 2.5554223626e-08, 2.52658551858e-08, 1.4356919209e-08, 4.3767432345e-08, 1.5248065921e-08, 2.28101357247e-10], "dvar2": [2.74250027132e-07, 0.000196608511033, 4.41667434643e-05, 4.68170856038e-06, 3.64227598766e-05, 8.3892227849e-06, 2.8836167985e-05, 1.97080116777e-05, 2.64385016635e-05, 4.83666735818e-06, 5.35606113772e-06, 5.98194856138e-06, 1.51098151946e-06, 2.6056425213e-06, 1.11270321668e-06, 6.74363604958e-07, 3.90034330167e-07, 4.39677336317e-07, 2.75756406154e-07, 8.16971734707e-08, 1.64658246149e-07, 5.72421328116e-08, 5.93279452232e-08, 3.90004046835e-08, 1.25288522668e-07, 4.36397549208e-08, 6.38781971762e-10], "max": [0.00626217294484, 0.111604303122, 0.0443461574614, 0.0226221326739, 0.062100790441, 0.0376063846052, 0.0826193839312, 0.0659230276942, 0.0764423236251, 0.0623417943716, 0.0492598190904, 0.103701576591, 0.0288627147675, 0.0561278872192, 0.0294852741063, 0.00976088363677, 0.0101569993421, 0.00879427418113, 0.00829336233437, 0.0028649806045, 0.00787262339145, 0.00322805228643, 0.00450456421822, 0.00164158688858, 0.00162394542713, 0.00108337926213, 0.000140372707392], "mean": [0.000543312577065, 0.0125084081665, 0.00174225016963, 0.000706106598955, 0.00409500487149, 0.00154309987556, 0.00221650465392, 0.00213006185368, 0.00338773592375, 0.00105335679837, 0.000853957026266, 0.000808270357084, 0.000566848553717, 0.000435611349531, 0.000397679250455, 0.000194474123418, 0.000176356654265, 0.00019588554278, 9.9225777376e-05, 0.000108383479528, 9.65740182437e-05, 7.45709985495e-05, 7.15265487088e-05, 4.16103648604e-05, 4.68241159979e-05, 2.51482488238e-05, 3.31962610289e-06], "median": [0.000224315939704, 0.00462163146585, 0.000732538290322, 0.000248251017183, 0.00255760736763, 0.000747559359297, 0.000732005690224, 0.000817730964627, 0.000753954343963, 0.000352740637027, 0.000324580236338, 0.000187309895409, 0.000168082246091, 8.11057761894e-05, 9.64492937783e-05, 5.50461300008e-05, 5.94251978328e-05, 5.70570373384e-05, 3.64900479326e-05, 3.95998031308e-05, 1.96318324015e-05, 1.82455733011e-05, 2.07176126423e-05, 1.03908350866e-05, 7.52617052058e-06, 2.70428199656e-06, 2.36399088749e-07], "min": [7.04409203797e-25, 1.91229239316e-23, 1.40595965456e-23, 1.32032375459e-23, 1.1190080293e-22, 1.87302084626e-22, 5.6539238799e-23, 6.49220786747e-23, 1.02313549157e-22, 5.79512935085e-23, 2.76546045051e-23, 1.02175132467e-22, 6.44106443726e-23, 4.6385803777e-23, 1.4129156407e-22, 1.33380652342e-22, 2.61908611048e-22, 1.70919311647e-22, 3.08940649679e-22, 2.28602726925e-22, 5.31272146977e-22, 6.17646988736e-22, 6.3791452933e-22, 7.18817478441e-22, 1.04496912932e-21, 1.62294835472e-21, 2.3886152852e-21], "var": [6.42441932541e-07, 0.000279524014331, 1.16162627819e-05, 1.66667109625e-06, 2.34583294514e-05, 5.87456634094e-06, 2.88284099952e-05, 2.284882612e-05, 5.03113369632e-05, 7.53427093514e-06, 4.67448444397e-06, 1.0958779967e-05, 2.25481539928e-06, 2.86570389108e-06, 1.96822838916e-06, 2.29031371646e-07, 1.76579163735e-07, 1.83296691603e-07, 7.6750268363e-08, 4.14006038341e-08, 6.89623931294e-08, 4.10408347307e-08, 3.4534274107e-08, 1.11254339075e-08, 2.52025778025e-08, 8.62475335595e-09, 1.37160671709e-10]}, "erbbands": {"dmean": [0.187329903245, 1.29014289379, 1.92040550709, 1.5642541647, 3.71947383881, 9.98174190521, 10.7876882553, 7.19181776047, 14.6900844574, 20.8884811401, 26.1529903412, 37.400642395, 16.7865505219, 20.883764267, 20.8226070404, 14.944653511, 13.4901542664, 14.5463695526, 14.6081371307, 7.6751332283, 9.59308433533, 6.5520863533, 7.36693334579, 5.0241689682, 3.83239984512, 4.59128761292, 4.86082649231, 3.53185653687, 2.64583992958, 2.23530626297, 1.79976975918, 1.11027193069, 0.83026099205, 0.621996760368, 0.599183022976, 0.212439164519, 0.0705522224307, 0.0112403277308, 0.000830231350847, 3.07990740112e-05], "dmean2": [0.225880339742, 1.87698531151, 3.1936814785, 2.62965273857, 6.26714897156, 16.5636405945, 17.8013801575, 11.6824913025, 23.6678924561, 32.8085594177, 40.183921814, 56.5932540894, 24.3974380493, 31.9428329468, 32.8035316467, 21.6705150604, 20.9562892914, 22.0066547394, 22.7322559357, 12.3799657822, 16.4573154449, 10.6671915054, 12.0909729004, 8.19777202606, 6.3190112114, 7.51654720306, 8.25234699249, 6.01015663147, 4.48302221298, 3.70479655266, 3.05449104309, 1.95224499702, 1.48101234436, 1.13419818878, 1.12474679947, 0.398211300373, 0.13237555325, 0.020895935595, 0.00152815470938, 5.26683252247e-05], "dvar": [0.0839750394225, 6.31581163406, 26.4087047577, 14.0410060883, 49.2029342651, 270.195861816, 337.93951416, 326.69317627, 958.632568359, 4586.27832031, 3435.60205078, 8064.65722656, 1333.14624023, 3403.75439453, 7390.78076172, 2209.09936523, 1145.55444336, 1879.24206543, 2503.11914062, 520.248413086, 845.369750977, 349.684997559, 602.775512695, 253.220031738, 192.098114014, 84.7149200439, 119.026954651, 93.6797409058, 38.4428977966, 23.1452121735, 21.0123386383, 6.99211168289, 4.20713758469, 2.94774389267, 3.75899744034, 0.416429162025, 0.0486007481813, 0.00112095684744, 5.70980637349e-06, 4.33320446191e-09], "dvar2": [0.134180650115, 13.8698120117, 71.1390151978, 38.8596725464, 131.827331543, 711.196716309, 863.354736328, 797.87487793, 2551.8449707, 11526.4960938, 8076.70458984, 19520.8613281, 2617.92749023, 7177.43847656, 17478.3925781, 3411.98925781, 2656.76171875, 3404.47949219, 5356.43847656, 1040.9354248, 2259.52001953, 916.402038574, 1585.08056641, 655.386047363, 525.251342773, 204.682647705, 296.287322998, 226.699554443, 87.6444320679, 51.8017234802, 49.8984222412, 18.6246814728, 11.5715761185, 8.34167766571, 10.8338947296, 1.19312310219, 0.139182701707, 0.00316536333412, 1.59349856403e-05, 1.1918292131e-08], "max": [4.85825967789, 27.7588939667, 59.8524513245, 52.1752548218, 138.561157227, 327.967590332, 476.416259766, 453.43737793, 781.61541748, 1695.82739258, 1609.56970215, 2293.82836914, 1037.85388184, 2486.95239258, 4574.06933594, 2293.67919922, 1095.33728027, 1795.01989746, 1875.43469238, 1069.96374512, 604.112854004, 338.93560791, 537.377746582, 357.143737793, 360.107635498, 146.951065063, 160.778762817, 480.45993042, 141.694000244, 118.76259613, 135.555740356, 43.416595459, 21.6997737885, 16.1116409302, 15.6216373444, 5.34262990952, 1.73467290401, 0.269661486149, 0.0246122833341, 0.000802179856692], "mean": [0.48035377264, 2.28703379631, 2.52956652641, 2.19467329979, 5.88829278946, 16.377035141, 17.2296638489, 11.2758693695, 25.1081066132, 37.1813049316, 56.9811172485, 87.0704879761, 33.0095367432, 41.1160926819, 40.6574668884, 29.651134491, 26.6826992035, 24.0441398621, 25.6192054749, 12.4589128494, 11.4130392075, 9.2435874939, 10.398724556, 7.38786888123, 4.74691867828, 5.30549144745, 4.46191120148, 3.35580039024, 2.67017292976, 2.58324241638, 1.86381947994, 0.99518686533, 0.671750545502, 0.453810214996, 0.381166160107, 0.13534656167, 0.0437754765153, 0.00712404493243, 0.000551877077669, 5.41006556887e-05], "median": [0.157113075256, 0.817646324635, 1.25424075127, 1.04257702827, 3.01599311829, 8.85338115692, 8.98442077637, 5.62873935699, 10.3025159836, 14.3029384613, 22.6571807861, 19.2346744537, 12.2687835693, 16.0674934387, 13.4100961685, 8.88742351532, 8.7684841156, 6.3804397583, 5.34453439713, 3.78178739548, 3.22577047348, 3.18303966522, 3.26264309883, 2.64736127853, 1.92807650566, 1.84443557262, 1.0706590414, 0.682315349579, 0.579561948776, 0.758393347263, 0.518059790134, 0.264894545078, 0.155026689172, 0.0922488570213, 0.0476087704301, 0.0167823769152, 0.00413993326947, 0.000588951748796, 5.651225365e-05, 3.99531272706e-05], "min": [8.71721441067e-22, 3.30719289309e-21, 1.07372203646e-20, 3.70405920682e-20, 1.00528313206e-19, 4.95208165618e-19, 1.36483384524e-18, 1.23405069674e-18, 6.1928360314e-19, 1.04661642962e-18, 2.00026210109e-18, 2.00552090183e-18, 2.51944490769e-18, 9.89558338146e-19, 1.51736129731e-18, 5.2511679352e-18, 3.31419507714e-18, 2.31273433377e-18, 8.04756821482e-18, 5.04198884754e-18, 8.72448898756e-18, 1.45563803126e-17, 1.00537334903e-17, 1.49039913845e-17, 1.5297056031e-17, 1.08304105906e-17, 1.4778157361e-17, 2.57344789029e-17, 2.1629667905e-17, 1.51304602013e-17, 1.96970745547e-17, 1.74426516978e-17, 1.05233181338e-17, 1.073860016e-17, 7.1430842653e-18, 5.76628432191e-18, 3.14730146239e-18, 1.22551171127e-18, 3.73286913207e-19, 3.37672348203e-20], "var": [0.448180019855, 11.6930761337, 21.202878952, 12.7690982819, 70.454460144, 466.244354248, 593.858459473, 493.611938477, 1970.88037109, 9179.91503906, 14489.28125, 34348.5625, 4387.54980469, 11796.5136719, 16140.625, 9256.72363281, 4320.11523438, 5120.35839844, 8184.60498047, 1726.65734863, 852.772460938, 403.907623291, 578.093200684, 271.262756348, 146.435119629, 101.116386414, 118.307937622, 114.88898468, 59.6393623352, 36.4163856506, 27.6203536987, 6.15393400192, 3.0161075592, 1.79408502579, 2.10074543953, 0.235264465213, 0.0273934006691, 0.000658072938677, 3.46809429175e-06, 3.51545481614e-09]}, "gfcc": {"mean": [-19.1568622589, 115.281013489, -108.079986572, 19.4642448425, -58.0445785522, 15.2252321243, -27.1483974457, 11.5696983337, -16.5585269928, 3.48882699013, -9.64420318604, 1.94703030586, -8.36291980743], "cov": [[7515.95800781, -922.733154297, -232.377304077, 151.248428345, -324.139953613, 288.004974365, -46.3754997253, 233.451950073, -101.346313477, 210.11680603, -44.1718406677, 154.503448486, -63.6236915588], [-922.733154297, 1509.31152344, -191.359436035, -90.2984848022, 129.21697998, -223.66444397, 59.9831695557, -191.53086853, 120.682060242, -253.903015137, 27.4788093567, -190.354690552, -21.8257389069], [-232.377304077, -191.359436035, 576.096984863, 175.927505493, 53.4842338562, 90.4466934204, -0.258273899555, 75.7265777588, -26.4772186279, 106.878555298, 8.01830482483, 46.9807815552, 23.1694335938], [151.248428345, -90.2984848022, 175.927505493, 373.529632568, 82.044960022, 50.4810256958, 9.0137720108, 17.3046360016, 43.8237342834, 19.1282100677, 1.50916755199, 42.4014358521, 61.0793075562], [-324.139953613, 129.21697998, 53.4842338562, 82.044960022, 257.259155273, 80.3922195435, 46.5699272156, 54.0185165405, 67.5170898438, 13.3476657867, 31.6927566528, 20.6519851685, 64.8521499634], [288.004974365, -223.66444397, 90.4466934204, 50.4810256958, 80.3922195435, 278.411346436, 114.304542542, 139.025268555, 18.5212574005, 112.943649292, 74.5515289307, 57.3899421692, 45.3002853394], [-46.3754997253, 59.9831695557, -0.258273899555, 9.0137720108, 46.5699272156, 114.304542542, 184.960464478, 71.4183349609, 34.5310249329, 27.6459388733, 51.7655258179, -7.89955711365, 1.52898108959], [233.451950073, -191.53086853, 75.7265777588, 17.3046360016, 54.0185165405, 139.025268555, 71.4183349609, 203.133773804, 55.7477302551, 102.839881897, 50.2115211487, 58.1211891174, 35.9709663391], [-101.346313477, 120.682060242, -26.4772186279, 43.8237342834, 67.5170898438, 18.5212574005, 34.5310249329, 55.7477302551, 153.845428467, 40.9944000244, 31.2959537506, 6.14306497574, 28.4747524261], [210.11680603, -253.903015137, 106.878555298, 19.1282100677, 13.3476657867, 112.943649292, 27.6459388733, 102.839881897, 40.9944000244, 165.592376709, 58.341129303, 54.8319129944, 22.4593162537], [-44.1718406677, 27.4788093567, 8.01830482483, 1.50916755199, 31.6927566528, 74.5515289307, 51.7655258179, 50.2115211487, 31.2959537506, 58.341129303, 122.872955322, 43.7798118591, 18.960231781], [154.503448486, -190.354690552, 46.9807815552, 42.4014358521, 20.6519851685, 57.3899421692, -7.89955711365, 58.1211891174, 6.14306497574, 54.8319129944, 43.7798118591, 109.433486938, 48.0710144043], [-63.6236915588, -21.8257389069, 23.1694335938, 61.0793075562, 64.8521499634, 45.3002853394, 1.52898108959, 35.9709663391, 28.4747524261, 22.4593162537, 18.960231781, 48.0710144043, 103.276443481]], "icov": [[0.000195276355953, -0.000107173378638, 0.000279105413938, -0.000283464090899, 0.000292407145025, -0.000311301351758, 0.000206382581382, -0.000297508813674, 0.000279274390778, -0.000365299667465, 0.000395423645386, -0.000331454590196, 0.000340302387485], [-0.000107173378638, 0.00207579834387, -0.000685858365614, 0.000864265020937, -0.000924126186874, 0.0010671550408, -0.000749475555494, 0.00111420731992, -0.00220256834291, 0.00318993581459, -0.00280670961365, 0.0028406730853, -0.00114274933003], [0.000279105413938, -0.000685858365614, 0.00317722302862, -0.00190415163524, -5.58644069315e-06, -0.000411226297729, 0.000663853716105, -0.00131935812533, 0.00255282502621, -0.0033189735841, 0.00164640811272, -0.000922360515688, 0.0012189229019], [-0.000283464090899, 0.000864265020937, -0.00190415163524, 0.00454737758264, -0.000941161531955, 6.87026695232e-05, -0.000769245845731, 0.00192502560094, -0.00276225223206, 0.00252920854837, -0.000702050048858, 9.45191059145e-05, -0.00205595372245], [0.000292407145025, -0.000924126186874, -5.58644069315e-06, -0.000941161531955, 0.00653428677469, -0.00231078569777, 0.000461353949504, -0.00102462258656, -0.00106528750621, 0.000384624523576, 0.000918677134905, -0.000817900174297, -0.00177473644726], [-0.000311301351758, 0.0010671550408, -0.000411226297729, 6.87026695232e-05, -0.00231078569777, 0.00975023582578, -0.00435886858031, -0.00184973620344, 0.00178845773917, -0.00193098885939, -0.00273780385032, 0.00138576352037, -0.00224711094052], [0.000206382581382, -0.000749475555494, 0.000663853716105, -0.000769245845731, 0.000461353949504, -0.00435886858031, 0.00980037357658, -0.00261697266251, -0.000169635255588, 0.000860660686158, -0.00175405433401, 0.0021928162314, 0.00182434974704], [-0.000297508813674, 0.00111420731992, -0.00131935812533, 0.00192502560094, -0.00102462258656, -0.00184973620344, -0.00261697266251, 0.0113598052412, -0.00418400159106, -0.000718602212146, -0.000265986571321, -0.00169253954664, -0.00110690295696], [0.000279274390778, -0.00220256834291, 0.00255282502621, -0.00276225223206, -0.00106528750621, 0.00178845773917, -0.000169635255588, -0.00418400159106, 0.0130238337442, -0.00720997899771, 0.00175016117282, -0.000621938379481, 5.70288175368e-05], [-0.000365299667465, 0.00318993581459, -0.0033189735841, 0.00252920854837, 0.000384624523576, -0.00193098885939, 0.000860660686158, -0.000718602212146, -0.00720997899771, 0.0185406077653, -0.00731478165835, 0.00252022221684, -0.00133337068837], [0.000395423645386, -0.00280670961365, 0.00164640811272, -0.000702050048858, 0.000918677134905, -0.00273780385032, -0.00175405433401, -0.000265986571321, 0.00175016117282, -0.00731478165835, 0.0168893244117, -0.00893183425069, 0.00260384078138], [-0.000331454590196, 0.0028406730853, -0.000922360515688, 9.45191059145e-05, -0.000817900174297, 0.00138576352037, 0.0021928162314, -0.00169253954664, -0.000621938379481, 0.00252022221684, -0.00893183425069, 0.0210401657969, -0.00752020440996], [0.000340302387485, -0.00114274933003, 0.0012189229019, -0.00205595372245, -0.00177473644726, -0.00224711094052, 0.00182434974704, -0.00110690295696, 5.70288175368e-05, -0.00133337068837, 0.00260384078138, -0.00752020440996, 0.0163485370576]]}, "melbands": {"dmean": [0.00154677079991, 0.00119946047198, 0.000301053660223, 0.000504845462274, 0.000386548083043, 0.000162019612617, 0.000241088040639, 0.000225467854762, 0.000224407864152, 0.000230888850638, 8.459482342e-05, 8.6261476099e-05, 6.4239880885e-05, 5.80821397307e-05, 2.92808799713e-05, 3.12001793645e-05, 2.8781412766e-05, 2.65933958872e-05, 1.39369103636e-05, 1.04936052594e-05, 1.2450338545e-05, 7.15949863661e-06, 7.34425975679e-06, 6.11357972957e-06, 4.1634207264e-06, 3.03443903249e-06, 2.42036958298e-06, 3.35457457368e-06, 3.08708877128e-06, 2.82002019958e-06, 1.88356773378e-06, 1.52302845891e-06, 1.3297528767e-06, 1.25612268675e-06, 1.09963377781e-06, 8.62060346662e-07, 6.38830840671e-07, 6.21710171345e-07, 4.64080414986e-07, 5.48301670733e-07], "dmean2": [0.00206769723445, 0.0018411478959, 0.000499850488268, 0.000845806847792, 0.000640087993816, 0.000263190828264, 0.00038980282261, 0.0003530679096, 0.000342890678439, 0.000350283429725, 0.000122499841382, 0.00013255077647, 0.000100840647065, 8.403006359e-05, 4.50574443676e-05, 4.84342563141e-05, 4.42384480266e-05, 4.15071990574e-05, 2.15357031266e-05, 1.75858131115e-05, 2.14648316614e-05, 1.15406191981e-05, 1.23212257677e-05, 9.84759753919e-06, 6.82943664287e-06, 5.07440790898e-06, 3.94676953874e-06, 5.58227293368e-06, 5.21402807863e-06, 4.96058828503e-06, 3.17882654599e-06, 2.60160800281e-06, 2.23511983677e-06, 2.06724030249e-06, 1.85627345672e-06, 1.50716664393e-06, 1.13106432309e-06, 1.11347924303e-06, 8.28877659842e-07, 1.00731028851e-06], "dvar": [6.46876969768e-06, 7.16670683687e-06, 4.41281542862e-07, 7.18470062111e-07, 4.04942738896e-07, 1.37951516876e-07, 2.89863834269e-07, 4.77432934076e-07, 2.39499200916e-07, 3.32451634222e-07, 3.6833416317e-08, 6.10272579138e-08, 5.41222107131e-08, 6.42879243173e-08, 5.55702595051e-09, 7.10118852609e-09, 8.6719209591e-09, 1.02340314001e-08, 1.82256909564e-09, 7.48432593678e-10, 1.64323576968e-09, 3.80212972217e-10, 7.84521891894e-10, 3.18456316872e-10, 1.72971928447e-10, 1.4417693428e-10, 3.1193603256e-11, 5.06391040211e-11, 5.0583818384e-11, 4.32205417289e-11, 4.46115748509e-11, 1.42758426608e-11, 8.36874753524e-12, 7.71583838488e-12, 9.29672571565e-12, 4.76556814843e-12, 2.33276614171e-12, 2.32043594409e-12, 1.56419246045e-12, 2.30400139072e-12], "dvar2": [1.2012436855e-05, 1.76048706635e-05, 1.21744199078e-06, 1.91575918507e-06, 1.02881949715e-06, 3.37003825734e-07, 7.81379981163e-07, 1.242948656e-06, 5.87722126966e-07, 8.02532838406e-07, 7.03357514453e-08, 1.30288256628e-07, 1.30715648083e-07, 9.74621627847e-08, 1.13545439717e-08, 1.46074565777e-08, 1.56090766978e-08, 2.1544037665e-08, 3.43093486954e-09, 1.82757431411e-09, 4.31391322664e-09, 9.29506083214e-10, 2.15102891055e-09, 8.0399342739e-10, 4.47475029253e-10, 3.97726490631e-10, 7.7877530813e-11, 1.24977098115e-10, 1.23144341946e-10, 1.13105587396e-10, 1.09665068693e-10, 3.28953982109e-11, 1.90618701379e-11, 1.74613934423e-11, 2.22144629081e-11, 1.25865984302e-11, 6.24685806555e-12, 6.3692128828e-12, 4.36018192038e-12, 6.53643025122e-12], "max": [0.0342580080032, 0.0319497957826, 0.00984834786505, 0.0166878551245, 0.0164867602289, 0.00882976222783, 0.0135142700747, 0.017879974097, 0.0138364834711, 0.014787982218, 0.00518052466214, 0.0106585305184, 0.0111247384921, 0.014377033338, 0.0028028904926, 0.00329416128807, 0.00427173543721, 0.00388005562127, 0.00189565389883, 0.000749215774704, 0.000984651618637, 0.000522511720192, 0.000727519451175, 0.000365425628843, 0.000281444692519, 0.000318786973367, 0.00013723311713, 0.00011529213225, 0.000109743952635, 9.17835131986e-05, 0.000403306476073, 9.58015516517e-05, 6.05895038461e-05, 7.41320764064e-05, 0.00010388881492, 3.3240623452e-05, 2.46904601227e-05, 1.78073296411e-05, 1.29577583721e-05, 1.37006518344e-05], "mean": [0.00380158727057, 0.00191700446885, 0.000434997520642, 0.000843612477183, 0.000641857215669, 0.000253149133641, 0.000418523180997, 0.000404617778258, 0.000492592807859, 0.000530690420419, 0.000148092236486, 0.000163912205608, 0.00012001558207, 0.000109186570626, 5.59510044695e-05, 5.51829871256e-05, 4.34218673036e-05, 4.18844138039e-05, 2.34530107264e-05, 1.34576657729e-05, 1.38207524287e-05, 9.8393047665e-06, 9.28819736146e-06, 8.9353943622e-06, 5.70231441088e-06, 3.51815469912e-06, 3.13887926495e-06, 3.64463971891e-06, 2.81865823126e-06, 2.38702523347e-06, 1.83417182598e-06, 1.52545510446e-06, 1.35559014325e-06, 1.48538856592e-06, 1.14176714305e-06, 7.83606083132e-07, 5.49072240119e-07, 5.00834914874e-07, 3.67558527614e-07, 3.86991530377e-07], "median": [0.00135156977922, 0.00101533019915, 0.000229732031585, 0.000450587511295, 0.000362577178748, 0.000126655839267, 0.000158227907377, 0.000154654044309, 0.000171118619619, 0.000104964849015, 4.96463508171e-05, 5.63628818782e-05, 4.28013081546e-05, 2.97768347082e-05, 1.66158824868e-05, 1.77531182999e-05, 9.45187821344e-06, 7.32884927857e-06, 6.20293667453e-06, 4.01577472076e-06, 3.22394316754e-06, 3.18680031342e-06, 2.78318930214e-06, 2.6385421279e-06, 1.83042436674e-06, 1.22582468975e-06, 1.20837557915e-06, 1.13077430797e-06, 6.45489762974e-07, 4.19393899165e-07, 3.57085355063e-07, 3.0378416227e-07, 3.35278173225e-07, 4.30704233167e-07, 2.98447105251e-07, 1.97041686079e-07, 1.39006090194e-07, 1.12235142069e-07, 8.4567147951e-08, 7.17680919138e-08], "min": [6.42780747197e-24, 5.11548489689e-24, 6.34910045288e-24, 2.11464925707e-23, 4.02566637769e-23, 2.91911067556e-23, 1.08754525873e-23, 1.10731379747e-23, 1.78356685951e-23, 1.3139966957e-23, 1.28133359437e-23, 3.90590119952e-24, 3.97983048254e-24, 9.98263480309e-24, 1.25249236636e-23, 4.91060154815e-24, 3.89128084593e-24, 1.23073495151e-23, 8.05618440772e-24, 7.56540090643e-24, 1.05976859851e-23, 1.67271328521e-23, 1.04623805626e-23, 7.87457600557e-24, 1.2961028849e-23, 9.36720970105e-24, 1.11816899684e-23, 5.69247472348e-24, 7.44758216365e-24, 1.35672384779e-23, 1.61401335639e-23, 1.39453947301e-23, 8.39116393593e-24, 8.09635714932e-24, 1.22598261676e-23, 1.12272143424e-23, 1.05246863746e-23, 7.87096775579e-24, 6.79653683629e-24, 1.00440389471e-23], "var": [2.61389614025e-05, 8.57497889228e-06, 4.27271174885e-07, 1.21221466998e-06, 7.06312334842e-07, 2.17603172814e-07, 6.80689481669e-07, 9.29524617277e-07, 1.06557899926e-06, 1.43856163959e-06, 1.04387943622e-07, 2.12884671669e-07, 1.1621261109e-07, 1.85532016417e-07, 2.41244269006e-08, 2.06083790033e-08, 2.30744525709e-08, 2.69130069341e-08, 6.39924824242e-09, 1.14225939818e-09, 1.7376252659e-09, 5.43315559209e-10, 6.16252326946e-10, 3.7024452948e-10, 1.87757726033e-10, 1.05544871454e-10, 3.529463527e-11, 5.64340796316e-11, 5.15168151194e-11, 3.95764115924e-11, 5.04924990707e-11, 2.16109803663e-11, 1.22411898326e-11, 1.19159153031e-11, 1.19873911145e-11, 4.49220695364e-12, 1.9652315799e-12, 1.70277810949e-12, 1.02422118096e-12, 1.38091068528e-12]}, "mfcc": {"mean": [-665.278381348, 147.283798218, 6.74137163162, 14.5417051315, -2.53513383865, 5.01004600525, 1.27851128578, 8.28202629089, -0.200608432293, 5.9214258194, 2.94252538681, 2.32364296913, 2.08695054054], "cov": [[5384.52685547, -449.276702881, -247.427947998, -38.1671638489, -202.487472534, 59.8187255859, -31.0015068054, 98.7478256226, -28.4115695953, 63.2283706665, 93.669593811, 40.9421958923, -52.2165374756], [-449.276702881, 1347.98657227, -202.523544312, 11.3829755783, -23.4482192993, -53.3916893005, -76.4646759033, 30.0590419769, -70.0795593262, 6.48064374924, 2.76987409592, -56.9269371033, -62.8848991394], [-247.427947998, -202.523544312, 459.586547852, 102.062660217, 49.8202362061, 44.4795570374, 66.7583770752, -27.6784648895, 31.0182743073, 8.05812644958, 4.01984167099, 59.6528434753, 50.4587135315], [-38.1671638489, 11.3829755783, 102.062660217, 279.898193359, 95.7749404907, 42.234161377, -42.7109527588, 13.529343605, 41.9186668396, -20.3471641541, -40.7268600464, 20.7631492615, 12.2531967163], [-202.487472534, -23.4482192993, 49.8202362061, 95.7749404907, 244.003158569, 50.8706970215, 22.3512306213, 24.8459339142, 81.7204742432, 11.7164049149, -16.4659347534, 40.3415985107, 33.6927261353], [59.8187255859, -53.3916893005, 44.4795570374, 42.234161377, 50.8706970215, 137.599731445, 66.7879867554, 29.137304306, 37.9374351501, 28.9659633636, 22.5572929382, 14.7675533295, 16.3678951263], [-31.0015068054, -76.4646759033, 66.7583770752, -42.7109527588, 22.3512306213, 66.7879867554, 212.445419312, 61.2569885254, 29.6002388, 47.1795806885, 47.2911643982, 28.3287963867, 32.4736824036], [98.7478256226, 30.0590419769, -27.6784648895, 13.529343605, 24.8459339142, 29.137304306, 61.2569885254, 123.544967651, 37.8949203491, 27.8011932373, 35.3460502625, 17.73487854, 17.4536457062], [-28.4115695953, -70.0795593262, 31.0182743073, 41.9186668396, 81.7204742432, 37.9374351501, 29.6002388, 37.8949203491, 143.588134766, 43.1065406799, 4.15153455734, 37.827255249, 16.1449489594], [63.2283706665, 6.48064374924, 8.05812644958, -20.3471641541, 11.7164049149, 28.9659633636, 47.1795806885, 27.8011932373, 43.1065406799, 115.6329422, 66.1990737915, 21.3462562561, 17.5382137299], [93.669593811, 2.76987409592, 4.01984167099, -40.7268600464, -16.4659347534, 22.5572929382, 47.2911643982, 35.3460502625, 4.15153455734, 66.1990737915, 114.003250122, 40.0349769592, 16.7238540649], [40.9421958923, -56.9269371033, 59.6528434753, 20.7631492615, 40.3415985107, 14.7675533295, 28.3287963867, 17.73487854, 37.827255249, 21.3462562561, 40.0349769592, 114.445297241, 57.6446228027], [-52.2165374756, -62.8848991394, 50.4587135315, 12.2531967163, 33.6927261353, 16.3678951263, 32.4736824036, 17.4536457062, 16.1449489594, 17.5382137299, 16.7238540649, 57.6446228027, 102.196060181]], "icov": [[0.000223806477152, 0.000114591945021, 0.00014931311307, -6.3086488808e-05, 0.000217136606807, -0.000181319890544, 0.000130679822178, -0.00024096314155, 0.000150716092321, -0.000185297481949, 4.13589114032e-05, -0.00028790498618, 0.000239405257162], [0.000114591945021, 0.000923818850424, 0.000372041686205, -0.000249038421316, -4.0310795157e-05, 0.000141770826303, 0.000236565727391, -0.000504937546793, 0.000663723563775, -0.000524234143086, 5.0334208936e-05, -0.000113602465717, 0.000515776162501], [0.00014931311307, 0.000372041686205, 0.00318645359948, -0.00146095873788, 0.000267868250376, -8.37774568936e-05, -0.00134087854531, 0.00156168313697, 9.73209444055e-06, -6.19318016106e-05, -0.000201760209166, -0.000966989377048, -0.000420889758971], [-6.3086488808e-05, -0.000249038421316, -0.00146095873788, 0.00568125676364, -0.00138345151208, -0.00186667346861, 0.00233455281705, -0.0017743522767, -0.000178928064997, 0.000274111691397, 0.00196443754248, -0.000752668711357, 0.000255278748227], [0.000217136606807, -4.0310795157e-05, 0.000267868250376, -0.00138345151208, 0.00625575659797, -0.00126100413036, -0.000222100323299, -0.0001341511379, -0.0023887117859, -6.86977873556e-05, 0.00126860360615, -0.00119599909522, -0.000791063997895], [-0.000181319890544, 0.000141770826303, -8.37774568936e-05, -0.00186667346861, -0.00126100413036, 0.0104550318792, -0.00309768947773, 0.000421472097514, -0.00117946905084, -0.000239783534198, -0.00194996630307, 0.00167573383078, -0.000485282158479], [0.000130679822178, 0.000236565727391, -0.00134087854531, 0.00233455281705, -0.000222100323299, -0.00309768947773, 0.0080869467929, -0.00373306381516, 0.000535521656275, -0.00129026523791, 6.34911411908e-05, -0.000327203655615, -0.000457312504295], [-0.00024096314155, -0.000504937546793, 0.00156168313697, -0.0017743522767, -0.0001341511379, 0.000421472097514, -0.00373306381516, 0.0125597193837, -0.00324541842565, 0.00167871930171, -0.004007876385, 0.00143334176391, -0.00190223986283], [0.000150716092321, 0.000663723563775, 9.73209444055e-06, -0.000178928064997, -0.0023887117859, -0.00117946905084, 0.000535521656275, -0.00324541842565, 0.0121859796345, -0.00576280616224, 0.00444377958775, -0.00410620868206, 0.00251538213342], [-0.000185297481949, -0.000524234143086, -6.19318016106e-05, 0.000274111691397, -6.86977873556e-05, -0.000239783534198, -0.00129026523791, 0.00167871930171, -0.00576280616224, 0.0166170187294, -0.00996783096343, 0.00344945164397, -0.00249100499786], [4.13589114032e-05, 5.0334208936e-05, -0.000201760209166, 0.00196443754248, 0.00126860360615, -0.00194996630307, 6.34911411908e-05, -0.004007876385, 0.00444377958775, -0.00996783096343, 0.0190809629858, -0.00738929770887, 0.00252865510993], [-0.00028790498618, -0.000113602465717, -0.000966989377048, -0.000752668711357, -0.00119599909522, 0.00167573383078, -0.000327203655615, 0.00143334176391, -0.00410620868206, 0.00344945164397, -0.00738929770887, 0.0167358834296, -0.00783830415457], [0.000239405257162, 0.000515776162501, -0.000420889758971, 0.000255278748227, -0.000791063997895, -0.000485282158479, -0.000457312504295, -0.00190223986283, 0.00251538213342, -0.00249100499786, 0.00252865510993, -0.00783830415457, 0.0152483088896]]}, "spectral_contrast_coeffs": {"dmean": [0.0476040355861, 0.0477697737515, 0.042590893805, 0.0314403474331, 0.0239042956382, 0.0214509740472], "dmean2": [0.0758693441749, 0.0786532014608, 0.0687291771173, 0.0500838197768, 0.0373971499503, 0.0335512310266], "dvar": [0.00162320141681, 0.00151597650256, 0.00121704977937, 0.00067465059692, 0.00042985973414, 0.000406680483138], "dvar2": [0.00389339774847, 0.00392556469887, 0.00302750035189, 0.00164644711185, 0.00100574374665, 0.000898082449567], "max": [-0.30596613884, -0.348893523216, -0.369724988937, -0.525080621243, -0.610131680965, -0.566551327705], "mean": [-0.651084065437, -0.725736737251, -0.731864392757, -0.770932495594, -0.796932637691, -0.781336426735], "median": [-0.661940276623, -0.734834730625, -0.740676343441, -0.778443217278, -0.802231550217, -0.783502042294], "min": [-0.936116456985, -0.97011834383, -0.968106865883, -0.957272827625, -0.957128465176, -0.961314737797], "var": [0.00969217251986, 0.00599524378777, 0.00608394341543, 0.00309249572456, 0.0017626772169, 0.00172474049032]}, "spectral_contrast_valleys": {"dmean": [0.381260722876, 0.388419121504, 0.380008280277, 0.365084737539, 0.414730995893, 0.494699895382], "dmean2": [0.602683901787, 0.635114192963, 0.620217382908, 0.572601437569, 0.600451290607, 0.724122405052], "dvar": [0.194555878639, 0.182248920202, 0.187991410494, 0.183651536703, 0.210186928511, 0.292956829071], "dvar2": [0.369195759296, 0.36773276329, 0.397338688374, 0.365691184998, 0.409091770649, 0.620144248009], "max": [-5.31116628647, -4.63120603561, -4.62617826462, -5.37670850754, -5.8093624115, -7.83666181564], "mean