{"lowlevel": {"average_loudness": 0.945500195026, "barkbands_crest": {"dmean": 2.38264894485, "dmean2": 3.83471775055, "dvar": 7.47477674484, "dvar2": 18.5458698273, "max": 23.8372058868, "mean": 9.01720905304, "median": 8.4004945755, "min": 2.82039427757, "var": 12.3178291321}, "barkbands_flatness_db": {"dmean": 0.0221914201975, "dmean2": 0.0346060171723, "dvar": 0.000573766883463, "dvar2": 0.00157528417185, "max": 0.26170912385, "mean": 0.108755365014, "median": 0.105226956308, "min": 0.0240120682865, "var": 0.00145364378113}, "barkbands_kurtosis": {"dmean": 3.33324217796, "dmean2": 5.62782907486, "dvar": 41.9072189331, "dvar2": 115.460327148, "max": 96.3486557007, "mean": 4.97975158691, "median": 3.35880327225, "min": -1.73136341572, "var": 43.1198196411}, "barkbands_skewness": {"dmean": 0.540776848793, "dmean2": 0.868549048901, "dvar": 0.501668572426, "dvar2": 1.32480180264, "max": 8.8269405365, "mean": 1.94889044762, "median": 1.8076467514, "min": -1.80400454998, "var": 0.807814061642}, "barkbands_spread": {"dmean": 6.97911500931, "dmean2": 11.4445571899, "dvar": 89.0197296143, "dvar2": 250.482635498, "max": 94.909034729, "mean": 21.7502651215, "median": 19.0908641815, "min": 2.19966268539, "var": 151.584136963}, "dissonance": {"dmean": 0.0131720090285, "dmean2": 0.0219919420779, "dvar": 0.000149685103679, "dvar2": 0.000402491423301, "max": 0.499955207109, "mean": 0.472145229578, "median": 0.476482182741, "min": 0.332924425602, "var": 0.000381720688893}, "dynamic_complexity": 1.76153373718, "erbbands_crest": {"dmean": 1.51548194885, "dmean2": 2.44432997704, "dvar": 2.23219180107, "dvar2": 5.63627433777, "max": 19.6052646637, "mean": 6.0011920929, "median": 5.40625667572, "min": 2.19553685188, "var": 5.63166713715}, "erbbands_flatness_db": {"dmean": 0.01529698167, "dmean2": 0.0209507476538, "dvar": 0.000250051787589, "dvar2": 0.000528075092006, "max": 0.218228712678, "mean": 0.114328891039, "median": 0.11472710222, "min": 0.0451939925551, "var": 0.00084742216859}, "erbbands_kurtosis": {"dmean": 0.482540637255, "dmean2": 0.751254081726, "dvar": 0.383136361837, "dvar2": 0.942883074284, "max": 8.50210952759, "mean": -0.169694617391, "median": -0.424058675766, "min": -1.6573587656, "var": 1.05964004993}, "erbbands_skewness": {"dmean": 0.243188455701, "dmean2": 0.378895908594, "dvar": 0.061399217695, "dvar2": 0.162378743291, "max": 2.65753817558, "mean": 0.483457952738, "median": 0.465752691031, "min": -1.20645260811, "var": 0.205005913973}, "erbbands_spread": {"dmean": 9.73994541168, "dmean2": 14.516283989, "dvar": 137.557312012, "dvar2": 301.782592773, "max": 137.889038086, "mean": 48.6524848938, "median": 43.9317054749, "min": 11.2469854355, "var": 368.684997559}, "hfc": {"dmean": 8.12158298492, "dmean2": 12.1324653625, "dvar": 331.708435059, "dvar2": 807.554443359, "max": 246.63923645, "mean": 16.868309021, "median": 10.2746858597, "min": 1.14082844259e-16, "var": 436.800018311}, "melbands_crest": {"dmean": 2.84295940399, "dmean2": 4.60563087463, "dvar": 8.51314353943, "dvar2": 20.9397506714, "max": 31.3223896027, "mean": 12.5165119171, "median": 11.4150257111, "min": 2.42343139648, "var": 22.0653858185}, "melbands_flatness_db": {"dmean": 0.0275165736675, "dmean2": 0.0433203056455, "dvar": 0.000967849220615, "dvar2": 0.00254318560474, "max": 0.376968204975, "mean": 0.182360857725, "median": 0.176567733288, "min": 0.0043501695618, "var": 0.0029210972134}, "melbands_kurtosis": {"dmean": 9.10784816742, "dmean2": 15.0024585724, "dvar": 267.853118896, "dvar2": 694.047851562, "max": 196.695037842, "mean": 16.4921855927, "median": 11.634595871, "min": -1.11017942429, "var": 298.157196045}, "melbands_skewness": {"dmean": 0.780440628529, "dmean2": 1.21198892593, "dvar": 0.99555015564, "dvar2": 2.35025310516, "max": 10.7978668213, "mean": 3.14598965645, "median": 2.84697556496, "min": 0.0349219404161, "var": 1.92595005035}, "melbands_spread": {"dmean": 5.59227132797, "dmean2": 9.16421794891, "dvar": 84.1067657471, "dvar2": 232.123947144, "max": 135.248703003, "mean": 17.9452457428, "median": 15.8078775406, "min": 1.29692769051, "var": 116.308189392}, "pitch_salience": {"dmean": 0.0740995854139, "dmean2": 0.124367274344, "dvar": 0.00713463267311, "dvar2": 0.0202031433582, "max": 0.858128845692, "mean": 0.595540583134, "median": 0.612094700336, "min": 0.161920696497, "var": 0.0108653800562}, "silence_rate_20dB": {"dmean": 0, "dmean2": 0, "dvar": 0, "dvar2": 0, "max": 1, "mean": 1, "median": 1, "min": 1, "var": 0}, "silence_rate_30dB": {"dmean": 0.0308157093823, "dmean2": 0.0616500452161, "dvar": 0.0298655945808, "dvar2": 0.0844429284334, "max": 1, "mean": 0.982482612133, "median": 1, "min": 0, "var": 0.017210226506}, "silence_rate_60dB": {"dmean": 0.00302114803344, "dmean2": 0.00574191613123, "dvar": 0.0030122208409, "dvar2": 0.00570876291022, "max": 1, "mean": 0.00332225905731, "median": 0, "min": 0, "var": 0.00331141985953}, "spectral_centroid": {"dmean": 230.047637939, "dmean2": 371.155487061, "dvar": 107164.890625, "dvar2": 244603.203125, "max": 11502.6591797, "mean": 1097.96289062, "median": 1033.87744141, "min": 283.932037354, "var": 215041.5}, "spectral_complexity": {"dmean": 3.94561934471, "dmean2": 6.00876379013, "dvar": 26.7299785614, "dvar2": 56.6773300171, "max": 59, "mean": 19.4669284821, "median": 18, "min": 0, "var": 64.1764831543}, "spectral_decrease": {"dmean": 3.13273273989e-09, "dmean2": 4.95203034134e-09, "dvar": 3.86509604162e-17, "dvar2": 9.13886676978e-17, "max": -1.72234605896e-29, "mean": -6.22848705945e-09, "median": -3.99909438897e-09, "min": -4.73709071969e-08, "var": 4.65813527069e-17}, "spectral_energy": {"dmean": 0.0122945941985, "dmean2": 0.0192081276327, "dvar": 0.000580590392929, "dvar2": 0.00134917371906, "max": 0.187061443925, "mean": 0.0250377506018, "median": 0.016251815483, "min": 1.0412654564e-20, "var": 0.000727530568838}, "spectral_energyband_high": {"dmean": 0.000751891289838, "dmean2": 0.0011680071475, "dvar": 3.7891759348e-06, "dvar2": 9.84592406894e-06, "max": 0.0299475770444, "mean": 0.00106035545468, "median": 0.000366694846889, "min": 7.52780240098e-21, "var": 4.37468588643e-06}, "spectral_energyband_low": {"dmean": 0.00707921944559, "dmean2": 0.011688827537, "dvar": 0.000314696429996, "dvar2": 0.000794455583673, "max": 0.162349715829, "mean": 0.00998692307621, "median": 0.00413259770721, "min": 9.3679359264e-23, "var": 0.000320767547237}, "spectral_energyband_middle_high": {"dmean": 0.000746846606489, "dmean2": 0.00113444263116, "dvar": 1.32254081109e-06, "dvar2": 3.14192493533e-06, "max": 0.0132299400866, "mean": 0.00254074460827, "median": 0.00214847293682, "min": 1.6176614468e-21, "var": 2.52422910307e-06}, "spectral_energyband_middle_low": {"dmean": 0.00650559971109, "dmean2": 0.0104536125436, "dvar": 0.000267527007964, "dvar2": 0.000618080666754, "max": 0.169632405043, "mean": 0.0127559043467, "median": 0.00850072782487, "min": 2.88071454338e-22, "var": 0.000286738795694}, "spectral_entropy": {"dmean": 0.192344516516, "dmean2": 0.286292910576, "dvar": 0.0458165369928, "dvar2": 0.113913983107, "max": 9.79044628143, "mean": 7.66247320175, "median": 7.65297794342, "min": 6.48709058762, "var": 0.131632938981}, "spectral_flux": {"dmean": 0.0318456292152, "dmean2": 0.0489529818296, "dvar": 0.00232451106422, "dvar2": 0.00480419071391, "max": 0.375418037176, "mean": 0.0741975083947, "median": 0.0492302253842, "min": 1.02042416184e-10, "var": 0.0041631530039}, "spectral_kurtosis": {"dmean": 1.14010548592, "dmean2": 1.82381916046, "dvar": 1.77956080437, "dvar2": 4.41173648834, "max": 16.2849349976, "mean": 3.99965763092, "median": 3.81129455566, "min": -1.16659975052, "var": 4.63487243652}, "spectral_rms": {"dmean": 0.000956268806476, "dmean2": 0.0014407170238, "dvar": 2.21294567382e-06, "dvar2": 4.77793537357e-06, "max": 0.0135092176497, "mean": 0.00449286028743, "median": 0.00398188782856, "min": 3.18726945878e-12, "var": 4.24129939347e-06}, "spectral_rolloff": {"dmean": 645.456420898, "dmean2": 1116.44677734, "dvar": 1878016.25, "dvar2": 5208105, "max": 18906.1523438, "mean": 1248.81506348, "median": 882.861328125, "min": 86.1328125, "var": 1788625.25}, "spectral_skewness": {"dmean": 0.176748052239, "dmean2": 0.276650160551, "dvar": 0.0394910983741, "dvar2": 0.0944473594427, "max": 3.2973856926, "mean": 1.61391985416, "median": 1.59857034683, "min": -0.0889682471752, "var": 0.150076836348}, "spectral_spread": {"dmean": 887469.25, "dmean2": 1295799.125, "dvar": 1858673311740.0, "dvar2": 4044605095940.0, "max": 40694608, "mean": 5529712, "median": 5158777.5, "min": 2490852.5, "var": 2842152140800.0}, "spectral_strongpeak": {"dmean": 0.265277206898, "dmean2": 0.451809495687, "dvar": 0.109373420477, "dvar2": 0.278197646141, "max": 3.27411079407, "mean": 0.544565498829, "median": 0.474559783936, "min": 0, "var": 0.150285154581}, "zerocrossingrate": {"dmean": 0.0122203081846, "dmean2": 0.0140041839331, "dvar": 0.000198822512175, "dvar2": 0.000253715144936, "max": 0.50390625, "mean": 0.0620680525899, "median": 0.05615234375, "min": 0.009765625, "var": 0.000978375552222}, "barkbands": {"dmean": [0.0001200378465, 0.00440991204232, 0.00280774361454, 0.00168774020858, 0.00450555002317, 0.00091907591559, 0.000380994693842, 0.000490801176056, 0.000201279966859, 0.000235036219237, 0.000232304533711, 9.6489689895e-05, 0.000151249521878, 0.000107010040665, 8.31039287732e-05, 9.13667099667e-05, 0.000118424039101, 0.000101719851955, 9.56657313509e-05, 9.83817444649e-05, 0.000134658577736, 0.00014824741811, 0.000131663880893, 0.000148199644173, 0.00012077226711, 7.26463549654e-05, 1.32832383315e-05], "dmean2": [0.000158614144311, 0.00733635341749, 0.00491598201916, 0.00291717122309, 0.00737213436514, 0.00157102593221, 0.000624489679467, 0.000700390257407, 0.000285014481051, 0.000332977244398, 0.000335236865794, 0.000162785421708, 0.000235796003835, 0.000157385293278, 0.000134085479658, 0.000147843165905, 0.000183857308002, 0.000170270985109, 0.000154955065227, 0.000154266221216, 0.000217847700696, 0.000218636429054, 0.000219483932597, 0.000244926603045, 0.000190440041479, 0.00011587652989, 2.06994645851e-05], "dvar": [1.76193282186e-07, 0.000209083300433, 3.68283363059e-05, 8.2129454313e-06, 0.000183615382412, 3.77847436539e-06, 4.91531466196e-07, 4.06351233551e-07, 1.07281913131e-07, 9.88272361724e-08, 6.49110560857e-08, 2.53491432289e-08, 2.75588849519e-08, 1.9779655247e-08, 1.26366739295e-08, 1.71886593847e-08, 2.14466808757e-08, 3.34494316689e-08, 5.32113126894e-08, 3.77759690195e-08, 1.30207538973e-07, 2.27556611776e-07, 2.76436679769e-07, 1.49525689608e-07, 7.56579936478e-08, 3.13248484929e-08, 8.81899664407e-10], "dvar2": [3.14050367933e-07, 0.000547197239939, 9.96709568426e-05, 2.08945166378e-05, 0.000441878219135, 1.10957498691e-05, 1.29995476073e-06, 9.30774660901e-07, 2.23138599154e-07, 1.94901815576e-07, 1.2769872626e-07, 6.92331028063e-08, 6.93262336426e-08, 4.36828919703e-08, 3.13792298812e-08, 4.38328875418e-08, 5.39798818977e-08, 8.7076024613e-08, 1.38444946174e-07, 9.33910015988e-08, 3.54480420128e-07, 5.78985407174e-07, 7.88975853538e-07, 4.01325479515e-07, 1.95072445308e-07, 7.94005785565e-08, 2.00060301658e-09], "max": [0.00566814653575, 0.128317594528, 0.0494553782046, 0.0327334851027, 0.141077503562, 0.0268644150347, 0.00824697129428, 0.00687360949814, 0.00626305863261, 0.00414391281083, 0.00332062365487, 0.00216153590009, 0.00189724122174, 0.00240813591518, 0.0014110985212, 0.00148619373795, 0.00151488848496, 0.0022880109027, 0.00340225384571, 0.0023694683332, 0.00533832469955, 0.00880760420114, 0.0099924877286, 0.00537003716454, 0.0026149104815, 0.00315588829108, 0.000455104949651], "mean": [0.000164854631294, 0.00490228179842, 0.00385528127663, 0.00212434865534, 0.00590442074463, 0.00195665168576, 0.000736850081012, 0.00113442924339, 0.000483956915559, 0.000544554728549, 0.000516582687851, 0.000153775530634, 0.000287719478365, 0.0002059503895, 0.000189162950846, 0.000164844110259, 0.00024530547671, 0.000160382754984, 0.000161869378644, 0.000169319653651, 0.000190888516954, 0.000212219325476, 0.000163892487762, 0.000174813190824, 0.000142430377309, 7.72930216044e-05, 1.36880789796e-05], "median": [4.47369802714e-06, 0.00104769284371, 0.00167383416556, 0.00110581936315, 0.0030917590484, 0.0013206891017, 0.000495807733387, 0.000741933006793, 0.000284598965663, 0.000402893056162, 0.000406957376981, 0.000105342594907, 0.0002246646618, 0.000134032437927, 0.000143278288306, 0.000110890119686, 0.000174060769496, 8.25846655061e-05, 9.81707999017e-05, 8.87137066456e-05, 6.55426701996e-05, 6.18117555859e-05, 3.82796861231e-05, 3.50417649315e-05, 3.51608941855e-05, 1.76236080733e-05, 3.60732428817e-06], "min": [3.93198851411e-23, 5.35604747773e-23, 1.92742479636e-23, 2.09378877707e-23, 2.77548876588e-23, 4.66883540223e-23, 5.70117601703e-23, 2.53225675862e-23, 6.61254007886e-23, 8.56645703323e-23, 6.62158421137e-23, 1.19254273987e-22, 1.18605741971e-22, 1.95773365275e-22, 2.27632137711e-22, 8.09695289708e-23, 1.37662601957e-22, 2.14395354644e-22, 2.3318064453e-22, 3.00999205878e-22, 5.19594481225e-22, 4.9206598718e-22, 6.4587695052e-22, 6.00658888074e-22, 1.30757484097e-21, 1.59565301009e-21, 2.50286536639e-21], "var": [3.45945096569e-07, 0.000178441259777, 3.44949767168e-05, 9.31475096877e-06, 0.000162929820362, 4.53727352578e-06, 7.28517250081e-07, 1.2995878933e-06, 3.98814904656e-07, 2.57737440279e-07, 1.69546737538e-07, 2.64559680829e-08, 5.2488779545e-08, 4.23491464119e-08, 2.68821516158e-08, 2.53392755667e-08, 5.33509485479e-08, 4.36320490849e-08, 5.4990906051e-08, 5.4512746317e-08, 1.51898404965e-07, 2.46736959753e-07, 2.1599949207e-07, 1.47372134052e-07, 8.33827442648e-08, 2.85729164773e-08, 9.98386151529e-10]}, "erbbands": {"dmean": [0.0889291092753, 1.1440103054, 3.08877444267, 4.4223484993, 15.5282678604, 11.9275398254, 7.20923089981, 7.68968820572, 5.25425481796, 11.1654024124, 5.58993721008, 5.26890993118, 8.65498256683, 3.58670163155, 9.94918823242, 4.16829681396, 7.40721178055, 5.22082519531, 3.89496946335, 4.08457612991, 5.2098903656, 5.48202085495, 5.9661283493, 4.17960500717, 4.88375139236, 4.80145978928, 4.78901195526, 6.18024635315, 5.47432136536, 4.06614160538, 3.72554731369, 3.19606685638, 2.40314292908, 1.41506505013, 0.831751644611, 0.415975242853, 0.115584664047, 0.019615855068, 0.00229337392375, 0.000142947930726], "dmean2": [0.137457370758, 1.97209823132, 5.33879804611, 7.67433023453, 25.5510311127, 20.028470993, 12.0420093536, 13.0677022934, 8.06103038788, 17.2710819244, 8.08500003815, 7.32176494598, 12.1271152496, 5.40989637375, 14.3225030899, 7.0016579628, 11.561164856, 7.72751569748, 6.02516889572, 6.72158908844, 8.35776996613, 8.7022819519, 10.0299692154, 6.72134304047, 8.02291679382, 7.62574958801, 7.11116266251, 10.3832597733, 8.40292072296, 6.23388385773, 6.36081647873, 5.26940774918, 3.91589856148, 2.19080162048, 1.35430562496, 0.675721764565, 0.182423084974, 0.0306287687272, 0.00356431095861, 0.000221055510337], "dvar": [0.0926050394773, 14.4028091431, 57.0610275269, 58.4549293518, 2231.05249023, 1089.60949707, 229.511978149, 217.764541626, 82.5451583862, 292.86050415, 64.6178131104, 74.7465133667, 137.897491455, 19.8025436401, 129.563461304, 49.1137275696, 64.9018096924, 50.1691169739, 25.7052516937, 32.3293075562, 61.3030319214, 58.3063697815, 108.09349823, 54.8611183167, 157.031219482, 87.5194015503, 92.7805252075, 429.313415527, 333.779876709, 138.626358032, 305.200775146, 96.1315841675, 35.3220901489, 11.4300384521, 3.64209198952, 1.08853232861, 0.0820070579648, 0.00158404104877, 2.7751959351e-05, 1.19940466448e-07], "dvar2": [0.211303263903, 38.7935600281, 151.426727295, 161.771530151, 5218.45947266, 2798.40307617, 646.920898438, 631.701293945, 217.670730591, 757.615966797, 155.84487915, 149.46421814, 257.348876953, 45.4839706421, 247.035247803, 137.053543091, 161.867553711, 110.613922119, 62.0187759399, 82.3770904541, 153.840957642, 145.423522949, 289.682525635, 132.863433838, 422.131195068, 211.209259033, 213.177978516, 1209.68005371, 869.476806641, 334.617248535, 886.253295898, 265.702941895, 93.8157958984, 29.4573116302, 9.47014904022, 2.83089542389, 0.207031816244, 0.00396754685789, 6.07999681961e-05, 2.75394029359e-07], "max": [3.42704296112, 34.6023292542, 66.6288528442, 73.172996521, 534.030700684, 332.684173584, 180.498825073, 204.674606323, 109.384887695, 198.124465942, 83.3847503662, 183.271316528, 161.470016479, 55.71925354, 169.604064941, 91.4182052612, 88.2644348145, 126.867362976, 55.5273208618, 78.931968689, 91.8035049438, 68.8955383301, 137.396682739, 94.0773773193, 161.106307983, 94.1914138794, 134.25088501, 324.313903809, 337.480438232, 194.833969116, 343.925476074, 157.373886108, 81.3552398682, 39.3913879395, 22.0867462158, 16.7428588867, 5.6586933136, 0.517065525055, 0.0899765267968, 0.00504475133494], "mean": [0.107486724854, 1.2128084898, 3.98538398743, 6.68405485153, 16.5549583435, 16.3786563873, 15.1990976334, 16.980266571, 12.9173116684, 21.7630596161, 14.4013090134, 14.0235948563, 20.4712276459, 8.45428276062, 22.316450119, 8.26294231415, 14.2677383423, 10.5924215317, 9.72688007355, 9.15855693817, 10.4829816818, 11.1878814697, 10.8796434402, 7.74866104126, 7.8721241951, 7.96443843842, 7.80954504013, 8.02252388, 7.5639333725, 6.22248935699, 4.35713863373, 3.6994497776, 2.8575065136, 1.73410093784, 0.940429985523, 0.430302351713, 0.124202765524, 0.0209754500538, 0.00240448629484, 0.000160962285008], "median": [0.0225271303207, 0.285784929991, 1.4297811985, 3.83893990517, 5.9200835228, 9.11189842224, 10.7769441605, 11.6748962402, 8.92845726013, 13.3545541763, 10.6838226318, 8.52758407593, 14.813741684, 6.63387727737, 17.0604057312, 6.43134307861, 11.2361097336, 7.24671554565, 7.43656253815, 7.4089641571, 7.16137218475, 7.63552331924, 6.37254619598, 4.7295589447, 4.43820953369, 4.1192817688, 3.65883040428, 2.27583050728, 2.12695527077, 1.57994508743, 1.08948004246, 0.737293839455, 0.608366131783, 0.406278312206, 0.231401577592, 0.0952654406428, 0.0283744260669, 0.00525633990765, 0.000600442639552, 5.70654592593e-05], "min": [9.62281663244e-22, 1.44465365304e-20, 2.5119895159e-20, 4.5141100721e-20, 7.22646825864e-20, 1.39121503897e-19, 2.28996732478e-19, 3.61888933053e-19, 9.37828633986e-19, 6.42190664145e-19, 4.43193135846e-19, 1.46139477405e-18, 3.06056681888e-18, 1.73765066137e-18, 3.76641844034e-18, 5.18630084516e-18, 4.73532817905e-18, 8.16917369103e-18, 1.43496033574e-17, 9.01413289649e-18, 4.78357431546e-18, 6.50344700431e-18, 1.02756759749e-17, 1.21024729248e-17, 1.37710384954e-17, 1.22794688964e-17, 1.98752492586e-17, 2.08227449456e-17, 1.80576555201e-17, 2.13232239578e-17, 1.58492569925e-17, 1.23766278768e-17, 1.09457634086e-17, 1.38492451136e-17, 9.78617199505e-18, 5.5764947614e-18, 3.03838266203e-18, 1.24467303997e-18, 3.17820704973e-19, 3.91513017286e-20], "var": [0.109607838094, 10.9711494446, 51.3748664856, 65.0279769897, 2064.49707031, 894.381591797, 276.175354004, 313.209686279, 198.212005615, 542.852294922, 157.796325684, 308.271697998, 377.294158936, 39.960269928, 345.273773193, 52.5694732666, 125.525352478, 105.176544189, 64.2440795898, 52.8227920532, 98.2163619995, 115.694000244, 159.585723877, 79.1832427979, 150.852218628, 124.760025024, 152.141311646, 395.4480896, 334.635040283, 191.697280884, 204.378997803, 82.3772964478, 37.2112579346, 13.2506504059, 3.65516257286, 0.949497103691, 0.0749566406012, 0.00158487423323, 3.34923752234e-05, 1.30162831624e-07]}, "gfcc": {"mean": [19.0163402557, 77.6987457275, -98.3729629517, 21.7714004517, -60.2938041687, 6.65332174301, -41.7466392517, 3.11489772797, -29.4325199127, -0.166772335768, -20.6963062286, 0.576386213303, -13.6723070145], "cov": [[2762.01196289, -799.636413574, 379.56842041, 358.620117188, -89.6235046387, 156.167633057, -56.2390785217, 59.9123535156, -54.244594574, 20.9404182434, -65.6732635498, 10.9129600525, -58.7646331787], [-799.636413574, 910.469848633, -68.7303085327, 55.6628684998, 187.734085083, 17.4504852295, 140.561203003, -2.79914259911, 94.7773666382, 4.83826732635, 70.9055099487, -13.1431427002, 49.30519104], [379.56842041, -68.7303085327, 444.673828125, 142.945281982, 129.359786987, 141.970413208, 23.6981544495, 94.6907653809, 21.8874130249, 39.5955123901, 13.5111370087, 15.4427890778, -12.8713121414], [358.620117188, 55.6628684998, 142.945281982, 332.148803711, 93.253944397, 128.707672119, 48.3603439331, 40.67237854, 37.3109855652, 10.1015720367, 15.9333019257, 18.8173866272, 4.2114944458], [-89.6235046387, 187.734085083, 129.359786987, 93.253944397, 192.714828491, 94.3625411987, 78.2596359253, 45.292339325, 43.7206192017, 25.3547515869, 38.8965454102, 24.3219013214, 16.5881977081], [156.167633057, 17.4504852295, 141.970413208, 128.707672119, 94.3625411987, 169.862335205, 49.532207489, 69.8399276733, 19.8872833252, 32.7161216736, 23.8445072174, 20.8997058868, 9.15449237823], [-56.2390785217, 140.561203003, 23.6981544495, 48.3603439331, 78.2596359253, 49.532207489, 108.567825317, 31.7011890411, 39.2665138245, 11.0263900757, 22.9421977997, 1.25928020477, 18.2965755463], [59.9123535156, -2.79914259911, 94.6907653809, 40.67237854, 45.292339325, 69.8399276733, 31.7011890411, 92.2473220825, 29.6303195953, 28.3763084412, 11.4456958771, 17.1604423523, -2.04780840874], [-54.244594574, 94.7773666382, 21.8874130249, 37.3109855652, 43.7206192017, 19.8872833252, 39.2665138245, 29.6303195953, 64.6212234497, 20.5644283295, 18.7461242676, -3.56203866005, 1.14381277561], [20.9404182434, 4.83826732635, 39.5955123901, 10.1015720367, 25.3547515869, 32.7161216736, 11.0263900757, 28.3763084412, 20.5644283295, 53.4750442505, 19.6833381653, 4.473487854, -4.72424221039], [-65.6732635498, 70.9055099487, 13.5111370087, 15.9333019257, 38.8965454102, 23.8445072174, 22.9421977997, 11.4456958771, 18.7461242676, 19.6833381653, 49.6249389648, 22.212469101, 10.6697015762], [10.9129600525, -13.1431427002, 15.4427890778, 18.8173866272, 24.3219013214, 20.8997058868, 1.25928020477, 17.1604423523, -3.56203866005, 4.473487854, 22.212469101, 49.6740646362, 17.7261104584], [-58.7646331787, 49.30519104, -12.8713121414, 4.2114944458, 16.5881977081, 9.15449237823, 18.2965755463, -2.04780840874, 1.14381277561, -4.72424221039, 10.6697015762, 17.7261104584, 40.456287384]], "icov": [[0.000703386496753, 0.000541029963642, -0.000425540987635, -0.000798824592493, 0.000540819077287, -2.19447356358e-05, -0.000508380413521, 0.00029007482226, 0.000216036190977, -0.00032129403553, 0.000325733912177, -0.000112557376269, 0.000257702922681], [0.000541029963642, 0.00251679797657, 0.000402687845053, -0.000809865479823, -0.00178567890543, 0.00076118146535, -0.000843204325065, 5.31551595486e-05, -0.000871505064424, 0.000684100203216, -0.002112259157, 0.00269251991995, -0.00164316559676], [-0.000425540987635, 0.000402687845053, 0.00454782089218, -0.000397036899813, -0.0035267714411, -0.000748077349272, 0.00208400166593, -0.00330582214519, 0.000982168130577, 2.57894498645e-06, -0.000817354419269, 0.00251309596933, -2.8160682632e-05], [-0.000798824592493, -0.000809865479823, -0.000397036899813, 0.00599678047001, -0.000257259816863, -0.00419622799382, 9.26638240344e-05, 0.00242908904329, -0.00379793252796, 0.00224236189388, 0.00135739205871, -0.00272395019419, 0.00141689949669], [0.000540819077287, -0.00178567890543, -0.0035267714411, -0.000257259816863, 0.0141827706248, -0.00376507942565, -0.00551439309493, 0.00357602047734, -0.00266496511176, -0.0010350268567, 0.000839573971462, -0.00720765441656, 0.00246923347004], [-2.19447356358e-05, 0.00076118146535, -0.000748077349272, -0.00419622799382, -0.00376507942565, 0.0157422106713, -0.00172308343463, -0.00807861983776, 0.00643653795123, -0.00383418425918, -0.00327261839993, 0.00370961986482, -0.00380074931309], [-0.000508380413521, -0.000843204325065, 0.00208400166593, 9.26638240344e-05, -0.00551439309493, -0.00172308343463, 0.0189005825669, -0.00502948835492, -0.0040926723741, 0.00294957612641, -0.00402374798432, 0.00763947423548, -0.00703486800194], [0.00029007482226, 5.31551595486e-05, -0.00330582214519, 0.00242908904329, 0.00357602047734, -0.00807861983776, -0.00502948835492, 0.0254451297224, -0.0104202656075, -0.00475034862757, 0.00836538989097, -0.0132744964212, 0.00632623722777], [0.000216036190977, -0.000871505064424, 0.000982168130577, -0.00379793252796, -0.00266496511176, 0.00643653795123, -0.0040926723741, -0.0104202656075, 0.0305293966085, -0.00619986839592, -0.00737623777241, 0.00946804881096, -0.000746739911847], [-0.00032129403553, 0.000684100203216, 2.57894498645e-06, 0.00224236189388, -0.0010350268567, -0.00383418425918, 0.00294957612641, -0.00475034862757, -0.00619986839592, 0.0297032631934, -0.0116716641933, 0.00407311227173, 0.00312196253799], [0.000325733912177, -0.002112259157, -0.000817354419269, 0.00135739205871, 0.000839573971462, -0.00327261839993, -0.00402374798432, 0.00836538989097, -0.00737623777241, -0.0116716641933, 0.0406020283699, -0.0213350728154, 0.00277106883004], [-0.000112557376269, 0.00269251991995, 0.00251309596933, -0.00272395019419, -0.00720765441656, 0.00370961986482, 0.00763947423548, -0.0132744964212, 0.00946804881096, 0.00407311227173, -0.0213350728154, 0.0436322726309, -0.0176557805389], [0.000257702922681, -0.00164316559676, -2.8160682632e-05, 0.00141689949669, 0.00246923347004, -0.00380074931309, -0.00703486800194, 0.00632623722777, -0.000746739911847, 0.00312196253799, 0.00277106883004, -0.0176557805389, 0.0376786477864]]}, "melbands": {"dmean": [0.00102041102946, 0.0015920252772, 0.00101340422407, 0.00112469668966, 0.00027468794724, 0.00016963671078, 7.86535747466e-05, 0.000127159961266, 3.90966779378e-05, 3.25077198795e-05, 4.3106800149e-05, 1.39220401252e-05, 3.29289541696e-05, 1.51876820382e-05, 1.4513617316e-05, 1.25738515635e-05, 1.13147034426e-05, 6.47658725939e-06, 5.97814778303e-06, 6.85250142851e-06, 6.55167104924e-06, 5.92460537518e-06, 6.84966698827e-06, 5.26268604517e-06, 3.45919875144e-06, 4.18092895416e-06, 3.34593960361e-06, 3.20659592035e-06, 3.08168273477e-06, 2.80042650047e-06, 4.23059009336e-06, 3.28815895045e-06, 2.84086672764e-06, 2.2772308057e-06, 2.23596794058e-06, 1.81694349521e-06, 2.12944496525e-06, 1.78366042292e-06, 1.41697580602e-06, 1.15942384582e-06], "dmean2": [0.00165824266151, 0.00272616371512, 0.0017045129789, 0.00186060694978, 0.000453094457043, 0.00028761246358, 0.00012213892478, 0.000192089384655, 5.63898247492e-05, 4.54656837974e-05, 6.05494169577e-05, 2.13905095734e-05, 4.77043358842e-05, 2.3171724024e-05, 2.27209893637e-05, 2.01240436581e-05, 1.65745859704e-05, 1.01421283034e-05, 9.54116330831e-06, 1.11774525067e-05, 1.04971550172e-05, 9.34699619393e-06, 1.1268977687e-05, 8.81860341906e-06, 5.61634942642e-06, 6.86989869791e-06, 5.44718795936e-06, 5.14860448675e-06, 4.55798863186e-06, 4.45087653134e-06, 7.2922016443e-06, 5.16874752066e-06, 4.06344452131e-06, 3.60114677278e-06, 3.86193914892e-06, 2.97791666526e-06, 3.59924979421e-06, 2.92777872346e-06, 2.25780968321e-06, 1.78946254437e-06], "dvar": [1.12712450573e-05, 1.82648291229e-05, 3.79348057322e-06, 1.22242836369e-05, 3.12478135811e-07, 1.09312026098e-07, 1.92796054677e-08, 3.4048099451e-08, 3.34565042337e-09, 3.14619175157e-09, 3.42410966248e-09, 3.38837374825e-10, 1.30710309243e-09, 3.65603797237e-10, 3.92919613512e-10, 2.11661299598e-10, 2.484837891e-10, 6.74427250158e-11, 7.50077985834e-11, 7.62275659261e-11, 9.87619638848e-11, 6.36663707865e-11, 1.08182643399e-10, 6.89190163272e-11, 3.28115555559e-11, 1.46720913197e-10, 6.28352231358e-11, 3.62771097884e-11, 3.46385316263e-11, 3.59046056775e-11, 2.56809601362e-10, 1.08127236331e-10, 8.75288522217e-11, 3.85509402179e-11, 1.14557564823e-10, 6.03404340382e-11, 3.54818154025e-11, 2.00520208077e-11, 1.15768488546e-11, 8.2571987442e-12], "dvar2": [2.85485384666e-05, 4.79308619106e-05, 9.04335684027e-06, 2.97037859127e-05, 8.86123928012e-07, 3.18921365761e-07, 5.08832975754e-08, 8.49483825505e-08, 8.06524269592e-09, 6.2521623434e-09, 6.4450564885e-09, 8.07921896051e-10, 2.5996780284e-09, 8.39608993441e-10, 1.03360942028e-09, 5.62452140418e-10, 5.39601141547e-10, 1.62190372244e-10, 1.83710435753e-10, 1.98177113608e-10, 2.45996778503e-10, 1.58834570496e-10, 2.86361739876e-10, 1.81387058151e-10, 7.92878956934e-11, 3.97973681787e-10, 1.73178416052e-10, 8.67518834546e-11, 7.65013330462e-11, 8.7516667524e-11, 7.41207817345e-10, 2.80607231895e-10, 2.26317506402e-10, 9.65980281875e-11, 3.34003213975e-10, 1.7327321522e-10, 9.67759830606e-11, 5.3064608263e-11, 3.08034708851e-11, 2.13333985893e-11], "max": [0.0274570006877, 0.0395852588117, 0.0204417854548, 0.0354587361217, 0.0072658653371, 0.00457756826654, 0.00171263096854, 0.00203792052343, 0.000622481282335, 0.0012305455748, 0.000797639950179, 0.000218449786189, 0.000449253246188, 0.000260571338004, 0.000260557164438, 0.000155125875608, 0.000286124355625, 8.88049544301e-05, 0.000114852868137, 9.76866431301e-05, 0.000113838999823, 6.99018346495e-05, 9.53986891545e-05, 0.000120505283121, 6.67485874146e-05, 0.000175130742718, 0.000109293861897, 5.56226004846e-05, 6.98980220477e-05, 8.59660067363e-05, 0.000254756072536, 0.000185909593711, 0.000178872185643, 8.71821175679e-05, 0.000210579310078, 0.000152772117872, 7.10655367584e-05, 6.02707659709e-05, 4.43123281002e-05, 3.40106707881e-05], "mean": [0.00116595393047, 0.00202666595578, 0.0014423498651, 0.00125992996618, 0.000608632864896, 0.000382285536034, 0.000182871444849, 0.000256548315519, 0.000104044906038, 8.36552717374e-05, 9.98371833703e-05, 2.89641211566e-05, 7.2119430115e-05, 2.9902006645e-05, 2.73728946922e-05, 2.40554199991e-05, 2.07458961086e-05, 1.55673697009e-05, 1.33067360366e-05, 1.32409977596e-05, 1.25341539388e-05, 1.18421767183e-05, 1.13429887278e-05, 8.94827371667e-06, 5.7727429521e-06, 6.14420923739e-06, 5.21021956956e-06, 5.1956558309e-06, 4.98244844493e-06, 4.27522854807e-06, 4.89015110361e-06, 4.3738932618e-06, 3.90248851545e-06, 3.27505472342e-06, 2.5159888537e-06, 2.15777163248e-06, 2.33917694459e-06, 2.09029803955e-06, 1.68118515376e-06, 1.38886821333e-06], "median": [0.000261651584879, 0.000707119121216, 0.000817139865831, 0.000538759399205, 0.000438388349721, 0.000266135553829, 0.000125240112538, 0.000152047505253, 7.96377498773e-05, 4.92416438647e-05, 7.1901420597e-05, 2.14481515286e-05, 5.64722395211e-05, 2.2141930458e-05, 2.04957286769e-05, 1.88288595382e-05, 1.29734198708e-05, 1.14453687274e-05, 9.71091412794e-06, 9.79410378932e-06, 8.25583629194e-06, 8.19081560621e-06, 6.45627778795e-06, 4.9318236961e-06, 3.43045917361e-06, 3.37026767738e-06, 2.77721414932e-06, 2.62746925728e-06, 2.38364623328e-06, 1.64523692092e-06, 1.15698412628e-06, 1.22669598568e-06, 9.98565951704e-07, 7.55171413402e-07, 6.3670330519e-07, 4.7547291615e-07, 4.18092355403e-07, 4.0296441739e-07, 3.75864289026e-07, 3.18383598596e-07], "min": [1.47587513441e-23, 1.60287164273e-23, 9.3749429045e-24, 6.77979799675e-24, 7.71419663923e-24, 9.37959955043e-24, 1.31721824586e-23, 6.59531183001e-24, 4.19832602063e-24, 9.91571494364e-24, 1.54985293238e-23, 6.53539350552e-24, 9.8812574993e-24, 1.45388200792e-23, 1.27188722169e-23, 1.0537490376e-23, 1.51682585064e-23, 2.54403697629e-23, 1.35551973051e-23, 8.73529740609e-24, 5.50006523781e-24, 6.87357383685e-24, 6.84486403307e-24, 1.17287168856e-23, 8.96823067646e-24, 1.08897499023e-23, 8.72866150815e-24, 7.66948479198e-24, 1.12863031796e-23, 1.32946617916e-23, 1.14145372529e-23, 9.35882410963e-24, 1.09924595922e-23, 1.28580044036e-23, 9.93836550681e-24, 7.24120274021e-24, 7.41118727693e-24, 5.98274634875e-24, 1.13987868561e-23, 1.0999164121e-23], "var": [1.06824491013e-05, 1.59547307703e-05, 4.40075973529e-06, 1.04883047243e-05, 3.93771074414e-07, 1.54186849954e-07, 4.19071390922e-08, 7.58975602366e-08, 8.30459079282e-09, 1.30876713911e-08, 9.28173182757e-09, 6.0844151939e-10, 3.35674221752e-09, 7.09564129675e-10, 5.75590575203e-10, 3.8468614405e-10, 5.06311437221e-10, 1.63798932751e-10, 1.49175366504e-10, 1.23865043222e-10, 1.58030422082e-10, 1.25694427089e-10, 1.73964703754e-10, 1.11774409173e-10, 4.63613314405e-11, 1.26509983045e-10, 6.06132297132e-11, 5.36411123853e-11, 5.97610919084e-11, 5.33925542667e-11, 2.05588601698e-10, 1.08599212956e-10, 9.0864399338e-11, 5.44339087694e-11, 7.43394651392e-11, 4.30296145937e-11, 3.13631690063e-11, 2.07040634637e-11, 1.27545083869e-11, 9.22822755711e-12]}, "mfcc": {"mean": [-631.340454102, 117.657539368, 10.9979429245, 18.5997543335, 2.15365791321, 2.02441120148, -3.48746037483, -1.44687438011, -3.27776908875, -5.55180454254, -4.84219074249, -2.73931336403, -3.33004593849], "cov": [[2242.30712891, -836.480895996, 353.328125, 154.147857666, 54.1697006226, 77.3275604248, 22.7121181488, 34.0516700745, 26.6952667236, -16.6117248535, 8.6606426239, 27.2332553864, -13.831152916], [-836.480895996, 764.646728516, -127.243553162, 34.300151825, 24.0088195801, 39.1137237549, 44.1103248596, 24.4863243103, 29.2613391876, 45.0557861328, 24.7577533722, 16.9088420868, 38.1637420654], [353.328125, -127.243553162, 319.515472412, 71.2553024292, 130.221893311, 56.2887306213, 61.1826133728, 50.0485191345, 41.04737854, 35.7887382507, 27.9083976746, 38.5356750488, 10.5383615494], [154.147857666, 34.300151825, 71.2553024292, 180.880584717, 72.7288360596, 77.1512145996, 32.173374176, 53.1960144043, 29.8558063507, 20.5546512604, 19.3510990143, 19.7267551422, 30.186624527], [54.1697006226, 24.0088195801, 130.221893311, 72.7288360596, 163.456878662, 77.750038147, 64.6473999023, 59.8861198425, 35.1455154419, 26.0589256287, 34.7574462891, 37.5941772461, 25.4923877716], [77.3275604248, 39.1137237549, 56.2887306213, 77.1512145996, 77.750038147, 117.360702515, 68.3435745239, 46.3164100647, 30.9343223572, 25.3484516144, 24.5560703278, 23.4748497009, 18.8988437653], [22.7121181488, 44.1103248596, 61.1826133728, 32.173374176, 64.6473999023, 68.3435745239, 100.031143188, 54.8781661987, 35.1285324097, 23.2118244171, 22.7485370636, 24.9264907837, 21.1269207001], [34.0516700745, 24.4863243103, 50.0485191345, 53.1960144043, 59.8861198425, 46.3164100647, 54.8781661987, 86.6676254272, 40.2386169434, 15.3464765549, 21.9457530975, 22.0738220215, 18.9357872009], [26.6952667236, 29.2613391876, 41.04737854, 29.8558063507, 35.1455154419, 30.9343223572, 35.1285324097, 40.2386169434, 63.5720748901, 34.5473480225, 18.7855949402, 18.2240104675, 14.8338088989], [-16.6117248535, 45.0557861328, 35.7887382507, 20.5546512604, 26.0589256287, 25.3484516144, 23.2118244171, 15.3464765549, 34.5473480225, 61.925655365, 27.5506381989, 16.9836063385, 14.1657342911], [8.6606426239, 24.7577533722, 27.9083976746, 19.3510990143, 34.7574462891, 24.5560703278, 22.7485370636, 21.9457530975, 18.7855949402, 27.5506381989, 56.8493156433, 26.314163208, 10.3048286438], [27.2332553864, 16.9088420868, 38.5356750488, 19.7267551422, 37.5941772461, 23.4748497009, 24.9264907837, 22.0738220215, 18.2240104675, 16.9836063385, 26.314163208, 53.0600166321, 25.6046276093], [-13.831152916, 38.1637420654, 10.5383615494, 30.186624527, 25.4923877716, 18.8988437653, 21.1269207001, 18.9357872009, 14.8338088989, 14.1657342911, 10.3048286438, 25.6046276093, 51.5549659729]], "icov": [[0.0010117321508, 0.00102486286778, -0.000707699393388, -0.000864379049744, 0.000788078526966, -0.000581257394515, -0.000106198560388, 0.000340851198416, -0.000490361591801, 0.000528585864231, -0.000234317936702, -0.000346035434632, 0.000119809817988], [0.00102486286778, 0.002724630991, 0.000573874858674, -0.00123903295025, 7.98264009063e-05, -0.000270800897852, -0.00100232381374, 0.000578774954192, -0.000554914528038, -0.000760554161388, -0.000165975303389, -0.000410339125665, -0.000270216783974], [-0.000707699393388, 0.000573874858674, 0.00665749749169, -0.000925083819311, -0.0049592088908, 0.00243146601133, -0.00225955061615, 0.000648686604109, -0.00031236562063, -0.00287303095683, 0.0015054824762, -0.00193754362408, 0.00235533411615], [-0.000864379049744, -0.00123903295025, -0.000925083819311, 0.0107228644192, -0.0010372690158, -0.00614735716954, 0.00552386138588, -0.00464302115142, 0.000398619507905, -0.000184270596947, 1.00872375697e-05, 0.00237555499189, -0.00444189598784], [0.000788078526966, 7.98264009063e-05, -0.0049592088908, -0.0010372690158, 0.0148963462561, -0.00524858944118, -0.000366505788406, -0.00312182167545, 0.000448395003332, 0.00203996594064, -0.00285885646008, -0.0018303967081, -0.00158062542323], [-0.000581257394515, -0.000270800897852, 0.00243146601133, -0.00614735716954, -0.00524858944118, 0.0214629508555, -0.0115263201296, 0.00211339420639, 0.000188652178622, -0.00259988871403, -4.70216255053e-05, -0.000984371290542, 0.00297993677668], [-0.000106198560388, -0.00100232381374, -0.00225955061615, 0.00552386138588, -0.000366505788406, -0.0115263201296, 0.024741506204, -0.00941345654428, -0.00156003341544, -9.28434092202e-05, -0.000185255077668, 0.00015195539163, -0.00389797310345], [0.000340851198416, 0.000578774954192, 0.000648686604109, -0.00464302115142, -0.00312182167545, 0.00211339420639, -0.00941345654428, 0.0259163081646, -0.0114821251482, 0.00647478969768, -0.00332603859715, -0.000588007620536, -0.000161879841471], [-0.000490361591801, -0.000554914528038, -0.00031236562063, 0.000398619507905, 0.000448395003332, 0.000188652178622, -0.00156003341544, -0.0114821251482, 0.0318806059659, -0.0149533525109, 0.00259703677148, -0.00183813332114, 4.98769259138e-06], [0.000528585864231, -0.000760554161388, -0.00287303095683, -0.000184270596947, 0.00203996594064, -0.00259988871403, -9.28434092202e-05, 0.00647478969768, -0.0149533525109, 0.0308236759156, -0.0109705924988, 0.00174212071579, -0.00383508065715], [-0.000234317936702, -0.000165975303389, 0.0015054824762, 1.00872375697e-05, -0.00285885646008, -4.70216255053e-05, -0.000185255077668, -0.00332603859715, 0.00259703677148, -0.0109705924988, 0.0289721786976, -0.0113756889477, 0.00460063898936], [-0.000346035434632, -0.000410339125665, -0.00193754362408, 0.00237555499189, -0.0018303967081, -0.000984371290542, 0.00015195539163, -0.000588007620536, -0.00183813332114, 0.00174212071579, -0.0113756889477, 0.0340264737606, -0.0139395156875], [0.000119809817988, -0.000270216783974, 0.00235533411615, -0.00444189598784, -0.00158062542323, 0.00297993677668, -0.00389797310345, -0.000161879841471, 4.98769259138e-06, -0.00383508065715, 0.00460063898936, -0.0139395156875, 0.03015011549]]}, "spectral_contrast_coeffs": {"dmean": [0.0491991639137, 0.0401640422642, 0.0354680381715, 0.0287346355617, 0.0237902831286, 0.0228884052485], "dmean2": [0.0796913579106, 0.066127769649, 0.0562925413251, 0.0451927520335, 0.0370989516377, 0.034544877708], "dvar": [0.00219322065823, 0.00114761455916, 0.000899949169252, 0.000561534659937, 0.00048590413644, 0.000536789360922], "dvar2": [0.00536868767813, 0.00309665920213, 0.00224019656889, 0.00131488917395, 0.00112550449558, 0.00120941118803], "max": [-0.310658872128, -0.527182757854, -0.509490787983, -0.641001462936, -0.649504721165, -0.658875524998], "mean": [-0.592782020569, -0.733131885529, -0.744604766369, -0.77748966217, -0.779354333878, -0.771849691868], "median": [-0.601122558117, -0.737352490425, -0.744196474552, -0.778331637383, -0.779071211815, -0.76985180378], "min": [-0.965950667858, -0.968939423561, -0.969179093838, -0.992049276829, -0.980066359043, -0.956673502922], "var": [0.00726653216407, 0.00313578639179, 0.00271379761398, 0.00149715819862, 0.00162052852102, 0.0012681609951]}, "spectral_contrast_valleys": {"dmean": [0.39975476265, 0.329958677292, 0.324905335903, 0.29809898138, 0.349498748779, 0.475149691105], "dmean2": [0.643558204174, 0.518939971924, 0.518410086632, 0.451968699694, 0.49370637536, 0.629776358604], "dvar": [0.24927431345, 0.21330550313, 0.197825372219, 0.190717071295, 0.261307060719, 0.372369885445], "dvar2": [0.407923787832, 0.31904771924, 0.292974710464, 0.266797930002, 0.407153457403, 0.732721269131], "max": [-5.15634393692, -4.8495926857, -5.70556163788, -5.90604829788, -5.63751649857, -7.24157381058], "mean": [-7.29975795746, -6.53552961349, -7.40802574158, -7.7644200325, -7.739640235