{"lowlevel": {"average_loudness": 0.831333339214, "barkbands_crest": {"dmean": 2.03297114372, "dmean2": 3.20171380043, "dvar": 4.29714345932, "dvar2": 10.6146802902, "max": 26.0129051208, "mean": 12.0502529144, "median": 11.2523117065, "min": 3.20899510384, "var": 16.0547370911}, "barkbands_flatness_db": {"dmean": 0.0321476645768, "dmean2": 0.0430904477835, "dvar": 0.00116855045781, "dvar2": 0.00219935830683, "max": 0.496524721384, "mean": 0.268858879805, "median": 0.276299923658, "min": 0.032820340246, "var": 0.00526178674772}, "barkbands_kurtosis": {"dmean": 5.86114740372, "dmean2": 9.0246887207, "dvar": 91.7603912354, "dvar2": 212.591308594, "max": 229.440475464, "mean": 12.1954936981, "median": 7.663022995, "min": -1.83696818352, "var": 219.866348267}, "barkbands_skewness": {"dmean": 0.659996092319, "dmean2": 0.976494967937, "dvar": 0.546736121178, "dvar2": 1.22885072231, "max": 12.3842229843, "mean": 1.9154214859, "median": 1.68632769585, "min": -4.30341434479, "var": 2.31472826004}, "barkbands_spread": {"dmean": 2.42395401001, "dmean2": 3.93998169899, "dvar": 27.9299583435, "dvar2": 75.1354446411, "max": 116.529998779, "mean": 5.56996440887, "median": 3.78079795837, "min": 0.269784361124, "var": 50.5485420227}, "dissonance": {"dmean": 0.0377922542393, "dmean2": 0.0606114007533, "dvar": 0.0011293948628, "dvar2": 0.00265860045329, "max": 0.499999940395, "mean": 0.388266742229, "median": 0.400474756956, "min": 0.141633540392, "var": 0.00395436584949}, "dynamic_complexity": 4.62473154068, "erbbands_crest": {"dmean": 2.32616281509, "dmean2": 3.45182704926, "dvar": 5.94902324677, "dvar2": 13.2180490494, "max": 32.0132713318, "mean": 13.618645668, "median": 12.9973211288, "min": 2.67578125, "var": 21.2338085175}, "erbbands_flatness_db": {"dmean": 0.0308384466916, "dmean2": 0.0396398492157, "dvar": 0.000976377457846, "dvar2": 0.00181125709787, "max": 0.441025704145, "mean": 0.263439118862, "median": 0.275489807129, "min": 0.0189570765942, "var": 0.0050441250205}, "erbbands_kurtosis": {"dmean": 2.57017636299, "dmean2": 3.93091654778, "dvar": 12.5792188644, "dvar2": 27.7339477539, "max": 60.1405029297, "mean": 5.33826398849, "median": 3.74780607224, "min": -1.62810790539, "var": 35.443397522}, "erbbands_skewness": {"dmean": 0.443666309118, "dmean2": 0.670134007931, "dvar": 0.22755870223, "dvar2": 0.537983119488, "max": 6.68102312088, "mean": 1.5057901144, "median": 1.44507455826, "min": -2.30162811279, "var": 0.819612503052}, "erbbands_spread": {"dmean": 6.77895641327, "dmean2": 10.3360061646, "dvar": 133.588439941, "dvar2": 318.494262695, "max": 132.559356689, "mean": 16.1626663208, "median": 11.0402288437, "min": 0.953260242939, "var": 215.118484497}, "hfc": {"dmean": 2.4713973999, "dmean2": 3.54061722755, "dvar": 24.9867267609, "dvar2": 59.0649490356, "max": 70.3165817261, "mean": 7.44100570679, "median": 5.0376996994, "min": 1.21155741422e-16, "var": 59.8191337585}, "melbands_crest": {"dmean": 2.46724152565, "dmean2": 3.91244459152, "dvar": 6.08624172211, "dvar2": 15.1191635132, "max": 33.1288223267, "mean": 14.7321586609, "median": 13.8992385864, "min": 2.89054751396, "var": 21.8277587891}, "melbands_flatness_db": {"dmean": 0.0376865938306, "dmean2": 0.049645267427, "dvar": 0.00158837309573, "dvar2": 0.00307237752713, "max": 0.614928305149, "mean": 0.359708309174, "median": 0.365955293179, "min": 0.00601834477857, "var": 0.00783791393042}, "melbands_kurtosis": {"dmean": 7.02988481522, "dmean2": 10.611582756, "dvar": 154.015457153, "dvar2": 357.928070068, "max": 259.864715576, "mean": 13.4215545654, "median": 7.40352153778, "min": -1.3546615839, "var": 315.76348877}, "melbands_skewness": {"dmean": 0.67320984602, "dmean2": 0.971548914909, "dvar": 0.669273376465, "dvar2": 1.41894316673, "max": 12.0951824188, "mean": 1.97885203362, "median": 1.66649484634, "min": -1.95169210434, "var": 2.43885922432}, "melbands_spread": {"dmean": 1.91279315948, "dmean2": 3.05299806595, "dvar": 14.8950195312, "dvar2": 37.1598434448, "max": 151.391525269, "mean": 6.33106040955, "median": 5.29545211792, "min": 0.556103825569, "var": 36.6036987305}, "pitch_salience": {"dmean": 0.0563156679273, "dmean2": 0.0894883573055, "dvar": 0.003058697097, "dvar2": 0.00771269481629, "max": 0.832388103008, "mean": 0.5667283535, "median": 0.579249918461, "min": 0.142448887229, "var": 0.0120355542749}, "silence_rate_20dB": {"dmean": 0, "dmean2": 0, "dvar": 0, "dvar2": 0, "max": 1, "mean": 1, "median": 1, "min": 1, "var": 0}, "silence_rate_30dB": {"dmean": 0.0129870129749, "dmean2": 0.0259773340076, "dvar": 0.012817629613, "dvar2": 0.029374519363, "max": 1, "mean": 0.984468519688, "median": 1, "min": 0, "var": 0.0152920298278}, "silence_rate_60dB": {"dmean": 0.0264833196998, "dmean2": 0.0529733859003, "dvar": 0.0257824268192, "dvar2": 0.0567900277674, "max": 1, "mean": 0.127943977714, "median": 0, "min": 0, "var": 0.111571185291}, "spectral_centroid": {"dmean": 82.9216537476, "dmean2": 134.733291626, "dvar": 33770.5117188, "dvar2": 74531.1015625, "max": 11172.5136719, "mean": 448.106842041, "median": 406.806671143, "min": 191.213897705, "var": 61607.0351562}, "spectral_complexity": {"dmean": 1.6799082756, "dmean2": 2.65223479271, "dvar": 5.0160369873, "dvar2": 11.0447912216, "max": 36, "mean": 8.76690006256, "median": 8, "min": 0, "var": 15.0182218552}, "spectral_decrease": {"dmean": 1.53369494882e-09, "dmean2": 2.06534500613e-09, "dvar": 8.63818509835e-18, "dvar2": 1.42750297165e-17, "max": 1.25888493016e-15, "mean": -5.52815215826e-09, "median": -3.50383366765e-09, "min": -5.23498435712e-08, "var": 3.99028684948e-17}, "spectral_energy": {"dmean": 0.0059747104533, "dmean2": 0.00804433319718, "dvar": 0.000128582512843, "dvar2": 0.000212414408452, "max": 0.201437860727, "mean": 0.0215393826365, "median": 0.0137506909668, "min": 1.08744547981e-20, "var": 0.000597317586653}, "spectral_energyband_high": {"dmean": 0.00013848587696, "dmean2": 0.000242442285526, "dvar": 1.97838971872e-07, "dvar2": 5.4387982118e-07, "max": 0.00578550482169, "mean": 0.000108443920908, "median": 5.06144124301e-06, "min": 7.54439528864e-21, "var": 1.43487042692e-07}, "spectral_energyband_low": {"dmean": 0.000952889793552, "dmean2": 0.00137907732278, "dvar": 3.81343897971e-06, "dvar2": 8.11845620774e-06, "max": 0.0590299852192, "mean": 0.00272735441104, "median": 0.00129053916316, "min": 5.26712581432e-23, "var": 1.73759017343e-05}, "spectral_energyband_middle_high": {"dmean": 0.000344765256159, "dmean2": 0.000519531196915, "dvar": 5.0339099289e-07, "dvar2": 1.14890576697e-06, "max": 0.00808716099709, "mean": 0.00059396692086, "median": 0.000288134964649, "min": 1.59747488751e-21, "var": 7.40742848393e-07}, "spectral_energyband_middle_low": {"dmean": 0.00553131336346, "dmean2": 0.00750638404861, "dvar": 0.000123404432088, "dvar2": 0.000207339442568, "max": 0.195857435465, "mean": 0.0187583304942, "median": 0.0117357270792, "min": 3.1473406941e-22, "var": 0.00050637224922}, "spectral_entropy": {"dmean": 0.330864340067, "dmean2": 0.451012581587, "dvar": 0.15096630156, "dvar2": 0.295133024454, "max": 9.79242038727, "mean": 6.1558804512, "median": 6.0148191452, "min": 4.11756515503, "var": 0.524647057056}, "spectral_flux": {"dmean": 0.0182941351086, "dmean2": 0.0277899932116, "dvar": 0.00063623895403, "dvar2": 0.0013872225536, "max": 0.315280437469, "mean": 0.044472720474, "median": 0.0333277508616, "min": 1.04280653557e-10, "var": 0.00134951679502}, "spectral_kurtosis": {"dmean": 14.3003511429, "dmean2": 22.1713542938, "dvar": 242.159225464, "dvar2": 567.278320312, "max": 200.883666992, "mean": 34.5562019348, "median": 23.1462364197, "min": -1.1897124052, "var": 1102.83654785}, "spectral_rms": {"dmean": 0.000553847989067, "dmean2": 0.000748521182686, "dvar": 6.01463625571e-07, "dvar2": 9.88649503597e-07, "max": 0.0140187283978, "mean": 0.00400636624545, "median": 0.00366269145161, "min": 3.25718033274e-12, "var": 4.96312350151e-06}, "spectral_rolloff": {"dmean": 107.094100952, "dmean2": 191.417770386, "dvar": 215278.203125, "dvar2": 543916.9375, "max": 19509.0820312, "mean": 592.177185059, "median": 452.197265625, "min": 107.666015625, "var": 1523595.375}, "spectral_skewness": {"dmean": 0.983853638172, "dmean2": 1.47505760193, "dvar": 0.775340437889, "dvar2": 1.74610602856, "max": 11.4988365173, "mean": 4.16277551651, "median": 3.78345751762, "min": -0.0497277490795, "var": 4.15856599808}, "spectral_spread": {"dmean": 872278.6875, "dmean2": 1253069, "dvar": 1145522749440.0, "dvar2": 2290088148990.0, "max": 40631504, "mean": 2826760.75, "median": 2132314, "min": 446514.375, "var": 4108362711040.0}, "spectral_strongpeak": {"dmean": 0.256527155638, "dmean2": 0.402741342783, "dvar": 0.0980440452695, "dvar2": 0.221793711185, "max": 3.78293085098, "mean": 0.869366943836, "median": 0.755033195019, "min": 0, "var": 0.35474100709}, "zerocrossingrate": {"dmean": 0.00474989367649, "dmean2": 0.00617617042735, "dvar": 8.38811320136e-05, "dvar2": 0.000140402014949, "max": 0.67236328125, "mean": 0.0256813559681, "median": 0.0205078125, "min": 0.00732421875, "var": 0.0011693618726}, "barkbands": {"dmean": [7.61175078878e-06, 0.000312596355798, 0.000618801102974, 0.00083648681175, 0.0039358404465, 0.0014298647875, 0.000777537468821, 0.000288453098619, 0.000122706376715, 6.66692576488e-05, 2.66032348009e-05, 8.73005483299e-05, 4.31317021139e-05, 4.40908588644e-05, 9.74312570179e-05, 2.00624126592e-05, 2.51929050137e-05, 1.29818081405e-05, 1.08734338937e-05, 1.57426384249e-05, 3.52055722033e-05, 2.22968610615e-05, 2.53892412729e-05, 1.78232330654e-05, 2.53832531598e-05, 5.72534054299e-06, 1.57512897658e-06], "dmean2": [1.31145461637e-05, 0.00040030136006, 0.000952990958467, 0.00117444898933, 0.00550853507593, 0.00223364774138, 0.00105644052383, 0.000355696567567, 0.000171830120962, 0.000103975013189, 4.45597470389e-05, 0.000138460236485, 6.37730699964e-05, 7.16427530278e-05, 0.000148807725054, 3.35717995767e-05, 4.05288119509e-05, 2.16230364458e-05, 1.81385075848e-05, 2.69342162937e-05, 6.15876342636e-05, 3.87536529161e-05, 4.57119967905e-05, 3.14700773743e-05, 4.57631140307e-05, 1.0360129636e-05, 2.88529031423e-06], "dvar": [2.00323135857e-09, 1.24486859931e-06, 1.4380354969e-06, 4.58555541627e-06, 7.69285106799e-05, 9.33839419304e-06, 2.01493503482e-06, 1.80601034572e-07, 5.31032817719e-08, 2.73096389947e-08, 2.99494962164e-09, 3.09181480418e-08, 1.32566864153e-08, 4.35603801918e-08, 7.86234082284e-08, 6.23747720141e-09, 4.13562206703e-09, 1.75963488225e-09, 1.0692666752e-09, 3.23310245243e-09, 1.08069633242e-08, 5.3111506304e-09, 1.34315438771e-08, 4.07182287887e-09, 1.03704769217e-08, 6.36465657955e-10, 7.12905845468e-11], "dvar2": [5.34439026367e-09, 2.47426805799e-06, 3.79810080631e-06, 8.32360092318e-06, 0.000131058986881, 2.19117009692e-05, 3.82057805837e-06, 2.66164249751e-07, 9.58389065886e-08, 6.66070292255e-08, 7.87069343033e-09, 7.60566365443e-08, 2.97613720335e-08, 1.06015058066e-07, 1.82000079008e-07, 1.6527215152e-08, 9.9936050546e-09, 4.67959049288e-09, 2.74531353206e-09, 8.87493456503e-09, 2.95193398614e-08, 1.44396894441e-08, 3.78208042662e-08, 1.13248859179e-08, 2.98496125595e-08, 1.80379355896e-09, 2.04168917883e-10], "max": [0.00120502279606, 0.0286234412342, 0.0324470438063, 0.0378589220345, 0.15451695025, 0.0724531039596, 0.0330663658679, 0.00888357404619, 0.00481578987092, 0.00264547090046, 0.000795292668045, 0.00254926318303, 0.00289338291623, 0.00696568144485, 0.0043517369777, 0.00176039419603, 0.000888602924533, 0.00068553222809, 0.000586535723414, 0.000872529519256, 0.00105863728095, 0.00117591652088, 0.00180253922008, 0.000880148494616, 0.00135537306778, 0.000419602845795, 0.00019398117729], "mean": [9.67264350038e-06, 0.000889043789357, 0.00119783484843, 0.00177553633694, 0.00908272061497, 0.00356076355092, 0.0031400914304, 0.000867544324137, 0.000301149470033, 0.000103496313386, 3.39181424351e-05, 0.000153980450705, 7.18388691894e-05, 5.22185728187e-05, 0.000109774970042, 2.07254615816e-05, 3.14362732752e-05, 1.36694534376e-05, 1.01851428553e-05, 1.44962386912e-05, 2.80560234387e-05, 1.76425601239e-05, 1.76167413883e-05, 1.32556215249e-05, 1.77793372131e-05, 3.96908853872e-06, 1.03583522559e-06], "median": [5.80902337788e-07, 0.000171420921106, 0.000533880491275, 0.000531903991941, 0.00320969475433, 0.00171479396522, 0.00170753896236, 0.000522345711943, 0.000123076039017, 4.37974886154e-05, 1.32427148856e-05, 6.79562726873e-05, 2.50759712799e-05, 7.56286863179e-06, 1.86531233339e-05, 4.2215706344e-06, 7.53912900109e-06, 2.41022348746e-06, 1.21046150525e-06, 1.56200621859e-06, 1.73453770458e-06, 7.36408765079e-07, 3.50001243987e-07, 2.17284636506e-07, 2.01798073363e-07, 4.63049545374e-08, 2.84318382171e-08], "min": [1.90178871021e-23, 2.23700789436e-23, 1.51175962813e-23, 1.14370268885e-23, 3.80640280463e-23, 1.32278389621e-23, 2.81994202453e-23, 4.21481755228e-23, 1.67036159618e-22, 8.00738058119e-23, 2.95256910644e-23, 5.89852377197e-23, 1.18404336316e-22, 1.25164659703e-22, 1.4338184352e-22, 1.85763048554e-22, 2.16658009668e-22, 2.7780025816e-22, 2.22692379074e-22, 3.18792146611e-22, 6.12097244982e-22, 7.58789678975e-22, 6.33666292475e-22, 8.29871877796e-22, 8.93694031933e-22, 1.45319033468e-21, 2.58323880682e-21], "var": [2.10229011977e-09, 4.15933391196e-06, 3.83756969313e-06, 1.23433665067e-05, 0.000277770188404, 2.42069272645e-05, 1.45092926687e-05, 1.05678793716e-06, 2.25971817258e-07, 3.36727978834e-08, 3.3618610118e-09, 5.01572010592e-08, 2.24677503269e-08, 4.56805508975e-08, 9.05236987592e-08, 4.93843987925e-09, 4.94434848619e-09, 1.56700019627e-09, 9.35392208135e-10, 2.46861442399e-09, 7.81377007542e-09, 4.16075440768e-09, 8.34098123903e-09, 2.90143975512e-09, 6.48792530811e-09, 4.150872146e-10, 4.25572112273e-11]}, "erbbands": {"dmean": [0.00437828525901, 0.0926398709416, 0.611217856407, 1.53253340721, 13.9328174591, 9.09436321259, 10.5166921616, 11.8588523865, 13.5572824478, 3.97705435753, 7.88001680374, 2.73116755486, 2.91218924522, 1.6901345253, 1.28120195866, 4.06475305557, 2.11992073059, 2.66253805161, 5.40691757202, 1.71246755123, 1.45521509647, 1.15616893768, 0.753661513329, 0.408695906401, 0.735266327858, 0.743955552578, 1.59969425201, 1.03641462326, 0.830002486706, 1.0258603096, 0.528832018375, 0.325317174196, 0.319434195757, 0.249011054635, 0.201007440686, 0.0445985905826, 0.00809118989855, 0.00164780020714, 0.000291369506158, 1.735330261e-05], "dmean2": [0.0062088901177, 0.120643891394, 0.91506332159, 2.17041492462, 18.963848114, 13.5880775452, 15.5575008392, 19.1428718567, 19.029718399, 5.2636590004, 9.69148445129, 3.83170771599, 4.23293542862, 2.58105778694, 2.06568479538, 6.40588521957, 3.10380315781, 4.27812051773, 8.21427345276, 2.72264575958, 2.39911532402, 1.88515818119, 1.24949586391, 0.660827457905, 1.24195623398, 1.25688707829, 2.81871962547, 1.79422724247, 1.44081521034, 1.84379827976, 0.937437176704, 0.570978343487, 0.56663107872, 0.44686871767, 0.366045296192, 0.0811087191105, 0.0147313373163, 0.00302411313169, 0.000531482161023, 2.85994756268e-05], "dvar": [0.000594814773649, 0.0827062129974, 1.63780009747, 10.0350952148, 1388.83178711, 287.426086426, 651.16583252, 798.95135498, 598.136230469, 43.838722229, 134.986938477, 21.8070259094, 38.9415016174, 10.2278385162, 7.33856010437, 66.4155349731, 29.4420585632, 132.31854248, 261.745513916, 16.2854270935, 24.7700462341, 8.51379394531, 5.3963265419, 1.68991422653, 6.07000875473, 5.51779079437, 24.4653644562, 9.44930744171, 7.17012262344, 21.4225597382, 4.27716255188, 1.31269323826, 1.34479367733, 0.817722141743, 1.06844735146, 0.0326443947852, 0.00150635594036, 6.59428114886e-05, 2.36597793446e-06, 5.07066566513e-09], "dvar2": [0.00125747430138, 0.159227177501, 3.85559916496, 18.1819820404, 2311.5246582, 582.956176758, 1462.86315918, 1941.00549316, 1215.90527344, 79.2403793335, 198.168792725, 46.0903320312, 83.8511734009, 23.9172592163, 18.5757389069, 159.061859131, 63.1710739136, 326.077606201, 600.945800781, 39.7715873718, 65.4619598389, 21.3936729431, 14.2895183563, 4.23518228531, 15.9548654556, 14.8880634308, 67.8940353394, 25.3332271576, 19.6629505157, 60.3860816956, 11.8716859818, 3.62880444527, 3.7436478138, 2.31470584869, 3.11865186691, 0.0936932265759, 0.00428427755833, 0.000187407669728, 6.7722357926e-06, 1.42775133938e-08], "max": [0.667708933353, 7.59942150116, 40.6605682373, 64.8489227295, 672.032043457, 353.088531494, 555.738586426, 678.922180176, 631.309204102, 150.076751709, 244.151657104, 88.0460357666, 96.0092163086, 53.5554504395, 39.4278259277, 130.588027954, 145.32611084, 377.6171875, 257.625762939, 52.7124824524, 108.065696716, 39.7538948059, 41.3797950745, 25.0394744873, 41.3454093933, 33.3110084534, 76.4398422241, 50.3341331482, 42.8592948914, 78.7918395996, 27.8438816071, 14.8229808807, 15.2570619583, 10.7496919632, 17.6790027618, 2.64146637917, 0.572169542313, 0.129200592637, 0.0369851179421, 0.00188115262426], "mean": [0.0118601359427, 0.258227497339, 1.31939983368, 4.02900314331, 28.1364364624, 22.1467399597, 23.9657688141, 28.7088737488, 54.5199356079, 17.2637519836, 24.1059703827, 8.13017845154, 5.41849565506, 3.02279996872, 2.22794103622, 7.28455066681, 3.80334377289, 3.33065199852, 6.14518165588, 2.00854873657, 1.59908568859, 1.3627743721, 0.843896687031, 0.467898726463, 0.667724072933, 0.703294038773, 1.26035284996, 0.845921397209, 0.666391551495, 0.717491149902, 0.381628751755, 0.246129766107, 0.234028205276, 0.177293226123, 0.136581450701, 0.0311974380165, 0.00548129435629, 0.00109766947571, 0.000202778770472, 3.22335909004e-05], "median": [0.00170912977774, 0.0585121661425, 0.549068450928, 1.63314199448, 5.49616098404, 9.48145103455, 10.5790739059, 12.0224599838, 32.9342956543, 11.3299264908, 14.4605178833, 4.76503229141, 2.26096320152, 1.45482337475, 1.01503813267, 3.32560515404, 1.50491583347, 0.707403063774, 1.06054115295, 0.524435818195, 0.389383286238, 0.32341632247, 0.172384142876, 0.0853621289134, 0.0790422931314, 0.0823308229446, 0.0867439955473, 0.0470916032791, 0.0283700712025, 0.0154058029875, 0.00915221404284, 0.00460700830445, 0.00359278451651, 0.0022988114506, 0.00136301247403, 0.000320482969983, 8.12140133348e-05, 2.27364780585e-05, 1.4345726413e-05, 1.712482117e-05], "min": [7.19368949012e-22, 4.49862620423e-21, 1.15055734107e-20, 4.06079118574e-20, 8.83814567167e-20, 1.27412801101e-19, 1.21830107448e-19, 1.12504951436e-19, 3.74589257383e-19, 5.94010650487e-19, 9.92405804007e-19, 4.51121475902e-18, 2.5034916956e-18, 2.39950185771e-18, 1.67117315407e-18, 2.67897640819e-18, 4.56585169284e-18, 6.49480834358e-18, 8.15423398198e-18, 7.48925521575e-18, 1.1276188976e-17, 1.0737235312e-17, 1.44272756169e-17, 1.39013723814e-17, 1.08320004317e-17, 1.47621282551e-17, 2.18778138169e-17, 2.54334347907e-17, 3.02338815227e-17, 1.97926205329e-17, 1.75485291618e-17, 1.87225978904e-17, 1.26873169149e-17, 8.24960377071e-18, 7.67997080496e-18, 5.02594981546e-18, 2.68233682943e-18, 1.22753468486e-18, 3.43516657112e-19, 3.83000553301e-20], "var": [0.00124677992426, 0.318153589964, 5.79161167145, 39.0632324219, 4573.76904297, 1078.08911133, 1468.34521484, 1962.71118164, 4007.87915039, 326.723999023, 800.238830566, 98.3366394043, 78.833480835, 18.723323822, 10.3717632294, 112.271385193, 55.7731246948, 136.711685181, 303.591094971, 17.9866142273, 20.4094657898, 9.24828529358, 5.12128353119, 1.80519831181, 4.80091714859, 4.67111539841, 16.6665229797, 7.51346158981, 5.63724803925, 13.383149147, 2.81606173515, 0.951999664307, 0.944066524506, 0.550135314465, 0.61153781414, 0.0214923340827, 0.000935692689382, 4.00647622882e-05, 1.42813701132e-06, 4.03084010614e-09]}, "gfcc": {"mean": [-132.352142334, 163.267089844, -86.8632354736, -4.17531824112, -64.5406036377, -13.8987960815, -43.5840377808, -15.1341629028, -19.8641777039, 0.310451954603, -13.1803588867, -10.8631401062, -8.84164333344], "cov": [[12694.8554688, -1500.57995605, -1270.5390625, 1323.29089355, -930.051269531, 488.123046875, -821.797607422, -65.5406265259, -342.049407959, 121.434570312, -361.455688477, -168.259368896, 23.905040741], [-1500.57995605, 2705.75976562, 103.308357239, -602.220581055, 682.235656738, -282.863433838, 484.300872803, -70.4783630371, 328.343444824, -98.3004989624, 231.728179932, -119.55015564, 17.7954139709], [-1270.5390625, 103.308357239, 796.673461914, -12.2161445618, 128.465759277, 140.016998291, 84.4308547974, 18.7161064148, -5.23681211472, -1.34955132008, 32.4263534546, 54.8810653687, -16.7498149872], [1323.29089355, -602.220581055, -12.2161445618, 470.647064209, -134.618347168, 123.334976196, -126.316436768, -8.09564208984, -83.8829193115, 17.8438835144, -56.0493278503, 17.6066913605, 30.4970684052], [-930.051269531, 682.235656738, 128.465759277, -134.618347168, 411.097320557, -16.5056114197, 189.552536011, 8.6694316864, 100.726493835, -26.3942871094, 55.4737205505, -5.45074319839, -5.92640304565], [488.123046875, -282.863433838, 140.016998291, 123.334976196, -16.5056114197, 242.425491333, -17.1132831573, 39.7395744324, -38.0402297974, 36.6808776855, -40.9427146912, 12.0794839859, -18.9998264313], [-821.797607422, 484.300872803, 84.4308547974, -126.316436768, 189.552536011, -17.1132831573, 206.407836914, 26.3780765533, 71.4629745483, -14.482966423, 51.1513519287, -1.02359771729, -5.01258993149], [-65.5406265259, -70.4783630371, 18.7161064148, -8.09564208984, 8.6694316864, 39.7395744324, 26.3780765533, 127.276222229, 28.8614425659, 22.8088169098, -5.95148134232, 22.4201278687, -8.98713302612], [-342.049407959, 328.343444824, -5.23681211472, -83.8829193115, 100.726493835, -38.0402297974, 71.4629745483, 28.8614425659, 124.81477356, 25.3063774109, 38.3703460693, -7.78371953964, 2.57175469398], [121.434570312, -98.3004989624, -1.34955132008, 17.8438835144, -26.3942871094, 36.6808776855, -14.482966423, 22.8088169098, 25.3063774109, 99.014213562, 24.0203723907, 7.7651143074, -8.01601982117], [-361.455688477, 231.728179932, 32.4263534546, -56.0493278503, 55.4737205505, -40.9427146912, 51.1513519287, -5.95148134232, 38.3703460693, 24.0203723907, 104.328895569, 39.0796890259, 19.9353294373], [-168.259368896, -119.55015564, 54.8810653687, 17.6066913605, -5.45074319839, 12.0794839859, -1.02359771729, 22.4201278687, -7.78371953964, 7.7651143074, 39.0796890259, 103.963439941, 42.4982643127], [23.905040741, 17.7954139709, -16.7498149872, 30.4970684052, -5.92640304565, -18.9998264313, -5.01258993149, -8.98713302612, 2.57175469398, -8.01601982117, 19.9353294373, 42.4982643127, 81.9538955688]], "icov": [[0.000299357256154, -0.000565706926864, 0.000499232148286, -0.000783182680607, 0.00046798895346, -0.00069305015495, 0.000985186547041, -0.000195291388081, 0.000526157615241, -0.00045452901395, 0.000727907579858, -0.000485293683596, 0.00035462557571], [-0.000565706926864, 0.00280828610994, -0.00102657510433, 0.00231286534108, -0.0019836651627, 0.00142912229057, -0.00305569218472, 0.00104781670962, -0.00286199594848, 0.00254325754941, -0.00406172592193, 0.00392145384103, -0.00210631708615], [0.000499232148286, -0.00102657510433, 0.00246859318577, -0.0012398037361, 0.000501448812429, -0.00225884653628, 0.00136174249928, -7.74474829086e-05, 0.00115492555778, -0.000441391748609, 0.000887877016794, -0.00190115219448, 0.00132103660144], [-0.000783182680607, 0.00231286534108, -0.0012398037361, 0.00564526300877, -0.00169428286608, 0.000389521650504, -0.00192411616445, 0.000969108077697, -0.00138361204881, 0.00163655122742, -0.00268974481151, 0.00286179617979, -0.00329777831212], [0.00046798895346, -0.0019836651627, 0.000501448812429, -0.00169428286608, 0.00626410078257, -0.00174160778988, -0.00101083738264, 0.000155408401042, -0.000551832024939, -0.000166898418684, 0.00234317104332, -0.00268123974092, 0.00185303273611], [-0.00069305015495, 0.00142912229057, -0.00225884653628, 0.000389521650504, -0.00174160778988, 0.00879127345979, -0.00326933339238, -0.000893557968084, 0.000749344704673, -0.00236923969351, 0.00137484224979, 0.000362358812708, 0.000121865312394], [0.000985186547041, -0.00305569218472, 0.00136174249928, -0.00192411616445, -0.00101083738264, -0.00326933339238, 0.0146823143587, -0.00321074272506, 0.00136413227301, -0.000214313957258, 0.000554081227165, -0.00203185761347, 0.00194044876844], [-0.000195291388081, 0.00104781670962, -7.74474829086e-05, 0.000969108077697, 0.000155408401042, -0.000893557968084, -0.00321074272506, 0.0112723335624, -0.00457809260115, -0.000530531222466, 0.00206794217229, -0.00332307396457, 0.0016087833792], [0.000526157615241, -0.00286199594848, 0.00115492555778, -0.00138361204881, -0.000551832024939, 0.000749344704673, 0.00136413227301, -0.00457809260115, 0.0178538430482, -0.007495644968, 0.00224480591714, -0.000643781619146, -0.000571514712647], [-0.00045452901395, 0.00254325754941, -0.000441391748609, 0.00163655122742, -0.000166898418684, -0.00236923969351, -0.000214313957258, -0.000530531222466, -0.007495644968, 0.0178556665778, -0.00998830329627, 0.00418267771602, 0.000490878417622], [0.000727907579858, -0.00406172592193, 0.000887877016794, -0.00268974481151, 0.00234317104332, 0.00137484224979, 0.000554081227165, 0.00206794217229, 0.00224480591714, -0.00998830329627, 0.0245309062302, -0.0133066996932, 0.00248666061088], [-0.000485293683596, 0.00392145384103, -0.00190115219448, 0.00286179617979, -0.00268123974092, 0.000362358812708, -0.00203185761347, -0.00332307396457, -0.000643781619146, 0.00418267771602, -0.0133066996932, 0.0236635301262, -0.0113668767735], [0.00035462557571, -0.00210631708615, 0.00132103660144, -0.00329777831212, 0.00185303273611, 0.000121865312394, 0.00194044876844, 0.0016087833792, -0.000571514712647, 0.000490878417622, 0.00248666061088, -0.0113668767735, 0.0198659524322]]}, "melbands": {"dmean": [6.097712685e-05, 0.00024430648773, 0.000595153484028, 0.000970654306002, 0.000311462616082, 0.00026043158141, 0.000198222493054, 3.48874491465e-05, 6.01186184213e-05, 1.70606817846e-05, 1.47887440107e-05, 7.17162129149e-06, 3.8373091229e-06, 1.01701543826e-05, 6.64666595185e-06, 3.8973298615e-06, 5.01511567563e-06, 7.83337691246e-06, 4.98485087519e-06, 1.33794253543e-06, 1.86257898349e-06, 1.39271071475e-06, 8.87856799636e-07, 6.20474907009e-07, 2.7854642326e-07, 5.08383891429e-07, 4.52009516039e-07, 4.91104003686e-07, 1.02425997284e-06, 8.9649694246e-07, 5.28684381607e-07, 4.74285855034e-07, 4.21296761033e-07, 6.7009398208e-07, 3.26081135427e-07, 1.97371804234e-07, 2.01007452461e-07, 1.98434605636e-07, 2.86479206579e-07, 1.81473708949e-07], "dmean2": [8.15219027572e-05, 0.000357804819942, 0.00080849439837, 0.00137952028308, 0.000460742710857, 0.000416727561969, 0.000275602913462, 4.58411086584e-05, 7.47359372326e-05, 2.43061258516e-05, 2.15351265069e-05, 1.09591792352e-05, 6.33842955722e-06, 1.61977204698e-05, 1.01257610368e-05, 5.82925213166e-06, 8.18234457256e-06, 1.188180795e-05, 7.81057042332e-06, 2.22955236495e-06, 3.06500760416e-06, 2.28227395382e-06, 1.48391814037e-06, 1.00556610505e-06, 4.60150516801e-07, 8.55871576277e-07, 7.69559733271e-07, 8.30603710256e-07, 1.80614665624e-06, 1.58351974733e-06, 9.14690645004e-07, 8.26783207231e-07, 7.38763617392e-07, 1.21598077385e-06, 5.76506067773e-07, 3.5014477362e-07, 3.53707974909e-07, 3.50630358525e-07, 5.18297099461e-07, 3.24982579514e-07], "dvar": [7.30468414645e-08, 2.72021480896e-07, 2.46923991654e-06, 4.78273113913e-06, 5.35136621238e-07, 3.55833236654e-07, 1.25430261733e-07, 2.82847634203e-09, 7.7855206726e-09, 1.02604613694e-09, 1.0036707021e-09, 1.86746396125e-10, 6.2364183262e-11, 4.39864977775e-10, 1.92028726254e-10, 1.041401132e-10, 6.18647022499e-10, 5.5428445167e-10, 1.66644448241e-10, 1.82050000075e-11, 3.46988861255e-11, 1.37761859212e-11, 7.98122505585e-12, 4.195246147e-12, 9.59235945883e-13, 2.57533968109e-12, 4.20186845387e-12, 2.3408026819e-12, 1.05903549819e-11, 8.26594782205e-12, 3.13989307645e-12, 2.59222309416e-12, 2.03830442108e-12, 1.17179833545e-11, 1.55081980244e-12, 7.07474009931e-13, 4.99036684372e-13, 5.33080307327e-13, 1.21443762165e-12, 4.41016472473e-13], "dvar2": [1.5188119562e-07, 5.81830704505e-07, 4.2165229388e-06, 8.38153027871e-06, 1.20137303838e-06, 8.55178655002e-07, 2.48442376005e-07, 5.09951281202e-09, 1.16777529868e-08, 2.03877159599e-09, 2.16280193754e-09, 4.37146874255e-10, 1.61799421083e-10, 1.09869058296e-09, 4.27807927972e-10, 2.44647857528e-10, 1.51797241443e-09, 1.26549637436e-09, 3.97328836499e-10, 4.75673979372e-11, 9.06909131126e-11, 3.48546295992e-11, 2.11005015543e-11, 1.08436688448e-11, 2.41797966198e-12, 6.67394655166e-12, 1.14433939755e-11, 6.31794182943e-12, 2.95587582189e-11, 2.28444554939e-11, 8.47170077145e-12, 7.16588984331e-12, 5.60241696784e-12, 3.33022324994e-11, 4.27479709617e-12, 2.00442809052e-12, 1.38201581255e-12, 1.47762433799e-12, 3.41404812407e-12, 1.25958271591e-12], "max": [0.00739778298885, 0.0174833424389, 0.0283078681678, 0.0377063974738, 0.0163241364062, 0.0145792970434, 0.00896507035941, 0.00127369037364, 0.00183209776878, 0.000589516013861, 0.00049074657727, 0.000232540362049, 0.00012548250379, 0.000293244695058, 0.000297551625408, 0.000193511121324, 0.000857655075379, 0.000374920899048, 0.000178368907655, 7.80154150561e-05, 0.000114796508569, 4.72378087579e-05, 4.89459671371e-05, 4.56457200926e-05, 1.99829755729e-05, 3.06652291329e-05, 3.61954371328e-05, 1.9629003873e-05, 7.42977063055e-05, 3.49520596501e-05, 4.29956853623e-05, 2.89789168164e-05, 2.31534904742e-05, 5.8870351495e-05, 1.75982058863e-05, 1.43195975397e-05, 8.63323930389e-06, 9.77689433057e-06, 1.42367762237e-05, 8.27324311103e-06], "mean": [0.000174767774297, 0.000571584969293, 0.00131893029902, 0.00211419560947, 0.000746554811485, 0.000631036760751, 0.000817119493149, 0.000151182466652, 0.000181153649464, 4.30438740295e-05, 2.63549736701e-05, 1.22472074509e-05, 5.55467249796e-06, 1.81313334906e-05, 1.22895180539e-05, 6.3591082835e-06, 5.85666884945e-06, 8.87226087798e-06, 5.72297904e-06, 1.41291786804e-06, 2.04272464543e-06, 1.59825538049e-06, 9.79252718025e-07, 6.83344353547e-07, 3.10977526397e-07, 4.53333797168e-07, 4.12444705944e-07, 4.59526432905e-07, 8.08932043128e-07, 6.89190187586e-07, 4.28472105796e-07, 3.78303980142e-07, 3.24256888007e-07, 4.50568791166e-07, 2.34134674315e-07, 1.43050598922e-07, 1.52947066567e-07, 1.47798587591e-07, 1.99315906002e-07, 1.29604245558e-07], "median": [3.0333732866e-05, 0.000219120775, 0.000387886422686, 0.000593091011979, 0.000355583935743, 0.000273655285127, 0.00049113179557, 0.000108509346319, 0.00010868634854, 1.91927592823e-05, 1.05319986687e-05, 5.35711387784e-06, 2.16073885895e-06, 7.82588813308e-06, 5.96172139922e-06, 2.18676882469e-06, 8.59531894548e-07, 1.39727239912e-06, 1.1563396356e-06, 2.93682660413e-07, 4.61641576521e-07, 3.56984145355e-07, 1.59290493684e-07, 1.19654160358e-07, 4.99018000255e-08, 4.92043916722e-08, 5.23058503177e-08, 4.84905520182e-08, 5.60802746463e-08, 3.83016534045e-08, 2.07928767537e-08, 1.63420814658e-08, 1.00756842869e-08, 7.46141992636e-09, 5.69205260703e-09, 2.70110245282e-09, 2.59220334087e-09, 2.33439401143e-09, 2.30087260356e-09, 1.69019764851e-09], "min": [7.02398121249e-24, 7.09768448686e-24, 8.33207509869e-24, 7.38762242397e-24, 4.6836951751e-24, 3.09286328527e-24, 5.29703492334e-24, 7.58355811788e-24, 7.40631211653e-24, 3.01209055501e-23, 1.20721246038e-23, 1.03144951753e-23, 4.73398348008e-24, 6.17714060845e-24, 9.95773993065e-24, 1.07081604328e-23, 1.20053009854e-23, 1.3342940079e-23, 1.02077228518e-23, 1.11788185147e-23, 1.33966536181e-23, 9.2135135643e-24, 1.80002738893e-23, 1.06075664679e-23, 1.15757204685e-23, 6.7183220664e-24, 9.86090409909e-24, 9.48849075434e-24, 1.29399118314e-23, 1.42727230964e-23, 1.50970685428e-23, 1.69581397241e-23, 1.38876469564e-23, 1.11986970206e-23, 9.96234766719e-24, 1.05092846543e-23, 1.18795463019e-23, 7.79034380469e-24, 7.88643258497e-24, 6.85159853862e-24], "var": [1.90122150912e-07, 1.12381508188e-06, 7.65631648392e-06, 1.66578502103e-05, 1.26968041059e-06, 8.95814480373e-07, 8.95961022707e-07, 2.08841974825e-08, 4.55814443967e-08, 4.0852263794e-09, 1.9944905727e-09, 3.39135997063e-10, 7.93529131293e-11, 7.00919100538e-10, 3.59687779561e-10, 1.61149663058e-10, 6.29750085412e-10, 6.49254983109e-10, 1.86270665559e-10, 1.55859283812e-11, 3.00355539051e-11, 1.37629196234e-11, 8.08768243349e-12, 4.13355764547e-12, 9.9443847254e-13, 2.10315554035e-12, 2.99598670525e-12, 2.02077395615e-12, 7.19824417086e-12, 5.60502685931e-12, 2.45888747731e-12, 1.97954131385e-12, 1.52136918515e-12, 7.04239834851e-12, 1.03391123787e-12, 4.52251083805e-13, 3.65364314324e-13, 3.79257958589e-13, 8.00396045015e-13, 2.95242237776e-13]}, "mfcc": {"mean": [-781.916381836, 195.126480103, 27.1620483398, 10.3547925949, -4.5031042099, -3.01111650467, -15.6561098099, -18.678861618, -7.79759597778, -8.05300045013, -4.18525505066, 2.43638038635, -1.1667112112], "cov": [[9546.39746094, -1235.78833008, -601.795715332, 446.797332764, -206.432052612, 189.925170898, -278.24710083, -311.864837646, -13.8323049545, -212.327575684, -156.21270752, -123.597442627, -308.24206543], [-1235.78833008, 2713.86914062, 10.7633085251, -176.171737671, 121.395515442, -33.7156066895, 107.811256409, 88.3375320435, 53.0524635315, 119.856391907, 120.146339417, 141.238998413, 122.006164551], [-601.795715332, 10.7633085251, 589.069335938, -40.1484336853, 88.6093673706, 103.566734314, 80.6038208008, 63.3370933533, 10.8932304382, 13.2877235413, 14.47270298, 7.15327835083, 28.6244544983], [446.797332764, -176.171737671, -40.1484336853, 297.489196777, 32.4891700745, 39.0327339172, -0.418209701777, -26.5593910217, -1.42127871513, -30.9965019226, -23.534040451, -3.96944665909, -17.384016037], [-206.432052612, 121.395515442, 88.6093673706, 32.4891700745, 177.724777222, 74.8498382568, 59.373626709, 60.2968635559, 32.2921485901, 18.9908390045, 11.9201078415, 8.74363517761, 32.9265213013], [189.925170898, -33.7156066895, 103.566734314, 39.0327339172, 74.8498382568, 172.805236816, 71.0887298584, 15.4044942856, 19.9631175995, 13.3285169601, 9.32330322266, -6.75753450394, 9.2666759491], [-278.24710083, 107.811256409, 80.6038208008, -0.418209701777, 59.373626709, 71.0887298584, 127.092437744, 66.0866394043, 17.4535522461, 20.5199241638, 23.1151390076, 5.60171985626, 13.9305000305], [-311.864837646, 88.3375320435, 63.3370933533, -26.5593910217, 60.2968635559, 15.4044942856, 66.0866394043, 129.417663574, 44.3968162537, 15.4928836823, 12.8394355774, 8.66857910156, 21.812669754], [-13.8323049545, 53.0524635315, 10.8932304382, -1.42127871513, 32.2921485901, 19.9631175995, 17.4535522461, 44.3968162537, 86.6092224121, 37.4643249512, 0.0584423728287, 6.42259454727, 16.7899227142], [-212.327575684, 119.856391907, 13.2877235413, -30.9965019226, 18.9908390045, 13.3285169601, 20.5199241638, 15.4928836823, 37.4643249512, 99.51146698, 47.7938461304, 4.66506767273, 17.4200305939], [-156.21270752, 120.146339417, 14.47270298, -23.534040451, 11.9201078415, 9.32330322266, 23.1151390076, 12.8394355774, 0.0584423728287, 47.7938461304, 102.609909058, 33.3759269714, -3.65984368324], [-123.597442627, 141.238998413, 7.15327835083, -3.96944665909, 8.74363517761, -6.75753450394, 5.60171985626, 8.66857910156, 6.42259454727, 4.66506767273, 33.3759269714, 82.9586029053, 42.4207954407], [-308.24206543, 122.006164551, 28.6244544983, -17.384016037, 32.9265213013, 9.2666759491, 13.9305000305, 21.812669754, 16.7899227142, 17.4200305939, -3.65984368324, 42.4207954407, 111.438720703]], "icov": [[0.000161882198881, 1.91655581148e-05, 0.000143520475831, -0.000111457738967, 0.000119674739835, -0.000453447632026, 0.000344474246958, 9.81960256468e-05, -0.00022240706312, 0.000222117421799, 5.23368507857e-05, -8.52555967867e-05, 0.000345559732523], [1.91655581148e-05, 0.000472814834211, 8.53969831951e-05, 0.000229801502428, -0.000336755590979, 0.000271559081739, -0.000392251677113, 0.000165348115843, -4.88377845613e-05, -0.000295739824651, -6.27033005003e-05, -0.00062588986475, -6.73545364407e-05], [0.000143520475831, 8.53969831951e-05, 0.00221404270269, 0.000348145928001, -0.000389604800148, -0.00140630523674, -2.55557752098e-05, -0.000537548854481, 0.000388179993024, 0.00011127594189, 0.000194412452402, -0.00033109949436, 0.000186102872249], [-0.000111457738967, 0.000229801502428, 0.000348145928001, 0.00416842661798, -0.00139486731496, -0.000328013382386, -0.000658854376525, 0.0012433124939, -0.000441786309239, 0.000815629668068, 0.000585341302212, -0.000896104320418, 0.000578759761993], [0.000119674739835, -0.000336755590979, -0.000389604800148, -0.00139486731496, 0.00917038135231, -0.00322130741552, 0.000218438668526, -0.00310017238371, -0.000704158504959, 0.000136789880344, -0.000511262449436, 0.000833240919746, -0.00152924400754], [-0.000453447632026, 0.000271559081739, -0.00140630523674, -0.000328013382386, -0.00322130741552, 0.0115024056286, -0.00668634148315, 0.00384595151991, -0.00205970625393, 0.000228267235798, -0.00126975576859, 0.00177174399141, -0.00160464865621], [0.000344474246958, -0.000392251677113, -2.55557752098e-05, -0.000658854376525, 0.000218438668526, -0.00668634148315, 0.016386160627, -0.00755336368456, 0.00263077369891, -0.00115770765115, -0.000723664707039, -9.41105245147e-05, 0.00100428704172], [9.81960256468e-05, 0.000165348115843, -0.000537548854481, 0.0012433124939, -0.00310017238371, 0.00384595151991, -0.00755336368456, 0.0157409589738, -0.00777208432555, 0.0037322959397, -0.00213004206307, 0.00128108274657, -0.00108813378029], [-0.00022240706312, -4.88377845613e-05, 0.000388179993024, -0.000441786309239, -0.000704158504959, -0.00205970625393, 0.00263077369891, -0.00777208432555, 0.0200937185436, -0.010033397004, 0.00612206337973, -0.00372926704586, 0.00100306468084], [0.000222117421799, -0.000295739824651, 0.00011127594189, 0.000815629668068, 0.000136789880344, 0.000228267235798, -0.00115770765115, 0.0037322959397, -0.010033397004, 0.0203189644963, -0.0112401917577, 0.00689421081915, -0.00426650373265], [5.23368507857e-05, -6.27033005003e-05, 0.000194412452402, 0.000585341302212, -0.000511262449436, -0.00126975576859, -0.000723664707039, -0.00213004206307, 0.00612206337973, -0.0112401917577, 0.0195315107703, -0.0106261400506, 0.00653995061293], [-8.52555967867e-05, -0.00062588986475, -0.00033109949436, -0.000896104320418, 0.000833240919746, 0.00177174399141, -9.41105245147e-05, 0.00128108274657, -0.00372926704586, 0.00689421081915, -0.0106261400506, 0.0219128001481, -0.00944407563657], [0.000345559732523, -6.73545364407e-05, 0.000186102872249, 0.000578759761993, -0.00152924400754, -0.00160464865621, 0.00100428704172, -0.00108813378029, 0.00100306468084, -0.00426650373265, 0.00653995061293, -0.00944407563657, 0.0150439338759]]}, "spectral_contrast_coeffs": {"dmean": [0.0442151501775, 0.0350572727621, 0.0338373854756, 0.0273731090128, 0.0213920250535, 0.0229387525469], "dmean2": [0.0701923593879, 0.0560805089772, 0.0531569644809, 0.0426279343665, 0.0333062075078, 0.0349054262042], "dvar": [0.00155860558152, 0.000965385523159, 0.000754028034862, 0.000524024071638, 0.000318188685924, 0.000414104142692], "dvar2": [0.00363203487359, 0.00245462078601, 0.00185736769345, 0.00120036664885, 0.000731149397325, 0.000957683194429], "max": [-0.219327673316, -0.415155231953, -0.549747824669, -0.623948216438, -0.671822309494, -0.668189048767], "mean": [-0.548968553543, -0.64909863472, -0.767236232758, -0.776659071445, -0.813849210739, -0.80255562067], "median": [-0.552202880383, -0.650313019753, -0.770504593849, -0.776336729527, -0.815863251686, -0.803173542023], "min": [-0.957777500153, -0.960496008396, -0.972894966602, -0.965188801289, -0.960123419762, -0.956934392452], "var": [0.0115275131539, 0.00480345357209, 0.00333647918887, 0.00239957636222, 0.00194055226166, 0.00160924112424]}, "spectral_contrast_valleys": {"dmean": [0.358123421669, 0.289383322001, 0.3760381639, 0.401046425104, 0.452680915594, 0.591919362545], "dmean2": [0.581999659538, 0.456025123596, 0.555478036404, 0.564177036285, 0.605986177921, 0.774240851402], "dvar": [0.112935699522, 0.0836248025298, 0.127980217338, 0.163167536259, 0.230709806085, 0.379620432854], "dvar2"