{"lowlevel": {"average_loudness": 0.944579541683, "barkbands_crest": {"dmean": 3.11083292961, "dmean2": 5.22617292404, "dvar": 8.24488830566, "dvar2": 21.8022537231, "max": 26.1580867767, "mean": 14.9460144043, "median": 14.7253656387, "min": 3.17031311989, "var": 24.4807376862}, "barkbands_flatness_db": {"dmean": 0.0394122190773, "dmean2": 0.0565755032003, "dvar": 0.00135002413299, "dvar2": 0.00259868637659, "max": 0.556568026543, "mean": 0.239435300231, "median": 0.23017629981, "min": 0.0263038612902, "var": 0.00956412870437}, "barkbands_kurtosis": {"dmean": 22.4605331421, "dmean2": 35.8630943298, "dvar": 1162.43505859, "dvar2": 3063.08374023, "max": 659.39453125, "mean": 41.7270240784, "median": 26.1631450653, "min": -1.90673518181, "var": 2368.79760742}, "barkbands_skewness": {"dmean": 1.36390757561, "dmean2": 2.1049144268, "dvar": 1.98239374161, "dvar2": 4.86033773422, "max": 22.1334495544, "mean": 4.67331933975, "median": 4.32270097733, "min": -2.68329310417, "var": 7.4381980896}, "barkbands_spread": {"dmean": 5.88597631454, "dmean2": 8.83576393127, "dvar": 101.177490234, "dvar2": 207.645187378, "max": 103.750831604, "mean": 11.2841510773, "median": 5.6355805397, "min": 0.195025116205, "var": 220.812438965}, "dissonance": {"dmean": 0.0194717943668, "dmean2": 0.030987361446, "dvar": 0.000362970808055, "dvar2": 0.000884954410139, "max": 0.500000059605, "mean": 0.445767849684, "median": 0.460629701614, "min": 0.182438924909, "var": 0.00247474107891}, "dynamic_complexity": 3.63323831558, "erbbands_crest": {"dmean": 2.56225585938, "dmean2": 3.99073076248, "dvar": 6.10710382462, "dvar2": 12.8719139099, "max": 27.4056529999, "mean": 10.0478305817, "median": 9.11126422882, "min": 2.60028457642, "var": 22.0322761536}, "erbbands_flatness_db": {"dmean": 0.0248638037592, "dmean2": 0.0334097035229, "dvar": 0.000632500159554, "dvar2": 0.001087631681, "max": 0.364783614874, "mean": 0.133804142475, "median": 0.116033874452, "min": 0.0368465669453, "var": 0.00420192535967}, "erbbands_kurtosis": {"dmean": 2.02889490128, "dmean2": 2.94163632393, "dvar": 11.5364103317, "dvar2": 23.398349762, "max": 114.042640686, "mean": 2.40005469322, "median": 0.1956346035, "min": -1.88502252102, "var": 49.9572601318}, "erbbands_skewness": {"dmean": 0.515062332153, "dmean2": 0.728294193745, "dvar": 0.260077297688, "dvar2": 0.481605052948, "max": 8.52869224548, "mean": 1.20509338379, "median": 1.06741452217, "min": -2.25738430023, "var": 1.34387373924}, "erbbands_spread": {"dmean": 17.0704517365, "dmean2": 24.3977928162, "dvar": 375.44934082, "dvar2": 709.688232422, "max": 201.555526733, "mean": 65.3166809082, "median": 60.5277519226, "min": 2.73547434807, "var": 1450.49023438}, "hfc": {"dmean": 11.4114303589, "dmean2": 16.6551322937, "dvar": 471.633483887, "dvar2": 1082.9354248, "max": 288.765686035, "mean": 19.3277511597, "median": 12.1251993179, "min": 1.29774513419e-16, "var": 592.356994629}, "melbands_crest": {"dmean": 3.22498226166, "dmean2": 5.44572067261, "dvar": 8.28249073029, "dvar2": 22.9607429504, "max": 34.8496322632, "mean": 18.6688404083, "median": 19.0403671265, "min": 1.52570307255, "var": 25.7174606323}, "melbands_flatness_db": {"dmean": 0.0434129983187, "dmean2": 0.0625977516174, "dvar": 0.00170217116829, "dvar2": 0.00318415323272, "max": 0.715387403965, "mean": 0.354088485241, "median": 0.34743398428, "min": 0.0041011958383, "var": 0.0154651347548}, "melbands_kurtosis": {"dmean": 45.5353164673, "dmean2": 70.6551361084, "dvar": 3375.31616211, "dvar2": 8128.34277344, "max": 751.400085449, "mean": 102.489448547, "median": 74.3412017822, "min": -1.58273327351, "var": 9085.02636719}, "melbands_skewness": {"dmean": 1.64338457584, "dmean2": 2.49324822426, "dvar": 2.79735851288, "dvar2": 6.1416759491, "max": 20.872089386, "mean": 6.68617391586, "median": 6.26548147202, "min": -0.433432459831, "var": 11.4600477219}, "melbands_spread": {"dmean": 2.86033987999, "dmean2": 4.47864818573, "dvar": 38.3512916565, "dvar2": 88.8608703613, "max": 192.076156616, "mean": 8.36816692352, "median": 2.84422755241, "min": 0.296862185001, "var": 520.692626953}, "pitch_salience": {"dmean": 0.0929272696376, "dmean2": 0.154916405678, "dvar": 0.00712040392682, "dvar2": 0.0189194846898, "max": 0.851837515831, "mean": 0.457425355911, "median": 0.459700912237, "min": 0.0779825672507, "var": 0.0223365239799}, "silence_rate_20dB": {"dmean": 0, "dmean2": 0, "dvar": 0, "dvar2": 0, "max": 1, "mean": 1, "median": 1, "min": 1, "var": 0}, "silence_rate_30dB": {"dmean": 0.145987659693, "dmean2": 0.292020380497, "dvar": 0.124668508768, "dvar2": 0.262626171112, "max": 1, "mean": 0.732911586761, "median": 1, "min": 0, "var": 0.195748254657}, "silence_rate_60dB": {"dmean": 0.00339506170712, "dmean2": 0.00679117161781, "dvar": 0.00338345603086, "dvar2": 0.0082881776616, "max": 1, "mean": 0.0658848956227, "median": 0, "min": 0, "var": 0.0615414232016}, "spectral_centroid": {"dmean": 170.854202271, "dmean2": 257.618743896, "dvar": 59393.6015625, "dvar2": 115768.203125, "max": 11635.6142578, "mean": 635.696960449, "median": 426.215087891, "min": 93.4215316772, "var": 460566.625}, "spectral_complexity": {"dmean": 3.03425931931, "dmean2": 4.65720033646, "dvar": 21.450761795, "dvar2": 42.6955070496, "max": 49, "mean": 8.98796463013, "median": 7, "min": 0, "var": 46.2192192078}, "spectral_decrease": {"dmean": 8.31235080767e-09, "dmean2": 1.36485871494e-08, "dvar": 1.03370471515e-16, "dvar2": 2.79057492632e-16, "max": 3.90456215213e-18, "mean": -1.83808825938e-08, "median": -1.48718353188e-08, "min": -8.6267149868e-08, "var": 2.26720067975e-16}, "spectral_energy": {"dmean": 0.0319808162749, "dmean2": 0.0523864291608, "dvar": 0.00151857035235, "dvar2": 0.00407998403534, "max": 0.328883856535, "mean": 0.07112672925, "median": 0.0578074045479, "min": 1.10647313806e-20, "var": 0.00333035551012}, "spectral_energyband_high": {"dmean": 0.00082266778918, "dmean2": 0.00116685638204, "dvar": 3.04443869936e-06, "dvar2": 6.69152996124e-06, "max": 0.0205616317689, "mean": 0.0010655967053, "median": 0.000303230452118, "min": 7.97200323668e-21, "var": 3.94852622776e-06}, "spectral_energyband_low": {"dmean": 0.0280448719859, "dmean2": 0.0473788864911, "dvar": 0.00136737572029, "dvar2": 0.00382703659125, "max": 0.319670945406, "mean": 0.0549859218299, "median": 0.0399795398116, "min": 3.8535997215e-23, "var": 0.00278976513073}, "spectral_energyband_middle_high": {"dmean": 0.000537770043593, "dmean2": 0.000852180121001, "dvar": 1.29234967972e-06, "dvar2": 3.19730702358e-06, "max": 0.0189061444253, "mean": 0.000870311399922, "median": 0.000402381352615, "min": 1.45192361339e-21, "var": 1.60225795298e-06}, "spectral_energyband_middle_low": {"dmean": 0.0097837606445, "dmean2": 0.015045100823, "dvar": 0.000266129471129, "dvar2": 0.000650816538837, "max": 0.197971180081, "mean": 0.0176606047899, "median": 0.0109380800277, "min": 2.84437923143e-22, "var": 0.000418324169004}, "spectral_entropy": {"dmean": 0.354814350605, "dmean2": 0.470221698284, "dvar": 0.12893460691, "dvar2": 0.210669785738, "max": 9.79697227478, "mean": 7.02276849747, "median": 7.16689252853, "min": 4.33835029602, "var": 0.844788849354}, "spectral_flux": {"dmean": 0.0475563518703, "dmean2": 0.0762573108077, "dvar": 0.00309607340023, "dvar2": 0.00713007198647, "max": 0.475190877914, "mean": 0.113945312798, "median": 0.0939061716199, "min": 1.05189024158e-10, "var": 0.00640684273094}, "spectral_kurtosis": {"dmean": 3.07717323303, "dmean2": 4.46175909042, "dvar": 32.7965354919, "dvar2": 79.0153198242, "max": 193.112960815, "mean": 10.0510225296, "median": 3.08598947525, "min": -1.18037772179, "var": 587.460571289}, "spectral_rms": {"dmean": 0.00174304703251, "dmean2": 0.00278296461329, "dvar": 3.44937984664e-06, "dvar2": 8.70276562637e-06, "max": 0.0179126299918, "mean": 0.00749705918133, "median": 0.00750982481986, "min": 3.28555325307e-12, "var": 1.31861424961e-05}, "spectral_rolloff": {"dmean": 325.949462891, "dmean2": 582.399780273, "dvar": 1752863.25, "dvar2": 4222822.5, "max": 19336.8164062, "mean": 905.405944824, "median": 193.798828125, "min": 64.599609375, "var": 9143689}, "spectral_skewness": {"dmean": 0.364420294762, "dmean2": 0.502528488636, "dvar": 0.195768117905, "dvar2": 0.405635356903, "max": 11.8184394836, "mean": 2.12923526764, "median": 1.63521277905, "min": -0.0318976417184, "var": 2.69423723221}, "spectral_spread": {"dmean": 1340732.25, "dmean2": 1734386.5, "dvar": 2311661551620.0, "dvar2": 3974714884100.0, "max": 39482564, "mean": 6767268, "median": 6862227.5, "min": 498156.40625, "var": 8682852581380.0}, "spectral_strongpeak": {"dmean": 0.271002411842, "dmean2": 0.436014384031, "dvar": 0.100758500397, "dvar2": 0.244732618332, "max": 5.02033758163, "mean": 0.646608889103, "median": 0.566060960293, "min": 0, "var": 0.206822946668}, "zerocrossingrate": {"dmean": 0.0133552458137, "dmean2": 0.016093460843, "dvar": 0.000303720356897, "dvar2": 0.000379364355467, "max": 0.52197265625, "mean": 0.0476570352912, "median": 0.0263671875, "min": 0.001953125, "var": 0.00622761342674}, "barkbands": {"dmean": [0.000268065254204, 0.0226296875626, 0.00786942522973, 0.0048183533363, 0.00504166586325, 0.00118644314352, 0.000351144379238, 0.000142879231134, 8.96134370123e-05, 0.00010002811905, 9.46079235291e-05, 8.64022003952e-05, 6.01619358349e-05, 7.01172102708e-05, 7.17109069228e-05, 6.29609930911e-05, 4.17149858549e-05, 2.32513211813e-05, 4.48677128588e-05, 4.78602269141e-05, 8.60331419972e-05, 7.23530465621e-05, 0.000167210571817, 8.07615870144e-05, 0.000221224720008, 0.000169065373484, 6.52941453154e-05], "dmean2": [0.000418546522269, 0.0387094058096, 0.0133622484282, 0.00829843245447, 0.00720414379612, 0.00184855982661, 0.000593764882069, 0.000240824956563, 0.000144841877045, 0.000166379642906, 0.000154409368406, 0.000145450190757, 0.000100347264379, 0.000114934984595, 0.000117429626698, 0.00010191702313, 6.88691725372e-05, 3.96189134335e-05, 7.72198472987e-05, 8.1335172581e-05, 0.000126374216052, 0.000110645873065, 0.000227716838708, 0.000121279001178, 0.000317134807119, 0.000267896364676, 0.000101604025986], "dvar": [3.23354555576e-07, 0.000998953473754, 0.000177410576725, 8.40687935124e-05, 7.58586684242e-05, 7.71918530518e-06, 1.33507251121e-06, 4.01983612619e-07, 7.1065279883e-08, 8.80716584106e-08, 5.41987148495e-08, 5.17210914097e-08, 2.5171209117e-08, 3.82425540124e-08, 2.69305857614e-08, 1.86342958841e-08, 8.90915430318e-09, 4.88299356505e-09, 1.2749842071e-08, 1.87367099613e-08, 2.61867612039e-08, 2.13614779199e-08, 1.3096681073e-07, 2.221508133e-08, 2.69380649343e-07, 5.26928715772e-07, 5.21079712712e-08], "dvar2": [7.32262890324e-07, 0.00281732901931, 0.000478596659377, 0.000242040303419, 0.000148575563799, 1.85132903425e-05, 3.46614001501e-06, 1.08783797259e-06, 1.83674700338e-07, 2.25304759738e-07, 1.39853398196e-07, 1.37721087867e-07, 6.53759144598e-08, 9.45555882481e-08, 6.58333192405e-08, 4.63109692816e-08, 2.39865833862e-08, 1.34636950477e-08, 3.53617934934e-08, 5.29733945598e-08, 5.57243353683e-08, 5.03609776104e-08, 2.33457683407e-07, 5.0556348441e-08, 5.6973374285e-07, 1.40095016832e-06, 1.31578630658e-07], "max": [0.0105594424531, 0.295089930296, 0.164964333177, 0.122708253562, 0.121982879937, 0.046641163528, 0.0170859042555, 0.0150854829699, 0.0103584909812, 0.00635058712214, 0.00526784267277, 0.00466906744987, 0.00315085658804, 0.00564425392076, 0.00358073576353, 0.00216130283661, 0.00181517284364, 0.00215639662929, 0.0018038925482, 0.00194157625083, 0.00327258231118, 0.00267823622562, 0.00421947007999, 0.0018375928048, 0.00628733634949, 0.0121303983033, 0.00373399141245], "mean": [0.000467326201033, 0.0375182814896, 0.0135791534558, 0.00648417975754, 0.00839181803167, 0.00204706424847, 0.000369247776689, 0.000181344978046, 0.000120184326079, 0.00012696030899, 0.000143833225593, 9.09704176593e-05, 6.51226728223e-05, 8.19910783321e-05, 8.73193639563e-05, 0.000109850800072, 6.80356824887e-05, 2.81060165435e-05, 6.49491121294e-05, 6.79338627378e-05, 0.000152131877257, 0.000108450112748, 0.000210743644857, 0.000106596235128, 0.00023870934092, 0.000157877773745, 5.86741189181e-05], "median": [0.000157106405823, 0.0218688063323, 0.00684967916459, 0.00323535175994, 0.00377847533673, 0.000954777060542, 9.37716395129e-05, 6.46066691843e-05, 4.50295774499e-05, 4.52745080111e-05, 5.90204836044e-05, 2.27742129937e-05, 1.57175072673e-05, 1.61567641044e-05, 2.17306260311e-05, 2.35048901231e-05, 2.24501673074e-05, 8.68047300173e-06, 2.13162293221e-05, 1.92452753254e-05, 6.01480824116e-05, 3.40852056979e-05, 3.15935831168e-05, 2.64295940724e-05, 3.85907660529e-05, 2.47306252277e-05, 8.47063802212e-06], "min": [2.36630444498e-24, 9.73569451849e-24, 2.60725692033e-23, 1.05754464184e-23, 2.46689253288e-23, 1.94506688164e-23, 1.60642293676e-23, 8.76684789799e-23, 9.83442345845e-23, 6.99139210631e-23, 5.8567027844e-23, 1.75661400673e-22, 8.78649495215e-23, 1.62457964334e-22, 1.34755870402e-22, 1.560767107e-22, 1.17648885247e-22, 1.88655971888e-22, 2.0378184332e-22, 2.29328958585e-22, 3.5980400271e-22, 5.71840802087e-22, 4.28206775512e-22, 9.81719397897e-22, 1.29900485804e-21, 1.83640376582e-21, 2.83714751001e-21], "var": [5.78412198138e-07, 0.00187421636656, 0.000306560425088, 8.64035609993e-05, 0.000164805998793, 1.08368712972e-05, 1.06482627871e-06, 3.12251245305e-07, 7.02268252439e-08, 9.5193641414e-08, 6.3018624985e-08, 4.39329745916e-08, 2.29964509657e-08, 4.34308944364e-08, 3.17394537319e-08, 4.82494897369e-08, 1.60542121819e-08, 4.18200629682e-09, 1.4920894742e-08, 2.09456469946e-08, 6.26046414709e-08, 3.37397310091e-08, 2.20049031441e-07, 3.42683854626e-08, 3.27237017927e-07, 4.04237908924e-07, 4.49502408628e-08]}, "erbbands": {"dmean": [0.529984176159, 5.6874871254, 10.5513849258, 11.318939209, 23.2817668915, 9.63094997406, 11.7805957794, 7.85135746002, 6.3753657341, 3.47993397713, 2.97480678558, 2.17091631889, 3.32082009315, 2.52635216713, 3.83233141899, 3.687759161, 2.97072124481, 3.33094477654, 3.59878182411, 3.85777401924, 2.97455477715, 2.01401042938, 1.44852745533, 2.1980919838, 2.24170827866, 2.19792413712, 3.19594693184, 3.44861888885, 2.64465546608, 3.14182949066, 5.63378047943, 1.92825269699, 1.31705331802, 1.34879481792, 1.79310560226, 1.18805265427, 0.266081124544, 0.0538896359503, 0.00961963180453, 0.0008730617119], "dmean2": [0.91319912672, 9.71118354797, 18.1688117981, 19.2033691406, 34.340587616, 14.800907135, 18.7981262207, 12.7011680603, 10.4469394684, 5.96041536331, 4.95627212524, 3.45457839966, 5.46430540085, 4.25252151489, 6.20579481125, 6.14911699295, 4.88861179352, 5.36659240723, 6.04574584961, 6.06666374207, 4.84389686584, 3.37166166306, 2.44088888168, 3.75539493561, 3.91213560104, 3.66448521614, 4.77532958984, 5.17448377609, 4.00358963013, 4.38383674622, 7.64729881287, 2.87328386307, 1.9795576334, 2.08193469048, 2.56537532806, 1.8458429575, 0.416844815016, 0.083333902061, 0.0149644315243, 0.00136985175777], "dvar": [0.674222052097, 64.283454895, 271.108825684, 394.259460449, 1710.01269531, 249.494796753, 927.41229248, 388.232574463, 378.714263916, 165.153610229, 130.018676758, 48.523525238, 119.616027832, 35.4362564087, 111.992347717, 91.9728012085, 63.2836647034, 83.9123535156, 79.8143234253, 66.1086883545, 43.6640052795, 23.681219101, 16.3522491455, 32.3977165222, 36.3783340454, 33.2451210022, 40.0360641479, 42.1261138916, 28.9031124115, 39.5181121826, 159.128204346, 11.6972103119, 7.16968679428, 12.5889253616, 16.5361289978, 17.3706626892, 1.22375929356, 0.0238624699414, 0.00125561305322, 1.12067536975e-05], "dvar2": [1.80959606171, 186.752029419, 780.895812988, 1107.54882812, 3636.09570312, 591.454650879, 2212.01269531, 948.770019531, 917.71661377, 440.852325439, 350.201141357, 123.802894592, 302.537841797, 96.4565124512, 292.352996826, 241.550186157, 162.234771729, 199.421554565, 208.105575562, 147.986450195, 114.294487, 65.1005401611, 43.9599533081, 89.337387085, 103.810096741, 90.9929580688, 90.7700042725, 91.0865020752, 67.1791229248, 77.5431137085, 292.45413208, 25.6139431, 16.6503925323, 32.2967948914, 34.5929718018, 45.7648162842, 3.1738755703, 0.0591215677559, 0.00316364993341, 2.88021947199e-05], "max": [7.98375749588, 68.4060287476, 184.593887329, 248.545471191, 542.77154541, 198.186843872, 546.817565918, 329.312133789, 356.134490967, 206.417358398, 352.579193115, 289.305511475, 250.041427612, 101.785705566, 201.714797974, 212.474716187, 170.069763184, 331.218261719, 120.308891296, 220.565933228, 104.656280518, 79.5831222534, 97.0967483521, 129.54598999, 79.8831558228, 78.1048736572, 137.95300293, 138.072875977, 98.087600708, 73.8493881226, 166.349380493, 46.3312072754, 35.9559783936, 47.63123703, 48.2597160339, 65.4207458496, 18.2722454071, 2.34329652786, 0.589905977249, 0.054194547236], "mean": [0.805088996887, 9.28226470947, 18.1892547607, 18.8945045471, 34.7709350586, 16.7995891571, 20.048740387, 12.4313230515, 8.36143398285, 3.06087183952, 4.37179422379, 3.14972066879, 4.15339994431, 3.61203789711, 5.51676654816, 4.16635847092, 3.30363035202, 4.15141963959, 3.97522473335, 6.00429296494, 5.17731809616, 3.00239562988, 1.87918496132, 3.12400698662, 3.05242013931, 3.30146193504, 5.4069185257, 5.71860408783, 4.03241062164, 4.30253171921, 6.98365211487, 2.60418820381, 1.64560747147, 1.45527553558, 1.93228423595, 1.1308144331, 0.250229477882, 0.0497148446739, 0.00861751195043, 0.000835868588183], "median": [0.442121595144, 5.08245706558, 11.206237793, 11.2671890259, 14.2106246948, 9.11144351959, 8.62939548492, 5.14488935471, 2.54562950134, 0.567958831787, 1.82598948479, 1.33531713486, 1.30371832848, 1.72145450115, 2.15913701057, 1.23142266273, 0.833984017372, 0.957212030888, 0.85537558794, 1.62644910812, 1.38073790073, 1.09200322628, 0.621815264225, 0.997037827969, 0.84354943037, 1.04369723797, 2.15391016006, 2.14266395569, 1.34945750237, 0.91436123848, 0.95270627737, 0.611371874809, 0.429281115532, 0.339475899935, 0.295000255108, 0.162603572011, 0.0358472689986, 0.00817998033017, 0.0013073758455, 0.000178546732059], "min": [5.73550951555e-22, 1.2633484461e-21, 1.67721144329e-20, 3.99248286925e-20, 6.67957973536e-20, 1.01965623531e-19, 3.98080702103e-20, 2.42045868533e-19, 1.43681970334e-19, 6.22729430777e-19, 2.15083027247e-18, 1.54228197442e-18, 3.5238820537e-18, 1.90341352022e-18, 2.77230471516e-18, 6.51464661621e-18, 5.22237129654e-18, 7.2518990477e-18, 8.67926619629e-18, 5.85021213481e-18, 7.94955062095e-18, 7.85855330894e-18, 1.15450168849e-17, 8.41813520307e-18, 1.01697852759e-17, 9.49925612778e-18, 1.26657547978e-17, 1.72720837468e-17, 2.400561352e-17, 1.321127214e-17, 1.38493865615e-17, 1.87314636122e-17, 1.58086027198e-17, 1.34622569358e-17, 9.82250921217e-18, 5.68196277104e-18, 3.62914947205e-18, 1.46903668214e-18, 4.03950059074e-19, 3.90823064645e-20], "var": [1.00858151913, 118.637084961, 436.667480469, 525.335144043, 3149.08862305, 483.534820557, 1418.2409668, 488.234313965, 379.063995361, 124.575309753, 110.882919312, 49.0379600525, 131.666366577, 34.8019981384, 114.698738098, 83.0020446777, 59.104724884, 104.855857849, 76.9500198364, 118.203979492, 81.9387435913, 28.7309474945, 15.7103023529, 39.7634887695, 37.1314964294, 42.2531356812, 87.2791137695, 87.519493103, 46.4081077576, 66.2015686035, 261.565948486, 20.2911243439, 9.23408222198, 11.1430664062, 20.7504768372, 13.7938947678, 0.996834397316, 0.0215882454067, 0.00107991881669, 9.31173599383e-06]}, "gfcc": {"mean": [-54.1142616272, 86.2903671265, -37.834941864, 45.0397834778, -34.4808731079, 19.2798023224, -27.806968689, -1.19643449783, -24.7174682617, 1.17349660397, -21.2697505951, 3.38159370422, -2.89020705223], "cov": [[33428.9179688, -699.461181641, -124.714050293, 1779.41748047, -827.514343262, 314.699859619, -994.189880371, -106.27457428, -800.236450195, 122.637962341, -499.439941406, 178.48399353, -224.493438721], [-699.461181641, 3324.18017578, 37.2432403564, -231.570800781, 508.317749023, -159.149291992, 300.790710449, -173.827453613, 190.95866394, -183.509765625, 76.6080856323, -97.6199645996, 221.562255859], [-124.714050293, 37.2432403564, 797.958496094, 24.0865974426, 96.5763702393, 135.744140625, 48.6868019104, 25.6785392761, -5.72312402725, -10.1088724136, -15.7632598877, 3.92857074738, -1.4528234005], [1779.41748047, -231.570800781, 24.0865974426, 567.776123047, -53.9850158691, 9.16465187073, -33.3704147339, 54.991607666, -51.8399887085, -15.4239645004, 0.0713849887252, 8.18322944641, -14.1916103363], [-827.514343262, 508.317749023, 96.5763702393, -53.9850158691, 303.216247559, 25.9114437103, 93.6953353882, 15.1504878998, 74.7926025391, -19.2543754578, 6.06974458694, -24.4688625336, 66.130569458], [314.699859619, -159.149291992, 135.744140625, 9.16465187073, 25.9114437103, 185.359832764, 25.0081253052, 25.0652103424, 16.750005722, 17.9731636047, -19.8477020264, -6.05545711517, -13.6427545547], [-994.189880371, 300.790710449, 48.6868019104, -33.3704147339, 93.6953353882, 25.0081253052, 183.810546875, 38.239982605, 43.2810897827, -2.73350358009, 43.4388999939, -21.3664722443, 15.1870670319], [-106.27457428, -173.827453613, 25.6785392761, 54.991607666, 15.1504878998, 25.0652103424, 38.239982605, 116.395477295, 34.2934875488, 30.5641498566, 16.7593650818, 3.30710053444, -10.8543605804], [-800.236450195, 190.95866394, -5.72312402725, -51.8399887085, 74.7926025391, 16.750005722, 43.2810897827, 34.2934875488, 141.742507935, 21.4816265106, 20.4937019348, -12.6724853516, 23.1040115356], [122.637962341, -183.509765625, -10.1088724136, -15.4239645004, -19.2543754578, 17.9731636047, -2.73350358009, 30.5641498566, 21.4816265106, 87.678855896, 21.0544586182, 14.4315767288, -6.20637369156], [-499.439941406, 76.6080856323, -15.7632598877, 0.0713849887252, 6.06974458694, -19.8477020264, 43.4388999939, 16.7593650818, 20.4937019348, 21.0544586182, 90.260848999, 12.3769397736, -0.312938421965], [178.48399353, -97.6199645996, 3.92857074738, 8.18322944641, -24.4688625336, -6.05545711517, -21.3664722443, 3.30710053444, -12.6724853516, 14.4315767288, 12.3769397736, 87.2694244385, 24.0209522247], [-224.493438721, 221.562255859, -1.4528234005, -14.1916103363, 66.130569458, -13.6427545547, 15.1870670319, -10.8543605804, 23.1040115356, -6.20637369156, -0.312938421965, 24.0209522247, 83.4805679321]], "icov": [[7.24649435142e-05, -0.000148000515765, 4.31039770774e-05, -0.000201836955966, 0.000112616980914, -0.000258194602793, 0.000378150871256, -0.000180480550625, 0.000394108938053, -0.000425814505434, 0.000355816533556, -0.000172778614797, 0.000240761917667], [-0.000148000515765, 0.00104426988401, -0.000145106561831, 0.000416159746237, -0.000815246836282, 0.00108944694512, -0.0015751211904, 0.00161165324971, -0.00148312735837, 0.00183205807116, -0.0011973194778, 0.000902681960724, -0.00149892817717], [4.31039770774e-05, -0.000145106561831, 0.00154948653653, -0.000156728594447, -0.000415381800849, -0.00124256883282, 0.000142524237162, -0.000339291407727, 0.000675040588249, -4.06775543524e-05, 0.00031426383066, -0.000544905662537, 0.000525422219653], [-0.000201836955966, 0.000416159746237, -0.000156728594447, 0.00263810367323, -5.46901865164e-05, 0.000499305315316, -0.000439613882918, -0.00112549297046, -0.000205641466891, 0.00207092030905, -0.00150892324746, 0.000751655781642, -0.00115404382814], [0.000112616980914, -0.000815246836282, -0.000415381800849, -5.46901865164e-05, 0.00622984580696, -0.00118273939006, -0.000376141193556, -0.00170078047086, -0.000421177857788, -0.000294598023174, 0.00104882579762, 0.00120494887233, -0.00307916803285], [-0.000258194602793, 0.00108944694512, -0.00124256883282, 0.000499305315316, -0.00118273939006, 0.0084172161296, -0.00314597901888, 0.00135653617326, -0.00272290175781, 0.000361383368727, 0.00108358310536, 0.000530874240212, 0.000170446815901], [0.000378150871256, -0.0015751211904, 0.000142524237162, -0.000439613882918, -0.000376141193556, -0.00314597901888, 0.0114345485345, -0.00490988651291, 0.00281569291838, -0.00147923640907, -0.00220889714547, 0.000838673382532, 0.00105150474701], [-0.000180480550625, 0.00161165324971, -0.000339291407727, -0.00112549297046, -0.00170078047086, 0.00135653617326, -0.00490988651291, 0.0149290673435, -0.00486894743517, -0.001047155587, -0.00100235117134, -0.000483034062199, 0.000848238822073], [0.000394108938053, -0.00148312735837, 0.000675040588249, -0.000205641466891, -0.000421177857788, -0.00272290175781, 0.00281569291838, -0.00486894743517, 0.0128736123443, -0.00482841627672, 0.000629974354524, 0.000787509605289, -0.000429836276453], [-0.000425814505434, 0.00183205807116, -4.06775543524e-05, 0.00207092030905, -0.000294598023174, 0.000361383368727, -0.00147923640907, -0.001047155587, -0.00482841627672, 0.0188573952764, -0.00624128477648, 0.000115087757877, -0.00254899379797], [0.000355816533556, -0.0011973194778, 0.00031426383066, -0.00150892324746, 0.00104882579762, 0.00108358310536, -0.00220889714547, -0.00100235117134, 0.000629974354524, -0.00624128477648, 0.0174955818802, -0.00460151024163, 0.00425259675831], [-0.000172778614797, 0.000902681960724, -0.000544905662537, 0.000751655781642, 0.00120494887233, 0.000530874240212, 0.000838673382532, -0.000483034062199, 0.000787509605289, 0.000115087757877, -0.00460151024163, 0.0165480971336, -0.00881349015981], [0.000240761917667, -0.00149892817717, 0.000525422219653, -0.00115404382814, -0.00307916803285, 0.000170446815901, 0.00105150474701, 0.000848238822073, -0.000429836276453, -0.00254899379797, 0.00425259675831, -0.00881349015981, 0.0212849713862]]}, "melbands": {"dmean": [0.00549012469128, 0.00625609466806, 0.00227384013124, 0.00122876488604, 0.00037673060433, 0.00018697984342, 9.24961641431e-05, 3.57753488061e-05, 2.26505162573e-05, 1.32219229272e-05, 1.65022593137e-05, 9.94058154902e-06, 1.35591026265e-05, 9.96405924525e-06, 7.98183100414e-06, 5.78611980018e-06, 6.54053110338e-06, 5.88497687204e-06, 5.22328264196e-06, 5.3052617659e-06, 3.3183589494e-06, 2.22290304919e-06, 1.97508256861e-06, 9.68306494542e-07, 1.990593546e-06, 1.40297322559e-06, 1.93860410036e-06, 1.34642368721e-06, 2.11466044675e-06, 1.94637527784e-06, 2.13799626181e-06, 1.47628190916e-06, 1.50615517214e-06, 1.96252858586e-06, 4.03478452426e-06, 1.59456237725e-06, 1.09424649963e-06, 8.83484574388e-07, 1.00749502963e-06, 1.19799688036e-06], "dmean2": [0.0094044143334, 0.0107274148613, 0.00370795140043, 0.00177770294249, 0.000609758135397, 0.000298549741274, 0.000151478452608, 6.13353768131e-05, 3.74743467546e-05, 2.12707673199e-05, 2.72287525149e-05, 1.69057057064e-05, 2.20015845116e-05, 1.67193884408e-05, 1.31531569423e-05, 9.43384475249e-06, 1.06249590317e-05, 1.00613551695e-05, 8.45249360282e-06, 8.43970883579e-06, 5.45847933608e-06, 3.71937903765e-06, 3.34614014719e-06, 1.63877155046e-06, 3.40990732184e-06, 2.41891848418e-06, 3.41176132679e-06, 2.24721770792e-06, 3.25614610119e-06, 2.93596121992e-06, 3.26320173372e-06, 2.28347971643e-06, 2.35339871324e-06, 2.81641973743e-06, 5.55141059522e-06, 2.38174789047e-06, 1.68665417277e-06, 1.36083565394e-06, 1.53348639742e-06, 1.89744332602e-06], "dvar": [6.11329305684e-05, 8.23579393909e-05, 1.3945495084e-05, 4.64791082777e-06, 8.46766113227e-07, 2.12662868648e-07, 8.04084123729e-08, 1.88738873419e-08, 6.65140831302e-09, 1.80507253589e-09, 2.97600499799e-09, 5.64923774427e-10, 1.19470577875e-09, 7.17415293838e-10, 3.95545596277e-10, 2.36768021855e-10, 3.29334698401e-10, 2.2909346642e-10, 1.401911226e-10, 1.23332191682e-10, 5.98567723165e-11, 2.65120113363e-11, 3.18813760114e-11, 7.2650375299e-12, 2.80182335666e-11, 1.16375346859e-11, 3.62431543111e-11, 1.18124425172e-11, 2.21589309402e-11, 1.586478518e-11, 1.59856450993e-11, 9.19244368125e-12, 1.15482415297e-11, 1.74270910203e-11, 9.1888989473e-11, 1.01235209451e-11, 4.06740092995e-12, 3.21674349484e-12, 4.89742664825e-12, 1.18595359228e-11], "dvar2": [0.000165031873621, 0.000246248295298, 3.78613403882e-05, 9.37298773351e-06, 2.06309414352e-06, 5.14884391123e-07, 1.96763977556e-07, 5.04788033595e-08, 1.7737319169e-08, 4.64806504397e-09, 7.55219620174e-09, 1.55704871219e-09, 3.09481751337e-09, 1.90101090425e-09, 1.02644559519e-09, 5.93714577501e-10, 7.97142851727e-10, 6.11967643227e-10, 3.35697247777e-10, 2.92007223957e-10, 1.63253230379e-10, 7.28325316723e-11, 8.63387486505e-11, 1.99310932342e-11, 7.75872283088e-11, 3.28443626463e-11, 1.04438208082e-10, 3.18077474082e-11, 5.15506456966e-11, 3.60972293723e-11, 3.48059532584e-11, 2.1742283321e-11, 2.86924616011e-11, 3.4526517062e-11, 1.69712396914e-10, 2.29765633603e-11, 9.2954957967e-12, 7.59496111835e-12, 1.1810768509e-11, 3.12671034897e-11], "max": [0.0812427848577, 0.0933725982904, 0.0472047477961, 0.0290759019554, 0.0166423916817, 0.0083178319037, 0.00473712198436, 0.00210326514207, 0.00258573726751, 0.00172676844522, 0.00124943314586, 0.000402424542699, 0.000820462941192, 0.000471031380584, 0.000328808760969, 0.000460693932837, 0.000564518850297, 0.000186136210687, 0.000226576099521, 0.000227503216593, 0.000114108639536, 0.000102596961369, 9.78033858701e-05, 9.7657837614e-05, 0.000130866581458, 5.03551127622e-05, 8.79099970916e-05, 4.49228355137e-05, 0.000132937610033, 0.000104308768641, 8.51848162711e-05, 6.08290210948e-05, 5.09294914082e-05, 4.71824641863e-05, 0.000113244517706, 4.26532969868e-05, 3.74029514205e-05, 2.42051864916e-05, 2.94446726912e-05, 4.62465941382e-05], "mean": [0.00913039688021, 0.0109209157526, 0.00384637876414, 0.00197495357133, 0.000641028920654, 0.000307483511278, 0.000115669557999, 3.13626806019e-05, 3.49289948645e-05, 1.79803409992e-05, 2.02795399673e-05, 1.36829667099e-05, 2.0739127649e-05, 1.0947024748e-05, 8.67948710948e-06, 6.53026654618e-06, 7.93668186816e-06, 6.14350074102e-06, 6.29646410744e-06, 1.00447769e-05, 5.28838381797e-06, 3.34691731041e-06, 2.45891237682e-06, 1.27141697703e-06, 2.74562830782e-06, 1.90667140032e-06, 2.51777032645e-06, 1.92323773263e-06, 3.39612211064e-06, 3.14791736855e-06, 3.40447354574e-06, 2.19223966269e-06, 2.04642788049e-06, 2.51083815783e-06, 4.98719327879e-06, 1.90655623555e-06, 1.46951492752e-06, 1.09244672331e-06, 1.14782744731e-06, 1.23944028019e-06], "median": [0.00531867984682, 0.00749233644456, 0.00242964620702, 0.00084344035713, 0.000300674350001, 0.000135446214699, 3.27709203702e-05, 5.61889100936e-06, 1.61834468599e-05, 7.05919183019e-06, 6.16479474047e-06, 6.25711345492e-06, 8.5759374997e-06, 2.84963016384e-06, 2.27804821407e-06, 1.73957175775e-06, 1.67344171587e-06, 1.12721261303e-06, 1.4732568161e-06, 2.32336719819e-06, 1.43853026202e-06, 1.09458892439e-06, 6.99567976881e-07, 4.15424437961e-07, 8.2934349166e-07, 5.9819052467e-07, 5.12215819981e-07, 6.17723458163e-07, 1.27921668991e-06, 1.11365068278e-06, 1.08222081963e-06, 7.46835667087e-07, 5.35891786058e-07, 4.61600336621e-07, 5.17028354352e-07, 4.2991368332e-07, 3.25880222363e-07, 2.86368617708e-07, 2.8857664347e-07, 2.68959496452e-07], "min": [3.36916655049e-24, 7.00144582301e-24, 8.43414107805e-24, 5.83556541421e-24, 2.156353651e-24, 4.7959875528e-24, 2.67055803815e-24, 9.79821568953e-24, 1.47148149471e-23, 1.2471984786e-23, 1.81035925797e-23, 7.57455958154e-24, 9.28725628172e-24, 9.25720383668e-24, 2.72633484288e-23, 4.9090841742e-24, 1.52509311292e-23, 1.51621164353e-23, 7.5961751592e-24, 8.97244950458e-24, 8.87975519277e-24, 5.76723467703e-24, 1.53722248043e-23, 5.93689223091e-24, 6.84211011965e-24, 8.51284651943e-24, 6.87602877199e-24, 5.89980669646e-24, 7.85388812833e-24, 8.73645150959e-24, 9.68939469424e-24, 1.41689515997e-23, 1.03821739189e-23, 6.44218209539e-24, 6.78354508604e-24, 1.17742838581e-23, 1.05708741806e-23, 1.07034398892e-23, 1.21826124622e-23, 1.0406758769e-23], "var": [0.000113842121209, 0.000132918372401, 1.88045014511e-05, 9.68838321569e-06, 1.24718280858e-06, 2.73081468549e-07, 7.7951611388e-08, 1.4334721854e-08, 5.96965898936e-09, 1.75178838102e-09, 3.2448848053e-09, 5.34894517568e-10, 1.34871214197e-09, 6.19387985346e-10, 3.64288654797e-10, 2.46177939145e-10, 3.99064337131e-10, 2.06893904786e-10, 1.70896047313e-10, 4.02818806089e-10, 8.94313373356e-11, 3.91387651455e-11, 3.14602233153e-11, 7.10440517179e-12, 3.41501479872e-11, 1.25673117746e-11, 3.85392863456e-11, 1.41681857219e-11, 4.56260688952e-11, 3.17892726032e-11, 3.26673202378e-11, 1.37402840841e-11, 1.58403463957e-11, 2.65784824705e-11, 1.50791532039e-10, 1.32196554051e-11, 7.29309754949e-12, 4.13058693152e-12, 5.15790491915e-12, 9.67481390141e-12]}, "mfcc": {"mean": [-709.338684082, 122.900344849, 54.0429344177, 42.4628448486, 21.2008934021, 25.9869403839, 8.4385509491, 5.69158506393, 8.01836585999, -2.75850152969, -8.58063793182, -2.55651831627, -0.0727168023586], "cov": [[13758.2324219, -309.626861572, 371.926269531, 331.477935791, 26.5890712738, 322.609710693, -169.527694702, -143.979309082, -162.165863037, -46.3414802551, -181.677780151, -94.5575942993, -26.3092308044], [-309.626861572, 2191.81396484, -82.3297348022, 179.175720215, 146.535003662, 97.0582199097, 65.4641189575, 48.8431434631, 148.191711426, -64.4620742798, -43.4754371643, -0.352671712637, 56.7104377747], [371.926269531, -82.3297348022, 606.588012695, 104.811248779, 93.6121749878, 77.8504486084, 62.0357971191, 71.0095596313, 7.68865919113, 33.1773300171, -14.1767683029, 19.4947223663, -10.045091629], [331.477935791, 179.175720215, 104.811248779, 382.39956665, 68.6257247925, 19.7395706177, 56.2408561707, 45.3701210022, 22.4876804352, -2.86349010468, -12.7662563324, -5.9630188942, 1.62987363338], [26.5890712738, 146.535003662, 93.6121749878, 68.6257247925, 187.916564941, 57.9409751892, 24.9800224304, 28.6310138702, 63.4631271362, 25.1618385315, -17.1876487732, 8.30017185211, 11.2914295197], [322.609710693, 97.0582199097, 77.8504486084, 19.7395706177, 57.9409751892, 142.503479004, 25.5548725128, 31.1766090393, 29.1248016357, 10.5306015015, -4.93636274338, -7.52756690979, -3.74325108528], [-169.527694702, 65.4641189575, 62.0357971191, 56.2408561707, 24.9800224304, 25.5548725128, 150.311721802, 39.5292892456, 20.556634903, 21.6829071045, 22.7485313416, 13.9564561844, -12.8818950653], [-143.979309082, 48.8431434631, 71.0095596313, 45.3701210022, 28.6310138702, 31.1766090393, 39.5292892456, 102.115333557, 34.481552124, 16.8370361328, 10.5994176865, 13.3351888657, 7.73273706436], [-162.165863037, 148.191711426, 7.68865919113, 22.4876804352, 63.4631271362, 29.1248016357, 20.556634903, 34.481552124, 122.553970337, 30.8034934998, 5.28651857376, 10.7145442963, 15.3030462265], [-46.3414802551, -64.4620742798, 33.1773300171, -2.86349010468, 25.1618385315, 10.5306015015, 21.6829071045, 16.8370361328, 30.8034934998, 107.671035767, 43.9581985474, 13.4491167068, -6.16953468323], [-181.677780151, -43.4754371643, -14.1767683029, -12.7662563324, -17.1876487732, -4.93636274338, 22.7485313416, 10.5994176865, 5.28651857376, 43.9581985474, 89.8442230225, 30.61444664, -4.19894123077], [-94.5575942993, -0.352671712637, 19.4947223663, -5.9630188942, 8.30017185211, -7.52756690979, 13.9564561844, 13.3351888657, 10.7145442963, 13.4491167068, 30.61444664, 74.9359359741, 24.6990909576], [-26.3092308044, 56.7104377747, -10.045091629, 1.62987363338, 11.2914295197, -3.74325108528, -12.8818950653, 7.73273706436, 15.3030462265, -6.16953468323, -4.19894123077, 24.6990909576, 76.1669387817]], "icov": [[8.90522715054e-05, 1.53564469656e-05, -3.33899333782e-05, -0.000113353838969, 6.97002906236e-05, -0.000278168474324, 0.000114047972602, 0.000181496405276, 9.83701684163e-05, -7.35489302315e-05, 0.000156753623742, -3.85838538932e-05, -1.03607617348e-05], [1.53564469656e-05, 0.000574342557229, 0.000161988398759, -0.000215366308112, -0.000206635726499, -0.000312005344313, -0.000181401832378, 6.63451937726e-05, -0.000553843914531, 0.000522895075846, 3.65346932085e-05, 3.7364927266e-05, -0.000274941849057], [-3.33899333782e-05, 0.000161988398759, 0.0021971303504, -0.00032252931851, -0.000740501156542, -0.00068675132934, -0.000404572259868, -0.00110290537123, 0.000729706895072, -0.00055627245456, 0.000910620787181, -0.000870555231813, 0.000424928439315], [-0.000113353838969, -0.000215366308112, -0.00032252931851, 0.00331398309208, -0.00100164685864, 0.000919700483792, -0.000975137634668, -0.00112691719551, 0.0001407819218, 0.000454802880995, -0.000182455551112, 0.000797870743554, -0.000109312371933], [6.97002906236e-05, -0.000206635726499, -0.000740501156542, -0.00100164685864, 0.00835347827524, -0.00228307629004, 1.85819390026e-05, 0.000711088767275, -0.00291064195335, -0.00184898404405, 0.00268155196682, -0.00133231957443, -0.000303028296912], [-0.000278168474324, -0.000312005344313, -0.00068675132934, 0.000919700483792, -0.00228307629004, 0.00990025885403, -0.000926604727283, -0.00218983576633, -0.00080125243403, 0.000393743073801, -0.000891328265425, 0.00197912380099, 0.00041854189476], [0.000114047972602, -0.000181401832378, -0.000404572259868, -0.000975137634668, 1.85819390026e-05, -0.000926604727283, 0.00860135722905, -0.00182976387441, -0.000112529451144, -0.000482011702843, -0.0013088734122, -0.00123816961423, 0.00204708031379], [0.000181496405276, 6.63451937726e-05, -0.00110290537123, -0.00112691719551, 0.000711088767275, -0.00218983576633, -0.00182976387441, 0.0136614562944, -0.00261830445379, -0.000288250565063, -0.000519907975104, -0.00091281690402, -0.00124745373614], [9.83701684163e-05, -0.000553843914531, 0.000729706895072, 0.0001407819218, -0.00291064195335, -0.00080125243403, -0.000112529451144, -0.00261830445379, 0.0123094236478, -0.00315330503508, 0.000668692868203, -0.0003323519486, -0.00140545400791], [-7.35489302315e-05, 0.000522895075846, -0.00055627245456, 0.000454802880995, -0.00184898404405, 0.000393743073801, -0.000482011702843, -0.000288250565063, -0.00315330503508, 0.0139931682497, -0.00707701453939, 0.00104963988997, 0.000779852562118], [0.000156753623742, 3.65346932085e-05, 0.000910620787181, -0.000182455551112, 0.00268155196682, -0.000891328265425, -0.0013088734122, -0.000519907975104, 0.000668692868203, -0.00707701453939, 0.0184054914862, -0.00716424873099, 0.00217128871009], [-3.85838538932e-05, 3.7364927266e-05, -0.000870555231813, 0.000797870743554, -0.00133231957443, 0.00197912380099, -0.00123816961423, -0.00091281690402, -0.0003323519486, 0.00104963988997, -0.00716424873099, 0.0192473344505, -0.00647959252819], [-1.03607617348e-05, -0.000274941849057, 0.000424928439315, -0.000109312371933, -0.000303028296912, 0.00041854189476, 0.00204708031379, -0.00124745373614, -0.00140545400791, 0.000779852562118, 0.00217128871009, -0.00647959252819, 0.0164933390915]]}, "spectral_contrast_coeffs": {"dmean": [0.052350897342, 0.046416092664, 0.0351116210222, 0.0270075239241, 0.0222703646868, 0.0213253609836], "dmean2": [0.0856693014503, 0.0743073001504, 0.0558573417366, 0.0429879128933, 0.0343902185559, 0.0339160710573], "dvar": [0.00201058294624, 0.00168658990879, 0.000878473802004, 0.000523110094946, 0.000406869134167, 0.000406638515415], "dvar2": [0.00515920063481, 0.0040562460199, 0.0020275907591, 0.00126087490935, 0.000877024314832, 0.000994507572614], "max": [-0.34555131197, -0.361691236496, -0.576775491238, -0.552742779255, -0.633178889751, -0.57058608532], "mean": [-0.632626533508, -0.686482310295, -0.790287256241, -0.804272830486, -0.807009339333, -0.788407742977], "median": [-0.63210773468, -0.685373008251, -0.793922483921, -0.812566161156, -0.811434745789, -0.784664988518], "min": [-0.969075143337, -0.973487496376, -0.966536879539, -0.970832765102, -0.955182492733, -0.957553565502], "var": [0.00772712100297, 0.0079663163051, 0.00382199930027, 0.00325849396177, 0.00240059942007, 0.00194373726845]}, "spectral_contrast_valleys": {"dmean": [0.374488025904, 0.449094265699, 0.462072640657, 0.450446486473, 0.423445820808, 0.565411984921], "dmean2": [0.617979288101, 0.687301695347, 0.67932254076, 0.620608270168, 0.553903877735, 0.663022994995], "dvar": [0.124340735376, 0.214366868138, 0.221389263868, 0.235385909677, 0.212328776717, 0.32699611783], "dvar2": [0.278171360493, 0.405631303787, 0.412335127592, 0.389362066984, 0.376011371613, 0.555611789227], "max": [-4.75469017029, -4.90190601349, -5.51358366013, -6.03505039215, 