{"lowlevel": {"average_loudness": 0.894775152206, "barkbands_crest": {"dmean": 2.94171977043, "dmean2": 3.94524812698, "dvar": 8.7259645462, "dvar2": 12.8509054184, "max": 26.7037620544, "mean": 11.307513237, "median": 9.17045974731, "min": 2.27111434937, "var": 40.2865715027}, "barkbands_flatness_db": {"dmean": 0.0320485420525, "dmean2": 0.0426841750741, "dvar": 0.00126108585391, "dvar2": 0.00218813819811, "max": 0.512522578239, "mean": 0.141566902399, "median": 0.128026008606, "min": 0.0149720814079, "var": 0.00548319984227}, "barkbands_kurtosis": {"dmean": 6.95893001556, "dmean2": 8.957072258, "dvar": 650.772033691, "dvar2": 1071.20629883, "max": 783.707824707, "mean": 9.76055908203, "median": 1.18470811844, "min": -1.76434290409, "var": 1350.30053711}, "barkbands_skewness": {"dmean": 0.829733252525, "dmean2": 1.03891742229, "dvar": 1.26426196098, "dvar2": 1.69490242004, "max": 23.3340015411, "mean": 1.84467864037, "median": 1.16001439095, "min": -2.13450574875, "var": 5.09090995789}, "barkbands_spread": {"dmean": 8.6651506424, "dmean2": 12.771279335, "dvar": 125.480705261, "dvar2": 288.384368896, "max": 115.649360657, "mean": 22.7493228912, "median": 17.6089038849, "min": 0.152050554752, "var": 287.494903564}, "dissonance": {"dmean": 0.0169521439821, "dmean2": 0.0278165768832, "dvar": 0.000265294103883, "dvar2": 0.00069277494913, "max": 0.500000059605, "mean": 0.462405055761, "median": 0.467925906181, "min": 0.341162264347, "var": 0.000721601361874}, "dynamic_complexity": 5.01585054398, "erbbands_crest": {"dmean": 2.63392305374, "dmean2": 4.17407751083, "dvar": 6.75489997864, "dvar2": 16.4135341644, "max": 30.2190265656, "mean": 8.12036418915, "median": 7.03715133667, "min": 1.90415883064, "var": 18.6116771698}, "erbbands_flatness_db": {"dmean": 0.0226559117436, "dmean2": 0.0335926264524, "dvar": 0.000642740691546, "dvar2": 0.00129572360311, "max": 0.359859794378, "mean": 0.1479947716, "median": 0.136435866356, "min": 0.0288212541491, "var": 0.00352885224856}, "erbbands_kurtosis": {"dmean": 0.901672959328, "dmean2": 1.45667803288, "dvar": 4.48010635376, "dvar2": 11.8953046799, "max": 68.5593490601, "mean": 0.269822984934, "median": -0.103737831116, "min": -1.77400946617, "var": 4.10157108307}, "erbbands_skewness": {"dmean": 0.378836929798, "dmean2": 0.580747961998, "dvar": 0.156796872616, "dvar2": 0.38758251071, "max": 7.37575149536, "mean": 0.194436952472, "median": 0.192452639341, "min": -3.03952550888, "var": 0.401204764843}, "erbbands_spread": {"dmean": 10.3511266708, "dmean2": 14.573595047, "dvar": 126.299591064, "dvar2": 249.119186401, "max": 120.961471558, "mean": 38.2682723999, "median": 34.2990760803, "min": 4.52844619751, "var": 362.84085083}, "hfc": {"dmean": 13.2511892319, "dmean2": 20.1449203491, "dvar": 1189.08996582, "dvar2": 2791.79492188, "max": 300.298492432, "mean": 18.4263401031, "median": 6.90668964386, "min": 1.21015081014e-16, "var": 1381.34106445}, "melbands_crest": {"dmean": 3.70929002762, "dmean2": 5.44136762619, "dvar": 14.1122608185, "dvar2": 26.3993034363, "max": 33.2428512573, "mean": 15.1828927994, "median": 13.6876707077, "min": 2.50139021873, "var": 55.5300865173}, "melbands_flatness_db": {"dmean": 0.0396148860455, "dmean2": 0.0521877519786, "dvar": 0.00207967613824, "dvar2": 0.00348639441654, "max": 0.636013746262, "mean": 0.199392110109, "median": 0.187960773706, "min": 0.00549804558977, "var": 0.00984983332455}, "melbands_kurtosis": {"dmean": 14.9454402924, "dmean2": 20.2488956451, "dvar": 1222.59765625, "dvar2": 2397.58374023, "max": 614.355163574, "mean": 23.487247467, "median": 5.13495635986, "min": -1.73616802692, "var": 2309.84790039}, "melbands_skewness": {"dmean": 1.10215938091, "dmean2": 1.40329766273, "dvar": 2.06467819214, "dvar2": 3.01875114441, "max": 18.5795192719, "mean": 3.04486727715, "median": 2.03085136414, "min": -1.66396069527, "var": 7.5322136879}, "melbands_spread": {"dmean": 9.90910434723, "dmean2": 14.6591529846, "dvar": 174.749679565, "dvar2": 359.53604126, "max": 158.423416138, "mean": 25.4282302856, "median": 20.2321281433, "min": 0.266224175692, "var": 510.85333252}, "pitch_salience": {"dmean": 0.0897439345717, "dmean2": 0.131220728159, "dvar": 0.0119775319472, "dvar2": 0.0228566750884, "max": 0.91256415844, "mean": 0.508406341076, "median": 0.543336570263, "min": 0.0280252303928, "var": 0.0338015668094}, "silence_rate_20dB": {"dmean": 0, "dmean2": 0, "dvar": 0, "dvar2": 0, "max": 1, "mean": 1, "median": 1, "min": 1, "var": 0}, "silence_rate_30dB": {"dmean": 0.0584403499961, "dmean2": 0.116902455688, "dvar": 0.0550271347165, "dvar2": 0.104356259108, "max": 1, "mean": 0.928916990757, "median": 1, "min": 0, "var": 0.0660321936011}, "silence_rate_60dB": {"dmean": 0.0956635028124, "dmean2": 0.1913626194, "dvar": 0.086514338851, "dvar2": 0.194206684828, "max": 1, "mean": 0.245441019535, "median": 0, "min": 0, "var": 0.185198113322}, "spectral_centroid": {"dmean": 327.436187744, "dmean2": 467.717285156, "dvar": 157069.828125, "dvar2": 320555.28125, "max": 11411.7988281, "mean": 1405.42883301, "median": 1272.4753418, "min": 104.141235352, "var": 522572.59375}, "spectral_complexity": {"dmean": 4.4358830452, "dmean2": 6.64575576782, "dvar": 31.6874713898, "dvar2": 68.1699752808, "max": 63, "mean": 15.0241909027, "median": 13, "min": 0, "var": 102.229988098}, "spectral_decrease": {"dmean": 3.44896577964e-09, "dmean2": 4.15260492659e-09, "dvar": 3.18009619583e-17, "dvar2": 5.54322084223e-17, "max": 3.39135619645e-29, "mean": -7.08538872018e-09, "median": -1.61553259659e-09, "min": -5.69474138956e-08, "var": 9.81546543839e-17}, "spectral_energy": {"dmean": 0.0137624451891, "dmean2": 0.0164995826781, "dvar": 0.000464627461042, "dvar2": 0.000804308743682, "max": 0.21821911633, "mean": 0.028413169086, "median": 0.00747818313539, "min": 1.08484188037e-20, "var": 0.00150492135435}, "spectral_energyband_high": {"dmean": 0.000918739999179, "dmean2": 0.00147771439515, "dvar": 7.38164317227e-06, "dvar2": 1.86591369129e-05, "max": 0.0244770310819, "mean": 0.00105288915802, "median": 0.000142120668897, "min": 7.50093680253e-21, "var": 7.28862050892e-06}, "spectral_energyband_low": {"dmean": 0.0112244812772, "dmean2": 0.0143364351243, "dvar": 0.000473717052955, "dvar2": 0.000933627423365, "max": 0.190810158849, "mean": 0.019013851881, "median": 0.00147947075311, "min": 1.17314976203e-22, "var": 0.00101885024924}, "spectral_energyband_middle_high": {"dmean": 0.00222837226465, "dmean2": 0.00331364152953, "dvar": 4.37278504251e-05, "dvar2": 8.87231581146e-05, "max": 0.0728905051947, "mean": 0.00332209793851, "median": 0.00167056696955, "min": 1.68166161844e-21, "var": 5.62621717108e-05}, "spectral_energyband_middle_low": {"dmean": 0.00590305915102, "dmean2": 0.0106070647016, "dvar": 0.000297714403132, "dvar2": 0.00083846389316, "max": 0.115251809359, "mean": 0.00638859486207, "median": 0.00199655164033, "min": 3.56908744348e-22, "var": 0.000189560407307}, "spectral_entropy": {"dmean": 0.233045592904, "dmean2": 0.347524642944, "dvar": 0.0863110348582, "dvar2": 0.207478836179, "max": 9.79399394989, "mean": 7.6739192009, "median": 7.69633674622, "min": 4.81420278549, "var": 0.310746043921}, "spectral_flux": {"dmean": 0.0416538789868, "dmean2": 0.057802092284, "dvar": 0.00299607194029, "dvar2": 0.00496899569407, "max": 0.422181218863, "mean": 0.0829219892621, "median": 0.0444083549082, "min": 1.04155739589e-10, "var": 0.0082543361932}, "spectral_kurtosis": {"dmean": 2.15432238579, "dmean2": 3.53197789192, "dvar": 10.4755601883, "dvar2": 24.8930778503, "max": 50.4381637573, "mean": 5.34223794937, "median": 4.04275941849, "min": -1.1501057148, "var": 22.758102417}, "spectral_rms": {"dmean": 0.0011103649158, "dmean2": 0.00130006973632, "dvar": 2.16400667341e-06, "dvar2": 3.44798468177e-06, "max": 0.0145909804851, "mean": 0.00417039357126, "median": 0.00270107178949, "min": 3.25327893964e-12, "var": 1.03280090116e-05}, "spectral_rolloff": {"dmean": 981.058349609, "dmean2": 1573.60522461, "dvar": 4336001.5, "dvar2": 9750990, "max": 19121.484375, "mean": 2023.4453125, "median": 1464.2578125, "min": 64.599609375, "var": 7522736}, "spectral_skewness": {"dmean": 0.288647860289, "dmean2": 0.45485201478, "dvar": 0.116563893855, "dvar2": 0.256391197443, "max": 5.26890611649, "mean": 1.69420182705, "median": 1.64021229744, "min": -0.0578131116927, "var": 0.30223107338}, "spectral_spread": {"dmean": 935264.1875, "dmean2": 1353005.75, "dvar": 1692340584450.0, "dvar2": 3138225176580.0, "max": 40134556, "mean": 5197524.5, "median": 4881064, "min": 1267508.125, "var": 5255436697600.0}, "spectral_strongpeak": {"dmean": 0.293129682541, "dmean2": 0.46998411417, "dvar": 0.167100548744, "dvar2": 0.449105530977, "max": 5.42049407959, "mean": 0.591840207577, "median": 0.511489272118, "min": 1.48601697614e-09, "var": 0.243688181043}, "zerocrossingrate": {"dmean": 0.0192703418434, "dmean2": 0.021320220083, "dvar": 0.000665544182993, "dvar2": 0.000879254192114, "max": 0.4794921875, "mean": 0.072716742754, "median": 0.05517578125, "min": 0.00244140625, "var": 0.003763317829}, "barkbands": {"dmean": [6.81576420902e-05, 0.00796897243708, 0.00604006880894, 0.00277999136597, 0.00232690386474, 0.000696106581017, 0.000347979075741, 0.000151957501657, 0.000194423191715, 0.000272257544566, 0.000208455356187, 0.000223819195526, 0.000363490195014, 0.000446172780357, 0.000442316726549, 0.00039333087625, 0.000198404552066, 0.000190773091163, 0.000106081548438, 0.000102858728496, 9.0224595624e-05, 0.000128426836454, 0.000125857928651, 0.00011554689263, 0.000160234747455, 0.000169749284396, 0.000122520315927], "dmean2": [8.2739359641e-05, 0.0102346157655, 0.0104737924412, 0.00526643497869, 0.00435009645298, 0.00124365603551, 0.00057461875258, 0.000231703175814, 0.000282624154352, 0.000399979646318, 0.000318531179801, 0.000358944438631, 0.000590493786149, 0.000718870200217, 0.0007045113598, 0.000658333534375, 0.000322492123814, 0.000314346136292, 0.000172166473931, 0.000166497309692, 0.000145344733028, 0.000194934080355, 0.000194864158402, 0.000178761867573, 0.000254867918557, 0.000279271102045, 0.000216154294321], "dvar": [1.84690378546e-08, 0.000222465852858, 0.00034852384124, 9.58548043855e-05, 5.60736116313e-05, 3.39402163263e-06, 5.15977774285e-07, 7.6084546663e-08, 1.05695036723e-07, 2.06962766924e-07, 1.21791245533e-07, 2.47309770884e-07, 1.59950741363e-06, 1.81673055977e-06, 2.43393355959e-06, 2.73245177596e-06, 3.006768452e-07, 2.88380078928e-07, 8.28130310992e-08, 7.74628219347e-08, 3.74729793862e-08, 1.23372771554e-07, 1.48340035366e-07, 6.72892568332e-08, 2.20308919552e-07, 5.44340934994e-07, 3.84552066635e-07], "dvar2": [3.20419104582e-08, 0.00040183251258, 0.000913548166864, 0.000278090476058, 0.000162058597198, 9.72956968326e-06, 1.39877261063e-06, 1.67560642694e-07, 1.95774248368e-07, 4.27868656061e-07, 2.59641240064e-07, 5.57853752525e-07, 3.86992405765e-06, 3.93787058783e-06, 5.79968673264e-06, 7.11816346666e-06, 7.30805197691e-07, 5.75522108193e-07, 2.01532643018e-07, 1.9735894341e-07, 8.18165091232e-08, 2.7915777423e-07, 3.82406824428e-07, 1.55373086841e-07, 5.66249241274e-07, 1.42393878377e-06, 1.04680225377e-06], "max": [0.00225199200213, 0.114572048187, 0.135104134679, 0.0644160807133, 0.0599417947233, 0.0188260301948, 0.00873270444572, 0.00622158776969, 0.00732582528144, 0.0106071261689, 0.00749235088006, 0.00727704167366, 0.0146189229563, 0.0156359523535, 0.0168536994606, 0.0179767664522, 0.00591139029711, 0.00521773751825, 0.00382734159939, 0.00275135552511, 0.00196968344972, 0.00385365006514, 0.00441686110571, 0.00222951965407, 0.00475141452625, 0.00712663074955, 0.00583770032972], "mean": [8.54338431964e-05, 0.0127679081634, 0.004944561515, 0.00202683266252, 0.00204534432851, 0.000849883188494, 0.00050621322589, 0.000288155890303, 0.000358398479875, 0.000483514042571, 0.000311885087285, 0.000294322555419, 0.000415706337662, 0.000568390474655, 0.000455921544926, 0.000348357716575, 0.000225424519158, 0.000205841861316, 0.000129473541165, 0.000124431200675, 0.000127566119772, 0.000170892060851, 0.000147430808283, 0.000137125418405, 0.00015954162518, 0.000145131620229, 8.94995464478e-05], "median": [8.88259990006e-07, 0.000701301032677, 9.7973519587e-05, 8.56875121826e-05, 0.000312824849971, 0.000336003606208, 0.000233530721744, 0.000125649414258, 0.00017640653823, 0.000235113519011, 0.000131043198053, 0.00012529574451, 0.000125385879073, 0.000211985665374, 0.00014046987053, 7.15947244316e-05, 9.66625811998e-05, 4.96857974213e-05, 4.32201923104e-05, 3.04163604596e-05, 2.54999322351e-05, 2.41961279244e-05, 1.82983330888e-05, 1.99822243303e-05, 1.63528238772e-05, 8.48676427267e-06, 1.63255549523e-06], "min": [1.53462823246e-23, 5.47304122978e-23, 4.16753543843e-23, 2.16202745418e-23, 2.14456664913e-23, 3.64181928299e-23, 7.00632618988e-23, 7.7348089436e-23, 8.25496615401e-23, 8.69573808273e-23, 1.07993114171e-22, 9.17384648255e-23, 8.70394412941e-23, 9.43172826791e-23, 1.96589792136e-22, 1.11953069698e-22, 1.98744442636e-22, 1.91185325007e-22, 2.10424923044e-22, 5.80083477157e-22, 3.68597012391e-22, 4.84958211584e-22, 6.71934401993e-22, 8.16431656967e-22, 1.04270791318e-21, 1.57156460593e-21, 2.60555955671e-21], "var": [3.73841153589e-08, 0.000478847970953, 0.000253233214607, 5.34941827937e-05, 3.28287533193e-05, 2.34087201534e-06, 5.57769283205e-07, 2.61422627545e-07, 3.15218017022e-07, 6.31397881534e-07, 2.34373331409e-07, 3.21421737226e-07, 1.61967068379e-06, 2.20700349018e-06, 2.31712010645e-06, 2.11446922549e-06, 2.97253365034e-07, 3.50051578835e-07, 9.16201017276e-08, 8.47234247203e-08, 6.93441393196e-08, 1.84558103911e-07, 1.54849360001e-07, 8.77769750218e-08, 1.94104174511e-07, 4.18155082116e-07, 2.59264680835e-07]}, "erbbands": {"dmean": [0.15335740149, 2.1129295826, 6.54097652435, 8.4918718338, 8.71754646301, 7.01530742645, 6.71962976456, 5.12730741501, 4.91726016998, 4.80263710022, 3.32311296463, 4.05554914474, 9.663438797, 5.68587017059, 8.35465717316, 11.0461673737, 15.4897174835, 25.3443374634, 21.5739612579, 22.2854614258, 17.653470993, 11.0545244217, 10.6137504578, 6.43826389313, 4.34556674957, 4.69605922699, 4.29118919373, 3.3438706398, 4.85018062592, 4.0193810463, 3.90112233162, 2.27904653549, 2.16619062424, 1.57871186733, 1.24545180798, 0.605261445045, 0.296465784311, 0.150131985545, 0.0212402306497, 0.000822118658107], "dmean2": [0.182916477323, 2.74088644981, 10.5071659088, 15.4301776886, 16.4069309235, 13.0859909058, 12.2763910294, 9.0866985321, 8.29116344452, 7.68610620499, 4.91024446487, 5.86377668381, 14.0112895966, 8.89014816284, 12.677066803, 17.5871906281, 24.887468338, 41.0191078186, 33.5501747131, 35.5856742859, 28.5600414276, 17.785900116, 17.5271205902, 10.548746109, 6.75106620789, 7.74010038376, 7.01778268814, 5.27122879028, 7.77874279022, 6.0704460144, 6.35618925095, 3.64640259743, 3.27425956726, 2.43297457695, 2.03643894196, 0.979273617268, 0.482552796602, 0.26134082675, 0.0373761989176, 0.00141666841228], "dvar": [0.0775740519166, 16.1328487396, 319.987121582, 796.142272949, 862.348144531, 500.8331604, 405.081054688, 169.500778198, 100.164093018, 96.9220733643, 38.9224052429, 49.0857810974, 300.539276123, 72.4012298584, 204.681091309, 701.110534668, 2632.73413086, 6780.01123047, 5481.50585938, 6121.64355469, 4371.44970703, 1280.16577148, 945.323364258, 255.300979614, 110.846305847, 153.912780762, 95.4994888306, 54.4134521484, 208.174484253, 99.6638641357, 192.263900757, 32.4169578552, 21.8610782623, 15.3159341812, 18.8287620544, 5.46150922775, 1.65465271473, 0.518810987473, 0.0124260121956, 1.68430178746e-05], "dvar2": [0.121004469693, 28.6050243378, 787.481018066, 2235.78320312, 2489.84448242, 1451.69921875, 1169.01623535, 485.497680664, 272.281188965, 246.894058228, 80.6995391846, 90.8262786865, 610.929992676, 176.042449951, 430.460021973, 1540.44726562, 6339.78027344, 15960.9619141, 12693.0078125, 13730.03125, 10988.5644531, 3130.83251953, 1926.24182129, 565.763244629, 250.772064209, 402.353485107, 219.214126587, 110.208717346, 525.138427734, 219.995513916, 524.58416748, 78.5083312988, 49.9301757812, 37.4544487, 49.9585456848, 14.2956943512, 4.2667722702, 1.39758276939, 0.033865313977, 4.53649663541e-05], "max": [2.37620735168, 31.6591739655, 124.066482544, 186.593154907, 200.025314331, 174.819793701, 202.512161255, 118.661483765, 113.818634033, 151.884796143, 170.814437866, 200.687210083, 414.242462158, 117.192909241, 382.399902344, 318.183258057, 606.947753906, 999.201293945, 841.246948242, 744.658935547, 739.746887207, 381.154144287, 292.832519531, 203.323120117, 132.819015503, 117.282203674, 82.7970809937, 75.30809021, 160.111129761, 104.138587952, 157.361694336, 46.3287086487, 44.6770248413, 37.3222236633, 48.58934021, 23.8947734833, 12.7203655243, 6.80779933929, 1.0880125761, 0.0455524660647], "mean": [0.253962695599, 3.22707629204, 6.4857583046, 6.50361967087, 6.871717453, 6.27402544022, 7.16225099564, 6.15437030792, 6.93686103821, 7.67109775543, 6.59169864655, 8.11681938171, 17.9673500061, 9.45053482056, 12.9276809692, 14.7694168091, 18.67345047, 30.9914627075, 24.0856132507, 23.0767765045, 17.7628726959, 11.9441814423, 11.5512037277, 8.21011257172, 5.53733158112, 5.87430238724, 5.86770153046, 4.85488653183, 6.08696699142, 5.23351764679, 4.27189779282, 2.78599190712, 2.44115567207, 1.67839205265, 1.16043496132, 0.551272213459, 0.254642367363, 0.108413465321, 0.0153984269127, 0.000690786342602], "median": [0.0139387138188, 0.153078615665, 0.170885592699, 0.291601538658, 0.446428596973, 1.1169090271, 1.97749567032, 2.49236869812, 3.19992446899, 3.3719534874, 3.24189448357, 4.46422719955, 8.48574256897, 5.77713441849, 6.07711935043, 6.6332321167, 6.22617149353, 11.8127422333, 7.47588825226, 6.19746494293, 5.33838653564, 4.01840114594, 2.85646867752, 2.88870739937, 1.75810694695, 1.5693321228, 1.16690504551, 0.846309959888, 0.849834561348, 0.675166130066, 0.540372252464, 0.411718517542, 0.312696158886, 0.202168107033, 0.100105464458, 0.0451656281948, 0.0139429662377, 0.00287016527727, 0.000277019484201, 3.73086659238e-05], "min": [9.10583177882e-22, 1.48133701294e-20, 6.10671257096e-20, 4.50037111912e-20, 8.49096698259e-20, 6.2045583439e-20, 9.86777356927e-20, 3.23063711737e-19, 6.23822136366e-19, 1.53008705744e-18, 1.6525095813e-18, 1.4561833294e-18, 4.17509777532e-18, 2.44021899618e-18, 3.71406328424e-18, 4.03051983914e-18, 4.23758217161e-18, 4.34473183944e-18, 9.98139406423e-18, 8.50339436317e-18, 5.52561777705e-18, 1.23751761748e-17, 8.49099244424e-18, 1.04785933053e-17, 1.65014889055e-17, 2.43143586836e-17, 1.70021813303e-17, 1.80056126247e-17, 1.67677500729e-17, 1.59059403712e-17, 1.90075434135e-17, 1.42982023541e-17, 1.53692374656e-17, 1.1545155024e-17, 7.5124932007e-18, 5.0418283745e-18, 3.11712095057e-18, 1.45692489682e-18, 3.80509156382e-19, 3.53027243753e-20], "var": [0.207439661026, 32.4721870422, 289.560882568, 487.718048096, 496.060211182, 292.172851562, 256.42376709, 118.477264404, 104.774261475, 150.384078979, 130.435714722, 157.779510498, 957.696777344, 120.47088623, 395.044433594, 883.675292969, 2751.11157227, 7374.48828125, 5605.16064453, 6312.99609375, 3783.30322266, 1210.86682129, 1111.7467041, 333.252990723, 144.075134277, 167.476074219, 153.542907715, 109.250846863, 262.823608398, 147.747009277, 165.358642578, 41.4330825806, 27.3413257599, 15.9020719528, 14.6966705322, 4.34538888931, 1.30387985706, 0.356264948845, 0.0083346972242, 1.22227038446e-05]}, "gfcc": {"mean": [-45.5237197876, 74.1718902588, -117.156227112, 13.5157251358, -51.1653175354, 12.505572319, -37.3356552124, 1.76030826569, -22.4353694916, 3.86569237709, -15.71788311, -0.428215205669, -9.64793300629], "cov": [[15821.5615234, -1856.62084961, 2327.18383789, 1130.78137207, 258.217956543, 1633.53857422, 196.465667725, 708.168823242, 70.0829696655, 356.710083008, -102.837837219, 384.836669922, -128.346618652], [-1856.62084961, 2996.45019531, -354.871307373, 109.239959717, 386.532745361, -164.96736145, 389.148376465, -162.227905273, 198.720214844, -77.6918716431, 136.680679321, -213.186721802, 163.323226929], [2327.18383789, -354.871307373, 1421.5123291, 523.361694336, 347.51385498, 575.318054199, 221.110015869, 253.977752686, 74.5650482178, 208.855926514, 34.4359169006, 120.366226196, -11.4482383728], [1130.78137207, 109.239959717, 523.361694336, 589.637329102, 310.026611328, 346.345794678, 190.077941895, 135.232452393, 107.402183533, 113.039459229, 65.4651870728, 75.6535720825, 7.93880796432], [258.217956543, 386.532745361, 347.51385498, 310.026611328, 526.281066895, 205.821670532, 257.124511719, 101.183670044, 146.607879639, 53.5769920349, 99.618637085, 45.8073654175, 48.0316810608], [1633.53857422, -164.96736145, 575.318054199, 346.345794678, 205.821670532, 502.69317627, 170.981338501, 208.393768311, 79.190788269, 162.008499146, 27.5246162415, 98.9787597656, 14.4526958466], [196.465667725, 389.148376465, 221.110015869, 190.077941895, 257.124511719, 170.981338501, 310.423492432, 84.6281433105, 149.089691162, 73.0917739868, 76.0846328735, 23.5289096832, 60.3928604126], [708.168823242, -162.227905273, 253.977752686, 135.232452393, 101.183670044, 208.393768311, 84.6281433105, 237.380279541, 79.9727706909, 74.8460464478, 39.074798584, 78.00806427, 14.7284469604], [70.0829696655, 198.720214844, 74.5650482178, 107.402183533, 146.607879639, 79.190788269, 149.089691162, 79.9727706909, 152.245788574, 72.0710906982, 71.4647293091, 26.5905036926, 42.5686607361], [356.710083008, -77.6918716431, 208.855926514, 113.039459229, 53.5769920349, 162.008499146, 73.0917739868, 74.8460464478, 72.0710906982, 150.082473755, 40.2103805542, 50.4870414734, 20.8600196838], [-102.837837219, 136.680679321, 34.4359169006, 65.4651870728, 99.618637085, 27.5246162415, 76.0846328735, 39.074798584, 71.4647293091, 40.2103805542, 99.8948364258, 40.0104675293, 35.6223945618], [384.836669922, -213.186721802, 120.366226196, 75.6535720825, 45.8073654175, 98.9787597656, 23.5289096832, 78.00806427, 26.5905036926, 50.4870414734, 40.0104675293, 103.503143311, 26.1966896057], [-128.346618652, 163.323226929, -11.4482383728, 7.93880796432, 48.0316810608, 14.4526958466, 60.3928604126, 14.7284469604, 42.5686607361, 20.8600196838, 35.6223945618, 26.1966896057, 76.7969207764]], "icov": [[0.000115019916848, 1.4049438505e-05, -9.32564071263e-05, -3.04952027363e-05, 0.000127182545839, -0.000382705125958, 9.50645844568e-05, 5.14217608725e-05, -0.000259193679085, 0.000319214304909, 0.000125893682707, -0.000187298312085, 0.00012191515998], [1.4049438505e-05, 0.000748159363866, 0.000164505574503, -0.000279511383269, -0.000201339731575, -5.98945989623e-05, -0.00050697819097, 0.000177325113327, 4.57941932837e-05, 0.000311779876938, -0.000851696415339, 0.00216624327004, -0.00146628171206], [-9.32564071263e-05, 0.000164505574503, 0.00170379783958, -0.000528765958734, -0.000702377525158, -0.000431858061347, -0.000621173880063, -0.000558013794944, 0.00167055404745, -0.0013937499607, 2.61125223915e-05, 0.00057556387037, 0.000163156350027], [-3.04952027363e-05, -0.000279511383269, -0.000528765958734, 0.00394956488162, -0.00100372289307, -0.00182869681157, 0.000263539724983, 0.000862300919835, -0.00116132874973, 0.000370550638763, -0.00052550167311, -0.00141786446329, 0.00192614225671], [0.000127182545839, -0.000201339731575, -0.000702377525158, -0.00100372289307, 0.00467166025192, -0.000929949688725, -0.0014720831532, 0.00051560124848, -0.00214374111965, 0.00281417206861, -0.00156389502808, -0.000889060844202, 0.000404297636123], [-0.000382705125958, -5.98945989623e-05, -0.000431858061347, -0.00182869681157, -0.000929949688725, 0.00902932230383, -0.00261816987768, -0.00370853277855, 0.00421256991103, -0.00583780463785, 0.00277765118517, -0.000883470347617, -0.000471421459224], [9.50645844568e-05, -0.00050697819097, -0.000621173880063, 0.000263539724983, -0.0014720831532, -0.00261816987768, 0.00975166354328, 0.000966537685599, -0.00674419431016, 0.00157857639715, -0.000164901197422, 0.000939879217185, -0.00225798878819], [5.14217608725e-05, 0.000177325113327, -0.000558013794944, 0.000862300919835, 0.00051560124848, -0.00370853277855, 0.000966537685599, 0.00927885435522, -0.00586626026779, 0.0028056895826, -0.000301398045849, -0.00377324991859, 0.00128882599529], [-0.000259193679085, 4.57941932837e-05, 0.00167055404745, -0.00116132874973, -0.00214374111965, 0.00421256991103, -0.00674419431016, -0.00586626026779, 0.0228422414511, -0.00895630288869, -0.00521946279332, 0.00394912762567, -0.00233960035257], [0.000319214304909, 0.000311779876938, -0.0013937499607, 0.000370550638763, 0.00281417206861, -0.00583780463785, 0.00157857639715, 0.0028056895826, -0.00895630288869, 0.0166023205966, -0.00268320017494, -0.00197933847085, -0.000441904907348], [0.000125893682707, -0.000851696415339, 2.61125223915e-05, -0.00052550167311, -0.00156389502808, 0.00277765118517, -0.000164901197422, -0.000301398045849, -0.00521946279332, -0.00268320017494, 0.0212651137263, -0.00902733486146, -0.000439734372776], [-0.000187298312085, 0.00216624327004, 0.00057556387037, -0.00141786446329, -0.000889060844202, -0.000883470347617, 0.000939879217185, -0.00377324991859, 0.00394912762567, -0.00197933847085, -0.00902733486146, 0.0250218175352, -0.00998010579497], [0.00012191515998, -0.00146628171206, 0.000163156350027, 0.00192614225671, 0.000404297636123, -0.000471421459224, -0.00225798878819, 0.00128882599529, -0.00233960035257, -0.000441904907348, -0.000439734372776, -0.00998010579497, 0.0225582215935]]}, "melbands": {"dmean": [0.0017968431348, 0.00299541442655, 0.001459946041, 0.000569666968659, 0.000242749447352, 0.000117681520351, 7.41371623008e-05, 4.64036820631e-05, 2.7091415177e-05, 2.71511798928e-05, 4.83059593535e-05, 2.26071642828e-05, 3.03592951241e-05, 2.50588582276e-05, 3.64873703802e-05, 3.41719642165e-05, 4.98890549352e-05, 3.35765143973e-05, 2.92120694212e-05, 3.10230643663e-05, 1.89730544662e-05, 1.12588204502e-05, 1.202135536e-05, 8.16563715489e-06, 5.09232086188e-06, 4.08939604313e-06, 2.39523660639e-06, 3.56597320206e-06, 3.19202263199e-06, 2.28459089158e-06, 1.89513264104e-06, 2.55926602222e-06, 2.85445003101e-06, 2.0899451556e-06, 2.5724311854e-06, 1.40519978231e-06, 1.46580828186e-06, 1.45176977639e-06, 1.73003036252e-06, 1.17222248264e-06], "dmean2": [0.0022422648035, 0.00424655526876, 0.00262321834452, 0.00106797530316, 0.000446421443485, 0.000208708486753, 0.000124455982586, 7.42748525226e-05, 3.97408148274e-05, 3.91999201383e-05, 7.00984455761e-05, 3.55520787707e-05, 4.62789757876e-05, 4.02161167585e-05, 5.78142535232e-05, 5.7329176343e-05, 8.11426798464e-05, 5.19681379956e-05, 4.65404700662e-05, 5.1810991863e-05, 3.06014080707e-05, 1.81883424375e-05, 1.96655128093e-05, 1.36428989208e-05, 8.59841293277e-06, 6.69213886795e-06, 3.78395952794e-06, 5.8217528931e-06, 5.22191976415e-06, 3.7181296193e-06, 2.94454002869e-06, 4.22193397753e-06, 4.29844476457e-06, 3.18679690281e-06, 4.29099372923e-06, 2.19974208449e-06, 2.38111010731e-06, 2.25366602535e-06, 2.58225099969e-06, 1.84045791229e-06], "dvar": [1.06465531644e-05, 4.58108661405e-05, 2.23673523578e-05, 3.45013836522e-06, 5.49684500584e-07, 8.7937522153e-08, 2.32496280006e-08, 8.69186322916e-09, 2.29622854064e-09, 1.97600691365e-09, 7.43108818924e-09, 1.21993604107e-09, 2.4832145229e-09, 2.46560194483e-09, 1.51768109191e-08, 1.40106601876e-08, 2.43520439369e-08, 1.21623626725e-08, 1.08453290792e-08, 1.46200553885e-08, 4.46876047278e-09, 1.24859556028e-09, 1.25014765207e-09, 4.68785343877e-10, 1.61364033247e-10, 1.37141353829e-10, 2.56560762218e-11, 1.05022344987e-10, 6.18253087614e-11, 2.2841820449e-11, 1.75871608943e-11, 5.11609955789e-11, 6.47288195266e-11, 2.5973461229e-11, 9.22113982393e-11, 1.53976640466e-11, 1.34757092637e-11, 9.9576007162e-12, 1.41969647843e-11, 9.09438930413e-12], "dvar2": [1.72164054675e-05, 9.9089651485e-05, 6.19334095973e-05, 9.97899769573e-06, 1.59246883413e-06, 2.51364809856e-07, 6.33659595906e-08, 2.21056151162e-08, 4.66934224619e-09, 3.71129815768e-09, 1.51199124332e-08, 2.96046320791e-09, 5.32676791565e-09, 5.51583312358e-09, 3.69171822001e-08, 3.54978766381e-08, 5.66647955225e-08, 2.75149414364e-08, 2.45923121867e-08, 3.64347840787e-08, 1.13984999217e-08, 3.06343572731e-09, 2.87310975011e-09, 9.21548226618e-10, 3.80383197163e-10, 3.51961099154e-10, 5.7357629063e-11, 2.7852584128e-10, 1.47702516884e-10, 5.03442079691e-11, 3.52109834345e-11, 1.27477181588e-10, 1.4507715862e-10, 6.02798297389e-11, 2.57097176881e-10, 3.6793713909e-11, 3.36775225762e-11, 2.29392182333e-11, 3.37001260231e-11, 2.24152311296e-11], "max": [0.0245150327682, 0.0487481020391, 0.03080644086, 0.0147162601352, 0.00672206887975, 0.00280799693428, 0.00175400974695, 0.00141113030259, 0.00127921719104, 0.00109487189911, 0.00204883841798, 0.000507346296217, 0.00100829428993, 0.000892860232852, 0.00149736669846, 0.00144623592496, 0.00188898784108, 0.00125446973834, 0.00112074054778, 0.00125386088621, 0.000781566661317, 0.000377498392481, 0.000390747358324, 0.000228386823437, 0.000163318021805, 0.000147750062752, 6.13558877376e-05, 9.84845974017e-05, 7.41097610444e-05, 5.29297831235e-05, 4.35471556557e-05, 7.76001470513e-05, 9.12721079658e-05, 4.69930637337e-05, 0.000106181490992, 4.17633455072e-05, 3.18533238897e-05, 2.90806910925e-05, 3.38114805345e-05, 3.08782109641e-05], "mean": [0.00302456342615, 0.00388154177926, 0.00115539005492, 0.000478471745737, 0.00025064550573, 0.000144294754136, 0.000106757986941, 7.63022399042e-05, 5.2790488553e-05, 5.28615346411e-05, 8.89505681698e-05, 3.53310460923e-05, 4.57667665614e-05, 3.39690086548e-05, 4.22771699959e-05, 3.97061412514e-05, 6.06046523899e-05, 3.79973571398e-05, 3.00880983559e-05, 2.85744208668e-05, 1.96284563572e-05, 1.22463643493e-05, 1.19256792459e-05, 9.37280765356e-06, 6.31137027085e-06, 4.56282032246e-06, 3.28434362018e-06, 4.05208902521e-06, 3.93596974391e-06, 3.16826344715e-06, 2.6561190225e-06, 3.28781311509e-06, 3.53611085302e-06, 2.67820200861e-06, 2.65057701654e-06, 1.79478445261e-06, 1.68446638327e-06, 1.63761967542e-06, 1.82968892659e-06, 1.22936444313e-06], "median": [0.000179763272172, 0.000165997160366, 5.35332437721e-05, 5.69291878492e-05, 6.86288040015e-05, 5.93046934227e-05, 5.08828888997e-05, 3.39912148775e-05, 2.68426556431e-05, 2.90361094812e-05, 4.20328215114e-05, 1.99290916498e-05, 2.00452122954e-05, 1.59422197612e-05, 1.54049157572e-05, 1.28529118228e-05, 2.24609557335e-05, 1.13841851999e-05, 8.42706322146e-06, 6.92027606419e-06, 6.3047700678e-06, 4.45419163952e-06, 2.77291519524e-06, 2.66954475592e-06, 2.14097121898e-06, 1.3385595139e-06, 9.68622316577e-07, 9.94763695417e-07, 7.46717603306e-07, 5.65148297937e-07, 4.73261053457e-07, 4.67845154617e-07, 4.41722306732e-07, 3.39730092946e-07, 3.28715032083e-07, 2.49558610221e-07, 2.39237749611e-07, 2.18633175564e-07, 2.03832883017e-07, 1.49232192825e-07], "min": [1.24799002163e-23, 2.7782024474e-23, 9.89665448645e-24, 4.81358743403e-24, 3.56251793608e-24, 7.7354367191e-24, 1.13614563803e-23, 1.81300493968e-23, 1.08098453924e-23, 1.10914127264e-23, 2.06068880457e-23, 9.19066499704e-24, 1.4104948159e-23, 6.78396949321e-24, 1.55504269051e-23, 6.7013986334e-24, 8.26063901056e-24, 1.44201280674e-23, 1.52077804377e-23, 8.15793878703e-24, 6.09701127314e-24, 1.43074897742e-23, 8.09858804796e-24, 7.92935687341e-24, 8.44980470018e-24, 7.83627286431e-24, 1.98253051712e-23, 1.52042668512e-23, 1.18456292272e-23, 9.48409522138e-24, 1.1397091594e-23, 1.00365905224e-23, 8.07323090302e-24, 8.70810694841e-24, 1.01019373932e-23, 1.07034320006e-23, 8.25645015915e-24, 1.05831267682e-23, 1.09326931234e-23, 9.7471353682e-24], "var": [2.66896204266e-05, 6.25974789727e-05, 1.41887849168e-05, 1.99574060389e-06, 3.34402699309e-07, 6.2527163891e-08, 2.4263609788e-08, 1.50042236413e-08, 7.75668773656e-09, 6.10894268505e-09, 2.35535608795e-08, 1.99875782592e-09, 4.71865346796e-09, 3.33286953591e-09, 1.48835184177e-08, 1.36556073116e-08, 2.70417288561e-08, 1.30225679129e-08, 1.09085149802e-08, 1.22703056604e-08, 3.93475962923e-09, 1.18045562214e-09, 1.27363875002e-09, 5.94269633503e-10, 1.98466104662e-10, 1.31978886153e-10, 4.06474853776e-11, 9.89825027498e-11, 8.27989274366e-11, 4.35723158942e-11, 3.43337858144e-11, 7.05048103233e-11, 8.86464374128e-11, 3.60719266956e-11, 7.26371740534e-11, 1.92474751415e-11, 1.60821876649e-11, 1.25733945824e-11, 1.59747874651e-11, 9.19837123137e-12]}, "mfcc": {"mean": [-688.319030762, 114.433914185, -6.44980049133, 7.39211511612, 4.18863248825, 7.28843832016, -2.01408600807, -2.19659590721, -0.829018056393, 0.35057374835, -0.455463111401, -1.94823348522, -3.27547311783], "cov": [[10684.4462891, -928.541137695, 854.69921875, 387.738952637, 807.854858398, 669.885009766, 415.930664062, 633.624145508, 236.952850342, 156.413787842, 192.299758911, 118.933883667, 240.483154297], [-928.541137695, 2358.44165039, -338.729309082, 227.905502319, 17.2955989838, 71.359161377, 123.888420105, -19.4025745392, 122.096603394, 46.6637458801, 38.2384529114, 59.3923072815, -33.1539840698], [854.69921875, -338.729309082, 948.519470215, 190.507415771, 291.394195557, 302.67767334, 248.023620605, 142.775039673, 145.016693115, 93.98021698, 120.89666748, 84.7627410889, 94.8633880615], [387.738952637, 227.905502319, 190.507415771, 364.516815186, 215.158920288, 203.225311279, 153.356430054, 137.783981323, 94.9311523438, 76.4367294312, 81.8240814209, 79.8898773193, 64.2286071777], [807.854858398, 17.2955989838, 291.394195557, 215.158920288, 325.023468018, 222.961700439, 171.360794067, 155.782104492, 103.973083496, 69.0492172241, 90.5008010864, 68.2061386108, 71.21534729], [669.885009766, 71.359161377, 302.67767334, 203.225311279, 222.961700439, 352.877502441, 212.811737061, 127.009353638, 138.744613647, 91.7919158936, 102.799049377, 92.2689056396, 75.8615951538], [415.930664062, 123.888420105, 248.023620605, 153.356430054, 171.360794067, 212.811737061, 208.625762939, 137.323471069, 114.950294495, 77.3103942871, 81.844291687, 68.2618942261, 60.2002716064], [633.624145508, -19.4025745392, 142.775039673, 137.783981323, 155.782104492, 127.009353638, 137.323471069, 216.845077515, 103.729675293, 80.5795898438, 69.4599151611, 54.9426879883, 71.3969573975], [236.952850342, 122.096603394, 145.016693115, 94.9311523438, 103.973083496, 138.744613647, 114.950294495, 103.729675293, 151.007904053, 88.1296920776, 69.059677124, 55.4151191711, 51.7521743774], [156.413787842, 46.6637458801, 93.98021698, 76.4367294312, 69.0492172241, 91.7919158936, 77.3103942871, 80.5795898438, 88.1296920776, 111.783035278, 74.9636306763, 45.6885795593, 42.8746147156], [192.299758911, 38.2384529114, 120.89666748, 81.8240814209, 90.5008010864, 102.799049377, 81.844291687, 69.4599151611, 69.059677124, 74.9636306763, 99.4423141479, 65.3674926758, 43.5648956299], [118.933883667, 59.3923072815, 84.7627410889, 79.8898773193, 68.2061386108, 92.2689056396, 68.2618942261, 54.9426879883, 55.4151191711, 45.6885795593, 65.3674926758, 90.7118225098, 61.9975509644], [240.483154297, -33.1539840698, 94.8633880615, 64.2286071777, 71.21534729, 75.8615951538, 60.2002716064, 71.3969573975, 51.7521743774, 42.8746147156, 43.5648956299, 61.9975509644, 98.8210144043]], "icov": [[0.000137062554131, 1.93443756871e-05, -2.41846537392e-05, 0.000110609609692, -0.000223825190915, -0.000275510450592, 0.000263142545009, -0.000404875172535, 0.0001265280589, 8.54582540342e-05, -6.85842996972e-06, 0.000163441858604, -7.35693756724e-05], [1.93443756871e-05, 0.000671327521559, 0.000481335213408, -0.000567337672692, -1.25424894577e-05, 0.000472404441098, -0.00121927447617, 0.000838378560729, -0.000911284354515, 0.000182709511137, 6.69460059726e-05, -0.000388174812542, 0.000480251881527], [-2.41846537392e-05, 0.000481335213408, 0.0021024865564, -0.00022381778399, -0.000824656744953, 0.000144588455441, -0.00238422048278, 0.00142719142605, -0.000881795305759, 0.000424484198447, -0.000844169524498, 0.000616303295828, -0.000484756339574], [0.000110609609692, -0.000567337672692, -0.00022381778399, 0.00588591489941, -0.00249920948409, -0.00169868429657, 0.000792752951384, -0.00199286523275, 0.00172645540442, -0.00147774314974, 0.00128532538656, -0.00209135259502, 0.000474188738735], [-0.000223825190915, -1.25424894577e-05, -0.000824656744953, -0.00249920948409, 0.00890981126577, -0.0017879033694, -0.000808985612821, -0.00207516364753, -0.0001624852448, 0.00283319386654, -0.00376281677745, 0.00237820670009, -0.00107708969153], [-0.000275510450592, 0.000472404441098, 0.000144588455441, -0.00169868429657, -0.0017879033694, 0.0105672487989, -0.00815975572914, 0.00431938329712, -0.00321452016942, -0.000356330128852, 1.13353689812e-05, -0.00247213593684, 0.000204618801945], [0.000263142545009, -0.00121927447617, -0.00238422048278, 0.000792752951384, -0.000808985612821, -0.00815975572914, 0.0221533235162, -0.00811799615622, -0.000842433189973, 0.000618607620709, -0.00118265615311, -0.000422408134909, 0.000899877340999], [-0.000404875172535, 0.000838378560729, 0.00142719142605, -0.00199286523275, -0.00207516364753, 0.00431938329712, -0.00811799615622, 0.0138692706823, -0.00396521063522, -0.00233160494827, -8.25121605885e-06, 0.00116667605471, -0.00334376934916], [0.0001265280589, -0.000911284354515, -0.000881795305759, 0.00172645540442, -0.0001624852448, -0.00321452016942, -0.000842433189973, -0.00396521063522, 0.0185680314898, -0.00918410625309, 0.00205013388768, -0.00168090988882, -0.000515094026923], [8.54582540342e-05, 0.000182709511137, 0.000424484198447, -0.00147774314974, 0.00283319386654, -0.000356330128852, 0.000618607620709, -0.00233160494827, -0.00918410625309, 0.0265305787325, -0.0172784402966, 0.00693551450968, -0.00348910223693], [-6.85842996972e-06, 6.69460059726e-05, -0.000844169524498, 0.00128532538656, -0.00376281677745, 1.13353689812e-05, -0.00118265615311, -8.25121605885e-06, 0.00205013388768, -0.0172784402966, 0.0360711924732, -0.0194027926773, 0.00613721879199], [0.000163441858604, -0.000388174812542, 0.000616303295828, -0.00209135259502, 0.00237820670009, -0.00247213593684, -0.000422408134909, 0.00116667605471, -0.00168090988882, 0.00693551450968, -0.0194027926773, 0.0348419845104, -0.0155959855765], [-7.35693756724e-05, 0.000480251881527, -0.000484756339574, 0.000474188738735, -0.00107708969153, 0.000204618801945, 0.000899877340999, -0.00334376934916, -0.000515094026923, -0.00348910223693, 0.00613721879199, -0.0155959855765, 0.0219658240676]]}, "spectral_contrast_coeffs": {"dmean": [0.0538687631488, 0.0398985259235, 0.0421649739146, 0.0340422689915, 0.0228651221842, 0.0206098947674], "dmean2": [0.0769989341497, 0.0649662092328, 0.0685144141316, 0.0565210431814, 0.0381935015321, 0.0335003808141], "dvar": [0.00243531144224, 0.0011545867892, 0.00142877118196, 0.00100830302108, 0.00040901786997, 0.000438463612227], "dvar2": [0.00469927676022, 0.00309918099083, 0.00365807092749, 0.0026136522647, 0.00101655966137, 0.00101580913179], "max": [-0.35691100359, -0.531783044338, -0.531095981598, -0.59003663063, -0.631160140038, -0.649951100349], "mean": [-0.633381307125, -0.739194869995, -0.753446161747, -0.774545252323, -0.798979043961, -0.78420996666], "median": [-0.635195076466, -0.73972594738, -0.755162119865, -0.775694787502, -0.803504705429, -0.793705940247], "min": [-0.95399159193, -0.96084022522, -0.961187541485, -0.954249203205, -0.959786951542, -0.961392998695], "var": [0.00963075179607, 0.00342916045338, 0.00446967966855, 0.00263215159066, 0.00130340235773, 0.00184635957703]}, "spectral_contrast_valleys": {"dmean": [0.563103675842, 0.433891952038, 0.419875651598, 0.424509465694, 0.406984567642, 0.509698629379], "dmean2": [0.830980062485, 0.703226029873, 0.681511700153, 0.652762413025, 0.609989285469, 0.734283268452], "dvar": [0.430028438568, 0.28564286232, 0.27630224824, 0.322310715914, 0.304935514927, 0.510489404202], "dvar2": [0.672604978085, 0.600498795509, 0.58987557888, 0.658930718899, 0.624582052231, 0.999018371105], "max": [-5.17676734924, -4.9685254097, -5.47336816788, -4.84294843674, -5.63654756546, -7.63462543488], "mean": [-8.27952384949, -7.36649417877, -7.81657409668