{"lowlevel": {"average_loudness": 0.944332957268, "barkbands_crest": {"dmean": 1.80581068993, "dmean2": 2.87184119225, "dvar": 2.69732260704, "dvar2": 7.30417871475, "max": 25.5918941498, "mean": 11.3073377609, "median": 10.5082588196, "min": 3.88945531845, "var": 16.9908733368}, "barkbands_flatness_db": {"dmean": 0.0225917454809, "dmean2": 0.0329558290541, "dvar": 0.000483743468067, "dvar2": 0.00108960759826, "max": 0.433902233839, "mean": 0.170477151871, "median": 0.160027936101, "min": 0.0381061695516, "var": 0.00491880765185}, "barkbands_kurtosis": {"dmean": 2.54995656013, "dmean2": 3.90904402733, "dvar": 11.2579965591, "dvar2": 26.1501140594, "max": 65.7885818481, "mean": 5.45206212997, "median": 3.48746299744, "min": -1.69109022617, "var": 44.5195655823}, "barkbands_skewness": {"dmean": 0.426587641239, "dmean2": 0.650679826736, "dvar": 0.190833717585, "dvar2": 0.450491845608, "max": 6.93116092682, "mean": 1.92552268505, "median": 1.74624013901, "min": -2.0382809639, "var": 0.928212285042}, "barkbands_spread": {"dmean": 4.57652759552, "dmean2": 6.24601125717, "dvar": 22.8285083771, "dvar2": 41.9365386963, "max": 62.7933120728, "mean": 18.0012836456, "median": 15.6879444122, "min": 0.619398295879, "var": 128.776000977}, "dissonance": {"dmean": 0.0175717063248, "dmean2": 0.0284314732999, "dvar": 0.000346286746208, "dvar2": 0.000825281953439, "max": 0.499999880791, "mean": 0.453073740005, "median": 0.468936741352, "min": 0.224076464772, "var": 0.00215261662379}, "dynamic_complexity": 4.58130741119, "erbbands_crest": {"dmean": 2.30193853378, "dmean2": 3.51992559433, "dvar": 5.03075647354, "dvar2": 11.0146627426, "max": 30.9169425964, "mean": 10.5820426941, "median": 8.77629947662, "min": 2.62044024467, "var": 36.7372207642}, "erbbands_flatness_db": {"dmean": 0.0160523299128, "dmean2": 0.0214523281902, "dvar": 0.00025779302814, "dvar2": 0.000477494410006, "max": 0.491221010685, "mean": 0.180448323488, "median": 0.152787312865, "min": 0.0873929783702, "var": 0.00686550280079}, "erbbands_kurtosis": {"dmean": 1.06307423115, "dmean2": 1.53977632523, "dvar": 2.87228393555, "dvar2": 6.00582647324, "max": 32.1304206848, "mean": 1.36764848232, "median": -0.130646467209, "min": -1.85126960278, "var": 13.8414287567}, "erbbands_skewness": {"dmean": 0.323777407408, "dmean2": 0.475455969572, "dvar": 0.0838169381022, "dvar2": 0.179775089025, "max": 4.91507196426, "mean": 0.706206440926, "median": 0.474435806274, "min": -1.26443254948, "var": 0.889963388443}, "erbbands_spread": {"dmean": 6.71075773239, "dmean2": 8.98770046234, "dvar": 46.8214454651, "dvar2": 78.0891189575, "max": 100.786682129, "mean": 35.4291343689, "median": 35.3819961548, "min": 1.80821406841, "var": 332.770172119}, "hfc": {"dmean": 5.78989696503, "dmean2": 7.5846862793, "dvar": 68.842010498, "dvar2": 122.164680481, "max": 82.343788147, "mean": 20.6090755463, "median": 16.9546947479, "min": 1.14616197083e-16, "var": 244.720062256}, "melbands_crest": {"dmean": 2.47900247574, "dmean2": 4.1784362793, "dvar": 6.14439868927, "dvar2": 18.0047874451, "max": 29.3942737579, "mean": 14.9363031387, "median": 14.2165117264, "min": 1.97217094898, "var": 17.748752594}, "melbands_flatness_db": {"dmean": 0.0277464706451, "dmean2": 0.0404955632985, "dvar": 0.00079705088865, "dvar2": 0.00180700374767, "max": 0.462899535894, "mean": 0.23180693388, "median": 0.229248940945, "min": 0.00484929373488, "var": 0.00465050665662}, "melbands_kurtosis": {"dmean": 5.40893507004, "dmean2": 8.44240665436, "dvar": 49.396522522, "dvar2": 126.310462952, "max": 93.4946289062, "mean": 13.8222103119, "median": 10.4347953796, "min": -1.28465735912, "var": 132.00163269}, "melbands_skewness": {"dmean": 0.565452754498, "dmean2": 0.859971404076, "dvar": 0.327766686678, "dvar2": 0.805198609829, "max": 8.06248283386, "mean": 2.85981702805, "median": 2.73736786842, "min": -0.233406379819, "var": 1.35526430607}, "melbands_spread": {"dmean": 4.30125761032, "dmean2": 6.25000047684, "dvar": 30.2370967865, "dvar2": 56.3911361694, "max": 153.070053101, "mean": 15.8467416763, "median": 13.3414440155, "min": 1.01131784916, "var": 129.11227417}, "pitch_salience": {"dmean": 0.0574796237051, "dmean2": 0.093251273036, "dvar": 0.00283300573938, "dvar2": 0.0078962277621, "max": 0.933178603649, "mean": 0.520604968071, "median": 0.513525426388, "min": 0.169951111078, "var": 0.00904553290457}, "silence_rate_20dB": {"dmean": 0, "dmean2": 0, "dvar": 0, "dvar2": 0, "max": 1, "mean": 1, "median": 1, "min": 1, "var": 0}, "silence_rate_30dB": {"dmean": 0.00652173906565, "dmean2": 0.013050571084, "dvar": 0.00647930148989, "dvar2": 0.0194057449698, "max": 1, "mean": 0.996740877628, "median": 1, "min": 0, "var": 0.00324846967123}, "silence_rate_60dB": {"dmean": 0.00326086953282, "dmean2": 0.00652528554201, "dvar": 0.00325020193122, "dvar2": 0.00648278510198, "max": 1, "mean": 0.11515481025, "median": 0, "min": 0, "var": 0.101893402636}, "spectral_centroid": {"dmean": 222.555328369, "dmean2": 303.678771973, "dvar": 135569.015625, "dvar2": 208254.40625, "max": 11207.390625, "mean": 1094.41394043, "median": 925.413024902, "min": 388.853027344, "var": 404134.75}, "spectral_complexity": {"dmean": 3.82934784889, "dmean2": 5.59434461594, "dvar": 20.9077968597, "dvar2": 38.2498168945, "max": 53, "mean": 19.5817489624, "median": 18, "min": 0, "var": 129.830123901}, "spectral_decrease": {"dmean": 2.30170682514e-09, "dmean2": 3.68688435337e-09, "dvar": 1.19184384734e-17, "dvar2": 3.14564974815e-17, "max": -5.0085249642e-29, "mean": -9.56114298845e-09, "median": -9.2844016919e-09, "min": -3.79965214847e-08, "var": 3.45303337249e-17}, "spectral_energy": {"dmean": 0.00903340801597, "dmean2": 0.0143368579447, "dvar": 0.000178930422408, "dvar2": 0.000465635006549, "max": 0.146785840392, "mean": 0.0379553213716, "median": 0.0368160679936, "min": 1.06521702033e-20, "var": 0.000537802872714}, "spectral_energyband_high": {"dmean": 0.000504828931298, "dmean2": 0.000594150274992, "dvar": 5.33880665898e-07, "dvar2": 8.07227422683e-07, "max": 0.00678475620225, "mean": 0.000982584315352, "median": 0.000429462350439, "min": 7.48171777798e-21, "var": 1.53830319505e-06}, "spectral_energyband_low": {"dmean": 0.00632491521537, "dmean2": 0.01107373368, "dvar": 0.000150755353388, "dvar2": 0.000435757858213, "max": 0.114250138402, "mean": 0.0179173126817, "median": 0.0156472641975, "min": 5.63598896945e-23, "var": 0.000235734580201}, "spectral_energyband_middle_high": {"dmean": 0.00150886818301, "dmean2": 0.00220138579607, "dvar": 6.228905022e-06, "dvar2": 1.21809389384e-05, "max": 0.0273316670209, "mean": 0.00448093051091, "median": 0.00353344948962, "min": 1.63269741333e-21, "var": 1.73384742084e-05}, "spectral_energyband_middle_low": {"dmean": 0.00436019478366, "dmean2": 0.0069478424266, "dvar": 3.12442643917e-05, "dvar2": 8.53831952554e-05, "max": 0.0557752810419, "mean": 0.0159068349749, "median": 0.0144173400477, "min": 3.02023589096e-22, "var": 0.000117363415484}, "spectral_entropy": {"dmean": 0.180206149817, "dmean2": 0.258272558451, "dvar": 0.0354075431824, "dvar2": 0.0705118328333, "max": 9.81067180634, "mean": 7.42041778564, "median": 7.54936599731, "min": 5.37862825394, "var": 0.351761579514}, "spectral_flux": {"dmean": 0.0196804758161, "dmean2": 0.0298470277339, "dvar": 0.000668314052746, "dvar2": 0.00144817458931, "max": 0.259892165661, "mean": 0.0732136890292, "median": 0.0652846693993, "min": 6.69621302851e-11, "var": 0.00225939881057}, "spectral_kurtosis": {"dmean": 2.31497812271, "dmean2": 3.8584663868, "dvar": 18.5085296631, "dvar2": 51.1459197998, "max": 61.4026184082, "mean": 5.68217229843, "median": 3.07822799683, "min": -1.24984872341, "var": 61.3706359863}, "spectral_rms": {"dmean": 0.000639375823084, "dmean2": 0.000994358793832, "dvar": 6.80878486037e-07, "dvar2": 1.76701496457e-06, "max": 0.0119668589905, "mean": 0.00560881663114, "median": 0.0059931720607, "min": 3.22371860109e-12, "var": 5.57068324269e-06}, "spectral_rolloff": {"dmean": 284.425048828, "dmean2": 439.22454834, "dvar": 364655.90625, "dvar2": 603205.4375, "max": 19121.484375, "mean": 983.439880371, "median": 689.0625, "min": 150.732421875, "var": 1578596.5}, "spectral_skewness": {"dmean": 0.277608156204, "dmean2": 0.418926656246, "dvar": 0.113278120756, "dvar2": 0.284159362316, "max": 6.22961950302, "mean": 1.65285634995, "median": 1.44563150406, "min": -0.0171691477299, "var": 0.660447120667}, "spectral_spread": {"dmean": 528426.125, "dmean2": 713445.0625, "dvar": 1434173177860.0, "dvar2": 2199234543620.0, "max": 42095452, "mean": 4508599.5, "median": 4560088.5, "min": 1146747.875, "var": 4136866938880.0}, "spectral_strongpeak": {"dmean": 0.293975114822, "dmean2": 0.515826523304, "dvar": 0.329055547714, "dvar2": 0.836592018604, "max": 5.72210693359, "mean": 0.66718351841, "median": 0.340073645115, "min": 0, "var": 0.680984199047}, "zerocrossingrate": {"dmean": 0.00872298516333, "dmean2": 0.00949480012059, "dvar": 0.000137928625918, "dvar2": 0.000135951675475, "max": 0.53369140625, "mean": 0.0486965738237, "median": 0.041015625, "min": 0.0107421875, "var": 0.00136860657949}, "barkbands": {"dmean": [3.19203209074e-05, 0.00303382822312, 0.00378529238515, 0.00124913011678, 0.00247004930861, 0.000664062972646, 0.000788694364019, 0.00117247109301, 0.000646925414912, 0.00046776959789, 0.000176711328095, 0.000382759550121, 0.000226079835556, 0.000319544400554, 0.000406285835197, 0.000284445122816, 0.000162611206179, 5.36905827175e-05, 8.30647622934e-05, 0.000137291150168, 0.000162055337569, 0.00014888739679, 9.06193308765e-05, 4.13439229305e-05, 2.85355381493e-05, 3.72714862351e-06, 3.55048825895e-07], "dmean2": [5.14307466801e-05, 0.00529070617631, 0.00680140871555, 0.00220037205145, 0.00416554370895, 0.000965674000327, 0.00114296365064, 0.00167742324993, 0.000953231705353, 0.000678668671753, 0.000267260416877, 0.000596338126343, 0.000361570564564, 0.000484847754706, 0.000592166092247, 0.000463491684059, 0.000255122926319, 8.48079725984e-05, 0.000130293890834, 0.000177678361069, 0.00021819351241, 0.000206873432035, 0.000128074898385, 5.11649486725e-05, 3.66324748029e-05, 4.68921462016e-06, 5.16238799264e-07], "dvar": [7.36794802947e-09, 3.03984743368e-05, 6.28745547147e-05, 7.34225750421e-06, 1.43282468343e-05, 1.00541569736e-06, 1.39399890031e-06, 4.51328696727e-06, 1.90274795386e-06, 6.58771114104e-07, 1.54244617079e-07, 4.12718833331e-07, 2.46564923145e-07, 4.5287993089e-07, 4.00765145514e-07, 2.51488330605e-07, 9.67383471107e-08, 8.99000873744e-09, 1.8464175966e-08, 4.3717378162e-08, 6.03880963013e-08, 5.0314326927e-08, 1.84116260016e-08, 3.91282295453e-09, 9.7697405721e-10, 5.07156920626e-11, 2.38270362642e-12], "dvar2": [1.80239680958e-08, 8.81786036189e-05, 0.000182258489076, 2.17967699427e-05, 4.34029861935e-05, 2.22676317208e-06, 2.99413841276e-06, 8.90416504262e-06, 2.91022729471e-06, 1.30205364712e-06, 2.89942590825e-07, 9.90068087958e-07, 5.6774854329e-07, 6.73430804454e-07, 8.11250686183e-07, 6.37450909835e-07, 2.16505071648e-07, 2.01705070424e-08, 4.00226696229e-08, 6.82438638933e-08, 1.07252930093e-07, 9.56605177294e-08, 3.38066179495e-08, 5.95842442053e-09, 1.5247040297e-09, 8.77960343315e-11, 5.63718949992e-12], "max": [0.00119270081632, 0.057846929878, 0.0691056549549, 0.0238708872348, 0.0315500423312, 0.0207866802812, 0.0256532784551, 0.0367392152548, 0.0471764430404, 0.013785389252, 0.00853330641985, 0.0144825726748, 0.00536223920062, 0.0130606498569, 0.00910660810769, 0.00616086367518, 0.00391102349386, 0.00121750507969, 0.00140325853135, 0.00193866516929, 0.00230572768487, 0.00167865725234, 0.00125748442952, 0.000649652967695, 0.000273661833489, 0.000112633089884, 7.90919293649e-05], "mean": [0.000115125811135, 0.0117554850876, 0.00497408304363, 0.00187351880595, 0.00482860207558, 0.00164831522852, 0.00263590319082, 0.00292041874491, 0.00149474141654, 0.000947701861151, 0.0003074145352, 0.000651025096886, 0.000333903037244, 0.000498511013575, 0.000845547823701, 0.000506365671754, 0.000283465778921, 8.51339282235e-05, 0.000160308612976, 0.000283578701783, 0.000295820820611, 0.000232418387895, 0.000149198720464, 7.19245290384e-05, 4.8921603593e-05, 6.92076082487e-06, 9.76458181867e-07], "median": [4.71868333989e-05, 0.0103270485997, 0.00262807426043, 0.000954141141847, 0.00373716140166, 0.000902382307686, 0.00108643586282, 0.00109460309613, 0.000569915922824, 0.000518739630934, 0.000120546777907, 0.000323599844705, 0.000170262981555, 0.000179879440111, 0.000399056472816, 0.000318590726238, 0.000152907668962, 4.61830422864e-05, 7.36824222258e-05, 0.000127405466628, 0.000118066833238, 6.43704406684e-05, 7.93660728959e-05, 2.68129369942e-05, 3.50866976078e-05, 1.56309022259e-06, 2.94603772488e-08], "min": [3.53176340483e-24, 1.54220792358e-23, 1.65669294017e-23, 1.16211825225e-23, 3.51336306645e-23, 3.75828670703e-23, 3.0330878235e-23, 4.86110604838e-23, 1.83874547102e-23, 4.28690681724e-23, 4.13755619968e-23, 6.00426079444e-23, 4.35269024367e-23, 1.22702934051e-22, 1.48677397357e-22, 8.21107961305e-23, 1.41388562406e-22, 2.04118516532e-22, 2.49710928187e-22, 2.68300631056e-22, 4.20476064859e-22, 6.39953703216e-22, 5.66720602562e-22, 7.37840512071e-22, 1.0567022299e-21, 1.56779554212e-21, 2.1799315107e-21], "var": [2.57062513498e-08, 9.62125777733e-05, 5.74902696826e-05, 7.90859667177e-06, 2.14828996832e-05, 4.84105703435e-06, 1.53598775796e-05, 2.34459566855e-05, 1.58982038556e-05, 1.74268700448e-06, 4.05138024462e-07, 8.6948949729e-07, 3.37754670454e-07, 1.16008936857e-06, 1.46711101934e-06, 3.9670058527e-07, 1.61569275292e-07, 1.3787696318e-08, 4.87426916607e-08, 1.39345473826e-07, 1.52383606178e-07, 1.1571548697e-07, 3.59158782715e-08, 9.48711065263e-09, 2.55008081318e-09, 1.73762546019e-10, 3.06420860907e-11]}, "erbbands": {"dmean": [0.0451433211565, 0.849021792412, 3.94026446342, 4.32518196106, 4.71722507477, 10.200920105, 7.32349061966, 5.65000724792, 13.1297540665, 13.8933954239, 23.8243656158, 17.7670326233, 14.6129322052, 7.91613197327, 10.3518133163, 16.2193756104, 10.5451669693, 15.8374185562, 22.2959098816, 16.9169235229, 11.2431297302, 7.53561115265, 3.94789624214, 3.65062618256, 4.60453414917, 6.32346200943, 6.89033508301, 7.45557069778, 5.10566854477, 4.06836938858, 2.04207992554, 0.991362214088, 0.610148072243, 0.354615807533, 0.187146291137, 0.026563057676, 0.00566966971382, 0.000719749834388, 6.51939117233e-05, 1.18801872304e-05], "dmean2": [0.0758384615183, 1.48953604698, 6.99377250671, 7.60090208054, 8.44867610931, 16.885351181, 11.7527399063, 8.43724536896, 18.4414100647, 19.0892887115, 35.6827964783, 25.4440631866, 20.9656276703, 11.8430309296, 15.4676742554, 24.4137783051, 16.6594638824, 24.3270568848, 32.1091003418, 25.4316864014, 18.1111068726, 11.5675649643, 6.14601230621, 5.99995660782, 7.01434087753, 8.28683662415, 9.5717716217, 9.29301738739, 6.98434400558, 5.76331329346, 2.84327125549, 1.21107459068, 0.78054523468, 0.441910624504, 0.240268200636, 0.0333441533148, 0.00724900560454, 0.000970289518591, 9.10148664843e-05, 1.78485643119e-05], "dvar": [0.0114705236629, 2.34032535553, 66.1672286987, 74.4645233154, 77.4117507935, 304.921081543, 170.071456909, 80.075843811, 367.033538818, 1125.17700195, 1808.95568848, 1436.50280762, 900.763427734, 186.135299683, 472.453674316, 814.527404785, 499.468780518, 1165.29882812, 1257.73278809, 681.132873535, 418.965484619, 216.522644043, 42.0561218262, 43.1703987122, 53.694442749, 91.6814804077, 111.686424255, 137.45904541, 56.8120574951, 29.1933708191, 13.0642576218, 2.20323252678, 0.989131271839, 0.184098064899, 0.042643584311, 0.00186071719509, 0.000138065370265, 3.1771983231e-06, 6.0945076541e-08, 2.82260798068e-10], "dvar2": [0.0310691390187, 6.87913227081, 191.619644165, 217.76651001, 227.757904053, 962.76550293, 474.740753174, 182.30380249, 725.134094238, 2376.50805664, 3658.40185547, 2044.49267578, 1745.94897461, 372.264282227, 939.934143066, 1729.46337891, 1158.13232422, 1849.49987793, 2544.96582031, 1382.9296875, 1056.7935791, 437.839202881, 86.6291351318, 92.8661727905, 112.689544678, 144.161941528, 206.186126709, 241.009674072, 103.94128418, 61.3590164185, 24.9747924805, 3.44334673882, 1.54181981087, 0.275021672249, 0.0828576013446, 0.00314794830047, 0.000266842776909, 6.22824290986e-06, 1.36194969969e-07, 6.75727473975e-10], "max": [1.6239887476, 14.3856906891, 71.9845962524, 80.1159973145, 81.1820449829, 161.229400635, 180.289291382, 181.436050415, 390.44229126, 659.402587891, 890.242736816, 1349.54772949, 538.717529297, 229.754547119, 468.172393799, 714.280090332, 240.500335693, 653.403747559, 579.715759277, 444.38873291, 246.563186646, 135.005264282, 76.2921447754, 73.773979187, 67.6849975586, 92.1604995728, 97.2859649658, 100.091026306, 58.989730835, 42.8724136353, 38.0916213989, 13.9794883728, 10.7199983597, 3.9552936554, 1.67855024338, 0.545230507851, 0.30751773715, 0.0923872590065, 0.0131854759529, 0.00046354229562], "mean": [0.252361863852, 2.9222548008, 6.25229692459, 6.19169569016, 7.7673997879, 19.1206455231, 16.0449123383, 14.345035553, 44.0491485596, 39.0742988586, 58.4672889709, 44.9907112122, 28.1591186523, 19.2569236755, 19.1319980621, 29.8136005402, 16.6445446014, 26.5697650909, 44.2823295593, 33.8413314819, 22.1240940094, 14.1307058334, 6.66635131836, 6.41873645782, 9.0460319519, 13.1611204147, 12.8342514038, 12.7189207077, 8.01597118378, 6.50157833099, 3.38462781906, 1.67584836483, 1.08146882057, 0.637104392052, 0.297422677279, 0.0490508601069, 0.010463279672, 0.00173630099744, 0.000184741526027, 4.98151894135e-05], "median": [0.140800178051, 2.64463877678, 4.30499505997, 3.61029887199, 4.95148468018, 13.8354740143, 10.3213911057, 8.77743911743, 18.5601902008, 19.8297214508, 23.5330677032, 19.3632087708, 12.1395549774, 10.9937677383, 10.0263967514, 13.8847341537, 9.76763057709, 11.8574647903, 20.467168808, 22.1410255432, 14.3475561142, 7.64322471619, 3.8289809227, 3.19331121445, 4.04245185852, 5.85584068298, 5.85359430313, 3.86188316345, 2.33496880531, 3.36273598671, 1.49067389965, 0.575793802738, 0.44886547327, 0.393090933561, 0.219753086567, 0.0209929607809, 0.00219091493636, 0.000185349534149, 3.33219359163e-05, 4.74339394714e-05], "min": [3.7140141922e-22, 3.88315859206e-21, 1.10677896871e-20, 4.66093430772e-20, 8.50915397008e-20, 1.27251100216e-19, 6.91461147419e-20, 2.80955539818e-19, 4.28953402546e-19, 6.14532277702e-19, 1.13932517831e-18, 5.06414756858e-19, 8.47868192878e-19, 1.40854765228e-18, 2.57405950763e-18, 2.6659545174e-18, 2.34396784652e-18, 4.9246342525e-18, 6.66901547571e-18, 6.61493564804e-18, 5.09906803212e-18, 9.48668629119e-18, 1.09371210255e-17, 1.43259377201e-17, 1.19484336968e-17, 1.01578176268e-17, 1.37914797827e-17, 1.75572112495e-17, 2.31359935789e-17, 1.5984955972e-17, 1.77254812928e-17, 1.49186275182e-17, 1.05225637451e-17, 9.23571969334e-18, 9.05415851197e-18, 6.07791758666e-18, 2.92354579798e-18, 1.28836068742e-18, 2.340431546e-19, 3.04451223839e-20], "var": [0.0677244514227, 6.02136182785, 64.2639770508, 77.8382415771, 88.2288665771, 406.731414795, 341.29989624, 346.587493896, 3894.91088867, 3990.43066406, 10073.3056641, 12741.9335938, 2385.35058594, 741.002258301, 1165.4005127, 2014.13806152, 662.082946777, 2854.18798828, 4293.82226562, 1730.34130859, 701.133239746, 415.732208252, 75.724609375, 82.2054748535, 147.520736694, 295.06829834, 268.160980225, 347.111663818, 133.118530273, 60.9328842163, 23.107673645, 5.27751159668, 2.19803333282, 0.508494377136, 0.0913246050477, 0.0054510361515, 0.000586801616009, 4.38706229033e-05, 7.54650955059e-07, 1.38991551601e-09]}, "gfcc": {"mean": [-41.7810211182, 107.939758301, -126.335884094, 27.8981933594, -68.089263916, 15.2299757004, -34.6682434082, 4.1528134346, -11.2454414368, 7.4281411171, -17.100227356, -10.414937973, -3.78749918938], "cov": [[43561.8515625, 3385.86010742, 3936.71606445, 7307.2734375, 270.264251709, 2451.32592773, -1070.32470703, -618.009765625, -1196.1151123, 162.945480347, -137.941986084, 788.04119873, 839.417602539], [3385.86010742, 1369.51098633, -11.021317482, 543.985778809, 269.627746582, 36.4641647339, 45.0136642456, -143.8646698, -14.9977626801, -166.328659058, 15.572432518, -85.6773147583, 104.818878174], [3936.71606445, -11.021317482, 1294.61169434, 1061.2052002, 36.5854873657, 523.750427246, -142.829269409, 20.9057388306, -108.629272461, 121.0626297, 37.6837081909, 214.751403809, 135.806167603], [7307.2734375, 543.985778809, 1061.2052002, 2012.31738281, 338.526733398, 768.945251465, -36.7550239563, 54.9820518494, -85.1848983765, 124.585662842, 32.2038002014, 213.268569946, 253.911697388], [270.264251709, 269.627746582, 36.5854873657, 338.526733398, 412.061981201, 193.356246948, 88.0594863892, 91.4364929199, 87.9273147583, 5.16779375076, 18.439157486, 2.76063156128, 64.6781616211], [2451.32592773, 36.4641647339, 523.750427246, 768.945251465, 193.356246948, 472.100372314, -5.26969051361, 119.062210083, -2.09974575043, 102.731521606, 27.0310783386, 116.376731873, 104.801582336], [-1070.32470703, 45.0136642456, -142.829269409, -36.7550239563, 88.0594863892, -5.26969051361, 155.931350708, 61.7666397095, 77.9216537476, -10.6555204391, -0.369296312332, -42.9769477844, -10.7809524536], [-618.009765625, -143.8646698, 20.9057388306, 54.9820518494, 91.4364929199, 119.062210083, 61.7666397095, 170.218399048, 100.688293457, 70.2023849487, 20.21393013, 20.374874115, 9.63043689728], [-1196.1151123, -14.9977626801, -108.629272461, -85.1848983765, 87.9273147583, -2.09974575043, 77.9216537476, 100.688293457, 149.756286621, 48.2685279846, 24.1334953308, -21.8527202606, -9.88693809509], [162.945480347, -166.328659058, 121.0626297, 124.585662842, 5.16779375076, 102.731521606, -10.6555204391, 70.2023849487, 48.2685279846, 118.014770508, 42.6712265015, 51.3637428284, 17.9222068787], [-137.941986084, 15.572432518, 37.6837081909, 32.2038002014, 18.439157486, 27.0310783386, -0.369296312332, 20.21393013, 24.1334953308, 42.6712265015, 75.2784118652, 46.7962493896, 25.7528743744], [788.04119873, -85.6773147583, 214.751403809, 213.268569946, 2.76063156128, 116.376731873, -42.9769477844, 20.374874115, -21.8527202606, 51.3637428284, 46.7962493896, 113.0909729, 63.3362541199], [839.417602539, 104.818878174, 135.806167603, 253.911697388, 64.6781616211, 104.801582336, -10.7809524536, 9.63043689728, -9.88693809509, 17.9222068787, 25.7528743744, 63.3362541199, 102.365859985]], "icov": [[0.000259570311755, -0.000856355531141, 0.000261149543803, -0.000653054390568, 0.000396135466872, -0.000234313687542, 0.000899098929949, -0.000223962706514, 0.00123483140487, -0.0013971759472, 0.00188671320211, -0.00156863487791, 0.000986893894151], [-0.000856355531141, 0.0052775866352, -0.000759804912377, 0.00100135011598, -0.00161831534933, 0.000658910139464, -0.00189141812734, 0.00251025310718, -0.00615910068154, 0.00907281506807, -0.0106714339927, 0.00995243433863, -0.00560147454962], [0.000261149543803, -0.000759804912377, 0.00240210932679, -0.00119467335753, 0.00107949553058, -0.00211695581675, 0.00183848675806, 0.000718856812455, 0.000570485775825, -0.000903217704035, 0.00202582869679, -0.00328701455146, 0.0017616340192], [-0.000653054390568, 0.00100135011598, -0.00119467335753, 0.00414144061506, -0.00124958425295, -0.00186540128198, -0.00349921756424, 0.00159548432566, -0.00201248610392, 0.000727775506675, -0.00195155246183, 0.00200982973911, -0.00325148692355], [0.000396135466872, -0.00161831534933, 0.00107949553058, -0.00124958425295, 0.00580088701099, -0.00335241807625, 0.00106506457087, -0.000402034114813, -0.00142091256566, 0.000925311003812, 0.00168129988015, -0.0013413708657, 0.000100795470644], [-0.000234313687542, 0.000658910139464, -0.00211695581675, -0.00186540128198, -0.00335241807625, 0.0126657253131, -0.00131395913195, -0.00726836640388, 0.00422302633524, -0.00294405128807, 2.56434032053e-05, 9.94737492874e-05, -0.000765961885918], [0.000899098929949, -0.00189141812734, 0.00183848675806, -0.00349921756424, 0.00106506457087, -0.00131395913195, 0.0152183035389, -0.00308227562346, -0.000825217575766, 0.0013210439356, 0.00245092529804, -0.00010221912089, 0.00250515388325], [-0.000223962706514, 0.00251025310718, 0.000718856812455, 0.00159548432566, -0.000402034114813, -0.00726836640388, -0.00308227562346, 0.0197448749095, -0.0118650216609, 0.00107936630957, -0.00109941896517, 0.000287496310193, -0.00136815768201], [0.00123483140487, -0.00615910068154, 0.000570485775825, -0.00201248610392, -0.00142091256566, 0.00422302633524, -0.000825217575766, -0.0118650216609, 0.0285158343613, -0.0188115369529, 0.00949510466307, -0.00590802496299, 0.00533385295421], [-0.0013971759472, 0.00907281506807, -0.000903217704035, 0.000727775506675, 0.000925311003812, -0.00294405128807, 0.0013210439356, 0.00107936630957, -0.0188115369529, 0.0370923280716, -0.0251083951443, 0.0138278556988, -0.00652298843488], [0.00188671320211, -0.0106714339927, 0.00202582869679, -0.00195155246183, 0.00168129988015, 2.56434032053e-05, 0.00245092529804, -0.00109941896517, 0.00949510466307, -0.0251083951443, 0.046204727143, -0.0320377126336, 0.0103933997452], [-0.00156863487791, 0.00995243433863, -0.00328701455146, 0.00200982973911, -0.0013413708657, 9.94737492874e-05, -0.00010221912089, 0.000287496310193, -0.00590802496299, 0.0138278556988, -0.0320377126336, 0.0475260466337, -0.02158161439], [0.000986893894151, -0.00560147454962, 0.0017616340192, -0.00325148692355, 0.000100795470644, -0.000765961885918, 0.00250515388325, -0.00136815768201, 0.00533385295421, -0.00652298843488, 0.0103933997452, -0.02158161439, 0.0266484674066]]}, "melbands": {"dmean": [0.000603902852163, 0.00169649487361, 0.000667547632474, 0.000507207412738, 0.00033641923801, 0.00013079069322, 0.000190857070265, 0.000168232596479, 0.000194641092094, 9.8599899502e-05, 7.19920208212e-05, 3.29614922521e-05, 2.65685685008e-05, 4.80748603877e-05, 3.18198326568e-05, 1.75804525497e-05, 3.33512543875e-05, 3.53146388079e-05, 2.31190097111e-05, 2.80397835013e-05, 1.14931199278e-05, 9.13125131774e-06, 6.65685911372e-06, 1.81597522442e-06, 3.32530999003e-06, 3.19370587931e-06, 4.20502283305e-06, 4.52335962109e-06, 4.91077162224e-06, 3.59072168976e-06, 4.85658165417e-06, 3.32492618327e-06, 2.22232870328e-06, 2.55994541476e-06, 1.35405866786e-06, 7.50471542688e-07, 5.60190642318e-07, 4.87731995236e-07, 2.96057379501e-07, 3.26872566347e-07], "dmean2": [0.00104394752998, 0.00301177590154, 0.00115621334407, 0.000878497026861, 0.000537384185009, 0.000187855213881, 0.000267533469014, 0.00022939198243, 0.000291588978143, 0.000141877128044, 0.000103430524177, 4.9591770221e-05, 4.01015859097e-05, 7.3930095823e-05, 4.84957927256e-05, 2.85016794805e-05, 5.1113882364e-05, 5.19204841112e-05, 3.38347563229e-05, 4.48261198471e-05, 1.87612222362e-05, 1.41208938658e-05, 1.03432739706e-05, 2.86932777271e-06, 5.51667199034e-06, 5.16057161803e-06, 6.16130773778e-06, 5.90575245951e-06, 6.98839403412e-06, 4.86841508973e-06, 5.99186296313e-06, 4.63199921796e-06, 3.29406088895e-06, 3.78127037948e-06, 1.99644887289e-06, 9.7420036127e-07, 6.87029512392e-07, 6.34290415746e-07, 4.04463605719e-07, 4.18167019234e-07], "dvar": [1.42811893511e-06, 1.12921852633e-05, 1.71323802078e-06, 6.12773874309e-07, 3.48526867811e-07, 4.25547526106e-08, 7.88336080859e-08, 1.67100935755e-07, 1.17797384291e-07, 5.05916375459e-08, 2.21010907353e-08, 3.62291663336e-09, 3.23411475378e-09, 5.66864333251e-09, 3.7046630208e-09, 1.17455900561e-09, 5.71644909186e-09, 3.14105630395e-09, 1.24948762448e-09, 2.22870388811e-09, 4.29651841882e-10, 3.61388557968e-10, 1.14122641892e-10, 9.40984009462e-12, 3.55813295494e-11, 2.74519608434e-11, 4.9490522791e-11, 4.30824646791e-11, 5.38003634698e-11, 2.73721722371e-11, 5.66331530283e-11, 2.68145054771e-11, 1.00007328807e-11, 1.14172941934e-11, 5.70380027931e-12, 1.58129108765e-12, 6.74270264189e-13, 6.97115921846e-13, 2.0467733953e-13, 1.36296586539e-13], "dvar2": [3.9943615775e-06, 3.29286995111e-05, 4.86171848024e-06, 1.84890109267e-06, 1.01057696611e-06, 8.57611013316e-08, 1.55052987338e-07, 3.4251274883e-07, 2.44956027018e-07, 7.41565386875e-08, 4.29821511716e-08, 7.29925364595e-09, 6.40602548785e-09, 1.34624897896e-08, 7.69326113925e-09, 2.77784284464e-09, 8.68906369078e-09, 6.71141675568e-09, 2.59431987004e-09, 5.42933431547e-09, 1.09335740461e-09, 7.7383299768e-10, 2.42428327413e-10, 2.07795204654e-11, 8.1100799687e-11, 6.25371490703e-11, 9.78916600558e-11, 6.68958083372e-11, 1.02553167347e-10, 4.84928798505e-11, 1.01328001545e-10, 5.11305407735e-11, 2.25677150578e-11, 2.53521786897e-11, 1.15614991539e-11, 2.96434599957e-12, 1.03783713394e-12, 1.20307984495e-12, 3.02670350805e-13, 2.30742535539e-13], "max": [0.0145161598921, 0.0308760516346, 0.0132697345689, 0.00658410415053, 0.00675028143451, 0.00480300653726, 0.00590183632448, 0.00812840927392, 0.00664125941694, 0.00729367090389, 0.00266338209622, 0.000992970890366, 0.00121990265325, 0.00151743215974, 0.000930045731366, 0.000575978658162, 0.0015048260102, 0.000878208084032, 0.000453422340797, 0.000532156322151, 0.000261221284745, 0.000183922689757, 0.000132299770485, 3.25724940922e-05, 6.72205205774e-05, 4.44210745627e-05, 7.56282897783e-05, 6.39041754766e-05, 6.73968534102e-05, 4.68649704999e-05, 6.39429708826e-05, 4.05182945542e-05, 2.39176024479e-05, 2.50033244811e-05, 2.36770138144e-05, 1.2665597751e-05, 8.15260227682e-06, 9.22221806832e-06, 3.8112900711e-06, 3.49280617229e-06], "mean": [0.00285736960359, 0.00362565973774, 0.00111057644244, 0.00094713649014, 0.000710617168806, 0.000330197712174, 0.000647988636047, 0.000457867368823, 0.00046525237849, 0.000244753493462, 0.000131455992232, 7.75129738031e-05, 4.76420791529e-05, 8.34237507661e-05, 5.24630231666e-05, 2.85046262434e-05, 5.24682945979e-05, 6.64622784825e-05, 4.85318996652e-05, 4.80830603919e-05, 2.08433357329e-05, 1.55494763021e-05, 1.03547690742e-05, 3.07262234855e-06, 5.36846391697e-06, 5.92949800193e-06, 7.56355666454e-06, 9.1116035037e-06, 8.88545037014e-06, 6.41325232209e-06, 7.70973019826e-06, 4.88608293381e-06, 3.40806673194e-06, 3.86971532862e-06, 2.10846064874e-06, 1.2054185845e-06, 9.29627049118e-07, 8.18230830646e-07, 5.47652348359e-07, 5.54391306196e-07], "median": [0.00207462743856, 0.00314663676545, 0.000694569200277, 0.000746008649003, 0.000442248623585, 0.000175525943632, 0.000257204315858, 0.000220613263082, 0.000199112299015, 9.71432818915e-05, 5.44102840649e-05, 3.57578974217e-05, 2.27813834499e-05, 4.41255469923e-05, 2.73004097835e-05, 1.57664453582e-05, 1.8719198124e-05, 3.07605005219e-05, 2.52722347795e-05, 3.05396679323e-05, 1.2217911717e-05, 7.61448154663e-06, 5.49592687094e-06, 1.72699549239e-06, 2.56000180343e-06, 2.63028573499e-06, 3.30014859173e-06, 4.04112552133e-06, 4.02096475227e-06, 2.79479536403e-06, 1.91248045667e-06, 1.28456872517e-06, 1.24442055949e-06, 2.25316784963e-06, 9.13767848942e-07, 3.76520461032e-07, 3.28211967826e-07, 3.17789613291e-07, 2.42187155663e-07, 3.6312070506e-07], "min": [3.6273469197e-24, 6.36317807016e-24, 8.75938054066e-24, 8.27348245495e-24, 2.89297717316e-24, 5.9665683893e-24, 6.79668829759e-24, 6.83711189695e-24, 9.25849362426e-24, 2.57699262668e-24, 4.30638024312e-24, 5.75682644625e-24, 6.70895118771e-24, 8.01001711211e-24, 3.51229510655e-24, 5.43776810326e-24, 1.03993418988e-23, 9.87717987728e-24, 9.43780959662e-24, 4.88646477104e-24, 6.10942399949e-24, 8.95555841488e-24, 1.27371162031e-23, 8.38178753521e-24, 1.20437106228e-23, 7.52641224505e-24, 9.53134167871e-24, 6.05030715768e-24, 8.58978727895e-24, 7.52479586905e-24, 1.08501932611e-23, 1.45734715833e-23, 7.92345619384e-24, 8.22427567827e-24, 9.45906624258e-24, 9.98089220935e-24, 8.29150556006e-24, 6.16747903452e-24, 8.75327002409e-24, 7.22750653717e-24], "var": [6.67832364343e-06, 1.24991875055e-05, 2.10822736335e-06, 8.0295620819e-07, 6.69262703923e-07, 2.26773892109e-07, 8.78407490745e-07, 6.15370197465e-07, 6.16176635049e-07, 4.41075968638e-07, 5.69697569119e-08, 1.44439464833e-08, 7.94970222984e-09, 1.24302852456e-08, 5.88080117936e-09, 2.19157314518e-09, 1.44770000432e-08, 9.4648004989e-09, 4.26366675299e-09, 3.6158320782e-09, 6.82982392863e-10, 5.96241278572e-10, 1.99630798003e-10, 1.6478008194e-11, 6.20788559447e-11, 6.56993140447e-11, 1.11066690567e-10, 1.45529435724e-10, 1.2882668543e-10, 7.16364537134e-11, 1.38749622902e-10, 5.6152072575e-11, 2.10496030328e-11, 2.05766480244e-11, 9.24647164391e-12, 3.10644305418e-12, 1.62695811684e-12, 1.39597762603e-12, 4.88719904389e-13, 3.61966506031e-13]}, "mfcc": {"mean": [-660.827514648, 122.827140808, 5.03048372269, 16.0182056427, -4.55978822708, 10.4968862534, -9.28438186646, -6.20768547058, 7.37016630173, 7.23039531708, -0.663602769375, -0.564614355564, 4.60795593262], "cov": [[21939.0703125, 2581.24194336, 1456.79492188, 2682.65844727, 1276.23425293, 1796.75634766, 436.369293213, 160.864074707, 294.90145874, -58.1031799316, -408.344116211, 53.7422676086, 727.862915039], [2581.24194336, 1599.8404541, -166.063812256, 211.828155518, 116.512573242, 85.710723877, -23.92760849, -19.2948818207, -18.3884086609, -59.3936004639, -73.0478057861, -77.0862197876, 137.483963013], [1456.79492188, -166.063812256, 635.797607422, 326.883392334, 101.150695801, 222.917526245, 53.8246421814, 32.7503013611, 31.1330680847, -12.8487377167, -40.3219032288, 31.790096283, 103.942298889], [2682.65844727, 211.828155518, 326.883392334, 760.54095459, 374.424530029, 450.855255127, 202.937072754, 171.227279663, 164.316818237, 57.7429008484, -2.52031517029, 57.2682151794, 198.198287964], [1276.23425293, 116.512573242, 101.150695801, 374.424530029, 397.634094238, 289.111450195, 149.050460815, 153.094802856, 141.55267334, 70.515335083, 36.9971504211, 43.5571365356, 134.833862305], [1796.75634766, 85.710723877, 222.917526245, 450.855255127, 289.111450195, 365.658935547, 167.520095825, 134.769790649, 131.334899902, 57.2743530273, 14.4319219589, 45.8151741028, 131.793502808], [436.369293213, -23.92760849, 53.8246421814, 202.937072754, 149.050460815, 167.520095825, 139.546173096, 111.731384277, 83.0654296875, 38.7547912598, 26.3018131256, 28.6283740997, 58.7491836548], [160.864074707, -19.2948818207, 32.7503013611, 171.227279663, 153.094802856, 134.769790649, 111.731384277, 159.678451538, 119.71181488, 62.4646339417, 56.5671844482, 44.8073997498, 62.6837654114], [294.90145874, -18.3884086609, 31.1330680847, 164.316818237, 141.55267334, 131.334899902, 83.0654296875, 119.71181488, 157.657455444, 98.7347640991, 63.653842926, 44.3388137817, 53.9265556335], [-58.1031799316, -59.3936004639, -12.8487377167, 57.7429008484, 70.515335083, 57.2743530273, 38.7547912598, 62.4646339417, 98.7347640991, 111.346977234, 79.0393295288, 39.9982452393, 20.862077713], [-408.344116211, -73.0478057861, -40.3219032288, -2.52031517029, 36.9971504211, 14.4319219589, 26.3018131256, 56.5671844482, 63.653842926, 79.0393295288, 108.786582947, 59.2200393677, 11.2874555588], [53.7422676086, -77.0862197876, 31.790096283, 57.2682151794, 43.5571365356, 45.8151741028, 28.6283740997, 44.8073997498, 44.3388137817, 39.9982452393, 59.2200393677, 87.5499038696, 46.8633041382], [727.862915039, 137.483963013, 103.942298889, 198.198287964, 134.833862305, 131.793502808, 58.7491836548, 62.6837654114, 53.9265556335, 20.862077713, 11.2874555588, 46.8633041382, 139.558135986]], "icov": [[0.000151041298523, -0.00020923903503, -9.00251689018e-05, -0.000213845676626, -4.79204463772e-05, -0.000646557717118, 0.000328130583512, 0.000277805695077, 3.1006289646e-05, -0.000195155924303, 0.000643584469799, -0.000527748547029, 0.000325455213897], [-0.00020923903503, 0.00132226129062, 0.000850367767271, -0.000123139936477, 0.00026023350074, 0.00031832640525, 0.000911658280529, -0.000398375181248, -0.000188234494999, 0.00114848173689, -0.0015953485854, 0.00252540851943, -0.00224462035112], [-9.00251689018e-05, 0.000850367767271, 0.00304632121697, -0.000667711719871, 0.00117528729606, -0.00221421313472, 0.00240527186543, -0.000670178793371, 0.000308204063913, 0.000867257069331, -1.95503071154e-05, 0.000770095153712, -0.00195057073142], [-0.000213845676626, -0.000123139936477, -0.000667711719871, 0.00602829828858, -0.00048513332149, -0.00406105909497, -0.000980406999588, -0.000666516716592, -0.000822901143692, 0.000182908464922, 0.00082143896725, -2.74687336059e-05, -0.00157803494949], [-4.79204463772e-05, 0.00026023350074, 0.00117528729606, -0.00048513332149, 0.0077649326995, -0.004541315604, 0.00108871050179, -0.00266769481823, -0.000466705037979, 8.73758617672e-05, -0.00129579403438, 0.00247030588798, -0.00322376866825], [-0.000646557717118, 0.00031832640525, -0.00221421313472, -0.00406105909497, -0.004541315604, 0.0219240188599, -0.0130999563262, 0.00373610458337, -0.00324970926158, -0.000667540705763, -0.000938269833568, 0.0002292006684, -0.000650582602248], [0.000328130583512, 0.000911658280529, 0.00240527186543, -0.000980406999588, 0.00108871050179, -0.0130999563262, 0.030072145164, -0.0149662047625, 0.0046344269067, 2.67562900262e-05, 0.00109914306086, 0.0013946670806, 2.15612581087e-05], [0.000277805695077, -0.000398375181248, -0.000670178793371, -0.000666516716592, -0.00266769481823, 0.00373610458337, -0.0149662047625, 0.0287791192532, -0.0168808754534, 0.00931470096111, -0.00676859263331, -0.000761721865274, -0.0012539671734], [3.1006289646e-05, -0.000188234494999, 0.000308204063913, -0.000822901143692, -0.000466705037979, -0.00324970926158, 0.0046344269067, -0.0168808754534, 0.0321677066386, -0.0228475537151, 0.00705511914566, -0.00196236278862, 0.00118776049931], [-0.000195155924303, 0.00114848173689, 0.000867257069331, 0.000182908464922, 8.73758617672e-05, -0.000667540705763, 2.67562900262e-05, 0.00931470096111, -0.0228475537151, 0.038942836225, -0.0226030331105, 0.00634617824107, -0.00196416163817], [0.000643584469799, -0.0015953485854, -1.95503071154e-05, 0.00082143896725, -0.00129579403438, -0.000938269833568, 0.00109914306086, -0.00676859263331, 0.00705511914566, -0.0226030331105, 0.0364953204989, -0.0191933158785, 0.00592448888347], [-0.000527748547029, 0.00252540851943, 0.000770095153712, -2.74687336059e-05, 0.00247030588798, 0.0002292006684, 0.0013946670806, -0.000761721865274, -0.00196236278862, 0.00634617824107, -0.0191933158785, 0.029636990279, -0.0117081413046], [0.000325455213897, -0.00224462035112, -0.00195057073142, -0.00157803494949, -0.00322376866825, -0.000650582602248, 2.15612581087e-05, -0.0012539671734, 0.00118776049931, -0.00196416163817, 0.00592448888347, -0.0117081413046, 0.0189434308559]]}, "spectral_contrast_coeffs": {"dmean": [0.0441484451294, 0.0410263761878, 0.0361514501274, 0.0305409822613, 0.018605614081, 0.016193009913], "dmean2": [0.0749578103423, 0.0666941478848, 0.0578977949917, 0.0500667095184, 0.0302297212183, 0.0263165701181], "dvar": [0.00148117437493, 0.00129153195303, 0.000922374310903, 0.000629465095699, 0.000221697642701, 0.000212845159695], "dvar2": [0.00416384870186, 0.00345595227554, 0.00209595169872, 0.00151320605073, 0.000540187116712, 0.000512101338245], "max": [-0.25485265255, -0.453541576862, -0.481895148754, -0.599311351776, -0.648287832737, -0.653105974197], "mean": [-0.652954518795, -0.699331521988, -0.7208558321, -0.763653218746, -0.805361628532, -0.751424670219], "median": [-0.675452113152, -0.704382359982, -0.736087739468, -0.768946886063, -0.808038949966, -0.740767300129], "min": [-0.969137787819, -0.973667442799, -0.970134913921, -0.960719227791, -0.964327514172, -0.961516022682], "var": [0.0140506662428, 0.00588999921456, 0.00688447663561, 0.00268800160848, 0.00135672278702, 0.00252726441249]}, "spectral_contrast_valleys": {"dmean": [0.360973238945, 0.333624541759, 0.334465205669, 0.304126679897, 0.283070504665, 0.378905832767], "dmean2": [0.617664277554, 0.542934656143, 0.53092032671, 0.487390518188, 0.409534215927, 0.461242079735], "dvar": [0.261049240828, 0.298460960388, 0.252188652754, 0.245125070214, 0.251029878855, 0.316897153854], "dvar2": [0.493027359247, 0.46217122674, 0.38952845335, 0.360455155373, 0.323239207268, 0.402701765299], "max": [-5.18858194351, -4.87284564972, -5.57905578613, -5.77557373047, -5.98911142349, -8.47727870941], "mean