{"lowlevel": {"average_loudness": 0.932512581348, "barkbands_crest": {"dmean": 2.26978254318, "dmean2": 3.71131968498, "dvar": 4.66218566895, "dvar2": 12.7605657578, "max": 23.9697132111, "mean": 11.0557184219, "median": 10.53166008, "min": 2.90659880638, "var": 11.8554296494}, "barkbands_flatness_db": {"dmean": 0.0240685641766, "dmean2": 0.035733319819, "dvar": 0.000528209551703, "dvar2": 0.0011777424952, "max": 0.38704675436, "mean": 0.156567066908, "median": 0.154237419367, "min": 0.0347908660769, "var": 0.00271116895601}, "barkbands_kurtosis": {"dmean": 4.54800224304, "dmean2": 7.33118629456, "dvar": 51.9635696411, "dvar2": 139.413696289, "max": 105.474128723, "mean": 10.5715637207, "median": 7.73153543472, "min": -1.90386593342, "var": 102.608886719}, "barkbands_skewness": {"dmean": 0.584699273109, "dmean2": 0.921471238136, "dvar": 0.466248810291, "dvar2": 1.16606092453, "max": 9.40508174896, "mean": 2.70353245735, "median": 2.63465929031, "min": -2.08611607552, "var": 1.68132460117}, "barkbands_spread": {"dmean": 6.20156860352, "dmean2": 9.16044044495, "dvar": 102.601615906, "dvar2": 214.968231201, "max": 105.372161865, "mean": 16.1983890533, "median": 11.8542718887, "min": 1.70723176003, "var": 199.611709595}, "dissonance": {"dmean": 0.0149668287486, "dmean2": 0.0247596446425, "dvar": 0.000219910172746, "dvar2": 0.000589882605709, "max": 0.499999940395, "mean": 0.454470038414, "median": 0.458907663822, "min": 0.292440712452, "var": 0.000691312248819}, "dynamic_complexity": 3.34231066704, "erbbands_crest": {"dmean": 1.91836690903, "dmean2": 2.96432304382, "dvar": 4.87246131897, "dvar2": 10.2091741562, "max": 29.7064437866, "mean": 8.73902511597, "median": 7.36095428467, "min": 2.30254006386, "var": 22.7572193146}, "erbbands_flatness_db": {"dmean": 0.0217224657536, "dmean2": 0.0281464327127, "dvar": 0.000536545121577, "dvar2": 0.000936411845032, "max": 0.302440226078, "mean": 0.135987997055, "median": 0.135077551007, "min": 0.0393233150244, "var": 0.00240814988501}, "erbbands_kurtosis": {"dmean": 0.596918284893, "dmean2": 0.91508346796, "dvar": 0.650945484638, "dvar2": 1.34535706043, "max": 17.4054470062, "mean": -0.00507709942758, "median": -0.504754543304, "min": -1.85328018665, "var": 2.85507750511}, "erbbands_skewness": {"dmean": 0.286028534174, "dmean2": 0.424007177353, "dvar": 0.091652803123, "dvar2": 0.195805028081, "max": 3.28833055496, "mean": 0.613871634007, "median": 0.613014280796, "min": -2.29253363609, "var": 0.383370190859}, "erbbands_spread": {"dmean": 10.7030239105, "dmean2": 15.1662197113, "dvar": 189.724746704, "dvar2": 393.375823975, "max": 184.121948242, "mean": 53.6856460571, "median": 50.3882980347, "min": 7.69319534302, "var": 598.994506836}, "hfc": {"dmean": 9.87246990204, "dmean2": 11.9782419205, "dvar": 449.323822021, "dvar2": 677.906433105, "max": 233.077758789, "mean": 18.0613269806, "median": 7.29917621613, "min": 1.16337447441e-16, "var": 1008.40698242}, "melbands_crest": {"dmean": 3.07310938835, "dmean2": 5.12569999695, "dvar": 8.84844398499, "dvar2": 24.2029094696, "max": 31.4493942261, "mean": 16.2002677917, "median": 15.7665643692, "min": 1.65681266785, "var": 22.8846702576}, "melbands_flatness_db": {"dmean": 0.0248720385134, "dmean2": 0.0383063852787, "dvar": 0.000617825891823, "dvar2": 0.00147936749272, "max": 0.447903990746, "mean": 0.234845727682, "median": 0.236387580633, "min": 0.00371408672072, "var": 0.00321544683538}, "melbands_kurtosis": {"dmean": 14.4777727127, "dmean2": 23.5955638885, "dvar": 746.759216309, "dvar2": 1982.62939453, "max": 416.392425537, "mean": 33.2278442383, "median": 24.4491615295, "min": -1.29441714287, "var": 1099.92358398}, "melbands_skewness": {"dmean": 0.913496851921, "dmean2": 1.4265537262, "dvar": 1.40715146065, "dvar2": 3.52672338486, "max": 15.4036064148, "mean": 4.35555315018, "median": 4.19162797928, "min": -0.287546992302, "var": 4.38268136978}, "melbands_spread": {"dmean": 4.14231967926, "dmean2": 6.6939907074, "dvar": 69.8428497314, "dvar2": 175.765380859, "max": 148.12071228, "mean": 12.6890602112, "median": 9.57594013214, "min": 1.12765324116, "var": 234.804153442}, "pitch_salience": {"dmean": 0.0678208172321, "dmean2": 0.113208979368, "dvar": 0.00474120676517, "dvar2": 0.0134132616222, "max": 0.879702568054, "mean": 0.543735325336, "median": 0.551119267941, "min": 0.138060584664, "var": 0.0107015455142}, "silence_rate_20dB": {"dmean": 0, "dmean2": 0, "dvar": 0, "dvar2": 0, "max": 1, "mean": 1, "median": 1, "min": 1, "var": 0}, "silence_rate_30dB": {"dmean": 0.0507530421019, "dmean2": 0.101527035236, "dvar": 0.0481790564954, "dvar2": 0.117637187243, "max": 1, "mean": 0.961633682251, "median": 1, "min": 0, "var": 0.0368920341134}, "silence_rate_60dB": {"dmean": 0.0181555598974, "dmean2": 0.0363186150789, "dvar": 0.0178245157003, "dvar2": 0.0399466380477, "max": 1, "mean": 0.0625, "median": 0, "min": 0, "var": 0.05859375}, "spectral_centroid": {"dmean": 194.416549683, "dmean2": 298.778808594, "dvar": 86061.9140625, "dvar2": 172163.1875, "max": 11067.484375, "mean": 858.23651123, "median": 739.556396484, "min": 247.01361084, "var": 278549.75}, "spectral_complexity": {"dmean": 2.73571276665, "dmean2": 3.88815522194, "dvar": 19.2135639191, "dvar2": 26.7547111511, "max": 58, "mean": 13.3661308289, "median": 12, "min": 0, "var": 79.9977874756}, "spectral_decrease": {"dmean": 3.39267258731e-09, "dmean2": 5.51223688916e-09, "dvar": 6.13395121494e-17, "dvar2": 1.63768910208e-16, "max": 1.66455560577e-18, "mean": -6.67791155706e-09, "median": -4.41002212526e-09, "min": -8.04684177069e-08, "var": 6.59932567454e-17}, "spectral_energy": {"dmean": 0.0133457090706, "dmean2": 0.0212476160377, "dvar": 0.000927406246774, "dvar2": 0.00242886412889, "max": 0.308636248112, "mean": 0.0268421862274, "median": 0.0175555981696, "min": 1.11322039539e-20, "var": 0.00106477283407}, "spectral_energyband_high": {"dmean": 0.000901450286619, "dmean2": 0.00107708130963, "dvar": 4.84935208078e-06, "dvar2": 7.3899027484e-06, "max": 0.0254798624665, "mean": 0.0011705692159, "median": 0.000126911181724, "min": 7.77476428144e-21, "var": 9.92432705971e-06}, "spectral_energyband_low": {"dmean": 0.00845480896533, "dmean2": 0.0143485246226, "dvar": 0.000654785661027, "dvar2": 0.00184481171891, "max": 0.287803649902, "mean": 0.0108147952706, "median": 0.00458507286385, "min": 2.15070922501e-22, "var": 0.000531442055944}, "spectral_energyband_middle_high": {"dmean": 0.00065288686892, "dmean2": 0.000884946610313, "dvar": 1.98422821995e-06, "dvar2": 4.02807745559e-06, "max": 0.0236810278147, "mean": 0.0018184207147, "median": 0.00112061831169, "min": 1.96022135402e-21, "var": 4.64673485112e-06}, "spectral_energyband_middle_low": {"dmean": 0.00662843277678, "dmean2": 0.0107432501391, "dvar": 0.00026895783958, "dvar2": 0.000695055350661, "max": 0.183781251311, "mean": 0.0148532884195, "median": 0.0103129353374, "min": 3.04918544535e-22, "var": 0.000309320894303}, "spectral_entropy": {"dmean": 0.244114205241, "dmean2": 0.324868083, "dvar": 0.0700019299984, "dvar2": 0.126084178686, "max": 9.79445648193, "mean": 7.2396235466, "median": 7.16175270081, "min": 5.29517555237, "var": 0.36138021946}, "spectral_flux": {"dmean": 0.032498344779, "dmean2": 0.0502415038645, "dvar": 0.00270815589465, "dvar2": 0.00570291187614, "max": 0.497821450233, "mean": 0.0704760253429, "median": 0.0486449860036, "min": 1.0550926105e-10, "var": 0.0047743069008}, "spectral_kurtosis": {"dmean": 1.75631546974, "dmean2": 2.83089995384, "dvar": 5.00143909454, "dvar2": 13.2473268509, "max": 47.1714096069, "mean": 4.57456827164, "median": 3.95788455009, "min": -1.21765911579, "var": 9.77121353149}, "spectral_rms": {"dmean": 0.000995960901491, "dmean2": 0.00150139967445, "dvar": 2.67099289886e-06, "dvar2": 6.33030686004e-06, "max": 0.0173524785787, "mean": 0.00452471151948, "median": 0.00413852743804, "min": 3.29555566864e-12, "var": 5.71453210796e-06}, "spectral_rolloff": {"dmean": 472.271820068, "dmean2": 817.65020752, "dvar": 2136185.5, "dvar2": 5201053, "max": 19078.4179688, "mean": 997.954528809, "median": 430.6640625, "min": 129.19921875, "var": 5464975.5}, "spectral_skewness": {"dmean": 0.220620065928, "dmean2": 0.337574183941, "dvar": 0.0505473054945, "dvar2": 0.125308290124, "max": 5.19985628128, "mean": 1.65820014477, "median": 1.6285507679, "min": -0.0116050522774, "var": 0.174186676741}, "spectral_spread": {"dmean": 1056886.625, "dmean2": 1373424.625, "dvar": 1972810809340.0, "dvar2": 3435380342780.0, "max": 40545104, "mean": 5348340.5, "median": 4560795, "min": 1508282.125, "var": 5016553259010.0}, "spectral_strongpeak": {"dmean": 0.297440558672, "dmean2": 0.499667286873, "dvar": 0.197678416967, "dvar2": 0.482669174671, "max": 5.35729169846, "mean": 0.658910930157, "median": 0.407499790192, "min": 0, "var": 0.505971074104}, "zerocrossingrate": {"dmean": 0.0130423577502, "dmean2": 0.0153371300548, "dvar": 0.000346396496752, "dvar2": 0.000451181724202, "max": 0.52490234375, "mean": 0.0533786676824, "median": 0.0380859375, "min": 0.00830078125, "var": 0.00337635958567}, "barkbands": {"dmean": [0.00021523993928, 0.00282742502168, 0.00550799444318, 0.00220775906928, 0.00449712527916, 0.000511795340572, 0.000287186383503, 0.000447810540209, 0.000258626503637, 0.00020138247055, 0.000137132665259, 8.24515882414e-05, 0.000109128268377, 6.57193522784e-05, 7.10979657015e-05, 7.05990751158e-05, 9.1495567176e-05, 5.27170486748e-05, 8.28597549116e-05, 9.70104592852e-05, 0.000120062017231, 0.000153190267156, 0.00014029443264, 0.00015183146752, 0.000174198648892, 0.000112200868898, 4.80789130961e-05], "dmean2": [0.000337771896739, 0.0049218647182, 0.00963443610817, 0.00355281773955, 0.00753167830408, 0.000774724117946, 0.000458378257463, 0.000582136330195, 0.000366429099813, 0.000309584051138, 0.000211724633118, 0.000126399492729, 0.000153490836965, 9.34748459258e-05, 0.000110468012281, 0.000109301203338, 0.00014380805078, 7.70954429754e-05, 0.00011731943232, 0.000129186388222, 0.000151952146553, 0.000184385295142, 0.000173301581526, 0.000187113007996, 0.000228945937124, 0.000153853077791, 6.725853018e-05], "dvar": [7.82588870152e-07, 6.24294843874e-05, 0.00029847965925, 1.55460293172e-05, 0.000176415749593, 1.32717400447e-06, 7.46596072076e-07, 1.65209326042e-06, 6.37558002836e-07, 9.79123569778e-07, 8.64565450343e-08, 1.04779218191e-07, 3.28039995168e-08, 2.29500312088e-08, 1.35632136633e-08, 1.89746369728e-08, 2.70302944472e-08, 1.23582477585e-08, 3.48644384474e-08, 5.86278012804e-08, 1.46668384104e-07, 2.02658398507e-07, 1.34416239916e-07, 1.64589081919e-07, 1.87082719094e-07, 8.30866895285e-08, 2.06606252107e-08], "dvar2": [1.80378140158e-06, 0.000173250751686, 0.000844461494125, 3.94366470573e-05, 0.000464626064058, 3.01997374663e-06, 1.87598902812e-06, 2.41724137595e-06, 1.2481111753e-06, 2.29975444199e-06, 1.91733377619e-07, 1.99840982873e-07, 7.03823204162e-08, 4.64751579443e-08, 3.11058947489e-08, 4.56070701205e-08, 6.76687363921e-08, 2.37237696155e-08, 7.10207004317e-08, 9.88007897718e-08, 2.72766811804e-07, 3.29320869241e-07, 2.13881392597e-07, 2.61762892251e-07, 3.5349583527e-07, 1.68552475088e-07, 4.29496971321e-08], "max": [0.00861523300409, 0.08262283355, 0.198484539986, 0.0596979595721, 0.149835541844, 0.0189025439322, 0.00960700772703, 0.0285856630653, 0.0163060948253, 0.0190063789487, 0.00531205628067, 0.014088338241, 0.00438649579883, 0.00313003035262, 0.00187241623644, 0.00182656617835, 0.00331348832697, 0.00170385697857, 0.00275132223032, 0.00440321397036, 0.00573793472722, 0.00625020358711, 0.0048294714652, 0.00513755716383, 0.00534771708772, 0.00362775637768, 0.00166439358145], "mean": [0.000200630354811, 0.00297650066204, 0.00587162189186, 0.00415338529274, 0.00658334605396, 0.00143049610779, 0.000587213668041, 0.00130763079505, 0.000699870695826, 0.000284509063931, 0.00026508254814, 0.000180755378096, 0.000236535357544, 0.000141989148688, 0.000132079949253, 0.000123591642478, 0.000165910067153, 9.54786810325e-05, 0.000152550856001, 0.000150201900396, 0.000160942247021, 0.000203094241442, 0.000177597627044, 0.000190187216504, 0.000200077527552, 0.000120465483633, 5.05142088514e-05], "median": [4.08030700783e-06, 0.000708795152605, 0.00213732430711, 0.00217936281115, 0.00350131327286, 0.000774720683694, 0.000145679689012, 0.000164495257195, 0.000101908575743, 9.79217293207e-05, 9.37915610848e-05, 7.00397431501e-05, 0.00012986571528, 3.37452438544e-05, 6.66008636472e-05, 5.60253756703e-05, 8.15635867184e-05, 3.90779932786e-05, 7.1035057772e-05, 5.54894686502e-05, 2.6460043955e-05, 2.28849348787e-05, 1.00950655906e-05, 1.42427343235e-05, 1.08732974695e-05, 2.92416734737e-06, 5.36513027782e-07], "min": [3.57533597916e-23, 3.77269509369e-23, 1.24940825154e-22, 3.72312465213e-23, 1.8368462095e-23, 3.95085775142e-23, 9.74685548035e-23, 2.83524277064e-23, 4.92356647713e-23, 1.20963628284e-22, 6.32579229526e-23, 7.78210841238e-23, 6.90166643587e-23, 2.18004399596e-22, 2.09005566638e-22, 2.04434704605e-22, 1.34598173952e-22, 3.31837482603e-22, 3.70275329744e-22, 3.3454606492e-22, 6.65872365657e-22, 5.27936262468e-22, 6.55634490963e-22, 7.39470033644e-22, 1.08132539341e-21, 1.82189256218e-21, 2.25562944197e-21], "var": [8.01285864327e-07, 6.04424858466e-05, 0.000205479431315, 2.94777400995e-05, 0.000163727774634, 3.68492987946e-06, 1.43480997394e-06, 1.31943361339e-05, 3.08083031086e-06, 9.79452352112e-07, 2.53745980672e-07, 2.95489058999e-07, 9.05939714357e-08, 7.16504899856e-08, 3.01005300685e-08, 3.28992015852e-08, 5.36679429786e-08, 2.69316302592e-08, 6.56274892208e-08, 1.13823979575e-07, 2.39130599766e-07, 4.00901768671e-07, 2.69607483006e-07, 3.15754562052e-07, 2.96136818179e-07, 1.1374766018e-07, 2.63190269578e-08]}, "erbbands": {"dmean": [0.0564592517912, 0.835703969002, 5.60911130905, 6.1880736351, 15.2584915161, 13.1185884476, 5.52749586105, 4.0739774704, 4.2947807312, 5.76531648636, 9.76169300079, 7.07387876511, 3.58103632927, 6.81859350204, 6.02965545654, 3.99292016029, 5.1554608345, 3.49469137192, 3.72489666939, 2.97633075714, 3.71754074097, 4.00819778442, 3.45848870277, 3.54877924919, 4.79850721359, 4.60592508316, 3.88708949089, 5.33562135696, 4.8386182785, 5.61952352524, 3.90682220459, 3.00908875465, 2.64711260796, 1.96351659298, 1.18612384796, 0.527356445789, 0.198197633028, 0.0527985282242, 0.00881228875369, 0.000431494700024], "dmean2": [0.0843252837658, 1.47061538696, 9.85840892792, 9.93726825714, 25.5035266876, 22.3931789398, 8.86686229706, 6.14700126648, 6.62956285477, 9.45201778412, 11.6219730377, 9.67753314972, 5.32993841171, 10.2422428131, 9.08525848389, 5.87493562698, 7.18974256516, 4.86459875107, 5.70576715469, 4.56626319885, 5.5864276886, 6.16346025467, 5.22907686234, 4.98851823807, 6.84244823456, 6.23636579514, 4.80829668045, 6.98415756226, 5.77806997299, 6.91749000549, 4.85690689087, 3.73427700996, 3.42547130585, 2.54731321335, 1.60931825638, 0.723225831985, 0.275211542845, 0.0740190967917, 0.0123140607029, 0.000604686443694], "dvar": [0.0338796563447, 6.41754627228, 296.858337402, 237.599655151, 1339.11560059, 1961.8894043, 256.915222168, 59.5435180664, 168.985687256, 301.363464355, 1047.3104248, 444.74609375, 67.9639663696, 1363.55871582, 164.115264893, 260.038085938, 75.8992462158, 52.8610534668, 46.293094635, 28.3050880432, 53.85597229, 52.4091949463, 44.6235122681, 51.7559280396, 121.553436279, 127.216705322, 143.401672363, 293.658447266, 223.539230347, 256.948364258, 99.5205917358, 65.464263916, 52.4751548767, 23.6486263275, 9.22732257843, 1.77709507942, 0.264864206314, 0.0226443596184, 0.000704988371581, 1.71859619513e-06], "dvar2": [0.0738829299808, 18.2398490906, 848.934936523, 621.249084473, 3375.73925781, 5435.76611328, 616.080383301, 140.471206665, 409.479309082, 765.348266602, 1238.19067383, 824.365844727, 159.999542236, 3062.01782227, 322.576324463, 476.357818604, 161.418121338, 101.748016357, 104.197319031, 65.1229934692, 121.892730713, 122.540145874, 93.2053909302, 98.6695709229, 234.113540649, 220.820648193, 227.376312256, 556.864624023, 365.653930664, 428.891876221, 158.272201538, 107.038879395, 87.3996124268, 43.3735275269, 17.8521957397, 3.51722383499, 0.557233989239, 0.0482381880283, 0.00146446074359, 3.63686854143e-06], "max": [2.21842861176, 26.4059944153, 201.46055603, 215.553497314, 419.454864502, 506.081634521, 315.501403809, 127.081993103, 171.846084595, 351.779449463, 784.551025391, 455.699737549, 124.981307983, 719.32598877, 261.58996582, 723.606811523, 222.429321289, 162.02507019, 111.734329224, 80.9903106689, 120.272354126, 148.073669434, 97.8631057739, 117.428833008, 177.722427368, 244.576141357, 197.14616394, 246.93157959, 220.925094604, 238.258255005, 123.727798462, 122.341644287, 89.3954696655, 57.7321586609, 38.5447349548, 19.8270931244, 5.6117811203, 1.73784470558, 0.329138219357, 0.0156748015434], "mean": [0.0658057704568, 0.813306152821, 5.95501852036, 10.4462080002, 21.5893039703, 19.4978580475, 14.3937110901, 11.8108148575, 9.59744930267, 13.1131639481, 27.8558940887, 21.5614566803, 8.65996170044, 8.71767139435, 13.270652771, 9.66565990448, 11.6934556961, 8.56320858002, 7.18430137634, 5.69638872147, 7.24274921417, 7.65399456024, 6.51508617401, 6.7607421875, 8.4082698822, 7.20017910004, 5.82726955414, 6.99308013916, 6.45684337616, 7.09479427338, 4.92098999023, 3.85196137428, 3.24965810776, 2.31077837944, 1.3485571146, 0.581694304943, 0.204908579588, 0.0554696209729, 0.00920925475657, 0.000465946621262], "median": [0.00638730777428, 0.241027981043, 2.11861515045, 6.13412332535, 10.0019330978, 10.8404407501, 7.49712371826, 6.7264585495, 2.98675203323, 3.28744268417, 3.11053538322, 3.389960289, 3.63932180405, 2.2797665596, 4.98277902603, 4.14407682419, 6.53618717194, 3.23415112495, 3.2497150898, 3.16209793091, 3.59794139862, 3.80298709869, 3.04402399063, 2.98539829254, 3.73592710495, 2.75760412216, 1.38092386723, 1.03046607971, 0.782429814339, 0.512181282043, 0.278777271509, 0.268763005733, 0.248952180147, 0.152311861515, 0.0553400367498, 0.0165048204362, 0.00441459752619, 0.000857920618728, 9.47133230511e-05, 2.82386299659e-05], "min": [1.69628550928e-21, 7.81286871179e-21, 9.99369307672e-20, 1.93052956053e-19, 3.34184037087e-20, 7.70651800349e-20, 1.32368478925e-19, 3.75314048545e-19, 9.82334156267e-19, 1.50443525607e-18, 8.04692828721e-19, 1.02931656749e-18, 2.88176490524e-18, 3.20566298372e-18, 2.91646120283e-18, 3.42095907201e-18, 3.16086577687e-18, 1.03505424377e-17, 1.13496095272e-17, 1.02201680199e-17, 1.19246903045e-17, 8.28213430266e-18, 1.63891643958e-17, 1.38188801405e-17, 2.21868600743e-17, 1.80134642231e-17, 1.96354347098e-17, 2.84675233514e-17, 1.50495768266e-17, 1.65331269096e-17, 2.04328186223e-17, 1.74654868458e-17, 1.32690523601e-17, 1.06458566698e-17, 8.53835184304e-18, 7.85604943323e-18, 3.43587810154e-18, 1.14092101651e-18, 3.14528448587e-19, 3.41004173549e-20], "var": [0.0488558523357, 4.69799661636, 203.52557373, 237.361328125, 1485.10620117, 1541.61975098, 562.938049316, 210.254608154, 331.651519775, 905.976989746, 8000.01464844, 2595.7890625, 193.266387939, 1444.24060059, 617.661621094, 772.372924805, 218.43963623, 190.118438721, 104.943840027, 54.7624397278, 105.698394775, 114.332626343, 94.1833648682, 116.690696716, 232.109268188, 243.644805908, 277.075195312, 465.674804688, 436.792602539, 486.575897217, 198.157531738, 126.02129364, 94.2954406738, 39.3453979492, 13.8630199432, 2.5427069664, 0.340071976185, 0.0285274926573, 0.000896434765309, 2.13943690142e-06]}, "gfcc": {"mean": [-30.2735595703, 91.1599655151, -93.1817703247, 36.6049346924, -52.1660499573, 6.71202421188, -41.9220466614, -3.46753287315, -35.6905212402, -7.80876398087, -17.399066925, -8.37136554718, -14.4051933289], "cov": [[16808.3398438, -632.356933594, 925.338134766, -61.3036231995, -243.168762207, 129.034408569, -340.941436768, 255.783737183, -140.994735718, 210.598403931, -466.727813721, 128.837554932, -382.408416748], [-632.356933594, 1934.46252441, -955.233947754, 115.869842529, -130.007507324, -201.357727051, -15.9982910156, -141.483642578, -11.4012022018, -180.647842407, 149.651596069, -221.629302979, 123.809829712], [925.338134766, -955.233947754, 825.344543457, 17.8012332916, 182.205200195, 172.635147095, 35.6285057068, 97.0094528198, -21.6181087494, 95.2598724365, -87.4726715088, 155.086547852, -48.9702568054], [-61.3036231995, 115.869842529, 17.8012332916, 251.125030518, 62.7627258301, 50.8201599121, -2.54070687294, -35.8292312622, -40.5311965942, -29.8076267242, 32.9599914551, -11.6921815872, 43.1414375305], [-243.168762207, -130.007507324, 182.205200195, 62.7627258301, 169.24168396, 85.984046936, 43.7140045166, 34.1850585938, -9.76312637329, 23.7426586151, 4.71078252792, 48.16639328, 12.3206357956], [129.034408569, -201.357727051, 172.635147095, 50.8201599121, 85.984046936, 122.353340149, 43.0272712708, 39.7378692627, -15.2474498749, 21.7485980988, -12.1365509033, 39.4582290649, 6.36093235016], [-340.941436768, -15.9982910156, 35.6285057068, -2.54070687294, 43.7140045166, 43.0272712708, 104.9063797, 44.2457389832, 33.6300468445, -9.70848464966, -1.97032439709, 2.39387798309, 16.5376319885], [255.783737183, -141.483642578, 97.0094528198, -35.8292312622, 34.1850585938, 39.7378692627, 44.2457389832, 147.83140564, 44.2645950317, 49.0862808228, -45.6671218872, 17.2054634094, -17.5176391602], [-140.994735718, -11.4012022018, -21.6181087494, -40.5311965942, -9.76312637329, -15.2474498749, 33.6300468445, 44.2645950317, 113.106781006, 37.5062103271, 6.05194139481, -17.075717926, -9.68471813202], [210.598403931, -180.647842407, 95.2598724365, -29.8076267242, 23.7426586151, 21.7485980988, -9.70848464966, 49.0862808228, 37.5062103271, 98.2754440308, 6.41004562378, 26.8803520203, -34.6668281555], [-466.727813721, 149.651596069, -87.4726715088, 32.9599914551, 4.71078252792, -12.1365509033, -1.97032439709, -45.6671218872, 6.05194139481, 6.41004562378, 93.4657669067, 6.47918605804, 21.1125850677], [128.837554932, -221.629302979, 155.086547852, -11.6921815872, 48.16639328, 39.4582290649, 2.39387798309, 17.2054634094, -17.075717926, 26.8803520203, 6.47918605804, 96.6339645386, 9.05918121338], [-382.408416748, 123.809829712, -48.9702568054, 43.1414375305, 12.3206357956, 6.36093235016, 16.5376319885, -17.5176391602, -9.68471813202, -34.6668281555, 21.1125850677, 9.05918121338, 76.6924438477]], "icov": [[0.000112715490104, -0.000214395375224, -0.000212616127101, -0.000131446198793, 0.000475004024338, -0.000337740610121, 0.000289674993837, -1.78681220859e-05, -5.2794785006e-05, -0.000174463217263, 0.000610617164057, -0.000471276813187, 0.000533523911145], [-0.000214395375224, 0.00212620547973, 0.00178525142837, -3.32064428221e-06, -0.00194742402527, 0.00172895763535, -0.000415309710661, -0.000767069403082, 0.000672171183396, 0.0014826587867, -0.00272848876193, 0.00279445573688, -0.00209979875945], [-0.000212616127101, 0.00178525142837, 0.00468211248517, -0.0005624301848, -0.00305254198611, -0.000220677349716, -0.000838217907585, 0.000420751137426, 0.000142862394569, -0.000155484827701, 0.00109088025056, -0.00165078474674, -8.17577347334e-06], [-0.000131446198793, -3.32064428221e-06, -0.0005624301848, 0.00676784478128, -0.00236747274175, -0.00286309677176, 0.00236291415058, 1.76549849584e-06, 0.000795000931248, 0.0018835789524, -0.0035008918494, 0.00434049312025, -0.00330474041402], [0.000475004024338, -0.00194742402527, -0.00305254198611, -0.00236747274175, 0.0141127053648, -0.0054202452302, -0.00192968349438, -0.000307238369714, 0.000475536769954, -0.00283746281639, 0.00184244918637, -0.00466644810513, 0.0022447288502], [-0.000337740610121, 0.00172895763535, -0.000220677349716, -0.00286309677176, -0.0054202452302, 0.0209100581706, -0.00802210345864, -0.00149573339149, 0.00515423249453, -0.0035521001555, -0.000995914335363, 0.00132869649678, -0.00331845437177], [0.000289674993837, -0.000415309710661, -0.000838217907585, 0.00236291415058, -0.00192968349438, -0.00802210345864, 0.0201457049698, -0.00531057734042, -0.00692808860913, 0.00935433804989, -0.00282714562491, 0.00137355341576, -0.000361809099559], [-1.78681220859e-05, -0.000767069403082, 0.000420751137426, 1.76549849584e-06, -0.000307238369714, -0.00149573339149, -0.00531057734042, 0.0144686391577, -0.00264836917631, -0.00793349463493, 0.00924909673631, -0.00296530080959, -7.61562478147e-05], [-5.2794785006e-05, 0.000672171183396, 0.000142862394569, 0.000795000931248, 0.000475536769954, 0.00515423249453, -0.00692808860913, -0.00264836917631, 0.0161560028791, -0.00745989615098, -0.0025968006812, 0.00512274820358, -0.00254135881551], [-0.000174463217263, 0.0014826587867, -0.000155484827701, 0.0018835789524, -0.00283746281639, -0.0035521001555, 0.00935433804989, -0.00793349463493, -0.00745989615098, 0.0262789856642, -0.0108042974025, -0.00035249418579, 0.0064515224658], [0.000610617164057, -0.00272848876193, 0.00109088025056, -0.0035008918494, 0.00184244918637, -0.000995914335363, -0.00282714562491, 0.00924909673631, -0.0025968006812, -0.0108042974025, 0.0259106624871, -0.0106697613373, 0.00153995270375], [-0.000471276813187, 0.00279445573688, -0.00165078474674, 0.00434049312025, -0.00466644810513, 0.00132869649678, 0.00137355341576, -0.00296530080959, 0.00512274820358, -0.00035249418579, -0.0106697613373, 0.0255200136453, -0.0102806212381], [0.000533523911145, -0.00209979875945, -8.17577347334e-06, -0.00330474041402, 0.0022447288502, -0.00331845437177, -0.000361809099559, -7.61562478147e-05, -0.00254135881551, 0.0064515224658, 0.00153995270375, -0.0102806212381, 0.0243040248752]]}, "melbands": {"dmean": [0.000587641552556, 0.00231405394152, 0.0012578930473, 0.00119044422172, 0.000224978255574, 9.05829365365e-05, 6.22455845587e-05, 6.86082348693e-05, 7.50577819417e-05, 4.31642693002e-05, 1.74227079697e-05, 2.92192435154e-05, 1.85018179764e-05, 1.22040437418e-05, 1.05650269688e-05, 9.41388225328e-06, 7.20210346117e-06, 5.87654085393e-06, 4.16465036324e-06, 5.2029940889e-06, 4.2850169848e-06, 3.84085115002e-06, 5.70374595554e-06, 2.43012073042e-06, 3.05261710309e-06, 3.42283419741e-06, 3.57204726242e-06, 3.00544274978e-06, 2.38497818827e-06, 2.86677982331e-06, 3.16653745358e-06, 2.48418268711e-06, 3.64898824046e-06, 2.93748348668e-06, 2.55803479376e-06, 1.68307417425e-06, 1.934051852e-06, 1.88075512142e-06, 1.76868013568e-06, 1.67621885794e-06], "dmean2": [0.000978326657787, 0.0040655224584, 0.00203603552654, 0.00200335774571, 0.000369159242837, 0.000136694594403, 9.55932264333e-05, 0.000109998516564, 8.93329779501e-05, 5.90477429796e-05, 2.64939426415e-05, 4.41231422883e-05, 2.84694215225e-05, 1.82235471584e-05, 1.52139673446e-05, 1.31860806505e-05, 1.00807455965e-05, 8.96846449905e-06, 6.37413950244e-06, 8.15259863884e-06, 6.41247243038e-06, 5.95487517785e-06, 9.05037632037e-06, 3.5931873299e-06, 4.39131827079e-06, 5.03139790453e-06, 5.05629031977e-06, 4.16646525991e-06, 3.12373458655e-06, 3.64039078704e-06, 4.24435074819e-06, 3.10791347147e-06, 4.71340854347e-06, 3.69588383364e-06, 3.30064449372e-06, 2.15950421989e-06, 2.47612092608e-06, 2.46772970058e-06, 2.40068948187e-06, 2.24459245146e-06], "dvar": [2.59193552665e-06, 5.20091416547e-05, 6.89688567945e-06, 1.27555922518e-05, 3.80277526801e-07, 3.2222526869e-08, 3.43640742528e-08, 3.99524786587e-08, 6.12497856878e-08, 1.93341946897e-08, 1.80129899885e-09, 2.67515236629e-08, 1.47000800421e-09, 1.34203259616e-09, 5.52571433055e-10, 2.75219902424e-10, 2.60538896013e-10, 1.28521762677e-10, 4.95797222722e-11, 9.03307012523e-11, 7.31626148553e-11, 4.64253566146e-11, 1.25597726663e-10, 2.47461964115e-11, 3.80507812758e-11, 6.85053541671e-11, 6.9961404725e-11, 5.96150628862e-11, 5.46484454911e-11, 7.71189778703e-11, 1.07944646277e-10, 6.44137174155e-11, 1.24500659782e-10, 6.97217839019e-11, 4.47913858781e-11, 1.91957786472e-11, 2.8800250379e-11, 2.80319205348e-11, 2.44945487504e-11, 1.80730101024e-11], "dvar2": [6.4779924287e-06, 0.000148465507664, 1.77241054189e-05, 3.40058686561e-05, 1.00436523098e-06, 7.54924656121e-08, 8.21269097173e-08, 9.91217348201e-08, 7.35780858463e-08, 3.42309185442e-08, 4.44712577874e-09, 6.06054442187e-08, 3.17199067013e-09, 2.59533661229e-09, 1.06540110067e-09, 5.86247717038e-10, 5.00883334809e-10, 2.96466629024e-10, 1.08011821709e-10, 2.24632992762e-10, 1.66151148395e-10, 1.09155601224e-10, 3.07536690558e-10, 4.67260917458e-11, 7.64055138602e-11, 1.47129461392e-10, 1.3404490018e-10, 1.11574284534e-10, 9.32950730559e-11, 1.37276717771e-10, 2.10739953266e-10, 1.11153725113e-10, 2.35893748979e-10, 1.1627440677e-10, 7.76338854314e-11, 3.26076110557e-11, 5.03024254195e-11, 4.7703348216e-11, 4.71676690761e-11, 3.41676339999e-11], "max": [0.0180387627333, 0.0826873332262, 0.0333878695965, 0.040101904422, 0.00923976954073, 0.00247248681262, 0.00230834330432, 0.00450798822567, 0.00591453677043, 0.00314102764241, 0.000635072705336, 0.00317410030402, 0.000720619980711, 0.00154710060451, 0.000855230609886, 0.000301209365716, 0.000369410176063, 0.000176249814103, 9.53538983595e-05, 0.000108088905108, 0.000153205328388, 0.000127784296637, 0.000188277757843, 6.71518646413e-05, 0.000109346292447, 0.000114600210509, 0.000142204982694, 0.000158897746587, 0.000132276050863, 0.000130514803459, 0.000150028892676, 0.000142687640619, 0.0001654344087, 0.000114875765576, 8.80157749634e-05, 6.97623909218e-05, 8.03303992143e-05, 7.09222949808e-05, 5.71156633669e-05, 5.22055015608e-05], "mean": [0.000678387877997, 0.00241395318881, 0.00219233497046, 0.00163882423658, 0.000546222960111, 0.000252816855209, 0.000137789553264, 0.000164206328918, 0.000207058095839, 0.00012859510025, 3.87209365726e-05, 3.45330372511e-05, 3.70113666577e-05, 3.02139724226e-05, 2.29698089242e-05, 2.10942343983e-05, 1.62663363881e-05, 1.0898106666e-05, 7.95816413302e-06, 9.0838457254e-06, 8.05864328868e-06, 7.32077023713e-06, 9.07830326469e-06, 4.50195466328e-06, 5.43406622455e-06, 5.67813094676e-06, 5.83897553952e-06, 4.47422507932e-06, 3.50517393599e-06, 3.91752610085e-06, 4.02985915571e-06, 3.34900823873e-06, 4.44431771029e-06, 3.70305451725e-06, 3.11105827677e-06, 2.16539433495e-06, 2.4134094474e-06, 2.32563365898e-06, 1.99818418878e-06, 1.9845326733e-06], "median": [0.000124414305901, 0.000848938478157, 0.00122754706535, 0.000824071990792, 0.000322418985888, 0.000144780700793, 3.93028603867e-05, 3.62814243999e-05, 2.09590034501e-05, 1.85306780622e-05, 1.60870768013e-05, 7.09093001205e-06, 1.39564399433e-05, 1.23877480291e-05, 1.19382348203e-05, 1.10255841719e-05, 4.17428691435e-06, 4.56726502307e-06, 4.34790035797e-06, 4.49313438367e-06, 3.89352589991e-06, 3.7204081309e-06, 3.50790355697e-06, 2.09037193599e-06, 2.29745182878e-06, 2.34599110627e-06, 2.55765007751e-06, 1.55011275638e-06, 8.89720922714e-07, 6.32062153727e-07, 5.65598384128e-07, 4.36750951849e-07, 3.80250554599e-07, 2.30540109669e-07, 1.55508701027e-07, 1.38381409442e-07, 1.71697621454e-07, 1.82541270988e-07, 1.38367937552e-07, 1.23460537793e-07], "min": [1.31668679027e-23, 3.95802313279e-23, 2.75574736396e-23, 3.11984508924e-24, 4.7536568822e-24, 8.98160817969e-24, 1.65932158248e-23, 1.38847092384e-23, 7.02869228981e-24, 6.0410802461e-24, 1.53390737136e-23, 1.35837840466e-23, 8.88198135825e-24, 1.08492308508e-23, 5.21985868883e-24, 8.20663753729e-24, 2.1021862014e-23, 1.76423945178e-23, 1.53647227371e-23, 1.21005472622e-23, 1.44277673964e-23, 7.45430799173e-24, 1.20113263049e-23, 1.63221379742e-23, 8.88256905962e-24, 1.92962650715e-23, 1.19206648877e-23, 1.18264867285e-23, 1.18477362747e-23, 1.44626082271e-23, 1.59079560222e-23, 7.43861754832e-24, 1.10223108777e-23, 7.48549560762e-24, 9.92347733495e-24, 1.50608298506e-23, 9.27894168778e-24, 8.12375665514e-24, 1.01999699268e-23, 8.77367154482e-24], "var": [3.51301628143e-06, 3.56386117346e-05, 8.38546748128e-06, 1.13458581836e-05, 5.99822612912e-07, 9.49594394228e-08, 7.2684926522e-08, 1.47183484955e-07, 4.49349300879e-07, 1.1276862466e-07, 3.82964726597e-09, 2.76973946001e-08, 4.55509541197e-09, 4.51867965268e-09, 1.62117430591e-09, 7.23292981064e-10, 9.25625298631e-10, 2.64211152956e-10, 1.05710960818e-10, 1.52883594673e-10, 1.41382933139e-10, 9.79108877308e-11, 2.2316655468e-10, 5.52240891905e-11, 7.94810259275e-11, 1.15292275726e-10, 1.26888805019e-10, 1.05390675353e-10, 9.9511981988e-11, 1.33975455729e-10, 1.64420782545e-10, 1.21847407164e-10, 2.03802627552e-10, 1.33227290311e-10, 8.16038348006e-11, 3.7580074469e-11, 5.11565442785e-11, 4.93020554937e-11, 3.69148184243e-11, 2.90333972142e-11]}, "mfcc": {"mean": [-675.623535156, 122.393295288, 16.375415802, 31.3078041077, 11.0670862198, 6.2934756279, 4.84660196304, -2.52586746216, -8.23194217682, -6.8171582222, -6.36812639236, -5.42866039276, -5.28941011429], "cov": [[7804.62890625, -630.054748535, 605.904785156, -59.3266525269, 120.756973267, 30.030544281, -99.8531951904, 125.838302612, 230.258300781, 110.381217957, 161.528915405, 118.738121033, 168.756698608], [-630.054748535, 1103.59509277, -398.568847656, 78.4135665894, -94.5342559814, -93.7153625488, 0.774957478046, -52.5692062378, -45.0895385742, -2.52609825134, -28.1703929901, -18.8822746277, -42.338809967], [605.904785156, -398.568847656, 392.060974121, 21.6698493958, 109.229469299, 88.7936172485, 48.365901947, 58.001663208, 37.2954063416, 5.90396118164, 1.32073867321, 2.15694022179, 25.2290859222], [-59.3266525269, 78.4135665894, 21.6698493958, 147.046218872, 64.433921814, 41.1992950439, 46.4212226868, 5.59522247314, -0.499291539192, -10.3299560547, -18.7137889862, 4.23346853256, 5.54991483688], [120.756973267, -94.5342559814, 109.229469299, 64.433921814, 144.447723389, 70.394241333, 61.6226844788, 22.399641037, 17.7388744354, -6.81684780121, -5.87157249451, 13.8313827515, 38.2820396423], [30.030544281, -93.7153625488, 88.7936172485, 41.1992950439, 70.394241333, 119.455718994, 61.7827835083, 23.9103775024, -6.65781021118, -10.9492340088, -12.5308055878, -4.57437610626, 0.965019822121], [-99.8531951904, 0.774957478046, 48.365901947, 46.4212226868, 61.6226844788, 61.7827835083, 122.938972473, 49.0549964905, 15.447687149, -8.58366394043, -32.9987411499, -8.22950935364, 14.5445890427], [125.838302612, -52.5692062378, 58.001663208, 5.59522247314, 22.399641037, 23.9103775024, 49.0549964905, 94.510887146, 54.7405662537, 12.8205127716, -11.6961317062, -2.97208666801, 15.219660759], [230.258300781, -45.0895385742, 37.2954063416, -0.499291539192, 17.7388744354, -6.65781021118, 15.447687149, 54.7405662537, 121.566574097, 42.9811820984, 8.21664047241, 11.3875999451, 32.5663566589], [110.381217957, -2.52609825134, 5.90396118164, -10.3299560547, -6.81684780121, -10.9492340088, -8.58366394043, 12.8205127716, 42.9811820984, 94.2377929688, 36.5517272949, 10.1962461472, -1.10447359085], [161.528915405, -28.1703929901, 1.32073867321, -18.7137889862, -5.87157249451, -12.5308055878, -32.9987411499, -11.6961317062, 8.21664047241, 36.5517272949, 81.7303619385, 37.8484306335, 4.82726240158], [118.738121033, -18.8822746277, 2.15694022179, 4.23346853256, 13.8313827515, -4.57437610626, -8.22950935364, -2.97208666801, 11.3875999451, 10.1962461472, 37.8484306335, 74.3182678223, 41.8245391846], [168.756698608, -42.338809967, 25.2290859222, 5.54991483688, 38.2820396423, 0.965019822121, 14.5445890427, 15.219660759, 32.5663566589, -1.10447359085, 4.82726240158, 41.8245391846, 99.3246154785]], "icov": [[0.000165661200299, -3.40446276823e-05, -0.000279409461655, 2.60985761997e-05, 1.71361971297e-05, -2.65155194938e-05, 0.000268473610049, -0.000105732171505, -0.000175194858457, 2.52871868724e-05, -0.000217112901737, -8.48624949867e-06, -0.000184074378922], [-3.40446276823e-05, 0.00168931612279, 0.00162812974304, -0.00126703397837, 0.000282000808511, 0.000801990507171, -0.00080199673539, 8.1927573774e-05, 0.000282347609755, -0.000345513079083, 0.0001850517001, 0.000197515342734, 0.000235006955336], [-0.000279409461655, 0.00162812974304, 0.00570468977094, -0.000507975753862, -0.00226052151993, -0.00102824682835, -7.52525884309e-05, -0.00150438537821, 0.000269414915238, -0.000370041816495, 0.000133734763949, 0.000680604192894, 0.000485345080961], [2.60985761997e-05, -0.00126703397837, -0.000507975753862, 0.0103272562847, -0.00424293195829, -0.00125108205248, -0.00104345788714, 0.001024317462, -0.000496225431561, 0.000107079176814, 0.00202178582549, -0.00215997430496, 0.00158603605814], [1.71361971297e-05, 0.000282000808511, -0.00226052151993, -0.00424293195829, 0.0152402864769, -0.00437716301531, -0.00352374184877, 0.00225820718333, -0.00130533508491, 0.000784310803283, -0.00167661800515, 0.000365446787328, -0.00439479527995], [-2.65155194938e-05, 0.000801990507171, -0.00102824682835, -0.00125108205248, -0.00437716301531, 0.0157786067575, -0.00521303527057, -0.00107052386738, 0.00264152674936, 0.000229732017033, -0.000651483656839, 0.000114688416943, 0.00229899282567], [0.000268473610049, -0.00080199673539, -7.52525884309e-05, -0.00104345788714, -0.00352374184877, -0.00521303527057, 0.0170757398009, -0.0070345220156, 0.000737985305022, -0.000750284874812, 0.00417689979076, -0.000125209830003, -0.00113497360144], [-0.000105732171505, 8.1927573774e-05, -0.00150438537821, 0.001024317462, 0.00225820718333, -0.00107052386738, -0.0070345220156, 0.0196503642946, -0.00784302223474, 0.000208671452128, 0.00101912976243, 0.000294181401841, 9.90018088487e-05], [-0.000175194858457, 0.000282347609755, 0.000269414915238, -0.000496225431561, -0.00130533508491, 0.00264152674936, 0.000737985305022, -0.00784302223474, 0.0152276176959, -0.00589818973094, 0.000915857381187, 0.00043303440907, -0.00333675881848], [2.52871868724e-05, -0.000345513079083, -0.000370041816495, 0.000107079176814, 0.000784310803283, 0.000229732017033, -0.000750284874812, 0.000208671452128, -0.00589818973094, 0.0161296334118, -0.00767380231991, 0.00138226232957, 0.00157527707051], [-0.000217112901737, 0.0001850517001, 0.000133734763949, 0.00202178582549, -0.00167661800515, -0.000651483656839, 0.00417689979076, 0.00101912976243, 0.000915857381187, -0.00767380231991, 0.0235451646149, -0.0121514704078, 0.00377247529104], [-8.48624949867e-06, 0.000197515342734, 0.000680604192894, -0.00215997430496, 0.000365446787328, 0.000114688416943, -0.000125209830003, 0.000294181401841, 0.00043303440907, 0.00138226232957, -0.0121514704078, 0.0252938941121, -0.0103093124926], [-0.000184074378922, 0.000235006955336, 0.000485345080961, 0.00158603605814, -0.00439479527995, 0.00229899282567, -0.00113497360144, 9.90018088487e-05, -0.00333675881848, 0.00157527707051, 0.00377247529104, -0.0103093124926, 0.017360933125]]}, "spectral_contrast_coeffs": {"dmean": [0.0533781647682, 0.0377471409738, 0.0343273282051, 0.0316812843084, 0.0290025826544, 0.0251797698438], "dmean2": [0.0890073105693, 0.0607892274857, 0.0526234805584, 0.0482243597507, 0.0440143458545, 0.037561878562], "dvar": [0.00224556564353, 0.00138297397643, 0.0010990673909, 0.000892845971975, 0.000866767251864, 0.000744775985368], "dvar2": [0.00585186760873, 0.00348293199204, 0.00227554445155, 0.00188238115516, 0.00168377847876, 0.0014934851788], "max": [-0.295814543962, -0.409713029861, -0.524281859398, -0.563539505005, -0.563419878483, -0.599481523037], "mean": [-0.573760330677, -0.681474924088, -0.733670473099, -0.739301800728, -0.744429409504, -0.760204672813], "median": [-0.575238525867, -0.681476950645, -0.735584497452, -0.737912297249, -0.744782805443, -0.762119174004], "min": [-0.96661812067, -0.96037709713, -0.961691558361, -0.962169408798, -0.963934659958, -0.959337592125], "var": [0.00593554135412, 0.00697124982253, 0.00503787724301, 0.00357812736183, 0.00340671464801, 0.00250346027315]}, "spectral_contrast_valleys": {"dmean": [0.483694016933, 0.353143811226, 0.360256791115, 0.374297559261, 0.403397798538, 0.645414710045], "dmean2": [0.768608868122, 0.555389523506, 0.531949043274, 0.527140021324, 0.519899904728, 0.753367125988], "dvar": [0.220017150044, 0.190603151917, 0.168762490153, 0.182359844446, 0.233465120196, 0.500503242016], "dvar2": [0.434863775969, 0.364918917418, 0.277627676725, 0.280347853899, 0.341396868229, 0.86543148756], "max": [-5.08348274231, -4.55678272247, -5.57796573639, -6.