{"lowlevel": {"average_loudness": 0.793408274651, "barkbands_crest": {"dmean": 3.20920610428, "dmean2": 5.34997463226, "dvar": 7.12347126007, "dvar2": 18.7849445343, "max": 25.1494827271, "mean": 13.259013176, "median": 13.2810335159, "min": 3.5168864727, "var": 16.1960830688}, "barkbands_flatness_db": {"dmean": 0.046918399632, "dmean2": 0.0759537369013, "dvar": 0.00174209696706, "dvar2": 0.00449842214584, "max": 0.632281541824, "mean": 0.430641889572, "median": 0.434694588184, "min": 0.0547599829733, "var": 0.00572812464088}, "barkbands_kurtosis": {"dmean": 7.83009958267, "dmean2": 12.8377990723, "dvar": 264.559570312, "dvar2": 632.844238281, "max": 287.429168701, "mean": 11.3407249451, "median": 5.72420310974, "min": -1.78404736519, "var": 433.924682617}, "barkbands_skewness": {"dmean": 0.824127078056, "dmean2": 1.34712898731, "dvar": 0.862895011902, "dvar2": 2.14609956741, "max": 13.4464931488, "mean": 2.2442445755, "median": 2.02436041832, "min": -6.5061378479, "var": 1.94718134403}, "barkbands_spread": {"dmean": 2.14016008377, "dmean2": 3.45552515984, "dvar": 18.0715827942, "dvar2": 47.1847000122, "max": 78.8771591187, "mean": 4.52879428864, "median": 3.42457461357, "min": 0.459783881903, "var": 24.5233364105}, "dissonance": {"dmean": 0.0448260679841, "dmean2": 0.075733833015, "dvar": 0.00147200934589, "dvar2": 0.00428965967149, "max": 0.500000238419, "mean": 0.424034148455, "median": 0.431679308414, "min": 0.189972236753, "var": 0.00212047225796}, "dynamic_complexity": 6.48815727234, "erbbands_crest": {"dmean": 3.42822647095, "dmean2": 5.94500541687, "dvar": 9.36186027527, "dvar2": 25.8175430298, "max": 24.0002593994, "mean": 10.9602308273, "median": 10.3190717697, "min": 3.2465763092, "var": 16.3984470367}, "erbbands_flatness_db": {"dmean": 0.0289133116603, "dmean2": 0.0451195798814, "dvar": 0.000665221712552, "dvar2": 0.00156574917492, "max": 0.532206237316, "mean": 0.409824669361, "median": 0.41503226757, "min": 0.080270960927, "var": 0.0034725391306}, "erbbands_kurtosis": {"dmean": 2.16184043884, "dmean2": 3.67030239105, "dvar": 28.7854576111, "dvar2": 80.881362915, "max": 97.1181869507, "mean": 1.61208224297, "median": 0.231465697289, "min": -1.75544512272, "var": 28.1774501801}, "erbbands_skewness": {"dmean": 0.581129491329, "dmean2": 0.969714820385, "dvar": 0.420113265514, "dvar2": 1.04588079453, "max": 6.88608360291, "mean": 0.997888922691, "median": 0.885009229183, "min": -1.25868976116, "var": 0.785912871361}, "erbbands_spread": {"dmean": 4.06246376038, "dmean2": 6.35271453857, "dvar": 20.4775886536, "dvar2": 40.9891090393, "max": 54.8732681274, "mean": 13.6679563522, "median": 12.692401886, "min": 1.40320444107, "var": 45.9020805359}, "hfc": {"dmean": 3.24209117889, "dmean2": 4.80225038528, "dvar": 40.1657333374, "dvar2": 87.7567596436, "max": 85.6278457642, "mean": 5.62480926514, "median": 2.35001444817, "min": 1.30601773441e-16, "var": 86.0912475586}, "melbands_crest": {"dmean": 4.100461483, "dmean2": 7.09047460556, "dvar": 10.7340965271, "dvar2": 30.3312225342, "max": 27.4907550812, "mean": 15.7204341888, "median": 15.6531934738, "min": 2.16766023636, "var": 20.8828868866}, "melbands_flatness_db": {"dmean": 0.0535824112594, "dmean2": 0.0887864157557, "dvar": 0.00232193665579, "dvar2": 0.00627611158416, "max": 0.797221124172, "mean": 0.56882506609, "median": 0.574116110802, "min": 0.00774178467691, "var": 0.0067985067144}, "melbands_kurtosis": {"dmean": 6.26528644562, "dmean2": 10.7059316635, "dvar": 55.5348205566, "dvar2": 155.265640259, "max": 78.4936141968, "mean": 10.2275590897, "median": 7.72728919983, "min": -1.23684620857, "var": 81.9416275024}, "melbands_skewness": {"dmean": 0.719123184681, "dmean2": 1.19132471085, "dvar": 0.44988450408, "dvar2": 1.23706841469, "max": 6.77707529068, "mean": 2.30733990669, "median": 2.23300600052, "min": -0.238457247615, "var": 0.958855390549}, "melbands_spread": {"dmean": 2.84154248238, "dmean2": 4.61621427536, "dvar": 32.1262054443, "dvar2": 60.9270935059, "max": 139.28263855, "mean": 6.11058712006, "median": 4.80532836914, "min": 0.533407092094, "var": 50.1186828613}, "pitch_salience": {"dmean": 0.0912058651447, "dmean2": 0.159243732691, "dvar": 0.00548894051462, "dvar2": 0.0158908758312, "max": 0.959298670292, "mean": 0.643815517426, "median": 0.658067107201, "min": 0.201890155673, "var": 0.00987637415528}, "silence_rate_20dB": {"dmean": 0, "dmean2": 0, "dvar": 0, "dvar2": 0, "max": 1, "mean": 1, "median": 1, "min": 1, "var": 0}, "silence_rate_30dB": {"dmean": 0.0155743025243, "dmean2": 0.0311688315123, "dvar": 0.0153315793723, "dvar2": 0.0327951796353, "max": 1, "mean": 0.984435796738, "median": 1, "min": 0, "var": 0.0153219541535}, "silence_rate_60dB": {"dmean": 0.0960415303707, "dmean2": 0.192207798362, "dvar": 0.0868177041411, "dvar2": 0.173444613814, "max": 1, "mean": 0.365110248327, "median": 0, "min": 0, "var": 0.231801405549}, "spectral_centroid": {"dmean": 83.0096130371, "dmean2": 128.96307373, "dvar": 60226.0976562, "dvar2": 63425.3984375, "max": 11135.6748047, "mean": 415.167602539, "median": 372.7371521, "min": 232.097488403, "var": 106021.1875}, "spectral_complexity": {"dmean": 2.26476311684, "dmean2": 3.50519490242, "dvar": 7.98055696487, "dvar2": 15.4629592896, "max": 26, "mean": 8.37289237976, "median": 8.5, "min": 0, "var": 34.3064575195}, "spectral_decrease": {"dmean": 2.6312660939e-09, "dmean2": 4.03876088129e-09, "dvar": 2.75855056273e-17, "dvar2": 6.47617171622e-17, "max": 9.05047821999e-16, "mean": -3.95997945546e-09, "median": -1.62552526994e-09, "min": -6.83677043867e-08, "var": 4.63928448628e-17}, "spectral_energy": {"dmean": 0.0102229509503, "dmean2": 0.015670645982, "dvar": 0.000415609654738, "dvar2": 0.000973779417109, "max": 0.265802234411, "mean": 0.015456023626, "median": 0.00634506437927, "min": 1.11178413843e-20, "var": 0.000704417994712}, "spectral_energyband_high": {"dmean": 6.5942011851e-09, "dmean2": 1.19396821319e-08, "dvar": 1.61757895172e-16, "dvar2": 4.89125316381e-16, "max": 2.02092493851e-07, "mean": 2.34146408928e-08, "median": 2.06543564474e-08, "min": 8.04729767506e-21, "var": 1.50924727588e-16}, "spectral_energyband_low": {"dmean": 0.000524747010786, "dmean2": 0.000920237100217, "dvar": 1.49881793732e-06, "dvar2": 4.15662043451e-06, "max": 0.010675355792, "mean": 0.000585055735428, "median": 0.000196785171283, "min": 1.09591270635e-22, "var": 1.20480069654e-06}, "spectral_energyband_middle_high": {"dmean": 0.000582013046369, "dmean2": 0.000832588470075, "dvar": 1.69606062173e-06, "dvar2": 3.43902343047e-06, "max": 0.0196706708521, "mean": 0.000908065529075, "median": 0.000325095606968, "min": 1.40566107386e-21, "var": 3.18814909406e-06}, "spectral_energyband_middle_low": {"dmean": 0.00971383042634, "dmean2": 0.015026117675, "dvar": 0.000382295867894, "dvar2": 0.000915859593078, "max": 0.254297465086, "mean": 0.0142776854336, "median": 0.00565416831523, "min": 2.09580753523e-22, "var": 0.000624782813247}, "spectral_entropy": {"dmean": 0.250199049711, "dmean2": 0.380746632814, "dvar": 0.0705939233303, "dvar2": 0.141565829515, "max": 9.79390621185, "mean": 5.62756919861, "median": 5.62093877792, "min": 4.37552261353, "var": 0.206961512566}, "spectral_flux": {"dmean": 0.0251745842397, "dmean2": 0.0379594415426, "dvar": 0.00120343978051, "dvar2": 0.0022410005331, "max": 0.319961577654, "mean": 0.0593192316592, "median": 0.0444062575698, "min": 1.05441176623e-10, "var": 0.00297317048535}, "spectral_kurtosis": {"dmean": 63.2103157043, "dmean2": 102.127220154, "dvar": 3307.85180664, "dvar2": 9073.64453125, "max": 493.606719971, "mean": 198.580581665, "median": 191.30090332, "min": -1.20551657677, "var": 9232.30273438}, "spectral_rms": {"dmean": 0.00103828916326, "dmean2": 0.00147572276182, "dvar": 1.88474200513e-06, "dvar2": 4.17314959122e-06, "max": 0.0161033924669, "mean": 0.00297785107978, "median": 0.00248803268187, "min": 3.29342889765e-12, "var": 6.21146728008e-06}, "spectral_rolloff": {"dmean": 197.780334473, "dmean2": 345.62097168, "dvar": 718726.375, "dvar2": 1516180.125, "max": 19401.4160156, "mean": 595.485839844, "median": 473.73046875, "min": 215.33203125, "var": 1084290}, "spectral_skewness": {"dmean": 2.41464591026, "dmean2": 3.93411374092, "dvar": 4.33347320557, "dvar2": 11.4975404739, "max": 17.6954479218, "mean": 9.90212154388, "median": 10.1109905243, "min": 0.0197945423424, "var": 11.3164148331}, "spectral_spread": {"dmean": 375544.4375, "dmean2": 634182.3125, "dvar": 887012130816, "dvar2": 1513128329220.0, "max": 40039320, "mean": 806239.375, "median": 589798.75, "min": 151299.84375, "var": 1953004388350.0}, "spectral_strongpeak": {"dmean": 0.270080655813, "dmean2": 0.453928530216, "dvar": 0.130108341575, "dvar2": 0.353277504444, "max": 4.52275943756, "mean": 0.465034425259, "median": 0.297998964787, "min": 0, "var": 0.267076522112}, "zerocrossingrate": {"dmean": 0.00453648436815, "dmean2": 0.00556767452508, "dvar": 0.000272496923571, "dvar2": 0.000409768748796, "max": 0.49755859375, "mean": 0.0234846808016, "median": 0.01953125, "min": 0.0107421875, "var": 0.000751481973566}, "barkbands": {"dmean": [1.13672562918e-07, 7.95350424596e-05, 0.000214212399442, 0.000701852724887, 0.00542212324217, 0.00393941905349, 0.000631021277513, 0.000231900383369, 0.000302670145174, 0.000197784102056, 0.000181900715688, 9.06254426809e-05, 0.000103510305053, 6.17454352323e-05, 4.88625773869e-05, 1.49948027683e-05, 1.80374372576e-05, 1.10007204057e-06, 1.2355756418e-09, 1.06489772556e-09, 9.67173896527e-10, 8.15579104252e-10, 6.91420642962e-10, 6.65710597758e-10, 6.39047814666e-10, 7.07303826619e-10, 2.42156428243e-09], "dmean2": [1.89986636201e-07, 0.000128374929773, 0.00037879330921, 0.00126287294552, 0.009072734043, 0.00631354004145, 0.000925571657717, 0.000329198897816, 0.000447771250037, 0.000312266609399, 0.000270757533144, 0.000138240240631, 0.000164165932802, 9.81664416031e-05, 8.29908749438e-05, 2.49567237915e-05, 3.11420299113e-05, 1.71803219473e-06, 2.28494401178e-09, 1.96810989728e-09, 1.78646686333e-09, 1.50701140456e-09, 1.2757498391e-09, 1.22734555852e-09, 1.17696952184e-09, 1.29168153951e-09, 4.16824796901e-09], "dvar": [2.66786240452e-13, 3.30388516545e-08, 2.60915442141e-07, 2.45750516115e-06, 0.000144905759953, 8.70573785505e-05, 1.5716652797e-06, 1.48263538335e-07, 2.67184958602e-07, 2.86985596176e-07, 2.31134663409e-07, 3.34236638366e-08, 7.61327996202e-08, 2.48987426232e-08, 1.60733808485e-08, 2.42530151517e-09, 5.24464693896e-09, 1.83117705027e-11, 8.62706944527e-18, 6.2839873024e-18, 5.21868537973e-18, 3.71711227198e-18, 2.62368889682e-18, 2.3772990893e-18, 2.18191034322e-18, 2.06149207798e-18, 4.23928409572e-18], "dvar2": [5.73208960766e-13, 8.72791261486e-08, 7.14502789378e-07, 6.97005089023e-06, 0.000377723044949, 0.000221653841436, 3.03072374663e-06, 2.8383328754e-07, 6.1016055497e-07, 6.34063439975e-07, 5.10527513597e-07, 7.20119928133e-08, 1.67158489717e-07, 6.24454230547e-08, 4.31461799622e-08, 6.30413143909e-09, 1.45847600663e-08, 4.86613076223e-11, 2.61673938026e-17, 1.90338063979e-17, 1.58235895781e-17, 1.12634884449e-17, 7.95412823846e-18, 7.20368599851e-18, 6.60634785892e-18, 6.26791849182e-18, 1.2520093255e-17], "max": [1.22502979139e-05, 0.00229668803513, 0.00447852071375, 0.0132407359779, 0.143393859267, 0.123506963253, 0.0220802426338, 0.00694170920178, 0.00661393860355, 0.0120708560571, 0.00888372119516, 0.00213949847966, 0.00297454558313, 0.00210742861964, 0.00170565117151, 0.000580355990678, 0.000919703568798, 7.01432072674e-05, 3.91196870453e-08, 3.47341782003e-08, 3.22486179982e-08, 2.73121472105e-08, 2.32010624046e-08, 2.21772271658e-08, 2.14397566367e-08, 2.18476454705e-08, 3.80905618158e-08], "mean": [1.06514669085e-07, 0.000136369359097, 0.000212035447476, 0.0006130328984, 0.00580622954294, 0.00552757503465, 0.00107739341911, 0.000524483330082, 0.000615204568021, 0.000301641324768, 0.000231007652474, 0.000136574759381, 0.000122571349493, 6.83735852363e-05, 5.48457428522e-05, 1.35142354338e-05, 1.3882597159e-05, 1.19172375435e-06, 9.61824286883e-10, 8.44167291625e-10, 7.82436893054e-10, 6.92166324257e-10, 6.55341503286e-10, 7.63982654917e-10, 8.0244610956e-10, 1.64924762736e-09, 1.78154042629e-08], "median": [5.41619016303e-09, 2.58851432591e-05, 5.51283883397e-05, 0.000164091368788, 0.00198219763115, 0.00114105036482, 0.000199275440536, 0.000147647922859, 0.000211449863855, 8.70631920407e-05, 5.53924473934e-05, 4.12670196965e-05, 2.70239015663e-05, 1.6856005459e-05, 2.32883103308e-05, 2.08058366979e-07, 1.39588536285e-07, 9.96197346836e-10, 1.58913479598e-10, 1.51046564145e-10, 1.5302401013e-10, 1.65962021903e-10, 2.20515994354e-10, 3.578670138e-10, 4.17606504932e-10, 1.32590471935e-09, 1.76773742311e-08], "min": [1.32442362249e-23, 5.54615222738e-23, 4.29453415556e-23, 7.26638239144e-24, 1.93041757686e-23, 6.1455438893e-23, 2.03566440116e-23, 2.73518112907e-23, 3.1336013246e-23, 1.98201062623e-22, 7.59952687142e-23, 8.83192261179e-23, 5.28876363786e-23, 9.62198637212e-23, 1.95874983182e-22, 9.98563925874e-23, 8.34244136207e-23, 1.80143190844e-22, 2.31114308586e-22, 2.63770751925e-22, 5.28331778393e-22, 6.05352118211e-22, 5.11322422664e-22, 8.38306908709e-22, 1.25147509236e-21, 1.56626618695e-21, 2.97677220468e-21], "var": [2.93100125334e-13, 5.08257258502e-08, 2.0511483001e-07, 1.72065676907e-06, 0.000136927585118, 0.000148575491039, 5.44991326024e-06, 8.41259634399e-07, 1.02548017367e-06, 6.35692060769e-07, 3.06076373136e-07, 5.9651824813e-08, 9.0348237336e-08, 2.76078804262e-08, 1.36121993677e-08, 1.96536698027e-09, 3.4091438561e-09, 1.58793620614e-11, 7.25315718941e-18, 5.383662417e-18, 4.49360367018e-18, 3.20095281052e-18, 2.26070095092e-18, 2.05839407979e-18, 1.90323319485e-18, 1.85274705334e-18, 6.61381275035e-18]}, "erbbands": {"dmean": [0.000687862979248, 0.0248822085559, 0.199664667249, 1.36711537838, 7.53057432175, 22.0579624176, 39.1462745667, 26.5193443298, 11.3753242493, 5.54232358932, 4.66340208054, 7.46613454819, 5.96642494202, 6.43751144409, 6.95061540604, 3.79719161987, 4.62403678894, 3.98738098145, 2.18913197517, 1.7881629467, 0.973814547062, 0.946532189846, 0.140169665217, 0.00427635619417, 0.000331864983309, 8.41563451104e-05, 4.84515476273e-05, 3.76326643163e-05, 3.0584349588e-05, 2.48680917139e-05, 2.00408776436e-05, 1.58381208166e-05, 1.23020845422e-05, 9.47667922446e-06, 7.2544376053e-06, 5.3460912568e-06, 3.25383871314e-06, 9.06181867322e-07, 4.80909966427e-06, 1.13074156616e-05], "dmean2": [0.00112226582132, 0.0404407791793, 0.347280651331, 2.44579434395, 12.9417133331, 38.1699485779, 63.2050018311, 42.0931129456, 17.2199802399, 7.50570011139, 7.34387922287, 11.0113649368, 9.6068983078, 9.79183769226, 10.4670038223, 5.7563958168, 7.21980762482, 6.31217765808, 3.62383794785, 2.92367339134, 1.66920375824, 1.62145316601, 0.231441944838, 0.00706804683432, 0.000550972297788, 0.000143826036947, 8.68341739988e-05, 6.83373291395e-05, 5.55842307222e-05, 4.49932340416e-05, 3.59735931852e-05, 2.80430522253e-05, 2.13187122426e-05, 1.57170725288e-05, 1.13919113574e-05, 8.04238970886e-06, 4.81492224935e-06, 1.48320827975e-06, 7.33762908567e-06, 1.73033258761e-05], "dvar": [2.78403445009e-06, 0.00317493150942, 0.21464471519, 9.71824836731, 298.401123047, 2427.15966797, 8746.9765625, 3878.36108398, 572.820129395, 122.996620178, 59.3902053833, 170.507965088, 328.339202881, 193.78213501, 320.72354126, 60.7615737915, 137.026428223, 122.213920593, 25.6107311249, 22.6306858063, 12.7147254944, 14.3298711777, 0.265051335096, 0.000229400407989, 1.05225240077e-06, 3.49391591214e-08, 1.08978932545e-08, 7.13882286618e-09, 4.87303797314e-09, 3.20219517569e-09, 1.99882022045e-09, 1.17976062253e-09, 6.57861098929e-10, 3.53210433124e-10, 1.93856680708e-10, 1.01662303575e-10, 3.4564451995e-11, 1.34310943443e-12, 8.69389837899e-11, 5.06670427836e-10], "dvar2": [7.4332551776e-06, 0.00835486780852, 0.582082390785, 27.3714466095, 807.123046875, 6513.93554688, 23244.09375, 9786.703125, 1356.7010498, 195.957778931, 144.732894897, 374.860351562, 737.774597168, 379.86529541, 672.24810791, 122.101951599, 291.111297607, 309.978149414, 65.4191741943, 58.2487716675, 34.8475875854, 39.7324676514, 0.730856895447, 0.000630475464277, 2.85400892608e-06, 9.22902785305e-08, 3.06684135865e-08, 2.07373904715e-08, 1.42171128203e-08, 9.26327015094e-09, 5.66909141853e-09, 3.22736637415e-09, 1.69506719772e-09, 8.36866298481e-10, 4.21901069636e-10, 2.12717621295e-10, 7.23926890656e-11, 3.05079160719e-12, 2.00938501949e-10, 1.18386511705e-09], "max": [0.0219309646636, 0.69971370697, 4.18431282043, 26.4356594086, 179.198669434, 570.249511719, 1492.05187988, 678.142150879, 332.46472168, 254.271896362, 119.401420593, 184.172744751, 438.561523438, 246.870681763, 284.114959717, 92.6437301636, 125.020820618, 137.04473877, 60.574848175, 65.5536422729, 44.3035926819, 47.7565841675, 8.02318191528, 0.220064997673, 0.0120910862461, 0.00193712243345, 0.00154853623826, 0.00128766335547, 0.00107544159982, 0.000892634794582, 0.00072888249997, 0.000584688910749, 0.000457367597846, 0.000344515574398, 0.000251496792771, 0.000178540387424, 0.000102426383819, 2.46065828833e-05, 0.000125677135657, 0.000294409692287], "mean": [0.000978312105872, 0.0419976115227, 0.234204918146, 1.2420463562, 7.52194023132, 22.016992569, 49.6644287109, 35.0796661377, 18.5908946991, 12.3478651047, 10.4279108047, 15.1234436035, 11.1112422943, 9.60690402985, 9.10474586487, 5.73182678223, 5.88329076767, 4.30705404282, 2.70996165276, 1.99796068668, 0.830660760403, 0.744018137455, 0.13480912149, 0.00414302479476, 0.000337561505148, 9.18214864214e-05, 5.15776882821e-05, 3.88609623769e-05, 3.25824003085e-05, 2.87593684334e-05, 2.62162084255e-05, 2.40575318458e-05, 2.16685275518e-05, 1.82606709132e-05, 1.39997737278e-05, 1.02826661532e-05, 7.68648169469e-06, 4.5787101044e-06, 9.52038772084e-06, 1.75072345883e-05], "median": [0.000246788025834, 0.00938691198826, 0.0684210062027, 0.375564724207, 2.48813557625, 6.7222700119, 12.423324585, 7.06758832932, 4.67284870148, 2.69277834892, 3.96937322617, 5.24736118317, 2.97456598282, 3.9177377224, 2.04394197464, 1.70004224777, 1.52571082115, 1.06807994843, 1.1603474617, 0.744794666767, 0.0741549134254, 0.023664381355, 0.00269904150628, 0.000287347938865, 7.86995660746e-05, 3.09703755192e-05, 1.70342900674e-05, 1.24244470499e-05, 1.10943410618e-05, 1.08324975372e-05, 1.12549787445e-05, 1.13942478492e-05, 1.12241805255e-05, 9.55238101596e-06, 7.05508909959e-06, 5.1245542636e-06, 4.64185677629e-06, 4.12904410041e-06, 5.25107680005e-06, 7.36465926821e-06], "min": [7.87040138521e-22, 1.53656488976e-20, 4.59712572451e-20, 4.61982052321e-20, 2.29506560079e-20, 6.82374697637e-20, 2.3129078866e-19, 5.77844852981e-19, 3.91966099004e-19, 5.66066835034e-19, 4.26607776823e-19, 7.65766226083e-19, 4.8114077023e-18, 3.5381199e-18, 4.3354239896e-18, 2.86295419772e-18, 2.81957436486e-18, 3.89884798846e-18, 7.7780065968e-18, 1.03339764916e-17, 4.54302316229e-18, 4.61570049168e-18, 7.83050278719e-18, 1.48966526381e-17, 1.06814039294e-17, 1.33433497228e-17, 2.05276499164e-17, 1.95919250096e-17, 2.07849576809e-17, 1.81709627204e-17, 1.6716565791e-17, 1.42948258029e-17, 1.48345049043e-17, 1.10153119273e-17, 9.16727380637e-18, 6.93509755849e-18, 2.82043256474e-18, 1.30402397271e-18, 4.31264338383e-19, 4.17929644071e-20], "var": [3.02346802528e-06, 0.00467276386917, 0.189168453217, 6.97705030441, 246.805099487, 2061.35693359, 12787.7509766, 5609.43261719, 1328.61645508, 673.489257812, 248.020309448, 631.710693359, 839.934997559, 383.793029785, 455.826660156, 109.752067566, 176.889694214, 121.70022583, 26.6947727203, 21.3736076355, 8.69179153442, 9.42771625519, 0.185748055577, 0.000161647665664, 7.80171603765e-07, 3.46502062598e-08, 1.15935048228e-08, 7.29312610304e-09, 5.00270580517e-09, 3.4407423577e-09, 2.32727970229e-09, 1.55255630574e-09, 1.01878816494e-09, 6.58561538636e-10, 4.13977935265e-10, 2.27210389392e-10, 7.79336109535e-11, 3.25116561277e-12, 1.540429867e-10, 8.67315719244e-10]}, "gfcc": {"mean": [-298.723480225, 256.251403809, -80.247467041, -102.189224243, -16.9249324799, -13.2255363464, -56.5397262573, -34.3449745178, -11.0964565277, -22.4193611145, -15.7267255783, -7.03151273727, -0.329757302999], "cov": [[12038.2167969, 4110.80126953, -2200.89794922, -600.160827637, 1347.77233887, -239.314163208, -326.412322998, 508.393768311, 601.745849609, -240.786178589, 113.798690796, 16.7555561066, 191.784469604], [4110.80126953, 1919.23657227, -507.119720459, -456.027954102, 416.384521484, 79.9621353149, -31.4310150146, 83.194984436, 227.262069702, 7.0504784584, 20.5432167053, -87.0009918213, 95.3464279175], [-2200.89794922, -507.119720459, 976.245056152, -110.857002258, -634.987548828, 209.802902222, 188.485900879, -383.810760498, -227.672851562, 191.662826538, -8.69983768463, -119.005180359, 28.3866481781], [-600.160827637, -456.027954102, -110.857002258, 434.189758301, 199.118270874, -138.596237183, -13.3162746429, 243.040603638, 34.2718315125, -124.220481873, -5.63204336166, 102.340667725, -66.2873840332], [1347.77233887, 416.384521484, -634.987548828, 199.118270874, 665.680480957, -109.492355347, -125.086219788, 379.829986572, 225.302383423, -171.821884155, -18.2076702118, 101.957756042, -21.1267108917], [-239.314163208, 79.9621353149, 209.802902222, -138.596237183, -109.492355347, 274.804748535, 130.802185059, -157.071975708, -14.3165493011, 129.837844849, -53.4530334473, -105.15071106, 40.0112915039], [-326.412322998, -31.4310150146, 188.485900879, -13.3162746429, -125.086219788, 130.802185059, 173.715377808, -2.83002233505, -28.2678260803, 41.4592819214, -22.6073322296, -59.7805519104, -13.207116127], [508.393768311, 83.194984436, -383.810760498, 243.040603638, 379.829986572, -157.071975708, -2.83002233505, 449.274658203, 201.483718872, -167.047821045, -23.770450592, 98.6408157349, -61.2922210693], [601.745849609, 227.262069702, -227.672851562, 34.2718315125, 225.302383423, -14.3165493011, -28.2678260803, 201.483718872, 215.631607056, 11.280456543, -34.8892478943, 13.8776807785, 18.1827640533], [-240.786178589, 7.0504784584, 191.662826538, -124.220481873, -171.821884155, 129.837844849, 41.4592819214, -167.047821045, 11.280456543, 185.560241699, 21.9499454498, -71.9384460449, 38.9378585815], [113.798690796, 20.5432167053, -8.69983768463, -5.63204336166, -18.2076702118, -53.4530334473, -22.6073322296, -23.770450592, -34.8892478943, 21.9499454498, 92.2304992676, 40.8261260986, -11.8862361908], [16.7555561066, -87.0009918213, -119.005180359, 102.340667725, 101.957756042, -105.15071106, -59.7805519104, 98.6408157349, 13.8776807785, -71.9384460449, 40.8261260986, 99.6036453247, -7.35204410553], [191.784469604, 95.3464279175, 28.3866481781, -66.2873840332, -21.1267108917, 40.0112915039, -13.207116127, -61.2922210693, 18.1827640533, 38.9378585815, -11.8862361908, -7.35204410553, 65.9250793457]], "icov": [[0.00116937980056, -0.00222386792302, 0.00255707348697, -0.00250569800846, 0.00296455761418, -0.00171215902083, 0.000632960407529, 0.0020075829234, -0.0040931510739, 0.00599386356771, -0.00573917012662, 0.00408412097022, -0.00281413411722], [-0.00222386792302, 0.00679419469088, -0.00487093487754, 0.00680219894275, -0.00764307240024, 0.00428967596963, -0.0053456122987, 0.00165120814927, -0.000761160044931, -0.00239307922311, 0.00258143665269, -0.00145657302346, 0.00291792419739], [0.00255707348697, -0.00487093487754, 0.00920781400055, -0.00710590835661, 0.0099807055667, -0.00587584497407, 0.00135473930277, 0.00455206912011, -0.00896292272955, 0.013821172528, -0.0134876575321, 0.00972570013255, -0.00727406749502], [-0.00250569800846, 0.00680219894275, -0.00710590835661, 0.0160871874541, -0.0164595227689, 0.0161186847836, -0.0132663864642, -0.00197607534938, 0.0140430843458, -0.0246666800231, 0.0257304403931, -0.0203624647111, 0.0101985977963], [0.00296455761418, -0.00764307240024, 0.0099807055667, -0.0164595227689, 0.0309471748769, -0.034583248198, 0.0341948159039, -0.015362826176, -0.0120654292405, 0.0358161702752, -0.0410859435797, 0.032378450036, -0.0165672898293], [-0.00171215902083, 0.00428967596963, -0.00587584497407, 0.0161186847836, -0.034583248198, 0.0608472488821, -0.0615216679871, 0.0376653820276, 0.00154707825277, -0.0431435182691, 0.0598320178688, -0.048364803195, 0.0226449258626], [0.000632960407529, -0.0053456122987, 0.00135473930277, -0.0132663864642, 0.0341948159039, -0.0615216679871, 0.0880051404238, -0.0731276422739, 0.0403049588203, 0.00577313266695, -0.0369800329208, 0.0475566089153, -0.0259840060025], [0.0020075829234, 0.00165120814927, 0.00455206912011, -0.00197607534938, -0.015362826176, 0.0376653820276, -0.0731276422739, 0.0993702635169, -0.0925724506378, 0.0577722080052, -0.014641026035, -0.0157824140042, 0.0247884821147], [-0.0040931510739, -0.000761160044931, -0.00896292272955, 0.0140430843458, -0.0120654292405, 0.00154707825277, 0.0403049588203, -0.0925724506378, 0.132847875357, -0.123441927135, 0.0858542993665, -0.0384388118982, -0.0043485048227], [0.00599386356771, -0.00239307922311, 0.013821172528, -0.0246666800231, 0.0358161702752, -0.0431435182691, 0.00577313266695, 0.0577722080052, -0.123441927135, 0.161627039313, -0.137850761414, 0.0911491438746, -0.0283038783818], [-0.00573917012662, 0.00258143665269, -0.0134876575321, 0.0257304403931, -0.0410859435797, 0.0598320178688, -0.0369800329208, -0.014641026035, 0.0858542993665, -0.137850761414, 0.152428090572, -0.112351693213, 0.0468350574374], [0.00408412097022, -0.00145657302346, 0.00972570013255, -0.0203624647111, 0.032378450036, -0.048364803195, 0.0475566089153, -0.0157824140042, -0.0384388118982, 0.0911491438746, -0.112351693213, 0.11409599334, -0.0506201945245], [-0.00281413411722, 0.00291792419739, -0.00727406749502, 0.0101985977963, -0.0165672898293, 0.0226449258626, -0.0259840060025, 0.0247884821147, -0.0043485048227, -0.0283038783818, 0.0468350574374, -0.0506201945245, 0.052025899291]]}, "melbands": {"dmean": [1.36323778861e-05, 7.59956019465e-05, 0.000343814317603, 0.00109752058052, 0.00121714791749, 0.000602457032073, 0.000166244979482, 5.60696025786e-05, 3.97082258132e-05, 4.73416039313e-05, 2.98003669741e-05, 2.55534978351e-05, 2.49214208452e-05, 1.13134838102e-05, 9.9404296634e-06, 1.05964536488e-05, 7.14747466191e-06, 3.20992876368e-06, 4.10787606597e-06, 1.13460316697e-06, 1.1979127521e-06, 1.15633827136e-06, 3.66487796555e-07, 2.42757702829e-09, 5.4395411786e-11, 4.54784022941e-11, 3.83415313387e-11, 3.20365435569e-11, 2.71336512286e-11, 2.32246080006e-11, 1.99195902828e-11, 1.71519898978e-11, 1.48417892559e-11, 1.28651828774e-11, 1.12752472289e-11, 9.88171610511e-12, 8.71069015529e-12, 7.71245133729e-12, 6.82791453585e-12, 6.02077025388e-12], "dmean2": [2.20137462748e-05, 0.00013066016254, 0.000609086127952, 0.00189041427802, 0.00196309387684, 0.000948400935158, 0.000250250915997, 7.47076701373e-05, 6.30725771771e-05, 6.95597118465e-05, 4.80050257465e-05, 3.96869399992e-05, 3.69959234376e-05, 1.71274859895e-05, 1.52567381519e-05, 1.68427141034e-05, 1.16237333714e-05, 5.21429228684e-06, 6.92880030329e-06, 1.7991740151e-06, 2.08515211853e-06, 1.99450414584e-06, 6.07677066e-07, 3.83335896359e-09, 1.00525088254e-10, 8.40969655025e-11, 7.0940933683e-11, 5.91682397522e-11, 5.01175836942e-11, 4.28764662663e-11, 3.68069498491e-11, 3.16868163652e-11, 2.740261143e-11, 2.37461075109e-11, 2.08076819663e-11, 1.82029512991e-11, 1.60463049098e-11, 1.41869155312e-11, 1.25510123128e-11, 1.10477434492e-11], "dvar": [9.98818139308e-10, 3.0563160891e-08, 6.22637401193e-07, 6.37368702883e-06, 7.58400165068e-06, 1.94608924176e-06, 1.16627596469e-07, 1.20911298751e-08, 4.44977032998e-09, 6.98602820037e-09, 8.47941894477e-09, 2.98626368078e-09, 4.26208268678e-09, 6.05591132796e-10, 5.14643716532e-10, 8.26236523643e-10, 3.70010411199e-10, 5.21958691546e-11, 1.15157022806e-10, 9.44302101791e-12, 2.26484005161e-11, 2.29714060274e-11, 1.97099736705e-12, 1.96540284065e-16, 1.6406125786e-20, 1.17644340904e-20, 8.39983736692e-21, 5.65631999757e-21, 4.09900911108e-21, 3.00252042267e-21, 2.21143445007e-21, 1.63807671264e-21, 1.22206999288e-21, 9.15197193762e-22, 6.89472912996e-22, 5.24349255134e-22, 4.01467672487e-22, 3.07093755906e-22, 2.36578224273e-22, 1.83588468272e-22], "dvar2": [2.64955501983e-09, 8.18638881128e-08, 1.74417652943e-06, 1.72985874087e-05, 1.9332363081e-05, 4.86579347125e-06, 2.66588898512e-07, 1.86173334527e-08, 1.10426254807e-08, 1.54974149069e-08, 1.90650997212e-08, 5.9268829844e-09, 9.29143695316e-09, 1.30760502426e-09, 1.13155318449e-09, 1.75811776248e-09, 9.63317536851e-10, 1.28469596072e-10, 3.10921843827e-10, 2.16637263684e-11, 6.3194331712e-11, 6.38522221208e-11, 5.47468407414e-12, 5.13218533291e-16, 4.98278608353e-20, 3.56538399271e-20, 2.54265626776e-20, 1.714180439e-20, 1.24249887005e-20, 9.10530206819e-21, 6.70320026549e-21, 4.96472713133e-21, 3.70346531698e-21, 2.77419110863e-21, 2.08935422389e-21, 1.58926689708e-21, 1.21646612696e-21, 9.30774583933e-22, 7.15985455169e-22, 5.56067320027e-22], "max": [0.000411131622968, 0.00176257360727, 0.00674198009074, 0.0277837906033, 0.0442428998649, 0.0166137795895, 0.00511930882931, 0.00266233528964, 0.000985721475445, 0.00113412935752, 0.00223516626284, 0.000967885949649, 0.00112178595737, 0.000326766108628, 0.000262357265456, 0.000301645632135, 0.000239476459683, 8.70594521984e-05, 0.000146607562783, 3.420466237e-05, 6.01997526246e-05, 6.16277466179e-05, 2.21027366933e-05, 3.07424045332e-07, 1.69778724413e-09, 1.44377276801e-09, 1.23067345204e-09, 1.05199038369e-09, 9.00810481763e-10, 7.7298578649e-10, 6.65134836098e-10, 5.73574354679e-10, 4.97344387895e-10, 4.31462893191e-10, 3.75286135501e-10, 3.28333416011e-10, 2.88051055231e-10, 2.53900511726e-10, 2.24254628756e-10, 1.97876853791e-10], "mean": [2.22626658797e-05, 9.83809150057e-05, 0.000323887477862, 0.00107312877662, 0.00154642714188, 0.000824737071525, 0.000273605750408, 0.000130450134748, 8.61244334374e-05, 9.48639717535e-05, 5.31454352313e-05, 3.73384755221e-05, 3.19376595144e-05, 1.65578458109e-05, 1.3669386135e-05, 1.23143490782e-05, 7.4555791798e-06, 3.96398354496e-06, 4.56717589259e-06, 1.16765716029e-06, 9.42259703152e-07, 8.69547534421e-07, 3.43944719816e-07, 2.40855491107e-09, 4.22887141971e-11, 3.54264846625e-11, 3.00943749088e-11, 2.54828796953e-11, 2.17180527035e-11, 1.87298197785e-11, 1.6353288515e-11, 1.43649276502e-11, 1.27276496634e-11, 1.15751939284e-11, 1.06925388682e-11, 9.94933475884e-12, 9.49267053851e-12, 9.0316218046e-12, 8.52287164455e-12, 7.64189232727e-12], "median": [4.21959521191e-06, 2.74545236607e-05, 9.75759685389e-05, 0.000353760377038, 0.000426843209425, 0.000167146296008, 6.69862929499e-05, 2.89758063445e-05, 3.33647913067e-05, 3.11567309836e-05, 1.28743877212e-05, 1.47999562614e-05, 7.0925007094e-06, 4.66150777356e-06, 4.36538539361e-06, 2.52486552199e-06, 1.75364948518e-06, 1.41895475281e-06, 1.93312143892e-06, 1.58571793918e-07, 1.34551036979e-08, 5.55153967241e-09, 4.37315295088e-10, 2.96870722449e-11, 7.22436346856e-12, 5.93957001638e-12, 5.2839364828e-12, 4.71834290389e-12, 4.04018311861e-12, 3.65962468662e-12, 3.33156766064e-12, 3.28264151972e-12, 3.23817730442e-12, 3.42382719398e-12, 3.64168461012e-12, 3.90510236994e-12, 4.26089719063e-12, 4.52580030744e-12, 4.59890112103e-12, 4.20397137241e-12], "min": [1.23552657153e-23, 2.450354064e-23, 7.24319145855e-24, 2.66537127769e-24, 7.22934537194e-24, 1.24778192012e-23, 5.81477971822e-24, 6.72446098197e-24, 3.67176176082e-24, 4.4612399497e-24, 2.62761347598e-23, 1.64544930569e-23, 1.35340400556e-23, 1.01374290342e-23, 6.50809024073e-24, 5.61251223225e-24, 7.39850081585e-24, 1.13857051757e-23, 1.50247094874e-23, 1.08174176682e-23, 4.08983161375e-24, 4.42584454974e-24, 6.39931776038e-24, 7.88871397071e-24, 1.30648729208e-23, 7.19834392723e-24, 7.8540380119e-24, 9.1149493385e-24, 1.2569793283e-23, 1.02931549101e-23, 1.28224685864e-23, 1.24834406241e-23, 1.05105436763e-23, 9.22038375393e-24, 1.07001984597e-23, 7.14577896967e-24, 9.36192906615e-24, 1.06710326943e-23, 1.02880131147e-23, 8.81474753216e-24], "var": [1.3955525624e-09, 3.00108915496e-08, 4.5824478434e-07, 5.10834661327e-06, 1.11546978587e-05, 3.08919402414e-06, 3.02553218035e-07, 7.35894900572e-08, 1.61926543285e-08, 2.59078092313e-08, 2.14848796531e-08, 5.92836180147e-09, 5.83742476579e-09, 9.95225679645e-10, 7.24623083759e-10, 9.87468329328e-10, 3.61817936723e-10, 6.14706757718e-11, 9.73335162469e-11, 1.06940506797e-11, 1.45496548837e-11, 1.4983295854e-11, 1.34304156338e-12, 1.50020837555e-16, 1.3863744168e-20, 9.86553840447e-21, 7.04062290855e-21, 4.87653546087e-21, 3.53197478169e-21, 2.58507007484e-21, 1.90465909105e-21, 1.4108958791e-21, 1.05346519913e-21, 7.89801025472e-22, 5.95113284263e-22, 4.53251859697e-22, 3.47924994411e-22, 2.67948306843e-22, 2.07406753843e-22, 1.61375079192e-22]}, "mfcc": {"mean": [-883.722290039, 237.817382812, 29.9491195679, -41.6424484253, -2.69905281067, 7.82180261612, -19.137260437, -23.0487327576, -11.1919355392, -12.8344659805, -16.6973781586, -12.7909069061, -10.1395683289], "cov": [[5646.52832031, 4460.57861328, -828.999023438, -1325.53625488, 653.866943359, 532.381958008, -483.762908936, -43.0235481262, 555.969787598, 174.926300049, -17.1612663269, 274.598907471, 149.808639526], [4460.57861328, 3707.22851562, -385.048095703, -1117.09765625, 281.08682251, 456.008056641, -245.251296997, -128.827651978, 309.817138672, 200.71987915, 30.1989440918, 117.315483093, 82.6693725586], [-828.999023438, -385.048095703, 543.482666016, 150.489944458, -413.59475708, -55.8505935669, 258.038085938, -96.0409011841, -247.903106689, 52.2775650024, 67.1526031494, -165.773345947, -74.0345001221], [-1325.53625488, -1117.09765625, 150.489944458, 483.513519287, 27.1003761292, -185.18711853, 28.7808475494, 127.977005005, -10.9482469559, -80.4720230103, -13.933467865, 19.7585277557, -8.17803192139], [653.866943359, 281.08682251, -413.59475708, 27.1003761292, 486.652740479, 64.4585876465, -232.008178711, 146.196212769, 295.940124512, -22.5900154114, -57.4288291931, 174.241165161, 95.8188400269], [532.381958008, 456.008056641, -55.8505935669, -185.18711853, 64.4585876465, 202.425292969, 56.5240402222, -56.6510696411, 29.7163105011, 96.3286132812, 23.8560848236, -23.7488193512, 21.4048576355], [-483.762908936, -245.251296997, 258.038085938, 28.7808475494, -232.008178711, 56.5240402222, 247.993041992, -12.965880394, -137.348388672, 47.7499427795, 63.1250801086, -96.4036331177, -64.2252120972], [-43.0235481262, -128.827651978, -96.0409011841, 127.977005005, 146.196212769, -56.6510696411, -12.965880394, 227.269332886, 193.823730469, -18.1782112122, -5.46586990356, 101.356239319, 16.7303962708], [555.969787598, 309.817138672, -247.903106689, -10.9482469559, 295.940124512, 29.7163105011, -137.348388672, 193.823730469, 361.903259277, 110.277633667, -9.41828536987, 120.6743927, 98.9702301025], [174.926300049, 200.71987915, 52.2775650024, -80.4720230103, -22.5900154114, 96.3286132812, 47.7499427795, -18.1782112122, 110.277633667, 217.750823975, 89.3321075439, -37.6937255859, 34.2199401855], [-17.1612663269, 30.1989440918, 67.1526031494, -13.933467865, -57.4288291931, 23.8560848236, 63.1250801086, -5.46586990356, -9.41828536987, 89.3321075439, 105.536148071, 9.96326351166, -19.7817211151], [274.598907471, 117.315483093, -165.773345947, 19.7585277557, 174.241165161, -23.7488193512, -96.4036331177, 101.356239319, 120.6743927, -37.6937255859, 9.96326351166, 141.911727905, 51.659160614], [149.808639526, 82.6693725586, -74.0345001221, -8.17803192139, 95.8188400269, 21.4048576355, -64.2252120972, 16.7303962708, 98.9702301025, 34.2199401855, -19.7817211151, 51.659160614, 94.7349395752]], "icov": [[92.6962280273, -114.403106689, 81.1264038086, -66.8109207153, 94.2845611572, -153.465530396, 208.371124268, -224.587097168, 192.939788818, -131.412277222, 69.0808105469, -26.1019363403, 5.67959213257], [-114.403106689, 180.000305176, -218.181869507, 239.760864258, -216.115600586, 147.224151611, -60.4249267578, -9.99321079254, 44.4249610901, -45.2750091553, 29.1584281921, -12.5579814911, 3.02915763855], [81.1264038086, -218.181869507, 426.080444336, -517.058776855, 336.365722656, 78.3755340576, -525.120666504, 788.912475586, -783.44128418, 577.865844727, -319.671569824, 125.445968628, -28.2282772064], [-66.8109207153, 239.760864258, -517.058776855, 588.210327148, -229.894287109, -472.255065918, 1178.79272461, -1547.12927246, 1457.55737305, -1046.2088623, 569.416015625, -221.093063354, 49.3922042847], [94.2845611572, -216.115600586, 336.365722656, -229.894287109, -249.534866333, 974.21270752, -1611.14697266, 1858.91357422, -1645.81884766, 1139.9576416, -606.57208252, 231.975112915, -51.3027610779], [-153.465530396, 147.224151611, 78.3755340576, -472.255065918, 974.21270752, -1433.37915039, 1672.85021973, -1597.97924805, 1256.92016602, -803.605712891, 403.761291504, -147.886993408, 31.622045517], [208.371124268, -60.4249267578, -525.120666504, 1178.79272461, -1611.14697266, 1672.85021973, -1402.94104004, 966.830322266, -544.176574707, 243.273803711, -81.0896987915, 17.3350391388, -1.40405261517], [-224.587097168, -9.99321079254, 788.912475586, -1547.12927246, 1858.91357422, -1597.97924805, 966.830322266, -310.876495361, -112.494972229, 246.135513306, -193.07913208, 92.0814971924, -23.8384780884], [192.939788818, 44.4249610901, -783.44128418, 1457.55737305, -1645.81884766, 1256.92016602, -544.176574707, -112.494972229, 459.555664062, -476.816650391, 313.675201416, -138.363586426, 34.382358551], [-131.412277222, -45.2750091553, 577.865844727, -1046.2088623, 1139.9576416, -803.605712891, 243.273803711, 246.135513306, -476.816650391, 446.33303833, -282.648010254, 122.641029358, -30.35820961], [69.0808105469, 29.1584281921, -319.671569824, 569.416015625, -606.57208252, 403.761291504, -81.0896987915, -193.07913208, 313.675201416, -282.648010254, 176.679901123, -76.4870834351, 19.0575180054], [-26.1019363403, -12.5579814911, 125.445968628, -221.093063354, 231.975112915, -147.886993408, 17.3350391388, 92.0814971924, -138.363586426, 122.641029358, -76.4870834351, 33.3302307129, -8.43796443939], [5.67959213257, 3.02915763855, -28.2282772064, 49.3922042847, -51.3027610779, 31.622045517, -1.40405261517, -23.8384780884, 34.382358551, -30.35820961, 19.0575180054, -8.43796443939, 2.21952199936]]}, "spectral_contrast_coeffs": {"dmean": [0.0643788054585, 0.0571484193206, 0.0348922051489, 0.0547966621816, 0.0658424496651, 0.015301797539], "dmean2": [0.103764176369, 0.0896534919739, 0.0554859004915, 0.0775855258107, 0.0861927643418, 0.0275031812489], "dvar": [0.00275951460935, 0.00229285797104, 0.000826566421892, 0.00270443991758, 0.00549874873832, 0.000177232956048], "dvar2": [0.00709802471101, 0.00532560609281, 0.00193423125893, 0.0048738992773, 0.00820982176811, 0.000526196381543], "max": [-0.228868454695, -0.395417183638, -0.541240274906, -0.359760463238, -0.323953896761, -0.861277520657], "mean": [-0.515587806702, -0.733567476273, -0.790500402451, -0.684765696526, -0.749511063099, -0.932624399662], "median": [-0.517578423023, -0.742389440536, -0.798482120037, -0.687685549259, -0.734510540962, -0.927431464195], "min": [-0.989490389824, -0.972412228584, -0.965874135494, -0.95550596714, -0.965516805649, -0.964160978794], "var": [0.0101400660351, 0.00805026572198, 0.00393630750477, 0.0117961131036, 0.0261648967862, 0.000310896342853]}, "spectral_contrast_valleys": {"dmean": [0.600229561329, 0.484504640102, 0.498236268759, 0.821595549583, 0.593909621239, 0.708780705929], "dmean2": [0.843390583992, 0.703826010227, 0.623537480831, 0.998270750046, 1.04844808578, 1.26863825321], "dvar": [0.427627921104, 0.40583384037, 0.436047941446, 0.857828736305, 0.420407503843, 0.521794438362], "dvar2": [0.582741141319, 0.569907009602, 0.515623509884, 1.03720903397, 1.08873093128, 1.43716311455], "max": [-6.49382638931, -4.78378486633, -5.6798210144, -6.17410612106, -11.3400344849, -12.1351623535], "mean": [-9.09307765961, -7.13108873367, -8.13168621063, -10.614982605, -13.9079322815, -14.8766021729], "median": [-8.64673519135, -6.7668056488, 