{"lowlevel": {"average_loudness": 0.913357019424, "barkbands_crest": {"dmean": 3.00664162636, "dmean2": 4.11968612671, "dvar": 9.04144477844, "dvar2": 15.5994367599, "max": 26.6466274261, "mean": 11.2054576874, "median": 9.32072162628, "min": 1.76770341396, "var": 42.1917724609}, "barkbands_flatness_db": {"dmean": 0.0366566069424, "dmean2": 0.0528075806797, "dvar": 0.00171429070178, "dvar2": 0.00324535788968, "max": 0.496547430754, "mean": 0.144190207124, "median": 0.12448374182, "min": 0.0200129393488, "var": 0.00737199839205}, "barkbands_kurtosis": {"dmean": 15.2645692825, "dmean2": 22.5293712616, "dvar": 3997.74707031, "dvar2": 7745.17041016, "max": 1964.89160156, "mean": 19.0079498291, "median": 2.02552318573, "min": -1.86003172398, "var": 6594.18212891}, "barkbands_skewness": {"dmean": 1.17486035824, "dmean2": 1.6661580801, "dvar": 3.1774392128, "dvar2": 5.70497512817, "max": 40.6878547668, "mean": 2.32746529579, "median": 1.58633422852, "min": -2.88917350769, "var": 10.737695694}, "barkbands_spread": {"dmean": 9.22057914734, "dmean2": 14.1384401321, "dvar": 121.659820557, "dvar2": 258.40032959, "max": 95.3779907227, "mean": 25.2729206085, "median": 20.2294197083, "min": 0.185080230236, "var": 366.703399658}, "dissonance": {"dmean": 0.0181126948446, "dmean2": 0.0300643946975, "dvar": 0.000418438692577, "dvar2": 0.00107214052696, "max": 0.500000119209, "mean": 0.469799935818, "median": 0.477758258581, "min": 0.140958994627, "var": 0.000820873887278}, "dynamic_complexity": 3.88320326805, "erbbands_crest": {"dmean": 2.54413628578, "dmean2": 4.12486505508, "dvar": 8.81012248993, "dvar2": 18.9683532715, "max": 30.403295517, "mean": 7.50483798981, "median": 6.21657896042, "min": 2.18276548386, "var": 21.6436138153}, "erbbands_flatness_db": {"dmean": 0.0195039063692, "dmean2": 0.028128053993, "dvar": 0.000529810378794, "dvar2": 0.000933249597438, "max": 0.486251056194, "mean": 0.150454074144, "median": 0.128714844584, "min": 0.0579742901027, "var": 0.0051170787774}, "erbbands_kurtosis": {"dmean": 1.2722992897, "dmean2": 1.91587650776, "dvar": 6.63673496246, "dvar2": 12.7258806229, "max": 36.1515350342, "mean": 0.546361327171, "median": -0.413146495819, "min": -1.77570199966, "var": 12.3743696213}, "erbbands_skewness": {"dmean": 0.482547044754, "dmean2": 0.730019569397, "dvar": 0.314474999905, "dvar2": 0.609091222286, "max": 4.8700709343, "mean": 0.222144290805, "median": 0.0798028483987, "min": -5.31381988525, "var": 1.03868567944}, "erbbands_spread": {"dmean": 11.5451412201, "dmean2": 16.9065608978, "dvar": 151.487472534, "dvar2": 313.819641113, "max": 139.776611328, "mean": 47.0790672302, "median": 46.1296195984, "min": 2.04812383652, "var": 493.051300049}, "hfc": {"dmean": 15.7030353546, "dmean2": 24.9129009247, "dvar": 913.056030273, "dvar2": 2399.02929688, "max": 206.377807617, "mean": 21.557094574, "median": 7.07993555069, "min": 7.78347265112e-12, "var": 1046.55395508}, "melbands_crest": {"dmean": 3.92504763603, "dmean2": 6.09131002426, "dvar": 17.3510951996, "dvar2": 32.7412071228, "max": 37.1221313477, "mean": 15.7368946075, "median": 13.117058754, "min": 2.3655230999, "var": 69.5919113159}, "melbands_flatness_db": {"dmean": 0.0469099208713, "dmean2": 0.0665926262736, "dvar": 0.00285294209607, "dvar2": 0.00537033798173, "max": 0.610718369484, "mean": 0.200525999069, "median": 0.18203741312, "min": 0.0127432150766, "var": 0.0126586779952}, "melbands_kurtosis": {"dmean": 27.0527896881, "dmean2": 43.0198669434, "dvar": 4781.265625, "dvar2": 11051.7626953, "max": 1027.90197754, "mean": 43.2283287048, "median": 10.3847780228, "min": -1.78268897533, "var": 10055.6894531}, "melbands_skewness": {"dmean": 1.39930403233, "dmean2": 2.09374809265, "dvar": 3.86991429329, "dvar2": 8.0377779007, "max": 26.6338500977, "mean": 3.8974134922, "median": 2.81141757965, "min": -1.8707215786, "var": 13.2648630142}, "melbands_spread": {"dmean": 13.2604408264, "dmean2": 19.6720046997, "dvar": 317.508392334, "dvar2": 609.077880859, "max": 172.687072754, "mean": 28.5927028656, "median": 19.1978321075, "min": 0.242535069585, "var": 810.78515625}, "pitch_salience": {"dmean": 0.0942277610302, "dmean2": 0.140678912401, "dvar": 0.0103656249121, "dvar2": 0.0175130963326, "max": 0.972319126129, "mean": 0.545392870903, "median": 0.613734126091, "min": 0.0275150462985, "var": 0.0412772148848}, "silence_rate_20dB": {"dmean": 0, "dmean2": 0, "dvar": 0, "dvar2": 0, "max": 1, "mean": 1, "median": 1, "min": 1, "var": 0}, "silence_rate_30dB": {"dmean": 0.0661352202296, "dmean2": 0.132289975882, "dvar": 0.0617602020502, "dvar2": 0.114788986742, "max": 1, "mean": 0.880590379238, "median": 1, "min": 0, "var": 0.105153262615}, "silence_rate_60dB": {"dmean": 0.109536461532, "dmean2": 0.21895763278, "dvar": 0.0975420475006, "dvar2": 0.210880190134, "max": 1, "mean": 0.191586717963, "median": 0, "min": 0, "var": 0.154872074723}, "spectral_centroid": {"dmean": 447.150695801, "dmean2": 674.327819824, "dvar": 247714.90625, "dvar2": 530951, "max": 4625.60595703, "mean": 1713.03540039, "median": 1544.72241211, "min": 135.600372314, "var": 888935.3125}, "spectral_complexity": {"dmean": 6.27487468719, "dmean2": 9.16551017761, "dvar": 55.0092391968, "dvar2": 108.877075195, "max": 62, "mean": 15.5740222931, "median": 11, "min": 0, "var": 174.154830933}, "spectral_decrease": {"dmean": 3.78574327442e-09, "dmean2": 5.02109953615e-09, "dvar": 5.91949504584e-17, "dvar2": 8.21139414755e-17, "max": -1.12036293735e-24, "mean": -7.7987731828e-09, "median": -2.12174811054e-09, "min": -6.32949124224e-08, "var": 1.82385198846e-16}, "spectral_energy": {"dmean": 0.015140524134, "dmean2": 0.0200401861221, "dvar": 0.000862492597662, "dvar2": 0.0011920548277, "max": 0.240727111697, "mean": 0.0313896164298, "median": 0.00941345468163, "min": 7.10212615257e-16, "var": 0.00272260629572}, "spectral_energyband_high": {"dmean": 0.0014168554917, "dmean2": 0.00226189079694, "dvar": 7.94957395556e-06, "dvar2": 2.00525337277e-05, "max": 0.0200230646878, "mean": 0.00177248951513, "median": 0.000231070924201, "min": 5.27627251938e-16, "var": 9.69943084783e-06}, "spectral_energyband_low": {"dmean": 0.0124115142971, "dmean2": 0.0169402323663, "dvar": 0.000906124070752, "dvar2": 0.00143360905349, "max": 0.237649828196, "mean": 0.0220956783742, "median": 0.00103965110611, "min": 1.36343121576e-17, "var": 0.00230952701531}, "spectral_energyband_middle_high": {"dmean": 0.00214071525261, "dmean2": 0.00372928357683, "dvar": 2.37934345932e-05, "dvar2": 6.87513893354e-05, "max": 0.0399919562042, "mean": 0.00257444032468, "median": 0.00117172533646, "min": 6.30685909449e-17, "var": 1.71417577803e-05}, "spectral_energyband_middle_low": {"dmean": 0.00555722089484, "dmean2": 0.00975960865617, "dvar": 0.000222177288379, "dvar2": 0.000626565422863, "max": 0.109568499029, "mean": 0.00592676037923, "median": 0.00301621621475, "min": 5.20811243986e-17, "var": 0.000143772675074}, "spectral_entropy": {"dmean": 0.22860647738, "dmean2": 0.342513799667, "dvar": 0.0692133456469, "dvar2": 0.1504907161, "max": 8.64595031738, "mean": 7.73332834244, "median": 7.79179286957, "min": 4.72839927673, "var": 0.36804023385}, "spectral_flux": {"dmean": 0.0429319702089, "dmean2": 0.060672454536, "dvar": 0.00365415541455, "dvar2": 0.00608862563968, "max": 0.486728906631, "mean": 0.0894087478518, "median": 0.0550127737224, "min": 8.76030317158e-05, "var": 0.00901464745402}, "spectral_kurtosis": {"dmean": 2.53804516792, "dmean2": 4.19725370407, "dvar": 46.6948394775, "dvar2": 126.356704712, "max": 217.304824829, "mean": 5.43698120117, "median": 2.35493516922, "min": -0.222720861435, "var": 147.384063721}, "spectral_rms": {"dmean": 0.00123954308219, "dmean2": 0.00161412765738, "dvar": 3.0143182812e-06, "dvar2": 4.15276235799e-06, "max": 0.0153250033036, "mean": 0.00423528673127, "median": 0.00303048803471, "min": 8.32400370854e-10, "var": 1.2686282389e-05}, "spectral_rolloff": {"dmean": 1136.80419922, "dmean2": 1730.66357422, "dvar": 2964947, "dvar2": 5156321, "max": 19207.6171875, "mean": 2313.08447266, "median": 1162.79296875, "min": 64.599609375, "var": 7866114.5}, "spectral_skewness": {"dmean": 0.277811914682, "dmean2": 0.445611506701, "dvar": 0.216715931892, "dvar2": 0.593335688114, "max": 11.1854114532, "mean": 1.40521645546, "median": 1.17558646202, "min": 0.659379839897, "var": 0.690933942795}, "spectral_spread": {"dmean": 636069.5, "dmean2": 892924.75, "dvar": 516692082688, "dvar2": 821176631296, "max": 15300447, "mean": 5054078.5, "median": 4945243, "min": 424252.8125, "var": 3571388252160.0}, "spectral_strongpeak": {"dmean": 0.345891594887, "dmean2": 0.550507307053, "dvar": 0.44992429018, "dvar2": 1.1803303957, "max": 12.3538036346, "mean": 0.570859730244, "median": 0.343722403049, "min": 3.73308388646e-08, "var": 0.492043524981}, "zerocrossingrate": {"dmean": 0.0209779292345, "dmean2": 0.0218886695802, "dvar": 0.000638144847471, "dvar2": 0.0005967450561, "max": 0.49853515625, "mean": 0.0781624764204, "median": 0.060546875, "min": 0.0029296875, "var": 0.00413534604013}, "barkbands": {"dmean": [0.000264871807303, 0.0106136221439, 0.00553363049403, 0.00229486753233, 0.00220636534505, 0.000408456107834, 0.000323405256495, 0.00032228519558, 0.000423827528721, 0.000470478611533, 0.000284704467049, 0.000264401722234, 0.000223726659897, 0.000285432033706, 0.000182983538252, 0.000160538926139, 0.000247916817898, 0.000200989074074, 0.000242672176682, 0.000215218140511, 0.00027413785574, 0.000316739460686, 0.000182802046766, 0.000271906668786, 0.000248215743341, 9.29985544644e-05, 1.66379468283e-05], "dmean2": [0.000383834878448, 0.0142772728577, 0.00980293750763, 0.00421222066507, 0.0040343888104, 0.000653664406855, 0.000547748699319, 0.000522630056366, 0.00070830155164, 0.000745838566218, 0.000498971145134, 0.000476046145195, 0.000403200800065, 0.000490244827233, 0.00031591928564, 0.000286213471554, 0.000446078804089, 0.000366559543181, 0.000426650833106, 0.000352493691025, 0.000447952770628, 0.000523468479514, 0.000284359004581, 0.000445425597718, 0.000398178730393, 0.000144646313856, 2.75848415185e-05], "dvar": [2.67977867452e-07, 0.000710010528564, 0.000359592348104, 6.77706557326e-05, 5.77956780035e-05, 4.91042953854e-07, 3.08703675955e-07, 4.24894068374e-07, 9.57746237873e-07, 1.12788893603e-06, 3.42982360735e-07, 6.88386876391e-07, 2.93327218515e-07, 3.24516435057e-07, 1.85611511938e-07, 1.49818816908e-07, 3.40644731978e-07, 3.28737485233e-07, 2.54554549883e-07, 1.61344928529e-07, 2.40975481347e-07, 4.32649642335e-07, 1.31903576062e-07, 3.32933808522e-07, 2.98413141309e-07, 4.51308288518e-08, 2.28366903166e-09], "dvar2": [5.89359444803e-07, 0.00109201867599, 0.000980518758297, 0.000194819396711, 0.000166215380887, 1.22466042285e-06, 8.28506870221e-07, 1.0952262528e-06, 2.53124539995e-06, 2.58453678725e-06, 9.67204414337e-07, 2.01252896659e-06, 8.4889666141e-07, 8.17940474462e-07, 4.85010787088e-07, 4.20095545905e-07, 1.00044144347e-06, 9.57465999818e-07, 7.25255176803e-07, 4.30077363944e-07, 6.78384822095e-07, 1.15281864055e-06, 3.17760225244e-07, 8.17271597953e-07, 7.42941097087e-07, 1.1266519806e-07, 5.14652187533e-09], "max": [0.00815609935671, 0.223537281156, 0.146059811115, 0.0687055811286, 0.0699014142156, 0.0220597051084, 0.00759072462097, 0.0171216540039, 0.0116203539073, 0.0140321245417, 0.00491351820529, 0.00811358261853, 0.00481168273836, 0.00947545282543, 0.00708063086495, 0.00379373575561, 0.00649006245658, 0.00487151741982, 0.00426002731547, 0.00301464879885, 0.00559299904853, 0.00405816966668, 0.00344743300229, 0.0046993624419, 0.00387471704744, 0.00163396692369, 0.00329583650455], "mean": [0.000341948441928, 0.0169925298542, 0.00388527079485, 0.00170888274442, 0.00193347013555, 0.000671248708386, 0.000410094420658, 0.000389272376196, 0.00048016969231, 0.000540924025699, 0.000272192206467, 0.000226382922847, 0.000215885971556, 0.000315731886076, 0.000206944037927, 0.000167773934663, 0.000266124668997, 0.000190108272363, 0.000265174516244, 0.000275161786703, 0.000373851973563, 0.000354854564648, 0.000231370853726, 0.000282904715277, 0.000257207837421, 0.000104886239569, 2.91806027235e-05], "median": [3.61824754691e-06, 0.000231292127864, 0.000120545104437, 0.000193768675672, 0.000672177819069, 0.000402586709242, 0.000246253795922, 0.000192138119019, 0.00013711459178, 0.0001614883804, 9.42579790717e-05, 4.76649947814e-05, 7.27309379727e-05, 8.13665465103e-05, 5.04156378156e-05, 6.18151170784e-05, 8.88001886779e-05, 5.59022337256e-05, 8.54651079862e-05, 5.17165972269e-05, 7.97547108959e-05, 4.97575529153e-05, 3.06680012727e-05, 1.91628569155e-05, 1.1034311683e-05, 2.61610944108e-06, 1.20281458749e-06], "min": [3.53466104427e-18, 5.56947447954e-18, 4.09758557525e-18, 4.50631412748e-18, 1.29911841944e-17, 1.39191633821e-17, 1.15515971066e-17, 6.62334972923e-18, 2.31000422416e-18, 1.43434131513e-18, 3.71731079532e-18, 3.70010212986e-18, 6.23937290247e-18, 8.83894762328e-18, 4.60758336833e-18, 5.03957058502e-18, 6.53223537116e-18, 8.23858076187e-18, 6.74068447194e-18, 1.4348255053e-17, 5.21328496566e-17, 2.83665874643e-17, 4.05254277848e-17, 9.59347332303e-17, 5.83294217527e-17, 4.10702320973e-17, 2.26848764044e-16], "var": [4.20400311896e-07, 0.00161887716968, 0.000237057669437, 3.94462294935e-05, 3.38813879353e-05, 8.3347566715e-07, 3.09352543582e-07, 4.05562047945e-07, 9.69057509792e-07, 1.5259375914e-06, 2.42141226181e-07, 4.09857165096e-07, 2.05965761779e-07, 3.32525360136e-07, 1.79710355042e-07, 1.15372955634e-07, 2.4600319648e-07, 2.03550897027e-07, 2.0039824733e-07, 2.17423789195e-07, 3.77302967536e-07, 4.36812200633e-07, 1.65578228462e-07, 3.37730739375e-07, 3.07626123686e-07, 5.61850335146e-08, 2.99452800334e-08]}, "erbbands": {"dmean": [0.339814186096, 2.64268445969, 6.30658006668, 6.76469755173, 9.28185558319, 6.11459636688, 3.12871432304, 3.33090829849, 4.71310758591, 5.6225438118, 6.58988809586, 8.66422367096, 17.3549365997, 10.4230709076, 13.0503177643, 10.6300983429, 10.2002420425, 14.428768158, 10.7888412476, 7.69405269623, 9.78526496887, 13.6817274094, 11.8850803375, 12.7627363205, 11.5109758377, 10.2155704498, 10.4816961288, 10.5326976776, 10.8635578156, 7.63122653961, 5.53951501846, 4.59113311768, 4.75420618057, 3.435090065, 1.56871807575, 0.559598088264, 0.143763557076, 0.0238299816847, 0.00276691443287, 0.000142308897921], "dmean2": [0.445889055729, 3.55153536797, 10.4833726883, 12.0603904724, 17.3360385895, 10.9605121613, 4.97831296921, 5.40034532547, 7.85576629639, 9.22124862671, 10.7921380997, 14.5618286133, 26.4129676819, 18.1744098663, 22.9483089447, 19.0637226105, 18.2986469269, 24.8379917145, 18.632478714, 13.3872241974, 17.64544487, 24.768819809, 21.4710617065, 22.817609787, 19.9598751068, 17.0329494476, 16.9137191772, 17.2871398926, 17.8053245544, 12.4134111404, 8.55785655975, 7.40847635269, 7.79469299316, 5.50180101395, 2.53186774254, 0.87655043602, 0.222252443433, 0.0397456362844, 0.00450373394415, 0.000217351858737], "dvar": [0.681518256664, 43.6642074585, 400.10925293, 588.468322754, 1121.83203125, 350.87197876, 21.6670608521, 43.4448165894, 73.6117324829, 118.809143066, 156.858428955, 330.440002441, 2053.21313477, 688.808288574, 845.401245117, 954.004699707, 601.45324707, 752.553222656, 686.120239258, 381.299499512, 688.690795898, 1017.89788818, 975.641723633, 964.948608398, 482.254272461, 391.107788086, 375.15045166, 355.706329346, 486.669494629, 240.99671936, 125.824493408, 84.7691574097, 109.38494873, 57.2518043518, 12.3497209549, 1.64290988445, 0.108191043139, 0.00265086325817, 6.47536944598e-05, 3.48559836993e-07], "dvar2": [1.13192713261, 78.1431884766, 1021.30859375, 1650.26379395, 3236.68652344, 1000.67193604, 49.6008605957, 113.245147705, 194.215789795, 304.492645264, 401.76940918, 893.554992676, 4274.25488281, 1953.19287109, 2393.38500977, 2803.58935547, 1732.12634277, 1869.24951172, 1830.6114502, 1012.05438232, 1969.93859863, 2998.92431641, 2849.24511719, 2811.32885742, 1325.23327637, 1062.86999512, 1028.5802002, 977.468933105, 1329.58288574, 600.464477539, 300.112457275, 217.191543579, 263.090606689, 140.952667236, 30.9105091095, 4.16540765762, 0.262957304716, 0.00705502927303, 0.000159304079716, 6.39054633211e-07], "max": [7.56999397278, 58.447971344, 149.828109741, 203.379608154, 283.000061035, 196.023101807, 97.8105010986, 222.99281311, 214.291763306, 177.223739624, 269.745422363, 219.664520264, 554.434448242, 330.923278809, 251.928039551, 291.010375977, 229.412155151, 290.824127197, 431.56439209, 427.30456543, 239.949127197, 394.723693848, 256.55166626, 221.197860718, 230.420578003, 172.725631714, 221.08644104, 154.599502563, 143.447662354, 114.4192276, 115.830276489, 73.8777618408, 84.6434860229, 58.4760284424, 27.4267215729, 9.88183689117, 2.88072323799, 1.4261122942, 0.509753525257, 0.0542279109359], "mean": [0.470072686672, 3.83046078682, 5.27473688126, 5.26356220245, 6.98589897156, 5.80770683289, 4.97743272781, 5.09728574753, 6.04152774811, 7.31099653244, 8.2873134613, 9.86038208008, 20.8130092621, 10.3060693741, 12.2437705994, 9.42257404327, 10.3145551682, 16.4248218536, 12.1787977219, 9.00756263733, 10.1678733826, 14.5458288193, 11.8774137497, 12.0830049515, 14.1382989883, 13.2929620743, 14.3775119781, 14.0841388702, 12.5651540756, 9.16650390625, 6.97181272507, 5.28387498856, 4.80935955048, 3.44308066368, 1.61956083775, 0.59518802166, 0.16930039227, 0.0320426188409, 0.00466415379196, 0.000337497564033], "median": [0.00389763829298, 0.0588521100581, 0.204057991505, 0.611184835434, 1.28842043877, 2.0695514679, 2.78475379944, 2.95363974571, 3.39853453636, 3.26001024246, 3.98230838776, 3.57825350761, 4.99532651901, 4.13142871857, 3.77646327019, 2.48276686668, 4.07943916321, 4.6208281517, 3.19557857513, 2.69328308105, 3.65707778931, 4.66276264191, 3.86659383774, 3.77597427368, 3.78286767006, 2.69320487976, 2.68578863144, 2.96124053001, 1.91508316994, 1.3900321722, 0.857871651649, 0.466032207012, 0.304296731949, 0.176986768842, 0.0531480498612, 0.0146721461788, 0.00473633175716, 0.00109886506107, 0.000207917444641, 3.14588141919e-05], "min": [1.98678406982e-16, 1.15216873145e-15, 4.16383693882e-15, 1.09786447511e-14, 2.42864810294e-14, 4.71288013769e-14, 8.11089205782e-14, 1.22861085455e-13, 1.59550175263e-13, 1.67577824989e-13, 1.27499166823e-13, 5.69238192282e-14, 2.82167460919e-14, 9.36458010204e-14, 1.63667026438e-13, 1.51748229325e-13, 2.67669079176e-13, 4.57885682495e-13, 2.99351120064e-13, 2.86636979343e-13, 2.59733993211e-13, 3.77913656315e-13, 3.74657119565e-13, 4.49258414758e-13, 4.50654650316e-13, 6.96399752101e-13, 1.48537887719e-12, 2.19248642679e-12, 9.19611175404e-13, 1.57220005244e-12, 1.09348424412e-12, 2.1389452709e-12, 1.17814015922e-12, 5.04802688366e-13, 5.16227631388e-13, 2.09233116401e-13, 7.90996093495e-14, 3.58135254037e-14, 3.14831202829e-14, 4.12360541492e-15], "var": [1.24535167217, 89.9510421753, 324.601074219, 367.282989502, 637.032104492, 217.890731812, 46.7379302979, 52.3065490723, 73.4144668579, 129.86265564, 154.777069092, 314.455718994, 3256.07324219, 469.373840332, 583.76751709, 576.180480957, 418.414978027, 804.799316406, 613.389587402, 337.244110107, 483.626464844, 738.08605957, 626.634460449, 621.921081543, 486.858551025, 491.74041748, 602.660522461, 512.656738281, 505.650085449, 278.944000244, 155.129501343, 93.5818481445, 108.663848877, 58.4793815613, 12.5815439224, 1.79141819477, 0.149279728532, 0.00835882686079, 0.000640754995402, 7.21893957234e-06]}, "gfcc": {"mean": [-42.4146499634, 69.373374939, -117.202857971, 31.1303253174, -61.1039085388, 7.81125497818, -32.9588546753, 3.96109366417, -19.5080699921, 0.0559965483844, -12.8576011658, -0.257667273283, -6.98225402832], "cov": [[11514.3027344, -3913.54345703, 1929.31799316, 1269.95227051, -62.7384033203, 1441.69592285, 365.505004883, 562.434631348, -689.156982422, 400.964874268, -313.012481689, 167.447036743, -231.298202515], [-3913.54345703, 3915.5534668, -327.044921875, -296.261230469, 621.551147461, -613.381530762, -103.998016357, -342.502960205, 413.770080566, -286.545440674, 194.018966675, -194.84072876, 84.3389434814], [1929.31799316, -327.044921875, 1514.68981934, 741.901489258, 368.908111572, 566.330078125, 276.392578125, 238.322845459, -78.0389709473, 144.696121216, -6.5962729454, 37.5731735229, -12.3040752411], [1269.95227051, -296.261230469, 741.901489258, 956.924865723, 239.70765686, 455.382781982, 285.91305542, 75.9374389648, -50.33228302, 64.7825546265, 57.5135688782, 8.95046234131, 20.135307312], [-62.7384033203, 621.551147461, 368.908111572, 239.70765686, 809.559509277, 242.773025513, 109.119613647, 22.9537067413, 164.971008301, 40.8680839539, 65.1495895386, 1.09007191658, 23.6576194763], [1441.69592285, -613.381530762, 566.330078125, 455.382781982, 242.773025513, 524.3203125, 244.370239258, 169.887451172, -37.94140625, 113.133079529, 16.6187458038, 50.7730064392, 4.95055532455], [365.505004883, -103.998016357, 276.392578125, 285.91305542, 109.119613647, 244.370239258, 309.778503418, 111.650344849, 47.3555679321, 52.6190567017, 52.9896430969, 37.2230491638, 46.0953216553], [562.434631348, -342.502960205, 238.322845459, 75.9374389648, 22.9537067413, 169.887451172, 111.650344849, 185.295837402, 28.578578949, 83.3774261475, -4.929728508, 37.6890220642, 7.12526798248], [-689.156982422, 413.770080566, -78.0389709473, -50.33228302, 164.971008301, -37.94140625, 47.3555679321, 28.578578949, 188.680358887, 39.186290741, 74.7627716064, 6.14894151688, 48.8115310669], [400.964874268, -286.545440674, 144.696121216, 64.7825546265, 40.8680839539, 113.133079529, 52.6190567017, 83.3774261475, 39.186290741, 146.795562744, 43.1704940796, 66.7210083008, 21.9531269073], [-313.012481689, 194.018966675, -6.5962729454, 57.5135688782, 65.1495895386, 16.6187458038, 52.9896430969, -4.929728508, 74.7627716064, 43.1704940796, 125.097633362, 33.4718856812, 50.9988021851], [167.447036743, -194.84072876, 37.5731735229, 8.95046234131, 1.09007191658, 50.7730064392, 37.2230491638, 37.6890220642, 6.14894151688, 66.7210083008, 33.4718856812, 79.8941650391, 31.6455860138], [-231.298202515, 84.3389434814, -12.3040752411, 20.135307312, 23.6576194763, 4.95055532455, 46.0953216553, 7.12526798248, 48.8115310669, 21.9531269073, 50.9988021851, 31.6455860138, 67.4474182129]], "icov": [[0.000217457563849, 5.44594950043e-05, -3.49542715412e-05, -7.15674614185e-05, -2.11637780012e-05, -0.000286114227492, 6.36585318716e-05, -0.000189299011254, 0.000543618982192, -0.000358315272024, 0.000190090839169, 1.38762825372e-05, 0.000270503078355], [5.44594950043e-05, 0.000895802280866, -0.00046902615577, 0.000184676639037, -0.000555356265977, 0.00102347903885, -0.000382209720556, 0.000792747479863, -0.0011129634222, 0.00119660503697, -0.000997541937977, 0.000958198448643, -5.62810528209e-05], [-3.49542715412e-05, -0.00046902615577, 0.00190146826208, -0.000958467076998, -0.000501098460518, -0.000335014017764, 0.000139133015182, -0.00223516928963, 0.00227206014097, -0.00152940116823, 0.000525394978467, 0.000337571516866, -0.000261114677414], [-7.15674614185e-05, 0.000184676639037, -0.000958467076998, 0.00281380605884, 8.01233254606e-05, -0.00128582352772, -0.00130724185146, 0.00216749170795, -4.77475405205e-05, 0.000113804548164, -0.00127480027732, 0.00184442754835, -0.000664479157422], [-2.11637780012e-05, -0.000555356265977, -0.000501098460518, 8.01233254606e-05, 0.00324874557555, -0.00314812012948, 0.00110327161383, 0.00213453616016, -0.00404841825366, 0.000789844139945, 0.00124887330458, -0.00203483295627, 0.00130174122751], [-0.000286114227492, 0.00102347903885, -0.000335014017764, -0.00128582352772, -0.00314812012948, 0.00991090200841, -0.00350085506216, -0.00338027183898, 0.00345193967223, -0.00106127292383, -0.00218809186481, 0.00200389698148, -0.000250241224421], [6.36585318716e-05, -0.000382209720556, 0.000139133015182, -0.00130724185146, 0.00110327161383, -0.00350085506216, 0.00792135763913, -0.00247505540028, -0.0023346231319, 0.00252967514098, -0.000224260904361, -0.00232772179879, -0.00204244139604], [-0.000189299011254, 0.000792747479863, -0.00223516928963, 0.00216749170795, 0.00213453616016, -0.00338027183898, -0.00247505540028, 0.0159250572324, -0.00863103102893, -0.00105702853762, 0.00354989082552, -0.0016299507115, 0.00148419395555], [0.000543618982192, -0.0011129634222, 0.00227206014097, -4.77475405205e-05, -0.00404841825366, 0.00345193967223, -0.0023346231319, -0.00863103102893, 0.0214993879199, -0.00899341981858, -0.00387269095518, 0.00799752492458, -0.00609728880227], [-0.000358315272024, 0.00119660503697, -0.00152940116823, 0.000113804548164, 0.000789844139945, -0.00106127292383, 0.00252967514098, -0.00105702853762, -0.00899341981858, 0.0202142242342, -0.00431467173621, -0.0115007227287, 0.00373318116181], [0.000190090839169, -0.000997541937977, 0.000525394978467, -0.00127480027732, 0.00124887330458, -0.00218809186481, -0.000224260904361, 0.00354989082552, -0.00387269095518, -0.00431467173621, 0.0176070313901, -0.00459815654904, -0.00507226260379], [1.38762825372e-05, 0.000958198448643, 0.000337571516866, 0.00184442754835, -0.00203483295627, 0.00200389698148, -0.00232772179879, -0.0016299507115, 0.00799752492458, -0.0115007227287, -0.00459815654904, 0.0308801103383, -0.0123662557453], [0.000270503078355, -5.62810528209e-05, -0.000261114677414, -0.000664479157422, 0.00130174122751, -0.000250241224421, -0.00204244139604, 0.00148419395555, -0.00609728880227, 0.00373318116181, -0.00507226260379, -0.0123662557453, 0.0296108368784]]}, "melbands": {"dmean": [0.00292309024371, 0.00310249137692, 0.00126587867271, 0.00058574648574, 0.000122183118947, 7.65433287597e-05, 7.12528708391e-05, 6.36053810013e-05, 5.41227600479e-05, 6.01542451477e-05, 8.55670150486e-05, 4.15055183112e-05, 3.98749943997e-05, 3.18884049193e-05, 2.79035775748e-05, 2.02328064915e-05, 2.93096381938e-05, 1.79013404704e-05, 1.26733839352e-05, 1.02712419903e-05, 1.20272716231e-05, 1.38025725391e-05, 1.40786960401e-05, 9.07930643734e-06, 1.09975162559e-05, 7.91105958342e-06, 8.98596863408e-06, 6.42117629468e-06, 6.46335274723e-06, 7.1040030889e-06, 6.48776403978e-06, 6.08871323493e-06, 6.47639444651e-06, 3.41211989507e-06, 3.34383139489e-06, 2.79202504316e-06, 2.94845040116e-06, 3.23968629345e-06, 3.36550897373e-06, 2.87711191049e-06], "dmean2": [0.00374168157578, 0.00470606191084, 0.00225815549493, 0.00108415621798, 0.000195091080968, 0.000123433943372, 0.000119004005683, 0.000104338083474, 8.88280555955e-05, 0.000100356672192, 0.000130906832055, 7.30332758394e-05, 7.01897442923e-05, 5.74418372707e-05, 5.07463155373e-05, 3.58470751962e-05, 5.04062227265e-05, 3.13389864459e-05, 2.16280022869e-05, 1.80297502084e-05, 2.18819641304e-05, 2.51507553912e-05, 2.51890032814e-05, 1.63424738275e-05, 1.97420540644e-05, 1.38764999065e-05, 1.54227582243e-05, 1.08378972072e-05, 1.02622916529e-05, 1.16540559247e-05, 1.07754085548e-05, 9.99056373985e-06, 1.09701268229e-05, 5.42249199498e-06, 5.17343232787e-06, 4.45783007308e-06, 4.82834866489e-06, 5.41210602023e-06, 5.41103190699e-06, 4.65925450044e-06], "dvar": [5.01475915371e-05, 7.32306434656e-05, 1.82602052519e-05, 4.3918917072e-06, 3.73449999813e-08, 2.1618827617e-08, 1.56533523921e-08, 1.746335343e-08, 1.04977253557e-08, 1.86495636711e-08, 4.87817217731e-08, 1.23783800987e-08, 7.33676985831e-09, 9.18464948541e-09, 5.61150015344e-09, 2.00796779204e-09, 3.14625392406e-09, 2.12150119694e-09, 8.35548574774e-10, 5.30197330484e-10, 1.19024001766e-09, 1.1187866189e-09, 1.1837593128e-09, 5.90695714564e-10, 6.91604717939e-10, 2.76909467578e-10, 2.62614902047e-10, 1.6105874967e-10, 1.50015416756e-10, 1.69853894838e-10, 1.25182211819e-10, 1.50423631884e-10, 1.92164173463e-10, 4.45631413715e-11, 5.00619823374e-11, 3.05255681843e-11, 3.46824166608e-11, 4.81540744779e-11, 7.10680611582e-11, 3.90180353305e-11], "dvar2": [6.7419721745e-05, 0.000162897180417, 5.06321121065e-05, 1.26702889247e-05, 9.150400615e-08, 5.59929844712e-08, 4.14421137407e-08, 4.49625403576e-08, 2.69106035233e-08, 4.921329122e-08, 1.02229193999e-07, 3.48994646515e-08, 2.07904964356e-08, 2.67883724092e-08, 1.64380153933e-08, 5.66360824905e-09, 7.70619390522e-09, 5.70839686631e-09, 2.18634799154e-09, 1.43192468993e-09, 3.44243922257e-09, 3.30764571288e-09, 3.45924489054e-09, 1.70564684598e-09, 2.01515004683e-09, 7.80353559549e-10, 7.19872550459e-10, 4.33609953499e-10, 4.00444039039e-10, 4.7355724897e-10, 3.46232126303e-10, 4.03375832736e-10, 5.25486987257e-10, 1.06347521067e-10, 1.17702028679e-10, 7.88648937822e-11, 8.98433619168e-11, 1.21150645072e-10, 1.68224711938e-10, 9.98587046386e-11], "max": [0.0628389269114, 0.0643802583218, 0.0335349775851, 0.0186691414565, 0.00257292436436, 0.00511167990044, 0.0028831018135, 0.00264735310338, 0.00255054957233, 0.00170527899172, 0.00271256477572, 0.00144127756357, 0.00076228386024, 0.000972565670963, 0.000771118619014, 0.000451012689155, 0.000621023878921, 0.000919532321859, 0.000410059030401, 0.000460942072095, 0.000327510526404, 0.000500986876432, 0.000321829953464, 0.000196400345885, 0.000189557307749, 0.000170951141627, 0.000132633867906, 0.000109257518488, 0.000131016247906, 0.000207729521208, 8.10262790765e-05, 8.73649987625e-05, 9.30442183744e-05, 5.49682335986e-05, 8.16331594251e-05, 3.76431671611e-05, 4.57024107163e-05, 5.1693583373e-05, 7.32225671527e-05, 4.22748889832e-05], "mean": [0.00460260687396, 0.00367832928896, 0.000991095090285, 0.000476891349535, 0.00018461169384, 0.000119807991723, 9.20667662285e-05, 8.07032702141e-05, 6.70571171213e-05, 6.87096689944e-05, 0.000101790814369, 3.9169255615e-05, 3.77629621653e-05, 2.82291603071e-05, 2.45326245931e-05, 2.1574422135e-05, 3.22858759318e-05, 1.93431151274e-05, 1.46698603203e-05, 1.12373272714e-05, 1.17499530461e-05, 1.42263888847e-05, 1.43377756103e-05, 8.94358436199e-06, 9.91388969851e-06, 9.06119657884e-06, 1.08117083073e-05, 8.22960464575e-06, 8.84332530404e-06, 8.68651659403e-06, 8.15674047772e-06, 6.97903669789e-06, 6.91995683155e-06, 4.19601428803e-06, 4.08400956076e-06, 3.48376215697e-06, 3.16460000249e-06, 3.32765966959e-06, 3.22483379023e-06, 2.88063620246e-06], "median": [4.97475703014e-05, 0.000136317015858, 0.000133626846946, 0.000136580725666, 0.000106180945295, 7.08294974174e-05, 5.29729513801e-05, 3.70972120436e-05, 2.97358164971e-05, 2.01682069019e-05, 2.40790668613e-05, 1.32071163534e-05, 1.23909667309e-05, 7.04208423485e-06, 6.85087206875e-06, 7.92425453255e-06, 8.14199211163e-06, 4.93281640956e-06, 3.69762324226e-06, 4.20192463935e-06, 3.80535993827e-06, 4.83296298626e-06, 4.04512957175e-06, 2.99936937154e-06, 2.93826883535e-06, 2.64460504695e-06, 2.33005448536e-06, 1.58572640885e-06, 1.45518038153e-06, 1.81459517989e-06, 1.60122726811e-06, 1.04999946871e-06, 9.33634794364e-07, 6.67631752549e-07, 4.83103690385e-07, 4.205922437e-07, 2.3933915827e-07, 2.15705654227e-07, 1.79446416837e-07, 1.36040100074e-07], "min": [1.8264882048e-18, 1.98045794966e-18, 2.24072433234e-18, 2.53266159951e-18, 2.75936119973e-18, 2.76627498209e-18, 2.44080753519e-18, 1.76845631495e-18, 9.49033105576e-19, 3.01865295686e-19, 1.29946507016e-19, 3.50947039608e-19, 5.39013014221e-19, 4.42633961752e-19, 4.02120206313e-19, 7.18357248153e-19, 8.73707454058e-19, 5.14672397516e-19, 3.4706396947e-19, 3.96342272186e-19, 2.75607972254e-19, 4.00150120587e-19, 2.98892977251e-19, 4.28499409637e-19, 3.59536379692e-19, 2.24012245504e-19, 4.7366057595e-19, 4.01454972154e-19, 8.61041457723e-19, 1.07131686989e-18, 1.29231833306e-18, 4.55973386503e-19, 6.20946598063e-19, 9.78467293698e-19, 6.46144018786e-19, 3.89851980455e-19, 1.81748889332e-18, 8.91702147898e-19, 5.22684210435e-19, 4.1315539022e-19], "var": [0.000116916162369, 9.649432468e-05, 1.16759001685e-05, 2.5134183943e-06, 5.71538691929e-08, 2.72916604871e-08, 1.59703752445e-08, 1.79330186256e-08, 1.07650262038e-08, 1.91898408275e-08, 7.65965424421e-08, 8.36716562702e-09, 5.07779374104e-09, 5.50760148599e-09, 3.53198958969e-09, 1.67935521045e-09, 3.42054584657e-09, 1.76010261921e-09, 8.29434909644e-10, 4.63489607805e-10, 7.85049247831e-10, 7.72791886039e-10, 8.18939305258e-10, 3.85715015483e-10, 4.39310393618e-10, 2.34002928146e-10, 3.0279950769e-10, 1.97642971433e-10, 2.42323355826e-10, 2.29514698913e-10, 1.70191458149e-10, 1.57928184419e-10, 1.80572945485e-10, 5.65422118848e-11, 5.91969390173e-11, 3.56823216807e-11, 3.65239088973e-11, 4.64425997659e-11, 6.87281689893e-11, 3.83615778032e-11]}, "mfcc": {"mean": [-681.934631348, 98.4635391235, 1.83007991314, 21.0099544525, -2.4153854847, 3.9677593708, -3.42763781548, 1.77686536312, -0.420171767473, -1.1191380024, 0.237572938204, -0.442839026451, -4.05426597595], "cov": [[9683.47070312, -2913.34570312, 1061.65441895, 367.237884521, 77.0878448486, 662.867126465, 931.926208496, 300.298095703, 171.219940186, 222.748947144, -0.299988001585, -43.5261955261, 44.4643249512], [-2913.34570312, 2790.32568359, -286.235534668, 28.8294811249, 347.908294678, -130.916030884, -383.076934814, -83.8933792114, -19.3354873657, -117.753662109, 29.0069522858, 60.2414131165, -1.46465778351], [1061.65441895, -286.235534668, 1065.19018555, 411.484283447, 191.319229126, 282.135864258, 397.814117432, 167.259353638, 123.566146851, 117.029586792, 60.7363548279, 1.88172852993, 82.4380187988], [367.237884521, 28.8294811249, 411.484283447, 575.645080566, 203.086807251, 300.108612061, 252.036605835, 126.548744202, 68.0785446167, 71.7063751221, 27.9052429199, 39.506729126, 27.734172821], [77.0878448486, 347.908294678, 191.319229126, 203.086807251, 603.231628418, 303.439849854, 142.318756104, 96.2457962036, 100.34185791, 87.3829803467, 39.7609100342, 81.4554824829, 30.7880458832], [662.867126465, -130.916030884, 282.135864258, 300.108612061, 303.439849854, 409.039245605, 305.192504883, 158.837280273, 102.975662231, 113.687835693, 47.8022346497, 45.9623298645, 53.1654853821], [931.926208496, -383.076934814, 397.814117432, 252.036605835, 142.318756104, 305.192504883, 380.324615479, 186.581970215, 107.296440125, 107.794563293, 43.0589599609, 17.2842693329, 52.0881156921], [300.298095703, -83.8933792114, 167.259353638, 126.548744202, 96.2457962036, 158.837280273, 186.581970215, 166.142745972, 100.690132141, 84.0640411377, 36.4585456848, 18.5927791595, 29.4888343811], [171.219940186, -19.3354873657, 123.566146851, 68.0785446167, 100.34185791, 102.975662231, 107.296440125, 100.690132141, 133.447998047, 93.0702133179, 40.6568527222, 27.2751350403, 37.5022544861], [222.748947144, -117.753662109, 117.029586792, 71.7063751221, 87.3829803467, 113.687835693, 107.794563293, 84.0640411377, 93.0702133179, 132.257125854, 52.6932220459, 29.901512146, 29.6559009552], [-0.299988001585, 29.0069522858, 60.7363548279, 27.9052429199, 39.7609100342, 47.8022346497, 43.0589599609, 36.4585456848, 40.6568527222, 52.6932220459, 87.3177185059, 33.3030471802, 37.689994812], [-43.5261955261, 60.2414131165, 1.88172852993, 39.506729126, 81.4554824829, 45.9623298645, 17.2842693329, 18.5927791595, 27.2751350403, 29.901512146, 33.3030471802, 93.3973770142, 27.3039188385], [44.4643249512, -1.46465778351, 82.4380187988, 27.734172821, 30.7880458832, 53.1654853821, 52.0881156921, 29.4888343811, 37.5022544861, 29.6559009552, 37.689994812, 27.3039188385, 83.1475296021]], "icov": [[0.000181467577931, 0.000150656298501, -7.20800453564e-05, 7.07108265487e-05, -1.47718938024e-05, -0.000138576549944, -0.000258404674241, 0.000179253256647, -0.000125439779367, 0.000121522483823, 3.86469873774e-05, -5.85475163462e-06, 0.000143511861097], [0.000150656298501, 0.000742777017877, -6.67263957439e-05, -0.000257347652223, -0.000525758892763, -4.27901832154e-05, 0.00104807328898, -0.000629979884252, -0.000358209566912, 0.00100360554643, -0.000544136099052, 0.000123898367747, -0.0001170104224], [-7.20800453564e-05, -6.67263957439e-05, 0.00212381104939, -0.00115225359332, -0.000652796181384, 0.00188897841144, -0.00283007929102, 0.00119247392286, -0.000392726506107, -0.000376309733838, -0.00044206311577, 0.00110996130388, -0.00115285476204], [7.07108265487e-05, -0.000257347652223, -0.00115225359332, 0.00371663738042, 0.000694843009114, -0.0029152338393, 0.000181146242539, -0.000351201568265, 0.000435586058302, 0.000217932698433, 0.000612620264292, -0.00129553093575, 0.00135173578747], [-1.47718938024e-05, -0.000525758892763, -0.000652796181384, 0.000694843009114, 0.00400672061369, -0.00426783738658, 0.00162832078058, 0.000497123459354, -0.00140088261105, -3.71633723262e-05, 0.000725915015209, -0.00200063013472, 0.00143602059688], [-0.000138576549944, -4.27901832154e-05, 0.00188897841144, -0.0029152338393, -0.00426783738658, 0.0134123628959, -0.00853162724525, 0.000502141134348, 0.00181404629257, -0.00280920416117, -0.000104752951302, 0.000967495143414, -0.00274271750823], [-0.000258404674241, 0.00104807328898, -0.00283007929102, 0.000181146242539, 0.00162832078058, -0.00853162724525, 0.0179000012577, -0.0104103144258, 0.000953729788307, 0.00156342471018, -0.00012712914031, 0.000212686034502, -0.000767003046349], [0.000179253256647, -0.000629979884252, 0.00119247392286, -0.000351201568265, 0.000497123459354, 0.000502141134348, -0.0104103144258, 0.0214408244938, -0.0093430718407, -0.00132500880864, -0.000747994228732, 0.000386088067899, 0.00213908357546], [-0.000125439779367, -0.000358209566912, -0.000392726506107, 0.000435586058302, -0.00140088261105, 0.00181404629257, 0.000953729788307, -0.0093430718407, 0.0216575842351, -0.010234744288, 0.00136867375113, -0.000280047621345, -0.00426656799391], [0.000121522483823, 0.00100360554643, -0.000376309733838, 0.000217932698433, -3.71633723262e-05, -0.00280920416117, 0.00156342471018, -0.00132500880864, -0.010234744288, 0.0200723465532, -0.00681786751375, -0.00100279017352, 0.00243045715615], [3.86469873774e-05, -0.000544136099052, -0.00044206311577, 0.000612620264292, 0.000725915015209, -0.000104752951302, -0.00012712914031, -0.000747994228732, 0.00136867375113, -0.00681786751375, 0.0190119873732, -0.0037598349154, -0.00522211287171], [-5.85475163462e-06, 0.000123898367747, 0.00110996130388, -0.00129553093575, -0.00200063013472, 0.000967495143414, 0.000212686034502, 0.000386088067899, -0.000280047621345, -0.00100279017352, -0.0037598349154, 0.0150921195745, -0.00357871223241], [0.000143511861097, -0.0001170104224, -0.00115285476204, 0.00135173578747, 0.00143602059688, -0.00274271750823, -0.000767003046349, 0.00213908357546, -0.00426656799391, 0.00243045715615, -0.00522211287171, -0.00357871223241, 0.0181838031858]]}, "spectral_contrast_coeffs": {"dmean": [0.0621850565076, 0.0523729920387, 0.0451152287424, 0.0351277664304, 0.0279600415379, 0.0213013272732], "dmean2": [0.0960390120745, 0.0851599425077, 0.0711587890983, 0.0560811534524, 0.0434099547565, 0.0326722227037], "dvar": [0.00316687813029, 0.0019665339496, 0.00157601269893, 0.000860448169988, 0.00070678780321, 0.000406651990488], "dvar2": [0.00735650490969, 0.00482048047706, 0.00347035028972, 0.00199344102293, 0.00152973656077, 0.000867860449944], "max": [-0.347262203693, -0.450461238623, -0.53395229578, -0.515148758888, -0.500197052956, -0.573590874672], "mean": [-0.639254152775, -0.764280676842, -0.786297500134, -0.798955619335, -0.792895019054, -0.754962086678], "median": [-0.642935752869, -0.768492758274, -0.79708981514, -0.8064006567, -0.804017961025, -0.756030023098], "min": [-0.953919351101, -0.967856287956, -0.989350736141, -0.96843034029, -0.961995184422, -0.94244748354], "var": [0.00934385508299, 0.00440532993525, 0.00424105161801, 0.00237833103165, 0.00266607617959, 0.00241800933145]}, "spectral_contrast_valleys": {"dmean": [0.552166759968, 0.570617794991, 0.583668470383, 0.519236028194, 0.484184294939, 0.59444975853], "dmean2": [0.808477520943, 0.897067606449, 0.902535140514, 0.799296021461, 0.726792812347, 0.801586329937], "dvar": [0.3385848701, 0.323897272348, 0.381854653358, 0.376408308744, 0.361098498106, 0.532907664776], "dvar2": [0.569477319717, 0.686665415764, 0.860227048397, 0.838672995567, 0.811706185341, 1.04328858852], "max": [-5.29257297516, -5.08068847656, -4.94718790054, -5.31627511978, -5.22767543793, -7.3573050499], "mean": [-8.1454