{"lowlevel": {"average_loudness": 0.847866475582, "barkbands_crest": {"dmean": 3.06544184685, "dmean2": 5.04891109467, "dvar": 10.8794002533, "dvar2": 28.8705387115, "max": 26.5811443329, "mean": 16.0714550018, "median": 16.3061714172, "min": 2.87549734116, "var": 40.5493469238}, "barkbands_flatness_db": {"dmean": 0.0405573099852, "dmean2": 0.0590867884457, "dvar": 0.00201437738724, "dvar2": 0.00401859078556, "max": 0.604382693768, "mean": 0.219383880496, "median": 0.209415510297, "min": 0.0260092932731, "var": 0.0105819040909}, "barkbands_kurtosis": {"dmean": 10.4622001648, "dmean2": 16.3975811005, "dvar": 544.81463623, "dvar2": 1270.36547852, "max": 572.758239746, "mean": 16.7019996643, "median": 5.00489902496, "min": -1.84721243382, "var": 1089.49609375}, "barkbands_skewness": {"dmean": 0.982639670372, "dmean2": 1.51136338711, "dvar": 1.34795820713, "dvar2": 3.06219530106, "max": 18.7188396454, "mean": 2.61878371239, "median": 2.0730574131, "min": -3.70842647552, "var": 6.3493013382}, "barkbands_spread": {"dmean": 6.2906908989, "dmean2": 9.93055152893, "dvar": 81.8377304077, "dvar2": 187.810745239, "max": 122.046058655, "mean": 15.6494140625, "median": 11.4224691391, "min": 0.128516048193, "var": 197.601486206}, "dissonance": {"dmean": 0.0260918959975, "dmean2": 0.0409727953374, "dvar": 0.000760583148804, "dvar2": 0.00181626633275, "max": 0.499922424555, "mean": 0.434573382139, "median": 0.448371499777, "min": 0.153404429555, "var": 0.00297287735157}, "dynamic_complexity": 4.17550182343, "erbbands_crest": {"dmean": 2.7419500351, "dmean2": 4.14249515533, "dvar": 8.21326828003, "dvar2": 17.4263057709, "max": 31.6888484955, "mean": 11.7221355438, "median": 10.3189916611, "min": 2.20273995399, "var": 33.7806510925}, "erbbands_flatness_db": {"dmean": 0.0264334455132, "dmean2": 0.0364413708448, "dvar": 0.00105350918602, "dvar2": 0.00191164342687, "max": 0.485358595848, "mean": 0.181219309568, "median": 0.174995228648, "min": 0.0410922728479, "var": 0.00491230841726}, "erbbands_kurtosis": {"dmean": 1.47196280956, "dmean2": 2.24499201775, "dvar": 9.79339027405, "dvar2": 21.8078041077, "max": 116.424827576, "mean": 1.70594072342, "median": 0.553821325302, "min": -1.78564763069, "var": 21.5467510223}, "erbbands_skewness": {"dmean": 0.421533048153, "dmean2": 0.634739458561, "dvar": 0.237443879247, "dvar2": 0.513292431831, "max": 7.21132612228, "mean": 0.440417200327, "median": 0.340628266335, "min": -3.98101520538, "var": 0.923033714294}, "erbbands_spread": {"dmean": 9.94794082642, "dmean2": 15.2567558289, "dvar": 163.224975586, "dvar2": 361.118774414, "max": 174.884841919, "mean": 33.9576797485, "median": 28.8945274353, "min": 0.717426657677, "var": 461.979980469}, "hfc": {"dmean": 11.9532432556, "dmean2": 17.8790245056, "dvar": 543.544250488, "dvar2": 1370.18884277, "max": 269.579193115, "mean": 21.9996604919, "median": 13.1493682861, "min": 1.18074672312e-16, "var": 707.356384277}, "melbands_crest": {"dmean": 3.16075921059, "dmean2": 5.15787935257, "dvar": 9.98193454742, "dvar2": 27.7545070648, "max": 35.1313972473, "mean": 18.629026413, "median": 19.4189853668, "min": 1.59346246719, "var": 43.3643684387}, "melbands_flatness_db": {"dmean": 0.0468003563583, "dmean2": 0.0683134272695, "dvar": 0.00276903761551, "dvar2": 0.00552399270236, "max": 0.769547462463, "mean": 0.30851534009, "median": 0.301973938942, "min": 0.00381797063164, "var": 0.0174818113446}, "melbands_kurtosis": {"dmean": 17.5808792114, "dmean2": 27.1503334045, "dvar": 1026.18798828, "dvar2": 2267.77856445, "max": 620.230285645, "mean": 32.8280029297, "median": 13.3537559509, "min": -1.66916120052, "var": 2871.58227539}, "melbands_skewness": {"dmean": 1.15529453754, "dmean2": 1.76895093918, "dvar": 1.62319850922, "dvar2": 3.60775375366, "max": 21.9363708496, "mean": 3.71687173843, "median": 3.13234591484, "min": -2.74137020111, "var": 8.32113361359}, "melbands_spread": {"dmean": 6.06053924561, "dmean2": 9.66836452484, "dvar": 90.9925537109, "dvar2": 206.678207397, "max": 155.380630493, "mean": 17.6334991455, "median": 9.41714763641, "min": 0.255504071712, "var": 544.46887207}, "pitch_salience": {"dmean": 0.0783723592758, "dmean2": 0.124971807003, "dvar": 0.00691417045891, "dvar2": 0.0170587543398, "max": 0.919003009796, "mean": 0.367924004793, "median": 0.361083626747, "min": 0.0623086839914, "var": 0.0266681555659}, "silence_rate_20dB": {"dmean": 0.0346399284899, "dmean2": 0.0692903846502, "dvar": 0.0334419086576, "dvar2": 0.0754262804985, "max": 1, "mean": 0.965669155121, "median": 1, "min": 0, "var": 0.0331505052745}, "silence_rate_30dB": {"dmean": 0.0853843837976, "dmean2": 0.170794710517, "dvar": 0.0780947357416, "dvar2": 0.162290483713, "max": 1, "mean": 0.708491563797, "median": 1, "min": 0, "var": 0.206525504589}, "silence_rate_60dB": {"dmean": 0.0246125794947, "dmean2": 0.0492326393723, "dvar": 0.0240093227476, "dvar2": 0.0540929064155, "max": 1, "mean": 0.0984353646636, "median": 0, "min": 0, "var": 0.0887576788664}, "spectral_centroid": {"dmean": 248.274398804, "dmean2": 373.973022461, "dvar": 129680.484375, "dvar2": 251743, "max": 11115.1660156, "mean": 1099.45495605, "median": 902.33984375, "min": 96.1940460205, "var": 616920.5}, "spectral_complexity": {"dmean": 3.81981158257, "dmean2": 5.0864610672, "dvar": 25.3627033234, "dvar2": 43.458316803, "max": 55, "mean": 13.3663978577, "median": 11, "min": 0, "var": 84.4124755859}, "spectral_decrease": {"dmean": 1.02058548279e-08, "dmean2": 1.54078367842e-08, "dvar": 2.91912223458e-16, "dvar2": 6.67556883066e-16, "max": 4.18820445213e-18, "mean": -2.13325801468e-08, "median": -9.64196811282e-09, "min": -1.82874217103e-07, "var": 7.39843680636e-16}, "spectral_energy": {"dmean": 0.0392139330506, "dmean2": 0.0590549111366, "dvar": 0.00422766478732, "dvar2": 0.00965018291026, "max": 0.695751130581, "mean": 0.0825095623732, "median": 0.0383435375988, "min": 1.0624987142e-20, "var": 0.0107824858278}, "spectral_energyband_high": {"dmean": 0.000791652419139, "dmean2": 0.00130735978018, "dvar": 4.03696958529e-06, "dvar2": 1.04961991383e-05, "max": 0.0233521126211, "mean": 0.000843893620186, "median": 0.000105484301457, "min": 7.68899437609e-21, "var": 3.60104718311e-06}, "spectral_energyband_low": {"dmean": 0.0368106551468, "dmean2": 0.0565085187554, "dvar": 0.0040550804697, "dvar2": 0.00942213088274, "max": 0.674812734127, "mean": 0.0691004320979, "median": 0.0250477585942, "min": 1.14330267326e-22, "var": 0.00959977321327}, "spectral_energyband_middle_high": {"dmean": 0.00201763701625, "dmean2": 0.0027995838318, "dvar": 1.40083539009e-05, "dvar2": 2.78999796137e-05, "max": 0.0664892792702, "mean": 0.00441023427993, "median": 0.0020829772111, "min": 1.43248466705e-21, "var": 3.91538669646e-05}, "spectral_energyband_middle_low": {"dmean": 0.00376374227926, "dmean2": 0.00575075345114, "dvar": 5.8553461713e-05, "dvar2": 0.000148217659444, "max": 0.0915557295084, "mean": 0.00887161120772, "median": 0.00557423988357, "min": 2.41033003846e-22, "var": 0.000101867641206}, "spectral_entropy": {"dmean": 0.302124530077, "dmean2": 0.412193328142, "dvar": 0.149060592055, "dvar2": 0.281900912523, "max": 9.79672622681, "mean": 7.11859560013, "median": 7.2005982399, "min": 4.2825627327, "var": 0.720363557339}, "spectral_flux": {"dmean": 0.0485977195203, "dmean2": 0.0773648023605, "dvar": 0.00486165238544, "dvar2": 0.0115462290123, "max": 0.631524503231, "mean": 0.104599133134, "median": 0.0743439644575, "min": 1.03077581193e-10, "var": 0.00925432890654}, "spectral_kurtosis": {"dmean": 5.28134965897, "dmean2": 8.35563564301, "dvar": 96.5359802246, "dvar2": 212.59312439, "max": 169.712890625, "mean": 10.9418802261, "median": 5.3398475647, "min": -1.22462320328, "var": 278.92010498}, "spectral_rms": {"dmean": 0.00183009577449, "dmean2": 0.00270204269327, "dvar": 5.72125145482e-06, "dvar2": 1.23586232803e-05, "max": 0.0260534379631, "mean": 0.00737106893212, "median": 0.0061162346974, "min": 3.2196027528e-12, "var": 2.61647037405e-05}, "spectral_rolloff": {"dmean": 425.018463135, "dmean2": 737.844482422, "dvar": 1054154, "dvar2": 2499375.5, "max": 19186.0839844, "mean": 1260.37084961, "median": 495.263671875, "min": 64.599609375, "var": 7541768}, "spectral_skewness": {"dmean": 0.483860015869, "dmean2": 0.747122049332, "dvar": 0.45839753747, "dvar2": 1.01999425888, "max": 10.3738574982, "mean": 2.19399380684, "median": 1.84201061726, "min": -0.0090997684747, "var": 1.6168255806}, "spectral_spread": {"dmean": 981381.25, "dmean2": 1469201, "dvar": 1911684595710.0, "dvar2": 4025869139970.0, "max": 41350096, "mean": 4552139, "median": 4156445, "min": 507964.96875, "var": 5917466165250.0}, "spectral_strongpeak": {"dmean": 0.407165408134, "dmean2": 0.675983011723, "dvar": 0.749661028385, "dvar2": 1.85995352268, "max": 11.9108972549, "mean": 0.869734823704, "median": 0.597772419453, "min": 0, "var": 1.22074568272}, "zerocrossingrate": {"dmean": 0.0102116949856, "dmean2": 0.0121474517509, "dvar": 0.000206725366297, "dvar2": 0.000252484780503, "max": 0.5224609375, "mean": 0.0476053804159, "median": 0.02783203125, "min": 0.001953125, "var": 0.00520626222715}, "barkbands": {"dmean": [0.000556902494282, 0.0336520858109, 0.00529999285936, 0.00154569221195, 0.00109846470878, 0.000911006354727, 0.000764685159083, 0.000483812269522, 0.000427286227932, 0.000204880125239, 0.000222564383876, 0.000176120563992, 0.000866868998855, 0.000222723072511, 0.000304080051137, 0.000172038198798, 0.000173935259227, 0.000115864568215, 0.000149706567754, 7.93122089817e-05, 7.97851389507e-05, 0.000172386105987, 0.000123800113215, 0.000142098637298, 0.000164648328791, 0.000103479804238, 3.53063041985e-05], "dmean2": [0.000963239232078, 0.052671186626, 0.00868696346879, 0.00269113783725, 0.0017421861412, 0.00125034467783, 0.00112696550786, 0.000672576250508, 0.000510598591063, 0.000296380079817, 0.000298281462165, 0.000283838802716, 0.00124812603462, 0.000324308872223, 0.000465727993287, 0.000260742672253, 0.00025669077877, 0.00018511764938, 0.000242327776505, 0.000121896562632, 0.000114839393063, 0.000294294091873, 0.000204447263968, 0.000241655041464, 0.00028685486177, 0.000183727926924, 6.30685754004e-05], "dvar": [1.55822374381e-06, 0.00367728481069, 0.000213307619561, 2.60096512648e-05, 6.763368674e-06, 2.30777118304e-06, 2.01348143491e-06, 8.8980698365e-07, 1.10849350676e-06, 2.46039121521e-07, 3.83784026781e-07, 2.06556791227e-07, 8.50748529047e-06, 2.78351194538e-07, 5.15740907758e-07, 1.66601651586e-07, 1.27287265173e-07, 5.68063498463e-08, 1.6968211014e-07, 3.77093378745e-08, 2.80225300742e-08, 2.44159565455e-07, 9.97772673372e-08, 1.65306772715e-07, 1.97119220502e-07, 1.22451552897e-07, 1.89345481516e-08], "dvar2": [4.79861319036e-06, 0.0087132807821, 0.000506544660311, 7.10007007001e-05, 1.6394758859e-05, 4.22452694693e-06, 4.33689729107e-06, 1.85341343695e-06, 1.88321985206e-06, 4.89416606797e-07, 6.08269033364e-07, 5.15598685524e-07, 1.69340473803e-05, 5.63400760711e-07, 1.14865565592e-06, 3.7262668684e-07, 2.7101830824e-07, 1.38511623504e-07, 4.1745417434e-07, 8.49320827001e-08, 5.67482416614e-08, 6.77030072893e-07, 2.54618100826e-07, 4.37339252812e-07, 5.30964371137e-07, 3.33655890472e-07, 5.20164213924e-08], "max": [0.0179110653698, 0.658575594425, 0.194743677974, 0.0658114403486, 0.0413079187274, 0.0270812716335, 0.0257578138262, 0.0229482892901, 0.0233321283013, 0.0176568310708, 0.0190384015441, 0.0068503045477, 0.0588678792119, 0.0126616926864, 0.00906644854695, 0.00909726135433, 0.00851324293762, 0.00384921650402, 0.00632949406281, 0.00312455790117, 0.0029520727694, 0.00558154238388, 0.00387174729258, 0.00548763899133, 0.00812750123441, 0.00554076675326, 0.00265920325182], "mean": [0.000862653600052, 0.0616328008473, 0.00596025632694, 0.00133475533221, 0.00194366299547, 0.0017293713754, 0.00148834846914, 0.00115624058526, 0.00108097307384, 0.000498842797242, 0.000524090661202, 0.000262769695837, 0.00161335722078, 0.000381893973099, 0.000330973562086, 0.000218457149458, 0.000287681061309, 0.000130422908114, 0.000166685320437, 0.000108382984763, 0.000127494509798, 0.000159649076522, 0.000116378731036, 0.000136291753734, 0.000150752151967, 7.98758264864e-05, 2.6591031201e-05], "median": [0.000244343478698, 0.0205867346376, 0.00117177097127, 0.000214609783143, 0.000506951939315, 0.000817584339529, 0.00075075996574, 0.000454245659057, 0.000300393847283, 5.8000725403e-05, 0.000110140084871, 5.34244209121e-05, 0.000132529865368, 5.04374329466e-05, 2.6458677894e-05, 2.24500017794e-05, 7.52486957936e-05, 2.36410251091e-05, 4.18970339524e-05, 2.08027977351e-05, 1.97970657609e-05, 1.8653456209e-05, 7.68418885855e-06, 7.90195008449e-06, 6.91192235536e-06, 2.02716637432e-06, 5.89191756717e-07], "min": [5.09225586202e-23, 4.29138880936e-23, 2.89868485791e-23, 3.35711717348e-23, 1.3161574646e-23, 9.32966670617e-23, 2.77502838666e-23, 2.81366553162e-23, 3.7364327356e-23, 3.8432006415e-23, 1.04493840792e-22, 1.66583441811e-22, 1.09332637854e-22, 4.96095091097e-23, 9.60275583651e-23, 8.59999624347e-23, 1.47676111987e-22, 2.03677372892e-22, 1.99589079163e-22, 4.09748541046e-22, 4.5819898945e-22, 4.65241535715e-22, 7.0095342663e-22, 1.05341521691e-21, 1.09278344029e-21, 1.70863404759e-21, 2.48159010332e-21], "var": [2.11116639548e-06, 0.00826617050916, 0.000250010256423, 1.86789020518e-05, 1.52189231812e-05, 7.01655608282e-06, 4.80185553897e-06, 4.12580448028e-06, 4.79234404338e-06, 2.26702627515e-06, 1.93508071789e-06, 2.78315866353e-07, 2.20118381549e-05, 8.1385383055e-07, 6.95660958172e-07, 2.62638934601e-07, 2.50285779657e-07, 6.76165043956e-08, 1.95104789213e-07, 6.44004174433e-08, 6.53143743534e-08, 1.7454483725e-07, 8.85464004341e-08, 1.31841574103e-07, 1.55974092308e-07, 8.44361593977e-08, 1.27225945334e-08]}, "erbbands": {"dmean": [0.876961886883, 7.94761228561, 8.46295261383, 4.7859287262, 4.53767585754, 3.58331394196, 4.84788990021, 8.26582813263, 10.2098751068, 12.7313957214, 7.93617773056, 11.2808656693, 5.38032150269, 7.5994682312, 7.74779510498, 11.0081119537, 42.4204406738, 12.0363969803, 13.7296085358, 13.4965791702, 9.76372718811, 8.47459602356, 6.64772701263, 8.20011043549, 6.24481678009, 3.59749698639, 3.30130147934, 3.3880572319, 6.22460269928, 5.18010807037, 3.48411035538, 2.76443457603, 2.49389672279, 2.17437720299, 1.02540874481, 0.467432230711, 0.188298612833, 0.0450883172452, 0.00640344619751, 0.000308570917696], "dmean2": [1.41080439091, 12.3181495667, 13.1904029846, 8.26154708862, 7.73626422882, 5.43697881699, 6.59453105927, 11.6602363586, 14.6802740097, 18.1774978638, 11.6880102158, 13.3376111984, 7.54068183899, 10.8266811371, 10.6593885422, 16.744436264, 61.2169303894, 17.301486969, 20.3677139282, 20.41563797, 14.2725296021, 12.3861379623, 10.492934227, 12.8735952377, 10.1940317154, 5.3758854866, 4.8696103096, 5.268866539, 10.7057781219, 8.58329868317, 5.83014154434, 4.59555006027, 4.24764347076, 3.78689312935, 1.79488408566, 0.830194830894, 0.334927946329, 0.0796763300896, 0.0114774545655, 0.000532665522769], "dvar": [2.6131978035, 211.631881714, 376.661132812, 226.425537109, 193.794021606, 62.4187278748, 90.3746261597, 216.415542603, 415.15145874, 510.54486084, 409.520233154, 823.856750488, 140.407073975, 613.65625, 249.878417969, 732.209960938, 21210.7128906, 660.491333008, 848.765930176, 1076.921875, 440.095703125, 361.318634033, 187.637527466, 455.06362915, 331.181793213, 87.7356414795, 52.8645248413, 56.3704986572, 393.249084473, 177.462432861, 89.4121170044, 64.1378860474, 48.8217315674, 32.8377380371, 8.94846153259, 2.48189377785, 0.401856124401, 0.0237208083272, 0.000700790027622, 1.08545521016e-06], "dvar2": [7.11361551285, 475.596862793, 823.551513672, 629.247558594, 512.386291504, 136.572372437, 138.147689819, 449.109069824, 856.267883301, 1026.63195801, 1091.64294434, 1339.97619629, 286.993377686, 1026.71264648, 454.898681641, 1663.59643555, 42872.2890625, 1332.49890137, 1723.75769043, 2553.61108398, 952.250488281, 811.073303223, 455.781555176, 1131.75769043, 868.46081543, 192.27053833, 106.547073364, 134.921264648, 1112.91906738, 467.411102295, 229.7084198, 166.697677612, 130.545028687, 88.7124328613, 24.2676429749, 6.74980449677, 1.10119473934, 0.0644930377603, 0.00194955361076, 2.96308826364e-06], "max": [14.4100809097, 162.440231323, 245.175491333, 213.30015564, 146.687469482, 142.665130615, 225.421844482, 331.889862061, 483.019378662, 481.580413818, 334.018768311, 647.297851562, 282.944091797, 733.228942871, 414.049377441, 413.492919922, 2985.48388672, 665.407348633, 520.042541504, 523.459472656, 374.184753418, 609.844970703, 268.711608887, 323.093536377, 266.737121582, 173.114074707, 172.340576172, 92.6614761353, 293.009063721, 157.291702271, 117.6612854, 110.961982727, 100.622909546, 87.1049346924, 60.574836731, 29.8153572083, 8.74600410461, 2.52670669556, 0.440047949553, 0.0174218714237], "mean": [1.48327207565, 14.5559806824, 12.6699323654, 4.7418551445, 4.54668617249, 7.02436685562, 10.8370542526, 15.2839393616, 19.4311904907, 30.4626617432, 18.5843906403, 29.3523082733, 12.7711076736, 20.0804862976, 17.0330791473, 20.5245018005, 79.2857971191, 23.8807277679, 17.8902759552, 15.4751739502, 14.2850093842, 13.0675592422, 8.07286262512, 9.27125453949, 7.10981655121, 4.98385381699, 5.17019796371, 4.74261236191, 5.71178722382, 4.72788047791, 3.24099040031, 2.58919692039, 2.41747045517, 2.07425785065, 0.843347012997, 0.362236738205, 0.144409090281, 0.0347833931446, 0.00476762652397, 0.000306303467369], "median": [0.523338735104, 4.53353738785, 3.6481013298, 1.15814077854, 1.04063498974, 1.79161226749, 3.87539720535, 7.49641036987, 8.53843975067, 15.4478254318, 10.3852319717, 8.05775260925, 3.7970597744, 2.17628622055, 5.59428930283, 5.37395811081, 7.84288930893, 5.21177864075, 3.0014090538, 1.74058449268, 2.67170739174, 3.52403402328, 1.90930962563, 2.62762713432, 1.22730755806, 1.06559097767, 0.803099036217, 0.80218911171, 0.693143308163, 0.421239435673, 0.213707357645, 0.170690596104, 0.126136019826, 0.0824814662337, 0.0363249145448, 0.0111074214801, 0.00343632558361, 0.000762218784075, 0.000147986589582, 8.0023870396e-05], "min": [2.1132792518e-21, 7.2664028261e-21, 2.39410416171e-20, 8.54668470543e-20, 7.28438317998e-20, 5.08021600435e-20, 3.49736486631e-19, 8.4618363956e-19, 4.12780703252e-19, 3.93541774674e-19, 6.94062436575e-19, 7.58774430256e-19, 1.12686546014e-18, 1.52202721635e-18, 5.59591158551e-18, 8.21130861707e-18, 4.70346021877e-18, 2.15756434984e-18, 5.16466262751e-18, 4.36014676374e-18, 5.17792481427e-18, 8.76757930721e-18, 8.74150326558e-18, 9.70768827135e-18, 1.57438013906e-17, 1.89839373332e-17, 1.74819642836e-17, 1.8983790095e-17, 1.48219880073e-17, 2.06293418466e-17, 1.95483011584e-17, 2.1296881564e-17, 1.61529398108e-17, 1.15220940557e-17, 9.11268402185e-18, 5.91479426114e-18, 3.04527617846e-18, 1.42090169813e-18, 2.97748159283e-19, 3.60582116932e-20], "var": [4.86491107941, 490.222961426, 601.226135254, 161.712722778, 159.737564087, 212.512527466, 396.621002197, 528.360473633, 1003.64129639, 1975.2401123, 726.418212891, 3713.0078125, 710.063293457, 4504.4296875, 819.221557617, 1454.46313477, 53404.0859375, 2372.3972168, 1370.57543945, 1433.66247559, 810.135986328, 604.13092041, 235.294815063, 485.817443848, 371.762145996, 150.440505981, 121.502685547, 87.6215133667, 263.20892334, 144.23626709, 76.8714675903, 52.7364044189, 39.7567443848, 27.7839069366, 6.44845962524, 1.72546720505, 0.272549778223, 0.0165347587317, 0.000452631502412, 7.71654868004e-07]}, "gfcc": {"mean": [-55.4600868225, 107.036552429, -93.2121658325, 24.1028003693, -40.8651542664, 13.8169555664, -21.0840759277, 14.6049842834, -4.37946796417, 14.1587743759, 2.22840857506, 4.10085773468, -9.19549751282], "cov": [[28342.5253906, 210.81993103, 937.721618652, 1064.7467041, -282.018981934, 1620.90319824, -331.903259277, 381.011169434, -305.734558105, 381.176208496, -468.589691162, -25.5313205719, -344.55065918], [210.81993103, 4476.66796875, 248.424758911, -233.363677979, 523.580627441, -514.722839355, 493.986968994, -227.144104004, 114.310417175, -394.907745361, 414.503204346, -81.0490264893, 232.302642822], [937.721618652, 248.424758911, 1148.29931641, 255.295944214, 257.364929199, 172.094085693, 122.170188904, -57.5110397339, -152.841003418, -63.8828964233, -30.7753620148, 2.61052894592, 22.0390110016], [1064.7467041, -233.363677979, 255.295944214, 543.532531738, 69.5438766479, 83.248664856, 64.0413894653, 13.7802839279, -63.3922157288, -17.3895111084, -15.4594221115, -24.7310943604, -21.9651088715], [-282.018981934, 523.580627441, 257.364929199, 69.5438766479, 526.594360352, 43.9676399231, 50.055934906, -107.118995667, -24.273771286, -76.9859619141, 17.1957473755, -45.2336921692, 7.90102386475], [1620.90319824, -514.722839355, 172.094085693, 83.248664856, 43.9676399231, 434.357727051, -22.3017177582, 30.0743713379, -72.9467086792, 63.905330658, -89.1086120605, -30.8282737732, -59.1545600891], [-331.903259277, 493.986968994, 122.170188904, 64.0413894653, 50.055934906, -22.3017177582, 282.073455811, 33.6997299194, 8.52505493164, -83.0516738892, 64.7648468018, -16.711769104, 32.1000823975], [381.011169434, -227.144104004, -57.5110397339, 13.7802839279, -107.118995667, 30.0743713379, 33.6997299194, 190.817520142, 82.1971130371, 52.4249420166, -18.1328239441, -1.45492577553, -9.61387062073], [-305.734558105, 114.310417175, -152.841003418, -63.3922157288, -24.273771286, -72.9467086792, 8.52505493164, 82.1971130371, 213.905609131, 47.3745880127, 5.32421398163, 1.7427084446, 24.0090122223], [381.176208496, -394.907745361, -63.8828964233, -17.3895111084, -76.9859619141, 63.905330658, -83.0516738892, 52.4249420166, 47.3745880127, 161.749938965, -5.27083206177, -10.8303422928, -21.4806022644], [-468.589691162, 414.503204346, -30.7753620148, -15.4594221115, 17.1957473755, -89.1086120605, 64.7648468018, -18.1328239441, 5.32421398163, -5.27083206177, 158.486404419, 8.98011684418, 25.7078323364], [-25.5313205719, -81.0490264893, 2.61052894592, -24.7310943604, -45.2336921692, -30.8282737732, -16.711769104, -1.45492577553, 1.7427084446, -10.8303422928, 8.98011684418, 133.157897949, 40.144569397], [-344.55065918, 232.302642822, 22.0390110016, -21.9651088715, 7.90102386475, -59.1545600891, 32.1000823975, -9.61387062073, 24.0090122223, -21.4806022644, 25.7078323364, 40.144569397, 129.901473999]], "icov": [[8.72669261298e-05, -0.000199731352041, 2.08027540793e-05, -0.000233682716498, 0.000139843949, -0.000331891991664, 0.000232380916714, -0.000246556766797, 0.000210731857806, -0.000351325172232, 0.000397911382606, -0.000275934929959, 0.000219772104174], [-0.000199731352041, 0.00107975571882, -0.000215717722313, 0.000855418038554, -0.000560309388675, 0.000947044929489, -0.000892455456778, 0.000961370475125, -0.00110882602166, 0.00191571330652, -0.00211835396476, 0.00132100505289, -0.000989712425508], [2.08027540793e-05, -0.000215717722313, 0.00132805178873, -0.000506450422108, -0.000449718383607, -0.000352892617229, -0.000425909092883, -0.000164344484801, 0.00100808078423, -0.000679009826854, 0.000848424970172, -0.000605598383117, -0.000189622718608], [-0.000233682716498, 0.000855418038554, -0.000506450422108, 0.00296356598847, -0.000638048397377, 0.000916554708965, -0.00116265658289, 0.000423970283009, -0.000374662486138, 0.0014268666273, -0.00154910166748, 0.00128891586792, -0.000574215198867], [0.000139843949, -0.000560309388675, -0.000449718383607, -0.000638048397377, 0.00309825316072, -0.0011944512371, 0.000669912842568, 0.00103747087996, -0.000628258334473, 0.000296391110169, 0.000500458176248, 0.000296925281873, 0.000494523672387], [-0.000331891991664, 0.000947044929489, -0.000352892617229, 0.000916554708965, -0.0011944512371, 0.00490136863664, -0.00164650031365, 0.00034393419628, 0.000641547201667, -0.000541404588148, 8.79811050254e-05, 0.00122597487643, -0.000226484145969], [0.000232380916714, -0.000892455456778, -0.000425909092883, -0.00116265658289, 0.000669912842568, -0.00164650031365, 0.00698407460004, -0.00298537849449, 3.84696431865e-05, 0.00245833094232, -0.00129132240545, 0.000296492333291, -8.59771753312e-05], [-0.000246556766797, 0.000961370475125, -0.000164344484801, 0.000423970283009, 0.00103747087996, 0.00034393419628, -0.00298537849449, 0.00960648618639, -0.0041375416331, -0.000147609360283, -0.0007307959022, 0.000912334653549, -0.000128417290398], [0.000210731857806, -0.00110882602166, 0.00100808078423, -0.000374662486138, -0.000628258334473, 0.000641547201667, 3.84696431865e-05, -0.0041375416331, 0.00891359429806, -0.00467844260857, 0.00329847075045, -0.00145794334821, -0.000301184685668], [-0.000351325172232, 0.00191571330652, -0.000679009826854, 0.0014268666273, 0.000296391110169, -0.000541404588148, 0.00245833094232, -0.000147609360283, -0.00467844260857, 0.014447289519, -0.00673875771463, 0.00379289384, -0.00146905658767], [0.000397911382606, -0.00211835396476, 0.000848424970172, -0.00154910166748, 0.000500458176248, 8.79811050254e-05, -0.00129132240545, -0.0007307959022, 0.00329847075045, -0.00673875771463, 0.0131025901064, -0.00340880686417, 0.00144887994975], [-0.000275934929959, 0.00132100505289, -0.000605598383117, 0.00128891586792, 0.000296925281873, 0.00122597487643, 0.000296492333291, 0.000912334653549, -0.00145794334821, 0.00379289384, -0.00340880686417, 0.0106998570263, -0.00397447077557], [0.000219772104174, -0.000989712425508, -0.000189622718608, -0.000574215198867, 0.000494523672387, -0.000226484145969, -8.59771753312e-05, -0.000128417290398, -0.000301184685668, -0.00146905658767, 0.00144887994975, -0.00397447077557, 0.0106188412756]]}, "melbands": {"dmean": [0.00888204202056, 0.00653134426102, 0.000846049166285, 0.00026784784859, 0.000170760366018, 0.000183526251931, 0.00015437262482, 0.000134190398967, 6.92167886882e-05, 6.35974065517e-05, 2.60491397057e-05, 3.0699884519e-05, 2.66203242063e-05, 1.9530130885e-05, 7.36142610549e-05, 6.97490613675e-05, 2.06452696148e-05, 2.19333087443e-05, 2.29170800594e-05, 1.44118939716e-05, 1.17123354357e-05, 9.59043882176e-06, 7.97842585598e-06, 5.21592392033e-06, 7.23941457181e-06, 4.47016282124e-06, 4.25719963459e-06, 2.1037424176e-06, 2.08547498914e-06, 2.06507320399e-06, 1.94784070118e-06, 3.8380467231e-06, 3.46358319803e-06, 2.607002898e-06, 2.07805396713e-06, 1.79565086e-06, 1.64382993262e-06, 1.68008762103e-06, 1.87866771739e-06, 1.92202674043e-06], "dmean2": [0.0139773432165, 0.00993614923209, 0.00144410389476, 0.000441157520982, 0.000232412523474, 0.000255851482507, 0.000223363356781, 0.000188345642528, 9.64984064922e-05, 7.62040072004e-05, 3.73801158275e-05, 4.42178570665e-05, 3.6326382542e-05, 3.06965375785e-05, 0.000105893115688, 0.000101146790257, 3.02931548504e-05, 3.24971879309e-05, 3.53409886884e-05, 2.17290544242e-05, 1.75221575773e-05, 1.41245200211e-05, 1.29326481328e-05, 8.21264075057e-06, 1.15580041893e-05, 7.3301644079e-06, 7.01859016772e-06, 3.16232717523e-06, 3.13093642035e-06, 2.99800308312e-06, 3.15000852424e-06, 6.74841703585e-06, 5.87411932429e-06, 4.28534485764e-06, 3.52202164322e-06, 3.0058563425e-06, 2.7771650366e-06, 2.89871013592e-06, 3.1847991977e-06, 3.40805536325e-06], "dvar": [0.00025705943699, 0.000152435924974, 7.04264994056e-06, 4.45480623057e-07, 1.10791191332e-07, 9.61937161037e-08, 8.74691608033e-08, 5.62050246344e-08, 3.20007522703e-08, 2.58605954429e-08, 3.57143470353e-09, 9.51032408381e-09, 3.3189200277e-09, 1.95593763408e-09, 6.21209821361e-08, 5.51275682881e-08, 2.23016249912e-09, 2.44151432405e-09, 3.31143512611e-09, 1.30582022972e-09, 6.33262775551e-10, 4.99812746746e-10, 2.75431566443e-10, 1.15894654984e-10, 3.97667121455e-10, 1.76440292932e-10, 1.42879985621e-10, 3.17115014803e-11, 2.35027778489e-11, 1.96201926234e-11, 2.14084947686e-11, 2.19397930379e-10, 1.24007956681e-10, 4.5420556205e-11, 3.35376032501e-11, 2.73470898704e-11, 2.32527348071e-11, 2.462848675e-11, 2.35809028554e-11, 2.72393461953e-11], "dvar2": [0.000643853622023, 0.000325932138367, 1.92404040718e-05, 1.15032162284e-06, 1.80963596108e-07, 1.94085387761e-07, 1.8320503159e-07, 1.08079063921e-07, 8.16896914557e-08, 4.34415632355e-08, 7.3247936605e-09, 1.61952726785e-08, 5.7197029335e-09, 4.95804419742e-09, 1.24452327555e-07, 1.08205014726e-07, 4.63057903133e-09, 5.0222377368e-09, 7.67881047636e-09, 2.99644442592e-09, 1.37457489835e-09, 1.12529963125e-09, 6.73059330492e-10, 2.79289980032e-10, 1.00268926495e-09, 4.36321090369e-10, 3.74924397084e-10, 6.70792310586e-11, 5.11079199794e-11, 4.19018361675e-11, 5.39940349376e-11, 6.32941310474e-10, 3.44408918052e-10, 1.18303200569e-10, 8.72287797549e-11, 7.07043451564e-11, 6.07832534305e-11, 6.66332683474e-11, 6.14233941487e-11, 7.46876657742e-11], "max": [0.166856959462, 0.140521094203, 0.0363426022232, 0.00827327743173, 0.00598252238706, 0.00655433908105, 0.00618180725724, 0.00529564591125, 0.00250584818423, 0.00346341705881, 0.00147712777834, 0.00291440449655, 0.00131102767773, 0.00060755800223, 0.00537368049845, 0.00467858230695, 0.00150153005961, 0.00117301288992, 0.000800772104412, 0.000773226609454, 0.000363929430023, 0.000678504875395, 0.000241146059125, 0.000143786979606, 0.000315578159643, 0.000180586721399, 0.000179345195647, 0.000103388083517, 0.000106983403384, 7.26920334273e-05, 5.31688965566e-05, 0.000234690218349, 0.000143283992657, 6.62758393446e-05, 6.07767578913e-05, 8.19177221274e-05, 6.36040058453e-05, 6.64159015287e-05, 6.65500047035e-05, 9.22592662391e-05], "mean": [0.0160686075687, 0.0116285244003, 0.000843086047098, 0.000387321255403, 0.000398410920752, 0.000344661646523, 0.000295818143059, 0.000327821995597, 0.000163792239618, 0.000162796597579, 5.84956651437e-05, 8.01989081083e-05, 5.79575353186e-05, 3.45817352354e-05, 0.000137209193781, 0.000127273146063, 3.88618282159e-05, 2.79746564047e-05, 2.47116513492e-05, 1.74782107933e-05, 1.75918012246e-05, 1.49501938722e-05, 9.64723767538e-06, 6.01965848546e-06, 7.87814678915e-06, 4.99989027958e-06, 4.77370076624e-06, 2.92328991236e-06, 3.02634771288e-06, 3.22377127304e-06, 2.54755900642e-06, 3.3161866213e-06, 3.13988630296e-06, 2.36613277593e-06, 1.89131924344e-06, 1.63883817095e-06, 1.53276926085e-06, 1.49135007632e-06, 2.04547109206e-06, 1.68381131971e-06], "median": [0.00548480497673, 0.00368095282465, 0.000190807913896, 0.000101384772279, 0.000138095812872, 0.000169609556906, 0.000140332776937, 0.00015818423708, 8.30301360111e-05, 4.30044347013e-05, 1.10455930553e-05, 5.92679180045e-06, 1.49898278323e-05, 1.07226642285e-05, 1.5455605535e-05, 1.13123369374e-05, 5.45793318452e-06, 4.43920271209e-06, 1.79265236966e-06, 1.85291605703e-06, 2.79457913166e-06, 3.45304579241e-06, 2.47044067692e-06, 1.19778962926e-06, 2.14283045352e-06, 8.62693923409e-07, 6.29938540442e-07, 6.23687412826e-07, 4.47339914444e-07, 4.46552064659e-07, 4.45490201173e-07, 3.58368225761e-07, 3.1707199355e-07, 1.78014090579e-07, 1.18909426305e-07, 8.95049154792e-08, 9.39768511898e-08, 8.83649988737e-08, 7.05559983771e-08, 6.95426436437e-08], "min": [1.82339944428e-23, 1.14363216468e-23, 1.50633052961e-23, 3.67496690268e-24, 1.0432212155e-23, 1.84756146495e-23, 6.24200469639e-24, 5.17632500534e-24, 5.1559337398e-24, 5.25694027897e-24, 5.88338774001e-24, 4.87873077872e-24, 1.74249197658e-23, 2.237177815e-23, 1.67514487006e-23, 6.38643368965e-24, 3.57090826067e-24, 7.85893604926e-24, 7.32634449771e-24, 5.29296913423e-24, 6.48909170912e-24, 1.10608088676e-23, 5.78614170078e-24, 9.65046361971e-24, 7.50684139485e-24, 7.28027580971e-24, 1.65434513234e-23, 1.1713895767e-23, 1.07339348852e-23, 9.38015411964e-24, 1.21985553411e-23, 8.61442656047e-24, 8.22582105678e-24, 1.32336157905e-23, 1.1482690102e-23, 8.79832660355e-24, 1.60179279656e-23, 1.33770630464e-23, 7.39857023561e-24, 1.05665141464e-23], "var": [0.000554554921109, 0.000330100941937, 5.24422512171e-06, 6.2381815269e-07, 5.27913130099e-07, 2.52003246715e-07, 2.1049879706e-07, 2.55878603639e-07, 6.39775734612e-08, 1.12321501433e-07, 1.97863343487e-08, 7.53526592234e-08, 1.30327366676e-08, 3.1991571614e-09, 1.5772272377e-07, 1.43712497902e-07, 9.21696141631e-09, 3.69426778057e-09, 4.24653423536e-09, 1.89391013983e-09, 1.19957133116e-09, 8.44369796305e-10, 3.42691597321e-10, 1.40041922503e-10, 4.00472738304e-10, 2.07986586287e-10, 1.62141924887e-10, 5.40665359705e-11, 4.79023244682e-11, 4.17584716805e-11, 2.75745225264e-11, 1.33958552584e-10, 8.46378384045e-11, 3.79683437468e-11, 2.77960692657e-11, 2.28280259279e-11, 1.87501264515e-11, 1.80608340783e-11, 2.59193621427e-11, 2.06999226787e-11]}, "mfcc": {"mean": [-701.193847656, 141.346237183, 13.9160394669, 22.7455921173, 9.97511863708, 7.17595386505, 3.69623112679, 4.65536403656, 4.4967045784, 4.29117822647, 17.085477829, 17.2534885406, 10.2441549301], "cov": [[14999.3447266, -773.687194824, 561.032348633, 191.658569336, 510.793212891, 872.503417969, 380.247528076, 226.928833008, 291.047363281, 269.12890625, 200.552947998, -95.0074920654, -175.809677124], [-773.687194824, 3851.67211914, 170.009933472, 390.712585449, 132.291595459, -10.5287227631, 263.905517578, 228.409576416, -94.2494659424, -150.052032471, 36.5856781006, 46.4754981995, -4.90488290787], [561.032348633, 170.009933472, 771.614624023, 196.425842285, 77.3442459106, 138.945480347, 202.409713745, 48.5429992676, -4.82618761063, -26.3919754028, -42.9991989136, -39.5046768188, -38.8815155029], [191.658569336, 390.712585449, 196.425842285, 559.028564453, 64.3374404907, 56.2812423706, 123.487854004, 105.298652649, -38.330280304, 12.4823207855, -41.0288505554, -36.683052063, 1.783634305], [510.793212891, 132.291595459, 77.3442459106, 64.3374404907, 406.126495361, 185.894546509, 75.8384399414, -16.4280014038, -0.798615336418, 11.7197780609, -21.6687412262, -41.8814125061, -35.9449539185], [872.503417969, -10.5287227631, 138.945480347, 56.2812423706, 185.894546509, 286.550445557, 132.18132019, 35.2541618347, 0.734924197197, 7.91967439651, -22.4455032349, -66.4057998657, -60.8727722168], [380.247528076, 263.905517578, 202.409713745, 123.487854004, 75.8384399414, 132.18132019, 304.877075195, 66.0829086304, -38.2532196045, -9.09345626831, -4.742664814, -40.8075561523, -61.4157066345], [226.928833008, 228.409576416, 48.5429992676, 105.298652649, -16.4280014038, 35.2541618347, 66.0829086304, 199.27142334, 28.3880310059, -19.7558174133, 2.58166503906, -15.0050163269, -12.5034103394], [291.047363281, -94.2494659424, -4.82618761063, -38.330280304, -0.798615336418, 0.734924197197, -38.2532196045, 28.3880310059, 175.364074707, 57.8179016113, 19.4075737, 22.3754444122, -1.77213084698], [269.12890625, -150.052032471, -26.3919754028, 12.4823207855, 11.7197780609, 7.91967439651, -9.09345626831, -19.7558174133, 57.8179016113, 197.0105896, 35.090473175, -38.3417243958, -10.6649618149], [200.552947998, 36.5856781006, -42.9991989136, -41.0288505554, -21.6687412262, -22.4455032349, -4.742664814, 2.58166503906, 19.4075737, 35.090473175, 146.879592896, 97.0221939087, 10.0059919357], [-95.0074920654, 46.4754981995, -39.5046768188, -36.683052063, -41.8814125061, -66.4057998657, -40.8075561523, -15.0050163269, 22.3754444122, -38.3417243958, 97.0221939087, 199.411880493, 82.5094299316], [-175.809677124, -4.90488290787, -38.8815155029, 1.783634305, -35.9449539185, -60.8727722168, -61.4157066345, -12.5034103394, -1.77213084698, -10.6649618149, 10.0059919357, 82.5094299316, 152.571716309]], "icov": [[8.99039150681e-05, 2.05392188946e-05, -2.7171741749e-05, -1.81301184057e-05, -2.98179475067e-06, -0.000257161824265, 1.77929939582e-06, -4.79725349578e-05, -0.000109418047941, -3.00156225421e-05, -0.000188756879652, 4.91466198582e-05, -2.65427606791e-05], [2.05392188946e-05, 0.000331047893269, 4.32908836956e-06, -0.000151336978888, -0.000200128837605, 0.000226657619351, -0.000231031473959, -0.000285079615423, 5.14945750183e-05, 0.000226801887038, -0.000225434429012, 2.55177546933e-05, -1.84598357009e-05], [-2.7171741749e-05, 4.32908836956e-06, 0.00172799103893, -0.000441481824964, 0.000122130528325, -0.000358197459718, -0.000922570703551, 0.000291787087917, -0.000383796461392, 0.000319518672768, 0.000383589795092, -9.38968005357e-05, -3.74429237127e-06], [-1.81301184057e-05, -0.000151336978888, -0.000441481824964, 0.00251640030183, -0.000322943960782, 0.000237895757891, -0.000337384204613, -0.00127404532395, 0.000880637089722, -0.000994914211333, 0.00107364368159, -0.000449933228083, -0.000275478640106], [-2.98179475067e-06, -0.000200128837605, 0.000122130528325, -0.000322943960782, 0.00380399473943, -0.00265953806229, 0.000149642248289, 0.00113256333862, -0.000280922802631, -8.53461388033e-05, 0.000246053736191, -7.7842414612e-05, 2.99119765259e-05], [-0.000257161824265, 0.000226657619351, -0.000358197459718, 0.000237895757891, -0.00265953806229, 0.00745774805546, -0.00186233595014, -0.000778770830948, 8.34538241179e-06, 0.000357177254045, 0.000154626948643, 0.00102057808544, 0.000615323893726], [1.77929939582e-06, -0.000231031473959, -0.000922570703551, -0.000337384204613, 0.000149642248289, -0.00186233595014, 0.00562148354948, -0.00103622826282, 0.00141561869532, -0.000425685284426, -0.000282932887785, -0.000414953741711, 0.00146326050162], [-4.79725349578e-05, -0.000285079615423, 0.000291787087917, -0.00127404532395, 0.00113256333862, -0.000778770830948, -0.00103622826282, 0.00723382784054, -0.00243646698073, 0.0019260084955, -0.00155696994625, 0.00183964776807, -0.00062980299117], [-0.000109418047941, 5.14945750183e-05, -0.000383796461392, 0.000880637089722, -0.000280922802631, 8.34538241179e-06, 0.00141561869532, -0.00243646698073, 0.00806571356952, -0.00329491635785, 0.00191904057283, -0.00299213617109, 0.00143041391857], [-3.00156225421e-05, 0.000226801887038, 0.000319518672768, -0.000994914211333, -8.53461388033e-05, 0.000357177254045, -0.000425685284426, 0.0019260084955, -0.00329491635785, 0.0083093745634, -0.00498722726479, 0.00506769260392, -0.00169627962168], [-0.000188756879652, -0.000225434429012, 0.000383589795092, 0.00107364368159, 0.000246053736191, 0.000154626948643, -0.000282932887785, -0.00155696994625, 0.00191904057283, -0.00498722726479, 0.0146978534758, -0.00968661811203, 0.00368682015687], [4.91466198582e-05, 2.55177546933e-05, -9.38968005357e-05, -0.000449933228083, -7.7842414612e-05, 0.00102057808544, -0.000414953741711, 0.00183964776807, -0.00299213617109, 0.00506769260392, -0.00968661811203, 0.0138690164313, -0.00613412680104], [-2.65427606791e-05, -1.84598357009e-05, -3.74429237127e-06, -0.000275478640106, 2.99119765259e-05, 0.000615323893726, 0.00146326050162, -0.00062980299117, 0.00143041391857, -0.00169627962168, 0.00368682015687, -0.00613412680104, 0.0102888662368]]}, "spectral_contrast_coeffs": {"dmean": [0.0484524741769, 0.0449382141232, 0.0402843803167, 0.0342206060886, 0.0271274056286, 0.0230319388211], "dmean2": [0.0814545378089, 0.0697779506445, 0.0610966458917, 0.0539944246411, 0.0436106398702, 0.0378718525171], "dvar": [0.00170608982444, 0.00173370994162, 0.00153905339539, 0.00102734495886, 0.000770407321397, 0.000561492517591], "dvar2": [0.00453276699409, 0.00407251995057, 0.00323377619497, 0.00222902372479, 0.00187731883489, 0.00134308007546], "max": [-0.409716308117, -0.390879511833, -0.422852277756, -0.467527419329, -0.53911703825, -0.639922499657], "mean": [-0.693048238754, -0.684472024441, -0.710555374622, -0.757304728031, -0.77634614706, -0.776781916618], "median": [-0.693923413754, -0.685941696167, -0.712758600712, -0.763017714024, -0.782413244247, -0.779854655266], "min": [-0.966816544533, -0.978549301624, -0.991149067879, -0.968036472797, -0.958550155163, -0.964102327824], "var": [0.0060504367575, 0.00761352665722, 0.00912841688842, 0.0056125591509, 0.00292379758321, 0.0023617153056]}, "spectral_contrast_valleys": {"dmean": [0.443225443363, 0.378509819508, 0.475610762835, 0.45974829793, 0.491953223944, 0.648577809334], "dmean2": [0.711730897427, 0.591973543167, 0.687449753284, 0.638908982277, 0.648529887199, 0.819397807121], "dvar": [0.222398743033, 0.204893872142, 0.305012285709, 0.291738420725, 0.421152859926, 0.682037115097], "dvar2": [0.43226096034, 0.408327192068, 0.568084716797, 0.510900616646, 0.7836313247