{"lowlevel": {"average_loudness": 0.0336523652077, "barkbands_crest": {"dmean": 2.10600829124, "dmean2": 3.61995029449, "dvar": 4.60025978088, "dvar2": 13.7043848038, "max": 26.8130111694, "mean": 11.3365097046, "median": 9.8668384552, "min": 3.52463364601, "var": 25.8010997772}, "barkbands_flatness_db": {"dmean": 0.0161558128893, "dmean2": 0.0278567522764, "dvar": 0.000347946799593, "dvar2": 0.000883275701199, "max": 0.499792873859, "mean": 0.219071850181, "median": 0.214145332575, "min": 0.036518227309, "var": 0.00813565496355}, "barkbands_kurtosis": {"dmean": 2.66555714607, "dmean2": 4.47854089737, "dvar": 68.3967132568, "dvar2": 155.167709351, "max": 274.761352539, "mean": 5.53766012192, "median": 2.48051905632, "min": -1.74497687817, "var": 144.157012939}, "barkbands_skewness": {"dmean": 0.401780545712, "dmean2": 0.660497426987, "dvar": 0.299346596003, "dvar2": 0.679820477962, "max": 16.5039157867, "mean": 0.947685778141, "median": 0.914271295071, "min": -2.34252285957, "var": 2.67542886734}, "barkbands_spread": {"dmean": 2.42097854614, "dmean2": 4.07964992523, "dvar": 21.9092178345, "dvar2": 60.7784156799, "max": 124.295440674, "mean": 12.7516775131, "median": 10.5063800812, "min": 0.309107452631, "var": 97.2607727051}, "dissonance": {"dmean": 0.0322816260159, "dmean2": 0.0544877611101, "dvar": 0.00113699038047, "dvar2": 0.0031888410449, "max": 0.499998807907, "mean": 0.417224496603, "median": 0.426482617855, "min": 0.163897424936, "var": 0.00373029569164}, "dynamic_complexity": 13.4121961594, "erbbands_crest": {"dmean": 2.3379547596, "dmean2": 3.91141629219, "dvar": 5.77715063095, "dvar2": 16.529882431, "max": 32.4119796753, "mean": 12.7589197159, "median": 12.1084728241, "min": 2.46521425247, "var": 41.0903549194}, "erbbands_flatness_db": {"dmean": 0.0127679081634, "dmean2": 0.0210812799633, "dvar": 0.000167512946064, "dvar2": 0.000420715135988, "max": 0.470878869295, "mean": 0.251910686493, "median": 0.260568499565, "min": 0.0396904423833, "var": 0.00714303320274}, "erbbands_kurtosis": {"dmean": 1.17159879208, "dmean2": 1.90647685528, "dvar": 3.57080101967, "dvar2": 8.70557308197, "max": 33.5898857117, "mean": 1.86809813976, "median": 0.471069216728, "min": -1.62237155437, "var": 12.5500202179}, "erbbands_skewness": {"dmean": 0.329242885113, "dmean2": 0.527554750443, "dvar": 0.112537972629, "dvar2": 0.282724887133, "max": 4.5206952095, "mean": 0.359746336937, "median": 0.257047832012, "min": -3.38772749901, "var": 1.47887253761}, "erbbands_spread": {"dmean": 3.02464723587, "dmean2": 4.99767923355, "dvar": 11.461771965, "dvar2": 29.4527683258, "max": 85.4759216309, "mean": 19.7458057404, "median": 17.0321884155, "min": 1.50418281555, "var": 119.95173645}, "hfc": {"dmean": 1.0574028492, "dmean2": 1.59504842758, "dvar": 14.5926189423, "dvar2": 29.7688140869, "max": 92.819732666, "mean": 4.05260848999, "median": 0.454037696123, "min": 1.08111195807e-16, "var": 97.0439147949}, "melbands_crest": {"dmean": 2.37363767624, "dmean2": 4.03048276901, "dvar": 5.88357639313, "dvar2": 17.3073253632, "max": 39.8829841614, "mean": 12.2432260513, "median": 11.4593906403, "min": 1.53194272518, "var": 35.4270172119}, "melbands_flatness_db": {"dmean": 0.0168228950351, "dmean2": 0.0288472641259, "dvar": 0.000390003144275, "dvar2": 0.000968349573668, "max": 0.619992017746, "mean": 0.287947416306, "median": 0.297516822815, "min": 0.00291930139065, "var": 0.0163315664977}, "melbands_kurtosis": {"dmean": 3.15313625336, "dmean2": 5.19139623642, "dvar": 177.95098877, "dvar2": 383.006286621, "max": 501.739379883, "mean": 6.60652494431, "median": 3.21728253365, "min": -1.7539857626, "var": 311.561523438}, "melbands_skewness": {"dmean": 0.403566390276, "dmean2": 0.661194384098, "dvar": 0.374760389328, "dvar2": 0.78639870882, "max": 21.7944717407, "mean": 1.46728932858, "median": 1.32052886486, "min": -0.557271778584, "var": 1.88931441307}, "melbands_spread": {"dmean": 4.13833761215, "dmean2": 6.84254264832, "dvar": 39.529006958, "dvar2": 94.1752471924, "max": 168.852310181, "mean": 28.5584087372, "median": 13.9509134293, "min": 0.69975310564, "var": 1500.68139648}, "pitch_salience": {"dmean": 0.0474506244063, "dmean2": 0.0790999159217, "dvar": 0.00244444725104, "dvar2": 0.00661655981094, "max": 0.973809063435, "mean": 0.520672738552, "median": 0.504893004894, "min": 0.00999847892672, "var": 0.0202956292778}, "silence_rate_20dB": {"dmean": 0, "dmean2": 0, "dvar": 0, "dvar2": 0, "max": 1, "mean": 1, "median": 1, "min": 1, "var": 0}, "silence_rate_30dB": {"dmean": 0.00456881802529, "dmean2": 0.00914285704494, "dvar": 0.00454802205786, "dvar2": 0.00905951019377, "max": 1, "mean": 0.994292259216, "median": 1, "min": 0, "var": 0.00567507790402}, "silence_rate_60dB": {"dmean": 0.0137064531446, "dmean2": 0.0274285711348, "dvar": 0.0135183157399, "dvar2": 0.0301043707877, "max": 1, "mean": 0.738584458828, "median": 1, "min": 0, "var": 0.19307513535}, "spectral_centroid": {"dmean": 132.60899353, "dmean2": 226.336074829, "dvar": 94267.6171875, "dvar2": 191998.09375, "max": 11899.9755859, "mean": 1868.13439941, "median": 705.242553711, "min": 224.035812378, "var": 10005436}, "spectral_complexity": {"dmean": 0.579097688198, "dmean2": 1.01257145405, "dvar": 0.728031098843, "dvar2": 1.73472595215, "max": 18, "mean": 4.09417819977, "median": 4, "min": 0, "var": 15.7747182846}, "spectral_decrease": {"dmean": 5.41972633439e-10, "dmean2": 8.99784358133e-10, "dvar": 3.20905525141e-18, "dvar2": 8.15279799644e-18, "max": 5.59220722372e-28, "mean": -2.07849604195e-09, "median": -1.9059874512e-10, "min": -3.93637158425e-08, "var": 2.4256810074e-17}, "spectral_energy": {"dmean": 0.00213896203786, "dmean2": 0.00353519408964, "dvar": 4.989750596e-05, "dvar2": 0.000125809514429, "max": 0.154846429825, "mean": 0.00821229442954, "median": 0.000759609800298, "min": 9.97741862128e-21, "var": 0.000376886397135}, "spectral_energyband_high": {"dmean": 2.47003777076e-06, "dmean2": 3.31046362589e-06, "dvar": 3.21951049154e-10, "dvar2": 6.59709120665e-10, "max": 0.000496052496601, "mean": 4.37219523519e-06, "median": 4.57090095551e-07, "min": 7.1895792345e-21, "var": 6.9382138923e-10}, "spectral_energyband_low": {"dmean": 6.86591665726e-05, "dmean2": 0.000115447866847, "dvar": 3.44735298086e-08, "dvar2": 9.54448893253e-08, "max": 0.00494235055521, "mean": 0.000210343016079, "median": 6.30770373391e-05, "min": 1.43815448805e-23, "var": 2.53636727621e-07}, "spectral_energyband_middle_high": {"dmean": 0.000352176750312, "dmean2": 0.000454481196357, "dvar": 5.19103514307e-06, "dvar2": 7.41931989978e-06, "max": 0.076244585216, "mean": 0.00118785910308, "median": 0.000106671606773, "min": 1.11919899675e-21, "var": 2.6639778298e-05}, "spectral_energyband_middle_low": {"dmean": 0.00190174893942, "dmean2": 0.00327884498984, "dvar": 4.34727480751e-05, "dvar2": 0.000116009534395, "max": 0.147938683629, "mean": 0.00712057156488, "median": 0.000454125518445, "min": 1.72914094752e-22, "var": 0.000309149239911}, "spectral_entropy": {"dmean": 0.120186559856, "dmean2": 0.208477690816, "dvar": 0.0205915179104, "dvar2": 0.0561250336468, "max": 9.82559585571, "mean": 6.55085086823, "median": 6.24393606186, "min": 4.31875276566, "var": 1.61184132099}, "spectral_flux": {"dmean": 0.00636297091842, "dmean2": 0.0105498675257, "dvar": 0.000305604567984, "dvar2": 0.000839563086629, "max": 0.273944288492, "mean": 0.0173748936504, "median": 0.00908176973462, "min": 6.12220343865e-11, "var": 0.000753618136514}, "spectral_kurtosis": {"dmean": 9.17172336578, "dmean2": 15.752986908, "dvar": 174.551727295, "dvar2": 471.991394043, "max": 254.697387695, "mean": 27.1692657471, "median": 16.8316192627, "min": -1.2615634203, "var": 899.100646973}, "spectral_rms": {"dmean": 0.000224457326112, "dmean2": 0.000371549685951, "dvar": 2.54276443457e-07, "dvar2": 6.06826972671e-07, "max": 0.0122910412028, "mean": 0.00169866182841, "median": 0.000860861269757, "min": 3.1199465754e-12, "var": 5.12655105922e-06}, "spectral_rolloff": {"dmean": 184.378479004, "dmean2": 326.491851807, "dvar": 354989.5, "dvar2": 656491.5625, "max": 19853.6132812, "mean": 2857.48681641, "median": 990.52734375, "min": 21.533203125, "var": 30352208}, "spectral_skewness": {"dmean": 0.595294415951, "dmean2": 1.0204359293, "dvar": 0.525417387486, "dvar2": 1.45489048958, "max": 12.3759174347, "mean": 3.34519553185, "median": 3.03332662582, "min": -0.100954808295, "var": 4.21154785156}, "spectral_spread": {"dmean": 367341.8125, "dmean2": 638674.3125, "dvar": 1138540150780.0, "dvar2": 2290827919360.0, "max": 42987568, "mean": 6137957, "median": 2133786.75, "min": 359960.28125, "var": 138927839117000.0}, "spectral_strongpeak": {"dmean": 0.193840160966, "dmean2": 0.324903786182, "dvar": 0.240708917379, "dvar2": 0.529319405556, "max": 9.98453426361, "mean": 0.737219154835, "median": 0.196988627315, "min": 0, "var": 1.25161397457}, "zerocrossingrate": {"dmean": 0.00495531549677, "dmean2": 0.00719056930393, "dvar": 0.000198151203222, "dvar2": 0.000345750682754, "max": 0.52880859375, "mean": 0.0849522948265, "median": 0.03271484375, "min": 0, "var": 0.020883385092}, "barkbands": {"dmean": [3.81365339308e-06, 3.8092432078e-05, 1.10027403935e-05, 0.000164274897543, 0.00025421846658, 0.00127492379397, 0.000342015031492, 0.000346604268998, 0.000100389072031, 0.000129222258693, 0.000263413036009, 1.53499477165e-05, 1.80548122444e-05, 3.35945769621e-05, 3.80159508495e-05, 2.08531928365e-05, 1.6951616999e-06, 5.58460840239e-07, 2.72889138841e-07, 9.28540316636e-07, 7.44649568674e-08, 6.59981935769e-07, 6.86619117118e-08, 7.07496042196e-07, 9.8607961263e-07, 2.10162998115e-08, 6.87861190229e-09], "dmean2": [6.43345447315e-06, 6.26743494649e-05, 1.92336974578e-05, 0.000257699837675, 0.000429898500443, 0.00232826522551, 0.000504152383655, 0.000563722336665, 0.000148480787175, 0.000178389222128, 0.000327107089106, 2.14695828618e-05, 2.54504575423e-05, 4.69218539365e-05, 5.40315340913e-05, 3.1472012779e-05, 2.79151709037e-06, 8.43643704229e-07, 4.40638586952e-07, 1.5751166984e-06, 1.24330796325e-07, 9.56598114499e-07, 9.53298311401e-08, 1.08206779714e-06, 1.13232931653e-06, 3.26733662348e-08, 1.05671613682e-08], "dvar": [3.66152143327e-11, 3.69444719261e-09, 1.62461644138e-09, 3.61974514362e-07, 1.15244608878e-06, 2.95139107038e-05, 4.54355995316e-06, 5.45528746443e-06, 5.25961638687e-07, 7.26061614387e-07, 4.12824056184e-06, 9.33468680131e-09, 3.9321061962e-09, 1.06313123638e-07, 2.72975064775e-08, 2.9794936296e-08, 1.7499637156e-11, 1.52935338005e-11, 5.43458019472e-13, 6.76709122766e-12, 2.21011089204e-14, 4.3741690825e-11, 3.25720760043e-13, 8.67912269831e-11, 1.10105369266e-10, 7.30331322762e-14, 9.7298827117e-15], "dvar2": [9.88446616224e-11, 9.64115720592e-09, 4.6197148329e-09, 9.19734418403e-07, 3.45345074493e-06, 8.45922331791e-05, 7.97571829025e-06, 1.48314329635e-05, 1.01953617104e-06, 1.27854093535e-06, 5.6986468735e-06, 1.41931639774e-08, 6.97811319839e-09, 2.37994939312e-07, 5.16903782e-08, 5.46433049919e-08, 4.33213187545e-11, 3.58226608099e-11, 1.23047882647e-12, 1.57677915863e-11, 4.66460773002e-14, 9.54499049244e-11, 5.44715965042e-13, 2.15083104105e-10, 1.66310132332e-10, 1.53963444099e-13, 1.87334753287e-14], "max": [0.000100985329482, 0.00104877119884, 0.00105245178565, 0.0205963477492, 0.0280757863075, 0.1068334952, 0.0639122053981, 0.0552165731788, 0.0199488420039, 0.0253919176757, 0.0681291818619, 0.00261351582594, 0.00169895309955, 0.0110955415294, 0.00565391220152, 0.00676603335887, 0.000127942243125, 0.000101257915958, 2.10179405258e-05, 7.45711804484e-05, 3.84871509596e-06, 0.00017911643954, 1.81744417205e-05, 0.00033812361653, 0.000389760563849, 8.37086008687e-06, 3.17941476169e-06], "mean": [5.57433440918e-06, 6.49058711133e-05, 1.48079207065e-05, 0.000651653914247, 0.00066279922612, 0.00367569411173, 0.000647577166092, 0.000868087925483, 0.000220646557864, 0.000415739603341, 0.000587388989516, 4.02846089855e-05, 4.35234396718e-05, 7.34825080144e-05, 0.000157223359565, 7.2585309681e-05, 3.06342781187e-06, 1.09749851163e-06, 5.85573843637e-07, 1.44806335811e-06, 1.88715617355e-07, 9.74664772002e-07, 1.22134807157e-07, 1.06867560135e-06, 1.75460206719e-06, 2.52062619666e-08, 8.1714324196e-09], "median": [2.54199744631e-06, 3.41155646311e-05, 3.67489769815e-06, 2.59282714978e-05, 4.11648798035e-05, 0.000131075154059, 3.13492309942e-05, 2.93450902973e-05, 1.29115951495e-05, 1.20971708384e-05, 1.80532242666e-05, 1.31736771891e-06, 4.41608062829e-06, 3.34319156536e-06, 5.07722324983e-06, 1.37031497616e-06, 1.69433405972e-06, 2.37837809891e-07, 2.28162036819e-07, 8.05754325484e-07, 9.96103892703e-08, 5.15928491041e-08, 2.04099563916e-08, 1.15648617793e-07, 9.52751122441e-09, 1.49997658738e-09, 6.43067876727e-10], "min": [9.43699756293e-26, 2.23018235426e-24, 8.50444416471e-25, 1.09556746137e-24, 6.18140676823e-24, 8.20512213549e-24, 8.12831706004e-24, 6.36723794281e-24, 1.05900308788e-23, 1.45475811684e-23, 1.43941429892e-23, 1.72102438922e-23, 1.27716115127e-23, 2.15236122596e-23, 4.19104980429e-23, 4.82550948889e-23, 6.1664815199e-23, 5.76892717811e-23, 1.18766379295e-22, 1.72069950474e-22, 2.10168221395e-22, 2.80649800454e-22, 3.62317502881e-22, 5.74581443711e-22, 8.76723197859e-22, 1.16769801374e-21, 1.77828079724e-21], "var": [6.9129625635e-11, 8.76646044645e-09, 2.20849027954e-09, 4.70400527774e-06, 5.24005417901e-06, 0.000140567528433, 1.30221596919e-05, 1.71216124727e-05, 1.36071469115e-06, 4.11341306972e-06, 1.49320985656e-05, 3.99338553336e-08, 1.98012379826e-08, 1.42589712482e-07, 2.48677991976e-07, 1.34497625481e-07, 4.58881023457e-11, 3.01676912617e-11, 1.45407134684e-12, 1.15254099667e-11, 1.04054067337e-13, 6.42368935821e-11, 6.66100150298e-13, 1.16598411481e-10, 2.98989166758e-10, 9.28333337936e-14, 1.33156281343e-14]}, "erbbands": {"dmean": [0.00137993169483, 0.00822037644684, 0.0166142433882, 0.222221434116, 0.984278142452, 1.01529216766, 4.08542156219, 13.11236763, 2.531072855, 12.1700153351, 2.85611271858, 2.57554030418, 5.14105558395, 2.73108100891, 9.2155122757, 0.958042740822, 0.897516846657, 1.81739318371, 0.412929952145, 3.23820185661, 0.609219312668, 0.0785949081182, 0.0416292883456, 0.0219425223768, 0.0164398178458, 0.0552639700472, 0.00495677534491, 0.0155959418043, 0.0229157097638, 0.00120194430929, 0.00377935031429, 0.0141618428752, 0.00952008925378, 0.00453874142841, 0.0106065599248, 0.000328790047206, 4.49658400612e-05, 1.69061968336e-05, 2.6672526019e-06, 2.43786962528e-06], "dmean2": [0.00218826415949, 0.0136604234576, 0.0276690106839, 0.35958814621, 1.61217343807, 1.76029372215, 7.14159822464, 24.3606834412, 4.13229036331, 19.1630001068, 4.51978302002, 3.61640048027, 7.06436252594, 3.64967036247, 11.4220790863, 1.18441355228, 1.23701548576, 2.52815532684, 0.588027358055, 4.58742332458, 0.892711818218, 0.123187169433, 0.0651956945658, 0.0344748310745, 0.0266534332186, 0.0939664840698, 0.00795880146325, 0.0238313917071, 0.0329429470003, 0.0017359914491, 0.00554512441158, 0.0220762658864, 0.0139851476997, 0.00543170562014, 0.0119773885235, 0.000408339605201, 6.69890869176e-05, 2.59638090938e-05, 4.17123965235e-06, 3.98600013796e-06], "dvar": [4.53047641713e-06, 0.000219885245315, 0.00279817334376, 0.637288451195, 17.0116767883, 21.4106140137, 312.455047607, 2879.22338867, 237.237884521, 4667.41992188, 302.491394043, 337.516845703, 1164.44030762, 478.216705322, 4730.48925781, 34.2773361206, 9.58938503265, 299.998779297, 9.40946578979, 193.623626709, 24.4744052887, 0.06796746701, 0.0267903078347, 0.0112256575376, 0.00124711310491, 0.0232148580253, 0.000805538380519, 0.0222901888192, 0.0448687113822, 7.89219338913e-05, 0.000635261123534, 0.0161054730415, 0.0286208465695, 0.00233831419609, 0.0125998081639, 8.7094549599e-06, 3.33974128353e-07, 5.27600008127e-08, 6.67765176487e-10, 6.44022543628e-11], "dvar2": [1.15891443784e-05, 0.000568293326069, 0.0076170922257, 1.61207425594, 51.5911750793, 66.3365783691, 702.790527344, 9213.44628906, 574.198120117, 10189.3867188, 788.696716309, 596.094848633, 2072.08837891, 708.909851074, 6712.47607422, 48.9958763123, 16.8012638092, 675.088439941, 20.508430481, 380.592193604, 43.3818893433, 0.152343377471, 0.0636954978108, 0.0255968458951, 0.00275378697552, 0.0544723458588, 0.00185895431787, 0.0523880496621, 0.0908723399043, 0.000146813661559, 0.00127055717167, 0.0414274148643, 0.0696524009109, 0.0036533747334, 0.0189035702497, 1.55118887051e-05, 6.77757384437e-07, 1.06923742749e-07, 1.26182264637e-09, 1.59200555516e-10], "max": [0.0298751629889, 0.27439469099, 1.24697899818, 26.9383544922, 93.7964019775, 96.0991363525, 430.759490967, 878.981018066, 346.965240479, 1437.3996582, 391.851043701, 500.22869873, 989.09197998, 808.138122559, 2055.59765625, 166.820922852, 87.2719192505, 588.176269531, 104.644363403, 420.80078125, 198.439559937, 6.61941623688, 4.11002445221, 2.51866650581, 0.780446767807, 4.53893280029, 0.799050092697, 4.20885419846, 5.0684261322, 0.276055127382, 0.625417172909, 3.38719654083, 6.35592794418, 1.76583278179, 4.20052957535, 0.101428054273, 0.0177546460181, 0.00707932375371, 0.000831036071759, 0.00017378773191], "mean": [0.00231476826593, 0.0125587638468, 0.036240119487, 0.85835236311, 2.91526174545, 2.31402301788, 14.1174077988, 30.9430179596, 7.58583068848, 25.711479187, 7.53611898422, 6.47070121765, 16.570854187, 7.11583042145, 20.5082530975, 2.89894509315, 2.41068673134, 4.07415723801, 1.22243702412, 13.2233991623, 2.47251558304, 0.194075852633, 0.0858477726579, 0.0463678091764, 0.0342819727957, 0.0863292962313, 0.00965414382517, 0.025888402015, 0.0353559441864, 0.00232286681421, 0.006572348997, 0.0213964488357, 0.0135308522731, 0.00825900956988, 0.0187430176884, 0.000551751814783, 6.23906380497e-05, 2.08499332075e-05, 6.111060884e-06, 9.33608225751e-06], "median": [0.00112226582132, 0.00616993382573, 0.00877902656794, 0.0388886332512, 0.108006775379, 0.150786787271, 0.538802862167, 1.15422964096, 0.528570771217, 0.946675777435, 0.341631829739, 0.395668268204, 0.480680167675, 0.27325078845, 0.750204384327, 0.180165201426, 0.251494169235, 0.205766245723, 0.137479126453, 0.353096187115, 0.0738426744938, 0.0810274034739, 0.041876077652, 0.0150451883674, 0.0188407134265, 0.0498100072145, 0.00504600070417, 0.00589197175577, 0.00207734666765, 0.000757965841331, 0.00123455468565, 0.00419659633189, 0.000275631842669, 0.000133477340569, 6.61434460199e-05, 1.11515782919e-05, 3.29635213348e-06, 6.75432033859e-07, 5.21214815308e-07, 8.94508161764e-07], "min": [4.44090098564e-23, 6.4413186398e-22, 2.84707630269e-21, 5.34633729419e-21, 1.10033075656e-20, 1.96434247446e-20, 5.55758355144e-20, 7.47605385261e-20, 7.14881926358e-20, 1.72773356716e-19, 2.15898172382e-19, 2.70377037157e-19, 4.72015779001e-19, 7.06977621069e-19, 7.57814176963e-19, 1.11048345831e-18, 8.592248657e-19, 1.45627049355e-18, 2.22894920952e-18, 2.73963501008e-18, 3.71848621897e-18, 3.58069984921e-18, 4.32822586391e-18, 5.5484719502e-18, 7.75161126345e-18, 7.11601477975e-18, 8.5376495667e-18, 1.0968921157e-17, 1.12391312846e-17, 1.08905383493e-17, 1.12215363258e-17, 1.03244663961e-17, 8.95142681579e-18, 8.17490770703e-18, 6.33657158753e-18, 4.14465339288e-18, 2.00727183639e-18, 9.369619555e-19, 2.39880568183e-19, 2.52671817757e-20], "var": [1.12350680865e-05, 0.00045810858137, 0.00878082681447, 7.94208955765, 86.4352645874, 67.4965667725, 2034.40209961, 9786.953125, 736.596435547, 13122.6035156, 927.818664551, 994.94140625, 6414.30517578, 2052.40454102, 15710.5009766, 141.700271606, 54.7381134033, 412.197174072, 16.4317893982, 1634.14477539, 123.875282288, 0.220640957355, 0.0604804866016, 0.0229949317873, 0.0039282143116, 0.0388579778373, 0.000914829259273, 0.0285945069045, 0.0722927749157, 0.000137819282827, 0.00110849563498, 0.0211467724293, 0.0373191796243, 0.0062887314707, 0.034355469048, 2.19458652282e-05, 4.81819938614e-07, 7.00980962165e-08, 1.11875431141e-09, 4.85175177811e-10]}, "gfcc": {"mean": [-353.069519043, 150.056732178, -110.710083008, -0.93979871273, -47.3839683533, -1.17142188549, -33.7993888855, -7.67709875107, -10.8520517349, -5.75801515579, -0.666149318218, -7.65589380264, 9.0321855545], "cov": [[90185.421875, 16994.4960938, -11828.0625, -1618.11462402, -5231.59814453, -616.833740234, -3656.69238281, -1226.88208008, -628.987548828, -637.812561035, -169.138336182, -1254.30895996, 1244.49914551], [16994.4960938, 3978.88330078, -1984.78442383, -397.34475708, -1112.8302002, -376.053161621, -535.560119629, -475.725830078, -140.065048218, -271.171844482, 145.046951294, -192.729309082, 160.348358154], [-11828.0625, -1984.78442383, 2002.37072754, 36.8386611938, 625.664672852, -49.2841491699, 475.016906738, 29.6559257507, 24.3936595917, 8.22044467926, 75.7521972656, 144.650085449, -198.633956909], [-1618.11462402, -397.34475708, 36.8386611938, 524.663146973, 117.524780273, 58.548740387, 31.2238121033, 140.840713501, -25.4942970276, 62.6183891296, 18.9958839417, 33.0110397339, -34.5911560059], [-5231.59814453, -1112.8302002, 625.664672852, 117.524780273, 487.467102051, 118.342102051, 123.570663452, 111.142448425, 35.2369270325, 51.7842788696, -88.9193496704, 20.1927433014, -53.6501960754], [-616.833740234, -376.053161621, -49.2841491699, 58.548740387, 118.342102051, 282.335083008, -22.5366268158, 146.218704224, -19.4353466034, 23.2158279419, -97.3761749268, 6.12957668304, 30.407371521], [-3656.69238281, -535.560119629, 475.016906738, 31.2238121033, 123.570663452, -22.5366268158, 346.491119385, 21.9106674194, 47.2892417908, 8.76451206207, 74.5363464355, 96.9920578003, -59.5922966003], [-1226.88208008, -475.725830078, 29.6559257507, 140.840713501, 111.142448425, 146.218704224, 21.9106674194, 216.40802002, 12.0128107071, 63.6670379639, -50.9636230469, 4.01735544205, 29.085111618], [-628.987548828, -140.065048218, 24.3936595917, -25.4942970276, 35.2369270325, -19.4353466034, 47.2892417908, 12.0128107071, 167.359191895, 45.1202850342, 6.34343481064, 22.1437301636, 16.1938438416], [-637.812561035, -271.171844482, 8.22044467926, 62.6183891296, 51.7842788696, 23.2158279419, 8.76451206207, 63.6670379639, 45.1202850342, 120.518684387, 22.1678104401, 13.4863262177, 14.298582077], [-169.138336182, 145.046951294, 75.7521972656, 18.9958839417, -88.9193496704, -97.3761749268, 74.5363464355, -50.9636230469, 6.34343481064, 22.1678104401, 180.544006348, 55.8136672974, -20.0237407684], [-1254.30895996, -192.729309082, 144.650085449, 33.0110397339, 20.1927433014, 6.12957668304, 96.9920578003, 4.01735544205, 22.1437301636, 13.4863262177, 55.8136672974, 134.234771729, 1.20942354202], [1244.49914551, 160.348358154, -198.633956909, -34.5911560059, -53.6501960754, 30.407371521, -59.5922966003, 29.085111618, 16.1938438416, 14.298582077, -20.0237407684, 1.20942354202, 102.343734741]], "icov": [[0.00040772659122, -0.000993650523014, 0.000755543529522, 0.000274814112345, 0.00107440934516, -0.000279779866105, 0.000962815247476, -0.000153957051225, 0.000315651821438, -0.000917371420655, 0.000703488301951, 0.000412550842157, -0.000380145618692], [-0.000993650523014, 0.00441843923181, -0.000596167519689, -0.000574796053115, -0.00116045668256, 0.00136258313432, -0.00185281271115, 0.00218874192797, -0.000507272663526, 0.00503452308476, -0.00329924584366, 0.000179653055966, -0.000175985420356], [0.000755543529522, -0.000596167519689, 0.00376109685749, 0.00114871805999, 0.000779471651185, 0.000740423391107, 0.00122042384464, 0.000317811151035, 0.00128893484361, 0.000615003111307, -0.000518965476658, 0.000768918311223, -0.000156932379468], [0.000274814112345, -0.000574796053115, 0.00114871805999, 0.00314766005613, -0.000327011483023, 0.000671574031003, 0.00092779204715, -0.00245340191759, 0.00108935963362, -0.00072695343988, -0.000510990037583, -0.000755949004088, 0.00155685935169], [0.00107440934516, -0.00116045668256, 0.000779471651185, -0.000327011483023, 0.0102490354329, -0.00202127662487, 0.00281850248575, 0.00136690994259, -4.21804288635e-05, -0.00262328283861, 0.00417291931808, 0.00263548339717, -0.00145993509796], [-0.000279779866105, 0.00136258313432, 0.000740423391107, 0.000671574031003, -0.00202127662487, 0.00779395736754, -0.000248411961365, -0.00380489835516, 0.00142941100057, 0.00210807984695, 0.000887995003723, -0.00219782092609, 0.000171747247805], [0.000962815247476, -0.00185281271115, 0.00122042384464, 0.00092779204715, 0.00281850248575, -0.000248411961365, 0.00808548834175, -0.00148471526336, -0.000587338581681, -0.000289064191747, -0.000219668116188, -0.00120592291933, 0.000663165468723], [-0.000153957051225, 0.00218874192797, 0.000317811151035, -0.00245340191759, 0.00136690994259, -0.00380489835516, -0.00148471526336, 0.0129178194329, -9.54168717726e-05, -0.000944325525779, -0.00013652582129, 0.00282586109824, -0.00437120348215], [0.000315651821438, -0.000507272663526, 0.00128893484361, 0.00108935963362, -4.21804288635e-05, 0.00142941100057, -0.000587338581681, -9.54168717726e-05, 0.00812781136483, -0.00329766492359, 0.00112709845416, -0.000531645084266, -0.00153394613881], [-0.000917371420655, 0.00503452308476, 0.000615003111307, -0.00072695343988, -0.00262328283861, 0.00210807984695, -0.000289064191747, -0.000944325525779, -0.00329766492359, 0.0191432833672, -0.00798289105296, 0.000660473597236, -0.00140860886313], [0.000703488301951, -0.00329924584366, -0.000518965476658, -0.000510990037583, 0.00417291931808, 0.000887995003723, -0.000219668116188, -0.00013652582129, 0.00112709845416, -0.00798289105296, 0.0136988591403, -0.00307209626772, 0.000922818726394], [0.000412550842157, 0.000179653055966, 0.000768918311223, -0.000755949004088, 0.00263548339717, -0.00219782092609, -0.00120592291933, 0.00282586109824, -0.000531645084266, 0.000660473597236, -0.00307209626772, 0.0127478782088, -0.00429180171341], [-0.000380145618692, -0.000175985420356, -0.000156932379468, 0.00155685935169, -0.00145993509796, 0.000171747247805, 0.000663165468723, -0.00437120348215, -0.00153394613881, -0.00140860886313, 0.000922818726394, -0.00429180171341, 0.0163737442344]]}, "melbands": {"dmean": [1.08765016194e-05, 8.70495205163e-06, 7.03512341715e-05, 5.58873798582e-05, 0.000140635442222, 0.00027273708838, 4.07024199376e-05, 0.000125942460727, 1.88120302482e-05, 1.45429821714e-05, 2.53912639891e-05, 8.58664225234e-06, 3.77897194994e-05, 4.8435726967e-06, 2.00828412744e-06, 1.46747561303e-06, 3.99410509999e-06, 5.88310797411e-07, 2.5667668524e-06, 3.71143642042e-06, 2.90801239089e-07, 7.30466140908e-08, 8.08628044524e-08, 3.57272469387e-08, 1.75090111298e-08, 1.13383524791e-08, 2.66944670813e-08, 3.42741302006e-08, 3.35480576652e-09, 1.51496148959e-09, 1.50210475169e-08, 1.92521554254e-08, 1.69200475852e-09, 1.87940107921e-10, 1.20325538422e-09, 6.57988197261e-09, 9.31431110018e-09, 1.11100364464e-08, 7.92086049528e-11, 4.59161197952e-09], "dmean2": [1.77715082827e-05, 1.43216802826e-05, 0.000112796427857, 9.21891551116e-05, 0.000247176154517, 0.000502846669406, 6.35843534837e-05, 0.000201015151106, 2.92424265353e-05, 2.02632527362e-05, 3.50596528733e-05, 1.16402816275e-05, 4.62628486275e-05, 6.57406144455e-06, 2.73711657428e-06, 2.0146519546e-06, 5.60074386158e-06, 8.27205781206e-07, 3.66540189134e-06, 5.33798674951e-06, 4.44109730324e-07, 1.18423578499e-07, 1.32997342916e-07, 5.5435737778e-08, 2.73364761938e-08, 1.83478192639e-08, 4.6045467883e-08, 5.78826693243e-08, 5.19705789515e-09, 2.50969423021e-09, 2.29158025888e-08, 2.80050169721e-08, 2.31474750478e-09, 3.27922800025e-10, 1.76159709042e-09, 1.00873602804e-08, 1.44679503933e-08, 1.62262594472e-08, 1.19323939618e-10, 5.56047696776e-09], "dvar": [2.69040928425e-10, 5.15674003498e-10, 7.1951916425e-08, 5.07764745805e-08, 2.99602646692e-07, 1.27774035263e-06, 6.93745292324e-08, 5.2974752407e-07, 1.30064821136e-08, 1.00055954633e-08, 2.8573571953e-08, 5.1025428327e-09, 8.86001600975e-08, 1.91512805614e-09, 5.11796334479e-11, 2.51956181613e-11, 1.57919732846e-09, 2.86578608066e-11, 1.2786360859e-10, 4.02788413734e-10, 6.95894687361e-12, 8.87753683499e-14, 1.42816954687e-14, 6.48856036717e-14, 5.54635606851e-15, 6.32727629429e-16, 5.25545192014e-15, 9.6016139714e-15, 1.01407102083e-15, 1.10112330997e-17, 2.4723905784e-14, 3.44900364237e-14, 3.9004067276e-16, 6.99479177117e-20, 7.81316359263e-17, 3.01383280006e-15, 1.14874379608e-14, 4.14032177954e-14, 4.84553355546e-19, 2.66424133867e-15], "dvar2": [7.18476833583e-10, 1.3350889283e-09, 2.04480613775e-07, 1.44924797496e-07, 7.11403572495e-07, 3.92531001125e-06, 1.46950213775e-07, 1.23893244108e-06, 3.1761477004e-08, 1.80331198862e-08, 5.0656023376e-08, 7.86822518251e-09, 1.19698697176e-07, 3.24530602391e-09, 8.32491853231e-11, 4.8087131499e-11, 3.55444673694e-09, 6.15841891372e-11, 2.53945725559e-10, 7.58469509421e-10, 1.16875172734e-11, 2.2239138699e-13, 3.35211899742e-14, 1.5497846062e-13, 1.24088810584e-14, 1.39397112102e-15, 1.22276363365e-14, 2.23961694595e-14, 2.336790895e-15, 2.30108246086e-17, 5.7735107385e-14, 7.15318307517e-14, 6.69427449451e-16, 2.00556492335e-19, 1.38774331128e-16, 7.49368693183e-15, 2.89733142263e-14, 1.00650295932e-13, 1.05326634136e-18, 4.19581243258e-15], "max": [0.000228349555982, 0.000513270962983, 0.00731787830591, 0.00648517441005, 0.0128721278161, 0.0198692250997, 0.00725166406482, 0.013610554859, 0.00220784801058, 0.00268324813806, 0.00488289492205, 0.00262618437409, 0.0100060980767, 0.00177199556492, 0.000164489654708, 0.000108857195301, 0.00135073531419, 0.000187414363609, 0.000361483253073, 0.000710096617695, 0.000107418120024, 8.94783806871e-06, 2.38271263697e-06, 6.67371659802e-06, 1.52465099745e-06, 6.64749563839e-07, 2.14466786019e-06, 2.8727758945e-06, 9.19064063964e-07, 1.02726822604e-07, 4.43371800429e-06, 4.82347923025e-06, 7.48016930174e-07, 3.91392118715e-09, 2.49347863246e-07, 1.59023443302e-06, 3.72922727365e-06, 7.6400974649e-06, 1.92813001121e-08, 1.82588019015e-06], "mean": [1.85928238352e-05, 1.34201618494e-05, 0.000251774938079, 0.000169411519892, 0.000442349817604, 0.000702076533344, 0.000107057581772, 0.000280865613604, 4.86421304231e-05, 3.72978538508e-05, 8.04324445198e-05, 2.11551287066e-05, 8.49382413435e-05, 1.08952954179e-05, 5.36297920917e-06, 4.35123502029e-06, 8.25739152788e-06, 1.09814186544e-06, 1.02604099084e-05, 1.54911886057e-05, 8.85268832462e-07, 1.31093074174e-07, 1.265184153e-07, 6.07246377626e-08, 3.36697958403e-08, 2.08651034228e-08, 4.48726673596e-08, 5.27497370229e-08, 4.55018245304e-09, 3.63515395563e-09, 2.30056294015e-08, 2.93496391635e-08, 2.62417310104e-09, 4.37208158566e-10, 2.15719220265e-09, 1.00824779636e-08, 1.39500180296e-08, 1.5244337348e-08, 1.43281705944e-10, 8.39327274349e-09], "median": [9.79838659987e-06, 5.62663899473e-06, 1.00375527836e-05, 9.29975340114e-06, 1.89621241589e-05, 2.59727785306e-05, 7.15470923751e-06, 9.6941321317e-06, 2.39487872022e-06, 2.25558824241e-06, 2.14821352529e-06, 7.55420387577e-07, 2.57696365225e-06, 4.90000729769e-07, 4.88011664856e-07, 3.57972652409e-07, 3.7774447037e-07, 1.28949722011e-07, 3.05937533085e-07, 3.64015591003e-07, 3.09757410832e-08, 6.2150775193e-08, 7.22043438373e-08, 1.0893764113e-08, 9.03241748063e-09, 6.88789913994e-09, 2.58999612868e-08, 3.0220398628e-08, 1.22053633866e-09, 1.01263086805e-09, 4.30659774509e-09, 1.30782640273e-09, 2.96458857463e-10, 3.46389361638e-10, 3.32415872606e-10, 2.07931494245e-09, 2.07522088402e-09, 7.00802749165e-11, 3.73019046207e-11, 1.09371248169e-10], "min": [7.70061018647e-25, 2.00060687033e-24, 1.13906830852e-24, 1.0030898891e-24, 2.06602533027e-24, 1.7123186386e-24, 1.16807354072e-24, 1.41254814195e-24, 1.40176717439e-24, 1.47296877362e-24, 2.49744310414e-24, 2.54399911097e-24, 2.30979459125e-24, 1.90803936792e-24, 3.11364267038e-24, 1.69891707511e-24, 1.8689388855e-24, 2.85330851368e-24, 3.8349277783e-24, 2.55170549315e-24, 3.62082343445e-24, 3.24732895583e-24, 3.9365965662e-24, 3.0694433855e-24, 3.96562428093e-24, 4.33081639295e-24, 3.98562821576e-24, 3.96202510305e-24, 3.8592313995e-24, 4.58978365091e-24, 5.43268902232e-24, 5.5932541654e-24, 4.74912014313e-24, 5.55139050045e-24, 4.93466141133e-24, 5.67477820679e-24, 5.72970422504e-24, 5.39072122773e-24, 6.57628647712e-24, 6.3066380425e-24], "var": [6.49709674949e-10, 9.65406643516e-10, 6.47903107165e-07, 2.95372757364e-07, 1.80389110938e-06, 5.04743366037e-06, 2.12677264244e-07, 1.52294592226e-06, 3.57578215926e-08, 3.13900052618e-08, 1.54827290544e-07, 2.02994527854e-08, 3.25130059764e-07, 3.80806941536e-09, 2.87691315215e-10, 1.81876055882e-10, 1.97993954565e-09, 3.63409337345e-11, 1.05195852029e-09, 2.69423172661e-09, 3.15532877604e-11, 1.83457022902e-13, 3.61126737238e-14, 1.02468347121e-13, 1.18833530188e-14, 1.99841499685e-15, 1.04179047049e-14, 1.52155560693e-14, 9.95182080224e-16, 5.4042905644e-17, 3.18931858733e-14, 5.48659459065e-14, 6.90381721077e-16, 1.725052468e-19, 1.4904383799e-16, 3.6033315207e-15, 1.51720541512e-14, 5.34759038537e-14, 7.06876756733e-19, 6.91895305426e-15]}, "mfcc": {"mean": [-910.562744141, 160.892547607, 4.87213850021, -2.05878829956, 3.47565460205, -3.06744432449, -5.84278535843, -9.6164560318, -4.28150415421, 0.279221981764, -13.6620559692, -1.76401174068, 3.6729850769], "cov": [[14092.5507812, 8414.16992188, -1055.77844238, -940.559082031, -210.439498901, -418.998260498, -738.10736084, -731.629577637, -169.114364624, 147.515426636, -753.447937012, -116.384216309, -24.6366958618], [8414.16992188, 5652.63964844, -217.005996704, -486.602020264, -212.190429688, -291.398742676, -412.063171387, -465.405975342, -251.993469238, -41.0288352966, -449.178039551, -32.7261390686, 48.6555671692], [-1055.77844238, -217.005996704, 557.288330078, 161.112808228, -73.8609619141, 0.16007168591, 117.531494141, 35.7102584839, -121.572410583, -124.590316772, 40.7653961182, 47.0595550537, 4.09586191177], [-940.559082031, -486.602020264, 161.112808228, 330.41708374, 99.7252807617, 15.2026948929, 43.9740715027, 41.5209655762, -26.3698539734, -32.556930542, 63.3253059387, 8.3545665741, 21.6721858978], [-210.439498901, -212.190429688, -73.8609619141, 99.7252807617, 220.044189453, 52.1274261475, 12.214802742, -2.70816206932, 41.4051094055, 67.1346435547, -3.05449676514, -25.4820709229, -19.2169952393], [-418.998260498, -291.398742676, 0.16007168591, 15.2026948929, 52.1274261475, 106.040931702, 43.9947319031, 33.839389801, 27.5825920105, 1.45469045639, 19.64112854, -7.2819609642, -3.81019663811], [-738.10736084, -412.063171387, 117.531494141, 43.9740715027, 12.214802742, 43.9947319031, 158.198745728, 79.0718994141, 4.77461767197, -7.93320226669, 21.5935821533, 6.12179851532, -3.63085484505], [-731.629577637, -465.405975342, 35.7102584839, 41.5209655762, -2.70816206932, 33.839389801, 79.0718994141, 133.75819397, 66.3931732178, -7.08084964752, 34.1268806458, 5.19359588623, 12.4431724548], [-169.114364624, -251.993469238, -121.572410583, -26.3698539734, 41.4051094055, 27.5825920105, 4.77461767197, 66.3931732178, 158.180755615, 85.6429901123, -14.6598720551, -24.9775218964, 13.3705205917], [147.515426636, -41.0288352966, -124.590316772, -32.556930542, 67.1346435547, 1.45469045639, -7.93320226669, -7.08084964752, 85.6429901123, 138.797393799, -1.21145260334, -13.2643251419, -12.826294899], [-753.447937012, -449.178039551, 40.7653961182, 63.3253059387, -3.05449676514, 19.64112854, 21.5935821533, 34.1268806458, -14.6598720551, -1.21145260334, 118.582679749, 42.1232719421, -0.791121959686], [-116.384216309, -32.7261390686, 47.0595550537, 8.3545665741, -25.4820709229, -7.2819609642, 6.12179851532, 5.19359588623, -24.9775218964, -13.2643251419, 42.1232719421, 94.6735229492, 37.0622138977], [-24.6366958618, 48.6555671692, 4.09586191177, 21.6721858978, -19.2169952393, -3.81019663811, -3.63085484505, 12.4431724548, 13.3705205917, -12.826294899, -0.791121959686, 37.0622138977, 98.6002731323]], "icov": [[0.00254420097917, -0.00354877742939, 0.00347252981737, -0.000930266629439, 0.00121949147433, -0.000602165411692, -0.000206287542824, 0.000774852058385, -0.00103578960989, -0.000653646187857, 0.00273698358797, -0.002466914244, 0.0035608028993], [-0.00354877742939, 0.0053889635019, -0.00487554445863, 0.00156035635155, -0.00155759579502, 0.00105059379712, 0.000984576880001, -0.000950798857957, 0.0024214561563, 0.000408780470025, -0.00228993059136, 0.00322554656304, -0.00529911369085], [0.00347252981737, -0.00487554445863, 0.00836492422968, -0.00327827036381, 0.00334219355136, -0.00102426880039, -0.00279205292463, 0.00150491192471, -0.000404356222134, 0.000299234845443, 0.00446962099522, -0.0047171623446, 0.00586843816563], [-0.000930266629439, 0.00156035635155, -0.00327827036381, 0.00699606444687, -0.00518175913021, 0.00269231991842, 0.00103113194928, -0.00160997803323, 0.00124661577865, 0.00171409873292, -0.00391303608194, 0.00321806548163, -0.00425577443093], [0.00121949147433, -0.00155759579502, 0.00334219355136, -0.00518175913021, 0.0105967111886, -0.00534609658644, -0.000321282481309, 0.00156126217917, 0.000658608973026, -0.00519683863968, 0.00505651254207, -0.00216355803423, 0.00381174334325], [-0.000602165411692, 0.00105059379712, -0.00102426880039, 0.00269231991842, -0.00534609658644, 0.015127482824, -0.00374393793754, 0.00156690157019, -0.00397783471271, 0.00542668392882, -0.00455196993425, 0.00214039511047, -0.00160682026763], [-0.000206287542824, 0.000984576880001, -0.00279205292463, 0.00103113194928, -0.000321282481309, -0.00374393793754, 0.0147774489596, -0.0104009537026, 0.00787254422903, -0.00613076612353, 0.00459661195055, 0.000141543816426, -0.000879982078914], [0.000774852058385, -0.000950798857957, 0.00150491192471, -0.00160997803323, 0.00156126217917, 0.00156690157019, -0.0104009537026, 0.0242209285498, -0.0166332926601, 0.00998593587428, -0.0049830712378, -0.00165949331131, 0.00201767520048], [-0.00103578960989, 0.0024214561563, -0.000404356222134, 0.00124661577865, 0.000658608973026, -0.00397783471271, 0.00787254422903, -0.0166332926601, 0.0263972990215, -0.0153735224158, 0.00784457474947, 0.00369767844677, -0.00625363783911], [-0.000653646187857, 0.000408780470025, 0.000299234845443, 0.00171409873292, -0.00519683863968, 0.00542668392882, -0.00613076612353, 0.00998593587428, -0.0153735224158, 0.0208541136235, -0.0079388814047, -0.000420549302362, 0.00184851733502], [0.00273698358797, -0.00228993059136, 0.00446962099522, -0.00391303608194, 0.00505651254207, -0.00455196993425, 0.00459661195055, -0.0049830712378, 0.00784457474947, -0.0079388814047, 0.0237758904696, -0.0103125860915, 0.00606663199142], [-0.002466914244, 0.00322554656304, -0.0047171623446, 0.00321806548163, -0.00216355803423, 0.00214039511047, 0.000141543816426, -0.00165949331131, 0.00369767844677, -0.000420549302362, -0.0103125860915, 0.0202125832438, -0.011080224067], [0.0035608028993, -0.00529911369085, 0.00586843816563, -0.00425577443093, 0.00381174334325, -0.00160682026763, -0.000879982078914, 0.00201767520048, -0.00625363783911, 0.00184851733502, 0.00606663199142, -0.011080224067, 0.0200340319425]]}, "spectral_contrast_coeffs": {"dmean": [0.0328443199396, 0.0311186220497, 0.0223402585834, 0.0207674391568, 0.0154650649056, 0.0126409167424], "dmean2": [0.0546797215939, 0.0544043704867, 0.0349321141839, 0.0335838347673, 0.0260916240513, 0.0215819403529], "dvar": [0.000880650128238, 0.000869765295647, 0.000452144566225, 0.00035543818376, 0.000169910606928, 0.000228613600484], "dvar2": [0.00266540097073, 0.00255286647007, 0.00109659135342, 0.000909136608243, 0.000471128732897, 0.0005894152564], "max": [-0.231606692076, -0.381271749735, -0.432979941368, -0.495005309582, -0.665193676949, -0.598720312119], "mean": [-0.706638216972, -0.714898347855, -0.747262597084, -0.741907894611, -0.78937715292, -0.811172842979], "median": [-0.705805301666, -0.707029640675, -0.734448432922, -0.74219840765, -0.765296518803, -0.790832519531], "min": [-0.980273067951, -0.991623818874, -0.976658344269, -0.973442077637, -0.967695653439, -0.965046405792], "var": [0.0176040362567, 0.0159380976111, 0.0100450888276, 0.01203061454, 0.00482284789905, 0.00433683535084]}, "spectral_contrast_valleys": {"dmean": [0.352090030909, 0.280959248543, 0.26625174284, 0.22538135