{"lowlevel": {"average_loudness": 0.595439434052, "barkbands_crest": {"dmean": 2.86094689369, "dmean2": 4.404504776, "dvar": 7.0912694931, "dvar2": 17.2407913208, "max": 26.8589763641, "mean": 12.8355932236, "median": 12.0878257751, "min": 2.14214944839, "var": 32.0435562134}, "barkbands_flatness_db": {"dmean": 0.026705218479, "dmean2": 0.0381803587079, "dvar": 0.000740800111089, "dvar2": 0.0014694329584, "max": 0.508035004139, "mean": 0.204699873924, "median": 0.204424262047, "min": 0.0112921576947, "var": 0.00814086664468}, "barkbands_kurtosis": {"dmean": 7.31311655045, "dmean2": 10.5751218796, "dvar": 317.941619873, "dvar2": 609.809204102, "max": 484.938842773, "mean": 12.194770813, "median": 3.13747286797, "min": -1.9209882021, "var": 850.566894531}, "barkbands_skewness": {"dmean": 0.845956683159, "dmean2": 1.21887493134, "dvar": 1.03583955765, "dvar2": 1.98233234882, "max": 20.761259079, "mean": 2.11913490295, "median": 1.57985973358, "min": -2.98386788368, "var": 5.29533576965}, "barkbands_spread": {"dmean": 6.57605886459, "dmean2": 10.1998329163, "dvar": 118.711402893, "dvar2": 259.762207031, "max": 117.445358276, "mean": 17.5416221619, "median": 10.8565120697, "min": 0.241678088903, "var": 331.225250244}, "dissonance": {"dmean": 0.0217616204172, "dmean2": 0.035932123661, "dvar": 0.000478545931401, "dvar2": 0.00129446107894, "max": 0.500000119209, "mean": 0.453474730253, "median": 0.464364051819, "min": 0.202197149396, "var": 0.00158954842482}, "dynamic_complexity": 5.92743444443, "erbbands_crest": {"dmean": 2.54028105736, "dmean2": 3.98664069176, "dvar": 6.02788829803, "dvar2": 13.8196382523, "max": 33.6696434021, "mean": 10.0372066498, "median": 8.58310508728, "min": 2.3179666996, "var": 30.501739502}, "erbbands_flatness_db": {"dmean": 0.019101286307, "dmean2": 0.0273177903146, "dvar": 0.000419884338044, "dvar2": 0.000789493555203, "max": 0.50578981638, "mean": 0.219197660685, "median": 0.202084988356, "min": 0.0528734661639, "var": 0.0082626407966}, "erbbands_kurtosis": {"dmean": 1.38676583767, "dmean2": 2.1182923317, "dvar": 9.23625850677, "dvar2": 19.6246776581, "max": 114.380401611, "mean": 1.42090964317, "median": 0.243389725685, "min": -1.854798913, "var": 28.5554008484}, "erbbands_skewness": {"dmean": 0.436152756214, "dmean2": 0.655080854893, "dvar": 0.197105526924, "dvar2": 0.404601842165, "max": 9.15213012695, "mean": 0.559710502625, "median": 0.522957026958, "min": -3.01503658295, "var": 1.20199847221}, "erbbands_spread": {"dmean": 8.41726398468, "dmean2": 12.7691679001, "dvar": 136.814727783, "dvar2": 312.881256104, "max": 204.583724976, "mean": 31.9811153412, "median": 25.2900886536, "min": 1.20256328583, "var": 548.842895508}, "hfc": {"dmean": 15.9799146652, "dmean2": 23.8348560333, "dvar": 2282.46313477, "dvar2": 4180.43798828, "max": 563.901184082, "mean": 21.0960998535, "median": 5.26500225067, "min": 1.18901773515e-16, "var": 3235.16064453}, "melbands_crest": {"dmean": 3.61317896843, "dmean2": 5.45580101013, "dvar": 12.1930408478, "dvar2": 28.135477066, "max": 38.1720542908, "mean": 18.3396892548, "median": 16.97174263, "min": 1.51902532578, "var": 66.1280136108}, "melbands_flatness_db": {"dmean": 0.0329251550138, "dmean2": 0.046381816268, "dvar": 0.00123189098667, "dvar2": 0.00236693862826, "max": 0.631724238396, "mean": 0.257397800684, "median": 0.26538965106, "min": 0.00211545731872, "var": 0.0116910440847}, "melbands_kurtosis": {"dmean": 17.2547607422, "dmean2": 25.4291591644, "dvar": 2029.53967285, "dvar2": 4184.87011719, "max": 1610.05786133, "mean": 29.8432426453, "median": 7.14760017395, "min": -1.87957811356, "var": 5398.56738281}, "melbands_skewness": {"dmean": 1.10498487949, "dmean2": 1.6009542942, "dvar": 2.22936081886, "dvar2": 4.45631837845, "max": 33.1375617981, "mean": 3.21202683449, "median": 2.21454429626, "min": -2.20692563057, "var": 10.5817279816}, "melbands_spread": {"dmean": 9.05592441559, "dmean2": 14.1201047897, "dvar": 300.255371094, "dvar2": 656.577941895, "max": 229.451080322, "mean": 21.6624164581, "median": 11.964471817, "min": 0.216182589531, "var": 793.291564941}, "pitch_salience": {"dmean": 0.0791587457061, "dmean2": 0.119587861001, "dvar": 0.00611412664875, "dvar2": 0.0137516763061, "max": 0.923824429512, "mean": 0.490273326635, "median": 0.517753362656, "min": 0.0356342382729, "var": 0.0285208970308}, "silence_rate_20dB": {"dmean": 0.00299049448222, "dmean2": 0.00598162785172, "dvar": 0.0029815568123, "dvar2": 0.00829573627561, "max": 1, "mean": 0.998184561729, "median": 1, "min": 0, "var": 0.00181213545147}, "silence_rate_30dB": {"dmean": 0.0566057898104, "dmean2": 0.113223671913, "dvar": 0.0534015260637, "dvar2": 0.112793855369, "max": 1, "mean": 0.880820155144, "median": 1, "min": 0, "var": 0.104978464544}, "silence_rate_60dB": {"dmean": 0.0636548101902, "dmean2": 0.127323225141, "dvar": 0.059604536742, "dvar2": 0.129064887762, "max": 1, "mean": 0.265591621399, "median": 0, "min": 0, "var": 0.195057690144}, "spectral_centroid": {"dmean": 290.392211914, "dmean2": 434.608093262, "dvar": 196556.25, "dvar2": 402878.34375, "max": 10885.8671875, "mean": 1280.37670898, "median": 1003.86730957, "min": 163.067443848, "var": 799068.5625}, "spectral_complexity": {"dmean": 4.0164475441, "dmean2": 6.00128173828, "dvar": 36.8900871277, "dvar2": 68.1438140869, "max": 63, "mean": 11.8357543945, "median": 9, "min": 0, "var": 103.412361145}, "spectral_decrease": {"dmean": 4.65034721842e-09, "dmean2": 6.83448275751e-09, "dvar": 1.07148377426e-16, "dvar2": 2.44675075344e-16, "max": -3.07156515883e-29, "mean": -8.75213412854e-09, "median": -1.85726012347e-09, "min": -1.40330584486e-07, "var": 2.78848937239e-16}, "spectral_energy": {"dmean": 0.0186523944139, "dmean2": 0.0271783396602, "dvar": 0.00160787708592, "dvar2": 0.00363928684965, "max": 0.53379046917, "mean": 0.0349461510777, "median": 0.00784509070218, "min": 1.09006596214e-20, "var": 0.00417352700606}, "spectral_energyband_high": {"dmean": 0.00149532093201, "dmean2": 0.00225889123976, "dvar": 2.84262914647e-05, "dvar2": 5.39585016668e-05, "max": 0.0605873651803, "mean": 0.00160146527924, "median": 4.29961728514e-05, "min": 7.8368634119e-21, "var": 3.76203315682e-05}, "spectral_energyband_low": {"dmean": 0.0132611747831, "dmean2": 0.0192906800658, "dvar": 0.00122559675947, "dvar2": 0.00276948045939, "max": 0.523365259171, "mean": 0.0239100679755, "median": 0.000325081840856, "min": 8.29318993586e-23, "var": 0.00342813250609}, "spectral_energyband_middle_high": {"dmean": 0.00155824096873, "dmean2": 0.00252076564357, "dvar": 1.68520309671e-05, "dvar2": 4.23378951382e-05, "max": 0.0931318327785, "mean": 0.00250223954208, "median": 0.0010650313925, "min": 1.60257004543e-21, "var": 2.22281323659e-05}, "spectral_energyband_middle_low": {"dmean": 0.00555464439094, "dmean2": 0.00901818089187, "dvar": 0.000232717487961, "dvar2": 0.000606843503192, "max": 0.162367999554, "mean": 0.00768037466332, "median": 0.00289741903543, "min": 4.28660553549e-22, "var": 0.000213446794078}, "spectral_entropy": {"dmean": 0.180817171931, "dmean2": 0.25882473588, "dvar": 0.0389362126589, "dvar2": 0.0747235044837, "max": 9.80468559265, "mean": 7.31257009506, "median": 7.3519449234, "min": 5.0783572197, "var": 0.547538340092}, "spectral_flux": {"dmean": 0.0348350480199, "dmean2": 0.0539261177182, "dvar": 0.00374106876552, "dvar2": 0.0080618839711, "max": 0.563602387905, "mean": 0.076019756496, "median": 0.0423670262098, "min": 1.0440622672e-10, "var": 0.00746480096132}, "spectral_kurtosis": {"dmean": 4.73020219803, "dmean2": 8.20022106171, "dvar": 61.7601203918, "dvar2": 187.854324341, "max": 182.838043213, "mean": 9.92988395691, "median": 5.0065331459, "min": -1.18077218533, "var": 200.238723755}, "spectral_rms": {"dmean": 0.00123041134793, "dmean2": 0.00170159514528, "dvar": 4.05367336498e-06, "dvar2": 8.03498278401e-06, "max": 0.02282041125, "mean": 0.00423570303246, "median": 0.00276654027402, "min": 3.26110254252e-12, "var": 1.61526531883e-05}, "spectral_rolloff": {"dmean": 655.612915039, "dmean2": 1074.49523926, "dvar": 2134955.75, "dvar2": 4282883, "max": 19099.9511719, "mean": 1634.21972656, "median": 796.728515625, "min": 43.06640625, "var": 6275479.5}, "spectral_skewness": {"dmean": 0.419095724821, "dmean2": 0.702830910683, "dvar": 0.252554923296, "dvar2": 0.751411855221, "max": 10.7257804871, "mean": 1.90366137028, "median": 1.6419993639, "min": -0.308163076639, "var": 1.17074811459}, "spectral_spread": {"dmean": 507799.28125, "dmean2": 758958.375, "dvar": 573362798592, "dvar2": 1007562194940.0, "max": 39797456, "mean": 3853093.75, "median": 3481819.5, "min": 583928.3125, "var": 4866344747010.0}, "spectral_strongpeak": {"dmean": 0.35580933094, "dmean2": 0.574252426624, "dvar": 0.517502844334, "dvar2": 1.3438539505, "max": 16.0486392975, "mean": 0.750050187111, "median": 0.437278032303, "min": 0, "var": 0.95265519619}, "zerocrossingrate": {"dmean": 0.0124862426892, "dmean2": 0.0137440580875, "dvar": 0.000440368778072, "dvar2": 0.000442284101155, "max": 0.53466796875, "mean": 0.0572533756495, "median": 0.03759765625, "min": 0.0009765625, "var": 0.00410819193348}, "barkbands": {"dmean": [0.00149011937901, 0.0102120442316, 0.00298023340292, 0.0017606819747, 0.00175089610275, 0.00101037952118, 0.000671618035994, 0.000573974044528, 0.000471215433208, 0.000285945163341, 0.000235121973674, 0.00032965966966, 0.000115788745461, 0.000191377796, 0.000173998327227, 0.000130645406898, 0.00018023395387, 0.000125334307086, 0.000163656586665, 0.000144103512866, 0.000243423608481, 0.000286055787001, 0.000351535680238, 0.000150361549458, 0.000242634763708, 0.000177931520739, 1.33030071083e-05], "dmean2": [0.0019614121411, 0.0148809477687, 0.00514020957053, 0.00315287010744, 0.00285947020166, 0.00159305497073, 0.0010422343621, 0.000811929116026, 0.000811700534541, 0.000451156200143, 0.000365953659639, 0.000517168315127, 0.000192410792806, 0.000316307821777, 0.000301492895233, 0.000229228637181, 0.000309457449475, 0.0002077761892, 0.000266269838903, 0.000225233132369, 0.000393194000935, 0.00044668110786, 0.000535159837455, 0.000219670197112, 0.000371351867216, 0.000259702646872, 2.14228039113e-05], "dvar": [1.80482675205e-05, 0.000760157243349, 0.000171406194568, 7.269877824e-05, 3.15473444061e-05, 2.96933012578e-05, 5.28909686182e-06, 2.20827951125e-06, 3.83674023396e-06, 7.69227597175e-07, 5.8747230014e-07, 3.33694356414e-06, 1.43807753261e-07, 2.41938579393e-07, 2.36931796849e-07, 1.6896068189e-07, 3.18379875353e-07, 1.09725029063e-07, 2.27961166388e-07, 2.05988172297e-07, 6.64589663302e-07, 1.02016122128e-06, 1.74497904482e-06, 3.31738647219e-07, 1.28809926991e-06, 8.19774413685e-07, 8.8090681416e-09], "dvar2": [3.17480553349e-05, 0.00174419861287, 0.000462730386062, 0.000207333927392, 8.13444567029e-05, 6.94900518283e-05, 1.29731324705e-05, 4.43341286882e-06, 1.07098940134e-05, 1.60613024036e-06, 1.4172653664e-06, 7.4918852988e-06, 3.7176710066e-07, 6.07501419836e-07, 6.7667588155e-07, 4.86810904476e-07, 8.42782981181e-07, 2.80239248696e-07, 5.5419502587e-07, 5.05418370267e-07, 1.59494038598e-06, 2.22867311095e-06, 3.70826342078e-06, 6.32149749435e-07, 2.54718929682e-06, 1.38499353852e-06, 2.5096996481e-08], "max": [0.0682861059904, 0.47288441658, 0.14434890449, 0.0984943732619, 0.0635863989592, 0.11607465148, 0.0643143951893, 0.0654113590717, 0.0329804494977, 0.0383883751929, 0.0199719332159, 0.0926817134023, 0.00766661530361, 0.00675908941776, 0.00883494783193, 0.00723794940859, 0.0107269585133, 0.00764744915068, 0.0101969689131, 0.0115789603442, 0.0148453982547, 0.0105088911951, 0.012957515195, 0.0100012402982, 0.0262043382972, 0.0126423276961, 0.00206943554804], "mean": [0.0031527671963, 0.0177443306893, 0.00237129977904, 0.00131843367126, 0.0018440001877, 0.00117874203715, 0.00116734241601, 0.00136991601903, 0.000584792112932, 0.000442121294327, 0.000352767092409, 0.000478876638226, 0.000144485093188, 0.000235958665144, 0.000197507892153, 0.00013862902415, 0.000210069905734, 0.000156565685757, 0.000183633208508, 0.000162185999216, 0.00023615192913, 0.000279610103462, 0.000351003749529, 0.000174922184669, 0.000270925578661, 0.000187406782061, 1.16628716569e-05], "median": [3.68024884665e-05, 0.000180259201443, 1.05716617327e-05, 1.89402835531e-05, 0.000218043001951, 0.000219987356104, 0.0002085280139, 0.000251238700002, 0.000101705438283, 0.000101729776361, 7.35726644052e-05, 8.36316321511e-05, 4.41777265223e-05, 6.37866251054e-05, 6.00961138844e-05, 3.32443305524e-05, 5.70496449654e-05, 3.61834609066e-05, 2.93384764518e-05, 1.83574265975e-05, 1.18126645248e-05, 8.08112054074e-06, 4.82100131194e-06, 2.52949439528e-06, 1.191772526e-06, 1.2380264991e-07, 2.11493889068e-09], "min": [1.19314146952e-23, 6.18270050011e-23, 4.62297891781e-24, 3.20360925895e-23, 1.58419059608e-22, 4.28862684956e-23, 4.04598869679e-23, 6.10202905959e-23, 8.79836005126e-23, 2.1635949208e-23, 5.20973460574e-23, 6.58707817319e-23, 1.05943880732e-22, 1.69614952228e-22, 2.00074474744e-22, 2.29197162016e-22, 8.59423061689e-23, 1.44691314757e-22, 3.48174501649e-22, 3.31064348429e-22, 5.83952051036e-22, 4.56445168642e-22, 7.15594483083e-22, 7.91194671323e-22, 1.2548538909e-21, 1.54211639047e-21, 2.56743412374e-21], "var": [7.47969606891e-05, 0.00210804934613, 0.000120948978292, 4.48519931524e-05, 2.78665174847e-05, 2.95720165013e-05, 1.11346162157e-05, 9.98814903141e-06, 3.81277368433e-06, 1.44014677517e-06, 8.61646924477e-07, 7.79157471698e-06, 1.41641677942e-07, 2.78894447092e-07, 1.89577221477e-07, 1.30161708967e-07, 2.84984253085e-07, 1.17199249416e-07, 2.3686497741e-07, 2.105950756e-07, 6.42825284558e-07, 1.14178840249e-06, 2.01149009627e-06, 4.7115901225e-07, 1.64656421475e-06, 1.15868090234e-06, 7.66529062446e-09]}, "erbbands": {"dmean": [0.468932271004, 1.78146922588, 3.03281450272, 5.57755947113, 3.8418905735, 6.7683339119, 9.30756568909, 7.6895160675, 6.93094158173, 11.4766139984, 14.1553201675, 11.1329088211, 7.937977314, 9.35897350311, 8.33538246155, 15.3909635544, 6.12181329727, 9.5899553299, 8.3141746521, 8.33849811554, 8.36752986908, 8.65982532501, 6.84490346909, 7.88550853729, 7.62401294708, 7.00041532516, 9.10533046722, 10.176864624, 10.175866127, 13.0848197937, 8.14401054382, 4.64150667191, 2.22325921059, 2.69314074516, 1.73698484898, 0.88122600317, 0.320687800646, 0.0398952253163, 0.00237944489345, 0.000137249619002], "dmean2": [0.660396814346, 2.60428977013, 4.84149503708, 9.95514678955, 6.48593521118, 11.3350410461, 14.7242126465, 12.0982847214, 10.5349063873, 17.5684432983, 20.5238571167, 19.1421337128, 12.549448967, 14.8285160065, 13.2882394791, 23.7659454346, 10.044675827, 15.8533716202, 14.1607608795, 14.6612854004, 14.6331577301, 14.6792955399, 11.3820877075, 12.8651571274, 12.2008266449, 10.8972797394, 14.8209600449, 15.9215259552, 16.130109787, 19.7016143799, 12.5587940216, 6.96323251724, 3.30944490433, 4.03594112396, 2.70083189011, 1.38583052158, 0.441989868879, 0.0569865740836, 0.00385744380765, 0.000226315736654], "dvar": [1.65251803398, 24.7831077576, 137.787582397, 711.380371094, 236.960510254, 562.789306641, 1570.72290039, 1769.14648438, 309.547576904, 1665.35974121, 1437.48693848, 2247.91552734, 374.042053223, 1185.94665527, 572.236450195, 8787.16992188, 430.971740723, 615.404296875, 563.147644043, 661.331970215, 703.70513916, 821.485595703, 294.219055176, 536.822143555, 467.77444458, 459.519592285, 1045.06896973, 1130.76623535, 1437.74768066, 2781.14208984, 1051.46740723, 313.94720459, 79.6747589111, 164.529800415, 71.3576126099, 20.1703033447, 2.82925868034, 0.0428507365286, 0.000281429674942, 9.47674266172e-07], "dvar2": [3.58299875259, 59.9021377563, 339.942260742, 2014.30908203, 660.473693848, 1485.7088623, 3385.32568359, 4272.03955078, 720.897094727, 4253.43408203, 2900.19555664, 6311.72558594, 826.279418945, 2905.61962891, 1363.62451172, 19676.2636719, 1099.50195312, 1535.8157959, 1549.89575195, 1979.23498535, 1971.44995117, 2141.44873047, 753.743774414, 1289.89501953, 1101.76879883, 1105.45715332, 2653.25195312, 2563.5222168, 3593.92553711, 5788.90673828, 2409.84179688, 663.924255371, 154.433029175, 369.072753906, 135.154464722, 34.965839386, 5.10290575027, 0.0863159373403, 0.000800729321782, 2.78502125184e-06], "max": [19.4664039612, 82.1932296753, 145.36541748, 320.089569092, 247.119094849, 249.287139893, 803.250976562, 875.678100586, 477.21496582, 920.483581543, 1795.33935547, 796.669433594, 660.498596191, 1272.53088379, 379.465087891, 4758.42919922, 426.452148438, 323.704559326, 428.314575195, 421.935089111, 353.920379639, 584.122131348, 286.995666504, 740.119506836, 464.899841309, 559.312011719, 846.597961426, 409.812011719, 543.801391602, 655.145385742, 492.590759277, 337.44039917, 258.055969238, 335.715362549, 178.38571167, 58.0567436218, 23.0595417023, 3.72476577759, 0.349971741438, 0.0221438258886], "mean": [0.86957359314, 2.54195642471, 2.91285848618, 4.17237234116, 3.84846353531, 6.60867357254, 10.0651140213, 9.27390384674, 13.2342500687, 22.2002792358, 31.4397602081, 14.594326973, 12.64057827, 14.2147703171, 12.3813295364, 23.243976593, 8.22350597382, 12.4270238876, 10.2591562271, 9.12489700317, 9.20668792725, 10.3708705902, 9.09876155853, 9.07283592224, 8.74893951416, 7.90477991104, 8.90814495087, 9.82456970215, 9.40556240082, 12.3477668762, 8.52686023712, 4.94812774658, 2.75725769997, 2.86682534218, 1.91804492474, 0.992765545845, 0.315448224545, 0.0373492836952, 0.00210614106618, 0.000138391944347], "median": [0.00885434821248, 0.0233968924731, 0.0234943367541, 0.0635868161917, 0.245366305113, 0.683068990707, 1.50177526474, 1.81469631195, 3.02884602547, 4.1668920517, 7.44934654236, 3.45730018616, 3.03044509888, 3.70707988739, 2.89953684807, 4.03223228455, 2.7359790802, 3.87325811386, 3.22942590714, 2.65431499481, 2.78085494041, 2.85511445999, 2.38037872314, 1.63873207569, 1.32290315628, 0.865017533302, 0.566980659962, 0.399881064892, 0.297545284033, 0.1840236485, 0.133293434978, 0.071368008852, 0.0305709000677, 0.0169996991754, 0.00616671564057, 0.00126040168107, 0.000133765075589, 1.22352794278e-05, 7.86291911936e-06, 1.05583349068e-05], "min": [2.87890922573e-21, 9.07841950608e-21, 9.02104516019e-21, 4.92378128711e-20, 4.28576621777e-19, 4.61718776242e-19, 3.03386816874e-19, 3.75906206466e-19, 6.55914779579e-19, 7.36752659302e-19, 1.67369398699e-18, 2.46337012717e-18, 7.18211716064e-19, 1.44774484638e-18, 1.60059252074e-18, 3.11040569156e-18, 4.05651812579e-18, 9.33993700589e-18, 1.09506735527e-17, 1.40240118334e-17, 7.22666921183e-18, 5.22252184341e-18, 6.43126722405e-18, 1.8712052992e-17, 1.4059279506e-17, 1.52946969119e-17, 2.69200107004e-17, 1.93909201207e-17, 1.49626500704e-17, 1.77212262758e-17, 2.17844251258e-17, 1.58094762225e-17, 1.36455824934e-17, 1.07244975578e-17, 9.95258501786e-18, 5.07958048407e-18, 3.06868311505e-18, 1.37836972539e-18, 4.09351367529e-19, 3.44881582671e-20], "var": [5.33484792709, 48.6380767822, 127.073059082, 444.608764648, 178.583145142, 446.587677002, 1827.40319824, 1773.93395996, 970.736206055, 2972.23925781, 5979.26904297, 2170.09008789, 822.267272949, 1563.13098145, 921.181762695, 20470.6152344, 461.951721191, 742.752563477, 499.047241211, 484.849517822, 532.553344727, 761.794799805, 342.665466309, 571.990600586, 515.124694824, 490.415100098, 949.659362793, 1199.16674805, 1297.75036621, 3195.79101562, 1107.30126953, 377.646453857, 114.95274353, 179.497070312, 94.5616760254, 28.8174419403, 3.72514414787, 0.0513851977885, 0.000240730863879, 7.9082872162e-07]}, "gfcc": {"mean": [-113.433242798, 107.036987305, -146.164733887, 12.7057170868, -65.6896820068, -2.54073476791, -34.1393241882, 1.57205021381, -12.3864336014, -0.0706796199083, -5.07519626617, -1.63862287998, -3.92226457596], "cov": [[22961.2070312, -3069.41918945, 1903.69152832, 4027.33276367, 241.310348511, 2930.22094727, 878.503845215, 2255.9152832, 568.831726074, 1126.2824707, 12.4313850403, 403.48034668, -126.447052002], [-3069.41918945, 3943.39331055, -1245.2232666, -1243.66003418, 254.346206665, -1337.8236084, -27.9967651367, -1041.84326172, -29.2424564362, -721.890930176, 133.431732178, -380.103057861, 175.570831299], [1903.69152832, -1245.2232666, 2061.3671875, 1181.07543945, 392.366912842, 981.819946289, 193.582626343, 667.797180176, -11.375702858, 348.513549805, -128.027145386, 176.167282104, -64.0363388062], [4027.33276367, -1243.66003418, 1181.07543945, 1729.66650391, 328.217529297, 1167.31018066, 359.115814209, 753.170837402, 176.303359985, 369.218566895, -17.0996665955, 162.979888916, 13.059419632], [241.310348511, 254.346206665, 392.366912842, 328.217529297, 638.260620117, 231.062271118, 241.84916687, 174.185043335, 102.264312744, 70.3223266602, 2.05623054504, 10.3270292282, -15.1224985123], [2930.22094727, -1337.8236084, 981.819946289, 1167.31018066, 231.062271118, 1207.3782959, 318.496459961, 777.414428711, 176.80569458, 431.807952881, 10.8541078568, 211.202529907, 0.349895238876], [878.503845215, -27.9967651367, 193.582626343, 359.115814209, 241.84916687, 318.496459961, 357.504577637, 274.313842773, 185.108566284, 118.339370728, 72.6377105713, 33.8397674561, 3.46978878975], [2255.9152832, -1041.84326172, 667.797180176, 753.170837402, 174.185043335, 777.414428711, 274.313842773, 741.703369141, 225.164611816, 395.176879883, 52.247844696, 152.714263916, -33.1907272339], [568.831726074, -29.2424564362, -11.375702858, 176.303359985, 102.264312744, 176.80569458, 185.108566284, 225.164611816, 265.570953369, 156.413909912, 112.143875122, 30.1708049774, 21.2898902893], [1126.2824707, -721.890930176, 348.513549805, 369.218566895, 70.3223266602, 431.807952881, 118.339370728, 395.176879883, 156.413909912, 327.383453369, 76.7467422485, 134.174102783, -16.5306472778], [12.4313850403, 133.431732178, -128.027145386, -17.0996665955, 2.05623054504, 10.8541078568, 72.6377105713, 52.247844696, 112.143875122, 76.7467422485, 173.523864746, 46.8766136169, 57.4578666687], [403.48034668, -380.103057861, 176.167282104, 162.979888916, 10.3270292282, 211.202529907, 33.8397674561, 152.714263916, 30.1708049774, 134.174102783, 46.8766136169, 171.889389038, 50.1496353149], [-126.447052002, 175.570831299, -64.0363388062, 13.059419632, -15.1224985123, 0.349895238876, 3.46978878975, -33.1907272339, 21.2898902893, -16.5306472778, 57.4578666687, 50.1496353149, 133.417938232]], "icov": [[9.41318503465e-05, -8.50405704114e-05, 9.31500544539e-05, -0.000255316990661, 0.000126467566588, 4.11292376157e-06, 1.17472609418e-05, -0.000208632758586, 0.000112941306725, -0.000145682046423, 0.000112445115519, -8.09603079688e-05, 0.000178872491233], [-8.50405704114e-05, 0.00103837018833, -0.000155481699039, 0.000472002633614, -0.000774692627601, 0.000222824033699, -0.000283421104541, 0.000652348564472, -0.000696845643688, 0.00151747034397, -0.00107033771928, 0.00100885634311, -0.00110564625356], [9.31500544539e-05, -0.000155481699039, 0.00123502267525, -0.000675434537698, -0.000300569838146, -0.000151747764903, 0.000182930991286, -0.000666732492391, 0.00110682996456, -0.000773974403273, 0.000707953469828, -0.000291764154099, 0.000279746192973], [-0.000255316990661, 0.000472002633614, -0.000675434537698, 0.00270159542561, -0.000581789121497, -0.00158035208005, -0.000325714674545, 0.000563961453736, -0.000768807833083, 0.00123661349062, -0.000390073866583, 0.000963999773376, -0.00128322979435], [0.000126467566588, -0.000774692627601, -0.000300569838146, -0.000581789121497, 0.00303610181436, 9.01414678083e-05, -0.00153680995572, -0.000130855245516, 0.000206044322113, -0.0013090914581, 0.0012701411033, -0.000649466936011, 0.000905354972929], [4.11292376157e-06, 0.000222824033699, -0.000151747764903, -0.00158035208005, 9.01414678083e-05, 0.00499342242256, -0.00139645067975, -0.00216970429756, 0.00129382044543, -0.00178232474718, 0.00103782769293, -0.00051309162518, -0.00139517360367], [1.17472609418e-05, -0.000283421104541, 0.000182930991286, -0.000325714674545, -0.00153680995572, -0.00139645067975, 0.00768941966817, -0.00170747295488, -0.00356964417733, 0.00360220880248, -0.00194677175023, -0.000934405019507, 0.00191406521481], [-0.000208632758586, 0.000652348564472, -0.000666732492391, 0.000563961453736, -0.000130855245516, -0.00216970429756, -0.00170747295488, 0.0082615185529, -0.00237691425718, -0.00343058025464, 0.000219183246372, 0.000713001354598, 0.000250942015555], [0.000112941306725, -0.000696845643688, 0.00110682996456, -0.000768807833083, 0.000206044322113, 0.00129382044543, -0.00356964417733, -0.00237691425718, 0.0118224527687, -0.00640959991142, -0.00155149714556, 0.00292383669876, -0.00195952062495], [-0.000145682046423, 0.00151747034397, -0.000773974403273, 0.00123661349062, -0.0013090914581, -0.00178232474718, 0.00360220880248, -0.00343058025464, -0.00640959991142, 0.0184898972511, -0.00599238043651, -0.00492278207093, 0.00402646558359], [0.000112445115519, -0.00107033771928, 0.000707953469828, -0.000390073866583, 0.0012701411033, 0.00103782769293, -0.00194677175023, 0.000219183246372, -0.00155149714556, -0.00599238043651, 0.0129440836608, -0.00177805963904, -0.00326159643009], [-8.09603079688e-05, 0.00100885634311, -0.000291764154099, 0.000963999773376, -0.000649466936011, -0.00051309162518, -0.000934405019507, 0.000713001354598, 0.00292383669876, -0.00492278207093, -0.00177805963904, 0.0136903133243, -0.00696605117992], [0.000178872491233, -0.00110564625356, 0.000279746192973, -0.00128322979435, 0.000905354972929, -0.00139517360367, 0.00191406521481, 0.000250942015555, -0.00195952062495, 0.00402646558359, -0.00326159643009, -0.00696605117992, 0.0143331820145]]}, "melbands": {"dmean": [0.00331846182235, 0.00167492066976, 0.000893673684914, 0.000340172555298, 0.000349473732058, 0.000174340122612, 0.000120164462714, 0.000120037679153, 0.000121142089483, 6.41102014924e-05, 3.89801425627e-05, 3.8034577301e-05, 3.04381374008e-05, 3.66458261851e-05, 2.33896153077e-05, 1.3860783838e-05, 1.88853446161e-05, 1.3453001884e-05, 1.26697623273e-05, 9.80287404673e-06, 1.06264087663e-05, 1.01627556433e-05, 6.72893202136e-06, 6.25589564152e-06, 6.51158916298e-06, 6.57549117022e-06, 4.55078225059e-06, 4.6035224841e-06, 6.2330595938e-06, 4.87988882014e-06, 6.48595732855e-06, 6.08055461271e-06, 5.13019540449e-06, 8.34109596326e-06, 4.4181465455e-06, 4.38604729425e-06, 2.33095033764e-06, 1.40313920838e-06, 2.18618038161e-06, 2.27689315579e-06], "dmean2": [0.00479002529755, 0.00249000568874, 0.00156633171719, 0.000571772572584, 0.00055587105453, 0.000274390098639, 0.000184215095942, 0.000181356095709, 0.000180426170118, 0.000111434645078, 6.14561577095e-05, 6.06036992394e-05, 4.79210466438e-05, 5.74741716264e-05, 3.66491840396e-05, 2.32554593822e-05, 3.11732510454e-05, 2.2938957045e-05, 2.200099334e-05, 1.73344560608e-05, 1.8727618226e-05, 1.72836571437e-05, 1.11868275781e-05, 1.05525177787e-05, 1.06241523099e-05, 1.07758714876e-05, 6.86702969688e-06, 7.36104311727e-06, 1.03755664895e-05, 7.87908902566e-06, 9.98977702693e-06, 9.84259713732e-06, 8.12227244751e-06, 1.26886616272e-05, 6.75724504617e-06, 6.71788984619e-06, 3.45376361111e-06, 2.03428135137e-06, 3.20687081512e-06, 3.45892840414e-06], "dvar": [8.22212095954e-05, 2.76941373158e-05, 1.70159273694e-05, 1.13245505418e-06, 2.03026570489e-06, 9.14747374736e-07, 1.17525651433e-07, 1.55479227715e-07, 1.13635863386e-07, 7.36514067512e-08, 9.65857882562e-09, 2.05478531967e-08, 9.80860992428e-09, 3.75945994335e-08, 1.3485117023e-08, 1.79359171959e-09, 2.23462914839e-09, 1.54954726828e-09, 1.25464105771e-09, 9.91864812505e-10, 1.18781706693e-09, 1.12345965864e-09, 3.12567055571e-10, 3.33422456311e-10, 3.90816212725e-10, 4.14004636129e-10, 1.62565169659e-10, 2.14521678199e-10, 5.83662396192e-10, 2.51659110218e-10, 4.87291096363e-10, 5.87384085815e-10, 3.58564539171e-10, 1.23225263327e-09, 2.85896556429e-10, 3.46738388002e-10, 7.89580067995e-11, 2.81702976918e-11, 9.22979123685e-11, 1.31219993205e-10], "dvar2": [0.000182366362424, 6.2164166593e-05, 4.77081157442e-05, 3.09650818053e-06, 4.53425309388e-06, 2.192722377e-06, 2.77893690281e-07, 3.92264126958e-07, 2.51367197279e-07, 2.05768927231e-07, 2.09431529896e-08, 4.89085358879e-08, 2.30757528641e-08, 8.54181436694e-08, 3.00362295036e-08, 4.74513361937e-09, 5.53673773496e-09, 4.25008739313e-09, 3.62133079079e-09, 2.99435254369e-09, 3.32210770004e-09, 2.93132718099e-09, 8.13797529364e-10, 8.72688421527e-10, 9.32052213187e-10, 1.05618402912e-09, 3.63721497365e-10, 5.27446808452e-10, 1.52964152456e-09, 6.02749183898e-10, 1.08594266912e-09, 1.55365287302e-09, 7.32386706837e-10, 2.6239543871e-09, 6.15876016852e-10, 8.47291292683e-10, 1.57775265075e-10, 5.4819412898e-11, 1.95054569718e-10, 3.13922887685e-10], "max": [0.15330901742, 0.0725196376443, 0.0462285354733, 0.012722783722, 0.0248143449426, 0.0197319164872, 0.0101680830121, 0.00915230531245, 0.013495856896, 0.00541244260967, 0.00382686546072, 0.00520578864962, 0.00180788175203, 0.00977741647512, 0.00572660239413, 0.000784313189797, 0.000664982304443, 0.00064219039632, 0.000572854536586, 0.000643640581984, 0.000482606061269, 0.000659096753225, 0.000403381622164, 0.00049769791076, 0.000772782485001, 0.00050309416838, 0.000419580523157, 0.000345458043739, 0.000734662113246, 0.000265395559836, 0.000273580575595, 0.00042534750537, 0.000207639721339, 0.000436260655988, 0.000234820385231, 0.000266004411969, 0.000168502549059, 0.00010971242591, 0.000311713607516, 0.000340683880495], "mean": [0.00620293337852, 0.00210302416235, 0.000700820877682, 0.000346434302628, 0.000366443098756, 0.000208332319744, 0.000223404596909, 0.000246848823735, 0.000249830423854, 7.81718990766e-05, 6.07252222835e-05, 5.55364167667e-05, 4.38239803771e-05, 5.29450953763e-05, 3.48692774423e-05, 1.63713157235e-05, 2.40462886723e-05, 1.6113579477e-05, 1.42818944369e-05, 1.03270931504e-05, 1.12822417577e-05, 1.13649302875e-05, 9.1511537903e-06, 7.47510284782e-06, 7.28881514078e-06, 6.88390036885e-06, 5.48831849301e-06, 5.00568512507e-06, 5.86763553656e-06, 4.70436270916e-06, 6.24248878012e-06, 5.35866638529e-06, 5.25370342075e-06, 7.56924646339e-06, 4.71415933134e-06, 4.32413162343e-06, 2.56040902968e-06, 1.67082555436e-06, 2.55079476119e-06, 2.26372048928e-06], "median": [6.90383458277e-05, 1.89753427549e-05, 1.72439977177e-05, 2.99403673125e-05, 5.07037329953e-05, 3.83085134672e-05, 4.45644727733e-05, 4.53906468465e-05, 5.53594290977e-05, 1.60537310876e-05, 1.3476694221e-05, 1.31008964672e-05, 8.86784255272e-06, 9.60294073593e-06, 7.7446384239e-06, 4.36254413216e-06, 6.8891531555e-06, 4.60828141513e-06, 4.34956291429e-06, 2.57078681898e-06, 3.18743968819e-06, 2.92633239951e-06, 2.31261128647e-06, 1.67717325894e-06, 1.17036006486e-06, 8.89906459633e-07, 8.03596890364e-07, 4.71984947126e-07, 3.51015273736e-07, 2.6081283977e-07, 2.08187941553e-07, 1.69519353221e-07, 1.20097240597e-07, 8.75711663184e-08, 7.57945812779e-08, 6.09887678138e-08, 3.52466926756e-08, 1.95347649168e-08, 1.66840798954e-08, 1.28715544889e-08], "min": [2.09255626079e-23, 7.2460739563e-24, 1.92280680462e-23, 3.6213846301e-23, 1.21151553884e-23, 8.8345274305e-24, 9.66801498599e-24, 8.73475072548e-24, 1.35065450976e-23, 1.46779546325e-23, 3.01634594683e-24, 5.68853515212e-24, 6.61526922205e-24, 6.50441612106e-24, 6.69208691928e-24, 1.37424081974e-23, 1.72580819952e-23, 1.71086259858e-23, 1.60875954276e-23, 1.84761636967e-23, 6.42291613993e-24, 4.78251341411e-24, 5.57643880635e-24, 7.24711683042e-24, 1.69158362692e-23, 9.38055012782e-24, 1.14626175362e-23, 9.18674514721e-24, 1.70483081033e-23, 1.27020253034e-23, 1.11058015493e-23, 8.11626720971e-24, 8.67509864155e-24, 1.07555007646e-23, 1.23229752719e-23, 1.08255642348e-23, 9.61306372419e-24, 9.17711788872e-24, 1.02001915967e-23, 8.29011085398e-24], "var": [0.000253406557022, 4.06378821936e-05, 1.1060495126e-05, 8.95278503776e-07, 2.23424831347e-06, 9.07009848561e-07, 3.19581488384e-07, 3.20928847941e-07, 3.77806600227e-07, 7.67113377265e-08, 2.0819575397e-08, 2.80881078396e-08, 1.47140859497e-08, 8.54068602507e-08, 3.16069943551e-08, 1.76764025639e-09, 2.84247958504e-09, 1.37893385599e-09, 9.94810900323e-10, 7.18486548035e-10, 8.74006034213e-10, 1.00213926046e-09, 4.02361532981e-10, 3.1848418347e-10, 4.14309503372e-10, 3.80240866571e-10, 1.97048183326e-10, 2.16680284826e-10, 5.09322528597e-10, 2.44123721238e-10, 5.28028620828e-10, 4.62418381364e-10, 4.4182266179e-10, 1.3529769527e-09, 3.31062371961e-10, 3.24490351256e-10, 1.06205953754e-10, 4.16075229825e-11, 1.20597642983e-10, 1.25979129906e-10]}, "mfcc": {"mean": [-736.188110352, 125.521942139, -19.0045757294, 6.53094577789, -9.61179828644, -7.39073514938, -11.561914444, -3.28455376625, -5.48593711853, -0.82314479351, 0.202756583691, 1.65059709549, 0.642614483833], "cov": [[15089.8417969, -2063.7668457, 1046.86901855, 1962.00378418, 700.354614258, 1445.31274414, 1094.94189453, 1437.76013184, 1113.70678711, 1173.40551758, 827.452514648, 707.551696777, 590.688720703], [-2063.7668457, 3161.47827148, -986.805908203, -421.602294922, -262.013793945, -531.003173828, -339.210632324, -430.670379639, -380.5390625, -398.05859375, -282.480377197, -241.094467163, -253.348266602], [1046.86901855, -986.805908203, 1374.84069824, 501.050079346, 430.849822998, 452.981201172, 355.128509521, 326.333648682, 286.328948975, 232.743484497, 104.937049866, 75.9619827271, 153.693435669], [1962.00378418, -421.602294922, 501.050079346, 853.392456055, 393.883666992, 460.64755249, 399.202636719, 394.444396973, 326.960968018, 306.159118652, 205.069351196, 140.74307251, 135.581436157], [700.354614258, -262.013793945, 430.849822998, 393.883666992, 488.713806152, 330.540374756, 282.581237793, 240.84022522, 227.902267456, 193.736068726, 122.77116394, 73.4290542603, 89.2946166992], [1445.31274414, -531.003173828, 452.981201172, 460.64755249, 330.540374756, 539.875793457, 333.809356689, 365.062774658, 293.381866455, 264.937988281, 164.501754761, 161.732559204, 125.665023804], [1094.94189453, -339.210632324, 355.128509521, 399.202636719, 282.581237793, 333.809356689, 380.559814453, 316.932647705, 257.114929199, 232.69480896, 165.020553589, 128.085571289, 134.102600098], [1437.76013184, -430.670379639, 326.333648682, 394.444396973, 240.84022522, 365.062774658, 316.932647705, 416.8253479, 317.851013184, 283.970062256, 200.346450806, 191.274642944, 163.3724823], [1113.70678711, -380.5390625, 286.328948975, 326.960968018, 227.902267456, 293.381866455, 257.114929199, 317.851013184, 331.096038818, 282.76171875, 196.937255859, 170.911331177, 155.201751709], [1173.40551758, -398.05859375, 232.743484497, 306.159118652, 193.736068726, 264.937988281, 232.69480896, 283.970062256, 282.76171875, 318.837097168, 226.647369385, 187.097717285, 169.455947876], [827.452514648, -282.480377197, 104.937049866, 205.069351196, 122.77116394, 164.501754761, 165.020553589, 200.346450806, 196.937255859, 226.647369385, 258.599578857, 195.015167236, 157.782302856], [707.551696777, -241.094467163, 75.9619827271, 140.74307251, 73.4290542603, 161.732559204, 128.085571289, 191.274642944, 170.911331177, 187.097717285, 195.015167236, 234.92539978, 170.957794189], [590.688720703, -253.348266602, 153.693435669, 135.581436157, 89.2946166992, 125.665023804, 134.102600098, 163.3724823, 155.201751709, 169.455947876, 157.782302856, 170.957794189, 212.18888855]], "icov": [[0.000118421572552, 2.13915009226e-05, 3.27053057845e-05, -0.000182876407052, 0.000130490807351, -9.97687966446e-05, 7.61219780543e-05, -0.000247697200393, 0.000125837221276, -0.000204827942071, -3.18232596328e-05, 6.71225425322e-05, -2.30619043577e-05], [2.13915009226e-05, 0.000483252602862, 0.000324507418554, -0.000144802790601, -0.000233557875617, 0.000313705473673, -0.00014451527386, 3.72552749468e-05, -6.20304781478e-05, 0.000277392246062, 0.000288817944238, -0.00016191470786, 8.96000638022e-05], [3.27053057845e-05, 0.000324507418554, 0.00144331739284, -0.000266684393864, -0.000580255000386, -0.000424108031439, -0.000191472296137, 1.77156944119e-05, -0.000308004353428, 0.000279892876279, 0.000557936844416, 0.000754228560254, -0.00099668209441], [-0.000182876407052, -0.000144802790601, -0.000266684393864, 0.00319749931805, -0.000721843447536, -0.000705257756636, -0.00109514023643, -0.000436284957686, 0.000130145213916, -0.000457913702121, -0.000734060478862, 0.000846042588819, 0.000370454188669], [0.000130490807351, -0.000233557875617, -0.000580255000386, -0.000721843447536, 0.00503512378782, -0.00174093688838, -0.00148439104669, 0.00120915251318, -0.00156240491197, 8.29820419312e-05, -0.00103927939199, 0.00153908110224, -0.000232005128055], [-9.97687966446e-05, 0.000313705473673, -0.000424108031439, -0.000705257756636, -0.00174093688838, 0.0071453708224, -0.00151195644867, -0.00240864558145, 0.000251946679782, -0.00103117991239, 0.00239517795853, -0.00350902089849, 0.00240645534359], [7.61219780543e-05, -0.00014451527386, -0.000191472296137, -0.00109514023643, -0.00148439104669, -0.00151195644867, 0.0103951031342, -0.00483442656696, 0.000216010521399, 0.00019049376715, -0.00195363233797, 0.00297519448213, -0.00212785834447], [-0.000247697200393, 3.72552749468e-05, 1.77156944119e-05, -0.000436284957686, 0.00120915251318, -0.00240864558145, -0.00483442656696, 0.0153414895758, -0.00784740131348, 0.000222951857722, 0.00157413107809, -0.00369557365775, 0.000529672193807], [0.000125837221276, -6.20304781478e-05, -0.000308004353428, 0.000130145213916, -0.00156240491197, 0.000251946679782, 0.000216010521399, -0.00784740131348, 0.0197805725038, -0.0106236012653, 0.000415163609432, 2.37144831772e-05, -0.000182499206858], [-0.000204827942071, 0.000277392246062, 0.000279892876279, -0.000457913702121, 8.29820419312e-05, -0.00103117991239, 0.00019049376715, 0.000222951857722, -0.0106236012653, 0.0204687472433, -0.00754311215132, 0.000977127696387, -0.00247935066], [-3.18232596328e-05, 0.000288817944238, 0.000557936844416, -0.000734060478862, -0.00103927939199, 0.00239517795853, -0.00195363233797, 0.00157413107809, 0.000415163609432, -0.00754311215132, 0.0167952775955, -0.00934327300638, 0.000299126084428], [6.71225425322e-05, -0.00016191470786, 0.000754228560254, 0.000846042588819, 0.00153908110224, -0.00350902089849, 0.00297519448213, -0.00369557365775, 2.37144831772e-05, 0.000977127696387, -0.00934327300638, 0.0199873652309, -0.00902519933879], [-2.30619043577e-05, 8.96000638022e-05, -0.00099668209441, 0.000370454188669, -0.000232005128055, 0.00240645534359, -0.00212785834447, 0.000529672193807, -0.000182499206858, -0.00247935066, 0.000299126084428, -0.00902519933879, 0.0141411861405]]}, "spectral_contrast_coeffs": {"dmean": [0.0543281286955, 0.0448003858328, 0.0352417267859, 0.0282975416631, 0.0216141920537, 0.0187143422663], "dmean2": [0.0857814028859, 0.0717036873102, 0.0569581277668, 0.0470347777009, 0.0355427414179, 0.0303483065218], "dvar": [0.00258331536315, 0.00148887827527, 0.00093797541922, 0.000645997410174, 0.000392184883822, 0.000377393123927], "dvar2": [0.00605669151992, 0.00365695613436, 0.00233491254039, 0.00174157286528, 0.000967070984188, 0.000951680762228], "max": [-0.202482029796, -0.372243672609, -0.453529536724, -0.563229441643, -0.517887175083, -0.501824438572], "mean": [-0.626735031605, -0.719436824322, -0.776745736599, -0.800252318382, -0.803637206554, -0.760768055916], "median": [-0.668158650398, -0.732206940651, -0.786938607693, -0.804328203201, -0.806855916977, -0.759498655796], "min": [-0.972037434578, -0.970844507217, -0.969973087311, -0.962283074856, -0.95836108923, -0.960555374622], "var": [0.0252280347049, 0.00863033812493, 0.00513710454106, 0.00254543730989, 0.00216111796908, 0.00224401196465]}, "spectral_contrast_valleys": {"dmean": [0.582451343536, 0.392828524113, 0.381683558226, 0.331897497177, 0.338402658701, 0.42970302701], "dmean2": [0.890289962292, 0.626592576504, 0.607184946537, 0.525247871876, 0.485812097788, 0.576214194298], "dvar": [0.336729884148, 0.174369513988, 0.176128804684, 0.160222500563, 0.206085473299, 0.36086371541], "dvar2": [0.678022325039, 0.388071000576, 0.398550361395, 0.343344330788, 0.387649863958, 0.561278581619], "max": [-4.45221138, -4.4994802475, -4.85127