{"lowlevel": {"average_loudness": 0.638775706291, "barkbands_crest": {"dmean": 2.29407167435, "dmean2": 3.62696409225, "dvar": 5.10008382797, "dvar2": 12.0646133423, "max": 26.163318634, "mean": 15.9399547577, "median": 15.5719690323, "min": 4.87065696716, "var": 20.8903656006}, "barkbands_flatness_db": {"dmean": 0.0210706163198, "dmean2": 0.0326044149697, "dvar": 0.000466099620098, "dvar2": 0.00107544951607, "max": 0.482843607664, "mean": 0.334630012512, "median": 0.335814446211, "min": 0.0764945372939, "var": 0.0026405591052}, "barkbands_kurtosis": {"dmean": 3.13641881943, "dmean2": 4.75552988052, "dvar": 36.6802253723, "dvar2": 75.8489685059, "max": 172.21182251, "mean": 6.63316774368, "median": 1.94367694855, "min": -1.8894752264, "var": 193.251571655}, "barkbands_skewness": {"dmean": 0.583515167236, "dmean2": 0.874129593372, "dvar": 0.414383709431, "dvar2": 0.92484998703, "max": 6.14177465439, "mean": 0.324574530125, "median": 0.319548368454, "min": -8.99771595001, "var": 2.6118273735}, "barkbands_spread": {"dmean": 1.36191761494, "dmean2": 2.09476876259, "dvar": 3.36956787109, "dvar2": 7.41125011444, "max": 35.0202827454, "mean": 5.90360116959, "median": 4.97234106064, "min": 0.232468158007, "var": 18.902009964}, "dissonance": {"dmean": 0.0533993728459, "dmean2": 0.0923893600702, "dvar": 0.00227136304602, "dvar2": 0.0064629628323, "max": 0.499883681536, "mean": 0.363124489784, "median": 0.362346470356, "min": 0.131653532386, "var": 0.00547654507682}, "dynamic_complexity": 7.64542388916, "erbbands_crest": {"dmean": 3.13803458214, "dmean2": 4.8672785759, "dvar": 9.50232124329, "dvar2": 21.2995624542, "max": 34.3917884827, "mean": 20.8867721558, "median": 20.5102672577, "min": 3.59912467003, "var": 40.4461631775}, "erbbands_flatness_db": {"dmean": 0.0190096013248, "dmean2": 0.029008936137, "dvar": 0.000378787692171, "dvar2": 0.000853566685691, "max": 0.555027544498, "mean": 0.416253894567, "median": 0.417499661446, "min": 0.0973690822721, "var": 0.00224489392713}, "erbbands_kurtosis": {"dmean": 2.78331518173, "dmean2": 4.21890449524, "dvar": 22.7030410767, "dvar2": 45.1385803223, "max": 119.191833496, "mean": 4.80150794983, "median": 1.24601554871, "min": -1.8800547123, "var": 102.378791809}, "erbbands_skewness": {"dmean": 0.49057367444, "dmean2": 0.723369836807, "dvar": 0.251918792725, "dvar2": 0.515971064568, "max": 8.51402187347, "mean": 0.378690421581, "median": 0.310362100601, "min": -4.98278188705, "var": 2.64595580101}, "erbbands_spread": {"dmean": 1.9704426527, "dmean2": 2.98876738548, "dvar": 6.86361885071, "dvar2": 15.1756238937, "max": 40.9642601013, "mean": 8.24843215942, "median": 7.04660654068, "min": 0.380307435989, "var": 33.0255775452}, "hfc": {"dmean": 7.17437934875, "dmean2": 10.8053283691, "dvar": 587.817993164, "dvar2": 1376.01196289, "max": 380.867401123, "mean": 14.462220192, "median": 5.34967565536, "min": 1.25870300337e-16, "var": 911.196289062}, "melbands_crest": {"dmean": 2.60116219521, "dmean2": 4.05718374252, "dvar": 6.54561758041, "dvar2": 14.8783960342, "max": 34.6428489685, "mean": 19.4003601074, "median": 18.5160961151, "min": 2.6856713295, "var": 38.5003814697}, "melbands_flatness_db": {"dmean": 0.0213748943061, "dmean2": 0.032996956259, "dvar": 0.000616278848611, "dvar2": 0.0013450360857, "max": 0.560818374157, "mean": 0.397536933422, "median": 0.400329738855, "min": 0.00729903485626, "var": 0.00400408683345}, "melbands_kurtosis": {"dmean": 2.77558875084, "dmean2": 4.23112821579, "dvar": 22.8444480896, "dvar2": 50.3747367859, "max": 130.156219482, "mean": 6.11163568497, "median": 2.07528877258, "min": -1.87785065174, "var": 132.541442871}, "melbands_skewness": {"dmean": 0.573845088482, "dmean2": 0.871048033237, "dvar": 0.361766517162, "dvar2": 0.824802935123, "max": 7.40378332138, "mean": 0.547926366329, "median": 0.46712449193, "min": -6.05839014053, "var": 2.40982151031}, "melbands_spread": {"dmean": 2.88560938835, "dmean2": 4.26334285736, "dvar": 25.7116088867, "dvar2": 40.1335716248, "max": 158.990600586, "mean": 11.5769042969, "median": 9.39311695099, "min": 0.508450984955, "var": 92.1373977661}, "pitch_salience": {"dmean": 0.0494812987745, "dmean2": 0.0786275193095, "dvar": 0.00298610562459, "dvar2": 0.00743131805211, "max": 0.885882139206, "mean": 0.402974963188, "median": 0.411542654037, "min": 0.0779046714306, "var": 0.0103267598897}, "silence_rate_20dB": {"dmean": 0, "dmean2": 0, "dvar": 0, "dvar2": 0, "max": 1, "mean": 1, "median": 1, "min": 1, "var": 0}, "silence_rate_30dB": {"dmean": 0.0108254393563, "dmean2": 0.0216582063586, "dvar": 0.0107077620924, "dvar2": 0.024572102353, "max": 1, "mean": 0.989854574203, "median": 1, "min": 0, "var": 0.0100425444543}, "silence_rate_60dB": {"dmean": 0.0419485792518, "dmean2": 0.0839255526662, "dvar": 0.040189832449, "dvar2": 0.0863596126437, "max": 1, "mean": 0.388231307268, "median": 0, "min": 0, "var": 0.237507238984}, "spectral_centroid": {"dmean": 88.4436798096, "dmean2": 128.911636353, "dvar": 49993.0507812, "dvar2": 66444.1484375, "max": 10662.0087891, "mean": 995.08782959, "median": 903.733703613, "min": 414.481170654, "var": 162811.40625}, "spectral_complexity": {"dmean": 1.15426254272, "dmean2": 1.84060919285, "dvar": 3.67776370049, "dvar2": 7.41396188736, "max": 27, "mean": 5.41055107117, "median": 5, "min": 0, "var": 13.6291875839}, "spectral_decrease": {"dmean": 1.24776622368e-09, "dmean2": 1.84286697014e-09, "dvar": 1.29106159756e-17, "dvar2": 2.86326319104e-17, "max": 1.57992543541e-28, "mean": -3.14022718939e-09, "median": -1.46392542533e-09, "min": -5.62082611566e-08, "var": 2.6593721036e-17}, "spectral_energy": {"dmean": 0.00534096639603, "dmean2": 0.00791714247316, "dvar": 0.000244329217821, "dvar2": 0.000545469578356, "max": 0.241011023521, "mean": 0.0131637239829, "median": 0.00609482964501, "min": 1.08205046892e-20, "var": 0.000485742144519}, "spectral_energyband_high": {"dmean": 4.40524854639e-05, "dmean2": 6.59942306811e-05, "dvar": 2.67789886266e-07, "dvar2": 6.30744864338e-07, "max": 0.0161540322006, "mean": 4.35214242316e-05, "median": 4.37345875071e-07, "min": 7.95450481243e-21, "var": 2.67003485988e-07}, "spectral_energyband_low": {"dmean": 0.000152115375386, "dmean2": 0.000235613886616, "dvar": 2.4417778377e-07, "dvar2": 6.17774844613e-07, "max": 0.0108182402328, "mean": 0.000177712165168, "median": 2.67950290436e-05, "min": 8.2172497675e-23, "var": 2.7308612971e-07}, "spectral_energyband_middle_high": {"dmean": 0.0043892362155, "dmean2": 0.00667174998671, "dvar": 0.000210257945582, "dvar2": 0.00048601187882, "max": 0.233272463083, "mean": 0.00809215847403, "median": 0.00202827504836, "min": 1.24930253156e-21, "var": 0.000333537638653}, "spectral_energyband_middle_low": {"dmean": 0.00149542943109, "dmean2": 0.00211514113471, "dvar": 1.43736442624e-05, "dvar2": 2.73479399766e-05, "max": 0.0988138392568, "mean": 0.00546397455037, "median": 0.00193884887267, "min": 2.70443656902e-22, "var": 7.46321675251e-05}, "spectral_entropy": {"dmean": 0.199269548059, "dmean2": 0.309218615294, "dvar": 0.0598103962839, "dvar2": 0.139637455344, "max": 9.79828643799, "mean": 5.65818929672, "median": 5.66899967194, "min": 4.32582235336, "var": 0.229084566236}, "spectral_flux": {"dmean": 0.0176699869335, "dmean2": 0.0283966399729, "dvar": 0.0013693459332, "dvar2": 0.00324896303937, "max": 0.409444987774, "mean": 0.0324216075242, "median": 0.021024627611, "min": 1.04021652403e-10, "var": 0.00195301533677}, "spectral_kurtosis": {"dmean": 20.2613792419, "dmean2": 35.7421875, "dvar": 300.643371582, "dvar2": 892.961730957, "max": 163.054901123, "mean": 53.3801040649, "median": 50.9567337036, "min": -1.17170262337, "var": 879.045715332}, "spectral_rms": {"dmean": 0.000525129609741, "dmean2": 0.00074704567669, "dvar": 1.12188831736e-06, "dvar2": 2.16787520912e-06, "max": 0.0153340380639, "mean": 0.00278398627415, "median": 0.00243847817183, "min": 3.24909066665e-12, "var": 5.09205938215e-06}, "spectral_rolloff": {"dmean": 124.674865723, "dmean2": 219.916137695, "dvar": 277184.40625, "dvar2": 344258.25, "max": 19250.6835938, "mean": 1243.80297852, "median": 1205.859375, "min": 366.064453125, "var": 446158.78125}, "spectral_skewness": {"dmean": 1.31056988239, "dmean2": 2.33884620667, "dvar": 1.10120689869, "dvar2": 3.35483050346, "max": 9.80388259888, "mean": 4.75981140137, "median": 4.67571306229, "min": 0.0509246513247, "var": 3.41368865967}, "spectral_spread": {"dmean": 302146.65625, "dmean2": 528278.0625, "dvar": 573498982400, "dvar2": 697745211392, "max": 39872484, "mean": 1316368.25, "median": 1234300.625, "min": 482615.28125, "var": 703721504768}, "spectral_strongpeak": {"dmean": 0.932851493359, "dmean2": 1.43053174019, "dvar": 3.80956363678, "dvar2": 7.68489313126, "max": 31.3446464539, "mean": 2.51205277443, "median": 1.50324225426, "min": 0, "var": 9.92979049683}, "zerocrossingrate": {"dmean": 0.00367846246809, "dmean2": 0.00417492864653, "dvar": 0.000162388387253, "dvar2": 0.000165549296071, "max": 0.521484375, "mean": 0.0454377308488, "median": 0.0419921875, "min": 0.015625, "var": 0.000409018190112}, "barkbands": {"dmean": [1.31305557716e-06, 5.07993245265e-05, 0.000102636586234, 2.40293775278e-05, 2.05395645025e-05, 0.000212070241105, 0.000229715864407, 0.000389076943975, 0.00062571692979, 0.000666837149765, 0.000396588264266, 0.000619013677351, 0.00121001410298, 0.000731113133952, 0.000817552558146, 0.000307098322082, 0.000314372882713, 2.47279276664e-05, 2.88226219709e-05, 5.54868938707e-06, 3.21329534927e-05, 2.11932524508e-06, 4.90881120641e-06, 3.86883527881e-07, 3.12331621899e-07, 5.66578037819e-08, 2.73201248291e-08], "dmean2": [2.25224471251e-06, 8.62914093887e-05, 0.000161998294061, 3.87880536437e-05, 3.27974630636e-05, 0.000317475176416, 0.000310587929562, 0.000569571915548, 0.000903369276784, 0.000894309137948, 0.000641534104943, 0.00092461029999, 0.00199340935796, 0.00105221639387, 0.00126783421729, 0.000416805502027, 0.000527043826878, 3.71346504835e-05, 4.57655150967e-05, 8.26313680591e-06, 4.86584322061e-05, 3.57886347047e-06, 7.69942016632e-06, 6.41837289095e-07, 5.32458727776e-07, 1.01105236183e-07, 5.12682376552e-08], "dvar": [8.08457294166e-12, 2.51690295272e-08, 1.25994802147e-07, 6.59109211654e-09, 8.24787971254e-09, 9.90590706351e-07, 1.44238981648e-06, 1.66960080605e-06, 6.75501496517e-06, 1.10987302833e-05, 1.06050902104e-05, 1.07283076431e-05, 8.51571385283e-05, 3.99675664084e-05, 2.53347770922e-05, 5.06828064317e-06, 1.41304799399e-05, 1.20699212403e-07, 2.26365006739e-08, 3.13923531614e-09, 1.88164889892e-07, 1.76041003996e-09, 5.17155918089e-09, 7.1379256672e-11, 2.08207409647e-11, 8.45086804355e-13, 2.88423012687e-13], "dvar2": [2.30165018988e-11, 6.86286085738e-08, 3.3057315818e-07, 1.60315405395e-08, 2.02664853788e-08, 1.73584123786e-06, 2.42626424551e-06, 2.94840469905e-06, 1.44513378473e-05, 1.99839032575e-05, 2.40170465986e-05, 2.2535376047e-05, 0.000222642847802, 8.35578466649e-05, 6.35325777694e-05, 9.14051997825e-06, 3.76363605028e-05, 2.62531983708e-07, 5.59988038162e-08, 6.80816647503e-09, 4.47176518037e-07, 3.3160099111e-09, 1.16379430537e-08, 1.53971807526e-10, 5.53759642308e-11, 2.3729915602e-12, 8.51254179993e-13], "max": [7.54567809054e-05, 0.00276758754626, 0.00818957481533, 0.00124384521041, 0.00271479459479, 0.0247531514615, 0.0716327056289, 0.0411221571267, 0.0487115010619, 0.117393679917, 0.101423501968, 0.0681207850575, 0.229501664639, 0.158976897597, 0.0917982384562, 0.0970152020454, 0.0991935506463, 0.0160983819515, 0.0026341767516, 0.00188511551823, 0.0138257788494, 0.00177775253542, 0.00204720674083, 0.000373427639715, 0.000123141246149, 2.78685874946e-05, 1.88664071175e-05], "mean": [1.45520323258e-06, 5.58914725843e-05, 0.000103641665191, 2.40052668232e-05, 2.21265345317e-05, 0.000809944758657, 0.000767086981796, 0.00113220920321, 0.00162137777079, 0.00190783292055, 0.0006440532743, 0.00113319454249, 0.00164297514129, 0.000940920494031, 0.00130284146871, 0.000674916955177, 0.000267731171334, 2.97944206977e-05, 3.73968105123e-05, 6.20161199549e-06, 3.09071219817e-05, 2.33702917285e-06, 4.21383720095e-06, 3.68221463987e-07, 2.27479461046e-07, 4.3404568828e-08, 1.92888425232e-08], "median": [5.31655757641e-07, 8.71643351275e-06, 9.34772469918e-06, 2.79894220512e-06, 3.14289718517e-06, 1.65804067365e-05, 8.22970032459e-05, 0.000154047316755, 6.81139863445e-05, 3.17469093716e-05, 3.09177667077e-05, 3.57385615644e-05, 8.18612024887e-05, 1.17025747386e-05, 1.87428413483e-05, 8.66491063789e-06, 2.83208328256e-06, 1.77511969923e-06, 3.70377915715e-06, 2.45085971073e-07, 5.85195998326e-08, 4.82860542661e-08, 6.84440504273e-09, 1.76783465644e-09, 1.18375165226e-09, 1.29300958829e-09, 1.07509479097e-09], "min": [6.33811398705e-24, 1.28290240206e-23, 2.05780678014e-23, 6.81087359438e-23, 7.12358752354e-23, 2.89302809413e-23, 1.38899677852e-23, 2.60267048302e-23, 4.75454040641e-23, 3.1141887199e-23, 9.70546868182e-23, 7.39814077973e-23, 1.01545186013e-22, 7.78006684036e-23, 9.19935256442e-23, 9.2525236827e-23, 1.17763213281e-22, 1.22727723216e-22, 3.3680427708e-22, 3.53116103065e-22, 5.27347532419e-22, 3.78315803987e-22, 4.81102814837e-22, 9.66227633844e-22, 1.51435626162e-21, 1.78171492964e-21, 2.37592888723e-21], "var": [7.14301144275e-12, 2.61248835898e-08, 1.25415326124e-07, 6.7715708596e-09, 7.68015606667e-09, 6.86162047714e-06, 9.23432799027e-06, 7.6506039477e-06, 2.05875949177e-05, 4.27000995842e-05, 1.6833862901e-05, 2.27392592933e-05, 8.88645590749e-05, 5.77611644985e-05, 3.54486328433e-05, 1.5864312445e-05, 1.03402544482e-05, 1.44999802387e-07, 2.25658514097e-08, 3.58070839646e-09, 1.88192530004e-07, 2.0869455053e-09, 4.76187711484e-09, 7.7378582708e-11, 1.46319172056e-11, 5.61332718588e-13, 1.61357594495e-13]}, "erbbands": {"dmean": [0.00058653607266, 0.0153013225645, 0.100029148161, 0.106999978423, 0.060449603945, 0.0777829214931, 0.256271719933, 2.5112349987, 2.07236719131, 9.48115825653, 5.82830142975, 17.2421455383, 15.2032966614, 18.7192802429, 18.2317752838, 34.3972969055, 67.2383422852, 39.9231872559, 44.2176094055, 32.1387748718, 12.1799554825, 11.0944328308, 2.66921544075, 1.34991395473, 1.08940720558, 0.402972102165, 1.04219937325, 0.825212419033, 0.0767440646887, 0.0213340073824, 0.215959444642, 0.0334083177149, 0.00407229363918, 0.0053960904479, 0.00073487276677, 0.00026234111283, 5.19480599905e-05, 4.09012354794e-05, 7.15716214472e-06, 7.06119817551e-06], "dmean2": [0.000933139759582, 0.0256580691785, 0.159846171737, 0.168703913689, 0.0957420095801, 0.128410980105, 0.376244008541, 3.72813725471, 2.90027427673, 13.8175773621, 8.4364900589, 24.4860725403, 20.7454376221, 25.7942123413, 29.3020324707, 50.7714996338, 109.837646484, 57.9404411316, 68.1972885132, 45.3162765503, 18.7258281708, 18.339931488, 3.59471464157, 2.04730010033, 1.80485105515, 0.594707071781, 1.5769380331, 1.25558149815, 0.124536216259, 0.0323040820658, 0.341170012951, 0.0521179251373, 0.00661857705563, 0.00924682989717, 0.00125717488118, 0.000461063260445, 9.16057251743e-05, 7.27538426872e-05, 1.20284530567e-05, 1.06354782474e-05], "dvar": [2.79724463326e-06, 0.00239120493643, 0.120604000986, 0.125738248229, 0.0534952916205, 0.136492148042, 1.12813985348, 158.283370972, 29.6978321075, 1580.38342285, 598.11114502, 5178.14501953, 5221.33740234, 14500.2207031, 15508.8417969, 28145.2988281, 248056.078125, 96990.1953125, 69718.21875, 61157.8984375, 10531.6220703, 17018.5214844, 1391.59375, 45.2299308777, 76.5370941162, 13.3783349991, 183.286117554, 111.86063385, 1.16686940193, 0.0411657392979, 10.1800689697, 0.212620958686, 0.00344997528009, 0.00653749424964, 0.000133531357278, 1.575926035e-05, 6.99587076269e-07, 4.87429588247e-07, 5.99523097833e-09, 5.53206647158e-10], "dvar2": [6.47217757432e-06, 0.00649574073032, 0.318321794271, 0.307644456625, 0.133243575692, 0.343138933182, 1.61537694931, 270.869018555, 57.4335289001, 2843.04125977, 1011.48535156, 11295.6015625, 8287.94238281, 28249.3164062, 36673.0039062, 58310.3515625, 648173, 199664.0625, 171697.90625, 126874.523438, 27209.96875, 45138.6289062, 2130.20532227, 93.7945785522, 205.21673584, 29.1166858673, 441.329864502, 263.283081055, 2.2746899128, 0.0967306420207, 22.7551689148, 0.476764500141, 0.00865184701979, 0.0174200180918, 0.000360821868526, 4.39772738901e-05, 1.9929152586e-06, 1.37130973599e-06, 1.74650320872e-08, 1.33960387227e-09], "max": [0.0316289626062, 0.841116905212, 8.0145149231, 5.64537382126, 6.12274169922, 11.1428461075, 30.5520763397, 317.41595459, 167.271987915, 2104.43017578, 1135.6192627, 1377.56066895, 1880.52954102, 4828.12744141, 3852.94921875, 3391.61083984, 12402.4335938, 7889.41162109, 4937.57080078, 10433.4882812, 2743.32666016, 3421.25170898, 2006.47021484, 139.528610229, 184.980438232, 130.65007019, 429.06362915, 334.620025635, 44.1125411987, 5.53974342346, 91.7921066284, 12.7194948196, 1.91351807117, 2.14658331871, 0.335357427597, 0.116016127169, 0.0278958342969, 0.0222888421267, 0.00264767906629, 0.000476767512737], "mean": [0.000820537679829, 0.0168506167829, 0.103213958442, 0.111441731453, 0.0636605992913, 0.0926744639874, 0.891624093056, 9.79910182953, 8.15280914307, 26.799287796, 17.8554019928, 48.233089447, 53.526260376, 38.5934448242, 31.8437156677, 64.0262908936, 92.5925445557, 54.2443466187, 68.7288818359, 63.1628074646, 18.1982746124, 9.97126865387, 3.23520755768, 2.00899410248, 1.13735437393, 0.445473879576, 1.0072029829, 0.80989998579, 0.0817390829325, 0.0217520408332, 0.186031118035, 0.0302922986448, 0.00331623293459, 0.00390588934533, 0.000549792777747, 0.000220947884372, 4.37820599473e-05, 3.02701009787e-05, 1.04496921267e-05, 1.6276471797e-05], "median": [0.000146277365275, 0.00254643708467, 0.0105358315632, 0.0124418213964, 0.00969447568059, 0.012146265246, 0.0366902351379, 0.342229276896, 1.1571688652, 5.27814340591, 3.10004639626, 2.43382811546, 2.78373980522, 1.6062541008, 3.37758111954, 3.85086512566, 7.25317811966, 2.58568787575, 1.52449858189, 1.10491621494, 0.50675290823, 0.21772685647, 0.167393729091, 0.200093537569, 0.0941751599312, 0.022265098989, 0.00680032838136, 0.00311788334511, 0.00194828677922, 0.00057626835769, 0.000193931424292, 7.5716045103e-05, 3.32543786499e-05, 2.09929858102e-05, 1.39473913805e-05, 1.01225150502e-05, 5.29930048287e-06, 1.63993615843e-06, 3.55237352778e-06, 7.3009478001e-06], "min": [6.52838414506e-22, 2.06538456538e-21, 1.61207759396e-20, 1.57109257176e-19, 1.12644641562e-19, 4.18716939069e-19, 2.0709693189e-19, 2.71088205689e-19, 2.21202778253e-19, 2.76483465385e-19, 6.78259823056e-19, 8.77473193796e-19, 1.27009199e-18, 1.23546393481e-18, 4.87923858048e-18, 2.90234577926e-18, 4.85344832975e-18, 3.47489434988e-18, 6.67026162331e-18, 3.77676688339e-18, 5.37932674982e-18, 6.80873165785e-18, 7.09953651477e-18, 1.1006260917e-17, 1.8841141144e-17, 1.95496924762e-17, 2.29678889718e-17, 1.69450512741e-17, 1.27232752833e-17, 1.33103783036e-17, 1.47929407329e-17, 1.66272732982e-17, 1.77819280978e-17, 1.70052716771e-17, 1.08591212025e-17, 6.4955114471e-18, 3.20803347656e-18, 1.18043584796e-18, 3.3955903732e-19, 3.8068192727e-20], "var": [4.92614026371e-06, 0.00241764797829, 0.119667217135, 0.133660450578, 0.0506232790649, 0.124536536634, 9.79150104523, 1087.04882812, 262.974517822, 8715.61132812, 2806.96801758, 16268.9775391, 34338.1679688, 36922.2929688, 23000.3984375, 61026.3984375, 257475.5, 142810.46875, 99949.5625, 136861.609375, 13813.8085938, 12657.4638672, 2209.02929688, 62.5607833862, 59.6470756531, 15.242980957, 180.504333496, 113.066444397, 1.35032308102, 0.0388323664665, 9.4447889328, 0.208034783602, 0.00283534754999, 0.00457371445373, 9.01117746253e-05, 1.10898454295e-05, 4.2956918378e-07, 3.07551573542e-07, 3.77444520083e-09, 8.65305604947e-10]}, "gfcc": {"mean": [-245.698623657, 168.987243652, -184.153747559, -49.7883453369, -31.3395404816, -16.1662826538, -6.49131822586, 1.52360284328, 2.50683569908, 6.86155557632, 3.35101819038, -12.4515924454, -16.3349819183], "cov": [[13976.0244141, 411.246917725, -1627.25793457, 2149.59545898, 577.557861328, 1.90856254101, 71.8161239624, -1013.88165283, 304.62991333, -420.134857178, -395.771911621, -245.274627686, 454.955932617], [411.246917725, 812.28137207, 49.8547134399, -235.012069702, 187.684051514, -139.249328613, 148.678512573, -126.432647705, -122.380172729, 55.6877441406, 252.456298828, 35.0849647522, -120.449775696], [-1627.25793457, 49.8547134399, 550.839294434, -224.745925903, -171.389755249, -49.0934715271, -36.1182594299, 136.574630737, -65.8916015625, 63.9702529907, 114.501296997, 57.6240539551, -118.928459167], [2149.59545898, -235.012069702, -224.745925903, 741.857910156, 95.8668060303, 30.6730194092, -114.120452881, -191.005249023, 62.2825202942, -96.3291625977, -151.650863647, -22.8086490631, 149.366424561], [577.557861328, 187.684051514, -171.389755249, 95.8668060303, 358.775360107, 85.7897262573, 46.2916946411, -129.847930908, -78.2066116333, 11.6701517105, 62.4911308289, 7.18417787552, 0.957928597927], [1.90856254101, -139.249328613, -49.0934715271, 30.6730194092, 85.7897262573, 237.785415649, 104.839996338, 46.3075828552, -35.8065490723, -89.3150177002, -59.0939331055, 21.9299354553, 40.5806694031], [71.8161239624, 148.678512573, -36.1182594299, -114.120452881, 46.2916946411, 104.839996338, 297.806610107, 105.219467163, -58.1471748352, -108.104774475, -10.7150058746, -20.3942241669, -35.4415893555], [-1013.88165283, -126.432647705, 136.574630737, -191.005249023, -129.847930908, 46.3075828552, 105.219467163, 280.211883545, 51.390422821, -54.2570724487, -53.978263855, -23.6335525513, -62.7460289001], [304.62991333, -122.380172729, -65.8916015625, 62.2825202942, -78.2066116333, -35.8065490723, -58.1471748352, 51.390422821, 220.0337677, 58.0629272461, -124.08682251, -85.6405105591, 6.88345861435], [-420.134857178, 55.6877441406, 63.9702529907, -96.3291625977, 11.6701517105, -89.3150177002, -108.104774475, -54.2570724487, 58.0629272461, 236.848358154, 100.505622864, -57.3082237244, -121.970375061], [-395.771911621, 252.456298828, 114.501296997, -151.650863647, 62.4911308289, -59.0939331055, -10.7150058746, -53.978263855, -124.08682251, 100.505622864, 284.563140869, 85.4325561523, -135.616333008], [-245.274627686, 35.0849647522, 57.6240539551, -22.8086490631, 7.18417787552, 21.9299354553, -20.3942241669, -23.6335525513, -85.6405105591, -57.3082237244, 85.4325561523, 202.292755127, 112.070419312], [454.955932617, -120.449775696, -118.928459167, 149.366424561, 0.957928597927, 40.5806694031, -35.4415893555, -62.7460289001, 6.88345861435, -121.970375061, -135.616333008, 112.070419312, 320.694610596]], "icov": [[0.000319610146107, -0.00037087732926, 0.000439792114776, -0.000700889038853, 0.000325751956552, -0.000197972971364, -0.000260173284914, 0.000811131147202, -0.000780893024057, 0.000701185781509, -0.000428948231274, 0.000360197736882, 2.70283162536e-05], [-0.00037087732926, 0.00559674808756, -0.00240574125201, 0.00269365985878, -0.00362291396596, 0.00468270666897, -0.00402102246881, 0.00367508968338, -0.00250521744601, 0.00250965729356, -0.0027298682835, 1.53880353082e-06, 2.77416820609e-05], [0.000439792114776, -0.00240574125201, 0.00483720796183, -0.00177335715853, 0.00303340703249, -0.00180036993697, 0.00191187940072, -0.00259960838594, 0.0025867188815, -0.00209538801573, 0.00113883451559, -0.00122336565983, 0.00107039813884], [-0.000700889038853, 0.00269365985878, -0.00177335715853, 0.00481783365831, -0.00238824286498, 0.00166624144185, 9.90373664536e-05, 0.00207979301922, -0.000965243263636, 0.00207319878973, 0.000227412820095, -0.000189635815332, 0.000290260650218], [0.000325751956552, -0.00362291396596, 0.00303340703249, -0.00238824286498, 0.00759061984718, -0.00507314689457, 0.00159345346037, -0.000772954139393, 0.00276912748814, -0.00288021238521, 0.000404426449677, 0.00047726239427, -9.20720631257e-05], [-0.000197972971364, 0.00468270666897, -0.00180036993697, 0.00166624144185, -0.00507314689457, 0.0109029365703, -0.0050491723232, 0.00190690753516, -0.00103459390812, 0.00210444559343, 0.000695970375091, -0.00231372541748, 0.000971959962044], [-0.000260173284914, -0.00402102246881, 0.00191187940072, 9.90373664536e-05, 0.00159345346037, -0.0050491723232, 0.0105023346841, -0.00622539967299, 0.00417437078431, 0.000176761735929, 0.0016335019609, 0.00170303089544, 0.000171778941876], [0.000811131147202, 0.00367508968338, -0.00259960838594, 0.00207979301922, -0.000772954139393, 0.00190690753516, -0.00622539967299, 0.0161015018821, -0.00950687006116, 0.00868454482406, -0.00257016229443, 0.000356267439201, 0.0028159331996], [-0.000780893024057, -0.00250521744601, 0.0025867188815, -0.000965243263636, 0.00276912748814, -0.00103459390812, 0.00417437078431, -0.00950687006116, 0.0164849795401, -0.0108381779864, 0.00887649226934, -0.00203385599889, 0.000288157520117], [0.000701185781509, 0.00250965729356, -0.00209538801573, 0.00207319878973, -0.00288021238521, 0.00210444559343, 0.000176761735929, 0.00868454482406, -0.0108381779864, 0.0175351761281, -0.00891013629735, 0.00588179565966, 0.000744624470826], [-0.000428948231274, -0.0027298682835, 0.00113883451559, 0.000227412820095, 0.000404426449677, 0.000695970375091, 0.0016335019609, -0.00257016229443, 0.00887649226934, -0.00891013629735, 0.0191305074841, -0.0119439680129, 0.00817260332406], [0.000360197736882, 1.53880353082e-06, -0.00122336565983, -0.000189635815332, 0.00047726239427, -0.00231372541748, 0.00170303089544, 0.000356267439201, -0.00203385599889, 0.00588179565966, -0.0119439680129, 0.0170128215104, -0.00904204510152], [2.70283162536e-05, 2.77416820609e-05, 0.00107039813884, 0.000290260650218, -9.20720631257e-05, 0.000971959962044, 0.000171778941876, 0.0028159331996, 0.000288157520117, 0.000744624470826, 0.00817260332406, -0.00904204510152, 0.010692213662]]}, "melbands": {"dmean": [9.50301091507e-06, 4.05316750403e-05, 1.68580281752e-05, 4.7564117267e-06, 8.39059339341e-06, 5.07634431415e-05, 3.45680855389e-05, 0.000105318067654, 5.64929287066e-05, 0.000101680401713, 7.36691290513e-05, 7.54229477025e-05, 6.21535582468e-05, 6.41313599772e-05, 0.000128357147332, 9.6273215604e-05, 8.23836235213e-05, 6.69571090839e-05, 5.13607847097e-05, 3.32034360326e-05, 1.45405847434e-05, 1.53457640408e-05, 5.92571177549e-06, 4.14458355635e-07, 1.24092946407e-06, 7.4805359418e-07, 3.96026365479e-07, 2.52299173553e-07, 1.50717639258e-07, 1.69731572441e-06, 7.80306521619e-08, 5.00411942994e-08, 8.74853434141e-09, 4.84006301704e-09, 1.1820794299e-07, 7.40981676017e-08, 9.61105683928e-09, 1.40986144981e-09, 4.72302552623e-09, 3.7558272048e-09], "dmean2": [1.58103812282e-05, 6.49576541036e-05, 2.60965371126e-05, 7.57553243602e-06, 1.2187532775e-05, 7.5587813626e-05, 4.76926834381e-05, 0.00015409894695, 8.29075215734e-05, 0.000144452802488, 0.000100223849586, 0.000101948331576, 0.000102843630884, 9.5938827144e-05, 0.000205551448744, 0.000158159862622, 0.000118053823826, 0.000102842255728, 7.88876714068e-05, 4.4315624109e-05, 2.45961473411e-05, 2.66496081167e-05, 7.40225004847e-06, 6.92701007665e-07, 1.88614524177e-06, 1.25073756863e-06, 6.48892921618e-07, 3.67012177094e-07, 2.54356592677e-07, 2.5667668524e-06, 1.31830546479e-07, 8.47830605721e-08, 1.33466597774e-08, 8.07050692941e-09, 1.87771732385e-07, 1.13808631852e-07, 1.56762496317e-08, 2.66700572737e-09, 7.98257815404e-09, 6.5280740813e-09], "dvar": [8.10847611277e-10, 1.94037212964e-08, 3.0882436608e-09, 5.00727848074e-10, 1.14921716587e-09, 6.00592571232e-08, 1.18075895728e-08, 1.61632485174e-07, 5.69637101933e-08, 1.86977345606e-07, 1.31265878167e-07, 2.61098051624e-07, 2.65695319968e-07, 9.99510731958e-08, 5.35562435289e-07, 5.34859623258e-07, 5.12695407906e-07, 1.50827176526e-07, 9.48676373014e-08, 7.37259853167e-08, 3.06140535145e-08, 4.11787688392e-08, 9.46626688147e-09, 1.21234740996e-11, 4.52337854673e-11, 3.85755108412e-11, 9.1517834977e-12, 7.13080419365e-12, 3.23020126272e-12, 5.31686028538e-10, 1.68979381269e-12, 9.58813215456e-13, 8.51788783143e-15, 1.92939409363e-15, 3.06755554118e-12, 1.20126033686e-12, 6.4128308783e-14, 6.99448997019e-16, 4.88215433589e-15, 3.40210635034e-15], "dvar2": [2.11611106415e-09, 5.10515754115e-08, 7.45583417228e-09, 1.27067378841e-09, 1.61928404019e-09, 1.04406808532e-07, 2.13332942423e-08, 2.94590876138e-07, 1.07556608953e-07, 3.98387101086e-07, 2.08258811085e-07, 5.04560262016e-07, 6.12895462382e-07, 2.08190527928e-07, 1.37841345804e-06, 1.39340193073e-06, 1.05544779672e-06, 3.67970557136e-07, 2.33570247588e-07, 1.44018187598e-07, 8.3306332499e-08, 1.1225852603e-07, 1.4904292911e-08, 3.28698943064e-11, 9.34887584014e-11, 1.04232171505e-10, 2.40748237318e-11, 1.53189388258e-11, 8.50757398557e-12, 1.2528513782e-09, 3.33559980852e-12, 1.81136594439e-12, 2.11316136437e-14, 4.90573615666e-15, 6.82494468926e-12, 2.7657862979e-12, 1.32964128531e-13, 2.06494392915e-15, 1.28090117994e-14, 9.20086489636e-15], "max": [0.000537435524166, 0.00318973790854, 0.00103852408938, 0.000700960343238, 0.000990964937955, 0.00611338950694, 0.00523742195219, 0.019676534459, 0.00897189322859, 0.00883094314486, 0.00931264460087, 0.0208222158253, 0.0160557255149, 0.00621932791546, 0.0172083843499, 0.0182479824871, 0.0182004030794, 0.00703820027411, 0.0074511738494, 0.0115527771413, 0.00477057462558, 0.00551570625976, 0.00531112169847, 9.48276356212e-05, 0.000138727991725, 0.000132893241243, 6.00889252382e-05, 9.44350686041e-05, 4.62745156256e-05, 0.000738136994187, 5.45482216694e-05, 4.14673158957e-05, 3.44552768183e-06, 1.28851456793e-06, 5.08384946443e-05, 3.2521027606e-05, 1.15373422886e-05, 8.28014151466e-07, 1.76726803147e-06, 1.6680646695e-06], "mean": [1.17318331831e-05, 4.38857496192e-05, 1.82100229722e-05, 5.03484034198e-06, 2.80388394458e-05, 0.000197008179384, 0.000130230793729, 0.000299275765428, 0.000161081523402, 0.000283695902908, 0.000255911581917, 0.00015204185911, 0.000100958081021, 0.000123147314298, 0.000194920387003, 0.000130815722514, 0.000107828891487, 0.000100922203274, 8.48370837048e-05, 7.1211863542e-05, 1.50096711877e-05, 1.25509768623e-05, 6.93675747243e-06, 5.06371577558e-07, 1.86722354556e-06, 7.76458080054e-07, 3.96511410372e-07, 2.80097651739e-07, 1.40422855566e-07, 1.64282312198e-06, 7.93977719127e-08, 5.38772724212e-08, 9.97261206948e-09, 4.91779816869e-09, 1.02188074891e-07, 6.23728126925e-08, 9.88080461894e-09, 9.14539777241e-10, 3.46483219893e-09, 2.65882982298e-09], "median": [2.02946284844e-06, 5.3906451285e-06, 2.28648332268e-06, 7.13377744432e-07, 9.52576385771e-07, 4.87309807795e-06, 1.5707941202e-05, 5.63237335882e-05, 1.77102792804e-05, 1.31721362777e-05, 5.80841742703e-06, 3.0726444038e-06, 5.32257809027e-06, 5.26954318048e-06, 1.20583381431e-05, 7.69931375544e-06, 1.64411619608e-06, 1.67249459082e-06, 1.24490304643e-06, 6.93363233495e-07, 2.36939698084e-07, 1.24939973034e-07, 1.25516280036e-07, 4.92892944237e-08, 1.41122299624e-07, 4.60611566666e-08, 1.6193268948e-08, 6.89979984259e-09, 2.59799137758e-09, 1.4930532366e-09, 1.26952137691e-09, 1.12040721145e-09, 2.79661377389e-10, 2.20105725313e-10, 7.76995343066e-11, 6.23439910807e-11, 2.4184486011e-11, 1.64556979154e-11, 1.3910894138e-11, 1.04682078977e-11], "min": [5.01344731652e-24, 6.08698248446e-24, 2.46499484908e-23, 1.76806306059e-23, 1.04447242778e-23, 5.93854647223e-24, 3.1973055109e-24, 3.4862331144e-24, 5.73001543067e-24, 6.18799770109e-24, 6.14215462731e-24, 3.96414753331e-24, 1.48249367741e-23, 8.65397610195e-24, 8.96674367365e-24, 1.10699422991e-23, 5.16878901712e-24, 1.15629953533e-23, 5.30558972543e-24, 6.39317056178e-24, 5.77713843127e-24, 7.1765461227e-24, 5.87997315558e-24, 6.25316471161e-24, 8.67985310623e-24, 1.44461447e-23, 1.02736976558e-23, 1.37133765384e-23, 1.30727709962e-23, 1.36549298339e-23, 8.28343314641e-24, 7.01057531026e-24, 7.78317779223e-24, 7.02478979491e-24, 8.24360513703e-24, 9.37065860093e-24, 1.03497580466e-23, 1.22454728434e-23, 1.2900588693e-23, 1.45248367308e-23], "var": [1.04067909845e-09, 1.95520630797e-08, 3.42051054147e-09, 4.32646973803e-10, 1.0075550172e-08, 4.13313557601e-07, 8.94903919857e-08, 8.50793696827e-07, 2.08049769412e-07, 6.13037570929e-07, 8.51346555919e-07, 6.75982846587e-07, 4.0958008185e-07, 2.17124480173e-07, 6.25885832051e-07, 5.4734010746e-07, 7.5352352269e-07, 2.1463529265e-07, 1.44608407027e-07, 1.92916658648e-07, 2.33916725989e-08, 2.80924936646e-08, 1.45425467224e-08, 9.95258302855e-12, 6.30625551779e-11, 2.95314710186e-11, 7.46997342455e-12, 8.2099179885e-12, 2.72887268338e-12, 5.37867417272e-10, 1.92045988487e-12, 1.13185556847e-12, 9.83668170789e-15, 1.82667716097e-15, 2.86222087698e-12, 1.07336546335e-12, 7.32519174983e-14, 3.74372416121e-16, 3.52412504628e-15, 2.30428558213e-15]}, "mfcc": {"mean": [-858.026977539, 178.269241333, -47.2600440979, -34.6237983704, -11.525182724, -10.3367900848, -3.62168884277, -4.73464584351, -1.67379820347, 13.9300498962, 17.5586090088, 9.690741539, 8.81708812714], "cov": [[8328.23339844, 2513.51147461, -2210.80151367, 1269.6328125, 801.605285645, 299.808349609, 18.6688232422, -81.4040985107, 102.037307739, 24.2339286804, -384.804473877, -357.94921875, -203.465087891], [2513.51147461, 1555.71435547, -618.347839355, 185.851379395, 286.347473145, 17.9473266602, 190.164764404, -31.517414093, -242.899276733, -31.9800510406, 125.066947937, -136.964202881, -56.9995918274], [-2210.80151367, -618.347839355, 890.245239258, -232.41897583, -288.684387207, -152.762863159, -42.2053794861, 24.8285064697, -90.7025985718, -42.7286262512, 155.359329224, 161.690261841, 49.6027565002], [1269.6328125, 185.851379395, -232.41897583, 501.742340088, 177.382278442, 44.8400039673, -74.7425460815, -87.8985519409, 4.96434116364, -20.9962158203, -120.930335999, -85.6681213379, -26.8106136322], [801.605285645, 286.347473145, -288.684387207, 177.382278442, 301.259277344, 121.296401978, -1.99073290825, -77.8793792725, -59.1606636047, -52.0523452759, -67.5040969849, -17.2893600464, 30.1716480255], [299.808349609, 17.9473266602, -152.762863159, 44.8400039673, 121.296401978, 211.058425903, 70.9884567261, -28.3568534851, -0.689038693905, -42.2613716125, -50.5154457092, 2.86821532249, 6.53803300858], [18.6688232422, 190.164764404, -42.2053794861, -74.7425460815, -1.99073290825, 70.9884567261, 294.476593018, 158.904403687, -82.0015029907, -75.0851364136, 49.8190917969, 11.807592392, -31.2312717438], [-81.4040985107, -31.517414093, 24.8285064697, -87.8985519409, -77.8793792725, -28.3568534851, 158.904403687, 312.93069458, 138.848587036, -55.88722229, -91.6567687988, 5.99901437759, -16.6214103699], [102.037307739, -242.899276733, -90.7025985718, 4.96434116364, -59.1606636047, -0.689038693905, -82.0015029907, 138.848587036, 366.420715332, 126.146728516, -207.964767456, -109.485527039, -11.1798686981], [24.2339286804, -31.9800510406, -42.7286262512, -20.9962158203, -52.0523452759, -42.2613716125, -75.0851364136, -55.88722229, 126.146728516, 278.779846191, 103.374237061, -117.447723389, -56.1665534973], [-384.804473877, 125.066947937, 155.359329224, -120.930335999, -67.5040969849, -50.5154457092, 49.8190917969, -91.6567687988, -207.964767456, 103.374237061, 424.477874756, 159.01965332, -83.7427520752], [-357.94921875, -136.964202881, 161.690261841, -85.6681213379, -17.2893600464, 2.86821532249, 11.807592392, 5.99901437759, -109.485527039, -117.447723389, 159.01965332, 433.415161133, 109.619377136], [-203.465087891, -56.9995918274, 49.6027565002, -26.8106136322, 30.1716480255, 6.53803300858, -31.2312717438, -16.6214103699, -11.1798686981, -56.1665534973, -83.7427520752, 109.619377136, 290.445098877]], "icov": [[0.00235713855363, -0.00305450917222, 0.00341176730581, -0.00384300202131, 0.00296752457507, -0.00286135915667, 0.00327621074393, -0.00286036822945, 0.00252520153299, -0.00297797308303, 0.00305157946423, -0.00261835497804, 0.00144850707147], [-0.00305450917222, 0.00553603004664, -0.00330249243416, 0.00482100015506, -0.00474456744269, 0.0049830400385, -0.00493538239971, 0.00354686635546, -0.00299282884225, 0.00470250705257, -0.00534922722727, 0.00435886019841, -0.00238458276726], [0.00341176730581, -0.00330249243416, 0.00783314462751, -0.0054597184062, 0.00563908461481, -0.00339087750763, 0.0054623670876, -0.00496090017259, 0.00475894985721, -0.00318113621324, 0.00296165118925, -0.00313521153294, 0.00129941001069], [-0.00384300202131, 0.00482100015506, -0.0054597184062, 0.00923531316221, -0.00616160780191, 0.00506309606135, -0.00499383825809, 0.00525132473558, -0.00386815122329, 0.00460926676169, -0.00376682681963, 0.00403926335275, -0.00153957249131], [0.00296752457507, -0.00474456744269, 0.00563908461481, -0.00616160780191, 0.0123252905905, -0.00815892126411, 0.00691430037841, -0.00523471785709, 0.00697196135297, -0.0052992478013, 0.00585758453235, -0.00413239048794, 0.00145523890387], [-0.00286135915667, 0.0049830400385, -0.00339087750763, 0.00506309606135, -0.00815892126411, 0.0152484048158, -0.011895461008, 0.0107909590006, -0.00966602470726, 0.00784903019667, -0.00539365131408, 0.00334759987891, -0.00181012752], [0.00327621074393, -0.00493538239971, 0.0054623670876, -0.00499383825809, 0.00691430037841, -0.011895461008, 0.0185491368175, -0.0157478991896, 0.0128310984001, -0.00733854155988, 0.00461783912033, -0.002765474841, 0.00202548061498], [-0.00286036822945, 0.00354686635546, -0.00496090017259, 0.00525132473558, -0.00523471785709, 0.0107909590006, -0.0157478991896, 0.0197423975915, -0.0163895897567, 0.0112520307302, -0.00596866710111, 0.00301403482445, -0.00155181286391], [0.00252520153299, -0.00299282884225, 0.00475894985721, -0.00386815122329, 0.00697196135297, -0.00966602470726, 0.0128310984001, -0.0163895897567, 0.025076283142, -0.0193283632398, 0.0156781803817, -0.00692602805793, 0.00430888077244], [-0.00297797308303, 0.00470250705257, -0.00318113621324, 0.00460926676169, -0.0052992478013, 0.00784903019667, -0.00733854155988, 0.0112520307302, -0.0193283632398, 0.0237237941474, -0.0185408834368, 0.0106411045417, -0.00548413582146], [0.00305157946423, -0.00534922722727, 0.00296165118925, -0.00376682681963, 0.00585758453235, -0.00539365131408, 0.00461783912033, -0.00596866710111, 0.0156781803817, -0.0185408834368, 0.0208681728691, -0.0113389631733, 0.00721673155203], [-0.00261835497804, 0.00435886019841, -0.00313521153294, 0.00403926335275, -0.00413239048794, 0.00334759987891, -0.002765474841, 0.00301403482445, -0.00692602805793, 0.0106411045417, -0.0113389631733, 0.00991093087941, -0.00506017077714], [0.00144850707147, -0.00238458276726, 0.00129941001069, -0.00153957249131, 0.00145523890387, -0.00181012752, 0.00202548061498, -0.00155181286391, 0.00430888077244, -0.00548413582146, 0.00721673155203, -0.00506017077714, 0.00674017705023]]}, "spectral_contrast_coeffs": {"dmean": [0.0427990965545, 0.039988938719, 0.0332145877182, 0.0320840440691, 0.0221009515226, 0.0266471523792], "dmean2": [0.0707067102194, 0.0657220706344, 0.0520862415433, 0.050246629864, 0.0351547151804, 0.0459162518382], "dvar": [0.00116662948858, 0.00128696975298, 0.000948988599703, 0.000893657444976, 0.000461956835352, 0.000737398280762], "dvar2": [0.00308884563856, 0.00327856652439, 0.00210539693944, 0.00208803266287, 0.00112625036854, 0.00198662141338], "max": [-0.529467701912, -0.395163208246, -0.392165035009, -0.449331820011, -0.50542140007, -0.55780595541], "mean": [-0.770785391331, -0.630724728107, -0.642763137817, -0.662182450294, -0.737121164799, -0.793241143227], "median": [-0.777157902718, -0.621753811836, -0.643804073334, -0.664856016636, -0.738475441933, -0.795490801334], "min": [-0.982469677925, -0.964393258095, -0.981990396976, -0.961620509624, -0.959542453289, -0.961744248867], "var": [0.00330824777484, 0.00798075832427, 0.00672453921288, 0.00481267087162, 0.00218856800348, 0.00442038429901]}, "spectral_contrast_valleys": {"dmean": [0.474503934383, 0.402155071497, 0.344515174627, 0.323416501284, 0.293634951115, 0.40691870451], "dmean2": [0.745385050774, 0.65006673336, 0.54539000988, 0.503133296967, 0.464438617229, 0.706795036793], "dvar": [0.275942236185, 0.335650414228, 0.282192885876, 0.305555045605, 0.328895419836, 0.22924803197