{"lowlevel": {"average_loudness": 0.672925651073, "barkbands_crest": {"dmean": 2.35468649864, "dmean2": 3.70555067062, "dvar": 4.86805963516, "dvar2": 11.6341362, "max": 25.6010398865, "mean": 10.4441814423, "median": 9.23945331573, "min": 2.84615325928, "var": 22.255065918}, "barkbands_flatness_db": {"dmean": 0.0200654007494, "dmean2": 0.0287517607212, "dvar": 0.000432235799963, "dvar2": 0.000893738411833, "max": 0.527347743511, "mean": 0.167102873325, "median": 0.156625822186, "min": 0.0378695353866, "var": 0.00507811736315}, "barkbands_kurtosis": {"dmean": 2.34672284126, "dmean2": 3.73630046844, "dvar": 52.0272712708, "dvar2": 151.301132202, "max": 211.650268555, "mean": 3.62533760071, "median": 0.656648159027, "min": -1.83215141296, "var": 141.588546753}, "barkbands_skewness": {"dmean": 0.465367764235, "dmean2": 0.714856445789, "dvar": 0.270213067532, "dvar2": 0.690627634525, "max": 9.8382730484, "mean": 0.756978273392, "median": 0.679662227631, "min": -3.42764163017, "var": 1.91810190678}, "barkbands_spread": {"dmean": 4.24175024033, "dmean2": 6.29380702972, "dvar": 39.4626731873, "dvar2": 89.349647522, "max": 97.9301376343, "mean": 17.7494983673, "median": 15.7638072968, "min": 0.39482280612, "var": 125.855323792}, "dissonance": {"dmean": 0.0240775346756, "dmean2": 0.0412494465709, "dvar": 0.000648114189971, "dvar2": 0.00187103881035, "max": 0.499999850988, "mean": 0.446793824434, "median": 0.462207853794, "min": 0.106318466365, "var": 0.00298194540665}, "dynamic_complexity": 5.51057243347, "erbbands_crest": {"dmean": 2.7357108593, "dmean2": 4.26638269424, "dvar": 7.59513998032, "dvar2": 18.3045406342, "max": 31.971944809, "mean": 12.3575925827, "median": 10.7900066376, "min": 2.6697947979, "var": 38.6126289368}, "erbbands_flatness_db": {"dmean": 0.020697703585, "dmean2": 0.0288235787302, "dvar": 0.000493801373523, "dvar2": 0.000940221303608, "max": 0.48135253787, "mean": 0.215037316084, "median": 0.210537657142, "min": 0.0445673689246, "var": 0.00533691234887}, "erbbands_kurtosis": {"dmean": 1.77435815334, "dmean2": 2.70999789238, "dvar": 11.6373491287, "dvar2": 25.844329834, "max": 66.7665634155, "mean": 2.99686312675, "median": 0.62963104248, "min": -1.67904436588, "var": 43.7821121216}, "erbbands_skewness": {"dmean": 0.384541511536, "dmean2": 0.583193600178, "dvar": 0.195665851235, "dvar2": 0.44270658493, "max": 6.06946468353, "mean": 0.156796082854, "median": 0.0968449264765, "min": -5.47143793106, "var": 1.33259284496}, "erbbands_spread": {"dmean": 4.91543722153, "dmean2": 7.50447177887, "dvar": 30.479888916, "dvar2": 70.5436782837, "max": 117.880119324, "mean": 22.6051883698, "median": 21.1726531982, "min": 1.22462308407, "var": 193.337631226}, "hfc": {"dmean": 6.01077461243, "dmean2": 8.28342437744, "dvar": 90.099281311, "dvar2": 169.148483276, "max": 176.89704895, "mean": 20.3535861969, "median": 14.6519432068, "min": 1.23247145178e-16, "var": 420.144927979}, "melbands_crest": {"dmean": 2.90159893036, "dmean2": 4.61077880859, "dvar": 6.76645374298, "dvar2": 17.1142463684, "max": 33.7002906799, "mean": 12.9720563889, "median": 11.8827962875, "min": 1.50849175453, "var": 29.2690048218}, "melbands_flatness_db": {"dmean": 0.021529186517, "dmean2": 0.0311078745872, "dvar": 0.000497323169839, "dvar2": 0.00108865776565, "max": 0.678375542164, "mean": 0.221635535359, "median": 0.205861032009, "min": 0.00357047771104, "var": 0.0072280485183}, "melbands_kurtosis": {"dmean": 3.63873624802, "dmean2": 5.96198272705, "dvar": 147.559616089, "dvar2": 423.892303467, "max": 408.389282227, "mean": 6.51587057114, "median": 1.69481801987, "min": -1.87566709518, "var": 418.042236328}, "melbands_skewness": {"dmean": 0.533928215504, "dmean2": 0.823026120663, "dvar": 0.337155997753, "dvar2": 0.863490581512, "max": 15.9755477905, "mean": 1.25444281101, "median": 1.09822881222, "min": -3.19195866585, "var": 2.51734781265}, "melbands_spread": {"dmean": 4.96240615845, "dmean2": 7.57479429245, "dvar": 27.1321525574, "dvar2": 61.508228302, "max": 146.238876343, "mean": 25.238740921, "median": 22.7235031128, "min": 0.416270762682, "var": 274.288726807}, "pitch_salience": {"dmean": 0.0591336861253, "dmean2": 0.0952316597104, "dvar": 0.0027767161373, "dvar2": 0.00709271291271, "max": 0.822384476662, "mean": 0.502741098404, "median": 0.507063269615, "min": 0.089286364615, "var": 0.0108226574957}, "silence_rate_20dB": {"dmean": 0, "dmean2": 0, "dvar": 0, "dvar2": 0, "max": 1, "mean": 1, "median": 1, "min": 1, "var": 0}, "silence_rate_30dB": {"dmean": 0.00187178282067, "dmean2": 0.00374444178306, "dvar": 0.00186816533096, "dvar2": 0.00466607138515, "max": 1, "mean": 0.998362600803, "median": 1, "min": 0, "var": 0.0016348711215}, "silence_rate_60dB": {"dmean": 0.0177819374949, "dmean2": 0.0355721972883, "dvar": 0.0174657572061, "dvar2": 0.0389883369207, "max": 1, "mean": 0.135204672813, "median": 0, "min": 0, "var": 0.116923429072}, "spectral_centroid": {"dmean": 154.461669922, "dmean2": 233.908752441, "dvar": 35537.7851562, "dvar2": 65882.484375, "max": 10635.4052734, "mean": 1215.02282715, "median": 1181.53356934, "min": 125.80027771, "var": 280257.4375}, "spectral_complexity": {"dmean": 2.17922329903, "dmean2": 3.37374210358, "dvar": 4.45826244354, "dvar2": 9.75858592987, "max": 44, "mean": 14.866900444, "median": 16, "min": 0, "var": 61.2754898071}, "spectral_decrease": {"dmean": 1.37206990214e-09, "dmean2": 1.98062855006e-09, "dvar": 3.49908152458e-18, "dvar2": 7.74400781926e-18, "max": 2.29307804087e-18, "mean": -5.01053687429e-09, "median": -3.77160747078e-09, "min": -3.28851896825e-08, "var": 2.01822523799e-17}, "spectral_energy": {"dmean": 0.00560894189402, "dmean2": 0.00803944654763, "dvar": 5.80200394324e-05, "dvar2": 0.000125986436615, "max": 0.140161067247, "mean": 0.0207570176572, "median": 0.0157557297498, "min": 1.09098506966e-20, "var": 0.000340381084243}, "spectral_energyband_high": {"dmean": 0.000186882039998, "dmean2": 0.000252600992098, "dvar": 2.12698822111e-07, "dvar2": 3.84133102216e-07, "max": 0.00896836724132, "mean": 0.000375126779545, "median": 0.000114632632176, "min": 7.91272330577e-21, "var": 5.31491537004e-07}, "spectral_energyband_low": {"dmean": 0.00165346811991, "dmean2": 0.0027894936502, "dvar": 1.56969417731e-05, "dvar2": 4.4135733333e-05, "max": 0.0501417666674, "mean": 0.00269107054919, "median": 0.000671055167913, "min": 1.57600493357e-23, "var": 2.50929588219e-05}, "spectral_energyband_middle_high": {"dmean": 0.00300328456797, "dmean2": 0.0042875232175, "dvar": 3.24274260493e-05, "dvar2": 6.60585210426e-05, "max": 0.126273244619, "mean": 0.00853286776692, "median": 0.00574489403516, "min": 1.39018465789e-21, "var": 0.000122165700304}, "spectral_energyband_middle_low": {"dmean": 0.00293153617531, "dmean2": 0.00410795817152, "dvar": 1.75395925908e-05, "dvar2": 3.60676167475e-05, "max": 0.0869164988399, "mean": 0.0100968945771, "median": 0.0058548822999, "min": 4.35440364956e-22, "var": 0.00013279709674}, "spectral_entropy": {"dmean": 0.159836769104, "dmean2": 0.233430683613, "dvar": 0.0388084724545, "dvar2": 0.0888166949153, "max": 9.80106544495, "mean": 7.11757135391, "median": 7.20531845093, "min": 4.72648525238, "var": 0.421167224646}, "spectral_flux": {"dmean": 0.0147408042103, "dmean2": 0.024162998423, "dvar": 0.000282866967609, "dvar2": 0.000722832686733, "max": 0.22016325593, "mean": 0.0580781958997, "median": 0.0562152341008, "min": 1.04450233185e-10, "var": 0.00109603768215}, "spectral_kurtosis": {"dmean": 3.34045958519, "dmean2": 5.76993274689, "dvar": 24.7221469879, "dvar2": 70.5847625732, "max": 89.086730957, "mean": 10.678645134, "median": 7.62128353119, "min": -1.22369015217, "var": 129.093536377}, "spectral_rms": {"dmean": 0.000560295244213, "dmean2": 0.000796410546172, "dvar": 3.69466590655e-07, "dvar2": 7.93568858626e-07, "max": 0.0116936946288, "mean": 0.00398650206625, "median": 0.00392064359039, "min": 3.26247709403e-12, "var": 4.35851234215e-06}, "spectral_rolloff": {"dmean": 417.181549072, "dmean2": 715.492431641, "dvar": 1846954.375, "dvar2": 4567287, "max": 19573.6816406, "mean": 1806.18981934, "median": 1378.125, "min": 86.1328125, "var": 5729082.5}, "spectral_skewness": {"dmean": 0.306499809027, "dmean2": 0.51484388113, "dvar": 0.132398605347, "dvar2": 0.374683082104, "max": 7.55087709427, "mean": 2.21268248558, "median": 2.02312421799, "min": -0.00935821514577, "var": 0.938071668148}, "spectral_spread": {"dmean": 452630.4375, "dmean2": 625640.9375, "dvar": 647676821504, "dvar2": 972622790656, "max": 41089608, "mean": 3658606, "median": 3159305.25, "min": 821347.0625, "var": 3614033838080.0}, "spectral_strongpeak": {"dmean": 0.822721779346, "dmean2": 1.30325818062, "dvar": 1.60330104828, "dvar2": 3.81843352318, "max": 18.540807724, "mean": 2.00607705116, "median": 1.14613902569, "min": 0, "var": 5.49437046051}, "zerocrossingrate": {"dmean": 0.00989015121013, "dmean2": 0.0114444987848, "dvar": 0.000270331947831, "dvar2": 0.000325436965795, "max": 0.529296875, "mean": 0.0694302842021, "median": 0.056640625, "min": 0.00341796875, "var": 0.00363510823809}, "barkbands": {"dmean": [3.97818666897e-06, 0.000423675985076, 0.00096205144655, 0.000923150626477, 0.00113219534978, 0.00105832610279, 0.000343563442584, 0.000414786976762, 0.000581981032155, 0.000541317334864, 0.000463419040898, 0.000901419785805, 0.00128956197295, 0.000474140746519, 0.000503118382767, 0.000247040123213, 0.000180225993972, 0.000115795475722, 8.6189385911e-05, 4.68248836114e-05, 2.62649282377e-05, 1.46894699355e-05, 2.27347591135e-05, 2.7197498639e-05, 2.46594063356e-05, 3.7877329305e-05, 6.31964721833e-05], "dmean2": [6.87067858962e-06, 0.000696835690178, 0.00161776365712, 0.00154494668823, 0.00168088648934, 0.00147539668251, 0.000456865789602, 0.000515101710334, 0.00077470834367, 0.000787685276009, 0.000723860459402, 0.001314669149, 0.00176313216798, 0.000685074774083, 0.000789079174865, 0.000406869978178, 0.000292600132525, 0.000185248398338, 0.000136005794047, 7.45956640458e-05, 4.05060709454e-05, 2.33609152929e-05, 3.22936903103e-05, 4.08431333199e-05, 3.61576276191e-05, 5.10457248311e-05, 9.44533749134e-05], "dvar": [2.90764246014e-10, 2.23868551075e-06, 6.21752769803e-06, 5.13426675752e-06, 4.11055634686e-06, 3.72163390239e-06, 1.21988057344e-06, 1.66411552982e-06, 2.25047506319e-06, 2.18152035814e-06, 1.0856570043e-06, 1.25130090964e-05, 1.84761465789e-05, 1.74403385245e-06, 2.29456554734e-06, 4.05107357437e-07, 1.51597632225e-07, 5.26149221969e-08, 3.72555497563e-08, 1.37306743753e-08, 2.66919464309e-09, 2.33728258969e-09, 1.54662522789e-08, 9.02166519268e-09, 5.26084287245e-09, 1.81807440214e-08, 3.99433908171e-08], "dvar2": [8.2631157472e-10, 6.70613735565e-06, 1.64882330864e-05, 1.41146174428e-05, 7.80295613367e-06, 7.19890977052e-06, 1.47286675656e-06, 2.17834349314e-06, 3.04886293634e-06, 4.29138026448e-06, 2.44414741246e-06, 3.00067604257e-05, 3.13912787533e-05, 3.66014955944e-06, 5.45763032278e-06, 1.17931904242e-06, 3.76802802293e-07, 1.35924267397e-07, 8.15524714426e-08, 3.61258720716e-08, 5.93316995534e-09, 5.81090287e-09, 2.58463472846e-08, 2.20166693765e-08, 1.21291359179e-08, 3.35847971655e-08, 8.89747084898e-08], "max": [0.000443406344857, 0.0339670479298, 0.0409315936267, 0.036941587925, 0.0760343447328, 0.0480490364134, 0.044657073915, 0.0554748922586, 0.0552538409829, 0.0622290335596, 0.0317795909941, 0.0979543924332, 0.122831605375, 0.0315270833671, 0.0363686308265, 0.0209560990334, 0.00667912187055, 0.00481007480994, 0.00435505062342, 0.0027580242604, 0.000997427268885, 0.00185206369497, 0.0045488094911, 0.0012535211863, 0.00113012897782, 0.00268814526498, 0.00468931999058], "mean": [3.97111716666e-06, 0.000713678135071, 0.00131071812939, 0.00122936116531, 0.00247603049502, 0.00255187228322, 0.000783641065937, 0.00116483308375, 0.00130490085576, 0.00101842032745, 0.000833329802845, 0.00168592506088, 0.00234659994021, 0.000894368393347, 0.000855712394696, 0.000459151022369, 0.000313164840918, 0.000222150789341, 0.000165300414665, 8.95440389286e-05, 5.83977598581e-05, 2.81835873466e-05, 4.07808292948e-05, 4.79208465549e-05, 4.03084450227e-05, 5.04693307448e-05, 6.8342560553e-05], "median": [1.31356884481e-07, 8.34494712763e-05, 0.000290181109449, 0.000395890412619, 0.00114352197852, 0.000795422703959, 0.000137262817589, 0.000135666370625, 0.000345012085745, 0.000241277681198, 0.000283620669506, 0.000255704973824, 0.000418389041442, 0.000209123172681, 0.000276310311165, 0.000157798756845, 0.000121042547107, 0.000107280153316, 6.61057056277e-05, 4.20695178036e-05, 2.71434983006e-05, 9.91652450466e-06, 6.7244541242e-06, 4.36126447312e-06, 3.97932853957e-06, 1.25829660647e-06, 7.98932205726e-07], "min": [8.04285660273e-24, 5.1051543689e-24, 5.9285508157e-24, 1.44180912285e-23, 5.6446500311e-23, 7.91792817216e-23, 8.55701279047e-23, 3.87673701185e-23, 1.58574648222e-22, 4.41803348572e-23, 6.2340742777e-23, 7.42734062391e-23, 6.33916254097e-23, 1.47245330824e-22, 1.54385216214e-22, 1.18828995918e-22, 2.23701767623e-22, 1.45647767584e-22, 2.04989848112e-22, 2.66872603491e-22, 3.82437292983e-22, 5.34716225337e-22, 5.49223390006e-22, 8.44728110259e-22, 1.47731589735e-21, 1.98719681239e-21, 2.27696831878e-21], "var": [2.95121205252e-10, 3.60132889909e-06, 8.40417942527e-06, 6.59168927086e-06, 2.27049677051e-05, 2.38962729782e-05, 6.39365271127e-06, 1.48659210026e-05, 1.11601148092e-05, 5.79080733587e-06, 3.17853141496e-06, 3.25600012729e-05, 5.49732976651e-05, 4.43281578555e-06, 4.40381973021e-06, 9.820186051e-07, 2.88517043145e-07, 1.16719391485e-07, 8.74102283888e-08, 2.54251038001e-08, 8.08543454411e-09, 3.59487484225e-09, 3.45175088512e-08, 1.68108957865e-08, 1.00602211006e-08, 3.22058113511e-08, 5.02057631024e-08]}, "erbbands": {"dmean": [0.00362168275751, 0.129291653633, 0.874329268932, 2.30094385147, 3.16190457344, 4.01210308075, 5.94778823853, 10.0459280014, 7.73141002655, 4.90919017792, 9.0128364563, 12.1667003632, 19.0895557404, 13.4311161041, 22.9197998047, 42.9976768494, 61.3179664612, 31.7120857239, 24.2218589783, 16.7780590057, 11.7586727142, 7.31066942215, 6.4164390564, 5.42175102234, 3.45321345329, 2.36828327179, 1.31062614918, 0.816293776035, 0.484877496958, 0.810910880566, 0.497586458921, 0.693281948566, 0.322620153427, 0.211095675826, 0.233741760254, 0.167910844088, 0.0550624579191, 0.0428771935403, 0.00908566266298, 0.000789399840869], "dmean2": [0.00595364859328, 0.212871700525, 1.46702694893, 3.86423754692, 5.21404266357, 5.99881029129, 8.59334278107, 14.0384902954, 9.9836139679, 6.17928171158, 11.5141038895, 16.8722991943, 25.5835266113, 20.5846557617, 35.3262252808, 62.1798286438, 83.3777313232, 44.8895301819, 37.0147819519, 27.4270324707, 19.0654277802, 11.5523271561, 10.2766256332, 8.5202293396, 5.56982326508, 3.7358648777, 2.00665426254, 1.25221097469, 0.761648595333, 1.11063361168, 0.736640393734, 1.04023730755, 0.492138832808, 0.279127568007, 0.370401322842, 0.221324592829, 0.0773615688086, 0.0658660382032, 0.0136143183336, 0.00118675723206], "dvar": [0.000174128930666, 0.186708047986, 4.80580329895, 30.4696941376, 35.5587463379, 78.5215759277, 125.652626038, 387.332550049, 461.999450684, 406.049865723, 514.180419922, 1076.58520508, 1908.80358887, 1857.86694336, 2286.21264648, 31346.3535156, 42970.5898438, 5935.13916016, 6755.85498047, 1539.24023438, 604.616149902, 199.317779541, 171.300735474, 147.798736572, 91.5669174194, 33.8669815063, 6.92437076569, 2.91411042213, 1.63453602791, 32.6362304688, 3.35365533829, 5.86485433578, 1.06035840511, 0.253510802984, 0.749773919582, 0.348840296268, 0.0443580038846, 0.0241048913449, 0.00078318308806, 6.90779916113e-06], "dvar2": [0.00046084515634, 0.562820136547, 13.4306936264, 82.1934890747, 98.8396835327, 141.534469604, 225.070724487, 770.263427734, 601.15625, 474.593597412, 800.11932373, 1694.71569824, 3251.76806641, 3762.2956543, 5183.97998047, 75476.9140625, 72471.953125, 11881.0957031, 15342.1083984, 4436.69384766, 1615.70996094, 458.59197998, 417.494812012, 326.794158936, 214.339523315, 84.2205581665, 16.1590919495, 6.2702999115, 4.08824586868, 52.4126434326, 6.53864431381, 14.0428409576, 2.59888553619, 0.44528311491, 1.93979251385, 0.647743821144, 0.0851757824421, 0.0535165630281, 0.00175013765693, 1.58916591317e-05], "max": [0.325683116913, 9.37761306763, 30.2080821991, 63.9533462524, 81.8056640625, 323.976928711, 455.548309326, 524.610900879, 666.034179688, 1052.98339844, 683.18548584, 1261.70507812, 1214.92407227, 2280.83959961, 992.347839355, 5015.84326172, 6153.63525391, 1828.46374512, 2226.17480469, 873.590759277, 576.304504395, 281.367156982, 325.812011719, 299.8722229, 246.490631104, 169.419525146, 53.9023284912, 35.5972671509, 31.5289916992, 240.485290527, 62.9005775452, 34.9974937439, 13.1224517822, 6.96590805054, 14.8546800613, 8.68279838562, 4.8659324646, 3.87113547325, 0.46074193716, 0.0632412135601], "mean": [0.00655858544633, 0.218165040016, 1.24978196621, 3.26403594017, 5.07510185242, 8.32489109039, 12.3511219025, 24.1238555908, 19.3984165192, 14.7169752121, 24.1893939972, 27.3675937653, 39.7992324829, 25.3566417694, 41.9784812927, 82.7573013306, 115.764213562, 63.256072998, 41.6439857483, 33.0766830444, 24.1550388336, 14.6070957184, 12.6379146576, 10.8681783676, 6.80971336365, 4.6592965126, 2.89293956757, 1.81257259846, 1.02223932743, 1.37770700455, 0.995396018028, 1.23590636253, 0.547525107861, 0.360178232193, 0.342498272657, 0.248444721103, 0.0699943900108, 0.0411923527718, 0.0095000276342, 0.000933523231652], "median": [0.000915653887205, 0.0327053926885, 0.299783319235, 1.00101804733, 2.35307455063, 3.47589421272, 4.8414888382, 6.45278644562, 3.46437382698, 2.69996857643, 4.41082000732, 9.42638492584, 9.90857696533, 11.1651172638, 18.7609500885, 18.7757511139, 24.8430194855, 19.1095809937, 15.6715574265, 14.2311525345, 10.4088039398, 7.37224197388, 6.90725183487, 4.7530708313, 2.99769711494, 2.2420258522, 1.42526555061, 0.816845118999, 0.368695050478, 0.305437088013, 0.167479142547, 0.113442979753, 0.0737814083695, 0.0472567491233, 0.0211169477552, 0.00596998538822, 0.001806802582, 0.000703699770384, 0.000132113898871, 3.72625909222e-05], "min": [2.46987704612e-22, 9.52281885705e-22, 4.44240296418e-21, 2.25302802356e-20, 1.55680974752e-19, 1.94714076894e-19, 2.60382911749e-19, 8.32929259316e-19, 8.52049901067e-19, 1.216461218e-18, 2.30472391671e-18, 2.73722481257e-18, 1.30695146829e-18, 1.67530295667e-18, 3.31341752737e-18, 2.93473010704e-18, 3.90744694452e-18, 8.42488334251e-18, 4.575376264e-18, 9.96043661623e-18, 6.46830671752e-18, 1.14285556449e-17, 9.54850811581e-18, 9.65309683246e-18, 1.16476666902e-17, 1.14621201526e-17, 1.52358529375e-17, 1.61824767761e-17, 1.89084405586e-17, 1.52634145955e-17, 1.81502716246e-17, 1.70375863149e-17, 1.47714770503e-17, 1.54548109544e-17, 1.18926817235e-17, 7.34523728084e-18, 3.33762662236e-18, 1.34742769041e-18, 3.24618552795e-19, 3.4468021589e-20], "var": [0.000367972825188, 0.29373729229, 6.40040302277, 43.9677658081, 60.2591285706, 377.416564941, 656.874694824, 2464.00146484, 3027.77490234, 4083.1171875, 3180.27661133, 4071.51904297, 8160.29199219, 3633.13696289, 5619.42480469, 80350.8125, 130061.679688, 17884.1152344, 11792.0800781, 3240.81689453, 1759.45153809, 452.777770996, 362.655395508, 351.189147949, 190.215240479, 68.7778091431, 19.4194068909, 8.58011627197, 3.67992711067, 67.9327316284, 8.94236564636, 11.2700271606, 1.86567223072, 0.577919960022, 1.209877491, 0.74919462204, 0.0689914673567, 0.0268670823425, 0.000934572890401, 9.48322485783e-06]}, "gfcc": {"mean": [-81.2707519531, 98.5091247559, -134.330825806, -3.87915468216, -44.0537757874, 0.551903665066, -34.2553672791, -10.7209949493, -29.4358119965, -9.51944732666, -14.7019538879, -7.65056753159, -10.9029340744], "cov": [[42211.0351562, -186.524627686, -2495.484375, 1780.39624023, 507.341247559, -1079.30603027, -2212.39575195, -1022.94677734, -1043.3215332, -424.304412842, -14.6044826508, 110.80229187, 414.068511963], [-186.524627686, 2911.62084961, -735.598693848, 223.169326782, 54.5218849182, -239.279296875, 276.947601318, -265.523773193, 118.465126038, -133.458267212, 5.8937587738, -145.929733276, 94.1407165527], [-2495.484375, -735.598693848, 1433.97106934, -147.484176636, 97.6311340332, 227.533050537, 183.849838257, 324.430297852, 65.4411468506, 122.615318298, 49.765460968, 45.3571395874, -115.280967712], [1780.39624023, 223.169326782, -147.484176636, 686.406860352, 22.3809909821, -136.850524902, -83.3399353027, -40.9641456604, 7.86285066605, -82.9730911255, -29.7870235443, 40.6569786072, 100.799873352], [507.341247559, 54.5218849182, 97.6311340332, 22.3809909821, 428.93661499, 96.7033920288, -3.80941510201, -16.3650608063, 19.8703403473, 11.0555915833, 22.2450618744, 2.45977568626, 27.1869792938], [-1079.30603027, -239.279296875, 227.533050537, -136.850524902, 96.7033920288, 366.971923828, 99.0475158691, 86.2793045044, -21.1595630646, 51.5219802856, 18.3828468323, 29.6406459808, -66.2348251343], [-2212.39575195, 276.947601318, 183.849838257, -83.3399353027, -3.80941510201, 99.0475158691, 315.197662354, 98.1394729614, 81.4825744629, 25.7466907501, 17.0824832916, -20.5750808716, -62.2551689148], [-1022.94677734, -265.523773193, 324.430297852, -40.9641456604, -16.3650608063, 86.2793045044, 98.1394729614, 247.915802002, 81.1527404785, 74.1109390259, 14.3840904236, 22.6900978088, -52.6284294128], [-1043.3215332, 118.465126038, 65.4411468506, 7.86285066605, 19.8703403473, -21.1595630646, 81.4825744629, 81.1527404785, 200.352035522, 44.7400512695, -8.67502403259, -10.3082094193, 5.95840740204], [-424.304412842, -133.458267212, 122.615318298, -82.9730911255, 11.0555915833, 51.5219802856, 25.7466907501, 74.1109390259, 44.7400512695, 130.868713379, 38.5865859985, -0.690128922462, -32.2282066345], [-14.6044826508, 5.8937587738, 49.765460968, -29.7870235443, 22.2450618744, 18.3828468323, 17.0824832916, 14.3840904236, -8.67502403259, 38.5865859985, 124.077079773, 21.8118133545, -19.4776134491], [110.80229187, -145.929733276, 45.3571395874, 40.6569786072, 2.45977568626, 29.6406459808, -20.5750808716, 22.6900978088, -10.3082094193, -0.690128922462, 21.8118133545, 104.972465515, 17.269235611], [414.068511963, 94.1407165527, -115.280967712, 100.799873352, 27.1869792938, -66.2348251343, -62.2551689148, -52.6284294128, 5.95840740204, -32.2282066345, -19.4776134491, 17.269235611, 133.820678711]], "icov": [[4.94943269587e-05, -1.59165574587e-05, 4.3241376261e-05, -8.73205062817e-05, -9.08678994165e-05, 7.10057938704e-05, 0.000283980771201, -5.31280020368e-05, 0.000180521034054, -2.67078030447e-05, -1.96742039407e-05, -6.36467575532e-06, 0.000109386754048], [-1.59165574587e-05, 0.000643909908831, 0.000228890494327, -0.000135429014335, -0.000101927405922, 0.000213400635403, -0.00102156447247, 0.00057234603446, -0.000353589537553, 0.000264828035142, -0.000345374952303, 0.000567266601138, -0.000272316392511], [4.3241376261e-05, 0.000228890494327, 0.00121863547247, -6.67438653181e-05, -0.000431470863987, 4.88786754431e-05, -0.000316099525662, -0.00110813090578, 0.000324393593473, -9.7564443422e-05, -0.000166066602105, -3.40467959177e-05, 0.0002765377576], [-8.73205062817e-05, -0.000135429014335, -6.67438653181e-05, 0.00204810476862, -1.873997644e-05, 0.000333965028403, -0.000102105572296, -0.000435554044088, -0.000387627223972, 0.000915821699891, 0.000220335190534, -0.000808320299257, -0.000910254311748], [-9.08678994165e-05, -0.000101927405922, -0.000431470863987, -1.873997644e-05, 0.00302516622469, -0.00133586360607, 2.32253751165e-05, 0.000823698996101, -0.00104591064155, 8.35968967294e-05, -0.000625616055913, 0.000478315167129, -0.00103182694875], [7.10057938704e-05, 0.000213400635403, 4.88786754431e-05, 0.000333965028403, -0.00133586360607, 0.00448356475681, -0.00112351984717, -0.000617640092969, 0.00167010701261, -0.000978481257334, 0.000707978440914, -0.00142437499017, 0.00112253054976], [0.000283980771201, -0.00102156447247, -0.000316099525662, -0.000102105572296, 2.32253751165e-05, -0.00112351984717, 0.00768540613353, -0.00183541001752, -0.000593922275584, 0.000963583064731, -0.000588719267398, 0.000407891668146, 0.00205746805295], [-5.31280020368e-05, 0.00057234603446, -0.00110813090578, -0.000435554044088, 0.000823698996101, -0.000617640092969, -0.00183541001752, 0.00861130002886, -0.00273048900999, -0.00208574929275, 0.000308400427457, -0.00107688386925, 0.000998055562377], [0.000180521034054, -0.000353589537553, 0.000324393593473, -0.000387627223972, -0.00104591064155, 0.00167010701261, -0.000593922275584, -0.00273048900999, 0.00837750639766, -0.00273800967261, 0.00145380664617, 3.41138132853e-07, -0.000870271702297], [-2.67078030447e-05, 0.000264828035142, -9.7564443422e-05, 0.000915821699891, 8.35968967294e-05, -0.000978481257334, 0.000963583064731, -0.00208574929275, -0.00273800967261, 0.0120116453618, -0.00361683871597, 0.00146934075747, 0.000547807314433], [-1.96742039407e-05, -0.000345374952303, -0.000166066602105, 0.000220335190534, -0.000625616055913, 0.000707978440914, -0.000588719267398, 0.000308400427457, 0.00145380664617, -0.00361683871597, 0.0102065298706, -0.00304983346723, 0.00126309343614], [-6.36467575532e-06, 0.000567266601138, -3.40467959177e-05, -0.000808320299257, 0.000478315167129, -0.00142437499017, 0.000407891668146, -0.00107688386925, 3.41138132853e-07, 0.00146934075747, -0.00304983346723, 0.0124123403803, -0.00252760085277], [0.000109386754048, -0.000272316392511, 0.0002765377576, -0.000910254311748, -0.00103182694875, 0.00112253054976, 0.00205746805295, 0.000998055562377, -0.000870271702297, 0.000547807314433, 0.00126309343614, -0.00252760085277, 0.0110452631488]]}, "melbands": {"dmean": [7.2652954259e-05, 0.000363667379133, 0.000411294546211, 0.000224360323045, 0.000213944411371, 0.00021870713681, 0.000109543681901, 6.19500133325e-05, 7.63258722145e-05, 8.18186017568e-05, 9.5508650702e-05, 5.47066956642e-05, 6.77708667354e-05, 0.00010691377247, 0.000122144818306, 0.000126592436573, 5.43591995665e-05, 3.56259879482e-05, 3.16748264595e-05, 2.1529798687e-05, 1.38925242936e-05, 8.71253632795e-06, 7.12569544703e-06, 6.26980454399e-06, 4.61448689748e-06, 3.10255813929e-06, 1.80857330179e-06, 1.59057765359e-06, 9.65840627032e-07, 7.39381846415e-07, 4.50157926934e-07, 3.0082765079e-07, 3.48930228711e-07, 5.04033835114e-07, 3.06985981524e-07, 3.13548412123e-07, 5.52658548258e-07, 3.00241083551e-07, 1.54511084816e-07, 1.77418584713e-07], "dmean2": [0.000118765456136, 0.000607896363363, 0.000681661767885, 0.000352859176928, 0.000306558940792, 0.000302699452732, 0.000140941381687, 7.72790954215e-05, 9.77493618848e-05, 0.000112509107566, 0.000128512780066, 8.4419058112e-05, 0.000105665938463, 0.000157163842232, 0.000168042708538, 0.000173096676008, 7.79509355198e-05, 5.41130502825e-05, 5.06161013618e-05, 3.58895449608e-05, 2.24413852266e-05, 1.37586330311e-05, 1.15982820716e-05, 1.00475735962e-05, 7.29524708731e-06, 5.03330238644e-06, 2.92430217996e-06, 2.52888889918e-06, 1.50232017404e-06, 1.14211582058e-06, 7.09947244104e-07, 4.87907527713e-07, 5.19951129263e-07, 6.82024960952e-07, 4.55811743905e-07, 4.96573647979e-07, 8.67133735483e-07, 4.79231744066e-07, 2.1924680027e-07, 2.40644027372e-07], "dvar": [6.78734437543e-08, 8.69030941431e-07, 8.45195359034e-07, 1.54829933763e-07, 1.69477118561e-07, 1.83045330004e-07, 9.57885291086e-08, 6.3580131382e-08, 3.42790578145e-08, 4.36141931459e-08, 4.80968047611e-08, 3.60217242701e-08, 2.22654481519e-08, 1.54811985453e-07, 1.57805871481e-07, 1.51499961021e-07, 2.15010356186e-08, 1.42766367617e-08, 8.03123878512e-09, 3.88827148257e-09, 8.61273496966e-10, 3.4591277065e-10, 2.6588792279e-10, 1.79529655031e-10, 1.28919763753e-10, 6.40804284635e-11, 2.58621388194e-11, 1.67623016162e-11, 4.84499159542e-12, 3.136255795e-12, 9.28631845899e-13, 5.84730885673e-13, 3.45175667563e-12, 1.40442692198e-11, 2.19496816556e-12, 8.58146073732e-13, 4.63356263081e-12, 1.13888022277e-12, 1.43967357567e-13, 1.85385439096e-13], "dvar2": [1.94074260662e-07, 2.48247647505e-06, 2.30748059948e-06, 3.6383281099e-07, 2.82990612277e-07, 3.51593314463e-07, 1.21648412232e-07, 7.50307549424e-08, 5.34484030368e-08, 6.64488268853e-08, 8.17120096031e-08, 7.27989544203e-08, 5.00917849422e-08, 3.76298714855e-07, 2.90230076416e-07, 2.72166460036e-07, 4.38159375449e-08, 3.16711563642e-08, 2.00565573039e-08, 1.18319833931e-08, 2.17203011132e-09, 7.85215281685e-10, 7.10170366958e-10, 4.88730389492e-10, 2.7855187601e-10, 1.51026663398e-10, 6.86356943502e-11, 4.16108918155e-11, 1.16754479348e-11, 6.74956921951e-12, 2.18708775049e-12, 1.54267072207e-12, 7.40626223544e-12, 2.26548710347e-11, 3.82825455364e-12, 2.24581811481e-12, 1.18778485311e-11, 2.94102437716e-12, 2.80559971956e-13, 3.44573084258e-13], "max": [0.00636401679367, 0.0138632534072, 0.0127338282764, 0.00938216969371, 0.0155566558242, 0.0109270708635, 0.0102925663814, 0.0131125673652, 0.0051221116446, 0.00680072978139, 0.00615829508752, 0.0101725785062, 0.00474447151646, 0.0108171133325, 0.0112893991172, 0.00809771567583, 0.00359042687342, 0.00329368188977, 0.00204526563175, 0.00209114467725, 0.000524607894477, 0.000366805033991, 0.000304535467876, 0.000224409959628, 0.000293128658086, 0.000215387975913, 0.000187965546502, 0.000106025989226, 4.8633399274e-05, 4.40605144831e-05, 2.01717230084e-05, 1.80470797204e-05, 7.47316662455e-05, 0.000152158376295, 6.04554697929e-05, 1.81984687515e-05, 3.17185986205e-05, 1.2460128346e-05, 5.52206665816e-06, 6.53449933452e-06], "mean": [0.000127889608848, 0.00055096851429, 0.000622994906735, 0.000446652906248, 0.000457599497167, 0.000534208258614, 0.000271571596386, 0.000184064891073, 0.000197980349185, 0.000179651819053, 0.000195394968614, 9.4637631264e-05, 0.000124729835079, 0.000189564874745, 0.000231923462707, 0.000228054646868, 0.000102780126326, 5.75134763494e-05, 5.87227477808e-05, 3.76869211323e-05, 2.67188243015e-05, 1.60444978974e-05, 1.1923166312e-05, 1.17553599921e-05, 8.44300120662e-06, 5.6027656683e-06, 3.34118499268e-06, 2.96423672808e-06, 1.8865388256e-06, 1.46340039464e-06, 9.08353229079e-07, 5.7147519783e-07, 5.8626039845e-07, 8.18191438157e-07, 5.70899771901e-07, 6.02337763667e-07, 8.52215350733e-07, 4.63299642206e-07, 2.47341688464e-07, 2.97833537388e-07], "median": [1.51531057782e-05, 0.000124923579278, 0.000230236386415, 0.000230966703384, 0.000173596738023, 0.000144215708133, 4.70366576337e-05, 2.49496879405e-05, 3.50729496859e-05, 5.59421059734e-05, 4.44002362201e-05, 3.51192320522e-05, 4.8976718972e-05, 3.97479307139e-05, 4.61394556623e-05, 4.23996752943e-05, 2.39884557232e-05, 1.93492360268e-05, 1.94366093638e-05, 1.15024768093e-05, 9.74425074673e-06, 6.82050676915e-06, 5.29547287442e-06, 4.9769018915e-06, 3.01099362332e-06, 2.08419737646e-06, 1.52535835696e-06, 1.16173396236e-06, 8.04130706911e-07, 5.74338685055e-07, 3.63032995665e-07, 1.76611720804e-07, 1.71570817997e-07, 1.4536662718e-07, 8.50213197623e-08, 7.36663920975e-08, 5.75068703768e-08, 4.50495392101e-08, 3.57738265677e-08, 3.55970612986e-08], "min": [2.3562446935e-24, 2.02161936384e-24, 8.29036565605e-24, 1.3552504134e-23, 9.05202111523e-24, 1.70450075093e-23, 1.50416936627e-23, 1.05125047845e-23, 2.53815885814e-23, 1.61379342197e-23, 6.43440156028e-24, 6.79150390372e-24, 8.91478771671e-24, 9.33757693001e-24, 6.52926090084e-24, 1.01256521298e-23, 1.60660989679e-23, 5.25054735019e-24, 1.24304733474e-23, 1.19929805557e-23, 6.77404798961e-24, 1.09149145652e-23, 1.32353410293e-23, 6.00022790084e-24, 8.16781769214e-24, 6.28598014198e-24, 1.09675883856e-23, 6.67700074332e-24, 8.62797682424e-24, 1.07107068758e-23, 8.72391493209e-24, 1.20513026202e-23, 7.6080096505e-24, 8.26411552057e-24, 1.0344260475e-23, 1.02617803342e-23, 1.06097516126e-23, 9.15014436779e-24, 1.13480252346e-23, 1.39817233525e-23], "var": [1.2588827758e-07, 1.20465085729e-06, 1.22896449284e-06, 5.32027002009e-07, 9.8486555089e-07, 1.21354003113e-06, 6.01975955306e-07, 6.45647162401e-07, 1.91430487462e-07, 1.84692325433e-07, 2.04557210282e-07, 6.80075515902e-08, 6.69086759331e-08, 3.75059897806e-07, 4.65234450076e-07, 4.27265064218e-07, 6.14465065496e-08, 2.50660612267e-08, 2.06735855102e-08, 7.5923711762e-09, 2.33492891688e-09, 7.35743577174e-10, 4.076614879e-10, 3.92635923774e-10, 2.84748086221e-10, 1.36877634227e-10, 4.0537781465e-11, 3.4096205026e-11, 1.09828491787e-11, 7.12429117436e-12, 2.47658967986e-12, 1.24122977521e-12, 4.9319797378e-12, 2.94197131934e-11, 6.10054931918e-12, 2.08507061443e-12, 6.57655830835e-12, 1.70911039227e-12, 2.78880461476e-13, 4.14222150504e-13]}, "mfcc": {"mean": [-706.198425293, 136.136535645, -29.5788650513, 5.18597793579, 0.816356599331, 3.02384662628, 0.799664139748, -4.5849404335, -9.0941991806, -7.46263551712, -8.75235366821, -5.85166072845, -7.14031124115], "cov": [[18542.6347656, 2439.22363281, -1188.97338867, 359.234069824, 206.007766724, -207.035644531, -357.547790527, -407.826599121, -482.906066895, -125.436592102, -244.573516846, -81.638999939, -400.653564453], [2439.22363281, 2058.04736328, -486.902008057, 304.576599121, -52.7714958191, 34.3569793701, -18.9232120514, -108.531929016, -46.1746559143, -119.342559814, -48.2270622253, -100.259925842, -10.0573654175], [-1188.97338867, -486.902008057, 794.879882812, 94.8430633545, 127.300888062, -8.90120124817, 115.847427368, 122.419517517, 71.7577056885, 102.804664612, 36.4771652222, 69.8713531494, 35.4549484253], [359.234069824, 304.576599121, 94.8430633545, 402.133209229, 13.6099529266, -9.52076339722, -39.0941886902, 28.9841766357, 64.7244033813, 3.66282343864, 6.90040493011, -35.3137397766, 16.1855392456], [206.007766724, -52.7714958191, 127.300888062, 13.6099529266, 330.399993896, 60.9848251343, 81.0831680298, 29.3671207428, 36.8504447937, 33.0658950806, 32.4204483032, 25.1359901428, -9.80743026733], [-207.035644531, 34.3569793701, -8.90120124817, -9.52076339722, 60.9848251343, 190.806671143, 82.0182952881, 63.8572921753, 17.4585971832, 14.6627407074, 1.58019387722, 15.2458839417, 27.8980007172], [-357.547790527, -18.9232120514, 115.847427368, -39.0941886902, 81.0831680298, 82.0182952881, 220.638763428, 76.5517730713, -4.00200462341, 18.8844451904, 38.1064338684, 47.1588478088, 23.1012954712], [-407.826599121, -108.531929016, 122.419517517, 28.9841766357, 29.3671207428, 63.8572921753, 76.5517730713, 180.973342896, 46.5600013733, 40.3161697388, 5.50576114655, 57.3664321899, 51.9203338623], [-482.906066895, -46.1746559143, 71.7577056885, 64.7244033813, 36.8504447937, 17.4585971832, -4.00200462341, 46.5600013733, 184.351882935, 40.1201591492, 40.643447876, -36.0670204163, 39.5275154114], [-125.436592102, -119.342559814, 102.804664612, 3.66282343864, 33.0658950806, 14.6627407074, 18.8844451904, 40.3161697388, 40.1201591492, 175.231567383, 29.6020584106, 74.2912063599, -11.6666212082], [-244.573516846, -48.2270622253, 36.4771652222, 6.90040493011, 32.4204483032, 1.58019387722, 38.1064338684, 5.50576114655, 40.643447876, 29.6020584106, 150.387390137, 37.3428459167, 27.6788387299], [-81.638999939, -100.259925842, 69.8713531494, -35.3137397766, 25.1359901428, 15.2458839417, 47.1588478088, 57.3664321899, -36.0670204163, 74.2912063599, 37.3428459167, 200.785064697, 22.5136795044], [-400.653564453, -10.0573654175, 35.4549484253, 16.1855392456, -9.80743026733, 27.8980007172, 23.1012954712, 51.9203338623, 39.5275154114, -11.6666212082, 27.6788387299, 22.5136795044, 163.933639526]], "icov": [[8.0784833699e-05, -7.12615874363e-05, 8.28743141028e-05, -5.63373905607e-05, -0.000144152363646, 8.80745792529e-05, 8.91222371138e-05, -1.23382369566e-05, 0.000190468374058, -6.73596950946e-05, 4.58408503619e-05, -7.12096652933e-06, 9.09597874852e-05], [-7.12615874363e-05, 0.000832061748952, 0.000472552288556, -0.000763822055887, 0.000130952495965, -0.000159316507052, -0.00060856010532, 0.000460208568256, -8.00302295829e-05, 0.000176130386535, 0.000202298338991, -2.45501905738e-06, -0.000176942994585], [8.28743141028e-05, 0.000472552288556, 0.00221200543456, -0.000992650166154, -0.000623994332273, 0.000958182965405, -0.00111784541514, -0.000420121476054, 2.03089275601e-05, -0.00068920099875, 0.000400411052397, -8.36326071294e-05, -0.00016873612185], [-5.63373905607e-05, -0.000763822055887, -0.000992650166154, 0.0037339378614, -8.3854110926e-06, 2.08559231396e-05, 0.00134204118513, -0.00105065188836, -0.000785251730122, 9.48201559368e-05, -0.000499547633808, 0.000497572182212, 1.31637198137e-05], [-0.000144152363646, 0.000130952495965, -0.000623994332273, -8.3854110926e-06, 0.00400072988123, -0.00119195738807, -0.00108852563426, 0.000614945194684, -0.0011223021429, 0.000194307416677, -0.000388280750485, -0.000375800009351, 0.000593936187215], [8.80745792529e-05, -0.000159316507052, 0.000958182965405, 2.08559231396e-05, -0.00119195738807, 0.00746308732778, -0.00215702271089, -0.00187748018652, -2.48689138971e-05, -0.000705249549355, 0.000817141262814, 0.000433747307397, -0.00068831682438], [8.91222371138e-05, -0.00060856010532, -0.00111784541514, 0.00134204118513, -0.00108852563426, -0.00215702271089, 0.00783881638199, -0.0025190198794, 0.00158603850286, 0.000385495834053, -0.00203837594017, 2.71011176665e-05, 0.000270326738246], [-1.23382369566e-05, 0.000460208568256, -0.000420121476054, -0.00105065188836, 0.000614945194684, -0.00187748018652, -0.0025190198794, 0.00969828013331, -0.00237952661701, -0.000202435898245, 0.00204341020435, -0.00247921305709, -0.0016128384741], [0.000190468374058, -8.00302295829e-05, 2.03089275601e-05, -0.000785251730122, -0.0011223021429, -2.48689138971e-05, 0.00158603850286, -0.00237952661701, 0.00912787299603, -0.00262584979646, -0.00231594382785, 0.00355030409992, -0.00148337439168], [-6.73596950946e-05, 0.000176130386535, -0.00068920099875, 9.48201559368e-05, 0.000194307416677, -0.000705249549355, 0.000385495834053, -0.000202435898245, -0.00262584979646, 0.00846541952342, -0.000475306384033, -0.00341635127552, 0.00191234028898], [4.58408503619e-05, 0.000202298338991, 0.000400411052397, -0.000499547633808, -0.000388280750485, 0.000817141262814, -0.00203837594017, 0.00204341020435, -0.00231594382785, -0.000475306384033, 0.00863766763359, -0.00194919388741, -0.00110117159784], [-7.12096652933e-06, -2.45501905738e-06, -8.36326071294e-05, 0.000497572182212, -0.000375800009351, 0.000433747307397, 2.71011176665e-05, -0.00247921305709, 0.00355030409992, -0.00341635127552, -0.00194919388741, 0.00821482855827, -0.00126175081823], [9.09597874852e-05, -0.000176942994585, -0.00016873612185, 1.31637198137e-05, 0.000593936187215, -0.00068831682438, 0.000270326738246, -0.0016128384741, -0.00148337439168, 0.00191234028898, -0.00110117159784, -0.00126175081823, 0.0078250290826]]}, "spectral_contrast_coeffs": {"dmean": [0.0505490601063, 0.0435609817505, 0.0370518788695, 0.03109366633, 0.0210405346006, 0.0150935910642], "dmean2": [0.0832873731852, 0.0700740739703, 0.0596944391727, 0.0495436862111, 0.0340677797794, 0.0245770961046], "dvar": [0.00157506251708, 0.0013157351641, 0.000934460083954, 0.0006761852419, 0.000348154804669, 0.000205425923923], "dvar2": [0.00423032138497, 0.00348388170823, 0.00238132639788, 0.0016790687805, 0.000877983577084, 0.000484672607854], "max": [-0.232255458832, -0.418135046959, -0.425512373447, -0.458704143763, -0.582837164402, -0.619502007961], "mean": [-0.584425032139, -0.696515440941, -0.724891722202, -0.728742718697, -0.780966520309, -0.757950186729], "median": [-0.582851290703, -0.700095415115, -0.731946468353, -0.728819847107, -0.780095100403, -0.754804074764], "min": [-0.971765577793, -0.963313817978, -0.963799774647, -0.966144740582, -0.955472528934, -0.959624052048], "var": [0.0110761765391, 0.00797068886459, 0.00591621780768, 0.00629530614242, 0.00346185313538, 0.00315696047619]}, "spectral_contrast_valleys": {"dmean": [0.457968354225, 0.329549223185, 0.280113041401, 0.239945307374, 0.225847631693, 0.267933338881], "dmean2": [0.76796245575, 0.537951588631, 0.451237827539, 0.373749285936, 0.323833227158, 0.336788952351], "dvar": [0.156817018986, 0.0974101126194, 0.0799629986286, 0.0722695663571, 0.087628133595, 0.140366375446], "