{"lowlevel": {"average_loudness": 0.939775466919, "barkbands_crest": {"dmean": 2.83066797256, "dmean2": 4.4241733551, "dvar": 8.54822349548, "dvar2": 18.4942474365, "max": 25.4299545288, "mean": 10.7096948624, "median": 9.76194381714, "min": 1.90820348263, "var": 26.3705844879}, "barkbands_flatness_db": {"dmean": 0.0281375814229, "dmean2": 0.0402946732938, "dvar": 0.000853967037983, "dvar2": 0.00173967669252, "max": 0.46511298418, "mean": 0.112970426679, "median": 0.102838926017, "min": 0.00841542799026, "var": 0.00377501128241}, "barkbands_kurtosis": {"dmean": 6.88513708115, "dmean2": 10.3629198074, "dvar": 466.19708252, "dvar2": 986.629760742, "max": 511.628662109, "mean": 7.90106105804, "median": 0.533911705017, "min": -1.95183825493, "var": 788.573242188}, "barkbands_skewness": {"dmean": 0.84685343504, "dmean2": 1.22219824791, "dvar": 1.3806194067, "dvar2": 2.6825492382, "max": 18.6180915833, "mean": 1.57922840118, "median": 1.11280572414, "min": -4.05642557144, "var": 4.87950181961}, "barkbands_spread": {"dmean": 10.5550756454, "dmean2": 15.6865053177, "dvar": 153.10484314, "dvar2": 326.91796875, "max": 123.151138306, "mean": 32.6977615356, "median": 28.2512073517, "min": 0.258232712746, "var": 455.645050049}, "dissonance": {"dmean": 0.0135413100943, "dmean2": 0.0224424302578, "dvar": 0.000205516640563, "dvar2": 0.000553009740543, "max": 0.499997764826, "mean": 0.475520253181, "median": 0.481769949198, "min": 0.349035590887, "var": 0.000438905553892}, "dynamic_complexity": 4.17472505569, "erbbands_crest": {"dmean": 2.54776024818, "dmean2": 3.97522830963, "dvar": 6.4615650177, "dvar2": 15.4385738373, "max": 31.6124286652, "mean": 7.85851097107, "median": 6.68669748306, "min": 2.27225780487, "var": 17.3367099762}, "erbbands_flatness_db": {"dmean": 0.0210452806205, "dmean2": 0.029030142352, "dvar": 0.000471881969133, "dvar2": 0.000942791346461, "max": 0.326823413372, "mean": 0.123365357518, "median": 0.1168961972, "min": 0.0287402793765, "var": 0.00236986740492}, "erbbands_kurtosis": {"dmean": 0.886901199818, "dmean2": 1.37259614468, "dvar": 1.62240040302, "dvar2": 3.89500284195, "max": 24.5404453278, "mean": 0.421689301729, "median": -0.0958299636841, "min": -1.73111462593, "var": 4.1702413559}, "erbbands_skewness": {"dmean": 0.351103276014, "dmean2": 0.52377474308, "dvar": 0.13086104393, "dvar2": 0.29932141304, "max": 2.81403207779, "mean": -0.185314282775, "median": -0.187189877033, "min": -4.04502820969, "var": 0.460539847612}, "erbbands_spread": {"dmean": 11.2003936768, "dmean2": 16.7159099579, "dvar": 142.488388062, "dvar2": 320.922332764, "max": 154.563568115, "mean": 43.9195022583, "median": 39.9005699158, "min": 2.83692574501, "var": 478.815979004}, "hfc": {"dmean": 19.9571418762, "dmean2": 28.8992366791, "dvar": 1293.1217041, "dvar2": 2848.72143555, "max": 357.114654541, "mean": 31.3880767822, "median": 16.8710842133, "min": 1.07388782582e-16, "var": 2054.25561523}, "melbands_crest": {"dmean": 3.89161849022, "dmean2": 6.08552408218, "dvar": 14.9325799942, "dvar2": 33.544834137, "max": 37.1838798523, "mean": 16.0470752716, "median": 15.5950956345, "min": 1.85146379471, "var": 48.5134429932}, "melbands_flatness_db": {"dmean": 0.0378377065063, "dmean2": 0.0533711947501, "dvar": 0.0014927937882, "dvar2": 0.00297898938879, "max": 0.583991408348, "mean": 0.182592585683, "median": 0.170425266027, "min": 0.00412254920229, "var": 0.00780766922981}, "melbands_kurtosis": {"dmean": 18.9480037689, "dmean2": 28.0770454407, "dvar": 3418.20458984, "dvar2": 6610.65722656, "max": 1349.00427246, "mean": 26.7777385712, "median": 6.32842063904, "min": -1.88795769215, "var": 6041.01757812}, "melbands_skewness": {"dmean": 1.16185152531, "dmean2": 1.69470310211, "dvar": 2.79623770714, "dvar2": 5.25611495972, "max": 28.7398509979, "mean": 3.18301033974, "median": 2.46610832214, "min": -2.39678215981, "var": 9.4231004715}, "melbands_spread": {"dmean": 12.8339195251, "dmean2": 19.5273857117, "dvar": 304.972961426, "dvar2": 669.719787598, "max": 263.123413086, "mean": 34.1789703369, "median": 27.7337188721, "min": 0.24749314785, "var": 821.817199707}, "pitch_salience": {"dmean": 0.0872693732381, "dmean2": 0.135505050421, "dvar": 0.00665865372866, "dvar2": 0.0153176523745, "max": 0.953961551189, "mean": 0.511243343353, "median": 0.513883173466, "min": 0.0658060461283, "var": 0.0177800226957}, "silence_rate_20dB": {"dmean": 0, "dmean2": 0, "dvar": 0, "dvar2": 0, "max": 1, "mean": 1, "median": 1, "min": 1, "var": 0}, "silence_rate_30dB": {"dmean": 0.0618756040931, "dmean2": 0.12377115339, "dvar": 0.058043114841, "dvar2": 0.121667511761, "max": 1, "mean": 0.929273426533, "median": 1, "min": 0, "var": 0.0657264590263}, "silence_rate_60dB": {"dmean": 0.0496293902397, "dmean2": 0.0991136208177, "dvar": 0.0471632257104, "dvar2": 0.101218245924, "max": 1, "mean": 0.153053000569, "median": 0, "min": 0, "var": 0.129638627172}, "spectral_centroid": {"dmean": 379.445648193, "dmean2": 566.622192383, "dvar": 182732.375, "dvar2": 370885.46875, "max": 11523.7607422, "mean": 1876.63293457, "median": 1811.56469727, "min": 161.222396851, "var": 816157.875}, "spectral_complexity": {"dmean": 5.57718324661, "dmean2": 7.72780036926, "dvar": 42.9321365356, "dvar2": 75.6896591187, "max": 62, "mean": 20.014339447, "median": 19, "min": 0, "var": 176.114562988}, "spectral_decrease": {"dmean": 4.18899093191e-09, "dmean2": 6.1192091394e-09, "dvar": 7.49186745212e-17, "dvar2": 1.3807502602e-16, "max": 1.61764549559e-28, "mean": -8.78129213788e-09, "median": -5.13331332996e-09, "min": -7.8020910621e-08, "var": 1.4122283868e-16}, "spectral_energy": {"dmean": 0.0171102639288, "dmean2": 0.0247236136347, "dvar": 0.00110184366349, "dvar2": 0.00203347345814, "max": 0.295982629061, "mean": 0.0359896197915, "median": 0.0216990597546, "min": 1.00061865736e-20, "var": 0.00212459894828}, "spectral_energyband_high": {"dmean": 0.00160850665998, "dmean2": 0.00234916550107, "dvar": 1.04433365777e-05, "dvar2": 2.28628086916e-05, "max": 0.0312104225159, "mean": 0.00201247236691, "median": 0.000545879709534, "min": 7.30295063824e-21, "var": 1.52336233441e-05}, "spectral_energyband_low": {"dmean": 0.0131020611152, "dmean2": 0.0196653902531, "dvar": 0.001022939221, "dvar2": 0.00188482168596, "max": 0.294397056103, "mean": 0.0219812709838, "median": 0.00612770114094, "min": 1.45407717211e-23, "var": 0.00172158377245}, "spectral_energyband_middle_high": {"dmean": 0.00233588321134, "dmean2": 0.00329922721721, "dvar": 9.71116787696e-06, "dvar2": 2.08665460377e-05, "max": 0.0394517667592, "mean": 0.00555520551279, "median": 0.00408085342497, "min": 1.36889121946e-21, "var": 3.09117785946e-05}, "spectral_energyband_middle_low": {"dmean": 0.00407801987603, "dmean2": 0.00635870173573, "dvar": 7.26735597709e-05, "dvar2": 0.000188612029888, "max": 0.0976092368364, "mean": 0.00762751325965, "median": 0.00430094776675, "min": 2.35704267364e-22, "var": 9.64448408922e-05}, "spectral_entropy": {"dmean": 0.220704302192, "dmean2": 0.301055461168, "dvar": 0.0507733263075, "dvar2": 0.09683521837, "max": 9.81056022644, "mean": 7.77958059311, "median": 7.78189182281, "min": 5.73140621185, "var": 0.19877101481}, "spectral_flux": {"dmean": 0.0387927480042, "dmean2": 0.0600704066455, "dvar": 0.0029784142971, "dvar2": 0.00732353376225, "max": 0.465140610933, "mean": 0.089734531939, "median": 0.0693350285292, "min": 6.5097788271e-11, "var": 0.0055592902936}, "spectral_kurtosis": {"dmean": 1.39340782166, "dmean2": 2.12584900856, "dvar": 4.29715585709, "dvar2": 9.47193622589, "max": 65.4724807739, "mean": 4.43522024155, "median": 3.77059459686, "min": -1.22985947132, "var": 11.3483552933}, "spectral_rms": {"dmean": 0.00123868475202, "dmean2": 0.00168802996632, "dvar": 3.07356299345e-06, "dvar2": 5.42001816939e-06, "max": 0.0169930439442, "mean": 0.00494272680953, "median": 0.00460106693208, "min": 3.12444124392e-12, "var": 1.06813022285e-05}, "spectral_rolloff": {"dmean": 1330.85144043, "dmean2": 2132.10742188, "dvar": 4748452.5, "dvar2": 10364496, "max": 18884.6191406, "mean": 2798.58007812, "median": 1744.18945312, "min": 43.06640625, "var": 9423169}, "spectral_skewness": {"dmean": 0.219583168626, "dmean2": 0.327598899603, "dvar": 0.0608091056347, "dvar2": 0.12820109725, "max": 6.88706970215, "mean": 1.54259550571, "median": 1.48549079895, "min": -0.0530405715108, "var": 0.225091189146}, "spectral_spread": {"dmean": 939623.625, "dmean2": 1315763.875, "dvar": 1123305521150.0, "dvar2": 2312421244930.0, "max": 41266748, "mean": 5680423.5, "median": 5446250.5, "min": 1167802.125, "var": 5531233681410.0}, "spectral_strongpeak": {"dmean": 0.440678983927, "dmean2": 0.753126859665, "dvar": 0.84124237299, "dvar2": 2.1616165638, "max": 12.8307600021, "mean": 0.687102079391, "median": 0.364705532789, "min": 0, "var": 1.09448730946}, "zerocrossingrate": {"dmean": 0.0234544165432, "dmean2": 0.0257091689855, "dvar": 0.000659087323584, "dvar2": 0.000764652504586, "max": 0.52490234375, "mean": 0.0954398289323, "median": 0.07861328125, "min": 0.00146484375, "var": 0.0044853342697}, "barkbands": {"dmean": [0.00127471284941, 0.0109557518736, 0.00195026537403, 0.00227602524683, 0.00142183050048, 0.00043297270895, 0.000337779667461, 0.000293148536002, 0.000255918799667, 0.00038298315485, 0.000601771171205, 0.000264390197117, 0.000219075809582, 0.00040112689021, 0.000313588068821, 0.00055490428349, 0.000258181622485, 0.000199545087526, 0.000329565868014, 0.000294805096928, 0.000190131017007, 0.000160456300364, 0.000257582199993, 0.000201125600142, 0.000305401918013, 0.000338498357451, 0.000143501165439], "dmean2": [0.00201203138568, 0.0167817287147, 0.00344506255351, 0.00398568343371, 0.00205370620824, 0.000650191039313, 0.000533625541721, 0.000434865389252, 0.000404619000619, 0.000583774875849, 0.000867161841597, 0.000436960923253, 0.000331733142957, 0.000636132841464, 0.000512947153766, 0.000865094363689, 0.000396445859224, 0.000305751455016, 0.000505891279317, 0.000446672871476, 0.000284392008325, 0.000230503384955, 0.000384325918276, 0.000305313966237, 0.000455671804957, 0.000543186441064, 0.000234546445427], "dvar": [1.28958636196e-05, 0.000821496301796, 2.62213761744e-05, 4.54203109257e-05, 5.7440756791e-06, 3.99038214027e-07, 3.29038954305e-07, 1.94571754264e-07, 2.52158940839e-07, 3.93229953488e-07, 1.24335122109e-06, 1.55546686642e-07, 1.00677006287e-07, 5.40818462014e-07, 5.76937566166e-07, 1.4867707705e-06, 1.50761081841e-07, 1.28814278355e-07, 3.48760920588e-07, 2.32431972336e-07, 1.23046518752e-07, 1.2275535255e-07, 3.04455511468e-07, 1.88835727499e-07, 4.72895607118e-07, 6.62132663365e-07, 1.57714637794e-07], "dvar2": [2.86927152047e-05, 0.00155773444567, 7.45986835682e-05, 0.000125555074192, 1.18243688121e-05, 8.40525899548e-07, 7.83269456406e-07, 4.18570294869e-07, 6.28783482171e-07, 9.42213489452e-07, 2.56670091403e-06, 4.16245455881e-07, 2.22498741209e-07, 1.31011597659e-06, 1.54395797836e-06, 3.71475198335e-06, 3.51342237082e-07, 3.14234398502e-07, 8.24879009542e-07, 5.32025126176e-07, 2.69272135256e-07, 2.59654683532e-07, 6.8287670274e-07, 4.29378474109e-07, 1.08149743028e-06, 1.58188106525e-06, 3.92536435356e-07], "max": [0.0453509353101, 0.264105975628, 0.0496084243059, 0.0659863501787, 0.0315876752138, 0.0101665947586, 0.010534003377, 0.00709087355062, 0.00890848785639, 0.00968252122402, 0.0232676267624, 0.00498653389513, 0.00612625945359, 0.00995310116559, 0.0133602358401, 0.0198994800448, 0.00454529095441, 0.00696030166, 0.00920144934207, 0.00667560333386, 0.00356644415297, 0.00403914274648, 0.00672003393993, 0.00562870549038, 0.00725580519065, 0.0069097452797, 0.00378354405984], "mean": [0.00147741928231, 0.0170204155147, 0.00244708568789, 0.00268425000831, 0.00235039182007, 0.000855239923112, 0.000523429131135, 0.000547324831132, 0.000356851465767, 0.000613348092884, 0.00101636629552, 0.000453162705526, 0.000341849838151, 0.000635495234746, 0.000427566876169, 0.000777506851591, 0.000450623221695, 0.000290922645945, 0.000486844131956, 0.000433545035776, 0.000255894672591, 0.000212536397157, 0.000335625896696, 0.000219570734771, 0.000340239290381, 0.000313314783853, 0.000122766810819], "median": [0.000130682077724, 0.0034006643109, 0.000587738235481, 0.00075153040234, 0.000850381620694, 0.000436284317402, 0.000228738499573, 0.00025521684438, 0.000171941224835, 0.000307352514938, 0.000275955389952, 0.000264508649707, 0.000164019191288, 0.000266203162028, 0.000179289287189, 0.000213850536966, 0.000238068751059, 0.000122592682601, 0.000208931931411, 0.000183519805432, 8.89454022399e-05, 5.10349091201e-05, 7.88284742157e-05, 2.63293077296e-05, 6.63590617478e-05, 2.28920143854e-05, 6.8608633228e-06], "min": [7.09386640008e-24, 5.49967632938e-24, 2.46071374039e-24, 3.91800666454e-24, 2.55964127609e-23, 1.09748072517e-23, 3.36079957619e-23, 1.55367654119e-23, 2.47342225013e-23, 2.81188775468e-23, 2.78510308705e-23, 3.12762712319e-23, 5.00091807542e-23, 5.21762826351e-23, 6.096554996e-23, 1.1128568075e-22, 1.11424709596e-22, 1.56463971984e-22, 1.4818548894e-22, 1.86742308928e-22, 2.94339982904e-22, 4.06973568195e-22, 4.49361021008e-22, 6.70256564267e-22, 1.03895106724e-21, 1.33045337232e-21, 2.13418858439e-21], "var": [1.5123177036e-05, 0.00126052601263, 2.10872312891e-05, 3.49808033207e-05, 1.33508974614e-05, 1.14169790777e-06, 7.00189502822e-07, 5.54098733119e-07, 3.44429992083e-07, 7.00438079093e-07, 3.04530863104e-06, 3.05564867631e-07, 2.05127420827e-07, 1.07250457404e-06, 6.49757339488e-07, 2.25174494517e-06, 3.22370738104e-07, 1.90380106346e-07, 5.63987441637e-07, 4.02829499535e-07, 1.87112661365e-07, 1.98006631535e-07, 4.71201360597e-07, 2.57956173755e-07, 5.97352595832e-07, 7.13872054803e-07, 1.4600242082e-07]}, "erbbands": {"dmean": [0.48884215951, 2.08290815353, 2.55071997643, 4.86153650284, 7.3481760025, 3.53351688385, 3.49204564095, 3.49225902557, 5.69888830185, 5.40941858292, 4.56810426712, 5.6655049324, 13.098824501, 7.03232812881, 29.1881370544, 10.5698652267, 10.0451221466, 17.2735328674, 18.3062286377, 19.1322555542, 25.1274929047, 13.0173473358, 11.2966833115, 18.0467281342, 13.9065284729, 13.7664556503, 8.4937582016, 7.2025346756, 5.45011138916, 6.83488702774, 7.4281001091, 5.26798009872, 2.66367030144, 2.36887645721, 2.88162970543, 1.5145200491, 0.603536307812, 0.158129423857, 0.0257247965783, 0.00127955025528], "dmean2": [0.716780602932, 3.42932796478, 4.43886899948, 8.50092220306, 11.5854530334, 5.35019493103, 5.3981719017, 5.23176670074, 8.91625213623, 8.10075569153, 7.24308776855, 8.88552379608, 20.2911128998, 10.610707283, 42.0930709839, 16.8593425751, 15.3159132004, 27.2041130066, 29.5220756531, 30.2894458771, 38.2833938599, 19.7927131653, 16.8908023834, 27.9327926636, 21.0222473145, 21.1419467926, 12.5632953644, 10.5707683563, 7.90606689453, 10.0113182068, 11.0893859863, 8.01465511322, 3.94752287865, 3.45394444466, 4.40638494492, 2.41190290451, 0.964236617088, 0.254701703787, 0.042208019644, 0.00209566624835], "dvar": [1.85813176632, 30.9258232117, 48.8965873718, 185.884902954, 262.697296143, 29.1197357178, 24.5626754761, 28.3258132935, 103.7370224, 71.1270980835, 53.0824241638, 134.214553833, 439.257385254, 144.745269775, 3029.31689453, 244.280349731, 199.320999146, 1007.60162354, 1877.42834473, 2302.89355469, 3025.92333984, 399.630371094, 339.501159668, 1071.75720215, 581.614318848, 571.97869873, 228.844284058, 185.925308228, 138.815750122, 236.872406006, 258.249084473, 150.90397644, 31.6490116119, 28.0488967896, 44.5183334351, 13.3975086212, 2.10528159142, 0.1609300524, 0.00507490290329, 1.33077382998e-05], "dvar2": [3.19887185097, 77.1374435425, 137.654663086, 513.747375488, 661.155212402, 67.8432388306, 57.4622573853, 60.0531578064, 244.644180298, 155.69708252, 133.932800293, 331.724517822, 1091.8059082, 304.072143555, 6286.67333984, 620.236694336, 454.314178467, 2243.97387695, 5180.06005859, 6057.18603516, 7090.34326172, 908.27911377, 774.143127441, 2505.54248047, 1360.03027344, 1355.8815918, 512.501586914, 397.477111816, 303.076202393, 534.690429688, 583.692016602, 347.550231934, 67.6026687622, 61.085067749, 104.890106201, 32.0298461914, 5.01236820221, 0.397848725319, 0.0126764113083, 3.36328012054e-05], "max": [14.2322950363, 50.9571380615, 70.0634536743, 126.000160217, 179.461151123, 50.0653305054, 64.0533981323, 107.864051819, 194.908569336, 149.274169922, 89.3447570801, 232.746292114, 354.153198242, 377.132904053, 1145.50756836, 254.745498657, 223.949859619, 528.334411621, 575.02923584, 1023.09362793, 926.278259277, 254.98789978, 302.372344971, 561.647521973, 344.454864502, 325.166534424, 187.173843384, 144.835128784, 161.686904907, 194.707763672, 186.793197632, 206.75138855, 59.280544281, 51.2052230835, 77.8763580322, 36.9231681824, 12.5765581131, 3.85584163666, 0.653827369213, 0.0350156836212], "mean": [0.702325224876, 2.92247152328, 3.33185529709, 5.91661024094, 10.5057153702, 5.94450426102, 6.53820466995, 6.72983360291, 9.1319694519, 10.1053419113, 7.91087198257, 8.44638442993, 20.5218849182, 12.4846582413, 49.8645935059, 20.0107440948, 17.448633194, 28.8460941315, 28.6902809143, 27.9490871429, 37.9133415222, 23.5394515991, 18.3689918518, 26.5564403534, 20.830532074, 19.4697914124, 11.7951946259, 10.1892433167, 7.12818193436, 9.10132789612, 9.29974365234, 5.76653289795, 3.0719833374, 2.73787808418, 3.07321619987, 1.42868840694, 0.562215983868, 0.140697047114, 0.0218317992985, 0.00111181184184], "median": [0.0729096978903, 0.702778458595, 1.03660023212, 2.40332198143, 2.87942266464, 2.28867816925, 2.98338150978, 3.27188754082, 3.82317352295, 4.75605583191, 4.64131736755, 4.49274587631, 10.895565033, 7.4758348465, 14.3677530289, 12.621922493, 9.95472335815, 13.9254045486, 12.5459251404, 11.3294916153, 13.3100099564, 12.3466558456, 8.4524564743, 11.3456115723, 9.56149291992, 7.67245292664, 4.86764764786, 3.12239933014, 1.93575000763, 2.16794252396, 2.10404038429, 0.792647600174, 0.379327267408, 0.435395807028, 0.562575280666, 0.156665384769, 0.0381276831031, 0.00884481240064, 0.00122617336456, 0.000106402781967], "min": [2.37838533698e-22, 9.44383280207e-22, 3.35598725961e-21, 2.03595014299e-20, 4.99117905869e-20, 6.63629104746e-20, 1.07112451162e-19, 1.27377128937e-19, 5.50797908107e-19, 3.2014952859e-19, 3.22573400429e-19, 5.31783559065e-19, 9.29137654085e-19, 1.05297320923e-18, 1.09165672417e-18, 1.56139894555e-18, 2.42339889881e-18, 2.75087267229e-18, 4.52266293869e-18, 4.47989397871e-18, 6.21518696854e-18, 5.84031202365e-18, 8.24007547723e-18, 6.62833059729e-18, 1.10826444291e-17, 8.56458091308e-18, 1.14098812154e-17, 1.18362398816e-17, 1.38396853873e-17, 1.47711709935e-17, 1.17367432888e-17, 1.34574071759e-17, 1.2289707738e-17, 9.3559619759e-18, 7.9226052125e-18, 5.16851852994e-18, 2.4880722218e-18, 1.10139729287e-18, 2.96818925262e-19, 2.9195042452e-20], "var": [2.9082531929, 34.081325531, 39.4339828491, 140.39453125, 349.099487305, 66.3060836792, 62.9351234436, 77.0721740723, 226.247436523, 196.413803101, 93.2009353638, 194.644790649, 711.586181641, 347.966918945, 7436.07470703, 564.794250488, 436.377288818, 2173.40893555, 2313.50756836, 2727.1328125, 5078.33740234, 870.970703125, 646.261047363, 1812.32592773, 909.782104492, 903.094482422, 358.149261475, 323.163269043, 207.248947144, 356.326446533, 378.20022583, 206.584213257, 46.8595275879, 39.3860702515, 51.6737213135, 14.3877334595, 2.30573558807, 0.161880373955, 0.00461143720895, 1.18942016343e-05]}, "gfcc": {"mean": [-7.34258460999, 51.0693817139, -102.822723389, 24.5735778809, -42.5078392029, 13.295548439, -30.4982757568, 8.01672649384, -26.1047382355, 4.33883237839, -16.1934776306, 3.53406023979, -11.9296827316], "cov": [[18323.3730469, 352.129669189, -153.678024292, 247.602966309, 430.845031738, 392.370361328, -98.1321792603, 418.945404053, -32.9309768677, 51.1772422791, -107.215797424, 130.231872559, -70.6818771362], [352.129669189, 2237.24804688, -108.215881348, 264.905487061, 431.079833984, 71.0133361816, 154.609558105, 33.4208526611, 32.7953796387, 2.48618006706, 106.217407227, -28.617767334, 43.7436714172], [-153.678024292, -108.215881348, 1412.92492676, 285.506896973, 134.7371521, 368.095825195, 159.213592529, 45.422744751, 10.0135765076, 32.8861808777, -20.674287796, 54.2720031738, -54.3320083618], [247.602966309, 264.905487061, 285.506896973, 571.463317871, 218.459487915, 173.926864624, 202.139724731, 159.540008545, 170.695999146, 63.1059913635, 61.3088188171, -23.5883369446, 34.8036308289], [430.845031738, 431.079833984, 134.7371521, 218.459487915, 460.95916748, 89.3131256104, 160.496398926, 156.667663574, 115.573608398, 70.9738006592, 36.843788147, -12.8545312881, 25.9092960358], [392.370361328, 71.0133361816, 368.095825195, 173.926864624, 89.3131256104, 265.79486084, 112.181739807, 53.9252700806, 44.2223434448, 36.7201538086, 15.2938451767, 25.0073509216, -13.0508375168], [-98.1321792603, 154.609558105, 159.213592529, 202.139724731, 160.496398926, 112.181739807, 220.901824951, 125.00920105, 122.810714722, 58.0424690247, 52.9340248108, -6.64075136185, 34.5210571289], [418.945404053, 33.4208526611, 45.422744751, 159.540008545, 156.667663574, 53.9252700806, 125.00920105, 197.338287354, 134.248779297, 67.5006713867, 41.9756546021, 6.7655954361, 40.7592048645], [-32.9309768677, 32.7953796387, 10.0135765076, 170.695999146, 115.573608398, 44.2223434448, 122.810714722, 134.248779297, 203.818786621, 73.4651107788, 51.3769340515, 3.03606820107, 57.7255592346], [51.1772422791, 2.48618006706, 32.8861808777, 63.1059913635, 70.9738006592, 36.7201538086, 58.0424690247, 67.5006713867, 73.4651107788, 96.2812194824, 41.0532226562, 18.9179420471, 26.8446559906], [-107.215797424, 106.217407227, -20.674287796, 61.3088188171, 36.843788147, 15.2938451767, 52.9340248108, 41.9756546021, 51.3769340515, 41.0532226562, 85.8830032349, 21.7845249176, 22.360666275], [130.231872559, -28.617767334, 54.2720031738, -23.5883369446, -12.8545312881, 25.0073509216, -6.64075136185, 6.7655954361, 3.03606820107, 18.9179420471, 21.7845249176, 77.4563751221, 22.4003753662], [-70.6818771362, 43.7436714172, -54.3320083618, 34.8036308289, 25.9092960358, -13.0508375168, 34.5210571289, 40.7592048645, 57.7255592346, 26.8446559906, 22.360666275, 22.4003753662, 75.3098220825]], "icov": [[7.18625087757e-05, -1.41183563755e-05, 6.64157341816e-05, -3.70213019778e-05, -3.57707358489e-05, -0.000185307071661, 0.000196058768779, -0.000316319899866, 0.000119160926261, 2.32045726989e-06, 0.00017433227913, -0.000171384614077, 0.000109243192128], [-1.41183563755e-05, 0.000692643341608, 0.000149224768393, -0.000184611126315, -0.000790734193288, -0.000181713374332, -0.000179038368515, 0.000681020668708, 0.00036655983422, 0.000581163854804, -0.000976356270257, 0.000245910778176, -0.000539940199815], [6.64157341816e-05, 0.000149224768393, 0.00136503879912, -0.000481028662762, -0.000263680994976, -0.00141589075793, -0.000464687327622, 0.000115463924885, 0.000519785564393, -6.47300912533e-05, 0.000989318010397, -0.00134160614107, 0.000908586953301], [-3.70213019778e-05, -0.000184611126315, -0.000481028662762, 0.00355964060873, -0.000228211138165, -0.00116681493819, -0.000471008359455, -0.000688438303769, -0.00156194902956, 0.000782360963058, -0.00134356052149, 0.00225551938638, -0.000808386714198], [-3.57707358489e-05, -0.000790734193288, -0.000263680994976, -0.000228211138165, 0.00432702759281, 0.000421236240072, -0.00114395236596, -0.00225682347082, -2.0284745915e-05, -0.00167591124773, 0.00143743935041, 0.000352665054379, 0.000752356427256], [-0.000185307071661, -0.000181713374332, -0.00141589075793, -0.00116681493819, 0.000421236240072, 0.00850714463741, -0.00344044482335, 0.00114603352267, -0.00031774272793, -0.00146016851068, 0.00121812405996, -0.0030442236457, 0.00304333795793], [0.000196058768779, -0.000179038368515, -0.000464687327622, -0.000471008359455, -0.00114395236596, -0.00344044482335, 0.0123974885792, -0.00371825718321, -0.00175285665318, 0.000464227690827, -0.00348233710974, 0.00378649914637, -0.00261688209139], [-0.000316319899866, 0.000681020668708, 0.000115463924885, -0.000688438303769, -0.00225682347082, 0.00114603352267, -0.00371825718321, 0.0139485141262, -0.00456418236718, -0.00167906098068, -0.0005621163873, -0.000855945399962, -0.000642294355202], [0.000119160926261, 0.00036655983422, 0.000519785564393, -0.00156194902956, -2.0284745915e-05, -0.00031774272793, -0.00175285665318, -0.00456418236718, 0.0130668478087, -0.00331813236699, -0.0010454619769, 0.00139938725624, -0.00471750600263], [2.32045726989e-06, 0.000581163854804, -6.47300912533e-05, 0.000782360963058, -0.00167591124773, -0.00146016851068, 0.000464227690827, -0.00167906098068, -0.00331813236699, 0.0182679016143, -0.00576443178579, -0.0013822716428, -0.00156980648171], [0.00017433227913, -0.000976356270257, 0.000989318010397, -0.00134356052149, 0.00143743935041, 0.00121812405996, -0.00348233710974, -0.0005621163873, -0.0010454619769, -0.00576443178579, 0.0203767120838, -0.00720331352204, 0.00263097137213], [-0.000171384614077, 0.000245910778176, -0.00134160614107, 0.00225551938638, 0.000352665054379, -0.0030442236457, 0.00378649914637, -0.000855945399962, 0.00139938725624, -0.0013822716428, -0.00720331352204, 0.021269518882, -0.00900287088007], [0.000109243192128, -0.000539940199815, 0.000908586953301, -0.000808386714198, 0.000752356427256, 0.00304333795793, -0.00261688209139, -0.000642294355202, -0.00471750600263, -0.00156980648171, 0.00263097137213, -0.00900287088007, 0.0226116813719]]}, "melbands": {"dmean": [0.00353464856744, 0.00177087145858, 0.000943271559663, 0.000364851497579, 0.000127918217913, 8.3444887423e-05, 7.79683905421e-05, 6.33735980955e-05, 3.58758588845e-05, 3.86246319977e-05, 6.65593033773e-05, 2.87288366962e-05, 8.17295804154e-05, 4.30647778558e-05, 3.13655436912e-05, 2.06068380066e-05, 3.74470873794e-05, 3.22668856825e-05, 2.05455435207e-05, 4.4299322326e-05, 2.49903223448e-05, 1.47162909343e-05, 1.12117795652e-05, 1.04664777609e-05, 1.62867090694e-05, 1.03943812064e-05, 1.03751181086e-05, 9.55169343797e-06, 5.49873493583e-06, 5.56102395421e-06, 4.13023417423e-06, 3.23910580846e-06, 3.00709893963e-06, 4.35934680354e-06, 4.94597998113e-06, 3.69217241314e-06, 2.96029907076e-06, 1.86213571851e-06, 1.7182743477e-06, 2.13572502616e-06], "dmean2": [0.00524763716385, 0.00299728359096, 0.00161359587219, 0.000548710755538, 0.000193854415556, 0.000125216931337, 0.000122509693028, 9.44281564443e-05, 5.77406317461e-05, 6.09806156717e-05, 0.000103132500954, 4.45523837698e-05, 0.000117892835988, 6.34285315755e-05, 5.17137304996e-05, 3.14978606184e-05, 5.89933333686e-05, 5.20211433468e-05, 3.30324510287e-05, 7.06121354597e-05, 3.791733252e-05, 2.26338834182e-05, 1.74137458089e-05, 1.58795719472e-05, 2.54170627159e-05, 1.62983124028e-05, 1.57463182404e-05, 1.49366742335e-05, 8.23769096314e-06, 8.53963319969e-06, 6.07543051956e-06, 4.84943984702e-06, 4.34132289229e-06, 6.64608978695e-06, 7.44690532883e-06, 5.79113338972e-06, 4.53732081951e-06, 2.79689152194e-06, 2.52855556937e-06, 3.14396606882e-06], "dvar": [8.80561492522e-05, 2.26139545703e-05, 6.2715362219e-06, 4.61182395384e-07, 3.47078383811e-08, 1.55345603048e-08, 1.81110877406e-08, 9.8531200976e-09, 3.67212837915e-09, 6.42964703701e-09, 1.13999147899e-08, 2.72067213203e-09, 2.2834328206e-08, 5.11566522476e-09, 2.02591743381e-09, 9.80211911639e-10, 5.11556175198e-09, 6.67437083379e-09, 2.64362176594e-09, 9.48486356123e-09, 2.83370615861e-09, 5.30211874405e-10, 3.68120173233e-10, 3.52628315436e-10, 9.00365559886e-10, 3.72522013237e-10, 2.85894030672e-10, 3.04153174868e-10, 1.01498615068e-10, 1.03130073925e-10, 6.88373316682e-11, 5.24144130876e-11, 4.55314778935e-11, 9.88815279657e-11, 1.176080483e-10, 7.89932563805e-11, 4.93272367397e-11, 1.65228056931e-11, 1.49693955148e-11, 2.62040285304e-11], "dvar2": [0.000153427157784, 6.16543838987e-05, 1.72890304384e-05, 1.06872766992e-06, 7.79198501277e-08, 3.33267244912e-08, 4.31187530125e-08, 2.08417212377e-08, 9.33716037821e-09, 1.59648401166e-08, 2.83338685847e-08, 5.86505111144e-09, 4.794718933e-08, 1.08521520659e-08, 5.51347456579e-09, 2.31084551494e-09, 1.12892468707e-08, 1.83483450655e-08, 6.73185951428e-09, 2.49561029619e-08, 6.43038333692e-09, 1.22812116032e-09, 8.63702331877e-10, 8.47375114521e-10, 2.11935025085e-09, 9.25998888679e-10, 6.57983278973e-10, 7.26483706526e-10, 2.3259610904e-10, 2.38504910266e-10, 1.51383156011e-10, 1.22647308975e-10, 9.73851971287e-11, 2.29873259316e-10, 2.65717226e-10, 1.92277443967e-10, 1.13189235762e-10, 3.66928570861e-11, 3.30703034401e-11, 5.94750290683e-11], "max": [0.0941876173019, 0.0458067879081, 0.0248878095299, 0.00748376594856, 0.00243850424886, 0.00227179029025, 0.00251789786853, 0.00167773629073, 0.000864956120495, 0.00164185464382, 0.00175913213752, 0.00147583452053, 0.0031580098439, 0.00148752145469, 0.000589631206822, 0.000806416966952, 0.00120341172442, 0.00119688559789, 0.000960017147008, 0.00163380929735, 0.000993984751403, 0.000326512788888, 0.000233466693317, 0.000363376457244, 0.00053410831606, 0.000334615440806, 0.000218928791583, 0.000243668371695, 0.000153364409925, 0.000109480068204, 8.88227150426e-05, 0.000103553880763, 8.61897642608e-05, 0.000127336636069, 0.000132331100758, 0.000124576341477, 0.000130654589157, 4.55955669167e-05, 3.80700730602e-05, 6.35778342257e-05], "mean": [0.00538439769298, 0.00247332686558, 0.00124677387066, 0.000576107937377, 0.000241310452111, 0.00016335840337, 0.000124017518829, 0.00011693531269, 5.89583796682e-05, 5.55248370802e-05, 0.000103503210994, 4.4509935833e-05, 0.000139108145959, 8.0538840848e-05, 4.98116933159e-05, 3.04889817926e-05, 5.9762292949e-05, 4.92273065902e-05, 2.83112767647e-05, 6.00200110057e-05, 3.73232869606e-05, 2.51524270425e-05, 1.82538533409e-05, 1.56564583449e-05, 2.28391963901e-05, 1.4557727809e-05, 1.48913723024e-05, 1.27755192807e-05, 7.47900094211e-06, 6.87472720529e-06, 5.64731135455e-06, 4.06721619584e-06, 3.70865245714e-06, 5.77763557885e-06, 6.27150029686e-06, 3.95509778173e-06, 3.18458000947e-06, 2.07648417927e-06, 1.93148548533e-06, 2.41692737291e-06], "median": [0.000926496461034, 0.000863080844283, 0.000523202528711, 0.000200539201614, 0.000103489830508, 8.02017457318e-05, 5.37993255421e-05, 5.09287165187e-05, 3.39348953275e-05, 2.83069257421e-05, 5.31184341526e-05, 2.19593675865e-05, 4.15438880736e-05, 3.85309904232e-05, 2.89278432319e-05, 1.44405939864e-05, 2.70995951723e-05, 1.86629895325e-05, 1.25904562083e-05, 1.62010856002e-05, 1.39043668241e-05, 1.31721690195e-05, 8.33415288071e-06, 6.31792090644e-06, 8.74502438819e-06, 6.57397004034e-06, 6.01268129685e-06, 4.53035818282e-06, 2.85133296529e-06, 2.28816702474e-06, 1.44146804359e-06, 1.04489151909e-06, 7.98906796717e-07, 1.33640492095e-06, 1.45447484101e-06, 5.9575557998e-07, 3.81598937338e-07, 2.48475799935e-07, 2.11597864563e-07, 3.54392199142e-07], "min": [2.03676667651e-24, 1.7450723406e-24, 4.19539737452e-24, 4.14679407642e-24, 5.76780265689e-24, 2.44086501394e-24, 7.95710663347e-24, 4.47153931768e-24, 2.07182621893e-24, 3.78272806335e-24, 4.6515100446e-24, 4.27457928788e-24, 3.64735203783e-24, 3.20536411947e-24, 4.033034023e-24, 4.9688601093e-24, 4.61642151153e-24, 7.48980357702e-24, 4.68930634272e-24, 7.24774949686e-24, 6.87715842081e-24, 5.63267985572e-24, 6.43386000727e-24, 6.90792320725e-24, 5.01034157114e-24, 4.99043269404e-24, 6.1037134354e-24, 5.5056345958e-24, 5.53170329327e-24, 6.33581287979e-24, 6.31691611124e-24, 7.0680359386e-24, 6.73122625309e-24, 7.11011535701e-24, 6.29036699747e-24, 7.75915934425e-24, 7.28577022591e-24, 7.55300869047e-24, 6.49813166066e-24, 7.9077704836e-24], "var": [0.000142352611874, 2.09109821299e-05, 5.25626273884e-06, 8.32159742004e-07, 9.07321364707e-08, 4.24093542506e-08, 3.86487037929e-08, 2.83570837922e-08, 5.77761660736e-09, 9.06596220318e-09, 1.85550455001e-08, 5.7172995227e-09, 5.5588643022e-08, 1.37986697624e-08, 3.69541242051e-09, 1.70079872408e-09, 1.08120810083e-08, 8.0852826656e-09, 3.04046698929e-09, 1.34027695609e-08, 5.00159913486e-09, 1.04099151521e-09, 7.39212135947e-10, 5.57017654224e-10, 1.48707157699e-09, 4.92345220149e-10, 4.68426186728e-10, 4.51534781787e-10, 1.5930717856e-10, 1.39803543742e-10, 1.21730348024e-10, 7.04745428681e-11, 6.63072860507e-11, 1.44358552889e-10, 1.75746583952e-10, 9.3925277278e-11, 6.7279140592e-11, 2.25473199139e-11, 2.03555731298e-11, 3.4460302667e-11]}, "mfcc": {"mean": [-659.146057129, 97.5590667725, -3.64794754982, 21.5617694855, 6.48064613342, 9.72179794312, 5.13630199432, 6.06548786163, -1.51891171932, 2.48103833199, -2.8541560173, -0.832829236984, 3.50930118561], "cov": [[14486.2998047, 803.785339355, -440.784912109, 191.625244141, 304.830352783, 145.253799438, 94.1443786621, 246.286483765, 65.619682312, 187.570785522, -76.2053146362, -71.1083755493, 175.076339722], [803.785339355, 1828.0871582, -186.394943237, 238.168243408, 193.316223145, 152.486068726, 149.725357056, 72.6958007812, -37.5766067505, 49.4491615295, 28.6423225403, -63.1765823364, 64.5929794312], [-440.784912109, -186.394943237, 1136.6385498, 74.543006897, 111.622886658, 287.540496826, 133.829772949, 132.408905029, 48.9733886719, -23.5602283478, 83.4987564087, 48.9388160706, -34.3612518311], [191.625244141, 238.168243408, 74.543006897, 451.419799805, 190.811569214, 113.265190125, 125.988166809, 141.374099731, 140.973175049, 179.322174072, 115.876960754, 27.3417644501, 75.2667541504], [304.830352783, 193.316223145, 111.622886658, 190.811569214, 254.777114868, 112.73614502, 104.223670959, 92.1620025635, 81.6573028564, 100.909660339, 60.2763290405, 13.5622749329, 35.7093505859], [145.253799438, 152.486068726, 287.540496826, 113.265190125, 112.73614502, 241.672439575, 100.253211975, 93.2230224609, 46.1220932007, 47.4327163696, 73.0777053833, 16.5560531616, 10.7525205612], [94.1443786621, 149.725357056, 133.829772949, 125.988166809, 104.223670959, 100.253211975, 166.660003662, 81.4761810303, 54.357711792, 71.9007339478, 53.5943145752, 25.1013736725, 25.0996608734], [246.286483765, 72.6958007812, 132.408905029, 141.374099731, 92.1620025635, 93.2230224609, 81.4761810303, 152.269897461, 91.8834686279, 87.3573074341, 67.3071289062, 38.8546409607, 51.6259422302], [65.619682312, -37.5766067505, 48.9733886719, 140.973175049, 81.6573028564, 46.1220932007, 54.357711792, 91.8834686279, 169.386276245, 116.333206177, 72.0127563477, 40.8159942627, 45.4006309509], [187.570785522, 49.4491615295, -23.5602283478, 179.322174072, 100.909660339, 47.4327163696, 71.9007339478, 87.3573074341, 116.333206177, 177.31086731, 84.2739105225, 31.3860912323, 59.9713134766], [-76.2053146362, 28.6423225403, 83.4987564087, 115.876960754, 60.2763290405, 73.0777053833, 53.5943145752, 67.3071289062, 72.0127563477, 84.2739105225, 120.511856079, 40.115901947, 26.0954246521], [-71.1083755493, -63.1765823364, 48.9388160706, 27.3417644501, 13.5622749329, 16.5560531616, 25.1013736725, 38.8546409607, 40.8159942627, 31.3860912323, 40.115901947, 100.150512695, 28.3459224701], [175.076339722, 64.5929794312, -34.3612518311, 75.2667541504, 35.7093505859, 10.7525205612, 25.0996608734, 51.6259422302, 45.4006309509, 59.9713134766, 26.0954246521, 28.3459224701, 115.000450134]], "icov": [[7.83860305091e-05, -1.3704498997e-05, 4.76614986837e-05, 4.03897392971e-05, -7.10536551196e-05, -7.21809556126e-05, 4.4962947868e-05, -0.00018800534599, 4.67370919068e-05, -8.4061313828e-05, 0.00017000680964, 4.79809823446e-05, -4.54511791759e-05], [-1.3704498997e-05, 0.000786684511695, 0.000346727814758, -0.000324483524309, -0.000319326034514, -0.000514153682161, -0.000535086088348, -0.000145618017996, 0.000593258650042, 0.000468515994726, -9.73499481915e-05, 0.000473641499411, -0.000348832312739], [4.76614986837e-05, 0.000346727814758, 0.00165656022727, -5.58342799195e-05, -0.000227380238357, -0.00169851246756, -0.000574332429096, -0.00092101021437, -9.16809949558e-05, 0.00146594375838, -0.000232827689615, -0.000170559214894, 0.000399024691433], [4.03897392971e-05, -0.000324483524309, -5.58342799195e-05, 0.0049597802572, -0.00149506819434, 0.000205405071029, -0.000462243653601, -0.00117829267401, -0.000667074113153, -0.0023484970443, -0.00129183125682, 0.000908325251658, -0.000509854289703], [-7.10536551196e-05, -0.000319326034514, -0.000227380238357, -0.00149506819434, 0.00735269580036, -0.00139526836574, -0.00150778715033, -0.000145738318679, -0.00083239475498, -0.00154036399908, 0.000962463906035, 0.000293700984912, 0.000281052314676], [-7.21809556126e-05, -0.000514153682161, -0.00169851246756, 0.000205405071029, -0.00139526836574, 0.00912754237652, -0.00158326420933, -0.00192497181706, 0.000614695250988, 0.000459151284304, -0.00311474455521, 0.000921304919757, 0.000543863221537], [4.4962947868e-05, -0.000535086088348, -0.000574332429096, -0.000462243653601, -0.00150778715033, -0.00158326420933, 0.0108584221452, -0.00202154484577, 0.000708166218828, -0.00233336398378, 0.000517554697581, -0.00132228573784, 0.000662559119519], [-0.00018800534599, -0.000145618017996, -0.00092101021437, -0.00117829267401, -0.000145738318679, -0.00192497181706, -0.00202154484577, 0.0158591289073, -0.00395969301462, -0.000718915602192, -0.000946467684116, -0.00168884033337, -0.00301983510144], [4.67370919068e-05, 0.000593258650042, -9.16809949558e-05, -0.000667074113153, -0.00083239475498, 0.000614695250988, 0.000708166218828, -0.00395969301462, 0.0133784450591, -0.0056124208495, -0.00112873013131, -0.00124786340166, 3.77317010134e-05], [-8.4061313828e-05, 0.000468515994726, 0.00146594375838, -0.0023484970443, -0.00154036399908, 0.000459151284304, -0.00233336398378, -0.000718915602192, -0.0056124208495, 0.0172073487192, -0.00541861401871, 0.000975533796009, -0.00266130967066], [0.00017000680964, -9.73499481915e-05, -0.000232827689615, -0.00129183125682, 0.000962463906035, -0.00311474455521, 0.000517554697581, -0.000946467684116, -0.00112873013131, -0.00541861401871, 0.017019007355, -0.00386132998392, 0.00123730907217], [4.79809823446e-05, 0.000473641499411, -0.000170559214894, 0.000908325251658, 0.000293700984912, 0.000921304919757, -0.00132228573784, -0.00168884033337, -0.00124786340166, 0.000975533796009, -0.00386132998392, 0.0134228160605, -0.0025635396596], [-4.54511791759e-05, -0.000348832312739, 0.000399024691433, -0.000509854289703, 0.000281052314676, 0.000543863221537, 0.000662559119519, -0.00301983510144, 3.77317010134e-05, -0.00266130967066, 0.00123730907217, -0.0025635396596, 0.0122106503695]]}, "spectral_contrast_coeffs": {"dmean": [0.0546719394624, 0.048307646066, 0.0443077012897, 0.0369803197682, 0.0292196888477, 0.0227226130664], "dmean2": [0.0856620594859, 0.0769104212523, 0.067356929183, 0.055763784796, 0.0439677238464, 0.0345121659338], "dvar": [0.00223109591752, 0.0016818678705, 0.00147540518083, 0.00099764787592, 0.00064394925721, 0.000440547330072], "dvar2": [0.00516061112285, 0.00406619720161, 0.00313720037229, 0.00221440917812, 0.00134065747261, 0.000982765690424], "max": [-0.288200974464, -0.468832910061, -0.508544147015, -0.53564786911, -0.55551558733, -0.600565850735], "mean": [-0.668580710888, -0.757951200008, -0.767604768276, -0.765471935272, -0.774334609509, -0.760941028595], "median": [-0.683652877808, -0.764457464218, -0.775645494461, -0.765853822231, -0.774815201759, -0.760910570621], "min": [-0.972178041935, -0.980930864811, -0.965632259846, -0.968767523766, -0.972169339657, -0.965169668198], "var": [0.0117932539433, 0.00545264594257, 0.00573777221143, 0.0043001100421, 0.00278568151407, 0.00183671235573]}, "spectral_contrast_valleys": {"dmean": [0.497994542122, 0.488462686539, 0.497089534998, 0.481783211231, 0.495467275381, 0.559901595116], "dmean2": [0.740876972675, 0.715099751949, 0.701787769794, 0.646195948124, 0.615284323692, 0.653936266899], "dvar": [0.257643818855, 0.255509227514, 0.242769643664, 0.245551362634, 0.231585592031, 0.318573385477], "dvar2": [0.453293740749, 0.448405683041, 0.406204372644, 0.397622764111, 0.379897594452, 0.509236872196], "max": [-4.83774280548, -5.22637939453, -5.1785607338, -5.74639415741, -5.42905330658, -7.41060018539], "mean": [-7.70040082932, -7.27771234