{"lowlevel": {"average_loudness": 0.962167859077, "barkbands_crest": {"dmean": 2.1635081768, "dmean2": 3.43719649315, "dvar": 5.17071008682, "dvar2": 11.7325315475, "max": 24.3935394287, "mean": 9.55722427368, "median": 8.2789106369, "min": 2.74161601067, "var": 17.1357460022}, "barkbands_flatness_db": {"dmean": 0.0263095721602, "dmean2": 0.0384611859918, "dvar": 0.000855318910908, "dvar2": 0.00172229623422, "max": 0.4249368608, "mean": 0.154560789466, "median": 0.147418305278, "min": 0.0231612212956, "var": 0.0037437947467}, "barkbands_kurtosis": {"dmean": 4.24988174438, "dmean2": 6.73881483078, "dvar": 40.9834976196, "dvar2": 92.2453765869, "max": 124.099143982, "mean": 7.74330282211, "median": 4.61290073395, "min": -1.86684679985, "var": 103.318473816}, "barkbands_skewness": {"dmean": 0.610596895218, "dmean2": 0.946955323219, "dvar": 0.407432347536, "dvar2": 0.917098462582, "max": 9.06125545502, "mean": 2.08733391762, "median": 2.04887866974, "min": -2.96027827263, "var": 1.6423535347}, "barkbands_spread": {"dmean": 5.96323728561, "dmean2": 8.93236541748, "dvar": 56.8361206055, "dvar2": 109.110649109, "max": 116.60181427, "mean": 20.6427345276, "median": 16.596282959, "min": 0.776677310467, "var": 221.356338501}, "dissonance": {"dmean": 0.020213490352, "dmean2": 0.0329921282828, "dvar": 0.00043609898421, "dvar2": 0.00110051152296, "max": 0.500000119209, "mean": 0.459088563919, "median": 0.467149823904, "min": 0.240782976151, "var": 0.00104742043186}, "dynamic_complexity": 2.50985193253, "erbbands_crest": {"dmean": 2.64106798172, "dmean2": 4.20432901382, "dvar": 7.64604330063, "dvar2": 17.8697128296, "max": 29.237947464, "mean": 9.15969181061, "median": 8.16641902924, "min": 2.43518781662, "var": 18.294916153}, "erbbands_flatness_db": {"dmean": 0.0211691204458, "dmean2": 0.0299949645996, "dvar": 0.00053127144929, "dvar2": 0.00105853949208, "max": 0.362396210432, "mean": 0.143512487411, "median": 0.140951871872, "min": 0.050493478775, "var": 0.00188320502639}, "erbbands_kurtosis": {"dmean": 1.11710441113, "dmean2": 1.72569179535, "dvar": 3.58280777931, "dvar2": 7.79123067856, "max": 36.7020187378, "mean": 0.505927860737, "median": -0.262923955917, "min": -1.85016906261, "var": 7.45424556732}, "erbbands_skewness": {"dmean": 0.43328127265, "dmean2": 0.648098707199, "dvar": 0.220666721463, "dvar2": 0.445800870657, "max": 5.03375148773, "mean": 0.491337865591, "median": 0.429339110851, "min": -2.79290151596, "var": 0.797982692719}, "erbbands_spread": {"dmean": 11.1950283051, "dmean2": 16.5351276398, "dvar": 148.707397461, "dvar2": 295.103546143, "max": 181.265426636, "mean": 49.7021255493, "median": 45.8175468445, "min": 3.32501721382, "var": 535.579284668}, "hfc": {"dmean": 8.2736492157, "dmean2": 11.2244710922, "dvar": 154.796279907, "dvar2": 277.658599854, "max": 171.154541016, "mean": 21.9417991638, "median": 15.3942289352, "min": 1.16697184981e-16, "var": 461.537231445}, "melbands_crest": {"dmean": 2.64860725403, "dmean2": 4.12346458435, "dvar": 6.69574260712, "dvar2": 14.9752502441, "max": 34.5050239563, "mean": 13.4154615402, "median": 12.1908941269, "min": 1.8607468605, "var": 24.3803672791}, "melbands_flatness_db": {"dmean": 0.0308156758547, "dmean2": 0.0446767099202, "dvar": 0.0011584534077, "dvar2": 0.00219037896022, "max": 0.553016066551, "mean": 0.225223764777, "median": 0.226508527994, "min": 0.00469557195902, "var": 0.00748467538506}, "melbands_kurtosis": {"dmean": 10.3066730499, "dmean2": 16.2700691223, "dvar": 216.225708008, "dvar2": 498.440734863, "max": 232.747909546, "mean": 22.4154033661, "median": 15.2220001221, "min": -1.68218362331, "var": 567.801635742}, "melbands_skewness": {"dmean": 0.848039925098, "dmean2": 1.30846142769, "dvar": 0.774880588055, "dvar2": 1.74031329155, "max": 13.0627403259, "mean": 3.41134023666, "median": 3.148635149, "min": -1.26585650444, "var": 2.92989802361}, "melbands_spread": {"dmean": 7.04109764099, "dmean2": 10.379863739, "dvar": 116.519432068, "dvar2": 214.151092529, "max": 226.316390991, "mean": 20.4196815491, "median": 13.0060596466, "min": 0.721085548401, "var": 520.873168945}, "pitch_salience": {"dmean": 0.0634928196669, "dmean2": 0.0995349436998, "dvar": 0.00347795756534, "dvar2": 0.00791130401194, "max": 0.870925068855, "mean": 0.601379334927, "median": 0.619231760502, "min": 0.0977197289467, "var": 0.0143587077036}, "silence_rate_20dB": {"dmean": 0, "dmean2": 0, "dvar": 0, "dvar2": 0, "max": 1, "mean": 1, "median": 1, "min": 1, "var": 0}, "silence_rate_30dB": {"dmean": 0.0337662324309, "dmean2": 0.0675412416458, "dvar": 0.0326278395951, "dvar2": 0.0861003398895, "max": 1, "mean": 0.967276990414, "median": 1, "min": 0, "var": 0.0316503271461}, "silence_rate_60dB": {"dmean": 0.0142857143655, "dmean2": 0.0285751391202, "dvar": 0.0140821151435, "dvar2": 0.0313991345465, "max": 1, "mean": 0.0380470082164, "median": 0, "min": 0, "var": 0.03660043329}, "spectral_centroid": {"dmean": 303.284088135, "dmean2": 451.658508301, "dvar": 148229.546875, "dvar2": 282505.75, "max": 11193.3515625, "mean": 1254.84521484, "median": 1016.76647949, "min": 187.117431641, "var": 695988.875}, "spectral_complexity": {"dmean": 4.71480512619, "dmean2": 6.9476556778, "dvar": 38.957698822, "dvar2": 77.062210083, "max": 61, "mean": 16.5805740356, "median": 14, "min": 0, "var": 113.349243164}, "spectral_decrease": {"dmean": 3.30484883904e-09, "dmean2": 5.19856913073e-09, "dvar": 2.00310239116e-17, "dvar2": 4.86652324282e-17, "max": -1.07050739566e-29, "mean": -9.53354462041e-09, "median": -7.24850179878e-09, "min": -5.49959295881e-08, "var": 5.76275755465e-17}, "spectral_energy": {"dmean": 0.0130418911576, "dmean2": 0.0203158054501, "dvar": 0.000301946769468, "dvar2": 0.000731508655008, "max": 0.222992777824, "mean": 0.0379719473422, "median": 0.0291656721383, "min": 1.06251834359e-20, "var": 0.000866274815053}, "spectral_energyband_high": {"dmean": 0.00075277488213, "dmean2": 0.000992397777736, "dvar": 2.03274612431e-06, "dvar2": 3.41858253705e-06, "max": 0.0214710570872, "mean": 0.00149765366223, "median": 0.000480272778077, "min": 7.62541375223e-21, "var": 6.09591370448e-06}, "spectral_energyband_low": {"dmean": 0.00846197642386, "dmean2": 0.0137190846726, "dvar": 0.000200070702704, "dvar2": 0.000479027628899, "max": 0.120138145983, "mean": 0.0194442402571, "median": 0.0114979054779, "min": 2.72447944203e-23, "var": 0.000553162069991}, "spectral_energyband_middle_high": {"dmean": 0.00134013185743, "dmean2": 0.00206254771911, "dvar": 4.47356615041e-06, "dvar2": 1.06570259959e-05, "max": 0.0272340644151, "mean": 0.00328688882291, "median": 0.00248587247916, "min": 1.84411859828e-21, "var": 9.95474056253e-06}, "spectral_energyband_middle_low": {"dmean": 0.00599935278296, "dmean2": 0.00937386322767, "dvar": 7.96308158897e-05, "dvar2": 0.000197494242457, "max": 0.154612332582, "mean": 0.0163692720234, "median": 0.0142240729183, "min": 3.17328980026e-22, "var": 0.000137508963235}, "spectral_entropy": {"dmean": 0.206183597445, "dmean2": 0.295081138611, "dvar": 0.0613678060472, "dvar2": 0.116131350398, "max": 9.80902767181, "mean": 7.51417684555, "median": 7.50283241272, "min": 5.46344327927, "var": 0.282032102346}, "spectral_flux": {"dmean": 0.032255269587, "dmean2": 0.0488530471921, "dvar": 0.00132977007888, "dvar2": 0.00294045801274, "max": 0.354558616877, "mean": 0.0858276486397, "median": 0.0716261416674, "min": 1.03078531821e-10, "var": 0.00311587983742}, "spectral_kurtosis": {"dmean": 1.28714680672, "dmean2": 2.05303573608, "dvar": 3.51403689384, "dvar2": 8.88770675659, "max": 35.266544342, "mean": 3.22218036652, "median": 2.65233135223, "min": -1.17727553844, "var": 7.38088750839}, "spectral_rms": {"dmean": 0.000966237508692, "dmean2": 0.00144446722697, "dvar": 1.27989642351e-06, "dvar2": 2.8720676255e-06, "max": 0.0147497095168, "mean": 0.00562494480982, "median": 0.00533425854519, "min": 3.2196322431e-12, "var": 5.40572000318e-06}, "spectral_rolloff": {"dmean": 508.857421875, "dmean2": 823.959716797, "dvar": 873822.8125, "dvar2": 1643323, "max": 18820.0195312, "mean": 1476.54150391, "median": 602.9296875, "min": 64.599609375, "var": 4376474.5}, "spectral_skewness": {"dmean": 0.23401941359, "dmean2": 0.345066934824, "dvar": 0.0654719993472, "dvar2": 0.134039357305, "max": 4.65543985367, "mean": 1.33164310455, "median": 1.29546737671, "min": -0.0223630461842, "var": 0.264771610498}, "spectral_spread": {"dmean": 655691.9375, "dmean2": 915106.1875, "dvar": 677597609984, "dvar2": 1126098272260.0, "max": 39255772, "mean": 5221725, "median": 4870431, "min": 1879226.125, "var": 2841664290820.0}, "spectral_strongpeak": {"dmean": 0.347575873137, "dmean2": 0.602710127831, "dvar": 0.211710438132, "dvar2": 0.541998326778, "max": 5.80056142807, "mean": 0.688022196293, "median": 0.5510212183, "min": 0, "var": 0.328891038895}, "zerocrossingrate": {"dmean": 0.013512137346, "dmean2": 0.0139872059226, "dvar": 0.000211792561458, "dvar2": 0.000193971514818, "max": 0.5126953125, "mean": 0.0674704387784, "median": 0.0517578125, "min": 0.00244140625, "var": 0.00299300416373}, "barkbands": {"dmean": [0.000294734199997, 0.00609875377268, 0.00282356189564, 0.00192466541193, 0.00265952502377, 0.00134498637635, 0.00113044527825, 0.000965969695244, 0.000612744071987, 0.00038864929229, 0.000289927294943, 0.000227775351959, 0.000215404841583, 0.000155750822159, 0.000188412421267, 0.000132768589538, 0.000121796430903, 0.000114578950161, 0.000163424294442, 0.000303002045257, 0.000221106602112, 0.000184116055607, 0.000103483966086, 8.49658827065e-05, 8.94209442777e-05, 4.62419848191e-05, 1.18413772725e-05], "dmean2": [0.000413687288528, 0.00989281386137, 0.00458536762744, 0.00320775806904, 0.0043447338976, 0.0020741042681, 0.00181688694283, 0.00154354760889, 0.00096099259099, 0.000604897737503, 0.000473303574836, 0.00037471021642, 0.000355596537702, 0.000252289581113, 0.000304504414089, 0.000210810190765, 0.000200880458578, 0.000184424658073, 0.000255725317402, 0.000474309374113, 0.000303507433273, 0.000271567550953, 0.000134592817631, 0.000121596152894, 0.000125802456751, 6.81083474774e-05, 1.7951189875e-05], "dvar": [3.42163957612e-07, 0.000129115825985, 4.72105566587e-05, 2.07097236853e-05, 2.10852322198e-05, 7.31414274924e-06, 7.65008098824e-06, 6.76808076605e-06, 1.52680354404e-06, 8.74530087458e-07, 6.98418887168e-07, 3.0070461321e-07, 2.07491510196e-07, 1.02977018912e-07, 1.69390048654e-07, 7.43961408034e-08, 4.10950740104e-08, 4.53075514883e-08, 1.25686753449e-07, 3.97773902705e-07, 2.11989771515e-07, 1.56965256792e-07, 4.44932410915e-08, 2.71822919728e-08, 6.37938271097e-08, 7.79105757687e-09, 9.18518483495e-10], "dvar2": [7.46995283407e-07, 0.000304900866468, 0.000112641762826, 5.4769388953e-05, 5.66449562029e-05, 1.72054369614e-05, 1.92950556084e-05, 1.74035194505e-05, 3.6196020119e-06, 2.10795883504e-06, 1.78392804173e-06, 7.0170796107e-07, 5.18648107573e-07, 2.54189302495e-07, 4.08073503877e-07, 1.72203058924e-07, 1.04376582044e-07, 1.07035759811e-07, 2.95223514968e-07, 9.61135924626e-07, 3.5573424384e-07, 3.10292392669e-07, 7.9931020025e-08, 5.59616992746e-08, 1.28524547449e-07, 1.49454777443e-08, 1.9811967622e-09], "max": [0.00774679332972, 0.103644683957, 0.076791793108, 0.0710681304336, 0.0902716070414, 0.0409686565399, 0.04079933092, 0.0858497098088, 0.0209132041782, 0.0215197354555, 0.0173979364336, 0.0156685765833, 0.00907503906637, 0.00707576144487, 0.0107982940972, 0.00549248419702, 0.002567732241, 0.0048606954515, 0.00728542404249, 0.0112631507218, 0.006170227658, 0.00690837716684, 0.00347402435727, 0.00219671404921, 0.00624900311232, 0.00126283674035, 0.000384892628063], "mean": [0.000346256158082, 0.0117851896212, 0.00480564124882, 0.00433000735939, 0.00570700410753, 0.00226292316802, 0.00148269964848, 0.00132822897285, 0.0010451588314, 0.000669988163281, 0.000448801845778, 0.000328866910422, 0.000313081371132, 0.000275323342066, 0.000296372920275, 0.000212795319385, 0.000186855177162, 0.000179465918336, 0.000233482511248, 0.000478203699458, 0.000382013793569, 0.00034146400867, 0.000176894332981, 0.000133510315209, 0.000151804546476, 5.7419652876e-05, 1.25203023345e-05], "median": [1.94290987565e-05, 0.00509431399405, 0.00233309692703, 0.00350511842407, 0.00464194640517, 0.00116013980005, 0.000450860738056, 0.000280446925899, 0.000239854736719, 0.000164917204529, 9.2890659289e-05, 0.000101229212305, 8.86461566552e-05, 7.1159840445e-05, 0.000105283514131, 7.71088380134e-05, 8.93871329026e-05, 6.82447353029e-05, 8.60128347995e-05, 0.000131843713461, 0.000123888079543, 0.000122853263747, 4.37003727711e-05, 2.0223124011e-05, 1.30113139676e-05, 1.10563978524e-05, 1.35923278322e-06], "min": [1.55960187266e-24, 9.60379855286e-24, 3.03382651285e-24, 2.86331454373e-23, 1.93133707313e-23, 3.07744768101e-23, 5.02373824369e-23, 3.3624640727e-23, 9.95844816997e-23, 1.524633491e-22, 3.70373381999e-23, 1.94333763543e-22, 9.48593310951e-23, 1.20521361306e-22, 2.5854165173e-22, 1.34503826188e-22, 2.25315133325e-22, 1.71016171144e-22, 3.07052684651e-22, 2.70491543915e-22, 3.98376145532e-22, 5.58454804402e-22, 5.91557730391e-22, 8.93380608029e-22, 1.01691365094e-21, 1.76438432451e-21, 2.43720184682e-21], "var": [5.75038711759e-07, 0.000353889074177, 5.58741703571e-05, 2.4383298296e-05, 2.9028422432e-05, 1.31647520902e-05, 9.17797842703e-06, 8.32513796922e-06, 3.20725553138e-06, 1.65504241068e-06, 9.71093072621e-07, 4.41812431973e-07, 3.38929964983e-07, 2.84201291834e-07, 2.93957043596e-07, 1.3416790523e-07, 6.22280609264e-08, 7.90905119175e-08, 1.67513661609e-07, 7.88305385413e-07, 5.18624688084e-07, 3.80620036822e-07, 1.19966884427e-07, 6.5726851517e-08, 2.11946996842e-07, 1.41549501009e-08, 1.13408316071e-09]}, "erbbands": {"dmean": [0.180009499192, 1.43511044979, 2.93753910065, 5.35493803024, 7.49072170258, 9.35354423523, 10.6077766418, 10.9808320999, 14.5709810257, 19.4028205872, 18.2465610504, 14.1049852371, 11.0243167877, 11.5201730728, 11.4522571564, 9.09013938904, 9.85754776001, 8.00479125977, 8.44131183624, 9.14194297791, 6.40653467178, 6.16118192673, 5.99419403076, 6.59996938705, 10.6942234039, 14.0141868591, 9.97284507751, 8.81806945801, 6.67040109634, 4.6415848732, 2.58392095566, 1.98513758183, 1.43568253517, 1.19361484051, 0.584127604961, 0.265186727047, 0.0681395754218, 0.0125838797539, 0.00208109244704, 0.000128597428557], "dmean2": [0.255102723837, 2.38579964638, 4.72770786285, 8.87016773224, 12.3210382462, 15.6007013321, 16.4163780212, 17.1468410492, 22.760843277, 32.1327171326, 28.2759342194, 22.0302772522, 16.9185333252, 18.2340888977, 18.370349884, 14.7820634842, 16.2600975037, 12.7715063095, 13.7283792496, 14.323384285, 10.1602640152, 10.1260089874, 9.59531593323, 10.3328170776, 16.2383499146, 22.1103744507, 15.4833593369, 11.6644611359, 9.51112556458, 6.28231287003, 3.5911898613, 2.68155121803, 2.01466917992, 1.76403725147, 0.836222469807, 0.390626579523, 0.0988545566797, 0.0184796880931, 0.00318061094731, 0.000195796586922], "dvar": [0.138347148895, 7.35022735596, 43.2317237854, 146.659118652, 179.463348389, 297.414093018, 433.122558594, 709.372619629, 1248.97351074, 3199.91455078, 2081.18603516, 885.270263672, 610.41583252, 845.988952637, 894.745483398, 363.537506104, 427.57119751, 280.107421875, 369.708374023, 442.59942627, 131.494812012, 114.92779541, 121.894714355, 154.672027588, 566.154724121, 937.189697266, 428.642150879, 372.562225342, 199.313812256, 83.3211135864, 26.1526679993, 15.7310218811, 7.45589733124, 16.7816314697, 1.74281096458, 0.261925727129, 0.0186177138239, 0.00102307740599, 2.84105481114e-05, 7.5580317116e-08], "dvar2": [0.2322781533, 18.3862857819, 98.3216705322, 378.511138916, 472.668395996, 810.807373047, 1025.89086914, 1705.2166748, 2963.7421875, 8491.2890625, 5087.69189453, 2084.72875977, 1415.33557129, 2074.62255859, 2165.96386719, 866.260437012, 1059.97595215, 694.788146973, 937.364990234, 1024.72497559, 316.496643066, 293.832580566, 278.871276855, 371.916931152, 1271.56518555, 2278.79858398, 947.71697998, 609.967651367, 378.235626221, 147.453399658, 47.901348114, 29.7771835327, 15.290438652, 41.6464347839, 3.09894323349, 0.492255687714, 0.0365433320403, 0.00214298767969, 6.26922264928e-05, 1.64754126786e-07], "max": [3.85278153419, 23.9358100891, 80.8075942993, 147.209472656, 209.955230713, 326.747161865, 491.454315186, 471.375091553, 581.34185791, 1440.58691406, 1029.74597168, 520.599365234, 497.066711426, 636.046630859, 674.062255859, 413.402526855, 409.920715332, 421.271514893, 505.936126709, 539.792236328, 254.395507812, 138.181518555, 330.945800781, 177.561767578, 534.351013184, 556.178955078, 258.458831787, 279.406097412, 236.186767578, 152.487380981, 74.0678024292, 64.0971679688, 33.1139602661, 97.4331970215, 28.2821769714, 8.62366199493, 1.88349235058, 0.418067783117, 0.0670284628868, 0.00374070741236], "mean": [0.365878254175, 2.53807783127, 5.13049268723, 11.8310976028, 16.4204673767, 19.273563385, 19.1536178589, 17.1735420227, 21.328207016, 24.7105674744, 28.0578193665, 24.1973342896, 20.8999996185, 20.196018219, 19.5996265411, 14.1913509369, 15.3438596725, 14.5854310989, 14.0360202789, 14.8422365189, 11.1786546707, 9.80940723419, 10.0241117477, 10.1979122162, 16.4696922302, 22.2553844452, 16.2945899963, 15.2624540329, 12.3368082047, 8.56917381287, 4.44043636322, 3.20178127289, 2.18548774719, 1.87916338444, 0.92274338007, 0.356640398502, 0.0865547284484, 0.0139897018671, 0.00219032145105, 0.00017180845316], "median": [0.0928646847606, 1.27149677277, 2.54326105118, 10.7140359879, 14.1437044144, 15.3710813522, 10.2379331589, 7.77789831161, 7.15529727936, 7.31512832642, 9.59386253357, 7.69231414795, 5.97324466705, 5.94852542877, 6.11657094955, 5.99684858322, 4.79162120819, 4.58034849167, 5.32231998444, 5.71419429779, 4.63898468018, 5.12801074982, 4.63373947144, 4.51758527756, 5.41285467148, 6.35767793655, 5.13492107391, 4.76792573929, 4.46794271469, 3.07779145241, 1.03951251507, 0.529976785183, 0.29057046771, 0.159644886851, 0.0907761380076, 0.0504264980555, 0.0189631115645, 0.00240847398527, 0.000241876943619, 6.24037784291e-05], "min": [4.39644577062e-22, 1.62134791372e-21, 3.41296982561e-21, 5.15893516433e-20, 6.43853671992e-20, 9.54836876172e-20, 1.62491708497e-19, 2.69884864693e-19, 6.55816138291e-19, 7.21821066969e-19, 9.16381495064e-19, 3.07967407064e-18, 4.44922046724e-18, 2.435072692e-18, 3.32902415078e-18, 7.64620115645e-18, 4.09308984862e-18, 5.75196458474e-18, 1.11929514454e-17, 1.02093195461e-17, 8.23810761456e-18, 1.27690564214e-17, 8.71110189652e-18, 1.06100786267e-17, 1.98125770923e-17, 1.26443333015e-17, 1.76865889148e-17, 1.45415009877e-17, 2.24700139241e-17, 1.37755333949e-17, 1.81975615402e-17, 1.71997269499e-17, 1.49521564572e-17, 8.51983457784e-18, 9.68035905109e-18, 4.92201498509e-18, 3.74752522156e-18, 1.34451363651e-18, 3.33064092699e-19, 3.88163678975e-20], "var": [0.500612318516, 15.2365093231, 60.4469795227, 167.263702393, 228.009597778, 382.815460205, 883.343017578, 1065.67028809, 1845.89160156, 3405.98339844, 2811.26513672, 1662.91381836, 1483.28369141, 1577.55151367, 1485.39013672, 569.939941406, 757.953369141, 756.87298584, 713.692504883, 762.291992188, 271.775177002, 164.734390259, 223.140670776, 233.61831665, 927.916809082, 1730.8692627, 876.293273926, 928.170043945, 502.853302002, 224.230041504, 70.2497711182, 39.8450279236, 19.1826705933, 37.5890045166, 6.37681245804, 0.638922214508, 0.0314731411636, 0.0013244682923, 3.42367275152e-05, 1.02020337067e-07]}, "gfcc": {"mean": [-0.189014241099, 85.7638320923, -95.5988616943, 41.1036987305, -61.7717704773, 5.62071323395, -30.3951301575, -2.45982670784, -26.353717804, 1.51989650726, -21.1204872131, -1.28850793839, -10.9544887543], "cov": [[12671.8447266, 451.112518311, 686.639404297, 611.876586914, -17.476398468, 271.61328125, -170.42364502, 299.379547119, -113.389900208, 142.097229004, -155.447845459, 52.2053718567, -134.497665405], [451.112518311, 2231.69702148, 333.272674561, 358.825805664, 542.303649902, 34.2636184692, 393.085235596, -137.36366272, 267.087158203, -58.7315368652, 79.4051895142, 10.2934417725, 88.1604614258], [686.639404297, 333.272674561, 1308.62109375, 334.735656738, 411.343963623, 243.922073364, 101.261856079, 158.345474243, 19.4831542969, 75.9922332764, 54.5330963135, 3.22949242592, -27.4009838104], [611.876586914, 358.825805664, 334.735656738, 494.896942139, 196.778045654, 37.4219665527, 42.6915092468, -20.3041133881, 93.8784866333, -2.64460992813, 42.0997085571, -7.95116519928, 29.2082176208], [-17.476398468, 542.303649902, 411.343963623, 196.778045654, 578.298706055, 183.383010864, 165.391662598, 38.6658248901, 129.115875244, 36.6710891724, 25.1246452332, 15.6425409317, -18.5479984283], [271.61328125, 34.2636184692, 243.922073364, 37.4219665527, 183.383010864, 256.240325928, 99.8268280029, 55.3086471558, 5.82776546478, 13.6724567413, 5.66231155396, 11.3947477341, -27.0223121643], [-170.42364502, 393.085235596, 101.261856079, 42.6915092468, 165.391662598, 99.8268280029, 291.07913208, 18.9831142426, 55.7682037354, -17.626958847, 28.1389083862, 15.636920929, -6.32509183884], [299.379547119, -137.36366272, 158.345474243, -20.3041133881, 38.6658248901, 55.3086471558, 18.9831142426, 148.361328125, -6.1236333847, 42.6279296875, -10.6885824203, -4.50881099701, -13.1801967621], [-113.389900208, 267.087158203, 19.4831542969, 93.8784866333, 129.115875244, 5.82776546478, 55.7682037354, -6.1236333847, 171.156951904, 23.2364959717, 13.6979932785, -3.30829286575, 10.7222061157], [142.097229004, -58.7315368652, 75.9922332764, -2.64460992813, 36.6710891724, 13.6724567413, -17.626958847, 42.6279296875, 23.2364959717, 113.413017273, 15.6400146484, -18.336681366, -30.1660690308], [-155.447845459, 79.4051895142, 54.5330963135, 42.0997085571, 25.1246452332, 5.66231155396, 28.1389083862, -10.6885824203, 13.6979932785, 15.6400146484, 88.6337203979, 8.8001499176, 9.53709697723], [52.2053718567, 10.2934417725, 3.22949242592, -7.95116519928, 15.6425409317, 11.3947477341, 15.636920929, -4.50881099701, -3.30829286575, -18.336681366, 8.8001499176, 88.1644592285, 19.4484615326], [-134.497665405, 88.1604614258, -27.4009838104, 29.2082176208, -18.5479984283, -27.0223121643, -6.32509183884, -13.1801967621, 10.7222061157, -30.1660690308, 9.53709697723, 19.4484615326, 88.3073272705]], "icov": [[0.000122305980767, -0.00014657965221, 4.89025369461e-05, -0.000258421205217, 0.000199119123863, -0.000225730414968, 0.000227258744417, -0.00037166805123, 0.000191807077499, -0.000166309255292, 0.000271931930911, -0.000270310527412, 0.000316880468745], [-0.00014657965221, 0.00118784944061, -0.000289897754556, 0.00025228218874, -0.000869514013175, 0.000910396745894, -0.00139305845369, 0.00155113637447, -0.000855707039591, 0.000370992347598, -0.000313518859912, 0.000695129449014, -0.00124343624339], [4.89025369461e-05, -0.000289897754556, 0.00154025200754, -0.000956309435423, -0.000441457377747, -0.000800567155238, 0.000499020738062, -0.00163263303693, 0.00103088421747, -0.000403631536756, -0.00044056319166, -0.000227927739616, 0.000447223574156], [-0.000258421205217, 0.00025228218874, -0.000956309435423, 0.00370794744231, -0.000824664079119, 0.000698851537891, -0.000173461390659, 0.00170741882175, -0.00169478589669, 0.0010361863533, -0.00129135407042, 0.00127135391813, -0.00146635214332], [0.000199119123863, -0.000869514013175, -0.000441457377747, -0.000824664079119, 0.00423371512443, -0.00221709976904, 0.000174861692358, -0.000792236358393, -0.00127978285309, -0.000880274514202, 0.000903830921743, -0.00125075760297, 0.00144474359695], [-0.000225730414968, 0.000910396745894, -0.000800567155238, 0.000698851537891, -0.00221709976904, 0.00708402879536, -0.00236543314531, 0.000280651933281, 0.000275756086921, 0.000724765122868, -0.00028609027504, 0.000212104248931, 4.05602586397e-05], [0.000227258744417, -0.00139305845369, 0.000499020738062, -0.000173461390659, 0.000174861692358, -0.00236543314531, 0.00654733134434, -0.00268139597028, -0.000189645084902, 0.00154626101721, -0.00125691434368, -0.0010875123553, 0.00225722370669], [-0.00037166805123, 0.00155113637447, -0.00163263303693, 0.00170741882175, -0.000792236358393, 0.000280651933281, -0.00268139597028, 0.012018029578, -0.00104388571344, -0.00288391089998, 0.00151933787856, 0.00131321500521, -0.00297651393339], [0.000191807077499, -0.000855707039591, 0.00103088421747, -0.00169478589669, -0.00127978285309, 0.000275756086921, -0.000189645084902, -0.00104388571344, 0.0094580873847, -0.00286507583223, 0.000671566522215, -0.000235911284108, -0.000474640721222], [-0.000166309255292, 0.000370992347598, -0.000403631536756, 0.0010361863533, -0.000880274514202, 0.000724765122868, 0.00154626101721, -0.00288391089998, -0.00286507583223, 0.0134602105245, -0.00402680970728, 0.00211717258207, 0.0035401028581], [0.000271931930911, -0.000313518859912, -0.00044056319166, -0.00129135407042, 0.000903830921743, -0.00028609027504, -0.00125691434368, 0.00151933787856, 0.000671566522215, -0.00402680970728, 0.0142130674794, -0.00199244730175, -0.00129667716101], [-0.000270310527412, 0.000695129449014, -0.000227927739616, 0.00127135391813, -0.00125075760297, 0.000212104248931, -0.0010875123553, 0.00131321500521, -0.000235911284108, 0.00211717258207, -0.00199244730175, 0.0134386541322, -0.0036692188587], [0.000316880468745, -0.00124343624339, 0.000447223574156, -0.00146635214332, 0.00144474359695, 4.05602586397e-05, 0.00225722370669, -0.00297651393339, -0.000474640721222, 0.0035401028581, -0.00129667716101, -0.0036692188587, 0.0159202199429]]}, "melbands": {"dmean": [0.00163524714299, 0.00159440364223, 0.000941141624935, 0.000616285193246, 0.000367291097064, 0.0002465225989, 0.000223554990953, 0.000212602244574, 0.000145597878145, 8.24391536298e-05, 5.6019420299e-05, 4.86521857965e-05, 4.03884660045e-05, 2.86255126412e-05, 2.33932260016e-05, 1.86514553207e-05, 1.52877273649e-05, 1.35779901029e-05, 1.35332284117e-05, 1.06230691017e-05, 7.70254973759e-06, 6.51253776596e-06, 6.6975021582e-06, 5.48896832697e-06, 5.37898404218e-06, 7.14424822945e-06, 9.764632523e-06, 9.87057774182e-06, 6.71096904625e-06, 6.17141495241e-06, 5.01212116433e-06, 4.14806572735e-06, 3.47700915881e-06, 2.35989705288e-06, 1.45235458149e-06, 1.46129025325e-06, 1.23960217024e-06, 9.97658162305e-07, 1.07059145193e-06, 9.974595514e-07], "dmean2": [0.00254373042844, 0.00259065744467, 0.00155433162581, 0.0010168858571, 0.000575783953536, 0.000381965917768, 0.000351454596967, 0.000350691872882, 0.000226079078857, 0.000129031206598, 8.63320528879e-05, 7.71820486989e-05, 6.5471540438e-05, 4.64576223749e-05, 3.84171762562e-05, 3.07388218062e-05, 2.45349001489e-05, 2.22874241445e-05, 2.17070391955e-05, 1.67344023794e-05, 1.25042524814e-05, 1.08652538984e-05, 1.07528931039e-05, 8.86580983206e-06, 8.48877152748e-06, 1.1235671991e-05, 1.47597884279e-05, 1.59429837367e-05, 1.06466468424e-05, 9.40262907534e-06, 6.64450999466e-06, 6.04791102887e-06, 5.31648129254e-06, 3.11308872369e-06, 2.15915883928e-06, 1.91966955754e-06, 1.79826611202e-06, 1.43759564253e-06, 1.54268036567e-06, 1.51791994085e-06], "dvar": [9.88321153272e-06, 8.93827655091e-06, 3.97155872633e-06, 1.16801993499e-06, 4.57882094906e-07, 3.06790184368e-07, 2.81001177882e-07, 3.81184577236e-07, 1.14555064101e-07, 2.90435888672e-08, 1.64707500971e-08, 1.56350008496e-08, 1.2444006714e-08, 4.88494089623e-09, 2.4676283239e-09, 1.49382062276e-09, 1.08193753956e-09, 9.78991110401e-10, 1.0158051067e-09, 5.98472493785e-10, 1.91441945629e-10, 1.34835947962e-10, 1.38072234201e-10, 1.06886395568e-10, 1.10379538842e-10, 2.78070927395e-10, 4.71501948596e-10, 5.2410564777e-10, 1.91330049026e-10, 1.92256890963e-10, 1.17695353463e-10, 7.85811971049e-11, 5.24567854432e-11, 2.25891406275e-11, 7.67381731076e-12, 9.70478645362e-12, 6.44338315342e-12, 3.81465822472e-12, 7.7731224235e-12, 1.30786648872e-11], "dvar2": [2.10663220059e-05, 2.12938812183e-05, 1.01813539004e-05, 3.15369152304e-06, 1.11774704692e-06, 7.26363737158e-07, 6.79496508837e-07, 1.01209798231e-06, 2.75808332617e-07, 6.8182075097e-08, 3.86077267933e-08, 3.81463358679e-08, 3.1474129969e-08, 1.11224425225e-08, 6.13688122542e-09, 3.74424180549e-09, 2.68495692346e-09, 2.48415399362e-09, 2.40156783349e-09, 1.39069356031e-09, 4.82611839381e-10, 3.48902740033e-10, 3.33555294496e-10, 2.49815973463e-10, 2.68292388306e-10, 6.59533150316e-10, 1.00513997126e-09, 1.35013100699e-09, 4.68880156923e-10, 3.84162618383e-10, 1.81400047761e-10, 1.63387053886e-10, 1.05843514508e-10, 4.20710029314e-11, 1.54541622555e-11, 1.66080222491e-11, 1.39527582196e-11, 8.03222332396e-12, 1.94825822142e-11, 3.27423053947e-11], "max": [0.0293642990291, 0.0342166721821, 0.0248605404049, 0.0222883820534, 0.0138171697035, 0.00942351203412, 0.00844247918576, 0.0188450440764, 0.00706156110391, 0.00360390963033, 0.0024763145484, 0.00265776878223, 0.00276022194885, 0.00207675853744, 0.000950349960476, 0.000658338540234, 0.000758822949138, 0.000800154404715, 0.00117231009062, 0.000637546065263, 0.000287992705125, 0.000158636845299, 0.000203526316909, 0.0002544374438, 0.000154482273501, 0.000339913007338, 0.000631514645647, 0.000432175671449, 0.000203398769372, 0.00019152261666, 0.000145398749737, 0.000151350701344, 0.000114215610665, 7.73150532041e-05, 3.95599636249e-05, 5.21858491993e-05, 3.41508603015e-05, 2.29458401009e-05, 5.95014571445e-05, 8.48347408464e-05], "mean": [0.00330711575225, 0.00297804037109, 0.0021446896717, 0.00133547501173, 0.00069750106195, 0.000396611663746, 0.000320824357914, 0.000272230710834, 0.000227792086662, 0.00014178409765, 0.000102720769064, 8.18572516437e-05, 6.51136506349e-05, 4.43008866569e-05, 3.4521202906e-05, 2.92921340588e-05, 2.66291008302e-05, 2.1510219085e-05, 2.0709945602e-05, 1.71145984496e-05, 1.24017733469e-05, 9.61323257798e-06, 1.0420799299e-05, 8.64959110913e-06, 7.84409712651e-06, 9.72126690613e-06, 1.53795044753e-05, 1.46275206134e-05, 1.00403067336e-05, 9.72769885266e-06, 8.4867260739e-06, 7.10465565135e-06, 6.19803404334e-06, 4.12578538089e-06, 2.36577238866e-06, 2.37312201534e-06, 1.82167320872e-06, 1.49666504967e-06, 1.57006525114e-06, 1.55384498157e-06], "median": [0.00124457024503, 0.00163971050642, 0.00203068344854, 0.00114819779992, 0.000435421679867, 0.000186518009286, 0.00010446304077, 7.59979375289e-05, 7.93265426182e-05, 3.7727644667e-05, 2.46052859438e-05, 1.9923398213e-05, 1.68484584719e-05, 1.31038850668e-05, 1.10993596536e-05, 8.00864927442e-06, 7.22951381249e-06, 6.80536140862e-06, 7.28324721422e-06, 6.21490698904e-06, 4.62651451016e-06, 4.57236546936e-06, 4.26164842793e-06, 3.29341310135e-06, 3.12607062369e-06, 3.15581178256e-06, 4.01091620006e-06, 4.06464050684e-06, 3.00658984997e-06, 2.78555489786e-06, 2.52219842878e-06, 2.39112318923e-06, 2.30959426517e-06, 1.35607149332e-06, 5.97939447289e-07, 3.7718481849e-07, 2.97853006259e-07, 2.09905707038e-07, 1.60124173476e-07, 1.25633519588e-07], "min": [3.40372141915e-24, 1.53073784657e-24, 9.95245850689e-24, 4.92780739336e-24, 5.8902263752e-24, 6.37264597875e-24, 9.93503730265e-24, 7.70597197543e-24, 9.98364296733e-24, 1.64822988261e-23, 2.28183459975e-23, 1.12038238277e-23, 7.79168644595e-24, 2.3887639066e-23, 1.35145615021e-23, 7.08644874099e-24, 1.12942146656e-23, 1.57357697747e-23, 1.91950242406e-23, 9.80963681772e-24, 9.91371833669e-24, 1.44004302106e-23, 8.900800424e-24, 7.76937667069e-24, 8.21207752209e-24, 1.29169315244e-23, 1.35777792374e-23, 7.08672405344e-24, 1.15551737974e-23, 8.88340367446e-24, 7.92776258552e-24, 1.40778286988e-23, 9.29709495493e-24, 7.39055777539e-24, 1.03572033158e-23, 1.14986811014e-23, 9.46653438877e-24, 1.13756968974e-23, 7.6883732775e-24, 6.7638440738e-24], "var": [3.16954210575e-05, 1.60542076628e-05, 4.52331505585e-06, 1.46180798311e-06, 8.94140953278e-07, 4.97422831813e-07, 4.00210694806e-07, 4.20243878807e-07, 1.60893847578e-07, 5.84498138778e-08, 3.83150862149e-08, 2.93068467272e-08, 1.81925354781e-08, 7.57501350535e-09, 3.66830921195e-09, 2.77884648625e-09, 2.6729849445e-09, 1.85744419845e-09, 1.50739809524e-09, 1.06757647167e-09, 3.58683721613e-10, 1.79251044563e-10, 2.40422820541e-10, 1.95498381372e-10, 1.5838631795e-10, 3.55916324191e-10, 9.88659154544e-10, 8.40010339065e-10, 3.58056695404e-10, 3.84475479231e-10, 2.96220076246e-10, 1.77186695871e-10, 1.21820109555e-10, 5.79739693751e-11, 1.8396627971e-11, 2.64877130646e-11, 1.307502457e-11, 8.71827610105e-12, 1.68761341707e-11, 2.88557042843e-11]}, "mfcc": {"mean": [-646.233581543, 114.49597168, 18.6805381775, 37.1071434021, -5.82843494415, 12.3897275925, -2.16203355789, -1.11494135857, -1.00603640079, -1.6238976717, -3.89146399498, -3.98162674904, -1.87855505943], "cov": [[7408.16162109, -73.0280838013, 92.6999359131, 150.31086731, 27.8296737671, 19.7235660553, 36.81980896, 34.552444458, 95.0911254883, 93.3508758545, 80.6309661865, -3.15503025055, 55.939907074], [-73.0280838013, 1890.03894043, 139.051528931, 439.035095215, 211.550674438, 384.963348389, 154.278289795, 209.458450317, 149.254974365, 127.384056091, 64.8473129272, 55.4221801758, 112.362373352], [92.6999359131, 139.051528931, 789.975952148, 204.621734619, 247.72479248, 85.7986297607, 179.013702393, 61.6034851074, 41.1654891968, 68.8740921021, 15.7234973907, 62.0918273926, 48.9544334412], [150.31086731, 439.035095215, 204.621734619, 482.237213135, 187.678695679, 165.484405518, 29.7405166626, 70.2966690063, 45.9960632324, 73.0702056885, 5.29756259918, 19.3371143341, 78.0197067261], [27.8296737671, 211.550674438, 247.72479248, 187.678695679, 438.115509033, 164.210418701, 87.2335662842, 65.0579833984, 66.3177490234, 88.4659729004, 57.4478530884, 32.8148727417, 33.408531189], [19.7235660553, 384.963348389, 85.7986297607, 165.484405518, 164.210418701, 297.125732422, 99.5926513672, 123.895996094, 55.2033691406, 55.6667671204, 85.7605743408, 11.7116146088, 28.3596019745], [36.81980896, 154.278289795, 179.013702393, 29.7405166626, 87.2335662842, 99.5926513672, 237.459671021, 94.7145385742, 34.3456459045, 49.58644104, 37.1329460144, 28.9675102234, 18.9819927216], [34.552444458, 209.458450317, 61.6034851074, 70.2966690063, 65.0579833984, 123.895996094, 94.7145385742, 185.465301514, 63.0790252686, 19.8537864685, 44.0058326721, -3.34041452408, 7.00107431412], [95.0911254883, 149.254974365, 41.1654891968, 45.9960632324, 66.3177490234, 55.2033691406, 34.3456459045, 63.0790252686, 116.995735168, 52.1457672119, 26.4737129211, 10.9973831177, 9.55753135681], [93.3508758545, 127.384056091, 68.8740921021, 73.0702056885, 88.4659729004, 55.6667671204, 49.58644104, 19.8537864685, 52.1457672119, 137.194000244, 52.6536941528, 17.0933361053, 16.89585495], [80.6309661865, 64.8473129272, 15.7234973907, 5.29756259918, 57.4478530884, 85.7605743408, 37.1329460144, 44.0058326721, 26.4737129211, 52.6536941528, 132.675476074, 30.18633461, 1.64000117779], [-3.15503025055, 55.4221801758, 62.0918273926, 19.3371143341, 32.8148727417, 11.7116146088, 28.9675102234, -3.34041452408, 10.9973831177, 17.0933361053, 30.18633461, 94.9470672607, 43.2556495667], [55.939907074, 112.362373352, 48.9544334412, 78.0197067261, 33.408531189, 28.3596019745, 18.9819927216, 7.00107431412, 9.55753135681, 16.89585495, 1.64000117779, 43.2556495667, 95.1987228394]], "icov": [[0.000140682415804, 2.71471253654e-05, -5.79659126743e-06, -6.83911639499e-05, 3.60664598702e-05, 4.60066621599e-05, -3.17829908454e-05, 2.79513915302e-05, -0.000132651795866, -1.51357335199e-05, -0.000132000495796, 0.000108754531539, -0.000108895423182], [2.71471253654e-05, 0.000879479572177, 0.000121566787129, -0.000480094982777, 0.000193191168364, -0.000822781235911, -0.000130407715915, -0.000197538189241, -0.000502536422573, -0.000236206033151, 0.000379288132535, -0.000322107429383, -0.000273014651611], [-5.79659126743e-06, 0.000121566787129, 0.00197765696794, -0.000744302233215, -0.000773672247306, 0.000474500615383, -0.00139273959212, 5.79427869525e-05, 5.30775150764e-06, 5.60270418646e-05, 0.000286707247142, -0.000764864962548, 0.000188647405594], [-6.83911639499e-05, -0.000480094982777, -0.000744302233215, 0.00402025971562, -0.000648047251161, -0.00139901577495, 0.00155378261115, -0.000732304295525, 0.000720750307664, -0.00142487487756, 0.00154892972205, 0.00041172807687, -0.00195020716637], [3.60664598702e-05, 0.000193191168364, -0.000773672247306, -0.000648047251161, 0.00377438589931, -0.00155115057714, 1.37970710057e-06, 0.000425139412982, -0.000931802904233, -0.000906637462322, -0.0001502665109, -0.000344011787092, 0.000199077403522], [4.60066621599e-05, -0.000822781235911, 0.000474500615383, -0.00139901577495, -0.00155115057714, 0.00817147549242, -0.00147354567889, -0.00209823064506, 0.000311298412271, 0.00101716560312, -0.00395527528599, 0.00161367165856, -0.000472006126074], [-3.17829908454e-05, -0.000130407715915, -0.00139273959212, 0.00155378261115, 1.37970710057e-06, -0.00147354567889, 0.00738340988755, -0.00323579739779, 0.0012666588882, -0.00229443446733, 0.00114844902419, -0.00150737783406, -0.000235184692428], [2.79513915302e-05, -0.000197538189241, 5.79427869525e-05, -0.000732304295525, 0.000425139412982, -0.00209823064506, -0.00323579739779, 0.0105562983081, -0.0045758956112, 0.00300797913224, -0.00213843444362, 0.00235539674759, 2.39786513703e-05], [-0.000132651795866, -0.000502536422573, 5.30775150764e-06, 0.000720750307664, -0.000931802904233, 0.000311298412271, 0.0012666588882, -0.0045758956112, 0.0133510231972, -0.00453682616353, 0.00111926707905, -0.00143551151268, 0.000493679021019], [-1.51357335199e-05, -0.000236206033151, 5.60270418646e-05, -0.00142487487756, -0.000906637462322, 0.00101716560312, -0.00229443446733, 0.00300797913224, -0.00453682616353, 0.0122487666085, -0.00473531195894, 0.00150277116336, -0.000641607039142], [-0.000132000495796, 0.000379288132535, 0.000286707247142, 0.00154892972205, -0.0001502665109, -0.00395527528599, 0.00114844902419, -0.00213843444362, 0.00111926707905, -0.00473531195894, 0.0131245497614, -0.00505305407569, 0.00217023934238], [0.000108754531539, -0.000322107429383, -0.000764864962548, 0.00041172807687, -0.000344011787092, 0.00161367165856, -0.00150737783406, 0.00235539674759, -0.00143551151268, 0.00150277116336, -0.00505305407569, 0.0164661370218, -0.0073777763173], [-0.000108895423182, -0.000273014651611, 0.000188647405594, -0.00195020716637, 0.000199077403522, -0.000472006126074, -0.000235184692428, 2.39786513703e-05, 0.000493679021019, -0.000641607039142, 0.00217023934238, -0.0073777763173, 0.0158868990839]]}, "spectral_contrast_coeffs": {"dmean": [0.0461865216494, 0.0523211844265, 0.0417129024863, 0.0369620248675, 0.0265004653484, 0.0259788408875], "dmean2": [0.0769553780556, 0.0838155969977, 0.0657070577145, 0.0574736893177, 0.0410430803895, 0.0392248518765], "dvar": [0.0019793654792, 0.00210148864426, 0.00142940250225, 0.00122937536798, 0.000590877083596, 0.000642823986709], "dvar2": [0.00506610656157, 0.00523559330031, 0.0033255442977, 0.00273225456476, 0.00130695535336, 0.00119342131075], "max": [-0.204530417919, -0.368394911289, -0.430835396051, -0.494117736816, -0.572004973888, -0.55432498455], "mean": [-0.606986165047, -0.706661045551, -0.75823444128, -0.784368395805, -0.791890978813, -0.729933083057], "median": [-0.618739247322, -0.707009494305, -0.769885003567, -0.79716193676, -0.796206951141, -0.728431522846], "min": [-0.923467278481, -0.966938614845, -0.975972175598, -0.963860929012, -0.960331737995, -0.963137328625], "var": [0.00723328068852, 0.00669080112129, 0.006997437682, 0.00451874127612, 0.00226561888121, 0.00311946426518]}, "spectral_contrast_valleys": {"dmean": [0.453416407108, 0.411922484636, 0.402450323105, 0.393492370844, 0.355085492134, 0.455241203308], "dmean2": [0.695180177689, 0.646403431892, 0.622883856297, 0.595889866352, 0.50317209959, 0.57757717371], "dvar": [0.358414649963, 0.17742484808, 0.187057599425, 0.21941241622, 0.189374431968, 0.276278495789], "dvar2": [0.6561216712, 0.370780616999, 0.392195880413, 0.458889365196, 0.363606512547, 0.46995562315], "max": [-5.00829792023, -4.89451599121, -5.48700666428, -5.61055088043, -5.35586881638, -7.69086313248], "mean": [-7.133282