{"lowlevel": {"average_loudness": 0.969410657883, "barkbands_crest": {"dmean": 3.71152806282, "dmean2": 5.72716188431, "dvar": 12.8759403229, "dvar2": 26.0772705078, "max": 26.8911514282, "mean": 17.6407794952, "median": 17.9207191467, "min": 2.93630814552, "var": 34.2876853943}, "barkbands_flatness_db": {"dmean": 0.076992444694, "dmean2": 0.101514726877, "dvar": 0.00489515950903, "dvar2": 0.00907217431813, "max": 0.983504414558, "mean": 0.276288479567, "median": 0.251586973667, "min": 0.0186735801399, "var": 0.0196287669241}, "barkbands_kurtosis": {"dmean": 97.6501312256, "dmean2": 154.784515381, "dvar": 82352.4765625, "dvar2": 186584.359375, "max": 12133.9150391, "mean": 107.498153687, "median": 33.9133110046, "min": -1.97274744511, "var": 99587.734375}, "barkbands_skewness": {"dmean": 3.27462005615, "dmean2": 4.8841843605, "dvar": 15.6095104218, "dvar2": 36.3322601318, "max": 73.5070343018, "mean": 5.99202203751, "median": 4.86824369431, "min": -8.91578960419, "var": 29.5383224487}, "barkbands_spread": {"dmean": 9.72867584229, "dmean2": 15.305814743, "dvar": 212.135910034, "dvar2": 476.562561035, "max": 125.95765686, "mean": 12.8928823471, "median": 5.57386875153, "min": 0.00589180737734, "var": 347.491455078}, "dissonance": {"dmean": 0.0236440058798, "dmean2": 0.0386169217527, "dvar": 0.000762936659157, "dvar2": 0.00189505808521, "max": 0.500000119209, "mean": 0.460442364216, "median": 0.471827626228, "min": 0.103909216821, "var": 0.00148395460565}, "dynamic_complexity": 3.97098755836, "erbbands_crest": {"dmean": 3.96834397316, "dmean2": 6.23073005676, "dvar": 13.9599533081, "dvar2": 28.9228210449, "max": 32.9030151367, "mean": 11.3361768723, "median": 9.68365478516, "min": 2.26644611359, "var": 38.793598175}, "erbbands_flatness_db": {"dmean": 0.0384652242064, "dmean2": 0.0570359863341, "dvar": 0.00183373445179, "dvar2": 0.00346418656409, "max": 0.61514800787, "mean": 0.158953085542, "median": 0.136764362454, "min": 0.0440967269242, "var": 0.00642441073433}, "erbbands_kurtosis": {"dmean": 6.55156421661, "dmean2": 10.322303772, "dvar": 306.275848389, "dvar2": 649.948608398, "max": 450.790130615, "mean": 7.0088057518, "median": 0.512889385223, "min": -1.93926393986, "var": 622.121520996}, "erbbands_skewness": {"dmean": 1.09065592289, "dmean2": 1.62269318104, "dvar": 1.54920947552, "dvar2": 3.09529447556, "max": 16.4048366547, "mean": 1.05624127388, "median": 0.519927978516, "min": -6.00449085236, "var": 4.51944208145}, "erbbands_spread": {"dmean": 26.1427383423, "dmean2": 41.0235137939, "dvar": 808.673522949, "dvar2": 1690.05163574, "max": 223.149246216, "mean": 58.8912315369, "median": 50.7410583496, "min": 0.363565385342, "var": 1808.73266602}, "hfc": {"dmean": 10.1015844345, "dmean2": 15.9909219742, "dvar": 204.276351929, "dvar2": 490.997558594, "max": 190.295333862, "mean": 15.4233083725, "median": 7.39469861984, "min": 1.21806567128e-16, "var": 352.115936279}, "melbands_crest": {"dmean": 4.29245758057, "dmean2": 6.67302942276, "dvar": 16.2263832092, "dvar2": 36.6006622314, "max": 39.9515075684, "mean": 23.0774173737, "median": 23.8080215454, "min": 2.03795146942, "var": 37.6430702209}, "melbands_flatness_db": {"dmean": 0.0898908600211, "dmean2": 0.118108645082, "dvar": 0.00666967825964, "dvar2": 0.0123910019174, "max": 1, "mean": 0.378071933985, "median": 0.356806576252, "min": 0.00828953552991, "var": 0.027392430231}, "melbands_kurtosis": {"dmean": 108.739692688, "dmean2": 170.687927246, "dvar": 26794.96875, "dvar2": 65703.40625, "max": 5621.53564453, "mean": 150.542938232, "median": 86.9272613525, "min": -1.9552154541, "var": 36640.2460938}, "melbands_skewness": {"dmean": 3.36059045792, "dmean2": 5.09846591949, "dvar": 11.6054725647, "dvar2": 26.6908378601, "max": 73.2119522095, "mean": 7.66712284088, "median": 6.76844882965, "min": -4.29803657532, "var": 26.2693347931}, "melbands_spread": {"dmean": 9.47591781616, "dmean2": 15.506316185, "dvar": 558.746582031, "dvar2": 1436.52319336, "max": 335.137542725, "mean": 11.2160291672, "median": 2.71412611008, "min": 0.0493186451495, "var": 696.992126465}, "pitch_salience": {"dmean": 0.121457248926, "dmean2": 0.185032814741, "dvar": 0.0131399128586, "dvar2": 0.0279071684927, "max": 0.938781917095, "mean": 0.339416593313, "median": 0.303850054741, "min": 0.00603384850547, "var": 0.0301558300853}, "silence_rate_20dB": {"dmean": 0.0150290979072, "dmean2": 0.0300598945469, "dvar": 0.0148048931733, "dvar2": 0.0365066900849, "max": 1, "mean": 0.988644063473, "median": 1, "min": 0, "var": 0.0112253045663}, "silence_rate_30dB": {"dmean": 0.099779650569, "dmean2": 0.199570566416, "dvar": 0.0898377597332, "dvar2": 0.168090939522, "max": 1, "mean": 0.766610145569, "median": 1, "min": 0, "var": 0.178896084428}, "silence_rate_60dB": {"dmean": 0.082377538085, "dmean2": 0.164764374495, "dvar": 0.0755990743637, "dvar2": 0.17623911798, "max": 1, "mean": 0.105762712657, "median": 0, "min": 0, "var": 0.0945991203189}, "spectral_centroid": {"dmean": 435.50680542, "dmean2": 672.182495117, "dvar": 328070.59375, "dvar2": 673185.75, "max": 10727.9150391, "mean": 945.898132324, "median": 603.243774414, "min": 45.0380554199, "var": 998395.5}, "spectral_complexity": {"dmean": 3.58607840538, "dmean2": 5.37755680084, "dvar": 26.6822395325, "dvar2": 54.451675415, "max": 53, "mean": 7.21005630493, "median": 4, "min": 0, "var": 57.0786170959}, "spectral_decrease": {"dmean": 1.03229327308e-08, "dmean2": 1.55970028004e-08, "dvar": 2.07030429774e-16, "dvar2": 4.60038204972e-16, "max": 5.31351884131e-30, "mean": -1.86782500577e-08, "median": -1.31147688265e-08, "min": -1.21825735278e-07, "var": 4.4237545044e-16}, "spectral_energy": {"dmean": 0.0394901782274, "dmean2": 0.0597212053835, "dvar": 0.00299691455439, "dvar2": 0.00668112561107, "max": 0.462489336729, "mean": 0.0718948245049, "median": 0.0508438162506, "min": 1.10281585269e-20, "var": 0.00641108537093}, "spectral_energyband_high": {"dmean": 0.000771119259298, "dmean2": 0.0012308920268, "dvar": 1.9128360691e-06, "dvar2": 4.43397038907e-06, "max": 0.0195057429373, "mean": 0.000872017757501, "median": 0.00012433034135, "min": 7.86815329571e-21, "var": 2.99209318655e-06}, "spectral_energyband_low": {"dmean": 0.0362532697618, "dmean2": 0.0515627451241, "dvar": 0.0026755402796, "dvar2": 0.00537824910134, "max": 0.452057540417, "mean": 0.0631707683206, "median": 0.0424516201019, "min": 5.3641424528e-23, "var": 0.00583770964295}, "spectral_energyband_middle_high": {"dmean": 0.000887549307663, "dmean2": 0.00134860968683, "dvar": 2.9515301776e-06, "dvar2": 6.29915575701e-06, "max": 0.0304936375469, "mean": 0.00130514800549, "median": 0.000249911390711, "min": 1.80121021959e-21, "var": 7.42703605283e-06}, "spectral_energyband_middle_low": {"dmean": 0.0107334796339, "dmean2": 0.0191985778511, "dvar": 0.000878440390807, "dvar2": 0.00241978769191, "max": 0.228144258261, "mean": 0.0087925856933, "median": 0.00195643282495, "min": 2.26289433341e-22, "var": 0.000589979812503}, "spectral_entropy": {"dmean": 0.57469946146, "dmean2": 0.821710884571, "dvar": 0.405317813158, "dvar2": 0.730222404003, "max": 9.79200363159, "mean": 7.17998409271, "median": 7.51351070404, "min": 2.15647435188, "var": 1.29692995548}, "spectral_flux": {"dmean": 0.0686746686697, "dmean2": 0.10871604085, "dvar": 0.00481796171516, "dvar2": 0.010946075432, "max": 0.566682875156, "mean": 0.132763236761, "median": 0.104173392057, "min": 1.05015038332e-10, "var": 0.0102395899594}, "spectral_kurtosis": {"dmean": 8.20310020447, "dmean2": 12.9026842117, "dvar": 1124.66223145, "dvar2": 3029.62011719, "max": 1547.95129395, "mean": 10.8875627518, "median": 2.54556536674, "min": -1.61880803108, "var": 1458.11755371}, "spectral_rms": {"dmean": 0.00223135831766, "dmean2": 0.00316499825567, "dvar": 5.55672795599e-06, "dvar2": 1.08978347271e-05, "max": 0.0212416835129, "mean": 0.00710358051583, "median": 0.00704299099743, "min": 3.2801187981e-12, "var": 1.96808050532e-05}, "spectral_rolloff": {"dmean": 551.618530273, "dmean2": 980.12286377, "dvar": 2574683.5, "dvar2": 5994677, "max": 18949.21875, "mean": 756.108093262, "median": 107.666015625, "min": 21.533203125, "var": 3825749.25}, "spectral_skewness": {"dmean": 0.75859695673, "dmean2": 1.11194360256, "dvar": 1.59865319729, "dvar2": 3.45363879204, "max": 35.8855323792, "mean": 1.98065435886, "median": 1.40854310989, "min": -0.750079989433, "var": 3.81299471855}, "spectral_spread": {"dmean": 1423288, "dmean2": 2156376.75, "dvar": 2764206505980.0, "dvar2": 4420532699140.0, "max": 38524152, "mean": 6042185.5, "median": 6100315, "min": 148243.171875, "var": 7982304198660.0}, "spectral_strongpeak": {"dmean": 0.302657991648, "dmean2": 0.476568728685, "dvar": 0.183207735419, "dvar2": 0.475005894899, "max": 9.32101154327, "mean": 0.610612332821, "median": 0.539111256599, "min": 0, "var": 0.290624052286}, "zerocrossingrate": {"dmean": 0.0163491312414, "dmean2": 0.0197894070297, "dvar": 0.000518872460816, "dvar2": 0.000647540146019, "max": 0.494140625, "mean": 0.0367347225547, "median": 0.0205078125, "min": 0, "var": 0.00260050897487}, "barkbands": {"dmean": [0.0019163772231, 0.0315298587084, 0.00807333737612, 0.00606804154813, 0.00458536623046, 0.000343099847669, 0.000386434869142, 0.000400225660997, 0.000181268289452, 0.000193251791643, 0.000207939112443, 0.000120082127978, 0.000133152789203, 0.000127784558572, 0.000121111435874, 9.37608492677e-05, 6.20072169113e-05, 5.25693794771e-05, 6.08291557e-05, 7.09054365871e-05, 7.53217682359e-05, 8.61115549924e-05, 0.000203843737836, 0.000264163390966, 0.000105765808257, 2.30491241382e-05, 8.92630214366e-06], "dmean2": [0.00349903781898, 0.0436710268259, 0.0128008583561, 0.0113573251292, 0.0084912031889, 0.000588580092881, 0.000673303555232, 0.000704680278432, 0.00029834205634, 0.000303203851217, 0.000333226518705, 0.000194839405594, 0.000219677167479, 0.000213220308069, 0.000196752109332, 0.000150602078065, 0.000102349593362, 8.71846496011e-05, 9.89046166069e-05, 0.000120526921819, 0.000121919663798, 0.00013419741299, 0.000338351033861, 0.000435198802734, 0.000160245850566, 3.50488662662e-05, 1.42139360833e-05], "dvar": [4.35839901911e-05, 0.00261675170623, 0.000210101599805, 0.000339707679814, 0.000209460427868, 7.71156408064e-07, 1.37687925417e-06, 1.53243070145e-06, 2.62107164417e-07, 2.75458290844e-07, 5.76296599775e-07, 2.95513899573e-07, 3.61100973123e-07, 1.2348692735e-07, 4.29917321298e-07, 2.07592421475e-07, 2.16936513198e-08, 1.61310946822e-08, 2.04704253548e-08, 2.10076933627e-08, 1.86456183826e-08, 2.42900668468e-08, 1.71707114305e-07, 3.21835273098e-07, 6.19141999891e-08, 1.94306815082e-09, 3.62188279368e-10], "dvar2": [0.000128172818222, 0.00482513662428, 0.000513438601047, 0.000979647156782, 0.000596167927142, 2.05968831324e-06, 3.66251765627e-06, 4.15529348174e-06, 6.18624653725e-07, 6.24426775175e-07, 1.18985428799e-06, 7.10369874923e-07, 7.83972041063e-07, 2.66685191264e-07, 1.03450599909e-06, 4.6757702421e-07, 5.43716538459e-08, 3.73278759014e-08, 4.48645280926e-08, 5.20853049579e-08, 4.53062760641e-08, 5.12980236067e-08, 4.2097349251e-07, 7.71504687691e-07, 1.16467639089e-07, 4.03211553035e-09, 8.13190681459e-10], "max": [0.101245187223, 0.440287023783, 0.156637430191, 0.16996756196, 0.15742982924, 0.0183775275946, 0.0175045002252, 0.0307777188718, 0.0117225423455, 0.00875600241125, 0.0205282717943, 0.0227624773979, 0.0213319659233, 0.0118008255959, 0.0208107512444, 0.0161760598421, 0.00301607884467, 0.00268926331773, 0.00366150797345, 0.00342936441302, 0.00195952411741, 0.003742181696, 0.00336944870651, 0.00705657619983, 0.0114451320842, 0.0011516592931, 0.000189712707652], "mean": [0.00161509239115, 0.048150844872, 0.01118516922, 0.00443836534396, 0.00308937137015, 0.000359736674, 0.000315037672408, 0.000342968676705, 0.000196092485567, 0.000212225335417, 0.000260622007772, 0.00012210222485, 0.000131543478346, 0.000127364037326, 0.000115308088425, 0.000113755231723, 7.78493122198e-05, 6.50197471259e-05, 7.1631911851e-05, 8.28146585263e-05, 8.69327122928e-05, 0.00011183010065, 0.000196451204829, 0.000245501752943, 0.000143097306136, 2.97325950669e-05, 8.55433791003e-06], "median": [0.000479637470562, 0.0197453014553, 0.0035678925924, 0.00065920909401, 0.000445202516858, 6.34724929114e-05, 2.94269702863e-05, 3.21408515447e-05, 3.43066240021e-05, 3.09121714963e-05, 1.76666435436e-05, 1.74460528797e-05, 1.87788718904e-05, 1.37818678922e-05, 1.1720017028e-05, 1.10659502752e-05, 1.27841012727e-05, 1.08406693471e-05, 1.2271986634e-05, 1.27987605083e-05, 1.59045339387e-05, 1.92088773474e-05, 2.31570338656e-05, 1.88244521269e-05, 1.10527198558e-05, 3.22226856042e-06, 2.87201174842e-07], "min": [3.010001533e-24, 2.55437752281e-23, 2.28626657809e-23, 9.59596516407e-24, 4.42103936131e-23, 1.62655308934e-23, 6.89225564081e-23, 3.17065569904e-23, 4.69154102789e-23, 2.96173756343e-23, 3.3936663614e-23, 5.817088083e-23, 1.20468198392e-22, 2.75483228531e-23, 2.26799277299e-22, 3.26001577979e-22, 2.25262046142e-22, 2.18137508829e-22, 2.78463734357e-22, 4.41125414132e-22, 5.09994006143e-22, 5.25897593454e-22, 7.0814132525e-22, 9.79910344204e-22, 9.33584897753e-22, 1.82266501478e-21, 2.35324059127e-21], "var": [2.51309811574e-05, 0.00521081546322, 0.000283652247163, 0.000206433265703, 0.00012283961405, 8.66902098551e-07, 9.96090307126e-07, 1.24675364077e-06, 3.62340870197e-07, 3.59193109034e-07, 1.36563392061e-06, 2.74648130016e-07, 4.55429955082e-07, 2.4168730306e-07, 4.16748491716e-07, 3.68115422589e-07, 3.43751445087e-08, 2.6025348987e-08, 4.16771506195e-08, 4.01761788282e-08, 2.620608619e-08, 5.72834544244e-08, 1.64106410239e-07, 3.32959729121e-07, 3.10173561502e-07, 6.11837602804e-09, 3.74158370953e-10]}, "erbbands": {"dmean": [0.986023902893, 6.98757410049, 9.41524219513, 15.5010490417, 19.3856086731, 13.0306911469, 5.61611175537, 2.361525774, 3.95795488358, 9.13545703888, 6.71228742599, 4.33814573288, 4.56830024719, 8.04125595093, 6.66854810715, 5.06320333481, 5.99206161499, 6.50394773483, 6.40427732468, 5.40434503555, 4.61335277557, 3.40145897865, 2.98685932159, 2.50322175026, 3.332883358, 3.28319120407, 2.51779747009, 3.5691473484, 3.05366206169, 4.45567798615, 5.53615617752, 6.88288879395, 3.48319125175, 1.55204153061, 0.582375466824, 0.173655763268, 0.0258366484195, 0.0080149192363, 0.00152721127961, 0.000116502480523], "dmean2": [1.35700416565, 9.74507331848, 14.4562749863, 27.7105560303, 35.7700386047, 24.2045993805, 10.0763540268, 4.04408597946, 6.91496324539, 16.028345108, 11.4336366653, 6.99204540253, 7.30583333969, 12.5711536407, 10.11348629, 8.15708351135, 9.74965190887, 10.6555728912, 10.2432346344, 9.05165958405, 7.11139059067, 5.55782985687, 4.94533109665, 3.99660849571, 5.56944036484, 5.59264326096, 4.00515127182, 5.74530124664, 4.81018781662, 7.35664892197, 9.1521320343, 11.5176200867, 5.55407142639, 2.38193869591, 0.893564105034, 0.264519870281, 0.0393691398203, 0.0121591659263, 0.00245153834112, 0.000186953315279], "dvar": [2.9994866848, 123.504928589, 207.712844849, 1796.70812988, 3533.76831055, 1804.43505859, 224.501922607, 59.1539306641, 117.485694885, 977.197143555, 303.604370117, 153.032943726, 128.987335205, 498.834899902, 650.380310059, 303.390716553, 687.441772461, 326.816986084, 630.653259277, 938.709655762, 492.816711426, 55.4011611938, 54.6546592712, 23.7593650818, 61.9639472961, 49.6987876892, 21.1461372375, 41.7892341614, 40.3722190857, 56.8697509766, 130.586883545, 248.33682251, 53.2299385071, 15.4343605042, 1.43006682396, 0.122188344598, 0.00218900828622, 0.000203787960345, 1.10177052193e-05, 4.49837074257e-08], "dvar2": [5.38601207733, 240.579559326, 498.424804688, 5122.12695312, 9988.12304688, 5159.37353516, 629.397766113, 154.880386353, 314.699249268, 2673.21337891, 764.693908691, 349.230194092, 313.859588623, 1079.01318359, 1301.12976074, 743.410888672, 1474.94494629, 662.71887207, 1412.78991699, 2516.17895508, 1050.34143066, 122.30368042, 126.136566162, 53.7361450195, 137.282485962, 125.652755737, 48.1886138916, 98.2229232788, 83.5968704224, 141.318756104, 324.439422607, 609.758422852, 116.494888306, 30.7683811188, 2.82648181915, 0.24420620501, 0.00430993409827, 0.000425951555371, 2.53986218013e-05, 1.06119664167e-07], "max": [15.4601335526, 89.8373947144, 195.285446167, 435.393371582, 510.770385742, 475.1980896, 205.61618042, 229.258453369, 143.285522461, 703.869689941, 413.225067139, 318.660308838, 212.293716431, 526.036865234, 918.874023438, 695.764221191, 813.4453125, 679.870361328, 1092.41137695, 1021.48626709, 894.756530762, 160.276168823, 183.388214111, 102.812316895, 214.20111084, 161.397796631, 103.955062866, 94.0090637207, 185.247131348, 80.1543655396, 98.3382797241, 110.834831238, 173.05178833, 174.501907349, 47.7250404358, 11.0438756943, 1.06714808941, 0.167948335409, 0.0347211658955, 0.00243158871308], "mean": [1.3732033968, 10.7974071503, 14.3883419037, 15.2935218811, 13.2045402527, 8.84412288666, 4.71354866028, 2.50669145584, 3.65960168839, 6.98287153244, 6.55918836594, 4.88112211227, 4.89706850052, 9.27212333679, 9.28098964691, 5.51880025864, 6.05486392975, 6.7927365303, 6.49981117249, 5.77441310883, 5.8117852211, 4.42921352386, 3.8258960247, 3.205919981, 3.76217865944, 3.85681676865, 3.18465924263, 4.09475564957, 4.06524276733, 4.6062412262, 5.39586400986, 5.96604061127, 3.59572792053, 2.03629040718, 0.749607384205, 0.225159659982, 0.0341936759651, 0.00912897568196, 0.00147251191083, 0.000147869199282], "median": [0.329774796963, 4.906457901, 7.77545833588, 4.75876522064, 2.2054271698, 1.2470023632, 0.827442765236, 0.439571768045, 0.423458188772, 0.648265302181, 0.749731898308, 0.784442782402, 1.02872657776, 0.999111771584, 0.840587258339, 0.844728708267, 0.931312084198, 0.805816650391, 0.749558508396, 0.614168643951, 0.728407621384, 0.721579968929, 0.67311668396, 0.645031452179, 0.612482786179, 0.610344111919, 0.622074842453, 0.64920091629, 0.667934119701, 0.685854792595, 0.66013687849, 0.457358181477, 0.268418848515, 0.145029962063, 0.0619732365012, 0.020902954042, 0.00400321278721, 0.0010373685509, 0.000100609962828, 6.93222391419e-05], "min": [5.07940140512e-22, 6.57570014837e-21, 2.75955885713e-20, 2.72423792185e-20, 1.54266767323e-19, 9.80319273541e-20, 1.42139149245e-19, 8.84914523511e-20, 6.03330494449e-19, 1.25798154885e-18, 6.41184605725e-19, 1.08655022805e-18, 8.95139393536e-19, 9.81152942352e-19, 1.83850114204e-18, 3.76169854777e-18, 4.44956085206e-18, 1.04368148941e-18, 6.01677280937e-18, 1.50365371515e-17, 1.67277261118e-17, 1.17314542959e-17, 1.35217469383e-17, 1.04519961399e-17, 2.19077924967e-17, 1.73315199825e-17, 1.81967509032e-17, 2.05368101145e-17, 1.6199508425e-17, 2.74360936476e-17, 1.79962257791e-17, 2.11834403604e-17, 1.45470695676e-17, 9.79015156097e-18, 8.12941111898e-18, 6.98736172472e-18, 2.99512794024e-18, 1.22989214961e-18, 3.37012044817e-19, 3.89041201283e-20], "var": [5.69490242004, 238.104125977, 303.500518799, 1324.78796387, 2106.17919922, 1056.94921875, 155.793518066, 67.9478302002, 106.061630249, 652.039367676, 358.980285645, 226.254852295, 137.540618896, 886.737365723, 2144.35180664, 348.233459473, 878.890075684, 669.79284668, 765.56439209, 881.007507324, 739.487854004, 106.409828186, 90.8059082031, 53.3453865051, 102.523506165, 95.4473342896, 42.8139953613, 61.1597251892, 106.19770813, 69.5687942505, 122.851974487, 210.965087891, 89.1458435059, 74.7280197144, 5.06265926361, 0.412114977837, 0.00668019289151, 0.000309541210299, 1.10272985694e-05, 4.70050949275e-08]}, "gfcc": {"mean": [-86.1025390625, 87.4856185913, -57.5530433655, 53.2873916626, -35.8443412781, 36.2539672852, -17.966003418, 12.6571083069, -13.6873292923, -3.14801716805, -11.4344081879, -4.55962324142, -9.13558006287], "cov": [[18522.7832031, -2069.25268555, -938.842529297, 71.5109176636, -1181.27978516, 458.369171143, -1000.16680908, 38.1532592773, -393.7081604, 273.630706787, -397.154937744, 193.421142578, -432.020111084], [-2069.25268555, 3648.66894531, 630.663024902, -523.468078613, 1018.15625, -312.542938232, 396.364990234, -378.63458252, 89.819190979, -369.189727783, 143.07800293, -245.970596313, 105.586196899], [-938.842529297, 630.663024902, 1600.16650391, 250.753036499, 335.707305908, 122.058692932, 140.718688965, -71.1138839722, 37.5985946655, -164.870956421, 41.4776077271, -87.316116333, 69.0224990845], [71.5109176636, -523.468078613, 250.753036499, 636.571289062, 80.9473342896, 112.86038208, 82.594833374, 46.0013427734, 50.1152496338, 24.7163619995, 5.39550352097, 18.7442169189, 31.6541461945], [-1181.27978516, 1018.15625, 335.707305908, 80.9473342896, 725.381408691, 25.0446510315, 252.524414062, -75.1482467651, 99.9138946533, -98.9712142944, 66.4358978271, -66.3665542603, 73.5615463257], [458.369171143, -312.542938232, 122.058692932, 112.86038208, 25.0446510315, 310.665649414, 18.2045307159, 28.9374961853, 25.8014278412, 40.9312133789, -4.0771856308, 25.0374469757, -3.03830194473], [-1000.16680908, 396.364990234, 140.718688965, 82.594833374, 252.524414062, 18.2045307159, 285.223175049, 11.0563516617, 79.2284469604, -31.0028152466, 53.5407371521, -32.1745986938, 61.2119255066], [38.1532592773, -378.63458252, -71.1138839722, 46.0013427734, -75.1482467651, 28.9374961853, 11.0563516617, 187.457092285, 34.2850799561, 76.6402511597, -11.9332122803, 37.3735046387, -2.05215334892], [-393.7081604, 89.819190979, 37.5985946655, 50.1152496338, 99.9138946533, 25.8014278412, 79.2284469604, 34.2850799561, 171.109176636, 26.7663612366, 49.443359375, 9.81796073914, 47.5397911072], [273.630706787, -369.189727783, -164.870956421, 24.7163619995, -98.9712142944, 40.9312133789, -31.0028152466, 76.6402511597, 26.7663612366, 152.64491272, 15.9424104691, 57.4365882874, -6.51993322372], [-397.154937744, 143.07800293, 41.4776077271, 5.39550352097, 66.4358978271, -4.0771856308, 53.5407371521, -11.9332122803, 49.443359375, 15.9424104691, 106.515693665, 11.9652910233, 29.1623592377], [193.421142578, -245.970596313, -87.316116333, 18.7442169189, -66.3665542603, 25.0374469757, -32.1745986938, 37.3735046387, 9.81796073914, 57.4365882874, 11.9652910233, 106.932617188, 19.4421615601], [-432.020111084, 105.586196899, 69.0224990845, 31.6541461945, 73.5615463257, -3.03830194473, 61.2119255066, -2.05215334892, 47.5397911072, -6.51993322372, 29.1623592377, 19.4421615601, 95.5902862549]], "icov": [[8.08279437479e-05, -6.0365342506e-05, 3.51732269337e-05, -8.934604557e-05, 8.40805587359e-05, -0.000161518197274, 0.000213999432162, 5.65274760334e-08, 3.24174325215e-05, -7.50036997488e-05, 0.000165827412275, -9.98720352072e-05, 0.000177780690137], [-6.0365342506e-05, 0.00116426986642, -0.000245043425821, 0.00105752178933, -0.00114544958342, 0.000887670728844, -0.000758359557949, 0.00108326761983, -0.000311170821078, 0.000683748396114, -0.000499572022818, 0.000608679605648, -8.35223108879e-05], [3.51732269337e-05, -0.000245043425821, 0.000923352665268, -0.000520554138348, 6.33172385278e-05, -0.000610457442235, 0.000358035147656, -0.000343439605786, 0.000169203674886, 0.000739562383387, -0.000273780693533, 0.000315576413414, -0.000383850216167], [-8.934604557e-05, 0.00105752178933, -0.000520554138348, 0.00285043776967, -0.00106677447911, 0.000431696738815, -0.00119782891124, 0.000757704139687, -0.000463189382572, 0.00024470203789, -9.5336465165e-05, 0.000257018924458, -0.000298116792692], [8.40805587359e-05, -0.00114544958342, 6.33172385278e-05, -0.00106677447911, 0.00352656771429, -0.0010688562179, -0.000819848268293, -0.000279937754385, -0.000399666605517, -1.07265323095e-05, 0.00026512396289, -0.000224668954615, -0.000113244132081], [-0.000161518197274, 0.000887670728844, -0.000610457442235, 0.000431696738815, -0.0010688562179, 0.00468092085794, -0.00109675503336, 0.000883580418304, -0.000681445759255, -0.000651379697956, 0.000211718201172, -0.000355413008947, 0.000582136039156], [0.000213999432162, -0.000758359557949, 0.000358035147656, -0.00119782891124, -0.000819848268293, -0.00109675503336, 0.00728924898431, -0.00215366808698, -0.000387415173464, 0.00025790638756, -0.00120078248437, 0.00144001340959, -0.00189123407472], [5.65274760334e-08, 0.00108326761983, -0.000343439605786, 0.000757704139687, -0.000279937754385, 0.000883580418304, -0.00215366808698, 0.00882259849459, -0.00181034137495, -0.00271677342243, 0.00201662443578, -0.000792824488599, 0.00087387941312], [3.24174325215e-05, -0.000311170821078, 0.000169203674886, -0.000463189382572, -0.000399666605517, -0.000681445759255, -0.000387415173464, -0.00181034137495, 0.00872831698507, -0.0014298496535, -0.00242711324245, 0.000621318467893, -0.00280773290433], [-7.50036997488e-05, 0.000683748396114, 0.000739562383387, 0.00024470203789, -1.07265323095e-05, -0.000651379697956, 0.00025790638756, -0.00271677342243, -0.0014298496535, 0.012425724417, -0.00313497358002, -0.00296288100071, 0.00117245898582], [0.000165827412275, -0.000499572022818, -0.000273780693533, -9.5336465165e-05, 0.00026512396289, 0.000211718201172, -0.00120078248437, 0.00201662443578, -0.00242711324245, -0.00313497358002, 0.0134398033842, -0.00210732012056, -0.000532861857209], [-9.98720352072e-05, 0.000608679605648, 0.000315576413414, 0.000257018924458, -0.000224668954615, -0.000355413008947, 0.00144001340959, -0.000792824488599, 0.000621318467893, -0.00296288100071, -0.00210732012056, 0.0144836548716, -0.00502825761214], [0.000177780690137, -8.35223108879e-05, -0.000383850216167, -0.000298116792692, -0.000113244132081, 0.000582136039156, -0.00189123407472, 0.00087387941312, -0.00280773290433, 0.00117245898582, -0.000532861857209, -0.00502825761214, 0.0157300103456]]}, "melbands": {"dmean": [0.00897881761193, 0.00595895713195, 0.00276222056709, 0.00120535888709, 0.000249517237535, 5.3506992117e-05, 6.65268089506e-05, 0.000101392426586, 4.96236243634e-05, 2.65531471086e-05, 2.28837325267e-05, 3.2598276448e-05, 2.50546090683e-05, 1.51292188093e-05, 1.37871138577e-05, 1.23726922538e-05, 1.27291568788e-05, 1.05240487756e-05, 8.91168019734e-06, 6.73836439091e-06, 5.66481230635e-06, 3.68379528481e-06, 3.38073709827e-06, 2.36888445215e-06, 2.04309253604e-06, 2.61021205006e-06, 2.27830287258e-06, 2.28038970818e-06, 1.67769917425e-06, 1.65321182521e-06, 2.23747224481e-06, 1.79397136435e-06, 1.7501649836e-06, 2.9012117011e-06, 2.86387489723e-06, 4.50564039056e-06, 4.07524885304e-06, 2.62935964201e-06, 1.78197331024e-06, 1.1904458006e-06], "dmean2": [0.0123383468017, 0.00865554064512, 0.00491347629577, 0.0022240804974, 0.000453214946901, 9.14362899493e-05, 0.000116074596008, 0.00017816304171, 8.40227585286e-05, 4.28497405665e-05, 3.65273481293e-05, 5.10647696501e-05, 3.91856774513e-05, 2.43725189648e-05, 2.26622705668e-05, 2.05235864996e-05, 2.10279813473e-05, 1.70737494045e-05, 1.48513117892e-05, 1.12163388621e-05, 8.96073561307e-06, 6.11037012277e-06, 5.65368372918e-06, 3.87237560062e-06, 3.32133140546e-06, 4.31102489529e-06, 3.91390494769e-06, 3.90205468648e-06, 2.67389691544e-06, 2.70860300589e-06, 3.58195393346e-06, 2.7921560104e-06, 2.84188445221e-06, 4.88397972731e-06, 4.74965827379e-06, 7.53068479753e-06, 6.82044037603e-06, 4.18796935264e-06, 2.7970577321e-06, 1.85075384707e-06], "dvar": [0.000227264506975, 6.52870512567e-05, 5.73396355321e-05, 1.43338374983e-05, 4.97556641221e-07, 2.56917758179e-08, 3.59859591015e-08, 1.19303749102e-07, 1.58531960892e-08, 6.04277605731e-09, 3.38162742253e-09, 8.18539813707e-09, 8.37330560444e-09, 6.15524520242e-09, 2.97054802978e-09, 2.43556441681e-09, 1.44737410945e-09, 1.43210576731e-09, 3.22866089419e-09, 1.34133104623e-09, 9.36101862692e-10, 7.0408429087e-11, 8.12563211161e-11, 3.67534683243e-11, 1.71052061404e-11, 5.36243445481e-11, 1.78201498696e-11, 2.91653749762e-11, 1.15099449069e-11, 8.22686710422e-12, 1.77445592942e-11, 1.95608407944e-11, 8.96657227634e-12, 2.69686547399e-11, 3.23293614102e-11, 1.07911242442e-10, 8.54230297609e-11, 3.24783221151e-11, 2.28499164034e-11, 9.19827061741e-12], "dvar2": [0.000405743863666, 0.000145296973642, 0.000162147684023, 4.05449281971e-05, 1.4143494127e-06, 6.7838691109e-08, 9.6397776872e-08, 3.26099126369e-07, 3.9155438003e-08, 1.40777096647e-08, 8.1750997083e-09, 1.76534715735e-08, 1.70677463274e-08, 1.41446196977e-08, 6.11094996827e-09, 5.14383646788e-09, 2.86209744793e-09, 3.31488214655e-09, 8.21735657297e-09, 3.39882300082e-09, 2.18629070403e-09, 1.66470642826e-10, 1.89355545133e-10, 8.71127614488e-11, 4.08067642177e-11, 1.18520721015e-10, 4.50226800286e-11, 7.2096981163e-11, 2.65873625199e-11, 2.00970993319e-11, 4.17430430499e-11, 3.78192373252e-11, 2.17345724751e-11, 6.90321202979e-11, 8.2341675145e-11, 2.61430127546e-10, 2.10729808603e-10, 7.4668451977e-11, 4.88579697533e-11, 1.828732131e-11], "max": [0.134699553251, 0.0859684869647, 0.0724852085114, 0.0414408370852, 0.00790690258145, 0.00449151266366, 0.00259110284969, 0.00827665161341, 0.00274045346305, 0.00173251656815, 0.00108270521741, 0.00206763274036, 0.00287959352136, 0.00343296839856, 0.00261836033314, 0.00143742363434, 0.00153318361845, 0.00145008356776, 0.00217428570613, 0.00139568943996, 0.00134425936267, 0.000151791638928, 0.000285407208139, 0.000143136669067, 9.1264177172e-05, 0.000200401394977, 6.80617886246e-05, 0.000143156736158, 9.21714527067e-05, 3.95205315726e-05, 7.91907659732e-05, 0.000149368454004, 4.84956472064e-05, 5.34861719643e-05, 5.59014260944e-05, 7.28750455892e-05, 7.06213977537e-05, 0.000114848495286, 0.000198650595848, 0.000146428748849], "mean": [0.013352252543, 0.0101310471073, 0.00263283215463, 0.000803956878372, 0.000197706001927, 5.88201328355e-05, 5.95877609157e-05, 7.77443710831e-05, 5.01190515934e-05, 2.90314892482e-05, 2.38771317527e-05, 3.66478598153e-05, 3.33167263307e-05, 1.64267494256e-05, 1.33790781547e-05, 1.26542154248e-05, 1.2778891687e-05, 1.03279226096e-05, 8.25733422971e-06, 7.97898064775e-06, 6.4591690716e-06, 4.45359819423e-06, 4.19852631239e-06, 2.83193094219e-06, 2.46654099101e-06, 3.00815599985e-06, 2.3692070954e-06, 2.69151155408e-06, 2.0550219233e-06, 1.89197976397e-06, 2.51067331192e-06, 2.39665018853e-06, 2.01842567549e-06, 2.81440952676e-06, 2.88656633529e-06, 3.87219733966e-06, 3.52111942448e-06, 2.60541082753e-06, 2.11243127524e-06, 1.57848148774e-06], "median": [0.00400530314073, 0.00750890281051, 0.00075794022996, 0.000104087353975, 3.4271790355e-05, 1.02608591988e-05, 6.27756617178e-06, 7.01894896338e-06, 5.83179098612e-06, 4.72776810057e-06, 4.80916878587e-06, 3.92628317059e-06, 2.62091407421e-06, 1.90512969311e-06, 2.36571395362e-06, 1.75475111064e-06, 1.28233966734e-06, 1.1629247183e-06, 8.71123916113e-07, 6.91964146426e-07, 8.39272729536e-07, 7.26979521914e-07, 6.19543470748e-07, 4.95513290844e-07, 4.84608563056e-07, 4.46414276212e-07, 3.96011699877e-07, 3.71026146695e-07, 3.6461574382e-07, 3.7087659166e-07, 3.52763947831e-07, 3.48755236246e-07, 3.60257160992e-07, 3.81228119295e-07, 3.86701316302e-07, 3.19503470791e-07, 2.59722128249e-07, 1.93707037965e-07, 1.5092167871e-07, 1.05985570542e-07], "min": [5.79093639736e-24, 1.2769143167e-23, 8.38241467963e-24, 1.06128478917e-23, 4.19402909527e-24, 2.32999159979e-24, 1.10206747802e-23, 1.27488457759e-23, 5.91545966897e-24, 6.39543814245e-24, 4.38893532571e-24, 3.82150452114e-24, 4.77221680715e-24, 8.0632068475e-24, 1.61416592209e-23, 4.6237468739e-24, 1.63785016914e-24, 6.67416952154e-24, 2.07545422968e-23, 2.06878425295e-23, 1.89848275192e-23, 8.78246182189e-24, 1.71792432363e-23, 1.06516850918e-23, 7.15956352513e-24, 1.34867210231e-23, 1.77649756139e-23, 9.89752460003e-24, 1.12404679944e-23, 1.21163347355e-23, 1.09155685309e-23, 7.19170014068e-24, 1.38664597302e-23, 1.6076420424e-23, 9.84617133282e-24, 8.98479123344e-24, 1.52696350213e-23, 9.49772437124e-24, 8.27071118659e-24, 8.45237638674e-24], "var": [0.000454627093859, 0.000122218887554, 4.08712985518e-05, 8.50180367706e-06, 3.20301495549e-07, 3.19478985489e-08, 2.96091098306e-08, 8.08589390999e-08, 2.12117861054e-08, 8.19746670544e-09, 3.58363361208e-09, 1.42824889693e-08, 2.35184174358e-08, 6.84427536868e-09, 4.03545152849e-09, 3.62017660294e-09, 3.11124237484e-09, 1.69072456035e-09, 2.65930788501e-09, 2.3730621912e-09, 1.02124342316e-09, 1.07287803641e-10, 1.29743771282e-10, 5.44198609786e-11, 3.29415175693e-11, 1.01168684541e-10, 2.30684551322e-11, 6.13474201994e-11, 2.27264439906e-11, 1.11196321248e-11, 2.53651457477e-11, 5.56874373003e-11, 1.25283932534e-11, 2.91821566911e-11, 3.24687013387e-11, 9.21820952904e-11, 7.26281465524e-11, 4.13076482741e-11, 7.20284040745e-11, 4.78584116781e-11]}, "mfcc": {"mean": [-740.472045898, 113.49458313, 47.5431671143, 33.3763999939, 23.4103450775, 26.2550296783, 16.8509426117, 20.3345489502, 9.76121997833, 10.7408685684, 3.17292547226, 5.07248258591, 0.0162086188793], "cov": [[14905.4257812, -1581.84143066, -661.019897461, -574.386901855, -503.537597656, -288.4659729, -626.151611328, -311.16998291, -333.564819336, -79.888999939, -150.130661011, -34.3452339172, -58.0373725891], [-1581.84143066, 3337.56640625, -17.8374156952, 100.311332703, 236.779052734, 119.57699585, 191.997741699, 54.1615600586, -0.086673438549, -75.7520446777, -38.3489952087, 3.82911014557, -50.8505859375], [-661.019897461, -17.8374156952, 1095.02148438, 161.828414917, 170.662826538, 102.955802917, 92.3065261841, 80.1025924683, 51.9769554138, -9.38865470886, -19.5144290924, 11.4573307037, -50.6919631958], [-574.386901855, 100.311332703, 161.828414917, 504.368621826, 157.587051392, 113.374420166, 112.748123169, 83.9415054321, 77.5971908569, 17.315246582, 22.6383285522, 28.3719978333, 21.7760410309], [-503.537597656, 236.779052734, 170.662826538, 157.587051392, 322.372436523, 163.726745605, 92.250617981, 77.3497467041, 66.2856216431, 11.7085552216, 23.3496799469, 31.9375209808, -2.75060796738], [-288.4659729, 119.57699585, 102.955802917, 113.374420166, 163.726745605, 281.019714355, 105.305091858, 77.078453064, 56.4317893982, 21.4418907166, 23.6419734955, 19.2424755096, 3.76802182198], [-626.151611328, 191.997741699, 92.3065261841, 112.748123169, 92.250617981, 105.305091858, 196.027252197, 71.9358520508, 44.7460250854, 28.8025360107, 18.3046569824, 5.5466337204, 9.55952548981], [-311.16998291, 54.1615600586, 80.1025924683, 83.9415054321, 77.3497467041, 77.078453064, 71.9358520508, 131.251846313, 71.9046401978, 24.6521320343, 20.9760875702, 15.3504753113, 8.16383934021], [-333.564819336, -0.086673438549, 51.9769554138, 77.5971908569, 66.2856216431, 56.4317893982, 44.7460250854, 71.9046401978, 134.159820557, 52.4068527222, 18.1698932648, 13.6504831314, 19.6458187103], [-79.888999939, -75.7520446777, -9.38865470886, 17.315246582, 11.7085552216, 21.4418907166, 28.8025360107, 24.6521320343, 52.4068527222, 110.904037476, 30.6656665802, 12.0351638794, 18.9427280426], [-150.130661011, -38.3489952087, -19.5144290924, 22.6383285522, 23.3496799469, 23.6419734955, 18.3046569824, 20.9760875702, 18.1698932648, 30.6656665802, 90.6711959839, 36.6777839661, 14.6556138992], [-34.3452339172, 3.82911014557, 11.4573307037, 28.3719978333, 31.9375209808, 19.2424755096, 5.5466337204, 15.3504753113, 13.6504831314, 12.0351638794, 36.6777839661, 73.966217041, 24.3998813629], [-58.0373725891, -50.8505859375, -50.6919631958, 21.7760410309, -2.75060796738, 3.76802182198, 9.55952548981, 8.16383934021, 19.6458187103, 18.9427280426, 14.6556138992, 24.3998813629, 70.6757125854]], "icov": [[8.50115975481e-05, 2.95197296509e-05, 3.33316311298e-05, 1.66399222508e-05, 3.77031828975e-05, -6.90660162945e-05, 0.000206491997233, -2.18743280129e-05, 0.000149245155626, -7.10944223101e-05, 0.00014967295283, -9.58816308412e-05, 6.92095127306e-05], [2.95197296509e-05, 0.000360067293514, 9.80330951279e-05, 3.32761483151e-05, -0.000235633939155, 3.80391938961e-05, -0.000322428386426, 1.69065988302e-05, 6.354310608e-05, 0.00023339544714, 0.000266966730123, -0.000204311407288, 0.000308785383822], [3.33316311298e-05, 9.80330951279e-05, 0.0011271208059, -0.000161868316354, -0.000377895747079, 9.86179566098e-06, -0.000246584706474, -0.000274804973742, -7.83445648267e-05, 0.00012247650011, 0.000601022620685, -0.00051527749747, 0.0010482793441], [1.66399222508e-05, 3.32761483151e-05, -0.000161868316354, 0.00264949514531, -0.000726020312868, -6.91972163622e-05, -0.000809432589449, -0.000307954993332, -0.000651362759527, 0.000422860612161, -2.13875664485e-05, -0.000265738461167, -0.00061044463655], [3.77031828975e-05, -0.000235633939155, -0.000377895747079, -0.000726020312868, 0.005493496079, -0.00220530829392, -0.000137590192026, -0.00037150864955, -0.00101694429759, 0.000442386808572, -0.000172178275534, -0.00144142296631, 0.000904420972802], [-6.90660162945e-05, 3.80391938961e-05, 9.86179566098e-06, -6.91972163622e-05, -0.00220530829392, 0.00585212558508, -0.00184945820365, -0.00104609504342, -0.000308467657305, 3.29008507833e-05, -0.000381735619158, -2.81168431684e-05, 0.000138001618325], [0.000206491997233, -0.000322428386426, -0.000246584706474, -0.000809432589449, -0.000137590192026, -0.00184945820365, 0.00873409677297, -0.00270608160645, 0.00117673748173, -0.00169531744905, -0.000360418693163, 0.00150285498239, -0.00108223687857], [-2.18743280129e-05, 1.69065988302e-05, -0.000274804973742, -0.000307954993332, -0.00037150864955, -0.00104609504342, -0.00270608160645, 0.0133916009218, -0.00564731471241, 0.000969408312812, -0.00119777722284, -0.000697609968483, 0.000551621953491], [0.000149245155626, 6.354310608e-05, -7.83445648267e-05, -0.000651362759527, -0.00101694429759, -0.000308467657305, 0.00117673748173, -0.00564731471241, 0.0135801313445, -0.00502593396232, 0.000959911150858, 0.000423193210736, -0.00199016556144], [-7.10944223101e-05, 0.00023339544714, 0.00012247650011, 0.000422860612161, 0.000442386808572, 3.29008507833e-05, -0.00169531744905, 0.000969408312812, -0.00502593396232, 0.0127164470032, -0.00337329157628, 0.000449175509857, -0.00126691430341], [0.00014967295283, 0.000266966730123, 0.000601022620685, -2.13875664485e-05, -0.000172178275534, -0.000381735619158, -0.000360418693163, -0.00119777722284, 0.000959911150858, -0.00337329157628, 0.0157897304744, -0.00731572741643, 0.000842145993374], [-9.58816308412e-05, -0.000204311407288, -0.00051527749747, -0.000265738461167, -0.00144142296631, -2.81168431684e-05, 0.00150285498239, -0.000697609968483, 0.000423193210736, 0.000449175509857, -0.00731572741643, 0.0198752079159, -0.00627339771017], [6.92095127306e-05, 0.000308785383822, 0.0010482793441, -0.00061044463655, 0.000904420972802, 0.000138001618325, -0.00108223687857, 0.000551621953491, -0.00199016556144, -0.00126691430341, 0.000842145993374, -0.00627339771017, 0.0183625500649]]}, "spectral_contrast_coeffs": {"dmean": [0.069719158113, 0.0473264120519, 0.0404597148299, 0.0336935184896, 0.0265450607985, 0.0240906346589], "dmean2": [0.111591815948, 0.0778366848826, 0.0645233690739, 0.0536372438073, 0.0418568104506, 0.037595089525], "dvar": [0.0044418880716, 0.00159286544658, 0.00127797375899, 0.000982064753771, 0.000623048981652, 0.000545651535504], "dvar2": [0.0110048195347, 0.00394841749221, 0.00294759427197, 0.00219672266394, 0.00129946053494, 0.00120073650032], "max": [-0.254813790321, -0.426908791065, -0.414469957352, -0.452790528536, -0.525248348713, -0.577614784241], "mean": [-0.644234836102, -0.797362148762, -0.81867480278, -0.828206479549, -0.829679131508, -0.812976658344], "median": [-0.650207281113, -0.809840857983, -0.832068920135, -0.839845657349, -0.838690638542, -0.813799023628], "min": [-0.986578464508, -0.985490739346, -0.977124392986, -0.971299529076, -0.963784039021, -0.967601656914], "var": [0.0102499006316, 0.00497285695747, 0.00450761104003, 0.00341726234183, 0.00237663695589, 0.00162225950044]}, "spectral_contrast_valleys": {"dmean": [0.536190807819, 0.670388221741, 0.645126461983, 0.729905486107, 0.768823206425, 0.878406465054], "dmean2": [0.790625214577, 1.00773835182, 0.94380235672, 1.07191681862, 1.10705924034, 1.20533180237], "dvar": [0.27707991004, 0.504067718983, 0.464270472527, 0.571951150894, 0.657428085804, 0.942682802677], "dvar2": [0.502277553082, 1.00976967812, 0.922482073307, 1.1713757515, 1.32159054279, 1.64031243324], "max": [-4.87203407288, -4.52387952805