{"lowlevel": {"average_loudness": 0.892007470131, "barkbands_crest": {"dmean": 2.32987070084, "dmean2": 3.71158885956, "dvar": 8.82362747192, "dvar2": 21.3880119324, "max": 26.9521083832, "mean": 15.6251106262, "median": 14.7758865356, "min": 3.30759000778, "var": 22.1926574707}, "barkbands_flatness_db": {"dmean": 0.0956451147795, "dmean2": 0.127335041761, "dvar": 0.009506999515, "dvar2": 0.0201875530183, "max": 0.812242507935, "mean": 0.450487792492, "median": 0.471619069576, "min": 0.012823658064, "var": 0.0279139466584}, "barkbands_kurtosis": {"dmean": 21.9189720154, "dmean2": 34.7602920532, "dvar": 17947.5371094, "dvar2": 41642.1171875, "max": 4514.02929688, "mean": 24.1061916351, "median": 3.43898892403, "min": -1.97526884079, "var": 18900.5332031}, "barkbands_skewness": {"dmean": 1.24569380283, "dmean2": 1.88076484203, "dvar": 5.08615350723, "dvar2": 11.2934122086, "max": 42.1308670044, "mean": 1.84451758862, "median": 1.44841766357, "min": -23.1966457367, "var": 9.99233341217}, "barkbands_spread": {"dmean": 3.52484345436, "dmean2": 5.84676504135, "dvar": 71.2744445801, "dvar2": 172.745986938, "max": 113.488197327, "mean": 7.61311483383, "median": 3.81497335434, "min": 0.0188626218587, "var": 218.673400879}, "dissonance": {"dmean": 0.075242176652, "dmean2": 0.118065692484, "dvar": 0.00513240508735, "dvar2": 0.0120802512392, "max": 0.499871850014, "mean": 0.291570693254, "median": 0.298396110535, "min": 0.0176489986479, "var": 0.0152270644903}, "dynamic_complexity": 4.46086835861, "erbbands_crest": {"dmean": 3.45647215843, "dmean2": 5.26315927505, "dvar": 16.4061126709, "dvar2": 35.357585907, "max": 34.3011436462, "mean": 20.3441925049, "median": 20.4916877747, "min": 2.79545736313, "var": 50.3892402649}, "erbbands_flatness_db": {"dmean": 0.0737572982907, "dmean2": 0.0992173403502, "dvar": 0.00543627049774, "dvar2": 0.0109504535794, "max": 0.669547855854, "mean": 0.371073454618, "median": 0.386083006859, "min": 0.0521505661309, "var": 0.0176780745387}, "erbbands_kurtosis": {"dmean": 10.0375595093, "dmean2": 15.6469612122, "dvar": 501.284332275, "dvar2": 1162.46557617, "max": 423.778442383, "mean": 13.7911233902, "median": 4.90495729446, "min": -1.90824210644, "var": 756.788513184}, "erbbands_skewness": {"dmean": 1.29170787334, "dmean2": 1.83901119232, "dvar": 2.45671057701, "dvar2": 5.0502166748, "max": 15.2248725891, "mean": 0.315067440271, "median": 0.0713408738375, "min": -7.52320051193, "var": 6.17556762695}, "erbbands_spread": {"dmean": 6.17833518982, "dmean2": 9.64335632324, "dvar": 135.974853516, "dvar2": 321.685943604, "max": 139.588745117, "mean": 12.2204380035, "median": 7.11513614655, "min": 0.237767994404, "var": 216.705780029}, "hfc": {"dmean": 4.96155738831, "dmean2": 7.48828935623, "dvar": 100.573852539, "dvar2": 251.018630981, "max": 120.444252014, "mean": 7.65859985352, "median": 3.83223676682, "min": 1.23387739413e-16, "var": 117.054916382}, "melbands_crest": {"dmean": 2.69820094109, "dmean2": 4.23881578445, "dvar": 12.7371530533, "dvar2": 30.3334255219, "max": 34.1254310608, "mean": 21.3015766144, "median": 20.649055481, "min": 2.02615714073, "var": 36.7196464539}, "melbands_flatness_db": {"dmean": 0.108691297472, "dmean2": 0.142683401704, "dvar": 0.0123466551304, "dvar2": 0.0263031050563, "max": 0.993003189564, "mean": 0.573974311352, "median": 0.60190230608, "min": 0.00646148947999, "var": 0.0397645607591}, "melbands_kurtosis": {"dmean": 14.9763145447, "dmean2": 24.0616035461, "dvar": 1682.5637207, "dvar2": 3906.12646484, "max": 635.696350098, "mean": 20.3268508911, "median": 5.00291442871, "min": -1.92025303841, "var": 2368.00805664}, "melbands_skewness": {"dmean": 1.06271779537, "dmean2": 1.59406971931, "dvar": 2.37397432327, "dvar2": 5.5822224617, "max": 18.4223709106, "mean": 2.17616844177, "median": 1.92380464077, "min": -5.33211565018, "var": 5.76025009155}, "melbands_spread": {"dmean": 3.58143496513, "dmean2": 5.92504501343, "dvar": 83.0177536011, "dvar2": 203.462783813, "max": 216.307495117, "mean": 9.20454597473, "median": 4.31874275208, "min": 0.156591907144, "var": 572.787902832}, "pitch_salience": {"dmean": 0.0752858966589, "dmean2": 0.119507730007, "dvar": 0.0106039820239, "dvar2": 0.0262782387435, "max": 0.956099331379, "mean": 0.360146611929, "median": 0.374020040035, "min": 0.0267540290952, "var": 0.0221407916397}, "silence_rate_20dB": {"dmean": 0, "dmean2": 0, "dvar": 0, "dvar2": 0, "max": 1, "mean": 1, "median": 1, "min": 1, "var": 0}, "silence_rate_30dB": {"dmean": 0.0364894606173, "dmean2": 0.0730018913746, "dvar": 0.0351600460708, "dvar2": 0.0884402096272, "max": 1, "mean": 0.970754742622, "median": 1, "min": 0, "var": 0.0283893533051}, "silence_rate_60dB": {"dmean": 0.0408933609724, "dmean2": 0.0818124637008, "dvar": 0.0392201468349, "dvar2": 0.0864476114511, "max": 1, "mean": 0.118238992989, "median": 0, "min": 0, "var": 0.10425568372}, "spectral_centroid": {"dmean": 145.164505005, "dmean2": 229.06463623, "dvar": 110882.765625, "dvar2": 241626.375, "max": 10889.6279297, "mean": 523.769836426, "median": 387.315551758, "min": 82.003692627, "var": 352164.5}, "spectral_complexity": {"dmean": 1.76344764233, "dmean2": 3.03398370743, "dvar": 14.87550354, "dvar2": 39.2095870972, "max": 33, "mean": 4.43238973618, "median": 4, "min": 0, "var": 12.7610588074}, "spectral_decrease": {"dmean": 3.38813666012e-09, "dmean2": 4.7823749405e-09, "dvar": 3.90135897793e-17, "dvar2": 9.02815294612e-17, "max": 7.7150308711e-12, "mean": -7.67822072589e-09, "median": -5.21561371869e-09, "min": -5.74266145748e-08, "var": 6.74982820915e-17}, "spectral_energy": {"dmean": 0.0132015058771, "dmean2": 0.0186616946012, "dvar": 0.000591005024035, "dvar2": 0.001368750236, "max": 0.221919611096, "mean": 0.0296739581972, "median": 0.0200747363269, "min": 1.08993695751e-20, "var": 0.00101341109257}, "spectral_energyband_high": {"dmean": 6.12059011473e-05, "dmean2": 0.000106061306724, "dvar": 2.85850845216e-08, "dvar2": 7.49592814486e-08, "max": 0.00233817426488, "mean": 4.14291207562e-05, "median": 4.43400438144e-07, "min": 8.00394500991e-21, "var": 2.10515640475e-08}, "spectral_energyband_low": {"dmean": 0.00566430948675, "dmean2": 0.00794309470803, "dvar": 0.000165052071679, "dvar2": 0.000416569993831, "max": 0.166902258992, "mean": 0.0176022145897, "median": 0.0114803705364, "min": 5.58386419627e-23, "var": 0.000361754151527}, "spectral_energyband_middle_high": {"dmean": 0.000664245686494, "dmean2": 0.00112109049223, "dvar": 5.0728676797e-06, "dvar2": 1.34089668791e-05, "max": 0.0428143329918, "mean": 0.000595721416175, "median": 1.71868996404e-05, "min": 1.47867339444e-21, "var": 4.58712065665e-06}, "spectral_energyband_middle_low": {"dmean": 0.00816092547029, "dmean2": 0.0118649955839, "dvar": 0.000336307188263, "dvar2": 0.000758439127821, "max": 0.179024666548, "mean": 0.0118872532621, "median": 0.00388458603993, "min": 2.78149553147e-22, "var": 0.00047899238416}, "spectral_entropy": {"dmean": 0.714417219162, "dmean2": 1.00316619873, "dvar": 0.691891014576, "dvar2": 1.36282920837, "max": 9.78981304169, "mean": 5.14595079422, "median": 4.74603271484, "min": 2.50297212601, "var": 1.75905334949}, "spectral_flux": {"dmean": 0.038241930306, "dmean2": 0.0572463236749, "dvar": 0.00322982040234, "dvar2": 0.00726681575179, "max": 0.432135462761, "mean": 0.0534769967198, "median": 0.0258413739502, "min": 1.04400044165e-10, "var": 0.0042759696953}, "spectral_kurtosis": {"dmean": 96.380531311, "dmean2": 154.317520142, "dvar": 21376.65625, "dvar2": 59169.3476562, "max": 1530.9777832, "mean": 133.657562256, "median": 53.4309692383, "min": -1.23746585846, "var": 33176.9765625}, "spectral_rms": {"dmean": 0.00105568219442, "dmean2": 0.00141678901855, "dvar": 2.59769899458e-06, "dvar2": 5.6916860558e-06, "max": 0.0147141749039, "mean": 0.00466225622222, "median": 0.0044255014509, "min": 3.26090955453e-12, "var": 7.21348942534e-06}, "spectral_rolloff": {"dmean": 301.44644165, "dmean2": 555.580200195, "dvar": 2400979.75, "dvar2": 5447843, "max": 19078.4179688, "mean": 879.783569336, "median": 387.59765625, "min": 86.1328125, "var": 7534628}, "spectral_skewness": {"dmean": 3.2095348835, "dmean2": 4.67284917831, "dvar": 12.4956684113, "dvar2": 27.1880187988, "max": 32.739654541, "mean": 7.96234941483, "median": 5.98729610443, "min": 0.0162303820252, "var": 36.1277542114}, "spectral_spread": {"dmean": 1300713.5, "dmean2": 1966765.375, "dvar": 3156124368900.0, "dvar2": 6934882680830.0, "max": 41964536, "mean": 2656562.75, "median": 1813047.625, "min": 69111.3359375, "var": 8282269286400.0}, "spectral_strongpeak": {"dmean": 0.357846558094, "dmean2": 0.544808149338, "dvar": 0.459995418787, "dvar2": 0.967695713043, "max": 6.78197574615, "mean": 0.861916065216, "median": 0.522157907486, "min": 0, "var": 0.911665797234}, "zerocrossingrate": {"dmean": 0.00747320661321, "dmean2": 0.00920897163451, "dvar": 0.000543143542018, "dvar2": 0.000663337006699, "max": 0.7099609375, "mean": 0.0299109108746, "median": 0.013671875, "min": 0.0029296875, "var": 0.00677055539563}, "barkbands": {"dmean": [1.61124153237e-05, 0.00348791643046, 0.00219375756569, 0.000460978306364, 0.000610305694863, 0.00328722386621, 0.00177815847564, 0.0020175089594, 0.000552702171262, 0.000331461022142, 4.05567188864e-05, 6.29298519925e-05, 6.43937382847e-05, 5.04849522258e-05, 6.37784032733e-05, 7.55735309212e-05, 3.14674507536e-05, 1.8313397959e-05, 1.7736445443e-05, 1.59450100909e-05, 2.29230699915e-05, 1.01410569187e-05, 5.67876577406e-06, 3.91599360228e-06, 3.12149745696e-06, 4.66563687951e-06, 4.63031528852e-06], "dmean2": [2.72252982541e-05, 0.00514867296442, 0.0030008663889, 0.000709117390215, 0.000869890965987, 0.00462504290044, 0.00261971238069, 0.00347458524629, 0.000764448079281, 0.000485594122438, 7.50622421037e-05, 0.000109145352326, 0.000119478718261, 9.49829773162e-05, 0.000121513592603, 0.000143547586049, 5.785704343e-05, 3.25778964907e-05, 3.16699224641e-05, 2.76539649349e-05, 3.91343528463e-05, 1.75538662006e-05, 1.00698489405e-05, 6.97466202837e-06, 5.89666842643e-06, 8.72159580467e-06, 8.58846669871e-06], "dvar": [1.86634396826e-09, 6.40734579065e-05, 3.99842065235e-05, 1.72904560714e-06, 7.16913427823e-06, 0.000139432042488, 2.19229223148e-05, 7.47611775296e-05, 4.78054289488e-06, 2.53364464697e-06, 5.11983664353e-08, 5.74014293875e-08, 7.76766313493e-08, 4.69120315927e-08, 1.23410984543e-07, 3.99141782736e-07, 8.93331986163e-08, 8.47657943837e-09, 3.58780782861e-09, 2.24904428414e-09, 7.43227301925e-09, 9.03213948078e-10, 7.27535254264e-10, 1.70258723786e-10, 2.3082490086e-10, 2.25659435582e-10, 1.19724438696e-10], "dvar2": [4.77882622363e-09, 0.000159280811204, 9.82255587587e-05, 4.75522210763e-06, 1.4442799511e-05, 0.000280348263914, 4.66789315396e-05, 0.000203656498343, 1.02737994894e-05, 5.96312020207e-06, 1.49466956145e-07, 1.49540284156e-07, 2.18994671286e-07, 1.3498925e-07, 3.5611083149e-07, 1.14330180168e-06, 2.56144886635e-07, 2.43089921526e-08, 9.88544623937e-09, 5.85939519127e-09, 1.89171256437e-08, 2.39170216965e-09, 2.09867301315e-09, 4.70871286407e-10, 6.72457090012e-10, 6.44464759336e-10, 3.29720278858e-10], "max": [0.000571125361603, 0.0923585817218, 0.116310209036, 0.0214137323201, 0.059243991971, 0.173565044999, 0.0871088430285, 0.11179382354, 0.0633829981089, 0.0397766456008, 0.00540596898645, 0.0053104008548, 0.00475944904611, 0.00210911314934, 0.00865721330047, 0.0231956131756, 0.0119384983554, 0.00173783896025, 0.000728459272068, 0.000510477344505, 0.00200659851544, 0.000679057848174, 0.000545833318029, 0.000179772236152, 0.000285173766315, 0.000213068240555, 9.31072208914e-05], "mean": [1.34185756906e-05, 0.0104976305738, 0.00674044946209, 0.00064601196209, 0.00081373390276, 0.00483117485419, 0.00221737194806, 0.00199053669348, 0.00115059071686, 0.000467709091026, 2.47241478064e-05, 4.50870102213e-05, 3.86860810977e-05, 2.91497453873e-05, 3.56348791684e-05, 4.22296652687e-05, 1.90288938029e-05, 1.19838114188e-05, 1.14844015116e-05, 1.09000293378e-05, 1.60904401127e-05, 6.83814414515e-06, 3.66268113794e-06, 2.54168435276e-06, 1.80216920853e-06, 2.74603394246e-06, 2.75716183751e-06], "median": [1.54375061356e-06, 0.0071356636472, 0.00169966276735, 0.000101777623058, 0.000100129531347, 9.87667299341e-05, 9.67719024629e-05, 3.76803727704e-05, 3.21341140079e-05, 1.05194339994e-05, 2.19366910414e-07, 3.64604829883e-07, 1.45718317413e-07, 7.20975492641e-08, 5.78236019066e-08, 4.12653520243e-08, 6.31078904689e-08, 4.95188317018e-08, 6.5681312833e-08, 3.83554095151e-08, 6.96581494708e-08, 3.05896037389e-08, 1.79616073126e-08, 1.07510782499e-08, 1.05866657663e-08, 3.38666588107e-08, 2.49421621135e-08], "min": [1.51299624649e-23, 3.69731438549e-23, 5.80113715773e-24, 3.22892108382e-24, 9.32165251046e-23, 2.92211939105e-23, 2.64702844727e-23, 4.95566017866e-23, 5.59866448903e-23, 3.29766262032e-23, 3.09441860343e-23, 6.98546681428e-23, 1.35630420535e-22, 3.4496231053e-23, 1.00697532882e-22, 1.48154502484e-22, 2.34704900504e-22, 1.52772506845e-22, 3.58516783661e-22, 5.41384914642e-22, 2.81171912778e-22, 6.7422161899e-22, 6.82016423015e-22, 8.15615432055e-22, 1.01772790686e-21, 1.82116272069e-21, 2.68217231419e-21], "var": [1.49129841809e-09, 0.000125552891404, 0.000124333542772, 1.84005148185e-06, 1.07328996819e-05, 0.000234557737713, 3.64943880413e-05, 5.82924803894e-05, 1.2961723769e-05, 3.76356160814e-06, 2.77749094835e-08, 4.5265007742e-08, 4.66916283415e-08, 2.61914241406e-08, 6.87900154617e-08, 2.27254005836e-07, 5.08044877279e-08, 4.91271112679e-09, 2.29295360477e-09, 1.63182367618e-09, 6.02729866017e-09, 6.49418241405e-10, 4.10685596641e-10, 1.07704782593e-10, 1.24648957822e-10, 1.2759009127e-10, 7.35288496756e-11]}, "erbbands": {"dmean": [0.0429466664791, 0.981135487556, 2.93285965919, 1.48595917225, 1.39278423786, 1.40199565887, 12.3885583878, 29.1531219482, 24.3007183075, 46.0074691772, 29.6097927094, 11.9316883087, 13.5793533325, 6.94776439667, 1.96942019463, 2.652125597, 2.7880282402, 2.45082044601, 3.16799998283, 3.81564378738, 3.99872565269, 1.77157020569, 0.990817785263, 0.97975975275, 0.920271396637, 0.737043321133, 0.958517491817, 0.732656478882, 0.410338312387, 0.202980518341, 0.167853534222, 0.0860462859273, 0.0646245256066, 0.0444956496358, 0.018675390631, 0.0170386712998, 0.00963849108666, 0.00264060148038, 0.000993475317955, 5.71851305722e-05], "dmean2": [0.0672556012869, 1.42767250538, 3.95369315147, 2.18790745735, 2.12125563622, 2.00560975075, 16.3400764465, 42.1099090576, 33.7433280945, 75.3340988159, 49.9039344788, 17.0446186066, 18.7253894806, 10.3135271072, 3.38111710548, 4.64621686935, 5.14175224304, 4.58343458176, 6.0371131897, 7.2907834053, 7.54638290405, 3.27323627472, 1.74092459679, 1.75530767441, 1.61623227596, 1.26743471622, 1.61124026775, 1.28274190426, 0.712024331093, 0.358096987009, 0.298261255026, 0.152036935091, 0.116248093545, 0.0842466428876, 0.03497781232, 0.032114431262, 0.0180263407528, 0.00488966098055, 0.00183896557428, 9.95831505861e-05], "dvar": [0.0128166051582, 4.92896795273, 59.0843963623, 15.43491745, 14.5669250488, 32.3839912415, 3316.56176758, 12358.7744141, 6156.15234375, 24062.7578125, 14123.0283203, 1766.75402832, 3235.40649414, 2249.99438477, 64.4064788818, 92.984992981, 145.457977295, 107.42489624, 217.006637573, 464.074737549, 1433.39746094, 318.24017334, 18.1037387848, 13.0406627655, 9.46540260315, 4.43014574051, 16.878452301, 6.31005334854, 1.40159678459, 0.460945487022, 0.682306051254, 0.0783845558763, 0.0572292804718, 0.0745164752007, 0.00382588617504, 0.00470867520198, 0.00105875183363, 4.62428724859e-05, 5.65029040445e-06, 1.2691669049e-08], "dvar2": [0.0309983473271, 12.3521356583, 144.787811279, 40.4633712769, 39.0168952942, 64.4939041138, 6291.0234375, 25017.3613281, 10533.4755859, 64565.1601562, 38153.9453125, 4063.20556641, 7308.58740234, 5380.79150391, 176.568069458, 249.163604736, 407.713592529, 307.739868164, 631.3359375, 1334.48730469, 4095.95507812, 911.835693359, 51.272808075, 36.6413803101, 25.8527050018, 11.3799524307, 42.658241272, 16.3334732056, 3.68273854256, 1.28118932247, 1.97189068794, 0.216667801142, 0.159716680646, 0.218488559127, 0.0109027232975, 0.0136182559654, 0.00304289045744, 0.000128911124193, 1.55773723236e-05, 3.48834419128e-08], "max": [1.73974621296, 23.3326416016, 128.249343872, 53.6818389893, 37.2968254089, 118.937194824, 993.168029785, 1971.60583496, 1443.38269043, 2296.80810547, 1642.52502441, 1093.72021484, 1430.05883789, 1486.40356445, 172.180526733, 178.189849854, 229.297912598, 111.72492981, 136.822631836, 569.492614746, 1445.69445801, 713.157348633, 72.9827651978, 49.2298583984, 33.1291656494, 21.4658699036, 110.04385376, 68.9416351318, 24.9701480865, 9.98991394043, 17.0914783478, 4.89453172684, 3.42647218704, 5.18230485916, 0.818109750748, 1.41148400307, 0.527368724346, 0.071073114872, 0.0193272940814, 0.000769557780586], "mean": [0.107893660665, 3.01252698898, 9.4181022644, 3.25865769386, 1.97874486446, 1.78340137005, 17.3395347595, 42.2925453186, 38.0495834351, 40.0171279907, 38.3174858093, 25.0011882782, 24.3253440857, 8.95443630219, 1.56252837181, 1.8443069458, 1.69743299484, 1.43700945377, 1.77835798264, 2.12201738358, 2.26615428925, 1.05495464802, 0.658387482166, 0.627249360085, 0.606771349907, 0.517321586609, 0.685857057571, 0.493124902248, 0.276283591986, 0.134088054299, 0.107933372259, 0.0567383132875, 0.0412378273904, 0.0256895106286, 0.0108809145167, 0.00989485904574, 0.00566261168569, 0.00157798582222, 0.000603563094046, 5.89895316807e-05], "median": [0.0532434657216, 2.13548946381, 4.03733110428, 1.2774336338, 0.646215438843, 0.225121408701, 0.443659305573, 1.18405032158, 2.09023141861, 1.82202148438, 1.65608048439, 1.28529798985, 0.853177845478, 0.261817336082, 0.0451118759811, 0.02706691809, 0.0119683593512, 0.00605914182961, 0.00490397261456, 0.00310133513995, 0.00409968290478, 0.00399242248386, 0.00460231956095, 0.00459308736026, 0.00423490162939, 0.00297725386918, 0.00261336890981, 0.00186227634549, 0.00125941459555, 0.000746869365685, 0.000552736106329, 0.000295076461043, 0.000175809313077, 0.000141243101098, 9.56562580541e-05, 0.000103219048469, 7.05031343387e-05, 2.1303376343e-05, 2.08128731174e-05, 2.75190395769e-05], "min": [1.2609196128e-21, 7.67575544732e-21, 7.37870551895e-21, 1.50124831658e-20, 1.09277589953e-19, 3.39094627105e-19, 3.24101383967e-19, 3.00952010741e-19, 4.42901658077e-19, 5.02552392084e-19, 1.38709058719e-18, 9.83209003162e-19, 1.43415209756e-18, 6.2567197071e-19, 1.88002746994e-18, 3.33688422776e-18, 6.08589822521e-18, 2.58557903164e-18, 4.55315198889e-18, 5.63345400479e-18, 8.43750942738e-18, 1.23959979652e-17, 9.987104092e-18, 1.08765540339e-17, 2.14400731455e-17, 2.63070764839e-17, 1.63292550128e-17, 1.23080686661e-17, 2.4689299803e-17, 2.23926295235e-17, 1.88384230285e-17, 1.50640822659e-17, 1.40420030117e-17, 1.01699325141e-17, 8.18120586022e-18, 6.52089555215e-18, 3.32955085804e-18, 1.32188352591e-18, 3.41326308699e-19, 4.10911081197e-20], "var": [0.0260942615569, 9.72501373291, 176.33934021, 26.4018802643, 15.4747371674, 48.9499588013, 5636.05419922, 20503.3027344, 15086.8779297, 17931.1269531, 15771.9599609, 4869.85693359, 6713.11376953, 2814.11816406, 46.4533309937, 67.6800613403, 89.4985961914, 60.7437515259, 117.506065369, 261.133331299, 822.267822266, 181.2159729, 10.8834276199, 7.92344141006, 6.24999570847, 3.3337624073, 13.9770526886, 4.85510444641, 1.0262452364, 0.287253051996, 0.383016943932, 0.0496413372457, 0.0354054234922, 0.0396538488567, 0.00217652879655, 0.00258407718502, 0.000589544884861, 2.77030012512e-05, 3.46702245224e-06, 8.80602613051e-09]}, "gfcc": {"mean": [-250.519058228, 168.678634644, -19.300699234, 1.6158452034, -44.4894371033, -8.68493843079, 2.66535878181, 15.5621604919, 2.71546339989, 1.89192390442, -9.2604598999, -7.68477344513, -9.4580745697], "cov": [[24192.3320312, -1232.72485352, -3375.87011719, 2146.5144043, -882.602600098, 873.072265625, 600.584472656, 231.04246521, -416.790710449, 23.2821025848, -633.098754883, -304.450622559, -1006.45330811], [-1232.72485352, 5383.94042969, 2665.74047852, -316.141021729, 5.71450519562, -565.829467773, -42.7831039429, -476.148742676, 432.274139404, -347.806732178, 415.100158691, -260.147796631, 436.608093262], [-3375.87011719, 2665.74047852, 2777.97070312, -119.988441467, 416.132720947, -384.376861572, -239.385238647, -295.057495117, 234.887466431, -143.071517944, 221.222488403, -159.446334839, 226.849807739], [2146.5144043, -316.141021729, -119.988441467, 1306.73779297, 166.410232544, 155.930160522, -39.0647621155, -247.328109741, -55.8985366821, -17.443611145, 20.8857955933, -86.3751373291, -174.402526855], [-882.602600098, 5.71450519562, 416.132720947, 166.410232544, 805.497253418, 216.664474487, 28.4621639252, 123.676567078, -135.878738403, -137.660430908, -182.436904907, -72.7738418579, -75.900428772], [873.072265625, -565.829467773, -384.376861572, 155.930160522, 216.664474487, 537.436889648, 410.861114502, 157.186798096, -227.866333008, -183.24005127, -263.767089844, -63.7090950012, -53.1569366455], [600.584472656, -42.7831039429, -239.385238647, -39.0647621155, 28.4621639252, 410.861114502, 940.952514648, 466.451751709, -149.079071045, -300.068511963, -375.975646973, -209.608627319, -133.140487671], [231.04246521, -476.148742676, -295.057495117, -247.328109741, 123.676567078, 157.186798096, 466.451751709, 659.230102539, 66.0676193237, -107.854103088, -361.978027344, -142.647994995, -231.540985107], [-416.790710449, 432.274139404, 234.887466431, -55.8985366821, -135.878738403, -227.866333008, -149.079071045, 66.0676193237, 370.554290771, 145.673278809, 93.7317428589, -49.2020721436, -48.0628547668], [23.2821025848, -347.806732178, -143.071517944, -17.443611145, -137.660430908, -183.24005127, -300.068511963, -107.854103088, 145.673278809, 380.972198486, 239.227035522, 66.8505020142, -104.858528137], [-633.098754883, 415.100158691, 221.222488403, 20.8857955933, -182.436904907, -263.767089844, -375.975646973, -361.978027344, 93.7317428589, 239.227035522, 449.653533936, 158.159362793, 97.7328567505], [-304.450622559, -260.147796631, -159.446334839, -86.3751373291, -72.7738418579, -63.7090950012, -209.608627319, -142.647994995, -49.2020721436, 66.8505020142, 158.159362793, 237.966918945, 133.300476074], [-1006.45330811, 436.608093262, 226.849807739, -174.402526855, -75.900428772, -53.1569366455, -133.140487671, -231.540985107, -48.0628547668, -104.858528137, 97.7328567505, 133.300476074, 359.857269287]], "icov": [[0.000119464035379, -0.000242498441366, 0.000140499163535, -0.000259892491158, 0.000337007426424, -0.00025401689345, 0.000286276248517, -0.000221427806537, 0.000429763749707, -0.000384170823963, 0.000532663951162, -0.000294952245895, 0.000320865598042], [-0.000242498441366, 0.00125136366114, -0.000569983094465, 0.000847507326398, -0.000900214188732, 0.000875513185747, -0.00106767367106, 0.00117641023826, -0.00185820704792, 0.00222543161362, -0.00225662626326, 0.00159045576584, -0.000701051787473], [0.000140499163535, -0.000569983094465, 0.00110194692388, -0.000202898489079, -0.000335321528837, 0.00021606242808, 0.000199113608687, 8.39096246636e-05, 0.000219031760935, -0.000324552092934, 0.000457899994217, 0.000161054646014, 0.000131024498842], [-0.000259892491158, 0.000847507326398, -0.000202898489079, 0.0020707778167, -0.00122870854102, 0.00043752003694, -0.00103682652116, 0.00250713131391, -0.00216697040014, 0.00234377081506, -0.00156701914966, 0.000992335611954, 0.000862897548359], [0.000337007426424, -0.000900214188732, -0.000335321528837, -0.00122870854102, 0.00369735620916, -0.00233950209804, 0.0025350197684, -0.00256526935846, 0.00292713847011, -0.0013438903261, 0.00189589872025, -0.000985856400803, 0.00122190534603], [-0.00025401689345, 0.000875513185747, 0.00021606242808, 0.00043752003694, -0.00233950209804, 0.0059971511364, -0.00325803062879, 0.00235977373086, -0.000747552432586, 0.000800052133854, 0.000270207005087, 0.000420875003329, -0.00108748686034], [0.000286276248517, -0.00106767367106, 0.000199113608687, -0.00103682652116, 0.0025350197684, -0.00325803062879, 0.00526447268203, -0.00444460427389, 0.00338048464619, -0.000157906790264, 0.000123236372019, 0.00119063362945, 0.000540422159247], [-0.000221427806537, 0.00117641023826, 8.39096246636e-05, 0.00250713131391, -0.00256526935846, 0.00235977373086, -0.00444460427389, 0.00980826746672, -0.00580721534789, 0.00251192343421, 0.00275490712374, -0.00192258693278, 0.00350984302349], [0.000429763749707, -0.00185820704792, 0.000219031760935, -0.00216697040014, 0.00292713847011, -0.000747552432586, 0.00338048464619, -0.00580721534789, 0.00939776189625, -0.00510278437287, 0.0019245473668, 0.000540246721357, -0.000665142550133], [-0.000384170823963, 0.00222543161362, -0.000324552092934, 0.00234377081506, -0.0013438903261, 0.000800052133854, -0.000157906790264, 0.00251192343421, -0.00510278437287, 0.0124005237594, -0.00789045076817, 0.00276435655542, 0.00300930743106], [0.000532663951162, -0.00225662626326, 0.000457899994217, -0.00156701914966, 0.00189589872025, 0.000270207005087, 0.000123236372019, 0.00275490712374, 0.0019245473668, -0.00789045076817, 0.014163505286, -0.0078000118956, 0.00243808981031], [-0.000294952245895, 0.00159045576584, 0.000161054646014, 0.000992335611954, -0.000985856400803, 0.000420875003329, 0.00119063362945, -0.00192258693278, 0.000540246721357, 0.00276435655542, -0.0078000118956, 0.0131715359166, -0.00520051736385], [0.000320865598042, -0.000701051787473, 0.000131024498842, 0.000862897548359, 0.00122190534603, -0.00108748686034, 0.000540422159247, 0.00350984302349, -0.000665142550133, 0.00300930743106, 0.00243808981031, -0.00520051736385, 0.00947009585798]]}, "melbands": {"dmean": [0.00068509648554, 0.00149673770647, 0.000275777769275, 7.29495441192e-05, 0.000351891998434, 0.000649507332128, 0.00038237075205, 0.000526292948052, 0.000197888060939, 7.52296837163e-05, 6.77037824062e-05, 2.9464268664e-05, 5.84098506806e-06, 7.09985761205e-06, 6.69022892907e-06, 5.78810340812e-06, 4.37836024503e-06, 5.19606282978e-06, 4.86386807097e-06, 5.3056382967e-06, 4.29571264249e-06, 2.01242937692e-06, 8.20972047677e-07, 1.04569585346e-06, 7.53807910314e-07, 6.78495950979e-07, 6.17497846633e-07, 4.28525595453e-07, 6.89644139129e-07, 4.21677668783e-07, 4.44670092747e-07, 2.50608906072e-07, 1.49013843043e-07, 9.95209461507e-08, 1.15210411877e-07, 5.53647971913e-08, 5.00667098891e-08, 5.16816314189e-08, 3.24861488821e-08, 4.01845241527e-08], "dmean2": [0.00103427586146, 0.0020530668553, 0.000398593838327, 0.000113233007141, 0.000465824501589, 0.000926953973249, 0.000544238544535, 0.000879188301042, 0.000330457085511, 0.000105558450741, 9.35849457164e-05, 4.41502779722e-05, 1.04762739284e-05, 1.21506473079e-05, 1.21456150737e-05, 1.08431040644e-05, 8.16550891614e-06, 9.91324941424e-06, 9.27916335058e-06, 1.01307077784e-05, 8.0904646893e-06, 3.73819466404e-06, 1.44631417243e-06, 1.86288866644e-06, 1.35909476739e-06, 1.20459947084e-06, 1.07572714114e-06, 7.37506866244e-07, 1.13982844141e-06, 7.49259754684e-07, 7.73178271629e-07, 4.34096676827e-07, 2.58938570141e-07, 1.76559993292e-07, 2.05788850849e-07, 9.70228413166e-08, 8.92404656838e-08, 9.23888663351e-08, 6.09984738276e-08, 7.65115615309e-08], "dvar": [2.6846498713e-06, 1.26678851302e-05, 4.72642909699e-07, 3.89578431736e-08, 2.71332169177e-06, 5.91964817431e-06, 1.32047512125e-06, 3.66241670235e-06, 6.00435555498e-07, 8.713715971e-08, 8.17031917677e-08, 4.33208171557e-08, 7.86861131807e-10, 7.87188092488e-10, 7.81111564319e-10, 6.4743427286e-10, 3.39007794059e-10, 5.75185066243e-10, 7.50451312204e-10, 1.08739051097e-09, 1.68654767929e-09, 5.88384285738e-10, 1.2788355444e-11, 2.660546089e-11, 8.09357702386e-12, 5.58660799913e-12, 4.09901539794e-12, 1.46372096301e-12, 1.11530533073e-11, 2.15640417849e-12, 3.1317977725e-12, 5.70479536006e-13, 2.54074972866e-13, 1.63355751994e-13, 4.42364948925e-13, 2.9414906383e-14, 2.86039434868e-14, 3.92063565315e-14, 2.240189032e-14, 7.75562543332e-14], "dvar2": [6.59014858684e-06, 3.17265548802e-05, 1.245963972e-06, 1.01551435705e-07, 5.13525810675e-06, 1.18753287097e-05, 2.36285654864e-06, 9.88996544038e-06, 1.60704280461e-06, 1.98545706098e-07, 1.84018702498e-07, 1.0301572928e-07, 2.25625051975e-09, 1.99412286683e-09, 2.1810506734e-09, 1.85087134508e-09, 9.68990665484e-10, 1.67292724118e-09, 2.16480477988e-09, 3.12486236886e-09, 4.82581885564e-09, 1.68287328517e-09, 3.59360388669e-11, 7.55539034114e-11, 2.27521803481e-11, 1.53496469008e-11, 1.09215735414e-11, 3.74283026447e-12, 2.78647469681e-11, 5.79566472939e-12, 7.93427129553e-12, 1.48634251608e-12, 7.02512755e-13, 4.65015395981e-13, 1.28818700498e-12, 8.02417417993e-14, 7.96503433955e-14, 1.07907003374e-13, 6.49880878821e-14, 2.27960228819e-13], "max": [0.0222760401666, 0.0513988770545, 0.00916508585215, 0.00189070962369, 0.0288387164474, 0.0397222898901, 0.0201321877539, 0.0278401523829, 0.0110281463712, 0.00865613669157, 0.00712068611756, 0.00651793554425, 0.000657842785586, 0.000700206379406, 0.000608614704106, 0.000300262094242, 0.000190371283679, 0.000217307780986, 0.000674663635436, 0.000962167221587, 0.00157222314738, 0.000998163828626, 7.26750731701e-05, 8.77524362295e-05, 3.94889393647e-05, 2.66004117293e-05, 2.57954579865e-05, 1.09397660708e-05, 9.12660761969e-05, 2.46658219112e-05, 5.71992059122e-05, 2.00115409825e-05, 1.24618782138e-05, 7.19281206329e-06, 1.43921524796e-05, 2.25228336603e-06, 3.25443306792e-06, 2.85833266389e-06, 2.52185031968e-06, 5.33051479579e-06], "mean": [0.00197101011872, 0.00479789590463, 0.000600790313911, 9.40557001741e-05, 0.000483141571749, 0.00095943704946, 0.000572113029193, 0.000440930045443, 0.000284147623461, 0.00015629218251, 0.00011957850802, 3.64269362763e-05, 3.99910504711e-06, 5.29303360963e-06, 4.19008711106e-06, 3.39674079441e-06, 2.5769977583e-06, 2.9146219731e-06, 2.71231806437e-06, 2.94596634376e-06, 2.44726152232e-06, 1.18358229884e-06, 5.39816369383e-07, 6.93463789503e-07, 4.74334740375e-07, 4.4362499807e-07, 4.10828874919e-07, 2.99736257148e-07, 5.04973115767e-07, 2.74722793847e-07, 3.04193633838e-07, 1.68619465057e-07, 9.97194504748e-08, 6.45399467203e-08, 7.30450437914e-08, 3.717950392e-08, 3.23388782419e-08, 3.35291012732e-08, 1.89797635386e-08, 2.29680132691e-08], "median": [0.00123784586322, 0.00291688553989, 0.000255814113189, 2.62819739874e-05, 9.91635170067e-06, 2.23218430619e-05, 2.914824654e-05, 1.2592308849e-05, 7.75010448706e-06, 5.64906349609e-06, 2.53274129136e-06, 4.90743843784e-07, 4.69277665616e-08, 4.65546676764e-08, 2.86321171217e-08, 1.15345333285e-08, 7.17039494447e-09, 7.11185110802e-09, 3.80060649618e-09, 3.09012992972e-09, 4.36203073662e-09, 3.40023031953e-09, 2.08692574333e-09, 2.47974552003e-09, 1.89981586018e-09, 2.37180985962e-09, 1.916959258e-09, 1.13230225196e-09, 1.47164413988e-09, 8.03086319667e-10, 8.43883851687e-10, 6.40797359619e-10, 4.2181108606e-10, 2.60999277746e-10, 3.08512715375e-10, 1.83270371101e-10, 1.20252613423e-10, 1.0768083647e-10, 7.93725363213e-11, 1.02302416538e-10], "min": [1.23632276884e-23, 6.27813847015e-24, 4.02971212973e-24, 1.60629813896e-23, 1.35982706882e-23, 6.04908442328e-24, 6.84643307741e-24, 6.64545182914e-24, 1.26837426631e-23, 5.96367800294e-24, 7.09214352786e-24, 2.14537921531e-24, 5.06013210489e-24, 8.3887855203e-24, 1.01756966767e-23, 1.30406903898e-23, 3.6098677342e-24, 6.73127279588e-24, 7.31457705959e-24, 7.94221215072e-24, 1.04998727548e-23, 1.16593704901e-23, 1.53247558882e-23, 5.73179155099e-24, 8.22824759293e-24, 1.61888394139e-23, 1.30377676601e-23, 1.95538817996e-23, 1.16946846373e-23, 7.42098098507e-24, 6.84166362438e-24, 1.34816092044e-23, 1.41565175741e-23, 1.21129031905e-23, 1.18158765493e-23, 8.40564190013e-24, 1.00284778769e-23, 1.03330223625e-23, 8.93524682429e-24, 8.55626463479e-24], "var": [5.42504767509e-06, 3.17000994983e-05, 8.00238865395e-07, 3.90794205885e-08, 4.59198190583e-06, 1.01815139715e-05, 3.05142179968e-06, 2.61119566858e-06, 7.85936549619e-07, 2.2124129373e-07, 1.69950851614e-07, 5.46866267825e-08, 4.6479128879e-10, 6.66794452986e-10, 4.9086207321e-10, 3.71165903568e-10, 1.93066243548e-10, 3.11474179782e-10, 4.18463846907e-10, 6.12118911114e-10, 9.64554547345e-10, 3.36411232205e-10, 7.86289696547e-12, 1.59352461782e-11, 4.89148348562e-12, 3.62761665325e-12, 2.86022811338e-12, 1.10170986917e-12, 9.54536536618e-12, 1.47981735373e-12, 2.57213694788e-12, 4.31702443975e-13, 1.61229401141e-13, 9.5725090723e-14, 2.42626258711e-13, 1.9484434411e-14, 1.76640538812e-14, 2.53756383446e-14, 1.22485029931e-14, 4.10092898767e-14]}, "mfcc": {"mean": [-896.839477539, 178.874938965, 79.3287277222, 39.5360221863, -2.58056998253, -1.93279159069, 3.70103549957, 11.4101171494, 15.9043302536, 15.8855419159, 12.9582118988, 8.86449432373, 2.99608588219], "cov": [[13347.1884766, 162.281600952, -2548.08081055, -188.282852173, -826.042907715, 633.043273926, 284.601531982, 150.06578064, -5.20200967789, 99.796661377, 43.9337120056, 137.354904175, -92.0551147461], [162.281600952, 2346.1796875, 1531.30578613, 458.581817627, 177.876068115, -38.3540458679, 64.6787872314, 77.6270904541, 110.173675537, 111.165611267, 89.662940979, -27.690038681, -36.4252738953], [-2548.08081055, 1531.30578613, 2181.66503906, 800.550720215, 469.210632324, -38.5606880188, -190.086624146, -222.36416626, -140.591308594, -76.1114654541, -29.2249031067, -45.5486297607, 30.9851016998], [-188.282852173, 458.581817627, 800.550720215, 770.370178223, 461.01550293, 184.842346191, -98.7582778931, -184.069091797, -179.345016479, -87.4811096191, -16.5996799469, 47.7714233398, 81.0595092773], [-826.042907715, 177.876068115, 469.210632324, 461.01550293, 725.694885254, 209.108291626, -73.2758712769, -155.971786499, -128.684646606, -130.426330566, -43.481262207, 0.846128046513, 94.2201080322], [633.043273926, -38.3540458679, -38.5606880188, 184.842346191, 209.108291626, 415.682830811, 239.505340576, 39.1357154846, -40.2965202332, -96.4760131836, -120.57094574, -62.4088249207, -36.2175102234], [284.601531982, 64.6787872314, -190.086624146, -98.7582778931, -73.2758712769, 239.505340576, 602.40411377, 470.557891846, 298.024902344, 90.4842910767, -75.2352523804, -146.876571655, -164.721191406], [150.06578064, 77.6270904541, -222.36416626, -184.069091797, -155.971786499, 39.1357154846, 470.557891846, 681.323120117, 541.875244141, 212.416870117, -21.4688587189, -128.952651978, -204.736755371], [-5.20200967789, 110.173675537, -140.591308594, -179.345016479, -128.684646606, -40.2965202332, 298.024902344, 541.875244141, 583.279541016, 296.142944336, 43.2894630432, -89.1891784668, -183.088043213], [99.796661377, 111.165611267, -76.1114654541, -87.4811096191, -130.426330566, -96.4760131836, 90.4842910767, 212.416870117, 296.142944336, 339.255004883, 181.168548584, 17.4348182678, -59.2803497314], [43.9337120056, 89.662940979, -29.2249031067, -16.5996799469, -43.481262207, -120.57094574, -75.2352523804, -21.4688587189, 43.2894630432, 181.168548584, 300.780883789, 197.313674927, 72.1228256226], [137.354904175, -27.690038681, -45.5486297607, 47.7714233398, 0.846128046513, -62.4088249207, -146.876571655, -128.952651978, -89.1891784668, 17.4348182678, 197.313674927, 313.057342529, 172.573730469], [-92.0551147461, -36.4252738953, 30.9851016998, 81.0595092773, 94.2201080322, -36.2175102234, -164.721191406, -204.736755371, -183.088043213, -59.2803497314, 72.1228256226, 172.573730469, 235.523040771]], "icov": [[0.000267710274784, -0.000465323828394, 0.000768402765971, -0.00056909606792, 0.000487244513351, -0.000583803514019, 0.000409917673096, -4.93508696309e-06, -3.48900684912e-05, 5.76239945076e-05, -9.68470340013e-06, 7.02909892425e-05, 6.39932404738e-05], [-0.000465323828394, 0.00171792274341, -0.00207808031701, 0.00107348384336, -0.000672202964779, 0.000874939782079, -0.00087352929404, -0.000120582481031, -1.40673437272e-05, -0.000104250415461, -0.000457906920929, 3.22104679071e-05, -0.000245106173679], [0.000768402765971, -0.00207808031701, 0.00374177074991, -0.00286935386248, 0.00117876392324, -0.000641413033009, 0.000836324412376, 0.000787707860582, -0.000647583627142, 0.000610726419836, 0.000211368940654, 0.000464424985694, 0.000418968207669], [-0.00056909606792, 0.00107348384336, -0.00286935386248, 0.00509847188368, -0.00239499029703, -0.000543111469597, 0.000279980653431, -0.00160620850511, 0.00227287318558, -0.00202150130644, 0.000950994261075, -0.00148506090045, 0.00029547396116], [0.000487244513351, -0.000672202964779, 0.00117876392324, -0.00239499029703, 0.00401269877329, -0.00255237752572, 0.00129405630287, 0.000689183187205, -0.00217936071567, 0.00232063070871, -0.00202505569905, 0.00215895893052, -0.00180980667938], [-0.000583803514019, 0.000874939782079, -0.000641413033009, -0.000543111469597, -0.00255237752572, 0.00827788375318, -0.00552014447749, 0.00280410260893, -0.000260509375948, -2.56525854638e-05, 0.00242413859814, -0.00186101812869, 0.00146161671728], [0.000409917673096, -0.00087352929404, 0.000836324412376, 0.000279980653431, 0.00129405630287, -0.00552014447749, 0.00825425796211, -0.00668890448287, 0.00306354672648, -0.000975861563347, -0.000896013574675, 0.00146739988122, -0.000254412239883], [-4.93508696309e-06, -0.000120582481031, 0.000787707860582, -0.00160620850511, 0.000689183187205, 0.00280410260893, -0.00668890448287, 0.0134115582332, -0.010974525474, 0.00412446027622, -0.000555274775252, 0.000260290951701, 5.06348696945e-05], [-3.48900684912e-05, -1.40673437272e-05, -0.000647583627142, 0.00227287318558, -0.00217936071567, -0.000260509375948, 0.00306354672648, -0.010974525474, 0.0154697885737, -0.00958347320557, 0.0045836949721, -0.003384987358, 0.00341173727065], [5.76239945076e-05, -0.000104250415461, 0.000610726419836, -0.00202150130644, 0.00232063070871, -2.56525854638e-05, -0.000975861563347, 0.00412446027622, -0.00958347320557, 0.0140554141253, -0.00984803307801, 0.00562274130061, -0.00242408923805], [-9.68470340013e-06, -0.000457906920929, 0.000211368940654, 0.000950994261075, -0.00202505569905, 0.00242413859814, -0.000896013574675, -0.000555274775252, 0.0045836949721, -0.00984803307801, 0.014652502723, -0.00942800659686, 0.00314951594919], [7.02909892425e-05, 3.22104679071e-05, 0.000464424985694, -0.00148506090045, 0.00215895893052, -0.00186101812869, 0.00146739988122, 0.000260290951701, -0.003384987358, 0.00562274130061, -0.00942800659686, 0.0122473472729, -0.00671786628664], [6.39932404738e-05, -0.000245106173679, 0.000418968207669, 0.00029547396116, -0.00180980667938, 0.00146161671728, -0.000254412239883, 5.06348696945e-05, 0.00341173727065, -0.00242408923805, 0.00314951594919, -0.00671786628664, 0.0108909467235]]}, "spectral_contrast_coeffs": {"dmean": [0.0515002980828, 0.0692240297794, 0.0533370897174, 0.0280369669199, 0.0273795500398, 0.0400371365249], "dmean2": [0.0791774839163, 0.106418676674, 0.0814138427377, 0.0446049757302, 0.0426207892597, 0.0556269958615], "dvar": [0.0029346246738, 0.00487395329401, 0.0029023217503, 0.000655009702314, 0.000605136970989, 0.00152468541637], "dvar2": [0.00660257413983, 0.0105037856847, 0.00620393827558, 0.00148719002027, 0.00144303403795, 0.0023910345044], "max": [-0.284256100655, -0.215858384967, -0.387084543705, -0.542467415333, -0.641195058823, -0.605654776096], "mean": [-0.570078253746, -0.588698744774, -0.717936873436, -0.858298182487, -0.844546198845, -0.839919984341], "median": [-0.550597071648, -0.576206445694, -0.740925073624, -0.868477344513, -0.855449914932, -0.839775919914], "min": [-0.958570480347, -0.98066431284, -0.987676024437, -0.980445742607, -0.964197397232, -0.96604591608], "var": [0.0144762210548, 0.019396841526, 0.0187088698149, 0.00264138355851, 0.00332541158423, 0.00551696820185]}, "spectral_contrast_valleys": {"dmean": [0.679763317108, 0.888631939888, 1.01024067402, 1.08172953129, 1.25972104073, 1.23023426533], "dmean2": [0.979450643063, 1.31506860256, 1.45008742809, 1.47311115265, 1.60310769081, 1.67855465412], "dvar": [0.63927179575, 0.983071744442, 1.17029213905, 1.4386934042, 1.55278980732, 1.07439768314], "