{"lowlevel": {"average_loudness": 0.95774513483, "barkbands_crest": {"dmean": 3.00037956238, "dmean2": 4.17010879517, "dvar": 11.021071434, "dvar2": 18.1491260529, "max": 26.7516040802, "mean": 15.0330085754, "median": 14.94627285, "min": 2.62547540665, "var": 47.475566864}, "barkbands_flatness_db": {"dmean": 0.0401279553771, "dmean2": 0.0519804880023, "dvar": 0.00177190464456, "dvar2": 0.00277066370472, "max": 0.718810796738, "mean": 0.181880295277, "median": 0.16510130465, "min": 0.0192167088389, "var": 0.00983949843794}, "barkbands_kurtosis": {"dmean": 20.3947601318, "dmean2": 29.4044322968, "dvar": 5695.68310547, "dvar2": 13072.2578125, "max": 4293.20117188, "mean": 34.8801727295, "median": 6.06601047516, "min": -1.97406566143, "var": 8669.33984375}, "barkbands_skewness": {"dmean": 1.34425997734, "dmean2": 1.79082381725, "dvar": 3.24084424973, "dvar2": 5.59851646423, "max": 55.2355194092, "mean": 3.70820856094, "median": 2.37905311584, "min": -3.46109747887, "var": 13.1392431259}, "barkbands_spread": {"dmean": 8.6077671051, "dmean2": 11.9408130646, "dvar": 115.613777161, "dvar2": 214.695098877, "max": 96.5562438965, "mean": 19.3814601898, "median": 14.1496105194, "min": 0.0674268826842, "var": 303.730712891}, "dissonance": {"dmean": 0.0141990147531, "dmean2": 0.0240314789116, "dvar": 0.000229964716709, "dvar2": 0.000605583481956, "max": 0.500000119209, "mean": 0.477697432041, "median": 0.482973217964, "min": 0.265724182129, "var": 0.000408402062021}, "dynamic_complexity": 3.07489109039, "erbbands_crest": {"dmean": 2.26309418678, "dmean2": 3.6514954567, "dvar": 5.67039585114, "dvar2": 13.6490411758, "max": 29.6364173889, "mean": 7.35947942734, "median": 6.2973780632, "min": 2.03052997589, "var": 13.723818779}, "erbbands_flatness_db": {"dmean": 0.0205209590495, "dmean2": 0.0307243093848, "dvar": 0.00046344846487, "dvar2": 0.000964110542554, "max": 0.495046526194, "mean": 0.132240325212, "median": 0.113412365317, "min": 0.0442091301084, "var": 0.00388711644337}, "erbbands_kurtosis": {"dmean": 1.19186711311, "dmean2": 1.7994736433, "dvar": 16.2912368774, "dvar2": 28.3093585968, "max": 274.55078125, "mean": 0.480872422457, "median": -0.339259624481, "min": -1.92117190361, "var": 35.6936683655}, "erbbands_skewness": {"dmean": 0.436066746712, "dmean2": 0.636099874973, "dvar": 0.194065019488, "dvar2": 0.395667463541, "max": 13.487455368, "mean": 0.0998148992658, "median": 0.0680604726076, "min": -6.80759048462, "var": 0.87619715929}, "erbbands_spread": {"dmean": 11.8832778931, "dmean2": 17.3438682556, "dvar": 140.368789673, "dvar2": 293.525268555, "max": 206.137054443, "mean": 49.9649009705, "median": 47.4735031128, "min": 1.35854160786, "var": 549.283203125}, "hfc": {"dmean": 10.3014583588, "dmean2": 15.3344554901, "dvar": 277.856109619, "dvar2": 678.889404297, "max": 182.803466797, "mean": 15.1546869278, "median": 8.14333057404, "min": 1.20328468166e-16, "var": 335.378173828}, "melbands_crest": {"dmean": 4.1091799736, "dmean2": 5.7939081192, "dvar": 18.3322162628, "dvar2": 38.0786209106, "max": 39.4765052795, "mean": 22.5909385681, "median": 23.0448436737, "min": 2.49709153175, "var": 96.3330078125}, "melbands_flatness_db": {"dmean": 0.0479417107999, "dmean2": 0.0608027651906, "dvar": 0.00245090806857, "dvar2": 0.0038218437694, "max": 0.870380699635, "mean": 0.266813129187, "median": 0.25330427289, "min": 0.00526840705425, "var": 0.01408155635}, "melbands_kurtosis": {"dmean": 46.921962738, "dmean2": 66.9124069214, "dvar": 22555.5957031, "dvar2": 56213.1328125, "max": 8533.5546875, "mean": 87.8115158081, "median": 21.1512107849, "min": -1.91005301476, "var": 40147.84375}, "melbands_skewness": {"dmean": 1.80201935768, "dmean2": 2.45374488831, "dvar": 5.21189165115, "dvar2": 9.11091518402, "max": 49.7124176025, "mean": 5.90093708038, "median": 4.09183454514, "min": -1.11250019073, "var": 25.2036399841}, "melbands_spread": {"dmean": 8.59813308716, "dmean2": 12.4006261826, "dvar": 148.650772095, "dvar2": 292.82333374, "max": 206.73600769, "mean": 17.4490699768, "median": 10.9497509003, "min": 0.0174548178911, "var": 397.363037109}, "pitch_salience": {"dmean": 0.103492759168, "dmean2": 0.151401624084, "dvar": 0.0145573150367, "dvar2": 0.0276723317802, "max": 0.913902461529, "mean": 0.398761570454, "median": 0.399684160948, "min": 0.00262789055705, "var": 0.0513733364642}, "silence_rate_20dB": {"dmean": 0, "dmean2": 0, "dvar": 0, "dvar2": 0, "max": 1, "mean": 1, "median": 1, "min": 1, "var": 0}, "silence_rate_30dB": {"dmean": 0.118700742722, "dmean2": 0.237429827452, "dvar": 0.104615725577, "dvar2": 0.210931271315, "max": 1, "mean": 0.870567142963, "median": 1, "min": 0, "var": 0.112668767571}, "silence_rate_60dB": {"dmean": 0.0324814915657, "dmean2": 0.0649707391858, "dvar": 0.0314247794449, "dvar2": 0.0724473968148, "max": 1, "mean": 0.053492538631, "median": 0, "min": 0, "var": 0.0506372563541}, "spectral_centroid": {"dmean": 366.157043457, "dmean2": 533.121765137, "dvar": 158081.40625, "dvar2": 304121.34375, "max": 11013.7773438, "mean": 1409.37341309, "median": 1282.61120605, "min": 50.3390350342, "var": 559071.0625}, "spectral_complexity": {"dmean": 5.83209943771, "dmean2": 8.41156101227, "dvar": 52.8258514404, "dvar2": 89.2578201294, "max": 61, "mean": 14.8217315674, "median": 12, "min": 0, "var": 120.446670532}, "spectral_decrease": {"dmean": 4.4547414646e-09, "dmean2": 6.21219609087e-09, "dvar": 3.89485833093e-17, "dvar2": 7.88362482244e-17, "max": 3.35304381131e-22, "mean": -1.14669456153e-08, "median": -6.23635898478e-09, "min": -5.72606815297e-08, "var": 1.25156953012e-16}, "spectral_energy": {"dmean": 0.017248345539, "dmean2": 0.0243349857628, "dvar": 0.000584270514082, "dvar2": 0.00118426757399, "max": 0.218234270811, "mean": 0.0446534492075, "median": 0.0252064522356, "min": 1.09222357876e-20, "var": 0.00183349661529}, "spectral_energyband_high": {"dmean": 0.000600758765358, "dmean2": 0.000887304486241, "dvar": 9.64543119153e-07, "dvar2": 2.07442099054e-06, "max": 0.0211678054184, "mean": 0.000702932185959, "median": 0.000220499947318, "min": 7.82784439672e-21, "var": 1.4708806475e-06}, "spectral_energyband_low": {"dmean": 0.0154289733618, "dmean2": 0.020575536415, "dvar": 0.000510405516252, "dvar2": 0.00106132391375, "max": 0.205326005816, "mean": 0.0351255685091, "median": 0.0137323159724, "min": 1.24831419613e-22, "var": 0.00162784731947}, "spectral_energyband_middle_high": {"dmean": 0.00218352349475, "dmean2": 0.00334635190666, "dvar": 1.53397486429e-05, "dvar2": 3.65183623217e-05, "max": 0.0641807466745, "mean": 0.00293929758482, "median": 0.00115219131112, "min": 1.3858383246e-21, "var": 1.96164783119e-05}, "spectral_energyband_middle_low": {"dmean": 0.00598419737071, "dmean2": 0.0106106959283, "dvar": 0.000234297767747, "dvar2": 0.00066341314232, "max": 0.0978651642799, "mean": 0.00660784775391, "median": 0.0030179573223, "min": 4.73931879882e-22, "var": 0.000155451125465}, "spectral_entropy": {"dmean": 0.228110402822, "dmean2": 0.329326927662, "dvar": 0.0562588274479, "dvar2": 0.113799929619, "max": 9.80452346802, "mean": 7.71160173416, "median": 7.76924848557, "min": 4.43676614761, "var": 0.240374848247}, "spectral_flux": {"dmean": 0.0405019670725, "dmean2": 0.0578346960247, "dvar": 0.002631544834, "dvar2": 0.00392711581662, "max": 0.40100774169, "mean": 0.0955956056714, "median": 0.0682833641768, "min": 1.04509498278e-10, "var": 0.00666057504714}, "spectral_kurtosis": {"dmean": 2.14302539825, "dmean2": 3.41173315048, "dvar": 12.1502046585, "dvar2": 33.7531738281, "max": 56.4833030701, "mean": 4.81226587296, "median": 3.71532249451, "min": -1.18044865131, "var": 21.5871486664}, "spectral_rms": {"dmean": 0.00123799277935, "dmean2": 0.0016941857757, "dvar": 2.34625417761e-06, "dvar2": 4.26305950896e-06, "max": 0.0145914871246, "mean": 0.0057835476473, "median": 0.00495899794623, "min": 3.26432847766e-12, "var": 1.01150944829e-05}, "spectral_rolloff": {"dmean": 627.607116699, "dmean2": 1015.6451416, "dvar": 1278727.375, "dvar2": 2570671.75, "max": 19573.6816406, "mean": 1043.65515137, "median": 473.73046875, "min": 43.06640625, "var": 2031862.25}, "spectral_skewness": {"dmean": 0.289224356413, "dmean2": 0.429065346718, "dvar": 0.106997936964, "dvar2": 0.2667093575, "max": 4.94410514832, "mean": 1.57484042645, "median": 1.50965118408, "min": -0.552965164185, "var": 0.332455009222}, "spectral_spread": {"dmean": 970390.5625, "dmean2": 1454444.375, "dvar": 1174007971840.0, "dvar2": 2325330264060.0, "max": 40233400, "mean": 5209019, "median": 5200592, "min": 1034574.9375, "var": 3760204283900.0}, "spectral_strongpeak": {"dmean": 0.277199834585, "dmean2": 0.458204835653, "dvar": 0.41448122263, "dvar2": 1.07659077644, "max": 16.0357894897, "mean": 0.508789598942, "median": 0.372168660164, "min": 0, "var": 0.400284707546}, "zerocrossingrate": {"dmean": 0.0151927536353, "dmean2": 0.0170117001981, "dvar": 0.000324708293192, "dvar2": 0.000351984490408, "max": 0.51025390625, "mean": 0.0467316359282, "median": 0.03857421875, "min": 0.00146484375, "var": 0.00149692932609}, "barkbands": {"dmean": [0.00160848733503, 0.013590448536, 0.00404008245096, 0.0017829897115, 0.00215431582183, 0.00143984612077, 0.000522241170984, 0.000382593716495, 0.000398535397835, 0.000248274533078, 0.000127918610815, 0.00025295370142, 0.000222325965296, 0.000279649073491, 0.000376137875719, 0.000319973012665, 0.000342372979503, 0.000258450018009, 0.000178199523361, 0.000149062776472, 9.84374491964e-05, 0.000106507039163, 0.000115463328257, 9.91315973806e-05, 7.99627887318e-05, 4.60355222458e-05, 1.77866422746e-05], "dmean2": [0.00209017377347, 0.0194235518575, 0.007180493325, 0.00336306751706, 0.00390702672303, 0.00249344110489, 0.000842782552354, 0.000631471863016, 0.000675692106597, 0.000416906113969, 0.000204716430744, 0.000419712305302, 0.000356216100045, 0.000443791679572, 0.000599544204306, 0.0005267324741, 0.00057314633159, 0.000413543370087, 0.000288106413791, 0.000232383361435, 0.000149865882122, 0.000156361304107, 0.000175189401489, 0.000148311140947, 0.000126447106595, 7.36367728678e-05, 3.13101845677e-05], "dvar": [8.2274673332e-06, 0.000526994583197, 0.000133791851113, 2.95256249956e-05, 3.94598318962e-05, 1.35943755595e-05, 1.69390114024e-06, 1.42163605688e-06, 1.08591825665e-06, 4.12725569277e-07, 7.57218430181e-08, 3.93543331256e-07, 2.52722003324e-07, 3.17112949233e-07, 6.10454208072e-07, 5.05049342792e-07, 6.48433285733e-07, 3.04694140141e-07, 3.30994453179e-07, 8.49987671359e-08, 6.89640557994e-08, 4.0114748856e-08, 4.09514946398e-08, 2.76174993985e-08, 1.85825861365e-08, 1.10647704332e-08, 2.336821181e-09], "dvar2": [2.09440549952e-05, 0.00122637557797, 0.000361923477612, 8.56540427776e-05, 0.000111877125164, 3.71230889868e-05, 4.3319055294e-06, 3.53054633706e-06, 2.5574445317e-06, 9.3874933782e-07, 1.89393588812e-07, 9.61169803304e-07, 6.02906595759e-07, 7.60263390021e-07, 1.49937125116e-06, 1.28482861328e-06, 1.70705550318e-06, 7.14554005299e-07, 8.43695886488e-07, 1.87859839684e-07, 1.39372644981e-07, 8.46654373277e-08, 9.1201172836e-08, 6.14322885895e-08, 4.58135360759e-08, 2.49099230132e-08, 6.41052944061e-09], "max": [0.025409348309, 0.194318413734, 0.0703556984663, 0.0393006131053, 0.045233309269, 0.0382054448128, 0.0663820207119, 0.0413022860885, 0.0281352736056, 0.0352399498224, 0.0060661137104, 0.0223969519138, 0.00920527707785, 0.00720394402742, 0.00875391345471, 0.00796103384346, 0.0127531737089, 0.00885093677789, 0.0202554706484, 0.011960263364, 0.0143430065364, 0.00635361345485, 0.00578639796004, 0.00321313994937, 0.00166112079751, 0.00377506879158, 0.000488761579618], "mean": [0.00275885709561, 0.0287962760776, 0.00292654521763, 0.0013761559967, 0.0018112360267, 0.00143937696703, 0.000864463800099, 0.00046594417654, 0.000502347887959, 0.000317001657095, 0.000167340796907, 0.000277656043181, 0.000275594968116, 0.000317735277349, 0.000405719765695, 0.000312951742671, 0.000340705446433, 0.00028006976936, 0.000219148088945, 0.000189598184079, 0.000113313712063, 0.000125625228975, 0.0001237532706, 0.000105942461232, 8.19818378659e-05, 4.57412825199e-05, 1.25118949654e-05], "median": [0.00067488377681, 0.00908788107336, 0.000290453637717, 0.00024032217334, 0.000535301864147, 0.000388708576793, 0.000413435802329, 0.000143677039887, 0.000172626008862, 0.000123380319565, 5.74521254748e-05, 8.18818589323e-05, 6.82665558998e-05, 9.36275464483e-05, 0.000103653452243, 5.61120323255e-05, 8.27427211334e-05, 5.40790315426e-05, 5.22274167452e-05, 6.24611784588e-05, 2.21966747631e-05, 3.10463656206e-05, 3.07859845634e-05, 2.34595263464e-05, 2.28455082834e-05, 1.14494778245e-05, 9.09463039989e-07], "min": [9.32735408154e-24, 3.19482986816e-23, 5.58699818288e-23, 5.91204611006e-23, 7.75113142236e-23, 9.75568125615e-23, 3.85747334409e-23, 7.52811602683e-23, 1.08897174012e-22, 4.77513567138e-23, 7.00646124287e-23, 1.21693040631e-22, 1.12277726981e-22, 1.38693561119e-22, 7.03266846432e-23, 1.87012642093e-22, 9.78471638618e-23, 1.68310277265e-22, 1.66763756481e-22, 3.02897747953e-22, 5.96279233303e-22, 6.02644545636e-22, 5.56142242881e-22, 8.12225980735e-22, 1.31981937586e-21, 1.89664073016e-21, 2.20585986667e-21], "var": [1.80092574738e-05, 0.00128425878938, 8.93222313607e-05, 1.66737554537e-05, 2.40738081629e-05, 1.06211082311e-05, 2.17591195906e-06, 1.53786788815e-06, 1.68623989794e-06, 7.04582362232e-07, 9.93300517393e-08, 4.70736068792e-07, 3.77748278879e-07, 3.66464036006e-07, 6.56397844523e-07, 4.85015448248e-07, 5.49166941255e-07, 3.40429380685e-07, 4.44884165063e-07, 1.38352817203e-07, 1.57146828883e-07, 6.41629398501e-08, 5.31442694296e-08, 3.53960842858e-08, 1.9318600053e-08, 1.60671369542e-08, 1.60761937096e-09]}, "erbbands": {"dmean": [0.558663487434, 2.78820776939, 4.69199991226, 5.19591665268, 6.97600317001, 6.73099994659, 8.7059135437, 12.8658828735, 8.37220573425, 7.05232906342, 8.26459407806, 9.12690353394, 9.80117702484, 4.73100137711, 5.52917098999, 10.953578949, 9.99307346344, 10.7178878784, 18.3579826355, 18.749628067, 18.7922115326, 18.5902729034, 14.6573762894, 11.2639074326, 8.62124538422, 6.04590034485, 4.33021593094, 4.09670114517, 3.63006329536, 3.61689519882, 3.18070650101, 2.73839831352, 1.35170447826, 0.821297168732, 0.612798929214, 0.237171411514, 0.0795198827982, 0.0224600546062, 0.00280283065513, 0.000152527718456], "dmean2": [0.705371320248, 3.86586952209, 7.46843290329, 9.49997806549, 12.7867746353, 12.0590620041, 15.4204111099, 22.1482219696, 13.7008275986, 11.3315935135, 13.7868652344, 15.3061304092, 16.6241836548, 7.70288562775, 8.69098758698, 18.2400512695, 16.0557117462, 16.7295055389, 29.5196228027, 30.0764102936, 31.0384063721, 30.5496997833, 23.5574054718, 18.3978996277, 13.8536653519, 9.37774372101, 6.60479545593, 6.32701826096, 5.49513721466, 5.29813289642, 4.86348342896, 4.22230911255, 1.99970400333, 1.27643239498, 1.00152158737, 0.372545778751, 0.129316613078, 0.0386002846062, 0.00486179348081, 0.000263063702732], "dvar": [0.629118680954, 31.0609111786, 147.931655884, 228.820556641, 437.201538086, 370.773986816, 447.553344727, 1287.02734375, 326.996398926, 427.377166748, 570.889465332, 609.730712891, 738.156433105, 95.3683700562, 156.283416748, 748.570251465, 560.652954102, 403.936218262, 1424.37451172, 1568.37512207, 1924.50012207, 1745.9486084, 1019.90100098, 1137.17480469, 575.024963379, 97.0881118774, 110.889533997, 146.600112915, 58.1347579956, 33.5406723022, 34.1903915405, 24.3094539642, 4.90898036957, 1.87939381599, 1.27390170097, 0.336578935385, 0.0281106568873, 0.00265624234453, 5.60506086913e-05, 1.75753527287e-07], "dvar2": [1.34858107567, 66.724937439, 365.279693604, 644.371520996, 1250.67407227, 1044.27868652, 1240.46557617, 3466.39599609, 861.440490723, 1038.31347656, 1413.15380859, 1392.6159668, 1754.24243164, 232.67388916, 377.687011719, 1832.3026123, 1376.82397461, 924.756652832, 3597.12646484, 3862.14672852, 5014.68554688, 4472.51123047, 2388.42675781, 3082.02294922, 1375.95397949, 219.978775024, 263.74911499, 340.916870117, 123.035598755, 68.4021453857, 76.7837371826, 55.1519470215, 10.8829860687, 4.26047945023, 3.36128759384, 0.737159252167, 0.0680479034781, 0.00736099621281, 0.000151894069859, 4.75323673754e-07], "max": [8.15438461304, 44.8188819885, 82.6669540405, 104.538864136, 145.931518555, 187.930282593, 229.462783813, 391.044311523, 552.227966309, 789.987670898, 873.012939453, 675.171630859, 1456.38928223, 473.348754883, 435.629943848, 718.990478516, 401.246246338, 331.964813232, 352.041015625, 364.908416748, 585.150024414, 667.858032227, 492.877502441, 1284.90234375, 800.82623291, 270.66305542, 636.665222168, 504.622711182, 306.125183105, 105.232818604, 209.511474609, 82.6968994141, 54.0755653381, 26.5961818695, 9.89738845825, 22.5669612885, 4.53701257706, 0.37825769186, 0.0860459059477, 0.00511999102309], "mean": [1.28399586678, 4.55991506577, 4.23569202423, 4.13137960434, 5.52153635025, 5.74333953857, 8.5367641449, 12.9326276779, 12.3073358536, 11.2578010559, 9.83708763123, 12.244644165, 11.859828949, 6.61981534958, 7.29605865479, 11.9157867432, 12.2997732162, 13.7218751907, 20.1462173462, 19.8388996124, 18.3546791077, 19.1728782654, 15.7899627686, 12.7118625641, 11.3127164841, 8.06663990021, 5.13468551636, 4.559466362, 4.13704824448, 4.38650512695, 3.33917212486, 2.7099647522, 1.52799987793, 0.90955466032, 0.582910895348, 0.24875189364, 0.0747576877475, 0.0174482222646, 0.00205411110073, 0.000147411425132], "median": [0.375477284193, 1.28902435303, 0.660859107971, 0.934190571308, 1.24711823463, 1.63416564465, 2.71771144867, 3.29926109314, 5.74954271317, 5.14794015884, 3.34682631493, 4.20285463333, 4.24708890915, 2.68507194519, 2.80458068848, 3.59977197647, 3.5510737896, 4.54452085495, 5.53942155838, 4.95844697952, 3.38391661644, 4.66960144043, 3.46294021606, 2.82135272026, 2.96835613251, 2.90118837357, 1.31803154945, 0.843028903008, 0.93892711401, 1.28013169765, 0.795981347561, 0.482628792524, 0.405781149864, 0.262893438339, 0.151888206601, 0.0682825818658, 0.0162208322436, 0.00244359974749, 0.000190243197721, 5.71073360334e-05], "min": [7.28543767371e-22, 8.67959970517e-21, 4.86564309163e-20, 1.54305644812e-19, 2.13757584053e-19, 2.52747646954e-19, 4.64890807096e-19, 9.7983420966e-19, 5.28448470233e-19, 5.87530000581e-19, 2.35419490081e-18, 1.74309888647e-18, 2.25555754188e-18, 2.23537061262e-18, 3.19603315382e-18, 5.3430358548e-18, 4.91417538083e-18, 6.73970715804e-18, 5.65965081479e-18, 6.39682342335e-18, 8.45688034296e-18, 6.23151840896e-18, 8.67025489069e-18, 6.7838810843e-18, 1.13227898502e-17, 1.67588214854e-17, 2.21066070113e-17, 2.0287818824e-17, 2.15443045201e-17, 1.86962141376e-17, 1.62864517248e-17, 1.78388546676e-17, 1.26162745079e-17, 1.3499153327e-17, 1.02006606195e-17, 6.1600603438e-18, 3.71088732428e-18, 1.24535959988e-18, 3.09844434971e-19, 3.47851774993e-20], "var": [2.68109464645, 51.2712059021, 129.804748535, 140.153259277, 258.203887939, 233.290863037, 343.238372803, 1016.94665527, 405.845916748, 499.482910156, 666.280395508, 1060.56994629, 1009.60241699, 182.622772217, 213.512039185, 852.999206543, 758.04095459, 551.346496582, 1497.08105469, 1575.76904297, 1771.95068359, 1579.40783691, 1125.17138672, 1213.89672852, 925.979614258, 167.468765259, 183.266159058, 278.61895752, 93.9776077271, 51.1626281738, 43.7564277649, 28.1777248383, 6.64162921906, 2.27343225479, 1.1206895113, 0.525786876678, 0.0342763252556, 0.00187234464101, 4.0365041059e-05, 1.3243210617e-07]}, "gfcc": {"mean": [-25.4406318665, 85.9950866699, -98.9602890015, 35.0564575195, -41.0100288391, 15.0954151154, -31.7681312561, 15.2031850815, -11.8345870972, 10.4067049026, -7.77224969864, 4.75050163269, -7.19409322739], "cov": [[7517.77099609, -2175.75146484, 694.634643555, 327.216766357, -383.231048584, 710.205322266, -619.659240723, 107.727012634, -268.500244141, 177.063537598, -309.892913818, 134.506820679, -266.655639648], [-2175.75146484, 2457.04858398, -739.984802246, -354.054290771, 432.447265625, -776.474853516, 374.856445312, -207.6043396, 139.74130249, -164.677246094, 212.447067261, -141.063110352, 138.108108521], [694.634643555, -739.984802246, 1375.63598633, 330.942993164, 120.930526733, 719.255554199, -38.4061813354, 290.634338379, 131.208557129, 220.439712524, 32.300655365, 132.492965698, -9.35318374634], [327.216766357, -354.054290771, 330.942993164, 538.950805664, 210.92036438, 291.044616699, 145.983062744, 134.010360718, 82.7691650391, 90.9600067139, 54.3122253418, 29.4600601196, 7.38155889511], [-383.231048584, 432.447265625, 120.930526733, 210.92036438, 542.838012695, 58.3318557739, 252.778305054, 72.5816650391, 124.166793823, 33.3038215637, 116.643295288, -17.5210094452, 40.3024215698], [710.205322266, -776.474853516, 719.255554199, 291.044616699, 58.3318557739, 699.841064453, -6.36019420624, 221.256286621, 84.2205657959, 184.736419678, 27.2508869171, 104.201805115, -28.189666748], [-619.659240723, 374.856445312, -38.4061813354, 145.983062744, 252.778305054, -6.36019420624, 406.674407959, 78.4607620239, 79.1429443359, 0.0976887568831, 110.190795898, 4.69648218155, 53.9422607422], [107.727012634, -207.6043396, 290.634338379, 134.010360718, 72.5816650391, 221.256286621, 78.4607620239, 222.114364624, 88.4560317993, 86.2776870728, 47.7762680054, 65.1879882812, 18.4276981354], [-268.500244141, 139.74130249, 131.208557129, 82.7691650391, 124.166793823, 84.2205657959, 79.1429443359, 88.4560317993, 170.265380859, 59.1880531311, 67.4938049316, 28.4345932007, 48.5492973328], [177.063537598, -164.677246094, 220.439712524, 90.9600067139, 33.3038215637, 184.736419678, 0.0976887568831, 86.2776870728, 59.1880531311, 158.814620972, 59.9308395386, 44.1494979858, 18.8903884888], [-309.892913818, 212.447067261, 32.300655365, 54.3122253418, 116.643295288, 27.2508869171, 110.190795898, 47.7762680054, 67.4938049316, 59.9308395386, 130.731018066, 41.7040672302, 52.0943069458], [134.506820679, -141.063110352, 132.492965698, 29.4600601196, -17.5210094452, 104.201805115, 4.69648218155, 65.1879882812, 28.4345932007, 44.1494979858, 41.7040672302, 95.2707824707, 33.0094108582], [-266.655639648, 138.108108521, -9.35318374634, 7.38155889511, 40.3024215698, -28.189666748, 53.9422607422, 18.4276981354, 48.5492973328, 18.8903884888, 52.0943069458, 33.0094108582, 86.1541595459]], "icov": [[0.000218119894271, 3.98099873564e-05, 3.86579995393e-05, -0.000141327342135, -0.000102134763438, -2.06126587727e-05, 0.000199560410692, -9.57186875894e-06, 0.000241921952693, -0.000281675631413, 0.000445182144176, -0.000536315434147, 0.000407459068811], [3.98099873564e-05, 0.00157449534163, -0.000200351059902, 0.00100138969719, -0.000735970854294, 0.00116562272888, -0.000567622308154, 0.000679036660586, -0.0011994446395, 0.000616433389951, -0.00223364122212, 0.00154139031656, -0.000271698401775], [3.86579995393e-05, -0.000200351059902, 0.00179292610846, -0.000248940166784, -0.000333834905177, -0.0015079928562, 0.000574550998863, -0.000760379305575, 1.73203752638e-05, -0.00049222499365, 0.00100109982304, -0.000887573114596, -4.46443737019e-05], [-0.000141327342135, 0.00100138969719, -0.000248940166784, 0.00374881993048, -0.00112352590077, -0.000206717348192, -0.0012278718641, 0.000180049479241, -0.000933133997023, 0.000217025430175, -0.00141669530421, 0.0018198932521, -0.000565091904718], [-0.000102134763438, -0.000735970854294, -0.000333834905177, -0.00112352590077, 0.00391470873728, -0.000464196986286, -0.00100519740954, -0.000108369327791, -0.000807006726973, 0.000581519445404, -0.00147857051343, 0.00179184309673, 0.000127833685838], [-2.06126587727e-05, 0.00116562272888, -0.0015079928562, -0.000206717348192, -0.000464196986286, 0.00545760383829, -0.000614462012891, -0.000405929138651, -0.00114588660654, -0.00187715503853, -0.000634170544799, -0.00112702627666, 0.0022686815355], [0.000199560410692, -0.000567622308154, 0.000574550998863, -0.0012278718641, -0.00100519740954, -0.000614462012891, 0.00518700946122, -0.00213245744817, 0.00103377678897, 0.00150421517901, -0.00179726281203, 0.000180335831828, -0.000721934251487], [-9.57186875894e-06, 0.000679036660586, -0.000760379305575, 0.000180049479241, -0.000108369327791, -0.000405929138651, -0.00213245744817, 0.00981364306062, -0.00335914292373, -0.0012849078048, 0.000220098954742, -0.00306278490461, 0.0011529175099], [0.000241921952693, -0.0011994446395, 1.73203752638e-05, -0.000933133997023, -0.000807006726973, -0.00114588660654, 0.00103377678897, -0.00335914292373, 0.0115238195285, -0.00170201808214, 0.000512128230184, -0.000146552803926, -0.00354702374898], [-0.000281675631413, 0.000616433389951, -0.00049222499365, 0.000217025430175, 0.000581519445404, -0.00187715503853, 0.00150421517901, -0.0012849078048, -0.00170201808214, 0.0136106535792, -0.0082781529054, 0.00333496369421, -0.001782686566], [0.000445182144176, -0.00223364122212, 0.00100109982304, -0.00141669530421, -0.00147857051343, -0.000634170544799, -0.00179726281203, 0.000220098954742, 0.000512128230184, -0.0082781529054, 0.023076498881, -0.0103566674516, -0.00170800904743], [-0.000536315434147, 0.00154139031656, -0.000887573114596, 0.0018198932521, 0.00179184309673, -0.00112702627666, 0.000180335831828, -0.00306278490461, -0.000146552803926, 0.00333496369421, -0.0103566674516, 0.0238596703857, -0.00857594143599], [0.000407459068811, -0.000271698401775, -4.46443737019e-05, -0.000565091904718, 0.000127833685838, 0.0022686815355, -0.000721934251487, 0.0011529175099, -0.00354702374898, -0.001782686566, -0.00170800904743, -0.00857594143599, 0.0209435354918]]}, "melbands": {"dmean": [0.00409388355911, 0.00255744764581, 0.000950453802943, 0.000513915845659, 0.000295097386697, 0.000278760504443, 0.000121463832329, 7.81028356869e-05, 6.71778325341e-05, 5.85163252254e-05, 4.88116165798e-05, 1.99187306862e-05, 1.77764941327e-05, 2.3812701329e-05, 3.16727091558e-05, 2.16911375901e-05, 2.10898069781e-05, 3.01269956253e-05, 3.14910212182e-05, 2.29662073252e-05, 2.16002972593e-05, 2.12320755963e-05, 1.52430566231e-05, 1.20891090774e-05, 9.33433057071e-06, 6.47945626042e-06, 6.03468470217e-06, 3.92460606236e-06, 2.92046888717e-06, 2.7410610528e-06, 2.23274901145e-06, 2.03889453587e-06, 2.14521514863e-06, 1.95778329726e-06, 1.64993650742e-06, 2.29743909586e-06, 1.45923365835e-06, 9.93782350633e-07, 8.14309714769e-07, 6.25962115919e-07], "dmean2": [0.00573816662654, 0.00359735148959, 0.0017226554919, 0.000925266591366, 0.000527254596818, 0.000479463313241, 0.000199705231353, 0.000126141982037, 0.000112605834147, 9.81333505479e-05, 8.29326090752e-05, 3.27846828441e-05, 2.81220982288e-05, 3.92464135075e-05, 5.38524509466e-05, 3.36973644153e-05, 3.31506416842e-05, 4.91433020215e-05, 4.98517219967e-05, 3.80542478524e-05, 3.6206402001e-05, 3.52984316123e-05, 2.52725440077e-05, 1.91778453882e-05, 1.55106372404e-05, 1.04600467239e-05, 9.75188777375e-06, 6.05991817793e-06, 4.49217714049e-06, 4.25838788942e-06, 3.49765173269e-06, 3.17391459248e-06, 3.13569375976e-06, 2.9086925224e-06, 2.51723395195e-06, 3.66581730304e-06, 2.21399341171e-06, 1.45169838106e-06, 1.25718406707e-06, 9.81067046268e-07], "dvar": [3.99294076487e-05, 3.13796008413e-05, 7.50497338231e-06, 2.24449695452e-06, 5.39497193586e-07, 5.60848889108e-07, 7.4711337561e-08, 5.50167982283e-08, 3.61488297074e-08, 2.47846010382e-08, 1.79186745441e-08, 2.08211625718e-09, 1.52518553342e-09, 4.27752500087e-09, 7.92704391017e-09, 2.18727080892e-09, 1.63337932069e-09, 3.91658483423e-09, 4.35407843113e-09, 2.56083665384e-09, 2.75094946822e-09, 2.44675657513e-09, 1.3308765201e-09, 6.81891210164e-10, 1.01448627277e-09, 3.87378129574e-10, 2.98046171077e-10, 3.44578220124e-11, 4.15446670121e-11, 6.04497771284e-11, 6.25031693069e-11, 2.34109225061e-11, 1.32729651922e-11, 9.63095835721e-12, 9.60215934542e-12, 2.09756934044e-11, 6.15717806601e-12, 2.66595361238e-12, 1.842892592e-12, 1.11794265251e-12], "dvar2": [9.03012623894e-05, 6.33304371149e-05, 2.10206380871e-05, 6.33679201201e-06, 1.51564631778e-06, 1.51925962655e-06, 1.97149162773e-07, 1.32701813982e-07, 8.75443362247e-08, 5.73126932579e-08, 4.20030410453e-08, 5.22867793507e-09, 3.75723807622e-09, 1.04154880276e-08, 2.09897965675e-08, 4.69581573626e-09, 3.78593068007e-09, 1.00344887954e-08, 1.03606865309e-08, 6.44660502758e-09, 7.29173921243e-09, 6.41021413728e-09, 3.43000272629e-09, 1.53827628413e-09, 2.84261036931e-09, 9.74555325328e-10, 6.57261078896e-10, 7.80282990998e-11, 1.01947179865e-10, 1.39169439861e-10, 1.6444176576e-10, 5.19381621045e-11, 2.80837506028e-11, 2.01100264913e-11, 2.20953862845e-11, 5.01110888895e-11, 1.32680186282e-11, 5.91077881085e-12, 4.01064381358e-12, 2.63303636706e-12], "max": [0.0536496862769, 0.0419631898403, 0.019151205197, 0.0112424567342, 0.00727842375636, 0.00802112650126, 0.0109745915979, 0.00804594904184, 0.00647128932178, 0.0044706123881, 0.00711962673813, 0.00239986134693, 0.00105319265276, 0.0025506708771, 0.0013738569105, 0.00120773212984, 0.000631971342955, 0.000655931886286, 0.000902538886294, 0.000574062694795, 0.000750536040869, 0.000625943415798, 0.000834001519252, 0.000409215484979, 0.00128451944329, 0.000761669245549, 0.000823230249807, 0.000134809306473, 0.000325811939547, 0.000436399946921, 0.000357744487701, 0.000205890479265, 6.86970161041e-05, 5.82637585467e-05, 0.000132721921545, 9.1822061222e-05, 3.69379959011e-05, 3.54959411197e-05, 3.11274634441e-05, 2.03396539291e-05], "mean": [0.00942911114544, 0.00349730625749, 0.000767836638261, 0.000420461903559, 0.000286351016257, 0.000286327209324, 0.000184495773283, 0.000118672302051, 7.75572989369e-05, 7.78596804594e-05, 5.80888372497e-05, 2.69286138064e-05, 2.31752892432e-05, 2.76330629276e-05, 3.0578681617e-05, 2.73778859992e-05, 2.59156331595e-05, 3.19563259836e-05, 3.41685590683e-05, 2.25129606406e-05, 2.03163162951e-05, 2.10701655305e-05, 1.50522737385e-05, 1.3425888028e-05, 9.94004767563e-06, 7.90336616774e-06, 7.65594631957e-06, 5.00760006616e-06, 3.40567817148e-06, 2.90340699394e-06, 2.48523292612e-06, 2.24803534365e-06, 2.55755207945e-06, 2.33075570577e-06, 1.77697938852e-06, 2.11045903598e-06, 1.50014363953e-06, 1.13499447707e-06, 8.80270249581e-07, 6.99725660525e-07], "median": [0.00306410249323, 0.000872968463227, 0.000166890371474, 0.000109479718958, 9.71700501395e-05, 8.14371742308e-05, 8.74844699865e-05, 5.03158735228e-05, 2.45618521149e-05, 2.53288708336e-05, 2.07651937671e-05, 1.11325625767e-05, 8.28758766147e-06, 8.73116368894e-06, 8.42859572003e-06, 6.48122932034e-06, 7.9887558968e-06, 8.26337236504e-06, 8.05092804512e-06, 4.54308565168e-06, 3.41902932632e-06, 4.81098140881e-06, 3.82032567359e-06, 2.53115263149e-06, 2.00427257369e-06, 1.96290420718e-06, 2.09133781937e-06, 1.71520878212e-06, 8.62006345415e-07, 5.01936256114e-07, 4.19086518377e-07, 4.37625004679e-07, 6.60975103983e-07, 6.75916510318e-07, 4.49849665074e-07, 3.70163917296e-07, 2.6266602049e-07, 2.85559025315e-07, 2.35219388856e-07, 2.09493961734e-07], "min": [8.6934617457e-24, 2.11685396553e-23, 2.88082252266e-23, 1.61866810904e-23, 1.61016103304e-23, 2.04771582921e-23, 8.36981578212e-24, 7.72881975383e-24, 2.03055842007e-23, 1.20333915333e-23, 1.09971304376e-23, 8.23879702981e-24, 1.03202491267e-23, 1.04402325038e-23, 1.60269399126e-23, 1.00566402112e-23, 1.29357876666e-23, 9.42782892845e-24, 4.96602297105e-24, 1.34152533805e-23, 8.62089443103e-24, 5.3674908518e-24, 9.83502867253e-24, 6.09389330042e-24, 4.94267742142e-24, 8.31716483872e-24, 9.77856989755e-24, 1.00078302315e-23, 1.22783257446e-23, 1.46733697729e-23, 1.0106560907e-23, 1.22030281824e-23, 1.25583950318e-23, 9.25213540536e-24, 8.96294373067e-24, 1.1713595211e-23, 1.03023561837e-23, 8.54243195881e-24, 8.67700216291e-24, 1.25365861832e-23], "var": [0.000131625900394, 4.44933393737e-05, 4.65530001748e-06, 1.38302971209e-06, 3.81061568078e-07, 4.41489135028e-07, 9.09505502023e-08, 6.32259329336e-08, 4.36769909129e-08, 4.48053540936e-08, 2.55014747097e-08, 3.58830898328e-09, 1.98362259951e-09, 5.13624920373e-09, 6.62438814913e-09, 3.65038799188e-09, 2.09339900969e-09, 3.94378485424e-09, 4.99403407517e-09, 2.40196040835e-09, 2.38349850967e-09, 2.09787742733e-09, 1.16074583278e-09, 8.39137259678e-10, 9.88190418383e-10, 4.84044970772e-10, 4.95681273804e-10, 5.52998896675e-11, 6.17234111044e-11, 1.04978151172e-10, 9.83985948277e-11, 3.5016933797e-11, 1.99857647792e-11, 1.40791206818e-11, 1.24121832604e-11, 2.16628572719e-11, 7.79664267175e-12, 3.6864699661e-12, 2.31878969151e-12, 1.3133293281e-12]}, "mfcc": {"mean": [-673.220581055, 119.609725952, 7.7197227478, 26.2977390289, 16.8588428497, 7.57365083694, 1.68050539494, 6.24497556686, 2.46056747437, 9.72322845459, 5.64345979691, 3.81017756462, 5.51303339005], "cov": [[6159.63720703, -1387.38928223, 109.119400024, -37.916809082, -54.8058509827, 212.63961792, -205.575317383, -115.671379089, -103.804229736, -104.295661926, -133.989151001, -87.869102478, -87.6336288452], [-1387.38928223, 1876.03125, -482.843780518, 78.7704086304, 27.1779785156, -285.34942627, 29.2154121399, -70.5987854004, -39.2005271912, -34.5455207825, 26.5171527863, 5.66922950745, 2.18597626686], [109.119400024, -482.843780518, 933.556945801, -57.7179374695, 172.149291992, 294.062896729, 52.2635307312, 130.779464722, 113.812080383, 97.436630249, 88.0126876831, 115.947227478, 45.2906723022], [-37.916809082, 78.7704086304, -57.7179374695, 430.470153809, 133.353790283, 92.4560775757, 157.476959229, 83.2104263306, 93.0723190308, 56.7560386658, 64.2261581421, 42.365322113, 59.0057640076], [-54.8058509827, 27.1779785156, 172.149291992, 133.353790283, 325.799224854, 197.699554443, 74.3827056885, 83.6656494141, 80.7559661865, 95.470085144, 90.2551803589, 65.5492248535, 47.7629051208], [212.63961792, -285.34942627, 294.062896729, 92.4560775757, 197.699554443, 355.316558838, 135.16960144, 102.47794342, 97.4443893433, 97.3264083862, 95.4325485229, 80.9410629272, 62.5678634644], [-205.575317383, 29.2154121399, 52.2635307312, 157.476959229, 74.3827056885, 135.16960144, 282.351165771, 125.91985321, 80.8102111816, 70.4029159546, 72.9069137573, 69.4537200928, 81.5971984863], [-115.671379089, -70.5987854004, 130.779464722, 83.2104263306, 83.6656494141, 102.47794342, 125.91985321, 202.868118286, 107.541259766, 50.2939872742, 65.7852401733, 67.854927063, 57.7007064819], [-103.804229736, -39.2005271912, 113.812080383, 93.0723190308, 80.7559661865, 97.4443893433, 80.8102111816, 107.541259766, 144.481033325, 69.9067001343, 64.3700332642, 61.478351593, 48.895778656], [-104.295661926, -34.5455207825, 97.436630249, 56.7560386658, 95.470085144, 97.3264083862, 70.4029159546, 50.2939872742, 69.9067001343, 121.503440857, 76.2320251465, 42.3349304199, 48.2640380859], [-133.989151001, 26.5171527863, 88.0126876831, 64.2261581421, 90.2551803589, 95.4325485229, 72.9069137573, 65.7852401733, 64.3700332642, 76.2320251465, 118.671356201, 66.2412033081, 45.9342460632], [-87.869102478, 5.66922950745, 115.947227478, 42.365322113, 65.5492248535, 80.9410629272, 69.4537200928, 67.854927063, 61.478351593, 42.3349304199, 66.2412033081, 98.6907119751, 49.9641113281], [-87.6336288452, 2.18597626686, 45.2906723022, 59.0057640076, 47.7629051208, 62.5678634644, 81.5971984863, 57.7007064819, 48.895778656, 48.2640380859, 45.9342460632, 49.9641113281, 102.458427429]], "icov": [[0.00021405586449, 0.000148012433783, 6.20181745035e-05, -8.33398444229e-05, 1.23383806567e-05, -0.000211542152101, 0.000162082433235, 5.54451835342e-05, 9.85852675512e-05, 0.000136023227242, 0.000116986091598, -5.33848215127e-05, 2.6094239729e-05], [0.000148012433783, 0.000912678835448, 0.000321167579386, 4.08392515965e-05, -0.00071008229861, 0.000900252955034, -0.00039284361992, 0.00052142504137, -0.000128677114844, 0.000529652170371, -0.000557593011763, -0.000448559818324, 2.27436794376e-05], [6.20181745035e-05, 0.000321167579386, 0.00188234378584, 0.000583917484619, -0.000310066592647, -0.00100312160794, 0.000415638030972, -0.000422093173256, -0.000275977567071, -0.000378786353394, 0.00039955668035, -0.00154965708498, 0.000428354629548], [-8.33398444229e-05, 4.08392515965e-05, 0.000583917484619, 0.00372743164189, -0.00147113483399, 0.000375164905563, -0.00183020078111, 0.000557630322874, -0.00206619524397, 0.000905692577362, -0.000644381041639, 0.000739397306461, -0.000388947373722], [1.23383806567e-05, -0.00071008229861, -0.000310066592647, -0.00147113483399, 0.00643552653491, -0.00330798351206, 0.00187868380453, -0.00137755041942, 0.00106007559225, -0.0026681390591, -0.000159561634064, -0.000483846204588, 0.000368076987797], [-0.000211542152101, 0.000900252955034, -0.00100312160794, 0.000375164905563, -0.00330798351206, 0.00782914552838, -0.00275249034166, 0.00113213516306, -0.00115513056517, 0.000172585685505, -0.00185646605678, -0.000287544477032, -0.000214729763684], [0.000162082433235, -0.00039284361992, 0.000415638030972, -0.00183020078111, 0.00187868380453, -0.00275249034166, 0.00767618604004, -0.00338237616234, 0.00176966947038, -0.00199947366491, 0.000731265812647, -0.00134577264544, -0.00196030503139], [5.54451835342e-05, 0.00052142504137, -0.000422093173256, 0.000557630322874, -0.00137755041942, 0.00113213516306, -0.00338237616234, 0.0108295669779, -0.00614984426647, 0.00323608517647, -0.00183833402116, -0.000609791721217, -0.0010205419967], [9.85852675512e-05, -0.000128677114844, -0.000275977567071, -0.00206619524397, 0.00106007559225, -0.00115513056517, 0.00176966947038, -0.00614984426647, 0.0162538327277, -0.00576218264177, 0.000845851551276, -0.00371630373411, 5.48515054106e-05], [0.000136023227242, 0.000529652170371, -0.000378786353394, 0.000905692577362, -0.0026681390591, 0.000172585685505, -0.00199947366491, 0.00323608517647, -0.00576218264177, 0.0190157182515, -0.00887231435627, 0.00417255470529, -0.00360556249507], [0.000116986091598, -0.000557593011763, 0.00039955668035, -0.000644381041639, -0.000159561634064, -0.00185646605678, 0.000731265812647, -0.00183833402116, 0.000845851551276, -0.00887231435627, 0.0207319222391, -0.00865340977907, 0.000668435066473], [-5.33848215127e-05, -0.000448559818324, -0.00154965708498, 0.000739397306461, -0.000483846204588, -0.000287544477032, -0.00134577264544, -0.000609791721217, -0.00371630373411, 0.00417255470529, -0.00865340977907, 0.0225351881236, -0.00526242144406], [2.6094239729e-05, 2.27436794376e-05, 0.000428354629548, -0.000388947373722, 0.000368076987797, -0.000214729763684, -0.00196030503139, -0.0010205419967, 5.48515054106e-05, -0.00360556249507, 0.000668435066473, -0.00526242144406, 0.0158507991582]]}, "spectral_contrast_coeffs": {"dmean": [0.0548091642559, 0.0454118698835, 0.0381824076176, 0.0351118519902, 0.0265975948423, 0.0261120609939], "dmean2": [0.0872660428286, 0.0745388790965, 0.0614787302911, 0.0554310679436, 0.04262105003, 0.039591781795], "dvar": [0.00268779345788, 0.0015439823037, 0.00101389340125, 0.00105585926212, 0.000563253357541, 0.000536599836778], "dvar2": [0.0068630669266, 0.00395466759801, 0.00262512080371, 0.00230382266454, 0.00130630761851, 0.0013088589767], "max": [-0.358610153198, -0.503408312798, -0.510240077972, -0.521015763283, -0.557601451874, -0.527497053146], "mean": [-0.683097600937, -0.765748202801, -0.799579977989, -0.796532571316, -0.792911410332, -0.790759503841], "median": [-0.699517250061, -0.7731513381, -0.803643345833, -0.80727994442, -0.800691008568, -0.796460986137], "min": [-0.96951854229, -0.963081121445, -0.971435785294, -0.967514693737, -0.954397439957, -0.960102260113], "var": [0.00877193547785, 0.00421397248283, 0.0026291848626, 0.00280753569677, 0.00204582652077, 0.00241008261219]}, "spectral_contrast_valleys": {"dmean": [0.473743140697, 0.493722200394, 0.484812736511, 0.516402959824, 0.50430393219, 0.584169328213], "dmean2": [0.717380106449, 0.774414420128, 0.740854799747, 0.756157398224, 0.66812312603, 0.818464517593], "dvar": [0.247435644269, 0.320264518261, 0.280820995569, 0.308806180954, 0.283543080091, 0.415449559689], "dvar2": [0.434187442064, 0.667427420616, 0.547226905823, 0.602414786816, 0.481177359819, 0.888749361038], "max": [-5.41175699234, -4.59489202499, -5.0867061615, -5.38588094711, -5.53601312637, -7.720557