{"lowlevel": {"average_loudness": 0.768790304661, "barkbands_crest": {"dmean": 1.90266370773, "dmean2": 2.97661447525, "dvar": 3.56841993332, "dvar2": 8.2034702301, "max": 26.8119487762, "mean": 10.0311498642, "median": 8.9897851944, "min": 3.32364034653, "var": 15.7962436676}, "barkbands_flatness_db": {"dmean": 0.0198398213834, "dmean2": 0.0269206222147, "dvar": 0.000492898223456, "dvar2": 0.000912702525966, "max": 0.441784203053, "mean": 0.20505155623, "median": 0.19687050581, "min": 0.0445641353726, "var": 0.00471019372344}, "barkbands_kurtosis": {"dmean": 3.83963942528, "dmean2": 6.10433244705, "dvar": 509.067840576, "dvar2": 1415.79760742, "max": 1144.06787109, "mean": 12.3911075592, "median": 2.97443675995, "min": -1.84318172932, "var": 5978.97265625}, "barkbands_skewness": {"dmean": 0.423001229763, "dmean2": 0.607387423515, "dvar": 0.38370680809, "dvar2": 0.864671528339, "max": 8.61562347412, "mean": 1.04089868069, "median": 1.34251058102, "min": -30.3648319244, "var": 8.30250930786}, "barkbands_spread": {"dmean": 2.17657327652, "dmean2": 3.20530104637, "dvar": 6.46878051758, "dvar2": 13.8820819855, "max": 42.3858795166, "mean": 10.6556386948, "median": 10.0470237732, "min": 0.238612145185, "var": 29.6702022552}, "dissonance": {"dmean": 0.031024063006, "dmean2": 0.0516033023596, "dvar": 0.000948988774326, "dvar2": 0.00251134298742, "max": 0.5, "mean": 0.41750138998, "median": 0.42975383997, "min": 0.146714821458, "var": 0.00299698673189}, "dynamic_complexity": 4.18772172928, "erbbands_crest": {"dmean": 2.76398301125, "dmean2": 4.20559597015, "dvar": 7.22733449936, "dvar2": 15.5710830688, "max": 33.7323951721, "mean": 12.6714029312, "median": 11.4783124924, "min": 2.47114920616, "var": 34.4123687744}, "erbbands_flatness_db": {"dmean": 0.0196781903505, "dmean2": 0.0251423381269, "dvar": 0.000451964355307, "dvar2": 0.000808256096207, "max": 0.463145673275, "mean": 0.222258880734, "median": 0.214408367872, "min": 0.0539835430682, "var": 0.00519041903317}, "erbbands_kurtosis": {"dmean": 1.4018663168, "dmean2": 2.01675987244, "dvar": 4.53379678726, "dvar2": 8.67534255981, "max": 50.2099075317, "mean": 2.28912210464, "median": 1.00972557068, "min": -1.71568799019, "var": 16.8583145142}, "erbbands_skewness": {"dmean": 0.34701603651, "dmean2": 0.494811266661, "dvar": 0.120629824698, "dvar2": 0.235341459513, "max": 5.14125347137, "mean": 0.638217151165, "median": 0.679568946362, "min": -4.73471212387, "var": 0.794331908226}, "erbbands_spread": {"dmean": 4.29372549057, "dmean2": 6.25713300705, "dvar": 24.0361003876, "dvar2": 54.7228050232, "max": 85.3888549805, "mean": 22.2395420074, "median": 20.6610832214, "min": 1.32613623142, "var": 153.347442627}, "hfc": {"dmean": 3.04762768745, "dmean2": 4.21649980545, "dvar": 26.1651172638, "dvar2": 54.9812049866, "max": 92.2101898193, "mean": 11.5456819534, "median": 9.16020011902, "min": 1.22670884842e-16, "var": 94.5296020508}, "melbands_crest": {"dmean": 2.34861326218, "dmean2": 3.70258641243, "dvar": 5.31752920151, "dvar2": 12.453830719, "max": 32.1138458252, "mean": 13.275929451, "median": 12.4780597687, "min": 1.82858085632, "var": 20.0097389221}, "melbands_flatness_db": {"dmean": 0.0210229922086, "dmean2": 0.0292699821293, "dvar": 0.000628778419923, "dvar2": 0.00119673577137, "max": 0.566055238247, "mean": 0.284614264965, "median": 0.279298126698, "min": 0.0043954863213, "var": 0.00653111096472}, "melbands_kurtosis": {"dmean": 3.29156303406, "dmean2": 5.01510381699, "dvar": 26.8152370453, "dvar2": 64.5436630249, "max": 126.601089478, "mean": 7.79884910583, "median": 5.35079097748, "min": -1.91111123562, "var": 84.976776123}, "melbands_skewness": {"dmean": 0.457370251417, "dmean2": 0.655125021935, "dvar": 0.217902258039, "dvar2": 0.481473326683, "max": 7.39208507538, "mean": 1.76264941692, "median": 1.79880154133, "min": -2.78980731964, "var": 1.57302749157}, "melbands_spread": {"dmean": 2.74414896965, "dmean2": 4.0843911171, "dvar": 14.3411254883, "dvar2": 28.6867771149, "max": 157.976333618, "mean": 14.36323452, "median": 12.3559999466, "min": 1.08921134472, "var": 190.459182739}, "pitch_salience": {"dmean": 0.0528040938079, "dmean2": 0.082550033927, "dvar": 0.00238644145429, "dvar2": 0.00564950658008, "max": 0.870510160923, "mean": 0.538527011871, "median": 0.535125076771, "min": 0.142440199852, "var": 0.0130404550582}, "silence_rate_20dB": {"dmean": 0, "dmean2": 0, "dvar": 0, "dvar2": 0, "max": 1, "mean": 1, "median": 1, "min": 1, "var": 0}, "silence_rate_30dB": {"dmean": 0.00658697262406, "dmean2": 0.0131755517796, "dvar": 0.00654304213822, "dvar2": 0.0178815517575, "max": 1, "mean": 0.994755446911, "median": 1, "min": 0, "var": 0.00521666090935}, "silence_rate_60dB": {"dmean": 0.0273237377405, "dmean2": 0.0546541400254, "dvar": 0.026578200981, "dvar2": 0.0592340044677, "max": 1, "mean": 0.0829369425774, "median": 0, "min": 0, "var": 0.0760484114289}, "spectral_centroid": {"dmean": 100.674880981, "dmean2": 149.818984985, "dvar": 22879.6523438, "dvar2": 41807.5664062, "max": 11307.9707031, "mean": 771.29510498, "median": 721.996337891, "min": 187.438934326, "var": 230091.9375}, "spectral_complexity": {"dmean": 2.00829482079, "dmean2": 3.15652060509, "dvar": 6.30406618118, "dvar2": 12.9935655594, "max": 45, "mean": 12.8287591934, "median": 12, "min": 0, "var": 39.7684364319}, "spectral_decrease": {"dmean": 1.8377578348e-09, "dmean2": 2.7879585307e-09, "dvar": 9.40229236201e-18, "dvar2": 2.12089307582e-17, "max": 3.4033523358e-15, "mean": -7.38700833836e-09, "median": -5.376544987e-09, "min": -4.77316284275e-08, "var": 4.39364029936e-17}, "spectral_energy": {"dmean": 0.00717250676826, "dmean2": 0.0108451237902, "dvar": 0.000141587719554, "dvar2": 0.000318580889143, "max": 0.183437868953, "mean": 0.0289274454117, "median": 0.0213385280222, "min": 1.06226720057e-20, "var": 0.000662014645059}, "spectral_energyband_high": {"dmean": 7.53066778998e-05, "dmean2": 0.000106576044345, "dvar": 4.23005488415e-08, "dvar2": 9.783260424e-08, "max": 0.00529734604061, "mean": 0.000128310013679, "median": 3.5710989323e-05, "min": 7.58664935454e-21, "var": 7.02681361986e-08}, "spectral_energyband_low": {"dmean": 0.00355475279503, "dmean2": 0.00563761824742, "dvar": 5.25822833879e-05, "dvar2": 0.000127200284624, "max": 0.108944274485, "mean": 0.0105194561183, "median": 0.00524238543585, "min": 2.91345075633e-23, "var": 0.000159351489856}, "spectral_energyband_middle_high": {"dmean": 0.00121153076179, "dmean2": 0.00167059293017, "dvar": 5.27022575625e-06, "dvar2": 1.06748693725e-05, "max": 0.0514665916562, "mean": 0.00311722652987, "median": 0.00204519252293, "min": 1.44149419065e-21, "var": 1.29809177452e-05}, "spectral_energyband_middle_low": {"dmean": 0.00469456706196, "dmean2": 0.00725533999503, "dvar": 6.51602676953e-05, "dvar2": 0.000158718888997, "max": 0.110145285726, "mean": 0.0170423779637, "median": 0.0110455267131, "min": 4.11074231264e-22, "var": 0.000296953483485}, "spectral_entropy": {"dmean": 0.178207814693, "dmean2": 0.2482894063, "dvar": 0.0506070554256, "dvar2": 0.0982187986374, "max": 9.81369686127, "mean": 6.74259328842, "median": 6.77410840988, "min": 4.81088972092, "var": 0.405932754278}, "spectral_flux": {"dmean": 0.0196837615222, "dmean2": 0.0308045130223, "dvar": 0.000760426337365, "dvar2": 0.00174540176522, "max": 0.313825488091, "mean": 0.0553182139993, "median": 0.0435921996832, "min": 1.03066347124e-10, "var": 0.00173321587499}, "spectral_kurtosis": {"dmean": 5.71636152267, "dmean2": 9.65516757965, "dvar": 58.6543312073, "dvar2": 156.36882019, "max": 130.844696045, "mean": 14.1954212189, "median": 8.9302816391, "min": -1.22094655037, "var": 197.305603027}, "spectral_rms": {"dmean": 0.000594744808041, "dmean2": 0.000862340035383, "dvar": 6.64748426971e-07, "dvar2": 1.36334381295e-06, "max": 0.0133777344599, "mean": 0.00473648542538, "median": 0.00456268293783, "min": 3.21925190498e-12, "var": 5.78761500947e-06}, "spectral_rolloff": {"dmean": 126.84753418, "dmean2": 215.223861694, "dvar": 124812.101562, "dvar2": 218049.34375, "max": 19896.6796875, "mean": 934.876953125, "median": 689.0625, "min": 107.666015625, "var": 3942839}, "spectral_skewness": {"dmean": 0.461248248816, "dmean2": 0.767554700375, "dvar": 0.274896502495, "dvar2": 0.715512633324, "max": 9.24622058868, "mean": 2.55409884453, "median": 2.187261343, "min": -0.0631278902292, "var": 1.23566019535}, "spectral_spread": {"dmean": 432458.46875, "dmean2": 601506.125, "dvar": 431963635712, "dvar2": 794586906624, "max": 41104804, "mean": 3179259.75, "median": 2767130.75, "min": 739618.5625, "var": 6126213005310.0}, "spectral_strongpeak": {"dmean": 0.423330843449, "dmean2": 0.699922978878, "dvar": 0.457653224468, "dvar2": 1.00551247597, "max": 12.0742120743, "mean": 1.00278270245, "median": 0.693849384785, "min": 0, "var": 0.996820867062}, "zerocrossingrate": {"dmean": 0.00479495991021, "dmean2": 0.00580087909475, "dvar": 9.04264525161e-05, "dvar2": 0.000116306589916, "max": 0.84375, "mean": 0.0422425530851, "median": 0.03271484375, "min": 0.005859375, "var": 0.00683051673695}, "barkbands": {"dmean": [0.000163506498211, 0.00171255611349, 0.00179411587305, 0.00134143547621, 0.00233385991305, 0.00113034062088, 0.000689574575517, 0.000831941317301, 0.000391428708099, 0.000475281849504, 0.000477585446788, 0.000232535952819, 0.000187069468666, 8.91408708412e-05, 0.000118474759802, 7.33496999601e-05, 6.85795748723e-05, 3.57404860551e-05, 4.10273132729e-05, 2.98975555779e-05, 1.69457689481e-05, 1.45393760249e-05, 1.13958576549e-05, 9.58967939368e-06, 7.75174885348e-06, 6.37628954792e-06, 5.90833633396e-06], "dmean2": [0.000283592293272, 0.00277488213032, 0.00284003536217, 0.00211183936335, 0.00380561244674, 0.00182698399294, 0.00106052693445, 0.00110751506872, 0.00051537231775, 0.000661221740302, 0.00067084969487, 0.000325162400259, 0.000293339049676, 0.000138246032293, 0.000189640835742, 0.000114431830298, 0.000111825887871, 5.72259668843e-05, 6.39010977466e-05, 4.53499342257e-05, 2.66731640295e-05, 2.34566541621e-05, 1.84742257261e-05, 1.48521558003e-05, 1.05731924123e-05, 8.73273074831e-06, 8.09066295915e-06], "dvar": [2.96440873626e-07, 1.57661561389e-05, 1.30200778585e-05, 9.56536041485e-06, 2.39960827457e-05, 7.40656423659e-06, 2.92422032544e-06, 3.01470504382e-06, 5.48392847577e-07, 1.02175499705e-06, 1.33826620186e-06, 9.12456187052e-07, 5.94567381995e-07, 3.78480748964e-08, 1.89774155501e-07, 6.19340880803e-08, 1.42904053035e-08, 4.8755088855e-09, 1.13112585964e-08, 4.62666660539e-09, 2.1766819458e-09, 2.35666597348e-09, 2.38421304921e-09, 1.70198466432e-09, 4.92844431932e-10, 3.89790588695e-10, 3.16374176856e-10], "dvar2": [8.57487805206e-07, 4.15171125496e-05, 3.3230662666e-05, 2.65854996542e-05, 6.49461726425e-05, 1.83382962859e-05, 7.36419360692e-06, 5.14820249009e-06, 9.15453597372e-07, 1.89203558421e-06, 2.76466266769e-06, 1.65539142927e-06, 1.27724979393e-06, 9.1694595028e-08, 3.92014612771e-07, 1.33699970206e-07, 3.57538176843e-08, 1.21678889187e-08, 2.63543444845e-08, 1.02460253615e-08, 5.35722399775e-09, 6.32878327522e-09, 6.70490196697e-09, 4.54685622486e-09, 8.82420247983e-10, 7.92228560531e-10, 6.19578277572e-10], "max": [0.012187667191, 0.0698042884469, 0.0467369630933, 0.0746069252491, 0.0897743031383, 0.0554427616298, 0.0396506935358, 0.0592146068811, 0.0187459718436, 0.0235110521317, 0.0267490781844, 0.0270578116179, 0.0453999787569, 0.00650018872693, 0.0294327083975, 0.0121346954256, 0.00248485826887, 0.00145043409429, 0.00289205671288, 0.0018449065974, 0.000783878669608, 0.00104915921111, 0.00189683772624, 0.00177916151006, 0.000464911398012, 0.000341071368894, 0.000260530476226], "mean": [0.000195798653294, 0.00434132385999, 0.00428536022082, 0.00301220919937, 0.00597655680031, 0.00289854896255, 0.00159861450084, 0.00230277841911, 0.000890863419045, 0.00094061618438, 0.000868109695148, 0.000342451035976, 0.000326557055814, 0.000173849213752, 0.000192390099983, 0.000136415314046, 0.000132137836772, 7.15184287401e-05, 8.00778652774e-05, 5.79518055019e-05, 2.73352343356e-05, 1.98799898499e-05, 1.56940222951e-05, 1.3612658222e-05, 1.20577951748e-05, 8.23552181828e-06, 6.56684142086e-06], "median": [9.88068859442e-06, 0.00228227069601, 0.00174183049239, 0.000853654288221, 0.00204373314045, 0.000966095307376, 0.000417065806687, 0.000746920122765, 0.00038313108962, 0.000393538473872, 0.000257852021605, 9.34277995839e-05, 0.000105538281787, 6.97885770933e-05, 7.1556380135e-05, 4.87377037643e-05, 6.06460343988e-05, 3.23912900058e-05, 2.93253469863e-05, 2.63229285338e-05, 7.48530737837e-06, 3.84124359698e-06, 3.02928697238e-06, 1.47719674715e-06, 8.90699823231e-07, 2.11269835404e-07, 5.78449217414e-08], "min": [1.53649246855e-23, 1.84265885219e-23, 2.6681457015e-24, 1.62094807483e-23, 6.11382852547e-23, 2.25851079113e-22, 2.16497132531e-23, 6.33997853869e-23, 1.74884214909e-23, 3.93186734507e-23, 2.51848671821e-23, 5.87478915614e-23, 7.2198777789e-23, 7.35043299654e-23, 1.53133401242e-22, 2.27522605952e-22, 1.88330418458e-22, 2.41282511084e-22, 2.7600602243e-22, 2.62754168964e-22, 5.71701205261e-22, 4.02597498008e-22, 3.95163171863e-22, 7.79236297306e-22, 9.28904440851e-22, 1.84165846297e-21, 2.82746933528e-21], "var": [3.03845979488e-07, 3.21515908581e-05, 3.33100106218e-05, 2.43298927671e-05, 7.93817234808e-05, 2.75386464637e-05, 8.65918354975e-06, 1.8429102056e-05, 2.27794384955e-06, 2.8477518299e-06, 3.29798194798e-06, 1.59791215992e-06, 1.21977450362e-06, 8.63164046905e-08, 4.41704543164e-07, 1.19552552746e-07, 3.59030210006e-08, 1.07367856828e-08, 2.340540739e-08, 9.75307568041e-09, 3.11614378745e-09, 2.45946063515e-09, 1.97045424422e-09, 1.82433068652e-09, 1.13488374254e-09, 6.65222821272e-10, 4.65509214509e-10]}, "erbbands": {"dmean": [0.041427526623, 0.431607186794, 1.74716818333, 3.45449614525, 5.65591907501, 8.50069046021, 10.9989099503, 8.29409408569, 9.27007961273, 10.8257265091, 17.9126262665, 10.6061515808, 10.6527814865, 23.0854434967, 10.1006298065, 11.702791214, 8.94494819641, 5.26431798935, 6.29322624207, 4.29680395126, 3.74322462082, 2.68435502052, 2.12795138359, 1.89036417007, 2.22040462494, 1.33048164845, 0.845950603485, 0.568810641766, 0.553561091423, 0.419838070869, 0.301022678614, 0.227815940976, 0.146850168705, 0.0814106836915, 0.0612362399697, 0.0323029533029, 0.0110299913213, 0.00325703411363, 0.000896526733413, 9.049410437e-05], "dmean2": [0.0692023336887, 0.693746328354, 2.78599286079, 5.39195489883, 9.22522449493, 13.9255714417, 17.3507041931, 13.6011171341, 13.9521427155, 16.2557201385, 23.123008728, 13.7189807892, 14.5620441437, 32.2438774109, 14.4907560349, 16.2648677826, 13.9220275879, 8.13051986694, 9.9580450058, 6.84646844864, 5.86214923859, 4.32147836685, 3.44000601768, 3.00635385513, 3.49232697487, 2.02081942558, 1.3157479763, 0.894951701164, 0.901238620281, 0.673319816589, 0.482463508844, 0.362651258707, 0.22957098484, 0.115513972938, 0.0855070874095, 0.0451239831746, 0.0149288941175, 0.00444107502699, 0.00126091751736, 0.000124447964481], "dvar": [0.0131934266537, 0.910397768021, 12.2718420029, 56.1117248535, 164.39604187, 397.329315186, 983.185424805, 298.935546875, 500.707641602, 598.994812012, 1790.29858398, 377.226043701, 427.082550049, 2861.03540039, 437.617279053, 2401.49951172, 1076.75341797, 171.136001587, 582.629516602, 265.097015381, 82.0172729492, 21.8837795258, 15.0951271057, 17.4448051453, 39.6797637939, 9.89685726166, 4.44607067108, 3.00494432449, 3.48554182053, 2.86085796356, 1.43444788456, 1.55509221554, 0.318972498178, 0.0556700155139, 0.0364450700581, 0.0100170588121, 0.0012929601362, 9.72102570813e-05, 7.70410861151e-06, 6.80404070863e-08], "dvar2": [0.0361614637077, 2.37409448624, 30.8968162537, 148.892883301, 470.658447266, 1063.94677734, 2311.45214844, 863.362426758, 1213.46740723, 1370.51098633, 2769.23681641, 623.057006836, 805.328979492, 5724.60888672, 916.369934082, 4345.49707031, 2343.43066406, 383.189147949, 1176.34472656, 595.723022461, 177.668304443, 53.7924308777, 37.1902198792, 41.2172927856, 96.8952941895, 22.2929935455, 10.5646705627, 7.6766872406, 9.44317054749, 7.95907878876, 3.98045134544, 4.41292095184, 0.813138663769, 0.115309752524, 0.0688679367304, 0.0203159507364, 0.00267807021737, 0.000189483194845, 1.56893202075e-05, 1.36285223107e-07], "max": [2.15778660774, 19.3929080963, 50.4875793457, 157.742324829, 242.344512939, 398.79800415, 672.510559082, 325.073486328, 569.890625, 501.73538208, 1622.21337891, 502.553161621, 437.364440918, 1153.49511719, 536.384094238, 1397.10803223, 1852.45068359, 618.508850098, 1747.4432373, 791.034240723, 404.825531006, 90.3267364502, 65.0713806152, 88.2523117065, 185.00491333, 89.4679489136, 38.1763038635, 27.9939823151, 36.4078636169, 66.6681518555, 40.8422889709, 65.3492584229, 11.0268630981, 3.71134233475, 4.43493270874, 1.78199982643, 0.64583927393, 0.169385880232, 0.0381013303995, 0.00378310517408], "mean": [0.0883426368237, 1.12532973289, 4.39190387726, 8.67988681793, 12.9858045578, 21.361497879, 29.3754730225, 19.2833309174, 22.7175254822, 28.2091808319, 51.7044944763, 26.6079902649, 22.7751579285, 44.6982421875, 18.924823761, 17.8442974091, 15.9114360809, 11.045791626, 10.7402772903, 7.96982192993, 7.70375585556, 5.62430381775, 4.50631380081, 3.73899674416, 4.30503129959, 2.62095713615, 1.54261016846, 0.858149886131, 0.737821221352, 0.593355834484, 0.419406920671, 0.328022569418, 0.196563586593, 0.128427654505, 0.0887054726481, 0.0427347198129, 0.0139168892056, 0.00407348992303, 0.00101423542947, 0.000122404366266], "median": [0.0285309385508, 0.596247851849, 1.99667513371, 3.0604133606, 4.2036280632, 6.26852655411, 7.3869342804, 7.68424987793, 7.19296979904, 10.1469736099, 15.4033308029, 13.4390726089, 10.674911499, 14.5587110519, 9.45677471161, 5.57726478577, 5.84363985062, 5.81581401825, 4.2468047142, 3.1023209095, 3.65153980255, 2.72464513779, 2.18720388412, 1.45147383213, 1.6187748909, 1.09736478329, 0.570491015911, 0.211380377412, 0.135984897614, 0.131267905235, 0.0734446793795, 0.0402467660606, 0.0199760571122, 0.0133122177795, 0.00438731396571, 0.00136082363315, 0.000288109789835, 5.10846693942e-05, 2.59969528997e-05, 3.07883965434e-05], "min": [9.66665256009e-22, 2.64437060448e-21, 2.07835773006e-21, 1.88037297941e-20, 9.22256881407e-20, 2.53765544397e-19, 1.29774598205e-18, 1.64830440187e-18, 4.71449884065e-19, 1.06036355101e-18, 8.97857819222e-19, 4.34595420559e-19, 6.70716607954e-19, 1.7406444348e-18, 1.59414950755e-18, 2.1240134906e-18, 3.13607476033e-18, 3.37745123295e-18, 7.10394952334e-18, 8.85425460051e-18, 1.16508323104e-17, 9.72611041077e-18, 1.23910911298e-17, 1.27349153688e-17, 1.41189241913e-17, 1.54737947494e-17, 1.76171189782e-17, 2.48323011329e-17, 1.47654419406e-17, 1.18108454368e-17, 1.19835880456e-17, 9.58961072045e-18, 1.71263411403e-17, 1.15487524325e-17, 6.71686456543e-18, 5.96147537183e-18, 3.41333288035e-18, 1.5529834168e-18, 3.52968255435e-19, 4.03181498425e-20], "var": [0.0188386105001, 2.05647826195, 32.1729354858, 159.153869629, 368.785217285, 1400.95373535, 4346.24658203, 790.100769043, 1567.90075684, 2087.09472656, 12062.5361328, 1547.40625, 1149.86437988, 7408.71289062, 966.581054688, 4168.32470703, 2194.50024414, 371.68548584, 1376.45031738, 488.184356689, 180.169830322, 58.9594535828, 37.1144485474, 39.0421905518, 71.8064117432, 20.4699172974, 7.55674934387, 3.76184940338, 3.50626850128, 2.51815319061, 1.28969419003, 1.29451358318, 0.364780634642, 0.111415348947, 0.074704490602, 0.0175346489996, 0.00207886961289, 0.000166517711477, 1.09306502054e-05, 9.69126929817e-08]}, "gfcc": {"mean": [-72.2978973389, 148.691772461, -116.981712341, 11.8091249466, -45.8389091492, -1.50682401657, -22.2970275879, 0.0135489581153, -18.4077911377, -10.8000907898, -11.7901592255, -10.0993118286, -7.47742176056], "cov": [[17343.6132812, -107.255889893, 621.142089844, 1376.90112305, -819.312316895, 194.812530518, -1185.41516113, 485.236602783, -389.016967773, 807.382080078, -315.26864624, 255.989059448, -274.239837646], [-107.255889893, 2431.37573242, -580.445800781, -49.5314178467, 207.063980103, -72.5159301758, 353.813812256, -201.015197754, 52.9271240234, -348.237884521, 39.708984375, -178.547088623, 123.376914978], [621.142089844, -580.445800781, 1398.21813965, 132.324966431, 36.9613075256, 139.949035645, -220.574951172, 9.39488792419, -55.3023643494, 185.03364563, -18.6595401764, 160.055541992, -16.6657485962], [1376.90112305, -49.5314178467, 132.324966431, 405.849212646, -5.90103912354, 84.9449996948, -94.7672729492, 62.0559577942, 12.5546808243, 104.77016449, 9.97118091583, 24.9072875977, -2.94687628746], [-819.312316895, 207.063980103, 36.9613075256, -5.90103912354, 303.963775635, 50.5025177002, 176.799728394, -38.0695495605, 20.3292179108, -54.5530090332, 4.60611581802, -18.9225711823, 29.2043037415], [194.812530518, -72.5159301758, 139.949035645, 84.9449996948, 50.5025177002, 222.223175049, 45.5997886658, 33.1938438416, -27.307767868, -18.549123764, -2.00245332718, 28.1680603027, 20.2580547333], [-1185.41516113, 353.813812256, -220.574951172, -94.7672729492, 176.799728394, 45.5997886658, 337.096069336, -11.5664138794, 46.0382347107, -147.370895386, -2.83248972893, -49.0494003296, 48.1868553162], [485.236602783, -201.015197754, 9.39488792419, 62.0559577942, -38.0695495605, 33.1938438416, -11.5664138794, 169.230575562, 22.4294929504, 55.4245452881, -22.6709861755, -6.2386841774, -14.9736824036], [-389.016967773, 52.9271240234, -55.3023643494, 12.5546808243, 20.3292179108, -27.307767868, 46.0382347107, 22.4294929504, 123.696044922, 21.6253795624, 15.0186252594, -39.6444892883, -4.1269197464], [807.382080078, -348.237884521, 185.03364563, 104.77016449, -54.5530090332, -18.549123764, -147.370895386, 55.4245452881, 21.6253795624, 200.425308228, 17.7440719604, 29.6184082031, -52.4926681519], [-315.26864624, 39.708984375, -18.6595401764, 9.97118091583, 4.60611581802, -2.00245332718, -2.83248972893, -22.6709861755, 15.0186252594, 17.7440719604, 91.2250061035, 20.3517246246, 4.35887384415], [255.989059448, -178.547088623, 160.055541992, 24.9072875977, -18.9225711823, 28.1680603027, -49.0494003296, -6.2386841774, -39.6444892883, 29.6184082031, 20.3517246246, 104.143974304, 23.4571609497], [-274.239837646, 123.376914978, -16.6657485962, -2.94687628746, 29.2043037415, 20.2580547333, 48.1868553162, -14.9736824036, -4.1269197464, -52.4926681519, 4.35887384415, 23.4571609497, 89.8093109131]], "icov": [[0.000234330655076, -0.0003315032518, 0.000133060239023, -0.000450901599834, 0.000313217286021, -0.00023884246184, 0.000318016973324, -0.000378279743018, 0.000582302280236, -0.000891471281648, 0.00117081729695, -0.000875881756656, 0.000576820166316], [-0.0003315032518, 0.00123903993517, -0.000188202960999, 0.000190223523532, -0.000499652232975, 0.000731218664441, -0.000732597021852, 0.00110188743565, -0.000716545851901, 0.00217148801312, -0.00224254373461, 0.00249547278509, -0.0014754391741], [0.000133060239023, -0.000188202960999, 0.00125954148825, -7.9934077803e-05, -0.000482986361021, -0.000920119637158, 0.000971337314695, 6.62118545733e-05, -3.35152071784e-05, -0.00120678322855, 0.00152691861149, -0.00202392786741, 0.000498068518937], [-0.000450901599834, 0.000190223523532, -7.9934077803e-05, 0.00460346834734, -0.00113742495887, -0.00137291953433, 0.000744108168874, -0.000146009100717, -0.00177410861943, -0.000279124767985, -0.00197210302576, 0.00113297847565, -0.00169087969698], [0.000313217286021, -0.000499652232975, -0.000482986361021, -0.00113742495887, 0.00614775065333, -0.000616019533481, -0.00338604184799, 0.00107254565228, 0.00128999038134, -0.00247705099173, 0.00141969416291, 1.63344666362e-05, 0.000189596423297], [-0.00023884246184, 0.000731218664441, -0.000920119637158, -0.00137291953433, -0.000616019533481, 0.00708386674523, -0.00197767815553, -0.000983928097412, 0.00127541134134, 0.00280406069942, -0.00221157213673, 0.000882319116499, -0.00087570422329], [0.000318016973324, -0.000732597021852, 0.000971337314695, 0.000744108168874, -0.00338604184799, -0.00197767815553, 0.00882953125983, -0.00225480739027, -0.00232133502141, 0.00267220032401, 0.00162539724261, -0.00183269346599, 0.000470953353215], [-0.000378279743018, 0.00110188743565, 6.62118545733e-05, -0.000146009100717, 0.00107254565228, -0.000983928097412, -0.00225480739027, 0.00929720047861, -0.00193982594647, -0.00117303663865, 0.000457242567791, 0.00254976865835, -0.00149119773414], [0.000582302280236, -0.000716545851901, -3.35152071784e-05, -0.00177410861943, 0.00128999038134, 0.00127541134134, -0.00232133502141, -0.00193982594647, 0.0136886844411, -0.00544569548219, -1.96779410544e-06, 0.00337353372015, -0.000522017187905], [-0.000891471281648, 0.00217148801312, -0.00120678322855, -0.000279124767985, -0.00247705099173, 0.00280406069942, 0.00267220032401, -0.00117303663865, -0.00544569548219, 0.017011795193, -0.00718642026186, 0.00181936181616, 0.00217183958739], [0.00117081729695, -0.00224254373461, 0.00152691861149, -0.00197210302576, 0.00141969416291, -0.00221157213673, 0.00162539724261, 0.000457242567791, -1.96779410544e-06, -0.00718642026186, 0.0199258346111, -0.0095763579011, 0.00344954035245], [-0.000875881756656, 0.00249547278509, -0.00202392786741, 0.00113297847565, 1.63344666362e-05, 0.000882319116499, -0.00183269346599, 0.00254976865835, 0.00337353372015, 0.00181936181616, -0.0095763579011, 0.0227009225637, -0.0094830757007], [0.000576820166316, -0.0014754391741, 0.000498068518937, -0.00169087969698, 0.000189596423297, -0.00087570422329, 0.000470953353215, -0.00149119773414, -0.000522017187905, 0.00217183958739, 0.00344954035245, -0.0094830757007, 0.0181493647397]]}, "melbands": {"dmean": [0.000413658272009, 0.000779568159487, 0.000625992310233, 0.000505210948177, 0.000381837744499, 0.000187821075087, 0.000145682337461, 0.000124453494209, 0.000138406452606, 6.33202071185e-05, 5.25394498254e-05, 9.22973704292e-05, 4.21328404627e-05, 2.85289133899e-05, 2.25802177738e-05, 1.87178466149e-05, 9.72003726929e-06, 9.85435417533e-06, 6.70775079925e-06, 6.52497374176e-06, 4.5483093345e-06, 3.33412890541e-06, 2.6734869607e-06, 1.74703325229e-06, 1.65176993505e-06, 1.57810484325e-06, 1.4653778635e-06, 8.44205317208e-07, 6.24187180165e-07, 4.65267390837e-07, 2.93444799127e-07, 3.26618732061e-07, 2.80383574136e-07, 2.38038040834e-07, 1.83995538805e-07, 1.56292983888e-07, 1.3183056069e-07, 9.76574483502e-08, 9.27101737602e-08, 6.78593679027e-08], "dmean2": [0.000676692230627, 0.00123826216441, 0.000983554054983, 0.000828653108329, 0.000604791741353, 0.000307167007122, 0.000220641144551, 0.000184061660548, 0.000178853035322, 8.25722090667e-05, 7.2528840974e-05, 0.000129429477965, 6.0026141e-05, 3.98581905756e-05, 3.35117510986e-05, 2.88902047032e-05, 1.51167623699e-05, 1.55890757014e-05, 1.07110872705e-05, 1.02381400211e-05, 7.24522078599e-06, 5.3571202443e-06, 4.47692900707e-06, 2.79711457551e-06, 2.64680147666e-06, 2.50597508966e-06, 2.26375050261e-06, 1.3092487734e-06, 9.83272798294e-07, 7.335094665e-07, 4.74496061997e-07, 5.34150842668e-07, 4.60682969106e-07, 3.88977383636e-07, 2.99947799931e-07, 2.56358049455e-07, 2.07624637483e-07, 1.53805999048e-07, 1.44869346741e-07, 9.81649677101e-08], "dvar": [1.05331764644e-06, 2.43264230448e-06, 1.77453011929e-06, 1.26074792206e-06, 9.42224119171e-07, 1.57370678266e-07, 1.26617621277e-07, 7.4000325867e-08, 1.05477020895e-07, 1.47531959982e-08, 1.05517949933e-08, 4.53839241743e-08, 8.11568856562e-09, 1.07140865069e-08, 4.29881152897e-09, 9.98604221536e-09, 4.34357827483e-10, 1.22794607815e-09, 5.83117942821e-10, 5.97502380906e-10, 8.28775936768e-11, 3.45078861319e-11, 2.75943573547e-11, 1.21928170685e-11, 1.40957679556e-11, 1.95658558799e-11, 1.34059950641e-11, 3.99522429029e-12, 2.25642247942e-12, 1.80853259885e-12, 9.15670208927e-13, 1.19711196251e-12, 9.20794148394e-13, 1.17272500304e-12, 5.05627766219e-13, 5.44614483719e-13, 5.38544306806e-13, 1.20213152041e-13, 1.24246343465e-13, 3.67580349026e-14], "dvar2": [2.81022835225e-06, 6.04506249147e-06, 4.69254155178e-06, 3.50365871782e-06, 2.28055114349e-06, 4.34593317777e-07, 3.12581903472e-07, 1.64089556165e-07, 1.62773730494e-07, 2.36367903028e-08, 2.01565111269e-08, 8.99971510648e-08, 1.70244085496e-08, 1.94715283897e-08, 8.64564597691e-09, 2.09455848221e-08, 1.02997810281e-09, 2.48203169129e-09, 1.20773357981e-09, 1.30637645146e-09, 1.92120166997e-10, 8.36117494685e-11, 7.49433987091e-11, 3.12165848726e-11, 3.40713048053e-11, 4.76761893853e-11, 3.11900123784e-11, 9.15069409135e-12, 5.47453402056e-12, 4.44378735198e-12, 2.4444498075e-12, 3.25460687046e-12, 2.51095650348e-12, 3.32284959097e-12, 1.40104486172e-12, 1.54098608873e-12, 1.52199954029e-12, 2.99649167241e-13, 3.17485377181e-13, 7.6085811913e-14], "max": [0.018805379048, 0.0267063882202, 0.0287890210748, 0.0167615320534, 0.0183714851737, 0.00662918947637, 0.00890560355037, 0.00628929864615, 0.0123125184327, 0.00302418810315, 0.00217588827945, 0.00443939678371, 0.00184536527377, 0.00287800957449, 0.00168856827077, 0.0061820326373, 0.000767705554608, 0.00250801956281, 0.00131519290153, 0.00108082976658, 0.00028635628405, 0.000130741042085, 0.000117825416964, 6.38108394924e-05, 8.13388178358e-05, 0.000118497249787, 9.65207291301e-05, 5.87330687267e-05, 3.80885903724e-05, 2.5198864023e-05, 1.78306236194e-05, 2.1365005523e-05, 1.88427402463e-05, 4.88147197757e-05, 2.11848200706e-05, 3.45873231709e-05, 3.78827680834e-05, 6.28383395451e-06, 6.70282815918e-06, 3.23259769175e-06], "mean": [0.00101635721512, 0.00209139031358, 0.00159451621585, 0.00124549807515, 0.00101926585194, 0.000446409074357, 0.000350766989868, 0.00032937026117, 0.000394529284677, 0.000147040613228, 0.000106853898615, 0.000175265944563, 7.6833392086e-05, 4.45964906248e-05, 3.48136854882e-05, 3.37970850524e-05, 1.9220455215e-05, 1.65663641383e-05, 1.14136537377e-05, 1.17220943139e-05, 8.83253051143e-06, 6.43959447189e-06, 4.86400358568e-06, 3.40589554071e-06, 2.95578161058e-06, 2.89407512355e-06, 2.7435969514e-06, 1.53986729856e-06, 1.0960692407e-06, 6.92947537573e-07, 4.09119110145e-07, 4.22332988137e-07, 3.6693313632e-07, 3.21700866834e-07, 2.43914627163e-07, 2.21324754079e-07, 1.84178588825e-07, 1.29894004886e-07, 1.24075597796e-07, 1.05253675997e-07], "median": [0.000488135556225, 0.00106080435216, 0.000594014243688, 0.000361776270438, 0.000301128136925, 0.000170049228473, 0.000101480523881, 0.000126567276311, 0.000112366236863, 6.97164650774e-05, 4.66746932943e-05, 5.54449179617e-05, 3.07563313982e-05, 1.50785745063e-05, 1.20858221635e-05, 1.04949822344e-05, 8.14926806925e-06, 6.29569194643e-06, 4.47905858891e-06, 3.96044424633e-06, 4.17475393988e-06, 3.04381342175e-06, 1.87144280517e-06, 1.4245198372e-06, 1.0128201211e-06, 9.96791982288e-07, 1.0089135003e-06, 6.03077296546e-07, 4.02323450999e-07, 1.70896939267e-07, 8.4664378619e-08, 7.52513713564e-08, 6.75322198163e-08, 6.93058694878e-08, 4.21409680484e-08, 2.93474453628e-08, 2.07925499041e-08, 1.27331274413e-08, 1.20204735055e-08, 1.05596917876e-08], "min": [7.62033165784e-24, 1.82105305641e-24, 6.23365105383e-24, 1.09331325189e-23, 3.63897370393e-23, 3.74409162836e-23, 6.8955428242e-24, 1.33350009829e-23, 5.94928405244e-24, 2.73664545213e-24, 3.32220447751e-24, 7.03153692224e-24, 4.38187423175e-24, 6.89647604665e-24, 5.31659551834e-24, 7.93515815651e-24, 5.88855753995e-24, 1.04773097552e-23, 1.02893391899e-23, 1.62786386062e-23, 1.32984719898e-23, 9.81959382006e-24, 1.14556416393e-23, 1.12866416009e-23, 9.51903781517e-24, 1.32937546016e-23, 6.14931827319e-24, 1.12184051326e-23, 1.14335685223e-23, 9.75083354812e-24, 1.64672094947e-23, 8.53716710113e-24, 6.48212015087e-24, 6.6169420016e-24, 7.4623859274e-24, 4.81585264812e-24, 5.94873303309e-24, 1.22946322884e-23, 1.18323724197e-23, 8.85931028469e-24], "var": [1.90833043234e-06, 6.5151648414e-06, 4.98866165799e-06, 3.66689619113e-06, 4.05911896451e-06, 4.47604406872e-07, 3.8847167616e-07, 2.71998061407e-07, 6.9925488333e-07, 5.8689487048e-08, 2.77411214e-08, 1.1859859228e-07, 1.89261246675e-08, 1.91319564635e-08, 7.62939045273e-09, 2.06022079396e-08, 9.96863369629e-10, 2.9248876654e-09, 1.32021671373e-09, 1.11909115308e-09, 1.80899226154e-10, 8.43138614481e-11, 5.78347578162e-11, 2.67188840497e-11, 2.84116324217e-11, 3.49591987303e-11, 2.68700461187e-11, 7.45592216439e-12, 3.80427373631e-12, 2.40028786777e-12, 9.99934510193e-13, 1.18822562466e-12, 9.17143314419e-13, 9.02702934104e-13, 4.39319967124e-13, 4.85084303455e-13, 4.4574378368e-13, 1.53135032324e-13, 1.38830705829e-13, 7.57266225095e-14]}, "mfcc": {"mean": [-712.190063477, 178.272323608, -5.87638616562, 19.6505622864, -0.514199256897, -1.38058340549, 3.06089735031, 4.68175268173, 0.583114326, 2.18438506126, -5.36189508438, -4.10537147522, -0.600599050522], "cov": [[8856.30371094, -529.361694336, 497.479400635, 816.551818848, 218.12828064, 127.179611206, -403.513427734, -328.644897461, -183.300750732, 186.499633789, 224.288757324, 213.318161011, 170.579177856], [-529.361694336, 1628.53796387, -135.741897583, 33.7191429138, 44.0742530823, 56.634513855, 198.110061646, 140.129241943, 115.494499207, -30.1675720215, -56.9647827148, -84.0981750488, -58.1923065186], [497.479400635, -135.741897583, 864.58013916, 118.342483521, 145.316604614, 138.592849731, -69.3991775513, -15.9752845764, -53.5013275146, -53.6671981812, 25.1730995178, 23.1945323944, -1.83433747292], [816.551818848, 33.7191429138, 118.342483521, 303.465270996, 85.1573104858, 52.4010276794, -46.1776123047, -51.4007530212, -10.8151464462, 29.8577213287, 46.3472709656, 45.1558609009, 35.640712738], [218.12828064, 44.0742530823, 145.316604614, 85.1573104858, 184.693374634, 84.6831359863, 25.0518817902, -3.04900979996, -1.40512442589, 9.24637126923, 20.0180568695, 14.6592187881, 6.19671535492], [127.179611206, 56.634513855, 138.592849731, 52.4010276794, 84.6831359863, 182.895645142, 69.9695739746, 38.5483894348, 5.28851270676, -27.1567554474, -2.23416519165, -3.85573577881, -0.565588772297], [-403.513427734, 198.110061646, -69.3991775513, -46.1776123047, 25.0518817902, 69.9695739746, 204.882644653, 120.763572693, 61.8590126038, -11.7557888031, -29.9087047577, -24.6768417358, -6.3273358345], [-328.644897461, 140.129241943, -15.9752845764, -51.4007530212, -3.04900979996, 38.5483894348, 120.763572693, 168.587036133, 79.7957992554, -3.42023444176, -39.5427627563, -36.3154067993, -10.4920406342], [-183.300750732, 115.494499207, -53.5013275146, -10.8151464462, -1.40512442589, 5.28851270676, 61.8590126038, 79.7957992554, 134.489227295, 53.2394523621, -1.478479743, -36.0430030823, -30.5914402008], [186.499633789, -30.1675720215, -53.6671981812, 29.8577213287, 9.24637126923, -27.1567554474, -11.7557888031, -3.42023444176, 53.2394523621, 144.152389526, 54.416267395, 0.885138094425, -16.9229679108], [224.288757324, -56.9647827148, 25.1730995178, 46.3472709656, 20.0180568695, -2.23416519165, -29.9087047577, -39.5427627563, -1.478479743, 54.416267395, 115.829994202, 55.5684356689, -10.4400892258], [213.318161011, -84.0981750488, 23.1945323944, 45.1558609009, 14.6592187881, -3.85573577881, -24.6768417358, -36.3154067993, -36.0430030823, 0.885138094425, 55.5684356689, 111.826225281, 50.1295318604], [170.579177856, -58.1923065186, -1.83433747292, 35.640712738, 6.19671535492, -0.565588772297, -6.3273358345, -10.4920406342, -30.5914402008, -16.9229679108, -10.4400892258, 50.1295318604, 113.826652527]], "icov": [[0.000169485880178, 2.05530686799e-05, -1.35533891807e-05, -0.000360157631803, 2.61150908045e-05, -0.000138699877425, 0.000210481681279, -6.54601080896e-06, 0.000147587445099, -0.00021239068883, -3.05790490529e-05, -8.41006385599e-06, -0.000112956942758], [2.05530686799e-05, 0.000772520143073, 0.000117209085147, -0.000405116530601, -0.000175527122337, 0.000169684921275, -0.000565783004276, -0.000105522500235, -0.000315386103466, 0.000399896205636, 2.14679039345e-05, 0.000297299207887, 0.000307828042423], [-1.35533891807e-05, 0.000117209085147, 0.00170596444514, -0.000197174027562, -0.00100841536187, -0.00100573094096, 0.00133192690555, -0.000957653741352, 0.000322600040818, 0.000740612740628, -0.00037130623241, 4.72509454994e-05, 0.000347073364537], [-0.000360157631803, -0.000405116530601, -0.000197174027562, 0.00560350343585, -0.00135059014428, -0.00107815198135, 0.000891088217031, 0.00108210626058, -0.00111210055184, -0.000419633404817, -0.000508992758114, -0.000659725745209, -0.00132505910005], [2.61150908045e-05, -0.000175527122337, -0.00100841536187, -0.00135059014428, 0.00836676731706, -0.00259907380678, -0.00152334885206, 0.00131471268833, 0.000195000611711, -0.00137302000076, 6.20821401753e-06, -0.000393004826037, -0.000132203320391], [-0.000138699877425, 0.000169684921275, -0.00100573094096, -0.00107815198135, -0.00259907380678, 0.00959050096571, -0.00363629031926, -0.000556820770726, 0.000368831766536, 0.00197499897331, -0.000920666090678, 0.00112079607788, 0.000366380176274], [0.000210481681279, -0.000565783004276, 0.00133192690555, 0.000891088217031, -0.00152334885206, -0.00363629031926, 0.0116556575522, -0.00615913420916, -0.000671930552926, 0.000365937914466, -9.66139850789e-05, -0.000755449058488, -0.000519511464518], [-6.54601080896e-06, -0.000105522500235, -0.000957653741352, 0.00108210626058, 0.00131471268833, -0.000556820770726, -0.00615913420916, 0.0141979483888, -0.00604054005817, 0.000228267803323, 0.00253574852832, -8.3387196355e-05, -0.000826583360322], [0.000147587445099, -0.000315386103466, 0.000322600040818, -0.00111210055184, 0.000195000611711, 0.000368831766536, -0.000671930552926, -0.00604054005817, 0.0147699387744, -0.00508928485215, -0.00064062513411, 0.00215453584678, 0.00157330802176], [-0.00021239068883, 0.000399896205636, 0.000740612740628, -0.000419633404817, -0.00137302000076, 0.00197499897331, 0.000365937914466, 0.000228267803323, -0.00508928485215, 0.0122432550415, -0.00603625923395, 0.0025882688351, -0.000449047598522], [-3.05790490529e-05, 2.14679039345e-05, -0.00037130623241, -0.000508992758114, 6.20821401753e-06, -0.000920666090678, -9.66139850789e-05, 0.00253574852832, -0.00064062513411, -0.00603625923395, 0.0182882454246, -0.0106988959014, 0.00575324241072], [-8.41006385599e-06, 0.000297299207887, 4.72509454994e-05, -0.000659725745209, -0.000393004826037, 0.00112079607788, -0.000755449058488, -8.3387196355e-05, 0.00215453584678, 0.0025882688351, -0.0106988959014, 0.018910035491, -0.00799626391381], [-0.000112956942758, 0.000307828042423, 0.000347073364537, -0.00132505910005, -0.000132203320391, 0.000366380176274, -0.000519511464518, -0.000826583360322, 0.00157330802176, -0.000449047598522, 0.00575324241072, -0.00799626391381, 0.0138417026028]]}, "spectral_contrast_coeffs": {"dmean": [0.0389055982232, 0.0398372709751, 0.0379227735102, 0.0296750962734, 0.022129399702, 0.0171074867249], "dmean2": [0.0635631456971, 0.0630167275667, 0.0573244020343, 0.0465652085841, 0.03530369699, 0.0274776685983], "dvar": [0.00126428110525, 0.00129334814847, 0.00104331457987, 0.000646257249173, 0.000402487814426, 0.000371361238649], "dvar2": [0.00323535641655, 0.00301096145995, 0.00235771900043, 0.00144819437992, 0.000884190667421, 0.000872505828738], "max": [-0.311116248369, -0.314642012119, -0.413207292557, -0.461209893227, -0.583723723888, -0.616518139839], "mean": [-0.615269184113, -0.674198508263, -0.692210376263, -0.738480210304, -0.771474182606, -0.773815870285], "median": [-0.621080458164, -0.675621032715, -0.698780238628, -0.739084422588, -0.773143053055, -0.772896528244], "min": [-0.959524691105, -0.962517440319, -0.964322030544, -0.96829867363, -0.960727632046, -0.962150454521], "var": [0.00606980407611, 0.00672843307257, 0.0066582527943, 0.00344321294688, 0.00296490965411, 0.00157727126498]}, "spectral_contrast_valleys": {"dmean": [0.353090316057, 0.326350331306, 0.31253939867, 0.292725861073, 0.261405289173, 0.295524865389], "dmean2": [0.560278236866, 0.519931137562, 0.494774460793, 0.449719399214, 0.387150228024, 0.400080829859], "dvar": [0.160631909966, 0.117900565267, 0.121586635709, 0.123520255089, 0.126884907484, 0.176983490586], "dvar2": [