{"lowlevel": {"average_loudness": 0.0825816690922, "barkbands_crest": {"dmean": 1.59778296947, "dmean2": 2.33489918709, "dvar": 2.31124854088, "dvar2": 5.10522270203, "max": 25.3215942383, "mean": 11.9074745178, "median": 11.7557735443, "min": 2.16551566124, "var": 24.0929832458}, "barkbands_flatness_db": {"dmean": 0.0114110661671, "dmean2": 0.0172362849116, "dvar": 0.000122251105495, "dvar2": 0.000267875002464, "max": 0.400087565184, "mean": 0.200790688396, "median": 0.20879919827, "min": 0.0101718641818, "var": 0.00556709384546}, "barkbands_kurtosis": {"dmean": 1.60115849972, "dmean2": 2.40383601189, "dvar": 5.24844884872, "dvar2": 11.5161399841, "max": 48.8046646118, "mean": 3.78504896164, "median": 1.70964598656, "min": -1.72363364697, "var": 31.2093677521}, "barkbands_skewness": {"dmean": 0.328897535801, "dmean2": 0.476435691118, "dvar": 0.102917358279, "dvar2": 0.210621699691, "max": 6.35059309006, "mean": 1.32642757893, "median": 1.08029580116, "min": -2.04222369194, "var": 1.46374773979}, "barkbands_spread": {"dmean": 2.59255838394, "dmean2": 4.14683055878, "dvar": 18.3010292053, "dvar2": 50.0725097656, "max": 115.048927307, "mean": 15.7287836075, "median": 11.6422214508, "min": 1.56691050529, "var": 254.230834961}, "dissonance": {"dmean": 0.0255930107087, "dmean2": 0.043052457273, "dvar": 0.000553504214622, "dvar2": 0.00152282463387, "max": 0.499854028225, "mean": 0.426819682121, "median": 0.431424677372, "min": 0.238137543201, "var": 0.00237658293918}, "dynamic_complexity": 5.84077548981, "erbbands_crest": {"dmean": 2.17447566986, "dmean2": 3.34399414062, "dvar": 3.82740664482, "dvar2": 8.45723247528, "max": 25.2738609314, "mean": 10.3520965576, "median": 10.0115413666, "min": 2.41084265709, "var": 15.4302330017}, "erbbands_flatness_db": {"dmean": 0.0124145913869, "dmean2": 0.0178099833429, "dvar": 0.000117396280984, "dvar2": 0.000241951347562, "max": 0.429035753012, "mean": 0.224128246307, "median": 0.219611406326, "min": 0.0455785468221, "var": 0.00457772566006}, "erbbands_kurtosis": {"dmean": 1.10281515121, "dmean2": 1.73924148083, "dvar": 1.46232187748, "dvar2": 3.66986322403, "max": 17.7047920227, "mean": 1.43524968624, "median": 0.868383526802, "min": -1.60657787323, "var": 4.78458976746}, "erbbands_skewness": {"dmean": 0.298226892948, "dmean2": 0.463244765997, "dvar": 0.0651246383786, "dvar2": 0.156712129712, "max": 3.21143341064, "mean": 0.797595977783, "median": 0.810933828354, "min": -1.54005813599, "var": 0.60018068552}, "erbbands_spread": {"dmean": 3.72401237488, "dmean2": 5.75454711914, "dvar": 10.7341079712, "dvar2": 24.390542984, "max": 70.6474609375, "mean": 21.6142463684, "median": 19.9946250916, "min": 3.3627820015, "var": 112.751678467}, "hfc": {"dmean": 3.56018233299, "dmean2": 4.91379356384, "dvar": 19.6197013855, "dvar2": 38.2713851929, "max": 110.757965088, "mean": 18.1693992615, "median": 17.2668476105, "min": 1.06759635625e-16, "var": 146.978942871}, "melbands_crest": {"dmean": 1.88030338287, "dmean2": 2.8069896698, "dvar": 3.89143896103, "dvar2": 8.98171424866, "max": 37.1147651672, "mean": 16.0011081696, "median": 13.8509607315, "min": 1.67183923721, "var": 67.64012146}, "melbands_flatness_db": {"dmean": 0.0123263802379, "dmean2": 0.0185289960355, "dvar": 0.0001637624664, "dvar2": 0.000343116844306, "max": 0.44106861949, "mean": 0.270200818777, "median": 0.29276573658, "min": 0.0048682061024, "var": 0.00913111958653}, "melbands_kurtosis": {"dmean": 2.72337341309, "dmean2": 4.03491210938, "dvar": 18.1130046844, "dvar2": 37.8359642029, "max": 104.399673462, "mean": 7.29149675369, "median": 3.49883508682, "min": -1.490670681, "var": 101.477348328}, "melbands_skewness": {"dmean": 0.418156355619, "dmean2": 0.602565467358, "dvar": 0.157953009009, "dvar2": 0.312388330698, "max": 9.166015625, "mean": 1.88992083073, "median": 1.5189845562, "min": -0.353096097708, "var": 1.85186815262}, "melbands_spread": {"dmean": 3.2087328434, "dmean2": 5.06573390961, "dvar": 29.6494464874, "dvar2": 80.9822311401, "max": 155.306030273, "mean": 21.5016975403, "median": 13.9834699631, "min": 1.8093868494, "var": 637.562133789}, "pitch_salience": {"dmean": 0.0403495430946, "dmean2": 0.0624359734356, "dvar": 0.00134473328944, "dvar2": 0.00310601247475, "max": 0.821437060833, "mean": 0.460382342339, "median": 0.466450363398, "min": 0.119782872498, "var": 0.0167656783015}, "silence_rate_20dB": {"dmean": 0.00963700655848, "dmean2": 0.0192802064121, "dvar": 0.0095443809405, "dvar2": 0.0214800331742, "max": 1, "mean": 0.988760411739, "median": 1, "min": 0, "var": 0.0111130522564}, "silence_rate_30dB": {"dmean": 0.015419209376, "dmean2": 0.0308483298868, "dvar": 0.0151810292155, "dvar2": 0.0363240987062, "max": 1, "mean": 0.867052018642, "median": 1, "min": 0, "var": 0.115271054208}, "silence_rate_60dB": {"dmean": 0.000642467057332, "dmean2": 0.00128534703981, "dvar": 0.000642052327748, "dvar2": 0.00128371163737, "max": 1, "mean": 0.111753374338, "median": 0, "min": 0, "var": 0.0992647409439}, "spectral_centroid": {"dmean": 109.034088135, "dmean2": 171.892288208, "dvar": 35011.4492188, "dvar2": 56390.921875, "max": 11362.6679688, "mean": 1146.59509277, "median": 849.331970215, "min": 394.261199951, "var": 822888.3125}, "spectral_complexity": {"dmean": 1.69354319572, "dmean2": 2.86568117142, "dvar": 2.51065182686, "dvar2": 6.74807405472, "max": 39, "mean": 15.2177267075, "median": 17, "min": 0, "var": 51.6287193298}, "spectral_decrease": {"dmean": 1.70671088373e-09, "dmean2": 2.33758035151e-09, "dvar": 7.20773422043e-18, "dvar2": 1.37557224192e-17, "max": 5.96224396803e-29, "mean": -1.50400509824e-08, "median": -9.83869163917e-09, "min": -1.08218614514e-07, "var": 3.11721730056e-16}, "spectral_energy": {"dmean": 0.00670797238126, "dmean2": 0.00918293651193, "dvar": 0.000106653438706, "dvar2": 0.000203677511308, "max": 0.411091893911, "mean": 0.0584124363959, "median": 0.0389314740896, "min": 1.0065155504e-20, "var": 0.00452382583171}, "spectral_energyband_high": {"dmean": 3.88636872231e-05, "dmean2": 6.36670738459e-05, "dvar": 2.6568651279e-08, "dvar2": 7.39794785432e-08, "max": 0.00961749721318, "mean": 0.000129122607177, "median": 4.66852361569e-05, "min": 7.22893574487e-21, "var": 2.26950845672e-07}, "spectral_energyband_low": {"dmean": 0.00320682534948, "dmean2": 0.004636796657, "dvar": 8.83047250682e-05, "dvar2": 0.000166920974152, "max": 0.3963509202, "mean": 0.0356806628406, "median": 0.0101614054292, "min": 2.32538808365e-23, "var": 0.00384922837839}, "spectral_energyband_middle_high": {"dmean": 0.00167793524452, "dmean2": 0.00250177108683, "dvar": 1.45409157994e-05, "dvar2": 2.61537479673e-05, "max": 0.113834351301, "mean": 0.005052421242, "median": 0.00357149541378, "min": 1.40725545642e-21, "var": 4.84817282995e-05}, "spectral_energyband_middle_low": {"dmean": 0.00427000503987, "dmean2": 0.0056585483253, "dvar": 2.10142243304e-05, "dvar2": 3.81918980565e-05, "max": 0.0752987638116, "mean": 0.0176647678018, "median": 0.0164238288999, "min": 2.29383105998e-22, "var": 0.000144034362165}, "spectral_entropy": {"dmean": 0.102315530181, "dmean2": 0.153789043427, "dvar": 0.0116569940001, "dvar2": 0.0243706963956, "max": 9.81233692169, "mean": 6.93776226044, "median": 6.87220716476, "min": 5.38651847839, "var": 0.365992128849}, "spectral_flux": {"dmean": 0.0147275207564, "dmean2": 0.0243270304054, "dvar": 0.000265205890173, "dvar2": 0.000698633491993, "max": 0.301968634129, "mean": 0.0570472851396, "median": 0.0576663687825, "min": 6.39405958736e-11, "var": 0.000950529414695}, "spectral_kurtosis": {"dmean": 4.86343193054, "dmean2": 8.68798351288, "dvar": 26.3532333374, "dvar2": 81.3431472778, "max": 51.4544219971, "mean": 11.1981296539, "median": 9.39573955536, "min": -1.24952018261, "var": 57.6714134216}, "spectral_rms": {"dmean": 0.000444148667157, "dmean2": 0.00059759040596, "dvar": 2.47891648542e-07, "dvar2": 4.52526364825e-07, "max": 0.0200266130269, "mean": 0.00646032392979, "median": 0.0061629479751, "min": 3.13363441098e-12, "var": 1.5252270714e-05}, "spectral_rolloff": {"dmean": 189.530181885, "dmean2": 326.408874512, "dvar": 244299.828125, "dvar2": 590582.5, "max": 19272.2167969, "mean": 1629.77124023, "median": 710.595703125, "min": 43.06640625, "var": 9684017}, "spectral_skewness": {"dmean": 0.401929736137, "dmean2": 0.710547924042, "dvar": 0.150001585484, "dvar2": 0.458447545767, "max": 5.26111698151, "mean": 2.16276836395, "median": 2.07797384262, "min": -0.0646971464157, "var": 0.479854315519}, "spectral_spread": {"dmean": 229754.453125, "dmean2": 378899.5, "dvar": 952622514176, "dvar2": 1214356652030.0, "max": 53314136, "mean": 2966080.75, "median": 2433611, "min": 1171879.75, "var": 7125501214720.0}, "spectral_strongpeak": {"dmean": 0.370439112186, "dmean2": 0.624670147896, "dvar": 0.621985912323, "dvar2": 1.40826153755, "max": 10.5297775269, "mean": 1.14955890179, "median": 0.68984568119, "min": 0, "var": 1.25752973557}, "zerocrossingrate": {"dmean": 0.00409619836137, "dmean2": 0.00535822752863, "dvar": 9.81554840109e-05, "dvar2": 0.000190650505829, "max": 0.50927734375, "mean": 0.0534688346088, "median": 0.02978515625, "min": 0.00341796875, "var": 0.00597091205418}, "barkbands": {"dmean": [0.000541446439456, 0.00266620167531, 0.00062490417622, 0.000313703523716, 0.000429894396802, 0.000479002424981, 0.00216380902566, 0.00164013297763, 0.00175152847078, 0.00065433018608, 0.000792460748926, 0.000274636229733, 0.0002627025533, 0.000156546215294, 0.000183984389878, 0.000231220488786, 0.000104872815427, 0.000103205929918, 7.95274754637e-05, 5.41504668945e-05, 1.30835032905e-05, 7.04503327142e-06, 5.55243559575e-06, 2.55211352851e-06, 1.86408601621e-06, 3.49523475052e-07, 1.58057787303e-07], "dmean2": [0.000788585748523, 0.00382873509079, 0.000909489172045, 0.000497503206134, 0.000618652964476, 0.000711409607902, 0.00258077820763, 0.00232936721295, 0.00235261465423, 0.000895545061212, 0.00121874315664, 0.00044359266758, 0.000427954364568, 0.000252113764873, 0.000305884255795, 0.000393092544982, 0.000178968039108, 0.000176345056389, 0.000134458576213, 9.24951673369e-05, 2.20619949687e-05, 1.1455319509e-05, 8.8407741714e-06, 3.92455194742e-06, 2.91080891657e-06, 4.94406947382e-07, 2.27905076144e-07], "dvar": [6.47731667414e-06, 6.22767474852e-05, 1.66807694768e-06, 5.0564420917e-07, 5.74136606701e-07, 6.90460126407e-07, 8.1405378296e-06, 7.68860445532e-06, 6.72004352964e-06, 9.28531517275e-06, 4.66863548354e-06, 2.21998561756e-07, 1.57600041462e-07, 7.8194339892e-08, 9.01117687135e-08, 1.79702198011e-07, 6.09253589801e-08, 3.25173843407e-08, 2.13587849629e-08, 3.59003848871e-08, 1.17274390199e-09, 5.32509647488e-10, 1.23669774421e-09, 3.5795039155e-10, 3.1239918985e-10, 7.38399705963e-12, 5.26920434368e-12], "dvar2": [1.23851896205e-05, 0.000127458202769, 4.31946136814e-06, 1.38487291679e-06, 1.33063269914e-06, 1.78585173671e-06, 1.24945063362e-05, 1.43345132528e-05, 1.2155605873e-05, 1.33159892357e-05, 1.13311598398e-05, 5.78255651362e-07, 3.87126164014e-07, 2.02002254923e-07, 2.27902319239e-07, 5.07407378336e-07, 1.71098861301e-07, 9.52699608092e-08, 5.97730505092e-08, 1.07320474285e-07, 3.40072259242e-09, 1.45134249063e-09, 3.01401548164e-09, 8.513887928e-10, 8.04135147359e-10, 1.45449832734e-11, 1.22969160896e-11], "max": [0.0933251604438, 0.309846758842, 0.036594428122, 0.0169215351343, 0.0126209240407, 0.0152567643672, 0.0536727905273, 0.0406847819686, 0.0339020192623, 0.110123343766, 0.0576095357537, 0.00704875774682, 0.00615549599752, 0.00548294512555, 0.0040186024271, 0.00640296842903, 0.00690981466323, 0.00265229539946, 0.00215524667874, 0.00591163663194, 0.001319393632, 0.00085691944696, 0.00192060717382, 0.00123121985234, 0.000923751911614, 0.000188821577467, 0.000133394918521], "mean": [0.0057697375305, 0.0272501464933, 0.00261534866877, 0.000676049792673, 0.00121616071556, 0.00106994551606, 0.00801373552531, 0.00316993310116, 0.00340140727349, 0.00132598809432, 0.00137454702053, 0.000477384863188, 0.00041659118142, 0.000279544154182, 0.000291169038974, 0.00038041829248, 0.000169825347257, 0.000171985389898, 0.000153651082655, 0.000103383310488, 3.37369165209e-05, 1.94193708012e-05, 1.64789908013e-05, 9.11676124815e-06, 5.20754656463e-06, 1.31307274387e-06, 3.92252900383e-07], "median": [7.72588537075e-05, 0.00718914624304, 0.000647831708193, 0.000214287691051, 0.000497205997817, 0.000557166291401, 0.00573097635061, 0.00153764162678, 0.00184392556548, 0.000207516146475, 0.000680068507791, 0.000241627625655, 0.00026658346178, 0.000140782387462, 0.00018678107881, 0.000194192078197, 7.29521707399e-05, 9.55257710302e-05, 8.16635147203e-05, 3.70424022549e-05, 1.21761431728e-05, 6.57596456222e-06, 2.3757170311e-06, 1.1515994629e-06, 5.88290731685e-07, 1.8526023382e-07, 5.50248593356e-08], "min": [1.11273189138e-24, 4.11002053646e-24, 3.49959917914e-24, 1.55619064089e-24, 1.07935293823e-23, 2.65421055249e-23, 1.96949727279e-23, 2.3737528302e-23, 4.60104069603e-23, 2.60358067074e-23, 4.03626645945e-23, 4.87992606077e-23, 5.23143616925e-23, 5.58153800324e-23, 5.09552300834e-23, 8.83097156108e-23, 6.29412931179e-23, 1.29825944129e-22, 2.21263972856e-22, 2.81939644832e-22, 2.8262929859e-22, 3.75221449755e-22, 4.1301126975e-22, 6.01260340872e-22, 1.0179868047e-21, 1.34854027418e-21, 2.05728360759e-21], "var": [0.000310172501486, 0.00211909017526, 1.92454463104e-05, 1.60421450346e-06, 3.20969866152e-06, 2.11790484173e-06, 6.54640680295e-05, 2.00947524718e-05, 1.73822209035e-05, 2.88871888188e-05, 9.48982597038e-06, 4.75553065371e-07, 2.6629157901e-07, 1.7938411645e-07, 1.4044104546e-07, 2.99852871422e-07, 1.10873912718e-07, 5.28405479372e-08, 4.76336943223e-08, 7.02631695049e-08, 6.85837386882e-09, 3.83541420845e-09, 9.28402954514e-09, 3.63352659072e-09, 1.66757829767e-09, 6.21793311284e-11, 1.03832905815e-11]}, "erbbands": {"dmean": [0.118963703513, 0.462711542845, 0.691226363182, 0.811894774437, 1.09782671928, 1.56509530544, 2.63224935532, 5.12085914612, 18.5718631744, 33.1701774597, 36.0431022644, 36.5523300171, 27.2921161652, 32.3132362366, 12.4804754257, 8.13685703278, 11.4796667099, 6.91528272629, 7.87371778488, 8.52550125122, 11.7563905716, 6.69865036011, 6.4481306076, 4.41681861877, 3.16363668442, 2.28098964691, 0.785858571529, 0.489107787609, 0.277361094952, 0.204772248864, 0.187371462584, 0.0718968585134, 0.0374548584223, 0.0244224537164, 0.00725384103134, 0.00217900145799, 0.000556647893973, 0.000196023349417, 2.63347938017e-05, 8.02684371592e-06], "dmean2": [0.17026655376, 0.663916051388, 1.01073980331, 1.29781723022, 1.60814356804, 2.28300738335, 3.54955124855, 7.82919549942, 23.821855545, 41.7196578979, 48.7103500366, 49.0646858215, 37.8263702393, 47.1620330811, 20.0149517059, 13.088435173, 18.6281242371, 11.3454093933, 12.7228403091, 14.2443227768, 20.1981525421, 11.5076608658, 10.9882211685, 7.3130698204, 5.366147995, 3.92808008194, 1.31577312946, 0.823661327362, 0.457271188498, 0.344479054213, 0.309718042612, 0.112048454583, 0.0584158748388, 0.0383700542152, 0.0113646816462, 0.00330285914242, 0.000848402036354, 0.000286655762466, 3.544268111e-05, 1.09852944661e-05], "dvar": [0.216070860624, 0.999834001064, 1.99382185936, 2.30627727509, 6.24579811096, 8.98119926453, 19.5601406097, 97.3842926025, 744.312805176, 1618.20812988, 2786.45556641, 3131.48730469, 5287.18164062, 6652.09521484, 834.042297363, 183.108901978, 284.720794678, 115.461082458, 136.383117676, 177.56401062, 528.322998047, 282.641174316, 139.468826294, 68.1641311646, 33.199760437, 141.455749512, 3.40227508545, 2.33723163605, 0.851393520832, 0.933685898781, 2.08456230164, 0.284889221191, 0.0737487524748, 0.044846419245, 0.00431917002425, 0.000217353532207, 2.13186140172e-05, 7.64808646636e-06, 7.35123180107e-08, 1.81671566679e-10], "dvar2": [0.414583057165, 2.14507293701, 4.99306726456, 6.73447227478, 14.4458255768, 21.8498897552, 34.2140922546, 275.063415527, 1468.02246094, 2685.84106445, 4751.56445312, 5592.57666016, 8156.06640625, 13691.3007812, 2264.30908203, 467.487121582, 708.170959473, 291.857055664, 351.750976562, 473.366241455, 1483.64208984, 803.995605469, 408.815063477, 186.496887207, 91.6179275513, 424.274749756, 10.186873436, 6.71521663666, 2.21997380257, 2.66898798943, 5.79031896591, 0.625356018543, 0.193027466536, 0.108941189945, 0.0114156249911, 0.000410914915847, 4.7503355745e-05, 1.74920951395e-05, 1.45452816014e-07, 3.31876942594e-10], "max": [19.9197101593, 26.4547214508, 35.7298622131, 36.1977882385, 69.4123382568, 74.501411438, 89.6764221191, 194.907028198, 768.14654541, 818.309387207, 798.287780762, 940.858398438, 2444.03198242, 1851.4017334, 846.692993164, 220.240951538, 260.945373535, 312.675201416, 232.072128296, 187.885070801, 349.629638672, 440.868835449, 182.302886963, 175.158554077, 95.1312561035, 379.230133057, 61.985710144, 60.3496322632, 33.6288948059, 41.1964302063, 68.7123565674, 33.5334663391, 16.6310958862, 11.7065792084, 3.8966190815, 0.858848869801, 0.27291277051, 0.165194749832, 0.0172212533653, 0.000488223973662], "mean": [1.50923967361, 3.25006556511, 3.13321995735, 2.61344861984, 3.00856900215, 4.20260334015, 6.23860311508, 11.3955860138, 65.6617965698, 118.16570282, 76.1733627319, 69.5902175903, 57.0697746277, 63.0442237854, 25.3723812103, 15.2774305344, 19.123922348, 13.7128143311, 15.153588295, 15.6391849518, 20.661907196, 11.7946977615, 10.7221755981, 8.80703163147, 6.52928876877, 4.43419694901, 1.79553902149, 1.22823321819, 0.730415821075, 0.585850656033, 0.487654149532, 0.249249234796, 0.130725517869, 0.0734157040715, 0.0231811124831, 0.00768154766411, 0.00192636612337, 0.000506952346768, 9.57631855272e-05, 6.78431097185e-05], "median": [0.258133858442, 1.68567371368, 1.47457885742, 1.19185245037, 0.906005978584, 1.69265675545, 3.32841444016, 6.008644104, 48.2376327515, 91.7533569336, 46.32604599, 40.0216217041, 22.7358112335, 29.779094696, 16.436580658, 8.66893005371, 13.0622386932, 9.62485313416, 10.8140277863, 11.1305894852, 10.7578325272, 5.48116016388, 6.34084701538, 4.56977844238, 3.58761548996, 1.54424417019, 0.804978013039, 0.436960101128, 0.258004724979, 0.130530238152, 0.0649628341198, 0.0318646505475, 0.0156663395464, 0.00808760896325, 0.00342608289793, 0.00112739671022, 0.000305750698317, 7.96423555585e-05, 3.04894529108e-05, 4.64486220153e-05], "min": [6.96973377239e-23, 1.40667485479e-21, 6.77771679866e-21, 7.96918565272e-21, 2.00227985309e-20, 2.82537884631e-20, 8.17280036103e-20, 1.89017090145e-19, 3.25552956695e-19, 4.01286408255e-19, 7.23898427679e-19, 1.06334925944e-18, 9.96209904247e-19, 8.00525906386e-19, 1.51332910201e-18, 2.24374685029e-18, 2.47313354673e-18, 2.91394367863e-18, 3.50705885441e-18, 3.04900262712e-18, 3.9062698665e-18, 4.23654075122e-18, 7.75595148012e-18, 7.14751629902e-18, 1.19986791287e-17, 1.34021184237e-17, 1.0734020061e-17, 1.31738430445e-17, 1.44980078311e-17, 1.4516528405e-17, 1.12976336334e-17, 1.12618167129e-17, 9.01763683356e-18, 9.45656450918e-18, 6.70361602715e-18, 4.34591925721e-18, 2.25887329536e-18, 1.0388348314e-18, 2.86804223737e-19, 2.84950343963e-20], "var": [9.19840621948, 18.3896713257, 20.3013076782, 13.6791753769, 31.6086826324, 48.6102333069, 75.8625793457, 258.01651001, 4582.74658203, 11369.7548828, 7646.96875, 7371.96289062, 16210.0908203, 17177.8320312, 1434.7644043, 409.554595947, 481.981933594, 251.807159424, 277.915100098, 304.642089844, 933.583984375, 497.011535645, 200.416381836, 182.157287598, 82.6404953003, 237.270950317, 13.9227371216, 12.1995716095, 4.73482608795, 5.89096641541, 10.0542087555, 2.59108185768, 0.843964993954, 0.311634689569, 0.026195930317, 0.00207401462831, 0.000143190758536, 1.81582308869e-05, 2.38528571117e-07, 5.61194868354e-09]}, "gfcc": {"mean": [-79.4357376099, 135.212203979, -142.069564819, 9.74152946472, -49.2078056335, -6.22510719299, -14.4055967331, 16.6235256195, 2.62827086449, 6.51385736465, -1.48987996578, -4.68144845963, -5.69017887115], "cov": [[29349.5566406, 8120.65673828, -1141.27319336, 1162.33996582, 30.5234069824, 443.797515869, 656.887756348, 662.090026855, 704.929077148, -46.6814079285, 240.378112793, -338.192779541, 145.600036621], [8120.65673828, 3639.31835938, -367.767578125, 104.24786377, 266.501922607, 6.9987616539, 331.193878174, 133.625411987, 383.122711182, -68.1778106689, 222.6615448, -170.910430908, 166.153274536], [-1141.27319336, -367.767578125, 1031.15795898, 535.600402832, 429.017059326, 384.044036865, 95.685585022, 74.5814590454, -46.9997825623, -1.53968596458, -18.4411621094, 139.40965271, 29.1552944183], [1162.33996582, 104.24786377, 535.600402832, 594.538513184, 298.723236084, 308.124328613, 107.092254639, 109.508926392, -3.14918279648, 8.03584194183, -9.20994186401, 78.4060058594, 8.35945510864], [30.5234069824, 266.501922607, 429.017059326, 298.723236084, 394.566345215, 215.52633667, 136.5806427, 68.8861465454, 52.7797737122, 3.21665096283, 39.3134918213, 65.3307189941, 53.1635894775], [443.797515869, 6.9987616539, 384.044036865, 308.124328613, 215.52633667, 277.983123779, 95.0483551025, 79.5120544434, 4.85832643509, 8.82603168488, -3.23459243774, 63.1486701965, 24.7963104248], [656.887756348, 331.193878174, 95.685585022, 107.092254639, 136.5806427, 95.0483551025, 146.959640503, 59.6378097534, 61.1347885132, -2.02630543709, 34.3582496643, 14.5033311844, 40.7512626648], [662.090026855, 133.625411987, 74.5814590454, 109.508926392, 68.8861465454, 79.5120544434, 59.6378097534, 114.178482056, 56.9261131287, 20.0888977051, 1.34100747108, 7.83089876175, 9.05505275726], [704.929077148, 383.122711182, -46.9997825623, -3.14918279648, 52.7797737122, 4.85832643509, 61.1347885132, 56.9261131287, 128.556213379, 36.5581932068, 52.1530723572, -12.0831508636, 33.0557518005], [-46.6814079285, -68.1778106689, -1.53968596458, 8.03584194183, 3.21665096283, 8.82603168488, -2.02630543709, 20.0888977051, 36.5581932068, 71.3011016846, 30.3708171844, 15.8343334198, -0.691170871258], [240.378112793, 222.6615448, -18.4411621094, -9.20994186401, 39.3134918213, -3.23459243774, 34.3582496643, 1.34100747108, 52.1530723572, 30.3708171844, 101.508735657, 30.4063529968, 31.4086208344], [-338.192779541, -170.910430908, 139.40965271, 78.4060058594, 65.3307189941, 63.1486701965, 14.5033311844, 7.83089876175, -12.0831508636, 15.8343334198, 30.4063529968, 99.0694885254, 29.2588291168], [145.600036621, 166.153274536, 29.1552944183, 8.35945510864, 53.1635894775, 24.7963104248, 40.7512626648, 9.05505275726, 33.0557518005, -0.691170871258, 31.4086208344, 29.2588291168, 78.2513122559]], "icov": [[0.000327502260916, -0.00091304956004, 0.000458212802187, -0.000836929189973, 0.00115469039883, -0.000775796186645, 0.000148890219862, -0.000699614640325, 0.000554654572625, -0.000719416362699, 0.000759786751587, -0.000868910399731, 0.000492048391607], [-0.00091304956004, 0.00333044421859, -0.000824565649964, 0.00170636631083, -0.00349562009797, 0.00213867169805, -0.000740191375371, 0.00210922490805, -0.00311106373556, 0.00386373721994, -0.00360849290155, 0.00406209472567, -0.00213134032674], [0.000458212802187, -0.000824565649964, 0.00403980491683, -0.00230449251831, -0.00075973541243, -0.00309716560878, 0.00126681779511, -0.000420285912696, 0.000628380745184, 6.17539626546e-05, 0.00106280110776, -0.00180623028427, 0.00050962792011], [-0.000836929189973, 0.00170636631083, -0.00230449251831, 0.00751654617488, -0.00388063397259, -0.000988245476037, -8.34468301036e-05, -0.000360000849469, 0.000810203957371, 0.000450659252238, -0.00101153948344, 0.000702754536178, 0.000829443510156], [0.00115469039883, -0.00349562009797, -0.00075973541243, -0.00388063397259, 0.0119691761211, -0.00362687930465, -0.00265305186622, -0.0010754634859, -0.000280999171082, -0.00192852527834, 0.00209406763315, -0.00376912974752, 0.00116551097017], [-0.000775796186645, 0.00213867169805, -0.00309716560878, -0.000988245476037, -0.00362687930465, 0.0147688100114, -0.0041031036526, -0.00130343984347, 0.00112508656457, -0.000581769505516, -0.000107988023956, 0.000873735523783, -0.00253007258289], [0.000148890219862, -0.000740191375371, 0.00126681779511, -8.34468301036e-05, -0.00265305186622, -0.0041031036526, 0.0158023945987, -0.00390618667006, -0.00221614609472, 0.00362899131142, -0.0023160497658, 0.000348561356077, -0.00207573850639], [-0.000699614640325, 0.00210922490805, -0.000420285912696, -0.000360000849469, -0.0010754634859, -0.00130343984347, -0.00390618667006, 0.0197959840298, -0.0107975034043, 0.000164665296325, 0.00354524608701, -7.4268784374e-05, 0.00107284775004], [0.000554654572625, -0.00311106373556, 0.000628380745184, 0.000810203957371, -0.000280999171082, 0.00112508656457, -0.00221614609472, -0.0107975034043, 0.0259676817805, -0.0127187725157, -0.00248974119313, 0.0026715034619, -0.00359037984163], [-0.000719416362699, 0.00386373721994, 6.17539626546e-05, 0.000450659252238, -0.00192852527834, -0.000581769505516, 0.00362899131142, 0.000164665296325, -0.0127187725157, 0.0279003120959, -0.00999862700701, 0.00140379031654, 0.0017567127943], [0.000759786751587, -0.00360849290155, 0.00106280110776, -0.00101153948344, 0.00209406763315, -0.000107988023956, -0.0023160497658, 0.00354524608701, -0.00248974119313, -0.00999862700701, 0.0233909171075, -0.0118726082146, 0.00138180854265], [-0.000868910399731, 0.00406209472567, -0.00180623028427, 0.000702754536178, -0.00376912974752, 0.000873735523783, 0.000348561356077, -7.4268784374e-05, 0.0026715034619, 0.00140379031654, -0.0118726082146, 0.0246656984091, -0.00987296830863], [0.000492048391607, -0.00213134032674, 0.00050962792011, 0.000829443510156, 0.00116551097017, -0.00253007258289, -0.00207573850639, 0.00107284775004, -0.00359037984163, 0.0017567127943, 0.00138180854265, -0.00987296830863, 0.0217467341572]]}, "melbands": {"dmean": [0.000854245212395, 0.000410603737691, 0.000149471816258, 8.68311035447e-05, 8.87334317667e-05, 0.000107453721284, 0.000359269295586, 0.000377735093934, 0.000288811395876, 0.000251323421253, 0.000140837175422, 0.000132667948492, 6.25182074145e-05, 3.28773021465e-05, 1.82064286491e-05, 3.45505904988e-05, 1.13102460091e-05, 1.30758953674e-05, 1.87113982975e-05, 1.36555436256e-05, 1.33947651193e-05, 7.94802508608e-06, 5.54836833544e-06, 4.20901460529e-06, 4.04234515372e-06, 2.93663561024e-06, 2.28693966164e-06, 1.55243560584e-06, 6.75331648381e-07, 3.26717724874e-07, 2.73038864407e-07, 2.04194080311e-07, 1.27519683701e-07, 1.26046927562e-07, 1.36920533578e-07, 6.02748073675e-08, 4.75599826188e-08, 2.76838179047e-08, 3.70648507442e-08, 1.57448329929e-08], "dmean2": [0.00121105811559, 0.000611111812759, 0.000233286104049, 0.000127465478727, 0.00012094896374, 0.000163980177604, 0.000442705786554, 0.000490370206535, 0.000381264282623, 0.000341192382621, 0.000195136890397, 0.000191567349248, 9.88323663478e-05, 5.33882994205e-05, 2.89528798021e-05, 5.5701333622e-05, 1.87223213288e-05, 2.10704056371e-05, 3.09572569677e-05, 2.289191616e-05, 2.30587847909e-05, 1.36339594974e-05, 9.33332921704e-06, 7.21688229532e-06, 6.69292558086e-06, 5.03166847921e-06, 3.86470901503e-06, 2.69412043963e-06, 1.14372562621e-06, 5.53449297058e-07, 4.59535641539e-07, 3.3403910038e-07, 2.20374573701e-07, 2.09401093798e-07, 2.33350917256e-07, 9.63574535717e-08, 7.87940024338e-08, 4.27731770003e-08, 5.85143631326e-08, 2.46437181772e-08], "dvar": [8.82454605744e-06, 6.02748229994e-07, 8.21945249641e-08, 2.73644999993e-08, 2.29650964911e-08, 3.95818737786e-08, 2.39731321017e-07, 2.38403359276e-07, 1.721428049e-07, 1.55245672318e-07, 1.66234698895e-07, 1.23699678056e-07, 3.07867864535e-08, 4.05120426095e-09, 1.3708829627e-09, 2.92790103273e-09, 4.3348297174e-10, 5.77708325622e-10, 1.05063724387e-09, 8.91651474877e-10, 9.13183861861e-10, 4.2838696479e-10, 1.00610915432e-10, 5.55970824934e-11, 6.09711101052e-11, 3.69767862163e-11, 2.94805985179e-11, 8.01676780515e-11, 1.84397657733e-12, 1.10891981361e-12, 8.46283817763e-13, 4.86315035551e-13, 3.40307778702e-13, 3.60059204674e-13, 1.10044417155e-12, 1.51808538071e-13, 1.52354610048e-13, 3.74976539077e-14, 1.31859841514e-13, 1.28554469926e-14], "dvar2": [1.68518727151e-05, 1.40299550822e-06, 2.27627197091e-07, 6.83993732764e-08, 4.33565006119e-08, 1.09789915825e-07, 4.08473169955e-07, 4.36788894831e-07, 2.81921444412e-07, 2.8242220651e-07, 2.527116294e-07, 2.33195564192e-07, 8.03137467642e-08, 1.07746762623e-08, 3.1333147188e-09, 7.1447567862e-09, 1.13658382705e-09, 1.47806999973e-09, 2.6485373894e-09, 2.56674725918e-09, 2.50679721425e-09, 1.22778009981e-09, 2.79704898132e-10, 1.60618976452e-10, 1.64563446203e-10, 1.06250334919e-10, 8.24815146738e-11, 2.40662073603e-10, 5.35985188524e-12, 3.16814846926e-12, 2.51644148228e-12, 1.33544304087e-12, 9.66442312463e-13, 9.31086804878e-13, 3.1576280219e-12, 3.66535930297e-13, 3.35217585027e-13, 9.57866598539e-14, 3.49993254864e-13, 2.92574429581e-14], "max": [0.124953083694, 0.0204501822591, 0.00568595994264, 0.00323376851156, 0.00311769917607, 0.00387067813426, 0.0112096862867, 0.00778408069164, 0.00522365374491, 0.00629662722349, 0.0139266699553, 0.00870595313609, 0.00515422318131, 0.00107267638668, 0.000615278666373, 0.000849433010444, 0.000536898674909, 0.000532996840775, 0.000435301451944, 0.000628666137345, 0.000519470893778, 0.000548562093172, 0.00018368056044, 0.000108449246909, 0.000156206355314, 0.000111810040835, 0.000112510671897, 0.000271714146947, 2.9064467526e-05, 4.38769602624e-05, 3.27737252519e-05, 2.64327245532e-05, 2.21312093345e-05, 2.40905574174e-05, 4.78436850244e-05, 2.10314010474e-05, 2.38182219618e-05, 1.25349515656e-05, 1.76000594365e-05, 6.70659073876e-06], "mean": [0.0101690059528, 0.00236792885698, 0.000486247532535, 0.000255989347352, 0.000214540297748, 0.00022943346994, 0.001313868328, 0.00123539660126, 0.0005747252726, 0.000462147436338, 0.0002854297054, 0.000259874534095, 0.00011545495363, 5.79265470151e-05, 2.84642355837e-05, 5.28934942849e-05, 2.11502920138e-05, 2.29640845646e-05, 2.83947192656e-05, 2.17651668208e-05, 2.26530428336e-05, 1.23666050058e-05, 8.9151044449e-06, 7.33845809009e-06, 7.32253101887e-06, 5.2150362535e-06, 4.31487342212e-06, 2.63151105173e-06, 1.28583917558e-06, 7.46359319237e-07, 6.19254649337e-07, 4.38781995626e-07, 3.19338482768e-07, 3.17199237543e-07, 3.12321674301e-07, 1.78205795009e-07, 1.47595315525e-07, 8.75620429497e-08, 9.21570944001e-08, 4.86484417195e-08], "median": [0.00214255508035, 0.00146176922135, 0.000214397179661, 9.55431023613e-05, 0.000114005626529, 0.000113851492642, 0.00095269526355, 0.000963058322668, 0.000332574127242, 0.000242165813688, 9.58221353358e-05, 0.000110520573799, 6.65066763759e-05, 2.80331914837e-05, 1.10266737465e-05, 3.02358330373e-05, 1.17806539492e-05, 1.25637625388e-05, 1.64924949786e-05, 1.06921197585e-05, 9.83845893643e-06, 4.54866767541e-06, 5.05105526827e-06, 4.02561363444e-06, 3.21724223795e-06, 2.70084774456e-06, 1.38673317451e-06, 6.7463565756e-07, 5.63598632652e-07, 2.76468369975e-07, 1.83553311217e-07, 1.41897970707e-07, 7.41575831853e-08, 5.85546686693e-08, 3.72972799312e-08, 2.22738201217e-08, 1.46421346159e-08, 1.10655395957e-08, 7.78970310478e-09, 5.94860916081e-09], "min": [1.31810531995e-24, 5.38807617712e-24, 1.47600263406e-24, 2.37028050116e-24, 4.36666262691e-24, 4.46698798469e-24, 4.59873643333e-24, 4.65637968296e-24, 6.21503275317e-24, 6.37665615316e-24, 3.79590361818e-24, 2.68300369943e-24, 4.79360006528e-24, 7.80953836824e-24, 4.48625315128e-24, 4.16094111347e-24, 5.24786837856e-24, 4.24282881973e-24, 4.16197333796e-24, 5.36079618372e-24, 3.35526445476e-24, 3.95803543902e-24, 5.53468992066e-24, 6.33461736109e-24, 5.22530577338e-24, 7.75599364543e-24, 8.7820721246e-24, 8.3792332036e-24, 5.95107910543e-24, 6.20650832223e-24, 6.21243621751e-24, 7.06169901895e-24, 6.83059117271e-24, 7.66506559319e-24, 6.56115770268e-24, 6.48600055766e-24, 6.58968764618e-24, 5.59378506879e-24, 7.11530448404e-24, 7.36816832518e-24], "var": [0.000365374056855, 7.70617316448e-06, 4.70960344501e-07, 1.63772895689e-07, 8.83766375637e-08, 1.08138117128e-07, 1.75302932348e-06, 1.21941036468e-06, 4.65159246232e-07, 3.6173389617e-07, 5.10743291215e-07, 3.37942026363e-07, 5.34033368638e-08, 8.20203016616e-09, 2.55805909788e-09, 4.98700192253e-09, 9.34962107735e-10, 1.14251108574e-09, 1.60004909322e-09, 1.33826372206e-09, 1.62376767587e-09, 7.28860194421e-10, 1.5905354811e-10, 9.80841033393e-11, 1.5386036889e-10, 6.38345001858e-11, 7.41069497434e-11, 1.20786908253e-10, 4.57025519859e-12, 4.33494993374e-12, 3.82744964195e-12, 1.54712863614e-12, 1.6792388877e-12, 1.952485916e-12, 4.27457071475e-12, 1.19112879282e-12, 1.05529961939e-12, 3.49145002189e-13, 6.01130419314e-13, 1.18859566287e-13]}, "mfcc": {"mean": [-709.870727539, 167.052566528, -29.7830066681, 19.3681354523, -12.279759407, -9.36837768555, -4.85875415802, 6.15393304825, 8.01556682587, 14.3696603775, 10.3246688843, 7.73124217987, 9.25627613068], "cov": [[18954.7597656, 6436.06884766, -144.283355713, 1331.26428223, 122.438560486, 334.424926758, 214.359481812, 648.802124023, 437.54119873, 624.596191406, 239.978424072, 206.749557495, 235.546432495], [6436.06884766, 3495.23120117, -364.951904297, 375.605834961, 8.23562717438, -1.9110519886, 21.758266449, 189.831939697, 173.471511841, 244.962097168, 126.848731995, 93.6693115234, 99.1447677612], [-144.283355713, -364.951904297, 516.933898926, 239.623916626, 287.632324219, 269.959014893, 149.216812134, 146.659637451, 19.0992412567, 14.2878675461, -38.9725456238, 14.0413541794, 2.77377295494], [1331.26428223, 375.605834961, 239.623916626, 373.851867676, 238.059432983, 216.43649292, 131.517791748, 164.77784729, 59.1062431335, 63.9452781677, 6.60611820221, 43.8670005798, 36.8354034424], [122.438560486, 8.23562717438, 287.632324219, 238.059432983, 313.302032471, 233.371826172, 133.688720703, 142.412857056, 46.8126068115, 37.2901878357, -7.67189455032, 37.7950172424, 27.3604335785], [334.424926758, -1.9110519886, 269.959014893, 216.43649292, 233.371826172, 269.410125732, 148.020217896, 139.563873291, 44.3499145508, 26.7256011963, -16.1730594635, 18.7937316895, 31.8890342712], [214.359481812, 21.758266449, 149.216812134, 131.517791748, 133.688720703, 148.020217896, 138.830673218, 105.993743896, 34.5385398865, 17.0772132874, -11.1924285889, 15.5043897629, 22.5177173615], [648.802124023, 189.831939697, 146.659637451, 164.77784729, 142.412857056, 139.563873291, 105.993743896, 166.67880249, 65.2170181274, 36.9029388428, 4.19504594803, 22.0067405701, 20.8263187408], [437.54119873, 173.471511841, 19.0992412567, 59.1062431335, 46.8126068115, 44.3499145508, 34.5385398865, 65.2170181274, 106.35004425, 56.302898407, 16.7226257324, 6.46142816544, 15.4250144958], [624.596191406, 244.962097168, 14.2878675461, 63.9452781677, 37.2901878357, 26.7256011963, 17.0772132874, 36.9029388428, 56.302898407, 102.05872345, 32.6613082886, 11.1204462051, 10.0484552383], [239.978424072, 126.848731995, -38.9725456238, 6.60611820221, -7.67189455032, -16.1730594635, -11.1924285889, 4.19504594803, 16.7226257324, 32.6613082886, 71.4460144043, 31.7994804382, 5.8040728569], [206.749557495, 93.6693115234, 14.0413541794, 43.8670005798, 37.7950172424, 18.7937316895, 15.5043897629, 22.0067405701, 6.46142816544, 11.1204462051, 31.7994804382, 96.313583374, 44.199344635], [235.546432495, 99.1447677612, 2.77377295494, 36.8354034424, 27.3604335785, 31.8890342712, 22.5177173615, 20.8263187408, 15.4250144958, 10.0484552383, 5.8040728569, 44.199344635, 90.433807373]], "icov": [[0.000226252770517, -0.000330281589413, -0.000183287382242, -0.00062804564368, 0.000841576606035, -0.000257742038229, 0.000246222363785, -0.000297569000395, 2.77104700217e-05, -0.000370209862012, 6.48888963042e-05, -5.48077259737e-05, -6.32510927971e-05], [-0.000330281589413, 0.00103908230085, 0.00110801053233, 7.41435578675e-05, -0.00106908648741, 0.000347926805262, -3.43488027283e-05, -0.000263059715508, 9.95414811769e-05, -0.000312014133669, -3.23510903399e-05, -1.93949526874e-05, -4.39539217041e-05], [-0.000183287382242, 0.00110801053233, 0.00650799553841, -0.000901394756511, -0.00280884373933, -0.00283252308145, 0.000528365373611, -0.00145948480349, 0.00159917993005, -0.00123107049149, 0.00183311721776, -0.000584916386288, 0.00151561526582], [-0.00062804564368, 7.41435578675e-05, -0.000901394756511, 0.00992901530117, -0.00463069602847, -0.00120653235354, -0.000793751853053, -0.00143277039751, 0.000927060551476, -0.000190507882508, -8.71062657097e-05, -0.000655678275507, 8.10568089946e-05], [0.000841576606035, -0.00106908648741, -0.00280884373933, -0.00463069602847, 0.0149790067226, -0.00654906826094, 0.00105310347863, -0.00206040986814, -0.00042955140816, -0.00221098749898, 0.000663734681439, -0.00273744971491, 0.00055644242093], [-0.000257742038229, 0.000347926805262, -0.00283252308145, -0.00120653235354, -0.00654906826094, 0.0183222815394, -0.00856595579535, -8.32369114505e-05, -0.000709335377906, 0.00153569621034, -0.000723727920558, 0.00302998255938, -0.00294328853488], [0.000246222363785, -3.43488027283e-05, 0.000528365373611, -0.000793751853053, 0.00105310347863, -0.00856595579535, 0.0215560905635, -0.00791906844825, 0.000568270450458, -0.000753852364141, 0.00231039710343, -0.000941697624512, -0.000839494809043], [-0.000297569000395, -0.000263059715508, -0.00145948480349, -0.00143277039751, -0.00206040986814, -8.32369114505e-05, -0.00791906844825, 0.0190249569714, -0.00693299528211, 0.0030054312665, -0.00146687764209, -0.000371132249711, 0.00105916301254], [2.77104700217e-05, 9.95414811769e-05, 0.00159917993005, 0.000927060551476, -0.00042955140816, -0.000709335377906, 0.000568270450458, -0.00693299528211, 0.0172310937196, -0.00792811531574, -0.000149120984133, 0.00151279557031, -0.00156068615615], [-0.000370209862012, -0.000312014133669, -0.00123107049149, -0.000190507882508, -0.00221098749898, 0.00153569621034, -0.000753852364141, 0.0030054312665, -0.00792811531574, 0.0188727416098, -0.00670790532604, 0.00206177704968, -0.000277259474387], [6.48888963042e-05, -3.23510903399e-05, 0.00183311721776, -8.71062657097e-05, 0.000663734681439, -0.000723727920558, 0.00231039710343, -0.00146687764209, -0.000149120984133, -0.00670790532604, 0.0217475462705, -0.0083092590794, 0.00309878005646], [-5.48077259737e-05, -1.93949526874e-05, -0.000584916386288, -0.000655678275507, -0.00273744971491, 0.00302998255938, -0.000941697624512, -0.000371132249711, 0.00151279557031, 0.00206177704968, -0.0083092590794, 0.0177419874817, -0.00809645373374], [-6.32510927971e-05, -4.39539217041e-05, 0.00151561526582, 8.10568089946e-05, 0.00055644242093, -0.00294328853488, -0.000839494809043, 0.00105916301254, -0.00156068615615, -0.000277259474387, 0.00309878005646, -0.00809645373374, 0.0160811301321]]}, "spectral_contrast_coeffs": {"dmean": [0.036767706275, 0.0404611900449, 0.0397300943732, 0.0311358626932, 0.0211670864373, 0.0131973503157], "dmean2": [0.0596640333533, 0.0645540133119, 0.0622719824314, 0.0520277395844, 0.0356899574399, 0.0222146548331], "dvar": [0.000817894586362, 0.00108620966785, 0.0011492902413, 0.000686045153998, 0.000298819330055, 0.00013585112174], "dvar2": [0.00224589300342, 0.00277219619602, 0.00267590931617, 0.00187281006947, 0.000846625887789, 0.000386212894227], "max": [-0.413046568632, -0.423938035965, -0.420356452465, -0.546900570393, -0.547725260258, -0.629162430763], "mean": [-0.721207559109, -0.662161886692, -0.695668280125, -0.724693953991, -0.721775233746, -0.737651050091], "median": [-0.722686707973, -0.648990809917, -0.685570597649, -0.715456187725, -0.71569532156, -0.728756070137], "min": [-0.967635691166, -0.968753933907, -0.968275308609, -0.968031406403, -0.960525870323, -0.964870750904], "var": [0.00603122916073, 0.0112599497661, 0.0083882715553, 0.00421379460022, 0.00427667284384, 0.00259766215459]}, "spectral_contrast_valleys": {"dmean": [0.324816316366, 0.318343132734, 0.282804489136, 0.249697268009, 0.164813801646, 0.130072325468], "dmean2": [0.531035661697, 0.517393708229, 0.463216781616, 0.413100600243, 0.267271310091, 0.209747940302], "dvar": [0.106039859354, 0.118878349662, 0.108346030116, 0.113333463669, 0.0866145119071, 0.067412301898], "dvar2": [0.230057373643, 0