{"lowlevel": {"average_loudness": 0.140225067735, "barkbands_crest": {"dmean": 1.8228508234, "dmean2": 2.80481982231, "dvar": 3.91913604736, "dvar2": 9.16076183319, "max": 26.1816501617, "mean": 12.1755781174, "median": 11.4321880341, "min": 2.66160035133, "var": 19.5959892273}, "barkbands_flatness_db": {"dmean": 0.0174121446908, "dmean2": 0.0249355193228, "dvar": 0.000440959789557, "dvar2": 0.000755749177188, "max": 0.451648890972, "mean": 0.256884217262, "median": 0.263811647892, "min": 0.0331378988922, "var": 0.00401777727529}, "barkbands_kurtosis": {"dmean": 2.94341802597, "dmean2": 4.32787847519, "dvar": 41.6064949036, "dvar2": 84.9984054565, "max": 186.497817993, "mean": 7.72300338745, "median": 3.22699022293, "min": -1.85607433319, "var": 163.675308228}, "barkbands_skewness": {"dmean": 0.3942463696, "dmean2": 0.562434077263, "dvar": 0.28621172905, "dvar2": 0.584277331829, "max": 10.7662763596, "mean": 1.77247750759, "median": 1.55369520187, "min": -3.04792094231, "var": 1.95961844921}, "barkbands_spread": {"dmean": 1.7772397995, "dmean2": 2.60005187988, "dvar": 15.8241920471, "dvar2": 30.2505645752, "max": 78.8493118286, "mean": 7.97222089767, "median": 6.69899654388, "min": 0.296689242125, "var": 46.8081703186}, "dissonance": {"dmean": 0.0325270518661, "dmean2": 0.0540763475001, "dvar": 0.00101541250478, "dvar2": 0.00262382812798, "max": 0.5, "mean": 0.399452596903, "median": 0.40784651041, "min": 0.121305309236, "var": 0.00354342418723}, "dynamic_complexity": 8.2796421051, "erbbands_crest": {"dmean": 2.01986980438, "dmean2": 3.13029003143, "dvar": 4.39626312256, "dvar2": 10.3020248413, "max": 32.3955039978, "mean": 11.1943979263, "median": 10.3183174133, "min": 2.67074966431, "var": 19.5920696259}, "erbbands_flatness_db": {"dmean": 0.0137552991509, "dmean2": 0.0193602964282, "dvar": 0.000288440001896, "dvar2": 0.00045986569603, "max": 0.46538862586, "mean": 0.271579533815, "median": 0.274201691151, "min": 0.039340429008, "var": 0.00347599899396}, "erbbands_kurtosis": {"dmean": 0.962693691254, "dmean2": 1.44268941879, "dvar": 2.58964800835, "dvar2": 5.49286556244, "max": 38.9535484314, "mean": 1.28160095215, "median": 0.258120059967, "min": -1.80797719955, "var": 9.56597995758}, "erbbands_skewness": {"dmean": 0.284188568592, "dmean2": 0.41386783123, "dvar": 0.105503790081, "dvar2": 0.214486449957, "max": 5.14911460876, "mean": 0.678792238235, "median": 0.569141447544, "min": -4.74902915955, "var": 0.745954334736}, "erbbands_spread": {"dmean": 3.471971035, "dmean2": 5.09523200989, "dvar": 33.6087112427, "dvar2": 66.5512390137, "max": 112.057601929, "mean": 20.0409526825, "median": 18.1643371582, "min": 2.84122157097, "var": 124.006561279}, "hfc": {"dmean": 2.08636522293, "dmean2": 2.53228545189, "dvar": 25.778711319, "dvar2": 36.434803009, "max": 212.184661865, "mean": 8.8857421875, "median": 2.58398103714, "min": 1.12183465519e-16, "var": 261.648498535}, "melbands_crest": {"dmean": 2.19106769562, "dmean2": 3.35548496246, "dvar": 6.00378465652, "dvar2": 14.121339798, "max": 36.57579422, "mean": 15.5015687943, "median": 14.6280136108, "min": 1.61849701405, "var": 30.9057388306}, "melbands_flatness_db": {"dmean": 0.0187707394361, "dmean2": 0.0261602122337, "dvar": 0.000570350850467, "dvar2": 0.000945700914599, "max": 0.57408118248, "mean": 0.342003494501, "median": 0.349737673998, "min": 0.00219822884537, "var": 0.00582080474123}, "melbands_kurtosis": {"dmean": 3.70389413834, "dmean2": 5.53583526611, "dvar": 70.2022171021, "dvar2": 161.031066895, "max": 300.017730713, "mean": 10.2526254654, "median": 5.55775737762, "min": -1.87730002403, "var": 221.710021973}, "melbands_skewness": {"dmean": 0.430016815662, "dmean2": 0.626279771328, "dvar": 0.326657474041, "dvar2": 0.713150501251, "max": 13.4204597473, "mean": 2.0845310688, "median": 1.9426920414, "min": -1.0633790493, "var": 1.91094434261}, "melbands_spread": {"dmean": 2.2981030941, "dmean2": 3.32310295105, "dvar": 25.1699104309, "dvar2": 49.0013771057, "max": 156.6459198, "mean": 11.3858766556, "median": 9.18106079102, "min": 0.541893541813, "var": 173.848419189}, "pitch_salience": {"dmean": 0.0497880764306, "dmean2": 0.0776346623898, "dvar": 0.00288478145376, "dvar2": 0.00668096216395, "max": 0.967528522015, "mean": 0.55474370718, "median": 0.565859079361, "min": 0.129993006587, "var": 0.0149115836248}, "silence_rate_20dB": {"dmean": 0, "dmean2": 0, "dvar": 0, "dvar2": 0, "max": 1, "mean": 1, "median": 1, "min": 1, "var": 0}, "silence_rate_30dB": {"dmean": 0.00445682462305, "dmean2": 0.00891464203596, "dvar": 0.00443671876565, "dvar2": 0.00994892511517, "max": 1, "mean": 0.992869853973, "median": 1, "min": 0, "var": 0.00707909371704}, "silence_rate_60dB": {"dmean": 0.0338718667626, "dmean2": 0.0677512809634, "dvar": 0.0327252186835, "dvar2": 0.0667204409838, "max": 1, "mean": 0.372660428286, "median": 0, "min": 0, "var": 0.233797863126}, "spectral_centroid": {"dmean": 82.6748352051, "dmean2": 115.738288879, "dvar": 36932.5742188, "dvar2": 61611.4960938, "max": 10890.1220703, "mean": 626.402587891, "median": 529.789672852, "min": 184.050735474, "var": 204715.109375}, "spectral_complexity": {"dmean": 1.1313649416, "dmean2": 1.7679964304, "dvar": 2.20658111572, "dvar2": 4.21072530746, "max": 31, "mean": 7.47950077057, "median": 7, "min": 0, "var": 31.7009449005}, "spectral_decrease": {"dmean": 8.37527602826e-10, "dmean2": 1.09521436364e-09, "dvar": 2.84316493554e-18, "dvar2": 4.82307012175e-18, "max": 2.47389331213e-18, "mean": -3.97664878804e-09, "median": -2.06925854229e-09, "min": -5.26038306248e-08, "var": 2.75446362876e-17}, "spectral_energy": {"dmean": 0.00333512458019, "dmean2": 0.00433862116188, "dvar": 4.58520298707e-05, "dvar2": 7.66911762184e-05, "max": 0.217784687877, "mean": 0.0158146750182, "median": 0.00804319791496, "min": 1.04465043456e-20, "var": 0.00044907638221}, "spectral_energyband_high": {"dmean": 7.65607819631e-06, "dmean2": 1.05450189949e-05, "dvar": 5.63558311129e-10, "dvar2": 1.016687734e-09, "max": 0.00106845644768, "mean": 1.88223220903e-05, "median": 3.92100264435e-06, "min": 7.34167706963e-21, "var": 1.73860714714e-09}, "spectral_energyband_low": {"dmean": 0.000256717496086, "dmean2": 0.000398482545279, "dvar": 3.52713414031e-07, "dvar2": 8.72315411016e-07, "max": 0.0138893732801, "mean": 0.000875796074979, "median": 0.000216933025513, "min": 1.86248381027e-22, "var": 2.23490292228e-06}, "spectral_energyband_middle_high": {"dmean": 0.00121222774033, "dmean2": 0.0014676010469, "dvar": 1.79497328645e-05, "dvar2": 2.53522066487e-05, "max": 0.186536490917, "mean": 0.00409639580175, "median": 0.000386239233194, "min": 1.67121482814e-21, "var": 0.000145393933053}, "spectral_energyband_middle_low": {"dmean": 0.00264633423649, "dmean2": 0.00363834341988, "dvar": 2.97329715977e-05, "dvar2": 5.78677609155e-05, "max": 0.146814927459, "mean": 0.0113584045321, "median": 0.006664107088, "min": 2.55542970549e-22, "var": 0.000182003917871}, "spectral_entropy": {"dmean": 0.152664065361, "dmean2": 0.216033473611, "dvar": 0.0408558361232, "dvar2": 0.0680780485272, "max": 9.78642559052, "mean": 6.33641862869, "median": 6.30658769608, "min": 4.2968916893, "var": 0.34069159627}, "spectral_flux": {"dmean": 0.0130083616823, "dmean2": 0.0202064849436, "dvar": 0.000383175560273, "dvar2": 0.000893825141247, "max": 0.335305243731, "mean": 0.0346459522843, "median": 0.022783825174, "min": 1.02208144726e-10, "var": 0.0013793874532}, "spectral_kurtosis": {"dmean": 10.1342105865, "dmean2": 17.3789386749, "dvar": 110.876625061, "dvar2": 327.625488281, "max": 136.358108521, "mean": 24.8913784027, "median": 20.0854454041, "min": -1.13527548313, "var": 326.643157959}, "spectral_rms": {"dmean": 0.000360440259101, "dmean2": 0.000461438612547, "dvar": 3.17748401812e-07, "dvar2": 4.54983563714e-07, "max": 0.0145764490589, "mean": 0.00310907955281, "median": 0.00280125369318, "min": 3.19244587363e-12, "var": 5.76258435103e-06}, "spectral_rolloff": {"dmean": 144.013946533, "dmean2": 238.704040527, "dvar": 201517.03125, "dvar2": 393340.25, "max": 19035.3515625, "mean": 895.671447754, "median": 645.99609375, "min": 21.533203125, "var": 2524427.25}, "spectral_skewness": {"dmean": 0.720284998417, "dmean2": 1.2132871151, "dvar": 0.441276371479, "dvar2": 1.28333461285, "max": 9.90767288208, "mean": 3.27865815163, "median": 3.13576054573, "min": -0.0360977351665, "var": 1.57727146149}, "spectral_spread": {"dmean": 299275, "dmean2": 466898.6875, "dvar": 244157382656, "dvar2": 351297830912, "max": 39932524, "mean": 2169742.75, "median": 1947470.75, "min": 641650.875, "var": 1523436879870.0}, "spectral_strongpeak": {"dmean": 0.296872526407, "dmean2": 0.464594334364, "dvar": 0.400439172983, "dvar2": 0.89223664999, "max": 12.8209257126, "mean": 0.923104166985, "median": 0.487534165382, "min": 0, "var": 1.78613471985}, "zerocrossingrate": {"dmean": 0.00430236989632, "dmean2": 0.00490093138069, "dvar": 7.89382320363e-05, "dvar2": 7.71428240114e-05, "max": 0.5205078125, "mean": 0.0315777510405, "median": 0.025390625, "min": 0.00341796875, "var": 0.00188769435044}, "barkbands": {"dmean": [1.0751078662e-05, 7.82434581197e-05, 9.99328040052e-05, 0.000356467091478, 0.00112836365588, 0.000697262352332, 0.000681409845129, 0.000465827732114, 0.000623836414889, 0.000768911617342, 0.000292905111564, 0.00016431111726, 0.000245675182668, 0.000206081283977, 5.96663994656e-05, 4.15356225858e-05, 2.58138952631e-05, 2.56786879618e-05, 1.43592988024e-05, 5.09003484694e-06, 2.90702496386e-06, 2.62171283794e-06, 1.012161988e-06, 6.71255293128e-07, 8.83040982558e-08, 8.11105280718e-07, 2.3532770399e-07], "dmean2": [1.73261087184e-05, 0.000131038963445, 0.000158413531608, 0.000519293069374, 0.0016636956716, 0.000981565681286, 0.00100388401188, 0.000633461924735, 0.000855977297761, 0.000998095260002, 0.000380597921321, 0.000221474198042, 0.000351399532519, 0.000285596790491, 8.66322297952e-05, 5.97051039222e-05, 3.77603064408e-05, 3.73874754587e-05, 2.12663435377e-05, 7.67895471654e-06, 4.28617795478e-06, 3.88246007788e-06, 1.49743641487e-06, 9.92428454083e-07, 1.36243258453e-07, 1.18888431189e-06, 3.64838257383e-07], "dvar": [3.83624723099e-08, 8.33504287812e-08, 8.538091123e-08, 5.81499534746e-07, 5.31804016646e-06, 3.14229237119e-06, 6.77780008118e-06, 3.24078905578e-06, 4.90315460411e-06, 1.08500671558e-05, 3.56838359039e-06, 5.10525353548e-07, 1.20657477964e-06, 6.97716757259e-07, 4.92171885469e-08, 3.4462022569e-08, 8.42402236856e-09, 8.24391310772e-09, 4.73974770543e-09, 1.02839026184e-09, 1.51893511657e-10, 5.76534653352e-11, 1.28649669043e-11, 5.19843066163e-12, 1.52432415106e-13, 5.71533792515e-12, 1.3896322244e-12], "dvar2": [8.64821174673e-08, 2.34439568203e-07, 2.04672048199e-07, 1.3663569689e-06, 1.25400938487e-05, 5.8741770772e-06, 1.64506436704e-05, 6.03777380093e-06, 9.84522284853e-06, 1.81060786417e-05, 6.85985469318e-06, 9.34165655053e-07, 2.22409948947e-06, 1.3190175423e-06, 9.55672234682e-08, 6.08433836646e-08, 1.66595697237e-08, 1.58898760816e-08, 1.04506474585e-08, 2.44522291304e-09, 3.40250855269e-10, 1.12840480015e-10, 2.54054659254e-11, 1.06837429528e-11, 3.47021619339e-13, 1.16905096714e-11, 3.17898767206e-12], "max": [0.014604119584, 0.00894448254257, 0.0113771306351, 0.0166450049728, 0.0440849550068, 0.0518726967275, 0.122063800693, 0.0869723707438, 0.0817418694496, 0.123541042209, 0.0942956283689, 0.0335641354322, 0.0469767488539, 0.0309431515634, 0.00819221138954, 0.0107280956581, 0.00296840514056, 0.00407256279141, 0.00332362833433, 0.00228796340525, 0.000776879314799, 0.000299056991935, 9.96543676592e-05, 8.83160537342e-05, 1.33536559588e-05, 9.05648048501e-05, 5.40708497283e-05], "mean": [9.98760606308e-06, 0.000205106640351, 0.000268546049483, 0.00125905382447, 0.00387955689803, 0.00187780323904, 0.00171052000951, 0.000957644777372, 0.00146303733345, 0.00199400587007, 0.000593151315115, 0.000337225501426, 0.000509122677613, 0.000407349056331, 0.000102690064523, 7.95656451373e-05, 5.18015731359e-05, 5.49959331693e-05, 2.92601071123e-05, 8.51735148899e-06, 5.32937428943e-06, 5.31489331479e-06, 1.85560020327e-06, 1.21855225643e-06, 1.27206291722e-07, 1.64065318131e-06, 2.93318692002e-07], "median": [6.23941446065e-07, 2.92211661872e-05, 4.78537258459e-05, 0.000164320706972, 0.000878106686287, 0.000663404236548, 0.000234324543271, 5.76656020712e-05, 7.78858957347e-05, 7.6233263826e-05, 4.67617974209e-05, 3.03067517962e-05, 3.54101939593e-05, 2.13016701309e-05, 1.08034764708e-05, 8.50427568366e-06, 5.64131187275e-06, 4.7407488637e-06, 1.91731669474e-06, 1.31782883273e-06, 8.08661184237e-07, 6.79624918121e-07, 2.96265056932e-07, 1.79587928528e-07, 5.37626210217e-09, 2.32593393434e-07, 4.75604933214e-09], "min": [4.38717166938e-23, 3.89586278673e-23, 1.14327301209e-22, 2.03902920847e-23, 1.13277657088e-23, 3.25919460714e-23, 4.13416535996e-23, 6.80431847581e-23, 6.08906207957e-23, 3.92440692972e-23, 2.10056720639e-22, 5.53318714063e-23, 1.41877126053e-22, 6.51331967856e-23, 2.37373421309e-22, 1.28190932084e-22, 9.19280691217e-23, 2.9137065997e-22, 2.14095006898e-22, 3.68442117975e-22, 3.61967097178e-22, 7.18699389119e-22, 5.73535250067e-22, 7.47186633154e-22, 1.12909022702e-21, 1.59311290322e-21, 2.31567435338e-21], "var": [4.00957738123e-08, 3.23380106693e-07, 5.09782239533e-07, 4.57260102849e-06, 3.19650353049e-05, 1.09160582724e-05, 1.5678242562e-05, 9.72565248958e-06, 1.29152303998e-05, 5.26792828168e-05, 9.21187620406e-06, 1.56725616307e-06, 3.9896740418e-06, 2.1572229798e-06, 1.21676748677e-07, 1.006550292e-07, 2.81823293591e-08, 3.4908467228e-08, 1.55168429217e-08, 1.1755112439e-09, 2.64203658951e-10, 1.7448227585e-10, 2.82537257479e-11, 1.05355489957e-11, 2.61963790504e-13, 1.74612026227e-11, 1.70710310037e-12]}, "erbbands": {"dmean": [0.00138440483715, 0.0213072318584, 0.0990133136511, 0.591927707195, 3.54755115509, 3.60552549362, 2.4583427906, 6.62462759018, 10.6020774841, 7.4834394455, 11.8716945648, 11.4467344284, 19.3109855652, 18.0998287201, 9.91366195679, 5.91143989563, 8.56984329224, 11.2704610825, 5.16757154465, 2.62065124512, 1.76965415478, 1.52964234352, 1.3697013855, 0.831383764744, 0.487993001938, 0.214584365487, 0.109651766717, 0.123767517507, 0.106779262424, 0.0442197918892, 0.0280053727329, 0.0215743519366, 0.00627129664645, 0.00126443582121, 0.000595018616877, 0.00152693735436, 0.00203068507835, 0.000617080775555, 2.62293706328e-05, 4.48193395641e-06], "dmean2": [0.0023461447563, 0.0354533679783, 0.156598106027, 0.872935056686, 5.11496257782, 5.42755270004, 3.52825737, 9.38937568665, 15.7558307648, 10.7408771515, 15.522608757, 15.7217378616, 24.296661377, 23.4287014008, 13.12358284, 7.98507833481, 11.9036884308, 15.4596595764, 7.26526832581, 3.72321462631, 2.46611881256, 2.158826828, 1.96182107925, 1.19658994675, 0.705993115902, 0.317767560482, 0.162466347218, 0.180104777217, 0.159001141787, 0.0655161812901, 0.0415325798094, 0.0322082079947, 0.00917280744761, 0.00193493021652, 0.000951517315116, 0.0024507381022, 0.00298173353076, 0.000912057585083, 4.02068217227e-05, 6.00728390054e-06], "dvar": [3.57746321242e-05, 0.0060040182434, 0.0849759653211, 1.44664609432, 42.6587486267, 74.0044250488, 42.951133728, 290.690704346, 1714.92907715, 811.094055176, 1541.53662109, 1420.40283203, 7014.50390625, 8468.25976562, 3126.84667969, 621.592590332, 1117.84484863, 2248.89355469, 313.709625244, 118.529594421, 47.5032539368, 35.2058372498, 20.6429710388, 14.8107919693, 5.4762339592, 1.14560043812, 0.433641314507, 0.146610230207, 0.101476706564, 0.0235688854009, 0.00925110653043, 0.00502549530938, 0.000661440659314, 4.10541870224e-05, 4.96698294228e-06, 2.90966072498e-05, 3.65635823982e-05, 3.68957739738e-06, 4.15388790032e-08, 1.89743123991e-10], "dvar2": [9.57434094744e-05, 0.0167579613626, 0.209399551153, 3.3046271801, 99.9984893799, 187.892669678, 87.1411743164, 545.619018555, 4299.42822266, 1761.84326172, 2789.18432617, 2810.31323242, 11709.1142578, 13323.6064453, 6826.40185547, 1126.3059082, 2163.71411133, 4310.14550781, 624.852050781, 223.000045776, 80.4450683594, 65.2098007202, 38.5512199402, 30.3716526031, 9.25198364258, 2.67137742043, 1.03124845028, 0.290629774332, 0.208100497723, 0.0451618619263, 0.0180481094867, 0.0103269014508, 0.00137934437953, 8.84996770765e-05, 1.20091408462e-05, 6.87864376232e-05, 7.39542811061e-05, 7.67298934079e-06, 9.71817115669e-08, 4.10762923675e-10], "max": [0.226326495409, 2.55141782761, 11.6444377899, 28.3875770569, 115.147705078, 190.626464844, 259.801330566, 470.737762451, 2111.29760742, 904.676025391, 1321.67199707, 880.04095459, 2885.68676758, 5729.91064453, 3383.43139648, 988.160522461, 1308.81481934, 1651.77990723, 537.396972656, 507.2315979, 369.190795898, 241.80267334, 180.533981323, 204.292572021, 164.323196411, 70.8435897827, 48.2735137939, 11.8252296448, 14.5225353241, 4.63418960571, 3.05953788757, 2.87515044212, 0.870005428791, 0.239255085588, 0.0847570374608, 0.232704937458, 0.254682332277, 0.0525114051998, 0.00926978047937, 0.000552630168386], "mean": [0.00294198701158, 0.0591902174056, 0.306767880917, 2.2563226223, 12.8192338943, 10.5819540024, 7.12508440018, 18.1718120575, 27.9001216888, 16.3601016998, 30.1171112061, 28.1624069214, 46.7563056946, 46.5735359192, 23.6158657074, 13.6855812073, 19.7501144409, 25.3210048676, 10.6766471863, 5.05126953125, 3.85118293762, 3.31075072289, 3.1224937439, 2.01471018791, 1.03511977196, 0.394178211689, 0.198601156473, 0.242292821407, 0.215183958411, 0.0855442360044, 0.0514310896397, 0.0409616902471, 0.00982855260372, 0.00190152879804, 0.000893714488484, 0.00251250877045, 0.00396333448589, 0.00107599946205, 4.07517472922e-05, 1.90745631699e-05], "median": [0.000446297664894, 0.0110130542889, 0.0891186445951, 0.789784252644, 5.4210729599, 2.2026348114, 2.85922718048, 7.13521099091, 4.87568378448, 3.18796944618, 2.02984666824, 1.80935096741, 1.77926123142, 2.69926929474, 2.14469242096, 1.56123268604, 1.75192058086, 1.13693773746, 0.923176169395, 0.546953201294, 0.484387159348, 0.359610825777, 0.318785965443, 0.14052708447, 0.096332103014, 0.0678059905767, 0.0357382073998, 0.0280797164887, 0.0249031819403, 0.0162151213735, 0.00764131452888, 0.00606992002577, 0.0012526626233, 0.000140694173751, 8.40685097501e-05, 0.000296100333799, 0.000547353411093, 9.45788488025e-05, 7.93119124864e-06, 9.43141185417e-06], "min": [7.78585821537e-22, 1.1674348144e-20, 1.0177088712e-19, 1.30051248761e-19, 1.81672853986e-20, 4.15688663158e-20, 1.47640275134e-19, 3.40583190316e-19, 4.39433858456e-19, 7.82876457053e-19, 1.61884529493e-18, 1.09355034738e-18, 2.10182209592e-18, 3.2357429931e-18, 6.93597188839e-18, 3.03819716678e-18, 5.83327271664e-18, 5.05481635089e-18, 8.13622626005e-18, 1.17066421863e-17, 6.24519253167e-18, 6.4000593539e-18, 1.42064448632e-17, 1.05585502377e-17, 1.49942665678e-17, 1.69777596499e-17, 1.39313940746e-17, 1.74489018745e-17, 2.53972307497e-17, 2.14573860357e-17, 1.5308560459e-17, 1.60259841304e-17, 1.27888781505e-17, 1.23811624809e-17, 7.91558823936e-18, 4.71534349545e-18, 3.20407748528e-18, 1.35899591467e-18, 3.38854072643e-19, 3.08890081801e-20], "var": [0.000115755596198, 0.0239126179367, 0.506042063236, 11.8367948532, 276.522888184, 302.775024414, 149.713729858, 1008.34802246, 4070.36865234, 1849.53088379, 5591.57958984, 4388.81640625, 28451.5058594, 39691.3242188, 8969.18847656, 2241.26318359, 4370.46240234, 8471.59082031, 1101.22998047, 305.779846191, 197.692123413, 136.719299316, 94.321647644, 62.3544807434, 19.0946025848, 1.58481788635, 0.530189990997, 0.438076555729, 0.289714187384, 0.0583371929824, 0.0205710623413, 0.0106358667836, 0.00114157435019, 7.12599066901e-05, 8.69417999638e-06, 5.54070174985e-05, 0.000111369299702, 8.92500156624e-06, 4.28149675713e-08, 7.46871731128e-10]}, "gfcc": {"mean": [-183.335540771, 167.978408813, -127.7109375, -13.9745616913, -46.0865478516, -20.3046169281, -32.3460350037, -20.0760135651, -19.8228340149, -12.6764631271, -14.0315742493, -0.640268266201, -16.3798103333], "cov": [[22774.4570312, -877.854675293, 26.1526031494, 379.238128662, -1267.65014648, -808.762145996, 133.503753662, -742.851501465, -441.768981934, -142.996017456, -1589.08105469, 241.576049805, -1557.73095703], [-877.854675293, 2363.64233398, -360.115478516, -346.83380127, 638.828918457, -127.603469849, 110.177154541, -28.4028663635, 46.6881103516, -153.311767578, 429.046264648, -164.079345703, 397.626831055], [26.1526031494, -360.115478516, 1054.11132812, 370.915100098, -131.499511719, 209.068771362, -75.3027877808, -64.3435134888, -36.1619682312, 65.646446228, -127.919723511, 78.6910171509, -160.623016357], [379.238128662, -346.83380127, 370.915100098, 722.414733887, 19.2629375458, -30.7765636444, -98.035736084, -8.90619659424, 61.4028549194, -12.4950056076, -24.0767173767, 69.7831039429, -24.5878944397], [-1267.65014648, 638.828918457, -131.499511719, 19.2629375458, 471.169067383, 22.5559825897, 22.5852584839, 86.7331161499, 34.4676208496, -10.2334012985, 183.6668396, -41.1763572693, 213.189117432], [-808.762145996, -127.603469849, 209.068771362, -30.7765636444, 22.5559825897, 355.29699707, 67.6758041382, 55.6714744568, -12.4245605469, 82.9067459106, 35.6670227051, -7.73621606827, 19.0654258728], [133.503753662, 110.177154541, -75.3027877808, -98.035736084, 22.5852584839, 67.6758041382, 249.226989746, 10.8905220032, -11.3192243576, 26.1714096069, 13.7376260757, 0.314671725035, -11.5925712585], [-742.851501465, -28.4028663635, -64.3435134888, -8.90619659424, 86.7331161499, 55.6714744568, 10.8905220032, 176.256500244, 41.6920471191, 20.1088294983, 56.4716300964, -0.141534537077, 91.6782989502], [-441.768981934, 46.6881103516, -36.1619682312, 61.4028549194, 34.4676208496, -12.4245605469, -11.3192243576, 41.6920471191, 169.482162476, 0.299284160137, 39.5143127441, -1.16992044449, 27.9150714874], [-142.996017456, -153.311767578, 65.646446228, -12.4950056076, -10.2334012985, 82.9067459106, 26.1714096069, 20.1088294983, 0.299284160137, 155.89175415, 1.93516099453, 13.1220245361, 0.114937461913], [-1589.08105469, 429.046264648, -127.919723511, -24.0767173767, 183.6668396, 35.6670227051, 13.7376260757, 56.4716300964, 39.5143127441, 1.93516099453, 305.686706543, -13.4882059097, 206.046829224], [241.576049805, -164.079345703, 78.6910171509, 69.7831039429, -41.1763572693, -7.73621606827, 0.314671725035, -0.141534537077, -1.16992044449, 13.1220245361, -13.4882059097, 128.781265259, -16.3677558899], [-1557.73095703, 397.626831055, -160.623016357, -24.5878944397, 213.189117432, 19.0654258728, -11.5925712585, 91.6782989502, 27.9150714874, 0.114937461913, 206.046829224, -16.3677558899, 315.983001709]], "icov": [[0.000142837248859, -0.000298586994177, 0.000256636441918, -0.000317249941872, 0.000341949693393, -8.13547285361e-06, 9.38051107369e-06, -5.34830069228e-05, 0.000330896175001, -0.000242475405685, 0.000658924051095, -0.000365054118447, 0.000493580650073], [-0.000298586994177, 0.00199045403861, -0.0010220115073, 0.00148057704791, -0.00217731599696, 0.000791714061052, -0.000684185302816, 0.00133980705868, -0.00113012001384, 0.00150372635107, -0.0023177692201, 0.00165344844572, -0.00167730741668], [0.000256636441918, -0.0010220115073, 0.00238901632838, -0.00168290024158, 0.0011803220259, -0.0015946268104, 0.000835401122458, 2.20021684072e-05, 0.00107293587644, -0.00102335412521, 0.00177316437475, -0.00154517660849, 0.00162812578492], [-0.000317249941872, 0.00148057704791, -0.00168290024158, 0.00322108319961, -0.00198779744096, 0.00100550567731, -3.61890888598e-05, 0.000794151274022, -0.00176843162626, 0.00134575227275, -0.00198775017634, 0.00063840742223, -0.0014982118737], [0.000341949693393, -0.00217731599696, 0.0011803220259, -0.00198779744096, 0.00577881745994, -0.000803181377705, 0.000265782844508, -0.00206280965358, 0.00128995557316, -0.00140596693382, 0.00173834338784, -0.000883347820491, 0.000336023775162], [-8.13547285361e-06, 0.000791714061052, -0.0015946268104, 0.00100550567731, -0.000803181377705, 0.00496652070433, -0.00153082201723, -0.000776472152211, 5.22453774465e-05, -0.00091585755581, -0.00124271889217, 0.00140072708018, -0.000478753820062], [9.38051107369e-06, -0.000684185302816, 0.000835401122458, -3.61890888598e-05, 0.000265782844508, -0.00153082201723, 0.00512297311798, -0.000494176172651, 0.000420362572186, -0.000895009899978, 0.00025178870419, -0.00111171044409, 0.00131483958103], [-5.34830069228e-05, 0.00133980705868, 2.20021684072e-05, 0.000794151274022, -0.00206280965358, -0.000776472152211, -0.000494176172651, 0.00892491266131, -0.00214751274325, 0.000523198454175, -0.000324330379954, 0.000226983887842, -0.00263286870904], [0.000330896175001, -0.00113012001384, 0.00107293587644, -0.00176843162626, 0.00128995557316, 5.22453774465e-05, 0.000420362572186, -0.00214751274325, 0.00771366385743, -0.0010958352359, 0.000891016738024, -0.000826489354949, 0.00192131148651], [-0.000242475405685, 0.00150372635107, -0.00102335412521, 0.00134575227275, -0.00140596693382, -0.00091585755581, -0.000895009899978, 0.000523198454175, -0.0010958352359, 0.0086691332981, -0.00171413400676, 0.000508406956214, -0.00144613627344], [0.000658924051095, -0.0023177692201, 0.00177316437475, -0.00198775017634, 0.00173834338784, -0.00124271889217, 0.00025178870419, -0.000324330379954, 0.000891016738024, -0.00171413400676, 0.0100280912593, -0.00258823577315, -0.000834145583212], [-0.000365054118447, 0.00165344844572, -0.00154517660849, 0.00063840742223, -0.000883347820491, 0.00140072708018, -0.00111171044409, 0.000226983887842, -0.000826489354949, 0.000508406956214, -0.00258823577315, 0.0103859528899, -0.00191270466894], [0.000493580650073, -0.00167730741668, 0.00162812578492, -0.0014982118737, 0.000336023775162, -0.000478753820062, 0.00131483958103, -0.00263286870904, 0.00192131148651, -0.00144613627344, -0.000834145583212, -0.00191270466894, 0.00930965971202]]}, "melbands": {"dmean": [1.78317823156e-05, 4.1736595449e-05, 0.00017289884272, 0.000299753359286, 8.48416893859e-05, 0.000150043342728, 0.000152589331265, 8.31209763419e-05, 0.000108210399048, 7.00625314494e-05, 0.000103614213003, 8.62489614519e-05, 3.78335898858e-05, 1.7045176719e-05, 2.18587902054e-05, 2.28268072533e-05, 2.15573509195e-05, 1.04174359876e-05, 4.34182675235e-06, 3.25247196997e-06, 2.00430895347e-06, 1.59808132594e-06, 1.88477622487e-06, 9.82266215033e-07, 7.19703450613e-07, 4.61013343056e-07, 2.76747925909e-07, 1.23455109247e-07, 7.39717691545e-08, 6.58800587416e-08, 8.06772249007e-08, 7.29267384258e-08, 3.88727379175e-08, 2.2308006109e-08, 1.7351482029e-08, 1.60269113536e-08, 1.31898962863e-08, 5.79193937256e-09, 1.43081868575e-09, 1.04174002757e-09], "dmean2": [3.0107315979e-05, 6.71773595968e-05, 0.000253734673606, 0.000441453768872, 0.000123055680888, 0.000212234444916, 0.000226274612942, 0.000118181109428, 0.000141990967677, 9.75941002253e-05, 0.000131590364617, 0.000111505010864, 5.04240524606e-05, 2.34826729866e-05, 2.97535680147e-05, 3.09407951136e-05, 2.9538259696e-05, 1.47822411236e-05, 6.29104260952e-06, 4.67920472147e-06, 2.85565215563e-06, 2.33812943407e-06, 2.73818773167e-06, 1.44729597196e-06, 1.06171717107e-06, 6.71089480875e-07, 4.17311554202e-07, 1.87825378362e-07, 1.13595419293e-07, 9.7713858338e-08, 1.19328277037e-07, 1.09445089436e-07, 5.87112403139e-08, 3.35724941181e-08, 2.63599844175e-08, 2.40636097715e-08, 1.99745979756e-08, 8.62443805261e-09, 2.24334528731e-09, 1.62144220273e-09], "dvar": [4.82449369343e-09, 1.61014686029e-08, 9.32707990842e-08, 3.90975714026e-07, 4.17164685018e-08, 1.42867108366e-07, 3.45200049878e-07, 1.08112374164e-07, 1.13161192417e-07, 6.39229469357e-08, 2.01546157541e-07, 1.72968611878e-07, 5.02387038637e-08, 7.11311409773e-09, 8.66808402833e-09, 1.21755023841e-08, 7.85840725825e-09, 1.56545398866e-09, 3.06695668861e-10, 2.38661201912e-10, 6.24616261491e-11, 3.95620931848e-11, 6.02984190357e-11, 1.253730713e-11, 1.28125531018e-11, 4.56929199338e-12, 4.17473911343e-12, 1.8790879768e-13, 2.76112168069e-13, 5.68621416771e-14, 5.96188070158e-14, 4.76036243302e-14, 1.63978954791e-14, 6.3065071523e-15, 3.31040868105e-15, 3.04788754795e-15, 1.86319677474e-15, 5.88406789282e-16, 5.99452826834e-17, 2.94461375731e-17], "dvar2": [1.33955051496e-08, 4.10742373447e-08, 2.24672305649e-07, 9.27693804442e-07, 8.83170585553e-08, 2.71689600595e-07, 8.53201356676e-07, 2.24585079422e-07, 2.05045282087e-07, 1.30947071852e-07, 3.34270282565e-07, 2.77471144727e-07, 1.05802719474e-07, 1.40575169283e-08, 1.59976458747e-08, 2.04009946714e-08, 1.509936709e-08, 3.14878434438e-09, 6.16603212933e-10, 4.36006897253e-10, 1.15422164881e-10, 7.98291710513e-11, 1.12921408335e-10, 2.76876611915e-11, 2.74466230993e-11, 8.29653533374e-12, 9.50887545786e-12, 4.33145489961e-13, 6.91674094302e-13, 1.17877238461e-13, 1.18405204261e-13, 1.03514548007e-13, 3.24100047201e-14, 1.29699836347e-14, 6.72832701893e-15, 6.4016192114e-15, 4.06559509298e-15, 1.27111725059e-15, 1.31876200684e-16, 6.74581208184e-17], "max": [0.00181982899085, 0.00420022942126, 0.00598338618875, 0.0109278969467, 0.00739284139127, 0.0101596433669, 0.028688415885, 0.0137052992359, 0.00907141342759, 0.0088935540989, 0.0153929349035, 0.0220712050796, 0.0146473711357, 0.00421559019014, 0.00326649448834, 0.00486152525991, 0.00287591526285, 0.0013341215672, 0.00059912953293, 0.00088389578741, 0.000387459411286, 0.0002397907665, 0.000392317975638, 0.000125649821712, 0.000183581520105, 0.00015321696992, 0.000154502806254, 1.70124312717e-05, 3.93230729969e-05, 1.02060121208e-05, 7.99845929578e-06, 9.39487108553e-06, 5.35511026101e-06, 2.67028008238e-06, 1.67484688518e-06, 1.98679413188e-06, 1.90302603187e-06, 8.60146656123e-07, 2.38319856294e-07, 1.94019406763e-07], "mean": [4.23477831646e-05, 0.000124945596326, 0.000665266823489, 0.00103053823113, 0.000245291827014, 0.000418054347392, 0.000391438632505, 0.000171917519765, 0.000283434783341, 0.000160875250003, 0.000249977456406, 0.000215856125578, 8.0345205788e-05, 3.81772988476e-05, 4.40585827164e-05, 4.9181500799e-05, 4.66019191663e-05, 1.90899372683e-05, 7.5887019193e-06, 5.67367033e-06, 4.10940128859e-06, 3.15546094498e-06, 3.73441594093e-06, 2.0981342459e-06, 1.6004137251e-06, 9.66216930465e-07, 4.53366453712e-07, 2.11361722791e-07, 1.1969758873e-07, 1.12671877162e-07, 1.5285699817e-07, 1.39357297257e-07, 7.00928950437e-08, 3.80480109641e-08, 2.94230773079e-08, 2.78019491873e-08, 2.37376127643e-08, 8.03239430525e-09, 1.8248816902e-09, 1.36506927984e-09], "median": [5.98270889896e-06, 2.78185343632e-05, 0.000333626696374, 0.000302545930026, 0.00010026437667, 0.000166539888596, 6.97507784935e-05, 1.87087807717e-05, 1.66586760315e-05, 9.836900972e-06, 8.69051109476e-06, 1.13028672786e-05, 7.15465421308e-06, 3.76077696274e-06, 4.17910814576e-06, 2.8927402127e-06, 1.94232666217e-06, 1.36962398756e-06, 7.3722696925e-07, 5.58702026865e-07, 4.80108496959e-07, 3.09917766117e-07, 3.38079047424e-07, 1.94641557982e-07, 8.48737613524e-08, 6.3384987925e-08, 5.52733538939e-08, 3.52506006607e-08, 1.99677039348e-08, 1.59885917839e-08, 1.25134285156e-08, 1.34204896085e-08, 1.06418873713e-08, 6.11867712053e-09, 3.26608651235e-09, 3.39761596635e-09, 3.25855475936e-09, 5.51622192368e-10, 4.6048678759e-11, 2.89233532957e-11], "min": [1.02315511843e-23, 4.18763529875e-23, 1.91665952713e-23, 1.39071543033e-24, 4.59055752346e-24, 7.1210600132e-24, 7.49413284567e-24, 1.02809425544e-23, 1.15823461113e-23, 8.10513243803e-24, 1.02645184704e-23, 1.10250868792e-23, 2.77452288459e-23, 7.43417862801e-24, 9.13424803169e-24, 1.6464587321e-23, 7.19653191373e-24, 1.14905881774e-23, 1.66147280617e-23, 1.06111999612e-23, 7.20121932523e-24, 5.97616054348e-24, 9.16874965224e-24, 1.53181988763e-23, 7.2729654357e-24, 1.00607288773e-23, 1.25609832845e-23, 1.09300748941e-23, 7.9897220876e-24, 9.28843326219e-24, 1.0520095993e-23, 1.57290439467e-23, 1.28209878945e-23, 1.07515769705e-23, 7.19196125364e-24, 1.06281667816e-23, 9.58376464131e-24, 8.10013815964e-24, 1.08214921348e-23, 1.0319022448e-23], "var": [1.53143222548e-08, 8.99214427363e-08, 6.82046561451e-07, 2.21372533815e-06, 1.59124937227e-07, 4.98310328112e-07, 7.9581366208e-07, 2.69728815283e-07, 4.49526197599e-07, 1.62143592775e-07, 8.47925946346e-07, 7.70729570831e-07, 1.26870745021e-07, 1.92584117542e-08, 2.5872473941e-08, 4.27370210332e-08, 2.9283832248e-08, 4.70862326907e-09, 6.62418175867e-10, 5.75209158082e-10, 2.52683318713e-10, 1.25654889271e-10, 2.26327651065e-10, 4.58463093878e-11, 4.75589706506e-11, 1.87839171301e-11, 5.09708377935e-12, 3.15248532574e-13, 2.79471324555e-13, 1.11223706569e-13, 1.88668349064e-13, 1.26596161939e-13, 4.02116897722e-14, 1.36721409137e-14, 7.11882911289e-15, 5.78824962001e-15, 3.73863698721e-15, 9.33857635996e-16, 9.3572589951e-17, 4.48412459395e-17]}, "mfcc": {"mean": [-808.563964844, 186.333770752, -8.93265342712, 2.7447373867, -6.87864923477, -1.27541422844, -14.2840766907, -4.13061571121, -15.3100042343, -9.93532848358, -8.91764640808, -5.99128627777, -9.51714229584], "cov": [[12144.5888672, 2619.25634766, -1755.38415527, 825.815979004, -1111.12011719, 74.5835571289, -589.130432129, 225.001647949, -346.179595947, 180.047866821, -107.367263794, -324.889923096, -751.298522949], [2619.25634766, 1937.34545898, -305.396697998, -69.7406921387, 51.1009483337, 5.74784851074, 62.6974983215, 9.45711612701, -86.1809768677, -93.4356384277, 19.2398681641, -96.1332778931, -90.7770690918], [-1755.38415527, -305.396697998, 779.858154297, 75.9352722168, 200.285736084, 107.222373962, 77.9798202515, -26.8852272034, 33.0172195435, -40.5257072449, -31.1231060028, 76.8897399902, 148.488739014], [825.815979004, -69.7406921387, 75.9352722168, 654.168579102, 121.540351868, -6.65160179138, -116.191673279, 37.2457885742, -18.3283348083, 16.2769622803, -98.2437973022, 29.9534301758, 54.1418762207], [-1111.12011719, 51.1009483337, 200.285736084, 121.540351868, 532.515991211, 5.6465010643, 67.8845291138, 7.48636817932, 62.4028549194, -33.2858161926, -19.6317634583, 60.3026657104, 170.681091309], [74.5835571289, 5.74784851074, 107.222373962, -6.65160179138, 5.6465010643, 210.388870239, 83.6476898193, 9.70706558228, 23.7358188629, 38.6868972778, 45.9635810852, -1.29051816463, -32.8078651428], [-589.130432129, 62.6974983215, 77.9798202515, -116.191673279, 67.8845291138, 83.6476898193, 295.621826172, 23.4587078094, 24.5410766602, 9.73782253265, 75.0241470337, 10.3498716354, 25.965587616], [225.001647949, 9.45711612701, -26.8852272034, 37.2457885742, 7.48636817932, 9.70706558228, 23.4587078094, 154.056869507, 29.312204361, 12.4240627289, 5.37386512756, 4.91562128067, -2.41504144669], [-346.179595947, -86.1809768677, 33.0172195435, -18.3283348083, 62.4028549194, 23.7358188629, 24.5410766602, 29.312204361, 160.05267334, 37.1458930969, 14.3566551208, 25.6849079132, 26.2194156647], [180.047866821, -93.4356384277, -40.5257072449, 16.2769622803, -33.2858161926, 38.6868972778, 9.73782253265, 12.4240627289, 37.1458930969, 160.603363037, 40.0343513489, -14.7569532394, -27.4734554291], [-107.367263794, 19.2398681641, -31.1231060028, -98.2437973022, -19.6317634583, 45.9635810852, 75.0241470337, 5.37386512756, 14.3566551208, 40.0343513489, 146.068756104, 13.3000774384, -26.7233810425], [-324.889923096, -96.1332778931, 76.8897399902, 29.9534301758, 60.3026657104, -1.29051816463, 10.3498716354, 4.91562128067, 25.6849079132, -14.7569532394, 13.3000774384, 129.336380005, 87.6121139526], [-751.298522949, -90.7770690918, 148.488739014, 54.1418762207, 170.681091309, -32.8078651428, 25.965587616, -2.41504144669, 26.2194156647, -27.4734554291, -26.7233810425, 87.6121139526, 216.344055176]], "icov": [[0.000703467230778, -0.00089061196195, 0.000977904302999, -0.0010526998667, 0.00111065187957, -0.00103670172393, 0.000828362244647, -0.000702098303009, 0.000518561981153, -0.000646891596261, 0.000490252277814, -0.000445126381237, 0.000616616394836], [-0.00089061196195, 0.00175901013426, -0.000938381941523, 0.0013438105816, -0.00163886626251, 0.00112813804299, -0.00118730904069, 0.000851901771966, -0.000403821642976, 0.00127865269314, -0.000695987662766, 0.000908897316549, -0.000673675443977], [0.000977904302999, -0.000938381941523, 0.00329935271293, -0.00153485161718, 0.001190751791, -0.00270085386001, 0.000891823437996, -0.000582007109188, 0.000751784187742, -0.000303014036035, 0.00116334238555, -0.000772558501922, -1.37515899041e-05], [-0.0010526998667, 0.0013438105816, -0.00153485161718, 0.00363858882338, -0.00221883109771, 0.00117836869322, -0.000451128726127, 0.000375431438442, -9.05711131054e-05, 0.000212440354517, 0.000495854124893, 9.32782277232e-05, -0.000900020066183], [0.00111065187957, -0.00163886626251, 0.001190751791, -0.00221883109771, 0.00470911478624, -0.00158409774303, 0.000815893698018, -0.000967131054495, -0.000238350665313, -0.000572092307266, 0.000553286226932, -0.000234328370425, -0.00103734177537], [-0.00103670172393, 0.00112813804299, -0.00270085386001, 0.00117836869322, -0.00158409774303, 0.00835099164397, -0.00274303485639, 0.00100223952904, -0.00132161914371, -0.000274793419521, -0.00177848432213, 0.00024178896274, 0.00109628320206], [0.000828362244647, -0.00118730904069, 0.000891823437996, -0.000451128726127, 0.000815893698018, -0.00274303485639, 0.00590660236776, -0.00168208486866, 0.000702498771716, -0.00062496017199, -0.0012957357103, 4.97818109579e-05, -0.000252801866736], [-0.000702098303009, 0.000851901771966, -0.000582007109188, 0.000375431438442, -0.000967131054495, 0.00100223952904, -0.00168208486866, 0.00782823842019, -0.00192470836919, 0.000661054742523, -0.000449641403975, 0.000192932304344, -0.000387420586776], [0.000518561981153, -0.000403821642976, 0.000751784187742, -9.05711131054e-05, -0.000238350665313, -0.00132161914371, 0.000702498771716, -0.00192470836919, 0.00818976294249, -0.0023794521112, 0.000702258315869, -0.00158653268591, 0.000454398192232], [-0.000646891596261, 0.00127865269314, -0.000303014036035, 0.000212440354517, -0.000572092307266, -0.000274793419521, -0.00062496017199, 0.000661054742523, -0.0023794521112, 0.00882452726364, -0.0027874710504, 0.00208108127117, -0.000841163273435], [0.000490252277814, -0.000695987662766, 0.00116334238555, 0.000495854124893, 0.000553286226932, -0.00177848432213, -0.0012957357103, -0.000449641403975, 0.000702258315869, -0.0027874710504, 0.0105673382059, -0.00321383657865, 0.00209990981966], [-0.000445126381237, 0.000908897316549, -0.000772558501922, 9.32782277232e-05, -0.000234328370425, 0.00024178896274, 4.97818109579e-05, 0.000192932304344, -0.00158653268591, 0.00208108127117, -0.00321383657865, 0.0123578412458, -0.00538474321365], [0.000616616394836, -0.000673675443977, -1.37515899041e-05, -0.000900020066183, -0.00103734177537, 0.00109628320206, -0.000252801866736, -0.000387420586776, 0.000454398192232, -0.000841163273435, 0.00209990981966, -0.00538474321365, 0.0100043937564]]}, "spectral_contrast_coeffs": {"dmean": [0.0381067544222, 0.0374394059181, 0.0320875570178, 0.0272672828287, 0.0224378090352, 0.0306290667504], "dmean2": [0.0617223680019, 0.0590949468315, 0.0490742065012, 0.0421998426318, 0.0353093296289, 0.0488748513162], "dvar": [0.00126171298325, 0.00127494428307, 0.000906862551346, 0.000621931103524, 0.000429053296102, 0.000775917142164], "dvar2": [0.00291476887651, 0.00287330732681, 0.00186796206981, 0.00131702353247, 0.000948737491854, 0.00185627827886], "max": [-0.251225888729, -0.334208875895, -0.415083914995, -0.538989663124, -0.498303920031, -0.429789304733], "mean": [-0.54887008667, -0.652566432953, -0.728878498077, -0.7506108284, -0.768548488617, -0.731978535652], "median": [-0.532443404198, -0.649539887905, -0.742552757263, -0.756685495377, -0.767040610313, -0.728109359741], "min": [-0.984650075436, -0.973862826824, -0.964788496494, -0.962755739689, -0.963434994221, -0.96030408144], "var": [0.0177036039531, 0.00914765521884, 0.00798735488206, 0.00461093336344, 0.00332659785636, 0.00760559597984]}, "spectral_contrast_valleys": {"dmean": [0.388134241104, 0.323368310928, 0.291800588369, 0.272311478853, 0.270760029554, 0.417279273272], "dmean2": [0.650388777256, 0.516096115112, 0.4636468