{"lowlevel": {"average_loudness": 0.940265834332, "barkbands_crest": {"dmean": 2.58253073692, "dmean2": 4.20331764221, "dvar": 6.70046567917, "dvar2": 17.5303840637, "max": 25.4970912933, "mean": 9.71425247192, "median": 8.90242385864, "min": 2.21797132492, "var": 14.9045991898}, "barkbands_flatness_db": {"dmean": 0.0225188005716, "dmean2": 0.0344708301127, "dvar": 0.00051226123469, "dvar2": 0.00123010284733, "max": 0.442394673824, "mean": 0.145223364234, "median": 0.138799101114, "min": 0.0201305504888, "var": 0.0030362973921}, "barkbands_kurtosis": {"dmean": 3.90315890312, "dmean2": 6.30354690552, "dvar": 114.805435181, "dvar2": 287.200286865, "max": 324.859130859, "mean": 5.46007728577, "median": 2.6174967289, "min": -1.93824100494, "var": 191.455947876}, "barkbands_skewness": {"dmean": 0.609136879444, "dmean2": 0.931976497173, "dvar": 0.630786716938, "dvar2": 1.46315610409, "max": 15.0321655273, "mean": 1.52156329155, "median": 1.38527393341, "min": -3.19427204132, "var": 1.95595252514}, "barkbands_spread": {"dmean": 5.02577543259, "dmean2": 7.98707532883, "dvar": 63.6364326477, "dvar2": 150.092819214, "max": 101.451377869, "mean": 16.7398796082, "median": 13.221075058, "min": 0.627251267433, "var": 174.4115448}, "dissonance": {"dmean": 0.0257852226496, "dmean2": 0.0434128008783, "dvar": 0.000617181591224, "dvar2": 0.00172921526246, "max": 0.499999910593, "mean": 0.442985653877, "median": 0.451522111893, "min": 0.159351766109, "var": 0.00163279427215}, "dynamic_complexity": 3.31736111641, "erbbands_crest": {"dmean": 2.45749735832, "dmean2": 3.98716926575, "dvar": 5.80042934418, "dvar2": 14.3549442291, "max": 31.8135414124, "mean": 9.49714183807, "median": 8.3940448761, "min": 2.42967152596, "var": 21.1712017059}, "erbbands_flatness_db": {"dmean": 0.0203092545271, "dmean2": 0.0284078679979, "dvar": 0.000386805302696, "dvar2": 0.00073114753468, "max": 0.508843302727, "mean": 0.162930652499, "median": 0.157899647951, "min": 0.043093457818, "var": 0.00363856321201}, "erbbands_kurtosis": {"dmean": 1.10919857025, "dmean2": 1.77966070175, "dvar": 2.41397452354, "dvar2": 6.0619931221, "max": 37.3445091248, "mean": 1.30426716805, "median": 0.839930772781, "min": -1.7452185154, "var": 5.63757514954}, "erbbands_skewness": {"dmean": 0.340035617352, "dmean2": 0.532733023167, "dvar": 0.107492864132, "dvar2": 0.252797782421, "max": 3.87632012367, "mean": 0.499394923449, "median": 0.548691511154, "min": -3.52764201164, "var": 0.44620937109}, "erbbands_spread": {"dmean": 8.25527954102, "dmean2": 12.4544830322, "dvar": 117.248733521, "dvar2": 255.913787842, "max": 158.472183228, "mean": 31.8190917969, "median": 25.6788425446, "min": 0.869482696056, "var": 424.551391602}, "hfc": {"dmean": 6.49605941772, "dmean2": 9.65015125275, "dvar": 131.77305603, "dvar2": 284.56237793, "max": 344.29800415, "mean": 23.0754871368, "median": 19.3903770447, "min": 1.13355812058e-16, "var": 390.260925293}, "melbands_crest": {"dmean": 3.66674375534, "dmean2": 5.86456823349, "dvar": 13.5542964935, "dvar2": 32.9236717224, "max": 36.6575508118, "mean": 13.8289012909, "median": 12.635635376, "min": 1.77981626987, "var": 35.068775177}, "melbands_flatness_db": {"dmean": 0.0268940608948, "dmean2": 0.0415589250624, "dvar": 0.000840836961288, "dvar2": 0.00196083984338, "max": 0.492723464966, "mean": 0.224875286222, "median": 0.224213451147, "min": 0.00445506721735, "var": 0.0044938758947}, "melbands_kurtosis": {"dmean": 8.52153205872, "dmean2": 13.4950838089, "dvar": 491.816375732, "dvar2": 1194.99487305, "max": 557.514404297, "mean": 12.7324151993, "median": 5.53276109695, "min": -1.78428435326, "var": 874.432067871}, "melbands_skewness": {"dmean": 0.801061987877, "dmean2": 1.21443748474, "dvar": 1.12034809589, "dvar2": 2.54106926918, "max": 19.0965557098, "mean": 2.26058697701, "median": 1.93154370785, "min": -2.92767834663, "var": 3.43479537964}, "melbands_spread": {"dmean": 5.42194318771, "dmean2": 8.61812782288, "dvar": 108.293281555, "dvar2": 266.248687744, "max": 201.758499146, "mean": 18.9842739105, "median": 15.0627202988, "min": 0.398233234882, "var": 403.816711426}, "pitch_salience": {"dmean": 0.072128623724, "dmean2": 0.117006354034, "dvar": 0.00489843450487, "dvar2": 0.012590800412, "max": 0.870935559273, "mean": 0.550059437752, "median": 0.560587704182, "min": 0.079376347363, "var": 0.0138953244314}, "silence_rate_20dB": {"dmean": 0, "dmean2": 0, "dvar": 0, "dvar2": 0, "max": 1, "mean": 1, "median": 1, "min": 1, "var": 0}, "silence_rate_30dB": {"dmean": 0.0464745424688, "dmean2": 0.0929596722126, "dvar": 0.0443188287318, "dvar2": 0.0998192727566, "max": 1, "mean": 0.955808639526, "median": 1, "min": 0, "var": 0.042238779366}, "silence_rate_60dB": {"dmean": 0.0111630028114, "dmean2": 0.0223285481334, "dvar": 0.011037427932, "dvar2": 0.0254790987819, "max": 1, "mean": 0.0856491997838, "median": 0, "min": 0, "var": 0.0783033296466}, "spectral_centroid": {"dmean": 176.394012451, "dmean2": 277.886566162, "dvar": 78470.8125, "dvar2": 170539.28125, "max": 10856.5429688, "mean": 955.794616699, "median": 800.473754883, "min": 149.9296875, "var": 377712.125}, "spectral_complexity": {"dmean": 2.52625584602, "dmean2": 4.0580997467, "dvar": 7.45229959488, "dvar2": 17.9723377228, "max": 47, "mean": 16.6488609314, "median": 17, "min": 0, "var": 51.4102516174}, "spectral_decrease": {"dmean": 3.2805493877e-09, "dmean2": 5.10013498101e-09, "dvar": 3.62839367712e-17, "dvar2": 8.64060956472e-17, "max": 6.6154791057e-18, "mean": -1.06932169786e-08, "median": -9.71914726478e-09, "min": -6.84148133701e-08, "var": 7.38356502539e-17}, "spectral_energy": {"dmean": 0.0126671353355, "dmean2": 0.0195723120123, "dvar": 0.00051942456048, "dvar2": 0.00123554479796, "max": 0.261179149151, "mean": 0.0424517467618, "median": 0.0390979014337, "min": 1.05087319152e-20, "var": 0.00109602464363}, "spectral_energyband_high": {"dmean": 0.000485582248075, "dmean2": 0.000734619214199, "dvar": 1.77951005753e-06, "dvar2": 3.79917901228e-06, "max": 0.0360685139894, "mean": 0.000683786347508, "median": 0.000193455416593, "min": 7.63281637248e-21, "var": 3.49578635905e-06}, "spectral_energyband_low": {"dmean": 0.0104088867083, "dmean2": 0.0168058499694, "dvar": 0.000609238166362, "dvar2": 0.00147079816088, "max": 0.241396233439, "mean": 0.0166210308671, "median": 0.00666015874594, "min": 1.58551272696e-22, "var": 0.000805026735179}, "spectral_energyband_middle_high": {"dmean": 0.00219453498721, "dmean2": 0.00337193114683, "dvar": 9.67335381574e-06, "dvar2": 2.21062455239e-05, "max": 0.068633325398, "mean": 0.00719512859359, "median": 0.00502927135676, "min": 1.66721948116e-21, "var": 5.05965144839e-05}, "spectral_energyband_middle_low": {"dmean": 0.00551426457241, "dmean2": 0.00857504084706, "dvar": 6.00957791903e-05, "dvar2": 0.000143276585732, "max": 0.109434619546, "mean": 0.018858326599, "median": 0.0173564590514, "min": 2.88208854975e-22, "var": 0.000201097675017}, "spectral_entropy": {"dmean": 0.184332370758, "dmean2": 0.269289731979, "dvar": 0.0414583906531, "dvar2": 0.0854775980115, "max": 9.78637504578, "mean": 7.34103298187, "median": 7.31574630737, "min": 5.1263012886, "var": 0.289703249931}, "spectral_flux": {"dmean": 0.0301311742514, "dmean2": 0.0467291399837, "dvar": 0.00173792836722, "dvar2": 0.0036863903515, "max": 0.432303518057, "mean": 0.0965265929699, "median": 0.0856733396649, "min": 1.02512102973e-10, "var": 0.00434768386185}, "spectral_kurtosis": {"dmean": 2.32399916649, "dmean2": 3.70861840248, "dvar": 11.6117105484, "dvar2": 32.6175765991, "max": 90.5724945068, "mean": 7.53200626373, "median": 6.51298761368, "min": -1.22891569138, "var": 44.880821228}, "spectral_rms": {"dmean": 0.000831348472275, "dmean2": 0.00124918553047, "dvar": 1.35658081035e-06, "dvar2": 3.02199578073e-06, "max": 0.0159627348185, "mean": 0.00588165828958, "median": 0.00617610663176, "min": 3.20194023205e-12, "var": 6.822333944e-06}, "spectral_rolloff": {"dmean": 411.137908936, "dmean2": 706.05291748, "dvar": 1109866.125, "dvar2": 2663638.25, "max": 19379.8828125, "mean": 1351.26611328, "median": 925.927734375, "min": 43.06640625, "var": 5276829}, "spectral_skewness": {"dmean": 0.267099678516, "dmean2": 0.416888862848, "dvar": 0.0882492139935, "dvar2": 0.21733365953, "max": 7.17402839661, "mean": 2.12954926491, "median": 2.12231779099, "min": -0.0206413920969, "var": 0.459080457687}, "spectral_spread": {"dmean": 781197.6875, "dmean2": 1084041.125, "dvar": 953067700224, "dvar2": 1785500663810.0, "max": 41248276, "mean": 4818902.5, "median": 4380040, "min": 746894.875, "var": 4242512019460.0}, "spectral_strongpeak": {"dmean": 0.55269151926, "dmean2": 0.940566420555, "dvar": 0.627812802792, "dvar2": 1.58879828453, "max": 9.0328130722, "mean": 1.05488598347, "median": 0.657392680645, "min": 0, "var": 1.23752248287}, "zerocrossingrate": {"dmean": 0.00983359199017, "dmean2": 0.0119671178982, "dvar": 0.000184894612175, "dvar2": 0.000226383723202, "max": 0.56591796875, "mean": 0.0563267469406, "median": 0.0419921875, "min": 0.00537109375, "var": 0.00409333314747}, "barkbands": {"dmean": [0.00168470828794, 0.00697095459327, 0.00350482668728, 0.00237154588103, 0.00272890087217, 0.00150434963871, 0.00124319968745, 0.000778384972364, 0.00100725074299, 0.000585806847084, 0.00126086408272, 0.00074590620352, 0.000367817934602, 0.000255223421846, 0.000206517695915, 0.00010081641085, 9.34561394388e-05, 0.000129772946821, 6.23687446932e-05, 5.0341412134e-05, 5.27571246494e-05, 8.14584491309e-05, 0.000106600251456, 8.9059540187e-05, 0.000125721038785, 4.7408597311e-05, 9.62167632679e-06], "dmean2": [0.00252520269714, 0.0116909015924, 0.00604838458821, 0.00380453513935, 0.00439418107271, 0.00236988207325, 0.00191187730525, 0.00121767737437, 0.00148099695798, 0.000922734790947, 0.00200678152032, 0.00116269849241, 0.000582228298299, 0.000409370812122, 0.000346912711393, 0.000159403105499, 0.000154972163728, 0.000211337930523, 0.000102932921436, 8.19270717329e-05, 8.36456601974e-05, 0.000128814048367, 0.000169611026649, 0.000142126868013, 0.000190917227883, 7.30569299776e-05, 1.43720035339e-05], "dvar": [2.44365455728e-05, 0.000457286223536, 4.84717420477e-05, 3.05152316287e-05, 1.72939508047e-05, 4.62105253973e-06, 3.65237610822e-06, 3.1290564948e-06, 2.96157668345e-06, 1.80065785571e-06, 5.15422834724e-06, 2.03998069992e-06, 5.38353447155e-07, 2.46126774073e-07, 1.11043092943e-07, 6.58690595401e-08, 4.82270650082e-08, 5.53484085231e-08, 2.25200889048e-08, 1.4535237014e-08, 3.21211928167e-08, 6.47473470394e-08, 1.09050468211e-07, 7.20159150092e-08, 1.62987063845e-07, 1.50497818652e-08, 5.18856013709e-10], "dvar2": [5.16943764524e-05, 0.0011622402817, 0.000133182475111, 7.10182575858e-05, 4.34401008533e-05, 1.1921202713e-05, 8.46909824759e-06, 7.29316161596e-06, 6.29545775155e-06, 4.25428152084e-06, 1.27748471641e-05, 4.95411541124e-06, 1.29771149204e-06, 5.95284404881e-07, 2.83605714912e-07, 1.55970994342e-07, 1.24028716186e-07, 1.36360966962e-07, 5.87736046498e-08, 3.41082468935e-08, 6.73547262409e-08, 1.51125149728e-07, 2.43475710704e-07, 1.70303152913e-07, 3.65774326383e-07, 3.55882399106e-08, 1.17195020355e-09], "max": [0.082008138299, 0.214172586799, 0.108070746064, 0.0775260776281, 0.0795771554112, 0.0531005896628, 0.030103161931, 0.0464704968035, 0.0447347164154, 0.0285521708429, 0.0575845465064, 0.037717320025, 0.0188136380166, 0.0145444916561, 0.00612937659025, 0.0105750095099, 0.00580840930343, 0.00898963306099, 0.00544484145939, 0.00330385239795, 0.00484694074839, 0.00491792382672, 0.00682081235573, 0.0073824878782, 0.016135873273, 0.00401502801105, 0.000402956327889], "mean": [0.00216379319318, 0.00776788871735, 0.00588354980573, 0.00292439060286, 0.00566108012572, 0.00338771939278, 0.0027110693045, 0.00153709750157, 0.00242660730146, 0.00104034028482, 0.00247603259049, 0.00148502422962, 0.000700341071934, 0.0004731353838, 0.000360588950571, 0.000196305016289, 0.000163329328643, 0.000245708593866, 0.000114738031698, 8.44270543894e-05, 7.52528721932e-05, 0.000106630570372, 0.000135227048304, 0.000108000116597, 0.000156374168, 5.55787519261e-05, 1.15112661661e-05], "median": [8.67855414981e-05, 0.00119487755001, 0.00225478014909, 0.00109381775837, 0.00388298952021, 0.00192369078286, 0.00151798233856, 0.000765113567468, 0.000995143083856, 0.000273843848845, 0.000780632835813, 0.000474993110402, 0.000282168068225, 0.000247191725066, 0.000216771659325, 9.77946911007e-05, 7.7057229646e-05, 0.000134692993015, 7.05729034962e-05, 4.38685965491e-05, 2.38930260821e-05, 2.65034323093e-05, 3.29153190251e-05, 2.46849558607e-05, 2.88925875793e-05, 1.38365985549e-05, 2.37481117438e-06], "min": [1.05530843811e-24, 8.9019267596e-23, 2.83795834542e-23, 5.44848178099e-23, 4.67960808675e-23, 2.31671487354e-23, 9.12879936941e-23, 2.6903883447e-23, 4.39791469274e-23, 6.64353663264e-23, 1.40067378162e-22, 1.93909634055e-22, 1.24628145935e-22, 1.78667856868e-22, 1.40833683957e-22, 8.81103609937e-23, 1.87856735884e-22, 1.73636413662e-22, 2.09941483838e-22, 3.62633829793e-22, 3.97964423248e-22, 5.19427873802e-22, 7.35309341416e-22, 7.84453179623e-22, 1.15128092215e-21, 1.55174599661e-21, 2.48020090034e-21], "var": [4.09955173382e-05, 0.000430843239883, 7.52187334001e-05, 3.57987410098e-05, 3.97250551032e-05, 2.01242819458e-05, 1.16200308184e-05, 6.65073321215e-06, 1.29666341309e-05, 4.26277483712e-06, 1.43864381243e-05, 5.67817778574e-06, 1.38619998324e-06, 5.07606841893e-07, 2.12129208421e-07, 1.87375519545e-07, 1.03881838243e-07, 1.29436230623e-07, 2.82622565351e-08, 2.59713051065e-08, 5.61930519893e-08, 1.03270934915e-07, 1.86897565868e-07, 1.03305005439e-07, 2.78477273241e-07, 1.97991329998e-08, 7.37286176555e-10]}, "erbbands": {"dmean": [0.296128511429, 1.35768640041, 3.66980743408, 5.61393022537, 8.63488388062, 11.187497139, 10.9527406693, 12.6083183289, 9.82029438019, 24.6107063293, 19.1655788422, 18.415933609, 19.2603302002, 34.9427490234, 33.6839027405, 27.0865764618, 17.8202323914, 12.708565712, 10.2451505661, 10.0089330673, 4.85842132568, 5.58559989929, 6.82750272751, 4.03372573853, 2.99211668968, 2.189422369, 1.83803200722, 2.3958902359, 2.72861647606, 3.27372407913, 2.90012669563, 2.09409832954, 1.51447498798, 1.57016301155, 0.796838343143, 0.276060581207, 0.0755923092365, 0.013686735183, 0.00175199203659, 7.70127007854e-05], "dmean2": [0.488782227039, 2.3448138237, 6.35214424133, 9.22293376923, 14.1231174469, 17.7991218567, 17.7626533508, 19.5746555328, 14.8109741211, 37.8730926514, 29.062456131, 27.2146492004, 29.205581665, 54.6635780334, 52.6669464111, 41.8105659485, 27.9697570801, 20.3376712799, 16.7049789429, 16.4765586853, 7.79916143417, 9.12339687347, 11.0232133865, 6.58815908432, 4.92711782455, 3.55892753601, 2.89604616165, 3.82732629776, 4.30793476105, 5.31251955032, 4.55328655243, 3.35232210159, 2.43196511269, 2.44113755226, 1.20333266258, 0.416054040194, 0.119227193296, 0.0209175031632, 0.0026240691077, 0.000110080873128], "dvar": [0.894392728806, 18.5020484924, 65.1413726807, 111.669425964, 342.347167969, 309.518096924, 290.711334229, 386.809417725, 244.860290527, 1711.84228516, 1603.1796875, 1090.6550293, 1432.97094727, 5181.83398438, 3653.23852539, 2813.15966797, 1110.96765137, 683.516662598, 331.069549561, 312.949676514, 250.072021484, 171.0756073, 177.71156311, 54.7814941406, 54.3547706604, 33.8560638428, 35.4647674561, 66.7469482422, 69.2173919678, 113.760017395, 85.0397491455, 35.5611152649, 25.0944824219, 26.9618320465, 7.02397012711, 0.533142209053, 0.0421027727425, 0.00114971515723, 1.7598938939e-05, 2.84220771363e-08], "dvar2": [2.24949359894, 50.207862854, 182.070281982, 276.225708008, 813.481811523, 774.385253906, 718.701171875, 925.090209961, 536.578369141, 3958.73193359, 3644.35888672, 2299.35913086, 3215.90625, 12250.046875, 9118.62011719, 6845.015625, 2680.07104492, 1641.04101562, 815.957336426, 788.220397949, 601.719787598, 429.26852417, 437.212921143, 142.737609863, 140.585525513, 79.368812561, 79.4470825195, 144.680084229, 159.612976074, 268.385009766, 182.58895874, 83.0683059692, 60.3637657166, 62.7504348755, 15.2998189926, 1.11611616611, 0.106814742088, 0.002810863778, 3.99522068619e-05, 5.97168394734e-08], "max": [10.0178451538, 41.8106155396, 106.684295654, 129.817428589, 279.518188477, 404.439544678, 592.473693848, 656.620117188, 325.320495605, 827.581604004, 994.785644531, 722.83972168, 713.593505859, 2191.20678711, 1182.78259277, 1224.22094727, 855.054626465, 819.630004883, 441.129943848, 397.321868896, 686.819213867, 396.307220459, 519.635192871, 190.49230957, 219.095718384, 168.421798706, 214.242218018, 191.802734375, 157.74458313, 235.932846069, 219.840927124, 121.285964966, 162.697433472, 147.596511841, 165.252487183, 33.0769996643, 3.89057636261, 0.593744039536, 0.0791450440884, 0.0050617903471], "mean": [0.289803951979, 1.54688668251, 6.00795698166, 8.60547542572, 13.458489418, 22.1506671906, 21.6060066223, 29.9512958527, 24.57554245, 54.0422859192, 43.1201248169, 44.0239067078, 40.8539810181, 72.1331176758, 71.2324142456, 57.0201683044, 37.955078125, 25.0885543823, 20.2011756897, 17.5920791626, 10.0334348679, 10.7371377945, 13.2965784073, 7.9512591362, 5.55471515656, 3.74149751663, 2.89060258865, 3.21652817726, 3.63333320618, 4.10388278961, 3.77941298485, 2.52318572998, 1.8148458004, 1.86609661579, 1.00030708313, 0.341833174229, 0.0845352634788, 0.0159499682486, 0.00212248950265, 0.000131831882754], "median": [0.0327302664518, 0.309304922819, 2.28160214424, 4.85093784332, 6.71483039856, 13.7509708405, 13.9567737579, 14.4515762329, 15.6057691574, 27.6460380554, 21.1067676544, 19.1585540771, 13.7506103516, 23.1087017059, 28.0790977478, 20.8913497925, 16.8774261475, 13.3947086334, 11.9529304504, 10.8491659164, 4.9177532196, 5.1177740097, 7.14106845856, 5.43414306641, 3.24834489822, 1.8435074091, 1.20303845406, 0.840812981129, 0.90648496151, 1.00427818298, 0.931677997112, 0.573795378208, 0.392130553722, 0.309236705303, 0.187445044518, 0.0806659609079, 0.020276768133, 0.0038377288729, 0.00044466208783, 7.01109820511e-05], "min": [1.96408785793e-21, 2.15751144259e-20, 3.64223941137e-20, 1.3852833785e-19, 5.82846452253e-20, 1.3783927055e-19, 4.22887661265e-19, 1.60339319919e-19, 4.77112917634e-19, 1.97952675108e-18, 5.06532526698e-19, 1.15620390211e-18, 1.46753834786e-18, 3.08337012042e-18, 5.83357629193e-18, 8.23804888473e-18, 5.61883813695e-18, 7.32432119187e-18, 8.80484958407e-18, 5.20577267678e-18, 6.47721173041e-18, 1.09873656303e-17, 8.98221861409e-18, 9.16335710617e-18, 1.40425224812e-17, 1.76102037483e-17, 1.21722025961e-17, 1.8436107194e-17, 1.39772446959e-17, 2.38445366393e-17, 1.89269429346e-17, 1.73850054809e-17, 1.47824388478e-17, 1.05847123061e-17, 8.59709655578e-18, 6.65366217636e-18, 2.81868452531e-18, 1.13937904845e-18, 3.44648188491e-19, 3.84293119944e-20], "var": [0.847805917263, 14.8983736038, 85.7651138306, 142.013214111, 465.119140625, 743.977478027, 690.567626953, 2249.30957031, 893.049560547, 5400.20019531, 4531.97167969, 4191.01855469, 4186.94921875, 13663.9853516, 10983.1201172, 8018.58837891, 3263.86108398, 1441.87023926, 679.591064453, 539.21472168, 715.588012695, 443.532897949, 421.627868652, 89.0805969238, 72.5328140259, 59.4300231934, 61.2720451355, 112.723884583, 115.982711792, 171.786972046, 155.195663452, 53.8588562012, 32.9394302368, 40.0024833679, 13.6058397293, 0.966212272644, 0.0436966568232, 0.00134622969199, 2.52398385783e-05, 4.74072372469e-08]}, "gfcc": {"mean": [-10.9322462082, 96.9660720825, -102.784187317, 6.0697350502, -56.562877655, 11.8613510132, -41.1649742126, 5.723695755, -27.3152217865, -2.12269973755, -13.4312038422, 0.596452474594, -14.9588336945], "cov": [[25360.7617188, 1934.74584961, 471.808441162, 733.492919922, -234.093704224, 560.821533203, -210.732025146, 339.80090332, -210.10824585, 41.9415245056, -280.461029053, -169.973846436, -578.259460449], [1934.74584961, 1918.37890625, -376.323364258, -259.726348877, 199.048019409, -109.224815369, 17.4886455536, -73.1171722412, 66.0823974609, -87.65259552, 146.64213562, -61.2736854553, 34.3671989441], [471.808441162, -376.323364258, 1095.1739502, 472.804077148, 188.692001343, 265.111297607, 94.5052261353, 197.578079224, 142.400878906, 151.259536743, -108.780319214, 12.9331684113, -87.4962463379], [733.492919922, -259.726348877, 472.804077148, 628.588745117, 145.368774414, 129.445251465, 3.07782959938, 134.946365356, 116.775169373, 121.278915405, -74.1564941406, -22.7614917755, -16.2612628937], [-234.093704224, 199.048019409, 188.692001343, 145.368774414, 267.849517822, 81.9103546143, 67.0012588501, 70.0332183838, 90.5737380981, 38.9384918213, 11.9854593277, 5.06793308258, 15.9551239014], [560.821533203, -109.224815369, 265.111297607, 129.445251465, 81.9103546143, 250.185638428, 121.509529114, 103.328132629, 24.1851215363, 32.3220939636, -7.98607635498, 14.7017269135, -31.2856960297], [-210.732025146, 17.4886455536, 94.5052261353, 3.07782959938, 67.0012588501, 121.509529114, 192.842987061, 69.7039413452, 11.9283618927, 12.4826049805, 34.817401886, 23.2954788208, 1.78676533699], [339.80090332, -73.1171722412, 197.578079224, 134.946365356, 70.0332183838, 103.328132629, 69.7039413452, 161.087097168, 78.7339935303, 57.946598053, -15.3616600037, 10.5028381348, -23.3516216278], [-210.10824585, 66.0823974609, 142.400878906, 116.775169373, 90.5737380981, 24.1851215363, 11.9283618927, 78.7339935303, 149.404174805, 67.7572402954, 0.184970751405, -7.44275188446, 2.69775319099], [41.9415245056, -87.65259552, 151.259536743, 121.278915405, 38.9384918213, 32.3220939636, 12.4826049805, 57.946598053, 67.7572402954, 119.977584839, 11.5574226379, 8.02766895294, -5.78034830093], [-280.461029053, 146.64213562, -108.780319214, -74.1564941406, 11.9854593277, -7.98607635498, 34.817401886, -15.3616600037, 0.184970751405, 11.5574226379, 109.660369873, 33.8252983093, 27.4638538361], [-169.973846436, -61.2736854553, 12.9331684113, -22.7614917755, 5.06793308258, 14.7017269135, 23.2954788208, 10.5028381348, -7.44275188446, 8.02766895294, 33.8252983093, 84.1129150391, 34.6598701477], [-578.259460449, 34.3671989441, -87.4962463379, -16.2612628937, 15.9551239014, -31.2856960297, 1.78676533699, -23.3516216278, 2.69775319099, -5.78034830093, 27.4638538361, 34.6598701477, 99.6790161133]], "icov": [[8.86456546141e-05, -0.000218401342863, 5.9743411839e-05, -0.000183129261131, 0.00026176252868, -0.000301492778817, 0.00023992023489, -0.000234951119637, 0.000369150657207, -0.000194919979549, 0.000297052029055, -0.000275589962257, 0.000408938038163], [-0.000218401342863, 0.00138912082184, -5.08096673002e-05, 0.000721747695934, -0.00149618647993, 0.000950929243118, -0.000501689501107, 0.000644759857096, -0.00144567538518, 0.00124132458586, -0.00190542172641, 0.0016522470396, -0.000913212483283], [5.9743411839e-05, -5.08096673002e-05, 0.00224366527982, -0.00087693304522, -0.000436094094766, -0.00133084482513, -0.000196764667635, 0.000283775269054, -0.000530247751158, -0.00131237623282, 0.00212029484101, -0.00177058018744, 0.00188230618369], [-0.000183129261131, 0.000721747695934, -0.00087693304522, 0.00361570925452, -0.00158098328393, -1.31140186568e-05, 0.000752276391722, -0.000592500262428, -0.000716851558536, -0.00107852485962, -1.76050125447e-05, 0.00218173046596, -0.00219137244858], [0.00026176252868, -0.00149618647993, -0.000436094094766, -0.00158098328393, 0.00749748107046, -0.0017323542852, -0.000576577847824, -0.000516721105669, -0.0013513781596, 6.63711107336e-05, 0.000748062797356, -0.0011847972637, -0.00021455498063], [-0.000301492778817, 0.000950929243118, -0.00133084482513, -1.31140186568e-05, -0.0017323542852, 0.00966096762568, -0.00449948431924, -0.00185820180923, 0.00057050032774, 0.00160754448734, -0.00171592715196, 0.000769469246734, -9.35123262025e-06], [0.00023992023489, -0.000501689501107, -0.000196764667635, 0.000752276391722, -0.000576577847824, -0.00449948431924, 0.0103362174705, -0.0040208674036, 0.00250452430919, 9.85310471151e-05, -0.00248876446858, 0.000179797236342, -0.000371245841961], [-0.000234951119637, 0.000644759857096, 0.000283775269054, -0.000592500262428, -0.000516721105669, -0.00185820180923, -0.0040208674036, 0.0148414708674, -0.00689484085888, -0.00131366401911, 0.00218883529305, -0.00282519147731, 0.00210528960451], [0.000369150657207, -0.00144567538518, -0.000530247751158, -0.000716851558536, -0.0013513781596, 0.00057050032774, 0.00250452430919, -0.00689484085888, 0.0156589001417, -0.00547587778419, 0.000484493008116, 0.00172348867636, -0.000681306933984], [-0.000194919979549, 0.00124132458586, -0.00131237623282, -0.00107852485962, 6.63711107336e-05, 0.00160754448734, 9.85310471151e-05, -0.00131366401911, -0.00547587778419, 0.0158420372754, -0.00615878216922, 0.000848535972182, -0.000233555518207], [0.000297052029055, -0.00190542172641, 0.00212029484101, -1.76050125447e-05, 0.000748062797356, -0.00171592715196, -0.00248876446858, 0.00218883529305, 0.000484493008116, -0.00615878216922, 0.0180598851293, -0.00768242543563, 0.00146269367542], [-0.000275589962257, 0.0016522470396, -0.00177058018744, 0.00218173046596, -0.0011847972637, 0.000769469246734, 0.000179797236342, -0.00282519147731, 0.00172348867636, 0.000848535972182, -0.00768242543563, 0.0203209370375, -0.0085472445935], [0.000408938038163, -0.000913212483283, 0.00188230618369, -0.00219137244858, -0.00021455498063, -9.35123262025e-06, -0.000371245841961, 0.00210528960451, -0.000681306933984, -0.000233555518207, 0.00146269367542, -0.0085472445935, 0.0171193126589]]}, "melbands": {"dmean": [0.00220518582501, 0.00178973108996, 0.00105463922955, 0.000651363225188, 0.000388385058613, 0.000277216022369, 0.000178635615157, 0.000242995156441, 0.000169046150404, 0.000123020698084, 9.91376800812e-05, 0.000135308349854, 0.000151230400661, 7.33246342861e-05, 7.30513274902e-05, 3.5597859096e-05, 2.32983802562e-05, 1.93176892935e-05, 1.59188621183e-05, 9.67777850747e-06, 5.84143344895e-06, 6.37194625597e-06, 6.37045923213e-06, 6.54927271171e-06, 3.24467328028e-06, 2.42404826167e-06, 2.19455114348e-06, 1.3914941519e-06, 1.15169950732e-06, 1.29706415919e-06, 1.47712898979e-06, 1.51617234678e-06, 1.81329573934e-06, 1.84370298939e-06, 1.60114382197e-06, 1.75820059667e-06, 1.19384480968e-06, 1.03337288238e-06, 1.22356811971e-06, 1.3823645304e-06], "dmean2": [0.00363863492385, 0.00310912146233, 0.00171035132371, 0.00104379048571, 0.00062534812605, 0.000430061278166, 0.000273686950095, 0.000374428724172, 0.000254399637925, 0.00018147121591, 0.000150820269482, 0.000211486243643, 0.000238327178522, 0.000112214074761, 0.00011481896945, 5.66927374166e-05, 3.75493582396e-05, 3.15806537401e-05, 2.65553335339e-05, 1.56479836733e-05, 9.43291797739e-06, 1.05405661088e-05, 1.03111642602e-05, 1.06947982204e-05, 5.36137213203e-06, 4.03584044761e-06, 3.63821459359e-06, 2.27014265874e-06, 1.83695408396e-06, 2.08600977203e-06, 2.38392885876e-06, 2.40073745772e-06, 2.93641710414e-06, 3.01395834867e-06, 2.49655181506e-06, 2.87815191768e-06, 1.94764697881e-06, 1.67837902154e-06, 1.95453890228e-06, 2.14988540392e-06], "dvar": [4.6164059313e-05, 1.96118671738e-05, 4.18920080847e-06, 1.13427074666e-06, 3.31177659518e-07, 1.67603033674e-07, 7.36811287538e-08, 1.7507255734e-07, 1.17514417752e-07, 4.85734936717e-08, 3.86704677169e-08, 7.75178961021e-08, 7.61646177239e-08, 2.51789860073e-08, 2.3459264753e-08, 5.42968425776e-09, 2.34091612761e-09, 1.2189091958e-09, 6.36778740848e-10, 3.66884189695e-10, 3.58895635433e-10, 2.28888685783e-10, 2.30554214609e-10, 1.36930911054e-10, 3.82241044372e-11, 4.2439111253e-11, 2.41248705041e-11, 1.54181632739e-11, 1.22553312984e-11, 2.22428846175e-11, 2.71603937257e-11, 2.07255185236e-11, 3.63265806325e-11, 3.65646159184e-11, 2.95903961056e-11, 3.19819830341e-11, 1.44882864386e-11, 1.11107607489e-11, 2.11755751822e-11, 1.94835536593e-11], "dvar2": [0.000113786496513, 5.4553613154e-05, 9.834841876e-06, 2.80401286545e-06, 7.96687345428e-07, 4.09083384056e-07, 1.69103273606e-07, 4.10927583516e-07, 2.69666429631e-07, 1.02721770645e-07, 8.69225900146e-08, 1.82531081805e-07, 1.92072960203e-07, 5.81689612034e-08, 5.86384487633e-08, 1.26610393281e-08, 5.70625591223e-09, 3.00092262151e-09, 1.66306779459e-09, 9.03103980487e-10, 8.60159499183e-10, 5.99704785831e-10, 5.52371981488e-10, 3.43463341101e-10, 1.00588419538e-10, 1.13272016766e-10, 6.08253516998e-11, 3.63912094903e-11, 2.82953400293e-11, 4.98756834444e-11, 6.08398192936e-11, 4.77783090869e-11, 9.09730762944e-11, 8.61212073877e-11, 6.21477244667e-11, 7.97017590815e-11, 3.59974584863e-11, 2.68770960349e-11, 5.31280297533e-11, 4.45953378392e-11], "max": [0.0685619786382, 0.0433025993407, 0.0269779693335, 0.0193630699068, 0.0186165031046, 0.0129318134859, 0.00467839790508, 0.010578549467, 0.00769323436543, 0.00488140434027, 0.00372793781571, 0.00807760749012, 0.00541419396177, 0.00578113505617, 0.00305023463443, 0.00226149871014, 0.00139868597034, 0.000913128547836, 0.0004914473393, 0.000415911199525, 0.000741258845665, 0.000401128112571, 0.00062464736402, 0.000408101506764, 0.000156885405886, 0.000263090041699, 0.000153144501382, 0.000115692389954, 0.000137554947287, 0.000139518917422, 0.000143439145177, 0.000102569145383, 0.000122365658171, 0.000138570423587, 0.000155192290549, 9.97362731141e-05, 7.94118095655e-05, 0.00011499147513, 0.00015943867038, 0.000115111681225], "mean": [0.0024507381022, 0.00280116242357, 0.00169268273748, 0.00127669714857, 0.000819822889753, 0.000655106268823, 0.000436387985246, 0.000534047663677, 0.000369281187886, 0.000288556417217, 0.000199712914764, 0.000273616285995, 0.000305385532556, 0.000138246410643, 0.00014535151422, 6.45635664114e-05, 4.24456557084e-05, 3.42242128681e-05, 2.64899827016e-05, 1.64690281963e-05, 1.04007631307e-05, 1.07814084913e-05, 1.16429700938e-05, 1.16623468784e-05, 5.80346704737e-06, 4.35550828115e-06, 3.51703965862e-06, 2.19429853132e-06, 1.7833634729e-06, 1.75385878265e-06, 1.88070475815e-06, 1.97606345864e-06, 2.22521748583e-06, 2.27392138186e-06, 2.16096782424e-06, 1.99277042157e-06, 1.39412065892e-06, 1.2068204569e-06, 1.41197472203e-06, 1.63024299127e-06], "median": [0.000323562970152, 0.00100234837737, 0.001011476852, 0.000812647864223, 0.000555470120162, 0.000347770255757, 0.000286369759124, 0.000283586559817, 0.0001587705774, 0.000117674251669, 5.9406440414e-05, 8.31595971249e-05, 0.000107318010123, 4.01416909881e-05, 4.19257194153e-05, 2.63971232926e-05, 2.14064657484e-05, 1.81934392458e-05, 1.64606317412e-05, 8.42681765789e-06, 4.38914776169e-06, 4.72845840704e-06, 5.28607233719e-06, 6.04397700954e-06, 3.89718616134e-06, 2.43273098022e-06, 1.85537032849e-06, 9.60616489465e-07, 7.73388023845e-07, 5.34269929631e-07, 4.33583608128e-07, 4.95495555697e-07, 5.33493675903e-07, 5.37880168849e-07, 5.36031734555e-07, 4.29819294823e-07, 2.92957338388e-07, 2.54657948062e-07, 2.53829284702e-07, 2.5058875508e-07], "min": [2.19255652898e-23, 2.32855425578e-23, 2.05043661048e-23, 4.36232980839e-24, 1.44689901119e-23, 3.33426063873e-24, 1.09247926814e-23, 1.88321277138e-23, 3.9852712562e-24, 6.81579135327e-24, 7.82280700866e-24, 1.23461890817e-23, 1.98955248358e-23, 2.0892282144e-23, 2.15185951043e-23, 8.80019383732e-24, 1.47365669977e-23, 1.49756802045e-23, 1.10805524783e-23, 4.16378259045e-24, 8.55978295442e-24, 1.13549743103e-23, 8.65323772814e-24, 9.03518840123e-24, 6.82231286637e-24, 8.64238063551e-24, 1.10409579718e-23, 1.24974839259e-23, 7.27376534065e-24, 9.15181833063e-24, 1.04732849869e-23, 6.24495976934e-24, 1.27356031679e-23, 1.27329715279e-23, 9.35548880572e-24, 1.37482426126e-23, 8.97443427862e-24, 1.00230868015e-23, 1.04041571058e-23, 8.2728560994e-24], "var": [4.77157554997e-05, 2.06694894587e-05, 5.66945345781e-06, 2.30185696637e-06, 8.97763698049e-07, 9.26397603962e-07, 2.46052223929e-07, 5.09230289936e-07, 3.60261680044e-07, 1.92677021005e-07, 1.1098642716e-07, 2.05265862974e-07, 2.20907793391e-07, 6.39449595496e-08, 6.48295710448e-08, 1.25342518587e-08, 4.56997018006e-09, 2.40173703148e-09, 1.0880681911e-09, 7.18135995115e-10, 9.43274791609e-10, 4.96112928516e-10, 5.26090504493e-10, 2.8443725153e-10, 5.30428825862e-11, 4.95072698115e-11, 3.61753439704e-11, 2.58921061674e-11, 2.11919821969e-11, 3.3473352562e-11, 4.24936162646e-11, 3.46658431127e-11, 4.86818640955e-11, 5.52597134718e-11, 5.57438886717e-11, 4.02247471443e-11, 1.8332909843e-11, 1.44159632148e-11, 2.47656894992e-11, 3.05106703791e-11]}, "mfcc": {"mean": [-653.582214355, 138.910873413, 6.62593317032, 3.91422009468, 3.34678292274, -0.837576448917, -1.00874185562, 2.70530724525, -9.33306598663, -2.60700035095, 0.132208883762, -4.92662382126, -1.68027091026], "cov": [[11359.0146484, 1575.5949707, 609.674255371, 1.30607330799, 126.566848755, 126.467178345, 207.981994629, 306.565124512, 30.4388923645, 136.709793091, 229.549102783, 24.8566436768, -72.272026062], [1575.5949707, 1818.52990723, -259.443145752, -101.791175842, 55.7424507141, -20.8445911407, 42.5308265686, 72.2491760254, -73.5887680054, 55.5781822205, 25.0413227081, 24.940164566, 14.2648668289], [609.674255371, -259.443145752, 787.778930664, 258.910797119, 217.870849609, 182.053665161, 76.8545532227, 123.589729309, 189.173782349, 128.15473938, 149.463653564, 52.3705024719, 3.08346366882], [1.30607330799, -101.791175842, 258.910797119, 399.893798828, 212.444351196, 89.020614624, -17.847026825, 5.10343408585, 129.36026001, 85.2454681396, 61.2453727722, 40.3924064636, 28.6519451141], [126.566848755, 55.7424507141, 217.870849609, 212.444351196, 282.248443604, 101.63469696, 3.61981964111, 55.4694137573, 111.449188232, 92.6498565674, 71.3797302246, 39.6968955994, 14.3289852142], [126.467178345, -20.8445911407, 182.053665161, 89.020614624, 101.63469696, 154.564163208, 87.6182861328, 62.116394043, 70.1566772461, 47.2393341064, 48.3495788574, 21.6220397949, 16.2149009705], [207.981994629, 42.5308265686, 76.8545532227, -17.847026825, 3.61981964111, 87.6182861328, 193.76965332, 97.1679534912, 30.47930336, 17.6059951782, 40.6230812073, 11.7211666107, 18.6866130829], [306.565124512, 72.2491760254, 123.589729309, 5.10343408585, 55.4694137573, 62.116394043, 97.1679534912, 168.79006958, 67.5650100708, 47.1285972595, 54.0323486328, 24.5648021698, 3.29498028755], [30.4388923645, -73.5887680054, 189.173782349, 129.36026001, 111.449188232, 70.1566772461, 30.47930336, 67.5650100708, 163.00340271, 80.0528488159, 64.8571624756, 23.788684845, 13.1059551239], [136.709793091, 55.5781822205, 128.15473938, 85.2454681396, 92.6498565674, 47.2393341064, 17.6059951782, 47.1285972595, 80.0528488159, 134.928359985, 78.2663574219, 29.6693019867, 0.76576679945], [229.549102783, 25.0413227081, 149.463653564, 61.2453727722, 71.3797302246, 48.3495788574, 40.6230812073, 54.0323486328, 64.8571624756, 78.2663574219, 140.644668579, 55.5472373962, 11.4447183609], [24.8566436768, 24.940164566, 52.3705024719, 40.3924064636, 39.6968955994, 21.6220397949, 11.7211666107, 24.5648021698, 23.788684845, 29.6693019867, 55.5472373962, 91.2029190063, 33.3163337708], [-72.272026062, 14.2648668289, 3.08346366882, 28.6519451141, 14.3289852142, 16.2149009705, 18.6866130829, 3.29498028755, 13.1059551239, 0.76576679945, 11.4447183609, 33.3163337708, 74.9047851562]], "icov": [[0.000116183255159, -0.000117157869681, -0.000145344311022, -1.65756337083e-05, 6.04296037636e-05, 3.66611056961e-05, -1.60910658451e-05, -0.000108229462057, 9.75923758233e-05, 5.93369841226e-05, -0.000121953438793, 7.98580585979e-05, 0.000101445381006], [-0.000117157869681, 0.000799656612799, 0.000466890778625, 0.000154185807332, -0.000536913110409, 7.19184827176e-05, -8.9437358838e-05, -0.000305855850456, 0.000512176600751, -0.000586239970289, 1.39044532261e-05, -6.21389917796e-05, -0.000278724328382], [-0.000145344311022, 0.000466890778625, 0.00272987596691, -0.000704756414052, -0.000263573223492, -0.00168450712226, 0.000357431039447, -0.000711648957804, -0.000768994214013, -6.15338576608e-05, -0.00125003617723, 8.94457189133e-05, 0.000571646844037], [-1.65756337083e-05, 0.000154185807332, -0.000704756414052, 0.00538336765021, -0.00292531424202, -0.000214351850445, 0.000249715492828, 0.00206795125268, -0.00203580083326, -0.000462151598185, 0.000605680106673, -0.000567078881431, -0.00110219675116], [6.04296037636e-05, -0.000536913110409, -0.000263573223492, -0.00292531424202, 0.00848460849375, -0.00351428682916, 0.0024703128729, -0.00163079553749, -0.000898449390661, -0.0012419737177, -0.000400761287892, -0.000382351398002, 0.000284706940874], [3.66611056961e-05, 7.19184827176e-05, -0.00168450712226, -0.000214351850445, -0.00351428682916, 0.0143962884322, -0.00617586402223, 0.000776982749812, -0.000907567329705, -0.000343641557265, 0.00087933865143, -0.000220122092287, -0.000638750148937], [-1.60910658451e-05, -8.9437358838e-05, 0.000357431039447, 0.000249715492828, 0.0024703128729, -0.00617586402223, 0.0106476359069, -0.00493500102311, 0.000751712592319, 0.000696282659192, -0.00196295324713, 0.00166178226937, -0.00226142816246], [-0.000108229462057, -0.000305855850456, -0.000711648957804, 0.00206795125268, -0.00163079553749, 0.000776982749812, -0.00493500102311, 0.0116068562493, -0.00375578179955, -0.000447644706583, 0.000236916559516, -0.00194456486497, 0.0015468680067], [9.75923758233e-05, 0.000512176600751, -0.000768994214013, -0.00203580083326, -0.000898449390661, -0.000907567329705, 0.000751712592319, -0.00375578179955, 0.0135366702452, -0.00385799654759, -0.00122239312623, 0.00182427058462, -0.0018006672617], [5.93369841226e-05, -0.000586239970289, -6.15338576608e-05, -0.000462151598185, -0.0012419737177, -0.000343641557265, 0.000696282659192, -0.000447644706583, -0.00385799654759, 0.0143824703991, -0.0053618834354, -5.56167360628e-05, 0.00187814130913], [-0.000121953438793, 1.39044532261e-05, -0.00125003617723, 0.000605680106673, -0.000400761287892, 0.00087933865143, -0.00196295324713, 0.000236916559516, -0.00122239312623, -0.0053618834354, 0.0148762287572, -0.00675262510777, 0.0010642556008], [7.98580585979e-05, -6.21389917796e-05, 8.94457189133e-05, -0.000567078881431, -0.000382351398002, -0.000220122092287, 0.00166178226937, -0.00194456486497, 0.00182427058462, -5.56167360628e-05, -0.00675262510777, 0.0179679393768, -0.00718482770026], [0.000101445381006, -0.000278724328382, 0.000571646844037, -0.00110219675116, 0.000284706940874, -0.000638750148937, -0.00226142816246, 0.0015468680067, -0.0018006672617, 0.00187814130913, 0.0010642556008, -0.00718482770026, 0.0178081747144]]}, "spectral_contrast_coeffs": {"dmean": [0.0531271137297, 0.0429559871554, 0.038611613214, 0.0300911664963, 0.0217370744795, 0.0146049922332], "dmean2": [0.0853550955653, 0.0704343616962, 0.06175352633, 0.0488200075924, 0.0349299497902, 0.0240207985044], "dvar": [0.0020498149097, 0.00130545243155, 0.000961099693086, 0.00058434397215, 0.000337388279149, 0.000162154916325], "dvar2": [0.00494789006189, 0.00335782626644, 0.00238066678867, 0.00147720053792, 0.000799142173491, 0.00041507781134], "max": [-0.263717710972, -0.385872721672, -0.425512522459, -0.465788573027, -0.575424432755, -0.672224879265], "mean": [-0.59102833271, -0.702876925468, -0.725570857525, -0.747137784958, -0.784449517727, -0.808733701706], "median": [-0.590947628021, -0.702605783939, -0.730414152145, -0.748064756393, -0.786380171776, -0.809073328972], "min": [-0.95898014307, -0.97539550066, -0.959910988808, -0.959491610527, -0.958036124706, -0.958940923214], "var": [0.01061164774, 0.00630849692971, 0.00764345843345, 0.00436632242054, 0.00240673869848, 0.000905803695787]}, "spectral_contrast_valleys": {"dmean": [0.406090438366, 0.311383664608, 0.295905321836, 0.246073141694, 0.247881412506, 0.357515275478], "dmean2": [0.660339236259, 0.508182287216, 0.469135552645, 0.387087464333, 0.367755055428, 0.475718379021], "dvar": [0.164759755135, 0.0828537195921, 0.086593337357, 0.0621172823012, 0.0888500511646, 0.184733510017], "dvar2": [0.356803059578, 0.184296667576, 0.166669398546, 0.117601312697, 0.159119457006, 0.334257423878], "max": [-4.71611642838, -4.51668548584, -5.10892248154, -6.1962184906, -5.98236894608, -7.13409423828], "mean": [-7.6201210022, -6