{"lowlevel": {"average_loudness": 0.155547648668, "barkbands_crest": {"dmean": 2.43715286255, "dmean2": 3.99050164223, "dvar": 5.08784675598, "dvar2": 12.9537239075, "max": 26.7144813538, "mean": 12.2974481583, "median": 11.6341762543, "min": 3.24605536461, "var": 21.7791061401}, "barkbands_flatness_db": {"dmean": 0.0288113001734, "dmean2": 0.0459336228669, "dvar": 0.000797570799477, "dvar2": 0.00200679874979, "max": 0.678132414818, "mean": 0.318435937166, "median": 0.314365625381, "min": 0.064187400043, "var": 0.0054450808093}, "barkbands_kurtosis": {"dmean": 4.37461948395, "dmean2": 7.08942985535, "dvar": 99.8157501221, "dvar2": 243.319610596, "max": 333.379638672, "mean": 6.66776609421, "median": 2.7757897377, "min": -1.82353270054, "var": 229.951812744}, "barkbands_skewness": {"dmean": 0.644106507301, "dmean2": 1.04292881489, "dvar": 0.478468179703, "dvar2": 1.28334546089, "max": 13.1031312943, "mean": 1.38732671738, "median": 1.28243565559, "min": -7.36519527435, "var": 2.07676410675}, "barkbands_spread": {"dmean": 1.74192166328, "dmean2": 2.81149435043, "dvar": 5.22542095184, "dvar2": 13.8088436127, "max": 44.0222015381, "mean": 6.12187671661, "median": 5.23961448669, "min": 0.0504536293447, "var": 19.2759819031}, "dissonance": {"dmean": 0.0447006076574, "dmean2": 0.0755581632257, "dvar": 0.00195697229356, "dvar2": 0.00539715401828, "max": 0.500000178814, "mean": 0.397234648466, "median": 0.413229942322, "min": 0.0549450702965, "var": 0.00510621350259}, "dynamic_complexity": 11.1357030869, "erbbands_crest": {"dmean": 2.88896250725, "dmean2": 4.67213869095, "dvar": 7.53815603256, "dvar2": 19.171875, "max": 33.5734939575, "mean": 12.9796972275, "median": 11.7810621262, "min": 2.82366490364, "var": 31.3358001709}, "erbbands_flatness_db": {"dmean": 0.0234841089696, "dmean2": 0.0366996973753, "dvar": 0.000611593422946, "dvar2": 0.00144920358434, "max": 0.608591794968, "mean": 0.336533933878, "median": 0.336839169264, "min": 0.0695120468736, "var": 0.00498538929969}, "erbbands_kurtosis": {"dmean": 2.14795303345, "dmean2": 3.36035919189, "dvar": 15.4071884155, "dvar2": 33.2486801147, "max": 104.961601257, "mean": 2.92139697075, "median": 0.580120682716, "min": -1.71622371674, "var": 52.2317848206}, "erbbands_skewness": {"dmean": 0.4718272686, "dmean2": 0.734601914883, "dvar": 0.208920404315, "dvar2": 0.508933782578, "max": 8.14965438843, "mean": 0.391417831182, "median": 0.332895696163, "min": -5.90928173065, "var": 1.49694621563}, "erbbands_spread": {"dmean": 3.14189362526, "dmean2": 4.98697137833, "dvar": 15.145866394, "dvar2": 39.2156143188, "max": 70.2250823975, "mean": 13.2681760788, "median": 12.0450563431, "min": 0.293256610632, "var": 65.6381607056}, "hfc": {"dmean": 1.84729218483, "dmean2": 2.77969145775, "dvar": 14.1618614197, "dvar2": 32.9412765503, "max": 73.606086731, "mean": 6.10838890076, "median": 1.7763645649, "min": 1.19064959706e-16, "var": 84.4743347168}, "melbands_crest": {"dmean": 3.24922776222, "dmean2": 5.45480537415, "dvar": 9.11147499084, "dvar2": 25.4523735046, "max": 34.4719085693, "mean": 15.6743535995, "median": 14.6357784271, "min": 1.81042397022, "var": 31.3813095093}, "melbands_flatness_db": {"dmean": 0.0325223952532, "dmean2": 0.0517618916929, "dvar": 0.00103881349787, "dvar2": 0.00256322184578, "max": 0.811174213886, "mean": 0.424778431654, "median": 0.425514340401, "min": 0.00478566763923, "var": 0.00724432524294}, "melbands_kurtosis": {"dmean": 4.62603235245, "dmean2": 7.59197378159, "dvar": 71.5955429077, "dvar2": 194.141967773, "max": 208.984588623, "mean": 7.44099903107, "median": 3.79282689095, "min": -1.83065843582, "var": 157.477508545}, "melbands_skewness": {"dmean": 0.659782171249, "dmean2": 1.07298254967, "dvar": 0.455603688955, "dvar2": 1.27341628075, "max": 9.1984834671, "mean": 1.64309966564, "median": 1.5274708271, "min": -5.94335508347, "var": 2.06788110733}, "melbands_spread": {"dmean": 2.60920858383, "dmean2": 4.17168235779, "dvar": 13.411907196, "dvar2": 32.6771850586, "max": 151.965835571, "mean": 8.97653961182, "median": 7.2570142746, "min": 0.256637424231, "var": 76.1450042725}, "pitch_salience": {"dmean": 0.0751484706998, "dmean2": 0.126069113612, "dvar": 0.00466294260696, "dvar2": 0.0128275882453, "max": 0.94187861681, "mean": 0.514311492443, "median": 0.526740789413, "min": 0.0726363882422, "var": 0.0206962954253}, "silence_rate_20dB": {"dmean": 0, "dmean2": 0, "dvar": 0, "dvar2": 0, "max": 1, "mean": 1, "median": 1, "min": 1, "var": 0}, "silence_rate_30dB": {"dmean": 0.00639062700793, "dmean2": 0.0127829564735, "dvar": 0.00635056523606, "dvar2": 0.0152801778167, "max": 1, "mean": 0.993344008923, "median": 1, "min": 0, "var": 0.00661285081878}, "silence_rate_60dB": {"dmean": 0.0388763137162, "dmean2": 0.0777629837394, "dvar": 0.0373670421541, "dvar2": 0.0868926867843, "max": 1, "mean": 0.464456856251, "median": 0, "min": 0, "var": 0.24874702096}, "spectral_centroid": {"dmean": 76.4765625, "dmean2": 118.797744751, "dvar": 21762.6289062, "dvar2": 37556.2265625, "max": 10979.9384766, "mean": 525.570068359, "median": 468.985351562, "min": 149.515548706, "var": 88706.4296875}, "spectral_complexity": {"dmean": 1.29809617996, "dmean2": 2.08388805389, "dvar": 2.64053034782, "dvar2": 6.1257352829, "max": 27, "mean": 7.40961122513, "median": 6, "min": 0, "var": 37.9430198669}, "spectral_decrease": {"dmean": 1.08164521784e-09, "dmean2": 1.65041857958e-09, "dvar": 5.12072775646e-18, "dvar2": 1.22755215905e-17, "max": 4.92673032817e-18, "mean": -3.51051920866e-09, "median": -9.97047555629e-10, "min": -5.46185816575e-08, "var": 2.96901492363e-17}, "spectral_energy": {"dmean": 0.00423742830753, "dmean2": 0.00645873788744, "dvar": 7.81197886681e-05, "dvar2": 0.000186923149158, "max": 0.212514713407, "mean": 0.0138035397977, "median": 0.0039427280426, "min": 1.09219215559e-20, "var": 0.000456392124761}, "spectral_energyband_high": {"dmean": 2.50245875577e-06, "dmean2": 4.22483572038e-06, "dvar": 7.08118397252e-10, "dvar2": 1.82483961275e-09, "max": 0.00128343794495, "mean": 2.3869256438e-06, "median": 6.32831955727e-08, "min": 8.06287112723e-21, "var": 5.70524016918e-10}, "spectral_energyband_low": {"dmean": 0.000783056661021, "dmean2": 0.00141578423791, "dvar": 3.85956036553e-06, "dvar2": 1.22702604131e-05, "max": 0.0393479168415, "mean": 0.0011646177154, "median": 0.000235880550463, "min": 1.41714481867e-22, "var": 5.55784481548e-06}, "spectral_energyband_middle_high": {"dmean": 0.00068917113822, "dmean2": 0.00107440515421, "dvar": 2.73967452813e-06, "dvar2": 6.86790463078e-06, "max": 0.0417328178883, "mean": 0.00164473743644, "median": 0.0003378149122, "min": 1.52837592287e-21, "var": 9.20080219657e-06}, "spectral_energyband_middle_low": {"dmean": 0.00383688579313, "dmean2": 0.00580635853112, "dvar": 7.24522396922e-05, "dvar2": 0.000173025327967, "max": 0.205545932055, "mean": 0.0117841847241, "median": 0.00295633357018, "min": 2.24773028111e-22, "var": 0.00038116693031}, "spectral_entropy": {"dmean": 0.216481894255, "dmean2": 0.342177331448, "dvar": 0.0557001531124, "dvar2": 0.132659763098, "max": 9.79956912994, "mean": 5.91884899139, "median": 5.98757362366, "min": 3.17254066467, "var": 0.37116125226}, "spectral_flux": {"dmean": 0.0129202809185, "dmean2": 0.0210356581956, "dvar": 0.00037039295421, "dvar2": 0.000925519561861, "max": 0.303521096706, "mean": 0.0384630486369, "median": 0.0256630182266, "min": 1.04507999477e-10, "var": 0.00153426756151}, "spectral_kurtosis": {"dmean": 26.2565326691, "dmean2": 44.5777435303, "dvar": 1148.36364746, "dvar2": 3238.37915039, "max": 792.574707031, "mean": 73.6532287598, "median": 59.1735839844, "min": -1.2069542408, "var": 3990.72192383}, "spectral_rms": {"dmean": 0.00045934211812, "dmean2": 0.000693977694027, "dvar": 4.37098947259e-07, "dvar2": 9.87022190202e-07, "max": 0.0143990078941, "mean": 0.00271368795075, "median": 0.00196126592346, "min": 3.26428142329e-12, "var": 6.10283268543e-06}, "spectral_rolloff": {"dmean": 140.448577881, "dmean2": 243.736816406, "dvar": 91296.1796875, "dvar2": 201056.015625, "max": 19164.5507812, "mean": 731.474853516, "median": 624.462890625, "min": 86.1328125, "var": 917514.125}, "spectral_skewness": {"dmean": 1.28606390953, "dmean2": 2.18714094162, "dvar": 1.5169557333, "dvar2": 4.19502067566, "max": 24.7091751099, "mean": 5.92738389969, "median": 5.50886058807, "min": 0.0469386987388, "var": 7.37181711197}, "spectral_spread": {"dmean": 316675.5, "dmean2": 539237.3125, "dvar": 276350599168, "dvar2": 514195521536, "max": 40641092, "mean": 1421215.375, "median": 1139964.5, "min": 155625.8125, "var": 1159477592060.0}, "spectral_strongpeak": {"dmean": 0.27388843894, "dmean2": 0.434658885002, "dvar": 0.198856368661, "dvar2": 0.468329459429, "max": 7.131711483, "mean": 0.731687009335, "median": 0.350954592228, "min": 0, "var": 0.890000700951}, "zerocrossingrate": {"dmean": 0.00302791572176, "dmean2": 0.00395956449211, "dvar": 2.25596613745e-05, "dvar2": 2.59584394371e-05, "max": 0.53173828125, "mean": 0.0260263923556, "median": 0.02294921875, "min": 0.00390625, "var": 0.000670418899972}, "barkbands": {"dmean": [1.51953963723e-05, 0.000123467369121, 0.000342292856658, 0.000928755383939, 0.0012512174435, 0.00146107259206, 0.00101439817809, 0.000417286995798, 0.000322742474964, 0.000376891926862, 0.000300685176626, 0.000123147226986, 8.83223256096e-05, 6.79710210534e-05, 4.72152532893e-05, 2.48652213486e-05, 1.66512454598e-05, 6.49174762657e-06, 6.38882465864e-06, 2.62471530732e-06, 6.97903203672e-07, 1.8641027566e-07, 1.90499932273e-07, 1.10309265722e-07, 2.72032050219e-08, 1.19529453002e-08, 7.52848627883e-09], "dmean2": [2.31157846429e-05, 0.000218815577682, 0.000614595774096, 0.00163019518368, 0.00192595785484, 0.0022328174673, 0.0015304266708, 0.000617979792878, 0.000522855378222, 0.000596724334173, 0.000478871312225, 0.000195898057427, 0.000142749340739, 0.000107849802589, 7.0617745223e-05, 3.84836312151e-05, 2.5859581001e-05, 1.00899978861e-05, 1.05446843008e-05, 4.30326781498e-06, 1.1669393416e-06, 3.16920619525e-07, 3.48261096406e-07, 1.91817832729e-07, 4.74972061681e-08, 2.16944915366e-08, 1.35615243479e-08], "dvar": [4.42839969139e-08, 1.04182468874e-07, 8.86279622136e-07, 8.22004039946e-06, 1.00322840808e-05, 2.46002891799e-05, 1.30441367219e-05, 2.23998767979e-06, 8.65075548973e-07, 1.1088490055e-06, 1.08475933303e-06, 1.35528949841e-07, 9.97104692146e-08, 6.02369496505e-08, 3.13393613283e-08, 1.16128129335e-08, 5.69347191615e-09, 2.09207740021e-09, 4.0949972302e-09, 1.18416987327e-09, 4.36721908637e-11, 2.42898691612e-12, 1.14705675514e-11, 2.54121008091e-12, 6.43332568749e-14, 1.04183688789e-14, 2.64920862144e-15], "dvar2": [9.43037505863e-08, 3.1020744018e-07, 2.57905958279e-06, 2.6880952646e-05, 2.37278873101e-05, 5.8969217207e-05, 3.21024235745e-05, 4.41851670985e-06, 2.24546738536e-06, 2.70081000053e-06, 2.72560691883e-06, 3.28976824449e-07, 2.46017179961e-07, 1.53756460008e-07, 7.43669943404e-08, 2.9756426656e-08, 1.44648897304e-08, 4.80209916276e-09, 1.13000142576e-08, 2.98780666874e-09, 1.20924145697e-10, 6.04342660984e-12, 3.27598365102e-11, 6.51873910754e-12, 1.65448722973e-13, 2.71378903914e-14, 7.29643413424e-15], "max": [0.0109836123884, 0.00718592479825, 0.025503648445, 0.0697795376182, 0.0658933520317, 0.170523792505, 0.08962456882, 0.0870021432638, 0.0220116600394, 0.0350182503462, 0.0280651636422, 0.00892348587513, 0.006953578908, 0.00674730539322, 0.00555909704417, 0.00327058159746, 0.00242999196053, 0.00215335120447, 0.00240479432978, 0.00185088231228, 0.000309547991492, 5.99889244768e-05, 0.000142626682646, 6.79242584738e-05, 1.14175227282e-05, 5.63673756915e-06, 2.4134042178e-06], "mean": [1.45755784615e-05, 0.000134983682074, 0.000411431130487, 0.00162874406669, 0.00265692872927, 0.003460125532, 0.00226063211448, 0.000762807205319, 0.000590623763856, 0.000707613769919, 0.000551981036551, 0.00020130701887, 0.000142644086736, 0.000106133862573, 8.53855162859e-05, 4.08856358263e-05, 2.64552563749e-05, 9.14461452339e-06, 7.27008819013e-06, 2.69606198344e-06, 7.55465805469e-07, 1.77373337351e-07, 1.29370079094e-07, 8.30395023854e-08, 2.4557049727e-08, 1.54284514053e-08, 1.62197206777e-08], "median": [2.49701574973e-08, 7.37490654501e-06, 5.3596086218e-05, 0.000190698803635, 0.000353424402419, 0.00034438088187, 0.000124115234939, 6.83309699525e-05, 8.96689089132e-05, 8.43967864057e-05, 4.6167158871e-05, 2.3222713935e-05, 1.71536903508e-05, 1.38344748848e-05, 8.48930540087e-06, 3.36891116604e-06, 1.36172957355e-06, 3.55781111239e-07, 1.1272488365e-07, 1.88424795766e-08, 7.23550064308e-09, 4.89731366571e-09, 4.47001680115e-09, 4.98161600859e-09, 6.04307626162e-09, 8.43261460659e-09, 1.41701068657e-08], "min": [5.90217083371e-23, 6.06459540083e-23, 3.83574874585e-23, 1.74897373109e-23, 5.91545714462e-23, 2.34932480564e-23, 4.83800252128e-23, 3.15584625549e-23, 3.12616457507e-23, 6.38899204445e-23, 3.38921182164e-23, 8.48671329313e-23, 4.58317615197e-23, 4.01584663714e-23, 1.08276498252e-22, 8.41356316802e-23, 2.20140003838e-22, 4.03081997443e-22, 3.38867179902e-22, 3.02705442597e-22, 4.61997285289e-22, 5.31991992019e-22, 8.26268967026e-22, 8.54824823027e-22, 1.39626209279e-21, 1.60405264955e-21, 2.45914616491e-21], "var": [5.72764591311e-08, 1.2360663959e-07, 1.19948401789e-06, 1.5035366232e-05, 3.30416405632e-05, 8.46730181365e-05, 4.12002154917e-05, 9.20812544791e-06, 2.02605269806e-06, 3.73466468773e-06, 2.8352606023e-06, 2.51518372352e-07, 1.51128332959e-07, 8.80285213611e-08, 5.04233312881e-08, 1.6702486505e-08, 8.38725444652e-09, 2.36151098676e-09, 2.91679969067e-09, 9.18933096283e-10, 3.9041443689e-11, 2.52138956415e-12, 6.8423105723e-12, 1.96555857528e-12, 6.00294960225e-14, 8.58961627547e-15, 1.80067282598e-15]}, "erbbands": {"dmean": [0.00118876225315, 0.0378221534193, 0.299994856119, 1.76900982857, 3.81710314751, 4.44096422195, 7.35264587402, 13.0822210312, 15.9750461578, 12.4585065842, 6.88863229752, 7.44131422043, 12.0895318985, 12.1656932831, 9.0218667984, 5.30107879639, 4.07375097275, 3.76345348358, 2.24090957642, 2.06061983109, 1.10075259209, 0.720498502254, 0.460709840059, 0.274563908577, 0.276063084602, 0.136186555028, 0.0452529229224, 0.022438455373, 0.00807401910424, 0.00563610019162, 0.00439713941887, 0.00235213059932, 0.00187517877202, 0.000522998685483, 0.000177879017428, 5.97051111981e-05, 2.16082753468e-05, 6.12708981862e-06, 2.78577499557e-06, 4.7661633289e-06], "dmean2": [0.0020657738205, 0.0671203434467, 0.535778999329, 3.15287470818, 6.26356887817, 6.86496639252, 10.9334526062, 20.8231830597, 24.3541126251, 18.0802326202, 10.7005262375, 11.8954114914, 18.6841697693, 19.9290733337, 14.4040489197, 8.32853031158, 6.52566957474, 5.87023591995, 3.39518523216, 3.10047316551, 1.67608237267, 1.08496725559, 0.697803378105, 0.431441605091, 0.473331838846, 0.228696390986, 0.0700638741255, 0.0391032509506, 0.0138931768015, 0.0101642673835, 0.00792064704001, 0.00433131819591, 0.00323541346006, 0.000875939789694, 0.000310082483338, 0.000108177162474, 3.86913779948e-05, 1.10248620331e-05, 4.50390007245e-06, 7.27151427782e-06], "dvar": [4.02635232604e-05, 0.00862003769726, 0.552388966084, 26.8419761658, 129.396224976, 141.473617554, 465.984863281, 2285.71801758, 2937.02612305, 1602.07983398, 583.787658691, 490.111877441, 1312.93652344, 1903.38317871, 1275.56201172, 253.357131958, 194.680252075, 181.11265564, 84.4326934814, 60.8942298889, 13.8271379471, 12.1570262909, 6.87516403198, 6.14138793945, 14.0650033951, 3.78627967834, 0.129963189363, 0.0643386468291, 0.00439304858446, 0.00890486128628, 0.00429988838732, 0.00342699326575, 0.000795840402134, 4.39983050455e-05, 3.2754046515e-06, 2.48724404628e-07, 3.15053299005e-08, 3.12217496301e-09, 6.99941216098e-11, 9.69777938509e-11], "dvar2": [0.000122339260997, 0.0256818700582, 1.60409080982, 88.6529388428, 332.475128174, 351.10333252, 963.329772949, 6070.87548828, 7449.04345703, 3119.97094727, 1450.59875488, 1267.64746094, 3000.75366211, 5066.99951172, 3283.14306641, 616.201660156, 468.197723389, 455.13684082, 210.145202637, 140.146606445, 32.2659721375, 30.4924163818, 15.7223834991, 15.7731847763, 39.1992111206, 9.68061828613, 0.320342868567, 0.185831606388, 0.0113566759974, 0.0260495785624, 0.0119964731857, 0.0100224018097, 0.00192857871298, 0.000102131656604, 7.94772586232e-06, 6.46193313969e-07, 8.12948002249e-08, 8.47850500918e-09, 1.84961657101e-10, 2.31665783779e-10], "max": [0.256284534931, 1.91678678989, 18.8998737335, 125.824783325, 256.561920166, 252.243545532, 1326.90466309, 1263.96569824, 1404.30090332, 1390.23925781, 896.051208496, 643.774414062, 1373.90307617, 1579.24328613, 1194.60583496, 367.963226318, 300.800537109, 371.567352295, 342.609710693, 228.490951538, 96.1818466187, 120.449279785, 93.1759719849, 150.922103882, 149.235519409, 97.1654510498, 14.2783260345, 13.7979669571, 2.54113459587, 4.39828157425, 2.86654448509, 3.62862467766, 1.34840881824, 0.404612213373, 0.0988475903869, 0.0259606987238, 0.0100027900189, 0.00333211524412, 0.000324732478475, 0.000235693150898], "mean": [0.00141357362736, 0.0438767634332, 0.395609408617, 2.94411969185, 6.74630784988, 9.22389316559, 16.5032234192, 28.0964622498, 36.3643569946, 28.1321640015, 12.828286171, 14.4072675705, 23.3969535828, 21.4751930237, 16.4531078339, 9.34720611572, 7.03237771988, 6.08618450165, 4.3973865509, 3.80022716522, 2.00925207138, 1.25236952305, 0.727742433548, 0.388171464205, 0.261607408524, 0.126519843936, 0.0508542731404, 0.0224670153111, 0.00782340299338, 0.00436928495765, 0.00313359824941, 0.00162647769321, 0.00149910338223, 0.000445244950242, 0.000173761407495, 7.30770407245e-05, 3.22223932017e-05, 1.06096204036e-05, 8.96766960068e-06, 1.57124122779e-05], "median": [0.000152768247062, 0.00476364884526, 0.0715591087937, 0.388934850693, 0.857649207115, 1.12121963501, 2.26616191864, 2.38407325745, 2.19637012482, 2.11172366142, 1.68463540077, 2.40345048904, 2.74343156815, 2.67176246643, 1.53688907623, 1.19514775276, 0.890793442726, 0.933252334595, 0.656426250935, 0.406852185726, 0.183510959148, 0.07544888556, 0.0345349945128, 0.0115781519562, 0.00379730807617, 0.00103686959483, 0.000435253197793, 0.000244741793722, 0.000187349971384, 0.000154709327035, 0.000131262786454, 0.000110141030746, 8.87954083737e-05, 6.93773108651e-05, 5.03516057506e-05, 3.30094298988e-05, 1.84542841453e-05, 7.60024067858e-06, 4.24762174589e-06, 4.70904888061e-06], "min": [2.68202812304e-21, 1.10909903261e-20, 3.5629085901e-20, 6.57945727703e-20, 8.5234609635e-20, 2.7845864344e-19, 2.08500256724e-19, 2.04187905697e-19, 6.4721645845e-19, 7.93212699192e-19, 5.28307022348e-19, 7.64166820669e-19, 1.53425335939e-18, 2.15901563822e-18, 1.66208440369e-18, 2.78832658324e-18, 2.25766643885e-18, 2.09837812944e-18, 4.97264464243e-18, 4.05443238987e-18, 6.05030795217e-18, 1.31830032426e-17, 2.1109152924e-17, 1.58038778641e-17, 1.90453224064e-17, 1.46771404102e-17, 1.58082652301e-17, 2.17160586481e-17, 1.72085049905e-17, 2.40548191859e-17, 1.97668571655e-17, 1.77081717113e-17, 1.649081993e-17, 1.44627219605e-17, 9.85331507255e-18, 5.55468324942e-18, 3.2321592331e-18, 1.26554177285e-18, 3.74826709917e-19, 3.3048266234e-20], "var": [3.76022762794e-05, 0.0106906099245, 0.773577988148, 42.5243873596, 291.814453125, 427.492889404, 1995.46154785, 5702.39501953, 8987.63183594, 7064.21337891, 1485.17175293, 1287.27600098, 4938.84033203, 5202.83886719, 2720.67602539, 502.915100098, 320.78793335, 265.92855835, 131.705429077, 98.5096588135, 31.2758750916, 18.7361698151, 9.30628871918, 5.64585065842, 8.94104957581, 2.8060567379, 0.141768947244, 0.043756224215, 0.00434345379472, 0.00512423645705, 0.0027792933397, 0.00190842826851, 0.00067949766526, 4.21790573455e-05, 3.1471404327e-06, 2.1992448751e-07, 2.64688484464e-08, 2.21987406235e-09, 1.4958899397e-10, 5.72307423674e-10]}, "gfcc": {"mean": [-270.998168945, 198.791763306, -103.989616394, -52.3497276306, -37.0288238525, -15.4319095612, -36.1504440308, -13.614862442, -20.0409431458, -12.5537748337, -14.3078365326, -9.62575149536, -7.21247673035], "cov": [[26220.7519531, 4332.98095703, -5603.67285156, 99.7960510254, 2143.87426758, -2371.20507812, -902.193237305, -521.643737793, -167.462203979, -947.357116699, 321.266113281, -246.882781982, 214.166046143], [4332.98095703, 1997.10717773, -356.082946777, -294.315002441, 634.284606934, -427.27444458, -267.068328857, -231.858642578, -57.1252098083, -363.950469971, 12.3706674576, -161.978378296, 27.2869586945], [-5603.67285156, -356.082946777, 2060.70068359, 4.54301118851, -443.315582275, 646.993347168, 135.210510254, 73.3337631226, 25.814617157, 60.3765335083, -166.42074585, -16.873916626, -83.2226791382], [99.7960510254, -294.315002441, 4.54301118851, 581.794921875, 82.0630187988, 53.5944519043, 106.978096008, 63.7817115784, 3.76877188683, 38.6273803711, -23.9655513763, -11.4319629669, -17.7351074219], [2143.87426758, 634.284606934, -443.315582275, 82.0630187988, 640.403076172, 8.69825363159, -118.764167786, -33.9373779297, 7.6445016861, -117.277694702, -2.03924798965, -40.5543403625, 22.9609546661], [-2371.20507812, -427.27444458, 646.993347168, 53.5944519043, 8.69825363159, 756.022155762, 239.877853394, 121.270622253, 49.931438446, 88.7273025513, -118.832611084, 24.8763504028, -25.4823226929], [-902.193237305, -267.068328857, 135.210510254, 106.978096008, -118.764167786, 239.877853394, 392.282745361, 178.276382446, -2.68724822998, 50.2284698486, -35.8870201111, -0.529109835625, -12.7656774521], [-521.643737793, -231.858642578, 73.3337631226, 63.7817115784, -33.9373779297, 121.270622253, 178.276382446, 219.307479858, 54.6175765991, 28.6032085419, -16.6963634491, 23.6934585571, -10.0710954666], [-167.462203979, -57.1252098083, 25.814617157, 3.76877188683, 7.6445016861, 49.931438446, -2.68724822998, 54.6175765991, 135.473388672, 80.9786529541, -3.91314864159, -0.386255085468, 2.45464897156], [-947.357116699, -363.950469971, 60.3765335083, 38.6273803711, -117.277694702, 88.7273025513, 50.2284698486, 28.6032085419, 80.9786529541, 221.231704712, 71.4475631714, 28.1370925903, -17.6392688751], [321.266113281, 12.3706674576, -166.42074585, -23.9655513763, -2.03924798965, -118.832611084, -35.8870201111, -16.6963634491, -3.91314864159, 71.4475631714, 164.227386475, 73.1574249268, -0.0321870259941], [-246.882781982, -161.978378296, -16.873916626, -11.4319629669, -40.5543403625, 24.8763504028, -0.529109835625, 23.6934585571, -0.386255085468, 28.1370925903, 73.1574249268, 140.547119141, 51.5405540466], [214.166046143, 27.2869586945, -83.2226791382, -17.7351074219, 22.9609546661, -25.4823226929, -12.7656774521, -10.0710954666, 2.45464897156, -17.6392688751, -0.0321870259941, 51.5405540466, 90.3252410889]], "icov": [[0.000287448929157, -0.000766529119574, 0.000869473442435, -0.000550829048734, 0.000564242713153, -0.000337149162078, 0.000569834839553, -0.000442788150394, 7.54104257794e-05, 0.000149811370648, 0.000164346711244, -0.000199811489438, 0.000176855945028], [-0.000766529119574, 0.00482126930729, -0.00330956978723, 0.00288017978892, -0.00444078678265, 0.00262745446526, -0.00380380707793, 0.00413011852652, -0.00311655574478, 0.00372567516752, -0.0034367882181, 0.00309566687793, -0.00128517788835], [0.000869473442435, -0.00330956978723, 0.0039966632612, -0.00237197638489, 0.00379456300288, -0.00284324027598, 0.0032471716404, -0.00255284272134, 0.00107397011016, -0.000247817835771, 0.001235844451, -0.000920627033338, 0.00101065100171], [-0.000550829048734, 0.00288017978892, -0.00237197638489, 0.00389407156035, -0.00353751773946, 0.0022945147939, -0.00308486539871, 0.00219860719517, -0.000907390553039, 0.000307721988065, -0.000223576978897, 0.000581576081458, 0.000123628735309], [0.000564242713153, -0.00444078678265, 0.00379456300288, -0.00353751773946, 0.00792730879039, -0.00495172198862, 0.00548217864707, -0.0045678820461, 0.00185845431406, -0.000532891077455, -0.000110661821964, 0.000438595016021, -0.000746204226743], [-0.000337149162078, 0.00262745446526, -0.00284324027598, 0.0022945147939, -0.00495172198862, 0.00595531286672, -0.00475927721709, 0.00321980053559, -0.00145761691965, -0.00105963565875, 0.00318386498839, -0.00293385447003, 0.00196962384507], [0.000569834839553, -0.00380380707793, 0.0032471716404, -0.00308486539871, 0.00548217864707, -0.00475927721709, 0.00993840303272, -0.00864770077169, 0.00561757571995, -0.00311905518174, 0.000704738020431, 0.00160457193851, -0.00178883317858], [-0.000442788150394, 0.00413011852652, -0.00255284272134, 0.00219860719517, -0.0045678820461, 0.00321980053559, -0.00864770077169, 0.0142125301063, -0.00884987600148, 0.00590646499768, -0.00193829077762, -0.00162612693384, 0.00263493345119], [7.54104257794e-05, -0.00311655574478, 0.00107397011016, -0.000907390553039, 0.00185845431406, -0.00145761691965, 0.00561757571995, -0.00884987600148, 0.0174463875592, -0.0119453873485, 0.006676543504, -0.0016273126239, -0.00137834472116], [0.000149811370648, 0.00372567516752, -0.000247817835771, 0.000307721988065, -0.000532891077455, -0.00105963565875, -0.00311905518174, 0.00590646499768, -0.0119453873485, 0.0190401151776, -0.0135095035657, 0.0074230353348, -0.00179195485543], [0.000164346711244, -0.0034367882181, 0.001235844451, -0.000223576978897, -0.000110661821964, 0.00318386498839, 0.000704738020431, -0.00193829077762, 0.006676543504, -0.0135095035657, 0.0227821469307, -0.0162490252405, 0.00901350192726], [-0.000199811489438, 0.00309566687793, -0.000920627033338, 0.000581576081458, 0.000438595016021, -0.00293385447003, 0.00160457193851, -0.00162612693384, -0.0016273126239, 0.0074230353348, -0.0162490252405, 0.023246800527, -0.0138660157099], [0.000176855945028, -0.00128517788835, 0.00101065100171, 0.000123628735309, -0.000746204226743, 0.00196962384507, -0.00178883317858, 0.00263493345119, -0.00137834472116, -0.00179195485543, 0.00901350192726, -0.0138660157099, 0.0203846190125]]}, "melbands": {"dmean": [2.11244332604e-05, 0.000121002442029, 0.000371732574422, 0.00026351516135, 0.000251670106081, 0.000294706842396, 0.000244651717367, 0.000128502069856, 5.5144115322e-05, 4.92039325763e-05, 5.96563113504e-05, 4.75910637761e-05, 3.22932028212e-05, 1.47967903104e-05, 1.37155757329e-05, 8.79133767739e-06, 7.46583236833e-06, 3.71488590645e-06, 3.99291593567e-06, 2.45369005825e-06, 1.14900092285e-06, 8.44018870794e-07, 6.2260443201e-07, 2.56951238953e-07, 2.30523369282e-07, 2.43188992499e-07, 1.3818782918e-07, 8.55209876249e-08, 3.13443422328e-08, 1.90602662542e-08, 1.04460138317e-08, 5.04198593987e-09, 2.62320165589e-09, 3.6816685256e-09, 2.71892353076e-09, 2.37936848002e-09, 9.76284830756e-10, 1.13419196257e-09, 1.25453269995e-09, 2.48268267056e-10], "dmean2": [3.71172354789e-05, 0.000215775871766, 0.00064425409073, 0.000417828094214, 0.000374530180125, 0.000459641363705, 0.000370204710634, 0.00018646143144, 8.71943557286e-05, 7.87693352322e-05, 9.20983002288e-05, 7.84663716331e-05, 5.20311587024e-05, 2.28630888159e-05, 2.2406798962e-05, 1.38060586323e-05, 1.17218351079e-05, 5.80243840886e-06, 5.93682398176e-06, 3.7987849737e-06, 1.77900801646e-06, 1.29074373945e-06, 9.65724325397e-07, 3.9276145003e-07, 3.62079362048e-07, 4.19422349296e-07, 2.32035645809e-07, 1.46914786114e-07, 4.83580073762e-08, 3.33686500653e-08, 1.8133231805e-08, 8.7725373632e-09, 4.50056480972e-09, 6.81534340075e-09, 4.88420992539e-09, 4.43657688365e-09, 1.7859987933e-09, 1.94191351888e-09, 2.14730344616e-09, 4.53337034578e-10], "dvar": [4.20933465861e-09, 8.32078868029e-08, 1.1183103652e-06, 4.90549496135e-07, 4.67939230475e-07, 1.07984283204e-06, 6.94518632827e-07, 1.72515427721e-07, 3.8093350696e-08, 2.07163104449e-08, 3.23884563613e-08, 2.89823027799e-08, 1.52373971218e-08, 1.7921023554e-09, 2.76957567991e-09, 1.01790220697e-09, 7.07737424221e-10, 2.5204716092e-10, 2.14339546112e-10, 1.09362803535e-10, 1.51494945061e-11, 1.30891486885e-11, 1.66614378544e-11, 3.84255084349e-12, 4.18671390959e-12, 1.0099852378e-11, 3.72803220586e-12, 1.72161579697e-12, 7.4422659333e-14, 5.51568170206e-14, 1.02388749741e-14, 2.14275301095e-15, 4.78151845731e-16, 6.36086549169e-15, 1.89585285947e-15, 6.7494689613e-15, 2.46785113825e-16, 2.28518980667e-16, 5.93306398426e-16, 4.43805890564e-18], "dvar2": [1.20433361062e-08, 2.4135843546e-07, 3.50285358763e-06, 1.20610320664e-06, 9.99350845632e-07, 2.7367873372e-06, 1.73374019141e-06, 3.26348640556e-07, 9.84311157026e-08, 5.28734105387e-08, 7.40017682688e-08, 7.77540876129e-08, 4.03120665737e-08, 4.12359169033e-09, 7.32945570903e-09, 2.36306663126e-09, 1.79385717392e-09, 6.39154174031e-10, 4.88983964431e-10, 2.76583284053e-10, 3.56879144292e-11, 3.21752555155e-11, 4.35440017377e-11, 8.51873172697e-12, 1.06864708055e-11, 2.88590453618e-11, 1.00228931058e-11, 4.41278524138e-12, 1.87987917333e-13, 1.61164877559e-13, 2.88802422461e-14, 5.50147518077e-15, 1.29059074981e-15, 1.86563343441e-14, 5.41462042236e-15, 1.97363589501e-14, 7.15456225656e-16, 5.31722285661e-16, 1.50005860953e-15, 1.275759997e-17], "max": [0.00190886924975, 0.00715266540647, 0.0254020467401, 0.0175246521831, 0.0359867699444, 0.0286987032741, 0.0206043701619, 0.0185291990638, 0.00632409518585, 0.00434524565935, 0.00679934816435, 0.00603014044464, 0.00397164886817, 0.000950496469159, 0.00145389279351, 0.000701417040545, 0.000724664889276, 0.000614780699834, 0.000508587632794, 0.000317655649269, 9.16158460313e-05, 9.7917887615e-05, 0.000154302324518, 0.000117071598652, 0.000122052224469, 0.000117486153613, 9.49077584664e-05, 6.56277043163e-05, 1.19078285934e-05, 1.28442270579e-05, 4.91233458888e-06, 1.85141846032e-06, 7.88953968822e-07, 4.07124707635e-06, 1.824983201e-06, 5.2128734751e-06, 8.71582244599e-07, 5.82928294079e-07, 1.51687947891e-06, 9.0007944209e-08], "mean": [2.45913379331e-05, 0.000148232851643, 0.000661857542582, 0.000542470952496, 0.000564084330108, 0.00067085318733, 0.000563840614632, 0.000282713561319, 9.55563009484e-05, 9.34576310101e-05, 0.000112273264676, 8.05873569334e-05, 5.80988962611e-05, 2.73601799563e-05, 2.10849666473e-05, 1.40694928632e-05, 1.12981497296e-05, 6.78276319377e-06, 7.15916667104e-06, 3.93454911318e-06, 1.93838059204e-06, 1.38869370403e-06, 9.45547810716e-07, 3.7353299831e-07, 3.23158559468e-07, 2.19386507183e-07, 1.38178378961e-07, 7.27644717813e-08, 3.67418309111e-08, 1.82533845816e-08, 1.00876063058e-08, 4.6664565545e-09, 2.3776838276e-09, 2.52033904857e-09, 1.90854909654e-09, 1.52283596844e-09, 7.06330993694e-10, 9.28401522327e-10, 9.4383656446e-10, 2.1371322767e-10], "median": [1.3154934777e-06, 2.34266626649e-05, 8.86652196641e-05, 7.18124501873e-05, 7.99658737378e-05, 5.84461013204e-05, 3.06577130686e-05, 1.92101761058e-05, 1.11891695269e-05, 1.41806185638e-05, 1.22178207675e-05, 9.48900560616e-06, 4.98603549204e-06, 3.21904599332e-06, 2.24510995395e-06, 1.557516498e-06, 1.57065744588e-06, 9.55085397436e-07, 5.94791572439e-07, 3.6407521975e-07, 1.29668805471e-07, 7.38412495593e-08, 4.30920508165e-08, 1.58972710551e-08, 7.19242443381e-09, 2.5896587097e-09, 1.1572727221e-09, 4.3826675622e-10, 2.53817467044e-10, 1.54997570334e-10, 1.25430110742e-10, 1.03391274708e-10, 8.88228240958e-11, 8.02352490004e-11, 7.31392446607e-11, 6.71577654598e-11, 6.27164153943e-11, 5.80072240242e-11, 5.55569409921e-11, 5.33526695046e-11], "min": [2.37405417507e-23, 1.7442159532e-23, 1.1107453424e-23, 1.30136916253e-23, 8.54549037254e-24, 4.40460407544e-24, 9.90262143034e-24, 8.3998816378e-24, 4.33589744604e-24, 4.63559162039e-24, 8.08609485781e-24, 9.20782429945e-24, 4.31524112324e-24, 9.67815579292e-24, 5.2910155202e-24, 5.11671906978e-24, 3.39633137019e-24, 7.67057499776e-24, 6.69676092014e-24, 5.25341801503e-24, 7.57631243047e-24, 1.22253671455e-23, 1.82747564635e-23, 1.95726771995e-23, 1.17742964799e-23, 1.33140030833e-23, 1.05588653511e-23, 1.02217440655e-23, 9.96423462248e-24, 1.09789187947e-23, 1.25055287294e-23, 1.07303392572e-23, 8.52992693574e-24, 1.56407420124e-23, 1.00720774302e-23, 1.39887268596e-23, 9.90521362727e-24, 1.07580495742e-23, 1.45777235436e-23, 1.08168157673e-23], "var": [5.2949595819e-09, 1.14318027045e-07, 2.23707479563e-06, 1.46848969962e-06, 1.89567049347e-06, 3.20240269502e-06, 2.18621130443e-06, 7.78158380399e-07, 8.03221809065e-08, 5.63688580257e-08, 1.19503454243e-07, 7.61501226521e-08, 3.31892060501e-08, 4.45873116206e-09, 3.67191366202e-09, 1.66734281937e-09, 9.95438842466e-10, 3.59689805718e-10, 3.78073294893e-10, 1.46195902606e-10, 3.23953572301e-11, 2.20851236604e-11, 1.72370850232e-11, 4.31385569627e-12, 4.07147406067e-12, 6.07846368725e-12, 2.56784047151e-12, 1.25828622695e-12, 7.77013002551e-14, 3.50203163181e-14, 7.71765599561e-15, 2.02376859879e-15, 4.648124003e-16, 3.48808654723e-15, 1.13439321565e-15, 3.68912409979e-15, 1.4780560817e-16, 2.1216164949e-16, 4.61447350159e-16, 3.47682912533e-18]}, "mfcc": {"mean": [-878.052246094, 205.768966675, 1.85852622986, -18.9824733734, 0.595526218414, -8.22553253174, -10.7660179138, -8.45400905609, -7.65848302841, -7.5834941864, -9.24701309204, -8.93262958527, -6.19273996353], "cov": [[12624.6728516, 6741.55175781, -3324.94995117, -363.765533447, 751.708557129, -646.877990723, -469.986633301, -407.452148438, -538.05078125, -439.158935547, -412.807250977, -213.319885254, -111.428222656], [6741.55175781, 4671.76269531, -1196.87255859, -572.114868164, 489.113891602, -248.939956665, -326.698760986, -200.348510742, -296.433654785, -297.193145752, -284.189208984, -221.367156982, -140.803283691], [-3324.94995117, -1196.87255859, 1628.80456543, 111.923927307, -231.804824829, 278.761657715, 132.696685791, 138.023727417, 167.202850342, 101.865768433, 75.7961654663, 5.57990407944, -33.9108657837], [-363.765533447, -572.114868164, 111.923927307, 557.026123047, 78.7389907837, -57.6746711731, 74.7590637207, 43.7818145752, 25.5673332214, 33.7237930298, 39.2532615662, 64.5555725098, 27.1104831696], [751.708557129, 489.113891602, -231.804824829, 78.7389907837, 454.3828125, 125.231704712, -43.0194854736, 27.2620887756, -11.3947639465, -21.2660579681, -20.788734436, -36.976688385, -34.8140220642], [-646.877990723, -248.939956665, 278.761657715, -57.6746711731, 125.231704712, 377.375305176, 142.705368042, 74.1722717285, 122.028068542, 77.5013809204, 33.9779052734, -11.7674064636, -34.9406356812], [-469.986633301, -326.698760986, 132.696685791, 74.7590637207, -43.0194854736, 142.705368042, 259.629760742, 179.7237854, 110.353126526, 70.9428482056, 40.8562583923, 30.9017505646, 14.4838924408], [-407.452148438, -200.348510742, 138.023727417, 43.7818145752, 27.2620887756, 74.1722717285, 179.7237854, 295.528625488, 180.522445679, 49.0419845581, 25.5419406891, 7.68199205399, -4.41070795059], [-538.05078125, -296.433654785, 167.202850342, 25.5673332214, -11.3947639465, 122.028068542, 110.353126526, 180.522445679, 243.77444458, 128.170227051, 39.0978775024, 3.89560508728, -25.8514137268], [-439.158935547, -297.193145752, 101.865768433, 33.7237930298, -21.2660579681, 77.5013809204, 70.9428482056, 49.0419845581, 128.170227051, 171.670516968, 94.8734512329, 14.2145757675, -10.7240257263], [-412.807250977, -284.189208984, 75.7961654663, 39.2532615662, -20.788734436, 33.9779052734, 40.8562583923, 25.5419406891, 39.0978775024, 94.8734512329, 125.052879333, 76.2110061646, 26.1908817291], [-213.319885254, -221.367156982, 5.57990407944, 64.5555725098, -36.976688385, -11.7674064636, 30.9017505646, 7.68199205399, 3.89560508728, 14.2145757675, 76.2110061646, 145.998092651, 99.9081420898], [-111.428222656, -140.803283691, -33.9108657837, 27.1104831696, -34.8140220642, -34.9406356812, 14.4838924408, -4.41070795059, -25.8514137268, -10.7240257263, 26.1908817291, 99.9081420898, 136.432601929]], "icov": [[0.00439072865993, -0.00623716926202, 0.00687694549561, -0.00739766936749, 0.00793729536235, -0.00879533961415, 0.00868354737759, -0.00871602725238, 0.00913421809673, -0.00866344943643, 0.0072585362941, -0.0046325000003, 0.00194628047757], [-0.00623716926202, 0.00930714327842, -0.00975252874196, 0.0111969225109, -0.0121639175341, 0.0133580621332, -0.013023590669, 0.012968945317, -0.0132700605318, 0.0125695783645, -0.00985352322459, 0.00633139070123, -0.00228999997489], [0.00687694549561, -0.00975252874196, 0.0120737403631, -0.0126120541245, 0.0144736412913, -0.0165309235454, 0.0163921099156, -0.0164478588849, 0.0164984613657, -0.0150437355042, 0.0122479815036, -0.0075865322724, 0.00339445378631], [-0.00739766936749, 0.0111969225109, -0.0126120541245, 0.0169566497207, -0.0178915224969, 0.0204597469419, -0.0207511894405, 0.019940899685, -0.019601283595, 0.017219774425, -0.013167518191, 0.00698845880106, -0.002418870572], [0.00793729536235, -0.0121639175341, 0.0144736412913, -0.0178915224969, 0.0239876434207, -0.0262326356024, 0.0274050720036, -0.0275556109846, 0.0270703677088, -0.0236885044724, 0.0184503737837, -0.0109604457393, 0.00443594576791], [-0.00879533961415, 0.0133580621332, -0.0165309235454, 0.0204597469419, -0.0262326356024, 0.033903889358, -0.0343791842461, 0.0342757664621, -0.0346856638789, 0.0300546176732, -0.0243082232773, 0.0148019837216, -0.00520776258782], [0.00868354737759, -0.013023590669, 0.0163921099156, -0.0207511894405, 0.0274050720036, -0.0343791842461, 0.0440998002887, -0.042815733701, 0.0409715138376, -0.0387277454138, 0.0311256926507, -0.0200587697327, 0.00740452297032], [-0.00871602725238, 0.012968945317, -0.0164478588849, 0.019940899685, -0.0275556109846, 0.0342757664621, -0.042815733701, 0.050754558295, -0.0510348901153, 0.0471015237272, -0.0389162451029, 0.02559745498, -0.0110938437283], [0.00913421809673, -0.0132700605318, 0.0164984613657, -0.019601283595, 0.0270703677088, -0.0346856638789, 0.0409715138376, -0.0510348901153, 0.061609942466, -0.0579750388861, 0.0483792945743, -0.0324318744242, 0.0153648881242], [-0.00866344943643, 0.0125695783645, -0.0150437355042, 0.017219774425, -0.0236885044724, 0.0300546176732, -0.0387277454138, 0.0471015237272, -0.0579750388861, 0.0692583918571, -0.0601195916533, 0.0390110686421, -0.0165453758091], [0.0072585362941, -0.00985352322459, 0.0122479815036, -0.013167518191, 0.0184503737837, -0.0243082232773, 0.0311256926507, -0.0389162451029, 0.0483792945743, -0.0601195916533, 0.0675084218383, -0.045032877475, 0.019798990339], [-0.0046325000003, 0.00633139070123, -0.0075865322724, 0.00698845880106, -0.0109604457393, 0.0148019837216, -0.0200587697327, 0.02559745498, -0.0324318744242, 0.0390110686421, -0.045032877475, 0.0453337952495, -0.024203967303], [0.00194628047757, -0.00228999997489, 0.00339445378631, -0.002418870572, 0.00443594576791, -0.00520776258782, 0.00740452297032, -0.0110938437283, 0.0153648881242, -0.0165453758091, 0.019798990339, -0.024203967303, 0.0220680441707]]}, "spectral_contrast_coeffs": {"dmean": [0.0479482971132, 0.0446303188801, 0.036314509809, 0.0301294159144, 0.0238253679127, 0.0190922413021], "dmean2": [0.0801142081618, 0.0726441293955, 0.0594668276608, 0.0494617521763, 0.0388043038547, 0.0319611392915], "dvar": [0.00156470423099, 0.00170186755713, 0.00111022195779, 0.000891443283763, 0.00071236648364, 0.000505625735968], "dvar2": [0.00415954645723, 0.00416837818921, 0.00286990264431, 0.00228151865304, 0.0018076520646, 0.00130143284332], "max": [-0.199580967426, -0.343293249607, -0.392741084099, -0.502803325653, -0.514243245125, -0.588304102421], "mean": [-0.572978436947, -0.715159773827, -0.744549691677, -0.770535707474, -0.793025195599, -0.860707879066], "median": [-0.570668518543, -0.727332830429, -0.753502607346, -0.777043700218, -0.783621609211, -0.877019822598], "min": [-0.950160861015, -0.968196690083, -0.95921176672, -0.980783104897, -0.964640974998, -0.963396131992], "var": [0.0182163473219, 0.010308730416, 0.00627679377794, 0.00467647798359, 0.00810532364994, 0.00224258145317]}, "spectral_contrast_valleys": {"dmean": [0.46358564496, 0.376577436924, 0.342268675566, 0.339681297541, 0.376905590296, 0.315128207207], "dmean2": [0.780342936516, 0.61768168211, 0.565126359463, 0.557358562946, 0.613759636879, 0.547097980976], "dvar": [0.169548347592, 0.162507817149, 0.148183718324, 0.16909493506, 0.234907850623, 0.185340687633], "dvar2": [0.410182714462, 0.369