{"lowlevel": {"average_loudness": 0.628043949604, "barkbands_crest": {"dmean": 2.35172390938, "dmean2": 3.91893362999, "dvar": 5.30560159683, "dvar2": 14.1416158676, "max": 26.8850669861, "mean": 14.7981996536, "median": 14.0741128922, "min": 5.14453935623, "var": 21.3312511444}, "barkbands_flatness_db": {"dmean": 0.0269283205271, "dmean2": 0.042772103101, "dvar": 0.000927790708374, "dvar2": 0.00224180635996, "max": 0.657920181751, "mean": 0.399135798216, "median": 0.393536895514, "min": 0.0639613568783, "var": 0.00613869680092}, "barkbands_kurtosis": {"dmean": 8.29980659485, "dmean2": 14.2561264038, "dvar": 1564.44555664, "dvar2": 4718.12451172, "max": 1554.89294434, "mean": 15.6740055084, "median": 5.79233551025, "min": -1.64087736607, "var": 3052.98071289}, "barkbands_skewness": {"dmean": 0.665278017521, "dmean2": 1.10198843479, "dvar": 1.15205562115, "dvar2": 3.30419754982, "max": 29.2728729248, "mean": 1.31311058998, "median": 1.01517963409, "min": -8.38308429718, "var": 4.41590690613}, "barkbands_spread": {"dmean": 0.662740170956, "dmean2": 1.07953286171, "dvar": 1.2696621418, "dvar2": 3.10669183731, "max": 33.7006187439, "mean": 2.60258579254, "median": 2.05392670631, "min": 0.0492245331407, "var": 4.91161823273}, "dissonance": {"dmean": 0.0470012240112, "dmean2": 0.0805243402719, "dvar": 0.00200745905749, "dvar2": 0.00552270701155, "max": 0.500000059605, "mean": 0.296027392149, "median": 0.296366721392, "min": 0.0117344055325, "var": 0.00681294454262}, "dynamic_complexity": 6.21946382523, "erbbands_crest": {"dmean": 2.27804470062, "dmean2": 3.68816399574, "dvar": 5.62561941147, "dvar2": 14.6302127838, "max": 33.5998001099, "mean": 17.2645969391, "median": 16.4757575989, "min": 2.62229537964, "var": 32.417842865}, "erbbands_flatness_db": {"dmean": 0.0197040885687, "dmean2": 0.0303354654461, "dvar": 0.000585171685088, "dvar2": 0.0013512148289, "max": 0.536951303482, "mean": 0.362353920937, "median": 0.368778526783, "min": 0.0212274603546, "var": 0.00480299023911}, "erbbands_kurtosis": {"dmean": 3.30510187149, "dmean2": 5.33892869949, "dvar": 53.0899085999, "dvar2": 161.80255127, "max": 173.526245117, "mean": 8.2257194519, "median": 4.18857145309, "min": -1.64727818966, "var": 177.357788086}, "erbbands_skewness": {"dmean": 0.439672321081, "dmean2": 0.693640828133, "dvar": 0.259095996618, "dvar2": 0.661492705345, "max": 10.4987277985, "mean": 1.52622389793, "median": 1.38005876541, "min": -2.56862425804, "var": 1.92536866665}, "erbbands_spread": {"dmean": 1.45969760418, "dmean2": 2.30843663216, "dvar": 8.64233779907, "dvar2": 19.8330993652, "max": 213.597229004, "mean": 8.09046363831, "median": 6.0146112442, "min": 0.541476428509, "var": 170.695587158}, "hfc": {"dmean": 1.84726309776, "dmean2": 2.69936847687, "dvar": 11.4709501266, "dvar2": 25.2098121643, "max": 63.4694786072, "mean": 6.06238365173, "median": 3.82204723358, "min": 1.13865262671e-16, "var": 46.1009483337}, "melbands_crest": {"dmean": 2.86379003525, "dmean2": 4.73171424866, "dvar": 8.3192281723, "dvar2": 20.999124527, "max": 39.2501678467, "mean": 19.4130477905, "median": 18.9575576782, "min": 2.16835546494, "var": 33.9369354248}, "melbands_flatness_db": {"dmean": 0.0288894083351, "dmean2": 0.0451358556747, "dvar": 0.00112518202513, "dvar2": 0.00255565717816, "max": 0.8226583004, "mean": 0.517030119896, "median": 0.511438548565, "min": 0.00387416454032, "var": 0.0100974924862}, "melbands_kurtosis": {"dmean": 20.6640987396, "dmean2": 37.0105628967, "dvar": 53171.9609375, "dvar2": 176534.421875, "max": 9825.98535156, "mean": 35.9497680664, "median": 6.11941719055, "min": -1.74325203896, "var": 106745.664062}, "melbands_skewness": {"dmean": 0.59024387598, "dmean2": 0.963119983673, "dvar": 2.81719589233, "dvar2": 8.41163921356, "max": 75.5792007446, "mean": 1.86634802818, "median": 1.41481506824, "min": -2.15668845177, "var": 16.0405864716}, "melbands_spread": {"dmean": 0.734848082066, "dmean2": 1.1725962162, "dvar": 3.2262108326, "dvar2": 6.35312652588, "max": 136.033157349, "mean": 3.54343128204, "median": 2.64158844948, "min": 0.0504079051316, "var": 27.4415435791}, "pitch_salience": {"dmean": 0.0663599744439, "dmean2": 0.110961273313, "dvar": 0.00452991202474, "dvar2": 0.0120352385566, "max": 0.855177104473, "mean": 0.4344792068, "median": 0.444929838181, "min": 0.0235707014799, "var": 0.0163761489093}, "silence_rate_20dB": {"dmean": 0, "dmean2": 0, "dvar": 0, "dvar2": 0, "max": 1, "mean": 1, "median": 1, "min": 1, "var": 0}, "silence_rate_30dB": {"dmean": 0.0107902251184, "dmean2": 0.0215838756412, "dvar": 0.0106731662527, "dvar2": 0.0249293856323, "max": 1, "mean": 0.987942278385, "median": 1, "min": 0, "var": 0.0119120059535}, "silence_rate_60dB": {"dmean": 0.0212630908936, "dmean2": 0.0425329320133, "dvar": 0.020811278373, "dvar2": 0.0467550568283, "max": 1, "mean": 0.184356659651, "median": 0, "min": 0, "var": 0.150372967124}, "spectral_centroid": {"dmean": 27.7315692902, "dmean2": 42.7317199707, "dvar": 13127.8134766, "dvar2": 18605.9726562, "max": 11196.7666016, "mean": 328.561981201, "median": 308.7394104, "min": 137.529373169, "var": 54050.1328125}, "spectral_complexity": {"dmean": 0.70517295599, "dmean2": 1.21536266804, "dvar": 0.821964144707, "dvar2": 1.76013660431, "max": 19, "mean": 4.91527843475, "median": 5, "min": 0, "var": 6.82980251312}, "spectral_decrease": {"dmean": 1.90838367331e-09, "dmean2": 2.82278689312e-09, "dvar": 9.76799718263e-18, "dvar2": 2.06746548005e-17, "max": 6.22619349994e-16, "mean": -5.62418867034e-09, "median": -3.49787598886e-09, "min": -5.22571710349e-08, "var": 3.89400170269e-17}, "spectral_energy": {"dmean": 0.00736553827301, "dmean2": 0.010890847072, "dvar": 0.00014559054398, "dvar2": 0.000308435730403, "max": 0.201056212187, "mean": 0.0217768233269, "median": 0.0135488621891, "min": 1.07146158772e-20, "var": 0.000581660773605}, "spectral_energyband_high": {"dmean": 4.01869010602e-06, "dmean2": 5.8224127315e-06, "dvar": 8.33006164047e-10, "dvar2": 1.98076754998e-09, "max": 0.00155577016994, "mean": 5.05274647367e-06, "median": 1.70892036522e-07, "min": 7.70755100991e-21, "var": 1.15001386192e-09}, "spectral_energyband_low": {"dmean": 0.00349834607914, "dmean2": 0.00532809179276, "dvar": 4.70247177873e-05, "dvar2": 0.000103243037302, "max": 0.105876713991, "mean": 0.006051606033, "median": 0.00217173062265, "min": 1.10093655125e-22, "var": 0.000107001702418}, "spectral_energyband_middle_high": {"dmean": 8.83868997335e-05, "dmean2": 0.000124543279526, "dvar": 1.17233433627e-07, "dvar2": 2.09006955743e-07, "max": 0.0199635997415, "mean": 0.000277866231045, "median": 5.92026954109e-05, "min": 1.5901429492e-21, "var": 5.66506116684e-07}, "spectral_energyband_middle_low": {"dmean": 0.00612594792619, "dmean2": 0.00877676624805, "dvar": 0.000116338866064, "dvar2": 0.000239949702518, "max": 0.176573112607, "mean": 0.0186581481248, "median": 0.0111728254706, "min": 3.0995190625e-22, "var": 0.000473116204375}, "spectral_entropy": {"dmean": 0.198921918869, "dmean2": 0.315525829792, "dvar": 0.0629441142082, "dvar2": 0.15264582634, "max": 9.8085899353, "mean": 4.96367931366, "median": 4.8936662674, "min": 3.09138989449, "var": 0.457593172789}, "spectral_flux": {"dmean": 0.0206811483949, "dmean2": 0.0335078686476, "dvar": 0.000895743898582, "dvar2": 0.00230825017206, "max": 0.290246456861, "mean": 0.0430600233376, "median": 0.0288284569979, "min": 1.03511428595e-10, "var": 0.00167532719206}, "spectral_kurtosis": {"dmean": 30.7387256622, "dmean2": 51.5320549011, "dvar": 1288.95654297, "dvar2": 3358.56591797, "max": 572.323852539, "mean": 103.375465393, "median": 83.3195266724, "min": -1.14517569542, "var": 6234.03710938}, "spectral_rms": {"dmean": 0.000681486562826, "dmean2": 0.00101377931423, "dvar": 7.80182176641e-07, "dvar2": 1.65760150139e-06, "max": 0.0140054412186, "mean": 0.0039411126636, "median": 0.00363571196795, "min": 3.23315376208e-12, "var": 5.71333157495e-06}, "spectral_rolloff": {"dmean": 40.4076194763, "dmean2": 73.5796661377, "dvar": 67372.984375, "dvar2": 137726.53125, "max": 19724.4140625, "mean": 404.865783691, "median": 344.53125, "min": 21.533203125, "var": 607714.625}, "spectral_skewness": {"dmean": 1.30425846577, "dmean2": 2.18466496468, "dvar": 1.65154147148, "dvar2": 3.90376782417, "max": 20.9635009766, "mean": 7.6961479187, "median": 7.20958614349, "min": -0.0299775730819, "var": 11.1752634048}, "spectral_spread": {"dmean": 428967.5625, "dmean2": 723594.1875, "dvar": 302071316480, "dvar2": 603041824768, "max": 39314636, "mean": 1522531.5, "median": 1181009, "min": 207150.0625, "var": 2624988119040.0}, "spectral_strongpeak": {"dmean": 0.258064568043, "dmean2": 0.415262043476, "dvar": 0.13849298656, "dvar2": 0.327376097441, "max": 5.57063627243, "mean": 0.949891805649, "median": 0.792144954205, "min": 0, "var": 0.607699036598}, "zerocrossingrate": {"dmean": 0.0017330807168, "dmean2": 0.00233446643688, "dvar": 4.66291603516e-05, "dvar2": 4.73384097859e-05, "max": 0.73095703125, "mean": 0.0156435929239, "median": 0.013671875, "min": 0, "var": 0.000827273819596}, "barkbands": {"dmean": [0.000118628275231, 0.000306556612486, 0.00156173342839, 0.0026790658012, 0.00235614390112, 0.00163525063545, 0.000656838063151, 0.000297893071547, 0.000178584334208, 3.91082903661e-05, 4.06403269153e-05, 1.23705367514e-05, 9.04468470253e-06, 4.51309506388e-06, 8.69090763445e-06, 2.1756904971e-06, 2.67956352218e-06, 1.34796675866e-06, 8.74181807831e-07, 1.6107845795e-06, 9.30501926177e-07, 8.52593871059e-07, 4.87337786126e-07, 6.93879371738e-07, 4.69181117069e-07, 1.14814483254e-07, 1.75914802725e-08], "dmean2": [0.000204696480068, 0.000496648950502, 0.00265001598746, 0.00370700610802, 0.00349784665741, 0.00260183727369, 0.000958012707997, 0.000393706490286, 0.00027178315213, 5.39741340617e-05, 5.94240445935e-05, 1.7985521481e-05, 1.40370193549e-05, 6.81953679305e-06, 1.20741169667e-05, 3.37148003382e-06, 3.61268075721e-06, 1.91769231606e-06, 1.28366946228e-06, 2.21468098971e-06, 1.37423114666e-06, 1.29873410515e-06, 7.44638271044e-07, 1.10802795916e-06, 7.92149762674e-07, 2.0799036804e-07, 3.03110994082e-08], "dvar": [6.30433873994e-08, 5.22469861153e-07, 8.78285391082e-06, 4.10450556956e-05, 3.8167101593e-05, 1.7378528355e-05, 9.6330031738e-06, 1.19992034797e-06, 7.94955553829e-07, 1.82161841167e-08, 7.28896267788e-08, 2.80116441154e-09, 8.70904404149e-10, 2.18252194095e-10, 1.09513764723e-09, 2.09486691882e-10, 1.76811787433e-10, 4.67113223102e-11, 3.14930651002e-11, 1.23418178455e-10, 4.17631554339e-11, 4.24199286808e-11, 7.690487136e-12, 3.49562878643e-11, 4.5495020945e-11, 4.35131835078e-12, 1.37300950774e-13], "dvar2": [1.61485047556e-07, 1.35427046644e-06, 2.75305683317e-05, 7.28035156499e-05, 8.1901831436e-05, 4.49156796094e-05, 2.21835271077e-05, 2.00947874873e-06, 1.89834872799e-06, 3.2003249828e-08, 1.22239882216e-07, 5.11928277547e-09, 1.94353888539e-09, 4.82374862276e-10, 2.22336926647e-09, 4.97588747983e-10, 3.41355110844e-10, 8.68677976773e-11, 7.03934271984e-11, 2.39879727193e-10, 1.00328426123e-10, 1.02080351116e-10, 1.57050466382e-11, 8.74597269607e-11, 1.21563523137e-10, 1.22186245496e-11, 3.54880079316e-13], "max": [0.00844187475741, 0.0152817135677, 0.0362977460027, 0.103616654873, 0.14725355804, 0.086374938488, 0.0989518612623, 0.0535019151866, 0.0295820850879, 0.00424036104232, 0.0180839560926, 0.00229783798568, 0.000864917063154, 0.000317980273394, 0.00111202488188, 0.000594828044996, 0.0003889798827, 0.000395844166633, 0.000257238803897, 0.000405462167691, 0.000254534505075, 0.000187185476534, 0.000123894613353, 0.000287732691504, 0.000298782542814, 9.96427988866e-05, 2.09541522054e-05], "mean": [0.000115635149996, 0.000442970020231, 0.00232162117027, 0.00500577082857, 0.00573937036097, 0.00454161502421, 0.00180083757732, 0.00100120168645, 0.000478482368635, 0.000132752596983, 8.84604960447e-05, 2.78411698673e-05, 2.47283696808e-05, 1.19857077152e-05, 2.2326819817e-05, 4.41177189714e-06, 5.82831853535e-06, 2.86975136987e-06, 1.72158513578e-06, 2.51639585258e-06, 1.33148250825e-06, 1.02592343865e-06, 5.39554832812e-07, 6.12220162566e-07, 3.47779860022e-07, 7.47654667066e-08, 1.53892489863e-08], "median": [2.71535900538e-05, 0.000105031504063, 0.000889441464096, 0.000827695417684, 0.00165706500411, 0.000876859412529, 0.00013677678362, 9.33209812501e-05, 2.96254765999e-05, 1.20642080219e-05, 4.77499725093e-06, 4.05704440709e-06, 2.01189072868e-06, 1.0230553471e-06, 1.13800592771e-06, 2.3584794917e-07, 4.62133840529e-07, 1.72155893097e-07, 1.07609359645e-07, 7.43238146583e-08, 3.60602250282e-08, 2.95795210548e-08, 1.46573091442e-08, 9.95500748502e-09, 4.78633221945e-09, 1.87398718765e-09, 4.13688860945e-09], "min": [2.10725242391e-23, 7.66312420651e-23, 5.51183543694e-24, 2.77586142378e-23, 3.74994686954e-23, 3.4313186924e-23, 8.10465217951e-23, 7.40218542737e-23, 4.67196654893e-23, 1.15387227343e-22, 8.60043863667e-23, 9.55017352401e-23, 1.27674827725e-22, 1.6798909097e-22, 2.07444947332e-22, 1.40789999995e-22, 1.73253380672e-22, 1.55237047152e-22, 2.46140606839e-22, 2.54468302182e-22, 7.90606446145e-22, 5.54495303259e-22, 5.08672556842e-22, 1.0078659591e-21, 1.08280708876e-21, 1.52272904194e-21, 2.25736377475e-21], "var": [7.62275362831e-08, 9.85375891105e-07, 1.37131728479e-05, 0.000102225560113, 0.000134413014166, 6.0860067606e-05, 2.986355139e-05, 7.41338089938e-06, 2.31788044402e-06, 1.47234615611e-07, 3.39609812272e-07, 9.9766364059e-09, 4.93370810872e-09, 9.31576704666e-10, 4.14347889333e-09, 4.50548348629e-10, 4.24942747657e-10, 1.57428292624e-10, 7.6253926784e-11, 2.30750391017e-10, 6.82328776813e-11, 4.81318387924e-11, 1.06763877253e-11, 2.90989767004e-11, 3.24022995934e-11, 2.65046513383e-12, 1.00372482678e-13]}, "erbbands": {"dmean": [0.00224460288882, 0.0991850718856, 1.18315005302, 6.91831541061, 5.65164136887, 9.20311546326, 12.7483253479, 11.6258916855, 10.1870174408, 8.252576828, 6.15326929092, 4.35449361801, 1.7225741148, 1.19442296028, 1.24870765209, 0.493824183941, 0.3922932446, 0.310606271029, 0.35564738512, 0.267676711082, 0.112302012742, 0.138744547963, 0.0890180394053, 0.0449220910668, 0.0586388595402, 0.0645442605019, 0.0493696294725, 0.0291628912091, 0.0249190218747, 0.0291696023196, 0.01386139635, 0.0112423244864, 0.0129646649584, 0.00774342799559, 0.00232781423256, 0.000682392041199, 0.00016284758749, 3.00491356029e-05, 5.44456770513e-06, 8.15178555058e-06], "dmean2": [0.00357574108057, 0.163385078311, 1.99004280567, 9.93351650238, 7.89908218384, 14.1181697845, 21.0524177551, 17.7748947144, 14.6378583908, 11.57143116, 8.15400505066, 6.85920381546, 2.45069289207, 1.69871556759, 1.91700875759, 0.725605010986, 0.605190455914, 0.472572088242, 0.488668262959, 0.384577155113, 0.166709467769, 0.185446575284, 0.123504891992, 0.064615316689, 0.08613948524, 0.0889444574714, 0.0678150728345, 0.0438150726259, 0.0378489010036, 0.0449791140854, 0.0209342259914, 0.0176564846188, 0.0211035329849, 0.012951778248, 0.00399366999045, 0.00120680965483, 0.00029669739888, 5.33297461516e-05, 8.52131415741e-06, 1.20425856949e-05], "dvar": [2.146748011e-05, 0.0480421595275, 4.39205360413, 246.194442749, 230.585632324, 731.16027832, 1154.15808105, 1081.93701172, 1972.43237305, 2264.00146484, 428.472747803, 579.549499512, 38.2521705627, 77.6831207275, 47.5360641479, 2.61740660667, 1.55650424957, 1.2171138525, 1.87013101578, 1.35253119469, 0.49385240674, 0.547616660595, 0.145314067602, 0.0718144997954, 0.178792878985, 0.208968415856, 0.117643870413, 0.0447557121515, 0.0245816800743, 0.0687831118703, 0.00718157878146, 0.00547606078908, 0.0162980090827, 0.0132929310203, 0.000862400338519, 0.000120971126307, 8.0749987319e-06, 3.62463140391e-07, 2.22123075488e-09, 1.8120664691e-10], "dvar2": [4.80801936646e-05, 0.127992942929, 13.4763717651, 462.585693359, 403.101806641, 1667.60217285, 3132.2722168, 2572.08154297, 4126.83789062, 4905.05664062, 814.447875977, 1468.04968262, 79.0658493042, 115.015007019, 115.761756897, 5.66659450531, 3.58519721031, 2.48737597466, 3.4753446579, 3.00237894058, 1.03572690487, 1.07537794113, 0.264006376266, 0.143338292837, 0.394413888454, 0.452604591846, 0.224384993315, 0.0998735800385, 0.0510627478361, 0.169624686241, 0.0148533526808, 0.0124738737941, 0.0413686186075, 0.0354128032923, 0.00232993252575, 0.000333965086611, 2.27597302001e-05, 9.75078819465e-07, 5.41592370951e-09, 3.83971021645e-10], "max": [0.13973659277, 4.24751663208, 26.8843975067, 257.148742676, 408.003173828, 627.26373291, 606.821166992, 716.580078125, 1387.60693359, 2062.11206055, 583.535705566, 837.698364258, 158.771438599, 664.501708984, 173.152420044, 52.808681488, 31.0022583008, 24.8129882812, 29.7433128357, 34.154548645, 26.0254135132, 27.2274074554, 19.9924373627, 14.4145488739, 20.4681053162, 16.3192405701, 18.5356769562, 9.52874469757, 8.2745256424, 8.8275604248, 3.39609265327, 2.90678167343, 6.59299325943, 5.16484308243, 1.19145679474, 0.514707148075, 0.131633430719, 0.0331264510751, 0.00275130523369, 0.000250254583079], "mean": [0.0039424081333, 0.156907618046, 1.93406271935, 12.306022644, 13.9215974808, 22.9452533722, 28.2375984192, 35.9755630493, 30.1268062592, 26.1810722351, 19.6683349609, 10.4275588989, 5.5335521698, 3.15590047836, 2.52601099014, 1.21278870106, 1.10041832924, 0.914355635643, 1.05721437931, 0.587395489216, 0.256564170122, 0.303458154202, 0.208706900477, 0.100350804627, 0.0988441482186, 0.0995005443692, 0.0777118131518, 0.041451420635, 0.0329474397004, 0.0315103232861, 0.0155797339976, 0.0111267222092, 0.0108458120376, 0.00579950492829, 0.00170169537887, 0.000473066989798, 0.00010904946248, 2.11829174077e-05, 1.21575330922e-05, 2.41310390265e-05], "median": [0.0018569692038, 0.0545708090067, 0.851220428944, 2.59421014786, 3.14503383636, 6.61003351212, 11.0142259598, 6.16566848755, 3.42004609108, 2.83248949051, 2.78434729576, 1.26420032978, 0.71565836668, 0.464086413383, 0.273815482855, 0.241225227714, 0.132129713893, 0.0880387574434, 0.0642474070191, 0.0452770665288, 0.0232160594314, 0.0265827905387, 0.0182004198432, 0.00670147128403, 0.00577473267913, 0.00405715918168, 0.00222335592844, 0.00115221785381, 0.00113410432823, 0.000656767631881, 0.000425985694164, 0.00025414902484, 0.000162475276738, 8.04668816272e-05, 3.73061120627e-05, 1.70099337993e-05, 7.75880926085e-06, 2.00059480449e-06, 6.90374781698e-06, 1.50180203491e-05], "min": [3.35822101077e-21, 1.26108280729e-20, 9.42303878202e-21, 5.56648608278e-20, 9.73318288255e-20, 1.44815569665e-19, 1.53747504693e-19, 3.88128110209e-19, 1.09153057912e-18, 9.96567556464e-19, 1.89608283884e-18, 1.16810093067e-18, 2.10239243696e-18, 3.47994097879e-18, 4.10987168889e-18, 3.62188889422e-18, 4.99524238958e-18, 6.05469573173e-18, 1.02375925795e-17, 1.20806064053e-17, 8.18294045796e-18, 9.68754311471e-18, 9.67101108299e-18, 1.02623385147e-17, 1.2440779042e-17, 1.4741088089e-17, 2.68592824085e-17, 2.99831333006e-17, 2.2417752653e-17, 1.38697120435e-17, 1.3892150972e-17, 1.73651878878e-17, 1.90570452101e-17, 1.22728200186e-17, 7.30036355979e-18, 5.71487008376e-18, 2.78894386677e-18, 1.18380960749e-18, 3.0591411214e-19, 3.45597966317e-20], "var": [5.0117570936e-05, 0.0902614593506, 7.95003414154, 580.180236816, 978.997131348, 2503.87158203, 2412.21044922, 4767.99560547, 8116.453125, 7347.74951172, 1811.08776855, 1127.95202637, 226.581588745, 410.840881348, 103.791069031, 8.56443309784, 8.0518245697, 7.12263917923, 9.57193279266, 2.95487785339, 1.50037276745, 1.2853076458, 0.535782933235, 0.233084768057, 0.298798143864, 0.288830846548, 0.281342357397, 0.0971312597394, 0.0429084077477, 0.0653681755066, 0.00971846841276, 0.00575877958909, 0.0130573324859, 0.00941991340369, 0.000601720705163, 7.75141452323e-05, 4.84462771055e-06, 2.42471088541e-07, 1.9774926141e-09, 7.15005998853e-10]}, "gfcc": {"mean": [-245.715377808, 208.424545288, -57.0717468262, -5.31924581528, -50.6044311523, -20.0554122925, -31.0179309845, -20.5370368958, -13.5353345871, -17.9234256744, -7.23687791824, -16.5894184113, -5.86699914932], "cov": [[16777.1152344, 1506.43774414, -3907.7644043, 159.2628479, -1308.66369629, -836.452941895, -832.736755371, -342.918945312, 95.5550689697, -97.9934310913, 89.4183120728, -346.287719727, 217.570968628], [1506.43774414, 1597.8692627, 125.387969971, -518.683532715, 126.117164612, -287.386047363, -64.5016555786, -240.92980957, -54.9074249268, -169.664733887, -63.8886947632, -138.370391846, -59.343120575], [-3907.7644043, 125.387969971, 1928.55200195, 23.8597278595, 345.202148438, 170.0625, 134.786697388, -3.85917782784, -209.411621094, -94.6937408447, -96.1841964722, 63.6972351074, -92.8937606812], [159.2628479, -518.683532715, 23.8597278595, 514.071777344, -42.901763916, 55.535118103, 27.1450996399, 66.6963195801, -20.9858875275, 18.2844257355, 28.993642807, 18.5092868805, 20.9866294861], [-1308.66369629, 126.117164612, 345.202148438, -42.901763916, 446.05947876, 78.770980835, 53.1278381348, -29.5224285126, -60.4083824158, -47.0246391296, -11.8184452057, 1.89170455933, -44.9054260254], [-836.452941895, -287.386047363, 170.0625, 55.535118103, 78.770980835, 287.739562988, 88.0174026489, 71.4785461426, -19.7567920685, 19.6522293091, -4.59008979797, 18.6861858368, -0.961870491505], [-832.736755371, -64.5016555786, 134.786697388, 27.1450996399, 53.1278381348, 88.0174026489, 196.453765869, 66.2915420532, 5.63607883453, 1.36381435394, 7.38489103317, 21.4752254486, 10.9128885269], [-342.918945312, -240.92980957, -3.85917782784, 66.6963195801, -29.5224285126, 71.4785461426, 66.2915420532, 173.362747192, 55.3034667969, 24.391834259, 3.65847420692, 14.4879722595, -1.59917068481], [95.5550689697, -54.9074249268, -209.411621094, -20.9858875275, -60.4083824158, -19.7567920685, 5.63607883453, 55.3034667969, 153.414535522, 53.6648368835, 5.587474823, -8.86268615723, -6.69858837128], [-97.9934310913, -169.664733887, -94.6937408447, 18.2844257355, -47.0246391296, 19.6522293091, 1.36381435394, 24.391834259, 53.6648368835, 119.018493652, 37.3926696777, 11.1493387222, 6.46095991135], [89.4183120728, -63.8886947632, -96.1841964722, 28.993642807, -11.8184452057, -4.59008979797, 7.38489103317, 3.65847420692, 5.587474823, 37.3926696777, 92.1209564209, 47.9145050049, 20.461151123], [-346.287719727, -138.370391846, 63.6972351074, 18.5092868805, 1.89170455933, 18.6861858368, 21.4752254486, 14.4879722595, -8.86268615723, 11.1493387222, 47.9145050049, 128.049377441, 48.1630020142], [217.570968628, -59.343120575, -92.8937606812, 20.9866294861, -44.9054260254, -0.961870491505, 10.9128885269, -1.59917068481, -6.69858837128, 6.46095991135, 20.461151123, 48.1630020142, 98.724029541]], "icov": [[0.000449965446023, -0.000984933925793, 0.000892074080184, -0.00103033182677, 0.000785992480814, -0.000391501525883, 0.00123981770594, -0.000482101168018, 0.000852976983879, -0.000155021916726, 0.000305453722831, -0.000213924402487, -0.000207352946745], [-0.000984933925793, 0.00408939411864, -0.00224234396592, 0.00382550060749, -0.00188115879428, 0.00218437262811, -0.00329301366583, 0.00246739201248, -0.00233477563597, 0.00249849096872, -0.00197841366753, 0.00263120420277, 7.96846507001e-05], [0.000892074080184, -0.00224234396592, 0.00269958330318, -0.00233329203911, 0.00123044557404, -0.00103828951251, 0.00206765625626, -0.00121917307843, 0.0028848843649, -0.000905933382455, 0.00213103042915, -0.00189740513451, 0.000762587587815], [-0.00103033182677, 0.00382550060749, -0.00233329203911, 0.0058287656866, -0.00169093487784, 0.00175689801108, -0.00321869156323, 0.00127758993767, -0.0016135617625, 0.00196280586533, -0.00252993009053, 0.00257188430987, -0.000208211931749], [0.000785992480814, -0.00188115879428, 0.00123044557404, -0.00169093487784, 0.00439164601266, -0.00153649505228, 0.00162784382701, -0.00015933123359, 0.00164577376563, 0.00049642828526, -6.88622749294e-05, -0.000587982241996, 0.000834662816487], [-0.000391501525883, 0.00218437262811, -0.00103828951251, 0.00175689801108, -0.00153649505228, 0.00611029472202, -0.00282008317299, -0.000351922062691, 0.000361988175428, -8.49362404551e-05, -3.07049376715e-05, 0.00128984532785, -0.000100718061731], [0.00123981770594, -0.00329301366583, 0.00206765625626, -0.00321869156323, 0.00162784382701, -0.00282008317299, 0.010584788397, -0.00390030746348, 0.00170233857352, -0.000312198710162, -5.63541725569e-05, -0.000766550481785, -0.00208067684434], [-0.000482101168018, 0.00246739201248, -0.00121917307843, 0.00127758993767, -0.00015933123359, -0.000351922062691, -0.00390030746348, 0.0104972366244, -0.00466571142897, 0.0020739918109, -0.000795144063886, 0.000716699578334, 0.00101497815922], [0.000852976983879, -0.00233477563597, 0.0028848843649, -0.0016135617625, 0.00164577376563, 0.000361988175428, 0.00170233857352, -0.00466571142897, 0.0128979077563, -0.00532478978857, 0.00326812337153, -0.00174355192576, 0.00165952404495], [-0.000155021916726, 0.00249849096872, -0.000905933382455, 0.00196280586533, 0.00049642828526, -8.49362404551e-05, -0.000312198710162, 0.0020739918109, -0.00532478978857, 0.0149409854785, -0.00709405913949, 0.0035272045061, -0.000722693977877], [0.000305453722831, -0.00197841366753, 0.00213103042915, -0.00252993009053, -6.88622749294e-05, -3.07049376715e-05, -5.63541725569e-05, -0.000795144063886, 0.00326812337153, -0.00709405913949, 0.019147047773, -0.00885361712426, 0.00167927739676], [-0.000213924402487, 0.00263120420277, -0.00189740513451, 0.00257188430987, -0.000587982241996, 0.00128984532785, -0.000766550481785, 0.000716699578334, -0.00174355192576, 0.0035272045061, -0.00885361712426, 0.0159277878702, -0.00672216853127], [-0.000207352946745, 7.96846507001e-05, 0.000762587587815, -0.000208211931749, 0.000834662816487, -0.000100718061731, -0.00208067684434, 0.00101497815922, 0.00165952404495, -0.000722693977877, 0.00167927739676, -0.00672216853127, 0.0151123385876]]}, "melbands": {"dmean": [5.15655119671e-05, 0.000458546157461, 0.0010672241915, 0.000511104241014, 0.000437860901002, 0.000279658037471, 0.000147573387949, 8.06359603303e-05, 4.96838292747e-05, 2.53642811003e-05, 7.83443829278e-06, 4.5363008212e-06, 4.72728970635e-06, 1.73559499217e-06, 1.23157508369e-06, 7.8095496292e-07, 5.70182464799e-07, 4.88240061713e-07, 6.36830748135e-07, 2.13449283137e-07, 1.19940565924e-07, 1.62696593975e-07, 1.18019457318e-07, 5.2027804287e-08, 3.57551641628e-08, 3.77099915738e-08, 5.53152581517e-08, 4.03168911589e-08, 3.46529240858e-08, 2.65424908719e-08, 1.37434330583e-08, 1.26426646929e-08, 1.84507378265e-08, 1.40370923774e-08, 7.05687419611e-09, 8.34875812927e-09, 6.84490908398e-09, 8.73195027395e-09, 9.82256498361e-09, 5.52554757505e-09], "dmean2": [8.29798154882e-05, 0.000778828398325, 0.00152661383618, 0.000747106969357, 0.000711271830369, 0.000428701605415, 0.000213122388232, 0.000112300571345, 6.63219980197e-05, 4.03615122195e-05, 1.0948914678e-05, 6.46421040074e-06, 7.06371929482e-06, 2.55827171713e-06, 1.88484023056e-06, 1.2049695215e-06, 8.71265967817e-07, 6.76658771681e-07, 8.95450227745e-07, 3.15410062512e-07, 1.81670841926e-07, 2.17450264017e-07, 1.64469611263e-07, 7.27180733406e-08, 5.24782670652e-08, 5.51180860953e-08, 8.09136651014e-08, 5.5309634206e-08, 4.67399381421e-08, 4.0806217072e-08, 2.022649781e-08, 1.93605522725e-08, 2.82936269969e-08, 2.1935768757e-08, 1.07005142524e-08, 1.25906742809e-08, 1.09594582298e-08, 1.41217384453e-08, 1.6401992653e-08, 9.33833899097e-09], "dvar": [1.32701600819e-08, 6.54864948046e-07, 5.57912699151e-06, 2.06888398679e-06, 1.15610657758e-06, 5.67512529415e-07, 4.01357397095e-07, 2.03571886459e-07, 3.10698879957e-08, 2.35620056799e-08, 7.79146802632e-10, 1.08913122965e-09, 7.62066520998e-10, 6.43229774999e-11, 1.76128694962e-11, 7.03955773881e-12, 4.01254507051e-12, 3.88349205224e-12, 8.27127515785e-12, 1.64241916508e-12, 7.2641301611e-13, 1.01262238612e-12, 3.0969221328e-13, 3.78016845257e-14, 5.59114725547e-14, 8.01604605177e-14, 1.6162345442e-13, 9.43707866843e-14, 7.12393807682e-14, 4.31899423181e-14, 1.0187171236e-14, 5.52628562283e-15, 2.31304148876e-14, 1.478546662e-14, 1.55627809207e-15, 3.45128084809e-15, 2.32090500383e-15, 4.51488889677e-15, 2.56559859214e-14, 5.92674374205e-15], "dvar2": [3.25373719079e-08, 2.05512696994e-06, 1.04804639705e-05, 4.11977043768e-06, 3.04918171423e-06, 1.35582729399e-06, 8.64599030592e-07, 4.28141959219e-07, 6.1851999078e-08, 5.93538942439e-08, 1.53124757318e-09, 1.63982116774e-09, 1.60221325096e-09, 1.24144888813e-10, 4.44855784154e-11, 1.530943948e-11, 8.49626879268e-12, 7.41713721691e-12, 1.7803723773e-11, 4.00948328358e-12, 1.58882336541e-12, 1.98238430879e-12, 5.63161333973e-13, 7.52977256826e-14, 1.13203012502e-13, 1.88424471338e-13, 3.30187212207e-13, 2.01461487466e-13, 1.08600838554e-13, 1.06089053829e-13, 2.05559836053e-14, 1.08843352557e-14, 5.57712513324e-14, 3.64367451413e-14, 3.23539332566e-15, 6.73057419734e-15, 5.697690363e-15, 1.10430336547e-14, 6.82783162149e-14, 1.58981443461e-14], "max": [0.00281169405207, 0.00977554731071, 0.0373471677303, 0.042331662029, 0.0177309475839, 0.0157267544419, 0.017777832225, 0.0193626135588, 0.00511216837913, 0.005323887337, 0.000785431533586, 0.00244511989877, 0.00122841086704, 0.000323627347825, 0.000117049690743, 6.65768748149e-05, 4.1828952817e-05, 4.18108647864e-05, 0.00011600083235, 6.11953364569e-05, 3.33301504725e-05, 3.41743580066e-05, 3.10199829983e-05, 6.62234697302e-06, 1.37638571687e-05, 1.66167592397e-05, 2.10003217944e-05, 1.07237719931e-05, 1.69647373696e-05, 8.02679551271e-06, 5.86584019402e-06, 4.33168452219e-06, 5.04705758431e-06, 4.22550465373e-06, 1.70368230101e-06, 1.98130123863e-06, 2.0750035219e-06, 3.25674750457e-06, 7.45474881114e-06, 3.33440743816e-06], "mean": [7.91398633737e-05, 0.000726979458705, 0.00207192171365, 0.00131012836937, 0.00101280503441, 0.000840385968331, 0.000432113418356, 0.000264616479399, 0.000156727532158, 5.76893653488e-05, 2.56449511653e-05, 1.1741045455e-05, 9.46837826632e-06, 3.98137035518e-06, 3.07280856759e-06, 2.12526947507e-06, 1.56974510901e-06, 1.42469389175e-06, 1.50984146785e-06, 4.09835394066e-07, 2.51247882943e-07, 3.36675668677e-07, 2.65937075028e-07, 1.16232648395e-07, 7.54141495918e-08, 6.64887096491e-08, 8.39117291207e-08, 6.08337558106e-08, 5.60793509408e-08, 3.44722188572e-08, 1.90029485481e-08, 1.6768789024e-08, 2.11807407169e-08, 1.46023166891e-08, 7.9279480758e-09, 8.93547991154e-09, 6.40031405652e-09, 7.62015250899e-09, 7.43956229954e-09, 4.04268485354e-09], "median": [2.69623669737e-05, 0.00032189648482, 0.000485317985294, 0.000343940861057, 0.000456545298221, 0.000146563252201, 3.94592061639e-05, 2.04106690944e-05, 1.48076633195e-05, 5.33370030098e-06, 2.34020831158e-06, 1.30259252273e-06, 6.94007269431e-07, 5.8622532606e-07, 3.96245866341e-07, 1.77928740186e-07, 1.20113270441e-07, 8.52376231819e-08, 7.1030996196e-08, 2.59425050331e-08, 1.89237621129e-08, 2.47481715121e-08, 1.73147274296e-08, 8.44574543635e-09, 3.51366824525e-09, 3.81658882276e-09, 2.99620750432e-09, 1.92790938769e-09, 1.39613454131e-09, 7.94805221638e-10, 4.98795338366e-10, 6.44881814615e-10, 4.27730822983e-10, 2.95010682549e-10, 2.40248904104e-10, 1.67644662041e-10, 1.30395402809e-10, 1.07985058395e-10, 7.48441031373e-11, 4.82256977408e-11], "min": [2.61563004775e-23, 8.62625000772e-24, 1.04352571581e-23, 9.30522732201e-24, 5.97971317856e-24, 8.51643110338e-24, 1.6593793271e-23, 1.16068134211e-23, 1.47106229403e-23, 6.49045328304e-24, 1.19163237861e-23, 1.53360807753e-23, 1.41956466528e-23, 8.75952569107e-24, 1.18207706424e-23, 1.15717824749e-23, 1.20721443253e-23, 1.82498016376e-23, 1.54553060571e-23, 1.18510873558e-23, 9.17800930154e-24, 8.8770265229e-24, 9.23574524233e-24, 9.72215687649e-24, 7.92687590586e-24, 8.52905997761e-24, 7.43598117518e-24, 1.01567766368e-23, 1.68256237138e-23, 1.44329360131e-23, 1.97710662508e-23, 1.37624563084e-23, 8.22195011632e-24, 7.84241020216e-24, 7.11766081156e-24, 9.30488890068e-24, 1.21413676586e-23, 1.28249298325e-23, 1.422454105e-23, 8.74785922714e-24], "var": [2.72851394811e-08, 1.11265751457e-06, 1.50331034092e-05, 8.74676607054e-06, 2.48870037467e-06, 2.41806742451e-06, 1.56010844421e-06, 7.50883373257e-07, 1.32218488602e-07, 4.38745217934e-08, 5.36027311426e-09, 5.65158542187e-09, 2.32649055576e-09, 2.21885954055e-10, 5.7677380233e-11, 3.69702740644e-11, 2.04296891904e-11, 1.83562765682e-11, 2.32108724602e-11, 2.67053870337e-12, 2.0279635176e-12, 2.23708985364e-12, 1.0204889234e-12, 1.28514359527e-13, 1.83069623913e-13, 1.42842050579e-13, 2.56321493978e-13, 1.39407542042e-13, 2.10989022477e-13, 5.53747992555e-14, 2.7321029079e-14, 1.03645077479e-14, 2.51377152601e-14, 1.38958711142e-14, 2.20784643416e-15, 4.8182554409e-15, 2.09461634032e-15, 4.02603357214e-15, 1.81603914713e-14, 4.14418789202e-15]}, "mfcc": {"mean": [-879.760437012, 211.106719971, 56.4476051331, 20.5442619324, 5.28508377075, -1.50811386108, -7.45847415924, -8.83403491974, -9.19187736511, -7.17639112473, -6.30321455002, -5.23826885223, -6.24406719208], "cov": [[8531.13574219, 2528.68969727, -1792.42651367, -367.54083252, -506.116363525, -417.113708496, -564.868041992, -425.387542725, -297.306640625, -69.9496841431, -164.933990479, -137.65196228, -31.2144908905], [2528.68969727, 2346.73852539, -90.5562744141, -368.166687012, -126.25592804, -197.091995239, -206.424087524, -213.643051147, -190.653381348, -132.85635376, -65.9297027588, -102.196891785, -138.043685913], [-1792.42651367, -90.5562744141, 1130.89428711, 203.829650879, 50.5200195312, 79.6096878052, 134.829025269, 88.1440429688, 17.3663215637, -78.2436447144, -46.6853141785, 5.39685153961, -42.2483596802], [-367.54083252, -368.166687012, 203.829650879, 400.962921143, 86.4957733154, 28.4348373413, 61.5396652222, 53.2212333679, 10.0699110031, -22.5308609009, -39.1052742004, -25.1854820251, 27.617193222], [-506.116363525, -126.25592804, 50.5200195312, 86.4957733154, 246.326065063, 86.6589584351, 44.966506958, 30.5137290955, -1.91999852657, -11.5060634613, 14.4996900558, -0.685697674751, -11.1924438477], [-417.113708496, -197.091995239, 79.6096878052, 28.4348373413, 86.6589584351, 171.281204224, 102.090827942, 25.5118484497, 11.0377893448, 9.34366035461, -0.0998009443283, -14.1472377777, 1.98510551453], [-564.868041992, -206.424087524, 134.829025269, 61.5396652222, 44.966506958, 102.090827942, 205.964004517, 93.6313400269, 20.5964164734, 16.5838661194, -18.9647579193, -13.9380731583, -3.85728120804], [-425.387542725, -213.643051147, 88.1440429688, 53.2212333679, 30.5137290955, 25.5118484497, 93.6313400269, 149.420196533, 68.4518356323, 0.0481663942337, -6.61436367035, 16.6171016693, 15.5930070877], [-297.306640625, -190.653381348, 17.3663215637, 10.0699110031, -1.91999852657, 11.0377893448, 20.5964164734, 68.4518356323, 116.825340271, 54.5250015259, 23.1518592834, 22.5344963074, 8.11373329163], [-69.9496841431, -132.85635376, -78.2436447144, -22.5308609009, -11.5060634613, 9.34366035461, 16.5838661194, 0.0481663942337, 54.5250015259, 135.394439697, 75.6523208618, 10.5187711716, -26.5546150208], [-164.933990479, -65.9297027588, -46.6853141785, -39.1052742004, 14.4996900558, -0.0998009443283, -18.9647579193, -6.61436367035, 23.1518592834, 75.6523208618, 153.42048645, 59.4307060242, -28.4868526459], [-137.65196228, -102.196891785, 5.39685153961, -25.1854820251, -0.685697674751, -14.1472377777, -13.9380731583, 16.6171016693, 22.5344963074, 10.5187711716, 59.4307060242, 131.876373291, 43.283115387], [-31.2144908905, -138.043685913, -42.2483596802, 27.617193222, -11.1924438477, 1.98510551453, -3.85728120804, 15.5930070877, 8.11373329163, -26.5546150208, -28.4868526459, 43.283115387, 133.223373413]], "icov": [[0.000509106845129, -0.000552810670342, 0.00082824198762, -0.000706918770447, 0.000905523076653, -0.000612040050328, 0.000824667804409, -0.000417965522502, 0.000661377911456, -0.00050480151549, 0.000785182230175, -0.000514659215696, 0.000307867390802], [-0.000552810670342, 0.00134193559643, -0.000987825333141, 0.00141830171924, -0.00108297856059, 0.00140215875581, -0.000906401197426, 0.000959464814514, -0.000320609280607, 0.00114160240628, -0.000778946036007, 0.000960710516665, 0.00017165610916], [0.00082824198762, -0.000987825333141, 0.00255064526573, -0.00181068980601, 0.00174933439121, -0.00142548233271, 0.000751955842134, -0.000651739421301, 0.000504751456901, 0.000232176287682, 0.00133125099819, -0.00150044425391, 0.00140865659341], [-0.000706918770447, 0.00141830171924, -0.00181068980601, 0.00484544318169, -0.00262681394815, 0.00232061068527, -0.00159314705525, 0.000592909869738, -0.000515073537827, 0.000826889765449, -0.000807092350442, 0.00217466964386, -0.00132839602884], [0.000905523076653, -0.00108297856059, 0.00174933439121, -0.00262681394815, 0.00743707129732, -0.00461014779285, 0.00251907366328, -0.00231009046547, 0.00205691438168, -1.95815882762e-05, 0.000455963338027, -0.00147006683983, 0.00167205103207], [-0.000612040050328, 0.00140215875581, -0.00142548233271, 0.00232061068527, -0.00461014779285, 0.0125760389492, -0.0073904087767, 0.00488687958568, -0.0030726864934, 0.00214745709673, -0.0021424673032, 0.00276294723153, -0.00172488705721], [0.000824667804409, -0.000906401197426, 0.000751955842134, -0.00159314705525, 0.00251907366328, -0.0073904087767, 0.0137538583949, -0.00954975560308, 0.00658903177828, -0.00572814419866, 0.00388931669295, -0.00115590821952, 0.00132460542955], [-0.000417965522502, 0.000959464814514, -0.000651739421301, 0.000592909869738, -0.00231009046547, 0.00488687958568, -0.00954975560308, 0.0178623832762, -0.0114674819633, 0.00671056145802, -0.0020355170127, 0.000217251174035, -0.0005372716696], [0.000661377911456, -0.000320609280607, 0.000504751456901, -0.000515073537827, 0.00205691438168, -0.0030726864934, 0.00658903177828, -0.0114674819633, 0.0199238583446, -0.00994453486055, 0.00339717022143, -0.00200459267944, 2.32362835959e-05], [-0.00050480151549, 0.00114160240628, 0.000232176287682, 0.000826889765449, -1.95815882762e-05, 0.00214745709673, -0.00572814419866, 0.00671056145802, -0.00994453486055, 0.0177523884922, -0.00826332625002, 0.00281900563277, 0.00144325417932], [0.000785182230175, -0.000778946036007, 0.00133125099819, -0.000807092350442, 0.000455963338027, -0.0021424673032, 0.00388931669295, -0.0020355170127, 0.00339717022143, -0.00826332625002, 0.0148153575137, -0.00750979827717, 0.00414123153314], [-0.000514659215696, 0.000960710516665, -0.00150044425391, 0.00217466964386, -0.00147006683983, 0.00276294723153, -0.00115590821952, 0.000217251174035, -0.00200459267944, 0.00281900563277, -0.00750979827717, 0.013769264333, -0.00567065551877], [0.000307867390802, 0.00017165610916, 0.00140865659341, -0.00132839602884, 0.00167205103207, -0.00172488705721, 0.00132460542955, -0.0005372716696, 2.32362835959e-05, 0.00144325417932, 0.00414123153314, -0.00567065551877, 0.0117598148063]]}, "spectral_contrast_coeffs": {"dmean": [0.0456836335361, 0.0343763679266, 0.0279478821903, 0.0237297192216, 0.0186391659081, 0.0181205738336], "dmean2": [0.0744995325804, 0.0558998286724, 0.0450495667756, 0.0378756672144, 0.0272605679929, 0.0295479036868], "dvar": [0.00150123087224, 0.00133728818037, 0.000769958249293, 0.000578984618187, 0.000430447107647, 0.000314044998959], "dvar2": [0.00384778925218, 0.00324801215902, 0.00181482778862, 0.00136048719287, 0.000792806618847, 0.000753127445932], "max": [-0.235508367419, -0.281067460775, -0.484448194504, -0.573156416416, -0.585584163666, -0.656331896782], "mean": [-0.533052265644, -0.576432228088, -0.734503030777, -0.757711172104, -0.794929623604, -0.835982203484], "median": [-0.51965534687, -0.574257791042, -0.738974452019, -0.75623601675, -0.791307985783, -0.836790978909], "min": [-0.984164178371, -0.985553145409, -0.959759891033, -0.991361141205, -0.979383111, -0.959489107132], "var": [0.0125194815919, 0.013395672664, 0.00622973637655, 0.00509301060811, 0.00448767701164, 0.00233377562836]}, "spectral_contrast_valleys": {"dmean": [0.43074041605, 0.330416321754, 0.306172728539, 0.31264898181, 0.317193359137, 0.377535432577], "dmean2": [0.700868964195, 0.529602646828, 0.492205023766, 0.491130650043, 0.484737306833