{"lowlevel": {"average_loudness": 0.878648817539, "barkbands_crest": {"dmean": 1.81223750114, "dmean2": 2.75088500977, "dvar": 2.70551919937, "dvar2": 6.26329612732, "max": 24.2440795898, "mean": 10.0488700867, "median": 9.23434925079, "min": 3.35897803307, "var": 13.1207361221}, "barkbands_flatness_db": {"dmean": 0.0166665837169, "dmean2": 0.0238145105541, "dvar": 0.000274478836218, "dvar2": 0.000564193876926, "max": 0.38146173954, "mean": 0.202667370439, "median": 0.202354580164, "min": 0.0206039529294, "var": 0.00224076793529}, "barkbands_kurtosis": {"dmean": 2.79337835312, "dmean2": 4.26672458649, "dvar": 33.1920661926, "dvar2": 83.2721328735, "max": 176.439300537, "mean": 7.00816726685, "median": 4.33920383453, "min": -1.53059160709, "var": 114.766059875}, "barkbands_skewness": {"dmean": 0.365121394396, "dmean2": 0.543805122375, "dvar": 0.168478816748, "dvar2": 0.398887932301, "max": 10.8152265549, "mean": 1.91972601414, "median": 1.79906511307, "min": -2.5438170433, "var": 1.39304888248}, "barkbands_spread": {"dmean": 2.18914270401, "dmean2": 3.29525995255, "dvar": 7.93003320694, "dvar2": 20.0018787384, "max": 89.3913040161, "mean": 10.2999811172, "median": 9.28549861908, "min": 0.682786226273, "var": 34.2562675476}, "dissonance": {"dmean": 0.019311465323, "dmean2": 0.0313001275063, "dvar": 0.000271530559985, "dvar2": 0.00073239748599, "max": 0.499649196863, "mean": 0.448415547609, "median": 0.452168315649, "min": 0.215845510364, "var": 0.000850392738357}, "dynamic_complexity": 4.04831695557, "erbbands_crest": {"dmean": 2.19521188736, "dmean2": 3.42107176781, "dvar": 3.95208954811, "dvar2": 9.70077610016, "max": 26.0115337372, "mean": 8.82389831543, "median": 7.9817905426, "min": 2.08898258209, "var": 14.3188085556}, "erbbands_flatness_db": {"dmean": 0.0120826223865, "dmean2": 0.0171331204474, "dvar": 0.000145203448483, "dvar2": 0.000280233682133, "max": 0.327039927244, "mean": 0.196575596929, "median": 0.201275587082, "min": 0.0401717610657, "var": 0.00111155712511}, "erbbands_kurtosis": {"dmean": 0.702260553837, "dmean2": 1.10408961773, "dvar": 1.03941869736, "dvar2": 2.1935312748, "max": 36.890045166, "mean": 0.139474704862, "median": -0.271950960159, "min": -1.62238955498, "var": 4.1132311821}, "erbbands_skewness": {"dmean": 0.287891805172, "dmean2": 0.440607249737, "dvar": 0.057865716517, "dvar2": 0.130692765117, "max": 4.37611055374, "mean": 0.679300010204, "median": 0.670699000359, "min": -1.02213382721, "var": 0.295748502016}, "erbbands_spread": {"dmean": 4.56519794464, "dmean2": 6.85015201569, "dvar": 17.8995265961, "dvar2": 38.723903656, "max": 91.0892181396, "mean": 30.2864456177, "median": 29.6910591125, "min": 3.40492415428, "var": 74.0613479614}, "hfc": {"dmean": 1.92404651642, "dmean2": 2.7146961689, "dvar": 8.03622341156, "dvar2": 15.9979476929, "max": 70.3398284912, "mean": 10.122795105, "median": 7.55883216858, "min": 1.06756995265e-16, "var": 89.8423538208}, "melbands_crest": {"dmean": 2.26618981361, "dmean2": 3.474599123, "dvar": 4.75538158417, "dvar2": 11.9926538467, "max": 31.5525932312, "mean": 13.3635177612, "median": 12.586233139, "min": 1.62920093536, "var": 25.5605945587}, "melbands_flatness_db": {"dmean": 0.0181849431247, "dmean2": 0.0257407724857, "dvar": 0.000352957460564, "dvar2": 0.000707824714482, "max": 0.489074528217, "mean": 0.271171659231, "median": 0.271799564362, "min": 0.0028827288188, "var": 0.00464231986552}, "melbands_kurtosis": {"dmean": 4.80668783188, "dmean2": 7.30554819107, "dvar": 87.8201065063, "dvar2": 227.960113525, "max": 266.940917969, "mean": 13.6016817093, "median": 8.99711036682, "min": -1.42590904236, "var": 306.05960083}, "melbands_skewness": {"dmean": 0.465072244406, "dmean2": 0.686209440231, "dvar": 0.253139793873, "dvar2": 0.601178467274, "max": 11.3785858154, "mean": 2.60678195953, "median": 2.379560709, "min": -0.320139586926, "var": 1.66786181927}, "melbands_spread": {"dmean": 2.49989748001, "dmean2": 3.81138515472, "dvar": 13.3212127686, "dvar2": 31.7872009277, "max": 167.324005127, "mean": 13.8192281723, "median": 9.94139003754, "min": 0.496236234903, "var": 435.583831787}, "pitch_salience": {"dmean": 0.0575304180384, "dmean2": 0.0886468961835, "dvar": 0.00257189245895, "dvar2": 0.00623840233311, "max": 0.909218370914, "mean": 0.57255256176, "median": 0.58414208889, "min": 0.0757153183222, "var": 0.0144780743867}, "silence_rate_20dB": {"dmean": 0, "dmean2": 0, "dvar": 0, "dvar2": 0, "max": 1, "mean": 1, "median": 1, "min": 1, "var": 0}, "silence_rate_30dB": {"dmean": 0.0136818960309, "dmean2": 0.0273704789579, "dvar": 0.013494531624, "dvar2": 0.0305306017399, "max": 1, "mean": 0.983146071434, "median": 1, "min": 0, "var": 0.0165691766888}, "silence_rate_60dB": {"dmean": 0.00977278314531, "dmean2": 0.0195503421128, "dvar": 0.00967714376748, "dvar2": 0.023077532649, "max": 1, "mean": 0.105520270765, "median": 0, "min": 0, "var": 0.0943891257048}, "spectral_centroid": {"dmean": 110.484870911, "dmean2": 167.088195801, "dvar": 40147.2226562, "dvar2": 74636.7109375, "max": 11819.0761719, "mean": 926.957458496, "median": 620.509338379, "min": 155.631744385, "var": 2915052.75}, "spectral_complexity": {"dmean": 1.97703397274, "dmean2": 3.18035197258, "dvar": 3.4395840168, "dvar2": 7.9068980217, "max": 40, "mean": 14.1431360245, "median": 14, "min": 0, "var": 47.9801712036}, "spectral_decrease": {"dmean": 1.60029367535e-09, "dmean2": 2.25811258581e-09, "dvar": 1.04892242305e-17, "dvar2": 2.24440404529e-17, "max": 6.54648960597e-20, "mean": -6.85695589198e-09, "median": -4.93676921565e-09, "min": -6.68709887464e-08, "var": 4.70429955894e-17}, "spectral_energy": {"dmean": 0.00618821522221, "dmean2": 0.00872486270964, "dvar": 0.000153402783326, "dvar2": 0.000328083900968, "max": 0.255484998226, "mean": 0.0267978608608, "median": 0.01933850348, "min": 9.83641259962e-21, "var": 0.0007057369221}, "spectral_energyband_high": {"dmean": 1.86310662684e-05, "dmean2": 2.67125815299e-05, "dvar": 1.95240601464e-09, "dvar2": 4.12511269587e-09, "max": 0.000686685787514, "mean": 4.74642911286e-05, "median": 2.38633583649e-05, "min": 6.88470582543e-21, "var": 5.32043209489e-09}, "spectral_energyband_low": {"dmean": 0.00330788618885, "dmean2": 0.00440317438915, "dvar": 0.000118763186038, "dvar2": 0.000255724764429, "max": 0.23330847919, "mean": 0.0101850749925, "median": 0.0043912101537, "min": 9.95017948773e-24, "var": 0.000336418859661}, "spectral_energyband_middle_high": {"dmean": 0.000588154536672, "dmean2": 0.000873428303748, "dvar": 8.81976006895e-07, "dvar2": 1.83044869573e-06, "max": 0.031620208174, "mean": 0.00220088288188, "median": 0.00137927825563, "min": 1.16763621753e-21, "var": 7.51304560254e-06}, "spectral_energyband_middle_low": {"dmean": 0.00404576770961, "dmean2": 0.00586784351617, "dvar": 4.10844295402e-05, "dvar2": 9.18976656976e-05, "max": 0.144849047065, "mean": 0.0159204006195, "median": 0.0112232761458, "min": 1.73968391574e-22, "var": 0.000255486404058}, "spectral_entropy": {"dmean": 0.127815127373, "dmean2": 0.183957114816, "dvar": 0.016180049628, "dvar2": 0.0312148407102, "max": 9.82254886627, "mean": 7.05029630661, "median": 6.98922538757, "min": 5.38167142868, "var": 0.291177749634}, "spectral_flux": {"dmean": 0.0134846465662, "dmean2": 0.0226892586797, "dvar": 0.000375880103093, "dvar2": 0.0010603092378, "max": 0.35943800211, "mean": 0.0529395826161, "median": 0.0476836785674, "min": 6.2636056064e-11, "var": 0.00111906637903}, "spectral_kurtosis": {"dmean": 3.80665326118, "dmean2": 6.76885032654, "dvar": 11.7285423279, "dvar2": 35.6749229431, "max": 78.9582443237, "mean": 9.63594341278, "median": 8.73312664032, "min": -1.27341270447, "var": 28.279335022}, "spectral_rms": {"dmean": 0.000503658840898, "dmean2": 0.000698028830811, "dvar": 4.76218019685e-07, "dvar2": 9.87544808595e-07, "max": 0.015787769109, "mean": 0.00454780040309, "median": 0.00434359721839, "min": 3.09782191218e-12, "var": 5.46171077076e-06}, "spectral_rolloff": {"dmean": 139.583374023, "dmean2": 239.176528931, "dvar": 233388.921875, "dvar2": 652846.5625, "max": 19810.546875, "mean": 1104.01220703, "median": 559.86328125, "min": 86.1328125, "var": 9172119}, "spectral_skewness": {"dmean": 0.335279494524, "dmean2": 0.581219613552, "dvar": 0.0810753032565, "dvar2": 0.238321557641, "max": 7.47665262222, "mean": 2.08122515678, "median": 2.06422424316, "min": -0.0937544703484, "var": 0.371727824211}, "spectral_spread": {"dmean": 268485.21875, "dmean2": 432378.78125, "dvar": 512909639680, "dvar2": 966529318912, "max": 42957816, "mean": 3708520, "median": 2534118.5, "min": 1213704.875, "var": 38308000301100.0}, "spectral_strongpeak": {"dmean": 0.265023231506, "dmean2": 0.433438658714, "dvar": 0.178888365626, "dvar2": 0.415840655565, "max": 6.1284198761, "mean": 0.703557670116, "median": 0.497273802757, "min": 0, "var": 0.560782372952}, "zerocrossingrate": {"dmean": 0.00436148606241, "dmean2": 0.00572740053758, "dvar": 7.60941838962e-05, "dvar2": 0.0001534428593, "max": 0.53076171875, "mean": 0.0416899621487, "median": 0.02783203125, "min": 0.00390625, "var": 0.00639758864418}, "barkbands": {"dmean": [1.20732727282e-06, 0.00171657663304, 0.00156097265426, 0.00105489627458, 0.00205488316715, 0.00119358545635, 0.00133008952253, 0.000672935449984, 0.00040754393558, 0.00025210386957, 8.28002011986e-05, 0.000146003614645, 9.79805845418e-05, 0.000143125478644, 0.000136662114528, 0.000132648143335, 9.53545240918e-05, 5.36161060154e-05, 3.28701898979e-05, 1.64972752827e-05, 5.82581333219e-06, 3.05647722598e-06, 2.47403090725e-06, 2.03106969821e-06, 1.87410410035e-06, 1.53298640271e-06, 5.39194104476e-07], "dmean2": [1.76485241354e-06, 0.00241565750912, 0.00207398436032, 0.00138636631891, 0.00325833796524, 0.00171661120839, 0.00188680877909, 0.00098948169034, 0.000539399683475, 0.000382086174795, 0.000128757819766, 0.000232697435422, 0.000165098244906, 0.000237590880715, 0.000226434931392, 0.000223525654292, 0.000155472094775, 8.53822639328e-05, 5.28116652276e-05, 2.58296367974e-05, 8.91864328878e-06, 4.6760146688e-06, 3.72397767023e-06, 3.23091171595e-06, 2.75903971669e-06, 2.29124520956e-06, 7.26950361241e-07], "dvar": [2.46359183054e-10, 6.41512742732e-05, 2.2137128326e-05, 1.25960714286e-05, 9.90612443275e-06, 3.91992489313e-06, 7.32995613362e-06, 3.68638302461e-06, 5.83365306284e-07, 3.41942381965e-07, 3.59336809197e-08, 8.18368448563e-08, 1.92712175107e-08, 7.17706143405e-08, 4.60877664921e-08, 7.32089731059e-08, 3.34580754213e-08, 1.07477786671e-08, 6.39076969122e-09, 9.47294243048e-10, 1.2754065859e-10, 6.69459002123e-11, 6.52391266009e-11, 1.55437135385e-10, 6.57876114696e-11, 8.32293539643e-11, 1.62175880364e-11], "dvar2": [5.56225676629e-10, 0.000136884147651, 5.08570410602e-05, 2.7041112844e-05, 2.76402934105e-05, 8.67920607561e-06, 1.2343992239e-05, 7.95223422756e-06, 9.12245297968e-07, 6.31290163255e-07, 8.02235220476e-08, 2.14661184827e-07, 5.36122399808e-08, 1.94606045056e-07, 1.1890659124e-07, 2.0430196912e-07, 8.70473044756e-08, 2.47005758069e-08, 1.56205803847e-08, 2.32594343785e-09, 2.81152184867e-10, 1.62470786824e-10, 1.51424900396e-10, 3.60854651715e-10, 1.46996637085e-10, 1.87584836553e-10, 2.60984497902e-11], "max": [0.000575842452236, 0.19170615077, 0.132209077477, 0.109765425324, 0.0659928992391, 0.0419514030218, 0.0926752239466, 0.0751541852951, 0.0393993742764, 0.0288371033967, 0.00558186182752, 0.00549335312098, 0.00163096631877, 0.00714343460277, 0.00509352376685, 0.00536631699651, 0.00441879453138, 0.00330976909027, 0.0030969758518, 0.000591163872741, 0.000286422116915, 0.0002505579032, 0.000212567523704, 0.000352891802322, 0.000190674487385, 0.000217630178668, 0.000200799753657], "mean": [2.16693729271e-06, 0.00409079529345, 0.00455694179982, 0.00308861979283, 0.00451402226463, 0.00286426534876, 0.00280745467171, 0.00157237844542, 0.00102878047619, 0.000562665984035, 0.000125181875774, 0.000258106738329, 0.000165610093973, 0.00025370719959, 0.000259541906416, 0.000223063281737, 0.000178835471161, 0.000108129068394, 6.57115670037e-05, 3.76269745175e-05, 1.40127303894e-05, 6.76255922372e-06, 4.39903396909e-06, 3.14530825563e-06, 3.07476966555e-06, 2.09633799386e-06, 8.22383583454e-07], "median": [1.20165438489e-07, 0.00126293557696, 0.00134514109232, 0.00115839880891, 0.00288545479998, 0.00143663329072, 0.00123616727069, 0.000391065172153, 0.00038731037057, 0.000169593389728, 4.30989712186e-05, 0.000111427885713, 0.00010245815065, 0.000119468255434, 0.000154357374413, 0.000122780911624, 9.80712211458e-05, 5.70073461859e-05, 3.43477258866e-05, 1.85983990377e-05, 7.30610190658e-06, 3.19945138472e-06, 1.64171251527e-06, 9.70484052232e-07, 4.55658948795e-07, 1.4888610167e-07, 1.45130538698e-08], "min": [3.12299308799e-25, 2.04458645745e-24, 1.2326299729e-24, 6.62695816851e-25, 1.02803461756e-23, 6.32699578145e-24, 6.85583235509e-24, 9.85181089943e-24, 1.93343654755e-23, 1.55098463224e-23, 1.14657856016e-23, 2.0512384087e-23, 3.08088711455e-23, 3.13300494575e-23, 5.05759804701e-23, 4.47740978388e-23, 6.65296699144e-23, 9.21459335711e-23, 1.09000230801e-22, 1.59634321921e-22, 2.18975291733e-22, 3.19149494291e-22, 3.7988557408e-22, 5.46328409323e-22, 8.81285111054e-22, 1.25645130268e-21, 1.91739254299e-21], "var": [2.6873694936e-10, 0.000132208340801, 8.88464419404e-05, 3.20260187436e-05, 2.5257055313e-05, 1.65158817254e-05, 3.66944586858e-05, 1.93308696907e-05, 3.69498638975e-06, 3.11513008455e-06, 7.47729771433e-08, 1.66688295167e-07, 3.6849559848e-08, 1.66469291685e-07, 9.99388305445e-08, 1.10428224787e-07, 6.4699904101e-08, 2.71846616329e-08, 1.2915744918e-08, 2.92876900509e-09, 4.44351860862e-10, 1.75085487775e-10, 1.02637356947e-10, 1.79546086332e-10, 1.30284116828e-10, 1.2866357979e-10, 4.00141170198e-11]}, "erbbands": {"dmean": [0.0171495005488, 0.487598031759, 1.73719406128, 2.55383062363, 4.28619813919, 7.41188669205, 11.7032165527, 9.81498622894, 19.1510219574, 12.464849472, 14.1486749649, 7.22127532959, 9.21863937378, 6.04135274887, 4.31702184677, 3.99595737457, 4.19934368134, 5.66334295273, 6.91055345535, 7.10100746155, 8.01391792297, 5.08492994308, 3.16185069084, 1.96753931046, 1.21495378017, 0.796568095684, 0.335621595383, 0.166742905974, 0.10688392818, 0.089408531785, 0.069475337863, 0.0488437116146, 0.0301845241338, 0.0235072188079, 0.01023913268, 0.00467679137364, 0.00399500550702, 0.000613680284005, 0.000125877151731, 9.74963768385e-06], "dmean2": [0.0239184442908, 0.689851343632, 2.41269612312, 3.21945953369, 6.18945932388, 12.205663681, 17.7813739777, 14.0038719177, 27.8230209351, 17.0447540283, 21.4648132324, 9.9138250351, 12.6933460236, 9.38684940338, 6.72552013397, 6.36126613617, 7.0313334465, 9.27798461914, 11.710442543, 11.7346076965, 13.5219039917, 8.31915283203, 4.9716386795, 3.08526158333, 1.89751887321, 1.2615571022, 0.521799564362, 0.258554190397, 0.162884533405, 0.134073734283, 0.104727864265, 0.0795413702726, 0.0464293435216, 0.0360543690622, 0.0145047809929, 0.00693402532488, 0.00587046612054, 0.000910185102839, 0.000162464639288, 1.34640567921e-05], "dvar": [0.00853875465691, 4.85251235962, 31.3496227264, 49.5410690308, 120.893974304, 137.226715088, 607.711364746, 319.160736084, 1794.76062012, 516.468078613, 1531.58984375, 141.877868652, 365.56829834, 166.083984375, 58.5757484436, 51.7933959961, 38.3382873535, 89.2568206787, 162.55368042, 139.983062744, 314.23336792, 99.2136535645, 43.0079307556, 19.1126823425, 6.88332653046, 2.44659042358, 0.405985832214, 0.140650123358, 0.062336973846, 0.0736548453569, 0.082729510963, 0.10566367954, 0.0162807106972, 0.012117174454, 0.00248697772622, 0.000535497034434, 0.000782540533692, 1.38273844641e-05, 1.06810716716e-06, 6.11955597307e-10], "dvar2": [0.0172838512808, 10.4315605164, 75.7952041626, 101.99256134, 256.256591797, 417.64932251, 1820.01452637, 707.059753418, 3223.07250977, 934.333068848, 3595.94433594, 244.382568359, 608.945251465, 365.958343506, 141.017822266, 133.836486816, 105.470939636, 227.639587402, 451.377960205, 331.798339844, 885.96661377, 259.282409668, 96.0930633545, 44.4239616394, 16.1225776672, 6.28361368179, 0.963108956814, 0.303431093693, 0.146777749062, 0.143654331565, 0.198130592704, 0.245312541723, 0.0376281179488, 0.0286028422415, 0.00487217353657, 0.00125899165869, 0.00178893376142, 3.03234573948e-05, 1.70677117239e-06, 1.1747819384e-09], "max": [2.60447859764, 53.0111045837, 148.920135498, 195.781600952, 423.968597412, 141.520523071, 478.857727051, 449.441162109, 1404.49951172, 522.767700195, 1402.0501709, 473.671203613, 854.127990723, 381.974945068, 169.347946167, 143.268356323, 77.3950424194, 142.826248169, 320.115447998, 406.774902344, 370.655273438, 220.513061523, 224.592926025, 131.68586731, 73.2578353882, 31.3907871246, 16.6796665192, 10.6152973175, 6.07623004913, 9.54387569427, 9.54945373535, 9.31338500977, 3.46875309944, 2.96623730659, 2.27753686905, 0.528520345688, 0.721409142017, 0.0835989415646, 0.0494628623128, 0.000729345309082], "mean": [0.0443242825568, 1.18829989433, 4.79183197021, 8.46407604218, 10.8953428268, 14.5600795746, 25.8634433746, 23.717206955, 40.7354011536, 30.4236049652, 32.7615470886, 17.9512634277, 26.2587089539, 12.6634607315, 8.03593826294, 8.19057846069, 8.06118297577, 10.8407230377, 13.2169952393, 13.3937091827, 13.362704277, 10.143781662, 6.930580616, 4.32374286652, 2.77397251129, 1.82279729843, 0.818762540817, 0.39661616087, 0.241935878992, 0.188354238868, 0.11362516135, 0.0758067891002, 0.0477008968592, 0.0374620221555, 0.0172978732735, 0.00631676195189, 0.00534295011312, 0.000883688277099, 0.000211261023651, 3.52139941242e-05], "median": [0.0152850551531, 0.419113516808, 1.78871774673, 3.86035346985, 4.5257396698, 9.28854942322, 14.2244930267, 11.779958725, 16.9212799072, 13.4633846283, 10.1593599319, 9.26774787903, 7.78483057022, 5.40641307831, 4.01680755615, 4.24313640594, 5.06892681122, 5.43528318405, 7.32017183304, 8.16073799133, 7.35207748413, 5.64210176468, 3.77737951279, 2.37178230286, 1.44518899918, 0.920703053474, 0.43760317564, 0.210889548063, 0.12859198451, 0.0692438036203, 0.0451312437654, 0.0259205959737, 0.0140245649964, 0.00636571086943, 0.0026357464958, 0.00094077718677, 0.000221106543904, 3.67571992683e-05, 1.34713081934e-05, 2.31397207244e-05], "min": [5.07283126663e-23, 5.38757212655e-22, 2.8673543446e-21, 2.9771395488e-21, 1.33299412543e-20, 4.01413529113e-20, 3.47876525788e-20, 7.07454232198e-20, 9.42138684417e-20, 2.30768424103e-19, 2.92726345784e-19, 4.19515762896e-19, 4.89203403058e-19, 7.18004300526e-19, 1.00957559198e-18, 8.50326883851e-19, 1.46113369517e-18, 2.03513831046e-18, 2.43839423575e-18, 3.14578110443e-18, 3.55330693604e-18, 4.2182381394e-18, 5.50392082958e-18, 3.9047768055e-18, 6.91904901383e-18, 8.22173853741e-18, 9.29280094587e-18, 8.77101376111e-18, 9.88483809851e-18, 1.06377759424e-17, 1.05377201755e-17, 9.82916139866e-18, 1.00524894107e-17, 8.70059752992e-18, 6.70090659705e-18, 3.68327438107e-18, 2.38908517226e-18, 9.35538481063e-19, 2.38765373621e-19, 2.64820790665e-20], "var": [0.0189938284457, 10.0539159775, 90.0217514038, 183.011276245, 309.723388672, 291.379577637, 1320.34191895, 1242.35229492, 8609.93359375, 2469.53100586, 7077.89892578, 716.778869629, 3202.69018555, 761.604797363, 141.334884644, 125.572120667, 85.5983963013, 214.041137695, 363.823455811, 307.981231689, 449.391906738, 200.961349487, 109.898109436, 47.8648910522, 16.9064559937, 7.38170146942, 1.32306802273, 0.443050175905, 0.156458735466, 0.204304859042, 0.101975768805, 0.117757886648, 0.0242844447494, 0.0215498674661, 0.00603708159178, 0.000656167860143, 0.00119699817151, 2.37076073972e-05, 2.83358690467e-06, 1.99589078598e-09]}, "gfcc": {"mean": [-96.7708511353, 155.478591919, -119.424865723, 23.5799674988, -41.5715904236, -9.5930480957, -38.3460655212, 0.128374129534, -13.703546524, -5.39668512344, -11.298374176, -9.36082935333, -6.45249605179], "cov": [[42558.5273438, 4781.31982422, -4623.95947266, 946.066467285, -1224.95202637, -395.92489624, -1226.1685791, 168.290039062, -447.620361328, -207.857543945, -424.845855713, -268.588409424, -112.919174194], [4781.31982422, 1267.41882324, -675.174804688, 156.087081909, -137.534820557, -69.4270324707, -111.344650269, -50.8723144531, 15.7498283386, -79.9006881714, 4.47741317749, -119.004852295, 20.8739585876], [-4623.95947266, -675.174804688, 939.010314941, -47.4223518372, 217.447021484, 117.448814392, 156.733398438, 10.7569303513, 39.6416091919, 44.3682136536, 19.0446453094, 42.1910400391, -42.8306884766], [946.066467285, 156.087081909, -47.4223518372, 166.622528076, 32.6854743958, 30.1629123688, -9.02376842499, 5.09636735916, 10.9893789291, -17.5538673401, -1.09059846401, -22.6274967194, -5.45291996002], [-1224.95202637, -137.534820557, 217.447021484, 32.6854743958, 144.667724609, 55.4764595032, 73.1982116699, 0.456157624722, 25.611000061, -3.08788871765, 11.6334543228, -1.58232760429, -2.2586607933], [-395.92489624, -69.4270324707, 117.448814392, 30.1629123688, 55.4764595032, 83.3049850464, 41.9600028992, 15.9002561569, 6.38743066788, 1.76877963543, -2.77752900124, 2.51284432411, -10.6194467545], [-1226.1685791, -111.344650269, 156.733398438, -9.02376842499, 73.1982116699, 41.9600028992, 121.973442078, 24.153673172, 37.6922149658, -1.42325639725, 15.8956823349, -0.363779962063, 7.95129299164], [168.290039062, -50.8723144531, 10.7569303513, 5.09636735916, 0.456157624722, 15.9002561569, 24.153673172, 65.4347305298, 16.5800800323, 12.218911171, -10.080868721, 10.395778656, -1.29457306862], [-447.620361328, 15.7498283386, 39.6416091919, 10.9893789291, 25.611000061, 6.38743066788, 37.6922149658, 16.5800800323, 64.7072219849, 15.869805336, 23.4413204193, -4.71722698212, 7.88390493393], [-207.857543945, -79.9006881714, 44.3682136536, -17.5538673401, -3.08788871765, 1.76877963543, -1.42325639725, 12.218911171, 15.869805336, 57.3001594543, 19.0314025879, 18.6329288483, -7.27887487411], [-424.845855713, 4.47741317749, 19.0446453094, -1.09059846401, 11.6334543228, -2.77752900124, 15.8956823349, -10.080868721, 23.4413204193, 19.0314025879, 53.5249290466, 16.9298229218, 13.0737438202], [-268.588409424, -119.004852295, 42.1910400391, -22.6274967194, -1.58232760429, 2.51284432411, -0.363779962063, 10.395778656, -4.71722698212, 18.6329288483, 16.9298229218, 56.3039016724, 13.7362890244], [-112.919174194, 20.8739585876, -42.8306884766, -5.45291996002, -2.2586607933, -10.6194467545, 7.95129299164, -1.29457306862, 7.88390493393, -7.27887487411, 13.0737438202, 13.7362890244, 48.1214561462]], "icov": [[0.000129177074996, -0.00033606713987, 0.000347964843968, -0.000419537042035, 2.86779413727e-05, -8.9227432909e-06, 0.000326933717588, -0.000603857566603, 0.000547388859559, -0.000394367176341, 0.000662589038257, -0.00054530648049, 0.000466488068923], [-0.00033606713987, 0.00288139260374, 9.46341824601e-05, 5.21712463524e-05, 0.000901307270397, -0.000522247632034, -0.000241309637204, 0.00225576641969, -0.0027562987525, 0.00264042848721, -0.00343362125568, 0.00433031143621, -0.00137299252674], [0.000347964843968, 9.46341824601e-05, 0.00375410029665, -0.000724105222616, -0.00208934163675, -0.0011832001619, -0.000235610525124, -7.00694217812e-05, 0.000311448413413, -0.00139795907307, 0.00205708527938, -0.00222911103629, 0.00352758006193], [-0.000419537042035, 5.21712463524e-05, -0.000724105222616, 0.0106680095196, -0.00392293464392, -0.00361998775043, 0.00282184965909, -0.000752327556256, -0.00295477756299, 0.00354831968434, -0.00394611433148, 0.00308258878067, -0.000699250376783], [2.86779413727e-05, 0.000901307270397, -0.00208934163675, -0.00392293464392, 0.0165809430182, -0.00421668961644, -0.00479853479192, 0.00374559592456, -0.00230756308883, 0.00204140227288, -0.000764242722653, 0.00168258149642, -0.00147229188588], [-8.9227432909e-06, -0.000522247632034, -0.0011832001619, -0.00361998775043, -0.00421668961644, 0.0207098349929, -0.00505614187568, -0.00269388826564, 0.00360988872126, -0.0018724813126, 0.00254062749445, -0.00290068401955, 0.00314069725573], [0.000326933717588, -0.000241309637204, -0.000235610525124, 0.00282184965909, -0.00479853479192, -0.00505614187568, 0.0202924218029, -0.0089028198272, -0.00404361123219, 0.00533572211862, -0.00505875609815, 0.00420550443232, -0.00230815005489], [-0.000603857566603, 0.00225576641969, -7.00694217812e-05, -0.000752327556256, 0.00374559592456, -0.00269388826564, -0.0089028198272, 0.0286846868694, -0.0112067610025, -0.00366899068467, 0.0104235336185, -0.00622991938144, -0.000491533603054], [0.000547388859559, -0.0027562987525, 0.000311448413413, -0.00295477756299, -0.00230756308883, 0.00360988872126, -0.00404361123219, -0.0112067610025, 0.0318836942315, -0.00957595184445, -0.00757582159713, 0.00599466031417, -0.00284759211354], [-0.000394367176341, 0.00264042848721, -0.00139795907307, 0.00354831968434, 0.00204140227288, -0.0018724813126, 0.00533572211862, -0.00366899068467, -0.00957595184445, 0.0314524248242, -0.0136063443497, -0.00162492506206, 0.00627612462267], [0.000662589038257, -0.00343362125568, 0.00205708527938, -0.00394611433148, -0.000764242722653, 0.00254062749445, -0.00505875609815, 0.0104235336185, -0.00757582159713, -0.0136063443497, 0.0411200672388, -0.017593242228, -0.000897453865036], [-0.00054530648049, 0.00433031143621, -0.00222911103629, 0.00308258878067, 0.00168258149642, -0.00290068401955, 0.00420550443232, -0.00622991938144, 0.00599466031417, -0.00162492506206, -0.017593242228, 0.0382170118392, -0.013573538512], [0.000466488068923, -0.00137299252674, 0.00352758006193, -0.000699250376783, -0.00147229188588, 0.00314069725573, -0.00230815005489, -0.000491533603054, -0.00284759211354, 0.00627612462267, -0.000897453865036, -0.013573538512, 0.0320578590035]]}, "melbands": {"dmean": [0.000318013509968, 0.000839385495055, 0.000484563002829, 0.000406435952755, 0.000392485933844, 0.000214455969399, 0.000284809648292, 0.000135530906846, 0.000100620753074, 5.07800286869e-05, 4.87649122078e-05, 2.85754613287e-05, 1.41176624311e-05, 1.88620688277e-05, 8.93858941708e-06, 1.01958157757e-05, 1.08749891297e-05, 1.30078169605e-05, 9.41499729379e-06, 8.29145483294e-06, 9.97362712951e-06, 5.35097569809e-06, 4.95239464726e-06, 2.80650715467e-06, 1.66308814187e-06, 1.26305076265e-06, 7.72074827182e-07, 5.03810326791e-07, 2.73119439953e-07, 1.28520753151e-07, 9.98677833763e-08, 6.90341011023e-08, 5.67751001768e-08, 4.93737637441e-08, 4.82912945188e-08, 2.2941106792e-08, 3.7079420423e-08, 2.32970673864e-08, 2.03032808344e-08, 1.92455953396e-08], "dmean2": [0.000448385195341, 0.00116504810285, 0.00061985332286, 0.00064014462987, 0.000609030947089, 0.000305489869788, 0.000405946106184, 0.000188928432181, 0.000151911604917, 6.77971838741e-05, 6.72454334563e-05, 4.41797419626e-05, 2.18546447286e-05, 3.01762902382e-05, 1.44612513395e-05, 1.70419807546e-05, 1.79895469046e-05, 2.22582948481e-05, 1.55961588462e-05, 1.36203962029e-05, 1.69563154486e-05, 8.799130228e-06, 8.06215302873e-06, 4.55043164038e-06, 2.66474194177e-06, 2.02795536097e-06, 1.23557879306e-06, 8.17403929432e-07, 4.352959877e-07, 2.00894305635e-07, 1.59567150604e-07, 1.10026910249e-07, 8.47019663297e-08, 7.57622657943e-08, 7.42541672594e-08, 3.60303289426e-08, 6.19855597961e-08, 3.60924552467e-08, 3.21444098006e-08, 2.93380733041e-08], "dvar": [2.4739113087e-06, 8.28012707643e-06, 1.78207596946e-06, 4.51280328662e-07, 6.14652890363e-07, 1.40766232448e-07, 3.91255866816e-07, 7.94260799353e-08, 6.72321291972e-08, 8.53297610348e-09, 1.01835260224e-08, 3.88201160106e-09, 7.9746315107e-10, 1.54962520593e-09, 1.75980258144e-10, 2.34583075187e-10, 3.13606002278e-10, 6.66141974914e-10, 2.21251614252e-10, 1.93282001515e-10, 4.87380691361e-10, 1.08145763178e-10, 1.0638188247e-10, 2.59964879484e-11, 1.47877248641e-11, 1.09368521184e-11, 2.21317712421e-12, 9.38380666574e-13, 2.78580164579e-13, 7.89276006748e-14, 5.85723960653e-14, 2.91697242261e-14, 2.69330049799e-14, 2.77607645395e-14, 5.33567974688e-14, 5.6448126372e-15, 1.03853279871e-13, 1.29181316658e-14, 1.06015380597e-14, 7.24512850159e-15], "dvar2": [5.27461770616e-06, 1.88476187759e-05, 3.7037225411e-06, 1.17098807095e-06, 1.84192504094e-06, 3.07032991032e-07, 6.65310324166e-07, 1.52320339453e-07, 1.57856675287e-07, 1.3582447167e-08, 1.68748321983e-08, 8.26598256509e-09, 1.78800407813e-09, 4.05516731306e-09, 4.48739018166e-10, 6.35161423457e-10, 8.08715483469e-10, 1.85787230045e-09, 5.62898949674e-10, 4.70137317965e-10, 1.38722089371e-09, 2.91161733612e-10, 2.68807892612e-10, 6.08987443806e-11, 3.58839104264e-11, 2.70335004382e-11, 5.32995652822e-12, 2.42229587083e-12, 7.01945554633e-13, 1.70843170882e-13, 1.44886666141e-13, 7.61236099113e-14, 4.69191065123e-14, 5.46827902783e-14, 1.27515700906e-13, 1.51176407547e-14, 2.38418442974e-13, 2.97133296429e-14, 2.38187053902e-14, 1.74392733598e-14], "max": [0.0353598892689, 0.0602355338633, 0.0363587848842, 0.0171775836498, 0.0142185231671, 0.00931299291551, 0.0215148553252, 0.00992049649358, 0.00917342957109, 0.00453619519249, 0.00435024499893, 0.00220328057185, 0.000808613141999, 0.000732831191272, 0.00020644372853, 0.000230717341765, 0.000309256720357, 0.000718341208994, 0.000340715399943, 0.00039110952639, 0.000472071988042, 0.000202795767109, 0.000274420017377, 0.000117827701615, 0.000120902972412, 0.000119759126392, 3.71361493308e-05, 1.74695505848e-05, 1.41613982123e-05, 6.96728102412e-06, 7.9880192061e-06, 5.37556161362e-06, 7.51365269025e-06, 6.68815255267e-06, 7.95364576334e-06, 1.60485785727e-06, 9.52824848355e-06, 3.12483552989e-06, 3.32526860802e-06, 1.79171900072e-06], "mean": [0.000780760135967, 0.00230307201855, 0.0015851452481, 0.000869829964358, 0.000892399635632, 0.000520714558661, 0.000614339660387, 0.000346108485246, 0.000229327677516, 0.000125356513308, 0.000136654780363, 5.84728149988e-05, 2.43504800892e-05, 3.01071850117e-05, 1.7313646822e-05, 1.85748667718e-05, 1.97262997972e-05, 2.22152175411e-05, 1.79413382284e-05, 1.46585434777e-05, 1.55006473506e-05, 9.74852900981e-06, 9.03635918803e-06, 5.19990999237e-06, 3.28653618453e-06, 2.46241279456e-06, 1.65761946391e-06, 1.05501442249e-06, 5.92188712289e-07, 2.78178220015e-07, 2.10666314615e-07, 1.44009518976e-07, 1.13869020879e-07, 9.69805142859e-08, 7.11610397275e-08, 3.94755197419e-08, 5.16957214813e-08, 3.55372229421e-08, 3.04190947986e-08, 3.11621839444e-08], "median": [0.00025280835689, 0.000907629728317, 0.000790890073404, 0.000517281529028, 0.000509134901222, 0.000255940947682, 0.000260980334133, 0.00013578121434, 7.83957220847e-05, 5.0139547966e-05, 3.85664243368e-05, 2.14100527955e-05, 1.06601255538e-05, 1.23484842334e-05, 9.6187559393e-06, 1.0866170669e-05, 9.84999223874e-06, 1.11095705506e-05, 1.09845241241e-05, 8.42167355586e-06, 8.02103568276e-06, 5.33490219823e-06, 4.28355133408e-06, 2.72776378551e-06, 1.75856621354e-06, 1.18420894069e-06, 8.19192507606e-07, 5.38312690423e-07, 3.07335994876e-07, 1.41812989796e-07, 1.06822369617e-07, 7.55109823558e-08, 4.88129785481e-08, 3.20080957295e-08, 2.51062193257e-08, 1.99655367794e-08, 1.3023534251e-08, 9.82090142543e-09, 6.80854395085e-09, 4.54514292869e-09], "min": [7.0464211498e-25, 1.39112110205e-24, 5.29437784259e-25, 1.73736161968e-24, 1.66861219457e-24, 1.66372421519e-24, 1.32016838843e-24, 2.76781492421e-24, 2.30637014606e-24, 2.35765675452e-24, 2.30981569328e-24, 2.59037703245e-24, 2.46574371474e-24, 2.50902614603e-24, 2.80593682467e-24, 2.77460326952e-24, 3.55065741237e-24, 2.95982938779e-24, 4.12754310932e-24, 3.82796489752e-24, 3.15862647742e-24, 3.2448144617e-24, 4.01335352114e-24, 4.43133147177e-24, 1.94762815523e-24, 4.11161403549e-24, 4.48132987037e-24, 4.95636889129e-24, 4.58645978549e-24, 5.11141989664e-24, 4.76043516953e-24, 4.5243744601e-24, 5.95513030061e-24, 5.77311287407e-24, 5.17398484947e-24, 5.12690957495e-24, 4.86293305023e-24, 6.32065412864e-24, 6.4915044402e-24, 6.6993546948e-24], "var": [5.01982867718e-06, 2.11288570426e-05, 5.46419323655e-06, 1.11864005703e-06, 1.41556358813e-06, 5.9153563825e-07, 1.96213272829e-06, 4.46278193067e-07, 3.07268550159e-07, 5.0784347394e-08, 9.21899072637e-08, 2.1631018754e-08, 1.84635062794e-09, 2.81993051132e-09, 5.25363919035e-10, 5.0519322059e-10, 7.27319982019e-10, 1.43719502965e-09, 4.96540975004e-10, 3.93316379466e-10, 6.68016142402e-10, 1.96412067166e-10, 2.11527698135e-10, 5.69757886704e-11, 3.25494735331e-11, 2.05573631035e-11, 5.7746524576e-12, 2.5587639646e-12, 7.44533178599e-13, 2.02119259372e-13, 1.6228216145e-13, 6.76007982773e-14, 7.93878038394e-14, 7.23545775703e-14, 6.28452029457e-14, 6.28197030188e-15, 1.13344019771e-13, 1.86690466146e-14, 1.84918422399e-14, 1.37112619774e-14]}, "mfcc": {"mean": [-715.481811523, 180.386276245, -15.9643259048, 33.0838890076, 9.58816242218, -3.25739216805, -9.05891895294, -2.16789937019, -2.69366812706, 2.26469755173, -2.58376479149, -2.11766719818, -2.21480536461], "cov": [[11719.4023438, 3120.37158203, -817.291564941, 585.838439941, -23.7103652954, -194.259933472, -215.054229736, -27.9644470215, -23.8418083191, 35.7333755493, -72.0642852783, -65.1777877808, -54.5816879272], [3120.37158203, 1667.95849609, -216.621383667, 260.746856689, 57.8336524963, -5.76649522781, -69.2697525024, -4.56040239334, -12.624671936, 40.0184249878, -8.56734848022, -7.06957101822, -48.9795036316], [-817.291564941, -216.621383667, 324.290008545, 18.5926494598, 81.3445587158, 61.5058364868, 50.985458374, 26.3372974396, 19.7958393097, 9.95590019226, 23.1549854279, 5.935734272, 26.9600791931], [585.838439941, 260.746856689, 18.5926494598, 137.632141113, 54.118106842, 24.0652618408, 2.1275396347, 17.3596439362, 8.49477958679, 17.9588871002, 0.0709901452065, 9.37092399597, 1.79421114922], [-23.7103652954, 57.8336524963, 81.3445587158, 54.118106842, 102.737678528, 47.0820503235, 18.8000469208, 16.0626239777, 5.00985622406, 7.60797643661, 5.81767559052, -1.42534792423, 6.31929206848], [-194.259933472, -5.76649522781, 61.5058364868, 24.0652618408, 47.0820503235, 81.2906112671, 34.9530105591, 18.0165252686, 3.58381986618, 11.7064113617, 6.24638032913, 11.4387741089, 1.3591080904], [-215.054229736, -69.2697525024, 50.985458374, 2.1275396347, 18.8000469208, 34.9530105591, 64.4774551392, 30.1365222931, 16.8602523804, 3.95462012291, 7.08506727219, -0.510812044144, 1.70696604252], [-27.9644470215, -4.56040239334, 26.3372974396, 17.3596439362, 16.0626239777, 18.0165252686, 30.1365222931, 64.0278015137, 29.0675926208, 12.9603633881, 2.31234335899, -0.75934022665, -3.65042495728], [-23.8418083191, -12.624671936, 19.7958393097, 8.49477958679, 5.00985622406, 3.58381986618, 16.8602523804, 29.0675926208, 56.659954071, 18.5227394104, 8.47412872314, -2.25399446487, 5.30853176117], [35.7333755493, 40.0184249878, 9.95590019226, 17.9588871002, 7.60797643661, 11.7064113617, 3.95462012291, 12.9603633881, 18.5227394104, 50.8918418884, 15.7153558731, 7.45740890503, -3.31328415871], [-72.0642852783, -8.56734848022, 23.1549854279, 0.0709901452065, 5.81767559052, 6.24638032913, 7.08506727219, 2.31234335899, 8.47412872314, 15.7153558731, 46.5544891357, 12.7679576874, 6.77140522003], [-65.1777877808, -7.06957101822, 5.935734272, 9.37092399597, -1.42534792423, 11.4387741089, -0.510812044144, -0.75934022665, -2.25399446487, 7.45740890503, 12.7679576874, 54.6593742371, 17.0122241974], [-54.5816879272, -48.9795036316, 26.9600791931, 1.79421114922, 6.31929206848, 1.3591080904, 1.70696604252, -3.65042495728, 5.30853176117, -3.31328415871, 6.77140522003, 17.0122241974, 66.0771026611]], "icov": [[0.000217425593291, -0.000294726429274, 0.000304450077238, -0.000533482059836, 0.000133505527629, 0.00031305628363, 5.8966479628e-06, -5.83512119192e-05, 6.10418419456e-06, 6.83786274749e-05, 8.95920675248e-06, 0.000280732609099, -0.000241438028752], [-0.000294726429274, 0.00148452736903, 0.000365832005627, -0.00137155561242, -0.000391568115447, -0.000521167996339, 0.000682268524542, 0.000181450101081, 0.000161824544193, -0.000363156024832, -0.000390598375816, 4.78006113553e-05, 0.000782005896326], [0.000304450077238, 0.000365832005627, 0.00548975681886, -0.00144655595068, -0.0029877256602, -0.000625537824817, -0.00137729977723, 3.82235266443e-05, -0.000418034556787, 1.99728747248e-05, -0.00149089458864, 0.000859261141159, -0.00137550418731], [-0.000533482059836, -0.00137155561242, -0.00144655595068, 0.0155507670715, -0.00591284083202, -0.00046736135846, 0.000236213731114, -0.00181833154056, -0.000675232324284, -0.00229057343677, 0.00238944054581, -0.00361450877972, -0.000195728280232], [0.000133505527629, -0.000391568115447, -0.0029877256602, -0.00591284083202, 0.0190543718636, -0.00796323362738, 0.00183242524508, -0.00120138796046, 0.000846613023896, 0.00146360881627, -0.00150072807446, 0.00426689395681, -0.00151197006926], [0.00031305628363, -0.000521167996339, -0.000625537824817, -0.00046736135846, -0.00796323362738, 0.0236775875092, -0.010422648862, -2.85861915472e-05, 0.00330051523633, -0.00397147703916, 0.00203057820909, -0.00500735500827, 0.0012992231641], [5.8966479628e-06, 0.000682268524542, -0.00137729977723, 0.000236213731114, 0.00183242524508, -0.010422648862, 0.0277182944119, -0.0092494674027, -0.00300735607743, 0.00364814745262, -0.00318701006472, 0.00270765437745, -6.77416683175e-05], [-5.83512119192e-05, 0.000181450101081, 3.82235266443e-05, -0.00181833154056, -0.00120138796046, -2.85861915472e-05, -0.0092494674027, 0.0257817301899, -0.0101452665403, -0.00191406463273, 0.00261414260603, -0.00107778329402, 0.00262748613022], [6.10418419456e-06, 0.000161824544193, -0.000418034556787, -0.000675232324284, 0.000846613023896, 0.00330051523633, -0.00300735607743, -0.0101452665403, 0.0270387418568, -0.00778866605833, -0.00196849717759, 0.00306882127188, -0.00346891535446], [6.83786274749e-05, -0.000363156024832, 1.99728747248e-05, -0.00229057343677, 0.00146360881627, -0.00397147703916, 0.00364814745262, -0.00191406463273, -0.00778866605833, 0.0272787827998, -0.00778600620106, -0.00180607615039, 0.00283951498568], [8.95920675248e-06, -0.000390598375816, -0.00149089458864, 0.00238944054581, -0.00150072807446, 0.00203057820909, -0.00318701006472, 0.00261414260603, -0.00196849717759, -0.00778600620106, 0.0271471254528, -0.005816900637, -0.000926817476284], [0.000280732609099, 4.78006113553e-05, 0.000859261141159, -0.00361450877972, 0.00426689395681, -0.00500735500827, 0.00270765437745, -0.00107778329402, 0.00306882127188, -0.00180607615039, -0.005816900637, 0.0240400657058, -0.00635004043579], [-0.000241438028752, 0.000782005896326, -0.00137550418731, -0.000195728280232, -0.00151197006926, 0.0012992231641, -6.77416683175e-05, 0.00262748613022, -0.00346891535446, 0.00283951498568, -0.000926817476284, -0.00635004043579, 0.0184963028878]]}, "spectral_contrast_coeffs": {"dmean": [0.0376518890262, 0.0389224775136, 0.0306694004685, 0.0259418766946, 0.018160007894, 0.0112216249108], "dmean2": [0.0618482641876, 0.0623449794948, 0.0496288724244, 0.0437217131257, 0.0309914555401, 0.018772687763], "dvar": [0.00108037772588, 0.00101962825283, 0.000610829214565, 0.000394288741518, 0.000220525209443, 9.4503739092e-05], "dvar2": [0.00290521909483, 0.00257589528337, 0.00156170956325, 0.00113052036613, 0.000604325265158, 0.000249743490713], "max": [-0.354130864143, -0.464192777872, -0.478436768055, -0.623787939548, -0.670299649239, -0.683223664761], "mean": [-0.609164834023, -0.707684755325, -0.74943625927, -0.781640827656, -0.787988126278, -0.780810475349], "median": [-0.601109147072, -0.704114973545, -0.748951911926, -0.777581095695, -0.782851219177, -0.776849508286], "min": [-0.985385298729, -0.977562010288, -0.983261704445, -0.973540127277, -0.967433691025, -0.965078353882], "var": [0.00897777173668, 0.00562288472429, 0.00480498140678, 0.00263789878227, 0.00222788192332, 0.00179903081153]}, "spectral_contrast_valleys": {"dmean": [0.300889700651, 0.273736476898, 0.257154792547, 0.223146483302, 0.189633801579, 0.178704842925], "dmean2": [0.486943155527, 0.440039694309, 0.421089082956, 0.354487746954, 0.273267358541, 0.244800105691], "dvar": [0.103294990957, 0.085082501173, 0.0803216099739, 0.0719586610794, 0.0765757411718, 0.0877070650458], "dvar2":