{"lowlevel": {"average_loudness": 0.953523337841, "barkbands_crest": {"dmean": 3.19814777374, "dmean2": 5.05266714096, "dvar": 9.92723178864, "dvar2": 21.2972736359, "max": 26.9113941193, "mean": 12.7716007233, "median": 11.8217353821, "min": 2.41859674454, "var": 27.4482498169}, "barkbands_flatness_db": {"dmean": 0.0381981804967, "dmean2": 0.0558698810637, "dvar": 0.00146928953473, "dvar2": 0.00289564044215, "max": 0.595752418041, "mean": 0.180565789342, "median": 0.163311332464, "min": 0.0202917065471, "var": 0.00832839123905}, "barkbands_kurtosis": {"dmean": 15.3163261414, "dmean2": 23.0005664825, "dvar": 2292.59765625, "dvar2": 3858.56811523, "max": 2195.84692383, "mean": 23.500749588, "median": 9.62126255035, "min": -1.94823133945, "var": 4487.734375}, "barkbands_skewness": {"dmean": 1.22857928276, "dmean2": 1.79944562912, "dvar": 2.39390897751, "dvar2": 4.30207061768, "max": 44.4384651184, "mean": 3.29638910294, "median": 2.79598116875, "min": -4.49785423279, "var": 7.94663190842}, "barkbands_spread": {"dmean": 9.67157173157, "dmean2": 14.8700218201, "dvar": 177.513320923, "dvar2": 389.985229492, "max": 123.841468811, "mean": 19.8453102112, "median": 12.9923686981, "min": 0.181210711598, "var": 396.590423584}, "dissonance": {"dmean": 0.0197358094156, "dmean2": 0.0327676571906, "dvar": 0.000500861438923, "dvar2": 0.00127014855389, "max": 0.500000119209, "mean": 0.46450778842, "median": 0.474537134171, "min": 0.174261704087, "var": 0.00111417553853}, "dynamic_complexity": 3.48111891747, "erbbands_crest": {"dmean": 2.85572004318, "dmean2": 4.60556411743, "dvar": 8.15637207031, "dvar2": 19.335729599, "max": 33.4327926636, "mean": 9.35912036896, "median": 8.26095867157, "min": 2.3305208683, "var": 23.1583194733}, "erbbands_flatness_db": {"dmean": 0.024664549157, "dmean2": 0.0365234650671, "dvar": 0.000728588493075, "dvar2": 0.00146758416668, "max": 0.487710893154, "mean": 0.133599609137, "median": 0.116223976016, "min": 0.0346262715757, "var": 0.00487016187981}, "erbbands_kurtosis": {"dmean": 1.87658381462, "dmean2": 2.96085643768, "dvar": 12.3222723007, "dvar2": 28.682762146, "max": 71.5877990723, "mean": 1.61918079853, "median": 0.0101065635681, "min": -1.83873009682, "var": 25.1091117859}, "erbbands_skewness": {"dmean": 0.55259180069, "dmean2": 0.824717819691, "dvar": 0.326482027769, "dvar2": 0.680082321167, "max": 7.28703975677, "mean": 0.696267426014, "median": 0.588895201683, "min": -4.78239202499, "var": 1.34796369076}, "erbbands_spread": {"dmean": 16.4476261139, "dmean2": 24.5221061707, "dvar": 319.382080078, "dvar2": 677.124145508, "max": 186.186050415, "mean": 56.4023628235, "median": 51.9305839539, "min": 1.13658690453, "var": 1059.26855469}, "hfc": {"dmean": 12.4944381714, "dmean2": 17.5808200836, "dvar": 548.763061523, "dvar2": 977.25201416, "max": 504.435211182, "mean": 23.8885498047, "median": 10.6934785843, "min": 7.44748013259e-12, "var": 2002.74267578}, "melbands_crest": {"dmean": 3.86233210564, "dmean2": 6.14653253555, "dvar": 12.42973423, "dvar2": 28.7878322601, "max": 36.533405304, "mean": 18.492773056, "median": 18.0912303925, "min": 2.82720017433, "var": 37.4166717529}, "melbands_flatness_db": {"dmean": 0.0459209382534, "dmean2": 0.0663589015603, "dvar": 0.00212335912511, "dvar2": 0.00413471041247, "max": 0.768201172352, "mean": 0.275362193584, "median": 0.261570751667, "min": 0.0126219550148, "var": 0.0129717634991}, "melbands_kurtosis": {"dmean": 33.3442993164, "dmean2": 50.6657485962, "dvar": 2824.26171875, "dvar2": 5944.94726562, "max": 953.261474609, "mean": 61.3398361206, "median": 32.5887641907, "min": -1.89813184738, "var": 7467.66650391}, "melbands_skewness": {"dmean": 1.62173509598, "dmean2": 2.43508768082, "dvar": 3.02673649788, "dvar2": 6.24063491821, "max": 22.5075263977, "mean": 5.25664186478, "median": 4.65612125397, "min": -1.6934068203, "var": 11.516576767}, "melbands_spread": {"dmean": 7.84274053574, "dmean2": 12.0451631546, "dvar": 235.695205688, "dvar2": 470.898620605, "max": 294.779296875, "mean": 15.3708190918, "median": 7.67352247238, "min": 0.261216014624, "var": 610.239196777}, "pitch_salience": {"dmean": 0.0978418290615, "dmean2": 0.153732866049, "dvar": 0.00948427338153, "dvar2": 0.0207081828266, "max": 0.923541069031, "mean": 0.500483512878, "median": 0.523332357407, "min": 0.0226174779236, "var": 0.0272538177669}, "silence_rate_20dB": {"dmean": 0, "dmean2": 0, "dvar": 0, "dvar2": 0, "max": 1, "mean": 1, "median": 1, "min": 1, "var": 0}, "silence_rate_30dB": {"dmean": 0.0608820691705, "dmean2": 0.12177143991, "dvar": 0.0571804009378, "dvar2": 0.128376945853, "max": 1, "mean": 0.935106933117, "median": 1, "min": 0, "var": 0.0606829337776}, "silence_rate_60dB": {"dmean": 0.035354744643, "dmean2": 0.0706538036466, "dvar": 0.0341038964689, "dvar2": 0.0812526792288, "max": 1, "mean": 0.061357781291, "median": 0, "min": 0, "var": 0.0575977824628}, "spectral_centroid": {"dmean": 317.650543213, "dmean2": 470.934539795, "dvar": 173366.59375, "dvar2": 347733.46875, "max": 5919.85009766, "mean": 974.397216797, "median": 727.688842773, "min": 113.536048889, "var": 624267.875}, "spectral_complexity": {"dmean": 4.05632781982, "dmean2": 5.76226997375, "dvar": 31.8441619873, "dvar2": 45.6959266663, "max": 58, "mean": 12.0174369812, "median": 10, "min": 0, "var": 89.2138137817}, "spectral_decrease": {"dmean": 4.80716355611e-09, "dmean2": 7.41355776768e-09, "dvar": 5.24520222591e-17, "dvar2": 1.2450795372e-16, "max": 1.48304808885e-23, "mean": -9.80749437218e-09, "median": -6.91998991442e-09, "min": -7.31629157258e-08, "var": 9.62310227083e-17}, "spectral_energy": {"dmean": 0.0187508855015, "dmean2": 0.0288484916091, "dvar": 0.000789468525909, "dvar2": 0.00185304414481, "max": 0.2813590765, "mean": 0.0391826666892, "median": 0.0277098529041, "min": 6.19535197154e-16, "var": 0.00147940753959}, "spectral_energyband_high": {"dmean": 0.00103042891715, "dmean2": 0.00145926442929, "dvar": 5.35144454261e-06, "dvar2": 9.40168229135e-06, "max": 0.0594501644373, "mean": 0.00163968792185, "median": 0.000339311227435, "min": 4.4881750658e-16, "var": 2.19298872253e-05}, "spectral_energyband_low": {"dmean": 0.0141220046207, "dmean2": 0.0214337222278, "dvar": 0.000545564806089, "dvar2": 0.00125872937497, "max": 0.230465680361, "mean": 0.0235247537494, "median": 0.013177449815, "min": 7.79082210603e-18, "var": 0.000915334036108}, "spectral_energyband_middle_high": {"dmean": 0.00126682862174, "dmean2": 0.00171219033655, "dvar": 6.2237900238e-06, "dvar2": 1.08786980491e-05, "max": 0.0572165772319, "mean": 0.00254382146522, "median": 0.000804460782092, "min": 6.86186552178e-17, "var": 1.82682870218e-05}, "spectral_energyband_middle_low": {"dmean": 0.00898794922978, "dmean2": 0.0152340354398, "dvar": 0.000240946828853, "dvar2": 0.000654671981465, "max": 0.179780170321, "mean": 0.0161290988326, "median": 0.00989479012787, "min": 1.12580803381e-17, "var": 0.000344851170667}, "spectral_entropy": {"dmean": 0.323637008667, "dmean2": 0.472500234842, "dvar": 0.120876409113, "dvar2": 0.235140785575, "max": 9.01178073883, "mean": 7.42759466171, "median": 7.59206342697, "min": 3.70177483559, "var": 0.699534475803}, "spectral_flux": {"dmean": 0.0435332097113, "dmean2": 0.0690615996718, "dvar": 0.00281212711707, "dvar2": 0.00590412784368, "max": 0.485689550638, "mean": 0.0986436977983, "median": 0.0785586982965, "min": 3.90429113395e-06, "var": 0.00507290568203}, "spectral_kurtosis": {"dmean": 4.07733869553, "dmean2": 6.43681526184, "dvar": 194.572387695, "dvar2": 498.924926758, "max": 437.338287354, "mean": 9.12827205658, "median": 3.03528213501, "min": -1.23580372334, "var": 754.79901123}, "spectral_rms": {"dmean": 0.00141267408617, "dmean2": 0.00208744686097, "dvar": 2.92690492643e-06, "dvar2": 6.21093522568e-06, "max": 0.0165679398924, "mean": 0.00548956310377, "median": 0.00519942305982, "min": 7.7744749527e-10, "var": 8.09163520898e-06}, "spectral_rolloff": {"dmean": 741.734313965, "dmean2": 1279.97912598, "dvar": 2930828.5, "dvar2": 6785011.5, "max": 19530.6152344, "mean": 1200.62194824, "median": 301.46484375, "min": 43.06640625, "var": 4911460}, "spectral_skewness": {"dmean": 0.401617646217, "dmean2": 0.599461376667, "dvar": 0.453534841537, "dvar2": 1.124822855, "max": 16.4760627747, "mean": 1.9305614233, "median": 1.55536079407, "min": -0.258157730103, "var": 2.41591024399}, "spectral_spread": {"dmean": 1164129.75, "dmean2": 1663408, "dvar": 1593179373570.0, "dvar2": 3205393285120.0, "max": 20223368, "mean": 6512154.5, "median": 6638257.5, "min": 257806.6875, "var": 7586415378430.0}, "spectral_strongpeak": {"dmean": 0.342880040407, "dmean2": 0.573856770992, "dvar": 0.612693607807, "dvar2": 1.5826895237, "max": 26.4824123383, "mean": 0.635964035988, "median": 0.435391008854, "min": 0, "var": 0.774021089077}, "zerocrossingrate": {"dmean": 0.0184334665537, "dmean2": 0.0213053543121, "dvar": 0.000488756690174, "dvar2": 0.00059039023472, "max": 0.48681640625, "mean": 0.0605345591903, "median": 0.04443359375, "min": 0.00244140625, "var": 0.00312286429107}, "barkbands": {"dmean": [0.00028006840148, 0.00882542785257, 0.00501086562872, 0.00524675706401, 0.00352928834036, 0.000896805897355, 0.000402326259064, 0.00057754223235, 0.000331187329721, 0.000308071699692, 0.000277251034277, 0.000256240105955, 0.000127912353491, 0.000203802468604, 7.72718558437e-05, 0.000200995913474, 0.000154713998199, 0.00012437577243, 9.58110758802e-05, 9.04841799638e-05, 0.000142861361383, 0.000132362445584, 0.000156392314238, 0.000220772853936, 0.00027700298233, 0.000134797024657, 4.17641203967e-05], "dmean2": [0.000400822755182, 0.0120555153117, 0.00868993066251, 0.0092744063586, 0.00607418268919, 0.00143392500468, 0.00065567472484, 0.000945456500631, 0.000519627181347, 0.000455809786217, 0.000440011528553, 0.000397557392716, 0.00019260343106, 0.000307106180117, 0.000121533877973, 0.00031302816933, 0.000244631431997, 0.000196356733795, 0.000138897012221, 0.000136544418638, 0.000218434171984, 0.00019090603746, 0.00023499414965, 0.000317909405567, 0.000393387890654, 0.000191802493646, 6.2078674091e-05], "dvar": [5.00452358665e-07, 0.000283881148789, 0.00014221292804, 0.000102665529994, 5.13778795721e-05, 4.93386596645e-06, 2.42747569246e-06, 9.57490374276e-06, 1.77827041625e-06, 1.10218388727e-06, 8.13640951947e-07, 6.46030912321e-07, 1.18177887032e-07, 2.42316531285e-07, 4.24053006043e-08, 4.07931167956e-07, 1.71328409238e-07, 1.04609277685e-07, 5.28646211251e-08, 3.66615608982e-08, 1.45813856989e-07, 7.68712311583e-08, 7.84819320643e-08, 4.87750583034e-07, 1.02522028556e-06, 8.33420443769e-08, 6.92252255519e-09], "dvar2": [1.01804073438e-06, 0.000468587939395, 0.000401639350457, 0.000293146673357, 0.000138305214932, 1.1812791854e-05, 6.03804392085e-06, 2.49820750469e-05, 4.2236219997e-06, 2.01612238016e-06, 1.90241496512e-06, 1.5247585452e-06, 2.37860660945e-07, 5.35682261216e-07, 8.97221426044e-08, 8.39770336825e-07, 4.52671002904e-07, 2.53353931612e-07, 9.72871205818e-08, 7.79131639206e-08, 3.40577827274e-07, 1.50198061988e-07, 1.59804372402e-07, 9.34102047268e-07, 2.08031292459e-06, 1.66987035755e-07, 1.42754341681e-08], "max": [0.0118938842788, 0.210846215487, 0.160376280546, 0.105324804783, 0.130906268954, 0.0462437234819, 0.057768419385, 0.0678170844913, 0.0389356352389, 0.0484879687428, 0.0330764763057, 0.0282354671508, 0.0140072880313, 0.0081341303885, 0.0108589222655, 0.0126410620287, 0.0118816206232, 0.00548793608323, 0.00418958766386, 0.00490090344101, 0.0121963601559, 0.00934850983322, 0.00642699468881, 0.0232764352113, 0.0314801745117, 0.00712335435674, 0.0014342587674], "mean": [0.000303731998429, 0.0118324169889, 0.00684333173558, 0.00837586447597, 0.00468330504373, 0.00129848637152, 0.000519728579093, 0.00062651548069, 0.000393905182136, 0.000471645587822, 0.00045045564184, 0.00034350604983, 0.000162954122061, 0.000250175507972, 0.000103794343886, 0.000287340459181, 0.000227129567065, 0.000150660649524, 0.00015371304471, 0.000129324238515, 0.000211223290535, 0.000202010793146, 0.000200529582798, 0.000327229354298, 0.000415893737227, 0.000168232611031, 4.9440717703e-05], "median": [4.03427329729e-05, 0.00289529073052, 0.00219355546869, 0.00303763756528, 0.00221964996308, 0.000377797230612, 0.000136560047395, 0.000117926218081, 9.48093511397e-05, 8.79972503753e-05, 6.62277161609e-05, 6.63548416924e-05, 4.1795312427e-05, 6.01254541834e-05, 2.97535552818e-05, 4.41414958914e-05, 2.93282901112e-05, 2.56361527136e-05, 2.67808700301e-05, 3.04035056615e-05, 3.64200932381e-05, 3.74573464796e-05, 4.0424947656e-05, 4.4729502406e-05, 4.01305260311e-05, 2.77169201581e-05, 5.7470374486e-06], "min": [3.20303358335e-18, 4.00231422102e-18, 1.69352243685e-18, 8.60557298571e-19, 3.09016116985e-19, 1.27102360217e-18, 2.108039599e-18, 7.49861765951e-19, 3.56347050423e-18, 8.68757357118e-18, 3.04720826558e-18, 2.87804383325e-18, 5.73251260545e-18, 4.90656573278e-18, 2.36408632658e-18, 8.29474797982e-18, 4.34253153901e-18, 9.99568195495e-18, 1.31085818029e-17, 1.17098268317e-17, 2.35468459174e-17, 3.09476325122e-17, 3.28485531169e-17, 3.65601356865e-17, 8.50732496e-17, 1.01395905366e-16, 1.59085770921e-16], "var": [6.58447447677e-07, 0.000501599977724, 0.000141475989949, 0.000153795132064, 5.33293859917e-05, 7.56617373554e-06, 2.9181883292e-06, 7.75999342295e-06, 1.95725920094e-06, 3.20309322888e-06, 2.05583546631e-06, 1.0070616554e-06, 2.16849585399e-07, 3.48182140897e-07, 6.16918072183e-08, 8.27806843517e-07, 3.90186045252e-07, 1.43877599612e-07, 1.26481310758e-07, 7.17081292123e-08, 4.2259441102e-07, 3.28175929099e-07, 1.73194223407e-07, 1.55123848344e-06, 3.32484319188e-06, 1.89786220517e-07, 1.20300791551e-08]}, "erbbands": {"dmean": [0.327569425106, 1.76752269268, 4.6327958107, 13.2962875366, 13.5043983459, 11.2821245193, 10.7652702332, 6.4212679863, 5.27779388428, 9.88646793365, 10.3027210236, 6.9990067482, 9.06865692139, 10.4713201523, 10.8687410355, 9.62873935699, 5.81195211411, 10.8056497574, 4.87355995178, 6.21782493591, 10.0715675354, 8.34557056427, 6.48795318604, 5.37171363831, 5.04875898361, 4.21461105347, 5.73766803741, 5.29844427109, 4.9422621727, 4.13165998459, 4.69378900528, 3.8024623394, 4.36702442169, 3.37046909332, 1.82791662216, 0.809821367264, 0.194431111217, 0.0409940816462, 0.00719751790166, 0.000472011597594], "dmean2": [0.442212820053, 2.60579109192, 7.9565615654, 23.5770797729, 23.2601642609, 19.3687915802, 17.4354438782, 10.3817205429, 8.42842483521, 16.5200691223, 16.5408973694, 10.9224538803, 13.7310333252, 15.8387985229, 16.6848335266, 14.7751197815, 8.52020072937, 16.5337772369, 6.88374090195, 9.16748332977, 15.5056619644, 13.2084283829, 9.93693161011, 7.61341619492, 7.32300806046, 6.42470979691, 8.74384117126, 8.14311981201, 7.25221824646, 6.07810306549, 6.92737340927, 5.46216535568, 6.27199363708, 4.83956289291, 2.60149526596, 1.16521465778, 0.281407535076, 0.0595350824296, 0.0107641452923, 0.000710444699507], "dvar": [0.50912553072, 10.8365440369, 109.487930298, 742.405090332, 682.485717773, 613.197387695, 1229.8651123, 217.505020142, 386.137420654, 1999.37414551, 2825.1652832, 788.322998047, 869.167541504, 2021.9407959, 1490.00915527, 815.726196289, 223.384002686, 732.307983398, 124.060066223, 345.289581299, 878.706054688, 498.582336426, 286.355804443, 172.758041382, 162.349700928, 70.9015426636, 194.112808228, 248.867614746, 124.957191467, 60.6371192932, 66.9777069092, 65.6559143066, 265.446258545, 206.600616455, 30.3185024261, 3.25888037682, 0.199129849672, 0.00742387073115, 0.000229442157433, 8.04555043032e-07], "dvar2": [0.880398273468, 19.1695842743, 309.93850708, 2121.86132812, 1902.28601074, 1626.60778809, 3156.2746582, 520.030395508, 922.748413086, 5266.83349609, 7303.1328125, 1865.76477051, 1929.81958008, 3616.26977539, 3272.88867188, 1921.33825684, 444.272705078, 1688.34802246, 261.015380859, 702.748168945, 1910.69116211, 1351.20446777, 627.582763672, 295.433746338, 313.557342529, 154.718399048, 450.78918457, 580.792358398, 273.006408691, 116.781532288, 134.225906372, 127.641113281, 516.41217041, 418.749511719, 62.6756820679, 6.6289973259, 0.411609828472, 0.0145677747205, 0.00048411404714, 1.74012404841e-06], "max": [7.64552545547, 41.2555236816, 139.67489624, 288.898773193, 308.713165283, 496.920532227, 923.060974121, 254.227706909, 1000.37188721, 782.858398438, 1130.61218262, 1135.46801758, 711.31036377, 2295.86254883, 1691.37976074, 732.117126465, 605.85949707, 462.623199463, 500.640045166, 477.27041626, 493.737854004, 445.949798584, 325.57925415, 267.089233398, 340.555389404, 188.060531616, 348.195404053, 563.070800781, 379.389251709, 244.741485596, 168.55758667, 240.042816162, 526.325683594, 389.445800781, 193.066467285, 47.2140579224, 11.696762085, 1.71482527256, 0.298006534576, 0.015871854499], "mean": [0.38650688529, 2.51331353188, 6.41351413727, 20.9321079254, 21.3080329895, 14.2374639511, 13.6810331345, 9.36712551117, 7.65162086487, 11.1551761627, 12.0506429672, 8.94970703125, 14.5909719467, 16.4801902771, 17.6174564362, 13.9801425934, 8.11838245392, 13.0870466232, 7.09550857544, 8.88067245483, 15.8862390518, 11.4696397781, 8.59095096588, 8.12879371643, 7.42660665512, 6.07380914688, 7.83561754227, 8.24875926971, 7.54982280731, 5.76860284805, 5.98262119293, 5.2276134491, 6.67561292648, 5.38577795029, 2.46607637405, 0.991264820099, 0.24810603261, 0.0517932660878, 0.0084844538942, 0.00056280894205], "median": [0.0552941188216, 0.751515924931, 2.91430592537, 8.2575969696, 9.34048938751, 5.69054508209, 4.26298284531, 2.59556555748, 1.97471308708, 2.241492033, 2.72909402847, 2.43877768517, 2.82805776596, 2.61507225037, 3.09257555008, 2.92658996582, 2.57851457596, 3.57377576828, 2.35905456543, 2.17402720451, 2.56256556511, 1.71219646931, 1.61479687691, 1.49070191383, 1.38727676868, 1.50183582306, 1.3425577879, 1.5634021759, 1.45383679867, 1.03725147247, 1.26543533802, 0.981964707375, 0.709317862988, 0.457293540239, 0.278889328241, 0.174184694886, 0.0336960591376, 0.00597467087209, 0.000947233580519, 0.000112518609967], "min": [1.59333382475e-16, 7.54483109882e-16, 1.88943150269e-15, 2.69203121912e-15, 2.08493305967e-15, 5.83300609979e-16, 2.62517427332e-15, 1.3456117019e-14, 2.7939557948e-14, 2.72980558514e-14, 1.69599255565e-14, 7.28924028342e-14, 2.2402713636e-13, 2.48992558342e-13, 7.34037125787e-14, 1.56581372217e-13, 2.68542404026e-13, 2.14725562634e-13, 2.32194092512e-13, 2.09990580697e-13, 4.42367713641e-13, 2.55900064593e-13, 4.10614467775e-13, 6.20419622795e-13, 8.42190791932e-13, 4.83280733141e-13, 1.01037548553e-12, 8.90820783025e-13, 8.24130423193e-13, 1.38778019024e-12, 7.37122277279e-13, 6.12557530741e-13, 8.52982886147e-13, 7.56483688625e-13, 5.84075051779e-13, 3.71542450668e-13, 1.71227208844e-13, 8.96345782428e-14, 2.53070337581e-14, 2.12250045319e-15], "var": [0.779801189899, 18.5533275604, 100.202209473, 998.692626953, 854.172607422, 635.692016602, 1241.35583496, 383.062438965, 505.966278076, 1751.01635742, 2534.3840332, 887.436035156, 2287.51879883, 5612.68896484, 3294.20141602, 1541.54931641, 442.586517334, 916.995910645, 207.114547729, 586.01965332, 1840.77111816, 798.816162109, 449.341247559, 366.28427124, 328.539703369, 140.290985107, 431.7940979, 741.433288574, 484.751556396, 199.723342896, 150.453170776, 184.612716675, 886.559692383, 711.514526367, 82.8542404175, 7.18844461441, 0.472841650248, 0.0155901284888, 0.000398622825742, 1.20678737403e-06]}, "gfcc": {"mean": [-21.7127456665, 74.9418640137, -67.3039932251, 30.5951938629, -43.6664886475, 19.5529308319, -34.6345710754, 1.01020598412, -26.8355045319, -3.17881178856, -19.6835460663, -1.40849471092, -11.3201303482], "cov": [[9345.296875, -3109.01538086, 263.944885254, 686.474304199, -262.175109863, 478.346954346, -120.00970459, 527.609680176, -220.530212402, 177.079162598, -159.658538818, 111.048149109, -213.860610962], [-3109.01538086, 3440.18847656, -67.6051483154, -291.784454346, 543.456787109, -294.495483398, 154.120529175, -292.865783691, 180.222595215, -213.538513184, 63.7447853088, -181.180786133, 121.81867218], [263.944885254, -67.6051483154, 1221.35180664, 146.328216553, 67.5342178345, 187.693695068, 30.297203064, -35.8030471802, 1.5527523756, 89.0011901855, -43.4456138611, -13.1256608963, -17.9943733215], [686.474304199, -291.784454346, 146.328216553, 585.497314453, 111.881309509, 185.397232056, 58.2586975098, 63.8714027405, -10.3118057251, 36.0590553284, 2.56946778297, 19.1351394653, 10.4011211395], [-262.175109863, 543.456787109, 67.5342178345, 111.881309509, 537.37097168, 109.608306885, 110.614364624, 16.4880962372, 62.5377006531, -33.6832084656, 17.166217804, -34.6986465454, 22.642408371], [478.346954346, -294.495483398, 187.693695068, 185.397232056, 109.608306885, 342.005615234, 127.668190002, 114.523483276, 31.8075485229, 86.0846939087, 17.2159137726, 82.2469329834, 19.2569026947], [-120.00970459, 154.120529175, 30.297203064, 58.2586975098, 110.614364624, 127.668190002, 214.284851074, 87.8880844116, 67.1331481934, 22.005941391, 29.2244777679, 32.6362533569, 33.2941474915], [527.609680176, -292.865783691, -35.8030471802, 63.8714027405, 16.4880962372, 114.523483276, 87.8880844116, 226.801177979, 69.9238052368, 59.8125190735, 18.4842662811, 51.4550018311, -2.12739443779], [-220.530212402, 180.222595215, 1.5527523756, -10.3118057251, 62.5377006531, 31.8075485229, 67.1331481934, 69.9238052368, 144.12512207, 77.7663879395, 50.0797843933, 10.6134328842, 17.9040718079], [177.079162598, -213.538513184, 89.0011901855, 36.0590553284, -33.6832084656, 86.0846939087, 22.005941391, 59.8125190735, 77.7663879395, 172.385848999, 80.4690246582, 68.9948272705, 5.75879001617], [-159.658538818, 63.7447853088, -43.4456138611, 2.56946778297, 17.166217804, 17.2159137726, 29.2244777679, 18.4842662811, 50.0797843933, 80.4690246582, 132.5234375, 62.7417793274, 31.9180355072], [111.048149109, -181.180786133, -13.1256608963, 19.1351394653, -34.6986465454, 82.2469329834, 32.6362533569, 51.4550018311, 10.6134328842, 68.9948272705, 62.7417793274, 154.576858521, 55.5266799927], [-213.860610962, 121.81867218, -17.9943733215, 10.4011211395, 22.642408371, 19.2569026947, 33.2941474915, -2.12739443779, 17.9040718079, 5.75879001617, 31.9180355072, 55.5266799927, 100.399017334]], "icov": [[0.000186462653801, 8.74798861332e-05, -1.14802487587e-05, -0.000110371533083, -3.84558225051e-05, -4.51676860393e-05, 0.000150532388943, -0.000407613842981, 0.000338814425049, -0.000148672625073, 0.000123033081763, 4.15713730035e-05, 0.000145200450788], [8.74798861332e-05, 0.000732483167667, -8.16386309452e-05, 0.000131823253469, -0.000481275405036, 0.000392032321543, -0.000467092875624, 0.000783387804404, -0.00114903063513, 0.000971432600636, -0.000459705159301, 0.000260034983512, -0.000374344032025], [-1.14802487587e-05, -8.16386309452e-05, 0.00104894221295, -8.73850367498e-05, -3.76234056603e-05, -0.000572936318349, -5.04644049215e-05, 0.000493747065775, 0.000302477186779, -0.00114667951129, 0.000828279531561, 0.0003125568619, -7.12221344656e-06], [-0.000110371533083, 0.000131823253469, -8.73850367498e-05, 0.0023058145307, -0.000415823713411, -0.000912012066692, -0.000116343413538, 2.68041530944e-05, 0.000479420850752, -0.000104917387944, -0.000387216277886, 0.000782038609032, -0.000730624771677], [-3.84558225051e-05, -0.000481275405036, -3.76234056603e-05, -0.000415823713411, 0.00299870711751, -0.00142680411227, -9.60997567745e-05, -6.08242371527e-05, -0.00092545064399, 0.00141201145016, -0.000875126803294, 0.000727872771677, 0.000126037441078], [-4.51676860393e-05, 0.000392032321543, -0.000572936318349, -0.000912012066692, -0.00142680411227, 0.00700207101181, -0.00311785750091, -0.000774409563746, 0.00120891758706, -0.00259418808855, 0.00183823506813, -0.00224783830345, 8.20594414108e-06], [0.000150532388943, -0.000467092875624, -5.04644049215e-05, -0.000116343413538, -9.60997567745e-05, -0.00311785750091, 0.00877707824111, -0.00261576916091, -0.00189974601381, 0.00202783895656, -0.00105184176937, -1.90999107872e-05, -0.000888551818207], [-0.000407613842981, 0.000783387804404, 0.000493747065775, 2.68041530944e-05, -6.08242371527e-05, -0.000774409563746, -0.00261576916091, 0.00971116591245, -0.00606796145439, 0.00179223052692, 0.00048471413902, -0.00215895846486, 0.00152162939776], [0.000338814425049, -0.00114903063513, 0.000302477186779, 0.000479420850752, -0.00092545064399, 0.00120891758706, -0.00189974601381, -0.00606796145439, 0.0184472184628, -0.0105097563937, 0.000332759722369, 0.00412455806509, -0.00247508543544], [-0.000148672625073, 0.000971432600636, -0.00114667951129, -0.000104917387944, 0.00141201145016, -0.00259418808855, 0.00202783895656, 0.00179223052692, -0.0105097563937, 0.0180720631033, -0.00764114037156, -0.00350984325632, 0.00306258257478], [0.000123033081763, -0.000459705159301, 0.000828279531561, -0.000387216277886, -0.000875126803294, 0.00183823506813, -0.00105184176937, 0.00048471413902, 0.000332759722369, -0.00764114037156, 0.0148292286322, -0.00390874175355, -0.000961387588177], [4.15713730035e-05, 0.000260034983512, 0.0003125568619, 0.000782038609032, 0.000727872771677, -0.00224783830345, -1.90999107872e-05, -0.00215895846486, 0.00412455806509, -0.00350984325632, -0.00390874175355, 0.0142016969621, -0.0071703447029], [0.000145200450788, -0.000374344032025, -7.12221344656e-06, -0.000730624771677, 0.000126037441078, 8.20594414108e-06, -0.000888551818207, 0.00152162939776, -0.00247508543544, 0.00306258257478, -0.000961387588177, -0.0071703447029, 0.0156320575625]]}, "melbands": {"dmean": [0.00266449083574, 0.00227474584244, 0.0022461800836, 0.000847083923873, 0.000399731827201, 0.000146490812767, 8.05489544291e-05, 0.000118627518532, 7.94873631094e-05, 4.48430946562e-05, 4.47783168056e-05, 4.13879461121e-05, 3.44613908965e-05, 3.172898505e-05, 1.80657516466e-05, 1.29537420435e-05, 2.26278079936e-05, 8.7157723101e-06, 6.08041364103e-06, 1.49609786604e-05, 1.16515111586e-05, 1.01960285974e-05, 6.30950671621e-06, 5.96791824137e-06, 4.92428216603e-06, 4.05133187087e-06, 3.5069281239e-06, 2.7756802865e-06, 3.45392459167e-06, 3.81357745027e-06, 3.06131187244e-06, 2.82917676486e-06, 2.6184870876e-06, 2.37830113292e-06, 2.7825944926e-06, 2.59355260823e-06, 2.25716780733e-06, 2.92198546958e-06, 3.43657143276e-06, 2.78726588476e-06], "dmean2": [0.00353366904892, 0.00371496635489, 0.00394033174962, 0.00146115280222, 0.000651928537991, 0.000235360304941, 0.000128363826661, 0.000197823203052, 0.000127354098368, 6.9296133006e-05, 6.79689110257e-05, 6.23880259809e-05, 5.39653447049e-05, 4.87648976559e-05, 2.79408050119e-05, 1.94522490347e-05, 3.49898291461e-05, 1.25071592265e-05, 9.64220362221e-06, 2.25625317398e-05, 1.82353160199e-05, 1.66370828083e-05, 9.86645864032e-06, 9.39380788623e-06, 7.30236615709e-06, 6.18191552348e-06, 5.25376071892e-06, 4.38890810983e-06, 5.33416641701e-06, 6.00752991886e-06, 4.64608820039e-06, 4.20312107963e-06, 3.78859044758e-06, 3.67102188648e-06, 4.18116496803e-06, 3.80072265216e-06, 3.32535569214e-06, 4.23562505603e-06, 4.96510710946e-06, 4.09483618569e-06], "dvar": [2.89687359327e-05, 1.85913741007e-05, 1.98142115551e-05, 2.66332403953e-06, 1.50658490838e-06, 1.08275429511e-07, 8.82002169078e-08, 3.39499365509e-07, 1.48168496139e-07, 3.12747943099e-08, 2.14323936376e-08, 3.32483409693e-08, 1.2494767887e-08, 1.0590930799e-08, 2.80078671366e-09, 1.43258904739e-09, 3.35006067331e-09, 4.16243733925e-10, 2.48223219756e-10, 2.656649567e-09, 1.01252539686e-09, 8.79360195771e-10, 3.27858296068e-10, 2.85616419404e-10, 1.82161244422e-10, 1.34156338816e-10, 6.59700280514e-11, 3.14120188194e-11, 7.37444341703e-11, 1.30470328985e-10, 7.40681058153e-11, 4.50708949329e-11, 3.18902682039e-11, 2.24456321585e-11, 2.27059395591e-11, 2.77216929967e-11, 2.50099333604e-11, 9.39054736748e-11, 3.15601739187e-10, 1.33850125428e-10], "dvar2": [4.75882370665e-05, 4.9843591114e-05, 5.60342959943e-05, 7.27690439817e-06, 3.88452099287e-06, 2.56571581758e-07, 2.11650046822e-07, 8.95851087535e-07, 3.85460765528e-07, 7.21967268191e-08, 4.76906194535e-08, 5.7865847225e-08, 2.82958509956e-08, 2.46896370015e-08, 6.50662501656e-09, 2.6952546861e-09, 7.84938425369e-09, 8.81095252314e-10, 5.21732879122e-10, 5.44584866091e-09, 2.34235986163e-09, 2.53293896968e-09, 7.13887726711e-10, 6.6293376344e-10, 3.46128431472e-10, 2.75252376447e-10, 1.40492548151e-10, 7.36603278373e-11, 1.77056855288e-10, 3.39481054379e-10, 1.67335742485e-10, 1.00721854468e-10, 6.95416502161e-11, 4.79622314087e-11, 4.60690791071e-11, 6.19825510362e-11, 4.86854515036e-11, 1.92508314845e-10, 6.49297671185e-10, 2.91671131691e-10], "max": [0.06489662081, 0.0525520443916, 0.0437852069736, 0.0177103318274, 0.0346250981092, 0.00530450139195, 0.0135950967669, 0.0114059681073, 0.00895751547068, 0.00689734704792, 0.00347776291892, 0.00954583659768, 0.00462884036824, 0.00396927446127, 0.00159493065439, 0.00191254646052, 0.000993543537334, 0.000771634397097, 0.000558577477932, 0.00116089032963, 0.000710464897566, 0.000567995361052, 0.000458407739643, 0.000233691593166, 0.00025808258215, 0.000221409849473, 0.000289481715299, 0.000111728426418, 0.000191454979358, 0.000427366758231, 0.000294782046694, 0.00022188964067, 0.000181295443326, 0.000133169669425, 8.78255304997e-05, 0.00015376774536, 0.000164358600159, 0.000326588051394, 0.000519054301549, 0.000342979794368], "mean": [0.00339048239402, 0.00340118817985, 0.00373556348495, 0.00121683476027, 0.000508997996803, 0.000215628693695, 0.000116051742225, 0.000129118416226, 9.20508027775e-05, 5.67923088965e-05, 7.02014367562e-05, 6.23864179943e-05, 5.59606160095e-05, 4.51798077847e-05, 2.42094647547e-05, 1.65730962181e-05, 2.65259513981e-05, 1.21107595987e-05, 8.02789054433e-06, 2.05598753382e-05, 1.75912791747e-05, 1.31824053824e-05, 8.2524948084e-06, 7.02354873283e-06, 6.57499595036e-06, 5.41951385458e-06, 4.84604834128e-06, 3.6909686969e-06, 4.49604931418e-06, 5.25394580109e-06, 4.65623270429e-06, 4.26799761044e-06, 3.75481454284e-06, 3.015275297e-06, 3.42559246747e-06, 3.25621522279e-06, 3.11659732688e-06, 4.28643033956e-06, 5.49042124476e-06, 4.24471272709e-06], "median": [0.000697964220308, 0.00187841127627, 0.00158053368796, 0.000585263245739, 0.000166815021657, 6.06404137216e-05, 3.0334418625e-05, 2.35059742408e-05, 2.06186978176e-05, 1.40851907418e-05, 1.29834561449e-05, 9.18747900869e-06, 8.95011544344e-06, 8.2504175225e-06, 5.53169365958e-06, 4.2415340431e-06, 6.42550594421e-06, 3.56990904038e-06, 2.22695575758e-06, 3.17081548928e-06, 2.50403445534e-06, 1.68170913639e-06, 1.43440070133e-06, 1.13692431114e-06, 1.09473978682e-06, 8.20091770493e-07, 9.7779366115e-07, 8.88619638317e-07, 7.58105954901e-07, 7.94527807102e-07, 8.45187969389e-07, 7.86015618814e-07, 6.0978612737e-07, 5.09384051384e-07, 7.18938679256e-07, 6.64781452997e-07, 5.60733042221e-07, 5.03482795011e-07, 3.98706134774e-07, 3.77122717055e-07], "min": [1.41880190014e-18, 1.01279415175e-18, 4.62089921843e-19, 8.91543536016e-20, 7.16652739104e-20, 3.00681160789e-19, 4.33457323434e-19, 2.70377916036e-19, 1.37389465243e-19, 5.2801507929e-19, 1.15551382668e-18, 1.06451775545e-18, 3.20072885136e-19, 2.10935024083e-19, 6.5019922004e-19, 4.91758925862e-19, 3.97659557311e-19, 4.3831328722e-19, 1.36200677456e-19, 4.93587512003e-19, 5.0598250329e-19, 2.86943086682e-19, 1.70012731894e-19, 5.55119978506e-19, 4.92387738223e-19, 4.53151304746e-19, 6.05663970957e-19, 2.25188548034e-19, 7.54369745193e-19, 3.78967912106e-19, 6.27533437281e-19, 3.8286907682e-19, 7.40355599556e-19, 8.19413800191e-19, 3.72404311493e-19, 3.81052639894e-19, 3.85822809541e-19, 5.96191305377e-19, 6.3401610344e-19, 6.22962488914e-19], "var": [4.92619401484e-05, 2.12449140236e-05, 2.73671703326e-05, 2.93790071737e-06, 1.51076335442e-06, 1.94862792569e-07, 1.15844500215e-07, 2.78410738019e-07, 1.38588745813e-07, 3.75214632697e-08, 5.55676322733e-08, 9.26789311961e-08, 2.92985991024e-08, 1.71679594985e-08, 4.74186068189e-09, 2.99845237528e-09, 4.15015266597e-09, 6.72170541449e-10, 3.62654323238e-10, 5.00653341007e-09, 2.29066809965e-09, 1.33035238381e-09, 5.02093255861e-10, 3.80941028721e-10, 2.85235363107e-10, 2.28200264241e-10, 1.2045719977e-10, 5.52107526364e-11, 1.36654090821e-10, 3.04570924037e-10, 2.31569124987e-10, 1.6315611362e-10, 1.11947721926e-10, 5.01006493236e-11, 4.69652823576e-11, 5.61239665853e-11, 7.02691030363e-11, 3.10440201323e-10, 8.8095519768e-10, 4.32979624376e-10]}, "mfcc": {"mean": [-683.097351074, 115.349853516, 34.4995193481, 22.8662471771, 15.9849843979, 16.4990692139, 5.37644767761, 5.59267807007, 0.459186971188, -1.95759475231, -5.40991449356, -1.55611145496, -4.15558767319], "cov": [[8064.56201172, -2359.66674805, -239.265960693, 123.606559753, 64.7448654175, -136.216094971, 215.13609314, 117.600883484, 115.101921082, 7.66656541824, 25.8636398315, 65.4032592773, 98.8830032349], [-2359.66674805, 2666.47631836, -67.5340499878, 40.2522659302, 132.961959839, 84.2662811279, -84.453163147, 11.5898609161, -26.4900474548, 28.5571537018, -22.1822814941, -60.4177589417, -103.267074585], [-239.265960693, -67.5340499878, 958.767883301, 72.7074203491, 33.2833175659, 151.676025391, 42.6770133972, -56.7028121948, 25.7442131042, 9.87625980377, 40.3732528687, -14.338265419, -9.3236541748], [123.606559753, 40.2522659302, 72.7074203491, 345.731536865, 144.425552368, 98.2882232666, 65.646446228, 38.2942466736, 33.0287132263, 22.3879680634, 2.43244123459, 0.0662170723081, -8.88527297974], [64.7448654175, 132.961959839, 33.2833175659, 144.425552368, 320.168701172, 136.614273071, 96.4112091064, 47.7794837952, 43.1663780212, 45.2063827515, 19.498298645, 4.45952606201, -8.31977558136], [-136.216094971, 84.2662811279, 151.676025391, 98.2882232666, 136.614273071, 289.891448975, 118.589096069, 69.8375930786, 53.6577987671, 40.5045089722, 23.2702293396, 23.8581924438, 22.3191814423], [215.13609314, -84.453163147, 42.6770133972, 65.646446228, 96.4112091064, 118.589096069, 177.372772217, 105.703956604, 65.5942230225, 30.7713851929, 22.3867397308, 23.599407196, 25.0404853821], [117.600883484, 11.5898609161, -56.7028121948, 38.2942466736, 47.7794837952, 69.8375930786, 105.703956604, 182.336975098, 95.7238388062, 40.1199951172, 15.0085630417, 29.4179992676, 28.7073459625], [115.101921082, -26.4900474548, 25.7442131042, 33.0287132263, 43.1663780212, 53.6577987671, 65.5942230225, 95.7238388062, 131.887130737, 65.1601333618, 25.030790329, 19.6468429565, 13.0748414993], [7.66656541824, 28.5571537018, 9.87625980377, 22.3879680634, 45.2063827515, 40.5045089722, 30.7713851929, 40.1199951172, 65.1601333618, 114.743164062, 73.291847229, 34.5533065796, 16.3507289886], [25.8636398315, -22.1822814941, 40.3732528687, 2.43244123459, 19.498298645, 23.2702293396, 22.3867397308, 15.0085630417, 25.030790329, 73.291847229, 112.466812134, 69.8163146973, 28.9903297424], [65.4032592773, -60.4177589417, -14.338265419, 0.0662170723081, 4.45952606201, 23.8581924438, 23.599407196, 29.4179992676, 19.6468429565, 34.5533065796, 69.8163146973, 111.359260559, 71.0270614624], [98.8830032349, -103.267074585, -9.3236541748, -8.88527297974, -8.31977558136, 22.3191814423, 25.0404853821, 28.7073459625, 13.0748414993, 16.3507289886, 28.9903297424, 71.0270614624, 108.833679199]], "icov": [[0.000180805989658, 0.000154521330842, 5.03364644828e-05, -6.49450157653e-05, -8.86787383934e-05, 0.000155296816956, -0.000158264389029, -5.63317437141e-09, -9.75419970928e-05, 5.54575162823e-05, -3.86047722714e-05, 2.87365000986e-05, -2.59427324636e-05], [0.000154521330842, 0.000566436792724, 6.28901761957e-05, -2.07776320167e-05, -0.000277877988992, -0.000113708840217, 0.000412322871853, -0.000375016476028, 0.000233840502915, -0.000229686600505, 9.56276198849e-05, -9.34227773541e-06, 0.0003939299786], [5.03364644828e-05, 6.28901761957e-05, 0.00137352652382, -0.000224524279474, 0.000241246831138, -0.000822407891974, -0.000251120189205, 0.00115963083226, -0.00106983783189, 0.0010496074101, -0.00151070905849, 0.0010856599547, -0.00028300008853], [-6.49450157653e-05, -2.07776320167e-05, -0.000224524279474, 0.00373985012993, -0.00135099422187, -0.000440360658104, -0.000183167154319, -0.000216791027924, 8.30702410894e-05, -0.000375756440917, 0.000815965351649, -0.00055329472525, 0.000601952255238], [-8.86787383934e-05, -0.000277877988992, 0.000241246831138, -0.00135099422187, 0.00501860817894, -0.0013536461629, -0.0018131705001, 0.000812847341876, 2.26801257668e-05, -0.00119841983542, 0.000164108438184, -9.67811502051e-06, 0.000731214997359], [0.000155296816956, -0.000113708840217, -0.000822407891974, -0.000440360658104, -0.0013536461629, 0.00618760846555, -0.00295115960762, -0.000305422552628, 0.000261707580648, -0.00117162347306, 0.00126897543669, -0.000961306737736, -0.000534313672688], [-0.000158264389029, 0.000412322871853, -0.000251120189205, -0.000183167154319, -0.0018131705001, -0.00295115960762, 0.012632756494, -0.0056100487709, -0.000714520283509, 0.00190832349472, -0.00233901385218, 0.00140419148374, -0.000955819094088], [-5.63317437141e-09, -0.000375016476028, 0.00115963083226, -0.000216791027924, 0.000812847341876, -0.000305422552628, -0.0056100487709, 0.0130251012743, -0.00740760797635, 0.0009542129701, 0.000787271768786, -0.00108767324127, -0.00104762264527], [-9.75419970928e-05, 0.000233840502915, -0.00106983783189, 8.30702410894e-05, 2.26801257668e-05, 0.000261707580648, -0.000714520283509, -0.00740760797635, 0.0177769176662, -0.0102984011173, 0.00521552376449, -0.00225013447925, 0.00178277119994], [5.54575162823e-05, -0.000229686600505, 0.0010496074101, -0.000375756440917, -0.00119841983542, -0.00117162347306, 0.00190832349472, 0.0009542129701, -0.0102984011173, 0.0240685585886, -0.0172306410968, 0.00657999236137, -0.00283440435305], [-3.86047722714e-05, 9.56276198849e-05, -0.00151070905849, 0.000815965351649, 0.000164108438184, 0.00126897543669, -0.00233901385218, 0.000787271768786, 0.00521552376449, -0.0172306410968, 0.0290030743927, -0.0176192708313, 0.00588096911088], [2.87365000986e-05, -9.34227773541e-06, 0.0010856599547, -0.00055329472525, -9.67811502051e-06, -0.000961306737736, 0.00140419148374, -0.00108767324127, -0.00225013447925, 0.00657999236137, -0.0176192708313, 0.0274949651212, -0.0137956207618], [-2.59427324636e-05, 0.0003939299786, -0.00028300008853, 0.000601952255238, 0.000731214997359, -0.000534313672688, -0.000955819094088, -0.00104762264527, 0.00178277119994, -0.00283440435305, 0.00588096911088, -0.0137956207618, 0.0179207306355]]}, "spectral_contrast_coeffs": {"dmean": [0.057816658169, 0.0491291955113, 0.0385857261717, 0.0308853983879, 0.023708017543, 0.0182497128844], "dmean2": [0.0923865064979, 0.0788680538535, 0.0624334178865, 0.0496745072305, 0.0373360663652, 0.0295765027404], "dvar": [0.00262594828382, 0.00170834723394, 0.00111697264947, 0.000677227333654, 0.00044894363964, 0.000287024682621], "dvar2": [0.00638077966869, 0.00415326561779, 0.00284135504626, 0.00166741444264, 0.00101386394817, 0.000673928763717], "max": [-0.24988655746, -0.429516613483, -0.463194042444, -0.531247019768, -0.572476148605, -0.538450181484], "mean": [-0.59804391861, -0.748969197273, -0.798751115799, -0.80505657196, -0.814065933228, -0.799914956093], "median": [-0.600204110146, -0.761277019978, -0.811696231365, -0.812086224556, -0.824017524719, -0.804112613201], "min": [-0.986081719398, -0.98782658577, -0.959633409977, -0.971228301525, -0.951490700245, -0.955952882767], "var": [0.00980419386178, 0.00577575433999, 0.0043408414349, 0.0025513980072, 0.00224568461999, 0.00142952450551]}, "spectral_contrast_valleys": {"dmean": [0.514008522034, 0.466620594263, 0.411202549934, 0.407297760248, 0.441775918007, 0.580185711384], "dmean2": [0.762025892735, 0.733732104301, 0.627692997456, 0.583312571049, 0.612385690212, 0.756556749344], "dvar": [0.260067939758, 0.211753562093, 0.176946267486, 0.189417153597, 0.250652849674, 0.399886608124], "dvar2": [0.494305312634, 0.48355832696, 0.36839440465, 0.335198819637, 0.45676869154, 0.795650064945], "max": [-4.7140917778, -4.70318984985, -5.18012571335, -5.82477712631, -5.56341362, -6.79169464111], "mean": [-7.19698143005, -7.217