{"lowlevel": {"average_loudness": 0.576128661633, "barkbands_crest": {"dmean": 2.32618737221, "dmean2": 3.84056448936, "dvar": 6.0537352562, "dvar2": 17.1220664978, "max": 26.9600849152, "mean": 12.5231971741, "median": 11.1451931, "min": 3.30850505829, "var": 31.9131546021}, "barkbands_flatness_db": {"dmean": 0.0260702893138, "dmean2": 0.0410913713276, "dvar": 0.000966740539297, "dvar2": 0.00234996294603, "max": 0.663093268871, "mean": 0.233147412539, "median": 0.168255358934, "min": 0.027287075296, "var": 0.023358842358}, "barkbands_kurtosis": {"dmean": 29.2864246368, "dmean2": 47.6801071167, "dvar": 24849.1523438, "dvar2": 65747.171875, "max": 3909.97583008, "mean": 39.7694664001, "median": 4.75200366974, "min": -1.87597727776, "var": 35620.1328125}, "barkbands_skewness": {"dmean": 0.986660599709, "dmean2": 1.53748250008, "dvar": 6.13365888596, "dvar2": 16.0001316071, "max": 58.4047317505, "mean": 2.94864392281, "median": 1.81816673279, "min": -4.7587890625, "var": 23.3238010406}, "barkbands_spread": {"dmean": 4.00993347168, "dmean2": 6.14541435242, "dvar": 53.7776908875, "dvar2": 112.74798584, "max": 119.617614746, "mean": 14.5428781509, "median": 11.4553785324, "min": 0.0239362027496, "var": 207.721221924}, "dissonance": {"dmean": 0.0301709566265, "dmean2": 0.0512080863118, "dvar": 0.00134795275517, "dvar2": 0.00387866026722, "max": 0.500000059605, "mean": 0.416702926159, "median": 0.444510281086, "min": 0.0856591016054, "var": 0.00638992432505}, "dynamic_complexity": 6.90627145767, "erbbands_crest": {"dmean": 2.68335461617, "dmean2": 4.3797955513, "dvar": 8.22984600067, "dvar2": 21.4581050873, "max": 34.4093589783, "mean": 12.3105783463, "median": 10.4945888519, "min": 2.42473554611, "var": 46.4187545776}, "erbbands_flatness_db": {"dmean": 0.01979630813, "dmean2": 0.0305453632027, "dvar": 0.000550128694158, "dvar2": 0.00122067029588, "max": 0.645336210728, "mean": 0.217978298664, "median": 0.167541265488, "min": 0.0396229252219, "var": 0.0163343492895}, "erbbands_kurtosis": {"dmean": 4.34769439697, "dmean2": 7.06150722504, "dvar": 322.622436523, "dvar2": 845.448059082, "max": 392.269104004, "mean": 8.70943260193, "median": 1.09724712372, "min": -1.7607448101, "var": 1168.34155273}, "erbbands_skewness": {"dmean": 0.43990573287, "dmean2": 0.6829906106, "dvar": 0.433028012514, "dvar2": 1.1245714426, "max": 16.2526893616, "mean": 1.25113618374, "median": 0.890587687492, "min": -4.53242111206, "var": 4.15311908722}, "erbbands_spread": {"dmean": 6.96443891525, "dmean2": 10.6507129669, "dvar": 114.311782837, "dvar2": 248.023880005, "max": 169.408340454, "mean": 30.9826030731, "median": 27.7331390381, "min": 0.234317556024, "var": 518.740722656}, "hfc": {"dmean": 3.32480883598, "dmean2": 4.82913732529, "dvar": 81.2005310059, "dvar2": 159.511535645, "max": 224.116409302, "mean": 14.2390613556, "median": 5.70805120468, "min": 1.15191279515e-16, "var": 364.96282959}, "melbands_crest": {"dmean": 3.15480518341, "dmean2": 5.19001102448, "dvar": 9.84174251556, "dvar2": 27.0791664124, "max": 36.2249603271, "mean": 16.3563747406, "median": 15.0570859909, "min": 1.96432650089, "var": 46.5377235413}, "melbands_flatness_db": {"dmean": 0.0299048498273, "dmean2": 0.0465578213334, "dvar": 0.00116199546028, "dvar2": 0.00276795751415, "max": 0.740629076958, "mean": 0.319870680571, "median": 0.250597178936, "min": 0.0057965493761, "var": 0.0283395517617}, "melbands_kurtosis": {"dmean": 14.4713983536, "dmean2": 23.3763751984, "dvar": 1484.5690918, "dvar2": 3910.10400391, "max": 806.38458252, "mean": 30.8079032898, "median": 9.49614906311, "min": -1.93137395382, "var": 4597.73632812}, "melbands_skewness": {"dmean": 0.806187570095, "dmean2": 1.26441633701, "dvar": 1.32712221146, "dvar2": 3.44215154648, "max": 22.4564914703, "mean": 3.08621096611, "median": 2.29516482353, "min": -1.93262350559, "var": 6.85004281998}, "melbands_spread": {"dmean": 4.10604667664, "dmean2": 6.2162065506, "dvar": 87.3927154541, "dvar2": 166.230880737, "max": 300.506958008, "mean": 14.5375680923, "median": 10.0144357681, "min": 0.188696250319, "var": 375.558258057}, "pitch_salience": {"dmean": 0.0672364905477, "dmean2": 0.110999599099, "dvar": 0.00500045577064, "dvar2": 0.0138347344473, "max": 0.925012469292, "mean": 0.516176581383, "median": 0.540944814682, "min": 0.0437600240111, "var": 0.0247226245701}, "silence_rate_20dB": {"dmean": 0, "dmean2": 0, "dvar": 0, "dvar2": 0, "max": 1, "mean": 1, "median": 1, "min": 1, "var": 0}, "silence_rate_30dB": {"dmean": 0.0203989129514, "dmean2": 0.040802448988, "dvar": 0.0199829302728, "dvar2": 0.0461667850614, "max": 1, "mean": 0.980283260345, "median": 1, "min": 0, "var": 0.0193271841854}, "silence_rate_60dB": {"dmean": 0.0247053485364, "dmean2": 0.049302957952, "dvar": 0.0240950360894, "dvar2": 0.0564002990723, "max": 1, "mean": 0.211671382189, "median": 0, "min": 0, "var": 0.166862368584}, "spectral_centroid": {"dmean": 157.939971924, "dmean2": 237.47694397, "dvar": 81386.1015625, "dvar2": 151074.84375, "max": 10996.9541016, "mean": 888.453857422, "median": 749.256530762, "min": 106.966590881, "var": 406927.09375}, "spectral_complexity": {"dmean": 1.83998191357, "dmean2": 2.94128990173, "dvar": 8.16556167603, "dvar2": 18.2595233917, "max": 49, "mean": 12.008272171, "median": 8, "min": 0, "var": 105.581359863}, "spectral_decrease": {"dmean": 2.06173389472e-09, "dmean2": 3.27576499259e-09, "dvar": 1.9362604074e-17, "dvar2": 4.85644553598e-17, "max": 6.51907244608e-19, "mean": -6.11754602531e-09, "median": -3.34394489876e-09, "min": -6.87736303462e-08, "var": 5.2611314084e-17}, "spectral_energy": {"dmean": 0.00792956352234, "dmean2": 0.0126273715869, "dvar": 0.000282312510535, "dvar2": 0.000707380357198, "max": 0.26320451498, "mean": 0.0243805721402, "median": 0.0135932276025, "min": 1.05472749775e-20, "var": 0.000805703166407}, "spectral_energyband_high": {"dmean": 0.000224459683523, "dmean2": 0.000309270370053, "dvar": 7.79101810622e-07, "dvar2": 1.43876081893e-06, "max": 0.0249276198447, "mean": 0.000542281835806, "median": 0.000108250649646, "min": 7.28156834252e-21, "var": 1.97172380467e-06}, "spectral_energyband_low": {"dmean": 0.00598604697734, "dmean2": 0.00934109464288, "dvar": 0.000228410426644, "dvar2": 0.000573101977352, "max": 0.224359080195, "mean": 0.0100277476013, "median": 0.00340656889603, "min": 5.76446979845e-23, "var": 0.000359844911145}, "spectral_energyband_middle_high": {"dmean": 0.000659138080664, "dmean2": 0.000982446828857, "dvar": 1.38812856676e-06, "dvar2": 3.17326703225e-06, "max": 0.0227431710809, "mean": 0.00275975908153, "median": 0.000598420680035, "min": 1.63464025783e-21, "var": 1.60872477863e-05}, "spectral_energyband_middle_low": {"dmean": 0.00351731735282, "dmean2": 0.00587643124163, "dvar": 4.90383899887e-05, "dvar2": 0.000130568630993, "max": 0.112412199378, "mean": 0.011406137608, "median": 0.00626831548288, "min": 4.78460925977e-22, "var": 0.000178009111551}, "spectral_entropy": {"dmean": 0.17978797853, "dmean2": 0.27164593339, "dvar": 0.0615708269179, "dvar2": 0.132569998503, "max": 9.79253292084, "mean": 6.84834909439, "median": 7.20088291168, "min": 3.89687156677, "var": 1.21607255936}, "spectral_flux": {"dmean": 0.0186103470623, "dmean2": 0.0297201853245, "dvar": 0.000811069097836, "dvar2": 0.0017947931774, "max": 0.382306903601, "mean": 0.0625689774752, "median": 0.0476757064462, "min": 1.02699924953e-10, "var": 0.0031628429424}, "spectral_kurtosis": {"dmean": 14.8903999329, "dmean2": 25.9646682739, "dvar": 1869.41003418, "dvar2": 5783.98779297, "max": 639.894470215, "mean": 39.1488113403, "median": 4.81978750229, "min": -1.32492256165, "var": 8150.14550781}, "spectral_rms": {"dmean": 0.000634302152321, "dmean2": 0.000995328999124, "dvar": 1.08853066649e-06, "dvar2": 2.5301549158e-06, "max": 0.0160245094448, "mean": 0.00409652385861, "median": 0.00364165962674, "min": 3.20780685001e-12, "var": 7.0043188316e-06}, "spectral_rolloff": {"dmean": 333.891784668, "dmean2": 564.766418457, "dvar": 1241514.875, "dvar2": 2770259.25, "max": 19487.5488281, "mean": 999.232849121, "median": 581.396484375, "min": 64.599609375, "var": 3134357.5}, "spectral_skewness": {"dmean": 0.583405673504, "dmean2": 0.990733325481, "dvar": 1.13198161125, "dvar2": 3.39503788948, "max": 20.3221588135, "mean": 3.3719804287, "median": 1.8382474184, "min": -0.33416596055, "var": 14.4764471054}, "spectral_spread": {"dmean": 569980.8125, "dmean2": 804273.0625, "dvar": 897094975488, "dvar2": 1316758880260.0, "max": 40428384, "mean": 4392650, "median": 4514790, "min": 134569.984375, "var": 6749405315070.0}, "spectral_strongpeak": {"dmean": 0.348130255938, "dmean2": 0.595714330673, "dvar": 0.458190828562, "dvar2": 1.19586980343, "max": 13.1788215637, "mean": 0.742200434208, "median": 0.323578059673, "min": 0, "var": 1.04202377796}, "zerocrossingrate": {"dmean": 0.00797136873007, "dmean2": 0.00950662512332, "dvar": 0.000248548545642, "dvar2": 0.000258895946899, "max": 0.51611328125, "mean": 0.0436918474734, "median": 0.03515625, "min": 0.001953125, "var": 0.00220265425742}, "barkbands": {"dmean": [0.000560264044907, 0.00481622060761, 0.00171188637614, 0.000500042748172, 0.00205931044184, 0.000831427110825, 0.00110769900493, 0.000424146099249, 0.000732602667995, 0.000255878927419, 9.50634639594e-05, 0.000113214206067, 0.000173356122104, 0.000191388651729, 0.000108196851215, 0.000105193808849, 0.000127259030705, 8.80270963535e-05, 7.06787250238e-05, 4.84109405079e-05, 3.93926457036e-05, 4.53790344181e-05, 2.14357860386e-05, 5.53421814402e-05, 6.19582497166e-05, 3.36870834872e-05, 7.16388103683e-06], "dmean2": [0.000995401293039, 0.0081435078755, 0.00263252155855, 0.000867177266628, 0.00363027094863, 0.00137580523733, 0.00169391301461, 0.000618529098574, 0.00108972156886, 0.000415224232711, 0.000151138810907, 0.000177366950084, 0.000270618445938, 0.000283525354462, 0.000165540084708, 0.000160854950082, 0.000202472438104, 0.00013504877279, 0.000104508464574, 7.47529484215e-05, 6.22298030066e-05, 6.5118954808e-05, 3.19695500366e-05, 7.73967258283e-05, 8.75888363225e-05, 4.75622982776e-05, 9.74336580839e-06], "dvar": [1.32252648655e-06, 0.000187593570445, 2.381219565e-05, 1.66284314673e-06, 2.67425784841e-05, 3.18041679748e-06, 7.81093967817e-06, 2.56673183685e-06, 3.0767168937e-06, 3.09034192014e-07, 5.21103160622e-08, 8.51298835869e-08, 2.36504590134e-07, 2.732911355e-07, 1.04844147586e-07, 1.39731284321e-07, 1.57338035933e-07, 9.30086585527e-08, 4.67031640028e-08, 2.95399296135e-08, 2.03034904445e-08, 2.39341861885e-08, 3.51709594781e-09, 7.26171336396e-08, 1.12514328521e-07, 3.58602996187e-08, 1.86126047907e-09], "dvar2": [4.11248720411e-06, 0.000540710112546, 5.62131499464e-05, 4.74747275803e-06, 7.61126430007e-05, 8.71327029017e-06, 1.76450412255e-05, 4.55420104117e-06, 6.40424559606e-06, 8.01525118277e-07, 1.22343749354e-07, 2.01726990667e-07, 5.6439682794e-07, 5.97861344431e-07, 2.38229446836e-07, 2.89722549951e-07, 3.62263222087e-07, 2.03962258638e-07, 1.00489813804e-07, 6.13488353451e-08, 4.59691058552e-08, 4.98676868688e-08, 7.38342809115e-09, 1.43413245723e-07, 2.28346664244e-07, 6.37164916384e-08, 2.93043145305e-09], "max": [0.0123048368841, 0.182500571012, 0.0571182891726, 0.0217140726745, 0.0929562076926, 0.0777721181512, 0.0625349581242, 0.0615049377084, 0.0447582900524, 0.0121498145163, 0.00712176878005, 0.00846939347684, 0.0113736996427, 0.0106764230877, 0.00896827690303, 0.0143321426585, 0.0131397107616, 0.013830659911, 0.0081202108413, 0.010217810981, 0.00660388963297, 0.00631063012406, 0.00127384951338, 0.013371117413, 0.00860726833344, 0.00587018532678, 0.00193963292986], "mean": [0.000664882652927, 0.00685247732326, 0.00218903529458, 0.000803235569037, 0.00357498275116, 0.00194786442444, 0.00245154672302, 0.000790347694419, 0.00175413768739, 0.000481891038362, 0.000179820839548, 0.000234887367697, 0.000376608484657, 0.000411608751165, 0.000200995738851, 0.000199155969312, 0.000277959567029, 0.000214346553548, 0.000169532591826, 0.000105241349956, 8.7383443315e-05, 0.000103238111478, 4.93291518069e-05, 9.93029971141e-05, 0.00010020830814, 4.98750923725e-05, 1.06803345261e-05], "median": [0.000242796435487, 0.00191578723025, 0.000477336521726, 0.000244664144702, 0.00167462823447, 0.000571116164792, 0.000469960359624, 9.08228539629e-05, 0.00029598956462, 0.000143505458254, 2.68183466687e-05, 2.1518466383e-05, 3.33975985995e-05, 2.24176928896e-05, 1.66455320141e-05, 1.19593169075e-05, 1.49147081174e-05, 2.06311906368e-05, 1.85612097994e-05, 1.20415752463e-05, 1.35055988721e-05, 1.68029346241e-05, 1.06386387415e-05, 1.06939833131e-05, 8.6023910626e-06, 3.49637298314e-06, 2.52489371633e-07], "min": [1.82783331589e-23, 1.610631983e-23, 1.1622852541e-23, 1.53750378823e-23, 5.61696858639e-23, 1.63828588069e-22, 7.90318657065e-23, 4.05766951798e-23, 7.97589619583e-23, 1.50985427661e-22, 9.14041140194e-23, 8.94870621128e-23, 7.12432084864e-23, 1.66627769483e-22, 1.3918735018e-22, 1.37638999239e-22, 1.29135520443e-22, 1.98640325619e-22, 2.82002728461e-22, 2.81329154844e-22, 4.45828438766e-22, 4.72053860813e-22, 4.63111131643e-22, 8.5995198977e-22, 1.37836956626e-21, 1.59557798627e-21, 2.26630907877e-21], "var": [1.32062166358e-06, 0.000220240282943, 2.73523819487e-05, 2.25336407311e-06, 3.36352168233e-05, 1.02923522718e-05, 2.46513336606e-05, 6.11764608038e-06, 1.46077763929e-05, 8.88302849944e-07, 1.48979523829e-07, 2.8500610938e-07, 8.52010145991e-07, 1.08594315407e-06, 2.95962109931e-07, 3.77083949843e-07, 5.50068932625e-07, 5.04400361478e-07, 1.70421230905e-07, 8.4774661957e-08, 5.27619157253e-08, 6.59557457539e-08, 1.04119672883e-08, 1.58863414867e-07, 1.94036545054e-07, 6.86853454113e-08, 3.87348508823e-09]}, "erbbands": {"dmean": [0.189337134361, 0.929261088371, 1.88505959511, 1.58953261375, 5.45178174973, 6.99128580093, 5.56837177277, 7.15869855881, 14.317741394, 13.4207315445, 9.45105361938, 18.1310005188, 6.89884471893, 6.62820339203, 3.88368058205, 4.10980272293, 6.7907204628, 10.2052249908, 6.12119531631, 4.6357998848, 5.48108148575, 6.64844512939, 4.96088600159, 2.88131666183, 3.90681409836, 1.9492251873, 1.47018623352, 1.69525444508, 1.82688999176, 0.932507157326, 0.587633490562, 1.04975759983, 0.990870952606, 0.898191094398, 0.322764277458, 0.161806643009, 0.0621291808784, 0.0122895725071, 0.00111055339221, 5.26822186657e-05], "dmean2": [0.31817856431, 1.56615710258, 2.76732635498, 2.6633143425, 9.66418933868, 12.2589139938, 8.84515380859, 11.6211252213, 22.8242473602, 19.172082901, 13.8685646057, 27.4895153046, 10.4253110886, 10.9213113785, 6.04583263397, 6.30302906036, 10.5606689453, 14.9600229263, 9.11780166626, 6.97688341141, 8.24475097656, 10.330827713, 7.47689819336, 4.44792842865, 5.66982889175, 2.8939101696, 2.25608277321, 2.68212151527, 2.7077422142, 1.37166345119, 0.851813435555, 1.50102305412, 1.40273833275, 1.28439772129, 0.462107121944, 0.239026874304, 0.0854165405035, 0.0169832389802, 0.00149053893983, 7.15677961125e-05], "dvar": [0.248470187187, 7.40257072449, 26.8896903992, 16.3968963623, 199.502243042, 280.287139893, 108.447952271, 326.568237305, 1184.19702148, 2296.03393555, 636.367004395, 2205.93237305, 260.541259766, 217.855804443, 84.6165847778, 120.522621155, 356.046813965, 798.103393555, 290.560211182, 278.232421875, 389.230407715, 380.861297607, 239.729736328, 97.814201355, 127.991470337, 61.5143699646, 28.7290019989, 43.0095787048, 37.9631958008, 7.19332790375, 2.83388161659, 26.1703586578, 24.2302703857, 23.7541561127, 2.88840532303, 0.728413999081, 0.155659452081, 0.00699182506651, 4.2735842726e-05, 6.2632658171e-08], "dvar2": [0.721701085567, 20.9253368378, 58.5352859497, 42.8838729858, 568.754516602, 803.02331543, 290.344940186, 846.570373535, 3103.48291016, 4108.4921875, 1276.73596191, 4625.65966797, 583.85144043, 586.630737305, 187.277130127, 275.55368042, 816.908996582, 1799.23876953, 642.146484375, 608.226989746, 848.635742188, 862.103271484, 515.471069336, 249.832687378, 242.35055542, 111.706558228, 64.2576141357, 97.6739807129, 83.9419555664, 14.2774934769, 5.53415632248, 52.0068130493, 50.3688468933, 48.5033226013, 5.99857568741, 1.56329929829, 0.25593444705, 0.012717613019, 6.81858728058e-05, 9.72022036194e-08], "max": [6.16597795486, 42.3515129089, 61.186882019, 69.087059021, 237.039321899, 299.976074219, 201.323486328, 1002.21624756, 750.250305176, 1668.04089355, 918.195068359, 1184.66442871, 368.829498291, 313.087097168, 306.13482666, 319.895843506, 626.189208984, 589.48059082, 467.604187012, 950.284912109, 711.26776123, 639.262939453, 773.139099121, 403.088470459, 448.974639893, 565.237426758, 312.495727539, 285.672698975, 239.21395874, 87.0059127808, 34.7320289612, 346.280487061, 162.222579956, 147.777038574, 39.1690139771, 19.6147270203, 13.4994916916, 3.35803389549, 0.322643131018, 0.0106153804809], "mean": [0.255462020636, 1.31005752087, 2.59896159172, 2.77104401588, 7.58524894714, 11.2231960297, 14.3196544647, 17.4416599274, 30.9595546722, 31.1486434937, 22.6583061218, 40.8929443359, 16.2543506622, 12.6051750183, 8.74883651733, 9.81588077545, 16.5937862396, 23.0740890503, 13.585401535, 9.50877285004, 11.9688444138, 16.7031135559, 13.2948522568, 7.33454751968, 9.20596504211, 4.80041503906, 3.36278009415, 3.76845383644, 4.03610467911, 2.16367053986, 1.36814987659, 1.99239420891, 1.62623155117, 1.41652178764, 0.518389105797, 0.242715671659, 0.0887223556638, 0.0178973320872, 0.00165226787794, 0.000100320146885], "median": [0.058609765023, 0.368024110794, 0.614209711552, 0.964619040489, 3.57062792778, 4.70951366425, 4.8247833252, 5.25377321243, 7.68140125275, 4.36210918427, 4.08034324646, 7.51559448242, 4.1429643631, 4.05545663834, 1.52638268471, 1.02075123787, 1.70086288452, 1.29158163071, 1.09790694714, 0.915011405945, 0.769452989101, 0.94838142395, 1.25999724865, 1.01620256901, 0.977184414864, 0.607964277267, 0.490654051304, 0.557039380074, 0.611955404282, 0.457122951746, 0.303338468075, 0.226622402668, 0.156351581216, 0.0976902768016, 0.050273232162, 0.0226932168007, 0.00450382009149, 0.000522461719811, 6.43378079985e-05, 2.33572081925e-05], "min": [9.6118276107e-22, 2.00930208335e-21, 1.06059199827e-20, 4.63673830545e-20, 5.63541349226e-20, 2.34594548026e-19, 4.8406335443e-19, 1.49930952801e-18, 1.55365849958e-18, 9.05336462537e-19, 1.24202554502e-18, 1.97094454543e-18, 2.99286084497e-18, 4.98054256292e-18, 4.31735298834e-18, 2.7449800444e-18, 3.94618712132e-18, 7.32941745162e-18, 7.17382312404e-18, 8.13744138837e-18, 7.52645104635e-18, 8.27688997758e-18, 1.06553493945e-17, 9.34046888303e-18, 1.79424309152e-17, 1.44287976293e-17, 1.8288457109e-17, 1.72923265107e-17, 1.54678506295e-17, 1.16600065705e-17, 1.45558840042e-17, 1.49237097159e-17, 1.68633208665e-17, 1.17736545693e-17, 1.19525356854e-17, 6.56527048329e-18, 2.75576006894e-18, 1.14951232115e-18, 3.37727917938e-19, 3.27409589429e-20], "var": [0.303036987782, 8.52651977539, 36.0811882019, 23.5919189453, 195.367767334, 324.221801758, 541.759460449, 967.31072998, 3535.53393555, 8677.34179688, 2530.08178711, 9353.8828125, 1055.00427246, 555.815368652, 313.57598877, 487.640563965, 1481.7175293, 3185.74487305, 1120.19458008, 683.003479004, 1385.26025391, 2029.69995117, 1739.84228516, 295.364654541, 472.840362549, 200.192367554, 79.0124053955, 100.014961243, 97.8470306396, 21.1652011871, 8.68239784241, 65.0561447144, 43.0378189087, 41.4033470154, 4.74874401093, 1.11534678936, 0.309352636337, 0.0137563282624, 8.85249028215e-05, 1.44260013712e-07]}, "gfcc": {"mean": [-119.288017273, 120.664985657, -92.7556991577, 10.537771225, -52.9329414368, 0.330090612173, -30.5886192322, 11.7467460632, -16.3825531006, -1.90692079067, -13.2093496323, -2.60446643829, -6.95937728882], "cov": [[44205.546875, -4622.58496094, 718.346862793, 5809.5234375, -554.835144043, 2806.67651367, -1820.99560547, 209.004180908, -1303.61987305, 1605.51025391, 18.2869262695, 1097.53796387, -761.37902832], [-4622.58496094, 6310.54882812, 726.526184082, -1460.64111328, 1519.82067871, -1410.95080566, -196.383865356, -1340.76062012, -25.6308784485, -503.702514648, 471.831298828, -127.85105896, 333.476287842], [718.346862793, 726.526184082, 1328.53979492, 176.670898438, 339.774475098, 112.001739502, -290.039154053, -222.844100952, -194.539978027, -30.34973526, 63.7140312195, 97.942489624, 41.1112289429], [5809.5234375, -1460.64111328, 176.670898438, 1741.28955078, 20.6693592072, 817.903869629, 142.401611328, 478.406097412, -78.9531784058, 275.178924561, -51.681438446, 128.470825195, -54.1590919495], [-554.835144043, 1519.82067871, 339.774475098, 20.6693592072, 818.016418457, -143.317245483, 88.0343704224, -213.528793335, 16.5838603973, -61.0411529541, 168.582443237, -27.9793243408, 133.977554321], [2806.67651367, -1410.95080566, 112.001739502, 817.903869629, -143.317245483, 777.158508301, 166.297027588, 418.437866211, -24.6168365479, 170.31741333, -87.4803009033, 72.842414856, -86.5376663208], [-1820.99560547, -196.383865356, -290.039154053, 142.401611328, 88.0343704224, 166.297027588, 671.242736816, 337.394134521, 171.205795288, -7.09430170059, -10.486369133, -62.6766929626, 45.846698761], [209.004180908, -1340.76062012, -222.844100952, 478.406097412, -213.528793335, 418.437866211, 337.394134521, 614.524169922, 143.543029785, 113.738700867, -78.5184173584, 0.641030013561, -20.5391788483], [-1303.61987305, -25.6308784485, -194.539978027, -78.9531784058, 16.5838603973, -24.6168365479, 171.205795288, 143.543029785, 208.494491577, 13.9351634979, 5.46595716476, -52.1734809875, 30.0921459198], [1605.51025391, -503.702514648, -30.34973526, 275.178924561, -61.0411529541, 170.31741333, -7.09430170059, 113.738700867, 13.9351634979, 215.42578125, 13.5109014511, 43.1378440857, -51.1027297974], [18.2869262695, 471.831298828, 63.7140312195, -51.681438446, 168.582443237, -87.4803009033, -10.486369133, -78.5184173584, 5.46595716476, 13.5109014511, 129.934783936, 23.1497516632, 35.2988700867], [1097.53796387, -127.85105896, 97.942489624, 128.470825195, -27.9793243408, 72.842414856, -62.6766929626, 0.641030013561, -52.1734809875, 43.1378440857, 23.1497516632, 123.887680054, -11.2992897034], [-761.37902832, 333.476287842, 41.1112289429, -54.1590919495, 133.977554321, -86.5376663208, 45.846698761, -20.5391788483, 30.0921459198, -51.1027297974, 35.2988700867, -11.2992897034, 121.470962524]], "icov": [[0.000109691754915, -9.24631676753e-05, 0.00016588967992, -0.000293270859402, 5.79681618547e-05, -0.000220839472604, 0.000293595803669, 5.81129970669e-05, 0.00033068144694, -0.000386034342228, -3.99826103603e-06, -0.000314043980325, 0.000159859017003], [-9.24631676753e-05, 0.00102978444193, -0.000372902082745, 0.000267148192506, -0.000957813987043, 0.000857739127241, -0.000624633859843, 0.00119421561249, -0.000793632061686, 0.0011497172527, -0.00108061498031, 0.000321265746607, -3.1949737604e-05], [0.00016588967992, -0.000372902082745, 0.00150794407818, -0.000345167354681, -0.000293238263112, -0.00105715426616, 0.0010602454422, -0.000169162463862, 0.00121737411246, -0.000520829635207, 0.000328621390508, -0.000978609081358, -0.000166416357388], [-0.000293270859402, 0.000267148192506, -0.000345167354681, 0.00223702471703, -0.000741952157114, -0.00046084987116, -0.000627175031696, -0.000784864532761, -4.72239935334e-06, 0.000133751120302, 0.000411890301621, 0.000410618376918, -0.000887432775926], [5.79681618547e-05, -0.000957813987043, -0.000293238263112, -0.000741952157114, 0.00369447492994, -0.000799760629889, -0.00033367073047, 0.000255417689914, -5.45630900888e-05, -0.000667184765916, -0.00160919677, 0.00101427873597, -0.00141940091271], [-0.000220839472604, 0.000857739127241, -0.00105715426616, -0.00046084987116, -0.000799760629889, 0.00499424571171, -0.00137038889807, -0.000961804646067, -0.000249976757914, 0.000691638153512, 0.000506457523443, 3.83912265534e-05, 0.00141729624011], [0.000293595803669, -0.000624633859843, 0.0010602454422, -0.000627175031696, -0.00033367073047, -0.00137038889807, 0.00385839329101, -0.00184522755444, 0.000383935548598, -0.000537319981959, 0.000251805613516, -0.000430113868788, 0.000105726794573], [5.81129970669e-05, 0.00119421561249, -0.000169162463862, -0.000784864532761, 0.000255417689914, -0.000961804646067, -0.00184522755444, 0.00703293038532, -0.00329945026897, 0.000471955165267, -0.00107652624138, -0.000122736950289, -0.000970889872406], [0.00033068144694, -0.000793632061686, 0.00121737411246, -4.72239935334e-06, -5.45630900888e-05, -0.000249976757914, 0.000383935548598, -0.00329945026897, 0.0104549629614, -0.00332506070845, 0.000134636167786, 0.00109247968066, -0.00090972072212], [-0.000386034342228, 0.0011497172527, -0.000520829635207, 0.000133751120302, -0.000667184765916, 0.000691638153512, -0.000537319981959, 0.000471955165267, -0.00332506070845, 0.00993171799928, -0.00376856839284, 0.00010125793051, 0.00227765389718], [-3.99826103603e-06, -0.00108061498031, 0.000328621390508, 0.000411890301621, -0.00160919677, 0.000506457523443, 0.000251805613516, -0.00107652624138, 0.000134636167786, -0.00376856839284, 0.0148794380948, -0.00383654912002, -0.00142694124952], [-0.000314043980325, 0.000321265746607, -0.000978609081358, 0.000410618376918, 0.00101427873597, 3.83912265534e-05, -0.000430113868788, -0.000122736950289, 0.00109247968066, 0.00010125793051, -0.00383654912002, 0.0125523256138, -0.00123142742086], [0.000159859017003, -3.1949737604e-05, -0.000166416357388, -0.000887432775926, -0.00141940091271, 0.00141729624011, 0.000105726794573, -0.000970889872406, -0.00090972072212, 0.00227765389718, -0.00142694124952, -0.00123142742086, 0.0128376409411]]}, "melbands": {"dmean": [0.00147246487904, 0.000946708198171, 0.000334592594299, 0.000524063711055, 0.000188769467059, 0.000158471288159, 0.000219206267502, 0.000131523571326, 9.34747513384e-05, 0.000105395774881, 3.54517615051e-05, 3.03903507302e-05, 1.34414376589e-05, 1.07924488475e-05, 1.76524699782e-05, 1.55896341312e-05, 2.01574002858e-05, 1.10453238449e-05, 7.15706801202e-06, 6.04403385296e-06, 7.4498984759e-06, 7.5629964158e-06, 6.83114103595e-06, 3.58106331078e-06, 2.48048127105e-06, 3.08714629682e-06, 2.57345232058e-06, 1.19509138585e-06, 9.74873273663e-07, 9.70230871644e-07, 1.08558049305e-06, 1.1888505469e-06, 8.15058115222e-07, 4.5663301762e-07, 3.21870089692e-07, 4.75870535865e-07, 7.6765780932e-07, 6.97701693753e-07, 8.24625374207e-07, 7.67457379425e-07], "dmean2": [0.0025017564185, 0.00140088284388, 0.000563117442653, 0.000931279791985, 0.000303367094602, 0.000258093205048, 0.000344084168319, 0.000187829922652, 0.000138858464197, 0.000157885500812, 5.43964524695e-05, 5.02212278661e-05, 2.12588711292e-05, 1.70024813997e-05, 2.73498117167e-05, 2.39128075918e-05, 2.94789006148e-05, 1.66890677065e-05, 1.10248902274e-05, 9.27164910536e-06, 1.13735231935e-05, 1.18819743875e-05, 1.0618306078e-05, 5.53209156351e-06, 3.92986112274e-06, 4.60570754512e-06, 3.84494251193e-06, 1.80419976914e-06, 1.52647248797e-06, 1.54232191107e-06, 1.7454283352e-06, 1.77896708919e-06, 1.21035691336e-06, 6.8748903459e-07, 4.6656580821e-07, 7.15909550308e-07, 1.1115680536e-06, 9.96346443571e-07, 1.21836967537e-06, 1.11188307983e-06], "dvar": [1.66441113834e-05, 6.01404144618e-06, 6.34530806565e-07, 1.87006742181e-06, 1.2256481341e-07, 1.38660439575e-07, 2.81460387441e-07, 2.32518232224e-07, 5.52748744553e-08, 7.10144476557e-08, 6.9656502788e-09, 4.57009274868e-09, 1.08609232718e-09, 8.07905353728e-10, 2.41533038015e-09, 1.84495885236e-09, 3.26443361232e-09, 9.77370961941e-10, 6.2609450957e-10, 4.55754906037e-10, 8.29658064472e-10, 5.52922818642e-10, 5.09126463211e-10, 1.17141366052e-10, 8.55208473483e-11, 8.92939333585e-11, 6.50089981846e-11, 2.86667443256e-11, 1.32511475751e-11, 1.34143737784e-11, 1.75438760741e-11, 1.66588739331e-11, 7.89411244706e-12, 1.24895146308e-12, 8.32159048701e-13, 2.33210846468e-12, 1.63303762873e-11, 1.0091556063e-11, 2.40246589983e-11, 1.68726074778e-11], "dvar2": [4.8785143008e-05, 1.25178448798e-05, 1.67688176589e-06, 5.33271486347e-06, 3.33730298507e-07, 3.63037287343e-07, 7.06151979557e-07, 4.11132390354e-07, 1.13963345427e-07, 1.46566748072e-07, 1.57903379261e-08, 1.23233654392e-08, 2.46966869177e-09, 1.84076021092e-09, 5.64007462955e-09, 4.40605907315e-09, 7.19839921004e-09, 2.15719020424e-09, 1.40172051744e-09, 9.78403913443e-10, 1.86011261949e-09, 1.3029238799e-09, 1.08197129034e-09, 3.04913205795e-10, 2.23485133177e-10, 1.86191492779e-10, 1.37015093715e-10, 5.27031543407e-11, 2.96502752906e-11, 3.08966602303e-11, 4.08147682318e-11, 3.86906340299e-11, 1.64712479767e-11, 2.51583888271e-12, 1.4850244515e-12, 4.56482985092e-12, 3.35108399363e-11, 2.07187201423e-11, 5.41026563827e-11, 3.411939134e-11], "max": [0.0521794036031, 0.0362411253154, 0.0131960185245, 0.0249149799347, 0.00758434878662, 0.0192775726318, 0.0106071075425, 0.0161593481898, 0.00707265548408, 0.00665390165523, 0.0018047564663, 0.00138474151026, 0.00118353893049, 0.000883620406967, 0.00138004019391, 0.000957748794463, 0.00125067366753, 0.000752269406803, 0.000941779522691, 0.00121260411106, 0.00113293295726, 0.000656366115436, 0.00104111887049, 0.000378373020794, 0.000381340272725, 0.000374531198759, 0.00029825346428, 0.000378404190997, 0.000233850805671, 0.000220388319576, 0.000126298473333, 0.000136171307531, 0.000109852939204, 2.39612927544e-05, 1.73200078279e-05, 8.88410286279e-05, 0.000259392167209, 0.000130577085656, 0.000155777335749, 0.000113739137305], "mean": [0.00207932572812, 0.0014917710796, 0.000574637146201, 0.000759893562645, 0.000503523740917, 0.000387529551517, 0.000479557813378, 0.000295891863061, 0.000223563954933, 0.000237262443989, 7.58489259169e-05, 5.50386757823e-05, 2.80276344711e-05, 2.22831622523e-05, 3.86225256079e-05, 3.61598649761e-05, 4.30795953434e-05, 2.24418818107e-05, 1.33975172503e-05, 1.14725553431e-05, 1.45820367834e-05, 1.68806072907e-05, 1.64662560564e-05, 8.28056545288e-06, 5.39883649253e-06, 7.12940936864e-06, 5.3736685004e-06, 2.67858627012e-06, 2.03152421818e-06, 2.04861453312e-06, 2.21283517021e-06, 2.48432888839e-06, 1.66049869676e-06, 1.01588011603e-06, 7.25095901544e-07, 9.16671297091e-07, 1.35083041641e-06, 1.12337659175e-06, 1.19103412999e-06, 1.20526783576e-06], "median": [0.000575308687985, 0.000422603217885, 0.00022740579152, 0.00036142510362, 0.000194147462025, 0.000119007956528, 0.000118104435387, 3.34951000696e-05, 3.38728386851e-05, 4.27585255238e-05, 1.92944971786e-05, 1.64042576216e-05, 4.49246954304e-06, 2.59691842075e-06, 3.01978684547e-06, 3.3466315017e-06, 2.14881083593e-06, 1.61987350111e-06, 1.18209504762e-06, 8.92879597814e-07, 7.7935567333e-07, 7.92018738593e-07, 1.10580754153e-06, 9.17119393762e-07, 6.94183938776e-07, 7.32009084459e-07, 5.041842428e-07, 3.08603176791e-07, 2.57088515809e-07, 3.0557200148e-07, 2.95912940373e-07, 3.25096891629e-07, 2.98680419064e-07, 2.11664286098e-07, 1.46605515283e-07, 1.40728900533e-07, 1.22576665262e-07, 1.00837048933e-07, 8.1873501756e-08, 7.42294190559e-08], "min": [8.07306287565e-24, 4.59568117504e-24, 7.1085052919e-24, 9.64152424793e-24, 1.59662954416e-23, 3.30719773985e-23, 2.44777117562e-23, 9.44863434597e-24, 1.28903043134e-23, 1.07006946532e-23, 1.52237485602e-23, 2.05923651165e-23, 1.37604163141e-23, 1.06797882615e-23, 6.08157918169e-24, 8.06333622069e-24, 1.55636955455e-23, 1.23371171813e-23, 9.88120543448e-24, 1.09224489757e-23, 8.03920733218e-24, 8.81069199824e-24, 7.80695563763e-24, 1.00562907458e-23, 6.06445380029e-24, 1.48091690223e-23, 1.18549109647e-23, 7.95230247056e-24, 1.15869199268e-23, 1.00629684534e-23, 1.02741686058e-23, 9.65327669769e-24, 7.27391680195e-24, 5.83134658609e-24, 7.81163910483e-24, 8.2658036829e-24, 9.89061260078e-24, 1.25515051207e-23, 1.11120209287e-23, 8.96668766453e-24], "var": [1.96527289518e-05, 9.74833983491e-06, 8.93339574759e-07, 1.79292032954e-06, 6.28298835181e-07, 4.41080402425e-07, 8.58388546021e-07, 8.44948772283e-07, 2.68151779892e-07, 3.03738914909e-07, 2.62648605087e-08, 1.14048921418e-08, 3.59369112246e-09, 2.56395149556e-09, 9.38299393738e-09, 7.02020086507e-09, 1.22046905915e-08, 3.351079636e-09, 1.56533030982e-09, 9.93886306588e-10, 2.58552024235e-09, 2.21909957077e-09, 2.89797141839e-09, 5.27012322671e-10, 1.9958953934e-10, 2.97297048091e-10, 1.96496929838e-10, 8.25774934543e-11, 3.14312464944e-11, 3.4712521052e-11, 3.68129970951e-11, 3.80597428573e-11, 1.93432821843e-11, 3.9756652831e-12, 2.71656872344e-12, 6.46667918866e-12, 3.79365566738e-11, 1.89275903978e-11, 3.3112297626e-11, 3.03356714748e-11]}, "mfcc": {"mean": [-746.383483887, 137.295303345, 24.4824008942, 15.2535858154, 2.32078886032, -4.80466794968, -2.50112962723, 3.96946787834, 0.881594359875, 1.09935808182, 3.0229473114, -3.84156727791, -5.8461766243], "cov": [[24821.65625, -943.847473145, -1029.33776855, 1481.35205078, 955.35369873, 985.633605957, 323.47555542, 30.2393932343, -11.6756515503, 58.4464187622, 826.332519531, 666.283325195, 320.425292969], [-943.847473145, 3303.30078125, 383.585296631, -80.3195571899, 375.611236572, 72.2241897583, -175.797363281, -258.875579834, -428.126831055, -311.9034729, -180.685974121, -27.4965114594, 143.49911499], [-1029.33776855, 383.585296631, 697.275634766, 36.4173240662, 38.5228424072, -38.6355628967, -29.1407108307, -105.805168152, -115.868278503, -128.175369263, -141.731323242, -68.8218765259, -2.0743496418], [1481.35205078, -80.3195571899, 36.4173240662, 508.334472656, 248.570373535, 145.948303223, 179.193023682, 173.003936768, 132.341278076, 96.2341308594, 84.0564956665, 73.0438919067, 79.1529998779], [955.35369873, 375.611236572, 38.5228424072, 248.570373535, 536.155090332, 150.201461792, 128.999359131, 81.8366775513, 91.1879043579, 86.9579086304, 52.7375984192, 80.6032562256, 113.803741455], [985.633605957, 72.2241897583, -38.6355628967, 145.948303223, 150.201461792, 290.808349609, 173.993057251, 142.034713745, 87.4992675781, 87.0601577759, 99.4725494385, 65.5828094482, 29.7068405151], [323.47555542, -175.797363281, -29.1407108307, 179.193023682, 128.999359131, 173.993057251, 361.526062012, 304.689819336, 225.287643433, 195.611877441, 123.99282074, 48.2817497253, 40.5314331055], [30.2393932343, -258.875579834, -105.805168152, 173.003936768, 81.8366775513, 142.034713745, 304.689819336, 485.758392334, 337.852905273, 254.837142944, 168.693786621, 60.8256263733, 41.6414604187], [-11.6756515503, -428.126831055, -115.868278503, 132.341278076, 91.1879043579, 87.4992675781, 225.287643433, 337.852905273, 389.420593262, 276.281555176, 148.329803467, 54.297203064, 16.1321620941], [58.4464187622, -311.9034729, -128.175369263, 96.2341308594, 86.9579086304, 87.0601577759, 195.611877441, 254.837142944, 276.281555176, 318.790161133, 158.810073853, 45.2322616577, 16.3114109039], [826.332519531, -180.685974121, -141.731323242, 84.0564956665, 52.7375984192, 99.4725494385, 123.99282074, 168.693786621, 148.329803467, 158.810073853, 231.471679688, 96.0132980347, 19.3057117462], [666.283325195, -27.4965114594, -68.8218765259, 73.0438919067, 80.6032562256, 65.5828094482, 48.2817497253, 60.8256263733, 54.297203064, 45.2322616577, 96.0132980347, 118.210128784, 41.86743927], [320.425292969, 143.49911499, -2.0743496418, 79.1529998779, 113.803741455, 29.7068405151, 40.5314331055, 41.6414604187, 16.1321620941, 16.3114109039, 19.3057117462, 41.86743927, 114.923347473]], "icov": [[7.42093325243e-05, 3.60003723472e-05, 9.28543158807e-05, -0.000183217882295, -4.69369915663e-05, -0.000165944788023, 3.05368776026e-05, 0.000112273308332, 7.4567986303e-05, 0.00012772748596, -0.000234585560975, -6.28446432529e-05, -5.23628295923e-05], [3.60003723472e-05, 0.000499570742249, -0.000126644154079, 0.000177903333679, -0.000478810194181, -0.000303890818032, 0.000252981262747, -0.000325241417158, 0.00071157515049, 0.000138559102197, -0.000120173193864, 0.000156687834533, -0.000424102210673], [9.28543158807e-05, -0.000126644154079, 0.00194809352979, -0.000594053184614, -0.000123370002257, 3.77473334083e-05, -0.000526441494003, 0.000386832194636, -6.76451463733e-06, 0.00059795670677, 0.000398905598558, 0.000406134233344, 0.000202578608878], [-0.000183217882295, 0.000177903333679, -0.000594053184614, 0.00364904315211, -0.00102422724012, -0.000118424533866, -0.000505336152855, -0.00081957335351, -0.000153635133756, 0.000145117985085, 0.000391277251765, -0.000184723408893, -0.00071269919863], [-4.69369915663e-05, -0.000478810194181, -0.000123370002257, -0.00102422724012, 0.00368678453378, -0.000732552318368, -0.000420116557507, 0.00125926639885, -0.00128408253659, -0.000814809231088, 0.000814625702333, -0.0009851482464, -0.00181973492727], [-0.000165944788023, -0.000303890818032, 3.77473334083e-05, -0.000118424533866, -0.000732552318368, 0.00639655953273, -0.00258950772695, -0.000508533965331, 0.000711549713742, -8.32067671581e-05, -0.000395138806198, -0.00129047629889, 0.00154230499174], [3.05368776026e-05, 0.000252981262747, -0.000526441494003, -0.000505336152855, -0.000420116557507, -0.00258950772695, 0.00793185550719, -0.00344658596441, 0.0003485106281, -0.00143797043711, -0.000123552716104, 0.000876894511748, -0.000669203931466], [0.000112273308332, -0.000325241417158, 0.000386832194636, -0.00081957335351, 0.00125926639885, -0.000508533965331, -0.00344658596441, 0.00817992817611, -0.00513172522187, 0.000668703753036, -0.0015841559507, 0.000570070231333, -0.00151550071314], [7.4567986303e-05, 0.00071157515049, -6.76451463733e-06, -0.000153635133756, -0.00128408253659, 0.000711549713742, 0.0003485106281, -0.00513172522187, 0.0115281566978, -0.00544413924217, 0.000727913400624, -0.00148641958367, 0.00140713248402], [0.00012772748596, 0.000138559102197, 0.00059795670677, 0.000145117985085, -0.000814809231088, -8.32067671581e-05, -0.00143797043711, 0.000668703753036, -0.00544413924217, 0.0105630159378, -0.00429935520515, 0.00252924999222, -0.000459280825453], [-0.000234585560975, -0.000120173193864, 0.000398905598558, 0.000391277251765, 0.000814625702333, -0.000395138806198, -0.000123552716104, -0.0015841559507, 0.000727913400624, -0.00429935520515, 0.0115411300212, -0.00677808141336, 0.00149343640078], [-6.28446432529e-05, 0.000156687834533, 0.000406134233344, -0.000184723408893, -0.0009851482464, -0.00129047629889, 0.000876894511748, 0.000570070231333, -0.00148641958367, 0.00252924999222, -0.00677808141336, 0.0166318304837, -0.00416336162016], [-5.23628295923e-05, -0.000424102210673, 0.000202578608878, -0.00071269919863, -0.00181973492727, 0.00154230499174, -0.000669203931466, -0.00151550071314, 0.00140713248402, -0.000459280825453, 0.00149343640078, -0.00416336162016, 0.0131935337558]]}, "spectral_contrast_coeffs": {"dmean": [0.0458705611527, 0.0411081723869, 0.0367835834622, 0.0254203900695, 0.0212152935565, 0.0206526741385], "dmean2": [0.0776746422052, 0.0676088035107, 0.0603961385787, 0.040581766516, 0.0331943109632, 0.0336167216301], "dvar": [0.00159389316104, 0.00156215403695, 0.00105799897574, 0.000547117146198, 0.000418704556068, 0.000536364037544], "dvar2": [0.00443779863417, 0.00379020255059, 0.00277443509549, 0.00127296766732, 0.000911768176593, 0.00153971777763], "max": [-0.234733596444, -0.294618427753, -0.483002632856, -0.491569429636, -0.430405050516, -0.612139701843], "mean": [-0.637293159962, -0.672005236149, -0.728416621685, -0.779624998569, -0.782174170017, -0.801760017872], "median": [-0.655411481857, -0.679145812988, -0.735712885857, -0.789521217346, -0.786068558693, -0.79467266798], "min": [-0.979584515095, -0.961000025272, -0.966335058212, -0.967984080315, -0.956399023533, -0.966030716896], "var": [0.0164530649781, 0.0109649933875, 0.0057704676874, 0.00531285395846, 0.00376002723351, 0.00438280077651]}, "spectral_contrast_valleys": {"dmean": [0.428452730179, 0.331993818283, 0.291768729687, 0.273163348436, 0.259659856558, 0.408104032278], "dmean2": [0.706309497356, 0.532884180546, 0.474085569382, 0.438782662153, 0.395030140877, 0.626506328583], "dvar": [0.239418148994, 0.198728039861, 0.14014223218, 0.166603520513, 0.169923514128, 0.341193884611], "dvar2": [0.570404350758, 0.381634503603, 0.276569604874, 0.325664579868, 0.317475795746, 0.864406764507], "max