{"lowlevel": {"average_loudness": 0.957843363285, "barkbands_crest": {"dmean": 3.44869565964, "dmean2": 5.10824108124, "dvar": 10.7560892105, "dvar2": 20.5027828217, "max": 26.8736915588, "mean": 15.3527507782, "median": 14.8868732452, "min": 2.80339217186, "var": 43.6452102661}, "barkbands_flatness_db": {"dmean": 0.0579287298024, "dmean2": 0.078830845654, "dvar": 0.00297201517969, "dvar2": 0.00524782110006, "max": 0.643888831139, "mean": 0.231327116489, "median": 0.218542277813, "min": 0.0276971403509, "var": 0.0137147177011}, "barkbands_kurtosis": {"dmean": 52.4971466064, "dmean2": 78.5805130005, "dvar": 21642.5234375, "dvar2": 44561.421875, "max": 9301.7109375, "mean": 69.8966827393, "median": 15.8755521774, "min": -1.97772681713, "var": 41436.8398438}, "barkbands_skewness": {"dmean": 2.28296279907, "dmean2": 3.11459064484, "dvar": 6.45667076111, "dvar2": 13.7693080902, "max": 70.8718566895, "mean": 4.87727689743, "median": 3.57019996643, "min": -4.95617818832, "var": 24.3734817505}, "barkbands_spread": {"dmean": 12.8012447357, "dmean2": 19.0407562256, "dvar": 338.60369873, "dvar2": 670.95526123, "max": 119.081977844, "mean": 20.9258918762, "median": 7.99423599243, "min": 0.0162827018648, "var": 731.676391602}, "dissonance": {"dmean": 0.0225684661418, "dmean2": 0.0370951704681, "dvar": 0.0005534022348, "dvar2": 0.00137895834632, "max": 0.500000119209, "mean": 0.463201552629, "median": 0.472504675388, "min": 0.215487241745, "var": 0.00104462797754}, "dynamic_complexity": 3.01193332672, "erbbands_crest": {"dmean": 3.65282869339, "dmean2": 5.91191244125, "dvar": 11.6904735565, "dvar2": 29.1109142303, "max": 32.383014679, "mean": 9.87250804901, "median": 8.28225326538, "min": 2.3947467804, "var": 27.5885124207}, "erbbands_flatness_db": {"dmean": 0.0287629142404, "dmean2": 0.0434796437621, "dvar": 0.000821361492854, "dvar2": 0.00166592642199, "max": 0.457328289747, "mean": 0.141922384501, "median": 0.128094702959, "min": 0.0538392178714, "var": 0.00289134681225}, "erbbands_kurtosis": {"dmean": 2.96574091911, "dmean2": 4.5470328331, "dvar": 54.9419822693, "dvar2": 109.911804199, "max": 352.595794678, "mean": 2.42202425003, "median": 0.355170965195, "min": -1.89601838589, "var": 123.898803711}, "erbbands_skewness": {"dmean": 0.813663840294, "dmean2": 1.1779718399, "dvar": 0.52878600359, "dvar2": 1.14108192921, "max": 15.3037443161, "mean": 0.56830394268, "median": 0.553451061249, "min": -11.4311752319, "var": 2.11440634727}, "erbbands_spread": {"dmean": 22.1847267151, "dmean2": 32.0819091797, "dvar": 436.638122559, "dvar2": 906.744506836, "max": 182.07208252, "mean": 58.3921394348, "median": 51.8162918091, "min": 0.525336742401, "var": 1269.61523438}, "hfc": {"dmean": 20.210981369, "dmean2": 31.2523040771, "dvar": 1095.80090332, "dvar2": 2505.04345703, "max": 277.568054199, "mean": 24.5540962219, "median": 11.1840200424, "min": 8.60197724251e-06, "var": 1217.64709473}, "melbands_crest": {"dmean": 4.4911532402, "dmean2": 6.69884443283, "dvar": 17.8021087646, "dvar2": 38.3066940308, "max": 36.7886810303, "mean": 22.0303573608, "median": 22.987985611, "min": 2.66673564911, "var": 60.2299003601}, "melbands_flatness_db": {"dmean": 0.0711518526077, "dmean2": 0.0941582024097, "dvar": 0.00422119349241, "dvar2": 0.00741875264794, "max": 0.776253759861, "mean": 0.322254300117, "median": 0.314174979925, "min": 0.0294821001589, "var": 0.0211075264961}, "melbands_kurtosis": {"dmean": 62.7410736084, "dmean2": 88.9346694946, "dvar": 7285.33984375, "dvar2": 14230.5390625, "max": 1057.77331543, "mean": 107.519584656, "median": 48.1575546265, "min": -1.91280579567, "var": 20691.3613281}, "melbands_skewness": {"dmean": 2.29253935814, "dmean2": 3.16699528694, "dvar": 4.8512840271, "dvar2": 9.20710945129, "max": 24.6371459961, "mean": 6.50533723831, "median": 5.45985984802, "min": -3.639077425, "var": 19.3929195404}, "melbands_spread": {"dmean": 13.2867736816, "dmean2": 20.0072631836, "dvar": 643.795776367, "dvar2": 1369.76318359, "max": 241.921691895, "mean": 17.7048568726, "median": 4.92669582367, "min": 0.181686133146, "var": 1027.08361816}, "pitch_salience": {"dmean": 0.117524586618, "dmean2": 0.167664095759, "dvar": 0.0130254905671, "dvar2": 0.025130527094, "max": 0.933353602886, "mean": 0.379129469395, "median": 0.375045359135, "min": 0.00971293263137, "var": 0.0486544519663}, "silence_rate_20dB": {"dmean": 0, "dmean2": 0, "dvar": 0, "dvar2": 0, "max": 1, "mean": 1, "median": 1, "min": 1, "var": 0}, "silence_rate_30dB": {"dmean": 0.109761327505, "dmean2": 0.219554036856, "dvar": 0.0977115631104, "dvar2": 0.199374899268, "max": 1, "mean": 0.814232647419, "median": 1, "min": 0, "var": 0.151250123978}, "silence_rate_60dB": {"dmean": 0.0137201659381, "dmean2": 0.0273013152182, "dvar": 0.013532474637, "dvar2": 0.0334182083607, "max": 1, "mean": 0.0340097174048, "median": 0, "min": 0, "var": 0.0328537002206}, "spectral_centroid": {"dmean": 529.11932373, "dmean2": 768.975891113, "dvar": 441700, "dvar2": 848102.75, "max": 5169.25488281, "mean": 1086.0604248, "median": 634.00793457, "min": 70.6956939697, "var": 1132143.5}, "spectral_complexity": {"dmean": 4.88923835754, "dmean2": 7.47055482864, "dvar": 47.2438735962, "dvar2": 94.3738861084, "max": 57, "mean": 11.1461849213, "median": 9, "min": 0, "var": 80.2092132568}, "spectral_decrease": {"dmean": 8.81818706944e-09, "dmean2": 1.37794389232e-08, "dvar": 1.39250747456e-16, "dvar2": 3.98106120484e-16, "max": -3.61365563471e-16, "mean": -1.517395809e-08, "median": -9.75364944367e-09, "min": -9.30703123458e-08, "var": 2.47674710178e-16}, "spectral_energy": {"dmean": 0.0343363918364, "dmean2": 0.0540155544877, "dvar": 0.00198981375434, "dvar2": 0.00568236596882, "max": 0.354463636875, "mean": 0.059497192502, "median": 0.039359845221, "min": 2.59603338826e-09, "var": 0.00354527658783}, "spectral_energyband_high": {"dmean": 0.00190577015746, "dmean2": 0.00285853492096, "dvar": 1.2498061551e-05, "dvar2": 2.84184334305e-05, "max": 0.029839463532, "mean": 0.00192607496865, "median": 0.000289231044007, "min": 1.31313668272e-10, "var": 1.41856971823e-05}, "spectral_energyband_low": {"dmean": 0.0313748344779, "dmean2": 0.0500056482852, "dvar": 0.00229050056078, "dvar2": 0.00633029639721, "max": 0.352074414492, "mean": 0.0488900952041, "median": 0.0228347331285, "min": 1.93918904372e-12, "var": 0.00351440580562}, "spectral_energyband_middle_high": {"dmean": 0.00158632604871, "dmean2": 0.00265038595535, "dvar": 1.62277792697e-05, "dvar2": 4.34625435446e-05, "max": 0.0506700277328, "mean": 0.00147121644113, "median": 0.000412842724472, "min": 6.46428022222e-10, "var": 1.22972514873e-05}, "spectral_energyband_middle_low": {"dmean": 0.00784968491644, "dmean2": 0.0126426406205, "dvar": 0.00025288190227, "dvar2": 0.000596896454226, "max": 0.160816192627, "mean": 0.00914926454425, "median": 0.00312683731318, "min": 1.33433949653e-11, "var": 0.000251688237768}, "spectral_entropy": {"dmean": 0.411545842886, "dmean2": 0.582060158253, "dvar": 0.172127738595, "dvar2": 0.30735245347, "max": 8.79114818573, "mean": 7.40194749832, "median": 7.53464889526, "min": 3.59669303894, "var": 0.643845915794}, "spectral_flux": {"dmean": 0.0615890398622, "dmean2": 0.101619906723, "dvar": 0.00374901597388, "dvar2": 0.00956163462251, "max": 0.560090839863, "mean": 0.12568987906, "median": 0.0972822681069, "min": 5.09512829012e-05, "var": 0.00837800651789}, "spectral_kurtosis": {"dmean": 3.66092967987, "dmean2": 5.41670131683, "dvar": 55.4941520691, "dvar2": 119.651611328, "max": 204.880096436, "mean": 5.74945688248, "median": 2.29806733131, "min": -0.768853902817, "var": 99.48412323}, "spectral_rms": {"dmean": 0.00205495604314, "dmean2": 0.00307549606077, "dvar": 4.21240611104e-06, "dvar2": 1.06399484139e-05, "max": 0.0185961872339, "mean": 0.0067198346369, "median": 0.00619676103815, "min": 1.5914507685e-06, "var": 1.28895644593e-05}, "spectral_rolloff": {"dmean": 1178.62365723, "dmean2": 1922.07409668, "dvar": 5994454.5, "dvar2": 10677452, "max": 13092.1875, "mean": 1694.97338867, "median": 172.265625, "min": 43.06640625, "var": 10170130}, "spectral_skewness": {"dmean": 0.498260587454, "dmean2": 0.693227231503, "dvar": 0.401531726122, "dvar2": 0.762555718422, "max": 11.7564382553, "mean": 1.70261025429, "median": 1.36987686157, "min": 0.295581370592, "var": 1.15456318855}, "spectral_spread": {"dmean": 1298739.375, "dmean2": 1846030.875, "dvar": 2781090676740.0, "dvar2": 5370159824900.0, "max": 15091045, "mean": 6256599, "median": 6276792, "min": 556364.375, "var": 7218620006400.0}, "spectral_strongpeak": {"dmean": 0.306418955326, "dmean2": 0.502179741859, "dvar": 0.227733239532, "dvar2": 0.591575860977, "max": 8.4402513504, "mean": 0.622404694557, "median": 0.494825482368, "min": 0.00012625886302, "var": 0.289929002523}, "zerocrossingrate": {"dmean": 0.026679193601, "dmean2": 0.0277604218572, "dvar": 0.00132238317747, "dvar2": 0.00144917611033, "max": 0.4267578125, "mean": 0.0572134032845, "median": 0.02734375, "min": 0.001953125, "var": 0.00521750701591}, "barkbands": {"dmean": [0.000575520272832, 0.0210700370371, 0.0121128307655, 0.00419043004513, 0.00263610575348, 0.00107486452907, 0.000438146700617, 0.000400505261496, 0.000538738735486, 0.000370509340428, 0.000213330538827, 0.000171355030034, 0.000122784418636, 0.000159564864589, 0.000127677267301, 0.000112807501864, 0.00010292231309, 0.000191480765352, 0.000127675841213, 0.000220223810175, 0.000300848390907, 0.000423723715357, 0.000215504333028, 0.000219228400965, 0.000437599228462, 0.000253582024015, 9.2048667284e-06], "dmean2": [0.000614905904513, 0.0341840535402, 0.0197423323989, 0.00701803294942, 0.00452942447737, 0.0018037367845, 0.000752834253944, 0.000694334681612, 0.00095133628929, 0.000647082400974, 0.000361545942724, 0.000299148465274, 0.00021322464454, 0.000269692740403, 0.000222553775529, 0.000200812064577, 0.000172107917024, 0.000337470584782, 0.000207231161767, 0.000369387707906, 0.000484645686811, 0.000639490433969, 0.000326899840729, 0.000333488860633, 0.000664567633066, 0.000389300199458, 1.43559791468e-05], "dvar": [1.01852219814e-06, 0.00124368094839, 0.000705888669472, 0.000105849416286, 4.59032089566e-05, 1.40928377732e-05, 8.69638881795e-07, 1.23740881008e-06, 3.31748378812e-06, 1.16533465189e-06, 6.92330104357e-07, 2.46802699166e-07, 1.61669035492e-07, 3.36438915838e-07, 3.42311579971e-07, 2.45474097937e-07, 9.33359203259e-08, 6.49198909741e-07, 1.22473167607e-07, 3.41673796811e-07, 3.33577020228e-07, 5.45401064755e-07, 1.72932473674e-07, 1.84975448292e-07, 1.2338742863e-06, 4.65921914383e-07, 3.97795990592e-10], "dvar2": [1.09476889065e-06, 0.00337135070004, 0.0016962842783, 0.000274495425401, 0.000124210986542, 3.51902490365e-05, 2.38093230109e-06, 3.44383602169e-06, 9.44313615037e-06, 3.26152076013e-06, 1.87937644114e-06, 6.72259602652e-07, 4.13456604065e-07, 8.78308071606e-07, 9.52926427544e-07, 6.93033712196e-07, 2.31101921599e-07, 1.84058694686e-06, 3.16905101272e-07, 9.2902570259e-07, 7.75805574449e-07, 1.2616018239e-06, 4.07058621477e-07, 4.18265415192e-07, 2.80013136944e-06, 1.0599445659e-06, 8.79224248962e-10], "max": [0.0104213943705, 0.283205986023, 0.216263219714, 0.133772417903, 0.110897414386, 0.0678319633007, 0.0147569961846, 0.0189366824925, 0.0301189720631, 0.0175626892596, 0.0210274532437, 0.0110085969791, 0.00779304932803, 0.0160141773522, 0.0144570674747, 0.0119544677436, 0.00619811052456, 0.0191021058708, 0.00810876302421, 0.00871263910085, 0.00484031159431, 0.00731020094827, 0.00397321255878, 0.00444837799296, 0.0107253305614, 0.00569625385106, 0.000673357688356], "mean": [0.00101289269514, 0.0309914387763, 0.0150325037539, 0.00374903320335, 0.00236442591995, 0.00118237757124, 0.000559568172321, 0.000496435677633, 0.000606189772952, 0.000370318244677, 0.0001936211047, 0.000147510276292, 0.000106039922684, 0.000127571940538, 0.000100006167486, 8.28225965961e-05, 9.29250381887e-05, 0.000146214704728, 0.000123974401504, 0.000186402277905, 0.00027138198493, 0.000418600946432, 0.000253359845374, 0.000240154273342, 0.000407211919082, 0.0002249970712, 9.20112233871e-06], "median": [7.88078468759e-05, 0.00934534519911, 0.00232104747556, 0.000423426798079, 0.000552491925191, 0.000463184667751, 0.000230626872508, 0.000149528146721, 0.000136973831104, 7.85181546235e-05, 3.68433466065e-05, 2.7287791454e-05, 1.56965725182e-05, 1.78933660209e-05, 1.25596416183e-05, 9.33813589654e-06, 1.4669911252e-05, 1.61118387041e-05, 1.91828876268e-05, 2.55071317952e-05, 3.13929194817e-05, 5.90416348132e-05, 4.23608144047e-05, 3.48683242919e-05, 2.41255020228e-05, 8.33375179354e-06, 5.76276590891e-07], "min": [1.33098772889e-12, 1.1199938546e-12, 1.17195654765e-13, 1.40282804904e-13, 2.89392251482e-12, 2.4199672214e-12, 7.01264567249e-13, 3.85113815837e-12, 3.21565300429e-12, 2.79656885756e-13, 7.27914863802e-12, 1.27155690491e-11, 6.02273396086e-12, 1.91367256243e-12, 7.47856984673e-11, 7.03657479506e-11, 9.06524716404e-11, 1.82316495234e-10, 4.27787284762e-11, 1.12661636964e-10, 3.16506890141e-11, 4.35066427329e-11, 3.22180541794e-12, 1.16370183888e-12, 7.69878355945e-13, 5.54744564087e-13, 7.02720596556e-13], "var": [3.7887552935e-06, 0.00195665494539, 0.00080449541565, 8.37336556287e-05, 3.34917531291e-05, 1.27040611915e-05, 8.9677627102e-07, 1.26485406327e-06, 2.82128848994e-06, 9.97789015855e-07, 4.9924835821e-07, 1.77850864702e-07, 1.26373180365e-07, 2.5075817689e-07, 2.21041730697e-07, 1.51628555045e-07, 8.26324821901e-08, 4.00894066388e-07, 1.05798967809e-07, 2.50561924986e-07, 3.47359957686e-07, 6.2254474642e-07, 2.21497046482e-07, 2.42687008267e-07, 1.23938878005e-06, 4.57496184936e-07, 8.41453462463e-10]}, "erbbands": {"dmean": [0.548232972622, 5.167760849, 14.8599243164, 10.8057222366, 12.9626750946, 7.81173944473, 4.96530103683, 11.5948753357, 6.62118339539, 7.9108171463, 9.08301353455, 13.1332645416, 13.5417404175, 8.28483104706, 8.60227108002, 6.85405015945, 5.90088033676, 7.36613845825, 7.17573833466, 6.9822010994, 5.58862161636, 6.28224658966, 9.92210006714, 8.53984737396, 6.66237545013, 10.1771059036, 13.6282501221, 11.4317121506, 16.9748516083, 9.77923774719, 5.53815698624, 5.09710645676, 3.5721321106, 3.92627620697, 3.71077442169, 1.56380689144, 0.356696039438, 0.033742453903, 0.00160288310144, 9.81135453912e-05], "dmean2": [0.778398573399, 8.56005477905, 24.3216209412, 16.7604045868, 21.251449585, 13.7049999237, 8.42508029938, 19.4642086029, 11.2584905624, 13.3739566803, 16.0182247162, 23.0275821686, 23.7384471893, 13.9572877884, 14.6931238174, 11.7797842026, 10.1333398819, 12.2627954483, 12.4246397018, 12.3496599197, 9.74878692627, 10.4577970505, 17.2988777161, 14.6637125015, 10.809305191, 16.9399604797, 22.5855979919, 17.747964859, 25.9868450165, 14.9128437042, 8.36065769196, 8.09943389893, 5.42501592636, 5.97087240219, 5.6496462822, 2.36286473274, 0.5599578619, 0.0532335005701, 0.00246333656833, 0.000152960928972], "dvar": [0.926653981209, 82.4296188354, 1040.69360352, 505.731201172, 991.703430176, 451.272399902, 114.255630493, 2037.55981445, 196.081497192, 310.108154297, 913.93548584, 1889.73583984, 1819.56884766, 576.57043457, 1253.41442871, 344.064727783, 337.280273438, 484.273040771, 919.540222168, 1244.16320801, 504.340637207, 373.422668457, 1578.17211914, 1211.20666504, 271.003051758, 675.9375, 758.438659668, 438.808319092, 988.048583984, 311.009918213, 106.64566803, 122.173484802, 48.7809524536, 81.6791152954, 99.378578186, 17.7573204041, 0.900665283203, 0.0070538604632, 1.25026226669e-05, 3.36611805096e-08], "dvar2": [2.1745390892, 219.191665649, 2594.94995117, 1230.0402832, 2420.14013672, 1234.46630859, 307.210754395, 5057.84082031, 520.276672363, 820.188171387, 2613.66845703, 5309.45507812, 5170.39208984, 1562.96411133, 3413.75805664, 913.644104004, 862.057556152, 1209.3425293, 2510.13354492, 3519.94946289, 1396.97790527, 946.397460938, 4396.35791016, 3421.51123047, 694.207519531, 1807.1965332, 1820.10986328, 996.368408203, 2362.20043945, 732.250976562, 247.12638855, 313.659454346, 102.143989563, 188.706710815, 224.189422607, 39.0858230591, 2.09656524658, 0.0169802941382, 2.68870298896e-05, 7.49585211679e-08], "max": [8.79692649841, 71.3600006104, 237.808959961, 267.62109375, 327.652435303, 448.534423828, 233.804946899, 780.40020752, 189.106063843, 280.582580566, 483.865447998, 663.594299316, 765.038391113, 459.631469727, 940.700256348, 360.563903809, 366.565185547, 464.819335938, 680.71472168, 939.675842285, 521.34552002, 421.3387146, 879.412719727, 1011.65887451, 289.350982666, 347.11932373, 225.281463623, 187.269882202, 309.633331299, 180.625427246, 99.5666351318, 144.086425781, 103.961753845, 78.7510604858, 101.333999634, 36.0957565308, 7.18319749832, 1.29122769833, 0.116866901517, 0.00787346623838], "mean": [0.866769611835, 6.98767900467, 18.0901947021, 13.8975744247, 11.4228525162, 7.0571770668, 5.56298160553, 12.0031757355, 8.29133796692, 10.30534935, 10.3757896423, 14.9174509048, 14.5798025131, 8.29765796661, 7.48564100266, 6.10795116425, 5.25857877731, 6.2088561058, 5.62194156647, 5.21536684036, 4.31347179413, 5.61847400665, 7.70052480698, 7.34734964371, 6.36996603012, 8.87488269806, 11.9130916595, 10.8035993576, 16.0929527283, 10.0446300507, 6.82070636749, 5.41642475128, 3.97202110291, 3.80112481117, 3.34545826912, 1.43020343781, 0.309330433607, 0.0296592507511, 0.00167400331702, 0.000138825533213], "median": [0.200124710798, 2.16514778137, 3.52879953384, 2.89273929596, 1.68684160709, 1.89908528328, 2.50573968887, 3.88290786743, 3.48855638504, 3.82491850853, 2.97849845886, 3.00960683823, 3.09039258957, 1.94435548782, 1.29530453682, 1.26071500778, 0.960871934891, 1.02237153053, 0.7738032341, 0.623114943504, 0.579922914505, 0.925065755844, 0.854128599167, 1.0803334713, 0.981042265892, 1.21406984329, 1.37727320194, 1.34182596207, 2.03734374046, 1.56499481201, 1.15836787224, 0.781779229641, 0.506887435913, 0.29945230484, 0.140307068825, 0.054398432374, 0.0119781298563, 0.00171338068321, 0.000132600485813, 8.23457085062e-05], "min": [3.14720124961e-11, 1.72771810747e-10, 1.92447974223e-10, 2.7838242822e-10, 2.81811973757e-09, 1.13818039438e-08, 2.12932658172e-08, 1.76385697159e-08, 5.77294612114e-09, 3.77041793342e-08, 9.75682539206e-08, 7.59738867373e-08, 2.00514023163e-08, 6.53937277661e-08, 4.92255651352e-07, 4.40029111815e-07, 5.16687180152e-07, 1.15398187006e-07, 7.46855732814e-07, 7.36848369343e-06, 2.93642278848e-06, 4.6724353524e-06, 8.93364995136e-06, 3.76965249416e-06, 2.22639755521e-06, 6.37409812043e-06, 2.02455794351e-06, 1.28293697799e-06, 2.0211532501e-06, 2.22406740136e-07, 1.05401483097e-07, 3.18289572476e-08, 1.91996392118e-08, 9.43345579429e-09, 4.85323603527e-09, 2.22472196221e-09, 9.77944392133e-10, 4.58952986726e-10, 1.07676360883e-10, 1.402709459e-11], "var": [1.9037181139, 114.059951782, 1085.9654541, 658.840515137, 839.354980469, 339.009796143, 98.1843566895, 1824.67028809, 199.943740845, 361.648254395, 733.824523926, 1765.99829102, 1646.52368164, 464.456787109, 882.556884766, 266.721588135, 266.206726074, 404.970214844, 615.362487793, 760.831115723, 330.952392578, 316.534973145, 1032.99365234, 761.235046387, 249.232162476, 516.399658203, 717.459838867, 502.201660156, 1033.5279541, 347.920776367, 149.052215576, 128.218475342, 70.7166824341, 85.1826248169, 98.420791626, 18.2467632294, 0.851975917816, 0.00692057330161, 2.74911908491e-05, 8.00709401005e-08]}, "gfcc": {"mean": [-36.9576072693, 85.9672393799, -60.0090332031, 45.9077377319, -57.0022087097, 22.0029144287, -23.4862747192, 13.4898719788, -15.9394617081, 5.8161740303, -15.2151603699, 0.783762276173, -11.8196668625], "cov": [[7876.64697266, -3135.94238281, -371.455993652, 357.478942871, -1177.42712402, 158.122268677, -565.184997559, -67.9538650513, -843.202758789, 13.3236408234, -596.118286133, -43.5203895569, -416.12286377], [-3135.94238281, 3414.92919922, 39.8729362488, -529.799499512, 703.708679199, -155.654602051, 515.38494873, -146.185745239, 573.153137207, -250.222793579, 434.059387207, -120.988960266, 267.598083496], [-371.455993652, 39.8729362488, 940.083984375, 150.136291504, 86.8385467529, 176.957977295, 181.177536011, 115.40864563, 73.7870101929, 120.506591797, 34.573638916, 53.1506080627, 26.3385429382], [357.478942871, -529.799499512, 150.136291504, 611.579650879, 110.516777039, 112.128189087, -29.6709823608, 44.1316223145, 27.7877445221, -11.9558353424, 12.8456697464, -23.0704879761, -45.7294387817], [-1177.42712402, 703.708679199, 86.8385467529, 110.516777039, 597.280151367, 68.8735656738, 191.005584717, 11.7543382645, 209.26071167, 9.74824237823, 138.839294434, -30.0163879395, 76.4761428833], [158.122268677, -155.654602051, 176.957977295, 112.128189087, 68.8735656738, 220.024917603, 78.3232803345, 39.8481674194, 13.104634285, 35.509262085, 9.49084568024, 4.63894701004, -17.4902229309], [-565.184997559, 515.38494873, 181.177536011, -29.6709823608, 191.005584717, 78.3232803345, 259.038604736, 48.3927307129, 136.820281982, -15.5520906448, 101.824371338, -8.68647670746, 64.8693084717], [-67.9538650513, -146.185745239, 115.40864563, 44.1316223145, 11.7543382645, 39.8481674194, 48.3927307129, 126.175933838, 39.3752975464, 50.4751358032, 3.64002037048, 34.8013038635, 21.6040554047], [-843.202758789, 573.153137207, 73.7870101929, 27.7877445221, 209.26071167, 13.104634285, 136.820281982, 39.3752975464, 255.448562622, -3.11296081543, 136.010223389, -1.48640978336, 94.1598510742], [13.3236408234, -250.222793579, 120.506591797, -11.9558353424, 9.74824237823, 35.509262085, -15.5520906448, 50.4751358032, -3.11296081543, 172.824905396, 12.2667961121, 65.0496749878, 13.6403646469], [-596.118286133, 434.059387207, 34.573638916, 12.8456697464, 138.839294434, 9.49084568024, 101.824371338, 3.64002037048, 136.010223389, 12.2667961121, 203.232635498, 43.4698791504, 69.8867797852], [-43.5203895569, -120.988960266, 53.1506080627, -23.0704879761, -30.0163879395, 4.63894701004, -8.68647670746, 34.8013038635, -1.48640978336, 65.0496749878, 43.4698791504, 111.681228638, 45.8844413757], [-416.12286377, 267.598083496, 26.3385429382, -45.7294387817, 76.4761428833, -17.4902229309, 64.8693084717, 21.6040554047, 94.1598510742, 13.6403646469, 69.8867797852, 45.8844413757, 119.917869568]], "icov": [[0.000284757465124, 6.1908736825e-05, 0.000142883611261, -0.000212664759601, 0.000402770063374, -0.00026757401065, -0.000194075910258, 0.000176156099769, 0.000406085135182, -0.000129489329993, 0.000224785282626, 9.02460378711e-05, 4.51947307738e-05], [6.1908736825e-05, 0.0018635855522, -0.000595140038058, 0.00175328168552, -0.00102272559889, 0.000935809279326, -0.000819137785584, 0.00171702320222, -0.00186112069059, 0.0021186878439, -0.00178629555739, 0.00141933467239, -0.000503665301949], [0.000142883611261, -0.000595140038058, 0.0019477547612, -0.00120497483294, 0.000872882199474, -0.000893508025911, -0.00140856707003, -0.000492290651891, 0.000616348464973, -0.00188617454842, 0.0013725728495, -0.00105541700032, 0.000434738380136], [-0.000212664759601, 0.00175328168552, -0.00120497483294, 0.00435486342758, -0.00209227763116, -6.57262644381e-05, 0.00154087820556, 3.5282355384e-05, -0.00236707716249, 0.00340027059428, -0.00286302133463, 0.00186447624583, 0.000186749966815], [0.000402770063374, -0.00102272559889, 0.000872882199474, -0.00209227763116, 0.00423823390156, -0.00116077088751, -0.00154423143249, 0.000406842736993, 0.000373297312763, -0.00271987309679, 0.00119305355474, 0.000364538427675, -0.000238370630541], [-0.00026757401065, 0.000935809279326, -0.000893508025911, -6.57262644381e-05, -0.00116077088751, 0.00776082044467, -0.00323601369746, 0.000802748429123, -0.000968829030171, -5.39104948984e-05, -0.000488134857733, -0.000353945972165, 0.00181927590165], [-0.000194075910258, -0.000819137785584, -0.00140856707003, 0.00154087820556, -0.00154423143249, -0.00323601369746, 0.0111620724201, -0.00470062857494, 0.000108295054815, 0.00238848943263, -0.00300307176076, 0.00280482810922, -0.00230675796047], [0.000176156099769, 0.00171702320222, -0.000492290651891, 3.5282355384e-05, 0.000406842736993, 0.000802748429123, -0.00470062857494, 0.0146508244798, -0.00470445817336, -0.00117222173139, 0.00252292910591, -0.00313663692214, 0.000219399982598], [0.000406085135182, -0.00186112069059, 0.000616348464973, -0.00236707716249, 0.000373297312763, -0.000968829030171, 0.000108295054815, -0.00470445817336, 0.0131805576384, -0.00227896426804, -0.00271690823138, 0.00356312049553, -0.0049363579601], [-0.000129489329993, 0.0021186878439, -0.00188617454842, 0.00340027059428, -0.00271987309679, -5.39104948984e-05, 0.00238848943263, -0.00117222173139, -0.00227896426804, 0.0121970623732, -0.00286864791997, -0.0024254694581, 0.00018150176038], [0.000224785282626, -0.00178629555739, 0.0013725728495, -0.00286302133463, 0.00119305355474, -0.000488134857733, -0.00300307176076, 0.00252292910591, -0.00271690823138, -0.00286864791997, 0.0131666706875, -0.00788299646229, 0.00151336344425], [9.02460378711e-05, 0.00141933467239, -0.00105541700032, 0.00186447624583, 0.000364538427675, -0.000353945972165, 0.00280482810922, -0.00313663692214, 0.00356312049553, -0.0024254694581, -0.00788299646229, 0.0209930259734, -0.00910794362426], [4.51947307738e-05, -0.000503665301949, 0.000434738380136, 0.000186749966815, -0.000238370630541, 0.00181927590165, -0.00230675796047, 0.000219399982598, -0.0049363579601, 0.00018150176038, 0.00151336344425, -0.00910794362426, 0.0176796242595]]}, "melbands": {"dmean": [0.00528034986928, 0.00735017983243, 0.00203134771436, 0.000710402906407, 0.000203473580768, 0.000238026870647, 9.98121831799e-05, 8.57865379658e-05, 7.77383029344e-05, 8.16867250251e-05, 6.66508203722e-05, 3.34423857566e-05, 2.90399602818e-05, 2.11956103158e-05, 1.3422966731e-05, 1.3643301827e-05, 1.42194221553e-05, 1.22750425362e-05, 9.36433480092e-06, 9.57881729846e-06, 5.62824970984e-06, 5.81010726819e-06, 9.70999826677e-06, 8.05571198725e-06, 7.13039889888e-06, 4.15237309426e-06, 6.4718296926e-06, 6.41363840259e-06, 9.57877819019e-06, 6.24480799161e-06, 6.85286022417e-06, 1.04545661088e-05, 6.94370737619e-06, 5.21647370988e-06, 3.25546352542e-06, 3.02485250359e-06, 3.0594603686e-06, 2.55508666669e-06, 2.32342631534e-06, 3.85626844945e-06], "dmean2": [0.00816556159407, 0.0120376097038, 0.00308501673862, 0.00117801013403, 0.000351187918568, 0.000399729266064, 0.000170148661709, 0.000144788864418, 0.000138103190693, 0.000143462486449, 0.000117146380944, 5.65578338865e-05, 4.92451581522e-05, 3.72749127564e-05, 2.25292897085e-05, 2.38549637288e-05, 2.36218838836e-05, 2.14721385419e-05, 1.63317636179e-05, 1.72591317096e-05, 9.66699826677e-06, 9.63936236076e-06, 1.68154401763e-05, 1.41886503116e-05, 1.22918800116e-05, 6.58506314721e-06, 1.10457958726e-05, 1.06743318611e-05, 1.58816710609e-05, 1.02596986835e-05, 1.07158175524e-05, 1.62033720699e-05, 1.06461175164e-05, 8.18693115434e-06, 4.93883999297e-06, 4.66282654088e-06, 4.96063739774e-06, 3.9105398173e-06, 3.48578805642e-06, 6.00104749537e-06], "dvar": [8.07313554105e-05, 0.000196459965082, 1.63153363246e-05, 2.94435199066e-06, 2.20715648425e-07, 7.94375182522e-07, 4.3189647414e-08, 3.52688509508e-08, 6.98876263527e-08, 7.28012636841e-08, 4.44021850399e-08, 9.51452516773e-09, 1.44957228443e-08, 4.77284567424e-09, 1.21129639652e-09, 2.18345186376e-09, 2.0702601855e-09, 3.0655518124e-09, 1.87756832304e-09, 2.25457297276e-09, 4.19060092183e-10, 3.45568546001e-10, 1.34990230105e-09, 1.06709496794e-09, 8.96878238343e-10, 8.21215040414e-11, 3.87915893851e-10, 2.53084719848e-10, 4.13204359617e-10, 1.61783419994e-10, 1.5928333652e-10, 4.05578820528e-10, 1.35495559217e-10, 1.17440210334e-10, 3.98687610703e-11, 3.50109073677e-11, 4.63024514563e-11, 2.66059986542e-11, 2.05294618111e-11, 9.17156975366e-11], "dvar2": [0.000210819503991, 0.000506191980094, 3.7682850234e-05, 7.57417319619e-06, 6.04616332112e-07, 1.97660619961e-06, 1.15546114898e-07, 9.24988015072e-08, 2.00049214527e-07, 2.04742846677e-07, 1.26203374862e-07, 2.59123602575e-08, 3.91909402708e-08, 1.31451658447e-08, 2.97300117857e-09, 5.74881608983e-09, 5.19327025827e-09, 8.42581471261e-09, 5.21601695169e-09, 6.43829789482e-09, 1.14332809886e-09, 8.83142170505e-10, 3.68772634651e-09, 3.01170022254e-09, 2.54261145471e-09, 1.92984836445e-10, 1.07378861358e-09, 6.71121769269e-10, 9.983143201e-10, 3.87925885859e-10, 3.65110108813e-10, 9.86430825911e-10, 3.13974540811e-10, 2.87251833431e-10, 9.2702068244e-11, 8.58435822426e-11, 1.20324153419e-10, 5.88639414989e-11, 4.28157544141e-11, 2.18969009591e-10], "max": [0.0765960291028, 0.107501164079, 0.0507755614817, 0.0242077130824, 0.0113145336509, 0.0156144853681, 0.00266640516929, 0.00299225817434, 0.00401852233335, 0.0041984487325, 0.00375895923935, 0.00191512401216, 0.00317737995647, 0.0014890950406, 0.000834277365357, 0.00101992336567, 0.00106187537313, 0.00140190368984, 0.00110615626909, 0.00123671174515, 0.000444754288765, 0.00048022417468, 0.000942228653003, 0.000819133478217, 0.000884434848558, 0.00015747071302, 0.00033407608862, 0.000198539681151, 0.000178263493581, 0.000161178904818, 0.000108851068944, 0.000201851711608, 0.000112297915621, 0.000102741993032, 6.72817623126e-05, 0.000118984200526, 8.51185905049e-05, 9.61989717325e-05, 5.85230445722e-05, 8.26062023407e-05], "mean": [0.00813608244061, 0.00962689612061, 0.00253359926865, 0.000636258162558, 0.000215445325011, 0.000252929661656, 0.000126447237562, 0.000112627181807, 8.4428844275e-05, 9.45300271269e-05, 6.9341622293e-05, 3.21707557305e-05, 2.57120536844e-05, 1.77775964403e-05, 1.268869255e-05, 1.13936730486e-05, 1.17817417049e-05, 9.24514552025e-06, 7.42767042539e-06, 6.70984400131e-06, 4.46122248832e-06, 5.35799426871e-06, 7.47652120481e-06, 6.26815244686e-06, 6.04328397458e-06, 4.20341029894e-06, 5.42848238183e-06, 5.62463492315e-06, 8.15984094515e-06, 5.67530514672e-06, 6.36535696685e-06, 9.60703619057e-06, 7.10249332769e-06, 5.1732799875e-06, 3.92917763747e-06, 3.61573620467e-06, 3.01999489238e-06, 2.77784761238e-06, 2.50185098594e-06, 3.52660163117e-06], "median": [0.00248876027763, 0.00258311489597, 0.000499320856761, 0.000121379329357, 8.8413406047e-05, 8.8678280008e-05, 5.2940522437e-05, 4.04661259381e-05, 2.23485258175e-05, 1.93768828467e-05, 1.42867374961e-05, 7.08334573574e-06, 4.42453892902e-06, 3.04589093503e-06, 2.8321614991e-06, 1.51141966853e-06, 1.73156911387e-06, 1.13288615466e-06, 9.73016994976e-07, 6.34613229522e-07, 6.11976247455e-07, 9.11370591439e-07, 7.29431462787e-07, 7.3846098303e-07, 8.5148207063e-07, 6.48299362638e-07, 6.78072751725e-07, 7.44598651181e-07, 8.41647818106e-07, 6.42968018383e-07, 7.66967559684e-07, 1.13427677206e-06, 1.05791184524e-06, 7.4823583418e-07, 6.29516762274e-07, 5.82670622862e-07, 4.12982444686e-07, 3.61367312962e-07, 2.74746867035e-07, 2.39168031158e-07], "min": [4.69006886279e-13, 1.43763812161e-13, 9.54306891756e-14, 4.85196193119e-13, 7.30740066981e-13, 3.96332950183e-13, 1.00278441692e-13, 5.01889545548e-13, 8.26320077901e-13, 4.31013054024e-13, 7.80966681298e-14, 1.69851573128e-13, 1.32050663806e-12, 1.7765767156e-12, 5.61526736567e-13, 2.17053263384e-13, 1.73061340107e-13, 3.31232735467e-13, 6.88816451794e-12, 9.11872573978e-12, 2.80507366467e-12, 5.35215101405e-12, 6.06916079893e-12, 9.42433544399e-12, 2.11983165396e-12, 1.15515897629e-12, 2.48978875711e-12, 3.20382739435e-12, 1.02704064871e-12, 1.16626044759e-12, 5.04144523437e-13, 1.57735738533e-12, 2.6387591656e-13, 5.1889424696e-14, 5.70039282162e-14, 3.92176423985e-14, 1.42579294183e-14, 1.36707721085e-14, 1.04378624952e-14, 7.19990625957e-15], "var": [0.000140774791362, 0.000229707409744, 2.06386412174e-05, 2.38590018853e-06, 1.74671598074e-07, 7.12696532901e-07, 4.49268959812e-08, 4.46154722056e-08, 5.34377235795e-08, 6.96947211054e-08, 3.88402732199e-08, 7.40503969254e-09, 1.04227195763e-08, 3.30206018084e-09, 1.0810541351e-09, 1.60153723616e-09, 1.70713987391e-09, 1.99258676226e-09, 1.2189873555e-09, 1.33656785639e-09, 2.89660212482e-10, 2.90512280898e-10, 9.28781440646e-10, 6.71089850357e-10, 5.5492382911e-10, 9.27269094841e-11, 2.6828125832e-10, 1.98565566767e-10, 3.77325476419e-10, 1.68601271833e-10, 1.76364853277e-10, 4.0130837542e-10, 1.65997285362e-10, 1.13817059944e-10, 5.38223111912e-11, 5.26958199298e-11, 4.33264951694e-11, 3.83960085948e-11, 2.77585246455e-11, 8.69180769025e-11]}, "mfcc": {"mean": [-696.882629395, 117.768218994, 50.8502616882, 34.1760063171, 4.85229635239, 14.2407283783, 5.49432706833, 11.1760101318, 7.01835918427, 6.0788230896, 7.13738584518, 3.33863210678, 0.289343059063], "cov": [[8474.05371094, -3305.95336914, -103.767585754, -212.617675781, -615.635192871, -179.710540771, -153.797393799, -320.571960449, -282.462554932, -363.253417969, -260.572418213, -344.882904053, -262.122924805], [-3305.95336914, 3338.66577148, -200.353424072, -136.410919189, 118.742782593, 80.1260147095, 81.1483840942, 193.475601196, 118.128829956, 159.131500244, 67.0290222168, 173.6612854, 104.998756409], [-103.767585754, -200.353424072, 739.384643555, 99.9583816528, -31.722776413, 80.4284667969, 69.6217651367, 74.2834320068, 46.8030509949, 53.7572364807, 39.8717269897, 32.2817802429, 65.3633651733], [-212.617675781, -136.410919189, 99.9583816528, 354.973144531, 208.450653076, 81.9351501465, 42.9243888855, 64.0907516479, 34.3096008301, 59.3794136047, 35.4191017151, 33.3859901428, 26.1100502014], [-615.635192871, 118.742782593, -31.722776413, 208.450653076, 316.516937256, 141.013046265, 56.8630180359, 64.309135437, 49.9416885376, 77.1684417725, 54.7729873657, 50.8533363342, 31.8474769592], [-179.710540771, 80.1260147095, 80.4284667969, 81.9351501465, 141.013046265, 206.90953064, 96.5764160156, 60.0196113586, 43.8060302734, 49.0215148926, 46.7000732422, 41.1686210632, 30.0227985382], [-153.797393799, 81.1483840942, 69.6217651367, 42.9243888855, 56.8630180359, 96.5764160156, 164.435943604, 65.4579849243, 35.9702224731, 27.0689277649, 39.3744049072, 38.6794891357, 25.0646533966], [-320.571960449, 193.475601196, 74.2834320068, 64.0907516479, 64.309135437, 60.0196113586, 65.4579849243, 163.965667725, 43.4086494446, 62.0480690002, 20.4281215668, 36.0766487122, 25.3249034882], [-282.462554932, 118.128829956, 46.8030509949, 34.3096008301, 49.9416885376, 43.8060302734, 35.9702224731, 43.4086494446, 146.682540894, 49.5651855469, 32.2986183167, 3.4405105114, 28.7514514923], [-363.253417969, 159.131500244, 53.7572364807, 59.3794136047, 77.1684417725, 49.0215148926, 27.0689277649, 62.0480690002, 49.5651855469, 116.669464111, 45.5298271179, 29.8504447937, 16.1522598267], [-260.572418213, 67.0290222168, 39.8717269897, 35.4191017151, 54.7729873657, 46.7000732422, 39.3744049072, 20.4281215668, 32.2986183167, 45.5298271179, 100.457420349, 45.7262802124, 14.0227851868], [-344.882904053, 173.6612854, 32.2817802429, 33.3859901428, 50.8533363342, 41.1686210632, 38.6794891357, 36.0766487122, 3.4405105114, 29.8504447937, 45.7262802124, 106.340019226, 49.3406906128], [-262.122924805, 104.998756409, 65.3633651733, 26.1100502014, 31.8474769592, 30.0227985382, 25.0646533966, 25.3249034882, 28.7514514923, 16.1522598267, 14.0227851868, 49.3406906128, 98.9514541626]], "icov": [[0.000267193361651, 0.000230101446505, 0.000136463175295, -0.000114586895506, 0.000583468121476, -0.000414717826061, -1.09089214675e-05, 1.20988920571e-06, 0.000116715862532, 0.00010114566976, 0.00022417823493, 0.000156491281814, 0.000183995667612], [0.000230101446505, 0.000599248334765, 0.000264658185188, 0.000270433578407, 0.000364166073268, -0.00030556548154, 2.42718806476e-06, -0.000335161748808, -9.69675966189e-05, -0.000289276795229, 0.000357930461178, -0.000420680997195, 2.25944750127e-05], [0.000136463175295, 0.000264658185188, 0.00197733426467, -0.000917268218473, 0.00187703256961, -0.00115713872947, -0.000103833328467, -0.000452512089396, -6.5462704697e-06, -0.000668757420499, -0.000296474579955, 0.000249662582064, -0.00106578273699], [-0.000114586895506, 0.000270433578407, -0.000917268218473, 0.00564142270014, -0.00444085849449, 0.00136683846358, -0.000169368257048, -0.00085052230861, -8.45886370371e-06, -0.000313444936182, 0.000239363231231, -0.000381476304028, 1.18951375043e-05], [0.000583468121476, 0.000364166073268, 0.00187703256961, -0.00444085849449, 0.00997815839946, -0.00522327516228, 0.000785873620771, 5.41050976608e-05, -7.55717628635e-05, -0.0016450250987, -0.000349074107362, -0.000166354235262, -0.000325591478031], [-0.000414717826061, -0.00030556548154, -0.00115713872947, 0.00136683846358, -0.00522327516228, 0.0103829465806, -0.00381997553632, -0.000221543115913, -0.000474425090943, -0.000269998097792, -0.000838548061438, -0.000377944379579, -0.00032630682108], [-1.09089214675e-05, 2.42718806476e-06, -0.000103833328467, -0.000169368257048, 0.000785873620771, -0.00381997553632, 0.00981638301164, -0.00267659267411, -0.000829740951303, 0.00170507607982, -0.00186087295879, -0.00116215902381, -7.62971103541e-06], [1.20988920571e-06, -0.000335161748808, -0.000452512089396, -0.00085052230861, 5.41050976608e-05, -0.000221543115913, -0.00267659267411, 0.00974273961037, -0.000902824802324, -0.00362849794328, 0.00240049255081, -0.00146933062933, 0.000363591621863], [0.000116715862532, -9.69675966189e-05, -6.5462704697e-06, -8.45886370371e-06, -7.55717628635e-05, -0.000474425090943, -0.000829740951303, -0.000902824802324, 0.00959306396544, -0.00237819575705, -0.00232821796089, 0.00417730025947, -0.00312404171564], [0.00010114566976, -0.000289276795229, -0.000668757420499, -0.000313444936182, -0.0016450250987, -0.000269998097792, 0.00170507607982, -0.00362849794328, -0.00237819575705, 0.0150274932384, -0.00415062904358, -0.000302300672047, 0.00118442450184], [0.00022417823493, 0.000357930461178, -0.000296474579955, 0.000239363231231, -0.000349074107362, -0.000838548061438, -0.00186087295879, 0.00240049255081, -0.00232821796089, -0.00415062904358, 0.0164037905633, -0.0066560767591, 0.00291882175952], [0.000156491281814, -0.000420680997195, 0.000249662582064, -0.000381476304028, -0.000166354235262, -0.000377944379579, -0.00116215902381, -0.00146933062933, 0.00417730025947, -0.000302300672047, -0.0066560767591, 0.0181425362825, -0.0076323482208], [0.000183995667612, 2.25944750127e-05, -0.00106578273699, 1.18951375043e-05, -0.000325591478031, -0.00032630682108, -7.62971103541e-06, 0.000363591621863, -0.00312404171564, 0.00118442450184, 0.00291882175952, -0.0076323482208, 0.0154894515872]]}, "spectral_contrast_coeffs": {"dmean": [0.0662829503417, 0.0457785837352, 0.0400291495025, 0.0318507328629, 0.0260159168392, 0.0237438417971], "dmean2": [0.102050371468, 0.0754599347711, 0.06571598351, 0.0522540993989, 0.042408592999, 0.0369356870651], "dvar": [0.0032836550381, 0.00150734896306, 0.00107900926378, 0.000702340796124, 0.00055880646687, 0.000436308619101], "dvar2": [0.00708543648943, 0.00390795385465, 0.00278964079916, 0.00179411598947, 0.0013569155708, 0.00102685578167], "max": [-0.330238223076, -0.439701080322, -0.558713257313, -0.605583190918, -0.573575437069, -0.629809379578], "mean": [-0.635055661201, -0.774882793427, -0.785752415657, -0.821037948132, -0.817992091179, -0.776121735573], "median": [-0.63883626461, -0.781597614288, -0.790835618973, -0.827386677265, -0.82548224926, -0.778608977795], "min": [-0.92417961359, -0.962095081806, -0.925887942314, -0.928152263165, -0.91174530983, -0.880392789841], "var": [0.0125988982618, 0.00363877182826, 0.00320336339064, 0.00177883112337, 0.00141153484583, 0.00103360542562]}, "spectral_contrast_valleys": {"dmean": [0.445242971182, 0.450304478407, 0.527411520481, 0.56954318285, 0.668651223183, 0.750051140785], "dmean2": [0.702400028706, 0.707359552383, 0.780647933483, 0.814142942429, 0.886458396912, 0.893957495689], "dvar": [0.174675270915, 0.19253975153, 0.2895860672, 0.31884893775, 0.432335168123, 0.63720202446], "dvar2": [0.399852246046, 0.434649020433, 0.650942206383, 0.707047700882, 0.891613721848, 1.13371109962], "max": [-5.15736246109, -4.41369724274, -4.63995265961, -5.22152376175, -5.30011701584, -7.47524738312], "mean": [-7.07068490982, -6.96167087555, -7.98450708389, -8.5891695