{"lowlevel": {"average_loudness": 0.71350222826, "barkbands_crest": {"dmean": 1.73788678646, "dmean2": 2.63424348831, "dvar": 3.992654562, "dvar2": 9.92767333984, "max": 26.9187870026, "mean": 14.4548225403, "median": 13.9937171936, "min": 2.65648627281, "var": 22.4536151886}, "barkbands_flatness_db": {"dmean": 0.0220178365707, "dmean2": 0.0295845605433, "dvar": 0.00101210549474, "dvar2": 0.00167197280098, "max": 0.772983849049, "mean": 0.229749873281, "median": 0.206485643983, "min": 0.0281431395561, "var": 0.0121619449928}, "barkbands_kurtosis": {"dmean": 16.8236236572, "dmean2": 28.3360347748, "dvar": 84421.875, "dvar2": 166835.265625, "max": 20203.078125, "mean": 212.441772461, "median": 3.88933348656, "min": -1.92699015141, "var": 3731593}, "barkbands_skewness": {"dmean": 0.559258341789, "dmean2": 0.802154839039, "dvar": 3.81547188759, "dvar2": 7.02406835556, "max": 132.705108643, "mean": 3.70954489708, "median": 1.91209232807, "min": -2.96783590317, "var": 171.136657715}, "barkbands_spread": {"dmean": 3.16503143311, "dmean2": 4.55263280869, "dvar": 27.9786014557, "dvar2": 58.0799636841, "max": 126.575737, "mean": 14.720290184, "median": 14.1030216217, "min": 0.0245446078479, "var": 116.279022217}, "dissonance": {"dmean": 0.0210458897054, "dmean2": 0.0348467677832, "dvar": 0.000441731564933, "dvar2": 0.00116555998102, "max": 0.5, "mean": 0.438889205456, "median": 0.445126146078, "min": 0.226122245193, "var": 0.00137277250178}, "dynamic_complexity": 4.10674238205, "erbbands_crest": {"dmean": 2.24048161507, "dmean2": 3.39460158348, "dvar": 5.41780757904, "dvar2": 11.782708168, "max": 30.3672657013, "mean": 11.8382415771, "median": 11.2228183746, "min": 2.11547589302, "var": 21.9201660156}, "erbbands_flatness_db": {"dmean": 0.0184991490096, "dmean2": 0.0243249740452, "dvar": 0.000599660212174, "dvar2": 0.00107225286774, "max": 0.500024974346, "mean": 0.190166652203, "median": 0.185058996081, "min": 0.0394703894854, "var": 0.00435080099851}, "erbbands_kurtosis": {"dmean": 0.950254023075, "dmean2": 1.37555277348, "dvar": 4.45774555206, "dvar2": 9.34250831604, "max": 100.32648468, "mean": 1.36785244942, "median": 0.270258545876, "min": -1.77544867992, "var": 21.3107891083}, "erbbands_skewness": {"dmean": 0.304015696049, "dmean2": 0.430135548115, "dvar": 0.11065300554, "dvar2": 0.236373469234, "max": 7.40620565414, "mean": 0.442666620016, "median": 0.316403388977, "min": -1.82572627068, "var": 0.885870575905}, "erbbands_spread": {"dmean": 6.4546456337, "dmean2": 9.16647720337, "dvar": 109.527122498, "dvar2": 222.711303711, "max": 187.346755981, "mean": 32.568775177, "median": 27.9018516541, "min": 1.2385532856, "var": 527.387207031}, "hfc": {"dmean": 3.0192220211, "dmean2": 4.16153287888, "dvar": 26.240606308, "dvar2": 47.8335952759, "max": 268.828063965, "mean": 15.9293603897, "median": 10.4024868011, "min": 1.09716349711e-16, "var": 381.491577148}, "melbands_crest": {"dmean": 1.69679868221, "dmean2": 2.50423169136, "dvar": 4.34756183624, "dvar2": 8.95258712769, "max": 39.998790741, "mean": 18.5145339966, "median": 17.7324638367, "min": 1.82366871834, "var": 31.4174880981}, "melbands_flatness_db": {"dmean": 0.0230327881873, "dmean2": 0.0306737851351, "dvar": 0.00121256697457, "dvar2": 0.00187346176244, "max": 0.9232224226, "mean": 0.317717194557, "median": 0.292112320662, "min": 0.00583965657279, "var": 0.0153917148709}, "melbands_kurtosis": {"dmean": 46.6456832886, "dmean2": 80.5071182251, "dvar": 514196.71875, "dvar2": 1140363.875, "max": 47756.6835938, "mean": 475.83505249, "median": 10.6448402405, "min": -1.73098158836, "var": 19213504}, "melbands_skewness": {"dmean": 0.755394876003, "dmean2": 1.10343551636, "dvar": 9.65396118164, "dvar2": 19.0306091309, "max": 212.272140503, "mean": 5.36460828781, "median": 2.82474040985, "min": -1.17427575588, "var": 409.363311768}, "melbands_spread": {"dmean": 3.07429003716, "dmean2": 4.36860990524, "dvar": 30.1544570923, "dvar2": 50.2184677124, "max": 198.595108032, "mean": 14.5165071487, "median": 11.7420349121, "min": 0.0193875078112, "var": 199.789291382}, "pitch_salience": {"dmean": 0.0433100089431, "dmean2": 0.0661111325026, "dvar": 0.00260654860176, "dvar2": 0.00617880327627, "max": 0.899737119675, "mean": 0.389133036137, "median": 0.389046788216, "min": 0.00060656061396, "var": 0.0115414047614}, "silence_rate_20dB": {"dmean": 0, "dmean2": 0, "dvar": 0, "dvar2": 0, "max": 1, "mean": 1, "median": 1, "min": 1, "var": 0}, "silence_rate_30dB": {"dmean": 0.0173913035542, "dmean2": 0.0347847230732, "dvar": 0.0170907862484, "dvar2": 0.0401487350464, "max": 1, "mean": 0.970387935638, "median": 1, "min": 0, "var": 0.0287376120687}, "silence_rate_60dB": {"dmean": 0.00912131369114, "dmean2": 0.0182437356561, "dvar": 0.00903649907559, "dvar2": 0.0180343240499, "max": 1, "mean": 0.0729660689831, "median": 0, "min": 0, "var": 0.0676312074065}, "spectral_centroid": {"dmean": 137.707229614, "dmean2": 195.111938477, "dvar": 44125.796875, "dvar2": 69965.4609375, "max": 11505.6953125, "mean": 993.795837402, "median": 959.236877441, "min": 100.734161377, "var": 362862.625}, "spectral_complexity": {"dmean": 1.39458799362, "dmean2": 2.2037217617, "dvar": 2.80718398094, "dvar2": 5.58048772812, "max": 29, "mean": 10.5796546936, "median": 11, "min": 0, "var": 29.7671260834}, "spectral_decrease": {"dmean": 1.9754595737e-09, "dmean2": 2.62438848431e-09, "dvar": 7.74495245952e-18, "dvar2": 1.46236185158e-17, "max": -2.06459298834e-29, "mean": -9.8754107114e-09, "median": -8.65077964818e-09, "min": -7.42947179333e-08, "var": 5.85454813287e-17}, "spectral_energy": {"dmean": 0.00763775641099, "dmean2": 0.0101456642151, "dvar": 0.00011543968867, "dvar2": 0.000216152271605, "max": 0.304550617933, "mean": 0.0387168675661, "median": 0.0337957218289, "min": 1.00767134143e-20, "var": 0.000913796422537}, "spectral_energyband_high": {"dmean": 8.61290245666e-05, "dmean2": 0.000121475932247, "dvar": 3.15604111734e-08, "dvar2": 6.32971222103e-08, "max": 0.00205035251565, "mean": 0.000149209314259, "median": 7.21643446013e-05, "min": 7.24204057991e-21, "var": 5.16904812287e-08}, "spectral_energyband_low": {"dmean": 0.0062094014138, "dmean2": 0.0084611820057, "dvar": 8.6664193077e-05, "dvar2": 0.000184796605026, "max": 0.118656337261, "mean": 0.0246725380421, "median": 0.0211968943477, "min": 4.5948692794e-23, "var": 0.000397027411964}, "spectral_energyband_middle_high": {"dmean": 0.00154821353499, "dmean2": 0.00206732051447, "dvar": 1.42770431921e-05, "dvar2": 2.38086850004e-05, "max": 0.253485918045, "mean": 0.00733627239242, "median": 0.00274940137751, "min": 1.48044135163e-21, "var": 0.000231571815675}, "spectral_energyband_middle_low": {"dmean": 0.00209642597474, "dmean2": 0.00272828363813, "dvar": 1.04886230474e-05, "dvar2": 1.69877603184e-05, "max": 0.0988304615021, "mean": 0.00844250619411, "median": 0.00627600029111, "min": 3.09349317493e-22, "var": 7.33425258659e-05}, "spectral_entropy": {"dmean": 0.190731704235, "dmean2": 0.245175436139, "dvar": 0.0699498206377, "dvar2": 0.125199496746, "max": 9.8177652359, "mean": 6.91038656235, "median": 6.95377063751, "min": 3.81123280525, "var": 0.529935359955}, "spectral_flux": {"dmean": 0.0181441772729, "dmean2": 0.0286484006792, "dvar": 0.000624151434749, "dvar2": 0.00139870808925, "max": 0.298543691635, "mean": 0.0481590107083, "median": 0.0403201170266, "min": 1.04455770422e-10, "var": 0.00132070237305}, "spectral_kurtosis": {"dmean": 3.95537090302, "dmean2": 6.47765350342, "dvar": 117.802024841, "dvar2": 252.352874756, "max": 321.020263672, "mean": 11.1619997025, "median": 5.94315624237, "min": -1.18896055222, "var": 601.450134277}, "spectral_rms": {"dmean": 0.000569356430788, "dmean2": 0.000748749997001, "dvar": 5.35838353244e-07, "dvar2": 9.64151809058e-07, "max": 0.0172372423112, "mean": 0.00560334557667, "median": 0.00574207585305, "min": 3.13543288555e-12, "var": 6.37525954517e-06}, "spectral_rolloff": {"dmean": 203.299163818, "dmean2": 344.929443359, "dvar": 472744.0625, "dvar2": 951974, "max": 18776.953125, "mean": 803.55657959, "median": 538.330078125, "min": 21.533203125, "var": 1480465.625}, "spectral_skewness": {"dmean": 0.339089930058, "dmean2": 0.536791980267, "dvar": 0.359482735395, "dvar2": 0.756183326244, "max": 15.8266677856, "mean": 2.17357158661, "median": 1.85626327991, "min": -0.0401028692722, "var": 2.24957084656}, "spectral_spread": {"dmean": 618136.875, "dmean2": 850983.625, "dvar": 1343564939260.0, "dvar2": 2551693967360.0, "max": 40527728, "mean": 4156490.5, "median": 3657735.75, "min": 334122.78125, "var": 4495827795970.0}, "spectral_strongpeak": {"dmean": 0.271389514208, "dmean2": 0.464106053114, "dvar": 0.792452156544, "dvar2": 1.98512756824, "max": 17.8422145844, "mean": 0.82710903883, "median": 0.366419792175, "min": 0, "var": 2.75243782997}, "zerocrossingrate": {"dmean": 0.00645463587716, "dmean2": 0.00733568053693, "dvar": 0.000169176302734, "dvar2": 0.000156802183483, "max": 0.513671875, "mean": 0.0337924398482, "median": 0.02978515625, "min": 0, "var": 0.0011310284026}, "barkbands": {"dmean": [0.000233549071709, 0.00466383295134, 0.00181629566941, 0.000788920384366, 0.000436653208453, 0.000310564239044, 0.00042918897816, 0.000343185092788, 0.000241416288191, 0.000887885340489, 0.000378860160708, 0.000146461781696, 0.000140256131999, 0.000517195963766, 0.000158102382557, 0.000144985329825, 0.000248825148446, 8.74489342095e-05, 8.4562394477e-05, 3.47736786352e-05, 1.59074243129e-05, 1.51357371578e-05, 1.18292555271e-05, 8.45928298077e-06, 1.32021250465e-05, 2.02534592972e-05, 2.66004485638e-06], "dmean2": [0.000396099727368, 0.00697132479399, 0.00202811672352, 0.00120179983787, 0.000621232145932, 0.000401353172492, 0.000586006615777, 0.000423253630288, 0.000310308125336, 0.00112886622082, 0.000482542091049, 0.000201341477805, 0.000180399845704, 0.000807643751614, 0.000240550609306, 0.000234283594182, 0.00038918320206, 0.000138149276609, 0.000136251095682, 5.59509971936e-05, 2.50096272794e-05, 2.26332849707e-05, 1.77132042154e-05, 1.2227703337e-05, 1.89841211977e-05, 3.00430365314e-05, 3.91493176721e-06], "dvar": [3.7691498278e-07, 5.54533835384e-05, 1.34604533741e-05, 2.14076362681e-06, 8.81666153418e-07, 2.3433210572e-06, 9.20847469388e-07, 1.14643876259e-06, 6.03529315413e-07, 7.87654607848e-06, 3.87511090594e-06, 2.39721913431e-07, 3.24592491552e-07, 1.55964096393e-06, 6.64122183025e-07, 1.64869348396e-07, 4.37865054437e-07, 3.97181985079e-08, 2.77266440918e-08, 6.56997478643e-09, 9.04547881042e-10, 1.17203480254e-09, 7.49776185582e-10, 2.85253681787e-10, 1.07563613572e-09, 2.82578382915e-09, 5.32956352661e-11], "dvar2": [1.03071965896e-06, 0.000146877602674, 1.53837809194e-05, 5.20031608175e-06, 1.56427722686e-06, 3.03002207147e-06, 1.51832591655e-06, 1.89017362118e-06, 8.77461786786e-07, 1.22412648125e-05, 4.81193410451e-06, 3.89485762753e-07, 4.24138477229e-07, 3.9905930862e-06, 1.49733489252e-06, 4.17324145019e-07, 9.6871531241e-07, 9.67413029684e-08, 7.16429013892e-08, 1.72320415714e-08, 2.26349783361e-09, 2.64095478819e-09, 1.82500048407e-09, 6.06452332796e-10, 2.03179983949e-09, 6.74362476971e-09, 1.26094579223e-10], "max": [0.0114394137636, 0.094010964036, 0.0805985629559, 0.0237238053232, 0.052398070693, 0.0912171602249, 0.0492916591465, 0.0450749769807, 0.0323181077838, 0.105458296835, 0.223978325725, 0.0286808870733, 0.0308952275664, 0.0282802525908, 0.0429077409208, 0.015203576535, 0.0257487948984, 0.00594119308516, 0.00294391368516, 0.00368023174815, 0.000441231240984, 0.000430203857832, 0.000316306453897, 0.00018127146177, 0.000319571787259, 0.000578513951041, 7.05969141563e-05], "mean": [0.000528855598532, 0.0172992479056, 0.00548176839948, 0.00217058416456, 0.00128718104679, 0.000895362521987, 0.00158122880384, 0.000878646562342, 0.000576504040509, 0.00290899351239, 0.00142861658242, 0.00036020000698, 0.000366283900803, 0.00128061126452, 0.000425333506428, 0.000244896131335, 0.00046769567416, 0.000170035360497, 0.000163578413776, 7.32082407922e-05, 2.82190194412e-05, 2.33031933021e-05, 2.02109476959e-05, 1.49314528244e-05, 1.86414908967e-05, 2.01829079742e-05, 2.59716625806e-06], "median": [4.4036336476e-05, 0.0156541317701, 0.00225420226343, 0.000703936908394, 0.00060566002503, 0.000153155997396, 0.000772845000029, 0.00010293260857, 5.42956222489e-05, 9.57645679591e-05, 0.000139190582559, 7.77673267294e-05, 2.95627742162e-05, 0.00016808725195, 2.9050575904e-05, 5.48637035536e-05, 0.000132250192109, 5.84142981097e-05, 6.39366771793e-05, 2.76335522358e-05, 1.51632266352e-05, 1.0989004295e-05, 9.86729173746e-06, 5.8711912061e-06, 3.67144639313e-06, 5.25135078533e-07, 8.8262403608e-08], "min": [5.25912621254e-24, 1.14357173794e-23, 7.00158466253e-24, 2.92499526236e-23, 3.82090333025e-23, 1.07984471411e-23, 3.5939934862e-23, 1.95432195556e-23, 3.66519196943e-23, 3.87045894122e-23, 3.00675091331e-23, 2.49843040301e-23, 1.03552975857e-22, 8.02959301101e-23, 8.21099883369e-23, 1.38216521152e-22, 1.44509674801e-22, 3.12993779144e-22, 2.23614980302e-22, 3.13781756525e-22, 4.28017600356e-22, 5.02132003791e-22, 5.95492846265e-22, 7.81302077893e-22, 1.18759558488e-21, 1.45588866811e-21, 2.262211142e-21], "var": [1.21651817153e-06, 0.000203364135814, 6.95895942044e-05, 9.640951248e-06, 7.37879145163e-06, 1.16556966532e-05, 7.66123957874e-06, 3.81977861252e-06, 3.21713378071e-06, 5.56016311748e-05, 8.12311336631e-05, 9.03958209619e-07, 2.27088435167e-06, 9.01449311641e-06, 5.82857910558e-06, 3.35232243742e-07, 1.65323592682e-06, 9.9612279314e-08, 7.07042673298e-08, 2.43708750958e-08, 1.45868550572e-09, 1.55121804291e-09, 9.93737092614e-10, 5.1559595482e-10, 1.58487722945e-09, 3.15090042946e-09, 5.93510171565e-11]}, "erbbands": {"dmean": [0.128381967545, 1.09887945652, 2.03386735916, 2.52102851868, 1.7384147644, 1.43230032921, 2.36287713051, 2.41122794151, 5.19553518295, 8.3586359024, 4.49279022217, 6.34647464752, 28.2749099731, 16.1368618011, 9.50217342377, 6.57617521286, 6.97873973846, 20.2715034485, 15.0488414764, 8.43758773804, 9.19269657135, 10.4201660156, 4.59448337555, 5.76604557037, 2.21229815483, 1.57534658909, 0.737764656544, 0.647508978844, 0.490536481142, 0.601841390133, 0.243513226509, 0.173593014479, 0.140137538314, 0.116035953164, 0.119621746242, 0.0888940542936, 0.0379378646612, 0.00715444190428, 0.000299973908113, 1.24619882627e-05], "dmean2": [0.201140135527, 1.60370409489, 2.35941791534, 3.47833037376, 2.66233587265, 2.03127837181, 2.92906951904, 3.1512863636, 7.12205982208, 10.7355861664, 5.59740781784, 8.16733264923, 36.3943710327, 19.0533332825, 13.7660894394, 9.09944820404, 9.1841468811, 31.2468280792, 23.291217804, 12.9488401413, 14.4230861664, 16.5518817902, 7.31531524658, 9.53981781006, 3.47189426422, 2.51839137077, 1.18912756443, 1.03529334068, 0.717946469784, 0.948080301285, 0.352461516857, 0.24521560967, 0.202627301216, 0.168038681149, 0.175863802433, 0.134730160236, 0.0551035180688, 0.00981156341732, 0.000442831078544, 1.77161418833e-05], "dvar": [0.049308039248, 3.07514333725, 12.4290046692, 24.901506424, 10.7912254333, 11.8308944702, 133.494720459, 157.951629639, 136.743392944, 529.58984375, 184.147918701, 432.570343018, 6725.49755859, 6606.17871094, 671.463806152, 548.853393555, 583.388671875, 2162.96191406, 1722.0994873, 761.995544434, 490.883026123, 657.471191406, 147.000091553, 147.835220337, 25.0114402771, 11.018078804, 2.88926267624, 1.62770426273, 1.08334577084, 2.63004159927, 0.227853134274, 0.101990893483, 0.0924552977085, 0.0723422691226, 0.0975470766425, 0.0533928573132, 0.0102264424786, 0.000389794644434, 6.14798466358e-07, 3.66978308852e-10], "dvar2": [0.11800712347, 8.18286991119, 15.427488327, 45.084186554, 26.5183200836, 18.5396518707, 184.26852417, 191.889282227, 266.240936279, 865.758239746, 304.540344238, 651.151428223, 10851.4189453, 8891.64648438, 1200.82165527, 855.666625977, 769.203613281, 4742.59375, 4655.89208984, 1677.65270996, 1094.45214844, 1600.20202637, 359.699890137, 409.490997314, 62.0260124207, 30.8212718964, 7.77926588058, 3.9912571907, 2.36545968056, 6.78225517273, 0.512104034424, 0.213546603918, 0.193642809987, 0.141283914447, 0.200446903706, 0.129276260734, 0.0237662605941, 0.000840279390104, 1.4628730014e-06, 8.14819156592e-10], "max": [3.324614048, 23.9236507416, 71.8913879395, 130.931564331, 64.7853164673, 218.534072876, 725.800048828, 749.392089844, 360.759155273, 894.95904541, 440.08972168, 938.40246582, 2574.55517578, 8382.70117188, 1999.63574219, 1473.19897461, 1292.7980957, 1381.55749512, 1126.0411377, 1414.67749023, 825.676635742, 678.087402344, 405.390106201, 231.006210327, 173.810409546, 78.0222015381, 22.6316604614, 15.402179718, 14.0111970901, 20.4129333496, 6.08676528931, 4.31666326523, 3.10929012299, 2.70018625259, 3.36950850487, 2.47032284737, 1.07766890526, 0.198300272226, 0.00789354369044, 0.000365243875422], "mean": [0.467238545418, 3.89955043793, 6.98650360107, 7.41760396957, 4.57075023651, 4.33719110489, 7.61016178131, 6.90293359756, 18.5033988953, 26.8957958221, 11.9525928497, 16.4567756653, 84.6388702393, 72.3988647461, 25.8604660034, 17.1923351288, 18.8373813629, 41.8991584778, 47.0459327698, 21.1026496887, 18.2160205841, 19.6761283875, 10.2072315216, 11.6602621078, 5.08701896667, 3.39621424675, 1.37503290176, 1.06524598598, 0.797381401062, 0.873620629311, 0.471868306398, 0.325400710106, 0.226680964231, 0.169508233666, 0.153094992042, 0.0871591866016, 0.0390576347709, 0.00775983789936, 0.000309139752062, 5.08507182531e-05], "median": [0.33033144474, 3.21195912361, 4.17100048065, 3.51212239265, 2.17272830009, 1.9871301651, 1.60887825489, 1.62905418873, 9.16269874573, 7.05521297455, 2.97212696075, 2.37675523758, 3.94211578369, 6.54539489746, 5.4040389061, 4.61925506592, 3.75926828384, 12.5013046265, 6.19282436371, 6.20681285858, 6.98692893982, 7.42872810364, 4.53846168518, 4.63861513138, 2.4323759079, 1.32898068428, 0.734634578228, 0.5672134161, 0.384701132774, 0.395323753357, 0.254789412022, 0.150197207928, 0.0735928416252, 0.0498515889049, 0.0205010343343, 0.00387929705903, 0.000833264261018, 0.000156055670232, 3.66750464309e-05, 4.30085347034e-05], "min": [3.39799676601e-22, 2.41427121278e-21, 5.58150902364e-21, 7.01719931849e-20, 7.10005438153e-20, 2.0111517529e-19, 1.14106269704e-19, 1.05856797455e-19, 5.17716525568e-19, 5.63014331778e-19, 3.60869355399e-19, 9.71523939636e-19, 1.48286672839e-18, 1.14462606187e-18, 1.11075322258e-18, 2.5222771741e-18, 5.12740806709e-18, 4.11354519799e-18, 4.79635384233e-18, 4.63236239076e-18, 8.21146578139e-18, 9.29961195103e-18, 1.68899759346e-17, 9.9751066644e-18, 1.44148397836e-17, 1.51560316628e-17, 1.58046471421e-17, 1.81090995368e-17, 1.67745577694e-17, 1.43729480487e-17, 1.52318526921e-17, 1.41789394534e-17, 1.22575990682e-17, 1.26337065122e-17, 8.96569568136e-18, 4.55401184314e-18, 3.27766285219e-18, 1.28237531191e-18, 2.95091591198e-19, 3.205058948e-20], "var": [0.247123643756, 11.3822603226, 71.8034820557, 110.236122131, 43.1683425903, 107.392028809, 829.562255859, 675.164733887, 783.599609375, 2417.10229492, 800.197021484, 2271.98095703, 38175.4023438, 125030.632812, 7294.10400391, 2030.95007324, 4070.95556641, 5535.19482422, 15077.4599609, 6463.19775391, 1834.71972656, 1728.00476074, 402.990905762, 362.945007324, 79.2108764648, 36.8481559753, 3.90328192711, 2.25011563301, 1.63826072216, 2.64036679268, 0.403443664312, 0.207924887538, 0.147389993072, 0.107857435942, 0.126933023334, 0.0552749224007, 0.0123022114858, 0.000515396881383, 6.76959814427e-07, 1.60571700381e-09]}, "gfcc": {"mean": [-64.1356506348, 121.077964783, -103.766700745, 34.5043869019, -32.8558769226, 17.1913261414, -24.9792041779, 13.387963295, -11.5538816452, 1.38604605198, -6.54596376419, -1.60177564621, -9.51007175446], "cov": [[19854.4414062, 80.3506469727, -2654.77026367, 104.328659058, -446.785308838, 558.83972168, -715.286193848, 522.024108887, -223.365570068, -54.4717597961, -608.556945801, -205.115432739, -320.682952881], [80.3506469727, 2250.6262207, -18.5056362152, 112.021583557, 337.243103027, -259.056518555, 265.342956543, -222.323959351, 215.797332764, -251.621612549, 293.59942627, -237.796463013, 185.403533936], [-2654.77026367, -18.5056362152, 2286.63623047, 292.931030273, 267.043579102, 167.269470215, 110.663856506, -26.0431365967, -53.6820526123, 147.994033813, -58.3291397095, 48.1910896301, -151.122970581], [104.328659058, 112.021583557, 292.931030273, 544.83770752, 179.45010376, 169.714248657, 69.4953460693, 43.2007598877, 106.527061462, -47.023601532, 23.5896339417, -115.611373901, -3.65863752365], [-446.785308838, 337.243103027, 267.043579102, 179.45010376, 391.586273193, 96.867225647, 136.15977478, 7.90739965439, 61.9416351318, -33.6759033203, 22.0455665588, -65.3569946289, 39.7303657532], [558.83972168, -259.056518555, 167.269470215, 169.714248657, 96.867225647, 299.435089111, 6.6558842659, 84.4799880981, -1.93776357174, 22.8837776184, -60.4171218872, -5.22644662857, -16.7983112335], [-715.286193848, 265.342956543, 110.663856506, 69.4953460693, 136.15977478, 6.6558842659, 233.744506836, 41.9771499634, 65.6066436768, -47.065410614, 32.7222671509, -43.1110420227, 65.0261688232], [522.024108887, -222.323959351, -26.0431365967, 43.2007598877, 7.90739965439, 84.4799880981, 41.9771499634, 190.507171631, 40.9729499817, 14.5716180801, -65.3007049561, -15.0509214401, -22.5699882507], [-223.365570068, 215.797332764, -53.6820526123, 106.527061462, 61.9416351318, -1.93776357174, 65.6066436768, 40.9729499817, 162.570724487, -0.183569133282, 63.1443023682, -63.7707061768, 22.6699104309], [-54.4717597961, -251.621612549, 147.994033813, -47.023601532, -33.6759033203, 22.8837776184, -47.065410614, 14.5716180801, -0.183569133282, 158.196228027, 22.6081180573, 70.6890258789, -74.2223739624], [-608.556945801, 293.59942627, -58.3291397095, 23.5896339417, 22.0455665588, -60.4171218872, 32.7222671509, -65.3007049561, 63.1443023682, 22.6081180573, 185.994415283, 26.9470233917, 42.2293777466], [-205.115432739, -237.796463013, 48.1910896301, -115.611373901, -65.3569946289, -5.22644662857, -43.1110420227, -15.0509214401, -63.7707061768, 70.6890258789, 26.9470233917, 173.261505127, 25.6368675232], [-320.682952881, 185.403533936, -151.122970581, -3.65863752365, 39.7303657532, -16.7983112335, 65.0261688232, -22.5699882507, 22.6699104309, -74.2223739624, 42.2293777466, 25.6368675232, 174.90675354]], "icov": [[0.00019272249483, -0.000538448628504, 0.000350731046638, -0.000386951753171, 0.000246935582254, -0.000424004625529, 0.000536693783943, -0.000697113806382, 0.000649158610031, -0.00077665381832, 0.00100625643972, -0.000347559369402, 0.000227034091949], [-0.000538448628504, 0.00283380621113, -0.00118033634499, 0.00161845749244, -0.0014032718027, 0.00167839264031, -0.00172739068512, 0.00273539428599, -0.00261989585124, 0.00390090281144, -0.00457982579246, 0.00225395453162, -0.000731633044779], [0.000350731046638, -0.00118033634499, 0.00135660078377, -0.00127130001783, 0.000227094104048, -0.000799660163466, 0.000359420722816, -0.000826607982162, 0.00156057602726, -0.0023228530772, 0.00267601548694, -0.00139952811878, 0.00104214274324], [-0.000386951753171, 0.00161845749244, -0.00127130001783, 0.00454729655758, -0.00115078117233, -0.000880486506503, -0.000574859557673, 0.00149207457434, -0.00318858632818, 0.00390002946369, -0.00404427014291, 0.00256737018935, -0.000176853631274], [0.000246935582254, -0.0014032718027, 0.000227094104048, -0.00115078117233, 0.00484238890931, -0.00199823942967, -0.000953494745772, -0.000513939594384, 0.000898270343896, -0.00203562201932, 0.00203898525797, -8.41738874442e-05, -0.00035153326462], [-0.000424004625529, 0.00167839264031, -0.000799660163466, -0.000880486506503, -0.00199823942967, 0.00683577498421, -0.000608302769251, -0.000191613537027, -0.000283078174107, 0.000611158728134, -0.00144966470543, 0.000803812872618, -0.00142577697989], [0.000536693783943, -0.00172739068512, 0.000359420722816, -0.000574859557673, -0.000953494745772, -0.000608302769251, 0.00909461453557, -0.00491964770481, 0.00125781516545, -0.00112201331649, 0.00132953585126, 0.00020923584816, -0.0017350751441], [-0.000697113806382, 0.00273539428599, -0.000826607982162, 0.00149207457434, -0.000513939594384, -0.000191613537027, -0.00491964770481, 0.0124488919973, -0.00700039602816, 0.00316274212673, -8.47017417982e-06, -0.000194491512957, 0.000953085487708], [0.000649158610031, -0.00261989585124, 0.00156057602726, -0.00318858632818, 0.000898270343896, -0.000283078174107, 0.00125781516545, -0.00700039602816, 0.0161865409464, -0.00813049729913, -0.000299228267977, 0.00433217454702, -0.00246410141699], [-0.00077665381832, 0.00390090281144, -0.0023228530772, 0.00390002946369, -0.00203562201932, 0.000611158728134, -0.00112201331649, 0.00316274212673, -0.00813049729913, 0.0203788094223, -0.00873924139887, -0.0039437096566, 0.00625164899975], [0.00100625643972, -0.00457982579246, 0.00267601548694, -0.00404427014291, 0.00203898525797, -0.00144966470543, 0.00132953585126, -8.47017417982e-06, -0.000299228267977, -0.00873924139887, 0.0183034911752, -0.00698627112433, 0.00076444161823], [-0.000347559369402, 0.00225395453162, -0.00139952811878, 0.00256737018935, -8.41738874442e-05, 0.000803812872618, 0.00020923584816, -0.000194491512957, 0.00433217454702, -0.0039437096566, -0.00698627112433, 0.0159199163318, -0.00707026012242], [0.000227034091949, -0.000731633044779, 0.00104214274324, -0.000176853631274, -0.00035153326462, -0.00142577697989, -0.0017350751441, 0.000953085487708, -0.00246410141699, 0.00625164899975, 0.00076444161823, -0.00707026012242, 0.0123408669606]]}, "melbands": {"dmean": [0.00123081868514, 0.00118604477029, 0.000403012847528, 0.000101444442407, 7.85124429967e-05, 5.91524112679e-05, 7.96899694251e-05, 9.21685714275e-05, 3.33521165885e-05, 4.27578524977e-05, 0.000145188270835, 6.91353416187e-05, 3.52638235199e-05, 1.73085336428e-05, 1.54640420078e-05, 1.76177418325e-05, 4.55204972241e-05, 2.9306695069e-05, 1.48649960465e-05, 1.35316486194e-05, 1.15254943012e-05, 1.40322135849e-05, 5.01198383063e-06, 3.63405342796e-06, 5.27670181327e-06, 1.76169351107e-06, 1.69035956787e-06, 9.89175759969e-07, 5.15315434768e-07, 4.34945491179e-07, 4.19143134422e-07, 2.96058402682e-07, 2.87968589419e-07, 3.65610986819e-07, 1.46038587445e-07, 1.11670388492e-07, 1.03091537085e-07, 9.20535683235e-08, 1.10430583788e-07, 9.63420418998e-08], "dmean2": [0.0018837521784, 0.00150505243801, 0.000553300487809, 0.000149562416482, 9.79562319117e-05, 7.79890397098e-05, 0.000108389147499, 0.000116165741929, 4.15018876083e-05, 5.54257094336e-05, 0.000186411532923, 8.18404732854e-05, 4.76033237646e-05, 2.45751180046e-05, 2.15780037252e-05, 2.24325849558e-05, 7.12633991498e-05, 4.56353845948e-05, 2.23294155148e-05, 2.18387067434e-05, 1.77630863618e-05, 2.22364760702e-05, 7.942031516e-06, 5.73219131184e-06, 8.77298043633e-06, 2.77155959338e-06, 2.68119083557e-06, 1.60622175827e-06, 8.5756602175e-07, 6.99995496234e-07, 6.87300712343e-07, 4.3495199975e-07, 4.5120481218e-07, 5.80905748393e-07, 2.18622943748e-07, 1.57776142373e-07, 1.48457658611e-07, 1.32238525907e-07, 1.64318805673e-07, 1.37903711561e-07], "dvar": [4.03580315833e-06, 3.21494121636e-06, 5.61666354315e-07, 3.26501634618e-08, 1.08148938693e-07, 7.22488167071e-08, 3.1675352119e-08, 7.12756786925e-08, 1.24516308375e-08, 1.99877252527e-08, 1.87354501691e-07, 1.05935960448e-07, 1.84880821763e-08, 2.67498956319e-09, 2.27385132945e-09, 6.20928730655e-09, 1.18031788787e-08, 8.09972622307e-09, 7.27610593998e-09, 1.53181423102e-09, 1.31132615877e-09, 1.36380085003e-09, 1.29629876278e-10, 5.53541518178e-11, 1.31094260447e-10, 1.72907538981e-11, 2.09693651332e-11, 3.68549375046e-12, 1.93458422025e-12, 5.75165945687e-13, 7.79737711031e-13, 3.861459492e-13, 5.39763166888e-13, 9.38421757836e-13, 8.14168068901e-14, 3.63053838837e-14, 3.62692765632e-14, 3.63531124962e-14, 6.31437312376e-14, 5.32605914667e-14], "dvar2": [1.04502141767e-05, 5.93229970036e-06, 1.02779824829e-06, 7.36442586913e-08, 1.50220444084e-07, 9.31545827143e-08, 5.67147182551e-08, 1.16236087422e-07, 1.97570457772e-08, 2.99742310972e-08, 2.99962124473e-07, 1.46066312823e-07, 2.4656117148e-08, 4.34432445573e-09, 3.94980004259e-09, 7.97732369051e-09, 2.64534758543e-08, 2.26125838054e-08, 1.59229927021e-08, 3.88324306044e-09, 2.810440769e-09, 3.23842708205e-09, 3.1906133291e-10, 1.3418416378e-10, 3.63275048931e-10, 4.36740504872e-11, 5.18170645281e-11, 1.04008347074e-11, 5.35521496939e-12, 1.45247366651e-12, 1.94533321743e-12, 8.45195604043e-13, 1.30390381652e-12, 2.45976698211e-12, 1.85895041222e-13, 7.4589870413e-14, 7.97278774034e-14, 7.13230947284e-14, 1.47801015133e-13, 1.0601376954e-13], "max": [0.0249006152153, 0.0287568643689, 0.0187010448426, 0.00653961021453, 0.0188202317804, 0.014436754398, 0.00775801902637, 0.0110179521143, 0.00363967241719, 0.00637523969635, 0.014321395196, 0.0308434441686, 0.0148609345779, 0.00313632492907, 0.00190078373998, 0.00430052448064, 0.00317544443533, 0.00264026666991, 0.00464987102896, 0.00145358487498, 0.00150959717575, 0.00113813171629, 0.000331410759827, 0.000224298084504, 0.000214545958443, 0.00013893286814, 0.000223452720093, 4.30518775829e-05, 1.82895801117e-05, 1.36713579195e-05, 9.65893377725e-06, 9.19742888073e-06, 9.31399699766e-06, 1.21199882415e-05, 3.94329845221e-06, 2.81962115878e-06, 2.54135511568e-06, 2.21258324018e-06, 2.57189753938e-06, 2.61776881416e-06], "mean": [0.00454711308703, 0.00436853710562, 0.00123039155733, 0.000276774982922, 0.000260344386334, 0.000170627667103, 0.000296935962979, 0.000283952744212, 8.43742600409e-05, 0.000105113504105, 0.000438749295427, 0.000309296650812, 0.000114199952804, 4.10691573052e-05, 3.8104095438e-05, 4.58141112176e-05, 9.1711517598e-05, 9.11848037504e-05, 4.17066403315e-05, 2.27737127716e-05, 2.25444164244e-05, 2.56638650171e-05, 9.77757463261e-06, 7.6033534242e-06, 1.01029590951e-05, 3.68213864022e-06, 3.4446582049e-06, 1.89316585875e-06, 8.17042689505e-07, 7.89657690348e-07, 5.85120289998e-07, 4.71975653227e-07, 4.00500823616e-07, 5.28569842118e-07, 2.72987904282e-07, 2.16638980532e-07, 1.84845603712e-07, 1.51281653871e-07, 1.55336209673e-07, 1.36492189995e-07], "median": [0.00397509802133, 0.00322037702426, 0.000628574634902, 0.000137845228892, 6.86932107783e-05, 3.74966766685e-05, 0.000148135295603, 5.76547718083e-05, 1.59417832037e-05, 7.71552186052e-06, 1.38256846185e-05, 1.9586086637e-05, 1.35083228088e-05, 1.04220598587e-05, 6.7584514909e-06, 3.29196518578e-06, 1.98850793822e-05, 7.55495511839e-06, 2.67392033493e-06, 4.22330958827e-06, 4.83503663418e-06, 6.78419746691e-06, 3.48854428012e-06, 3.09209917759e-06, 2.90931393465e-06, 1.20533320569e-06, 1.14254589789e-06, 7.61386218073e-07, 4.20220459318e-07, 4.12263943872e-07, 2.72774826726e-07, 2.13642323388e-07, 1.8478337438e-07, 2.27601304914e-07, 1.45618940905e-07, 1.17163196478e-07, 7.90958125663e-08, 4.84373572363e-08, 4.73927208589e-08, 3.89123400169e-08], "min": [3.39813707281e-24, 2.63541211545e-24, 1.08641710875e-23, 1.0023015804e-23, 6.96278532776e-24, 2.80497678095e-24, 7.76516257573e-24, 5.95378805378e-24, 3.3006711386e-24, 6.12639673629e-24, 7.62950611017e-24, 4.39082819745e-24, 3.90303684557e-24, 2.26609268318e-24, 1.66725310556e-23, 7.88110619614e-24, 6.43569213672e-24, 7.46016843939e-24, 5.45304873343e-24, 8.57418992114e-24, 9.81928222001e-24, 9.25086770589e-24, 9.73434083317e-24, 1.77286580355e-23, 5.69082560975e-24, 9.43727711551e-24, 1.13795780931e-23, 9.65552574013e-24, 9.6077042032e-24, 9.00673103294e-24, 1.11403757451e-23, 9.15081253297e-24, 7.90192107999e-24, 7.56882929592e-24, 7.52078214477e-24, 1.15670114441e-23, 6.72940556212e-24, 7.55796825898e-24, 1.08021737201e-23, 1.06384140847e-23], "var": [1.54623630806e-05, 1.66862755577e-05, 2.53747225543e-06, 1.6386584889e-07, 7.61934757065e-07, 3.25787652855e-07, 2.30079351127e-07, 2.86213776235e-07, 5.8546358872e-08, 1.05593471744e-07, 1.11723306873e-06, 1.85292788046e-06, 3.54695146143e-07, 9.29383237036e-09, 9.52746148641e-09, 4.35617657502e-08, 3.14249888334e-08, 7.01639066847e-08, 6.77942253446e-08, 3.03957814474e-09, 5.47187495314e-09, 4.02874400507e-09, 3.22107396311e-10, 1.58659183014e-10, 3.17510739922e-10, 5.41994157888e-11, 7.3209660556e-11, 1.06709693165e-11, 1.85896935866e-12, 1.18322409162e-12, 8.9167659801e-13, 6.12738809344e-13, 5.69482449479e-13, 9.48321174192e-13, 1.3768581544e-13, 7.94550853605e-14, 7.10983260655e-14, 6.43756830612e-14, 8.06635167732e-14, 7.64856046879e-14]}, "mfcc": {"mean": [-709.026916504, 145.027954102, 5.85444784164, 30.9474201202, 17.6504306793, 10.0253705978, 6.76581525803, 12.580742836, 2.91197347641, 6.1456618309, 5.56355428696, 4.3564658165, 4.25790929794], "cov": [[12141.9287109, 297.844024658, -1929.16467285, -53.1898918152, -0.563574135303, 17.9340400696, -109.052116394, 302.464935303, 168.738357544, 219.765640259, -20.3415679932, -211.092193604, -192.412994385], [297.844024658, 1476.44226074, 88.8595123291, 154.179855347, 152.674514771, 27.0584411621, 110.662666321, 39.3174209595, -27.6310138702, -4.29886054993, -16.6273384094, 58.1405029297, 47.3542289734], [-1929.16467285, 88.8595123291, 1390.30834961, 276.496490479, 266.730285645, 227.489334106, 135.15473938, 5.84365367889, 49.8277053833, 14.1956996918, 97.3367919922, 60.2238502502, 24.9598064423], [-53.1898918152, 154.179855347, 276.496490479, 387.350006104, 204.810256958, 131.088867188, 75.5766067505, 76.6949386597, 78.2064208984, 98.1189498901, 55.6047821045, 24.6908321381, -9.76086902618], [-0.563574135303, 152.674514771, 266.730285645, 204.810256958, 303.408843994, 167.052978516, 81.1175460815, 49.7637252808, 44.5028419495, 43.8266906738, 40.5479927063, 10.3221387863, -0.383839637041], [17.9340400696, 27.0584411621, 227.489334106, 131.088867188, 167.052978516, 214.532455444, 85.4307098389, 36.7015533447, 31.1434345245, 19.6904811859, 20.3646621704, -1.54274880886, 5.223072052], [-109.052116394, 110.662666321, 135.15473938, 75.5766067505, 81.1175460815, 85.4307098389, 146.323410034, 69.6892547607, 43.4433784485, 35.3992729187, 2.12487888336, -19.7175140381, -22.9700317383], [302.464935303, 39.3174209595, 5.84365367889, 76.6949386597, 49.7637252808, 36.7015533447, 69.6892547607, 134.11390686, 90.6706008911, 66.5771179199, 15.0485305786, -30.5297775269, -47.4285964966], [168.738357544, -27.6310138702, 49.8277053833, 78.2064208984, 44.5028419495, 31.1434345245, 43.4433784485, 90.6706008911, 133.454147339, 95.0336990356, 20.0030822754, -36.885307312, -55.8582611084], [219.765640259, -4.29886054993, 14.1956996918, 98.1189498901, 43.8266906738, 19.6904811859, 35.3992729187, 66.5771179199, 95.0336990356, 148.12020874, 60.505443573, -20.1850299835, -53.837852478], [-20.3415679932, -16.6273384094, 97.3367919922, 55.6047821045, 40.5479927063, 20.3646621704, 2.12487888336, 15.0485305786, 20.0030822754, 60.505443573, 119.628257751, 64.4006347656, 14.6788139343], [-211.092193604, 58.1405029297, 60.2238502502, 24.6908321381, 10.3221387863, -1.54274880886, -19.7175140381, -30.5297775269, -36.885307312, -20.1850299835, 64.4006347656, 161.4243927, 126.462501526], [-192.412994385, 47.3542289734, 24.9598064423, -9.76086902618, -0.383839637041, 5.223072052, -22.9700317383, -47.4285964966, -55.8582611084, -53.837852478, 14.6788139343, 126.462501526, 172.126708984]], "icov": [[0.000128937797854, -5.04660565639e-05, 0.000202500174055, 2.31063677347e-05, -4.00707358494e-05, -0.000242438458372, 0.000268917530775, -0.000296499289107, 1.60108866112e-05, -6.37080884189e-05, -0.000116719937068, 0.00013925289386, -1.56679325301e-05], [-5.04660565639e-05, 0.000857025792357, -5.5260334193e-05, -0.000237111627939, -0.000501440488733, 0.000690363289323, -0.00081294181291, -0.000105289560452, 0.00062413100386, -0.000144084799103, 0.000614046584815, -0.000572285673115, 6.83815378579e-05], [0.000202500174055, -5.5260334193e-05, 0.00144689308945, -0.000528255302925, -0.000319549901178, -0.000707073311787, -0.000552937097382, 0.000820815912448, -0.00116376846563, 0.00123924098443, -0.00137367390562, 0.000300511950627, 8.12312937342e-05], [2.31063677347e-05, -0.000237111627939, -0.000528255302925, 0.0053220144473, -0.00218928209506, -0.00102218985558, 0.00091512867948, -0.00150408037007, 0.000526565709151, -0.00328354467638, 0.00158038723748, -0.00199686526321, 0.000679464545101], [-4.00707358494e-05, -0.000501440488733, -0.000319549901178, -0.00218928209506, 0.00769288558513, -0.00409762561321, -3.88816297345e-05, -4.01053730457e-05, -0.000332577212248, 0.000596289813984, -0.00130590621848, 0.000705621787347, -0.000187874320545], [-0.000242438458372, 0.000690363289323, -0.000707073311787, -0.00102218985558, -0.00409762561321, 0.0108000123873, -0.00441132346168, 0.00122230884153, -0.000645367486868, 0.00177337345667, -0.0010322148446, 0.00199358933605, -0.00203654612415], [0.000268917530775, -0.00081294181291, -0.000552937097382, 0.00091512867948, -3.88816297345e-05, -0.00441132346168, 0.013657043688, -0.00709023606032, 0.00236926227808, -0.00281857908703, 0.002397143282, -8.68735223776e-05, 0.000405615515774], [-0.000296499289107, -0.000105289560452, 0.000820815912448, -0.00150408037007, -4.01053730457e-05, 0.00122230884153, -0.00709023606032, 0.0192519817501, -0.0112954545766, 0.00287432502955, -0.00234876968898, 0.000237405998632, 0.00107395439409], [1.60108866112e-05, 0.00062413100386, -0.00116376846563, 0.000526565709151, -0.000332577212248, -0.000645367486868, 0.00236926227808, -0.0112954545766, 0.0229254998267, -0.0119449067861, 0.0048638288863, -0.000738404400181, 0.00109875958879], [-6.37080884189e-05, -0.000144084799103, 0.00123924098443, -0.00328354467638, 0.000596289813984, 0.00177337345667, -0.00281857908703, 0.00287432502955, -0.0119449067861, 0.020835109055, -0.0111127225682, 0.00403295923024, 0.000591026095208], [-0.000116719937068, 0.000614046584815, -0.00137367390562, 0.00158038723748, -0.00130590621848, -0.0010322148446, 0.002397143282, -0.00234876968898, 0.0048638288863, -0.0111127225682, 0.0210023541003, -0.0134439039975, 0.00587933231145], [0.00013925289386, -0.000572285673115, 0.000300511950627, -0.00199686526321, 0.000705621787347, 0.00199358933605, -8.68735223776e-05, 0.000237405998632, -0.000738404400181, 0.00403295923024, -0.0134439039975, 0.0251320563257, -0.0161451846361], [-1.56679325301e-05, 6.83815378579e-05, 8.12312937342e-05, 0.000679464545101, -0.000187874320545, -0.00203654612415, 0.000405615515774, 0.00107395439409, 0.00109875958879, 0.000591026095208, 0.00587933231145, -0.0161451846361, 0.0181135348976]]}, "spectral_contrast_coeffs": {"dmean": [0.0341698750854, 0.0346920974553, 0.0347109809518, 0.0308476146311, 0.0232288166881, 0.0152202248573], "dmean2": [0.0546209961176, 0.0551318712533, 0.0525791682303, 0.0482792183757, 0.0355033613741, 0.0246567390859], "dvar": [0.00106590194628, 0.00100619310979, 0.00112146034371, 0.000791599159129, 0.000428721075878, 0.000264642585535], "dvar2": [0.00257428432815, 0.00246907840483, 0.0025056200102, 0.00176151900087, 0.000917590747122, 0.000647963490337], "max": [-0.321699678898, -0.37663564086, -0.32210034132, -0.428446561098, -0.540036976337, -0.666101753712], "mean": [-0.66006308794, -0.685880243778, -0.662096679211, -0.703385472298, -0.755025744438, -0.783520102501], "median": [-0.665155947208, -0.682269871235, -0.663313031197, -0.69483935833, -0.751394510269, -0.777093887329], "min": [-0.974522769451, -0.961359143257, -0.979050993919, -0.988983035088, -0.97659277916, -0.958202183247], "var": [0.00907818879932, 0.00686359452084, 0.0129661541432, 0.00811688601971, 0.0047284909524, 0.00155769544654]}, "spectral_contrast_valleys": {"dmean": [0.327615261078, 0.30573746562, 0.31704339385, 0.307628929615, 0.272943019867, 0.294101297855], "dmean2": [0.517153561115, 0.481834828854, 0.491807579994, 0.457445114851, 0.379705667496, 0.364158391953], "dvar": [0.183646738529, 0.137218803167, 0.162034198642, 0.170824319124, 0.147208422422, 0.203686907887], "dvar2": [0.327852874994, 0.252051144838, 0.312577098608, 0.327858328819, 0.266365706921, 0.364769518375], "max": [-5.25272798538, -5.45727968216,