{"lowlevel": {"average_loudness": 0.917438149452, "barkbands_crest": {"dmean": 2.49960970879, "dmean2": 3.92983341217, "dvar": 4.84817934036, "dvar2": 11.844789505, "max": 26.6487464905, "mean": 10.4981174469, "median": 9.74369430542, "min": 2.49532079697, "var": 20.127696991}, "barkbands_flatness_db": {"dmean": 0.0314921252429, "dmean2": 0.0452546626329, "dvar": 0.000939810706768, "dvar2": 0.00172770640347, "max": 0.498890787363, "mean": 0.202367275953, "median": 0.179147899151, "min": 0.0572365522385, "var": 0.00833024736494}, "barkbands_kurtosis": {"dmean": 3.215102911, "dmean2": 4.91971635818, "dvar": 46.9324226379, "dvar2": 93.0186386108, "max": 455.748291016, "mean": 5.08415126801, "median": 2.61867403984, "min": -1.94295537472, "var": 125.111633301}, "barkbands_skewness": {"dmean": 0.591164469719, "dmean2": 0.872340500355, "dvar": 0.314434677362, "dvar2": 0.714016497135, "max": 17.3946590424, "mean": 1.59869658947, "median": 1.65661048889, "min": -6.81829977036, "var": 2.13531565666}, "barkbands_spread": {"dmean": 7.4713177681, "dmean2": 11.0247373581, "dvar": 71.3201522827, "dvar2": 129.464370728, "max": 106.596504211, "mean": 21.8009166718, "median": 18.03515625, "min": 0.266678512096, "var": 256.580047607}, "dissonance": {"dmean": 0.0194273609668, "dmean2": 0.0314225666225, "dvar": 0.000554747588467, "dvar2": 0.00140066328458, "max": 0.499999850988, "mean": 0.456849306822, "median": 0.47274106741, "min": 0.0961270332336, "var": 0.00220546335913}, "dynamic_complexity": 3.59656667709, "erbbands_crest": {"dmean": 2.15456986427, "dmean2": 3.45795750618, "dvar": 4.56047391891, "dvar2": 10.9305696487, "max": 28.8899059296, "mean": 8.00765132904, "median": 6.8484249115, "min": 2.51340794563, "var": 15.9305973053}, "erbbands_flatness_db": {"dmean": 0.0184654016048, "dmean2": 0.0273521319032, "dvar": 0.000485161232064, "dvar2": 0.000839762680698, "max": 0.488968580961, "mean": 0.219328179955, "median": 0.18826417625, "min": 0.0628785863519, "var": 0.00579928280786}, "erbbands_kurtosis": {"dmean": 0.903321385384, "dmean2": 1.4352632761, "dvar": 3.92850613594, "dvar2": 7.95953273773, "max": 103.827255249, "mean": 0.0597477033734, "median": -0.637142181396, "min": -1.86431849003, "var": 9.17962265015}, "erbbands_skewness": {"dmean": 0.422267466784, "dmean2": 0.626941680908, "dvar": 0.160031631589, "dvar2": 0.337574422359, "max": 8.66592216492, "mean": 0.0587589479983, "median": -0.0187429599464, "min": -3.07295703888, "var": 0.803103983402}, "erbbands_spread": {"dmean": 8.56262111664, "dmean2": 13.4743108749, "dvar": 75.5545043945, "dvar2": 172.590713501, "max": 112.073234558, "mean": 42.4409370422, "median": 43.6170959473, "min": 2.02371573448, "var": 350.140258789}, "hfc": {"dmean": 10.6455087662, "dmean2": 15.3966808319, "dvar": 297.704711914, "dvar2": 669.233581543, "max": 145.61315918, "mean": 18.7572669983, "median": 11.2895317078, "min": 1.21074095387e-16, "var": 483.152679443}, "melbands_crest": {"dmean": 3.00332593918, "dmean2": 4.84429311752, "dvar": 7.20234155655, "dvar2": 18.3137111664, "max": 32.3983383179, "mean": 14.2707567215, "median": 14.0980215073, "min": 1.77436411381, "var": 22.8777370453}, "melbands_flatness_db": {"dmean": 0.0399098917842, "dmean2": 0.0569060966372, "dvar": 0.00164769252297, "dvar2": 0.00296171056107, "max": 0.646720588207, "mean": 0.265295863152, "median": 0.239073544741, "min": 0.00417797034606, "var": 0.0153124798089}, "melbands_kurtosis": {"dmean": 6.78573465347, "dmean2": 10.3755893707, "dvar": 81.7032241821, "dvar2": 202.150177002, "max": 228.342575073, "mean": 14.4043130875, "median": 10.827876091, "min": -1.80091512203, "var": 226.798141479}, "melbands_skewness": {"dmean": 0.714446008205, "dmean2": 1.07354104519, "dvar": 0.439252197742, "dvar2": 1.02078723907, "max": 11.4595155716, "mean": 2.99173116684, "median": 2.89777088165, "min": -1.32405269146, "var": 2.02099704742}, "melbands_spread": {"dmean": 9.55591583252, "dmean2": 14.2565879822, "dvar": 158.22895813, "dvar2": 329.014709473, "max": 161.378463745, "mean": 23.2152004242, "median": 15.2924633026, "min": 0.474638998508, "var": 571.131591797}, "pitch_salience": {"dmean": 0.0790014266968, "dmean2": 0.124254003167, "dvar": 0.00476948358119, "dvar2": 0.011471609585, "max": 0.861336767673, "mean": 0.562347888947, "median": 0.566098570824, "min": 0.0765101313591, "var": 0.0147305894643}, "silence_rate_20dB": {"dmean": 0, "dmean2": 0, "dvar": 0, "dvar2": 0, "max": 1, "mean": 1, "median": 1, "min": 1, "var": 0}, "silence_rate_30dB": {"dmean": 0, "dmean2": 0, "dvar": 0, "dvar2": 0, "max": 1, "mean": 1, "median": 1, "min": 1, "var": 0}, "silence_rate_60dB": {"dmean": 0.00817187316716, "dmean2": 0.0163458995521, "dvar": 0.0081065511331, "dvar2": 0.0197700951248, "max": 1, "mean": 0.0997627824545, "median": 0, "min": 0, "var": 0.0898064896464}, "spectral_centroid": {"dmean": 383.55657959, "dmean2": 562.035583496, "dvar": 202395.5, "dvar2": 366988.8125, "max": 11157.4179688, "mean": 1383.13037109, "median": 1212.71606445, "min": 206.785766602, "var": 803720}, "spectral_complexity": {"dmean": 5.94833278656, "dmean2": 8.54679679871, "dvar": 51.2552490234, "dvar2": 94.4912643433, "max": 66, "mean": 19.4524250031, "median": 17, "min": 0, "var": 175.649810791}, "spectral_decrease": {"dmean": 1.94752547422e-09, "dmean2": 3.0050448796e-09, "dvar": 6.27859325762e-18, "dvar2": 1.51997911715e-17, "max": 3.47102958008e-16, "mean": -6.57545484728e-09, "median": -5.55408519176e-09, "min": -3.25107407662e-08, "var": 2.50863316077e-17}, "spectral_energy": {"dmean": 0.00800727680326, "dmean2": 0.0123608261347, "dvar": 0.000104108366941, "dvar2": 0.000249579228694, "max": 0.125798419118, "mean": 0.0265186298639, "median": 0.022569347173, "min": 1.08235016033e-20, "var": 0.000400758493925}, "spectral_energyband_high": {"dmean": 0.00123180344235, "dmean2": 0.00178832153324, "dvar": 4.84955444335e-06, "dvar2": 1.04722603282e-05, "max": 0.0170762240887, "mean": 0.00148889550474, "median": 0.000357075012289, "min": 8.03240680844e-21, "var": 6.9168072514e-06}, "spectral_energyband_low": {"dmean": 0.00555060245097, "dmean2": 0.00837908592075, "dvar": 7.74955551606e-05, "dvar2": 0.000191913364688, "max": 0.101815804839, "mean": 0.0128192687407, "median": 0.00721408147365, "min": 1.77247042647e-23, "var": 0.000220874499064}, "spectral_energyband_middle_high": {"dmean": 0.00168279523496, "dmean2": 0.00262196129188, "dvar": 7.9597111835e-06, "dvar2": 1.96100063476e-05, "max": 0.0310555994511, "mean": 0.00328180426732, "median": 0.00218266481534, "min": 1.63198271797e-21, "var": 1.32035638671e-05}, "spectral_energyband_middle_low": {"dmean": 0.00376857654192, "dmean2": 0.00618395023048, "dvar": 3.22687264998e-05, "dvar2": 8.20149944047e-05, "max": 0.0625206083059, "mean": 0.0104694990441, "median": 0.00929891318083, "min": 2.59370271225e-22, "var": 6.06883295404e-05}, "spectral_entropy": {"dmean": 0.234786063433, "dmean2": 0.347313225269, "dvar": 0.0845361799002, "dvar2": 0.153956964612, "max": 9.80388641357, "mean": 7.20918464661, "median": 7.50827789307, "min": 4.69126367569, "var": 0.686953008175}, "spectral_flux": {"dmean": 0.0229689050466, "dmean2": 0.0355233550072, "dvar": 0.000682071025949, "dvar2": 0.00138448295183, "max": 0.284346789122, "mean": 0.0754695907235, "median": 0.0683843940496, "min": 1.04036057547e-10, "var": 0.00240749190561}, "spectral_kurtosis": {"dmean": 7.38528585434, "dmean2": 12.5537748337, "dvar": 226.536636353, "dvar2": 598.093383789, "max": 393.616912842, "mean": 14.651093483, "median": 1.92584300041, "min": -1.21809494495, "var": 1272.33544922}, "spectral_rms": {"dmean": 0.000707181927282, "dmean2": 0.00107490445953, "dvar": 6.00300325004e-07, "dvar2": 1.3769117686e-06, "max": 0.0110783651471, "mean": 0.00462617352605, "median": 0.00469242734835, "min": 3.24954061055e-12, "var": 4.47029742645e-06}, "spectral_rolloff": {"dmean": 717.041259766, "dmean2": 1149.89038086, "dvar": 1166043.25, "dvar2": 2189631, "max": 19896.6796875, "mean": 1815.35473633, "median": 667.529296875, "min": 64.599609375, "var": 8811215}, "spectral_skewness": {"dmean": 0.602466285229, "dmean2": 0.969071269035, "dvar": 0.679028689861, "dvar2": 1.69825077057, "max": 16.1095523834, "mean": 1.72353589535, "median": 0.896874547005, "min": -0.220738112926, "var": 4.43573284149}, "spectral_spread": {"dmean": 396558.3125, "dmean2": 614310.5, "dvar": 335062564864, "dvar2": 535756308480, "max": 40533008, "mean": 3212580.5, "median": 3393830.75, "min": 207727.953125, "var": 3342618853380.0}, "spectral_strongpeak": {"dmean": 0.222854048014, "dmean2": 0.378215014935, "dvar": 0.103243246675, "dvar2": 0.259558677673, "max": 5.48593854904, "mean": 0.479603827, "median": 0.368584275246, "min": 0, "var": 0.177880525589}, "zerocrossingrate": {"dmean": 0.0124448966235, "dmean2": 0.0144262453541, "dvar": 0.000195676781004, "dvar2": 0.000232151825912, "max": 0.7802734375, "mean": 0.0632434263825, "median": 0.0419921875, "min": 0.0048828125, "var": 0.00996182765812}, "barkbands": {"dmean": [0.000128504674649, 0.00343387131579, 0.003196998965, 0.00145561958198, 0.002300176071, 0.000986082595773, 0.000467141886475, 0.000376783835236, 0.00022327224724, 0.000198346184334, 0.000137202936457, 0.000156805181177, 0.000154463064973, 0.000187936529983, 0.00027162898914, 0.000290982367005, 0.000238651351538, 0.000364616367733, 0.000222625822062, 0.000299115985399, 0.000580457912292, 0.000450770312455, 7.67322344473e-05, 1.2103415429e-05, 1.03520210359e-06, 5.27147051343e-07, 2.27002573183e-07], "dmean2": [0.000215621868847, 0.00507614901289, 0.00519325165078, 0.00243447441608, 0.00402336707339, 0.00155706191435, 0.000737561436836, 0.00058384204749, 0.000346708635334, 0.000319556012983, 0.000209814767004, 0.000256971135968, 0.00024873521761, 0.000304424116621, 0.0004554502666, 0.000498726498336, 0.000393627473386, 0.000562621629797, 0.00034664242412, 0.000468492886284, 0.000854049343616, 0.000726861355361, 0.000114691654744, 1.81394170795e-05, 1.52551012889e-06, 8.45635611313e-07, 3.83482131383e-07], "dvar": [8.281520536e-08, 4.35559668404e-05, 4.15851063735e-05, 6.16454872215e-06, 1.96729888557e-05, 2.03856848202e-06, 8.19887645775e-07, 3.74574909756e-07, 1.90539552136e-07, 1.29662382164e-07, 7.24658661966e-08, 1.09389937109e-07, 5.14353253322e-08, 9.85676678056e-08, 3.14505797405e-07, 9.31860370201e-07, 1.46059235817e-07, 4.7873601261e-07, 1.43719148582e-07, 3.32168241357e-07, 1.15380873922e-06, 7.43702003092e-07, 1.88432593973e-08, 4.73100447707e-10, 4.37894078636e-12, 1.64862275307e-12, 4.2390711167e-13], "dvar2": [2.26629012445e-07, 9.76947776508e-05, 0.000110999411845, 1.61504558491e-05, 5.49701508135e-05, 5.65240452488e-06, 2.13759199141e-06, 9.50334481331e-07, 4.41780116489e-07, 3.29667273036e-07, 1.50244517272e-07, 2.74772787634e-07, 1.28378545128e-07, 2.45578604563e-07, 8.21503931547e-07, 2.67201880888e-06, 3.81301447305e-07, 1.01691171039e-06, 3.21532070302e-07, 8.20426350856e-07, 2.49184245149e-06, 1.70401858668e-06, 4.1293969133e-08, 1.11075526554e-09, 9.8190275355e-12, 4.08863177689e-12, 1.11623796144e-12], "max": [0.0034889143426, 0.0675698518753, 0.0806727260351, 0.0335451215506, 0.0527013204992, 0.0364501737058, 0.0155229829252, 0.0148524940014, 0.0105209769681, 0.00555690238252, 0.00571938510984, 0.00560681708157, 0.00326172122732, 0.00576425809413, 0.00870528817177, 0.0152362845838, 0.00456839846447, 0.00656350282952, 0.00361605430953, 0.00557769648731, 0.00836297031492, 0.00802676565945, 0.00178599543869, 0.000283915171167, 3.2708299841e-05, 1.56157293532e-05, 9.47232092585e-06], "mean": [0.000166775949765, 0.0059341234155, 0.00526454858482, 0.00229048193432, 0.00355940870941, 0.00238418858498, 0.000949034991208, 0.000731400621589, 0.000398533564294, 0.000318067119224, 0.000235170868109, 0.000225579351536, 0.000268632458756, 0.000276890059467, 0.000389717519283, 0.000375069590518, 0.000386962667108, 0.000465899734991, 0.000282488501398, 0.000300835468806, 0.000707138387952, 0.000502800394315, 9.02610554476e-05, 1.29428026412e-05, 1.05444792098e-06, 4.37383249619e-07, 1.81889348028e-07], "median": [2.75784477708e-05, 0.00160759384744, 0.00262853200547, 0.00136908434797, 0.00234339549206, 0.00151990470476, 0.000494794163387, 0.000427105231211, 0.000178087677341, 0.000151886051754, 0.000112358597107, 8.91496165423e-05, 0.000147862301674, 0.000142418575706, 0.000184936507139, 0.000158020004164, 0.000186418212252, 0.000127574196085, 8.63790774019e-05, 6.10720235272e-05, 0.000161625648616, 9.44268977037e-05, 1.35615409818e-05, 1.80030963293e-06, 7.1665610335e-08, 2.03524486153e-08, 3.48291129271e-09], "min": [3.12842079615e-24, 1.0297567798e-23, 2.74323875157e-24, 7.24911501509e-24, 6.13901022774e-23, 3.92400303294e-23, 9.08476641586e-23, 3.56417138854e-23, 1.38713191134e-23, 2.97023523621e-22, 5.63167295366e-23, 9.53489360382e-23, 6.00056072125e-23, 6.75354549468e-23, 1.69861771028e-22, 1.22252475542e-22, 2.27655790916e-22, 1.29135268007e-22, 2.83930553052e-22, 3.36573778234e-22, 5.02365759055e-22, 5.31926005382e-22, 5.98926069899e-22, 9.41948792345e-22, 9.21450323764e-22, 1.78165373928e-21, 2.72513138193e-21], "var": [1.04162474202e-07, 0.000100734949228, 5.48599782633e-05, 8.54527388583e-06, 2.01970779017e-05, 8.1305988715e-06, 1.74344643256e-06, 8.51222921483e-07, 4.23098299507e-07, 2.14443943491e-07, 1.82073918609e-07, 1.59906406338e-07, 1.14341986546e-07, 1.49050109144e-07, 3.82698544854e-07, 6.95622986768e-07, 2.70622223297e-07, 6.70918893775e-07, 2.05360535688e-07, 3.40061546922e-07, 1.62094329426e-06, 9.12001269171e-07, 2.75195208843e-08, 5.92171145453e-10, 5.65524840498e-12, 1.45259292875e-12, 3.25672377521e-13]}, "erbbands": {"dmean": [0.0822422578931, 0.887469172478, 2.9428589344, 4.79010820389, 6.02606010437, 8.32164955139, 7.27158260345, 8.95183372498, 7.15275096893, 8.18101787567, 5.81224775314, 5.63224029541, 6.04238033295, 4.47645044327, 6.35714244843, 6.66678476334, 6.59748363495, 9.97557640076, 10.4375181198, 17.6346664429, 12.6721467972, 11.3713560104, 18.8273067474, 16.3949279785, 10.4462995529, 14.110865593, 20.7307090759, 24.4306678772, 18.5631752014, 5.25903654099, 1.77275276184, 0.464600235224, 0.109962329268, 0.0195045489818, 0.00511849252507, 0.00182845757809, 0.00110303016845, 0.000365218642401, 4.30312502431e-05, 1.13449850687e-05], "dmean2": [0.106895498931, 1.34732139111, 4.70088911057, 7.75588703156, 10.6581630707, 14.3865947723, 11.8870944977, 14.4159002304, 10.742058754, 12.9969072342, 9.07648277283, 8.576587677, 9.74092197418, 7.37409162521, 9.83578777313, 10.8553886414, 10.5436429977, 16.2630138397, 17.03358078, 30.4590301514, 20.9727649689, 18.4078960419, 29.0204944611, 25.3140830994, 16.1769218445, 22.0143985748, 32.2803421021, 36.5754814148, 29.3312759399, 8.03828334808, 2.68299818039, 0.69192558527, 0.166555866599, 0.0289044100791, 0.00778273213655, 0.00286137405783, 0.00179679435678, 0.000594181765337, 7.19028466847e-05, 1.7512942577e-05], "dvar": [0.0238841082901, 3.11624240875, 31.5254421234, 79.3663330078, 111.892356873, 304.584716797, 136.86000061, 189.424575806, 154.61656189, 179.04145813, 109.245925903, 120.371337891, 124.794548035, 95.5999221802, 163.5052948, 196.976303101, 91.2972183228, 271.341003418, 395.989837646, 3020.99609375, 857.235229492, 347.602783203, 1207.33508301, 918.63848877, 338.293121338, 709.321411133, 1629.55444336, 2066.90161133, 1309.70031738, 88.0939254761, 9.19176864624, 0.650541245937, 0.0430162064731, 0.00158216489945, 0.00010924597882, 1.55367379193e-05, 8.35912578623e-06, 9.51412005179e-07, 1.3918518782e-08, 2.37036779094e-10], "dvar2": [0.0411799736321, 7.21747493744, 81.4730606079, 201.72265625, 321.9894104, 851.378112793, 368.186584473, 559.12713623, 369.527130127, 471.204101562, 269.366271973, 268.055999756, 308.874328613, 255.387023926, 344.974853516, 497.073486328, 222.600341797, 682.531494141, 996.294921875, 8581.26269531, 2319.10253906, 881.091003418, 2599.67504883, 2018.8494873, 792.221679688, 1737.91052246, 3696.53442383, 4679.28417969, 2924.55712891, 193.114303589, 21.3216362, 1.51569163799, 0.103951364756, 0.00368237379007, 0.000248208089033, 3.62389582733e-05, 2.13909879676e-05, 2.44494549406e-06, 3.69403920786e-08, 5.70922198406e-10], "max": [1.90351724625, 18.5875740051, 64.434135437, 134.130447388, 111.377990723, 242.599334717, 181.033477783, 281.866699219, 383.00668335, 216.800689697, 291.534362793, 284.131622314, 186.985549927, 208.110961914, 290.915222168, 256.774047852, 150.19859314, 295.558929443, 421.87411499, 876.754882812, 458.219665527, 277.523620605, 341.677093506, 347.857940674, 156.738021851, 263.020843506, 315.963806152, 368.672943115, 352.433288574, 113.396286011, 31.0767402649, 8.9229631424, 3.103774786, 0.548446178436, 0.122278362513, 0.0429705604911, 0.0336458645761, 0.0136189255863, 0.00178809044883, 0.000183430849575], "mean": [0.154390692711, 1.40865087509, 4.93688154221, 8.55908298492, 8.79079532623, 12.3922290802, 14.314209938, 21.1439628601, 16.5062446594, 15.5254831314, 12.2043867111, 10.9150543213, 9.89363384247, 6.98891735077, 11.7172288895, 10.7169752121, 12.0042562485, 15.8483409882, 16.4985904694, 23.0964508057, 19.7077674866, 18.8316955566, 25.9216384888, 21.6006317139, 11.5288476944, 14.6471261978, 22.8140487671, 29.7832107544, 21.1979141235, 6.26659965515, 2.12182211876, 0.526265025139, 0.114539533854, 0.0203286260366, 0.00497889146209, 0.00163047574461, 0.000899677921552, 0.000300494255498, 4.6174369345e-05, 3.30020266119e-05], "median": [0.0227411538363, 0.45013320446, 2.52730965614, 4.90160751343, 5.38807439804, 7.08808517456, 9.09946250916, 12.2809486389, 9.69105052948, 9.13755226135, 6.76064777374, 5.2283949852, 4.91564083099, 3.45220398903, 5.68845844269, 4.96206855774, 7.07940816879, 8.83313179016, 8.52339172363, 10.6757164001, 9.61003494263, 9.24220848083, 8.47291755676, 6.38398742676, 3.09879946709, 3.21690177917, 4.98735713959, 6.76496315002, 4.08473300934, 1.20829021931, 0.332734763622, 0.0767949521542, 0.0159126631916, 0.00205421773717, 0.000388537242543, 0.000121908815345, 4.81027382193e-05, 1.12012767204e-05, 1.52738484758e-05, 2.73068362731e-05], "min": [4.98552720983e-22, 1.59698556656e-21, 3.38817662156e-21, 1.34819566945e-20, 9.48995688578e-20, 2.46099079383e-19, 3.05343124872e-19, 2.52448595314e-19, 9.1548183275e-19, 1.31267938384e-18, 6.80702022116e-19, 4.01831985568e-19, 3.8592396856e-18, 8.24824554014e-18, 3.95441715483e-18, 3.3316771258e-18, 2.41467090258e-18, 3.82200663187e-18, 8.59700556591e-18, 6.36936805805e-18, 7.56924606252e-18, 1.30402302145e-17, 8.15661378061e-18, 1.37149118093e-17, 1.20291756236e-17, 1.60790709278e-17, 1.38131585322e-17, 2.46001380047e-17, 1.94180764602e-17, 1.98285383694e-17, 1.65611633693e-17, 1.9225354958e-17, 1.58436040402e-17, 1.09113609669e-17, 6.04216642699e-18, 5.32943162886e-18, 3.60171685421e-18, 1.56674077455e-18, 3.7581343299e-19, 4.03112189737e-20], "var": [0.0842532739043, 5.69018507004, 44.5308876038, 124.298072815, 120.155143738, 316.018615723, 280.778198242, 688.219482422, 485.452514648, 359.414337158, 286.036499023, 290.136260986, 224.13319397, 115.85521698, 459.518463135, 305.137786865, 216.849624634, 422.054779053, 600.631896973, 2323.48486328, 1021.84777832, 661.34387207, 1792.18652344, 1350.9017334, 398.304595947, 750.035705566, 1927.33813477, 2829.26098633, 1650.36157227, 123.857154846, 13.9498157501, 0.89027929306, 0.0506866574287, 0.00196943012998, 0.000128010680783, 1.57772992679e-05, 6.83772850607e-06, 7.7752326888e-07, 1.10812585774e-08, 6.65565824676e-10]}, "gfcc": {"mean": [-87.4759674072, 156.903198242, -142.798065186, 47.7325019836, -49.3024940491, -11.7347488403, -18.3996372223, -26.9318618774, 0.184717580676, -9.86121273041, -12.9194221497, -4.17088890076, -7.49504184723], "cov": [[28793.9238281, 18.5344314575, -2203.75415039, 4959.89599609, -1332.37145996, 1137.50183105, 153.407775879, 363.452850342, -38.4107093811, 187.993453979, -53.2248039246, 214.89201355, -344.085296631], [18.5344314575, 4309.87548828, 137.738983154, -1358.88977051, 966.655578613, -681.195129395, -65.1150970459, -392.02722168, 90.4915237427, -324.866607666, -189.992507935, -110.628067017, 123.426971436], [-2203.75415039, 137.738983154, 709.534667969, -366.429931641, 149.360290527, -53.0267410278, 39.7677612305, 3.09462952614, -20.9591636658, -16.5821495056, -15.5655002594, -0.705547749996, 24.4066696167], [4959.89599609, -1358.88977051, -366.429931641, 1655.26159668, -511.911193848, 486.279846191, 182.542144775, 218.504592896, 53.0430107117, 126.467529297, 136.149765015, 67.5093612671, -83.1472854614], [-1332.37145996, 966.655578613, 149.360290527, -511.911193848, 618.8515625, -197.750946045, -24.7223472595, -15.328245163, 6.84247732162, -73.1890945435, -32.6395606995, -2.71551966667, 49.0134124756], [1137.50183105, -681.195129395, -53.0267410278, 486.279846191, -197.750946045, 336.197143555, 88.2089233398, 67.1938705444, 11.3749513626, 53.7679901123, 59.0525817871, 5.614133358, -30.4867572784], [153.407775879, -65.1150970459, 39.7677612305, 182.542144775, -24.7223472595, 88.2089233398, 208.950378418, 47.7762985229, 23.9974899292, 20.4949569702, 25.4798202515, 6.83896780014, -3.90894007683], [363.452850342, -392.02722168, 3.09462952614, 218.504592896, -15.328245163, 67.1938705444, 47.7762985229, 222.5987854, 26.2125549316, 32.7891426086, 51.1846199036, 35.6452789307, -11.4843378067], [-38.4107093811, 90.4915237427, -20.9591636658, 53.0430107117, 6.84247732162, 11.3749513626, 23.9974899292, 26.2125549316, 140.369598389, 20.3244342804, 31.6244621277, 0.273165524006, 16.0103473663], [187.993453979, -324.866607666, -16.5821495056, 126.467529297, -73.1890945435, 53.7679901123, 20.4949569702, 32.7891426086, 20.3244342804, 113.787338257, 35.9312515259, 14.7551107407, -4.47164726257], [-53.2248039246, -189.992507935, -15.5655002594, 136.149765015, -32.6395606995, 59.0525817871, 25.4798202515, 51.1846199036, 31.6244621277, 35.9312515259, 132.481155396, 37.0862426758, 10.3238983154], [214.89201355, -110.628067017, -0.705547749996, 67.5093612671, -2.71551966667, 5.614133358, 6.83896780014, 35.6452789307, 0.273165524006, 14.7551107407, 37.0862426758, 81.3239898682, 25.7634124756], [-344.085296631, 123.426971436, 24.4066696167, -83.1472854614, 49.0134124756, -30.4867572784, -3.90894007683, -11.4843378067, 16.0103473663, -4.47164726257, 10.3238983154, 25.7634124756, 87.4036026001]], "icov": [[0.00041425076779, -0.000910336500965, 0.000500370457303, -0.00138376955874, 0.000636931799818, -0.000906973553356, 0.00105644133873, -0.000844526861329, 0.00108412676491, -0.0012126241345, 0.00145762157626, -0.00149457750376, 0.000730723666493], [-0.000910336500965, 0.00269479723647, -0.000998902949505, 0.00302658672445, -0.00211271899752, 0.00278513436206, -0.00277908658609, 0.00274974037893, -0.00306522403844, 0.00372884329408, -0.00318611972034, 0.00366996717639, -0.00179103703704], [0.000500370457303, -0.000998902949505, 0.00237148744054, -0.00108078250196, 0.000560812535696, -0.00139251747169, 0.000579487124924, -0.00123866368085, 0.00147291866597, -0.00140711467247, 0.00180579302832, -0.00197444739752, 0.000779925787356], [-0.00138376955874, 0.00302658672445, -0.00108078250196, 0.00623585609719, -0.00150631868746, 0.00154525076505, -0.00409077247605, 0.00208366219886, -0.00386102101766, 0.00395192252472, -0.00495384028181, 0.00394960306585, -0.00168265809771], [0.000636931799818, -0.00211271899752, 0.000560812535696, -0.00150631868746, 0.00416550785303, -0.0015992881963, 0.00170633918606, -0.00282772653736, 0.00208110990934, -0.00203080801293, 0.00212365738116, -0.00281907990575, 0.000807385367807], [-0.000906973553356, 0.00278513436206, -0.00139251747169, 0.00154525076505, -0.0015992881963, 0.00879736524075, -0.00379384728149, 0.00282421847805, -0.00263104704209, 0.0033130326774, -0.0044139046222, 0.00532548315823, -0.00187484291382], [0.00105644133873, -0.00277908658609, 0.000579487124924, -0.00409077247605, 0.00170633918606, -0.00379384728149, 0.00892814062536, -0.00314455409534, 0.00254308711737, -0.00392556004226, 0.00369404209778, -0.00375706586055, 0.00174042664003], [-0.000844526861329, 0.00274974037893, -0.00123866368085, 0.00208366219886, -0.00282772653736, 0.00282421847805, -0.00314455409534, 0.00887707155198, -0.00373577442952, 0.00326586770825, -0.00388404657133, 0.00165285065304, -0.000460111594293], [0.00108412676491, -0.00306522403844, 0.00147291866597, -0.00386102101766, 0.00208110990934, -0.00263104704209, 0.00254308711737, -0.00373577442952, 0.0117569360882, -0.00530433794484, 0.00205651577562, -0.00216310913675, 2.00274680537e-05], [-0.0012126241345, 0.00372884329408, -0.00140711467247, 0.00395192252472, -0.00203080801293, 0.0033130326774, -0.00392556004226, 0.00326586770825, -0.00530433794484, 0.0159331541508, -0.00587726989761, 0.00404259422794, -0.00204971316271], [0.00145762157626, -0.00318611972034, 0.00180579302832, -0.00495384028181, 0.00212365738116, -0.0044139046222, 0.00369404209778, -0.00388404657133, 0.00205651577562, -0.00587726989761, 0.0156116755679, -0.00900912936777, 0.00207925355062], [-0.00149457750376, 0.00366996717639, -0.00197444739752, 0.00394960306585, -0.00281907990575, 0.00532548315823, -0.00375706586055, 0.00165285065304, -0.00216310913675, 0.00404259422794, -0.00900912936777, 0.0231212228537, -0.00841824058443], [0.000730723666493, -0.00179103703704, 0.000779925787356, -0.00168265809771, 0.000807385367807, -0.00187484291382, 0.00174042664003, -0.000460111594293, 2.00274680537e-05, -0.00204971316271, 0.00207925355062, -0.00841824058443, 0.0160664841533]]}, "melbands": {"dmean": [0.000835074868519, 0.0013058638433, 0.000773782958277, 0.000518009415828, 0.000285539892502, 0.000195198284928, 0.000105245133454, 9.07978610485e-05, 4.48332975793e-05, 3.40312180924e-05, 3.03806882584e-05, 1.90145619854e-05, 1.87877212738e-05, 1.95738412003e-05, 1.43391671372e-05, 1.55548405019e-05, 2.03943727684e-05, 1.55202269525e-05, 2.09811878449e-05, 2.53843281826e-05, 1.42599119499e-05, 1.22543824546e-05, 1.39656167448e-05, 2.00985941774e-05, 1.32345912789e-05, 7.1788645073e-06, 9.26146822167e-06, 9.05105116544e-06, 1.21174880405e-05, 1.40483425639e-05, 1.56915448315e-05, 1.2918207176e-05, 4.95333870276e-06, 2.22525363824e-06, 1.18031459806e-06, 4.05475901744e-07, 2.33586320064e-07, 8.54366248859e-08, 2.7119579471e-08, 1.15996314776e-08], "dmean2": [0.00116648187395, 0.00203401991166, 0.00124889297877, 0.000916947494261, 0.000473021791549, 0.00030937459087, 0.000159466770128, 0.000143598052091, 6.95210474078e-05, 5.2376275562e-05, 4.90592283313e-05, 3.13982673106e-05, 2.90143761958e-05, 3.17899575748e-05, 2.30032037507e-05, 2.51528708759e-05, 3.33634015988e-05, 2.50175980909e-05, 3.59833320545e-05, 4.39877658209e-05, 2.35795232584e-05, 2.01004022529e-05, 2.23646693485e-05, 3.11510921165e-05, 2.08249330171e-05, 1.11861982077e-05, 1.5018123122e-05, 1.41266054925e-05, 1.89232268895e-05, 2.14517913264e-05, 2.47475200013e-05, 2.05629548873e-05, 7.97884422354e-06, 3.33192497237e-06, 1.80904214631e-06, 6.3904678882e-07, 3.5468761439e-07, 1.30919076469e-07, 4.24394244192e-08, 1.73553296179e-08], "dvar": [2.39582254835e-06, 5.37197593076e-06, 1.7041177216e-06, 1.05948606688e-06, 2.30617146713e-07, 8.4030247649e-08, 3.65542689451e-08, 2.14634514606e-08, 6.39065378394e-09, 4.66371341545e-09, 3.15062886891e-09, 1.74931558128e-09, 1.31039679108e-09, 1.58527513339e-09, 5.38670386074e-10, 6.01551142232e-10, 1.1717568027e-09, 8.4806606182e-10, 2.89241675056e-09, 7.53618234484e-09, 7.90375098703e-10, 4.75426475965e-10, 4.88028506496e-10, 1.58034429987e-09, 6.2171429116e-10, 1.63157959365e-10, 3.70836361618e-10, 2.86169726804e-10, 5.72390745912e-10, 7.45174144612e-10, 8.70143790355e-10, 6.76487865725e-10, 8.27153900929e-11, 1.66590005679e-11, 4.25779420402e-12, 5.05599848013e-13, 1.9413592641e-13, 2.63868228889e-14, 4.02376902956e-15, 6.80723163198e-16], "dvar2": [4.82015730086e-06, 1.32763680085e-05, 4.13161660617e-06, 2.97649876302e-06, 6.28052873708e-07, 2.40874413748e-07, 9.00263117387e-08, 5.56186883216e-08, 1.56231223514e-08, 1.04944284374e-08, 7.83838949303e-09, 4.64865523853e-09, 2.76833600488e-09, 4.0203262941e-09, 1.34023059317e-09, 1.48123102672e-09, 2.97623681256e-09, 2.10647410626e-09, 7.88744536351e-09, 2.16896705041e-08, 2.08471084839e-09, 1.2168069885e-09, 1.19255982867e-09, 3.32245786439e-09, 1.42539269277e-09, 3.85130038971e-10, 9.27868171186e-10, 6.97383151227e-10, 1.33796307367e-09, 1.63473368175e-09, 2.07418815457e-09, 1.58370838665e-09, 1.75204781239e-10, 3.68894151337e-11, 9.96775838952e-12, 1.21958866617e-12, 4.64656850323e-13, 6.3093993463e-14, 1.02137858582e-14, 1.62062877326e-15], "max": [0.0168156921864, 0.0278327278793, 0.0192399863154, 0.0128026604652, 0.00646113231778, 0.00630963640288, 0.00507216993719, 0.00218636845239, 0.00219701020978, 0.00198807334527, 0.000918985286262, 0.000881161424331, 0.00077854108531, 0.000763622287195, 0.000366615335224, 0.000479272624943, 0.000673896691296, 0.000695676601026, 0.000712257751729, 0.00139699038118, 0.000360806559911, 0.000370381108951, 0.000266021233983, 0.000411463406635, 0.000289804767817, 0.000147824379383, 0.00017847091658, 0.00016263424186, 0.000228947552387, 0.000243115020567, 0.000262144458247, 0.000241107074544, 9.6149102319e-05, 5.44399845239e-05, 2.22370963456e-05, 7.0592600423e-06, 5.23895778315e-06, 2.22097264668e-06, 1.35573873195e-06, 4.20071643248e-07], "mean": [0.00152132078074, 0.00245331670158, 0.0014762597857, 0.000766843615565, 0.000542376714293, 0.000470427417895, 0.000236705236603, 0.00017012101307, 9.38108423725e-05, 6.22260340606e-05, 4.79930859001e-05, 2.75230395346e-05, 3.32121999236e-05, 3.2235901017e-05, 2.46507806878e-05, 2.57498613792e-05, 3.04341883748e-05, 2.4663278964e-05, 2.66093393293e-05, 3.33282696374e-05, 2.1199861294e-05, 1.89736601897e-05, 2.16110202018e-05, 2.54105598287e-05, 1.68425976881e-05, 8.30345197755e-06, 8.48449963087e-06, 9.64550508797e-06, 1.28620140458e-05, 1.55002962856e-05, 1.91879553313e-05, 1.40119054777e-05, 5.84124245506e-06, 2.59431567429e-06, 1.41813177379e-06, 4.58671877368e-07, 2.51460733125e-07, 8.69898713063e-08, 2.71280757858e-08, 1.17244383091e-08], "median": [0.000342190207448, 0.00128029705957, 0.000967773783486, 0.000467327365186, 0.000353338633431, 0.000287794071482, 0.000134686415549, 0.000101245037513, 4.96348729939e-05, 2.94115816359e-05, 2.22677408601e-05, 1.17232757475e-05, 1.65504170582e-05, 1.38874038385e-05, 1.31336255436e-05, 1.34575193442e-05, 1.59816354426e-05, 1.23971494759e-05, 1.18864536489e-05, 1.50865080286e-05, 9.41124380915e-06, 8.79704930412e-06, 9.16464705369e-06, 6.15420049144e-06, 4.83875101054e-06, 2.35523270931e-06, 1.24002121993e-06, 2.13954263018e-06, 2.64651907855e-06, 3.29974363922e-06, 4.21459708377e-06, 2.50814127867e-06, 1.07458890852e-06, 4.45451547648e-07, 2.00216476287e-07, 6.71674769137e-08, 3.231419754e-08, 1.10837472533e-08, 2.54612353423e-09, 7.74292852057e-10], "min": [3.75780321418e-24, 1.73655934814e-24, 4.52755909157e-24, 1.16647978531e-23, 1.09154565126e-23, 6.83048862079e-24, 1.6496403659e-23, 1.38552168846e-23, 4.67537860901e-24, 2.22049494513e-24, 2.30638048014e-23, 3.86379843083e-23, 9.04196787185e-24, 1.26163636866e-23, 5.85066223979e-24, 6.08737099845e-24, 6.21976749633e-24, 1.4210407818e-23, 8.45007527947e-24, 7.72291434109e-24, 9.79477231168e-24, 1.33092998946e-23, 8.98709786273e-24, 6.88098202961e-24, 1.17752746674e-23, 1.07372299572e-23, 7.72999042341e-24, 1.16948968409e-23, 7.76896409644e-24, 1.11325731219e-23, 1.64157615642e-23, 9.94854339021e-24, 1.04156610644e-23, 1.17452466771e-23, 9.01771749877e-24, 1.03513121026e-23, 1.19048214053e-23, 1.09295605568e-23, 1.04128574527e-23, 8.47662202666e-24], "var": [7.10999984221e-06, 9.89638556348e-06, 2.97687051898e-06, 1.06927757315e-06, 3.83695692108e-07, 3.26745208667e-07, 1.02460973039e-07, 4.36670610782e-08, 1.73497660683e-08, 1.00054657892e-08, 5.57259660638e-09, 2.11676076667e-09, 3.44610207037e-09, 2.91369151029e-09, 1.07778286296e-09, 1.18665277604e-09, 1.75827730153e-09, 1.38149924833e-09, 2.60161336918e-09, 5.40193534349e-09, 1.10139031229e-09, 7.98941246494e-10, 9.04566699322e-10, 2.22946794359e-09, 8.73889183239e-10, 1.98472030477e-10, 3.39674510741e-10, 3.12272291358e-10, 6.49656439755e-10, 9.1830032467e-10, 1.15340614837e-09, 7.82329534488e-10, 1.13468616447e-10, 2.29381947464e-11, 6.50425199811e-12, 6.68869256856e-13, 2.32664202574e-13, 3.07225592351e-14, 4.11356383933e-15, 7.7732277097e-16]}, "mfcc": {"mean": [-697.709899902, 154.893829346, -14.2532091141, 44.5343589783, -6.45143938065, 21.8758277893, -19.6756572723, 0.650505542755, -1.18550109863, -6.97956562042, -0.47722107172, 2.57423734665, -7.77243709564], "cov": [[16796.7792969, -1867.26831055, -1118.3548584, 3174.42944336, -1083.68041992, 1430.4588623, -131.400650024, 826.5546875, -79.0757293701, 446.686340332, 212.517105103, 392.356842041, 63.9350280762], [-1867.26831055, 3620.03564453, 183.026031494, -799.355712891, 757.949890137, -398.734375, -52.109500885, -235.352539062, 175.574432373, -355.009857178, -55.7667274475, -140.901901245, -149.030395508], [-1118.3548584, 183.026031494, 565.476867676, -215.039215088, -8.28839206696, -58.8050041199, 35.2998542786, -62.413444519, -3.99910378456, -9.24056816101, -46.4989280701, -36.5569000244, -10.0173768997], [3174.42944336, -799.355712891, -215.039215088, 994.577514648, -301.713470459, 342.625396729, 28.1098556519, 258.180755615, 0.139833912253, 140.951263428, 111.750289917, 126.766357422, 65.7107696533], [-1083.68041992, 757.949890137, -8.28839206696, -301.713470459, 428.559844971, -155.820724487, -1.56043720245, -65.3673553467, 38.3440666199, -99.5657653809, -17.5828857422, -42.4529914856, -29.6121101379], [1430.4588623, -398.734375, -58.8050041199, 342.625396729, -155.820724487, 328.737518311, 39.7372436523, 88.3150863647, -12.8715381622, 84.6706542969, 26.4780139923, 55.9912719727, 28.4015445709], [-131.400650024, -52.109500885, 35.2998542786, 28.1098556519, -1.56043720245, 39.7372436523, 161.363311768, 48.522567749, 14.1711215973, 1.45171618462, 26.2264461517, -2.17601084709, 12.5780649185], [826.5546875, -235.352539062, -62.413444519, 258.180755615, -65.3673553467, 88.3150863647, 48.522567749, 192.6847229, 14.9092197418, 49.3769226074, 43.3103904724, 47.5673675537, 27.5621166229], [-79.0757293701, 175.574432373, -3.99910378456, 0.139833912253, 38.3440666199, -12.8715381622, 14.1711215973, 14.9092197418, 123.183479309, 1.94847071171, 13.9933738708, -3.179043293, 0.17190232873], [446.686340332, -355.009857178, -9.24056816101, 140.951263428, -99.5657653809, 84.6706542969, 1.45171618462, 49.3769226074, 1.94847071171, 129.678070068, 39.5998268127, 31.3467388153, 24.1048278809], [212.517105103, -55.7667274475, -46.4989280701, 111.750289917, -17.5828857422, 26.4780139923, 26.2264461517, 43.3103904724, 13.9933738708, 39.5998268127, 101.72328949, 43.6212501526, 19.032995224], [392.356842041, -140.901901245, -36.5569000244, 126.766357422, -42.4529914856, 55.9912719727, -2.17601084709, 47.5673675537, -3.179043293, 31.3467388153, 43.6212501526, 90.6802062988, 36.9632225037], [63.9350280762, -149.030395508, -10.0173768997, 65.7107696533, -29.6121101379, 28.4015445709, 12.5780649185, 27.5621166229, 0.17190232873, 24.1048278809, 19.032995224, 36.9632225037, 78.9358673096]], "icov": [[0.00022437980806, -0.000119659103802, 0.000225245021284, -0.000558304425795, 0.000201838614885, -0.000376913783839, 0.000244255439611, -0.000182428731932, 0.000174390734173, -0.000156077730935, 0.000346612941939, -9.85836595646e-05, 0.000331676914357], [-0.000119659103802, 0.000674550014082, -0.000330927025061, 0.000409220490837, -0.000809286313597, 6.93379988661e-05, 0.00020297683659, 0.000160938536283, -0.000764204130974, 0.00120552279986, -0.000745491532143, 0.000145493482705, 0.000315880344715], [0.000225245021284, -0.000330927025061, 0.00239304895513, -0.000163191973115, 0.000818935455754, -0.00014546859893, -0.000663583050482, 0.000105223371065, 0.000343471765518, -0.00103345478419, 0.00135571404826, -0.000242982729105, 0.000162600263138], [-0.000558304425795, 0.000409220490837, -0.000163191973115, 0.004072770942, 0.000293994671665, -0.000746058649383, 0.000207930497709, -0.00173969159368, -0.000689280277584, 0.000866100657731, -0.00227668555453, -4.22052253271e-05, -0.000927531102207], [0.000201838614885, -0.000809286313597, 0.000818935455754, 0.000293994671665, 0.00458421045914, 0.000233075916185, -0.000173843887751, -0.000592049735133, -2.05205451493e-05, 0.000425213365816, 9.41685430007e-05, -6.10392016824e-05, -8.58534840518e-05], [-0.000376913783839, 6.93379988661e-05, -0.00014546859893, -0.000746058649383, 0.000233075916185, 0.00635204743594, -0.00225965981372, 0.000971396744717, 0.000189593993127, -0.00211132387631, 0.00166943646036, -0.00167466443963, -0.000112397850899], [0.000244255439611, 0.00020297683659, -0.000663583050482, 0.000207930497709, -0.000173843887751, -0.00225965981372, 0.008660255, -0.00287843123078, -0.00057689595269, 0.00226095924154, -0.00323519133963, 0.00287554343231, -0.000954646908212], [-0.000182428731932, 0.000160938536283, 0.000105223371065, -0.00173969159368, -0.000592049735133, 0.000971396744717, -0.00287843123078, 0.00947415176779, -0.000940984406043, -0.00123759964481, 0.000323377666064, -0.00206542946398, -0.000238684515352], [0.000174390734173, -0.000764204130974, 0.000343471765518, -0.000689280277584, -2.05205451493e-05, 0.000189593993127, -0.00057689595269, -0.000940984406043, 0.00961191859096, -0.00188674614765, -0.000215687468881, 0.000756544875912, -0.000369134300854], [-0.000156077730935, 0.00120552279986, -0.00103345478419, 0.000866100657731, 0.000425213365816, -0.00211132387631, 0.00226095924154, -0.00123759964481, -0.00188674614765, 0.0142983328551, -0.00548893213272, 0.00118843966629, -0.00105389161035], [0.000346612941939, -0.000745491532143, 0.00135571404826, -0.00227668555453, 9.41685430007e-05, 0.00166943646036, -0.00323519133963, 0.000323377666064, -0.000215687468881, -0.00548893213272, 0.0170214436948, -0.00687126396224, 0.00100635003764], [-9.85836595646e-05, 0.000145493482705, -0.000242982729105, -4.22052253271e-05, -6.10392016824e-05, -0.00167466443963, 0.00287554343231, -0.00206542946398, 0.000756544875912, 0.00118843966629, -0.00687126396224, 0.0194085817784, -0.00659472867846], [0.000331676914357, 0.000315880344715, 0.000162600263138, -0.000927531102207, -8.58534840518e-05, -0.000112397850899, -0.000954646908212, -0.000238684515352, -0.000369134300854, -0.00105389161035, 0.00100635003764, -0.00659472867846, 0.0172007959336]]}, "spectral_contrast_coeffs": {"dmean": [0.0498206689954, 0.0447023622692, 0.0380576811731, 0.0333619751036, 0.0265749227256, 0.0291396323591], "dmean2": [0.0823972225189, 0.0732157602906, 0.0613439381123, 0.0542093887925, 0.0429166443646, 0.0460960939527], "dvar": [0.00166349112988, 0.00139089790173, 0.00101296091452, 0.000851825170685, 0.000586047768593, 0.000732623971999], "dvar2": [0.0042917621322, 0.00368233653717, 0.00257741869427, 0.00216442928649, 0.00133969006129, 0.00184367340989], "max": [-0.31251502037, -0.458802759647, -0.581583082676, -0.554569303989, -0.52002030611, -0.484348058701], "mean": [-0.61415374279, -0.711727201939, -0.777172923088, -0.776101052761, -0.77680593729, -0.628207564354], "median": [-0.617103636265, -0.712464690208, -0.777137458324, -0.779481709003, -0.781525015831, -0.600402593613], "min": [-0.95658236742, -0.972660422325, -0.969805240631, -0.954774260521, -0.954613208771, -0.962269842625], "var": [0.0087750069797, 0.00555928377435, 0.0030274738092, 0.0034716152586, 0.00329911103472, 0.00806400086731]}, "spectral_contrast_valleys": {"dmean": [0.400935262442, 0.371641784906, 0.410952746868, 0.415489345789, 0.5299680233, 0.728538870811], "dmean2": [0.666676044464, 0.606311023235, 0.660205602646, 0.635119795799, 0.722685933113, 1.0380396843], "dvar": [0.13760612905, 0.130624949932, 0.172220289707, 0.194945320487, 0.311555802822, 0.426175445318], "dvar2": [0.342524170876, 0.301889896393, 0.391695588827, 0.394780904055, 0.579688668251, 0.738902688026], "max": [-5.