{"lowlevel": {"average_loudness": 0.96574985981, "barkbands_crest": {"dmean": 3.970454216, "dmean2": 6.45257520676, "dvar": 10.9964056015, "dvar2": 26.8995475769, "max": 26.024389267, "mean": 12.3658180237, "median": 11.8596754074, "min": 2.74739027023, "var": 23.5666732788}, "barkbands_flatness_db": {"dmean": 0.0336217954755, "dmean2": 0.0500682368875, "dvar": 0.00103198608849, "dvar2": 0.00223460653797, "max": 0.414043694735, "mean": 0.152522206306, "median": 0.147878393531, "min": 0.0173842888325, "var": 0.00382153457031}, "barkbands_kurtosis": {"dmean": 8.10025215149, "dmean2": 13.4868621826, "dvar": 293.94128418, "dvar2": 763.968017578, "max": 263.421844482, "mean": 8.32050037384, "median": 3.11597299576, "min": -1.92683553696, "var": 285.281890869}, "barkbands_skewness": {"dmean": 0.997920691967, "dmean2": 1.55521321297, "dvar": 1.65481853485, "dvar2": 3.78766393661, "max": 12.8483200073, "mean": 2.03899312019, "median": 1.73182654381, "min": -4.80822467804, "var": 2.80453824997}, "barkbands_spread": {"dmean": 7.47684812546, "dmean2": 11.2405700684, "dvar": 86.322479248, "dvar2": 169.516937256, "max": 128.22668457, "mean": 21.6519508362, "median": 16.3814868927, "min": 0.415415167809, "var": 314.513946533}, "dissonance": {"dmean": 0.0253478419036, "dmean2": 0.0418607480824, "dvar": 0.000579195097089, "dvar2": 0.00154583004769, "max": 0.500000119209, "mean": 0.450634419918, "median": 0.45993578434, "min": 0.258332163095, "var": 0.00134995451663}, "dynamic_complexity": 2.63057661057, "erbbands_crest": {"dmean": 3.47697305679, "dmean2": 5.61756420135, "dvar": 10.1961622238, "dvar2": 23.8911972046, "max": 31.823923111, "mean": 10.2080917358, "median": 9.03097724915, "min": 2.2319662571, "var": 24.4321861267}, "erbbands_flatness_db": {"dmean": 0.0222935285419, "dmean2": 0.0317896716297, "dvar": 0.000479705020553, "dvar2": 0.000893176358659, "max": 0.358634591103, "mean": 0.148168742657, "median": 0.1425434798, "min": 0.0311395190656, "var": 0.00323529168963}, "erbbands_kurtosis": {"dmean": 1.31322467327, "dmean2": 2.12102794647, "dvar": 4.51754760742, "dvar2": 10.9157876968, "max": 51.7481536865, "mean": 0.730278730392, "median": 0.0666139125824, "min": -1.81673324108, "var": 6.71020317078}, "erbbands_skewness": {"dmean": 0.458164900541, "dmean2": 0.709218859673, "dvar": 0.203397765756, "dvar2": 0.454801499844, "max": 5.99078893661, "mean": 0.461233764887, "median": 0.411999553442, "min": -3.99663496017, "var": 0.623425364494}, "erbbands_spread": {"dmean": 11.9709062576, "dmean2": 18.3186473846, "dvar": 173.861602783, "dvar2": 379.219207764, "max": 175.775741577, "mean": 42.04945755, "median": 36.701133728, "min": 2.84958267212, "var": 547.371826172}, "hfc": {"dmean": 8.66884326935, "dmean2": 12.5424365997, "dvar": 165.526855469, "dvar2": 328.393554688, "max": 138.999221802, "mean": 19.7872676849, "median": 12.4257860184, "min": 1.14792022594e-16, "var": 369.392486572}, "melbands_crest": {"dmean": 5.04183387756, "dmean2": 7.92721605301, "dvar": 17.1739578247, "dvar2": 42.6560173035, "max": 34.866027832, "mean": 17.0063476562, "median": 16.3680763245, "min": 1.65390646458, "var": 40.7495956421}, "melbands_flatness_db": {"dmean": 0.0400295890868, "dmean2": 0.0595292299986, "dvar": 0.00154841563199, "dvar2": 0.00307798641734, "max": 0.516994357109, "mean": 0.232966259122, "median": 0.228949487209, "min": 0.0038299462758, "var": 0.00557658076286}, "melbands_kurtosis": {"dmean": 18.7731189728, "dmean2": 30.8089485168, "dvar": 1544.30541992, "dvar2": 3771.91210938, "max": 705.194824219, "mean": 23.2344360352, "median": 11.0419158936, "min": -1.84114897251, "var": 1710.671875}, "melbands_skewness": {"dmean": 1.32628953457, "dmean2": 2.07399153709, "dvar": 2.66661691666, "dvar2": 5.79633378983, "max": 22.4852294922, "mean": 3.2896168232, "median": 2.81027269363, "min": -2.43070030212, "var": 5.11927032471}, "melbands_spread": {"dmean": 8.08805751801, "dmean2": 12.5397825241, "dvar": 199.487564087, "dvar2": 396.257873535, "max": 254.924957275, "mean": 19.2337379456, "median": 14.79641819, "min": 0.504356086254, "var": 454.584960938}, "pitch_salience": {"dmean": 0.0949672013521, "dmean2": 0.149290472269, "dvar": 0.00657640956342, "dvar2": 0.0157222878188, "max": 0.982257008553, "mean": 0.493748992682, "median": 0.49881991744, "min": 0.101683519781, "var": 0.0148511873558}, "silence_rate_20dB": {"dmean": 0.0273738242686, "dmean2": 0.0547554530203, "dvar": 0.0266232304275, "dvar2": 0.0782743170857, "max": 1, "mean": 0.985887408257, "median": 1, "min": 0, "var": 0.0139128630981}, "silence_rate_30dB": {"dmean": 0.0715711414814, "dmean2": 0.143162697554, "dvar": 0.0664512291551, "dvar2": 0.124671541154, "max": 1, "mean": 0.905915915966, "median": 1, "min": 0, "var": 0.0852304771543}, "silence_rate_60dB": {"dmean": 0.0171086397022, "dmean2": 0.0342221595347, "dvar": 0.0168148446828, "dvar2": 0.0381856746972, "max": 1, "mean": 0.034354954958, "median": 0, "min": 0, "var": 0.0331721939147}, "spectral_centroid": {"dmean": 276.132415771, "dmean2": 416.087646484, "dvar": 132417.109375, "dvar2": 240249.484375, "max": 11419.7998047, "mean": 1130.4473877, "median": 937.31640625, "min": 188.429595947, "var": 597646.5625}, "spectral_complexity": {"dmean": 3.8999145031, "dmean2": 5.50663042068, "dvar": 28.4642314911, "dvar2": 41.761680603, "max": 54, "mean": 14.5649318695, "median": 13, "min": 0, "var": 84.8365020752}, "spectral_decrease": {"dmean": 1.02216279885e-08, "dmean2": 1.72316294567e-08, "dvar": 6.48432837881e-16, "dvar2": 1.67786628351e-15, "max": 3.69994979099e-10, "mean": -1.21579137868e-08, "median": -5.95297411365e-09, "min": -1.79501725484e-07, "var": 5.26974930689e-16}, "spectral_energy": {"dmean": 0.0391694419086, "dmean2": 0.0658644735813, "dvar": 0.00938255432993, "dvar2": 0.0242781192064, "max": 0.684373378754, "mean": 0.0476813986897, "median": 0.0238311495632, "min": 1.05912431813e-20, "var": 0.00764788081869}, "spectral_energyband_high": {"dmean": 0.00052082556067, "dmean2": 0.000694134854712, "dvar": 1.05514880033e-06, "dvar2": 1.61155048772e-06, "max": 0.0183359086514, "mean": 0.00103520893026, "median": 0.000283205590677, "min": 7.44510211118e-21, "var": 3.13235523208e-06}, "spectral_energyband_low": {"dmean": 0.0337913557887, "dmean2": 0.0577235668898, "dvar": 0.00922690890729, "dvar2": 0.0240517258644, "max": 0.658940672874, "mean": 0.0311842057854, "median": 0.0073984102346, "min": 4.36270846163e-23, "var": 0.00719444733113}, "spectral_energyband_middle_high": {"dmean": 0.00139061233494, "dmean2": 0.00210916553624, "dvar": 3.00944975606e-06, "dvar2": 6.48482227916e-06, "max": 0.0251879803836, "mean": 0.00343604944646, "median": 0.00261179031804, "min": 1.20117570546e-21, "var": 8.67301969265e-06}, "spectral_energyband_middle_low": {"dmean": 0.00782910734415, "dmean2": 0.0125714018941, "dvar": 0.000160289841006, "dvar2": 0.00039335837937, "max": 0.163892149925, "mean": 0.0131781073287, "median": 0.00902558490634, "min": 3.01684315797e-22, "var": 0.000208512472454}, "spectral_entropy": {"dmean": 0.221312820911, "dmean2": 0.317771852016, "dvar": 0.0566241405904, "dvar2": 0.106927275658, "max": 9.81655597687, "mean": 7.47410297394, "median": 7.46578502655, "min": 4.81233787537, "var": 0.338237702847}, "spectral_flux": {"dmean": 0.0609530061483, "dmean2": 0.100364468992, "dvar": 0.0105947861448, "dvar2": 0.0236464478076, "max": 0.745681583881, "mean": 0.122306331992, "median": 0.0835580676794, "min": 6.54368920161e-11, "var": 0.0147239845246}, "spectral_kurtosis": {"dmean": 1.56865203381, "dmean2": 2.48290061951, "dvar": 4.03469657898, "dvar2": 9.90063095093, "max": 25.1338024139, "mean": 4.57699537277, "median": 3.65885019302, "min": -1.23037409782, "var": 11.9704666138}, "spectral_rms": {"dmean": 0.00197599129751, "dmean2": 0.0031245755963, "dvar": 1.17482049973e-05, "dvar2": 2.73141813523e-05, "max": 0.0258395299315, "mean": 0.00564286019653, "median": 0.00482181506231, "min": 3.21448596907e-12, "var": 1.46764477904e-05}, "spectral_rolloff": {"dmean": 664.303039551, "dmean2": 1103.43310547, "dvar": 2056783, "dvar2": 4223600.5, "max": 19875.1464844, "mean": 1454.61462402, "median": 775.1953125, "min": 64.599609375, "var": 6251846}, "spectral_skewness": {"dmean": 0.243266895413, "dmean2": 0.366124987602, "dvar": 0.0721016451716, "dvar2": 0.156841233373, "max": 4.07403707504, "mean": 1.65469682217, "median": 1.60440266132, "min": -0.0525663085282, "var": 0.320633620024}, "spectral_spread": {"dmean": 621128.875, "dmean2": 824534.6875, "dvar": 707568533504, "dvar2": 1217233944580.0, "max": 41838344, "mean": 5432995, "median": 4824193.5, "min": 1724447.5, "var": 6384046833660.0}, "spectral_strongpeak": {"dmean": 0.479626983404, "dmean2": 0.827271997929, "dvar": 0.50909537077, "dvar2": 1.26460647583, "max": 23.1331577301, "mean": 0.715016663074, "median": 0.435362666845, "min": 0, "var": 0.632157504559}, "zerocrossingrate": {"dmean": 0.0151592744514, "dmean2": 0.0166209191084, "dvar": 0.000440655800048, "dvar2": 0.000470984145068, "max": 0.658203125, "mean": 0.0610923022032, "median": 0.04248046875, "min": 0.0048828125, "var": 0.00340909999795}, "barkbands": {"dmean": [0.0010180772515, 0.0268128160387, 0.0074149845168, 0.00177376635838, 0.004877964966, 0.00114097143523, 0.000902800646145, 0.0011577262776, 0.000413164147176, 0.000395032227971, 0.000604159838986, 0.000232443766436, 0.000296829908621, 0.000262477376964, 0.00016741050058, 0.000100281293271, 0.000127801118651, 9.09047448658e-05, 8.55693288031e-05, 7.59452668717e-05, 0.000114097718324, 0.000150628635311, 0.000112242145406, 8.05581876193e-05, 7.16450522305e-05, 4.24757272413e-05, 2.43950216827e-05], "dmean2": [0.00149126606993, 0.0456163808703, 0.0139073254541, 0.00314391264692, 0.00783727411181, 0.00181224069092, 0.00143208855297, 0.00185404415242, 0.000649793306366, 0.000636428419966, 0.000971248198766, 0.000373521499569, 0.000464755721623, 0.000406021223171, 0.00026439645444, 0.000162973243278, 0.000206161057577, 0.000138698916999, 0.000126716462546, 0.000115680850286, 0.00018250058929, 0.000221070324187, 0.000152180553414, 0.000107451822259, 9.15193086257e-05, 5.59784966754e-05, 3.22281302942e-05], "dvar": [2.39565952143e-06, 0.00554162170738, 0.000589527538978, 1.94870463019e-05, 0.000107816296804, 7.00758755556e-06, 5.41636336493e-06, 6.83069629304e-06, 1.28012925416e-06, 5.57013436264e-07, 1.33101866595e-06, 2.60989111212e-07, 3.27354030105e-07, 2.14307817714e-07, 8.58536637338e-08, 4.10005824847e-08, 6.35243324609e-08, 4.03155979711e-08, 3.40604522364e-08, 1.6185159879e-08, 4.60760105625e-08, 1.16704789832e-07, 7.56526503665e-08, 3.21139381754e-08, 3.43195480923e-08, 1.26932553357e-08, 9.15700493209e-09], "dvar2": [5.0017747526e-06, 0.0143334520981, 0.00172727159224, 5.50022668904e-05, 0.000270495627774, 1.7196574845e-05, 1.2967206203e-05, 1.67268426594e-05, 2.81291772808e-06, 1.41969792367e-06, 3.41756049238e-06, 6.60502848859e-07, 7.77871605351e-07, 4.88253419917e-07, 2.0718432836e-07, 1.03889426839e-07, 1.616846248e-07, 9.26420540281e-08, 7.20136057453e-08, 3.38557448742e-08, 1.13483181963e-07, 2.1637208647e-07, 1.32814605536e-07, 6.13611774725e-08, 5.87308832678e-08, 2.76659584131e-08, 1.42362654998e-08], "max": [0.0109198857099, 0.464796423912, 0.207608878613, 0.0463862866163, 0.127553269267, 0.0527967996895, 0.0380248241127, 0.0465642958879, 0.0416034124792, 0.0129449274391, 0.0132842883468, 0.0103272385895, 0.0153667647392, 0.00760337384418, 0.00475185038522, 0.00326337199658, 0.00665324507281, 0.00444869464263, 0.00269881286658, 0.00248073646799, 0.0026869981084, 0.00851412955672, 0.00520920520648, 0.00301551027223, 0.00438845949247, 0.00251831696369, 0.00239260029048], "mean": [0.00119306740817, 0.0233773514628, 0.00558970589191, 0.00191168487072, 0.00605768989772, 0.00168714858592, 0.00117935531307, 0.00148440152407, 0.00058585673105, 0.000556624261662, 0.000882342865225, 0.000324938358972, 0.000476086250274, 0.000410467851907, 0.000258464977378, 0.000145776270074, 0.000208090496017, 0.000133263602038, 0.000129350723, 0.000117782466987, 0.000165052828379, 0.000237922839005, 0.000175646928255, 0.000121224169561, 0.000126915241708, 8.47551127663e-05, 6.0456837673e-05], "median": [0.00025488488609, 0.00350465369411, 0.000772179395426, 0.000613632029854, 0.00239451089874, 0.000584522378631, 0.000258048938122, 0.000491649960168, 0.000222079412197, 0.00021088248468, 0.000310228904709, 0.000106773833977, 0.000178591886652, 0.000180021685082, 0.000107388259494, 5.42718080396e-05, 0.000115332048154, 4.66912024422e-05, 4.79636219097e-05, 4.44003526354e-05, 5.70837728446e-05, 5.86625792494e-05, 3.26220615534e-05, 2.1816462322e-05, 1.68651840795e-05, 6.79328240949e-06, 1.8209279915e-06], "min": [4.99135122396e-25, 6.60317361779e-24, 5.77017357834e-24, 9.96144678804e-24, 3.20109058385e-23, 1.82636824341e-23, 2.14274895583e-23, 2.1277692761e-23, 3.40688640799e-23, 3.58293491849e-23, 3.81645573246e-23, 4.75880656619e-23, 5.52713689304e-23, 4.27047358241e-23, 1.02312167072e-22, 6.24960284685e-23, 9.5982845729e-23, 1.24377982365e-22, 1.74895991025e-22, 2.76510439025e-22, 3.42766702372e-22, 4.4184551161e-22, 4.02883431687e-22, 6.66959352875e-22, 1.13349270196e-21, 1.42025275393e-21, 2.17154297841e-21], "var": [3.96733230446e-06, 0.0043038954027, 0.00035153029603, 1.46395896081e-05, 0.000112784895464, 1.10487953862e-05, 7.76746219344e-06, 8.56080077938e-06, 1.91225967683e-06, 1.00512056633e-06, 2.19336720875e-06, 4.04310924296e-07, 6.61933313495e-07, 4.40694520876e-07, 1.50519397835e-07, 5.86369068856e-08, 9.05087063074e-08, 6.00890714963e-08, 5.40620810341e-08, 3.22040953904e-08, 7.07943925704e-08, 2.75600285704e-07, 1.70896242935e-07, 7.07390910293e-08, 8.56339212874e-08, 4.40237286625e-08, 5.36141797625e-08]}, "erbbands": {"dmean": [0.922721028328, 5.62947940826, 8.84832668304, 7.74666833878, 11.9140872955, 17.3146305084, 13.2693119049, 8.03483963013, 10.2150430679, 22.9894599915, 16.5648555756, 9.92417144775, 13.0614213943, 15.1788692474, 20.8972434998, 9.44648647308, 12.7723121643, 13.6714220047, 8.43194103241, 6.68843507767, 5.24855232239, 6.54005765915, 5.19041204453, 4.91277885437, 3.73158478737, 3.63373708725, 3.99589157104, 4.75703668594, 5.41056489944, 5.12794876099, 3.0045633316, 1.70505082607, 1.38634073734, 0.903452694416, 0.463734090328, 0.21559895575, 0.073818616569, 0.0201154258102, 0.00397124933079, 0.000345629639924], "dmean2": [1.54001331329, 9.74545669556, 16.5710315704, 14.1307830811, 19.4564552307, 28.4252929688, 20.7829170227, 12.9232339859, 16.1168231964, 36.625579834, 26.2226352692, 15.4702033997, 20.9613304138, 24.4193286896, 33.1157531738, 15.1764030457, 19.7853298187, 21.0826950073, 13.0344839096, 10.3415441513, 8.34042549133, 10.4849920273, 8.0710067749, 7.4308052063, 5.46926927567, 5.49209260941, 6.13205099106, 7.56992053986, 8.14058971405, 7.60828304291, 4.00893592834, 2.18571710587, 1.83436954021, 1.15925323963, 0.608906984329, 0.28392329812, 0.099310554564, 0.0277068652213, 0.00535855069757, 0.000443618366262], "dvar": [5.63213682175, 270.567749023, 867.485839844, 515.865356445, 847.955322266, 1447.14367676, 785.598876953, 459.138916016, 856.944458008, 2494.70654297, 1508.70874023, 999.073547363, 881.806030273, 1178.39501953, 1581.5111084, 413.964050293, 680.267883301, 577.301818848, 202.380752563, 148.772232056, 108.909713745, 159.980484009, 113.765129089, 146.635955811, 49.3712081909, 38.065158844, 52.1169548035, 87.5887985229, 165.303390503, 142.522323608, 57.6160125732, 14.6669435501, 10.3154630661, 5.70174360275, 1.36077880859, 0.258881688118, 0.0458475500345, 0.0043367203325, 0.000224481744226, 2.00540762307e-06], "dvar2": [14.4913244247, 718.099304199, 2529.35595703, 1485.34387207, 2069.78564453, 3851.07226562, 1894.6854248, 1209.81030273, 2105.89013672, 6076.00097656, 3419.70800781, 2173.52539062, 2302.83862305, 3058.40991211, 3838.97412109, 1065.68347168, 1589.89770508, 1304.33532715, 481.202545166, 339.189117432, 265.464660645, 398.484130859, 261.971862793, 316.781982422, 96.5261154175, 79.7588043213, 116.594871521, 212.640380859, 330.05456543, 283.73614502, 100.600875854, 26.9063339233, 19.558429718, 9.45496940613, 2.49866080284, 0.531164526939, 0.0979484394193, 0.00966990273446, 0.000418536015786, 2.7139908525e-06], "max": [14.1456260681, 107.5493927, 230.997299194, 207.188232422, 298.228912354, 581.450378418, 529.712890625, 611.580078125, 775.434753418, 1175.67016602, 723.616149902, 1294.9831543, 622.335449219, 516.69354248, 483.424468994, 496.761779785, 832.514404297, 412.461273193, 311.517730713, 247.848907471, 195.250198364, 313.216888428, 254.376831055, 190.818588257, 95.3594055176, 100.196281433, 124.539779663, 107.613723755, 359.851898193, 219.965621948, 155.898651123, 77.0588531494, 58.5681915283, 53.1513633728, 26.2951717377, 9.92102527618, 4.79857444763, 1.67290234566, 0.377705842257, 0.0422183834016], "mean": [0.825922310352, 4.60503339767, 6.58350229263, 7.45704221725, 12.9656791687, 20.8647499084, 19.1932582855, 12.3708400726, 13.5170936584, 30.7982559204, 22.2410736084, 14.6927947998, 18.981426239, 22.721200943, 31.9221763611, 15.2286949158, 21.4921550751, 22.6613845825, 14.8966503143, 10.9938087463, 8.33903503418, 10.8534812927, 8.58639431, 6.95223855972, 6.03984117508, 5.67305040359, 6.22584867477, 6.73074817657, 8.24929141998, 7.68431377411, 4.74205780029, 2.61948871613, 2.0352370739, 1.53525805473, 0.850252509117, 0.39490506053, 0.15372736752, 0.0426771938801, 0.00914618652314, 0.000830455916002], "median": [0.0891617164016, 0.755646884441, 1.18012154102, 1.85067117214, 4.32928037643, 7.46842002869, 7.86210727692, 4.60874605179, 3.37299323082, 10.1738090515, 8.24756908417, 6.41553020477, 6.18591690063, 8.11815357208, 12.4733734131, 6.43060255051, 8.85391998291, 11.6544466019, 7.5129737854, 4.88469839096, 3.42099499702, 6.03252267838, 3.98572182655, 2.16191005707, 2.26178956032, 2.23131752014, 2.4503660202, 1.86330103874, 1.93974030018, 1.86664927006, 0.840293645859, 0.470793634653, 0.337143331766, 0.206283926964, 0.109732672572, 0.0381756722927, 0.0107180401683, 0.00219294847921, 0.000349461479345, 7.08046209184e-05], "min": [2.50063807758e-22, 1.934387106e-21, 9.83279449223e-21, 3.84075080304e-20, 5.04927169462e-20, 1.04504105122e-19, 8.63702187561e-20, 2.12995673161e-19, 2.41217111107e-19, 3.90171453117e-19, 7.52165722451e-19, 7.5466597925e-19, 9.33487176541e-19, 1.78374633498e-18, 1.7113162292e-18, 1.53908905725e-18, 2.35452225754e-18, 2.39047111337e-18, 4.14565552219e-18, 3.90322997775e-18, 4.24670969608e-18, 5.69645083947e-18, 7.63269826013e-18, 7.85413864601e-18, 8.80278494126e-18, 1.24881773183e-17, 7.64197343634e-18, 1.66957837053e-17, 1.2350029057e-17, 9.87934892797e-18, 1.43674439889e-17, 1.40190537128e-17, 1.13403062269e-17, 1.00847519361e-17, 8.11706792988e-18, 4.52290364825e-18, 2.11740431751e-18, 9.79250737136e-19, 2.89595829057e-19, 3.46136344574e-20], "var": [4.60071325302, 195.859634399, 516.662536621, 339.744018555, 828.483520508, 1408.8828125, 1166.48010254, 650.195251465, 1137.34765625, 3310.38891602, 2069.81591797, 1390.4786377, 1576.30236816, 1965.72692871, 2742.91748047, 714.192382812, 1360.44250488, 1191.79846191, 428.365264893, 264.226257324, 167.156829834, 237.461471558, 186.394790649, 210.291168213, 93.7320709229, 74.7797775269, 90.5515823364, 145.625274658, 348.263824463, 300.772064209, 130.187957764, 33.9602622986, 22.1771373749, 14.3119029999, 3.51020884514, 0.8045617342, 0.171054139733, 0.0154379848391, 0.00110159290489, 1.21435941765e-05]}, "gfcc": {"mean": [-2.4087293148, 83.8350524902, -97.8243637085, 23.7539749146, -53.784526825, 16.0971565247, -30.5983543396, 0.829084515572, -19.0851249695, 4.66098356247, -13.9890604019, 4.91256856918, -6.89223051071], "cov": [[6098.42138672, -785.657043457, 753.2421875, 618.780456543, 376.314453125, 387.423553467, 267.703704834, 318.851531982, -74.3570175171, -10.3337516785, -84.0321426392, 4.3526930809, -134.881591797], [-785.657043457, 2230.62011719, -553.244873047, 105.756538391, 66.0968933105, -84.127532959, 42.0791015625, -214.985748291, 125.975318909, -45.4297218323, 43.4456176758, -83.32787323, 23.4308795929], [753.2421875, -553.244873047, 989.50769043, 260.070922852, 343.050018311, 179.134475708, 186.514953613, 152.676101685, -26.7055339813, -3.96122074127, 24.2983646393, -21.5063877106, -73.3268203735], [618.780456543, 105.756538391, 260.070922852, 576.709777832, 162.757598877, 158.458312988, 81.5170974731, 48.8190574646, 53.6713638306, 3.35844159126, -13.7685060501, -40.3919525146, -11.2825784683], [376.314453125, 66.0968933105, 343.050018311, 162.757598877, 500.217529297, 112.680335999, 181.54284668, 87.4123382568, 26.5142555237, 19.6165542603, 36.5649490356, -45.046005249, -11.3714761734], [387.423553467, -84.127532959, 179.134475708, 158.458312988, 112.680335999, 296.447937012, 168.108764648, 93.2015533447, 13.6095190048, 24.5576820374, 16.8933334351, 12.4324913025, -32.2287902832], [267.703704834, 42.0791015625, 186.514953613, 81.5170974731, 181.54284668, 168.108764648, 283.332763672, 118.94443512, 28.232673645, 22.024553299, 68.134262085, 22.9038658142, -10.9828643799], [318.851531982, -214.985748291, 152.676101685, 48.8190574646, 87.4123382568, 93.2015533447, 118.94443512, 191.517379761, 60.4546890259, 46.0954780579, 31.7094554901, 29.3585758209, 8.50751686096], [-74.3570175171, 125.975318909, -26.7055339813, 53.6713638306, 26.5142555237, 13.6095190048, 28.232673645, 60.4546890259, 174.830856323, 89.3683013916, 20.5786113739, -3.93774986267, 16.1927700043], [-10.3337516785, -45.4297218323, -3.96122074127, 3.35844159126, 19.6165542603, 24.5576820374, 22.024553299, 46.0954780579, 89.3683013916, 146.813018799, 60.6171531677, 5.10369777679, 2.47690200806], [-84.0321426392, 43.4456176758, 24.2983646393, -13.7685060501, 36.5649490356, 16.8933334351, 68.134262085, 31.7094554901, 20.5786113739, 60.6171531677, 127.5128479, 48.7018585205, 18.0195407867], [4.3526930809, -83.32787323, -21.5063877106, -40.3919525146, -45.046005249, 12.4324913025, 22.9038658142, 29.3585758209, -3.93774986267, 5.10369777679, 48.7018585205, 126.419570923, 61.499420166], [-134.881591797, 23.4308795929, -73.3268203735, -11.2825784683, -11.3714761734, -32.2287902832, -10.9828643799, 8.50751686096, 16.1927700043, 2.47690200806, 18.0195407867, 61.499420166, 107.284683228]], "icov": [[0.000228655786486, 2.40260596911e-05, 1.90894138541e-06, -0.000229235723964, -9.18944206205e-05, 1.29563604787e-05, -2.72067482001e-05, -0.00031820058939, 0.000281139073195, -0.000161443414981, 0.000333961099386, -0.000307413982227, 0.000357445329428], [2.40260596911e-05, 0.000877006794326, 0.000575320853386, -0.000281654763967, -0.000316533085424, 0.000112089051981, -0.00062639603857, 0.00120330625214, -0.00116258603521, 0.00106894795317, -0.000836100662127, 0.000520803034306, 3.55264201062e-05], [1.90894138541e-06, 0.000575320853386, 0.00210772780702, -0.000705270620529, -0.0011200774461, 0.000105293387605, -0.000343416730175, -0.000293270102702, -3.87952559322e-06, 0.000747222919017, -0.0005633427063, -0.000242059817538, 0.00136088847648], [-0.000229235723964, -0.000281654763967, -0.000705270620529, 0.00280558899976, -5.57832390768e-05, -0.00150270620361, 0.000650842033792, 0.000382681755582, -0.00110643624794, 0.000599701597821, -0.000219647234189, 0.00119165866636, -0.00132778543048], [-9.18944206205e-05, -0.000316533085424, -0.0011200774461, -5.57832390768e-05, 0.00369129306637, 3.44063446391e-05, -0.0015614121221, -0.000225980751566, 0.00026155958767, -0.000367394473869, -0.000407298794016, 0.00231112050824, -0.00184555561282], [1.29563604787e-05, 0.000112089051981, 0.000105293387605, -0.00150270620361, 3.44063446391e-05, 0.00667980127037, -0.00358825386502, -0.000688260712195, 0.00111484678928, -0.00181814539246, 0.0021249037236, -0.00205072946846, 0.00229563703761], [-2.72067482001e-05, -0.00062639603857, -0.000343416730175, 0.000650842033792, -0.0015614121221, -0.00358825386502, 0.00907381437719, -0.00352183706127, -0.000169396036654, 0.00191051128786, -0.00356980343349, -0.000324025051668, 0.000667860265821], [-0.00031820058939, 0.00120330625214, -0.000293270102702, 0.000382681755582, -0.000225980751566, -0.000688260712195, -0.00352183706127, 0.0113923056051, -0.00447484524921, 0.000350732996594, -0.000379695935408, -0.000526075076777, -0.00128504668828], [0.000281139073195, -0.00116258603521, -3.87952559322e-06, -0.00110643624794, 0.00026155958767, 0.00111484678928, -0.000169396036654, -0.00447484524921, 0.0121883256361, -0.00793929491192, 0.00348564423621, -0.00028699557879, -0.000888763694093], [-0.000161443414981, 0.00106894795317, 0.000747222919017, 0.000599701597821, -0.000367394473869, -0.00181814539246, 0.00191051128786, 0.000350732996594, -0.00793929491192, 0.0153113584965, -0.00845389161259, 0.00287741445936, 0.000335280434228], [0.000333961099386, -0.000836100662127, -0.0005633427063, -0.000219647234189, -0.000407298794016, 0.0021249037236, -0.00356980343349, -0.000379695935408, 0.00348564423621, -0.00845389161259, 0.016112729907, -0.00672355294228, 0.00127112644259], [-0.000307413982227, 0.000520803034306, -0.000242059817538, 0.00119165866636, 0.00231112050824, -0.00205072946846, -0.000324025051668, -0.000526075076777, -0.00028699557879, 0.00287741445936, -0.00672355294228, 0.0168842077255, -0.00947535224259], [0.000357445329428, 3.55264201062e-05, 0.00136088847648, -0.00132778543048, -0.00184555561282, 0.00229563703761, 0.000667860265821, -0.00128504668828, -0.000888763694093, 0.000335280434228, 0.00127112644259, -0.00947535224259, 0.0165619198233]]}, "melbands": {"dmean": [0.00785311404616, 0.00548550114036, 0.00141445209738, 0.00110435753595, 0.000530759920366, 0.000187087425729, 0.000164636265254, 0.000268020579824, 0.000116906012408, 6.34820680716e-05, 6.47879351163e-05, 5.90305353398e-05, 6.97789291735e-05, 3.80695673812e-05, 2.71247008641e-05, 2.62719640887e-05, 2.86845079245e-05, 1.45116100612e-05, 1.23738909679e-05, 7.72115163272e-06, 6.76297167956e-06, 6.83193820805e-06, 6.89719354341e-06, 3.94841663365e-06, 4.31441822002e-06, 2.83727786154e-06, 2.58522595686e-06, 2.52796826317e-06, 2.43984754889e-06, 2.6997599889e-06, 2.89428953693e-06, 3.09150345856e-06, 3.21564311889e-06, 2.77453477793e-06, 1.83581630608e-06, 1.24178234273e-06, 1.06100799258e-06, 9.86517648016e-07, 9.73734358922e-07, 7.26357825442e-07], "dmean2": [0.0133006423712, 0.00985782500356, 0.00251435907558, 0.00179576734081, 0.000840069435071, 0.000299761071801, 0.00025959618506, 0.000428706873208, 0.00018584006466, 9.95668960968e-05, 0.000104036073026, 9.50828543864e-05, 0.000111278925033, 6.04245797149e-05, 4.2692237912e-05, 4.0633851313e-05, 4.44294928457e-05, 2.26547472266e-05, 1.93641753867e-05, 1.24567495732e-05, 1.07655605461e-05, 1.10291393867e-05, 1.11062799988e-05, 5.99451050221e-06, 6.6418856477e-06, 4.14900705437e-06, 3.93426080336e-06, 3.8819330257e-06, 3.84347731597e-06, 4.2440578909e-06, 4.62796606371e-06, 4.66777646579e-06, 4.84369820697e-06, 4.16445300289e-06, 2.49101185545e-06, 1.63018239618e-06, 1.47353307511e-06, 1.37514473408e-06, 1.27827831875e-06, 9.62252329373e-07], "dvar": [0.000448404200142, 0.000305102672428, 1.22962155729e-05, 6.71937141306e-06, 1.07023993223e-06, 2.25930094189e-07, 2.05400382924e-07, 3.34658949441e-07, 7.31797982212e-08, 4.15084855376e-08, 2.13731539134e-08, 1.7218454218e-08, 1.62055435737e-08, 5.60461943522e-09, 3.32059202357e-09, 2.94557911396e-09, 2.70048872153e-09, 6.77247646852e-10, 5.15331777251e-10, 2.19934598311e-10, 2.01608035821e-10, 2.34664704335e-10, 1.54711896072e-10, 7.85591591779e-11, 1.20588164454e-10, 3.25681148716e-11, 2.12894788604e-11, 1.84316485685e-11, 2.01355581514e-11, 2.43807109918e-11, 3.4015141398e-11, 5.77376930988e-11, 5.43232819838e-11, 4.49908929556e-11, 2.13119608766e-11, 9.67771869587e-12, 6.01197954267e-12, 4.80848000306e-12, 7.82042226116e-12, 3.38853879851e-12], "dvar2": [0.00115496665239, 0.000852650613524, 3.48176181433e-05, 1.71238079929e-05, 2.6779930522e-06, 5.87752708725e-07, 5.01186377733e-07, 8.25627751055e-07, 1.6473823905e-07, 9.11805528858e-08, 5.56860193512e-08, 4.4370331409e-08, 4.07528837343e-08, 1.4097986778e-08, 8.49528092317e-09, 6.2879936813e-09, 6.11671424622e-09, 1.61360491635e-09, 1.21889665028e-09, 5.39689293255e-10, 5.00544605764e-10, 6.12846551284e-10, 3.65019681148e-10, 1.81271664346e-10, 2.69470251668e-10, 6.22560267227e-11, 4.48931690433e-11, 3.96853765128e-11, 4.74097670844e-11, 5.70254780896e-11, 8.07283268012e-11, 1.18405688032e-10, 1.08011807831e-10, 9.38468400213e-11, 3.8522088297e-11, 1.70558775436e-11, 1.27248628301e-11, 9.95742724386e-12, 1.45225853912e-11, 5.86413253026e-12], "max": [0.127044171095, 0.127343446016, 0.0314195901155, 0.03364950791, 0.0164239034057, 0.012343368493, 0.0104680443183, 0.0119419479743, 0.00475614331663, 0.00793093722314, 0.00300806225277, 0.00202366616577, 0.00145160744432, 0.00143243861385, 0.00097902759444, 0.00173854036257, 0.000948877714109, 0.000589125265833, 0.000430362269981, 0.000265367183601, 0.000289955438348, 0.000420080148615, 0.000304820277961, 0.000188903970411, 0.000179457245395, 0.000103698839666, 9.77280942607e-05, 6.75665578456e-05, 6.59600482322e-05, 7.74550790084e-05, 8.40545326355e-05, 0.000221884009079, 0.000140323652886, 0.000127258928842, 9.67744199443e-05, 6.45470208838e-05, 4.47070706286e-05, 3.30328875862e-05, 6.69454384479e-05, 3.74944138457e-05], "mean": [0.00693975063041, 0.00444394443184, 0.00140948954504, 0.00127209781203, 0.00076041452121, 0.000282081135083, 0.00021716489573, 0.000357344950316, 0.000154997120262, 9.10414164537e-05, 9.14853226277e-05, 8.44470196171e-05, 0.000105538703792, 5.60443440918e-05, 4.16431867052e-05, 4.25473917858e-05, 4.42010677943e-05, 2.39177152253e-05, 1.90310129256e-05, 1.14610966193e-05, 9.81199082162e-06, 1.08592166725e-05, 1.11089120765e-05, 5.58699639441e-06, 5.70330166738e-06, 4.4262415031e-06, 4.01193028665e-06, 3.71878309124e-06, 3.6320207073e-06, 3.95649249185e-06, 3.93500567952e-06, 4.54584733234e-06, 4.83730127598e-06, 3.94269409298e-06, 2.78477045867e-06, 1.95047027773e-06, 1.51449444274e-06, 1.36278924856e-06, 1.49813729422e-06, 1.22614005704e-06], "median": [0.000921946950257, 0.00100440869574, 0.000450676889159, 0.00046033388935, 0.000321657891618, 0.000100703095086, 4.6826498874e-05, 0.000121887147543, 5.46203700651e-05, 3.63754079444e-05, 2.74420999631e-05, 2.56129496847e-05, 4.03096637456e-05, 2.03917006729e-05, 1.31424621941e-05, 1.68901133293e-05, 1.94012609427e-05, 1.09470965981e-05, 7.40634459362e-06, 4.57662963527e-06, 3.5359132653e-06, 5.62633067602e-06, 6.09628659731e-06, 1.95206280296e-06, 1.45483090819e-06, 1.61173841207e-06, 1.41400016673e-06, 1.31691854222e-06, 1.41537918807e-06, 1.38841608077e-06, 8.45282841055e-07, 9.81156404123e-07, 1.22088556509e-06, 8.69683276505e-07, 4.74121691241e-07, 3.04660773054e-07, 2.58821899024e-07, 2.47290188327e-07, 1.85975622458e-07, 1.58045139642e-07], "min": [2.94623415895e-24, 5.96053320895e-24, 7.80016196752e-24, 5.92332027346e-24, 5.62213949074e-24, 4.74766311704e-24, 3.93123073432e-24, 5.1349354458e-24, 6.24434051353e-24, 5.02413283191e-24, 4.40577395616e-24, 6.74164316134e-24, 6.26087661582e-24, 4.91113008496e-24, 3.74852463222e-24, 5.78509882666e-24, 3.41691117349e-24, 5.72845190835e-24, 6.12264688598e-24, 5.02811618505e-24, 4.584469095e-24, 5.52818102933e-24, 6.11275259808e-24, 4.99616929054e-24, 6.04423371757e-24, 6.30332916544e-24, 6.42790726288e-24, 8.27276774697e-24, 3.84112230856e-24, 6.10529904581e-24, 9.86300089137e-24, 5.17947374365e-24, 6.15477364078e-24, 4.76733139156e-24, 6.42144254776e-24, 7.54997946459e-24, 7.933374542e-24, 7.39949162515e-24, 7.71042825069e-24, 8.6032673341e-24], "var": [0.000355030409992, 0.000200880298507, 8.62790602696e-06, 6.47578872304e-06, 1.46842501181e-06, 3.31604496751e-07, 2.86948164785e-07, 4.35508781038e-07, 1.02793890733e-07, 5.76023637677e-08, 3.85001861503e-08, 2.90417165871e-08, 2.80095111549e-08, 9.04919694733e-09, 6.76451694659e-09, 5.95645444079e-09, 5.52603740545e-09, 1.40253697545e-09, 9.41824285228e-10, 3.49990092463e-10, 2.83757933817e-10, 2.90206775277e-10, 2.46965059514e-10, 1.09277538407e-10, 1.63628471883e-10, 5.91103208047e-11, 3.95333939196e-11, 3.52653080349e-11, 3.15709645926e-11, 4.03489047729e-11, 5.77565287263e-11, 1.16806994632e-10, 1.16087764401e-10, 8.50610762382e-11, 4.57271755183e-11, 2.24052755515e-11, 1.13954653005e-11, 8.98117778064e-12, 1.67788491434e-11, 8.32960957153e-12]}, "mfcc": {"mean": [-654.762145996, 121.927696228, 11.5254459381, 17.4727401733, 1.32212197781, 15.473528862, -1.43439769745, 3.19295144081, 1.22812199593, -3.13023543358, 3.06683540344, -0.0666028186679, -0.314963161945], "cov": [[4029.20263672, -632.546386719, 471.228057861, 422.041473389, 314.805023193, 221.818893433, 366.167480469, 327.084014893, 198.536941528, 191.555984497, 10.5481700897, 28.872209549, 20.5655822754], [-632.546386719, 1638.52954102, -384.157958984, 69.9576797485, -53.7885971069, 105.878059387, -69.9181365967, -42.3700332642, -28.8828144073, -75.5734863281, 77.5568771362, 33.073928833, 13.2080640793], [471.228057861, -384.157958984, 627.70892334, 172.926437378, 158.994888306, 90.2876663208, 170.328567505, 124.777893066, 52.7916755676, 58.7221641541, 12.669634819, 38.7612533569, 22.9623451233], [422.041473389, 69.9576797485, 172.926437378, 401.92401123, 209.311935425, 114.275352478, 97.7479858398, 55.5368652344, 70.0674819946, 72.2000656128, -11.836722374, 27.2038707733, 31.84333992], [314.805023193, -53.7885971069, 158.994888306, 209.311935425, 319.396179199, 94.5931243896, 128.163208008, 50.4493217468, 76.4799804688, 87.7810821533, -13.3656482697, 20.6070308685, 20.0318946838], [221.818893433, 105.878059387, 90.2876663208, 114.275352478, 94.5931243896, 240.998214722, 113.88180542, 76.6709442139, 47.563621521, 42.6372566223, 61.6318740845, 25.3037433624, 9.12850666046], [366.167480469, -69.9181365967, 170.328567505, 97.7479858398, 128.163208008, 113.88180542, 345.661224365, 154.589492798, 42.7891197205, 64.5902633667, 18.0558128357, 52.5484428406, 32.6917037964], [327.084014893, -42.3700332642, 124.777893066, 55.5368652344, 50.4493217468, 76.6709442139, 154.589492798, 198.37008667, 77.4231262207, 26.9399223328, 23.1239471436, 22.5191020966, 15.3502407074], [198.536941528, -28.8828144073, 52.7916755676, 70.0674819946, 76.4799804688, 47.563621521, 42.7891197205, 77.4231262207, 144.052444458, 79.7248153687, 26.9351387024, 15.8878469467, 11.4728431702], [191.555984497, -75.5734863281, 58.7221641541, 72.2000656128, 87.7810821533, 42.6372566223, 64.5902633667, 26.9399223328, 79.7248153687, 164.416381836, 65.7930145264, 33.5041275024, 20.1173343658], [10.5481700897, 77.5568771362, 12.669634819, -11.836722374, -13.3656482697, 61.6318740845, 18.0558128357, 23.1239471436, 26.9351387024, 65.7930145264, 139.374221802, 58.9812927246, 12.7877845764], [28.872209549, 33.073928833, 38.7612533569, 27.2038707733, 20.6070308685, 25.3037433624, 52.5484428406, 22.5191020966, 15.8878469467, 33.5041275024, 58.9812927246, 110.77734375, 50.4850273132], [20.5655822754, 13.2080640793, 22.9623451233, 31.84333992, 20.0318946838, 9.12850666046, 32.6917037964, 15.3502407074, 11.4728431702, 20.1173343658, 12.7877845764, 50.4850273132, 105.355735779]], "icov": [[0.000343985389918, 0.00013074526214, 9.17511169973e-06, -0.000281855609501, 3.40832662005e-06, -8.65033362061e-05, -5.10392419528e-05, -0.000389661436202, 1.75585159923e-06, -0.000147246537381, 2.47798088822e-05, 5.5709235312e-05, 7.73324791226e-05], [0.00013074526214, 0.000942553160712, 0.000680196622852, -0.000617421464995, -1.5052969502e-06, -0.000372094567865, -3.18663005601e-05, -8.80854859133e-05, -3.61584607163e-05, 0.000792217499111, -0.000801090558525, -5.86098722124e-05, -7.20886600902e-05], [9.17511169973e-06, 0.000680196622852, 0.00263135647401, -0.000877832295373, -0.000544880749658, -0.000195313114091, -0.000280594773358, -0.000976167037152, 0.000445800775196, 0.000454667897429, -0.000629579590168, -0.000322124396916, 4.99805100844e-05], [-0.000281855609501, -0.000617421464995, -0.000877832295373, 0.00485391542315, -0.00192483025603, -0.00118537840899, 0.000576929189265, 0.000157149814186, -0.000217314416659, -0.00119680399075, 0.00208426057361, -0.000793963845354, -0.0004968951107], [3.40832662005e-06, -1.5052969502e-06, -0.000544880749658, -0.00192483025603, 0.00626222742721, -0.00105563621037, -0.0013005026849, 0.00132873619441, -0.00155401951633, -0.00182063656393, 0.00222766608931, -0.000451296509709, 0.000273531011771], [-8.65033362061e-05, -0.000372094567865, -0.000195313114091, -0.00118537840899, -0.00105563621037, 0.00704357726499, -0.00157807290088, -0.000360837031621, -0.000703142606653, 0.00158777169418, -0.00416605174541, 0.0017169220373, 5.3379106248e-05], [-5.10392419528e-05, -3.18663005601e-05, -0.000280594773358, 0.000576929189265, -0.0013005026849, -0.00157807290088, 0.00642840424553, -0.00482156546786, 0.00309229828417, -0.00268207048066, 0.00229812832549, -0.0023504064884, 1.52530838022e-05], [-0.000389661436202, -8.80854859133e-05, -0.000976167037152, 0.000157149814186, 0.00132873619441, -0.000360837031621, -0.00482156546786, 0.0119969081134, -0.00664079887792, 0.00379630574025, -0.00184358446859, 0.00115115684457, -0.000550411408767], [1.75585159923e-06, -3.61584607163e-05, 0.000445800775196, -0.000217314416659, -0.00155401951633, -0.000703142606653, 0.00309229828417, -0.00664079887792, 0.01391829364, -0.00640221405774, 0.00141878251452, -0.000660570862237, 0.000188293037354], [-0.000147246537381, 0.000792217499111, 0.000454667897429, -0.00119680399075, -0.00182063656393, 0.00158777169418, -0.00268207048066, 0.00379630574025, -0.00640221405774, 0.0139524396509, -0.00771873770282, 0.00176675338298, -0.00119694217574], [2.47798088822e-05, -0.000801090558525, -0.000629579590168, 0.00208426057361, 0.00222766608931, -0.00416605174541, 0.00229812832549, -0.00184358446859, 0.00141878251452, -0.00771873770282, 0.0164004731923, -0.0078300088644, 0.00217651808634], [5.5709235312e-05, -5.86098722124e-05, -0.000322124396916, -0.000793963845354, -0.000451296509709, 0.0017169220373, -0.0023504064884, 0.00115115684457, -0.000660570862237, 0.00176675338298, -0.0078300088644, 0.0165818184614, -0.00645551504567], [7.73324791226e-05, -7.20886600902e-05, 4.99805100844e-05, -0.0004968951107, 0.000273531011771, 5.3379106248e-05, 1.52530838022e-05, -0.000550411408767, 0.000188293037354, -0.00119694217574, 0.00217651808634, -0.00645551504567, 0.0126809766516]]}, "spectral_contrast_coeffs": {"dmean": [0.0657601058483, 0.059888780117, 0.0461434833705, 0.0357448235154, 0.0250226631761, 0.021211117506], "dmean2": [0.103848047554, 0.0954795479774, 0.0729954913259, 0.0559358224273, 0.0386347547174, 0.0323336087167], "dvar": [0.00327404169366, 0.00233385339379, 0.00140886288136, 0.000929139205255, 0.000510363141075, 0.000388269865653], "dvar2": [0.00808464642614, 0.00568997208029, 0.0033876246307, 0.00211396976374, 0.00114395760465, 0.000932694762014], "max": [-0.205740511417, -0.384356826544, -0.433433830738, -0.516542971134, -0.623341202736, -0.606182932854], "mean": [-0.623009681702, -0.676043391228, -0.744222223759, -0.758697271347, -0.79198127985, -0.751775205135], "median": [-0.640958726406, -0.677946746349, -0.748610854149, -0.762506723404, -0.796852111816, -0.753443360329], "min": [-0.974258422852, -0.976955533028, -0.98223233223, -0.969466388226, -0.962559521198, -0.964029967785], "var": [0.0124901821837, 0.00851265992969, 0.00579205295071, 0.00402595801279, 0.00204914272763, 0.00164427503478]}, "spectral_contrast_valleys": {"dmean": [0.531118631363, 0.477178186178, 0.402834266424, 0.370338499546, 0.370546877384, 0.374016225338], "dmean2": [0.800269663334, 0.731975674629, 0.595782279968, 0.540465414524, 0.500239133835, 0.440477341413], "dvar": [0.352211833, 0.209963351488, 0.16161839664, 0.169534251094, 0.218821123242, 0.190538406372], "dvar2": [0.580070614815, 0.421956002712, 0.300043612719, 0.299013614655, 0.397336155176, 0.282864809036], "max": [-4.46154356003, -4.76845598221, -5.27210235596, -5.98946523666