{"lowlevel": {"average_loudness": 0.883274555206, "barkbands_crest": {"dmean": 2.45250082016, "dmean2": 3.78083276749, "dvar": 4.74097251892, "dvar2": 12.0332736969, "max": 24.5102558136, "mean": 10.2532224655, "median": 9.66613674164, "min": 2.78632593155, "var": 15.9306621552}, "barkbands_flatness_db": {"dmean": 0.0191810782999, "dmean2": 0.027526659891, "dvar": 0.000297382881399, "dvar2": 0.000634162046481, "max": 0.482398211956, "mean": 0.152599751949, "median": 0.140345081687, "min": 0.0448596253991, "var": 0.00416734907776}, "barkbands_kurtosis": {"dmean": 2.26054883003, "dmean2": 3.40078425407, "dvar": 13.9140272141, "dvar2": 27.0750274658, "max": 164.264419556, "mean": 3.76124000549, "median": 1.50134086609, "min": -1.85079884529, "var": 80.1017074585}, "barkbands_skewness": {"dmean": 0.459554135799, "dmean2": 0.678308188915, "dvar": 0.17989090085, "dvar2": 0.408540129662, "max": 10.9012508392, "mean": 1.50405931473, "median": 1.40009617805, "min": -4.95210123062, "var": 1.37137627602}, "barkbands_spread": {"dmean": 4.88862752914, "dmean2": 7.26340484619, "dvar": 25.5238666534, "dvar2": 54.7128295898, "max": 106.034942627, "mean": 20.8918781281, "median": 19.4682350159, "min": 0.456611663103, "var": 119.866889954}, "dissonance": {"dmean": 0.0175914317369, "dmean2": 0.0290491376072, "dvar": 0.000285102898488, "dvar2": 0.000756011344492, "max": 0.500000059605, "mean": 0.459055513144, "median": 0.463234782219, "min": 0.139280825853, "var": 0.000648342014756}, "dynamic_complexity": 2.44865131378, "erbbands_crest": {"dmean": 2.38280296326, "dmean2": 3.75456690788, "dvar": 4.39737558365, "dvar2": 10.3684120178, "max": 27.6484966278, "mean": 9.30564022064, "median": 8.41417598724, "min": 2.51901626587, "var": 15.2008867264}, "erbbands_flatness_db": {"dmean": 0.0140212923288, "dmean2": 0.0195499397814, "dvar": 0.000156063571922, "dvar2": 0.000312980555464, "max": 0.481189101934, "mean": 0.167368426919, "median": 0.161212280393, "min": 0.0486021749675, "var": 0.00265377946198}, "erbbands_kurtosis": {"dmean": 0.663490593433, "dmean2": 1.03524184227, "dvar": 0.80035585165, "dvar2": 1.82464337349, "max": 68.905128479, "mean": 0.109629735351, "median": -0.388974428177, "min": -1.75767683983, "var": 8.37537765503}, "erbbands_skewness": {"dmean": 0.302967101336, "dmean2": 0.465355157852, "dvar": 0.0678985342383, "dvar2": 0.15997043252, "max": 5.55446147919, "mean": 0.157106131315, "median": 0.151264593005, "min": -3.61176395416, "var": 0.414587646723}, "erbbands_spread": {"dmean": 6.76019906998, "dmean2": 10.4037427902, "dvar": 39.1214370728, "dvar2": 93.3621368408, "max": 109.86856842, "mean": 38.9260177612, "median": 37.4336128235, "min": 2.75253176689, "var": 237.302658081}, "hfc": {"dmean": 5.94765853882, "dmean2": 8.10433483124, "dvar": 48.9573822021, "dvar2": 99.0078353882, "max": 109.988853455, "mean": 22.9445590973, "median": 19.8143939972, "min": 1.5041048268e-11, "var": 224.351654053}, "melbands_crest": {"dmean": 3.27480149269, "dmean2": 5.04291963577, "dvar": 7.69988012314, "dvar2": 20.0346889496, "max": 31.6893520355, "mean": 14.3291292191, "median": 13.6067342758, "min": 2.29957675934, "var": 27.9092559814}, "melbands_flatness_db": {"dmean": 0.0229327809066, "dmean2": 0.032581217587, "dvar": 0.000404841499403, "dvar2": 0.000889076036401, "max": 0.601753532887, "mean": 0.210508540273, "median": 0.199456512928, "min": 0.014711339958, "var": 0.00496168108657}, "melbands_kurtosis": {"dmean": 5.35303497314, "dmean2": 8.0793762207, "dvar": 81.9694519043, "dvar2": 158.699768066, "max": 484.517974854, "mean": 12.1910800934, "median": 7.28546047211, "min": -1.77625489235, "var": 431.824066162}, "melbands_skewness": {"dmean": 0.61111164093, "dmean2": 0.916772127151, "dvar": 0.337245762348, "dvar2": 0.760503172874, "max": 16.2576465607, "mean": 2.6138958931, "median": 2.42751574516, "min": -2.86337375641, "var": 2.21321892738}, "melbands_spread": {"dmean": 6.09030294418, "dmean2": 9.13873767853, "dvar": 40.9842605591, "dvar2": 91.0629653931, "max": 147.836746216, "mean": 23.0341777802, "median": 20.3318710327, "min": 0.441070377827, "var": 203.168807983}, "pitch_salience": {"dmean": 0.0631468594074, "dmean2": 0.0994759500027, "dvar": 0.00288693723269, "dvar2": 0.00736520206556, "max": 0.931793034077, "mean": 0.514266729355, "median": 0.519527435303, "min": 0.0681027695537, "var": 0.0103905294091}, "silence_rate_20dB": {"dmean": 0, "dmean2": 0, "dvar": 0, "dvar2": 0, "max": 1, "mean": 1, "median": 1, "min": 1, "var": 0}, "silence_rate_30dB": {"dmean": 0.0061711082235, "dmean2": 0.0123439468443, "dvar": 0.00613308511674, "dvar2": 0.0166804715991, "max": 1, "mean": 0.99537229538, "median": 1, "min": 0, "var": 0.00460616732016}, "silence_rate_60dB": {"dmean": 0.00645161280409, "dmean2": 0.0129050360993, "dvar": 0.00641014892608, "dvar2": 0.0152643369511, "max": 1, "mean": 0.0385640151799, "median": 0, "min": 0, "var": 0.0370728857815}, "spectral_centroid": {"dmean": 249.880615234, "dmean2": 387.172790527, "dvar": 61965.359375, "dvar2": 152202.859375, "max": 6776.96923828, "mean": 1293.83251953, "median": 1156.74255371, "min": 128.830764771, "var": 562410}, "spectral_complexity": {"dmean": 2.4288918972, "dmean2": 3.83139300346, "dvar": 4.45109033585, "dvar2": 10.3741855621, "max": 40, "mean": 19.1130275726, "median": 20, "min": 0, "var": 41.8348350525}, "spectral_decrease": {"dmean": 2.21405960232e-09, "dmean2": 3.27555471635e-09, "dvar": 8.35442244357e-18, "dvar2": 2.18498104445e-17, "max": 6.88890638687e-17, "mean": -7.75392283714e-09, "median": -6.7214376287e-09, "min": -4.76193591226e-08, "var": 2.59254318929e-17}, "spectral_energy": {"dmean": 0.00866130832583, "dmean2": 0.0127743855119, "dvar": 0.000122881188872, "dvar2": 0.000319654762279, "max": 0.182706549764, "mean": 0.0313461385667, "median": 0.027346175164, "min": 1.38579142973e-15, "var": 0.000397980882553}, "spectral_energyband_high": {"dmean": 0.000453889282653, "dmean2": 0.000667815038469, "dvar": 5.04078798258e-07, "dvar2": 1.19096569051e-06, "max": 0.00993351265788, "mean": 0.00093871448189, "median": 0.000524878269061, "min": 1.02700542569e-15, "var": 1.3339583802e-06}, "spectral_energyband_low": {"dmean": 0.00401462428272, "dmean2": 0.00632438901812, "dvar": 7.57597590564e-05, "dvar2": 0.000196129316464, "max": 0.147502422333, "mean": 0.00756590440869, "median": 0.00313429813832, "min": 3.49147245556e-17, "var": 0.000164489014423}, "spectral_energyband_middle_high": {"dmean": 0.00177466694731, "dmean2": 0.0026443367824, "dvar": 4.97198334415e-06, "dvar2": 1.01010646176e-05, "max": 0.0547957234085, "mean": 0.0065607028082, "median": 0.00538086611778, "min": 2.26352111569e-16, "var": 2.8225907954e-05}, "spectral_energyband_middle_low": {"dmean": 0.00618741102517, "dmean2": 0.00889831315726, "dvar": 6.61108206259e-05, "dvar2": 0.000164176759426, "max": 0.117106482387, "mean": 0.0170346908271, "median": 0.0140925543383, "min": 3.28676874588e-17, "var": 0.000163985139807}, "spectral_entropy": {"dmean": 0.143702730536, "dmean2": 0.197748243809, "dvar": 0.015559900552, "dvar2": 0.0320667177439, "max": 9.00840091705, "mean": 7.3019990921, "median": 7.32595062256, "min": 4.98093509674, "var": 0.143726736307}, "spectral_flux": {"dmean": 0.0180294271559, "dmean2": 0.0294114332646, "dvar": 0.000384812796256, "dvar2": 0.000946703308728, "max": 0.325075805187, "mean": 0.0770458653569, "median": 0.0725864320993, "min": 1.38433124448e-05, "var": 0.0011629803339}, "spectral_kurtosis": {"dmean": 1.63251459599, "dmean2": 2.7707362175, "dvar": 5.05065631866, "dvar2": 15.4008464813, "max": 62.5181732178, "mean": 5.54189395905, "median": 4.32089614868, "min": -1.04509985447, "var": 25.0338077545}, "spectral_rms": {"dmean": 0.000720325857401, "dmean2": 0.0010318250861, "dvar": 5.22991570051e-07, "dvar2": 1.27338114453e-06, "max": 0.0133510408923, "mean": 0.00523411110044, "median": 0.00516519090161, "min": 1.16275178375e-09, "var": 3.18568436342e-06}, "spectral_rolloff": {"dmean": 496.06539917, "dmean2": 830.629638672, "dvar": 835998.6875, "dvar2": 2066313.75, "max": 19509.0820312, "mean": 1573.47631836, "median": 1184.32617188, "min": 107.666015625, "var": 3046507}, "spectral_skewness": {"dmean": 0.190022110939, "dmean2": 0.313156932592, "dvar": 0.0323308818042, "dvar2": 0.0931993871927, "max": 6.39584350586, "mean": 1.70484888554, "median": 1.59759831429, "min": 0.285825878382, "var": 0.361132711172}, "spectral_spread": {"dmean": 439027, "dmean2": 573600.9375, "dvar": 182454960128, "dvar2": 316839034880, "max": 14493921, "mean": 4373688.5, "median": 4091998.75, "min": 1208164.875, "var": 2534289178620.0}, "spectral_strongpeak": {"dmean": 0.57329839468, "dmean2": 0.953114151955, "dvar": 0.895106375217, "dvar2": 2.22862195969, "max": 11.9148950577, "mean": 1.10573279858, "median": 0.7938195467, "min": 0, "var": 1.37285256386}, "zerocrossingrate": {"dmean": 0.00998381059617, "dmean2": 0.0110488962382, "dvar": 0.000126222061226, "dvar2": 0.000133705645567, "max": 0.6806640625, "mean": 0.0647420138121, "median": 0.0537109375, "min": 0.00439453125, "var": 0.00315618910827}, "barkbands": {"dmean": [2.3384754968e-06, 0.00155091343913, 0.00273508275859, 0.000753647706006, 0.00424538413063, 0.00210005394183, 0.000557474617381, 0.00051019154489, 0.000505304895341, 0.000704966543708, 0.00069474009797, 0.0002890881442, 0.000372467999114, 0.000550092139747, 0.000253774691373, 0.000168150960235, 0.00019272674399, 0.000176550835022, 0.000212472339626, 0.000233129656408, 0.000118403302622, 3.65736486856e-05, 1.4877961803e-05, 0.000135464157211, 8.78329883562e-05, 2.39717646764e-05, 1.10932332973e-05], "dmean2": [4.06185245083e-06, 0.00250577833503, 0.00431463029236, 0.00114771013614, 0.00630117207766, 0.00294093647972, 0.000807837117463, 0.000767904217355, 0.000762811454479, 0.00107726163696, 0.00110938062426, 0.000462329218863, 0.000587150629144, 0.000776612258051, 0.000420063006459, 0.000283672794467, 0.000319962447975, 0.000288774259388, 0.00036011292832, 0.000399230746552, 0.000202601295314, 5.80122759857e-05, 2.3614265956e-05, 0.000176382745849, 0.000118756579468, 3.52117604052e-05, 1.52886841533e-05], "dvar": [1.74338626868e-10, 1.11099307105e-05, 4.20808319177e-05, 1.92196011994e-06, 4.49895997008e-05, 1.37709757837e-05, 1.214420422e-06, 5.60813759876e-07, 5.92130504629e-07, 9.31425461204e-07, 1.42548230997e-06, 2.75083579027e-07, 4.22569399916e-07, 1.61226114415e-06, 1.46975338566e-07, 6.66063826316e-08, 8.26952089028e-08, 9.29604695443e-08, 1.7722184964e-07, 2.4914925234e-07, 4.98899126455e-08, 3.6141878379e-09, 1.54200752167e-09, 9.49447382936e-08, 3.67645611732e-08, 3.65904440081e-09, 7.26449955746e-10], "dvar2": [4.90978424583e-10, 2.97453370877e-05, 0.000116395545774, 4.76375817016e-06, 0.000120613687614, 2.54884853348e-05, 2.40033841692e-06, 1.23859297219e-06, 1.24748510189e-06, 1.96890800908e-06, 3.49016727341e-06, 6.95722519595e-07, 9.33080514187e-07, 2.84297789221e-06, 3.47158021441e-07, 1.76330203772e-07, 2.21504308229e-07, 2.36414692267e-07, 5.06477874751e-07, 7.17770944902e-07, 1.41199649306e-07, 9.09048658571e-09, 4.05311517682e-09, 1.99929928613e-07, 8.34914857251e-08, 9.1783691758e-09, 1.64374958089e-09], "max": [0.000438001326984, 0.0605992041528, 0.10144983232, 0.0238322913647, 0.106083855033, 0.0747246071696, 0.0201422683895, 0.0116261811927, 0.011007479392, 0.0179255288094, 0.0147259859368, 0.0105416988954, 0.0137520674616, 0.0375614613295, 0.00957693904638, 0.00443566311151, 0.00448780274019, 0.00583828380331, 0.00598654197529, 0.00995846744627, 0.00366224418394, 0.000959754106589, 0.000758839596529, 0.00283352425322, 0.0020399808418, 0.000653020048048, 0.000322253472405], "mean": [2.62512730842e-06, 0.00260141817853, 0.00450400402769, 0.00132700323593, 0.00837595574558, 0.00408845813945, 0.00096844806103, 0.000799494679086, 0.000810238940176, 0.00121260981541, 0.0011151030194, 0.000520125147887, 0.000780383183155, 0.00130654440727, 0.00048398526269, 0.000321175932186, 0.000357948068995, 0.000325971050188, 0.000352834991645, 0.000405458791647, 0.000227117197937, 7.64904689277e-05, 2.6555311706e-05, 0.000191475468455, 0.000122470562928, 2.90304433292e-05, 1.3284436136e-05], "median": [1.33776566713e-07, 0.00105544622056, 0.00134749338031, 0.000735379813705, 0.00512085482478, 0.00212731678039, 0.000409089931054, 0.000437657930888, 0.000422896642704, 0.000707372149918, 0.000524678616785, 0.000235866085859, 0.000305274559651, 0.000324439519318, 0.000297337042866, 0.000202411130886, 0.000223755778279, 0.000155814326718, 0.000135451220558, 0.000118245348858, 9.62874182733e-05, 4.57249843748e-05, 1.24927573779e-05, 3.79555713153e-05, 2.46423933277e-05, 5.36873085366e-06, 2.50864013651e-06], "min": [1.34672448349e-17, 1.73895433937e-17, 8.02079072403e-18, 4.85889862281e-18, 3.42277411307e-18, 3.48127067163e-18, 7.37447232523e-18, 6.19968064078e-18, 6.24465114196e-18, 2.55124048966e-18, 5.28210283575e-18, 2.30065398131e-17, 2.22084676863e-17, 1.41587099244e-17, 3.55832783964e-17, 3.54012192523e-17, 2.82293780531e-17, 2.35744026123e-17, 1.56734066661e-17, 5.56524469148e-17, 4.04452772922e-17, 5.84489526599e-17, 6.0307369416e-17, 1.36942675319e-16, 1.22304503387e-16, 1.12183730217e-16, 4.95952137238e-16], "var": [1.37269098865e-10, 2.00954618776e-05, 7.76381712058e-05, 3.38325480698e-06, 9.53226917773e-05, 3.37261408276e-05, 2.95825475405e-06, 1.08940878363e-06, 1.17703689284e-06, 2.36334858528e-06, 2.49878667091e-06, 6.64278957174e-07, 1.63244271789e-06, 7.81493872637e-06, 3.93121865727e-07, 1.52780359031e-07, 1.76127599616e-07, 2.21100776798e-07, 3.18304273605e-07, 4.71216395681e-07, 1.1374059028e-07, 9.17531828293e-09, 2.15935758163e-09, 1.61993412462e-07, 5.96086735527e-08, 4.54281234852e-09, 1.00136676728e-09]}, "erbbands": {"dmean": [0.0133646158502, 0.471724301577, 2.93447995186, 2.34037780762, 12.8371944427, 12.5915346146, 12.0996417999, 17.958864212, 10.3188343048, 5.5534825325, 11.4764461517, 13.0564575195, 22.099603653, 16.3186759949, 27.5359745026, 14.1371507645, 16.2254486084, 30.9986133575, 11.6732187271, 13.0532035828, 8.50451183319, 7.89763879776, 8.43194484711, 11.4277133942, 8.64538383484, 12.6239833832, 7.1138253212, 2.70955061913, 1.27403604984, 0.787302196026, 0.406646519899, 0.608384072781, 3.66991019249, 1.62655568123, 0.156193777919, 0.0728335604072, 0.0534211955965, 0.0115103777498, 0.00261238473468, 5.41630579391e-05], "dmean2": [0.020812060684, 0.753202915192, 4.59179735184, 3.71319031715, 18.6205043793, 19.4230518341, 16.2174320221, 25.7835769653, 14.999622345, 8.23866558075, 17.3455791473, 19.6068058014, 33.086894989, 26.1114635468, 43.7461204529, 22.4239139557, 25.1516113281, 43.7559394836, 18.4856510162, 21.8641166687, 14.1710910797, 12.8841161728, 13.4353456497, 19.2538261414, 14.577091217, 21.6872081757, 12.0604810715, 4.58465862274, 2.03181648254, 1.26503705978, 0.651479303837, 0.869030535221, 5.11073207855, 2.03184175491, 0.211707800627, 0.0916942358017, 0.0864199325442, 0.0149757070467, 0.00386354001239, 7.55398650654e-05], "dvar": [0.00100877520163, 0.996003627777, 43.0870323181, 31.2363109589, 444.282073975, 432.072509766, 306.730224609, 1303.5065918, 324.58303833, 70.7439498901, 294.002166748, 466.942138672, 1364.78503418, 548.364135742, 2189.33959961, 662.924072266, 839.555480957, 5212.97802734, 435.466583252, 357.42086792, 142.32270813, 131.25112915, 230.537200928, 560.089538574, 471.206634521, 731.510559082, 167.630447388, 16.8806591034, 4.86312246323, 2.5886194706, 1.61645615101, 1.35712885857, 79.264175415, 11.8657770157, 0.0694409608841, 0.0274672470987, 0.0204035043716, 0.000686268496793, 4.80396120111e-05, 1.56871458046e-08], "dvar2": [0.00241856882349, 2.63202786446, 115.599731445, 82.9053955078, 1111.8223877, 1157.35974121, 561.38269043, 2384.96557617, 654.533935547, 153.047073364, 633.379394531, 982.873657227, 2779.51757812, 1419.29101562, 5293.52783203, 1671.15161133, 1815.82971191, 9091.37792969, 932.661743164, 959.082824707, 364.303833008, 328.976043701, 554.961975098, 1583.80505371, 1354.35620117, 2137.6862793, 465.650939941, 48.7880935669, 12.8206300735, 6.52886009216, 4.38476896286, 3.34751534462, 180.059066772, 22.9499778748, 0.135733708739, 0.0540520399809, 0.0540901310742, 0.00157785369083, 0.000116025345051, 3.36154251102e-08], "max": [0.661109149456, 18.6837158203, 96.0860366821, 107.703598022, 292.734375, 323.904602051, 365.581176758, 916.901672363, 326.079406738, 129.493301392, 244.567764282, 335.392547607, 744.901916504, 332.116943359, 704.717712402, 538.139465332, 680.588317871, 2179.97973633, 573.987670898, 265.544372559, 257.234924316, 274.024963379, 410.532409668, 437.649932861, 406.637451172, 631.656311035, 241.462814331, 56.0766410828, 41.7366409302, 26.7660255432, 29.1851654053, 13.2779321671, 76.8394927979, 31.7203044891, 9.73448753357, 3.40481615067, 1.16475021839, 0.337591081858, 0.0611163116992, 0.00292666838504], "mean": [0.0261980611831, 0.814785778522, 4.98711156845, 4.58977127075, 23.7707691193, 22.7739200592, 26.7723789215, 32.5167922974, 18.7181491852, 10.1857538223, 19.0652122498, 21.9927654266, 36.2954025269, 29.5626068115, 46.8047828674, 28.0305557251, 36.8449516296, 75.8511505127, 27.542722702, 24.5981044769, 18.2853851318, 16.6680030823, 17.4204730988, 20.7432117462, 15.5214395523, 21.8916358948, 13.5439414978, 5.94915676117, 2.8534886837, 1.55639147758, 0.732697725296, 1.01879513264, 4.59465408325, 2.42044687271, 0.308535546064, 0.108796626329, 0.0600037649274, 0.0153441186994, 0.00273164175451, 9.09898008103e-05], "median": [0.00889006536454, 0.329973816872, 1.58306312561, 2.79351210594, 10.8356161118, 13.8464565277, 14.2260608673, 14.815199852, 9.9992017746, 5.95854282379, 11.1566343307, 11.532327652, 17.7504138947, 20.0459632874, 23.2871513367, 14.7778120041, 16.3134002686, 20.6656684875, 15.1120262146, 16.6757717133, 13.1405973434, 11.484462738, 9.49662399292, 9.04674720764, 6.43489646912, 7.21885442734, 5.83290338516, 3.51889443398, 1.6311057806, 0.861014664173, 0.377121448517, 0.330556124449, 0.844289124012, 0.495614081621, 0.0811319500208, 0.0180574767292, 0.0111354403198, 0.00342167867348, 0.000462792057078, 4.51878950116e-05], "min": [6.8191197394e-16, 3.32396946678e-15, 8.7937266518e-15, 1.42118203328e-14, 1.48237338745e-14, 9.87421966701e-15, 1.05969462941e-14, 3.64968268823e-14, 8.82067991781e-14, 1.29235028712e-13, 1.35220976668e-13, 1.41374203468e-13, 1.20652796022e-13, 7.16346673277e-14, 4.34578290237e-13, 9.65086300805e-13, 1.00617452738e-12, 9.85244546538e-13, 7.65134212499e-13, 2.54272991551e-12, 2.00502743748e-12, 1.42877430807e-12, 1.00257324144e-12, 1.3849317743e-12, 9.39034223643e-13, 2.28685061339e-12, 2.81869406288e-12, 1.2767965938e-12, 1.71712481473e-12, 2.41429597668e-12, 1.43841221486e-12, 2.66453764435e-12, 2.06167743468e-12, 1.60694981627e-12, 7.81854507352e-13, 4.22316234717e-13, 2.33665544596e-13, 2.04729245709e-13, 7.27661136099e-14, 6.35889063437e-15], "var": [0.00248060561717, 1.90406548977, 86.6278152466, 49.3503265381, 1144.72021484, 779.06829834, 1168.1932373, 3047.81225586, 787.311645508, 154.207626343, 582.157287598, 895.714538574, 3237.83789062, 995.876037598, 4081.49243164, 1641.35986328, 3310.86474609, 25635.4726562, 1685.88671875, 670.682250977, 372.817199707, 325.817230225, 621.110595703, 1056.80114746, 885.88659668, 1300.91333008, 368.164215088, 47.7286872864, 13.9623680115, 5.26852035522, 1.81025505066, 2.68771982193, 108.758476257, 23.0026626587, 0.286555707455, 0.0572145357728, 0.0207400135696, 0.00107743230183, 5.22000445926e-05, 2.50767762111e-08]}, "gfcc": {"mean": [2.95827579498, 92.3692169189, -120.516685486, 19.1712760925, -51.1685676575, 2.89681982994, -39.6043281555, -2.06906843185, -37.3826522827, -3.78026270866, -17.0093250275, -8.70069313049, -1.80432105064], "cov": [[12391.5478516, 1089.95251465, -481.196166992, 502.566101074, -568.466552734, -395.898620605, -500.478118896, 82.4344406128, -351.589538574, 152.070602417, 10.6946020126, -268.718292236, -245.097381592], [1089.95251465, 3979.84008789, 123.295173645, 258.23828125, 334.214233398, -10.7673959732, 467.900848389, -239.430206299, 129.004699707, -49.1058425903, 156.562011719, -193.568725586, -117.702667236], [-481.196166992, 123.295173645, 775.501403809, -45.8909225464, 91.3554840088, 161.934173584, 40.8631362915, 98.6217803955, -29.9404239655, 3.36899638176, 13.0386943817, 4.57033777237, -26.418346405], [502.566101074, 258.23828125, -45.8909225464, 366.135925293, 82.8960876465, 24.6873931885, 132.096176147, -5.29744434357, 55.9448013306, 41.7463035583, 34.6053466797, 10.845375061, -14.851354599], [-568.466552734, 334.214233398, 91.3554840088, 82.8960876465, 278.797088623, 167.404144287, 118.835983276, 5.28242015839, 93.020904541, 21.9415664673, 37.5932846069, -5.81286859512, -5.75056028366], [-395.898620605, -10.7673959732, 161.934173584, 24.6873931885, 167.404144287, 240.94480896, 90.6536941528, 40.5274581909, 49.9481925964, 31.617143631, 24.716588974, 21.5059909821, -17.7191505432], [-500.478118896, 467.900848389, 40.8631362915, 132.096176147, 118.835983276, 90.6536941528, 228.76361084, -3.61288809776, 67.5669403076, 11.595905304, 46.5238342285, 12.2239236832, -9.95429420471], [82.4344406128, -239.430206299, 98.6217803955, -5.29744434357, 5.28242015839, 40.5274581909, -3.61288809776, 125.137123108, 27.4731502533, 20.5792865753, -1.01854145527, 14.0192518234, 1.2280023098], [-351.589538574, 129.004699707, -29.9404239655, 55.9448013306, 93.020904541, 49.9481925964, 67.5669403076, 27.4731502533, 129.518859863, 42.5149726868, 25.1069030762, 14.5341691971, 7.20548200607], [152.070602417, -49.1058425903, 3.36899638176, 41.7463035583, 21.9415664673, 31.617143631, 11.595905304, 20.5792865753, 42.5149726868, 85.217300415, 45.5050010681, 16.7143650055, 2.96947264671], [10.6946020126, 156.562011719, 13.0386943817, 34.6053466797, 37.5932846069, 24.716588974, 46.5238342285, -1.01854145527, 25.1069030762, 45.5050010681, 78.365814209, 32.5733680725, 1.12204301357], [-268.718292236, -193.568725586, 4.57033777237, 10.845375061, -5.81286859512, 21.5059909821, 12.2239236832, 14.0192518234, 14.5341691971, 16.7143650055, 32.5733680725, 83.4661941528, 29.8818149567], [-245.097381592, -117.702667236, -26.418346405, -14.851354599, -5.75056028366, -17.7191505432, -9.95429420471, 1.2280023098, 7.20548200607, 2.96947264671, 1.12204301357, 29.8818149567, 67.6435546875]], "icov": [[0.000255459366599, -0.00029559165705, 0.000311993760988, -0.000677065341733, 0.000537994783372, -0.000475756882224, 0.00114611384925, -0.000957653683145, 0.000948296219576, -0.000737541064154, 3.30892617058e-05, 0.000212967323023, 0.000328371825162], [-0.00029559165705, 0.00103351462167, -0.000668463238981, 0.000743676151615, -0.000792727223597, 0.00114007445518, -0.0022664538119, 0.00217426521704, -0.00192555808462, 0.00215364410542, -0.00224652863108, 0.00184848275967, -0.00018095978885], [0.000311993760988, -0.000668463238981, 0.00232187565416, -0.000516709231306, 0.000268481555395, -0.00165407767054, 0.0015113321133, -0.00311194173992, 0.00295941135846, -0.00146055594087, 0.000726281839889, -0.00059018941829, 0.000626669090707], [-0.000677065341733, 0.000743676151615, -0.000516709231306, 0.00593040883541, -0.00303398631513, 0.0030685539823, -0.00570696266368, 0.00234436523169, -0.00154420954641, -0.0013960339129, 0.00227097491734, -0.00240052863955, 0.000853050732985], [0.000537994783372, -0.000792727223597, 0.000268481555395, -0.00303398631513, 0.0118687227368, -0.00826952047646, 0.00325192534365, -0.000334658805514, -0.00394281838089, 0.00350573565811, -0.00542500428855, 0.00596581585705, -0.00294320797548], [-0.000475756882224, 0.00114007445518, -0.00165407767054, 0.0030685539823, -0.00826952047646, 0.0127093493938, -0.00591252371669, 0.001000014483, 0.000462333264295, -0.00354362931103, 0.00402908865362, -0.00478843506426, 0.00418038945645], [0.00114611384925, -0.0022664538119, 0.0015113321133, -0.00570696266368, 0.00325192534365, -0.00591252371669, 0.0152849601582, -0.00478872703388, 0.00151253282093, 0.000697932089679, -0.0031131922733, 6.13899173914e-05, 0.000443018536316], [-0.000957653683145, 0.00217426521704, -0.00311194173992, 0.00234436523169, -0.000334658805514, 0.001000014483, -0.00478872703388, 0.0160513091832, -0.00840058363974, 0.00321729364805, -0.00154127692804, 0.00130914535839, -0.000949020555709], [0.000948296219576, -0.00192555808462, 0.00295941135846, -0.00154420954641, -0.00394281838089, 0.000462333264295, 0.00151253282093, -0.00840058363974, 0.0204222053289, -0.0128226662055, 0.00765464361757, -0.00512184062973, 0.0015863655135], [-0.000737541064154, 0.00215364410542, -0.00146055594087, -0.0013960339129, 0.00350573565811, -0.00354362931103, 0.000697932089679, 0.00321729364805, -0.0128226662055, 0.0310531295836, -0.022115515545, 0.00955957733095, -0.00424124160782], [3.30892617058e-05, -0.00224652863108, 0.000726281839889, 0.00227097491734, -0.00542500428855, 0.00402908865362, -0.0031131922733, -0.00154127692804, 0.00765464361757, -0.022115515545, 0.0377917028964, -0.0197252575308, 0.00539946136996], [0.000212967323023, 0.00184848275967, -0.00059018941829, -0.00240052863955, 0.00596581585705, -0.00478843506426, 6.13899173914e-05, 0.00130914535839, -0.00512184062973, 0.00955957733095, -0.0197252575308, 0.0289215110242, -0.00985440332443], [0.000328371825162, -0.00018095978885, 0.000626669090707, 0.000853050732985, -0.00294320797548, 0.00418038945645, 0.000443018536316, -0.000949020555709, 0.0015863655135, -0.00424124160782, 0.00539946136996, -0.00985440332443, 0.0212984681129]]}, "melbands": {"dmean": [0.000262962945271, 0.00119635136798, 0.000616781355347, 0.00106574210804, 0.000396315153921, 0.0003924248158, 0.000147029422806, 6.6706983489e-05, 9.14202028071e-05, 8.12651924207e-05, 0.000109294429421, 6.53179522487e-05, 9.91018896457e-05, 4.42622513219e-05, 3.12578631565e-05, 4.3128766265e-05, 6.22078441666e-05, 1.97847730306e-05, 1.50237738126e-05, 1.74013948708e-05, 1.0875107364e-05, 8.75211480889e-06, 9.35031039262e-06, 9.33095452638e-06, 9.9533563116e-06, 7.4211966421e-06, 4.86656426801e-06, 9.67173218669e-06, 5.41639519724e-06, 3.06745073431e-06, 1.46733748352e-06, 8.48523427521e-07, 6.4459254645e-07, 3.77203917878e-07, 2.84457740918e-07, 1.6959963034e-07, 4.36318032371e-07, 2.21290656555e-06, 3.76533398594e-06, 6.05760760664e-07], "dmean2": [0.000422827317379, 0.00188154180069, 0.00091891514603, 0.00160151545424, 0.000546483555809, 0.000559539941605, 0.000212993778405, 9.98766408884e-05, 0.000137949042255, 0.000122090132209, 0.000163772070664, 0.000104884202301, 0.000158743190696, 7.01116659911e-05, 5.01635222463e-05, 6.3863764808e-05, 8.83722459548e-05, 3.15097531711e-05, 2.4782239052e-05, 2.96032776532e-05, 1.81191062438e-05, 1.4397148334e-05, 1.49930147018e-05, 1.53046530613e-05, 1.67987655004e-05, 1.253170376e-05, 8.34171078168e-06, 1.65800356626e-05, 9.13502753974e-06, 5.26294388692e-06, 2.43567774305e-06, 1.36105984438e-06, 1.0452662309e-06, 6.11016105267e-07, 4.75235992781e-07, 2.44068360189e-07, 7.1926280043e-07, 3.16262958222e-06, 5.17195985594e-06, 7.5072995287e-07], "dvar": [3.30234257717e-07, 6.72390297041e-06, 1.15498585274e-06, 3.15654119731e-06, 2.88355664679e-07, 5.68889333863e-07, 6.9272452663e-08, 1.09169988605e-08, 1.65962781296e-08, 1.62843782903e-08, 3.28916627268e-08, 9.19116516229e-09, 2.96211553064e-08, 4.59424231991e-09, 2.80443868128e-09, 8.17363243755e-09, 2.00326795152e-08, 1.26211541218e-09, 4.8614096082e-10, 6.66494914814e-10, 2.95174329423e-10, 1.68977318249e-10, 2.85252932386e-10, 3.33616662074e-10, 5.11749753684e-10, 4.45706915819e-10, 1.12458875545e-10, 4.66663596654e-10, 1.18466417232e-10, 5.9806902486e-11, 6.42892900374e-12, 2.74491150296e-12, 1.53734815676e-12, 7.11578148835e-13, 1.21217554223e-12, 1.26411861122e-13, 7.17490574332e-13, 2.79255871899e-11, 8.35335481342e-11, 9.50199337615e-13], "dvar2": [8.58778548718e-07, 1.77267611434e-05, 2.95404902317e-06, 8.53439996717e-06, 5.68504674447e-07, 1.04649905097e-06, 1.37274611234e-07, 2.45197835369e-08, 3.53419657984e-08, 3.42664954189e-08, 6.70440059025e-08, 2.3434076013e-08, 7.2952893504e-08, 1.14413429841e-08, 6.55848442221e-09, 1.46350638275e-08, 3.61556971029e-08, 2.72557576508e-09, 1.19666920817e-09, 1.8288267567e-09, 7.52920115143e-10, 4.36086000644e-10, 7.14841796867e-10, 8.66270000177e-10, 1.44850309525e-09, 1.28729604754e-09, 3.39387629111e-10, 1.33000965796e-09, 3.2204322542e-10, 1.73840372653e-10, 1.73470647569e-11, 7.18616399026e-12, 4.02133231228e-12, 1.80843480382e-12, 3.34712726285e-12, 2.72594284385e-13, 1.9176821589e-12, 6.79583056495e-11, 1.78576237131e-10, 1.22934063103e-12], "max": [0.0102887768298, 0.0407738797367, 0.0191513691097, 0.0289977621287, 0.010321480222, 0.0178602095693, 0.00480882637203, 0.00163868104573, 0.00183560128789, 0.00187376397662, 0.00364391109906, 0.00144638994243, 0.00223056622781, 0.00117537472397, 0.00129416515119, 0.00277385674417, 0.00396989425644, 0.00111532583833, 0.000472601153888, 0.000412754074205, 0.000405934784794, 0.000280390726402, 0.000288816023385, 0.000326356472215, 0.000414862821344, 0.000347687746398, 0.000289985910058, 0.00038627142203, 0.000230642806855, 0.000126990082208, 4.84766424051e-05, 3.36953635269e-05, 2.44878010562e-05, 1.44358691614e-05, 2.62654084509e-05, 8.40142274683e-06, 9.07780577108e-06, 4.56413727079e-05, 7.934133464e-05, 1.40723159348e-05], "mean": [0.000467992096674, 0.00209902483039, 0.00130474276375, 0.00193633709569, 0.000890293740667, 0.00072822131915, 0.000260975939455, 0.000116170638648, 0.000155195666593, 0.000132649816805, 0.000176926609129, 0.000112056521175, 0.000159576738952, 8.1149431935e-05, 6.32980591035e-05, 9.6880547062e-05, 0.000145498823258, 4.34120629507e-05, 2.82087257801e-05, 3.12970259984e-05, 2.08591900446e-05, 1.72938416654e-05, 1.70835483004e-05, 1.66771551449e-05, 1.67100406543e-05, 1.21257098726e-05, 8.52045286592e-06, 1.62826236192e-05, 9.65722301771e-06, 5.49964261154e-06, 3.01158524962e-06, 1.71173110175e-06, 1.21625532756e-06, 6.66499488489e-07, 4.33385537235e-07, 3.20205543858e-07, 6.84245094362e-07, 2.80590870716e-06, 4.47521779279e-06, 1.23855295442e-06], "median": [0.000183742464287, 0.000743480864912, 0.000770054059103, 0.00103900209069, 0.000553502934054, 0.000360636709956, 0.000131756896735, 6.96830175002e-05, 9.5948089438e-05, 6.96530769346e-05, 8.4827770479e-05, 6.88181244186e-05, 7.71943668951e-05, 4.29705760325e-05, 3.10644136334e-05, 3.13152158924e-05, 3.31608207489e-05, 2.06579079531e-05, 1.82439416676e-05, 2.0183284505e-05, 1.27053290271e-05, 1.1428457583e-05, 7.79600122769e-06, 7.70053156884e-06, 5.25845734956e-06, 2.83962253889e-06, 3.42454086422e-06, 3.83043925467e-06, 3.15781062454e-06, 1.32271645725e-06, 1.44755745168e-06, 8.13973429103e-07, 5.55861163321e-07, 2.44505372393e-07, 1.70914248088e-07, 1.18000841098e-07, 2.04009467097e-07, 5.66645041999e-07, 6.64367632908e-07, 3.09059942083e-07], "min": [6.11019706929e-18, 4.62423492765e-18, 2.53371253248e-18, 8.97380122418e-19, 3.60850485342e-19, 8.16850781063e-19, 1.40504443899e-18, 1.41876260906e-18, 1.08510907263e-18, 8.87556111873e-19, 5.85435734366e-19, 2.28317720593e-19, 1.02582276338e-18, 2.44875095061e-18, 2.41667867672e-18, 2.23275754906e-18, 1.74384521018e-18, 7.03659592837e-19, 3.3125243791e-18, 2.78308970278e-18, 2.47802797442e-18, 1.86724318678e-18, 5.43046708779e-19, 1.17777573851e-18, 1.16837607162e-18, 3.73312168065e-19, 1.16846974982e-18, 1.57949290107e-18, 2.40243421298e-18, 4.4123628501e-19, 9.7614022784e-19, 9.42298924812e-19, 1.1681892322e-18, 1.49784241979e-18, 6.78879536431e-19, 1.32172512083e-18, 1.66245973689e-18, 1.09114376879e-18, 1.89688809916e-18, 1.20504571196e-18], "var": [6.66957930662e-07, 1.39823032441e-05, 2.60707952293e-06, 6.14314967606e-06, 1.00189731711e-06, 1.33987020945e-06, 1.70876859329e-07, 2.14708180124e-08, 3.41910073587e-08, 3.16456798544e-08, 7.85147875604e-08, 1.79181665061e-08, 5.08810273914e-08, 1.10201172632e-08, 9.09791442183e-09, 3.93332761917e-08, 9.42514759572e-08, 5.22672261027e-09, 1.18686627193e-09, 1.30066291071e-09, 7.48840767173e-10, 4.02724797954e-10, 6.76887212947e-10, 6.74281741553e-10, 9.36258848228e-10, 8.05139011018e-10, 1.92364513207e-10, 8.85660988992e-10, 2.42800640704e-10, 1.30048069535e-10, 1.85197621128e-11, 7.09673726035e-12, 3.15149317233e-12, 1.37425119028e-12, 1.07150063561e-12, 3.42476779358e-13, 1.24924072822e-12, 3.77451576938e-11, 1.14908506321e-10, 3.87061259779e-12]}, "mfcc": {"mean": [-639.636291504, 130.644363403, -7.96834897995, 16.8287525177, 6.37867546082, -2.0577340126, 9.0840473175, -12.4804296494, 2.72829055786, -11.6584215164, -8.25928401947, -6.93238115311, -8.23407840729], "cov": [[8023.33203125, 543.247802734, -339.85043335, 92.7918624878, -226.263778687, -243.490112305, 118.759254456, -264.479919434, -333.714233398, 30.7894992828, 28.5435848236, -248.842971802, -112.467498779], [543.247802734, 2206.14135742, -163.816879272, 286.242004395, -34.3578529358, 317.95111084, 126.32648468, 129.006286621, -112.842079163, 217.667251587, 70.2882080078, -32.3972206116, 51.1394462585], [-339.85043335, -163.816879272, 520.099731445, -42.1247291565, 124.350059509, -19.3400039673, 88.8757858276, 26.3487663269, 71.7627639771, -23.3693065643, 29.4705791473, 35.2231140137, 10.3054914474], [92.7918624878, 286.242004395, -42.1247291565, 314.013244629, -19.5486049652, 134.60848999, 31.6339187622, 77.6774597168, -9.40107059479, 80.7353363037, 24.2295684814, 10.7915201187, 60.4383926392], [-226.263778687, -34.3578529358, 124.350059509, -19.5486049652, 209.698684692, 60.9558525085, 61.5635070801, 32.6994895935, 73.7362060547, 12.1485338211, 54.5476951599, 50.6079864502, -1.67762565613], [-243.490112305, 317.95111084, -19.3400039673, 134.60848999, 60.9558525085, 280.264282227, 83.8074493408, 110.350341797, 4.74612426758, 84.4639282227, 61.4643287659, 52.5843734741, 44.6891899109], [118.759254456, 126.32648468, 88.8757858276, 31.6339187622, 61.5635070801, 83.8074493408, 135.698318481, 53.6776237488, 17.674829483, 30.3592319489, 41.4106445312, 20.2963657379, 14.3023967743], [-264.479919434, 129.006286621, 26.3487663269, 77.6774597168, 32.6994895935, 110.350341797, 53.6776237488, 144.809173584, 37.1350097656, 52.2118873596, 38.7030830383, 34.5469436646, 42.5180015564], [-333.714233398, -112.842079163, 71.7627639771, -9.40107059479, 73.7362060547, 4.74612426758, 17.674829483, 37.1350097656, 120.524787903, 14.4790019989, 18.4513092041, 36.8882446289, 4.15164613724], [30.7894992828, 217.667251587, -23.3693065643, 80.7353363037, 12.1485338211, 84.4639282227, 30.3592319489, 52.2118873596, 14.4790019989, 114.814796448, 48.0423698425, 13.7553987503, 24.5286331177], [28.5435848236, 70.2882080078, 29.4705791473, 24.2295684814, 54.5476951599, 61.4643287659, 41.4106445312, 38.7030830383, 18.4513092041, 48.0423698425, 95.9122009277, 48.3288650513, 11.7286081314], [-248.842971802, -32.3972206116, 35.2231140137, 10.7915201187, 50.6079864502, 52.5843734741, 20.2963657379, 34.5469436646, 36.8882446289, 13.7553987503, 48.3288650513, 109.154647827, 35.8795471191], [-112.467498779, 51.1394462585, 10.3054914474, 60.4383926392, -1.67762565613, 44.6891899109, 14.3023967743, 42.5180015564, 4.15164613724, 24.5286331177, 11.7286081314, 35.8795471191, 90.5177536011]], "icov": [[0.000183922762517, -1.21567736642e-05, 0.000128983345348, -0.000143893586937, 2.07440825761e-05, 0.000315708690323, -0.00048988458002, 0.0002897575323, 0.000350729271304, -8.58282583067e-05, -0.000322188949212, 0.000242725582211, 5.53065256099e-05], [-1.21567736642e-05, 0.000688103726134, 8.55674006743e-05, -0.000165302364621, -2.38718348555e-05, -0.000384126324207, -0.000332800089382, -9.93959329207e-05, 0.000666959909722, -0.000956424104515, 0.000176328569069, 0.000240296285483, 9.57325464697e-05], [0.000128983345348, 8.55674006743e-05, 0.00277592800558, -9.88648462226e-05, -0.00104926759377, 0.00106821767986, -0.00212035491131, -3.55174120159e-06, -0.000366468593711, 0.000613436801359, -0.000363481638487, 0.000179706330528, -0.000521802168805], [-0.000143893586937, -0.000165302364621, -9.88648462226e-05, 0.00507087213919, 0.000709651969373, -0.00180333224125, 0.000659524172079, -0.00087073398754, -0.000296282640193, -0.00156186381355, 0.000524056784343, 0.000609325710684, -0.00212428672239], [2.07440825761e-05, -2.38718348555e-05, -0.00104926759377, 0.000709651969373, 0.00864565838128, -0.00202893302776, -0.00149150949437, 0.00127618410625, -0.00423575378954, 0.00140552886296, -0.00306310784072, -0.000536175328307, 0.000905867607798], [0.000315708690323, -0.000384126324207, 0.00106821767986, -0.00180333224125, -0.00202893302776, 0.00863096583635, -0.00308902747929, -0.0029056284111, 0.00288297794759, -0.00206155027263, -6.18952471996e-05, -0.00214546499774, 0.000530751887709], [-0.00048988458002, -0.000332800089382, -0.00212035491131, 0.000659524172079, -0.00149150949437, -0.00308902747929, 0.0132627226412, -0.00257760914974, -0.000551881501451, 0.000660049670842, -0.00159443705343, 0.000835827493574, -0.000285288115265], [0.0002897575323, -9.93959329207e-05, -3.55174120159e-06, -0.00087073398754, 0.00127618410625, -0.0029056284111, -0.00257760914974, 0.0132746258751, -0.00353337428533, -0.000834166945424, -0.00191262748558, 0.000976960756816, -0.00312325311825], [0.000350729271304, 0.000666959909722, -0.000366468593711, -0.000296282640193, -0.00423575378954, 0.00288297794759, -0.000551881501451, -0.00353337428533, 0.014778573066, -0.00403509428725, 0.0023943844717, -0.0032405173406, 0.00193340959959], [-8.58282583067e-05, -0.000956424104515, 0.000613436801359, -0.00156186381355, 0.00140552886296, -0.00206155027263, 0.000660049670842, -0.000834166945424, -0.00403509428725, 0.0170944742858, -0.00765614025295, 0.00321330688894, -0.00199078349397], [-0.000322188949212, 0.000176328569069, -0.000363481638487, 0.000524056784343, -0.00306310784072, -6.18952471996e-05, -0.00159443705343, -0.00191262748558, 0.0023943844717, -0.00765614025295, 0.0208000987768, -0.00825833342969, 0.00285883480683], [0.000242725582211, 0.000240296285483, 0.000179706330528, 0.000609325710684, -0.000536175328307, -0.00214546499774, 0.000835827493574, 0.000976960756816, -0.0032405173406, 0.00321330688894, -0.00825833342969, 0.0168479792774, -0.00613344088197], [5.53065256099e-05, 9.57325464697e-05, -0.000521802168805, -0.00212428672239, 0.000905867607798, 0.000530751887709, -0.000285288115265, -0.00312325311825, 0.00193340959959, -0.00199078349397, 0.00285883480683, -0.00613344088197, 0.0163184050471]]}, "spectral_contrast_coeffs": {"dmean": [0.0515798404813, 0.0471992492676, 0.0382219813764, 0.0303914137185, 0.0226682052016, 0.0158563517034], "dmean2": [0.0827552229166, 0.0723509564996, 0.0608096458018, 0.0492886528373, 0.037846237421, 0.0259225424379], "dvar": [0.00167003367096, 0.00136393064167, 0.000895423407201, 0.000567163864616, 0.000335473625455, 0.000170772895217], "dvar2": [0.00451937969774, 0.00328400591388, 0.002214751672, 0.00144868227653, 0.000907760520931, 0.000444623496151], "max": [-0.240692228079, -0.414773285389, -0.49315688014, -0.490587949753, -0.596830248833, -0.589028775692], "mean": [-0.557890951633, -0.687514364719, -0.730553090572, -0.744261205196, -0.749080955982, -0.740997970104], "median": [-0.562193214893, -0.690765500069, -0.731811106205, -0.746420860291, -0.747907996178, -0.739407300949], "min": [-0.955652058125, -0.971397697926, -0.950969696045, -0.973529815674, -0.963021159172, -0.95141774416], "var": [0.0108219254762, 0.00713402358815, 0.00404666550457, 0.00326374801807, 0.0029612951912, 0.00133206043392]}, "spectral_contrast_valleys": {"dmean": [0.408857017756, 0.316524624825, 0.284138143063, 0.235600844026, 0.182470858097, 0.224347308278], "dmean2": [0.677030742168, 0.510196566582, 0.449913829565, 0.35873401165, 0.26210218668, 0.273504763842], "dvar": [0.125668525696, 0.0681272000074, 0.0599707737565, 0.0414529293776, 0.0308229420334, 0.0714436993003], "dvar2": [0.33261692524, 0.163045331836, 0.137106522918, 0.0825854465365, 0.055458355695, 0.135076165199], "max": [-5.19735813141, -5.08495950699, -5.57922506332,