{"lowlevel": {"average_loudness": 0.965516388416, "barkbands_crest": {"dmean": 3.14035081863, "dmean2": 4.75667333603, "dvar": 12.1245651245, "dvar2": 26.9660205841, "max": 26.4986915588, "mean": 16.3622627258, "median": 17.7993946075, "min": 2.56839823723, "var": 40.2120285034}, "barkbands_flatness_db": {"dmean": 0.0495446436107, "dmean2": 0.0703196972609, "dvar": 0.00296425656416, "dvar2": 0.00580893084407, "max": 0.919506490231, "mean": 0.266499936581, "median": 0.235104218125, "min": 0.0136483870447, "var": 0.0207455009222}, "barkbands_kurtosis": {"dmean": 29.1113929749, "dmean2": 45.6000213623, "dvar": 5617.58007812, "dvar2": 13017.6699219, "max": 1551.31201172, "mean": 39.8775100708, "median": 7.0555639267, "min": -1.96813595295, "var": 8406.31152344}, "barkbands_skewness": {"dmean": 1.59890472889, "dmean2": 2.34126067162, "dvar": 4.72707080841, "dvar2": 9.88093566895, "max": 29.9818477631, "mean": 3.56297707558, "median": 2.40340518951, "min": -2.30737519264, "var": 13.4342403412}, "barkbands_spread": {"dmean": 6.33727455139, "dmean2": 9.73544979095, "dvar": 111.554901123, "dvar2": 245.729812622, "max": 136.652481079, "mean": 13.7725496292, "median": 10.71758461, "min": 0.0417536273599, "var": 205.77255249}, "dissonance": {"dmean": 0.0267959516495, "dmean2": 0.0457629188895, "dvar": 0.00137593911495, "dvar2": 0.00382250593975, "max": 0.499941468239, "mean": 0.449552744627, "median": 0.470045357943, "min": 0.0324995443225, "var": 0.00301822158508}, "dynamic_complexity": 4.3674287796, "erbbands_crest": {"dmean": 2.68459820747, "dmean2": 4.34040498734, "dvar": 8.69690418243, "dvar2": 21.165687561, "max": 32.5585708618, "mean": 10.0971813202, "median": 8.65779685974, "min": 2.28986215591, "var": 31.7276878357}, "erbbands_flatness_db": {"dmean": 0.0231777522713, "dmean2": 0.0335863158107, "dvar": 0.000724743527826, "dvar2": 0.00146324897651, "max": 0.538030207157, "mean": 0.198737516999, "median": 0.184968590736, "min": 0.0411560758948, "var": 0.00667589344084}, "erbbands_kurtosis": {"dmean": 2.87239742279, "dmean2": 4.52092123032, "dvar": 102.548851013, "dvar2": 240.313995361, "max": 295.755828857, "mean": 3.73693490028, "median": 0.0607690811157, "min": -1.90439987183, "var": 206.176498413}, "erbbands_skewness": {"dmean": 0.553547024727, "dmean2": 0.845361948013, "dvar": 0.554985463619, "dvar2": 1.18862056732, "max": 13.4038476944, "mean": 0.332628369331, "median": 0.114992842078, "min": -3.34764623642, "var": 1.98830342293}, "erbbands_spread": {"dmean": 10.2482614517, "dmean2": 15.8543739319, "dvar": 198.578033447, "dvar2": 444.277038574, "max": 228.252624512, "mean": 38.0595817566, "median": 35.8826217651, "min": 0.56050413847, "var": 661.344726562}, "hfc": {"dmean": 9.15124416351, "dmean2": 13.2527198792, "dvar": 398.954864502, "dvar2": 806.813415527, "max": 433.82711792, "mean": 18.4552326202, "median": 10.3395366669, "min": 1.12342959176e-16, "var": 655.926879883}, "melbands_crest": {"dmean": 4.14794254303, "dmean2": 6.03687953949, "dvar": 18.7093410492, "dvar2": 38.9059371948, "max": 37.4778251648, "mean": 24.3025779724, "median": 26.7652683258, "min": 1.61003303528, "var": 77.7715530396}, "melbands_flatness_db": {"dmean": 0.0564468428493, "dmean2": 0.0796878486872, "dvar": 0.00378232449293, "dvar2": 0.00738369766623, "max": 1, "mean": 0.360359579325, "median": 0.326877385378, "min": 0.00429444713518, "var": 0.0293441582471}, "melbands_kurtosis": {"dmean": 49.1810340881, "dmean2": 74.4029083252, "dvar": 10780.8173828, "dvar2": 22305.0644531, "max": 2319.46923828, "mean": 79.3692092896, "median": 19.1701068878, "min": -1.76151764393, "var": 23911.90625}, "melbands_skewness": {"dmean": 1.9060305357, "dmean2": 2.83330512047, "dvar": 6.19700670242, "dvar2": 12.9440984726, "max": 37.5112571716, "mean": 5.27019548416, "median": 3.71854639053, "min": -0.814994931221, "var": 21.91822052}, "melbands_spread": {"dmean": 5.8333029747, "dmean2": 9.08040237427, "dvar": 74.0606079102, "dvar2": 167.096069336, "max": 143.120986938, "mean": 12.7546100616, "median": 8.59387397766, "min": 0.0760463103652, "var": 190.132369995}, "pitch_salience": {"dmean": 0.0909590944648, "dmean2": 0.140296638012, "dvar": 0.0100143468007, "dvar2": 0.0235714893788, "max": 0.931103467941, "mean": 0.359277844429, "median": 0.348712593317, "min": 0.0380885712802, "var": 0.0289147943258}, "silence_rate_20dB": {"dmean": 0, "dmean2": 0, "dvar": 0, "dvar2": 0, "max": 1, "mean": 1, "median": 1, "min": 1, "var": 0}, "silence_rate_30dB": {"dmean": 0.124499298632, "dmean2": 0.249025553465, "dvar": 0.109000384808, "dvar2": 0.200653195381, "max": 1, "mean": 0.787616372108, "median": 1, "min": 0, "var": 0.167295381427}, "silence_rate_60dB": {"dmean": 0.0147233949974, "dmean2": 0.0294499788433, "dvar": 0.0145050771534, "dvar2": 0.0368106178939, "max": 1, "mean": 0.0331240519881, "median": 0, "min": 0, "var": 0.0320279635489}, "spectral_centroid": {"dmean": 287.410186768, "dmean2": 428.735748291, "dvar": 169039.65625, "dvar2": 328082.0625, "max": 11366.6630859, "mean": 1128.70324707, "median": 977.52142334, "min": 55.0050773621, "var": 683880.8125}, "spectral_complexity": {"dmean": 3.79495501518, "dmean2": 5.36487674713, "dvar": 28.9511814117, "dvar2": 53.6464042664, "max": 58, "mean": 13.351483345, "median": 11, "min": 0, "var": 118.934280396}, "spectral_decrease": {"dmean": 8.1152080611e-09, "dmean2": 1.17275948952e-08, "dvar": 1.57511679303e-16, "dvar2": 3.20378645005e-16, "max": 9.27768120977e-29, "mean": -1.6510185219e-08, "median": -9.98021931764e-09, "min": -8.59790532104e-08, "var": 2.93153073787e-16}, "spectral_energy": {"dmean": 0.0310939960182, "dmean2": 0.0447751916945, "dvar": 0.00225983397104, "dvar2": 0.00458534481004, "max": 0.326476871967, "mean": 0.0639871507883, "median": 0.0392248481512, "min": 9.96552628439e-21, "var": 0.00428654998541}, "spectral_energyband_high": {"dmean": 0.000536580744665, "dmean2": 0.00081640976714, "dvar": 2.85273063128e-06, "dvar2": 6.08250184087e-06, "max": 0.0343564897776, "mean": 0.000609709590208, "median": 6.56277916278e-05, "min": 7.00864559241e-21, "var": 3.37531218975e-06}, "spectral_energyband_low": {"dmean": 0.0287567898631, "dmean2": 0.0424157045782, "dvar": 0.00240364577621, "dvar2": 0.00497967237607, "max": 0.32197496295, "mean": 0.0483936034143, "median": 0.0260218288749, "min": 2.79275503783e-23, "var": 0.00377714028582}, "spectral_energyband_middle_high": {"dmean": 0.00308314082213, "dmean2": 0.004710520152, "dvar": 7.0272370067e-05, "dvar2": 0.000131299719214, "max": 0.115995295346, "mean": 0.00578922359273, "median": 0.00177542422898, "min": 1.2707414738e-21, "var": 0.000155167275807}, "spectral_energyband_middle_low": {"dmean": 0.00420360965654, "dmean2": 0.00666186260059, "dvar": 5.41196859558e-05, "dvar2": 0.000132971428684, "max": 0.0784654170275, "mean": 0.0101461429149, "median": 0.00529041979462, "min": 2.14148699927e-22, "var": 0.00016499425692}, "spectral_entropy": {"dmean": 0.275282353163, "dmean2": 0.404059022665, "dvar": 0.114474229515, "dvar2": 0.231550887227, "max": 9.82425689697, "mean": 6.97466039658, "median": 7.1631860733, "min": 3.15115475655, "var": 0.910101830959}, "spectral_flux": {"dmean": 0.0539712011814, "dmean2": 0.0839854106307, "dvar": 0.00376119907014, "dvar2": 0.00847042445093, "max": 0.487199962139, "mean": 0.104769669473, "median": 0.0795183777809, "min": 6.44813855089e-11, "var": 0.00775479990989}, "spectral_kurtosis": {"dmean": 6.47156953812, "dmean2": 10.7384243011, "dvar": 185.951004028, "dvar2": 469.805908203, "max": 247.923309326, "mean": 13.4005041122, "median": 5.04245233536, "min": -1.25889587402, "var": 582.536071777}, "spectral_rms": {"dmean": 0.00171244400553, "dmean2": 0.00232373457402, "dvar": 4.27126315117e-06, "dvar2": 7.48185129851e-06, "max": 0.0178469605744, "mean": 0.00696130143479, "median": 0.00618612486869, "min": 3.11808673499e-12, "var": 1.39669446071e-05}, "spectral_rolloff": {"dmean": 413.443603516, "dmean2": 704.61517334, "dvar": 1343010.25, "dvar2": 3115436.75, "max": 19702.8808594, "mean": 737.581970215, "median": 322.998046875, "min": 43.06640625, "var": 2042063}, "spectral_skewness": {"dmean": 0.506416261196, "dmean2": 0.81603294611, "dvar": 0.509923577309, "dvar2": 1.20573914051, "max": 13.5988302231, "mean": 2.14365768433, "median": 1.54925656319, "min": -0.0407055169344, "var": 3.0540895462}, "spectral_spread": {"dmean": 587800.9375, "dmean2": 888355.8125, "dvar": 1111354114050.0, "dvar2": 2100420411390.0, "max": 42436508, "mean": 3594826.5, "median": 3251560, "min": 332978.875, "var": 6109969514500.0}, "spectral_strongpeak": {"dmean": 0.375785976648, "dmean2": 0.635342657566, "dvar": 0.84699857235, "dvar2": 2.03707885742, "max": 9.61957359314, "mean": 0.641828179359, "median": 0.407193899155, "min": 3.97728017187e-10, "var": 0.985299050808}, "zerocrossingrate": {"dmean": 0.0101518305019, "dmean2": 0.0122807277367, "dvar": 0.000281815504422, "dvar2": 0.000416457594838, "max": 0.51025390625, "mean": 0.0304271951318, "median": 0.02294921875, "min": 0.00146484375, "var": 0.0012480802834}, "barkbands": {"dmean": [0.00133993593045, 0.0276905912906, 0.00163485959638, 0.000785036303569, 0.00156790134497, 0.000727870676201, 0.000549652497284, 0.000986547442153, 0.000571837532334, 0.00170435244218, 0.000473946041893, 0.000303688895656, 0.000415427028202, 0.000371777045075, 0.000182861316716, 0.000120129756397, 0.000108723579615, 0.000103221187601, 0.000120020304166, 0.000143534096424, 0.000132734305225, 9.58278105827e-05, 5.76148559048e-05, 5.87409667787e-05, 5.1592480304e-05, 6.17073092144e-05, 2.31716985581e-05], "dmean2": [0.00182606757153, 0.041401669383, 0.00302883866243, 0.00134278170299, 0.00259090983309, 0.00115771696437, 0.000941108737607, 0.00154895090964, 0.000931527640205, 0.00270433374681, 0.000749240280129, 0.000473805877846, 0.000644150539301, 0.00057671754621, 0.000293388555292, 0.000192000661627, 0.000167933481862, 0.000159874107339, 0.000181035691639, 0.000222738046432, 0.000213423947571, 0.000152395572513, 8.59235515236e-05, 8.98009311641e-05, 7.84803050919e-05, 9.30294336285e-05, 3.58761899406e-05], "dvar": [2.43204590333e-06, 0.00237890100107, 2.01892125915e-05, 1.84904502021e-06, 8.08585537015e-06, 1.28033082092e-06, 1.03170953025e-06, 8.7594071374e-06, 2.03801823773e-06, 5.78918370593e-05, 1.68842382209e-06, 8.2491936837e-07, 1.22438837025e-06, 8.29910902667e-07, 1.23210881497e-07, 4.30880824354e-08, 6.38237978023e-08, 4.32752287338e-08, 8.3007456908e-08, 1.34986322564e-07, 1.17839526581e-07, 6.67041248903e-08, 2.65265143184e-08, 4.30267022011e-08, 1.23517295947e-07, 2.58972249867e-07, 2.88869799192e-08], "dvar2": [4.77981984659e-06, 0.00511936936527, 5.7334855228e-05, 6.06709363637e-06, 2.19276098505e-05, 3.14034559779e-06, 2.61909644905e-06, 1.91584513232e-05, 5.13628310728e-06, 0.000106698280433, 3.98261863666e-06, 1.73585056018e-06, 2.81216148323e-06, 1.87155342246e-06, 2.90021745286e-07, 1.04404172419e-07, 1.33076781594e-07, 9.65275432918e-08, 1.76172932242e-07, 3.27387652987e-07, 2.93345522095e-07, 1.65950325481e-07, 5.56848043232e-08, 9.27324776967e-08, 2.61236976939e-07, 5.30783495378e-07, 5.57546719904e-08], "max": [0.0133561743423, 0.31714785099, 0.0327622741461, 0.0115634659305, 0.0371320061386, 0.0210749283433, 0.016612123698, 0.0330267362297, 0.0220332033932, 0.113025456667, 0.0247040130198, 0.0260423701257, 0.0199168734252, 0.0155885796994, 0.00752198463306, 0.00354554201476, 0.00341260922141, 0.00714224111289, 0.00259762722999, 0.00392779288813, 0.0030926882755, 0.00314379087649, 0.00350663531572, 0.00524648465216, 0.00880032218993, 0.0121037811041, 0.00402521993965], "mean": [0.00276330253109, 0.0438996888697, 0.00128733424935, 0.00113234331366, 0.00289832381532, 0.00155267154332, 0.000896625628229, 0.00185162771959, 0.00085968413623, 0.0028970700223, 0.000735428533517, 0.000425240636105, 0.000608379370533, 0.000534769555088, 0.00028093639412, 0.000170867075212, 0.000161690288223, 0.000175288660103, 0.000163175121997, 0.00018291696324, 0.000153207714902, 0.000101933233964, 6.95293056197e-05, 5.95143355895e-05, 4.93400730193e-05, 5.55287406314e-05, 2.08931633097e-05], "median": [0.00191212445498, 0.0217249505222, 0.000408777385019, 0.00061839731643, 0.000947468914092, 0.00069483043626, 0.000283479108475, 0.000234794337302, 0.000250406330451, 0.000123958845506, 0.00011363280646, 7.01420358382e-05, 6.35193428025e-05, 9.94023284875e-05, 8.39440326672e-05, 6.80235389154e-05, 5.22214759258e-05, 5.17737607879e-05, 3.30891198246e-05, 3.19655664498e-05, 1.49004326886e-05, 9.52690788836e-06, 5.309363587e-06, 2.2845320018e-06, 4.09698600379e-07, 1.29149327677e-07, 6.96113744425e-08], "min": [1.13155302789e-24, 7.77923585428e-24, 1.69321301912e-24, 2.7099478353e-24, 1.12901054892e-23, 7.6384241827e-24, 2.10811796209e-23, 1.28041891015e-23, 2.32712357764e-23, 2.09406740274e-23, 1.40001211665e-23, 5.24860304472e-23, 5.56553485537e-23, 5.30703838959e-23, 6.45454701676e-23, 1.04198320875e-22, 6.42567344545e-23, 1.06667651146e-22, 1.76483734524e-22, 2.08480526063e-22, 3.10337930601e-22, 2.71744103571e-22, 4.80700735589e-22, 6.20482192694e-22, 9.88731449955e-22, 1.40419745289e-21, 2.21914302213e-21], "var": [6.50791798762e-06, 0.00350924720988, 1.19516862469e-05, 2.15313480112e-06, 1.9495628294e-05, 4.14567193729e-06, 2.20403103413e-06, 2.12438881135e-05, 2.92529239232e-06, 0.000129802996526, 4.67473682875e-06, 1.63268668985e-06, 2.88604337584e-06, 1.37683514367e-06, 2.64691209395e-07, 7.04358740222e-08, 9.21272729215e-08, 9.02994088392e-08, 1.17713582881e-07, 1.5967964373e-07, 1.26817809587e-07, 6.95028603559e-08, 3.80157096913e-08, 5.03889019399e-08, 1.33714934236e-07, 2.79714498674e-07, 3.35224186188e-08]}, "erbbands": {"dmean": [1.0216780901, 5.59535169601, 3.3399875164, 1.8326818943, 5.43504953384, 5.04706001282, 5.19628715515, 6.06523656845, 7.0895280838, 18.629776001, 12.3913431168, 11.5299043655, 44.1408729553, 38.7553405762, 17.0618000031, 11.2431411743, 19.1730499268, 14.7721252441, 15.3828372955, 6.99366521835, 5.95590686798, 6.4183754921, 5.55846118927, 6.5223493576, 5.97281885147, 5.83773040771, 5.57740306854, 5.50810003281, 3.57639575005, 2.12850046158, 1.73747348785, 1.34308683872, 0.992323696613, 0.550523519516, 0.396016567945, 0.287263453007, 0.109178192914, 0.0269759371877, 0.00398969138041, 0.000208304205444], "dmean2": [1.47946357727, 8.68028736115, 5.42493772507, 3.15964150429, 9.28921794891, 8.33919239044, 8.10760116577, 9.87586593628, 12.0374355316, 29.5191612244, 19.4068317413, 18.7210865021, 72.8712692261, 57.4134368896, 27.1483039856, 17.7225894928, 29.5652809143, 23.1041870117, 23.9219932556, 11.0271234512, 9.47824668884, 9.79742050171, 8.44094848633, 9.68296718597, 9.26926422119, 8.94555950165, 8.80899524689, 8.87184333801, 5.69549036026, 3.28723311424, 2.61693882942, 2.01042509079, 1.53497588634, 0.837267875671, 0.608408212662, 0.436888128519, 0.164436489344, 0.0415779016912, 0.00616983184591, 0.000308038754156], "dvar": [2.32854509354, 134.099411011, 72.8543930054, 7.99310684204, 81.881652832, 100.023872375, 102.765075684, 97.1179504395, 149.907226562, 2633.28491211, 1101.06286621, 703.682739258, 39857.625, 16961.2558594, 1403.46472168, 1061.02978516, 2624.90307617, 1046.99121094, 1278.23608398, 129.662902832, 108.158905029, 271.969146729, 120.839248657, 183.452072144, 243.006500244, 210.965759277, 200.976593018, 213.488372803, 89.2390365601, 33.4747581482, 27.0038318634, 17.2412834167, 14.1054830551, 9.75210475922, 9.40230846405, 5.37572050095, 0.843614697456, 0.0443353764713, 0.000873363111168, 1.76705918875e-06], "dvar2": [5.03897953033, 298.693603516, 179.68157959, 25.0085411072, 250.878982544, 266.107391357, 247.141891479, 245.347198486, 406.31161499, 5563.1484375, 2494.62695312, 1745.36425781, 86772.75, 30346, 3358.62866211, 2448.9387207, 5905.23242188, 2538.74609375, 2831.7746582, 311.446075439, 264.169647217, 565.853088379, 256.286865234, 397.777709961, 572.462524414, 502.412994385, 490.419067383, 534.490661621, 225.066757202, 75.9730682373, 58.1936569214, 37.7371444702, 30.5667629242, 20.299533844, 20.9881515503, 11.3017110825, 1.7320420742, 0.0865188017488, 0.00170687527861, 3.37088022206e-06], "max": [11.0006742477, 70.7436981201, 68.9111557007, 25.1854400635, 118.916519165, 111.522293091, 162.147979736, 135.996231079, 205.164962769, 625.938781738, 396.53817749, 618.266357422, 3266.44042969, 1599.60766602, 612.619934082, 1209.60131836, 979.580688477, 976.676757812, 540.604370117, 242.214385986, 232.541442871, 227.376800537, 344.640228271, 231.279006958, 143.189544678, 181.946044922, 124.892822266, 109.251678467, 137.428497314, 108.823165894, 129.043884277, 92.3170776367, 91.5677719116, 82.2295303345, 69.8935546875, 51.5226173401, 22.3212966919, 4.95809364319, 0.759105741978, 0.0309421122074], "mean": [1.88626182079, 7.27755832672, 3.12724256516, 2.78196191788, 8.11447238922, 8.86787128448, 11.1122550964, 11.9877347946, 12.0069131851, 32.9547233582, 24.7380428314, 18.9130783081, 78.0955352783, 62.5036125183, 25.607170105, 17.0714607239, 28.9038524628, 22.4897994995, 24.5042877197, 11.019859314, 9.03731632233, 9.58469772339, 9.52607822418, 9.89850521088, 7.49548053741, 7.70121526718, 6.84132766724, 6.06013059616, 3.81339645386, 2.42339205742, 2.02514886856, 1.44276809692, 0.97484099865, 0.541735112667, 0.362483888865, 0.257423430681, 0.0972528979182, 0.024094607681, 0.00358657399192, 0.000243546586717], "median": [1.19868350029, 2.28485393524, 0.692405343056, 1.9073703289, 3.738530159, 2.15722131729, 2.66724872589, 5.76743984222, 4.27527046204, 5.56868314743, 4.70802688599, 6.34147357941, 5.49439716339, 4.65707397461, 6.73554420471, 3.96805119514, 3.66047358513, 6.60357570648, 6.735476017, 4.90731525421, 4.44017314911, 3.1635594368, 3.12578439713, 2.3894302845, 1.59943342209, 1.50044631958, 0.891088008881, 0.479616045952, 0.374183297157, 0.216643661261, 0.151912003756, 0.0648013502359, 0.0309318136424, 0.00831943005323, 0.00175016955473, 0.000609398819506, 0.000256805215031, 6.71355446684e-05, 4.75583365187e-05, 6.39827485429e-05], "min": [1.380582441e-22, 1.32153775472e-21, 4.69356537119e-21, 7.25592251236e-21, 1.53339090728e-20, 3.5550561904e-20, 8.3501246199e-20, 8.45856476703e-20, 1.72825391546e-19, 1.84289067936e-19, 5.25002590897e-19, 4.81424338083e-19, 1.01622095423e-18, 5.40452877173e-19, 1.31010519777e-18, 1.7966133362e-18, 2.77287112709e-18, 2.15450378157e-18, 3.1837207772e-18, 4.76059937394e-18, 5.23003264337e-18, 4.3078830111e-18, 6.59183952456e-18, 8.55318484578e-18, 9.78145871992e-18, 1.04242533293e-17, 1.15313692319e-17, 1.27781380374e-17, 9.57318043194e-18, 1.1106390303e-17, 1.17157519264e-17, 1.30887948154e-17, 9.97364007317e-18, 8.07410086014e-18, 7.10457735342e-18, 4.84429598986e-18, 2.58954370831e-18, 1.01593847205e-18, 2.69964170634e-19, 2.99593056392e-20], "var": [4.41271972656, 157.656845093, 60.612613678, 8.16756153107, 122.683181763, 222.607467651, 328.963012695, 262.32131958, 297.633117676, 6102.82128906, 3344.69995117, 1211.92578125, 92994.53125, 37310.09375, 2324.94604492, 1937.6295166, 6432.98681641, 1590.35351562, 2450.04003906, 233.726516724, 158.585861206, 370.240722656, 236.938491821, 329.425598145, 278.90625, 264.740325928, 233.970581055, 219.570388794, 91.0648574829, 42.8416633606, 36.0407066345, 21.0218753815, 15.9977807999, 11.044424057, 9.33428096771, 5.63004255295, 0.90750849247, 0.0511243343353, 0.000998726347461, 2.13546786654e-06]}, "gfcc": {"mean": [-75.4144973755, 128.380004883, -103.970733643, 43.1818618774, -26.6204166412, 16.2130451202, -8.87988090515, 2.72182846069, -2.95634055138, -0.141984060407, -2.60147285461, -4.51735782623, -0.0200205892324], "cov": [[16560.2285156, -665.761108398, -3040.46728516, -219.091690063, -2734.46435547, -197.743164062, -977.636474609, 229.340286255, -236.528900146, 263.793640137, 187.224212646, 377.322692871, 139.616943359], [-665.761108398, 3365.40429688, -392.361877441, -843.964416504, -12.9141931534, -512.370117188, 453.679321289, -256.703491211, 105.087158203, -173.61869812, 327.264892578, -126.8021698, 227.414367676], [-3040.46728516, -392.361877441, 2501.80371094, 422.40826416, 1020.13232422, 316.626678467, 298.502990723, 146.350418091, 49.1818656921, 115.114959717, -220.996643066, -57.9326972961, -9.31465435028], [-219.091690063, -843.964416504, 422.40826416, 1107.35095215, 327.87789917, 265.212036133, 11.8866062164, 96.3447875977, 157.935043335, -6.24191808701, 7.89737272263, -8.82241535187, -31.3642787933], [-2734.46435547, -12.9141931534, 1020.13232422, 327.87789917, 1305.12121582, 389.350830078, 328.314941406, 125.381118774, 202.449874878, -8.60314369202, -82.3983459473, -116.860374451, -16.1106643677], [-197.743164062, -512.370117188, 316.626678467, 265.212036133, 389.350830078, 461.211212158, 102.997779846, 141.712234497, 66.1750869751, 22.2361469269, -47.368812561, -4.55337285995, -34.8463401794], [-977.636474609, 453.679321289, 298.502990723, 11.8866062164, 328.314941406, 102.997779846, 331.567657471, 45.3162841797, 88.8115386963, -31.0310001373, 35.5171966553, -29.7371578217, 32.0208282471], [229.340286255, -256.703491211, 146.350418091, 96.3447875977, 125.381118774, 141.712234497, 45.3162841797, 175.979248047, 52.4472312927, 35.5904922485, -21.9582309723, 21.080537796, -4.311647892], [-236.528900146, 105.087158203, 49.1818656921, 157.935043335, 202.449874878, 66.1750869751, 88.8115386963, 52.4472312927, 188.432434082, 4.03694105148, 21.1861419678, -4.88831806183, 22.3248691559], [263.793640137, -173.61869812, 115.114959717, -6.24191808701, -8.60314369202, 22.2361469269, -31.0310001373, 35.5904922485, 4.03694105148, 132.685424805, 4.58083724976, 3.24651265144, -2.11969280243], [187.224212646, 327.264892578, -220.996643066, 7.89737272263, -82.3983459473, -47.368812561, 35.5171966553, -21.9582309723, 21.1861419678, 4.58083724976, 210.982788086, 9.79762744904, 4.4028506279], [377.322692871, -126.8021698, -57.9326972961, -8.82241535187, -116.860374451, -4.55337285995, -29.7371578217, 21.080537796, -4.88831806183, 3.24651265144, 9.79762744904, 106.728935242, 10.3316335678], [139.616943359, 227.414367676, -9.31465435028, -31.3642787933, -16.1106643677, -34.8463401794, 32.0208282471, -4.311647892, 22.3248691559, -2.11969280243, 4.4028506279, 10.3316335678, 90.6567840576]], "icov": [[0.000149588930071, -0.000134864021675, 0.000116991024697, -0.000125990380184, 0.000259437976638, -0.00025296540116, 0.000319701764965, -0.000408912950661, 0.000111500594357, -0.000344203843269, 0.000159176168381, -0.00017932902847, -0.000129933046992], [-0.000134864021675, 0.00139432412107, -0.000222513175686, 0.000989347230643, -0.000204399620998, 0.00100246164948, -0.0014771920396, 0.00112608191557, -0.00104451272637, 0.00152932037599, -0.00176282727625, 0.00152504770085, -0.00184146920219], [0.000116991024697, -0.000222513175686, 0.000948437082116, -0.000519911234733, -0.00042534986278, 3.79006123694e-05, -0.000311195472023, -0.000444669421995, 0.00106040411629, -0.00140972575173, 0.00105729745701, -0.000680087949149, 5.53926620341e-05], [-0.000125990380184, 0.000989347230643, -0.000519911234733, 0.00207304651849, -7.56716326578e-05, 2.83076624328e-05, -0.000244677125011, 0.000814277969766, -0.00203283270821, 0.00188455544412, -0.00181884411722, 0.0013144412078, -0.00101819681004], [0.000259437976638, -0.000204399620998, -0.00042534986278, -7.56716326578e-05, 0.00253222230822, -0.00147818797268, -8.46099865157e-05, -0.000544702867046, -0.00141695898492, 0.000122380981338, 0.000336220808094, 0.00128545146435, 0.000118081050459], [-0.00025296540116, 0.00100246164948, 3.79006123694e-05, 2.83076624328e-05, -0.00147818797268, 0.00505758216605, -0.00203187321313, -0.00104737991933, 0.000186054778169, 0.000652992923278, -0.000554523721803, 0.000367189757526, 0.000192299150513], [0.000319701764965, -0.0014771920396, -0.000311195472023, -0.000244677125011, -8.46099865157e-05, -0.00203187321313, 0.00745525071397, -0.00226589594968, -0.000547884381376, 0.000414662441472, -0.000205188494874, -0.000728215614799, -0.000202918541618], [-0.000408912950661, 0.00112608191557, -0.000444669421995, 0.000814277969766, -0.000544702867046, -0.00104737991933, -0.00226589594968, 0.0104166679084, -0.00248048407957, -0.000367777596693, -0.000562167668249, -0.000727647799067, -0.000450191408163], [0.000111500594357, -0.00104451272637, 0.00106040411629, -0.00203283270821, -0.00141695898492, 0.000186054778169, -0.000547884381376, -0.00248048407957, 0.00979489739984, -0.00249020894989, 0.00120392534882, -0.00196624989621, -0.000555300095584], [-0.000344203843269, 0.00152932037599, -0.00140972575173, 0.00188455544412, 0.000122380981338, 0.000652992923278, 0.000414662441472, -0.000367777596693, -0.00249020894989, 0.0117284683511, -0.0036227114033, 0.00282483641058, -0.00194882508367], [0.000159176168381, -0.00176282727625, 0.00105729745701, -0.00181884411722, 0.000336220808094, -0.000554523721803, -0.000205188494874, -0.000562167668249, 0.00120392534882, -0.0036227114033, 0.00851265527308, -0.00274825049564, 0.00306725734845], [-0.00017932902847, 0.00152504770085, -0.000680087949149, 0.0013144412078, 0.00128545146435, 0.000367189757526, -0.000728215614799, -0.000727647799067, -0.00196624989621, 0.00282483641058, -0.00274825049564, 0.0133249890059, -0.00340722431429], [-0.000129933046992, -0.00184146920219, 5.53926620341e-05, -0.00101819681004, 0.000118081050459, 0.000192299150513, -0.000202918541618, -0.000450191408163, -0.000555300095584, -0.00194882508367, 0.00306725734845, -0.00340722431429, 0.0159791875631]]}, "melbands": {"dmean": [0.00841186381876, 0.00356464204378, 0.000413294881582, 0.00039921264397, 0.000180924282176, 0.000134807516588, 0.000108867403469, 0.000225557450904, 8.88553913683e-05, 8.04230439826e-05, 0.000229699508054, 0.000179366164957, 5.53794779989e-05, 4.02588375437e-05, 3.51220769517e-05, 3.92757792724e-05, 2.96530433843e-05, 2.97403203149e-05, 1.22761402963e-05, 9.57648899202e-06, 6.18121384832e-06, 7.66431367083e-06, 4.86035560243e-06, 5.3594626479e-06, 5.65050640944e-06, 4.4373396122e-06, 4.58001659354e-06, 3.90383593185e-06, 3.94953349314e-06, 3.60233275387e-06, 2.94379537991e-06, 2.0415416202e-06, 1.84641010037e-06, 9.45212946135e-07, 9.48981494275e-07, 1.00543456938e-06, 7.67356482356e-07, 7.26942289475e-07, 5.67538563701e-07, 4.21781948035e-07], "dmean2": [0.0124449478462, 0.00550926337019, 0.000711203552783, 0.000664888008032, 0.000288637384074, 0.000219400099013, 0.000185335680726, 0.000354937306838, 0.00013870485418, 0.000131268301629, 0.000378744269256, 0.000263480702415, 8.89884322532e-05, 6.30842259852e-05, 5.44081412954e-05, 6.14301679889e-05, 4.64382792416e-05, 4.64273070975e-05, 1.9704539227e-05, 1.52190405061e-05, 9.90406442725e-06, 1.19832229757e-05, 7.48223419578e-06, 8.28032443678e-06, 8.42364624987e-06, 6.91026752975e-06, 7.35647608963e-06, 5.96121208218e-06, 6.35722562947e-06, 5.83211476624e-06, 4.73183627037e-06, 3.27172097059e-06, 2.96699408864e-06, 1.46058914652e-06, 1.46465526996e-06, 1.48791787069e-06, 1.18614798339e-06, 1.13744385999e-06, 8.66474238137e-07, 6.47665217457e-07], "dvar": [0.000189911617781, 6.4127438236e-05, 4.09447324046e-07, 4.9279515224e-07, 1.37853845672e-07, 4.64499230191e-08, 3.54364750876e-08, 4.18375549316e-07, 5.03209065528e-08, 3.60018503898e-08, 1.12724660539e-06, 4.17561949462e-07, 1.61168625112e-08, 1.20821468386e-08, 1.07574038566e-08, 1.31041959506e-08, 4.65035521202e-09, 5.92300652968e-09, 5.23439847022e-10, 2.74433059611e-10, 1.29068158938e-10, 4.39658559559e-10, 1.03092819004e-10, 1.2667587812e-10, 1.41107223128e-10, 1.26549673518e-10, 1.57681367963e-10, 9.35311550432e-11, 1.02138568436e-10, 1.06537403899e-10, 6.54793511079e-11, 3.09523101594e-11, 2.37894686589e-11, 7.87085240733e-12, 8.8039410831e-12, 7.33613603893e-12, 7.33923078561e-12, 6.87765773152e-12, 7.47159105419e-12, 6.66111783787e-12], "dvar2": [0.000411994376918, 0.000140679505421, 1.30244904994e-06, 1.399394705e-06, 3.4858405229e-07, 1.17897712926e-07, 9.35954886927e-08, 8.90065791737e-07, 1.13507788058e-07, 9.12918309837e-08, 2.36214532379e-06, 7.16762599495e-07, 3.96803550018e-08, 2.53116336779e-08, 2.35903474533e-08, 3.15079482505e-08, 1.09494973088e-08, 1.30580648516e-08, 1.26794763577e-09, 6.5787464365e-10, 3.22880944204e-10, 9.38107591608e-10, 2.30201441243e-10, 2.76350387018e-10, 3.10842185325e-10, 2.93235685733e-10, 4.00734445627e-10, 2.210101685e-10, 2.57123933256e-10, 2.67193100978e-10, 1.62897820233e-10, 7.76373618172e-11, 6.0459089124e-11, 1.75994063073e-11, 1.91377694941e-11, 1.61063194032e-11, 1.60439873192e-11, 1.49214668399e-11, 1.63200772341e-11, 1.40708816126e-11], "max": [0.0924218669534, 0.0588839352131, 0.00581261143088, 0.0091664576903, 0.00558817666024, 0.00314264837652, 0.00322285154834, 0.00778259104118, 0.00319893332198, 0.00393126951531, 0.0168774146587, 0.00837326236069, 0.00199104379863, 0.00234756153077, 0.00274529471062, 0.00172451464459, 0.0018019748386, 0.00120033544954, 0.000665779865813, 0.000289320305455, 0.000259597058175, 0.000291058997391, 0.000197200002731, 0.000437571085058, 0.000162340220413, 0.000125607883092, 0.000193373925867, 0.000120449549286, 9.2590424174e-05, 0.000127027917188, 7.67802848713e-05, 0.000104085098428, 5.66814960621e-05, 5.73773431825e-05, 7.44776552892e-05, 5.89815026615e-05, 6.3715968281e-05, 5.0645252486e-05, 8.15322928247e-05, 6.43506864435e-05], "mean": [0.0142484679818, 0.00427577272058, 0.000615155266132, 0.000676002819091, 0.000369581044652, 0.00027397761005, 0.000180132148671, 0.000407659768825, 0.000170869476278, 0.000126594270114, 0.000406328414101, 0.000275574857369, 8.25530369184e-05, 5.91755851929e-05, 5.24526294612e-05, 5.50520053366e-05, 4.30049803981e-05, 4.50006373285e-05, 1.81753148354e-05, 1.36041890073e-05, 9.04282205738e-06, 1.03589682112e-05, 7.83803534432e-06, 8.741624697e-06, 8.19995693746e-06, 5.44303429706e-06, 5.47120998817e-06, 5.09984647579e-06, 4.6635950639e-06, 3.98547308578e-06, 3.17376111525e-06, 2.13387352233e-06, 1.95689472093e-06, 1.0740708376e-06, 1.07734263111e-06, 1.16382329907e-06, 7.74578495566e-07, 7.0951472253e-07, 5.50565914637e-07, 4.08562897292e-07], "median": [0.00793212652206, 0.00107288942672, 0.000412399298511, 0.00026375753805, 8.84835244506e-05, 0.000136518792715, 5.49086980755e-05, 5.56002632948e-05, 3.43070205417e-05, 3.58850047633e-05, 2.60274537141e-05, 1.41719501698e-05, 1.87267214642e-05, 1.28044302983e-05, 5.06174274051e-06, 7.00642249285e-06, 9.75424518401e-06, 9.63666207099e-06, 5.47688068764e-06, 5.07987624587e-06, 4.15305839851e-06, 2.90190382657e-06, 2.32743150264e-06, 2.57595320363e-06, 1.74248316398e-06, 1.08354629447e-06, 1.02699732452e-06, 8.98525968296e-07, 6.3084598878e-07, 3.03347178487e-07, 2.2846847969e-07, 2.15354788224e-07, 1.39025047474e-07, 8.98354102219e-08, 7.88810297081e-08, 7.07865837057e-08, 2.82243721728e-08, 2.11618171875e-08, 1.21290693045e-08, 3.82321285741e-09], "min": [1.96235007466e-24, 3.81857626946e-24, 2.47979155253e-24, 2.21780394337e-24, 3.12857225744e-24, 1.76391862205e-24, 2.84861380522e-24, 1.38695709976e-24, 4.78048406943e-24, 2.67425542921e-24, 4.97170276957e-24, 2.08061215727e-24, 2.68425266346e-24, 5.61271654722e-24, 5.40244330636e-24, 5.64464372021e-24, 3.70031260913e-24, 3.67717019119e-24, 3.96339929875e-24, 5.92254916193e-24, 5.90045947886e-24, 3.54458160568e-24, 5.79796238701e-24, 5.4224732736e-24, 6.08034303665e-24, 7.67769841173e-24, 6.20141425294e-24, 6.6336141824e-24, 6.44053613711e-24, 7.37263248904e-24, 7.20793095381e-24, 5.21513498973e-24, 5.10692457278e-24, 6.31809151399e-24, 6.1377559389e-24, 7.06896758333e-24, 7.3004864261e-24, 6.31804181575e-24, 5.48525713532e-24, 6.9647559023e-24], "var": [0.000308246380882, 6.95796479704e-05, 4.5842384111e-07, 9.96064159153e-07, 3.65441110262e-07, 1.30937138465e-07, 7.38759666774e-08, 9.74764816419e-07, 1.49982696485e-07, 5.97378502221e-08, 2.63961169367e-06, 8.62625881837e-07, 3.21740252218e-08, 2.44712161646e-08, 2.7264778879e-08, 2.3328576404e-08, 7.1618577735e-09, 1.06467652472e-08, 9.38847666276e-10, 4.94882246294e-10, 1.75326073104e-10, 5.47310474719e-10, 1.81016965306e-10, 2.43955411428e-10, 2.41731579198e-10, 1.46751236163e-10, 1.60316857012e-10, 1.21172016865e-10, 1.12512152373e-10, 1.06761738339e-10, 6.71256661366e-11, 3.1750171936e-11, 2.41153260555e-11, 1.03116759922e-11, 1.12979217995e-11, 9.80588700517e-12, 8.46707339658e-12, 7.73839239215e-12, 8.26939992177e-12, 7.29978057168e-12]}, "mfcc": {"mean": [-719.09362793, 149.377838135, 2.1110599041, 39.0667572021, 13.6185455322, 22.4458408356, 10.7984552383, 12.7518224716, 8.59586429596, 13.8482837677, 3.04925823212, 4.3597111702, 0.583415150642], "cov": [[15438.3369141, -402.809265137, -1652.73864746, -650.624084473, -2104.30004883, -1026.79223633, -1164.52734375, -535.794677734, -830.16015625, -302.268707275, -284.865661621, 111.598114014, -243.472717285], [-402.809265137, 3311.23413086, -219.12902832, -419.832183838, -499.644134521, -339.744140625, 62.3122634888, -103.187652588, -66.2240142822, -54.5296592712, -15.8793945312, 3.10126638412, 3.29140257835], [-1652.73864746, -219.12902832, 1258.61975098, 324.058746338, 372.479980469, 240.015991211, 237.400970459, 88.1145629883, 219.464691162, 72.9893951416, 57.9641990662, -11.7852716446, 70.9474411011], [-650.624084473, -419.832183838, 324.058746338, 679.957946777, 389.239135742, 250.43447876, 78.0225219727, 140.447418213, 119.051231384, 96.5069122314, 37.9910583496, 73.7291183472, 51.897605896], [-2104.30004883, -499.644134521, 372.479980469, 389.239135742, 927.180603027, 449.103363037, 305.17074585, 256.828918457, 307.60168457, 212.775756836, 109.133750916, 5.1908416748, 111.368865967], [-1026.79223633, -339.744140625, 240.015991211, 250.43447876, 449.103363037, 406.324157715, 212.596252441, 192.257080078, 188.02230835, 121.262329102, 88.3585281372, 21.0743122101, 50.1049728394], [-1164.52734375, 62.3122634888, 237.400970459, 78.0225219727, 305.17074585, 212.596252441, 326.315673828, 148.779144287, 128.028213501, 93.1917266846, 76.4371337891, 17.0029067993, 54.068031311], [-535.794677734, -103.187652588, 88.1145629883, 140.447418213, 256.828918457, 192.257080078, 148.779144287, 277.564941406, 133.301681519, 73.9496765137, 83.4800567627, 12.154709816, 9.48113441467], [-830.16015625, -66.2240142822, 219.464691162, 119.051231384, 307.60168457, 188.02230835, 128.028213501, 133.301681519, 303.807830811, 111.986175537, 56.6759147644, -26.9701309204, 42.6986427307], [-302.268707275, -54.5296592712, 72.9893951416, 96.5069122314, 212.775756836, 121.262329102, 93.1917266846, 73.9496765137, 111.986175537, 163.062484741, 51.3428421021, 20.5416469574, 55.1196365356], [-284.865661621, -15.8793945312, 57.9641990662, 37.9910583496, 109.133750916, 88.3585281372, 76.4371337891, 83.4800567627, 56.6759147644, 51.3428421021, 100.632087708, 32.0106544495, 18.4116954803], [111.598114014, 3.10126638412, -11.7852716446, 73.7291183472, 5.1908416748, 21.0743122101, 17.0029067993, 12.154709816, -26.9701309204, 20.5416469574, 32.0106544495, 114.322654724, 41.8096199036], [-243.472717285, 3.29140257835, 70.9474411011, 51.897605896, 111.368865967, 50.1049728394, 54.068031311, 9.48113441467, 42.6986427307, 55.1196365356, 18.4116954803, 41.8096199036, 124.686271667]], "icov": [[0.000122221870697, 4.80487033201e-05, 5.5559368775e-05, -1.09051484287e-06, 0.000277914194157, -1.95774046006e-05, 0.000226420161198, -0.00010944463429, 5.9125773987e-05, -0.000264130183496, 9.33496412472e-05, -0.000108131105662, -5.00285250382e-06], [4.80487033201e-05, 0.000409852334997, 6.80064695189e-05, 5.4323587392e-05, 0.000343494000845, 0.000381573685445, -0.000376521056751, -4.00943536079e-05, -0.000191055223695, -0.000151502608787, -1.52838219947e-05, -8.55024700286e-05, -0.000108794498374], [5.5559368775e-05, 6.80064695189e-05, 0.00119005260058, -0.000580973050091, 0.000200782844331, 1.87671139429e-05, -0.000755752378609, 0.000528856297024, -0.000590536743402, 0.000425034348154, -0.000379157660063, 0.000493553467095, -0.000323187821778], [-1.09051484287e-06, 5.4323587392e-05, -0.000580973050091, 0.00274243042804, -0.000828564283438, -0.000857812468894, 0.00119718897622, -0.000799910514615, 0.000204663781915, -0.000410705164541, 0.00141178455669, -0.00216010655276, 0.000439334224211], [0.000277914194157, 0.000343494000845, 0.000200782844331, -0.000828564283438, 0.0040606460534, -0.00160821469035, -0.000634219439235, -0.000524427799974, -0.000711533823051, -0.00172876927536, 0.000126840197481, 0.00111417495646, -0.00128599000163], [-1.95774046006e-05, 0.000381573685445, 1.87671139429e-05, -0.000857812468894, -0.00160821469035, 0.00737624103203, -0.00208743195981, -0.00104479398578, -0.00106305722147, -0.000111998349894, -0.00128324714024, -0.000345987617038, 0.000474062660942], [0.000226420161198, -0.000376521056751, -0.000755752378609, 0.00119718897622, -0.000634219439235, -0.00208743195981, 0.00724492920563, -0.00183062662836, 0.000809682067484, -0.00110231002327, -0.000421710166847, -0.000773668638431, -0.000681614445057], [-0.00010944463429, -4.00943536079e-05, 0.000528856297024, -0.000799910514615, -0.000524427799974, -0.00104479398578, -0.00183062662836, 0.00725238770247, -0.00142926711123, 0.000745812256355, -0.00341430585831, 0.000331128307153, 0.00150286895223], [5.9125773987e-05, -0.000191055223695, -0.000590536743402, 0.000204663781915, -0.000711533823051, -0.00106305722147, 0.000809682067484, -0.00142926711123, 0.00674402387813, -0.0024100409355, -0.000535198720172, 0.00248308479786, -0.00080604548566], [-0.000264130183496, -0.000151502608787, 0.000425034348154, -0.000410705164541, -0.00172876927536, -0.000111998349894, -0.00110231002327, 0.000745812256355, -0.0024100409355, 0.0116331437603, -0.00272464030422, -0.00026427701232, -0.0023986089509], [9.33496412472e-05, -1.52838219947e-05, -0.000379157660063, 0.00141178455669, 0.000126840197481, -0.00128324714024, -0.000421710166847, -0.00341430585831, -0.000535198720172, -0.00272464030422, 0.0171678625047, -0.00529731903225, 0.00128463911824], [-0.000108131105662, -8.55024700286e-05, 0.000493553467095, -0.00216010655276, 0.00111417495646, -0.000345987617038, -0.000773668638431, 0.000331128307153, 0.00248308479786, -0.00026427701232, -0.00529731903225, 0.0142935384065, -0.00488062761724], [-5.00285250382e-06, -0.000108794498374, -0.000323187821778, 0.000439334224211, -0.00128599000163, 0.000474062660942, -0.000681614445057, 0.00150286895223, -0.00080604548566, -0.0023986089509, 0.00128463911824, -0.00488062761724, 0.0119369383901]]}, "spectral_contrast_coeffs": {"dmean": [0.056344602257, 0.0475750751793, 0.0474874004722, 0.0403676442802, 0.0273373331875, 0.0233231429011], "dmean2": [0.0934748798609, 0.0755343809724, 0.0694915950298, 0.0630644783378, 0.0414035469294, 0.0354085192084], "dvar": [0.0025894921273, 0.00197897548787, 0.00207361183129, 0.00131686963141, 0.000636874465272, 0.000529928016476], "dvar2": [0.00662980414927, 0.00471585756168, 0.00443133758381, 0.00303758797236, 0.00136161234695, 0.0011128440965], "max": [-0.281098008156, -0.41055008769, -0.360777050257, -0.479430943727, -0.53661686182, -0.567497253418], "mean": [-0.647053003311, -0.736657142639, -0.742647647858, -0.746639788151, -0.773065984249, -0.731938779354], "median": [-0.652723193169, -0.74731695652, -0.741585373878, -0.75258243084, -0.776082158089, -0.728748083115], "min": [-0.971585869789, -0.972786009312, -0.976417899132, -0.969276785851, -0.964713871479, -0.9646063447], "var": [0.0068012024276, 0.00924484618008, 0.0111441807821, 0.00595507258549, 0.0040418705903, 0.0049730874598]}, "spectral_contrast_valleys": {"dmean": [0.469259381294, 0.553405165672, 0.621624708176, 0.462781190872, 0.429092288017, 0.523664832115], "dmean2": [0.690194606781, 0.802209556103, 0.911920309067, 0.661448359489, 0.58124601841, 0.709294080734], "dvar": [0.260543972254, 0.539751648903, 0.658357024193, 0.304492950439, 0.280656963587, 0.416144371033], "dvar2": [0.440318852663, 1.0416687727, 1.38496601582, 0.553365468979, 0.506306409836, 0.786364495754], "max": [-4.93405914307, -4.59290790558, -4.97015142441, -5.9203133583