{"lowlevel": {"average_loudness": 0.895253956318, "barkbands_crest": {"dmean": 2.31888818741, "dmean2": 3.35528182983, "dvar": 3.82212495804, "dvar2": 9.1007642746, "max": 26.7480888367, "mean": 15.8455553055, "median": 15.468870163, "min": 4.07292318344, "var": 14.258187294}, "barkbands_flatness_db": {"dmean": 0.0270985737443, "dmean2": 0.0347837619483, "dvar": 0.00051958381664, "dvar2": 0.00103938137181, "max": 0.849093735218, "mean": 0.452332913876, "median": 0.436541199684, "min": 0.045055732131, "var": 0.0120674436912}, "barkbands_kurtosis": {"dmean": 18.2010822296, "dmean2": 25.471824646, "dvar": 877.639953613, "dvar2": 1674.17431641, "max": 920.55255127, "mean": 45.3160247803, "median": 27.7494449615, "min": -1.87647557259, "var": 3258.29443359}, "barkbands_skewness": {"dmean": 1.00775647163, "dmean2": 1.39446043968, "dvar": 1.0853664875, "dvar2": 2.14640426636, "max": 26.5820293427, "mean": 3.75294160843, "median": 3.57015776634, "min": -3.80783867836, "var": 11.135969162}, "barkbands_spread": {"dmean": 0.849715173244, "dmean2": 1.19520974159, "dvar": 1.90057456493, "dvar2": 4.09013462067, "max": 57.7053565979, "mean": 2.83300375938, "median": 1.5008212328, "min": 0.0317710861564, "var": 12.8414964676}, "dissonance": {"dmean": 0.0385076589882, "dmean2": 0.0601663328707, "dvar": 0.00125538662542, "dvar2": 0.00308182789013, "max": 0.499930351973, "mean": 0.278944969177, "median": 0.280252456665, "min": 0.037037525326, "var": 0.00610127160326}, "dynamic_complexity": 2.70410394669, "erbbands_crest": {"dmean": 3.20526385307, "dmean2": 4.91870880127, "dvar": 7.80004310608, "dvar2": 19.4771022797, "max": 32.2593269348, "mean": 18.2530822754, "median": 17.7716636658, "min": 2.55303955078, "var": 22.0767745972}, "erbbands_flatness_db": {"dmean": 0.0209763851017, "dmean2": 0.0258031245321, "dvar": 0.000290702009806, "dvar2": 0.000527405471075, "max": 0.731623470783, "mean": 0.424710839987, "median": 0.409220337868, "min": 0.0600529052317, "var": 0.0109168635681}, "erbbands_kurtosis": {"dmean": 12.0636711121, "dmean2": 17.3956127167, "dvar": 197.784378052, "dvar2": 419.035522461, "max": 251.842071533, "mean": 27.5761737823, "median": 20.3434066772, "min": -1.78765571117, "var": 692.719360352}, "erbbands_skewness": {"dmean": 0.890879869461, "dmean2": 1.25495779514, "dvar": 0.591510355473, "dvar2": 1.26775527, "max": 11.9787082672, "mean": 3.52305030823, "median": 3.52254080772, "min": -4.3529510498, "var": 4.20023822784}, "erbbands_spread": {"dmean": 2.43327379227, "dmean2": 3.56632471085, "dvar": 12.7047138214, "dvar2": 27.3642292023, "max": 121.186210632, "mean": 6.28516244888, "median": 3.75735425949, "min": 0.31873139739, "var": 58.3349990845}, "hfc": {"dmean": 2.60238242149, "dmean2": 2.61181116104, "dvar": 5.29130411148, "dvar2": 4.51801633835, "max": 40.0377998352, "mean": 8.65741729736, "median": 7.1651468277, "min": 1.0858933267e-16, "var": 38.1828575134}, "melbands_crest": {"dmean": 2.77638459206, "dmean2": 4.00590133667, "dvar": 6.15547227859, "dvar2": 14.8027467728, "max": 34.4839248657, "mean": 19.5327014923, "median": 19.0788898468, "min": 1.51854610443, "var": 24.646905899}, "melbands_flatness_db": {"dmean": 0.0281144808978, "dmean2": 0.0350234210491, "dvar": 0.000588872237131, "dvar2": 0.0011576275574, "max": 0.976917862892, "mean": 0.531150519848, "median": 0.511539697647, "min": 0.00316413654946, "var": 0.0158550981432}, "melbands_kurtosis": {"dmean": 19.2435245514, "dmean2": 28.2443466187, "dvar": 824.205505371, "dvar2": 1803.46044922, "max": 537.223266602, "mean": 47.7349319458, "median": 29.108581543, "min": -1.90217292309, "var": 3274.3605957}, "melbands_skewness": {"dmean": 0.987706780434, "dmean2": 1.41898620129, "dvar": 0.962358355522, "dvar2": 2.18316030502, "max": 17.5813140869, "mean": 3.30737805367, "median": 2.83677911758, "min": -3.80092048645, "var": 9.60028171539}, "melbands_spread": {"dmean": 0.983135223389, "dmean2": 1.3876991272, "dvar": 4.8066778183, "dvar2": 10.8151197433, "max": 165.422317505, "mean": 4.26624202728, "median": 1.61711120605, "min": 0.176928505301, "var": 157.066345215}, "pitch_salience": {"dmean": 0.0821205377579, "dmean2": 0.114149495959, "dvar": 0.00536330975592, "dvar2": 0.0107071455568, "max": 0.904582679272, "mean": 0.426399409771, "median": 0.433177411556, "min": 0.0355946943164, "var": 0.01549694594}, "silence_rate_20dB": {"dmean": 0, "dmean2": 0, "dvar": 0, "dvar2": 0, "max": 1, "mean": 1, "median": 1, "min": 1, "var": 0}, "silence_rate_30dB": {"dmean": 0, "dmean2": 0, "dvar": 0, "dvar2": 0, "max": 1, "mean": 1, "median": 1, "min": 1, "var": 0}, "silence_rate_60dB": {"dmean": 0.00560413533822, "dmean2": 0.0112088127062, "dvar": 0.00557185010985, "dvar2": 0.0139785092324, "max": 1, "mean": 0.0432367138565, "median": 0, "min": 0, "var": 0.0413746200502}, "spectral_centroid": {"dmean": 46.6941642761, "dmean2": 67.3948287964, "dvar": 13225.3642578, "dvar2": 23103.2578125, "max": 11752.609375, "mean": 559.977783203, "median": 443.770629883, "min": 256.371643066, "var": 972325.6875}, "spectral_complexity": {"dmean": 0.588337600231, "dmean2": 1.0427094698, "dvar": 0.539126574993, "dvar2": 1.33368003368, "max": 11, "mean": 4.26019334793, "median": 4, "min": 0, "var": 2.35899019241}, "spectral_decrease": {"dmean": 1.67118363592e-09, "dmean2": 1.65226987647e-09, "dvar": 2.18676940893e-18, "dvar2": 1.82105879805e-18, "max": 1.67723846253e-28, "mean": -5.8658264912e-09, "median": -4.86825335599e-09, "min": -2.56112873132e-08, "var": 1.87596473101e-17}, "spectral_energy": {"dmean": 0.00654111988842, "dmean2": 0.00647008325905, "dvar": 3.34991891577e-05, "dvar2": 2.79087907984e-05, "max": 0.0996426418424, "mean": 0.0229242406785, "median": 0.0190900862217, "min": 9.98753138895e-21, "var": 0.0002847094147}, "spectral_energyband_high": {"dmean": 4.88578371005e-06, "dmean2": 8.21341200208e-06, "dvar": 1.0100169312e-10, "dvar2": 2.83401468959e-10, "max": 0.000225334515562, "mean": 1.23045119835e-05, "median": 5.25826271769e-06, "min": 6.83549181016e-21, "var": 3.33022581733e-10}, "spectral_energyband_low": {"dmean": 0.000293575722026, "dmean2": 9.39390301937e-05, "dvar": 3.03691308545e-07, "dvar2": 6.45555431333e-08, "max": 0.0258499030024, "mean": 0.002869020449, "median": 1.95512757273e-06, "min": 1.61670068995e-23, "var": 3.80492856493e-05}, "spectral_energyband_middle_high": {"dmean": 7.20143143553e-05, "dmean2": 0.000115175593237, "dvar": 1.29315926856e-08, "dvar2": 3.2173737452e-08, "max": 0.00374640128575, "mean": 0.000191288403585, "median": 0.000130635584355, "min": 1.16738883075e-21, "var": 4.74372754411e-08}, "spectral_energyband_middle_low": {"dmean": 0.00654735183343, "dmean2": 0.00648721819744, "dvar": 3.37079836754e-05, "dvar2": 2.79688210867e-05, "max": 0.098933801055, "mean": 0.0198521651328, "median": 0.0153785133734, "min": 1.34212654472e-22, "var": 0.000252146768617}, "spectral_entropy": {"dmean": 0.221806630492, "dmean2": 0.264915853739, "dvar": 0.032548353076, "dvar2": 0.0566383376718, "max": 9.8302192688, "mean": 4.7416229248, "median": 4.72863864899, "min": 2.43762135506, "var": 0.679638922215}, "spectral_flux": {"dmean": 0.0177277382463, "dmean2": 0.028506655246, "dvar": 0.00018344768614, "dvar2": 0.000525424256921, "max": 0.12209508568, "mean": 0.0429138988256, "median": 0.0413573756814, "min": 6.30577118299e-11, "var": 0.000389249908039}, "spectral_kurtosis": {"dmean": 45.5261077881, "dmean2": 77.79712677, "dvar": 15460.1025391, "dvar2": 46102.1171875, "max": 2234.06347656, "mean": 100.939125061, "median": 42.4436950684, "min": -1.27954959869, "var": 30450.8222656}, "spectral_rms": {"dmean": 0.000716970185749, "dmean2": 0.000733812921681, "dvar": 3.20963920331e-07, "dvar2": 3.75262175112e-07, "max": 0.00985963176936, "mean": 0.00438069365919, "median": 0.00431560818106, "min": 3.12152734216e-12, "var": 3.17445369546e-06}, "spectral_rolloff": {"dmean": 48.2275238037, "dmean2": 80.8784637451, "dvar": 36195.25, "dvar2": 59431.28125, "max": 19530.6152344, "mean": 634.791992188, "median": 473.73046875, "min": 64.599609375, "var": 2931992}, "spectral_skewness": {"dmean": 1.32822799683, "dmean2": 2.21076965332, "dvar": 3.86784601212, "dvar2": 11.356593132, "max": 40.8782844543, "mean": 6.91589307785, "median": 5.15762329102, "min": -0.0847145989537, "var": 25.2029914856}, "spectral_spread": {"dmean": 376973.40625, "dmean2": 617946.125, "dvar": 199896989696, "dvar2": 425640820736, "max": 43875580, "mean": 1970736.375, "median": 1608642.5, "min": 53256.4609375, "var": 13771267375100.0}, "spectral_strongpeak": {"dmean": 0.502294003963, "dmean2": 0.702942430973, "dvar": 0.259258955717, "dvar2": 0.422569423914, "max": 7.03578090668, "mean": 1.5599167347, "median": 1.51136958599, "min": 0, "var": 0.859663903713}, "zerocrossingrate": {"dmean": 0.00255468348041, "dmean2": 0.00326149142347, "dvar": 2.36786199821e-05, "dvar2": 3.27812304022e-05, "max": 0.53759765625, "mean": 0.0251670069993, "median": 0.01953125, "min": 0.0048828125, "var": 0.00207949546166}, "barkbands": {"dmean": [3.68207547581e-05, 0.000261207256699, 5.31885973487e-07, 3.76330973495e-07, 2.07831703847e-06, 0.00462842499837, 0.00293753412552, 0.000562124070711, 4.65248267574e-05, 2.0622057491e-05, 2.22676044359e-05, 5.6255535128e-06, 4.29100828114e-06, 5.00451869812e-06, 1.42768212754e-05, 8.42264580569e-06, 2.78552906821e-05, 6.3315837906e-06, 4.25808366344e-06, 4.68670322107e-07, 4.06955649623e-07, 9.74657837105e-07, 9.40577137953e-07, 2.32379443332e-06, 6.04129525072e-07, 9.45175656852e-07, 1.81526271792e-09], "dmean2": [2.83986955765e-05, 7.71888517193e-05, 7.46953844555e-07, 4.19057442969e-07, 3.31129740516e-06, 0.00463618244976, 0.00295365299098, 0.000782233721111, 6.75759001751e-05, 3.35472977895e-05, 3.44443469658e-05, 8.6628324425e-06, 6.78389369568e-06, 7.80279424362e-06, 2.40526333073e-05, 1.40953752634e-05, 4.46397571068e-05, 1.01433788586e-05, 7.20691514289e-06, 7.69780001519e-07, 6.84355995872e-07, 1.59832757163e-06, 1.6130967424e-06, 3.94343578591e-06, 1.03761487935e-06, 1.60049364695e-06, 3.12050074669e-09], "dvar": [6.60281829212e-09, 2.40693168507e-07, 2.00322484295e-12, 1.16143000165e-12, 2.06052779006e-11, 1.7577149265e-05, 1.39029098136e-05, 4.10817051488e-07, 1.57795589928e-08, 3.81341003219e-09, 2.52855514304e-09, 3.90790733107e-10, 2.23797744225e-10, 2.24782525926e-10, 1.4113628044e-09, 6.83801071322e-10, 5.76667602559e-09, 1.08663633647e-09, 1.6276421877e-10, 5.63297932604e-12, 1.47761913382e-12, 1.25353798522e-11, 2.29584268263e-11, 5.11286256388e-11, 1.12643123995e-11, 1.25759715142e-11, 1.39983351546e-16], "dvar2": [7.06739999856e-09, 4.26172341861e-08, 3.35735757771e-12, 1.26889536205e-12, 4.21278324725e-11, 1.53533001139e-05, 9.9991384559e-06, 7.83634732215e-07, 3.04495841874e-08, 9.86590631413e-09, 6.4374221509e-09, 8.86693107827e-10, 5.21640841633e-10, 5.67925650952e-10, 3.94966992445e-09, 1.88800974854e-09, 1.37291564783e-08, 2.66549471384e-09, 4.47492709554e-10, 1.53750016191e-11, 4.10750296623e-12, 3.24974699928e-11, 6.49427595034e-11, 1.45123871254e-10, 3.10479038312e-11, 3.54556869975e-11, 3.91024554468e-16], "max": [0.00471217883751, 0.0234796013683, 5.30920005986e-05, 3.21161169268e-05, 0.000148378734593, 0.0641197264194, 0.0870044380426, 0.0165907628834, 0.00340640451759, 0.00256730150431, 0.00131001544651, 0.000999430543743, 0.000627396511845, 0.000420974800363, 0.000890020281076, 0.000613138428889, 0.00371824810281, 0.0014519256074, 0.000365330168279, 0.000113537244033, 4.67104982818e-05, 0.000128718384076, 0.00015632508439, 0.000222613161895, 0.000104847589682, 0.000109009641164, 7.75339685788e-07], "mean": [0.000309527094942, 0.00256285094656, 1.32504044359e-06, 1.11652946089e-06, 3.03028900817e-06, 0.0114392461255, 0.00714101828635, 0.0011296835728, 0.000127552251797, 3.46684573742e-05, 4.08941486967e-05, 9.80247205007e-06, 7.19547051631e-06, 8.69967971084e-06, 2.12829017983e-05, 1.28785868583e-05, 4.49514664069e-05, 9.87647217698e-06, 6.05555760558e-06, 7.88135366747e-07, 7.74371585521e-07, 1.79622361429e-06, 1.81115967735e-06, 4.32040496889e-06, 1.11925953661e-06, 1.97199778995e-06, 4.13231537877e-09], "median": [1.40714359986e-06, 7.11914140084e-07, 1.08468867666e-07, 5.74374823259e-08, 1.28168312585e-06, 0.00755447335541, 0.00517309829593, 0.000874560966622, 2.66490042122e-05, 1.03627389763e-05, 1.09701049951e-05, 1.29017098516e-06, 4.95040353599e-07, 9.83011659628e-07, 2.16490343519e-06, 1.07881010081e-06, 3.30777515956e-06, 2.19992102757e-07, 6.1674245444e-07, 1.60316503184e-07, 3.02102648675e-07, 3.20688684496e-07, 2.14814050992e-07, 3.86092551707e-07, 2.06248707002e-08, 1.98583673949e-08, 7.5920286724e-10], "min": [3.39325165722e-25, 2.24978278674e-24, 3.37483915065e-25, 2.75589444707e-25, 5.53161572971e-24, 6.35222434206e-24, 4.82822356484e-24, 5.76779792372e-24, 1.06328636594e-23, 7.73521899349e-24, 1.85482277181e-23, 1.83586455099e-23, 2.10679914443e-23, 2.68306172015e-23, 3.49013269051e-23, 4.40174350803e-23, 4.49466848276e-23, 8.19574731249e-23, 1.1906117346e-22, 1.66234525477e-22, 2.46671276725e-22, 2.71123011292e-22, 3.71334523815e-22, 5.39784726073e-22, 8.77557345691e-22, 1.27935295712e-21, 1.80779191962e-21], "var": [4.93547588576e-07, 3.0586237699e-05, 1.59964229363e-11, 1.42150969815e-11, 4.68508010165e-11, 0.000131954322569, 6.43838138785e-05, 1.16087676361e-06, 5.59368871222e-08, 6.12174666514e-09, 6.27873264492e-09, 1.1195830929e-09, 6.1138433205e-10, 4.77480388561e-10, 2.26779883761e-09, 1.24813459568e-09, 1.37427091929e-08, 2.36544939192e-09, 2.8248656192e-10, 9.60634783526e-12, 2.8881547761e-12, 2.85999834926e-11, 5.4052248788e-11, 1.31293156902e-10, 2.77968602996e-11, 3.7800707009e-11, 7.00045943489e-16]}, "erbbands": {"dmean": [0.0150379110128, 0.0289195068181, 0.00327709387057, 0.00133957830258, 0.00268606864847, 0.0562059804797, 3.15999913216, 47.1410713196, 58.7768363953, 32.6358757019, 13.9047613144, 2.1871407032, 0.425017923117, 0.723894536495, 0.86620682478, 0.273955971003, 0.201812520623, 0.293288648129, 0.562203645706, 0.650776267052, 0.507160127163, 1.58628475666, 0.463226437569, 0.144144505262, 0.230238676071, 0.0424282886088, 0.0190833043307, 0.0141858384013, 0.0313124582171, 0.0299827307463, 0.0397206768394, 0.0548359975219, 0.0265887789428, 0.00797087326646, 0.00387915363535, 0.0066715432331, 0.000626388413366, 2.39933942794e-05, 3.52631104761e-06, 7.28540226191e-06], "dmean2": [0.00445793196559, 0.00947072915733, 0.00191129988525, 0.00131559732836, 0.00289778551087, 0.0542302690446, 3.01143789291, 46.6374359131, 58.4442100525, 37.5274772644, 19.7690105438, 3.15124392509, 0.649442911148, 1.17998421192, 1.34122538567, 0.410163849592, 0.318174153566, 0.45627579093, 0.938961982727, 1.09969472885, 0.823209166527, 2.53462362289, 0.745327115059, 0.238312080503, 0.389160096645, 0.0713076889515, 0.0321438200772, 0.0234184022993, 0.0513784512877, 0.0498085394502, 0.0677788853645, 0.0925636664033, 0.045443829149, 0.013583291322, 0.00666290288791, 0.0112880785018, 0.0010595646454, 4.01352626795e-05, 3.95791857954e-06, 7.21448213881e-06], "dvar": [0.000788231205661, 0.00309506384656, 4.71479906992e-05, 1.21056891658e-05, 1.46936417877e-05, 0.0100722135976, 38.2631378174, 2361.66040039, 3870.73388672, 1176.97717285, 273.628265381, 11.7131061554, 0.995363414288, 4.83747291565, 4.0986738205, 0.91539144516, 0.465692549944, 0.646568179131, 3.43840122223, 3.97813081741, 2.19438862801, 17.9146938324, 3.33348560333, 0.294479161501, 0.526039600372, 0.0284533109516, 0.00360521813855, 0.00266776001081, 0.0172960162163, 0.0163965057582, 0.0424779579043, 0.0248045474291, 0.0185504443944, 0.00292389071546, 0.000527691096067, 0.000698020390701, 6.98111580277e-06, 1.92800477805e-08, 1.56195646694e-11, 4.15524212261e-11], "dvar2": [0.000142120741657, 0.000731630076189, 2.60069864453e-05, 1.30478647407e-05, 1.77208421519e-05, 0.00874313246459, 33.2426338196, 2022.09875488, 2799.97998047, 1303.24511719, 528.989562988, 21.8851776123, 2.56018447876, 12.5518426895, 10.374710083, 2.01566171646, 1.04300153255, 1.62239444256, 9.42940235138, 11.5054130554, 5.58303689957, 42.2476844788, 8.17463874817, 0.776302158833, 1.437251091, 0.0783573910594, 0.0101603530347, 0.00698477588594, 0.044435121119, 0.043060656637, 0.120233431458, 0.0696548819542, 0.0528518669307, 0.00770396878943, 0.0016082203947, 0.0019526402466, 2.01406510314e-05, 5.27341441625e-08, 3.18403463317e-11, 3.46648057481e-11], "max": [1.31654977798, 2.80748915672, 0.325664460659, 0.115168109536, 0.0934222862124, 2.14820837975, 107.427070618, 794.730407715, 1373.39624023, 725.199829102, 443.23324585, 94.0956344604, 64.6784133911, 90.2477722168, 64.4713668823, 50.4311752319, 30.3278179169, 20.5580043793, 52.747505188, 69.037322998, 39.7737808228, 213.184112549, 81.6265792847, 24.7249660492, 23.714006424, 7.07049465179, 2.59581494331, 3.071164608, 5.43786382675, 6.30121135712, 6.7231926918, 5.32815217972, 5.12224531174, 2.05770897865, 1.28902542591, 0.862276434898, 0.120339214802, 0.00737400678918, 0.000118129573821, 0.000110359476821], "mean": [0.147442042828, 0.277523130178, 0.0277143754065, 0.0057829846628, 0.00824969634414, 0.166892036796, 9.34431171417, 120.617416382, 135.304199219, 64.3498687744, 25.3910140991, 5.38488769531, 1.19958364964, 1.26629984379, 1.61594462395, 0.53185158968, 0.361083239317, 0.528407275677, 0.864690899849, 1.06323885918, 0.862663149834, 2.60491085052, 0.751480519772, 0.226934909821, 0.329696685076, 0.0678995102644, 0.0366730391979, 0.0293192546815, 0.0565150976181, 0.0598187930882, 0.0760013088584, 0.104079976678, 0.0485313273966, 0.0153709193692, 0.00797715596855, 0.0141515815631, 0.00137731980067, 5.76846141485e-05, 1.28840565594e-05, 2.56798630289e-05], "median": [4.65901539428e-05, 0.000121127777675, 0.000271073484328, 0.000614365679212, 0.00366572337225, 0.0451570376754, 1.68794059753, 71.9863433838, 92.8876419067, 43.5993080139, 17.7359905243, 3.2844543457, 0.702489376068, 0.487782686949, 0.46684345603, 0.116673409939, 0.0658447593451, 0.117059230804, 0.113170556724, 0.189308002591, 0.189772933722, 0.321641981602, 0.0964551568031, 0.0421516522765, 0.0378105230629, 0.0172488857061, 0.0139776840806, 0.0107158217579, 0.012317490764, 0.0108033455908, 0.0100103840232, 0.01203090325, 0.00290656695142, 0.000512633123435, 0.00036175630521, 0.00017638191639, 2.84480192931e-05, 3.82385769626e-06, 1.04250411823e-05, 2.14598439925e-05], "min": [6.12908698864e-23, 6.01973521618e-22, 1.12040725397e-21, 3.59641166673e-21, 8.14950779508e-21, 2.1771293556e-20, 3.74900581023e-20, 5.97409871666e-20, 6.35776899545e-20, 1.7276888477e-19, 1.98115146305e-19, 2.95839233224e-19, 4.33025173262e-19, 6.87002346649e-19, 7.55703212039e-19, 9.52049109487e-19, 1.27729931808e-18, 1.56069915076e-18, 1.93009836678e-18, 3.2858924721e-18, 3.4218511863e-18, 4.39805645122e-18, 4.72966736853e-18, 6.04632921343e-18, 5.75451891847e-18, 8.10738991671e-18, 9.92611441108e-18, 9.9857475158e-18, 8.75736610818e-18, 1.05194791886e-17, 1.03564815945e-17, 9.87913220665e-18, 9.18735775164e-18, 7.06245566227e-18, 6.26225023667e-18, 3.71681531414e-18, 2.23052147307e-18, 9.65947294742e-19, 2.2059787658e-19, 2.71137752515e-20], "var": [0.100389838219, 0.37503349781, 0.00386224966496, 0.000219501554966, 0.00012273871107, 0.0906138569117, 334.218109131, 18407.6835938, 20173.6152344, 4076.7277832, 649.59552002, 42.3838348389, 2.1696767807, 7.61284065247, 10.4144392014, 2.79565358162, 1.34224903584, 1.41427505016, 5.65693712234, 6.80706167221, 4.6879234314, 43.9994392395, 7.33215141296, 0.566605567932, 0.925509393215, 0.0485271401703, 0.00664229737595, 0.00611217319965, 0.0350824557245, 0.0417134203017, 0.0962228551507, 0.0680808275938, 0.0420117899776, 0.00762390717864, 0.00131862051785, 0.00211450294591, 2.35100324062e-05, 8.55204547179e-08, 1.09784070723e-10, 3.50728807108e-10]}, "gfcc": {"mean": [-231.037033081, 128.792892456, -109.914009094, -38.4445266724, -101.442405701, -48.8305625916, -49.1471176147, 12.9468250275, 26.4668903351, 16.6593894958, 20.4164619446, 16.8673686981, 7.23677253723], "cov": [[17984.4570312, -187.639328003, -2191.86621094, 1678.66503906, -147.871032715, 898.843811035, -648.671020508, 825.587036133, 235.866638184, 284.406005859, 585.734130859, 692.081054688, 41.4225845337], [-187.639328003, 2512.46850586, 1093.29992676, -168.43737793, 559.264648438, 10.8844423294, 935.884338379, -254.175704956, 507.089385986, 318.599060059, 172.815841675, -132.961914062, 385.3956604], [-2191.86621094, 1093.29992676, 1942.90270996, -62.6968765259, 415.344360352, -108.585899353, 442.581970215, 279.348876953, 88.5071487427, 107.034484863, 108.637001038, -35.0613670349, 24.2436141968], [1678.66503906, -168.43737793, -62.6968765259, 1039.88208008, 509.502716064, 629.891479492, 194.472320557, 316.640258789, 274.195587158, 98.0741348267, 176.654327393, 142.630218506, 67.7866363525], [-147.871032715, 559.264648438, 415.344360352, 509.502716064, 916.464050293, 576.818664551, 571.127441406, 145.82635498, 168.133773804, 357.758514404, 124.048622131, 87.9468002319, 89.4624481201], [898.843811035, 10.8844423294, -108.585899353, 629.891479492, 576.818664551, 825.698852539, 336.064239502, 188.767440796, 197.791564941, 225.84173584, 130.21862793, 110.565658569, 91.5246810913], [-648.671020508, 935.884338379, 442.581970215, 194.472320557, 571.127441406, 336.064239502, 783.145446777, -45.0973129272, 200.107391357, 348.542572021, 105.590309143, -54.8794670105, 95.1828079224], [825.587036133, -254.175704956, 279.348876953, 316.640258789, 145.82635498, 188.767440796, -45.0973129272, 552.725585938, 28.0510101318, 34.3976325989, 90.6647567749, 107.8151474, -133.766174316], [235.866638184, 507.089385986, 88.5071487427, 274.195587158, 168.133773804, 197.791564941, 200.107391357, 28.0510101318, 427.886657715, 41.6290054321, 54.5134124756, -20.6088962555, 146.63973999], [284.406005859, 318.599060059, 107.034484863, 98.0741348267, 357.758514404, 225.84173584, 348.542572021, 34.3976325989, 41.6290054321, 395.072662354, 76.446395874, -13.2608699799, -18.2661457062], [585.734130859, 172.815841675, 108.637001038, 176.654327393, 124.048622131, 130.21862793, 105.590309143, 90.6647567749, 54.5134124756, 76.446395874, 187.213806152, 10.7418527603, -17.7467594147], [692.081054688, -132.961914062, -35.0613670349, 142.630218506, 87.9468002319, 110.565658569, -54.8794670105, 107.8151474, -20.6088962555, -13.2608699799, 10.7418527603, 197.936660767, -12.7942533493], [41.4225845337, 385.3956604, 24.2436141968, 67.7866363525, 89.4624481201, 91.5246810913, 95.1828079224, -133.766174316, 146.63973999, -18.2661457062, -17.7467594147, -12.7942533493, 267.228088379]], "icov": [[0.000287227769149, -0.00101493962575, 0.000507585995365, -0.000959065684583, 0.00076454191003, -0.000336990022333, 0.000952753820457, -0.000458968483144, 0.000900523737073, -0.000712019798812, 0.000150821957504, -0.00048180684098, 0.000350937683834], [-0.00101493962575, 0.00636253971606, -0.00229966058396, 0.00502835027874, -0.00346892699599, 0.00265821022913, -0.00560400960967, 0.00182860065252, -0.00555557478219, 0.0024275011383, -0.0031709112227, 0.000804073002655, -0.00388086563908], [0.000507585995365, -0.00229966058396, 0.00201717065647, -0.00157651107293, 0.000714282679837, -8.14062586869e-05, 0.00144286768045, -0.00182236160617, 0.00201662071049, -0.000631130940747, 0.000266264920356, -0.000509476929437, 0.000660937628709], [-0.000959065684583, 0.00502835027874, -0.00157651107293, 0.0069294301793, -0.00411707721651, 0.00105595623609, -0.00430009607226, 0.000715533795301, -0.00534221949056, 0.00329371355474, -0.00329529540613, 0.000775980297476, -0.00283652939834], [0.00076454191003, -0.00346892699599, 0.000714282679837, -0.00411707721651, 0.00660949759185, -0.00270279264078, 0.00182295392733, -0.000951035704929, 0.00362886651419, -0.00365573354065, 0.00189260055777, -0.00220395810902, 0.00123049761169], [-0.000336990022333, 0.00265821022913, -8.14062586869e-05, 0.00105595623609, -0.00270279264078, 0.00491005647928, -0.00289618480019, -0.000221873066039, -0.0023427635897, 0.000576636113692, -0.0020257991273, -0.000306702975649, -0.00272244983353], [0.000952753820457, -0.00560400960967, 0.00144286768045, -0.00430009607226, 0.00182295392733, -0.00289618480019, 0.00895866192877, -0.000495173560921, 0.00392882339656, -0.00402622995898, 0.00223949993961, 6.76058552926e-05, 0.00355795701034], [-0.000458968483144, 0.00182860065252, -0.00182236160617, 0.000715533795301, -0.000951035704929, -0.000221873066039, -0.000495173560921, 0.00469324272126, -0.00209970399737, 0.00057758775074, -0.000550800410565, -0.000206639699172, 0.00148301583249], [0.000900523737073, -0.00555557478219, 0.00201662071049, -0.00534221949056, 0.00362886651419, -0.0023427635897, 0.00392882339656, -0.00209970399737, 0.00876670517027, -0.00198024790734, 0.00259770569392, -1.4426670532e-05, 0.00140770454891], [-0.000712019798812, 0.0024275011383, -0.000631130940747, 0.00329371355474, -0.00365573354065, 0.000576636113692, -0.00402622995898, 0.00057758775074, -0.00198024790734, 0.00745385605842, -0.00130041106604, 0.00188174867071, 0.000180647853995], [0.000150821957504, -0.0031709112227, 0.000266264920356, -0.00329529540613, 0.00189260055777, -0.0020257991273, 0.00223949993961, -0.000550800410565, 0.00259770569392, -0.00130041106604, 0.00997151806951, 0.000846753187943, 0.00353667396121], [-0.00048180684098, 0.000804073002655, -0.000509476929437, 0.000775980297476, -0.00220395810902, -0.000306702975649, 6.76058552926e-05, -0.000206639699172, -1.4426670532e-05, 0.00188174867071, 0.000846753187943, 0.00799153093249, 5.51909724891e-05], [0.000350937683834, -0.00388086563908, 0.000660937628709, -0.00283652939834, 0.00123049761169, -0.00272244983353, 0.00355795701034, 0.00148301583249, 0.00140770454891, 0.000180647853995, 0.00353667396121, 5.51909724891e-05, 0.009417203255]]}, "melbands": {"dmean": [9.65345971053e-05, 1.18220268632e-05, 1.74105579731e-07, 2.64840110731e-07, 9.01144885574e-05, 0.00106677482836, 0.000831412908155, 0.000284521433059, 9.94212241494e-05, 7.78264984547e-06, 1.96597125068e-06, 2.99575231111e-06, 3.21649440593e-06, 9.69715301835e-07, 4.29202060559e-07, 4.97546295719e-07, 5.6799927961e-07, 8.500088029e-07, 7.60488092055e-07, 7.8319038721e-07, 5.65508912587e-07, 1.98717566491e-06, 8.2277057345e-07, 1.79007400902e-07, 9.32186026148e-08, 2.02607878919e-07, 8.87049296239e-08, 1.95924823032e-08, 1.30528707842e-08, 8.11892153507e-09, 9.10903352747e-09, 2.4382634578e-08, 1.25207497703e-08, 1.33281030656e-08, 3.15832018316e-08, 1.69543241668e-08, 3.89992607097e-08, 2.63595616445e-08, 7.19620940615e-09, 4.70173011635e-09], "dmean2": [2.95481349895e-05, 4.35736910731e-06, 2.02906790037e-07, 4.10118957461e-07, 8.46917173476e-05, 0.00106664339546, 0.000825231079943, 0.0003315397189, 0.000143107608892, 1.10882310764e-05, 3.0883211366e-06, 4.90558841193e-06, 4.99838552059e-06, 1.46352692809e-06, 6.45224531581e-07, 8.03798229754e-07, 8.81068615399e-07, 1.41751161209e-06, 1.28542433231e-06, 1.32868717628e-06, 9.01648206764e-07, 3.16838577419e-06, 1.3256561715e-06, 2.90475441034e-07, 1.5252113883e-07, 3.42157420619e-07, 1.50228800067e-07, 3.2720937071e-08, 2.18844693478e-08, 1.37755495899e-08, 1.50139332078e-08, 3.99732122958e-08, 2.06178984996e-08, 2.21643414733e-08, 5.40565707752e-08, 2.84334689127e-08, 6.59417125348e-08, 4.5231221435e-08, 1.21622543148e-08, 8.01613886381e-09], "dvar": [3.27142721801e-08, 5.37450972615e-10, 2.20485630621e-13, 4.47660842857e-13, 4.35553637601e-08, 9.78042862698e-07, 8.34453317111e-07, 9.36548616437e-08, 1.39649332098e-08, 3.35923427963e-10, 2.57927776359e-11, 9.27467200262e-11, 5.57978732663e-11, 8.07059974406e-12, 1.98024777999e-12, 2.84748353369e-12, 3.21920029696e-12, 8.19746961284e-12, 3.97354501733e-12, 5.86444131104e-12, 4.7687357535e-12, 3.51062512394e-11, 1.0171832994e-11, 6.06268344989e-13, 2.02859240907e-13, 4.63279208832e-13, 1.6655043501e-13, 1.98758805231e-14, 1.36988933906e-15, 7.84028307297e-16, 2.1207642474e-15, 1.37218100787e-14, 4.12611856167e-15, 2.92714088374e-15, 3.47430925988e-14, 2.79237942414e-15, 1.70611510759e-14, 2.50476400824e-14, 2.67877578877e-15, 1.26603960571e-15], "dvar2": [6.29098195759e-09, 1.57889812336e-10, 2.65285596225e-13, 8.53382577277e-13, 3.77512883176e-08, 8.49075775022e-07, 5.98780729888e-07, 1.08287395051e-07, 2.70127813451e-08, 6.19769346955e-10, 6.72007380298e-11, 2.40439029797e-10, 1.43690864762e-10, 1.88115183153e-11, 3.94965093617e-12, 7.58986103133e-12, 8.11579189269e-12, 2.23410109856e-11, 1.13505940758e-11, 1.6997125929e-11, 1.20065971054e-11, 8.15196452009e-11, 2.60220126697e-11, 1.56875207269e-12, 5.33940513331e-13, 1.27631921958e-12, 4.56039448826e-13, 5.49591127545e-14, 3.73070621772e-15, 2.2353930044e-15, 5.5559681984e-15, 3.53131220554e-14, 1.08287707414e-14, 7.6841880298e-15, 9.83906491979e-14, 7.53646378973e-15, 4.86499268605e-14, 7.13972609333e-14, 7.06586371918e-15, 3.33164697341e-15], "max": [0.00852030515671, 0.00117425899953, 1.37615206768e-05, 2.24109408009e-05, 0.00353105715476, 0.0154275661334, 0.020576518029, 0.00656370120123, 0.0031552396249, 0.000531082972884, 0.000324558437569, 0.000405162631068, 0.000193501240574, 0.000120503624203, 5.77333812544e-05, 4.23598648922e-05, 4.75599335914e-05, 8.48367199069e-05, 6.14377713646e-05, 6.13483571215e-05, 6.59931101836e-05, 0.000316812074743, 0.000107107720396, 2.84436737275e-05, 2.116037831e-05, 2.37964486587e-05, 1.57053746079e-05, 6.77000616633e-06, 1.32100694827e-06, 1.16013904972e-06, 2.91176752398e-06, 4.77345474792e-06, 3.10818472826e-06, 2.69595579994e-06, 6.11593713984e-06, 1.43033162203e-06, 5.03208684677e-06, 6.00444082011e-06, 1.99275382329e-06, 1.39961343848e-06], "mean": [0.000946203886997, 0.000111438086606, 5.27236920789e-07, 3.96019288473e-07, 0.000271022610832, 0.00266604823992, 0.00196941266768, 0.000552729121409, 0.000158693786943, 2.34255112446e-05, 4.84569909531e-06, 4.91897571919e-06, 5.81405402045e-06, 1.83704651135e-06, 7.94625748313e-07, 8.0169093053e-07, 9.75655098046e-07, 1.26958411784e-06, 1.23156598875e-06, 1.25562905851e-06, 9.00954887584e-07, 3.24792154061e-06, 1.27862028876e-06, 2.83230434661e-07, 1.39130477805e-07, 2.83993045969e-07, 1.27907455294e-07, 3.07018481749e-08, 2.31779502258e-08, 1.52722368085e-08, 1.72339866822e-08, 4.11419236457e-08, 2.48857467966e-08, 2.62423220931e-08, 5.66529152479e-08, 3.24339026747e-08, 7.25401676505e-08, 4.6387498287e-08, 1.4754653499e-08, 8.59845794565e-09], "median": [4.08499460036e-07, 1.16522670623e-07, 4.22008206158e-08, 1.44482115161e-07, 2.59288549387e-06, 0.0017382777296, 0.0013653250644, 0.000375704898033, 0.000100291057606, 6.39956306259e-06, 2.74448484561e-06, 1.65158462551e-06, 1.47917148752e-06, 3.215420179e-07, 9.35345596531e-08, 6.18155553411e-08, 9.16120015404e-08, 6.11875918821e-08, 1.74857959223e-07, 1.28758870233e-07, 5.44816671777e-08, 1.93838474161e-07, 4.21086596702e-08, 9.91196991151e-09, 1.0457773314e-08, 1.76175873889e-08, 7.07068581463e-09, 3.70415165207e-09, 6.64511290438e-09, 3.96570598582e-09, 3.85268927872e-09, 5.6302815743e-09, 3.64340224657e-09, 4.17711021328e-09, 2.92816082492e-09, 3.02360270155e-09, 3.03108205202e-09, 4.60291360582e-10, 1.24587007377e-10, 7.22564785782e-11], "min": [8.29685640358e-25, 9.33148692382e-25, 8.67336788072e-25, 1.42624848651e-24, 1.40648091412e-24, 1.22603874421e-24, 1.02559392136e-24, 1.25520056529e-24, 1.73548373629e-24, 1.44554994071e-24, 1.97221497749e-24, 2.35295770732e-24, 2.16901605182e-24, 1.83515098686e-24, 2.46530530529e-24, 2.71546769226e-24, 2.67383792457e-24, 2.4315582302e-24, 3.34535557293e-24, 3.2946328028e-24, 3.34605608141e-24, 2.09579496868e-24, 3.15399172239e-24, 4.08431274286e-24, 4.62424977272e-24, 3.56909466945e-24, 4.55569381576e-24, 4.15571845984e-24, 5.14847308779e-24, 5.36494046449e-24, 4.21363702194e-24, 4.51576838205e-24, 4.51188758083e-24, 5.2573291874e-24, 5.04228964894e-24, 6.42120707278e-24, 5.28816457689e-24, 6.1179117484e-24, 4.53191754807e-24, 5.57850088875e-24], "var": [4.14208216171e-06, 6.1615388347e-08, 2.61671782333e-12, 1.06705941826e-12, 3.75017862098e-07, 7.35696903575e-06, 4.25186271968e-06, 3.15684957286e-07, 3.07315559667e-08, 1.53489609911e-09, 4.79980291623e-11, 1.43139292086e-10, 1.2971172747e-10, 2.30612629687e-11, 6.48530621566e-12, 5.56127323012e-12, 6.76774608577e-12, 1.35653823244e-11, 7.12545430645e-12, 1.04706391127e-11, 9.9920644675e-12, 8.81478917636e-11, 2.0680642962e-11, 1.25977234287e-12, 3.87213237819e-13, 7.71685287285e-13, 3.02005626453e-13, 3.25618946682e-14, 2.61208401439e-15, 1.4649377648e-15, 4.71331779961e-15, 2.73590676346e-14, 1.06209647603e-14, 7.54990620261e-15, 7.88921066062e-14, 7.15774095946e-15, 4.66873244166e-14, 5.61634953497e-14, 8.29047134356e-15, 3.08178644177e-15]}, "mfcc": {"mean": [-882.608032227, 159.749511719, 20.2708587646, -12.2685680389, -36.8333091736, -54.2585754395, -56.7031898499, -15.6629590988, -5.35708999634, 9.40718078613, 9.89474105835, 27.2712688446, 28.4431247711], "cov": [[5148.78125, 1033.07373047, -1126.34521484, 46.6448707581, 552.00982666, 724.688171387, 145.840179443, 552.736328125, 121.799873352, 214.665252686, -97.6886291504, 255.327697754, 254.599014282], [1033.07373047, 1561.2232666, 547.648254395, 173.853286743, 123.436988831, 389.448852539, 323.690490723, 9.00871944427, 302.538116455, 252.423324585, 153.714859009, 120.587471008, 188.234680176], [-1126.34521484, 547.648254395, 1230.19494629, 389.928100586, -4.81653404236, -208.031066895, 85.3417358398, 3.98276853561, 144.304946899, 83.0228118896, 204.767532349, 66.5617370605, -34.0831604004], [46.6448707581, 173.853286743, 389.928100586, 488.184082031, 251.134674072, 105.54309082, 166.698486328, 217.285522461, 133.370849609, 163.586624146, 174.26701355, 110.070800781, 64.5387420654], [552.00982666, 123.436988831, -4.81653404236, 251.134674072, 537.220581055, 348.750915527, 230.342651367, 290.955657959, 189.707794189, 132.435714722, 109.867843628, 156.572402954, 113.094352722], [724.688171387, 389.448852539, -208.031066895, 105.54309082, 348.750915527, 888.962585449, 528.703979492, 145.919265747, 289.359741211, 252.235931396, 120.09349823, 105.101783752, 193.26109314], [145.840179443, 323.690490723, 85.3417358398, 166.698486328, 230.342651367, 528.703979492, 611.898620605, 103.835365295, 185.542175293, 259.29284668, 215.894805908, 36.137966156, 127.009094238], [552.736328125, 9.00871944427, 3.98276853561, 217.285522461, 290.955657959, 145.919265747, 103.835365295, 418.002716064, 71.4251327515, 80.3593521118, 74.0293045044, 138.528671265, 66.4514389038], [121.799873352, 302.538116455, 144.304946899, 133.370849609, 189.707794189, 289.359741211, 185.542175293, 71.4251327515, 379.09588623, 111.737091064, 103.250389099, 55.7711410522, 132.433700562], [214.665252686, 252.423324585, 83.0228118896, 163.586624146, 132.435714722, 252.235931396, 259.29284668, 80.3593521118, 111.737091064, 328.685211182, 163.373168945, 106.971801758, 74.6656341553], [-97.6886291504, 153.714859009, 204.767532349, 174.26701355, 109.867843628, 120.09349823, 215.894805908, 74.0293045044, 103.250389099, 163.373168945, 391.219299316, 85.4230194092, 140.404174805], [255.327697754, 120.587471008, 66.5617370605, 110.070800781, 156.572402954, 105.101783752, 36.137966156, 138.528671265, 55.7711410522, 106.971801758, 85.4230194092, 274.835083008, 54.0337753296], [254.599014282, 188.234680176, -34.0831604004, 64.5387420654, 113.094352722, 193.26109314, 127.009094238, 66.4514389038, 132.433700562, 74.6656341553, 140.404174805, 54.0337753296, 301.897857666]], "icov": [[0.000753095431719, -0.00103500287514, 0.00129099050537, -0.000531642697752, -0.000171797772055, 6.93911060807e-05, 0.000331104092766, -0.00076526828343, 0.000201932882192, 8.60751606524e-05, -1.47667060446e-05, -4.5638786105e-05, 0.000223874216317], [-0.00103500287514, 0.00253427959979, -0.00247803190723, 0.00111795158591, 0.000318645150401, -0.000567097973544, -0.00039695695159, 0.0011356981704, -0.000484668940771, -0.00065369787626, 0.000352854724042, -7.42724078009e-05, -0.000841885281261], [0.00129099050537, -0.00247803190723, 0.00431788573042, -0.00262447074056, 0.000160505340318, 0.00133962975815, -0.000236855485127, -0.000853486126289, -0.000438456918346, 0.000906431931071, -0.000521172536537, -0.000584914290812, 0.00118990091141], [-0.000531642697752, 0.00111795158591, -0.00262447074056, 0.00555769074708, -0.00131177250296, -9.49410605244e-05, 6.6368636908e-05, -0.000956856820267, -0.000128260435304, -0.0016903859796, -0.000347465131199, 0.000553000718355, -0.000461268704385], [-0.000171797772055, 0.000318645150401, 0.000160505340318, -0.00131177250296, 0.00465659564361, -0.000816078973003, -0.000517702603247, -0.00154261710122, -0.00103082123678, 0.000674219510984, 6.71525122016e-05, -0.00106797739863, 2.54611532e-05], [6.93911060807e-05, -0.000567097973544, 0.00133962975815, -9.49410605244e-05, -0.000816078973003, 0.0042479080148, -0.00297162705101, 0.000232112332014, -0.00141968135722, -0.000125784004922, 0.0008325286326, -0.000844705384225, -0.000330037757521], [0.000331104092766, -0.00039695695159, -0.000236855485127, 6.6368636908e-05, -0.000517702603247, -0.00297162705101, 0.00553797790781, -0.000625773449428, 0.00077247741865, -0.00179756211583, -0.00151963811368, 0.00187035161071, 0.000309179886244], [-0.00076526828343, 0.0011356981704, -0.000853486126289, -0.000956856820267, -0.00154261710122, 0.000232112332014, -0.000625773449428, 0.00537759019062, 6.97999712429e-05, 0.000292880256893, 0.000188224192243, -0.0011372131994, -0.000432711240137], [0.000201932882192, -0.000484668940771, -0.000438456918346, -0.000128260435304, -0.00103082123678, -0.00141968135722, 0.00077247741865, 6.97999712429e-05, 0.00474617583677, -0.000210116690141, -0.000103307313111, 0.000525685609318, -0.00101164181251], [8.60751606524e-05, -0.00065369787626, 0.000906431931071, -0.0016903859796, 0.000674219510984, -0.000125784004922, -0.00179756211583, 0.000292880256893, -0.000210116690141, 0.00631494261324, -0.00109045649879, -0.00179232680239, 0.00067670136923], [-1.47667060446e-05, 0.000352854724042, -0.000521172536537, -0.000347465131199, 6.71525122016e-05, 0.0008325286326, -0.00151963811368, 0.000188224192243, -0.000103307313111, -0.00109045649879, 0.00469707604498, -0.000771595106926, -0.00188369629905], [-4.5638786105e-05, -7.42724078009e-05, -0.000584914290812, 0.000553000718355, -0.00106797739863, -0.000844705384225, 0.00187035161071, -0.0011372131994, 0.000525685609318, -0.00179232680239, -0.000771595106926, 0.00575336162001, -0.000153398621478], [0.000223874216317, -0.000841885281261, 0.00118990091141, -0.000461268704385, 2.54611532e-05, -0.000330037757521, 0.000309179886244, -0.000432711240137, -0.00101164181251, 0.00067670136923, -0.00188369629905, -0.000153398621478, 0.00522827636451]]}, "spectral_contrast_coeffs": {"dmean": [0.0436911806464, 0.040508158505, 0.0276031922549, 0.0281182359904, 0.0237424466759, 0.0341549143195], "dmean2": [0.0744188576937, 0.0546355172992, 0.044577922672, 0.0461903363466, 0.0384832397103, 0.0595387071371], "dvar": [0.00127930007875, 0.00102580327075, 0.000494090083521, 0.000477499648696, 0.000385546212783, 0.000770866347011], "dvar2": [0.00377933005802, 0.00209149578586, 0.00135259318631, 0.00126709870528, 0.0009947756771, 0.00228499551304], "max": [-0.547692000866, -0.290427476168, -0.455857545137, -0.463804811239, -0.460768342018, -0.574966430664], "mean": [-0.750742673874, -0.537618756294, -0.725940465927, -0.738249182701, -0.712085008621, -0.747391700745], "median": [-0.752682685852, -0.530736327171, -0.737328588963, -0.728510975838, -0.705606341362, -0.723779082298], "min": [-0.980337381363, -0.982634663582, -0.977735221386, -0.974905610085, -0.967437565327, -0.965830087662], "var": [0.0041996599175, 0.0066094645299, 0.00591944344342, 0.00556504772976, 0.011139200069, 0.00686406018212]}, "spectral_contrast_valleys": {"dmean": [0.463153600693, 0.258783221245, 0.248346090317, 0.267366588116, 0.220048606396, 0.576287508011], "dmean2": [0.783630609512, 0.417700767517, 0.4170101583, 0.449725657701, 0.363752007484, 1.008172512