{"lowlevel": {"average_loudness": 0.970743775368, "barkbands_crest": {"dmean": 2.78674149513, "dmean2": 4.04425907135, "dvar": 9.35574150085, "dvar2": 21.8034248352, "max": 24.6927852631, "mean": 11.1512594223, "median": 10.0352954865, "min": 3.76512336731, "var": 19.9755115509}, "barkbands_flatness_db": {"dmean": 0.0249173920602, "dmean2": 0.0382751859725, "dvar": 0.00100275001023, "dvar2": 0.00250063999556, "max": 0.419756948948, "mean": 0.184710398316, "median": 0.177922859788, "min": 0.0437823422253, "var": 0.00332337571308}, "barkbands_kurtosis": {"dmean": 5.80609512329, "dmean2": 9.09949207306, "dvar": 179.391616821, "dvar2": 459.872497559, "max": 167.154708862, "mean": 7.99991559982, "median": 4.26143550873, "min": -1.78584682941, "var": 183.824325562}, "barkbands_skewness": {"dmean": 0.677342653275, "dmean2": 0.935902476311, "dvar": 0.896788597107, "dvar2": 2.02962660789, "max": 9.74280643463, "mean": 1.84795761108, "median": 1.62745368481, "min": -2.06341075897, "var": 1.99333703518}, "barkbands_spread": {"dmean": 2.32590723038, "dmean2": 3.44831418991, "dvar": 8.07237434387, "dvar2": 20.8447761536, "max": 85.9231491089, "mean": 9.93424129486, "median": 9.07984924316, "min": 0.464428722858, "var": 35.8831977844}, "dissonance": {"dmean": 0.0240468550473, "dmean2": 0.0398501865566, "dvar": 0.000582787906751, "dvar2": 0.00148868211545, "max": 0.499985903502, "mean": 0.433001071215, "median": 0.442154109478, "min": 0.206920713186, "var": 0.00199555652216}, "dynamic_complexity": 2.75703907013, "erbbands_crest": {"dmean": 1.93114852905, "dmean2": 2.95240712166, "dvar": 4.64935016632, "dvar2": 10.0117893219, "max": 32.3559341431, "mean": 10.8750123978, "median": 9.78580188751, "min": 2.89163064957, "var": 25.2973232269}, "erbbands_flatness_db": {"dmean": 0.0171001367271, "dmean2": 0.0239823274314, "dvar": 0.000446262245532, "dvar2": 0.000935624237172, "max": 0.384266734123, "mean": 0.188129201531, "median": 0.179113447666, "min": 0.0640786290169, "var": 0.00307492609136}, "erbbands_kurtosis": {"dmean": 1.06249928474, "dmean2": 1.62942183018, "dvar": 1.95482850075, "dvar2": 3.99482774734, "max": 26.1319313049, "mean": 2.28725290298, "median": 1.55928277969, "min": -1.57411968708, "var": 8.33714580536}, "erbbands_skewness": {"dmean": 0.270140260458, "dmean2": 0.411187112331, "dvar": 0.0776584818959, "dvar2": 0.176315307617, "max": 4.02336645126, "mean": 0.946110010147, "median": 0.93473136425, "min": -1.64449715614, "var": 0.348164021969}, "erbbands_spread": {"dmean": 4.67791032791, "dmean2": 7.10926818848, "dvar": 37.3342666626, "dvar2": 88.053352356, "max": 109.913909912, "mean": 23.1852550507, "median": 20.8556480408, "min": 2.73192644119, "var": 144.693435669}, "hfc": {"dmean": 4.92009449005, "dmean2": 7.60237836838, "dvar": 77.098449707, "dvar2": 189.294281006, "max": 85.5621566772, "mean": 12.2457427979, "median": 8.89657211304, "min": 1.17791657428e-16, "var": 118.164932251}, "melbands_crest": {"dmean": 3.61053800583, "dmean2": 4.71210098267, "dvar": 12.621049881, "dvar2": 21.0890674591, "max": 35.5381393433, "mean": 15.2724027634, "median": 13.1790866852, "min": 1.74271547794, "var": 46.3668022156}, "melbands_flatness_db": {"dmean": 0.0291654672474, "dmean2": 0.0437107756734, "dvar": 0.00149905239232, "dvar2": 0.00340274581686, "max": 0.541140377522, "mean": 0.272530049086, "median": 0.267562925816, "min": 0.00675514852628, "var": 0.00512698711827}, "melbands_kurtosis": {"dmean": 8.44681930542, "dmean2": 12.7657413483, "dvar": 297.620910645, "dvar2": 688.640258789, "max": 232.147094727, "mean": 12.8241596222, "median": 6.58107423782, "min": -1.69078207016, "var": 403.640594482}, "melbands_skewness": {"dmean": 0.751681149006, "dmean2": 1.03437483311, "dvar": 1.01722681522, "dvar2": 2.05632138252, "max": 11.187502861, "mean": 2.24151086807, "median": 1.90209317207, "min": -0.939950287342, "var": 2.61377835274}, "melbands_spread": {"dmean": 2.58875131607, "dmean2": 3.69067597389, "dvar": 10.8771476746, "dvar2": 21.8395137787, "max": 141.579421997, "mean": 11.1884431839, "median": 10.5213947296, "min": 0.452857106924, "var": 51.7099990845}, "pitch_salience": {"dmean": 0.0730437487364, "dmean2": 0.10932893306, "dvar": 0.00681642862037, "dvar2": 0.0140921864659, "max": 0.864827990532, "mean": 0.520403206348, "median": 0.536680817604, "min": 0.101650580764, "var": 0.0180357825011}, "silence_rate_20dB": {"dmean": 0, "dmean2": 0, "dvar": 0, "dvar2": 0, "max": 1, "mean": 1, "median": 1, "min": 1, "var": 0}, "silence_rate_30dB": {"dmean": 0.117973923683, "dmean2": 0.235998287797, "dvar": 0.104055322707, "dvar2": 0.205538809299, "max": 1, "mean": 0.885470092297, "median": 1, "min": 0, "var": 0.101416409016}, "silence_rate_60dB": {"dmean": 0.0106860436499, "dmean2": 0.0211628898978, "dvar": 0.0105720860884, "dvar2": 0.0267018061131, "max": 1, "mean": 0.0213675219566, "median": 0, "min": 0, "var": 0.0209110528231}, "spectral_centroid": {"dmean": 106.445129395, "dmean2": 175.035736084, "dvar": 38478.5195312, "dvar2": 69348.578125, "max": 10614.7148438, "mean": 679.659790039, "median": 649.077758789, "min": 172.057052612, "var": 86557.7890625}, "spectral_complexity": {"dmean": 2.06069684029, "dmean2": 3.33411717415, "dvar": 5.27903747559, "dvar2": 11.3527345657, "max": 41, "mean": 13.7931623459, "median": 14, "min": 0, "var": 20.0265598297}, "spectral_decrease": {"dmean": 7.74631292444e-09, "dmean2": 1.22101546651e-08, "dvar": 2.50596417981e-16, "dvar2": 6.38017773701e-16, "max": -4.44487478351e-29, "mean": -1.05267483619e-08, "median": -4.90645302165e-09, "min": -1.07843874275e-07, "var": 2.3666976696e-16}, "spectral_energy": {"dmean": 0.0296556632966, "dmean2": 0.0467117242515, "dvar": 0.00364294578321, "dvar2": 0.00927440915257, "max": 0.410295844078, "mean": 0.0408410765231, "median": 0.0193909537047, "min": 1.08518268847e-20, "var": 0.0034485948272}, "spectral_energyband_high": {"dmean": 6.37256889604e-05, "dmean2": 8.93582764547e-05, "dvar": 2.2091819929e-08, "dvar2": 5.10493123329e-08, "max": 0.00387461856008, "mean": 0.000145282916492, "median": 5.50164768356e-05, "min": 7.94461176462e-21, "var": 6.18448297018e-08}, "spectral_energyband_low": {"dmean": 0.02226270549, "dmean2": 0.035191103816, "dvar": 0.00320362416096, "dvar2": 0.00816051848233, "max": 0.394328594208, "mean": 0.0224105436355, "median": 0.00347707932815, "min": 2.92064579888e-23, "var": 0.00292804627679}, "spectral_energyband_middle_high": {"dmean": 0.000940767815337, "dmean2": 0.00139125064015, "dvar": 3.25965902448e-06, "dvar2": 7.0585560934e-06, "max": 0.0274068489671, "mean": 0.00311991199851, "median": 0.00184207130224, "min": 1.74151265941e-21, "var": 1.26530239868e-05}, "spectral_energyband_middle_low": {"dmean": 0.0081946933642, "dmean2": 0.0134626645595, "dvar": 0.000503418617882, "dvar2": 0.00130205519963, "max": 0.231050044298, "mean": 0.0161115247756, "median": 0.0108266435564, "min": 2.87985096157e-22, "var": 0.000468423793791}, "spectral_entropy": {"dmean": 0.179337441921, "dmean2": 0.293045580387, "dvar": 0.0541880875826, "dvar2": 0.144770503044, "max": 9.81164932251, "mean": 6.95422792435, "median": 6.98893356323, "min": 5.16349887848, "var": 0.245177909732}, "spectral_flux": {"dmean": 0.0545265413821, "dmean2": 0.0855723395944, "dvar": 0.00890710391104, "dvar2": 0.016415854916, "max": 0.579832851887, "mean": 0.094025105238, "median": 0.0460797026753, "min": 1.041721015e-10, "var": 0.0128714591265}, "spectral_kurtosis": {"dmean": 3.60828137398, "dmean2": 6.10458898544, "dvar": 27.0454101562, "dvar2": 74.7484512329, "max": 70.6135177612, "mean": 10.9666280746, "median": 8.30084228516, "min": -1.14997398853, "var": 76.4541854858}, "spectral_rms": {"dmean": 0.00167256593704, "dmean2": 0.00240813335404, "dvar": 7.71014674683e-06, "dvar2": 1.79353228305e-05, "max": 0.0200072154403, "mean": 0.00538705848157, "median": 0.00434948317707, "min": 3.25378981571e-12, "var": 1.08245967567e-05}, "spectral_rolloff": {"dmean": 132.319747925, "dmean2": 205.349822998, "dvar": 113918.632812, "dvar2": 156675.609375, "max": 18109.4238281, "mean": 686.546630859, "median": 667.529296875, "min": 64.599609375, "var": 745097.4375}, "spectral_skewness": {"dmean": 0.333243608475, "dmean2": 0.56424164772, "dvar": 0.147522315383, "dvar2": 0.410915076733, "max": 6.3963432312, "mean": 2.46545934677, "median": 2.33618307114, "min": 0.0357983112335, "var": 0.540931999683}, "spectral_spread": {"dmean": 435885.03125, "dmean2": 642470, "dvar": 550229835776, "dvar2": 813833191424, "max": 39824592, "mean": 3738155, "median": 3598516, "min": 896353.5, "var": 2489905577980.0}, "spectral_strongpeak": {"dmean": 0.39036539197, "dmean2": 0.652904510498, "dvar": 0.320150911808, "dvar2": 0.746006786823, "max": 6.75391149521, "mean": 0.921355307102, "median": 0.600475311279, "min": 7.76687880677e-10, "var": 0.970189929008}, "zerocrossingrate": {"dmean": 0.00572663452476, "dmean2": 0.00668824231252, "dvar": 6.53480456094e-05, "dvar2": 6.15982935415e-05, "max": 0.494140625, "mean": 0.033422537148, "median": 0.02978515625, "min": 0.00146484375, "var": 0.000651380920317}, "barkbands": {"dmean": [0.00110395113006, 0.0182316154242, 0.00476927543059, 0.00103958451655, 0.00562955718488, 0.00100142660085, 0.000824906222988, 0.00061218457995, 0.000634121650364, 0.000486995355459, 0.000391824665712, 0.000102842677734, 0.00018029511557, 6.34728057776e-05, 7.12507535354e-05, 8.57774793985e-05, 5.29060889676e-05, 4.21783406637e-05, 3.51793241862e-05, 2.60957258433e-05, 1.43434426718e-05, 1.23854752019e-05, 1.01431633084e-05, 9.78087609838e-06, 8.19336491986e-06, 4.58976592199e-06, 2.32409934142e-06], "dmean2": [0.00138322554994, 0.029281668365, 0.00890849996358, 0.00187894597184, 0.00942516606301, 0.00162480841391, 0.0013502498623, 0.000915764539968, 0.000896710203961, 0.000693994748872, 0.000563937821425, 0.000163688295288, 0.000258559215581, 0.00010102277156, 0.000120112264995, 0.000143202370964, 8.86310081114e-05, 7.3294104368e-05, 6.24456224614e-05, 4.47111633548e-05, 2.13089133467e-05, 1.87323748833e-05, 1.4909114725e-05, 1.41652117236e-05, 1.14050917546e-05, 6.17181240159e-06, 3.58077841156e-06], "dvar": [5.58667443329e-06, 0.00228509213775, 0.000198841415113, 4.97483279105e-06, 0.000367529777577, 3.70444763576e-06, 2.2132446702e-06, 1.79926382771e-06, 1.92214088202e-06, 2.95807103612e-06, 6.21273898105e-07, 6.76344882322e-08, 2.31034604781e-07, 1.1673094491e-08, 1.46791894196e-08, 2.62554298303e-08, 1.12586864276e-08, 7.14170012017e-09, 4.74037964437e-09, 3.56390184031e-09, 1.44353651255e-09, 1.44909440003e-09, 6.64504506975e-10, 5.92426496748e-10, 2.88892881839e-10, 1.1479640849e-10, 7.91245818865e-11], "dvar2": [9.40930476645e-06, 0.00588843598962, 0.00056979607325, 1.39892235893e-05, 0.000965885352343, 9.08639958652e-06, 5.81140830036e-06, 3.88581247535e-06, 3.9342976379e-06, 5.37138066647e-06, 1.39431290336e-06, 1.55163490945e-07, 4.16803885628e-07, 2.65011710354e-08, 4.22142072409e-08, 7.04880633862e-08, 3.03441289873e-08, 1.91528197746e-08, 1.3154635603e-08, 9.27842425114e-09, 3.69885189144e-09, 3.8208467501e-09, 1.47749368296e-09, 1.42946410264e-09, 5.47350331725e-10, 2.1757182167e-10, 2.24961493878e-10], "max": [0.0149400969967, 0.337500035763, 0.0900531485677, 0.0226489510387, 0.191781237721, 0.0415493622422, 0.0357515215874, 0.0263558812439, 0.0463900752366, 0.0419802777469, 0.0165321454406, 0.00920437090099, 0.0166857205331, 0.00168965058401, 0.00202717096545, 0.00195273535792, 0.00143038970418, 0.00113221991342, 0.000975840259343, 0.000680547265802, 0.00103384512477, 0.00114407308865, 0.000715994334314, 0.000619972706772, 0.000607886875514, 0.000296606915072, 0.000339736987371], "mean": [0.00157564610709, 0.0166404079646, 0.00378272309899, 0.00109150004573, 0.00621745269746, 0.00198843865655, 0.00221249903552, 0.00172341335565, 0.00177874439396, 0.00173116114456, 0.000849621545058, 0.000199721296667, 0.000311863172101, 0.000110981323814, 0.000125137143186, 0.000119865027955, 8.56744954945e-05, 6.36106487946e-05, 5.46463779756e-05, 5.6225926528e-05, 2.38394950429e-05, 2.46521667577e-05, 2.22394955927e-05, 1.93919877347e-05, 1.77423353307e-05, 1.02387457446e-05, 3.71330406779e-06], "median": [6.44996252959e-05, 0.00166820641607, 0.000462339085061, 0.00035404774826, 0.00234659900889, 0.00127878517378, 0.000994229805656, 0.000966482853983, 0.000788537086919, 0.000318974198308, 0.000394670933019, 9.5951705589e-05, 0.000120834010886, 5.58554966119e-05, 7.79325637268e-05, 5.0852951972e-05, 4.4744083425e-05, 2.91680516966e-05, 2.76936079899e-05, 2.57350038737e-05, 8.38122105051e-06, 7.376753274e-06, 5.79681181989e-06, 6.01115243626e-06, 5.37274308954e-06, 2.57405827142e-06, 7.34792934054e-07], "min": [1.16905115631e-23, 1.09078242834e-23, 2.51355144661e-24, 8.30440580244e-24, 4.84196007866e-23, 3.56282275194e-23, 6.0245515591e-23, 5.02299702998e-23, 6.27230310826e-23, 8.69273220714e-23, 3.34267470803e-23, 9.1621681857e-23, 1.59559790343e-22, 1.66016862976e-22, 1.76608399791e-22, 9.45723687414e-23, 2.14177856226e-22, 2.3892711126e-22, 3.8556888145e-22, 2.4250106768e-22, 5.38416879128e-22, 5.1348109951e-22, 6.47251108351e-22, 1.01086156057e-21, 1.13635037268e-21, 1.68477404706e-21, 2.45002415606e-21], "var": [1.07729229057e-05, 0.00198795180768, 0.00012012442312, 3.67863253814e-06, 0.00028801013832, 6.43644034426e-06, 9.78520984063e-06, 5.48899788555e-06, 7.28514578441e-06, 1.97784520424e-05, 1.7067141016e-06, 1.14753930802e-07, 7.40527184462e-07, 2.76402598587e-08, 2.29822774145e-08, 3.43996262586e-08, 1.5129897335e-08, 1.05453636934e-08, 7.14324288609e-09, 6.22129636696e-09, 2.47869769154e-09, 2.76396217025e-09, 2.13534145921e-09, 1.46662815226e-09, 9.77816050352e-10, 4.22408413803e-10, 9.91441442832e-11]}, "erbbands": {"dmean": [0.549591779709, 4.22653198242, 6.86559772491, 3.79414081573, 13.9576768875, 19.2467536926, 9.11587047577, 8.39574718475, 12.1274175644, 14.3500785828, 8.51516151428, 16.4110774994, 18.3823699951, 7.86197280884, 16.3106002808, 4.41474437714, 8.40347194672, 3.60314369202, 2.55148673058, 4.87329626083, 2.89087677002, 2.80912470818, 2.75650572777, 1.73754107952, 1.66167938709, 1.24839925766, 0.578744292259, 0.622466683388, 0.444148659706, 0.394247919321, 0.304346680641, 0.236400440335, 0.150676548481, 0.100099846721, 0.0542871616781, 0.0237093903124, 0.00821496546268, 0.0024068125058, 0.000386929430533, 5.01526046719e-05], "dmean2": [0.75333660841, 7.50654315948, 12.7598581314, 6.87704181671, 23.5030326843, 32.2634887695, 15.8108949661, 13.586977005, 20.3948993683, 21.2428455353, 13.1164970398, 22.9417209625, 25.9303417206, 11.8147993088, 23.8102245331, 6.55967283249, 11.9713048935, 5.69640922546, 3.98548936844, 8.2985458374, 4.87069320679, 4.7439365387, 4.69514513016, 3.06263446808, 2.97644162178, 2.14900135994, 0.909595191479, 0.952907562256, 0.678501427174, 0.584776878357, 0.469889551401, 0.353616952896, 0.209810048342, 0.145276382565, 0.0762871280313, 0.0335678644478, 0.0111520551145, 0.00347686582245, 0.000576980353799, 7.66853554524e-05], "dvar": [1.66946601868, 149.671768188, 417.818115234, 78.6536407471, 2163.68286133, 4118.04296875, 687.37286377, 263.769775391, 515.521362305, 759.416931152, 320.11920166, 1336.83056641, 4226.68408203, 288.851745605, 1250.55371094, 75.8332519531, 485.08291626, 52.9734458923, 16.2690811157, 94.7223968506, 28.3367614746, 31.518901825, 28.2758827209, 11.4370155334, 11.7256164551, 8.7920665741, 1.41234791279, 3.54263114929, 2.30354428291, 1.02876341343, 0.58343821764, 0.317130237818, 0.142864957452, 0.051205996424, 0.0117958476767, 0.00297099398449, 0.000438519491581, 0.000103888960439, 1.93513506019e-06, 9.77631753329e-09], "dvar2": [3.67858767509, 410.881958008, 1191.83776855, 222.209472656, 5736.01123047, 10845.6386719, 1902.84484863, 609.663513184, 1475.13879395, 1614.30651855, 757.976867676, 2735.71386719, 7673.63330078, 579.899719238, 2916.82177734, 170.849975586, 836.117370605, 117.830993652, 37.5889205933, 265.954467773, 76.4120178223, 86.4306793213, 74.3983459473, 31.6356754303, 32.6923065186, 22.8600406647, 3.54553341866, 9.19743442535, 6.17774438858, 2.63534092903, 1.25004458427, 0.742029726505, 0.346222102642, 0.103132978082, 0.0240332763642, 0.00557629950345, 0.000933407922275, 0.000258285057498, 5.38258245797e-06, 2.50221905418e-08], "max": [10.0900373459, 81.3784332275, 127.665267944, 61.3723449707, 485.847351074, 639.343261719, 297.147094727, 532.898681641, 344.034881592, 547.510498047, 306.849365234, 1256.14660645, 1624.04797363, 484.570465088, 838.888427734, 253.021133423, 842.156738281, 203.960983276, 109.832038879, 133.549911499, 62.0807113647, 64.1894836426, 69.7119979858, 58.0819473267, 40.2814559937, 34.2064781189, 24.741350174, 52.0740432739, 47.8044319153, 30.5641746521, 21.890630722, 13.1764659882, 10.5695848465, 8.36875915527, 3.16060328484, 1.42654919624, 0.618878662586, 0.434797674417, 0.0468193329871, 0.00202517281286], "mean": [0.608637392521, 3.14090466499, 5.11812639236, 3.89975380898, 14.3621864319, 20.6854419708, 13.4356832504, 18.4559726715, 29.8958892822, 44.3342475891, 24.1370601654, 47.1563262939, 63.6524772644, 23.9261322021, 33.015247345, 10.4219589233, 15.1410770416, 7.05403661728, 5.1447429657, 8.52222537994, 4.47032022476, 4.5690946579, 4.48597764969, 2.79925370216, 2.62818646431, 2.77551174164, 1.09983944893, 1.0347468853, 0.88111615181, 0.768185436726, 0.647011160851, 0.428189754486, 0.319856137037, 0.213549077511, 0.114306077361, 0.0493020787835, 0.017564157024, 0.00432827649638, 0.000630963302683, 7.66398443375e-05], "median": [0.0353839769959, 0.275508105755, 0.685838282108, 1.09063243866, 3.91793060303, 7.31576824188, 7.29742622375, 11.5488071442, 17.01861763, 23.6304893494, 13.972946167, 22.0576515198, 16.4298934937, 10.5636043549, 14.9031658173, 5.41731309891, 5.67498016357, 4.01502895355, 3.53995656967, 4.83511924744, 2.31908154488, 2.42968320847, 2.15976047516, 1.53505337238, 1.23744249344, 1.23657274246, 0.505171060562, 0.350215405226, 0.295876502991, 0.209485784173, 0.177501499653, 0.129710018635, 0.0872268378735, 0.0646721348166, 0.0322436019778, 0.0127257686108, 0.00450456049293, 0.00094914692454, 0.00014097552048, 3.56847376679e-05], "min": [8.44344357828e-22, 4.96760479494e-22, 2.65291261756e-21, 2.47351188493e-20, 1.24958659621e-19, 1.51940386473e-19, 7.1285669095e-20, 4.22050063347e-19, 4.68608260167e-19, 1.23460211601e-18, 1.22733192221e-18, 1.50583784419e-18, 2.64860150892e-18, 1.88877883403e-18, 2.78942177037e-18, 3.60145960104e-18, 7.85316836316e-18, 7.27542323714e-18, 1.00945598167e-17, 6.49578317593e-18, 6.42370224376e-18, 1.12379624784e-17, 1.49097766857e-17, 1.60553622771e-17, 1.70313047053e-17, 1.28124197107e-17, 1.88314532047e-17, 2.09944742582e-17, 1.9924031408e-17, 1.83344996363e-17, 1.9030467897e-17, 1.80116626237e-17, 1.78828143541e-17, 1.08299936916e-17, 9.85918143745e-18, 5.39238999964e-18, 3.16179139198e-18, 1.34926310079e-18, 4.31667252889e-19, 3.03127702547e-20], "var": [2.13375687599, 99.9675216675, 247.770706177, 54.8356552124, 1641.17028809, 3263.86132812, 522.879150391, 687.381652832, 1381.84667969, 3108.78588867, 872.415893555, 5014.48730469, 27525.1035156, 1366.17529297, 2922.35839844, 183.720672607, 1716.89160156, 112.947662354, 37.0002098083, 130.546661377, 38.1764221191, 39.6130332947, 44.9314918518, 18.1752815247, 15.4366073608, 15.6504354477, 3.00465965271, 5.29272270203, 3.86051440239, 2.61810660362, 1.70000219345, 0.745472609997, 0.397526323795, 0.157620593905, 0.0403423570096, 0.0103362612426, 0.00125919526909, 0.00012010474893, 2.72741203844e-06, 1.44810039515e-08]}, "gfcc": {"mean": [-37.8247528076, 128.132019043, -103.649856567, 3.95671820641, -58.4962425232, 0.820864915848, -31.0259189606, 6.87046480179, -19.0311088562, -1.51492714882, -11.1480512619, -0.577700674534, -6.46560144424], "cov": [[8436.47753906, -1088.96972656, 239.900039673, 216.099868774, -99.8045806885, 248.141021729, -148.01902771, 319.720275879, -261.758605957, 221.211914062, -190.669586182, 144.38142395, -116.022026062], [-1088.96972656, 1845.83459473, -298.592224121, 87.6834640503, 457.118499756, -86.0208816528, 366.710388184, -47.2647285461, 279.430664062, -83.2279663086, 212.457885742, -115.765228271, 155.934341431], [239.900039673, -298.592224121, 704.616943359, 201.27571106, 178.989227295, 241.439193726, 27.7153930664, 114.182807922, 17.345457077, 72.5727005005, -7.25936937332, 61.2280082703, -85.4596099854], [216.099868774, 87.6834640503, 201.27571106, 336.740234375, 173.675933838, 128.085586548, 104.027992249, 58.7277526855, 64.9514465332, 13.252828598, 43.0624580383, -7.8479642868, -32.8872146606], [-99.8045806885, 457.118499756, 178.989227295, 173.675933838, 384.315887451, 119.837013245, 203.130630493, 82.2587432861, 126.908958435, 29.5971755981, 86.8448791504, 6.92208051682, 17.6247653961], [248.141021729, -86.0208816528, 241.439193726, 128.085586548, 119.837013245, 202.899215698, 70.0109176636, 86.734375, 28.70611763, 34.384311676, 6.7280960083, 23.0907039642, -31.0898361206], [-148.01902771, 366.710388184, 27.7153930664, 104.027992249, 203.130630493, 70.0109176636, 209.643798828, 63.6692733765, 102.00579071, 9.7387046814, 74.8082885742, -5.33484363556, 30.5457859039], [319.720275879, -47.2647285461, 114.182807922, 58.7277526855, 82.2587432861, 86.734375, 63.6692733765, 140.875274658, 51.5375175476, 58.410484314, 27.8514308929, 37.9924697876, 4.32569599152], [-261.758605957, 279.430664062, 17.345457077, 64.9514465332, 126.908958435, 28.70611763, 102.00579071, 51.5375175476, 126.258003235, 28.7015380859, 68.5278167725, 1.32291972637, 32.796043396], [221.211914062, -83.2279663086, 72.5727005005, 13.252828598, 29.5971755981, 34.384311676, 9.7387046814, 58.410484314, 28.7015380859, 104.846992493, 40.3949241638, 36.9957351685, 8.35579681396], [-190.669586182, 212.457885742, -7.25936937332, 43.0624580383, 86.8448791504, 6.7280960083, 74.8082885742, 27.8514308929, 68.5278167725, 40.3949241638, 109.045478821, 22.8861312866, 26.5677967072], [144.38142395, -115.765228271, 61.2280082703, -7.8479642868, 6.92208051682, 23.0907039642, -5.33484363556, 37.9924697876, 1.32291972637, 36.9957351685, 22.8861312866, 67.2989654541, 13.9491109848], [-116.022026062, 155.934341431, -85.4596099854, -32.8872146606, 17.6247653961, -31.0898361206, 30.5457859039, 4.32569599152, 32.796043396, 8.35579681396, 26.5677967072, 13.9491109848, 82.59715271]], "icov": [[0.00018757165526, -0.000125669612316, 0.000169472710695, -0.000284448615275, 2.2258311219e-05, -6.18600315647e-05, 6.39360077912e-05, -0.000523123773746, 0.000711634638719, -0.000556812854484, 0.000572842021938, -0.000430940330261, 0.000200821494218], [-0.000125669612316, 0.00251713790931, 0.000102562808024, 0.000848622992635, -0.00219107512385, 0.000754562206566, -0.000832628109492, 0.00135313882492, -0.00234552496113, 0.00242001749575, -0.00320168607868, 0.00405716523528, -0.00246482831426], [0.000169472710695, 0.000102562808024, 0.00353501900099, -0.000893266289495, -0.00159506860655, -0.00245812674984, 0.00140188413206, -0.000219685171032, 6.23999658274e-05, -0.00127072515897, 0.00162213190924, -0.00259048328735, 0.00227395631373], [-0.000284448615275, 0.000848622992635, -0.000893266289495, 0.00565389962867, -0.0014249040978, -0.00140326004475, -0.00059559463989, 0.000848234980367, -0.00223430758342, 0.00223543122411, -0.00328524736688, 0.0034923099447, 0.000404929596698], [2.2258311219e-05, -0.00219107512385, -0.00159506860655, -0.0014249040978, 0.00910782627761, -0.00103243917692, -0.00427983421832, -0.000290407508146, -0.00046065801871, -0.00171867327299, 0.00182322203182, -0.00327485543676, 0.0015393710928], [-6.18600315647e-05, 0.000754562206566, -0.00245812674984, -0.00140326004475, -0.00103243917692, 0.0121621796861, -0.0033532124944, -0.00291650742292, 0.000414701004047, 9.26412030822e-05, 0.00138556852471, 9.17672296055e-05, 0.00094232975971], [6.39360077912e-05, -0.000832628109492, 0.00140188413206, -0.00059559463989, -0.00427983421832, -0.0033532124944, 0.0151396086439, -0.00389013509266, -0.00165786326397, 0.00258365110494, -0.00370432040654, 0.00229026819579, -0.00166739150882], [-0.000523123773746, 0.00135313882492, -0.000219685171032, 0.000848234980367, -0.000290407508146, -0.00291650742292, -0.00389013509266, 0.0169190950692, -0.0072310520336, -0.00303060514852, 0.00137043767609, -0.00367529201321, -0.000304577813949], [0.000711634638719, -0.00234552496113, 6.23999658274e-05, -0.00223430758342, -0.00046065801871, 0.000414701004047, -0.00165786326397, -0.0072310520336, 0.0235725808889, -0.00467295991257, -0.00279329391196, 0.0015295043122, -0.00239798729308], [-0.000556812854484, 0.00242001749575, -0.00127072515897, 0.00223543122411, -0.00171867327299, 9.26412030822e-05, 0.00258365110494, -0.00303060514852, -0.00467295991257, 0.019894907251, -0.0103690437973, 0.00221398612484, -0.00336654973216], [0.000572842021938, -0.00320168607868, 0.00162213190924, -0.00328524736688, 0.00182322203182, 0.00138556852471, -0.00370432040654, 0.00137043767609, -0.00279329391196, -0.0103690437973, 0.0258898362517, -0.0143927196041, 0.00491113914177], [-0.000430940330261, 0.00405716523528, -0.00259048328735, 0.0034923099447, -0.00327485543676, 9.17672296055e-05, 0.00229026819579, -0.00367529201321, 0.0015295043122, 0.00221398612484, -0.0143927196041, 0.0341063477099, -0.0114374309778], [0.000200821494218, -0.00246482831426, 0.00227395631373, 0.000404929596698, 0.0015393710928, 0.00094232975971, -0.00166739150882, -0.000304577813949, -0.00239798729308, -0.00336654973216, 0.00491113914177, -0.0114374309778, 0.0218597501516]]}, "melbands": {"dmean": [0.00490435864776, 0.00436440715566, 0.00085757963825, 0.0014195246622, 0.000382033700589, 0.000196484805201, 0.000174728076672, 0.000160823808983, 7.02180986991e-05, 0.000105676008388, 9.08153306227e-05, 3.12063093588e-05, 4.97581822856e-05, 2.07582434086e-05, 1.64261091413e-05, 1.6844149286e-05, 6.38945584797e-06, 4.25163580076e-06, 5.70580141357e-06, 8.82411768544e-06, 2.15664204006e-06, 2.7376881917e-06, 3.51005314769e-06, 1.96052133106e-06, 1.41317866564e-06, 1.41898692618e-06, 9.93146045403e-07, 8.72879638791e-07, 4.01573743147e-07, 3.64934578556e-07, 3.83211414601e-07, 2.72465911166e-07, 2.32669762568e-07, 2.08680987157e-07, 1.86376055922e-07, 1.5313848678e-07, 1.56457744538e-07, 1.1701558833e-07, 9.71093356839e-08, 8.24299490887e-08], "dmean2": [0.00731660472229, 0.00795131828636, 0.00152191193774, 0.00236906320788, 0.000664813327603, 0.000318852107739, 0.000290071533527, 0.000237550630118, 0.000106181971205, 0.000148554288899, 0.000128602085169, 4.74434127682e-05, 7.33097695047e-05, 3.02671924146e-05, 2.30463956541e-05, 2.54680489888e-05, 1.01490531961e-05, 6.63700302539e-06, 9.67608593783e-06, 1.48352019096e-05, 3.65557480109e-06, 4.66142182631e-06, 5.83064093007e-06, 3.45652551914e-06, 2.4671223855e-06, 2.53533812611e-06, 1.719091415e-06, 1.51285939864e-06, 6.56257384435e-07, 5.46114051758e-07, 6.0529549728e-07, 4.32656861449e-07, 3.44958010601e-07, 3.15413927865e-07, 2.94765925446e-07, 2.26199418307e-07, 2.44190005105e-07, 1.69802902406e-07, 1.41722225067e-07, 1.22780491552e-07], "dvar": [0.000148332546814, 0.000163667442393, 3.39730036103e-06, 2.48985852522e-05, 1.19368280593e-06, 1.28059284066e-07, 1.00970517281e-07, 1.02910341582e-07, 2.17496776145e-08, 5.81581502956e-08, 1.0520800231e-07, 5.2333191114e-09, 1.06060342731e-08, 2.62753352409e-09, 1.40439326834e-09, 2.30182739536e-09, 1.4512081814e-10, 4.55455846649e-11, 8.63238508453e-11, 2.8908628269e-10, 1.54872711877e-11, 2.98379064512e-11, 5.36975255927e-11, 1.48563262387e-11, 7.43067760101e-12, 8.43198080802e-12, 4.16328777009e-12, 4.82120159767e-12, 7.52379929192e-13, 5.97374092467e-13, 1.78962823293e-12, 1.00823255994e-12, 3.39614431412e-13, 2.9880264929e-13, 2.26328341919e-13, 1.20039002067e-13, 1.5960313854e-13, 9.69709745445e-14, 4.85262329451e-14, 3.58134881343e-14], "dvar2": [0.000361294078175, 0.000457591668237, 9.38411176321e-06, 6.51691225357e-05, 3.31009778165e-06, 3.08848342456e-07, 2.80562602484e-07, 2.14792933662e-07, 4.95956413715e-08, 1.18094334312e-07, 1.91288890505e-07, 1.10204814163e-08, 2.50776803767e-08, 5.89974069598e-09, 2.40726749645e-09, 4.5156989259e-09, 3.22194548819e-10, 1.05266052819e-10, 2.45673620336e-10, 7.64933560937e-10, 4.24779551811e-11, 8.41601580093e-11, 1.43892994742e-10, 4.04751648864e-11, 2.0298943082e-11, 2.35443227414e-11, 1.07792412149e-11, 1.29921689726e-11, 2.00919944744e-12, 1.26302429886e-12, 4.95403891521e-12, 2.82666598461e-12, 7.80732087053e-13, 7.83776255703e-13, 4.9639068897e-13, 2.57420929191e-13, 3.97765127043e-13, 2.57056772786e-13, 9.90718127653e-14, 7.37235793247e-14], "max": [0.0855859294534, 0.0807634592056, 0.0157523304224, 0.0511467680335, 0.0118198487908, 0.0102400202304, 0.00608665077016, 0.0060376948677, 0.00329329888336, 0.00807113293558, 0.00809651147574, 0.00178372208029, 0.00226982543245, 0.00139490654692, 0.001514163916, 0.00161409471184, 0.000199761096155, 0.000154216671945, 0.00012027125922, 0.000188164616702, 5.9807782236e-05, 6.810171908e-05, 9.70125256572e-05, 5.58447209187e-05, 5.5858916312e-05, 3.65008709196e-05, 2.49435215665e-05, 3.02496373479e-05, 1.59104201884e-05, 1.82655494427e-05, 3.87738582504e-05, 3.1766227039e-05, 1.60715535458e-05, 1.63338390848e-05, 1.29344889501e-05, 9.31685008254e-06, 9.19229296414e-06, 7.616476978e-06, 8.11727204564e-06, 6.51752679914e-06], "mean": [0.00496970070526, 0.00326989870518, 0.000909560360014, 0.00145933357999, 0.000550158147234, 0.00042411670438, 0.000455066590803, 0.000488161487738, 0.000190958977328, 0.000300659186905, 0.000312982738251, 9.43786799326e-05, 0.000100856916106, 4.32580418419e-05, 3.2240008295e-05, 2.78425177385e-05, 1.18275274872e-05, 7.67320125306e-06, 1.01928244476e-05, 1.30727948999e-05, 3.22008577314e-06, 4.31924900113e-06, 5.53000199943e-06, 2.77866388387e-06, 2.19890011977e-06, 2.00978843168e-06, 1.9072390387e-06, 1.81037830771e-06, 7.18069088634e-07, 5.80294624797e-07, 6.06224489275e-07, 5.21080437466e-07, 4.24324099413e-07, 4.10429123576e-07, 3.76183038497e-07, 3.05488242702e-07, 2.52016917557e-07, 2.34218518358e-07, 2.03936721732e-07, 1.68530817746e-07], "median": [0.000423266552389, 0.000423604797106, 0.000328970723785, 0.000450461666333, 0.00030447053723, 0.000274727179203, 0.000248028605711, 0.000266483490122, 9.97387032839e-05, 0.00013041033526, 7.10294261808e-05, 3.54984877049e-05, 4.82749019284e-05, 1.9952063667e-05, 1.36369399115e-05, 1.13467067422e-05, 6.16711349721e-06, 4.68971529699e-06, 6.19282127445e-06, 5.92891046836e-06, 1.72249326624e-06, 2.20710853682e-06, 2.6689342576e-06, 1.26601696593e-06, 1.16008754958e-06, 8.30072622193e-07, 7.48339516576e-07, 7.74315935814e-07, 3.18097050922e-07, 1.78072212975e-07, 2.09744371205e-07, 1.78449056421e-07, 1.09242606072e-07, 1.11176774453e-07, 1.05070228074e-07, 9.18109890335e-08, 7.18588637483e-08, 5.89652131566e-08, 5.64041116036e-08, 5.04729520401e-08], "min": [5.56146425421e-24, 8.59871402896e-25, 5.30087154835e-24, 1.29508217777e-23, 2.78304487007e-24, 8.29811858102e-24, 8.89718980764e-24, 1.33771056448e-23, 7.9719995385e-24, 1.02081945906e-23, 1.35334562985e-23, 8.32380310324e-24, 7.29040557259e-24, 1.02996338247e-23, 1.55174130762e-23, 1.27754682537e-23, 1.40857504401e-23, 1.63617387916e-23, 1.22448062559e-23, 5.68316340378e-24, 8.07242074287e-24, 9.96773479832e-24, 1.4558898167e-23, 1.26061652928e-23, 1.20420942468e-23, 1.80205728581e-23, 6.07093034833e-24, 8.71066916863e-24, 1.07547332029e-23, 1.23670441975e-23, 1.19556122147e-23, 1.1503815797e-23, 9.47380058656e-24, 1.04215002128e-23, 1.07584605707e-23, 1.196044241e-23, 1.02760539834e-23, 1.13762522555e-23, 1.2100894361e-23, 8.29811069241e-24], "var": [0.000154643697897, 0.000101765312138, 2.47036518886e-06, 1.94372314581e-05, 9.06806178591e-07, 2.9675217661e-07, 3.35114123118e-07, 3.89462798012e-07, 6.65753603357e-08, 2.24211575528e-07, 6.86125702032e-07, 2.66756234879e-08, 2.4009764843e-08, 5.61074386951e-09, 5.33299315819e-09, 5.67751534675e-09, 3.52476881016e-10, 9.72056879434e-11, 1.34660879669e-10, 3.89753340713e-10, 2.08493378812e-11, 3.69578707915e-11, 7.07763361807e-11, 1.99570585752e-11, 1.34732459564e-11, 1.14772817986e-11, 8.03779872521e-12, 7.20155185485e-12, 1.29999852029e-12, 1.38022633687e-12, 2.10611324387e-12, 1.45078491321e-12, 8.22299476774e-13, 7.81754598122e-13, 5.91513112363e-13, 3.67307882243e-13, 2.8754150211e-13, 2.22671924302e-13, 1.50605480235e-13, 1.02008171062e-13]}, "mfcc": {"mean": [-687.140136719, 168.648880005, 6.24619579315, 10.6498451233, -4.10739564896, -5.20432186127, -2.27405309677, 1.65882718563, -1.60803449154, 0.64982765913, -2.14081192017, -1.26118791103, 1.60136771202], "cov": [[4900.23681641, -834.342712402, 232.365219116, 28.1222820282, -47.2279167175, 16.9410877228, 18.0438899994, 38.9625053406, -45.3400993347, 5.72928333282, -28.343706131, 2.16253089905, -10.1162805557], [-834.342712402, 1497.82543945, -280.186309814, 162.012496948, 117.260780334, 70.9460678101, 98.2327423096, 88.770942688, 100.979881287, 76.7593841553, 70.5939788818, 39.6134719849, 73.1122436523], [232.365219116, -280.186309814, 448.161987305, 62.9725761414, 136.215332031, 100.776878357, 60.6541404724, 58.3603744507, 21.1734199524, 14.9020318985, 47.435218811, 36.5293769836, -29.4432010651], [28.1222820282, 162.012496948, 62.9725761414, 244.752319336, 127.224243164, 101.036148071, 89.7109527588, 92.0808258057, 44.5496406555, 55.3438644409, 75.2970581055, 45.580909729, 24.3174037933], [-47.2279167175, 117.260780334, 136.215332031, 127.224243164, 208.438415527, 115.478988647, 96.7597045898, 90.5825576782, 57.1148872375, 51.5001182556, 72.2597885132, 48.5073318481, 11.0725059509], [16.9410877228, 70.9460678101, 100.776878357, 101.036148071, 115.478988647, 150.642456055, 91.6739196777, 75.4664993286, 43.6591110229, 43.9469261169, 59.4895401001, 28.7082710266, -6.32304000854], [18.0438899994, 98.2327423096, 60.6541404724, 89.7109527588, 96.7597045898, 91.6739196777, 126.939651489, 88.6915740967, 46.8409843445, 49.9900856018, 56.2718544006, 41.0640678406, 25.2178096771], [38.9625053406, 88.770942688, 58.3603744507, 92.0808258057, 90.5825576782, 75.4664993286, 88.6915740967, 140.218032837, 62.1030197144, 52.1160354614, 49.7123565674, 26.6844272614, -3.0570833683], [-45.3400993347, 100.979881287, 21.1734199524, 44.5496406555, 57.1148872375, 43.6591110229, 46.8409843445, 62.1030197144, 93.3153152466, 45.0192451477, 27.1886024475, 13.5440397263, 7.21671152115], [5.72928333282, 76.7593841553, 14.9020318985, 55.3438644409, 51.5001182556, 43.9469261169, 49.9900856018, 52.1160354614, 45.0192451477, 97.9814071655, 55.4962463379, 24.9381160736, 16.874792099], [-28.343706131, 70.5939788818, 47.435218811, 75.2970581055, 72.2597885132, 59.4895401001, 56.2718544006, 49.7123565674, 27.1886024475, 55.4962463379, 100.304328918, 33.1950111389, 4.70564222336], [2.16253089905, 39.6134719849, 36.5293769836, 45.580909729, 48.5073318481, 28.7082710266, 41.0640678406, 26.6844272614, 13.5440397263, 24.9381160736, 33.1950111389, 97.9655380249, 60.888710022], [-10.1162805557, 73.1122436523, -29.4432010651, 24.3174037933, 11.0725059509, -6.32304000854, 25.2178096771, -3.0570833683, 7.21671152115, 16.874792099, 4.70564222336, 60.888710022, 126.242477417]], "icov": [[0.000234321501921, 0.000129887805087, -5.56496088393e-05, -0.000119466305478, 0.000145948579302, -3.23130188917e-05, -6.38908168185e-05, -0.000144744015415, 0.000115432383609, -0.000122599376482, 0.000143198849401, 2.58037380263e-05, -5.95691963099e-05], [0.000129887805087, 0.0010668883333, 0.000900767336134, -0.000383822596632, -0.000578269537073, -0.000112034307676, -0.000196309556486, -1.29547515826e-05, -0.000582918873988, 7.25830104784e-05, -0.000149801169755, 8.13290316728e-05, -0.000249467266258], [-5.56496088393e-05, 0.000900767336134, 0.00395116908476, 0.000181688999874, -0.00242601661012, -0.0011527776951, 6.51612572256e-05, -5.78729814151e-05, -0.000136905917316, 0.000715802889317, -0.000292391399853, -0.00102985859849, 0.000920777907595], [-0.000119466305478, -0.000383822596632, 0.000181688999874, 0.00750858196989, -0.00207649334334, -0.00190469343215, 0.000247009505983, -0.00222265068442, 0.00095413136296, -5.78720209887e-06, -0.00209771166556, 7.73879548888e-07, -0.00118363916408], [0.000145948579302, -0.000578269537073, -0.00242601661012, -0.00207649334334, 0.0123308328912, -0.00349173252471, -0.00146115431562, -0.000977205927484, -0.00183459313121, 0.000479554350022, -0.00166197423823, -0.00138473068364, -3.68270630133e-05], [-3.23130188917e-05, -0.000112034307676, -0.0011527776951, -0.00190469343215, -0.00349173252471, 0.0164590906352, -0.00750360824168, 0.000962944352068, -0.000887771020643, -0.000314853910822, -0.00115381157957, -0.000126151411678, 0.00300986249931], [-6.38908168185e-05, -0.000196309556486, 6.51612572256e-05, 0.000247009505983, -0.00146115431562, -0.00750360824168, 0.0224404931068, -0.00816769432276, 0.000110129098175, -0.000792013539467, -0.00230985064991, -0.000640295154881, -0.00435742223635], [-0.000144744015415, -1.29547515826e-05, -5.78729814151e-05, -0.00222265068442, -0.000977205927484, 0.000962944352068, -0.00816769432276, 0.0171860121191, -0.00564041081816, -0.00164614745881, 0.000559165666346, -0.0013106232509, 0.00374598032795], [0.000115432383609, -0.000582918873988, -0.000136905917316, 0.00095413136296, -0.00183459313121, -0.000887771020643, 0.000110129098175, -0.00564041081816, 0.0181162040681, -0.00543807493523, 0.00211172993295, 0.00121200666763, -0.000883019645698], [-0.000122599376482, 7.25830104784e-05, 0.000715802889317, -5.78720209887e-06, 0.000479554350022, -0.000314853910822, -0.000792013539467, -0.00164614745881, -0.00543807493523, 0.0185608360916, -0.0081093236804, 0.000243092435994, -0.00180841051042], [0.000143198849401, -0.000149801169755, -0.000292391399853, -0.00209771166556, -0.00166197423823, -0.00115381157957, -0.00230985064991, 0.000559165666346, 0.00211172993295, -0.0081093236804, 0.0197075195611, -0.00363857671618, 0.00298064039089], [2.58037380263e-05, 8.13290316728e-05, -0.00102985859849, 7.73879548888e-07, -0.00138473068364, -0.000126151411678, -0.000640295154881, -0.0013106232509, 0.00121200666763, 0.000243092435994, -0.00363857671618, 0.0184716712683, -0.00894940085709], [-5.95691963099e-05, -0.000249467266258, 0.000920777907595, -0.00118363916408, -3.68270630133e-05, 0.00300986249931, -0.00435742223635, 0.00374598032795, -0.000883019645698, -0.00180841051042, 0.00298064039089, -0.00894940085709, 0.0141163775697]]}, "spectral_contrast_coeffs": {"dmean": [0.054653570056, 0.0368904769421, 0.0364945046604, 0.0291853155941, 0.0189838930964, 0.0148462411016], "dmean2": [0.0880723297596, 0.0602054521441, 0.0566226802766, 0.046902988106, 0.0308402441442, 0.0240640342236], "dvar": [0.0025843649637, 0.00123968929984, 0.00143122056033, 0.000816328858491, 0.000292316050036, 0.000230478050071], "dvar2": [0.00611236179247, 0.0031514421571, 0.00319757475518, 0.00194324599579, 0.000663232989609, 0.000566048314795], "max": [-0.224963396788, -0.435368061066, -0.424937963486, -0.57322704792, -0.627947449684, -0.659813404083], "mean": [-0.612815976143, -0.694594860077, -0.682873666286, -0.743306398392, -0.780119776726, -0.791853249073], "median": [-0.62068349123, -0.695568084717, -0.689084410667, -0.747119307518, -0.785116195679, -0.795685529709], "min": [-0.96246856451, -0.972996771336, -0.968746721745, -0.960877835751, -0.962620079517, -0.961068212986], "var": [0.0110583687201, 0.00451135868207, 0.00657159555703, 0.00284339021891, 0.0018165394431, 0.00101011211518]}, "spectral_contrast_valleys": {"dmean": [0.512976646423, 0.338817387819, 0.379766434431, 0.329527676105, 0.312034070492, 0.327047049999], "dmean2": [0.783340215683, 0.543575465679, 0.596970260143, 0.512490928173, 0.483296394348, 0.433025538921], "dvar": [0.35934355855, 0.215779826045, 0.266030073166, 0.224954709411, 0.249754324555, 0.267325222492], "dvar2": [0.601820707321, 0.396393656731, 0.502539992332, 0.411481142044, 0.473645925522, 0.485677063465], "max": [-4.90590524673, -4.69155168533, -5.48032617