{"lowlevel": {"average_loudness": 0.947911918163, "barkbands_crest": {"dmean": 2.05636763573, "dmean2": 3.07095885277, "dvar": 7.44015455246, "dvar2": 16.6035728455, "max": 25.9487895966, "mean": 16.455242157, "median": 16.5529747009, "min": 4.90057754517, "var": 29.6490478516}, "barkbands_flatness_db": {"dmean": 0.0310088898987, "dmean2": 0.041539747268, "dvar": 0.00146334746387, "dvar2": 0.00239606318064, "max": 0.758323609829, "mean": 0.386484026909, "median": 0.385522305965, "min": 0.065602786839, "var": 0.0107265058905}, "barkbands_kurtosis": {"dmean": 6.05486297607, "dmean2": 8.5386762619, "dvar": 187.762130737, "dvar2": 409.33114624, "max": 373.75567627, "mean": 12.662109375, "median": 4.94578075409, "min": -1.84050095081, "var": 551.302001953}, "barkbands_skewness": {"dmean": 0.672333955765, "dmean2": 0.873748242855, "dvar": 0.812256038189, "dvar2": 1.38625407219, "max": 13.4918441772, "mean": 1.71884846687, "median": 1.1116912365, "min": -4.5676856041, "var": 5.06070613861}, "barkbands_spread": {"dmean": 0.986744165421, "dmean2": 1.33257865906, "dvar": 2.84492349625, "dvar2": 5.77280282974, "max": 93.8873519897, "mean": 4.28360271454, "median": 3.65184211731, "min": 0.207012340426, "var": 11.8645582199}, "dissonance": {"dmean": 0.0520662888885, "dmean2": 0.0876858457923, "dvar": 0.00223122374155, "dvar2": 0.00588344968855, "max": 0.499805629253, "mean": 0.301606148481, "median": 0.305388629436, "min": 0.0630093887448, "var": 0.00792048685253}, "dynamic_complexity": 4.06126928329, "erbbands_crest": {"dmean": 2.33168625832, "dmean2": 3.39066576958, "dvar": 5.62508630753, "dvar2": 11.5101671219, "max": 32.0753288269, "mean": 16.2458610535, "median": 15.6024856567, "min": 2.76505589485, "var": 29.61003685}, "erbbands_flatness_db": {"dmean": 0.0205413252115, "dmean2": 0.0281138066202, "dvar": 0.000402831647079, "dvar2": 0.000801900983788, "max": 0.543874919415, "mean": 0.334682315588, "median": 0.332465082407, "min": 0.0506819486618, "var": 0.00661570299417}, "erbbands_kurtosis": {"dmean": 2.71524524689, "dmean2": 3.97907781601, "dvar": 23.4482059479, "dvar2": 47.7944908142, "max": 161.392303467, "mean": 6.71154356003, "median": 3.44066548347, "min": -1.71605265141, "var": 109.559127808}, "erbbands_skewness": {"dmean": 0.452431619167, "dmean2": 0.611330866814, "dvar": 0.270537614822, "dvar2": 0.504455566406, "max": 8.86489009857, "mean": 0.814069390297, "median": 0.580488979816, "min": -3.24891543388, "var": 2.26836514473}, "erbbands_spread": {"dmean": 1.93201315403, "dmean2": 2.64469194412, "dvar": 11.8158807755, "dvar2": 23.5863227844, "max": 116.818435669, "mean": 9.43908500671, "median": 7.10053348541, "min": 0.933791399002, "var": 71.0192489624}, "hfc": {"dmean": 4.07920217514, "dmean2": 5.12387704849, "dvar": 36.2948493958, "dvar2": 57.2600135803, "max": 76.0548171997, "mean": 16.1561908722, "median": 13.0995311737, "min": 1.18934556337e-16, "var": 165.674240112}, "melbands_crest": {"dmean": 2.61346006393, "dmean2": 3.34554481506, "dvar": 9.38839244843, "dvar2": 14.6813077927, "max": 35.6663398743, "mean": 22.8965911865, "median": 22.277015686, "min": 1.00106561184, "var": 68.6575241089}, "melbands_flatness_db": {"dmean": 0.0343033224344, "dmean2": 0.0459516718984, "dvar": 0.00198002229445, "dvar2": 0.00329583021812, "max": 0.927143335342, "mean": 0.516362011433, "median": 0.518823027611, "min": 1.72573138002e-08, "var": 0.0151548394933}, "melbands_kurtosis": {"dmean": 6.22955846786, "dmean2": 7.92648458481, "dvar": 125.776451111, "dvar2": 203.734832764, "max": 302.896942139, "mean": 14.9971694946, "median": 4.75385522842, "min": -1.80498015881, "var": 661.000793457}, "melbands_skewness": {"dmean": 0.649240136147, "dmean2": 0.759514033794, "dvar": 0.614143967628, "dvar2": 0.724640548229, "max": 11.5567359924, "mean": 2.04016947746, "median": 1.24519693851, "min": -1.95181894302, "var": 5.57304477692}, "melbands_spread": {"dmean": 1.16993486881, "dmean2": 1.56819868088, "dvar": 6.10321569443, "dvar2": 7.78949213028, "max": 158.992660522, "mean": 5.13826465607, "median": 4.56578588486, "min": 0.271566808224, "var": 22.8776473999}, "pitch_salience": {"dmean": 0.0558181814849, "dmean2": 0.0784807428718, "dvar": 0.00571572780609, "dvar2": 0.0104360822588, "max": 0.996067643166, "mean": 0.379524588585, "median": 0.406216055155, "min": 0.054728705436, "var": 0.0255802888423}, "silence_rate_20dB": {"dmean": 0.0762509927154, "dmean2": 0.152526214719, "dvar": 0.0704434514046, "dvar2": 0.12989063561, "max": 1, "mean": 0.832274436951, "median": 1, "min": 0, "var": 0.139598503709}, "silence_rate_30dB": {"dmean": 0.08069896698, "dmean2": 0.161423578858, "dvar": 0.0741819366813, "dvar2": 0.138545706868, "max": 1, "mean": 0.643583238125, "median": 1, "min": 0, "var": 0.229388415813}, "silence_rate_60dB": {"dmean": 0.00730738695711, "dmean2": 0.0146170957014, "dvar": 0.00725399935618, "dvar2": 0.0147211467847, "max": 1, "mean": 0.098634056747, "median": 0, "min": 0, "var": 0.0889053121209}, "spectral_centroid": {"dmean": 33.3827362061, "dmean2": 44.3411865234, "dvar": 19976.4375, "dvar2": 21090.3632812, "max": 10932.1357422, "mean": 419.726226807, "median": 407.956848145, "min": 131.376190186, "var": 31151.578125}, "spectral_complexity": {"dmean": 0.922001600266, "dmean2": 1.58738481998, "dvar": 0.88937485218, "dvar2": 2.12502288818, "max": 17, "mean": 7.39803028107, "median": 8, "min": 0, "var": 7.80699682236}, "spectral_decrease": {"dmean": 1.45893119807e-08, "dmean2": 1.63380029505e-08, "dvar": 8.03059284737e-16, "dvar2": 1.18318940732e-15, "max": 6.26780293469e-16, "mean": -3.8819401027e-08, "median": -1.41004115051e-08, "min": -2.49759352755e-07, "var": 2.82718909014e-15}, "spectral_energy": {"dmean": 0.0553952716291, "dmean2": 0.062072660774, "dvar": 0.0115445489064, "dvar2": 0.0170061867684, "max": 0.948998689651, "mean": 0.147978782654, "median": 0.0545525103807, "min": 1.03822677934e-20, "var": 0.0406790748239}, "spectral_energyband_high": {"dmean": 8.24398921395e-06, "dmean2": 1.23545360111e-05, "dvar": 6.86932455363e-10, "dvar2": 1.33234068223e-09, "max": 0.000651874172036, "mean": 3.1267732993e-05, "median": 1.95935831471e-06, "min": 7.66493020573e-21, "var": 5.9930056473e-09}, "spectral_energyband_low": {"dmean": 0.0539579391479, "dmean2": 0.0600342564285, "dvar": 0.0116540361196, "dvar2": 0.0174368042499, "max": 0.899328351021, "mean": 0.12569282949, "median": 0.01965809986, "min": 2.8241832563e-23, "var": 0.0398540683091}, "spectral_energyband_middle_high": {"dmean": 0.000397477124352, "dmean2": 0.000565231079236, "dvar": 5.18218485013e-07, "dvar2": 1.06615186724e-06, "max": 0.0131417457014, "mean": 0.000919202051591, "median": 0.000466144410893, "min": 1.24621625526e-21, "var": 1.5793481225e-06}, "spectral_energyband_middle_low": {"dmean": 0.00401040352881, "dmean2": 0.00592891825363, "dvar": 3.26742374455e-05, "dvar2": 6.76894560456e-05, "max": 0.151423364878, "mean": 0.0218903515488, "median": 0.0191229265183, "min": 3.43797093554e-22, "var": 0.000281168729998}, "spectral_entropy": {"dmean": 0.15576082468, "dmean2": 0.232265710831, "dvar": 0.0328166410327, "dvar2": 0.0680422112346, "max": 9.79158687592, "mean": 5.47669887543, "median": 5.40251636505, "min": 3.82952833176, "var": 0.454059183598}, "spectral_flux": {"dmean": 0.0582630746067, "dmean2": 0.0902926921844, "dvar": 0.0129168499261, "dvar2": 0.0261252801865, "max": 0.761188149452, "mean": 0.0971923321486, "median": 0.0579365342855, "min": 1.01893417315e-10, "var": 0.0172789376229}, "spectral_kurtosis": {"dmean": 29.7793006897, "dmean2": 45.8799591064, "dvar": 1531.6472168, "dvar2": 3836.60595703, "max": 689.538818359, "mean": 103.110374451, "median": 75.0538024902, "min": -1.19901287556, "var": 9599.30175781}, "spectral_rms": {"dmean": 0.00181182927918, "dmean2": 0.0019716587849, "dvar": 9.50291178015e-06, "dvar2": 1.23632889881e-05, "max": 0.0304278228432, "mean": 0.00957124959677, "median": 0.00729533843696, "min": 3.18261562937e-12, "var": 5.27601659996e-05}, "spectral_rolloff": {"dmean": 62.1260566711, "dmean2": 100.854255676, "dvar": 122400.515625, "dvar2": 182183.53125, "max": 19552.1484375, "mean": 389.304992676, "median": 387.59765625, "min": 64.599609375, "var": 392909.8125}, "spectral_skewness": {"dmean": 1.13025641441, "dmean2": 1.76263821125, "dvar": 1.49093723297, "dvar2": 3.61924791336, "max": 20.9554748535, "mean": 7.49026489258, "median": 7.2050447464, "min": 0.00168740143999, "var": 15.2821245193}, "spectral_spread": {"dmean": 386469.3125, "dmean2": 580281.9375, "dvar": 437222670336, "dvar2": 645404033024, "max": 40609948, "mean": 2031263.125, "median": 1263337.375, "min": 147561.859375, "var": 3725220380670.0}, "spectral_strongpeak": {"dmean": 0.325241535902, "dmean2": 0.47674459219, "dvar": 0.228062465787, "dvar2": 0.511020362377, "max": 6.08913230896, "mean": 1.24339771271, "median": 1.08553886414, "min": 0, "var": 0.753030061722}, "zerocrossingrate": {"dmean": 0.00281597487628, "dmean2": 0.00318150850944, "dvar": 5.97275648033e-05, "dvar2": 7.35222129151e-05, "max": 0.6484375, "mean": 0.0161223541945, "median": 0.015625, "min": 0.001953125, "var": 0.000388979824493}, "barkbands": {"dmean": [0.00436632428318, 0.0508388094604, 0.00271429796703, 0.000544153444935, 0.000711294182111, 0.00226172804832, 0.000533778802492, 0.00127071759198, 0.000329084839905, 0.000667378888465, 0.000114712864161, 2.08716046473e-05, 1.9524120944e-05, 1.46122902152e-05, 6.36510367258e-06, 5.4580214055e-06, 1.92116704056e-06, 9.6772237157e-07, 8.38541836856e-07, 7.07872231942e-07, 1.30112209717e-06, 1.9074670945e-06, 3.79435641662e-06, 2.27427244681e-06, 7.89011835423e-07, 3.84823607646e-07, 9.97515741119e-08], "dmean2": [0.00428122794256, 0.0596874952316, 0.00514403916895, 0.000959671626333, 0.00112876889762, 0.00331556703895, 0.000788691686466, 0.00167651055381, 0.000496225373354, 0.000846026348881, 0.000174115048139, 3.31010960508e-05, 3.22286468872e-05, 2.42718469963e-05, 1.06925617729e-05, 9.18799833016e-06, 3.18721436088e-06, 1.66288089076e-06, 1.44403099966e-06, 1.15518150778e-06, 2.20230231207e-06, 3.06561923935e-06, 5.96388872509e-06, 3.58651118404e-06, 1.12038992484e-06, 4.92865353863e-07, 1.61213819183e-07], "dvar": [6.5653330239e-05, 0.011200953275, 8.21145222289e-05, 1.86921613476e-06, 1.34462402457e-06, 2.01356888283e-05, 7.99388544692e-07, 4.65985658593e-06, 3.48939721562e-07, 1.98711995836e-06, 1.48787719922e-07, 3.04984326682e-09, 2.69159294852e-09, 1.56236379389e-09, 7.31968041734e-10, 4.12193612576e-10, 2.65643444741e-11, 1.22169514088e-11, 6.73014899019e-12, 5.20161431289e-12, 1.79733727901e-11, 4.12361811364e-11, 1.92556137701e-10, 5.97303734251e-11, 3.97972843916e-12, 9.70223575959e-13, 4.24142905314e-14], "dvar2": [7.97544998932e-05, 0.0185454618186, 0.000237277403357, 5.30049692316e-06, 3.29953763867e-06, 3.51639318978e-05, 1.72393743014e-06, 8.71567863214e-06, 7.85410918525e-07, 3.23767471855e-06, 3.38849275749e-07, 7.80281528279e-09, 6.91584300938e-09, 4.05353617339e-09, 2.05773109663e-09, 1.04692110536e-09, 7.40576974745e-11, 3.35987973554e-11, 1.88730333445e-11, 1.30986749225e-11, 4.48576974177e-11, 9.68982533101e-11, 4.30916802241e-10, 1.30053454117e-10, 8.13362224794e-12, 1.58018736984e-12, 1.10699847184e-13], "max": [0.0808238610625, 0.832554399967, 0.0802992880344, 0.0225667543709, 0.0231430232525, 0.133232504129, 0.0207909792662, 0.0790552571416, 0.0132430968806, 0.0329394899309, 0.00929384864867, 0.00113256939221, 0.00102643482387, 0.00122594228014, 0.000805241346825, 0.000465829478344, 9.42600017879e-05, 0.000127517065266, 7.58123860578e-05, 6.16265388089e-05, 7.17419898137e-05, 0.000131926906761, 0.000303413078655, 0.000184107964742, 3.48711619154e-05, 1.48929912029e-05, 2.11501060221e-06], "mean": [0.0108618298545, 0.112705089152, 0.00206710631028, 0.00103596434928, 0.00265377014875, 0.0101780993864, 0.00186000950634, 0.0040055019781, 0.000711926433723, 0.00157360383309, 0.000179358321475, 3.63319340977e-05, 2.6091671316e-05, 2.86332742689e-05, 8.77935690369e-06, 8.12511279946e-06, 3.13734676638e-06, 1.67969676568e-06, 1.57604813467e-06, 1.48926471866e-06, 2.67208565674e-06, 5.04343915964e-06, 1.19738224384e-05, 7.97093525762e-06, 1.94129006559e-06, 6.47457568448e-07, 1.6307924966e-07], "median": [0.0020673153922, 0.0155268209055, 0.000270358577836, 0.000126674072817, 0.00181603163946, 0.00549980299547, 0.00129724992439, 0.00188380677719, 0.000293564400636, 0.000510479207151, 3.92743822886e-05, 1.35293648782e-05, 7.16805789125e-06, 7.39105780667e-06, 1.3755177406e-06, 1.63089384841e-06, 9.36340597946e-07, 2.26997542541e-07, 2.85779634623e-07, 1.013241544e-07, 1.51307659735e-07, 1.6289087057e-07, 2.27438377465e-07, 2.16460691149e-07, 1.53988025886e-07, 1.01205642977e-07, 9.5110692655e-08], "min": [3.91988533678e-24, 1.45065477796e-23, 5.56939743391e-24, 1.78224614858e-23, 4.23512346307e-23, 7.92783310968e-23, 8.69379874708e-23, 3.65564517476e-23, 6.25260114938e-23, 8.55186626192e-23, 5.13493702352e-23, 4.58904527711e-23, 7.47667030512e-23, 1.61146713427e-22, 1.6073169686e-22, 6.54493722364e-23, 1.30975888758e-22, 1.73882916918e-22, 1.27138137252e-22, 3.41353366552e-22, 4.0018815272e-22, 4.68388144094e-22, 6.07235690861e-22, 1.01977435089e-21, 1.20569308903e-21, 1.57689816393e-21, 2.48203438979e-21], "var": [0.000279172905721, 0.033643707633, 4.72207320854e-05, 4.46956119049e-06, 7.55765722715e-06, 0.000180171773536, 3.4923966723e-06, 3.22088562825e-05, 1.15489672226e-06, 7.36844958737e-06, 2.6122984309e-07, 5.07978104025e-09, 3.65031382898e-09, 4.96565544239e-09, 6.81192879881e-10, 5.37239475129e-10, 4.00904552611e-11, 2.04358179684e-11, 1.28794709273e-11, 1.4836782844e-11, 4.69046468332e-11, 1.83446147162e-10, 1.09354580946e-09, 4.2938869127e-10, 1.7437750896e-11, 2.18911889484e-12, 4.96115057673e-14]}, "erbbands": {"dmean": [2.57180333138, 8.20403766632, 4.60225963593, 1.98949086666, 1.69329702854, 2.72593331337, 4.86970663071, 25.2541618347, 13.4078445435, 24.3498420715, 11.4537029266, 8.33016014099, 26.4502429962, 3.99571490288, 5.24026441574, 1.04807412624, 0.927403450012, 0.842291891575, 0.350722879171, 0.334514498711, 0.196283087134, 0.0783033818007, 0.059389013797, 0.0576372332871, 0.0317713059485, 0.0319352932274, 0.0448696389794, 0.0561938993633, 0.0653530955315, 0.0894448459148, 0.121779613197, 0.0751817598939, 0.0267159659415, 0.0103603443131, 0.00492907688022, 0.00199090805836, 0.000657575787045, 0.000120805234474, 3.26886729454e-05, 5.95737947151e-05], "dmean2": [2.82349538803, 11.1631088257, 8.08712673187, 3.58869314194, 2.82622051239, 4.27903699875, 7.30417346954, 37.0207595825, 19.3557548523, 31.8484172821, 16.4904403687, 12.0367107391, 33.2117004395, 5.64020586014, 7.88643503189, 1.6363427639, 1.52516829967, 1.40862572193, 0.583540380001, 0.5619328022, 0.330926269293, 0.12876316905, 0.100943990052, 0.100171811879, 0.0534703396261, 0.0519009456038, 0.0752184465528, 0.0934339165688, 0.102751046419, 0.144167333841, 0.195476397872, 0.121801756322, 0.0422486327589, 0.0149219213054, 0.00701577449217, 0.00260365917347, 0.00087223079754, 0.000165956356796, 4.25649377576e-05, 6.67587373755e-05], "dvar": [27.7520008087, 340.166595459, 204.586608887, 30.3624210358, 11.1633415222, 23.0926704407, 123.215301514, 2850.62524414, 698.347106934, 1589.72265625, 487.538635254, 215.427993774, 3258.73291016, 137.843917847, 315.015472412, 7.30983924866, 5.74097824097, 4.52916097641, 2.15887331963, 1.6000431776, 0.360116273165, 0.0427907966077, 0.0290602259338, 0.0691347122192, 0.00700540049002, 0.0109082236886, 0.0237764343619, 0.0333335436881, 0.0584918744862, 0.0939086824656, 0.198210448027, 0.0641411542892, 0.00913587305695, 0.000762310111895, 0.000169049788383, 2.54925325862e-05, 3.03424826598e-06, 6.58209202697e-08, 2.45231146501e-09, 1.32520341367e-08], "dvar2": [42.6617279053, 719.877258301, 562.000732422, 86.3499450684, 29.3881378174, 57.6438484192, 251.081207275, 4735.07958984, 1528.92895508, 2890.88232422, 1094.41516113, 448.757080078, 5220.85205078, 265.017059326, 704.836181641, 17.9101543427, 14.6182632446, 11.9039516449, 6.01668357849, 4.44600963593, 0.905035793781, 0.116554498672, 0.0776192992926, 0.198586404324, 0.0183349195868, 0.0268611423671, 0.062380105257, 0.0818971097469, 0.14471141994, 0.219472005963, 0.457472860813, 0.148843929172, 0.0209625866264, 0.00161957927048, 0.000344570522429, 3.85497187381e-05, 5.78395474804e-06, 1.13357295106e-07, 4.685191346e-09, 1.9542994778e-08], "max": [41.4786376953, 137.550308228, 105.145088196, 69.7545928955, 61.1230964661, 96.8582687378, 459.187072754, 1644.41381836, 581.492675781, 1445.6237793, 739.892028809, 259.723510742, 1368.16333008, 470.714599609, 465.048095703, 53.3901672363, 53.4057350159, 61.1481628418, 51.1633338928, 32.9864044189, 15.2539510727, 4.68282747269, 6.02993392944, 8.85474491119, 1.41128349304, 2.93738222122, 3.27702999115, 3.80866789818, 6.13337945938, 6.18176221848, 11.8635215759, 5.49058246613, 2.30350875854, 0.495156258345, 0.191692948341, 0.0774827376008, 0.0257949978113, 0.0034065193031, 0.000541131477803, 0.00102522363886], "mean": [5.93692779541, 14.362944603, 4.42686462402, 2.82205367088, 5.11965847015, 10.160656929, 20.4098758698, 116.262557983, 49.4817810059, 75.052734375, 37.3054237366, 19.5275058746, 64.0785903931, 9.24464607239, 8.32625293732, 1.8604683876, 1.33761954308, 1.61473166943, 0.626812577248, 0.51218020916, 0.333330005407, 0.14728461206, 0.110382989049, 0.0995725691319, 0.0626924112439, 0.0699493288994, 0.0921246111393, 0.119875118136, 0.164647996426, 0.250205248594, 0.359511137009, 0.250244259834, 0.0896057859063, 0.0290697645396, 0.010632426478, 0.00379740307108, 0.00105163117405, 0.00019123875245, 9.12292380235e-05, 0.000162329917657], "median": [0.815371274948, 1.87657856941, 0.856754601002, 0.736932873726, 1.80838274956, 6.31607723236, 11.3147363663, 57.6408996582, 35.1389007568, 35.8632278442, 17.896812439, 9.17727851868, 21.3939495087, 3.55260705948, 2.03830385208, 0.778918743134, 0.476815998554, 0.54873251915, 0.186006218195, 0.129478216171, 0.10265006125, 0.0465430244803, 0.0242292713374, 0.0177290737629, 0.00780766457319, 0.00521704833955, 0.00562632968649, 0.00656146463007, 0.00572562590241, 0.0056060384959, 0.00699281319976, 0.00565004535019, 0.00302353804, 0.0019282028079, 0.0010708917398, 0.000560598098673, 0.000218242581468, 5.3419447795e-05, 5.60394437343e-05, 6.22742081759e-05], "min": [1.58854043822e-22, 3.97958571794e-21, 8.94958935684e-21, 3.20731624634e-20, 1.49593093464e-19, 7.87626709742e-20, 3.79212499073e-19, 6.50629250561e-19, 1.16692592061e-18, 8.27121055549e-19, 9.15531256792e-19, 1.58383725365e-18, 2.26510155178e-18, 2.33056979534e-18, 2.61487177187e-18, 2.16068840422e-18, 3.76879368947e-18, 7.36716583888e-18, 7.66109950646e-18, 6.13741296581e-18, 4.29049898335e-18, 7.53197330412e-18, 9.02879798157e-18, 7.88284843071e-18, 9.74591642335e-18, 1.57471977942e-17, 1.58864635765e-17, 1.39249834248e-17, 1.64734011607e-17, 1.79750119051e-17, 1.89006005408e-17, 2.43544190407e-17, 1.36957377627e-17, 1.34770485795e-17, 8.85807534776e-18, 5.41832872929e-18, 2.87216340628e-18, 1.31467092456e-18, 3.44156455466e-19, 3.56367631711e-20], "var": [92.0160522461, 646.422424316, 143.877532959, 28.1816978455, 59.6360092163, 133.577102661, 789.274475098, 26581.8496094, 2600.12036133, 10630.1845703, 2957.87988281, 724.682250977, 12449.6044922, 388.928527832, 561.263061523, 12.1606845856, 8.53517055511, 12.876912117, 2.3632645607, 1.79342091084, 0.543309509754, 0.0803510397673, 0.0606016628444, 0.0764514952898, 0.0199778303504, 0.0326024442911, 0.0595883615315, 0.0941195636988, 0.205791532993, 0.478697687387, 0.990467488766, 0.435714095831, 0.0537230148911, 0.00433178432286, 0.000490560370963, 6.67949934723e-05, 5.81298581892e-06, 1.48088616925e-07, 9.43710443124e-09, 4.7177785234e-08]}, "gfcc": {"mean": [-147.778991699, 195.905456543, -39.1851158142, -26.5805740356, -63.4585189819, 1.7543900013, -21.2792491913, 6.09529733658, 9.57120800018, 2.7066488266, 5.87841463089, 5.74738073349, 5.18813323975], "cov": [[13281.0332031, -1353.53942871, 46.2770614624, 2875.31445312, -80.5691146851, 1634.76525879, 130.986968994, 363.73626709, -31.5029964447, 367.342773438, -138.94694519, -116.306365967, 40.0304718018], [-1353.53942871, 1924.70581055, 234.883178711, -927.038146973, 919.231872559, -413.625640869, 266.664978027, -94.1314468384, 153.172195435, -38.7986564636, 103.322883606, 3.61205410957, 120.280937195], [46.2770614624, 234.883178711, 844.869445801, 114.671722412, 203.86100769, 159.524612427, 179.017654419, 57.1500396729, 83.4783172607, 124.624176025, 109.220375061, -7.83716201782, 64.6513214111], [2875.31445312, -927.038146973, 114.671722412, 1293.86071777, -336.565582275, 449.072875977, 79.93334198, 21.8140087128, 33.4314842224, 118.999580383, 68.4328918457, -43.8563995361, -0.395901978016], [-80.5691146851, 919.231872559, 203.86100769, -336.565582275, 837.465454102, -85.0029983521, 155.742279053, 54.5175094604, 95.0367584229, 66.0806884766, 56.6791267395, 11.855257988, 80.7201919556], [1634.76525879, -413.625640869, 159.524612427, 449.072875977, -85.0029983521, 406.444610596, 41.6960716248, 81.2800521851, 12.0909852982, 43.9168739319, -25.3204956055, -21.2276134491, 3.60156750679], [130.986968994, 266.664978027, 179.017654419, 79.93334198, 155.742279053, 41.6960716248, 269.638763428, 30.8942298889, 87.7584228516, 12.8911762238, 56.2329292297, -6.95639657974, 54.9779891968], [363.73626709, -94.1314468384, 57.1500396729, 21.8140087128, 54.5175094604, 81.2800521851, 30.8942298889, 172.545944214, 22.9766597748, 9.82737922668, -6.93313694, 6.37317276001, 12.6094398499], [-31.5029964447, 153.172195435, 83.4783172607, 33.4314842224, 95.0367584229, 12.0909852982, 87.7584228516, 22.9766597748, 162.966384888, 38.2325515747, 76.8484649658, 18.2431774139, 47.8042297363], [367.342773438, -38.7986564636, 124.624176025, 118.999580383, 66.0806884766, 43.9168739319, 12.8911762238, 9.82737922668, 38.2325515747, 179.397094727, 71.3730697632, 8.69827842712, 25.3575458527], [-138.94694519, 103.322883606, 109.220375061, 68.4328918457, 56.6791267395, -25.3204956055, 56.2329292297, -6.93313694, 76.8484649658, 71.3730697632, 167.143630981, 30.7591571808, 35.2862319946], [-116.306365967, 3.61205410957, -7.83716201782, -43.8563995361, 11.855257988, -21.2276134491, -6.95639657974, 6.37317276001, 18.2431774139, 8.69827842712, 30.7591571808, 77.4751358032, 43.1021995544], [40.0304718018, 120.280937195, 64.6513214111, -0.395901978016, 80.7201919556, 3.60156750679, 54.9779891968, 12.6094398499, 47.8042297363, 25.3575458527, 35.2862319946, 43.1021995544, 121.152938843]], "icov": [[0.000570357311517, -0.00141772569623, 0.000648394576274, -0.00163500092458, 0.000461935938802, -0.00177473586518, 0.000814201368485, -0.00143518741243, 0.000861524837092, -0.00115498446394, 0.00104303075932, -0.000979303149506, 0.000339021062246], [-0.00141772569623, 0.00667229387909, -0.00194931554142, 0.00550011685118, -0.0035473043099, 0.00531181646511, -0.00360418925993, 0.00585835985839, -0.00306887668557, 0.00414530048147, -0.00356541178189, 0.00450321333483, -0.00208664638922], [0.000648394576274, -0.00194931554142, 0.00253497553058, -0.00169133231975, 0.000660295190755, -0.0030445929151, 0.000285524583887, -0.0019088012632, 0.00135412521195, -0.00221275398508, 0.000334026408382, -0.00067885563476, 0.000155498244567], [-0.00163500092458, 0.00550011685118, -0.00169133231975, 0.00709089264274, -0.00178268435411, 0.00360463443212, -0.00362204085104, 0.0055862730369, -0.00274730054662, 0.00314646400511, -0.00452412338927, 0.00468520633876, -0.00177547126077], [0.000461935938802, -0.0035473043099, 0.000660295190755, -0.00178268435411, 0.00401100888848, -0.00211602961645, 0.00103513791692, -0.00326319155283, 0.00109316583257, -0.00269789155573, 0.00157033046708, -0.00182565685827, 0.000596835976467], [-0.00177473586518, 0.00531181646511, -0.0030445929151, 0.00360463443212, -0.00211602961645, 0.0112202102318, -0.00281558348797, 0.00324808782898, -0.00339095713571, 0.00375712360255, -0.00111138564534, 0.00324816303328, -0.00131506391335], [0.000814201368485, -0.00360418925993, 0.000285524583887, -0.00362204085104, 0.00103513791692, -0.00281558348797, 0.00797595642507, -0.00356930075213, -0.000209244462894, -0.000623486179393, 0.00119186087977, -0.000543797970749, -0.000649483525194], [-0.00143518741243, 0.00585835985839, -0.0019088012632, 0.0055862730369, -0.00326319155283, 0.00324808782898, -0.00356930075213, 0.0122381215915, -0.00357262068428, 0.00373425381258, -0.00272294483148, 0.00294582475908, -0.00150841951836], [0.000861524837092, -0.00306887668557, 0.00135412521195, -0.00274730054662, 0.00109316583257, -0.00339095713571, -0.000209244462894, -0.00357262068428, 0.0110848909244, -0.00240959622897, -0.00163104897365, -0.00205331598409, -0.000794169551227], [-0.00115498446394, 0.00414530048147, -0.00221275398508, 0.00314646400511, -0.00269789155573, 0.00375712360255, -0.000623486179393, 0.00373425381258, -0.00240959622897, 0.0109193166718, -0.00525761861354, 0.0031970134005, -0.00190341111738], [0.00104303075932, -0.00356541178189, 0.000334026408382, -0.00452412338927, 0.00157033046708, -0.00111138564534, 0.00119186087977, -0.00272294483148, -0.00163104897365, -0.00525761861354, 0.013238186948, -0.00633217254654, 0.00187252496835], [-0.000979303149506, 0.00450321333483, -0.00067885563476, 0.00468520633876, -0.00182565685827, 0.00324816303328, -0.000543797970749, 0.00294582475908, -0.00205331598409, 0.0031970134005, -0.00633217254654, 0.0221057981253, -0.00858885981143], [0.000339021062246, -0.00208664638922, 0.000155498244567, -0.00177547126077, 0.000596835976467, -0.00131506391335, -0.000649483525194, -0.00150841951836, -0.000794169551227, -0.00190341111738, 0.00187252496835, -0.00858885981143, 0.0134400259703]]}, "melbands": {"dmean": [0.0175879225135, 0.00467049470171, 0.000348886969732, 0.000149441737449, 0.000168911399669, 0.000523931405041, 0.000183934214874, 0.000298775703413, 7.43010095903e-05, 5.65407390241e-05, 0.000129411870148, 1.33045032271e-05, 1.58863658726e-05, 6.17385512669e-06, 1.69194072441e-06, 1.86181455319e-06, 1.7564331074e-06, 5.83020607792e-07, 3.62108863783e-07, 5.73920715397e-07, 1.68760422525e-07, 9.15708895377e-08, 7.29580662551e-08, 5.287068916e-08, 5.14459195244e-08, 2.5196547071e-08, 2.30410890367e-08, 2.36186856739e-08, 2.70530620128e-08, 3.52628859446e-08, 3.38679519984e-08, 4.24135748744e-08, 4.43540990602e-08, 5.61417223821e-08, 7.81042501785e-08, 7.52777182811e-08, 4.28921467233e-08, 2.36162698286e-08, 1.2062002952e-08, 8.72508465477e-09], "dmean2": [0.0200629290193, 0.00682052364573, 0.000629007059615, 0.000238774940954, 0.000251612596912, 0.00076667056419, 0.000268321018666, 0.000390082190279, 0.000109364715172, 8.10887358966e-05, 0.000162905445904, 1.97280714929e-05, 2.41006018769e-05, 9.32416787691e-06, 2.75708612207e-06, 3.08608878186e-06, 2.94188998851e-06, 9.59001113188e-07, 6.03643115937e-07, 9.67529331319e-07, 2.84799313022e-07, 1.51492514533e-07, 1.23549327213e-07, 9.11045674457e-08, 8.94272318419e-08, 4.32797371275e-08, 3.89822041313e-08, 3.89627814457e-08, 4.6038593382e-08, 6.04467942367e-08, 5.56728245726e-08, 7.0356961146e-08, 7.09081362515e-08, 9.13949804726e-08, 1.28562334112e-07, 1.23752997183e-07, 6.68840414164e-08, 3.86551661791e-08, 1.85158306465e-08, 1.25729320288e-08], "dvar": [0.00131428870372, 0.000130725282361, 8.61238731886e-07, 6.37824868477e-08, 1.14638787352e-07, 1.14115618999e-06, 1.30488331251e-07, 2.46759213951e-07, 2.28001741931e-08, 9.55868184604e-09, 7.82016940093e-08, 2.45932740839e-09, 2.91388269069e-09, 3.98515720423e-10, 1.85382195705e-11, 2.75840583014e-11, 2.2686687598e-11, 5.3796949534e-12, 1.70246000457e-12, 4.6331480319e-12, 1.78457807342e-13, 5.76857084236e-14, 6.00279984682e-14, 4.91177973674e-14, 5.82120953546e-14, 4.73270468971e-15, 5.42143226132e-15, 7.44005958188e-15, 8.42283633519e-15, 1.58097818691e-14, 1.2055453173e-14, 3.27179486303e-14, 2.25692725007e-14, 3.69542483907e-14, 9.75278546616e-14, 7.06841405069e-14, 2.05719976102e-14, 7.40780117911e-15, 1.32358892997e-15, 4.56702218649e-16], "dvar2": [0.00210278388113, 0.000301670603221, 2.44738998845e-06, 1.6047157203e-07, 2.29210129987e-07, 1.95443521989e-06, 2.89782008167e-07, 4.50246602668e-07, 5.21989136359e-08, 1.9841069232e-08, 1.25799942907e-07, 4.75316630499e-09, 6.6932122067e-09, 8.91920759472e-10, 4.70605290848e-11, 7.2191155831e-11, 5.96154792198e-11, 1.48869389038e-11, 4.79493788424e-12, 1.20770416237e-11, 4.63500711336e-13, 1.57184120862e-13, 1.67813232386e-13, 1.33111227661e-13, 1.66884762303e-13, 1.23778864288e-14, 1.48129087935e-14, 1.90420375729e-14, 2.24428477511e-14, 4.08992874019e-14, 3.00831611683e-14, 8.60826641631e-14, 5.40968908124e-14, 9.20982582732e-14, 2.40754112609e-13, 1.81131910686e-13, 4.70844405674e-14, 1.85643211551e-14, 2.85937613037e-15, 1.02352486143e-15], "max": [0.287327289581, 0.0927973017097, 0.0120576750487, 0.0054416814819, 0.0130992382765, 0.0319001786411, 0.00766486581415, 0.0182537604123, 0.00556320603937, 0.00154025992379, 0.00669789360836, 0.00206030136906, 0.00124395161401, 0.000556485902052, 8.96265264601e-05, 0.000112047775474, 0.00014050793834, 8.16088358988e-05, 2.93921038974e-05, 4.71043422294e-05, 1.1199103028e-05, 5.21779929841e-06, 5.8874466049e-06, 8.53204619489e-06, 8.02639351605e-06, 1.28589408632e-06, 1.56809107921e-06, 2.79305322692e-06, 1.90390028365e-06, 2.69456154456e-06, 2.47579123425e-06, 5.1246320254e-06, 3.39482608069e-06, 4.02035720981e-06, 1.0632114936e-05, 6.38054916635e-06, 3.1127708553e-06, 2.08360916076e-06, 7.10861172593e-07, 3.9170367927e-07], "mean": [0.0398004986346, 0.00722845923156, 0.000554526748601, 0.000546398223378, 0.000726433470845, 0.00238694273867, 0.000651816197205, 0.000908171234187, 0.000236567895627, 0.000128862651763, 0.000310810486553, 2.68651256192e-05, 2.47714506258e-05, 1.02119674921e-05, 2.60727392742e-06, 2.43213276008e-06, 3.31986598212e-06, 1.09626625999e-06, 5.32271940301e-07, 8.28671943509e-07, 2.88126244641e-07, 1.60036393027e-07, 1.18769548862e-07, 8.49791916835e-08, 8.27631936318e-08, 4.62424054604e-08, 4.17839025602e-08, 4.69492711375e-08, 5.40243831892e-08, 6.35495069901e-08, 6.98415405509e-08, 8.89471181154e-08, 1.089454571e-07, 1.47714473542e-07, 2.0295139791e-07, 2.13206902799e-07, 1.2979515418e-07, 6.91581121259e-08, 3.4977059471e-08, 2.0311089699e-08], "median": [0.00552919972688, 0.00118628307246, 0.000148597639054, 0.000346797693055, 0.000429306237493, 0.00126345281024, 0.000450291612651, 0.000412756577134, 0.000116198512842, 5.63006251468e-05, 0.000100600445876, 8.64598860062e-06, 5.33862021257e-06, 3.06311244458e-06, 8.73959720593e-07, 6.11280654539e-07, 8.98799953575e-07, 2.86477131795e-07, 9.23821232846e-08, 1.73026791117e-07, 9.12797588626e-08, 4.35680753696e-08, 2.72660667378e-08, 9.73215641409e-09, 1.37602693684e-08, 5.1171866744e-09, 3.14757286901e-09, 2.88817347815e-09, 2.84646484161e-09, 3.24185789324e-09, 3.36708971815e-09, 2.75276512696e-09, 2.60884003289e-09, 2.76905853802e-09, 3.65481911402e-09, 3.86487464255e-09, 2.79154166449e-09, 1.91811988515e-09, 1.85800219654e-09, 1.41534672871e-09], "min": [3.05024625816e-24, 5.26390670962e-24, 9.45167067159e-24, 8.53247968963e-24, 1.15552866045e-23, 1.4365917546e-23, 1.91923878675e-23, 8.88883813724e-24, 6.77965679064e-24, 1.0421606709e-23, 1.11819613365e-23, 9.42849393819e-24, 8.60463600777e-24, 5.07424088218e-24, 7.89952925372e-24, 6.58415536465e-24, 1.56666371604e-23, 1.23064194481e-23, 1.20522066548e-23, 4.46695090822e-24, 5.01719361696e-24, 6.7215082756e-24, 8.87415980237e-24, 9.19449097243e-24, 5.74932990107e-24, 5.16078996754e-24, 1.00872945571e-23, 1.07006907089e-23, 7.86268077198e-24, 1.2663297755e-23, 5.95162026401e-24, 9.71386515952e-24, 7.98344906568e-24, 1.03413795549e-23, 1.06709656411e-23, 1.03912750072e-23, 1.77488970509e-23, 8.83573990971e-24, 9.54457797584e-24, 1.26936783662e-23], "var": [0.00415488751605, 0.000185637924005, 9.93574417407e-07, 3.73295279132e-07, 7.92438811459e-07, 1.02597232399e-05, 4.74965020203e-07, 1.66787083344e-06, 1.32520852958e-07, 3.22495310456e-08, 2.9723202033e-07, 6.34350749706e-09, 5.15200593298e-09, 7.39215522128e-10, 2.96218639895e-11, 3.10841283269e-11, 6.58064713832e-11, 6.88471371926e-12, 1.82122806419e-12, 5.57679596946e-12, 3.01864110965e-13, 1.10734053762e-13, 7.82226795273e-14, 6.56671101502e-14, 6.12189132395e-14, 1.18577641534e-14, 1.18288964236e-14, 1.66788749424e-14, 2.13562704982e-14, 2.96250179878e-14, 3.34790043453e-14, 6.95923150378e-14, 9.08579242116e-14, 1.73636577122e-13, 3.41969996157e-13, 3.36038976593e-13, 1.17864051852e-13, 3.45268552518e-14, 7.09036541773e-15, 2.07003862056e-15]}, "mfcc": {"mean": [-808.91003418, 230.368331909, 71.628944397, -3.04009747505, -7.86392879486, -5.02174091339, -13.8340530396, 3.17117357254, 3.81103229523, 8.06835174561, 5.13714265823, 8.39315795898, 5.96773195267], "cov": [[7140.47167969, -78.4751739502, 30.0535449982, 390.864257812, 629.385437012, 828.321472168, 149.357681274, 535.281066895, 116.320297241, 319.203735352, 55.3493499756, 122.049812317, -39.3712081909], [-78.4751739502, 3078.12939453, -310.726867676, -215.291000366, 579.901611328, 176.474914551, 256.199035645, 49.4651451111, 307.864715576, -51.7475776672, 169.780288696, 75.1236495972, 67.7867965698], [30.0535449982, -310.726867676, 688.182067871, 137.350646973, -84.4684448242, 112.053565979, 70.3125915527, 25.1789722443, -53.402885437, 91.515411377, 28.5554389954, 69.7476043701, 49.9738731384], [390.864257812, -215.291000366, 137.350646973, 348.09475708, 53.6693649292, 125.394180298, 62.3227958679, 34.4175949097, -29.4533653259, 54.186958313, 56.7494621277, 64.1741333008, 46.5785102844], [629.385437012, 579.901611328, -84.4684448242, 53.6693649292, 423.603607178, 171.082443237, 98.7933502197, 64.21875, 90.9766845703, 42.3864631653, 90.0878067017, 50.5668945312, 26.2059173584], [828.321472168, 176.474914551, 112.053565979, 125.394180298, 171.082443237, 298.234100342, 87.6463928223, 65.5766525269, 21.7031726837, 72.7471542358, 60.6230506897, 56.8181533813, 21.8038578033], [149.357681274, 256.199035645, 70.3125915527, 62.3227958679, 98.7933502197, 87.6463928223, 169.312408447, 60.3951835632, 50.0640983582, 40.0641479492, 49.6938743591, 24.887752533, 25.309179306], [535.281066895, 49.4651451111, 25.1789722443, 34.4175949097, 64.21875, 65.5766525269, 60.3951835632, 199.210525513, 72.6085128784, 53.386756897, 6.50313425064, 8.46436309814, 2.46597862244], [116.320297241, 307.864715576, -53.402885437, -29.4533653259, 90.9766845703, 21.7031726837, 50.0640983582, 72.6085128784, 163.978866577, 29.924785614, 20.0090904236, 1.88608419895, -7.11292505264], [319.203735352, -51.7475776672, 91.515411377, 54.186958313, 42.3864631653, 72.7471542358, 40.0641479492, 53.386756897, 29.924785614, 118.212692261, 38.4360771179, 18.5821361542, 21.6749172211], [55.3493499756, 169.780288696, 28.5554389954, 56.7494621277, 90.0878067017, 60.6230506897, 49.6938743591, 6.50313425064, 20.0090904236, 38.4360771179, 129.212539673, 72.2541427612, 25.1460094452], [122.049812317, 75.1236495972, 69.7476043701, 64.1741333008, 50.5668945312, 56.8181533813, 24.887752533, 8.46436309814, 1.88608419895, 18.5821361542, 72.2541427612, 121.542129517, 52.1727905273], [-39.3712081909, 67.7867965698, 49.9738731384, 46.5785102844, 26.2059173584, 21.8038578033, 25.309179306, 2.46597862244, -7.11292505264, 21.6749172211, 25.1460094452, 52.1727905273, 100.275527954]], "icov": [[0.000296304206131, 4.21053591708e-05, 0.000151797183207, -5.70003721805e-05, -0.000239565706579, -0.000647980254143, 0.000212561164517, -0.000551903154701, 0.000190688937437, -0.000417329923948, 0.000441103999037, -0.000345424050465, 0.000374968716642], [4.21053591708e-05, 0.00069025112316, 0.000115721391921, 0.00058252515737, -0.00057530059712, -0.000365727988537, -0.000635822070763, 0.000195186090423, -0.000830978970043, 0.000839252723381, -0.000455705623608, 8.01410496933e-05, -0.00056055985624], [0.000151797183207, 0.000115721391921, 0.0022178592626, -0.000165395380463, 0.000697543669958, -0.000940926431213, -0.000915580138098, -0.000121606681205, 0.0006427836488, -0.00152227899525, 0.000758279347792, -0.00132818054408, 8.48058334668e-05], [-5.70003721805e-05, 0.00058252515737, -0.000165395380463, 0.00448479596525, -0.000313882512273, -0.00114711013157, -0.00124409107957, -6.09438829997e-05, 0.000457932241261, 0.000288179435302, -0.00104557466693, -0.000540268840268, -0.00125650595874], [-0.000239565706579, -0.00057530059712, 0.000697543669958, -0.000313882512273, 0.00488688331097, -0.0014526550658, -0.000476774206618, 0.000144520832691, -0.000850954907946, 4.75349770568e-05, -0.00166781048756, 0.000342311250279, -0.000581976841204], [-0.000647980254143, -0.000365727988537, -0.000940926431213, -0.00114711013157, -0.0014526550658, 0.00769227929413, -0.00131189334206, 0.00056773837423, 0.000880067178514, -0.00140827067662, -4.16986949858e-05, -0.00088031438645, 0.000854075828101], [0.000212561164517, -0.000635822070763, -0.000915580138098, -0.00124409107957, -0.000476774206618, -0.00131189334206, 0.0100234728307, -0.00212750770152, -0.000937820994295, -0.000268700998276, -0.00196353485808, 0.00194120965898, -0.00104630261194], [-0.000551903154701, 0.000195186090423, -0.000121606681205, -6.09438829997e-05, 0.000144520832691, 0.00056773837423, -0.00212750770152, 0.00834733620286, -0.00314086792059, -0.00124230259098, 0.0011131290812, -0.000283572851913, -0.000175110413693], [0.000190688937437, -0.000830978970043, 0.0006427836488, 0.000457932241261, -0.000850954907946, 0.000880067178514, -0.000937820994295, -0.00314086792059, 0.0104429032654, -0.00325893913396, 0.000892466341611, -0.00108967593405, 0.00223686825484], [-0.000417329923948, 0.000839252723381, -0.00152227899525, 0.000288179435302, 4.75349770568e-05, -0.00140827067662, -0.000268700998276, -0.00124230259098, -0.00325893913396, 0.0151838865131, -0.0054341214709, 0.00407119328156, -0.00398297421634], [0.000441103999037, -0.000455705623608, 0.000758279347792, -0.00104557466693, -0.00166781048756, -4.16986949858e-05, -0.00196353485808, 0.0011131290812, 0.000892466341611, -0.0054341214709, 0.0164016224444, -0.00946430489421, 0.00355128501542], [-0.000345424050465, 8.01410496933e-05, -0.00132818054408, -0.000540268840268, 0.000342311250279, -0.00088031438645, 0.00194120965898, -0.000283572851913, -0.00108967593405, 0.00407119328156, -0.00946430489421, 0.0176780838519, -0.00743969716132], [0.000374968716642, -0.00056055985624, 8.48058334668e-05, -0.00125650595874, -0.000581976841204, 0.000854075828101, -0.00104630261194, -0.000175110413693, 0.00223686825484, -0.00398297421634, 0.00355128501542, -0.00743969716132, 0.0152747342363]]}, "spectral_contrast_coeffs": {"dmean": [0.0416191443801, 0.0383667349815, 0.0359575971961, 0.0261534657329, 0.0181132834405, 0.0159780438989], "dmean2": [0.0683342814445, 0.06164451316, 0.0530875325203, 0.043426271528, 0.0302224513143, 0.0259036980569], "dvar": [0.00134185946081, 0.00122238113545, 0.000813780585304, 0.000488073041197, 0.000278777471976, 0.000260106986389], "dvar2": [0.00353914476, 0.00295161083341, 0.00182413659059, 0.00125242839567, 0.000717325659934, 0.000643969804514], "max": [-0.381249248981, -0.322502434254, -0.467094480991, -0.574314177036, -0.650685667992, -0.689814150333], "mean": [-0.655019462109, -0.583497047424, -0.671803891659, -0.76350414753, -0.817632853985, -0.849927723408], "median": [-0.657625615597, -0.589015722275, -0.675949692726, -0.76629948616, -0.824309110641, -0.85179567337], "min": [-0.969069421291, -0.996100246906, -0.99766099453, -0.986692786217, -0.988014221191, -0.959486305714], "var": [0.00546846259385, 0.00704953866079, 0.00441311579198, 0.00306144566275, 0.00265234941617, 0.00170581659768]}, "spectral_contrast_valleys": {"dmean": [0.404942959547, 0.325911134481, 0.289690643549, 0.281348437071, 0.237366333604, 0.316813379526], "dmean2": [0.662913322449, 0.532243311405, 0.465441733599, 0.464413702488, 0.383568882942, 0.446800470352], "dvar": [0.222589507699, 0.1