{"lowlevel": {"average_loudness": 0.909769654274, "barkbands_crest": {"dmean": 2.32465672493, "dmean2": 3.65899944305, "dvar": 4.62889051437, "dvar2": 11.0335512161, "max": 23.5041503906, "mean": 10.1113634109, "median": 9.49208164215, "min": 3.1111972332, "var": 13.7049102783}, "barkbands_flatness_db": {"dmean": 0.0293229855597, "dmean2": 0.0410261154175, "dvar": 0.000882714055479, "dvar2": 0.00168655207381, "max": 0.377411901951, "mean": 0.16172875464, "median": 0.15957352519, "min": 0.0320508405566, "var": 0.00362723250873}, "barkbands_kurtosis": {"dmean": 3.72845578194, "dmean2": 5.59322881699, "dvar": 31.8175468445, "dvar2": 66.0097045898, "max": 103.449073792, "mean": 6.3653421402, "median": 3.84461116791, "min": -1.84256887436, "var": 83.0551071167}, "barkbands_skewness": {"dmean": 0.629702568054, "dmean2": 0.937354981899, "dvar": 0.511415362358, "dvar2": 1.06959545612, "max": 9.10382938385, "mean": 1.9196035862, "median": 1.8700606823, "min": -2.18983268738, "var": 1.68955659866}, "barkbands_spread": {"dmean": 6.41300535202, "dmean2": 9.79832553864, "dvar": 66.8297729492, "dvar2": 152.402175903, "max": 89.8268127441, "mean": 18.6472091675, "median": 15.8834877014, "min": 1.24542963505, "var": 155.843231201}, "dissonance": {"dmean": 0.0212551094592, "dmean2": 0.0335655584931, "dvar": 0.000437396171037, "dvar2": 0.000983622507192, "max": 0.500000178814, "mean": 0.451160401106, "median": 0.461004883051, "min": 0.23720151186, "var": 0.00140838103835}, "dynamic_complexity": 4.60555791855, "erbbands_crest": {"dmean": 2.28962302208, "dmean2": 3.65198397636, "dvar": 5.72399663925, "dvar2": 13.8115491867, "max": 24.8748683929, "mean": 9.00902175903, "median": 8.08509731293, "min": 2.41831064224, "var": 16.2334079742}, "erbbands_flatness_db": {"dmean": 0.026351429522, "dmean2": 0.0356836281717, "dvar": 0.000872790056746, "dvar2": 0.00142449222039, "max": 0.400205910206, "mean": 0.175466254354, "median": 0.168362721801, "min": 0.044217582792, "var": 0.00427460717037}, "erbbands_kurtosis": {"dmean": 1.09623289108, "dmean2": 1.68241858482, "dvar": 2.48361158371, "dvar2": 5.27501678467, "max": 19.2440185547, "mean": 0.362381875515, "median": -0.456934452057, "min": -1.80034434795, "var": 5.49205160141}, "erbbands_skewness": {"dmean": 0.492386192083, "dmean2": 0.715549588203, "dvar": 0.324469804764, "dvar2": 0.685190975666, "max": 3.84492516518, "mean": 0.455246627331, "median": 0.422164410353, "min": -2.63228869438, "var": 0.937401294708}, "erbbands_spread": {"dmean": 9.32264709473, "dmean2": 13.8119316101, "dvar": 111.077964783, "dvar2": 224.10736084, "max": 142.699142456, "mean": 41.6778411865, "median": 38.0499458313, "min": 5.23315906525, "var": 433.816009521}, "hfc": {"dmean": 8.17497825623, "dmean2": 12.5771341324, "dvar": 231.824707031, "dvar2": 593.050354004, "max": 140.410919189, "mean": 13.7875566483, "median": 7.34473896027, "min": 1.19244107174e-16, "var": 308.869659424}, "melbands_crest": {"dmean": 3.09822273254, "dmean2": 4.96470308304, "dvar": 8.53871059418, "dvar2": 19.3161373138, "max": 36.193321228, "mean": 13.5400867462, "median": 12.6535205841, "min": 1.8778398037, "var": 24.7719421387}, "melbands_flatness_db": {"dmean": 0.0342100858688, "dmean2": 0.0486792959273, "dvar": 0.00127999437973, "dvar2": 0.00253872247413, "max": 0.491423904896, "mean": 0.233626961708, "median": 0.236588791013, "min": 0.00741190603003, "var": 0.00524902576581}, "melbands_kurtosis": {"dmean": 7.94031381607, "dmean2": 11.9169645309, "dvar": 143.408447266, "dvar2": 306.72756958, "max": 318.050689697, "mean": 17.5174255371, "median": 11.9501619339, "min": -1.7641620636, "var": 434.667877197}, "melbands_skewness": {"dmean": 0.768857896328, "dmean2": 1.1561756134, "dvar": 0.690389811993, "dvar2": 1.4637619257, "max": 14.7065973282, "mean": 3.02235198021, "median": 2.83003664017, "min": -1.14498412609, "var": 2.71591210365}, "melbands_spread": {"dmean": 7.40166139603, "dmean2": 11.3940143585, "dvar": 116.262542725, "dvar2": 259.095001221, "max": 132.415588379, "mean": 19.0919246674, "median": 12.8756217957, "min": 1.23210656643, "var": 255.79019165}, "pitch_salience": {"dmean": 0.0758046582341, "dmean2": 0.124620199203, "dvar": 0.00520079256967, "dvar2": 0.013852827251, "max": 0.883733570576, "mean": 0.548940896988, "median": 0.556281030178, "min": 0.157483071089, "var": 0.0122806616127}, "silence_rate_20dB": {"dmean": 0, "dmean2": 0, "dvar": 0, "dvar2": 0, "max": 1, "mean": 1, "median": 1, "min": 1, "var": 0}, "silence_rate_30dB": {"dmean": 0.00209205015562, "dmean2": 0.00418555969372, "dvar": 0.00208765105344, "dvar2": 0.00626072380692, "max": 1, "mean": 0.998954355717, "median": 1, "min": 0, "var": 0.00104458921123}, "silence_rate_60dB": {"dmean": 0.0523012541234, "dmean2": 0.10429020226, "dvar": 0.0495666861534, "dvar2": 0.103178665042, "max": 1, "mean": 0.166608572006, "median": 0, "min": 0, "var": 0.138852745295}, "spectral_centroid": {"dmean": 331.545623779, "dmean2": 493.297668457, "dvar": 179454.125, "dvar2": 349667.0625, "max": 11038.0234375, "mean": 1197.53430176, "median": 1021.95477295, "min": 246.36366272, "var": 454238.8125}, "spectral_complexity": {"dmean": 3.47977685928, "dmean2": 5.45134305954, "dvar": 20.0885543823, "dvar2": 44.4731559753, "max": 48, "mean": 12.6131057739, "median": 11, "min": 0, "var": 64.9238052368}, "spectral_decrease": {"dmean": 2.29081242864e-09, "dmean2": 3.48743411926e-09, "dvar": 1.32383159829e-17, "dvar2": 3.23626407553e-17, "max": 2.91374723695e-29, "mean": -5.35125321832e-09, "median": -3.71485664452e-09, "min": -3.64847814183e-08, "var": 2.94475603237e-17}, "spectral_energy": {"dmean": 0.00923381093889, "dmean2": 0.0140281096101, "dvar": 0.00021502468735, "dvar2": 0.000528138887603, "max": 0.147802039981, "mean": 0.021447436884, "median": 0.0151421958581, "min": 1.07058206209e-20, "var": 0.000465983262984}, "spectral_energyband_high": {"dmean": 0.000300346815493, "dmean2": 0.000472536339657, "dvar": 3.83839250162e-07, "dvar2": 9.34915078687e-07, "max": 0.00882795080543, "mean": 0.000465809309389, "median": 6.99570446159e-05, "min": 7.80196430643e-21, "var": 8.99991391634e-07}, "spectral_energyband_low": {"dmean": 0.00389284966514, "dmean2": 0.0060541392304, "dvar": 6.03386142757e-05, "dvar2": 0.000135650087032, "max": 0.10577891767, "mean": 0.00761987455189, "median": 0.00222910568118, "min": 3.10656264375e-23, "var": 0.000135961774504}, "spectral_energyband_middle_high": {"dmean": 0.00199491390958, "dmean2": 0.0031398688443, "dvar": 1.96985329239e-05, "dvar2": 5.02153816342e-05, "max": 0.0374989099801, "mean": 0.00285042147152, "median": 0.00121011550073, "min": 1.65222511599e-21, "var": 2.19828252739e-05}, "spectral_energyband_middle_low": {"dmean": 0.00526192877442, "dmean2": 0.00808529369533, "dvar": 9.26190186874e-05, "dvar2": 0.000246263080044, "max": 0.109158433974, "mean": 0.0112049775198, "median": 0.0076590096578, "min": 2.3812598199e-22, "var": 0.000147741258843}, "spectral_entropy": {"dmean": 0.295736938715, "dmean2": 0.425988852978, "dvar": 0.107920743525, "dvar2": 0.202179327607, "max": 9.80137062073, "mean": 7.183157444, "median": 7.2337603569, "min": 5.32175254822, "var": 0.378897130489}, "spectral_flux": {"dmean": 0.0285982023925, "dmean2": 0.0433354750276, "dvar": 0.00139258324634, "dvar2": 0.00296087143943, "max": 0.299685537815, "mean": 0.0669954568148, "median": 0.0543107353151, "min": 1.03468934809e-10, "var": 0.00286081456579}, "spectral_kurtosis": {"dmean": 2.92209267616, "dmean2": 4.76666879654, "dvar": 16.1833000183, "dvar2": 41.4585647583, "max": 44.4995880127, "mean": 6.42419290543, "median": 5.03628635406, "min": -1.20410323143, "var": 27.290687561}, "spectral_rms": {"dmean": 0.000882819877006, "dmean2": 0.00128027913161, "dvar": 1.30652063035e-06, "dvar2": 2.95185736832e-06, "max": 0.0120082097128, "mean": 0.00397291826084, "median": 0.00384354963899, "min": 3.23182648178e-12, "var": 5.14027669851e-06}, "spectral_rolloff": {"dmean": 508.539306641, "dmean2": 861.688598633, "dvar": 898725.6875, "dvar2": 1862600.25, "max": 18755.4199219, "mean": 1242.73730469, "median": 581.396484375, "min": 64.599609375, "var": 1565830.25}, "spectral_skewness": {"dmean": 0.351886689663, "dmean2": 0.564366996288, "dvar": 0.172284081578, "dvar2": 0.439326256514, "max": 4.77071237564, "mean": 1.69573426247, "median": 1.62894260883, "min": -0.276115000248, "var": 0.349130630493}, "spectral_spread": {"dmean": 795643.8125, "dmean2": 1147315.125, "dvar": 1511472365570.0, "dvar2": 2431404212220.0, "max": 40877204, "mean": 4265801.5, "median": 3762131.5, "min": 1218702.375, "var": 4037780963330.0}, "spectral_strongpeak": {"dmean": 0.439615666866, "dmean2": 0.753684937954, "dvar": 1.10963654518, "dvar2": 3.01229739189, "max": 15.3355178833, "mean": 0.692099452019, "median": 0.433348566294, "min": 0, "var": 1.10232138634}, "zerocrossingrate": {"dmean": 0.0110259968787, "dmean2": 0.0129690021276, "dvar": 0.000219174879021, "dvar2": 0.000247043935815, "max": 0.509765625, "mean": 0.0540433228016, "median": 0.0478515625, "min": 0.00390625, "var": 0.00104287429713}, "barkbands": {"dmean": [0.000557069492061, 0.00248895562254, 0.00150304811541, 0.00123786937911, 0.00312731019221, 0.000983781181276, 0.000533881655429, 0.000578363484237, 0.000257361971308, 0.000182190051419, 0.000145180616528, 0.000110922126623, 0.00011484305287, 7.47057274566e-05, 0.000176051020389, 0.000109427870484, 0.000546729657799, 0.000431995838881, 0.00050397234736, 0.000133221779834, 4.850258847e-05, 4.79898226331e-05, 4.38657334598e-05, 4.20533033321e-05, 6.58213466522e-05, 3.59709483746e-05, 6.95013568475e-06], "dmean2": [0.000904650310986, 0.00381054216996, 0.0026255112607, 0.00200829585083, 0.00498104793951, 0.00157658732496, 0.000799978559371, 0.000897733028978, 0.000406013539759, 0.000287800678052, 0.000232669903198, 0.000177830370376, 0.000194755863049, 0.000125991864479, 0.000255051651038, 0.000182666131877, 0.000919781799894, 0.00073512113886, 0.000852248631418, 0.000236762556597, 8.02672002465e-05, 7.51950137783e-05, 7.00391028658e-05, 6.74923721817e-05, 0.000105898267066, 5.83087166888e-05, 1.14061595013e-05], "dvar": [2.37170343098e-06, 2.72365377896e-05, 1.54119206854e-05, 4.50558991361e-06, 4.12062618125e-05, 3.25776477439e-06, 1.02466742646e-06, 1.94555013877e-06, 3.24552246411e-07, 1.29602852894e-07, 1.06299488323e-07, 6.81248053525e-08, 1.20579656482e-07, 2.19608793373e-08, 1.88751897667e-07, 5.8267126235e-08, 1.93448795471e-06, 1.28921521991e-06, 2.58266004494e-06, 1.27695344077e-07, 1.19854197678e-08, 1.25583730082e-08, 9.01316710156e-09, 9.92066873096e-09, 3.50952760186e-08, 1.00541681647e-08, 5.19990384085e-10], "dvar2": [6.1965979512e-06, 6.11710347584e-05, 4.44049182988e-05, 1.16138271551e-05, 0.000106269289972, 8.49663592817e-06, 2.23019037549e-06, 4.789706054e-06, 8.57180680214e-07, 3.19734994036e-07, 2.69541033049e-07, 1.61613911587e-07, 3.48995484956e-07, 6.03997776238e-08, 3.55280150188e-07, 1.4633461376e-07, 5.33358252142e-06, 3.38136237588e-06, 6.74231341691e-06, 3.59180091891e-07, 3.26911120396e-08, 3.11281134202e-08, 2.25287486444e-08, 2.44925324466e-08, 8.87999505039e-08, 2.49378135919e-08, 1.29310706587e-09], "max": [0.0239963438362, 0.0664451420307, 0.0472813174129, 0.0242576356977, 0.0678312033415, 0.0278569031507, 0.0216231867671, 0.0194861218333, 0.00566826015711, 0.00609119795263, 0.00468338001519, 0.00291889882647, 0.00539211928844, 0.00140358449426, 0.006030916702, 0.00303113297559, 0.0148741602898, 0.0153452577069, 0.0168974753469, 0.00550979562104, 0.0012842763681, 0.00212710164487, 0.00147627620026, 0.00173045590054, 0.00182651961222, 0.000935207761358, 0.000358756748028], "mean": [0.000734223867767, 0.00441234838217, 0.00187013787217, 0.00161027861759, 0.00459043681622, 0.0021253535524, 0.00130282167811, 0.000978082884103, 0.000422255718149, 0.00027867796598, 0.000234486171394, 0.000178197355126, 0.000147431157529, 9.40609679674e-05, 0.000305915280478, 0.000143056618981, 0.000642349070404, 0.000394197530113, 0.000441953074187, 0.00014566356549, 7.33498018235e-05, 7.90069607319e-05, 6.85759514454e-05, 6.14299497101e-05, 7.16264694347e-05, 3.52400493284e-05, 6.31351986158e-06], "median": [4.22070806962e-05, 0.00114731327631, 0.00038234461681, 0.000603705935646, 0.00209873984568, 0.00126901362091, 0.000676708528772, 0.00039627411752, 0.000135010370286, 0.000114482965728, 5.09220408276e-05, 5.48503085156e-05, 4.25259677286e-05, 2.89665931632e-05, 7.4890369433e-05, 3.84391314583e-05, 0.000166429803357, 7.6329561125e-05, 8.38239211589e-05, 3.12465890602e-05, 1.61897023645e-05, 1.12090438051e-05, 7.94226707512e-06, 4.84115707877e-06, 3.97815210817e-06, 1.77980166427e-06, 2.07443548561e-07], "min": [5.48098269251e-24, 1.12060010838e-23, 4.41082739912e-24, 1.21803160881e-23, 5.46194984545e-23, 7.05057876231e-23, 6.77876853326e-24, 1.44028409695e-23, 6.65959657849e-23, 4.39081873112e-23, 8.76669706779e-23, 7.86845838925e-23, 1.3113003849e-22, 8.90623394015e-23, 1.06794954363e-22, 2.40610275375e-22, 2.10976620807e-22, 2.96457512766e-22, 1.97305926377e-22, 3.18646491334e-22, 5.17576410946e-22, 5.84999658318e-22, 4.82999362671e-22, 9.56944470173e-22, 1.17590055156e-21, 1.80354817612e-21, 2.28084592985e-21], "var": [2.89077752313e-06, 5.5236127082e-05, 1.32453642436e-05, 6.1796904447e-06, 5.23449780303e-05, 6.77362413626e-06, 4.43323551735e-06, 3.32612012244e-06, 5.04814238411e-07, 2.0862466954e-07, 1.91528428672e-07, 1.19222377748e-07, 1.06673525124e-07, 2.47468481263e-08, 4.07529057611e-07, 7.71555477286e-08, 1.79487801688e-06, 1.03926424799e-06, 1.95221900867e-06, 1.37035598868e-07, 1.87256432582e-08, 3.14396295664e-08, 2.06941734859e-08, 2.25105551976e-08, 3.77853979217e-08, 9.69917657301e-09, 4.46111064756e-10]}, "erbbands": {"dmean": [0.114956960082, 0.464891850948, 1.60152626038, 2.63998270035, 9.53954982758, 10.4357290268, 6.6995177269, 8.22194385529, 9.47924518585, 12.82447052, 8.25152301788, 6.21532869339, 6.17700386047, 3.63946413994, 6.34496355057, 5.01856899261, 5.37200927734, 4.10524129868, 8.91465950012, 6.61315250397, 13.7243099213, 23.1729488373, 22.5518875122, 30.410200119, 17.0442695618, 6.73615312576, 2.63223671913, 1.82908689976, 1.62385988235, 1.72882688046, 1.2319316864, 0.763831138611, 0.769746124744, 0.666796147823, 0.530059218407, 0.228107064962, 0.0506557635963, 0.00910551100969, 0.00113009661436, 7.57177331252e-05], "dmean2": [0.173234388232, 0.762599945068, 2.77917075157, 4.2883067131, 15.3814554214, 17.0132980347, 11.085187912, 13.3006544113, 14.3574485779, 19.4585208893, 13.3168840408, 9.69480133057, 9.56738758087, 5.86745166779, 10.0310745239, 7.89070129395, 9.00335407257, 6.83331394196, 12.8897199631, 10.1334266663, 22.3982257843, 39.9550094604, 37.7243270874, 50.8469161987, 29.4418621063, 11.9621706009, 4.34555006027, 2.97217130661, 2.55828666687, 2.77891659737, 1.95233762264, 1.23619258404, 1.23280239105, 1.04390478134, 0.877906382084, 0.370498925447, 0.0818478986621, 0.0147936511785, 0.00184920197353, 0.000120817167044], "dvar": [0.0712366178632, 1.09390711784, 18.3635215759, 21.4627494812, 294.31149292, 772.613952637, 295.16229248, 219.327468872, 267.74810791, 825.75, 522.065002441, 194.860427856, 116.932685852, 110.013404846, 208.912261963, 134.866333008, 260.37902832, 80.3125991821, 601.129821777, 176.171356201, 1102.83374023, 3980.7199707, 3065.8762207, 12728.1914062, 2482.43017578, 321.012237549, 40.9989891052, 17.2959918976, 16.5336589813, 15.4604196548, 6.75441169739, 2.86478590965, 3.77025032043, 2.90957164764, 2.67027616501, 0.444075524807, 0.0178841035813, 0.000727236329112, 1.27060147861e-05, 4.4938538224e-08], "dvar2": [0.149549677968, 2.81524777412, 52.5345458984, 57.7453308105, 746.951538086, 2084.25927734, 788.510803223, 570.297241211, 618.715820312, 1782.27575684, 1471.48937988, 504.503631592, 263.446868896, 292.133239746, 519.223632812, 314.973876953, 741.441162109, 223.530456543, 1104.87414551, 408.432250977, 2985.95263672, 11096.3359375, 7982.90185547, 32984.1835938, 6701.44482422, 941.17980957, 104.975921631, 45.8169212341, 41.0816917419, 39.3587799072, 16.8204421997, 7.51210069656, 9.4057674408, 7.00555229187, 6.99938058853, 1.11803841591, 0.0435936264694, 0.00179087067954, 3.16471232509e-05, 1.11426082583e-07], "max": [3.64993453026, 13.8530864716, 54.3358421326, 46.492477417, 234.193557739, 322.770080566, 353.904602051, 222.357666016, 276.89074707, 477.063018799, 370.872589111, 150.499252319, 230.672775269, 188.049545288, 207.157562256, 130.35824585, 253.414840698, 98.7844161987, 341.137695312, 176.485916138, 350.573944092, 660.155578613, 681.087219238, 1343.76965332, 495.840179443, 272.574707031, 108.103378296, 70.2418365479, 70.517539978, 85.7518157959, 43.6690292358, 28.5722637177, 28.0166816711, 23.2723064423, 14.8097410202, 6.35108232498, 1.25388228893, 0.384277999401, 0.0507965087891, 0.00311671802774], "mean": [0.183418169618, 0.76070690155, 2.03630685806, 4.05611133575, 12.4210767746, 14.3310546875, 10.7898778915, 17.3468971252, 23.3465251923, 24.9854335785, 14.8956480026, 11.0663404465, 10.2261266708, 5.66753196716, 10.564666748, 8.794465065, 7.31401205063, 5.57546424866, 15.4475030899, 10.6854429245, 17.8802051544, 24.6791152954, 22.9776916504, 26.9244480133, 14.9105987549, 7.26186943054, 3.70574092865, 2.9244761467, 2.72424864769, 2.65873146057, 1.87629127502, 1.16435623169, 1.02673232555, 0.805187344551, 0.52411878109, 0.214570268989, 0.051494717598, 0.00894494540989, 0.00106031855103, 8.32963414723e-05], "median": [0.0349581390619, 0.201595380902, 0.44871532917, 1.56535148621, 5.27643823624, 5.8775935173, 4.35383701324, 9.80797386169, 13.5596656799, 7.04302358627, 7.59049081802, 4.00423574448, 5.01838779449, 1.52411532402, 2.88403511047, 3.49690198898, 2.52847766876, 2.1898150444, 2.84582066536, 3.78201794624, 5.41866350174, 6.59493494034, 5.93939590454, 5.00989627838, 3.10381436348, 1.71892786026, 0.805359303951, 0.57390576601, 0.433271616697, 0.313923031092, 0.19453972578, 0.11106261611, 0.072875931859, 0.0505067743361, 0.0237478762865, 0.0105062387884, 0.00270356051624, 0.000356223754352, 4.26580518251e-05, 2.47605221375e-05], "min": [5.54003912335e-22, 1.53531214331e-21, 6.46547025381e-21, 3.37147282384e-20, 7.87312898097e-20, 2.2526167597e-19, 1.72502506764e-19, 7.65406971203e-19, 3.37837648616e-19, 8.66438992166e-20, 5.47389303598e-19, 1.57088102031e-18, 1.43708755476e-18, 3.12262170164e-18, 3.00030112779e-18, 2.97762128296e-18, 5.65970003203e-18, 4.14979680192e-18, 4.83058629839e-18, 8.36443794643e-18, 1.44066192627e-17, 1.33024762472e-17, 1.72470234829e-17, 1.20542764192e-17, 8.5049800684e-18, 1.97887625625e-17, 1.67388384562e-17, 2.04653102768e-17, 2.17545440533e-17, 1.9736911573e-17, 1.42361604995e-17, 2.08806757126e-17, 1.40003693571e-17, 1.090494949e-17, 9.1892197352e-18, 5.87793302509e-18, 3.61918442721e-18, 1.32828455969e-18, 3.27261162208e-19, 3.45209288365e-20], "var": [0.131588354707, 1.55310845375, 15.6554613113, 33.552028656, 378.384155273, 783.30480957, 384.434783936, 446.074798584, 761.707824707, 2695.1730957, 576.972839355, 334.121765137, 207.753051758, 162.67376709, 365.465393066, 248.88319397, 241.174621582, 81.941078186, 1341.98547363, 302.611236572, 1187.53857422, 3112.88745117, 2652.27734375, 9641.56542969, 1764.39477539, 314.725616455, 67.8466567993, 34.1022415161, 39.4315490723, 33.9862518311, 14.9874658585, 6.83863544464, 6.52091312408, 4.25303125381, 2.39812159538, 0.395779043436, 0.0195455867797, 0.000688741100021, 1.13068490464e-05, 4.03699438323e-08]}, "gfcc": {"mean": [-63.3232116699, 101.985969543, -117.324447632, 28.7529468536, -56.2576904297, -12.8555316925, -44.9477615356, 7.36822748184, -21.713558197, -1.91092455387, -11.7498178482, -0.608566939831, -12.1415166855], "cov": [[17426.4570312, -959.605102539, 2632.9543457, 1501.5793457, 466.450927734, 1864.20532227, -254.196975708, 710.127380371, -470.892211914, 1.16139125824, -488.52532959, 401.78717041, -132.282501221], [-959.605102539, 1921.72106934, -278.908081055, -15.3940315247, 371.662994385, -263.181335449, 160.582397461, -83.2125549316, 163.420425415, -165.556686401, 158.383804321, -106.691375732, 111.478553772], [2632.9543457, -278.908081055, 1706.21447754, 501.718719482, 121.959312439, 657.232849121, 174.223129272, 152.460357666, -94.3721694946, 97.4915771484, -88.0811691284, 156.042572021, 4.64690065384], [1501.5793457, -15.3940315247, 501.718719482, 551.875488281, 153.629379272, 324.248931885, 98.5410461426, 93.2199707031, -19.3003406525, 6.87012720108, -10.0151357651, 48.463394165, 32.0904464722], [466.450927734, 371.662994385, 121.959312439, 153.629379272, 408.173126221, 45.5043487549, 74.0746688843, 127.135108948, 48.7053222656, -24.9787311554, 30.6252593994, -23.4811897278, -21.4528045654], [1864.20532227, -263.181335449, 657.232849121, 324.248931885, 45.5043487549, 566.67401123, 96.7470397949, 84.5841217041, -16.0534191132, 73.7815628052, -54.7166099548, 101.59375, 12.8088645935], [-254.196975708, 160.582397461, 174.223129272, 98.5410461426, 74.0746688843, 96.7470397949, 185.789581299, 33.9329147339, 57.0958251953, 47.043926239, 55.2236366272, 17.4867553711, 40.6515007019], [710.127380371, -83.2125549316, 152.460357666, 93.2199707031, 127.135108948, 84.5841217041, 33.9329147339, 161.745147705, 22.6197719574, 36.2853431702, 8.22444725037, 29.6884670258, -20.1097602844], [-470.892211914, 163.420425415, -94.3721694946, -19.3003406525, 48.7053222656, -16.0534191132, 57.0958251953, 22.6197719574, 125.346199036, 44.8478889465, 54.0407676697, 5.01424026489, 28.1202201843], [1.16139125824, -165.556686401, 97.4915771484, 6.87012720108, -24.9787311554, 73.7815628052, 47.043926239, 36.2853431702, 44.8478889465, 109.118690491, 27.4793796539, 37.9157028198, 12.1084871292], [-488.52532959, 158.383804321, -88.0811691284, -10.0151357651, 30.6252593994, -54.7166099548, 55.2236366272, 8.22444725037, 54.0407676697, 27.4793796539, 107.691413879, 13.5244112015, 30.6838665009], [401.78717041, -106.691375732, 156.042572021, 48.463394165, -23.4811897278, 101.59375, 17.4867553711, 29.6884670258, 5.01424026489, 37.9157028198, 13.5244112015, 91.2484359741, 37.8426399231], [-132.282501221, 111.478553772, 4.64690065384, 32.0904464722, -21.4528045654, 12.8088645935, 40.6515007019, -20.1097602844, 28.1202201843, 12.1084871292, 30.6838665009, 37.8426399231, 96.1948623657]], "icov": [[0.000181732903002, -0.000189327154658, 7.33767046768e-06, -0.000197360524908, 7.51014304115e-05, -0.000455027300632, 0.000639152945951, -0.000732027052436, 0.000586113892496, -0.00022088753758, 0.000351394992322, -0.000301798369037, 5.21134425071e-05], [-0.000189327154658, 0.00164473627228, -0.000289871357381, 0.000523460039403, -0.00124235497788, 0.000637890712824, -0.00122151279356, 0.00185508723371, -0.00227324501611, 0.00297518516891, -0.00166586705018, 0.00132669322193, -0.00148553343024], [7.33767046768e-06, -0.000289871357381, 0.00145916291513, -0.000470736675197, -8.00458656158e-05, -0.000791519472841, -0.000943040591665, -0.000239341665292, 0.00164541741833, -0.00122579769231, 0.00119431200437, -0.00157984590624, 0.000782446179073], [-0.000197360524908, 0.000523460039403, -0.000470736675197, 0.00388689595275, -0.00100923294667, -0.00124075484928, -0.000994750880636, 9.72186171566e-06, -0.000124235710246, 0.00206332630478, -0.00158202263992, 0.00184058514424, -0.00223225564696], [7.51014304115e-05, -0.00124235497788, -8.00458656158e-05, -0.00100923294667, 0.00569698447362, -0.000261964421952, -7.7237134974e-05, -0.00476115196943, -0.000455143337604, 0.000957792799454, -1.10293640319e-05, 0.00108731060755, 0.00181452743709], [-0.000455027300632, 0.000637890712824, -0.000791519472841, -0.00124075484928, -0.000261964421952, 0.0060016810894, -0.00296464143321, 0.00246788957156, -0.0023381835781, -0.000683885475155, 0.00203981855884, -0.00258192443289, 0.00113302073441], [0.000639152945951, -0.00122151279356, -0.000943040591665, -0.000994750880636, -7.7237134974e-05, -0.00296464143321, 0.0128332553431, -0.0030505717732, 0.000579120998736, -0.00366149540059, -0.00288164708763, 0.0028392416425, -0.00291771627963], [-0.000732027052436, 0.00185508723371, -0.000239341665292, 9.72186171566e-06, -0.00476115196943, 0.00246788957156, -0.0030505717732, 0.0154285877943, -0.0042815390043, -0.000673144240864, -0.00138746330049, -0.0031293570064, 0.00298594357446], [0.000586113892496, -0.00227324501611, 0.00164541741833, -0.000124235710246, -0.000455143337604, -0.0023381835781, 0.000579120998736, -0.0042815390043, 0.0185177251697, -0.00945798866451, -6.95128910593e-05, -0.000691846886184, -0.00145592435729], [-0.00022088753758, 0.00297518516891, -0.00122579769231, 0.00206332630478, 0.000957792799454, -0.000683885475155, -0.00366149540059, -0.000673144240864, -0.00945798866451, 0.0226425137371, -0.00563336303458, -0.000330110313371, -0.000828010844998], [0.000351394992322, -0.00166586705018, 0.00119431200437, -0.00158202263992, -1.10293640319e-05, 0.00203981855884, -0.00288164708763, -0.00138746330049, -6.95128910593e-05, -0.00563336303458, 0.0188437700272, -0.00680241407827, 0.000932222465053], [-0.000301798369037, 0.00132669322193, -0.00157984590624, 0.00184058514424, 0.00108731060755, -0.00258192443289, 0.0028392416425, -0.0031293570064, -0.000691846886184, -0.000330110313371, -0.00680241407827, 0.0250137336552, -0.0111846541986], [5.21134425071e-05, -0.00148553343024, 0.000782446179073, -0.00223225564696, 0.00181452743709, 0.00113302073441, -0.00291771627963, 0.00298594357446, -0.00145592435729, -0.000828010844998, 0.000932222465053, -0.0111846541986, 0.0196391642094]]}, "melbands": {"dmean": [0.000817095395178, 0.00073779525701, 0.000643833307549, 0.000756487133913, 0.000271141703706, 0.000194232110516, 0.000135465059429, 0.000144448305946, 6.22474108241e-05, 3.63816288882e-05, 3.06414513034e-05, 1.45165304275e-05, 2.08530254895e-05, 1.50687537825e-05, 1.22818291857e-05, 1.02692447399e-05, 7.74172440288e-06, 1.34224646899e-05, 9.64575428952e-06, 9.38594075706e-06, 2.18169388972e-05, 2.9210388675e-05, 1.82213170774e-05, 2.43484682869e-05, 2.5363488021e-05, 1.32418936118e-05, 7.90747162682e-06, 3.80513461096e-06, 1.99957639779e-06, 1.26469285533e-06, 1.05940705453e-06, 1.00476938769e-06, 1.038747655e-06, 9.62342028288e-07, 8.51539994073e-07, 4.69840671258e-07, 4.91929881719e-07, 5.01601107317e-07, 6.83673818003e-07, 5.33938361968e-07], "dmean2": [0.00121741602197, 0.00126293790527, 0.00103661324829, 0.00120179844089, 0.000450849911431, 0.000309550960083, 0.000204643831239, 0.000219718436711, 0.000101081401226, 5.70001902815e-05, 4.74734479212e-05, 2.36926080106e-05, 3.364265649e-05, 2.3687052817e-05, 2.00883387151e-05, 1.76541016117e-05, 1.30087037178e-05, 1.97601330001e-05, 1.41601203723e-05, 1.49879124365e-05, 3.5691584344e-05, 5.04233503307e-05, 3.12032061629e-05, 4.03545382142e-05, 4.26120241173e-05, 2.26794509217e-05, 1.39346611832e-05, 6.78792002873e-06, 3.30027751261e-06, 2.12121653931e-06, 1.71574924934e-06, 1.60330216659e-06, 1.6817245978e-06, 1.56157057063e-06, 1.35194375162e-06, 7.51930826937e-07, 8.13387885046e-07, 8.10536960216e-07, 1.09977315788e-06, 8.38527739688e-07], "dvar": [3.14791577694e-06, 3.59411478712e-06, 1.13119517664e-06, 2.41599832407e-06, 5.16700538356e-07, 1.17178991843e-07, 5.37849196292e-08, 1.05756107871e-07, 2.95393700611e-08, 6.42629061076e-09, 2.91858093249e-09, 2.06136885339e-09, 2.22794338534e-09, 1.06145359169e-09, 6.2980060056e-10, 1.34798672224e-09, 2.38437686262e-10, 1.26359900321e-09, 4.43636766212e-10, 3.90274201845e-10, 3.16935921951e-09, 7.27258742117e-09, 2.28274843472e-09, 5.36316102639e-09, 1.07906723557e-08, 1.80867731903e-09, 4.45765230284e-10, 1.06091961605e-10, 3.22240428785e-11, 1.03216697342e-11, 6.33376857906e-12, 7.87745910169e-12, 6.30749619202e-12, 4.88737479307e-12, 3.45018913613e-12, 9.05581436662e-13, 1.31400543658e-12, 1.64835647302e-12, 2.87724596752e-12, 2.01882607853e-12], "dvar2": [6.75328601574e-06, 9.99207986752e-06, 2.94993787975e-06, 6.10938059253e-06, 1.41660757436e-06, 2.97146470984e-07, 1.22884955545e-07, 2.35179840047e-07, 8.41518925654e-08, 1.67859077749e-08, 6.60395249596e-09, 5.47342526858e-09, 5.70952662926e-09, 2.51315235289e-09, 1.62456670338e-09, 3.95411170473e-09, 6.58245125074e-10, 2.35481079081e-09, 8.69465333064e-10, 9.08077668615e-10, 8.56878035194e-09, 2.03712549052e-08, 6.1041167676e-09, 1.37279005941e-08, 2.7994000007e-08, 4.91024820803e-09, 1.22393017943e-09, 3.16356135732e-10, 8.24315685155e-11, 2.86436326047e-11, 1.66074150959e-11, 1.96906345395e-11, 1.6261955324e-11, 1.2406777862e-11, 8.60610974845e-12, 2.2786124116e-12, 3.545945872e-12, 4.15871113588e-12, 7.2044115465e-12, 4.89816433941e-12], "max": [0.0249773412943, 0.0254054889083, 0.0118875317276, 0.0153530668467, 0.0125652765855, 0.00527735706419, 0.00380590907298, 0.00465376442298, 0.00276479776949, 0.000838369480334, 0.00115590542555, 0.000822528498247, 0.000695756403729, 0.00033109789365, 0.000349188514519, 0.000554915168323, 0.000140743461088, 0.000489114027005, 0.000271427241387, 0.000275500409771, 0.000590301176999, 0.000947207561694, 0.000709662795998, 0.00114201835822, 0.00124516780488, 0.000460884155473, 0.000265445851255, 0.000191118102521, 0.000106772269646, 4.01300931117e-05, 5.25129653397e-05, 5.45370894542e-05, 6.46082771709e-05, 3.94048329326e-05, 3.29566828441e-05, 1.48603267007e-05, 1.8659457055e-05, 2.07791745197e-05, 2.76655864582e-05, 2.18165369006e-05], "mean": [0.00139589933679, 0.00105820060708, 0.000936860858928, 0.00104397372343, 0.000428648316301, 0.000427703285823, 0.000339456775691, 0.000265483366093, 0.00011078811076, 6.22266088612e-05, 4.90233542223e-05, 2.08588517125e-05, 3.36283301294e-05, 2.49238928518e-05, 1.97133776965e-05, 1.21459606817e-05, 9.60656325333e-06, 2.25964631682e-05, 1.63366712513e-05, 1.32539298647e-05, 2.71658045676e-05, 3.03400229313e-05, 1.96129149117e-05, 2.39412165683e-05, 2.15926647797e-05, 1.2165993212e-05, 6.98759686202e-06, 4.31070702689e-06, 2.56559656009e-06, 1.72245461272e-06, 1.66146878655e-06, 1.59036733294e-06, 1.47082619151e-06, 1.47355615354e-06, 1.24179769045e-06, 6.71270925068e-07, 7.35371997962e-07, 6.67122094455e-07, 8.1052138512e-07, 6.32688227142e-07], "median": [0.000355306488927, 0.000286123889964, 0.000437594455434, 0.000450369610917, 0.000173634602106, 0.00023579558183, 0.000201927163289, 7.4946845416e-05, 5.66467533645e-05, 2.19018693315e-05, 2.20797210204e-05, 3.96215500587e-06, 7.4983236118e-06, 8.58932980918e-06, 7.77294826548e-06, 3.87132331525e-06, 3.0435824101e-06, 3.73568468603e-06, 4.75129490951e-06, 3.31944602294e-06, 6.74452576277e-06, 7.148617442e-06, 3.98084966946e-06, 4.17287765231e-06, 3.42990779245e-06, 2.78633478956e-06, 1.29339764499e-06, 1.01098260075e-06, 4.89172123253e-07, 3.44229874827e-07, 3.33264893015e-07, 2.39146714875e-07, 1.78400370032e-07, 1.72820307398e-07, 1.2220286294e-07, 7.28125684191e-08, 6.04620780109e-08, 5.10987057112e-08, 4.61904896554e-08, 3.99620496694e-08], "min": [3.92767967696e-24, 2.72897397704e-24, 5.35453933346e-24, 1.19025613188e-23, 6.51852687051e-24, 1.58136145689e-23, 5.00847118193e-24, 1.01493049407e-24, 4.88136202427e-24, 1.05700419324e-23, 6.66291799844e-24, 1.17598934575e-23, 1.02362788277e-23, 1.02488209272e-23, 8.02621479307e-24, 1.32076914546e-23, 7.10611662108e-24, 7.93510214738e-24, 8.72859445498e-24, 1.41071964126e-23, 1.65950791142e-23, 1.44645567136e-23, 1.03069583982e-23, 1.81185777815e-23, 8.53854760772e-24, 6.94591080414e-24, 7.32331053867e-24, 1.3215600574e-23, 1.02729545489e-23, 1.10054213657e-23, 1.13584082218e-23, 1.16010649917e-23, 1.12661990594e-23, 1.04691324231e-23, 6.92491921545e-24, 1.19092208825e-23, 1.2131542396e-23, 9.29961221008e-24, 8.48975971617e-24, 9.96874532913e-24], "var": [6.30663407719e-06, 3.55296219823e-06, 1.67830273767e-06, 3.0363339647e-06, 5.80271489525e-07, 2.65760064622e-07, 1.6758235688e-07, 2.89628104611e-07, 3.12435517458e-08, 1.05042392562e-08, 5.15408649093e-09, 2.90429769123e-09, 3.89109366949e-09, 1.80226611413e-09, 1.04515018862e-09, 9.20998999288e-10, 2.55903159774e-10, 2.80298784183e-09, 9.20468812282e-10, 6.21126761136e-10, 3.42041972523e-09, 5.57490409392e-09, 2.49975196098e-09, 4.62760585407e-09, 8.08865063817e-09, 1.28023736057e-09, 3.28470889377e-10, 1.22661034108e-10, 4.5201949822e-11, 1.23069965677e-11, 1.24107113475e-11, 1.67380137528e-11, 1.10044993951e-11, 1.09267265375e-11, 7.21818611826e-12, 1.78155667302e-12, 3.21363161776e-12, 2.82314146019e-12, 4.54425559682e-12, 2.76030435488e-12]}, "mfcc": {"mean": [-706.231018066, 130.396835327, -1.86167120934, 33.3700828552, 5.52282094955, -13.3510026932, -10.9376106262, -2.05970835686, -8.17831230164, -4.6741309166, 0.35798022151, -0.743655860424, 1.26163935661], "cov": [[13065.3066406, 83.5301132202, 937.788513184, 638.766967773, 754.761535645, 877.413452148, 582.860473633, 676.42956543, 324.126525879, 114.280761719, -96.6108932495, -135.506225586, 25.5553035736], [83.5301132202, 1857.7557373, -342.24597168, 308.001098633, 195.60836792, -65.7368545532, 20.3035831451, 76.0353088379, 0.738746523857, -20.1850891113, 2.5574555397, -23.1112518311, -12.2926092148], [937.788513184, -342.24597168, 1147.9309082, 79.7988433838, 84.2575759888, 442.067169189, 241.016342163, 150.295608521, 120.789131165, 41.4148139954, 21.9214801788, 7.21965789795, 26.0063095093], [638.766967773, 308.001098633, 79.7988433838, 404.835723877, 187.190444946, 56.5504150391, 127.035964966, 104.564079285, 40.8418579102, 39.293258667, 25.0539035797, 0.481199979782, -20.7863349915], [754.761535645, 195.60836792, 84.2575759888, 187.190444946, 276.148986816, 87.3494033813, 105.408615112, 126.277664185, 48.1795768738, 48.9328193665, 50.8831329346, 12.4033651352, 0.43864428997], [877.413452148, -65.7368545532, 442.067169189, 56.5504150391, 87.3494033813, 380.871551514, 154.207885742, 127.156547546, 101.040367126, 43.724861145, 4.1009979248, 16.3232517242, 27.9556503296], [582.860473633, 20.3035831451, 241.016342163, 127.035964966, 105.408615112, 154.207885742, 189.068115234, 111.112869263, 50.9275741577, 49.9704208374, 21.8465766907, 13.2733221054, 24.7693519592], [676.42956543, 76.0353088379, 150.295608521, 104.564079285, 126.277664185, 127.156547546, 111.112869263, 155.216171265, 63.2230606079, 39.0372924805, 30.3028678894, 19.6320705414, 25.3990535736], [324.126525879, 0.738746523857, 120.789131165, 40.8418579102, 48.1795768738, 101.040367126, 50.9275741577, 63.2230606079, 102.693351746, 40.3536071777, 9.98727607727, 17.2281646729, 21.4773178101], [114.280761719, -20.1850891113, 41.4148139954, 39.293258667, 48.9328193665, 43.724861145, 49.9704208374, 39.0372924805, 40.3536071777, 89.8719711304, 49.4054145813, 19.1264820099, 17.1864433289], [-96.6108932495, 2.5574555397, 21.9214801788, 25.0539035797, 50.8831329346, 4.1009979248, 21.8465766907, 30.3028678894, 9.98727607727, 49.4054145813, 91.7265930176, 35.9428977966, 9.9561290741], [-135.506225586, -23.1112518311, 7.21965789795, 0.481199979782, 12.4033651352, 16.3232517242, 13.2733221054, 19.6320705414, 17.2281646729, 19.1264820099, 35.9428977966, 82.1815109253, 47.5777397156], [25.5553035736, -12.2926092148, 26.0063095093, -20.7863349915, 0.43864428997, 27.9556503296, 24.7693519592, 25.3990535736, 21.4773178101, 17.1864433289, 9.9561290741, 47.5777397156, 93.4058990479]], "icov": [[0.000119700183859, 3.89646011172e-05, 2.47320003837e-05, -5.36088518857e-05, -0.000191946121049, -0.000149218903971, 1.90696773643e-05, -0.000331272603944, -9.06399782252e-06, 1.35808124924e-06, 0.000250720011536, 0.000281879591057, -8.43223751872e-05], [3.89646011172e-05, 0.000732088054065, 0.000322903419146, -0.00054675724823, -0.000317447906127, -0.000193806859897, 0.000129434760311, -0.000231955316849, -9.87681414699e-05, 0.00058682623785, -0.000150673658936, 0.000535747793037, -0.00037974191946], [2.47320003837e-05, 0.000322903419146, 0.00193585280795, -0.000171574400156, 0.000237336498685, -0.00182007893454, -0.00142300070729, 0.000369277404388, -0.000701126235072, 0.00146603118628, -0.00127202202566, 0.000871775147971, -0.000137880284456], [-5.36088518857e-05, -0.00054675724823, -0.000171574400156, 0.00468900008127, -0.00186373433098, 0.00109647668432, -0.00253059668466, -9.81722041615e-05, -0.000513274455443, -0.000514659390319, 0.000891281932127, -0.00114460778423, 0.00211304263212], [-0.000191946121049, -0.000317447906127, 0.000237336498685, -0.00186373433098, 0.00797997135669, -7.44664430385e-05, -0.000378523167456, -0.00369505374692, 3.02856205963e-05, -0.000250672688708, -0.00286764511839, 0.000122293073218, 0.000902389350813], [-0.000149218903971, -0.000193806859897, -0.00182007893454, 0.00109647668432, -7.44664430385e-05, 0.00696564558893, -0.00200802250765, -0.00154759525321, -0.00248998543248, -0.000844750320539, 0.00190464034677, -0.00146412162576, 0.000905700901058], [1.90696773643e-05, 0.000129434760311, -0.00142300070729, -0.00253059668466, -0.000378523167456, -0.00200802250765, 0.0142399799079, -0.00549045810476, 0.0031558945775, -0.00483470410109, 0.00208054878749, 0.00046110956464, -0.00212827720679], [-0.000331272603944, -0.000231955316849, 0.000369277404388, -9.81722041615e-05, -0.00369505374692, -0.00154759525321, -0.00549045810476, 0.0182904303074, -0.00492133246735, 0.00278543424793, -0.00374143454246, -4.91974788019e-05, -0.00205868389457], [-9.06399782252e-06, -9.87681414699e-05, -0.000701126235072, -0.000513274455443, 3.02856205963e-05, -0.00248998543248, 0.0031558945775, -0.00492133246735, 0.0178266614676, -0.00773181440309, 0.00448351772502, -0.00235004536808, -0.000640317099169], [1.35808124924e-06, 0.00058682623785, 0.00146603118628, -0.000514659390319, -0.000250672688708, -0.000844750320539, -0.00483470410109, 0.00278543424793, -0.00773181440309, 0.0228620190173, -0.0124175082892, 0.00360328448005, -0.00260774092749], [0.000250720011536, -0.000150673658936, -0.00127202202566, 0.000891281932127, -0.00286764511839, 0.00190464034677, 0.00208054878749, -0.00374143454246, 0.00448351772502, -0.0124175082892, 0.0228629540652, -0.0092050274834, 0.00387879041955], [0.000281879591057, 0.000535747793037, 0.000871775147971, -0.00114460778423, 0.000122293073218, -0.00146412162576, 0.00046110956464, -4.91974788019e-05, -0.00235004536808, 0.00360328448005, -0.0092050274834, 0.0229861903936, -0.0110251726583], [-8.43223751872e-05, -0.00037974191946, -0.000137880284456, 0.00211304263212, 0.000902389350813, 0.000905700901058, -0.00212827720679, -0.00205868389457, -0.000640317099169, -0.00260774092749, 0.00387879041955, -0.0110251726583, 0.0178659968078]]}, "spectral_contrast_coeffs": {"dmean": [0.055995605886, 0.045670684427, 0.0399963334203, 0.0363826490939, 0.0353580825031, 0.0218763593584], "dmean2": [0.0917025133967, 0.0739202573895, 0.0645216777921, 0.0569969378412, 0.0565633103251, 0.0332654304802], "dvar": [0.00254251272418, 0.00179164577276, 0.00118815188762, 0.00108108075801, 0.00125027133618, 0.000508750323206], "dvar2": [0.00629029329866, 0.00438874447718, 0.00286493147723, 0.00232643960044, 0.00291329110041, 0.00107550574467], "max": [-0.310059279203, -0.383865892887, -0.534595608711, -0.523206412792, -0.527006387711, -0.608804166317], "mean": [-0.624329328537, -0.690793395042, -0.751683533192, -0.772983193398, -0.757653474808, -0.776994287968], "median": [-0.627924919128, -0.696036696434, -0.757679700851, -0.780844569206, -0.767496705055, -0.774823725224], "min": [-0.95379525423, -0.969177782536, -0.965997219086, -0.95221054554, -0.962058365345, -0.961264193058], "var": [0.00995361898094, 0.00692400988191, 0.00452067703009, 0.00391976861283, 0.00423895986751, 0.00115156068932]}, "spectral_contrast_valleys": {"dmean": [0.523400187492, 0.437469989061, 0.464619576931, 0.525008738041, 0.596407234669, 0.624515652657], "dmean2": [0.775985240936, 0.685387611389, 0.715767323971, 0.765210211277, 0.864588797092, 0.793882131577], "dvar": [0.394012540579, 0.344731152058, 0.364805966616, 0.441319078207, 0.599830806255, 0.590016007423], "dvar2": [0.588452517986, 0.634417831898, 0.615148842335, 0.751459062099, 1.0993282795, 0.880619347095], "max": [-5.16751241684, -4.3969578743, -5.35166120529,