{"lowlevel": {"average_loudness": 0.953542232513, "barkbands_crest": {"dmean": 3.85328269005, "dmean2": 6.4063949585, "dvar": 11.145731926, "dvar2": 30.7025241852, "max": 26.8341350555, "mean": 11.65275383, "median": 10.7837820053, "min": 2.28907871246, "var": 24.5020103455}, "barkbands_flatness_db": {"dmean": 0.0356307327747, "dmean2": 0.0544555075467, "dvar": 0.00095475174021, "dvar2": 0.00224081939086, "max": 0.555673003197, "mean": 0.141549453139, "median": 0.13189843297, "min": 0.0136960083619, "var": 0.00509921973571}, "barkbands_kurtosis": {"dmean": 4.42495775223, "dmean2": 7.43552303314, "dvar": 405.095672607, "dvar2": 1069.75939941, "max": 837.259399414, "mean": 4.64703559875, "median": 1.46959638596, "min": -1.88884484768, "var": 599.522644043}, "barkbands_skewness": {"dmean": 0.760661423206, "dmean2": 1.20895302296, "dvar": 0.613264262676, "dvar2": 1.47370028496, "max": 8.48678302765, "mean": 0.947452604771, "median": 0.88903594017, "min": -9.25738620758, "var": 1.65901982784}, "barkbands_spread": {"dmean": 8.2480506897, "dmean2": 13.4787416458, "dvar": 101.223724365, "dvar2": 251.41885376, "max": 136.093902588, "mean": 20.190568924, "median": 17.5041923523, "min": 0.0343725755811, "var": 210.716522217}, "dissonance": {"dmean": 0.0323564335704, "dmean2": 0.054484654218, "dvar": 0.0010702816071, "dvar2": 0.0030926275067, "max": 0.499469399452, "mean": 0.439788579941, "median": 0.449453413486, "min": 0.107031181455, "var": 0.00176226696931}, "dynamic_complexity": 3.43890786171, "erbbands_crest": {"dmean": 4.04026556015, "dmean2": 6.52667617798, "dvar": 12.2786903381, "dvar2": 28.3407115936, "max": 32.5622711182, "mean": 12.7886533737, "median": 11.9111347198, "min": 2.57875299454, "var": 39.2981185913}, "erbbands_flatness_db": {"dmean": 0.0353728495538, "dmean2": 0.0538145415485, "dvar": 0.000965590530541, "dvar2": 0.00196912861429, "max": 0.626261413097, "mean": 0.178518682718, "median": 0.16622851789, "min": 0.039590023458, "var": 0.00673131039366}, "erbbands_kurtosis": {"dmean": 3.01298546791, "dmean2": 5.09016895294, "dvar": 21.0499191284, "dvar2": 55.139465332, "max": 62.569480896, "mean": 2.95369696617, "median": 0.627285003662, "min": -1.80457925797, "var": 39.8276062012}, "erbbands_skewness": {"dmean": 0.487941682339, "dmean2": 0.741708159447, "dvar": 0.218296334147, "dvar2": 0.540603637695, "max": 4.81277656555, "mean": 0.331595867872, "median": 0.306726455688, "min": -3.17548108101, "var": 0.642473876476}, "erbbands_spread": {"dmean": 10.3817710876, "dmean2": 16.1904697418, "dvar": 119.188690186, "dvar2": 251.894973755, "max": 199.501342773, "mean": 28.231584549, "median": 24.4020862579, "min": 0.253980666399, "var": 380.108734131}, "hfc": {"dmean": 14.2055473328, "dmean2": 23.2119655609, "dvar": 332.109222412, "dvar2": 808.784118652, "max": 153.956680298, "mean": 25.1914577484, "median": 15.5185375214, "min": 4.15285921918e-06, "var": 673.552429199}, "melbands_crest": {"dmean": 4.30543708801, "dmean2": 7.04177045822, "dvar": 15.036989212, "dvar2": 39.225402832, "max": 35.6970596313, "mean": 15.5056934357, "median": 14.6203794479, "min": 3.13776540756, "var": 37.8549499512}, "melbands_flatness_db": {"dmean": 0.0403773598373, "dmean2": 0.0606601685286, "dvar": 0.00132955005392, "dvar2": 0.00310980109498, "max": 0.58903503418, "mean": 0.207305118442, "median": 0.203845083714, "min": 0.029264293611, "var": 0.00552763370797}, "melbands_kurtosis": {"dmean": 7.68815040588, "dmean2": 13.0808830261, "dvar": 622.867858887, "dvar2": 1672.57958984, "max": 746.500549316, "mean": 9.06061553955, "median": 3.42905092239, "min": -1.83161115646, "var": 519.916259766}, "melbands_skewness": {"dmean": 1.04611670971, "dmean2": 1.64068174362, "dvar": 1.40804696083, "dvar2": 3.1840672493, "max": 23.2876338959, "mean": 1.62958562374, "median": 1.41272044182, "min": -7.14951133728, "var": 3.89481949806}, "melbands_spread": {"dmean": 10.2712249756, "dmean2": 17.0258865356, "dvar": 221.047607422, "dvar2": 556.479858398, "max": 244.116744995, "mean": 23.7975749969, "median": 20.163482666, "min": 0.216218113899, "var": 351.117706299}, "pitch_salience": {"dmean": 0.0864355415106, "dmean2": 0.139614209533, "dvar": 0.00613882998005, "dvar2": 0.0155071336776, "max": 0.880390048027, "mean": 0.459013640881, "median": 0.4540771842, "min": 0.05531924963, "var": 0.0158846247941}, "silence_rate_20dB": {"dmean": 0, "dmean2": 0, "dvar": 0, "dvar2": 0, "max": 1, "mean": 1, "median": 1, "min": 1, "var": 0}, "silence_rate_30dB": {"dmean": 0.0592216588557, "dmean2": 0.118493437767, "dvar": 0.0557149685919, "dvar2": 0.13322840631, "max": 1, "mean": 0.953065514565, "median": 1, "min": 0, "var": 0.0447317808867}, "silence_rate_60dB": {"dmean": 0.0346869714558, "dmean2": 0.0689801126719, "dvar": 0.0334844440222, "dvar2": 0.0718412324786, "max": 1, "mean": 0.0604651160538, "median": 0, "min": 0, "var": 0.0568078532815}, "spectral_centroid": {"dmean": 295.2293396, "dmean2": 473.915740967, "dvar": 210677.921875, "dvar2": 473945.65625, "max": 11128.203125, "mean": 1330.5604248, "median": 1215.4765625, "min": 405.706054688, "var": 320056.1875}, "spectral_complexity": {"dmean": 3.30541443825, "dmean2": 5.01438856125, "dvar": 16.7469348907, "dvar2": 33.1644248962, "max": 47, "mean": 14.2177591324, "median": 13, "min": 0, "var": 46.1121139526}, "spectral_decrease": {"dmean": 4.77243844443e-09, "dmean2": 7.73410224753e-09, "dvar": 6.52525793726e-17, "dvar2": 1.69139972596e-16, "max": -6.77835204364e-17, "mean": -7.94465648823e-09, "median": -4.85991558108e-09, "min": -6.15512334434e-08, "var": 8.25597719733e-17}, "spectral_energy": {"dmean": 0.0190871618688, "dmean2": 0.0308150313795, "dvar": 0.000984983285889, "dvar2": 0.00253117922693, "max": 0.240174725652, "mean": 0.0322699248791, "median": 0.0201804637909, "min": 6.32507435316e-10, "var": 0.00130459363572}, "spectral_energyband_high": {"dmean": 0.000670116336551, "dmean2": 0.00102365773637, "dvar": 1.66875179275e-06, "dvar2": 4.3623322199e-06, "max": 0.013833203353, "mean": 0.000752387277316, "median": 0.000200287511689, "min": 3.31109695217e-10, "var": 1.87412479136e-06}, "spectral_energyband_low": {"dmean": 0.0115010915324, "dmean2": 0.0188855156302, "dvar": 0.00081382074859, "dvar2": 0.0022069348488, "max": 0.200829833746, "mean": 0.013240981847, "median": 0.000790674472228, "min": 1.63010273682e-12, "var": 0.000685668666847}, "spectral_energyband_middle_high": {"dmean": 0.00860648788512, "dmean2": 0.0143346395344, "dvar": 0.00016725504247, "dvar2": 0.000442101998487, "max": 0.113943263888, "mean": 0.0124296881258, "median": 0.00509565882385, "min": 2.88011198224e-10, "var": 0.000278095365502}, "spectral_energyband_middle_low": {"dmean": 0.00275422958657, "dmean2": 0.00422497605905, "dvar": 6.34544048808e-05, "dvar2": 0.000176772125997, "max": 0.0922354012728, "mean": 0.00633902754635, "median": 0.00457326183096, "min": 1.01354194135e-11, "var": 5.78622930334e-05}, "spectral_entropy": {"dmean": 0.291120648384, "dmean2": 0.434987962246, "dvar": 0.0680608227849, "dvar2": 0.145103260875, "max": 9.81307601929, "mean": 7.43216753006, "median": 7.42236804962, "min": 4.15134763718, "var": 0.333255052567}, "spectral_flux": {"dmean": 0.0425489470363, "dmean2": 0.0664732158184, "dvar": 0.00272718630731, "dvar2": 0.00533998152241, "max": 0.428054720163, "mean": 0.0926486477256, "median": 0.0702411234379, "min": 2.51497003774e-05, "var": 0.00558085925877}, "spectral_kurtosis": {"dmean": 2.02344036102, "dmean2": 3.26920342445, "dvar": 9.54584693909, "dvar2": 24.680727005, "max": 94.0623474121, "mean": 6.11320209503, "median": 5.0540971756, "min": -1.16926372051, "var": 46.7830123901}, "spectral_rms": {"dmean": 0.00141900393646, "dmean2": 0.00217396649532, "dvar": 3.07293339574e-06, "dvar2": 7.31295131118e-06, "max": 0.0153074096888, "mean": 0.0048981285654, "median": 0.00443714531139, "min": 7.85544671089e-07, "var": 7.49119726606e-06}, "spectral_rolloff": {"dmean": 713.410461426, "dmean2": 1254.98596191, "dvar": 1913916.375, "dvar2": 4709750.5, "max": 15116.3085938, "mean": 1578.87194824, "median": 1141.25976562, "min": 64.599609375, "var": 2535807.5}, "spectral_skewness": {"dmean": 0.287661015987, "dmean2": 0.463662296534, "dvar": 0.0816237255931, "dvar2": 0.213472828269, "max": 7.6943397522, "mean": 1.80294907093, "median": 1.75928533077, "min": -0.000850392796565, "var": 0.418941885233}, "spectral_spread": {"dmean": 870041.75, "dmean2": 1259278.25, "dvar": 1312837599230.0, "dvar2": 2437874188290.0, "max": 39236188, "mean": 4868927, "median": 4561951.5, "min": 816541.625, "var": 3389868998660.0}, "spectral_strongpeak": {"dmean": 1.42559552193, "dmean2": 2.47423887253, "dvar": 4.32059383392, "dvar2": 10.6975374222, "max": 15.0227098465, "mean": 2.04812026024, "median": 0.778642475605, "min": 0, "var": 6.70568084717}, "zerocrossingrate": {"dmean": 0.0130003849044, "dmean2": 0.0152999609709, "dvar": 0.000264626549324, "dvar2": 0.000374207971618, "max": 0.45263671875, "mean": 0.0650293603539, "median": 0.05810546875, "min": 0.00634765625, "var": 0.00143252569251}, "barkbands": {"dmean": [0.000438763294369, 0.00885385740548, 0.00273983320221, 0.000660577847157, 0.00102359149605, 0.000432864879258, 0.000805280462373, 0.000329708651407, 0.000397350231651, 0.00072006310802, 0.00363482628018, 0.00386852980591, 0.000823265407234, 0.000513698731083, 0.000241071742494, 0.000154959881911, 0.000152536013047, 9.6360759926e-05, 7.13036351954e-05, 6.54931282043e-05, 0.00015691157023, 0.000161725925864, 0.000102827325463, 6.66474516038e-05, 7.06488499418e-05, 8.71548982104e-05, 3.52972565452e-05], "dmean2": [0.000703877420165, 0.0150055019185, 0.00457966281101, 0.00108565262053, 0.00176663161255, 0.000686816172674, 0.00112751708366, 0.000459723698441, 0.000545796472579, 0.00110643112566, 0.00606622966006, 0.00670942850411, 0.00134463480208, 0.000824356277008, 0.00036687622196, 0.000245126255322, 0.00025072041899, 0.000150860534632, 0.000110947410576, 0.000100241239124, 0.000265769747784, 0.000272348319413, 0.000167222999153, 0.000100695920992, 0.000107340361865, 0.000132009226945, 4.99526468047e-05], "dvar": [1.27816883833e-06, 0.000540658074897, 4.08844716731e-05, 2.77373442259e-06, 1.67899706867e-05, 1.86625800325e-06, 2.71448311651e-06, 4.4770777663e-07, 1.2828331819e-06, 5.67902407056e-06, 6.8603651016e-05, 0.00011164470925, 7.04397143636e-06, 5.93638378632e-06, 1.31510290657e-07, 8.38703826389e-08, 1.13261116041e-07, 1.880999001e-08, 1.30169386381e-08, 9.08402153499e-09, 1.61310452995e-07, 1.27520635829e-07, 5.49606937739e-08, 1.85163067101e-08, 2.11937862815e-08, 4.54215509649e-08, 6.02342664635e-09], "dvar2": [3.09373103846e-06, 0.00147737911902, 0.000114351634693, 7.6211290434e-06, 4.73392137792e-05, 5.17929629495e-06, 6.35777314528e-06, 9.17782017495e-07, 2.48795663538e-06, 1.27693920149e-05, 0.000185110780876, 0.000298823957564, 1.84395321412e-05, 1.53146011144e-05, 2.91012526077e-07, 1.95517486645e-07, 2.88052319775e-07, 4.41808367668e-08, 3.06356362501e-08, 2.10446060578e-08, 4.50152043641e-07, 3.5731309822e-07, 1.4899434575e-07, 4.73780197296e-08, 5.35579403049e-08, 1.13842517635e-07, 1.35302018478e-08], "max": [0.00859652366489, 0.153431177139, 0.0560624301434, 0.0220081303269, 0.0526902042329, 0.0192330274731, 0.0172769874334, 0.0116388034075, 0.0258696079254, 0.0433368980885, 0.0690676048398, 0.100923299789, 0.0313659198582, 0.0448438748717, 0.0047356900759, 0.00532447360456, 0.00674074934795, 0.00126411009114, 0.00142454449087, 0.00107595231384, 0.0054131988436, 0.00326594850048, 0.00239827553742, 0.0018133118283, 0.00168052280787, 0.00324351363815, 0.00107279140502], "mean": [0.000372285081539, 0.00874121207744, 0.00370445544831, 0.000814744795207, 0.00133410573471, 0.00071740540443, 0.00183151417878, 0.00079359166557, 0.000750489591155, 0.000906561501324, 0.00387382390909, 0.00464558461681, 0.00104077125434, 0.000675396469887, 0.000454659631941, 0.000265650422079, 0.000266059621936, 0.000155106172315, 0.00011420451483, 0.000113479414722, 0.000146167018102, 0.000147594982991, 0.000109093576611, 8.12916841824e-05, 7.82808856457e-05, 9.5307106676e-05, 4.11070250266e-05], "median": [4.24243080488e-05, 0.000151186191943, 0.000262765679508, 0.000346529646777, 0.000769403064623, 0.000332089141011, 0.000751445651986, 0.00035278534051, 0.000218381654122, 0.000104386628664, 0.000338725018082, 0.000180507049663, 8.92862226465e-05, 0.000125362887047, 0.000209241727134, 0.000119677300972, 0.000120445503853, 9.91829365375e-05, 6.84395854478e-05, 7.334764814e-05, 3.78219119739e-05, 2.78135630651e-05, 2.0276156647e-05, 1.96177024918e-05, 1.61822717928e-05, 1.42164381032e-05, 4.25545931648e-06], "min": [4.22476344273e-13, 1.59260625521e-13, 6.6768313968e-13, 1.36535921458e-12, 1.10626481933e-12, 1.41551874389e-12, 2.20456378847e-12, 1.07568652336e-12, 2.89724104083e-12, 3.52293021144e-12, 1.80257946156e-12, 2.3411845379e-11, 3.10668678283e-11, 4.5517027647e-12, 2.05629974853e-11, 2.13488150769e-11, 2.08868009693e-11, 7.1789262035e-11, 2.71838680038e-11, 7.40157518608e-11, 2.13155638973e-11, 3.06548467166e-11, 3.38152388035e-11, 6.06169767159e-11, 6.71126001994e-11, 7.07411906831e-11, 3.49887931128e-11], "var": [1.1435114402e-06, 0.000403982354328, 4.48802311439e-05, 2.28091926147e-06, 1.07905352706e-05, 1.94359768102e-06, 5.80332971367e-06, 1.37590961913e-06, 2.86470503852e-06, 9.01326802705e-06, 8.35845203255e-05, 0.000160863768542, 9.78730804491e-06, 8.44637452246e-06, 3.99510128091e-07, 2.13737024524e-07, 2.47968046097e-07, 2.84627645897e-08, 1.87097093374e-08, 1.53100856437e-08, 1.19355789252e-07, 1.05205323564e-07, 5.30174872893e-08, 2.27411653952e-08, 2.38786395101e-08, 4.651453267e-08, 8.17127965291e-09]}, "erbbands": {"dmean": [0.259316831827, 1.97616410255, 3.60322237015, 2.38632774353, 3.55337381363, 3.12609386444, 2.65913510323, 3.70060348511, 6.54517507553, 14.9741449356, 7.77018165588, 6.14433097839, 19.8710727692, 59.1775665283, 138.815582275, 123.165420532, 50.0954971313, 28.054681778, 9.0842962265, 14.9447288513, 8.98625850677, 10.0786008835, 5.059653759, 3.98515915871, 3.52271461487, 2.9788312912, 6.01998949051, 6.20353078842, 5.44199562073, 4.23466825485, 2.87747335434, 1.65991806984, 1.04349935055, 0.741790950298, 0.546170771122, 0.373454093933, 0.163465425372, 0.040905483067, 0.00662620970979, 0.000242490175879], "dmean2": [0.442561864853, 3.37984633446, 5.9769525528, 3.98584413528, 6.10284805298, 5.30601882935, 4.28008460999, 5.95049715042, 9.71759796143, 20.1374092102, 10.0929269791, 8.61289978027, 30.2228622437, 96.7836380005, 231.931106567, 211.988708496, 84.3636016846, 45.3502960205, 13.9353656769, 22.8067150116, 13.8531217575, 16.5208148956, 7.88747692108, 6.13241624832, 5.53169536591, 4.59072780609, 10.3231430054, 10.4241008759, 9.11224842072, 6.91085624695, 4.73813247681, 2.59197616577, 1.58699846268, 1.14003455639, 0.849141418934, 0.578473389149, 0.245833367109, 0.0598401799798, 0.00918968766928, 0.000354611314833], "dvar": [0.515886008739, 27.0938301086, 72.7056884766, 27.7932796478, 219.467254639, 122.045394897, 39.8986816406, 176.016265869, 347.15222168, 844.473327637, 338.661071777, 255.231887817, 3275.95556641, 12841.3359375, 77612.7734375, 108159.898438, 23937.4140625, 27018.1464844, 288.503082275, 542.246337891, 357.334594727, 520.429321289, 49.6419487, 37.5883102417, 33.442150116, 21.8631687164, 311.171813965, 180.915878296, 141.177307129, 94.4324111938, 42.1162948608, 14.6073951721, 3.87209558487, 2.38882899284, 1.36483716965, 0.733675181866, 0.200841113925, 0.0088490145281, 0.000192913401406, 3.17891476698e-07], "dvar2": [1.36339390278, 76.1231536865, 203.858032227, 76.1977539062, 613.666442871, 352.742431641, 108.135910034, 484.649902344, 925.855712891, 1628.86474609, 627.011413574, 537.444702148, 7057.2421875, 33443.5078125, 204534.25, 288654.53125, 63563.4414062, 69343.453125, 626.825256348, 1227.78979492, 807.615112305, 1320.24914551, 116.084388733, 88.2271957397, 81.8163833618, 51.95885849, 887.398132324, 498.776184082, 395.701782227, 252.805541992, 116.688224792, 39.0288887024, 9.76581573486, 6.10528087616, 3.45514535904, 1.80919611454, 0.520998179913, 0.0213602408767, 0.000406425038818, 7.65515892454e-07], "max": [4.25264978409, 36.5662841797, 71.2677383423, 54.9525337219, 201.790969849, 159.164047241, 95.6241226196, 202.360702515, 195.579849243, 441.614044189, 436.528900146, 307.957702637, 979.960754395, 1489.26098633, 2085.01025391, 2958.88989258, 1636.36767578, 3293.48217773, 340.436340332, 310.419372559, 369.931121826, 457.275848389, 60.8753547668, 68.083404541, 62.5335693359, 55.0419120789, 287.275634766, 115.320823669, 112.716941833, 111.765823364, 64.2200469971, 60.2843818665, 20.359331131, 19.0384559631, 12.3837423325, 11.4892845154, 7.35688209534, 1.40696263313, 0.156170397997, 0.00729369651526], "mean": [0.219040080905, 2.0322701931, 4.79485082626, 3.25467801094, 3.80904388428, 4.54858255386, 4.73634719849, 6.17955541611, 13.2477550507, 36.7305908203, 18.7830715179, 11.6791181564, 28.2459430695, 69.9964294434, 157.815185547, 151.749450684, 61.4444618225, 40.3626327515, 15.8071947098, 27.7132987976, 17.2097377777, 18.248374939, 8.74926280975, 6.88757801056, 5.82850790024, 4.93441295624, 6.01269578934, 5.70981216431, 5.08310747147, 4.1597776413, 3.04783582687, 1.95739746094, 1.25245714188, 0.857638418674, 0.575470685959, 0.404081434011, 0.177146404982, 0.0458172112703, 0.00800608750433, 0.000289386982331], "median": [0.00556996464729, 0.0281908921897, 0.250160485506, 0.996281445026, 1.84356415272, 2.66851067543, 2.70194029808, 2.86095190048, 5.78202486038, 13.6186599731, 7.91349887848, 4.69520282745, 6.56619548798, 13.3463773727, 20.1327896118, 10.7868490219, 5.90152692795, 6.18684625626, 8.00159835815, 13.1244039536, 7.42995882034, 8.29110717773, 5.7842040062, 4.54895448685, 3.6977763176, 3.13541245461, 2.19772839546, 1.26819360256, 0.94888561964, 0.808924257755, 0.5699172616, 0.43917760253, 0.297000169754, 0.183316126466, 0.104741036892, 0.0676487237215, 0.0243660453707, 0.00584651529789, 0.000801741960458, 6.3502593548e-05], "min": [8.02402241873e-12, 3.61854678166e-11, 5.67234814675e-10, 2.92572721605e-09, 5.84939385817e-09, 2.21423546165e-09, 1.03735553481e-09, 1.58950914653e-08, 4.16046361806e-08, 2.10616502017e-08, 1.97939229452e-08, 8.30883948311e-08, 4.45325234466e-08, 1.7500339311e-07, 1.12467979818e-07, 1.03819945707e-06, 1.64026369021e-06, 3.7343124859e-07, 4.47536933734e-07, 1.90238085906e-06, 6.61644605771e-07, 1.62116566571e-06, 4.20568221671e-06, 1.21961238619e-06, 3.08407470584e-06, 2.27299733524e-06, 8.31077500152e-07, 1.05667027128e-06, 8.48903539463e-07, 1.11606232167e-06, 1.13160228921e-06, 1.28620342821e-06, 9.74060299086e-07, 8.57799136611e-07, 4.23478070388e-07, 3.47440845871e-07, 1.14222039826e-07, 2.64656758731e-08, 5.53067414089e-09, 4.00663668909e-10], "var": [0.371875286102, 20.2419662476, 78.3624343872, 27.3582839966, 140.510375977, 79.4099197388, 45.9839744568, 183.987854004, 465.235046387, 2649.76171875, 1021.24829102, 538.096557617, 5734.59423828, 18164.8710938, 101154.296875, 156692.734375, 32364.7929688, 43198.0390625, 573.343444824, 1520.46801758, 984.81439209, 1173.02172852, 79.8370361328, 54.7922592163, 46.9366416931, 33.2295150757, 207.364929199, 152.892486572, 118.817550659, 87.0054016113, 39.520072937, 15.2127246857, 5.04404640198, 2.72393369675, 1.430747509, 0.768945395947, 0.188179075718, 0.0103080766276, 0.000296746991808, 3.70409253492e-07]}, "gfcc": {"mean": [-7.08590364456, 71.0828552246, -118.278556824, 6.02400255203, -51.560295105, 7.79794883728, -32.1097068787, 4.03708076477, -24.5965747833, -1.27896821499, -17.2093849182, 3.49863934517, -13.5290126801], "cov": [[6518.41699219, -850.250488281, 1946.5201416, 865.91192627, 505.217651367, 609.743835449, 293.266998291, 444.177032471, 236.054595947, 371.206359863, -65.1825790405, 255.583572388, -136.150817871], [-850.250488281, 1397.85778809, -406.542572021, 89.3756332397, 186.768310547, -4.10135746002, 159.357009888, 37.4473304749, 98.0237121582, -119.583572388, 68.8542480469, -97.2072525024, 57.6651382446], [1946.5201416, -406.542572021, 1198.02099609, 588.139526367, 321.567962646, 282.588104248, 167.719589233, 246.777816772, 159.356201172, 192.397033691, -29.1704902649, 94.1008682251, -28.8216934204], [865.91192627, 89.3756332397, 588.139526367, 652.867553711, 215.67666626, 164.841430664, 103.107872009, 130.588424683, 172.329284668, 119.233566284, -22.8891677856, -1.75184297562, 10.5846824646], [505.217651367, 186.768310547, 321.567962646, 215.67666626, 362.635467529, 227.189727783, 184.985809326, 120.873573303, 113.166679382, 74.1031036377, 72.1535720825, 36.3987121582, -36.9396514893], [609.743835449, -4.10135746002, 282.588104248, 164.841430664, 227.189727783, 259.40423584, 178.928039551, 98.3288726807, 75.9100341797, 65.2182312012, 60.7067222595, 46.6814880371, -34.698802948], [293.266998291, 159.357009888, 167.719589233, 103.107872009, 184.985809326, 178.928039551, 222.42779541, 102.789833069, 80.8627243042, 23.2732429504, 72.8665466309, 57.2295684814, -1.75215518475], [444.177032471, 37.4473304749, 246.777816772, 130.588424683, 120.873573303, 98.3288726807, 102.789833069, 151.174087524, 91.1293334961, 42.5129470825, 7.86521053314, 44.6947593689, 13.9919214249], [236.054595947, 98.0237121582, 159.356201172, 172.329284668, 113.166679382, 75.9100341797, 80.8627243042, 91.1293334961, 187.587036133, 77.0457077026, 16.5269565582, 34.8238563538, 40.9398498535], [371.206359863, -119.583572388, 192.397033691, 119.233566284, 74.1031036377, 65.2182312012, 23.2732429504, 42.5129470825, 77.0457077026, 114.019180298, 18.136636734, 16.7910957336, -10.3636245728], [-65.1825790405, 68.8542480469, -29.1704902649, -22.8891677856, 72.1535720825, 60.7067222595, 72.8665466309, 7.86521053314, 16.5269565582, 18.136636734, 93.328742981, 37.9076423645, -16.321647644], [255.583572388, -97.2072525024, 94.1008682251, -1.75184297562, 36.3987121582, 46.6814880371, 57.2295684814, 44.6947593689, 34.8238563538, 16.7910957336, 37.9076423645, 121.477607727, 34.8499412537], [-136.150817871, 57.6651382446, -28.8216934204, 10.5846824646, -36.9396514893, -34.698802948, -1.75215518475, 13.9919214249, 40.9398498535, -10.3636245728, -16.321647644, 34.8499412537, 117.4168396]], "icov": [[0.000381629972253, -0.000169029692188, -0.000473079941003, 7.34713830752e-05, 0.000345068081515, -0.000718564086128, 0.000247351214057, -0.000140500385896, 0.00019372679526, -0.00059229665203, 0.000805084826425, -0.000849353906233, 0.000563608424272], [-0.000169029692188, 0.00219020899385, 0.00139880436473, -0.00107533147093, -0.00210372940637, 0.00223129382357, -0.00167411821894, -0.000890754919965, -0.000769866688643, 0.00265978369862, -0.00167645246256, 0.00263772439212, -0.00126537063625], [-0.000473079941003, 0.00139880436473, 0.00430374545977, -0.0024575246498, -0.00231089023873, 0.00144341390114, -0.00141192332376, -0.00264713843353, 0.00157337961718, -0.00104256009217, 0.00147206848487, -0.000141421056469, -0.000357672310201], [7.34713830752e-05, -0.00107533147093, -0.0024575246498, 0.00429362710565, 0.00061897165142, -0.00155294407159, 0.000881494255736, 0.00146183336619, -0.00204893876798, -0.000878078164533, 0.000964414619375, 0.000902294705156, -0.000299065548461], [0.000345068081515, -0.00210372940637, -0.00231089023873, 0.00061897165142, 0.0101289609447, -0.00629583420232, 0.000834282313008, -0.00050113000907, -0.00117626413703, -0.0015832693316, -0.00172198272776, -0.00107531284448, 0.00255866488442], [-0.000718564086128, 0.00223129382357, 0.00144341390114, -0.00155294407159, -0.00629583420232, 0.0173007063568, -0.0102094886824, 0.000263006077148, 0.000926878245082, -0.000665370724164, -0.00144813698716, 0.00231647212058, 0.000242815280217], [0.000247351214057, -0.00167411821894, -0.00141192332376, 0.000881494255736, 0.000834282313008, -0.0102094886824, 0.0187178403139, -0.00458443444222, -0.00222749332897, 0.00494255824015, -0.00687249796465, -0.00199837866239, -0.000395321607357], [-0.000140500385896, -0.000890754919965, -0.00264713843353, 0.00146183336619, -0.00050113000907, 0.000263006077148, -0.00458443444222, 0.0167893320322, -0.00439224392176, -2.31921949307e-05, 0.00427893409505, -0.00244219973683, 0.0001930064318], [0.00019372679526, -0.000769866688643, 0.00157337961718, -0.00204893876798, -0.00117626413703, 0.000926878245082, -0.00222749332897, -0.00439224392176, 0.0143314693123, -0.00970552302897, 0.00285386620089, -0.00235224585049, -0.00319109251723], [-0.00059229665203, 0.00265978369862, -0.00104256009217, -0.000878078164533, -0.0015832693316, -0.000665370724164, 0.00494255824015, -2.31921949307e-05, -0.00970552302897, 0.0239533688873, -0.0102781858295, 0.00534586422145, -0.000305191031657], [0.000805084826425, -0.00167645246256, 0.00147206848487, 0.000964414619375, -0.00172198272776, -0.00144813698716, -0.00687249796465, 0.00427893409505, 0.00285386620089, -0.0102781858295, 0.0274309813976, -0.0109967151657, 0.00562383234501], [-0.000849353906233, 0.00263772439212, -0.000141421056469, 0.000902294705156, -0.00107531284448, 0.00231647212058, -0.00199837866239, -0.00244219973683, -0.00235224585049, 0.00534586422145, -0.0109967151657, 0.0190985538065, -0.00769403763115], [0.000563608424272, -0.00126537063625, -0.000357672310201, -0.000299065548461, 0.00255866488442, 0.000242815280217, -0.000395321607357, 0.0001930064318, -0.00319109251723, -0.000305191031657, 0.00562383234501, -0.00769403763115, 0.0147297065705]]}, "melbands": {"dmean": [0.00237635220401, 0.00215182267129, 0.00044885854004, 0.000253393867752, 9.32939583436e-05, 8.4397419414e-05, 0.000116021357826, 0.000144289631862, 6.49941939628e-05, 4.26478727604e-05, 0.000105973638711, 0.000217771041207, 0.000556682876777, 0.00036591530079, 0.000341317616403, 4.7668323532e-05, 4.7883928346e-05, 1.5114416783e-05, 1.95092161448e-05, 1.43566257975e-05, 1.01640489447e-05, 1.24313482956e-05, 4.68080588689e-06, 5.05482830704e-06, 3.22368578054e-06, 2.6976654226e-06, 2.71481439995e-06, 1.85159535704e-06, 3.48008302353e-06, 3.67590769201e-06, 3.89049318983e-06, 3.18437560054e-06, 2.95571362585e-06, 2.14582473745e-06, 1.66731229001e-06, 1.35597929329e-06, 9.29970099151e-07, 7.207646604e-07, 6.94530911005e-07, 6.23120115506e-07], "dmean2": [0.00404230458662, 0.00358950253576, 0.000751857180148, 0.000440724164946, 0.000151824424393, 0.000134460802656, 0.000169465900399, 0.000193306987057, 8.29915588838e-05, 6.07256006333e-05, 0.000160932308063, 0.000355528260116, 0.000929191766772, 0.00061759876553, 0.000582943612244, 7.78244211688e-05, 7.69807302277e-05, 2.30045916396e-05, 3.00172832794e-05, 2.22225335165e-05, 1.57264676091e-05, 2.03977433557e-05, 7.60561215429e-06, 7.9686215031e-06, 5.03319142808e-06, 4.25502457801e-06, 4.35068886873e-06, 2.87741136162e-06, 5.96985773882e-06, 6.27673125564e-06, 6.66634332447e-06, 5.39656821275e-06, 4.93813422509e-06, 3.51343146576e-06, 2.75763477475e-06, 2.20762899517e-06, 1.44643604472e-06, 1.11897145416e-06, 1.10220071292e-06, 9.90285229818e-07], "dvar": [4.07412735512e-05, 2.8172180464e-05, 1.17581112136e-06, 1.14850524824e-06, 4.79972719347e-08, 8.4116273058e-08, 8.65302212105e-08, 7.31435392254e-08, 3.08063796695e-08, 1.52458365932e-08, 1.01490698512e-07, 1.67117832461e-07, 1.47972821196e-06, 1.50932328324e-06, 1.51175265728e-06, 7.17865020761e-08, 7.62098650853e-08, 1.28970401025e-09, 9.89590298595e-10, 4.97045515857e-10, 5.36892641456e-10, 8.32670599138e-10, 5.75627392974e-11, 5.5156264972e-11, 2.66060107973e-11, 2.02280345252e-11, 1.92534113652e-11, 8.43855020582e-12, 8.88878415317e-11, 1.06131721467e-10, 7.21674525694e-11, 5.27511992421e-11, 3.97310517819e-11, 2.97334101784e-11, 1.46296412484e-11, 8.35373263619e-12, 5.45881352274e-12, 1.99873190915e-12, 2.01233604433e-12, 1.90604411594e-12], "dvar2": [0.000109334709123, 7.94216903159e-05, 3.21070888276e-06, 3.26305826093e-06, 1.33810914349e-07, 2.33272146488e-07, 2.2945043554e-07, 1.42098400602e-07, 5.34055608625e-08, 3.19238715463e-08, 2.20377017968e-07, 4.26703877565e-07, 3.97685471398e-06, 3.91509638575e-06, 4.05739729104e-06, 1.86499946153e-07, 1.95151727667e-07, 2.73087175096e-09, 2.20058371525e-09, 1.17053300386e-09, 1.22010912484e-09, 2.05805417153e-09, 1.46392786782e-10, 1.31824801075e-10, 6.31319788114e-11, 4.99528786391e-11, 4.79414112575e-11, 1.95805524572e-11, 2.5129229253e-10, 3.0044355892e-10, 2.00436348075e-10, 1.4866380349e-10, 1.0918900506e-10, 7.95379040408e-11, 4.02986567727e-11, 2.33637675179e-11, 1.44552720488e-11, 5.03718854822e-12, 5.20562325884e-12, 4.94090402273e-12], "max": [0.0412792935967, 0.0420145727694, 0.0125166736543, 0.0134532796219, 0.00287330849096, 0.00427828775719, 0.00319015863352, 0.004031566903, 0.0046675875783, 0.00297755072825, 0.00555699225515, 0.00553445564583, 0.010136494413, 0.0149486735463, 0.0133164767176, 0.005203562323, 0.00553470896557, 0.000794360879809, 0.000511768856086, 0.000296412064927, 0.000448766862974, 0.00058054481633, 7.62709096307e-05, 9.00570230442e-05, 5.69161420572e-05, 5.13547856826e-05, 5.29985300091e-05, 3.54308613169e-05, 0.000142255608807, 0.000154208290041, 6.79701552144e-05, 7.25753270672e-05, 5.65396658203e-05, 6.79735603626e-05, 4.23963210778e-05, 2.90302086796e-05, 3.90459317714e-05, 1.48221133713e-05, 1.47665350596e-05, 1.68557198776e-05], "mean": [0.00219559809193, 0.00267865415663, 0.000603795109782, 0.000307776877889, 0.000171885272721, 0.000144346617162, 0.000243798189331, 0.000357506592991, 0.000145196245285, 7.61840492487e-05, 0.000145617523231, 0.000257317122305, 0.000603539752774, 0.00043392155203, 0.000384459272027, 6.72729074722e-05, 6.80006269249e-05, 2.33862392633e-05, 3.59889636457e-05, 2.56842722592e-05, 1.73536082002e-05, 2.13548901229e-05, 7.38589187677e-06, 8.04504816188e-06, 5.27231850356e-06, 4.34875209976e-06, 4.16300781581e-06, 2.98143368127e-06, 3.6949677451e-06, 3.35333629664e-06, 3.43940109815e-06, 2.89475497084e-06, 2.7718651836e-06, 2.12364693652e-06, 1.74312947365e-06, 1.46108459376e-06, 1.11205065423e-06, 8.58736143527e-07, 8.06367495443e-07, 6.94791424394e-07], "median": [4.95149615745e-05, 0.000108326741611, 0.000201990042115, 0.000164181605214, 0.000114929796837, 6.60025325487e-05, 0.000111185072456, 0.000135279697133, 4.28118692071e-05, 2.46475901804e-05, 2.5093284421e-05, 4.58972608612e-05, 6.65729749016e-05, 1.85688422789e-05, 1.46934044096e-05, 7.63954085414e-06, 9.37308595894e-06, 8.81059168023e-06, 1.61994576047e-05, 1.17792797028e-05, 5.04337276652e-06, 8.66009395395e-06, 4.38014831161e-06, 5.02970033267e-06, 3.36985476679e-06, 2.75219963441e-06, 2.38817506215e-06, 1.76926516815e-06, 1.48331764649e-06, 8.07935975899e-07, 6.57560917716e-07, 5.08567779889e-07, 5.42272005077e-07, 3.9720868017e-07, 3.10439531859e-07, 2.84237557935e-07, 2.58483396465e-07, 1.98525924588e-07, 1.72205872673e-07, 1.44160750892e-07], "min": [7.58601758884e-14, 2.06739736008e-13, 6.17033171519e-13, 3.15321201224e-13, 2.67230780283e-14, 3.79291812801e-13, 5.72465414916e-13, 2.23010547746e-13, 1.59916215469e-13, 5.29856594798e-13, 2.0757810889e-13, 7.23338327169e-13, 2.60101619062e-13, 1.10861114126e-12, 4.71544851777e-12, 2.61567265243e-12, 4.47659135238e-13, 5.03003996961e-13, 1.96794750634e-12, 2.38348902247e-12, 4.35312782999e-13, 9.80703907839e-13, 4.39603908831e-12, 2.66278991044e-12, 7.01438093807e-13, 1.35304994205e-12, 3.98502454993e-12, 8.26278173487e-13, 5.67308678333e-13, 5.28599841849e-13, 6.11165469361e-13, 3.4377779486e-13, 8.2033116194e-13, 5.2033068609e-13, 6.13668458497e-13, 8.62118915753e-13, 7.15832449739e-13, 6.18082896062e-13, 6.27827434138e-13, 7.86732224506e-13], "var": [2.97319238598e-05, 2.58831205429e-05, 1.04823379843e-06, 7.11926873009e-07, 4.87279230299e-08, 8.7344425026e-08, 1.21904207617e-07, 2.32306163639e-07, 9.35321509132e-08, 2.98987643532e-08, 1.74493663962e-07, 2.42342963475e-07, 1.78414927632e-06, 2.14165879697e-06, 1.87769342119e-06, 1.11427432614e-07, 1.2246457004e-07, 2.51932497086e-09, 2.89285240207e-09, 1.30391708542e-09, 1.40791034386e-09, 1.937379146e-09, 7.92053644894e-11, 8.35468708105e-11, 3.63142155235e-11, 2.68994618247e-11, 2.72228906084e-11, 1.30739802665e-11, 6.19799905843e-11, 7.39326586063e-11, 5.9309647471e-11, 4.24428339696e-11, 3.46230127901e-11, 2.64063874933e-11, 1.366233255e-11, 8.10477379654e-12, 5.53123822786e-12, 2.45936539363e-12, 2.33972606914e-12, 1.97227195513e-12]}, "mfcc": {"mean": [-659.13269043, 116.819107056, -9.3171749115, 9.39189147949, -2.71836328506, 1.19128906727, -1.33841836452, 4.16358709335, -1.81074213982, -3.42790651321, -6.46449708939, -0.685470044613, 4.57270479202], "cov": [[5045.58544922, -493.55557251, 1110.33178711, 631.766662598, 441.929992676, 454.6015625, 194.33291626, 298.210449219, 346.004943848, 256.504852295, 279.436065674, 160.852890015, 81.439994812], [-493.55557251, 949.37701416, -289.630584717, 61.3966140747, 22.178943634, -20.0561237335, 86.557762146, 114.562591553, 30.9046001434, 56.4215049744, -37.6947898865, 9.1305103302, 68.8771057129], [1110.33178711, -289.630584717, 652.511291504, 342.462738037, 229.235198975, 191.363845825, 85.9695663452, 106.295814514, 157.170913696, 156.224441528, 122.923530579, 15.3632907867, -0.215009838343], [631.766662598, 61.3966140747, 342.462738037, 415.082519531, 196.8984375, 159.298049927, 46.8504295349, 84.2665252686, 132.635620117, 148.64680481, 83.8829574585, 0.226283043623, -9.80655479431], [441.929992676, 22.178943634, 229.235198975, 196.8984375, 233.483322144, 147.825012207, 88.0835647583, 93.3258743286, 102.728858948, 106.419212341, 88.0082321167, 62.8153495789, 48.5960769653], [454.6015625, -20.0561237335, 191.363845825, 159.298049927, 147.825012207, 223.053878784, 114.01109314, 106.880966187, 78.8296356201, 76.1859283447, 109.529792786, 85.2059783936, 39.2944374084], [194.33291626, 86.557762146, 85.9695663452, 46.8504295349, 88.0835647583, 114.01109314, 199.467224121, 119.401107788, 23.4623565674, 20.1492919922, 65.7193603516, 98.9075469971, 54.0437088013], [298.210449219, 114.562591553, 106.295814514, 84.2665252686, 93.3258743286, 106.880966187, 119.401107788, 191.365844727, 97.7107009888, 35.3714561462, 43.2850952148, 89.9323806763, 118.906028748], [346.004943848, 30.9046001434, 157.170913696, 132.635620117, 102.728858948, 78.8296356201, 23.4623565674, 97.7107009888, 160.225708008, 93.1716766357, 26.7329521179, 3.06542301178, 58.5020942688], [256.504852295, 56.4215049744, 156.224441528, 148.64680481, 106.419212341, 76.1859283447, 20.1492919922, 35.3714561462, 93.1716766357, 156.63053894, 73.6794128418, -25.0647411346, -41.169506073], [279.436065674, -37.6947898865, 122.923530579, 83.8829574585, 88.0082321167, 109.529792786, 65.7193603516, 43.2850952148, 26.7329521179, 73.6794128418, 158.207473755, 86.971786499, -20.2877082825], [160.852890015, 9.1305103302, 15.3632907867, 0.226283043623, 62.8153495789, 85.2059783936, 98.9075469971, 89.9323806763, 3.06542301178, -25.0647411346, 86.971786499, 199.506484985, 113.882324219], [81.439994812, 68.8771057129, -0.215009838343, -9.80655479431, 48.5960769653, 39.2944374084, 54.0437088013, 118.906028748, 58.5020942688, -41.169506073, -20.2877082825, 113.882324219, 229.704284668]], "icov": [[0.000341081497027, 2.17487140617e-05, -0.000478281785036, -4.0777533286e-05, 4.72495667054e-05, -0.000188052814337, 0.000137726252433, -0.000148287217598, -0.000264929200057, 0.000197058048798, -2.47377101914e-05, -0.000218839297304, 0.0001459949126], [2.17487140617e-05, 0.0024811711628, 0.00244972249493, -0.00184099178296, -0.00020375168242, 0.00122866244055, -0.00138548098039, -0.00183049391489, 0.000950009271037, -0.00239611207508, 0.000558791158255, 0.000516990839969, -0.000599913764745], [-0.000478281785036, 0.00244972249493, 0.00641477573663, -0.00341996480711, -0.00137042277493, 0.0012531762477, -0.0021464927122, -0.00132771616336, -8.58996645547e-05, -0.00172704318538, -0.00099180394318, 0.00202500983141, -0.00081633485388], [-4.0777533286e-05, -0.00184099178296, -0.00341996480711, 0.00743071129546, -0.00213751173578, -0.00263631553389, 0.00249358522706, 0.000240812150878, -0.000825381488539, -0.000186884470168, 0.00098204088863, -0.000523288385011, 0.00159525685012], [4.72495667054e-05, -0.00020375168242, -0.00137042277493, -0.00213751173578, 0.0123369004577, -0.00270383921452, -0.00203257845715, 0.00227045384236, -0.00137677171733, -0.00414018239826, 0.000247734657023, -0.00196790788323, -0.00228659878485], [-0.000188052814337, 0.00122866244055, 0.0012531762477, -0.00263631553389, -0.00270383921452, 0.0127752684057, -0.00374989211559, -0.00188648863696, -0.00100334302988, 0.00023905056878, -0.00436218502, 0.000277432176517, -0.00039214573917], [0.000137726252433, -0.00138548098039, -0.0021464927122, 0.00249358522706, -0.00203257845715, -0.00374989211559, 0.0128643279895, -0.00701347133145, 0.00422334810719, 0.000391880428651, 0.00110063829925, -0.00287600397132, 0.0026640817523], [-0.000148287217598, -0.00183049391489, -0.00132771616336, 0.000240812150878, 0.00227045384236, -0.00188648863696, -0.00701347133145, 0.0194723177701, -0.00900434795767, 0.00227638194337, -0.00104822055437, -0.00133741402533, -0.00470511196181], [-0.000264929200057, 0.000950009271037, -8.58996645547e-05, -0.000825381488539, -0.00137677171733, -0.00100334302988, 0.00422334810719, -0.00900434795767, 0.0208834242076, -0.0105500342324, 0.0027119377628, 0.00268671941012, -0.00439795013517], [0.000197058048798, -0.00239611207508, -0.00172704318538, -0.000186884470168, -0.00414018239826, 0.00023905056878, 0.000391880428651, 0.00227638194337, -0.0105500342324, 0.0237729586661, -0.0100496234372, 0.00560588622466, 0.00348430080339], [-2.47377101914e-05, 0.000558791158255, -0.00099180394318, 0.00098204088863, 0.000247734657023, -0.00436218502, 0.00110063829925, -0.00104822055437, 0.0027119377628, -0.0100496234372, 0.0214208755642, -0.0125649813563, 0.00648916698992], [-0.000218839297304, 0.000516990839969, 0.00202500983141, -0.000523288385011, -0.00196790788323, 0.000277432176517, -0.00287600397132, -0.00133741402533, 0.00268671941012, 0.00560588622466, -0.0125649813563, 0.0184024255723, -0.00827284622937], [0.0001459949126, -0.000599913764745, -0.00081633485388, 0.00159525685012, -0.00228659878485, -0.00039214573917, 0.0026640817523, -0.00470511196181, -0.00439795013517, 0.00348430080339, 0.00648916698992, -0.00827284622937, 0.0133277215064]]}, "spectral_contrast_coeffs": {"dmean": [0.0542313307524, 0.0411224812269, 0.0573520772159, 0.0385253094137, 0.0217639710754, 0.026078555733], "dmean2": [0.0859405919909, 0.0643294528127, 0.088582329452, 0.0601864643395, 0.0359975025058, 0.0431096553802], "dvar": [0.00211559422314, 0.00134430918843, 0.00213941722177, 0.00110714975744, 0.000319199752994, 0.000778465881012], "dvar2": [0.0051379352808, 0.0031053153798, 0.00485215801746, 0.00254172761925, 0.000840037653688, 0.00230269297026], "max": [-0.367116034031, -0.447329670191, -0.393189609051, -0.455111205578, -0.682469308376, -0.63879019022], "mean": [-0.62537676096, -0.692747354507, -0.672808587551, -0.728384315968, -0.786924362183, -0.776121675968], "median": [-0.628347158432, -0.693500876427, -0.680795609951, -0.73676520586, -0.788121640682, -0.777461290359], "min": [-0.958327412605, -0.961354255676, -0.959975361824, -0.964440882206, -0.957589864731, -0.961594641209], "var": [0.00708216056228, 0.00494375312701, 0.0091290269047, 0.0049873329699, 0.000851047341712, 0.00107339210808]}, "spectral_contrast_valleys": {"dmean": [0.506124913692, 0.363170802593, 0.364106327295, 0.345807462931, 0.320820987225, 0.482708007097], "dmean2": [0.739448547363, 0.580541372299, 0.583778381348, 0.527752459049, 0.441024541855, 0.60333865881], "dvar": [0.321217626333, 0.282465875149, 0.279478788376, 0.268441319466, 0.23141156137, 0.342898905277], "dvar2": [0.495907843113, 0.462976068258, 0.443418204784, 0.425876945257, 0.311382472515, 0.601124107838], "max": [-4.6448469162, -4.42245721817, -5.69028091431, -6.07450675964, -5.96891641617, -7.86299943924], "mean": [-7.96505784988, -7.11095809937, -7.82837438583, -8.06215190887, -7.80036067963, -10.2444009781], "median":