{"lowlevel": {"average_loudness": 0.632527589798, "barkbands_crest": {"dmean": 3.08434247971, "dmean2": 4.96676778793, "dvar": 8.64700984955, "dvar2": 20.3733921051, "max": 26.4502124786, "mean": 11.8070192337, "median": 11.0057859421, "min": 2.55853390694, "var": 19.3068065643}, "barkbands_flatness_db": {"dmean": 0.0474710576236, "dmean2": 0.0672083571553, "dvar": 0.0022303769365, "dvar2": 0.00462518818676, "max": 0.532707214355, "mean": 0.209207907319, "median": 0.19920873642, "min": 0.0303229466081, "var": 0.00772565882653}, "barkbands_kurtosis": {"dmean": 12.7021121979, "dmean2": 19.2963562012, "dvar": 630.265319824, "dvar2": 1341.88757324, "max": 488.581329346, "mean": 16.2338695526, "median": 4.89211654663, "min": -1.90823364258, "var": 1055.10620117}, "barkbands_skewness": {"dmean": 1.19579362869, "dmean2": 1.77138006687, "dvar": 1.65910422802, "dvar2": 3.59303689003, "max": 19.4679145813, "mean": 2.43000936508, "median": 2.03304505348, "min": -5.42395162582, "var": 5.09262037277}, "barkbands_spread": {"dmean": 9.61406517029, "dmean2": 14.6836481094, "dvar": 178.496826172, "dvar2": 369.851348877, "max": 121.018669128, "mean": 19.8296737671, "median": 12.0793037415, "min": 0.383783310652, "var": 439.227752686}, "dissonance": {"dmean": 0.029269631952, "dmean2": 0.0480790063739, "dvar": 0.00100483605638, "dvar2": 0.00252150301822, "max": 0.500000119209, "mean": 0.449950814247, "median": 0.463790118694, "min": 0.202077701688, "var": 0.00191106682178}, "dynamic_complexity": 5.9445848465, "erbbands_crest": {"dmean": 3.95760893822, "dmean2": 6.35304689407, "dvar": 14.6035633087, "dvar2": 36.3265762329, "max": 32.1309776306, "mean": 11.7816438675, "median": 10.9023857117, "min": 2.66947126389, "var": 31.9768943787}, "erbbands_flatness_db": {"dmean": 0.0328837223351, "dmean2": 0.0462016798556, "dvar": 0.00112880847882, "dvar2": 0.00227584387176, "max": 0.511051476002, "mean": 0.178846955299, "median": 0.165918320417, "min": 0.0359970927238, "var": 0.00690915621817}, "erbbands_kurtosis": {"dmean": 3.30674791336, "dmean2": 5.22994327545, "dvar": 31.5188350677, "dvar2": 76.5179824829, "max": 66.6940917969, "mean": 2.99225378036, "median": 0.829613566399, "min": -1.87376022339, "var": 43.5520477295}, "erbbands_skewness": {"dmean": 0.797223269939, "dmean2": 1.19419038296, "dvar": 0.72856336832, "dvar2": 1.57288479805, "max": 6.47316980362, "mean": 0.631820082664, "median": 0.459960609674, "min": -4.11993360519, "var": 2.17046046257}, "erbbands_spread": {"dmean": 17.3468742371, "dmean2": 25.364276886, "dvar": 490.675720215, "dvar2": 932.019470215, "max": 194.931838989, "mean": 45.8508110046, "median": 33.6315689087, "min": 2.02382469177, "var": 1618.86706543}, "hfc": {"dmean": 14.1935167313, "dmean2": 20.7867202759, "dvar": 1004.23156738, "dvar2": 2212.453125, "max": 361.896179199, "mean": 21.757019043, "median": 6.19120550156, "min": 1.12413130562e-16, "var": 1631.09130859}, "melbands_crest": {"dmean": 3.65413594246, "dmean2": 5.9766201973, "dvar": 12.1556568146, "dvar2": 30.0928840637, "max": 33.4927787781, "mean": 17.0166339874, "median": 17.1251678467, "min": 1.20490682125, "var": 28.4784927368}, "melbands_flatness_db": {"dmean": 0.0552885681391, "dmean2": 0.0777158290148, "dvar": 0.00308639905415, "dvar2": 0.00645152525976, "max": 0.68316090107, "mean": 0.283337622881, "median": 0.266644179821, "min": 0.000249863660429, "var": 0.0129708172753}, "melbands_kurtosis": {"dmean": 30.2807445526, "dmean2": 46.0251579285, "dvar": 2630.72485352, "dvar2": 5719.29101562, "max": 682.975158691, "mean": 46.7074546814, "median": 18.2109012604, "min": -1.80911636353, "var": 4999.98828125}, "melbands_skewness": {"dmean": 1.62250220776, "dmean2": 2.42318105698, "dvar": 3.17216491699, "dvar2": 6.85013723373, "max": 18.7028007507, "mean": 4.13355398178, "median": 3.42542982101, "min": -2.01302671432, "var": 10.5417137146}, "melbands_spread": {"dmean": 8.71590900421, "dmean2": 13.5476808548, "dvar": 254.38444519, "dvar2": 536.717773438, "max": 234.449310303, "mean": 16.6870269775, "median": 9.81789207458, "min": 0.359537363052, "var": 634.403015137}, "pitch_salience": {"dmean": 0.0859856903553, "dmean2": 0.135989040136, "dvar": 0.00704443547875, "dvar2": 0.0165378134698, "max": 0.990686774254, "mean": 0.514750123024, "median": 0.527331113815, "min": 0.048270676285, "var": 0.0189540740103}, "silence_rate_20dB": {"dmean": 0, "dmean2": 0, "dvar": 0, "dvar2": 0, "max": 1, "mean": 1, "median": 1, "min": 1, "var": 0}, "silence_rate_30dB": {"dmean": 0.0430820211768, "dmean2": 0.0861878469586, "dvar": 0.0412264503539, "dvar2": 0.0898087695241, "max": 1, "mean": 0.954445064068, "median": 1, "min": 0, "var": 0.043479628861}, "silence_rate_60dB": {"dmean": 0.0469483584166, "dmean2": 0.0939226523042, "dvar": 0.0447415113449, "dvar2": 0.0961492359638, "max": 1, "mean": 0.263942569494, "median": 0, "min": 0, "var": 0.194267034531}, "spectral_centroid": {"dmean": 330.10357666, "dmean2": 503.387451172, "dvar": 193124.765625, "dvar2": 415608.1875, "max": 11477.2695312, "mean": 1052.51782227, "median": 863.303100586, "min": 124.84336853, "var": 988891.6875}, "spectral_complexity": {"dmean": 3.51560354233, "dmean2": 5.16740322113, "dvar": 32.5224113464, "dvar2": 58.5075263977, "max": 65, "mean": 9.66565418243, "median": 6, "min": 0, "var": 130.899627686}, "spectral_decrease": {"dmean": 3.64724805912e-09, "dmean2": 5.55316548301e-09, "dvar": 4.87425837416e-17, "dvar2": 1.12184193438e-16, "max": 3.80801308432e-29, "mean": -7.45303907479e-09, "median": -5.05159647446e-09, "min": -9.44087830135e-08, "var": 9.16388865243e-17}, "spectral_energy": {"dmean": 0.0147234546021, "dmean2": 0.0222288072109, "dvar": 0.000755350163672, "dvar2": 0.00171805662103, "max": 0.367158085108, "mean": 0.0301029011607, "median": 0.0205167364329, "min": 1.04913893952e-20, "var": 0.00146484619472}, "spectral_energyband_high": {"dmean": 0.0010081169894, "dmean2": 0.00146574364044, "dvar": 6.4341925281e-06, "dvar2": 1.40583015309e-05, "max": 0.0303620398045, "mean": 0.00133428466506, "median": 6.22339721303e-05, "min": 7.33320977746e-21, "var": 1.04973951238e-05}, "spectral_energyband_low": {"dmean": 0.0107228429988, "dmean2": 0.0167725123465, "dvar": 0.000501361908391, "dvar2": 0.00116710492875, "max": 0.266654968262, "mean": 0.0195571258664, "median": 0.0116464160383, "min": 2.34191314189e-23, "var": 0.000843190646265}, "spectral_energyband_middle_high": {"dmean": 0.00223173410632, "dmean2": 0.0034896354191, "dvar": 2.62732410192e-05, "dvar2": 6.42092782073e-05, "max": 0.0771913900971, "mean": 0.00316784461029, "median": 0.00049002293963, "min": 1.35802579014e-21, "var": 3.9768172428e-05}, "spectral_energyband_middle_low": {"dmean": 0.00538085214794, "dmean2": 0.00848473142833, "dvar": 0.00022561053629, "dvar2": 0.00056590634631, "max": 0.235279455781, "mean": 0.00863032508641, "median": 0.0043720761314, "min": 1.91113582841e-22, "var": 0.000241134664975}, "spectral_entropy": {"dmean": 0.395605713129, "dmean2": 0.554447233677, "dvar": 0.200940668583, "dvar2": 0.409991145134, "max": 9.8202753067, "mean": 7.23602247238, "median": 7.29260540009, "min": 4.23746156693, "var": 0.666244745255}, "spectral_flux": {"dmean": 0.0356368348002, "dmean2": 0.0538032650948, "dvar": 0.00198356434703, "dvar2": 0.00414505787194, "max": 0.531803786755, "mean": 0.0788674801588, "median": 0.0598131790757, "min": 6.65921068288e-11, "var": 0.00501381698996}, "spectral_kurtosis": {"dmean": 4.16454219818, "dmean2": 6.62510919571, "dvar": 64.7934570312, "dvar2": 154.219299316, "max": 143.956619263, "mean": 7.27192258835, "median": 4.79674339294, "min": -1.28514099121, "var": 98.6027603149}, "spectral_rms": {"dmean": 0.00112887960859, "dmean2": 0.0016478857724, "dvar": 2.23238043873e-06, "dvar2": 4.75328261018e-06, "max": 0.0189262516797, "mean": 0.00442846491933, "median": 0.00447396049276, "min": 3.199297164e-12, "var": 9.7573547464e-06}, "spectral_rolloff": {"dmean": 984.715698242, "dmean2": 1715.88256836, "dvar": 5191443, "dvar2": 11345708, "max": 19121.484375, "mean": 1741.06774902, "median": 732.12890625, "min": 86.1328125, "var": 9960515}, "spectral_skewness": {"dmean": 0.491953939199, "dmean2": 0.739482104778, "dvar": 0.395168632269, "dvar2": 0.916746139526, "max": 10.756526947, "mean": 1.9446605444, "median": 1.81429731846, "min": -0.0570285618305, "var": 0.926205456257}, "spectral_spread": {"dmean": 1317471.625, "dmean2": 1769533.625, "dvar": 2967038590980.0, "dvar2": 4747174608900.0, "max": 41204920, "mean": 6166309, "median": 5121333, "min": 565921.9375, "var": 18442100932600.0}, "spectral_strongpeak": {"dmean": 0.354713380337, "dmean2": 0.594589233398, "dvar": 0.451407492161, "dvar2": 1.19826745987, "max": 9.35673618317, "mean": 0.607115209103, "median": 0.433036267757, "min": 0, "var": 0.611834824085}, "zerocrossingrate": {"dmean": 0.0199750307947, "dmean2": 0.0221353266388, "dvar": 0.000901550403796, "dvar2": 0.000984666286968, "max": 0.5126953125, "mean": 0.0677827969193, "median": 0.04638671875, "min": 0.00341796875, "var": 0.00573229882866}, "barkbands": {"dmean": [6.65996412863e-05, 0.00623506354168, 0.00467021437362, 0.00315975258127, 0.00145469466224, 0.000571228156332, 0.000560340296943, 0.000229028810281, 0.000273352867225, 0.000842813809868, 0.000227453288971, 0.000254256679909, 0.000282066030195, 0.00042459188262, 0.000178633781616, 0.000288987561362, 0.000113995592983, 0.000147878876305, 9.8176751635e-05, 0.000103894570202, 0.000104872167867, 0.000134048619657, 8.26423420222e-05, 8.42634181026e-05, 0.000194441643544, 0.000376062991563, 4.45283294539e-05], "dmean2": [0.000113866517495, 0.00972586963326, 0.00760823395103, 0.00510119693354, 0.00245829415508, 0.000984446378425, 0.000933863222599, 0.000398751057219, 0.000452876905911, 0.00147594127338, 0.000402988953283, 0.000429099571193, 0.000443190132501, 0.000625535787549, 0.000280816049781, 0.000509361561853, 0.000195778746274, 0.000250203709584, 0.000151025102241, 0.000169309598277, 0.000164435710758, 0.00021456455579, 0.000125477381516, 0.000121519035019, 0.000276873382973, 0.000576847640332, 7.16886715963e-05], "dvar": [9.8561322659e-08, 0.000223740542424, 0.0001264915918, 0.000112955938675, 2.19270405069e-05, 2.03180297831e-06, 4.1550606511e-06, 7.3745542295e-07, 5.69162068587e-07, 1.20176919154e-05, 4.51354594588e-07, 9.79151764113e-07, 1.24609960039e-06, 2.08640494748e-06, 2.9199387086e-07, 7.04041667632e-07, 1.17890976981e-07, 3.35627845516e-07, 8.62514895061e-08, 1.56178643351e-07, 1.00691799787e-07, 2.24003059657e-07, 2.95354762869e-08, 2.93201765089e-08, 3.21462550801e-07, 1.99687087843e-06, 4.85863154154e-08], "dvar2": [2.51879413327e-07, 0.000530943041667, 0.000318709615385, 0.000278638792224, 5.74446967221e-05, 5.39994880455e-06, 1.04341233964e-05, 1.97237295652e-06, 1.44732121043e-06, 3.23679159919e-05, 1.25531437334e-06, 2.75604315902e-06, 3.04181639876e-06, 4.42505415776e-06, 6.6944670607e-07, 1.93636469703e-06, 3.16251004051e-07, 9.56701683208e-07, 2.04829973427e-07, 4.28298136512e-07, 2.53591252886e-07, 6.09619974057e-07, 6.40803321517e-08, 5.66258222534e-08, 6.22387176463e-07, 4.74337957712e-06, 1.2114109893e-07], "max": [0.00468701217324, 0.212229818106, 0.123102560639, 0.182742148638, 0.117177113891, 0.0145692732185, 0.0345464535058, 0.0187363307923, 0.0138243725523, 0.0502051897347, 0.0107125137001, 0.0208249688148, 0.0243026018143, 0.0267379228026, 0.00802585482597, 0.00763679621741, 0.00331826438196, 0.00794278178364, 0.00432301871479, 0.00809417106211, 0.0046822624281, 0.0072098551318, 0.00221920432523, 0.00220740842633, 0.00612266967073, 0.0153170991689, 0.00338153983466], "mean": [7.72682396928e-05, 0.00985380541533, 0.0070773861371, 0.00432026805356, 0.00260953675024, 0.00056793371914, 0.000494271051139, 0.000209777324926, 0.000357074575732, 0.000693408946972, 0.000206327225897, 0.000276021892205, 0.000495591841172, 0.0005438606604, 0.000218457891606, 0.000281503453152, 0.000114678747195, 0.000163273129147, 0.000148103528772, 0.000138229836011, 0.000146436184878, 0.000157408314408, 0.00011384265963, 0.000126127371914, 0.000246254639933, 0.000412165449234, 5.3904568631e-05], "median": [3.7137488107e-06, 0.00436198059469, 0.00342548824847, 0.000937828619499, 0.000554224068765, 0.00013434428547, 7.20559910405e-05, 3.4086566302e-05, 5.28975142515e-05, 4.69907099614e-05, 1.43546221807e-05, 3.01853215205e-05, 2.14890733332e-05, 1.57725444296e-05, 1.97810222744e-05, 1.39050453072e-05, 1.04377650132e-05, 7.54709708417e-06, 8.17702675704e-06, 7.34724380891e-06, 8.5202000264e-06, 8.70168878464e-06, 6.12340500084e-06, 6.48140667181e-06, 9.82203891908e-06, 3.26942654283e-06, 3.32747873699e-08], "min": [1.40335071405e-24, 9.11032740246e-24, 6.51618079817e-24, 3.53912426594e-24, 1.92904748324e-23, 1.10400184384e-23, 1.58263499393e-23, 1.1173496859e-23, 1.51168563298e-23, 4.03647124774e-23, 1.83665388521e-23, 4.08698926902e-23, 6.112281727e-23, 5.81588901443e-23, 8.41389512069e-23, 6.6481505223e-23, 1.10257725571e-22, 1.8341248287e-22, 8.70602546002e-23, 2.45432323342e-22, 2.64875813524e-22, 3.57406294699e-22, 4.85875158257e-22, 6.72415140139e-22, 8.95430384205e-22, 1.49233681873e-21, 2.14974143783e-21], "var": [1.00946941473e-07, 0.000326724926708, 0.000146976133692, 0.000117742893053, 2.55000359175e-05, 1.77740525942e-06, 3.59735076927e-06, 5.669356824e-07, 7.98308860794e-07, 8.73602311913e-06, 3.45477843666e-07, 8.0095122712e-07, 2.16211014958e-06, 3.40624364981e-06, 3.84494597938e-07, 6.52084281683e-07, 1.04827847736e-07, 2.84603686396e-07, 1.81187431281e-07, 2.00701364861e-07, 2.22177220621e-07, 2.53956812912e-07, 6.32586747429e-08, 6.87832439894e-08, 4.84509428134e-07, 2.41336852014e-06, 6.05632379802e-08]}, "erbbands": {"dmean": [0.107996828854, 1.66573131084, 4.75394868851, 9.19028949738, 7.31682682037, 3.63236784935, 2.84604477882, 5.80058526993, 6.29679203033, 7.88740825653, 5.16494941711, 6.00257158279, 11.4612474442, 30.6076164246, 7.58472967148, 9.7807674408, 12.5237646103, 17.4944267273, 15.4626264572, 10.1776790619, 12.217171669, 7.05145263672, 7.94933891296, 5.42795133591, 5.3201842308, 5.07159423828, 4.52799749374, 3.96234464645, 4.6244392395, 3.5778939724, 2.47924423218, 1.63175427914, 1.64578521252, 1.94638693333, 1.63803696632, 1.47114300728, 0.707844555378, 0.116338506341, 0.0075960541144, 0.000439989205915], "dmean2": [0.148936957121, 2.66234993935, 7.73422908783, 14.6690635681, 12.1139144897, 6.19254589081, 4.84192943573, 10.045419693, 10.5135622025, 13.4851980209, 8.65113353729, 10.0287952423, 19.2759552002, 54.5142097473, 13.0241832733, 15.3456487656, 19.0674343109, 26.3443107605, 22.2502994537, 16.9670772552, 21.455663681, 12.1480503082, 13.517323494, 9.00278282166, 8.70003128052, 8.42606067657, 7.26024484634, 5.83710861206, 7.34998989105, 5.88338375092, 3.75851869583, 2.40383028984, 2.35823154449, 2.82887983322, 2.33580136299, 2.365203619, 1.05540275574, 0.172455310822, 0.0116744171828, 0.000709660525899], "dvar": [0.0742298066616, 16.2188358307, 108.523880005, 895.225036621, 460.065338135, 171.544311523, 58.0181617737, 238.635375977, 380.866607666, 767.986206055, 293.69519043, 310.423309326, 1665.44421387, 17900.2148438, 337.630889893, 1380.33032227, 1722.70446777, 2650.34448242, 3288.59667969, 527.57800293, 1265.17712402, 463.037322998, 914.265197754, 378.677947998, 294.919219971, 430.552978516, 199.149581909, 116.008796692, 253.085388184, 125.932647705, 29.4612045288, 12.916176796, 10.0829868317, 27.8257865906, 30.0969295502, 38.1926879883, 5.82469415665, 0.115204624832, 0.000872150820214, 4.9521818255e-06], "dvar2": [0.136797472835, 40.1509513855, 273.004577637, 2109.46386719, 1215.93200684, 462.925476074, 157.195922852, 635.861694336, 960.087524414, 2040.55944824, 714.162780762, 790.731201172, 4364.21923828, 49382.8789062, 911.163513184, 3328.99804688, 3855.61816406, 6276.96533203, 6401.28027344, 1350.22717285, 3480.71850586, 1260.26599121, 2591.99658203, 1044.94360352, 774.693481445, 1204.04577637, 530.909362793, 225.34916687, 683.89654541, 341.952880859, 63.6294746399, 27.0735645294, 20.6329231262, 61.1250267029, 57.9504623413, 94.9966278076, 13.5674352646, 0.248481422663, 0.00207136035897, 1.27764469653e-05], "max": [4.46382761002, 56.3628578186, 120.646751404, 514.508239746, 340.421173096, 309.802276611, 105.774085999, 162.571456909, 315.815490723, 388.472259521, 505.616027832, 357.920898438, 842.797180176, 2224.87573242, 191.874237061, 870.884643555, 838.405456543, 543.447692871, 1152.09387207, 274.814300537, 382.5105896, 236.66242981, 384.425811768, 300.200317383, 296.812469482, 422.069335938, 169.369628906, 171.862060547, 243.235961914, 157.286071777, 78.6270904541, 48.3978500366, 32.0839767456, 62.626247406, 62.5341453552, 67.1729125977, 25.5116214752, 3.66276144981, 0.442159324884, 0.0368471890688], "mean": [0.165269315243, 2.63634419441, 8.17664051056, 12.4084186554, 13.2929821014, 6.0924654007, 3.49542498589, 5.23920917511, 5.83035564423, 6.63884496689, 5.74482822418, 7.319835186, 12.4277744293, 23.0218925476, 7.7341427803, 12.0370378494, 22.4237346649, 24.19298172, 22.0591049194, 12.3849821091, 11.63372612, 7.28221511841, 9.01234722137, 7.18692827225, 7.5796546936, 6.46785068512, 6.11797761917, 5.75298023224, 5.60682916641, 4.13187837601, 3.48414301872, 2.48216223717, 2.27333402634, 2.3834207058, 2.00235915184, 1.55609738827, 0.786069750786, 0.134508609772, 0.00956083647907, 0.000580114137847], "median": [0.0313436202705, 1.29893612862, 4.96642494202, 4.21293210983, 5.5653386116, 1.29995584488, 0.965559720993, 1.1611301899, 1.228987813, 0.958314299583, 0.821026206017, 1.37657117844, 1.71134984493, 1.27462756634, 1.01955199242, 1.43299639225, 1.29117381573, 0.983196020126, 1.15519237518, 1.138697505, 0.767735958099, 0.657253742218, 0.45473715663, 0.455707907677, 0.398009687662, 0.338760256767, 0.293018609285, 0.368353843689, 0.301145344973, 0.227900445461, 0.179252684116, 0.12883913517, 0.118465527892, 0.110727392137, 0.064786195755, 0.0187604650855, 0.00492216227576, 0.000526954769157, 3.50938571501e-05, 3.48425164702e-05], "min": [1.8988432298e-22, 1.45709611755e-21, 1.01339568977e-20, 9.90033411237e-21, 2.70875413476e-20, 7.65982688909e-20, 8.60378407839e-20, 7.01205593529e-20, 2.83247243705e-19, 2.10212287948e-19, 3.4530995883e-19, 3.61651687313e-19, 1.02726443579e-18, 9.55825292381e-19, 1.24322082101e-18, 2.25442616559e-18, 2.87446048684e-18, 3.42136873321e-18, 3.99379632866e-18, 5.05785499887e-18, 5.89598913709e-18, 6.60358466208e-18, 9.37295309286e-18, 5.30628173865e-18, 8.28891801086e-18, 9.69723353558e-18, 9.45926111798e-18, 1.27113200419e-17, 1.15621577215e-17, 1.18471793452e-17, 1.32253284201e-17, 1.15409016613e-17, 1.1812628011e-17, 9.5758869669e-18, 5.7025591547e-18, 4.68686780286e-18, 2.76367473983e-18, 1.18378644643e-18, 2.79537442056e-19, 2.74267564846e-20], "var": [0.135251060128, 21.7180137634, 142.280563354, 980.016845703, 499.82611084, 184.246826172, 57.0766868591, 187.960632324, 334.04788208, 586.814697266, 312.02331543, 356.568054199, 1536.14160156, 11505.3681641, 326.221832275, 1562.35754395, 3895.03930664, 3725.81811523, 6457.70751953, 758.727905273, 1029.90600586, 412.774536133, 800.821228027, 448.058349609, 502.057128906, 469.550445557, 391.332977295, 328.352752686, 292.957000732, 148.576705933, 61.2409057617, 30.9333992004, 20.2541427612, 36.6373939514, 43.1457099915, 39.433555603, 7.52528905869, 0.175550475717, 0.00125330418814, 5.88559078096e-06]}, "gfcc": {"mean": [-96.5111694336, 81.3610458374, -89.0087585449, 23.0169696808, -48.8955307007, 18.5856227875, -36.4305152893, 3.88877677917, -25.4531517029, 0.516113936901, -19.4821147919, -4.9625287056, -11.3228349686], "cov": [[25541.7050781, -2693.61914062, 3903.08618164, 1830.05065918, 1021.21350098, 1647.42736816, 165.421890259, 418.966003418, -708.49206543, 327.290466309, -999.200195312, 448.322174072, -786.761230469], [-2693.61914062, 3015.81518555, -792.760131836, -59.3714408875, 280.065551758, -48.9086227417, 77.4909286499, -300.388366699, 212.696136475, -258.020202637, 230.277679443, -268.676208496, 203.171707153], [3903.08618164, -792.760131836, 4923.27490234, 1431.52734375, 804.716308594, 903.377441406, 348.067047119, 196.445144653, -174.954040527, 106.76058197, -528.789672852, 292.655975342, -167.673568726], [1830.05065918, -59.3714408875, 1431.52734375, 1066.02563477, 466.592010498, 408.110626221, 101.951095581, 49.0102272034, -68.2454147339, 37.4048957825, -157.85508728, 57.4176559448, -66.7767562866], [1021.21350098, 280.065551758, 804.716308594, 466.592010498, 899.365356445, 464.400787354, 88.3313217163, -55.7908287048, 37.4719924927, 43.3301086426, -51.4105491638, 4.12271022797, -47.6406288147], [1647.42736816, -48.9086227417, 903.377441406, 408.110626221, 464.400787354, 615.58581543, 116.790748596, 5.23059272766, -50.1571578979, 88.0240249634, -109.364852905, 55.7349319458, -47.9416770935], [165.421890259, 77.4909286499, 348.067047119, 101.951095581, 88.3313217163, 116.790748596, 278.324859619, 59.067489624, -4.23723745346, -42.2432823181, -12.0397882462, 5.89181804657, -17.2874145508], [418.966003418, -300.388366699, 196.445144653, 49.0102272034, -55.7908287048, 5.23059272766, 59.067489624, 213.78843689, -15.1626052856, 37.8721847534, -34.1213684082, 55.8303604126, -25.487121582], [-708.49206543, 212.696136475, -174.954040527, -68.2454147339, 37.4719924927, -50.1571578979, -4.23723745346, -15.1626052856, 173.768707275, 18.6194763184, 64.4593658447, -30.8269271851, 28.799703598], [327.290466309, -258.020202637, 106.76058197, 37.4048957825, 43.3301086426, 88.0240249634, -42.2432823181, 37.8721847534, 18.6194763184, 206.503677368, 28.136302948, 29.4884986877, -61.4895973206], [-999.200195312, 230.277679443, -528.789672852, -157.85508728, -51.4105491638, -109.364852905, -12.0397882462, -34.1213684082, 64.4593658447, 28.136302948, 205.404830933, -55.5309867859, 20.7437076569], [448.322174072, -268.676208496, 292.655975342, 57.4176559448, 4.12271022797, 55.7349319458, 5.89181804657, 55.8303604126, -30.8269271851, 29.4884986877, -55.5309867859, 135.897384644, 3.37079596519], [-786.761230469, 203.171707153, -167.673568726, -66.7767562866, -47.6406288147, -47.9416770935, -17.2874145508, -25.487121582, 28.799703598, -61.4895973206, 20.7437076569, 3.37079596519, 142.706939697]], "icov": [[6.88416839694e-05, 1.51032727445e-05, 1.67256657733e-05, -4.18308300141e-05, 2.89688705379e-06, -0.000131390377646, 5.02010698256e-05, -5.12699552928e-05, 9.16243297979e-05, 4.92119033879e-05, 0.000170048806467, -7.05461498001e-05, 0.00029152201023], [1.51032727445e-05, 0.000597055535764, 3.24432912748e-05, -9.45920692175e-05, -0.000143940080306, -0.000110140841571, -0.000155157642439, 0.000403875223128, -0.000378436321625, 0.000547324365471, -0.00035548050073, 0.000652473361697, -0.000456158188172], [1.67256657733e-05, 3.24432912748e-05, 0.000506635289639, -0.000421518983785, -7.43168202462e-05, -0.0001621357369, -0.000382714089938, 3.21130210068e-05, -5.62848617847e-05, -0.000154567460413, 0.000792621984147, -0.000491276325192, 0.000165295146871], [-4.18308300141e-05, -9.45920692175e-05, -0.000421518983785, 0.00183713936713, -0.000454811612144, -0.000211993406992, 0.000210371232242, -0.000348041008692, 0.000341903622029, 3.59589284926e-05, -5.12623591931e-05, 0.000367078842828, -4.60107112303e-05], [2.89688705379e-06, -0.000143940080306, -7.43168202462e-05, -0.000454811612144, 0.00228699645959, -0.0015161591582, 0.000192304709344, 0.000444944365881, -0.000996641581878, 0.000417071190896, -0.000346370303305, -5.63579851587e-05, 0.000710175256245], [-0.000131390377646, -0.000110140841571, -0.0001621357369, -0.000211993406992, -0.0015161591582, 0.00423910422251, -0.00143171253148, 0.000698475283571, 0.0010381815955, -0.00230936286971, 0.000904055021238, -0.00012422191503, -0.00132104859222], [5.02010698256e-05, -0.000155157642439, -0.000382714089938, 0.000210371232242, 0.000192304709344, -0.00143171253148, 0.00537267094478, -0.00199927855283, -0.000333398056682, 0.00254598096944, -0.00147718144581, 0.00016631744802, 0.00139851670247], [-5.12699552928e-05, 0.000403875223128, 3.21130210068e-05, -0.000348041008692, 0.000444944365881, 0.000698475283571, -0.00199927855283, 0.00670434348285, -0.000476244458696, -0.0012361293193, 0.000503513205331, -0.00155323650688, -0.0001174203353], [9.16243297979e-05, -0.000378436321625, -5.62848617847e-05, 0.000341903622029, -0.000996641581878, 0.0010381815955, -0.000333398056682, -0.000476244458696, 0.00796036887914, -0.00199436186813, -0.000699180818629, 0.000727200997062, -0.00135297433008], [4.92119033879e-05, 0.000547324365471, -0.000154567460413, 3.59589284926e-05, 0.000417071190896, -0.00230936286971, 0.00254598096944, -0.0012361293193, -0.00199436186813, 0.00902940053493, -0.00323631009087, -0.00125338113867, 0.00357147003524], [0.000170048806467, -0.00035548050073, 0.000792621984147, -5.12623591931e-05, -0.000346370303305, 0.000904055021238, -0.00147718144581, 0.000503513205331, -0.000699180818629, -0.00323631009087, 0.00942579470575, 0.000947986321989, -0.00019590856391], [-7.05461498001e-05, 0.000652473361697, -0.000491276325192, 0.000367078842828, -5.63579851587e-05, -0.00012422191503, 0.00016631744802, -0.00155323650688, 0.000727200997062, -0.00125338113867, 0.000947986321989, 0.0113696716726, -0.00313428463414], [0.00029152201023, -0.000456158188172, 0.000165295146871, -4.60107112303e-05, 0.000710175256245, -0.00132104859222, 0.00139851670247, -0.0001174203353, -0.00135297433008, 0.00357147003524, -0.00019590856391, -0.00313428463414, 0.0112928366289]]}, "melbands": {"dmean": [0.0013694956433, 0.0023380392231, 0.00147406815086, 0.000391801469959, 0.000102922771475, 0.000120755204989, 0.000106785919343, 7.99338886281e-05, 4.33731984231e-05, 3.73657057935e-05, 6.1071717937e-05, 0.000133528505103, 2.57960091403e-05, 2.10740508919e-05, 3.42113926308e-05, 2.95306672342e-05, 3.42618768627e-05, 2.92814675049e-05, 1.04186819954e-05, 2.35178176808e-05, 1.09849243017e-05, 6.91989998813e-06, 8.49258503877e-06, 5.99310715188e-06, 4.40498661192e-06, 4.09713584304e-06, 3.88103399018e-06, 3.36392849931e-06, 2.91486048809e-06, 2.61297805082e-06, 2.42364581027e-06, 2.50351081377e-06, 2.97553697237e-06, 1.68111080256e-06, 1.51888389155e-06, 1.10268069875e-06, 1.00274951365e-06, 1.09115126179e-06, 1.37634572184e-06, 1.79744063189e-06], "dmean2": [0.00203948933631, 0.00380813912489, 0.00233617215417, 0.000659893965349, 0.000176609348273, 0.000208926052437, 0.000177662033821, 0.000136882983497, 7.21448741388e-05, 6.24789536232e-05, 0.000103012222098, 0.000237186191953, 4.51305677416e-05, 3.56674136128e-05, 5.1426472055e-05, 4.40603798779e-05, 5.24208116985e-05, 4.17495793954e-05, 1.63529311976e-05, 4.10634274886e-05, 1.93679279619e-05, 1.19042879305e-05, 1.45783888001e-05, 1.03591137304e-05, 7.3971900747e-06, 6.30296472082e-06, 6.65328161631e-06, 5.53668814973e-06, 4.70962913823e-06, 4.12671533923e-06, 3.50998652721e-06, 3.93405798604e-06, 5.05044454258e-06, 2.77159983852e-06, 2.36453297475e-06, 1.65715266576e-06, 1.49199217958e-06, 1.5719709836e-06, 2.12600275518e-06, 2.63379024545e-06], "dvar": [1.08376880235e-05, 2.47246243816e-05, 2.05217438634e-05, 1.56828650688e-06, 8.83983375388e-08, 9.84784662705e-08, 1.28711079128e-07, 7.59836922271e-08, 1.80360295587e-08, 1.17482921169e-08, 5.3578151693e-08, 3.37592922506e-07, 4.47475922982e-09, 3.15163872777e-09, 2.73791656014e-08, 5.74181591162e-09, 1.09841407081e-08, 1.52087000771e-08, 7.78740627538e-10, 4.43236780612e-09, 1.00330455055e-09, 4.32266250572e-10, 1.0127705341e-09, 5.36584998656e-10, 2.47176445978e-10, 1.43657433171e-10, 2.54417736878e-10, 1.76155076637e-10, 8.17358195015e-11, 5.87668663732e-11, 4.63247842863e-11, 5.66354324549e-11, 1.70523054011e-10, 1.61101357948e-11, 1.21929176825e-11, 5.43027818892e-12, 5.04828514061e-12, 4.68764523726e-12, 7.85109217222e-12, 3.01923798463e-11], "dvar2": [2.31941758102e-05, 6.12121075392e-05, 4.89465382998e-05, 4.17379897044e-06, 2.448190628e-07, 2.62095852577e-07, 3.22410841136e-07, 2.04932632641e-07, 4.33111218001e-08, 3.0405043816e-08, 1.40418237038e-07, 9.27308974497e-07, 1.22121264212e-08, 8.5468947475e-09, 5.58427935005e-08, 1.3122213538e-08, 2.63188777438e-08, 2.94778086385e-08, 1.81136394772e-09, 1.20689866989e-08, 2.73510236681e-09, 1.16814569129e-09, 2.81846501693e-09, 1.52725332381e-09, 6.81119938228e-10, 2.95546948026e-10, 7.22432169642e-10, 4.86778339859e-10, 2.20825260855e-10, 1.46520753863e-10, 8.74656111427e-11, 1.45841019816e-10, 4.86399254207e-10, 4.10004599716e-11, 2.7016475862e-11, 1.12886158754e-11, 1.05778944631e-11, 9.1677334127e-12, 1.86387745515e-11, 6.73225086789e-11], "max": [0.0454833805561, 0.0623536482453, 0.0795527771115, 0.0304309446365, 0.0048267012462, 0.00324635906145, 0.00598895037547, 0.00359510933049, 0.00368008529767, 0.0019472403219, 0.00492870248854, 0.00950522255152, 0.000934522948228, 0.000688963045832, 0.00395727111027, 0.00129227689467, 0.0012898981804, 0.00264208903536, 0.000489719444886, 0.000808089971542, 0.000356182426913, 0.000210604805034, 0.000397727562813, 0.000305783440126, 0.000246073905146, 0.000249907170655, 0.000330983690219, 0.00025807810016, 0.000106491963379, 0.000112625755719, 0.000106920604594, 0.000110892979137, 0.000205319942324, 4.56457273685e-05, 4.54590190202e-05, 3.65611376765e-05, 3.18357197102e-05, 2.46662439167e-05, 2.06123841053e-05, 6.69439978083e-05], "mean": [0.0021635950543, 0.00416652858257, 0.00221366155893, 0.000727004255168, 0.000125945836771, 0.000112418332719, 9.66219085967e-05, 6.67176645948e-05, 5.05513016833e-05, 4.6221051889e-05, 6.58465651213e-05, 0.000100790661236, 2.5523815566e-05, 2.33590653806e-05, 4.19120697188e-05, 5.84710578551e-05, 4.14720998378e-05, 4.11431101384e-05, 1.34506226459e-05, 2.38090233324e-05, 1.0001519513e-05, 6.84304814058e-06, 8.95516222954e-06, 6.68243546897e-06, 5.55581755179e-06, 6.2468611759e-06, 4.49553817816e-06, 4.27007489634e-06, 3.73672082787e-06, 3.69897611563e-06, 3.23839162775e-06, 3.10669611281e-06, 3.05224489239e-06, 1.97098984245e-06, 2.08003939406e-06, 1.59589285431e-06, 1.51521339831e-06, 1.58024431585e-06, 1.61078901328e-06, 2.16973603528e-06], "median": [0.000831511686556, 0.0026933234185, 0.00107179139741, 0.000220483314479, 3.57387179974e-05, 2.58471864072e-05, 1.79247763299e-05, 9.27677319851e-06, 6.55700387142e-06, 8.21092817205e-06, 8.00963243819e-06, 4.87283523398e-06, 2.34500794249e-06, 3.37695701091e-06, 2.6704310585e-06, 2.1112923605e-06, 1.46641855281e-06, 1.52251277541e-06, 1.43398187902e-06, 1.17371428132e-06, 7.1415814773e-07, 5.81863560001e-07, 4.7047433327e-07, 3.30084446887e-07, 3.34870065899e-07, 2.7246514378e-07, 2.34400374666e-07, 2.10372832044e-07, 1.68003680301e-07, 1.83237332863e-07, 1.97670217972e-07, 1.49906497882e-07, 1.49185297005e-07, 1.07084439094e-07, 1.05166066078e-07, 7.7570632584e-08, 7.29117459741e-08, 8.31561735026e-08, 7.85063960507e-08, 9.37477722118e-08], "min": [3.01441659027e-24, 4.87547317761e-24, 2.51646273778e-24, 4.24223401861e-24, 3.32245809629e-24, 1.66083323719e-24, 4.29564739607e-24, 2.69661056397e-24, 2.73893886799e-24, 2.14605586075e-24, 5.27066685315e-24, 3.59639044006e-24, 2.83818388076e-24, 4.28906750726e-24, 4.58487575279e-24, 5.43879993332e-24, 6.22263106141e-24, 6.06247928145e-24, 6.69239773047e-24, 5.15249509512e-24, 7.70562803208e-24, 6.11093664027e-24, 7.00653318698e-24, 8.01115228295e-24, 3.48574402064e-24, 4.32311158849e-24, 5.81919773372e-24, 5.79685403744e-24, 4.74563061692e-24, 6.04704876771e-24, 6.8582557358e-24, 5.28352094717e-24, 4.79482161639e-24, 6.49359097729e-24, 6.95295296544e-24, 7.5324162654e-24, 6.71916851415e-24, 5.92572866581e-24, 8.40946314235e-24, 7.32020479328e-24], "var": [1.79884937097e-05, 3.56338096026e-05, 2.28874159802e-05, 1.74659055574e-06, 7.79094122549e-08, 7.98781698563e-08, 1.12610983649e-07, 5.57773738308e-08, 2.17768025834e-08, 1.36519657801e-08, 4.94780749705e-08, 2.21201588602e-07, 3.97989952106e-09, 3.22280424569e-09, 3.63428576122e-08, 2.53360994407e-08, 1.39020519541e-08, 2.9944491331e-08, 1.19833121204e-09, 4.76592942888e-09, 7.79973419185e-10, 3.74010988846e-10, 8.83571549259e-10, 4.44328379645e-10, 2.89804680254e-10, 3.96689209259e-10, 2.48712106465e-10, 2.01069827455e-10, 1.52336199211e-10, 1.40765801793e-10, 1.11360205779e-10, 8.19286999354e-11, 1.34249569794e-10, 2.58210518939e-11, 2.23595742616e-11, 1.30845638144e-11, 1.18511797598e-11, 1.02718970482e-11, 1.04471015172e-11, 3.69324952565e-11]}, "mfcc": {"mean": [-746.289978027, 118.661849976, 19.7940349579, 14.1536226273, 11.1153726578, 10.4413433075, 3.72084712982, 0.935261309147, 2.11106872559, 0.543973565102, -0.501752972603, -4.64049863815, -3.22428822517], "cov": [[15662.5751953, -1217.24755859, 1429.47680664, 1089.18164062, 1051.27185059, 1239.12597656, 819.907043457, 662.798400879, 414.302215576, 67.1566696167, 144.05758667, -8.78593444824, -94.0874328613], [-1217.24755859, 2279.25390625, -217.311172485, -50.7134399414, 193.601547241, 173.251358032, 18.538061142, 18.6322250366, 3.04614114761, -37.6967964172, 39.9385719299, -30.4860229492, -54.6966781616], [1429.47680664, -217.311172485, 3088.51123047, 998.471923828, 672.170654297, 752.251953125, 445.298583984, 392.69519043, 455.135040283, -36.7834281921, 79.3343048096, -67.9956054688, -5.31855010986], [1089.18164062, -50.7134399414, 998.471923828, 801.356628418, 435.912322998, 378.138793945, 228.139556885, 197.309387207, 169.26864624, 6.68317127228, 27.1533432007, -8.59187316895, 5.10027694702], [1051.27185059, 193.601547241, 672.170654297, 435.912322998, 803.096923828, 580.626525879, 233.276107788, 122.918479919, 156.772659302, 63.6889457703, 51.6731796265, -19.6996021271, 0.161615341902], [1239.12597656, 173.251358032, 752.251953125, 378.138793945, 580.626525879, 758.942443848, 304.257720947, 160.71421814, 170.810180664, 36.1217803955, 87.916229248, -17.229133606, -41.1816978455], [819.907043457, 18.538061142, 445.298583984, 228.139556885, 233.276107788, 304.257720947, 333.826141357, 163.937347412, 81.5112915039, 48.2698326111, 52.206829071, -12.3470134735, -28.1054611206], [662.798400879, 18.6322250366, 392.69519043, 197.309387207, 122.918479919, 160.71421814, 163.937347412, 246.457809448, 136.846725464, -13.7202625275, 8.68381309509, -32.2445373535, -8.6409406662], [414.302215576, 3.04614114761, 455.135040283, 169.26864624, 156.772659302, 170.810180664, 81.5112915039, 136.846725464, 215.39793396, -4.07080221176, 7.80399274826, -20.1755199432, 4.66567707062], [67.1566696167, -37.6967964172, -36.7834281921, 6.68317127228, 63.6889457703, 36.1217803955, 48.2698326111, -13.7202625275, -4.07080221176, 137.072875977, 44.0694694519, 16.9916801453, 3.77955436707], [144.05758667, 39.9385719299, 79.3343048096, 27.1533432007, 51.6731796265, 87.916229248, 52.206829071, 8.68381309509, 7.80399274826, 44.0694694519, 144.336532593, 64.9488067627, 11.2163953781], [-8.78593444824, -30.4860229492, -67.9956054688, -8.59187316895, -19.6996021271, -17.229133606, -12.3470134735, -32.2445373535, -20.1755199432, 16.9916801453, 64.9488067627, 134.273468018, 34.3208847046], [-94.0874328613, -54.6966781616, -5.31855010986, 5.10027694702, 0.161615341902, -41.1816978455, -28.1054611206, -8.6409406662, 4.66567707062, 3.77955436707, 11.2163953781, 34.3208847046, 99.9262771606]], "icov": [[8.7380358309e-05, 6.22666921117e-05, 3.47096793121e-05, -4.72899155284e-05, -3.75739364245e-05, -8.01626811153e-05, -5.82041866437e-05, -0.000144027158967, -3.62165928891e-06, 4.08413543482e-05, -2.56380353676e-05, -3.2953943446e-05, 7.16381473467e-05], [6.22666921117e-05, 0.000530178833287, 0.000107828222099, 3.11370895361e-05, -0.000217045919271, -0.000112482513941, 2.71927146969e-05, -0.000184514341527, -2.4758771815e-06, 0.000318955339026, -0.000302831816953, 0.000127964682179, 0.000276762264548], [3.47096793121e-05, 0.000107828222099, 0.000752137042582, -0.000633395335171, 4.44955803687e-05, -0.000193168889382, -0.000366976251826, 0.000165393561474, -0.000948346976656, 0.00047380887554, -0.000381233548978, 0.000351071736077, -5.59599175176e-05], [-4.72899155284e-05, 3.11370895361e-05, -0.000633395335171, 0.00269068661146, -0.000933520670515, 0.000137607596116, -0.000128486804897, -0.000903138308786, 0.000431328051491, 1.7348327674e-05, 0.000501687871292, -0.000644460320473, -0.000110304623377], [-3.75739364245e-05, -0.000217045919271, 4.44955803687e-05, -0.000933520670515, 0.00348726706579, -0.00228654546663, 0.000131285836687, 0.00062371592503, -0.000445276557002, -0.00121450494044, 0.000629296933766, 0.00035105922143, -0.0010857648449], [-8.01626811153e-05, -0.000112482513941, -0.000193168889382, 0.000137607596116, -0.00228654546663, 0.00440511154011, -0.00197012745775, 0.000758812122513, -0.00104804895818, 0.000993546796963, -0.00144133926369, 0.00019742611039, 0.00128161057364], [-5.82041866437e-05, 2.71927146969e-05, -0.000366976251826, -0.000128486804897, 0.000131285836687, -0.00197012745775, 0.00744804786518, -0.00427307235077, 0.00228113145567, -0.00246532866731, -0.00037370523205, -0.000173447770067, 0.000948569038883], [-0.000144027158967, -0.000184514341527, 0.000165393561474, -0.000903138308786, 0.00062371592503, 0.000758812122513, -0.00427307235077, 0.010009390302, -0.00495012383908, 0.00194517057389, -0.000443674012786, 0.0015332584735, -0.000525566225406], [-3.62165928891e-06, -2.4758771815e-06, -0.000948346976656, 0.000431328051491, -0.000445276557002, -0.00104804895818, 0.00228113145567, -0.00495012383908, 0.00971156172454, -0.000958297459874, 0.0006118210149, -0.000162334399647, -0.00072503334377], [4.08413543482e-05, 0.000318955339026, 0.00047380887554, 1.7348327674e-05, -0.00121450494044, 0.000993546796963, -0.00246532866731, 0.00194517057389, -0.000958297459874, 0.0097066136077, -0.0029563002754, 0.000580468797125, -6.63254104438e-05], [-2.56380353676e-05, -0.000302831816953, -0.000381233548978, 0.000501687871292, 0.000629296933766, -0.00144133926369, -0.00037370523205, -0.000443674012786, 0.0006118210149, -0.0029563002754, 0.0112799191847, -0.00537557434291, -0.000310874369461], [-3.2953943446e-05, 0.000127964682179, 0.000351071736077, -0.000644460320473, 0.00035105922143, 0.00019742611039, -0.000173447770067, 0.0015332584735, -0.000162334399647, 0.000580468797125, -0.00537557434291, 0.0113204019144, -0.00304392166436], [7.16381473467e-05, 0.000276762264548, -5.59599175176e-05, -0.000110304623377, -0.0010857648449, 0.00128161057364, 0.000948569038883, -0.000525566225406, -0.00072503334377, -6.63254104438e-05, -0.000310874369461, -0.00304392166436, 0.0120969843119]]}, "spectral_contrast_coeffs": {"dmean": [0.0535705424845, 0.0515811778605, 0.0496151521802, 0.043497286737, 0.0269369632006, 0.0229811053723], "dmean2": [0.0834411531687, 0.0840031504631, 0.0770360603929, 0.0675147622824, 0.0419073402882, 0.0344672128558], "dvar": [0.00206514587626, 0.00185986340512, 0.00197550468147, 0.00195808033459, 0.000575952348299, 0.000510532816406], "dvar2": [0.00508111109957, 0.00480251573026, 0.0045880721882, 0.00435422500595, 0.00132884457707, 0.00112547224853], "max": [-0.343889594078, -0.479039132595, -0.356151103973, -0.461723595858, -0.615749299526, -0.601015686989], "mean": [-0.610409080982, -0.756989002228, -0.780684411526, -0.784985244274, -0.81125074625, -0.800275623798], "median": [-0.609109520912, -0.764107108116, -0.792702972889, -0.811110496521, -0.816027462482, -0.803857803345], "min": [-0.973284244537, -0.988168776035, -0.988429367542, -0.983710348606, -0.985329508781, -0.963978588581], "var": [0.0084150871262, 0.00503335660324, 0.00556997628883, 0.00772295938805, 0.00232333387248, 0.00200321781449]}, "spectral_contrast_valleys": {"dmean": [0.476686149836, 0.559249460697, 0.550775468349, 0.568911075592, 0.584370076656, 0.628901720047], "dmean2": [0.758299708366, 0.847162723541, 0.787837147713, 0.795705616474, 0.794261753559, 0.792508006096], "dvar": [0.21626983583, 0.297287493944, 0.271715015173, 0.33205729723, 0.395526170731, 0.526189029217], "dvar2": [0.460349261761, 0.63628834486, 0.529675006866, 0.648593246937, 0.831973135471, 1.00168013573], "max": [-5.06236457825, -4.396245