{"lowlevel": {"average_loudness": 0.946060717106, "barkbands_crest": {"dmean": 2.86064577103, "dmean2": 4.62631511688, "dvar": 7.25447893143, "dvar2": 18.2189826965, "max": 26.4441871643, "mean": 10.3316335678, "median": 9.54494667053, "min": 2.41284275055, "var": 18.0004940033}, "barkbands_flatness_db": {"dmean": 0.0260143782943, "dmean2": 0.0406485013664, "dvar": 0.00090159609681, "dvar2": 0.00201944424771, "max": 0.533566296101, "mean": 0.123924911022, "median": 0.104786373675, "min": 0.0179799031466, "var": 0.00595659622923}, "barkbands_kurtosis": {"dmean": 6.10319709778, "dmean2": 10.0374250412, "dvar": 1104.88684082, "dvar2": 2866.66748047, "max": 1125.06311035, "mean": 7.49343156815, "median": 0.718769311905, "min": -1.88823640347, "var": 1315.08007812}, "barkbands_skewness": {"dmean": 0.772917807102, "dmean2": 1.21025395393, "dvar": 1.33638179302, "dvar2": 3.18016552925, "max": 28.5162410736, "mean": 1.5909049511, "median": 1.21507358551, "min": -2.88943958282, "var": 3.38785195351}, "barkbands_spread": {"dmean": 10.7383575439, "dmean2": 16.072063446, "dvar": 150.318496704, "dvar2": 334.961669922, "max": 127.947746277, "mean": 33.2186775208, "median": 29.8990116119, "min": 0.119725719094, "var": 399.529541016}, "dissonance": {"dmean": 0.0157261211425, "dmean2": 0.0264847166836, "dvar": 0.000319068436511, "dvar2": 0.000876936886925, "max": 0.499999910593, "mean": 0.466697216034, "median": 0.475670397282, "min": 0.240456268191, "var": 0.00109689682722}, "dynamic_complexity": 3.64825344086, "erbbands_crest": {"dmean": 3.25012326241, "dmean2": 4.96282291412, "dvar": 10.8883199692, "dvar2": 22.615858078, "max": 32.3968696594, "mean": 10.6915922165, "median": 8.69152069092, "min": 1.95397293568, "var": 41.6286773682}, "erbbands_flatness_db": {"dmean": 0.02185937576, "dmean2": 0.0304295197129, "dvar": 0.000493242929224, "dvar2": 0.00093584775459, "max": 0.458812683821, "mean": 0.133136570454, "median": 0.117204859853, "min": 0.0231897868216, "var": 0.00446142349392}, "erbbands_kurtosis": {"dmean": 1.25039732456, "dmean2": 1.85793435574, "dvar": 4.69578409195, "dvar2": 10.0951833725, "max": 90.6995620728, "mean": 1.15876495838, "median": -0.240037918091, "min": -1.67714631557, "var": 34.7128677368}, "erbbands_skewness": {"dmean": 0.387541770935, "dmean2": 0.590284824371, "dvar": 0.162431553006, "dvar2": 0.379367947578, "max": 7.37644529343, "mean": 0.172870025039, "median": 0.0978232771158, "min": -4.61099529266, "var": 0.85829859972}, "erbbands_spread": {"dmean": 12.9176473618, "dmean2": 19.167011261, "dvar": 174.206359863, "dvar2": 387.121429443, "max": 186.008148193, "mean": 46.1685523987, "median": 44.1938552856, "min": 1.54893147945, "var": 541.561401367}, "hfc": {"dmean": 28.1075267792, "dmean2": 41.2838439941, "dvar": 3311.65527344, "dvar2": 7776.33544922, "max": 559.855224609, "mean": 37.6948242188, "median": 17.4736652374, "min": 1.16601907009e-16, "var": 3777.93701172}, "melbands_crest": {"dmean": 3.46875572205, "dmean2": 5.61311149597, "dvar": 9.66631889343, "dvar2": 23.5545101166, "max": 36.3404350281, "mean": 14.5184078217, "median": 13.761223793, "min": 2.11408638954, "var": 27.6829395294}, "melbands_flatness_db": {"dmean": 0.0341479517519, "dmean2": 0.0536424480379, "dvar": 0.0015883174492, "dvar2": 0.00355999171734, "max": 0.661752939224, "mean": 0.200981006026, "median": 0.18449549377, "min": 0.00495833205059, "var": 0.00881082378328}, "melbands_kurtosis": {"dmean": 13.7242145538, "dmean2": 23.1263122559, "dvar": 1155.4654541, "dvar2": 3019.50415039, "max": 805.433105469, "mean": 18.8341388702, "median": 7.593334198, "min": -1.8290412426, "var": 1666.95727539}, "melbands_skewness": {"dmean": 1.14045882225, "dmean2": 1.78027153015, "dvar": 2.21904659271, "dvar2": 5.49792003632, "max": 18.9986934662, "mean": 2.92330574989, "median": 2.49665784836, "min": -2.23722505569, "var": 4.79070997238}, "melbands_spread": {"dmean": 10.1782121658, "dmean2": 16.1801261902, "dvar": 143.872512817, "dvar2": 352.453491211, "max": 190.887969971, "mean": 28.7524433136, "median": 26.074590683, "min": 0.171085715294, "var": 389.776092529}, "pitch_salience": {"dmean": 0.0818059295416, "dmean2": 0.133998349309, "dvar": 0.00604044133797, "dvar2": 0.0150824580342, "max": 0.890983521938, "mean": 0.516861081123, "median": 0.515274763107, "min": 0.0640380978584, "var": 0.0158347915858}, "silence_rate_20dB": {"dmean": 0, "dmean2": 0, "dvar": 0, "dvar2": 0, "max": 1, "mean": 1, "median": 1, "min": 1, "var": 0}, "silence_rate_30dB": {"dmean": 0.0572390556335, "dmean2": 0.114495635033, "dvar": 0.0539600513875, "dvar2": 0.132925882936, "max": 1, "mean": 0.958530962467, "median": 1, "min": 0, "var": 0.0397497788072}, "silence_rate_60dB": {"dmean": 0.0382614023983, "dmean2": 0.0765345171094, "dvar": 0.0367983579636, "dvar2": 0.0783318430185, "max": 1, "mean": 0.108492732048, "median": 0, "min": 0, "var": 0.0967297405005}, "spectral_centroid": {"dmean": 330.411590576, "dmean2": 524.193786621, "dvar": 140490.203125, "dvar2": 318278.6875, "max": 11460.3076172, "mean": 1549.19812012, "median": 1562.21008301, "min": 102.128303528, "var": 436318.875}, "spectral_complexity": {"dmean": 5.65503501892, "dmean2": 7.8307056427, "dvar": 60.3072166443, "dvar2": 114.800857544, "max": 69, "mean": 17.2356548309, "median": 14, "min": 0, "var": 141.984329224}, "spectral_decrease": {"dmean": 5.42929479153e-09, "dmean2": 9.26659815548e-09, "dvar": 1.17613489342e-16, "dvar2": 3.24465578976e-16, "max": 5.5894527895e-10, "mean": -7.32433846906e-09, "median": -4.79147699295e-09, "min": -9.5843951442e-08, "var": 9.45545790696e-17}, "spectral_energy": {"dmean": 0.022674029693, "dmean2": 0.037973832339, "dvar": 0.00186448637396, "dvar2": 0.00508961733431, "max": 0.365740805864, "mean": 0.0310628339648, "median": 0.0203035976738, "min": 1.05651554881e-20, "var": 0.00157296354882}, "spectral_energyband_high": {"dmean": 0.00233478820883, "dmean2": 0.00346041284502, "dvar": 2.63688652922e-05, "dvar2": 6.21230283286e-05, "max": 0.0485458187759, "mean": 0.00266142259352, "median": 0.0007542296662, "min": 7.87576917346e-21, "var": 2.88791034109e-05}, "spectral_energyband_low": {"dmean": 0.0150948576629, "dmean2": 0.0268902331591, "dvar": 0.00144320959225, "dvar2": 0.00402906397358, "max": 0.346834152937, "mean": 0.0147641403601, "median": 0.00465075625107, "min": 1.21188748676e-23, "var": 0.000995097449049}, "spectral_energyband_middle_high": {"dmean": 0.00270417472348, "dmean2": 0.00397061742842, "dvar": 1.78179943759e-05, "dvar2": 4.2218282033e-05, "max": 0.059434723109, "mean": 0.00544423097745, "median": 0.0036000746768, "min": 1.52390115041e-21, "var": 3.4033528209e-05}, "spectral_energyband_middle_low": {"dmean": 0.00572826201096, "dmean2": 0.00915243756026, "dvar": 0.000153209650307, "dvar2": 0.000401217170293, "max": 0.134885653853, "mean": 0.00911358930171, "median": 0.00590709596872, "min": 2.58801357362e-22, "var": 0.000146229052916}, "spectral_entropy": {"dmean": 0.202086880803, "dmean2": 0.287548989058, "dvar": 0.0532770715654, "dvar2": 0.104294076562, "max": 9.80027484894, "mean": 7.66549348831, "median": 7.80843496323, "min": 4.14693880081, "var": 0.459959328175}, "spectral_flux": {"dmean": 0.0470028445125, "dmean2": 0.071863129735, "dvar": 0.00473124114797, "dvar2": 0.00913486257195, "max": 0.578692138195, "mean": 0.0947237983346, "median": 0.0641746297479, "min": 6.66075875011e-11, "var": 0.00749242305756}, "spectral_kurtosis": {"dmean": 1.41452419758, "dmean2": 2.19577431679, "dvar": 7.25200223923, "dvar2": 19.8988609314, "max": 160.202026367, "mean": 5.3578543663, "median": 3.33039093018, "min": -1.2540563345, "var": 151.426879883}, "spectral_rms": {"dmean": 0.00157174968626, "dmean2": 0.00241457717493, "dvar": 5.22553955307e-06, "dvar2": 1.3349582332e-05, "max": 0.0188896879554, "mean": 0.00472864881158, "median": 0.00445066159591, "min": 3.21052472801e-12, "var": 7.94502557255e-06}, "spectral_rolloff": {"dmean": 1296.95056152, "dmean2": 2126.05004883, "dvar": 4712880.5, "dvar2": 10088813, "max": 19745.9472656, "mean": 2522.20556641, "median": 1571.92382812, "min": 64.599609375, "var": 8413539}, "spectral_skewness": {"dmean": 0.203963384032, "dmean2": 0.319262951612, "dvar": 0.0562788285315, "dvar2": 0.142314881086, "max": 10.8214626312, "mean": 1.62641835213, "median": 1.4699037075, "min": -0.214113906026, "var": 0.919274389744}, "spectral_spread": {"dmean": 1074277.75, "dmean2": 1393350.375, "dvar": 1869028130820.0, "dvar2": 3382254239740.0, "max": 51442988, "mean": 6222807, "median": 5980157, "min": 611742.25, "var": 5875910049790.0}, "spectral_strongpeak": {"dmean": 0.728580713272, "dmean2": 1.25321733952, "dvar": 2.27764678001, "dvar2": 5.68713903427, "max": 30.9660511017, "mean": 1.06475317478, "median": 0.458024412394, "min": 0, "var": 3.01561117172}, "zerocrossingrate": {"dmean": 0.0226837806404, "dmean2": 0.0246568210423, "dvar": 0.000647859880701, "dvar2": 0.000775400083512, "max": 0.5107421875, "mean": 0.0957315936685, "median": 0.08154296875, "min": 0.00146484375, "var": 0.00364125077613}, "barkbands": {"dmean": [0.000168304119143, 0.0102357035503, 0.00488123856485, 0.00161597924307, 0.00369927589782, 0.000811443314888, 0.000108813503175, 9.32800176088e-05, 0.000319329090416, 0.000402931123972, 0.000436843518401, 0.000322249019518, 0.000810775381979, 0.000443075638032, 0.000444095843704, 0.000268367613899, 0.000234753199038, 0.000143822617247, 0.000177002657438, 0.00027903780574, 0.000229915938689, 0.000260425935267, 0.000381641613785, 0.000197250759811, 0.000371438305592, 0.000743700831663, 0.00019862143381], "dmean2": [0.000281590066152, 0.0182565227151, 0.00883771385998, 0.00273480359465, 0.00617064861581, 0.001297485549, 0.000176424291567, 0.000140247750096, 0.000488368386868, 0.000625273096375, 0.00061701546656, 0.000477697554743, 0.00119327264838, 0.000646046595648, 0.00071277085226, 0.000443879456725, 0.000396357703721, 0.000241733301664, 0.000280679349089, 0.000429076811997, 0.000376957061235, 0.000427753810072, 0.000577068713028, 0.000313796190312, 0.00058479065774, 0.00110175833106, 0.000323207816109], "dvar": [1.13073078012e-07, 0.000688624568284, 0.000150478605065, 1.10485507321e-05, 8.07592950878e-05, 2.63979472948e-06, 5.70559244295e-08, 5.13964799609e-08, 4.39326043988e-07, 8.03176362751e-07, 1.02976855487e-06, 5.9499359395e-07, 5.46606634089e-06, 1.21365371797e-06, 2.19488060793e-06, 7.20504488072e-07, 3.62750398608e-07, 1.15743652884e-07, 1.3804019261e-07, 3.00904076767e-07, 3.70782686332e-07, 7.05456272954e-07, 1.3539200836e-06, 1.87315507105e-07, 7.72110979597e-07, 3.89930892197e-06, 3.57253725269e-07], "dvar2": [2.96752091344e-07, 0.00192271301057, 0.000426141516073, 2.8964739613e-05, 0.000215880383621, 7.02414627085e-06, 1.55711163075e-07, 1.12074204139e-07, 8.90306864676e-07, 1.85927422081e-06, 1.85495036931e-06, 1.15977877613e-06, 1.32817658596e-05, 2.34566709878e-06, 5.77940363655e-06, 1.97408189706e-06, 1.1390391137e-06, 3.10804580295e-07, 3.02823082166e-07, 7.11529253294e-07, 1.01129444374e-06, 1.90357104657e-06, 3.18807133226e-06, 4.63345003254e-07, 1.92536867871e-06, 9.12220912141e-06, 9.11133327008e-07], "max": [0.00329311029054, 0.242762058973, 0.123588696122, 0.0531612336636, 0.101956404746, 0.0327838398516, 0.00390600296669, 0.00564143899828, 0.0104392999783, 0.0198298729956, 0.0220448020846, 0.0240033920854, 0.0362492911518, 0.0171862188727, 0.0340925939381, 0.022413874045, 0.0129000917077, 0.00491945818067, 0.00914352107793, 0.00814946275204, 0.0191642940044, 0.015220977366, 0.0224234834313, 0.00441293790936, 0.0113048404455, 0.0201321374625, 0.0114722363651], "mean": [0.000206729819183, 0.00918784365058, 0.00472096027806, 0.00160992122255, 0.0046631032601, 0.00152762397192, 0.000207725912333, 0.000202748356969, 0.000490846752655, 0.000602742249612, 0.000641249294858, 0.000462141790194, 0.00115243380424, 0.000769794569351, 0.000606106885243, 0.000366640480934, 0.000387456995668, 0.000163586315466, 0.00025921384804, 0.000412614899687, 0.000288174371235, 0.000246123119723, 0.000419838033849, 0.000209294899832, 0.000380041252356, 0.000711706117727, 0.000166111727594], "median": [7.61150513426e-05, 0.00186124548782, 0.000845340546221, 0.000408048159443, 0.00204574875534, 0.000925922533497, 0.000104968348751, 9.52460686676e-05, 0.00020141027926, 0.000259068154264, 0.000161664152984, 0.000137682945933, 0.000121486460557, 0.000141862168675, 0.000100340650533, 8.55474718264e-05, 0.000117603689432, 5.99084305577e-05, 0.000137068083859, 0.000150943727931, 0.000120981356304, 5.39105240023e-05, 7.3156086728e-05, 3.92707515857e-05, 6.10043716733e-05, 7.71653503762e-05, 2.43703452725e-05], "min": [1.86460705306e-24, 4.01488312243e-24, 5.92746692081e-24, 1.11441177068e-24, 2.86406711703e-23, 3.72585411086e-23, 1.35211327135e-23, 4.9983558552e-23, 2.15542137519e-23, 5.68606712189e-23, 2.9524820162e-23, 4.69353337499e-23, 4.65571285884e-23, 1.0482827995e-22, 1.22215291794e-22, 1.06071676198e-22, 1.90310661279e-22, 2.13156300286e-22, 2.23534352407e-22, 2.79255725463e-22, 3.43404909777e-22, 4.52288565869e-22, 5.86900396581e-22, 7.64062702945e-22, 1.26829688852e-21, 1.53254151235e-21, 2.28189283031e-21], "var": [1.22450714457e-07, 0.000471224891953, 0.000102779784356, 9.92999139271e-06, 6.78202413837e-05, 3.60553622158e-06, 8.14910166014e-08, 1.47783055127e-07, 8.39031599753e-07, 1.19442324831e-06, 2.13254770642e-06, 1.13689145564e-06, 9.89448744804e-06, 3.21925813296e-06, 3.39563052876e-06, 9.64755940913e-07, 1.02300907656e-06, 9.42779436741e-08, 1.85165561106e-07, 4.95523920563e-07, 3.06649525328e-07, 5.3336111705e-07, 1.50453490733e-06, 1.87099729487e-07, 7.58191845307e-07, 3.98699057769e-06, 2.79430025785e-07]}, "erbbands": {"dmean": [0.240363866091, 2.49166846275, 6.07370662689, 4.78387260437, 11.6670751572, 10.7204761505, 9.84110069275, 6.74314880371, 2.31214928627, 1.47978925705, 2.31141448021, 8.31258392334, 14.1706008911, 6.60882663727, 21.8670558929, 15.9706573486, 37.777469635, 26.5385437012, 21.5590877533, 19.4986419678, 12.8225240707, 10.4040288925, 8.28371810913, 8.82847976685, 8.93795967102, 14.5007619858, 10.7470026016, 8.4604511261, 7.75532436371, 12.7924890518, 9.83406829834, 5.06410169601, 3.18695569038, 3.71092104912, 3.3438911438, 4.83329725266, 0.815607845783, 0.192560985684, 0.0300917737186, 0.00214548432268], "dmean2": [0.409258574247, 4.53441143036, 11.0903873444, 8.32380962372, 19.768825531, 17.9223709106, 15.9540042877, 10.6360187531, 3.6584444046, 2.29886221886, 3.50227355957, 12.5646944046, 21.5913181305, 10.6008787155, 30.7662277222, 22.8032398224, 54.9830093384, 38.3384437561, 33.5921516418, 32.2234725952, 21.3615760803, 17.3504333496, 13.9011087418, 14.564368248, 13.9410161972, 21.9677696228, 17.2117061615, 13.9252033234, 12.4192810059, 19.8778476715, 15.4667339325, 7.78229475021, 5.15705251694, 5.83078479767, 5.21283102036, 7.24851608276, 1.22701597214, 0.306609302759, 0.0485516116023, 0.00347924092785], "dvar": [0.315915554762, 43.6328926086, 242.28213501, 110.528205872, 949.453613281, 650.715515137, 386.865692139, 176.670700073, 25.5845069885, 8.09211444855, 35.485118866, 323.610656738, 1046.26074219, 165.475570679, 2765.59326172, 1395.42089844, 12002.7988281, 3486.94458008, 6189.40869141, 3641.47314453, 1155.71728516, 501.625488281, 367.604949951, 276.81829834, 466.620941162, 772.862854004, 705.700500488, 516.889587402, 449.682159424, 3124.67749023, 612.901184082, 128.659881592, 54.0088996887, 82.6991348267, 63.4859733582, 187.372299194, 4.20511674881, 0.283163130283, 0.00805765669793, 4.08211089962e-05], "dvar2": [0.847597777843, 123.138748169, 688.358154297, 307.917572021, 2497.53491211, 1790.53967285, 1042.16650391, 457.082672119, 69.2398605347, 20.3401641846, 77.9780654907, 648.195678711, 2337.23535156, 437.48626709, 5008.66357422, 2598.04736328, 29039.9414062, 6903.34130859, 15800.78125, 10672.5175781, 3273.81152344, 1468.02966309, 1015.42803955, 703.090698242, 982.352844238, 1709.01867676, 1864.04931641, 1432.4440918, 1190.94494629, 7444.72851562, 1534.3404541, 311.921600342, 138.39125061, 205.110107422, 157.770935059, 434.333007812, 10.2009458542, 0.723142504692, 0.0205798279494, 0.000102524798422], "max": [4.97705984116, 64.0102233887, 154.08354187, 141.232040405, 288.466583252, 335.069488525, 256.169555664, 273.291778564, 92.0418701172, 61.8105049133, 159.656188965, 297.444061279, 778.483703613, 164.114837646, 1141.34228516, 1231.7512207, 1859.39331055, 915.665527344, 1973.40722656, 1479.83312988, 835.942565918, 427.985748291, 395.064544678, 151.915023804, 608.1484375, 414.754119873, 814.528991699, 330.309020996, 280.561645508, 1202.68383789, 249.70916748, 117.231109619, 72.1177825928, 124.817596436, 90.1462478638, 146.41545105, 26.7436523438, 9.56534481049, 1.75571537018, 0.122469678521], "mean": [0.223320022225, 2.19256448746, 5.82311344147, 4.97129392624, 10.9936742783, 14.5329694748, 16.0676441193, 13.248966217, 4.82835102081, 3.10012435913, 4.91391134262, 13.5455360413, 21.6817836761, 9.91526794434, 32.892539978, 25.3406257629, 55.6068572998, 47.4806900024, 33.2704315186, 26.2650222778, 19.7178955078, 16.4199924469, 10.8808317184, 11.1590423584, 13.4754371643, 22.6526679993, 14.3540430069, 9.69690322876, 7.90250110626, 13.2446489334, 10.4458827972, 5.72844839096, 3.16180920601, 3.85752606392, 3.36658358574, 4.48833227158, 0.800884783268, 0.172093331814, 0.0255944021046, 0.00180984137114], "median": [0.0539262294769, 0.370924472809, 1.15317463875, 1.67557656765, 3.09977531433, 6.61983013153, 9.55948352814, 7.81456279755, 2.70967292786, 1.89980340004, 2.32510972023, 6.03967285156, 9.07290267944, 4.8354139328, 8.00227546692, 7.40913677216, 7.97216510773, 11.657907486, 7.85062170029, 5.39456987381, 6.23830509186, 5.90057420731, 4.30918836594, 5.20755052567, 7.19645166397, 7.60187625885, 6.29690742493, 3.53594899178, 2.11763739586, 2.2106153965, 1.90014791489, 1.03217184544, 0.560881733894, 0.621121227741, 0.487791121006, 0.348212242126, 0.120427645743, 0.0300519745797, 0.00397298065946, 0.000256626401097], "min": [1.33505696262e-22, 1.07041705006e-21, 5.75683496279e-21, 5.83994561172e-21, 3.82360005314e-20, 8.02056164669e-20, 2.55232394117e-19, 2.25688811359e-19, 2.12693946107e-19, 5.73832768516e-19, 6.71314556139e-19, 5.06604905002e-19, 1.56065189806e-18, 1.15247052581e-18, 1.49138720569e-18, 2.24540679499e-18, 2.17673384694e-18, 4.11030471794e-18, 5.35062275538e-18, 6.21530525537e-18, 6.916217161e-18, 1.10813622992e-17, 1.33042273885e-17, 1.15392754242e-17, 9.2094732525e-18, 1.47370729543e-17, 1.59663344821e-17, 1.18480131432e-17, 1.40678325535e-17, 1.66594986005e-17, 1.64634468692e-17, 1.27250305605e-17, 1.56796750408e-17, 1.28339388143e-17, 8.78780387318e-18, 5.60955344817e-18, 2.29215697526e-18, 1.07713391415e-18, 2.9606598411e-19, 2.7599663082e-20], "var": [0.251297533512, 28.4648456573, 162.024230957, 83.0508880615, 754.805786133, 563.17791748, 430.276000977, 310.91885376, 36.9095535278, 16.5549716949, 102.929908752, 626.107666016, 1629.21435547, 195.224960327, 5648.26318359, 3027.78979492, 21813.3496094, 9355.62402344, 9539.21191406, 5577.42675781, 1815.29187012, 1193.41296387, 423.843353271, 282.169311523, 648.524230957, 1605.2722168, 669.778564453, 402.338623047, 371.049224854, 3262.52636719, 616.472961426, 142.477355957, 48.8750915527, 86.6464385986, 61.9152259827, 187.437759399, 4.13539648056, 0.230171591043, 0.00632309634238, 3.28578025801e-05]}, "gfcc": {"mean": [-1.11131298542, 57.1019172668, -90.1072692871, 22.1155738831, -39.7188072205, 8.64546394348, -31.7632865906, -3.25364089012, -33.7156677246, 3.92550063133, -18.7338619232, 2.5084965229, -5.03047513962], "cov": [[17904.0996094, -2930.60522461, 899.190795898, 141.166717529, 254.008773804, 1404.34191895, -43.7101745605, 617.320251465, -323.236450195, 335.785186768, -170.569290161, 237.863632202, -623.422363281], [-2930.60522461, 2151.64208984, -547.419616699, 145.168045044, 18.0024089813, -524.454284668, 244.625244141, -161.666152954, 137.092086792, -32.7169265747, 153.61378479, -139.386505127, 234.881484985], [899.190795898, -547.419616699, 1455.97277832, -69.7760772705, 352.435302734, 295.154144287, -38.4928359985, 219.072479248, 42.1926689148, 128.96131897, 12.0900964737, 82.8086929321, -78.5407485962], [141.166717529, 145.168045044, -69.7760772705, 465.957305908, 83.0479888916, 99.5091934204, 115.179740906, 75.6170043945, 74.3221054077, -51.4341659546, 39.3788108826, 21.6553936005, 12.5818414688], [254.008773804, 18.0024089813, 352.435302734, 83.0479888916, 358.721221924, 197.523971558, 95.5592269897, 87.4985427856, 98.5465087891, 85.3766708374, 25.1746845245, 15.8297595978, -8.71441078186], [1404.34191895, -524.454284668, 295.154144287, 99.5091934204, 197.523971558, 574.079589844, 52.334815979, 126.282562256, 27.1104698181, 62.9938201904, -4.68298864365, 55.0357589722, -114.843566895], [-43.7101745605, 244.625244141, -38.4928359985, 115.179740906, 95.5592269897, 52.334815979, 242.056137085, 73.1340713501, 24.4507808685, 21.746881485, 88.3801651001, -15.2793054581, 26.4751415253], [617.320251465, -161.666152954, 219.072479248, 75.6170043945, 87.4985427856, 126.282562256, 73.1340713501, 199.213562012, 33.6331672668, 31.4641017914, 25.516078949, 45.6757125854, -28.0369720459], [-323.236450195, 137.092086792, 42.1926689148, 74.3221054077, 98.5465087891, 27.1104698181, 24.4507808685, 33.6331672668, 169.792449951, 19.9785518646, -11.3970584869, 16.1629390717, 31.8724308014], [335.785186768, -32.7169265747, 128.96131897, -51.4341659546, 85.3766708374, 62.9938201904, 21.746881485, 31.4641017914, 19.9785518646, 151.709732056, 40.8775291443, -26.3458862305, -10.3739995956], [-170.569290161, 153.61378479, 12.0900964737, 39.3788108826, 25.1746845245, -4.68298864365, 88.3801651001, 25.516078949, -11.3970584869, 40.8775291443, 126.353668213, 7.00770425797, 9.07625198364], [237.863632202, -139.386505127, 82.8086929321, 21.6553936005, 15.8297595978, 55.0357589722, -15.2793054581, 45.6757125854, 16.1629390717, -26.3458862305, 7.00770425797, 127.857521057, 2.84017133713], [-623.422363281, 234.881484985, -78.5407485962, 12.5818414688, -8.71441078186, -114.843566895, 26.4751415253, -28.0369720459, 31.8724308014, -10.3739995956, 9.07625198364, 2.84017133713, 116.122283936]], "icov": [[9.72103371168e-05, 4.21094700869e-05, 2.50676239375e-05, -8.41886430862e-05, 2.08895362448e-05, -6.85394770699e-05, -7.38193484722e-05, -0.000150800435222, 0.000247831136221, -0.00032466716948, 0.000298162980471, -0.000185324563063, 0.000261195586063], [4.21094700869e-05, 0.00110746256541, 0.000168254206073, -0.00011446577264, -0.00043648146675, 0.000727802631445, -0.000664237304591, 0.000539063999895, -0.00073619565228, 0.000334066338837, -0.00097043759888, 0.000737278081942, -0.000629442511126], [2.50676239375e-05, 0.000168254206073, 0.00128562434111, 0.000324373075273, -0.00136987678707, 1.61686421052e-05, 0.000925092899706, -0.00119785522111, 0.000331265793648, -5.2041024901e-05, -0.000474462576676, -7.59518006817e-05, -1.49192146637e-05], [-8.41886430862e-05, -0.00011446577264, 0.000324373075273, 0.00327372807078, -0.000554222031496, -0.000595992372837, -0.000225892013987, -0.000914940261282, -0.0013108557323, 0.00243560154922, -0.00150281586684, 0.000652844842989, -0.00047731254017], [2.08895362448e-05, -0.00043648146675, -0.00136987678707, -0.000554222031496, 0.006440193858, -0.00140146585181, -0.00218281662092, 0.000827370327897, -0.00199592625722, -0.0022882851772, 0.00146820070222, -0.000587492249906, 0.00016625635908], [-6.85394770699e-05, 0.000727802631445, 1.61686421052e-05, -0.000595992372837, -0.00140146585181, 0.00384156801738, -0.00120382814202, 0.00026515769423, -0.000376222684281, -0.000672067399137, 0.000484165298985, -0.000875686004292, 0.0022947890684], [-7.38193484722e-05, -0.000664237304591, 0.000925092899706, -0.000225892013987, -0.00218281662092, -0.00120382814202, 0.00941495969892, -0.00370425009169, 0.000721296528354, 0.00194307439961, -0.00529524264857, 0.00274357479066, -0.00247548916377], [-0.000150800435222, 0.000539063999895, -0.00119785522111, -0.000914940261282, 0.000827370327897, 0.00026515769423, -0.00370425009169, 0.00955990981311, -0.00179854093585, -0.00100789521821, 0.000243693313678, -0.00229813135229, 0.00130680424627], [0.000247831136221, -0.00073619565228, 0.000331265793648, -0.0013108557323, -0.00199592625722, -0.000376222684281, 0.000721296528354, -0.00179854093585, 0.00989793613553, -0.00265311729163, 0.00379783264361, -0.00209929491393, -0.00113407662138], [-0.00032466716948, 0.000334066338837, -5.2041024901e-05, 0.00243560154922, -0.0022882851772, -0.000672067399137, 0.00194307439961, -0.00100789521821, -0.00265311729163, 0.0126881888136, -0.0068096104078, 0.00512113980949, -0.00197187182494], [0.000298162980471, -0.00097043759888, -0.000474462576676, -0.00150281586684, 0.00146820070222, 0.000484165298985, -0.00529524264857, 0.000243693313678, 0.00379783264361, -0.0068096104078, 0.0160340480506, -0.00497797084972, 0.00247846939601], [-0.000185324563063, 0.000737278081942, -7.59518006817e-05, 0.000652844842989, -0.000587492249906, -0.000875686004292, 0.00274357479066, -0.00229813135229, -0.00209929491393, 0.00512113980949, -0.00497797084972, 0.0121797267348, -0.00357397668995], [0.000261195586063, -0.000629442511126, -1.49192146637e-05, -0.00047731254017, 0.00016625635908, 0.0022947890684, -0.00247548916377, 0.00130680424627, -0.00113407662138, -0.00197187182494, 0.00247846939601, -0.00357397668995, 0.0145194064826]]}, "melbands": {"dmean": [0.00252106436528, 0.00326421926729, 0.00106203695759, 0.000810182769783, 0.000387247302569, 0.000145031968714, 3.14669377985e-05, 1.63062213687e-05, 2.13068542507e-05, 5.5110482208e-05, 7.02742108842e-05, 2.57094034168e-05, 6.04144479439e-05, 5.06346623297e-05, 5.65492482565e-05, 8.03391230875e-05, 5.1191294915e-05, 3.27949273924e-05, 2.8456457585e-05, 2.67708983301e-05, 1.41784757943e-05, 1.23155487017e-05, 9.71756253421e-06, 6.43163002678e-06, 7.64257219998e-06, 6.25005714028e-06, 7.25401241652e-06, 1.0227428902e-05, 7.27651013221e-06, 6.17490195509e-06, 4.49442268291e-06, 3.94631979361e-06, 6.74585817251e-06, 6.89124181008e-06, 5.57337216378e-06, 5.01913018525e-06, 2.62907201432e-06, 2.04467937692e-06, 2.44877378464e-06, 3.49633523911e-06], "dmean2": [0.00442272378132, 0.0059528616257, 0.00181263661943, 0.00137779128272, 0.000620720151346, 0.000228771299589, 4.99709203723e-05, 2.52607660514e-05, 3.31003648171e-05, 8.29662385513e-05, 0.000107283463876, 4.23848141509e-05, 8.5421714175e-05, 7.16560389264e-05, 8.27567782835e-05, 0.000118023344839, 7.42290430935e-05, 5.0869275583e-05, 4.60556948383e-05, 4.44805373263e-05, 2.39775945374e-05, 2.05880878639e-05, 1.64719331224e-05, 1.08353860924e-05, 1.27096500364e-05, 9.86367194855e-06, 1.12970164992e-05, 1.55405286932e-05, 1.17325635074e-05, 1.03230095192e-05, 7.45070838093e-06, 6.36237564322e-06, 1.10392402348e-05, 1.06040943137e-05, 8.95558605407e-06, 7.62809622756e-06, 4.16422517446e-06, 3.33294769916e-06, 4.03725744036e-06, 5.42796851732e-06], "dvar": [3.93448754039e-05, 7.26631260477e-05, 4.56891530121e-06, 4.79930577058e-06, 5.88711657201e-07, 8.27985857654e-08, 4.84458340111e-09, 9.65552415799e-10, 2.5186297492e-09, 1.45230405479e-08, 2.62972328358e-08, 2.90679524895e-09, 1.93731377607e-08, 1.05864437216e-08, 2.83292962422e-08, 5.69413778351e-08, 1.67068652246e-08, 1.3313339764e-08, 6.09726402701e-09, 7.35090477377e-09, 1.33115518608e-09, 8.13176581627e-10, 7.86528675523e-10, 2.27662805274e-10, 1.98773664195e-10, 1.69063416045e-10, 2.34790437093e-10, 4.31508773158e-10, 3.05204750362e-10, 3.63906127454e-10, 1.59587842941e-10, 1.01734023983e-10, 8.11646472254e-10, 1.13180487205e-09, 2.09144132568e-10, 1.61393065579e-10, 3.60984193926e-11, 2.27238349665e-11, 3.41861434994e-11, 8.0769280153e-11], "dvar2": [0.000108654625365, 0.00020609969215, 1.22264300444e-05, 1.30503995024e-05, 1.5586116433e-06, 2.15559637695e-07, 1.31821185079e-08, 2.38177011447e-09, 5.77376413347e-09, 2.85518026999e-08, 5.89615325453e-08, 7.84448506153e-09, 3.54698705962e-08, 2.02942374017e-08, 6.93389239359e-08, 1.37691273494e-07, 3.19768069801e-08, 3.39542758354e-08, 1.63172515499e-08, 2.08187120876e-08, 3.987968622e-09, 2.40860287271e-09, 2.36749220228e-09, 6.05952843458e-10, 5.07497821545e-10, 3.70994457377e-10, 5.21192033975e-10, 9.68202296114e-10, 7.76669284441e-10, 9.92417592549e-10, 4.46162495837e-10, 2.69680666687e-10, 2.18310569622e-09, 2.65743715921e-09, 5.16919285154e-10, 4.01849137299e-10, 8.88395884635e-11, 5.85664017283e-11, 8.94879934044e-11, 1.96199764768e-10], "max": [0.0525034479797, 0.0821693465114, 0.0228891801089, 0.0245932564139, 0.00995544344187, 0.00599821889773, 0.00122355937492, 0.000737712543923, 0.00125696172472, 0.00203165994026, 0.00390867842361, 0.000661785365082, 0.00301244109869, 0.00249007553793, 0.00320515502244, 0.00453400425613, 0.00206684344448, 0.00294990791008, 0.00155130866915, 0.00185360596515, 0.000726170430426, 0.00067138869781, 0.000821657828055, 0.000209351492231, 0.000127295803395, 0.00032020083745, 0.000324252468999, 0.000327411893522, 0.000369517423678, 0.000851494492963, 0.000184917065781, 0.000150732259499, 0.00060631026281, 0.000763664080296, 0.000225458396017, 0.000132353874505, 6.82585596223e-05, 5.07531985932e-05, 6.04602464591e-05, 0.000143710582051], "mean": [0.00228008511476, 0.00308626866899, 0.00109338585753, 0.000904586457182, 0.000645427731797, 0.000285833928501, 6.37060438748e-05, 3.40273836628e-05, 4.18751988036e-05, 8.70385338203e-05, 0.000106272316771, 3.43550709658e-05, 8.96317797014e-05, 7.48222882976e-05, 8.38957566884e-05, 0.000111954141175, 9.09200243768e-05, 5.02196489833e-05, 3.69484259863e-05, 3.63023646059e-05, 2.19280318561e-05, 1.91686849575e-05, 1.37405113492e-05, 7.0673531809e-06, 9.21801256482e-06, 9.26490156417e-06, 1.08068943518e-05, 1.54843546625e-05, 9.2501668405e-06, 7.35068306312e-06, 4.86627368446e-06, 3.94083963329e-06, 6.33788249615e-06, 7.32477019483e-06, 5.77107448407e-06, 5.4679353525e-06, 2.86675617645e-06, 2.00441172638e-06, 2.30544605984e-06, 3.66954827768e-06], "median": [0.000554347061552, 0.00077013974078, 0.000372914131731, 0.000361935119145, 0.000371647853171, 0.000172893574927, 3.43853716913e-05, 2.00246904569e-05, 1.85473018064e-05, 3.6656485463e-05, 4.29735300713e-05, 1.41895125125e-05, 2.33566970564e-05, 2.10126254387e-05, 1.50734922499e-05, 1.09479342427e-05, 1.74100041477e-05, 1.15314924187e-05, 6.00704515819e-06, 6.69130986353e-06, 6.70177450957e-06, 6.23222058493e-06, 4.63584001409e-06, 2.60246179096e-06, 3.98485053665e-06, 5.12153928867e-06, 4.48263790531e-06, 4.90543288834e-06, 3.5954053601e-06, 3.01846785078e-06, 1.49612617406e-06, 9.73610667643e-07, 1.21014772958e-06, 1.02404135305e-06, 9.07790536075e-07, 7.93649633124e-07, 4.94665073347e-07, 3.5393625808e-07, 3.77590538392e-07, 5.47668435047e-07], "min": [1.50715573728e-24, 2.35960169108e-24, 1.69659526025e-24, 3.80804497638e-24, 8.60179453079e-24, 5.16854131479e-24, 2.93495147585e-24, 8.43055964954e-24, 4.65797239313e-24, 2.77713590745e-24, 8.18409189262e-24, 4.62108012961e-24, 5.70865307735e-24, 5.64674366794e-24, 5.05206284669e-24, 4.06608216734e-24, 7.74194245499e-24, 8.04607673294e-24, 9.78043870903e-24, 8.54787904337e-24, 6.87922523638e-24, 1.06576181146e-23, 1.39520637602e-23, 1.08327594351e-23, 9.2766429471e-24, 6.74916179463e-24, 5.61247160591e-24, 1.02142522535e-23, 9.60970633218e-24, 8.72271034148e-24, 6.09172551065e-24, 6.80169756433e-24, 7.26223219422e-24, 1.00870444882e-23, 9.52169233212e-24, 8.35995896511e-24, 6.99696509307e-24, 1.10499296868e-23, 9.42369924161e-24, 1.13029063351e-23], "var": [2.8131164072e-05, 4.76391651318e-05, 3.80775259146e-06, 3.60109265785e-06, 7.05847241989e-07, 1.34336303859e-07, 6.84551970664e-09, 2.04618011423e-09, 6.56352883155e-09, 2.79123391067e-08, 4.06328091174e-08, 3.05519964883e-09, 3.98545836333e-08, 2.1060870381e-08, 5.10647986118e-08, 1.02238601585e-07, 4.62347244934e-08, 2.02527914439e-08, 9.39201516559e-09, 1.05724842214e-08, 2.71501687799e-09, 2.29211494229e-09, 1.50720380621e-09, 1.83641352125e-10, 2.01754876694e-10, 2.30174379556e-10, 3.69821173685e-10, 8.26405222032e-10, 3.2599598021e-10, 2.87831841694e-10, 1.18014500949e-10, 8.33581398352e-11, 6.14641171293e-10, 1.21796561725e-09, 2.1390261784e-10, 1.71706190932e-10, 3.67796106071e-11, 2.0165308659e-11, 2.89968327127e-11, 8.9365778666e-11]}, "mfcc": {"mean": [-657.334960938, 104.205375671, 6.82049179077, 24.5835094452, 7.68027019501, 12.7643032074, 8.73161888123, -3.59803199768, -2.15269494057, -1.93885910511, -9.90439414978, -6.66957187653, -4.05584287643], "cov": [[11135.5703125, -1064.1973877, 173.167144775, -117.813903809, 220.269699097, 537.661376953, 430.8465271, 442.496948242, 20.9275741577, 178.086914062, 127.706169128, 177.767166138, 224.667877197], [-1064.1973877, 1364.70861816, -134.904083252, 287.206695557, -72.9559631348, -125.772361755, 52.9102706909, -167.475326538, 81.6636123657, 48.1905517578, 39.5509376526, 5.38796472549, 4.42396306992], [173.167144775, -134.904083252, 756.718933105, 0.112555943429, 290.266723633, 87.9406738281, 67.1244888306, 108.188362122, 31.0271720886, 63.0954437256, 74.9672241211, 24.3952770233, 15.5283660889], [-117.813903809, 287.206695557, 0.112555943429, 382.78503418, 16.2499828339, -57.8246498108, 43.0996131897, 15.3430156708, 69.2247009277, 3.40891027451, 1.1556596756, 40.1762275696, 35.8788871765], [220.269699097, -72.9559631348, 290.266723633, 16.2499828339, 321.242431641, 168.169784546, 52.6865768433, 108.820411682, 86.1921081543, 77.1972122192, 71.2851409912, 35.2888259888, 39.9207687378], [537.661376953, -125.772361755, 87.9406738281, -57.8246498108, 168.169784546, 285.314666748, 87.9923095703, 108.931312561, 46.7067451477, 71.633934021, 68.4342803955, 19.6199131012, 36.5929908752], [430.8465271, 52.9102706909, 67.1244888306, 43.0996131897, 52.6865768433, 87.9923095703, 281.975616455, 79.2105941772, 11.5149717331, 65.3140411377, 70.055480957, 90.2737960815, 13.5441265106], [442.496948242, -167.475326538, 108.188362122, 15.3430156708, 108.820411682, 108.931312561, 79.2105941772, 241.772186279, 59.759475708, 3.37709832191, 19.2964668274, 61.0550041199, 103.844017029], [20.9275741577, 81.6636123657, 31.0271720886, 69.2247009277, 86.1921081543, 46.7067451477, 11.5149717331, 59.759475708, 155.854995728, 55.7079734802, 20.799413681, 3.7652657032, 46.6207923889], [178.086914062, 48.1905517578, 63.0954437256, 3.40891027451, 77.1972122192, 71.633934021, 65.3140411377, 3.37709832191, 55.7079734802, 151.970092773, 68.5119476318, 10.6530923843, -14.3474578857], [127.706169128, 39.5509376526, 74.9672241211, 1.1556596756, 71.2851409912, 68.4342803955, 70.055480957, 19.2964668274, 20.799413681, 68.5119476318, 111.62285614, 47.4004096985, -2.72307229042], [177.767166138, 5.38796472549, 24.3952770233, 40.1762275696, 35.2888259888, 19.6199131012, 90.2737960815, 61.0550041199, 3.7652657032, 10.6530923843, 47.4004096985, 149.98210144, 48.184879303], [224.667877197, 4.42396306992, 15.5283660889, 35.8788871765, 39.9207687378, 36.5929908752, 13.5441265106, 103.844017029, 46.6207923889, -14.3474578857, -2.72307229042, 48.184879303, 184.101455688]], "icov": [[0.000113181122288, 8.73793978826e-05, 1.7470002831e-06, -3.99859418394e-05, 7.52495107008e-05, -0.000147058424773, -0.000113505375339, -4.05363098253e-05, 5.58292558708e-05, -0.000119628719403, 2.14876454265e-05, -4.75283377455e-06, -0.000110345536086], [8.73793978826e-05, 0.00118525885046, 0.000108330394141, -0.00069168349728, 0.000125073085655, 0.000168725426192, -0.00051752733998, 0.00106816494372, -0.000583215616643, -2.99911080219e-05, -0.000616559176706, 0.000238457869273, -0.000560722488444], [1.7470002831e-06, 0.000108330394141, 0.00233497470617, 3.52521965397e-05, -0.00258639198728, 0.00121058372315, -0.000364450505003, -0.000597970094532, 0.000907374138478, -0.000127483290271, -0.000770477112383, 0.000737371970899, 3.16616497003e-05], [-3.99859418394e-05, -0.00069168349728, 3.52521965397e-05, 0.00369917671196, -0.000533658836503, 0.00112677749712, -0.000513877079356, -0.000290222174954, -0.00139726628549, 0.000463451753603, 0.00051821989473, -0.000684093509335, 1.14539507194e-05], [7.52495107008e-05, 0.000125073085655, -0.00258639198728, -0.000533658836503, 0.00849724560976, -0.00376691739075, 0.00109729310498, -0.000432181695942, -0.0024868438486, -0.000723669072613, -0.000673903094139, -0.00125478592236, 0.000188354271813], [-0.000147058424773, 0.000168725426192, 0.00121058372315, 0.00112677749712, -0.00376691739075, 0.00760419620201, -0.00133275589906, -0.00172593886964, 0.000441457203124, -0.000780020956881, -0.00230188504793, 0.00199793255888, -0.000498890061863], [-0.000113505375339, -0.00051752733998, -0.000364450505003, -0.000513877079356, 0.00109729310498, -0.00133275589906, 0.00607293751091, -0.00185597129166, 0.00109982641879, -0.00180853414349, -0.000739967916161, -0.00267770746723, 0.00117933982983], [-4.05363098253e-05, 0.00106816494372, -0.000597970094532, -0.000290222174954, -0.000432181695942, -0.00172593886964, -0.00185597129166, 0.00913927238435, -0.00275414832868, 0.00205663428642, 0.000744493794627, -0.00136753544211, -0.00322431488894], [5.58292558708e-05, -0.000583215616643, 0.000907374138478, -0.00139726628549, -0.0024868438486, 0.000441457203124, 0.00109982641879, -0.00275414832868, 0.011196423322, -0.00411719921976, 0.0004070646537, 0.00152758229524, -0.00148422445636], [-0.000119628719403, -2.99911080219e-05, -0.000127483290271, 0.000463451753603, -0.000723669072613, -0.000780020956881, -0.00180853414349, 0.00205663428642, -0.00411719921976, 0.0120861390606, -0.00515840668231, 0.00112822430674, 0.000965021550655], [2.14876454265e-05, -0.000616559176706, -0.000770477112383, 0.00051821989473, -0.000673903094139, -0.00230188504793, -0.000739967916161, 0.000744493794627, 0.0004070646537, -0.00515840668231, 0.0170078743249, -0.00481884926558, 0.00119846628513], [-4.75283377455e-06, 0.000238457869273, 0.000737371970899, -0.000684093509335, -0.00125478592236, 0.00199793255888, -0.00267770746723, -0.00136753544211, 0.00152758229524, 0.00112822430674, -0.00481884926558, 0.0110924243927, -0.00235887686722], [-0.000110345536086, -0.000560722488444, 3.16616497003e-05, 1.14539507194e-05, 0.000188354271813, -0.000498890061863, 0.00117933982983, -0.00322431488894, -0.00148422445636, 0.000965021550655, 0.00119846628513, -0.00235887686722, 0.00845145620406]]}, "spectral_contrast_coeffs": {"dmean": [0.0550365746021, 0.0431916750968, 0.0413696728647, 0.0335629209876, 0.021108103916, 0.0209240317345], "dmean2": [0.0889171436429, 0.0706669613719, 0.0649944245815, 0.0537058636546, 0.0341469198465, 0.033454939723], "dvar": [0.00238580512814, 0.00135947368108, 0.0012810403714, 0.000900001439732, 0.000343758001691, 0.000474770291476], "dvar2": [0.00575811229646, 0.00349223008379, 0.00294073717669, 0.0021563898772, 0.000837656960357, 0.00116231152788], "max": [-0.303080260754, -0.452731579542, -0.5103957057, -0.468977451324, -0.633702278137, -0.508893370628], "mean": [-0.626734673977, -0.707475960255, -0.756168723106, -0.762967348099, -0.801273882389, -0.768332600594], "median": [-0.63619852066, -0.707603693008, -0.75906598568, -0.78068870306, -0.803792059422, -0.774050474167], "min": [-0.965247869492, -0.972561120987, -0.961353242397, -0.972738206387, -0.962464690208, -0.961228430271], "var": [0.00946274772286, 0.00596915883943, 0.00598045065999, 0.00650579156354, 0.00186217017472, 0.00268642604351]}, "spectral_contrast_valleys": {"dmean": [0.506369531155, 0.380298644304, 0.424039781094, 0.397962659597, 0.365386456251, 0.483633309603], "dmean2": [0.800243198872, 0.59125161171, 0.665590286255, 0.589536547661, 0.514641165733, 0.592094063759], "dvar": [0.28326612711, 0.163105890155, 0.224168077111, 0.223855435848, 0.225902035832, 0.325195461512], "dvar2": [0.568688035011, 0.312748521566, 0.429373413324, 0.387326329947, 0.435490339994, 0.564189136028], "max": [-4.5773062706, -5.19067955017, -5.27054786682, -5.44574451447, -5.21514463425, -7.19103240967], "mean": [-7.44942617416, -7.55104