{"lowlevel": {"average_loudness": 0.961369872093, "barkbands_crest": {"dmean": 2.53480744362, "dmean2": 4.11792612076, "dvar": 7.13974285126, "dvar2": 19.2195606232, "max": 25.7661952972, "mean": 9.00276279449, "median": 8.16702747345, "min": 2.07399082184, "var": 14.6280651093}, "barkbands_flatness_db": {"dmean": 0.0186378229409, "dmean2": 0.0273319780827, "dvar": 0.000435175490566, "dvar2": 0.000888068869244, "max": 0.548287034035, "mean": 0.114545717835, "median": 0.095301643014, "min": 0.0167971942574, "var": 0.00403581606224}, "barkbands_kurtosis": {"dmean": 1.80523502827, "dmean2": 2.84797072411, "dvar": 25.0575618744, "dvar2": 65.3964767456, "max": 201.839920044, "mean": 1.95291924477, "median": 0.279325246811, "min": -1.93602108955, "var": 39.7282676697}, "barkbands_skewness": {"dmean": 0.455250889063, "dmean2": 0.690371394157, "dvar": 0.276579022408, "dvar2": 0.649819374084, "max": 9.76069164276, "mean": 0.993888139725, "median": 0.827188074589, "min": -4.94687461853, "var": 1.07514762878}, "barkbands_spread": {"dmean": 5.71000337601, "dmean2": 8.46787261963, "dvar": 53.201625824, "dvar2": 108.167907715, "max": 103.472343445, "mean": 26.4257850647, "median": 25.2111053467, "min": 0.527238309383, "var": 194.609649658}, "dissonance": {"dmean": 0.0183482021093, "dmean2": 0.03078549169, "dvar": 0.000350498710759, "dvar2": 0.000930450099986, "max": 0.499986946583, "mean": 0.464403361082, "median": 0.472329050303, "min": 0.268877357244, "var": 0.00087070686277}, "dynamic_complexity": 1.84052538872, "erbbands_crest": {"dmean": 2.38586997986, "dmean2": 3.75540781021, "dvar": 5.15772485733, "dvar2": 12.4360342026, "max": 28.9396820068, "mean": 9.12382507324, "median": 8.19499969482, "min": 2.44770598412, "var": 16.7172451019}, "erbbands_flatness_db": {"dmean": 0.0162859782577, "dmean2": 0.0221091508865, "dvar": 0.000305669615045, "dvar2": 0.000519369379617, "max": 0.471394836903, "mean": 0.156518250704, "median": 0.146932080388, "min": 0.0489410981536, "var": 0.00322618964128}, "erbbands_kurtosis": {"dmean": 0.736979663372, "dmean2": 1.1359115839, "dvar": 1.07882118225, "dvar2": 2.56075954437, "max": 30.0360641479, "mean": 0.455661684275, "median": 0.151258707047, "min": -1.83768129349, "var": 2.38892102242}, "erbbands_skewness": {"dmean": 0.31353738904, "dmean2": 0.467267483473, "dvar": 0.0968213230371, "dvar2": 0.210212752223, "max": 4.57357931137, "mean": 0.259690701962, "median": 0.24297773838, "min": -2.84180426598, "var": 0.421362906694}, "erbbands_spread": {"dmean": 7.20991039276, "dmean2": 10.4877252579, "dvar": 91.9674682617, "dvar2": 180.32093811, "max": 191.762420654, "mean": 34.5083961487, "median": 29.5139217377, "min": 3.71324586868, "var": 359.240325928}, "hfc": {"dmean": 6.68739843369, "dmean2": 9.98494911194, "dvar": 91.5726165771, "dvar2": 198.066162109, "max": 218.840759277, "mean": 31.3002414703, "median": 30.8415317535, "min": 1.10312045484e-16, "var": 338.126159668}, "melbands_crest": {"dmean": 3.51084542274, "dmean2": 5.62947130203, "dvar": 13.0798587799, "dvar2": 34.8549194336, "max": 32.4524230957, "mean": 13.3689746857, "median": 12.3124628067, "min": 1.71036612988, "var": 33.5526924133}, "melbands_flatness_db": {"dmean": 0.0237684361637, "dmean2": 0.0343365631998, "dvar": 0.000719342264347, "dvar2": 0.00148200115655, "max": 0.690979123116, "mean": 0.175008937716, "median": 0.157143563032, "min": 0.00400909315795, "var": 0.00644730683416}, "melbands_kurtosis": {"dmean": 4.48972702026, "dmean2": 7.05133199692, "dvar": 106.687690735, "dvar2": 269.79901123, "max": 282.34765625, "mean": 7.35625648499, "median": 3.13037586212, "min": -1.87470424175, "var": 206.536636353}, "melbands_skewness": {"dmean": 0.60219758749, "dmean2": 0.913786411285, "dvar": 0.516312599182, "dvar2": 1.22729468346, "max": 13.742272377, "mean": 1.90202105045, "median": 1.61551320553, "min": -1.4838527441, "var": 1.95241367817}, "melbands_spread": {"dmean": 7.71602487564, "dmean2": 11.7244110107, "dvar": 102.505363464, "dvar2": 232.738555908, "max": 234.110015869, "mean": 31.6988334656, "median": 29.1418838501, "min": 0.446610629559, "var": 402.422424316}, "pitch_salience": {"dmean": 0.0658904612064, "dmean2": 0.106808044016, "dvar": 0.00421597110108, "dvar2": 0.011313887313, "max": 0.957147181034, "mean": 0.544608175755, "median": 0.547003865242, "min": 0.131934344769, "var": 0.0109431473538}, "silence_rate_20dB": {"dmean": 0, "dmean2": 0, "dvar": 0, "dvar2": 0, "max": 1, "mean": 1, "median": 1, "min": 1, "var": 0}, "silence_rate_30dB": {"dmean": 0, "dmean2": 0, "dvar": 0, "dvar2": 0, "max": 1, "mean": 1, "median": 1, "min": 1, "var": 0}, "silence_rate_60dB": {"dmean": 0.00322580640204, "dmean2": 0.0064522633329, "dvar": 0.00321502122097, "dvar2": 0.0078222611919, "max": 1, "mean": 0.0303396843374, "median": 0, "min": 0, "var": 0.0294192712754}, "spectral_centroid": {"dmean": 221.245056152, "dmean2": 328.210754395, "dvar": 79334.0546875, "dvar2": 158846.203125, "max": 11679.4609375, "mean": 1564.01794434, "median": 1519.85314941, "min": 131.893173218, "var": 1057661.75}, "spectral_complexity": {"dmean": 3.5514113903, "dmean2": 5.52918624878, "dvar": 13.2336359024, "dvar2": 29.6047172546, "max": 59, "mean": 24.243927002, "median": 26, "min": 0, "var": 97.6521835327}, "spectral_decrease": {"dmean": 2.06268513381e-09, "dmean2": 3.24578430799e-09, "dvar": 8.35439018353e-18, "dvar2": 2.09700608496e-17, "max": 2.32011050759e-28, "mean": -7.56068541108e-09, "median": -7.18708070835e-09, "min": -2.8880288383e-08, "var": 1.66196334581e-17}, "spectral_energy": {"dmean": 0.00804756209254, "dmean2": 0.0126042710617, "dvar": 0.000122208773973, "dvar2": 0.000306253379676, "max": 0.110311105847, "mean": 0.0313747152686, "median": 0.0304058864713, "min": 1.01199820689e-20, "var": 0.000256850471487}, "spectral_energyband_high": {"dmean": 0.000534596852958, "dmean2": 0.000759609509259, "dvar": 1.01528189589e-06, "dvar2": 2.11187489185e-06, "max": 0.0217907335609, "mean": 0.00140218948945, "median": 0.000935812364332, "min": 7.08671884065e-21, "var": 2.72255465461e-06}, "spectral_energyband_low": {"dmean": 0.00430279504508, "dmean2": 0.00666763307527, "dvar": 6.75138362567e-05, "dvar2": 0.0001694560342, "max": 0.101428493857, "mean": 0.00904406327754, "median": 0.00499448087066, "min": 1.14043633138e-23, "var": 0.000124482598039}, "spectral_energyband_middle_high": {"dmean": 0.00213049072772, "dmean2": 0.00318541307934, "dvar": 5.76509410166e-06, "dvar2": 1.22430228657e-05, "max": 0.038021877408, "mean": 0.00928363483399, "median": 0.00836220104247, "min": 1.12989690988e-21, "var": 4.51538180641e-05}, "spectral_energyband_middle_low": {"dmean": 0.00524044362828, "dmean2": 0.00833214819431, "dvar": 8.62928209244e-05, "dvar2": 0.000222182585276, "max": 0.0964909568429, "mean": 0.0121642705053, "median": 0.00916106626391, "min": 1.48305900669e-22, "var": 0.000119423209981}, "spectral_entropy": {"dmean": 0.15805876255, "dmean2": 0.213398009539, "dvar": 0.0420277528465, "dvar2": 0.0698085129261, "max": 9.82245349884, "mean": 7.62146043777, "median": 7.74809551239, "min": 4.45903253555, "var": 0.320087462664}, "spectral_flux": {"dmean": 0.0265042893589, "dmean2": 0.0405900850892, "dvar": 0.000877315178514, "dvar2": 0.00189801875968, "max": 0.294285535812, "mean": 0.0905686691403, "median": 0.0828147679567, "min": 6.37813482585e-11, "var": 0.00213077128865}, "spectral_kurtosis": {"dmean": 1.98301613331, "dmean2": 3.14414095879, "dvar": 21.5872688293, "dvar2": 57.4760742188, "max": 164.513137817, "mean": 5.80231666565, "median": 4.10103130341, "min": -1.31013441086, "var": 58.9054031372}, "spectral_rms": {"dmean": 0.00066292117117, "dmean2": 0.00100822839886, "dvar": 6.41288067982e-07, "dvar2": 1.51258950609e-06, "max": 0.0103740347549, "mean": 0.00530714727938, "median": 0.00544649222866, "min": 3.1421575411e-12, "var": 2.44385591941e-06}, "spectral_rolloff": {"dmean": 566.216674805, "dmean2": 936.153625488, "dvar": 1425504.875, "dvar2": 3033282.5, "max": 19702.8808594, "mean": 2044.21875, "median": 1701.12304688, "min": 64.599609375, "var": 4890038.5}, "spectral_skewness": {"dmean": 0.232092157006, "dmean2": 0.35459625721, "dvar": 0.127170741558, "dvar2": 0.307210296392, "max": 10.8474378586, "mean": 1.73084282875, "median": 1.62282264233, "min": -0.0882215425372, "var": 0.451615899801}, "spectral_spread": {"dmean": 674345.3125, "dmean2": 901508.5, "dvar": 1053178265600.0, "dvar2": 1766776504320.0, "max": 42303872, "mean": 5266625, "median": 4765558.5, "min": 775906.9375, "var": 13886134681600.0}, "spectral_strongpeak": {"dmean": 0.784177541733, "dmean2": 1.3419778347, "dvar": 1.59230303764, "dvar2": 3.98561310768, "max": 11.8731870651, "mean": 1.40899586678, "median": 0.747410655022, "min": 0, "var": 2.49637436867}, "zerocrossingrate": {"dmean": 0.0123372236267, "dmean2": 0.0138659765944, "dvar": 0.000282448105281, "dvar2": 0.000326070119627, "max": 0.529296875, "mean": 0.0774000361562, "median": 0.06982421875, "min": 0.00439453125, "var": 0.00303279422224}, "barkbands": {"dmean": [0.000436577189248, 0.00307078659534, 0.00144757912494, 0.000655033509247, 0.00297717447393, 0.00148528825957, 0.000881839951035, 0.000606300833169, 0.000886114255991, 0.000649074208923, 0.000667279877234, 0.000441588752437, 0.000392504647607, 0.000582564389333, 0.000604895525612, 0.0005756370374, 0.00028997118352, 0.00024546214263, 0.000188765392522, 0.000143682409544, 0.000143441357068, 7.97857210273e-05, 8.35430837469e-05, 0.000127525447169, 0.000131328954012, 5.07558434037e-05, 6.00042494625e-06], "dmean2": [0.000644329062197, 0.00504290452227, 0.00212000194006, 0.00110630446579, 0.00499284127727, 0.00242998357862, 0.00136124633718, 0.000917473458685, 0.00135605409741, 0.000962332938798, 0.000978478463367, 0.000674333656207, 0.000621584593318, 0.000907184265088, 0.000964787206613, 0.000918290461414, 0.000455408910057, 0.00038405568921, 0.000306838162942, 0.000225440206123, 0.000225710406085, 0.000117197982036, 0.000117857402074, 0.000183328433195, 0.000194806561922, 7.62747440604e-05, 9.26521261135e-06], "dvar": [9.35222033149e-07, 5.90286836086e-05, 5.41538656762e-06, 1.28226383822e-06, 5.99433151365e-05, 8.6861091404e-06, 2.66030247076e-06, 1.40584904784e-06, 2.1073528842e-06, 1.50128300902e-06, 1.5158586848e-06, 5.78392757689e-07, 5.03033106725e-07, 1.17092690743e-06, 1.0131881254e-06, 1.07262599158e-06, 4.65259603288e-07, 2.32704323366e-07, 9.17202882533e-08, 7.80715438964e-08, 6.88544687932e-08, 2.62104631332e-08, 3.34586793826e-08, 1.05890798352e-07, 1.54537204367e-07, 2.16113242857e-08, 3.30293042916e-10], "dvar2": [2.06744380193e-06, 0.000155237852596, 1.04929995359e-05, 3.40042379321e-06, 0.000157632719493, 2.10461457755e-05, 6.46526723358e-06, 3.0292617339e-06, 4.81132656205e-06, 3.10113455271e-06, 3.1088002288e-06, 1.21732068692e-06, 1.16695105135e-06, 2.69037695944e-06, 2.39967130256e-06, 2.5582598937e-06, 1.04115304111e-06, 4.89684452987e-07, 2.25551048061e-07, 1.77810861146e-07, 1.54140195718e-07, 5.73292062711e-08, 6.74745024298e-08, 2.42192015776e-07, 3.49641965158e-07, 5.21828233957e-08, 7.80225606345e-10], "max": [0.00979932863265, 0.0898321345448, 0.0598409175873, 0.0273889303207, 0.0801457166672, 0.0416779406369, 0.0375204384327, 0.0278642550111, 0.0285645667464, 0.0318530425429, 0.0261735208333, 0.0189961753786, 0.0145431626588, 0.021488647908, 0.0248144585639, 0.0142725072801, 0.0147862844169, 0.014378035441, 0.00596496090293, 0.00582927232608, 0.00659978110343, 0.00347651308402, 0.00680062780157, 0.0116792777553, 0.0110930278897, 0.00467038527131, 0.000570895383134], "mean": [0.000607324647717, 0.00392922572792, 0.0040874928236, 0.00102805241477, 0.00352583499625, 0.00224290788174, 0.00184106687084, 0.00130160397384, 0.00201033614576, 0.00137795100454, 0.00135227118153, 0.000957110780291, 0.000708256033249, 0.00107581843622, 0.0011825254187, 0.00111612223554, 0.000540918961633, 0.000539221626241, 0.000412876717746, 0.000315897661494, 0.000320746417856, 0.000161608084454, 0.00017762259813, 0.00024466693867, 0.000228827309911, 7.98480250523e-05, 8.60182171891e-06], "median": [1.45619569594e-05, 0.00122593634296, 0.00183807185385, 0.000586465117522, 0.00108254002407, 0.000775777269155, 0.000915593351237, 0.000516664353199, 0.000928308523726, 0.000499667483382, 0.00050289608771, 0.000441657030024, 0.000383629871067, 0.000497366068885, 0.000583674118388, 0.000518539978657, 0.000248866155744, 0.000330208364176, 0.000308457762003, 0.000182347750524, 0.000180754563189, 7.35441935831e-05, 9.23084589886e-05, 0.000128896193928, 0.00011145145254, 3.05564790324e-05, 3.34207402375e-06], "min": [2.30712306449e-25, 2.38799082291e-24, 1.99433069297e-24, 1.65502561855e-25, 9.06078378217e-24, 5.64429504369e-24, 7.49046622018e-24, 3.0145037594e-24, 1.45892913999e-23, 1.05609858092e-23, 1.78509598748e-23, 3.44436676732e-23, 2.29618192858e-23, 3.15043530077e-23, 5.28881507159e-23, 6.59090193977e-23, 3.93350438922e-23, 1.00098187921e-22, 1.50725570568e-22, 1.64280788383e-22, 2.06264104599e-22, 3.20274775973e-22, 3.48778024418e-22, 5.41598172143e-22, 7.94079554586e-22, 1.13913948192e-21, 2.05665817342e-21], "var": [1.74322178736e-06, 5.75064550503e-05, 3.78565346182e-05, 1.98181692213e-06, 5.69743751839e-05, 1.48352528413e-05, 7.22681170373e-06, 5.38236145076e-06, 8.57198392623e-06, 5.95941719439e-06, 4.9817163017e-06, 2.08288270187e-06, 1.18200262023e-06, 3.17297599395e-06, 2.98110467156e-06, 2.70233090305e-06, 1.07926075543e-06, 7.13035262834e-07, 2.0782593424e-07, 2.12656956933e-07, 2.08229195664e-07, 6.037701894e-08, 8.92972025213e-08, 1.84448950336e-07, 2.28938347391e-07, 2.96102857789e-08, 4.21794044136e-10]}, "erbbands": {"dmean": [0.12062690407, 0.606464505196, 1.61662864685, 1.5735874176, 7.27891969681, 10.617275238, 10.6618270874, 11.7501449585, 10.5032129288, 15.4132146835, 12.6791219711, 17.2319774628, 21.8103847504, 19.7802410126, 22.6254291534, 14.712430954, 16.837896347, 21.882818222, 25.3820495605, 37.1265182495, 25.4888973236, 15.4077310562, 12.5159254074, 10.9667158127, 7.23715734482, 6.28017044067, 7.18679571152, 4.04961967468, 2.92314100266, 2.46930408478, 2.45606422424, 2.77536177635, 2.17128157616, 1.64708566666, 0.863419294357, 0.321608364582, 0.0667927861214, 0.0129324961454, 0.000983609934337, 3.56569034921e-05], "dmean2": [0.198515698314, 1.00271391869, 2.37370204926, 2.54613208771, 12.279042244, 18.4066085815, 17.4993133545, 19.3644886017, 16.7158374786, 22.9865436554, 18.9480113983, 26.3342685699, 32.5291252136, 28.882396698, 33.4957008362, 22.4870872498, 26.5205039978, 33.4009475708, 39.6519889832, 58.5744476318, 40.1098327637, 23.6449813843, 19.1877479553, 17.5705833435, 11.4920387268, 9.78813362122, 11.0673036575, 6.37533903122, 4.37511205673, 3.54546785355, 3.47085928917, 4.09437274933, 3.17183256149, 2.46714925766, 1.30150830746, 0.486903846264, 0.10053524375, 0.019817782566, 0.00151912111323, 5.38730491826e-05], "dvar": [0.106701292098, 2.10546255112, 6.91068315506, 5.14217281342, 364.564361572, 837.682739258, 529.121643066, 645.021179199, 546.109985352, 675.949279785, 590.872619629, 784.23248291, 1484.49987793, 1188.51538086, 1495.21728516, 549.475280762, 908.308898926, 1958.4810791, 2090.64379883, 3544.33911133, 2490.75756836, 1265.10803223, 617.590942383, 327.823547363, 190.213439941, 136.567337036, 175.021575928, 63.9621543884, 37.5066184998, 29.3596782684, 29.2564334869, 51.133441925, 31.5978775024, 24.1511917114, 7.43908548355, 0.844995617867, 0.04574463889, 0.00172272522468, 7.63800198911e-06, 5.93208548949e-09], "dvar2": [0.280751675367, 5.66570854187, 13.9073982239, 13.3245534897, 949.914733887, 2294.00585938, 1307.08862305, 1599.97241211, 1335.03674316, 1526.74365234, 1253.38647461, 1804.15808105, 3263.01855469, 2480.80834961, 3073.53857422, 1191.78942871, 2120.19116211, 4092.33520508, 4935.95410156, 8677.53808594, 5834.71777344, 2825.75024414, 1272.87158203, 782.010742188, 450.885925293, 308.843994141, 369.124694824, 157.831130981, 83.7659683228, 62.7096939087, 58.1164855957, 119.906707764, 70.3030014038, 53.3328857422, 18.0208950043, 2.08290719986, 0.110728211701, 0.00404441729188, 1.79941180249e-05, 1.40258871184e-08], "max": [3.47675132751, 18.7964305878, 65.5571136475, 48.2249336243, 229.323989868, 273.191070557, 422.76473999, 381.503234863, 524.142333984, 655.428405762, 723.812072754, 630.694458008, 832.450927734, 786.200317383, 1102.35546875, 527.45703125, 724.770935059, 1021.04248047, 1585.66418457, 935.413452148, 949.879516602, 847.00402832, 567.778320312, 494.709472656, 354.31072998, 245.417098999, 348.750335693, 216.407958984, 154.372528076, 160.592010498, 205.055587769, 310.228240967, 136.282089233, 128.455581665, 89.0350952148, 29.0981006622, 7.55681228638, 1.46804976463, 0.079423725605, 0.00191857863683], "mean": [0.125025674701, 0.87454777956, 4.47333526611, 3.83621430397, 8.02637672424, 11.8646869659, 15.9206981659, 17.5215473175, 19.0094852448, 35.606552124, 30.2002925873, 38.068157196, 50.2595443726, 46.0707893372, 50.3888893127, 34.0554084778, 35.2472114563, 43.7626533508, 53.5230255127, 75.2896194458, 53.7417106628, 32.8233222961, 29.2480278015, 26.7630252838, 16.8613319397, 14.7976541519, 16.9701938629, 8.42016029358, 5.85859632492, 5.15971469879, 5.21888685226, 5.29229354858, 4.00856351852, 2.88593649864, 1.39435017109, 0.501243472099, 0.106240510941, 0.0192131102085, 0.00148556660861, 8.62353190314e-05], "median": [0.0146816810593, 0.315985262394, 1.98648631573, 2.73879790306, 2.75557994843, 3.41990375519, 5.57327318192, 6.20118331909, 7.9218711853, 18.7432498932, 14.1565608978, 20.262424469, 22.2815265656, 23.6723575592, 24.7868499756, 19.6268997192, 20.3780937195, 21.860414505, 29.1867904663, 43.8317909241, 27.2607307434, 16.6383152008, 17.2508869171, 21.1923542023, 11.9742336273, 8.9988155365, 9.06203174591, 4.74485635757, 2.66041374207, 2.4492931366, 2.73461389542, 2.75114560127, 2.14275193214, 1.45700597763, 0.601179182529, 0.1865157336, 0.0448543205857, 0.00727097596973, 0.000639439851511, 6.36234908598e-05], "min": [8.23125488847e-23, 5.64379515831e-22, 2.11874458113e-21, 2.18004621739e-21, 8.82933555191e-21, 2.41483036749e-20, 5.64972565556e-20, 4.83391102161e-20, 6.98030964811e-20, 1.76173482624e-19, 1.60851357643e-19, 4.05014226933e-19, 5.14665935167e-19, 6.40979413234e-19, 9.29442676936e-19, 1.56061994821e-18, 1.53664918464e-18, 1.99812632074e-18, 2.01255007588e-18, 3.22482731095e-18, 3.000291822e-18, 3.32732015872e-18, 5.64591713508e-18, 6.55551967823e-18, 9.44842422477e-18, 7.96233635168e-18, 7.89190192252e-18, 8.56862499909e-18, 1.11410053301e-17, 1.13547355655e-17, 1.02420171686e-17, 1.13607772927e-17, 9.9162105776e-18, 7.88295844574e-18, 6.60112834925e-18, 3.86190113922e-18, 2.31538730879e-18, 8.94147500584e-19, 2.43151472969e-19, 2.74416198862e-20], "var": [0.10029348731, 2.26193523407, 46.4931678772, 15.6797590256, 317.686157227, 756.010131836, 935.68927002, 980.64239502, 1112.43969727, 2376.39428711, 2252.78076172, 2430.86547852, 5522.55078125, 3639.10009766, 5239.44189453, 1960.68664551, 2489.53100586, 5990.16210938, 6723.29736328, 8790.18261719, 6492.56103516, 3392.26733398, 2133.22900391, 880.00189209, 451.020446777, 409.304412842, 663.895202637, 129.932891846, 79.5584335327, 71.5648193359, 79.8676757812, 87.4176177979, 54.0267410278, 37.5525856018, 9.3649969101, 1.11694264412, 0.0604693964124, 0.00225635222159, 9.90035368886e-06, 8.54560511243e-09]}, "gfcc": {"mean": [22.7065010071, 77.6485061646, -120.276649475, 15.8022661209, -51.7125396729, 14.0820627213, -41.1022377014, 14.9950704575, -26.1366825104, 2.66078329086, -18.5166034698, -5.68775033951, -9.15536212921], "cov": [[17312.2832031, -1994.37939453, -639.789123535, 1089.99279785, -1140.69445801, 1011.3850708, -593.462219238, 346.152679443, -423.523803711, 152.738189697, -349.722991943, 186.821151733, -221.79208374], [-1994.37939453, 2254.20141602, -226.930160522, -290.006958008, 509.445678711, -434.071472168, 197.13230896, -95.3692321777, 83.4748840332, -70.2066116333, 141.847824097, -176.535079956, 66.2529983521], [-639.789123535, -226.930160522, 1060.4855957, 170.96257019, -61.088180542, 161.723587036, -72.6880950928, -23.2746315002, -18.1199531555, -19.6667938232, -3.86560606956, 70.1820220947, -107.406814575], [1089.99279785, -290.006958008, 170.96257019, 420.194946289, -66.4117279053, 153.803329468, 8.56752872467, 41.4840774536, 8.88268375397, -10.855383873, -20.0331707001, 37.8897132874, -22.8200893402], [-1140.69445801, 509.445678711, -61.088180542, -66.4117279053, 400.210327148, -22.8833847046, 155.953033447, 56.6959381104, 71.6417922974, 4.05656814575, 43.4261512756, -37.3226737976, 47.3359870911], [1011.3850708, -434.071472168, 161.723587036, 153.803329468, -22.8833847046, 388.691223145, 51.4910545349, 72.5320129395, 9.69924259186, 16.1020641327, -26.9390220642, 33.7958869934, -46.3573036194], [-593.462219238, 197.13230896, -72.6880950928, 8.56752872467, 155.953033447, 51.4910545349, 220.486618042, 54.7902107239, 57.0403022766, 6.13088989258, 22.1204872131, -27.557516098, 17.0478057861], [346.152679443, -95.3692321777, -23.2746315002, 41.4840774536, 56.6959381104, 72.5320129395, 54.7902107239, 183.298049927, 56.6303253174, 2.71048092842, -11.6533956528, 5.62459421158, 3.22109460831], [-423.523803711, 83.4748840332, -18.1199531555, 8.88268375397, 71.6417922974, 9.69924259186, 57.0403022766, 56.6303253174, 144.836196899, 16.9489612579, 13.3927345276, 1.82504570484, -10.3285255432], [152.738189697, -70.2066116333, -19.6667938232, -10.855383873, 4.05656814575, 16.1020641327, 6.13088989258, 2.71048092842, 16.9489612579, 114.751602173, 48.7641677856, 7.49732685089, 5.15100717545], [-349.722991943, 141.847824097, -3.86560606956, -20.0331707001, 43.4261512756, -26.9390220642, 22.1204872131, -11.6533956528, 13.3927345276, 48.7641677856, 108.704879761, 20.4185390472, 14.4657449722], [186.821151733, -176.535079956, 70.1820220947, 37.8897132874, -37.3226737976, 33.7958869934, -27.557516098, 5.62459421158, 1.82504570484, 7.49732685089, 20.4185390472, 96.1500549316, 20.7728977203], [-221.79208374, 66.2529983521, -107.406814575, -22.8200893402, 47.3359870911, -46.3573036194, 17.0478057861, 3.22109460831, -10.3285255432, 5.15100717545, 14.4657449722, 20.7728977203, 115.518989563]], "icov": [[0.000257631327258, -0.000383605132811, 0.000459246191895, -0.000585255795158, 0.000573082827032, -0.0007373415865, 0.000702312565409, -0.00078388460679, 0.000940811703913, -0.0010381663451, 0.00103494874202, -0.000860338215716, 0.000569039315451], [-0.000383605132811, 0.0017592983786, -0.000755801913328, 0.00100074068177, -0.00188605277799, 0.00195424933918, -0.00130781927146, 0.00176285929047, -0.00180999946315, 0.00282950419933, -0.00314646912739, 0.00292731332593, -0.000970003544353], [0.000459246191895, -0.000755801913328, 0.00207939906977, -0.00138819799758, 0.000743412936572, -0.00167293602135, 0.00167984270956, -0.00115305162035, 0.00188096764032, -0.00168379477691, 0.00181607378181, -0.00260508712381, 0.00226692459546], [-0.000585255795158, 0.00100074068177, -0.00138819799758, 0.00437899306417, -0.000811165082268, 0.000865994661581, -0.00197611376643, 0.00148770108353, -0.00243477779441, 0.00290229544044, -0.00244039390236, 0.00165891472716, -0.00153305521235], [0.000573082827032, -0.00188605277799, 0.000743412936572, -0.000811165082268, 0.0064077693969, -0.00228161690757, -0.000435534690041, -0.00289012514986, 0.00128798512742, -0.00270308041945, 0.00225954130292, -0.00166620523669, -0.000431117397966], [-0.0007373415865, 0.00195424933918, -0.00167293602135, 0.000865994661581, -0.00228161690757, 0.00666551850736, -0.00365225481801, 0.00155915413052, -0.00213055941276, 0.00256828661077, -0.00258564460091, 0.00195542257279, -0.000148430728586], [0.000702312565409, -0.00130781927146, 0.00167984270956, -0.00197611376643, -0.000435534690041, -0.00365225481801, 0.0095816263929, -0.00283722439781, 0.00112646061461, -0.00240284390748, 0.00161472521722, -0.000524929957464, 0.000747969548684], [-0.00078388460679, 0.00176285929047, -0.00115305162035, 0.00148770108353, -0.00289012514986, 0.00155915413052, -0.00283722439781, 0.00987301487476, -0.00533762713894, 0.00369583908468, -0.00265125418082, 0.00279599335045, -0.00215370859951], [0.000940811703913, -0.00180999946315, 0.00188096764032, -0.00243477779441, 0.00128798512742, -0.00213055941276, 0.00112646061461, -0.00533762713894, 0.0128627307713, -0.00561492796987, 0.00451368233189, -0.00542272301391, 0.00452246982604], [-0.0010381663451, 0.00282950419933, -0.00168379477691, 0.00290229544044, -0.00270308041945, 0.00256828661077, -0.00240284390748, 0.00369583908468, -0.00561492796987, 0.0171264503151, -0.0117250569165, 0.00638539949432, -0.00316410441883], [0.00103494874202, -0.00314646912739, 0.00181607378181, -0.00244039390236, 0.00225954130292, -0.00258564460091, 0.00161472521722, -0.00265125418082, 0.00451368233189, -0.0117250569165, 0.0202477220446, -0.00987542048097, 0.0030369439628], [-0.000860338215716, 0.00292731332593, -0.00260508712381, 0.00165891472716, -0.00166620523669, 0.00195542257279, -0.000524929957464, 0.00279599335045, -0.00542272301391, 0.00638539949432, -0.00987542048097, 0.020291140303, -0.00713990954682], [0.000569039315451, -0.000970003544353, 0.00226692459546, -0.00153305521235, -0.000431117397966, -0.000148430728586, 0.000747969548684, -0.00215370859951, 0.00452246982604, -0.00316410441883, 0.0030369439628, -0.00713990954682, 0.0136261498556]]}, "melbands": {"dmean": [0.000935153919272, 0.000775023072492, 0.000370121531887, 0.000718092895113, 0.000366798805771, 0.000265955750365, 0.00016214090283, 0.000160960160429, 0.000106845349364, 0.00011491895566, 0.000114039605251, 8.51155054988e-05, 9.45829669945e-05, 4.91416067234e-05, 4.61402341898e-05, 3.74290430045e-05, 4.40285293735e-05, 4.70766208309e-05, 4.80791823065e-05, 4.69874430564e-05, 3.02510688925e-05, 1.80747083505e-05, 1.31925926325e-05, 1.39042085721e-05, 9.70336895989e-06, 7.08721154297e-06, 4.83699386677e-06, 4.62278785562e-06, 5.31909563506e-06, 3.49418519363e-06, 2.19896833187e-06, 1.74686283572e-06, 1.71137389771e-06, 1.38636221436e-06, 1.50700566337e-06, 1.58136936079e-06, 1.85692863397e-06, 1.63949050602e-06, 1.49775235059e-06, 1.45636897741e-06], "dmean2": [0.00153195764869, 0.00116581097245, 0.000607227964792, 0.00122333178297, 0.000609308714047, 0.000436537317, 0.000256379222265, 0.000240439738263, 0.000160149167641, 0.000176495494088, 0.000170075436472, 0.000124518293887, 0.000138534625876, 7.45483048377e-05, 7.00626696926e-05, 5.83032451686e-05, 6.75420742482e-05, 7.36924484954e-05, 7.65174700064e-05, 7.37692753319e-05, 4.78767251479e-05, 2.8155012842e-05, 2.05314772757e-05, 2.19505200221e-05, 1.57480390044e-05, 1.15239927254e-05, 7.62881518312e-06, 7.26131975171e-06, 8.31700253912e-06, 5.48105936105e-06, 3.50796085513e-06, 2.6796246857e-06, 2.55450891018e-06, 2.03861372938e-06, 2.17704678107e-06, 2.34886283579e-06, 2.79515370494e-06, 2.43648651121e-06, 2.27160353461e-06, 2.22191761168e-06], "dvar": [5.98965425525e-06, 1.66283780345e-06, 3.68041497723e-07, 4.07628340326e-06, 5.88460977724e-07, 3.01015830928e-07, 1.1278449108e-07, 7.00063864656e-08, 3.74100324052e-08, 3.4701933771e-08, 3.96346422349e-08, 2.25788472363e-08, 2.91581248035e-08, 9.04641783706e-09, 6.47053566283e-09, 4.96682739382e-09, 7.8374071677e-09, 8.38613534171e-09, 6.23372287123e-09, 7.13032166644e-09, 4.13513845388e-09, 1.84048498664e-09, 1.14048126498e-09, 7.82436615498e-10, 2.69542749232e-10, 1.52646131846e-10, 1.23354632064e-10, 8.0082884768e-11, 9.8509436719e-11, 4.86436342595e-11, 2.03803154908e-11, 1.39662829912e-11, 1.2543435908e-11, 9.79283928254e-12, 1.05056493019e-11, 1.39598896678e-11, 2.47059577657e-11, 1.66613580571e-11, 1.72801252474e-11, 2.00586249e-11], "dvar2": [1.56970490934e-05, 3.85829116567e-06, 9.71403551375e-07, 1.08480571726e-05, 1.494998628e-06, 7.36033996418e-07, 2.77303115581e-07, 1.57183777105e-07, 8.06955782195e-08, 7.93575622993e-08, 8.62040820948e-08, 4.72290153652e-08, 5.95774736212e-08, 1.89516615734e-08, 1.40081350963e-08, 1.0877859502e-08, 1.63575624157e-08, 1.9730153511e-08, 1.5207733739e-08, 1.69619358559e-08, 9.33154975513e-09, 4.14832035389e-09, 2.49349163539e-09, 1.6574586148e-09, 6.63986643445e-10, 3.71983527314e-10, 2.89411439258e-10, 1.81455281356e-10, 2.12626707907e-10, 1.11377282397e-10, 5.17027705371e-11, 3.26556247321e-11, 2.8868723384e-11, 2.11682008727e-11, 2.14457149955e-11, 3.0798509576e-11, 6.03152597312e-11, 3.70861431842e-11, 3.97603616697e-11, 4.47395800962e-11], "max": [0.0261916480958, 0.0253711529076, 0.0136003829539, 0.0201794374734, 0.011870267801, 0.0076554492116, 0.00673675490543, 0.00584017019719, 0.00514248339459, 0.00370468758047, 0.00451747560874, 0.00363217713311, 0.00388981355354, 0.0025712128263, 0.00214141840115, 0.00172198691871, 0.00228655571118, 0.00251265265979, 0.00124818226323, 0.00136178242974, 0.00113237753976, 0.00108062045183, 0.000862098357175, 0.000831666169688, 0.000454887223896, 0.000287202157779, 0.000326614652295, 0.000232036865782, 0.000341380131431, 0.00019946062821, 0.0001042218355, 8.52777520777e-05, 7.20936077414e-05, 0.00010210891196, 0.000138603078085, 0.0001125465933, 0.000227293639909, 0.000103141064756, 0.000124899626826, 0.000123394362163], "mean": [0.00109076243825, 0.00193650252186, 0.000789395358879, 0.000775472784881, 0.000547784555238, 0.000405346945627, 0.00030760539812, 0.000379027129384, 0.000247240881436, 0.000252217927482, 0.000257967010839, 0.000191800412722, 0.000197841334739, 0.000101999088656, 9.35740754358e-05, 7.04554477124e-05, 8.26001269161e-05, 8.74448596733e-05, 9.50059911702e-05, 9.14203192224e-05, 5.5600216001e-05, 3.30699622282e-05, 2.59650314547e-05, 2.83621175186e-05, 2.10992548091e-05, 1.47110240505e-05, 9.68395397649e-06, 9.73690657702e-06, 1.1825670299e-05, 7.05426009517e-06, 4.10041866417e-06, 3.2300094972e-06, 3.16819773616e-06, 2.75111483461e-06, 3.05180788018e-06, 2.93752395919e-06, 3.33184243573e-06, 2.85248233922e-06, 2.56138537225e-06, 2.42168198383e-06], "median": [0.000248816533713, 0.000907994515728, 0.00054980214918, 0.000227530457778, 0.000196318185772, 0.000144518169691, 0.0001415420993, 0.000194583757548, 0.000114601563837, 0.000122548590298, 0.000108974534669, 9.25339700188e-05, 8.46930706757e-05, 4.18357376475e-05, 4.18069321313e-05, 3.73820803361e-05, 3.82289908885e-05, 3.99571181333e-05, 4.60147348349e-05, 4.4970674935e-05, 2.4226923415e-05, 1.50044588736e-05, 1.25628966998e-05, 1.66969693964e-05, 1.633210195e-05, 1.02574313132e-05, 5.56030909138e-06, 5.34623950443e-06, 5.97277585257e-06, 3.60799276677e-06, 2.06917320611e-06, 1.37693916713e-06, 1.33281605486e-06, 1.28622275497e-06, 1.56203782353e-06, 1.42447174767e-06, 1.71239082647e-06, 1.47802120409e-06, 1.35394645895e-06, 1.15340799312e-06], "min": [1.00243641645e-24, 8.78000905612e-25, 3.4958735863e-25, 1.36024587508e-24, 2.07581746068e-24, 1.06741705858e-24, 9.44498921694e-25, 2.00305490294e-24, 1.29352697794e-24, 2.03930740027e-24, 2.57260360182e-24, 2.45903997477e-24, 2.86998976638e-24, 2.92726126531e-24, 3.44321455708e-24, 2.93005048026e-24, 3.64401791721e-24, 2.80411140054e-24, 4.50473931774e-24, 2.9473655827e-24, 2.62822500096e-24, 2.6143329632e-24, 4.06201401165e-24, 3.38088468481e-24, 4.47315884912e-24, 4.26869635768e-24, 5.07923871045e-24, 5.33566701959e-24, 4.49757409413e-24, 4.1820135604e-24, 4.29092803571e-24, 5.42032717751e-24, 5.13855118976e-24, 4.72015948158e-24, 5.37535540059e-24, 6.0028165479e-24, 6.62029978804e-24, 5.97490743793e-24, 5.49638914599e-24, 6.27733580418e-24], "var": [5.69878193346e-06, 7.4349973147e-06, 6.78485719163e-07, 3.45109742739e-06, 1.01444322809e-06, 4.91317962314e-07, 2.43625805751e-07, 2.67316039526e-07, 1.45439329913e-07, 1.21882067106e-07, 1.53130798708e-07, 7.27087723362e-08, 9.99368836574e-08, 3.13082040293e-08, 2.28234426913e-08, 1.23849108746e-08, 2.30945715884e-08, 2.32283881019e-08, 1.88562285786e-08, 1.92953333311e-08, 1.00984971496e-08, 4.33112523623e-09, 2.76895151252e-09, 2.2857968851e-09, 5.90080873053e-10, 3.32891381127e-10, 2.63759375452e-10, 2.21971094283e-10, 3.49639955877e-10, 1.30525618092e-10, 3.51824853972e-11, 2.6157369673e-11, 2.62314354266e-11, 2.21625755942e-11, 2.74279435969e-11, 2.88562940903e-11, 3.69600183792e-11, 2.8470869759e-11, 2.52641241261e-11, 3.02263457319e-11]}, "mfcc": {"mean": [-615.677856445, 114.725646973, -7.42438220978, 7.07566738129, 8.62234115601, -3.70701241493, 3.48261117935, -0.793632388115, 3.63216924667, 4.32948684692, -4.20285272598, -1.19237875938, -3.1493165493], "cov": [[7567.13134766, -1393.45788574, 50.0273323059, 224.064819336, -57.0379486084, 256.047027588, 114.624557495, 217.528884888, 71.12525177, 149.138946533, -65.3404846191, -39.1875, -24.9544296265], [-1393.45788574, 1766.18310547, -174.466766357, 72.1141662598, 150.316238403, -104.856536865, 107.131149292, -105.047103882, -16.9360694885, -30.2095012665, 24.1425323486, 53.9422264099, 21.2584877014], [50.0273323059, -174.466766357, 865.098083496, 43.6552467346, 66.7080307007, 120.283691406, -66.9620361328, 64.4127502441, -71.4664916992, -72.3873519897, 46.5838241577, 11.9027795792, -31.0907325745], [224.064819336, 72.1141662598, 43.6552467346, 266.487792969, 43.8878593445, -7.2434926033, 30.0628185272, 6.20071268082, 13.9029741287, -18.9948406219, -7.85226869583, 32.6757354736, 1.82486081123], [-57.0379486084, 150.316238403, 66.7080307007, 43.8878593445, 198.01600647, 26.3227100372, 36.8268432617, 48.8784332275, 37.5973701477, 12.5257997513, 13.7913608551, 25.1827831268, 20.8104763031], [256.047027588, -104.856536865, 120.283691406, -7.2434926033, 26.3227100372, 229.065643311, 52.641456604, 61.4739990234, -3.25592875481, 53.1641807556, 24.2279434204, -23.5377540588, 14.7780199051], [114.624557495, 107.131149292, -66.9620361328, 30.0628185272, 36.8268432617, 52.641456604, 196.149520874, 35.717590332, 39.1088562012, 50.8484802246, -4.97016859055, 11.7666482925, 15.5521907806], [217.528884888, -105.047103882, 64.4127502441, 6.20071268082, 48.8784332275, 61.4739990234, 35.717590332, 207.832717896, 72.2599716187, 54.852016449, 26.8292865753, -1.34524905682, 5.78491210938], [71.12525177, -16.9360694885, -71.4664916992, 13.9029741287, 37.5973701477, -3.25592875481, 39.1088562012, 72.2599716187, 143.206420898, 59.1666526794, 1.32771253586, 8.27107906342, 2.46369934082], [149.138946533, -30.2095012665, -72.3873519897, -18.9948406219, 12.5257997513, 53.1641807556, 50.8484802246, 54.852016449, 59.1666526794, 138.377944946, 39.1700019836, -1.00280606747, 24.4166641235], [-65.3404846191, 24.1425323486, 46.5838241577, -7.85226869583, 13.7913608551, 24.2279434204, -4.97016859055, 26.8292865753, 1.32771253586, 39.1700019836, 106.689437866, 41.7718772888, 11.9819545746], [-39.1875, 53.9422264099, 11.9027795792, 32.6757354736, 25.1827831268, -23.5377540588, 11.7666482925, -1.34524905682, 8.27107906342, -1.00280606747, 41.7718772888, 95.4169540405, 29.0588207245], [-24.9544296265, 21.2584877014, -31.0907325745, 1.82486081123, 20.8104763031, 14.7780199051, 15.5521907806, 5.78491210938, 2.46369934082, 24.4166641235, 11.9819545746, 29.0588207245, 91.4938583374]], "icov": [[0.000173868320417, 0.000136448594276, 3.20551880577e-05, -0.000185008073458, 5.02589227835e-06, -0.00010919241322, -6.43849998596e-05, -8.89436996658e-05, 9.81396369752e-05, -0.000179292910616, 0.000179126887815, -9.15332711884e-05, 0.000114179798402], [0.000136448594276, 0.000829960219562, 0.000167992067873, -0.000222157992539, -0.000660206598695, 0.000263436377281, -0.000542488181964, 0.000331051589455, 0.000256234343396, 9.29949383135e-05, -0.000346265471308, 5.8826233726e-05, 7.9734614701e-05], [3.20551880577e-05, 0.000167992067873, 0.00168733298779, -0.000260717584752, -0.000643458159175, -0.000989191117696, 0.000522580987308, -0.000588567811064, 0.000743458396755, 0.0010693493532, -0.000643736275379, -0.000330455222866, 0.000686664658133], [-0.000185008073458, -0.000222157992539, -0.000260717584752, 0.00444183964282, -0.000558565370739, 0.00011607772467, -0.000485359225422, 7.76024680817e-05, -0.000481035560369, 0.000739729090128, 0.00068621058017, -0.00151934009045, 0.000218090237468], [5.02589227835e-06, -0.000660206598695, -0.000643458159175, -0.000558565370739, 0.00678994646296, -0.000561706139706, -0.000343297928339, -0.00103766308166, -0.00163218344096, 0.000420606753323, 0.000216313637793, -0.000835167476907, -0.00121381529607], [-0.00010919241322, 0.000263436377281, -0.000989191117696, 0.00011607772467, -0.000561706139706, 0.00680944230407, -0.00191471108701, -0.000789009907749, 0.00145593984053, -0.00188186019659, -0.00131558079738, 0.00275872764178, -0.00126708380412], [-6.43849998596e-05, -0.000542488181964, 0.000522580987308, -0.000485359225422, -0.000343297928339, -0.00191471108701, 0.00711341341957, -0.000568003684748, -0.000420595606556, -0.00200121710077, 0.00224018306471, -0.00196888460778, 0.00038719989243], [-8.89436996658e-05, 0.000331051589455, -0.000588567811064, 7.76024680817e-05, -0.00103766308166, -0.000789009907749, -0.000568003684748, 0.00734927784652, -0.00336263608187, -0.000486888835439, -0.0016303632874, 0.0011487188749, -0.000238240289036], [9.81396369752e-05, 0.000256234343396, 0.000743458396755, -0.000481035560369, -0.00163218344096, 0.00145593984053, -0.000420595606556, -0.00336263608187, 0.0116449072957, -0.00467621488497, 0.00247357902117, -0.00195220927708, 0.0018800967373], [-0.000179292910616, 9.29949383135e-05, 0.0010693493532, 0.000739729090128, 0.000420606753323, -0.00188186019659, -0.00200121710077, -0.000486888835439, -0.00467621488497, 0.0140230813995, -0.00619905162603, 0.00333380303346, -0.00300602451898], [0.000179126887815, -0.000346265471308, -0.000643736275379, 0.00068621058017, 0.000216313637793, -0.00131558079738, 0.00224018306471, -0.0016303632874, 0.00247357902117, -0.00619905162603, 0.0160121954978, -0.00845182966441, 0.0019575660117], [-9.15332711884e-05, 5.8826233726e-05, -0.000330455222866, -0.00151934009045, -0.000835167476907, 0.00275872764178, -0.00196888460778, 0.0011487188749, -0.00195220927708, 0.00333380303346, -0.00845182966441, 0.017699925229, -0.00546604441479], [0.000114179798402, 7.9734614701e-05, 0.000686664658133, 0.000218090237468, -0.00121381529607, -0.00126708380412, 0.00038719989243, -0.000238240289036, 0.0018800967373, -0.00300602451898, 0.0019575660117, -0.00546604441479, 0.0138325467706]]}, "spectral_contrast_coeffs": {"dmean": [0.0532999485731, 0.0464045368135, 0.0398830138147, 0.0337645485997, 0.0243969541043, 0.0187426488847], "dmean2": [0.0862229689956, 0.0751953572035, 0.0619341358542, 0.0527489706874, 0.0381812341511, 0.0295082218945], "dvar": [0.00233992771246, 0.00148994626943, 0.00119117868599, 0.000818392436486, 0.000502511218656, 0.000306343019474], "dvar2": [0.00581898540258, 0.00378000736237, 0.00266044447199, 0.00185386196245, 0.00107614928856, 0.000726929516532], "max": [-0.288843840361, -0.354366838932, -0.373229682446, -0.446184515953, -0.509787321091, -0.602954447269], "mean": [-0.624209523201, -0.708551347256, -0.721459984779, -0.742838561535, -0.770868420601, -0.791328370571], "median": [-0.626014411449, -0.713632941246, -0.727219581604, -0.751126050949, -0.778866291046, -0.789573669434], "min": [-0.97923541069, -0.981883704662, -0.977914750576, -0.975603580475, -0.966148793697, -0.963969647884], "var": [0.00946552678943, 0.00572146335617, 0.00568948406726, 0.0050563220866, 0.00270606577396, 0.00154557765927]}, "spectral_contrast_valleys": {"dmean": [0.434886753559, 0.355357408524, 0.332392722368, 0.300120383501, 0.263106614351, 0.308614462614], "dmean2": [0.695922195911, 0.576912462711, 0.522769153118, 0.45805773139, 0.388782411814, 0.391406714916], "dvar": [0.175908014178, 0.130589917302, 0.126279175282, 0.117748335004, 0.126101568341, 0.162474900484], "dvar2": [0.379974722862, 0.278742611408, 0.252012521029, 0.224634826183, 0.215470358729, 0.255866914988], "max": [-5.29647922516, -4.7583231926, -5.43908643723, -5.75024747849, -5.62989091873, -7.30314064026], "mean": [-7.6056227684, -6.76382493973, -7.27751207352, -7.52536439896, 