{"lowlevel": {"average_loudness": 0.880864262581, "barkbands_crest": {"dmean": 2.48320913315, "dmean2": 4.01188707352, "dvar": 4.86315774918, "dvar2": 12.3027477264, "max": 25.7913742065, "mean": 12.5740003586, "median": 11.9457168579, "min": 2.81916427612, "var": 16.0230712891}, "barkbands_flatness_db": {"dmean": 0.0282129924744, "dmean2": 0.0419988892972, "dvar": 0.000921039667446, "dvar2": 0.00187742873095, "max": 0.570528030396, "mean": 0.282487124205, "median": 0.272959589958, "min": 0.0284837465733, "var": 0.00897663645446}, "barkbands_kurtosis": {"dmean": 5.27692508698, "dmean2": 8.18630886078, "dvar": 182.860412598, "dvar2": 407.797485352, "max": 636.868041992, "mean": 11.3407306671, "median": 7.57699584961, "min": -1.79982018471, "var": 330.934020996}, "barkbands_skewness": {"dmean": 0.60990691185, "dmean2": 0.929231286049, "dvar": 0.489249765873, "dvar2": 1.01342391968, "max": 17.8868694305, "mean": 2.05430340767, "median": 1.82809436321, "min": -4.31212377548, "var": 1.67629468441}, "barkbands_spread": {"dmean": 2.1536564827, "dmean2": 3.40413212776, "dvar": 18.7696685791, "dvar2": 44.6970329285, "max": 103.449180603, "mean": 6.29535293579, "median": 4.32678604126, "min": 0.0790390223265, "var": 42.947719574}, "dissonance": {"dmean": 0.0394331105053, "dmean2": 0.0652703568339, "dvar": 0.0012258378556, "dvar2": 0.00327102723531, "max": 0.499999970198, "mean": 0.399046093225, "median": 0.408065676689, "min": 0.0954809859395, "var": 0.00359039753675}, "dynamic_complexity": 3.89089536667, "erbbands_crest": {"dmean": 2.53394985199, "dmean2": 4.05960464478, "dvar": 5.6027007103, "dvar2": 14.9716053009, "max": 31.9046993256, "mean": 12.2922382355, "median": 11.5578365326, "min": 2.79684662819, "var": 20.0655879974}, "erbbands_flatness_db": {"dmean": 0.0249033290893, "dmean2": 0.0353019833565, "dvar": 0.000952114874963, "dvar2": 0.00176651577931, "max": 0.600404322147, "mean": 0.253274202347, "median": 0.24505892396, "min": 0.0415774025023, "var": 0.00904190540314}, "erbbands_kurtosis": {"dmean": 2.05671739578, "dmean2": 3.19885730743, "dvar": 9.05684185028, "dvar2": 20.3350715637, "max": 100.238739014, "mean": 4.00139856339, "median": 2.44527244568, "min": -1.80804014206, "var": 28.7772407532}, "erbbands_skewness": {"dmean": 0.414321124554, "dmean2": 0.637662291527, "dvar": 0.170207485557, "dvar2": 0.397724211216, "max": 7.82383680344, "mean": 1.32809877396, "median": 1.27815306187, "min": -4.03362798691, "var": 1.00518453121}, "erbbands_spread": {"dmean": 6.36090803146, "dmean2": 9.72287464142, "dvar": 132.55619812, "dvar2": 289.502532959, "max": 148.014984131, "mean": 19.2561168671, "median": 14.7125244141, "min": 0.30523827672, "var": 240.800537109}, "hfc": {"dmean": 3.333360672, "dmean2": 5.27926063538, "dvar": 29.5223407745, "dvar2": 74.1689224243, "max": 95.8259735107, "mean": 10.51404953, "median": 9.39992713928, "min": 1.12018002927e-16, "var": 63.1646881104}, "melbands_crest": {"dmean": 3.08166480064, "dmean2": 4.96684980392, "dvar": 7.82904243469, "dvar2": 19.3286132812, "max": 35.1416130066, "mean": 15.8624677658, "median": 14.9908599854, "min": 2.11845946312, "var": 25.7018661499}, "melbands_flatness_db": {"dmean": 0.0309504084289, "dmean2": 0.0461379922926, "dvar": 0.00114981632214, "dvar2": 0.00236125779338, "max": 0.710497796535, "mean": 0.3992831707, "median": 0.390260189772, "min": 0.00649708462879, "var": 0.0107694547623}, "melbands_kurtosis": {"dmean": 8.02286243439, "dmean2": 12.1734304428, "dvar": 306.534790039, "dvar2": 614.595275879, "max": 811.168945312, "mean": 15.6739635468, "median": 9.40778541565, "min": -1.64893007278, "var": 588.920959473}, "melbands_skewness": {"dmean": 0.707845747471, "dmean2": 1.06775605679, "dvar": 0.761804223061, "dvar2": 1.53518366814, "max": 17.8396759033, "mean": 2.32046675682, "median": 1.98870885372, "min": -4.9690413475, "var": 2.45379781723}, "melbands_spread": {"dmean": 1.5805170536, "dmean2": 2.4507162571, "dvar": 8.26550197601, "dvar2": 16.895898819, "max": 115.733474731, "mean": 6.10227155685, "median": 4.67181825638, "min": 0.217113152146, "var": 31.934671402}, "pitch_salience": {"dmean": 0.0659571886063, "dmean2": 0.108824066818, "dvar": 0.00389298051596, "dvar2": 0.0100937373936, "max": 0.839379906654, "mean": 0.506573796272, "median": 0.512214183807, "min": 0.0352887548506, "var": 0.0111712673679}, "silence_rate_20dB": {"dmean": 0, "dmean2": 0, "dvar": 0, "dvar2": 0, "max": 1, "mean": 1, "median": 1, "min": 1, "var": 0}, "silence_rate_30dB": {"dmean": 0.00915436539799, "dmean2": 0.0183108262718, "dvar": 0.00907065719366, "dvar2": 0.0246136020869, "max": 1, "mean": 0.993592679501, "median": 1, "min": 0, "var": 0.00636679679155}, "silence_rate_60dB": {"dmean": 0.0151047026739, "dmean2": 0.0302128642797, "dvar": 0.0148767782375, "dvar2": 0.0327341854572, "max": 1, "mean": 0.0891304314137, "median": 0, "min": 0, "var": 0.0811850950122}, "spectral_centroid": {"dmean": 67.5689468384, "dmean2": 104.837364197, "dvar": 28085.1269531, "dvar2": 46921.9570312, "max": 11253.4501953, "mean": 428.709747314, "median": 347.446960449, "min": 144.629272461, "var": 76177.6015625}, "spectral_complexity": {"dmean": 1.56699848175, "dmean2": 2.58274197578, "dvar": 4.19955348969, "dvar2": 9.14982128143, "max": 52, "mean": 9.57803249359, "median": 9, "min": 0, "var": 17.822719574}, "spectral_decrease": {"dmean": 2.87828627599e-09, "dmean2": 4.51714310401e-09, "dvar": 1.13752364098e-17, "dvar2": 2.84729893609e-17, "max": -3.84604388127e-29, "mean": -1.00278683135e-08, "median": -9.40163058516e-09, "min": -3.82366920348e-08, "var": 4.54853880261e-17}, "spectral_energy": {"dmean": 0.0111006395891, "dmean2": 0.0174129139632, "dvar": 0.000168396116351, "dvar2": 0.000421159144025, "max": 0.146761208773, "mean": 0.0388011075556, "median": 0.0364258512855, "min": 1.03055241733e-20, "var": 0.000677070231177}, "spectral_energyband_high": {"dmean": 0.000124246318592, "dmean2": 0.000202957467991, "dvar": 1.86505175748e-07, "dvar2": 4.60308370975e-07, "max": 0.00760904280469, "mean": 0.000116100971354, "median": 8.99435326573e-06, "min": 7.15466235757e-21, "var": 1.64039022366e-07}, "spectral_energyband_low": {"dmean": 0.00790990144014, "dmean2": 0.0126393567771, "dvar": 0.000122253419249, "dvar2": 0.000306031404762, "max": 0.129510313272, "mean": 0.0168555472046, "median": 0.0115012247115, "min": 3.48513572999e-23, "var": 0.000289264862658}, "spectral_energyband_middle_high": {"dmean": 0.000313233816996, "dmean2": 0.000497781729791, "dvar": 3.88432340515e-07, "dvar2": 9.66412699199e-07, "max": 0.016690755263, "mean": 0.0010062220972, "median": 0.000608531408943, "min": 1.83477161892e-21, "var": 1.69645704773e-06}, "spectral_energyband_middle_low": {"dmean": 0.00693181715906, "dmean2": 0.0108916917816, "dvar": 6.63590617478e-05, "dvar2": 0.000173479929799, "max": 0.113559812307, "mean": 0.0240886025131, "median": 0.0218756273389, "min": 3.04869773998e-22, "var": 0.000317779777106}, "spectral_entropy": {"dmean": 0.273842006922, "dmean2": 0.396099716425, "dvar": 0.106230057776, "dvar2": 0.205072149634, "max": 9.80843448639, "mean": 6.14773893356, "median": 6.04495811462, "min": 3.8178217411, "var": 0.608769714832}, "spectral_flux": {"dmean": 0.0251929108053, "dmean2": 0.0408437550068, "dvar": 0.000835464801639, "dvar2": 0.00192529929336, "max": 0.299164861441, "mean": 0.072752058506, "median": 0.0667470917106, "min": 1.01516128836e-10, "var": 0.00200288277119}, "spectral_kurtosis": {"dmean": 16.7661876678, "dmean2": 27.8228111267, "dvar": 560.62512207, "dvar2": 1503.95446777, "max": 295.635314941, "mean": 45.2502784729, "median": 25.8393211365, "min": -1.15960788727, "var": 2476.328125}, "spectral_rms": {"dmean": 0.000840801978484, "dmean2": 0.00129767390899, "dvar": 7.5367233876e-07, "dvar2": 1.80833023933e-06, "max": 0.0119658540934, "mean": 0.00567079987377, "median": 0.00596132688224, "min": 3.17083121912e-12, "var": 5.69688472751e-06}, "spectral_rolloff": {"dmean": 88.4554290771, "dmean2": 152.384353638, "dvar": 162120.5, "dvar2": 354389.625, "max": 19121.484375, "mean": 419.94619751, "median": 322.998046875, "min": 64.599609375, "var": 195084.71875}, "spectral_skewness": {"dmean": 1.02333533764, "dmean2": 1.6554158926, "dvar": 1.37691056728, "dvar2": 3.69644355774, "max": 13.8325662613, "mean": 4.49176120758, "median": 3.98374509811, "min": -0.0328747853637, "var": 5.98207092285}, "spectral_spread": {"dmean": 809212.875, "dmean2": 1180410.75, "dvar": 2086281936900.0, "dvar2": 3903459950590.0, "max": 39555620, "mean": 2932052, "median": 2014220.625, "min": 282323.875, "var": 6422735618050.0}, "spectral_strongpeak": {"dmean": 0.340534567833, "dmean2": 0.579844713211, "dvar": 0.162946000695, "dvar2": 0.427926003933, "max": 3.95506310463, "mean": 0.808565139771, "median": 0.651678800583, "min": 9.37457556027e-10, "var": 0.3918877244}, "zerocrossingrate": {"dmean": 0.00504669034854, "dmean2": 0.0064314766787, "dvar": 8.17643740447e-05, "dvar2": 0.000111401510367, "max": 0.494140625, "mean": 0.0223197042942, "median": 0.0166015625, "min": 0.0029296875, "var": 0.000345777312759}, "barkbands": {"dmean": [0.000316245685099, 0.00413832580671, 0.00384932896122, 0.00249573774636, 0.00403288006783, 0.00265294732526, 0.000370584981283, 0.000322529376717, 0.000240896319156, 0.000130835251184, 0.000145562036778, 3.62758219126e-05, 2.63623023784e-05, 3.71574387827e-05, 2.87873554043e-05, 4.86083918076e-05, 2.7903368391e-05, 1.09513712232e-05, 1.45466947288e-05, 8.65232959768e-06, 9.06264995137e-06, 1.11020472104e-05, 1.41510763569e-05, 2.00910290005e-05, 3.37272213073e-05, 2.50428965956e-05, 1.04632026705e-05], "dmean2": [0.000524127506651, 0.00618244754151, 0.00674984045327, 0.00416458118707, 0.00619101105258, 0.00427347933874, 0.000570545264054, 0.000415011279983, 0.000366372638382, 0.000195080428966, 0.000234942650422, 5.76329839532e-05, 3.87561231037e-05, 5.80531777814e-05, 4.59708171547e-05, 8.70479416335e-05, 4.35979018221e-05, 1.72482559719e-05, 2.30933746934e-05, 1.34413048727e-05, 1.39256571856e-05, 1.72012896655e-05, 2.34925082623e-05, 3.35664226441e-05, 5.79302250117e-05, 4.31145963375e-05, 1.80710412678e-05], "dvar": [5.6479802879e-07, 7.29201856302e-05, 3.58116594725e-05, 1.58596430992e-05, 3.06003094011e-05, 1.99469814106e-05, 4.23495350788e-07, 2.31152498031e-07, 2.01338593797e-07, 5.56818093855e-08, 1.32360042926e-07, 4.28014068632e-09, 4.54791004856e-09, 6.75301947695e-09, 8.48461123582e-09, 6.97888182799e-08, 1.48218255447e-08, 1.94157356859e-09, 5.55599255492e-09, 2.40958564213e-09, 2.31035102161e-09, 2.23637819374e-09, 2.54300469571e-09, 5.5105888741e-09, 1.62321196484e-08, 9.09725805798e-09, 1.81306303304e-09], "dvar2": [1.4698355244e-06, 0.000166534198797, 0.000103365971881, 4.16683033109e-05, 7.39766328479e-05, 5.7766395912e-05, 8.82607878339e-07, 3.88490832393e-07, 4.37389189756e-07, 1.14545933627e-07, 3.80306630632e-07, 1.05848956267e-08, 7.8643074275e-09, 1.4308890961e-08, 1.9063829626e-08, 2.03790548881e-07, 2.88337531629e-08, 4.64594052119e-09, 1.35908768684e-08, 5.58145529794e-09, 4.98298069473e-09, 5.00415842097e-09, 6.24596330212e-09, 1.42536693559e-08, 4.28670468011e-08, 2.38793198548e-08, 4.90105156459e-09], "max": [0.0114500243217, 0.11813685298, 0.0864445343614, 0.0957244336605, 0.0938743203878, 0.0592177994549, 0.0170929357409, 0.0151451211423, 0.0103997830302, 0.01173836831, 0.00877453293651, 0.00169896683656, 0.00613670423627, 0.00272389291786, 0.00617919536307, 0.00535974791273, 0.00843694247305, 0.00149349623825, 0.0022308207117, 0.00153823464643, 0.00143555668183, 0.00133843929507, 0.000751261715777, 0.00110359396785, 0.00133696163539, 0.00108079775237, 0.000494862324558], "mean": [0.000354252872057, 0.00799079518765, 0.00532580865547, 0.004534361884, 0.0100829899311, 0.00666323117912, 0.000964607228525, 0.00105827173684, 0.0006062304019, 0.000325579487253, 0.000348112662323, 9.46202126215e-05, 6.96975548635e-05, 7.47038138798e-05, 5.54057878617e-05, 4.63468641101e-05, 4.91282116855e-05, 1.65364999702e-05, 1.82705280167e-05, 1.08514268504e-05, 1.0377288163e-05, 1.22271248983e-05, 1.44857885971e-05, 1.92776260519e-05, 2.6640984288e-05, 1.96570726985e-05, 8.62047272676e-06], "median": [6.83312464389e-05, 0.00294730160385, 0.00287018530071, 0.00151503575034, 0.00642561493441, 0.00338573334739, 0.000345739361364, 0.00059082719963, 0.000210264333873, 0.000159877861734, 0.000191668746993, 4.53669708804e-05, 3.11186449835e-05, 3.05712455884e-05, 2.03687959583e-05, 8.93722972251e-06, 1.26006016217e-05, 5.06818560098e-06, 2.6754321425e-06, 1.56905548465e-06, 9.14899715099e-07, 7.18847900316e-07, 7.50180561226e-07, 1.62429307693e-06, 8.21381377136e-07, 3.1382452903e-07, 4.17964031385e-07], "min": [2.04466530409e-23, 1.645503106e-23, 6.57352901383e-24, 6.54111629696e-24, 3.25956000751e-23, 3.6158578706e-23, 9.44370759407e-23, 1.01758588665e-22, 2.80667559291e-23, 9.52635623556e-23, 8.50053729163e-23, 5.87400092633e-23, 7.29060830984e-23, 1.22954927779e-22, 9.42795940604e-23, 2.14063124296e-22, 2.87542677718e-22, 2.58903568492e-22, 4.05514920205e-22, 3.31862044576e-22, 4.76008666656e-22, 4.36873693666e-22, 5.06082366769e-22, 8.70630111958e-22, 1.13044631048e-21, 1.38617234724e-21, 2.47242386777e-21], "var": [5.97733503582e-07, 0.0001417206513, 5.49902033526e-05, 5.07286567881e-05, 0.000123861609609, 6.95243797963e-05, 2.41465204454e-06, 1.65296944488e-06, 8.68097117745e-07, 2.97399736837e-07, 3.19644726687e-07, 1.78693380093e-08, 4.17163583677e-08, 2.14689421796e-08, 3.9983358846e-08, 4.04008524413e-08, 4.37520419894e-08, 2.84386958427e-09, 7.11213354876e-09, 2.99558022832e-09, 2.5435666906e-09, 2.44904896363e-09, 2.41133668588e-09, 4.42386705046e-09, 1.18500063095e-08, 6.69957822552e-09, 1.24391585921e-09]}, "erbbands": {"dmean": [0.169629901648, 0.792905092239, 3.20374441147, 7.88401126862, 4.85321044922, 16.9870910645, 34.6190986633, 12.6631555557, 7.06385946274, 5.3169093132, 7.15712594986, 5.02398490906, 4.05817556381, 5.84995412827, 3.50824260712, 1.63079714775, 1.20097160339, 1.99647140503, 1.30773961544, 1.67614233494, 2.66602921486, 1.20075523853, 0.645855605602, 0.726161658764, 0.612668335438, 0.416905879974, 0.370773226023, 0.383799999952, 0.404994130135, 0.336855560541, 0.450552970171, 0.371698349714, 0.400470674038, 0.362492233515, 0.239153251052, 0.116247273982, 0.0431199781597, 0.0123265674338, 0.00177557009738, 0.000108700114652], "dmean2": [0.254000633955, 1.23153400421, 5.60547542572, 13.4059324265, 8.10496616364, 27.1093616486, 55.511100769, 18.4679813385, 10.4846067429, 7.24997997284, 9.47098064423, 7.60215616226, 6.04084825516, 9.46663856506, 5.42621898651, 2.52864646912, 1.74827313423, 3.13067579269, 2.09004211426, 2.79847216606, 4.67100381851, 1.87903058529, 1.00961041451, 1.15900039673, 0.973005831242, 0.640251934528, 0.575731813908, 0.574997901917, 0.626600682735, 0.534357368946, 0.757745742798, 0.616051733494, 0.676596045494, 0.620406806469, 0.41478228569, 0.200012817979, 0.0737992450595, 0.0215566325933, 0.00309237930924, 0.000182025993126], "dvar": [0.149240657687, 2.32934498787, 24.9615325928, 144.895309448, 58.8754196167, 578.363037109, 2656.2175293, 575.088623047, 225.304901123, 95.9394454956, 134.808181763, 84.544593811, 62.9475975037, 177.792999268, 47.8501319885, 8.91049671173, 8.94923782349, 19.2132968903, 14.6581287384, 31.8494281769, 168.58605957, 34.1628646851, 5.84233665466, 12.3457546234, 11.5039777756, 5.86653184891, 4.32188987732, 3.46522760391, 3.06795716286, 1.61791706085, 3.00626564026, 1.78200280666, 2.22237110138, 1.92123329639, 0.829841017723, 0.20741418004, 0.0248946081847, 0.00237912451848, 5.16956679348e-05, 1.56695492137e-07], "dvar2": [0.338037163019, 5.56709480286, 72.1939697266, 408.979675293, 160.685623169, 1500.2277832, 7476.31054688, 1125.59069824, 408.054931641, 170.594116211, 238.571395874, 184.114578247, 126.279052734, 492.436828613, 117.640960693, 21.2205219269, 15.7281236649, 40.6337509155, 35.6130943298, 86.1291046143, 484.476654053, 61.3618621826, 13.6932401657, 30.7738189697, 28.0709285736, 13.6891775131, 9.39849472046, 7.73725223541, 6.51363325119, 3.58940196037, 7.68508338928, 4.50003385544, 5.82704925537, 5.07236337662, 2.2097659111, 0.545809805393, 0.0646804273129, 0.00645288731903, 0.00014057981025, 4.11771623021e-07], "max": [4.89683437347, 20.5843296051, 64.7732467651, 250.081665039, 180.477767944, 421.196990967, 698.402099609, 702.704467773, 525.908874512, 292.709564209, 373.515838623, 216.516952515, 261.579681396, 424.78338623, 286.887695312, 84.9841995239, 272.283782959, 149.870056152, 146.119674683, 200.011520386, 255.782424927, 529.85534668, 103.349990845, 99.6303482056, 86.3706512451, 83.0780410767, 66.0780258179, 50.4549064636, 45.8385353088, 34.5270881653, 24.6260623932, 23.4169845581, 17.2405567169, 15.0931739807, 10.2542161942, 5.1997051239, 1.8948880434, 0.607411086559, 0.0874303504825, 0.00457284087315], "mean": [0.272898197174, 1.6527402401, 5.11984634399, 13.5196723938, 10.4018526077, 39.6643791199, 78.4907531738, 37.120174408, 20.8736133575, 15.4596395493, 24.1816768646, 13.6141815186, 10.2022838593, 13.4163665771, 9.20366668701, 4.798787117, 3.41627645493, 4.44580888748, 2.64821839333, 2.64809584618, 3.02873921394, 2.11213779449, 1.08172333241, 1.025785923, 0.723998606205, 0.493231505156, 0.423511832952, 0.41352969408, 0.44091796875, 0.384347259998, 0.441767990589, 0.347351759672, 0.369560688734, 0.299635022879, 0.183896392584, 0.0924496799707, 0.03380792588, 0.009306688793, 0.00146404840052, 0.000130968066514], "median": [0.0903917849064, 0.664102971554, 2.98092269897, 5.91151714325, 7.49726676941, 24.3797416687, 50.6893463135, 16.8724365234, 6.97168111801, 7.42939090729, 13.7383480072, 7.0648727417, 4.89819431305, 6.78393650055, 4.98274183273, 2.57665014267, 1.68114411831, 2.11621809006, 1.12132620811, 0.877323627472, 0.759946644306, 0.582310438156, 0.368593841791, 0.179428160191, 0.116789802909, 0.0794866234064, 0.0468187555671, 0.0281907003373, 0.0250905640423, 0.025603082031, 0.0193226281554, 0.0290315560997, 0.027268756181, 0.0136095043272, 0.00388113968074, 0.00149620766751, 0.000564448302612, 0.000221933471039, 8.74197648955e-05, 5.60128391953e-05], "min": [6.61349125578e-22, 3.25850111636e-21, 9.41258270209e-21, 1.27218770701e-20, 6.20909943622e-20, 1.17701959203e-19, 2.52560833383e-19, 2.87739144624e-19, 1.00715598529e-18, 1.76725400793e-18, 2.18343690504e-18, 8.06124471567e-19, 9.95705841061e-19, 4.88677833176e-18, 2.79958409779e-18, 2.41541888065e-18, 3.20473468028e-18, 3.80046891667e-18, 7.46437775882e-18, 6.41209193668e-18, 1.26662800575e-17, 2.07540674481e-17, 1.54217832869e-17, 1.68946164178e-17, 1.9898425205e-17, 1.35603026538e-17, 1.5392706234e-17, 2.11430259701e-17, 1.75721501314e-17, 1.26143934992e-17, 1.57765792496e-17, 1.78217320289e-17, 1.49547405694e-17, 1.16177806546e-17, 8.39760540745e-18, 4.97389823465e-18, 2.655953697e-18, 1.0041308824e-18, 3.21730270741e-19, 4.11594409931e-20], "var": [0.238095149398, 5.41073608398, 44.0995330811, 368.162628174, 131.166107178, 2085.57373047, 7852.51513672, 3313.36181641, 1470.0748291, 492.265625, 884.553222656, 414.234680176, 281.2605896, 529.014160156, 198.37562561, 41.2463417053, 82.4080276489, 65.9827194214, 37.7245979309, 59.3740921021, 114.790290833, 112.318611145, 10.9041996002, 18.619594574, 12.9459114075, 5.78557491302, 4.54431629181, 3.79471850395, 3.53195476532, 1.86141681671, 2.56576347351, 1.51114118099, 1.70695590973, 1.41243815422, 0.591686666012, 0.153404727578, 0.0187014266849, 0.00160064303782, 3.49985530192e-05, 1.18584935649e-07]}, "gfcc": {"mean": [-106.338249207, 178.270278931, -73.6111831665, -5.24254226685, -35.0453643799, -5.37580442429, -29.9308586121, -4.0346455574, -17.1594085693, -11.4133138657, -9.2669210434, -3.12456822395, -1.70615017414], "cov": [[13774.6787109, -4084.96704102, 1565.23913574, 1627.77758789, -819.213623047, 1247.7010498, -834.445068359, 595.04888916, -39.4815406799, 732.27545166, 140.040542603, 507.91217041, -68.1475906372], [-4084.96704102, 4879.58789062, -1277.16601562, -994.506103516, 1210.44494629, -1359.18408203, 307.389068604, -682.681884766, 137.464523315, -455.535522461, 153.361480713, -445.547058105, 250.307495117], [1565.23913574, -1277.16601562, 1130.8404541, 233.824615479, -390.67880249, 516.708435059, -220.815170288, 193.714065552, -62.8914718628, 106.023880005, -68.4736862183, 111.348243713, -52.9670829773], [1627.77758789, -994.506103516, 233.824615479, 503.955078125, -193.550491333, 279.004516602, -44.8553848267, 151.070373535, -2.58673644066, 139.583755493, 12.0568971634, 118.144805908, -31.8052196503], [-819.213623047, 1210.44494629, -390.67880249, -193.550491333, 497.667114258, -309.105194092, 143.412460327, -143.271072388, 51.8280143738, -84.0991439819, 47.1765518188, -102.276275635, 63.9050369263], [1247.7010498, -1359.18408203, 516.708435059, 279.004516602, -309.105194092, 674.442321777, -3.60786557198, 269.186706543, -2.71515464783, 134.587860107, -34.2671928406, 123.372711182, -64.3333969116], [-834.445068359, 307.389068604, -220.815170288, -44.8553848267, 143.412460327, -3.60786557198, 246.126724243, 24.8890762329, 32.7932319641, -13.5599470139, 14.0430421829, -14.3488235474, 7.64133739471], [595.04888916, -682.681884766, 193.714065552, 151.070373535, -143.271072388, 269.186706543, 24.8890762329, 204.638534546, 30.253200531, 82.0482330322, 1.26813197136, 81.7041397095, -14.3670148849], [-39.4815406799, 137.464523315, -62.8914718628, -2.58673644066, 51.8280143738, -2.71515464783, 32.7932319641, 30.253200531, 86.6139755249, 26.3416118622, 22.855802536, 5.81156301498, 35.0218734741], [732.27545166, -455.535522461, 106.023880005, 139.583755493, -84.0991439819, 134.587860107, -13.5599470139, 82.0482330322, 26.3416118622, 131.031356812, 19.7102832794, 64.2872619629, -15.5376272202], [140.040542603, 153.361480713, -68.4736862183, 12.0568971634, 47.1765518188, -34.2671928406, 14.0430421829, 1.26813197136, 22.855802536, 19.7102832794, 120.041893005, 32.6654014587, 37.8212585449], [507.91217041, -445.547058105, 111.348243713, 118.144805908, -102.276275635, 123.372711182, -14.3488235474, 81.7041397095, 5.81156301498, 64.2872619629, 32.6654014587, 136.366592407, 10.7709302902], [-68.1475906372, 250.307495117, -52.9670829773, -31.8052196503, 63.9050369263, -64.3333969116, 7.64133739471, -14.3670148849, 35.0218734741, -15.5376272202, 37.8212585449, 10.7709302902, 96.7993087769]], "icov": [[0.000209563600947, -0.000113939844596, 5.2735387726e-05, -0.000455877394415, -0.000201597082196, -0.000264759379206, 0.000860937288962, -0.000360785285011, 0.000506258103997, -0.000751602696255, -3.41935301549e-05, -5.48143070773e-05, -0.000127493651235], [-0.000113939844596, 0.00221606250852, -0.000521021720488, 0.00123645982239, -0.00173511100002, 0.0015425439924, -0.00184198387433, 0.00295230536722, -0.00329426769167, 0.00270973728038, -0.00185691320803, 0.00172842817847, -0.000775151187554], [5.2735387726e-05, -0.000521021720488, 0.00208723777905, -0.000175310007762, 0.000393334630644, -0.00168579688761, 0.00215830490924, -0.00124951498583, 0.00194709713105, -0.000981500372291, 0.00100575585384, -0.000479420210468, -0.000468608748633], [-0.000455877394415, 0.00123645982239, -0.000175310007762, 0.00483283028007, -0.000377123971703, 0.000685314123984, -0.00200466788374, 0.00121748505626, -0.00142406008672, 0.000346747256117, -0.00081165053416, -5.06452997797e-05, -8.92138195923e-05], [-0.000201597082196, -0.00173511100002, 0.000393334630644, -0.000377123971703, 0.00632366118953, -0.000147238286445, -0.00198948383331, -0.000159575443831, 0.000134485497256, -0.000919614336453, 0.00054484361317, 0.00015717378119, -0.000129777487018], [-0.000264759379206, 0.0015425439924, -0.00168579688761, 0.000685314123984, -0.000147238286445, 0.005951479543, -0.00338185462169, -0.00130280712619, -0.00244913087226, 0.00189463654533, -0.00088219018653, 0.00110868911725, 0.0006652904558], [0.000860937288962, -0.00184198387433, 0.00215830490924, -0.00200466788374, -0.00198948383331, -0.00338185462169, 0.0115875303745, -0.00595086952671, 0.00427695410326, -0.00390064786188, 0.00137396482751, -0.00162046449259, 0.00062934163725], [-0.000360785285011, 0.00295230536722, -0.00124951498583, 0.00121748505626, -0.000159575443831, -0.00130280712619, -0.00595086952671, 0.0186252854764, -0.0101095754653, 0.00345662841573, -0.00237773475237, -0.000359621131793, -0.000516729895025], [0.000506258103997, -0.00329426769167, 0.00194709713105, -0.00142406008672, 0.000134485497256, -0.00244913087226, 0.00427695410326, -0.0101095754653, 0.0252240598202, -0.0110462429002, 0.00268963957205, -0.000218369707, -0.0060079083778], [-0.000751602696255, 0.00270973728038, -0.000981500372291, 0.000346747256117, -0.000919614336453, 0.00189463654533, -0.00390064786188, 0.00345662841573, -0.0110462429002, 0.0204297266901, -0.0039299079217, -0.00124090595637, 0.00367737212218], [-3.41935301549e-05, -0.00185691320803, 0.00100575585384, -0.00081165053416, 0.00054484361317, -0.00088219018653, 0.00137396482751, -0.00237773475237, 0.00268963957205, -0.0039299079217, 0.0129282260314, -0.00444254325703, -0.0025069930125], [-5.48143070773e-05, 0.00172842817847, -0.000479420210468, -5.06452997797e-05, 0.00015717378119, 0.00110868911725, -0.00162046449259, -0.000359621131793, -0.000218369707, -0.00124090595637, -0.00444254325703, 0.0147625440732, -0.0041064103134], [-0.000127493651235, -0.000775151187554, -0.000468608748633, -8.92138195923e-05, -0.000129777487018, 0.0006652904558, 0.00062934163725, -0.000516729895025, -0.0060079083778, 0.00367737212218, -0.0025069930125, -0.0041064103134, 0.0165614169091]]}, "melbands": {"dmean": [0.00129565305542, 0.00135751243215, 0.00119472469669, 0.000638389028609, 0.00113165192306, 0.000332270457875, 0.00010102615488, 5.92537362536e-05, 6.24085732852e-05, 2.93913890346e-05, 2.00197373488e-05, 2.2751835786e-05, 1.35859099828e-05, 5.52810661247e-06, 3.21279503623e-06, 2.66033225671e-06, 4.29609735875e-06, 1.96038945433e-06, 2.35901347878e-06, 3.47025365954e-06, 3.00455599245e-06, 1.57639931331e-06, 5.93809204474e-07, 5.42457541997e-07, 6.28397117453e-07, 4.6582476898e-07, 4.0218148456e-07, 2.54920166753e-07, 2.46222072064e-07, 1.90807398326e-07, 2.28767845556e-07, 2.40683391439e-07, 2.11563175867e-07, 1.69128384186e-07, 2.62127798578e-07, 2.40621233161e-07, 2.26510508128e-07, 3.02420687603e-07, 2.66785491476e-07, 3.26721959709e-07], "dmean2": [0.001940140035, 0.002318816958, 0.00202520354651, 0.00105176039506, 0.00176717364229, 0.000502551265527, 0.000149473271449, 7.91929196566e-05, 8.4528393927e-05, 4.48617538495e-05, 2.97316328215e-05, 3.67737775377e-05, 2.1739389922e-05, 8.61044918565e-06, 4.86807039124e-06, 3.87639283872e-06, 6.76338459016e-06, 3.16566433867e-06, 3.74673618353e-06, 6.16722581981e-06, 5.19723880643e-06, 2.45889896178e-06, 9.35855041462e-07, 8.62678120939e-07, 1.01142256881e-06, 7.44311421386e-07, 6.46370665436e-07, 3.92559854845e-07, 3.8912725131e-07, 2.86346420353e-07, 3.47380108678e-07, 3.74075057152e-07, 3.38097720487e-07, 2.66571220209e-07, 4.37935455011e-07, 4.04120726216e-07, 3.78503244747e-07, 5.20265757586e-07, 4.44627943352e-07, 5.66938922475e-07], "dvar": [7.98994278739e-06, 4.04884758609e-06, 3.12032943839e-06, 7.93643437191e-07, 2.44845500674e-06, 3.33447474077e-07, 4.24941504207e-08, 1.15517266863e-08, 1.13237375032e-08, 3.03199909624e-09, 1.53869639252e-09, 2.56690779743e-09, 8.72186767253e-10, 9.83936612742e-11, 3.27225191388e-11, 6.76064898508e-11, 9.28766855091e-11, 3.14653858524e-11, 7.13292758192e-11, 3.06917685711e-10, 1.73036529549e-10, 7.26140536589e-11, 2.60820575207e-12, 7.12639973074e-12, 8.88942218447e-12, 5.52738063653e-12, 5.36094129158e-12, 2.40563450236e-12, 2.06769215465e-12, 8.54378850654e-13, 1.25016305901e-12, 1.10544928246e-12, 7.43152826603e-13, 3.93539042499e-13, 1.0103179144e-12, 8.13025211391e-13, 7.07155959224e-13, 1.35498274927e-12, 8.80525578666e-13, 1.63947176147e-12], "dvar2": [1.82452076842e-05, 1.12831885417e-05, 8.7202697614e-06, 2.18544255404e-06, 6.40212601866e-06, 7.44649469198e-07, 7.74930271064e-08, 1.97732177298e-08, 2.07940598074e-08, 6.60717924816e-09, 3.08158099038e-09, 7.020314996e-09, 2.42970688014e-09, 2.39288450166e-10, 7.79843481458e-11, 1.04008406054e-10, 1.97258168133e-10, 7.84837889123e-11, 1.51416698624e-10, 8.93720097928e-10, 4.80595563346e-10, 1.29665722604e-10, 5.62072176996e-12, 1.86290635695e-11, 2.20760961595e-11, 1.36090192934e-11, 1.29798350887e-11, 5.52018066674e-12, 4.63695921937e-12, 1.76930768214e-12, 2.82901263179e-12, 2.3908522731e-12, 1.72241680554e-12, 8.09895173929e-13, 2.56165531495e-12, 2.09598289246e-12, 1.81973034731e-12, 3.61817542073e-12, 2.23490605362e-12, 4.38537834518e-12], "max": [0.0380036607385, 0.0265483576804, 0.0357011854649, 0.0150677170604, 0.0230393391103, 0.0136645315215, 0.00707474630326, 0.00331527017988, 0.00277268467471, 0.00144756759983, 0.00128649547696, 0.00190070597455, 0.000802931725048, 0.0003217914782, 0.000124728103401, 0.000846934970468, 0.000333565723849, 0.000134613699629, 0.000661572557874, 0.000357721932232, 0.000267896422883, 0.000772803032305, 7.9978373833e-05, 9.09773007152e-05, 9.14000920602e-05, 6.40499638394e-05, 6.42528975732e-05, 5.58612809982e-05, 4.40980402345e-05, 3.09097267746e-05, 3.07580412482e-05, 2.87690600089e-05, 2.38472330238e-05, 1.53817527462e-05, 1.54741264851e-05, 1.17925628729e-05, 1.51264275701e-05, 1.44757759699e-05, 1.16344426715e-05, 1.38046380016e-05], "mean": [0.00230070925318, 0.00254256394692, 0.00214823638089, 0.00149205781054, 0.0027532086242, 0.000931891379878, 0.000293082208373, 0.000174069951754, 0.000199871661607, 7.60209004511e-05, 4.75472188555e-05, 5.07024051331e-05, 3.36459270329e-05, 1.51545764311e-05, 9.13595249585e-06, 7.0230644269e-06, 8.82346921571e-06, 3.67392271983e-06, 4.54203700428e-06, 3.64338325198e-06, 3.57838348464e-06, 2.74062381322e-06, 1.04959804048e-06, 7.63893808653e-07, 8.70974815825e-07, 5.02192335716e-07, 4.87911904656e-07, 2.86866651322e-07, 2.74366669828e-07, 2.24454410613e-07, 2.40013719122e-07, 2.51646468996e-07, 2.34045018033e-07, 1.98494788606e-07, 2.59272866288e-07, 2.22931618055e-07, 2.08371488952e-07, 2.66829658813e-07, 2.54993523185e-07, 2.54596471905e-07], "median": [0.000826554140076, 0.00151272653602, 0.00107957515866, 0.000996501068585, 0.00195199402515, 0.000438460236182, 9.2144269729e-05, 8.26028044685e-05, 0.00010538729839, 3.21589068335e-05, 2.21891750698e-05, 2.45456249104e-05, 1.88556623471e-05, 8.87498754309e-06, 4.97385599374e-06, 2.56936823462e-06, 3.87605405194e-06, 1.40664269566e-06, 1.45680041896e-06, 7.71737290961e-07, 8.46877242111e-07, 6.65592324367e-07, 3.50931856019e-07, 2.35406133697e-07, 1.18474034139e-07, 8.19485634906e-08, 6.34259436083e-08, 4.636319062e-08, 3.02890335035e-08, 1.90246858267e-08, 1.41535343445e-08, 1.28029569169e-08, 1.3932253573e-08, 1.38153817275e-08, 1.01346628867e-08, 1.09658158109e-08, 1.73465934949e-08, 1.92738660587e-08, 1.59066733119e-08, 7.99358268466e-09], "min": [6.34225314022e-24, 4.52079145387e-24, 3.90942346346e-24, 5.57101538762e-24, 8.27566365536e-24, 6.79310213591e-24, 1.65164470369e-23, 1.95447846556e-23, 1.68644908906e-23, 4.06929164793e-24, 5.23439621202e-24, 2.00465254349e-23, 1.0039468287e-23, 6.10262244076e-24, 7.83142452519e-24, 6.72320748199e-24, 7.12379262738e-24, 1.32763333974e-23, 8.02730894315e-24, 1.09217673999e-23, 1.33597649044e-23, 2.19905532289e-23, 1.22714673879e-23, 1.38008422801e-23, 1.35032255709e-23, 1.45747006286e-23, 1.31405160042e-23, 8.18401773969e-24, 9.69373106263e-24, 1.23326695835e-23, 1.17403162964e-23, 1.16054116153e-23, 5.84960319402e-24, 6.89395958037e-24, 7.52726973685e-24, 1.12385281855e-23, 1.03890938068e-23, 1.00514037525e-23, 8.50774180051e-24, 1.08289066384e-23], "var": [1.35704822242e-05, 8.97650988918e-06, 7.94588413555e-06, 2.53669645645e-06, 8.26592895464e-06, 1.73238095158e-06, 2.85651850618e-07, 6.27683860444e-08, 6.30183123462e-08, 1.63357825045e-08, 6.60699139843e-09, 8.24155499402e-09, 2.56490229056e-09, 4.10307232634e-10, 1.45851275501e-10, 7.35447924782e-10, 2.91553670095e-10, 5.52169560075e-11, 4.16243067791e-10, 1.85945411846e-10, 1.48059758898e-10, 2.41469316764e-10, 6.95636690612e-12, 7.29177482284e-12, 1.46799725154e-11, 5.46607680993e-12, 7.5412844372e-12, 2.28107918838e-12, 2.04432174314e-12, 1.0481591723e-12, 1.33547665114e-12, 1.24141452326e-12, 7.76998094771e-13, 5.02354071969e-13, 8.8473960146e-13, 6.72971010515e-13, 5.72932922892e-13, 9.85741870074e-13, 7.34967479672e-13, 1.15756503775e-12]}, "mfcc": {"mean": [-757.264953613, 206.572174072, 31.5209522247, 8.68120384216, 15.5929584503, -1.51161897182, -1.20693874359, 3.38861250877, -1.58565402031, -5.02842903137, -7.41866016388, -3.60145521164, -2.02964878082], "cov": [[7460.09863281, -761.401062012, 264.813354492, 527.342956543, 284.579742432, 137.263793945, 32.9754829407, -91.872177124, -13.1084251404, 91.3515472412, 124.455673218, 150.427764893, 160.121307373], [-761.401062012, 3437.00024414, -723.686645508, -94.1097488403, 397.468505859, -216.608200073, -133.654022217, -198.10824585, -171.317733765, -114.640075684, -122.21219635, -50.7418632507, -101.444900513], [264.813354492, -723.686645508, 811.615112305, -50.8186454773, -58.5327644348, 135.113372803, -7.12924718857, 44.1116142273, 25.239074707, 5.41265916824, 13.0323390961, -0.288776963949, -13.100104332], [527.342956543, -94.1097488403, -50.8186454773, 290.163970947, 27.795167923, -3.86356639862, 6.83259057999, -19.0603675842, -8.28291988373, 16.6829509735, 17.8877220154, 5.55188846588, 19.1208515167], [284.579742432, 397.468505859, -58.5327644348, 27.795167923, 177.76890564, -10.6171922684, -21.6250915527, -37.9408569336, -17.9357128143, -5.68718719482, -11.04388237, 0.400192826986, -9.23708534241], [137.263793945, -216.608200073, 135.113372803, -3.86356639862, -10.6171922684, 177.209121704, 70.9075164795, 65.6862716675, 60.1176490784, 34.7265472412, 34.7753677368, 20.8404521942, 23.1104183197], [32.9754829407, -133.654022217, -7.12924718857, 6.83259057999, -21.6250915527, 70.9075164795, 145.39225769, 84.0965194702, 49.0238189697, 30.558052063, 32.559337616, 43.5580673218, 36.1553878784], [-91.872177124, -198.10824585, 44.1116142273, -19.0603675842, -37.9408569336, 65.6862716675, 84.0965194702, 140.065689087, 74.9248046875, 24.0430698395, 19.2132511139, 33.0409660339, 56.3604621887], [-13.1084251404, -171.317733765, 25.239074707, -8.28291988373, -17.9357128143, 60.1176490784, 49.0238189697, 74.9248046875, 124.242530823, 61.128868103, 11.7952394485, 20.1113681793, 30.5634479523], [91.3515472412, -114.640075684, 5.41265916824, 16.6829509735, -5.68718719482, 34.7265472412, 30.558052063, 24.0430698395, 61.128868103, 91.2942504883, 41.773235321, 2.57611083984, 0.505921900272], [124.455673218, -122.21219635, 13.0323390961, 17.8877220154, -11.04388237, 34.7753677368, 32.559337616, 19.2132511139, 11.7952394485, 41.773235321, 80.7462387085, 32.3759078979, -3.33461308479], [150.427764893, -50.7418632507, -0.288776963949, 5.55188846588, 0.400192826986, 20.8404521942, 43.5580673218, 33.0409660339, 20.1113681793, 2.57611083984, 32.3759078979, 87.4894790649, 59.0947799683], [160.121307373, -101.444900513, -13.100104332, 19.1208515167, -9.23708534241, 23.1104183197, 36.1553878784, 56.3604621887, 30.5634479523, 0.505921900272, -3.33461308479, 59.0947799683, 129.959976196]], "icov": [[0.000191995088244, 6.92487228662e-05, -4.91854407301e-05, -0.000247673742706, -0.000401332508773, -8.82297754288e-05, -1.43025408761e-05, 0.000254682119703, 0.00010438136087, -0.000139813055284, -7.47943413444e-05, -0.000191531304154, -0.000209153702599], [6.92487228662e-05, 0.00059271894861, 0.000421200500568, 0.000219085253775, -0.00120629684534, -5.20557405252e-05, 0.000124053112813, 1.94198014469e-06, 0.000548475421965, -0.000154614433995, 0.000679254124407, -0.000456913752714, 0.000372543203412], [-4.91854407301e-05, 0.000421200500568, 0.00192820630036, 0.000402934587328, -0.000204769850825, -0.00160028005484, 0.00122131989338, -0.000810205587186, 0.000895257282536, -0.000296883663395, 0.00111119938083, -0.000924918742385, 0.00104577431921], [-0.000247673742706, 0.000219085253775, 0.000402934587328, 0.00428338767961, -0.000599031918682, 0.000252310332144, -0.000526695861481, 0.000788097444456, 0.00028033441049, -0.000269103213213, -0.000858866784256, 0.00112177454866, -0.00099312432576], [-0.000401332508773, -0.00120629684534, -0.000204769850825, -0.000599031918682, 0.0092049036175, -0.000866120681167, 0.000541337067261, 0.000810559315141, -0.000403301877668, -0.000632848998066, 0.000970105582383, -0.000958640419412, 0.000484609918203], [-8.82297754288e-05, -5.20557405252e-05, -0.00160028005484, 0.000252310332144, -0.000866120681167, 0.00996234361082, -0.00378191121854, 1.16942021577e-06, -0.00392084987834, 0.00207399693318, -0.00444720964879, 0.00313929026015, -0.00153943803161], [-1.43025408761e-05, 0.000124053112813, 0.00122131989338, -0.000526695861481, 0.000541337067261, -0.00378191121854, 0.0138576915488, -0.00741100823507, 0.00273675331846, -0.00362169579603, 0.0020235478878, -0.00607496360317, 0.00256954971701], [0.000254682119703, 1.94198014469e-06, -0.000810205587186, 0.000788097444456, 0.000810559315141, 1.16942021577e-06, -0.00741100823507, 0.0188116431236, -0.00978063046932, 0.00636019557714, -0.00586017826572, 0.00477669015527, -0.00659585837275], [0.00010438136087, 0.000548475421965, 0.000895257282536, 0.00028033441049, -0.000403301877668, -0.00392084987834, 0.00273675331846, -0.00978063046932, 0.0232256334275, -0.0173425544053, 0.0122545696795, -0.00805163662881, 0.00307838013396], [-0.000139813055284, -0.000154614433995, -0.000296883663395, -0.000269103213213, -0.000632848998066, 0.00207399693318, -0.00362169579603, 0.00636019557714, -0.0173425544053, 0.029441030696, -0.0184934791178, 0.0116961384192, -0.00393224041909], [-7.47943413444e-05, 0.000679254124407, 0.00111119938083, -0.000858866784256, 0.000970105582383, -0.00444720964879, 0.0020235478878, -0.00586017826572, 0.0122545696795, -0.0184934791178, 0.0314007028937, -0.0176020562649, 0.0096986265853], [-0.000191531304154, -0.000456913752714, -0.000924918742385, 0.00112177454866, -0.000958640419412, 0.00313929026015, -0.00607496360317, 0.00477669015527, -0.00805163662881, 0.0116961384192, -0.0176020562649, 0.0287371575832, -0.0130576500669], [-0.000209153702599, 0.000372543203412, 0.00104577431921, -0.00099312432576, 0.000484609918203, -0.00153943803161, 0.00256954971701, -0.00659585837275, 0.00307838013396, -0.00393224041909, 0.0096986265853, -0.0130576500669, 0.0164262205362]]}, "spectral_contrast_coeffs": {"dmean": [0.0498078130186, 0.0415434651077, 0.0324937924743, 0.0281686969101, 0.0209866445512, 0.0264818463475], "dmean2": [0.0809251219034, 0.0675545856357, 0.052715357393, 0.0467378385365, 0.033745188266, 0.0442862063646], "dvar": [0.00161419936921, 0.00128004618455, 0.00075332907727, 0.000657999305986, 0.000362031976692, 0.000770815939177], "dvar2": [0.00421031937003, 0.00331798521802, 0.00191068067215, 0.00173565221485, 0.000866256130394, 0.00219214963727], "max": [-0.292290210724, -0.403588533401, -0.498686909676, -0.534522294998, -0.586500704288, -0.624352216721], "mean": [-0.587934374809, -0.664280772209, -0.745896995068, -0.775523245335, -0.789436757565, -0.817626237869], "median": [-0.589403152466, -0.665356814861, -0.749092817307, -0.77637720108, -0.794195055962, -0.819821953773], "min": [-0.950649917126, -0.962299585342, -0.973473668098, -0.973839700222, -0.962688446045, -0.959515929222], "var": [0.0106270872056, 0.00667547201738, 0.00288629624993, 0.00225003436208, 0.00254107895307, 0.00175428320654]}, "spectral_contrast_valleys": {"dmean": [0.399198114872, 0.314633786678, 0.300113797188, 0.353763580322, 0.378855347633, 0.598204672337], "dmean2": [0.652965426445, 0.515230178833, 0.484295815229, 0.554059565067, 0.552772283554, 0.891830384731], "dvar": [0.17174321413, 0.116439864039, 0.100579723716, 0.171770736575, 0.256976813078, 0.457233607769], "dvar2": [0.364120185375, 0.243496775627, 0.195045933127, 0.33132737875, 