{"lowlevel": {"average_loudness": 0.901134073734, "barkbands_crest": {"dmean": 2.36709666252, "dmean2": 3.7522714138, "dvar": 5.25517892838, "dvar2": 12.1422863007, "max": 26.8247966766, "mean": 11.5236721039, "median": 10.4436016083, "min": 2.55422091484, "var": 23.7763786316}, "barkbands_flatness_db": {"dmean": 0.0256101861596, "dmean2": 0.0354830399156, "dvar": 0.000635483011138, "dvar2": 0.00116198568139, "max": 0.471052706242, "mean": 0.147439539433, "median": 0.1335311234, "min": 0.0233873128891, "var": 0.00476893270388}, "barkbands_kurtosis": {"dmean": 5.24249267578, "dmean2": 8.17430877686, "dvar": 149.297027588, "dvar2": 374.711303711, "max": 474.351715088, "mean": 10.1756925583, "median": 3.24259400368, "min": -1.95657145977, "var": 722.123718262}, "barkbands_skewness": {"dmean": 0.683686673641, "dmean2": 1.02366864681, "dvar": 0.70494300127, "dvar2": 1.4599814415, "max": 18.9967365265, "mean": 1.81652462482, "median": 1.73145890236, "min": -10.1987018585, "var": 5.16566419601}, "barkbands_spread": {"dmean": 8.56699848175, "dmean2": 12.9507761002, "dvar": 138.052383423, "dvar2": 296.751800537, "max": 138.595901489, "mean": 23.6330547333, "median": 18.7608642578, "min": 0.513163208961, "var": 323.298980713}, "dissonance": {"dmean": 0.0179073121399, "dmean2": 0.0283743962646, "dvar": 0.000692256959155, "dvar2": 0.00181566271931, "max": 0.500000059605, "mean": 0.457929670811, "median": 0.471001029015, "min": 0.134250625968, "var": 0.00149508484174}, "dynamic_complexity": 3.60228419304, "erbbands_crest": {"dmean": 2.55544567108, "dmean2": 3.83162498474, "dvar": 9.28194713593, "dvar2": 16.8316287994, "max": 35.2095603943, "mean": 10.8831253052, "median": 8.67458820343, "min": 2.37491488457, "var": 53.1447029114}, "erbbands_flatness_db": {"dmean": 0.0219483375549, "dmean2": 0.0274055022746, "dvar": 0.000675755145494, "dvar2": 0.000880108273122, "max": 0.517535805702, "mean": 0.147741377354, "median": 0.128281846642, "min": 0.0450065843761, "var": 0.00536651816219}, "erbbands_kurtosis": {"dmean": 3.32523870468, "dmean2": 4.42165708542, "dvar": 170.977706909, "dvar2": 265.88671875, "max": 359.733459473, "mean": 6.57153081894, "median": -0.123459815979, "min": -1.79237568378, "var": 820.630615234}, "erbbands_skewness": {"dmean": 0.47861418128, "dmean2": 0.671798527241, "dvar": 0.649615645409, "dvar2": 1.17391216755, "max": 13.5149259567, "mean": -0.139757230878, "median": 0.0813091397285, "min": -14.790102005, "var": 3.26126408577}, "erbbands_spread": {"dmean": 10.6699075699, "dmean2": 15.7338523865, "dvar": 171.907287598, "dvar2": 356.445556641, "max": 170.872558594, "mean": 47.1410636902, "median": 47.7759933472, "min": 0.202971801162, "var": 656.501037598}, "hfc": {"dmean": 9.73647499084, "dmean2": 14.7068758011, "dvar": 267.362609863, "dvar2": 588.74432373, "max": 236.436828613, "mean": 25.8518218994, "median": 18.1752662659, "min": 1.08718068444e-16, "var": 845.170715332}, "melbands_crest": {"dmean": 3.38788700104, "dmean2": 5.58192968369, "dvar": 9.1323223114, "dvar2": 24.8549461365, "max": 37.2515563965, "mean": 17.0315856934, "median": 16.6537780762, "min": 1.66887390614, "var": 32.8635749817}, "melbands_flatness_db": {"dmean": 0.0293207764626, "dmean2": 0.042673189193, "dvar": 0.00088938139379, "dvar2": 0.00185599026736, "max": 0.615295350552, "mean": 0.225575327873, "median": 0.215075984597, "min": 0.00361029291525, "var": 0.00658011250198}, "melbands_kurtosis": {"dmean": 12.7569475174, "dmean2": 20.0695171356, "dvar": 627.806030273, "dvar2": 1462.27514648, "max": 426.760986328, "mean": 28.4717903137, "median": 13.3401384354, "min": -1.97678744793, "var": 2271.12207031}, "melbands_skewness": {"dmean": 0.973706305027, "dmean2": 1.45288455486, "dvar": 1.36945128441, "dvar2": 2.92651581764, "max": 16.150844574, "mean": 3.50841140747, "median": 3.20925140381, "min": -7.91341543198, "var": 7.87271642685}, "melbands_spread": {"dmean": 7.11510753632, "dmean2": 11.276717186, "dvar": 112.509140015, "dvar2": 267.73135376, "max": 185.315368652, "mean": 22.5678310394, "median": 16.4278697968, "min": 0.416183978319, "var": 513.971618652}, "pitch_salience": {"dmean": 0.0736637040973, "dmean2": 0.119133301079, "dvar": 0.0044550714083, "dvar2": 0.011557765305, "max": 0.918073952198, "mean": 0.492086708546, "median": 0.496797561646, "min": 0.0550740472972, "var": 0.0169447623193}, "silence_rate_20dB": {"dmean": 0, "dmean2": 0, "dvar": 0, "dvar2": 0, "max": 1, "mean": 1, "median": 1, "min": 1, "var": 0}, "silence_rate_30dB": {"dmean": 0.00147427397314, "dmean2": 0.0029489826411, "dvar": 0.00147199758794, "dvar2": 0.0035304329358, "max": 1, "mean": 0.998378515244, "median": 1, "min": 0, "var": 0.00161893037148}, "silence_rate_60dB": {"dmean": 0.00412796717137, "dmean2": 0.00825715158135, "dvar": 0.00411099521443, "dvar2": 0.00877894833684, "max": 1, "mean": 0.0707547143102, "median": 0, "min": 0, "var": 0.0657475590706}, "spectral_centroid": {"dmean": 288.436065674, "dmean2": 427.572174072, "dvar": 152983.59375, "dvar2": 315867.4375, "max": 11775.25, "mean": 1411.78491211, "median": 1142.8260498, "min": 124.102760315, "var": 1679488.125}, "spectral_complexity": {"dmean": 3.56921720505, "dmean2": 5.44411659241, "dvar": 20.807756424, "dvar2": 42.8336906433, "max": 52, "mean": 15.3587856293, "median": 15, "min": 0, "var": 72.8357849121}, "spectral_decrease": {"dmean": 1.96556637633e-09, "dmean2": 3.17575699071e-09, "dvar": 4.2197655284e-18, "dvar2": 1.03916301531e-17, "max": 5.44316110487e-17, "mean": -7.9692163979e-09, "median": -8.26736368253e-09, "min": -2.6802339903e-08, "var": 1.92100322643e-17}, "spectral_energy": {"dmean": 0.0078909965232, "dmean2": 0.0126733593643, "dvar": 6.9593959779e-05, "dvar2": 0.000166513229487, "max": 0.120735429227, "mean": 0.032422516495, "median": 0.0334837809205, "min": 9.7734047014e-21, "var": 0.000324643478962}, "spectral_energyband_high": {"dmean": 0.000821426336188, "dmean2": 0.00124310154933, "dvar": 2.58149111687e-06, "dvar2": 5.9814396991e-06, "max": 0.0187206771225, "mean": 0.00114814960398, "median": 0.000421209959313, "min": 6.82890506141e-21, "var": 3.59749924428e-06}, "spectral_energyband_low": {"dmean": 0.00535636208951, "dmean2": 0.00895807053894, "dvar": 4.33842506027e-05, "dvar2": 0.000119509546494, "max": 0.0772469341755, "mean": 0.0130289988592, "median": 0.00977749191225, "min": 7.63741996277e-24, "var": 0.000150677515194}, "spectral_energyband_middle_high": {"dmean": 0.00193197454792, "dmean2": 0.00260456185788, "dvar": 2.79201576632e-05, "dvar2": 4.32200758951e-05, "max": 0.119497776031, "mean": 0.00665117707103, "median": 0.00289507675916, "min": 1.19799269588e-21, "var": 0.000190017381101}, "spectral_energyband_middle_low": {"dmean": 0.0041105072014, "dmean2": 0.00627621682361, "dvar": 2.57439678535e-05, "dvar2": 5.81465210416e-05, "max": 0.0716902017593, "mean": 0.0131942201406, "median": 0.0100345220417, "min": 1.38289285682e-22, "var": 0.000129018924781}, "spectral_entropy": {"dmean": 0.246737986803, "dmean2": 0.309683173895, "dvar": 0.0704653039575, "dvar2": 0.11340841651, "max": 9.81807327271, "mean": 7.51441001892, "median": 7.55307912827, "min": 4.17300748825, "var": 0.465508431196}, "spectral_flux": {"dmean": 0.0256719402969, "dmean2": 0.039864204824, "dvar": 0.000775277789216, "dvar2": 0.00185288279317, "max": 0.344490498304, "mean": 0.0810351446271, "median": 0.0751755684614, "min": 6.49507947426e-11, "var": 0.00210515409708}, "spectral_kurtosis": {"dmean": 1.44928026199, "dmean2": 2.1773622036, "dvar": 6.74682474136, "dvar2": 13.3768777847, "max": 73.5600967407, "mean": 4.29400110245, "median": 3.12798595428, "min": -1.27249741554, "var": 23.4543552399}, "spectral_rms": {"dmean": 0.000689182197675, "dmean2": 0.00109925912693, "dvar": 5.12062570124e-07, "dvar2": 1.19461492432e-06, "max": 0.0108531406149, "mean": 0.00528261531144, "median": 0.00571551406756, "min": 3.08788411507e-12, "var": 3.72575595975e-06}, "spectral_rolloff": {"dmean": 684.840332031, "dmean2": 1165.2545166, "dvar": 1916333.625, "dvar2": 4682793, "max": 19552.1484375, "mean": 1638.9263916, "median": 861.328125, "min": 64.599609375, "var": 7895601.5}, "spectral_skewness": {"dmean": 0.206998854876, "dmean2": 0.297343611717, "dvar": 0.0658580213785, "dvar2": 0.119033709168, "max": 6.75103473663, "mean": 1.51588571072, "median": 1.40155005455, "min": -0.0877864956856, "var": 0.356092423201}, "spectral_spread": {"dmean": 841194.6875, "dmean2": 1154528.25, "dvar": 1133610008580.0, "dvar2": 2050966683650.0, "max": 42573668, "mean": 5896825, "median": 5187478, "min": 1003191.6875, "var": 18551276568600.0}, "spectral_strongpeak": {"dmean": 0.673581242561, "dmean2": 1.04166400433, "dvar": 2.42705559731, "dvar2": 4.67815923691, "max": 28.0575065613, "mean": 1.67703652382, "median": 0.570501089096, "min": 0, "var": 11.7746047974}, "zerocrossingrate": {"dmean": 0.0132837984711, "dmean2": 0.0155488271266, "dvar": 0.000267004303169, "dvar2": 0.000323939049849, "max": 0.71630859375, "mean": 0.0683089196682, "median": 0.0537109375, "min": 0.00341796875, "var": 0.00548402639106}, "barkbands": {"dmean": [0.000569619995076, 0.00244020530954, 0.00307123875245, 0.00204558623955, 0.00159375963267, 0.000530558230821, 0.00115065008868, 0.000572377932258, 0.000464874930913, 0.000259268999798, 0.000103167942143, 0.000186045872397, 0.000302466040011, 0.00065819901647, 0.000604258966632, 0.000571408018004, 0.000226961623412, 9.12238247111e-05, 8.4840474301e-05, 0.000132597415359, 0.000155978719704, 0.000163641103427, 0.000107476189442, 9.70208493527e-05, 0.00017644991749, 0.00010163216939, 2.4093367756e-05], "dmean2": [0.00100711314008, 0.0037387276534, 0.00535732554272, 0.00332881952636, 0.00246847001836, 0.000803659087978, 0.00167837343179, 0.000773336156271, 0.00061701843515, 0.000322010891978, 0.000142134653288, 0.000278693041764, 0.000459645874798, 0.000949178764131, 0.000860280182678, 0.000805205956567, 0.000335124146659, 0.000141846379847, 0.000130982283736, 0.000203670831979, 0.000235702493228, 0.00025379989529, 0.000160113049787, 0.00014743146312, 0.000281712418655, 0.00016499911726, 3.8859059714e-05], "dvar": [9.34403999509e-07, 1.02723461168e-05, 1.75055884029e-05, 9.09791742743e-06, 5.7511479099e-06, 2.00202543965e-06, 8.97802146937e-06, 3.25925134348e-06, 2.67503901341e-06, 8.32432419884e-07, 1.6349591192e-07, 4.13604027472e-07, 6.27821236776e-07, 1.44366913446e-05, 1.36895296237e-05, 1.51204021677e-05, 3.18298566526e-06, 1.67083644698e-08, 1.92118019271e-08, 5.55888135523e-08, 8.49436432304e-08, 1.15360833775e-07, 5.46780860589e-08, 4.65731702093e-08, 1.4069792087e-07, 5.60023210028e-08, 3.19404080962e-09], "dvar2": [2.67831978817e-06, 2.36446194322e-05, 4.96062966704e-05, 2.37034273596e-05, 1.37460619953e-05, 3.97703479393e-06, 1.773610893e-05, 5.89909586779e-06, 5.05352318214e-06, 1.19594062653e-06, 3.0736416079e-07, 9.98846985567e-07, 1.28266526644e-06, 2.5015526262e-05, 2.19589892367e-05, 2.46887266258e-05, 5.55398310098e-06, 3.93090999751e-08, 4.40889600384e-08, 1.32025562039e-07, 1.97976916638e-07, 2.7689574722e-07, 1.20962212691e-07, 1.01967792432e-07, 3.39236692071e-07, 1.42564999805e-07, 7.90453480448e-09], "max": [0.0108327958733, 0.0500008873641, 0.0450572595, 0.0510035678744, 0.0545158237219, 0.0548690147698, 0.0657269209623, 0.0480799376965, 0.0333294421434, 0.0334987044334, 0.0143996598199, 0.0262435898185, 0.0282266940922, 0.107277445495, 0.1192060709, 0.104533940554, 0.0834827572107, 0.00241842400283, 0.0039316797629, 0.00594733003527, 0.00416840845719, 0.00397666776553, 0.00427914271131, 0.0048481929116, 0.00403945799917, 0.0029042349197, 0.000963980040979], "mean": [0.000532503589056, 0.00513425469398, 0.0058632963337, 0.00340975099243, 0.00403316644952, 0.000962124380749, 0.00244650640525, 0.0011711610714, 0.00101412681397, 0.000663724087644, 0.000187002733583, 0.000381450430723, 0.000676925294101, 0.00145457463805, 0.00121192424558, 0.00125551375095, 0.00037316858652, 0.000198780864594, 0.000169140446815, 0.000246051058639, 0.000250968325417, 0.000212724480662, 0.000151889093104, 0.000127918945509, 0.000182154952199, 9.03200780158e-05, 2.1395217118e-05], "median": [0.000209487523534, 0.00228268257342, 0.00358177209273, 0.00209331279621, 0.00219074496999, 0.000235961662838, 0.000368744309526, 7.21939723007e-05, 5.69288968109e-05, 4.05234313803e-05, 3.7822923332e-05, 0.0001611780026, 0.000371909816749, 0.000105826889921, 0.000151583459228, 0.000119376316434, 0.000147762184497, 0.000130669912323, 0.0001127787109, 0.000136280534207, 0.000112062378321, 7.92899954831e-05, 5.49174837943e-05, 3.45832777384e-05, 3.26753834088e-05, 1.15592174552e-05, 2.29361785387e-06], "min": [2.37124882792e-25, 1.05154981172e-24, 1.58874860678e-24, 1.10840715868e-24, 1.00060087517e-23, 9.87634447358e-24, 2.87742675256e-24, 1.06760837707e-23, 1.54189427248e-23, 1.58782348988e-23, 1.85335627939e-23, 2.73764710826e-23, 2.60074250697e-23, 4.03172546053e-23, 3.92015244509e-23, 7.30254535306e-23, 8.06277881157e-23, 8.85391857818e-23, 1.26114195797e-22, 1.47777414349e-22, 2.41110097644e-22, 3.39018111081e-22, 3.81111097895e-22, 5.65424447297e-22, 8.25266040825e-22, 1.31987592141e-21, 1.8705550564e-21], "var": [8.41514065542e-07, 4.97337241541e-05, 4.64779914182e-05, 1.69627001014e-05, 3.02374191961e-05, 4.78796118841e-06, 3.52553834091e-05, 1.12470324893e-05, 8.94289314601e-06, 5.23224071003e-06, 3.8962372173e-07, 7.31784382424e-07, 1.42892520216e-06, 6.04900960752e-05, 5.24119168404e-05, 6.2852872361e-05, 6.67717540637e-06, 4.93201142149e-08, 3.5976398749e-08, 1.02328563401e-07, 1.3496413942e-07, 1.35499064413e-07, 8.63135767304e-08, 8.24369195129e-08, 1.5339003312e-07, 4.74546659746e-08, 2.7860573848e-09]}, "erbbands": {"dmean": [0.0210554469377, 0.719568490982, 3.42574119568, 4.85766792297, 5.86796188354, 5.40356874466, 3.90525889397, 4.75064134598, 15.3835926056, 13.7942476273, 12.3279933929, 10.7167320251, 8.71205615997, 5.17080926895, 4.88312339783, 6.81235313416, 12.84486866, 22.0585269928, 38.5202713013, 26.2980861664, 23.3625831604, 9.77750682831, 5.04663658142, 3.96260452271, 4.75413608551, 6.5333070755, 6.62053585052, 5.50958108902, 6.24426984787, 4.30204343796, 2.92045426369, 2.23956871033, 1.58427846432, 1.6483528614, 1.39451789856, 0.602431416512, 0.157623127103, 0.0304090548307, 0.00462364405394, 0.000180690170964], "dmean2": [0.0343169569969, 1.11853849888, 5.92358446121, 8.03855419159, 9.35509300232, 8.14782810211, 5.84514904022, 7.07499217987, 22.5303993225, 19.092622757, 16.3028335571, 14.0141201019, 10.8047933578, 6.59521198273, 6.65647935867, 10.206735611, 19.3550853729, 29.7108726501, 49.404876709, 32.6449661255, 30.8092517853, 14.2474918365, 7.76886844635, 6.0931429863, 7.25323057175, 10.0820331573, 10.0524425507, 8.34872150421, 9.70467090607, 6.56888341904, 4.37085103989, 3.45033288002, 2.39586734772, 2.58324742317, 2.26416945457, 0.981137692928, 0.257409870625, 0.0489984378219, 0.00748893013224, 0.000290988129564], "dvar": [0.000944829895161, 0.884063184261, 20.5556468964, 51.696395874, 67.3484344482, 100.753959656, 88.2613983154, 208.243713379, 1761.34094238, 1718.42114258, 1450.81994629, 1413.15429688, 1072.7869873, 381.032104492, 373.581420898, 485.187164307, 788.269348145, 12706.9824219, 41153.4335938, 25326.8300781, 27739.0722656, 2507.5871582, 52.69348526, 44.5720100403, 57.6532173157, 147.464706421, 152.982681274, 122.094482422, 171.467880249, 79.9011993408, 41.8425445557, 22.3976039886, 14.6498298645, 12.2702598572, 9.30698776245, 1.91672456264, 0.151149481535, 0.00475205061957, 0.000125042453874, 1.69037932096e-07], "dvar2": [0.00247248611413, 2.0986430645, 60.0287437439, 144.337173462, 177.952194214, 215.757644653, 180.210693359, 390.916900635, 3573.60473633, 3010.92993164, 2593.84912109, 2531.35693359, 1730.9666748, 554.185913086, 656.439575195, 1151.34509277, 1500.08215332, 18413.3476562, 55647.8007812, 32718.2832031, 44815.7460938, 3474.12817383, 121.576629639, 105.925262451, 130.408218384, 357.196380615, 351.643493652, 284.314331055, 414.044372559, 183.243621826, 94.6373138428, 52.2575836182, 30.9679069519, 28.3772678375, 22.920211792, 4.85698366165, 0.390863388777, 0.0117629049346, 0.000312873045914, 4.20480432695e-07], "max": [0.90218681097, 14.5947704315, 50.9606170654, 98.9896697998, 116.906349182, 250.344192505, 390.892242432, 652.203125, 783.301452637, 1379.5579834, 1235.44128418, 948.389526367, 1033.24084473, 864.244018555, 742.763244629, 1088.33056641, 1080.29150391, 5208.67919922, 6632.31445312, 5993.55957031, 7219.44824219, 2371.79663086, 139.642791748, 226.031646729, 131.59413147, 310.048675537, 198.341262817, 174.283050537, 146.542861938, 113.89855957, 126.341033936, 77.1860198975, 104.801063538, 58.1885070801, 33.6191139221, 13.4124183655, 6.4275188446, 0.770504117012, 0.21807910502, 0.00577930826694], "mean": [0.0438421815634, 1.52658855915, 6.69559049606, 9.49269104004, 12.1398096085, 13.1740217209, 10.6436100006, 9.19449901581, 31.4688053131, 31.1743202209, 26.3987255096, 23.0473384857, 20.2596588135, 12.8452768326, 10.395236969, 15.2181282043, 31.8192405701, 47.6388511658, 94.2945556641, 63.8225326538, 55.5299987793, 20.9777736664, 11.5782623291, 8.49411487579, 10.1090297699, 12.0092058182, 10.9447813034, 8.40733623505, 7.96881198883, 6.0142250061, 4.01792478561, 2.92472696304, 2.07267999649, 1.82024359703, 1.35338914394, 0.541860759258, 0.138341441751, 0.0274805705994, 0.00406807847321, 0.000195127067855], "median": [0.0247164443135, 0.742069602013, 4.24974536896, 6.09137296677, 8.5304069519, 5.76072502136, 2.85956001282, 2.64556360245, 6.23007678986, 4.13090085983, 2.54585814476, 1.86162233353, 1.07548177242, 1.99790501595, 2.68769478798, 7.90923881531, 18.1197319031, 9.72514724731, 9.26337718964, 7.312707901, 7.97164916992, 9.37880134583, 8.04400444031, 5.96807479858, 6.85048675537, 6.4119887352, 4.87254428864, 3.59088420868, 2.9817917347, 2.24597787857, 1.43326687813, 0.873671114445, 0.501447081566, 0.339743554592, 0.231329649687, 0.0755987837911, 0.016144361347, 0.00324074737728, 0.000430972897448, 6.39415084152e-05], "min": [4.38063958555e-23, 2.61090997741e-22, 2.07227363086e-21, 3.42490537946e-21, 1.74243495771e-20, 3.12897804181e-20, 5.91758030884e-20, 6.50463362074e-20, 1.23956620782e-19, 1.93278078426e-19, 3.32080626649e-19, 4.28633490445e-19, 5.0014322855e-19, 5.95288541136e-19, 1.10268541988e-18, 1.71469360764e-18, 1.53253220333e-18, 2.11552186123e-18, 2.76020223562e-18, 4.01023240743e-18, 3.95060095707e-18, 5.09442630811e-18, 5.43772942338e-18, 6.06919207197e-18, 5.78239076921e-18, 7.81675256387e-18, 8.79661169235e-18, 9.89470801758e-18, 1.07230458558e-17, 9.51676340544e-18, 1.07409427355e-17, 1.07388400424e-17, 9.69972086769e-18, 7.54619171167e-18, 5.99416348168e-18, 3.97400975482e-18, 2.14568065957e-18, 8.97805293253e-19, 2.49151349994e-19, 2.85429171678e-20], "var": [0.00275973323733, 4.11164474487, 54.4655075073, 107.295425415, 153.844726562, 482.558532715, 827.334655762, 471.1300354, 5539.12158203, 7915.70410156, 4746.37158203, 4721.93994141, 4247.98583984, 1760.203125, 999.079101562, 905.646240234, 2484.63549805, 46231.9101562, 225770.421875, 154486.078125, 119821.09375, 9307.54980469, 158.395751953, 81.9273757935, 123.222297668, 256.580871582, 271.358734131, 170.235824585, 194.326766968, 113.612342834, 62.7986450195, 32.1645965576, 29.1368999481, 17.1315002441, 8.8232011795, 1.6449867487, 0.122748218477, 0.00425306428224, 0.000105626873847, 1.47956669139e-07]}, "gfcc": {"mean": [-22.9401702881, 69.5905838013, -92.334197998, 42.4153747559, -38.5016670227, 16.1413822174, -40.3115386963, -3.58457922935, -25.9237804413, 6.8204870224, -16.7548370361, -6.02345180511, -20.31498909], "cov": [[34936.1601562, 997.684082031, -1998.89477539, 1154.52355957, -2006.43920898, -276.592193604, -951.24798584, 358.026794434, -590.993896484, 87.7886352539, -536.743896484, -28.4155502319, -513.09753418], [997.684082031, 1698.70666504, -490.665893555, -252.028991699, -145.318237305, -53.378742218, 80.9777679443, 33.5306243896, 67.0155792236, -134.767791748, 84.0804367065, -125.79611969, -33.1345100403], [-1998.89477539, -490.665893555, 773.94152832, 178.001495361, 181.412994385, 54.7772064209, 101.835670471, 12.9010429382, -3.47834086418, 42.4814834595, 60.2368736267, 103.297271729, 0.862528085709], [1154.52355957, -252.028991699, 178.001495361, 542.96661377, 153.206558228, 82.9260253906, -114.359870911, -92.6557312012, -42.6825942993, 36.5967636108, 1.79323422909, 51.3412857056, -0.624010741711], [-2006.43920898, -145.318237305, 181.412994385, 153.206558228, 495, 163.790298462, -33.0541343689, -143.807189941, 62.7356109619, 27.8012084961, -2.64203476906, -10.8409061432, 58.2315406799], [-276.592193604, -53.378742218, 54.7772064209, 82.9260253906, 163.790298462, 190.786437988, 64.814239502, -47.0606460571, -25.151014328, 7.04368877411, 8.10422897339, -24.17628479, -13.9976263046], [-951.24798584, 80.9777679443, 101.835670471, -114.359870911, -33.0541343689, 64.814239502, 236.373077393, 96.5519714355, -15.0442562103, -47.0241889954, 44.1383743286, 1.53306245804, -22.7415466309], [358.026794434, 33.5306243896, 12.9010429382, -92.6557312012, -143.807189941, -47.0606460571, 96.5519714355, 182.501434326, 33.5506973267, -32.4965515137, -12.9571285248, 3.68754673004, -16.6815433502], [-590.993896484, 67.0155792236, -3.47834086418, -42.6825942993, 62.7356109619, -25.151014328, -15.0442562103, 33.5506973267, 128.145080566, 23.961730957, -11.3246994019, -29.7606582642, 27.743434906], [87.7886352539, -134.767791748, 42.4814834595, 36.5967636108, 27.8012084961, 7.04368877411, -47.0241889954, -32.4965515137, 23.961730957, 100.486656189, 12.6144142151, -7.59571743011, -12.2838602066], [-536.743896484, 84.0804367065, 60.2368736267, 1.79323422909, -2.64203476906, 8.10422897339, 44.1383743286, -12.9571285248, -11.3246994019, 12.6144142151, 94.4642868042, 24.4640445709, -12.6172199249], [-28.4155502319, -125.79611969, 103.297271729, 51.3412857056, -10.8409061432, -24.17628479, 1.53306245804, 3.68754673004, -29.7606582642, -7.59571743011, 24.4640445709, 98.8837890625, 23.6223049164], [-513.09753418, -33.1345100403, 0.862528085709, -0.624010741711, 58.2315406799, -13.9976263046, -22.7415466309, -16.6815433502, 27.743434906, -12.2838602066, -12.6172199249, 23.6223049164, 80.9246368408]], "icov": [[0.000118462383398, -0.000176881614607, 0.000159439063282, -0.000307069189148, 0.000439144903794, -0.000460431590909, 0.000538162130397, -0.000485378375743, 0.000396738527343, -0.000466694473289, 0.000741479394492, -0.000440445437562, 0.000367471890058], [-0.000176881614607, 0.00143277889583, 0.000349877460394, 0.000449316226877, -0.000463992415462, 0.000888847454917, -0.000977483112365, 0.00123789953068, -0.0018182619242, 0.00271292123944, -0.00299788103439, 0.00171109009534, 1.26062013805e-06], [0.000159439063282, 0.000349877460394, 0.00283498759381, -0.00112714024726, -0.000756073510274, 0.000770778744482, -0.0012681663502, -0.000945637817495, 0.00026962874108, -0.00125272688456, 0.000159947870998, -0.00216554803774, 0.00161580496933], [-0.000307069189148, 0.000449316226877, -0.00112714024726, 0.00389429391362, -0.0013065476669, -0.000951557885855, 0.00147269864101, 0.000690756656695, -0.000404219375923, 0.00160739233252, -0.00232158624567, -0.000130506770802, -0.000330417475197], [0.000439144903794, -0.000463992415462, -0.000756073510274, -0.0013065476669, 0.00821131747216, -0.00689684366807, 0.00264721480198, 0.00297156837769, -0.00412687147036, 0.000570379255805, 0.00321158347651, -0.001775451703, -0.000632398470771], [-0.000460431590909, 0.000888847454917, 0.000770778744482, -0.000951557885855, -0.00689684366807, 0.015876038, -0.00914825778455, 0.0027773284819, 0.00297261890955, -0.00108025362715, -0.00153379223775, 0.00497910706326, 0.000263966212515], [0.000538162130397, -0.000977483112365, -0.0012681663502, 0.00147269864101, 0.00264721480198, -0.00914825778455, 0.0157814845443, -0.00898909009993, 0.00351613224484, 0.00216152495705, -0.00255785719492, -0.000786755641457, 0.00108504027594], [-0.000485378375743, 0.00123789953068, -0.000945637817495, 0.000690756656695, 0.00297156837769, 0.0027773284819, -0.00898909009993, 0.0177075620741, -0.0108460159972, 0.00525416154414, 0.00180393480696, -0.00125411932822, 0.0020741650369], [0.000396738527343, -0.0018182619242, 0.00026962874108, -0.000404219375923, -0.00412687147036, 0.00297261890955, 0.00351613224484, -0.0108460159972, 0.0204395018518, -0.0091147320345, 0.0019526501419, 0.00461983168498, -0.00543380761519], [-0.000466694473289, 0.00271292123944, -0.00125272688456, 0.00160739233252, 0.000570379255805, -0.00108025362715, 0.00216152495705, 0.00525416154414, -0.0091147320345, 0.0205046795309, -0.00884524546564, 0.00364842405543, 0.00306393695064], [0.000741479394492, -0.00299788103439, 0.000159947870998, -0.00232158624567, 0.00321158347651, -0.00153379223775, -0.00255785719492, 0.00180393480696, 0.0019526501419, -0.00884524546564, 0.0236980430782, -0.0097783524543, 0.00506808329374], [-0.000440445437562, 0.00171109009534, -0.00216554803774, -0.000130506770802, -0.001775451703, 0.00497910706326, -0.000786755641457, -0.00125411932822, 0.00461983168498, 0.00364842405543, -0.0097783524543, 0.0219001229852, -0.0093580763787], [0.000367471890058, 1.26062013805e-06, 0.00161580496933, -0.000330417475197, -0.000632398470771, 0.000263966212515, 0.00108504027594, 0.0020741650369, -0.00543380761519, 0.00306393695064, 0.00506808329374, -0.0093580763787, 0.0217508655041]]}, "melbands": {"dmean": [0.000416950613726, 0.00148238625843, 0.000837231869809, 0.000408128922572, 0.000144032004755, 0.000109373846499, 0.000234081875533, 0.000142965305713, 0.000101549849205, 6.38013807475e-05, 4.48835162388e-05, 2.47360749199e-05, 1.54335739353e-05, 1.67316102306e-05, 2.78209208773e-05, 3.02857133647e-05, 4.89578596898e-05, 7.05601414666e-05, 3.87259460695e-05, 3.6308880226e-05, 2.78504849121e-05, 1.2441247236e-05, 5.97255711909e-06, 4.24964355261e-06, 3.33789489559e-06, 3.33370439876e-06, 4.37155176769e-06, 4.48199580205e-06, 4.09956919611e-06, 4.27946088166e-06, 3.05048047267e-06, 3.55704696631e-06, 3.34478158948e-06, 2.19268395085e-06, 1.76876505975e-06, 1.49644256453e-06, 1.39944074817e-06, 1.06805043742e-06, 1.30581554458e-06, 1.4219174318e-06], "dmean2": [0.000645320862532, 0.00249691470526, 0.00137723819353, 0.000636255601421, 0.000213992709178, 0.000163834716659, 0.000342118524713, 0.000196343142306, 0.000134871341288, 8.34576130728e-05, 5.57808307349e-05, 3.10417162837e-05, 2.10054822674e-05, 2.39655837504e-05, 4.28310449934e-05, 4.48845348728e-05, 6.4938372816e-05, 9.15982454899e-05, 4.99272682646e-05, 4.7485504183e-05, 3.85939711123e-05, 1.7788284822e-05, 9.29968882701e-06, 6.69893051963e-06, 5.21949323229e-06, 5.15633018949e-06, 6.72757505527e-06, 6.99682959748e-06, 6.1665055e-06, 6.69073006065e-06, 4.67049130748e-06, 5.55395035917e-06, 5.29981525688e-06, 3.33577418132e-06, 2.6668612918e-06, 2.29477268476e-06, 2.19128560275e-06, 1.62014703164e-06, 2.02297337637e-06, 2.26283691518e-06], "dvar": [2.95644298376e-07, 3.67788334188e-06, 1.31915271595e-06, 3.58714515869e-07, 1.06405380507e-07, 9.65064899106e-08, 3.86918458162e-07, 1.80351705126e-07, 9.35011925662e-08, 5.30460546599e-08, 2.82837380183e-08, 9.33949539927e-09, 3.49609119432e-09, 2.84030376996e-09, 7.51018891521e-09, 9.93938797933e-09, 6.54499245911e-08, 1.47309677345e-07, 4.65978082786e-08, 6.73110420735e-08, 5.54465486857e-08, 7.09255676412e-09, 7.64244570406e-11, 3.85347725951e-11, 3.58256133093e-11, 2.99109972901e-11, 5.18643426817e-11, 7.57613277669e-11, 6.3578503573e-11, 7.03739358454e-11, 4.13381724684e-11, 5.73262166903e-11, 5.15314492466e-11, 2.22822055945e-11, 1.71919839476e-11, 1.01187686702e-11, 9.85146426241e-12, 7.28655070309e-12, 9.78621524095e-12, 9.37230241332e-12], "dvar2": [6.78333321957e-07, 1.03289057733e-05, 3.57440126209e-06, 8.70013366239e-07, 2.10826897273e-07, 1.83234661222e-07, 7.769297099e-07, 3.15822404673e-07, 1.69122259308e-07, 9.42939593074e-08, 4.51801263068e-08, 1.43399061514e-08, 6.56271081922e-09, 5.38113509307e-09, 1.71441545405e-08, 1.8595720519e-08, 9.18739146982e-08, 2.02994812071e-07, 6.21848030846e-08, 1.01228643246e-07, 9.59409618417e-08, 9.73169544949e-09, 1.80723866428e-10, 9.4804934736e-11, 8.76302572173e-11, 6.9411441872e-11, 1.23018248366e-10, 1.83678100507e-10, 1.33669048052e-10, 1.70828087787e-10, 9.85472953241e-11, 1.38937542027e-10, 1.28070415384e-10, 5.04231933984e-11, 4.00521213417e-11, 2.34378384756e-11, 2.38376436645e-11, 1.57412520518e-11, 2.13707801455e-11, 2.21247326015e-11], "max": [0.00838601402938, 0.0241250749677, 0.0171467736363, 0.0102864755318, 0.0139118600637, 0.013102594763, 0.0112672634423, 0.0132234031335, 0.00848462339491, 0.00553632946685, 0.00509071117267, 0.00420582760125, 0.00197842833586, 0.00184093217831, 0.00538662401959, 0.00521929515526, 0.00973339565098, 0.0135956276208, 0.00792101118714, 0.00978306960315, 0.00981421303004, 0.00357498344965, 0.000221760288696, 9.34025665629e-05, 0.000216982327402, 0.000103874110209, 0.000148435065057, 0.000218917848542, 0.000199640999199, 0.000135866634082, 0.000116382980195, 0.000103553684312, 7.97570537543e-05, 7.03745099599e-05, 8.70663134265e-05, 5.46833398403e-05, 4.90773381898e-05, 7.7533753938e-05, 8.23161244625e-05, 4.23156961915e-05], "mean": [0.000918116478715, 0.00312753720209, 0.00175740441773, 0.000935643794946, 0.000424904777901, 0.000207107164897, 0.000487281417008, 0.000325888220686, 0.000217206688831, 0.000132254179334, 0.000103183243482, 5.89134760958e-05, 3.06511174131e-05, 3.42083294527e-05, 5.98284423177e-05, 6.98905641912e-05, 9.23026673263e-05, 0.000170974832145, 8.05696981843e-05, 8.91241870704e-05, 6.06644134677e-05, 2.25302028412e-05, 1.22832452689e-05, 8.86067573447e-06, 6.46194621368e-06, 6.55270196148e-06, 8.66235950525e-06, 7.57676843932e-06, 6.77212028677e-06, 6.35285050521e-06, 4.3023019316e-06, 4.47231514045e-06, 4.10833945352e-06, 3.11774397233e-06, 2.37142626247e-06, 1.96022983801e-06, 1.73370062839e-06, 1.38885877732e-06, 1.56523458372e-06, 1.48824267399e-06], "median": [0.000469546357635, 0.00198904983699, 0.0013093133457, 0.000601611798629, 0.000126988496049, 5.35320978088e-05, 8.98790021893e-05, 3.08172566292e-05, 1.76302310138e-05, 8.35746686789e-06, 4.92525850859e-06, 7.87578210293e-06, 7.5181505963e-06, 1.31955875986e-05, 3.33790667355e-05, 3.26110130118e-05, 1.14881531772e-05, 1.23911631817e-05, 1.10988867164e-05, 7.16573867976e-06, 8.48990293889e-06, 8.58280691318e-06, 7.55420023779e-06, 5.77990613237e-06, 4.18783656642e-06, 4.25861480835e-06, 5.38600852451e-06, 3.49996025761e-06, 2.78955121757e-06, 2.5900012588e-06, 1.72319278136e-06, 1.69119880411e-06, 1.42351416343e-06, 1.16787441584e-06, 8.28221686788e-07, 6.38789515506e-07, 4.6530817599e-07, 3.44016967802e-07, 3.06569404529e-07, 2.62577799504e-07], "min": [5.37264467731e-25, 9.19813097387e-25, 9.91750999663e-25, 2.46062164088e-24, 2.41835033206e-24, 1.49614974715e-24, 1.95107646346e-24, 1.9755100495e-24, 2.77508506632e-24, 2.37800068841e-24, 2.36756208648e-24, 2.05343708237e-24, 3.17989278692e-24, 3.23229701407e-24, 3.70156255924e-24, 2.43722284314e-24, 3.41830548514e-24, 3.24000970714e-24, 3.74941604504e-24, 3.99130919757e-24, 3.74499171865e-24, 4.43393076845e-24, 3.93959068777e-24, 3.64522171896e-24, 4.20444363695e-24, 3.84502874777e-24, 4.0703092785e-24, 4.85105359386e-24, 3.75194907741e-24, 5.25932027232e-24, 4.81822356957e-24, 4.37463761623e-24, 5.66657523667e-24, 4.84016100248e-24, 5.27900274634e-24, 6.13079305812e-24, 5.09353405334e-24, 6.36604636841e-24, 4.87224713094e-24, 6.5562955585e-24], "var": [1.39588405546e-06, 1.17520812637e-05, 2.78400125353e-06, 1.23088784676e-06, 1.15599948458e-06, 2.29249707218e-07, 1.30030116452e-06, 7.81331948474e-07, 3.16295569291e-07, 1.68363925468e-07, 1.16933229322e-07, 4.26455990521e-08, 8.98205509969e-09, 7.81514231107e-09, 1.58424331431e-08, 2.33188366394e-08, 2.30359532338e-07, 8.06662797004e-07, 2.14837953649e-07, 4.13906235508e-07, 2.03516634656e-07, 2.08230055421e-08, 2.27051002999e-10, 9.30408042277e-11, 5.70489072649e-11, 5.76667810726e-11, 1.06297110003e-10, 1.24474180963e-10, 1.40532419035e-10, 9.57562432125e-11, 5.13723473483e-11, 6.324998858e-11, 5.6978657903e-11, 3.33204956682e-11, 2.41862883887e-11, 1.45794210038e-11, 1.27636729311e-11, 1.38007383299e-11, 1.78786967869e-11, 1.1391805034e-11]}, "mfcc": {"mean": [-661.409912109, 101.749969482, 10.9368782043, 33.6133041382, 18.3157997131, 20.918422699, 3.27907037735, -3.42268109322, -5.81161022186, -0.242333903909, 3.3607339859, 3.28163838387, -0.514832496643], "cov": [[13888.0078125, 792.589660645, -75.4337005615, 420.315765381, -390.248596191, -285.742370605, -248.726119995, -102.318496704, -145.669631958, -96.5130004883, 63.7737236023, 95.2556762695, -1.04218387604], [792.589660645, 1568.59973145, -190.309326172, -141.062698364, -128.79133606, -92.4320526123, -5.77118682861, 94.3653182983, -51.1912536621, 100.812240601, 72.8124389648, -47.8149414062, -45.6304550171], [-75.4337005615, -190.309326172, 383.542755127, 145.196334839, 63.2620239258, 53.378944397, 67.3240509033, 25.6199893951, -0.0820912718773, -36.4127349854, 30.6674289703, 57.0280952454, 41.8596801758], [420.315765381, -141.062698364, 145.196334839, 311.00390625, 212.023666382, 135.791641235, -2.88750338554, -35.4089775085, -12.8990688324, -59.7744216919, -28.3001441956, 58.7936286926, 53.7599639893], [-390.248596191, -128.79133606, 63.2620239258, 212.023666382, 379.349517822, 230.849441528, -2.34851098061, -61.0053405762, 19.226272583, -20.2085037231, -33.20835495, 5.55018043518, 23.6287899017], [-285.742370605, -92.4320526123, 53.378944397, 135.791641235, 230.849441528, 276.062042236, 84.5385437012, -33.2231330872, -8.77786254883, -16.3778972626, -12.1581172943, 15.0279083252, -0.143192321062], [-248.726119995, -5.77118682861, 67.3240509033, -2.88750338554, -2.34851098061, 84.5385437012, 167.488754272, 75.6857681274, -5.69249296188, 4.19298028946, 20.373664856, 17.1996116638, -12.2431545258], [-102.318496704, 94.3653182983, 25.6199893951, -35.4089775085, -61.0053405762, -33.2231330872, 75.6857681274, 141.62852478, 33.5027427673, 12.3556880951, 11.904045105, 3.07739138603, -0.993101596832], [-145.669631958, -51.1912536621, -0.0820912718773, -12.8990688324, 19.226272583, -8.77786254883, -5.69249296188, 33.5027427673, 100.18107605, 33.8783493042, -9.19561672211, -15.6349239349, 3.73476576805], [-96.5130004883, 100.812240601, -36.4127349854, -59.7744216919, -20.2085037231, -16.3778972626, 4.19298028946, 12.3556880951, 33.8783493042, 127.273208618, 53.485622406, -38.0059585571, -36.5999298096], [63.7737236023, 72.8124389648, 30.6674289703, -28.3001441956, -33.20835495, -12.1581172943, 20.373664856, 11.904045105, -9.19561672211, 53.485622406, 102.429786682, 12.8321733475, -29.0825843811], [95.2556762695, -47.8149414062, 57.0280952454, 58.7936286926, 5.55018043518, 15.0279083252, 17.1996116638, 3.07739138603, -15.6349239349, -38.0059585571, 12.8321733475, 92.5217514038, 40.3849830627], [-1.04218387604, -45.6304550171, 41.8596801758, 53.7599639893, 23.6287899017, -0.143192321062, -12.2431545258, -0.993101596832, 3.73476576805, -36.5999298096, -29.0825843811, 40.3849830627, 91.0019683838]], "icov": [[9.94353831629e-05, -5.66699054616e-05, 7.87831377238e-05, -0.000418967858423, 0.000316395249683, -8.05820855021e-06, 8.23736918392e-05, 9.81773919193e-05, -6.62478778395e-05, 9.54302668106e-05, -0.000124039710499, 5.52989149583e-05, 9.08986985451e-05], [-5.66699054616e-05, 0.000862865010276, 0.000328072870616, 0.000262520305114, -0.000180010974873, -9.88049068837e-05, 0.000411138054915, -0.00109985005111, 0.00103011808824, -0.00061468948843, -0.000314783188514, 0.000202775816433, -0.000264172704192], [7.87831377238e-05, 0.000328072870616, 0.00429764017463, -0.00244059320539, 0.000231924655964, 0.00088256446179, -0.00198891223408, 9.06252025743e-05, -0.000687261403073, 0.00125961541198, -0.00284559535794, 0.000573838711716, -0.00132433220278], [-0.000418967858423, 0.000262520305114, -0.00244059320539, 0.00960430968553, -0.00470490008593, -0.00100952119101, 0.0016831868561, -0.00132516014855, 0.00185856502503, -0.00019894860452, 0.00207862793468, -0.00350490119308, -0.000928882742301], [0.000316395249683, -0.000180010974873, 0.000231924655964, -0.00470490008593, 0.00991083495319, -0.00695294793695, 0.00341574917547, 0.000499362824485, -0.00244560744613, 0.000149908853928, -0.000526360061485, 0.00227224640548, -0.000549115240574], [-8.05820855021e-06, -9.88049068837e-05, 0.00088256446179, -0.00100952119101, -0.00695294793695, 0.0130961136892, -0.0090175550431, 0.00449121557176, 6.54027244309e-05, 0.000295141420793, 0.000413745874539, -0.000635120260995, 0.00133264122996], [8.23736918392e-05, 0.000411138054915, -0.00198891223408, 0.0016831868561, 0.00341574917547, -0.0090175550431, 0.0161787252873, -0.00935870129615, 0.00331137049943, -0.00143713026773, 0.000348551693605, -0.00190569867846, 0.00154424132779], [9.81773919193e-05, -0.00109985005111, 9.06252025743e-05, -0.00132516014855, 0.000499362824485, 0.00449121557176, -0.00935870129615, 0.015198645182, -0.00649531697854, 0.00187067606021, -0.000640270882286, 0.000549588294234, -0.000454611319583], [-6.62478778395e-05, 0.00103011808824, -0.000687261403073, 0.00185856502503, -0.00244560744613, 6.54027244309e-05, 0.00331137049943, -0.00649531697854, 0.0159532446414, -0.00632074801251, 0.00381951872259, -0.00038770629908, -0.00106048793532], [9.54302668106e-05, -0.00061468948843, 0.00125961541198, -0.00019894860452, 0.000149908853928, 0.000295141420793, -0.00143713026773, 0.00187067606021, -0.00632074801251, 0.01612961106, -0.00962440576404, 0.00595343625173, 4.83422809339e-05], [-0.000124039710499, -0.000314783188514, -0.00284559535794, 0.00207862793468, -0.000526360061485, 0.000413745874539, 0.000348551693605, -0.000640270882286, 0.00381951872259, -0.00962440576404, 0.0194801855832, -0.00830147787929, 0.00598091911525], [5.52989149583e-05, 0.000202775816433, 0.000573838711716, -0.00350490119308, 0.00227224640548, -0.000635120260995, -0.00190569867846, 0.000549588294234, -0.00038770629908, 0.00595343625173, -0.00830147787929, 0.0200967174023, -0.00809372588992], [9.08986985451e-05, -0.000264172704192, -0.00132433220278, -0.000928882742301, -0.000549115240574, 0.00133264122996, 0.00154424132779, -0.000454611319583, -0.00106048793532, 4.83422809339e-05, 0.00598091911525, -0.00809372588992, 0.0179289467633]]}, "spectral_contrast_coeffs": {"dmean": [0.0484399460256, 0.0455226562917, 0.0367933884263, 0.03187372908, 0.0215184763074, 0.0166719481349], "dmean2": [0.0802058652043, 0.0695268511772, 0.0541699193418, 0.0478864684701, 0.0320876836777, 0.0260313786566], "dvar": [0.00155923177954, 0.00174476974644, 0.00111393397674, 0.000831186131109, 0.000349020410795, 0.000208807527088], "dvar2": [0.00429538730532, 0.00355359422974, 0.00213111098856, 0.00155404908583, 0.000712213746738, 0.000476614630315], "max": [-0.319381654263, -0.316543728113, -0.401976764202, -0.387244701385, -0.530088245869, -0.627353668213], "mean": [-0.59321975708, -0.683165848255, -0.747953593731, -0.745115041733, -0.795247077942, -0.769529223442], "median": [-0.586632013321, -0.697379827499, -0.765584826469, -0.754124045372, -0.799324810505, -0.764457046986], "min": [-0.980657815933, -0.97488963604, -0.977320551872, -0.970766246319, -0.966173350811, -0.966254472733], "var": [0.00827001500875, 0.0121135544032, 0.00932244490832, 0.00671382434666, 0.00260795257054, 0.00182486919221]}, "spectral_contrast_valleys": {"dmean": [0.391460567713, 0.374975979328, 0.332477271557, 0.298380881548, 0.301189690828, 0.413747668266], "dmean2": [0.650838792324, 0.592621803284, 0.512723922729, 0.446760565042, 0.396547079086, 0.508442461491], "dvar": [0.120440237224, 0.127074047923, 0.105111837387, 0.0912139490247, 0.114658020437, 0.192095547915], "dvar2": [0.29486015439, 0.264354169369, 0.206661462784, 0.158110722899, 0.180407315493, 0.311581254005], "max": [-5.55486726761, -5.21284866333, -5.40625715256, -6.20458602905, -5.85140562057, -