{"lowlevel": {"average_loudness": 0.943008959293, "barkbands_crest": {"dmean": 2.939463377, "dmean2": 4.44282245636, "dvar": 7.55530500412, "dvar2": 16.7607307434, "max": 26.684671402, "mean": 14.6031866074, "median": 13.9744930267, "min": 2.38980984688, "var": 38.4583091736}, "barkbands_flatness_db": {"dmean": 0.0407431684434, "dmean2": 0.0557536035776, "dvar": 0.00171205576044, "dvar2": 0.00296534621157, "max": 0.601032137871, "mean": 0.210088863969, "median": 0.193445786834, "min": 0.028815837577, "var": 0.0109306685627}, "barkbands_kurtosis": {"dmean": 23.053976059, "dmean2": 30.5780334473, "dvar": 3075.20825195, "dvar2": 5812.94775391, "max": 1296.64892578, "mean": 39.3214416504, "median": 9.60836982727, "min": -1.91030085087, "var": 7654.59960938}, "barkbands_skewness": {"dmean": 1.34315276146, "dmean2": 1.76283311844, "dvar": 2.73236894608, "dvar2": 4.64737987518, "max": 33.3534584045, "mean": 3.89287590981, "median": 2.74052119255, "min": -1.80677652359, "var": 14.2777643204}, "barkbands_spread": {"dmean": 6.01433563232, "dmean2": 8.93955135345, "dvar": 67.6301193237, "dvar2": 129.80291748, "max": 103.407203674, "mean": 15.0321159363, "median": 9.73869419098, "min": 0.150649145246, "var": 211.925125122}, "dissonance": {"dmean": 0.0204684827477, "dmean2": 0.0337822511792, "dvar": 0.000541138811968, "dvar2": 0.00141430471558, "max": 0.500000178814, "mean": 0.463289409876, "median": 0.473772525787, "min": 0.132867246866, "var": 0.00125790422317}, "dynamic_complexity": 4.19552850723, "erbbands_crest": {"dmean": 3.09729909897, "dmean2": 4.97736310959, "dvar": 7.79920768738, "dvar2": 18.1680278778, "max": 31.7605075836, "mean": 10.3082122803, "median": 9.15204906464, "min": 2.78753018379, "var": 23.1284255981}, "erbbands_flatness_db": {"dmean": 0.0267022456974, "dmean2": 0.0399687960744, "dvar": 0.000734475033823, "dvar2": 0.00149691652041, "max": 0.478282183409, "mean": 0.155445754528, "median": 0.146556869149, "min": 0.0456870794296, "var": 0.00292921764776}, "erbbands_kurtosis": {"dmean": 1.77850735188, "dmean2": 2.78192281723, "dvar": 10.475476265, "dvar2": 22.4792442322, "max": 64.2308120728, "mean": 1.3361274004, "median": 0.104748249054, "min": -1.91150915623, "var": 19.5216884613}, "erbbands_skewness": {"dmean": 0.540764927864, "dmean2": 0.802737236023, "dvar": 0.323919743299, "dvar2": 0.684671640396, "max": 6.45573616028, "mean": 0.337542325258, "median": 0.160465955734, "min": -4.23800706863, "var": 1.27015018463}, "erbbands_spread": {"dmean": 10.9882917404, "dmean2": 15.9466905594, "dvar": 118.476600647, "dvar2": 228.662307739, "max": 136.117553711, "mean": 42.3220710754, "median": 38.8933410645, "min": 1.45317053795, "var": 484.470825195}, "hfc": {"dmean": 4.85920000076, "dmean2": 7.05588817596, "dvar": 68.2573852539, "dvar2": 152.677108765, "max": 102.445487976, "mean": 9.28563690186, "median": 5.77646875381, "min": 6.07291923416e-08, "var": 108.43699646}, "melbands_crest": {"dmean": 3.62625312805, "dmean2": 5.29763841629, "dvar": 10.0621013641, "dvar2": 22.2001361847, "max": 37.8182983398, "mean": 20.4250392914, "median": 19.1346511841, "min": 2.93263792992, "var": 69.2378387451}, "melbands_flatness_db": {"dmean": 0.0480934716761, "dmean2": 0.0634915903211, "dvar": 0.00243857107125, "dvar2": 0.0042685191147, "max": 0.764315843582, "mean": 0.308785438538, "median": 0.295067667961, "min": 0.0313855856657, "var": 0.0158541779965}, "melbands_kurtosis": {"dmean": 33.4057388306, "dmean2": 42.8304595947, "dvar": 3174.26049805, "dvar2": 4930.90820312, "max": 1690.04736328, "mean": 71.7236022949, "median": 25.0038394928, "min": -1.85335934162, "var": 14895.3964844}, "melbands_skewness": {"dmean": 1.4884775877, "dmean2": 2.00299787521, "dvar": 2.31761240959, "dvar2": 4.04818964005, "max": 33.2541656494, "mean": 5.36329555511, "median": 4.13200855255, "min": -1.02258658409, "var": 16.899728775}, "melbands_spread": {"dmean": 6.09022188187, "dmean2": 9.10455513, "dvar": 89.975944519, "dvar2": 181.619308472, "max": 146.705490112, "mean": 13.505604744, "median": 7.11405420303, "min": 0.108049988747, "var": 255.094940186}, "pitch_salience": {"dmean": 0.0879880264401, "dmean2": 0.13160598278, "dvar": 0.00806956458837, "dvar2": 0.0154293579981, "max": 0.81209808588, "mean": 0.413595557213, "median": 0.448970288038, "min": 0.026764690876, "var": 0.0380275882781}, "silence_rate_20dB": {"dmean": 0, "dmean2": 0, "dvar": 0, "dvar2": 0, "max": 1, "mean": 1, "median": 1, "min": 1, "var": 0}, "silence_rate_30dB": {"dmean": 0.0695115402341, "dmean2": 0.139041736722, "dvar": 0.0646748915315, "dvar2": 0.121594637632, "max": 1, "mean": 0.853884339333, "median": 1, "min": 0, "var": 0.12477517128}, "silence_rate_60dB": {"dmean": 0.0324745029211, "dmean2": 0.0648235157132, "dvar": 0.0314183607697, "dvar2": 0.0713593289256, "max": 1, "mean": 0.0767476186156, "median": 0, "min": 0, "var": 0.0708569735289}, "spectral_centroid": {"dmean": 268.653381348, "dmean2": 393.001678467, "dvar": 103086.617188, "dvar2": 189872.203125, "max": 3765.74902344, "mean": 1026.86975098, "median": 847.892211914, "min": 107.813575745, "var": 496463.9375}, "spectral_complexity": {"dmean": 3.42243695259, "dmean2": 4.98872613907, "dvar": 20.417974472, "dvar2": 33.470664978, "max": 59, "mean": 10.4706830978, "median": 8, "min": 0, "var": 62.1608695984}, "spectral_decrease": {"dmean": 3.26022053798e-09, "dmean2": 4.32139035667e-09, "dvar": 2.78241521971e-17, "dvar2": 4.56862208614e-17, "max": -9.74726224621e-18, "mean": -9.92223281315e-09, "median": -4.00286204183e-09, "min": -5.06613737628e-08, "var": 1.42641129176e-16}, "spectral_energy": {"dmean": 0.0125562380999, "dmean2": 0.0167799368501, "dvar": 0.000412342720665, "dvar2": 0.000684554979671, "max": 0.192659080029, "mean": 0.0382909961045, "median": 0.0159314572811, "min": 4.22967355584e-11, "var": 0.00207035872154}, "spectral_energyband_high": {"dmean": 0.000183095951797, "dmean2": 0.000262622517766, "dvar": 1.5454907043e-07, "dvar2": 2.84988772137e-07, "max": 0.00671678222716, "mean": 0.000253232254181, "median": 6.96511342539e-05, "min": 3.50293231921e-12, "var": 2.63969155867e-07}, "spectral_energyband_low": {"dmean": 0.0115123018622, "dmean2": 0.0142964692786, "dvar": 0.000420976430178, "dvar2": 0.00062044657534, "max": 0.189018145204, "mean": 0.0293506551534, "median": 0.00757644092664, "min": 7.00863108868e-12, "var": 0.00185915629845}, "spectral_energyband_middle_high": {"dmean": 0.001161637716, "dmean2": 0.0017875341, "dvar": 5.71956752538e-06, "dvar2": 1.3511717043e-05, "max": 0.0316217392683, "mean": 0.00191947468556, "median": 0.000875945901498, "min": 2.81872377002e-12, "var": 8.68335337145e-06}, "spectral_energyband_middle_low": {"dmean": 0.00809968169779, "dmean2": 0.0136645566672, "dvar": 0.000512928003445, "dvar2": 0.0012900022557, "max": 0.152142524719, "mean": 0.00833347439766, "median": 0.0028858219739, "min": 2.77357390527e-11, "var": 0.000400993449148}, "spectral_entropy": {"dmean": 0.29751560092, "dmean2": 0.426920384169, "dvar": 0.107034690678, "dvar2": 0.203001350164, "max": 8.68472099304, "mean": 7.25408554077, "median": 7.37387180328, "min": 4.24063253403, "var": 0.445115089417}, "spectral_flux": {"dmean": 0.0357289239764, "dmean2": 0.0464580357075, "dvar": 0.00245155091397, "dvar2": 0.00317833409645, "max": 0.462610542774, "mean": 0.0921409353614, "median": 0.0570803247392, "min": 8.05155741546e-06, "var": 0.00885112583637}, "spectral_kurtosis": {"dmean": 4.1474571228, "dmean2": 6.49756669998, "dvar": 110.901809692, "dvar2": 259.525115967, "max": 291.042938232, "mean": 8.81219959259, "median": 5.59127426147, "min": -0.248959064484, "var": 192.275100708}, "spectral_rms": {"dmean": 0.000954293936957, "dmean2": 0.00128857116215, "dvar": 1.75666275481e-06, "dvar2": 2.88134060611e-06, "max": 0.0137098534033, "mean": 0.00513824168593, "median": 0.00394244631752, "min": 2.03138142751e-07, "var": 1.09554803203e-05}, "spectral_rolloff": {"dmean": 371.074981689, "dmean2": 609.293457031, "dvar": 575443.3125, "dvar2": 1245753.125, "max": 10766.6015625, "mean": 754.178527832, "median": 301.46484375, "min": 43.06640625, "var": 1061538.625}, "spectral_skewness": {"dmean": 0.422816991806, "dmean2": 0.62779045105, "dvar": 0.389490008354, "dvar2": 0.830096542835, "max": 14.1881580353, "mean": 2.05825448036, "median": 1.85857582092, "min": -0.23874796927, "var": 1.18549180031}, "spectral_spread": {"dmean": 885075.1875, "dmean2": 1356884.625, "dvar": 907528699904, "dvar2": 1856948666370.0, "max": 12870501, "mean": 4436379, "median": 4328991.5, "min": 446785.3125, "var": 2553771720700.0}, "spectral_strongpeak": {"dmean": 0.243448719382, "dmean2": 0.396017551422, "dvar": 0.219450458884, "dvar2": 0.555508375168, "max": 10.6094264984, "mean": 0.48390892148, "median": 0.275261521339, "min": 0, "var": 0.34318831563}, "zerocrossingrate": {"dmean": 0.0109305679798, "dmean2": 0.0121132545173, "dvar": 0.000181009745575, "dvar2": 0.000227871903917, "max": 0.3828125, "mean": 0.0358803831041, "median": 0.02734375, "min": 0.001953125, "var": 0.000935854099225}, "barkbands": {"dmean": [0.000603362277616, 0.0106187565252, 0.00546835409477, 0.00348019739613, 0.00498529756442, 0.000987091450952, 0.000231443889788, 0.000305553898215, 0.000140906209708, 0.00013692639186, 0.000176921370439, 0.000202046183404, 0.000229577126447, 0.000240475375904, 0.000150463107275, 0.000145760466694, 0.000126102182548, 6.42212762614e-05, 8.04640367278e-05, 4.02925397793e-05, 3.75753479602e-05, 4.17629089497e-05, 2.56484563579e-05, 2.91089909297e-05, 2.3326210794e-05, 1.55820580403e-05, 7.9891342466e-06], "dmean2": [0.000517763197422, 0.0129145858809, 0.00943570770323, 0.00642122281715, 0.00922412984073, 0.00182273751125, 0.000364399224054, 0.000490996462759, 0.000237822328927, 0.000210563244764, 0.000286078167846, 0.000325014843838, 0.000385706836823, 0.000395885144826, 0.000241321118665, 0.000238710839767, 0.000203563278774, 0.000100046483567, 0.00012196291209, 5.80768355576e-05, 5.28928176209e-05, 6.10139650234e-05, 3.66989115719e-05, 4.23528181273e-05, 3.66905187548e-05, 2.50012199103e-05, 1.26911381813e-05], "dvar": [1.09869347398e-06, 0.000422195182182, 0.000285196758341, 0.000132931440021, 0.000270466844086, 9.19234480534e-06, 4.40738261887e-07, 1.68403096268e-06, 1.30217856054e-07, 1.95771804101e-07, 5.21388074048e-07, 3.16801532563e-07, 3.84094079209e-07, 3.29337268568e-07, 1.23500072391e-07, 1.58687683438e-07, 8.33337807649e-08, 2.78367515705e-08, 4.5240923896e-08, 1.666649041e-08, 7.80980435877e-09, 1.13813225511e-08, 3.87246767986e-09, 3.53354168148e-09, 2.92207813501e-09, 1.21902055117e-09, 2.48950443593e-10], "dvar2": [9.18683554119e-07, 0.00061212509172, 0.000748650636524, 0.000377402553568, 0.000769782287534, 2.65198996203e-05, 9.28298447889e-07, 3.57528824679e-06, 3.40864630743e-07, 3.91613184547e-07, 1.24677910662e-06, 7.30163833396e-07, 9.93812022898e-07, 8.28853103485e-07, 2.86180522835e-07, 3.86199104696e-07, 1.98641089355e-07, 6.51857376965e-08, 9.83469377047e-08, 3.11486125781e-08, 1.34749988945e-08, 2.189647752e-08, 7.98287835835e-09, 7.00786673136e-09, 6.39889430332e-09, 2.54974197311e-09, 5.80971992736e-10], "max": [0.012243793346, 0.18685130775, 0.120421826839, 0.0920977070928, 0.115522257984, 0.0263575948775, 0.0189231187105, 0.0435683429241, 0.00901037361473, 0.0156607385725, 0.014157788828, 0.015968138352, 0.0134149566293, 0.0112662352622, 0.00797929894179, 0.00925258360803, 0.00723163504153, 0.00254706921987, 0.00555842276663, 0.00405489420518, 0.00171837559901, 0.00177866360173, 0.001272425754, 0.000876485311892, 0.000640698592179, 0.000400099059334, 0.000150031453813], "mean": [0.00142257544212, 0.0220738090575, 0.00434554275125, 0.00258696055971, 0.00386362848803, 0.000876019068528, 0.00028672508779, 0.000421157223172, 0.000182227420737, 0.000210494705243, 0.000216238666326, 0.000223800321692, 0.000272218283499, 0.000266088201897, 0.000199378395337, 0.0001658443216, 0.000176849061972, 8.82914246176e-05, 0.000127514213091, 5.96174795646e-05, 4.97795481351e-05, 5.29646167706e-05, 3.56810887752e-05, 3.79029515898e-05, 2.44627553911e-05, 1.64185803442e-05, 8.91632771527e-06], "median": [0.000107733038021, 0.00428078323603, 0.000627699948382, 0.000408008199884, 0.000813073478639, 0.000209558143979, 7.63819043641e-05, 5.30148754478e-05, 5.05950229126e-05, 4.93530023959e-05, 4.16616567236e-05, 4.94147570862e-05, 6.01725332672e-05, 5.57067432965e-05, 4.96950087836e-05, 3.12618685712e-05, 6.04725864832e-05, 2.49206095759e-05, 2.97952428809e-05, 1.37706010719e-05, 9.90961871139e-06, 8.15436760604e-06, 6.3097390921e-06, 8.00744055596e-06, 4.6011282393e-06, 2.38068741965e-06, 7.59476563417e-07], "min": [4.42066088596e-12, 2.24469119507e-12, 7.40297417551e-13, 4.43668756248e-12, 1.7129166141e-11, 2.71384607495e-12, 8.18011999283e-13, 6.73015571225e-13, 3.61169590329e-13, 1.56302528971e-13, 5.48709298484e-14, 4.63401289997e-13, 4.22120590435e-13, 7.00418510084e-13, 2.39086962034e-13, 1.07845447796e-13, 1.85577844324e-13, 2.86760903651e-13, 2.16618457655e-13, 1.99786706818e-13, 3.85149052408e-13, 2.77564971875e-13, 2.53094637262e-13, 2.78714334598e-13, 5.11424344714e-13, 6.84154610135e-13, 1.11256045609e-12], "var": [6.37857237962e-06, 0.00139982451219, 0.000203008836252, 7.87794488133e-05, 0.000158392838784, 5.61016258871e-06, 5.77892365072e-07, 3.89102569898e-06, 1.54011274844e-07, 4.27271828585e-07, 6.49887965665e-07, 3.69753763607e-07, 4.42117368493e-07, 4.20004028001e-07, 1.89760129388e-07, 1.81421910384e-07, 1.11665244162e-07, 4.17767473948e-08, 9.19788050169e-08, 2.99192350894e-08, 1.50505563568e-08, 1.76486967263e-08, 6.42067377044e-09, 5.94948712518e-09, 3.4227194412e-09, 1.4286425376e-09, 3.14835602033e-10]}, "erbbands": {"dmean": [0.363953202963, 2.58847236633, 5.76188755035, 9.24248123169, 11.869228363, 19.8152713776, 15.6523685455, 6.26737976074, 2.97422170639, 5.77516317368, 5.45895338058, 3.7129881382, 4.17715787888, 4.07481336594, 8.72590923309, 8.59325790405, 11.0131502151, 11.6805152893, 9.0643901825, 7.85891532898, 7.4718747139, 5.95960092545, 4.21919727325, 3.1323890686, 4.17534255981, 1.92624688148, 1.57771456242, 1.44679903984, 1.52006995678, 1.08109223843, 0.75745755434, 0.633748412132, 0.47031250596, 0.281996577978, 0.160598084331, 0.0746976956725, 0.0239510405809, 0.00800587050617, 0.00126481568441, 0.000115806105896], "dmean2": [0.352647483349, 3.34562730789, 9.04464244843, 16.3433933258, 21.9282684326, 37.0606956482, 29.4062194824, 11.3793306351, 4.74337768555, 9.10838317871, 8.84235095978, 6.26065683365, 6.46166372299, 6.49171066284, 13.8778114319, 14.038233757, 18.5998210907, 19.0322875977, 14.7827329636, 12.3289356232, 12.1432733536, 9.47474956512, 6.57870292664, 4.91063070297, 6.16666555405, 2.82160687447, 2.21462774277, 2.09402728081, 2.19221997261, 1.59531271458, 1.10326039791, 0.906703174114, 0.698985636234, 0.435663878918, 0.254467338324, 0.117306381464, 0.0379238724709, 0.0127434693277, 0.00201877229847, 0.000190383478184], "dvar": [0.382984340191, 29.689666748, 253.779129028, 845.699829102, 1535.89343262, 4535.57861328, 2792.39086914, 321.834686279, 53.1223220825, 512.950195312, 645.625854492, 74.0569992065, 169.939422607, 176.613876343, 1104.28930664, 607.663818359, 888.524902344, 725.09588623, 513.130004883, 367.416137695, 411.370605469, 190.399047852, 103.94934845, 67.7950973511, 127.416168213, 36.9261741638, 16.9852752686, 11.315943718, 13.0940675735, 6.78825283051, 3.81418848038, 1.92434298992, 0.938562393188, 0.429140031338, 0.134327530861, 0.0244612842798, 0.00351080833934, 0.00033297817572, 5.84721419727e-06, 6.6741662863e-08], "dvar2": [0.425721049309, 46.0614891052, 606.892883301, 2301.93969727, 4350.52978516, 13078.9560547, 8112.64794922, 921.196350098, 130.097991943, 1096.62390137, 1250.65673828, 191.867614746, 322.868011475, 408.769775391, 2730.36376953, 1385.80212402, 2337.18701172, 1777.02844238, 1316.82409668, 824.120666504, 984.457580566, 429.84487915, 246.502807617, 152.458602905, 261.700439453, 70.6521606445, 29.4022579193, 21.7700557709, 25.2264461517, 12.273850441, 7.95862150192, 3.8481798172, 2.01694226265, 0.988064169884, 0.284057825804, 0.0497697666287, 0.00798737443984, 0.000735515088309, 1.31518117996e-05, 1.82405571536e-07], "max": [7.35071516037, 46.6374664307, 122.96672821, 219.92401123, 269.49987793, 521.469177246, 400.895355225, 169.524017334, 200.199783325, 602.393737793, 1195.36254883, 168.347137451, 559.730224609, 456.6953125, 643.463745117, 823.450500488, 638.626037598, 594.984680176, 467.56137085, 488.645507812, 488.903320312, 298.030609131, 148.309997559, 226.906646729, 289.987823486, 177.578567505, 123.280921936, 59.0996322632, 54.6335105896, 44.9033203125, 39.118560791, 23.4704933167, 13.5812635422, 8.09221458435, 5.06378269196, 1.88977575302, 0.621492743492, 0.188649848104, 0.0256349556148, 0.00260982639156], "mean": [0.819768249989, 4.13210105896, 5.76180124283, 7.46956205368, 8.9514169693, 14.8517103195, 11.9633731842, 5.9240655899, 3.84702706337, 7.19394159317, 8.08287239075, 5.15600061417, 6.5384221077, 5.72061920166, 10.6008872986, 10.0656433105, 13.223487854, 14.1272983551, 10.8030786514, 10.1469888687, 9.35975646973, 8.638671875, 5.95756196976, 4.94376039505, 6.48010349274, 2.8694601059, 2.16708850861, 1.858076334, 1.93267035484, 1.39896845818, 1.04398608208, 0.838530421257, 0.581433713436, 0.29828312993, 0.168568059802, 0.0805420428514, 0.0241177603602, 0.00772961275652, 0.00145928852726, 0.000156730326125], "median": [0.0895192623138, 0.876192450523, 1.18597865105, 1.29692959785, 1.86499214172, 2.80762863159, 2.409958601, 1.50296521187, 1.22080850601, 1.27839744091, 1.25155365467, 1.49633204937, 1.49965536594, 1.56436145306, 2.28745698929, 2.4402449131, 3.22315263748, 3.54144597054, 3.12390351295, 2.38374257088, 2.26537394524, 3.09270811081, 1.93987512589, 1.50487565994, 1.39387571812, 0.669219732285, 0.434222787619, 0.374009013176, 0.299454152584, 0.248210906982, 0.181569710374, 0.14272980392, 0.127390116453, 0.056597225368, 0.0302849281579, 0.0136307636276, 0.00354655855335, 0.000872439413797, 0.000141067634104, 5.57649327675e-05], "min": [1.07437253538e-10, 3.87906762267e-10, 1.31516153523e-09, 8.41065261881e-09, 3.63316701169e-08, 6.111448414e-08, 5.51818395422e-08, 2.67336464077e-08, 1.51579442331e-08, 9.9230170747e-09, 1.44332759078e-08, 8.51171932936e-09, 8.59598525693e-09, 1.29910271429e-09, 8.80868444852e-09, 1.83715247459e-08, 2.09315178523e-08, 2.60923140871e-08, 2.51053986489e-08, 9.83208003902e-09, 6.00661120842e-09, 1.07097202218e-08, 1.72820104893e-08, 1.30020501032e-08, 9.6684695805e-09, 8.96901664049e-09, 1.9011007879e-08, 1.09798703463e-08, 1.08612443483e-08, 7.28017601759e-09, 7.00465596637e-09, 5.70494318453e-09, 5.36930899742e-09, 4.73115857602e-09, 4.10076905766e-09, 2.54626608687e-09, 1.30083976924e-09, 5.77517977884e-10, 1.48803497302e-10, 1.55262556284e-11], "var": [1.93319010735, 66.3363418579, 238.286010742, 563.861938477, 905.915527344, 2576.11376953, 1575.71618652, 210.225097656, 63.4405059814, 670.088867188, 2213.48486328, 115.857528687, 439.889648438, 275.900299072, 1342.06726074, 761.471862793, 1005.41473389, 1097.18884277, 557.160888672, 532.43548584, 487.034912109, 263.965942383, 151.93006897, 109.018692017, 280.528961182, 66.2938156128, 34.0372962952, 19.2328681946, 21.7305030823, 10.7868061066, 6.12537479401, 3.30500721931, 1.40710258484, 0.492585122585, 0.165200963616, 0.0311000347137, 0.00369612593204, 0.000350753136445, 7.73141800892e-06, 6.66179218456e-08]}, "gfcc": {"mean": [-70.0692214966, 104.210647583, -86.1748123169, 34.7659683228, -25.7267379761, 17.2451934814, -29.7519683838, 3.60414099693, -18.0797576904, -0.532968044281, -7.27876901627, 0.273399055004, -7.68954181671], "cov": [[13301.8808594, -2196.3605957, -865.066894531, 103.180641174, -441.19631958, 592.169799805, -240.21711731, 303.288421631, 84.5739822388, 328.408172607, -278.101379395, 4.61043453217, -289.21081543], [-2196.3605957, 2038.95690918, 181.964019775, -133.336166382, 202.952606201, -257.829589844, 106.849906921, -60.7119865417, 133.445663452, -260.861328125, 156.381408691, -69.9412765503, 128.347610474], [-865.066894531, 181.964019775, 986.802490234, -102.458244324, 131.609420776, 38.5741043091, 108.678459167, -44.7127113342, -37.2136764526, 52.46692276, 6.66890001297, 36.7008056641, 73.375793457], [103.180641174, -133.336166382, -102.458244324, 703.882385254, 58.7984619141, 41.8842735291, 57.9259567261, 17.2295265198, 72.7621765137, -7.96348381042, 61.6477355957, -49.9588127136, -18.3751354218], [-441.19631958, 202.952606201, 131.609420776, 58.7984619141, 680.198852539, 50.5166549683, 175.607727051, 103.464683533, 70.1215744019, 55.598285675, 81.8791351318, 29.7240982056, 30.4410686493], [592.169799805, -257.829589844, 38.5741043091, 41.8842735291, 50.5166549683, 349.281097412, 64.2568817139, 11.9085559845, 50.4961929321, 35.0581932068, -4.26969194412, 20.5314407349, -4.70354509354], [-240.21711731, 106.849906921, 108.678459167, 57.9259567261, 175.607727051, 64.2568817139, 274.044952393, 80.0512619019, 22.9759464264, 32.6735572815, 72.3506698608, 13.9105873108, 47.4951591492], [303.288421631, -60.7119865417, -44.7127113342, 17.2295265198, 103.464683533, 11.9085559845, 80.0512619019, 212.647781372, 79.2134780884, 54.2858657837, 37.2335853577, 16.8090572357, -2.2499320507], [84.5739822388, 133.445663452, -37.2136764526, 72.7621765137, 70.1215744019, 50.4961929321, 22.9759464264, 79.2134780884, 204.776901245, 27.7497730255, 49.5355453491, 3.70978999138, 15.1636791229], [328.408172607, -260.861328125, 52.46692276, -7.96348381042, 55.598285675, 35.0581932068, 32.6735572815, 54.2858657837, 27.7497730255, 158.24786377, 21.3792457581, 28.7649345398, 2.75470018387], [-278.101379395, 156.381408691, 6.66890001297, 61.6477355957, 81.8791351318, -4.26969194412, 72.3506698608, 37.2335853577, 49.5355453491, 21.3792457581, 136.206893921, 19.1272926331, 30.1487693787], [4.61043453217, -69.9412765503, 36.7008056641, -49.9588127136, 29.7240982056, 20.5314407349, 13.9105873108, 16.8090572357, 3.70978999138, 28.7649345398, 19.1272926331, 93.2395935059, 40.1511993408], [-289.21081543, 128.347610474, 73.375793457, -18.3751354218, 30.4410686493, -4.70354509354, 47.4951591492, -2.2499320507, 15.1636791229, 2.75470018387, 30.1487693787, 40.1511993408, 103.069572449]], "icov": [[0.000109203159809, 4.15986905864e-05, 7.11893808329e-05, -5.05563684783e-06, 5.50443401153e-05, -0.000155279645696, 5.72405442654e-05, -0.00015156524023, -1.04104528873e-05, -0.000146398640936, 0.000149273939314, -3.22017990584e-06, 0.000113045462058], [4.15986905864e-05, 0.00133864907548, -0.000211969731026, 0.000550802913494, -0.000332438969053, 0.000836603401694, -0.000373599381419, 0.000517271400895, -0.00132671801839, 0.00222825002857, -0.00123924610671, 0.0013127772836, -0.000994593952782], [7.11893808329e-05, -0.000211969731026, 0.00129264849238, 5.84403132962e-05, -8.54021927807e-05, -0.000306898698909, -0.000331913179252, 0.000309563736664, 0.000370972236851, -0.000956623582169, 0.00056346564088, -0.000222001312068, -0.000382537633413], [-5.05563684783e-06, 0.000550802913494, 5.84403132962e-05, 0.00188301189337, -0.000202686889679, 0.000217427674215, -0.000459234433947, 0.00048775220057, -0.000991608947515, 0.00102083885577, -0.00121717760339, 0.00146057130769, -0.00020826056425], [5.50443401153e-05, -0.000332438969053, -8.54021927807e-05, -0.000202686889679, 0.00201611523516, -0.000305984838633, -0.000774838088546, -0.000590407347772, 2.26539668802e-05, -0.000812953745481, 2.35210864048e-05, -0.000698642688803, 0.000611510477029], [-0.000155279645696, 0.000836603401694, -0.000306898698909, 0.000217427674215, -0.000305984838633, 0.00424029165879, -0.00158164277673, 0.00137542781886, -0.00208847783506, 0.00127249152865, -2.15740255953e-05, -0.000390048779082, 0.000253988924669], [5.72405442654e-05, -0.000373599381419, -0.000331913179252, -0.000459234433947, -0.000774838088546, -0.00158164277673, 0.00639906479046, -0.00248506292701, 0.0018995461287, -0.000765022356063, -0.00176886061672, 0.00119175645523, -0.00227191555314], [-0.00015156524023, 0.000517271400895, 0.000309563736664, 0.00048775220057, -0.000590407347772, 0.00137542781886, -0.00248506292701, 0.00766138359904, -0.00312213227153, -0.000387863605283, -0.000488608377054, -0.000791896891315, 0.0012677772902], [-1.04104528873e-05, -0.00132671801839, 0.000370972236851, -0.000991608947515, 2.26539668802e-05, -0.00208847783506, 0.0018995461287, -0.00312213227153, 0.00825368147343, -0.00254148733802, -0.000729002989829, 1.00220768218e-05, -0.000800495676231], [-0.000146398640936, 0.00222825002857, -0.000956623582169, 0.00102083885577, -0.000812953745481, 0.00127249152865, -0.000765022356063, -0.000387863605283, -0.00254148733802, 0.0117890397087, -0.00300392811187, 0.000198815047042, -0.000820221379399], [0.000149273939314, -0.00123924610671, 0.00056346564088, -0.00121717760339, 2.35210864048e-05, -2.15740255953e-05, -0.00176886061672, -0.000488608377054, -0.000729002989829, -0.00300392811187, 0.0117950895801, -0.00293466332369, 2.09855406865e-05], [-3.22017990584e-06, 0.0013127772836, -0.000222001312068, 0.00146057130769, -0.000698642688803, -0.000390048779082, 0.00119175645523, -0.000791896891315, 1.00220768218e-05, 0.000198815047042, -0.00293466332369, 0.0164824146777, -0.00717242527753], [0.000113045462058, -0.000994593952782, -0.000382537633413, -0.00020826056425, 0.000611510477029, 0.000253988924669, -0.00227191555314, 0.0012677772902, -0.000800495676231, -0.000820221379399, 2.09855406865e-05, -0.00717242527753, 0.0153262848035]]}, "melbands": {"dmean": [0.00300995400175, 0.00274725933559, 0.00159256043844, 0.00110878422856, 0.000649648776744, 0.00014466214634, 4.45445002697e-05, 6.51308218949e-05, 4.10482352891e-05, 2.14861083805e-05, 2.06216518563e-05, 1.57974882313e-05, 2.64750742645e-05, 2.56946696027e-05, 2.40825665969e-05, 2.00172398763e-05, 2.40142035182e-05, 1.54290501087e-05, 1.06118923213e-05, 1.13417263492e-05, 8.70620533533e-06, 6.43110661258e-06, 5.94272569288e-06, 3.08343646793e-06, 2.54245719589e-06, 3.7193276512e-06, 2.01390685106e-06, 1.21704408684e-06, 9.67109826888e-07, 1.013514634e-06, 9.25643973915e-07, 8.94404593055e-07, 7.80519428645e-07, 5.25332097823e-07, 4.55540345001e-07, 4.01394402161e-07, 3.93713406766e-07, 3.50692658913e-07, 3.00509157114e-07, 2.16545046783e-07], "dmean2": [0.00323506467976, 0.00375181413256, 0.00277573312633, 0.00204472220503, 0.00122195179574, 0.000263031455688, 7.0698246418e-05, 0.000102379977761, 6.72019959893e-05, 3.62078899343e-05, 3.19219543599e-05, 2.54795031651e-05, 4.21804252255e-05, 4.13310444856e-05, 4.0290371544e-05, 3.34137221216e-05, 3.93527843698e-05, 2.53073740168e-05, 1.69445429492e-05, 1.85313565453e-05, 1.40776301123e-05, 1.01326677395e-05, 9.48429624259e-06, 4.93481456942e-06, 4.02915657105e-06, 5.79092738917e-06, 3.02626540361e-06, 1.82858798325e-06, 1.37541542244e-06, 1.4227630345e-06, 1.43264855978e-06, 1.30186981551e-06, 1.16793330562e-06, 7.73123304043e-07, 6.65564868996e-07, 5.97799385105e-07, 5.70129657262e-07, 5.21662798292e-07, 4.59008390408e-07, 3.3986216863e-07], "dvar": [2.80230560747e-05, 3.99879936595e-05, 2.38755819737e-05, 1.32449913508e-05, 4.88303066959e-06, 1.75042814021e-07, 1.14616494074e-08, 6.67606343541e-08, 3.51245894592e-08, 2.44133313565e-09, 4.23623802703e-09, 3.0484035296e-09, 1.14632632275e-08, 4.72046091105e-09, 4.0012788638e-09, 2.3817154915e-09, 3.12415227022e-09, 1.60248925241e-09, 6.1114951988e-10, 9.35998056839e-10, 5.95220206456e-10, 2.22499574321e-10, 1.85480519832e-10, 6.78781406083e-11, 4.77744788174e-11, 1.02970500182e-10, 4.01108035675e-11, 1.4522580187e-11, 6.80088190624e-12, 6.95530482167e-12, 4.9661806785e-12, 4.58194289801e-12, 3.98932015894e-12, 1.39270713018e-12, 1.40915285083e-12, 1.18847369012e-12, 6.69571548814e-13, 5.10965022463e-13, 4.6081763622e-13, 2.80793942785e-13], "dvar2": [3.49044166796e-05, 7.59900431149e-05, 6.34510652162e-05, 3.75444506062e-05, 1.41779009937e-05, 5.01550914578e-07, 2.65012705114e-08, 1.45747080182e-07, 6.69835387157e-08, 6.4581731074e-09, 8.01862043431e-09, 7.16181869365e-09, 2.71473581392e-08, 1.10828421995e-08, 1.01935118124e-08, 5.97165961125e-09, 7.65855290297e-09, 4.16644629908e-09, 1.36554623165e-09, 2.34944508293e-09, 1.42322154062e-09, 5.03408259522e-10, 4.53266230105e-10, 1.67298119802e-10, 1.08294234691e-10, 2.22937085459e-10, 8.38566299732e-11, 2.80383563589e-11, 1.14772471041e-11, 1.31625370325e-11, 1.18990650666e-11, 9.05418101604e-12, 7.38348618357e-12, 2.55332170337e-12, 2.92572736871e-12, 2.71993365331e-12, 1.30534873275e-12, 1.07163789561e-12, 1.12107577995e-12, 6.36395883907e-13], "max": [0.0558264404535, 0.0527085326612, 0.036907132715, 0.0263221208006, 0.0160394478589, 0.00384443020448, 0.00279028341174, 0.00725420657545, 0.00896511413157, 0.000841621018481, 0.00279347784817, 0.00199307920411, 0.0021615519654, 0.00173583067954, 0.00131344795227, 0.00101465068292, 0.00136160699185, 0.000828494026791, 0.000534982711542, 0.000623161031399, 0.000603098422289, 0.000362560822396, 0.00020036411297, 0.000191073020687, 0.000197608227609, 0.000255472405115, 0.000211671824218, 0.000129647261929, 9.40377867664e-05, 4.26984297519e-05, 3.97687217628e-05, 3.54264520865e-05, 3.35221629939e-05, 1.96158907784e-05, 2.2988899218e-05, 2.3361579224e-05, 1.04783075585e-05, 1.21054663396e-05, 1.09972652353e-05, 7.99137615104e-06], "mean": [0.00662407279015, 0.0039270920679, 0.00132203369867, 0.000854116107803, 0.000494372099638, 0.000136582370033, 5.79791922064e-05, 8.19337146822e-05, 6.07621841482e-05, 2.90461957775e-05, 3.1526084058e-05, 2.10904236155e-05, 3.24253014696e-05, 2.88579121843e-05, 2.82232831523e-05, 2.38749289565e-05, 2.77272301901e-05, 1.72155669134e-05, 1.36285361805e-05, 1.3485800082e-05, 1.05477147372e-05, 9.23186598811e-06, 7.43435839468e-06, 4.21279310103e-06, 3.70612019651e-06, 5.45816101294e-06, 2.99145017379e-06, 1.66811560121e-06, 1.3528939462e-06, 1.23785412143e-06, 1.03591742118e-06, 1.12217480819e-06, 9.72606244432e-07, 6.79121740177e-07, 6.26345808996e-07, 5.19033278579e-07, 5.04633760556e-07, 4.32635914649e-07, 3.26830843278e-07, 2.20087486014e-07], "median": [0.00104105612263, 0.000951856840402, 0.000249074248131, 0.000179150534677, 9.77050076472e-05, 3.37273158948e-05, 1.77397632797e-05, 1.35808113555e-05, 9.80497588898e-06, 8.65606580192e-06, 6.41385850031e-06, 5.19186960446e-06, 6.55904023006e-06, 6.78879632687e-06, 6.00296698394e-06, 5.7141387515e-06, 5.78385106564e-06, 4.62138496005e-06, 3.31328533321e-06, 2.72587203654e-06, 2.4393818876e-06, 3.15147781293e-06, 2.26005408877e-06, 1.17369154395e-06, 1.0501826182e-06, 1.06233642327e-06, 6.37136906789e-07, 3.63938312375e-07, 2.71270323537e-07, 2.12716571468e-07, 1.98994285938e-07, 1.57483981411e-07, 1.48649334619e-07, 1.19061780879e-07, 1.07601067612e-07, 7.81403457495e-08, 8.16923275693e-08, 8.97527883126e-08, 6.57448282482e-08, 3.66007455455e-08], "min": [1.00686147787e-12, 6.07327664721e-13, 2.18071307539e-12, 3.71572390911e-12, 2.13833855137e-12, 6.28474757045e-13, 2.10386463567e-13, 1.15847273181e-13, 1.09691661136e-13, 5.07970367972e-14, 4.1020995872e-14, 3.61737236235e-15, 1.65172746086e-14, 5.71949714152e-14, 5.20337828272e-14, 3.0627176549e-14, 5.48253798046e-14, 5.03380262549e-14, 1.47781008215e-14, 9.40907406513e-15, 5.98022328475e-15, 9.53377849079e-15, 1.39699898852e-14, 1.53308169247e-14, 1.01238470528e-14, 8.40042553747e-15, 4.59686008673e-15, 5.88639321002e-15, 1.28698363883e-14, 9.5964157302e-15, 4.97040881625e-15, 6.32664112546e-15, 4.67856657888e-15, 4.01983286745e-15, 4.1204298884e-15, 3.93857360869e-15, 3.32200625617e-15, 3.40600990168e-15, 4.48282700565e-15, 3.51237034656e-15], "var": [0.000121373836009, 6.6589571361e-05, 1.6682279238e-05, 7.83573614171e-06, 2.73668911177e-06, 1.13628892962e-07, 1.48160692603e-08, 8.75275105727e-08, 1.2425755358e-07, 3.29210569916e-09, 1.0907314163e-08, 4.74851891141e-09, 1.42831364514e-08, 5.51315970654e-09, 4.66244465258e-09, 2.89762014383e-09, 4.76621098144e-09, 1.59050073112e-09, 8.94613605418e-10, 1.10157682975e-09, 6.84241385773e-10, 3.11697223587e-10, 2.32488028828e-10, 1.00225501509e-10, 6.97030280716e-11, 2.08009706681e-10, 6.84861611866e-11, 2.52335097262e-11, 1.45022119313e-11, 1.13498021745e-11, 6.25512402291e-12, 7.67132191104e-12, 6.06589995247e-12, 2.31565981668e-12, 2.31722583829e-12, 1.63742099307e-12, 1.17337693381e-12, 8.00373168349e-13, 5.19929477076e-13, 3.22059355096e-13]}, "mfcc": {"mean": [-721.906494141, 138.762329102, 10.6585845947, 30.3794784546, 26.2124118805, 17.4207630157, 8.48050689697, 8.46230983734, -0.935692310333, 2.39324092865, 2.22576069832, 2.35462117195, 0.396854788065], "cov": [[8899.76757812, -1379.56921387, -732.313232422, -307.051086426, -231.91809082, 127.423477173, -270.85824585, -65.1343688965, -16.2302474976, 101.301277161, 53.6413917542, 84.8844223022, -58.3288764954], [-1379.56921387, 1965.13232422, 181.367095947, -16.2193927765, 174.939331055, -114.871047974, 38.5161819458, 102.243293762, 1.40550124645, -22.9582977295, -11.7984666824, -27.6283931732, 11.2862844467], [-732.313232422, 181.367095947, 772.766418457, 12.425567627, -86.3156356812, 82.0270004272, 10.5484819412, -47.9315567017, 0.902067840099, -33.8948745728, -52.3686294556, -17.4540081024, -31.2991104126], [-307.051086426, -16.2193927765, 12.425567627, 548.337890625, 127.520935059, 8.19343948364, 88.8166656494, 48.7416114807, -7.33354520798, 68.6018371582, 29.5788936615, 10.4630832672, 51.5377159119], [-231.91809082, 174.939331055, -86.3156356812, 127.520935059, 350.812774658, 95.9951934814, 47.6611366272, 81.259803772, 50.5004730225, 43.8844528198, 47.6761016846, 48.6467056274, 57.8689880371], [127.423477173, -114.871047974, 82.0270004272, 8.19343948364, 95.9951934814, 295.860778809, 87.4785385132, 35.9739685059, 45.9460029602, 4.05536079407, 8.81003665924, 40.697681427, 17.5942325592], [-270.85824585, 38.5161819458, 10.5484819412, 88.8166656494, 47.6611366272, 87.4785385132, 276.6015625, 56.0498580933, 48.6393661499, 4.56328010559, 48.0084915161, 36.1201782227, 23.9085464478], [-65.1343688965, 102.243293762, -47.9315567017, 48.7416114807, 81.259803772, 35.9739685059, 56.0498580933, 183.877166748, 38.0369262695, 57.8524436951, 23.0517787933, 27.17445755, 39.9610404968], [-16.2302474976, 1.40550124645, 0.902067840099, -7.33354520798, 50.5004730225, 45.9460029602, 48.6393661499, 38.0369262695, 146.022857666, 29.360660553, 35.946434021, 39.2547645569, 12.7399978638], [101.301277161, -22.9582977295, -33.8948745728, 68.6018371582, 43.8844528198, 4.05536079407, 4.56328010559, 57.8524436951, 29.360660553, 145.925460815, 44.5016555786, 32.1799201965, 37.3195075989], [53.6413917542, -11.7984666824, -52.3686294556, 29.5788936615, 47.6761016846, 8.81003665924, 48.0084915161, 23.0517787933, 35.946434021, 44.5016555786, 125.86656189, 44.4802093506, 21.4434185028], [84.8844223022, -27.6283931732, -17.4540081024, 10.4630832672, 48.6467056274, 40.697681427, 36.1201782227, 27.17445755, 39.2547645569, 32.1799201965, 44.4802093506, 113.944801331, 40.9469223022], [-58.3288764954, 11.2862844467, -31.2991104126, 51.5377159119, 57.8689880371, 17.5942325592, 23.9085464478, 39.9610404968, 12.7399978638, 37.3195075989, 21.4434185028, 40.9469223022, 96.3915634155]], "icov": [[0.000150080013555, 6.37210760033e-05, 0.000150117979501, 3.64105253539e-05, 0.000126366125187, -0.000162402982824, 0.000161020463565, -3.03576541683e-07, 2.84382767859e-05, -0.000111053006549, -4.69386286568e-05, -0.000131160573801, 0.000131994922413], [6.37210760033e-05, 0.000678349053487, -0.000222441900405, 0.000203153831535, -0.000519674795214, 0.000507289427333, -0.00012833805522, -0.000400528981118, 0.00010011557606, 0.000142227232573, 4.55884401163e-05, 0.000125831429614, 6.3664650952e-05], [0.000150117979501, -0.000222441900405, 0.00174657313619, -0.000256176834228, 0.000835465907585, -0.000989779015072, 0.000241149638896, 0.000448551785666, -0.000221510257688, -0.000141840646393, 0.000417353498051, -0.000231448560953, 0.00034396679257], [3.64105253539e-05, 0.000203153831535, -0.000256176834228, 0.00239672604948, -0.000997183844447, 0.000520366418641, -0.000884168432094, 2.10205107578e-05, 0.000690655724611, -0.00100057024974, 8.8629021775e-05, 0.000499225629028, -0.000587807036936], [0.000126366125187, -0.000519674795214, 0.000835465907585, -0.000997183844447, 0.00477543286979, -0.00189764623065, 0.000837878440507, -0.000647259585094, -0.000784879201092, 0.000146815364133, -0.000858509447426, -0.000529478478711, -0.00105549732689], [-0.000162402982824, 0.000507289427333, -0.000989779015072, 0.000520366418641, -0.00189764623065, 0.0051690582186, -0.00156735139899, -0.000467637786642, -0.000415741553297, 0.000342022394761, 0.000855969265103, -0.000686764193233, 4.49433064205e-05], [0.000161020463565, -0.00012833805522, 0.000241149638896, -0.000884168432094, 0.000837878440507, -0.00156735139899, 0.00516106374562, -0.00109241774771, -0.000937282748055, 0.00126775773242, -0.00172173790634, -0.000517341366503, -0.000144841047586], [-3.03576541683e-07, -0.000400528981118, 0.000448551785666, 2.10205107578e-05, -0.000647259585094, -0.000467637786642, -0.00109241774771, 0.0076275258325, -0.000852015917189, -0.00248400727287, 0.000749974395148, 0.000141865180922, -0.00138889136724], [2.84382767859e-05, 0.00010011557606, -0.000221510257688, 0.000690655724611, -0.000784879201092, -0.000415741553297, -0.000937282748055, -0.000852015917189, 0.00867855455726, -0.00103986822069, -0.00107847864274, -0.00171678490005, 0.000921846367419], [-0.000111053006549, 0.000142227232573, -0.000141840646393, -0.00100057024974, 0.000146815364133, 0.000342022394761, 0.00126775773242, -0.00248400727287, -0.00103986822069, 0.00987887103111, -0.00254398654215, -0.000557505933102, -0.0019147148123], [-4.69386286568e-05, 4.55884401163e-05, 0.000417353498051, 8.8629021775e-05, -0.000858509447426, 0.000855969265103, -0.00172173790634, 0.000749974395148, -0.00107847864274, -0.00254398654215, 0.0110483402386, -0.00283902348019, 0.000405360478908], [-0.000131160573801, 0.000125831429614, -0.000231448560953, 0.000499225629028, -0.000529478478711, -0.000686764193233, -0.000517341366503, 0.000141865180922, -0.00171678490005, -0.000557505933102, -0.00283902348019, 0.0128261493519, -0.00429763458669], [0.000131994922413, 6.3664650952e-05, 0.00034396679257, -0.000587807036936, -0.00105549732689, 4.49433064205e-05, -0.000144841047586, -0.00138889136724, 0.000921846367419, -0.0019147148123, 0.000405360478908, -0.00429763458669, 0.0144648496062]]}, "spectral_contrast_coeffs": {"dmean": [0.0593090131879, 0.0486597977579, 0.0393558554351, 0.0314892120659, 0.0264372751117, 0.0202205143869], "dmean2": [0.0907673165202, 0.0804060548544, 0.0642143860459, 0.0510703399777, 0.0414499044418, 0.0308447722346], "dvar": [0.0037614966277, 0.00163338019047, 0.00101804744918, 0.000732591259293, 0.000592186290305, 0.000353908719262], "dvar2": [0.00783512461931, 0.00432970840484, 0.00257685035467, 0.00181320845149, 0.00131019274704, 0.000756173569243], "max": [-0.224451139569, -0.386147677898, -0.461749464273, -0.54498231411, -0.581059038639, -0.544181168079], "mean": [-0.672587692738, -0.757166028023, -0.793168663979, -0.798164904118, -0.79171359539, -0.794718563557], "median": [-0.68818461895, -0.765131354332, -0.801119983196, -0.804501056671, -0.797681987286, -0.798730492592], "min": [-0.888843536377, -0.948345005512, -0.959321677685, -0.943469643593, -0.937654316425, -0.951702833176], "var": [0.0104870935902, 0.00500453216955, 0.00400649989024, 0.00273813121021, 0.00306206918322, 0.00159873929806]}, "spectral_contrast_valleys": {"dmean": [0.358531802893, 0.473841845989, 0.417078346014, 0.460927456617, 0.48836427927, 0.609220325947], "dmean2": [0.59047883749, 0.738051891327, 0.641186416149, 0.671376109123, 0.653691053391, 0.853119850159], "dvar": [0.0944162532687, 0.223629012704, 0.172383025289, 0.259308159351, 0.270003467798, 0.455467730761], "dvar2": [0.235336393118, 0.485353142023, 0.355258911848, 0.537966489792, 0.506601274014, 0