{"lowlevel": {"average_loudness": 0.477941691875, "barkbands_crest": {"dmean": 2.81975769997, "dmean2": 4.49438047409, "dvar": 5.92742347717, "dvar2": 14.1339225769, "max": 26.7693538666, "mean": 12.1598672867, "median": 10.8679256439, "min": 4.2617020607, "var": 25.1782741547}, "barkbands_flatness_db": {"dmean": 0.0227707456797, "dmean2": 0.0333540700376, "dvar": 0.000406980398111, "dvar2": 0.000832395569887, "max": 0.517247080803, "mean": 0.257820636034, "median": 0.250331759453, "min": 0.0826542153955, "var": 0.00382425473072}, "barkbands_kurtosis": {"dmean": 3.31976437569, "dmean2": 5.10625553131, "dvar": 62.3160095215, "dvar2": 145.172653198, "max": 233.102203369, "mean": 5.4999628067, "median": 1.61131048203, "min": -1.93964672089, "var": 218.863449097}, "barkbands_skewness": {"dmean": 0.573052167892, "dmean2": 0.851887226105, "dvar": 0.316394925117, "dvar2": 0.718116223812, "max": 12.3867368698, "mean": 0.229075923562, "median": 0.479822129011, "min": -9.74313545227, "var": 3.39578795433}, "barkbands_spread": {"dmean": 2.41049265862, "dmean2": 3.60232901573, "dvar": 10.6363487244, "dvar2": 21.1235046387, "max": 149.588348389, "mean": 8.98446750641, "median": 6.79088878632, "min": 0.254522919655, "var": 79.1363525391}, "dissonance": {"dmean": 0.0425915122032, "dmean2": 0.0720100328326, "dvar": 0.00159739353694, "dvar2": 0.00431468756869, "max": 0.500000059605, "mean": 0.413686782122, "median": 0.425812125206, "min": 0.112710274756, "var": 0.00438475375995}, "dynamic_complexity": 6.7492184639, "erbbands_crest": {"dmean": 3.47066688538, "dmean2": 5.59125900269, "dvar": 9.3172712326, "dvar2": 23.0849990845, "max": 32.6761741638, "mean": 15.3415718079, "median": 14.3252677917, "min": 2.79200196266, "var": 38.4487991333}, "erbbands_flatness_db": {"dmean": 0.0232831928879, "dmean2": 0.0342647321522, "dvar": 0.000413324014517, "dvar2": 0.000857418344822, "max": 0.502254426479, "mean": 0.293795794249, "median": 0.294558793306, "min": 0.0274670738727, "var": 0.00369886611588}, "erbbands_kurtosis": {"dmean": 3.16694808006, "dmean2": 4.79409980774, "dvar": 31.3741664886, "dvar2": 68.0707626343, "max": 94.4486846924, "mean": 5.17931365967, "median": 1.74241662025, "min": -1.65965390205, "var": 113.085762024}, "erbbands_skewness": {"dmean": 0.565868079662, "dmean2": 0.856116235256, "dvar": 0.343578219414, "dvar2": 0.736749827862, "max": 4.6086974144, "mean": 0.188079699874, "median": 0.307843446732, "min": -8.09220790863, "var": 1.72227168083}, "erbbands_spread": {"dmean": 3.65633273125, "dmean2": 5.50576114655, "dvar": 24.924533844, "dvar2": 57.0709152222, "max": 171.241973877, "mean": 12.5342102051, "median": 10.6150417328, "min": 0.37086558342, "var": 119.301498413}, "hfc": {"dmean": 5.83135318756, "dmean2": 8.1141462326, "dvar": 188.67036438, "dvar2": 433.775421143, "max": 321.043273926, "mean": 15.1210813522, "median": 7.68476867676, "min": 1.25571033009e-16, "var": 547.733947754}, "melbands_crest": {"dmean": 3.53121566772, "dmean2": 5.64647054672, "dvar": 8.8954744339, "dvar2": 21.6172065735, "max": 36.9420776367, "mean": 14.2870664597, "median": 12.9873361588, "min": 1.93539464474, "var": 35.6148719788}, "melbands_flatness_db": {"dmean": 0.0231290124357, "dmean2": 0.0336430668831, "dvar": 0.000544391863514, "dvar2": 0.00108585006092, "max": 0.690659284592, "mean": 0.344408154488, "median": 0.332221806049, "min": 0.00655892677605, "var": 0.00888050999492}, "melbands_kurtosis": {"dmean": 3.22355675697, "dmean2": 5.01563882828, "dvar": 82.2362289429, "dvar2": 190.230163574, "max": 273.188110352, "mean": 4.24896383286, "median": 1.5047917366, "min": -1.97344088554, "var": 231.095474243}, "melbands_skewness": {"dmean": 0.568890154362, "dmean2": 0.842592298985, "dvar": 0.300622344017, "dvar2": 0.675493657589, "max": 14.0135440826, "mean": 0.664357662201, "median": 0.717390656471, "min": -8.92800045013, "var": 2.16177272797}, "melbands_spread": {"dmean": 3.99757623672, "dmean2": 6.07905244827, "dvar": 26.0685691833, "dvar2": 58.328704834, "max": 218.178833008, "mean": 16.6140880585, "median": 11.2431221008, "min": 0.526870727539, "var": 361.06640625}, "pitch_salience": {"dmean": 0.0747548416257, "dmean2": 0.119259223342, "dvar": 0.00392074137926, "dvar2": 0.00980618130416, "max": 0.858354449272, "mean": 0.525829255581, "median": 0.52833199501, "min": 0.0569526851177, "var": 0.0179231334478}, "silence_rate_20dB": {"dmean": 0, "dmean2": 0, "dvar": 0, "dvar2": 0, "max": 1, "mean": 1, "median": 1, "min": 1, "var": 0}, "silence_rate_30dB": {"dmean": 0.00644007138908, "dmean2": 0.0128847528249, "dvar": 0.00639862148091, "dvar2": 0.014866264537, "max": 1, "mean": 0.993919909, "median": 1, "min": 0, "var": 0.00604317896068}, "silence_rate_60dB": {"dmean": 0.0636851489544, "dmean2": 0.127415895462, "dvar": 0.0596312992275, "dvar2": 0.120487250388, "max": 1, "mean": 0.217453509569, "median": 0, "min": 0, "var": 0.170159623027}, "spectral_centroid": {"dmean": 102.466163635, "dmean2": 148.912643433, "dvar": 34811.0546875, "dvar2": 54078.453125, "max": 11096.3710938, "mean": 844.326171875, "median": 644.420410156, "min": 190.019378662, "var": 408604.1875}, "spectral_complexity": {"dmean": 1.55992841721, "dmean2": 2.45884037018, "dvar": 1.94658970833, "dvar2": 4.22969484329, "max": 26, "mean": 9.97138786316, "median": 10, "min": 0, "var": 22.8268299103}, "spectral_decrease": {"dmean": 1.46952328084e-09, "dmean2": 1.95922833512e-09, "dvar": 4.77150161442e-18, "dvar2": 9.3111246508e-18, "max": 7.44610464426e-16, "mean": -4.66588634396e-09, "median": -3.13389580953e-09, "min": -3.83903611123e-08, "var": 2.55529872047e-17}, "spectral_energy": {"dmean": 0.00604321062565, "dmean2": 0.00808480940759, "dvar": 8.70525327628e-05, "dvar2": 0.000174202665221, "max": 0.174013406038, "mean": 0.0189816374332, "median": 0.0125335864723, "min": 1.13500884971e-20, "var": 0.000433466339018}, "spectral_energyband_high": {"dmean": 2.98781778838e-05, "dmean2": 4.27611157647e-05, "dvar": 2.53360976643e-08, "dvar2": 5.60256552262e-08, "max": 0.00480028335005, "mean": 5.98699516559e-05, "median": 3.39534108207e-06, "min": 8.31389782492e-21, "var": 5.00801498049e-08}, "spectral_energyband_low": {"dmean": 0.00090116832871, "dmean2": 0.00140316865873, "dvar": 3.01554791804e-06, "dvar2": 6.8665112849e-06, "max": 0.061648581177, "mean": 0.00194675952662, "median": 0.000661066151224, "min": 6.68673781125e-23, "var": 1.16985984278e-05}, "spectral_energyband_middle_high": {"dmean": 0.00320651638322, "dmean2": 0.00467432895675, "dvar": 6.43452221993e-05, "dvar2": 0.000146654914715, "max": 0.172824814916, "mean": 0.00663269823417, "median": 0.00189427938312, "min": 1.65896211434e-21, "var": 0.000161628384376}, "spectral_energyband_middle_low": {"dmean": 0.00355858192779, "dmean2": 0.00455494970083, "dvar": 2.61253680947e-05, "dvar2": 4.19673669967e-05, "max": 0.119784235954, "mean": 0.0107988957316, "median": 0.00503305159509, "min": 2.95488185729e-22, "var": 0.000207764562219}, "spectral_entropy": {"dmean": 0.18284805119, "dmean2": 0.275102436543, "dvar": 0.0322199612856, "dvar2": 0.069430321455, "max": 9.82143878937, "mean": 6.20950269699, "median": 6.20273637772, "min": 4.21877717972, "var": 0.345571935177}, "spectral_flux": {"dmean": 0.018219102174, "dmean2": 0.0296449325979, "dvar": 0.000511306745466, "dvar2": 0.00142298836727, "max": 0.318092405796, "mean": 0.0585723258555, "median": 0.0530119203031, "min": 1.06536793276e-10, "var": 0.00146488565952}, "spectral_kurtosis": {"dmean": 12.6089582443, "dmean2": 21.0610542297, "dvar": 197.669250488, "dvar2": 527.690246582, "max": 271.866729736, "mean": 39.2015838623, "median": 27.3135795593, "min": -1.21100795269, "var": 1409.55297852}, "spectral_rms": {"dmean": 0.000634314026684, "dmean2": 0.000823899172246, "dvar": 4.45869687837e-07, "dvar2": 7.87939825386e-07, "max": 0.0130295502022, "mean": 0.00368854473345, "median": 0.00349683966488, "min": 3.32765043819e-12, "var": 4.91331229568e-06}, "spectral_rolloff": {"dmean": 156.240188599, "dmean2": 278.143554688, "dvar": 326438.59375, "dvar2": 632925.625, "max": 19853.6132812, "mean": 1365.64172363, "median": 904.39453125, "min": 64.599609375, "var": 7299050}, "spectral_skewness": {"dmean": 0.755277872086, "dmean2": 1.26053225994, "dvar": 0.511452555656, "dvar2": 1.38931870461, "max": 13.7461738586, "mean": 4.3137512207, "median": 3.87448978424, "min": 0.0135813523084, "var": 3.91746711731}, "spectral_spread": {"dmean": 369542.75, "dmean2": 589167.125, "dvar": 559370272768, "dvar2": 991245369344, "max": 41024236, "mean": 2182623.25, "median": 1706724.75, "min": 265256.125, "var": 5692781494270.0}, "spectral_strongpeak": {"dmean": 1.06119203568, "dmean2": 1.67010569572, "dvar": 2.90706944466, "dvar2": 6.17056417465, "max": 20.0898323059, "mean": 2.11259102821, "median": 0.905112445354, "min": 3.26977689369e-09, "var": 8.23937702179}, "zerocrossingrate": {"dmean": 0.00483669200912, "dmean2": 0.00566556537524, "dvar": 0.000137467563036, "dvar2": 0.000131081571453, "max": 0.74462890625, "mean": 0.0515120998025, "median": 0.0341796875, "min": 0.00244140625, "var": 0.00887776818126}, "barkbands": {"dmean": [7.06776017978e-06, 0.00028145511169, 0.000524271279573, 0.00062801054446, 0.00110508943908, 0.0011257926235, 0.00103654176928, 0.000893450865988, 0.00123763247393, 0.00025193876354, 0.000317890837323, 0.000222231508815, 0.00158406852279, 0.000871276250109, 0.000822575646453, 3.58778634109e-05, 3.21530606016e-05, 6.52594171697e-05, 2.38391021412e-05, 2.03290055651e-05, 4.8809774853e-06, 4.27110080636e-06, 2.9557918424e-06, 5.08961011292e-06, 1.40375350384e-05, 3.63287369964e-07, 3.97449667844e-07], "dmean2": [1.18285570352e-05, 0.00039660584298, 0.000866722257342, 0.00103634153493, 0.00167332019191, 0.00160599639639, 0.0015758293448, 0.00120592932217, 0.00143371860031, 0.000348688015947, 0.00047827482922, 0.000360371894203, 0.00229666871019, 0.00133833591826, 0.00127493555192, 5.16233885719e-05, 4.83054063807e-05, 0.000101580866612, 3.76841453544e-05, 2.70501386694e-05, 6.94309983373e-06, 6.59185525365e-06, 4.20500555265e-06, 7.18956016499e-06, 2.04787738767e-05, 5.80089533742e-07, 5.54737425773e-07], "dvar": [1.28890384476e-10, 3.57597514267e-07, 1.47369303249e-06, 1.76106732397e-06, 4.95945232615e-06, 4.19331172452e-06, 3.42343787452e-06, 2.23533038479e-06, 1.11026956802e-05, 3.87483680697e-07, 7.08640698122e-07, 1.30959654143e-06, 1.55990055646e-05, 1.93029154616e-05, 3.55343654519e-05, 5.8803170333e-08, 2.96604145689e-08, 4.50214088232e-08, 1.02377661904e-08, 1.35108351174e-08, 4.14593082088e-10, 5.45217038184e-10, 2.46477810384e-10, 3.09034819956e-09, 1.98416802988e-08, 5.44941999511e-12, 5.93548300787e-12], "dvar2": [3.02617486625e-10, 6.45385568987e-07, 3.53952054866e-06, 4.62223806608e-06, 1.06374091047e-05, 8.11548852653e-06, 8.00306042947e-06, 3.90627110392e-06, 1.45300518852e-05, 5.47622278191e-07, 1.56519308803e-06, 3.12403881253e-06, 2.92747954518e-05, 3.48133216903e-05, 9.29762609303e-05, 1.37578794579e-07, 6.74426132719e-08, 9.95560043293e-08, 2.44229294566e-08, 2.72780606991e-08, 7.40494610074e-10, 9.90104220833e-10, 4.28616558912e-10, 6.58253140884e-09, 4.45143619743e-08, 1.22683798884e-11, 1.14583143321e-11], "max": [0.000330914044753, 0.0243355836719, 0.0397772230208, 0.021741790697, 0.0544012710452, 0.0287761315703, 0.031451612711, 0.0541002824903, 0.0608639009297, 0.0138573423028, 0.0148214921355, 0.0227076653391, 0.0533936396241, 0.0963625535369, 0.161991462111, 0.00709829013795, 0.00528769893572, 0.0033006221056, 0.00178601301741, 0.00432875286788, 0.000411609187722, 0.000619926548097, 0.000383407546906, 0.0019319683779, 0.00451851589605, 5.06363066961e-05, 5.68534342165e-05], "mean": [1.29617756102e-05, 0.000775669526774, 0.000752983323764, 0.00085782824317, 0.00214895699173, 0.0020246100612, 0.00184433686081, 0.00158759288024, 0.00222801486962, 0.000415056943893, 0.000516685075127, 0.000325355795212, 0.0026808178518, 0.00130467349663, 0.00120688567404, 4.68444595754e-05, 4.64516779175e-05, 8.49623902468e-05, 3.1772418879e-05, 3.62608443538e-05, 7.62632498663e-06, 5.86258374824e-06, 5.11871257913e-06, 8.841615454e-06, 2.40465433308e-05, 6.37179539353e-07, 8.27471637876e-07], "median": [4.21695085606e-06, 0.000128295505419, 0.000222695234697, 0.000154369219672, 0.000558863102924, 0.000481328344904, 0.000692860223353, 0.000560254789889, 0.000202942464966, 0.000113381051051, 0.000116654511658, 5.5664255342e-05, 0.000164119643159, 2.31807462114e-05, 2.60499109572e-05, 5.02894272358e-06, 4.07216066378e-06, 6.35828200757e-06, 1.87801970242e-06, 1.34810943564e-06, 4.79993332192e-07, 3.94328367292e-07, 1.76801549401e-07, 8.02004862521e-08, 5.32899449013e-08, 2.9792268208e-08, 1.13497478083e-07], "min": [3.28768629088e-24, 3.75098280168e-23, 2.16654604944e-23, 5.29775475891e-24, 2.51375402609e-23, 3.35467864665e-23, 3.52554244773e-23, 2.99756541693e-23, 1.40141177678e-22, 4.76610700055e-23, 7.39838942869e-23, 7.07731420502e-23, 1.18409713191e-22, 1.62310365303e-22, 1.22419625701e-22, 6.05297642633e-23, 2.05475268937e-22, 2.41549209179e-22, 3.75252423589e-22, 2.77229148108e-22, 7.50927979546e-22, 4.40801034527e-22, 4.77463755305e-22, 1.06433678788e-21, 1.17183199829e-21, 2.27262622641e-21, 2.2088004372e-21], "var": [7.43214267906e-10, 3.48107369064e-06, 3.12633619615e-06, 3.0700143725e-06, 1.34865367727e-05, 1.18450598166e-05, 9.82644087344e-06, 9.73327951215e-06, 3.96209070459e-05, 1.18795810522e-06, 1.44460352658e-06, 1.97190342988e-06, 4.08049454563e-05, 3.39535545208e-05, 6.8145316618e-05, 7.17431092312e-08, 6.51862208656e-08, 6.90665586944e-08, 1.73814278526e-08, 6.04793655157e-08, 8.65650107151e-10, 8.51197612395e-10, 6.29966578902e-10, 6.09356964887e-09, 3.4145639205e-08, 8.22744303242e-12, 1.54514387396e-11]}, "erbbands": {"dmean": [0.00703005120158, 0.0728422179818, 0.457649230957, 1.37403082848, 2.09965229034, 4.85354757309, 8.04378604889, 10.6066665649, 12.0609560013, 19.9723243713, 12.4817657471, 34.7612762451, 11.2166414261, 12.7379560471, 9.61556625366, 10.7840595245, 63.1533813477, 55.112991333, 39.7181053162, 19.5284805298, 2.09570360184, 1.7147064209, 4.54298591614, 1.49696969986, 1.03661370277, 0.450531005859, 0.232840240002, 0.152462735772, 0.18421676755, 0.132149174809, 0.0656339079142, 0.0666735842824, 0.212974235415, 0.189300358295, 0.0178092960268, 0.00272695790045, 0.000490392150823, 0.00026497579529, 6.61803642288e-05, 1.04138798633e-05], "dmean2": [0.00787419173867, 0.111735329032, 0.763097882271, 2.26956558228, 3.2004339695, 7.37701511383, 11.6005086899, 15.05007267, 18.508102417, 26.7659072876, 17.9171867371, 40.4051856995, 13.6009407043, 17.5593757629, 15.0522756577, 17.0196800232, 90.9256362915, 81.9266586304, 61.7304992676, 28.6149749756, 3.036703825, 2.60748958588, 7.10593223572, 2.37916636467, 1.46211349964, 0.608478248119, 0.327169388533, 0.222853139043, 0.281836271286, 0.181352958083, 0.0977081879973, 0.0891891121864, 0.305104196072, 0.275290757418, 0.0260419752449, 0.00427120784298, 0.000762264826335, 0.000356606702553, 9.60045363172e-05, 1.42438993862e-05], "dvar": [0.000243286427576, 0.0251651667058, 1.19305622578, 7.80322265625, 16.1069087982, 120.171928406, 254.056304932, 408.925170898, 449.082611084, 846.36895752, 706.455078125, 8925.06445312, 640.901550293, 838.141662598, 722.744567871, 2904.41748047, 24243.1113281, 43632.5078125, 50915.8632812, 28213.7734375, 93.4321136475, 99.5643768311, 215.551147461, 39.0114784241, 34.7324867249, 4.28644990921, 0.643610537052, 0.737618207932, 1.76408052444, 0.674258828163, 0.0792029127479, 0.217207029462, 3.86400699615, 3.61646556854, 0.0116338143125, 0.000195445565623, 1.02632957351e-05, 3.56346731678e-06, 4.05221072697e-07, 9.5141561296e-10], "dvar2": [0.000240363136982, 0.053814701736, 2.97085022926, 20.7345199585, 31.6934661865, 251.620101929, 530.00970459, 715.421630859, 1076.14941406, 1531.44848633, 1379.56884766, 12039.2626953, 876.428588867, 1234.43786621, 2076.52172852, 6948.35595703, 44234.9453125, 82028.3828125, 118585.617188, 70234.6171875, 217.990203857, 236.064865112, 476.428253174, 91.1884765625, 74.1874389648, 8.60831356049, 1.12157082558, 1.57464671135, 3.28782701492, 1.17117774487, 0.153429657221, 0.396011441946, 8.39469432831, 8.1431312561, 0.0265281423926, 0.000454481138149, 2.45019091381e-05, 6.09687413089e-06, 8.28994984658e-07, 1.75531011948e-09], "max": [0.904612004757, 5.85876941681, 41.880531311, 50.1969299316, 72.4535293579, 307.635864258, 241.185638428, 340.211120605, 297.072479248, 500.360229492, 1475.14294434, 1761.94262695, 403.964385986, 553.820800781, 619.198120117, 1130.09741211, 2160.33764648, 4865.31835938, 4679.42822266, 5308.50927734, 239.62953186, 340.804656982, 227.345748901, 133.338226318, 202.804992676, 78.9665298462, 16.68957901, 26.519493103, 35.6448173523, 21.5323352814, 6.34661960602, 14.8996992111, 56.6805343628, 61.0220298767, 2.72145628929, 0.268029004335, 0.085253149271, 0.0487642027438, 0.0186926648021, 0.000798617023975], "mean": [0.026195930317, 0.171780362725, 0.715858340263, 2.01239919662, 3.50837230682, 8.97226047516, 13.5008621216, 18.5626621246, 21.3956928253, 37.8538398743, 25.2345085144, 63.5524177551, 20.2607593536, 22.9433250427, 15.5516757965, 17.1793613434, 111.98009491, 102.801582336, 57.2183303833, 30.0719585419, 3.29124832153, 2.54777264595, 5.98666191101, 2.1456515789, 2.13515639305, 0.852323412895, 0.463848292828, 0.256529331207, 0.240116804838, 0.223047494888, 0.111733585596, 0.12307292968, 0.36364492774, 0.321467727423, 0.0317598059773, 0.00504289055243, 0.00103560788557, 0.000494771869853, 0.000155362809892, 3.18376005453e-05], "median": [0.00292498478666, 0.0356346853077, 0.244029983878, 0.548061847687, 0.936730384827, 1.94584465027, 2.4409365654, 4.79081201553, 8.22287845612, 16.1991443634, 8.10359764099, 5.73018074036, 3.62907910347, 7.32441043854, 4.70676422119, 4.55624914169, 9.14259338379, 5.50157308578, 3.24750852585, 1.12775409222, 0.467296570539, 0.320127278566, 0.507903516293, 0.191293656826, 0.100248210132, 0.0627034604549, 0.0442638918757, 0.0204723421484, 0.01535347756, 0.00807201862335, 0.00532183609903, 0.0023071183823, 0.00122088729404, 0.000690946588293, 0.000356613250915, 0.000136548507726, 5.96158206463e-05, 2.35760926444e-05, 2.20326473936e-05, 1.66800036823e-05], "min": [8.63533948395e-22, 9.33063931486e-21, 3.0464053834e-20, 1.89520035345e-20, 3.19157784272e-20, 1.18435888126e-19, 1.78544595849e-19, 2.43035771081e-19, 3.67952839027e-19, 6.74644526792e-19, 1.08705563541e-18, 2.8144952691e-18, 2.81189089094e-18, 1.62257525911e-18, 2.41056271007e-18, 4.17315141934e-18, 5.72061774825e-18, 7.02582396884e-18, 7.00773187448e-18, 6.03351080906e-18, 3.58471994699e-18, 1.36600507095e-17, 1.47547878543e-17, 1.1661726279e-17, 2.14894558281e-17, 1.41108492541e-17, 2.34609415564e-17, 2.94477820081e-17, 1.78389042984e-17, 1.35631349202e-17, 1.35349942358e-17, 1.92520083717e-17, 1.78800366816e-17, 1.25156496408e-17, 8.18975146313e-18, 7.10959833974e-18, 4.4291179104e-18, 1.56309632017e-18, 3.15356068639e-19, 3.24864878134e-20], "var": [0.00482870312408, 0.142769888043, 2.60308074951, 14.1239748001, 40.0036430359, 297.895050049, 559.241882324, 1175.27185059, 1204.95605469, 2928.24829102, 4724.91650391, 32371.53125, 2098.75756836, 2694.47436523, 1159.296875, 4252.48730469, 68330.0859375, 93671.6015625, 91216.5625, 56485.2460938, 160.242965698, 191.439361572, 343.334869385, 65.1908340454, 163.189926147, 19.9552307129, 2.28889918327, 1.55535054207, 2.38485383987, 1.71804463863, 0.168543800712, 0.51471477747, 7.25336265564, 6.18001794815, 0.0214141793549, 0.000325736182276, 2.07448574656e-05, 8.41642759042e-06, 1.15678005841e-06, 3.18508752706e-09]}, "gfcc": {"mean": [-155.618789673, 163.089126587, -110.381973267, -19.2187099457, -45.1105194092, -4.71856689453, -30.1043701172, -6.83935689926, -13.7427845001, 0.968779921532, -4.09944486618, -11.2470502853, -12.2323789597], "cov": [[27521.0957031, 2270.22265625, -4781.19042969, -38.0785713196, -1281.81140137, 468.890594482, -1569.69104004, -252.496002197, -893.625854492, 199.385314941, 55.4987068176, -376.325683594, -311.361358643], [2270.22265625, 3490.62817383, 284.770324707, -553.761474609, -30.7701053619, -619.072814941, 232.920700073, 25.9448795319, 169.223571777, -331.136932373, -168.620300293, 24.0760822296, 134.184127808], [-4781.19042969, 284.770324707, 1935.66113281, -147.47479248, 84.0123291016, -192.172958374, 242.42918396, 134.85055542, 135.686065674, -85.9234771729, -64.0250244141, 64.821647644, 44.8801498413], [-38.0785713196, -553.761474609, -147.47479248, 434.075683594, 63.8738136292, 115.484237671, 37.0497741699, -26.9989471436, 6.44795513153, 68.5462036133, 61.3657035828, -0.486609578133, -25.0278091431], [-1281.81140137, -30.7701053619, 84.0123291016, 63.8738136292, 340.301177979, 102.761390686, 102.425247192, 21.1393661499, 95.010307312, 62.4870796204, 29.1297206879, 1.1388220787, 1.53684091568], [468.890594482, -619.072814941, -192.172958374, 115.484237671, 102.761390686, 412.795043945, -107.111167908, 6.87694311142, -37.3195991516, 159.345932007, 82.4905319214, -84.8873291016, -66.6175003052], [-1569.69104004, 232.920700073, 242.42918396, 37.0497741699, 102.425247192, -107.111167908, 324.446502686, 67.6131362915, 119.786514282, -67.920463562, -41.1850509644, 93.5238265991, 70.4246292114], [-252.496002197, 25.9448795319, 134.85055542, -26.9989471436, 21.1393661499, 6.87694311142, 67.6131362915, 220.240692139, 63.8165588379, -31.4179782867, -25.7164726257, 50.1339950562, 70.1488342285], [-893.625854492, 169.223571777, 135.686065674, 6.44795513153, 95.010307312, -37.3195991516, 119.786514282, 63.8165588379, 190.250473022, 30.6857395172, -23.7469425201, 5.00766658783, 54.2110671997], [199.385314941, -331.136932373, -85.9234771729, 68.5462036133, 62.4870796204, 159.345932007, -67.920463562, -31.4179782867, 30.6857395172, 256.651153564, 71.7563171387, -99.6072921753, -63.987663269], [55.4987068176, -168.620300293, -64.0250244141, 61.3657035828, 29.1297206879, 82.4905319214, -41.1850509644, -25.7164726257, -23.7469425201, 71.7563171387, 132.803909302, -13.7826375961, -61.8264083862], [-376.325683594, 24.0760822296, 64.821647644, -0.486609578133, 1.1388220787, -84.8873291016, 93.5238265991, 50.1339950562, 5.00766658783, -99.6072921753, -13.7826375961, 203.774887085, 51.3963623047], [-311.361358643, 134.184127808, 44.8801498413, -25.0278091431, 1.53684091568, -66.6175003052, 70.4246292114, 70.1488342285, 54.2110671997, -63.987663269, -61.8264083862, 51.3963623047, 192.09046936]], "icov": [[0.000283160567051, -0.000522234011441, 0.00052954244893, -0.000516557251103, 0.000804508978035, -0.000546739494894, 0.000839997723233, -0.000514954444952, 0.000690973596647, -0.000619977130555, 0.000545908987988, -0.000409846397815, 0.000200642680284], [-0.000522234011441, 0.00149616063572, -0.000902771716937, 0.00150391331408, -0.00165358290542, 0.00159814220387, -0.00174106296618, 0.00100687285885, -0.00163320440333, 0.00161660520826, -0.00119240931235, 0.00121543917339, -0.000356243690476], [0.00052954244893, -0.000902771716937, 0.00162208708934, -0.0006986912922, 0.00137323862873, -0.000730969069991, 0.00119577033911, -0.0012538904557, 0.00114660768304, -0.00107988214586, 0.0010136567289, -0.000620018923655, 0.000582805951126], [-0.000516557251103, 0.00150391331408, -0.0006986912922, 0.00433823978528, -0.0016367736971, 0.000890255032573, -0.00261252629571, 0.00146036443766, -0.00163694180083, 0.00132109923288, -0.00204266700894, 0.000976965413429, -0.000429832492955], [0.000804508978035, -0.00165358290542, 0.00137323862873, -0.0016367736971, 0.00670654373243, -0.00326456781477, 0.00116938108113, -0.000909694994334, 0.000210031765164, -0.0020142623689, 0.000991948531009, -0.00155604514293, 0.000648068729788], [-0.000546739494894, 0.00159814220387, -0.000730969069991, 0.000890255032573, -0.00326456781477, 0.00621433230117, -0.00092937797308, -0.000459341041278, -0.000144351070048, -5.29007920704e-05, -0.00188601133414, 0.00207440252416, -0.000165024393937], [0.000839997723233, -0.00174106296618, 0.00119577033911, -0.00261252629571, 0.00116938108113, -0.00092937797308, 0.0084233796224, -0.00182986189611, -0.000307458278257, -0.0011300049955, 0.00225025741383, -0.00293951737694, 0.000427507562563], [-0.000514954444952, 0.00100687285885, -0.0012538904557, 0.00146036443766, -0.000909694994334, -0.000459341041278, -0.00182986189611, 0.00721403723583, -0.00325086596422, 0.00182620796841, -0.000936751312111, -0.000416970375227, -0.00183459045365], [0.000690973596647, -0.00163320440333, 0.00114660768304, -0.00163694180083, 0.000210031765164, -0.000144351070048, -0.000307458278257, -0.00325086596422, 0.0116778537631, -0.0046361386776, 0.00237398780882, -0.000158995113452, -0.00100554758683], [-0.000619977130555, 0.00161660520826, -0.00107988214586, 0.00132109923288, -0.0020142623689, -5.29007920704e-05, -0.0011300049955, 0.00182620796841, -0.0046361386776, 0.00913031771779, -0.00360203371383, 0.0033172366675, 0.000338268466294], [0.000545908987988, -0.00119240931235, 0.0010136567289, -0.00204266700894, 0.000991948531009, -0.00188601133414, 0.00225025741383, -0.000936751312111, 0.00237398780882, -0.00360203371383, 0.0120856808499, -0.00246702809818, 0.00275006797165], [-0.000409846397815, 0.00121543917339, -0.000620018923655, 0.000976965413429, -0.00155604514293, 0.00207440252416, -0.00293951737694, -0.000416970375227, -0.000158995113452, 0.0033172366675, -0.00246702809818, 0.00827656406909, -0.00113805267029], [0.000200642680284, -0.000356243690476, 0.000582805951126, -0.000429832492955, 0.000648068729788, -0.000165024393937, 0.000427507562563, -0.00183459045365, -0.00100554758683, 0.000338268466294, 0.00275006797165, -0.00113805267029, 0.00762470765039]]}, "melbands": {"dmean": [7.05250859028e-05, 0.000182296018465, 0.000248971919063, 0.000237436557654, 0.000258029584074, 0.000218864355702, 0.00020086709992, 0.000219260851736, 8.85148110683e-05, 0.000235385392443, 4.95909989695e-05, 5.08598532178e-05, 3.36221019097e-05, 2.41314155573e-05, 3.33591742674e-05, 0.000210251528188, 0.000101720186649, 5.51921002625e-05, 6.62073362037e-05, 4.17660066887e-06, 1.71980275354e-06, 1.7353960402e-06, 3.8721382225e-06, 2.51875326285e-06, 1.29635657231e-06, 5.76011700559e-07, 1.01507168893e-06, 1.81263189347e-07, 1.46623335695e-07, 1.46978919702e-07, 7.78576065841e-08, 1.39747811545e-07, 5.12741173964e-08, 6.90132822001e-08, 3.47630653152e-08, 3.59987062382e-08, 4.36374207879e-08, 6.84023362396e-08, 3.62600360404e-07, 8.24789054832e-08], "dmean2": [8.96572892088e-05, 0.00030075586983, 0.000400047429139, 0.00035662780283, 0.000375947362045, 0.000312999763992, 0.000310050178086, 0.000292171258479, 0.000129982086946, 0.000272928155027, 6.10853821854e-05, 6.95332055329e-05, 5.25188370375e-05, 3.76414463972e-05, 4.93177649332e-05, 0.000298750790535, 0.00015456629626, 8.4471408627e-05, 0.00010123552056, 5.92539936406e-06, 2.55423265116e-06, 2.56689304479e-06, 6.07698530075e-06, 3.90934019379e-06, 2.05141304832e-06, 8.47157537009e-07, 1.33699904836e-06, 2.56274603316e-07, 2.02791255788e-07, 2.18837470811e-07, 1.14244180338e-07, 2.1547542417e-07, 7.36431928772e-08, 9.49078327039e-08, 5.29752632872e-08, 5.23219938486e-08, 5.71104443736e-08, 9.79903234111e-08, 5.26579810867e-07, 1.20091030453e-07], "dvar": [2.27803802488e-08, 1.80415597129e-07, 2.37489715005e-07, 2.75894961987e-07, 2.35394153947e-07, 1.68057212591e-07, 1.28502506413e-07, 1.04634125364e-07, 3.91263057509e-08, 4.18778284939e-07, 1.25534818096e-08, 1.33355042564e-08, 1.01364205918e-08, 1.0557996255e-08, 4.87940852167e-08, 2.79590210539e-07, 2.34025250734e-07, 8.83207462721e-08, 3.13061633506e-07, 6.02002614425e-10, 6.42123368366e-11, 1.37522049304e-10, 1.57910212684e-10, 6.35139302263e-11, 3.71563890766e-11, 1.24889248249e-11, 4.9576755895e-11, 4.0384492625e-13, 2.21038018076e-13, 4.54960938714e-13, 2.86063626129e-13, 1.01149156325e-12, 5.53642350606e-14, 2.36144979439e-13, 2.01530906899e-14, 4.23704548823e-14, 1.34132071769e-13, 9.59264894081e-13, 1.26881907758e-11, 6.19428716219e-13], "dvar2": [3.32329648245e-08, 4.39368761818e-07, 5.9829710608e-07, 5.58544343221e-07, 4.93894162901e-07, 3.03058669715e-07, 3.09253238129e-07, 1.82868120646e-07, 7.87389211609e-08, 5.53919733193e-07, 1.80112156301e-08, 1.92493772033e-08, 2.80464345082e-08, 2.74847717918e-08, 8.48975574286e-08, 5.11384882884e-07, 4.35395378418e-07, 1.78490068947e-07, 8.25089330192e-07, 1.34928401785e-09, 1.41179623547e-10, 3.18660042797e-10, 3.70017821938e-10, 1.37968345082e-10, 8.60913701439e-11, 2.76901331725e-11, 1.0036827619e-10, 7.36399710741e-13, 4.14613547488e-13, 7.74865360677e-13, 6.2740925736e-13, 1.82875307779e-12, 1.02261562662e-13, 4.1616924208e-13, 3.69128284796e-14, 8.57478489797e-14, 2.34943575012e-13, 2.04473417365e-12, 2.83467277429e-11, 1.407170604e-12], "max": [0.00754415709525, 0.0170914791524, 0.00768538704142, 0.0146143380553, 0.00698202988133, 0.0065367850475, 0.00493531161919, 0.00510972645134, 0.0109875714406, 0.0119372289628, 0.00183397380169, 0.00240461761132, 0.00232456577942, 0.00211107823998, 0.00602455204353, 0.00734420400113, 0.0111747393385, 0.00590466894209, 0.0169573482126, 0.000632802082691, 0.000185141820111, 0.000423231802415, 0.000263546273345, 0.000132591740112, 0.000127499064547, 0.000103243131889, 0.000269494543318, 1.15800148706e-05, 8.91519175639e-06, 1.33442072183e-05, 1.70290622918e-05, 2.69106967608e-05, 4.76636296298e-06, 1.27823459479e-05, 2.33639366343e-06, 7.08373772795e-06, 1.29433665279e-05, 3.49848050973e-05, 0.000112020497909, 2.52244790317e-05], "mean": [0.000225410825806, 0.000317169324262, 0.000386918138247, 0.000436268979684, 0.000472136365715, 0.000385552993976, 0.000352810282493, 0.000410020817071, 0.000167868682183, 0.000422571640229, 8.54066238389e-05, 8.84595210664e-05, 5.4068499594e-05, 3.57573844667e-05, 5.06903488713e-05, 0.000361031503417, 0.000166667654412, 7.28914019419e-05, 9.84457656159e-05, 5.66919834455e-06, 2.57561600847e-06, 2.51133269558e-06, 4.93871402796e-06, 3.43502665601e-06, 1.6623458805e-06, 9.3391105338e-07, 1.94382914742e-06, 2.84562730712e-07, 3.06080579549e-07, 2.12098385077e-07, 1.22647037415e-07, 1.70948752043e-07, 7.98725565687e-08, 1.15169747517e-07, 5.49654082249e-08, 5.79875347739e-08, 7.63689769201e-08, 1.14405082741e-07, 6.14146927091e-07, 1.38862418453e-07], "median": [3.16301775456e-05, 0.000103289843537, 0.000108825857751, 0.000106273015263, 9.04507032828e-05, 0.000100114251836, 0.00012883884483, 0.00017698056763, 4.96220236528e-05, 3.03401793644e-05, 1.3879069229e-05, 2.3359860279e-05, 1.56067126227e-05, 7.66258199292e-06, 9.78721345746e-06, 1.71795381902e-05, 5.18895012647e-06, 2.81891311715e-06, 1.62824267136e-06, 5.21655579178e-07, 3.00113185858e-07, 2.06015386084e-07, 4.08960374898e-07, 2.84831827457e-07, 6.81139624703e-08, 4.45391918902e-08, 3.36759349295e-08, 2.65259139098e-08, 2.53767868941e-08, 1.15878169282e-08, 6.55908216629e-09, 9.08379504949e-09, 3.33396377172e-09, 3.12006731562e-09, 2.50364262655e-09, 1.39373879104e-09, 9.80191927624e-10, 7.67151342451e-10, 6.00270166906e-10, 5.0224702175e-10], "min": [9.27251089368e-24, 1.45801185253e-23, 3.12928578213e-24, 5.44816450113e-24, 6.07775438959e-24, 5.85567308426e-24, 6.17449555784e-24, 6.45847010093e-24, 1.00508633828e-23, 2.00612313799e-23, 1.41122545887e-23, 5.92145461742e-24, 8.76682659875e-24, 7.05457481611e-24, 1.62763098888e-23, 7.99169976189e-24, 1.42574113062e-23, 1.17854257295e-23, 9.81507443594e-24, 5.02994476463e-24, 3.3720135495e-24, 1.56010481093e-23, 1.19162669881e-23, 1.18896784313e-23, 8.0883691438e-24, 1.62755304942e-23, 1.49979008384e-23, 6.64371870173e-24, 1.39619813195e-23, 1.62680315824e-23, 1.67943879774e-23, 1.0572811623e-23, 7.28600057329e-24, 8.01784340115e-24, 8.00142405027e-24, 7.51406262758e-24, 1.44349081653e-23, 1.39802324054e-23, 1.05198948335e-23, 1.03623119791e-23], "var": [3.26579254306e-07, 4.32569692066e-07, 4.78172978546e-07, 6.71926386531e-07, 6.09737469404e-07, 4.81162487631e-07, 3.42734693959e-07, 3.47545181967e-07, 2.51843431442e-07, 1.48907622588e-06, 3.71751660566e-08, 4.41111538407e-08, 1.49873802258e-08, 1.2228473345e-08, 7.83586528996e-08, 7.67718915995e-07, 4.38006708237e-07, 1.48444811998e-07, 5.8033640471e-07, 8.47602765752e-10, 1.17844373149e-10, 2.95553664875e-10, 2.4425739209e-10, 1.04909664289e-10, 5.69157221353e-11, 3.03133143587e-11, 2.35377051183e-10, 8.97766507402e-13, 1.00119565416e-12, 7.61231952039e-13, 6.02684785758e-13, 1.43998387433e-12, 1.18825752731e-13, 5.98943963002e-13, 4.27333068562e-14, 9.32394488224e-14, 3.15719266052e-13, 1.88787765802e-12, 2.20063793577e-11, 1.04314311095e-12]}, "mfcc": {"mean": [-793.964477539, 199.906448364, 0.148126333952, -4.50782632828, -1.60177254677, -4.06992292404, -4.05495691299, -9.92654800415, -6.78888177872, 0.215231657028, 7.77086496353, 2.04918479919, -6.08858633041], "cov": [[11066.0458984, 2053.3190918, -1871.39038086, -770.44354248, 24.5541095734, 62.2125892639, -51.6829948425, -510.408813477, -573.516479492, -314.524261475, 271.157012939, -79.6988525391, -485.475708008], [2053.3190918, 2843.2565918, 87.0312194824, -112.177719116, -119.99546814, -367.378601074, -144.783615112, 128.147155762, 133.909362793, -168.054367065, -209.737091064, -77.3471755981, 84.9558410645], [-1871.39038086, 87.0312194824, 1146.72106934, 171.250442505, -49.7622833252, -120.962799072, -14.4356632233, 74.076461792, 126.811882019, 67.2023391724, -20.4378147125, -18.9005222321, 105.161758423], [-770.44354248, -112.177719116, 171.250442505, 306.630615234, -32.2922782898, 9.63452339172, -8.13405036926, 105.503746033, 48.2157745361, 59.0229301453, -63.7644996643, 5.99504995346, 72.4524002075], [24.5541095734, -119.99546814, -49.7622833252, -32.2922782898, 214.635864258, 85.4398498535, 55.670124054, -29.8582229614, -6.66866397858, 35.7229003906, 86.4110107422, 29.6573848724, -32.2275657654], [62.2125892639, -367.378601074, -120.962799072, 9.63452339172, 85.4398498535, 298.525390625, 73.8767776489, -71.3089370728, -96.4168624878, 113.752838135, 116.646575928, 60.2296066284, -49.0355148315], [-51.6829948425, -144.783615112, -14.4356632233, -8.13405036926, 55.670124054, 73.8767776489, 145.103057861, -0.456042975187, -21.6232814789, 8.48529815674, 42.9221572876, 56.4159202576, 0.96509462595], [-510.408813477, 128.147155762, 74.076461792, 105.503746033, -29.8582229614, -71.3089370728, -0.456042975187, 298.423919678, 102.847190857, -67.4428787231, -127.279670715, 17.2317066193, 106.296981812], [-573.516479492, 133.909362793, 126.811882019, 48.2157745361, -6.66866397858, -96.4168624878, -21.6232814789, 102.847190857, 322.573822021, 13.757358551, -89.0761032104, -61.6793060303, 123.516571045], [-314.524261475, -168.054367065, 67.2023391724, 59.0229301453, 35.7229003906, 113.752838135, 8.48529815674, -67.4428787231, 13.757358551, 283.699493408, 71.5914611816, -24.0519809723, -25.9181118011], [271.157012939, -209.737091064, -20.4378147125, -63.7644996643, 86.4110107422, 116.646575928, 42.9221572876, -127.279670715, -89.0761032104, 71.5914611816, 294.603363037, 87.9668045044, -149.975067139], [-79.6988525391, -77.3471755981, -18.9005222321, 5.99504995346, 29.6573848724, 60.2296066284, 56.4159202576, 17.2317066193, -61.6793060303, -24.0519809723, 87.9668045044, 247.543823242, -27.123632431], [-485.475708008, 84.9558410645, 105.161758423, 72.4524002075, -32.2275657654, -49.0355148315, 0.96509462595, 106.296981812, 123.516571045, -25.9181118011, -149.975067139, -27.123632431, 292.023956299]], "icov": [[0.00021492029191, -0.000186697463505, 0.000291276897769, 0.000143032157212, 6.79291624692e-05, -7.0992828114e-05, -5.31862388016e-05, 0.000167801350472, 0.000201580522116, 0.000149219296873, -0.000193784537259, 0.000178379894351, 5.0928658311e-05], [-0.000186697463505, 0.000600476458203, -0.000263812806224, 0.000109763263026, -6.27443077974e-05, 0.00047182693379, 0.00027253018925, -0.000250266079092, -0.000187439451111, -0.000153511689859, 0.000310581031954, -0.000224778923439, -5.05137795699e-05], [0.000291276897769, -0.000263812806224, 0.00147963431664, -0.000358628749382, 0.000225613795919, 0.00055820500711, -0.000261529203271, 0.000218028973904, 0.000139714000397, -0.000126924031065, -0.000724827579688, 0.000266081653535, -0.000260640576016], [0.000143032157212, 0.000109763263026, -0.000358628749382, 0.00482454104349, 0.000511345802806, -0.00053234922234, 0.000506018812303, -0.00144892849494, 0.000244476919761, -0.00112731812987, 0.000624945852906, -0.000311524869176, -0.000280649808701], [6.79291624692e-05, -6.27443077974e-05, 0.000225613795919, 0.000511345802806, 0.00608497206122, -0.00110217754263, -0.00153219129425, -0.000176097048097, -0.000623595260549, -2.71494682238e-05, -0.0014252011897, 0.000259677908616, 3.22199703078e-05], [-7.0992828114e-05, 0.00047182693379, 0.00055820500711, -0.00053234922234, -0.00110217754263, 0.0065405908972, -0.0016300783027, 0.000112467358122, 0.00131067377515, -0.00217282935046, -0.000891715637408, -0.000553341582417, -0.00063971435884], [-5.31862388016e-05, 0.00027253018925, -0.000261529203271, 0.000506018812303, -0.00153219129425, -0.0016300783027, 0.00913387164474, -0.000504354771692, 2.81392749457e-06, 0.000359944417141, -0.000108992528112, -0.00142694218084, -0.000646233791485], [0.000167801350472, -0.000250266079092, 0.000218028973904, -0.00144892849494, -0.000176097048097, 0.000112467358122, -0.000504354771692, 0.00556122744456, -0.000992433167994, 0.00119354843628, 0.00142302399036, -0.000911827373784, -0.000218604152906], [0.000201580522116, -0.000187439451111, 0.000139714000397, 0.000244476919761, -0.000623595260549, 0.00131067377515, 2.81392749457e-06, -0.000992433167994, 0.00479326350614, -0.000847107497975, -0.000359324883902, 0.000920488440897, -0.00141043961048], [0.000149219296873, -0.000153511689859, -0.000126924031065, -0.00112731812987, -2.71494682238e-05, -0.00217282935046, 0.000359944417141, 0.00119354843628, -0.000847107497975, 0.00539575424045, -0.000903587788343, 0.00105004594661, 0.000285301153781], [-0.000193784537259, 0.000310581031954, -0.000724827579688, 0.000624945852906, -0.0014252011897, -0.000891715637408, -0.000108992528112, 0.00142302399036, -0.000359324883902, -0.000903587788343, 0.00732888048515, -0.00223040138371, 0.00249734148383], [0.000178379894351, -0.000224778923439, 0.000266081653535, -0.000311524869176, 0.000259677908616, -0.000553341582417, -0.00142694218084, -0.000911827373784, 0.000920488440897, 0.00105004594661, -0.00223040138371, 0.0056378049776, -0.000302186439512], [5.0928658311e-05, -5.05137795699e-05, -0.000260640576016, -0.000280649808701, 3.22199703078e-05, -0.00063971435884, -0.000646233791485, -0.000218604152906, -0.00141043961048, 0.000285301153781, 0.00249734148383, -0.000302186439512, 0.00554146058857]]}, "spectral_contrast_coeffs": {"dmean": [0.048989828676, 0.0430504903197, 0.0403850078583, 0.032796073705, 0.0229012854397, 0.0162888411433], "dmean2": [0.0802840963006, 0.0696343109012, 0.0627917125821, 0.0506546646357, 0.036432530731, 0.0255317874253], "dvar": [0.00154405471403, 0.00116073351819, 0.00105427787639, 0.000758760492317, 0.000393274385715, 0.000246263167355], "dvar2": [0.00409458344802, 0.00296935928054, 0.0024377910886, 0.00171278708149, 0.000910404836759, 0.000539372384083], "max": [-0.335888326168, -0.490403622389, -0.396135598421, -0.372226774693, -0.556812167168, -0.659598112106], "mean": [-0.644380390644, -0.736752510071, -0.729833185673, -0.711907207966, -0.771453738213, -0.798203289509], "median": [-0.653323829174, -0.737760066986, -0.738058924675, -0.719823122025, -0.777682542801, -0.790099620819], "min": [-0.970144152641, -0.972052335739, -0.972899913788, -0.959665834904, -0.966530621052, -0.963854968548], "var": [0.0119770104066, 0.00504203513265, 0.00850727874786, 0.0149577567354, 0.00547249102965, 0.00235923822038]}, "spectral_contrast_valleys": {"dmean": [0.423335045576, 0.361796110868, 0.299666404724, 0.262405782938, 0.224974662066, 0.231337219477], "dmean2": [0.683428704739, 0.538186192513, 0.464557230473, 0.390486896038, 0.33225