{"lowlevel": {"average_loudness": 0.892732143402, "barkbands_crest": {"dmean": 1.92027318478, "dmean2": 3.01002550125, "dvar": 3.94646954536, "dvar2": 9.29518222809, "max": 22.2461872101, "mean": 8.72413921356, "median": 7.95011043549, "min": 2.33119273186, "var": 11.648024559}, "barkbands_flatness_db": {"dmean": 0.0219811424613, "dmean2": 0.0294900480658, "dvar": 0.000496972701512, "dvar2": 0.000886918976903, "max": 0.365185618401, "mean": 0.135343953967, "median": 0.127432405949, "min": 0.0166294183582, "var": 0.00340915401466}, "barkbands_kurtosis": {"dmean": 1.49141585827, "dmean2": 2.4320936203, "dvar": 20.3714122772, "dvar2": 53.9198417664, "max": 188.425582886, "mean": 1.86245691776, "median": -0.0670502185822, "min": -1.76891219616, "var": 108.010108948}, "barkbands_skewness": {"dmean": 0.38574013114, "dmean2": 0.599302649498, "dvar": 0.194048792124, "dvar2": 0.469452947378, "max": 10.4951610565, "mean": 0.954680204391, "median": 0.871642112732, "min": -2.52599406242, "var": 1.06188845634}, "barkbands_spread": {"dmean": 4.29267692566, "dmean2": 6.20496225357, "dvar": 26.0211639404, "dvar2": 55.5851020813, "max": 72.3922424316, "mean": 21.4975013733, "median": 20.9625015259, "min": 1.28026115894, "var": 84.4102706909}, "dissonance": {"dmean": 0.0205111820251, "dmean2": 0.0344498194754, "dvar": 0.0005143674789, "dvar2": 0.00143521907739, "max": 0.499765694141, "mean": 0.445459902287, "median": 0.449772953987, "min": 0.216658815742, "var": 0.000976981827989}, "dynamic_complexity": 5.55098295212, "erbbands_crest": {"dmean": 2.65250229836, "dmean2": 4.21639585495, "dvar": 7.71843957901, "dvar2": 17.388710022, "max": 33.3048057556, "mean": 11.3365745544, "median": 9.86663722992, "min": 2.47946357727, "var": 30.9103317261}, "erbbands_flatness_db": {"dmean": 0.0242822449654, "dmean2": 0.0313378795981, "dvar": 0.000555508013349, "dvar2": 0.000953947368544, "max": 0.412813544273, "mean": 0.186677694321, "median": 0.185824051499, "min": 0.0495069883764, "var": 0.00279891979881}, "erbbands_kurtosis": {"dmean": 0.814183235168, "dmean2": 1.28783071041, "dvar": 2.29320025444, "dvar2": 5.68356895447, "max": 34.1657524109, "mean": 0.459068804979, "median": -0.361701011658, "min": -1.76483857632, "var": 8.2106924057}, "erbbands_skewness": {"dmean": 0.318451881409, "dmean2": 0.491895258427, "dvar": 0.0925555750728, "dvar2": 0.223789408803, "max": 3.50247049332, "mean": 0.012138672173, "median": -0.0519959293306, "min": -3.83743929863, "var": 0.615848779678}, "erbbands_spread": {"dmean": 5.47673511505, "dmean2": 8.14942646027, "dvar": 40.5764846802, "dvar2": 93.0248718262, "max": 99.3073043823, "mean": 30.6797962189, "median": 30.2762145996, "min": 1.57110261917, "var": 144.435424805}, "hfc": {"dmean": 11.7065563202, "dmean2": 18.1302280426, "dvar": 1304.34631348, "dvar2": 3328.96972656, "max": 352.332336426, "mean": 19.4968566895, "median": 10.5016384125, "min": 1.23867543873e-16, "var": 1214.38000488}, "melbands_crest": {"dmean": 2.23085355759, "dmean2": 3.51263451576, "dvar": 6.24578857422, "dvar2": 15.4916791916, "max": 30.5450973511, "mean": 11.1816625595, "median": 10.2354125977, "min": 2.23178339005, "var": 17.9508476257}, "melbands_flatness_db": {"dmean": 0.0214629657567, "dmean2": 0.0298115704209, "dvar": 0.000655028445181, "dvar2": 0.00133260013536, "max": 0.457640230656, "mean": 0.195400908589, "median": 0.181397646666, "min": 0.00222271098755, "var": 0.00563483545557}, "melbands_kurtosis": {"dmean": 2.95664143562, "dmean2": 4.74983501434, "dvar": 77.2269058228, "dvar2": 198.416732788, "max": 351.083435059, "mean": 5.6228017807, "median": 2.75935482979, "min": -1.76328384876, "var": 339.514038086}, "melbands_skewness": {"dmean": 0.446432232857, "dmean2": 0.689525842667, "dvar": 0.381285488605, "dvar2": 0.944038629532, "max": 13.4939174652, "mean": 1.70839333534, "median": 1.618268013, "min": -1.77441632748, "var": 1.30922663212}, "melbands_spread": {"dmean": 6.14554452896, "dmean2": 9.37273979187, "dvar": 53.5756988525, "dvar2": 111.332351685, "max": 137.004486084, "mean": 28.1799736023, "median": 26.4401054382, "min": 1.01290500164, "var": 193.829330444}, "pitch_salience": {"dmean": 0.0564480125904, "dmean2": 0.0881908535957, "dvar": 0.00396338663995, "dvar2": 0.00899554602802, "max": 0.926696717739, "mean": 0.509975254536, "median": 0.501615166664, "min": 0.191574767232, "var": 0.0111311916262}, "silence_rate_20dB": {"dmean": 0, "dmean2": 0, "dvar": 0, "dvar2": 0, "max": 1, "mean": 1, "median": 1, "min": 1, "var": 0}, "silence_rate_30dB": {"dmean": 0.00284697511233, "dmean2": 0.00569530157372, "dvar": 0.00283853616565, "dvar2": 0.00851170998067, "max": 1, "mean": 0.998576879501, "median": 1, "min": 0, "var": 0.00142103922553}, "silence_rate_60dB": {"dmean": 0.00569395022467, "dmean2": 0.0111532984301, "dvar": 0.00566153181717, "dvar2": 0.0124531574547, "max": 1, "mean": 0.0984345376492, "median": 0, "min": 0, "var": 0.0887446403503}, "spectral_centroid": {"dmean": 185.717498779, "dmean2": 281.659210205, "dvar": 65841.015625, "dvar2": 109751.132812, "max": 10809.5507812, "mean": 1355.52185059, "median": 1326.28820801, "min": 213.697311401, "var": 252628.484375}, "spectral_complexity": {"dmean": 3.28873062134, "dmean2": 4.70004749298, "dvar": 37.8780708313, "dvar2": 66.1423568726, "max": 82, "mean": 15.9656076431, "median": 15, "min": 0, "var": 93.0135040283}, "spectral_decrease": {"dmean": 1.72771463802e-09, "dmean2": 2.69295408195e-09, "dvar": 1.77537725241e-17, "dvar2": 4.69034005892e-17, "max": 4.8639162134e-29, "mean": -4.01181354803e-09, "median": -2.54845899939e-09, "min": -4.89818887672e-08, "var": 2.15235108539e-17}, "spectral_energy": {"dmean": 0.00747863575816, "dmean2": 0.0116069242358, "dvar": 0.000349772570189, "dvar2": 0.000917426776141, "max": 0.210785165429, "mean": 0.0169098898768, "median": 0.0105809578672, "min": 1.10515764624e-20, "var": 0.000408565421822}, "spectral_energyband_high": {"dmean": 0.000656052492559, "dmean2": 0.00097981991712, "dvar": 4.78227229905e-06, "dvar2": 1.07055884655e-05, "max": 0.0234678983688, "mean": 0.000719923526049, "median": 0.000153839704581, "min": 8.12263977325e-21, "var": 4.87044508191e-06}, "spectral_energyband_low": {"dmean": 0.0020492230542, "dmean2": 0.00358274020255, "dvar": 6.07600268268e-05, "dvar2": 0.00017348973779, "max": 0.0692486315966, "mean": 0.00200736243278, "median": 0.00035960986861, "min": 1.02254838973e-22, "var": 4.48435857834e-05}, "spectral_energyband_middle_high": {"dmean": 0.0036294690799, "dmean2": 0.00610073795542, "dvar": 0.00015167966194, "dvar2": 0.00041916189366, "max": 0.138706639409, "mean": 0.00595046533272, "median": 0.00330578838475, "min": 1.63004946602e-21, "var": 0.000120093267469}, "spectral_energyband_middle_low": {"dmean": 0.0027475929819, "dmean2": 0.00386387598701, "dvar": 2.61305958702e-05, "dvar2": 6.01385108894e-05, "max": 0.0757627189159, "mean": 0.00872732046992, "median": 0.0062690214254, "min": 3.04744086368e-22, "var": 6.59730358166e-05}, "spectral_entropy": {"dmean": 0.213587597013, "dmean2": 0.283687472343, "dvar": 0.0611004792154, "dvar2": 0.101887136698, "max": 9.79774093628, "mean": 7.02441740036, "median": 6.99610090256, "min": 5.40204954147, "var": 0.277810662985}, "spectral_flux": {"dmean": 0.0233657043427, "dmean2": 0.0357592105865, "dvar": 0.00185076706111, "dvar2": 0.0036546101328, "max": 0.407339990139, "mean": 0.0518324077129, "median": 0.0326682217419, "min": 1.05126476968e-10, "var": 0.00329180224799}, "spectral_kurtosis": {"dmean": 2.51791357994, "dmean2": 4.20880174637, "dvar": 10.8959312439, "dvar2": 31.4114074707, "max": 74.3144989014, "mean": 8.11058616638, "median": 5.9073138237, "min": -1.15745389462, "var": 72.8468551636}, "spectral_rms": {"dmean": 0.000669885077514, "dmean2": 0.000972891866695, "dvar": 1.60527167736e-06, "dvar2": 3.8479529394e-06, "max": 0.014340294525, "mean": 0.00355544197373, "median": 0.00321292458102, "min": 3.28359952076e-12, "var": 3.85637122235e-06}, "spectral_rolloff": {"dmean": 359.024505615, "dmean2": 606.188049316, "dvar": 494945.375, "dvar2": 1062908.75, "max": 18906.1523438, "mean": 1810.68652344, "median": 1981.0546875, "min": 43.06640625, "var": 860526.9375}, "spectral_skewness": {"dmean": 0.25313693285, "dmean2": 0.422045856714, "dvar": 0.0675604492426, "dvar2": 0.189708307385, "max": 6.78265619278, "mean": 1.96712875366, "median": 1.78597724438, "min": 0.0188438072801, "var": 0.607255935669}, "spectral_spread": {"dmean": 670227.9375, "dmean2": 875421.875, "dvar": 874978869248, "dvar2": 1458195005440.0, "max": 39344304, "mean": 3907424, "median": 3577393, "min": 973847.75, "var": 2201718882300.0}, "spectral_strongpeak": {"dmean": 0.71337223053, "dmean2": 1.23433172703, "dvar": 1.47020637989, "dvar2": 3.78709983826, "max": 12.0113611221, "mean": 1.40438842773, "median": 0.745580077171, "min": 0, "var": 2.54668593407}, "zerocrossingrate": {"dmean": 0.00907508097589, "dmean2": 0.01069862023, "dvar": 0.000117348514323, "dvar2": 0.000153573622811, "max": 0.48974609375, "mean": 0.0655291751027, "median": 0.06298828125, "min": 0.00927734375, "var": 0.00063116493402}, "barkbands": {"dmean": [9.41119142226e-05, 0.000541413552128, 0.00131812912878, 0.000616094446741, 0.00122304924298, 0.000333084899466, 0.000496612337884, 0.000631612841971, 0.000370505993487, 0.000147950268001, 0.000689624575898, 0.000463268574094, 0.000361377780791, 0.000329310365487, 0.000628510257229, 0.000627599540167, 0.000679901742842, 0.000207875127671, 0.00025624546106, 0.000199715796043, 0.000176120884134, 0.000120568489365, 0.000101676196209, 8.49290663609e-05, 8.14517989056e-05, 4.83489093313e-05, 2.01177681447e-05], "dmean2": [0.000145238373079, 0.00095051684184, 0.00239639822394, 0.0010145411361, 0.00188970251475, 0.000470800878247, 0.00069495709613, 0.000875723955687, 0.000555830192752, 0.000235768326093, 0.00116259884089, 0.000720380165149, 0.000541341432836, 0.000551898905542, 0.00108081556391, 0.00108633353375, 0.00121066626161, 0.000331947550876, 0.000442333694082, 0.000332520809025, 0.000280197273241, 0.000189830490854, 0.000158874478075, 0.000127712701214, 0.000128068306367, 7.3454772064e-05, 3.34878968715e-05], "dvar": [1.23052103618e-07, 4.05309401685e-06, 2.82015480479e-05, 2.57373881141e-06, 7.85934025771e-06, 4.52550978025e-07, 1.43568217936e-06, 2.54047267845e-06, 1.18711216146e-06, 5.85533427966e-07, 6.87743386152e-06, 2.61831928583e-06, 2.32555112234e-06, 1.6379860881e-06, 3.93767959395e-06, 3.26680219587e-06, 8.45001432026e-06, 4.68015514343e-07, 1.77608524154e-06, 7.11143854915e-07, 5.13379916356e-07, 2.28858951346e-07, 1.4232398371e-07, 7.19066335364e-08, 6.49701092925e-08, 2.20496669812e-08, 4.22098711539e-09], "dvar2": [2.86724485932e-07, 1.13688811325e-05, 8.16728643258e-05, 6.68889697408e-06, 2.00884205697e-05, 1.04331513739e-06, 3.06179367726e-06, 4.54554174212e-06, 2.35517609326e-06, 1.36820210628e-06, 1.93660725927e-05, 6.32448382021e-06, 4.57753458249e-06, 4.54529708804e-06, 1.08722124423e-05, 8.9304667199e-06, 2.46833369602e-05, 1.20914228319e-06, 5.12164342581e-06, 1.88063461337e-06, 1.20359368339e-06, 5.47529339201e-07, 3.60553343626e-07, 1.6410277226e-07, 1.66443413718e-07, 5.25337107149e-08, 1.06398667654e-08], "max": [0.0040703592822, 0.0195971280336, 0.0459304302931, 0.0186441242695, 0.0298844203353, 0.0100211780518, 0.0271338634193, 0.021653432399, 0.0183149594814, 0.0279659535736, 0.0335165113211, 0.0434227325022, 0.0452965088189, 0.0220599565655, 0.0363373793662, 0.021000334993, 0.0447534024715, 0.0100057283416, 0.0195200741291, 0.0123849902302, 0.00837008003145, 0.00702036451548, 0.00436708051711, 0.00311232823879, 0.00340552278794, 0.00200038356707, 0.000656598596834], "mean": [8.86690759216e-05, 0.000517238629982, 0.00101487536449, 0.000901247665752, 0.00277249631472, 0.0013095557224, 0.00134275923483, 0.00131204037461, 0.000842010893393, 0.000342925952282, 0.000747271580622, 0.000773270265199, 0.000545796530787, 0.000456941372249, 0.000799436296802, 0.000840467109811, 0.000899728678633, 0.000310905947117, 0.000261837674771, 0.000211607766687, 0.000171099658473, 0.000126242215629, 9.96181042865e-05, 8.24975795695e-05, 7.77837922215e-05, 4.56665693491e-05, 1.59614446602e-05], "median": [4.2214851419e-06, 2.37189196923e-05, 0.000149311614223, 0.000368081440683, 0.00174839468673, 0.000974942056928, 0.000503303541336, 0.000551530218218, 0.000111731264042, 5.69588155486e-05, 0.00016003739438, 0.000275461003184, 9.35451680562e-05, 0.00018271553563, 0.000207946955925, 0.000222084025154, 0.000359544588719, 9.69183965935e-05, 7.94319421402e-05, 6.98459916748e-05, 2.73957866739e-05, 2.31929407164e-05, 1.27583789435e-05, 7.3333931141e-06, 9.32107650442e-06, 3.05073353957e-06, 5.68604832552e-07], "min": [1.59622422743e-23, 4.54715707858e-23, 3.92414313463e-23, 2.22097398092e-23, 3.96783561582e-23, 5.1301136124e-23, 4.86116221527e-23, 7.26109733892e-23, 5.67763262109e-23, 1.01395977706e-22, 7.79080292174e-23, 8.91920344452e-23, 1.43725938336e-22, 7.84204669505e-23, 1.42074909259e-22, 1.30544438641e-22, 1.93596109177e-22, 2.15206303654e-22, 3.40861092104e-22, 2.46428888168e-22, 3.57245669997e-22, 5.45692322376e-22, 6.30722389794e-22, 9.51106949962e-22, 1.13455313297e-21, 1.901168817e-21, 2.57159426061e-21], "var": [1.2689351081e-07, 3.69594408767e-06, 1.73089792952e-05, 2.70141617875e-06, 1.13541864266e-05, 1.57028466674e-06, 6.81965138938e-06, 6.15290900896e-06, 4.36227446698e-06, 3.3695687307e-06, 5.06205788042e-06, 4.57967416878e-06, 5.82601751375e-06, 1.41465238812e-06, 4.74022999697e-06, 3.12472707265e-06, 5.3614890021e-06, 5.05458956468e-07, 1.06994798443e-06, 5.33192917374e-07, 4.6020520017e-07, 2.02994485221e-07, 1.22449023365e-07, 7.25507902644e-08, 5.52065415604e-08, 2.19422755521e-08, 3.61113761116e-09]}, "erbbands": {"dmean": [0.0144920554012, 0.159000948071, 1.23742985725, 1.81565797329, 3.94874048233, 3.84222412109, 3.10704135895, 2.74717235565, 3.97643637657, 11.9414978027, 14.5655889511, 10.1262292862, 5.28594779968, 8.27530765533, 28.3523826599, 21.6229019165, 17.5899124146, 16.8773975372, 23.0364627838, 39.7111091614, 32.2415351868, 31.2559680939, 14.70586586, 14.4726896286, 10.1791362762, 10.226890564, 7.18570756912, 6.49419879913, 4.79756832123, 2.98291301727, 2.95530891418, 2.10962343216, 1.27112591267, 0.958433508873, 0.538837909698, 0.237193897367, 0.0871018394828, 0.0218581929803, 0.00339361280203, 0.00017393566668], "dmean2": [0.0204906556755, 0.288656204939, 2.25403189659, 3.07288408279, 6.14018201828, 6.24730110168, 4.40679121017, 3.90467786789, 5.82919597626, 16.299823761, 20.4029941559, 14.7608985901, 8.28938770294, 13.7382545471, 47.5214767456, 32.8660049438, 26.2383346558, 27.8120079041, 39.1036491394, 68.7673492432, 56.3524246216, 56.0653800964, 24.0063743591, 24.9397106171, 17.2764129639, 17.1266384125, 11.520368576, 10.5787115097, 7.70622062683, 4.59367227554, 4.69907331467, 3.16877388954, 1.88319802284, 1.46765685081, 0.864505529404, 0.36956679821, 0.132362961769, 0.0339526794851, 0.00566658005118, 0.000295059842756], "dvar": [0.00279212556779, 0.45962831378, 25.7321739197, 32.1934089661, 88.6581573486, 100.032577515, 47.7537384033, 29.6456813812, 60.0769767761, 891.149353027, 1809.1192627, 894.877075195, 846.984008789, 1003.87628174, 10777.3535156, 5377.29003906, 5588.89453125, 3705.04785156, 9007.96191406, 10139.6044922, 12366.9638672, 25052.4375, 2185.71362305, 4698.515625, 2589.42285156, 1815.18847656, 903.137207031, 768.004882812, 459.676971436, 122.479095459, 125.711074829, 45.4111633301, 15.5390233994, 6.97182369232, 3.54845118523, 0.453828364611, 0.0913820117712, 0.00542484270409, 0.000127678766148, 4.20601139695e-07], "dvar2": [0.00623298902065, 1.33520936966, 74.9989624023, 86.1343994141, 224.426147461, 271.639007568, 104.893119812, 66.3005599976, 131.918167114, 1962.46960449, 3230.00512695, 1678.98535156, 1939.43603516, 2713.25854492, 30477.9042969, 12346.3789062, 11034.4511719, 10136.8476562, 25269.7578125, 27221.9375, 34583.4140625, 72950.8515625, 5823.55908203, 13516.8515625, 7319.09375, 4810.52636719, 2221.63891602, 1818.61181641, 1149.33496094, 275.322662354, 329.67980957, 106.549362183, 35.3360404968, 16.9143924713, 9.41949748993, 1.11406695843, 0.224006161094, 0.0124651435763, 0.000324742024532, 1.13290525405e-06], "max": [0.64123737812, 6.35359430313, 44.5946578979, 61.3989753723, 133.041290283, 130.087265015, 136.645751953, 82.4966888428, 235.905487061, 699.598510742, 578.075195312, 519.750427246, 1120.46289062, 459.976623535, 1344.02148438, 2185.39941406, 2229.81665039, 1210.1418457, 2306.43359375, 1194.50341797, 1494.34692383, 2391.41748047, 638.187072754, 1009.9776001, 767.078125, 665.696533203, 422.550170898, 384.943237305, 346.100280762, 151.740737915, 123.570960999, 70.50025177, 47.1746711731, 35.7428512573, 25.3977527618, 8.90192317963, 3.75809788704, 0.889474749565, 0.119153439999, 0.00954860821366], "mean": [0.0162429958582, 0.12261402607, 0.946492552757, 2.31470108032, 6.80749464035, 8.46414279938, 10.1637115479, 10.7324895859, 13.1083612442, 31.1503677368, 28.8429450989, 24.2147808075, 14.6423082352, 10.2769498825, 33.5419502258, 39.0772018433, 28.0950183868, 25.9063110352, 29.6168041229, 59.1296386719, 39.1721076965, 38.3352241516, 25.2474098206, 15.783495903, 10.3874855042, 10.6761198044, 7.44550704956, 6.40545463562, 4.66941595078, 3.24181389809, 2.7672355175, 2.06140208244, 1.22341001034, 0.952966690063, 0.504367053509, 0.223625570536, 0.0790903568268, 0.0192564260215, 0.00269247917458, 0.000145894606248], "median": [0.00039864104474, 0.00877935625613, 0.134099543095, 0.799259305, 2.68427205086, 5.46235609055, 5.96305084229, 7.21433448792, 8.56997299194, 11.097410202, 9.00783157349, 3.6490650177, 3.41133165359, 2.62162637711, 11.0765886307, 14.0606460571, 5.6955499649, 11.7018184662, 7.36291694641, 16.9468650818, 16.9797134399, 16.3592605591, 7.92944097519, 5.50199651718, 3.26625466347, 3.35473823547, 1.89015650749, 0.99031484127, 0.757870316505, 0.533383250237, 0.330211222172, 0.195357263088, 0.115586578846, 0.102944463491, 0.066484734416, 0.0189843848348, 0.00361834932119, 0.000670413137414, 0.000108621214167, 2.13228249777e-05], "min": [8.40603011436e-22, 1.1934103859e-20, 5.31063944244e-20, 5.23999789501e-20, 8.83891792232e-20, 1.30791782204e-19, 2.44034695068e-19, 4.1628365805e-19, 7.01191699479e-19, 9.35285467193e-19, 1.7226735224e-18, 1.57597479853e-18, 1.87533528792e-18, 3.25143295496e-18, 3.51235529187e-18, 4.83854625742e-18, 6.28563587336e-18, 4.38648915753e-18, 6.21929185233e-18, 7.03609341615e-18, 6.84143093464e-18, 1.14302596369e-17, 1.03559505446e-17, 1.58593651396e-17, 1.80947181747e-17, 1.13073662405e-17, 1.266398794e-17, 1.45084451961e-17, 2.0563943293e-17, 1.85866854983e-17, 1.57995450921e-17, 1.60238549675e-17, 1.80381373664e-17, 1.0726811182e-17, 1.02689551324e-17, 6.70284261327e-18, 3.60977979723e-18, 1.33277542663e-18, 3.68960965398e-19, 3.94119573256e-20], "var": [0.00382555508986, 0.292815357447, 15.507142067, 27.3280239105, 126.419891357, 114.553329468, 152.263763428, 115.166069031, 238.64781189, 4224.62402344, 4187.54345703, 3429.13452148, 5520.77978516, 838.584228516, 7606.75537109, 11226.5839844, 13820.2128906, 3562.01953125, 12672.4101562, 11391.1865234, 8935.74023438, 14676.4677734, 2556.43554688, 2901.98657227, 1645.70922852, 1355.47363281, 758.780212402, 672.235900879, 369.079406738, 122.877494812, 100.487174988, 44.6690330505, 15.8134803772, 6.81476449966, 2.76441431046, 0.430909663439, 0.0849930346012, 0.00553744100034, 0.00010613379709, 3.00750144788e-07]}, "gfcc": {"mean": [-57.9833183289, 87.4630813599, -131.655685425, 11.0613899231, -56.688747406, -8.89026165009, -54.0542869568, -5.61694288254, -28.9991111755, -2.71933579445, -18.5303630829, -1.27732408047, -13.6620206833], "cov": [[29435.4316406, -3650.85400391, -3254.85009766, 818.211547852, -741.477905273, 15.3507614136, -1040.31933594, 543.79901123, -262.464660645, -51.358745575, -549.947692871, -398.54498291, -397.274688721], [-3650.85400391, 1376.37524414, -89.3893051147, -184.76361084, 45.2303848267, -174.146575928, 134.384765625, -169.858963013, 47.5808601379, -60.752155304, 64.2519302368, 10.273182869, 83.8737945557], [-3254.85009766, -89.3893051147, 1334.19580078, 26.1974468231, 263.317443848, 294.140930176, 226.675216675, 109.322998047, 31.5801086426, 99.8649520874, 63.8549804688, 124.298194885, -16.8566150665], [818.211547852, -184.76361084, 26.1974468231, 294.725585938, -6.66344022751, 68.0321731567, -34.6114845276, 44.0762481689, -12.8555526733, -3.6449098587, 19.0187358856, -34.7960319519, -19.708158493], [-741.477905273, 45.2303848267, 263.317443848, -6.66344022751, 211.378173828, 89.8346786499, 79.9730987549, -16.5138530731, 4.93360948563, 29.0317134857, -1.9423084259, 40.0827865601, 20.7221183777], [15.3507614136, -174.146575928, 294.140930176, 68.0321731567, 89.8346786499, 234.788482666, 88.5539016724, 55.4171104431, -10.6652965546, 27.5747833252, 12.0599784851, 29.2860202789, 13.0941371918], [-1040.31933594, 134.384765625, 226.675216675, -34.6114845276, 79.9730987549, 88.5539016724, 202.016647339, 19.1374549866, 7.47704553604, -3.98793363571, 22.249704361, 54.3063697815, 12.417760849], [543.79901123, -169.858963013, 109.322998047, 44.0762481689, -16.5138530731, 55.4171104431, 19.1374549866, 164.356323242, 27.0114612579, 5.4136762619, -24.5596866608, 3.67280077934, -50.411605835], [-262.464660645, 47.5808601379, 31.5801086426, -12.8555526733, 4.93360948563, -10.6652965546, 7.47704553604, 27.0114612579, 99.1386184692, 19.7956752777, -1.09575760365, -0.81784671545, -4.41767311096], [-51.358745575, -60.752155304, 99.8649520874, -3.6449098587, 29.0317134857, 27.5747833252, -3.98793363571, 5.4136762619, 19.7956752777, 108.365745544, 13.6822843552, 13.5095710754, 9.36417293549], [-549.947692871, 64.2519302368, 63.8549804688, 19.0187358856, -1.9423084259, 12.0599784851, 22.249704361, -24.5596866608, -1.09575760365, 13.6822843552, 97.8400192261, 22.0391139984, 19.6786689758], [-398.54498291, 10.273182869, 124.298194885, -34.7960319519, 40.0827865601, 29.2860202789, 54.3063697815, 3.67280077934, -0.81784671545, 13.5095710754, 22.0391139984, 104.772628784, 12.8989133835], [-397.274688721, 83.8737945557, -16.8566150665, -19.708158493, 20.7221183777, 13.0941371918, 12.417760849, -50.411605835, -4.41767311096, 9.36417293549, 19.6786689758, 12.8989133835, 136.74458313]], "icov": [[0.000126037048176, 0.00022673085914, 0.000390907080146, -0.000134840214741, -5.60757107451e-05, -0.000256625266047, 0.000175808672793, -0.000278096296825, 0.000157779009896, -0.000140949443448, 0.000262719171587, -9.46312138694e-05, 0.000156305264682], [0.00022673085914, 0.00164368271362, 0.000682083715219, 6.13352967775e-05, -0.000431266147643, 0.000669692526571, -0.000871970551088, 0.000294331141049, -0.000395910494262, 0.000364745268598, -0.000189893471543, 0.000335239543347, -0.000109690859972], [0.000390907080146, 0.000682083715219, 0.00267751887441, -0.00031430152012, -0.00132326351013, -0.00174193072598, 6.32918818155e-05, -0.00155133509543, 0.000361326528946, -0.0010784297483, -4.83223857373e-06, -0.000820803747047, 0.00095538853202], [-0.000134840214741, 6.13352967775e-05, -0.00031430152012, 0.00469125946984, -0.000346372253262, -0.0011772508733, 0.000919480691664, -0.000675709336065, 0.000141612108564, 0.00090894207824, -0.00229926034808, 0.00177010463085, 0.000146874037455], [-5.60757107451e-05, -0.000431266147643, -0.00132326351013, -0.000346372253262, 0.00811496376991, -0.00171130755916, -0.00125644542277, 0.0027263246011, -0.000585041183513, -0.00104339269456, 0.00270558544435, -0.00119106494822, -0.000282578112092], [-0.000256625266047, 0.000669692526571, -0.00174193072598, -0.0011772508733, -0.00171130755916, 0.00963637046516, -0.00353689491749, -0.000967710569967, 0.00100738636684, -0.000258607557043, -0.000913564057555, 0.000959955737926, -0.00214852509089], [0.000175808672793, -0.000871970551088, 6.32918818155e-05, 0.000919480691664, -0.00125644542277, -0.00353689491749, 0.00948477163911, -0.00178365805186, 0.000112373672891, 0.00157477112953, -0.000585353001952, -0.00252994289622, 0.000414806621848], [-0.000278096296825, 0.000294331141049, -0.00155133509543, -0.000675709336065, 0.0027263246011, -0.000967710569967, -0.00178365805186, 0.0109061179683, -0.00354871200398, 0.000588986091316, 0.00227195560001, -0.000547822797671, 0.00215474981815], [0.000157779009896, -0.000395910494262, 0.000361326528946, 0.000141612108564, -0.000585041183513, 0.00100738636684, 0.000112373672891, -0.00354871200398, 0.0122447600588, -0.00273559056222, 0.000212738435948, 0.000678150041495, -7.17644652468e-05], [-0.000140949443448, 0.000364745268598, -0.0010784297483, 0.00090894207824, -0.00104339269456, -0.000258607557043, 0.00157477112953, 0.000588986091316, -0.00273559056222, 0.0116499513388, -0.00210363604128, -0.000322460138705, -0.000931152957492], [0.000262719171587, -0.000189893471543, -4.83223857373e-06, -0.00229926034808, 0.00270558544435, -0.000913564057555, -0.000585353001952, 0.00227195560001, 0.000212738435948, -0.00210363604128, 0.0142032504082, -0.0029492045287, -0.000498880574014], [-9.46312138694e-05, 0.000335239543347, -0.000820803747047, 0.00177010463085, -0.00119106494822, 0.000959955737926, -0.00252994289622, -0.000547822797671, 0.000678150041495, -0.000322460138705, -0.0029492045287, 0.013017793186, -0.000969802378677], [0.000156305264682, -0.000109690859972, 0.00095538853202, 0.000146874037455, -0.000282578112092, -0.00214852509089, 0.000414806621848, 0.00215474981815, -7.17644652468e-05, -0.000931152957492, -0.000498880574014, -0.000969802378677, 0.00920319277793]]}, "melbands": {"dmean": [0.000125297810882, 0.000505732779857, 0.000358299526852, 0.000292657496175, 0.000116000774142, 6.18319754722e-05, 7.04815320205e-05, 0.000126097351313, 0.000113720692752, 5.7696019212e-05, 2.50291013799e-05, 2.75906695606e-05, 0.00010016370652, 5.93314398429e-05, 4.85028176627e-05, 2.95474692393e-05, 3.28781788994e-05, 3.4533735743e-05, 4.23510900873e-05, 5.89135634073e-05, 3.65080777556e-05, 3.64639490726e-05, 2.28063399845e-05, 9.9233320725e-06, 1.2478917597e-05, 8.56014321471e-06, 7.02740544511e-06, 6.59099714539e-06, 4.11275777878e-06, 4.95106905873e-06, 3.47882519236e-06, 2.87837087853e-06, 2.15212048715e-06, 1.62604351317e-06, 1.71886051703e-06, 1.69387135429e-06, 1.18425134588e-06, 9.50462094806e-07, 7.7671273857e-07, 8.82596566498e-07], "dmean2": [0.000204177311389, 0.000923032639548, 0.000585619534831, 0.000466799276182, 0.000168781698449, 8.80041552591e-05, 0.000102068552223, 0.000170964791323, 0.000163477350725, 8.46415641718e-05, 3.95729693992e-05, 4.53969623777e-05, 0.000169167222339, 9.14551201276e-05, 7.33327615308e-05, 4.58630347566e-05, 5.41054250789e-05, 5.88545226492e-05, 7.32171538402e-05, 0.000101286415884, 6.43593230052e-05, 6.60123623675e-05, 3.89817614632e-05, 1.56567166414e-05, 2.17610977415e-05, 1.48082963278e-05, 1.19222195281e-05, 1.10597648018e-05, 6.57624559608e-06, 8.10108758742e-06, 5.64371021028e-06, 4.62089838038e-06, 3.37171240972e-06, 2.57469264398e-06, 2.79376899925e-06, 2.69309589385e-06, 1.77359402187e-06, 1.44837497373e-06, 1.16875776257e-06, 1.39897451845e-06], "dvar": [1.78768004844e-07, 4.46053218184e-06, 9.50847436343e-07, 4.9228953003e-07, 6.10757950881e-08, 1.43948284403e-08, 1.89374205206e-08, 8.0158734761e-08, 1.05205202772e-07, 3.27968905367e-08, 2.076415484e-08, 1.08218021211e-08, 1.44860109685e-07, 3.66980721367e-08, 2.94191178085e-08, 1.20434373585e-08, 1.48961207813e-08, 2.14034159285e-08, 1.75168182182e-08, 1.98668725915e-08, 1.90636662012e-08, 3.7413038001e-08, 5.77902126153e-09, 9.27477261659e-10, 3.73891895222e-09, 2.10281037027e-09, 1.20785181856e-09, 6.40869191049e-10, 2.87860041359e-10, 3.94976606977e-10, 2.3304239094e-10, 1.76717487865e-10, 7.20592127634e-11, 4.65299986041e-11, 4.681796964e-11, 3.50777219771e-11, 1.3966479015e-11, 1.01276018821e-11, 5.32338322728e-12, 6.72721644016e-12], "dvar2": [4.4039614977e-07, 1.2988333765e-05, 2.44867601396e-06, 1.28837132252e-06, 1.42642520018e-07, 3.25059765771e-08, 4.14005327798e-08, 1.73767602973e-07, 1.97715053218e-07, 6.17646449541e-08, 4.77835939705e-08, 2.88891719435e-08, 4.07829531923e-07, 8.92729516977e-08, 6.36091144202e-08, 2.67721915748e-08, 4.00112938337e-08, 6.03166512292e-08, 4.70698431343e-08, 5.37530766564e-08, 5.40096927182e-08, 1.09385943858e-07, 1.63427653632e-08, 2.32867547467e-09, 1.08192921289e-08, 6.03674177313e-09, 3.3482256967e-09, 1.66499769527e-09, 7.1506084387e-10, 9.44465616826e-10, 5.7645838103e-10, 4.56180704322e-10, 1.69383604365e-10, 1.1741783934e-10, 1.25742319335e-10, 8.87029269481e-11, 3.17028868435e-11, 2.37044359835e-11, 1.25933829337e-11, 1.70584987108e-11], "max": [0.00484497752041, 0.0183822680265, 0.0101469326764, 0.00748847192153, 0.00388262071647, 0.00171121989843, 0.00356240849942, 0.00635397480801, 0.0043813297525, 0.00300175021403, 0.00555623648688, 0.00161701173056, 0.00492758257315, 0.00508494349197, 0.00426018144935, 0.00279055302963, 0.0027584284544, 0.00357859232463, 0.00148550281301, 0.00176904327236, 0.00183828291483, 0.00297876424156, 0.00109791965224, 0.000485086085973, 0.000890073541086, 0.000704601465259, 0.000515468767844, 0.0003866693296, 0.000264401984168, 0.000218399305595, 0.000228219549172, 0.00022574455943, 0.000110368629976, 0.000107625892269, 7.31675463612e-05, 6.84933547745e-05, 3.94499074901e-05, 4.00643148168e-05, 2.62863122771e-05, 3.43197571055e-05], "mean": [0.00014109192125, 0.000383652950404, 0.000534010992851, 0.000561074935831, 0.00036893991637, 0.000241313362494, 0.000223030147026, 0.000324228632962, 0.000217075255932, 0.00013923192455, 6.70358058414e-05, 3.32918752974e-05, 0.000108723528683, 0.000102096499177, 8.05169038358e-05, 4.42613345513e-05, 4.94832966069e-05, 4.25077778345e-05, 5.50714757992e-05, 8.54544778122e-05, 4.1174593207e-05, 4.23944256909e-05, 3.56541058864e-05, 1.48557883222e-05, 1.26068662212e-05, 8.36087383504e-06, 6.51067921353e-06, 7.07358549334e-06, 4.36753225586e-06, 4.79785558127e-06, 3.29553540723e-06, 2.72594616035e-06, 2.16673402065e-06, 1.6565994656e-06, 1.5331349914e-06, 1.61263392329e-06, 1.14567114906e-06, 8.8581248292e-07, 7.42178372093e-07, 8.55265795963e-07], "median": [5.12122278451e-06, 4.97751971125e-05, 0.000219495923375, 0.000315560260788, 0.000261211651377, 0.000175168301212, 0.000130376516609, 0.000126348517369, 5.46102419321e-05, 1.74106789927e-05, 1.42948447319e-05, 6.45569843982e-06, 2.54565729847e-05, 4.46922967967e-05, 2.1244835807e-05, 1.04806895251e-05, 2.03216004593e-05, 8.03403236205e-06, 1.30768057716e-05, 2.36448722717e-05, 1.19330416055e-05, 1.6003024939e-05, 9.00762279343e-06, 4.48432138e-06, 3.78069853468e-06, 2.38115717366e-06, 1.62899448242e-06, 2.29549277719e-06, 1.11636597921e-06, 7.93730350779e-07, 4.55583688108e-07, 4.19793536821e-07, 3.28231180902e-07, 2.2742582928e-07, 1.65390218854e-07, 1.49050706e-07, 9.43158937616e-08, 6.80514631313e-08, 7.44342827375e-08, 8.50154719956e-08], "min": [1.00487200477e-23, 2.37683443644e-23, 1.04338521968e-23, 7.44222974241e-24, 8.40958147149e-24, 9.72066040736e-24, 1.12053494847e-23, 1.05117182902e-23, 1.43672586095e-23, 9.24273376109e-24, 9.94608135533e-24, 1.3844024526e-23, 1.11249732359e-23, 1.20418149901e-23, 1.59850166886e-23, 9.72440197463e-24, 8.20597410527e-24, 9.32409056397e-24, 1.00368524242e-23, 7.81830971264e-24, 8.14313186784e-24, 1.16838456885e-23, 1.13235098042e-23, 9.4084347831e-24, 1.3329482112e-23, 1.28649077254e-23, 1.09925747659e-23, 6.83731147876e-24, 8.30140339783e-24, 8.39519895946e-24, 7.33127093406e-24, 1.01988560552e-23, 1.36849270587e-23, 9.88175527053e-24, 8.87049317689e-24, 1.08263688729e-23, 8.78651183378e-24, 1.13605405128e-23, 1.25055815831e-23, 8.06921954532e-24], "var": [2.43908971242e-07, 2.69261136054e-06, 9.80928120953e-07, 6.1387538608e-07, 1.50987318648e-07, 5.19379490527e-08, 8.15843890223e-08, 3.71434992985e-07, 2.37381499346e-07, 1.28928121512e-07, 1.32004018383e-07, 9.29561405627e-09, 1.061985202e-07, 6.34488444007e-08, 7.14400840707e-08, 2.32650183563e-08, 1.53912225187e-08, 3.00675360165e-08, 1.68184008942e-08, 2.41825102165e-08, 1.31301174378e-08, 2.15741220444e-08, 5.91848126064e-09, 1.05779318638e-09, 2.25073426563e-09, 1.27331667432e-09, 7.91944232414e-10, 5.07208053335e-10, 2.42074110757e-10, 3.43993805663e-10, 1.9088562675e-10, 1.33940303293e-10, 6.57539786508e-11, 3.88043729094e-11, 3.50369767921e-11, 3.15156893638e-11, 1.43269701658e-11, 9.78525767359e-12, 5.15369908208e-12, 6.06782549553e-12]}, "mfcc": {"mean": [-688.979248047, 118.852722168, -20.3894748688, 16.8347740173, 3.0363266468, -6.34874486923, -15.4052095413, -10.9527997971, -11.0133247375, -13.012386322, -9.01602840424, -0.00450596073642, 2.33743000031], "cov": [[15548.3808594, 561.304504395, -1052.28637695, 42.0158653259, 24.7688674927, -211.750228882, -295.370422363, -140.533065796, -108.41355896, -14.2825717926, 50.9979858398, 71.0762252808, -263.828613281], [561.304504395, 1040.47705078, -409.947052002, 30.3476867676, -146.459762573, -126.832977295, -192.493408203, -127.362319946, -87.3490371704, -113.861610413, -54.5278358459, -12.4528541565, 46.1893806458], [-1052.28637695, -409.947052002, 649.315185547, 4.054874897, 153.962020874, 115.71862793, 197.602722168, 151.222808838, 102.156562805, 84.2007827759, 57.7895889282, 35.1016731262, 37.4051589966], [42.0158653259, 30.3476867676, 4.054874897, 176.534515381, 18.4163799286, -3.89062356949, -10.0834913254, 8.88603591919, -33.4612464905, -3.64700770378, 13.8218345642, 17.6817512512, -27.0786933899], [24.7688674927, -146.459762573, 153.962020874, 18.4163799286, 169.109970093, 74.2102203369, 63.0493927002, 13.0404815674, 39.2454185486, 29.7199211121, 9.22399330139, -1.92957186699, 31.1759929657], [-211.750228882, -126.832977295, 115.71862793, -3.89062356949, 74.2102203369, 165.446624756, 102.227745056, 18.1836395264, 28.9995059967, 10.5649766922, -16.1375732422, -7.08590364456, 47.1103897095], [-295.370422363, -192.493408203, 197.602722168, -10.0834913254, 63.0493927002, 102.227745056, 203.394241333, 71.2053451538, 43.2677307129, 22.0420513153, 7.02269554138, -11.4640340805, 14.8377819061], [-140.533065796, -127.362319946, 151.222808838, 8.88603591919, 13.0404815674, 18.1836395264, 71.2053451538, 175.334487915, 29.1965923309, 47.6704673767, 26.3687057495, 37.3771705627, -58.9574737549], [-108.41355896, -87.3490371704, 102.156562805, -33.4612464905, 39.2454185486, 28.9995059967, 43.2677307129, 29.1965923309, 129.558059692, 27.5894508362, -7.89567279816, -10.1446552277, 47.6644630432], [-14.2825717926, -113.861610413, 84.2007827759, -3.64700770378, 29.7199211121, 10.5649766922, 22.0420513153, 47.6704673767, 27.5894508362, 131.163131714, 37.0153121948, -10.5975284576, -40.6051902771], [50.9979858398, -54.5278358459, 57.7895889282, 13.8218345642, 9.22399330139, -16.1375732422, 7.02269554138, 26.3687057495, -7.89567279816, 37.0153121948, 128.266738892, 39.5086364746, -60.8852233887], [71.0762252808, -12.4528541565, 35.1016731262, 17.6817512512, -1.92957186699, -7.08590364456, -11.4640340805, 37.3771705627, -10.1446552277, -10.5975284576, 39.5086364746, 124.671646118, 1.04037857056], [-263.828613281, 46.1893806458, 37.4051589966, -27.0786933899, 31.1759929657, 47.1103897095, 14.8377819061, -58.9574737549, 47.6644630432, -40.6051902771, -60.8852233887, 1.04037857056, 225.787841797]], "icov": [[7.92541613919e-05, -1.34592946779e-05, 0.00018792906485, 1.31003807837e-05, -0.000202036564588, 5.71594791836e-05, -3.59512523573e-05, -1.42403850987e-05, -5.48148891539e-05, -3.7223828258e-05, -1.96267355932e-05, -0.000102288737253, 8.04686569609e-05], [-1.34592946779e-05, 0.00148540572263, 0.00052581547061, -0.000328760041157, 0.000485372118419, 0.000304698885884, 0.000539333326742, -9.31672766455e-05, 0.000237589963945, 0.000555900624022, -8.63640234456e-05, 0.00025603667018, -0.000611149822362], [0.00018792906485, 0.00052581547061, 0.00386807741597, -0.000174949076609, -0.0019774811808, 0.000320423016092, -0.0016139484942, -0.00180459883995, -0.000760461494792, -0.00051271612756, -0.0011330395937, -0.000477175024571, -0.000943730294239], [1.31003807837e-05, -0.000328760041157, -0.000174949076609, 0.00639930646867, -0.00147529155947, 2.32587208302e-05, 0.000333541625878, -0.000435275229393, 0.00167778995819, 0.000252188474406, -7.27191727492e-05, -0.000583124288823, 0.000616529607214], [-0.000202036564588, 0.000485372118419, -0.0019774811808, -0.00147529155947, 0.00991017464548, -0.0029209991917, 0.000228402161156, 0.00163022300694, -0.00106452708133, -0.00084376335144, -0.00028852710966, 0.000386874045944, -0.000539528147783], [5.71594791836e-05, 0.000304698885884, 0.000320423016092, 2.32587208302e-05, -0.0029209991917, 0.0106307445094, -0.00460153911263, 0.000496950640809, 0.000539938511793, -0.000474845408462, 0.00140136678237, -0.000538892112672, -0.00124745839275], [-3.59512523573e-05, 0.000539333326742, -0.0016139484942, 0.000333541625878, 0.000228402161156, -0.00460153911263, 0.0102611724287, -0.00281907431781, -0.000242801528657, 0.00157340546139, -0.000993413617834, 0.00244327029213, -0.000271751428954], [-1.42403850987e-05, -9.31672766455e-05, -0.00180459883995, -0.000435275229393, 0.00163022300694, 0.000496950640809, -0.00281907431781, 0.0107784895226, -0.00184527062811, -0.00222725444473, 0.00209910841659, -0.00390239269473, 0.00349313439801], [-5.48148891539e-05, 0.000237589963945, -0.000760461494792, 0.00167778995819, -0.00106452708133, 0.000539938511793, -0.000242801528657, -0.00184527062811, 0.0110079487786, -0.00148055283353, 0.000219024339458, 0.00129969243426, -0.0027540018782], [-3.7223828258e-05, 0.000555900624022, -0.00051271612756, 0.000252188474406, -0.00084376335144, -0.000474845408462, 0.00157340546139, -0.00222725444473, -0.00148055283353, 0.0108105083928, -0.00271034426987, 0.00260671693832, 0.00100238574669], [-1.96267355932e-05, -8.63640234456e-05, -0.0011330395937, -7.27191727492e-05, -0.00028852710966, 0.00140136678237, -0.000993413617834, 0.00209910841659, 0.000219024339458, -0.00271034426987, 0.0117269745097, -0.0042690243572, 0.00318283261731], [-0.000102288737253, 0.00025603667018, -0.000477175024571, -0.000583124288823, 0.000386874045944, -0.000538892112672, 0.00244327029213, -0.00390239269473, 0.00129969243426, 0.00260671693832, -0.0042690243572, 0.0113913249224, -0.00229255342856], [8.04686569609e-05, -0.000611149822362, -0.000943730294239, 0.000616529607214, -0.000539528147783, -0.00124745839275, -0.000271751428954, 0.00349313439801, -0.0027540018782, 0.00100238574669, 0.00318283261731, -0.00229255342856, 0.00777350785211]]}, "spectral_contrast_coeffs": {"dmean": [0.0472506731749, 0.0368276275694, 0.0426278747618, 0.0403284057975, 0.0305004809052, 0.022487256676], "dmean2": [0.0771851763129, 0.0566366128623, 0.0666778162122, 0.0642755925655, 0.0448191612959, 0.0335383117199], "dvar": [0.00185108510777, 0.00131116982084, 0.00169460754842, 0.00171484216116, 0.000998415634967, 0.000540944573004], "dvar2": [0.00452719721943, 0.00272941263393, 0.00384160294197, 0.0037397169508, 0.00185337185394, 0.00115752522834], "max": [-0.316283792257, -0.427842795849, -0.336370110512, -0.461237251759, -0.539269804955, -0.627438306808], "mean": [-0.550758779049, -0.667266964912, -0.690375804901, -0.678119599819, -0.697548508644, -0.743341267109], "median": [-0.537733793259, -0.660915374756, -0.683633804321, -0.668654322624, -0.677670419216, -0.731213748455], "min": [-0.957087516785, -0.972791552544, -0.966482579708, -0.958226561546, -0.956052064896, -0.961670815945], "var": [0.0103112887591, 0.00513877533376, 0.00712418183684, 0.00745864072815, 0.00627890042961, 0.00273230834864]}, "spectral_contrast_valleys": {"dmean": [0.581190347672, 0.345206260681, 0.447299987078, 0.45102456212, 0.426528483629, 0.563278257847], "dmean2": [0.889789640903, 0.524958252907, 0.674752414227, 0.658731460571, 0.537455737591, 0.63300460577], "dvar": [0.394239962101, 0.202292308211, 0.318853288889, 0.402413964272, 0.359400570393, 0.45137950778], "dvar2": [0.673177301884, 0.297374248505, 0.531686842442, 0.