{"lowlevel": {"average_loudness": 0.390812575817, "barkbands_crest": {"dmean": 2.0643491745, "dmean2": 3.03055286407, "dvar": 4.98541593552, "dvar2": 10.5458154678, "max": 26.6503696442, "mean": 13.6476640701, "median": 12.5337972641, "min": 2.36084699631, "var": 35.0434951782}, "barkbands_flatness_db": {"dmean": 0.0266071688384, "dmean2": 0.0371540114284, "dvar": 0.000810955534689, "dvar2": 0.00166242197156, "max": 0.645471453667, "mean": 0.214681610465, "median": 0.207565411925, "min": 0.0206746775657, "var": 0.00680458033457}, "barkbands_kurtosis": {"dmean": 6.31112003326, "dmean2": 9.15841293335, "dvar": 438.113433838, "dvar2": 925.099182129, "max": 1602.94055176, "mean": 14.3259820938, "median": 4.08248710632, "min": -1.97686648369, "var": 1892.9510498}, "barkbands_skewness": {"dmean": 0.631329357624, "dmean2": 0.903105676174, "dvar": 0.685280263424, "dvar2": 1.43607258797, "max": 30.6420764923, "mean": 2.08947038651, "median": 1.6438806057, "min": -20.046415329, "var": 4.97318696976}, "barkbands_spread": {"dmean": 4.4270067215, "dmean2": 6.83828926086, "dvar": 58.4066390991, "dvar2": 137.936157227, "max": 145.141784668, "mean": 13.3029603958, "median": 10.4418306351, "min": 0.079509191215, "var": 153.892730713}, "dissonance": {"dmean": 0.0341029763222, "dmean2": 0.056952830404, "dvar": 0.00106801372021, "dvar2": 0.00287986523472, "max": 0.499999165535, "mean": 0.409810811281, "median": 0.422940701246, "min": 0, "var": 0.00354457600042}, "dynamic_complexity": 6.46422243118, "erbbands_crest": {"dmean": 2.63413667679, "dmean2": 3.99364805222, "dvar": 6.92238140106, "dvar2": 15.3614358902, "max": 34.3297348022, "mean": 14.3650140762, "median": 12.8933353424, "min": 2.68823027611, "var": 44.0377845764}, "erbbands_flatness_db": {"dmean": 0.0268546435982, "dmean2": 0.038199249655, "dvar": 0.000912255200092, "dvar2": 0.00185480318032, "max": 0.560068964958, "mean": 0.228504419327, "median": 0.225084602833, "min": 0.0366010889411, "var": 0.00604692893103}, "erbbands_kurtosis": {"dmean": 2.86564970016, "dmean2": 4.3021569252, "dvar": 48.3379020691, "dvar2": 114.398384094, "max": 376.120452881, "mean": 6.01715755463, "median": 1.90051174164, "min": -1.86656463146, "var": 184.362731934}, "erbbands_skewness": {"dmean": 0.448762774467, "dmean2": 0.66800814867, "dvar": 0.293881863356, "dvar2": 0.68725836277, "max": 15.5529527664, "mean": 1.11738264561, "median": 0.914803922176, "min": -5.5920124054, "var": 2.05928325653}, "erbbands_spread": {"dmean": 7.13946723938, "dmean2": 10.8479423523, "dvar": 124.534172058, "dvar2": 283.198120117, "max": 175.351196289, "mean": 24.2790107727, "median": 18.3519706726, "min": 0.357022732496, "var": 412.678192139}, "hfc": {"dmean": 5.33270740509, "dmean2": 7.76096725464, "dvar": 147.649185181, "dvar2": 335.11541748, "max": 217.089859009, "mean": 15.0871772766, "median": 8.19654369354, "min": 1.16802322946e-16, "var": 377.35055542}, "melbands_crest": {"dmean": 2.55578899384, "dmean2": 3.80646538734, "dvar": 8.03841018677, "dvar2": 16.8176269531, "max": 36.9412460327, "mean": 17.3467960358, "median": 16.1215286255, "min": 1.26842927933, "var": 54.7783622742}, "melbands_flatness_db": {"dmean": 0.0297308955342, "dmean2": 0.0419178307056, "dvar": 0.00110857165419, "dvar2": 0.0023414499592, "max": 0.811161756516, "mean": 0.292413622141, "median": 0.284823745489, "min": 0.00490235630423, "var": 0.0101556116715}, "melbands_kurtosis": {"dmean": 8.49223518372, "dmean2": 12.65928936, "dvar": 516.282470703, "dvar2": 1285.33251953, "max": 1033.93920898, "mean": 19.1518039703, "median": 7.78011798859, "min": -1.90311348438, "var": 1417.07116699}, "melbands_skewness": {"dmean": 0.71143913269, "dmean2": 1.0413197279, "dvar": 0.870946347713, "dvar2": 1.87789106369, "max": 24.3013591766, "mean": 2.50354790688, "median": 2.02157306671, "min": -5.62889909744, "var": 4.74305009842}, "melbands_spread": {"dmean": 3.67884898186, "dmean2": 5.62850236893, "dvar": 39.6354598999, "dvar2": 92.1309280396, "max": 167.534591675, "mean": 14.0048427582, "median": 11.4821472168, "min": 0.184680700302, "var": 156.326400757}, "pitch_salience": {"dmean": 0.0586553029716, "dmean2": 0.0885536074638, "dvar": 0.00401633325964, "dvar2": 0.00885139033198, "max": 0.988480389118, "mean": 0.443161278963, "median": 0.459387362003, "min": 0.0440221019089, "var": 0.0209731142968}, "silence_rate_20dB": {"dmean": 0, "dmean2": 0, "dvar": 0, "dvar2": 0, "max": 1, "mean": 1, "median": 1, "min": 1, "var": 0}, "silence_rate_30dB": {"dmean": 0.0264040529728, "dmean2": 0.0528099909425, "dvar": 0.025698473677, "dvar2": 0.0544570162892, "max": 1, "mean": 0.900988340378, "median": 1, "min": 0, "var": 0.0891903862357}, "silence_rate_60dB": {"dmean": 0.0308285169303, "dmean2": 0.061659231782, "dvar": 0.0298806820065, "dvar2": 0.0644897967577, "max": 1, "mean": 0.226924031973, "median": 0, "min": 0, "var": 0.175443321466}, "spectral_centroid": {"dmean": 123.102645874, "dmean2": 194.180435181, "dvar": 42971.2148438, "dvar2": 100416.179688, "max": 11644.328125, "mean": 878.164611816, "median": 805.142944336, "min": 84.7864151001, "var": 153004.828125}, "spectral_complexity": {"dmean": 1.54078352451, "dmean2": 2.52867078781, "dvar": 4.15359020233, "dvar2": 10.3096876144, "max": 41, "mean": 10.6380634308, "median": 11, "min": 0, "var": 32.3980865479}, "spectral_decrease": {"dmean": 1.91339655231e-09, "dmean2": 2.53181231535e-09, "dvar": 2.04763233594e-17, "dvar2": 3.1697954811e-17, "max": 3.596487918e-15, "mean": -8.67606608779e-09, "median": -2.72871969464e-09, "min": -7.92897694168e-08, "var": 1.74739628001e-16}, "spectral_energy": {"dmean": 0.00753128668293, "dmean2": 0.0100291213021, "dvar": 0.000309715862386, "dvar2": 0.000486283213831, "max": 0.301645576954, "mean": 0.0341139324009, "median": 0.0113598369062, "min": 1.06570290816e-20, "var": 0.00259573874064}, "spectral_energyband_high": {"dmean": 0.000372297130525, "dmean2": 0.000547585834283, "dvar": 1.10201574444e-06, "dvar2": 2.52726363215e-06, "max": 0.021993977949, "mean": 0.000510099402163, "median": 4.93279403599e-05, "min": 8.02295885488e-21, "var": 1.69654140336e-06}, "spectral_energyband_low": {"dmean": 0.00506722088903, "dmean2": 0.00622919946909, "dvar": 0.000226132571697, "dvar2": 0.000323411251884, "max": 0.29120823741, "mean": 0.0197772476822, "median": 5.62520726817e-05, "min": 2.71506012728e-23, "var": 0.00191619119141}, "spectral_energyband_middle_high": {"dmean": 0.000883148284629, "dmean2": 0.00121677992865, "dvar": 3.45823741554e-06, "dvar2": 5.80689766139e-06, "max": 0.0781259760261, "mean": 0.00313428253867, "median": 0.00163629429881, "min": 1.63544663776e-21, "var": 2.35626557696e-05}, "spectral_energyband_middle_low": {"dmean": 0.00313837290742, "dmean2": 0.00475044874474, "dvar": 5.02643670188e-05, "dvar2": 0.00011817493214, "max": 0.162294000387, "mean": 0.0114824045449, "median": 0.00543021550402, "min": 2.69829178433e-22, "var": 0.000251303688856}, "spectral_entropy": {"dmean": 0.293522953987, "dmean2": 0.437208920717, "dvar": 0.130864396691, "dvar2": 0.304112881422, "max": 9.79178333282, "mean": 6.66429805756, "median": 6.62632989883, "min": 3.57146263123, "var": 0.528740346432}, "spectral_flux": {"dmean": 0.0214998256415, "dmean2": 0.0348573587835, "dvar": 0.00168859632686, "dvar2": 0.00395753979683, "max": 0.415843814611, "mean": 0.0466674268246, "median": 0.0343751572073, "min": 1.03232887516e-10, "var": 0.00238734134473}, "spectral_kurtosis": {"dmean": 5.59418201447, "dmean2": 8.98298549652, "dvar": 49.1170730591, "dvar2": 116.777740479, "max": 140.228302002, "mean": 15.3564710617, "median": 11.5238771439, "min": -1.19619345665, "var": 192.364562988}, "spectral_rms": {"dmean": 0.00058735703351, "dmean2": 0.000783098395914, "dvar": 1.21228708849e-06, "dvar2": 1.83308532087e-06, "max": 0.0171548351645, "mean": 0.00448063807562, "median": 0.00332907913253, "min": 3.22445369016e-12, "var": 1.32058403324e-05}, "spectral_rolloff": {"dmean": 398.56539917, "dmean2": 703.918579102, "dvar": 1659244.75, "dvar2": 3918740, "max": 19595.2148438, "mean": 1277.01318359, "median": 796.728515625, "min": 64.599609375, "var": 4070660.75}, "spectral_skewness": {"dmean": 0.510538101196, "dmean2": 0.819930076599, "dvar": 0.308808982372, "dvar2": 0.753851115704, "max": 9.91202640533, "mean": 2.89821481705, "median": 2.70542931557, "min": -0.0664972662926, "var": 1.33655941486}, "spectral_spread": {"dmean": 1127393.25, "dmean2": 1688799.625, "dvar": 2344399405060.0, "dvar2": 5406371872770.0, "max": 39782560, "mean": 4145881.25, "median": 3205423, "min": 697395.6875, "var": 7300636475390.0}, "spectral_strongpeak": {"dmean": 0.478754997253, "dmean2": 0.781919002533, "dvar": 2.51180434227, "dvar2": 5.60142850876, "max": 38.443611145, "mean": 1.37216377258, "median": 0.72792416811, "min": 0, "var": 4.3401966095}, "zerocrossingrate": {"dmean": 0.0100866686553, "dmean2": 0.011465610005, "dvar": 0.000213068764424, "dvar2": 0.000249548844295, "max": 0.79931640625, "mean": 0.0530881434679, "median": 0.04150390625, "min": 0.001953125, "var": 0.00310655334033}, "barkbands": {"dmean": [0.000314732635161, 0.00435888767242, 0.000845631991979, 0.000486253993586, 0.000433525827248, 0.000375363277271, 0.000752928142902, 0.00113714183681, 0.000804437615443, 0.000607481633779, 0.000192399980733, 0.000206510798307, 0.00020173889061, 8.54207610246e-05, 4.97022774653e-05, 5.89851370023e-05, 5.37659361726e-05, 3.9788938011e-05, 2.94281053357e-05, 3.26353620039e-05, 2.23960742005e-05, 2.17140423047e-05, 5.58336469112e-05, 0.000119462281873, 6.79141885485e-05, 6.21749350103e-05, 2.54830702033e-05], "dmean2": [0.000450190447737, 0.00500916270539, 0.00127373274881, 0.000875398691278, 0.000724679150153, 0.00056942680385, 0.00117302301805, 0.00169730070047, 0.00114221835975, 0.000826464500278, 0.000285635440378, 0.000250682496699, 0.000279293832136, 0.000122871992062, 6.86646671966e-05, 9.41482139751e-05, 8.27944459161e-05, 6.96424685884e-05, 5.04986746819e-05, 5.70543743379e-05, 3.87789768865e-05, 3.54655931005e-05, 7.61400078773e-05, 0.000159893592354, 0.000105365768832, 0.000101252328022, 4.52946587757e-05], "dvar": [1.55465181706e-06, 0.00016388639051, 1.02869043985e-05, 7.05274624124e-06, 1.57757858688e-06, 6.89533408149e-07, 4.60069850305e-06, 1.11350727821e-05, 9.12522227736e-06, 4.89452031616e-06, 4.85782550186e-07, 2.65681052269e-07, 2.33830604657e-07, 3.69622661367e-08, 1.49865098109e-08, 2.97093976087e-08, 1.54929118423e-08, 2.4788542774e-08, 8.00178678872e-09, 2.27453895718e-08, 9.28288113045e-09, 4.64933469502e-09, 5.38088933411e-08, 3.59756967327e-07, 7.15870456247e-08, 4.31872564377e-08, 1.82970669727e-08], "dvar2": [2.66884308076e-06, 0.000216211075895, 2.35239076574e-05, 2.03579602385e-05, 4.55528061138e-06, 1.44702619309e-06, 9.90981425275e-06, 2.3589547709e-05, 1.9025444999e-05, 7.54485517973e-06, 1.06167453851e-06, 4.52794523653e-07, 4.50463005564e-07, 7.82401414767e-08, 2.749617245e-08, 7.35501757276e-08, 3.58771181652e-08, 7.05382632304e-08, 2.24304290697e-08, 6.42348538804e-08, 2.57133407899e-08, 1.16008003204e-08, 9.85767911743e-08, 7.45093302612e-07, 1.42472146081e-07, 1.06031350811e-07, 5.50562084811e-08], "max": [0.041353918612, 0.237383171916, 0.0747004970908, 0.0646861568093, 0.0344858653843, 0.0468066334724, 0.0662876516581, 0.100550204515, 0.0957522988319, 0.101414009929, 0.0368459373713, 0.0268902909011, 0.0118025429547, 0.0107779763639, 0.00441221613437, 0.00440183840692, 0.00298856990412, 0.0038326990325, 0.00221377494745, 0.00403091264889, 0.0022678936366, 0.00204399926588, 0.0103073837236, 0.0159987434745, 0.0100986342877, 0.00393696734682, 0.00366208236665], "mean": [0.0010307939956, 0.0174245946109, 0.00112301204354, 0.000410626089433, 0.000874933903106, 0.00107984896749, 0.00209764763713, 0.00342094362713, 0.00236189807765, 0.00179460388608, 0.000377051794203, 0.000547960982658, 0.000400099233957, 0.000184445903869, 0.000122422672575, 0.000138702220283, 9.74922295427e-05, 4.99003617733e-05, 4.61672134406e-05, 4.40717558376e-05, 2.80016574834e-05, 3.84768718504e-05, 9.50114335865e-05, 0.000175410677912, 7.41176336305e-05, 5.54128819203e-05, 1.96831933863e-05], "median": [5.60875946576e-07, 1.28809824673e-05, 1.07204214146e-05, 3.42353741871e-05, 0.000486546428874, 0.000525451847352, 0.000467060512165, 0.000646326283459, 0.000306576461298, 0.000206917567994, 7.39701354178e-05, 0.000149969811901, 0.000117671326734, 5.72233329876e-05, 3.5297969589e-05, 2.14352585317e-05, 3.26169429172e-05, 1.0587147699e-05, 1.3558414139e-05, 6.5640806497e-06, 2.37764061239e-06, 2.31891704061e-06, 2.10052166949e-06, 2.29060424317e-06, 1.7724778445e-06, 8.68273673404e-07, 5.52714993773e-07], "min": [1.1569252598e-23, 9.397512215e-24, 9.32879059724e-24, 1.04478521113e-23, 3.15392048825e-23, 4.82304035426e-23, 4.31352172201e-23, 8.27107216934e-23, 4.30851340189e-23, 1.11005262787e-22, 3.99355563677e-23, 7.70100530717e-23, 9.47362309286e-23, 1.45190102041e-22, 1.72926060194e-22, 2.34815744927e-22, 1.08053471497e-22, 2.05201224969e-22, 2.24272827188e-22, 4.27546303297e-22, 2.79923846473e-22, 4.04447698686e-22, 7.97729216409e-22, 9.70402512947e-22, 1.30819674104e-21, 1.82816104026e-21, 2.31786508954e-21], "var": [1.20032327686e-05, 0.00153728143778, 1.39389039759e-05, 4.24078552896e-06, 1.64248513101e-06, 6.45950467515e-06, 3.02695461869e-05, 7.04295016476e-05, 4.7466623073e-05, 3.30047405441e-05, 1.25840983856e-06, 1.16171020181e-06, 7.22942274933e-07, 1.23084205939e-07, 8.41576337507e-08, 1.25682618091e-07, 4.04441244939e-08, 1.81391932585e-08, 8.23220513979e-09, 2.08669099777e-08, 8.29465562902e-09, 9.00922447755e-09, 1.35490168418e-07, 6.652240927e-07, 1.18373471025e-07, 4.1438859455e-08, 1.27388082305e-08]}, "erbbands": {"dmean": [0.173983320594, 0.810620725155, 0.963580429554, 1.39582872391, 1.4112701416, 1.21600115299, 2.56648135185, 3.15471982956, 9.26941394806, 22.7178840637, 16.9631462097, 20.9799556732, 21.8012828827, 7.17620754242, 8.11251926422, 10.0363254547, 10.3529243469, 4.47235584259, 2.5101480484, 2.64641833305, 2.76175665855, 2.25120806694, 2.14994382858, 2.21588230133, 1.04422485828, 1.70430028439, 1.2981197834, 0.638814330101, 0.639025092125, 1.61566710472, 1.40174877644, 3.19230413437, 1.16319286823, 0.772065520287, 0.465390235186, 0.345829814672, 0.0896570980549, 0.0187036078423, 0.00422033201903, 0.000350238464307], "dmean2": [0.196225687861, 0.955780506134, 1.40207254887, 2.34150695801, 2.45431780815, 2.03431725502, 4.17927932739, 4.74156188965, 14.0453453064, 35.0109710693, 25.0889568329, 29.1690807343, 30.0299491882, 10.1504983902, 11.8606843948, 12.1935405731, 14.1068096161, 6.41485881805, 3.4546983242, 4.05317640305, 4.32119989395, 3.52625083923, 3.67176103592, 3.81365895271, 1.79783344269, 2.96273779869, 2.28827691078, 1.08197402954, 1.02625322342, 2.37763357162, 1.89344358444, 4.18928194046, 1.64690005779, 1.19322550297, 0.73462665081, 0.562276959419, 0.144991338253, 0.0320901237428, 0.00736612547189, 0.000649020599667], "dvar": [0.318371981382, 5.30203294754, 10.1406736374, 47.9603652954, 46.4440460205, 9.77715492249, 18.213476181, 60.1915931702, 680.306945801, 5411.82324219, 2627.32006836, 6406.58740234, 6344.78222656, 549.68170166, 1010.37017822, 638.934753418, 585.936706543, 102.830963135, 25.904712677, 40.5187339783, 43.3178672791, 27.1541919708, 65.7510681152, 47.154712677, 12.6694164276, 61.6135635376, 42.9107933044, 7.85846328735, 4.41424369812, 35.4642181396, 30.8077812195, 305.015563965, 26.6840229034, 9.35279846191, 2.5438439846, 1.45447123051, 0.0853541344404, 0.00726384297013, 0.000487848592456, 4.58045451524e-06], "dvar2": [0.413652777672, 7.32615756989, 21.2411823273, 131.722793579, 134.79347229, 28.154504776, 51.1090202332, 125.509178162, 1370.7824707, 12939.7246094, 5445.14550781, 13007.6865234, 9954.57617188, 975.710021973, 2188.63256836, 1069.48022461, 1113.2980957, 219.718338013, 49.2748298645, 93.6971511841, 105.959838867, 65.2647171021, 185.285430908, 131.697860718, 35.595287323, 172.783584595, 122.767036438, 19.980386734, 10.865026474, 76.3309707642, 56.9963531494, 626.409851074, 58.3682365417, 18.717962265, 5.28054141998, 3.56028294563, 0.206017032266, 0.0198570415378, 0.00139925046824, 1.4361092326e-05], "max": [12.2226085663, 45.0172157288, 70.7342605591, 154.460845947, 186.739486694, 68.3033218384, 78.6234741211, 415.619598389, 995.729370117, 2041.47290039, 1840.34692383, 2782.3762207, 3953.83374023, 967.940002441, 1771.37646484, 1373.9473877, 588.321289062, 581.705322266, 270.721588135, 157.125686646, 149.643600464, 165.602355957, 231.21395874, 143.766601562, 112.498474121, 215.377120972, 177.594009399, 134.789764404, 72.279083252, 208.700836182, 235.522354126, 473.528991699, 217.471389771, 113.602043152, 54.7802658081, 20.3109455109, 6.73135566711, 2.23961639404, 0.542377471924, 0.0572880730033], "mean": [0.751247525215, 2.91500616074, 1.70917892456, 1.48026192188, 1.88567471504, 2.70633673668, 5.05937433243, 9.43552684784, 27.4448814392, 63.9381446838, 55.016784668, 65.4573364258, 66.2462158203, 19.3688335419, 17.0665893555, 28.1567077637, 22.2385082245, 10.5933103561, 6.98477983475, 6.76039171219, 6.54503631592, 4.05740785599, 3.03059697151, 3.38800692558, 1.57946109772, 2.35488939285, 1.53446340561, 0.886813819408, 1.09092664719, 2.73784041405, 2.41332602501, 4.79514122009, 1.61667764187, 0.857677221298, 0.486805617809, 0.294654846191, 0.0833922997117, 0.0169541575015, 0.00332871451974, 0.00027805136051], "median": [0.000137962648296, 0.00351921678521, 0.0164807401597, 0.104524418712, 0.57768625021, 1.5719653368, 2.79965543747, 4.28389310837, 7.13202667236, 11.4281578064, 13.777721405, 11.2933130264, 8.60451793671, 4.21977424622, 5.24390697479, 9.55637073517, 7.9489364624, 4.29543781281, 2.74737977982, 1.88948893547, 1.79490709305, 1.53415441513, 0.96875244379, 0.82703691721, 0.566584706306, 0.365692079067, 0.186758846045, 0.0884703695774, 0.0857073366642, 0.112911999226, 0.0829295441508, 0.0651826187968, 0.034853104502, 0.02045327425, 0.0143199013546, 0.00529716862366, 0.00132112053689, 0.000446528429165, 9.52015252551e-05, 2.72178131127e-05], "min": [2.29998442747e-22, 2.47702465603e-21, 1.18510764128e-20, 1.92873638806e-20, 4.272140679e-20, 1.5174897171e-19, 2.68634400251e-19, 3.74195829604e-19, 6.62295805921e-19, 5.79489081243e-19, 2.36246774092e-18, 9.13804620661e-19, 2.44374526713e-18, 2.91507939761e-18, 2.42821040164e-18, 2.82452111172e-18, 4.10960202801e-18, 6.87803822624e-18, 7.54047672082e-18, 1.09624137271e-17, 1.16979129493e-17, 7.89025087002e-18, 9.75568956229e-18, 1.20252746398e-17, 1.54011600198e-17, 1.98925836555e-17, 1.27727878332e-17, 1.17624710874e-17, 1.31314028888e-17, 2.32771370612e-17, 1.81572828075e-17, 2.14327327447e-17, 1.56537048783e-17, 1.4772428308e-17, 9.25472416791e-18, 5.3631359301e-18, 3.29569476915e-18, 1.49027133904e-18, 3.05989799166e-19, 3.66430962409e-20], "var": [3.27450013161, 43.7157249451, 20.5824146271, 36.4612350464, 30.6960334778, 12.9514856339, 42.8678894043, 520.960266113, 5732.80957031, 24720.3339844, 16098.6337891, 35196.0625, 41862.890625, 3099.90014648, 2383.60107422, 2832.94848633, 1891.00695801, 346.015838623, 197.649429321, 182.075317383, 166.793609619, 55.2472915649, 52.3443717957, 52.5695610046, 12.5841712952, 58.3572311401, 29.3727836609, 10.1633958817, 7.75708913803, 74.4720535278, 75.4207382202, 571.261474609, 42.9299888611, 15.4501152039, 3.93205404282, 1.28485107422, 0.0888425782323, 0.00633537210524, 0.000364043429727, 2.78408469967e-06]}, "gfcc": {"mean": [-99.6558532715, 96.7865219116, -114.620376587, -25.5234241486, -66.7358551025, -4.95948123932, -39.2987060547, 5.02381944656, -18.5571327209, 1.18308985233, -7.12124061584, -0.915876626968, -12.7400274277], "cov": [[20153.6152344, -424.765411377, -123.114685059, 2704.97338867, 121.195220947, 2338.81298828, 238.245147705, 985.227233887, 774.17401123, 36.4295578003, -247.602722168, -123.821418762, -408.815765381], [-424.765411377, 1758.53808594, -163.79284668, 55.0855827332, 494.840759277, -89.7920837402, 331.937652588, 101.517547607, 220.436843872, -37.1076774597, 129.363845825, -93.4027252197, 82.0913696289], [-123.114685059, -163.79284668, 1849.02233887, 706.806945801, 289.226715088, 616.948425293, 447.653381348, 551.29864502, 366.746337891, 195.478134155, 66.2175674438, 224.987945557, 51.2016601562], [2704.97338867, 55.0855827332, 706.806945801, 1042.55749512, 283.227386475, 717.097290039, 358.573730469, 328.132263184, 354.176208496, 78.3573455811, 57.6404418945, 99.7317047119, -32.9835700989], [121.195220947, 494.840759277, 289.226715088, 283.227386475, 667.680480957, 174.031356812, 284.412139893, 142.027755737, 82.2883224487, 127.821968079, 79.3040847778, 68.4684906006, 40.1115455627], [2338.81298828, -89.7920837402, 616.948425293, 717.097290039, 174.031356812, 766.204528809, 242.523849487, 322.875701904, 307.911071777, 39.6685791016, 56.3149528503, 85.2540740967, -2.79793095589], [238.245147705, 331.937652588, 447.653381348, 358.573730469, 284.412139893, 242.523849487, 535.945861816, 217.567306519, 238.233444214, 119.085365295, 70.9561004639, 101.146606445, 8.08422279358], [985.227233887, 101.517547607, 551.29864502, 328.132263184, 142.027755737, 322.875701904, 217.567306519, 447.513427734, 232.664886475, 91.750793457, 27.1517925262, 30.5982303619, 50.1622962952], [774.17401123, 220.436843872, 366.746337891, 354.176208496, 82.2883224487, 307.911071777, 238.233444214, 232.664886475, 423.859344482, 24.510515213, 79.2528381348, 44.0371780396, -7.53354930878], [36.4295578003, -37.1076774597, 195.478134155, 78.3573455811, 127.821968079, 39.6685791016, 119.085365295, 91.750793457, 24.510515213, 252.568145752, 38.9462356567, 81.9749603271, 7.43092870712], [-247.602722168, 129.363845825, 66.2175674438, 57.6404418945, 79.3040847778, 56.3149528503, 70.9561004639, 27.1517925262, 79.2528381348, 38.9462356567, 201.420318604, 21.4451313019, 6.36747694016], [-123.821418762, -93.4027252197, 224.987945557, 99.7317047119, 68.4684906006, 85.2540740967, 101.146606445, 30.5982303619, 44.0371780396, 81.9749603271, 21.4451313019, 206.36869812, 14.5400409698], [-408.815765381, 82.0913696289, 51.2016601562, -32.9835700989, 40.1115455627, -2.79793095589, 8.08422279358, 50.1622962952, -7.53354930878, 7.43092870712, 6.36747694016, 14.5400409698, 161.617645264]], "icov": [[0.000169175473275, -9.13053554541e-06, 0.000322909269016, -0.000367835687939, 7.09501109668e-05, -0.000376986368792, 0.000148486389662, -0.00038825001684, 7.34079440008e-05, -0.000134914851515, 0.000274146179436, 2.55176837527e-05, 0.000340671016602], [-9.13053554541e-06, 0.00116036762483, 0.000252616562648, -2.90172029054e-05, -0.000876072037499, 0.000650127709378, -0.000525035778992, -0.000173147273017, -0.000731878913939, 0.000594013021328, -0.000330027425662, 0.000552296929527, -0.000487864133902], [0.000322909269016, 0.000252616562648, 0.00177145446651, -0.000931548827793, -3.63624058082e-05, -0.000728503859136, -2.26190168178e-05, -0.00173232669476, 2.22440357902e-05, -0.000213220351725, 0.000457955437014, -0.000596247089561, 0.000518826884218], [-0.000367835687939, -2.90172029054e-05, -0.000931548827793, 0.00404312135652, -0.000581230851822, -0.0017547570169, -0.000855241029058, 0.00119065423496, -0.000651846756227, 0.000117351337394, -0.000199985574, 0.000104720522359, -4.56703855889e-05], [7.09501109668e-05, -0.000876072037499, -3.63624058082e-05, -0.000581230851822, 0.00288904109038, -0.000556800863706, -0.000512913509738, -0.000119854252262, 0.00116737256758, -0.000998239265755, -0.000188193967915, -0.000325095956214, -9.47522494243e-06], [-0.000376986368792, 0.000650127709378, -0.000728503859136, -0.0017547570169, -0.000556800863706, 0.00558165227994, -8.0417303252e-05, -0.000456031353679, -0.00103973341174, 0.0013096347684, -0.00115819624625, -0.000407304381952, -0.00105716276448], [0.000148486389662, -0.000525035778992, -2.26190168178e-05, -0.000855241029058, -0.000512913509738, -8.0417303252e-05, 0.00401110854, -0.000675622082781, -0.000881717482116, -0.000867413706146, 0.000265030248556, -0.000915730779525, 0.000680599827319], [-0.00038825001684, -0.000173147273017, -0.00173232669476, 0.00119065423496, -0.000119854252262, -0.000456031353679, -0.000675622082781, 0.00625465856865, -0.00156134529971, -0.00113414798398, 0.000168816477526, 0.00155179249123, -0.00215487694368], [7.34079440008e-05, -0.000731878913939, 2.22440357902e-05, -0.000651846756227, 0.00116737256758, -0.00103973341174, -0.000881717482116, -0.00156134529971, 0.0052536400035, 0.000417671806645, -0.0010291027138, -0.000537752232049, 0.000952947535552], [-0.000134914851515, 0.000594013021328, -0.000213220351725, 0.000117351337394, -0.000998239265755, 0.0013096347684, -0.000867413706146, -0.00113414798398, 0.000417671806645, 0.00597248179838, -0.00117634807248, -0.00159565592185, 4.90973543492e-05], [0.000274146179436, -0.000330027425662, 0.000457955437014, -0.000199985574, -0.000188193967915, -0.00115819624625, 0.000265030248556, 0.000168816477526, -0.0010291027138, -0.00117634807248, 0.00632205465809, 6.77797856952e-07, 0.00039317458868], [2.55176837527e-05, 0.000552296929527, -0.000596247089561, 0.000104720522359, -0.000325095956214, -0.000407304381952, -0.000915730779525, 0.00155179249123, -0.000537752232049, -0.00159565592185, 6.77797856952e-07, 0.00702081387863, -0.000951276801061], [0.000340671016602, -0.000487864133902, 0.000518826884218, -4.56703855889e-05, -9.47522494243e-06, -0.00105716276448, 0.000680599827319, -0.00215487694368, 0.000952947535552, 4.90973543492e-05, 0.00039317458868, -0.000951276801061, 0.00785437691957]]}, "melbands": {"dmean": [0.00135556608438, 0.000653599272482, 0.0002402185346, 8.58784842421e-05, 8.36159451865e-05, 8.24841699796e-05, 0.000135615817271, 0.000265157024842, 0.000134715111926, 0.000127398991026, 0.000107711886812, 2.97962906188e-05, 2.45096107392e-05, 2.46124272962e-05, 2.7223071811e-05, 1.43978595588e-05, 9.68466338236e-06, 3.95653023588e-06, 3.76684033654e-06, 5.29889302925e-06, 3.09206939164e-06, 2.61557784142e-06, 2.16199237002e-06, 2.1539667614e-06, 1.84586110663e-06, 8.55210316786e-07, 6.7585619945e-07, 1.26700808778e-06, 9.46315708461e-07, 5.32980322987e-07, 3.13318338385e-07, 2.87886564365e-07, 5.9918062334e-07, 1.1758600067e-06, 1.01369437289e-06, 3.66616006886e-07, 2.97851602227e-06, 8.36790036374e-07, 4.59080979454e-07, 7.72778264491e-07], "dmean2": [0.00152659148443, 0.000867411727086, 0.000403353740694, 0.000146312915604, 0.000136048824061, 0.000123775927932, 0.000205681979423, 0.000405523431255, 0.000197662433493, 0.000177239184268, 0.0001485417597, 4.21334298153e-05, 3.64890584024e-05, 3.077490328e-05, 3.58979959856e-05, 1.9787274141e-05, 1.3953663256e-05, 5.53930567548e-06, 5.26073154106e-06, 8.37284096633e-06, 4.84306383441e-06, 4.05295077144e-06, 3.56262057721e-06, 3.79721404897e-06, 3.1687950468e-06, 1.48381866438e-06, 1.16043349863e-06, 2.2133397124e-06, 1.68364476849e-06, 9.2131205065e-07, 5.24945789948e-07, 4.74025711128e-07, 9.60266675065e-07, 1.66520544553e-06, 1.33912772071e-06, 5.91625678226e-07, 3.84477561965e-06, 1.18991715681e-06, 7.2435329912e-07, 1.17731917726e-06], "dvar": [1.71446918102e-05, 3.53616178472e-06, 1.38491952839e-06, 1.18044340525e-07, 1.92894002993e-08, 4.23879278344e-08, 1.35509168331e-07, 6.91573632139e-07, 1.83211554372e-07, 2.41084478603e-07, 1.58490507829e-07, 1.23650210071e-08, 8.89384565994e-09, 3.80761555618e-09, 3.30749783117e-09, 1.06382058718e-09, 5.26685528524e-10, 6.99252877823e-11, 1.37157035729e-10, 2.47357107019e-10, 6.1167196308e-11, 4.04145189536e-11, 3.36334467221e-11, 8.75814074042e-11, 2.97059980781e-11, 1.00552890667e-11, 4.81944605751e-12, 3.87334643526e-11, 2.70938462638e-11, 4.52469528858e-12, 1.8542680412e-12, 1.21014407262e-12, 4.35414638372e-12, 2.53172691145e-11, 2.21037944892e-11, 1.65991276713e-12, 3.04844288701e-10, 1.54386659706e-11, 8.87760091134e-12, 1.47691078117e-11], "dvar2": [2.2324407837e-05, 6.14886948824e-06, 3.81716336051e-06, 3.42255418673e-07, 5.41399636234e-08, 8.76578241105e-08, 2.74827101521e-07, 1.61198568094e-06, 3.88029661735e-07, 4.84883173613e-07, 2.47229195338e-07, 2.07064854152e-08, 1.96069542824e-08, 6.64748922574e-09, 6.12870376671e-09, 1.97614369313e-09, 1.12347953163e-09, 1.39674161126e-10, 2.47459497338e-10, 6.06357741795e-10, 1.4751522226e-10, 9.58209067647e-11, 8.65062674271e-11, 2.50151788173e-10, 8.25031154505e-11, 2.83259041223e-11, 1.32094066588e-11, 1.09450636054e-10, 7.72802655202e-11, 1.23911297889e-11, 4.65707420544e-12, 2.90953654399e-12, 1.02686288292e-11, 4.93259634526e-11, 3.8737162783e-11, 4.01311752926e-12, 6.23802454136e-10, 3.42342612591e-11, 1.7753612816e-11, 2.85012569101e-11], "max": [0.0794911682606, 0.0368378125131, 0.0272159930319, 0.00962227489799, 0.00265430053696, 0.0106797832996, 0.0133602404967, 0.0221608746797, 0.0148427076638, 0.0187523793429, 0.0195640679449, 0.0055986023508, 0.00507645029575, 0.00302218808793, 0.00243193237111, 0.000749430560973, 0.00132717029192, 0.000396616640501, 0.000464801472845, 0.000424702215241, 0.000180736329639, 0.000207202989259, 0.000144836638356, 0.00022475294827, 0.000120201271784, 0.000119476862892, 4.60130977444e-05, 0.000175779874553, 0.000147917249706, 6.13900847384e-05, 6.5333872044e-05, 4.88936493639e-05, 8.98607177078e-05, 0.000207087621675, 0.000212515180465, 7.74416257627e-05, 0.000476277258713, 0.000177107402124, 0.000183428273886, 0.000159969786182], "mean": [0.0056838276796, 0.00184361974243, 0.000264088477707, 0.000163799457368, 0.000168979764567, 0.000242611335125, 0.000400443095714, 0.000753643456846, 0.000432351778727, 0.000386105064536, 0.000319479295285, 7.69610342104e-05, 4.70140512334e-05, 6.53587267152e-05, 6.82002064423e-05, 2.90957541438e-05, 2.06344793696e-05, 1.03258817035e-05, 8.89844886842e-06, 1.2702337699e-05, 6.47772185403e-06, 4.56652787761e-06, 3.331152584e-06, 2.54138285527e-06, 2.82325163425e-06, 1.1423471733e-06, 1.00411705262e-06, 1.68707504145e-06, 9.75068132902e-07, 8.14872350929e-07, 4.06322385516e-07, 4.73980378501e-07, 1.03501758986e-06, 2.00349654733e-06, 1.82349208444e-06, 4.2621448415e-07, 4.52614631286e-06, 1.15976592951e-06, 5.17285798196e-07, 8.58593466546e-07], "median": [2.58228260464e-06, 6.37952234683e-06, 3.11369476549e-05, 7.85844531492e-05, 9.5395000244e-05, 0.000104791397462, 0.000100564378954, 0.000130050568259, 0.000102528072603, 5.64371221117e-05, 3.31424962496e-05, 1.20442928164e-05, 1.08298918349e-05, 2.10765083466e-05, 2.37870881392e-05, 8.76700050867e-06, 6.29005171504e-06, 4.01782335757e-06, 2.1647417725e-06, 2.15115778701e-06, 1.87600085155e-06, 1.44154307691e-06, 1.00899148947e-06, 5.69403198369e-07, 5.64842650874e-07, 2.70810829761e-07, 2.54292729096e-07, 1.97248439804e-07, 9.79782086574e-08, 5.36750093261e-08, 2.18990585665e-08, 2.34762715934e-08, 3.71630406448e-08, 4.86363020968e-08, 3.21802708925e-08, 1.61875846061e-08, 2.69096780414e-08, 2.06558343763e-08, 1.03882431546e-08, 1.16869971478e-08], "min": [2.92865636582e-24, 5.07735964377e-24, 3.86728054175e-24, 7.13027706402e-24, 8.25327972717e-24, 9.12856428886e-24, 9.91029073606e-24, 8.23552167933e-24, 1.80862928601e-23, 4.93640676609e-24, 1.33430631413e-23, 1.32575521969e-23, 7.18701272919e-24, 7.75876806924e-24, 9.71272525551e-24, 9.04513199294e-24, 1.31618097266e-23, 1.07968102548e-23, 1.59870140844e-23, 1.07259476685e-23, 1.56000620332e-23, 7.83718636524e-24, 6.60324422084e-24, 1.0212360565e-23, 9.61369560177e-24, 8.65356668314e-24, 1.3977035941e-23, 1.3015337978e-23, 7.74937904674e-24, 7.5550802392e-24, 6.50129183745e-24, 7.38810520684e-24, 7.99787259847e-24, 1.61037986306e-23, 9.66544093285e-24, 1.14735243271e-23, 1.43976691974e-23, 1.03362243489e-23, 1.27673382532e-23, 1.19181894422e-23], "var": [0.000169275241205, 1.75236418727e-05, 1.03321519873e-06, 9.59218979801e-08, 4.42096883546e-08, 3.67414855873e-07, 1.13282487746e-06, 3.38592462867e-06, 1.01838963928e-06, 1.24708572002e-06, 1.05058995814e-06, 7.63020508998e-08, 1.97731377938e-08, 1.61324837933e-08, 1.39406486355e-08, 3.4509080038e-09, 1.68414004964e-09, 4.47921005842e-10, 6.2283633806e-10, 1.07995601351e-09, 1.74797107344e-10, 9.47095943338e-11, 4.26712588875e-11, 5.81200088057e-11, 3.78204030593e-11, 9.9866920289e-12, 5.84852348842e-12, 3.61738104748e-11, 1.78338368378e-11, 5.93216448186e-12, 2.55502498499e-12, 2.21171280075e-12, 9.1253671286e-12, 5.97865368324e-11, 5.88724693995e-11, 2.13398157652e-12, 5.72188574299e-10, 2.43010750411e-11, 1.46702736764e-11, 2.52136072437e-11]}, "mfcc": {"mean": [-751.193481445, 150.754196167, -5.83587884903, -12.3330383301, -10.4847602844, -15.9792547226, -12.4023742676, -4.60709428787, -10.9221725464, 0.751673638821, 0.131798356771, 3.95689082146, 2.07836031914], "cov": [[13971.2460938, 263.427062988, 179.949829102, 333.324920654, 621.209960938, 801.139160156, 385.068054199, 928.668823242, 476.828369141, 559.357788086, 300.028320312, 316.236755371, 101.05355072], [263.427062988, 1772.96105957, -462.158599854, 182.338897705, 87.8988189697, -53.3667945862, 93.6476669312, 94.3565063477, 82.1084442139, 131.540466309, 43.4024925232, 54.123752594, 81.3318252563], [179.949829102, -462.158599854, 1444.98022461, 398.249969482, 337.653045654, 321.266540527, 201.998977661, 478.044219971, 424.014312744, 259.141082764, 227.271759033, 193.745773315, 150.542938232], [333.324920654, 182.338897705, 398.249969482, 497.830169678, 208.590118408, 249.720565796, 228.232162476, 256.976776123, 239.554611206, 153.627624512, 136.897293091, 147.870544434, 162.561828613], [621.209960938, 87.8988189697, 337.653045654, 208.590118408, 436.713165283, 223.801269531, 172.943725586, 211.94720459, 162.066040039, 113.941314697, 97.1672592163, 99.0560073853, 66.0047225952], [801.139160156, -53.3667945862, 321.266540527, 249.720565796, 223.801269531, 462.871826172, 180.894073486, 270.984863281, 138.971466064, 111.780570984, 150.974731445, 97.2437896729, 132.163864136], [385.068054199, 93.6476669312, 201.998977661, 228.232162476, 172.943725586, 180.894073486, 329.909240723, 142.364395142, 147.221084595, 102.861747742, 72.8588180542, 129.589248657, 77.1622238159], [928.668823242, 94.3565063477, 478.044219971, 256.976776123, 211.94720459, 270.984863281, 142.364395142, 483.208953857, 249.747924805, 208.65397644, 148.316543579, 96.4909515381, 134.752593994], [476.828369141, 82.1084442139, 424.014312744, 239.554611206, 162.066040039, 138.971466064, 147.221084595, 249.747924805, 391.578613281, 163.588684082, 102.735343933, 92.8609161377, 75.3447418213], [559.357788086, 131.540466309, 259.141082764, 153.627624512, 113.941314697, 111.780570984, 102.861747742, 208.65397644, 163.588684082, 287.026428223, 104.721000671, 111.775093079, 58.0401496887], [300.028320312, 43.4024925232, 227.271759033, 136.897293091, 97.1672592163, 150.974731445, 72.8588180542, 148.316543579, 102.735343933, 104.721000671, 249.531524658, 73.5262069702, 112.152572632], [316.236755371, 54.123752594, 193.745773315, 147.870544434, 99.0560073853, 97.2437896729, 129.589248657, 96.4909515381, 92.8609161377, 111.775093079, 73.5262069702, 264.871490479, 83.8228988647], [101.05355072, 81.3318252563, 150.542938232, 162.561828613, 66.0047225952, 132.163864136, 77.1622238159, 134.752593994, 75.3447418213, 58.0401496887, 112.152572632, 83.8228988647, 317.325683594]], "icov": [[9.59642202361e-05, 2.90791795123e-05, 0.000118122334243, 6.58122517052e-05, -7.04755584593e-05, -9.71232002485e-05, 5.8858340708e-06, -0.000185547512956, -6.70243025525e-05, -8.47779665492e-05, -1.1316617929e-05, -7.33469350962e-05, 5.95000892645e-05], [2.90791795123e-05, 0.000891835079528, 0.000700364354998, -0.000477882596897, -0.000330792012392, 0.00048728051479, -4.70161467092e-07, -0.000445283279987, -0.000219515044591, -0.000348196655978, -0.00017949139874, -5.74991900066e-05, -7.57940360927e-05], [0.000118122334243, 0.000700364354998, 0.00191543949768, -0.000519111810718, -0.000621942803264, 0.000226697520702, 0.000289183430141, -0.00111911667045, -0.000948220666032, -0.000280291540548, -0.000460155599285, -0.000444585079094, 0.000136448768899], [6.58122517052e-05, -0.000477882596897, -0.000519111810718, 0.00473419344053, -9.13900294108e-05, -0.00103987939656, -0.00137506506871, -0.000147187034599, -0.00101802684367, 1.45910598803e-05, -3.08124035655e-05, -0.000472356477985, -0.000853773788549], [-7.04755584593e-05, -0.000330792012392, -0.000621942803264, -9.13900294108e-05, 0.00383659219369, -0.000974947586656, -0.000862878980115, -0.00013643517741, -5.91257230553e-05, 0.000163379561855, 2.79422347376e-05, -0.00010689071496, 0.000327411165927], [-9.71232002485e-05, 0.00048728051479, 0.000226697520702, -0.00103987939656, -0.000974947586656, 0.00475454097614, -0.000993540859781, -0.0016480339691, 0.000705726095475, 0.000458300753962, -0.00118847750127, 0.000144126956002, -0.000374219409423], [5.8858340708e-06, -4.70161467092e-07, 0.000289183430141, -0.00137506506871, -0.000862878980115, -0.000993540859781, 0.00546895014122, 0.000384251092328, -0.000768196710851, -0.000237826170633, 0.000353721407009, -0.00134620792232, 0.000122229132103], [-0.000185547512956, -0.000445283279987, -0.00111911667045, -0.000147187034599, -0.00013643517741, -0.0016480339691, 0.000384251092328, 0.0058090146631, -0.000962956692092, -0.00165526196361, 8.565603639e-05, 0.000825254013762, -0.000782797811553], [-6.70243025525e-05, -0.000219515044591, -0.000948220666032, -0.00101802684367, -5.91257230553e-05, 0.000705726095475, -0.000768196710851, -0.000962956692092, 0.0052332454361, -0.000761231465731, -8.91642266652e-05, 0.000322532723658, 0.000206045166124], [-8.47779665492e-05, -0.000348196655978, -0.000280291540548, 1.45910598803e-05, 0.000163379561855, 0.000458300753962, -0.000237826170633, -0.00165526196361, -0.000761231465731, 0.00637009460479, -0.00105953693856, -0.00144149840344, 0.000548496027477], [-1.1316617929e-05, -0.00017949139874, -0.000460155599285, -3.08124035655e-05, 2.79422347376e-05, -0.00118847750127, 0.000353721407009, 8.565603639e-05, -8.91642266652e-05, -0.00105953693856, 0.00614750944078, -0.000206036769669, -0.00125283724628], [-7.33469350962e-05, -5.74991900066e-05, -0.000444585079094, -0.000472356477985, -0.00010689071496, 0.000144126956002, -0.00134620792232, 0.000825254013762, 0.000322532723658, -0.00144149840344, -0.000206036769669, 0.00561190024018, -0.000792408653069], [5.95000892645e-05, -7.57940360927e-05, 0.000136448768899, -0.000853773788549, 0.000327411165927, -0.000374219409423, 0.000122229132103, -0.000782797811553, 0.000206045166124, 0.000548496027477, -0.00125283724628, -0.000792408653069, 0.00441777426749]]}, "spectral_contrast_coeffs": {"dmean": [0.0437734313309, 0.0388021953404, 0.0349992625415, 0.0312594026327, 0.027735715732, 0.0225779805332], "dmean2": [0.0693476870656, 0.06368996948, 0.0552583448589, 0.049996137619, 0.0439437590539, 0.0353847816586], "dvar": [0.00157316552941, 0.00108731514774, 0.0009372846107, 0.000774359970819, 0.000733839289751, 0.000598041922785], "dvar2": [0.00350872520357, 0.00283709703945, 0.00230973563157, 0.00192159356084, 0.00170461542439, 0.0015856892569], "max": [-0.269635230303, -0.364441215992, -0.361590445042, -0.49642214179, -0.593390762806, -0.580166697502], "mean": [-0.604945123196, -0.702749669552, -0.685387790203, -0.712238609791, -0.757027983665, -0.791599392891], "median": [-0.608540296555, -0.718912959099, -0.691296815872, -0.704334616661, -0.753496110439, -0.799355864525], "min": [-0.95537430048, -0.995671570301, -0.993534386158, -0.960501670837, -0.98224824667, -0.956398665905], "var": [0.0139883654192, 0.00744072487578, 0.00619497196749, 0.00522712850943, 0.0037021660246, 0.00344342621975]}, "spectral_contrast_valleys": {"dmean": [0.494872301817, 0.315071284771, 0.321739643812, 0.340731948614, 0.457272142172, 0.624386966228], "dmean2": [0.764219284058, 0.520746707916, 0.516490995884, 0.538207054138, 0.666463553905, 0.872969865799], "dvar": [0.315101504326, 0.0881728306413, 0.107974626124, 0.138647794724, 0.31513723731, 0.560256361961], "dvar2": [0.534126222134, 0.212684214115, 0.244393229485, 0.314611881971, 0.659027218819, 1.