{"lowlevel": {"average_loudness": 0.105970151722, "barkbands_crest": {"dmean": 1.72443008423, "dmean2": 2.77069997787, "dvar": 5.55677175522, "dvar2": 13.6120071411, "max": 26.9393348694, "mean": 16.3701210022, "median": 14.6245136261, "min": 2.58276462555, "var": 64.3910980225}, "barkbands_flatness_db": {"dmean": 0.0256763584912, "dmean2": 0.0365895479918, "dvar": 0.000926856009755, "dvar2": 0.00182835850865, "max": 0.770351469517, "mean": 0.315436840057, "median": 0.294782042503, "min": 0.0223844628781, "var": 0.0252411514521}, "barkbands_kurtosis": {"dmean": 38.3340034485, "dmean2": 53.9574203491, "dvar": 16564.7246094, "dvar2": 31534.5976562, "max": 7229.70507812, "mean": 73.3908081055, "median": 6.86931800842, "min": -1.92497301102, "var": 48302.7695312}, "barkbands_skewness": {"dmean": 1.41412234306, "dmean2": 1.95917606354, "dvar": 5.0002913475, "dvar2": 9.12588310242, "max": 69.1592330933, "mean": 4.82788085938, "median": 2.49394869804, "min": -5.94897460938, "var": 37.0281791687}, "barkbands_spread": {"dmean": 2.76240110397, "dmean2": 4.3447637558, "dvar": 15.579120636, "dvar2": 36.6621055603, "max": 72.1594924927, "mean": 12.8672227859, "median": 8.68968582153, "min": 0.0137692345306, "var": 169.037094116}, "dissonance": {"dmean": 0.0207786504179, "dmean2": 0.0347883403301, "dvar": 0.000553125981241, "dvar2": 0.00152703654021, "max": 0.500000178814, "mean": 0.43806925416, "median": 0.457122147083, "min": 0.222455963492, "var": 0.00286740949377}, "dynamic_complexity": 7.2204413414, "erbbands_crest": {"dmean": 2.39701628685, "dmean2": 3.76211476326, "dvar": 6.04883766174, "dvar2": 14.3498058319, "max": 33.078125, "mean": 12.3115186691, "median": 11.1346168518, "min": 2.54290890694, "var": 37.6133728027}, "erbbands_flatness_db": {"dmean": 0.0131857236847, "dmean2": 0.0198417715728, "dvar": 0.000191128347069, "dvar2": 0.000409576925449, "max": 0.519833683968, "mean": 0.24323797226, "median": 0.250331521034, "min": 0.0642194449902, "var": 0.00417659850791}, "erbbands_kurtosis": {"dmean": 1.41078197956, "dmean2": 2.16417121887, "dvar": 8.08378505707, "dvar2": 17.515537262, "max": 85.566368103, "mean": 1.75397956371, "median": -0.256857514381, "min": -1.87683022022, "var": 33.4188957214}, "erbbands_skewness": {"dmean": 0.381572932005, "dmean2": 0.570847094059, "dvar": 0.168760433793, "dvar2": 0.338173419237, "max": 7.70529508591, "mean": 0.262335777283, "median": 0.197094738483, "min": -7.26021337509, "var": 1.71309864521}, "erbbands_spread": {"dmean": 4.76255559921, "dmean2": 7.40746593475, "dvar": 25.401971817, "dvar2": 57.8640213013, "max": 119.480651855, "mean": 31.4771308899, "median": 27.8600463867, "min": 0.969639241695, "var": 356.229431152}, "hfc": {"dmean": 1.23621225357, "dmean2": 1.93140244484, "dvar": 7.15658378601, "dvar2": 17.6224689484, "max": 109.666419983, "mean": 8.2721118927, "median": 2.64952111244, "min": 1.24850049152e-16, "var": 192.282180786}, "melbands_crest": {"dmean": 2.97329354286, "dmean2": 4.68599033356, "dvar": 11.7079572678, "dvar2": 27.3659934998, "max": 39.9592132568, "mean": 22.3410892487, "median": 20.2009849548, "min": 1.84096753597, "var": 105.959106445}, "melbands_flatness_db": {"dmean": 0.0250010918826, "dmean2": 0.0371746979654, "dvar": 0.00073986814823, "dvar2": 0.00160676869564, "max": 0.939150989056, "mean": 0.333833932877, "median": 0.328305751085, "min": 0.00442149816081, "var": 0.0213924720883}, "melbands_kurtosis": {"dmean": 15.8815727234, "dmean2": 24.1358757019, "dvar": 2573.98168945, "dvar2": 5592.97900391, "max": 2899.60400391, "mean": 31.1105995178, "median": 12.5083293915, "min": -1.94646942616, "var": 5541.43847656}, "melbands_skewness": {"dmean": 0.999429225922, "dmean2": 1.49057376385, "dvar": 1.99724173546, "dvar2": 4.21805095673, "max": 46.4795570374, "mean": 3.76845240593, "median": 3.1385641098, "min": -4.58157682419, "var": 9.69998073578}, "melbands_spread": {"dmean": 4.31306266785, "dmean2": 6.77036952972, "dvar": 43.9873008728, "dvar2": 100.789619446, "max": 158.627151489, "mean": 18.2552547455, "median": 10.4824047089, "min": 0.0544161126018, "var": 530.830200195}, "pitch_salience": {"dmean": 0.0552759356797, "dmean2": 0.086217418313, "dvar": 0.00388808152638, "dvar2": 0.00876447744668, "max": 0.870755791664, "mean": 0.386642873287, "median": 0.426096558571, "min": 0.00724233547226, "var": 0.0523709729314}, "silence_rate_20dB": {"dmean": 0.00696512404829, "dmean2": 0.0139309512451, "dvar": 0.00691451085731, "dvar2": 0.0161599349231, "max": 1, "mean": 0.993388533592, "median": 1, "min": 0, "var": 0.00656933616847}, "silence_rate_30dB": {"dmean": 0.0515822954476, "dmean2": 0.103169798851, "dvar": 0.0489396117628, "dvar2": 0.106149449944, "max": 1, "mean": 0.856616556644, "median": 1, "min": 0, "var": 0.122786596417}, "silence_rate_60dB": {"dmean": 0.0240246299654, "dmean2": 0.0480516850948, "dvar": 0.0234486535192, "dvar2": 0.0550361648202, "max": 1, "mean": 0.237256482244, "median": 0, "min": 0, "var": 0.181000828743}, "spectral_centroid": {"dmean": 155.342422485, "dmean2": 237.552612305, "dvar": 44586.515625, "dvar2": 92533.4765625, "max": 11212.7460938, "mean": 1148.38720703, "median": 926.079956055, "min": 84.4500808716, "var": 631368.9375}, "spectral_complexity": {"dmean": 1.55382823944, "dmean2": 2.58176851273, "dvar": 4.15484189987, "dvar2": 10.3724822998, "max": 58, "mean": 10.8865451813, "median": 5, "min": 0, "var": 158.494216919}, "spectral_decrease": {"dmean": 6.46291153927e-09, "dmean2": 8.83218742587e-09, "dvar": 1.5436894884e-16, "dvar2": 2.83614450479e-16, "max": 1.37648106526e-18, "mean": -1.75582481887e-08, "median": -5.66166269422e-09, "min": -3.00752532212e-07, "var": 7.7356480342e-16}, "spectral_energy": {"dmean": 0.0244679264724, "dmean2": 0.0334527827799, "dvar": 0.0022035764996, "dvar2": 0.00404993491247, "max": 1.13582062721, "mean": 0.0670191943645, "median": 0.0223523043096, "min": 1.07236251989e-20, "var": 0.0110241975635}, "spectral_energyband_high": {"dmean": 7.29353414499e-05, "dmean2": 0.0001189653849, "dvar": 4.82555755354e-08, "dvar2": 1.24744488517e-07, "max": 0.00927718356252, "mean": 0.000389212975278, "median": 4.69078349852e-06, "min": 7.93706212594e-21, "var": 9.81506900644e-07}, "spectral_energyband_low": {"dmean": 0.00791576970369, "dmean2": 0.0115504516289, "dvar": 0.000512546568643, "dvar2": 0.00101632834412, "max": 0.613026976585, "mean": 0.0178110450506, "median": 0.0057692732662, "min": 8.93327861633e-23, "var": 0.00119939201977}, "spectral_energyband_middle_high": {"dmean": 0.000339710095432, "dmean2": 0.000522989896126, "dvar": 4.40922178768e-07, "dvar2": 1.03808440599e-06, "max": 0.0237234756351, "mean": 0.0016760553699, "median": 0.000463525560917, "min": 1.45626409017e-21, "var": 7.53470430936e-06}, "spectral_energyband_middle_low": {"dmean": 0.00192456285004, "dmean2": 0.00310643063858, "dvar": 3.61676757166e-05, "dvar2": 0.000103842758108, "max": 0.224275246263, "mean": 0.0074462806806, "median": 0.00256711291149, "min": 2.89266332485e-22, "var": 0.000171569656231}, "spectral_entropy": {"dmean": 0.120912030339, "dmean2": 0.181762635708, "dvar": 0.0177880432457, "dvar2": 0.0377210825682, "max": 9.80066490173, "mean": 6.83910226822, "median": 6.95230579376, "min": 3.78367733955, "var": 0.614589631557}, "spectral_flux": {"dmean": 0.029800735414, "dmean2": 0.052013643086, "dvar": 0.00213591684587, "dvar2": 0.00640730373561, "max": 0.614580571651, "mean": 0.0597312822938, "median": 0.0439012721181, "min": 1.0355493546e-10, "var": 0.00332971964963}, "spectral_kurtosis": {"dmean": 5.73364925385, "dmean2": 9.99795150757, "dvar": 54.4558448792, "dvar2": 157.582687378, "max": 384.090454102, "mean": 11.9635238647, "median": 7.17290592194, "min": -1.26383793354, "var": 178.881408691}, "spectral_rms": {"dmean": 0.00118403381202, "dmean2": 0.00161351321731, "dvar": 2.97615883937e-06, "dvar2": 5.37417054147e-06, "max": 0.0332884006202, "mean": 0.00610457733274, "median": 0.00466981017962, "min": 3.23451291792e-12, "var": 2.81189495581e-05}, "spectral_rolloff": {"dmean": 213.327209473, "dmean2": 365.47644043, "dvar": 176029.71875, "dvar2": 426308.34375, "max": 19035.3515625, "mean": 985.997253418, "median": 387.59765625, "min": 21.533203125, "var": 2172667}, "spectral_skewness": {"dmean": 0.466732352972, "dmean2": 0.803609371185, "dvar": 0.236865818501, "dvar2": 0.675399839878, "max": 15.8304195404, "mean": 1.88770031929, "median": 1.47641634941, "min": -0.712256848812, "var": 1.67796802521}, "spectral_spread": {"dmean": 214163.1875, "dmean2": 352861.65625, "dvar": 96751534080, "dvar2": 152948899840, "max": 42779172, "mean": 2614247.25, "median": 2271425.25, "min": 323310.25, "var": 1119328403460.0}, "spectral_strongpeak": {"dmean": 0.147793680429, "dmean2": 0.254061281681, "dvar": 0.14708532393, "dvar2": 0.384372413158, "max": 9.40909290314, "mean": 0.365650415421, "median": 0.118227869272, "min": 0, "var": 0.382676810026}, "zerocrossingrate": {"dmean": 0.00442518899217, "dmean2": 0.00539187015966, "dvar": 4.03713675041e-05, "dvar2": 5.32707381353e-05, "max": 0.5263671875, "mean": 0.0361488796771, "median": 0.02587890625, "min": 0, "var": 0.00194242072757}, "barkbands": {"dmean": [0.0213588438928, 0.00165393901989, 0.00048617250286, 0.000308938411763, 0.000980780692771, 0.000894673692528, 0.000144940146129, 0.000237179905525, 0.000102277685073, 0.000103984544694, 5.04658892169e-05, 8.9206820121e-05, 5.13589147886e-05, 4.38039460278e-05, 6.97164359735e-05, 0.000109612825327, 9.43368067965e-05, 4.5930948545e-05, 6.92106987117e-05, 4.52051062894e-05, 4.91354585392e-05, 1.83693773579e-05, 7.31958380129e-06, 3.90523791793e-06, 2.33189825849e-06, 6.40904829652e-07, 1.82013366157e-07], "dmean2": [0.0285149179399, 0.00260294787586, 0.000815729435999, 0.000462109834189, 0.00163711968344, 0.00148166122381, 0.000230117249885, 0.000340948376106, 0.000165051867953, 0.00016560498625, 8.38599371491e-05, 0.000142668301123, 8.18172266008e-05, 7.16881695553e-05, 0.000113154332212, 0.000177396897925, 0.00015280910884, 7.62165436754e-05, 0.000115269627713, 7.71115082898e-05, 8.23542068247e-05, 3.08421513182e-05, 1.22184565043e-05, 6.06123239777e-06, 3.60377202924e-06, 8.22051049454e-07, 2.4105301577e-07], "dvar": [0.00189086550381, 0.000250385521213, 3.3128267205e-06, 1.14417923669e-06, 1.1683019693e-05, 1.49077204696e-05, 1.48733022343e-07, 3.20203866977e-07, 1.00263257252e-07, 1.35011973157e-07, 2.06701145089e-08, 1.04698912651e-07, 1.4948911442e-08, 1.1766108976e-08, 3.73010884402e-08, 7.20122628195e-08, 4.82915112343e-08, 1.13103917343e-08, 3.68323966882e-08, 1.63532547504e-08, 2.07589589962e-08, 4.03793976034e-09, 1.03161323928e-09, 3.23197135721e-10, 1.83726256431e-10, 1.68132573836e-11, 1.96572294033e-12], "dvar2": [0.00342636764981, 0.000510066456627, 9.77626768872e-06, 2.64228447122e-06, 3.20097969961e-05, 4.45265723101e-05, 3.56192884965e-07, 6.16912132045e-07, 2.1706408404e-07, 3.57873034318e-07, 5.58732011768e-08, 2.46853034014e-07, 3.64906078687e-08, 3.22427595734e-08, 9.14675268859e-08, 1.73189590669e-07, 1.17900974317e-07, 2.99311686547e-08, 9.9401738396e-08, 4.67823184636e-08, 5.65830156063e-08, 1.12707914113e-08, 2.79649059465e-09, 8.16806400294e-10, 3.90697474373e-10, 2.84722054961e-11, 3.15956527434e-12], "max": [1.12521076202, 0.496648132801, 0.0634595826268, 0.038916260004, 0.132951945066, 0.13100348413, 0.0153841879219, 0.0322969444096, 0.021050170064, 0.0241383500397, 0.00448448769748, 0.0163640435785, 0.00865090452135, 0.00405897712335, 0.00537733640522, 0.0156895257533, 0.00663163280115, 0.00226833415218, 0.0063055078499, 0.00298093189485, 0.00442064739764, 0.00218262313865, 0.00132600229699, 0.000813711725641, 0.000664921477437, 0.000210856815102, 6.97782743373e-05], "mean": [0.0539650693536, 0.00233031576499, 0.00132554490119, 0.0013466879027, 0.0027481012512, 0.00191574450582, 0.000320337770972, 0.000617642770521, 0.000252058613114, 0.000319509301335, 0.000105415463622, 0.000176739034941, 0.000134773814352, 9.8707532743e-05, 0.000140114381793, 0.000241647590883, 0.000240049412241, 0.000115125971206, 0.000186696270248, 0.000137800278026, 0.00017494824715, 6.53305178275e-05, 2.82350702037e-05, 1.89012444025e-05, 9.44319799601e-06, 2.94735696116e-06, 7.54146071813e-07], "median": [4.69181468361e-05, 0.000261892157141, 0.000100193108665, 6.73494650982e-05, 0.000690063578077, 0.000201792907319, 8.27898402349e-05, 0.000141912139952, 2.77646795439e-05, 3.77348042093e-05, 1.12004017865e-05, 1.11181689135e-05, 1.63814784173e-05, 2.11971710087e-05, 1.51420426846e-05, 3.35687145707e-05, 2.42383011937e-05, 9.35656316869e-06, 1.12777088361e-05, 3.82083453587e-06, 1.88612432339e-06, 3.00248160556e-07, 1.02588785467e-07, 2.52903227249e-08, 8.67653326964e-09, 2.23930340937e-09, 4.98466934395e-10], "min": [2.33199558259e-23, 5.67043694746e-23, 6.5983205455e-24, 1.66783780927e-23, 3.02002334027e-23, 5.40921417839e-23, 3.36229714973e-23, 5.70785546009e-23, 7.21503038641e-23, 8.92624576359e-23, 4.75977875837e-23, 5.49213860566e-23, 1.25842650941e-22, 2.14378441466e-22, 1.82348946909e-22, 6.37396582193e-23, 1.90183395927e-22, 2.33270461077e-22, 1.29538382241e-22, 2.61808469889e-22, 3.45906116339e-22, 4.06186045198e-22, 5.25313558705e-22, 8.62933252903e-22, 1.13028394397e-21, 1.83834933662e-21, 2.86225858083e-21], "var": [0.0108898608014, 0.000348649919033, 9.77210584097e-06, 1.62417072715e-05, 3.22671148751e-05, 3.35900695063e-05, 5.84472445553e-07, 1.91649405679e-06, 4.98151734973e-07, 1.93114601643e-06, 6.82122376361e-08, 3.4522867054e-07, 1.27476909029e-07, 4.31674038737e-08, 9.57883088404e-08, 3.28044961861e-07, 2.58995839886e-07, 4.70958241294e-08, 1.68356777408e-07, 9.7920391795e-08, 1.69955484353e-07, 3.76286344306e-08, 1.01526413943e-08, 5.52710544e-09, 1.96627714111e-09, 2.86288603935e-10, 2.25979842478e-11]}, "erbbands": {"dmean": [0.142192721367, 0.199193373322, 0.466357767582, 0.821862637997, 2.00779390335, 2.7676384449, 10.3251543045, 4.33408641815, 2.28773760796, 4.2539358139, 3.72242856026, 2.136480093, 4.32816362381, 1.29588961601, 2.46226286888, 4.10755777359, 2.40002441406, 2.27311968803, 1.92821276188, 4.67780828476, 6.37541866302, 4.48088598251, 2.73502087593, 3.80023264885, 2.67588567734, 1.95604050159, 2.35037827492, 1.82860839367, 0.797664761543, 0.315504103899, 0.206747978926, 0.0929392054677, 0.0624869763851, 0.0254010073841, 0.0212643463165, 0.004013676662, 0.00116029009223, 0.000307260983391, 4.47483507742e-05, 2.65090002358e-05], "dmean2": [0.211830854416, 0.330537289381, 0.794787704945, 1.29805147648, 3.36664056778, 4.6025147438, 16.779882431, 7.25435161591, 3.62599754333, 6.36601734161, 5.39313554764, 3.53182816505, 6.77160549164, 2.12140631676, 4.15890169144, 6.45628929138, 3.77702832222, 3.69387483597, 3.07685995102, 7.49148893356, 10.3029031754, 7.24790763855, 4.48643922806, 6.29506063461, 4.48141527176, 3.33982038498, 3.96696805954, 3.0697183609, 1.34873986244, 0.538160979748, 0.349007934332, 0.149364545941, 0.0949330031872, 0.0383973605931, 0.0348006188869, 0.00573510397226, 0.00141898251604, 0.000397506228182, 6.02590334893e-05, 3.62189421139e-05], "dvar": [0.942774236202, 2.96463108063, 3.28460764885, 7.68409729004, 99.976234436, 72.2664260864, 1661.74841309, 298.461700439, 36.9384536743, 85.797088623, 140.406356812, 33.0427360535, 237.998718262, 11.3677921295, 51.5328674316, 240.655776978, 34.6271057129, 29.4799098969, 24.882352829, 168.749481201, 235.960281372, 113.702201843, 36.7959060669, 101.886917114, 51.0528411865, 37.6225357056, 52.2150115967, 29.3968830109, 6.8548078537, 1.82414722443, 0.87775182724, 0.148921042681, 0.09985435009, 0.0174438208342, 0.0206001270562, 0.000643367471639, 5.75038720854e-05, 5.20082403455e-06, 6.78308325064e-08, 2.48698084349e-09], "dvar2": [1.88620042801, 6.73470067978, 9.96781349182, 19.8959064484, 257.288665771, 199.860092163, 4761.11279297, 905.946472168, 86.6399307251, 187.095275879, 283.017578125, 88.1740264893, 592.552062988, 31.1375217438, 151.69190979, 539.130615234, 83.1711807251, 81.4664001465, 60.481552124, 388.822998047, 580.96661377, 275.92288208, 93.8346633911, 269.316711426, 143.306137085, 107.743728638, 140.766693115, 82.0441665649, 19.3990955353, 5.20703029633, 2.48152685165, 0.375851094723, 0.233553931117, 0.0391852073371, 0.0464577674866, 0.00141730892938, 9.74811773631e-05, 8.34861839394e-06, 1.15608017381e-07, 4.53715287563e-09], "max": [29.9481105804, 53.6820106506, 71.1349105835, 120.593070984, 459.134155273, 342.871246338, 1109.29101562, 843.926940918, 384.066223145, 234.663803101, 664.748779297, 236.792144775, 956.08215332, 105.408966064, 185.26008606, 843.902038574, 428.13104248, 218.225448608, 144.561767578, 411.491424561, 912.066467285, 279.803466797, 155.447906494, 415.66494751, 236.791137695, 156.359359741, 204.384109497, 142.951446533, 84.0947723389, 55.205696106, 39.4072914124, 17.6168384552, 13.9529371262, 7.06028842926, 6.36999034882, 1.16013073921, 0.393706411123, 0.12741753459, 0.0122880181298, 0.00121786911041], "mean": [0.224129393697, 0.350064814091, 1.3744109869, 3.85852527618, 6.03835535049, 7.08518743515, 22.4915504456, 9.26235389709, 5.0640835762, 10.7380495071, 9.38842964172, 5.90894079208, 13.4841165543, 3.47754359245, 5.6395907402, 8.30606365204, 6.70848274231, 5.61951780319, 4.31796550751, 10.2401790619, 15.0754032135, 12.2533273697, 7.82138490677, 9.57140445709, 7.73694181442, 6.11250734329, 7.62137937546, 6.06369161606, 2.86311841011, 1.27076470852, 0.75206464529, 0.452719420195, 0.280469536781, 0.116847790778, 0.0617532618344, 0.0158731937408, 0.00517295533791, 0.00121156848036, 0.000169461636688, 7.77325913077e-05], "median": [0.0214489251375, 0.0275878738612, 0.0811747759581, 0.27120038867, 0.295158416033, 2.20881986618, 3.82742118835, 1.33115506172, 1.38247227669, 2.45029163361, 2.24437141418, 0.969989895821, 1.57560646534, 0.668498873711, 0.633453369141, 0.692431271076, 0.870732784271, 1.35064864159, 0.898266434669, 1.28576254845, 2.15274810791, 1.38531112671, 0.765398919582, 0.611557722092, 0.411915898323, 0.18409216404, 0.117083325982, 0.0407642871141, 0.0144871296361, 0.00373828085139, 0.00288784457371, 0.00117751583457, 0.000228682241868, 0.00017697000294, 0.000101547127997, 4.58190042991e-05, 2.21923473873e-05, 2.45865771831e-06, 1.2089505617e-05, 2.5768935302e-05], "min": [2.54977252519e-21, 9.03359504105e-21, 1.16687105527e-20, 3.28840321083e-20, 5.63623033312e-20, 8.10754744292e-20, 4.20700699123e-19, 4.03241268687e-19, 3.4321763132e-19, 1.05542559295e-18, 1.08175775038e-18, 1.77612076371e-18, 2.38078027891e-18, 2.62979307615e-18, 2.19805401364e-18, 2.0104841923e-18, 5.34848490709e-18, 8.91353284475e-18, 1.2501073064e-17, 4.95964301756e-18, 4.72630322497e-18, 1.2127415729e-17, 1.40112401648e-17, 6.28811989674e-18, 8.95263698103e-18, 1.20481925058e-17, 9.67273492738e-18, 1.89621543589e-17, 1.59764260856e-17, 1.05118889793e-17, 1.43663190232e-17, 1.85545693839e-17, 1.36280793517e-17, 1.46873560908e-17, 7.91246397819e-18, 5.60940869156e-18, 3.94912857558e-18, 1.48171994587e-18, 3.93848839627e-19, 4.32497780998e-20], "var": [1.36263728142, 3.63721704483, 10.5003852844, 124.56312561, 266.390106201, 172.530609131, 3991.84619141, 868.492797852, 165.401504517, 455.001068115, 651.750305176, 199.509017944, 3158.64599609, 60.0088882446, 184.146835327, 757.969665527, 317.186920166, 116.178924561, 75.4323348999, 487.433288574, 1189.82116699, 575.838562012, 215.561676025, 411.617858887, 282.3644104, 211.910186768, 321.211883545, 216.360900879, 60.9780578613, 19.3932685852, 7.38988447189, 2.75594878197, 1.47397303581, 0.284569591284, 0.0972221344709, 0.00761287193745, 0.000911192619242, 5.44412832824e-05, 7.88972272403e-07, 1.37672238054e-08]}, "gfcc": {"mean": [-164.077972412, 144.238006592, -136.193359375, 30.2780380249, -41.8596572876, -23.6595211029, -26.4999656677, -11.0680389404, -10.1245822906, -8.27781581879, -4.29327249527, -7.29588842392, 4.45934152603], "cov": [[20896.7558594, 207.891342163, -548.261352539, 1603.7611084, -409.769073486, 1157.25683594, 120.512039185, 456.898498535, -317.321990967, 176.181854248, -505.107666016, -120.189445496, -170.706787109], [207.891342163, 2158.56225586, 477.100646973, -977.075134277, 648.315795898, -261.265167236, 365.643096924, -193.651489258, 358.213226318, -77.4502792358, 217.34954834, -198.169876099, 70.604385376], [-548.261352539, 477.100646973, 1828.50244141, -275.186309814, 497.181915283, 479.449401855, 434.82989502, 79.4083557129, 199.379318237, 168.117431641, 219.83770752, -34.5882835388, -28.7228107452], [1603.7611084, -977.075134277, -275.186309814, 1175.54943848, -430.872924805, 228.075836182, -274.615905762, 38.0816116333, -308.45324707, -79.037147522, -256.522583008, -5.18862915039, -63.0860099792], [-409.769073486, 648.315795898, 497.181915283, -430.872924805, 704.599182129, 42.6221618652, 347.214050293, 54.7415771484, 268.290588379, 126.372192383, 203.488311768, -9.51274776459, 30.3329315186], [1157.25683594, -261.265167236, 479.449401855, 228.075836182, 42.6221618652, 496.918029785, 156.99395752, 114.648414612, -56.8434867859, 89.1405105591, 21.6706809998, 20.9884929657, -63.5352096558], [120.512039185, 365.643096924, 434.82989502, -274.615905762, 347.214050293, 156.99395752, 429.332000732, 134.137832642, 185.592666626, 136.623916626, 153.758605957, 9.05617523193, 20.5059719086], [456.898498535, -193.651489258, 79.4083557129, 38.0816116333, 54.7415771484, 114.648414612, 134.137832642, 235.881942749, 111.905349731, 102.430534363, 16.2002906799, 23.8872566223, -12.9581155777], [-317.321990967, 358.213226318, 199.379318237, -308.45324707, 268.290588379, -56.8434867859, 185.592666626, 111.905349731, 339.110687256, 163.95930481, 127.205863953, -38.4544219971, 23.2289562225], [176.181854248, -77.4502792358, 168.117431641, -79.037147522, 126.372192383, 89.1405105591, 136.623916626, 102.430534363, 163.95930481, 243.494491577, 132.468170166, 15.2702283859, -33.4056777954], [-505.107666016, 217.34954834, 219.83770752, -256.522583008, 203.488311768, 21.6706809998, 153.758605957, 16.2002906799, 127.205863953, 132.468170166, 222.014205933, 45.9025001526, -5.68215703964], [-120.189445496, -198.169876099, -34.5882835388, -5.18862915039, -9.51274776459, 20.9884929657, 9.05617523193, 23.8872566223, -38.4544219971, 15.2702283859, 45.9025001526, 148.909881592, 60.0452842712], [-170.706787109, 70.604385376, -28.7228107452, -63.0860099792, 30.3329315186, -63.5352096558, 20.5059719086, -12.9581155777, 23.2289562225, -33.4056777954, -5.68215703964, 60.0452842712, 145.437805176]], "icov": [[0.000113804453576, -0.000375167233869, 0.000120789525681, -0.000166178229847, 4.87692414026e-05, -0.000331618066411, 0.000151244865265, -0.000355439493433, 0.000312259886414, -0.000631952891126, 0.000482118513901, -0.000292224343866, 3.90152808905e-06], [-0.000375167233869, 0.00305614038371, -0.000365320418496, 0.00111991504673, -0.000576501421165, 0.00110570830293, -0.00164739275351, 0.00284853600897, -0.00247138109989, 0.00434102071449, -0.00265409634449, 0.00306432531215, -0.000398026255425], [0.000120789525681, -0.000365320418496, 0.00120973808225, -5.61070155527e-05, -0.000223404247663, -0.00160336575937, -9.45065112319e-05, 0.000149752740981, -0.000213119725231, -0.000274457008345, 4.43477729277e-05, 0.000110293309262, -0.000166279729456], [-0.000166178229847, 0.00111991504673, -5.61070155527e-05, 0.00221956777386, -0.000112425863335, -0.00035779402242, 0.000278315070318, 0.000307978742057, 0.000299474108033, 0.000697358336765, 0.000151406507939, 0.00153733848128, -0.000448133185273], [4.87692414026e-05, -0.000576501421165, -0.000223404247663, -0.000112425863335, 0.00333263399079, -0.00013640911493, -0.00142260442954, 0.000339333171723, -0.00129496993031, 7.41543553886e-05, -0.000436345668277, -0.000836933380924, 0.000272732577287], [-0.000331618066411, 0.00110570830293, -0.00160336575937, -0.00035779402242, -0.00013640911493, 0.00618502451107, -0.00200992659666, -0.000506235810462, 0.00178470846731, 0.000126369457575, -0.000866387155838, 0.000408347987104, 0.0011123662116], [0.000151244865265, -0.00164739275351, -9.45065112319e-05, 0.000278315070318, -0.00142260442954, -0.00200992659666, 0.00759963272139, -0.00461401278153, 0.00205267034471, -0.00256769778207, -0.000802240159828, 0.000249805947533, -0.00203672167845], [-0.000355439493433, 0.00284853600897, 0.000149752740981, 0.000307978742057, 0.000339333171723, -0.000506235810462, -0.00461401278153, 0.0123412385583, -0.00763844838366, 0.00340640451759, 0.00144852942321, -0.0018993972335, 0.00266450457275], [0.000312259886414, -0.00247138109989, -0.000213119725231, 0.000299474108033, -0.00129496993031, 0.00178470846731, 0.00205267034471, -0.00763844838366, 0.0139116756618, -0.00906787347049, 0.000395880837459, 0.00374443666078, -0.00410135369748], [-0.000631952891126, 0.00434102071449, -0.000274457008345, 0.000697358336765, 7.41543553886e-05, 0.000126369457575, -0.00256769778207, 0.00340640451759, -0.00906787347049, 0.0172814279795, -0.008748925291, 0.0025492629502, 0.00212778896093], [0.000482118513901, -0.00265409634449, 4.43477729277e-05, 0.000151406507939, -0.000436345668277, -0.000866387155838, -0.000802240159828, 0.00144852942321, 0.000395880837459, -0.008748925291, 0.016195975244, -0.00886436458677, 0.0041031925939], [-0.000292224343866, 0.00306432531215, 0.000110293309262, 0.00153733848128, -0.000836933380924, 0.000408347987104, 0.000249805947533, -0.0018993972335, 0.00374443666078, 0.0025492629502, -0.00886436458677, 0.0177543405443, -0.00868236180395], [3.90152808905e-06, -0.000398026255425, -0.000166279729456, -0.000448133185273, 0.000272732577287, 0.0011123662116, -0.00203672167845, 0.00266450457275, -0.00410135369748, 0.00212778896093, 0.0041031925939, -0.00868236180395, 0.0126886907965]]}, "melbands": {"dmean": [0.00165931670927, 0.000220530608203, 0.000154581546667, 0.000172648753505, 0.000302014988847, 0.000111954257591, 3.28199384967e-05, 4.92002436658e-05, 2.72923953162e-05, 1.40598040161e-05, 2.15904001379e-05, 5.38026779395e-06, 7.5049320003e-06, 1.03643014882e-05, 7.34036348149e-06, 4.7368862397e-06, 4.57175474367e-06, 2.96924918075e-06, 5.52332630832e-06, 6.10755478192e-06, 8.87436181074e-06, 5.0540788834e-06, 4.63328615297e-06, 2.0313962068e-06, 3.58139413947e-06, 2.32219213103e-06, 1.80373785952e-06, 1.65394692431e-06, 1.70257874288e-06, 1.24754831177e-06, 1.13577664251e-06, 5.42863517694e-07, 2.80280687548e-07, 1.76486679493e-07, 1.57529555622e-07, 7.76033814986e-08, 6.95630291148e-08, 5.82328141263e-08, 4.0996123829e-08, 2.25204050963e-08], "dmean2": [0.00243139336817, 0.000374817318516, 0.000240936264163, 0.000296159210848, 0.000489055353682, 0.000187445461052, 5.20978828717e-05, 7.28030572645e-05, 4.00768876716e-05, 2.30297227972e-05, 3.38057761837e-05, 8.90477349458e-06, 1.25850519908e-05, 1.67999405676e-05, 1.15477887448e-05, 7.5737084444e-06, 7.45946181269e-06, 4.82635005028e-06, 8.97818244994e-06, 9.80678487394e-06, 1.4487696717e-05, 8.23371010483e-06, 7.6476844697e-06, 3.36353400598e-06, 5.9510821302e-06, 3.87120508094e-06, 3.05847083837e-06, 2.82909991256e-06, 2.87137686428e-06, 2.10235521081e-06, 1.90585660675e-06, 9.25863616885e-07, 4.71568824878e-07, 2.97770526458e-07, 2.68582482477e-07, 1.2937499605e-07, 1.15498949071e-07, 8.8808548071e-08, 6.708910405e-08, 3.69135939593e-08], "dvar": [4.21711774834e-05, 1.11103020117e-06, 3.09741807314e-07, 5.81298991165e-07, 1.27758050894e-06, 2.15326849684e-07, 7.5069293004e-09, 1.11051656759e-08, 7.80386510968e-09, 1.59969726354e-09, 5.90435034198e-09, 2.08123379641e-10, 4.8636128458e-10, 1.30047683733e-09, 4.48477005532e-10, 1.29799518356e-10, 1.28414695544e-10, 6.37293273709e-11, 2.65311578262e-10, 2.5852128771e-10, 5.05011199525e-10, 1.65300717558e-10, 1.24573171223e-10, 2.10902614817e-11, 9.35177005279e-11, 4.97547315848e-11, 2.19347560948e-11, 2.64963381097e-11, 2.70100712629e-11, 1.29867115325e-11, 1.2125980775e-11, 3.39216784002e-12, 1.25752359914e-12, 5.57164123866e-13, 4.82315522157e-13, 1.22627168836e-13, 9.49596439892e-14, 8.82144360272e-14, 5.0299310073e-14, 1.65181114772e-14], "dvar2": [8.43274392537e-05, 2.78923039332e-06, 7.81777771408e-07, 1.52507368512e-06, 3.68223049918e-06, 6.56467989302e-07, 1.78918231342e-08, 2.28245298217e-08, 1.60928710358e-08, 3.85541421011e-09, 1.47155825303e-08, 5.86311110773e-10, 1.3504805052e-09, 3.22388959972e-09, 1.0070682066e-09, 3.26660282157e-10, 3.48710532672e-10, 1.61177057811e-10, 6.34163610513e-10, 5.91415638684e-10, 1.25237320514e-09, 3.97324506629e-10, 3.20422244293e-10, 5.67354010994e-11, 2.48614517862e-10, 1.3638051799e-10, 6.18491022286e-11, 7.69007982293e-11, 7.37278293972e-11, 3.69135798317e-11, 3.33710906131e-11, 9.77706370725e-12, 3.45191063233e-12, 1.54588039418e-12, 1.41152963883e-12, 3.2962949861e-13, 2.73259388207e-13, 2.10231612392e-13, 1.3904575733e-13, 4.38528506314e-14], "max": [0.19330406189, 0.0341703109443, 0.0209901016206, 0.0337679237127, 0.0292832367122, 0.0188880749047, 0.00504134176299, 0.00395747786388, 0.00434158649296, 0.00224770605564, 0.00471894303337, 0.000500573543832, 0.000675716029946, 0.00173281109892, 0.00101854978129, 0.000558588246349, 0.000489689758979, 0.000301270076307, 0.000501793168951, 0.000539130880497, 0.00147402926814, 0.000383618462365, 0.000446105143055, 0.000104862840089, 0.000417495146394, 0.000313516502501, 0.000102524158137, 0.000123514953884, 0.000137070208439, 9.462734306e-05, 0.000107432097138, 5.8988967794e-05, 4.18204144808e-05, 2.79487103398e-05, 2.57356296061e-05, 1.24473217511e-05, 1.12467796498e-05, 1.18038060464e-05, 8.09480661701e-06, 5.50850836589e-06], "mean": [0.00318440306, 0.000621325627435, 0.000692717381753, 0.000436418777099, 0.000684476341121, 0.000240315363044, 7.23382618162e-05, 0.000127404593513, 6.81358214933e-05, 3.72635622625e-05, 6.63491227897e-05, 1.23135032482e-05, 1.61845600815e-05, 2.13776384044e-05, 1.74215365405e-05, 1.23121853903e-05, 1.0397969163e-05, 6.0428078541e-06, 1.09710454126e-05, 1.32290060719e-05, 1.95753764274e-05, 1.22483761515e-05, 1.12984453153e-05, 5.03602404933e-06, 8.21984031063e-06, 6.07653373663e-06, 4.49387607659e-06, 4.17988758272e-06, 4.93561765325e-06, 3.98706742999e-06, 3.31690557687e-06, 1.70385953879e-06, 9.41154894463e-07, 6.10957727076e-07, 4.7481549359e-07, 2.93769090831e-07, 2.79848336504e-07, 2.20096524117e-07, 1.3464973847e-07, 8.1757498549e-08], "median": [0.000440939271357, 3.2753963751e-05, 5.76847814955e-05, 7.89840414654e-05, 0.000148476683535, 3.15685938403e-05, 1.78477312147e-05, 2.87251496047e-05, 1.47131304402e-05, 5.00221540278e-06, 7.66245830164e-06, 2.09811969398e-06, 1.60319268616e-06, 1.6242665879e-06, 1.68322048921e-06, 1.65196979651e-06, 2.10583561966e-06, 1.15117757105e-06, 1.25560291053e-06, 1.71262217918e-06, 2.35627976508e-06, 1.28788838083e-06, 1.05416665974e-06, 4.24883637606e-07, 4.7979960982e-07, 3.60993993809e-07, 1.5468340564e-07, 1.03202843604e-07, 7.70807417894e-08, 4.00353812324e-08, 1.48780676668e-08, 8.34295121876e-09, 3.13869663593e-09, 1.58996438238e-09, 1.74557834853e-09, 1.15181353344e-09, 4.82749284991e-10, 1.10902786954e-10, 1.25896570946e-10, 9.76748820714e-11], "min": [2.01293510968e-23, 8.04937259381e-24, 6.28120161704e-24, 4.45145925777e-24, 1.24582325738e-23, 9.29603551474e-24, 5.52281756404e-24, 1.28631319995e-23, 9.15134028092e-24, 1.06602686873e-23, 1.20823214198e-23, 1.11698751986e-23, 7.19934104741e-24, 6.37921955667e-24, 8.84984316497e-24, 1.40868658894e-23, 1.65000623959e-23, 2.14547241922e-23, 1.13796230581e-23, 4.57423520247e-24, 5.41495621803e-24, 1.3128862162e-23, 1.39913190565e-23, 8.40892829466e-24, 4.56450618093e-24, 5.83380980427e-24, 8.54171488425e-24, 7.79261020207e-24, 5.12248327641e-24, 8.02730815429e-24, 1.16036792767e-23, 1.02249231749e-23, 5.76295392333e-24, 6.18810538061e-24, 7.72061875586e-24, 1.12181353422e-23, 1.14613103937e-23, 9.66781934848e-24, 9.47663417494e-24, 1.33176144885e-23], "var": [7.5444833783e-05, 2.77968933915e-06, 3.1229792512e-06, 1.11591293717e-06, 3.15029797093e-06, 5.55467238428e-07, 3.27197682282e-08, 6.87194159354e-08, 3.44047599299e-08, 9.03420005471e-09, 7.72763186774e-08, 7.75443709244e-10, 1.62415669802e-09, 4.21238599557e-09, 2.23521823273e-09, 8.59669779807e-10, 4.58119181479e-10, 1.82472870147e-10, 6.00421545816e-10, 6.94933555145e-10, 2.59797983126e-09, 5.92045579229e-10, 7.62245266905e-10, 9.02482394372e-11, 3.23395560331e-10, 2.1131650596e-10, 9.86158238403e-11, 1.06446108872e-10, 1.34038363742e-10, 9.0425750221e-11, 6.95478466484e-11, 2.17281817538e-11, 1.03333192697e-11, 4.46039255877e-12, 2.88470549531e-12, 1.2489177444e-12, 1.09205949405e-12, 9.14692583828e-13, 3.88599607137e-13, 1.46621972376e-13]}, "mfcc": {"mean": [-790.592529297, 158.339096069, -16.4013328552, 39.1939506531, 5.90880823135, -4.56895923615, -4.30452728271, -6.33624315262, -0.246704801917, -2.62040185928, -3.33744525909, 1.66590642929, -2.03616118431], "cov": [[17225.8632812, -533.451660156, -1091.39770508, 1381.34204102, -677.600280762, 712.810058594, -112.352416992, 385.740783691, 280.383178711, -265.592071533, -255.568161011, 214.731231689, -99.8124694824], [-533.451660156, 3035.87719727, 215.940109253, -433.374237061, 437.151672363, 27.0354309082, 221.255462646, 38.2711372375, 170.027862549, 316.485931396, 338.242675781, 197.238876343, 130.45211792], [-1091.39770508, 215.940109253, 1245.90942383, -158.55897522, 202.549591064, 329.384429932, 285.012390137, 143.849304199, -0.500732004642, 203.323760986, 82.7066345215, 44.1137542725, 55.4534759521], [1381.34204102, -433.374237061, -158.55897522, 548.620239258, -48.6899681091, 70.3805389404, -48.935836792, 24.2214050293, 60.7145042419, -67.5993728638, -86.9776077271, -41.5758323669, -24.8533096313], [-677.600280762, 437.151672363, 202.549591064, -48.6899681091, 290.801269531, 94.8433914185, 89.6529769897, 35.5530128479, 26.4878463745, 107.995063782, 77.2630157471, 46.2375221252, 55.5037612915], [712.810058594, 27.0354309082, 329.384429932, 70.3805389404, 94.8433914185, 364.798858643, 224.794586182, 124.894058228, 47.8561515808, 75.7928161621, 78.3139266968, 80.9914550781, 42.2176094055], [-112.352416992, 221.255462646, 285.012390137, -48.935836792, 89.6529769897, 224.794586182, 298.001434326, 151.503952026, 33.3704376221, 84.198097229, 116.499885559, 99.9895401001, 39.5895118713], [385.740783691, 38.2711372375, 143.849304199, 24.2214050293, 35.5530128479, 124.894058228, 151.503952026, 210.740203857, 103.116401672, 49.8488235474, 55.9560470581, 81.2207107544, 36.3553771973], [280.383178711, 170.027862549, -0.500732004642, 60.7145042419, 26.4878463745, 47.8561515808, 33.3704376221, 103.116401672, 191.328582764, 124.252929688, 57.249168396, 45.4856262207, 55.9798240662], [-265.592071533, 316.485931396, 203.323760986, -67.5993728638, 107.995063782, 75.7928161621, 84.198097229, 49.8488235474, 124.252929688, 271.457763672, 183.660522461, 80.5261535645, 84.2475585938], [-255.568161011, 338.242675781, 82.7066345215, -86.9776077271, 77.2630157471, 78.3139266968, 116.499885559, 55.9560470581, 57.249168396, 183.660522461, 296.146240234, 190.045135498, 77.9489898682], [214.731231689, 197.238876343, 44.1137542725, -41.5758323669, 46.2375221252, 80.9914550781, 99.9895401001, 81.2207107544, 45.4856262207, 80.5261535645, 190.045135498, 228.010101318, 89.2466659546], [-99.8124694824, 130.45211792, 55.4534759521, -24.8533096313, 55.5037612915, 42.2176094055, 39.5895118713, 36.3553771973, 55.9798240662, 84.2475585938, 77.9489898682, 89.2466659546, 131.82749939]], "icov": [[0.000177438749233, -0.000188067948329, 0.000273461453617, -0.000336313940352, 0.000660533783957, -0.00088955485262, 0.000764598080423, -0.000781536800787, 0.000772807863541, -0.000762510520872, 0.000741511699744, -0.000598403683398, 0.000260497792624], [-0.000188067948329, 0.000795815547463, -0.000313600379741, 0.000728943850845, -0.00152118096594, 0.0013267082395, -0.00146740861237, 0.00164766190574, -0.00199427478947, 0.00128224852961, -0.00120124791283, 0.000562025408726, -0.000101473597169], [0.000273461453617, -0.000313600379741, 0.00200260221027, -0.000198370049475, 0.000815709354356, -0.00242001377046, 0.00106501928531, -0.00229373853654, 0.00304390094243, -0.00336411502212, 0.00243056402542, -0.000997477676719, 0.000477325782413], [-0.000336313940352, 0.000728943850845, -0.000198370049475, 0.00336770503782, -0.00168978085276, 0.000435766967712, -0.000865581387188, 0.00186511373613, -0.00339720700867, 0.00245041283779, -0.00142147846054, 0.00127162097488, -8.38964406285e-05], [0.000660533783957, -0.00152118096594, 0.000815709354356, -0.00168978085276, 0.00810980424285, -0.00429127085954, 0.00330310151912, -0.00396073423326, 0.00520140631124, -0.00500577734783, 0.00352738285437, -0.0020104337018, -0.000330523500452], [-0.00088955485262, 0.0013267082395, -0.00242001377046, 0.000435766967712, -0.00429127085954, 0.0113954087719, -0.00863819941878, 0.00520642008632, -0.00557528575882, 0.00467158993706, -0.00380580080673, 0.00218222779222, -0.00141549669206], [0.000764598080423, -0.00146740861237, 0.00106501928531, -0.000865581387188, 0.00330310151912, -0.00863819941878, 0.014593090862, -0.0103009650484, 0.00774846458808, -0.00457940762863, 0.00169354863465, -0.00196268502623, 0.00121736351866], [-0.000781536800787, 0.00164766190574, -0.00229373853654, 0.00186511373613, -0.00396073423326, 0.00520642008632, -0.0103009650484, 0.0180166475475, -0.0138201406226, 0.00812131818384, -0.00328202685341, -0.00022395576525, -9.79371088761e-06], [0.000772807863541, -0.00199427478947, 0.00304390094243, -0.00339720700867, 0.00520140631124, -0.00557528575882, 0.00774846458808, -0.0138201406226, 0.0217752475291, -0.0145038096234, 0.00781374052167, -0.00322078843601, -0.000699929252733], [-0.000762510520872, 0.00128224852961, -0.00336411502212, 0.00245041283779, -0.00500577734783, 0.00467158993706, -0.00457940762863, 0.00812131818384, -0.0145038096234, 0.0202234070748, -0.01409846358, 0.00836936198175, -0.00431698188186], [0.000741511699744, -0.00120124791283, 0.00243056402542, -0.00142147846054, 0.00352738285437, -0.00380580080673, 0.00169354863465, -0.00328202685341, 0.00781374052167, -0.01409846358, 0.0191102195531, -0.0134275369346, 0.00407242123038], [-0.000598403683398, 0.000562025408726, -0.000997477676719, 0.00127162097488, -0.0020104337018, 0.00218222779222, -0.00196268502623, -0.00022395576525, -0.00322078843601, 0.00836936198175, -0.0134275369346, 0.0171620268375, -0.00721105933189], [0.000260497792624, -0.000101473597169, 0.000477325782413, -8.38964406285e-05, -0.000330523500452, -0.00141549669206, 0.00121736351866, -9.79371088761e-06, -0.000699929252733, -0.00431698188186, 0.00407242123038, -0.00721105933189, 0.0134262451902]]}, "spectral_contrast_coeffs": {"dmean": [0.039902638644, 0.038759060204, 0.0307153780013, 0.0261635500938, 0.0182063803077, 0.0143217239529], "dmean2": [0.0664282217622, 0.0638964548707, 0.0509012676775, 0.0425346083939, 0.0298460833728, 0.0234808325768], "dvar": [0.00105643621646, 0.00102595193312, 0.000601587002166, 0.000513181556016, 0.000249857694143, 0.000222773582209], "dvar2": [0.00291653489694, 0.0027295332402, 0.00163922284264, 0.00123458611779, 0.000613556068856, 0.00048927788157], "max": [-0.245964646339, -0.360406398773, -0.455778002739, -0.532199680805, -0.513938844204, -0.450369656086], "mean": [-0.583553314209, -0.700571537018, -0.778718173504, -0.783045232296, -0.797285020351, -0.721859693527], "median": [-0.585571348667, -0.706146836281, -0.790736675262, -0.790404677391, -0.804132580757, -0.719520509243], "min": [-0.966807901859, -0.976690948009, -0.964432179928, -0.971068680286, -0.965141236782, -0.958945035934], "var": [0.00962175801396, 0.00806321576238, 0.00536791980267, 0.0033969450742, 0.0027889565099, 0.00341236940585]}, "spectral_contrast_valleys": {"dmean": [0.379094719887, 0.310771226883, 0.267058551311, 0.22179287672, 0.173237428069, 0.142100781202], "dmean2": [0.649145066738, 0.520099341869, 0.443591445684, 0.361923873425, 0.274772197008, 0.229641199112], "dvar": [0.105566084385, 0.0729333981872, 0.057172127068, 0.0491854585707, 0.0495126917958, 0.0336053185165], "d