{"lowlevel": {"average_loudness": 0.910869956017, "barkbands_crest": {"dmean": 3.09085845947, "dmean2": 4.76435756683, "dvar": 8.38128471375, "dvar2": 17.7593212128, "max": 26.6121864319, "mean": 12.8304719925, "median": 11.4934902191, "min": 2.23863148689, "var": 36.55859375}, "barkbands_flatness_db": {"dmean": 0.0304829534143, "dmean2": 0.0426939539611, "dvar": 0.00115926831495, "dvar2": 0.00195624260232, "max": 0.692350685596, "mean": 0.167541950941, "median": 0.153026610613, "min": 0.0190560799092, "var": 0.00616495776922}, "barkbands_kurtosis": {"dmean": 11.9234485626, "dmean2": 18.5967330933, "dvar": 14085.7138672, "dvar2": 37111.9765625, "max": 4916.2421875, "mean": 13.7475748062, "median": 1.93308210373, "min": -1.93209600449, "var": 12879.9208984}, "barkbands_skewness": {"dmean": 0.866925537586, "dmean2": 1.23016178608, "dvar": 2.05177140236, "dvar2": 3.87113189697, "max": 51.1683425903, "mean": 1.89701282978, "median": 1.35249340534, "min": -3.30401158333, "var": 6.36604785919}, "barkbands_spread": {"dmean": 6.89726305008, "dmean2": 10.6577835083, "dvar": 92.6785507202, "dvar2": 198.401535034, "max": 117.833969116, "mean": 20.2323608398, "median": 16.6522598267, "min": 0.0392702668905, "var": 269.786499023}, "dissonance": {"dmean": 0.0214730445296, "dmean2": 0.0361043922603, "dvar": 0.00052951782709, "dvar2": 0.00139816349838, "max": 0.500000178814, "mean": 0.459364950657, "median": 0.467025637627, "min": 0.178612977266, "var": 0.00104223447852}, "dynamic_complexity": 4.94103622437, "erbbands_crest": {"dmean": 3.01648044586, "dmean2": 4.86656665802, "dvar": 7.85408782959, "dvar2": 19.5874633789, "max": 30.1521854401, "mean": 10.0868320465, "median": 9.12551403046, "min": 2.03769731522, "var": 21.2835025787}, "erbbands_flatness_db": {"dmean": 0.0249587539583, "dmean2": 0.0360180139542, "dvar": 0.000593800912611, "dvar2": 0.00121095823124, "max": 0.496364712715, "mean": 0.175920322537, "median": 0.171444445848, "min": 0.0382525362074, "var": 0.00340435188264}, "erbbands_kurtosis": {"dmean": 1.49943888187, "dmean2": 2.39115405083, "dvar": 10.1156272888, "dvar2": 24.5502529144, "max": 140.253417969, "mean": 1.38420200348, "median": 0.330413341522, "min": -1.78803324699, "var": 19.5410652161}, "erbbands_skewness": {"dmean": 0.479373663664, "dmean2": 0.727634549141, "dvar": 0.261295050383, "dvar2": 0.603634476662, "max": 8.73525238037, "mean": 0.372068405151, "median": 0.338261514902, "min": -5.61085271835, "var": 0.918764412403}, "erbbands_spread": {"dmean": 9.92434310913, "dmean2": 15.2690553665, "dvar": 155.500228882, "dvar2": 378.565368652, "max": 165.989776611, "mean": 33.1553649902, "median": 29.1665630341, "min": 0.958488941193, "var": 391.586700439}, "hfc": {"dmean": 9.14322185516, "dmean2": 13.880616188, "dvar": 255.964797974, "dvar2": 491.699615479, "max": 288.341186523, "mean": 23.8985958099, "median": 16.8794002533, "min": 1.14360366663e-16, "var": 734.670166016}, "melbands_crest": {"dmean": 4.0436205864, "dmean2": 6.13278865814, "dvar": 14.1678524017, "dvar2": 31.963968277, "max": 36.9715423584, "mean": 18.2394924164, "median": 16.9663257599, "min": 1.65589094162, "var": 70.6279602051}, "melbands_flatness_db": {"dmean": 0.0358127877116, "dmean2": 0.0494126752019, "dvar": 0.0016229620669, "dvar2": 0.00265746028163, "max": 0.855043113232, "mean": 0.22633613646, "median": 0.209723815322, "min": 0.00371564459056, "var": 0.0102604385465}, "melbands_kurtosis": {"dmean": 17.2402191162, "dmean2": 27.9145393372, "dvar": 8338.55175781, "dvar2": 23009.5878906, "max": 2488.38891602, "mean": 23.1782608032, "median": 6.14393043518, "min": -1.88499629498, "var": 7261.98779297}, "melbands_skewness": {"dmean": 1.08052241802, "dmean2": 1.61173653603, "dvar": 2.99207234383, "dvar2": 7.0030298233, "max": 34.5676040649, "mean": 2.84372496605, "median": 2.0980360508, "min": -2.0001347065, "var": 7.45653009415}, "melbands_spread": {"dmean": 8.98579597473, "dmean2": 13.5115041733, "dvar": 231.350753784, "dvar2": 474.538391113, "max": 246.070831299, "mean": 24.2064304352, "median": 18.093000412, "min": 0.113562978804, "var": 653.790405273}, "pitch_salience": {"dmean": 0.0895334035158, "dmean2": 0.136341139674, "dvar": 0.00835094414651, "dvar2": 0.0172420889139, "max": 0.918076634407, "mean": 0.490048646927, "median": 0.508831858635, "min": 0.0234703626484, "var": 0.0350860059261}, "silence_rate_20dB": {"dmean": 0, "dmean2": 0, "dvar": 0, "dvar2": 0, "max": 1, "mean": 1, "median": 1, "min": 1, "var": 0}, "silence_rate_30dB": {"dmean": 0.0675507634878, "dmean2": 0.135115534067, "dvar": 0.0629941523075, "dvar2": 0.132200568914, "max": 1, "mean": 0.912980437279, "median": 1, "min": 0, "var": 0.0794449299574}, "silence_rate_60dB": {"dmean": 0.0190634056926, "dmean2": 0.0381307639182, "dvar": 0.0187019240111, "dvar2": 0.0428985953331, "max": 1, "mean": 0.129700616002, "median": 0, "min": 0, "var": 0.112899929285}, "spectral_centroid": {"dmean": 308.494842529, "dmean2": 451.895751953, "dvar": 173194.46875, "dvar2": 329813.15625, "max": 11183.1025391, "mean": 1407.36828613, "median": 1246.67956543, "min": 68.0516586304, "var": 679335.0625}, "spectral_complexity": {"dmean": 3.74678826332, "dmean2": 5.56916379929, "dvar": 21.3669490814, "dvar2": 38.3088684082, "max": 58, "mean": 17.0440273285, "median": 16, "min": 0, "var": 133.175323486}, "spectral_decrease": {"dmean": 3.16647263965e-09, "dmean2": 4.45153203188e-09, "dvar": 1.8125500874e-17, "dvar2": 3.67943138266e-17, "max": 7.32538691069e-19, "mean": -9.70090585639e-09, "median": -6.14364870088e-09, "min": -4.92387499662e-08, "var": 9.68756280161e-17}, "spectral_energy": {"dmean": 0.0123370895162, "dmean2": 0.0174686126411, "dvar": 0.0002633521799, "dvar2": 0.000540385779459, "max": 0.187556371093, "mean": 0.0387811362743, "median": 0.0258724503219, "min": 1.01543108722e-20, "var": 0.00142117065843}, "spectral_energyband_high": {"dmean": 0.00059150357265, "dmean2": 0.0008667584043, "dvar": 2.6770533168e-06, "dvar2": 4.77712455904e-06, "max": 0.0306705236435, "mean": 0.000943269347772, "median": 0.000202630835702, "min": 7.3595495023e-21, "var": 6.21233220954e-06}, "spectral_energyband_low": {"dmean": 0.00940673984587, "dmean2": 0.0123837701976, "dvar": 0.000294747733278, "dvar2": 0.000526740332134, "max": 0.177321538329, "mean": 0.0221483204514, "median": 0.00380998500623, "min": 2.92304078058e-23, "var": 0.00124609051272}, "spectral_energyband_middle_high": {"dmean": 0.00290262815543, "dmean2": 0.00461394619197, "dvar": 1.89344173123e-05, "dvar2": 4.65169396193e-05, "max": 0.0491939075291, "mean": 0.00644827820361, "median": 0.00364745641127, "min": 1.38987648464e-21, "var": 5.06211436004e-05}, "spectral_energyband_middle_low": {"dmean": 0.00521237868816, "dmean2": 0.00850678794086, "dvar": 7.53796848585e-05, "dvar2": 0.000199518035515, "max": 0.0864575952291, "mean": 0.00954249780625, "median": 0.00688519561663, "min": 1.62492560618e-22, "var": 0.000103371108708}, "spectral_entropy": {"dmean": 0.222008898854, "dmean2": 0.322200596333, "dvar": 0.0640022531152, "dvar2": 0.128733113408, "max": 9.815325737, "mean": 7.51299142838, "median": 7.50779724121, "min": 3.70415258408, "var": 0.308969855309}, "spectral_flux": {"dmean": 0.0282963644713, "dmean2": 0.0431733429432, "dvar": 0.00103672605474, "dvar2": 0.0022203202825, "max": 0.333240777254, "mean": 0.0959795042872, "median": 0.0904059261084, "min": 6.65741975436e-11, "var": 0.00404862780124}, "spectral_kurtosis": {"dmean": 2.433832407, "dmean2": 3.89231443405, "dvar": 19.5129737854, "dvar2": 43.7755851746, "max": 135.542068481, "mean": 6.10227680206, "median": 5.05839824677, "min": -1.22984421253, "var": 38.9261512756}, "spectral_rms": {"dmean": 0.000907133799046, "dmean2": 0.00129346363246, "dvar": 1.06389029497e-06, "dvar2": 2.10429379877e-06, "max": 0.0135270776227, "mean": 0.00531717948616, "median": 0.00502408342436, "min": 3.14748227481e-12, "var": 9.56295207288e-06}, "spectral_rolloff": {"dmean": 657.371948242, "dmean2": 1077.24438477, "dvar": 1995473.375, "dvar2": 4402010, "max": 19487.5488281, "mean": 1747.04418945, "median": 1098.19335938, "min": 64.599609375, "var": 5990152}, "spectral_skewness": {"dmean": 0.295126438141, "dmean2": 0.458007216454, "dvar": 0.124746434391, "dvar2": 0.274441003799, "max": 10.1344690323, "mean": 1.78867399693, "median": 1.72878146172, "min": -0.174830541015, "var": 0.446572184563}, "spectral_spread": {"dmean": 1132521.25, "dmean2": 1742011, "dvar": 2417620942850.0, "dvar2": 5256844935170.0, "max": 51906148, "mean": 4792536, "median": 4151422.5, "min": 624204.8125, "var": 6254670905340.0}, "spectral_strongpeak": {"dmean": 0.528474748135, "dmean2": 0.899064958096, "dvar": 0.836583137512, "dvar2": 2.17598986626, "max": 14.3471403122, "mean": 0.892283201218, "median": 0.59597659111, "min": 0, "var": 1.14971518517}, "zerocrossingrate": {"dmean": 0.0152729535475, "dmean2": 0.0175208020955, "dvar": 0.000482736359118, "dvar2": 0.000502743758261, "max": 0.521484375, "mean": 0.0639617070556, "median": 0.048828125, "min": 0.001953125, "var": 0.00407625408843}, "barkbands": {"dmean": [0.000660770980176, 0.00891243480146, 0.00188539794181, 0.000605412293226, 0.00229490036145, 0.000848838884849, 0.00144722114783, 0.000890289258678, 0.00131515134126, 0.000537043903023, 0.000597275444306, 0.000760033610277, 0.00062264763983, 0.000511982652824, 0.000449291866971, 0.000355416064849, 0.00021450596978, 0.000165539750014, 0.000294698460493, 0.000163010176038, 7.26749058231e-05, 7.73864667281e-05, 0.000101662197267, 0.000148866834934, 0.000167766702361, 4.86128519697e-05, 7.7889444583e-06], "dmean2": [0.000677622330841, 0.0116543676704, 0.00308678485453, 0.00101767107844, 0.00396010652184, 0.00140447402373, 0.00228484091349, 0.00142395950388, 0.00200478569604, 0.000837139203213, 0.000957387150265, 0.00125628092792, 0.0010632640915, 0.000838244741317, 0.000729186518583, 0.000550321652554, 0.000342435552739, 0.000277614220977, 0.000468627025839, 0.000251859601121, 0.00010640869732, 0.000118892166938, 0.000149175015395, 0.000221685520955, 0.000256788654951, 7.31737891329e-05, 1.1417197129e-05], "dvar": [1.75906086497e-06, 0.000290972879156, 3.72618960682e-05, 2.52017935054e-06, 3.05692919937e-05, 4.48553510068e-06, 1.05961726149e-05, 4.56950328953e-06, 8.63856803335e-06, 1.8311804979e-06, 2.24687619266e-06, 3.28769692715e-06, 1.71538488303e-06, 1.09388588498e-06, 1.0178428056e-06, 6.51304844723e-07, 2.04989873964e-07, 2.26925152447e-07, 3.97570005362e-07, 1.6474506026e-07, 4.47074590681e-08, 6.91921258067e-08, 1.44900013765e-07, 3.07563340129e-07, 1.94247448349e-07, 2.09344808155e-08, 1.19402754351e-09], "dvar2": [1.53116991441e-06, 0.000513289123774, 9.59930985118e-05, 6.64697154207e-06, 8.51032382343e-05, 1.09698612505e-05, 2.48080123129e-05, 1.13093692562e-05, 1.96742821572e-05, 4.15866861658e-06, 5.40759356227e-06, 7.83055929787e-06, 4.30103000326e-06, 2.65397306976e-06, 2.49520803663e-06, 1.49841810071e-06, 4.98687938943e-07, 6.28163149941e-07, 9.97390202429e-07, 3.81275270911e-07, 9.34615371762e-08, 1.55654362288e-07, 2.87652056841e-07, 5.95686231009e-07, 3.54225107912e-07, 3.81014935158e-08, 2.46885023536e-09], "max": [0.0129229705781, 0.17418974638, 0.0547498315573, 0.0202665254474, 0.0631697550416, 0.0346744693816, 0.0658159554005, 0.0474888458848, 0.0538774244487, 0.035821955651, 0.0281347930431, 0.0345781370997, 0.0206277351826, 0.01488077268, 0.0198948383331, 0.0171870682389, 0.00803622230887, 0.00722222868353, 0.0128847295418, 0.00914411339909, 0.00609904387966, 0.0066720279865, 0.012564919889, 0.0135507797822, 0.0133585333824, 0.00500689446926, 0.000879391853232], "mean": [0.00120070960838, 0.0190414171666, 0.00166977557819, 0.000581625208724, 0.00249250605702, 0.000911924580578, 0.00186960550491, 0.00143689441029, 0.00211002817377, 0.000820942397695, 0.000852809695061, 0.00104591809213, 0.000737917551305, 0.000705891987309, 0.000616103818174, 0.000503284914885, 0.000349816167727, 0.000226446645684, 0.000486907549202, 0.000254865561146, 0.00012183830404, 0.000115353985166, 0.00014818184718, 0.000211831604247, 0.00019765952311, 6.03352091275e-05, 1.04633172668e-05], "median": [1.2335077372e-05, 0.00163254991639, 0.000129643143737, 0.000124684069306, 0.000677363481373, 0.000184058008017, 0.000578600855079, 0.000325152388541, 0.000637208751868, 0.000289596442599, 0.000208125973586, 0.000231938058278, 0.000188227117178, 0.000190191029105, 0.000138788469485, 0.000108699277916, 8.9447319624e-05, 6.83413963998e-05, 0.000106691833935, 6.14737946307e-05, 3.36870289175e-05, 2.98580125673e-05, 2.13258772419e-05, 3.00137453451e-05, 1.78150858119e-05, 6.85916165821e-06, 6.55884605294e-07], "min": [7.07080168493e-24, 3.22370691046e-24, 5.23185055788e-24, 5.02710368208e-24, 2.34567916385e-23, 2.10692062901e-23, 1.76744569805e-23, 8.12053494721e-24, 1.91354131774e-23, 4.21248725717e-23, 2.35993608922e-23, 4.32072339098e-23, 5.17646991909e-23, 3.50310566587e-23, 7.19993348195e-23, 5.80720270923e-23, 1.5613816612e-22, 1.31086745804e-22, 2.55817443656e-22, 2.35591024803e-22, 3.22104377915e-22, 2.79010938768e-22, 4.69534958523e-22, 6.11028231171e-22, 1.03970908053e-21, 1.51077147572e-21, 2.15761419393e-21], "var": [7.1155891419e-06, 0.00104975549038, 2.96621838061e-05, 2.07334733204e-06, 2.48425931204e-05, 5.36726793143e-06, 1.41650752994e-05, 7.96810127213e-06, 1.65911569638e-05, 3.14119370159e-06, 3.97616986447e-06, 6.25667644272e-06, 2.1265225314e-06, 1.8754329858e-06, 1.61940579346e-06, 1.24901339404e-06, 4.23875036404e-07, 2.41473514961e-07, 7.5550440215e-07, 3.24153631936e-07, 8.58384723301e-08, 1.03745470881e-07, 2.67096652351e-07, 5.96313611823e-07, 4.18300004412e-07, 4.29009503478e-08, 2.18698903431e-09]}, "erbbands": {"dmean": [0.316966086626, 2.10994243622, 2.55374360085, 1.45540261269, 5.81632041931, 8.06128787994, 4.40959310532, 8.4704618454, 20.3214092255, 16.3345031738, 23.1563606262, 31.171081543, 13.9584102631, 20.755065918, 23.9185333252, 30.384103775, 29.0084724426, 27.7244548798, 23.9135932922, 19.6419067383, 17.8971233368, 10.8777685165, 7.54097366333, 13.2051534653, 14.6777963638, 6.26767587662, 3.36911463737, 2.80987048149, 2.70005822182, 3.12776374817, 2.86608314514, 2.56149888039, 2.83525943756, 1.96246612072, 1.17017304897, 0.314489454031, 0.079936645925, 0.0146563183516, 0.00133975269273, 6.36475233478e-05], "dmean2": [0.400819182396, 2.64277553558, 3.63673901558, 2.23221182823, 9.90229320526, 14.0585479736, 7.92525243759, 13.7371664047, 32.3786735535, 25.9503650665, 36.4728851318, 47.1631164551, 21.6911087036, 32.6110954285, 38.63463974, 49.6548461914, 48.9267120361, 45.4148139954, 39.4895706177, 30.9536552429, 28.1933288574, 17.026884079, 12.3696622849, 21.9260959625, 22.5912075043, 9.79562854767, 5.05570697784, 4.16903018951, 4.16501951218, 4.66468763351, 4.26306390762, 3.71936559677, 4.27283430099, 2.9961066246, 1.82635354996, 0.481775850058, 0.123041450977, 0.0215610787272, 0.00196612486616, 9.19570302358e-05], "dvar": [0.356163412333, 18.2276382446, 52.5281410217, 13.1548347473, 211.626098633, 397.38571167, 177.112426758, 454.815948486, 2209.19580078, 1552.59448242, 2903.79052734, 5446.66455078, 862.110168457, 2813.75805664, 2941.7409668, 5581.05371094, 3693.70751953, 3273.83398438, 2769.46337891, 1932.84277344, 1682.41247559, 489.898620605, 330.036224365, 1631.38806152, 970.155212402, 277.88949585, 88.4012069702, 72.8015518188, 80.4055404663, 157.441650391, 108.937667847, 107.1667099, 104.100570679, 33.2085456848, 8.39336776733, 0.731075823307, 0.0576525367796, 0.00308888941072, 3.34673095495e-05, 5.98784026806e-08], "dvar2": [0.626654088497, 29.6180763245, 113.755493164, 27.599571228, 571.859191895, 1113.42297363, 508.475067139, 1074.8392334, 5170.79101562, 3695.30908203, 7270.31396484, 12141.0107422, 2097.328125, 6467.86914062, 6969.82470703, 13102.2148438, 9227.98046875, 8023.21582031, 6918.32177734, 4571.5859375, 4128.06201172, 1132.32824707, 889.629699707, 4571.25097656, 2157.43994141, 661.039794922, 194.913986206, 157.597702026, 186.336807251, 331.928070068, 219.267852783, 212.740066528, 201.544250488, 61.3011932373, 16.0880889893, 1.36335933208, 0.107588477433, 0.00615067360923, 6.81379096932e-05, 1.18339329447e-07], "max": [6.44344949722, 39.3846435547, 63.1381950378, 56.0648345947, 200.463165283, 264.101013184, 225.727874756, 360.086914062, 987.444641113, 810.704345703, 1233.01599121, 1633.87658691, 717.955932617, 1036.96704102, 951.739135742, 1729.07885742, 1100.48120117, 818.440734863, 806.846557617, 1226.62548828, 751.609924316, 449.714263916, 318.794067383, 546.88293457, 879.057617188, 503.331115723, 267.049804688, 215.474960327, 284.516571045, 491.68170166, 252.663101196, 367.578643799, 245.247695923, 205.93421936, 71.9937515259, 26.7855834961, 7.53738164902, 1.64032673836, 0.182851344347, 0.00904290471226], "mean": [0.735368430614, 3.43128180504, 2.92868208885, 1.87853014469, 5.960460186, 8.81238555908, 4.29358434677, 9.72256946564, 26.2294864655, 23.7648830414, 39.4236869812, 50.2209129333, 24.3615951538, 33.7218284607, 36.4713630676, 42.910484314, 36.8172912598, 39.1163139343, 32.3722953796, 30.4454898834, 27.0374069214, 19.3108139038, 11.9742736816, 19.2762699127, 26.1945037842, 10.5836553574, 5.58473348618, 4.55903053284, 4.05192470551, 4.42334079742, 4.22424888611, 3.72106099129, 3.89964866638, 2.4298927784, 1.28279399872, 0.368464201689, 0.0967844799161, 0.01871644333, 0.00180820724927, 0.000120421304018], "median": [0.0443834885955, 0.314873427153, 0.316798716784, 0.485018908978, 1.48698151112, 2.10708022118, 1.16752266884, 2.2686829567, 7.93435287476, 9.24524021149, 11.3537731171, 14.7840509415, 11.8548793793, 11.6016921997, 11.4731006622, 10.1565942764, 10.2815322876, 10.3500595093, 9.05288887024, 6.82771873474, 6.43772792816, 5.21909379959, 4.10986852646, 5.07665920258, 5.16381549835, 3.02231383324, 1.68016016483, 1.27111768723, 1.10424554348, 0.770914793015, 0.588645219803, 0.573298215866, 0.466524034739, 0.213381931186, 0.116538271308, 0.0400710292161, 0.0104131288826, 0.00168792973273, 0.000142109740409, 5.16819709446e-05], "min": [2.62883491666e-22, 4.52687060533e-22, 8.82704545715e-21, 1.02878771151e-20, 2.04727977089e-20, 9.98031730772e-20, 1.16361797364e-19, 2.07410937406e-19, 1.99215180198e-19, 2.63081640196e-19, 2.79574303292e-19, 4.40205100979e-19, 7.86214699511e-19, 1.06814866475e-18, 2.38286787598e-18, 1.79136156649e-18, 2.59471275996e-18, 2.69747320066e-18, 4.36866631046e-18, 2.95247333797e-18, 4.29844942981e-18, 9.35721101863e-18, 6.89528576919e-18, 1.14400675175e-17, 1.28823363248e-17, 1.03180640182e-17, 1.23572536525e-17, 9.49995178667e-18, 1.00064940327e-17, 1.39596158227e-17, 1.45510946285e-17, 1.3365558695e-17, 1.02298865649e-17, 1.05740143792e-17, 7.68883652676e-18, 5.65633464771e-18, 2.62428860276e-18, 1.1521297274e-18, 3.01193935221e-19, 3.06223587549e-20], "var": [1.61420178413, 47.2478675842, 64.7590484619, 16.6760692596, 176.459823608, 331.101043701, 120.910545349, 592.498718262, 2894.58520508, 2306.8671875, 5210.27880859, 10578.9130859, 1546.1315918, 5299.16845703, 5131.92285156, 11247.5087891, 4732.79638672, 5825.90136719, 3993.60400391, 3971.98461914, 3044.25244141, 1227.12121582, 479.847717285, 1684.16882324, 2573.87402344, 480.098876953, 164.821411133, 125.846008301, 114.671348572, 251.628036499, 205.885772705, 187.052886963, 208.940948486, 73.0731658936, 15.9606161118, 1.43422234058, 0.113530158997, 0.00570808490738, 6.44333194941e-05, 1.20815315086e-07]}, "gfcc": {"mean": [-40.1775436401, 78.7383346558, -123.211540222, 10.2271671295, -56.0715179443, 13.2026538849, -33.9626808167, 14.2574930191, -23.150352478, 3.48116874695, -12.0521326065, -4.99666213989, -10.2889471054], "cov": [[22874.0605469, 473.845306396, 181.167358398, 1502.56335449, -2.61740350723, 917.866333008, 20.0149059296, 1138.69482422, 567.468078613, 1066.61755371, 411.880157471, 183.231506348, -321.620574951], [473.845306396, 2330.8527832, -15.4493093491, 223.702468872, 533.092163086, -40.2542572021, 398.042022705, 44.6017494202, 272.880889893, -0.303663015366, 224.172973633, -56.0396957397, 118.038139343], [181.167358398, -15.4493093491, 1605.16882324, 607.660461426, 299.741790771, 463.983428955, 243.11630249, 244.984512329, 213.024230957, 196.195144653, 90.1473999023, 127.17628479, 61.4149398804], [1502.56335449, 223.702468872, 607.660461426, 828.114562988, 278.967651367, 207.442489624, 160.177520752, 192.874023438, 250.529556274, 186.878173828, 103.110641479, 37.5722846985, 29.1638641357], [-2.61740350723, 533.092163086, 299.741790771, 278.967651367, 573.46697998, 234.425430298, 276.288604736, 198.385131836, 237.589569092, 134.728515625, 138.023071289, 19.1186542511, 86.4545211792], [917.866333008, -40.2542572021, 463.983428955, 207.442489624, 234.425430298, 521.78918457, 283.770751953, 232.804931641, 166.377059937, 167.062408447, 100.808570862, 80.5878601074, 42.3798141479], [20.0149059296, 398.042022705, 243.11630249, 160.177520752, 276.288604736, 283.770751953, 508.819885254, 219.030792236, 226.527557373, 107.931266785, 144.038040161, 55.6090240479, 66.0358047485], [1138.69482422, 44.6017494202, 244.984512329, 192.874023438, 198.385131836, 232.804931641, 219.030792236, 359.359954834, 217.324951172, 197.209274292, 112.611999512, 54.1998634338, 28.894613266], [567.468078613, 272.880889893, 213.024230957, 250.529556274, 237.589569092, 166.377059937, 226.527557373, 217.324951172, 350.019561768, 182.110870361, 130.105224609, 31.4585514069, 46.637512207], [1066.61755371, -0.303663015366, 196.195144653, 186.878173828, 134.728515625, 167.062408447, 107.931266785, 197.209274292, 182.110870361, 249.710189819, 121.712265015, 48.4958152771, 14.7672338486], [411.880157471, 224.172973633, 90.1473999023, 103.110641479, 138.023071289, 100.808570862, 144.038040161, 112.611999512, 130.105224609, 121.712265015, 171.895385742, 58.3475379944, 29.5463657379], [183.231506348, -56.0396957397, 127.17628479, 37.5722846985, 19.1186542511, 80.5878601074, 55.6090240479, 54.1998634338, 31.4585514069, 48.4958152771, 58.3475379944, 114.219863892, 41.6696014404], [-321.620574951, 118.038139343, 61.4149398804, 29.1638641357, 86.4545211792, 42.3798141479, 66.0358047485, 28.894613266, 46.637512207, 14.7672338486, 29.5463657379, 41.6696014404, 112.457809448]], "icov": [[9.79153628577e-05, -0.000126753642689, 0.000129653242766, -0.000202576033189, 0.000202677983907, -0.000254153070273, 0.000212890648982, -0.000295799487503, 0.000118664982438, -0.000288147712126, 0.000112964160508, -0.000199115820578, 0.000318484351737], [-0.000126753642689, 0.000971018569544, -0.000162986165378, 0.000177687441465, -0.000786671182141, 0.000776496599428, -0.000713001820259, 0.000671256857459, -0.000391645240597, 0.000959832803346, -0.00125033850782, 0.00104744138662, -0.000803651171736], [0.000129653242766, -0.000162986165378, 0.00128791807219, -0.00092342926655, 0.000134119982249, -0.00102305610199, 0.000314064702252, -0.000360702368198, 0.000209994686884, -0.000406310340622, 0.000666620151605, -0.00109648145735, 0.000466092751594], [-0.000202576033189, 0.000177687441465, -0.00092342926655, 0.0025174447801, -0.000822615111247, 0.000689881737344, -0.000227064127102, 0.000656175543554, -0.00105429568794, -6.87088595441e-06, -7.12753608241e-05, 0.00050411891425, -0.000307188398438], [0.000202677983907, -0.000786671182141, 0.000134119982249, -0.000822615111247, 0.00417805835605, -0.00142157881055, 0.000260492932284, -0.0012050793739, -0.000260134373093, -0.000466052500997, -0.000670448469464, 0.00115663767792, -0.00105749943759], [-0.000254153070273, 0.000776496599428, -0.00102305610199, 0.000689881737344, -0.00142157881055, 0.00506944442168, -0.00239204964601, 0.000167955164216, 0.000252802768955, -0.000521151698194, 0.000150608480908, -0.000260286877165, -0.0005977001274], [0.000212890648982, -0.000713001820259, 0.000314064702252, -0.000227064127102, 0.000260492932284, -0.00239204964601, 0.00510854320601, -0.00198242603801, -0.00115523021668, 0.00145329604857, -0.00141657528002, -0.000562140368856, 0.000324107706547], [-0.000295799487503, 0.000671256857459, -0.000360702368198, 0.000656175543554, -0.0012050793739, 0.000167955164216, -0.00198242603801, 0.00765847275034, -0.00185366882943, -0.00235794577748, 0.000319659156958, -8.8238659373e-05, -0.000437151757069], [0.000118664982438, -0.000391645240597, 0.000209994686884, -0.00105429568794, -0.000260134373093, 0.000252802768955, -0.00115523021668, -0.00185366882943, 0.00745582906529, -0.0032622043509, -0.00052509031957, 0.000887826958206, -0.000686125014909], [-0.000288147712126, 0.000959832803346, -0.000406310340622, -6.87088595441e-06, -0.000466052500997, -0.000521151698194, 0.00145329604857, -0.00235794577748, -0.0032622043509, 0.0125333070755, -0.0060296128504, 0.00104706734419, -0.000397438852815], [0.000112964160508, -0.00125033850782, 0.000666620151605, -7.12753608241e-05, -0.000670448469464, 0.000150608480908, -0.00141657528002, 0.000319659156958, -0.00052509031957, -0.0060296128504, 0.0148528059945, -0.00660045864061, 0.00205115042627], [-0.000199115820578, 0.00104744138662, -0.00109648145735, 0.00050411891425, 0.00115663767792, -0.000260286877165, -0.000562140368856, -8.8238659373e-05, 0.000887826958206, 0.00104706734419, -0.00660045864061, 0.0159356277436, -0.00631538312882], [0.000318484351737, -0.000803651171736, 0.000466092751594, -0.000307188398438, -0.00105749943759, -0.0005977001274, 0.000324107706547, -0.000437151757069, -0.000686125014909, -0.000397438852815, 0.00205115042627, -0.00631538312882, 0.0135698420927]]}, "melbands": {"dmean": [0.00251194811426, 0.00167134567164, 0.000332258670824, 0.000554028199986, 0.000187116020243, 0.000190743303392, 0.000307187729049, 0.00017707371444, 0.000211033024243, 0.000184000717127, 7.0474226959e-05, 8.61320731929e-05, 8.30518620205e-05, 8.63090535859e-05, 7.5575808296e-05, 5.97104226472e-05, 5.22376540175e-05, 4.01001780119e-05, 3.10175128106e-05, 2.50722096098e-05, 2.07980701816e-05, 1.36821345222e-05, 6.84360065861e-06, 8.26645464258e-06, 1.16381306725e-05, 1.20462427731e-05, 9.20928232517e-06, 3.49536321664e-06, 2.27950840781e-06, 1.89886770841e-06, 1.65914696026e-06, 1.58432681019e-06, 1.57993304128e-06, 1.88805267953e-06, 1.76658670625e-06, 1.48780429754e-06, 1.66099368926e-06, 2.14322903958e-06, 1.75069999386e-06, 1.69611030287e-06], "dmean2": [0.00336161674932, 0.00229657907039, 0.000514720857609, 0.000952308007982, 0.00033441602136, 0.000309372902848, 0.000486491742777, 0.000281063199509, 0.000328685826389, 0.000279537023744, 0.000110435699753, 0.000135412308737, 0.000133171444759, 0.000144247504068, 0.000123893172713, 0.000101905621705, 8.58066487126e-05, 6.72695678077e-05, 5.02571601828e-05, 3.94241287722e-05, 3.2955333154e-05, 2.17576671275e-05, 1.10891041913e-05, 1.38473988045e-05, 1.95432403416e-05, 1.85943408724e-05, 1.42789576785e-05, 5.53013660465e-06, 3.50365462509e-06, 2.90040657092e-06, 2.49954791798e-06, 2.47385742114e-06, 2.43128010879e-06, 2.81684447145e-06, 2.66676920546e-06, 2.2334447749e-06, 2.44284615292e-06, 3.28762098434e-06, 2.63712809101e-06, 2.64339996647e-06], "dvar": [2.31070935115e-05, 1.53804830916e-05, 6.06672642789e-07, 1.72312127233e-06, 2.978643181e-07, 2.18901163862e-07, 4.77637399854e-07, 1.64929744528e-07, 2.20042153387e-07, 1.88454180261e-07, 2.41187674277e-08, 4.98409455929e-08, 4.01493416291e-08, 4.12425116281e-08, 3.10813241811e-08, 1.6480989018e-08, 1.23382477568e-08, 7.88226639514e-09, 5.11495956701e-09, 3.33286465093e-09, 2.29358865234e-09, 8.72870775659e-10, 1.83921169961e-10, 6.54124365784e-10, 1.34704791765e-09, 6.18966988775e-10, 5.15615827812e-10, 1.13826684189e-10, 3.98187767481e-11, 3.08835561291e-11, 2.81667206919e-11, 2.75618139423e-11, 3.56811385993e-11, 5.94353594119e-11, 4.1209327617e-11, 3.57742759027e-11, 4.63210754476e-11, 6.29793092677e-11, 4.07731834406e-11, 2.22036434377e-11], "dvar2": [4.17644660047e-05, 2.47341522481e-05, 1.29679528982e-06, 4.77081675854e-06, 8.55020005019e-07, 5.20564015005e-07, 1.11217559606e-06, 3.93969401102e-07, 5.39371683317e-07, 4.20162734827e-07, 5.87719277689e-08, 1.13900071597e-07, 9.64902469036e-08, 1.02614443165e-07, 7.24778459471e-08, 4.19656522865e-08, 2.96306659209e-08, 1.98797707185e-08, 1.24682113523e-08, 7.74090924693e-09, 5.68708236059e-09, 2.06254835433e-09, 4.55205817484e-10, 1.81158210655e-09, 3.77964326503e-09, 1.37014821711e-09, 1.14056175615e-09, 2.84679030349e-10, 9.13168221595e-11, 7.13136424912e-11, 6.3133900885e-11, 6.64815147378e-11, 8.31935631496e-11, 1.22244700473e-10, 8.54760776048e-11, 7.53634724071e-11, 9.22929649372e-11, 1.28233659802e-10, 7.70604483002e-11, 4.30818124231e-11], "max": [0.054110314697, 0.0318735428154, 0.00992997549474, 0.0168040804565, 0.00970332510769, 0.00735634891316, 0.0144631071016, 0.0078118504025, 0.00870460737497, 0.0103220306337, 0.00350123411044, 0.00447981758043, 0.00402766419575, 0.00442886725068, 0.00333438091911, 0.00240972149186, 0.00163534202147, 0.00153821718413, 0.00161093054339, 0.00119713891763, 0.00092042342294, 0.000658214790747, 0.000265934271738, 0.000382525671739, 0.00049265101552, 0.000455541128758, 0.000569245254155, 0.000387999665691, 0.000160345007316, 0.000153902452439, 0.00013777759159, 0.000175184148247, 0.000173785214429, 0.000306977686705, 0.000147639380884, 0.000198377965717, 0.00025240710238, 0.0002055294608, 0.000192824969417, 0.000157021306222], "mean": [0.0058321855031, 0.00261607789434, 0.000415066169808, 0.000609602429904, 0.000185627024621, 0.000215417894651, 0.000399340759031, 0.000267802417511, 0.000350117275957, 0.000293257064186, 0.000115086659207, 0.000135435577249, 0.000123595164041, 0.000116986535431, 9.80257318588e-05, 7.23161210772e-05, 7.1753449447e-05, 4.99967063661e-05, 4.28789426223e-05, 3.66159911209e-05, 3.02625394397e-05, 2.21413720283e-05, 1.1216879102e-05, 1.09753300421e-05, 1.56018086273e-05, 2.03478011827e-05, 1.50899841174e-05, 5.13905479238e-06, 3.55069209945e-06, 2.85977603198e-06, 2.56828730016e-06, 2.29648594541e-06, 2.19613116315e-06, 2.5771082619e-06, 2.50185576078e-06, 2.14002170651e-06, 2.34303479374e-06, 2.85860892291e-06, 2.37284189097e-06, 1.94742824533e-06], "median": [0.000422945886385, 0.000315418204991, 0.000116059192806, 0.00015957080177, 4.77873618365e-05, 4.66578858322e-05, 0.000127930645249, 9.34152631089e-05, 9.30050518946e-05, 8.84562832653e-05, 4.95111162309e-05, 4.36807677033e-05, 3.45816806657e-05, 2.78116676782e-05, 2.206863428e-05, 1.90118316823e-05, 1.78919544851e-05, 1.3423227756e-05, 9.89965246845e-06, 7.48167212805e-06, 6.95858580002e-06, 5.20782350577e-06, 3.56131113222e-06, 3.19007267535e-06, 3.52598840436e-06, 3.78813092539e-06, 2.78160769085e-06, 1.42145029258e-06, 9.63349179983e-07, 7.62732838666e-07, 6.7725812869e-07, 6.34827529211e-07, 4.62554567093e-07, 3.91756486806e-07, 3.18170037872e-07, 3.14057928108e-07, 3.44666887031e-07, 3.48109495008e-07, 2.16202565184e-07, 1.57140050305e-07], "min": [2.42844518785e-24, 4.9515986494e-24, 2.88681814164e-24, 5.04107440871e-24, 4.85424256407e-24, 4.37916173353e-24, 3.42235589146e-24, 2.52647279102e-24, 2.35566665567e-24, 2.59911741406e-24, 4.04540415086e-24, 4.52073741689e-24, 5.44154201383e-24, 6.6793176278e-24, 3.79032637158e-24, 5.31803834494e-24, 5.08097026013e-24, 6.09801904295e-24, 5.72802552903e-24, 2.89948527563e-24, 5.68862350454e-24, 1.02984055683e-23, 6.26580068559e-24, 5.65132616094e-24, 7.70071342864e-24, 1.0057168748e-23, 6.33695199494e-24, 6.73921189203e-24, 6.88667208332e-24, 6.25223306688e-24, 5.44216126964e-24, 5.38246974267e-24, 5.83348716016e-24, 6.44895407183e-24, 7.43141761484e-24, 6.03701011826e-24, 8.2470098607e-24, 6.00054305077e-24, 7.79803362079e-24, 8.48849990531e-24], "var": [9.48546949076e-05, 3.29279864673e-05, 7.24965332211e-07, 1.47028072206e-06, 2.08660637213e-07, 2.80696866639e-07, 6.3602942646e-07, 2.57424261463e-07, 4.06760278793e-07, 3.61902294799e-07, 4.08005362829e-08, 9.18390270499e-08, 7.25536679624e-08, 6.93915964689e-08, 5.28344301642e-08, 2.04875760801e-08, 2.21514753207e-08, 1.02044568351e-08, 7.79359243808e-09, 6.49361631133e-09, 3.93223231754e-09, 1.96748883852e-09, 3.69449082438e-10, 6.61719179451e-10, 1.31469379827e-09, 1.51874202103e-09, 1.25735322154e-09, 1.46240269894e-10, 7.12363432132e-11, 4.95695463842e-11, 4.38378396084e-11, 3.60402090116e-11, 5.03594110857e-11, 9.54074041992e-11, 7.57486434688e-11, 5.6666234205e-11, 8.12918274362e-11, 1.15087127328e-10, 8.73234887178e-11, 4.49218197363e-11]}, "mfcc": {"mean": [-678.513183594, 117.182273865, -10.0576238632, 3.72579693794, 0.0647673904896, -3.12488675117, 3.95573592186, 1.73292911053, -0.276647478342, 6.43742370605, 1.59033131599, -0.824660539627, 0.390860855579], "cov": [[15315.1611328, 545.00177002, -164.994918823, 406.695465088, 268.549224854, 62.3092956543, 177.991241455, 151.871124268, 207.770370483, 645.579162598, 615.143371582, 415.238769531, 355.429351807], [545.00177002, 2090.50463867, -200.536361694, 297.566619873, 160.621566772, 100.998756409, 209.733001709, 149.417037964, 139.94543457, 146.938049316, 154.712234497, 90.315284729, 104.541763306], [-164.994918823, -200.536361694, 1244.42956543, 307.601593018, 276.074890137, 313.548370361, 163.665924072, 182.6615448, 165.80355835, 98.0865783691, 104.066612244, 120.094978333, 106.892814636], [406.695465088, 297.566619873, 307.601593018, 613.94708252, 261.611877441, 158.528427124, 66.9499816895, 105.245285034, 126.08366394, 171.693695068, 95.3526077271, 104.272666931, 118.214530945], [268.549224854, 160.621566772, 276.074890137, 261.611877441, 445.248443604, 179.728866577, 102.443725586, 88.0507125854, 140.560699463, 167.973922729, 103.721160889, 93.0410690308, 97.1343383789], [62.3092956543, 100.998756409, 313.548370361, 158.528427124, 179.728866577, 341.176208496, 194.585403442, 159.153717041, 150.262207031, 115.191490173, 126.244674683, 106.896965027, 62.6584777832], [177.991241455, 209.733001709, 163.665924072, 66.9499816895, 102.443725586, 194.585403442, 333.195831299, 186.887329102, 155.098129272, 97.0000610352, 138.4034729, 104.904159546, 80.6282730103], [151.871124268, 149.417037964, 182.6615448, 105.245285034, 88.0507125854, 159.153717041, 186.887329102, 262.410675049, 165.093704224, 121.803871155, 128.109039307, 93.6095275879, 84.4832458496], [207.770370483, 139.94543457, 165.80355835, 126.08366394, 140.560699463, 150.262207031, 155.098129272, 165.093704224, 258.992034912, 168.96421814, 127.158477783, 102.159111023, 98.5938873291], [645.579162598, 146.938049316, 98.0865783691, 171.693695068, 167.973922729, 115.191490173, 97.0000610352, 121.803871155, 168.96421814, 284.271087646, 178.964935303, 122.979187012, 117.079864502], [615.143371582, 154.712234497, 104.066612244, 95.3526077271, 103.721160889, 126.244674683, 138.4034729, 128.109039307, 127.158477783, 178.964935303, 250.139511108, 136.410736084, 93.2770767212], [415.238769531, 90.315284729, 120.094978333, 104.272666931, 93.0410690308, 106.896965027, 104.904159546, 93.6095275879, 102.159111023, 122.979187012, 136.410736084, 178.302520752, 102.250106812], [355.429351807, 104.541763306, 106.892814636, 118.214530945, 97.1343383789, 62.6584777832, 80.6282730103, 84.4832458496, 98.5938873291, 117.079864502, 93.2770767212, 102.250106812, 170.286437988]], "icov": [[7.75731241447e-05, -1.57488307195e-06, 1.78285135917e-05, -2.282308742e-05, 6.31873308521e-06, 5.01610411447e-05, -1.24890329971e-05, 3.93517475459e-05, 7.07539657014e-05, -0.000120905140648, -0.000132273984491, -5.6120348745e-05, -4.36507434642e-05], [-1.57488307195e-06, 0.000605299021117, 0.000254251644947, -0.00034367889748, -0.000101056713902, 6.7119312007e-05, -0.000339952326613, -9.99262265395e-05, -4.5772681915e-05, 0.000141384283779, -0.000219562323764, 0.000131657900056, -7.53377535148e-05], [1.78285135917e-05, 0.000254251644947, 0.00128127704374, -0.000422322715167, -0.00036075184471, -0.000771217804868, 7.66372904764e-05, -0.000365944870282, -0.000130263797473, 0.000590065144934, -8.91063245945e-05, -7.86111704656e-05, -0.000303849636111], [-2.282308742e-05, -0.00034367889748, -0.000422322715167, 0.00272675557062, -0.000822109403089, -0.000426772458013, 0.000676894385833, -0.000276267237496, 0.000225666706683, -0.000870800227858, 0.000638321856968, -0.000312394811772, -0.00062068097759], [6.31873308521e-06, -0.000101056713902, -0.00036075184471, -0.000822109403089, 0.00394128356129, -0.00110920704901, -0.000163239514222, 0.000970977707766, -0.000496528053191, -0.0014020683011, 0.000342545739841, 0.000207771983696, -0.000459369039163], [5.01610411447e-05, 6.7119312007e-05, -0.000771217804868, -0.000426772458013, -0.00110920704901, 0.00656585721299, -0.00206112046726, -0.000929904927034, -0.000677033560351, 8.5182087787e-05, -0.000599596241955, -0.00121348560788, 0.00167899567168], [-1.24890329971e-05, -0.000339952326613, 7.66372904764e-05, 0.000676894385833, -0.000163239514222, -0.00206112046726, 0.00668957969174, -0.00248542055488, -0.00121433578897, 0.00154110323638, -0.00131161417812, -0.000524928153027, -0.000688904779963], [3.93517475459e-05, -9.99262265395e-05, -0.000365944870282, -0.000276267237496, 0.000970977707766, -0.000929904927034, -0.00248542055488, 0.00878382939845, -0.0028018206358, -0.000371475238353, -0.00107079662848, 0.000384430546546, -0.000758706300985], [7.07539657014e-05, -4.5772681915e-05, -0.000130263797473, 0.000225666706683, -0.000496528053191, -0.000677033560351, -0.00121433578897, -0.0028018206358, 0.00943326484412, -0.00364936818369, 0.000803115428425, -0.000324447988532, -0.00089484086493], [-0.000120905140648, 0.000141384283779, 0.000590065144934, -0.000870800227858, -0.0014020683011, 8.5182087787e-05, 0.00154110323638, -0.000371475238353, -0.00364936818369, 0.010347017087, -0.00459837401286, -0.000260213331785, -0.00170332670677], [-0.000132273984491, -0.000219562323764, -8.91063245945e-05, 0.000638321856968, 0.000342545739841, -0.000599596241955, -0.00131161417812, -0.00107079662848, 0.000803115428425, -0.00459837401286, 0.0105930799618, -0.00408741412684, 0.000549600576051], [-5.6120348745e-05, 0.000131657900056, -7.86111704656e-05, -0.000312394811772, 0.000207771983696, -0.00121348560788, -0.000524928153027, 0.000384430546546, -0.000324447988532, -0.000260213331785, -0.00408741412684, 0.0125639261678, -0.00425008172169], [-4.36507434642e-05, -7.53377535148e-05, -0.000303849636111, -0.00062068097759, -0.000459369039163, 0.00167899567168, -0.000688904779963, -0.000758706300985, -0.00089484086493, -0.00170332670677, 0.000549600576051, -0.00425008172169, 0.010918433778]]}, "spectral_contrast_coeffs": {"dmean": [0.0580352470279, 0.0529275760055, 0.0406295843422, 0.0356168039143, 0.0287288036197, 0.0238993689418], "dmean2": [0.0931960269809, 0.0833981856704, 0.0647243782878, 0.055676035583, 0.0442152507603, 0.036863591522], "dvar": [0.00358008709736, 0.00217038416304, 0.00120502000209, 0.00110273261089, 0.000767881923821, 0.000496942200698], "dvar2": [0.00875721778721, 0.00512872543186, 0.00282298913226, 0.00253583397716, 0.00161713256966, 0.00107365520671], "max": [-0.204980924726, -0.360695779324, -0.490758001804, -0.506279349327, -0.508318662643, -0.619571685791], "mean": [-0.617437541485, -0.706833481789, -0.764951050282, -0.785892248154, -0.784511744976, -0.796711325645], "median": [-0.626652002335, -0.71289896965, -0.774025917053, -0.802793979645, -0.795821428299, -0.795743107796], "min": [-0.966184556484, -0.978773772717, -0.974825918674, -0.968165278435, -0.964560747147, -0.962006032467], "var": [0.0143159832805, 0.0087161315605, 0.00493230251595, 0.00464746076614, 0.00379239232279, 0.00183290394489]}, "spectral_contrast_valleys": {"dmean": [0.442816913128, 0.420463740826, 0.373496890068, 0.392171144485, 0.310790419579, 0.485904246569], "dmean2": [0.674815416336, 0.669761717319, 0.601081132889, 0.628523766994, 0.469931781292, 0.669542133808], "dvar": [0.190659940243, 0.185493186116, 0.156490415335, 0.245742186904, 0.157990291715, 0.305812776089], "dvar2": [0.366586714983, 0.42660343647, 0.358391165733, 0.572638452053, 0.321600049734, 0.573215842247], "max": [-5.34252405167, -4.71797370911, -4.96467399597, -5.23036575