{"lowlevel": {"average_loudness": 0.934592366219, "barkbands_crest": {"dmean": 3.90959215164, "dmean2": 6.24337673187, "dvar": 14.5225963593, "dvar2": 33.0381164551, "max": 26.6761417389, "mean": 17.23046875, "median": 18.7172756195, "min": 2.28238916397, "var": 42.2539024353}, "barkbands_flatness_db": {"dmean": 0.0624053329229, "dmean2": 0.0921716690063, "dvar": 0.00361997797154, "dvar2": 0.0072691864334, "max": 0.968703687191, "mean": 0.214386567473, "median": 0.18769146502, "min": 0.0142714027315, "var": 0.0156049588695}, "barkbands_kurtosis": {"dmean": 57.5826263428, "dmean2": 89.2736816406, "dvar": 12395.6152344, "dvar2": 28372.875, "max": 1148.54748535, "mean": 69.7394561768, "median": 13.4417610168, "min": -1.91973137856, "var": 19860.2734375}, "barkbands_skewness": {"dmean": 2.59076070786, "dmean2": 3.82475543022, "dvar": 9.13566303253, "dvar2": 19.3755340576, "max": 29.2053432465, "mean": 5.03902101517, "median": 3.49536013603, "min": -3.77201938629, "var": 24.3769016266}, "barkbands_spread": {"dmean": 11.3997144699, "dmean2": 17.7697200775, "dvar": 233.243423462, "dvar2": 519.821350098, "max": 122.355392456, "mean": 19.4037151337, "median": 11.6864271164, "min": 0.0438226982951, "var": 469.119903564}, "dissonance": {"dmean": 0.017807463184, "dmean2": 0.0301017910242, "dvar": 0.000440503063146, "dvar2": 0.00113078625873, "max": 0.500000119209, "mean": 0.472261816263, "median": 0.481307387352, "min": 0.144149407744, "var": 0.000960450735874}, "dynamic_complexity": 4.39168548584, "erbbands_crest": {"dmean": 2.77543950081, "dmean2": 4.57394933701, "dvar": 8.79554653168, "dvar2": 21.3900489807, "max": 29.8064231873, "mean": 7.44446897507, "median": 5.9573931694, "min": 1.9951274395, "var": 20.0145511627}, "erbbands_flatness_db": {"dmean": 0.0229932330549, "dmean2": 0.0347680449486, "dvar": 0.000687767053023, "dvar2": 0.001351372106, "max": 0.549572348595, "mean": 0.118725761771, "median": 0.103324964643, "min": 0.0403241179883, "var": 0.00366655783728}, "erbbands_kurtosis": {"dmean": 2.1533100605, "dmean2": 3.49255537987, "dvar": 46.9217414856, "dvar2": 113.090301514, "max": 189.658401489, "mean": 1.17317974567, "median": -0.439679384232, "min": -1.92022049427, "var": 60.8501663208}, "erbbands_skewness": {"dmean": 0.631075084209, "dmean2": 0.921963810921, "dvar": 0.537568688393, "dvar2": 1.07049894333, "max": 10.9671497345, "mean": 0.151857897639, "median": 0.000522954447661, "min": -4.9904718399, "var": 1.52751076221}, "erbbands_spread": {"dmean": 20.203414917, "dmean2": 30.9451198578, "dvar": 395.087402344, "dvar2": 877.998291016, "max": 204.007705688, "mean": 64.0176620483, "median": 62.2784004211, "min": 0.760200619698, "var": 1015.26550293}, "hfc": {"dmean": 17.9319210052, "dmean2": 25.4607696533, "dvar": 698.516235352, "dvar2": 1516.77819824, "max": 226.378692627, "mean": 24.2218723297, "median": 11.4581985474, "min": 1.21135730269e-16, "var": 1040.7376709}, "melbands_crest": {"dmean": 4.81815481186, "dmean2": 7.60279798508, "dvar": 21.5125579834, "dvar2": 44.716178894, "max": 39.1098175049, "mean": 24.3684158325, "median": 25.6785888672, "min": 1.95327472687, "var": 75.8260421753}, "melbands_flatness_db": {"dmean": 0.0708607137203, "dmean2": 0.104012310505, "dvar": 0.00449475739151, "dvar2": 0.00904017034918, "max": 1, "mean": 0.302252918482, "median": 0.283452689648, "min": 0.00534502696246, "var": 0.0223675221205}, "melbands_kurtosis": {"dmean": 129.811294556, "dmean2": 197.674362183, "dvar": 59379.7734375, "dvar2": 136456.875, "max": 5273.20556641, "mean": 170.875640869, "median": 55.0525436401, "min": -1.8101798296, "var": 87923.3125}, "melbands_skewness": {"dmean": 3.50497889519, "dmean2": 5.30238008499, "dvar": 16.4318008423, "dvar2": 36.6312675476, "max": 57.4841575623, "mean": 8.12576675415, "median": 6.45685005188, "min": -2.15049147606, "var": 41.0591812134}, "melbands_spread": {"dmean": 10.5154457092, "dmean2": 16.6099510193, "dvar": 340.293334961, "dvar2": 774.089294434, "max": 223.744338989, "mean": 17.2813434601, "median": 6.43261623383, "min": 0.0392830558121, "var": 947.657714844}, "pitch_salience": {"dmean": 0.131221443415, "dmean2": 0.210643529892, "dvar": 0.0171197261661, "dvar2": 0.0396837703884, "max": 0.912757396698, "mean": 0.34966647625, "median": 0.308089733124, "min": 0.0242946185172, "var": 0.0476133190095}, "silence_rate_20dB": {"dmean": 0.0224485080689, "dmean2": 0.0448996126652, "dvar": 0.0219475012273, "dvar2": 0.0620976686478, "max": 1, "mean": 0.987040758133, "median": 1, "min": 0, "var": 0.01279117167}, "silence_rate_30dB": {"dmean": 0.131798192859, "dmean2": 0.263611644506, "dvar": 0.114419400692, "dvar2": 0.228162690997, "max": 1, "mean": 0.726641595364, "median": 1, "min": 0, "var": 0.198629304767}, "silence_rate_60dB": {"dmean": 0.0273084938526, "dmean2": 0.0546201467514, "dvar": 0.0265517309308, "dvar2": 0.0627486407757, "max": 1, "mean": 0.111136823893, "median": 0, "min": 0, "var": 0.0987650677562}, "spectral_centroid": {"dmean": 463.19519043, "dmean2": 701.770019531, "dvar": 236034.578125, "dvar2": 451757.90625, "max": 10968.2402344, "mean": 1453.29370117, "median": 1265.27978516, "min": 53.5605545044, "var": 976899.0625}, "spectral_complexity": {"dmean": 7.15806531906, "dmean2": 10.097205162, "dvar": 70.7824401855, "dvar2": 125.57183075, "max": 60, "mean": 13.149435997, "median": 8, "min": 0, "var": 175.387466431}, "spectral_decrease": {"dmean": 1.37873090722e-08, "dmean2": 2.22846914255e-08, "dvar": 3.86003660794e-16, "dvar2": 1.04923601715e-15, "max": -1.59344326686e-29, "mean": -2.16496385264e-08, "median": -1.26503474362e-08, "min": -1.61625848705e-07, "var": 6.55406407196e-16}, "spectral_energy": {"dmean": 0.0529614575207, "dmean2": 0.0854669138789, "dvar": 0.00557158514857, "dvar2": 0.0150961419567, "max": 0.612994372845, "mean": 0.0839075744152, "median": 0.0501546673477, "min": 1.10474979127e-20, "var": 0.00950944889337}, "spectral_energyband_high": {"dmean": 0.00141266721766, "dmean2": 0.00202779471874, "dvar": 5.66740072827e-06, "dvar2": 1.21802186186e-05, "max": 0.0198665522039, "mean": 0.00160393537953, "median": 0.000440412550233, "min": 7.8853205246e-21, "var": 7.95407595433e-06}, "spectral_energyband_low": {"dmean": 0.0495995394886, "dmean2": 0.0812556445599, "dvar": 0.00559645658359, "dvar2": 0.0153225166723, "max": 0.60811406374, "mean": 0.0726909562945, "median": 0.0392637215555, "min": 4.84779323174e-23, "var": 0.00886438786983}, "spectral_energyband_middle_high": {"dmean": 0.00220012036152, "dmean2": 0.00329379364848, "dvar": 1.31616898216e-05, "dvar2": 2.83695499093e-05, "max": 0.0362958498299, "mean": 0.00259744096547, "median": 0.000738157425076, "min": 1.6715495576e-21, "var": 1.89388792933e-05}, "spectral_energyband_middle_low": {"dmean": 0.00728142727166, "dmean2": 0.0125294001773, "dvar": 0.0002391555754, "dvar2": 0.00066309486283, "max": 0.174866974354, "mean": 0.00784710701555, "median": 0.00263549620286, "min": 3.97084837028e-22, "var": 0.000202808980248}, "spectral_entropy": {"dmean": 0.274568587542, "dmean2": 0.398826181889, "dvar": 0.107235945761, "dvar2": 0.194077044725, "max": 9.81344223022, "mean": 7.80083084106, "median": 7.99261808395, "min": 3.37086772919, "var": 0.504906117916}, "spectral_flux": {"dmean": 0.0665195509791, "dmean2": 0.10639756918, "dvar": 0.00526480935514, "dvar2": 0.0121512347832, "max": 0.605249345303, "mean": 0.144418120384, "median": 0.112713493407, "min": 1.05107075821e-10, "var": 0.0124825844541}, "spectral_kurtosis": {"dmean": 2.81022810936, "dmean2": 4.30569553375, "dvar": 153.495391846, "dvar2": 351.426879883, "max": 531.761352539, "mean": 5.61277151108, "median": 2.36174964905, "min": -1.19459152222, "var": 440.537322998}, "spectral_rms": {"dmean": 0.00259724585339, "dmean2": 0.00402166927233, "dvar": 7.35633375371e-06, "dvar2": 1.78328773472e-05, "max": 0.0244549233466, "mean": 0.00761021021754, "median": 0.00699509680271, "min": 3.28299345174e-12, "var": 2.39457694988e-05}, "spectral_rolloff": {"dmean": 865.93170166, "dmean2": 1466.40905762, "dvar": 3322493.25, "dvar2": 7712907, "max": 18561.6210938, "mean": 1325.25683594, "median": 150.732421875, "min": 43.06640625, "var": 6637922.5}, "spectral_skewness": {"dmean": 0.342927128077, "dmean2": 0.499085098505, "dvar": 0.311968892813, "dvar2": 0.616498291492, "max": 20.9041938782, "mean": 1.48705911636, "median": 1.28843200207, "min": -0.0295097511262, "var": 1.48041582108}, "spectral_spread": {"dmean": 1045895.75, "dmean2": 1486629.75, "dvar": 1305299386370.0, "dvar2": 2128452124670.0, "max": 40057120, "mean": 6310154.5, "median": 6234282, "min": 230901.328125, "var": 4923838693380.0}, "spectral_strongpeak": {"dmean": 0.248954370618, "dmean2": 0.400615304708, "dvar": 0.106757357717, "dvar2": 0.287359684706, "max": 7.18596363068, "mean": 0.499715924263, "median": 0.447503477335, "min": 0, "var": 0.169763311744}, "zerocrossingrate": {"dmean": 0.0196289960295, "dmean2": 0.022924978286, "dvar": 0.000597265490796, "dvar2": 0.000731833686586, "max": 0.490234375, "mean": 0.0547773018479, "median": 0.029296875, "min": 0.00146484375, "var": 0.0044301492162}, "barkbands": {"dmean": [0.00533052533865, 0.0445697121322, 0.00580041762441, 0.0027267858386, 0.00313132302836, 0.00094907177845, 0.000675841991324, 0.000417895993451, 0.000404177379096, 0.000408140011132, 0.000216213942622, 0.0003133265418, 0.000369573885109, 0.000317485828418, 0.000248792435741, 0.000208151264815, 0.000196054039407, 0.000174679342308, 0.000137292168802, 0.000147127211676, 0.000190935621504, 0.000199372996576, 0.000282186956611, 0.000304543995298, 0.000213093662751, 0.000152396271005, 4.39474024461e-05], "dmean2": [0.00883944705129, 0.0729582756758, 0.0102062318474, 0.00486382702366, 0.00555115751922, 0.00160830072127, 0.00121694488917, 0.00073901610449, 0.000654550967738, 0.000689379754476, 0.00035295257112, 0.0005194581463, 0.000592993339524, 0.000504145165905, 0.000386312167393, 0.000328568828991, 0.000308620277792, 0.000287081173155, 0.000220310554141, 0.000227150332648, 0.000288644980174, 0.000300055777188, 0.000425828708103, 0.000467570789624, 0.000299756153254, 0.000213680992601, 6.32322116871e-05], "dvar": [9.80428012554e-05, 0.0045003015548, 0.000273535697488, 6.95048147463e-05, 3.91626454075e-05, 4.85569580633e-06, 2.14170722757e-06, 7.78268429258e-07, 4.71927791068e-07, 8.66260052135e-07, 1.97734223661e-07, 4.37038266909e-07, 7.15002386187e-07, 3.51701913814e-07, 2.6022360089e-07, 1.68517559018e-07, 1.69571094943e-07, 9.60857136079e-08, 6.26806198056e-08, 6.20961770892e-08, 9.3972730042e-08, 1.00937690206e-07, 2.35615530642e-07, 4.15270164922e-07, 1.961684859e-07, 1.17481242512e-07, 1.25934320749e-08], "dvar2": [0.000273442245089, 0.0129301426932, 0.000736434885766, 0.000196349370526, 0.000110042637971, 1.35229884108e-05, 5.94742368776e-06, 2.12519466913e-06, 1.13851365313e-06, 2.32730030802e-06, 4.83137455376e-07, 1.05736046407e-06, 1.77626418463e-06, 7.92458479282e-07, 6.18152853349e-07, 4.04979488167e-07, 3.815141838e-07, 2.38527945839e-07, 1.55665134116e-07, 1.47619758195e-07, 2.14680582644e-07, 2.28840633554e-07, 5.16099305514e-07, 1.0061824014e-06, 4.03062955456e-07, 2.42983702492e-07, 2.80855356749e-08], "max": [0.0770241171122, 0.542356967926, 0.155652731657, 0.0874503105879, 0.0754095762968, 0.0354459062219, 0.0177688896656, 0.0113172288984, 0.00862135272473, 0.0126099325716, 0.0079787671566, 0.0115949288011, 0.0186701174825, 0.00750978849828, 0.00736331194639, 0.00614670524374, 0.00581613136455, 0.00334603269584, 0.00324987689964, 0.00534786935896, 0.00302451616153, 0.00390092818998, 0.00408135261387, 0.0069939433597, 0.00442783720791, 0.00422436650842, 0.00161866564304], "mean": [0.00639464333653, 0.0612015500665, 0.00432363059372, 0.00216131284833, 0.00308730523102, 0.00099352968391, 0.000601609586738, 0.000446785794338, 0.000438326154836, 0.00038252491504, 0.000218274042709, 0.000297265098197, 0.00034646000131, 0.000315815908834, 0.000246661802521, 0.000208496145206, 0.000214118597796, 0.000194170585019, 0.00014875564375, 0.000179835798917, 0.000208475932595, 0.000236729611061, 0.000295330275549, 0.000304330460494, 0.000243108821451, 0.000171350868186, 4.71130260848e-05], "median": [0.001629510778, 0.0334366969764, 0.000477488239994, 0.000205853881198, 0.000748770195059, 0.000265180366114, 9.11044917302e-05, 7.00639793649e-05, 7.79922993388e-05, 7.38796807127e-05, 4.94968699059e-05, 4.48149003205e-05, 5.48211901332e-05, 4.54931287095e-05, 4.92098697578e-05, 4.46777485195e-05, 5.57889943593e-05, 6.37542689219e-05, 4.3567015382e-05, 6.28175475867e-05, 6.62615784677e-05, 7.62227355153e-05, 6.67070344207e-05, 5.39405918971e-05, 3.62067839887e-05, 2.02469527721e-05, 1.67053246969e-06], "min": [2.65799771593e-23, 1.67019697669e-23, 1.5999828341e-23, 9.53881692465e-24, 7.12096030119e-23, 8.95491927977e-23, 7.90690683868e-23, 2.85026173565e-23, 1.14637796861e-22, 2.076516352e-23, 7.95368692145e-23, 9.6312387639e-23, 9.49309975307e-23, 3.60825482919e-23, 1.42841909251e-22, 9.77200373492e-23, 2.56492860053e-22, 3.23906641093e-22, 3.48510796209e-22, 4.12645137316e-22, 4.36681539772e-22, 5.22468055378e-22, 6.11471659352e-22, 6.80460107734e-22, 1.35695677633e-21, 1.98073830088e-21, 2.32597533695e-21], "var": [0.000130718050059, 0.00654184026644, 0.000192220060853, 4.67244171887e-05, 3.38162935805e-05, 4.23715346187e-06, 1.66295535564e-06, 8.48056174618e-07, 6.16636270934e-07, 7.39150664231e-07, 2.14683424815e-07, 4.6453820346e-07, 6.9854593221e-07, 4.2262598754e-07, 2.76524104947e-07, 1.80454293286e-07, 2.03969221957e-07, 1.11079373255e-07, 6.79970852957e-08, 9.91803901229e-08, 1.16194129873e-07, 1.4322597508e-07, 2.9742821539e-07, 4.16122816205e-07, 2.81757934317e-07, 1.64685559412e-07, 1.5457446878e-08]}, "erbbands": {"dmean": [1.92970895767, 8.08313083649, 7.22436618805, 8.64615345001, 9.20386219025, 10.8174591064, 8.98952293396, 8.56509590149, 10.767250061, 7.92515850067, 8.98093414307, 8.2846660614, 12.7681417465, 10.2707986832, 9.88510131836, 12.1114768982, 16.2838535309, 16.6926269531, 15.2135896683, 10.7424325943, 12.0596628189, 11.0537576675, 9.71149730682, 7.4119925499, 7.32146692276, 6.82258701324, 7.66126346588, 7.3415184021, 6.87468338013, 8.2764339447, 8.09611606598, 7.9065618515, 3.8383462429, 2.58409047127, 1.41952180862, 0.772518754005, 0.253691583872, 0.0599837005138, 0.00784570444375, 0.00038439835771], "dmean2": [3.21765422821, 13.395368576, 12.1465291977, 14.9997806549, 16.3179187775, 19.2753810883, 15.5501089096, 14.4132003784, 19.144618988, 14.0107955933, 15.6505346298, 13.5449638367, 21.5317687988, 17.189081192, 15.8278036118, 19.6082897186, 25.9820652008, 26.2706050873, 23.9818077087, 16.5131988525, 19.0281867981, 17.1881847382, 15.9573535919, 11.8234930038, 11.6888113022, 10.6195907593, 11.7227563858, 11.0584869385, 10.2079315186, 12.5565357208, 12.2714700699, 12.3251142502, 5.80973148346, 3.68073511124, 2.03619527817, 1.08924734592, 0.359764754772, 0.0860285907984, 0.011443560943, 0.000557121995371], "dvar": [10.9234752655, 152.651580811, 328.541564941, 621.021179199, 488.586212158, 460.060852051, 382.496124268, 364.792663574, 500.55657959, 311.3387146, 341.117279053, 194.778427124, 681.624633789, 498.173065186, 387.308319092, 615.453735352, 1195.06225586, 1115.4942627, 1033.86865234, 341.69342041, 547.082763672, 520.112792969, 341.244171143, 179.732559204, 167.940124512, 129.411254883, 161.919113159, 138.594467163, 117.96987915, 212.333221436, 189.197967529, 312.935058594, 54.5370330811, 27.4188137054, 9.18042564392, 3.45597863197, 0.301776140928, 0.0180737376213, 0.000423844438046, 8.32856585475e-07], "dvar2": [30.8462753296, 430.045166016, 861.643127441, 1709.87548828, 1372.71472168, 1307.11499023, 1108.0994873, 977.886352539, 1382.01330566, 862.041259766, 922.448730469, 474.06237793, 1760.8215332, 1346.11437988, 908.317565918, 1454.8515625, 2940.34692383, 2534.01269531, 2479.56445312, 745.631713867, 1283.51940918, 1109.41625977, 852.944702148, 450.280853271, 412.064025879, 307.709960938, 382.241577148, 311.243988037, 254.116729736, 492.27154541, 414.694458008, 778.088439941, 124.38230896, 54.2684631348, 19.7632770538, 7.20839643478, 0.634358465672, 0.0382566899061, 0.00095032522222, 1.83041686341e-06], "max": [29.6957321167, 90.0366363525, 177.493392944, 228.362594604, 319.846038818, 224.751144409, 214.860366821, 300.25289917, 230.412658691, 222.195327759, 263.382202148, 195.899108887, 349.092926025, 346.180114746, 433.151611328, 441.266876221, 454.311157227, 644.58770752, 494.198974609, 204.852462769, 289.362060547, 315.616882324, 209.594741821, 190.329879761, 147.018890381, 193.028259277, 141.771728516, 142.042266846, 109.172012329, 179.337860107, 110.155197144, 218.080978394, 66.0808410645, 50.5058021545, 30.7860965729, 27.5567474365, 6.15280008316, 1.43898677826, 0.299538612366, 0.0124750155956], "mean": [2.59249091148, 10.3562040329, 6.85764837265, 7.10305547714, 8.1272611618, 10.2744884491, 8.94845199585, 8.9793510437, 10.1630010605, 7.3474779129, 10.134683609, 9.1952495575, 12.1931409836, 10.5687789917, 10.6679105759, 11.7516765594, 15.5449867249, 16.7968177795, 14.664481163, 11.6312551498, 12.2779350281, 12.3129501343, 10.5022954941, 8.28662967682, 8.2323551178, 8.27901268005, 8.51084709167, 8.30620574951, 8.37325191498, 8.77408504486, 8.36368465424, 7.68237018585, 4.07275629044, 2.9269452095, 1.59676194191, 0.869645953178, 0.282556831837, 0.0644842535257, 0.00829192437232, 0.000473629974294], "median": [1.30017626286, 4.90251255035, 1.87829113007, 0.761049091816, 1.71107900143, 2.29303717613, 1.70003926754, 2.41349363327, 1.75213527679, 1.47786092758, 1.67302775383, 1.74866747856, 2.31722927094, 2.1869134903, 2.11486554146, 1.98764121532, 2.37997937202, 2.5594804287, 1.98590421677, 3.02071428299, 2.73490834236, 3.33694338799, 3.17881441116, 2.62475395203, 2.5437078476, 2.83366799355, 2.52856349945, 2.75581526756, 2.76129412651, 2.36912727356, 1.89935159683, 1.27019608021, 0.770410716534, 0.443759053946, 0.239108771086, 0.109720528126, 0.0350197255611, 0.00577105628327, 0.000298209808534, 0.000108594023914], "min": [5.6914282206e-22, 4.09194737972e-21, 1.47548374076e-20, 3.07732869049e-20, 6.41000738984e-20, 2.64528663431e-19, 6.57490248453e-19, 6.18712486626e-19, 6.15234243849e-19, 1.80287571383e-18, 5.42097415629e-19, 2.21581440857e-18, 1.6840739663e-18, 1.93808003931e-18, 3.01178425585e-18, 4.86897740498e-18, 3.45260410712e-18, 3.05688607195e-18, 4.64925920913e-18, 6.87161351442e-18, 8.50798935147e-18, 1.33232062205e-17, 1.21776553707e-17, 1.77551985835e-17, 1.91519013196e-17, 1.81278517213e-17, 1.84580870372e-17, 2.16677513004e-17, 1.90492035378e-17, 1.66688192717e-17, 1.6603754899e-17, 1.21347553026e-17, 1.37715645823e-17, 1.44563989919e-17, 1.01888675055e-17, 6.73960500124e-18, 3.726420949e-18, 1.21924147544e-18, 3.46474448187e-19, 3.60546574015e-20], "var": [14.1997203827, 201.721282959, 267.908905029, 442.866546631, 347.247497559, 393.044677734, 327.047851562, 346.91192627, 434.883605957, 240.162322998, 404.567871094, 256.250915527, 669.801025391, 447.155853271, 491.786071777, 683.208618164, 1230.22290039, 1309.43066406, 1052.25134277, 446.894683838, 617.243408203, 655.449279785, 376.404205322, 197.628463745, 189.253234863, 197.705200195, 204.89390564, 180.070236206, 177.600860596, 254.781112671, 235.369720459, 290.07901001, 64.7092819214, 40.4148406982, 12.2915964127, 4.71226072311, 0.420238167048, 0.0236748978496, 0.000502728798892, 1.11122847102e-06]}, "gfcc": {"mean": [-33.0233192444, 63.1100654602, -72.8623352051, 47.6459083557, -40.9811401367, 25.4237937927, -23.8882274628, 15.3573980331, -13.0346250534, 9.52890396118, -8.97396659851, 7.81512594223, -5.5228676796], "cov": [[16965.5292969, -1412.53063965, -18.7775859833, 77.5455245972, 219.510604858, 706.468322754, -230.849609375, 102.97354126, -267.684539795, 217.670074463, -331.904785156, 316.04901123, -164.812927246], [-1412.53063965, 3093.86230469, 147.589141846, -265.977966309, 798.839660645, -159.971343994, 437.676055908, -41.2872772217, 173.797012329, -147.32850647, 196.384231567, -108.310646057, 155.230773926], [-18.7775859833, 147.589141846, 1176.85583496, 216.593811035, 224.268249512, 116.96270752, 106.949905396, 32.2762145996, 66.7112426758, 32.02967453, 71.6631774902, 31.3955173492, 48.8798789978], [77.5455245972, -265.977966309, 216.593811035, 702.496704102, 222.976257324, 217.258041382, 99.4923629761, 93.0374908447, 73.6908950806, 17.0895652771, 55.3873252869, 15.734711647, 12.6722822189], [219.510604858, 798.839660645, 224.268249512, 222.976257324, 866.909790039, 249.838516235, 335.722717285, 70.5410766602, 127.652816772, -10.7731113434, 126.552070618, -3.37568449974, 63.5065307617], [706.468322754, -159.971343994, 116.96270752, 217.258041382, 249.838516235, 355.7265625, 132.209777832, 80.2701950073, 62.1831092834, 45.8585853577, 26.3115119934, 17.7006340027, -12.5622806549], [-230.849609375, 437.676055908, 106.949905396, 99.4923629761, 335.722717285, 132.209777832, 312.777862549, 126.992362976, 142.457702637, 10.6904191971, 103.067016602, -9.14465427399, 55.3982887268], [102.97354126, -41.2872772217, 32.2762145996, 93.0374908447, 70.5410766602, 80.2701950073, 126.992362976, 176.647399902, 111.964530945, 46.2853775024, 37.514755249, 26.6054344177, 22.8192443848], [-267.684539795, 173.797012329, 66.7112426758, 73.6908950806, 127.652816772, 62.1831092834, 142.457702637, 111.964530945, 183.920791626, 38.5049705505, 89.3533782959, 1.42372643948, 49.8299827576], [217.670074463, -147.32850647, 32.02967453, 17.0895652771, -10.7731113434, 45.8585853577, 10.6904191971, 46.2853775024, 38.5049705505, 97.5153656006, 27.6625957489, 34.095500946, -3.06038570404], [-331.904785156, 196.384231567, 71.6631774902, 55.3873252869, 126.552070618, 26.3115119934, 103.067016602, 37.514755249, 89.3533782959, 27.6625957489, 129.889953613, 15.7913856506, 53.2340164185], [316.04901123, -108.310646057, 31.3955173492, 15.734711647, -3.37568449974, 17.7006340027, -9.14465427399, 26.6054344177, 1.42372643948, 34.095500946, 15.7913856506, 74.9250411987, 19.6683330536], [-164.812927246, 155.230773926, 48.8798789978, 12.6722822189, 63.5065307617, -12.5622806549, 55.3982887268, 22.8192443848, 49.8299827576, -3.06038570404, 53.2340164185, 19.6683330536, 79.0848083496]], "icov": [[8.02225113148e-05, -2.93555729058e-07, 7.92972878116e-06, 3.75337403966e-05, -6.05691857345e-05, -0.000166025376529, 9.15137352422e-05, -6.38917190372e-05, 7.70673796069e-05, -9.01928069652e-05, 0.000223755239858, -0.000287876551738, 2.37140307036e-06], [-2.93555729058e-07, 0.000747687823605, -3.95034585381e-05, 0.000340213213349, -0.000624617037829, 0.000702804420143, -0.000727899023332, 0.000556358718313, -0.000366496911738, 0.000540300738066, -0.000174190558027, 0.000415280897869, -0.000269926473266], [7.92972878116e-06, -3.95034585381e-05, 0.000961682526395, -0.000252744619502, -7.76550732553e-05, -0.00012240705837, -9.51470647124e-05, 0.000314787612297, -7.58335372666e-05, -0.000329343543854, 5.09237615915e-05, -0.000301963969832, -0.000365230953321], [3.75337403966e-05, 0.000340213213349, -0.000252744619502, 0.00214773183689, -0.000573588127736, -0.000825385097414, 0.000580213032663, -0.00095876090927, 5.30828265255e-06, 0.000998697476462, -0.000900871120393, 0.000307358626742, -1.25327378555e-05], [-6.05691857345e-05, -0.000624617037829, -7.76550732553e-05, -0.000573588127736, 0.00308054196648, -0.00141914712731, -0.0021222808864, 0.00115391798317, 0.000151392159751, 0.000339013931807, -0.000397819589125, -0.000781952927355, 7.42174379411e-05], [-0.000166025376529, 0.000702804420143, -0.00012240705837, -0.000825385097414, -0.00141914712731, 0.0060210628435, -0.00224932609126, 0.000654040544759, -0.000913517316803, -0.00115265999921, 0.000754595443141, -0.000204726020456, 0.0020393258892], [9.15137352422e-05, -0.000727899023332, -9.51470647124e-05, 0.000580213032663, -0.0021222808864, -0.00224932609126, 0.0117360567674, -0.00682233599946, -0.000214514861, 0.00127368944231, -0.00356808956712, 0.00335896178149, -0.00156940275338], [-6.38917190372e-05, 0.000556358718313, 0.000314787612297, -0.00095876090927, 0.00115391798317, 0.000654040544759, -0.00682233599946, 0.0155212804675, -0.00771025661379, -0.00214465381578, 0.00490130903199, -0.005490466021, 0.00105299509596], [7.70673796069e-05, -0.000366496911738, -7.58335372666e-05, 5.30828265255e-06, 0.000151392159751, -0.000913517316803, -0.000214514861, -0.00771025661379, 0.0155881168321, -0.00325275189243, -0.00563904689625, 0.00567121803761, -0.00452800048515], [-9.01928069652e-05, 0.000540300738066, -0.000329343543854, 0.000998697476462, 0.000339013931807, -0.00115265999921, 0.00127368944231, -0.00214465381578, -0.00325275189243, 0.0176322460175, -0.00483910739422, -0.00611124467105, 0.00557534303516], [0.000223755239858, -0.000174190558027, 5.09237615915e-05, -0.000900871120393, -0.000397819589125, 0.000754595443141, -0.00356808956712, 0.00490130903199, -0.00563904689625, -0.00483910739422, 0.0181410498917, -0.00346001260914, -0.00553929759189], [-0.000287876551738, 0.000415280897869, -0.000301963969832, 0.000307358626742, -0.000781952927355, -0.000204726020456, 0.00335896178149, -0.005490466021, 0.00567121803761, -0.00611124467105, -0.00346001260914, 0.0232885088772, -0.00872361660004], [2.37140307036e-06, -0.000269926473266, -0.000365230953321, -1.25327378555e-05, 7.42174379411e-05, 0.0020393258892, -0.00156940275338, 0.00105299509596, -0.00452800048515, 0.00557534303516, -0.00553929759189, -0.00872361660004, 0.0234339945018]]}, "melbands": {"dmean": [0.0144704952836, 0.00572231505066, 0.00146829721052, 0.000729066843633, 0.000349227542756, 0.000187769008335, 0.000157748174388, 8.73148455867e-05, 7.186656876e-05, 5.39732754987e-05, 6.51423906675e-05, 4.36097034253e-05, 3.09474526148e-05, 3.86194042221e-05, 2.9431486837e-05, 3.65236155631e-05, 3.11667099595e-05, 2.57922474702e-05, 1.62253945746e-05, 1.34807651193e-05, 1.44547129821e-05, 1.22438468679e-05, 9.38444827625e-06, 8.70458825375e-06, 5.82776237934e-06, 5.37881533091e-06, 5.33578713657e-06, 4.43947465101e-06, 4.67657901027e-06, 4.91301670991e-06, 4.05171476814e-06, 3.98558768211e-06, 4.11891915064e-06, 4.87952183903e-06, 4.49443359685e-06, 5.36317475053e-06, 4.48369701189e-06, 2.74829062619e-06, 2.2113945306e-06, 2.2420492769e-06], "dmean2": [0.0237923003733, 0.00938281230628, 0.00254048453644, 0.00129912421107, 0.000603661406785, 0.000317525467835, 0.000279808649793, 0.000153755725478, 0.000124538928503, 8.8284316007e-05, 0.000109922038973, 7.35367939342e-05, 4.99296293128e-05, 6.39896461507e-05, 4.6821176511e-05, 5.78503131692e-05, 4.97556829941e-05, 4.12133049394e-05, 2.49843506026e-05, 2.13858529605e-05, 2.32252023125e-05, 1.90202154045e-05, 1.51958647621e-05, 1.45666645039e-05, 9.2737354862e-06, 8.73990211403e-06, 8.50912329042e-06, 6.96657525623e-06, 7.22260983821e-06, 7.66275206843e-06, 6.13083739154e-06, 5.97463940721e-06, 6.41693577563e-06, 7.4582230809e-06, 6.8237332016e-06, 8.49175376061e-06, 6.95354447089e-06, 4.18740773966e-06, 3.40305427926e-06, 3.19783134728e-06], "dvar": [0.000521883717738, 0.000109025691927, 1.60557519848e-05, 2.24355949285e-06, 5.33406478098e-07, 1.76482529923e-07, 1.09579794128e-07, 3.69452273219e-08, 2.06665511371e-08, 8.18126189017e-09, 1.79375945208e-08, 1.01841370892e-08, 3.81681930506e-09, 7.54148921089e-09, 2.89882162718e-09, 7.47775708021e-09, 3.86507759131e-09, 2.9612561292e-09, 9.31602128773e-10, 6.81950884651e-10, 7.86883169734e-10, 6.6193078796e-10, 4.2164402525e-10, 2.29296664989e-10, 1.21404525322e-10, 9.37258257117e-11, 9.31403287829e-11, 5.79643555376e-11, 6.22709106501e-11, 6.82442435895e-11, 4.41356881598e-11, 4.29412373715e-11, 4.7158912192e-11, 8.37350536131e-11, 5.96977120515e-11, 1.25343915802e-10, 9.82605108391e-11, 2.83136986079e-11, 1.85936491898e-11, 2.24543040411e-11], "dvar2": [0.00149209564552, 0.000281246582745, 4.4092474127e-05, 6.34605930827e-06, 1.52553616317e-06, 4.79560128497e-07, 3.00054608715e-07, 1.01684605625e-07, 5.54117463025e-08, 1.9974425669e-08, 4.64793785682e-08, 2.78230931627e-08, 9.20486975531e-09, 1.82213160116e-08, 6.80713130308e-09, 1.83576123192e-08, 8.89040308039e-09, 7.14363901366e-09, 2.06590966556e-09, 1.6374503975e-09, 1.8818810954e-09, 1.43433653843e-09, 1.00408170667e-09, 6.08369854493e-10, 3.07395497945e-10, 2.35913261148e-10, 2.26638388612e-10, 1.38981229303e-10, 1.49074655398e-10, 1.59725038751e-10, 1.00324533403e-10, 9.43485220506e-11, 1.12585607503e-10, 1.91513027659e-10, 1.24982010852e-10, 3.1920310839e-10, 2.36943853427e-10, 6.36590571923e-11, 4.11880668461e-11, 4.48321900437e-11], "max": [0.196642577648, 0.0970067232847, 0.037979349494, 0.0188375785947, 0.0066024879925, 0.00670378282666, 0.00350796733983, 0.00216359831393, 0.00210191495717, 0.00123935146257, 0.0017693862319, 0.00161224754993, 0.00122065190226, 0.00168913474772, 0.000774655141868, 0.00192548008636, 0.00100469007157, 0.000797877786681, 0.000316169491271, 0.000450486957561, 0.000350987218553, 0.000371987378458, 0.000370654946892, 0.000186782417586, 0.000170393643202, 0.000121753466374, 0.000146846738062, 0.000175183668034, 0.000151629676111, 9.68084423221e-05, 8.08692202554e-05, 7.96599560999e-05, 8.83902830537e-05, 0.000112044879643, 6.61859667161e-05, 0.000124207712361, 0.000119958640425, 4.65415760118e-05, 4.61554081994e-05, 4.96069151268e-05], "mean": [0.0200062654912, 0.00698288157582, 0.00122554588597, 0.000679147895426, 0.000351570313796, 0.00019666661683, 0.000148582912516, 8.39932981762e-05, 8.23203663458e-05, 5.81344029342e-05, 6.174686132e-05, 4.39052273578e-05, 3.2846837712e-05, 3.64233346772e-05, 2.86840186163e-05, 3.49565088982e-05, 3.0733524909e-05, 2.43144058913e-05, 1.67922189576e-05, 1.39264402605e-05, 1.44214855027e-05, 1.34167412398e-05, 9.60832494457e-06, 9.54061397351e-06, 6.30464001006e-06, 5.70724523641e-06, 6.00182920607e-06, 5.40817882211e-06, 5.25730274603e-06, 5.10407789989e-06, 4.6773275244e-06, 4.83948088004e-06, 4.48479249826e-06, 5.08013727085e-06, 4.65536777483e-06, 5.20735466125e-06, 4.38353117715e-06, 2.90056914309e-06, 2.4223015771e-06, 2.50291759585e-06], "median": [0.010561009869, 0.00273361010477, 0.000181352166692, 0.000162449505297, 6.87479987391e-05, 5.27254160261e-05, 2.7385976864e-05, 1.55277484737e-05, 1.32388167913e-05, 1.10417677206e-05, 1.11864683277e-05, 8.89920102054e-06, 7.31801810616e-06, 5.05100160808e-06, 4.71897556054e-06, 5.3675480558e-06, 4.51293453807e-06, 3.07652271658e-06, 3.67539701074e-06, 3.47587479155e-06, 3.12011820824e-06, 3.56076702701e-06, 2.11839301301e-06, 3.43877081832e-06, 1.86150361969e-06, 1.66843415172e-06, 1.84091516076e-06, 1.73161799921e-06, 1.55426062065e-06, 1.53314806539e-06, 1.5446261159e-06, 1.51748906774e-06, 1.26609813833e-06, 1.21661958019e-06, 1.10004145881e-06, 8.54717882248e-07, 7.28307497866e-07, 5.58867611744e-07, 4.0246928279e-07, 3.57281805918e-07], "min": [6.60061139757e-24, 6.83144708679e-24, 5.02943200504e-24, 1.1947358363e-23, 2.08982443547e-23, 1.52257601555e-23, 1.09377063345e-23, 1.67088028801e-23, 3.56372883757e-24, 1.70212375525e-23, 8.36660117393e-24, 6.66891965221e-24, 1.15015233672e-23, 8.81639940689e-24, 1.35114628565e-23, 6.32944006697e-24, 5.4969942023e-24, 5.68801134848e-24, 1.07502430067e-23, 7.95639113663e-24, 1.13614200927e-23, 1.74678669312e-23, 5.46790890073e-24, 1.80104091742e-23, 1.30210666859e-23, 1.61534732018e-23, 1.13480733551e-23, 1.22122113122e-23, 1.18024911575e-23, 1.05811238504e-23, 1.37427316304e-23, 1.13256768051e-23, 7.91167061191e-24, 1.02571323657e-23, 9.61318915307e-24, 7.51117618552e-24, 7.97948740621e-24, 9.6263891626e-24, 9.67821337977e-24, 1.30411897387e-23], "var": [0.000735020206776, 0.000125072314404, 1.15636566989e-05, 1.79767903319e-06, 4.70934452323e-07, 1.62644681723e-07, 9.48875964468e-08, 3.11485557347e-08, 2.52870897555e-08, 1.05305675291e-08, 1.74333329994e-08, 8.58417692484e-09, 4.48614523307e-09, 7.89631648956e-09, 3.29124483223e-09, 7.50815054573e-09, 4.41133529705e-09, 2.95625679492e-09, 1.1273483258e-09, 7.31847749069e-10, 8.68980887248e-10, 8.12187039845e-10, 4.62555743708e-10, 2.4580157354e-10, 1.2698314622e-10, 9.9292754574e-11, 1.03885504366e-10, 1.01555361343e-10, 8.73512998045e-11, 7.68876559643e-11, 5.74232258965e-11, 6.2334359896e-11, 5.86062309793e-11, 9.69223520886e-11, 7.60485771578e-11, 1.16999437916e-10, 9.45903980143e-11, 3.35504332649e-11, 2.39111005301e-11, 3.22965057475e-11]}, "mfcc": {"mean": [-687.301513672, 96.0891418457, 31.7621593475, 33.815536499, 16.1319026947, 18.1863460541, 8.89435005188, 12.6593112946, 7.51482963562, 8.32209682465, 5.05053472519, 6.39311790466, 4.08115100861], "cov": [[14808.9101562, -137.60256958, -725.155029297, -560.27545166, 214.934783936, 418.078613281, 58.1659202576, 2.01464653015, -27.6478004456, -43.9863624573, -48.3282203674, -119.020622253, -173.059570312], [-137.60256958, 2550.93920898, -141.328704834, 152.060272217, 208.988922119, 60.8523712158, 251.625518799, 134.937896729, 141.63432312, 2.09571886063, 88.4905700684, 67.3134460449, 65.1617889404], [-725.155029297, -141.328704834, 900.436523438, 167.755599976, 55.3570022583, 24.6110019684, -2.19424581528, 0.947076320648, 0.142914175987, 34.2549743652, -14.4498519897, -0.973228156567, 36.2084388733], [-560.27545166, 152.060272217, 167.755599976, 401.11706543, 230.509384155, 143.355300903, 123.246688843, 99.5071792603, 74.1149597168, 33.7380104065, 33.7356414795, 42.2750358582, 53.2118721008], [214.934783936, 208.988922119, 55.3570022583, 230.509384155, 396.165466309, 269.695648193, 199.004959106, 138.200363159, 86.7975692749, 44.2959136963, 62.1219100952, 58.1113090515, 45.3965148926], [418.078613281, 60.8523712158, 24.6110019684, 143.355300903, 269.695648193, 319.544799805, 201.125350952, 124.420692444, 67.5727157593, 47.4496269226, 64.046661377, 60.5690345764, 21.1391372681], [58.1659202576, 251.625518799, -2.19424581528, 123.246688843, 199.004959106, 201.125350952, 233.221221924, 141.333190918, 92.1206817627, 52.9048271179, 62.5635719299, 61.4243812561, 45.9087486267], [2.01464653015, 134.937896729, 0.947076320648, 99.5071792603, 138.200363159, 124.420692444, 141.333190918, 177.792358398, 117.285392761, 72.9999313354, 56.165687561, 69.6902389526, 48.705821991], [-27.6478004456, 141.63432312, 0.142914175987, 74.1149597168, 86.7975692749, 67.5727157593, 92.1206817627, 117.285392761, 141.081542969, 79.8453674316, 57.3169822693, 50.6287918091, 48.0374107361], [-43.9863624573, 2.09571886063, 34.2549743652, 33.7380104065, 44.2959136963, 47.4496269226, 52.9048271179, 72.9999313354, 79.8453674316, 107.64528656, 65.4155273438, 50.6051025391, 31.2542457581], [-48.3282203674, 88.4905700684, -14.4498519897, 33.7356414795, 62.1219100952, 64.046661377, 62.5635719299, 56.165687561, 57.3169822693, 65.4155273438, 98.3744430542, 62.0851020813, 28.5633144379], [-119.020622253, 67.3134460449, -0.973228156567, 42.2750358582, 58.1113090515, 60.5690345764, 61.4243812561, 69.6902389526, 50.6287918091, 50.6051025391, 62.0851020813, 93.5805206299, 50.4570922852], [-173.059570312, 65.1617889404, 36.2084388733, 53.2118721008, 45.3965148926, 21.1391372681, 45.9087486267, 48.705821991, 48.0374107361, 31.2542457581, 28.5633144379, 50.4570922852, 92.4715957642]], "icov": [[8.54390018503e-05, -9.1274641818e-06, 4.76916102343e-05, 0.000181988551049, -7.21557516954e-05, -0.000247373216553, 0.000146270249388, -1.65429682966e-05, -5.47350937268e-05, -3.87602667615e-05, 7.9549565271e-05, 0.000148923951201, 6.70286954119e-06], [-9.1274641818e-06, 0.000528117176145, 3.25227156281e-05, -4.41461379523e-05, -0.000289323972538, 0.00079289812129, -0.000973045418505, 0.000289985444397, -0.000563237408642, 0.000772432424128, -0.000458202208392, -0.00019586327835, 0.00019448591047], [4.76916102343e-05, 3.25227156281e-05, 0.00134799431544, -0.000556320534088, -5.78986373512e-06, -0.000276966777164, 0.000279434199911, 0.000201397095225, 0.000516540196259, -0.00120096711908, 0.000708784442395, 0.000380023469916, -0.000608724367339], [0.000181988551049, -4.41461379523e-05, -0.000556320534088, 0.00464615412056, -0.00244040158577, -0.000153992164996, 0.000169963561348, -0.000320661492879, -0.000952311442234, 0.000553311314434, 0.000427008664701, 0.000215304418816, -0.000707963074092], [-7.21557516954e-05, -0.000289323972538, -5.78986373512e-06, -0.00244040158577, 0.00821162387729, -0.00519197015092, -0.000183208030649, -0.00128779001534, 2.32695856539e-05, 0.000960977340583, -0.00109010830056, 0.00152121367864, -0.00142994546331], [-0.000247373216553, 0.00079289812129, -0.000276966777164, -0.000153992164996, -0.00519197015092, 0.0126966824755, -0.0075620925054, 0.00032626700704, 0.00117963016964, 0.000269683223451, -0.0011731198756, -0.003130127443, 0.00377057958394], [0.000146270249388, -0.000973045418505, 0.000279434199911, 0.000169963561348, -0.000183208030649, -0.0075620925054, 0.0161679685116, -0.00682056136429, 0.000266547780484, 0.000501284492202, -0.00168986665085, 0.00266722450033, -0.00310477917083], [-1.65429682966e-05, 0.000289985444397, 0.000201397095225, -0.000320661492879, -0.00128779001534, 0.00032626700704, -0.00682056136429, 0.0209757406265, -0.0112082129344, -0.00218964996748, 0.00526815839112, -0.00799925532192, 0.00206605298445], [-5.47350937268e-05, -0.000563237408642, 0.000516540196259, -0.000952311442234, 2.32695856539e-05, 0.00117963016964, 0.000266547780484, -0.0112082129344, 0.0227447114885, -0.00927373580635, -0.00263589341193, 0.00504363467917, -0.00448867399246], [-3.87602667615e-05, 0.000772432424128, -0.00120096711908, 0.000553311314434, 0.000960977340583, 0.000269683223451, 0.000501284492202, -0.00218964996748, -0.00927373580635, 0.0241767857224, -0.0107820834965, -0.0016678571701, 0.000792646547779], [7.9549565271e-05, -0.000458202208392, 0.000708784442395, 0.000427008664701, -0.00109010830056, -0.0011731198756, -0.00168986665085, 0.00526815839112, -0.00263589341193, -0.0107820834965, 0.0259173884988, -0.0124950483441, 0.00264187483117], [0.000148923951201, -0.00019586327835, 0.000380023469916, 0.000215304418816, 0.00152121367864, -0.003130127443, 0.00266722450033, -0.00799925532192, 0.00504363467917, -0.0016678571701, -0.0124950483441, 0.0284541528672, -0.0107209011912], [6.70286954119e-06, 0.00019448591047, -0.000608724367339, -0.000707963074092, -0.00142994546331, 0.00377057958394, -0.00310477917083, 0.00206605298445, -0.00448867399246, 0.000792646547779, 0.00264187483117, -0.0107209011912, 0.0187263004482]]}, "spectral_contrast_coeffs": {"dmean": [0.0640577152371, 0.0511268340051, 0.0382683426142, 0.0327001661062, 0.0238089598715, 0.020497046411], "dmean2": [0.10623510927, 0.0851840674877, 0.0632404237986, 0.0530435964465, 0.0384623222053, 0.0322110466659], "dvar": [0.00281791435555, 0.00175347458571, 0.0010337367421, 0.000729013001546, 0.000439520023065, 0.000327596528223], "dvar2": [0.00745182018727, 0.00475871283561, 0.00267870281823, 0.00184371916112, 0.00104715209454, 0.000765537261032], "max": [-0.359202444553, -0.501592278481, -0.55542331934, -0.564232885838, -0.614045500755, -0.580021202564], "mean": [-0.677551746368, -0.782530486584, -0.821794450283, -0.826680958271, -0.817094683647, -0.787357926369], "median": [-0.680328011513, -0.787429213524, -0.828642785549, -0.830375790596, -0.819377779961, -0.788176417351], "min": [-0.955427050591, -0.965127587318, -0.963295936584, -0.982684314251, -0.977057993412, -0.964717507362], "var": [0.00693806819618, 0.0036340940278, 0.00243183481507, 0.00170687993523, 0.00123893935233, 0.00120092544239]}, "spectral_contrast_valleys": {"dmean": [0.594895541668, 0.677489995956, 0.698719143867, 0.692940950394, 0.628448307514, 0.709959328175], "dmean2": [0.918904900551, 1.02625012398, 1.03546655178, 0.979064285755, 0.849768817425, 0.892620503902], "dvar": [0.339245378971, 0.435193151236, 0.423432528973, 0.430995315313, 0.386541843414, 0.542603313923], "dvar2": [0.706063270569, 0.952974557877, 0.941051244736, 0.917539060116, 0.824315011501, 1.1161608696], "max": [-4.51154851913, -4.50480794907, -5.13419675827, -5.46782302856, -5.5455956459, -7.4254693985], "mean": [-7.27567