{"lowlevel": {"average_loudness": 0.920400857925, "barkbands_crest": {"dmean": 2.54213285446, "dmean2": 4.02380847931, "dvar": 6.54468011856, "dvar2": 15.0980129242, "max": 26.8367004395, "mean": 10.238984108, "median": 9.23825645447, "min": 2.08234262466, "var": 18.2601947784}, "barkbands_flatness_db": {"dmean": 0.0243030115962, "dmean2": 0.0351292826235, "dvar": 0.000678590382449, "dvar2": 0.00132356269751, "max": 0.475450396538, "mean": 0.121513828635, "median": 0.113927334547, "min": 0.0226416178048, "var": 0.00272188941017}, "barkbands_kurtosis": {"dmean": 3.61793756485, "dmean2": 5.49851560593, "dvar": 50.9417572021, "dvar2": 102.26399231, "max": 313.384124756, "mean": 6.17970514297, "median": 3.63366007805, "min": -1.75953483582, "var": 111.483070374}, "barkbands_skewness": {"dmean": 0.562154531479, "dmean2": 0.861265718937, "dvar": 0.414541751146, "dvar2": 0.939299702644, "max": 7.95946502686, "mean": 1.86048698425, "median": 1.73333621025, "min": -5.81825733185, "var": 1.21634817123}, "barkbands_spread": {"dmean": 6.28080129623, "dmean2": 9.38237380981, "dvar": 52.1810112, "dvar2": 110.578292847, "max": 78.668258667, "mean": 20.2670631409, "median": 18.179851532, "min": 0.157484278083, "var": 140.132385254}, "dissonance": {"dmean": 0.0198605190963, "dmean2": 0.0332149937749, "dvar": 0.000424598314567, "dvar2": 0.0011172615923, "max": 0.500000178814, "mean": 0.460959374905, "median": 0.467956125736, "min": 0.16627189517, "var": 0.000913945492357}, "dynamic_complexity": 4.25624990463, "erbbands_crest": {"dmean": 2.45250558853, "dmean2": 3.70368766785, "dvar": 7.33026599884, "dvar2": 14.454832077, "max": 33.3034744263, "mean": 9.86493110657, "median": 7.81405162811, "min": 2.1340970993, "var": 38.3153648376}, "erbbands_flatness_db": {"dmean": 0.0201776269823, "dmean2": 0.0263781230897, "dvar": 0.000581690343097, "dvar2": 0.000966722029261, "max": 0.505472958088, "mean": 0.132818490267, "median": 0.121459811926, "min": 0.0441960506141, "var": 0.00285267666914}, "erbbands_kurtosis": {"dmean": 1.61112356186, "dmean2": 2.40607404709, "dvar": 31.534236908, "dvar2": 66.8203048706, "max": 161.582351685, "mean": 1.6735919714, "median": -0.212426900864, "min": -1.77760338783, "var": 73.2114257812}, "erbbands_skewness": {"dmean": 0.388323158026, "dmean2": 0.591257214546, "dvar": 0.24677850306, "dvar2": 0.549568414688, "max": 9.60869693756, "mean": 0.675069987774, "median": 0.534647703171, "min": -2.64280295372, "var": 0.772996306419}, "erbbands_spread": {"dmean": 9.13880157471, "dmean2": 12.9268293381, "dvar": 85.6414642334, "dvar2": 164.116134644, "max": 111.78327179, "mean": 43.6017608643, "median": 43.6861495972, "min": 0.370957374573, "var": 369.458251953}, "hfc": {"dmean": 8.80683708191, "dmean2": 12.2491779327, "dvar": 250.659927368, "dvar2": 563.864746094, "max": 142.33807373, "mean": 15.9942445755, "median": 8.07011795044, "min": 3.41288490524e-11, "var": 432.948669434}, "melbands_crest": {"dmean": 3.10981893539, "dmean2": 5.01340246201, "dvar": 10.1593036652, "dvar2": 23.9314746857, "max": 32.6370201111, "mean": 13.7265558243, "median": 12.5918102264, "min": 3.73904919624, "var": 27.1866607666}, "melbands_flatness_db": {"dmean": 0.0297338012606, "dmean2": 0.0438042171299, "dvar": 0.00103851279709, "dvar2": 0.0021178717725, "max": 0.547390520573, "mean": 0.199116334319, "median": 0.193929970264, "min": 0.0230511222035, "var": 0.00406039925292}, "melbands_kurtosis": {"dmean": 7.73886203766, "dmean2": 11.8433189392, "dvar": 150.660888672, "dvar2": 321.44519043, "max": 195.963485718, "mean": 16.1213474274, "median": 10.8155345917, "min": -1.43459820747, "var": 330.45123291}, "melbands_skewness": {"dmean": 0.76600009203, "dmean2": 1.13769090176, "dvar": 0.730428993702, "dvar2": 1.46345949173, "max": 11.8414440155, "mean": 2.82557487488, "median": 2.71683073044, "min": -4.54837799072, "var": 2.92115139961}, "melbands_spread": {"dmean": 6.38903999329, "dmean2": 10.0402374268, "dvar": 80.9791412354, "dvar2": 190.725784302, "max": 168.006973267, "mean": 18.4111881256, "median": 16.2207489014, "min": 0.502657651901, "var": 148.130615234}, "pitch_salience": {"dmean": 0.0778834968805, "dmean2": 0.123687304556, "dvar": 0.00591201940551, "dvar2": 0.0137660531327, "max": 0.919141113758, "mean": 0.573841691017, "median": 0.583960533142, "min": 0.0549559891224, "var": 0.015870437026}, "silence_rate_20dB": {"dmean": 0, "dmean2": 0, "dvar": 0, "dvar2": 0, "max": 1, "mean": 1, "median": 1, "min": 1, "var": 0}, "silence_rate_30dB": {"dmean": 0.0259149018675, "dmean2": 0.0518388785422, "dvar": 0.0252432022244, "dvar2": 0.0621102266014, "max": 1, "mean": 0.98021709919, "median": 1, "min": 0, "var": 0.0193908698857}, "silence_rate_60dB": {"dmean": 0.0458763800561, "dmean2": 0.0915936976671, "dvar": 0.0437728017569, "dvar2": 0.0954629704356, "max": 1, "mean": 0.130777314305, "median": 0, "min": 0, "var": 0.113665647805}, "spectral_centroid": {"dmean": 289.107940674, "dmean2": 453.264984131, "dvar": 113180.476562, "dvar2": 270616, "max": 3697.32617188, "mean": 1159.26135254, "median": 1069.26159668, "min": 240.261291504, "var": 248743.59375}, "spectral_complexity": {"dmean": 4.50078773499, "dmean2": 6.42189121246, "dvar": 39.2788009644, "dvar2": 69.0519561768, "max": 56, "mean": 14.897233963, "median": 12, "min": 0, "var": 102.000534058}, "spectral_decrease": {"dmean": 2.94543078816e-09, "dmean2": 4.41755476643e-09, "dvar": 2.70884991194e-17, "dvar2": 5.81167370736e-17, "max": 5.67389657584e-23, "mean": -6.00401728335e-09, "median": -3.84815690424e-09, "min": -5.51075913791e-08, "var": 4.92800062943e-17}, "spectral_energy": {"dmean": 0.0118173360825, "dmean2": 0.0176213383675, "dvar": 0.000428426399594, "dvar2": 0.000920028716791, "max": 0.213475182652, "mean": 0.0241112429649, "median": 0.0154236927629, "min": 2.88143795052e-15, "var": 0.00077884295024}, "spectral_energyband_high": {"dmean": 0.00056780257728, "dmean2": 0.00080067984527, "dvar": 1.10584392132e-06, "dvar2": 2.41121961153e-06, "max": 0.0156014822423, "mean": 0.000861307664309, "median": 0.000263049674686, "min": 2.14901703136e-15, "var": 2.14589272218e-06}, "spectral_energyband_low": {"dmean": 0.00627498980612, "dmean2": 0.00966337416321, "dvar": 0.000199424903258, "dvar2": 0.000406672654208, "max": 0.192145720124, "mean": 0.0104439938441, "median": 0.00446647033095, "min": 4.75456600127e-17, "var": 0.000363875762559}, "spectral_energyband_middle_high": {"dmean": 0.00185039849021, "dmean2": 0.00257029384375, "dvar": 2.10582056752e-05, "dvar2": 4.62923380837e-05, "max": 0.071457259357, "mean": 0.00353927444667, "median": 0.00151664507575, "min": 3.1259798564e-16, "var": 3.96284085582e-05}, "spectral_energyband_middle_low": {"dmean": 0.00550598278642, "dmean2": 0.00879937130958, "dvar": 0.000111076718895, "dvar2": 0.000277728890069, "max": 0.106968685985, "mean": 0.0104496274143, "median": 0.00620864657685, "min": 9.72732305755e-17, "var": 0.000171628867975}, "spectral_entropy": {"dmean": 0.204303041101, "dmean2": 0.278655588627, "dvar": 0.0558450073004, "dvar2": 0.099366016686, "max": 8.82375621796, "mean": 7.6095495224, "median": 7.68344783783, "min": 3.93566989899, "var": 0.233024790883}, "spectral_flux": {"dmean": 0.0325184762478, "dmean2": 0.0505413264036, "dvar": 0.0019174288027, "dvar2": 0.0043678926304, "max": 0.389665484428, "mean": 0.0732444450259, "median": 0.0557357817888, "min": 3.55398879037e-05, "var": 0.00370440585539}, "spectral_kurtosis": {"dmean": 1.30512487888, "dmean2": 2.04514431953, "dvar": 6.76950454712, "dvar2": 14.6974430084, "max": 74.6944351196, "mean": 4.02956342697, "median": 3.1600458622, "min": 0.63227057457, "var": 14.1515684128}, "spectral_rms": {"dmean": 0.00103693082929, "dmean2": 0.00148012337741, "dvar": 2.05453761737e-06, "dvar2": 4.10071652368e-06, "max": 0.0144315091893, "mean": 0.00418726308271, "median": 0.00387911126018, "min": 1.67665115125e-09, "var": 5.99002987656e-06}, "spectral_rolloff": {"dmean": 505.948822021, "dmean2": 843.462585449, "dvar": 935748.4375, "dvar2": 2149516, "max": 19401.4160156, "mean": 1116.6295166, "median": 861.328125, "min": 64.599609375, "var": 1303604}, "spectral_skewness": {"dmean": 0.196630313993, "dmean2": 0.298021674156, "dvar": 0.0658551827073, "dvar2": 0.133370727301, "max": 7.38649702072, "mean": 1.54899656773, "median": 1.47124099731, "min": 0.424316734076, "var": 0.224182128906}, "spectral_spread": {"dmean": 679415.5, "dmean2": 902316.4375, "dvar": 571812478976, "dvar2": 1134645870590.0, "max": 10932519, "mean": 5343218.5, "median": 5254024, "min": 1190947.75, "var": 1805616021500.0}, "spectral_strongpeak": {"dmean": 0.411234647036, "dmean2": 0.646418809891, "dvar": 0.533875644207, "dvar2": 1.09448564053, "max": 9.25603103638, "mean": 0.835263371468, "median": 0.384211421013, "min": 0, "var": 1.67374634743}, "zerocrossingrate": {"dmean": 0.0121270902455, "dmean2": 0.0140463383868, "dvar": 0.000196770080947, "dvar2": 0.000238912703935, "max": 0.501953125, "mean": 0.0616211444139, "median": 0.05615234375, "min": 0.00732421875, "var": 0.000841529923491}, "barkbands": {"dmean": [0.000422954937676, 0.0033918779809, 0.0030641364865, 0.00195870478638, 0.00245852069929, 0.000864341214765, 0.000313031167025, 0.000290192721877, 0.00101473729592, 0.000488916586619, 0.000741202500649, 0.000129759166157, 0.00015534805425, 0.000169436112628, 0.000152849097503, 8.44309543027e-05, 0.000100368713902, 0.000114878122986, 0.000157955713803, 0.000148739592987, 0.000102251615317, 0.000103543978184, 9.07525318325e-05, 8.63318491611e-05, 8.46589682624e-05, 7.00508389855e-05, 1.6858406525e-05], "dmean2": [0.000658271834254, 0.00501090055332, 0.00520193902776, 0.0032883672975, 0.00414069136605, 0.0013250077609, 0.000510961399414, 0.000498030625749, 0.00155656784773, 0.000682047975715, 0.00105349137448, 0.000204164505703, 0.000251738034422, 0.000261698791292, 0.00024001422571, 0.000134720961796, 0.000158124734298, 0.000190257749637, 0.000252333760727, 0.000234401435591, 0.000155327506945, 0.000156025096658, 0.000133719135192, 0.000125586782815, 0.00012645580864, 0.000105915460153, 2.63318506768e-05], "dvar": [1.10825010324e-06, 6.73135436955e-05, 8.52140365168e-05, 1.91588551388e-05, 3.57597491529e-05, 2.34338267546e-06, 3.73269671172e-07, 8.49930017921e-07, 1.26851455207e-05, 1.25508029214e-06, 1.2125565263e-05, 8.10835700804e-08, 1.42008190096e-07, 1.12257644957e-07, 1.05353421986e-07, 3.65176582307e-08, 4.41200604939e-08, 5.77036054494e-08, 1.09163948991e-07, 1.03738791779e-07, 3.57426976905e-08, 3.78771005671e-08, 3.08075733813e-08, 2.74417963908e-08, 2.7719780249e-08, 2.28908838551e-08, 1.53729962094e-09], "dvar2": [2.19697380999e-06, 0.000131427368615, 0.000216890359297, 5.04164672748e-05, 9.14219053811e-05, 5.49494916413e-06, 9.36814217312e-07, 2.42107034865e-06, 2.80452459265e-05, 2.32196907746e-06, 2.66800434474e-05, 1.87792167594e-07, 3.55719066647e-07, 2.56013919397e-07, 2.40903943904e-07, 8.93797462709e-08, 1.08349553329e-07, 1.50818806333e-07, 2.81400645008e-07, 2.57530928138e-07, 7.91011203205e-08, 8.64809663881e-08, 6.94643418342e-08, 6.04832237627e-08, 6.4984980952e-08, 5.44176330664e-08, 3.72084318911e-09], "max": [0.0130073595792, 0.127465292811, 0.109577655792, 0.0490394979715, 0.0754166692495, 0.0165379159153, 0.00850817747414, 0.0122597860172, 0.080352075398, 0.0218943785876, 0.0622619204223, 0.00689703086391, 0.00769712869078, 0.0041956230998, 0.00395872630179, 0.00289109442383, 0.00333231315017, 0.00247184257023, 0.00441612955183, 0.00813713856041, 0.00228527444415, 0.00240781763569, 0.00214586989023, 0.00358347571455, 0.00148257717956, 0.00133813568391, 0.000440640782472], "mean": [0.000634991505649, 0.00523426663131, 0.00344116520137, 0.00226297648624, 0.00346679706126, 0.00158453988843, 0.000487083889311, 0.000340904778568, 0.00218377332203, 0.00101672881283, 0.00105251814239, 0.000185620985576, 0.000208546829526, 0.000240030160057, 0.000204561743885, 0.000113780195534, 0.000141159762279, 0.000147283266415, 0.000205719654332, 0.000201095172088, 0.000161406482221, 0.000157822316396, 0.000129902589833, 0.000120032724226, 0.000103108133771, 6.98829899193e-05, 1.55601137521e-05], "median": [4.19057614636e-05, 0.00223502609879, 0.000864491681568, 0.00101282075047, 0.00190071552061, 0.000646199972834, 0.000226345800911, 0.000136668328196, 0.000475097243907, 0.000196940716705, 0.000132362678414, 7.34876884962e-05, 9.46211221162e-05, 0.00011157461995, 7.54883367335e-05, 4.96739885421e-05, 6.56222837279e-05, 6.51285954518e-05, 6.78310461808e-05, 6.66433770675e-05, 6.09035196248e-05, 4.8078931286e-05, 3.02165462926e-05, 3.05484427372e-05, 2.06181393878e-05, 1.17821509775e-05, 1.90351511264e-06], "min": [2.30395310846e-17, 2.61786600026e-17, 8.23771470376e-18, 2.58132959804e-18, 1.03223595671e-17, 3.95408810238e-17, 3.19264055526e-17, 5.65326125815e-18, 4.99007002921e-18, 6.0929937805e-18, 2.89854488435e-18, 8.44428734532e-18, 6.78508380491e-18, 4.12136619068e-17, 1.6450741375e-17, 2.15740962571e-17, 2.71253169284e-17, 5.78584912863e-17, 9.81796484733e-17, 3.14911398055e-17, 1.10491206187e-16, 9.96449426801e-17, 7.94594858025e-17, 3.33068654393e-16, 3.30289301065e-16, 4.14465714828e-16, 8.35455647992e-16], "var": [2.6491979952e-06, 0.000123617879581, 7.19939562259e-05, 1.71846095327e-05, 3.73131006199e-05, 5.17005446454e-06, 5.42223801858e-07, 6.16353020177e-07, 4.35319125245e-05, 5.07975346409e-06, 2.14834053622e-05, 1.11186587048e-07, 1.49467354049e-07, 1.52017676669e-07, 1.38578755582e-07, 4.12750225109e-08, 5.24357979259e-08, 5.77428238557e-08, 1.42558576499e-07, 1.7229228888e-07, 6.32970440506e-08, 7.0343659786e-08, 5.39774873687e-08, 5.49683463191e-08, 3.8747284492e-08, 2.3798646609e-08, 1.47875478529e-09]}, "erbbands": {"dmean": [0.136046469212, 0.679592013359, 2.9290356636, 5.4680762291, 6.54174232483, 10.4229164124, 6.6856341362, 6.64016962051, 4.35539627075, 6.06985569, 8.51128768921, 25.1062202454, 16.6858139038, 20.6272659302, 25.6289787292, 5.20711183548, 7.09772825241, 8.87291431427, 8.85878372192, 5.6012597084, 4.5771241188, 5.6527762413, 6.18149995804, 6.05632019043, 9.16328525543, 6.29350566864, 4.36572790146, 4.16763448715, 3.78381323814, 3.18379998207, 2.57091927528, 1.9321231842, 1.390868783, 0.842508375645, 0.676265835762, 0.338719725609, 0.127444028854, 0.0216982699931, 0.00317646446638, 0.000207117001992], "dmean2": [0.204126745462, 1.05972599983, 4.83794975281, 9.20377159119, 10.9022388458, 17.7959861755, 10.849562645, 10.1519794464, 6.9520740509, 10.1105241776, 14.1048164368, 39.4285163879, 24.5628356934, 26.9973945618, 36.8042488098, 7.96459388733, 11.3373098373, 13.7541294098, 13.7785902023, 8.89819526672, 7.33342599869, 8.87014198303, 10.1757440567, 9.65547466278, 14.6907806396, 9.72177028656, 6.69946479797, 6.33882236481, 5.67831325531, 4.88855218887, 3.79561376572, 2.84221482277, 2.02879357338, 1.22574424744, 1.03913295269, 0.520482957363, 0.192146793008, 0.0329331085086, 0.00494142016396, 0.00032730284147], "dvar": [0.145458683372, 2.48453736305, 71.9326553345, 181.038406372, 193.384109497, 775.016540527, 185.586547852, 162.935760498, 69.4909286499, 274.866424561, 581.854064941, 10655.8300781, 1353.00756836, 2608.0949707, 14370.2724609, 136.606567383, 290.731231689, 347.485626221, 322.718200684, 141.428482056, 102.484146118, 141.218231201, 168.889877319, 116.679481506, 388.209289551, 198.955413818, 63.9890823364, 61.0883865356, 50.3058280945, 39.7046127319, 26.0971240997, 13.6630716324, 8.20737171173, 2.34745621681, 2.04144334793, 0.535801291466, 0.0778125673532, 0.0026326412335, 5.74701371079e-05, 2.89235089213e-07], "dvar2": [0.28301730752, 5.18046998978, 175.335342407, 475.76473999, 502.793731689, 2084.15307617, 480.576049805, 374.115905762, 163.185974121, 761.229858398, 1478.53015137, 23106.6835938, 2853.65893555, 4829.00097656, 32367.65625, 304.806762695, 702.460144043, 807.815002441, 724.182495117, 331.509735107, 248.54888916, 341.483764648, 439.778381348, 288.281951904, 1033.27148438, 473.659820557, 147.121414185, 133.066223145, 110.519134521, 93.2343063354, 60.9380073547, 32.2534294128, 16.866771698, 5.11599874496, 4.95803642273, 1.31445395947, 0.182786226273, 0.00619026180357, 0.000138476141728, 7.28385430193e-07], "max": [4.66442298889, 24.9571170807, 88.9605407715, 137.272689819, 149.005004883, 378.156341553, 155.035903931, 181.203170776, 107.440193176, 303.973327637, 354.925048828, 2249.44995117, 718.350463867, 832.38293457, 2177.68676758, 225.471939087, 335.295227051, 231.37260437, 194.775222778, 195.255020142, 149.681793213, 185.245300293, 145.750442505, 135.126174927, 270.015991211, 509.042205811, 148.469665527, 91.7529678345, 89.4758071899, 75.7979431152, 77.5888061523, 53.1200561523, 83.7880554199, 25.7961349487, 13.5520820618, 6.69937086105, 2.64261412621, 0.600003540516, 0.0859352350235, 0.007022252772], "mean": [0.195272088051, 1.01469993591, 3.50167918205, 6.37375879288, 8.79660129547, 13.9963932037, 11.3661489487, 12.3019723892, 6.94504261017, 8.12615299225, 13.1095571518, 48.6651611328, 31.7029743195, 41.0219650269, 37.8390464783, 8.01270484924, 9.91175937653, 12.4627017975, 12.4126596451, 7.75210428238, 6.31350660324, 8.12817955017, 8.31226444244, 8.46159744263, 11.3257989883, 8.91450309753, 7.09936857224, 6.33668422699, 5.7197394371, 4.6509976387, 3.5856730938, 2.65334606171, 1.89869534969, 1.12432467937, 0.759927093983, 0.346838742495, 0.124195992947, 0.0210222173482, 0.00289305788465, 0.000195613742108], "median": [0.0426878407598, 0.506186485291, 1.25283002853, 3.21830463409, 4.67125225067, 6.63011789322, 6.3966293335, 4.26096153259, 2.65207767487, 3.76652479172, 4.74861907959, 9.58340644836, 9.59937763214, 8.89256000519, 6.32392072678, 3.27336597443, 4.65091228485, 5.82274436951, 5.12616634369, 3.16128349304, 2.91384768486, 3.78534269333, 3.90319418907, 3.3507194519, 3.65745592117, 3.05033159256, 2.90911436081, 1.98152041435, 1.68858742714, 1.14001131058, 0.888362050056, 0.679073572159, 0.475356638432, 0.257587820292, 0.141256839037, 0.0637090876698, 0.0187512300909, 0.00318757258356, 0.000310635979986, 3.54271542164e-05], "min": [1.09448483483e-15, 4.72604150503e-15, 9.80792324527e-15, 9.90865494445e-15, 7.82931950202e-15, 3.85907092686e-14, 1.62413485438e-13, 3.71149020805e-13, 4.86449964511e-13, 3.23381160175e-13, 7.91846582336e-14, 1.06924994032e-13, 2.05145877499e-13, 1.52377500266e-13, 1.48488345101e-13, 3.67486341921e-13, 3.30486587532e-13, 1.75277533373e-12, 1.08787490734e-12, 1.60063423019e-12, 9.02994530278e-13, 1.70880139466e-12, 2.64193528166e-12, 6.31079563607e-12, 3.30992329899e-12, 1.34293856417e-12, 2.90365322932e-12, 4.56814490749e-12, 3.82971779289e-12, 3.29405665071e-12, 2.20573299209e-12, 6.97024729601e-12, 4.8352511231e-12, 1.80508537805e-12, 3.37561922858e-12, 1.62383691563e-12, 7.76631797067e-13, 4.25572012526e-13, 1.03206017951e-13, 1.23782032191e-14], "var": [0.254106998444, 3.9008333683, 67.3622817993, 153.151931763, 184.883224487, 753.822937012, 256.616241455, 372.22543335, 124.643440247, 249.602416992, 935.140930176, 30225.1464844, 4238.37158203, 8307.10058594, 24596.7167969, 204.481445312, 323.009643555, 437.787322998, 438.072753906, 182.159240723, 117.89541626, 171.614242554, 170.365081787, 185.482666016, 443.125610352, 383.56060791, 132.090286255, 108.644203186, 96.0774765015, 66.5073013306, 41.1058998108, 23.6454582214, 17.3611030579, 4.37166213989, 2.34709572792, 0.542869627476, 0.0812250077724, 0.00277515337802, 5.43805945199e-05, 2.52252306154e-07]}, "gfcc": {"mean": [-19.3464813232, 79.2858352661, -98.1883621216, 27.0299758911, -59.3934364319, 11.6874170303, -32.6705474854, 4.45795536041, -30.1810493469, -3.26165676117, -21.9866504669, -2.67054438591, -9.27770996094], "cov": [[12483.5605469, -1535.61950684, 530.521118164, 547.561462402, -50.4551429749, 816.325073242, 76.7560272217, 599.329406738, -182.783782959, 85.7440643311, -224.495452881, 344.596496582, -66.2087402344], [-1535.61950684, 1150.83740234, -84.3205566406, 144.47505188, 82.6610183716, -106.077697754, 106.198486328, -15.0924367905, 128.629089355, 6.39303064346, 119.966194153, -109.303207397, 78.3668670654], [530.521118164, -84.3205566406, 519.163574219, 141.393600464, 167.098434448, 108.547691345, 45.1275672913, 59.628692627, 39.2133216858, 60.2930107117, 0.736362934113, 22.4306621552, -42.7869720459], [547.561462402, 144.47505188, 141.393600464, 370.067749023, 122.609786987, 73.0272674561, 63.5058555603, 50.0521697998, 38.3229370117, 51.3142738342, 73.1116027832, -0.930378735065, 4.18648815155], [-50.4551429749, 82.6610183716, 167.098434448, 122.609786987, 222.298522949, 93.8054962158, 90.579460144, 31.5342559814, 44.0783042908, 20.2944755554, 31.6613845825, 16.1589412689, 7.21070814133], [816.325073242, -106.077697754, 108.547691345, 73.0272674561, 93.8054962158, 240.22857666, 97.3716659546, 99.3461380005, 8.96068096161, -1.85312521458, -35.1129417419, 50.9985389709, 21.6311130524], [76.7560272217, 106.198486328, 45.1275672913, 63.5058555603, 90.579460144, 97.3716659546, 164.155670166, 82.4198608398, 44.1309089661, -7.45287275314, 7.00078248978, -1.3368626833, 33.0521812439], [599.329406738, -15.0924367905, 59.628692627, 50.0521697998, 31.5342559814, 99.3461380005, 82.4198608398, 142.900695801, 36.5318565369, 15.6695079803, -20.1798114777, 8.81700897217, 15.0270137787], [-182.783782959, 128.629089355, 39.2133216858, 38.3229370117, 44.0783042908, 8.96068096161, 44.1309089661, 36.5318565369, 109.514083862, 40.8536148071, 22.597492218, -21.2607192993, 2.25195884705], [85.7440643311, 6.39303064346, 60.2930107117, 51.3142738342, 20.2944755554, -1.85312521458, -7.45287275314, 15.6695079803, 40.8536148071, 72.768371582, 39.7400016785, 6.84724998474, -11.6200532913], [-224.495452881, 119.966194153, 0.736362934113, 73.1116027832, 31.6613845825, -35.1129417419, 7.00078248978, -20.1798114777, 22.597492218, 39.7400016785, 89.5656967163, 21.637588501, 11.2280111313], [344.596496582, -109.303207397, 22.4306621552, -0.930378735065, 16.1589412689, 50.9985389709, -1.3368626833, 8.81700897217, -21.2607192993, 6.84724998474, 21.637588501, 100.467430115, 26.5162124634], [-66.2087402344, 78.3668670654, -42.7869720459, 4.18648815155, 7.21070814133, 21.6311130524, 33.0521812439, 15.0270137787, 2.25195884705, -11.6200532913, 11.2280111313, 26.5162124634, 69.452003479]], "icov": [[0.000177532143425, 8.93891119631e-05, -1.24951502585e-05, -0.000364395673387, 0.000296841346426, -0.000274851365248, 0.000129618012579, -0.000547273666598, 0.000245565926889, -0.000155251807882, 0.000359704368748, -0.000458823429653, 0.000277242332231], [8.93891119631e-05, 0.00183425669093, -5.38430831512e-05, -0.00032920477679, -7.09000087227e-05, 9.52477857936e-05, 5.24961797055e-05, -0.000286162510747, -0.00136555160861, 0.00179703219328, -0.00274275941774, 0.00242586480454, -0.00212101079524], [-1.24951502585e-05, -5.38430831512e-05, 0.00336967152543, -0.000662387756165, -0.00230069225654, 0.000165603923961, -7.62629861129e-05, -0.000229089477216, 0.000271614495432, -0.00273277144879, 0.00259284395725, -0.00132734386716, 0.00205942220055], [-0.000364395673387, -0.00032920477679, -0.000662387756165, 0.00552778923884, -0.00165897631086, -0.00137714738958, 0.000648091139738, -0.000435666966951, 0.000688928470481, 0.000196465131012, -0.00615607528016, 0.00376258371398, -0.000760970753618], [0.000296841346426, -7.09000087227e-05, -0.00230069225654, -0.00165897631086, 0.0100257042795, -0.00290275085717, -0.00332528818399, 0.00198248331435, -0.00147495267447, 0.00115883070976, -0.00173617410474, -0.00125191709958, 0.00106270436663], [-0.000274851365248, 9.52477857936e-05, 0.000165603923961, -0.00137714738958, -0.00290275085717, 0.0113596292213, -0.00424065068364, -0.00158240669407, 0.000337535195285, -0.00194170523901, 0.00795525498688, -0.0055846683681, -0.000550307391677], [0.000129618012579, 5.24961797055e-05, -7.62629861129e-05, 0.000648091139738, -0.00332528818399, -0.00424065068364, 0.0159997493029, -0.00732096564025, -0.00296483375132, 0.00806554127485, -0.00713106431067, 0.00445809494704, -0.00348961097188], [-0.000547273666598, -0.000286162510747, -0.000229089477216, -0.000435666966951, 0.00198248331435, -0.00158240669407, -0.00732096564025, 0.0168250259012, -0.00283226091415, -0.00574593478814, 0.00602538045496, -0.000497360830195, -0.00183671456762], [0.000245565926889, -0.00136555160861, 0.000271614495432, 0.000688928470481, -0.00147495267447, 0.000337535195285, -0.00296483375132, -0.00283226091415, 0.0176333598793, -0.011370157823, 0.00223204237409, 0.00179966900032, 0.000450463412562], [-0.000155251807882, 0.00179703219328, -0.00273277144879, 0.000196465131012, 0.00115883070976, -0.00194170523901, 0.00806554127485, -0.00574593478814, -0.011370157823, 0.0347019545734, -0.0196443721652, 0.00342609593645, 0.00206060684286], [0.000359704368748, -0.00274275941774, 0.00259284395725, -0.00615607528016, -0.00173617410474, 0.00795525498688, -0.00713106431067, 0.00602538045496, 0.00223204237409, -0.0196443721652, 0.0382143445313, -0.0161362383515, 0.00182236393448], [-0.000458823429653, 0.00242586480454, -0.00132734386716, 0.00376258371398, -0.00125191709958, -0.0055846683681, 0.00445809494704, -0.000497360830195, 0.00179966900032, 0.00342609593645, -0.0161362383515, 0.0240056663752, -0.010405452922], [0.000277242332231, -0.00212101079524, 0.00205942220055, -0.000760970753618, 0.00106270436663, -0.000550307391677, -0.00348961097188, -0.00183671456762, 0.000450463412562, 0.00206060684286, 0.00182236393448, -0.010405452922, 0.0244980286807]]}, "melbands": {"dmean": [0.00103907298762, 0.00124372367281, 0.000947460066527, 0.000628917186987, 0.000262331042904, 0.00015101461031, 6.55399344396e-05, 6.60894947941e-05, 9.38352241064e-05, 0.000148248422192, 8.46241528052e-05, 8.17283289507e-05, 0.000110827524622, 1.74397209776e-05, 1.31258548208e-05, 1.80116549018e-05, 1.58700895554e-05, 1.42422313729e-05, 9.80615004664e-06, 6.4089767875e-06, 5.52945721211e-06, 6.16587522018e-06, 6.17913201495e-06, 5.61069100513e-06, 4.92221397508e-06, 6.55964868201e-06, 6.6866959969e-06, 3.99535292672e-06, 3.04323043565e-06, 2.60503634308e-06, 2.49738218372e-06, 2.27601412917e-06, 2.07735706681e-06, 1.76701291821e-06, 1.58776788339e-06, 1.34321351197e-06, 1.15566217573e-06, 1.0058230373e-06, 8.56024769291e-07, 6.85314546445e-07], "dmean2": [0.00154084141832, 0.00197619362734, 0.00158221833408, 0.00104889483191, 0.000433367851656, 0.000230798556004, 0.000104388338514, 0.00011106520833, 0.000151782631292, 0.000231856392929, 0.000123675723444, 0.000105911683931, 0.000156527617946, 2.7374488127e-05, 2.13523690036e-05, 2.84145935439e-05, 2.47853149631e-05, 2.22450144065e-05, 1.54381668835e-05, 1.0300035683e-05, 8.97831432667e-06, 9.7883903436e-06, 1.02158210211e-05, 9.31025624595e-06, 7.89672139945e-06, 1.05501103462e-05, 1.07944606498e-05, 6.22000379735e-06, 4.74459739053e-06, 4.07308289141e-06, 3.83425913242e-06, 3.42638963957e-06, 3.25699556925e-06, 2.74009039458e-06, 2.40319104705e-06, 1.98848874788e-06, 1.73284354332e-06, 1.48450794768e-06, 1.27271732708e-06, 1.02141314073e-06], "dvar": [7.20159005141e-06, 1.09084649011e-05, 5.0048479352e-06, 2.21754635277e-06, 3.50247546521e-07, 8.02954005508e-08, 1.58824704499e-08, 3.71329136328e-08, 9.45898008808e-08, 3.12476487352e-07, 3.66975250188e-08, 3.71340860283e-08, 2.88445534125e-07, 1.53950696635e-09, 7.3803430034e-10, 1.88997750783e-09, 1.11192133279e-09, 7.93721088854e-10, 4.75952999235e-10, 2.4400714782e-10, 1.44084494336e-10, 1.91153398665e-10, 1.68952712931e-10, 1.34019975673e-10, 8.03173916264e-11, 1.97945104752e-10, 1.99956551317e-10, 1.02050458362e-10, 3.40509148655e-11, 3.14975788507e-11, 2.17469653396e-11, 1.8455653672e-11, 1.70107174874e-11, 1.22356144314e-11, 1.09106447835e-11, 7.31709311197e-12, 4.93666132279e-12, 5.01429193306e-12, 2.55870715241e-12, 1.61927611077e-12], "dvar2": [1.41615546454e-05, 2.51265082625e-05, 1.29093759824e-05, 5.59647742193e-06, 9.42885890254e-07, 1.85594643654e-07, 3.70264672256e-08, 1.04301392412e-07, 2.10291375424e-07, 6.94987704719e-07, 7.64777112749e-08, 6.25824583267e-08, 6.35165406493e-07, 3.78410813795e-09, 1.69027203345e-09, 4.66112837216e-09, 2.62303512244e-09, 1.79134695966e-09, 1.14385778627e-09, 6.05973937695e-10, 3.53355011917e-10, 4.75703532121e-10, 4.46960829459e-10, 3.54063112162e-10, 1.99646965626e-10, 5.16005183027e-10, 5.12644149353e-10, 2.53712467702e-10, 8.30085652992e-11, 7.70005934014e-11, 4.87688743556e-11, 4.12241248082e-11, 4.21206541867e-11, 2.83501104537e-11, 2.64441437497e-11, 1.71474102278e-11, 1.17612256739e-11, 1.01924007428e-11, 5.70859288659e-12, 3.59473952341e-12], "max": [0.0369272828102, 0.0339482575655, 0.0225058253855, 0.0192066542804, 0.00722691742703, 0.00383357121609, 0.00147535151336, 0.00306165777147, 0.00612279213965, 0.0122672785074, 0.00358305242844, 0.00366746075451, 0.00964673236012, 0.000956363102887, 0.000363980187103, 0.000931515940465, 0.000453410699265, 0.000422114011599, 0.000357054290362, 0.000247287680395, 0.000209696474485, 0.000235127328779, 0.000205387885217, 0.00012905074982, 0.000130405867822, 0.000183277647011, 0.000234753562836, 0.000316765304888, 0.000148080216604, 7.92332502897e-05, 5.15970023116e-05, 7.24042620277e-05, 5.17842745467e-05, 3.71107344108e-05, 6.11717332504e-05, 5.83666478633e-05, 2.67826235358e-05, 7.56787558203e-05, 2.2367843485e-05, 2.40369081439e-05], "mean": [0.00157172000036, 0.00168540480081, 0.0011715630535, 0.000863318855409, 0.00044266457553, 0.00027958539431, 0.000103817881609, 8.41296205181e-05, 0.000153645290993, 0.00030173631967, 0.000152784981765, 0.000164937169757, 0.000161804418894, 2.39925884671e-05, 1.74045599124e-05, 2.45517367148e-05, 2.1825389922e-05, 1.97285862669e-05, 1.29736954477e-05, 8.2903470684e-06, 7.23748689779e-06, 8.36156959849e-06, 8.10683195596e-06, 7.11859274816e-06, 6.65229572405e-06, 8.15815656097e-06, 7.74834279582e-06, 5.64112588108e-06, 4.81267898067e-06, 3.67534312318e-06, 3.68229416381e-06, 3.34098308485e-06, 2.85117585008e-06, 2.48768969868e-06, 2.13090402212e-06, 1.80419294793e-06, 1.53274959303e-06, 1.34321601308e-06, 1.13535668333e-06, 8.89945738436e-07], "median": [0.000545932387467, 0.000792911741883, 0.000632281182334, 0.000460220791865, 0.000256340252236, 0.000101453835669, 4.06442231906e-05, 3.70660345652e-05, 4.50002189609e-05, 6.14531381871e-05, 4.26569822594e-05, 3.09946626658e-05, 2.08107849176e-05, 8.88389240572e-06, 7.21093329048e-06, 1.1629547771e-05, 9.97495953925e-06, 8.23930349725e-06, 5.15771762366e-06, 2.98762324746e-06, 3.24869506585e-06, 3.63425647265e-06, 3.81791505788e-06, 3.18739193972e-06, 2.37587391894e-06, 2.76668470178e-06, 2.26637894229e-06, 1.74374167727e-06, 1.91691924556e-06, 1.28086412587e-06, 1.05645574422e-06, 9.86855411611e-07, 7.94789684733e-07, 5.28021132595e-07, 5.10308154844e-07, 4.160153253e-07, 3.8631338839e-07, 3.35398112838e-07, 2.81211100628e-07, 1.84736023812e-07], "min": [9.63330488194e-18, 5.6309662591e-18, 1.62432195437e-18, 1.28775539801e-18, 4.98164974417e-18, 8.31457715346e-18, 7.27698578131e-18, 3.00402612888e-18, 4.65772685027e-19, 7.53193752856e-19, 1.03741373511e-18, 6.29043300392e-19, 4.20985533597e-19, 8.19132610482e-19, 8.84043075811e-19, 9.01301785702e-19, 3.72499571681e-18, 2.06251033731e-18, 1.42722321916e-18, 2.27594816436e-18, 7.83427772931e-19, 1.88583324387e-18, 1.76964931619e-18, 2.63211890124e-18, 5.78885684006e-18, 2.19932704461e-18, 2.20900609175e-18, 4.74569544046e-19, 1.13966142723e-18, 3.03431024508e-18, 2.62042401494e-18, 2.08667414416e-18, 2.04840711466e-18, 1.79451829451e-18, 8.05920002859e-19, 2.44026283676e-18, 4.98684857432e-18, 4.54303019333e-18, 1.36656544446e-18, 1.29163332412e-18], "var": [1.30235275719e-05, 1.24751059047e-05, 4.45655132353e-06, 2.36073833548e-06, 3.9707302335e-07, 1.82896343404e-07, 2.80675411801e-08, 3.06942133932e-08, 2.17733600039e-07, 9.60433226282e-07, 1.05937218109e-07, 1.38979387998e-07, 5.1241880783e-07, 1.89886883994e-09, 1.03380959349e-09, 1.97562011195e-09, 1.36507449788e-09, 1.08929198994e-09, 5.61743151994e-10, 2.6285396082e-10, 1.61451810254e-10, 2.1402156436e-10, 1.67756725178e-10, 1.33879671238e-10, 1.3084255901e-10, 2.33523145265e-10, 2.32580121828e-10, 2.02140984507e-10, 7.29815097245e-11, 4.19165084586e-11, 3.85688078697e-11, 3.77994614775e-11, 2.36591024549e-11, 2.10561776348e-11, 1.52553681493e-11, 1.26323031896e-11, 7.56421921627e-12, 1.01617950166e-11, 4.61894932025e-12, 2.90042447525e-12]}, "mfcc": {"mean": [-667.439453125, 113.476882935, 14.3605823517, 20.9767990112, -1.48604059219, 5.25590372086, 3.16254878044, 2.87372565269, -0.207542583346, 0.469873338938, -4.17176055908, -8.34091091156, -11.7104816437], "cov": [[9686.92285156, -501.527923584, 225.84854126, 133.744216919, 65.4030532837, 213.840621948, 224.443756104, 376.421478271, 206.097305298, 119.461212158, -35.0584907532, 57.7488670349, 300.994812012], [-501.527923584, 792.170227051, -52.4296264648, 107.499740601, 2.35745096207, -8.22354602814, 26.5704669952, 9.26224994659, 49.0829200745, 72.053894043, 41.3572311401, 16.265707016, -2.59260010719], [225.84854126, -52.4296264648, 316.197174072, 98.0538787842, 110.63066864, 74.0048065186, 44.9596557617, 25.0855579376, 21.1655502319, 45.6008796692, 47.2946739197, 36.1098136902, 14.0270109177], [133.744216919, 107.499740601, 98.0538787842, 272.825073242, 95.7677841187, 47.8034172058, 58.8090400696, 5.43854808807, -12.680891037, 58.7355651855, 60.8509674072, 31.764591217, 31.4994716644], [65.4030532837, 2.35745096207, 110.63066864, 95.7677841187, 159.823150635, 89.5383911133, 51.22265625, 30.9140357971, 24.3839607239, 23.2656745911, 36.410533905, 29.9559707642, 17.1612606049], [213.840621948, -8.22354602814, 74.0048065186, 47.8034172058, 89.5383911133, 128.153961182, 66.4054870605, 63.0144004822, 39.1500816345, 23.1924552917, 13.327753067, 11.1969490051, 24.6212654114], [224.443756104, 26.5704669952, 44.9596557617, 58.8090400696, 51.22265625, 66.4054870605, 134.739654541, 84.2773284912, 54.7081565857, 35.981338501, 10.4015932083, -2.67956089973, 9.59052658081], [376.421478271, 9.26224994659, 25.0855579376, 5.43854808807, 30.9140357971, 63.0144004822, 84.2773284912, 136.265579224, 86.5303039551, 37.292930603, -3.22888565063, -9.69159412384, 24.0051136017], [206.097305298, 49.0829200745, 21.1655502319, -12.680891037, 24.3839607239, 39.1500816345, 54.7081565857, 86.5303039551, 121.221351624, 59.1340789795, 18.082490921, -1.62256121635, -7.28991699219], [119.461212158, 72.053894043, 45.6008796692, 58.7355651855, 23.2656745911, 23.1924552917, 35.981338501, 37.292930603, 59.1340789795, 109.155509949, 61.1503334045, 4.43500232697, -10.8346776962], [-35.0584907532, 41.3572311401, 47.2946739197, 60.8509674072, 36.410533905, 13.327753067, 10.4015932083, -3.22888565063, 18.082490921, 61.1503334045, 110.356765747, 42.9850006104, -22.260635376], [57.7488670349, 16.265707016, 36.1098136902, 31.764591217, 29.9559707642, 11.1969490051, -2.67956089973, -9.69159412384, -1.62256121635, 4.43500232697, 42.9850006104, 84.5590286255, 30.4729690552], [300.994812012, -2.59260010719, 14.0270109177, 31.4994716644, 17.1612606049, 24.6212654114, 9.59052658081, 24.0051136017, -7.28991699219, -10.8346776962, -22.260635376, 30.4729690552, 111.127319336]], "icov": [[0.000132853849209, 0.000107316511276, -4.27923660027e-05, -9.44084167713e-05, 0.000160545067047, -5.12890328537e-05, 1.27299372252e-05, -0.000255667197052, -9.06073764781e-05, -9.24320629565e-05, 5.23438866367e-05, -6.21287326794e-05, -0.000271910510492], [0.000107316511276, 0.0015981743345, 0.000492781342473, -0.000872959382832, 0.000296809041174, 0.000113376794616, -4.82470422867e-05, 0.000276011356618, -0.000998070463538, -0.000694417045452, 0.00029136610101, -0.00042949031922, -0.000151597632794], [-4.27923660027e-05, 0.000492781342473, 0.00465997960418, -0.000566298549529, -0.00220532855019, -0.000732045911718, -3.88894732168e-05, 0.000231026817346, 0.000274878228083, -0.00159936689306, 0.000313579716021, -0.00115266232751, 0.000396917603211], [-9.44084167713e-05, -0.000872959382832, -0.000566298549529, 0.0073844906874, -0.00344183738343, 0.00100325688254, -0.00295792380348, 0.000818282715045, 0.00435404991731, -0.00353291165084, -0.00157149578445, 0.000547197065316, -0.00192225899082], [0.000160545067047, 0.000296809041174, -0.00220532855019, -0.00344183738343, 0.0145950624719, -0.00788072030991, -0.000149804982357, 0.00134676822927, -0.00297570461407, 0.00325236632489, -0.00182103470434, -0.00126312486827, 0.000143682016642], [-5.12890328537e-05, 0.000113376794616, -0.000732045911718, 0.00100325688254, -0.00788072030991, 0.0171761736274, -0.00316474726424, -0.00394710060209, 0.000630549329799, -0.000312362972181, -9.15947166504e-05, 0.000595610879827, -0.00168394681532], [1.27299372252e-05, -4.82470422867e-05, -3.88894732168e-05, -0.00295792380348, -0.000149804982357, -0.00316474726424, 0.0152311548591, -0.00782140996307, -0.000520484347362, -0.000112159272248, 0.00105121789966, -0.000109536747914, 0.00210264185444], [-0.000255667197052, 0.000276011356618, 0.000231026817346, 0.000818282715045, 0.00134676822927, -0.00394710060209, -0.00782140996307, 0.0228527337313, -0.01208197698, 0.000973413698375, -0.000345562933944, 0.00381644675508, -0.00497058266774], [-9.06073764781e-05, -0.000998070463538, 0.000274878228083, 0.00435404991731, -0.00297570461407, 0.000630549329799, -0.000520484347362, -0.01208197698, 0.023397853598, -0.0105376411229, 0.00269754952751, -0.00374142592773, 0.0040017128922], [-9.24320629565e-05, -0.000694417045452, -0.00159936689306, -0.00353291165084, 0.00325236632489, -0.000312362972181, -0.000112159272248, 0.000973413698375, -0.0105376411229, 0.0236545782536, -0.0125944390893, 0.00688094366342, -0.00199092854746], [5.23438866367e-05, 0.00029136610101, 0.000313579716021, -0.00157149578445, -0.00182103470434, -9.15947166504e-05, 0.00105121789966, -0.000345562933944, 0.00269754952751, -0.0125944390893, 0.0233267620206, -0.0129117183387, 0.0077186957933], [-6.21287326794e-05, -0.00042949031922, -0.00115266232751, 0.000547197065316, -0.00126312486827, 0.000595610879827, -0.000109536747914, 0.00381644675508, -0.00374142592773, 0.00688094366342, -0.0129117183387, 0.0223788749427, -0.00890085659921], [-0.000271910510492, -0.000151597632794, 0.000396917603211, -0.00192225899082, 0.000143682016642, -0.00168394681532, 0.00210264185444, -0.00497058266774, 0.0040017128922, -0.00199092854746, 0.0077186957933, -0.00890085659921, 0.0155249135569]]}, "spectral_contrast_coeffs": {"dmean": [0.0569854676723, 0.0444062277675, 0.0399266928434, 0.0291839484125, 0.0225511733443, 0.0176331233233], "dmean2": [0.0923393517733, 0.0706243664026, 0.062132190913, 0.0475591085851, 0.0358838513494, 0.0277312453836], "dvar": [0.00257483893074, 0.00140637869481, 0.00122278463095, 0.000583729939535, 0.000388615182601, 0.000223645532969], "dvar2": [0.00608827546239, 0.00343742128462, 0.0027264424134, 0.00142976595089, 0.00087521772366, 0.00057053094497], "max": [-0.246898233891, -0.485852569342, -0.422312200069, -0.668260753155, -0.654007971287, -0.665020227432], "mean": [-0.625194966793, -0.740558803082, -0.726106882095, -0.797215163708, -0.803158700466, -0.767860412598], "median": [-0.631786882877, -0.74340736866, -0.735044419765, -0.798354744911, -0.805817246437, -0.765787482262], "min": [-0.964636623859, -0.947543144226, -0.966439902782, -0.958661735058, -0.955850660801, -0.926894187927], "var": [0.00760532077402, 0.00418111309409, 0.00580753711984, 0.001379613881, 0.00112239306327, 0.000806478317827]}, "spectral_contrast_valleys": {"dmean": [0.498890280724, 0.436627745628, 0.435705929995, 0.39696341753, 0.388937830925, 0.524159550667], "dmean2": [0.807641983032, 0.678576409817, 0.65727430582, 0.570766150951, 0.515962898731, 0.618191540241], "dvar": [0.286787807941, 0.20351113379, 0.217457652092, 0.21261946857, 0.215268015862, 0.335113584995], "dvar2": [0.612207531929, 0.407158762217, 0.41999912262, 0.369705796242, 0.36687913537, 0.617328107357], "max": [-5.02110433578, -4.52327775955, -5.12691116333, -5.66812086105, -5.69886684418, -7.91322851181], "mean": [-7.518