{"lowlevel": {"average_loudness": 0.942142248154, "barkbands_crest": {"dmean": 3.06027460098, "dmean2": 4.76485347748, "dvar": 10.1483945847, "dvar2": 20.9619560242, "max": 26.2031078339, "mean": 12.3521556854, "median": 11.5687608719, "min": 2.40405535698, "var": 27.3777580261}, "barkbands_flatness_db": {"dmean": 0.0307550188154, "dmean2": 0.0412808582187, "dvar": 0.000902230967768, "dvar2": 0.0015880188439, "max": 0.490549355745, "mean": 0.166960015893, "median": 0.163323938847, "min": 0.0322374142706, "var": 0.0043658670038}, "barkbands_kurtosis": {"dmean": 8.03355884552, "dmean2": 11.7430896759, "dvar": 234.585113525, "dvar2": 497.839233398, "max": 295.970214844, "mean": 13.3167791367, "median": 5.25043773651, "min": -1.94684696198, "var": 530.93737793}, "barkbands_skewness": {"dmean": 0.891023933887, "dmean2": 1.27476263046, "dvar": 1.13661193848, "dvar2": 2.17096138, "max": 13.8076190948, "mean": 2.62893986702, "median": 2.12893486023, "min": -1.77186119556, "var": 4.1022939682}, "barkbands_spread": {"dmean": 6.05673408508, "dmean2": 8.7088842392, "dvar": 55.2267837524, "dvar2": 108.798698425, "max": 110.419342041, "mean": 16.0375804901, "median": 12.714471817, "min": 0.239934191108, "var": 160.886245728}, "dissonance": {"dmean": 0.0173196736723, "dmean2": 0.0280345436186, "dvar": 0.00029308203375, "dvar2": 0.000708321167622, "max": 0.499999910593, "mean": 0.452800929546, "median": 0.463060766459, "min": 0.256564170122, "var": 0.00136948062573}, "dynamic_complexity": 5.83255338669, "erbbands_crest": {"dmean": 2.00411844254, "dmean2": 3.11005806923, "dvar": 4.04096460342, "dvar2": 9.65454483032, "max": 26.8463954926, "mean": 8.24355697632, "median": 7.2520532608, "min": 2.37490296364, "var": 16.365020752}, "erbbands_flatness_db": {"dmean": 0.0215789303184, "dmean2": 0.0287461020052, "dvar": 0.000515572493896, "dvar2": 0.000958430522587, "max": 0.401106178761, "mean": 0.157276526093, "median": 0.146045893431, "min": 0.0490542165935, "var": 0.00368205225095}, "erbbands_kurtosis": {"dmean": 0.964117765427, "dmean2": 1.57176434994, "dvar": 2.55789923668, "dvar2": 6.29645729065, "max": 40.2780303955, "mean": 0.490027338266, "median": -0.453912734985, "min": -1.61467921734, "var": 6.94094419479}, "erbbands_skewness": {"dmean": 0.41305655241, "dmean2": 0.609661638737, "dvar": 0.217414543033, "dvar2": 0.502631664276, "max": 5.29432535172, "mean": 0.438415020704, "median": 0.351243168116, "min": -2.47508525848, "var": 0.644093990326}, "erbbands_spread": {"dmean": 9.89713001251, "dmean2": 14.5907430649, "dvar": 131.90385437, "dvar2": 300.174377441, "max": 118.162918091, "mean": 42.4519767761, "median": 40.5863113403, "min": 2.12558484077, "var": 446.148712158}, "hfc": {"dmean": 7.26933193207, "dmean2": 11.072476387, "dvar": 264.008728027, "dvar2": 644.455932617, "max": 157.560531616, "mean": 9.83789157867, "median": 4.02220630646, "min": 1.13832069567e-16, "var": 294.702453613}, "melbands_crest": {"dmean": 3.56184577942, "dmean2": 5.49077510834, "dvar": 11.5734930038, "dvar2": 24.4069728851, "max": 31.6581821442, "mean": 16.8355083466, "median": 17.0076313019, "min": 1.91143798828, "var": 38.3895568848}, "melbands_flatness_db": {"dmean": 0.0380210317671, "dmean2": 0.050054974854, "dvar": 0.00133157393429, "dvar2": 0.0022180469241, "max": 0.624104559422, "mean": 0.248580947518, "median": 0.247455179691, "min": 0.00683055724949, "var": 0.00701938802376}, "melbands_kurtosis": {"dmean": 18.3995361328, "dmean2": 26.451997757, "dvar": 989.940917969, "dvar2": 2045.5222168, "max": 565.543884277, "mean": 34.3785476685, "median": 13.8996143341, "min": -1.52965223789, "var": 2440.47167969}, "melbands_skewness": {"dmean": 1.17939221859, "dmean2": 1.67533409595, "dvar": 1.89013266563, "dvar2": 3.55415344238, "max": 17.6263465881, "mean": 3.96255612373, "median": 3.15209293365, "min": -0.935703456402, "var": 7.72676229477}, "melbands_spread": {"dmean": 6.14254951477, "dmean2": 8.8471660614, "dvar": 68.2681732178, "dvar2": 132.385360718, "max": 125.832130432, "mean": 14.4805345535, "median": 10.2896976471, "min": 0.295971512794, "var": 167.002639771}, "pitch_salience": {"dmean": 0.0971500575542, "dmean2": 0.150230839849, "dvar": 0.0104962140322, "dvar2": 0.0225694142282, "max": 0.868601024151, "mean": 0.482844173908, "median": 0.487092077732, "min": 0.0561869032681, "var": 0.031582403928}, "silence_rate_20dB": {"dmean": 0, "dmean2": 0, "dvar": 0, "dvar2": 0, "max": 1, "mean": 1, "median": 1, "min": 1, "var": 0}, "silence_rate_30dB": {"dmean": 0.0487893670797, "dmean2": 0.0975965037942, "dvar": 0.0464088879526, "dvar2": 0.123392656446, "max": 1, "mean": 0.968875110149, "median": 1, "min": 0, "var": 0.0301545895636}, "silence_rate_60dB": {"dmean": 0.0892044454813, "dmean2": 0.178441375494, "dvar": 0.0812483206391, "dvar2": 0.178290084004, "max": 1, "mean": 0.234801605344, "median": 0, "min": 0, "var": 0.17966760695}, "spectral_centroid": {"dmean": 292.226959229, "dmean2": 415.371948242, "dvar": 115644.179688, "dvar2": 212302.59375, "max": 10613.6074219, "mean": 1108.38757324, "median": 985.996459961, "min": 97.5068359375, "var": 345779.0625}, "spectral_complexity": {"dmean": 3.79282712936, "dmean2": 5.243080616, "dvar": 33.4145851135, "dvar2": 49.5841064453, "max": 58, "mean": 11.1030216217, "median": 9, "min": 0, "var": 87.9989700317}, "spectral_decrease": {"dmean": 4.39793002016e-09, "dmean2": 7.23567028516e-09, "dvar": 6.99814121159e-17, "dvar2": 1.75674845019e-16, "max": 1.47904856608e-16, "mean": -6.23939655497e-09, "median": -3.05346503637e-09, "min": -5.82711230379e-08, "var": 8.36414595167e-17}, "spectral_energy": {"dmean": 0.0171887036413, "dmean2": 0.0282045155764, "dvar": 0.00106802117079, "dvar2": 0.00268482766114, "max": 0.223290875554, "mean": 0.0244412086904, "median": 0.0120024336502, "min": 1.07133266387e-20, "var": 0.0012667295523}, "spectral_energyband_high": {"dmean": 0.000357714452548, "dmean2": 0.000523095543031, "dvar": 5.90001207001e-07, "dvar2": 1.25947610741e-06, "max": 0.00768446037546, "mean": 0.000449671235401, "median": 6.14286545897e-05, "min": 7.59727022436e-21, "var": 9.41846167279e-07}, "spectral_energyband_low": {"dmean": 0.00975535996258, "dmean2": 0.0152800390497, "dvar": 0.000408813386457, "dvar2": 0.000994648318738, "max": 0.214473441243, "mean": 0.0149853266776, "median": 0.00713048595935, "min": 7.52538972354e-23, "var": 0.000630177732091}, "spectral_energyband_middle_high": {"dmean": 0.001451700693, "dmean2": 0.0022777011618, "dvar": 2.19891880988e-05, "dvar2": 5.59488398721e-05, "max": 0.0469955429435, "mean": 0.00179192679934, "median": 0.0007306811749, "min": 1.70372952895e-21, "var": 1.95117845578e-05}, "spectral_energyband_middle_low": {"dmean": 0.00992780551314, "dmean2": 0.0184165034443, "dvar": 0.000753784494009, "dvar2": 0.00213258666918, "max": 0.190459132195, "mean": 0.00803192984313, "median": 0.00235541700386, "min": 3.48376248093e-22, "var": 0.000451512285508}, "spectral_entropy": {"dmean": 0.228355616331, "dmean2": 0.311824709177, "dvar": 0.0551792941988, "dvar2": 0.10593688488, "max": 9.79905033112, "mean": 7.41465187073, "median": 7.43809318542, "min": 5.14746856689, "var": 0.266599327326}, "spectral_flux": {"dmean": 0.0442348755896, "dmean2": 0.0712206959724, "dvar": 0.00443544518203, "dvar2": 0.00823147036135, "max": 0.453621059656, "mean": 0.079392015934, "median": 0.0464058853686, "min": 1.03505204407e-10, "var": 0.00772429490462}, "spectral_kurtosis": {"dmean": 2.46181035042, "dmean2": 3.99608373642, "dvar": 10.75436306, "dvar2": 28.355802536, "max": 50.3704376221, "mean": 6.07542181015, "median": 4.28177070618, "min": -1.20021057129, "var": 38.4622383118}, "spectral_rms": {"dmean": 0.00136160932016, "dmean2": 0.00209408649243, "dvar": 4.35388892583e-06, "dvar2": 1.00101387943e-05, "max": 0.0147595647722, "mean": 0.0039160461165, "median": 0.0034219424706, "min": 3.23295925621e-12, "var": 8.50967535371e-06}, "spectral_rolloff": {"dmean": 420.373840332, "dmean2": 654.475891113, "dvar": 586840.5, "dvar2": 1201828.25, "max": 19573.6816406, "mean": 927.640991211, "median": 538.330078125, "min": 64.599609375, "var": 1673736.75}, "spectral_skewness": {"dmean": 0.301390558481, "dmean2": 0.459913998842, "dvar": 0.102236233652, "dvar2": 0.245933875442, "max": 5.56754732132, "mean": 1.68321597576, "median": 1.53767156601, "min": -0.1148641482, "var": 0.454675525427}, "spectral_spread": {"dmean": 685110.1875, "dmean2": 893502.375, "dvar": 770725773312, "dvar2": 1200668934140.0, "max": 40771660, "mean": 4303160.5, "median": 4058345.5, "min": 1110529.875, "var": 2735866904580.0}, "spectral_strongpeak": {"dmean": 0.188396245241, "dmean2": 0.319925159216, "dvar": 0.0652575567365, "dvar2": 0.175387248397, "max": 3.67853355408, "mean": 0.387756943703, "median": 0.334610581398, "min": 0, "var": 0.0925684124231}, "zerocrossingrate": {"dmean": 0.0114261191338, "dmean2": 0.0126280980185, "dvar": 0.000148834355059, "dvar2": 0.000182423857041, "max": 0.6005859375, "mean": 0.0441939868033, "median": 0.03759765625, "min": 0.0029296875, "var": 0.00111140462104}, "barkbands": {"dmean": [0.000277152081253, 0.00712455250323, 0.00339422328398, 0.0025171386078, 0.00569309573621, 0.000950945308432, 0.000351166119799, 0.000515338615514, 0.000288998679025, 0.000284335023025, 0.00014315561566, 0.000159599323524, 0.000177530935616, 0.000119551164971, 0.00026527774753, 0.000198217341676, 0.00014461898536, 9.82759593171e-05, 9.31552640395e-05, 9.02642204892e-05, 7.75126609369e-05, 7.97918255557e-05, 6.34309471934e-05, 3.82227808586e-05, 2.78711104329e-05, 3.04506593238e-05, 2.53607208833e-06], "dmean2": [0.000475446839118, 0.0111799705774, 0.00557651137933, 0.00476086558774, 0.0107938488945, 0.00171147973742, 0.000591907009948, 0.000823618262075, 0.000495289394166, 0.000473450490972, 0.000234148275922, 0.000269819633104, 0.000305772322463, 0.000190467297216, 0.000438352319179, 0.000319480459439, 0.000224160088692, 0.000158119903062, 0.000144972611452, 0.000138475908898, 0.0001161391192, 0.000121927354485, 9.1631700343e-05, 5.48809111933e-05, 4.2634728743e-05, 4.8009929742e-05, 4.02193609261e-06], "dvar": [7.23994105556e-07, 0.000250902725384, 8.60663567437e-05, 8.00084890216e-05, 0.000297860358842, 7.16570821169e-06, 7.20306957191e-07, 3.39200801136e-06, 7.68930306094e-07, 1.25733129153e-06, 1.569186594e-07, 3.11484797066e-07, 5.45260263607e-07, 9.37819493174e-08, 8.96962376373e-07, 3.97985786549e-07, 1.71024908013e-07, 7.97772017336e-08, 7.29218925244e-08, 4.27804955905e-08, 3.95262169661e-08, 5.14233953197e-08, 2.2331054339e-08, 5.34631183768e-09, 3.98293398263e-09, 5.67965097176e-09, 5.54279261378e-11], "dvar2": [2.03749164029e-06, 0.000593941251282, 0.000220613219426, 0.000230777979596, 0.000852290075272, 2.0253672119e-05, 2.01561260837e-06, 8.74845773069e-06, 2.09774134419e-06, 3.2453735912e-06, 4.33624137486e-07, 8.29143857572e-07, 1.52691745825e-06, 2.31558061614e-07, 2.37913400269e-06, 1.03742002011e-06, 4.02466980631e-07, 2.03992797765e-07, 1.78753197133e-07, 8.89984406172e-08, 9.67627187265e-08, 1.30219362404e-07, 4.07919209522e-08, 1.05438653364e-08, 9.18764886393e-09, 1.34983775268e-08, 1.2815318251e-10], "max": [0.0147477257997, 0.16623391211, 0.119249463081, 0.0882396996021, 0.152784839272, 0.0416452251375, 0.0105132227764, 0.0226279553026, 0.00906270742416, 0.0116973556578, 0.00499867508188, 0.00625747861341, 0.008490270935, 0.00308554549702, 0.0101584577933, 0.00584849063307, 0.0093080997467, 0.00293549941853, 0.00366786983795, 0.00267807487398, 0.00225470261648, 0.0028341403231, 0.00151298404671, 0.00116041465662, 0.000621200539172, 0.000571278622374, 7.07733415766e-05], "mean": [0.000291814620141, 0.0100890835747, 0.00388911645859, 0.0015772896586, 0.00365065829828, 0.00104884651955, 0.000562349392567, 0.000689216714818, 0.000338535319315, 0.00027745438274, 0.000190649021533, 0.000166155266925, 0.000157253612997, 0.000140133954119, 0.000252685509622, 0.000204192561796, 0.000186102755833, 0.000122673038277, 0.000113854024676, 0.000119238226034, 8.7344997155e-05, 9.24462365219e-05, 7.68350946601e-05, 5.15199499205e-05, 3.42191488016e-05, 2.90737225441e-05, 2.47742332249e-06], "median": [5.85397574469e-05, 0.00299228867516, 0.00129870139062, 0.000156132678967, 0.000330255366862, 0.000280721462332, 0.000177133188117, 0.000188541802345, 0.000111653098429, 8.06554962764e-05, 7.25304707885e-05, 4.77163048345e-05, 3.82209691452e-05, 4.65328994323e-05, 6.31510047242e-05, 3.91535504605e-05, 5.76511229156e-05, 4.95278472954e-05, 3.66524691344e-05, 3.26701483573e-05, 1.85970820894e-05, 1.03309084807e-05, 4.02158457291e-06, 3.66996800949e-06, 2.09510926652e-06, 1.17064575988e-06, 8.49151575721e-08], "min": [1.08626919733e-23, 3.95839295078e-23, 2.22970651337e-23, 1.25608002687e-23, 1.48241400246e-23, 3.44123530507e-23, 3.69502384897e-23, 4.81041668651e-23, 1.49529783653e-22, 6.65738208816e-23, 3.63118638462e-23, 8.0877560411e-23, 8.90767345353e-23, 1.03545270263e-22, 2.21931992892e-22, 3.21179504768e-22, 1.23527009707e-22, 2.58968974527e-22, 2.99844793141e-22, 2.65190474362e-22, 4.94299485905e-22, 4.01740126111e-22, 8.40055226423e-22, 9.5669435709e-22, 1.44376338375e-21, 1.46017219545e-21, 2.14569883492e-21], "var": [5.69498126879e-07, 0.000379982753657, 7.49398823245e-05, 4.47669444839e-05, 0.000169815379195, 5.66750077269e-06, 8.81772507455e-07, 3.04323475575e-06, 6.00231317094e-07, 9.36009598718e-07, 1.44173739614e-07, 2.39126393353e-07, 3.5063575865e-07, 9.39735684824e-08, 6.82487495851e-07, 3.48250296156e-07, 2.37548107407e-07, 7.38042160719e-08, 7.51076711936e-08, 6.61128325419e-08, 4.28160191746e-08, 5.76393510698e-08, 3.64262966457e-08, 1.37249394072e-08, 6.07017769383e-09, 5.52880274896e-09, 5.72539411714e-11]}, "erbbands": {"dmean": [0.193020224571, 1.71213436127, 3.87570858002, 5.7904253006, 13.9597482681, 20.9034366608, 12.8757619858, 7.06435585022, 5.28335523605, 9.39073085785, 8.32737827301, 6.92928409576, 9.63248348236, 4.93562459946, 6.00083971024, 7.63004827499, 7.21624517441, 7.25497627258, 10.5335836411, 14.7009077072, 8.45323753357, 7.08991479874, 5.74307537079, 5.43402385712, 4.11243486404, 4.37785959244, 3.73454737663, 2.76196861267, 2.94184732437, 2.55710101128, 1.7055965662, 0.964314341545, 0.602199375629, 0.317095071077, 0.208674386144, 0.153871119022, 0.0558490566909, 0.00577397132292, 0.000484552612761, 3.91006287828e-05], "dmean2": [0.272734493017, 2.76115894318, 6.37498855591, 10.092458725, 26.5227832794, 39.6774101257, 24.2578926086, 12.3848562241, 8.97682476044, 15.141535759, 13.5593519211, 11.6253252029, 16.0356407166, 8.31355667114, 9.66836547852, 12.9204101562, 12.2718410492, 11.7864923477, 17.0549869537, 24.0607128143, 13.7722978592, 10.9639225006, 9.09296607971, 8.72705745697, 6.3109087944, 6.67602968216, 5.54103469849, 4.12575769424, 4.60882139206, 3.83727478981, 2.40724110603, 1.358086586, 0.885759055614, 0.486899137497, 0.321814537048, 0.2411968261, 0.089403025806, 0.00908002257347, 0.000763103831559, 6.19375496171e-05], "dvar": [0.236365810037, 13.7932186127, 105.790245056, 303.699523926, 2207.20458984, 4359.41650391, 1714.90710449, 342.73815918, 176.978317261, 914.280639648, 715.862609863, 412.912567139, 1262.60424805, 296.496734619, 239.980041504, 803.472045898, 786.649536133, 437.891815186, 1359.48706055, 2308.44238281, 767.987609863, 390.46786499, 258.074645996, 253.350738525, 108.794158936, 98.2204055786, 112.888618469, 39.6691513062, 95.1156082153, 36.4689064026, 17.0342578888, 3.51548337936, 1.62015235424, 0.466617673635, 0.252312958241, 0.151919707656, 0.0193670485169, 0.000222719783778, 1.87835621546e-06, 7.63936114367e-09], "dvar2": [0.488400787115, 34.126411438, 272.798522949, 824.21496582, 6349.22509766, 12515.6025391, 4952.75634766, 946.839782715, 477.25668335, 2472.31420898, 1828.34790039, 1118.42102051, 3232.28662109, 796.225891113, 641.098205566, 2176.49316406, 2159.59790039, 1112.79345703, 3533.26586914, 6002.79003906, 2009.27148438, 920.081237793, 644.187866211, 646.00390625, 255.155014038, 193.629898071, 283.175109863, 91.4039382935, 256.579956055, 79.5467758179, 32.3156890869, 6.19950628281, 3.35037469864, 1.06719172001, 0.588192164898, 0.361798703671, 0.0467963777483, 0.00051897711819, 4.31431362813e-06, 1.78763119862e-08], "max": [6.16331243515, 33.1722679138, 130.550094604, 191.478805542, 434.971984863, 676.733825684, 450.251434326, 323.21105957, 162.52532959, 349.482574463, 305.447662354, 244.185043335, 372.602478027, 222.554580688, 184.983978271, 313.26864624, 319.667449951, 235.767791748, 478.063446045, 466.817199707, 345.82723999, 393.529083252, 208.128509521, 200.560073853, 145.606414795, 127.466369629, 138.848052979, 73.6326828003, 127.765663147, 73.9786071777, 46.0844230652, 19.0144252777, 26.4804153442, 8.57668685913, 4.69853878021, 3.08547329903, 1.20698201656, 0.133806869388, 0.0121655128896, 0.000707156199496], "mean": [0.246757984161, 2.38558959961, 4.97609090805, 4.83615779877, 8.40741920471, 13.4682397842, 9.71701526642, 8.80336666107, 7.87347555161, 14.213060379, 10.7735424042, 9.04944610596, 10.1020154953, 5.3020658493, 8.16547870636, 7.95894098282, 6.92042016983, 8.13226222992, 10.8841323853, 13.9406423569, 9.65578079224, 9.14272785187, 7.57977390289, 6.45089387894, 5.20593595505, 5.76372671127, 4.41487598419, 3.21450281143, 3.27290606499, 2.93318152428, 1.99483370781, 1.26502132416, 0.801337361336, 0.406012028456, 0.239698261023, 0.15042540431, 0.0519957877696, 0.00557392230257, 0.000483621377498, 4.8973459343e-05], "median": [0.0520462542772, 0.778223872185, 1.93231713772, 1.34013104439, 0.552986621857, 1.10548663139, 1.6558778286, 2.48804569244, 2.42058801651, 5.29659175873, 3.07198667526, 3.24725866318, 3.65057563782, 1.71479487419, 3.00720500946, 2.27946233749, 2.12480640411, 2.81380391121, 3.00674390793, 3.37815856934, 2.68031787872, 2.75165128708, 2.80044794083, 2.30084013939, 1.74766564369, 1.49662160873, 0.929797410965, 0.641949594021, 0.382631778717, 0.192127048969, 0.109707936645, 0.0827672332525, 0.0585927441716, 0.0280770491809, 0.0121904592961, 0.00583550613374, 0.00206761155277, 0.000254166981904, 2.68227504421e-05, 1.65966357599e-05], "min": [1.36510579783e-21, 8.1743684499e-21, 2.02652787727e-20, 3.79606107798e-20, 4.37480477902e-20, 5.22697270842e-20, 9.96535309345e-20, 3.47498627032e-19, 6.25772731648e-19, 4.34388056719e-19, 1.82944558228e-18, 3.32597082035e-18, 3.24063349168e-18, 1.24066348875e-18, 1.88678987825e-18, 3.60032470924e-18, 3.71621147229e-18, 3.69938206914e-18, 8.05487966425e-18, 1.5982088964e-17, 1.60648533474e-17, 8.29772417566e-18, 1.34125384179e-17, 1.0988376445e-17, 1.75196622128e-17, 1.20530298581e-17, 1.95212639329e-17, 1.85967208535e-17, 1.61779702962e-17, 1.48989985223e-17, 2.454839124e-17, 1.82370643776e-17, 1.74621698515e-17, 1.40952502821e-17, 1.16545968093e-17, 5.41826710434e-18, 2.38090042689e-18, 1.28355083895e-18, 3.09154101051e-19, 3.02358133772e-20], "var": [0.37313747406, 18.9527187347, 98.099937439, 210.940155029, 1227.05847168, 2478.70581055, 1003.83117676, 331.248199463, 259.020690918, 822.348815918, 687.631896973, 348.712402344, 971.57824707, 227.489608765, 254.427627563, 592.382751465, 538.155639648, 390.113067627, 1089.7331543, 1870.18566895, 696.809265137, 521.058166504, 285.312438965, 235.264587402, 128.465911865, 158.524017334, 120.583862305, 49.3989982605, 88.3361816406, 51.2612915039, 25.9314594269, 7.60470247269, 4.19075393677, 0.865949392319, 0.321334213018, 0.150011286139, 0.0180149506778, 0.000227701500989, 1.97348094844e-06, 8.60665316793e-09]}, "gfcc": {"mean": [-81.0127792358, 105.264030457, -112.013244629, 30.1602916718, -51.1278839111, 4.300552845, -30.5913982391, 9.19639110565, -16.7452430725, 5.20565843582, -13.6420154572, -1.29694867134, -9.57391738892], "cov": [[18956.4101562, -2539.02124023, 862.801574707, 2355.19580078, 313.319213867, 2119.96386719, -413.086395264, 670.202453613, -379.559997559, 705.81451416, -274.701934814, 588.194763184, -375.098937988], [-2539.02124023, 1499.44262695, -339.244049072, -213.153015137, 272.177001953, -321.642608643, 277.468353271, -79.9256591797, 189.101409912, -141.451553345, 160.942214966, -162.07951355, 130.062225342], [862.801574707, -339.244049072, 1360.08642578, 438.853912354, 262.645111084, 410.621032715, 103.570785522, 186.87677002, -32.0201835632, 31.0742683411, -75.0543365479, 72.9833450317, -70.5772323608], [2355.19580078, -213.153015137, 438.853912354, 732.179382324, 326.077880859, 450.317871094, 107.398551941, 188.11541748, 15.4874753952, 90.9178619385, 2.73642420769, 71.137260437, -3.77119994164], [313.319213867, 272.177001953, 262.645111084, 326.077880859, 503.36541748, 174.620956421, 185.101654053, 155.156112671, 74.0358657837, 3.96140122414, 27.3287200928, -21.1937179565, 43.3470306396], [2119.96386719, -321.642608643, 410.621032715, 450.317871094, 174.620956421, 480.990081787, 74.9751663208, 190.419586182, 5.42047357559, 108.240715027, -16.7592754364, 94.5076065063, -49.2084693909], [-413.086395264, 277.468353271, 103.570785522, 107.398551941, 185.101654053, 74.9751663208, 224.632324219, 92.9098815918, 98.9875411987, -0.834513962269, 42.0641021729, -29.6048812866, 22.4404411316], [670.202453613, -79.9256591797, 186.87677002, 188.11541748, 155.156112671, 190.419586182, 92.9098815918, 224.815856934, 72.6361541748, 74.1806411743, 12.142829895, 27.7342815399, -14.0138273239], [-379.559997559, 189.101409912, -32.0201835632, 15.4874753952, 74.0358657837, 5.42047357559, 98.9875411987, 72.6361541748, 140.470825195, 26.2553367615, 59.8272476196, -16.1860427856, 19.461227417], [705.81451416, -141.451553345, 31.0742683411, 90.9178619385, 3.96140122414, 108.240715027, -0.834513962269, 74.1806411743, 26.2553367615, 121.335845947, 26.6913509369, 50.1599884033, -13.4987430573], [-274.701934814, 160.942214966, -75.0543365479, 2.73642420769, 27.3287200928, -16.7592754364, 42.0641021729, 12.142829895, 59.8272476196, 26.6913509369, 95.2890853882, 11.8776578903, 35.2863769531], [588.194763184, -162.07951355, 72.9833450317, 71.137260437, -21.1937179565, 94.5076065063, -29.6048812866, 27.7342815399, -16.1860427856, 50.1599884033, 11.8776578903, 100.665504456, 0.714380443096], [-375.098937988, 130.062225342, -70.5772323608, -3.77119994164, 43.3470306396, -49.2084693909, 22.4404411316, -14.0138273239, 19.461227417, -13.4987430573, 35.2863769531, 0.714380443096, 79.2054595947]], "icov": [[0.000225179566769, -8.93199321581e-05, 0.000226596763241, -0.000494038686156, 3.36228695232e-05, -0.000630285183433, 0.00059932062868, -0.000120409109513, 0.000296069105389, -0.000475450069644, 0.000434957124526, -0.000236440158915, 0.000444956502179], [-8.93199321581e-05, 0.00194614264183, 7.88650140748e-05, 0.0005735551822, -0.00103275559377, 0.000732253538445, -0.00174773915205, 0.00103497016244, -0.000800579262432, 0.0012934616534, -0.00226702191867, 0.000985946739092, -0.000404511054512], [0.000226596763241, 7.88650140748e-05, 0.00139010022394, -0.000620254024398, -0.000348313275026, -0.0010703294538, 0.000133085995913, -0.000308857561322, 0.000545752234757, 0.000214120416786, 0.000805043673608, -0.00083280436229, 0.00113730377052], [-0.000494038686156, 0.0005735551822, -0.000620254024398, 0.00539247412235, -0.0018824118888, -0.0022348028142, -0.00108430290129, 0.000978355878033, -0.000406826409744, 0.000752501888201, -0.00174740783405, 0.0013457784662, -0.00246080290526], [3.36228695232e-05, -0.00103275559377, -0.000348313275026, -0.0018824118888, 0.00505338888615, 2.84959496639e-05, -0.000989601481706, -0.00237335031852, 0.000795354775619, 0.000348617264535, 0.000934856419917, 0.000981526565738, -0.00199366197921], [-0.000630285183433, 0.000732253538445, -0.0010703294538, -0.0022348028142, 2.84959496639e-05, 0.0105856927112, -0.0039040481206, -0.00192058354151, 0.000227300537517, -0.000206512850127, -0.000539468135685, -0.00314702722244, 0.00225755386055], [0.00059932062868, -0.00174773915205, 0.000133085995913, -0.00108430290129, -0.000989601481706, -0.0039040481206, 0.0125196799636, -0.00192880537361, -0.00331171648577, 4.26006881753e-05, 0.000872619217262, 0.00136442715302, 0.000422810291639], [-0.000120409109513, 0.00103497016244, -0.000308857561322, 0.000978355878033, -0.00237335031852, -0.00192058354151, -0.00192880537361, 0.011243281886, -0.00503676850349, -0.00304495473392, 0.00129318004474, 9.38237280934e-05, 0.000284687033854], [0.000296069105389, -0.000800579262432, 0.000545752234757, -0.000406826409744, 0.000795354775619, 0.000227300537517, -0.00331171648577, -0.00503676850349, 0.0167427714914, -0.00272883777507, -0.00576648535207, 0.00196640915237, 0.000909122172743], [-0.000475450069644, 0.0012934616534, 0.000214120416786, 0.000752501888201, 0.000348617264535, -0.000206512850127, 4.26006881753e-05, -0.00304495473392, -0.00272883777507, 0.0173926595598, -0.00652775960043, -0.00305367168039, 0.00155147654004], [0.000434957124526, -0.00226702191867, 0.000805043673608, -0.00174740783405, 0.000934856419917, -0.000539468135685, 0.000872619217262, 0.00129318004474, -0.00576648535207, -0.00652775960043, 0.0230800230056, -0.00530344387516, -0.00437862239778], [-0.000236440158915, 0.000985946739092, -0.00083280436229, 0.0013457784662, 0.000981526565738, -0.00314702722244, 0.00136442715302, 9.38237280934e-05, 0.00196640915237, -0.00305367168039, -0.00530344387516, 0.0185918677598, -0.00508761266246], [0.000444956502179, -0.000404511054512, 0.00113730377052, -0.00246080290526, -0.00199366197921, 0.00225755386055, 0.000422810291639, 0.000284687033854, 0.000909122172743, 0.00155147654004, -0.00437862239778, -0.00508761266246, 0.0207549333572]]}, "melbands": {"dmean": [0.0018632869469, 0.00202576490119, 0.00121484789997, 0.00132120167837, 0.000561386754271, 0.000159675124451, 7.82374845585e-05, 0.000113095258712, 6.58456483507e-05, 4.11971013818e-05, 4.86120043206e-05, 2.04539628612e-05, 1.93369742192e-05, 1.79850794666e-05, 2.00427493837e-05, 1.5501265807e-05, 1.31682199935e-05, 1.4810837456e-05, 2.07705925277e-05, 1.75321365532e-05, 9.1200308816e-06, 7.76131309976e-06, 6.61496278553e-06, 4.84656084154e-06, 4.57419719169e-06, 3.1824049529e-06, 2.36794357988e-06, 3.29269005306e-06, 2.52866880146e-06, 2.06630147659e-06, 1.50347000272e-06, 1.62352876032e-06, 1.65417213793e-06, 1.35601408147e-06, 1.03206161839e-06, 8.32470448131e-07, 5.39543236755e-07, 4.80655103274e-07, 2.99813649463e-07, 2.65500233354e-07], "dmean2": [0.00280998996459, 0.00333429477178, 0.00215382594615, 0.00250842631795, 0.00106050865725, 0.00028123287484, 0.000132005632622, 0.000182299176231, 0.000108455038571, 6.89743828843e-05, 8.11676873127e-05, 3.48430476151e-05, 3.17507947329e-05, 2.98853283311e-05, 3.42138519045e-05, 2.60298893409e-05, 2.13968960452e-05, 2.39224336838e-05, 3.4691493056e-05, 2.86043796223e-05, 1.49059796968e-05, 1.22478459161e-05, 1.02360590972e-05, 7.94468360255e-06, 7.43459258956e-06, 4.93492734677e-06, 3.76203593078e-06, 5.04963054482e-06, 3.83919950764e-06, 3.24994948642e-06, 2.24860878006e-06, 2.56464250015e-06, 2.56780231211e-06, 2.01952093448e-06, 1.45753529068e-06, 1.19896856177e-06, 7.84919507169e-07, 7.18056412552e-07, 4.50577289257e-07, 4.11490020724e-07], "dvar": [1.9016006263e-05, 2.33314767684e-05, 1.42762864925e-05, 1.64947741723e-05, 3.29942758981e-06, 1.77770260734e-07, 3.76573474625e-08, 1.50642151198e-07, 4.26828705713e-08, 1.42437324158e-08, 3.32426104421e-08, 5.61983926062e-09, 2.84795431682e-09, 3.43688366655e-09, 7.56136220303e-09, 3.07350833673e-09, 1.25883792279e-09, 2.56154897293e-09, 5.6752740285e-09, 3.03089064957e-09, 1.01735853075e-09, 4.82634654464e-10, 4.02702260427e-10, 2.28591201523e-10, 1.81842152447e-10, 7.3621435337e-11, 2.66247492803e-11, 5.87037779498e-11, 5.10397765718e-11, 3.71626861229e-11, 9.48836582221e-12, 2.72437940263e-11, 2.39282569453e-11, 9.10532933773e-12, 6.3168723724e-12, 3.82865874421e-12, 1.06512596052e-12, 1.21386895761e-12, 3.57916306185e-13, 3.6093084901e-13], "dvar2": [4.30362561019e-05, 5.92192664044e-05, 3.93150876334e-05, 4.72208303108e-05, 9.51064794208e-06, 4.93120126066e-07, 1.02712917283e-07, 4.0414673208e-07, 1.09491494982e-07, 3.87623870779e-08, 8.54153299201e-08, 1.51401557957e-08, 7.83297071649e-09, 9.44412903436e-09, 2.05452739266e-08, 8.25507839863e-09, 3.19100057489e-09, 6.61149313075e-09, 1.51800172432e-08, 7.93315990677e-09, 2.68333932851e-09, 1.20375798218e-09, 8.79587847002e-10, 5.9691429577e-10, 4.72321015632e-10, 1.71470684873e-10, 5.51415579864e-11, 1.22232293731e-10, 1.29201982446e-10, 9.58161328057e-11, 2.04065653264e-11, 7.41298550322e-11, 5.99803401391e-11, 1.88086161229e-11, 1.22343871145e-11, 7.26922211661e-12, 2.09468141617e-12, 2.64983000819e-12, 7.94353352627e-13, 8.50195131311e-13], "max": [0.0513729900122, 0.060337997973, 0.0373480655253, 0.0299233645201, 0.0211922731251, 0.00733420392498, 0.00241142557934, 0.00450502103195, 0.00233351695351, 0.00144584814552, 0.00191437161993, 0.00101853872184, 0.000700602366123, 0.000750006525777, 0.00106557528488, 0.000712052977178, 0.000369245099137, 0.000708457548171, 0.000718178751413, 0.000541374029126, 0.000451298052212, 0.000285432470264, 0.000601294334047, 0.000152578621055, 0.000178608373972, 0.000122339246445, 5.11239450134e-05, 0.000115180460853, 8.85302943061e-05, 6.6279542807e-05, 3.84038794436e-05, 6.85506602167e-05, 6.03436819802e-05, 3.63517574442e-05, 2.93182711175e-05, 2.13536095544e-05, 1.04431510408e-05, 2.49091117439e-05, 8.7500866357e-06, 7.75133139541e-06], "mean": [0.00255080778152, 0.0029040328227, 0.000950472895056, 0.000815821404103, 0.000413450063206, 0.000198797759367, 0.000119988901133, 0.000162385840667, 7.90597114246e-05, 5.44318900211e-05, 4.94015330332e-05, 2.03764338949e-05, 2.53966445598e-05, 2.09786649066e-05, 1.8420343622e-05, 1.4974435544e-05, 1.48086583067e-05, 1.58749808179e-05, 1.85781245818e-05, 1.77263282239e-05, 1.02975673144e-05, 9.55744417297e-06, 9.03267664398e-06, 5.55157703275e-06, 5.20468984178e-06, 3.92030369767e-06, 3.12566226057e-06, 4.15319072999e-06, 3.01284808302e-06, 2.093761168e-06, 1.81562927537e-06, 1.85283727205e-06, 1.77187166628e-06, 1.54835004196e-06, 1.13439205052e-06, 1.05491938029e-06, 6.67368794893e-07, 6.04328249665e-07, 4.07704987992e-07, 3.23882545672e-07], "median": [0.000653484021313, 0.00133017380722, 0.000234077946516, 6.0493221099e-05, 6.18104531895e-05, 5.44105641893e-05, 3.43578867614e-05, 5.47205308976e-05, 2.08425881283e-05, 1.93550731638e-05, 1.67742800841e-05, 5.40318660569e-06, 9.67301457422e-06, 7.00169130141e-06, 4.91451783091e-06, 4.15496833739e-06, 4.83785606775e-06, 4.48779610451e-06, 3.72745125787e-06, 4.3137006287e-06, 2.90289904115e-06, 3.01457612295e-06, 2.75024058283e-06, 1.96924338525e-06, 1.69501902292e-06, 1.21504785966e-06, 1.16540309136e-06, 8.87874080036e-07, 6.24849235464e-07, 3.94865054432e-07, 3.41291467976e-07, 2.31595578271e-07, 1.3085659134e-07, 8.71965539773e-08, 6.12706685388e-08, 5.55096946186e-08, 4.83150941477e-08, 4.56522428749e-08, 3.07569010261e-08, 2.03501251406e-08], "min": [1.25538559262e-23, 1.13019723238e-23, 7.3031559314e-24, 3.15810070163e-24, 3.18690477429e-24, 7.86548675022e-24, 9.35990327135e-24, 5.5403712969e-24, 1.81128001642e-23, 2.06417935631e-23, 1.53311961486e-23, 4.26215433419e-24, 4.90598473971e-24, 1.05643108579e-23, 1.04255888788e-23, 6.16253327107e-24, 7.07238808421e-24, 1.177983665e-23, 2.0611349843e-23, 1.94408064774e-23, 1.88412926998e-23, 7.12066006073e-24, 1.30956724172e-23, 1.08927412629e-23, 8.01678001665e-24, 1.28323009488e-23, 1.00567561737e-23, 7.30757197475e-24, 1.03677424975e-23, 1.52354457897e-23, 8.80144575957e-24, 8.5123164049e-24, 8.2007392243e-24, 9.06868343527e-24, 1.30412433813e-23, 1.48894766402e-23, 1.02955017713e-23, 1.18876589474e-23, 1.29009452581e-23, 1.10181993346e-23], "var": [2.93492466881e-05, 2.58763575403e-05, 9.42940005189e-06, 9.30057649384e-06, 1.92931292986e-06, 1.73004536919e-07, 5.25961674214e-08, 1.30572416879e-07, 3.98725994444e-08, 1.2321168974e-08, 2.52519782862e-08, 4.15673762078e-09, 2.5848410079e-09, 2.64263411154e-09, 5.21203080694e-09, 2.25354690464e-09, 1.16709553133e-09, 2.09051331801e-09, 4.22805523925e-09, 2.54164111979e-09, 8.93671914248e-10, 5.41389599817e-10, 6.77851108577e-10, 1.92290738887e-10, 1.62946170446e-10, 8.38531744041e-11, 3.67573194104e-11, 9.48838230208e-11, 5.60489571422e-11, 3.31876574833e-11, 1.38922640752e-11, 2.66532421134e-11, 2.51920741212e-11, 1.37900758521e-11, 9.04008465308e-12, 6.76479965794e-12, 1.98698197652e-12, 2.62147725402e-12, 9.19608898579e-13, 5.86577878284e-13]}, "mfcc": {"mean": [-718.910583496, 130.843444824, 0.115654930472, 28.2473487854, 3.61136865616, 2.97512221336, -1.53182649612, 1.2175205946, 2.78703737259, 3.64204478264, 1.04927492142, 3.38327217102, 0.276507139206], "cov": [[12284.6972656, -725.628234863, 387.491821289, 806.846740723, 747.697753906, 905.099609375, 378.154815674, 490.943939209, 161.349334717, 242.342254639, 24.2609577179, 104.936439514, 170.530487061], [-725.628234863, 1324.72302246, -409.686798096, 85.6486358643, 19.826833725, -64.118812561, 62.0516891479, -2.08843183517, 44.9440917969, -4.28722906113, 40.6268577576, 60.4452667236, 42.4288024902], [387.491821289, -409.686798096, 979.277160645, 146.350296021, 170.402313232, 237.165344238, 125.456481934, 177.490066528, 50.7755851746, 64.4184112549, 38.532371521, 9.94109630585, -8.64886951447], [806.846740723, 85.6486358643, 146.350296021, 406.637542725, 270.074279785, 207.381774902, 189.730743408, 163.034118652, 119.924880981, 99.3803024292, 40.183391571, 29.8600921631, 27.2714252472], [747.697753906, 19.826833725, 170.402313232, 270.074279785, 342.143798828, 192.15385437, 176.087921143, 166.086410522, 109.138793945, 93.1860122681, 34.0522384644, 21.9389705658, 20.4607067108], [905.099609375, -64.118812561, 237.165344238, 207.381774902, 192.15385437, 269.282958984, 154.361022949, 148.663543701, 76.5058288574, 58.60206604, 34.1841239929, 31.3674221039, 26.3541107178], [378.154815674, 62.0516891479, 125.456481934, 189.730743408, 176.087921143, 154.361022949, 196.168441772, 137.479049683, 101.932502747, 74.5324935913, 38.0128555298, 34.761089325, 23.2325534821], [490.943939209, -2.08843183517, 177.490066528, 163.034118652, 166.086410522, 148.663543701, 137.479049683, 207.468078613, 110.096351624, 91.7750854492, 55.745010376, 42.1752662659, 34.8716049194], [161.349334717, 44.9440917969, 50.7755851746, 119.924880981, 109.138793945, 76.5058288574, 101.932502747, 110.096351624, 134.534072876, 88.2644195557, 47.2940177917, 41.5974273682, 32.6008872986], [242.342254639, -4.28722906113, 64.4184112549, 99.3803024292, 93.1860122681, 58.60206604, 74.5324935913, 91.7750854492, 88.2644195557, 128.409988403, 50.0331344604, 23.6955394745, 36.7605018616], [24.2609577179, 40.6268577576, 38.532371521, 40.183391571, 34.0522384644, 34.1841239929, 38.0128555298, 55.745010376, 47.2940177917, 50.0331344604, 95.4182434082, 65.1317596436, 21.0884532928], [104.936439514, 60.4452667236, 9.94109630585, 29.8600921631, 21.9389705658, 31.3674221039, 34.761089325, 42.1752662659, 41.5974273682, 23.6955394745, 65.1317596436, 96.6708221436, 44.9077720642], [170.530487061, 42.4288024902, -8.64886951447, 27.2714252472, 20.4607067108, 26.3541107178, 23.2325534821, 34.8716049194, 32.6008872986, 36.7605018616, 21.0884532928, 44.9077720642, 87.0767288208]], "icov": [[0.00012979983876, 7.38191592973e-05, 0.000108134074253, -0.000105232655187, -9.43464910961e-05, -0.000458418973722, 0.000233105849475, -0.000132962799398, 0.000275284372037, -0.000217165332288, 0.000280363514321, -0.000256055005593, -4.17354349338e-05], [7.38191592973e-05, 0.00104409409687, 0.000471604231279, -0.000431706605013, -3.56572891178e-05, 0.000307047041133, -0.0005878607044, -0.000108946893306, 0.000112704612548, 0.000518432934768, -0.000353496550815, -0.000225630676141, -0.000414422567701], [0.000108134074253, 0.000471604231279, 0.00168156332802, 2.23270781134e-05, -9.13448166102e-05, -0.00133160932455, 9.12581890589e-05, -0.00109527469613, 0.000906953413505, -0.000352518982254, -4.4374501158e-05, -0.000188633843209, 0.000474516651593], [-0.000105232655187, -0.000431706605013, 2.23270781134e-05, 0.00656694313511, -0.00278044305742, -0.00168029218912, -0.00176348921377, 0.000467220175778, -0.00107745663263, -0.000921639904846, 0.000127700608573, 0.000393490074202, 0.000365857355064], [-9.43464910961e-05, -3.56572891178e-05, -9.13448166102e-05, -0.00278044305742, 0.0080452375114, -0.00100895820651, -0.0021104447078, -0.00166112009902, -0.000319824932376, -0.000959767610766, 0.000675404851791, 0.000525430892594, 0.000797495536972], [-0.000458418973722, 0.000307047041133, -0.00133160932455, -0.00168029218912, -0.00100895820651, 0.0118431933224, -0.00479240017012, -0.00204130983911, 0.000622834195383, 0.00290056900121, -0.00155026861466, 0.000763356219977, -0.00158497865777], [0.000233105849475, -0.0005878607044, 9.12581890589e-05, -0.00176348921377, -0.0021104447078, -0.00479240017012, 0.0163606218994, -0.00277363788337, -0.00397881958634, -0.00112522998825, 0.00221136794426, -0.00227388110943, 0.0016851023538], [-0.000132962799398, -0.000108946893306, -0.00109527469613, 0.000467220175778, -0.00166112009902, -0.00204130983911, -0.00277363788337, 0.0144100962207, -0.00512836780399, -0.00130310258828, -0.00279708509333, 0.000947832944803, -0.00130556861404], [0.000275284372037, 0.000112704612548, 0.000906953413505, -0.00107745663263, -0.000319824932376, 0.000622834195383, -0.00397881958634, -0.00512836780399, 0.0214474610984, -0.00900179427117, 0.00200700061396, -0.00538163911551, 0.000895312172361], [-0.000217165332288, 0.000518432934768, -0.000352518982254, -0.000921639904846, -0.000959767610766, 0.00290056900121, -0.00112522998825, -0.00130310258828, -0.00900179427117, 0.02062051557, -0.0105337845162, 0.00975089799613, -0.00721665471792], [0.000280363514321, -0.000353496550815, -4.4374501158e-05, 0.000127700608573, 0.000675404851791, -0.00155026861466, 0.00221136794426, -0.00279708509333, 0.00200700061396, -0.0105337845162, 0.0282149761915, -0.0202150437981, 0.00770723633468], [-0.000256055005593, -0.000225630676141, -0.000188633843209, 0.000393490074202, 0.000525430892594, 0.000763356219977, -0.00227388110943, 0.000947832944803, -0.00538163911551, 0.00975089799613, -0.0202150437981, 0.0299662835896, -0.0123182563111], [-4.17354349338e-05, -0.000414422567701, 0.000474516651593, 0.000365857355064, 0.000797495536972, -0.00158497865777, 0.0016851023538, -0.00130556861404, 0.000895312172361, -0.00721665471792, 0.00770723633468, -0.0123182563111, 0.0192635878921]]}, "spectral_contrast_coeffs": {"dmean": [0.0610957704484, 0.0440604537725, 0.0375474728644, 0.0315091982484, 0.0232377629727, 0.0185960158706], "dmean2": [0.0988111868501, 0.0709789916873, 0.0597203113139, 0.0510373488069, 0.0376931913197, 0.0277154669166], "dvar": [0.00430655106902, 0.0015293774195, 0.00107817538083, 0.000662020698655, 0.000444558274467, 0.000329559785314], "dvar2": [0.0109386416152, 0.00388436019421, 0.00255439709872, 0.00172635400668, 0.00108074618038, 0.000668429944199], "max": [-0.285792142153, -0.469750076532, -0.539581596851, -0.660404145718, -0.677487611771, -0.49165931344], "mean": [-0.651730716228, -0.718765556812, -0.766681015491, -0.80303645134, -0.80418163538, -0.766893625259], "median": [-0.668885231018, -0.721036851406, -0.772026896477, -0.803195655346, -0.805010855198, -0.767817258835], "min": [-0.936534225941, -0.976041018963, -0.965024471283, -0.964960336685, -0.956468701363, -0.960792601109], "var": [0.00826845411211, 0.00496002752334, 0.00349268317223, 0.0020429994911, 0.00166598672513, 0.00163851038087]}, "spectral_contrast_valleys": {"dmean": [0.527913153172, 0.504359841347, 0.494346112013, 0.493882209063, 0.466838002205, 0.57944226265], "dmean2": [0.801905155182, 0.786731600761, 0.740756690502, 0.702976942062, 0.602332770824, 0.713239192963], "dvar": [0.313249707222, 0.357262670994, 0.318441927433, 0.332699865103, 0.329582005739, 0.517841935158], "dvar2": [0.596815526485, 0.722363054752, 0.592495083809, 0.590288758278, 0.542101740837, 0.825387716293], "max": [-5.16481208801, -4.46186971664, -5.24867773056, -5.281