{"lowlevel": {"average_loudness": 0.844644069672, "barkbands_crest": {"dmean": 2.8471429348, "dmean2": 4.57933950424, "dvar": 6.873005867, "dvar2": 16.80128479, "max": 25.392911911, "mean": 10.6049785614, "median": 9.87024688721, "min": 2.60340118408, "var": 18.1880111694}, "barkbands_flatness_db": {"dmean": 0.0301376972347, "dmean2": 0.0439304597676, "dvar": 0.00122428196482, "dvar2": 0.00255511701107, "max": 0.766847610474, "mean": 0.203168809414, "median": 0.182316958904, "min": 0.0279571376741, "var": 0.0104095339775}, "barkbands_kurtosis": {"dmean": 2.143440485, "dmean2": 3.33597111702, "dvar": 26.7244606018, "dvar2": 66.3012313843, "max": 202.82409668, "mean": 2.09890365601, "median": 0.472418546677, "min": -1.88796818256, "var": 38.922542572}, "barkbands_skewness": {"dmean": 0.498554170132, "dmean2": 0.736258745193, "dvar": 0.320410758257, "dvar2": 0.675228118896, "max": 9.88484382629, "mean": 0.89725291729, "median": 0.723124444485, "min": -3.83950543404, "var": 1.1643538475}, "barkbands_spread": {"dmean": 4.56239700317, "dmean2": 6.88596057892, "dvar": 29.6784381866, "dvar2": 66.8549346924, "max": 95.1197052002, "mean": 16.4942245483, "median": 15.7474412918, "min": 0.0932482033968, "var": 77.7144393921}, "dissonance": {"dmean": 0.0217177029699, "dmean2": 0.0357544608414, "dvar": 0.00047218266991, "dvar2": 0.00121993408538, "max": 0.500000238419, "mean": 0.460345834494, "median": 0.468153238297, "min": 0.222528293729, "var": 0.00101580400951}, "dynamic_complexity": 4.90077161789, "erbbands_crest": {"dmean": 3.14575219154, "dmean2": 4.86275434494, "dvar": 8.67317771912, "dvar2": 18.3501739502, "max": 33.8522987366, "mean": 10.857178688, "median": 9.4270067215, "min": 2.56842827797, "var": 29.661447525}, "erbbands_flatness_db": {"dmean": 0.0227323379368, "dmean2": 0.0326659157872, "dvar": 0.000578634848353, "dvar2": 0.00115724676289, "max": 0.816547214985, "mean": 0.243856519461, "median": 0.231688052416, "min": 0.0750433728099, "var": 0.0108606955037}, "erbbands_kurtosis": {"dmean": 1.24846565723, "dmean2": 1.91870045662, "dvar": 5.69822692871, "dvar2": 13.0514030457, "max": 96.610244751, "mean": 1.07487440109, "median": 0.24117398262, "min": -1.8048081398, "var": 11.9240579605}, "erbbands_skewness": {"dmean": 0.421373963356, "dmean2": 0.614814639091, "dvar": 0.156804129481, "dvar2": 0.327810943127, "max": 4.93650054932, "mean": 0.222724318504, "median": 0.229005143046, "min": -5.6734380722, "var": 0.608945906162}, "erbbands_spread": {"dmean": 4.97897386551, "dmean2": 7.61790513992, "dvar": 30.9767398834, "dvar2": 68.9955749512, "max": 105.988777161, "mean": 21.4841270447, "median": 19.7462005615, "min": 0.246894672513, "var": 119.22845459}, "hfc": {"dmean": 9.52806091309, "dmean2": 13.7041463852, "dvar": 263.463806152, "dvar2": 615.793640137, "max": 196.66809082, "mean": 18.9120121002, "median": 13.8135938644, "min": 2.50717158146e-09, "var": 402.578887939}, "melbands_crest": {"dmean": 3.19618058205, "dmean2": 5.15789461136, "dvar": 8.36560726166, "dvar2": 20.7865161896, "max": 30.9432659149, "mean": 13.8560771942, "median": 13.3410329819, "min": 1.5903301239, "var": 28.5302276611}, "melbands_flatness_db": {"dmean": 0.0360520146787, "dmean2": 0.0509104654193, "dvar": 0.00184419588186, "dvar2": 0.00369313871488, "max": 0.740927934647, "mean": 0.257664561272, "median": 0.23128952086, "min": 0.00313486461528, "var": 0.0116022937}, "melbands_kurtosis": {"dmean": 3.64307498932, "dmean2": 5.67197322845, "dvar": 48.7871856689, "dvar2": 116.646026611, "max": 151.537261963, "mean": 5.27484846115, "median": 2.15028190613, "min": -1.9053413868, "var": 84.0024108887}, "melbands_skewness": {"dmean": 0.582807183266, "dmean2": 0.873724639416, "dvar": 0.422259449959, "dvar2": 0.893035113811, "max": 10.3536148071, "mean": 1.55292057991, "median": 1.28959345818, "min": -3.0263941288, "var": 1.78514230251}, "melbands_spread": {"dmean": 6.37698030472, "dmean2": 9.5821428299, "dvar": 60.8789253235, "dvar2": 131.306777954, "max": 193.08026123, "mean": 22.588010788, "median": 20.3629875183, "min": 0.422396659851, "var": 324.557403564}, "pitch_salience": {"dmean": 0.0762186869979, "dmean2": 0.124124862254, "dvar": 0.00509435264394, "dvar2": 0.0132539467886, "max": 0.928795576096, "mean": 0.51796245575, "median": 0.51568621397, "min": 0.146155461669, "var": 0.0121630895883}, "silence_rate_20dB": {"dmean": 0, "dmean2": 0, "dvar": 0, "dvar2": 0, "max": 1, "mean": 1, "median": 1, "min": 1, "var": 0}, "silence_rate_30dB": {"dmean": 0.01248357445, "dmean2": 0.0249691996723, "dvar": 0.0123260291293, "dvar2": 0.0327178947628, "max": 1, "mean": 0.991377174854, "median": 1, "min": 0, "var": 0.00854908302426}, "silence_rate_60dB": {"dmean": 0.01248357445, "dmean2": 0.0249691996723, "dvar": 0.0123246693984, "dvar2": 0.0276207011193, "max": 1, "mean": 0.111193232238, "median": 0, "min": 0, "var": 0.0988321453333}, "spectral_centroid": {"dmean": 229.498977661, "dmean2": 339.317962646, "dvar": 74122.625, "dvar2": 159600.625, "max": 4925.15039062, "mean": 1218.40515137, "median": 1148.91882324, "min": 228.158096313, "var": 312619.96875}, "spectral_complexity": {"dmean": 4.2537779808, "dmean2": 6.19728946686, "dvar": 26.5999889374, "dvar2": 55.2715606689, "max": 52, "mean": 18.0894317627, "median": 19, "min": 0, "var": 91.5601272583}, "spectral_decrease": {"dmean": 2.51136667018e-09, "dmean2": 3.78509357191e-09, "dvar": 1.5762095317e-17, "dvar2": 3.52157686677e-17, "max": 1.31599317277e-18, "mean": -7.43963868288e-09, "median": -6.18576256883e-09, "min": -7.00999223113e-08, "var": 3.76107973395e-17}, "spectral_energy": {"dmean": 0.0101881269366, "dmean2": 0.0153336245567, "dvar": 0.000258988322457, "dvar2": 0.000576530059334, "max": 0.271837204695, "mean": 0.0297942906618, "median": 0.0248400904238, "min": 2.37949417115e-13, "var": 0.00060325791128}, "spectral_energyband_high": {"dmean": 0.000332999275997, "dmean2": 0.000554521917365, "dvar": 9.81719381343e-07, "dvar2": 2.55906115854e-06, "max": 0.0145180840045, "mean": 0.00033758833888, "median": 6.27401095699e-05, "min": 1.5149228985e-13, "var": 8.7662272108e-07}, "spectral_energyband_low": {"dmean": 0.00480248406529, "dmean2": 0.00773045653477, "dvar": 8.82102613105e-05, "dvar2": 0.000218286353629, "max": 0.227942720056, "mean": 0.0121723469347, "median": 0.00789019092917, "min": 6.13440826863e-15, "var": 0.000201874863706}, "spectral_energyband_middle_high": {"dmean": 0.0041870563291, "dmean2": 0.00603471370414, "dvar": 5.00635251228e-05, "dvar2": 0.000104971753899, "max": 0.163865104318, "mean": 0.00760762859136, "median": 0.0050394423306, "min": 4.18223093689e-14, "var": 9.02884930838e-05}, "spectral_energyband_middle_low": {"dmean": 0.00436338968575, "dmean2": 0.00635128514841, "dvar": 5.73737088416e-05, "dvar2": 0.000126067563542, "max": 0.128642931581, "mean": 0.0103499414399, "median": 0.00732151046395, "min": 6.93769365822e-15, "var": 0.00011912635091}, "spectral_entropy": {"dmean": 0.233372986317, "dmean2": 0.329581409693, "dvar": 0.0706467106938, "dvar2": 0.147797822952, "max": 8.8412771225, "mean": 7.13613891602, "median": 7.16896057129, "min": 4.69400262833, "var": 0.276683419943}, "spectral_flux": {"dmean": 0.0260966289788, "dmean2": 0.0411768965423, "dvar": 0.00119763647672, "dvar2": 0.0026628987398, "max": 0.446574658155, "mean": 0.0781811252236, "median": 0.0698391199112, "min": 3.93654909203e-06, "var": 0.00248647853732}, "spectral_kurtosis": {"dmean": 6.88559484482, "dmean2": 11.5834083557, "dvar": 177.011581421, "dvar2": 478.588531494, "max": 324.720001221, "mean": 14.9115858078, "median": 7.36052894592, "min": -0.799087047577, "var": 912.595275879}, "spectral_rms": {"dmean": 0.000835241226014, "dmean2": 0.0012312263716, "dvar": 1.13909641186e-06, "dvar2": 2.36687628785e-06, "max": 0.0162851773202, "mean": 0.00485310330987, "median": 0.00492282770574, "min": 1.52363295314e-08, "var": 5.51480525246e-06}, "spectral_rolloff": {"dmean": 345.680236816, "dmean2": 568.212158203, "dvar": 344502.90625, "dvar2": 692061.125, "max": 19358.3496094, "mean": 1482.3560791, "median": 1098.19335938, "min": 64.599609375, "var": 5562939.5}, "spectral_skewness": {"dmean": 0.5317029953, "dmean2": 0.870169103146, "dvar": 0.500773310661, "dvar2": 1.31740760803, "max": 13.6951274872, "mean": 2.19761300087, "median": 1.81033813953, "min": 0.00661146640778, "var": 2.22734999657}, "spectral_spread": {"dmean": 407306.6875, "dmean2": 601557.5625, "dvar": 266771431424, "dvar2": 548271357952, "max": 11098173, "mean": 2736035, "median": 2405740.25, "min": 206002.28125, "var": 2019355394050.0}, "spectral_strongpeak": {"dmean": 0.662032067776, "dmean2": 1.10041666031, "dvar": 1.46887123585, "dvar2": 3.17425179482, "max": 15.1065616608, "mean": 1.1105427742, "median": 0.335747092962, "min": 0, "var": 2.4534637928}, "zerocrossingrate": {"dmean": 0.00732915150002, "dmean2": 0.00862727779895, "dvar": 7.97174943727e-05, "dvar2": 0.000107708947326, "max": 0.52294921875, "mean": 0.0516065619886, "median": 0.04150390625, "min": 0.00439453125, "var": 0.00401004450396}, "barkbands": {"dmean": [6.3222629251e-05, 0.00348872924224, 0.00226752180606, 0.000732152897399, 0.000899328733794, 0.000586898531765, 0.00104863999877, 0.000833770143799, 0.00183255947195, 0.00109069072641, 0.000865236506797, 0.00105898245238, 0.000513913051691, 0.000685585837346, 0.000764447730035, 0.000343561143382, 0.000179894181201, 0.000225902520469, 0.000117197552754, 0.000107319370727, 0.000113053385576, 5.95886558585e-05, 5.63775392948e-05, 4.67698955617e-05, 1.98149500648e-05, 4.37412154497e-06, 6.30718545835e-07], "dmean2": [8.43627058202e-05, 0.00555901601911, 0.00380318239331, 0.00127433508169, 0.00151783751789, 0.000867091235705, 0.00155775039457, 0.00122221326455, 0.00256065954454, 0.00165233295411, 0.00129427167121, 0.00163263245486, 0.000813115853816, 0.00101944420021, 0.001174347708, 0.000549126241822, 0.00029316029395, 0.000364440667909, 0.00019016112492, 0.000177785928827, 0.000190646780538, 0.00010088019917, 9.5679097285e-05, 8.08232653071e-05, 3.49581423507e-05, 7.89614023233e-06, 1.2003830534e-06], "dvar": [1.84715371887e-08, 3.90379100281e-05, 3.15345641866e-05, 2.70269538305e-06, 3.86654028262e-06, 1.43177487644e-06, 5.23917424289e-06, 5.38849053555e-06, 1.3405804566e-05, 7.48199090594e-06, 1.36036087497e-05, 3.92901119994e-06, 1.55750387876e-06, 2.57110423263e-06, 2.5065137379e-06, 4.17523921215e-07, 1.21142775811e-07, 2.1568224895e-07, 6.93816133435e-08, 9.00863241782e-08, 1.29604103449e-07, 4.32836912978e-08, 6.56907275243e-08, 3.78725566463e-08, 9.40683175799e-09, 1.34729027934e-09, 1.99666005951e-10], "dvar2": [3.29940874622e-08, 0.000100107841718, 8.46367620397e-05, 7.50800654714e-06, 9.80025379249e-06, 3.10848599838e-06, 1.19446713143e-05, 1.38914965646e-05, 2.68550447799e-05, 1.67179714481e-05, 2.69420288532e-05, 8.1238013081e-06, 3.51018479705e-06, 4.90577986056e-06, 5.15361853104e-06, 9.98060841084e-07, 2.96819337109e-07, 5.36175946309e-07, 1.76729059831e-07, 2.31964108366e-07, 3.44243602513e-07, 1.1343874462e-07, 1.78968861064e-07, 1.02273197911e-07, 2.555817602e-08, 3.86299525701e-09, 5.89941040463e-10], "max": [0.0037701332476, 0.143511623144, 0.1287612468, 0.0298720486462, 0.0388558581471, 0.0224407687783, 0.0527422614396, 0.0711083114147, 0.117252521217, 0.0969348102808, 0.146424070001, 0.0459367446601, 0.0258112121373, 0.0431666448712, 0.0389384403825, 0.0169136971235, 0.00719416653737, 0.0100996633992, 0.00612527038902, 0.00628791376948, 0.00838375650346, 0.00774322543293, 0.012753194198, 0.00413422705606, 0.00262118293904, 0.0019347788766, 0.000845412956551], "mean": [0.000241135145188, 0.00820467341691, 0.0031881313771, 0.00101321726106, 0.00142771110404, 0.0011373400921, 0.00167406629771, 0.00138508179225, 0.00329560949467, 0.00153613789007, 0.0012573429849, 0.00145340780728, 0.000638529425487, 0.000843171379529, 0.000970399996731, 0.000454761116998, 0.000240991066676, 0.00028125254903, 0.000150811130879, 0.000116790135507, 0.000117707597383, 5.76870625082e-05, 5.04224117321e-05, 3.91438916267e-05, 1.54004283104e-05, 3.00687338495e-06, 3.63255679758e-07], "median": [0.000133605994051, 0.00542106758803, 0.000873709097505, 0.000570952659473, 0.000700223667081, 0.000538813648745, 0.000687268271577, 0.00048069487093, 0.00118022446986, 0.000545409391634, 0.000252752273809, 0.000661659694742, 0.000250395823969, 0.000294029479846, 0.000469585618703, 0.000249542470556, 0.000110666071123, 0.000140417483635, 6.2785067712e-05, 3.17136727972e-05, 2.7829892133e-05, 8.1437492554e-06, 2.48770356848e-06, 1.51528570314e-06, 4.20108079879e-07, 4.81473989566e-08, 1.9608181745e-09], "min": [5.24758891329e-15, 3.01714279306e-15, 4.92991492389e-16, 3.27224444694e-16, 7.43990912765e-16, 1.36622941557e-15, 1.3035356367e-15, 3.32377422568e-16, 1.85307473102e-15, 3.03905384134e-15, 3.93114216513e-15, 4.88952691066e-15, 1.17241715993e-15, 4.53215036945e-16, 9.49487342049e-15, 6.66817920935e-15, 1.37987553987e-15, 6.32408435651e-15, 2.63757144753e-15, 7.37627376578e-15, 2.88259838566e-15, 6.16173185744e-15, 6.93293375657e-15, 2.23396588093e-14, 3.84767968897e-14, 3.9319770855e-14, 3.77151787448e-14], "var": [1.06775893016e-07, 8.84788241819e-05, 4.05443279305e-05, 2.79830283034e-06, 7.38685002943e-06, 2.90705452244e-06, 8.58730254549e-06, 6.88096224621e-06, 3.21726511174e-05, 1.1133886801e-05, 2.87394359475e-05, 6.90694696459e-06, 1.86560725979e-06, 4.07694506066e-06, 3.46596675627e-06, 4.89011370064e-07, 1.65032304267e-07, 2.23216275685e-07, 7.99412660513e-08, 8.33704234537e-08, 1.09273138094e-07, 3.74693200911e-08, 4.83685838049e-08, 2.90962010041e-08, 7.04424474307e-09, 7.87547749237e-10, 1.04700789705e-10]}, "erbbands": {"dmean": [0.103506542742, 0.808415949345, 2.36763143539, 2.30666542053, 2.7510933876, 3.13803958893, 3.10655474663, 5.21436977386, 14.7641401291, 12.4474077225, 24.164522171, 47.4987869263, 24.227853775, 34.3450775146, 48.2327308655, 28.0398864746, 24.7872962952, 24.412437439, 33.5483283997, 43.0296020508, 18.4652347565, 9.40858268738, 12.1969909668, 8.32408809662, 5.67753982544, 4.91299247742, 3.86760544777, 5.10282468796, 2.36921191216, 1.81017041206, 1.59711587429, 1.12462258339, 0.70048648119, 0.298412084579, 0.107696339488, 0.0293473303318, 0.00645613158122, 0.00123732618522, 8.25377646834e-05, 1.43305514939e-05], "dmean2": [0.154214069247, 1.32804977894, 3.98482036591, 3.9845328331, 4.6415014267, 5.26921129227, 4.91787481308, 7.73737430573, 21.9366588593, 18.5832309723, 34.3801612854, 65.674697876, 36.3887252808, 52.5433921814, 70.7495956421, 43.0680961609, 39.0724220276, 37.2574729919, 50.5281066895, 65.9766082764, 28.8804798126, 15.1176300049, 19.3253650665, 13.5544710159, 9.24015045166, 8.12245082855, 6.43976449966, 8.70920085907, 3.9950773716, 3.05093073845, 2.70288825035, 1.92797672749, 1.21003031731, 0.523343086243, 0.189503237605, 0.0521408617496, 0.0117393620312, 0.00231336709112, 0.000153014349053, 2.21965110541e-05], "dvar": [0.0448465198278, 2.07861375809, 34.2751045227, 28.435049057, 50.5740737915, 45.5237922668, 25.5073299408, 127.031333923, 1120.56469727, 670.727111816, 3260.95532227, 9244.09375, 10670.1396484, 4126.25341797, 23976.1269531, 2657.44311523, 3678.03735352, 2605.48217773, 4681.82128906, 9574.77441406, 1092.87451172, 327.672210693, 759.778442383, 244.642593384, 187.761871338, 178.819580078, 117.546577454, 374.430603027, 62.377243042, 60.6410598755, 39.2873077393, 22.2207393646, 11.6239233017, 1.88418185711, 0.330164313316, 0.0411085113883, 0.00391879677773, 0.000593537988607, 1.74880926807e-06, 1.33188049478e-09], "dvar2": [0.106921434402, 5.57225751877, 91.969581604, 75.6691207886, 129.942993164, 114.626190186, 60.1548347473, 282.797912598, 2498.22509766, 1598.96936035, 8082.74316406, 18448.0546875, 23859.4414062, 8936.46582031, 48585.2773438, 5713.99023438, 8296.62597656, 5960.25097656, 9720.65917969, 18633.53125, 2546.22875977, 809.493530273, 1847.86889648, 631.520751953, 474.065582275, 457.977508545, 305.2940979, 1009.96508789, 162.999206543, 162.601531982, 104.120101929, 59.3191680908, 31.4336929321, 5.13399982452, 0.891384184361, 0.11587613076, 0.0113304834813, 0.00174615357537, 5.15362762599e-06, 3.61104701696e-09], "max": [5.36176919937, 28.8286571503, 142.805175781, 109.891555786, 150.944122314, 151.856658936, 73.8721618652, 205.510116577, 832.374389648, 452.866516113, 1872.02819824, 3150.96386719, 3863.2824707, 1817.39794922, 5831.79833984, 1024.30688477, 1251.59399414, 968.205444336, 1843.23669434, 2605.12695312, 801.319946289, 287.719085693, 693.171508789, 193.71257019, 406.846038818, 290.201324463, 211.575210571, 535.077880859, 241.832839966, 345.922119141, 218.623428345, 125.035690308, 98.3019180298, 34.4025306702, 22.6146850586, 9.3057718277, 3.38087725639, 1.55664682388, 0.0904197469354, 0.00185787596274], "mean": [0.310766428709, 1.57675027847, 3.60088157654, 3.4608938694, 4.29736328125, 4.67806386948, 6.00181865692, 9.90367507935, 22.8271484375, 21.5729198456, 45.7809028625, 88.8460922241, 34.2164306641, 52.7010154724, 73.873626709, 42.1355438232, 31.7575092316, 30.5935115814, 44.6057624817, 53.2460594177, 25.9650230408, 12.7228345871, 15.033197403, 11.5800142288, 7.13678455353, 5.6335644722, 4.37192726135, 4.84403753281, 2.28108024597, 1.70611989498, 1.44250655174, 0.978890895844, 0.561195969582, 0.234085544944, 0.0820765793324, 0.0212694909424, 0.00430858554319, 0.00075694383122, 6.16775505478e-05, 3.62770515494e-05], "median": [0.196651563048, 1.01047098637, 1.20882868767, 1.72071826458, 2.03693413734, 2.28631305695, 3.9629201889, 4.61280202866, 8.70406627655, 10.3691835403, 22.8476924896, 32.3131027222, 13.8692493439, 22.1090641022, 27.678604126, 21.8334255219, 13.4029026031, 12.6494598389, 21.5202522278, 23.435464859, 14.8202877045, 6.7266740799, 7.19340991974, 6.37239742279, 2.84512162209, 1.66504204273, 1.30676555634, 0.853381574154, 0.331232637167, 0.135525316, 0.07245323807, 0.0425299368799, 0.0180341936648, 0.00633186288178, 0.00202863453887, 0.000414567242842, 7.15326095815e-05, 9.54711413215e-06, 1.36875787575e-05, 2.89908675768e-05], "min": [1.67129100815e-13, 4.15433339855e-13, 5.97923674548e-13, 9.05631743642e-13, 1.43882117592e-12, 2.54507287641e-12, 6.75361502833e-12, 1.23925453233e-11, 2.08072378771e-11, 9.56100129623e-12, 1.2806055695e-11, 4.07074929321e-11, 9.16280037955e-11, 7.83853051911e-11, 2.15944512272e-10, 1.85285467524e-10, 6.2087009145e-11, 3.63662676361e-11, 2.89977347689e-10, 3.62844948532e-10, 3.99092980885e-10, 1.02394100143e-10, 2.84161194575e-10, 2.28384117174e-10, 1.85310738976e-10, 3.80747988693e-10, 1.59089144636e-10, 1.06538250444e-10, 1.87887219671e-10, 2.25168828027e-10, 2.2200435934e-10, 4.24724894144e-10, 4.08976297273e-10, 4.46365222562e-10, 3.00392544172e-10, 1.79000717027e-10, 6.72247882361e-11, 1.53123451418e-11, 3.86651951775e-12, 6.88520367022e-13], "var": [0.134914427996, 3.58693003654, 44.935760498, 33.6232948303, 88.2852401733, 75.7938461304, 50.0373802185, 243.270248413, 1837.10656738, 1108.36181641, 5172.20947266, 23155.2265625, 13715.2109375, 8412.40722656, 46211.1054688, 4375.67822266, 4376.79833984, 3190.30541992, 6834.80517578, 14005.6503906, 1407.21972656, 390.630157471, 775.131835938, 286.573150635, 210.82131958, 178.455383301, 107.824584961, 292.365478516, 53.4860992432, 48.2574539185, 32.1046524048, 17.7375335693, 8.38565063477, 1.39257156849, 0.243158936501, 0.0256452895701, 0.00221398053691, 0.000316247955197, 9.2647189831e-07, 1.45586398492e-09]}, "gfcc": {"mean": [-95.3917236328, 142.608535767, -159.811401367, 18.9603843689, -39.8720932007, 10.8568210602, -18.7677059174, 2.91015696526, -5.02264356613, -4.80942106247, -5.77312374115, -9.30435371399, 0.993495583534], "cov": [[42243.8710938, 7518.14013672, 1433.49890137, 3104.12451172, -3621.08154297, 8.79125785828, 255.081939697, 293.111175537, -172.937637329, -90.2723312378, 36.180847168, -561.921081543, -111.389663696], [7518.14013672, 4255.33398438, 1144.2298584, 664.655578613, -333.51184082, -330.528259277, 589.59552002, -133.420974731, 258.607971191, -84.976234436, 114.821136475, -202.818389893, 159.294616699], [1433.49890137, 1144.2298584, 2325.74194336, 926.601196289, -463.493103027, 253.265701294, 119.366775513, 145.840332031, 132.076568604, 234.548873901, 62.9522171021, 84.693107605, -3.45590829849], [3104.12451172, 664.655578613, 926.601196289, 860.642822266, -350.674224854, 173.555023193, 94.5852584839, 77.7788925171, 77.8646850586, 115.92048645, 50.7269744873, 18.8542861938, 7.4744849205], [-3621.08154297, -333.51184082, -463.493103027, -350.674224854, 1160.9888916, 125.200035095, 111.771537781, -82.7681045532, 119.376686096, 10.6402845383, 78.4296798706, 86.2093276978, 92.4554824829], [8.79125785828, -330.528259277, 253.265701294, 173.555023193, 125.200035095, 337.915130615, -24.5508232117, 86.437210083, 20.0838298798, 68.7134399414, 44.2397270203, 76.174949646, -3.45973658562], [255.081939697, 589.59552002, 119.366775513, 94.5852584839, 111.771537781, -24.5508232117, 333.242706299, 27.808221817, 76.4102401733, -10.1728954315, 44.5125045776, 2.94911789894, 53.6868743896], [293.111175537, -133.420974731, 145.840332031, 77.7788925171, -82.7681045532, 86.437210083, 27.808221817, 215.622756958, 44.2805175781, 61.7046089172, -1.06343472004, 17.5673618317, -8.89430809021], [-172.937637329, 258.607971191, 132.076568604, 77.8646850586, 119.376686096, 20.0838298798, 76.4102401733, 44.2805175781, 158.169631958, 51.2306671143, 25.4042472839, 0.141425982118, 35.6655578613], [-90.2723312378, -84.976234436, 234.548873901, 115.92048645, 10.6402845383, 68.7134399414, -10.1728954315, 61.7046089172, 51.2306671143, 124.098350525, 26.1997852325, 33.5938339233, -8.79042720795], [36.180847168, 114.821136475, 62.9522171021, 50.7269744873, 78.4296798706, 44.2397270203, 44.5125045776, -1.06343472004, 25.4042472839, 26.1997852325, 90.2948226929, 37.008605957, 13.1196489334], [-561.921081543, -202.818389893, 84.693107605, 18.8542861938, 86.2093276978, 76.174949646, 2.94911789894, 17.5673618317, 0.141425982118, 33.5938339233, 37.008605957, 106.446372986, 8.65624713898], [-111.389663696, 159.294616699, -3.45590829849, 7.4744849205, 92.4554824829, -3.45973658562, 53.6868743896, -8.89430809021, 35.6655578613, -8.79042720795, 13.1196489334, 8.65624713898, 75.7680358887]], "icov": [[0.000133423760417, -0.000391841633245, 0.000380341196433, -0.000422035082011, 0.00025258626556, -0.000413646164816, 0.000297063379548, -0.00029412592994, 0.000496759195812, -0.000319582846714, 0.000227394877584, -0.000134462723508, 0.000211894148379], [-0.000391841633245, 0.0018301489763, -0.00147169083357, 0.00104704126716, -0.000630482216366, 0.00177508662455, -0.00152428029105, 0.00125459011178, -0.00211525522172, 0.00180791283492, -0.00169932108838, 0.00160018773749, -0.00119957863353], [0.000380341196433, -0.00147169083357, 0.00215395214036, -0.00173719553277, 0.000948692555539, -0.00171972054522, 0.000922284380067, -0.000803747912869, 0.00145687162876, -0.00227631046437, 0.00148421828635, -0.00150604138616, 0.000904027896468], [-0.000422035082011, 0.00104704126716, -0.00173719553277, 0.00415074825287, 0.000158092560014, -0.000264948263066, -0.00149562349543, 0.00162537675351, -0.0020794745069, -0.000201056696824, -0.00103013170883, 0.000772358092945, -0.00121925317217], [0.00025258626556, -0.000630482216366, 0.000948692555539, 0.000158092560014, 0.0024057996925, -0.00208809506148, -0.000257213861914, 0.000893341901246, -0.000650634407066, -0.00128083745949, 7.79772926762e-06, -0.000779868394602, -0.000773934996687], [-0.000413646164816, 0.00177508662455, -0.00171972054522, -0.000264948263066, -0.00208809506148, 0.00724817020819, -0.000102216887171, -0.00119854952209, -0.000961704237852, 0.00220106937923, -0.00257420772687, -0.000449147861218, -0.000376567157218], [0.000297063379548, -0.00152428029105, 0.000922284380067, -0.00149562349543, -0.000257213861914, -0.000102216887171, 0.00582119682804, -0.00252358522266, 0.000798126216978, 0.000735944719054, -0.000459197501186, -0.00131426239386, -0.000341432722053], [-0.00029412592994, 0.00125459011178, -0.000803747912869, 0.00162537675351, 0.000893341901246, -0.00119854952209, -0.00252358522266, 0.0081251366064, -0.00349844573066, -0.00186918629333, 0.000733161228709, 0.000426014186814, -0.000415639166022], [0.000496759195812, -0.00211525522172, 0.00145687162876, -0.0020794745069, -0.000650634407066, -0.000961704237852, 0.000798126216978, -0.00349844573066, 0.013535708189, -0.00576827675104, 0.000914563250262, 0.00122821959667, -0.00211661797948], [-0.000319582846714, 0.00180791283492, -0.00227631046437, -0.000201056696824, -0.00128083745949, 0.00220106937923, 0.000735944719054, -0.00186918629333, -0.00576827675104, 0.017036408186, -0.0041366792284, -0.000743586802855, 0.00206078332849], [0.000227394877584, -0.00169932108838, 0.00148421828635, -0.00103013170883, 7.79772926762e-06, -0.00257420772687, -0.000459197501186, 0.000733161228709, 0.000914563250262, -0.0041366792284, 0.0174884777516, -0.00617598369718, 0.00112758041359], [-0.000134462723508, 0.00160018773749, -0.00150604138616, 0.000772358092945, -0.000779868394602, -0.000449147861218, -0.00131426239386, 0.000426014186814, 0.00122821959667, -0.000743586802855, -0.00617598369718, 0.0163593497127, -0.00325843575411], [0.000211894148379, -0.00119957863353, 0.000904027896468, -0.00121925317217, -0.000773934996687, -0.000376567157218, -0.000341432722053, -0.000415639166022, -0.00211661797948, 0.00206078332849, 0.00112758041359, -0.00325843575411, 0.01872597076]]}, "melbands": {"dmean": [0.00095645111287, 0.00108382222243, 0.000395610550186, 0.000224670249736, 0.000106385414256, 0.000117773488455, 0.000223416616791, 0.000135614478495, 0.000242904076003, 0.000264770875219, 0.000119709751743, 0.00014331836428, 0.000150662905071, 0.000138570540003, 5.41991794307e-05, 4.00981516577e-05, 5.13704908371e-05, 6.21412691544e-05, 4.87703364342e-05, 4.09573185607e-05, 2.09320442082e-05, 9.57219617703e-06, 1.03220254459e-05, 1.25094929899e-05, 6.34858724879e-06, 5.00244550494e-06, 3.37662845595e-06, 3.22117489304e-06, 2.69443034995e-06, 2.21869504458e-06, 3.22105711348e-06, 1.27011105633e-06, 1.16808678285e-06, 9.68517383626e-07, 9.42098495216e-07, 9.39715846471e-07, 5.6065937315e-07, 5.11143468884e-07, 3.50149150563e-07, 2.39470750785e-07], "dmean2": [0.00149023835547, 0.0018134159036, 0.000676363764796, 0.00037612565211, 0.000171040373971, 0.000173548120074, 0.000332367810188, 0.000204836207558, 0.000342860847013, 0.000367563159671, 0.000181412164238, 0.000220760091906, 0.000223529787036, 0.000209349731449, 8.6271611508e-05, 6.3818966737e-05, 7.82005081419e-05, 9.31200484047e-05, 7.51899933675e-05, 6.29378555459e-05, 3.34434553224e-05, 1.5544337657e-05, 1.65459314303e-05, 2.01801140065e-05, 1.04793643914e-05, 8.1932557805e-06, 5.59949694434e-06, 5.3439880503e-06, 4.51461392004e-06, 3.7239572066e-06, 5.52840720047e-06, 2.16633657146e-06, 1.97538724933e-06, 1.64503956057e-06, 1.60312094977e-06, 1.61530454079e-06, 9.68344352259e-07, 8.8480442173e-07, 6.11417874552e-07, 4.23474887157e-07], "dvar": [3.19678497362e-06, 5.99857776251e-06, 8.33600154238e-07, 2.7002354841e-07, 3.03611713548e-08, 6.534116892e-08, 2.52109202847e-07, 9.26532806034e-08, 2.4775329166e-07, 2.87285303102e-07, 2.56270993759e-07, 6.90523123126e-08, 2.85720972215e-07, 8.16429945871e-08, 1.41353879712e-08, 9.80097603076e-09, 1.19177041569e-08, 2.00108214443e-08, 1.18429008822e-08, 7.04479008462e-09, 1.33323574403e-09, 3.55315138423e-10, 4.08341471747e-10, 7.47573059012e-10, 1.5423118338e-10, 1.41070086168e-10, 9.880753854e-11, 7.7102782492e-11, 6.83770887133e-11, 4.36598916742e-11, 1.58147023255e-10, 2.10169468634e-11, 2.02834780222e-11, 3.05905717424e-11, 1.88653832139e-11, 2.19846155169e-11, 4.89986306737e-12, 7.29087189927e-12, 2.20188949539e-12, 1.70761636168e-12], "dvar2": [7.98988367023e-06, 1.60815379786e-05, 2.22263292926e-06, 6.79908396251e-07, 7.37374321602e-08, 1.42480288901e-07, 5.6769766843e-07, 2.31554253105e-07, 5.72971543988e-07, 5.81896927088e-07, 5.73497402456e-07, 1.51126542391e-07, 5.71729174226e-07, 1.67166263054e-07, 3.22147499787e-08, 2.31713777055e-08, 2.60660186768e-08, 3.86734377855e-08, 2.43827429358e-08, 1.39361304718e-08, 3.23116378098e-09, 8.93702056803e-10, 9.85893033878e-10, 1.84497084277e-09, 4.02087640961e-10, 3.58578750026e-10, 2.56373339225e-10, 1.99018537761e-10, 1.76921727268e-10, 1.15176299054e-10, 4.2579495485e-10, 5.53581798457e-11, 5.30183084935e-11, 8.53512399646e-11, 5.16090954694e-11, 5.85988202406e-11, 1.29309800714e-11, 1.9956576322e-11, 5.89994719746e-12, 4.71858489781e-12], "max": [0.0446452833712, 0.062958702445, 0.0169250648469, 0.0103434212506, 0.00346344243735, 0.00505985366181, 0.0108796423301, 0.00634068157524, 0.0142765799537, 0.0173668842763, 0.0191930346191, 0.00608729477972, 0.0210567899048, 0.00714477989823, 0.00226676650345, 0.00301257590763, 0.00250069168396, 0.00408240780234, 0.00269515020773, 0.00265413848683, 0.000800751731731, 0.000236952619161, 0.000465986435302, 0.000582458567806, 0.000161728516105, 0.000231851023273, 0.000260704546236, 0.000154148001457, 0.00020129114273, 0.000128504412714, 0.000329461705405, 0.00017919956008, 0.000230403107707, 0.00033998399158, 0.000197727160412, 0.000155589048518, 4.67548525194e-05, 9.24788764678e-05, 2.18727218453e-05, 3.62913015124e-05], "mean": [0.00247086631134, 0.00192083872389, 0.000641365244519, 0.000348352390574, 0.000206415963476, 0.000224781731959, 0.000350001791958, 0.000235207597143, 0.000471786304843, 0.00048499982222, 0.000155194415129, 0.00021364967688, 0.00022999032808, 0.000193370884517, 7.08158040652e-05, 4.98449808219e-05, 6.26367909717e-05, 8.03909060778e-05, 5.97805774305e-05, 5.22160917171e-05, 2.84485922748e-05, 1.25943151943e-05, 1.25096366901e-05, 1.52905304276e-05, 8.48831950861e-06, 6.23507912678e-06, 3.7659251575e-06, 3.59072123501e-06, 2.94314963867e-06, 2.30626324083e-06, 2.96654843623e-06, 1.22051812923e-06, 1.09367624646e-06, 8.77176205449e-07, 8.41323696932e-07, 7.95190601366e-07, 4.88388877784e-07, 4.03528872539e-07, 2.79320062191e-07, 1.80714650355e-07], "median": [0.00162904767785, 0.00102428160608, 0.000340641418006, 0.000149829444126, 0.000142712349771, 0.000101487719803, 0.000137447845191, 0.000112139576231, 0.000236497813603, 0.000173512526089, 4.97283399454e-05, 8.39375570649e-05, 7.41764815757e-05, 8.37067127577e-05, 3.16621553793e-05, 2.11543156183e-05, 2.34483977692e-05, 3.42139937857e-05, 2.68705553026e-05, 2.44325310632e-05, 1.49168918142e-05, 6.28358293397e-06, 5.02892862642e-06, 7.45192801332e-06, 4.19426487497e-06, 2.46163062911e-06, 1.04355649455e-06, 9.68253971223e-07, 8.96712776921e-07, 4.38556980953e-07, 4.88140869948e-07, 1.81744709948e-07, 1.12551866494e-07, 5.00967729522e-08, 4.3181234588e-08, 2.91902466643e-08, 2.10108463961e-08, 1.40218272549e-08, 7.04381619698e-09, 4.31408953006e-09], "min": [1.41660458253e-15, 3.888468857e-16, 1.72365262301e-16, 1.34537962016e-16, 2.13881099903e-16, 2.83208562879e-16, 3.05511046259e-16, 8.46227802733e-17, 1.23640618452e-16, 2.73860071998e-16, 4.72612673772e-16, 3.02049831409e-16, 6.42243991652e-16, 6.08196231787e-16, 3.01420194761e-16, 8.62762415259e-17, 5.34796982172e-17, 3.07836707565e-16, 8.26355496583e-16, 2.97588985331e-16, 4.94796784298e-16, 8.16876787622e-17, 1.23719220463e-16, 3.54241301701e-16, 1.66760895275e-16, 9.28592227733e-17, 1.70672916942e-16, 2.98980792813e-16, 9.61652519234e-17, 8.11437115565e-17, 5.22029317069e-17, 7.35823741678e-17, 1.81817514717e-16, 1.00969146344e-16, 1.16093912234e-16, 1.70563160001e-16, 2.75627009196e-16, 2.70505318601e-16, 2.67924938606e-16, 3.99872263589e-16], "var": [8.18794615043e-06, 8.480442375e-06, 1.04523121536e-06, 5.16599300227e-07, 5.58098030012e-08, 1.29070997446e-07, 4.11087057728e-07, 1.32384769813e-07, 4.83968108256e-07, 6.93207425684e-07, 3.28892014068e-07, 1.39351243433e-07, 5.91035927755e-07, 1.43944220099e-07, 1.73111640578e-08, 1.05799378147e-08, 1.57947663837e-08, 3.13966097565e-08, 1.60697375406e-08, 1.03743973412e-08, 1.71727598808e-09, 4.06590594526e-10, 5.12124342933e-10, 7.63227037126e-10, 1.77668449397e-10, 1.58182800192e-10, 9.27433269071e-11, 7.49909231934e-11, 5.98425128895e-11, 3.81746752265e-11, 1.23285479048e-10, 1.72715852037e-11, 1.73475834392e-11, 2.07142671071e-11, 1.39177393568e-11, 1.63949669812e-11, 4.27274491829e-12, 5.09871702151e-12, 1.6428477502e-12, 1.22032679101e-12]}, "mfcc": {"mean": [-702.330566406, 160.472869873, -36.6367721558, 13.3955459595, -0.563211858273, 7.83112001419, -0.713644981384, 5.6844291687, 6.29249668121, 6.36497163773, -0.0469275377691, 1.28935027122, -0.216285169125], "cov": [[19002.1894531, 3355.58105469, 399.773071289, 1356.67895508, -995.974487305, -20.6129989624, -8.98574829102, 317.866912842, 19.5835170746, 254.535232544, 119.582351685, 311.111724854, -52.5943641663], [3355.58105469, 3532.42236328, 241.866485596, 657.261169434, -9.69994926453, 73.5475387573, 225.866043091, 117.00428772, 244.149200439, 181.576934814, 119.419136047, 57.203037262, 22.9945049286], [399.773071289, 241.866485596, 1563.77978516, 489.169464111, 69.4565048218, 163.676315308, 147.058029175, 97.3242874146, 110.821968079, 176.872329712, 121.363319397, 144.618011475, 137.509994507], [1356.67895508, 657.261169434, 489.169464111, 561.099121094, -31.2259368896, 99.1048812866, 112.129745483, 70.9655609131, 116.103973389, 110.67905426, 82.0782775879, 96.537902832, 49.6202049255], [-995.974487305, -9.69994926453, 69.4565048218, -31.2259368896, 518.729370117, 249.117752075, 100.231613159, 40.4821968079, 51.2035560608, 43.1907501221, 44.2590332031, 18.0943641663, 80.8201293945], [-20.6129989624, 73.5475387573, 163.676315308, 99.1048812866, 249.117752075, 292.954376221, 118.936515808, 67.0721893311, 43.3956794739, 32.4553985596, 39.5878982544, 47.1354217529, 61.1190567017], [-8.98574829102, 225.866043091, 147.058029175, 112.129745483, 100.231613159, 118.936515808, 196.942504883, 91.261932373, 57.1985206604, 36.4314346313, 37.5028457642, 44.0685195923, 39.0319366455], [317.866912842, 117.00428772, 97.3242874146, 70.9655609131, 40.4821968079, 67.0721893311, 91.261932373, 158.708190918, 65.3394927979, 38.1063346863, 46.7479476929, 42.4633712769, 33.7690086365], [19.5835170746, 244.149200439, 110.821968079, 116.103973389, 51.2035560608, 43.3956794739, 57.1985206604, 65.3394927979, 151.816879272, 81.5707778931, 45.4447898865, 30.7311382294, 28.8420181274], [254.535232544, 181.576934814, 176.872329712, 110.67905426, 43.1907501221, 32.4553985596, 36.4314346313, 38.1063346863, 81.5707778931, 137.624237061, 63.1713752747, 38.6960029602, 29.4817085266], [119.582351685, 119.419136047, 121.363319397, 82.0782775879, 44.2590332031, 39.5878982544, 37.5028457642, 46.7479476929, 45.4447898865, 63.1713752747, 104.799835205, 62.4918861389, 26.3474941254], [311.111724854, 57.203037262, 144.618011475, 96.537902832, 18.0943641663, 47.1354217529, 44.0685195923, 42.4633712769, 30.7311382294, 38.6960029602, 62.4918861389, 107.782150269, 41.6702041626], [-52.5943641663, 22.9945049286, 137.509994507, 49.6202049255, 80.8201293945, 61.1190567017, 39.0319366455, 33.7690086365, 28.8420181274, 29.4817085266, 26.3474941254, 41.6702041626, 94.4908218384]], "icov": [[0.000100206867501, -8.23981827125e-05, 5.17652442795e-05, -0.000178965347004, 0.00019180860545, -0.000161737465532, 0.000255418388406, -0.000312329735607, 0.000346372020431, -0.000253966340097, 0.000232230915572, -0.000265685463091, 6.70718582114e-05], [-8.23981827125e-05, 0.000478478585137, 7.71144696046e-05, -0.000368102337234, -0.000180127550266, 0.000289162591798, -0.000548460811842, 0.0003372579813, -0.000544187787455, 0.000109536616947, -0.000398705713451, 0.000556310988031, -1.03935426523e-05], [5.17652442795e-05, 7.71144696046e-05, 0.00108003756031, -0.000914349860977, 0.000158003138495, -0.000158938142704, -8.15891180537e-05, -0.000117821466119, 0.000526844465639, -0.000903356005438, 5.98055194132e-05, -0.000237924381508, -0.000828788673971], [-0.000178965347004, -0.000368102337234, -0.000914349860977, 0.00430974503979, 0.000850988726597, -0.00101641693618, -0.000870081712492, 0.00111566437408, -0.00182380992919, -1.26616123453e-05, -0.000541203829926, -0.000884164823219, 4.91416976729e-05], [0.00019180860545, -0.000180127550266, 0.000158003138495, 0.000850988726597, 0.00455877324566, -0.00376039417461, -8.61658845679e-05, 0.000482721894514, -0.000147408121848, -0.000972802983597, -0.00102778314613, 0.00103329669219, -0.00195063080173], [-0.000161737465532, 0.000289162591798, -0.000158938142704, -0.00101641693618, -0.00376039417461, 0.00807531736791, -0.00241598347202, -0.000515096937306, 7.79331530794e-05, 0.00109489425085, 0.000291547155939, -0.00072205089964, -0.00034851275268], [0.000255418388406, -0.000548460811842, -8.15891180537e-05, -0.000870081712492, -8.61658845679e-05, -0.00241598347202, 0.00977915991098, -0.00441820453852, 0.000509718782268, -0.000242647598498, 0.00141637714114, -0.00174854998477, 0.000323420972563], [-0.000312329735607, 0.0003372579813, -0.000117821466119, 0.00111566437408, 0.000482721894514, -0.000515096937306, -0.00441820453852, 0.0114017892629, -0.00418466515839, 0.00155546085443, -0.00330695789307, 0.000469126796816, -0.00149251730181], [0.000346372020431, -0.000544187787455, 0.000526844465639, -0.00182380992919, -0.000147408121848, 7.79331530794e-05, 0.000509718782268, -0.00418466515839, 0.0132360029966, -0.00625089649111, 0.00110987061635, -0.000391392066376, -0.000349767680746], [-0.000253966340097, 0.000109536616947, -0.000903356005438, -1.26616123453e-05, -0.000972802983597, 0.00109489425085, -0.000242647598498, 0.00155546085443, -0.00625089649111, 0.0147793386132, -0.00627687340602, 0.00148959760554, -0.000788468518294], [0.000232230915572, -0.000398705713451, 5.98055194132e-05, -0.000541203829926, -0.00102778314613, 0.000291547155939, 0.00141637714114, -0.00330695789307, 0.00110987061635, -0.00627687340602, 0.0199559461325, -0.00971069280058, 0.00204832083546], [-0.000265685463091, 0.000556310988031, -0.000237924381508, -0.000884164823219, 0.00103329669219, -0.00072205089964, -0.00174854998477, 0.000469126796816, -0.000391392066376, 0.00148959760554, -0.00971069280058, 0.0187699273229, -0.00524993473664], [6.70718582114e-05, -1.03935426523e-05, -0.000828788673971, 4.91416976729e-05, -0.00195063080173, -0.00034851275268, 0.000323420972563, -0.00149251730181, -0.000349767680746, -0.000788468518294, 0.00204832083546, -0.00524993473664, 0.0161936804652]]}, "spectral_contrast_coeffs": {"dmean": [0.0447479970753, 0.0426689237356, 0.042925644666, 0.0422207526863, 0.0280480757356, 0.0232491884381], "dmean2": [0.0745448768139, 0.0685566216707, 0.0677752420306, 0.0648913830519, 0.0422531217337, 0.0353745259345], "dvar": [0.00149627693463, 0.00130056391936, 0.00135076406877, 0.0013538277708, 0.000592462951317, 0.000627905305009], "dvar2": [0.00385183189064, 0.00328074535355, 0.00323427258991, 0.00319019914605, 0.00131396169309, 0.00131443690043], "max": [-0.242410346866, -0.464793771505, -0.455270498991, -0.489131748676, -0.535410821438, -0.464198768139], "mean": [-0.717561423779, -0.742165744305, -0.72548353672, -0.740719020367, -0.759595036507, -0.739746451378], "median": [-0.740670740604, -0.739424705505, -0.724066972733, -0.73650187254, -0.753911614418, -0.729425787926], "min": [-0.99791187048, -0.977659225464, -0.974415540695, -0.951864421368, -0.942016243935, -0.960036814213], "var": [0.0147364605218, 0.00591798545793, 0.00577771477401, 0.00404696632177, 0.00348943145946, 0.00463019590825]}, "spectral_contrast_valleys": {"dmean": [0.382218003273, 0.378472179174, 0.414428383112, 0.525807619095, 0.469190895557, 0.462256401777], "dmean2": [0.643342971802, 0.603708565235, 0.631622314453, 0.766355395317, 0.639417469501, 0.696617364883], "dvar": [0.169671937823, 0.152502760291, 0.186743840575, 0.301749318838, 0.313445478678, 0.486446291208], "dvar2": [0.458826065063, 0.341130375862, 0.402336776257, 0.666155695915, 0.614006280899, 0.981112897396], "max": [-5.27358579636, -4.25192975998, -4.79778623581, -5.28848