{"lowlevel": {"average_loudness": 0.51772159338, "barkbands_crest": {"dmean": 2.24397730827, "dmean2": 3.59101557732, "dvar": 4.86252212524, "dvar2": 12.4716959, "max": 25.9935493469, "mean": 10.3516168594, "median": 9.66053390503, "min": 2.71145319939, "var": 17.4953727722}, "barkbands_flatness_db": {"dmean": 0.0217392649502, "dmean2": 0.0326724126935, "dvar": 0.00070577574661, "dvar2": 0.00150830450002, "max": 0.494706660509, "mean": 0.179084196687, "median": 0.151820808649, "min": 0.0253297444433, "var": 0.00962123461068}, "barkbands_kurtosis": {"dmean": 3.60958194733, "dmean2": 5.66675949097, "dvar": 83.7450408936, "dvar2": 177.780578613, "max": 473.012054443, "mean": 7.06200122833, "median": 2.43699288368, "min": -1.94381761551, "var": 274.894744873}, "barkbands_skewness": {"dmean": 0.491771280766, "dmean2": 0.754682600498, "dvar": 0.396025061607, "dvar2": 0.879920423031, "max": 16.4163131714, "mean": 1.75980865955, "median": 1.44427084923, "min": -2.86895298958, "var": 1.86271858215}, "barkbands_spread": {"dmean": 4.29398727417, "dmean2": 6.64804553986, "dvar": 55.8842811584, "dvar2": 120.497406006, "max": 134.815200806, "mean": 16.6352596283, "median": 13.6397275925, "min": 0.301088511944, "var": 200.712127686}, "dissonance": {"dmean": 0.0233217980713, "dmean2": 0.0385741777718, "dvar": 0.000599127844907, "dvar2": 0.00161550531629, "max": 0.499999970198, "mean": 0.434552818537, "median": 0.451990664005, "min": 0.0579259321094, "var": 0.00291113043204}, "dynamic_complexity": 5.82055521011, "erbbands_crest": {"dmean": 2.20025539398, "dmean2": 3.45711684227, "dvar": 5.03228569031, "dvar2": 12.0795669556, "max": 30.4562110901, "mean": 9.66756916046, "median": 8.40623283386, "min": 2.31518888474, "var": 21.4765281677}, "erbbands_flatness_db": {"dmean": 0.016449527815, "dmean2": 0.0239014290273, "dvar": 0.000441398646217, "dvar2": 0.000872500881087, "max": 0.482553988695, "mean": 0.192628487945, "median": 0.169165238738, "min": 0.0418404452503, "var": 0.00700913509354}, "erbbands_kurtosis": {"dmean": 1.27623832226, "dmean2": 1.94704735279, "dvar": 7.0068321228, "dvar2": 15.962439537, "max": 83.2644500732, "mean": 1.49727392197, "median": -0.232381463051, "min": -1.84121787548, "var": 25.7895240784}, "erbbands_skewness": {"dmean": 0.355380982161, "dmean2": 0.530745565891, "dvar": 0.182781323791, "dvar2": 0.38944208622, "max": 6.94622898102, "mean": 0.694782137871, "median": 0.538787841797, "min": -4.19989347458, "var": 1.07156324387}, "erbbands_spread": {"dmean": 7.27010154724, "dmean2": 11.0581178665, "dvar": 118.033088684, "dvar2": 265.097717285, "max": 166.684402466, "mean": 33.0806846619, "median": 31.7239761353, "min": 1.77066588402, "var": 333.451538086}, "hfc": {"dmean": 3.30550050735, "dmean2": 5.13749456406, "dvar": 53.480758667, "dvar2": 121.958557129, "max": 229.046463013, "mean": 13.3633623123, "median": 5.6725268364, "min": 1.12376469917e-16, "var": 278.707763672}, "melbands_crest": {"dmean": 2.79886889458, "dmean2": 4.54994344711, "dvar": 7.27898025513, "dvar2": 19.414937973, "max": 31.522567749, "mean": 13.1538982391, "median": 12.4832000732, "min": 1.0032017231, "var": 22.7772598267}, "melbands_flatness_db": {"dmean": 0.0258130747825, "dmean2": 0.0380381532013, "dvar": 0.00096584612038, "dvar2": 0.00199164566584, "max": 0.622876524925, "mean": 0.247450172901, "median": 0.227627694607, "min": -4.91831713134e-07, "var": 0.0094379298389}, "melbands_kurtosis": {"dmean": 6.37344694138, "dmean2": 10.2585277557, "dvar": 161.801177979, "dvar2": 411.561248779, "max": 324.158508301, "mean": 13.2762546539, "median": 6.83247184753, "min": -1.84549772739, "var": 363.343902588}, "melbands_skewness": {"dmean": 0.618171334267, "dmean2": 0.971293389797, "dvar": 0.642706751823, "dvar2": 1.52272439003, "max": 13.630613327, "mean": 2.44447112083, "median": 2.07199525833, "min": -1.53702282906, "var": 2.08391046524}, "melbands_spread": {"dmean": 5.06670379639, "dmean2": 7.59703016281, "dvar": 102.540367126, "dvar2": 189.451095581, "max": 251.577484131, "mean": 18.6239433289, "median": 14.0737018585, "min": 0.570392847061, "var": 437.542327881}, "pitch_salience": {"dmean": 0.0624871850014, "dmean2": 0.101347923279, "dvar": 0.00377223035321, "dvar2": 0.00996174197644, "max": 0.995965838432, "mean": 0.579949259758, "median": 0.591369986534, "min": 0.106699794531, "var": 0.012377621606}, "silence_rate_20dB": {"dmean": 0, "dmean2": 0, "dvar": 0, "dvar2": 0, "max": 1, "mean": 1, "median": 1, "min": 1, "var": 0}, "silence_rate_30dB": {"dmean": 0.0163494106382, "dmean2": 0.032702639699, "dvar": 0.0160824563354, "dvar2": 0.033033978194, "max": 1, "mean": 0.969640374184, "median": 1, "min": 0, "var": 0.0294365212321}, "silence_rate_60dB": {"dmean": 0.0238234270364, "dmean2": 0.0476524159312, "dvar": 0.0232537761331, "dvar2": 0.0488798134029, "max": 1, "mean": 0.275922477245, "median": 0, "min": 0, "var": 0.199804827571}, "spectral_centroid": {"dmean": 186.404052734, "dmean2": 279.419586182, "dvar": 102622.289062, "dvar2": 180092.984375, "max": 11800.2138672, "mean": 1024.92602539, "median": 897.269287109, "min": 129.380966187, "var": 520341.75}, "spectral_complexity": {"dmean": 2.1898868084, "dmean2": 3.59869194031, "dvar": 8.92892456055, "dvar2": 21.7165927887, "max": 54, "mean": 14.6028728485, "median": 11, "min": 0, "var": 121.975112915}, "spectral_decrease": {"dmean": 1.92336457872e-09, "dmean2": 3.20177129254e-09, "dvar": 2.05087174066e-17, "dvar2": 5.12291349851e-17, "max": 2.26893434596e-11, "mean": -5.29415755679e-09, "median": -2.40725461786e-09, "min": -6.06634458222e-08, "var": 5.52342144709e-17}, "spectral_energy": {"dmean": 0.00746154179797, "dmean2": 0.0124066183344, "dvar": 0.000304354267428, "dvar2": 0.00076246750541, "max": 0.235895738006, "mean": 0.0211934708059, "median": 0.00972305424511, "min": 1.03595752565e-20, "var": 0.000848411465995}, "spectral_energyband_high": {"dmean": 0.000218455286813, "dmean2": 0.000338736543199, "dvar": 3.97003930175e-07, "dvar2": 8.09861717244e-07, "max": 0.0224991347641, "mean": 0.000458315276774, "median": 9.36194046517e-05, "min": 7.26478966234e-21, "var": 1.01538250874e-06}, "spectral_energyband_low": {"dmean": 0.00487035000697, "dmean2": 0.00819150451571, "dvar": 0.000196586654056, "dvar2": 0.000465144839836, "max": 0.172200247645, "mean": 0.00723984092474, "median": 0.00157378287986, "min": 3.59048147745e-23, "var": 0.000374447612558}, "spectral_energyband_middle_high": {"dmean": 0.000708357139956, "dmean2": 0.00109274452552, "dvar": 1.53699647854e-06, "dvar2": 3.55204156222e-06, "max": 0.0244668349624, "mean": 0.00296631990932, "median": 0.00101663428359, "min": 1.31001952723e-21, "var": 1.56495061674e-05}, "spectral_energyband_middle_low": {"dmean": 0.00424350239336, "dmean2": 0.00713424105197, "dvar": 9.76283408818e-05, "dvar2": 0.000266358547378, "max": 0.150472670794, "mean": 0.0112999305129, "median": 0.0066517139785, "min": 2.12955841264e-22, "var": 0.000184475895367}, "spectral_entropy": {"dmean": 0.183630764484, "dmean2": 0.267230242491, "dvar": 0.0653524622321, "dvar2": 0.126962274313, "max": 9.82384777069, "mean": 7.03150749207, "median": 7.26079750061, "min": 4.49188756943, "var": 0.731545090675}, "spectral_flux": {"dmean": 0.0193732045591, "dmean2": 0.0315379649401, "dvar": 0.00114862888586, "dvar2": 0.00228350609541, "max": 0.414718329906, "mean": 0.0613681823015, "median": 0.041329100728, "min": 6.53649842586e-11, "var": 0.00352728157304}, "spectral_kurtosis": {"dmean": 4.77174901962, "dmean2": 8.17090415955, "dvar": 99.4559783936, "dvar2": 289.706451416, "max": 270.783355713, "mean": 11.3925514221, "median": 4.98483133316, "min": -1.28131473064, "var": 348.263427734}, "spectral_rms": {"dmean": 0.000610634218901, "dmean2": 0.000995942158625, "dvar": 1.05581727894e-06, "dvar2": 2.60068782154e-06, "max": 0.0151704372838, "mean": 0.00372336572036, "median": 0.003079919843, "min": 3.17913555724e-12, "var": 6.81305255057e-06}, "spectral_rolloff": {"dmean": 342.872192383, "dmean2": 575.865661621, "dvar": 844687.1875, "dvar2": 1688997, "max": 19832.0800781, "mean": 1298.9732666, "median": 861.328125, "min": 86.1328125, "var": 4292666.5}, "spectral_skewness": {"dmean": 0.414591670036, "dmean2": 0.676678240299, "dvar": 0.402448296547, "dvar2": 1.14293050766, "max": 12.5878190994, "mean": 2.14325737953, "median": 1.68056178093, "min": -0.177622407675, "var": 1.61520159245}, "spectral_spread": {"dmean": 537192.25, "dmean2": 786807.6875, "dvar": 852442939392, "dvar2": 1469657645060.0, "max": 41427832, "mean": 4137939.5, "median": 4063991.5, "min": 375830.21875, "var": 5920990429180.0}, "spectral_strongpeak": {"dmean": 0.383250504732, "dmean2": 0.658626914024, "dvar": 0.589019656181, "dvar2": 1.51613759995, "max": 11.9102230072, "mean": 0.767772912979, "median": 0.413302958012, "min": 0, "var": 1.13985455036}, "zerocrossingrate": {"dmean": 0.0083759361878, "dmean2": 0.00953192077577, "dvar": 0.000236951062107, "dvar2": 0.000228729215451, "max": 0.5322265625, "mean": 0.0490616038442, "median": 0.04052734375, "min": 0.00634765625, "var": 0.00299463490956}, "barkbands": {"dmean": [0.000152593114763, 0.00310559617355, 0.00186950142961, 0.00167795689777, 0.00179337023292, 0.0010142524261, 0.00073147850344, 0.0008919169195, 0.000542475725524, 0.000221598340431, 0.00017987456522, 0.0001339972805, 0.000191897677723, 9.92083296296e-05, 0.000161812597071, 0.000190722945263, 0.000182262592716, 8.7253509264e-05, 8.60375221237e-05, 6.90756860422e-05, 5.54146354261e-05, 4.68312173325e-05, 3.67095562979e-05, 3.44143954862e-05, 3.78550030291e-05, 1.37316174005e-05, 3.5975215269e-06], "dmean2": [0.000234653314692, 0.00490686716512, 0.00330446450971, 0.00299349287525, 0.0031406506896, 0.00170488329604, 0.00105655647349, 0.00135626085103, 0.000820998742711, 0.000360434962204, 0.000293468736345, 0.000214527375647, 0.000318713166052, 0.000160325420438, 0.000251343561104, 0.000297329708701, 0.000293877761578, 0.000142469943967, 0.000142671386129, 0.000112974194053, 9.22393228393e-05, 7.36493238946e-05, 6.23274754616e-05, 5.06288924953e-05, 5.52964302187e-05, 2.08962483157e-05, 4.85741929879e-06], "dvar": [1.96840062472e-07, 9.14897682378e-05, 4.12881054217e-05, 3.91316134483e-05, 2.03445906664e-05, 3.29547492584e-06, 1.71217538991e-06, 4.8742394938e-06, 1.75295349436e-06, 2.09064495493e-07, 1.3824985956e-07, 1.91726869048e-07, 2.36802847553e-07, 6.01150063062e-08, 2.35769732626e-07, 3.97745139935e-07, 1.97378710709e-07, 3.96594401764e-08, 2.72903584175e-08, 2.02645047409e-08, 1.67664353512e-08, 1.21573977552e-08, 1.78098460424e-08, 3.04049478927e-08, 5.549367188e-08, 1.18244276592e-08, 3.83827941652e-10], "dvar2": [3.74195934683e-07, 0.000176927540451, 0.000111782523163, 0.000107923071482, 5.87215690757e-05, 9.06079912966e-06, 3.77005949304e-06, 1.12406205517e-05, 4.03496187573e-06, 5.33515276402e-07, 3.56966808113e-07, 4.50285313036e-07, 6.56152622014e-07, 1.4336963261e-07, 5.02922091528e-07, 8.22847880499e-07, 4.52194711897e-07, 9.7717816061e-08, 7.04620148895e-08, 5.13519857748e-08, 4.2939934275e-08, 2.74292233371e-08, 5.05872854717e-08, 4.49105748146e-08, 1.00978049034e-07, 3.00276141729e-08, 4.26189528113e-10], "max": [0.00685301888734, 0.152835026383, 0.0938640460372, 0.0809919312596, 0.0881251692772, 0.0397115387022, 0.0248788651079, 0.069972217083, 0.0311122611165, 0.010380490683, 0.0115677881986, 0.0130034927279, 0.0134037686512, 0.00625225389376, 0.0145418476313, 0.0188717804849, 0.0123260943219, 0.00586047582328, 0.00454409001395, 0.00298435310833, 0.0025059110485, 0.00279586622491, 0.00204428215511, 0.00923976488411, 0.0110295088962, 0.0053620445542, 0.00119664391968], "mean": [0.00022658900707, 0.00442843325436, 0.00187918066513, 0.0015845723683, 0.00292131747119, 0.00199571950361, 0.00167291704565, 0.00179533637129, 0.00119194854051, 0.000408104533562, 0.000344528525602, 0.000235358311329, 0.000347281689756, 0.000186902529094, 0.000318897451507, 0.000373531365767, 0.00039669292164, 0.000170244413312, 0.000191393512068, 0.000140494346851, 0.000102505444374, 8.5153755208e-05, 4.98918452649e-05, 6.02164218435e-05, 5.99209997745e-05, 2.06148361031e-05, 5.68434097659e-06], "median": [2.05321139219e-05, 0.000642325670924, 0.000364386592992, 0.000341737060808, 0.0015081774909, 0.000920047285035, 0.000663177459501, 0.000307083624648, 0.00020692612452, 8.1500824308e-05, 0.000130605971208, 2.58006311924e-05, 0.000112926805741, 5.4603042372e-05, 5.53267746e-05, 5.05213756696e-05, 6.61157391733e-05, 4.15075628553e-05, 3.68638284272e-05, 3.72580107069e-05, 1.77035472007e-05, 1.41805576277e-05, 6.79474396748e-06, 9.30127407628e-06, 7.87446242612e-06, 1.91989033738e-06, 3.09343278104e-07], "min": [2.8473650384e-24, 7.32290506416e-24, 1.3364982036e-24, 1.85654568347e-24, 2.13968249572e-23, 9.70202672391e-24, 1.65778866797e-23, 1.73077123902e-23, 1.45422831786e-23, 2.24949224927e-23, 2.13857603942e-23, 3.4568042639e-23, 5.68908814361e-23, 6.26843705874e-23, 7.71868841323e-23, 8.00984119612e-23, 9.57155922761e-23, 1.2809814942e-22, 1.97874183907e-22, 1.80179390093e-22, 3.21324806636e-22, 3.17184536439e-22, 4.19261597718e-22, 7.65538844714e-22, 1.06890819265e-21, 1.48244488163e-21, 2.24519012375e-21], "var": [3.32351191901e-07, 0.000193048312212, 3.47096065525e-05, 2.74146750598e-05, 2.11847163882e-05, 7.53633366912e-06, 5.87254453421e-06, 1.68972219399e-05, 5.96156814936e-06, 5.42340444554e-07, 3.8597588059e-07, 4.47082186383e-07, 4.93051516059e-07, 1.5102858697e-07, 8.1318012235e-07, 1.33106618705e-06, 9.78385855888e-07, 1.1090403973e-07, 9.74557110567e-08, 4.83878288549e-08, 3.41074546384e-08, 3.11027434918e-08, 1.51025023598e-08, 7.24028765831e-08, 1.1493229124e-07, 1.3638863372e-08, 1.38128619653e-09]}, "erbbands": {"dmean": [0.0914069935679, 0.763380944729, 2.10920333862, 4.02400255203, 5.58170461655, 6.01863718033, 7.72099256516, 9.19331741333, 9.07047367096, 14.6243276596, 16.7808895111, 14.8722076416, 5.29246139526, 6.78015089035, 7.00264501572, 6.6031370163, 8.71687984467, 5.08906888962, 8.14188480377, 7.5824007988, 8.59868049622, 7.55668020248, 5.61668729782, 3.85915017128, 4.25426483154, 3.31076145172, 2.58942389488, 1.953358531, 1.75818872452, 1.51644349098, 0.920199990273, 0.762281179428, 0.586272537708, 0.519372403622, 0.209909141064, 0.0817927420139, 0.0205442085862, 0.00460256962106, 0.000582427368499, 3.52835995727e-05], "dmean2": [0.131015777588, 1.28469347954, 3.71083927155, 7.24062776566, 9.9527797699, 10.3863420486, 12.5206670761, 15.8071460724, 13.1490907669, 21.7420597076, 25.9885253906, 22.1356201172, 8.22514438629, 11.0176706314, 11.4567527771, 10.5904321671, 14.5695419312, 8.19927692413, 12.6805696487, 11.6263370514, 13.0329151154, 12.3069992065, 9.18162441254, 6.43828487396, 6.93608999252, 5.46041345596, 4.31229162216, 3.18996214867, 2.76598572731, 2.56017351151, 1.52356159687, 1.15921521187, 0.860454678535, 0.758364140987, 0.314925581217, 0.126657396555, 0.0310950279236, 0.00628503318876, 0.000814106606413, 5.301519559e-05], "dvar": [0.127494305372, 5.20450973511, 43.8156814575, 252.877227783, 361.48348999, 175.282073975, 229.898086548, 281.56161499, 285.098724365, 1132.60852051, 2159.0390625, 1293.82763672, 128.651367188, 199.787017822, 217.058944702, 476.070587158, 500.605560303, 136.209655762, 629.863708496, 541.819030762, 854.521362305, 251.20664978, 126.375045776, 59.01612854, 73.4973907471, 43.5865364075, 31.9090270996, 24.5146064758, 16.1932277679, 31.3891677856, 8.72085380554, 9.78583431244, 10.3310060501, 12.1265897751, 2.03067517281, 0.596094608307, 0.0109997950494, 0.000765215314459, 8.55124744703e-06, 1.44267104929e-08], "dvar2": [0.191547527909, 12.5430173874, 118.415596008, 713.620788574, 996.41015625, 499.953582764, 596.632141113, 823.243896484, 626.012390137, 2607.234375, 4963.85205078, 2915.1496582, 324.624420166, 503.643432617, 580.337341309, 1107.15246582, 1401.31298828, 339.98550415, 1351.75378418, 1093.26916504, 1605.08654785, 611.573547363, 314.328125, 156.202667236, 189.771453857, 110.220779419, 82.650428772, 60.3456459045, 36.2273216248, 89.7851028442, 24.1899681091, 16.0659828186, 15.0060911179, 20.2106132507, 4.84537696838, 1.56130802631, 0.0235812775791, 0.00108593364712, 1.05711042124e-05, 2.42291324781e-08], "max": [5.10375213623, 34.8524284363, 87.6798629761, 207.441650391, 400.295227051, 248.993103027, 342.108215332, 336.359466553, 301.568359375, 1104.5526123, 1183.17443848, 731.436096191, 307.987548828, 280.492889404, 431.304870605, 665.894104004, 615.222900391, 367.547302246, 911.099243164, 742.956542969, 1083.48266602, 402.50390625, 311.672271729, 184.239517212, 220.337631226, 164.733398438, 89.1691360474, 111.237548828, 93.6075897217, 77.4201431274, 46.7326164246, 165.134002686, 165.660507202, 159.817901611, 69.1439819336, 39.338344574, 3.92467308044, 1.59997904301, 0.180964186788, 0.00664479983971], "mean": [0.119772411883, 1.00146329403, 2.30366921425, 3.88928318024, 6.37038707733, 10.3672199249, 15.3487510681, 16.8283023834, 21.9730968475, 33.8443870544, 34.599521637, 33.3475265503, 12.2988548279, 12.8898382187, 14.499581337, 12.4003305435, 16.4220428467, 10.7413825989, 17.6316776276, 15.3630218506, 20.870639801, 18.051574707, 12.3530883789, 8.57418727875, 9.51797389984, 7.02023983002, 4.96678495407, 3.66211771965, 3.24789309502, 2.13168287277, 1.29778027534, 1.29641258717, 0.979637920856, 0.813637912273, 0.316376179457, 0.118697844446, 0.0317546278238, 0.00734872138128, 0.000925998028833, 7.1197260695e-05], "median": [0.0137897785753, 0.144219592214, 0.415101230145, 0.953046560287, 2.46563482285, 4.96961688995, 6.62857151031, 8.2086353302, 9.75117874146, 10.0755500793, 5.18536758423, 5.66155719757, 3.26662969589, 2.48692560196, 4.89858198166, 1.72689449787, 5.41514921188, 2.97692275047, 3.17772245407, 3.10622239113, 3.35032987595, 3.53966879845, 2.90652298927, 1.94518041611, 2.1493730545, 1.79684722424, 1.14586663246, 0.511115372181, 0.496924847364, 0.360210418701, 0.190828442574, 0.234262779355, 0.112444162369, 0.0986693352461, 0.0403506718576, 0.0118123525754, 0.00297331996262, 0.000414897338487, 5.81020358368e-05, 1.60649105965e-05], "min": [2.15976055193e-22, 1.99981212453e-21, 4.97628019492e-21, 1.16277974241e-20, 3.25458703341e-20, 7.12074876025e-20, 1.24136920306e-19, 5.38994279873e-20, 1.75975889855e-19, 2.32029538495e-19, 4.54279630801e-19, 3.53621909065e-19, 8.51724198701e-19, 8.09322041622e-19, 7.86058258978e-19, 1.92722163941e-18, 2.91564539595e-18, 3.64155718124e-18, 4.20895014189e-18, 3.59910792656e-18, 5.62729150922e-18, 6.56297629786e-18, 6.75407569887e-18, 8.06408701165e-18, 1.12945176441e-17, 9.68654388053e-18, 9.10327070648e-18, 1.05687518562e-17, 1.15879607935e-17, 1.39166818402e-17, 1.04586524623e-17, 1.30821302212e-17, 1.24166096517e-17, 1.03703757473e-17, 7.2204885183e-18, 5.11924999829e-18, 2.89338058899e-18, 1.02222225297e-18, 2.72148082547e-19, 3.22649326562e-20], "var": [0.235548779368, 8.53554439545, 41.8796234131, 167.293319702, 281.152557373, 237.594451904, 550.462585449, 545.951293945, 999.421508789, 4870.01367188, 6518.53173828, 4769.34033203, 449.843444824, 488.13369751, 607.54107666, 1130.84008789, 1067.54772949, 380.902862549, 2345.79638672, 1492.42773438, 4645.06396484, 1422.77807617, 460.719055176, 182.919525146, 255.7759552, 115.371948242, 66.5261230469, 54.5344314575, 45.3633995056, 26.1551513672, 8.56741046906, 22.1065940857, 24.4602241516, 25.703950882, 2.86715912819, 0.573794841766, 0.0216920785606, 0.00232219160534, 3.14538992825e-05, 5.19226723839e-08]}, "gfcc": {"mean": [-83.0778808594, 110.531478882, -116.487930298, 12.7151107788, -61.1120414734, -8.35933017731, -44.0407028198, -3.77714037895, -21.8234424591, -0.791912972927, -12.7054710388, -3.44039654732, -8.5649394989], "cov": [[26464.2910156, -2881.73828125, 1309.93591309, 3090.36279297, -240.596801758, 1403.14855957, 449.653747559, 2189.68481445, 34.2691574097, 958.991699219, -553.868652344, 264.463256836, -518.096008301], [-2881.73828125, 2888.13720703, -856.921325684, -713.435119629, 498.605285645, -426.872283936, 154.718994141, -535.35144043, 183.67767334, -344.979217529, 197.10798645, -168.010162354, 92.9722747803], [1309.93591309, -856.921325684, 1841.06494141, 823.111755371, -32.0421638489, 427.604248047, -35.6862487793, 477.615142822, -54.1072998047, 213.208190918, -146.866958618, 40.695186615, -167.594284058], [3090.36279297, -713.435119629, 823.111755371, 1075.82141113, 126.388237, 336.467132568, 108.943588257, 491.602539062, 89.7923355103, 227.399597168, -102.89465332, 26.1532649994, -88.5329666138], [-240.596801758, 498.605285645, -32.0421638489, 126.388237, 455.569885254, 25.1771736145, 190.722595215, 54.3056144714, 118.892669678, 13.2019767761, 49.9921035767, -1.99164438248, 24.6970996857], [1403.14855957, -426.872283936, 427.604248047, 336.467132568, 25.1771736145, 374.637298584, 115.065681458, 239.400558472, 49.5879402161, 138.050598145, -22.7187366486, 47.2123908997, -34.6337738037], [449.653747559, 154.718994141, -35.6862487793, 108.943588257, 190.722595215, 115.065681458, 316.828918457, 80.1069717407, 68.3327255249, 38.2272720337, 52.9367675781, 41.4883537292, 0.316428214312], [2189.68481445, -535.35144043, 477.615142822, 491.602539062, 54.3056144714, 239.400558472, 80.1069717407, 453.859191895, 53.0782699585, 178.764877319, -53.7899589539, 52.4446296692, -46.9010810852], [34.2691574097, 183.67767334, -54.1072998047, 89.7923355103, 118.892669678, 49.5879402161, 68.3327255249, 53.0782699585, 185.570587158, 44.4946746826, 30.3391971588, -4.01655435562, 20.5203418732], [958.991699219, -344.979217529, 213.208190918, 227.399597168, 13.2019767761, 138.050598145, 38.2272720337, 178.764877319, 44.4946746826, 178.213348389, -9.05539894104, 32.2268981934, -7.59225463867], [-553.868652344, 197.10798645, -146.866958618, -102.89465332, 49.9921035767, -22.7187366486, 52.9367675781, -53.7899589539, 30.3391971588, -9.05539894104, 103.480010986, 22.5703144073, 39.8829612732], [264.463256836, -168.010162354, 40.695186615, 26.1532649994, -1.99164438248, 47.2123908997, 41.4883537292, 52.4446296692, -4.01655435562, 32.2268981934, 22.5703144073, 106.988357544, 24.1849308014], [-518.096008301, 92.9722747803, -167.594284058, -88.5329666138, 24.6970996857, -34.6337738037, 0.316428214312, -46.9010810852, 20.5203418732, -7.59225463867, 39.8829612732, 24.1849308014, 113.078483582]], "icov": [[0.000122954894323, -0.000138376984978, 0.000270188058494, -0.000302783213556, 0.000231843660004, -0.000255866500083, 2.29045799642e-05, -0.000422059907578, 0.000314539007377, -0.000249850243563, 0.000412149762269, -0.000321892555803, 0.000386009429349], [-0.000138376984978, 0.00111344200559, -0.000442581513198, 0.000681525911205, -0.00106739194598, 0.000736218818929, -0.000334573036525, 0.000761589268222, -0.00117737159599, 0.00133015273605, -0.00123910303228, 0.00142473983578, -0.000461121206172], [0.000270188058494, -0.000442581513198, 0.00177909550257, -0.00122985837515, 0.000401103054173, -0.00149388145655, 0.000795447849669, -0.00120073533617, 0.0014687331859, -0.000735373003408, 0.00111298263073, -0.00114990712609, 0.00176781113259], [-0.000302783213556, 0.000681525911205, -0.00122985837515, 0.00328242848627, -0.00123605178669, 0.000581445870921, -0.000437869806774, -0.000317073281622, -0.00161305256188, 0.000358314719051, -0.000125827151351, 0.00158218084835, -0.00085994816618], [0.000231843660004, -0.00106739194598, 0.000401103054173, -0.00123605178669, 0.00476658018306, 2.02124901989e-05, -0.00180100335274, -0.00125341850799, -0.000263142137555, -0.000726359256078, 0.000786373100709, -0.000635671603959, -0.000125534512335], [-0.000255866500083, 0.000736218818929, -0.00149388145655, 0.000581445870921, 2.02124901989e-05, 0.00644279783592, -0.0022056887392, 0.000220456146053, -0.00196969695389, -0.000603970023803, -0.000907005101908, 0.000637724413536, -0.000969586137217], [2.29045799642e-05, -0.000334573036525, 0.000795447849669, -0.000437869806774, -0.00180100335274, -0.0022056887392, 0.00596375623718, -0.000428753701271, 0.000498126144521, 3.51125345333e-05, -0.00181226246059, -0.00193506036885, 0.00170442741364], [-0.000422059907578, 0.000761589268222, -0.00120073533617, -0.000317073281622, -0.00125341850799, 0.000220456146053, -0.000428753701271, 0.00761206727475, -0.00164767110255, -0.00161781313363, -0.000202394425287, -0.000270346034085, -0.000768517958932], [0.000314539007377, -0.00117737159599, 0.0014687331859, -0.00161305256188, -0.000263142137555, -0.00196969695389, 0.000498126144521, -0.00164767110255, 0.0093607828021, -0.00288542243652, -7.61883638916e-05, -0.000133033405291, 0.00025535892928], [-0.000249850243563, 0.00133015273605, -0.000735373003408, 0.000358314719051, -0.000726359256078, -0.000603970023803, 3.51125345333e-05, -0.00161781313363, -0.00288542243652, 0.0124052213505, -0.00288169574924, 0.00105510361027, -0.00159797025844], [0.000412149762269, -0.00123910303228, 0.00111298263073, -0.000125827151351, 0.000786373100709, -0.000907005101908, -0.00181226246059, -0.000202394425287, -7.61883638916e-05, -0.00288169574924, 0.0172174088657, -0.00460501527414, -0.00133758969605], [-0.000321892555803, 0.00142473983578, -0.00114990712609, 0.00158218084835, -0.000635671603959, 0.000637724413536, -0.00193506036885, -0.000270346034085, -0.000133033405291, 0.00105510361027, -0.00460501527414, 0.0146399848163, -0.00429631909356], [0.000386009429349, -0.000461121206172, 0.00176781113259, -0.00085994816618, -0.000125534512335, -0.000969586137217, 0.00170442741364, -0.000768517958932, 0.00025535892928, -0.00159797025844, -0.00133758969605, -0.00429631909356, 0.0135818934068]]}, "melbands": {"dmean": [0.000817194581032, 0.00105598662049, 0.000734030152671, 0.000401718803914, 0.000272129051154, 0.000195121305296, 0.000142217468238, 0.00016522189253, 0.000134467714815, 8.51272270666e-05, 2.55346749327e-05, 2.93877728836e-05, 2.55896393355e-05, 1.65177079907e-05, 1.78246136784e-05, 1.79641192517e-05, 9.72598627413e-06, 1.32429267978e-05, 9.34138006414e-06, 1.42326362038e-05, 1.13010655696e-05, 7.89338628238e-06, 9.68344738794e-06, 4.21344975621e-06, 3.32363879352e-06, 3.91042658521e-06, 2.28471367336e-06, 2.38918073592e-06, 1.77298863946e-06, 1.49320806031e-06, 1.10266410047e-06, 1.12271084163e-06, 8.89734963039e-07, 8.98406426586e-07, 5.57414750801e-07, 4.19160897991e-07, 5.28711893821e-07, 4.37475620174e-07, 4.42201553597e-07, 4.6279842536e-07], "dmean2": [0.0011914067436, 0.00184799788985, 0.00131403922569, 0.000706960679963, 0.000446308142273, 0.000333486619638, 0.000206114622415, 0.000246838055318, 0.000208623503568, 0.000126684084535, 4.01566103392e-05, 4.79955524497e-05, 4.1747065552e-05, 2.64024238277e-05, 2.95352110697e-05, 2.9370035918e-05, 1.57336489792e-05, 2.07297198358e-05, 1.41678274304e-05, 2.25411822612e-05, 1.69145532709e-05, 1.27627845359e-05, 1.59137016453e-05, 6.98557823853e-06, 5.62216882827e-06, 6.55748090139e-06, 3.70184784515e-06, 3.95228335037e-06, 2.9492161957e-06, 2.47558136834e-06, 1.79563687652e-06, 1.76414846464e-06, 1.44463137985e-06, 1.56976193466e-06, 9.39093297347e-07, 6.64824653995e-07, 8.01847249932e-07, 6.56687745959e-07, 6.52504752452e-07, 6.91635705152e-07], "dvar": [7.35203320801e-06, 9.68418680714e-06, 7.46525120121e-06, 1.29711224872e-06, 2.53947035844e-07, 1.21228197258e-07, 6.76405633726e-08, 1.54588789769e-07, 1.3160759238e-07, 4.43394014837e-08, 3.03590397266e-09, 3.89352106112e-09, 2.96676638811e-09, 2.46649212166e-09, 1.78507941762e-09, 2.83409318236e-09, 5.67248525929e-10, 1.58408974826e-09, 7.81119391391e-10, 2.11649919812e-09, 1.86295667781e-09, 3.11031644884e-10, 4.40657871303e-10, 9.40554162332e-11, 4.76476531841e-11, 6.80457912239e-11, 2.20346033086e-11, 2.21037597947e-11, 1.62326783959e-11, 1.13642584926e-11, 8.24498108676e-12, 6.99449222499e-12, 4.6972378244e-12, 1.43616741763e-11, 3.70827544019e-12, 1.03899495344e-12, 6.750317319e-12, 6.12562778279e-12, 5.83871883134e-12, 1.25433491718e-11], "dvar2": [1.18800917335e-05, 2.60751276073e-05, 2.07494140341e-05, 3.67375673704e-06, 6.86849659814e-07, 3.49078561612e-07, 1.48775100683e-07, 3.57896567493e-07, 3.02938616414e-07, 9.83110481911e-08, 7.70943575645e-09, 9.87234205496e-09, 7.66747554337e-09, 5.86611248465e-09, 4.84594808725e-09, 7.6349850886e-09, 1.39992251125e-09, 3.43584960483e-09, 1.55461166162e-09, 4.52331327949e-09, 3.27079474616e-09, 7.30770777224e-10, 1.09825448735e-09, 2.2922513887e-10, 1.30214991567e-10, 1.82790546588e-10, 5.33124690227e-11, 5.63156084266e-11, 4.27989345353e-11, 2.88883535149e-11, 1.98432797971e-11, 1.56242310756e-11, 1.18731977375e-11, 4.17893983307e-11, 1.04516117982e-11, 2.32756023656e-12, 1.11411479001e-11, 9.38316611909e-12, 9.35280325409e-12, 2.33662308252e-11], "max": [0.0402178280056, 0.0362399220467, 0.0342234037817, 0.0207630973309, 0.00920230150223, 0.0069956514053, 0.00454184878618, 0.0147942937911, 0.00901010725647, 0.00410778960213, 0.0014979186235, 0.00120638881344, 0.00180011987686, 0.00146485166624, 0.000976037816145, 0.00179044075776, 0.000765392789617, 0.00138846575283, 0.000852765340824, 0.00127236999106, 0.00174277217593, 0.000495688058436, 0.000551234930754, 0.000472192215966, 0.00017059246602, 0.000217157474253, 0.000110566026706, 9.9891993159e-05, 6.67386557325e-05, 8.44153546495e-05, 7.31922118575e-05, 6.75559713272e-05, 5.49586002307e-05, 5.40172040928e-05, 3.21466759488e-05, 2.84956768155e-05, 0.00014612718951, 0.000127268358483, 0.000120439450257, 0.000157401475008], "mean": [0.00114983541425, 0.00128639617469, 0.000755217450205, 0.000588269322179, 0.000554129423108, 0.000367350614397, 0.000337396748364, 0.00037614966277, 0.000273850717349, 0.000188637204701, 5.4360323702e-05, 5.15282481501e-05, 4.98085610161e-05, 3.08462804242e-05, 3.24009670294e-05, 3.29981703544e-05, 1.81083705684e-05, 2.77133021882e-05, 1.86426605069e-05, 2.48308824666e-05, 2.60072647507e-05, 1.84756354429e-05, 1.77006368176e-05, 8.16482679511e-06, 6.38050096313e-06, 7.79743459134e-06, 5.0100234148e-06, 4.64208369522e-06, 3.16154455504e-06, 2.59651346823e-06, 1.97559597837e-06, 2.00910540116e-06, 1.37848917348e-06, 1.11662961899e-06, 7.38377991638e-07, 6.61388753542e-07, 8.63885077251e-07, 6.89338321536e-07, 6.86879616296e-07, 6.8872537895e-07], "median": [0.000167208461789, 0.000226851640036, 0.000216067783185, 0.000288650102448, 0.000270928314421, 0.000175703433342, 0.000147164653754, 0.000106332605355, 3.33832067554e-05, 3.31569899572e-05, 1.47394821397e-05, 8.13097994978e-06, 1.84806194738e-05, 5.64821903026e-06, 8.06354546512e-06, 8.54052632349e-06, 4.88100431539e-06, 5.13168561156e-06, 3.65618416254e-06, 3.87647833122e-06, 3.63255003322e-06, 3.36910852639e-06, 3.06477204504e-06, 1.97838267013e-06, 1.29369186652e-06, 1.3421984022e-06, 1.3549392861e-06, 1.07630148705e-06, 7.83317886999e-07, 4.29598401297e-07, 2.28114686252e-07, 2.64389598215e-07, 2.57444980889e-07, 1.48575566072e-07, 8.33247639775e-08, 1.18615972156e-07, 1.33782521061e-07, 6.33717434084e-08, 6.42505710857e-08, 8.34218383261e-08], "min": [2.46523332173e-24, 4.66031097129e-24, 2.6760907141e-24, 3.59991033742e-24, 3.78456216495e-24, 1.36461793943e-24, 2.70426941728e-24, 1.99919441488e-24, 4.07975036581e-24, 1.98503929202e-24, 4.33228643525e-24, 2.64814413325e-24, 2.71895938785e-24, 3.34347335081e-24, 3.91898958523e-24, 7.19765761824e-24, 6.19623143679e-24, 6.85028981837e-24, 6.04851565457e-24, 4.03405796446e-24, 5.39472785227e-24, 5.37503867294e-24, 5.69808036907e-24, 5.36709681577e-24, 6.23262947896e-24, 7.31680085848e-24, 5.72395855664e-24, 6.54802632406e-24, 5.50995637027e-24, 5.86632665078e-24, 4.7865401546e-24, 6.07593764292e-24, 6.36426472606e-24, 6.25590442554e-24, 4.81834584301e-24, 8.58036827975e-24, 7.26285145003e-24, 7.44764053936e-24, 8.5459210906e-24, 8.18215839454e-24], "var": [1.5794450519e-05, 1.16593027997e-05, 5.24864617546e-06, 1.17041406611e-06, 5.93697564e-07, 2.50033451721e-07, 2.33672977856e-07, 6.61090155063e-07, 3.79868907885e-07, 1.65044198752e-07, 9.63165458501e-09, 8.59539639464e-09, 8.27372037548e-09, 5.95626614697e-09, 4.16348289178e-09, 5.92761084661e-09, 1.39935596444e-09, 5.68620395214e-09, 3.0227960135e-09, 5.01446617562e-09, 1.05702993025e-08, 1.89951587792e-09, 1.176293285e-09, 2.90482554677e-10, 1.17206286343e-10, 1.93391053172e-10, 7.09845168756e-11, 5.34039548694e-11, 2.87255531861e-11, 2.29895113363e-11, 1.86310220723e-11, 1.97460277296e-11, 7.95691811051e-12, 1.01096752497e-11, 3.29801940965e-12, 1.91638697099e-12, 1.46364170783e-11, 1.31170638587e-11, 1.35121835595e-11, 2.24459496129e-11]}, "mfcc": {"mean": [-720.169372559, 136.132598877, 1.08939814568, 15.250295639, 0.421981334686, -6.37750339508, -12.2594499588, -10.7046899796, -8.14686489105, -5.26700973511, -4.15519237518, -2.0494685173, -3.07033872604], "cov": [[17760.0996094, -1016.36889648, 94.9839324951, 2192.61132812, 20.6077842712, 304.93270874, 834.517700195, 1133.01904297, 1154.75927734, 867.33190918, 544.467285156, 595.249084473, 399.388793945], [-1016.36889648, 1785.77575684, -195.401779175, -111.122962952, 137.565368652, -9.267993927, -3.05890011787, 21.7751522064, -82.9613952637, -20.4179916382, -15.2100791931, -51.1611366272, 14.2545671463], [94.9839324951, -195.401779175, 1256.56408691, 378.492828369, 100.39806366, 112.461074829, 89.1173706055, 91.2113952637, 130.539306641, 26.220331192, 54.5651359558, 28.568561554, -6.42195987701], [2192.61132812, -111.122962952, 378.492828369, 879.200866699, 144.366714478, 101.740264893, 186.452209473, 226.100372314, 281.017242432, 178.968261719, 91.387046814, 119.833198547, 108.264572144], [20.6077842712, 137.565368652, 100.39806366, 144.366714478, 260.365753174, 56.5666007996, 23.334728241, 33.0942420959, 89.4387817383, 70.7762832642, 20.6401500702, 22.9696769714, 30.3749923706], [304.93270874, -9.267993927, 112.461074829, 101.740264893, 56.5666007996, 215.860641479, 90.7498779297, 87.0240631104, 74.965461731, 70.4985656738, 67.4596557617, 36.720413208, 32.6691474915], [834.517700195, -3.05890011787, 89.1173706055, 186.452209473, 23.334728241, 90.7498779297, 242.60949707, 133.507919312, 97.2325668335, 79.5661010742, 45.8558998108, 55.0047912598, 50.837638855], [1133.01904297, 21.7751522064, 91.2113952637, 226.100372314, 33.0942420959, 87.0240631104, 133.507919312, 243.334625244, 124.562667847, 95.6803207397, 64.2973480225, 75.796257019, 68.2278060913], [1154.75927734, -82.9613952637, 130.539306641, 281.017242432, 89.4387817383, 74.965461731, 97.2325668335, 124.562667847, 235.351379395, 127.497444153, 77.0328598022, 75.1623840332, 68.0028991699], [867.33190918, -20.4179916382, 26.220331192, 178.968261719, 70.7762832642, 70.4985656738, 79.5661010742, 95.6803207397, 127.497444153, 179.67930603, 80.463684082, 56.7809028625, 51.663482666], [544.467285156, -15.2100791931, 54.5651359558, 91.387046814, 20.6401500702, 67.4596557617, 45.8558998108, 64.2973480225, 77.0328598022, 80.463684082, 128.944671631, 54.8432617188, 35.0942764282], [595.249084473, -51.1611366272, 28.568561554, 119.833198547, 22.9696769714, 36.720413208, 55.0047912598, 75.796257019, 75.1623840332, 56.7809028625, 54.8432617188, 103.372558594, 55.3132209778], [399.388793945, 14.2545671463, -6.42195987701, 108.264572144, 30.3749923706, 32.6691474915, 50.837638855, 68.2278060913, 68.0028991699, 51.663482666, 35.0942764282, 55.3132209778, 102.50769043]], "icov": [[0.00012926053023, 4.09426866099e-05, 9.34837662498e-05, -0.000192240462638, 0.000185341501492, 0.000128685845993, -7.47106896597e-05, -0.00027561490424, -0.000266699702479, -0.000157237445819, -0.000115352093417, -0.000133162888233, 0.000191662882571], [4.09426866099e-05, 0.000673808972351, 0.000133301131427, -1.05585058918e-05, -0.000513814680744, 0.000160210736794, -0.000121371704154, -0.000441578682512, 0.000364992039977, 8.28013507999e-05, -0.000295449106488, 0.00048340295325, -0.000221980415517], [9.34837662498e-05, 0.000133301131427, 0.0011033967603, -0.000588210881688, -0.000161517236847, -0.000253865815466, -0.000141979544424, -0.000279191677691, -0.000401354744099, 0.000607440713793, -0.000475090026157, 0.000119308104331, 0.000750992097892], [-0.000192240462638, -1.05585058918e-05, -0.000588210881688, 0.00255561526865, -0.000643533014227, 0.000224056348088, -0.000332844560035, -0.000283497065539, -0.00108149182051, -0.000295353180263, 0.00062598491786, -0.000243178626988, -0.000729250838049], [0.000185341501492, -0.000513814680744, -0.000161517236847, -0.000643533014227, 0.00568501045927, -0.000929112837184, 0.000635652628262, 0.000577465631068, -0.00195083359722, -0.00174805393908, 0.00121046765707, -0.000455908244476, -6.24099411652e-05], [0.000128685845993, 0.000160210736794, -0.000253865815466, 0.000224056348088, -0.000929112837184, 0.00692618079484, -0.00166094116867, -0.00134148192592, -0.000181010444066, -0.000600352534093, -0.00255397078581, 0.00058372883359, -9.61543446465e-06], [-7.47106896597e-05, -0.000121371704154, -0.000141979544424, -0.000332844560035, 0.000635652628262, -0.00166094116867, 0.00672935880721, -0.00198974390514, -0.000207061413676, -0.000775805558078, 0.000934014271479, -0.00050851557171, -0.000538421911187], [-0.00027561490424, -0.000441578682512, -0.000279191677691, -0.000283497065539, 0.000577465631068, -0.00134148192592, -0.00198974390514, 0.00877921283245, -0.00073690910358, -0.000486060889671, 0.000295158708468, -0.00175064662471, -0.00160551036242], [-0.000266699702479, 0.000364992039977, -0.000401354744099, -0.00108149182051, -0.00195083359722, -0.000181010444066, -0.000207061413676, -0.00073690910358, 0.0111612817273, -0.00287328055128, -0.00110717571806, -0.000731616921257, -0.00184799951967], [-0.000157237445819, 8.28013507999e-05, 0.000607440713793, -0.000295353180263, -0.00174805393908, -0.000600352534093, -0.000775805558078, -0.000486060889671, -0.00287328055128, 0.0119336266071, -0.00403492664918, 0.000503926654346, -0.000630228954833], [-0.000115352093417, -0.000295449106488, -0.000475090026157, 0.00062598491786, 0.00121046765707, -0.00255397078581, 0.000934014271479, 0.000295158708468, -0.00110717571806, -0.00403492664918, 0.0136677389964, -0.00441774632782, 6.78555225022e-05], [-0.000133162888233, 0.00048340295325, 0.000119308104331, -0.000243178626988, -0.000455908244476, 0.00058372883359, -0.00050851557171, -0.00175064662471, -0.000731616921257, 0.000503926654346, -0.00441774632782, 0.0181766916066, -0.00598195707425], [0.000191662882571, -0.000221980415517, 0.000750992097892, -0.000729250838049, -6.24099411652e-05, -9.61543446465e-06, -0.000538421911187, -0.00160551036242, -0.00184799951967, -0.000630228954833, 6.78555225022e-05, -0.00598195707425, 0.0159621443599]]}, "spectral_contrast_coeffs": {"dmean": [0.0471844673157, 0.0391040556133, 0.0318567194045, 0.0284371171147, 0.0222564600408, 0.0192082840949], "dmean2": [0.0779405832291, 0.063652433455, 0.051148109138, 0.0455098971725, 0.0350353941321, 0.0310843270272], "dvar": [0.00182407640386, 0.00127604231238, 0.000804544019047, 0.000758273527026, 0.000475477805594, 0.000405224243877], "dvar2": [0.00481670023873, 0.00327932671644, 0.00196209433489, 0.00175777578261, 0.00105624319986, 0.00113616581075], "max": [-0.193874239922, -0.308935582638, -0.382993102074, -0.426737338305, -0.567952156067, -0.619643807411], "mean": [-0.604176104069, -0.666965842247, -0.734851956367, -0.7458294034, -0.769672870636, -0.768850266933], "median": [-0.620558619499, -0.679473400116, -0.750982522964, -0.759596645832, -0.775820612907, -0.763821005821], "min": [-0.982894301414, -0.990870714188, -0.991513311863, -0.994129359722, -0.984745383263, -0.962919056416], "var": [0.0171596948057, 0.00941088888794, 0.00893625803292, 0.00765914423391, 0.00411800993606, 0.00189121055882]}, "spectral_contrast_valleys": {"dmean": [0.431674420834, 0.33147802949, 0.295496433973, 0.298242360353, 0.296022951603, 0.395279288292], "dmean2": [0.7018674016, 0.535573661327, 0.477653503418, 0.46572470665, 0.42457985878, 0.572980463505], "dvar": [0.216973721981, 0.158658266068, 0.11448122561, 0.147182390094, 0.17594973743, 0.274695843458], "dvar2": [0.474500626326, 0.358142256737, 0.247078731656, 0.29737958312, 0.32829272747, 