{"lowlevel": {"average_loudness": 0.779877543449, "barkbands_crest": {"dmean": 3.48515915871, "dmean2": 5.82310438156, "dvar": 10.7193851471, "dvar2": 26.4929103851, "max": 26.9989929199, "mean": 16.6903419495, "median": 17.6496925354, "min": 2.55323886871, "var": 36.8685112}, "barkbands_flatness_db": {"dmean": 0.0552989169955, "dmean2": 0.0863951593637, "dvar": 0.00276587996632, "dvar2": 0.00658221216872, "max": 0.91007399559, "mean": 0.291431814432, "median": 0.255604445934, "min": 0.0357251651585, "var": 0.027895860374}, "barkbands_kurtosis": {"dmean": 253.264434814, "dmean2": 384.521575928, "dvar": 2948936.5, "dvar2": 6627461.5, "max": 89033.1015625, "mean": 1618.33483887, "median": 7.64282369614, "min": -1.99036335945, "var": 92977624}, "barkbands_skewness": {"dmean": 2.34534287453, "dmean2": 3.69885015488, "dvar": 25.7349624634, "dvar2": 59.1197128296, "max": 127.146347046, "mean": -2.75381565094, "median": 2.17406654358, "min": -254.888961792, "var": 1248.4831543}, "barkbands_spread": {"dmean": 8.36582660675, "dmean2": 13.6755151749, "dvar": 93.177734375, "dvar2": 230.634780884, "max": 127.454948425, "mean": 18.5041103363, "median": 13.342710495, "min": 0.00164644559845, "var": 344.577514648}, "dissonance": {"dmean": 0.0208206623793, "dmean2": 0.0367914773524, "dvar": 0.00172862119507, "dvar2": 0.00495533645153, "max": 0.500000178814, "mean": 0.4772131145, "median": 0.488842278719, "min": 0.0179768223315, "var": 0.00161217828281}, "dynamic_complexity": 5.97109413147, "erbbands_crest": {"dmean": 3.856143713, "dmean2": 6.32849359512, "dvar": 14.7258214951, "dvar2": 34.7155036926, "max": 35.0304031372, "mean": 13.2403688431, "median": 10.7446289062, "min": 1.69847095013, "var": 64.0747680664}, "erbbands_flatness_db": {"dmean": 0.0323969945312, "dmean2": 0.0481428913772, "dvar": 0.0010966953123, "dvar2": 0.00214229361154, "max": 0.841988384724, "mean": 0.246524766088, "median": 0.210221081972, "min": 0.0174330808222, "var": 0.0209768638015}, "erbbands_kurtosis": {"dmean": 6.66946458817, "dmean2": 10.4832010269, "dvar": 427.61605835, "dvar2": 950.381958008, "max": 905.758789062, "mean": 9.02647590637, "median": 1.29136562347, "min": -1.97851347923, "var": 1309.56567383}, "erbbands_skewness": {"dmean": 0.828106760979, "dmean2": 1.28565275669, "dvar": 1.14151728153, "dvar2": 2.55370759964, "max": 14.1842393875, "mean": -0.386686891317, "median": -0.364658266306, "min": -22.6751785278, "var": 3.99444484711}, "erbbands_spread": {"dmean": 12.3322591782, "dmean2": 19.6585464478, "dvar": 187.368164062, "dvar2": 453.932403564, "max": 175.013122559, "mean": 32.998916626, "median": 28.3891563416, "min": 0.14670316875, "var": 603.675231934}, "hfc": {"dmean": 12.5840158463, "dmean2": 20.704864502, "dvar": 1760.68237305, "dvar2": 4692.55566406, "max": 784.953430176, "mean": 24.260181427, "median": 11.9358882904, "min": 1.2472418535e-16, "var": 2571.94311523}, "melbands_crest": {"dmean": 4.30668640137, "dmean2": 7.15431499481, "dvar": 20.5307598114, "dvar2": 51.0893440247, "max": 39.2172355652, "mean": 25.8007926941, "median": 28.2624816895, "min": 2.03705954552, "var": 85.1273803711}, "melbands_flatness_db": {"dmean": 0.0631775557995, "dmean2": 0.0980349183083, "dvar": 0.00355761148967, "dvar2": 0.0084080202505, "max": 1, "mean": 0.366235166788, "median": 0.337201982737, "min": 0.00750306155533, "var": 0.0322046503425}, "melbands_kurtosis": {"dmean": 69.3473129272, "dmean2": 116.299217224, "dvar": 23390.5898438, "dvar2": 61107.6601562, "max": 6120.01025391, "mean": 91.6089935303, "median": 24.0062675476, "min": -1.98329114914, "var": 37625.3515625}, "melbands_skewness": {"dmean": 2.64151906967, "dmean2": 4.25520133972, "dvar": 10.0409955978, "dvar2": 25.6291751862, "max": 49.466053009, "mean": 5.36909389496, "median": 4.02185726166, "min": -19.7614841461, "var": 34.0330619812}, "melbands_spread": {"dmean": 10.6215906143, "dmean2": 17.3591175079, "dvar": 220.443405151, "dvar2": 534.12689209, "max": 245.657821655, "mean": 20.479516983, "median": 9.9264497757, "min": 0.0312202703208, "var": 658.476989746}, "pitch_salience": {"dmean": 0.101070180535, "dmean2": 0.165994927287, "dvar": 0.0101088071242, "dvar2": 0.0244599618018, "max": 0.940978825092, "mean": 0.318571537733, "median": 0.274463832378, "min": 0.00493244593963, "var": 0.0434549860656}, "silence_rate_20dB": {"dmean": 0, "dmean2": 0, "dvar": 0, "dvar2": 0, "max": 1, "mean": 1, "median": 1, "min": 1, "var": 0}, "silence_rate_30dB": {"dmean": 0.136923775077, "dmean2": 0.273861438036, "dvar": 0.118190720677, "dvar2": 0.259217381477, "max": 1, "mean": 0.783823549747, "median": 1, "min": 0, "var": 0.169420406222}, "silence_rate_60dB": {"dmean": 0.0222120787948, "dmean2": 0.0444264113903, "dvar": 0.0217139609158, "dvar2": 0.0492389388382, "max": 1, "mean": 0.178701832891, "median": 0, "min": 0, "var": 0.146795600653}, "spectral_centroid": {"dmean": 405.66394043, "dmean2": 621.776306152, "dvar": 197705.734375, "dvar2": 426565.8125, "max": 10562.5117188, "mean": 1793.82714844, "median": 1739.56481934, "min": 48.0468673706, "var": 895662.0625}, "spectral_complexity": {"dmean": 4.44373464584, "dmean2": 6.59681510925, "dvar": 28.5616436005, "dvar2": 56.6116104126, "max": 61, "mean": 13.216632843, "median": 11, "min": 0, "var": 147.336975098}, "spectral_decrease": {"dmean": 8.41709546506e-09, "dmean2": 1.39288696133e-08, "dvar": 1.23276870741e-16, "dvar2": 3.36780432177e-16, "max": 8.33503891348e-19, "mean": -1.50954200251e-08, "median": -9.33429955552e-09, "min": -9.71726450416e-08, "var": 2.61072468533e-16}, "spectral_energy": {"dmean": 0.0325159355998, "dmean2": 0.0538209713995, "dvar": 0.00180179800373, "dvar2": 0.00491423532367, "max": 0.368865758181, "mean": 0.0591740235686, "median": 0.0380841046572, "min": 1.0816557002e-20, "var": 0.00382047030143}, "spectral_energyband_high": {"dmean": 0.00088820559904, "dmean2": 0.0014950572513, "dvar": 1.8695163817e-05, "dvar2": 5.00063179061e-05, "max": 0.100272260606, "mean": 0.0014410718577, "median": 0.000151723390445, "min": 7.97366809922e-21, "var": 2.53619182331e-05}, "spectral_energyband_low": {"dmean": 0.0304421093315, "dmean2": 0.050802167505, "dvar": 0.00180513388477, "dvar2": 0.0049782381393, "max": 0.345336407423, "mean": 0.0483455359936, "median": 0.0237768739462, "min": 1.06694611256e-22, "var": 0.00342399138026}, "spectral_energyband_middle_high": {"dmean": 0.00338686839677, "dmean2": 0.00555268768221, "dvar": 4.67579084216e-05, "dvar2": 0.000117839081213, "max": 0.156405761838, "mean": 0.00515719270334, "median": 0.00264383782633, "min": 1.31215089055e-21, "var": 5.96070130996e-05}, "spectral_energyband_middle_low": {"dmean": 0.00312835979275, "dmean2": 0.00472059892491, "dvar": 6.76077470416e-05, "dvar2": 0.000137070033816, "max": 0.129093125463, "mean": 0.00445358920842, "median": 0.000580590160098, "min": 3.21981340857e-22, "var": 0.000129812440719}, "spectral_entropy": {"dmean": 0.281318962574, "dmean2": 0.417174756527, "dvar": 0.119050554931, "dvar2": 0.238142058253, "max": 9.80691623688, "mean": 7.02798223495, "median": 7.39238977432, "min": 2.14426660538, "var": 1.49410998821}, "spectral_flux": {"dmean": 0.0463164225221, "dmean2": 0.0757381096482, "dvar": 0.00278067821637, "dvar2": 0.00747990608215, "max": 0.479189485312, "mean": 0.11498337239, "median": 0.100694149733, "min": 1.04002674528e-10, "var": 0.00702342716977}, "spectral_kurtosis": {"dmean": 9.98007202148, "dmean2": 17.1286182404, "dvar": 782.974853516, "dvar2": 2322.43408203, "max": 922.825317383, "mean": 18.8392028809, "median": 5.3999414444, "min": -1.22172629833, "var": 2169.67797852}, "spectral_rms": {"dmean": 0.00186688406393, "dmean2": 0.00303265359253, "dvar": 4.16285911342e-06, "dvar2": 1.12437510325e-05, "max": 0.0189702138305, "mean": 0.00634709978476, "median": 0.00609550857916, "min": 3.2484978249e-12, "var": 1.74446540768e-05}, "spectral_rolloff": {"dmean": 539.70703125, "dmean2": 931.885681152, "dvar": 1040890.75, "dvar2": 2421663.75, "max": 19121.484375, "mean": 1314.60852051, "median": 344.53125, "min": 21.533203125, "var": 3963268}, "spectral_skewness": {"dmean": 0.639354526997, "dmean2": 1.02895915508, "dvar": 0.806310176849, "dvar2": 2.01971292496, "max": 26.9245166779, "mean": 2.26145839691, "median": 1.56200623512, "min": -1.12162053585, "var": 6.8813829422}, "spectral_spread": {"dmean": 601183.25, "dmean2": 931276.4375, "dvar": 595475300352, "dvar2": 1125226381310.0, "max": 40440440, "mean": 3489965.25, "median": 2987646.75, "min": 98545.40625, "var": 3898661666820.0}, "spectral_strongpeak": {"dmean": 0.445376932621, "dmean2": 0.740051150322, "dvar": 2.61174249649, "dvar2": 6.41840934753, "max": 64.4616699219, "mean": 0.930883944035, "median": 0.38013035059, "min": 0, "var": 8.58536815643}, "zerocrossingrate": {"dmean": 0.0105788577348, "dmean2": 0.0132987918332, "dvar": 0.000183403579285, "dvar2": 0.000256213301327, "max": 0.5234375, "mean": 0.0515231564641, "median": 0.03369140625, "min": 0.00146484375, "var": 0.00302617601119}, "barkbands": {"dmean": [0.00419509597123, 0.0269849766046, 0.00158397306222, 0.00127150397748, 0.00145958107896, 0.000825752154924, 0.000521815847605, 0.000260969158262, 0.000242024150793, 0.000244533701334, 0.000404419115512, 0.000478425557958, 0.000765535456594, 0.000689959037118, 0.00053775991546, 0.000390692061046, 0.000400470773457, 0.0004404609208, 0.000337181176292, 0.000456536217825, 0.00022371954401, 9.86271115835e-05, 0.000193194588064, 0.000162659969646, 0.000103136138932, 5.18356791872e-05, 4.30339468949e-06], "dmean2": [0.00678286049515, 0.0454256050289, 0.00252428697422, 0.00195533642545, 0.00235879141837, 0.00147647061385, 0.000915063312277, 0.00044746385538, 0.000415052578319, 0.000374179362552, 0.000712686043698, 0.000797669752501, 0.00124273472466, 0.00116211536806, 0.00092760915868, 0.000665971601848, 0.000692488567438, 0.000767151475884, 0.000571486190893, 0.000788643723354, 0.000392237183405, 0.000168620041222, 0.000324914784869, 0.000262126588495, 0.000180139104486, 7.81523413025e-05, 6.46506487101e-06], "dvar": [3.73305629182e-05, 0.00150250294246, 2.45129558607e-05, 2.05224059755e-05, 2.43731137743e-05, 9.35782827582e-06, 2.82839801002e-06, 6.29406429198e-07, 5.03021340137e-07, 6.61610499719e-07, 1.49819049966e-06, 2.36044297708e-06, 3.0083456295e-06, 2.77506137536e-06, 3.78007757718e-06, 9.51883066591e-07, 2.66611095867e-06, 3.2151015148e-06, 8.84559597125e-07, 3.30386228597e-06, 9.85737187875e-07, 1.53855310714e-07, 1.84879831977e-06, 7.45677311897e-07, 5.550278388e-07, 8.34324538346e-08, 3.813419025e-10], "dvar2": [9.50306857703e-05, 0.00419493624941, 5.594508184e-05, 4.2295690946e-05, 5.76139500481e-05, 2.6563899155e-05, 7.73778810981e-06, 1.70491261997e-06, 1.32395268793e-06, 1.2792132793e-06, 4.19025673182e-06, 5.83275868848e-06, 6.91395143804e-06, 7.35495314075e-06, 1.03533584479e-05, 2.56331873061e-06, 7.28927261662e-06, 9.06460991246e-06, 2.40301665144e-06, 8.67457492859e-06, 2.79869254882e-06, 4.19995018319e-07, 4.88335945192e-06, 1.95718826035e-06, 1.58604564149e-06, 1.71131418369e-07, 7.89591780848e-10], "max": [0.0939213559031, 0.317780643702, 0.0820837169886, 0.081370472908, 0.0772548988461, 0.0466851145029, 0.0413597002625, 0.0137643683702, 0.0196788348258, 0.0177656561136, 0.020852342248, 0.0316367782652, 0.0306506138295, 0.0324890390038, 0.0525423176587, 0.0369991138577, 0.0486946813762, 0.0509012714028, 0.0190264750272, 0.0432673878968, 0.0282982606441, 0.0139085035771, 0.0332599766552, 0.0162077136338, 0.0143625373021, 0.0219396334141, 0.00132809614297], "mean": [0.00701246503741, 0.0395474508405, 0.00161166011821, 0.00132202333771, 0.00135491078254, 0.000717062561307, 0.000512476020958, 0.000252757570706, 0.000234495819313, 0.000264505069936, 0.000337666482665, 0.000462852709461, 0.00098737818189, 0.000806612661108, 0.000558436091524, 0.000429591746069, 0.000356008153176, 0.000406679027947, 0.000349925627233, 0.000422457611421, 0.000247035903158, 0.000144620920764, 0.000205204065423, 0.000295050471323, 0.000167153295479, 0.000159933391842, 7.65587810747e-06], "median": [0.00255288509652, 0.0180436037481, 9.31945905904e-05, 9.87588136923e-05, 7.36793299438e-05, 2.80737949652e-05, 1.5529931261e-05, 1.12405878099e-05, 1.58712082339e-05, 2.81072498183e-05, 4.73243817396e-05, 6.87690335326e-05, 0.000227472846746, 0.000172721498529, 0.000147264363477, 0.000118857402413, 4.82082323288e-05, 5.80912346777e-05, 6.01126812398e-05, 4.52021995443e-05, 2.10476573557e-05, 8.26012364996e-06, 4.44511988462e-06, 2.06601430364e-06, 4.90889078719e-07, 2.78781470797e-07, 3.10210062082e-08], "min": [5.11658378013e-24, 2.96629118412e-23, 4.50463936906e-23, 4.8653696838e-23, 5.12128562778e-23, 4.30350697504e-23, 4.64588933176e-23, 2.98322581894e-23, 9.11766696432e-23, 2.13564352789e-23, 3.10160859727e-23, 3.29772415147e-23, 7.67597380402e-23, 1.09641820842e-22, 1.27151894987e-22, 1.01471443296e-22, 2.01766082826e-22, 1.3696206823e-22, 3.77502355865e-22, 2.07242128038e-22, 4.60898080192e-22, 4.05001845073e-22, 4.94202954574e-22, 9.79928418585e-22, 1.519120931e-21, 1.90290900629e-21, 2.38309583371e-21], "var": [8.95508201211e-05, 0.00255128182471, 2.94078927254e-05, 2.71442022495e-05, 2.60950801021e-05, 6.65318475512e-06, 2.40594408751e-06, 5.53856580154e-07, 4.54753433132e-07, 9.51204242483e-07, 1.10500604933e-06, 2.36253663388e-06, 4.78421407024e-06, 2.88542469207e-06, 2.9718632959e-06, 8.90813169008e-07, 1.9757226255e-06, 2.19935964196e-06, 8.03039313269e-07, 2.7062276331e-06, 8.82846222794e-07, 3.02039239841e-07, 1.49381094161e-06, 1.40437282425e-06, 9.00028908291e-07, 1.02215312836e-06, 1.8820538461e-09]}, "erbbands": {"dmean": [1.47106170654, 3.55546832085, 1.98969244957, 3.22555470467, 5.32816076279, 4.6351518631, 5.09342861176, 7.24271011353, 7.9856095314, 6.03047704697, 5.6005821228, 5.76020526886, 6.10288238525, 10.2464132309, 18.0381393433, 20.8308315277, 36.9366264343, 25.7292308807, 40.9687919617, 21.9433078766, 17.2361412048, 23.1283168793, 25.5503349304, 15.436788559, 20.3670024872, 21.2740879059, 11.9260969162, 6.35231494904, 3.4143102169, 5.03589582443, 5.13891839981, 4.12288331985, 2.41719174385, 1.585683465, 0.468001455069, 0.432558983564, 0.0374757759273, 0.0053395065479, 0.00059075007448, 7.72757703089e-05], "dmean2": [2.46329331398, 6.00679683685, 3.2138569355, 4.87142324448, 8.4471616745, 7.88554573059, 9.07596111298, 12.8727493286, 13.8618822098, 10.452878952, 9.64065551758, 9.92578601837, 9.52241516113, 16.1081867218, 31.3361587524, 33.9258117676, 59.8194160461, 43.4268074036, 68.8946380615, 36.8113479614, 29.7778682709, 40.1942367554, 44.830280304, 25.7558803558, 35.0320472717, 36.8711700439, 20.7454891205, 10.7827157974, 5.8108792305, 8.45498275757, 8.72236633301, 6.96988296509, 3.80932188034, 2.87779021263, 0.751889467239, 0.650101721287, 0.057961884886, 0.00783981010318, 0.000904768181499, 0.000123785706819], "dvar": [4.31937456131, 33.6166152954, 28.7432575226, 119.478507996, 346.977478027, 268.765045166, 441.128265381, 712.185058594, 629.389892578, 406.921417236, 301.526306152, 294.874176025, 337.28112793, 1136.70556641, 2770.92114258, 3739.30859375, 7344.33447266, 2876.88256836, 17609.0898438, 2275.78442383, 2520.40209961, 10373.8701172, 13844.0029297, 1859.56262207, 4552.22509766, 6953.02197266, 3054.2043457, 564.738952637, 203.715927124, 895.797363281, 1294.77209473, 753.424926758, 132.973602295, 176.648071289, 6.66988515854, 6.65222406387, 0.0247165989131, 0.000779675901867, 5.31212572241e-06, 4.93322005468e-08], "dvar2": [12.0054502487, 93.7479476929, 68.5707473755, 234.743255615, 783.01574707, 696.737731934, 1241.41662598, 2008.75976562, 1710.74731445, 1138.9420166, 805.783325195, 790.426574707, 745.723937988, 2477.68847656, 7593.14648438, 9223.17675781, 16938.4296875, 7457.19433594, 45700.6367188, 6133.12207031, 6887.828125, 28717.8984375, 39157.3203125, 4803.42529297, 12496.8867188, 18146.0976562, 8403.30664062, 1493.19580078, 553.907592773, 2363.26538086, 3466.79858398, 2040.77087402, 343.202423096, 515.17175293, 16.2338027954, 13.456451416, 0.0577728971839, 0.00158576166723, 1.15820721476e-05, 1.23005932551e-07], "max": [16.2953300476, 59.8657188416, 87.5615768433, 191.086669922, 286.123565674, 235.933837891, 363.637329102, 427.633087158, 446.40737915, 561.333068848, 374.413269043, 573.151794434, 460.323791504, 818.335144043, 1158.16625977, 1269.04992676, 1522.5690918, 1581.64379883, 3075.41870117, 821.324401855, 2309.60253906, 3204.03662109, 3564.8190918, 885.057678223, 1440.07885742, 2015.18737793, 1546.70422363, 742.748352051, 704.334960938, 849.87487793, 877.221740723, 569.648681641, 265.376556396, 262.613769531, 117.725593567, 187.019104004, 11.8464422226, 2.48116350174, 0.100130729377, 0.00696240458637], "mean": [2.06831741333, 5.15155982971, 2.50012207031, 3.60583090782, 4.98203849792, 3.90750312805, 4.1538901329, 6.47112989426, 7.93253612518, 6.05576848984, 5.57352495193, 5.5471072197, 6.36203289032, 10.9952392578, 15.6038980484, 22.8650836945, 48.754032135, 32.2295722961, 45.1046638489, 26.7984275818, 18.5750484467, 21.033159256, 22.9713363647, 16.6957054138, 20.4419536591, 20.2229709625, 12.3273677826, 7.65781545639, 4.90989923477, 6.21998739243, 5.45250320435, 5.52178192139, 4.97418355942, 2.01504731178, 1.17264044285, 1.29910159111, 0.11107005924, 0.0164788477123, 0.00106534420047, 0.000126492319396], "median": [0.86096072197, 2.08250045776, 0.536326885223, 0.346279323101, 0.34129345417, 0.239394873381, 0.233187586069, 0.232768565416, 0.214131742716, 0.309929519892, 0.280788660049, 0.413517713547, 0.714391469955, 1.66348648071, 2.37852311134, 5.57317018509, 12.0048971176, 10.6587896347, 10.3326969147, 9.11529350281, 4.92650413513, 3.29260206223, 3.21538734436, 2.94976425171, 3.54218363762, 2.70166873932, 1.23072075844, 0.603769004345, 0.345007956028, 0.217130273581, 0.11791408062, 0.0574075207114, 0.0246983133256, 0.00708798412234, 0.00317658274435, 0.00176711683162, 0.000373715040041, 6.52660091873e-05, 4.82834766444e-05, 5.80340711167e-05], "min": [1.64518398337e-21, 4.28966576044e-21, 3.86497653211e-20, 1.24338700676e-19, 1.34063359075e-19, 1.38889285865e-19, 3.78270960741e-19, 4.14096670058e-19, 6.40131708202e-19, 5.58213840792e-19, 1.17694690354e-18, 1.85048306001e-18, 1.07606385263e-18, 6.44881120786e-19, 1.14775714728e-18, 1.75998433111e-18, 3.51997734762e-18, 4.92005704858e-18, 5.95211913192e-18, 5.4482329628e-18, 7.84763535204e-18, 1.19907969247e-17, 8.06612601186e-18, 1.2335890886e-17, 1.68880270971e-17, 1.06505186597e-17, 1.80361653678e-17, 1.63605819969e-17, 1.65822978339e-17, 9.3394249811e-18, 1.54424098626e-17, 2.14414545371e-17, 1.7707973188e-17, 1.48038297385e-17, 1.11037441522e-17, 6.68672417186e-18, 3.88588110518e-18, 1.11487857909e-18, 3.00853007562e-19, 4.21679971109e-20], "var": [7.10443258286, 54.7349090576, 37.9916954041, 175.014755249, 393.955169678, 235.371429443, 304.066925049, 517.613342285, 555.594787598, 324.893096924, 272.001586914, 255.159484863, 397.794921875, 1584.44812012, 2103.82910156, 3852.71801758, 11596.7275391, 3400.39990234, 15726.9921875, 2537.52685547, 2086.28979492, 7363.4296875, 9160.25292969, 1820.85314941, 3586.62792969, 5777.46044922, 2468.35717773, 772.858947754, 353.082946777, 906.157104492, 1027.43493652, 701.229187012, 394.715301514, 148.810592651, 47.5101852417, 72.0529098511, 0.399771124125, 0.0115505810827, 2.52322879533e-05, 6.93928043916e-08]}, "gfcc": {"mean": [-131.104553223, 83.2835083008, -127.665542603, 49.4088783264, -7.48057079315, 29.1053943634, -8.67887783051, 3.38191008568, -12.0822954178, 10.6614809036, 4.27243280411, -3.05919909477, -2.58434510231], "cov": [[41949.25, 2972.11572266, 459.704864502, 622.312011719, -2713.61132812, 905.529968262, -2407.65454102, 1140.87402344, 701.440612793, 364.957489014, -668.633850098, 723.499511719, 107.545372009], [2972.11572266, 4950.80908203, 891.141723633, -339.768585205, 810.696044922, 280.923156738, 423.402099609, -610.54498291, 281.482513428, -410.692321777, 136.028900146, 40.4803123474, 253.828445435], [459.704864502, 891.141723633, 3148.5168457, 67.8879089355, 155.317764282, 402.398895264, -316.89541626, 245.858459473, 14.1958370209, 59.9570770264, -82.1131057739, 160.236114502, -19.1025447845], [622.312011719, -339.768585205, 67.8879089355, 1682.44470215, 357.516418457, -460.950286865, 371.374053955, 78.2213287354, 19.2481937408, -120.230865479, 11.1081314087, -128.928192139, 115.90940094], [-2713.61132812, 810.696044922, 155.317764282, 357.516418457, 1537.07751465, 339.565704346, 849.774780273, -240.442184448, -46.67004776, -122.670150757, 85.2488937378, -53.1209526062, 128.297790527], [905.529968262, 280.923156738, 402.398895264, -460.950286865, 339.565704346, 1088.17993164, 108.782913208, -5.63045692444, 35.8723220825, 84.0864181519, -32.0567855835, 117.494773865, 31.0100669861], [-2407.65454102, 423.402099609, -316.89541626, 371.374053955, 849.774780273, 108.782913208, 1159.82641602, -128.702606201, -64.8230361938, -180.860687256, 96.4705276489, -69.0221176147, 137.862335205], [1140.87402344, -610.54498291, 245.858459473, 78.2213287354, -240.442184448, -5.63045692444, -128.702606201, 475.540405273, 50.2144126892, 105.821670532, -10.0175352097, 46.4400177002, -16.3593406677], [701.440612793, 281.482513428, 14.1958370209, 19.2481937408, -46.67004776, 35.8723220825, -64.8230361938, 50.2144126892, 240.649520874, 39.0004043579, 13.0636291504, 13.9213085175, 39.1247711182], [364.957489014, -410.692321777, 59.9570770264, -120.230865479, -122.670150757, 84.0864181519, -180.860687256, 105.821670532, 39.0004043579, 265.8644104, 20.1323547363, 3.08493542671, -53.0457839966], [-668.633850098, 136.028900146, -82.1131057739, 11.1081314087, 85.2488937378, -32.0567855835, 96.4705276489, -10.0175352097, 13.0636291504, 20.1323547363, 227.659011841, -20.3900032043, -0.038692727685], [723.499511719, 40.4803123474, 160.236114502, -128.928192139, -53.1209526062, 117.494773865, -69.0221176147, 46.4400177002, 13.9213085175, 3.08493542671, -20.3900032043, 178.093322754, 18.3683509827], [107.545372009, 253.828445435, -19.1025447845, 115.90940094, 128.297790527, 31.0100669861, 137.862335205, -16.3593406677, 39.1247711182, -53.0457839966, -0.038692727685, 18.3683509827, 157.723129272]], "icov": [[6.38945275568e-05, -0.000141571465065, 9.18736986932e-05, -0.00016759976279, 0.000121291792311, -0.000138858114951, 0.000110588298412, -0.000218023269554, 0.00012284112745, -0.000156992682605, 0.000181340350537, -0.000196980894543, 6.76366616972e-05], [-0.000141571465065, 0.000752837222535, -0.00039501444553, 0.000568854622543, -0.000373346323613, 0.00036045385059, -0.000272850273177, 0.000972347450443, -0.000950544665102, 0.000925349188037, -0.000669663131703, 0.000497996050399, -0.000519901746884], [9.18736986932e-05, -0.00039501444553, 0.000612004252616, -0.000406375533203, 6.00812709308e-05, -0.000361956772394, 0.000401603843784, -0.000739262381103, 0.000533777871169, -0.000384309852961, 0.000424866157118, -0.000544872367755, 0.000342308107065], [-0.00016759976279, 0.000568854622543, -0.000406375533203, 0.00141779473051, -0.000582115724683, 0.00083891331451, -0.000447947328212, 0.00047407974489, -0.000753572850954, 0.000785119074862, -0.000438063318143, 0.000997795723379, -0.00080837571295], [0.000121291792311, -0.000373346323613, 6.00812709308e-05, -0.000582115724683, 0.00165121245664, -0.00066361570498, -0.000650664733257, 5.52933233848e-05, 0.000450059771538, -0.000585023663007, 0.000201548435143, -0.000224975665333, 3.2837397157e-05], [-0.000138858114951, 0.00036045385059, -0.000361956772394, 0.00083891331451, -0.00066361570498, 0.00173347420059, -0.000409867061535, 0.000502348761074, -0.000565513386391, -0.000118379561172, -7.55845976528e-05, -0.000135318856337, -0.000420197175117], [0.000110588298412, -0.000272850273177, 0.000401603843784, -0.000447947328212, -0.000650664733257, -0.000409867061535, 0.00206308113411, -0.000716197770089, 0.000671711401083, 0.000457728863694, -0.000147281505633, -3.23133972415e-05, -0.00053514103638], [-0.000218023269554, 0.000972347450443, -0.000739262381103, 0.00047407974489, 5.52933233848e-05, 0.000502348761074, -0.000716197770089, 0.00410803826526, -0.00149373698514, 0.00010283091251, -0.000893229735084, 7.87673416198e-05, -0.000550008495338], [0.00012284112745, -0.000950544665102, 0.000533777871169, -0.000753572850954, 0.000450059771538, -0.000565513386391, 0.000671711401083, -0.00149373698514, 0.00605475017801, -0.0017620716244, 0.000326850276906, -0.000456508802017, -0.000973868416622], [-0.000156992682605, 0.000925349188037, -0.000384309852961, 0.000785119074862, -0.000585023663007, -0.000118379561172, 0.000457728863694, 0.00010283091251, -0.0017620716244, 0.00635410565883, -0.00153185578529, 0.00119248917326, 0.00053893571021], [0.000181340350537, -0.000669663131703, 0.000424866157118, -0.000438063318143, 0.000201548435143, -7.55845976528e-05, -0.000147281505633, -0.000893229735084, 0.000326850276906, -0.00153185578529, 0.00551475211978, -0.000434796704212, 0.00067016138928], [-0.000196980894543, 0.000497996050399, -0.000544872367755, 0.000997795723379, -0.000224975665333, -0.000135318856337, -3.23133972415e-05, 7.87673416198e-05, -0.000456508802017, 0.00119248917326, -0.000434796704212, 0.00763352774084, -0.0015951677924], [6.76366616972e-05, -0.000519901746884, 0.000342308107065, -0.00080837571295, 3.2837397157e-05, -0.000420197175117, -0.00053514103638, -0.000550008495338, -0.000973868416622, 0.00053893571021, 0.00067016138928, -0.0015951677924, 0.00884170737118]]}, "melbands": {"dmean": [0.00967036746442, 0.0020198111888, 0.000604060885962, 0.000361337675713, 0.000178982896614, 0.000161542600836, 0.000117385352496, 6.32721421425e-05, 4.68294492748e-05, 3.49853253283e-05, 3.1113060686e-05, 3.97286421503e-05, 5.8918074501e-05, 5.83938308409e-05, 6.90929664415e-05, 6.72279493301e-05, 5.14242346981e-05, 7.67126693972e-05, 3.12382435368e-05, 3.18737511407e-05, 1.9419403543e-05, 2.48803280556e-05, 2.51993278653e-05, 1.92387033167e-05, 1.23532699945e-05, 1.38400537253e-05, 1.75651675818e-05, 1.44828554767e-05, 8.31143734104e-06, 5.90203899264e-06, 3.17443164022e-06, 1.8826581254e-06, 2.30841965276e-06, 3.27931456923e-06, 2.97112251246e-06, 3.20270873999e-06, 2.52506220022e-06, 2.22851735998e-06, 1.23459221868e-06, 1.36862047384e-06], "dmean2": [0.016225207597, 0.00334442500025, 0.00091274920851, 0.00058899843134, 0.000314842734952, 0.00028718818794, 0.000203021292691, 0.000109388805868, 8.05211966508e-05, 6.05518216616e-05, 4.86862772959e-05, 6.16233592154e-05, 0.000104100872704, 9.68941458268e-05, 0.000109130436613, 0.000112060275569, 8.73033786775e-05, 0.000128512765514, 5.37355626875e-05, 5.3712472436e-05, 3.37082528858e-05, 4.34788271377e-05, 4.42766759079e-05, 3.31259980157e-05, 2.05418145924e-05, 2.34570434259e-05, 3.07994123432e-05, 2.48949563684e-05, 1.43125616887e-05, 1.04498958535e-05, 5.29101271241e-06, 3.21449806506e-06, 3.9944134187e-06, 5.42633188161e-06, 5.00438773088e-06, 5.57496923648e-06, 4.19250454797e-06, 3.40971723745e-06, 2.19147318603e-06, 2.47552179644e-06], "dvar": [0.000188628604519, 1.37790148074e-05, 4.12487224821e-06, 1.56910027727e-06, 4.96316090448e-07, 3.4639452906e-07, 1.39124665566e-07, 4.35082547767e-08, 2.06685761839e-08, 1.09728537367e-08, 9.45890565873e-09, 1.84769337608e-08, 3.21647952717e-08, 3.64012464615e-08, 2.40154296449e-08, 2.16313420509e-08, 1.33634916466e-08, 5.80198999955e-08, 1.00759098842e-08, 5.18369436264e-09, 4.12675538186e-09, 1.02954507142e-08, 1.13921059253e-08, 8.15881406879e-09, 1.21290277821e-09, 1.57707713555e-09, 4.93072027652e-09, 3.16037396253e-09, 1.24612320462e-09, 1.089650703e-09, 9.64803723025e-11, 9.70080543672e-11, 8.59869675462e-11, 4.40992992123e-10, 3.96438715189e-10, 5.60795188065e-10, 2.20765156156e-10, 9.40918315484e-11, 7.79679515395e-11, 1.28338756289e-10], "dvar2": [0.000524027156644, 3.61727979907e-05, 8.08613822301e-06, 3.7916211113e-06, 1.36427047437e-06, 9.77312424766e-07, 3.77184932177e-07, 1.21203797221e-07, 5.43677458609e-08, 2.95982776066e-08, 2.07409520669e-08, 3.82341127647e-08, 9.00422989503e-08, 9.06179238314e-08, 5.26521262145e-08, 5.41534035392e-08, 3.51030813306e-08, 1.51681689431e-07, 2.83815833058e-08, 1.37980551429e-08, 1.13509637245e-08, 2.86346004685e-08, 3.17342880862e-08, 2.29617658221e-08, 3.13336245839e-09, 4.30816404773e-09, 1.37065798711e-08, 8.14356049261e-09, 3.29778560015e-09, 3.14095216503e-09, 2.43225023455e-10, 2.66862587583e-10, 2.39314346118e-10, 1.13151532588e-09, 1.04854669392e-09, 1.56097312853e-09, 5.88030291127e-10, 2.31202570977e-10, 2.23910140429e-10, 3.7457531521e-10], "max": [0.108823575079, 0.0436691828072, 0.0353163033724, 0.0210506562144, 0.0126865915954, 0.00932086445391, 0.00763764046133, 0.00515988282859, 0.00304835871793, 0.00336278160103, 0.00227604503743, 0.00324803800322, 0.00310011487454, 0.00423981109634, 0.00285449088551, 0.00277600623667, 0.00308152288198, 0.00551045313478, 0.00257282331586, 0.00148866069503, 0.00363555364311, 0.0031613111496, 0.0028672341723, 0.00283750076778, 0.00084093248006, 0.000849672651384, 0.00182268070057, 0.00128416030202, 0.000878834631294, 0.000975147704594, 0.000348270637915, 0.00059518578928, 0.000245468079811, 0.000579793355428, 0.000494903651997, 0.000555702426936, 0.000278778898064, 0.000300763203995, 0.000176771223778, 0.00022045969672], "mean": [0.0143074514344, 0.00297878473066, 0.000668693333864, 0.000324777502101, 0.000149567233166, 0.000145109472214, 0.000117532479635, 6.26044202363e-05, 4.59558614239e-05, 3.29589711328e-05, 3.16709265462e-05, 4.31562220911e-05, 4.83813018946e-05, 5.47455674678e-05, 9.40278841881e-05, 8.03742368589e-05, 6.0158999986e-05, 8.28321062727e-05, 3.42771709256e-05, 3.55697702616e-05, 1.88743615581e-05, 2.17535616684e-05, 2.17418983084e-05, 1.79310154635e-05, 1.28567853608e-05, 1.38364366649e-05, 1.57605791173e-05, 1.30325979626e-05, 8.03418242867e-06, 5.91387924942e-06, 3.85702105632e-06, 2.50899029197e-06, 3.14813019031e-06, 3.62717491953e-06, 3.05188245875e-06, 3.18610364047e-06, 3.73455168301e-06, 4.74084026791e-06, 1.63936329045e-06, 1.62132948844e-06], "median": [0.00657451944426, 0.00107832904905, 6.43390230834e-05, 1.99825153686e-05, 8.7353928393e-06, 5.22839081896e-06, 3.15995362143e-06, 3.28175019604e-06, 2.17011211134e-06, 2.3575553314e-06, 2.95649897453e-06, 5.7122420003e-06, 6.83125927026e-06, 7.15404621587e-06, 2.20511064981e-05, 2.21134068852e-05, 1.33685625769e-05, 1.67859943758e-05, 9.70180371951e-06, 1.03318016045e-05, 3.95443657908e-06, 2.95948211715e-06, 2.46334138865e-06, 2.33302125707e-06, 2.02670685212e-06, 2.4612031666e-06, 1.65581502642e-06, 1.14238468996e-06, 7.03082605469e-07, 3.98927568313e-07, 2.34446048353e-07, 1.49680829509e-07, 1.24036205307e-07, 7.95000900666e-08, 5.44130074331e-08, 3.41794788028e-08, 2.66935238358e-08, 1.62236020174e-08, 6.95820023822e-09, 3.96519395096e-09], "min": [1.07342220305e-23, 1.47835042216e-23, 2.27742739165e-23, 7.46294365206e-24, 1.28987979788e-23, 9.04794112663e-24, 9.40243312933e-24, 5.52055747754e-24, 1.2191267844e-23, 1.13912208912e-23, 5.06922806556e-24, 2.37433978216e-24, 4.27046813927e-24, 3.23128372224e-24, 5.56087339739e-24, 8.51961179055e-24, 9.61712714671e-24, 9.008749728e-24, 1.15390005711e-23, 4.72525749518e-24, 1.03877117225e-23, 1.1160277128e-23, 1.37467295774e-23, 2.85941528316e-24, 1.0536860865e-23, 1.50564437839e-23, 8.74042184653e-24, 6.48800939196e-24, 9.38237555195e-24, 1.27335781619e-23, 8.09573079376e-24, 9.48265239478e-24, 7.39255832665e-24, 4.39626147694e-24, 6.65559658038e-24, 1.48688573938e-23, 1.21370470674e-23, 1.2506784596e-23, 1.23471428146e-23, 1.22451628211e-23], "var": [0.000324033695506, 2.34433628066e-05, 6.05688728683e-06, 1.60272600169e-06, 3.65563579408e-07, 2.52625397934e-07, 1.22739962194e-07, 3.49611219974e-08, 1.9305806731e-08, 9.18198583832e-09, 1.09920108571e-08, 2.71514970507e-08, 2.2709961911e-08, 3.47843140958e-08, 4.19519388117e-08, 2.66915414215e-08, 1.47171768106e-08, 5.16869818057e-08, 8.2309288274e-09, 5.36498845349e-09, 3.0907396642e-09, 7.18361947705e-09, 8.25877766175e-09, 5.46540901425e-09, 1.17357057405e-09, 1.3529460885e-09, 3.49652640175e-09, 2.63911781317e-09, 1.04244091137e-09, 8.47431846918e-10, 1.72440589585e-10, 1.28265204014e-10, 1.49441112263e-10, 4.02833044699e-10, 3.2264979577e-10, 4.03666600146e-10, 2.62685900809e-10, 3.63505114898e-10, 8.39409791675e-11, 1.06247385889e-10]}, "mfcc": {"mean": [-754.321289062, 108.53843689, -22.5804462433, 33.6244926453, 25.0280017853, 32.1296730042, 24.0331325531, 8.51353263855, 2.50714349747, 13.7560310364, 7.71879434586, 9.36979579926, 6.1262755394], "cov": [[25275.59375, 2332.01513672, -834.362609863, 541.555725098, 130.389038086, -10.2601127625, -1188.79443359, -23.2669658661, 333.163970947, 472.478820801, -88.0607452393, 307.637084961, -189.613006592], [2332.01513672, 3106.49682617, -43.4088668823, 447.899139404, 385.716186523, 376.253326416, 308.439605713, 176.017807007, 246.81022644, -127.08429718, -16.7267036438, 175.287643433, 7.99318885803], [-834.362609863, -43.4088668823, 1876.6685791, -200.123016357, 216.694076538, -222.761550903, -210.495361328, -6.31471538544, -93.2172012329, 65.9768753052, 19.0545864105, -5.14093589783, 24.4148006439], [541.555725098, 447.899139404, -200.123016357, 1285.55163574, 127.84563446, 240.611343384, 244.724609375, 125.850204468, 203.341018677, -51.2354011536, -60.7828063965, 3.23063325882, 38.004119873], [130.389038086, 385.716186523, 216.694076538, 127.84563446, 670.954650879, 309.50994873, 118.198654175, 72.0758056641, 107.927978516, 38.378868103, 23.6293487549, 65.2980117798, -7.88937044144], [-10.2601127625, 376.253326416, -222.761550903, 240.611343384, 309.50994873, 855.743408203, 490.908874512, 245.696731567, 285.646331787, -46.9363899231, 15.5664348602, 133.936904907, -37.0965576172], [-1188.79443359, 308.439605713, -210.495361328, 244.724609375, 118.198654175, 490.908874512, 754.782531738, 329.345794678, 218.581375122, -35.3057289124, 24.6075763702, 73.6731033325, 67.8158187866], [-23.2669658661, 176.017807007, -6.31471538544, 125.850204468, 72.0758056641, 245.696731567, 329.345794678, 377.886322021, 192.293136597, -24.0940361023, 17.08527565, 53.5006103516, 29.5807495117], [333.163970947, 246.81022644, -93.2172012329, 203.341018677, 107.927978516, 285.646331787, 218.581375122, 192.293136597, 351.751861572, 12.5125637054, -14.4006748199, 51.2010192871, -9.14082145691], [472.478820801, -127.08429718, 65.9768753052, -51.2354011536, 38.378868103, -46.9363899231, -35.3057289124, -24.0940361023, 12.5125637054, 268.134857178, 56.9294891357, -24.1740608215, 43.2902565002], [-88.0607452393, -16.7267036438, 19.0545864105, -60.7828063965, 23.6293487549, 15.5664348602, 24.6075763702, 17.08527565, -14.4006748199, 56.9294891357, 192.955230713, 68.0318374634, 5.83556270599], [307.637084961, 175.287643433, -5.14093589783, 3.23063325882, 65.2980117798, 133.936904907, 73.6731033325, 53.5006103516, 51.2010192871, -24.1740608215, 68.0318374634, 211.800628662, 0.57154250145], [-189.613006592, 7.99318885803, 24.4148006439, 38.004119873, -7.88937044144, -37.0965576172, 67.8158187866, 29.5807495117, -9.14082145691, 43.2902565002, 5.83556270599, 0.57154250145, 153.391662598]], "icov": [[6.21948202024e-05, -5.47903728148e-05, 4.38149872934e-05, -2.7454641895e-05, 2.59328026004e-05, -4.50572151749e-05, 0.000219549037865, -0.000129755018861, -1.80486222234e-06, -0.000182304269401, 8.74741017469e-05, -0.000115197974083, 4.64035001642e-05], [-5.47903728148e-05, 0.000437500275439, -3.32259114657e-05, -5.52781457372e-05, -0.000210699843592, 8.54643221828e-05, -0.000264393951511, 0.000149301165948, -0.000149189145304, 0.000337051664246, -2.23475308303e-05, -0.000135373134981, -7.62699637562e-05], [4.38149872934e-05, -3.32259114657e-05, 0.000659626268316, 4.97369437653e-05, -0.000307958252961, 0.000178048532689, 0.000317778147291, -0.00037340837298, 0.000113963549666, -0.000193487503566, 9.83722929959e-05, -0.000135865382617, -4.45215591753e-05], [-2.7454641895e-05, -5.52781457372e-05, 4.97369437653e-05, 0.000947624677792, -0.000113989670353, 6.73300519338e-07, -0.000223952883971, 0.000140479402035, -0.000420269789174, 0.0002557929256, 0.000123746984173, 0.00024139235029, -0.000310376635753], [2.59328026004e-05, -0.000210699843592, -0.000307958252961, -0.000113989670353, 0.00213970546611, -0.000944979081396, 0.00032482133247, 1.98606139747e-05, 3.71725764126e-05, -0.000520105997566, -4.89699159516e-05, -0.000101755489595, 5.6153917285e-06], [-4.50572151749e-05, 8.54643221828e-05, 0.000178048532689, 6.73300519338e-07, -0.000944979081396, 0.00290535483509, -0.0016037938185, 0.000209865829675, -0.00101851148065, 0.000301424355712, 0.000122302764794, -0.000803646689747, 0.00108653656207], [0.000219549037865, -0.000264393951511, 0.000317778147291, -0.000223952883971, 0.00032482133247, -0.0016037938185, 0.00397698720917, -0.00226330198348, 0.000148751147208, -0.000437918090029, -4.37580056314e-05, -5.50126787857e-05, -0.00126855412964], [-0.000129755018861, 0.000149301165948, -0.00037340837298, 0.000140479402035, 1.98606139747e-05, 0.000209865829675, -0.00226330198348, 0.00549577409402, -0.00202992022969, 0.000976682291366, -0.000650966539979, 0.000126603787066, -0.000523286347743], [-1.80486222234e-06, -0.000149189145304, 0.000113963549666, -0.000420269789174, 3.71725764126e-05, -0.00101851148065, 0.000148751147208, -0.00202992022969, 0.00522289145738, -0.00113382365089, 0.000947576074395, -0.000469544931548, 0.000769745267462], [-0.000182304269401, 0.000337051664246, -0.000193487503566, 0.0002557929256, -0.000520105997566, 0.000301424355712, -0.000437918090029, 0.000976682291366, -0.00113382365089, 0.00535911042243, -0.00205350783654, 0.00140263501089, -0.00173120864201], [8.74741017469e-05, -2.23475308303e-05, 9.83722929959e-05, 0.000123746984173, -4.89699159516e-05, 0.000122302764794, -4.37580056314e-05, -0.000650966539979, 0.000947576074395, -0.00205350783654, 0.00691034039482, -0.0026754133869, 0.000618001911789], [-0.000115197974083, -0.000135373134981, -0.000135865382617, 0.00024139235029, -0.000101755489595, -0.000803646689747, -5.50126787857e-05, 0.000126603787066, -0.000469544931548, 0.00140263501089, -0.0026754133869, 0.00665543554351, -0.00072005961556], [4.64035001642e-05, -7.62699637562e-05, -4.45215591753e-05, -0.000310376635753, 5.6153917285e-06, 0.00108653656207, -0.00126855412964, -0.000523286347743, 0.000769745267462, -0.00173120864201, 0.000618001911789, -0.00072005961556, 0.00810301490128]]}, "spectral_contrast_coeffs": {"dmean": [0.0556220300496, 0.0543989799917, 0.0500429496169, 0.041732519865, 0.0330982469022, 0.0330569148064], "dmean2": [0.0915132090449, 0.0905658304691, 0.0823504328728, 0.0658899620175, 0.053627833724, 0.0499140433967], "dvar": [0.00209331745282, 0.0023784711957, 0.00181896507274, 0.00132038316224, 0.000899246137124, 0.00103986391332], "dvar2": [0.00527860410511, 0.006560114678, 0.00464005721733, 0.00294367945753, 0.00229109358042, 0.00216799834743], "max": [-0.318346232176, -0.2393425107, -0.425883769989, -0.334816932678, -0.419060558081, -0.413596779108], "mean": [-0.726589083672, -0.800931990147, -0.805385887623, -0.765880763531, -0.764469623566, -0.735704898834], "median": [-0.728475630283, -0.809118330479, -0.811194717884, -0.773372769356, -0.770025849342, -0.734490692616], "min": [-0.98688608408, -0.991023659706, -0.98972594738, -0.980977058411, -0.962919235229, -0.962240457535], "var": [0.00830975268036, 0.00613257661462, 0.00559826055542, 0.00584316859022, 0.00595582509413, 0.00797159876674]}, "spectral_contrast_valleys": {"dmean": [0.497216552496, 0.70765286684, 0.694392025471, 0.534328520298, 0.563003003597, 0.474572241306], "dmean2": [0.786605834961, 1.09950876236, 1.04290187359, 0.827690184116, 0.801368832588, 0.665968179703], "dvar": [0.207159072161, 0.487600982189, 0.433193653822, 0.315833419561, 0.353536009789, 0.308285266161], "dvar2": [0.495797991753, 1.15474629402, 0.982243597507, 0.708314478397, 0.7624797225, 0.568149507046], "max": [-4.65479326248, -4.2489900589, -4.9691157341, -5.