{"lowlevel": {"average_loudness": 0.961353480816, "barkbands_crest": {"dmean": 2.27980709076, "dmean2": 3.59495568275, "dvar": 3.72767186165, "dvar2": 8.65794086456, "max": 21.5091629028, "mean": 8.73974132538, "median": 8.06580162048, "min": 2.78981900215, "var": 10.165471077}, "barkbands_flatness_db": {"dmean": 0.0203594621271, "dmean2": 0.0281098429114, "dvar": 0.000393261288991, "dvar2": 0.000689596286975, "max": 0.279809355736, "mean": 0.133170962334, "median": 0.131801217794, "min": 0.0323229916394, "var": 0.00186878698878}, "barkbands_kurtosis": {"dmean": 1.41168570518, "dmean2": 2.13621497154, "dvar": 3.25038290024, "dvar2": 6.67630767822, "max": 47.9572525024, "mean": 1.78797769547, "median": 0.822954654694, "min": -1.84856569767, "var": 11.4852819443}, "barkbands_skewness": {"dmean": 0.396168470383, "dmean2": 0.594155430794, "dvar": 0.114211797714, "dvar2": 0.259616971016, "max": 6.19100618362, "mean": 1.09610414505, "median": 1.08620500565, "min": -2.77636909485, "var": 0.766781032085}, "barkbands_spread": {"dmean": 5.05781936646, "dmean2": 7.48326969147, "dvar": 32.9486732483, "dvar2": 72.1843414307, "max": 73.0467987061, "mean": 19.8248825073, "median": 17.8507156372, "min": 2.67683959007, "var": 98.8618545532}, "dissonance": {"dmean": 0.0194884371012, "dmean2": 0.0320658236742, "dvar": 0.000299851264572, "dvar2": 0.000796277367044, "max": 0.499999940395, "mean": 0.457474976778, "median": 0.461895406246, "min": 0.338485836983, "var": 0.000649543886539}, "dynamic_complexity": 2.93258237839, "erbbands_crest": {"dmean": 3.08292222023, "dmean2": 5.04025030136, "dvar": 7.98241472244, "dvar2": 19.5974216461, "max": 30.7571353912, "mean": 9.55852031708, "median": 8.57013225555, "min": 2.49130439758, "var": 18.1700210571}, "erbbands_flatness_db": {"dmean": 0.0208350345492, "dmean2": 0.0298818014562, "dvar": 0.0005092175561, "dvar2": 0.000951527617872, "max": 0.358569920063, "mean": 0.173900559545, "median": 0.175760030746, "min": 0.0560614429414, "var": 0.00208513694815}, "erbbands_kurtosis": {"dmean": 0.789297878742, "dmean2": 1.2463927269, "dvar": 0.833223879337, "dvar2": 1.96661102772, "max": 14.3158054352, "mean": 0.350284546614, "median": -0.0251764059067, "min": -1.52794492245, "var": 2.09933066368}, "erbbands_skewness": {"dmean": 0.322710037231, "dmean2": 0.493262320757, "dvar": 0.071620978415, "dvar2": 0.166525363922, "max": 2.26195001602, "mean": 0.240744426847, "median": 0.266896277666, "min": -2.22894644737, "var": 0.3355499506}, "erbbands_spread": {"dmean": 7.02937173843, "dmean2": 10.9108600616, "dvar": 52.3710632324, "dvar2": 119.053497314, "max": 87.8357086182, "mean": 30.0735740662, "median": 28.4257698059, "min": 4.3133687973, "var": 145.533233643}, "hfc": {"dmean": 6.41961288452, "dmean2": 8.52301311493, "dvar": 61.6728248596, "dvar2": 98.9702224731, "max": 132.98374939, "mean": 20.1845474243, "median": 15.791305542, "min": 1.13540901992e-16, "var": 265.457824707}, "melbands_crest": {"dmean": 2.85258626938, "dmean2": 4.48993301392, "dvar": 6.05807304382, "dvar2": 14.3480453491, "max": 27.7478237152, "mean": 11.8774375916, "median": 11.1903629303, "min": 1.64748644829, "var": 17.0722312927}, "melbands_flatness_db": {"dmean": 0.0228636842221, "dmean2": 0.0306743551046, "dvar": 0.000435761525296, "dvar2": 0.000775806955062, "max": 0.376113712788, "mean": 0.190124571323, "median": 0.189114108682, "min": 0.00325516983867, "var": 0.00284598930739}, "melbands_kurtosis": {"dmean": 2.74825644493, "dmean2": 4.26255321503, "dvar": 14.5733938217, "dvar2": 32.6133422852, "max": 126.320129395, "mean": 5.13829755783, "median": 3.45851230621, "min": -1.70537781715, "var": 48.5531768799}, "melbands_skewness": {"dmean": 0.504345059395, "dmean2": 0.768894135952, "dvar": 0.191304475069, "dvar2": 0.436519086361, "max": 9.45637130737, "mean": 1.75738084316, "median": 1.70955324173, "min": -1.65871274471, "var": 0.990462303162}, "melbands_spread": {"dmean": 5.88958215714, "dmean2": 8.84794807434, "dvar": 42.5526657104, "dvar2": 101.94682312, "max": 169.20791626, "mean": 24.6966285706, "median": 21.9117412567, "min": 1.69626128674, "var": 246.602813721}, "pitch_salience": {"dmean": 0.0657268241048, "dmean2": 0.1031389907, "dvar": 0.00283731520176, "dvar2": 0.00662682857364, "max": 0.883603990078, "mean": 0.567141056061, "median": 0.570745050907, "min": 0.234992027283, "var": 0.00928473751992}, "silence_rate_20dB": {"dmean": 0, "dmean2": 0, "dvar": 0, "dvar2": 0, "max": 1, "mean": 1, "median": 1, "min": 1, "var": 0}, "silence_rate_30dB": {"dmean": 0, "dmean2": 0, "dvar": 0, "dvar2": 0, "max": 1, "mean": 1, "median": 1, "min": 1, "var": 0}, "silence_rate_60dB": {"dmean": 0.00669303303584, "dmean2": 0.0133901396766, "dvar": 0.00664795842022, "dvar2": 0.0138194840401, "max": 1, "mean": 0.045012164861, "median": 0, "min": 0, "var": 0.0429856479168}, "spectral_centroid": {"dmean": 224.187042236, "dmean2": 323.602813721, "dvar": 88791.46875, "dvar2": 166018.34375, "max": 11507.3154297, "mean": 1263.23522949, "median": 1146.35791016, "min": 298.103637695, "var": 481774.0625}, "spectral_complexity": {"dmean": 3.1591117382, "dmean2": 4.36183786392, "dvar": 9.24919223785, "dvar2": 16.3880519867, "max": 48, "mean": 18.5851573944, "median": 18, "min": 0, "var": 51.9341697693}, "spectral_decrease": {"dmean": 1.57471191642e-09, "dmean2": 2.03269667765e-09, "dvar": 2.52733083406e-18, "dvar2": 4.13324657223e-18, "max": 4.6171307322e-21, "mean": -5.62811086624e-09, "median": -4.89179274865e-09, "min": -2.41742448281e-08, "var": 1.2737581372e-17}, "spectral_energy": {"dmean": 0.00636911578476, "dmean2": 0.00819201022387, "dvar": 4.14562491642e-05, "dvar2": 6.72093592584e-05, "max": 0.0961948037148, "mean": 0.0230725705624, "median": 0.02018994838, "min": 1.02701694723e-20, "var": 0.000212501152419}, "spectral_energyband_high": {"dmean": 0.000333329371642, "dmean2": 0.000461080751847, "dvar": 3.34668385449e-07, "dvar2": 6.84187170918e-07, "max": 0.00750349694863, "mean": 0.000596383120865, "median": 0.000227418000577, "min": 7.45409204579e-21, "var": 7.27629981156e-07}, "spectral_energyband_low": {"dmean": 0.00116638327017, "dmean2": 0.00162196462043, "dvar": 3.47102900378e-06, "dvar2": 6.98548456057e-06, "max": 0.0315129235387, "mean": 0.00275580608286, "median": 0.00127923930995, "min": 6.20286252267e-23, "var": 1.75149434654e-05}, "spectral_energyband_middle_high": {"dmean": 0.00274688471109, "dmean2": 0.00387268979102, "dvar": 1.3686812963e-05, "dvar2": 2.60244796664e-05, "max": 0.0836699530482, "mean": 0.00680247694254, "median": 0.00487743597478, "min": 1.45437274251e-21, "var": 4.32210399595e-05}, "spectral_energyband_middle_low": {"dmean": 0.00456129992381, "dmean2": 0.00600127223879, "dvar": 2.30492842093e-05, "dvar2": 3.96030191041e-05, "max": 0.0896153971553, "mean": 0.0134698525071, "median": 0.0109832817689, "min": 2.30232374715e-22, "var": 0.000102591584437}, "spectral_entropy": {"dmean": 0.173045605421, "dmean2": 0.234572246671, "dvar": 0.0336882770061, "dvar2": 0.0591580457985, "max": 9.81578540802, "mean": 7.43761444092, "median": 7.42673683167, "min": 6.44503545761, "var": 0.137744724751}, "spectral_flux": {"dmean": 0.0158520117402, "dmean2": 0.0251083839685, "dvar": 0.000198779074708, "dvar2": 0.000502841663547, "max": 0.173072218895, "mean": 0.0719786509871, "median": 0.0708499103785, "min": 6.64468410849e-11, "var": 0.000764995580539}, "spectral_kurtosis": {"dmean": 1.9527156353, "dmean2": 3.1945977211, "dvar": 4.91290426254, "dvar2": 13.2815408707, "max": 36.715713501, "mean": 6.20292043686, "median": 5.46106052399, "min": -1.22837126255, "var": 10.8108844757}, "spectral_rms": {"dmean": 0.00064446462784, "dmean2": 0.000815084495116, "dvar": 3.15160832542e-07, "dvar2": 4.91652826895e-07, "max": 0.00968754850328, "mean": 0.00447005871683, "median": 0.00443818746135, "min": 3.16538744001e-12, "var": 2.52840686699e-06}, "spectral_rolloff": {"dmean": 436.802978516, "dmean2": 713.689758301, "dvar": 511042.125, "dvar2": 1235093.75, "max": 19552.1484375, "mean": 1584.04040527, "median": 1335.05859375, "min": 107.666015625, "var": 1554252.125}, "spectral_skewness": {"dmean": 0.235827952623, "dmean2": 0.372293770313, "dvar": 0.0524065718055, "dvar2": 0.13273999095, "max": 4.34254789352, "mean": 1.78172636032, "median": 1.74512386322, "min": -0.0670389011502, "var": 0.175408139825}, "spectral_spread": {"dmean": 569258.4375, "dmean2": 805920.125, "dvar": 1233556602880.0, "dvar2": 2074140344320.0, "max": 41021488, "mean": 4050591.25, "median": 3812665.75, "min": 1550730.375, "var": 3760118038530.0}, "spectral_strongpeak": {"dmean": 0.737101972103, "dmean2": 1.23052704334, "dvar": 1.04180753231, "dvar2": 2.5311498642, "max": 12.1593885422, "mean": 1.18622565269, "median": 0.714117467403, "min": 0, "var": 1.6852350235}, "zerocrossingrate": {"dmean": 0.0115942656994, "dmean2": 0.0128330597654, "dvar": 0.000162820899277, "dvar2": 0.00021351367468, "max": 0.51416015625, "mean": 0.0640682056546, "median": 0.0556640625, "min": 0.0078125, "var": 0.00139084365219}, "barkbands": {"dmean": [1.31134345338e-06, 0.000525538111106, 0.000535396684427, 0.000780286907684, 0.0019847759977, 0.00180827558506, 0.00102297903504, 0.000921835657209, 0.000805569579825, 0.000562822504435, 0.000557547842618, 0.000900866813026, 0.00102288660128, 0.000237568063312, 0.000379923643777, 0.000234255436226, 0.000262186891632, 0.00018855392409, 0.000176072848262, 0.000107039515569, 8.89110087883e-05, 7.33895503799e-05, 4.32128290413e-05, 1.38434743349e-05, 6.30929134786e-05, 2.03712861548e-05, 4.02257137466e-05], "dmean2": [2.26413499149e-06, 0.000681617122609, 0.000780567992479, 0.00122223235667, 0.0027356040664, 0.00255258148536, 0.00149627041537, 0.0013288987102, 0.0011987616308, 0.000869031006005, 0.000900038634427, 0.0013463771902, 0.00162039883435, 0.00038184330333, 0.000602088111918, 0.000379120087018, 0.000424342055339, 0.000295082747471, 0.000250813754974, 0.000164063603734, 0.000130159925902, 0.000121495497297, 6.30872818874e-05, 1.82856456377e-05, 8.71599695529e-05, 2.87603852485e-05, 5.80644773436e-05], "dvar": [1.67609311846e-11, 1.50076687078e-06, 8.32463683764e-07, 1.41692260058e-06, 7.66258381191e-06, 6.04480192123e-06, 3.34266201207e-06, 2.69122301688e-06, 1.87117677797e-06, 1.07448215658e-06, 1.69273153006e-06, 6.18560261501e-06, 4.03171225116e-06, 2.51745348123e-07, 3.99602271273e-07, 1.60008639227e-07, 2.3398013127e-07, 1.38152657314e-07, 1.37963979796e-07, 5.78812660024e-08, 1.99576177806e-08, 4.74175365639e-08, 6.99126712078e-09, 5.86798054591e-10, 1.60406941063e-08, 8.28039148359e-09, 1.14342917357e-08], "dvar2": [4.51140652613e-11, 2.58923000729e-06, 1.82318126463e-06, 3.71114469999e-06, 1.29755753733e-05, 1.21393168229e-05, 6.80493440086e-06, 5.05470097778e-06, 3.66796098206e-06, 2.36572509493e-06, 4.1517396312e-06, 1.25229407786e-05, 9.70011296886e-06, 6.00251837568e-07, 9.23911386508e-07, 3.93194170556e-07, 6.02044678999e-07, 3.33113575834e-07, 2.48320930041e-07, 1.45347101466e-07, 4.2631032926e-08, 1.37059615213e-07, 1.41336027326e-08, 1.0149334706e-09, 3.28015232753e-08, 1.77274142033e-08, 2.33237766878e-08], "max": [8.03282819106e-05, 0.0211191624403, 0.0165287498385, 0.0141583420336, 0.0443701669574, 0.0306322034448, 0.0325776338577, 0.0337621122599, 0.0220310185105, 0.016036812216, 0.024535343051, 0.0711130276322, 0.0334420129657, 0.00821984838694, 0.00781940482557, 0.00664162589237, 0.00973900686949, 0.00740266265348, 0.00645112851635, 0.00437225168571, 0.00168404961005, 0.00307357986458, 0.00112371146679, 0.000416438793764, 0.00128484936431, 0.00227159797214, 0.00142706301995], "mean": [1.30998307668e-06, 0.00123203883413, 0.00109571032226, 0.00130645232275, 0.00425091432407, 0.00330038485117, 0.00159897003323, 0.00139367114753, 0.00137204176281, 0.000910121016204, 0.000807634904049, 0.00129149435088, 0.00154886045493, 0.000349004927557, 0.000605706707574, 0.000358491728548, 0.000410934677348, 0.000284883542918, 0.0002727144456, 0.000172643587575, 0.000157991118613, 0.000102478050394, 7.15920250514e-05, 2.68854637397e-05, 8.44433452585e-05, 2.4300219593e-05, 4.09128188039e-05], "median": [3.41667146131e-07, 0.000128442770801, 0.000414542068029, 0.000542786263395, 0.00249201455154, 0.00178733444773, 0.000807946606074, 0.000634221709333, 0.000724486017134, 0.000425647769589, 0.000363081402611, 0.000379185919883, 0.000480926828459, 0.000161308416864, 0.000276846112683, 0.000180409144377, 0.000200486421818, 0.000130940563395, 0.000103913465864, 6.25197280897e-05, 6.88749714755e-05, 3.59818150173e-05, 2.68387611868e-05, 6.54762243357e-06, 1.44316163642e-05, 2.85903502117e-06, 2.34148274103e-06], "min": [9.17452095862e-24, 3.72068391649e-23, 4.82203504964e-25, 7.2848038713e-24, 1.30973061481e-23, 1.40250128835e-23, 1.70892073858e-23, 3.50440791745e-23, 4.67203880859e-23, 4.87462176004e-23, 4.08600477061e-23, 6.64645857343e-23, 8.04186516234e-23, 8.61774750711e-23, 4.95085633129e-23, 1.03491230136e-22, 1.29765574181e-22, 1.8438880237e-22, 2.17102851488e-22, 3.09270178967e-22, 4.37700823792e-22, 4.87435663967e-22, 5.46397021289e-22, 6.8537760156e-22, 1.18496874117e-21, 1.42043905133e-21, 2.33394947115e-21], "var": [1.48520223897e-11, 8.91257786861e-06, 2.87128364107e-06, 3.43708552464e-06, 2.74392932624e-05, 1.60306190082e-05, 6.10168581261e-06, 5.23012340636e-06, 4.20564583692e-06, 2.28958310799e-06, 2.36325126934e-06, 1.00522620414e-05, 8.31399029266e-06, 3.51304407786e-07, 7.99390591055e-07, 2.76623637774e-07, 3.8604636643e-07, 2.25341239002e-07, 2.99605687815e-07, 1.04552512425e-07, 4.60708022842e-08, 3.95208417103e-08, 1.20697007944e-08, 2.16654494345e-09, 2.48335165765e-08, 9.85702719447e-09, 1.4186834818e-08]}, "erbbands": {"dmean": [0.00464541791007, 0.152374282479, 0.596938431263, 1.42913484573, 4.28473901749, 8.03687572479, 10.0740203857, 17.9232120514, 14.8341665268, 14.3018541336, 19.133146286, 21.8831138611, 11.9113922119, 22.8882293701, 20.7411079407, 44.3462600708, 48.2032928467, 17.9689788818, 17.2619476318, 14.2322740555, 11.3491659164, 10.9266757965, 11.3042860031, 8.27149581909, 9.02823829651, 4.86833572388, 3.46488642693, 3.91992664337, 3.14274740219, 1.27606856823, 1.32973825932, 0.371299415827, 0.215183719993, 0.214976683259, 0.789160251617, 0.122002594173, 0.0392212569714, 0.0150913344696, 0.00510819721967, 0.000762765528634], "dmean2": [0.00673473998904, 0.19843699038, 0.845776259899, 2.21570920944, 6.34654045105, 11.0877075195, 13.8617534637, 25.5485610962, 21.232591629, 21.0487060547, 27.5469512939, 32.518157959, 17.7707252502, 35.9894065857, 32.7236824036, 66.4746017456, 75.4414215088, 28.5898475647, 27.1064815521, 22.5466556549, 18.030090332, 17.4234886169, 17.5563087463, 12.1912336349, 12.8694353104, 7.30221128464, 5.07498073578, 5.91109418869, 5.21813964844, 1.88470590115, 1.94278490543, 0.512228488922, 0.286939948797, 0.297490060329, 1.10679543018, 0.171133816242, 0.0553275607526, 0.0211845394224, 0.00737844593823, 0.00111699651461], "dvar": [0.000134153131512, 0.119667187333, 1.09189176559, 4.08207654953, 37.4885406494, 161.711624146, 246.421600342, 707.523742676, 715.831665039, 546.41418457, 1399.36279297, 1525.81787109, 447.747558594, 2554.69506836, 2009.05187988, 15593.5556641, 8705.85058594, 929.434143066, 1043.99609375, 496.81817627, 294.733123779, 443.064025879, 605.328552246, 284.639373779, 476.712127686, 125.524917603, 42.075958252, 48.5533447266, 105.263183594, 5.57121038437, 6.5128326416, 0.415223866701, 0.145991802216, 0.150325208902, 2.72120022774, 0.113438487053, 0.0307018328458, 0.00449200440198, 0.000206997559872, 3.9399456e-06], "dvar2": [0.000302328844555, 0.206570446491, 2.36055660248, 11.0162296295, 77.5843505859, 282.013305664, 452.839141846, 1396.99121094, 1400.02050781, 1112.52563477, 2733.44287109, 3002.19213867, 993.100036621, 6190.58984375, 4537.96484375, 31875.6328125, 20630.9960938, 2271.7890625, 2383.25195312, 1174.53845215, 739.934631348, 1126.3894043, 1449.8684082, 604.725402832, 865.380126953, 298.15222168, 90.7216491699, 115.860137939, 305.732055664, 12.5861492157, 13.1536598206, 0.815390467644, 0.243226632476, 0.321103304625, 5.63703012466, 0.244634330273, 0.0641022920609, 0.00870514847338, 0.000440013158368, 8.47420415084e-06], "max": [0.197156086564, 6.07216024399, 19.7869625092, 21.1364612579, 154.528900146, 189.159469604, 351.215118408, 389.476165771, 539.485717773, 495.111206055, 944.391235352, 650.167541504, 474.602172852, 832.808654785, 1020.1585083, 3642.11767578, 1672.51037598, 536.103515625, 452.692901611, 312.233795166, 284.126281738, 416.449523926, 516.702331543, 283.591644287, 413.677368164, 251.883789062, 95.8435668945, 81.0218963623, 154.365859985, 36.3245582581, 32.7865409851, 9.15538978577, 7.08479547501, 5.70374822617, 17.4334259033, 7.6152176857, 4.37420749664, 1.27235949039, 0.186885103583, 0.0291081350297], "mean": [0.0107883084565, 0.358657836914, 1.30280971527, 2.66545128822, 8.56377792358, 15.7881479263, 19.1139545441, 31.9366207123, 24.7933807373, 23.997215271, 31.2103538513, 37.3250541687, 22.0312957764, 35.9579353333, 33.1656799316, 65.2254333496, 75.6356430054, 29.5803127289, 29.0606155396, 24.7207794189, 19.7357635498, 18.8801040649, 18.2410736084, 13.3055152893, 13.8914384842, 8.19387054443, 6.15597105026, 6.43290519714, 4.23696708679, 2.15103793144, 2.13573217392, 0.68703430891, 0.408321321011, 0.332396060228, 1.0036342144, 0.162391766906, 0.046059653163, 0.0164272040129, 0.00521042011678, 0.00077509356197], "median": [0.00160909164697, 0.0523978173733, 0.468633949757, 1.57648766041, 4.41601514816, 7.99212026596, 10.7732887268, 14.7168254852, 12.9682826996, 13.9037494659, 14.2860088348, 19.2042922974, 12.8657274246, 16.8126029968, 17.2003936768, 20.6464805603, 26.2009925842, 17.0732326508, 14.3374662399, 14.3137922287, 12.461561203, 10.1686096191, 8.61680412292, 5.92737960815, 4.72604560852, 3.05315685272, 2.39796590805, 2.75588989258, 1.49032199383, 0.828063964844, 0.765238344669, 0.205129802227, 0.101092085242, 0.0928120389581, 0.128542512655, 0.0270447265357, 0.00512810051441, 0.00115043413825, 0.000355897704139, 6.06005487498e-05], "min": [7.4930582909e-22, 8.40711639476e-21, 2.45665735293e-21, 1.8391868166e-20, 3.03387392023e-20, 3.47055419783e-20, 6.10445074897e-20, 1.49089534342e-19, 2.92927454071e-19, 3.7697650063e-19, 9.52991785193e-19, 8.55173076566e-19, 1.09895256057e-18, 1.3378666199e-18, 2.16655931861e-18, 2.89349432632e-18, 3.6325905434e-18, 4.40817907396e-18, 2.59576534729e-18, 5.06461554602e-18, 6.50179222949e-18, 8.83742726531e-18, 1.05989753814e-17, 8.80674548203e-18, 1.01348997608e-17, 1.24263116531e-17, 1.67209415764e-17, 1.9775089267e-17, 1.67266706293e-17, 1.47871190357e-17, 1.48633189138e-17, 1.35174282283e-17, 1.34186537642e-17, 1.25047151403e-17, 8.32136003449e-18, 4.66061309022e-18, 2.49265149367e-18, 1.30416366283e-18, 3.09011903534e-19, 3.40930632023e-20], "var": [0.000684548460413, 0.701376080513, 4.32277870178, 9.20293807983, 140.104934692, 493.394836426, 653.597961426, 1892.48474121, 1449.58642578, 1097.0723877, 2654.08666992, 3272.61743164, 936.389770508, 4283.27197266, 3268.97167969, 24515.34375, 18653.953125, 1537.66601562, 2067.86450195, 1012.65869141, 559.570861816, 776.695007324, 999.434936523, 563.707885742, 997.892272949, 243.947799683, 99.8178634644, 78.1992874146, 80.2714309692, 9.99448204041, 11.1707086563, 1.22831249237, 0.515050411224, 0.303230911493, 4.03534412384, 0.147415488958, 0.0372027903795, 0.00586991989985, 0.000247218064032, 4.48759601568e-06]}, "gfcc": {"mean": [-9.23973751068, 89.5824661255, -132.041488647, 5.27406024933, -57.8817901611, -6.28882646561, -39.1755599976, -10.3903512955, -27.6571121216, -3.14004707336, -18.6371250153, -2.44545173645, -12.2587251663], "cov": [[13692.6328125, 53.3366470337, 542.770568848, -791.961608887, -584.956176758, 83.9735336304, -426.12512207, -166.855697632, -563.029602051, -17.9213352203, -261.503448486, 12.7287931442, -25.0405693054], [53.3366470337, 1918.78479004, -191.195755005, 46.1191635132, 183.539764404, 33.5954856873, 62.0559883118, -10.1733179092, 106.914772034, -17.8129501343, 48.0884513855, -67.7093505859, 13.1185913086], [542.770568848, -191.195755005, 708.563293457, 93.757850647, 94.2027282715, 174.91027832, 63.8422317505, 62.7577667236, 60.3032913208, 52.2084121704, -61.1582565308, 47.2441253662, 9.91610717773], [-791.961608887, 46.1191635132, 93.757850647, 414.304595947, 161.569229126, 108.169342041, 121.654441833, 125.324951172, 96.3740844727, 32.1186637878, 44.1653060913, -0.313229560852, -9.28466033936], [-584.956176758, 183.539764404, 94.2027282715, 161.569229126, 269.998199463, 107.377754211, 125.887321472, 68.6375198364, 94.523475647, 38.6511039734, 28.8851795197, 7.87755584717, -15.6520109177], [83.9735336304, 33.5954856873, 174.91027832, 108.169342041, 107.377754211, 188.624069214, 83.2784347534, 58.746723175, 58.3410797119, 43.2941932678, -12.5958509445, 20.6518497467, -6.70176029205], [-426.12512207, 62.0559883118, 63.8422317505, 121.654441833, 125.887321472, 83.2784347534, 161.484146118, 88.7840423584, 72.9583358765, 30.2563362122, 26.841588974, -6.99859285355, -9.23283481598], [-166.855697632, -10.1733179092, 62.7577667236, 125.324951172, 68.6375198364, 58.746723175, 88.7840423584, 134.264404297, 67.9336090088, 35.0706176758, 20.9726333618, 0.00972949899733, -9.48004722595], [-563.029602051, 106.914772034, 60.3032913208, 96.3740844727, 94.523475647, 58.3410797119, 72.9583358765, 67.9336090088, 137.409667969, 53.6419715881, 16.9525279999, 5.07900333405, 2.71645283699], [-17.9213352203, -17.8129501343, 52.2084121704, 32.1186637878, 38.6511039734, 43.2941932678, 30.2563362122, 35.0706176758, 53.6419715881, 84.9683609009, 31.1994762421, 11.4970388412, -2.23298072815], [-261.503448486, 48.0884513855, -61.1582565308, 44.1653060913, 28.8851795197, -12.5958509445, 26.841588974, 20.9726333618, 16.9525279999, 31.1994762421, 82.6072692871, 14.9938583374, -1.88109767437], [12.7287931442, -67.7093505859, 47.2441253662, -0.313229560852, 7.87755584717, 20.6518497467, -6.99859285355, 0.00972949899733, 5.07900333405, 11.4970388412, 14.9938583374, 68.466835022, 25.5452880859], [-25.0405693054, 13.1185913086, 9.91610717773, -9.28466033936, -15.6520109177, -6.70176029205, -9.23283481598, -9.48004722595, 2.71645283699, -2.23298072815, -1.88109767437, 25.5452880859, 62.630771637]], "icov": [[0.000131248205435, -9.09685477382e-05, -0.000109851942398, 0.000169093575096, 0.00014713202836, -0.000194495703909, 0.000188474805327, -0.000359212019248, 0.000729959050659, -0.000424400117481, 0.00026701122988, -4.97619912494e-05, 8.48836643854e-05], [-9.09685477382e-05, 0.000766940123867, 0.000229033845244, 0.000121147662867, -0.00064600398764, -0.000398122327169, 0.000266225630185, 0.000521196576301, -0.00129458797164, 0.00117551547009, -0.00110749958549, 0.00126067001838, -0.000750616425648], [-0.000109851942398, 0.000229033845244, 0.0022784427274, -0.000321388797602, -0.000394925969886, -0.000992737244815, -0.000288424285827, 5.79503685003e-05, -0.000487077690195, -0.000775123364292, 0.00205447385088, -0.00122651527636, -0.00018348901358], [0.000169093575096, 0.000121147662867, -0.000321388797602, 0.00462187593803, -0.00125131884124, -0.00193084194325, 0.000942204380408, -0.00309276557527, -0.000247870222665, 0.00186586531345, -0.0026053020265, 0.00171806523576, -0.000772003666498], [0.00014713202836, -0.00064600398764, -0.000394925969886, -0.00125131884124, 0.008075944148, -0.00139799318276, -0.00396750029176, 0.00151980936062, -0.00125729094725, -0.000399851676775, -7.75602602516e-05, -0.00205329991877, 0.00246042129584], [-0.000194495703909, -0.000398122327169, -0.000992737244815, -0.00193084194325, -0.00139799318276, 0.0120435068384, -0.00434744218364, 0.000536900188308, 0.000428684841609, -0.00475963903591, 0.00619387812912, -0.00504996674135, 0.00231376313604], [0.000188474805327, 0.000266225630185, -0.000288424285827, 0.000942204380408, -0.00396750029176, -0.00434744218364, 0.0158811099827, -0.00655354745686, -0.00122485961765, 0.00277204765007, -0.00484719406813, 0.00527450442314, -0.0020475499332], [-0.000359212019248, 0.000521196576301, 5.79503685003e-05, -0.00309276557527, 0.00151980936062, 0.000536900188308, -0.00655354745686, 0.0162633918226, -0.0053187017329, -0.000414975249441, -0.000832500110846, -0.000422222248744, 0.00157550582662], [0.000729959050659, -0.00129458797164, -0.000487077690195, -0.000247870222665, -0.00125729094725, 0.000428684841609, -0.00122485961765, -0.0053187017329, 0.0191990062594, -0.0106684081256, 0.00545133650303, -0.00163057202008, -0.00103485852014], [-0.000424400117481, 0.00117551547009, -0.000775123364292, 0.00186586531345, -0.000399851676775, -0.00475963903591, 0.00277204765007, -0.000414975249441, -0.0106684081256, 0.0243969149888, -0.012610075064, 0.00324910180643, -0.0006513845874], [0.00026701122988, -0.00110749958549, 0.00205447385088, -0.0026053020265, -7.75602602516e-05, 0.00619387812912, -0.00484719406813, -0.000832500110846, 0.00545133650303, -0.012610075064, 0.0248027574271, -0.00997503940016, 0.00355749996379], [-4.97619912494e-05, 0.00126067001838, -0.00122651527636, 0.00171806523576, -0.00205329991877, -0.00504996674135, 0.00527450442314, -0.000422222248744, -0.00163057202008, 0.00324910180643, -0.00997503940016, 0.0246299039572, -0.0103337997571], [8.48836643854e-05, -0.000750616425648, -0.00018348901358, -0.000772003666498, 0.00246042129584, 0.00231376313604, -0.0020475499332, 0.00157550582662, -0.00103485852014, -0.0006513845874, 0.00355749996379, -0.0103337997571, 0.0212148241699]]}, "melbands": {"dmean": [9.36397700571e-05, 0.000279983883956, 0.000326363544445, 0.000432606873801, 0.000355535303243, 0.000373966438929, 0.000228975026403, 0.000159383256687, 0.000153080414748, 0.000137497656397, 5.79992629355e-05, 9.47977532633e-05, 6.44387619104e-05, 9.84249927569e-05, 0.000103764366941, 0.000108901229396, 2.74694502878e-05, 2.53520611295e-05, 2.56927578448e-05, 2.24228697334e-05, 1.33967141664e-05, 1.33208077386e-05, 1.17715908345e-05, 8.15032854007e-06, 6.89838952894e-06, 7.37079471946e-06, 4.21870799983e-06, 3.4788740777e-06, 2.58678005594e-06, 1.91754179468e-06, 2.60546835307e-06, 2.16403964259e-06, 8.86959242052e-07, 7.12756275334e-07, 1.06937034161e-06, 2.729868811e-07, 2.07080958603e-07, 1.62021109418e-07, 1.32556536414e-07, 1.55169985305e-07], "dmean2": [0.000125302001834, 0.000379902339773, 0.0004990073503, 0.000604921428021, 0.000483232928673, 0.000532870471943, 0.000329308211803, 0.000233255501371, 0.000221593902097, 0.000204714364372, 8.74569886946e-05, 0.000149135390529, 0.000103470796603, 0.000148562787217, 0.000156659676577, 0.000174140106537, 4.44022916781e-05, 3.97972871724e-05, 4.09342319472e-05, 3.63025574188e-05, 2.14094488911e-05, 2.14141473407e-05, 1.85648004845e-05, 1.25584128909e-05, 1.03410147858e-05, 1.06639299702e-05, 6.26756491329e-06, 5.42731731912e-06, 3.80525057153e-06, 2.97088536172e-06, 4.01130228056e-06, 3.706464895e-06, 1.38878340294e-06, 1.06000345568e-06, 1.58896921221e-06, 3.93800689835e-07, 2.9295321724e-07, 2.23152383683e-07, 1.87364051385e-07, 2.29715467981e-07], "dvar": [4.9772786781e-08, 2.62269736595e-07, 1.97818195602e-07, 4.02102983799e-07, 2.60063814039e-07, 2.89459762826e-07, 1.65015705988e-07, 7.2775939941e-08, 8.53870361084e-08, 6.50082014886e-08, 1.11454152574e-08, 4.22550776591e-08, 1.91858564591e-08, 7.00195244008e-08, 5.1270511392e-08, 5.14327638257e-08, 2.98687163891e-09, 2.47194353875e-09, 2.13946660388e-09, 1.51529133685e-09, 5.52923484776e-10, 6.65689781076e-10, 6.9039396422e-10, 2.30777341681e-10, 2.38196184998e-10, 3.58653634569e-10, 8.25335425003e-11, 8.34054561527e-11, 3.3606905453e-11, 1.18259039714e-11, 2.3883900066e-11, 5.24589365003e-11, 5.41816634961e-12, 1.69852868749e-12, 4.52588357416e-12, 2.205150125e-13, 1.55580518087e-13, 8.74316014011e-14, 6.43775871913e-14, 9.67969329907e-14], "dvar2": [9.62704405083e-08, 5.09468577548e-07, 4.97705741509e-07, 6.74301190884e-07, 4.78844469853e-07, 5.72455292058e-07, 3.26163274167e-07, 1.41730339465e-07, 1.68784367816e-07, 1.26724643223e-07, 2.48591280894e-08, 1.01134880026e-07, 4.51852208982e-08, 1.44345463582e-07, 1.00269410552e-07, 1.28104460373e-07, 7.28642035597e-09, 5.64888980037e-09, 4.95160756842e-09, 3.69470587458e-09, 1.40577915975e-09, 1.68597469319e-09, 1.73712610962e-09, 5.49385537063e-10, 5.03345420899e-10, 6.6308419866e-10, 1.82564019457e-10, 2.10443162896e-10, 7.50739193034e-11, 2.62971901199e-11, 5.78984950261e-11, 1.53080853549e-10, 1.49425090357e-11, 3.57390896391e-12, 9.38009305645e-12, 4.71069906173e-13, 3.21493564192e-13, 1.55435587361e-13, 1.31245383485e-13, 2.25094289453e-13], "max": [0.00355834886432, 0.00882760901004, 0.00654790457338, 0.0107413250953, 0.00980466324836, 0.00747047783807, 0.00754110841081, 0.00652242358774, 0.00746077066287, 0.00437971809879, 0.00231976970099, 0.00308812549338, 0.00281408196315, 0.00781486369669, 0.00552442949265, 0.00455461163074, 0.000881317828316, 0.0007643699646, 0.000876031583175, 0.000625182350632, 0.000453635351732, 0.000486887583975, 0.000618512101937, 0.000308965158183, 0.000267393479589, 0.000355500582373, 0.000184221600648, 0.000170272251125, 0.000104870843643, 6.60434452584e-05, 6.10978386248e-05, 0.000102825702925, 3.54268704541e-05, 1.76084631676e-05, 2.68374860752e-05, 5.56531995244e-06, 7.78020239522e-06, 5.67155711906e-06, 5.37775213161e-06, 5.55649057787e-06], "mean": [0.000218855333515, 0.000641629041638, 0.000638892233837, 0.00090058153728, 0.000703480211087, 0.000672478869092, 0.000375453499146, 0.000263837340754, 0.000247948803008, 0.000228022588999, 0.000103120270069, 0.000143924538861, 9.71963308984e-05, 0.00014201279555, 0.000162519616424, 0.000155818255735, 4.13175584981e-05, 4.08598825743e-05, 4.07271982112e-05, 3.34554024448e-05, 2.14962601603e-05, 2.12787181226e-05, 1.84197160706e-05, 1.26736395032e-05, 1.02570575109e-05, 1.04458322312e-05, 7.0555174716e-06, 5.20463618159e-06, 4.17121918872e-06, 3.21259130942e-06, 3.94161043005e-06, 2.71672774943e-06, 1.28700787627e-06, 1.18250170544e-06, 1.62282981364e-06, 4.71753622833e-07, 3.69621659502e-07, 2.93436585252e-07, 2.26192426567e-07, 2.34508419794e-07], "median": [2.39163255173e-05, 0.00020393882005, 0.000372543669073, 0.000525482930243, 0.000407092564274, 0.000331244547851, 0.000197075831238, 0.000149941071868, 0.000111589906737, 0.000112027715659, 5.72336502955e-05, 6.27050321782e-05, 4.63097203465e-05, 5.07733202539e-05, 5.41698245797e-05, 4.25478319812e-05, 2.04094576475e-05, 1.95693064597e-05, 1.81228042493e-05, 1.52380398504e-05, 1.20173499454e-05, 1.00392608147e-05, 7.82873667049e-06, 6.04255728831e-06, 3.75036870537e-06, 3.20071285387e-06, 2.42015539698e-06, 1.7425097667e-06, 1.36033031595e-06, 1.45527451423e-06, 1.56300666276e-06, 9.22298909245e-07, 4.3190635779e-07, 4.47652979574e-07, 5.28348550688e-07, 1.62715437568e-07, 8.77492070117e-08, 6.88831107709e-08, 5.22902858791e-08, 6.40376782712e-08], "min": [1.05822582323e-23, 4.35254162228e-24, 3.08950924592e-24, 2.84810045398e-24, 1.62119337113e-24, 4.33938066137e-24, 3.89698825458e-24, 5.15286349316e-24, 8.82042023093e-24, 5.63686989042e-24, 6.10477405888e-24, 5.43461108192e-24, 6.39088247072e-24, 8.05439211575e-24, 7.86258610867e-24, 7.39345841694e-24, 8.43930022837e-24, 4.2173797725e-24, 4.89429184894e-24, 6.52105477528e-24, 7.35564042515e-24, 9.31899136708e-24, 7.48292155448e-24, 7.24622620645e-24, 5.79867788386e-24, 7.53682836444e-24, 7.20294061972e-24, 8.69813416884e-24, 1.12724586707e-23, 9.13744134063e-24, 1.23184582543e-23, 8.27584903767e-24, 7.71907653279e-24, 8.13336813641e-24, 8.92332713601e-24, 6.83304453013e-24, 9.11677397377e-24, 8.77405650894e-24, 1.01973398645e-23, 9.5948789026e-24], "var": [2.75254251392e-07, 1.27494968183e-06, 5.60279204365e-07, 1.36247490445e-06, 7.58471230711e-07, 7.73547810695e-07, 3.24343432112e-07, 1.47191997257e-07, 1.64149881243e-07, 1.36542084306e-07, 2.27414531651e-08, 7.27169435777e-08, 2.94880617702e-08, 1.07903197488e-07, 1.10636960926e-07, 8.6704773139e-08, 4.28068114289e-09, 4.69808325576e-09, 4.16843182194e-09, 2.67752553462e-09, 9.74152203348e-10, 1.17347487283e-09, 1.07780440128e-09, 3.97290700338e-10, 4.50942783115e-10, 6.9794986457e-10, 1.81543238775e-10, 1.33802205426e-10, 6.75397515693e-11, 2.29770161231e-11, 3.52542509074e-11, 3.9366527399e-11, 5.5345038448e-12, 3.12017122209e-12, 7.26220646119e-12, 4.86141021102e-13, 4.51949702706e-13, 2.80971020105e-13, 1.70092767453e-13, 1.76802067995e-13]}, "mfcc": {"mean": [-651.851806641, 134.631973267, -23.0530815125, 13.3551063538, -11.4820699692, 3.06272506714, -12.2956113815, -6.10073852539, -9.55247497559, -10.2996320724, -5.35768461227, -3.96934318542, -4.75443601608], "cov": [[7371.29492188, 521.639709473, 55.5388183594, -141.450485229, -224.185943604, -30.6957397461, -67.3639297485, -134.694976807, -170.776321411, -93.1558380127, -117.257026672, -87.9164199829, -37.8529281616], [521.639709473, 1636.44140625, -153.328659058, 73.783996582, 68.2933807373, 100.383277893, -17.8752422333, 7.73914861679, 31.9081802368, 30.3353176117, 34.0848007202, 1.52291345596, 12.464261055], [55.5388183594, -153.328659058, 463.775848389, 69.4051818848, 101.945503235, 109.615989685, 38.0834693909, 77.121963501, 113.87336731, 35.2021064758, 37.4966773987, 20.4818553925, 24.7090568542], [-141.450485229, 73.783996582, 69.4051818848, 232.315460205, 112.747993469, 52.7188987732, 89.0832748413, 72.6572418213, 64.0051574707, 73.2407913208, 46.9502029419, 40.7823371887, 25.7168178558], [-224.185943604, 68.2933807373, 101.945503235, 112.747993469, 173.866531372, 100.400566101, 63.8253097534, 72.1148147583, 82.7116775513, 42.207736969, 56.6657142639, 44.1428108215, 30.8632411957], [-30.6957397461, 100.383277893, 109.615989685, 52.7188987732, 100.400566101, 181.518539429, 43.9418983459, 71.5573120117, 77.5606231689, 17.2876110077, 59.8889579773, 29.252412796, 27.7625160217], [-67.3639297485, -17.8752422333, 38.0834693909, 89.0832748413, 63.8253097534, 43.9418983459, 150.672348022, 65.6459732056, 49.1573066711, 61.6806182861, 26.125995636, 43.6142616272, 34.0697402954], [-134.694976807, 7.73914861679, 77.121963501, 72.6572418213, 72.1148147583, 71.5573120117, 65.6459732056, 118.714454651, 79.4422073364, 33.5027008057, 41.2860221863, 36.6841278076, 25.3262195587], [-170.776321411, 31.9081802368, 113.87336731, 64.0051574707, 82.7116775513, 77.5606231689, 49.1573066711, 79.4422073364, 143.7943573, 59.9546508789, 44.8111915588, 33.3816413879, 36.4249153137], [-93.1558380127, 30.3353176117, 35.2021064758, 73.2407913208, 42.207736969, 17.2876110077, 61.6806182861, 33.5027008057, 59.9546508789, 127.087928772, 46.2700462341, 18.4669055939, 18.6280651093], [-117.257026672, 34.0848007202, 37.4966773987, 46.9502029419, 56.6657142639, 59.8889579773, 26.125995636, 41.2860221863, 44.8111915588, 46.2700462341, 107.387115479, 50.5930595398, 10.8974637985], [-87.9164199829, 1.52291345596, 20.4818553925, 40.7823371887, 44.1428108215, 29.252412796, 43.6142616272, 36.6841278076, 33.3816413879, 18.4669055939, 50.5930595398, 110.308547974, 50.2310562134], [-37.8529281616, 12.464261055, 24.7090568542, 25.7168178558, 30.8632411957, 27.7625160217, 34.0697402954, 25.3262195587, 36.4249153137, 18.6280651093, 10.8974637985, 50.2310562134, 95.682762146]], "icov": [[0.000155050409376, -7.21092874301e-05, -0.000128490224597, -7.43261239222e-07, 0.000258363143075, -0.00010649014439, -9.02770916582e-05, 7.8967124864e-05, 0.000173455075128, 1.09805778266e-05, 7.63476928114e-05, -1.2290195528e-08, -1.39401972774e-05], [-7.21092874301e-05, 0.000752161780838, 0.000499761139508, -0.000284093985101, -0.00026336175506, -0.000591875519603, 0.000462056981632, 0.000157562055392, -0.000234805993387, -0.000236326479353, 0.000109685817733, 4.54975233879e-05, -2.97375991067e-05], [-0.000128490224597, 0.000499761139508, 0.00323735293932, -0.000307371054078, -0.000847031362355, -0.00115931255277, 0.000623328087386, -0.000190371385543, -0.00187133590225, -6.88456348144e-05, 0.000431889726315, 0.000176779692993, 0.000152498643729], [-7.43261239222e-07, -0.000284093985101, -0.000307371054078, 0.00792725849897, -0.00400497810915, 0.00121433939785, -0.00180050299969, -0.00200104247779, 0.00112902047113, -0.00239917379804, 5.27654119651e-05, -0.000308064831188, 0.000288722745609], [0.000258363143075, -0.00026336175506, -0.000847031362355, -0.00400497810915, 0.0133617250249, -0.00380970374681, -0.00111424096394, 0.000102803867776, -0.00228584744036, 0.00111707521137, -0.00137819023803, -0.000887982780114, -0.000127483086544], [-0.00010649014439, -0.000591875519603, -0.00115931255277, 0.00121433939785, -0.00380970374681, 0.011448699981, -0.00153457943816, -0.00222469144501, -0.00185742590111, 0.00323612499051, -0.00483559211716, 0.00250936858356, -0.00163932330906], [-9.02770916582e-05, 0.000462056981632, 0.000623328087386, -0.00180050299969, -0.00111424096394, -0.00153457943816, 0.0124062197283, -0.00456190202385, 0.00176772242412, -0.00510855950415, 0.00346199749038, -0.00303075951524, -0.000659873243421], [7.8967124864e-05, 0.000157562055392, -0.000190371385543, -0.00200104247779, 0.000102803867776, -0.00222469144501, -0.00456190202385, 0.0181362871081, -0.00683688605204, 0.00280746072531, -0.00177639967296, -0.000739011738915, 0.00068031065166], [0.000173455075128, -0.000234805993387, -0.00187133590225, 0.00112902047113, -0.00228584744036, -0.00185742590111, 0.00176772242412, -0.00683688605204, 0.0164558216929, -0.00566091155633, 0.000801703194156, -0.000262276997091, -0.00238050683402], [1.09805778266e-05, -0.000236326479353, -6.88456348144e-05, -0.00239917379804, 0.00111707521137, 0.00323612499051, -0.00510855950415, 0.00280746072531, -0.00566091155633, 0.0150844985619, -0.00678126234561, 0.00365215796046, -0.00145233154763], [7.63476928114e-05, 0.000109685817733, 0.000431889726315, 5.27654119651e-05, -0.00137819023803, -0.00483559211716, 0.00346199749038, -0.00177639967296, 0.000801703194156, -0.00678126234561, 0.0186738967896, -0.00866629742086, 0.0044130939059], [-1.2290195528e-08, 4.54975233879e-05, 0.000176779692993, -0.000308064831188, -0.000887982780114, 0.00250936858356, -0.00303075951524, -0.000739011738915, -0.000262276997091, 0.00365215796046, -0.00866629742086, 0.0172916017473, -0.00783750321716], [-1.39401972774e-05, -2.97375991067e-05, 0.000152498643729, 0.000288722745609, -0.000127483086544, -0.00163932330906, -0.000659873243421, 0.00068031065166, -0.00238050683402, -0.00145233154763, 0.0044130939059, -0.00783750321716, 0.0157050918788]]}, "spectral_contrast_coeffs": {"dmean": [0.0512464046478, 0.0487102940679, 0.0411512926221, 0.0334319286048, 0.0257191881537, 0.0161002036184], "dmean2": [0.081581056118, 0.0774056389928, 0.0655919909477, 0.0531162656844, 0.0392462648451, 0.0264862366021], "dvar": [0.00165724765975, 0.00141914142296, 0.00101163820364, 0.000680097960867, 0.000476310553495, 0.000188134712516], "dvar2": [0.00406610500067, 0.00340130669065, 0.00246668676846, 0.00155595398974, 0.00103370274883, 0.000468641635962], "max": [-0.224349752069, -0.472898215055, -0.531656324863, -0.540198624134, -0.607938528061, -0.621964097023], "mean": [-0.542912960052, -0.70989304781, -0.743324398994, -0.755025684834, -0.77763491869, -0.730152010918], "median": [-0.546592831612, -0.708237826824, -0.745694756508, -0.756909012794, -0.779918670654, -0.728989422321], "min": [-0.971479952335, -0.971908569336, -0.970194041729, -0.9630433321, -0.965764343739, -0.961263477802], "var": [0.0120945405215, 0.00510000949726, 0.00383954984136, 0.00324810133316, 0.0022067790851, 0.00087522220565]}, "spectral_contrast_valleys": {"dmean": [0.463209718466, 0.348054111004, 0.293833851814, 0.256712764502, 0.257438421249, 0.336656361818], "dmean2": [0.764550983906, 0.553479492664, 0.460323572159, 0.374711155891, 0.338268131018, 0.39564794302], "dvar": [0.252879500389, 0.196007892489, 0.16920106113, 0.165567055345, 0.1849642694, 0.252445429564], "dvar2": [0.48222631216, 0.308449983597, 0.232061341405, 0.202618181705, 0.204326018691, 0.352402120829], "max": [-6.04022026062, -4.99407291412, -5.878778