{"lowlevel": {"average_loudness": 0.9211550951, "barkbands_crest": {"dmean": 2.83934235573, "dmean2": 4.66348409653, "dvar": 6.91540908813, "dvar2": 17.795129776, "max": 25.3028125763, "mean": 10.4749383926, "median": 9.73513889313, "min": 2.27261161804, "var": 15.0914201736}, "barkbands_flatness_db": {"dmean": 0.0292476527393, "dmean2": 0.0432722494006, "dvar": 0.000888790353201, "dvar2": 0.00182164588477, "max": 0.421803534031, "mean": 0.144229829311, "median": 0.131693512201, "min": 0.0247873775661, "var": 0.0040480112657}, "barkbands_kurtosis": {"dmean": 4.45770072937, "dmean2": 7.00442790985, "dvar": 75.5662612915, "dvar2": 169.151321411, "max": 181.39074707, "mean": 6.71744155884, "median": 2.73657560349, "min": -1.92407083511, "var": 161.807769775}, "barkbands_skewness": {"dmean": 0.711306452751, "dmean2": 1.08072972298, "dvar": 0.614067554474, "dvar2": 1.38443398476, "max": 10.881978035, "mean": 1.86757695675, "median": 1.70796942711, "min": -5.96674728394, "var": 2.0934946537}, "barkbands_spread": {"dmean": 8.42111968994, "dmean2": 12.7270679474, "dvar": 114.02281189, "dvar2": 250.128982544, "max": 114.428459167, "mean": 24.6426334381, "median": 22.2456588745, "min": 0.813497722149, "var": 253.191040039}, "dissonance": {"dmean": 0.0205675773323, "dmean2": 0.034709494561, "dvar": 0.000541986373719, "dvar2": 0.00141689705197, "max": 0.500000119209, "mean": 0.458882004023, "median": 0.46895802021, "min": 0.000604974280577, "var": 0.0013041034108}, "dynamic_complexity": 3.65990209579, "erbbands_crest": {"dmean": 3.16506195068, "dmean2": 4.75307607651, "dvar": 9.81758403778, "dvar2": 20.5612869263, "max": 34.6231460571, "mean": 12.4574699402, "median": 11.0441551208, "min": 2.42432785034, "var": 42.138168335}, "erbbands_flatness_db": {"dmean": 0.0238519757986, "dmean2": 0.0312181301415, "dvar": 0.000617155281361, "dvar2": 0.0010736893164, "max": 0.456016689539, "mean": 0.137975856662, "median": 0.126970469952, "min": 0.0297582056373, "var": 0.00332372053526}, "erbbands_kurtosis": {"dmean": 1.73438382149, "dmean2": 2.54123806953, "dvar": 21.3533477783, "dvar2": 44.6957969666, "max": 169.806610107, "mean": 1.98063647747, "median": 0.290480852127, "min": -1.82609319687, "var": 54.5964546204}, "erbbands_skewness": {"dmean": 0.433084845543, "dmean2": 0.642064332962, "dvar": 0.328476309776, "dvar2": 0.718090057373, "max": 6.68498182297, "mean": 0.317569851875, "median": 0.310433447361, "min": -8.8876657486, "var": 1.01728403568}, "erbbands_spread": {"dmean": 13.1883192062, "dmean2": 19.0664482117, "dvar": 215.92616272, "dvar2": 465.831481934, "max": 179.608001709, "mean": 45.1102676392, "median": 40.2115821838, "min": 0.57437056303, "var": 698.858398438}, "hfc": {"dmean": 15.7912302017, "dmean2": 23.1034526825, "dvar": 658.403015137, "dvar2": 1434.98352051, "max": 221.769927979, "mean": 24.497505188, "median": 14.4962215424, "min": 1.10723915255e-16, "var": 869.15045166}, "melbands_crest": {"dmean": 3.29395198822, "dmean2": 5.38205099106, "dvar": 8.27184295654, "dvar2": 20.8412876129, "max": 33.0005912781, "mean": 15.1565570831, "median": 14.8948307037, "min": 1.56172823906, "var": 21.6449260712}, "melbands_flatness_db": {"dmean": 0.0356400683522, "dmean2": 0.0533889681101, "dvar": 0.00135018094443, "dvar2": 0.00278159347363, "max": 0.518130242825, "mean": 0.225564211607, "median": 0.216369599104, "min": 0.00293721281923, "var": 0.00593741098419}, "melbands_kurtosis": {"dmean": 13.5226764679, "dmean2": 21.7237815857, "dvar": 627.182312012, "dvar2": 1506.6661377, "max": 516.25201416, "mean": 22.3638477325, "median": 11.1193771362, "min": -1.89060688019, "var": 1158.76013184}, "melbands_skewness": {"dmean": 1.11895823479, "dmean2": 1.72070527077, "dvar": 1.62413072586, "dvar2": 3.75558638573, "max": 18.4129276276, "mean": 3.31976485252, "median": 2.88927936554, "min": -3.87563848495, "var": 4.93015432358}, "melbands_spread": {"dmean": 7.77651309967, "dmean2": 12.2339382172, "dvar": 148.695358276, "dvar2": 338.57421875, "max": 248.030548096, "mean": 21.1269416809, "median": 16.8171310425, "min": 0.642453432083, "var": 355.106903076}, "pitch_salience": {"dmean": 0.0842660963535, "dmean2": 0.139133483171, "dvar": 0.006723605562, "dvar2": 0.0176789481193, "max": 0.972576379776, "mean": 0.513773083687, "median": 0.508431434631, "min": 0.109108433127, "var": 0.0149179613218}, "silence_rate_20dB": {"dmean": 0, "dmean2": 0, "dvar": 0, "dvar2": 0, "max": 1, "mean": 1, "median": 1, "min": 1, "var": 0}, "silence_rate_30dB": {"dmean": 0.0381545126438, "dmean2": 0.0763193517923, "dvar": 0.0366982407868, "dvar2": 0.101070761681, "max": 1, "mean": 0.97700214386, "median": 1, "min": 0, "var": 0.0224696695805}, "silence_rate_60dB": {"dmean": 0.0451900959015, "dmean2": 0.0903924256563, "dvar": 0.0431502275169, "dvar2": 0.097384236753, "max": 1, "mean": 0.111877702177, "median": 0, "min": 0, "var": 0.0993569046259}, "spectral_centroid": {"dmean": 279.837890625, "dmean2": 433.849578857, "dvar": 154836, "dvar2": 329083.625, "max": 11565.2724609, "mean": 1110.83911133, "median": 990.891601562, "min": 184.045471191, "var": 774414.25}, "spectral_complexity": {"dmean": 4.21377372742, "dmean2": 6.21786212921, "dvar": 39.15675354, "dvar2": 78.0347824097, "max": 58, "mean": 13.096455574, "median": 12, "min": 0, "var": 82.7185974121}, "spectral_decrease": {"dmean": 4.23323287535e-09, "dmean2": 6.85506362785e-09, "dvar": 5.49802634054e-17, "dvar2": 1.41208637644e-16, "max": 1.97939604669e-28, "mean": -7.27922611077e-09, "median": -5.30734745041e-09, "min": -6.75330937838e-08, "var": 6.05963995569e-17}, "spectral_energy": {"dmean": 0.0171903353184, "dmean2": 0.0275080837309, "dvar": 0.000878710416146, "dvar2": 0.00223669735715, "max": 0.259035974741, "mean": 0.0296954512596, "median": 0.0216602347791, "min": 1.03056841165e-20, "var": 0.000988285290077}, "spectral_energyband_high": {"dmean": 0.00124433357269, "dmean2": 0.0018193135038, "dvar": 4.58367230749e-06, "dvar2": 1.0050880519e-05, "max": 0.018216509372, "mean": 0.00140436203219, "median": 0.000473862222861, "min": 6.94482505386e-21, "var": 5.46942465007e-06}, "spectral_energyband_low": {"dmean": 0.00926749687642, "dmean2": 0.015816770494, "dvar": 0.00056591979228, "dvar2": 0.00150180922356, "max": 0.25059941411, "mean": 0.0117458449677, "median": 0.00707870628685, "min": 2.27245251924e-23, "var": 0.000457895890577}, "spectral_energyband_middle_high": {"dmean": 0.0018836769741, "dmean2": 0.00273175607435, "dvar": 8.95590073924e-06, "dvar2": 1.91461331269e-05, "max": 0.0472827032208, "mean": 0.00526292202994, "median": 0.0034289448522, "min": 1.19536352977e-21, "var": 3.12368501909e-05}, "spectral_energyband_middle_low": {"dmean": 0.00849767308682, "dmean2": 0.0134622529149, "dvar": 0.000251928169746, "dvar2": 0.00062740361318, "max": 0.151601091027, "mean": 0.0132822841406, "median": 0.00806115753949, "min": 2.19534385855e-22, "var": 0.00029708512011}, "spectral_entropy": {"dmean": 0.270111978054, "dmean2": 0.359555780888, "dvar": 0.0881161689758, "dvar2": 0.146378472447, "max": 9.82117652893, "mean": 7.51256227493, "median": 7.62233066559, "min": 5.0813703537, "var": 0.409053742886}, "spectral_flux": {"dmean": 0.0406599976122, "dmean2": 0.0626645460725, "dvar": 0.00310696405359, "dvar2": 0.00598369399086, "max": 0.459302932024, "mean": 0.0840447545052, "median": 0.0601587444544, "min": 6.42907324599e-11, "var": 0.00508474139497}, "spectral_kurtosis": {"dmean": 1.65676116943, "dmean2": 2.49265027046, "dvar": 7.48368167877, "dvar2": 19.4032936096, "max": 60.4248580933, "mean": 4.59942913055, "median": 3.45626854897, "min": -1.26573288441, "var": 19.6155548096}, "spectral_rms": {"dmean": 0.00131809839513, "dmean2": 0.00199173390865, "dvar": 3.16881028084e-06, "dvar2": 7.45045372241e-06, "max": 0.0158971063793, "mean": 0.00471773464233, "median": 0.00459694862366, "min": 3.17085572209e-12, "var": 6.71418320053e-06}, "spectral_rolloff": {"dmean": 732.574401855, "dmean2": 1249.1986084, "dvar": 2769233, "dvar2": 6253721.5, "max": 19681.3476562, "mean": 1543.06079102, "median": 990.52734375, "min": 86.1328125, "var": 5457685.5}, "spectral_skewness": {"dmean": 0.246939986944, "dmean2": 0.364203900099, "dvar": 0.0772560164332, "dvar2": 0.170280084014, "max": 5.80610799789, "mean": 1.70104193687, "median": 1.59907817841, "min": -0.0654151588678, "var": 0.305456608534}, "spectral_spread": {"dmean": 1200757.125, "dmean2": 1535311.25, "dvar": 1701198692350.0, "dvar2": 2984661745660.0, "max": 42895368, "mean": 6472833, "median": 6220347, "min": 1011739.0625, "var": 10201902088200.0}, "spectral_strongpeak": {"dmean": 0.606961905956, "dmean2": 1.06119346619, "dvar": 1.34861850739, "dvar2": 3.29204797745, "max": 11.2789173126, "mean": 1.02982521057, "median": 0.476802349091, "min": 0, "var": 2.3778026104}, "zerocrossingrate": {"dmean": 0.0176829025149, "dmean2": 0.0201222095639, "dvar": 0.000493527739309, "dvar2": 0.000561730877962, "max": 0.53076171875, "mean": 0.0724458247423, "median": 0.0615234375, "min": 0.00537109375, "var": 0.00313119962811}, "barkbands": {"dmean": [5.60931584914e-05, 0.00520490249619, 0.00410139560699, 0.0028080730699, 0.00547810643911, 0.000570288742892, 0.000219254769036, 0.000163709861226, 0.000272837700322, 0.000582377950195, 0.000538709864486, 0.00027410898474, 0.000378933531465, 0.000269111507805, 0.000226091709919, 0.000118233139801, 0.000110413915536, 8.11083373264e-05, 0.000103264850623, 8.12989455881e-05, 0.000151187734446, 0.000144230260048, 0.000248655531323, 0.000102839825558, 0.000227022435865, 0.000341689010384, 8.5737054178e-05], "dmean2": [9.45410138229e-05, 0.00910772755742, 0.00728609692305, 0.00453802803531, 0.00865851528943, 0.000956682604738, 0.000376874144422, 0.000262406247202, 0.000452373089502, 0.000850829586852, 0.000766217883211, 0.000407355721109, 0.000528849719558, 0.000381407997338, 0.000361676153261, 0.000191050276044, 0.000177390509634, 0.000131275126478, 0.000170301354956, 0.000136913207825, 0.000229290031712, 0.000226359290536, 0.000372926151613, 0.000156007707119, 0.000337057863362, 0.000539973552804, 0.000133291992825], "dvar": [3.45219248743e-08, 0.000292195589282, 8.72027812875e-05, 2.34405943047e-05, 0.0001183790082, 1.41957366395e-06, 3.02722526158e-07, 1.67371979387e-07, 4.75921467569e-07, 1.69753172941e-06, 2.35548009186e-06, 6.01532747169e-07, 1.73767136857e-06, 5.04776210164e-07, 7.11667269115e-07, 7.19388566495e-08, 4.06358893201e-08, 3.57373366455e-08, 5.85022661426e-08, 4.08326599199e-08, 1.12752410075e-07, 7.87869325336e-08, 2.62196408585e-07, 3.1285637192e-08, 1.62623308597e-07, 4.86063299832e-07, 3.04479712554e-08], "dvar2": [9.09532289484e-08, 0.00079104694305, 0.000248295691563, 5.65621376154e-05, 0.000301623920677, 3.97609937863e-06, 8.27110113732e-07, 4.22507525855e-07, 1.23813799746e-06, 3.57427825293e-06, 4.84598058392e-06, 1.37346705742e-06, 2.84435191134e-06, 8.7841937102e-07, 1.80073413958e-06, 1.75122522705e-07, 1.01532684482e-07, 8.04913042884e-08, 1.47058784705e-07, 1.10626977801e-07, 2.79422550875e-07, 1.97983524686e-07, 6.04715808095e-07, 7.11597110126e-08, 3.65551386494e-07, 1.16834064556e-06, 6.97673314676e-08], "max": [0.00295313866809, 0.163254022598, 0.0991938859224, 0.0482427440584, 0.104225181043, 0.0235684812069, 0.00837409216911, 0.0105123743415, 0.0185206923634, 0.0306037459522, 0.0307216532528, 0.025874234736, 0.0401510111988, 0.0190581530333, 0.0275192055851, 0.00508805830032, 0.00330323283561, 0.00465094903484, 0.00455869967118, 0.00408324645832, 0.00697396928445, 0.0033191407565, 0.00666814297438, 0.00213955319487, 0.00345152243972, 0.00690620578825, 0.00198539532721], "mean": [4.46225203632e-05, 0.00498463632539, 0.00501796090975, 0.00378181226552, 0.00690201018006, 0.00105477194302, 0.000288050126983, 0.000230823192396, 0.000395252689486, 0.00119570281822, 0.00111934030429, 0.000485513766762, 0.000830814649817, 0.000838279956952, 0.000402701843996, 0.000201313087018, 0.000199066897039, 0.000121203360322, 0.000152044274728, 0.000102018471807, 0.00020611382206, 0.000164631055668, 0.000248184223892, 0.000119760567031, 0.000234920647927, 0.000298336322885, 7.55748915253e-05], "median": [1.8514557496e-06, 0.001039322, 0.00244727032259, 0.00189520209096, 0.00269604520872, 0.000632565876003, 0.000112537192763, 8.48014242365e-05, 0.000118582582218, 0.00029249387444, 0.000110860404675, 8.36926337797e-05, 4.30342770414e-05, 9.01919120224e-05, 0.00011685040954, 6.93816400599e-05, 0.000101751866168, 5.01763788634e-05, 7.07549625076e-05, 4.24680147262e-05, 9.83005957096e-05, 6.08873233432e-05, 4.77557769045e-05, 4.33900568169e-05, 5.86699788983e-05, 4.71665262012e-05, 1.09002958197e-05], "min": [7.50253658089e-25, 6.87344919683e-24, 8.2496780841e-26, 1.99499163515e-25, 8.24713607844e-24, 9.82707616575e-24, 1.8536159724e-23, 1.83066942861e-23, 1.69519708318e-23, 1.78916445872e-23, 1.45159147139e-23, 3.50544763612e-23, 3.12302711748e-23, 2.00762118485e-23, 4.7351091846e-23, 6.22272225373e-23, 7.54186492578e-23, 1.13262414718e-22, 1.35367685677e-22, 1.7181541977e-22, 2.58323244545e-22, 3.51166089394e-22, 3.8036363641e-22, 5.77042689735e-22, 9.18546911736e-22, 1.2843876315e-21, 1.9936377544e-21], "var": [2.59003698488e-08, 0.000206785203773, 6.72880123602e-05, 2.92764252663e-05, 0.000130314278067, 1.76809282948e-06, 2.96481204032e-07, 2.28241489708e-07, 6.27609665571e-07, 5.85867564951e-06, 6.51609479974e-06, 1.3432814967e-06, 8.87785154191e-06, 5.36214929525e-06, 1.38759514812e-06, 1.51363195755e-07, 1.01164317812e-07, 6.48872742204e-08, 7.14099641641e-08, 3.78592446282e-08, 1.19514140806e-07, 7.70806707351e-08, 2.81645640143e-07, 3.66963526233e-08, 1.88142976754e-07, 4.49369309763e-07, 2.98646796182e-08]}, "erbbands": {"dmean": [0.0854376703501, 1.40596270561, 4.57074737549, 6.38098049164, 22.8557777405, 11.2841739655, 7.04307699203, 4.17098093033, 3.56697440147, 2.87852692604, 3.7560031414, 6.17371702194, 16.765871048, 14.346660614, 21.5686264038, 14.0063123703, 18.6831684113, 15.0940322876, 10.0149412155, 11.1542406082, 5.80836486816, 4.91105508804, 4.58436822891, 6.15043115616, 3.7579562664, 4.04695606232, 5.24533224106, 6.28833055496, 5.06664562225, 4.89485740662, 8.17087841034, 3.04062390327, 1.67130458355, 1.66037833691, 2.19764137268, 2.09036874771, 0.390629559755, 0.1139710024, 0.0123212570325, 0.000897886406165], "dmean2": [0.143594443798, 2.50138735771, 8.20516395569, 10.6879796982, 34.9173660278, 19.2435646057, 12.0597267151, 7.1649479866, 6.06536054611, 5.03190660477, 5.81359100342, 10.0205211639, 25.95611763, 20.0454387665, 30.4317188263, 19.9285240173, 25.8500862122, 21.3225460052, 15.6397075653, 17.8470783234, 9.21257591248, 7.97121858597, 7.49006462097, 10.2264165878, 6.09282064438, 6.78844213486, 8.1007642746, 9.56443977356, 7.80091142654, 7.68211507797, 12.4587955475, 4.54651737213, 2.52290844917, 2.46359920502, 3.3078289032, 3.3132917881, 0.606629252434, 0.18299998343, 0.0188267771155, 0.00137799279764], "dvar": [0.0802249535918, 21.1252613068, 134.988555908, 98.7826156616, 2346.78344727, 518.411193848, 277.710876465, 83.9124984741, 65.8054580688, 63.6435852051, 79.5485610962, 258.231018066, 1402.92297363, 1413.94873047, 3601.90185547, 1312.05566406, 4536.43603516, 1493.71948242, 2100.93554688, 1122.11193848, 132.266143799, 85.4265975952, 108.970718384, 219.624938965, 87.0004882812, 115.33518219, 168.375823975, 179.187561035, 85.3312454224, 129.702072144, 290.661437988, 33.6082382202, 8.82613945007, 9.33567619324, 15.424331665, 19.3521556854, 0.577310681343, 0.0724764466286, 0.000627224741038, 3.27086945617e-06], "dvar2": [0.206860154867, 58.0179214478, 381.747192383, 251.536026001, 5778.17138672, 1431.00756836, 778.36138916, 234.01663208, 180.138824463, 177.968460083, 180.497467041, 667.497497559, 3296.36352539, 2700.42333984, 7287.51318359, 2809.10644531, 7458.89111328, 2594.29516602, 5237.56982422, 2994.45092773, 304.280212402, 217.811706543, 240.103759766, 562.200683594, 194.605880737, 312.622558594, 432.771728516, 440.791107178, 207.761184692, 311.461853027, 678.486877441, 73.8149337769, 20.6232318878, 20.5653820038, 35.4040985107, 46.9313011169, 1.35275101662, 0.182392075658, 0.00141941767652, 7.21097921996e-06], "max": [2.56879544258, 45.0178260803, 119.119400024, 91.5977783203, 497.249664307, 294.969268799, 259.209991455, 194.307266235, 122.571708679, 113.028800964, 288.278137207, 505.285675049, 781.459228516, 965.391723633, 1223.62646484, 1246.86938477, 1999.24255371, 1007.94537354, 1495.40820312, 1289.66894531, 253.709487915, 129.155166626, 264.96206665, 257.538482666, 224.382507324, 241.653961182, 303.25213623, 205.994384766, 102.692420959, 270.350891113, 160.421310425, 62.0004425049, 36.0346946716, 30.3006572723, 31.3351268768, 37.0782279968, 9.02956199646, 4.47912931442, 0.340216606855, 0.0200976636261], "mean": [0.076447583735, 1.3759251833, 5.36602115631, 10.0086526871, 28.2425270081, 13.5000476837, 10.3737783432, 7.08308792114, 5.50644874573, 3.42582440376, 6.06638479233, 10.4348535538, 32.4014472961, 31.1931419373, 43.7488822937, 28.8282260895, 42.0361099243, 48.641746521, 19.050951004, 21.8391799927, 11.2411746979, 8.66743183136, 7.1723947525, 8.63256168365, 5.86236619949, 5.23041820526, 7.38983201981, 8.10415554047, 5.93894100189, 5.05061149597, 7.90404939651, 3.50687980652, 1.82894968987, 1.77570652962, 2.1973824501, 1.82662522793, 0.359668910503, 0.0950456857681, 0.0112305032089, 0.000839451968204], "median": [0.0184364560992, 0.34265717864, 2.41775846481, 6.06273317337, 8.88795280457, 6.55297660828, 5.6073179245, 4.03797912598, 2.55056715012, 0.986569523811, 2.63376188278, 3.69486904144, 9.14283943176, 7.97651481628, 7.46349716187, 6.23440504074, 3.15830230713, 5.39997768402, 6.11457061768, 6.33850336075, 5.23575210571, 4.98413562775, 3.49973130226, 3.44005775452, 2.95915317535, 2.24363470078, 3.40599250793, 3.53421878815, 2.26901960373, 1.38351917267, 1.43394804001, 1.05193161964, 0.64483833313, 0.460598915815, 0.514466881752, 0.279682219028, 0.0672382861376, 0.0139288417995, 0.00170755945146, 0.000139361203765], "min": [1.20310236884e-22, 1.35749658438e-21, 1.40735017021e-21, 4.42989751197e-21, 3.08509384849e-20, 4.22698566485e-20, 5.02332278031e-20, 6.72269006244e-20, 2.88978080236e-19, 2.3826451576e-19, 3.91611884756e-19, 4.54140354265e-19, 6.76826319055e-19, 9.83228028316e-19, 1.09157059398e-18, 1.9055263463e-18, 1.64383349065e-18, 1.56631260519e-18, 2.12845793203e-18, 2.37508514039e-18, 4.32164605572e-18, 3.78123820819e-18, 5.25290129218e-18, 7.32868622396e-18, 7.46101278809e-18, 8.42868920051e-18, 1.00211591178e-17, 1.20513903861e-17, 1.13051072103e-17, 1.2170498604e-17, 1.02372625344e-17, 1.19725195419e-17, 9.46841552582e-18, 7.89742831619e-18, 6.61881512511e-18, 4.42495884628e-18, 1.99782191828e-18, 9.75845751542e-19, 2.78398388503e-19, 2.80947274474e-20], "var": [0.0611719302833, 14.529589653, 98.8221664429, 132.895507812, 2686.64013672, 438.504302979, 241.27192688, 96.7341842651, 76.2893295288, 58.8181762695, 139.799667358, 398.184051514, 4726.80566406, 4259.06005859, 9135.49121094, 3655.30737305, 22151.0371094, 17159.5273438, 2889.72192383, 3435.33178711, 300.664306641, 147.458023071, 196.748291016, 292.760040283, 125.464393616, 106.566932678, 173.730941772, 182.374847412, 90.7053451538, 134.22869873, 296.990722656, 39.3878517151, 9.89777565002, 11.1137857437, 17.0067424774, 17.6229782104, 0.561666309834, 0.0588311254978, 0.000632933573797, 3.42277530763e-06]}, "gfcc": {"mean": [-20.3161048889, 66.0654525757, -80.9103469849, 22.8651733398, -41.5573387146, 17.1881999969, -34.5830688477, -5.23012018204, -35.6823310852, -6.46406412125, -30.6026172638, 1.0525752306, -10.211400032], "cov": [[23647.7851562, -2338.64526367, -282.187469482, 203.95690918, -208.116455078, 1055.20812988, -163.014694214, 488.443847656, -435.287719727, 130.259475708, -260.92175293, 72.7728347778, -360.115386963], [-2338.64526367, 2086.01782227, -395.432922363, 88.6819915771, 77.7753372192, -231.151351929, 108.019226074, -138.880661011, 127.333946228, -56.5726852417, 26.9186534882, -35.2096557617, 146.105636597], [-282.187469482, -395.432922363, 607.817749023, 76.5610961914, 17.6798286438, 83.1880264282, 18.5650863647, 45.3626556396, 26.2230110168, 18.1170349121, -22.6578025818, 49.9376602173, -9.93161201477], [203.95690918, 88.6819915771, 76.5610961914, 261.008972168, 60.6850395203, -14.5339803696, 21.2444801331, 7.13599824905, 11.6532878876, -11.9596738815, -10.3291139603, -10.8748865128, 7.70311594009], [-208.116455078, 77.7753372192, 17.6798286438, 60.6850395203, 251.392532349, 72.6102828979, 24.2595443726, -54.6700973511, 3.24092507362, 8.472407341, 22.4486846924, -17.8133888245, -24.2299060822], [1055.20812988, -231.151351929, 83.1880264282, -14.5339803696, 72.6102828979, 326.228912354, 38.2598190308, 38.1642150879, -26.0625782013, 39.0968170166, 6.96560907364, 42.9770355225, -47.6920890808], [-163.014694214, 108.019226074, 18.5650863647, 21.2444801331, 24.2595443726, 38.2598190308, 160.610458374, 47.6289710999, 12.5753030777, -26.6141738892, 18.5390701294, 34.1347732544, 34.597076416], [488.443847656, -138.880661011, 45.3626556396, 7.13599824905, -54.6700973511, 38.1642150879, 47.6289710999, 188.599060059, 45.72133255, -6.03296709061, -10.8592033386, 44.4164237976, 31.0996627808], [-435.287719727, 127.333946228, 26.2230110168, 11.6532878876, 3.24092507362, -26.0625782013, 12.5753030777, 45.72133255, 154.869262695, 42.4103126526, -9.76102828979, 3.66093993187, 25.1488494873], [130.259475708, -56.5726852417, 18.1170349121, -11.9596738815, 8.472407341, 39.0968170166, -26.6141738892, -6.03296709061, 42.4103126526, 140.542510986, 63.5538330078, -24.9973144531, -46.3604774475], [-260.92175293, 26.9186534882, -22.6578025818, -10.3291139603, 22.4486846924, 6.96560907364, 18.5390701294, -10.8592033386, -9.76102828979, 63.5538330078, 132.530838013, 12.6613473892, -37.1607322693], [72.7728347778, -35.2096557617, 49.9376602173, -10.8748865128, -17.8133888245, 42.9770355225, 34.1347732544, 44.4164237976, 3.66093993187, -24.9973144531, 12.6613473892, 117.960380554, 44.1168479919], [-360.115386963, 146.105636597, -9.93161201477, 7.70311594009, -24.2299060822, -47.6920890808, 34.597076416, 31.0996627808, 25.1488494873, -46.3604774475, -37.1607322693, 44.1168479919, 122.611183167]], "icov": [[7.33976703486e-05, 3.90731402149e-05, 0.000133659588755, -0.000150325417053, 6.24454187346e-05, -0.000163200966199, 3.61047459592e-05, -0.000193244937691, 0.000239867891651, -0.000216629225179, 0.000311083887937, -0.000129426494823, 0.000186713776202], [3.90731402149e-05, 0.000849299656693, 0.000554499449208, -0.00039143676986, 5.62394370718e-06, 5.09677884111e-05, -0.000518373388331, 0.000795496627688, -0.000827442738228, 0.000313158467179, -0.000337153032888, 0.00019934833108, -0.00074812740786], [0.000133659588755, 0.000554499449208, 0.00245692557655, -0.00106565328315, 5.69512194488e-05, -0.000375341944164, -0.000403463433031, 1.6669055185e-05, -0.000209027901292, -0.000818928761873, 0.00120777473785, -0.00129771011416, 0.000538860796951], [-0.000150325417053, -0.00039143676986, -0.00106565328315, 0.00486337812617, -0.00140029902104, 0.0008938848041, -0.000280843814835, -0.000474389526062, -6.08221780567e-05, 0.000466877565486, -0.000210598824196, 0.000821346591692, -0.00026673998218], [6.24454187346e-05, 5.62394370718e-06, 5.69512194488e-05, -0.00140029902104, 0.00565008400008, -0.00208465731703, -0.000529862532858, 0.00203181430697, -0.00124674476683, 0.00130041898228, -0.00139419815969, 0.00124235230032, 8.69789655553e-05], [-0.000163200966199, 5.09677884111e-05, -0.000375341944164, 0.0008938848041, -0.00208465731703, 0.00563623150811, -0.00176390679553, -0.000778369489126, 0.00146070902701, -0.00274965609424, 0.00224596285261, -0.00291395490058, 0.00223878398538], [3.61047459592e-05, -0.000518373388331, -0.000403463433031, -0.000280843814835, -0.000529862532858, -0.00176390679553, 0.00908990297467, -0.00222384207882, -0.000445501558715, 0.00295536709018, -0.00325326900929, 0.000488177203806, -0.00203574728221], [-0.000193244937691, 0.000795496627688, 1.6669055185e-05, -0.000474389526062, 0.00203181430697, -0.000778369489126, -0.00222384207882, 0.00911105144769, -0.00408663740382, 0.00167756329756, -0.00137667090166, -0.000586521171499, -0.00180274364538], [0.000239867891651, -0.000827442738228, -0.000209027901292, -6.08221780567e-05, -0.00124674476683, 0.00146070902701, -0.000445501558715, -0.00408663740382, 0.0116389943287, -0.00714336661622, 0.00499698054045, -0.00187419017311, 0.000262016779743], [-0.000216629225179, 0.000313158467179, -0.000818928761873, 0.000466877565486, 0.00130041898228, -0.00274965609424, 0.00295536709018, 0.00167756329756, -0.00714336661622, 0.0163416042924, -0.00992803089321, 0.00523802312091, -0.000426615733886], [0.000311083887937, -0.000337153032888, 0.00120777473785, -0.000210598824196, -0.00139419815969, 0.00224596285261, -0.00325326900929, -0.00137667090166, 0.00499698054045, -0.00992803089321, 0.0162605848163, -0.00656734453514, 0.00580414943397], [-0.000129426494823, 0.00019934833108, -0.00129771011416, 0.000821346591692, 0.00124235230032, -0.00291395490058, 0.000488177203806, -0.000586521171499, -0.00187419017311, 0.00523802312091, -0.00656734453514, 0.01493046619, -0.00664890836924], [0.000186713776202, -0.00074812740786, 0.000538860796951, -0.00026673998218, 8.69789655553e-05, 0.00223878398538, -0.00203574728221, -0.00180274364538, 0.000262016779743, -0.000426615733886, 0.00580414943397, -0.00664890836924, 0.0155122382566]]}, "melbands": {"dmean": [0.00112831103615, 0.00224041682668, 0.00158233789261, 0.00132868764922, 0.00026603389415, 9.41609905567e-05, 5.21736983501e-05, 3.12077681883e-05, 3.15275829053e-05, 4.07502957387e-05, 8.4694045654e-05, 5.79036677664e-05, 7.67111341702e-05, 3.99557502533e-05, 3.90481436625e-05, 3.1749761547e-05, 3.01699110423e-05, 1.55036032083e-05, 1.4179569007e-05, 1.29622048917e-05, 6.84597034706e-06, 5.78004073759e-06, 4.69229826194e-06, 4.1144721763e-06, 5.53799918634e-06, 2.72809552371e-06, 2.65842936642e-06, 2.74825902125e-06, 3.19611763189e-06, 3.76288289772e-06, 3.88528815165e-06, 2.88196724796e-06, 2.83372537524e-06, 2.51998949352e-06, 4.70794975627e-06, 3.86402689401e-06, 1.32953493903e-06, 1.16775925108e-06, 1.100921736e-06, 1.51921199176e-06], "dmean2": [0.00195626006462, 0.00396051164716, 0.00252931634896, 0.00210344954394, 0.000463193689939, 0.000160259078257, 8.86491980054e-05, 5.42094458069e-05, 4.87376710225e-05, 6.71831076033e-05, 0.00013132757158, 8.09620323707e-05, 0.000109245920612, 5.78931685595e-05, 5.46165210835e-05, 4.49709368695e-05, 4.25556609116e-05, 2.41277193709e-05, 2.26778083743e-05, 2.08779438253e-05, 1.09198163045e-05, 9.3035187092e-06, 7.94038078311e-06, 6.56391466691e-06, 9.32964303502e-06, 4.44110446551e-06, 4.43302860731e-06, 4.6480859055e-06, 5.07987533638e-06, 5.85801990383e-06, 5.96713152845e-06, 4.44674969913e-06, 4.56607131127e-06, 3.98360862164e-06, 7.33175329515e-06, 5.7285146795e-06, 2.03358445106e-06, 1.7942464865e-06, 1.64513051004e-06, 2.26457950703e-06], "dvar": [1.40406518767e-05, 3.69563604181e-05, 7.2079351412e-06, 7.32473790777e-06, 4.50888308023e-07, 4.06379960793e-08, 1.45307161858e-08, 7.57498597181e-09, 5.20239851198e-09, 1.04842170501e-08, 3.56670923907e-08, 2.6135706932e-08, 4.94043668198e-08, 1.01491490767e-08, 1.47434722209e-08, 8.94019258624e-09, 6.87220236273e-09, 4.60168880778e-09, 1.82361215018e-09, 1.24207222285e-09, 1.77396583534e-10, 1.26150839774e-10, 8.74967737152e-11, 1.18353979395e-10, 1.86590021212e-10, 3.35864530632e-11, 4.47066099418e-11, 5.31139993099e-11, 9.14886708059e-11, 8.64533653e-11, 6.43473122008e-11, 2.81170833144e-11, 4.55592057136e-11, 3.94568856754e-11, 9.3654778377e-11, 7.97195989777e-11, 5.77419405692e-12, 4.56451803438e-12, 4.14413555555e-12, 8.40274204383e-12], "dvar2": [3.73734183086e-05, 0.000102482743387, 1.75582390511e-05, 1.865397644e-05, 1.27137400341e-06, 1.13471642749e-07, 3.96700201577e-08, 2.12683186618e-08, 1.17874350281e-08, 2.75273457362e-08, 8.40333811425e-08, 4.84500830567e-08, 1.02926335899e-07, 2.25725376168e-08, 2.46265443593e-08, 1.53894852417e-08, 1.18349516853e-08, 1.14370948268e-08, 4.62792471012e-09, 3.29271188093e-09, 4.06444988776e-10, 3.16412340773e-10, 2.31526076089e-10, 2.49409382036e-10, 4.82331619089e-10, 7.87184553652e-11, 1.11186962415e-10, 1.42564293704e-10, 2.5368732115e-10, 2.07121708673e-10, 1.5794536512e-10, 6.82934472862e-11, 1.19047827152e-10, 9.32225269201e-11, 2.25321927783e-10, 1.7302316524e-10, 1.35964555587e-11, 1.0900532213e-11, 9.63532292148e-12, 1.85835982019e-11], "max": [0.0330827012658, 0.0638724789023, 0.0258992351592, 0.0266296733171, 0.00974519178271, 0.00422456581146, 0.0018090402009, 0.00130692776293, 0.0021262166556, 0.00297511555254, 0.00383954658173, 0.00428420677781, 0.00448817107826, 0.00256862910464, 0.00357726379298, 0.00284646940418, 0.00230057630688, 0.00218474492431, 0.00115971022751, 0.0011838148348, 0.000306362169795, 0.000174012311618, 0.000190604376257, 0.000364836712833, 0.00023435462208, 0.000115917689982, 0.00011983452714, 0.000164997356478, 0.00026830661227, 0.000285189249553, 0.000116372168122, 6.86449202476e-05, 0.000114379341539, 0.000169112419826, 8.78945356817e-05, 0.000103890968603, 3.11991134367e-05, 2.15289255721e-05, 2.77284871117e-05, 3.5631172068e-05], "mean": [0.00104998098686, 0.00256436271593, 0.00233720359392, 0.00163769011851, 0.000359537254553, 0.00016888382379, 7.83212526585e-05, 3.68345245079e-05, 5.3374642448e-05, 6.57150449115e-05, 0.000161223113537, 0.000120205295389, 0.000161509567988, 7.01752505847e-05, 8.92376920092e-05, 7.04769263393e-05, 9.76577284746e-05, 2.85223177343e-05, 2.46734616667e-05, 2.54674323514e-05, 1.21353605209e-05, 9.93406501948e-06, 7.19883337297e-06, 6.06105140832e-06, 7.31892578187e-06, 4.34377989222e-06, 3.60273679689e-06, 3.34211631525e-06, 4.31196895079e-06, 4.88353043693e-06, 4.84874999529e-06, 3.41873442267e-06, 2.92457593787e-06, 2.57089345723e-06, 4.42773125542e-06, 3.99817781727e-06, 1.58395573635e-06, 1.23517929751e-06, 1.18667685456e-06, 1.59441447067e-06], "median": [0.000236076768488, 0.00115271133836, 0.00132923736237, 0.000596980564296, 0.000201627073693, 0.000101003111922, 3.41804843629e-05, 1.02432659332e-05, 2.26034208026e-05, 2.20392194024e-05, 4.35334732174e-05, 2.53299258475e-05, 1.71109786606e-05, 1.26659178932e-05, 6.61615194986e-06, 4.61805302621e-06, 9.11252573133e-06, 8.0277404777e-06, 7.3817654993e-06, 7.27450787963e-06, 5.31749583388e-06, 5.11011330673e-06, 3.65264804714e-06, 2.20465335588e-06, 2.72739885077e-06, 2.24253608394e-06, 1.56469548074e-06, 1.24722623696e-06, 1.91302046915e-06, 2.09747031477e-06, 1.97276085601e-06, 1.31526769565e-06, 9.00429199646e-07, 6.34012906175e-07, 7.78968001214e-07, 7.2733791967e-07, 5.1101687859e-07, 4.25265284321e-07, 3.48099831626e-07, 3.67359689335e-07], "min": [1.94627841422e-24, 1.55018780384e-24, 1.68834239467e-24, 1.82762032344e-24, 1.83134078869e-24, 1.66841123226e-24, 3.96962577787e-24, 2.44976730926e-24, 2.82224297401e-24, 2.61613255214e-24, 3.08313998297e-24, 3.78454047128e-24, 2.60039596037e-24, 4.62044904088e-24, 4.906346038e-24, 2.62246749964e-24, 2.29783092398e-24, 2.85892579497e-24, 3.70257269563e-24, 3.57609738771e-24, 4.24131026249e-24, 3.60157522836e-24, 4.03413685055e-24, 4.10072183854e-24, 5.22123288453e-24, 4.50145883966e-24, 4.35971157905e-24, 5.30168920268e-24, 5.26313559809e-24, 6.00068267915e-24, 6.00440058059e-24, 5.88949470671e-24, 6.96227335704e-24, 6.26288347796e-24, 5.12845179802e-24, 6.21413384617e-24, 6.40615205683e-24, 5.66868465073e-24, 6.01101912359e-24, 5.78584785009e-24], "var": [1.0129158909e-05, 2.70751879725e-05, 9.24379310163e-06, 7.97457050794e-06, 3.30977258045e-07, 4.95935346123e-08, 1.65201203828e-08, 6.80054990099e-09, 9.69413971319e-09, 1.48291414703e-08, 1.17378782249e-07, 7.748685249e-08, 1.35746347496e-07, 2.21309708337e-08, 7.44641610595e-08, 4.77370605267e-08, 7.66840315691e-08, 6.48855325025e-09, 4.11032541336e-09, 3.53707951817e-09, 4.02610944583e-10, 2.61162313997e-10, 1.55562979165e-10, 2.39905983968e-10, 2.38810304865e-10, 5.14022643894e-11, 4.97083277318e-11, 5.18919802961e-11, 7.50815520867e-11, 9.60125867699e-11, 6.54035228753e-11, 3.01318102414e-11, 3.85159577843e-11, 4.24497555163e-11, 9.10747657845e-11, 8.96054550004e-11, 6.59322076102e-12, 4.88204658991e-12, 4.61888209971e-12, 1.0039450174e-11]}, "mfcc": {"mean": [-675.373962402, 111.067764282, 17.5834064484, 20.9382724762, 11.0316638947, 19.5322322845, 4.04190158844, 5.3313536644, 2.7820122242, -6.73699617386, -11.1526269913, -10.4819946289, -10.7104721069], "cov": [[12564.6123047, -623.13269043, -118.399742126, -27.5035858154, -100.45249176, 159.48348999, 262.484832764, 208.303695679, 123.872634888, 164.605636597, 39.7891998291, 11.350153923, 2.9343123436], [-623.13269043, 1309.39746094, -135.523193359, 90.7736206055, 18.8631744385, 51.5881729126, -39.5553474426, 11.2863740921, 65.0682830811, -35.9032821655, -41.133354187, -57.7671890259, 9.97150421143], [-118.399742126, -135.523193359, 451.834289551, 36.2982330322, 31.3393650055, 28.3125476837, -12.6653757095, 49.8613777161, 33.690158844, 13.2506980896, -7.44037294388, 15.0510749817, 4.44355773926], [-27.5035858154, 90.7736206055, 36.2982330322, 275.494354248, 46.9686775208, -20.1162033081, 12.6038703918, 6.32341527939, 32.5149307251, -9.50171375275, -16.2171077728, -29.8641777039, -22.5230560303], [-100.45249176, 18.8631744385, 31.3393650055, 46.9686775208, 180.337203979, 94.2758178711, 16.709646225, -22.2172470093, -11.4123668671, 5.82329845428, 24.6506004333, 24.3625507355, -4.32075452805], [159.48348999, 51.5881729126, 28.3125476837, -20.1162033081, 94.2758178711, 246.714324951, 61.7716636658, 12.4822454453, -12.6859617233, -12.293844223, 26.2895088196, 49.6152305603, 8.63271617889], [262.484832764, -39.5553474426, -12.6653757095, 12.6038703918, 16.709646225, 61.7716636658, 169.568191528, 39.9954986572, -32.4387054443, -18.7691822052, 15.7967128754, 31.7113132477, 2.55417108536], [208.303695679, 11.2863740921, 49.8613777161, 6.32341527939, -22.2172470093, 12.4822454453, 39.9954986572, 178.870880127, 89.3251419067, -20.9189434052, -57.6937026978, -4.70917987823, 61.4131164551], [123.872634888, 65.0682830811, 33.690158844, 32.5149307251, -11.4123668671, -12.6859617233, -32.4387054443, 89.3251419067, 185.379669189, 18.1215362549, -55.7264022827, -54.9972267151, 20.449464798], [164.605636597, -35.9032821655, 13.2506980896, -9.50171375275, 5.82329845428, -12.293844223, -18.7691822052, -20.9189434052, 18.1215362549, 128.737167358, 58.7319755554, 3.87758541107, -28.4352626801], [39.7891998291, -41.133354187, -7.44037294388, -16.2171077728, 24.6506004333, 26.2895088196, 15.7967128754, -57.6937026978, -55.7264022827, 58.7319755554, 136.986831665, 67.9942703247, -31.7598896027], [11.350153923, -57.7671890259, 15.0510749817, -29.8641777039, 24.3625507355, 49.6152305603, 31.7113132477, -4.70917987823, -54.9972267151, 3.87758541107, 67.9942703247, 144.842407227, 49.6111602783], [2.9343123436, 9.97150421143, 4.44355773926, -22.5230560303, -4.32075452805, 8.63271617889, 2.55417108536, 61.4131164551, 20.449464798, -28.4352626801, -31.7598896027, 49.6111602783, 155.94519043]], "icov": [[9.02299070731e-05, 4.94576415804e-05, 5.19478453498e-05, -2.71312583209e-05, 9.26837674342e-05, -9.65170547715e-05, -0.000109241627797, -7.17652292224e-05, -4.44102843176e-05, -0.00014647791977, 4.12391318605e-06, 2.60573942796e-05, -6.32013666291e-07], [4.94576415804e-05, 0.000900381768588, 0.000347429595422, -0.000351595808752, 0.000116432194773, -0.000453029555501, 0.00027676334139, -6.01495376031e-05, -0.000232830396271, 0.00015183648793, -0.000114012800623, 0.00032917491626, -0.000141447875649], [5.19478453498e-05, 0.000347429595422, 0.002572854748, -0.000453068496427, -0.000254662270891, -0.00041906235856, 0.000646530126687, -0.00100168597419, -6.08465197729e-05, -0.000382397702197, 0.000278146500932, -0.000490722712129, 0.000389102118788], [-2.71312583209e-05, -0.000351595808752, -0.000453068496427, 0.00443846359849, -0.00171568698715, 0.00128114398103, -0.00092820986174, 0.000255024584476, -0.000891622563358, 0.000656796095427, 2.91474098049e-05, 0.000303398701362, 0.000619357510004], [9.26837674342e-05, 0.000116432194773, -0.000254662270891, -0.00171568698715, 0.00801283773035, -0.00328414258547, 8.84670444066e-05, 0.00126854877453, -0.000138712406624, -0.000584123481531, -0.000266819435637, -0.000261616776697, -0.000406366802054], [-9.65170547715e-05, -0.000453029555501, -0.00041906235856, 0.00128114398103, -0.00328414258547, 0.00638460833579, -0.00176930753514, -0.000150996551383, -0.000593114411458, 0.00100266060326, -0.000342360610375, -0.00138085184153, 0.000501945090946], [-0.000109241627797, 0.00027676334139, 0.000646530126687, -0.00092820986174, 8.84670444066e-05, -0.00176930753514, 0.00848804228008, -0.00363528635353, 0.00248633255251, 0.000935286341701, -0.00109531194903, -0.000428302475484, 0.000982555793598], [-7.17652292224e-05, -6.01495376031e-05, -0.00100168597419, 0.000255024584476, 0.00126854877453, -0.000150996551383, -0.00363528635353, 0.0112265497446, -0.00505800358951, 0.000366373831639, 0.00268658949062, -0.00116335880011, -0.00260020536371], [-4.44102843176e-05, -0.000232830396271, -6.08465197729e-05, -0.000891622563358, -0.000138712406624, -0.000593114411458, 0.00248633255251, -0.00505800358951, 0.0100442953408, -0.00283395987935, 0.00142052874435, 0.00265154452063, -0.000519264605828], [-0.00014647791977, 0.00015183648793, -0.000382397702197, 0.000656796095427, -0.000584123481531, 0.00100266060326, 0.000935286341701, 0.000366373831639, -0.00283395987935, 0.0119542116299, -0.00669239042327, 0.00133891310543, 0.000629958172794], [4.12391318605e-06, -0.000114012800623, 0.000278146500932, 2.91474098049e-05, -0.000266819435637, -0.000342360610375, -0.00109531194903, 0.00268658949062, 0.00142052874435, -0.00669239042327, 0.0169076640159, -0.00801819097251, 0.00356267532334], [2.60573942796e-05, 0.00032917491626, -0.000490722712129, 0.000303398701362, -0.000261616776697, -0.00138085184153, -0.000428302475484, -0.00116335880011, 0.00265154452063, 0.00133891310543, -0.00801819097251, 0.0144261000678, -0.00575534254313], [-6.32013666291e-07, -0.000141447875649, 0.000389102118788, 0.000619357510004, -0.000406366802054, 0.000501945090946, 0.000982555793598, -0.00260020536371, -0.000519264605828, 0.000629958172794, 0.00356267532334, -0.00575534254313, 0.0102082816884]]}, "spectral_contrast_coeffs": {"dmean": [0.0590162985027, 0.0459257215261, 0.0401407442987, 0.029638748616, 0.0193101018667, 0.0214673560113], "dmean2": [0.0946369692683, 0.0764412581921, 0.06383690238, 0.0473284497857, 0.0306322723627, 0.0344745479524], "dvar": [0.00257773790509, 0.00153850647621, 0.00122995243873, 0.000747162150219, 0.000318422680721, 0.000471197854495], "dvar2": [0.00641443906352, 0.00402165018022, 0.00304638803937, 0.00167909183074, 0.000703869271092, 0.00114607531577], "max": [-0.303744196892, -0.443519026041, -0.445009082556, -0.482009321451, -0.59234815836, -0.602078914642], "mean": [-0.591408491135, -0.732663452625, -0.73868471384, -0.769346415997, -0.813860714436, -0.767625629902], "median": [-0.59718900919, -0.73242777586, -0.737356483936, -0.779912948608, -0.818072557449, -0.76937186718], "min": [-0.983844280243, -0.993501603603, -0.990773975849, -0.986363053322, -0.991826534271, -0.970478355885], "var": [0.007660579402, 0.00584872812033, 0.00810800585896, 0.00665385229513, 0.00213691801764, 0.00167632394005]}, "spectral_contrast_valleys": {"dmean": [0.498647600412, 0.505074381828, 0.430131942034, 0.416066735983, 0.397840440273, 0.567690193653], "dmean2": [0.798882067204, 0.793604016304, 0.669381201267, 0.617851257324, 0.549835264683, 0.663093864918], "dvar": [0.257385462523, 0.339277803898, 0.275523751974, 0.290433049202, 0.300157010555, 0.369644969702], "dvar2": [0.538319587708, 0.702490866184, 0.523784101009, 0.512471795082, 0.554469943047, 0.636308968067], "max": [-4.79333686829, -4.74493122101, -5.21586465836, -5.74174499512, -5.8