{"lowlevel": {"average_loudness": 0.283094674349, "barkbands_crest": {"dmean": 1.5327116251, "dmean2": 2.38253879547, "dvar": 3.48978161812, "dvar2": 7.9673204422, "max": 26.5004482269, "mean": 13.8149909973, "median": 12.8793878555, "min": 3.40827059746, "var": 23.1533908844}, "barkbands_flatness_db": {"dmean": 0.0196941494942, "dmean2": 0.0321041084826, "dvar": 0.000538751774002, "dvar2": 0.00124679668806, "max": 0.548053205013, "mean": 0.373284935951, "median": 0.379995048046, "min": 0.0235399976373, "var": 0.00410054111853}, "barkbands_kurtosis": {"dmean": 1.91603541374, "dmean2": 2.82610082626, "dvar": 17.7532081604, "dvar2": 34.9398651123, "max": 160.783905029, "mean": 6.10968780518, "median": 3.21876335144, "min": -1.82082009315, "var": 103.241783142}, "barkbands_skewness": {"dmean": 0.328581035137, "dmean2": 0.489032655954, "dvar": 0.186012014747, "dvar2": 0.384044647217, "max": 10.6002149582, "mean": 1.17656028271, "median": 1.11758172512, "min": -4.21196460724, "var": 1.69878923893}, "barkbands_spread": {"dmean": 0.822247922421, "dmean2": 1.25526595116, "dvar": 2.26000094414, "dvar2": 5.31874752045, "max": 93.1178131104, "mean": 5.23799943924, "median": 4.33828306198, "min": 0.309487462044, "var": 20.996006012}, "dissonance": {"dmean": 0.0327969677746, "dmean2": 0.0557016097009, "dvar": 0.00130743929185, "dvar2": 0.00360190076753, "max": 0.500000059605, "mean": 0.382486760616, "median": 0.387169092894, "min": 0.153404414654, "var": 0.00412621162832}, "dynamic_complexity": 6.48878955841, "erbbands_crest": {"dmean": 1.7185857296, "dmean2": 2.57597851753, "dvar": 4.62619876862, "dvar2": 10.112950325, "max": 32.536857605, "mean": 15.3707170486, "median": 14.6558713913, "min": 2.25078511238, "var": 39.294670105}, "erbbands_flatness_db": {"dmean": 0.0141353029758, "dmean2": 0.0224323607981, "dvar": 0.000353289506165, "dvar2": 0.000792441074736, "max": 0.53466963768, "mean": 0.383181750774, "median": 0.388854801655, "min": 0.037078063935, "var": 0.00388900819235}, "erbbands_kurtosis": {"dmean": 1.25831544399, "dmean2": 1.81319320202, "dvar": 5.64865112305, "dvar2": 10.8490066528, "max": 62.4939651489, "mean": 3.33703184128, "median": 1.20524168015, "min": -1.75002324581, "var": 39.6947059631}, "erbbands_skewness": {"dmean": 0.266391098499, "dmean2": 0.388182729483, "dvar": 0.120298616588, "dvar2": 0.239730849862, "max": 6.08142995834, "mean": 0.950974106789, "median": 0.794579982758, "min": -6.15566110611, "var": 1.40403676033}, "erbbands_spread": {"dmean": 1.67354869843, "dmean2": 2.51491117477, "dvar": 4.77571439743, "dvar2": 11.1090049744, "max": 93.2139282227, "mean": 12.0929889679, "median": 10.8812942505, "min": 0.775010466576, "var": 60.1928100586}, "hfc": {"dmean": 2.07252049446, "dmean2": 2.64063358307, "dvar": 29.0466175079, "dvar2": 55.059513092, "max": 104.594703674, "mean": 7.58422708511, "median": 3.24760532379, "min": 1.06292728565e-16, "var": 121.708183289}, "melbands_crest": {"dmean": 1.74216258526, "dmean2": 2.69700813293, "dvar": 4.54164123535, "dvar2": 10.2473049164, "max": 33.2097892761, "mean": 16.5455093384, "median": 15.735329628, "min": 1.00034785271, "var": 33.6738967896}, "melbands_flatness_db": {"dmean": 0.0219063665718, "dmean2": 0.034685421735, "dvar": 0.000829981989227, "dvar2": 0.00185364333447, "max": 0.71776920557, "mean": 0.486762106419, "median": 0.501372516155, "min": -2.32973349057e-07, "var": 0.00864142924547}, "melbands_kurtosis": {"dmean": 2.32367396355, "dmean2": 3.47736859322, "dvar": 23.0976829529, "dvar2": 50.8807449341, "max": 168.496231079, "mean": 8.12086009979, "median": 4.42358064651, "min": -1.86701536179, "var": 143.043899536}, "melbands_skewness": {"dmean": 0.339582532644, "dmean2": 0.508238434792, "dvar": 0.183658316731, "dvar2": 0.392408281565, "max": 10.4095277786, "mean": 1.54314637184, "median": 1.41846740246, "min": -3.30110430717, "var": 1.73815762997}, "melbands_spread": {"dmean": 1.34374523163, "dmean2": 2.06216096878, "dvar": 10.5294799805, "dvar2": 26.7223567963, "max": 160.413192749, "mean": 8.88675880432, "median": 5.86213827133, "min": 0.558512151241, "var": 281.104949951}, "pitch_salience": {"dmean": 0.0421418137848, "dmean2": 0.0674008727074, "dvar": 0.0027457990218, "dvar2": 0.00653092237189, "max": 0.996096611023, "mean": 0.478820621967, "median": 0.478210449219, "min": 0.0636903271079, "var": 0.0170627143234}, "silence_rate_20dB": {"dmean": 0, "dmean2": 0, "dvar": 0, "dvar2": 0, "max": 1, "mean": 1, "median": 1, "min": 1, "var": 0}, "silence_rate_30dB": {"dmean": 0.00481272209436, "dmean2": 0.00962645187974, "dvar": 0.00478937337175, "dvar2": 0.0112071754411, "max": 1, "mean": 0.992467820644, "median": 1, "min": 0, "var": 0.00747538916767}, "silence_rate_60dB": {"dmean": 0.0355722941458, "dmean2": 0.0711520388722, "dvar": 0.0343023240566, "dvar2": 0.072579279542, "max": 1, "mean": 0.273668795824, "median": 0, "min": 0, "var": 0.198794290423}, "spectral_centroid": {"dmean": 39.0997619629, "dmean2": 59.3959541321, "dvar": 17972.7089844, "dvar2": 36376.375, "max": 11907.1816406, "mean": 630.249450684, "median": 431.42980957, "min": 155.489089966, "var": 1814110}, "spectral_complexity": {"dmean": 1.069470644, "dmean2": 1.73108720779, "dvar": 1.96418511868, "dvar2": 3.96811437607, "max": 23, "mean": 7.50580596924, "median": 7, "min": 0, "var": 16.9076633453}, "spectral_decrease": {"dmean": 9.95574733764e-10, "dmean2": 1.34062017043e-09, "dvar": 5.50178463565e-18, "dvar2": 1.12345288517e-17, "max": 2.48639144249e-19, "mean": -4.1330259215e-09, "median": -2.24334995025e-09, "min": -4.52963924147e-08, "var": 2.82566452348e-17}, "spectral_energy": {"dmean": 0.00394080579281, "dmean2": 0.00529270805418, "dvar": 8.66422415129e-05, "dvar2": 0.000176238419954, "max": 0.177883341908, "mean": 0.0162869244814, "median": 0.0088036460802, "min": 9.91998288309e-21, "var": 0.000441399519332}, "spectral_energyband_high": {"dmean": 2.40731878876e-06, "dmean2": 3.45707053384e-06, "dvar": 1.96072866276e-10, "dvar2": 4.29804636326e-10, "max": 0.00046567840036, "mean": 2.80294398181e-06, "median": 2.01036236547e-08, "min": 7.09549874893e-21, "var": 2.54309850956e-10}, "spectral_energyband_low": {"dmean": 0.000478247617139, "dmean2": 0.000688907981385, "dvar": 2.79014329863e-06, "dvar2": 4.96974189446e-06, "max": 0.0554360710084, "mean": 0.00183875206858, "median": 0.000497078290209, "min": 1.42357491857e-23, "var": 1.45588837768e-05}, "spectral_energyband_middle_high": {"dmean": 0.000558353669476, "dmean2": 0.000674663577229, "dvar": 4.2510273488e-06, "dvar2": 7.29901603336e-06, "max": 0.0717024505138, "mean": 0.00140552094672, "median": 0.000387234904338, "min": 1.05659368264e-21, "var": 1.21804187074e-05}, "spectral_energyband_middle_low": {"dmean": 0.00330641213804, "dmean2": 0.00458973320201, "dvar": 6.8345827458e-05, "dvar2": 0.000145115176565, "max": 0.159706741571, "mean": 0.0134615767747, "median": 0.00621603336185, "min": 1.15880082393e-22, "var": 0.000350986578269}, "spectral_entropy": {"dmean": 0.144755005836, "dmean2": 0.226346358657, "dvar": 0.0550635531545, "dvar2": 0.13197927177, "max": 9.8262834549, "mean": 5.57346582413, "median": 5.49764204025, "min": 3.89527368546, "var": 0.490519970655}, "spectral_flux": {"dmean": 0.0138438344002, "dmean2": 0.0223673731089, "dvar": 0.000737265974749, "dvar2": 0.00180079811253, "max": 0.341042727232, "mean": 0.0270661190152, "median": 0.0179114528, "min": 6.32779106891e-11, "var": 0.0010162248509}, "spectral_kurtosis": {"dmean": 34.4697380066, "dmean2": 59.6575279236, "dvar": 1195.6229248, "dvar2": 3214.70385742, "max": 442.099578857, "mean": 115.318702698, "median": 107.973670959, "min": -1.2985086441, "var": 4887.34960938}, "spectral_rms": {"dmean": 0.000397873925976, "dmean2": 0.000515907362569, "dvar": 4.8571195066e-07, "dvar2": 8.89014700078e-07, "max": 0.0131736379117, "mean": 0.00330881844275, "median": 0.00293068657629, "min": 3.11095355206e-12, "var": 4.94137839269e-06}, "spectral_rolloff": {"dmean": 53.1968841553, "dmean2": 94.0457382202, "dvar": 72522.8046875, "dvar2": 147923.078125, "max": 19939.7460938, "mean": 860.000732422, "median": 538.330078125, "min": 107.666015625, "var": 5640407}, "spectral_skewness": {"dmean": 1.76842570305, "dmean2": 3.11881566048, "dvar": 2.71620202065, "dvar2": 7.26662826538, "max": 17.2688465118, "mean": 7.30713701248, "median": 7.29639053345, "min": -0.0945622175932, "var": 9.29120635986}, "spectral_spread": {"dmean": 315244.78125, "dmean2": 552156.4375, "dvar": 303935684608, "dvar2": 695338663936, "max": 42775652, "mean": 1610819.375, "median": 869454.4375, "min": 231611.859375, "var": 25684462272500.0}, "spectral_strongpeak": {"dmean": 0.294872432947, "dmean2": 0.44997382164, "dvar": 0.449431121349, "dvar2": 0.954980134964, "max": 13.0928592682, "mean": 1.1981369257, "median": 0.680734455585, "min": 0, "var": 1.82189667225}, "zerocrossingrate": {"dmean": 0.00217018998228, "dmean2": 0.0028341463767, "dvar": 4.19541574956e-05, "dvar2": 8.22715228423e-05, "max": 0.53955078125, "mean": 0.0297661535442, "median": 0.0205078125, "min": 0.00439453125, "var": 0.00403611082584}, "barkbands": {"dmean": [5.54803864361e-06, 0.000105455459561, 0.000328540307237, 0.000211207137909, 0.000873879878782, 0.000603614957072, 0.000702401273884, 0.00130046426784, 0.000396524061216, 7.16967551853e-05, 0.00015519084991, 0.000157145710546, 0.000175404187758, 3.36895936925e-05, 2.27503478527e-05, 2.16678236029e-05, 9.50022877078e-06, 7.83818541095e-06, 7.91058846517e-06, 1.39477572247e-06, 9.27471205614e-07, 5.79752395424e-07, 2.36738017634e-07, 7.73873907178e-08, 1.16652927318e-08, 1.85955084664e-09, 7.69057650896e-10], "dmean2": [9.68012227531e-06, 0.000154062203364, 0.000483558222186, 0.000329671194777, 0.00136394740548, 0.000874391524121, 0.00104760541581, 0.00177915708628, 0.000477711349959, 0.000101331352198, 0.000199316928047, 0.000203581570531, 0.000209009929677, 4.90563979838e-05, 3.27683046635e-05, 3.06560323224e-05, 1.51886906679e-05, 1.15124557851e-05, 1.05671761048e-05, 2.03883314498e-06, 1.3100632259e-06, 8.76002786754e-07, 3.74509227186e-07, 1.22983834672e-07, 1.95951557203e-08, 3.24704818588e-09, 1.40868783305e-09], "dvar": [1.12962299237e-10, 1.02238423949e-07, 1.75620345999e-06, 2.69497178351e-07, 9.98257928586e-06, 3.80487108487e-06, 1.86042834684e-05, 2.3490831154e-05, 4.44129727839e-06, 6.84707117671e-08, 1.67196469647e-06, 7.69759367358e-07, 1.20396157399e-06, 8.62477946839e-08, 3.19009032523e-08, 7.42474837168e-09, 2.19086682129e-09, 4.00047150961e-09, 2.08022399306e-09, 5.27680399376e-11, 4.47840931006e-11, 1.81962448581e-11, 4.60804831792e-12, 2.00211917357e-12, 2.28247681308e-14, 3.58604236063e-16, 3.48169708324e-18], "dvar2": [3.20160176148e-10, 1.70971162561e-07, 3.27630891661e-06, 6.14936880083e-07, 2.60167671513e-05, 7.47225794839e-06, 4.28234961873e-05, 4.86918579554e-05, 7.8733155533e-06, 1.30573255319e-07, 2.9917118809e-06, 1.47148034557e-06, 1.83566646683e-06, 1.57649239441e-07, 5.81174113279e-08, 1.48477496964e-08, 5.70577496362e-09, 7.71137909084e-09, 3.88118515104e-09, 1.19189810799e-10, 9.76453085055e-11, 4.07851703799e-11, 1.10430579611e-11, 4.30327952092e-12, 6.26142340017e-14, 1.00947533769e-15, 1.05502064668e-17], "max": [0.000323477259371, 0.0168953314424, 0.0461728796363, 0.0148785226047, 0.137022316456, 0.0709075033665, 0.139573335648, 0.125674039125, 0.0578563995659, 0.0102809574455, 0.0693586245179, 0.03883356601, 0.0575157478452, 0.0216318704188, 0.0126554043964, 0.0025883151684, 0.0010393228149, 0.00160991144367, 0.000988763640635, 0.000207091215998, 0.000184201140655, 0.000186835502973, 5.89718838455e-05, 8.51011063787e-05, 8.41404653329e-06, 1.02665137547e-06, 6.66197834676e-08], "mean": [8.09276207292e-06, 0.000340078375302, 0.00109612615779, 0.000714289315511, 0.00302064465359, 0.00213194126263, 0.00169771467336, 0.00472805090249, 0.00111962330993, 0.00018039115821, 0.000339366408298, 0.000349390407791, 0.000364908686606, 6.51113878121e-05, 4.16985349148e-05, 4.50383449788e-05, 1.6249005057e-05, 1.12231164167e-05, 1.31303550006e-05, 1.85731380498e-06, 1.07857977127e-06, 6.21721198968e-07, 2.21325066718e-07, 6.53364011782e-08, 9.67763824633e-09, 1.71435132756e-09, 8.74660177619e-10], "median": [1.72933459908e-06, 0.000129835680127, 0.000104585516965, 0.000223943352466, 0.00075344205834, 0.000374815776013, 0.000203587289434, 0.000334365700837, 7.94363586465e-05, 3.73159564333e-05, 4.14378700953e-05, 5.47271338291e-05, 2.77484705293e-05, 1.0165536878e-05, 4.74250555271e-06, 4.92083654535e-06, 1.29778948121e-06, 2.70587008799e-07, 1.9397513995e-07, 3.31919842722e-08, 3.97479249514e-09, 1.38488431833e-09, 5.07067110522e-10, 3.68530539419e-10, 3.35509564575e-10, 3.37170319442e-10, 3.84449583279e-10], "min": [2.13398615331e-26, 2.08788446874e-24, 1.203641504e-24, 5.49226261459e-25, 2.74364639545e-24, 7.61035966714e-24, 6.95844580392e-24, 3.79494120788e-24, 1.58233664674e-23, 1.45408269413e-23, 1.17316372487e-23, 2.13930131813e-23, 1.84563979978e-23, 3.33809584379e-23, 4.66495231331e-23, 4.72523832586e-23, 5.8457609681e-23, 9.47738690601e-23, 1.0313930982e-22, 1.38136865133e-22, 1.93757529051e-22, 3.20226156898e-22, 3.6107294543e-22, 5.6763694339e-22, 7.64096832223e-22, 1.11335117717e-21, 1.74711551559e-21], "var": [4.34020874795e-10, 5.70033478198e-07, 7.88287798059e-06, 1.66703387094e-06, 6.38018464088e-05, 2.81100692519e-05, 3.73120783479e-05, 0.000118695759738, 1.5441859432e-05, 2.4760814199e-07, 4.9861973821e-06, 1.46358922848e-06, 3.34246624334e-06, 1.90792690091e-07, 5.25399563855e-08, 1.75261440916e-08, 3.40804029442e-09, 6.05317573843e-09, 3.9640730698e-09, 6.7045591301e-11, 6.04780392433e-11, 2.17141703923e-11, 4.43332263261e-12, 2.06005633559e-12, 1.53051569086e-14, 2.29507388707e-16, 2.7792875671e-18]}, "erbbands": {"dmean": [0.000819668581244, 0.0345630198717, 0.301454424858, 0.573868215084, 0.913141608238, 4.61903429031, 4.58346843719, 4.91396808624, 6.45345115662, 25.463640213, 16.2332324982, 10.0412921906, 3.26667952538, 2.76887011528, 7.02461767197, 5.95292234421, 8.0703792572, 2.98618531227, 1.16289329529, 1.27154946327, 0.855313420296, 0.591039001942, 0.585860490799, 0.286697596312, 0.359016478062, 0.0611668229103, 0.0301698632538, 0.0502672754228, 0.0266270302236, 0.0115147903562, 0.00649117492139, 0.00304252305068, 0.000547104165889, 0.000224549192353, 5.08409611939e-05, 1.29095160446e-05, 3.48098296854e-06, 7.6542488614e-07, 1.92360994333e-06, 4.45653995484e-06], "dmean2": [0.00112909823656, 0.0503122285008, 0.441633492708, 0.865037381649, 1.4345856905, 7.313164711, 6.90883302689, 6.88137292862, 9.38969516754, 35.7992973328, 22.6251564026, 12.277264595, 4.41390895844, 3.73237586021, 8.9892282486, 7.57531690598, 9.56464385986, 3.87476372719, 1.66772437096, 1.78045403957, 1.20500707626, 0.950930595398, 0.852548837662, 0.400778800249, 0.46721598506, 0.0849785730243, 0.0451260656118, 0.0699109062552, 0.039918679744, 0.0173773579299, 0.0104834735394, 0.00477879215032, 0.000892957963515, 0.000378700118745, 8.41056535137e-05, 2.11168098758e-05, 5.58150122743e-06, 1.25049950839e-06, 2.55548161476e-06, 5.96414702159e-06], "dvar": [4.86214730699e-06, 0.012947707437, 1.61233520508, 2.44930744171, 3.72270083427, 348.317016602, 198.874526978, 259.673461914, 1148.54882812, 9413.52246094, 3713.99121094, 3336.06079102, 228.997283936, 180.670547485, 2764.33618164, 654.424194336, 2405.46582031, 462.84954834, 94.307762146, 34.2865142822, 10.3400278091, 9.62551116943, 20.4757728577, 1.9379581213, 7.24118947983, 0.0926400348544, 0.0293712820858, 0.139204710722, 0.0287026632577, 0.010136612691, 0.00356384809129, 0.00283923745155, 3.72874237655e-05, 8.29735108709e-06, 3.38360592878e-07, 1.68983582682e-08, 5.10684050603e-10, 1.32933950306e-11, 2.0713314744e-11, 1.11517774182e-10], "dvar2": [7.40975019653e-06, 0.0214581545442, 2.89347743988, 5.02138137817, 8.3262052536, 924.787902832, 453.198608398, 459.374755859, 2453.93310547, 20143.9394531, 8501.98339844, 6003.1796875, 398.384857178, 305.047241211, 5496.59375, 1164.39147949, 3546.65576172, 834.19140625, 176.832214355, 63.8360557556, 21.0075721741, 25.5683879852, 39.2391891479, 3.91307258606, 13.3329191208, 0.200912818313, 0.0684219971299, 0.299482285976, 0.066729195416, 0.0227981638163, 0.00901914853603, 0.00609632721171, 8.6248437583e-05, 2.27433065447e-05, 8.66300354119e-07, 4.55885711403e-08, 1.39074152194e-09, 3.63937387171e-11, 4.12531050986e-11, 2.25608143278e-10], "max": [0.0762154683471, 5.82793855667, 45.4174804688, 55.8999595642, 88.1256332397, 795.067687988, 542.996826172, 503.396026611, 918.110961914, 2307.99243164, 1897.79345703, 1607.29675293, 374.465148926, 731.193786621, 2217.11328125, 1044.7154541, 2258.64599609, 1418.64807129, 730.524597168, 235.577056885, 101.010971069, 71.974395752, 115.737945557, 40.5367889404, 68.3098068237, 6.63795518875, 5.58897447586, 10.2488689423, 6.40492868423, 4.00002145767, 1.86449038982, 3.2050640583, 0.308011174202, 0.158361494541, 0.0330255143344, 0.00717365276068, 0.00113658036571, 0.000183245443623, 8.49342613947e-05, 0.000199444082682], "mean": [0.00342313596047, 0.112899944186, 0.959030330181, 2.1760263443, 3.62563467026, 15.7370166779, 13.3053369522, 19.1822471619, 19.2922592163, 83.6861038208, 58.7509613037, 27.1992855072, 8.55558013916, 6.68270301819, 14.5321722031, 15.1528434753, 17.5111713409, 6.06926202774, 2.29873609543, 2.64589619637, 1.87122249603, 1.02177762985, 0.885129630566, 0.509072065353, 0.557004094124, 0.0871504098177, 0.0362262539566, 0.0582940094173, 0.0288451351225, 0.0113359959796, 0.00597318354994, 0.00269088661298, 0.000471167237265, 0.000190180900972, 5.33095480932e-05, 1.86217421287e-05, 7.70282531448e-06, 1.69771817582e-06, 7.90082594904e-06, 1.83224055945e-05], "median": [0.00124505464919, 0.0442864857614, 0.160949856043, 0.615672767162, 1.46102452278, 2.87684869766, 3.28311610222, 3.52572917938, 3.44446992874, 7.32219648361, 7.27180051804, 2.87831425667, 1.59359955788, 1.72512471676, 2.04219603539, 2.72422361374, 1.68154489994, 1.03033971786, 0.472060739994, 0.475983828306, 0.253730744123, 0.088092662394, 0.032744359225, 0.0149296335876, 0.00654154550284, 0.00174325786065, 0.000444289733423, 0.000163396456628, 7.26419093553e-05, 3.24454340443e-05, 1.96029195649e-05, 1.45458006955e-05, 1.21224620671e-05, 9.88128431345e-06, 7.91869661043e-06, 5.84783765589e-06, 3.40032784152e-06, 7.86419548149e-07, 4.20093465436e-06, 9.80643108051e-06], "min": [5.72913324752e-23, 2.67807700276e-22, 1.23436955871e-21, 2.13080918e-21, 5.89741164218e-21, 1.13927601923e-20, 2.56188708609e-20, 5.82738789527e-20, 1.29654667356e-19, 1.88663884024e-19, 2.82656093911e-19, 3.77723108681e-19, 4.2984112244e-19, 7.82773834958e-19, 6.47358423323e-19, 9.83219859907e-19, 9.41149660748e-19, 1.36168032256e-18, 2.63807005215e-18, 2.56407812597e-18, 3.03592262689e-18, 4.29627435839e-18, 4.81068350567e-18, 6.53535136053e-18, 7.35395328295e-18, 7.66189856293e-18, 8.36411534599e-18, 1.01161401317e-17, 1.15247799112e-17, 9.33184469796e-18, 1.07139931912e-17, 1.04482754815e-17, 9.66176403092e-18, 8.11843774098e-18, 5.93204428563e-18, 4.3687672265e-18, 2.15409825628e-18, 9.08461550892e-19, 2.21581730371e-19, 2.35072225443e-20], "var": [4.76732493553e-05, 0.0638527497649, 6.69890880585, 18.2308158875, 46.5275650024, 2118.58032227, 1095.15258789, 2179.39355469, 3407.73803711, 38530.5976562, 15228.1650391, 10140.7480469, 698.266479492, 621.215148926, 6400.23242188, 1712.4987793, 7196.359375, 1015.22332764, 144.268127441, 81.3837280273, 25.1670227051, 14.056968689, 31.3625450134, 3.84490513802, 13.6970281601, 0.13799636066, 0.035763412714, 0.18802690506, 0.0336974672973, 0.0108985006809, 0.00306108500808, 0.00293434713967, 3.48278153979e-05, 5.62279774385e-06, 2.64302826736e-07, 1.23956889198e-08, 4.30656316164e-10, 1.28410259856e-11, 1.04781468224e-10, 5.62717039632e-10]}, "gfcc": {"mean": [-262.540130615, 245.869186401, -111.116744995, -48.5799255371, -16.9983921051, -25.3491210938, -27.1648178101, -15.9354600906, -9.41152000427, -10.8267126083, -3.29094171524, -12.8136119843, -8.36939334869], "cov": [[25922.0449219, 3046.36987305, -5206.16308594, 463.10534668, -764.477600098, -1778.63549805, 49.6134109497, -601.360412598, -189.950271606, -407.569793701, -28.0524749756, -593.435058594, -503.859375], [3046.36987305, 2231.72143555, 130.900726318, -725.744628906, 488.252288818, 43.1480484009, -281.650543213, -146.716598511, -194.682418823, -174.665924072, -8.72459697723, -18.1340904236, 113.285118103], [-5206.16308594, 130.900726318, 1649.56567383, -316.308288574, 314.057983398, 583.16204834, -153.080474854, 47.6071472168, -36.4663276672, 18.3772506714, -13.0128993988, 146.60925293, 177.871826172], [463.10534668, -725.744628906, -316.308288574, 699.462341309, -129.286819458, -69.8911972046, 197.616394043, 9.47857952118, 48.2885551453, 27.029083252, -33.7426376343, -19.55727005, -67.2262039185], [-764.477600098, 488.252288818, 314.057983398, -129.286819458, 473.937316895, 130.100524902, -66.9606781006, 2.12106132507, -85.4588088989, -75.6483230591, -5.67270565033, 33.3018569946, 86.7390441895], [-1778.63549805, 43.1480484009, 583.16204834, -69.8911972046, 130.100524902, 430.012359619, -5.59520435333, 0.676106333733, -2.97795176506, -25.3912982941, -21.8451004028, 72.1472167969, 60.457698822], [49.6134109497, -281.650543213, -153.080474854, 197.616394043, -66.9606781006, -5.59520435333, 194.348693848, 65.0752105713, 20.1730308533, 19.1158943176, -24.4163665771, -40.1630744934, -56.8063812256], [-601.360412598, -146.716598511, 47.6071472168, 9.47857952118, 2.12106132507, 0.676106333733, 65.0752105713, 191.481170654, 97.4738311768, 46.3420944214, 2.71630334854, -23.5417003632, -35.9509391785], [-189.950271606, -194.682418823, -36.4663276672, 48.2885551453, -85.4588088989, -2.97795176506, 20.1730308533, 97.4738311768, 172.764602661, 80.1115264893, 0.566851198673, 5.07334184647, -26.1836128235], [-407.569793701, -174.665924072, 18.3772506714, 27.029083252, -75.6483230591, -25.3912982941, 19.1158943176, 46.3420944214, 80.1115264893, 138.000564575, 48.7356681824, 0.990491211414, -10.6274576187], [-28.0524749756, -8.72459697723, -13.0128993988, -33.7426376343, -5.67270565033, -21.8451004028, -24.4163665771, 2.71630334854, 0.566851198673, 48.7356681824, 107.704063416, 34.6824607849, -4.90720653534], [-593.435058594, -18.1340904236, 146.60925293, -19.55727005, 33.3018569946, 72.1472167969, -40.1630744934, -23.5417003632, 5.07334184647, 0.990491211414, 34.6824607849, 123.781974792, 77.6430511475], [-503.859375, 113.285118103, 177.871826172, -67.2262039185, 86.7390441895, 60.457698822, -56.8063812256, -35.9509391785, -26.1836128235, -10.6274576187, -4.90720653534, 77.6430511475, 130.986038208]], "icov": [[0.000568076327909, -0.00132025126368, 0.00146281113848, -0.00103758694604, 0.00114025990479, -0.000127200910356, 0.000399241718696, 0.000416658178438, -0.00047630580957, 0.000933347153477, -0.000733743421733, 0.0009652809822, -0.00021992319671], [-0.00132025126368, 0.00411808257923, -0.00310559128411, 0.0033308591228, -0.00353977247141, 0.000165379577084, -0.000556915940251, -0.00044800536125, 0.0011161507573, -0.00184350321069, 0.00176361040212, -0.00164942175616, 0.000307123234961], [0.00146281113848, -0.00310559128411, 0.00570890633389, -0.00234565348364, 0.00249411910772, -0.00264907581732, 0.00291571370326, -0.000506102689542, 0.00076109264046, 0.000363837869372, -0.000413586822106, 0.00173936481588, -0.000811560603324], [-0.00103758694604, 0.0033308591228, -0.00234565348364, 0.00502372300252, -0.00297336210497, 0.000505990465172, -0.00297057884745, 0.000890779017936, 5.17581756867e-05, -0.00161871709861, 0.00207737903111, -0.00236650137231, 0.000942831626162], [0.00114025990479, -0.00353977247141, 0.00249411910772, -0.00297336210497, 0.00629774108529, -0.000721937394701, 0.00128166226204, -0.00112301600166, 0.000324325577822, 0.00314464559779, -0.00248360214755, 0.00259422627278, -0.00236564921215], [-0.000127200910356, 0.000165379577084, -0.00264907581732, 0.000505990465172, -0.000721937394701, 0.00587959121913, -0.00321512622759, 0.0022083055228, -0.00261656101793, 0.00215006945655, -0.000239531000261, -0.00154164875858, 0.000756962923333], [0.000399241718696, -0.000556915940251, 0.00291571370326, -0.00297057884745, 0.00128166226204, -0.00321512622759, 0.0125555442646, -0.00561721250415, 0.00529602263123, -0.00318447081372, 0.00335496850312, 9.46638028836e-05, 0.00194194389042], [0.000416658178438, -0.00044800536125, -0.000506102689542, 0.000890779017936, -0.00112301600166, 0.0022083055228, -0.00561721250415, 0.0123893246055, -0.00885447766632, 0.00331275560893, -0.00345369637944, 0.0034216332715, 0.000164590688655], [-0.00047630580957, 0.0011161507573, 0.00076109264046, 5.17581756867e-05, 0.000324325577822, -0.00261656101793, 0.00529602263123, -0.00885447766632, 0.0167136732489, -0.0103273428977, 0.00793997943401, -0.00680935848504, 0.00389188202098], [0.000933347153477, -0.00184350321069, 0.000363837869372, -0.00161871709861, 0.00314464559779, 0.00215006945655, -0.00318447081372, 0.00331275560893, -0.0103273428977, 0.0191534813493, -0.0120275365189, 0.0080577628687, -0.00542407529429], [-0.000733743421733, 0.00176361040212, -0.000413586822106, 0.00207737903111, -0.00248360214755, -0.000239531000261, 0.00335496850312, -0.00345369637944, 0.00793997943401, -0.0120275365189, 0.0202055759728, -0.0121994074434, 0.00814193300903], [0.0009652809822, -0.00164942175616, 0.00173936481588, -0.00236650137231, 0.00259422627278, -0.00154164875858, 9.46638028836e-05, 0.0034216332715, -0.00680935848504, 0.0080577628687, -0.0121994074434, 0.0227829441428, -0.0131322713569], [-0.00021992319671, 0.000307123234961, -0.000811560603324, 0.000942831626162, -0.00236564921215, 0.000756962923333, 0.00194194389042, 0.000164590688655, 0.00389188202098, -0.00542407529429, 0.00814193300903, -0.0131322713569, 0.0186404529959]]}, "melbands": {"dmean": [1.74220513145e-05, 0.00011877209181, 0.000101007775811, 0.00018265984545, 0.000178119269549, 0.000111243694846, 0.00010849377577, 0.000305562134599, 0.000112742454803, 6.28065972705e-05, 1.51102813106e-05, 1.06755860543e-05, 2.33232422033e-05, 1.75754757947e-05, 1.6180689272e-05, 1.90470382222e-05, 3.77747778657e-06, 1.85561623312e-06, 2.02918386094e-06, 1.92565335055e-06, 7.21904825696e-07, 6.12259782429e-07, 5.10640916218e-07, 3.98050900685e-07, 2.24274245397e-07, 3.09362633288e-07, 1.29534768689e-07, 2.74658127353e-08, 2.50376945843e-08, 9.45867828506e-09, 4.0287755354e-08, 1.47624765745e-08, 8.70861516233e-09, 5.6083364619e-09, 4.08403089125e-09, 2.49943066244e-09, 1.53631063426e-09, 3.04806124785e-10, 2.87669332799e-10, 1.49878290334e-10], "dmean2": [2.48880860454e-05, 0.000173017848283, 0.000153352055349, 0.000285762245767, 0.000270379154244, 0.000157590679009, 0.000159487957717, 0.000423901685281, 0.000155162706506, 7.69750477048e-05, 2.11603946809e-05, 1.48333383549e-05, 2.92204676953e-05, 2.31641006394e-05, 2.01915736397e-05, 2.27056225413e-05, 5.36684001418e-06, 2.69013389698e-06, 2.92162621918e-06, 2.72382385447e-06, 1.02501735455e-06, 9.98109840111e-07, 7.70686540363e-07, 5.82752988976e-07, 3.18543044386e-07, 4.06128577879e-07, 1.71619035427e-07, 4.21093986347e-08, 3.84330434144e-08, 1.45754555092e-08, 5.55186581153e-08, 2.26095124845e-08, 1.34372220018e-08, 8.54677661977e-09, 6.63280674829e-09, 4.07850730966e-09, 2.38435604594e-09, 5.17649423326e-10, 4.87564599805e-10, 2.59365917632e-10], "dvar": [2.41605735418e-09, 2.28978706218e-07, 6.10301995607e-08, 4.58979656059e-07, 2.73294375575e-07, 1.20896231692e-07, 4.32953783047e-07, 1.26401039324e-06, 1.68708979231e-07, 1.56734472512e-07, 4.57321203129e-09, 2.26799334868e-09, 3.63566918793e-08, 1.37468951777e-08, 8.48462455849e-09, 1.71238792035e-08, 1.0547835938e-09, 2.32796573685e-10, 1.56610072133e-10, 6.28977286921e-11, 7.58852616162e-12, 1.15200652837e-11, 7.67560407594e-12, 1.03878563737e-11, 1.52964999608e-12, 4.5180959668e-12, 8.03098744191e-13, 3.21881058049e-14, 2.65755774049e-14, 3.7622425249e-15, 1.02510583572e-13, 1.30541499106e-14, 3.78824643638e-15, 3.31970634996e-15, 1.7490874607e-15, 5.07419110459e-16, 1.03501083995e-15, 7.44564790821e-18, 1.13685345925e-17, 3.90752180436e-18], "dvar2": [4.03306454899e-09, 4.05958104466e-07, 1.28769684693e-07, 1.16348837764e-06, 6.75098817737e-07, 2.20372172066e-07, 9.75353486865e-07, 2.63966103375e-06, 3.86241850947e-07, 2.80539808273e-07, 8.13250711218e-09, 4.07850064832e-09, 6.31244319038e-08, 2.77532414827e-08, 1.22422267879e-08, 2.77462746112e-08, 2.03550221123e-09, 4.49461717844e-10, 2.91698165622e-10, 1.23100987737e-10, 1.58934115868e-11, 3.07699490887e-11, 1.57538010415e-11, 2.00797174027e-11, 3.14449876727e-12, 8.20604868779e-12, 1.55267498077e-12, 7.70589375729e-14, 6.21816847687e-14, 9.04998969373e-15, 2.19781156707e-13, 3.02373211647e-14, 8.59773762737e-15, 7.72117541751e-15, 4.5855089982e-15, 1.13305670354e-15, 2.22040920332e-15, 1.89882469441e-17, 3.05934403914e-17, 1.08491205889e-17], "max": [0.00238539976999, 0.0179494395852, 0.00774533394724, 0.0319039151073, 0.0145794674754, 0.009711349383, 0.0202451571822, 0.0291032716632, 0.0128445597365, 0.0109534263611, 0.00153188337572, 0.00225898390636, 0.0105325188488, 0.00550473062322, 0.00519371498376, 0.00779116014019, 0.00240338314325, 0.00102282175794, 0.000594024313614, 0.000262387067778, 7.90762205725e-05, 7.72860003053e-05, 6.37063349131e-05, 8.13371298136e-05, 3.81344252673e-05, 4.81444112665e-05, 2.22626931645e-05, 6.74733701089e-06, 6.31550437902e-06, 2.15176692109e-06, 9.0296352937e-06, 4.87191709908e-06, 2.18211016545e-06, 1.81252846687e-06, 1.37055394589e-06, 9.71238250713e-07, 1.94844392354e-06, 9.44553164572e-08, 1.66271277635e-07, 1.03729625778e-07], "mean": [6.27922490821e-05, 0.000394048081944, 0.000379808392609, 0.000705298967659, 0.00052600359777, 0.000421780656325, 0.000288565235678, 0.00103773409501, 0.000405860948376, 0.000160595300258, 3.82987818739e-05, 2.52240442933e-05, 5.03757037222e-05, 3.76260650228e-05, 3.86550818803e-05, 3.83104998036e-05, 7.28492659618e-06, 3.48543994733e-06, 3.75080571757e-06, 3.99975215259e-06, 1.58471846134e-06, 1.02064268503e-06, 7.90385001892e-07, 5.87360261761e-07, 4.01183115173e-07, 4.79294044453e-07, 1.89222092217e-07, 3.50144411243e-08, 2.89968387079e-08, 1.0100505321e-08, 4.68517313834e-08, 1.60593032206e-08, 8.57925730458e-09, 5.22871923536e-09, 3.68094910108e-09, 2.22186780086e-09, 1.30084931715e-09, 2.47926651431e-10, 2.25680515942e-10, 1.2019472917e-10], "median": [2.36432133534e-05, 8.79505241755e-05, 0.000125809950987, 0.00015370870824, 0.000143957178807, 7.79950496508e-05, 3.97001640522e-05, 7.61826959206e-05, 4.90330567118e-05, 1.02180019894e-05, 5.50674030819e-06, 5.97915186518e-06, 5.51679386263e-06, 6.62778393234e-06, 5.04179070049e-06, 2.34823551182e-06, 1.3399993577e-06, 5.22819163962e-07, 3.86774303252e-07, 4.94631819947e-07, 1.66977613958e-07, 7.01545062043e-08, 3.71100234986e-08, 1.22103704925e-08, 9.15531472856e-09, 3.69197050709e-09, 1.86427406845e-09, 5.80478831669e-10, 2.34441605018e-10, 7.45474099118e-11, 6.88063703236e-11, 3.21108938051e-11, 1.94004742826e-11, 1.08156886225e-11, 8.09417376874e-12, 5.87853377088e-12, 4.6678837011e-12, 4.19035466048e-12, 3.63702167341e-12, 3.0830663543e-12], "min": [9.47281727145e-25, 4.90340703809e-25, 8.82335203248e-25, 4.45659819353e-25, 9.05600190457e-25, 1.42499705729e-24, 1.87024523916e-24, 1.78870088461e-24, 1.94583961034e-24, 2.35240530747e-24, 2.23054759686e-24, 2.6478197142e-24, 1.92886430974e-24, 2.13382102254e-24, 2.01862405898e-24, 2.47447956041e-24, 2.43024241021e-24, 3.02966014398e-24, 2.80198305382e-24, 3.0674448064e-24, 3.03054425984e-24, 3.31323512902e-24, 3.6402227074e-24, 4.74640527833e-24, 4.86820066893e-24, 3.30073562798e-24, 3.81706481197e-24, 4.36063691289e-24, 4.29954200236e-24, 4.59878100397e-24, 4.91385875483e-24, 5.75209406968e-24, 5.32992371777e-24, 4.75778459689e-24, 6.06548602479e-24, 5.52381823409e-24, 5.42391965007e-24, 5.61206613141e-24, 4.53592969464e-24, 5.69450288486e-24], "var": [1.69727005783e-08, 9.69894358605e-07, 4.23661447257e-07, 3.93524351239e-06, 1.21862649394e-06, 9.64301761996e-07, 1.00887700683e-06, 5.86899341215e-06, 7.17532884664e-07, 4.58457208197e-07, 1.36854909627e-08, 7.35618499448e-09, 1.13662721901e-07, 2.18211635428e-08, 2.62152770603e-08, 4.09231688536e-08, 2.14820183864e-09, 3.88903659276e-10, 3.07732755944e-10, 1.51260712289e-10, 1.8096449686e-11, 1.68267465933e-11, 1.21215294746e-11, 1.55755321835e-11, 3.07445366908e-12, 8.58690549221e-12, 1.418830331e-12, 3.68098767071e-14, 3.06923574284e-14, 4.13960502026e-15, 1.39154678991e-13, 1.56977024695e-14, 4.03282254122e-15, 3.3694938878e-15, 1.41722746938e-15, 5.17399170281e-16, 1.06805073649e-15, 5.96572790736e-18, 8.08015085914e-18, 2.5709716424e-18]}, "mfcc": {"mean": [-852.816345215, 228.731216431, 11.9113130569, -13.5321216583, 4.90199995041, -1.96000778675, -8.71150112152, -7.53263378143, -8.56301593781, -5.70065784454, -0.512325942516, 1.4988604784, 2.00830411911], "cov": [[7541.89892578, 2964.45776367, -2245.72241211, 175.627059937, -31.1464195251, -540.674133301, -307.441680908, -73.6341094971, -322.941986084, -165.790786743, 83.0346069336, -39.5898551941, -12.4164686203], [2964.45776367, 2349.13012695, -327.825195312, -351.697540283, 223.3203125, -21.2108745575, -90.8047409058, -94.4174346924, -147.620880127, -161.010040283, -126.639793396, -79.4895477295, -34.539894104], [-2245.72241211, -327.825195312, 1283.2677002, -154.95791626, 31.7946720123, 406.53012085, 151.038391113, -3.41726016998, 103.832969666, 12.0719223022, -120.538841248, -40.727519989, -22.1040420532], [175.627059937, -351.697540283, -154.95791626, 357.266906738, -15.2616462708, -59.477355957, 27.283908844, 39.6708297729, 18.3089370728, 37.0796051025, 54.9838867188, 2.09292531013, 22.3556480408], [-31.1464195251, 223.3203125, 31.7946720123, -15.2616462708, 279.488739014, 95.6629562378, 10.443277359, 36.2468490601, 21.2600898743, -40.1198654175, -63.2551345825, -35.4114532471, -5.30146837234], [-540.674133301, -21.2108745575, 406.53012085, -59.477355957, 95.6629562378, 331.372283936, 119.421913147, 20.7279548645, 38.1184921265, -42.2884559631, -85.2930526733, -58.9434356689, -48.7769050598], [-307.441680908, -90.8047409058, 151.038391113, 27.283908844, 10.443277359, 119.421913147, 171.38999939, 57.1162567139, -2.52718567848, 2.75143408775, -13.9917163849, -34.4629058838, -48.7895774841], [-73.6341094971, -94.4174346924, -3.41726016998, 39.6708297729, 36.2468490601, 20.7279548645, 57.1162567139, 131.694213867, 71.1358642578, 4.81405067444, 17.5455093384, 9.84570598602, -26.3335933685], [-322.941986084, -147.620880127, 103.832969666, 18.3089370728, 21.2600898743, 38.1184921265, -2.52718567848, 71.1358642578, 156.509048462, 54.7893562317, -3.05626869202, 25.3506069183, 11.9933977127], [-165.790786743, -161.010040283, 12.0719223022, 37.0796051025, -40.1198654175, -42.2884559631, 2.75143408775, 4.81405067444, 54.7893562317, 137.871200562, 74.3650970459, 16.9881401062, 27.169090271], [83.0346069336, -126.639793396, -120.538841248, 54.9838867188, -63.2551345825, -85.2930526733, -13.9917163849, 17.5455093384, -3.05626869202, 74.3650970459, 149.696105957, 60.9864387512, -14.2107381821], [-39.5898551941, -79.4895477295, -40.727519989, 2.09292531013, -35.4114532471, -58.9434356689, -34.4629058838, 9.84570598602, 25.3506069183, 16.9881401062, 60.9864387512, 108.813407898, 47.9742622375], [-12.4164686203, -34.539894104, -22.1040420532, 22.3556480408, -5.30146837234, -48.7769050598, -48.7895774841, -26.3335933685, 11.9933977127, 27.169090271, -14.2107381821, 47.9742622375, 172.356796265]], "icov": [[0.00771827436984, -0.0108451219276, 0.0111960964277, -0.0116481222212, 0.0118195218965, -0.0120374681428, 0.0125734107569, -0.0121239954606, 0.0109147103503, -0.00994953233749, 0.00808030739427, -0.00508417002857, 0.00288337795064], [-0.0108451219276, 0.0159018021077, -0.0155014665797, 0.0170534960926, -0.01712718606, 0.0170485135168, -0.0177647154778, 0.0174010358751, -0.0152884265408, 0.0144200865179, -0.0114383846521, 0.00753760477528, -0.00411706790328], [0.0111960964277, -0.0155014665797, 0.0178494155407, -0.016319071874, 0.0173843931407, -0.0191657692194, 0.0177765078843, -0.0169225782156, 0.0153422141448, -0.0151386205107, 0.0125883091241, -0.00795156229287, 0.00423315679654], [-0.0116481222212, 0.0170534960926, -0.016319071874, 0.0218980479985, -0.0184715110809, 0.0190547890961, -0.0208929982036, 0.0191152077168, -0.0182834006846, 0.0169514659792, -0.015022941865, 0.0103521831334, -0.006044132635], [0.0118195218965, -0.01712718606, 0.0173843931407, -0.0184715110809, 0.0233182329684, -0.0206768065691, 0.021249178797, -0.0214897058904, 0.0177543945611, -0.0162667259574, 0.0143681224436, -0.00785002298653, 0.00434040557593], [-0.0120374681428, 0.0170485135168, -0.0191657692194, 0.0190547890961, -0.0206768065691, 0.0276006534696, -0.0253521408886, 0.0228802282363, -0.0219508782029, 0.0206336770207, -0.0151434987783, 0.011235723272, -0.00498695252463], [0.0125734107569, -0.0177647154778, 0.0177765078843, -0.0208929982036, 0.021249178797, -0.0253521408886, 0.0355400256813, -0.0304651912302, 0.0276757050306, -0.0244283787906, 0.0193781945854, -0.0111006377265, 0.00783263146877], [-0.0121239954606, 0.0174010358751, -0.0169225782156, 0.0191152077168, -0.0214897058904, 0.0228802282363, -0.0304651912302, 0.0397451333702, -0.0318810604513, 0.0261563546956, -0.0217685196549, 0.0118423914537, -0.00576889468357], [0.0109147103503, -0.0152884265408, 0.0153422141448, -0.0182834006846, 0.0177543945611, -0.0219508782029, 0.0276757050306, -0.0318810604513, 0.0374467670918, -0.0299628842622, 0.0248475186527, -0.0172037221491, 0.00831347052008], [-0.00994953233749, 0.0144200865179, -0.0151386205107, 0.0169514659792, -0.0162667259574, 0.0206336770207, -0.0244283787906, 0.0261563546956, -0.0299628842622, 0.0376300513744, -0.0293347798288, 0.019162742421, -0.0111461253837], [0.00808030739427, -0.0114383846521, 0.0125883091241, -0.015022941865, 0.0143681224436, -0.0151434987783, 0.0193781945854, -0.0217685196549, 0.0248475186527, -0.0293347798288, 0.0352331921458, -0.0221402514726, 0.0121313640848], [-0.00508417002857, 0.00753760477528, -0.00795156229287, 0.0103521831334, -0.00785002298653, 0.011235723272, -0.0111006377265, 0.0118423914537, -0.0172037221491, 0.019162742421, -0.0221402514726, 0.0267633236945, -0.0107113244012], [0.00288337795064, -0.00411706790328, 0.00423315679654, -0.006044132635, 0.00434040557593, -0.00498695252463, 0.00783263146877, -0.00576889468357, 0.00831347052008, -0.0111461253837, 0.0121313640848, -0.0107113244012, 0.0117295812815]]}, "spectral_contrast_coeffs": {"dmean": [0.0350794009864, 0.0318364500999, 0.0261234939098, 0.024968130514, 0.0191750247031, 0.0382090397179], "dmean2": [0.0576699599624, 0.0512988269329, 0.0406915731728, 0.0389583520591, 0.0297314431518, 0.0662128925323], "dvar": [0.000986319617368, 0.00117614492774, 0.000964802922681, 0.000785456446465, 0.000489565019961, 0.0013182645198], "dvar2": [0.00250418041833, 0.00284646172076, 0.00212602107786, 0.00170742406044, 0.00109928566962, 0.00338952126913], "max": [-0.209541112185, -0.343211710453, -0.428473740816, -0.428475081921, -0.561982691288, -0.603867411613], "mean": [-0.59375834465, -0.64311760664, -0.738872230053, -0.713513255119, -0.73460906744, -0.860765755177], "median": [-0.59141010046, -0.65274733305, -0.745778679848, -0.713608980179, -0.728536725044, -0.886044502258], "min": [-0.982284724712, -0.997213423252, -0.998878419399, -0.988237738609, -0.988852858543, -0.965164601803], "var": [0.0130879897624, 0.0131528731436, 0.00659939507023, 0.00541812600568, 0.00483652064577, 0.00546179851517]}, "spectral_contrast_valleys": {"dmean": [0.358420848846, 0.297198206186, 0.277579605579, 0.290924608707, 0.313312619925, 0.726559042931], "dmean2": [0.587216734886, 0.474872022867, 0.428265035152, 0.455526798964, 0.474234461784, 1.280382514], "dvar": [0.127524152398, 0.130889505148, 0.143355548382, 0.173453330994, 0.27166518569, 0.375288426876], "dvar2"