{"lowlevel": {"average_loudness": 0.707827091217, "barkbands_crest": {"dmean": 2.14131617546, "dmean2": 3.28830623627, "dvar": 5.51702737808, "dvar2": 12.6884183884, "max": 24.9455280304, "mean": 13.5193471909, "median": 12.8042879105, "min": 4.00931453705, "var": 20.6858215332}, "barkbands_flatness_db": {"dmean": 0.0220506843179, "dmean2": 0.032822728157, "dvar": 0.000633324903902, "dvar2": 0.00139685394242, "max": 0.481910586357, "mean": 0.275017768145, "median": 0.271156728268, "min": 0.070300154388, "var": 0.00351207982749}, "barkbands_kurtosis": {"dmean": 8.14652442932, "dmean2": 13.3010177612, "dvar": 310.835632324, "dvar2": 799.290161133, "max": 201.161056519, "mean": 11.4435758591, "median": 6.09069919586, "min": -1.9446413517, "var": 284.754699707}, "barkbands_skewness": {"dmean": 0.761261820793, "dmean2": 1.20965385437, "dvar": 1.42724633217, "dvar2": 3.47044801712, "max": 10.2230100632, "mean": 1.93354094028, "median": 1.61561131477, "min": -8.51777648926, "var": 2.02677464485}, "barkbands_spread": {"dmean": 1.34961009026, "dmean2": 2.03809809685, "dvar": 6.4522652626, "dvar2": 13.7090959549, "max": 125.679092407, "mean": 5.70615196228, "median": 4.52548789978, "min": 0.453075945377, "var": 55.4315719604}, "dissonance": {"dmean": 0.0363344028592, "dmean2": 0.0605731531978, "dvar": 0.00093589379685, "dvar2": 0.00252326228656, "max": 0.499101191759, "mean": 0.371296823025, "median": 0.37424659729, "min": 0.12231336534, "var": 0.00265077967197}, "dynamic_complexity": 4.87864685059, "erbbands_crest": {"dmean": 2.44099569321, "dmean2": 3.47177410126, "dvar": 5.75784921646, "dvar2": 11.1843471527, "max": 29.5909137726, "mean": 12.9151000977, "median": 11.7030611038, "min": 3.06191444397, "var": 29.5202140808}, "erbbands_flatness_db": {"dmean": 0.0254040434957, "dmean2": 0.0357204601169, "dvar": 0.00091409595916, "dvar2": 0.00164745596703, "max": 0.495430737734, "mean": 0.261762291193, "median": 0.259978473186, "min": 0.0556362047791, "var": 0.00415980955586}, "erbbands_kurtosis": {"dmean": 2.88323831558, "dmean2": 4.35834217072, "dvar": 30.751001358, "dvar2": 66.2055358887, "max": 131.519256592, "mean": 4.17792844772, "median": 1.58002090454, "min": -1.57047140598, "var": 71.8842468262}, "erbbands_skewness": {"dmean": 0.485863864422, "dmean2": 0.725086152554, "dvar": 0.373970687389, "dvar2": 0.823245704174, "max": 9.85729217529, "mean": 1.33414387703, "median": 1.13245761395, "min": -1.4782037735, "var": 1.17491853237}, "erbbands_spread": {"dmean": 3.66346430779, "dmean2": 5.59365177155, "dvar": 21.4356880188, "dvar2": 54.3659629822, "max": 144.472106934, "mean": 16.6570205688, "median": 15.4734687805, "min": 1.653444767, "var": 88.6850814819}, "hfc": {"dmean": 3.08496260643, "dmean2": 4.60786390305, "dvar": 44.3859519958, "dvar2": 96.7211227417, "max": 128.603042603, "mean": 7.69090270996, "median": 3.86435365677, "min": 1.14207066935e-16, "var": 102.391021729}, "melbands_crest": {"dmean": 2.64928269386, "dmean2": 4.06334018707, "dvar": 7.92266941071, "dvar2": 17.9658470154, "max": 32.2319755554, "mean": 16.9270744324, "median": 16.416179657, "min": 2.00133800507, "var": 29.0470218658}, "melbands_flatness_db": {"dmean": 0.0226292274892, "dmean2": 0.0337781459093, "dvar": 0.000775290303864, "dvar2": 0.00173112691846, "max": 0.627371907234, "mean": 0.38894161582, "median": 0.38448548317, "min": 0.00585599942133, "var": 0.00455374130979}, "melbands_kurtosis": {"dmean": 8.32326412201, "dmean2": 14.010602951, "dvar": 423.213653564, "dvar2": 1140.83166504, "max": 359.783935547, "mean": 12.9704275131, "median": 7.34974002838, "min": -1.15836334229, "var": 420.572692871}, "melbands_skewness": {"dmean": 0.61338865757, "dmean2": 0.965720355511, "dvar": 0.727613389492, "dvar2": 1.79838764668, "max": 11.5052757263, "mean": 2.01486420631, "median": 1.79909348488, "min": -0.6862154603, "var": 1.69726479053}, "melbands_spread": {"dmean": 1.41911423206, "dmean2": 2.09465813637, "dvar": 7.58029937744, "dvar2": 14.391998291, "max": 161.004898071, "mean": 6.31472921371, "median": 5.52854061127, "min": 0.780460596085, "var": 39.9458389282}, "pitch_salience": {"dmean": 0.0597608871758, "dmean2": 0.0912521630526, "dvar": 0.00422137184069, "dvar2": 0.0101902540773, "max": 0.812712788582, "mean": 0.516319990158, "median": 0.525111138821, "min": 0.150450497866, "var": 0.0148133421317}, "silence_rate_20dB": {"dmean": 0.00591278634965, "dmean2": 0.0118284868076, "dvar": 0.00587772205472, "dvar2": 0.0136603862047, "max": 1, "mean": 0.995073914528, "median": 1, "min": 0, "var": 0.00490189623088}, "silence_rate_30dB": {"dmean": 0.0492732189596, "dmean2": 0.0985707268119, "dvar": 0.0468441396952, "dvar2": 0.108071759343, "max": 1, "mean": 0.933251202106, "median": 1, "min": 0, "var": 0.0622934438288}, "silence_rate_60dB": {"dmean": 0.0261148065329, "dmean2": 0.0522424839437, "dvar": 0.0254317522049, "dvar2": 0.0544431470335, "max": 1, "mean": 0.0844827592373, "median": 0, "min": 0, "var": 0.0773476138711}, "spectral_centroid": {"dmean": 44.2822570801, "dmean2": 66.5383682251, "dvar": 21063.25, "dvar2": 28842.9335938, "max": 11479.5791016, "mean": 418.901733398, "median": 400.971862793, "min": 160.232971191, "var": 59168.8359375}, "spectral_complexity": {"dmean": 1.10372006893, "dmean2": 1.83489406109, "dvar": 1.04048204422, "dvar2": 2.45184135437, "max": 17, "mean": 8.381772995, "median": 8, "min": 0, "var": 7.51339912415}, "spectral_decrease": {"dmean": 4.29032720461e-09, "dmean2": 6.77669254046e-09, "dvar": 1.27603713559e-16, "dvar2": 3.18265615439e-16, "max": 8.26609394709e-16, "mean": -8.19144041486e-09, "median": -3.42950734478e-09, "min": -1.57597199291e-07, "var": 1.86272987429e-16}, "spectral_energy": {"dmean": 0.0164637342095, "dmean2": 0.0259748976678, "dvar": 0.00186359731015, "dvar2": 0.00464348355308, "max": 0.602137029171, "mean": 0.0316138938069, "median": 0.0133619271219, "min": 1.06624558388e-20, "var": 0.00273239403032}, "spectral_energyband_high": {"dmean": 3.60052690667e-05, "dmean2": 6.48064597044e-05, "dvar": 1.22222525434e-08, "dvar2": 3.33871597036e-08, "max": 0.00189740816131, "mean": 2.50256089203e-05, "median": 2.19960020331e-06, "min": 7.60196673615e-21, "var": 7.98947752401e-09}, "spectral_energyband_low": {"dmean": 0.0125310719013, "dmean2": 0.0210268292576, "dvar": 0.00153471855447, "dvar2": 0.00391436135396, "max": 0.507813215256, "mean": 0.0167456734926, "median": 0.00234201457351, "min": 7.74708740581e-23, "var": 0.00195962819271}, "spectral_energyband_middle_high": {"dmean": 0.000180968403583, "dmean2": 0.000239551256527, "dvar": 3.49296811919e-07, "dvar2": 6.33934064354e-07, "max": 0.0200979486108, "mean": 0.000801641668659, "median": 0.000409280270105, "min": 1.72917765164e-21, "var": 2.19590742745e-06}, "spectral_energyband_middle_low": {"dmean": 0.00538132712245, "dmean2": 0.00783017184585, "dvar": 0.000118061157991, "dvar2": 0.00023707820219, "max": 0.212655574083, "mean": 0.0154121210799, "median": 0.00846454128623, "min": 3.48409721039e-22, "var": 0.000342829531291}, "spectral_entropy": {"dmean": 0.183386832476, "dmean2": 0.276893079281, "dvar": 0.0449255220592, "dvar2": 0.100992068648, "max": 9.80182170868, "mean": 6.05449914932, "median": 6.08865261078, "min": 4.20392370224, "var": 0.228456199169}, "spectral_flux": {"dmean": 0.0346923545003, "dmean2": 0.0549263395369, "dvar": 0.00450166827068, "dvar2": 0.00834978651255, "max": 0.659714221954, "mean": 0.0606090202928, "median": 0.0296782143414, "min": 1.03259165107e-10, "var": 0.00694433506578}, "spectral_kurtosis": {"dmean": 15.5800485611, "dmean2": 25.0742645264, "dvar": 265.302520752, "dvar2": 665.685974121, "max": 255.477600098, "mean": 36.4834213257, "median": 28.2465286255, "min": -1.17710483074, "var": 796.032592773}, "spectral_rms": {"dmean": 0.00104981590994, "dmean2": 0.00155930500478, "dvar": 4.40774647359e-06, "dvar2": 1.02863186839e-05, "max": 0.024237383157, "mean": 0.00453824922442, "median": 0.00361054367386, "min": 3.22527443121e-12, "var": 1.02471367427e-05}, "spectral_rolloff": {"dmean": 87.3311462402, "dmean2": 153.427032471, "dvar": 326059, "dvar2": 853415.3125, "max": 19659.8144531, "mean": 539.072692871, "median": 387.59765625, "min": 86.1328125, "var": 1886984.375}, "spectral_skewness": {"dmean": 0.978465735912, "dmean2": 1.61878049374, "dvar": 0.763283014297, "dvar2": 2.05484390259, "max": 13.0331745148, "mean": 4.23713779449, "median": 3.87624740601, "min": -0.0564551390707, "var": 2.43755364418}, "spectral_spread": {"dmean": 928998.9375, "dmean2": 1406071.75, "dvar": 2061387300860.0, "dvar2": 4309112324100.0, "max": 40963996, "mean": 2329295.5, "median": 1697062.5, "min": 363579.53125, "var": 4140167593980.0}, "spectral_strongpeak": {"dmean": 0.271217137575, "dmean2": 0.424835801125, "dvar": 0.209490120411, "dvar2": 0.448030501604, "max": 7.54560995102, "mean": 0.897581934929, "median": 0.611656725407, "min": 0, "var": 0.78495413065}, "zerocrossingrate": {"dmean": 0.00325472722761, "dmean2": 0.00414617918432, "dvar": 8.61422886373e-05, "dvar2": 0.000103248436062, "max": 0.7294921875, "mean": 0.0222841463983, "median": 0.0185546875, "min": 0.0029296875, "var": 0.00138289958704}, "barkbands": {"dmean": [8.11090285424e-05, 0.00706203840673, 0.00552078476176, 0.00140409346204, 0.0010272518266, 0.002768460894, 0.00121250830125, 0.000255366991041, 0.000183764175745, 0.000175253153429, 2.78519983112e-05, 2.31481790252e-05, 2.68248841166e-05, 2.14065585169e-05, 2.51694618782e-05, 1.26003251353e-05, 5.56353143111e-06, 5.86397709412e-06, 1.65293795362e-06, 2.16772468775e-06, 2.48735159403e-06, 2.08661026591e-06, 4.44942998001e-06, 4.26289352617e-06, 1.02578878796e-05, 1.04589726106e-05, 2.02861565413e-06], "dmean2": [0.000125796243083, 0.0114710005, 0.00987498089671, 0.00259051192552, 0.00158779416233, 0.0039290972054, 0.00169591722079, 0.00037293008063, 0.000244173657848, 0.000224648480071, 3.56468735845e-05, 3.04432287521e-05, 3.55298034265e-05, 3.28892565449e-05, 3.60407757398e-05, 2.06413678825e-05, 8.98374128155e-06, 9.63624006545e-06, 2.83172812487e-06, 3.49249830833e-06, 4.29141437053e-06, 3.76620346287e-06, 8.10360234027e-06, 7.65665936342e-06, 1.88317244465e-05, 1.90665759874e-05, 3.59120622306e-06], "dvar": [3.24698348209e-08, 0.000485321856104, 0.000340038764989, 2.54345250141e-05, 6.44684223516e-06, 3.16697842209e-05, 4.03114936489e-05, 9.41340658756e-07, 1.4716245289e-07, 3.10286992544e-07, 1.75640779698e-09, 4.30709024002e-09, 5.19711607083e-09, 1.16230136626e-09, 4.30380797667e-09, 6.38873287606e-10, 9.91335485923e-11, 1.91137924932e-10, 1.16166867792e-11, 7.4199715816e-11, 7.71632618912e-11, 4.52618567626e-11, 2.22688159579e-10, 1.78007220075e-10, 1.07899744695e-09, 9.45980627165e-10, 4.46218444139e-11], "dvar2": [7.88637208871e-08, 0.00118042388931, 0.000909210240934, 7.38623493817e-05, 1.48457438627e-05, 5.9643327404e-05, 6.67832573527e-05, 2.00840509024e-06, 2.7236106348e-07, 5.37844584869e-07, 3.04935365847e-09, 8.819917241e-09, 1.06941442368e-08, 2.59116017531e-09, 8.62933458023e-09, 1.60983726349e-09, 2.49360088134e-10, 5.02771102528e-10, 3.21466499253e-11, 1.6737046471e-10, 2.01970870584e-10, 1.24797047696e-10, 6.17696171989e-10, 4.8671716657e-10, 2.98827607104e-09, 2.60074539682e-09, 1.16745474399e-10], "max": [0.00286564300768, 0.361790597439, 0.213888689876, 0.0763592720032, 0.0677274018526, 0.0791019648314, 0.20276209712, 0.0312466137111, 0.00962294731289, 0.0178334154189, 0.000955153605901, 0.00167302030604, 0.00203289440833, 0.000931897666305, 0.00176746374927, 0.000469241116662, 0.000136938833748, 0.000268343050266, 4.82723771711e-05, 0.000243814283749, 0.000219513385673, 0.000120464021165, 0.000243028072873, 0.000223652925342, 0.000544829003047, 0.000468548212666, 0.00012075574341], "mean": [9.69767424976e-05, 0.0102132800967, 0.00512827700004, 0.00184421916492, 0.00392523407936, 0.00543019035831, 0.00318784127012, 0.000483551848447, 0.000363067694707, 0.000536478008144, 7.67237361288e-05, 6.10287570453e-05, 8.690640243e-05, 4.58236900158e-05, 5.80926534894e-05, 2.44490274781e-05, 1.10979290184e-05, 1.03577540358e-05, 2.70218174592e-06, 3.46018873643e-06, 2.66126653514e-06, 1.53103587763e-06, 2.93166499432e-06, 2.80406811726e-06, 6.32827504887e-06, 6.5451536102e-06, 1.42597923514e-06], "median": [1.16167357191e-05, 0.000967163243331, 0.000851896416862, 0.000267438881565, 0.00160854659043, 0.0017798608169, 0.000409176456742, 0.000152552645886, 0.000191387458472, 0.00021713602473, 2.97281258099e-05, 3.27464294969e-05, 2.46391919063e-05, 2.37777949224e-05, 1.8249889763e-05, 1.03694892459e-05, 5.00572787132e-06, 4.41262363893e-06, 1.27574730868e-06, 1.03639285953e-06, 5.81766073537e-07, 1.46018862779e-07, 1.34484992032e-07, 6.97937139194e-08, 7.75863355784e-08, 3.86124128227e-08, 3.43865238506e-08], "min": [3.65285260715e-23, 5.63396948553e-23, 7.99809426838e-24, 7.54168380331e-24, 6.94856453223e-23, 3.05546402085e-23, 5.12051633063e-23, 4.84357882124e-23, 1.35858634839e-22, 2.24336769098e-23, 4.38882007313e-23, 8.87564822513e-23, 1.07892405033e-22, 7.63391678926e-23, 1.93558799212e-22, 2.14405578281e-22, 2.59406874371e-22, 1.15767710735e-22, 4.28019064482e-22, 3.59554318767e-22, 4.96566861473e-22, 5.98041333995e-22, 5.27958931175e-22, 9.2637372458e-22, 1.08355217735e-21, 1.70933400072e-21, 2.21911515326e-21], "var": [4.4845414493e-08, 0.000916093995329, 0.000284650159301, 1.96842429432e-05, 4.32066117355e-05, 9.49068562477e-05, 0.000132603410748, 2.03534887078e-06, 3.17640086678e-07, 1.69806241956e-06, 1.53104924294e-08, 1.44801761692e-08, 3.73025841327e-08, 4.3818855211e-09, 1.42983003215e-08, 1.64288760374e-09, 2.24048779529e-10, 2.73669448214e-10, 1.82764879619e-11, 1.11700017291e-10, 7.33801908126e-11, 2.94949030477e-11, 1.38854414078e-10, 1.16321410837e-10, 6.65988819648e-10, 5.95636318046e-10, 3.39031788754e-11]}, "erbbands": {"dmean": [0.107060089707, 1.97689962387, 6.66755819321, 5.12242507935, 3.50032401085, 3.2510881424, 7.08259534836, 28.495475769, 26.9304485321, 6.37041902542, 6.19197702408, 3.05500817299, 5.61124038696, 4.46356534958, 1.28428947926, 0.953205943108, 1.22269034386, 1.27834117413, 1.61015939713, 0.457517504692, 0.794295728207, 0.252748757601, 0.307662904263, 0.134023293853, 0.127182155848, 0.0919410660863, 0.091643601656, 0.10323099792, 0.0716709941626, 0.104060083628, 0.120828330517, 0.0595594383776, 0.096064388752, 0.0812603831291, 0.0933874621987, 0.0503517463803, 0.0188246592879, 0.00298014166765, 0.000415531016188, 3.387749166e-05], "dmean2": [0.156150698662, 3.30698299408, 11.9206914902, 9.27799129486, 6.18175601959, 5.00185537338, 10.14702034, 38.4766998291, 38.6756210327, 8.80821323395, 9.05394935608, 4.17409896851, 7.26022815704, 5.54396390915, 1.6045217514, 1.28850948811, 1.5922781229, 1.92395043373, 2.32678699493, 0.703665494919, 1.30291414261, 0.399201244116, 0.502242267132, 0.22067463398, 0.216709688306, 0.145879089832, 0.152165919542, 0.187098175287, 0.128777340055, 0.188297346234, 0.22003172338, 0.10485239327, 0.175304785371, 0.146737784147, 0.173189744353, 0.0919391065836, 0.0343797691166, 0.00531480601057, 0.000742258096579, 5.6111253798e-05], "dvar": [0.096159286797, 40.1609382629, 512.543762207, 312.04901123, 128.51940918, 62.4062690735, 388.562652588, 3715.05664062, 10794.8154297, 864.365356445, 596.975524902, 39.7678070068, 134.642776489, 329.29888916, 4.4830622673, 7.98074388504, 11.9823703766, 4.83709478378, 16.4576892853, 0.427937209606, 2.9786233902, 0.204790771008, 0.474131733179, 0.0717928409576, 0.0811298042536, 0.140887871385, 0.154143601656, 0.118156202137, 0.053890157491, 0.112900428474, 0.169366359711, 0.0362406261265, 0.0905482620001, 0.0649157837033, 0.0913253724575, 0.0229791626334, 0.00309485895559, 7.35069043003e-05, 1.65118990481e-06, 8.03155408846e-09], "dvar2": [0.202798813581, 100.684364319, 1361.24401855, 881.837219238, 370.53137207, 150.811737061, 752.297851562, 6285.35302734, 18798.8984375, 1397.28674316, 1282.32922363, 76.8138504028, 262.405914307, 497.262084961, 7.43961191177, 17.1796951294, 24.4940452576, 9.95853233337, 33.1626434326, 0.943509936333, 7.46272754669, 0.514701962471, 1.2205272913, 0.188369169831, 0.213688105345, 0.314634680748, 0.383581668139, 0.329889893532, 0.148270770907, 0.310317397118, 0.470739156008, 0.096554659307, 0.249967366457, 0.176566213369, 0.255380243063, 0.0635222420096, 0.00851710978895, 0.000192682142369, 4.36458367403e-06, 2.05442169943e-08], "max": [7.14809131622, 91.4247207642, 293.713409424, 252.377441406, 190.380691528, 216.287628174, 469.636535645, 909.303588867, 3079.51342773, 928.27545166, 863.36340332, 125.7654953, 249.826263428, 650.959838867, 45.0908584595, 83.4898757935, 102.781692505, 60.72082901, 110.551422119, 15.65442276, 32.535068512, 7.95962762833, 17.5362186432, 5.19138336182, 5.13863134384, 10.0401515961, 10.4112710953, 6.34711265564, 4.21161651611, 5.69844341278, 6.76131486893, 3.10751247406, 4.9683842659, 4.16245079041, 5.07910013199, 2.34563088417, 0.840114891529, 0.146205112338, 0.0205784011632, 0.0013296053512], "mean": [0.194037541747, 2.64413881302, 6.36793422699, 6.60870885849, 8.13406658173, 14.3968353271, 16.2501564026, 54.8295631409, 66.3284988403, 16.1944522858, 12.6195802689, 6.85111522675, 15.2487726212, 13.2924728394, 4.15042734146, 3.01743769646, 4.21012210846, 2.95168638229, 3.56671476364, 1.3329269886, 1.45657742023, 0.591847360134, 0.597696125507, 0.256895422935, 0.203014343977, 0.155078783631, 0.122411474586, 0.0802609249949, 0.0523583814502, 0.0760268867016, 0.0780410245061, 0.0423613674939, 0.060447473079, 0.0525153502822, 0.0560713410378, 0.0310786738992, 0.0118418894708, 0.00201154197566, 0.0002879537642, 4.72127976536e-05], "median": [0.0194901209325, 0.228733852506, 0.852436184883, 1.10698843002, 3.09234714508, 4.38317346573, 6.93625831604, 16.6039619446, 12.6546459198, 3.82593774796, 4.54938316345, 3.94190788269, 7.3166513443, 4.50736999512, 1.79998159409, 1.6614228487, 1.35751676559, 1.50448846817, 1.33182144165, 0.776682376862, 0.585883259773, 0.309561401606, 0.309493482113, 0.115801200271, 0.067924246192, 0.0624564513564, 0.031478960067, 0.0131075037643, 0.00667245313525, 0.00532201956958, 0.0032807297539, 0.00207467214204, 0.000993604306132, 0.000944050610997, 0.000438785587903, 0.000190468854271, 7.80760601629e-05, 2.11365586438e-05, 1.47871633089e-05, 1.63239164976e-05], "min": [1.57506053454e-21, 1.25818670579e-20, 1.57784572598e-20, 1.41252511794e-20, 9.86165437144e-20, 2.75782998502e-19, 2.66974636502e-19, 2.7112230104e-19, 2.69024338362e-19, 1.18459801401e-18, 2.16004382372e-18, 2.83798988683e-18, 7.81230677827e-19, 1.28723272326e-18, 2.75180593881e-18, 2.9164837435e-18, 4.91996688589e-18, 3.91790871131e-18, 9.13941684488e-18, 9.31074414772e-18, 1.32859276718e-17, 1.36101816448e-17, 7.34653347286e-18, 1.73310005131e-17, 2.14318112655e-17, 1.62935969109e-17, 2.21052587069e-17, 1.82583990199e-17, 1.86193541695e-17, 1.81468520599e-17, 1.47126446565e-17, 1.64321810964e-17, 1.72595767759e-17, 9.749088661e-18, 8.65004190525e-18, 6.17379154197e-18, 3.20920869341e-18, 1.25171627609e-18, 3.07884792401e-19, 3.40534586993e-20], "var": [0.278080075979, 65.5810241699, 448.696868896, 241.897109985, 163.297592163, 588.877075195, 1015.65484619, 11091.5195312, 35211.609375, 2751.49658203, 1371.20324707, 88.3173675537, 658.950012207, 1874.17431641, 40.0538024902, 28.3505039215, 88.3590240479, 20.9840145111, 50.2864685059, 2.76850128174, 6.95170116425, 0.577455818653, 0.722740292549, 0.13708627224, 0.133948564529, 0.20552174747, 0.190664768219, 0.0747277513146, 0.0348847433925, 0.07456420362, 0.104833349586, 0.0257138758898, 0.0568658709526, 0.042088277638, 0.0548112504184, 0.0142557006329, 0.00194995629136, 5.45490474906e-05, 1.18547768579e-06, 8.36701552487e-09]}, "gfcc": {"mean": [-137.561523438, 182.659973145, -87.8936080933, -9.64676475525, -34.9251594543, -9.99659442902, -33.081615448, -2.67164421082, -15.6767511368, -3.52679872513, -8.15918445587, -3.04706335068, -3.01031160355], "cov": [[11857.7822266, 61.6468315125, 497.804260254, 645.848327637, -358.323760986, 947.589233398, 121.944259644, 629.848754883, -1.20959317684, 450.823547363, -342.977020264, 85.3230743408, -107.673095703], [61.6468315125, 2000.57519531, -941.44140625, -256.405456543, 420.497192383, -357.832580566, 167.107894897, -174.357620239, 74.238494873, -286.863769531, 137.692932129, -256.300476074, 104.968826294], [497.804260254, -941.44140625, 1307.92004395, 136.067016602, -234.85697937, 321.043548584, -123.333755493, 101.29624939, -39.1023445129, 225.471054077, -94.5904312134, 182.562301636, -15.518702507], [645.848327637, -256.405456543, 136.067016602, 417.43862915, 9.69679832458, 140.989105225, 97.209236145, 66.9016189575, 2.61582946777, 59.0190849304, -32.8423614502, 16.8382511139, 19.7733192444], [-358.323760986, 420.497192383, -234.85697937, 9.69679832458, 306.293395996, -24.1617603302, 72.8743667603, -54.7696876526, 26.703546524, -81.0749435425, 47.4619064331, -67.0961761475, -1.13250744343], [947.589233398, -357.832580566, 321.043548584, 140.989105225, -24.1617603302, 292.178009033, 6.98852396011, 91.4705047607, -7.20273399353, 100.649581909, -57.3566513062, 59.5102081299, -27.9447116852], [121.944259644, 167.107894897, -123.333755493, 97.209236145, 72.8743667603, 6.98852396011, 178.772125244, 34.7742118835, 44.0007400513, 4.77193164825, 32.6156082153, -19.0541210175, 14.1800174713], [629.848754883, -174.357620239, 101.29624939, 66.9016189575, -54.7696876526, 91.4705047607, 34.7742118835, 158.37828064, 23.8134479523, 71.3354797363, -18.7581195831, 40.0469551086, -13.7263355255], [-1.20959317684, 74.238494873, -39.1023445129, 2.61582946777, 26.703546524, -7.20273399353, 44.0007400513, 23.8134479523, 89.2904663086, 31.0569648743, 44.3056106567, -5.81193304062, 7.1386590004], [450.823547363, -286.863769531, 225.471054077, 59.0190849304, -81.0749435425, 100.649581909, 4.77193164825, 71.3354797363, 31.0569648743, 136.890289307, 9.82597160339, 59.3995628357, -10.4384536743], [-342.977020264, 137.692932129, -94.5904312134, -32.8423614502, 47.4619064331, -57.3566513062, 32.6156082153, -18.7581195831, 44.3056106567, 9.82597160339, 111.665435791, 1.37835240364, 21.5172195435], [85.3230743408, -256.300476074, 182.562301636, 16.8382511139, -67.0961761475, 59.5102081299, -19.0541210175, 40.0469551086, -5.81193304062, 59.3995628357, 1.37835240364, 104.147926331, 18.151473999], [-107.673095703, 104.968826294, -15.518702507, 19.7733192444, -1.13250744343, -27.9447116852, 14.1800174713, -13.7263355255, 7.1386590004, -10.4384536743, 21.5172195435, 18.151473999, 102.421516418]], "icov": [[0.000255585007835, -0.00053313979879, 0.000154986744747, -0.000367589120287, 0.0005415371852, -0.000780295522418, 0.000327233807184, -0.000444214820163, 0.000229502329603, -0.000884700508323, 0.000573794357479, -0.000271504191915, 0.000419202697231], [-0.00053313979879, 0.00270521617495, -0.000126961283968, 0.00171074981336, -0.00219127279706, 0.0018831002526, -0.00157874904107, 0.000684316619299, -0.00071939220652, 0.00271600834094, -0.00156392331701, 0.00290994835086, -0.00274285045452], [0.000154986744747, -0.000126961283968, 0.00169113860466, -0.000244746537646, 0.000445864599897, -0.00134286389221, 0.000819835171569, 0.000286679161945, 0.000278629449895, -0.00205955049023, 0.0010246100137, -0.00107698934153, -9.37107033678e-05], [-0.000367589120287, 0.00171074981336, -0.000244746537646, 0.00471565499902, -0.00163496367168, 9.74956346909e-05, -0.00308330496773, 0.000284287292743, 0.000496947555803, 0.000617148471065, -6.47786655463e-05, 0.00260052341036, -0.00303271901794], [0.0005415371852, -0.00219127279706, 0.000445864599897, -0.00163496367168, 0.00768478447571, -0.00412713037804, -9.99006515485e-05, 0.00053030916024, -0.000882293446921, 0.00178717973176, -0.00136523460969, -0.000825737253763, 0.00291889673099], [-0.000780295522418, 0.0018831002526, -0.00134286389221, 9.74956346909e-05, -0.00412713037804, 0.010174558498, -0.00111811212264, -0.000418178271502, 0.000203353381949, -0.00109937961679, 0.00153514603153, -0.000189386963029, -0.000558544823434], [0.000327233807184, -0.00157874904107, 0.000819835171569, -0.00308330496773, -9.99006515485e-05, -0.00111811212264, 0.0100857010111, -0.00252563995309, -0.00191998411901, -0.00173207162879, -0.000400760269258, -0.000963579921518, 0.000852766213939], [-0.000444214820163, 0.000684316619299, 0.000286679161945, 0.000284287292743, 0.00053030916024, -0.000418178271502, -0.00252563995309, 0.0113596851006, -0.00294272135943, -0.00127313972916, 0.00148565333802, -0.00234059826471, 0.000762110517826], [0.000229502329603, -0.00071939220652, 0.000278629449895, 0.000496947555803, -0.000882293446921, 0.000203353381949, -0.00191998411901, -0.00294272135943, 0.0188107658178, -0.00735514285043, -0.00416411599144, 0.00302153476514, -0.00087936950149], [-0.000884700508323, 0.00271600834094, -0.00205955049023, 0.000617148471065, 0.00178717973176, -0.00109937961679, -0.00173207162879, -0.00127313972916, -0.00735514285043, 0.0246010180563, -0.00800933782011, -0.00157302420121, 0.000625473679975], [0.000573794357479, -0.00156392331701, 0.0010246100137, -6.47786655463e-05, -0.00136523460969, 0.00153514603153, -0.000400760269258, 0.00148565333802, -0.00416411599144, -0.00800933782011, 0.0177278704941, -0.00432591885328, -0.000451626081485], [-0.000271504191915, 0.00290994835086, -0.00107698934153, 0.00260052341036, -0.000825737253763, -0.000189386963029, -0.000963579921518, -0.00234059826471, 0.00302153476514, -0.00157302420121, -0.00432591885328, 0.0211631450802, -0.00738676823676], [0.000419202697231, -0.00274285045452, -9.37107033678e-05, -0.00303271901794, 0.00291889673099, -0.000558544823434, 0.000852766213939, 0.000762110517826, -0.00087936950149, 0.000625473679975, -0.000451626081485, -0.00738676823676, 0.0149796092883]]}, "melbands": {"dmean": [0.00146206200588, 0.00323857623152, 0.000871010997798, 0.000227050695685, 0.000213086503209, 0.000602499058004, 0.000394515082007, 5.73044526391e-05, 4.59882103314e-05, 2.28357657761e-05, 2.87109469355e-05, 1.9912582502e-05, 4.27632494393e-06, 2.62806861429e-06, 2.69385509455e-06, 2.52316499427e-06, 2.36390883401e-06, 2.60913247985e-06, 1.11553106308e-06, 6.86773319103e-07, 9.52585935465e-07, 2.74608083828e-07, 2.47249715812e-07, 4.05183811836e-07, 7.25218640696e-08, 7.90688545749e-08, 1.11078186649e-07, 5.25814876084e-08, 5.63677495791e-08, 5.60488579993e-08, 6.30383851785e-08, 4.19798098505e-08, 3.58336826878e-08, 7.16367480891e-08, 8.29374897648e-08, 4.07087199505e-08, 3.20077511162e-08, 6.01317111659e-08, 7.93240317876e-08, 6.32781578247e-08], "dmean2": [0.00228118896484, 0.00566621078178, 0.00157505180687, 0.000367997708963, 0.000307075155433, 0.000832418038044, 0.000562926463317, 8.13944425317e-05, 6.82850368321e-05, 3.03173255816e-05, 3.73682487407e-05, 2.49544591497e-05, 5.42609404874e-06, 3.54119356416e-06, 3.5030482195e-06, 3.49532206201e-06, 3.57025237463e-06, 3.82781900043e-06, 1.59892272222e-06, 1.12493626148e-06, 1.56762712322e-06, 4.41744731461e-07, 3.90855689147e-07, 6.71722318657e-07, 1.18292213358e-07, 1.35618506647e-07, 1.829415055e-07, 8.31010353863e-08, 9.42003097748e-08, 9.81901280284e-08, 1.14383936989e-07, 7.62857297332e-08, 6.36737524928e-08, 1.30503750029e-07, 1.5262290276e-07, 7.14660188805e-08, 5.62650690483e-08, 1.10135381703e-07, 1.44896787901e-07, 1.13051477513e-07], "dvar": [1.9289625925e-05, 0.00011552565411, 8.96224628377e-06, 3.3534576005e-07, 3.83495034839e-07, 1.6400763343e-06, 2.39604014496e-06, 5.70938851752e-08, 3.24274971319e-08, 2.21132268052e-09, 3.54776297229e-09, 6.71589139856e-09, 3.96597026053e-11, 6.51231360504e-11, 4.25200326337e-11, 3.36333495776e-11, 1.4934194506e-11, 3.72823751038e-11, 6.09264114854e-12, 1.010130239e-12, 4.27443323792e-12, 2.84121413462e-13, 2.57874342539e-13, 1.07543032639e-12, 1.79684487233e-14, 4.05389663624e-14, 1.84605802866e-13, 4.31691493533e-14, 4.28330195748e-14, 5.30402443158e-14, 4.07376023648e-14, 1.92480207391e-14, 1.23864609433e-14, 5.56292615054e-14, 8.31232733469e-14, 1.82524368476e-14, 1.00102463821e-14, 3.54360807462e-14, 6.37003403042e-14, 3.83706907664e-14], "dvar2": [4.40699077444e-05, 0.000303547567455, 2.53146026807e-05, 9.3551284408e-07, 6.95601329426e-07, 2.91760375148e-06, 4.10763004766e-06, 9.72185176806e-08, 7.04932219264e-08, 3.99130950512e-09, 7.02074220982e-09, 1.0432873232e-08, 6.8642772022e-11, 1.36004013607e-10, 9.08064595739e-11, 6.70208125109e-11, 3.14805230495e-11, 7.62367183271e-11, 1.20314903873e-11, 2.58802029286e-12, 1.07109078551e-11, 7.47755102195e-13, 6.1967385433e-13, 2.86658609176e-12, 4.5074956544e-14, 1.13499575678e-13, 4.21108569022e-13, 9.50715336534e-14, 1.06628810328e-13, 1.40396659684e-13, 1.14281454851e-13, 5.33881275235e-14, 3.36653278768e-14, 1.53878374886e-13, 2.32689627115e-13, 4.82954571246e-14, 2.65611490457e-14, 9.77185793762e-14, 1.76497054818e-13, 1.02930217247e-13], "max": [0.0887230336666, 0.141768455505, 0.0393316522241, 0.0123721696436, 0.0168894194067, 0.0184255857021, 0.0463787987828, 0.00684732012451, 0.00645034201443, 0.00115199736319, 0.001228832989, 0.00290511874482, 0.00014524240396, 0.000200557333301, 0.000178662012331, 0.000138609844726, 0.000101766185253, 0.000166771176737, 6.7934342951e-05, 1.3996306734e-05, 3.8328624214e-05, 9.01411840459e-06, 8.91346735443e-06, 1.9270741177e-05, 2.40783811023e-06, 2.94521100841e-06, 1.24053012769e-05, 5.15005012858e-06, 5.38433823749e-06, 5.6021481214e-06, 3.36246444022e-06, 2.52838549386e-06, 1.92833726942e-06, 4.0339023144e-06, 4.76660625282e-06, 2.24858308684e-06, 1.56687099206e-06, 3.06398601424e-06, 4.18653780798e-06, 3.17148487738e-06], "mean": [0.00238656997681, 0.00352546176873, 0.00110774952918, 0.000911909679417, 0.000540006149095, 0.00117013265844, 0.000980153330602, 0.00013463832147, 9.19190933928e-05, 4.80370363221e-05, 7.77960376581e-05, 5.68849172851e-05, 1.24730959215e-05, 7.7642589531e-06, 8.90698629519e-06, 7.71385384724e-06, 5.10443896928e-06, 5.44284330317e-06, 2.86115323433e-06, 1.55410134539e-06, 1.59636567787e-06, 5.54526252472e-07, 5.14366206517e-07, 6.1293883391e-07, 1.44418876857e-07, 1.20186172126e-07, 1.74507221118e-07, 8.06371787121e-08, 7.84445077784e-08, 5.00723160712e-08, 4.77495873952e-08, 2.85292980351e-08, 2.89350321481e-08, 5.00856849328e-08, 5.16486089452e-08, 2.95979436515e-08, 2.25203677928e-08, 3.77165640941e-08, 4.95663172728e-08, 4.18264711755e-08], "median": [0.000242497320869, 0.000417288480094, 0.000309881463181, 0.000319560233038, 0.000260874570813, 0.000349628156982, 0.000182332412805, 3.33688876708e-05, 3.41915656463e-05, 2.60633532889e-05, 3.74437040591e-05, 1.69383110915e-05, 5.44844670003e-06, 3.54434700967e-06, 3.91411322198e-06, 2.5986178116e-06, 2.54093674812e-06, 2.11159067476e-06, 1.08462791104e-06, 8.9193781605e-07, 5.80280584472e-07, 2.73740511147e-07, 2.68106418844e-07, 1.91292059526e-07, 5.92361573126e-08, 4.76682444628e-08, 3.89712226934e-08, 2.47165665712e-08, 1.62678510662e-08, 6.45003606081e-09, 6.06502759126e-09, 2.37507569167e-09, 3.71813424493e-09, 2.74370037801e-09, 1.46108614096e-09, 1.51444812246e-09, 1.06254860466e-09, 5.42325739872e-10, 5.91338200628e-10, 7.39530769955e-10], "min": [1.64232620536e-23, 1.17058201979e-23, 4.11036842412e-24, 1.41896371104e-23, 1.03998262594e-23, 5.85488067348e-24, 5.97090120782e-24, 1.09134315067e-23, 2.32943730667e-23, 1.58079079491e-23, 3.23200809376e-24, 4.85241595665e-24, 7.67936685254e-24, 1.04446485472e-23, 6.65018499457e-24, 1.23702469728e-23, 5.99832832378e-24, 1.31953347373e-23, 1.54934932358e-23, 1.24564513259e-23, 1.66243931855e-23, 1.6420736121e-23, 6.7218230311e-24, 5.98822538216e-24, 1.52042652735e-23, 1.49970946226e-23, 1.39017549448e-23, 1.02338680687e-23, 1.23063208405e-23, 1.36975598772e-23, 1.03579259124e-23, 1.10426279903e-23, 1.03942324467e-23, 9.5933997884e-24, 7.37774746315e-24, 1.04679294102e-23, 1.00501991619e-23, 1.29263876001e-23, 8.5672029801e-24, 8.1189572254e-24], "var": [4.71892271889e-05, 0.000116390277981, 6.57658620185e-06, 2.36668506659e-06, 1.15024852221e-06, 5.0229059525e-06, 7.91639286035e-06, 1.67475789681e-07, 7.35605425461e-08, 4.94478902269e-09, 1.67969673726e-08, 3.74843089901e-08, 3.51030871037e-10, 2.27521668172e-10, 2.76684092304e-10, 2.2179771908e-10, 6.16614745375e-11, 1.08367460838e-10, 2.68276598853e-11, 3.5277323597e-12, 9.39223178398e-12, 5.74784577573e-13, 5.74167178646e-13, 1.32322635921e-12, 4.55492611131e-14, 6.04189888767e-14, 2.86442527683e-13, 6.42428954001e-14, 5.7230933046e-14, 4.69814074797e-14, 2.53729464739e-14, 1.2076046238e-14, 8.69547082992e-15, 3.61045117143e-14, 5.02263161617e-14, 1.37290022355e-14, 7.02708231569e-15, 2.22182129194e-14, 3.96105267727e-14, 2.57185426926e-14]}, "mfcc": {"mean": [-789.234985352, 220.146942139, 11.3821620941, 8.13304805756, 12.8260955811, -4.04655265808, -5.07910728455, -3.36371684074, -2.27964162827, -1.26375901699, -3.22426891327, -3.94192814827, -1.17490899563], "cov": [[5031.04394531, 806.825073242, 487.421691895, 263.366699219, 91.9228210449, 250.262786865, 162.988891602, 109.208396912, 228.105041504, 232.201278687, 187.96522522, 64.9234848022, 106.162162781], [806.825073242, 1746.99902344, -406.651153564, -6.21969270706, 124.789894104, -102.679763794, 16.5709342957, 2.03242826462, -41.1329307556, 15.6984395981, -43.916934967, -23.1455841064, -47.8998451233], [487.421691895, -406.651153564, 943.190856934, 9.92838287354, -1.81684458256, 134.947860718, -32.7183494568, -9.89672279358, 71.7104568481, -17.0643520355, 48.935256958, 36.5175170898, -33.3131942749], [263.366699219, -6.21969270706, 9.92838287354, 273.144226074, 10.2982654572, 60.1991004944, 91.818397522, 34.2684860229, 54.6753959656, 68.0256118774, 15.2661037445, 16.6609573364, 23.7691345215], [91.9228210449, 124.789894104, -1.81684458256, 10.2982654572, 154.819244385, 59.073348999, 22.8970031738, 19.9718132019, -4.14528226852, 1.15612471104, 15.9422740936, -7.57126045227, -20.9986991882], [250.262786865, -102.679763794, 134.947860718, 60.1991004944, 59.073348999, 173.124710083, 67.0860061646, 27.2016239166, 34.0267982483, 29.3976039886, 25.3438854218, 11.344171524, 2.82538175583], [162.988891602, 16.5709342957, -32.7183494568, 91.818397522, 22.8970031738, 67.0860061646, 117.025444031, 49.7166671753, 28.4731712341, 48.2323989868, 16.157661438, 12.1661949158, 15.5848140717], [109.208396912, 2.03242826462, -9.89672279358, 34.2684860229, 19.9718132019, 27.2016239166, 49.7166671753, 78.2065582275, 38.4789657593, 17.8870449066, 14.0148916245, 8.28515720367, 11.864528656], [228.105041504, -41.1329307556, 71.7104568481, 54.6753959656, -4.14528226852, 34.0267982483, 28.4731712341, 38.4789657593, 94.2404708862, 41.9795799255, 14.1337862015, 23.7508792877, 12.097240448], [232.201278687, 15.6984395981, -17.0643520355, 68.0256118774, 1.15612471104, 29.3976039886, 48.2323989868, 17.8870449066, 41.9795799255, 98.2948303223, 36.8336219788, 13.3037834167, 29.8662586212], [187.96522522, -43.916934967, 48.935256958, 15.2661037445, 15.9422740936, 25.3438854218, 16.157661438, 14.0148916245, 14.1337862015, 36.8336219788, 92.2383880615, 35.0054588318, 18.448015213], [64.9234848022, -23.1455841064, 36.5175170898, 16.6609573364, -7.57126045227, 11.344171524, 12.1661949158, 8.28515720367, 23.7508792877, 13.3037834167, 35.0054588318, 105.40675354, 37.2361297607], [106.162162781, -47.8998451233, -33.3131942749, 23.7691345215, -20.9986991882, 2.82538175583, 15.5848140717, 11.864528656, 12.097240448, 29.8662586212, 18.448015213, 37.2361297607, 101.947654724]], "icov": [[0.00032789396937, -0.000255220016697, -0.000199007437914, -7.41023832234e-05, 0.000131834007334, -0.00030843357672, -6.39228755972e-06, 2.5607241696e-05, -0.000483367854031, -0.000150706298882, -0.000514457526151, 0.00030085031176, -0.000390699482523], [-0.000255220016697, 0.000940867292229, 0.0003646214318, 7.66289012972e-05, -0.000915728334803, 0.000867405091412, -0.000202938521397, 5.91740681557e-05, 0.000455623929156, -0.000346120796166, 0.000824788818136, -0.000494976877235, 0.000699467665982], [-0.000199007437914, 0.0003646214318, 0.0017132217763, -6.8881061452e-05, 0.000219626235776, -0.0012457894627, 0.00108392606489, 0.0005018452066, -0.00103695690632, 0.000917244236916, -0.000506576267071, -0.000431348424172, 0.000913645257242], [-7.41023832234e-05, 7.66289012972e-05, -6.8881061452e-05, 0.00557381100953, -0.00017623626627, 0.000141332551721, -0.00389011832885, 0.00124218978453, -0.00175861082971, -0.00149539404083, 0.000717659189831, -2.85635087494e-05, -0.000271637836704], [0.000131834007334, -0.000915728334803, 0.000219626235776, -0.00017623626627, 0.00940738338977, -0.00431010033935, 0.0012812949717, -0.00259992177598, 0.00156832567882, 0.000581745989621, -0.00206165364943, 0.000589899136685, 0.00151024421211], [-0.00030843357672, 0.000867405091412, -0.0012457894627, 0.000141332551721, -0.00431010033935, 0.0115588204935, -0.00661253882572, 0.00206392118707, -0.00138059456367, 0.000290504918667, 0.000177573398105, 0.000101787605672, -0.000139344483614], [-6.39228755972e-06, -0.000202938521397, 0.00108392606489, -0.00389011832885, 0.0012812949717, -0.00661253882572, 0.0214242246002, -0.0109624741599, 0.00473308004439, -0.0064740460366, 0.00182067020796, -0.00193325080909, 0.00133195344824], [2.5607241696e-05, 5.91740681557e-05, 0.0005018452066, 0.00124218978453, -0.00259992177598, 0.00206392118707, -0.0109624741599, 0.0239086486399, -0.0108556225896, 0.00596778048202, -0.00342432409525, 0.00232174992561, -0.0025123488158], [-0.000483367854031, 0.000455623929156, -0.00103695690632, -0.00175861082971, 0.00156832567882, -0.00138059456367, 0.00473308004439, -0.0108556225896, 0.0214279331267, -0.00882043223828, 0.00439657783136, -0.00448048301041, 0.00257195066661], [-0.000150706298882, -0.000346120796166, 0.000917244236916, -0.00149539404083, 0.000581745989621, 0.000290504918667, -0.0064740460366, 0.00596778048202, -0.00882043223828, 0.0211591906846, -0.00767811667174, 0.00350103457458, -0.00399179523811], [-0.000514457526151, 0.000824788818136, -0.000506576267071, 0.000717659189831, -0.00206165364943, 0.000177573398105, 0.00182067020796, -0.00342432409525, 0.00439657783136, -0.00767811667174, 0.0172872561961, -0.00564346089959, 0.000941699137911], [0.00030085031176, -0.000494976877235, -0.000431348424172, -2.85635087494e-05, 0.000589899136685, 0.000101787605672, -0.00193325080909, 0.00232174992561, -0.00448048301041, 0.00350103457458, -0.00564346089959, 0.0136216767132, -0.00498418230563], [-0.000390699482523, 0.000699467665982, 0.000913645257242, -0.000271637836704, 0.00151024421211, -0.000139344483614, 0.00133195344824, -0.0025123488158, 0.00257195066661, -0.00399179523811, 0.000941699137911, -0.00498418230563, 0.0138243203983]]}, "spectral_contrast_coeffs": {"dmean": [0.0406662374735, 0.0463198013604, 0.0290487278253, 0.0214713346213, 0.0233142245561, 0.0203427448869], "dmean2": [0.0678447559476, 0.0735986307263, 0.0449486225843, 0.0348865017295, 0.036484722048, 0.0321097671986], "dvar": [0.0014103561407, 0.00188391539268, 0.000630836002529, 0.000330540467985, 0.000430435553426, 0.000404135702411], "dvar2": [0.00383752817288, 0.00445881066844, 0.00152239832096, 0.000881466199644, 0.000940238474868, 0.000972986454144], "max": [-0.283328205347, -0.376019179821, -0.509182095528, -0.568500518799, -0.66448366642, -0.696727454662], "mean": [-0.589992403984, -0.636852741241, -0.699171543121, -0.757784128189, -0.77430665493, -0.823097884655], "median": [-0.588616251945, -0.644885182381, -0.697845220566, -0.758823871613, -0.769070863724, -0.826731562614], "min": [-0.965496718884, -0.955578565598, -0.962416231632, -0.956856071949, -0.962950110435, -0.961180388927], "var": [0.00751257501543, 0.00752988597378, 0.00375178083777, 0.00272277509794, 0.00179780600592, 0.00163216958754]}, "spectral_contrast_valleys": {"dmean": [0.433858633041, 0.353723943233, 0.257069081068, 0.208631545305, 0.283525377512, 0.687599480152], "dmean2": [0.702948868275, 0.582489013672, 0.418632894754, 0.345023661852, 0.432022333145, 0.855601727962], "dvar": [0.248580247164, 0.169413670897, 