{"lowlevel": {"average_loudness": 0.896624326706, "barkbands_crest": {"dmean": 3.34670209885, "dmean2": 5.17130231857, "dvar": 10.8905010223, "dvar2": 23.0485458374, "max": 25.9758014679, "mean": 12.7871208191, "median": 11.5925645828, "min": 2.48173904419, "var": 34.8814582825}, "barkbands_flatness_db": {"dmean": 0.0354662127793, "dmean2": 0.0500895120203, "dvar": 0.00135306024458, "dvar2": 0.00252000289038, "max": 0.546353876591, "mean": 0.151934206486, "median": 0.136408731341, "min": 0.0214427001774, "var": 0.00575404334813}, "barkbands_kurtosis": {"dmean": 7.67156791687, "dmean2": 11.3308839798, "dvar": 371.11706543, "dvar2": 706.537841797, "max": 577.589660645, "mean": 9.38141345978, "median": 2.12312173843, "min": -1.90339291096, "var": 660.464782715}, "barkbands_skewness": {"dmean": 0.968323230743, "dmean2": 1.39669370651, "dvar": 1.42896282673, "dvar2": 2.9984099865, "max": 19.1845912933, "mean": 1.86596500874, "median": 1.50091099739, "min": -3.82614254951, "var": 4.77391862869}, "barkbands_spread": {"dmean": 11.1776714325, "dmean2": 17.3984718323, "dvar": 192.993011475, "dvar2": 457.550323486, "max": 120.981216431, "mean": 27.3792438507, "median": 23.0088596344, "min": 0.341429680586, "var": 399.612670898}, "dissonance": {"dmean": 0.0221855565906, "dmean2": 0.0368070043623, "dvar": 0.000665029918309, "dvar2": 0.00175802106969, "max": 0.500000059605, "mean": 0.45996978879, "median": 0.471926450729, "min": 0.169260933995, "var": 0.0014115087688}, "dynamic_complexity": 4.71030569077, "erbbands_crest": {"dmean": 2.67885756493, "dmean2": 4.2768445015, "dvar": 8.1271276474, "dvar2": 18.542842865, "max": 31.3672027588, "mean": 8.57320690155, "median": 7.28371715546, "min": 2.44158554077, "var": 19.8947639465}, "erbbands_flatness_db": {"dmean": 0.0269543305039, "dmean2": 0.0378452837467, "dvar": 0.000783273659181, "dvar2": 0.00141836213879, "max": 0.510963916779, "mean": 0.146499723196, "median": 0.134237214923, "min": 0.0326280109584, "var": 0.00491855340078}, "erbbands_kurtosis": {"dmean": 1.23114943504, "dmean2": 1.90869998932, "dvar": 5.20563602448, "dvar2": 10.6796426773, "max": 54.849822998, "mean": 0.481135338545, "median": -0.392986774445, "min": -1.84885954857, "var": 9.49111175537}, "erbbands_skewness": {"dmean": 0.503129601479, "dmean2": 0.757032155991, "dvar": 0.301350653172, "dvar2": 0.644738674164, "max": 6.62117671967, "mean": 0.157461434603, "median": 0.0855781883001, "min": -3.39406108856, "var": 0.993237912655}, "erbbands_spread": {"dmean": 15.031247139, "dmean2": 22.48163414, "dvar": 284.80166626, "dvar2": 600.083557129, "max": 175.226364136, "mean": 52.2492980957, "median": 45.7016487122, "min": 1.43217396736, "var": 959.093322754}, "hfc": {"dmean": 14.7176351547, "dmean2": 23.8092308044, "dvar": 980.758422852, "dvar2": 2506.97631836, "max": 376.726745605, "mean": 17.1511764526, "median": 6.44465923309, "min": 1.16198759031e-16, "var": 943.689147949}, "melbands_crest": {"dmean": 3.39463877678, "dmean2": 5.30853319168, "dvar": 10.9028511047, "dvar2": 24.5308418274, "max": 33.8291320801, "mean": 14.9780712128, "median": 14.5230522156, "min": 2.47818732262, "var": 34.2186050415}, "melbands_flatness_db": {"dmean": 0.0419565364718, "dmean2": 0.0577515475452, "dvar": 0.00185900309589, "dvar2": 0.00340133323334, "max": 0.6555108428, "mean": 0.208795636892, "median": 0.195003122091, "min": 0.00604967493564, "var": 0.0084689417854}, "melbands_kurtosis": {"dmean": 22.3705158234, "dmean2": 33.4756164551, "dvar": 2422.44189453, "dvar2": 5150.828125, "max": 628.270202637, "mean": 34.8027458191, "median": 11.1219348907, "min": -1.88759922981, "var": 4715.80615234}, "melbands_skewness": {"dmean": 1.33890330791, "dmean2": 1.96826732159, "dvar": 3.17498040199, "dvar2": 6.28787708282, "max": 20.203294754, "mean": 3.71474218369, "median": 2.87146115303, "min": -3.11964774132, "var": 11.1257038116}, "melbands_spread": {"dmean": 12.0540447235, "dmean2": 18.4600925446, "dvar": 319.288635254, "dvar2": 747.486938477, "max": 259.089996338, "mean": 28.3867473602, "median": 20.0415744781, "min": 0.347306966782, "var": 886.946655273}, "pitch_salience": {"dmean": 0.0990315750241, "dmean2": 0.155483022332, "dvar": 0.00934046227485, "dvar2": 0.0204325821251, "max": 0.910128176212, "mean": 0.484477698803, "median": 0.485758721828, "min": 0.0869053527713, "var": 0.0271044578403}, "silence_rate_20dB": {"dmean": 0, "dmean2": 0, "dvar": 0, "dvar2": 0, "max": 1, "mean": 1, "median": 1, "min": 1, "var": 0}, "silence_rate_30dB": {"dmean": 0.0373616218567, "dmean2": 0.0747318640351, "dvar": 0.0359643623233, "dvar2": 0.0876075550914, "max": 1, "mean": 0.970944285393, "median": 1, "min": 0, "var": 0.0282097030431}, "silence_rate_60dB": {"dmean": 0.0860239863396, "dmean2": 0.172067806125, "dvar": 0.0786159709096, "dvar2": 0.171763107181, "max": 1, "mean": 0.27925747633, "median": 0, "min": 0, "var": 0.201278433204}, "spectral_centroid": {"dmean": 423.434204102, "dmean2": 634.697631836, "dvar": 220429.703125, "dvar2": 460044.84375, "max": 11484.7666016, "mean": 1640.32763672, "median": 1390.97741699, "min": 179.931610107, "var": 1218366.75}, "spectral_complexity": {"dmean": 4.53574705124, "dmean2": 6.8923997879, "dvar": 46.3102035522, "dvar2": 94.9781417847, "max": 58, "mean": 9.86532878876, "median": 8, "min": 0, "var": 85.3874053955}, "spectral_decrease": {"dmean": 3.92174026587e-09, "dmean2": 6.02898575508e-09, "dvar": 7.15829595133e-17, "dvar2": 1.726073152e-16, "max": -2.84524281161e-29, "mean": -4.88662177389e-09, "median": -1.96036009648e-09, "min": -1.11335332065e-07, "var": 7.48455583725e-17}, "spectral_energy": {"dmean": 0.0158958248794, "dmean2": 0.0244120340794, "dvar": 0.00112288631499, "dvar2": 0.00268482742831, "max": 0.437184244394, "mean": 0.0199988801032, "median": 0.00807690341026, "min": 1.06469486257e-20, "var": 0.0011958561372}, "spectral_energyband_high": {"dmean": 0.000803842092864, "dmean2": 0.00134259148035, "dvar": 4.18431727667e-06, "dvar2": 1.1021534192e-05, "max": 0.0380647145212, "mean": 0.000894263561349, "median": 0.000263151334366, "min": 7.6348350486e-21, "var": 3.73280454369e-06}, "spectral_energyband_low": {"dmean": 0.00756447250023, "dmean2": 0.0115554779768, "dvar": 0.000647979381029, "dvar2": 0.0015713168541, "max": 0.329595714808, "mean": 0.0078952414915, "median": 0.000657163443975, "min": 7.07343364046e-23, "var": 0.000622084015049}, "spectral_energyband_middle_high": {"dmean": 0.00264209485613, "dmean2": 0.00428948784247, "dvar": 5.43219139217e-05, "dvar2": 0.000139123163535, "max": 0.123892076313, "mean": 0.00311336130835, "median": 0.000661899917759, "min": 1.519598337e-21, "var": 5.49321630388e-05}, "spectral_energyband_middle_low": {"dmean": 0.00656375242397, "dmean2": 0.0105321984738, "dvar": 0.000295583653497, "dvar2": 0.000749105704017, "max": 0.37742716074, "mean": 0.00834597088397, "median": 0.00257978122681, "min": 4.28274529198e-22, "var": 0.000294087774819}, "spectral_entropy": {"dmean": 0.328890621662, "dmean2": 0.467561393976, "dvar": 0.116380363703, "dvar2": 0.219572767615, "max": 9.80083370209, "mean": 7.48586511612, "median": 7.5901222229, "min": 3.34460783005, "var": 0.444673359394}, "spectral_flux": {"dmean": 0.0409699194133, "dmean2": 0.0631935149431, "dvar": 0.00319448066875, "dvar2": 0.00663553038612, "max": 0.575900316238, "mean": 0.073833309114, "median": 0.0468286015093, "min": 1.03184051581e-10, "var": 0.00554294232279}, "spectral_kurtosis": {"dmean": 2.26573967934, "dmean2": 3.57194042206, "dvar": 18.4353141785, "dvar2": 41.335609436, "max": 174.561416626, "mean": 4.70024204254, "median": 3.0112695694, "min": -1.18406713009, "var": 47.2501373291}, "spectral_rms": {"dmean": 0.00135848170612, "dmean2": 0.00190286396537, "dvar": 3.76387060896e-06, "dvar2": 7.85489919508e-06, "max": 0.0206523891538, "mean": 0.00347311026417, "median": 0.00280711706728, "min": 3.22292821771e-12, "var": 7.44854378354e-06}, "spectral_rolloff": {"dmean": 1183.10241699, "dmean2": 1947.69116211, "dvar": 4279995, "dvar2": 10173095, "max": 18820.0195312, "mean": 2589.04248047, "median": 1421.19140625, "min": 64.599609375, "var": 10319903}, "spectral_skewness": {"dmean": 0.317077338696, "dmean2": 0.483702003956, "dvar": 0.144073784351, "dvar2": 0.3367010355, "max": 11.2249536514, "mean": 1.51631879807, "median": 1.38495147228, "min": -0.0266882255673, "var": 0.477571487427}, "spectral_spread": {"dmean": 1136940.5, "dmean2": 1688575.625, "dvar": 1957271961600.0, "dvar2": 3907569057790.0, "max": 40236872, "mean": 5809656.5, "median": 5507053, "min": 421341.75, "var": 6018393702400.0}, "spectral_strongpeak": {"dmean": 0.485588848591, "dmean2": 0.783733248711, "dvar": 0.688028395176, "dvar2": 1.71548688412, "max": 8.96804332733, "mean": 0.822970628738, "median": 0.445720404387, "min": 0, "var": 1.13032639027}, "zerocrossingrate": {"dmean": 0.021167261526, "dmean2": 0.0253938902169, "dvar": 0.000549476302695, "dvar2": 0.000736292800866, "max": 0.5029296875, "mean": 0.0919434800744, "median": 0.06982421875, "min": 0.0029296875, "var": 0.00650587584823}, "barkbands": {"dmean": [6.54668401694e-05, 0.00595164997503, 0.00165873207152, 0.000565126189031, 0.00325283128768, 0.0012597652385, 0.00077605334809, 0.00103040656541, 0.000488158460939, 0.000248212192673, 0.000184682896361, 0.000249072734732, 0.000324633088894, 0.000391046865843, 0.000376259238692, 0.000438323855633, 0.000305290304823, 0.000222124072025, 0.000166654135683, 0.000157995193149, 0.000120906937809, 8.98053913261e-05, 7.70144251874e-05, 0.000114006899821, 0.0001111272868, 0.00014024572738, 0.00012322825205], "dmean2": [0.000117064897495, 0.00914287846535, 0.0028011072427, 0.00099265773315, 0.00522247049958, 0.00195019505918, 0.00127011875156, 0.00188056286424, 0.000840270600747, 0.000415575486841, 0.00030153003172, 0.000424732075771, 0.00054257287411, 0.000646351312753, 0.000630631402601, 0.000737550260965, 0.000507031450979, 0.00036930499482, 0.000268757692538, 0.000255176331848, 0.000195066924789, 0.000143911151099, 0.000131192558911, 0.000194108186406, 0.000186735516763, 0.000238930995692, 0.000218545770622], "dvar": [3.88783050198e-08, 0.000408154039178, 4.68088728667e-05, 6.48208151688e-06, 0.000100427634607, 1.42194285218e-05, 6.83550479152e-06, 1.61678963195e-05, 2.53596567745e-06, 1.17017532375e-06, 4.01488449597e-07, 7.81698588526e-07, 1.85966950994e-06, 1.93295568351e-06, 2.10708981285e-06, 3.19820833283e-06, 1.13922806122e-06, 4.40537576196e-07, 2.18850431111e-07, 1.65007776332e-07, 8.879123925e-08, 2.91463848612e-08, 4.81145114861e-08, 1.04966524361e-07, 1.03213039893e-07, 1.88380710142e-07, 1.9617679925e-07], "dvar2": [1.10421787269e-07, 0.000994028756395, 0.000124554804643, 1.83258962352e-05, 0.000250384357059, 3.57408716809e-05, 1.74271372089e-05, 4.6319062676e-05, 6.85501163389e-06, 2.90202251563e-06, 9.98310952127e-07, 2.11840119846e-06, 5.06945434608e-06, 4.96311031384e-06, 5.38782751391e-06, 8.58752719068e-06, 3.10454447572e-06, 1.16164574138e-06, 5.43354303773e-07, 4.06021115396e-07, 2.13482636013e-07, 7.27622690988e-08, 1.25858832689e-07, 2.86494440616e-07, 2.7597747021e-07, 4.99999600834e-07, 5.4061007404e-07], "max": [0.00392828322947, 0.230072259903, 0.114905565977, 0.0991929918528, 0.253398925066, 0.0791706740856, 0.0702182799578, 0.0532871633768, 0.0201372820884, 0.0268981661648, 0.0182399284095, 0.0292007718235, 0.0500813648105, 0.0395506992936, 0.0458038188517, 0.0475535281003, 0.0249018948525, 0.0165350418538, 0.0116290031001, 0.00932892691344, 0.00651958584785, 0.00253871595487, 0.00615419214591, 0.00654049450532, 0.0054270029068, 0.00642802333459, 0.00646288460121], "mean": [4.95411914017e-05, 0.0063540074043, 0.00130458537024, 0.000506809621584, 0.00394502747804, 0.00152411509771, 0.000928024936002, 0.000880812760442, 0.000466279714601, 0.000255777966231, 0.000216611661017, 0.000258722197032, 0.000345987762557, 0.000412371155107, 0.000401816883823, 0.000411332177464, 0.000320863211527, 0.00021971478418, 0.000190757287783, 0.000200241876883, 0.000158732611453, 0.000130538421217, 7.86601740401e-05, 0.000126123384689, 0.0001070864746, 0.000118974501675, 8.53809542605e-05], "median": [3.23563426718e-06, 0.000442158954684, 5.8139943576e-05, 5.81074054935e-05, 0.000500509224366, 0.000169531340362, 0.000134970905492, 5.6507793488e-05, 3.98716583732e-05, 2.58390755334e-05, 3.12730262522e-05, 4.36547961726e-05, 3.36844568665e-05, 3.57620992872e-05, 3.68890323443e-05, 2.88523660856e-05, 2.88826395263e-05, 3.4834141843e-05, 2.73238911177e-05, 3.24469583575e-05, 3.26339431922e-05, 5.0185022701e-05, 1.52173661263e-05, 3.16263758577e-05, 1.93272335309e-05, 1.00448396552e-05, 1.74690637778e-06], "min": [1.01406396981e-23, 2.29792152465e-23, 2.38518216254e-23, 3.79069027312e-23, 1.16668350075e-22, 1.46033773002e-23, 6.39261133828e-23, 3.06876137581e-23, 1.13408713706e-22, 9.93480064438e-23, 6.6128739248e-23, 7.18539067339e-23, 1.54385771572e-22, 1.73679012151e-22, 1.48173813799e-22, 1.48690132727e-22, 1.42461791891e-22, 1.22214862654e-22, 2.1527178542e-22, 3.30501871671e-22, 4.64268699825e-22, 5.84524574726e-22, 5.18775479522e-22, 9.82782252283e-22, 1.2314199005e-21, 1.80337894337e-21, 2.1808299791e-21], "var": [2.59354528964e-08, 0.000392728688894, 3.39592661476e-05, 4.26848691859e-06, 0.000103456470242, 1.68980768649e-05, 7.69958842284e-06, 1.06162642624e-05, 1.95577672457e-06, 1.06947561562e-06, 4.95796484756e-07, 6.84578196797e-07, 1.67291341313e-06, 2.06445565709e-06, 2.16113608076e-06, 2.80184895018e-06, 9.92359218799e-07, 3.85194169894e-07, 2.72134855095e-07, 2.40808844865e-07, 1.31511399104e-07, 4.54022455187e-08, 4.06940436903e-08, 9.1677186731e-08, 8.16879079935e-08, 1.46616741858e-07, 1.26419834601e-07]}, "erbbands": {"dmean": [0.0748324096203, 1.61668884754, 2.77000880241, 1.45437824726, 4.08230400085, 14.0762720108, 14.4096050262, 9.99686527252, 10.3297080994, 14.0111446381, 23.938167572, 10.3792486191, 7.43838500977, 6.93218517303, 8.11748409271, 10.3829078674, 14.1499357224, 19.0012302399, 19.9246349335, 19.7853851318, 23.6740112305, 16.0858669281, 13.398015976, 9.37871932983, 8.49825191498, 6.91386461258, 5.22988033295, 4.50022554398, 3.13675713539, 2.62026619911, 2.31865715981, 2.00320672989, 2.2537484169, 1.26967799664, 0.823966860771, 0.535251736641, 0.270781159401, 0.103922873735, 0.0214826595038, 0.00109639496077], "dmean2": [0.117754228413, 2.48009252548, 4.39832448959, 2.49101996422, 6.77700948715, 22.6979351044, 22.0183467865, 16.249004364, 16.9605541229, 23.7912940979, 43.7986488342, 18.0021953583, 12.3658733368, 11.4186344147, 13.0520534515, 17.4757461548, 23.7659549713, 31.0407867432, 34.2407112122, 32.9089431763, 39.8764953613, 26.9297122955, 22.2416763306, 15.2881298065, 13.6549291611, 11.1273241043, 8.33501243591, 7.36511659622, 5.06188297272, 4.32210111618, 3.94233059883, 3.37710881233, 3.85237646103, 2.1445069313, 1.38630604744, 0.912050068378, 0.464571297169, 0.180886864662, 0.0380932763219, 0.0019383833278], "dvar": [0.059407863766, 30.2520065308, 111.389633179, 35.2598152161, 334.821105957, 2031.65356445, 1471.30810547, 1254.08459473, 1212.63183594, 2150.99682617, 9995.84960938, 1175.35583496, 793.665222168, 803.961669922, 802.448425293, 1263.51477051, 3620.94824219, 4147.60986328, 5617.20751953, 7888.59960938, 8490.92382812, 3545.09863281, 1741.67810059, 758.288452148, 570.17401123, 310.248748779, 180.93850708, 135.815628052, 40.5694847107, 29.4966335297, 41.3455696106, 30.2275562286, 45.2491645813, 12.5850496292, 6.01759719849, 2.5995516777, 0.814788997173, 0.131684869528, 0.0057925847359, 1.56106325448e-05], "dvar2": [0.150118649006, 73.3345565796, 283.121887207, 97.3844223022, 916.210571289, 5025.55371094, 3420.42724609, 3336.3659668, 3108.38476562, 5732.42285156, 28780.9902344, 3198.76342773, 1989.42016602, 1936.32519531, 1978.96020508, 3335.79516602, 10018.2675781, 10675.9257812, 14910.7724609, 20740.2753906, 23375.9355469, 9763.17871094, 4597.66357422, 1908.48522949, 1411.00292969, 755.275634766, 420.036529541, 350.788604736, 101.032295227, 76.8109283447, 108.611854553, 80.7931518555, 124.578117371, 33.6852684021, 16.2431106567, 6.93730020523, 2.17721772194, 0.358941227198, 0.0159386638552, 4.29457249993e-05], "max": [2.84508466721, 64.8283920288, 168.450683594, 180.3828125, 723.099609375, 1306.41809082, 918.051757812, 919.432250977, 758.925170898, 1043.87158203, 1271.78271484, 537.758239746, 499.687469482, 1075.34729004, 863.690063477, 902.173400879, 2483.73583984, 2107.00830078, 2081.08447266, 2914.94360352, 1725.94799805, 1665.66357422, 1014.03076172, 499.864227295, 550.790710449, 417.029205322, 289.364257812, 350.23046875, 116.377738953, 123.89478302, 165.76574707, 107.279968262, 151.080718994, 57.8523025513, 35.5574378967, 24.6902484894, 16.7654914856, 4.80552768707, 1.07683670521, 0.065867729485], "mean": [0.0841414779425, 1.70761752129, 2.48130869865, 1.34586858749, 4.46645069122, 16.4562740326, 17.5922756195, 11.6933116913, 12.4190149307, 16.6734790802, 18.666059494, 9.88513660431, 7.98971843719, 7.23220729828, 9.75319099426, 11.3862295151, 15.378282547, 20.7864131927, 20.5271759033, 21.1271743774, 22.7743492126, 16.7614898682, 13.3971757889, 11.0823945999, 9.96128749847, 8.7479724884, 7.18441963196, 5.63475418091, 4.47473907471, 3.47387576103, 2.34202623367, 2.21772456169, 2.3672273159, 1.21418881416, 0.79680544138, 0.486932277679, 0.222538992763, 0.076595261693, 0.0149088837206, 0.000767030403949], "median": [0.00816662237048, 0.113620951772, 0.135678336024, 0.199064344168, 0.618292450905, 1.93857240677, 2.34121847153, 1.84592306614, 2.44693756104, 2.04167675972, 1.53213524818, 1.22634279728, 1.13758206367, 1.08772063255, 1.66609120369, 2.18299818039, 2.08306360245, 2.46502399445, 2.52349543571, 2.21535396576, 2.16834497452, 1.50489389896, 1.9310516119, 1.54054522514, 1.66541421413, 1.38098526001, 1.28682374954, 1.33790540695, 1.46085619926, 1.40421080589, 0.479611247778, 0.568669497967, 0.542640209198, 0.262816131115, 0.121690832078, 0.0509116277099, 0.0138546098024, 0.00289470679127, 0.000354281684849, 3.06558504235e-05], "min": [1.21153505211e-21, 3.37404831207e-21, 1.77226580479e-20, 8.66098684892e-20, 2.6223543443e-19, 4.56268638282e-19, 1.52543491613e-19, 1.68487087727e-19, 7.13931831876e-19, 1.1836255598e-18, 4.55706000369e-19, 1.64235428492e-18, 4.86492546075e-18, 1.90063936324e-18, 3.69948339876e-18, 2.86655677608e-18, 6.16265148707e-18, 7.48037543187e-18, 1.00403604614e-17, 7.77179777912e-18, 8.54720184841e-18, 7.98517149967e-18, 5.85286573022e-18, 9.11938583917e-18, 1.36107358558e-17, 1.60549950089e-17, 1.64286937029e-17, 2.03957162631e-17, 2.1618914557e-17, 1.52510548628e-17, 1.71791036828e-17, 1.68825329634e-17, 1.7109577498e-17, 9.70708360232e-18, 1.12403215975e-17, 7.85085060308e-18, 3.19396292754e-18, 1.04594372499e-18, 2.96322849539e-19, 3.53653025273e-20], "var": [0.0550574250519, 29.250667572, 92.8921966553, 24.2367095947, 275.157012939, 2063.4128418, 1922.06848145, 1200.10656738, 1235.2557373, 2409.14746094, 5815.83740234, 866.682250977, 761.192321777, 806.04486084, 1009.39007568, 1213.93566895, 2997.90380859, 4397.96875, 5096.77587891, 7605.31982422, 7018.55371094, 2955.2824707, 1505.47680664, 1063.14782715, 617.419677734, 491.425964355, 281.754272461, 160.841094971, 67.6964035034, 32.0773010254, 34.880947113, 29.4820041656, 35.4488258362, 9.6299943924, 4.70760917664, 2.13499236107, 0.609581708908, 0.0890032202005, 0.00374695495702, 1.01046152849e-05]}, "gfcc": {"mean": [-58.8679008484, 49.4021606445, -100.302307129, 26.3400154114, -56.0925941467, 5.08003473282, -42.5437469482, 0.845948219299, -20.6567993164, 8.54248809814, -12.1586313248, 2.8152115345, -8.13245582581], "cov": [[10785.3300781, 914.371887207, 454.881256104, 172.521224976, 609.476806641, 63.4564247131, 32.7542648315, 119.892326355, -80.4102935791, -42.8117103577, -114.10774231, 51.145236969, -41.2137680054], [914.371887207, 4933.84130859, -437.818237305, 222.533340454, 644.128540039, -315.43081665, 5.44081687927, -231.105529785, -74.6227874756, -487.099731445, 172.103393555, -7.80217695236, 191.819854736], [454.881256104, -437.818237305, 1918.89147949, 490.196044922, 277.655670166, 380.934997559, 231.934692383, 169.015914917, 5.61869907379, 49.8533401489, -83.4965744019, 28.917339325, -72.8526763916], [172.521224976, 222.533340454, 490.196044922, 1001.64208984, 303.853607178, 269.266937256, 285.682495117, 248.830688477, 69.5612564087, 82.8441009521, 33.5338935852, -20.8418560028, 0.627063691616], [609.476806641, 644.128540039, 277.655670166, 303.853607178, 657.917175293, 134.919540405, 225.055603027, 116.739196777, 103.042137146, -44.4586029053, 37.0847892761, -6.07278490067, 27.6949386597], [63.4564247131, -315.43081665, 380.934997559, 269.266937256, 134.919540405, 358.091705322, 170.887405396, 163.241653442, 40.1234664917, 98.9346389771, -2.81092905998, 24.779964447, -27.9305038452], [32.7542648315, 5.44081687927, 231.934692383, 285.682495117, 225.055603027, 170.887405396, 279.250213623, 146.652008057, 72.392868042, 53.4985313416, 43.7343673706, 7.51183462143, 1.89708971977], [119.892326355, -231.105529785, 169.015914917, 248.830688477, 116.739196777, 163.241653442, 146.652008057, 199.592010498, 78.0393981934, 97.4682998657, 12.672533989, -1.60192930698, -24.5822563171], [-80.4102935791, -74.6227874756, 5.61869907379, 69.5612564087, 103.042137146, 40.1234664917, 72.392868042, 78.0393981934, 147.518615723, 74.9525756836, 30.2313156128, -15.1476898193, -11.6679096222], [-42.8117103577, -487.099731445, 49.8533401489, 82.8441009521, -44.4586029053, 98.9346389771, 53.4985313416, 97.4682998657, 74.9525756836, 175.168167114, 28.1197147369, 11.6526584625, -41.2230529785], [-114.10774231, 172.103393555, -83.4965744019, 33.5338935852, 37.0847892761, -2.81092905998, 43.7343673706, 12.672533989, 30.2313156128, 28.1197147369, 101.791847229, 28.3676586151, 23.322845459], [51.145236969, -7.80217695236, 28.917339325, -20.8418560028, -6.07278490067, 24.779964447, 7.51183462143, -1.60192930698, -15.1476898193, 11.6526584625, 28.3676586151, 85.5404434204, 27.9228210449], [-41.2137680054, 191.819854736, -72.8526763916, 0.627063691616, 27.6949386597, -27.9305038452, 1.89708971977, -24.5822563171, -11.6679096222, -41.2230529785, 23.322845459, 27.9228210449, 87.4941940308]], "icov": [[0.000108961379738, -2.90801053779e-05, -1.08962913146e-05, 2.44666371145e-05, -0.00015749585873, 8.2385900896e-05, 7.93709477875e-05, -0.000148597755469, 0.000204812749871, -0.000189081823919, 0.000212199855014, -0.000131597087602, 6.21735453024e-05], [-2.90801053779e-05, 0.000419098883867, 7.96129315859e-05, -0.000227142707445, -0.000279432628304, 5.6553108152e-05, 0.000165438410477, 0.000268409057753, -0.000140368327266, 0.00116273446474, -0.000904859625734, 1.90116043086e-05, 7.79690526542e-05], [-1.08962913146e-05, 7.96129315859e-05, 0.000802886206657, -0.000296040583635, -0.000201877701329, -0.000539097643923, -0.000231957004871, 0.000382804282708, 3.37019409926e-05, 0.000328245310811, 0.000638908881228, -0.00063526048325, 0.000686939107254], [2.44666371145e-05, -0.000227142707445, -0.000296040583635, 0.00194966665003, -0.000145285288454, -0.000199342321139, -0.000681915669702, -0.00172859616578, 0.000917969504371, -0.000892747426406, -7.63467032812e-05, 0.00122018880211, -0.000906754517928], [-0.00015749585873, -0.000279432628304, -0.000201877701329, -0.000145285288454, 0.00337939965539, -0.000629443442449, -0.00159575545695, -0.000282151304418, -0.00251266523264, 0.00222521950491, -0.000183564639883, 3.43036081176e-05, -0.000192605686607], [8.2385900896e-05, 5.6553108152e-05, -0.000539097643923, -0.000199342321139, -0.000629443442449, 0.0062542068772, -0.00154386658687, -0.00257422355935, 0.00167246162891, -0.00212532421574, 0.00149224814959, -0.00169956497848, 0.000339643680491], [7.93709477875e-05, 0.000165438410477, -0.000231957004871, -0.000681915669702, -0.00159575545695, -0.00154386658687, 0.00881483219564, -0.00325863808393, -0.000500667490996, 0.001042459975, -0.00312695698813, 0.000334134412697, -0.000456680660136], [-0.000148597755469, 0.000268409057753, 0.000382804282708, -0.00172859616578, -0.000282151304418, -0.00257422355935, -0.00325863808393, 0.0146039649844, -0.00305959675461, -0.00303138559684, 0.00142810598481, -5.26762050868e-05, 0.000913869123906], [0.000204812749871, -0.000140368327266, 3.37019409926e-05, 0.000917969504371, -0.00251266523264, 0.00167246162891, -0.000500667490996, -0.00305959675461, 0.0133624188602, -0.00656657014042, -0.00107945688069, 0.00341368606314, -0.00120740931015], [-0.000189081823919, 0.00116273446474, 0.000328245310811, -0.000892747426406, 0.00222521950491, -0.00212532421574, 0.001042459975, -0.00303138559684, -0.00656657014042, 0.0175229683518, -0.00586208188906, -0.00279343104921, 0.00521878525615], [0.000212199855014, -0.000904859625734, 0.000638908881228, -7.63467032812e-05, -0.000183564639883, 0.00149224814959, -0.00312695698813, 0.00142810598481, -0.00107945688069, -0.00586208188906, 0.0172635447234, -0.00495244702324, -0.00230741826817], [-0.000131597087602, 1.90116043086e-05, -0.00063526048325, 0.00122018880211, 3.43036081176e-05, -0.00169956497848, 0.000334134412697, -5.26762050868e-05, 0.00341368606314, -0.00279343104921, -0.00495244702324, 0.0174386855215, -0.00632293149829], [6.21735453024e-05, 7.79690526542e-05, 0.000686939107254, -0.000906754517928, -0.000192605686607, 0.000339643680491, -0.000456680660136, 0.000913869123906, -0.00120740931015, 0.00521878525615, -0.00230741826817, -0.00632293149829, 0.0172330085188]]}, "melbands": {"dmean": [0.00120964203961, 0.0018082781462, 0.000314215547405, 0.000617512734607, 0.000581511121709, 0.000222248127102, 0.00015974281996, 0.00016430047981, 0.000195080065168, 5.64948568353e-05, 3.73740549549e-05, 2.90455081995e-05, 2.43672147917e-05, 2.71487933787e-05, 2.77417784673e-05, 3.51213711838e-05, 3.68255932699e-05, 3.2509695302e-05, 2.88553728751e-05, 3.02046992147e-05, 2.70497730526e-05, 1.74678225449e-05, 1.40491802085e-05, 1.01019168142e-05, 7.62559784562e-06, 5.90318950344e-06, 6.33733407085e-06, 4.38146071247e-06, 3.63899698641e-06, 2.90490174848e-06, 2.5791769076e-06, 1.96878545466e-06, 1.53205905917e-06, 1.34204458391e-06, 1.29341890442e-06, 1.32652587581e-06, 1.24585812955e-06, 1.83547274446e-06, 1.04761068087e-06, 1.15137265766e-06], "dmean2": [0.00186428276356, 0.00278495857492, 0.000531504803803, 0.000999985379167, 0.000903656473383, 0.000357006036211, 0.000261742883595, 0.000284748675767, 0.000355582946213, 9.68941749306e-05, 6.22705556452e-05, 4.80729977426e-05, 3.96117538912e-05, 4.59495022369e-05, 4.58854374301e-05, 5.93035074417e-05, 5.98699080001e-05, 5.64684596611e-05, 4.76464847452e-05, 5.07010990987e-05, 4.618861567e-05, 2.94156725431e-05, 2.33658447542e-05, 1.65775400092e-05, 1.25603983179e-05, 9.63372349361e-06, 1.00979668787e-05, 7.15607393431e-06, 5.74098885409e-06, 4.75592150906e-06, 4.26646556662e-06, 3.17393369187e-06, 2.4948542432e-06, 2.2535334665e-06, 2.19989101424e-06, 2.26322413255e-06, 2.10296821024e-06, 3.13652526529e-06, 1.7868468376e-06, 1.94966219169e-06], "dvar": [1.63320073625e-05, 4.09316708101e-05, 1.70864416305e-06, 3.86028159483e-06, 2.70605346486e-06, 5.53790869162e-07, 2.81347752207e-07, 2.96255791454e-07, 6.63238097331e-07, 3.2827820462e-08, 2.17374793721e-08, 1.55871955343e-08, 6.91484869364e-09, 1.13149196679e-08, 1.51683927641e-08, 2.36948594079e-08, 1.73370953149e-08, 1.62617936894e-08, 1.17830882829e-08, 1.97212273179e-08, 1.24751373676e-08, 4.43558123564e-09, 2.52626897179e-09, 7.90531362593e-10, 5.70588354343e-10, 4.13281936451e-10, 2.87555562695e-10, 1.61157268086e-10, 1.10513806439e-10, 4.82475032149e-11, 6.15407586002e-11, 1.56762363507e-11, 9.58272870777e-12, 9.7733765525e-12, 1.2980454385e-11, 1.64222056093e-11, 1.04078716132e-11, 2.89718162655e-11, 8.78178519487e-12, 1.11356939295e-11], "dvar2": [4.00867102144e-05, 0.000100238394225, 4.66091569251e-06, 9.90489297692e-06, 6.52287462799e-06, 1.46064485307e-06, 7.22058700831e-07, 8.01714179488e-07, 1.90276409739e-06, 8.85916264792e-08, 5.45789013984e-08, 3.77495403825e-08, 1.70472951311e-08, 3.07101508668e-08, 3.81573137531e-08, 6.59049845808e-08, 4.43084502422e-08, 4.36841354201e-08, 2.91828587962e-08, 5.35535136237e-08, 3.53438771583e-08, 1.22573071692e-08, 6.65381838516e-09, 2.02963978957e-09, 1.42602962772e-09, 1.06790065679e-09, 7.01088576083e-10, 4.0720798955e-10, 2.51903164994e-10, 1.20456922215e-10, 1.64621122289e-10, 3.85324723517e-11, 2.48047676149e-11, 2.56249396702e-11, 3.40221600892e-11, 4.38278857651e-11, 2.78015718086e-11, 7.98576621497e-11, 2.38979096928e-11, 2.98812641297e-11], "max": [0.0452818274498, 0.0911075249314, 0.0493249297142, 0.0613688379526, 0.0455901250243, 0.0182789415121, 0.0120928622782, 0.0117741953582, 0.0105385649949, 0.00296020763926, 0.00266255275346, 0.00467025302351, 0.00263711251318, 0.00430962629616, 0.00560781359673, 0.00612551812083, 0.00483070500195, 0.00309870974161, 0.00316937849857, 0.00502763269469, 0.0021985725034, 0.00174835580401, 0.00116902252194, 0.000488212797791, 0.000436274014646, 0.000751596409827, 0.000398777425289, 0.000372390757548, 0.000276675418718, 0.000122395853396, 0.000297597143799, 7.69808611949e-05, 6.14177406533e-05, 9.0205197921e-05, 9.15284399525e-05, 0.000105323400931, 5.34123719262e-05, 0.000121201730508, 6.13135125604e-05, 4.99665402458e-05], "mean": [0.00133453682065, 0.00178334873635, 0.000302643020405, 0.000717793300282, 0.000709331769031, 0.000263495603576, 0.000193281506654, 0.000185128126759, 0.0001517811761, 5.53102690901e-05, 3.94213857362e-05, 2.89766849164e-05, 2.8934353395e-05, 2.83110366581e-05, 3.37632045557e-05, 3.51024937117e-05, 3.99847558583e-05, 3.18429301842e-05, 3.22868509102e-05, 2.89598337986e-05, 2.53697762673e-05, 1.80950173672e-05, 1.37216884468e-05, 1.03561842479e-05, 8.94373079063e-06, 6.20411628915e-06, 7.90305239207e-06, 5.19803870702e-06, 4.74290118291e-06, 3.91799085264e-06, 2.97550423056e-06, 2.81894676846e-06, 2.04826119443e-06, 1.6777099745e-06, 1.29003001348e-06, 1.27505143155e-06, 1.40309714425e-06, 1.95351799448e-06, 1.0363862657e-06, 1.03088143533e-06], "median": [0.000106764520751, 0.000110065971967, 3.66289568774e-05, 9.40491445363e-05, 9.56970397965e-05, 3.14829012495e-05, 3.45990119968e-05, 1.91490616999e-05, 1.02761259768e-05, 6.57276268612e-06, 4.47389038527e-06, 3.47978061654e-06, 4.49770823252e-06, 5.16909312864e-06, 3.97816256736e-06, 3.339048817e-06, 3.62189507541e-06, 3.37509482051e-06, 2.76096807283e-06, 2.35090215028e-06, 2.40718668465e-06, 1.56677583618e-06, 1.12564816845e-06, 1.69548798112e-06, 1.00785985069e-06, 9.75909074441e-07, 1.33798732804e-06, 7.20331399862e-07, 6.99887152678e-07, 8.9944398951e-07, 6.90718934493e-07, 8.10467327028e-07, 8.56614917666e-07, 6.56549786981e-07, 2.52794535527e-07, 1.59230296504e-07, 3.67363952591e-07, 4.51559571957e-07, 2.03614177963e-07, 1.8365678045e-07], "min": [9.0838548082e-24, 7.81658999587e-24, 1.99816826462e-23, 2.70155167314e-23, 9.28649029778e-24, 4.63199717568e-24, 1.07678046281e-23, 1.1827057075e-23, 3.17015666563e-24, 1.42245946925e-23, 2.40125962111e-23, 6.87479657126e-24, 1.11832945115e-23, 8.64944251833e-24, 9.30592625277e-24, 1.54613881747e-23, 1.33332938879e-23, 1.7847720812e-23, 1.20840719022e-23, 6.94370041588e-24, 1.15898103132e-23, 9.03142237927e-24, 5.045567366e-24, 6.13877593605e-24, 7.18393538279e-24, 8.72603460134e-24, 1.27590205038e-23, 9.02420903516e-24, 1.08320691818e-23, 8.60684797375e-24, 1.31161567683e-23, 1.24686431712e-23, 1.07609699373e-23, 7.33265854039e-24, 1.00350806427e-23, 9.32921815985e-24, 1.08088506388e-23, 1.31888282126e-23, 8.8949912523e-24, 7.67783567353e-24], "var": [1.56927635544e-05, 3.78612494387e-05, 1.25849510368e-06, 3.68811720364e-06, 3.12109477818e-06, 5.51696928142e-07, 2.99149348848e-07, 3.08623924639e-07, 3.90800096284e-07, 2.54413077272e-08, 2.05072510084e-08, 1.50607224469e-08, 8.7573424068e-09, 9.24667364899e-09, 2.02608489985e-08, 1.91896454282e-08, 1.94938181153e-08, 1.41732972025e-08, 1.41732501291e-08, 1.60255524406e-08, 9.36832567078e-09, 3.68021835229e-09, 2.25915819385e-09, 7.30784321945e-10, 8.84074868868e-10, 3.67711694427e-10, 3.91307292125e-10, 2.17368123501e-10, 1.68679695212e-10, 8.67927882342e-11, 5.81317598225e-11, 3.21701970618e-11, 1.05224275473e-11, 9.50101716052e-12, 1.10148270713e-11, 1.35440998694e-11, 1.05272188536e-11, 2.34967826446e-11, 6.76162381294e-12, 8.31889071518e-12]}, "mfcc": {"mean": [-712.220153809, 91.5006332397, 9.34798240662, 21.4855747223, 6.53485059738, 5.22919750214, -6.38545608521, -7.82841777802, -2.48203659058, -3.15373587608, 1.05528783798, -0.973565280437, 0.904589831829], "cov": [[9754.02734375, 1065.92529297, -487.561401367, 438.798461914, 291.400146484, -41.625, 102.436576843, 149.185379028, -25.5718994141, 177.279724121, -119.747138977, 234.688522339, -137.478149414], [1065.92529297, 3130.11962891, -498.969726562, 241.96647644, 324.400360107, -89.8151245117, -21.8783874512, 116.863868713, -159.184005737, -220.749450684, -189.039764404, 35.6641464233, -78.5531387329], [-487.561401367, -498.969726562, 1295.6072998, 270.016143799, 152.895843506, 227.119842529, 240.832733154, 134.422653198, 154.296066284, 105.089164734, 87.8813476562, 26.1591415405, 48.7340812683], [438.798461914, 241.96647644, 270.016143799, 786.686157227, 290.47454834, 199.221710205, 271.940612793, 234.096893311, 117.686439514, 190.122695923, 9.23293495178, 145.242523193, -7.23211860657], [291.400146484, 324.400360107, 152.895843506, 290.47454834, 381.29385376, 152.479263306, 160.376495361, 150.520217896, 101.809829712, 80.7292938232, 13.1089191437, 58.5063896179, -19.6032390594], [-41.625, -89.8151245117, 227.119842529, 199.221710205, 152.479263306, 226.205856323, 167.55140686, 129.589813232, 99.0836486816, 97.1924362183, 50.0969161987, 56.5045547485, 24.0612297058], [102.436576843, -21.8783874512, 240.832733154, 271.940612793, 160.376495361, 167.55140686, 284.293121338, 176.505126953, 100.667449951, 113.525901794, 21.547492981, 97.4633255005, 4.02659463882], [149.185379028, 116.863868713, 134.422653198, 234.096893311, 150.520217896, 129.589813232, 176.505126953, 202.554397583, 90.6904602051, 86.0388336182, 5.75324630737, 69.2577056885, -1.43006670475], [-25.5718994141, -159.184005737, 154.296066284, 117.686439514, 101.809829712, 99.0836486816, 100.667449951, 90.6904602051, 147.933822632, 103.680892944, 55.6242103577, 34.9437408447, 13.7337789536], [177.279724121, -220.749450684, 105.089164734, 190.122695923, 80.7292938232, 97.1924362183, 113.525901794, 86.0388336182, 103.680892944, 192.197891235, 70.5442428589, 84.1746826172, 17.413602829], [-119.747138977, -189.039764404, 87.8813476562, 9.23293495178, 13.1089191437, 50.0969161987, 21.547492981, 5.75324630737, 55.6242103577, 70.5442428589, 147.139373779, 46.6745796204, 41.4301948547], [234.688522339, 35.6641464233, 26.1591415405, 145.242523193, 58.5063896179, 56.5045547485, 97.4633255005, 69.2577056885, 34.9437408447, 84.1746826172, 46.6745796204, 152.481307983, 36.1570129395], [-137.478149414, -78.5531387329, 48.7340812683, -7.23211860657, -19.6032390594, 24.0612297058, 4.02659463882, -1.43006670475, 13.7337789536, 17.413602829, 41.4301948547, 36.1570129395, 95.1826248169]], "icov": [[0.00011996156536, -2.50247048825e-05, 2.2393929612e-05, -3.53321843249e-06, -6.35558390059e-05, 5.98457809247e-05, 4.86847602588e-05, -6.33493164059e-06, 6.59930301481e-05, -0.000184864620678, 0.000109794498712, -0.000189692364074, 0.000159075207193], [-2.50247048825e-05, 0.000553818885237, 0.000162720738444, -0.000182234551175, -0.000621286395472, 0.000305218069116, 0.000215948341065, -0.0005939922994, 0.000456038134871, 0.000846605165862, 6.92342364346e-05, -0.000270061456831, -4.76515997434e-05], [2.2393929612e-05, 0.000162720738444, 0.00113876315299, -0.000304937537294, -0.000104080405436, -0.000369460205548, -0.000789232261013, 0.000232853533817, -0.000418030831497, 0.000582399370614, -0.000377993157599, 0.000591799849644, -0.000437250622781], [-3.53321843249e-06, -0.000182234551175, -0.000304937537294, 0.00275212223642, -0.000830036879051, -0.000267346942564, -0.000455804780358, -0.000948655884713, 0.000831415236462, -0.0020355428569, 0.00087158207316, -0.000781683484092, 0.000281404936686], [-6.35558390059e-05, -0.000621286395472, -0.000104080405436, -0.000830036879051, 0.00552146229893, -0.00211358931847, -0.000181539944606, -0.000250325916568, -0.00237203855067, 0.000413462083088, -0.000162064723554, -2.26060637942e-05, 0.00140680978075], [5.98457809247e-05, 0.000305218069116, -0.000369460205548, -0.000267346942564, -0.00211358931847, 0.0110129211098, -0.00322978710756, -0.00237738504075, -0.000464253302198, -0.000504408904817, -0.00173288141377, 0.00147985445801, -0.00225977413356], [4.86847602588e-05, 0.000215948341065, -0.000789232261013, -0.000455804780358, -0.000181539944606, -0.00322978710756, 0.0112338056788, -0.00512895872816, -0.000311458075885, -0.000479781068861, 0.00151983438991, -0.00367517583072, 0.00171203818172], [-6.33493164059e-06, -0.0005939922994, 0.000232853533817, -0.000948655884713, -0.000250325916568, -0.00237738504075, -0.00512895872816, 0.014741496183, -0.0044405576773, -4.24294739787e-05, 0.00208601192571, -0.00113674730528, 0.000469535239972], [6.59930301481e-05, 0.000456038134871, -0.000418030831497, 0.000831415236462, -0.00237203855067, -0.000464253302198, -0.000311458075885, -0.0044405576773, 0.0163364093751, -0.00571664515883, -0.00264530442655, 0.00280516548082, -0.000901303428691], [-0.000184864620678, 0.000846605165862, 0.000582399370614, -0.0020355428569, 0.000413462083088, -0.000504408904817, -0.000479781068861, -4.24294739787e-05, -0.00571664515883, 0.0139805795625, -0.00279190391302, -0.0035175064113, 0.00102968688589], [0.000109794498712, 6.92342364346e-05, -0.000377993157599, 0.00087158207316, -0.000162064723554, -0.00173288141377, 0.00151983438991, 0.00208601192571, -0.00264530442655, -0.00279190391302, 0.0113105550408, -0.0029947324656, -0.00204587448388], [-0.000189692364074, -0.000270061456831, 0.000591799849644, -0.000781683484092, -2.26060637942e-05, 0.00147985445801, -0.00367517583072, -0.00113674730528, 0.00280516548082, -0.0035175064113, -0.0029947324656, 0.0131799094379, -0.0045639751479], [0.000159075207193, -4.76515997434e-05, -0.000437250622781, 0.000281404936686, 0.00140680978075, -0.00225977413356, 0.00171203818172, 0.000469535239972, -0.000901303428691, 0.00102968688589, -0.00204587448388, -0.0045639751479, 0.0143033200875]]}, "spectral_contrast_coeffs": {"dmean": [0.0624835714698, 0.0583654679358, 0.0459161177278, 0.0433678627014, 0.0315345525742, 0.0238923784345], "dmean2": [0.0987889319658, 0.08987300843, 0.0705713555217, 0.0660775229335, 0.0476976633072, 0.0367780327797], "dvar": [0.00334353582002, 0.00317600485869, 0.00192284886725, 0.00223683705553, 0.00111937697511, 0.000570055737626], "dvar2": [0.00725975586101, 0.00626768637449, 0.00397532386705, 0.00428847363219, 0.00220341002569, 0.00127063179389], "max": [-0.22770357132, -0.308019220829, -0.433560878038, -0.450696021318, -0.500045359135, -0.604185223579], "mean": [-0.632292568684, -0.726227760315, -0.781413018703, -0.772627711296, -0.779214978218, -0.758370995522], "median": [-0.650179088116, -0.750116944313, -0.802765786648, -0.795167505741, -0.791021823883, -0.763638496399], "min": [-0.956660330296, -0.973385930061, -0.961171746254, -0.963627815247, -0.963508188725, -0.959389746189], "var": [0.0145330959931, 0.0111468303949, 0.00691225100309, 0.00697496021166, 0.00453373603523, 0.00191998295486]}, "spectral_contrast_valleys": {"dmean": [0.546629846096, 0.636275827885, 0.61823040247, 0.631995797157, 0.549737811089, 0.637335121632], "dmean2": [0.83385181427, 0.954764485359, 0.911317288876, 0.927846908569, 0.771185278893, 0.852172076702], "dvar": [0.263652294874, 0.424376666546, 0.401351630688, 0.463223814964, 0.334355473518, 0.44271248579], "dvar2": [0.496486693621, 0.851860284805, 0.804689526558, 0.950700998306, 0.645474791527, 0.839815676212], "max": [-5.09724330902, -3.84706544876, -5.04424190521, -4.97252655029, -5.38589668274