{"lowlevel": {"average_loudness": 0.618700146675, "barkbands_crest": {"dmean": 1.94981861115, "dmean2": 3.23103451729, "dvar": 3.39436340332, "dvar2": 9.00718402863, "max": 24.5428619385, "mean": 7.84763622284, "median": 7.25236415863, "min": 2.64348816872, "var": 8.12289333344}, "barkbands_flatness_db": {"dmean": 0.0199775360525, "dmean2": 0.0284321326762, "dvar": 0.00047939439537, "dvar2": 0.000902917759959, "max": 0.445858955383, "mean": 0.135595157743, "median": 0.132092222571, "min": 0.0122318882495, "var": 0.00217968365178}, "barkbands_kurtosis": {"dmean": 2.20431661606, "dmean2": 3.38830423355, "dvar": 12.8408670425, "dvar2": 28.957403183, "max": 157.200088501, "mean": 4.27495670319, "median": 2.44409036636, "min": -1.89876902103, "var": 42.2189369202}, "barkbands_skewness": {"dmean": 0.403486162424, "dmean2": 0.615193545818, "dvar": 0.16838593781, "dvar2": 0.372931182384, "max": 9.97259998322, "mean": 1.45564842224, "median": 1.35152578354, "min": -2.13481807709, "var": 0.916031420231}, "barkbands_spread": {"dmean": 3.73934555054, "dmean2": 5.40404558182, "dvar": 23.7376232147, "dvar2": 42.9411773682, "max": 92.7293167114, "mean": 15.8632678986, "median": 14.0209732056, "min": 1.22776854038, "var": 103.207244873}, "dissonance": {"dmean": 0.0228923279792, "dmean2": 0.0380243174732, "dvar": 0.000461499585072, "dvar2": 0.00121843372472, "max": 0.500000059605, "mean": 0.453829079866, "median": 0.460480034351, "min": 0.224649354815, "var": 0.0010057358304}, "dynamic_complexity": 3.36908459663, "erbbands_crest": {"dmean": 2.28208684921, "dmean2": 3.68884038925, "dvar": 4.71835708618, "dvar2": 11.8577671051, "max": 30.393371582, "mean": 8.83648872375, "median": 8.19317913055, "min": 2.48345017433, "var": 12.4181880951}, "erbbands_flatness_db": {"dmean": 0.0180976800621, "dmean2": 0.0239137224853, "dvar": 0.00033456509118, "dvar2": 0.000607634836342, "max": 0.344406485558, "mean": 0.169919833541, "median": 0.171012252569, "min": 0.043723501265, "var": 0.00162157684099}, "erbbands_kurtosis": {"dmean": 1.05506396294, "dmean2": 1.59536707401, "dvar": 2.74358081818, "dvar2": 5.57253885269, "max": 61.3830947876, "mean": 1.34184551239, "median": 0.55143225193, "min": -1.85629200935, "var": 9.39570617676}, "erbbands_skewness": {"dmean": 0.320043325424, "dmean2": 0.483529359102, "dvar": 0.103923760355, "dvar2": 0.2267177701, "max": 6.24060344696, "mean": 0.747201085091, "median": 0.697865605354, "min": -4.72039890289, "var": 0.525520443916}, "erbbands_spread": {"dmean": 6.23514986038, "dmean2": 8.70279502869, "dvar": 61.0502624512, "dvar2": 110.348388672, "max": 172.092147827, "mean": 29.8460674286, "median": 26.4272384644, "min": 2.85827946663, "var": 260.317687988}, "hfc": {"dmean": 4.49096250534, "dmean2": 6.25293922424, "dvar": 51.7692527771, "dvar2": 107.011451721, "max": 171.290924072, "mean": 15.527425766, "median": 10.6308460236, "min": 1.05686511056e-16, "var": 224.661819458}, "melbands_crest": {"dmean": 2.78601932526, "dmean2": 4.68560600281, "dvar": 6.38234233856, "dvar2": 17.6244335175, "max": 31.0724334717, "mean": 10.9688739777, "median": 10.3206367493, "min": 1.51541984081, "var": 14.3891181946}, "melbands_flatness_db": {"dmean": 0.0229661427438, "dmean2": 0.0331979095936, "dvar": 0.000665135565214, "dvar2": 0.00126825738698, "max": 0.582152664661, "mean": 0.201132193208, "median": 0.197506174445, "min": 0.00237839738838, "var": 0.00377882248722}, "melbands_kurtosis": {"dmean": 4.03095531464, "dmean2": 6.1747713089, "dvar": 58.8995666504, "dvar2": 123.062065125, "max": 380.506713867, "mean": 9.05075073242, "median": 5.45228052139, "min": -1.84946203232, "var": 194.028503418}, "melbands_skewness": {"dmean": 0.493929624557, "dmean2": 0.746156513691, "dvar": 0.266393840313, "dvar2": 0.579649567604, "max": 13.482167244, "mean": 1.99841785431, "median": 1.82605063915, "min": -0.741014063358, "var": 1.31179833412}, "melbands_spread": {"dmean": 4.38310337067, "dmean2": 6.7054810524, "dvar": 42.8612213135, "dvar2": 86.6170730591, "max": 238.153015137, "mean": 19.1794509888, "median": 16.4392776489, "min": 0.750268697739, "var": 300.746856689}, "pitch_salience": {"dmean": 0.0585042275488, "dmean2": 0.0974858850241, "dvar": 0.00264557357877, "dvar2": 0.00731352064759, "max": 0.97463542223, "mean": 0.629625916481, "median": 0.632578909397, "min": 0.167374774814, "var": 0.00650064181536}, "silence_rate_20dB": {"dmean": 0, "dmean2": 0, "dvar": 0, "dvar2": 0, "max": 1, "mean": 1, "median": 1, "min": 1, "var": 0}, "silence_rate_30dB": {"dmean": 0.00224101054482, "dmean2": 0.0044824774377, "dvar": 0.00223599304445, "dvar2": 0.00609240075573, "max": 1, "mean": 0.998064756393, "median": 1, "min": 0, "var": 0.00193147512618}, "silence_rate_60dB": {"dmean": 0.00814912933856, "dmean2": 0.016299918294, "dvar": 0.00808362010866, "dvar2": 0.0194947849959, "max": 1, "mean": 0.036463636905, "median": 0, "min": 0, "var": 0.0351321324706}, "spectral_centroid": {"dmean": 159.718948364, "dmean2": 240.361190796, "dvar": 53796.71875, "dvar2": 115204.679688, "max": 11623.1367188, "mean": 1046.7512207, "median": 895.217895508, "min": 168.804931641, "var": 1229499.875}, "spectral_complexity": {"dmean": 3.27391266823, "dmean2": 4.91931533813, "dvar": 18.1044406891, "dvar2": 33.2765312195, "max": 55, "mean": 17.1627616882, "median": 17, "min": 0, "var": 66.979309082}, "spectral_decrease": {"dmean": 1.47587675414e-09, "dmean2": 2.30664820577e-09, "dvar": 4.32625758764e-18, "dvar2": 1.05617977487e-17, "max": 1.69743484726e-28, "mean": -5.27756416346e-09, "median": -3.98728872142e-09, "min": -6.10731092365e-08, "var": 1.855608147e-17}, "spectral_energy": {"dmean": 0.00590727385134, "dmean2": 0.00917419604957, "dvar": 7.00139717082e-05, "dvar2": 0.000169466322404, "max": 0.246040731668, "mean": 0.0213271453977, "median": 0.0161217395216, "min": 9.96583082257e-21, "var": 0.000304279266857}, "spectral_energyband_high": {"dmean": 0.000175752094947, "dmean2": 0.000230004166951, "dvar": 2.08300420468e-07, "dvar2": 3.8612301978e-07, "max": 0.015042799525, "mean": 0.000361169921234, "median": 0.000127842649817, "min": 7.12884285179e-21, "var": 6.0301584881e-07}, "spectral_energyband_low": {"dmean": 0.00166721560527, "dmean2": 0.00284885941073, "dvar": 6.61531248625e-06, "dvar2": 1.7390901121e-05, "max": 0.0373339094222, "mean": 0.00296695413999, "median": 0.0019501397619, "min": 1.87850295623e-23, "var": 1.00464785646e-05}, "spectral_energyband_middle_high": {"dmean": 0.00191696733236, "dmean2": 0.00281336484477, "dvar": 1.32033746922e-05, "dvar2": 3.03602500935e-05, "max": 0.0899692699313, "mean": 0.0051466175355, "median": 0.00296950386837, "min": 1.24666033978e-21, "var": 4.84739466629e-05}, "spectral_energyband_middle_low": {"dmean": 0.00428015179932, "dmean2": 0.00681563373655, "dvar": 4.56066918559e-05, "dvar2": 0.000114801354357, "max": 0.183160036802, "mean": 0.0138092162088, "median": 0.00961095653474, "min": 1.21078057291e-22, "var": 0.000163586941198}, "spectral_entropy": {"dmean": 0.180769890547, "dmean2": 0.245923012495, "dvar": 0.0458440110087, "dvar2": 0.0821072235703, "max": 9.82532501221, "mean": 7.38422346115, "median": 7.35782623291, "min": 4.77988433838, "var": 0.257424235344}, "spectral_flux": {"dmean": 0.0174833517522, "dmean2": 0.0265823397785, "dvar": 0.000367535598343, "dvar2": 0.00076863024151, "max": 0.318694025278, "mean": 0.0669914335012, "median": 0.0593963041902, "min": 6.31535032602e-11, "var": 0.00142291106749}, "spectral_kurtosis": {"dmean": 2.1605360508, "dmean2": 3.42788529396, "dvar": 11.1596775055, "dvar2": 26.6593437195, "max": 72.334312439, "mean": 6.44853591919, "median": 5.79827451706, "min": -1.37267160416, "var": 21.7712802887}, "spectral_rms": {"dmean": 0.000586191366892, "dmean2": 0.000896834826563, "dvar": 4.07016415238e-07, "dvar2": 9.30203498228e-07, "max": 0.015493215993, "mean": 0.00421949056908, "median": 0.00396592076868, "min": 3.11813443989e-12, "var": 3.00274223264e-06}, "spectral_rolloff": {"dmean": 296.411956787, "dmean2": 495.288970947, "dvar": 460741.59375, "dvar2": 964095.5625, "max": 19724.4140625, "mean": 1352.29309082, "median": 904.39453125, "min": 129.19921875, "var": 4733284.5}, "spectral_skewness": {"dmean": 0.25808390975, "dmean2": 0.391516298056, "dvar": 0.105138003826, "dvar2": 0.230370551348, "max": 7.20452260971, "mean": 1.96300399303, "median": 1.95082175732, "min": -0.353237867355, "var": 0.377480953932}, "spectral_spread": {"dmean": 575969.125, "dmean2": 721759.125, "dvar": 671043092480, "dvar2": 1218178187260.0, "max": 48324688, "mean": 4671419.5, "median": 3951697.5, "min": 1097186.375, "var": 16266643374100.0}, "spectral_strongpeak": {"dmean": 0.475685566664, "dmean2": 0.801523327827, "dvar": 0.462686359882, "dvar2": 1.17078614235, "max": 11.978603363, "mean": 0.910307765007, "median": 0.514050483704, "min": 0, "var": 1.0666885376}, "zerocrossingrate": {"dmean": 0.00839200150222, "dmean2": 0.00922516267747, "dvar": 0.000135740614496, "dvar2": 0.000145246158354, "max": 0.84375, "mean": 0.0554483681917, "median": 0.04443359375, "min": 0.00439453125, "var": 0.00365187088028}, "barkbands": {"dmean": [5.01368413097e-05, 0.000696600181982, 0.000938844343182, 0.000438746443251, 0.00154364714399, 0.00161482498515, 0.000784312665928, 0.00117778813001, 0.000938578334171, 0.00112722744234, 0.000476756336866, 0.000388313870644, 0.000246156792855, 0.00036373216426, 0.000151041371282, 0.000126786137116, 0.000106874897028, 0.000136809743708, 5.38420645171e-05, 4.35296460637e-05, 2.857403706e-05, 3.45036896761e-05, 4.82408358948e-05, 4.89807389386e-05, 1.5718069335e-05, 9.47171611188e-06, 7.06342973444e-07], "dmean2": [8.08881304692e-05, 0.00119196111336, 0.00162988353986, 0.000747266691178, 0.00252828607336, 0.00265424675308, 0.00119025586173, 0.00184979371261, 0.00148312957026, 0.00179217162076, 0.000754014065024, 0.000600793515332, 0.000377450458473, 0.000567904673517, 0.000231584592257, 0.000194764375919, 0.000160954077728, 0.000208731697057, 8.12250000308e-05, 6.62121237838e-05, 4.40523108409e-05, 4.98563604197e-05, 6.77386415191e-05, 6.37000266579e-05, 1.94331023522e-05, 1.21267230497e-05, 1.0949515854e-06], "dvar": [1.29612885758e-07, 2.31917033489e-06, 1.88341823559e-06, 3.85588691643e-07, 4.88876685267e-06, 8.70935946296e-06, 2.80545077658e-06, 1.1479269233e-05, 8.07471224107e-06, 7.59354179536e-06, 1.46241472976e-06, 1.82686721928e-06, 4.65018842988e-07, 4.98392580539e-07, 1.090381474e-07, 5.96276592546e-08, 3.05781782117e-08, 6.71632136573e-08, 8.66055049897e-09, 7.41017691652e-09, 4.54046578113e-09, 7.24795068408e-09, 4.79999258118e-08, 2.98452249581e-08, 1.37374589482e-09, 6.86623591317e-10, 2.47140372403e-12], "dvar2": [2.99974971085e-07, 6.17417435933e-06, 5.33553793503e-06, 1.10841972401e-06, 1.29210011437e-05, 2.4069848223e-05, 7.04214835423e-06, 2.71652788797e-05, 2.08690435102e-05, 1.93959585886e-05, 3.51138714905e-06, 4.53965003544e-06, 1.05018079921e-06, 1.18268121696e-06, 2.44224708013e-07, 1.18701350971e-07, 6.67309407731e-08, 1.50040676772e-07, 1.84151556226e-08, 1.47503138592e-08, 1.06801998356e-08, 1.55712331917e-08, 1.06849256554e-07, 5.41780558194e-08, 3.00341773674e-09, 1.21768795047e-09, 5.77912847785e-12], "max": [0.0145791471004, 0.0211785435677, 0.0255986638367, 0.018185948953, 0.0407587513328, 0.0659550428391, 0.0449385344982, 0.0940936282277, 0.129806533456, 0.0745173841715, 0.0309516973794, 0.0650785043836, 0.0179088748991, 0.0234329160303, 0.00999227818102, 0.00795707665384, 0.00574380345643, 0.0055548963137, 0.00155227037612, 0.00107495766133, 0.0010484555969, 0.00219552894123, 0.010496051982, 0.00670779775828, 0.00188320444431, 0.00122043618467, 2.87514430966e-05], "mean": [5.22735899722e-05, 0.00106110156048, 0.0014248911757, 0.000746158242691, 0.00319842272438, 0.00313497148454, 0.00200205249712, 0.00216352124698, 0.00165500631556, 0.00192550278734, 0.000811613746919, 0.000655718031339, 0.000378112163162, 0.000666004430968, 0.000250009645242, 0.000208917612326, 0.000218532019062, 0.000253688485827, 0.000116059229185, 8.21873254608e-05, 4.99309171573e-05, 5.6947064877e-05, 8.07766991784e-05, 9.1810565209e-05, 2.7072350349e-05, 1.49163142851e-05, 9.10816993382e-07], "median": [9.86161830951e-06, 0.000456317560747, 0.000847428455018, 0.000486963836011, 0.00234836339951, 0.00170641602017, 0.00104866269976, 0.000725353253074, 0.000699877506122, 0.00070073781535, 0.000319772894727, 0.000186056277016, 0.000108700827695, 0.000281010725303, 9.43611230468e-05, 8.45504400786e-05, 0.000127776380396, 0.000128473329823, 6.91968671163e-05, 4.17959345214e-05, 2.03146773856e-05, 1.63996428455e-05, 1.85447279364e-05, 2.53988146142e-05, 8.61398802954e-06, 4.14234864365e-06, 1.47629577896e-07], "min": [5.2180190652e-26, 8.9335864693e-25, 6.39907745363e-25, 7.22947139247e-25, 2.65325358533e-24, 4.22045001914e-24, 2.44231000991e-24, 1.0709758665e-23, 1.80119537638e-23, 1.18725001963e-23, 1.62021743186e-23, 1.75379793107e-23, 2.78886910901e-23, 3.43059199374e-23, 3.61166617929e-23, 7.36258524101e-23, 7.43238049846e-23, 7.25275055946e-23, 1.22005517902e-22, 1.39093709235e-22, 2.50497289981e-22, 3.25574053233e-22, 3.30045619767e-22, 6.29379029092e-22, 9.37790876907e-22, 1.20814322789e-21, 1.9136367068e-21], "var": [1.48247394804e-07, 2.45672572419e-06, 2.84657357952e-06, 7.824260706e-07, 9.84117923508e-06, 1.65230048879e-05, 1.00749821286e-05, 2.24907689699e-05, 1.43771085277e-05, 1.6276479073e-05, 2.75212755696e-06, 3.48754110746e-06, 8.79585684288e-07, 1.10704183953e-06, 2.63049656724e-07, 1.2233604707e-07, 8.34361699731e-08, 1.25213588831e-07, 2.00407050954e-08, 1.46340628504e-08, 7.39894501223e-09, 1.48841099445e-08, 9.2502290272e-08, 8.49842081152e-08, 2.72898104114e-09, 1.37217914808e-09, 3.74081061266e-12]}, "erbbands": {"dmean": [0.00936744734645, 0.200186938047, 1.01741039753, 1.24342513084, 2.4205083847, 6.1537270546, 10.9100656509, 13.4946269989, 12.7159013748, 18.3795623779, 26.22747612, 19.5519351959, 37.0786743164, 25.0174331665, 15.9884147644, 16.7526931763, 11.8096437454, 16.9643650055, 10.3416919708, 7.81257152557, 6.12259340286, 5.38862943649, 7.73744535446, 3.24755573273, 2.77194285393, 2.01629638672, 1.34361350536, 1.11438977718, 1.18404531479, 1.42686986923, 1.3544652462, 1.29684221745, 0.644542455673, 0.218456462026, 0.0907600298524, 0.0485890768468, 0.0165994074196, 0.00205650948919, 0.000134133239044, 1.19354581329e-05], "dmean2": [0.015834370628, 0.343753546476, 1.75681209564, 2.16123008728, 3.93663167953, 10.1531324387, 17.1307163239, 22.7066688538, 20.275932312, 28.6282577515, 40.6992530823, 30.6636619568, 58.9733772278, 38.8703994751, 25.2700653076, 25.798910141, 17.5659484863, 26.3729972839, 15.8785848618, 12.1526489258, 9.05691337585, 8.08922672272, 11.7683267593, 4.85372257233, 4.19423151016, 3.04398083687, 2.03770422935, 1.77961444855, 1.63377428055, 2.10023260117, 1.93233883381, 1.72078883648, 0.858487963676, 0.27666670084, 0.112568050623, 0.0615162998438, 0.0222722459584, 0.00268908054568, 0.000207860968658, 1.81647064892e-05], "dvar": [0.000562632456422, 0.183409005404, 2.6018717289, 2.64992284775, 11.2035074234, 86.0296478271, 411.475524902, 739.605895996, 637.045959473, 2160.45117188, 7385.234375, 5538.86816406, 7263.03613281, 6472.38183594, 1451.91418457, 3963.98852539, 954.726623535, 1095.87353516, 583.246154785, 216.933181763, 150.312026978, 75.2052078247, 216.548126221, 32.9195785522, 25.3499469757, 14.5403299332, 10.1892585754, 6.12253570557, 7.62533903122, 17.5176849365, 48.9048881531, 29.344997406, 3.37316727638, 0.268103063107, 0.0532528273761, 0.0191846080124, 0.00238927011378, 1.94897056645e-05, 1.17364429286e-07, 4.52725801292e-10], "dvar2": [0.00146513571963, 0.486269325018, 7.02010011673, 7.9655418396, 29.4219799042, 221.542938232, 1081.57226562, 2068.40820312, 1743.19335938, 5613.18945312, 16881.5019531, 14802.7158203, 18227.9941406, 16874.4414062, 3591.76318359, 9747.9140625, 2054.93920898, 2595.91186523, 1270.10693359, 491.156066895, 297.624908447, 158.509689331, 483.08807373, 64.6650466919, 55.9550285339, 26.7768783569, 23.5718479156, 15.1212692261, 15.9580755234, 38.510925293, 112.304618835, 52.610496521, 6.44020700455, 0.544044137001, 0.123167254031, 0.033769890666, 0.00465931044891, 3.80748242605e-05, 2.75173675846e-07, 1.06238884356e-09], "max": [0.64599353075, 6.00901508331, 29.1032428741, 32.8855056763, 66.8610229492, 201.205505371, 547.406738281, 430.375427246, 751.820983887, 1065.71166992, 3213.86767578, 3891.61572266, 2505.32080078, 2764.37060547, 1077.24560547, 3337.81762695, 992.026855469, 890.291625977, 1142.73303223, 401.862518311, 519.607055664, 213.549743652, 365.893707275, 88.706703186, 82.2156066895, 51.0350952148, 38.9910964966, 37.6596603394, 64.8716888428, 123.616424561, 334.520965576, 205.326828003, 70.2228469849, 22.2347183228, 12.7260885239, 5.43706464767, 2.76482200623, 0.193585306406, 0.00579543784261, 0.000384287181078], "mean": [0.0135543486103, 0.306623965502, 1.60247552395, 2.24787688255, 4.91903209686, 11.5121736526, 21.6840286255, 23.7386035919, 27.7297019958, 38.7364807129, 48.2570037842, 36.7786903381, 63.7522659302, 46.3627319336, 30.2727355957, 30.002494812, 20.8808765411, 33.788269043, 17.6910018921, 13.4307470322, 10.8396263123, 12.2639713287, 14.8217515945, 6.74254083633, 5.91041851044, 3.87409090996, 2.34710502625, 1.85951948166, 1.93649399281, 2.25207161903, 2.28386735916, 2.35124015808, 1.199634552, 0.375856816769, 0.163595274091, 0.0792815685272, 0.0247329436243, 0.00322661083192, 0.000169956998434, 3.20613507938e-05], "median": [0.00711879506707, 0.118421494961, 0.802653670311, 1.577075243, 3.4042224884, 7.73679161072, 12.3064556122, 11.6419782639, 14.8442955017, 15.0453720093, 16.3801822662, 16.2602806091, 29.4815063477, 14.0212192535, 13.7021284103, 9.22324943542, 7.85655546188, 14.7216157913, 7.04375553131, 6.14411830902, 5.2060918808, 7.43297958374, 7.56912708282, 3.57111787796, 3.75937533379, 1.98637115955, 0.943229913712, 0.721194267273, 0.588725745678, 0.533362150192, 0.524320602417, 0.573894262314, 0.370515704155, 0.120197236538, 0.0504584088922, 0.022173229605, 0.0067846281454, 0.000863041495904, 3.39499820257e-05, 2.23071547225e-05], "min": [3.81099429064e-23, 2.00210600582e-22, 1.99230186579e-21, 5.6417001457e-21, 8.76582843727e-21, 1.33501110519e-20, 1.34646303303e-20, 3.92278256288e-20, 1.00312328594e-19, 2.04160582887e-19, 3.03347939385e-19, 4.10806042184e-19, 3.64293391997e-19, 5.47352132169e-19, 6.39234320635e-19, 7.9247640505e-19, 1.46898684451e-18, 2.19348053204e-18, 2.45057860617e-18, 3.20864393585e-18, 4.34400598845e-18, 4.93003367394e-18, 4.95684962863e-18, 7.12798325603e-18, 7.13933879148e-18, 6.766741902e-18, 7.71233838233e-18, 9.59403365518e-18, 1.03258659857e-17, 1.07758174973e-17, 9.74947412717e-18, 1.1783701505e-17, 1.03554103956e-17, 9.02770031289e-18, 6.75287297826e-18, 4.5311746272e-18, 2.13230411509e-18, 9.01715479406e-19, 2.17820669372e-19, 2.57124472833e-20], "var": [0.000549628981389, 0.206936091185, 4.1489481926, 5.3672413826, 25.8360366821, 166.765945435, 856.851013184, 1153.19226074, 1660.16210938, 5699.19140625, 13793.5908203, 9695.046875, 13810.6533203, 14379.0097656, 2868.47875977, 7847.77197266, 2133.02587891, 2685.28491211, 1220.92907715, 499.647521973, 294.304046631, 221.014968872, 417.178009033, 78.7665786743, 50.5348320007, 31.4887237549, 16.1466388702, 10.4603538513, 15.4809513092, 36.6109542847, 87.0328063965, 80.9936447144, 9.28991508484, 0.634354948997, 0.0911115258932, 0.0394011512399, 0.00406378926709, 3.98496376874e-05, 1.49721657294e-07, 9.37831257097e-10]}, "gfcc": {"mean": [-31.1283893585, 108.103370667, -115.477043152, 12.6529636383, -68.2523040771, 7.13993120193, -45.5771446228, 8.01779460907, -26.0413360596, -5.712018013, -13.3337373734, -1.67000365257, -12.6925153732], "cov": [[22965.65625, 726.648620605, -2240.98046875, 104.222557068, -1015.1496582, 213.876342773, -798.203674316, 283.450775146, -404.662628174, 40.9458580017, -255.911026001, 131.431518555, -275.99395752], [726.648620605, 1201.12451172, -303.231872559, -24.1268463135, 123.123207092, -120.649688721, 59.770614624, -28.7451496124, 27.0192813873, -104.849441528, 86.748260498, -114.824409485, 50.119468689], [-2240.98046875, -303.231872559, 964.38079834, 181.364440918, 14.0104093552, 122.003196716, 43.5636405945, 6.92291975021, 4.68774461746, 33.0893592834, -33.3384628296, 34.6206741333, 16.5041484833], [104.222557068, -24.1268463135, 181.364440918, 285.313781738, 39.7029151917, 19.0029258728, 29.7180042267, -14.1713876724, 3.49279904366, 10.2027053833, -35.0611839294, 3.52332258224, 21.0640659332], [-1015.1496582, 123.123207092, 14.0104093552, 39.7029151917, 261.772979736, 9.91292667389, 83.829246521, -1.03989219666, 33.7678222656, 1.10642516613, 11.8293819427, -19.4924659729, 23.6846485138], [213.876342773, -120.649688721, 122.003196716, 19.0029258728, 9.91292667389, 185.960693359, 37.4068260193, 28.7979774475, -23.7096500397, 14.5459489822, -14.7671365738, 10.945186615, -20.0448265076], [-798.203674316, 59.770614624, 43.5636405945, 29.7180042267, 83.829246521, 37.4068260193, 176.432815552, 5.42055416107, 19.531671524, 0.646162211895, 18.8500232697, -14.6928529739, 22.8963241577], [283.450775146, -28.7451496124, 6.92291975021, -14.1713876724, -1.03989219666, 28.7979774475, 5.42055416107, 105.324523926, 18.5205440521, 10.6926231384, -12.9318828583, -0.410687953234, -13.7574234009], [-404.662628174, 27.0192813873, 4.68774461746, 3.49279904366, 33.7678222656, -23.7096500397, 19.531671524, 18.5205440521, 82.4269180298, 8.46654701233, 7.72567605972, -11.7486848831, 2.94388413429], [40.9458580017, -104.849441528, 33.0893592834, 10.2027053833, 1.10642516613, 14.5459489822, 0.646162211895, 10.6926231384, 8.46654701233, 78.9679794312, 2.02670288086, 12.0018224716, -2.63170981407], [-255.911026001, 86.748260498, -33.3384628296, -35.0611839294, 11.8293819427, -14.7671365738, 18.8500232697, -12.9318828583, 7.72567605972, 2.02670288086, 69.575843811, 3.01832032204, 4.76278972626], [131.431518555, -114.824409485, 34.6206741333, 3.52332258224, -19.4924659729, 10.945186615, -14.6928529739, -0.410687953234, -11.7486848831, 12.0018224716, 3.01832032204, 62.8507232666, 5.87304115295], [-275.99395752, 50.119468689, 16.5041484833, 21.0640659332, 23.6846485138, -20.0448265076, 22.8963241577, -13.7574234009, 2.94388413429, -2.63170981407, 4.76278972626, 5.87304115295, 61.7554893494]], "icov": [[0.000189329381101, -0.00033568876097, 0.000523627677467, -0.000488520541694, 0.00060618907446, -0.00055960851023, 0.000535596511327, -0.000475762964925, 0.000470277765999, -0.000484558491735, 0.000630921917036, -0.000750515086111, 0.000406224775361], [-0.00033568876097, 0.00210129260086, -0.000627186906058, 0.000562206201721, -0.00147523544729, 0.0013542039087, -0.000848071009386, 0.000526981835719, -0.000615440076217, 0.00238211196847, -0.0030460471753, 0.00370935420506, -0.00177957874257], [0.000523627677467, -0.000627186906058, 0.00282663735561, -0.00212941505015, 0.00172312371433, -0.00229915021919, 0.00142836919986, -0.00125700980425, 0.000938699347898, -0.00125284201931, 0.00157240929548, -0.00213362136856, 0.000586850335822], [-0.000488520541694, 0.000562206201721, -0.00212941505015, 0.00583202159032, -0.00197336822748, 0.00149781198706, -0.00194236834068, 0.00219076499343, -0.00141087733209, 0.000469025631901, 0.00121197197586, 0.00133334472775, -0.00174153211992], [0.00060618907446, -0.00147523544729, 0.00172312371433, -0.00197336822748, 0.00689535029233, -0.00226583541371, -5.6867756939e-05, -0.00119570258539, -5.95439050812e-05, -0.0019770830404, 0.00216378970072, -0.00206817267463, 0.000442131247837], [-0.00055960851023, 0.0013542039087, -0.00229915021919, 0.00149781198706, -0.00226583541371, 0.0092970058322, -0.00367069849744, -0.000474722299259, 0.00166137877386, 0.000918631500099, -0.00121893454343, 0.0016937450273, 0.00153827061877], [0.000535596511327, -0.000848071009386, 0.00142836919986, -0.00194236834068, -5.6867756939e-05, -0.00367069849744, 0.0094895446673, -0.00178353104275, 0.000251303135883, -0.000959513243288, -0.000818298081867, -9.02556930669e-05, -0.00170373811852], [-0.000475762964925, 0.000526981835719, -0.00125700980425, 0.00219076499343, -0.00119570258539, -0.000474722299259, -0.00178353104275, 0.0126123391092, -0.00461862981319, -5.04532472405e-05, 0.00144288060255, 0.000903904379811, 0.000830962439068], [0.000470277765999, -0.000615440076217, 0.000938699347898, -0.00141087733209, -5.95439050812e-05, 0.00166137877386, 0.000251303135883, -0.00461862981319, 0.0164813585579, -0.00277405185625, -0.000196594861336, 0.000671771995258, 0.0013189916499], [-0.000484558491735, 0.00238211196847, -0.00125284201931, 0.000469025631901, -0.0019770830404, 0.000918631500099, -0.000959513243288, -5.04532472405e-05, -0.00277405185625, 0.0165166556835, -0.00447907391936, 0.00171446322929, -0.00150456337724], [0.000630921917036, -0.0030460471753, 0.00157240929548, 0.00121197197586, 0.00216378970072, -0.00121893454343, -0.000818298081867, 0.00144288060255, -0.000196594861336, -0.00447907391936, 0.0220161899924, -0.00760809192434, 0.00270156143233], [-0.000750515086111, 0.00370935420506, -0.00213362136856, 0.00133334472775, -0.00206817267463, 0.0016937450273, -9.02556930669e-05, 0.000903904379811, 0.000671771995258, 0.00171446322929, -0.00760809192434, 0.0251709874719, -0.00643738778308], [0.000406224775361, -0.00177957874257, 0.000586850335822, -0.00174153211992, 0.000442131247837, 0.00153827061877, -0.00170373811852, 0.000830962439068, 0.0013189916499, -0.00150456337724, 0.00270156143233, -0.00643738778308, 0.0213131960481]]}, "melbands": {"dmean": [0.000136061644298, 0.000437842245447, 0.000217238601181, 0.000285229849396, 0.000359217490768, 0.000310234638164, 0.000184003030881, 0.00020304134523, 0.000220940099098, 0.0001231359347, 0.000185351338587, 0.00010342724272, 6.44170941086e-05, 4.17140727222e-05, 3.46576889569e-05, 2.74938211078e-05, 3.37209203281e-05, 2.00691974896e-05, 1.10419323391e-05, 9.75530565483e-06, 7.63793559599e-06, 5.99442819293e-06, 8.79040271684e-06, 5.77922628509e-06, 2.53673874795e-06, 2.22751395995e-06, 1.7529212073e-06, 1.40686677241e-06, 1.01830551102e-06, 6.64360982228e-07, 6.60264902308e-07, 6.87181795911e-07, 7.65762820265e-07, 8.42753934194e-07, 7.76029708049e-07, 9.20325533116e-07, 8.12174278053e-07, 5.34482467174e-07, 2.80222280935e-07, 1.61517164088e-07], "dmean2": [0.000231281490414, 0.000754349166527, 0.000369928515283, 0.000471101957373, 0.000570709235035, 0.000517733162269, 0.000293381512165, 0.000318867882015, 0.000339574064128, 0.000194259424461, 0.000294773373753, 0.000161096002557, 0.000101345649455, 6.4980071329e-05, 5.18089691468e-05, 4.20396281697e-05, 5.26474832441e-05, 3.12903721351e-05, 1.70069615706e-05, 1.52529109982e-05, 1.1293528587e-05, 9.11079041543e-06, 1.38863688335e-05, 8.78374703461e-06, 3.86340843761e-06, 3.43891019838e-06, 2.68274970949e-06, 2.22365360969e-06, 1.62730634656e-06, 1.03242643945e-06, 1.06740480987e-06, 9.54878942139e-07, 1.13401586077e-06, 1.2597370187e-06, 1.14347483304e-06, 1.3356435602e-06, 1.09966231321e-06, 7.40338464311e-07, 3.79446532861e-07, 2.13050242337e-07], "dvar": [9.31549664074e-08, 5.37857317795e-07, 7.50106394776e-08, 1.51480293198e-07, 3.98941750746e-07, 3.58722530791e-07, 1.34304130484e-07, 2.65290424295e-07, 5.36382060545e-07, 1.84474913567e-07, 1.84112735724e-07, 1.15969214676e-07, 2.56385916941e-08, 1.75517005374e-08, 1.35741444751e-08, 4.71698191618e-09, 4.10643385962e-09, 2.48334641739e-09, 6.71217914583e-10, 3.49200918182e-10, 2.39521014134e-10, 9.82791764637e-11, 2.4689808531e-10, 1.32875668801e-10, 1.90666284844e-11, 1.6664702604e-11, 9.91125324173e-12, 7.66302733074e-12, 7.10763479322e-12, 2.03057059014e-12, 2.00515754174e-12, 2.26378356165e-12, 5.17284305668e-12, 6.84542223253e-12, 1.60803627358e-11, 2.29619673969e-11, 9.61213920958e-12, 2.36765424974e-12, 5.15947256707e-13, 1.40059594781e-13], "dvar2": [2.46554549221e-07, 1.42028909522e-06, 2.17274532588e-07, 3.98986855998e-07, 1.06073684947e-06, 1.0118942555e-06, 3.69492198615e-07, 6.90159481564e-07, 1.21933555874e-06, 4.94604137202e-07, 4.60145258785e-07, 3.03676017666e-07, 6.36180885749e-08, 4.43702106168e-08, 3.24969349208e-08, 1.0505935677e-08, 9.69191304989e-09, 5.50572876179e-09, 1.54682733289e-09, 7.50095097146e-10, 4.91644225331e-10, 2.14537526633e-10, 6.02958682983e-10, 2.87102924768e-10, 3.89518035881e-11, 3.69618745333e-11, 2.01096431174e-11, 1.58309580722e-11, 1.81474817812e-11, 4.30450336833e-12, 4.99769323148e-12, 4.64085627566e-12, 1.19861577261e-11, 1.53436065936e-11, 3.94737853515e-11, 4.79989901991e-11, 1.7759628837e-11, 4.83881684721e-12, 1.02170138669e-12, 2.97975999344e-13], "max": [0.00563738774508, 0.0116837816313, 0.00612808344886, 0.00693842768669, 0.016370145604, 0.0104991029948, 0.0106953335926, 0.0114115281031, 0.0299086980522, 0.0215657427907, 0.0129986787215, 0.0121455471963, 0.00443413946778, 0.00601235870272, 0.00483662774786, 0.00191228161566, 0.00157310965005, 0.00252007460222, 0.00102119555231, 0.000501457892824, 0.000638859230094, 0.000313444557833, 0.000250753801083, 0.000336306431564, 7.68293539295e-05, 6.92588946549e-05, 4.42300952272e-05, 3.83798251278e-05, 3.38242389262e-05, 3.52167662641e-05, 1.98050784093e-05, 2.90811403829e-05, 7.69218604546e-05, 9.50708999881e-05, 0.000185717042768, 0.000170325554791, 0.000110728098662, 5.34363280167e-05, 3.06546389766e-05, 1.79462913366e-05], "mean": [0.000201997012482, 0.00070423213765, 0.000446761550847, 0.000561958295293, 0.000731320586056, 0.000571213837247, 0.000413839967223, 0.000410943786846, 0.000392488087527, 0.000223263748921, 0.000313695636578, 0.000184635806363, 0.000114645823487, 7.06609353074e-05, 5.92370306549e-05, 4.63921533083e-05, 6.46878106636e-05, 3.07246809825e-05, 1.83516567631e-05, 1.58992534125e-05, 1.250261721e-05, 1.21479088193e-05, 1.61169027706e-05, 1.01540399555e-05, 4.87734496346e-06, 4.45444220531e-06, 3.50628124579e-06, 2.36561959355e-06, 1.51649715008e-06, 1.19437686408e-06, 1.01532805274e-06, 1.05819742657e-06, 1.17473177852e-06, 1.27738610445e-06, 1.22575931982e-06, 1.51664232817e-06, 1.4205596699e-06, 9.42202120768e-07, 4.90963998345e-07, 2.52622612607e-07], "median": [0.000102630663605, 0.000348675705027, 0.000342457613442, 0.000412922236137, 0.000450576393632, 0.000292452547001, 0.0002235538268, 0.000155378918862, 0.000126209415612, 9.64117207332e-05, 0.00014015994384, 5.0250600907e-05, 4.90696183988e-05, 2.16115586227e-05, 1.78650007001e-05, 1.81365030585e-05, 2.66574788839e-05, 1.07324422061e-05, 7.32562602934e-06, 6.6750235419e-06, 5.7806064433e-06, 7.09911682861e-06, 8.37253992358e-06, 4.69877431897e-06, 2.43383806264e-06, 2.58876661974e-06, 2.14466081161e-06, 1.00288355043e-06, 5.41918211638e-07, 5.05623575009e-07, 3.59135469807e-07, 3.27784761112e-07, 2.94731478334e-07, 2.90511422918e-07, 2.74128922229e-07, 3.27622842633e-07, 3.44116244833e-07, 2.86241572667e-07, 1.49564598928e-07, 8.06974753687e-08], "min": [4.30119111608e-25, 1.31005252922e-24, 1.51624558428e-24, 6.68719854546e-25, 8.23057778943e-25, 6.56077175249e-25, 1.26841615482e-24, 2.45929990444e-24, 1.76454300546e-24, 2.81839057178e-24, 1.76815381904e-24, 1.80724365183e-24, 1.99251394631e-24, 2.20618836097e-24, 2.59911840014e-24, 3.05137827356e-24, 3.04863737634e-24, 3.71527493392e-24, 3.13465969983e-24, 5.15309423498e-24, 4.03787329023e-24, 4.72850208008e-24, 3.47605325884e-24, 4.43921298107e-24, 4.57339979877e-24, 3.33408511718e-24, 4.47304328099e-24, 3.59834523739e-24, 2.96999267726e-24, 4.34130627084e-24, 4.72857623301e-24, 5.2086481865e-24, 5.13827863832e-24, 5.75200532283e-24, 4.94740703698e-24, 6.02732566736e-24, 6.52432933689e-24, 6.41160781886e-24, 7.12226854811e-24, 6.76825143968e-24], "var": [9.109275112e-08, 8.11796553535e-07, 1.64456352536e-07, 2.95828300523e-07, 8.29100883948e-07, 6.09681933383e-07, 3.73627898398e-07, 6.55378869396e-07, 9.86884629128e-07, 3.21418042404e-07, 3.46557158082e-07, 2.51195046985e-07, 4.81317137258e-08, 3.43890675936e-08, 2.50676848168e-08, 9.10703779056e-09, 1.00985566576e-08, 4.47263204251e-09, 1.48689582868e-09, 7.37240324344e-10, 4.33881541806e-10, 2.59292504134e-10, 4.76633954527e-10, 2.41031639092e-10, 4.37717848079e-11, 3.27699915814e-11, 1.90196747241e-11, 1.45560646869e-11, 8.42007800289e-12, 4.08790883089e-12, 3.30818185346e-12, 4.35245936514e-12, 9.20919330377e-12, 1.3330865925e-11, 2.42329142863e-11, 4.87407059158e-11, 2.57363436118e-11, 5.84925033756e-12, 1.35499532601e-12, 2.66072591477e-13]}, "mfcc": {"mean": [-664.630554199, 140.203079224, 3.53763723373, 6.77703905106, -0.634129345417, -8.38918018341, -6.56559514999, 2.96366167068, -9.6855173111, -0.376048177481, -5.20364189148, -1.66467881203, -8.08331108093], "cov": [[9117.92285156, 423.479736328, -786.082214355, -296.493469238, -153.183395386, -156.639648438, -166.71913147, 59.9902534485, -141.221466064, 67.2362060547, 18.5533409119, 19.6318511963, -89.9485092163], [423.479736328, 1279.53369141, -206.718414307, 67.6957397461, 47.6888580322, -72.9705123901, 41.5002403259, 22.1950531006, -18.7815551758, -1.95777535439, 21.8670482635, 10.30946064, -29.6263847351], [-786.082214355, -206.718414307, 796.724060059, 70.3166351318, 49.1375846863, 77.8118515015, 28.091588974, 15.0727405548, 28.4353866577, 4.94180965424, -50.6124687195, 4.81536722183, 23.2795581818], [-296.493469238, 67.6957397461, 70.3166351318, 273.636383057, 41.4523162842, 42.9988937378, 6.30143737793, -12.7622642517, 51.446559906, -6.30811071396, -15.9800825119, -5.95121335983, 28.6317424774], [-153.183395386, 47.6888580322, 49.1375846863, 41.4523162842, 155.893554688, 25.8234958649, 2.66053962708, 10.9570732117, 18.926240921, 11.6515407562, 1.51066422462, -4.3851981163, -10.4358968735], [-156.639648438, -72.9705123901, 77.8118515015, 42.9988937378, 25.8234958649, 156.1456604, 67.2774581909, 10.9533395767, 28.1991825104, 1.01982092857, -5.65161037445, 0.675656855106, 16.3580055237], [-166.71913147, 41.5002403259, 28.091588974, 6.30143737793, 2.66053962708, 67.2774581909, 136.898071289, 33.9871673584, 29.946308136, 1.09865915775, 9.49833679199, 15.6052083969, 9.32746887207], [59.9902534485, 22.1950531006, 15.0727405548, -12.7622642517, 10.9570732117, 10.9533395767, 33.9871673584, 97.4895858765, 18.3739566803, 18.415178299, 7.30432128906, 1.07768702507, 1.95546650887], [-141.221466064, -18.7815551758, 28.4353866577, 51.446559906, 18.926240921, 28.1991825104, 29.946308136, 18.3739566803, 100.56452179, 29.0448894501, -0.49741718173, 0.417383879423, 17.2481498718], [67.2362060547, -1.95777535439, 4.94180965424, -6.30811071396, 11.6515407562, 1.01982092857, 1.09865915775, 18.415178299, 29.0448894501, 73.5490341187, 23.8529624939, -2.49188685417, -9.44861221313], [18.5533409119, 21.8670482635, -50.6124687195, -15.9800825119, 1.51066422462, -5.65161037445, 9.49833679199, 7.30432128906, -0.49741718173, 23.8529624939, 67.2139587402, 21.4463996887, -11.0113868713], [19.6318511963, 10.30946064, 4.81536722183, -5.95121335983, -4.3851981163, 0.675656855106, 15.6052083969, 1.07768702507, 0.417383879423, -2.49188685417, 21.4463996887, 59.1846542358, 21.2774372101], [-89.9485092163, -29.6263847351, 23.2795581818, 28.6317424774, -10.4358968735, 16.3580055237, 9.32746887207, 1.95546650887, 17.2481498718, -9.44861221313, -11.0113868713, 21.2774372101, 70.6071548462]], "icov": [[0.000134536807309, -3.86678730138e-05, 0.000123080637422, 7.42305564927e-05, 0.000109645123302, -8.41707515065e-05, 0.00019935995806, -0.000155260553584, 0.000122153418488, -0.00022221726249, 0.000242625654209, -0.000231817073654, 0.000146273130667], [-3.86678730138e-05, 0.00095276144566, 0.000217090317165, -0.00048587450874, -0.000397282768972, 0.000738217146136, -0.000768882513512, -0.000136274567922, 0.000390310451621, -4.20063624915e-05, 7.82042989158e-05, -0.000201469243621, 0.000323504384141], [0.000123080637422, 0.000217090317165, 0.00162549002562, -0.000271023804089, -0.000294017896522, -0.000449873186881, -1.02652193164e-05, -0.000362878316082, 0.000333700707415, -0.000779307971243, 0.00170729833189, -0.000998289790004, 0.000275318016065], [7.42305564927e-05, -0.00048587450874, -0.000271023804089, 0.00490043591708, -0.000751147803385, -0.00112315092701, 0.000947706808802, 0.00091834057821, -0.00246687163599, 0.00111531617586, -0.000194099688088, 0.000967570755165, -0.00157853600103], [0.000109645123302, -0.000397282768972, -0.000294017896522, -0.000751147803385, 0.0074860798195, -0.00149532593787, 0.00127604405861, -0.000922132458072, -0.000831775250845, -0.000540347478818, -1.48099097714e-05, -0.000482231582282, 0.00195826776326], [-8.41707515065e-05, 0.000738217146136, -0.000449873186881, -0.00112315092701, -0.00149532593787, 0.00979431718588, -0.00520403822884, 0.000728110957425, -5.62679269933e-05, -9.2518501333e-05, 1.38222085297e-05, 0.0014747219393, -0.00145740644075], [0.00019935995806, -0.000768882513512, -1.02652193164e-05, 0.000947706808802, 0.00127604405861, -0.00520403822884, 0.0120004424825, -0.0033033771906, -0.00281491712667, 0.00189515645616, -0.00106197362766, -0.00267262337729, 0.00103189435322], [-0.000155260553584, -0.000136274567922, -0.000362878316082, 0.00091834057821, -0.000922132458072, 0.000728110957425, -0.0033033771906, 0.0124056115746, -0.00109761196654, -0.00214774208143, -0.000656375952531, 0.0013719056733, -0.00125495507382], [0.000122153418488, 0.000390310451621, 0.000333700707415, -0.00246687163599, -0.000831775250845, -5.62679269933e-05, -0.00281491712667, -0.00109761196654, 0.0150385452434, -0.00684603350237, 0.00204993085936, 0.000196843771846, -0.00282736797817], [-0.00022221726249, -4.20063624915e-05, -0.000779307971243, 0.00111531617586, -0.000540347478818, -9.2518501333e-05, 0.00189515645616, -0.00214774208143, -0.00684603350237, 0.0202178731561, -0.00828251708299, 0.00315843522549, 0.00138909404632], [0.000242625654209, 7.82042989158e-05, 0.00170729833189, -0.000194099688088, -1.48099097714e-05, 1.38222085297e-05, -0.00106197362766, -0.000656375952531, 0.00204993085936, -0.00828251708299, 0.023501066491, -0.0107484115288, 0.00530574517325], [-0.000231817073654, -0.000201469243621, -0.000998289790004, 0.000967570755165, -0.000482231582282, 0.0014747219393, -0.00267262337729, 0.0013719056733, 0.000196843771846, 0.00315843522549, -0.0107484115288, 0.0252369008958, -0.00944773480296], [0.000146273130667, 0.000323504384141, 0.000275318016065, -0.00157853600103, 0.00195826776326, -0.00145740644075, 0.00103189435322, -0.00125495507382, -0.00282736797817, 0.00138909404632, 0.00530574517325, -0.00944773480296, 0.0201108939946]]}, "spectral_contrast_coeffs": {"dmean": [0.0482198894024, 0.0427046045661, 0.0390236973763, 0.0318722240627, 0.0214898176491, 0.0164903197438], "dmean2": [0.0798861309886, 0.0703556835651, 0.0632907897234, 0.0510068312287, 0.0342043153942, 0.0254652556032], "dvar": [0.00156384834554, 0.00126905902289, 0.00110087741632, 0.000836097926367, 0.000373290793505, 0.000283614703221], "dvar2": [0.00417648628354, 0.00345044722781, 0.00271927053109, 0.00203110114671, 0.000881546293385, 0.000651345704682], "max": [-0.324899464846, -0.448036074638, -0.485155463219, -0.582046627998, -0.569190323353, -0.68385052681], "mean": [-0.604332983494, -0.721481621265, -0.740789532661, -0.778800010681, -0.787892758846, -0.800803601742], "median": [-0.605662584305, -0.721679806709, -0.740418553352, -0.782524228096, -0.787529110909, -0.802253842354], "min": [-0.979735076427, -0.978290557861, -0.981800913811, -0.970667481422, -0.967196822166, -0.964122235775], "var": [0.00680819805712, 0.00456783594564, 0.0050574648194, 0.00376952812076, 0.00210791220888, 0.00142588920426]}, "spectral_contrast_valleys": {"dmean": [0.412555366755, 0.301629602909, 0.351558178663, 0.371229469776, 0.298274099827, 0.322600990534], "dmean2": [0.674198031425, 0.484204471111, 0.549465715885, 0.559307038784, 0.410814911127, 0.358286768198], "dvar": [0.134573429823, 0.0745991021395, 0.140762984753, 0.201088890433, 0.169366419315, 0.144084692001], "dvar2": [0.310791999102, 0.164503440261, 0.286963552237, 0.415468633175, 