{"lowlevel": {"average_loudness": 0.53204035759, "barkbands_crest": {"dmean": 3.06809902191, "dmean2": 4.93159866333, "dvar": 7.65263652802, "dvar2": 19.4243659973, "max": 26.7043018341, "mean": 11.8033065796, "median": 10.9674978256, "min": 2.38059997559, "var": 24.4151496887}, "barkbands_flatness_db": {"dmean": 0.023166757077, "dmean2": 0.035041436553, "dvar": 0.00053304922767, "dvar2": 0.00122659199405, "max": 0.601458787918, "mean": 0.16320091486, "median": 0.14075769484, "min": 0.0214719176292, "var": 0.00766143994406}, "barkbands_kurtosis": {"dmean": 4.09259748459, "dmean2": 6.39215660095, "dvar": 154.62878418, "dvar2": 388.810272217, "max": 590.07421875, "mean": 6.18803548813, "median": 2.07671403885, "min": -1.94865620136, "var": 287.994506836}, "barkbands_skewness": {"dmean": 0.627106010914, "dmean2": 0.961732268333, "dvar": 0.520409286022, "dvar2": 1.2303609848, "max": 21.6068477631, "mean": 1.63888907433, "median": 1.40698683262, "min": -3.86559677124, "var": 2.34361577034}, "barkbands_spread": {"dmean": 5.36176109314, "dmean2": 8.25992298126, "dvar": 61.886882782, "dvar2": 127.266166687, "max": 123.683815002, "mean": 21.1748809814, "median": 16.5315437317, "min": 0.0870198011398, "var": 312.582885742}, "dissonance": {"dmean": 0.0203750971705, "dmean2": 0.0342359207571, "dvar": 0.000439075491158, "dvar2": 0.00115772988647, "max": 0.500000059605, "mean": 0.454336851835, "median": 0.468976676464, "min": 0.13886654377, "var": 0.00217858911492}, "dynamic_complexity": 4.85445642471, "erbbands_crest": {"dmean": 2.42189836502, "dmean2": 3.89084887505, "dvar": 5.47149896622, "dvar2": 12.7626333237, "max": 30.2954883575, "mean": 9.03489780426, "median": 7.97327804565, "min": 2.18153452873, "var": 20.2141284943}, "erbbands_flatness_db": {"dmean": 0.01663624309, "dmean2": 0.0238297823817, "dvar": 0.000293065939331, "dvar2": 0.000530297576915, "max": 0.525773286819, "mean": 0.179077148438, "median": 0.163087815046, "min": 0.0453594997525, "var": 0.00513041391969}, "erbbands_kurtosis": {"dmean": 1.10402393341, "dmean2": 1.72304666042, "dvar": 4.79632472992, "dvar2": 10.6935377121, "max": 67.6797637939, "mean": 1.0125464201, "median": 0.234133243561, "min": -1.70076942444, "var": 11.0474843979}, "erbbands_skewness": {"dmean": 0.35396027565, "dmean2": 0.533946037292, "dvar": 0.120410054922, "dvar2": 0.253641247749, "max": 6.53617334366, "mean": 0.314676314592, "median": 0.280770152807, "min": -3.28338885307, "var": 0.94688719511}, "erbbands_spread": {"dmean": 6.78010177612, "dmean2": 10.3899059296, "dvar": 62.1010513306, "dvar2": 141.507324219, "max": 153.334075928, "mean": 31.0780849457, "median": 28.7964515686, "min": 0.754531443119, "var": 255.395950317}, "hfc": {"dmean": 7.3362030983, "dmean2": 10.0611152649, "dvar": 359.166778564, "dvar2": 633.552307129, "max": 422.933166504, "mean": 20.5144805908, "median": 7.12745428085, "min": 1.10053468824e-16, "var": 1361.26123047}, "melbands_crest": {"dmean": 3.77433657646, "dmean2": 6.06742191315, "dvar": 11.2548885345, "dvar2": 27.9930534363, "max": 34.7343139648, "mean": 16.1860198975, "median": 15.9260377884, "min": 1.72729635239, "var": 36.4436264038}, "melbands_flatness_db": {"dmean": 0.0295779462904, "dmean2": 0.0439542196691, "dvar": 0.00088630738901, "dvar2": 0.00197482993826, "max": 0.66932952404, "mean": 0.233918309212, "median": 0.2133500278, "min": 0.0040846192278, "var": 0.0102914646268}, "melbands_kurtosis": {"dmean": 7.13601350784, "dmean2": 11.2569637299, "dvar": 165.425323486, "dvar2": 402.479980469, "max": 253.355712891, "mean": 12.4838285446, "median": 6.7274312973, "min": -1.84850418568, "var": 405.993377686}, "melbands_skewness": {"dmean": 0.771192014217, "dmean2": 1.19937551022, "dvar": 0.646484375, "dvar2": 1.5761141777, "max": 13.3194828033, "mean": 2.51704955101, "median": 2.20016956329, "min": -1.07091629505, "var": 2.53002786636}, "melbands_spread": {"dmean": 7.83907365799, "dmean2": 12.0927591324, "dvar": 176.966217041, "dvar2": 362.173522949, "max": 236.610443115, "mean": 23.8370914459, "median": 16.4349708557, "min": 0.24019163847, "var": 729.009521484}, "pitch_salience": {"dmean": 0.0818817317486, "dmean2": 0.130379930139, "dvar": 0.00558091513813, "dvar2": 0.0139231383801, "max": 0.944999575615, "mean": 0.520207226276, "median": 0.521916031837, "min": 0.0349977053702, "var": 0.0192164853215}, "silence_rate_20dB": {"dmean": 0, "dmean2": 0, "dvar": 0, "dvar2": 0, "max": 1, "mean": 1, "median": 1, "min": 1, "var": 0}, "silence_rate_30dB": {"dmean": 0.00381242856383, "dmean2": 0.00762558402494, "dvar": 0.00379796023481, "dvar2": 0.00985523499548, "max": 1, "mean": 0.996759772301, "median": 1, "min": 0, "var": 0.00322991469875}, "silence_rate_60dB": {"dmean": 0.0415554717183, "dmean2": 0.0831188634038, "dvar": 0.0398327298462, "dvar2": 0.0876406282187, "max": 1, "mean": 0.212808534503, "median": 0, "min": 0, "var": 0.167518779635}, "spectral_centroid": {"dmean": 223.503341675, "dmean2": 335.866699219, "dvar": 97215.640625, "dvar2": 187027.75, "max": 11534.8828125, "mean": 1354.59436035, "median": 1181.21398926, "min": 146.156677246, "var": 1002529.5}, "spectral_complexity": {"dmean": 3.19996190071, "dmean2": 4.76046133041, "dvar": 14.7645740509, "dvar2": 27.8722476959, "max": 59, "mean": 17.0641384125, "median": 12, "min": 0, "var": 169.66116333}, "spectral_decrease": {"dmean": 2.01213889994e-09, "dmean2": 3.32029492789e-09, "dvar": 1.14171901833e-17, "dvar2": 3.27822694801e-17, "max": 1.34965270495e-28, "mean": -5.52993295599e-09, "median": -2.92026292037e-09, "min": -5.73071972099e-08, "var": 3.84824935039e-17}, "spectral_energy": {"dmean": 0.0079777603969, "dmean2": 0.0130461500958, "dvar": 0.000170462255483, "dvar2": 0.000485037919134, "max": 0.21762496233, "mean": 0.0227319467813, "median": 0.012446728535, "min": 9.91594391525e-21, "var": 0.000623364467174}, "spectral_energyband_high": {"dmean": 0.000532868434675, "dmean2": 0.000717560993508, "dvar": 4.01499210056e-06, "dvar2": 6.94979735272e-06, "max": 0.0405560694635, "mean": 0.00103754794691, "median": 0.00010051177378, "min": 7.2395679238e-21, "var": 1.21368984765e-05}, "spectral_energyband_low": {"dmean": 0.00619052629918, "dmean2": 0.01028478425, "dvar": 0.000140310774441, "dvar2": 0.000403551122872, "max": 0.216366276145, "mean": 0.011558371596, "median": 0.00367726758122, "min": 2.42132540264e-23, "var": 0.000312704243697}, "spectral_energyband_middle_high": {"dmean": 0.00150102516636, "dmean2": 0.00219062506221, "dvar": 7.05298771209e-06, "dvar2": 1.45531339513e-05, "max": 0.0564254373312, "mean": 0.00453360192478, "median": 0.00160605181009, "min": 1.12274076764e-21, "var": 4.27516897616e-05}, "spectral_energyband_middle_low": {"dmean": 0.00315848388709, "dmean2": 0.00524236354977, "dvar": 5.41278277524e-05, "dvar2": 0.000149860876263, "max": 0.108319416642, "mean": 0.00621697260067, "median": 0.00401730556041, "min": 1.74609792288e-22, "var": 5.99070517637e-05}, "spectral_entropy": {"dmean": 0.160654678941, "dmean2": 0.232496663928, "dvar": 0.035366140306, "dvar2": 0.0656286627054, "max": 9.81532859802, "mean": 7.36838674545, "median": 7.45606994629, "min": 3.543227911, "var": 0.556313335896}, "spectral_flux": {"dmean": 0.0210283137858, "dmean2": 0.0331939980388, "dvar": 0.000683032500092, "dvar2": 0.001535985386, "max": 0.337769418955, "mean": 0.0737663730979, "median": 0.0624645166099, "min": 6.36046701419e-11, "var": 0.00305769080296}, "spectral_kurtosis": {"dmean": 3.66039276123, "dmean2": 5.94832658768, "dvar": 61.7993774414, "dvar2": 151.813873291, "max": 289.924591064, "mean": 10.0276355743, "median": 5.63675403595, "min": -1.25656807423, "var": 245.302032471}, "spectral_rms": {"dmean": 0.000703303492628, "dmean2": 0.00110361550469, "dvar": 7.56567715143e-07, "dvar2": 2.02681394512e-06, "max": 0.0145711032674, "mean": 0.00400543399155, "median": 0.00348470220342, "min": 3.11032016115e-12, "var": 6.13398788119e-06}, "spectral_rolloff": {"dmean": 512.74017334, "dmean2": 833.872436523, "dvar": 1289300.25, "dvar2": 2492400.5, "max": 19961.2792969, "mean": 1626.35131836, "median": 968.994140625, "min": 64.599609375, "var": 5366984}, "spectral_skewness": {"dmean": 0.332870155573, "dmean2": 0.527483820915, "dvar": 0.239351794124, "dvar2": 0.591676354408, "max": 15.102478981, "mean": 2.04128623009, "median": 1.78239393234, "min": -0.0679808631539, "var": 1.3107868433}, "spectral_spread": {"dmean": 527025.3125, "dmean2": 740636.875, "dvar": 703473188864, "dvar2": 1151523094530.0, "max": 42638936, "mean": 4123584.5, "median": 3703950, "min": 515405.59375, "var": 9027138355200.0}, "spectral_strongpeak": {"dmean": 0.339041888714, "dmean2": 0.585115909576, "dvar": 0.785172939301, "dvar2": 2.0548760891, "max": 17.8703041077, "mean": 0.553962469101, "median": 0.317076653242, "min": 0, "var": 0.823044061661}, "zerocrossingrate": {"dmean": 0.0109190801159, "dmean2": 0.0120731275529, "dvar": 0.000372109177988, "dvar2": 0.000372127979062, "max": 0.5244140625, "mean": 0.0586649477482, "median": 0.044921875, "min": 0.001953125, "var": 0.0038071081508}, "barkbands": {"dmean": [0.000159599439939, 0.00516103161499, 0.00192011997569, 0.00120759266429, 0.00121201947331, 0.000494578969665, 0.000381691294024, 0.000465043704025, 0.000606484594755, 0.000294338242384, 0.000229563476751, 0.000187747136806, 0.0002973038645, 0.000331904971972, 0.000316399498843, 0.000260993867414, 0.000287158734864, 0.000216447442654, 0.000251603167271, 0.000116821727715, 7.45871511754e-05, 9.41141915973e-05, 7.80655391281e-05, 0.000125382342958, 0.000152006556164, 5.10445934196e-05, 5.04827994519e-06], "dmean2": [0.000190305669094, 0.00840665400028, 0.00308372289874, 0.00217618374154, 0.00209978967905, 0.000780831614975, 0.000596773403231, 0.000731144740712, 0.000957940530498, 0.000476647226606, 0.000362661463441, 0.000299945648294, 0.000469129590783, 0.000525337993167, 0.000506961834617, 0.000411668996094, 0.000461422954686, 0.000341008009855, 0.000390961649828, 0.00018114510749, 0.000111444765935, 0.000138691379107, 0.000112065754365, 0.000177269685082, 0.000210250669625, 6.91237291903e-05, 7.11433312972e-06], "dvar": [1.01364712179e-07, 0.000104660983197, 2.30628320423e-05, 1.86181459867e-05, 9.54415554588e-06, 9.11117638225e-07, 9.256207818e-07, 1.22076357911e-06, 2.86054500975e-06, 4.03731519327e-07, 3.00735223391e-07, 2.00472683787e-07, 5.4384889836e-07, 6.85834891101e-07, 8.145094057e-07, 7.26826272057e-07, 5.45571140265e-07, 2.79237440282e-07, 4.39496687932e-07, 1.0967103492e-07, 4.6937167042e-08, 1.17658146337e-07, 1.09041437213e-07, 3.89646203303e-07, 5.43865610325e-07, 7.15835994924e-08, 6.71090072402e-10], "dvar2": [1.44220123843e-07, 0.000294985133223, 5.57605781069e-05, 5.39235043107e-05, 2.67803934548e-05, 2.33519767789e-06, 2.24335985877e-06, 2.88735259346e-06, 6.94329037287e-06, 1.00773866052e-06, 5.92142214373e-07, 4.77002799926e-07, 1.18738614674e-06, 1.5949748331e-06, 1.97155145543e-06, 1.58802629358e-06, 1.35780851451e-06, 6.44738292976e-07, 1.01310388345e-06, 2.61667992163e-07, 1.07318761877e-07, 2.59610601461e-07, 2.26114821089e-07, 7.55522876261e-07, 9.87785938378e-07, 1.22472656017e-07, 1.30943056398e-09], "max": [0.00542961573228, 0.215005353093, 0.0645159780979, 0.0682601034641, 0.044322296977, 0.018032617867, 0.0262113381177, 0.02559030056, 0.0386074855924, 0.0194576028734, 0.0277139302343, 0.0124864373356, 0.0236003119498, 0.017097659409, 0.0266016051173, 0.0377714112401, 0.022093873471, 0.0107183372602, 0.016217103228, 0.0107006765902, 0.0079517653212, 0.0104781556875, 0.0106057738885, 0.0164298303425, 0.0203793663532, 0.00793192442507, 0.000834811013192], "mean": [0.000380535639124, 0.00839977804571, 0.00226065004244, 0.0011165025644, 0.00160246400628, 0.000896191748325, 0.000667051644996, 0.000758015958127, 0.00100205338094, 0.0004603350244, 0.00036272246507, 0.000294192024739, 0.000488850753754, 0.000531897763722, 0.000505701755174, 0.000462218536995, 0.000503501447383, 0.00037439740845, 0.000497932604048, 0.000204466050491, 0.000123756792163, 0.000159147428349, 0.000129685446154, 0.000204517738894, 0.000254644051893, 8.32655714476e-05, 7.50193567001e-06], "median": [2.1879644919e-05, 0.00200482457876, 0.000187320401892, 0.00025761660072, 0.000689941341989, 0.000544777547475, 0.000281172076939, 0.000302136089886, 0.000283658999251, 0.000184533448191, 0.00013405556092, 0.000101196666947, 0.000108972380986, 9.34235067689e-05, 8.07713513495e-05, 6.84954211465e-05, 7.97761167632e-05, 5.38791246072e-05, 7.96633466962e-05, 2.49510121648e-05, 1.12014595288e-05, 2.02127175726e-05, 8.36398612591e-06, 9.59791941568e-06, 1.03459715319e-05, 3.36432640324e-06, 3.19783566738e-07], "min": [9.04263268438e-25, 6.16082696493e-24, 1.06933251146e-24, 5.67439531343e-25, 9.65929886184e-24, 5.56142678332e-24, 6.12566585667e-24, 1.26728437608e-23, 1.40879245407e-23, 1.48699617991e-23, 1.64260987975e-23, 3.187470427e-23, 3.42264784888e-23, 3.76458023933e-23, 3.21684003405e-23, 5.75129266589e-23, 7.48098884526e-23, 9.65498221497e-23, 1.08497455036e-22, 1.82056336311e-22, 2.36346589467e-22, 3.16773016104e-22, 4.5200427302e-22, 6.71346277789e-22, 8.38144289766e-22, 1.22326482054e-21, 1.6948078529e-21], "var": [5.27040242559e-07, 0.000209308651392, 2.78557981801e-05, 1.19412588901e-05, 8.61206990521e-06, 1.37251754495e-06, 1.81254063136e-06, 2.34953836298e-06, 5.98020551479e-06, 6.92390869972e-07, 7.3706303283e-07, 3.40949327438e-07, 1.48957349211e-06, 1.45401327245e-06, 1.40821714467e-06, 1.85327587587e-06, 1.2306171584e-06, 6.75679075357e-07, 1.1731478935e-06, 2.14597122294e-07, 8.59363069594e-08, 2.31655434391e-07, 2.62048786226e-07, 9.1070040753e-07, 1.44692432968e-06, 2.04081658239e-07, 1.44417278136e-09]}, "erbbands": {"dmean": [0.157392084599, 1.17306792736, 2.24344992638, 2.96909499168, 4.85566854477, 3.60675764084, 3.05038952827, 4.54072809219, 5.49436569214, 7.41956424713, 9.51267528534, 15.7754774094, 8.39178752899, 8.03685569763, 9.79940414429, 7.48696565628, 13.5308818817, 15.0983142853, 15.553486824, 15.9842071533, 13.517706871, 13.4791355133, 12.1077241898, 10.7552595139, 11.6982355118, 5.17624616623, 3.0297036171, 3.09590816498, 3.45462727547, 2.79462075233, 2.16372251511, 2.29249930382, 2.30017447472, 1.84089958668, 1.0399466753, 0.346486866474, 0.0715040564537, 0.0112486230209, 0.000859238847625, 3.63231411029e-05], "dmean2": [0.247138619423, 1.94651627541, 3.59778022766, 5.234375, 8.59185791016, 6.12940359116, 4.94952011108, 7.20243310928, 8.62042140961, 11.7195043564, 14.8483924866, 24.7868328094, 13.5239896774, 12.9754800797, 15.3474035263, 11.8765459061, 21.0222702026, 23.7512893677, 24.4398479462, 25.2818546295, 20.9871788025, 21.3076381683, 18.8930950165, 16.4444084167, 18.328742981, 7.90655755997, 4.59560489655, 4.67842149734, 5.11924171448, 4.03628015518, 3.12212896347, 3.27938389778, 3.2880833149, 2.5842165947, 1.43470215797, 0.466058135033, 0.0971300303936, 0.0151840588078, 0.00118491076864, 5.10978206876e-05], "dvar": [0.0967508256435, 5.69282007217, 26.8981723785, 84.505607605, 237.657852173, 63.574508667, 32.4571990967, 88.3810195923, 177.552688599, 262.334350586, 645.181213379, 2047.24401855, 411.863708496, 351.499572754, 480.170227051, 298.22265625, 1144.25036621, 1390.86669922, 2149.30371094, 2766.95092773, 1570.15930176, 1201.82116699, 828.729492188, 868.456542969, 978.364013672, 214.810424805, 62.2502326965, 126.404998779, 164.204376221, 108.332015991, 87.4580078125, 131.890777588, 131.759368896, 83.8469772339, 27.0012722015, 3.34007501602, 0.134095400572, 0.0038992271293, 1.84390264621e-05, 1.83830408673e-08], "dvar2": [0.255119413137, 16.2462444305, 66.8820343018, 247.343322754, 680.428466797, 172.834091187, 83.8401641846, 226.676773071, 442.752502441, 609.35168457, 1538.45324707, 4963.86279297, 969.493164062, 908.246704102, 939.992553711, 678.909179688, 2396.77050781, 3276.29589844, 5072.34716797, 6648.54199219, 3410.32397461, 3005.00976562, 1905.21374512, 2029.76477051, 2306.05273438, 494.071258545, 141.950424194, 307.159790039, 365.098388672, 230.764801025, 176.117538452, 259.323059082, 262.509490967, 160.749847412, 49.6479148865, 5.55233430862, 0.257119178772, 0.00739012937993, 3.54623080057e-05, 3.53949083376e-08], "max": [7.94988441467, 45.560634613, 64.9855422974, 145.078063965, 218.144973755, 129.475540161, 103.108703613, 226.365127563, 386.981567383, 405.929412842, 756.54498291, 1163.40246582, 813.042602539, 521.668334961, 1099.45458984, 544.25567627, 1180.43249512, 957.722412109, 1692.28527832, 1747.0982666, 2232.25390625, 1277.14599609, 640.463500977, 858.969238281, 926.801574707, 625.171386719, 157.260864258, 526.858886719, 420.318664551, 317.127410889, 298.149047852, 321.406585693, 283.178497314, 245.072967529, 179.892333984, 64.6681900024, 12.1497974396, 3.18045210838, 0.142567947507, 0.00381877506152], "mean": [0.285972654819, 1.68180847168, 2.87710595131, 3.14760065079, 5.12047576904, 4.95462417603, 5.3054151535, 7.94397592545, 9.94338607788, 13.0529174805, 16.5768146515, 26.291765213, 13.4458341599, 13.1877470016, 16.8055839539, 13.5891618729, 23.6305789948, 25.6511306763, 26.9827861786, 26.7056484222, 27.2819881439, 25.7003917694, 22.4983863831, 21.2312583923, 23.3297710419, 9.98706626892, 5.17403793335, 5.24397945404, 5.83579492569, 4.60930490494, 3.6414577961, 3.74915456772, 3.64424824715, 3.03601026535, 1.68617272377, 0.558540284634, 0.111765600741, 0.0174137204885, 0.00128093967214, 7.07123908796e-05], "median": [0.054265037179, 0.323717802763, 0.324537217617, 0.606300413609, 1.62106108665, 2.25476884842, 2.88128829002, 4.8439655304, 4.4819817543, 6.04259157181, 6.63886022568, 7.68289279938, 5.65292692184, 5.12347555161, 6.85193634033, 4.70406389236, 5.60901260376, 5.08132076263, 4.90786027908, 4.20076322556, 3.95465397835, 4.4422621727, 3.70390915871, 3.4278690815, 3.96626925468, 1.44098973274, 0.475319802761, 0.548807799816, 0.774711728096, 0.383976727724, 0.223799973726, 0.194606810808, 0.148953944445, 0.109129115939, 0.068875670433, 0.0226084589958, 0.0045561734587, 0.000863548833877, 6.63119280944e-05, 1.9045352019e-05], "min": [1.12521062171e-22, 7.50641364291e-22, 2.95804855954e-21, 8.64254217529e-21, 1.56915160537e-20, 3.87793289469e-20, 4.8855245069e-20, 4.72751297662e-20, 8.13947144469e-20, 2.75268337065e-19, 3.66003226022e-19, 3.04981207505e-19, 6.85107844552e-19, 8.57702749976e-19, 1.27301690065e-18, 1.59714596932e-18, 1.9938187777e-18, 2.09693077017e-18, 1.99092426595e-18, 3.08369292765e-18, 4.12572625969e-18, 5.03307432208e-18, 4.90858115835e-18, 6.45548459085e-18, 7.28371241406e-18, 8.32672512794e-18, 1.01393855612e-17, 9.49618397898e-18, 1.037954339e-17, 1.32228510142e-17, 1.14705201717e-17, 1.32589789546e-17, 9.79334116941e-18, 8.10937597737e-18, 6.79533009115e-18, 4.37526845252e-18, 2.17015217761e-18, 9.88768690854e-19, 2.39562129496e-19, 2.54241199099e-20], "var": [0.244246706367, 9.60772514343, 36.2551269531, 65.2861633301, 167.235687256, 70.2522506714, 56.4432945251, 118.659049988, 333.44241333, 541.479003906, 1181.921875, 4293.53076172, 623.326904297, 637.153991699, 1182.54309082, 642.928894043, 3380.89819336, 3074.30834961, 3657.60986328, 5229.78466797, 6184.01806641, 2863.49169922, 2167.5625, 1956.74389648, 2789.94970703, 501.938446045, 121.803001404, 188.491409302, 310.727661133, 244.065231323, 220.863525391, 314.199310303, 294.378479004, 206.598632812, 69.6489715576, 9.37525653839, 0.345459252596, 0.0086999386549, 4.34067405877e-05, 4.65389575766e-08]}, "gfcc": {"mean": [-63.051486969, 108.340324402, -120.65045929, 17.754776001, -48.1485977173, 4.1318898201, -36.1832466125, 8.30645084381, -20.5954303741, 1.83955204487, -11.8178863525, 0.0763153135777, -9.84310626984], "cov": [[23968.484375, -4308.12792969, -88.3150787354, 2859.32763672, -277.878295898, 2342.62890625, -186.318664551, 1810.24584961, -203.531265259, 736.546386719, -486.700256348, 31.7802009583, -504.177276611], [-4308.12792969, 3322.49145508, -423.184814453, -478.916595459, 479.652252197, -655.41809082, 465.879241943, -579.374267578, 361.247009277, -270.686828613, 303.896759033, -56.6709289551, 208.28302002], [-88.3150787354, -423.184814453, 943.9921875, 216.936935425, 48.4866943359, 296.437713623, 8.11571788788, 108.913337708, 0.133130267262, 98.4467849731, -5.43528413773, 19.2259235382, -11.5144357681], [2859.32763672, -478.916595459, 216.936935425, 847.262512207, 155.026596069, 510.057128906, 176.79208374, 278.838867188, 105.715927124, 109.709686279, 12.4188814163, -6.88913583755, 2.57129192352], [-277.878295898, 479.652252197, 48.4866943359, 155.026596069, 365.741149902, 62.2180175781, 184.722763062, 21.845041275, 125.408737183, 6.56494808197, 72.6523666382, 1.23864221573, 50.6496391296], [2342.62890625, -655.41809082, 296.437713623, 510.057128906, 62.2180175781, 590.205932617, 102.493759155, 316.971038818, 45.3527374268, 145.600982666, -20.5421504974, 6.59976148605, -38.9974746704], [-186.318664551, 465.879241943, 8.11571788788, 176.79208374, 184.722763062, 102.493759155, 349.016143799, 9.66526985168, 184.007247925, 22.6764335632, 102.579216003, 7.13210344315, 44.845905304], [1810.24584961, -579.374267578, 108.913337708, 278.838867188, 21.845041275, 316.971038818, 9.66526985168, 362.762084961, 30.1376533508, 140.219726562, -14.7464780807, 11.8618974686, -53.6393508911], [-203.531265259, 361.247009277, 0.133130267262, 105.715927124, 125.408737183, 45.3527374268, 184.007247925, 30.1376533508, 230.251602173, 51.2815170288, 83.2182388306, 21.6345176697, 36.1730651855], [736.546386719, -270.686828613, 98.4467849731, 109.709686279, 6.56494808197, 145.600982666, 22.6764335632, 140.219726562, 51.2815170288, 150.904754639, 21.2791347504, 31.6615600586, -18.3229885101], [-486.700256348, 303.896759033, -5.43528413773, 12.4188814163, 72.6523666382, -20.5421504974, 102.579216003, -14.7464780807, 83.2182388306, 21.2791347504, 138.893661499, 28.4572353363, 36.2827644348], [31.7802009583, -56.6709289551, 19.2259235382, -6.88913583755, 1.23864221573, 6.59976148605, 7.13210344315, 11.8618974686, 21.6345176697, 31.6615600586, 28.4572353363, 79.564743042, 18.0796489716], [-504.177276611, 208.28302002, -11.5144357681, 2.57129192352, 50.6496391296, -38.9974746704, 44.845905304, -53.6393508911, 36.1730651855, -18.3229885101, 36.2827644348, 18.0796489716, 101.380935669]], "icov": [[0.000159343748237, -0.000107128056698, 0.000223233364522, -0.000500185647979, 0.000189566140762, -0.00022334913956, 0.000148061168147, -0.000268821517238, 0.000290320254862, -0.000345612177625, 0.000425823964179, -0.000382130703656, 0.000411915942095], [-0.000107128056698, 0.00120331672952, -2.4618651878e-05, 0.000800000678282, -0.00104083353654, 0.000483360723592, -0.000604722939897, 0.00097087136237, -0.00129444163758, 0.00115942500997, -0.00144795142114, 0.0014059295645, -0.000602021522354], [0.000223233364522, -2.4618651878e-05, 0.00167817773763, -0.000574898673221, -0.000104589402326, -0.00123855052516, 0.000493349914905, 0.000324635271681, 0.000422329787398, -0.00101088976953, 0.00036506523611, -0.000512129161507, 0.000522563466802], [-0.000500185647979, 0.000800000678282, -0.000574898673221, 0.00456186616793, -0.00140113406815, -0.00144390994683, -0.000929192407057, 0.000732855638489, -0.00176051899325, 0.00196846947074, -0.00179709855001, 0.00224393396638, -0.00214176415466], [0.000189566140762, -0.00104083353654, -0.000104589402326, -0.00140113406815, 0.0051135676913, -0.000132841421873, -0.000833856582176, -0.001551559777, 0.000456978188595, -0.000364766048733, 0.000871499010827, -0.000890262715984, -0.000335248041665], [-0.00022334913956, 0.000483360723592, -0.00123855052516, -0.00144390994683, -0.000132841421873, 0.00668256450444, -0.00210551964119, -0.00227776565589, 0.000420051743276, -0.000570599513594, 0.000411287561292, 0.000630778435152, -0.000357373734005], [0.000148061168147, -0.000604722939897, 0.000493349914905, -0.000929192407057, -0.000833856582176, -0.00210551964119, 0.00723197497427, 0.000784420524724, -0.0030774353072, 0.000138101662742, -0.00149477354717, -7.61951814638e-05, 0.000552482611965], [-0.000268821517238, 0.00097087136237, 0.000324635271681, 0.000732855638489, -0.001551559777, -0.00227776565589, 0.000784420524724, 0.00823396071792, -0.00167926808354, -0.00260590808466, -0.0015131959226, 0.00150756014045, 0.000996163813397], [0.000290320254862, -0.00129444163758, 0.000422329787398, -0.00176051899325, 0.000456978188595, 0.000420051743276, -0.0030774353072, -0.00167926808354, 0.0107288770378, -0.00437788944691, 0.000597875099629, -0.00223518675193, 0.000167190315551], [-0.000345612177625, 0.00115942500997, -0.00101088976953, 0.00196846947074, -0.000364766048733, -0.000570599513594, 0.000138101662742, -0.00260590808466, -0.00437788944691, 0.0149499755353, -0.00358383520506, -0.00169330195058, 0.00010600395035], [0.000425823964179, -0.00144795142114, 0.00036506523611, -0.00179709855001, 0.000871499010827, 0.000411287561292, -0.00149477354717, -0.0015131959226, 0.000597875099629, -0.00358383520506, 0.0137987304479, -0.00476248655468, -0.000187224912224], [-0.000382130703656, 0.0014059295645, -0.000512129161507, 0.00224393396638, -0.000890262715984, 0.000630778435152, -7.61951814638e-05, 0.00150756014045, -0.00223518675193, -0.00169330195058, -0.00476248655468, 0.0177588853985, -0.00435623107478], [0.000411915942095, -0.000602021522354, 0.000522563466802, -0.00214176415466, -0.000335248041665, -0.000357373734005, 0.000552482611965, 0.000996163813397, 0.000167190315551, 0.00010600395035, -0.000187224912224, -0.00435623107478, 0.0143788456917]]}, "melbands": {"dmean": [0.0014321920462, 0.00121855828911, 0.000566015485674, 0.00030978344148, 0.000113316236821, 9.97547249426e-05, 8.21735302452e-05, 8.75660261954e-05, 8.83359389263e-05, 9.17299257708e-05, 4.16611001128e-05, 3.40762999258e-05, 3.31945775542e-05, 2.27853724937e-05, 2.58899272012e-05, 2.7219984986e-05, 3.19407226925e-05, 2.72831293842e-05, 2.22352900892e-05, 2.08693199966e-05, 1.74689321284e-05, 1.58141647262e-05, 1.39613302963e-05, 9.83276186162e-06, 9.36356718739e-06, 1.07318610389e-05, 6.47032629786e-06, 3.10823816108e-06, 1.98405064111e-06, 1.91433787222e-06, 1.90100195141e-06, 2.08826736525e-06, 1.79371556897e-06, 1.57942770329e-06, 1.31613956e-06, 1.1946988252e-06, 1.61460332038e-06, 1.73418493432e-06, 1.53154064719e-06, 1.67546136254e-06], "dmean2": [0.00231837225147, 0.00199007266201, 0.000989260617644, 0.000541335321032, 0.00018409351469, 0.000157564194524, 0.000127848732518, 0.000137946655741, 0.000138315110235, 0.000144027566421, 6.73296381137e-05, 5.54099133296e-05, 5.18002416356e-05, 3.60986668966e-05, 4.05737155234e-05, 4.31537664554e-05, 5.04377967445e-05, 4.33018576587e-05, 3.55049378413e-05, 3.3002015698e-05, 2.72374618362e-05, 2.53663638432e-05, 2.20074816752e-05, 1.53870951181e-05, 1.45068715938e-05, 1.66675454238e-05, 1.02019221231e-05, 4.82954555991e-06, 3.08985681841e-06, 2.89923627861e-06, 2.97056863019e-06, 3.1606284665e-06, 2.67866698778e-06, 2.35220659306e-06, 1.93802270587e-06, 1.71583712927e-06, 2.33321611631e-06, 2.52672111856e-06, 2.21928894462e-06, 2.39723931372e-06], "dvar": [8.0147628978e-06, 6.4419523369e-06, 3.07118239107e-06, 7.37040522836e-07, 4.2741589823e-08, 3.95123755936e-08, 4.07193638807e-08, 3.57529685857e-08, 5.38694528984e-08, 6.90711985385e-08, 1.04390007749e-08, 6.54682219547e-09, 6.28854124329e-09, 3.06133984829e-09, 4.43708536579e-09, 4.77214001648e-09, 6.78243505803e-09, 6.95696522612e-09, 3.97574062561e-09, 5.16314546672e-09, 3.15550097163e-09, 1.74944925213e-09, 1.28297017454e-09, 6.82812750785e-10, 7.46278705499e-10, 9.62714685748e-10, 3.33793021001e-10, 7.85929862857e-11, 2.58351499915e-11, 3.00425587185e-11, 6.21471069051e-11, 6.86958059881e-11, 3.85629202182e-11, 4.16943667092e-11, 3.47464765293e-11, 2.99858228525e-11, 7.59426757591e-11, 7.66517960216e-11, 5.99765653808e-11, 7.03278199565e-11], "dvar2": [2.23946262849e-05, 1.71618485183e-05, 8.87850092113e-06, 2.08663686863e-06, 1.11505748634e-07, 1.00915691803e-07, 1.0016255203e-07, 8.3046344912e-08, 1.28842373215e-07, 1.66436151972e-07, 2.47285996124e-08, 1.70274656597e-08, 1.13791687184e-08, 7.26301108145e-09, 9.71567892805e-09, 1.0845487175e-08, 1.59498352303e-08, 1.62650923841e-08, 9.39985955739e-09, 1.26041754811e-08, 6.73993172384e-09, 4.39368408323e-09, 3.04293878983e-09, 1.53826995586e-09, 1.78775028115e-09, 2.21040319381e-09, 8.43034420051e-10, 1.81122866705e-10, 6.1566085563e-11, 6.96936050537e-11, 1.59638288699e-10, 1.62345178967e-10, 8.17931694597e-11, 9.47530109929e-11, 7.25785473388e-11, 6.05366659578e-11, 1.58409105278e-10, 1.61134980359e-10, 1.14672375762e-10, 1.40777764446e-10], "max": [0.065792247653, 0.0297463536263, 0.0265406779945, 0.0116022229195, 0.00469656847417, 0.00438293581828, 0.00578794535249, 0.00486714346334, 0.00686597451568, 0.00657148798928, 0.0040017105639, 0.00198669428937, 0.00461048260331, 0.0017450468149, 0.0027753689792, 0.00219236221164, 0.00188785616774, 0.00273215235211, 0.00153386255261, 0.00302871805616, 0.00361194834113, 0.00144908507355, 0.00112747750245, 0.000809098943137, 0.000829002412502, 0.00090056884801, 0.000545408576727, 0.000361886515748, 0.000110570275865, 0.000146909878822, 0.000394854752813, 0.000306045054458, 0.000171170395333, 0.000238738095504, 0.000231914396863, 0.000187776837265, 0.000276626669802, 0.000230507139349, 0.000182424962986, 0.000239738859818], "mean": [0.00241778534837, 0.00178744574077, 0.000626769207884, 0.000375127565349, 0.000196998866159, 0.000177009045728, 0.000148994251504, 0.000150420513819, 0.000152633991092, 0.000149629500811, 6.24976746622e-05, 5.23916714883e-05, 5.51185621589e-05, 3.7084777432e-05, 4.49396975455e-05, 4.45823461632e-05, 4.99181151099e-05, 4.37849812442e-05, 3.55218980985e-05, 3.29286413034e-05, 3.36360935762e-05, 2.72662819043e-05, 2.44091934292e-05, 1.68426886376e-05, 1.67914022313e-05, 1.99855548999e-05, 1.16154360512e-05, 5.37263667866e-06, 3.16854698212e-06, 2.90683578896e-06, 3.07529512611e-06, 3.37896722158e-06, 2.90721936835e-06, 2.44789180215e-06, 2.09037716559e-06, 1.95933057512e-06, 2.45650676334e-06, 2.60374895333e-06, 2.41879979512e-06, 2.65481389761e-06], "median": [0.000580895459279, 0.000307106936816, 0.000151844054926, 0.000147220707731, 0.000113247180707, 0.000108198080852, 6.52277303743e-05, 6.70059598633e-05, 5.54040052521e-05, 4.26628575951e-05, 2.42398873525e-05, 1.86605720955e-05, 2.09752925002e-05, 1.45237918332e-05, 1.14864351417e-05, 1.01688547147e-05, 8.82138738234e-06, 7.39170582165e-06, 5.66212338526e-06, 5.17140597367e-06, 4.27580516771e-06, 4.32741535406e-06, 3.75934541808e-06, 2.29831857723e-06, 2.35943889493e-06, 2.97520796266e-06, 1.76780827132e-06, 5.35577044047e-07, 2.38969278143e-07, 2.39668082713e-07, 3.16407493983e-07, 4.56220618616e-07, 2.94664943112e-07, 1.65492878068e-07, 1.20954425142e-07, 1.20422555483e-07, 1.07274310324e-07, 1.00266589698e-07, 8.79556765199e-08, 8.69383427471e-08], "min": [1.97402008846e-24, 1.80893122252e-24, 2.53130318356e-24, 1.57427488272e-24, 2.07427859027e-24, 1.0140902586e-24, 1.28408648227e-24, 3.48952345323e-24, 3.15382487831e-24, 1.56833495732e-24, 3.27912300854e-24, 3.15469676682e-24, 3.27499489942e-24, 3.04293450364e-24, 5.07129251455e-24, 3.49816029685e-24, 3.58023496315e-24, 2.83816041215e-24, 3.46043420735e-24, 3.37104325059e-24, 3.67664362653e-24, 4.12488977567e-24, 3.90223575732e-24, 4.60388296187e-24, 4.92988446412e-24, 4.49525799852e-24, 3.6920291752e-24, 5.72885028311e-24, 4.98017276911e-24, 5.56533282809e-24, 5.74340871111e-24, 4.94746067952e-24, 5.88708039791e-24, 6.68235474229e-24, 6.06650207764e-24, 6.6703041031e-24, 7.85798783845e-24, 6.61449613836e-24, 4.7121979029e-24, 6.38136407504e-24], "var": [1.74359993252e-05, 1.03990050775e-05, 2.37863218899e-06, 5.93169659169e-07, 7.18470616334e-08, 5.56987522771e-08, 8.15164682422e-08, 7.6279491168e-08, 1.0317916832e-07, 1.37356423124e-07, 1.53240264922e-08, 1.13158202808e-08, 1.6630648858e-08, 5.04944086543e-09, 1.22372139089e-08, 1.06126485377e-08, 1.36203803791e-08, 1.11646691892e-08, 7.21767312584e-09, 8.03721622589e-09, 1.30825101863e-08, 3.79300590936e-09, 2.82039458455e-09, 1.60886570733e-09, 1.42320133456e-09, 2.29717667111e-09, 7.77544806319e-10, 1.68759464736e-10, 4.5701394058e-11, 5.12637779448e-11, 7.6449284403e-11, 1.10408272802e-10, 8.45241515668e-11, 8.12471340206e-11, 8.01334970602e-11, 7.66233465566e-11, 1.54208229519e-10, 1.5712525725e-10, 1.35320712968e-10, 1.67362221304e-10]}, "mfcc": {"mean": [-698.312255859, 137.181838989, -7.99696207047, 15.058508873, 7.09931612015, -1.85045540333, -2.03580069542, 1.45210063457, -2.63219356537, -0.279200702906, 2.83729529381, -3.57784986496, 0.645648181438], "cov": [[15134.3818359, -2641.94335938, -539.716430664, 1162.55627441, 631.300537109, 689.785583496, 778.797912598, 876.305786133, 726.589233398, 858.476623535, 719.287414551, 267.19229126, 135.921096802], [-2641.94335938, 2403.01391602, -270.659576416, -36.8137435913, -46.1355323792, -53.9331817627, -80.6674118042, -37.4007034302, -26.6115112305, -74.0927963257, -4.35579013824, 144.941009521, 96.3442459106], [-539.716430664, -270.659576416, 745.130310059, 14.1619300842, 73.5192489624, 141.729721069, 58.4635620117, -16.6917915344, 11.4561901093, 4.33370685577, -53.6215553284, 25.4292469025, 3.61374258995], [1162.55627441, -36.8137435913, 14.1619300842, 381.656646729, 134.034042358, 180.783432007, 136.570831299, 147.55696106, 134.479125977, 134.40322876, 75.2851867676, 95.6784591675, 69.0532531738], [631.300537109, -46.1355323792, 73.5192489624, 134.034042358, 252.106719971, 95.0124282837, 100.826652527, 93.98072052, 81.7578811646, 99.0018615723, 45.5137634277, 48.1897735596, 35.6488418579], [689.785583496, -53.9331817627, 141.729721069, 180.783432007, 95.0124282837, 293.295593262, 142.786483765, 117.987541199, 126.789352417, 91.8958587646, 56.2644386292, 96.1580581665, 26.9362049103], [778.797912598, -80.6674118042, 58.4635620117, 136.570831299, 100.826652527, 142.786483765, 231.066955566, 129.692199707, 105.900177002, 107.743888855, 86.2037887573, 81.0260543823, 36.3344230652], [876.305786133, -37.4007034302, -16.6917915344, 147.55696106, 93.98072052, 117.987541199, 129.692199707, 190.112472534, 111.308067322, 114.12701416, 94.0043106079, 77.9851837158, 42.3406982422], [726.589233398, -26.6115112305, 11.4561901093, 134.479125977, 81.7578811646, 126.789352417, 105.900177002, 111.308067322, 195.092254639, 116.653953552, 83.8338394165, 87.1731643677, 47.0614852905], [858.476623535, -74.0927963257, 4.33370685577, 134.40322876, 99.0018615723, 91.8958587646, 107.743888855, 114.12701416, 116.653953552, 179.592269897, 107.947731018, 82.9209518433, 54.8396530151], [719.287414551, -4.35579013824, -53.6215553284, 75.2851867676, 45.5137634277, 56.2644386292, 86.2037887573, 94.0043106079, 83.8338394165, 107.947731018, 179.179260254, 82.1498565674, 48.0229492188], [267.19229126, 144.941009521, 25.4292469025, 95.6784591675, 48.1897735596, 96.1580581665, 81.0260543823, 77.9851837158, 87.1731643677, 82.9209518433, 82.1498565674, 152.266189575, 71.3603439331], [135.921096802, 96.3442459106, 3.61374258995, 69.0532531738, 35.6488418579, 26.9362049103, 36.3344230652, 42.3406982422, 47.0614852905, 54.8396530151, 48.0229492188, 71.3603439331, 115.82447052]], "icov": [[0.000165961624589, 0.000176498288056, 0.000191975384951, -0.000240162029513, -8.3638507931e-05, -8.32042642287e-05, -4.92008148285e-05, -0.000182711781235, -5.93102267885e-05, -0.000183224343346, -0.000264996197075, 9.52778573264e-05, 8.49614516483e-05], [0.000176498288056, 0.000715452479199, 0.000433790555689, -0.000196287015569, -0.000195734726731, -8.88275026227e-05, 0.00010914736049, -0.000131529595819, 1.04209020719e-05, 0.000255030376138, -0.000125816120999, -0.000804628187325, -0.000181091905688], [0.000191975384951, 0.000433790555689, 0.00203360314481, 0.000167924445122, -0.000628552574199, -0.00126705784351, -0.000376124778995, 0.000596779515035, 0.000263816065853, -0.000259150285274, 0.000522764690686, -0.000463202712126, -0.000277579703834], [-0.000240162029513, -0.000196287015569, 0.000167924445122, 0.00537870684639, -0.000764003780205, -0.00182566442527, -4.91323480674e-05, -0.0010425260989, -0.000249261967838, -0.000979538424872, 0.00127186079044, -9.95111477096e-05, -0.00161157839466], [-8.3638507931e-05, -0.000195734726731, -0.000628552574199, -0.000764003780205, 0.00595123600215, 9.25513668335e-05, -0.000852056022268, -0.000892101670615, -0.000165128250956, -0.00197687768377, 0.000800169829745, 0.000782773597166, -0.000334687501891], [-8.32042642287e-05, -8.88275026227e-05, -0.00126705784351, -0.00182566442527, 9.25513668335e-05, 0.00766189489514, -0.001714567421, -0.00109636399429, -0.00210336525925, 0.000992614775896, 0.000651560607366, -0.00245577888563, 0.00205534510314], [-4.92008148285e-05, 0.00010914736049, -0.000376124778995, -4.91323480674e-05, -0.000852056022268, -0.001714567421, 0.00877891853452, -0.00293537741527, -0.000221005175263, -0.000694588583428, -0.00099798606243, -0.000860830536112, 0.000350864080247], [-0.000182711781235, -0.000131529595819, 0.000596779515035, -0.0010425260989, -0.000892101670615, -0.00109636399429, -0.00293537741527, 0.0128746209666, -0.00142090348527, -0.00173741031904, -0.00148546544369, -0.000489257567097, -1.20215190691e-05], [-5.93102267885e-05, 1.04209020719e-05, 0.000263816065853, -0.000249261967838, -0.000165128250956, -0.00210336525925, -0.000221005175263, -0.00142090348527, 0.0107738804072, -0.00333473249339, -0.000206530006835, -0.00163071323186, -0.000378338387236], [-0.000183224343346, 0.000255030376138, -0.000259150285274, -0.000979538424872, -0.00197687768377, 0.000992614775896, -0.000694588583428, -0.00173741031904, -0.00333473249339, 0.0150369722396, -0.00391937466338, -0.00152524583973, -0.00137428601738], [-0.000264996197075, -0.000125816120999, 0.000522764690686, 0.00127186079044, 0.000800169829745, 0.000651560607366, -0.00099798606243, -0.00148546544369, -0.000206530006835, -0.00391937466338, 0.011195730418, -0.00315255811438, -0.000660667254124], [9.52778573264e-05, -0.000804628187325, -0.000463202712126, -9.95111477096e-05, 0.000782773597166, -0.00245577888563, -0.000860830536112, -0.000489257567097, -0.00163071323186, -0.00152524583973, -0.00315255811438, 0.0152692487463, -0.00530528463423], [8.49614516483e-05, -0.000181091905688, -0.000277579703834, -0.00161157839466, -0.000334687501891, 0.00205534510314, 0.000350864080247, -1.20215190691e-05, -0.000378338387236, -0.00137428601738, -0.000660667254124, -0.00530528463423, 0.0135204605758]]}, "spectral_contrast_coeffs": {"dmean": [0.0542270950973, 0.0448927432299, 0.036621298641, 0.0295159630477, 0.0235749576241, 0.0183297228068], "dmean2": [0.0868455320597, 0.0734985545278, 0.0598436295986, 0.0479188449681, 0.0364948697388, 0.0288742743433], "dvar": [0.00233018537983, 0.00136924476828, 0.000883809756488, 0.00058704073308, 0.00043084990466, 0.000279583706288], "dvar2": [0.00577711733058, 0.00362769025378, 0.00223921285942, 0.00148243899457, 0.000898704631254, 0.000654893461615], "max": [-0.264572948217, -0.396502286196, -0.511896848679, -0.570219159126, -0.541466474533, -0.641684174538], "mean": [-0.658355176449, -0.735856950283, -0.783433496952, -0.794510960579, -0.777927398682, -0.779729664326], "median": [-0.670518577099, -0.744090676308, -0.789138197899, -0.802128434181, -0.787281095982, -0.777384281158], "min": [-0.977864980698, -0.974942922592, -0.97361177206, -0.971225738525, -0.972079098225, -0.971790790558], "var": [0.0109915370122, 0.00528356712312, 0.00288834772073, 0.00274187885225, 0.00375987798907, 0.00194591330364]}, "spectral_contrast_valleys": {"dmean": [0.408997029066, 0.355950713158, 0.315102398396, 0.27696198225, 0.279942333698, 0.32667183876], "dmean2": [0.664296030998, 0.588234424591, 0.50888812542, 0.438759684563, 0.405239641666, 0.432251036167], "dvar": [0.156019642949, 0.132768705487, 0.097174346447, 0.0845969393849, 0.113353572786, 0.178262099624], "dvar2": [0.365697085857, 0.316826105118, 0.216945156455, 0.181250557303, 0.210069179535, 0.298078119755], "max": [-5.32145214081, -4.591581344