{"lowlevel": {"average_loudness": 0.915326714516, "barkbands_crest": {"dmean": 3.22004437447, "dmean2": 4.68541431427, "dvar": 12.0414915085, "dvar2": 18.8967723846, "max": 26.7692203522, "mean": 11.5981960297, "median": 9.93054580688, "min": 1.92360138893, "var": 35.4716110229}, "barkbands_flatness_db": {"dmean": 0.0366735942662, "dmean2": 0.0510982833803, "dvar": 0.00187772745267, "dvar2": 0.00313219265081, "max": 0.615404963493, "mean": 0.15391241014, "median": 0.122297510505, "min": 0.0136991608888, "var": 0.0110778845847}, "barkbands_kurtosis": {"dmean": 20.2836418152, "dmean2": 28.3513870239, "dvar": 19684.9921875, "dvar2": 43348.5976562, "max": 5161.70703125, "mean": 21.6961460114, "median": 4.07344436646, "min": -1.94011521339, "var": 20229.4453125}, "barkbands_skewness": {"dmean": 1.0951526165, "dmean2": 1.42775821686, "dvar": 4.7662358284, "dvar2": 7.9611492157, "max": 60.7406578064, "mean": 2.60386562347, "median": 1.87049651146, "min": -4.32414245605, "var": 9.82365226746}, "barkbands_spread": {"dmean": 10.4476165771, "dmean2": 15.8829078674, "dvar": 180.315689087, "dvar2": 399.604644775, "max": 131.800201416, "mean": 22.6320362091, "median": 17.3773021698, "min": 0.0701657086611, "var": 373.178527832}, "dissonance": {"dmean": 0.0231024567038, "dmean2": 0.0377913489938, "dvar": 0.000560924876481, "dvar2": 0.0014629951911, "max": 0.500000178814, "mean": 0.448138743639, "median": 0.461774528027, "min": 0.0987228378654, "var": 0.00225465465337}, "dynamic_complexity": 2.39271950722, "erbbands_crest": {"dmean": 2.35988903046, "dmean2": 3.66901707649, "dvar": 5.46899604797, "dvar2": 11.312951088, "max": 29.734588623, "mean": 8.12333583832, "median": 7.00653171539, "min": 2.03323125839, "var": 18.1036491394}, "erbbands_flatness_db": {"dmean": 0.0195030961186, "dmean2": 0.0277279857546, "dvar": 0.000495324435178, "dvar2": 0.000983192585409, "max": 0.564572393894, "mean": 0.142863556743, "median": 0.111609712243, "min": 0.0229615606368, "var": 0.00904346071184}, "erbbands_kurtosis": {"dmean": 1.57549703121, "dmean2": 2.43735694885, "dvar": 27.6308670044, "dvar2": 62.7139320374, "max": 191.581375122, "mean": 1.13949275017, "median": -0.0371396541595, "min": -1.88852274418, "var": 30.5614852905}, "erbbands_skewness": {"dmean": 0.417411059141, "dmean2": 0.610342383385, "dvar": 0.30669978261, "dvar2": 0.620899021626, "max": 12.2014961243, "mean": 0.776426494122, "median": 0.650343835354, "min": -3.00219845772, "var": 0.721371889114}, "erbbands_spread": {"dmean": 12.4212493896, "dmean2": 18.332447052, "dvar": 232.176574707, "dvar2": 474.317657471, "max": 204.408248901, "mean": 48.2034835815, "median": 44.586227417, "min": 0.983180642128, "var": 808.201538086}, "hfc": {"dmean": 22.1711654663, "dmean2": 35.3581848145, "dvar": 1284.4708252, "dvar2": 3204.21142578, "max": 278.188323975, "mean": 36.427570343, "median": 23.8107299805, "min": 1.21119901341e-16, "var": 1553.9798584}, "melbands_crest": {"dmean": 4.0279378891, "dmean2": 6.27685451508, "dvar": 21.5485553741, "dvar2": 40.8270339966, "max": 38.2326698303, "mean": 16.1878376007, "median": 13.7728767395, "min": 2.62479305267, "var": 62.5169792175}, "melbands_flatness_db": {"dmean": 0.0445057451725, "dmean2": 0.0605261512101, "dvar": 0.00284566776827, "dvar2": 0.00474923523143, "max": 0.771303892136, "mean": 0.229785352945, "median": 0.202966749668, "min": 0.00663586193696, "var": 0.0149188116193}, "melbands_kurtosis": {"dmean": 24.2969074249, "dmean2": 35.2053947449, "dvar": 6494.87353516, "dvar2": 15856.0117188, "max": 3071.82250977, "mean": 37.6256484985, "median": 12.9347629547, "min": -1.59073579311, "var": 8793.77832031}, "melbands_skewness": {"dmean": 1.21450698376, "dmean2": 1.6939034462, "dvar": 3.51241564751, "dvar2": 7.13779306412, "max": 41.6586761475, "mean": 3.74866700172, "median": 2.91119074821, "min": -1.14795398712, "var": 9.04038143158}, "melbands_spread": {"dmean": 7.76126861572, "dmean2": 12.2180042267, "dvar": 149.057357788, "dvar2": 339.853149414, "max": 233.152175903, "mean": 17.5240383148, "median": 12.6139564514, "min": 0.119094565511, "var": 284.298309326}, "pitch_salience": {"dmean": 0.0939736664295, "dmean2": 0.143622964621, "dvar": 0.0120623912662, "dvar2": 0.0201048068702, "max": 0.901505470276, "mean": 0.541445076466, "median": 0.602592587471, "min": 0.017447270453, "var": 0.0339524894953}, "silence_rate_20dB": {"dmean": 9.80392142083e-05, "dmean2": 0.000196088047232, "dvar": 9.80199911282e-05, "dvar2": 0.000294055178529, "max": 1, "mean": 0.999951004982, "median": 1, "min": 0, "var": 4.90124002681e-05}, "silence_rate_30dB": {"dmean": 0.105196081102, "dmean2": 0.210402473807, "dvar": 0.0941370204091, "dvar2": 0.175932064652, "max": 1, "mean": 0.772266089916, "median": 1, "min": 0, "var": 0.175853520632}, "silence_rate_60dB": {"dmean": 0.0118627455086, "dmean2": 0.0237266533077, "dvar": 0.0117187062278, "dvar2": 0.0262882020324, "max": 1, "mean": 0.028577029705, "median": 0, "min": 0, "var": 0.0277674421668}, "spectral_centroid": {"dmean": 255.874832153, "dmean2": 391.642272949, "dvar": 113365.171875, "dvar2": 252207.375, "max": 11507.1933594, "mean": 1088.34777832, "median": 1031.44067383, "min": 62.7914733887, "var": 334531.59375}, "spectral_complexity": {"dmean": 4.5420589447, "dmean2": 7.17035150528, "dvar": 29.2677574158, "dvar2": 66.3820724487, "max": 60, "mean": 19.9020633698, "median": 19, "min": 0, "var": 110.409332275}, "spectral_decrease": {"dmean": 6.42945785501e-09, "dmean2": 8.41626857095e-09, "dvar": 9.65979467932e-17, "dvar2": 1.45550012371e-16, "max": 3.37295205542e-20, "mean": -1.53278048032e-08, "median": -6.98935576082e-09, "min": -1.19155558309e-07, "var": 2.88354817429e-16}, "spectral_energy": {"dmean": 0.0252231173217, "dmean2": 0.0335501730442, "dvar": 0.00141629541758, "dvar2": 0.00218221149407, "max": 0.453092575073, "mean": 0.0611548013985, "median": 0.0294893234968, "min": 1.08513672502e-20, "var": 0.00425198208541}, "spectral_energyband_high": {"dmean": 0.00190933933482, "dmean2": 0.00307051255368, "dvar": 1.10272640086e-05, "dvar2": 2.74998201348e-05, "max": 0.0253213644028, "mean": 0.0023013453465, "median": 0.000969521177467, "min": 7.69595109429e-21, "var": 1.22717756312e-05}, "spectral_energyband_low": {"dmean": 0.0213848631829, "dmean2": 0.0267207063735, "dvar": 0.00146245851647, "dvar2": 0.0020949523896, "max": 0.439833641052, "mean": 0.0387006923556, "median": 0.00151417916641, "min": 8.93421199656e-23, "var": 0.00401863828301}, "spectral_energyband_middle_high": {"dmean": 0.00209734193049, "dmean2": 0.00349882524461, "dvar": 1.10219207272e-05, "dvar2": 2.94034016406e-05, "max": 0.0461694076657, "mean": 0.00441471207887, "median": 0.00324367848225, "min": 1.6485925693e-21, "var": 1.95342090592e-05}, "spectral_energyband_middle_low": {"dmean": 0.00671400502324, "dmean2": 0.010717808269, "dvar": 0.000101204270322, "dvar2": 0.000270234013442, "max": 0.123026587069, "mean": 0.0166825018823, "median": 0.0135937007144, "min": 1.46521169135e-22, "var": 0.000167297563166}, "spectral_entropy": {"dmean": 0.25103700161, "dmean2": 0.361311286688, "dvar": 0.100519865751, "dvar2": 0.20714391768, "max": 9.80759525299, "mean": 7.6183924675, "median": 7.90596675873, "min": 4.0342259407, "var": 0.700728774071}, "spectral_flux": {"dmean": 0.0542389638722, "dmean2": 0.0835479423404, "dvar": 0.00391077250242, "dvar2": 0.00792546570301, "max": 0.467951416969, "mean": 0.119028300047, "median": 0.0847147777677, "min": 6.62682478336e-11, "var": 0.00786851905286}, "spectral_kurtosis": {"dmean": 4.94074630737, "dmean2": 8.26749801636, "dvar": 287.259613037, "dvar2": 880.782714844, "max": 810.393615723, "mean": 13.1702823639, "median": 2.92130851746, "min": -1.21314704418, "var": 1758.51062012}, "spectral_rms": {"dmean": 0.00148135144264, "dmean2": 0.00195162976161, "dvar": 3.63192293662e-06, "dvar2": 4.97010114486e-06, "max": 0.0210247840732, "mean": 0.00670531950891, "median": 0.00536377402022, "min": 3.25372086045e-12, "var": 1.47018427015e-05}, "spectral_rolloff": {"dmean": 1121.99621582, "dmean2": 1924.44274902, "dvar": 4229051.5, "dvar2": 9649399, "max": 19336.8164062, "mean": 1743.78588867, "median": 753.662109375, "min": 43.06640625, "var": 6056725.5}, "spectral_skewness": {"dmean": 0.400632768869, "dmean2": 0.63353228569, "dvar": 0.408727198839, "dvar2": 1.13797044754, "max": 21.892780304, "mean": 2.11417722702, "median": 1.55305039883, "min": -0.0431725867093, "var": 4.05102872849}, "spectral_spread": {"dmean": 1159737.125, "dmean2": 1646096.125, "dvar": 1856890601470.0, "dvar2": 3385936838660.0, "max": 40725924, "mean": 6468463, "median": 6686983.5, "min": 153507.21875, "var": 8910127759360.0}, "spectral_strongpeak": {"dmean": 0.435458272696, "dmean2": 0.710158705711, "dvar": 0.315664440393, "dvar2": 0.796807587147, "max": 16.2279949188, "mean": 0.927668869495, "median": 0.821081638336, "min": 0, "var": 0.502433359623}, "zerocrossingrate": {"dmean": 0.0221073888242, "dmean2": 0.0255414973944, "dvar": 0.000599091930781, "dvar2": 0.000726207741536, "max": 0.505859375, "mean": 0.0725697577, "median": 0.060546875, "min": 0.001953125, "var": 0.00316348695196}, "barkbands": {"dmean": [0.0018648756668, 0.0200577210635, 0.00376135576516, 0.00165028567426, 0.00218744250014, 0.00193011306692, 0.00153520633467, 0.0013130743755, 0.00116095284466, 0.00068004662171, 0.000336968281772, 0.000538428837899, 0.000303681648802, 0.000297425169265, 0.000207200559089, 0.000219432753511, 0.000176280722371, 0.000165804158314, 0.000134842586704, 0.000132707515149, 0.000169356833794, 0.000184445321793, 0.000218702858547, 0.000485465890961, 0.00052828155458, 0.00029229890788, 4.9266989663e-05], "dmean2": [0.00297586177476, 0.0263477154076, 0.00659813312814, 0.0029417257756, 0.00369977904484, 0.00274635851383, 0.00219260598533, 0.00197916966863, 0.00181220821105, 0.00112613476813, 0.000588801980484, 0.000882802007254, 0.000512655416969, 0.000499531859532, 0.000352013565134, 0.000382328871638, 0.000303715642076, 0.000286738737486, 0.000236797539401, 0.000228620585403, 0.000290551339276, 0.000311188137857, 0.00035292992834, 0.00081822584616, 0.000841269793455, 0.000442883901997, 8.22985239211e-05], "dvar": [2.32539350691e-05, 0.0015442132717, 0.000108280321001, 1.47709106386e-05, 1.53867731569e-05, 6.52861308481e-06, 5.45650982531e-06, 4.82657651446e-06, 4.45004798166e-06, 1.70184443959e-06, 4.74615120538e-07, 1.06875381789e-06, 2.48743191378e-07, 2.7452963991e-07, 1.06604261418e-07, 1.34877382152e-07, 1.10241934692e-07, 7.82268259059e-08, 6.88703210017e-08, 6.64303527742e-08, 9.90256125988e-08, 1.07626703993e-07, 1.27626989865e-07, 9.17646730159e-07, 1.02784088085e-06, 3.32775471179e-07, 8.32286417562e-09], "dvar2": [4.68555663247e-05, 0.00222839857452, 0.000297845137538, 4.12345361838e-05, 4.28874736826e-05, 1.40533747981e-05, 1.10265855255e-05, 1.10175496957e-05, 1.04601103885e-05, 4.17189721702e-06, 1.30894090944e-06, 2.60027081822e-06, 6.59733700559e-07, 6.94792959166e-07, 2.89696345135e-07, 3.75537780428e-07, 2.8836731758e-07, 2.18048299416e-07, 1.94465513914e-07, 1.83315336244e-07, 2.67429925316e-07, 2.81515212919e-07, 3.14716459116e-07, 2.47019443123e-06, 2.49974436883e-06, 7.33625995508e-07, 2.15876578835e-08], "max": [0.0777792260051, 0.401755332947, 0.0987667739391, 0.044841684401, 0.0536117255688, 0.0462566390634, 0.0554619506001, 0.0432342141867, 0.0374673679471, 0.0325190424919, 0.0139496978372, 0.0366779379547, 0.0124172549695, 0.0113426595926, 0.00521102780476, 0.00984548125416, 0.00841293297708, 0.00383601570502, 0.00292275589891, 0.00313824648038, 0.00388112850487, 0.00347685487941, 0.00635939696804, 0.0107175335288, 0.00875051505864, 0.0055647874251, 0.00113641191274], "mean": [0.00274892151356, 0.031442284584, 0.00360547401942, 0.0020834193565, 0.00375193054788, 0.0042322059162, 0.00284068123437, 0.00211800378747, 0.00155803665984, 0.000873388606124, 0.000429924722994, 0.000820667599328, 0.000488269521156, 0.000412183348089, 0.000328647467541, 0.000315630924888, 0.000262267712969, 0.00025240064133, 0.000197567831492, 0.000188639125554, 0.000230102741625, 0.00024137145374, 0.000289035844617, 0.000486458244268, 0.000554752652533, 0.0003423068556, 5.94821212871e-05], "median": [1.86373454198e-05, 0.000336364231771, 0.00039074322558, 0.000726847036276, 0.00249231816269, 0.0028312986251, 0.00144467002247, 0.00109646702185, 0.000767641235143, 0.000427402294008, 0.000170564409927, 0.000387744570617, 0.000238420674577, 0.000187857178389, 0.000194559819647, 0.000184483535122, 0.000148080507643, 0.000148905019159, 0.000115229020594, 0.000106573344965, 0.000115579132398, 0.000112652342068, 0.00012023828458, 0.000152154869284, 0.000156279143994, 0.000104575010482, 1.45479116327e-05], "min": [1.30158957027e-23, 5.77419045807e-23, 9.81512492303e-24, 9.48468292275e-24, 2.20991888419e-23, 2.27026311468e-23, 1.62898846072e-23, 1.74817729712e-23, 4.78835918897e-23, 7.89564821584e-23, 5.89682551221e-23, 7.78905417488e-23, 7.21827228919e-23, 1.38451336645e-22, 9.66151398327e-23, 8.49164335824e-23, 2.56672064007e-22, 2.17729345886e-22, 2.82732696167e-22, 2.76777515774e-22, 3.52834359815e-22, 3.73429637405e-22, 6.28583453403e-22, 8.04235488719e-22, 1.10995894906e-21, 1.80468716505e-21, 2.53069466257e-21], "var": [5.66689486732e-05, 0.00334578333423, 7.80564369052e-05, 1.34057017931e-05, 1.77875717782e-05, 1.97670979105e-05, 1.51396543515e-05, 8.83390475792e-06, 5.85362795391e-06, 2.00346971724e-06, 5.08441985403e-07, 2.05394371733e-06, 5.50840695723e-07, 4.71172938887e-07, 1.65715846379e-07, 1.76153321263e-07, 1.41232675333e-07, 1.0466356315e-07, 6.86609382683e-08, 6.60020447185e-08, 1.09178053265e-07, 1.24717089989e-07, 1.84722821928e-07, 7.63532341352e-07, 1.06776462871e-06, 4.07368872857e-07, 9.82817471851e-09]}, "erbbands": {"dmean": [0.78209233284, 3.93613481522, 4.27017211914, 5.09921741486, 5.75730895996, 7.92210245132, 11.4659204483, 20.3898582458, 21.5511722565, 19.9178256989, 29.876411438, 19.5336723328, 23.6581020355, 24.8575248718, 16.5962638855, 16.2313613892, 11.8956193924, 18.2421131134, 10.7053670883, 8.41536712646, 14.3710756302, 8.96937656403, 8.63021659851, 7.35139083862, 6.19345760345, 6.779961586, 6.73979187012, 6.32793951035, 6.01979494095, 7.11747694016, 6.75178289413, 8.05895614624, 9.29365253448, 5.86556196213, 3.94809293747, 1.7106705904, 0.438782393932, 0.0778145343065, 0.00838428921998, 0.000406026752898], "dmean2": [1.10702157021, 5.21042633057, 6.68622636795, 8.99568939209, 9.90963172913, 13.4170742035, 17.7907409668, 28.5896129608, 31.2880840302, 28.0083026886, 45.8730506897, 31.0482349396, 36.9495239258, 41.1234436035, 27.6638832092, 26.7287216187, 20.0178985596, 30.8662223816, 18.0790538788, 14.6521492004, 24.9294013977, 15.5644426346, 14.9191198349, 12.7530994415, 10.7594919205, 11.7171535492, 11.6134433746, 10.7413949966, 10.2258529663, 11.8707027435, 10.9328317642, 13.3356275558, 15.7291212082, 9.55966091156, 6.31521320343, 2.62963008881, 0.654697477818, 0.123783893883, 0.0139946788549, 0.000687204999849], "dvar": [2.58397102356, 69.1372299194, 113.798538208, 143.041885376, 171.992019653, 217.333282471, 267.501190186, 812.146362305, 1096.4420166, 1096.83837891, 2722.82763672, 1187.46069336, 2008.37426758, 2476.86376953, 812.694091797, 824.384216309, 341.680511475, 1134.64477539, 287.984893799, 226.701690674, 662.25793457, 247.196685791, 210.994018555, 172.640151978, 127.471214294, 188.206481934, 189.060195923, 120.937721252, 103.385574341, 178.29838562, 125.618003845, 222.71774292, 360.757110596, 123.506103516, 54.969619751, 12.3479185104, 0.691862106323, 0.0190168768167, 0.000238504988374, 7.03398939095e-07], "dvar2": [4.05547523499, 102.453491211, 288.123962402, 393.409942627, 485.810333252, 605.44543457, 670.81817627, 1707.54699707, 2312.98095703, 2076.04711914, 6267.59326172, 2909.30371094, 4816.86962891, 6168.42675781, 2088.61621094, 2083.01489258, 895.727233887, 2857.5949707, 773.002746582, 639.19543457, 1775.15234375, 676.269836426, 586.509155273, 479.397949219, 354.920654297, 522.955566406, 515.209838867, 318.42388916, 270.911407471, 460.613647461, 313.219482422, 576.519897461, 983.914306641, 309.322784424, 133.213973999, 28.1612148285, 1.4409058094, 0.044087190181, 0.000620327016804, 1.90520904653e-06], "max": [19.7250366211, 83.7106552124, 106.96219635, 133.526504517, 199.517486572, 183.916763306, 288.524780273, 542.552185059, 845.952941895, 1142.17700195, 1124.96850586, 528.338134766, 934.123046875, 1196.01733398, 720.602722168, 881.106628418, 328.408447266, 927.615600586, 291.129272461, 338.706054688, 696.913146973, 234.648254395, 192.028717041, 164.293685913, 177.269012451, 164.87387085, 195.974563599, 141.671707153, 116.209999084, 140.030792236, 208.796356201, 173.972839355, 222.12109375, 100.246032715, 60.5197181702, 30.4824295044, 8.84470176697, 1.67099511623, 0.192821189761, 0.0112506998703], "mean": [1.25374341011, 5.62150192261, 4.96966123581, 6.18364715576, 8.97361087799, 12.0022153854, 20.5417404175, 42.7125930786, 43.7866744995, 40.7851142883, 45.8126487732, 27.1752033234, 34.375629425, 33.4683876038, 26.053943634, 26.5569419861, 20.5847854614, 26.130563736, 17.5425701141, 13.397403717, 20.691614151, 14.0740880966, 13.6201124191, 11.537273407, 9.68562698364, 9.45062160492, 9.03102111816, 8.63527107239, 8.19007301331, 8.95466899872, 8.53299808502, 8.76283073425, 8.9077911377, 6.03324222565, 4.06158685684, 1.87717187405, 0.540656745434, 0.100778102875, 0.00998830609024, 0.000517074367963], "median": [0.0082042766735, 0.0826450958848, 0.450870662928, 1.81921434402, 4.16112279892, 6.47021436691, 12.3055648804, 25.5691280365, 26.0682048798, 21.8216724396, 23.6955280304, 14.8025474548, 19.0979824066, 17.7073707581, 14.0293531418, 14.292927742, 11.0076656342, 11.1834115982, 10.4995603561, 8.59007263184, 11.4373197556, 8.71452617645, 8.50106620789, 7.32231712341, 5.85528707504, 5.17267990112, 4.51242160797, 4.2432179451, 3.99692821503, 3.895591259, 3.40770888329, 2.90066075325, 2.6732609272, 1.76284921169, 1.10811960697, 0.529621183872, 0.17170612514, 0.0312220361084, 0.00243063899688, 0.000191664730664], "min": [2.16600131259e-21, 1.03633242264e-20, 1.71743455461e-20, 1.97819516478e-20, 1.73072292034e-20, 6.45864625609e-20, 1.05642557676e-19, 1.77588879124e-19, 3.13047019809e-19, 2.22202787914e-19, 4.8867638561e-19, 1.07543333421e-18, 1.40036497487e-18, 3.81334315572e-18, 1.87684365177e-18, 2.74252187041e-18, 2.82015959514e-18, 6.18908404354e-18, 6.61824064817e-18, 5.38293201652e-18, 5.74691175197e-18, 1.39735223832e-17, 1.18835281428e-17, 1.28580577466e-17, 1.31811329872e-17, 1.23226502059e-17, 1.3710641903e-17, 1.75624919706e-17, 1.35803890806e-17, 1.28502607422e-17, 1.8354590199e-17, 1.42475888268e-17, 1.49033759621e-17, 1.09579469518e-17, 8.10319032075e-18, 5.81448289544e-18, 3.14981340312e-18, 1.27524977131e-18, 3.17632754028e-19, 4.16979291096e-20], "var": [5.69247436523, 129.798599243, 117.664230347, 129.836715698, 162.820144653, 247.935882568, 593.565246582, 2376.1628418, 2867.69433594, 3854.93896484, 4497.17871094, 1477.65197754, 2617.44238281, 2821.10400391, 1383.8729248, 1571.44897461, 770.233154297, 2219.77880859, 481.135528564, 275.036071777, 905.950500488, 309.261962891, 278.557281494, 198.357147217, 151.292663574, 176.84803772, 185.228652954, 151.66444397, 133.328781128, 196.0287323, 168.637939453, 221.688812256, 280.628051758, 121.873916626, 57.1442337036, 13.7887191772, 0.94518584013, 0.0250444728881, 0.000279603438685, 7.69445193782e-07]}, "gfcc": {"mean": [17.2366924286, 75.690246582, -89.5480575562, 5.96683120728, -64.4252243042, 4.78727388382, -42.8654975891, 5.7993478775, -23.8370304108, 2.06727218628, -13.8113231659, 1.57466948032, -11.0864896774], "cov": [[14701.4726562, -4841.40771484, 501.446472168, 1506.61181641, 61.3506736755, 1624.0456543, -11.6380834579, 1088.14013672, -136.758346558, 926.00579834, -323.488220215, 585.513977051, -265.297729492], [-4841.40771484, 3962.9230957, -706.792419434, -866.488708496, 93.3136978149, -863.098815918, 201.602020264, -507.442199707, 221.501464844, -488.130737305, 299.444854736, -329.730987549, 225.432434082], [501.446472168, -706.792419434, 1573.04455566, 547.138305664, 404.188079834, 581.28692627, 223.439651489, 341.990600586, 103.388336182, 295.987091064, 7.35060882568, 201.947174072, -5.16657018661], [1506.61181641, -866.488708496, 547.138305664, 815.663452148, 264.427398682, 512.024353027, 169.856491089, 316.186859131, 98.2538223267, 236.07019043, 6.91695833206, 156.548431396, 3.63394021988], [61.3506736755, 93.3136978149, 404.188079834, 264.427398682, 482.913635254, 259.417907715, 238.809417725, 160.796478271, 154.878173828, 113.092376709, 84.7925109863, 67.8328552246, 35.4232673645], [1624.0456543, -863.098815918, 581.28692627, 512.024353027, 259.417907715, 590.009521484, 183.063552856, 292.784454346, 64.0598526001, 269.019561768, -17.8611450195, 164.875213623, -20.7463130951], [-11.6380834579, 201.602020264, 223.439651489, 169.856491089, 238.809417725, 183.063552856, 256.730773926, 102.914924622, 133.930374146, 78.1691360474, 70.2684402466, 39.9126052856, 40.9411773682], [1088.14013672, -507.442199707, 341.990600586, 316.186859131, 160.796478271, 292.784454346, 102.914924622, 291.364959717, 83.588180542, 154.073806763, 0.404574900866, 104.622879028, -6.48815727234], [-136.758346558, 221.501464844, 103.388336182, 98.2538223267, 154.878173828, 64.0598526001, 133.930374146, 83.588180542, 159.353363037, 52.2521324158, 70.8525772095, 14.5818777084, 32.6387176514], [926.00579834, -488.130737305, 295.987091064, 236.07019043, 113.092376709, 269.019561768, 78.1691360474, 154.073806763, 52.2521324158, 205.329956055, 9.2411737442, 105.499572754, -25.0459251404], [-323.488220215, 299.444854736, 7.35060882568, 6.91695833206, 84.7925109863, -17.8611450195, 70.2684402466, 0.404574900866, 70.8525772095, 9.2411737442, 105.561935425, 12.4866628647, 38.7082519531], [585.513977051, -329.730987549, 201.947174072, 156.548431396, 67.8328552246, 164.875213623, 39.9126052856, 104.622879028, 14.5818777084, 105.499572754, 12.4866628647, 113.880859375, 12.2577524185], [-265.297729492, 225.432434082, -5.16657018661, 3.63394021988, 35.4232673645, -20.7463130951, 40.9411773682, -6.48815727234, 32.6387176514, -25.0459251404, 38.7082519531, 12.2577524185, 70.3331069946]], "icov": [[0.000165509947692, 6.14589735051e-05, 0.000186995224794, -1.37974302561e-05, 4.52357344329e-05, -0.000234464983805, 4.98285880894e-05, -0.000389180640923, 0.000215964086237, -0.000304746528855, 9.00756567717e-05, -9.28777590161e-05, 4.27877057518e-05], [6.14589735051e-05, 0.000970638706349, -4.02125551773e-05, 0.000431354856119, -0.000164115495863, 0.000497217348311, -0.000927551300265, 0.000385265680961, -0.000520829402376, 0.000537266547326, -0.00113679363858, 0.00114899186883, -0.0012413127115], [0.000186995224794, -4.02125551773e-05, 0.00133791426197, -0.000113729955046, -0.000485068303533, -0.000741148367524, 0.00013351245434, -0.000717520539183, 0.000490918930154, -0.000746540783439, 0.000547983159777, -0.000768157478888, 0.0001588021114], [-1.37974302561e-05, 0.000431354856119, -0.000113729955046, 0.00319692958146, -0.000196705834242, -0.00197267369367, 0.000158857277711, -0.000803167000413, -0.000879387487657, 0.000654155213851, -0.000811946403701, 0.000513365725055, -0.00125911040232], [4.52357344329e-05, -0.000164115495863, -0.000485068303533, -0.000196705834242, 0.00493138376623, -0.00141335034277, -0.00201218109578, -0.000341120932717, -0.00150839507114, 0.00124382623471, -0.00163659790996, -0.000338430225383, 0.00101303553674], [-0.000234464983805, 0.000497217348311, -0.000741148367524, -0.00197267369367, -0.00141335034277, 0.0107395397499, -0.00489354133606, -0.00143394432962, 0.00366400158964, -0.00583727844059, 0.00274482183158, -0.000249166390859, -0.00108084117528], [4.98285880894e-05, -0.000927551300265, 0.00013351245434, 0.000158857277711, -0.00201218109578, -0.00489354133606, 0.0125581761822, 0.000507012417074, -0.00528503023088, 0.000489126017783, -0.00079346698476, 0.000497117696796, -0.00155406701379], [-0.000389180640923, 0.000385265680961, -0.000717520539183, -0.000803167000413, -0.000341120932717, -0.00143394432962, 0.000507012417074, 0.0108635704964, -0.00634653447196, 0.00189063919242, 0.00158058060333, -0.00361875700764, 0.00112101854756], [0.000215964086237, -0.000520829402376, 0.000490918930154, -0.000879387487657, -0.00150839507114, 0.00366400158964, -0.00528503023088, -0.00634653447196, 0.0199320167303, -0.00782382953912, -0.00454934546724, 0.0065986327827, -0.00378504884429], [-0.000304746528855, 0.000537266547326, -0.000746540783439, 0.000654155213851, 0.00124382623471, -0.00583727844059, 0.000489126017783, 0.00189063919242, -0.00782382953912, 0.0222011525184, -0.00389905576594, -0.0108825787902, 0.0101603455842], [9.00756567717e-05, -0.00113679363858, 0.000547983159777, -0.000811946403701, -0.00163659790996, 0.00274482183158, -0.00079346698476, 0.00158058060333, -0.00454934546724, -0.00389905576594, 0.0205531194806, -0.00548425177112, -0.00332579552196], [-9.28777590161e-05, 0.00114899186883, -0.000768157478888, 0.000513365725055, -0.000338430225383, -0.000249166390859, 0.000497117696796, -0.00361875700764, 0.0065986327827, -0.0108825787902, -0.00548425177112, 0.0282439999282, -0.0134838996455], [4.27877057518e-05, -0.0012413127115, 0.0001588021114, -0.00125911040232, 0.00101303553674, -0.00108084117528, -0.00155406701379, 0.00112101854756, -0.00378504884429, 0.0101603455842, -0.00332579552196, -0.0134838996455, 0.0281688421965]]}, "melbands": {"dmean": [0.00626324443147, 0.00248934235424, 0.000873469747603, 0.000469635735499, 0.000380887911888, 0.000417694682255, 0.00033031500061, 0.000226150863455, 0.000222943461267, 0.000144747071317, 0.000120489574329, 0.000106321771455, 5.20250032423e-05, 7.12000473868e-05, 2.5044197173e-05, 3.3300540963e-05, 3.24294851453e-05, 1.70384155354e-05, 1.41837172123e-05, 1.07669848148e-05, 1.83757529157e-05, 9.57702832238e-06, 9.07754474611e-06, 8.62952401803e-06, 6.0375296016e-06, 5.47419722352e-06, 4.14095620727e-06, 4.73004865853e-06, 3.9886272134e-06, 4.71405974167e-06, 3.58903776032e-06, 3.3928731682e-06, 3.93834488932e-06, 3.90227205571e-06, 3.77400829166e-06, 3.92298989027e-06, 5.49846708964e-06, 6.17530577074e-06, 6.0960051087e-06, 4.77183493786e-06], "dmean2": [0.00853214599192, 0.0036511158105, 0.00152537715621, 0.000815247767605, 0.000597176840529, 0.000588424969465, 0.000475948181702, 0.000321195577271, 0.00034609620343, 0.000226785778068, 0.000187928730156, 0.000175565088284, 8.83346510818e-05, 0.000116626586532, 4.19162715843e-05, 5.60314983886e-05, 5.48979915038e-05, 2.88903411274e-05, 2.43589893216e-05, 1.88752237591e-05, 3.17778540193e-05, 1.66667177837e-05, 1.57579688675e-05, 1.47653363456e-05, 1.05352837636e-05, 9.60543093242e-06, 7.13225790605e-06, 8.22074343887e-06, 6.81923074808e-06, 8.24455491966e-06, 6.05821333011e-06, 5.84464669373e-06, 6.56316206005e-06, 6.5361086854e-06, 6.0966658566e-06, 6.40590269541e-06, 9.30403257371e-06, 1.0511103028e-05, 1.01941186585e-05, 7.77596414991e-06], "dvar": [0.000154111345182, 3.07332084049e-05, 4.0187533159e-06, 9.55134623837e-07, 2.90314460472e-07, 3.3544918665e-07, 2.48198062991e-07, 1.2401481797e-07, 1.55510818445e-07, 6.9604531916e-08, 5.08115682862e-08, 4.624559935e-08, 8.95931506761e-09, 1.98198861767e-08, 1.5698736755e-09, 3.26705018594e-09, 3.46364936732e-09, 7.47929718159e-10, 5.15554376967e-10, 3.1683072832e-10, 1.26510812937e-09, 3.00666519459e-10, 2.57546511895e-10, 2.16346496273e-10, 1.22910279177e-10, 1.18541551575e-10, 5.13081140074e-11, 9.44477066001e-11, 6.32145932822e-11, 9.59521281874e-11, 3.71897790341e-11, 3.26211245516e-11, 5.01908653527e-11, 5.3541913958e-11, 3.97367867777e-11, 4.36645927748e-11, 1.14998718881e-10, 1.62570193418e-10, 1.34330588319e-10, 8.77491482254e-11], "dvar2": [0.000230404140893, 4.58901558886e-05, 1.10705195766e-05, 2.70479404207e-06, 7.37647553706e-07, 7.11367590611e-07, 5.19958916811e-07, 2.54113416531e-07, 3.63776848644e-07, 1.66048138794e-07, 1.21417613741e-07, 1.142343109e-07, 2.41041799853e-08, 4.76506514246e-08, 4.24124380061e-09, 8.32264923645e-09, 8.785608685e-09, 2.01688110657e-09, 1.41954481503e-09, 9.01288044197e-10, 3.29520277731e-09, 8.08182021306e-10, 7.09125758114e-10, 5.99647997923e-10, 3.43086559162e-10, 3.35658556505e-10, 1.40571609908e-10, 2.63348731711e-10, 1.6875498221e-10, 2.65313382375e-10, 9.61859897286e-11, 8.62090399067e-11, 1.30360333639e-10, 1.37800701405e-10, 9.82441211717e-11, 1.0915305465e-10, 3.02193131629e-10, 4.45816800143e-10, 3.46221468162e-10, 2.20961540731e-10], "max": [0.139202043414, 0.0517714507878, 0.0222992096096, 0.0139069566503, 0.00998426135629, 0.0108314622194, 0.0128291044384, 0.0106210997328, 0.0082831736654, 0.00457497825846, 0.00466626975685, 0.00531097874045, 0.00185164331924, 0.00518958223984, 0.000551812292542, 0.00169609382283, 0.00154001102783, 0.00041806785157, 0.000292341166642, 0.000329072208842, 0.00100619124714, 0.000348165689502, 0.00027522171149, 0.000284385547275, 0.000135535970912, 0.000135779875563, 8.83527391125e-05, 0.000128130792291, 0.000143155077239, 0.000100566532637, 9.76690935204e-05, 7.17401635484e-05, 8.02212962299e-05, 8.09648627182e-05, 0.000147304002894, 0.000108064559754, 9.09334557946e-05, 0.000144888472278, 0.000106255007267, 9.1918707767e-05], "mean": [0.00996925216168, 0.00427993293852, 0.00116916233674, 0.000716443872079, 0.000678242649883, 0.000877943180967, 0.000684443453792, 0.000452830892755, 0.000324903405271, 0.000195431988686, 0.000175457505975, 0.000138688861625, 7.52842606744e-05, 0.000106298117316, 3.97690455429e-05, 5.38606509508e-05, 4.46177946287e-05, 2.64298087131e-05, 2.21916980081e-05, 1.60130730364e-05, 2.554630737e-05, 1.40356987686e-05, 1.2712730495e-05, 1.31916494865e-05, 8.75744808582e-06, 7.75211174187e-06, 6.2977583184e-06, 6.11052746535e-06, 5.40027531315e-06, 5.64662923352e-06, 4.85335340272e-06, 4.51202959084e-06, 4.84624843011e-06, 4.93145626024e-06, 4.8257625167e-06, 4.82202995045e-06, 5.55391716262e-06, 5.98370252192e-06, 5.90612944507e-06, 4.92477511216e-06], "median": [8.70839357958e-05, 0.000210309561226, 0.000402207195293, 0.000411863235058, 0.000418177718529, 0.000538373191375, 0.000418173382059, 0.000247598567512, 0.000164153054357, 9.78137541097e-05, 9.65822182479e-05, 6.92277390044e-05, 3.69322624465e-05, 4.87741781399e-05, 2.1379935788e-05, 2.44504881266e-05, 1.88465255633e-05, 1.49245752255e-05, 1.33858593472e-05, 1.01218611235e-05, 1.29817772176e-05, 8.07570904726e-06, 7.22481581761e-06, 7.41452367947e-06, 5.22610798726e-06, 4.30603813584e-06, 3.68230917047e-06, 3.168095418e-06, 2.71502835858e-06, 2.57287888417e-06, 2.27342502512e-06, 2.1547466531e-06, 2.15944373849e-06, 2.0793204385e-06, 1.93643268176e-06, 1.80767676738e-06, 1.70526004695e-06, 1.7954462237e-06, 1.7718913341e-06, 1.38132327265e-06], "min": [1.77423147955e-23, 1.07380803492e-23, 4.66981201203e-24, 2.85247784314e-24, 3.05767081978e-24, 4.1986987574e-24, 4.60881965342e-24, 2.49665937083e-24, 4.63295366952e-24, 6.8339248989e-24, 7.06987319565e-24, 1.53973184697e-23, 6.88650800026e-24, 6.94422658611e-24, 6.02958851487e-24, 6.24239676025e-24, 1.30826230801e-23, 1.0746724687e-23, 6.89287805206e-24, 5.46739535228e-24, 6.14435554923e-24, 1.33838866932e-23, 1.32175309166e-23, 9.20043188391e-24, 1.03250651226e-23, 9.18586714502e-24, 9.46517281484e-24, 7.34832216253e-24, 6.11258141526e-24, 8.59749366114e-24, 9.64114165039e-24, 8.31738650863e-24, 6.10721676668e-24, 7.30835689135e-24, 9.02016296757e-24, 1.22299496385e-23, 7.68961810001e-24, 9.03661939492e-24, 1.24482377062e-23, 7.71168411725e-24], "var": [0.000334544340149, 6.4880172431e-05, 3.66705307897e-06, 9.01173734746e-07, 6.16609838744e-07, 9.73546434579e-07, 6.66536493554e-07, 3.95686015509e-07, 2.3901262125e-07, 8.95613325724e-08, 6.73688731467e-08, 5.29292591978e-08, 1.20345555743e-08, 3.82518088315e-08, 2.63465782524e-09, 8.02864974503e-09, 6.42152020447e-09, 1.19522192144e-09, 7.29171723002e-10, 3.86506437966e-10, 1.72284198019e-09, 3.67924857247e-10, 2.90364565725e-10, 3.25287269343e-10, 1.28410476696e-10, 1.17224605023e-10, 6.25708651558e-11, 8.34419755513e-11, 6.77500000545e-11, 8.50827810983e-11, 5.05793254502e-11, 4.12203257638e-11, 5.53232494538e-11, 6.10260869616e-11, 5.73034224238e-11, 5.37171557236e-11, 1.02945763025e-10, 1.24501881027e-10, 1.20123591629e-10, 8.57695511836e-11]}, "mfcc": {"mean": [-634.21697998, 119.086036682, 20.7348823547, 4.13385152817, -0.715272188187, -6.07332658768, -6.42368125916, -3.28834986687, -5.05574893951, -3.22808742523, -2.57103681564, -0.299935162067, -1.13148510456], "cov": [[10519.2089844, -3025.59277344, -149.589996338, 346.474822998, 442.867248535, 575.801940918, 530.419799805, 428.149414062, 471.751617432, 411.497344971, 362.369598389, 295.033355713, 197.427444458], [-3025.59277344, 2685.64819336, -303.771820068, -236.584976196, -296.831542969, -316.692260742, -227.774749756, -160.574645996, -184.898071289, -169.281738281, -140.957763672, -82.250831604, -65.1264648438], [-149.589996338, -303.771820068, 1023.81793213, 225.310409546, 291.861053467, 268.992401123, 219.530441284, 162.042312622, 167.20652771, 138.339599609, 130.617095947, 79.2959365845, 84.7135009766], [346.474822998, -236.584976196, 225.310409546, 384.290740967, 241.958847046, 201.132385254, 167.228683472, 164.741027832, 141.663894653, 124.315452576, 93.5427780151, 106.613800049, 89.3371276855], [442.867248535, -296.831542969, 291.861053467, 241.958847046, 364.609619141, 234.788772583, 203.813354492, 178.298965454, 161.575973511, 138.977203369, 121.237976074, 109.226631165, 89.8436508179], [575.801940918, -316.692260742, 268.992401123, 201.132385254, 234.788772583, 367.705200195, 232.288070679, 156.515518188, 154.255630493, 146.260284424, 135.170120239, 91.1908111572, 95.6155776978], [530.419799805, -227.774749756, 219.530441284, 167.228683472, 203.813354492, 232.288070679, 232.27796936, 158.078765869, 136.199966431, 122.344078064, 103.543823242, 80.7096710205, 74.2807693481], [428.149414062, -160.574645996, 162.042312622, 164.741027832, 178.298965454, 156.515518188, 158.078765869, 186.578430176, 149.197860718, 112.987792969, 92.1996765137, 83.4683532715, 69.4957809448], [471.751617432, -184.898071289, 167.20652771, 141.663894653, 161.575973511, 154.255630493, 136.199966431, 149.197860718, 172.156402588, 122.693222046, 93.9368743896, 75.7826385498, 62.5916481018], [411.497344971, -169.281738281, 138.339599609, 124.315452576, 138.977203369, 146.260284424, 122.344078064, 112.987792969, 122.693222046, 141.120513916, 106.287818909, 74.0789337158, 60.4912147522], [362.369598389, -140.957763672, 130.617095947, 93.5427780151, 121.237976074, 135.170120239, 103.543823242, 92.1996765137, 93.9368743896, 106.287818909, 127.816200256, 82.827041626, 58.6438369751], [295.033355713, -82.250831604, 79.2959365845, 106.613800049, 109.226631165, 91.1908111572, 80.7096710205, 83.4683532715, 75.7826385498, 74.0789337158, 82.827041626, 102.307228088, 68.8359069824], [197.427444458, -65.1264648438, 84.7135009766, 89.3371276855, 89.8436508179, 95.6155776978, 74.2807693481, 69.4957809448, 62.5916481018, 60.4912147522, 58.6438369751, 68.8359069824, 91.0656051636]], "icov": [[0.00017767213285, 0.000186354838661, 0.000156905181939, 7.94171937741e-05, 0.00010534375906, 3.22047708323e-05, -0.000303122011246, 4.74499975098e-05, -0.000293049990432, -3.52575898432e-06, -7.43399796193e-05, -0.000257155508734, 4.35299007222e-05], [0.000186354838661, 0.000625493645202, 0.000162721145898, 0.000150576073793, 0.000287960661808, 0.000228555305512, -0.00025595916668, -0.000172598971403, -8.85769331944e-05, 9.07026551431e-05, 2.09973823075e-05, -0.000404497870477, -0.000146478472743], [0.000156905181939, 0.000162721145898, 0.00151898828335, -0.000170461047674, -0.00057634426048, -7.75705848355e-05, -0.000785661279224, 0.000524712027982, -0.000918555888347, 0.000534702616278, -0.000988846994005, 0.000862841552589, -0.0003183830122], [7.94171937741e-05, 0.000150576073793, -0.000170461047674, 0.00562599673867, -0.00168733252212, -0.001157612307, 0.000614093034528, -0.0022724007722, 0.000716048758477, -0.00203830190003, 0.00332756596617, -0.00333699467592, -7.03812256688e-05], [0.00010534375906, 0.000287960661808, -0.00057634426048, -0.00168733252212, 0.00777013879269, -0.000767178134993, -0.00207706261426, -0.00146616681013, -0.000849250995088, 1.90831342479e-05, -0.000133590903715, -0.0022368801292, 0.000469662045361], [3.22047708323e-05, 0.000228555305512, -7.75705848355e-05, -0.001157612307, -0.000767178134993, 0.00954404100776, -0.00732213677838, 0.00317943026312, -0.0019462556811, 0.000511564663611, -0.00464964704588, 0.00401462474838, -0.00345885846764], [-0.000303122011246, -0.00025595916668, -0.000785661279224, 0.000614093034528, -0.00207706261426, -0.00732213677838, 0.0194817520678, -0.00946497265249, 0.00335806957446, -0.00331720011309, 0.00189193361439, -0.000239054803387, 0.000529582088348], [4.74499975098e-05, -0.000172598971403, 0.000524712027982, -0.0022724007722, -0.00146616681013, 0.00317943026312, -0.00946497265249, 0.0262196920812, -0.0153050925583, 0.00236552977003, -0.00122724531684, -0.00187273439951, -0.0015116573777], [-0.000293049990432, -8.85769331944e-05, -0.000918555888347, 0.000716048758477, -0.000849250995088, -0.0019462556811, 0.00335806957446, -0.0153050925583, 0.0276781246066, -0.0130091514438, 0.00294993608259, -0.000874287798069, 0.000924938532989], [-3.52575898432e-06, 9.07026551431e-05, 0.000534702616278, -0.00203830190003, 1.90831342479e-05, 0.000511564663611, -0.00331720011309, 0.00236552977003, -0.0130091514438, 0.0320088751614, -0.0169347003102, 0.00373139185831, -0.00231640599668], [-7.43399796193e-05, 2.09973823075e-05, -0.000988846994005, 0.00332756596617, -0.000133590903715, -0.00464964704588, 0.00189193361439, -0.00122724531684, 0.00294993608259, -0.0169347003102, 0.032545030117, -0.017408747226, 0.0036612439435], [-0.000257155508734, -0.000404497870477, 0.000862841552589, -0.00333699467592, -0.0022368801292, 0.00401462474838, -0.000239054803387, -0.00187273439951, -0.000874287798069, 0.00373139185831, -0.017408747226, 0.0360217392445, -0.0155404927209], [4.35299007222e-05, -0.000146478472743, -0.0003183830122, -7.03812256688e-05, 0.000469662045361, -0.00345885846764, 0.000529582088348, -0.0015116573777, 0.000924938532989, -0.00231640599668, 0.0036612439435, -0.0155404927209, 0.0253293141723]]}, "spectral_contrast_coeffs": {"dmean": [0.0554753579199, 0.0482388399541, 0.0401397272944, 0.0286586564034, 0.0193520952016, 0.0180932339281], "dmean2": [0.0857849568129, 0.0775741934776, 0.0651557669044, 0.0479555092752, 0.0318223312497, 0.0292708165944], "dvar": [0.0025799612049, 0.0015781740658, 0.00103570800275, 0.00050943903625, 0.000256407482084, 0.000248116906732], "dvar2": [0.00538595719263, 0.00399477733299, 0.00264905928634, 0.00139402365312, 0.000670135079417, 0.000623793399427], "max": [-0.259206742048, -0.434198141098, -0.501146554947, -0.560162127018, -0.613603711128, -0.662636756897], "mean": [-0.585435211658, -0.699486851692, -0.760780096054, -0.804078042507, -0.812228083611, -0.807832717896], "median": [-0.588495433331, -0.700395941734, -0.762003719807, -0.807889699936, -0.81582069397, -0.808305382729], "min": [-0.97514975071, -0.976959049702, -0.970575809479, -0.965237319469, -0.964464187622, -0.960740327835], "var": [0.0149582130834, 0.00510604819283, 0.00398292252794, 0.00215972028673, 0.00139676069375, 0.0013983178651]}, "spectral_contrast_valleys": {"dmean": [0.562678098679, 0.420033693314, 0.409344315529, 0.369789928198, 0.361670047045, 0.531942903996], "dmean2": [0.872154057026, 0.669521450996, 0.666665792465, 0.591009259224, 0.555341362953, 0.749127388], "dvar": [0.341907590628, 0.162232995033, 0.18823184073, 0.188701838255, 0.218991979957, 0.325513243675], "dvar2": [0.61803650856, 0.369134783745, 0.445752441883, 0.438536942005, 0.493799448013, 0.738961040974], "max": [-4.84064912796, -4.42630910873, -4.97920513153, -5.68159627914, -5.55116510391, -7.20