{"lowlevel": {"average_loudness": 0.00923588499427, "barkbands_crest": {"dmean": 2.17327928543, "dmean2": 3.55323076248, "dvar": 4.09539890289, "dvar2": 11.4291095734, "max": 26.8783378601, "mean": 13.2698974609, "median": 12.443983078, "min": 2.70668959618, "var": 20.3270111084}, "barkbands_flatness_db": {"dmean": 0.0213679634035, "dmean2": 0.0358318388462, "dvar": 0.000458616996184, "dvar2": 0.00114893401042, "max": 0.569084107876, "mean": 0.388386845589, "median": 0.396991699934, "min": 0.0136379115283, "var": 0.00418188143522}, "barkbands_kurtosis": {"dmean": 2.06570005417, "dmean2": 3.28375768661, "dvar": 32.4150466919, "dvar2": 84.4596557617, "max": 328.556945801, "mean": 4.68722105026, "median": 2.87332057953, "min": -1.82200717926, "var": 90.6054916382}, "barkbands_skewness": {"dmean": 0.395003020763, "dmean2": 0.618733346462, "dvar": 0.192169860005, "dvar2": 0.447145372629, "max": 5.86749315262, "mean": 0.744124650955, "median": 0.908527553082, "min": -14.9754886627, "var": 1.86047029495}, "barkbands_spread": {"dmean": 1.09302020073, "dmean2": 1.75427412987, "dvar": 3.74421811104, "dvar2": 9.64102745056, "max": 96.3481826782, "mean": 5.26162528992, "median": 3.91555023193, "min": 0.175720483065, "var": 27.1591892242}, "dissonance": {"dmean": 0.0405195131898, "dmean2": 0.0693056359887, "dvar": 0.00166539347265, "dvar2": 0.00471067149192, "max": 0.5, "mean": 0.379296064377, "median": 0.383681565523, "min": 0.0865961462259, "var": 0.00415698811412}, "dynamic_complexity": 8.55035209656, "erbbands_crest": {"dmean": 2.40470170975, "dmean2": 3.81387829781, "dvar": 6.75370454788, "dvar2": 17.0785961151, "max": 34.04895401, "mean": 16.2270336151, "median": 14.6770687103, "min": 2.06180262566, "var": 51.9620132446}, "erbbands_flatness_db": {"dmean": 0.0164404734969, "dmean2": 0.0266018193215, "dvar": 0.000289610208711, "dvar2": 0.000704843609128, "max": 0.597882270813, "mean": 0.397456288338, "median": 0.40167465806, "min": 0.0383161529899, "var": 0.00355659122579}, "erbbands_kurtosis": {"dmean": 1.7431640625, "dmean2": 2.63699412346, "dvar": 11.9471826553, "dvar2": 24.1653232574, "max": 87.0708007812, "mean": 3.5595433712, "median": 1.10278749466, "min": -1.7540551424, "var": 61.563495636}, "erbbands_skewness": {"dmean": 0.357378840446, "dmean2": 0.567837834358, "dvar": 0.166421279311, "dvar2": 0.40397465229, "max": 5.82432079315, "mean": 0.671055316925, "median": 0.635399460793, "min": -4.67369651794, "var": 1.09329998493}, "erbbands_spread": {"dmean": 1.73467361927, "dmean2": 2.7013862133, "dvar": 4.14292097092, "dvar2": 10.0478019714, "max": 89.9305343628, "mean": 10.6657495499, "median": 9.77986526489, "min": 0.279160559177, "var": 48.1738243103}, "hfc": {"dmean": 1.67382514477, "dmean2": 2.36497592926, "dvar": 28.2265758514, "dvar2": 52.952003479, "max": 161.192840576, "mean": 6.53733587265, "median": 1.86397469044, "min": 1.07525446054e-16, "var": 193.129974365}, "melbands_crest": {"dmean": 2.48581409454, "dmean2": 4.07518196106, "dvar": 5.30214834213, "dvar2": 14.0103149414, "max": 34.4976348877, "mean": 16.921787262, "median": 16.1603412628, "min": 1.0006326437, "var": 30.7991924286}, "melbands_flatness_db": {"dmean": 0.0238998439163, "dmean2": 0.0399571359158, "dvar": 0.000699114170857, "dvar2": 0.00165317882784, "max": 0.743032336235, "mean": 0.521182179451, "median": 0.534377455711, "min": 1.46687312963e-07, "var": 0.0081822918728}, "melbands_kurtosis": {"dmean": 2.26406621933, "dmean2": 3.61010456085, "dvar": 15.5248651505, "dvar2": 42.4693183899, "max": 148.655181885, "mean": 5.94737052917, "median": 4.22996044159, "min": -1.8199082613, "var": 60.1275939941}, "melbands_skewness": {"dmean": 0.381887108088, "dmean2": 0.589043080807, "dvar": 0.168974012136, "dvar2": 0.396266698837, "max": 8.14078330994, "mean": 1.19722163677, "median": 1.42255353928, "min": -8.54989814758, "var": 2.05210638046}, "melbands_spread": {"dmean": 1.61184048653, "dmean2": 2.58992528915, "dvar": 15.8775949478, "dvar2": 35.4610595703, "max": 157.543548584, "mean": 7.99838542938, "median": 5.48046398163, "min": 0.615435481071, "var": 152.99029541}, "pitch_salience": {"dmean": 0.0515252053738, "dmean2": 0.0837071686983, "dvar": 0.002986531239, "dvar2": 0.00741821806878, "max": 0.99609297514, "mean": 0.499326825142, "median": 0.500795662403, "min": 0.0472376421094, "var": 0.0167516674846}, "silence_rate_20dB": {"dmean": 0, "dmean2": 0, "dvar": 0, "dvar2": 0, "max": 1, "mean": 1, "median": 1, "min": 1, "var": 0}, "silence_rate_30dB": {"dmean": 0.00792682915926, "dmean2": 0.0158560760319, "dvar": 0.00786335393786, "dvar2": 0.0189589764923, "max": 1, "mean": 0.979423880577, "median": 1, "min": 0, "var": 0.0201541483402}, "silence_rate_60dB": {"dmean": 0.0341463424265, "dmean2": 0.0683030933142, "dvar": 0.0329775325954, "dvar2": 0.0718735158443, "max": 1, "mean": 0.388507843018, "median": 0, "min": 0, "var": 0.237554579973}, "spectral_centroid": {"dmean": 40.6192321777, "dmean2": 63.4367485046, "dvar": 37745.7070312, "dvar2": 60607.8632812, "max": 11728.8466797, "mean": 537.562561035, "median": 394.45803833, "min": 167.310333252, "var": 847924.6875}, "spectral_complexity": {"dmean": 0.885670721531, "dmean2": 1.47522485256, "dvar": 1.445109725, "dvar2": 3.01842260361, "max": 24, "mean": 6.07818937302, "median": 6, "min": 0, "var": 16.821937561}, "spectral_decrease": {"dmean": 8.62850235706e-10, "dmean2": 1.28519417331e-09, "dvar": 5.84657254012e-18, "dvar2": 1.19374313675e-17, "max": 9.501785307e-28, "mean": -3.56292995107e-09, "median": -1.36179867383e-09, "min": -8.90234375106e-08, "var": 4.69199177317e-17}, "spectral_energy": {"dmean": 0.00340383802541, "dmean2": 0.00505803152919, "dvar": 9.15845885174e-05, "dvar2": 0.000186302291695, "max": 0.350195229053, "mean": 0.0140402438119, "median": 0.00532225845382, "min": 1.01429775284e-20, "var": 0.000731721287593}, "spectral_energyband_high": {"dmean": 1.14783938443e-06, "dmean2": 1.72215925431e-06, "dvar": 1.39172118274e-10, "dvar2": 3.54996698704e-10, "max": 0.000414411566453, "mean": 1.21798780128e-06, "median": 5.61878810146e-09, "min": 7.01644080033e-21, "var": 1.29413216254e-10}, "spectral_energyband_low": {"dmean": 0.000531158642843, "dmean2": 0.000802633410785, "dvar": 2.53703410635e-06, "dvar2": 5.18757678947e-06, "max": 0.0628036186099, "mean": 0.00183388753794, "median": 0.000546497059986, "min": 1.32298955225e-23, "var": 1.33938183353e-05}, "spectral_energyband_middle_high": {"dmean": 0.000565959140658, "dmean2": 0.00075353810098, "dvar": 8.49253956403e-06, "dvar2": 1.43297856994e-05, "max": 0.13874591887, "mean": 0.00166564818937, "median": 0.000227460855967, "min": 1.24589010861e-21, "var": 4.00380558858e-05}, "spectral_energyband_middle_low": {"dmean": 0.00278955348767, "dmean2": 0.00426713936031, "dvar": 7.58993701311e-05, "dvar2": 0.00016132593737, "max": 0.341551929712, "mean": 0.0109677212313, "median": 0.00317872618325, "min": 1.30598169535e-22, "var": 0.000624197127763}, "spectral_entropy": {"dmean": 0.158128246665, "dmean2": 0.257385075092, "dvar": 0.0444454811513, "dvar2": 0.10807505995, "max": 9.82420825958, "mean": 5.44875669479, "median": 5.39551639557, "min": 3.55702352524, "var": 0.335603535175}, "spectral_flux": {"dmean": 0.0111311003566, "dmean2": 0.017757833004, "dvar": 0.000475598295452, "dvar2": 0.00116556813009, "max": 0.353373020887, "mean": 0.0265926942229, "median": 0.0180089771748, "min": 6.47025419354e-11, "var": 0.000884698063601}, "spectral_kurtosis": {"dmean": 43.0009536743, "dmean2": 75.1115570068, "dvar": 1794.11962891, "dvar2": 5206.33837891, "max": 526.00592041, "mean": 160.093933105, "median": 160.478561401, "min": -1.24580812454, "var": 7242.31689453}, "spectral_rms": {"dmean": 0.000359992816811, "dmean2": 0.000533944519702, "dvar": 3.88934267903e-07, "dvar2": 7.3236640219e-07, "max": 0.0184838809073, "mean": 0.00281625776552, "median": 0.0022786941845, "min": 3.14572543361e-12, "var": 5.76648517381e-06}, "spectral_rolloff": {"dmean": 68.7344207764, "dmean2": 117.798408508, "dvar": 192680.546875, "dvar2": 317601.75, "max": 19875.1464844, "mean": 702.85168457, "median": 516.796875, "min": 107.666015625, "var": 2793354}, "spectral_skewness": {"dmean": 1.83001589775, "dmean2": 3.24270868301, "dvar": 2.89720726013, "dvar2": 8.01021575928, "max": 17.610458374, "mean": 9.02706432343, "median": 9.48616981506, "min": -0.0786052942276, "var": 11.2118139267}, "spectral_spread": {"dmean": 327809.375, "dmean2": 583658.9375, "dvar": 574332993536, "dvar2": 1164309430270.0, "max": 41981632, "mean": 1151962.625, "median": 730524.8125, "min": 188327.609375, "var": 11835234320400.0}, "spectral_strongpeak": {"dmean": 0.264612466097, "dmean2": 0.41830354929, "dvar": 0.274527281523, "dvar2": 0.583438336849, "max": 12.9361801147, "mean": 0.971796989441, "median": 0.389028966427, "min": 0, "var": 1.77573299408}, "zerocrossingrate": {"dmean": 0.00222622021101, "dmean2": 0.00303152762353, "dvar": 0.00012425892055, "dvar2": 0.000225480544032, "max": 0.517578125, "mean": 0.0256453715265, "median": 0.0185546875, "min": 0.00439453125, "var": 0.00225891894661}, "barkbands": {"dmean": [2.64136251644e-05, 0.000144850739161, 0.000350283458829, 0.000215426174691, 0.000880339182913, 0.000962549762335, 0.000483239069581, 0.000812211714219, 0.000331123679643, 0.000275335740298, 0.000229891840718, 5.735888044e-05, 7.43310520193e-05, 4.20923715865e-05, 1.5150638319e-05, 1.00627248685e-05, 4.39039013145e-06, 3.86771762351e-06, 3.03962360704e-06, 4.8922362339e-07, 2.47142281751e-07, 5.00497208122e-07, 1.08500792351e-07, 1.36388225158e-08, 5.40704325758e-09, 8.91073326237e-10, 6.6144090205e-10], "dmean2": [4.55621666333e-05, 0.000226557822316, 0.000529350014403, 0.000343764899299, 0.0013854020508, 0.00161364162341, 0.000673499889672, 0.00117986137047, 0.000440562260337, 0.000378662924049, 0.000296314334264, 7.1797563578e-05, 9.8522818007e-05, 5.89136216149e-05, 2.20766196435e-05, 1.47738355736e-05, 6.48201239528e-06, 5.93234881308e-06, 4.16395914726e-06, 7.78260641709e-07, 4.1034655851e-07, 7.50385709125e-07, 1.69826307683e-07, 2.20460822931e-08, 9.46337852525e-09, 1.58266910688e-09, 1.20792431613e-09], "dvar": [3.24354276771e-09, 1.46151123204e-07, 1.5275112446e-06, 3.47217167018e-07, 6.4178516368e-06, 2.2435982828e-05, 6.83437338012e-06, 1.65812652995e-05, 5.02396869706e-06, 1.52395205077e-06, 6.53903953207e-06, 5.04099233467e-08, 2.14505945451e-07, 7.50975388542e-08, 3.23572058036e-09, 3.20946957899e-09, 3.1688329738e-10, 3.14537174084e-09, 1.32743549486e-09, 1.49412357486e-11, 7.63560221995e-12, 3.21613048693e-11, 1.56956110435e-12, 4.21061162282e-14, 5.67782998149e-15, 2.70342360712e-17, 4.36047391368e-18], "dvar2": [8.77089068041e-09, 3.11792149432e-07, 3.12220186061e-06, 8.56924032178e-07, 1.37408105729e-05, 5.92070136918e-05, 1.50595978994e-05, 3.41896266036e-05, 8.93322339834e-06, 2.85563487523e-06, 1.07202768049e-05, 7.28995388499e-08, 3.15432458819e-07, 1.36996291644e-07, 6.42287467656e-09, 7.16641235243e-09, 6.43385122956e-10, 6.65213173434e-09, 2.63849897486e-09, 3.92233884261e-11, 2.0204109219e-11, 7.74688785343e-11, 3.85551660043e-12, 1.10050938631e-13, 1.56115778535e-14, 7.14121103208e-17, 1.41391603378e-17], "max": [0.00128854508512, 0.00918161123991, 0.0470559000969, 0.0172942336649, 0.0918934196234, 0.231968283653, 0.112234458327, 0.2013014853, 0.136772871017, 0.0522527247667, 0.137644141912, 0.00726060708985, 0.0285353846848, 0.00973699055612, 0.0018228252884, 0.00251166708767, 0.000751255895011, 0.0037203382235, 0.00243171257898, 0.00012556470756, 9.58196033025e-05, 0.000193799452973, 4.14910100517e-05, 1.13813030111e-05, 2.74278841061e-06, 2.14811961996e-07, 5.24453547257e-08], "mean": [3.82776343031e-05, 0.000407265441027, 0.00112849392463, 0.000508406024892, 0.00233278539963, 0.0024570603855, 0.00154874252621, 0.00302644772455, 0.00078275706619, 0.000642039231025, 0.000660840829369, 0.000143120152643, 0.000199698886718, 8.20494751679e-05, 3.87943218811e-05, 2.1273681341e-05, 1.01629248093e-05, 5.79237484999e-06, 4.82293216919e-06, 6.11078633028e-07, 2.0483551566e-07, 5.00184512475e-07, 9.73157128215e-08, 1.14933218498e-08, 4.15985867974e-09, 1.02486152898e-09, 9.70222679975e-10], "median": [8.36303479446e-06, 0.000142629040056, 0.000220256741159, 9.23476109165e-05, 0.000536363455467, 0.000135154259624, 0.00011432217434, 0.000126116661704, 3.45002554241e-05, 5.50824443053e-05, 1.26912154883e-05, 1.20945542221e-05, 4.20554988523e-06, 3.9844389903e-06, 2.46803051596e-06, 6.02934164817e-07, 2.88052945052e-07, 7.8879132559e-08, 2.36361881178e-08, 2.15540962856e-09, 8.37671154663e-10, 5.13892539633e-10, 2.97058710963e-10, 2.71206668234e-10, 3.23979315597e-10, 3.98125671319e-10, 5.44188860641e-10], "min": [2.53030414053e-25, 1.46719648116e-24, 1.56652895888e-24, 1.29264503145e-24, 1.59750675749e-23, 1.06517821216e-23, 4.37902249958e-24, 1.20486260151e-23, 1.84779307451e-23, 2.7118097048e-23, 1.60894618725e-23, 3.6041379219e-23, 5.0457414676e-23, 3.94719617464e-23, 3.46718945994e-23, 8.01107434349e-23, 6.16518652584e-23, 1.12207777107e-22, 1.1348492398e-22, 1.63989667155e-22, 2.71863429827e-22, 2.9195989489e-22, 3.98463513455e-22, 6.36130163828e-22, 9.12550761063e-22, 1.31578929375e-21, 1.82540484861e-21], "var": [1.21105969697e-08, 5.67946528918e-07, 7.91636102804e-06, 1.28256306198e-06, 3.19354476233e-05, 0.000120242344565, 3.03540764435e-05, 0.000138816816616, 1.53881865117e-05, 5.63748153581e-06, 3.1836265407e-05, 1.91832299379e-07, 1.10798953301e-06, 1.97225986653e-07, 1.23108883088e-08, 7.12256609248e-09, 1.376335379e-09, 4.11718437121e-09, 2.36358221883e-09, 1.79989044502e-11, 5.67218147451e-12, 3.10736471276e-11, 1.42505169991e-12, 3.23373157407e-14, 3.81859477984e-15, 2.23166050077e-17, 3.61444178717e-18]}, "erbbands": {"dmean": [0.00127927481662, 0.0444863885641, 0.332208693027, 0.591914355755, 1.02365219593, 4.15198755264, 4.22354602814, 10.4156141281, 5.47567462921, 12.794342041, 15.2510757446, 9.32643985748, 7.14188718796, 8.66123008728, 7.97560548782, 2.98028898239, 3.48466587067, 2.68978142738, 0.739391922951, 0.969044625759, 0.391153723001, 0.178209319711, 0.261598497629, 0.134562045336, 0.138255059719, 0.0306092686951, 0.0120622823015, 0.0110353343189, 0.0265326090157, 0.00489766476676, 0.00201059342362, 0.000756978406571, 0.000178105532541, 9.42432598094e-05, 2.34158123931e-05, 5.55933092983e-06, 2.09196809919e-06, 5.51410494154e-07, 1.63105153206e-06, 3.83099495593e-06], "dmean2": [0.00189379707444, 0.0694885775447, 0.508865177631, 0.917213857174, 1.72130334377, 6.64713144302, 6.55445480347, 17.3610229492, 7.35645627975, 18.3096790314, 23.1932697296, 12.244717598, 9.61527919769, 12.0278625488, 10.1106672287, 3.6981086731, 4.61641931534, 3.67688393593, 1.03270566463, 1.43117654324, 0.544685721397, 0.266257256269, 0.397203236818, 0.19134157896, 0.186601802707, 0.0468079671264, 0.0188350379467, 0.017475085333, 0.0399610921741, 0.00745038175955, 0.00318605592474, 0.00118586455937, 0.000295255013043, 0.000164876895724, 3.9965587348e-05, 9.27225482883e-06, 3.40767201124e-06, 9.2447089628e-07, 2.39315818362e-06, 5.67464121559e-06], "dvar": [1.28348492581e-05, 0.0143667953089, 1.30288982391, 2.8770377636, 2.60619521141, 157.682601929, 286.035064697, 2964.84228516, 473.026763916, 8373.77148438, 4219.20166016, 3904.77856445, 829.031188965, 2658.0847168, 6772.29589844, 124.35408783, 380.308563232, 223.412277222, 10.7428541183, 21.1910305023, 4.09056615829, 0.498621463776, 15.9259023666, 0.908328771591, 6.19380950928, 0.0729116722941, 0.0145385228097, 0.0147861307487, 0.101233832538, 0.00295669166371, 0.00055921607418, 9.16389981285e-05, 9.19771810004e-06, 1.89469255929e-06, 9.43033953149e-08, 1.83758719352e-09, 8.16809328508e-11, 3.11164202044e-12, 2.16042288226e-11, 1.16999729349e-10], "dvar2": [2.11324168049e-05, 0.0303283873945, 2.65166687965, 6.41572713852, 6.56166219711, 371.224304199, 637.661010742, 7602.87255859, 791.927368164, 18664.390625, 9529.27832031, 7021.06640625, 1485.98083496, 4937.67626953, 11004.2392578, 186.547302246, 586.899963379, 392.075317383, 19.7244586945, 45.7457389832, 8.50337409973, 1.05590903759, 33.6102333069, 1.61981260777, 12.5308380127, 0.181671649218, 0.0382557213306, 0.0380475334823, 0.243413135409, 0.00702493125573, 0.0014437349746, 0.000236708263401, 2.52317804552e-05, 5.23963262822e-06, 2.55030101926e-07, 4.76195749499e-09, 2.07455663759e-10, 8.21722984795e-12, 4.31575955528e-11, 2.36771491302e-10], "max": [0.119760744274, 3.15624070168, 31.4275913239, 82.1665496826, 41.6836204529, 399.634124756, 627.44329834, 2899.59570312, 849.728271484, 3638.9921875, 2071.79956055, 3766.94726562, 1120.72143555, 1951.68286133, 4285.33398438, 352.463195801, 1130.92053223, 477.953155518, 109.847763062, 170.733657837, 88.8588638306, 26.2013645172, 265.696868896, 32.3333511353, 173.690658569, 13.1929569244, 4.87650489807, 4.01212692261, 11.6606941223, 1.81403470039, 0.77417498827, 0.415746331215, 0.166893064976, 0.0436450615525, 0.0116279311478, 0.00212187855504, 0.000342281651683, 5.53572681383e-05, 0.000170687926584, 0.000392905145418], "mean": [0.00408264156431, 0.132417574525, 1.0246219635, 1.76204884052, 2.76538920403, 10.5730266571, 10.4890193939, 27.836555481, 19.6279468536, 45.4871177673, 54.3472709656, 24.9012565613, 19.109872818, 19.7179584503, 23.0630493164, 7.9248418808, 9.43311405182, 6.15342712402, 1.74023604393, 2.29545354843, 0.963326632977, 0.423621505499, 0.42056363821, 0.212403193116, 0.223756507039, 0.0408865995705, 0.0129526061937, 0.00990908686072, 0.0263221841305, 0.00468227732927, 0.00177332072053, 0.000665263505653, 0.000155549569172, 7.81685957918e-05, 2.72335237241e-05, 1.18497882795e-05, 6.07717311141e-06, 1.59978253578e-06, 6.82637482896e-06, 1.57925969688e-05], "median": [0.00141746387817, 0.0462117269635, 0.266166776419, 0.379639446735, 1.17320585251, 1.86757314205, 0.965679109097, 1.32928586006, 1.64199507236, 2.74525594711, 3.00528693199, 1.70242500305, 1.732021451, 1.47166860104, 0.911362469196, 0.750933229923, 0.418233573437, 0.379162311554, 0.179030150175, 0.113599970937, 0.0481516234577, 0.0187829639763, 0.00643082009628, 0.00224258028902, 0.000830262899399, 0.000197484041564, 6.68559951009e-05, 3.1691568438e-05, 2.400856647e-05, 1.57951199071e-05, 1.21153407235e-05, 1.01054865809e-05, 8.67725520948e-06, 7.35957382858e-06, 5.90851777815e-06, 4.32613478552e-06, 2.4870382731e-06, 7.57774444082e-07, 2.58157365352e-06, 5.91060143051e-06], "min": [5.94052272657e-23, 5.39535420783e-22, 4.09145099057e-21, 4.19498710374e-21, 2.30432485377e-20, 4.09304832157e-20, 5.732009447e-20, 8.51047552035e-20, 1.33913755706e-19, 2.55349362625e-19, 3.22359496693e-19, 4.37863249268e-19, 8.05822809137e-19, 4.5151364223e-19, 9.840436284e-19, 1.80352629138e-18, 2.51363127555e-18, 2.27805333902e-18, 2.97203223035e-18, 3.45677413138e-18, 3.72682957622e-18, 3.59047174738e-18, 6.64867510445e-18, 4.92963249135e-18, 7.66426926257e-18, 8.30180300326e-18, 8.58172505845e-18, 1.01993495382e-17, 1.00728339179e-17, 1.26969047653e-17, 1.2137537111e-17, 1.14258755797e-17, 1.10541323406e-17, 8.29180569838e-18, 6.43157328088e-18, 4.31687860026e-18, 2.45513471699e-18, 9.67393413247e-19, 2.50031134124e-19, 2.39498772631e-20], "var": [9.00543527678e-05, 0.0561131983995, 5.70706748962, 14.4772672653, 18.2318992615, 774.51171875, 1172.71630859, 17763.6933594, 3771.35839844, 48640.4921875, 23840.921875, 12238.7548828, 4173.41503906, 8617.31542969, 32548.2792969, 475.816864014, 1897.63659668, 712.428466797, 30.8013076782, 67.6569519043, 11.1039857864, 1.96869897842, 21.0149078369, 1.63366162777, 10.8781089783, 0.0970344915986, 0.0141488080844, 0.0121065825224, 0.0974715724587, 0.00290118693374, 0.000462626310764, 7.48954917071e-05, 6.33105219094e-06, 1.25091651171e-06, 6.91275801046e-08, 1.80910253444e-09, 1.6676145187e-10, 8.49087380267e-12, 1.7222168136e-10, 9.29585242115e-10]}, "gfcc": {"mean": [-299.515838623, 253.106079102, -89.0149307251, -57.8477096558, -15.7626886368, -12.5209083557, -24.9742984772, -13.7472667694, -10.8173675537, -14.5438423157, -9.32299232483, -14.9997549057, -7.4171500206], "cov": [[19613.3125, 2444.39404297, -4410.74316406, -242.390441895, 246.996353149, -1826.82641602, 115.11554718, 303.865936279, 336.276916504, -209.550628662, 301.062469482, -356.20690918, -138.481491089], [2444.39404297, 1860.52893066, 489.097290039, -683.396972656, 198.781341553, -89.6654663086, -328.998779297, -165.179000854, -7.6994972229, -31.4296207428, 87.8651657104, -80.4026947021, -27.0091342926], [-4410.74316406, 489.097290039, 2209.32714844, -255.255661011, -97.3144683838, 621.790588379, -232.595046997, -296.87512207, -127.843414307, 69.849861145, -5.91557788849, 33.3607788086, 9.303358078], [-242.390441895, -683.396972656, -255.255661011, 605.17755127, -9.84393405914, 15.701713562, 215.121246338, 101.015808105, 38.4083175659, 4.42676782608, -34.1776351929, 22.0844020844, -9.72805309296], [246.996353149, 198.781341553, -97.3144683838, -9.84393405914, 284.361297607, -53.845703125, -28.1895217896, 83.6213378906, 39.9330825806, -20.978685379, 23.3399963379, 21.8408508301, 19.2158164978], [-1826.82641602, -89.6654663086, 621.790588379, 15.701713562, -53.845703125, 491.588104248, 117.286445618, -87.7755584717, -60.9523162842, -41.7123374939, -106.387550354, 42.4600143433, 61.9582633972], [115.11554718, -328.998779297, -232.595046997, 215.121246338, -28.1895217896, 117.286445618, 344.710479736, 130.856430054, 0.526990652084, -27.4979686737, -60.9212989807, -34.3869667053, 12.8223247528], [303.865936279, -165.179000854, -296.87512207, 101.015808105, 83.6213378906, -87.7755584717, 130.856430054, 222.050857544, 79.6206970215, 3.62168097496, 1.73537421227, -24.6170711517, -28.6400947571], [336.276916504, -7.6994972229, -127.843414307, 38.4083175659, 39.9330825806, -60.9523162842, 0.526990652084, 79.6206970215, 142.989120483, 50.237247467, 5.21211671829, -17.2684612274, -31.9194831848], [-209.550628662, -31.4296207428, 69.849861145, 4.42676782608, -20.978685379, -41.7123374939, -27.4979686737, 3.62168097496, 50.237247467, 142.881546021, 66.2582855225, -36.6576042175, -47.6834220886], [301.062469482, 87.8651657104, -5.91557788849, -34.1776351929, 23.3399963379, -106.387550354, -60.9212989807, 1.73537421227, 5.21211671829, 66.2582855225, 116.835502625, 14.383275032, -31.2326107025], [-356.20690918, -80.4026947021, 33.3607788086, 22.0844020844, 21.8408508301, 42.4600143433, -34.3869667053, -24.6170711517, -17.2684612274, -36.6576042175, 14.383275032, 133.00642395, 63.5525932312], [-138.481491089, -27.0091342926, 9.303358078, -9.72805309296, 19.2158164978, 61.9582633972, 12.8223247528, -28.6400947571, -31.9194831848, -47.6834220886, -31.2326107025, 63.5525932312, 96.6085205078]], "icov": [[0.000541328627151, -0.00128230801784, 0.0011659321608, -0.000790921389125, 0.00103014206979, 0.000209998441278, -0.000390503264498, 0.000523892405909, -0.00105823716149, 0.00134187703952, -0.00196492369287, 0.0012073420221, -0.00102370290551], [-0.00128230801784, 0.00453830370679, -0.00314500881359, 0.00323908822611, -0.00367196532898, 4.16951079387e-05, 0.000373650691472, 0.000383777718525, 0.0011466658907, -0.00132114172447, 0.00320034148172, -0.0014627892524, 0.00255121593364], [0.0011659321608, -0.00314500881359, 0.00388293527067, -0.00212075910531, 0.00269828457385, -0.00202434859239, 0.000992579152808, 0.000367246597307, -0.00132529088296, 0.00201753340662, -0.00495967501774, 0.00305751268752, -0.00211357255466], [-0.000790921389125, 0.00323908822611, -0.00212075910531, 0.00495709106326, -0.00293916487135, 0.00108011509292, -0.00220402423292, 0.00128470989875, 0.000170713436091, -0.0014125976013, 0.00346939195879, -0.00308418041095, 0.00355019187555], [0.00103014206979, -0.00367196532898, 0.00269828457385, -0.00293916487135, 0.00808513723314, -0.00115138862748, 0.0019161576638, -0.0034849231597, -0.00190247304272, 0.00310104363598, -0.00561124412343, 0.00287628709339, -0.00506710913032], [0.000209998441278, 4.16951079387e-05, -0.00202434859239, 0.00108011509292, -0.00115138862748, 0.00864074006677, -0.00612842943519, 0.0040696230717, -0.00108780723531, -0.000496698252391, 0.00557799171656, -0.00387915642932, 0.00107424915768], [-0.000390503264498, 0.000373650691472, 0.000992579152808, -0.00220402423292, 0.0019161576638, -0.00612842943519, 0.0108364615589, -0.00761001044884, 0.00358887924813, -0.000887093599886, -0.00115148234181, 0.00428337510675, -0.00335997575894], [0.000523892405909, 0.000383777718525, 0.000367246597307, 0.00128470989875, -0.0034849231597, 0.0040696230717, -0.00761001044884, 0.014309653081, -0.00710987020284, 0.00412350287661, -0.00226112292148, 0.00028023213963, 0.00305844494142], [-0.00105823716149, 0.0011466658907, -0.00132529088296, 0.000170713436091, -0.00190247304272, -0.00108780723531, 0.00358887924813, -0.00710987020284, 0.0161198955029, -0.0109502784908, 0.0106818387285, -0.00588458869606, 0.00468613114208], [0.00134187703952, -0.00132114172447, 0.00201753340662, -0.0014125976013, 0.00310104363598, -0.000496698252391, -0.000887093599886, 0.00412350287661, -0.0109502784908, 0.0218511298299, -0.0187423415482, 0.0112665211782, -0.00404406711459], [-0.00196492369287, 0.00320034148172, -0.00495967501774, 0.00346939195879, -0.00561124412343, 0.00557799171656, -0.00115148234181, -0.00226112292148, 0.0106818387285, -0.0187423415482, 0.0332884863019, -0.0176113210618, 0.0125521440059], [0.0012073420221, -0.0014627892524, 0.00305751268752, -0.00308418041095, 0.00287628709339, -0.00387915642932, 0.00428337510675, 0.00028023213963, -0.00588458869606, 0.0112665211782, -0.0176113210618, 0.0229704584926, -0.0150408083573], [-0.00102370290551, 0.00255121593364, -0.00211357255466, 0.00355019187555, -0.00506710913032, 0.00107424915768, -0.00335997575894, 0.00305844494142, 0.00468613114208, -0.00404406711459, 0.0125521440059, -0.0150408083573, 0.0253341160715]]}, "melbands": {"dmean": [2.55753984675e-05, 0.000132843822939, 0.000103679129097, 0.000177474998054, 0.000165380610269, 0.00021130895766, 8.61800217535e-05, 0.000146440492244, 0.000113116322609, 5.51996236027e-05, 3.45871885656e-05, 3.51369635609e-05, 3.36683551723e-05, 7.82473762229e-06, 5.98054975853e-06, 8.05793843028e-06, 4.81278721054e-06, 1.22646633827e-06, 1.00869874586e-06, 1.16564615382e-06, 3.88703085719e-07, 1.84498262001e-07, 2.88830420914e-07, 1.69718504139e-07, 1.11442034267e-07, 9.56426120524e-08, 5.21574392565e-08, 1.62428079875e-08, 6.76476075157e-09, 9.72673408484e-09, 4.4555852341e-09, 1.69810885353e-08, 5.32656896368e-09, 2.54442245051e-09, 8.66868354876e-10, 1.31163679917e-09, 2.07630218574e-10, 1.24869614648e-10, 9.36296803977e-11, 8.12044528842e-11], "dmean2": [3.92181427742e-05, 0.000202611467103, 0.000162747543072, 0.000291400763672, 0.000255303253653, 0.000353200855898, 0.000116135255666, 0.0002068883623, 0.000173623571754, 7.20746393199e-05, 4.69836450065e-05, 4.94761916343e-05, 4.25010730396e-05, 1.02663525468e-05, 7.86063719715e-06, 1.04518430817e-05, 6.6963948484e-06, 1.71539852545e-06, 1.46923514421e-06, 1.72482089056e-06, 5.33306035777e-07, 2.7649954859e-07, 4.43064152478e-07, 2.53738733136e-07, 1.58401334716e-07, 1.30165176415e-07, 7.2852287758e-08, 2.62015458219e-08, 1.0054542976e-08, 1.64766511546e-08, 6.80013467758e-09, 2.54248071485e-08, 8.18008327741e-09, 3.92490173695e-09, 1.38409039785e-09, 2.10001460665e-09, 3.20292597999e-10, 2.03638897411e-10, 1.67874394941e-10, 1.43458536717e-10], "dvar": [4.59175364398e-09, 1.85319152024e-07, 7.04596487822e-08, 1.79241737897e-07, 4.00940933787e-07, 1.17070680972e-06, 1.31007595883e-07, 1.02311048522e-06, 2.30755418329e-07, 1.78114220262e-07, 1.95748111054e-08, 4.39903651284e-08, 1.43986909507e-07, 1.71721525888e-09, 5.13271092295e-10, 3.41291039874e-09, 9.18993048327e-10, 4.72665691309e-11, 1.98499324616e-11, 3.66318225753e-11, 3.39584263487e-12, 6.85425566131e-13, 5.53311866811e-12, 8.00901012177e-12, 7.0770321027e-13, 3.11150649517e-12, 6.55976033041e-13, 2.10916506293e-14, 8.39571603429e-15, 1.54221219942e-14, 3.28840234157e-15, 3.97346103232e-14, 4.34645470115e-15, 8.50712352498e-16, 1.11712462261e-16, 2.87264659556e-16, 8.53478338587e-18, 3.38374318228e-18, 3.43022266769e-18, 1.5199985559e-18], "dvar2": [9.07465924627e-09, 3.78687872171e-07, 1.5927129482e-07, 4.51880907804e-07, 8.43397003791e-07, 3.03584238281e-06, 2.34482115502e-07, 2.2017086394e-06, 5.31949069682e-07, 3.18456443438e-07, 3.54587577078e-08, 8.30172410815e-08, 2.29228049875e-07, 3.44294504018e-09, 9.26412002666e-10, 4.53701920478e-09, 1.65020586085e-09, 8.6497121965e-11, 3.94326238329e-11, 8.13698969315e-11, 6.69984770788e-12, 1.36578378815e-12, 1.20584315103e-11, 1.68568735359e-11, 1.18652147569e-12, 6.12941685255e-12, 1.39785351263e-12, 5.62586171496e-14, 2.19629324357e-14, 4.13826315067e-14, 7.98923678136e-15, 9.50704155699e-14, 1.08345923989e-14, 2.00500491318e-15, 2.9052729812e-16, 7.62504723651e-16, 2.04796833671e-17, 8.93069601528e-18, 9.87694265956e-18, 4.21497243034e-18], "max": [0.00194430048577, 0.0122481901199, 0.011675667949, 0.0120098665357, 0.0213529393077, 0.0563418567181, 0.0130963213742, 0.0457800291479, 0.0157509855926, 0.0261082854122, 0.00560748949647, 0.00839050114155, 0.0205612555146, 0.00224561896175, 0.000783817376941, 0.00396167160943, 0.0010951453587, 0.000254115264397, 0.000158696857397, 0.000218876390136, 6.36227050563e-05, 3.85318162444e-05, 0.0001426441886, 0.000187755154911, 2.8283415304e-05, 0.000122051264043, 5.65856207686e-05, 4.79571599499e-06, 4.93790275868e-06, 4.55468807559e-06, 3.50849200004e-06, 7.24399615137e-06, 2.20325455302e-06, 9.38817947826e-07, 3.90910713577e-07, 5.94232631101e-07, 1.6590540497e-07, 9.4811234419e-08, 9.88291972703e-08, 4.55680506661e-08], "mean": [7.56272711442e-05, 0.000427611987107, 0.000310918781906, 0.00048190963571, 0.000433082139352, 0.000552224752028, 0.000301353924442, 0.000533256446943, 0.000395540788304, 0.000134902700665, 9.06769637368e-05, 7.53636850277e-05, 9.95804803097e-05, 1.85762382898e-05, 1.54457065946e-05, 2.24882060138e-05, 9.93614139588e-06, 2.56864791481e-06, 2.5664610348e-06, 2.63145716417e-06, 9.20513343772e-07, 4.31158497349e-07, 5.18085585099e-07, 2.39464100105e-07, 1.68014864244e-07, 1.59996687898e-07, 7.61657119597e-08, 2.02342640421e-08, 8.04834510149e-09, 7.55210560754e-09, 4.28839008748e-09, 1.70327254523e-08, 5.07189934495e-09, 2.36836106282e-09, 7.56308127237e-10, 1.10840026046e-09, 1.80213344247e-10, 1.05627104285e-10, 7.06168526432e-11, 5.77666213475e-11], "median": [2.92840413749e-05, 0.000124485886772, 8.2960454165e-05, 0.000130761007313, 4.62543830508e-05, 2.73806690529e-05, 2.60501856246e-05, 2.90740372293e-05, 2.02481442102e-05, 6.3130869421e-06, 6.07423589827e-06, 5.14845305588e-06, 1.97026724891e-06, 1.62192895914e-06, 9.27673966089e-07, 5.17981959547e-07, 4.41569994791e-07, 1.86621349485e-07, 1.54031937427e-07, 6.11936457062e-08, 2.68207092091e-08, 1.24156462888e-08, 4.096285533e-09, 1.77953185521e-09, 1.3379851671e-09, 4.48241249673e-10, 2.36956981814e-10, 6.84718323707e-11, 3.16894115115e-11, 1.98093555448e-11, 1.28194876589e-11, 1.14142497537e-11, 8.02678670059e-12, 5.83775952925e-12, 4.79124465796e-12, 3.86833707428e-12, 3.35492397752e-12, 3.2133234875e-12, 2.98676014476e-12, 2.82510950397e-12], "min": [1.07574299239e-24, 2.63909294043e-24, 1.10266040559e-24, 2.42832054783e-24, 2.05069874895e-24, 1.6620768764e-24, 1.70688555633e-24, 2.86441705573e-24, 2.475114199e-24, 2.68772601803e-24, 3.8456444537e-24, 1.79015633298e-24, 2.9148126458e-24, 2.57556439402e-24, 5.01019957617e-24, 4.75187878972e-24, 3.93426784881e-24, 4.38490306319e-24, 2.47174457965e-24, 3.6837903119e-24, 3.99555958013e-24, 3.53621060819e-24, 4.31694111849e-24, 5.84550940036e-24, 3.26086442846e-24, 4.28579767881e-24, 4.61133966958e-24, 5.27876293262e-24, 3.68600109459e-24, 4.94721534378e-24, 5.11692772348e-24, 4.54726365369e-24, 6.03621415761e-24, 6.05996084301e-24, 6.69193388026e-24, 5.00990572549e-24, 6.65853350953e-24, 7.25062568372e-24, 6.70389222272e-24, 6.59500299096e-24], "var": [2.23040022007e-08, 8.45100430524e-07, 3.68965288544e-07, 1.14075248803e-06, 1.83321947134e-06, 6.74639250065e-06, 9.22048513985e-07, 6.95033804732e-06, 1.22541382552e-06, 5.27013355622e-07, 9.95805535808e-08, 1.2877528377e-07, 7.25032521132e-07, 3.81918985326e-09, 2.08962491755e-09, 1.87861335377e-08, 2.52555820701e-09, 1.20357820932e-10, 6.73897743164e-11, 9.69351127145e-11, 1.0542488757e-11, 3.06617253289e-12, 8.89247356306e-12, 1.0401941461e-11, 1.32478663456e-12, 5.6991238985e-12, 1.06368386321e-12, 2.45024693487e-14, 9.70645039225e-15, 1.09786498333e-14, 3.20328103608e-15, 3.87699719334e-14, 3.87070128214e-15, 8.40438531062e-16, 9.10800300676e-17, 2.2169153777e-16, 7.70572838205e-18, 2.59783164446e-18, 2.03660883079e-18, 9.78625181797e-19]}, "mfcc": {"mean": [-884.584228516, 224.8074646, 32.6869888306, -15.0518312454, 2.46599054337, 3.57744336128, -2.88026666641, -3.54889893532, -3.14559364319, -0.837195158005, -1.50291872025, -4.17403554916, -2.36489319801], "cov": [[6486.37792969, 3303.40478516, -2024.01696777, -491.953125, 197.850509644, -629.424926758, -620.244384766, -120.753227234, -78.1346359253, 121.883529663, 213.777816772, 64.6175613403, 140.384628296], [3303.40478516, 2598.0546875, -335.312805176, -464.015472412, 137.312484741, -177.463317871, -335.247802734, -216.333435059, -96.2271652222, -0.83186519146, 52.3145675659, 121.444404602, 132.037322998], [-2024.01696777, -335.312805176, 1532.6138916, 172.421173096, -148.259246826, 425.758392334, 271.658416748, -91.0896377563, -60.5961074829, -87.4884414673, -97.7749328613, 10.0280036926, -39.2961120605], [-491.953125, -464.015472412, 172.421173096, 338.728118896, 24.0415039062, 28.4401054382, 106.701515198, 34.6321182251, -29.7791843414, 9.20079803467, 29.0290870667, -2.7051615715, 3.46255159378], [197.850509644, 137.312484741, -148.259246826, 24.0415039062, 208.890518188, -19.9517478943, -84.4073638916, -2.6249859333, 13.7531385422, -12.7849903107, 3.88916730881, 53.5181694031, 60.2765846252], [-629.424926758, -177.463317871, 425.758392334, 28.4401054382, -19.9517478943, 238.788116455, 126.217346191, 13.5269937515, 25.2210388184, -27.0535774231, -52.8677024841, -40.937210083, -34.2186470032], [-620.244384766, -335.247802734, 271.658416748, 106.701515198, -84.4073638916, 126.217346191, 250.853027344, 115.551712036, 31.2511692047, 20.1081218719, -29.6703929901, -69.2285461426, -45.8956985474], [-120.753227234, -216.333435059, -91.0896377563, 34.6321182251, -2.6249859333, 13.5269937515, 115.551712036, 220.403594971, 145.382980347, 34.4254379272, -11.6713485718, -74.5379333496, -62.2256698608], [-78.1346359253, -96.2271652222, -60.5961074829, -29.7791843414, 13.7531385422, 25.2210388184, 31.2511692047, 145.382980347, 187.406234741, 79.1609268188, -9.2088508606, -50.6233406067, -43.6433868408], [121.883529663, -0.83186519146, -87.4884414673, 9.20079803467, -12.7849903107, -27.0535774231, 20.1081218719, 34.4254379272, 79.1609268188, 152.16960144, 89.411605835, -8.303647995, -15.0206756592], [213.777816772, 52.3145675659, -97.7749328613, 29.0290870667, 3.88916730881, -52.8677024841, -29.6703929901, -11.6713485718, -9.2088508606, 89.411605835, 159.045532227, 71.9834060669, -6.11327886581], [64.6175613403, 121.444404602, 10.0280036926, -2.7051615715, 53.5181694031, -40.937210083, -69.2285461426, -74.5379333496, -50.6233406067, -8.303647995, 71.9834060669, 156.843353271, 96.2170791626], [140.384628296, 132.037322998, -39.2961120605, 3.46255159378, 60.2765846252, -34.2186470032, -45.8956985474, -62.2256698608, -43.6433868408, -15.0206756592, -6.11327886581, 96.2170791626, 167.841506958]], "icov": [[0.0195124354213, -0.0276309251785, 0.0285577010363, -0.0288745947182, 0.0303116496652, -0.0312511213124, 0.030565559864, -0.0298613868654, 0.0272123552859, -0.0230613574386, 0.0184927526861, -0.0125242164358, 0.00559349032119], [-0.0276309251785, 0.0397969819605, -0.0407248362899, 0.0420045815408, -0.0436322502792, 0.044843506068, -0.0431337095797, 0.0423589162529, -0.0381637588143, 0.0326603204012, -0.026914421469, 0.0185567736626, -0.00849541183561], [0.0285577010363, -0.0407248362899, 0.0440658032894, -0.0438136868179, 0.0460717752576, -0.0491405166686, 0.0439319685102, -0.0422839000821, 0.0392744764686, -0.0341252610087, 0.0293771363795, -0.021682286635, 0.00980278849602], [-0.0288745947182, 0.0420045815408, -0.0438136868179, 0.0493170432746, -0.0486316233873, 0.0498364716768, -0.0482818000019, 0.0450079552829, -0.0399117432535, 0.0361984744668, -0.032449323684, 0.0231727194041, -0.0106637915596], [0.0303116496652, -0.0436322502792, 0.0460717752576, -0.0486316233873, 0.057202976197, -0.0551551841199, 0.0550966002047, -0.0534672997892, 0.0471504218876, -0.041416503489, 0.0358841083944, -0.0266897119582, 0.00937804486603], [-0.0312511213124, 0.044843506068, -0.0491405166686, 0.0498364716768, -0.0551551841199, 0.068558961153, -0.0631705150008, 0.0642374232411, -0.0614769496024, 0.0536793656647, -0.0439155809581, 0.0324914306402, -0.0127523289993], [0.030565559864, -0.0431337095797, 0.0439319685102, -0.0482818000019, 0.0550966002047, -0.0631705150008, 0.076768271625, -0.0786536559463, 0.073335275054, -0.0634435936809, 0.0498223528266, -0.0316282585263, 0.0121523095295], [-0.0298613868654, 0.0423589162529, -0.0422839000821, 0.0450079552829, -0.0534672997892, 0.0642374232411, -0.0786536559463, 0.0962908118963, -0.0909845754504, 0.0755410417914, -0.0592587813735, 0.0397980995476, -0.0145565485582], [0.0272123552859, -0.0381637588143, 0.0392744764686, -0.0399117432535, 0.0471504218876, -0.0614769496024, 0.073335275054, -0.0909845754504, 0.0972013473511, -0.0813156366348, 0.0633050575852, -0.0407809875906, 0.0178171508014], [-0.0230613574386, 0.0326603204012, -0.0341252610087, 0.0361984744668, -0.041416503489, 0.0536793656647, -0.0634435936809, 0.0755410417914, -0.0813156366348, 0.0827280804515, -0.0667751282454, 0.044224422425, -0.020190378651], [0.0184927526861, -0.026914421469, 0.0293771363795, -0.032449323684, 0.0358841083944, -0.0439155809581, 0.0498223528266, -0.0592587813735, 0.0633050575852, -0.0667751282454, 0.0671666413546, -0.0471497811377, 0.0230273678899], [-0.0125242164358, 0.0185567736626, -0.021682286635, 0.0231727194041, -0.0266897119582, 0.0324914306402, -0.0316282585263, 0.0397980995476, -0.0407809875906, 0.044224422425, -0.0471497811377, 0.0457945615053, -0.0219779014587], [0.00559349032119, -0.00849541183561, 0.00980278849602, -0.0106637915596, 0.00937804486603, -0.0127523289993, 0.0121523095295, -0.0145565485582, 0.0178171508014, -0.020190378651, 0.0230273678899, -0.0219779014587, 0.018700145185]]}, "spectral_contrast_coeffs": {"dmean": [0.0382533296943, 0.0311513058841, 0.0262399557978, 0.0229561068118, 0.0179110579193, 0.0295013841242], "dmean2": [0.0653174966574, 0.0509711951017, 0.0403653904796, 0.0362632386386, 0.0281728990376, 0.0516936145723], "dvar": [0.000974442169536, 0.000925862637814, 0.000743115437217, 0.000567668117583, 0.000372998067178, 0.000898991420399], "dvar2": [0.0027394364588, 0.00234686210752, 0.00160466542002, 0.00133872358128, 0.000826924457215, 0.00242560333572], "max": [-0.265799343586, -0.333505630493, -0.39731669426, -0.511967241764, -0.542067945004, -0.588579654694], "mean": [-0.619016289711, -0.707183361053, -0.743155419827, -0.7266741395, -0.766313672066, -0.887401223183], "median": [-0.619769692421, -0.728281140327, -0.763902366161, -0.732910275459, -0.756145119667, -0.900675237179], "min": [-0.999454140663, -0.999333024025, -0.999611198902, -0.999412059784, -0.998312711716, -0.964602649212], "var": [0.0103172631934, 0.0111015131697, 0.00952107552439, 0.00451711239293, 0.00695787975565, 0.00316909444518]}, "spectral_contrast_valleys": {"dmean": [0.344905883074, 0.297152131796, 0.26483848691, 0.270955830812, 0.268330782652, 0.650763452053], "dmean2": [0.566852867603, 0.473448574543, 0.416670173407, 0.43215456605, 0.425660848618, 1.15410912037], "dvar": [0.152884289622, 0.145514801145, 0.150162294507, 0.187198624015, 0.242960587144, 0.368738383055], "dvar2": [0.319354206324, 0.248641774058, 0.260588139296, 0